data/validation/pwv_sim_epoch_fit_epoch/10038065.ecsv
# %ECSV 0.9
# ---
# datatype:
# - {name: time, datatype: float64}
# - {name: band, datatype: string}
# - {name: flux, datatype: float64}
# - {name: fluxerr, datatype: float64}
# - {name: zp, datatype: float64}
# - {name: zpsys, datatype: string}
# - {name: pwv, datatype: float64}
# - {name: airmass, datatype: float64}
# meta: {SNID: '10038065', alt: 1024.0, c: -0.041482310742139816, dec: -11.415158, lat: -30.244573, lon: -70.7499537, ra: 301.816406,
#   t0: 63132.9453125, x0: 2.2530086485343574e-06, x1: 0.7780270576477051, z: 0.8486901521682739}
# schema: astropy-2.0
time band flux fluxerr zp zpsys pwv airmass
63001.35 lsst_hardware_i -3.084349681536657 34.0 31.260000228881836 AB 8.366510096753984 1.0865597528251927
63001.3747 lsst_hardware_z -94.25311341306816 42.88999938964844 30.950000762939453 AB 8.160096184097714 1.0610618534682463
63003.3603 lsst_hardware_r -7.37518383619175 34.97999954223633 32.2599983215332 AB 7.899368248742145 1.0674821957759655
63003.3838 lsst_hardware_u -7.215404460045308 4.159999847412109 29.270000457763672 AB 7.7065285411136255 1.0571369740896606
63004.3427 lsst_hardware_g -25.89493483496494 22.030000686645508 32.209999084472656 AB 7.605773219338521 1.0852083591793664
63004.3657 lsst_hardware_i 23.901355687991547 45.09000015258789 32.0099983215332 AB 7.445833397552845 1.0615169031344567
63012.3198 lsst_hardware_r 9.87424458498448 24.399999618530273 31.510000228881836 AB 6.149607646440374 1.0868231481190447
63012.3416 lsst_hardware_u 2.29333607753941 2.7899999618530273 28.450000762939453 AB 6.084684846082149 1.0629198787810261
63014.3349 lsst_hardware_g 2.239577070144897 15.430000305175781 31.469999313354492 AB 9.629358007647543 1.0637725762188308
63014.3539 lsst_hardware_r 1.2276635576489552 24.270000457763672 31.520000457763672 AB 9.660504443944628 1.0571407379840623
63016.3416 lsst_hardware_i 21.307949041833623 31.610000610351562 31.260000228881836 AB 12.976160504021601 1.0579541665415668
63016.36 lsst_hardware_z -0.7434998779034957 42.09000015258789 30.950000762939453 AB 12.934840759772628 1.0597695619215066
63018.3352 lsst_hardware_r -17.49984130263004 24.190000534057617 31.510000228881836 AB 7.080530954340099 1.0582039711068443
63018.3555 lsst_hardware_u -8.50398076678481 2.75 28.43000030517578 AB 7.095935721166051 1.0602157586253205
63021.3289 lsst_hardware_z -35.848717463558124 59.83000183105469 30.979999542236328 AB 12.780638147136543 1.0577371635468462
63021.3489 lsst_hardware_i -14.91521471806938 65.18000030517578 31.31999969482422 AB 12.664481235360181 1.0610322750804442
63034.3277 lsst_hardware_g -8.75242139218332 21.530000686645508 32.209999084472656 AB 4.134165620099322 1.0727643516313519
63034.3614 lsst_hardware_r 35.13591716705939 34.5099983215332 32.25 AB 3.806070249667073 1.1345598915939208
63037.3123 lsst_hardware_i 54.628197763459106 31.670000076293945 31.260000228881836 AB 3.859618165888185 1.0658493577267658
63037.3318 lsst_hardware_z -55.84189001882766 42.529998779296875 30.950000762939453 AB 3.9391348468364242 1.0894378335992323
63043.2712 lsst_hardware_z 21.391903343060267 41.88999938964844 30.950000762939453 AB 6.069962661619017 1.0573466292068139
63043.2922 lsst_hardware_r -59.65564798574319 24.049999237060547 31.5 AB 5.854389960186797 1.0630815253653363
63045.2572 lsst_hardware_z -16.138740374424078 42.029998779296875 30.950000762939453 AB 6.140664625529224 1.0597706884075058
63045.2769 lsst_hardware_g -5.101094617460424 15.220000267028809 31.459999084472656 AB 6.12625135530136 1.0583182117876166
63047.2587 lsst_hardware_r 10.712894325895562 37.27000045776367 31.600000381469727 AB 3.680671496343998 1.057588246920192
63047.2784 lsst_hardware_z 36.53744477933897 44.790000915527344 30.959999084472656 AB 3.6906025587670044 1.061305823413087
63062.1583 lsst_hardware_z 42.737485720246106 43.029998779296875 30.950000762939453 AB 7.95577946524119 1.1397420560490699
63062.185 lsst_hardware_r 9.594370648988466 24.690000534057617 31.520000457763672 AB 6.939233169816025 1.0842551827837539
63064.1934 lsst_hardware_u -3.0438392310950046 2.7699999809265137 28.420000076293945 AB 2.302394765677756 1.0678185509829585
63065.2112 lsst_hardware_r -25.05807820227655 24.59000015258789 31.520000457763672 AB 2.0993542124991054 1.0573428418529869
63065.2316 lsst_hardware_z -9.878275977891908 42.08000183105469 30.950000762939453 AB 2.1839142928141393 1.062732015967951
63067.2355 lsst_hardware_r 18.288820470506746 24.600000381469727 31.510000228881836 AB 3.1168802820134536 1.0705410551308445
63069.2151 lsst_hardware_g -10.07442832786812 15.640000343322754 31.469999313354492 AB 5.344030242163316 1.0596926912875901
63069.2366 lsst_hardware_r 12.135404916547806 24.700000762939453 31.510000228881836 AB 5.472940973370125 1.0780933661715997
63072.1753 lsst_hardware_r 18.250614376704025 24.799999237060547 31.520000457763672 AB 6.197895040583637 1.0647017462887363
63072.1952 lsst_hardware_i -30.280561941658533 31.989999771118164 31.260000228881836 AB 6.212083960121502 1.057151067453138
63073.162 lsst_hardware_z 48.911271167867255 42.36000061035156 30.950000762939453 AB 9.942448218914386 1.0749367398278493
63073.1821 lsst_hardware_r 26.045684767643493 24.709999084472656 31.520000457763672 AB 11.452084098546953 1.0592094308175657
63077.1595 lsst_hardware_z 28.031184245542292 74.63999938964844 31.729999542236328 AB 5.897330414897135 1.0664250298186502
63081.1756 lsst_hardware_r -72.73852183832636 163.39999389648438 31.65999984741211 AB 2.353954568491945 1.0576006148453085
63081.197 lsst_hardware_y 20.66054655991549 76.66999816894531 30.059999465942383 AB 2.3866887430369563 1.0702640103304737
63085.1356 lsst_hardware_r -28.830447427513427 42.08000183105469 31.610000610351562 AB 2.878918898211362 1.0682444891322307
63085.1549 lsst_hardware_i -63.293009764282 44.689998626708984 31.299999237060547 AB 2.792423279373508 1.0576025549956476
63094.1262 lsst_hardware_r 15.56036445735283 24.15999984741211 31.510000228881836 AB 5.610583411235974 1.0586838734936974
63094.1476 lsst_hardware_u 1.478239089207023 2.759999990463257 28.440000534057617 AB 5.625274764163154 1.0600392143523532
63099.1313 lsst_hardware_g 18.269678063650733 15.250491240308039 31.440000534057617 AB 1.8870225595124348 1.0589352185816132
63099.153 lsst_hardware_r 45.48213619480409 24.215670292436045 31.510000228881836 AB 1.9236823178052183 1.075985262126532
63100.0524 lsst_hardware_r 0.4762038001643243 34.905935214597626 32.25 AB 3.502502988181816 1.145732086418651
63100.0739 lsst_hardware_i -56.332915289372636 45.408509061296655 32.0099983215332 AB 3.2784780836326046 1.0962365415623956
63102.0865 lsst_hardware_z 61.104093479998085 42.51499883243462 30.940000534057617 AB 3.011373431570451 1.0708692007364664
63102.1055 lsst_hardware_r -17.614289702062027 25.88386636666039 31.530000686645508 AB 3.0316464842528674 1.058320227230092
63108.0811 lsst_hardware_z 284.54619579239056 126.09311447406333 31.75 AB 4.452355381253395 1.061917686781562
63110.0772 lsst_hardware_r 229.2748939109097 124.70956101321082 31.649999618530273 AB 1.3740275741154446 1.0610251537569304
63110.0947 lsst_hardware_z 178.3506382341318 83.83716287615482 30.989999771118164 AB 1.0693254646887147 1.057342252493785
63113.0614 lsst_hardware_i 405.5618851160011 46.78881697122843 31.290000915527344 AB 1.5894422505062022 1.0662626904111374
63113.0795 lsst_hardware_r 234.72077140385989 49.92330961806212 31.6200008392334 AB 1.5946060002041762 1.057431034618154
63115.0614 lsst_hardware_u -1.5165061906618231 2.8799142252621333 28.5 AB 0.5984161151881813 1.0622771275529845
63115.0811 lsst_hardware_g 23.49824155951662 16.23368655598175 31.469999313354492 AB 0.7273677445332056 1.0573486292426975
63118.0488 lsst_hardware_r 391.2558790591855 31.231253001495826 31.510000228881836 AB 2.7501643438801966 1.0654045753668118
63118.0657 lsst_hardware_i 631.3155841437656 39.27974602922253 31.25 AB 2.7190642013480897 1.0574530210065165
63125.0288 lsst_hardware_g 68.21320189390703 18.19356850452325 31.450000762939453 AB 2.6859222342308717 1.0661241998799438
63125.0466 lsst_hardware_r 595.4249277411603 33.68781152164723 31.5 AB 2.76382363011901 1.0574506938345913
63128.0211 lsst_hardware_i 814.2939833848874 42.400480372649184 31.260000228881836 AB 6.287753535986022 1.0657209383027155
63128.0409 lsst_hardware_r 557.0636749651808 34.01391955059712 31.520000457763672 AB 6.237450413551145 1.0571949853476517
63135.0212 lsst_hardware_z 723.5826966955709 72.02678423184462 30.989999771118164 AB 3.448433751860533 1.0572342306613833
63135.0404 lsst_hardware_r 637.7357920298487 88.441728397507 31.649999618530273 AB 3.495367909944483 1.062691029119174
63135.9959 lsst_hardware_y 228.51234204607397 61.823108130819264 30.049999237060547 AB 2.335024591002926 1.068661140047308
63136.015 lsst_hardware_z 614.5435670573661 75.94049158977028 30.989999771118164 AB 3.280021881549431 1.0577303713477335
63141.9883 lsst_hardware_z 460.35088181757544 63.54623211177772 30.979999542236328 AB 2.650930029129819 1.0618940598043136
63142.0087 lsst_hardware_g 8.806010810270216 17.00244063919131 31.479999542236328 AB 2.155533991642115 1.0575415143593183
63145.9905 lsst_hardware_y 257.8920762778724 66.60650081648956 30.059999465942383 AB 6.484470705559771 1.0572937547282049
63146.0097 lsst_hardware_r 260.159033188954 29.917618703339905 31.510000228881836 AB 4.13470236383015 1.0622683130504231
63147.9912 lsst_hardware_y 322.4014142412616 64.8279971115523 30.059999465942383 AB 4.822859698538162 1.057374143721598
63148.0099 lsst_hardware_g 31.558659528137802 16.82487937631305 31.479999542236328 AB 4.199025108855935 1.0664190752649993
