data/validation/pwv_sim_epoch_fit_epoch/10135289.ecsv
# %ECSV 0.9
# ---
# datatype:
# - {name: time, datatype: float64}
# - {name: band, datatype: string}
# - {name: flux, datatype: float64}
# - {name: fluxerr, datatype: float64}
# - {name: zp, datatype: float64}
# - {name: zpsys, datatype: string}
# - {name: pwv, datatype: float64}
# - {name: airmass, datatype: float64}
# meta: {SNID: '10135289', alt: 1024.0, c: 0.03657948970794678, dec: -52.222923, lat: -30.244573, lon: -70.7499537, ra: 326.08374, t0: 62390.7265625,
#   x0: 1.6326453445325253e-05, x1: -0.6558709740638733, z: 0.3743633031845093}
# schema: astropy-2.0
time band flux fluxerr zp zpsys pwv airmass
[from data line 131]
62731.3089 lsst_hardware_i -8.804929377476288 44.290000915527344 31.270000457763672 AB 4.226163874930274 1.2488663933009083
62735.2277 lsst_hardware_z -64.48175723968765 41.970001220703125 30.940000534057617 AB 2.1882883449861144 1.099228102467024
62735.2394 lsst_hardware_i 32.01682863643691 30.959999084472656 31.229999542236328 AB 2.220626793042916 1.113468223153727
62736.0447 lsst_hardware_z 45.60444224527671 45.27000045776367 30.920000076293945 AB 2.963878750976577 1.352442961887555
62736.05 lsst_hardware_r -0.577887429652564 23.610000610351562 31.440000534057617 AB 2.9225451929590083 1.3284296331631855
62738.1548 lsst_hardware_g -12.27612052313639 13.710000038146973 31.40999984741211 AB 3.885678647231501 1.0835690594622145
62738.1658 lsst_hardware_r 23.719869582036573 22.59000015258789 31.479999542236328 AB 3.7960472983155356 1.0789333865416018
62744.2331 lsst_hardware_i 18.909751941803616 31.139999389648438 31.229999542236328 AB 4.85586988447708 1.1434993252035983
62744.2438 lsst_hardware_z 19.806832348320526 42.86000061035156 30.93000030517578 AB 4.842942370520282 1.1658503540010308
62747.1431 lsst_hardware_i 38.26367448395658 30.989999771118164 31.25 AB 1.5098244182845184 1.0784460130603704
62747.1558 lsst_hardware_z 78.9202666284722 41.59000015258789 30.950000762939453 AB 1.508337234178069 1.0773837386986207
62748.1347 lsst_hardware_r 11.385586869394576 27.270000457763672 31.530000686645508 AB 1.5122778887375334 1.080198491955381
62748.1452 lsst_hardware_z -47.11467500373167 42.47999954223633 30.950000762939453 AB 1.5086077102768791 1.0775769359120566
62751.1364 lsst_hardware_y 93.53849722556372 50.47999954223633 30.040000915527344 AB 2.243679837433085 1.0776560218218467
62751.149 lsst_hardware_r 3.536736495422047 57.65999984741211 31.6299991607666 AB 2.21263615665725 1.0778887622247793
62753.1318 lsst_hardware_i 31.456366255890895 68.23999786376953 31.329999923706055 AB 3.5728836130467867 1.0775491557104084
62753.1441 lsst_hardware_z 59.03677308836233 62.56999969482422 30.979999542236328 AB 3.5654530408474483 1.077990337368843
62755.1181 lsst_hardware_z 175.21233815477513 68.91999816894531 30.989999771118164 AB 2.8820728301669485 1.079326965702443
62755.1302 lsst_hardware_r 191.59851921814962 101.0999984741211 31.649999618530273 AB 2.9086831332758125 1.077290049361412
62760.1159 lsst_hardware_r -36.23000054615516 36.209999084472656 31.600000381469727 AB 3.8783177208042416 1.0773104780011782
62760.1275 lsst_hardware_z -30.648681066710882 45.790000915527344 30.959999084472656 AB 3.4502486644505295 1.0785397513131105
62762.1933 lsst_hardware_r -5.415494916971709 31.579999923706055 31.549999237060547 AB 1.3999476071186094 1.1628276656347172
62762.2044 lsst_hardware_i 56.73291960892674 37.15999984741211 31.25 AB 1.4334306086153377 1.1895689698052594
62764.1429 lsst_hardware_r 6.827620816089733 22.350000381469727 31.479999542236328 AB 7.74583284058867 1.0937094825862324
62764.1548 lsst_hardware_i -17.123963270692652 30.639999389648438 31.239999771118164 AB 7.799721400577672 1.1064219307153234
62765.1498 lsst_hardware_z -44.17492407732351 41.939998626708984 30.940000534057617 AB 4.936872816305444 1.1037050785391112
62765.1614 lsst_hardware_r -10.41989816677425 22.469999313354492 31.469999313354492 AB 4.964282805722806 1.119089902101781
62767.1497 lsst_hardware_u -0.29212456868721054 2.6600000858306885 28.399999618530273 AB 1.457521377026641 1.1103514807211587
62767.1614 lsst_hardware_r -28.613614885572485 22.559999465942383 31.469999313354492 AB 1.5892404311793222 1.127654042936747
62771.0724 lsst_hardware_g 5.917167213641114 13.3100004196167 31.3700008392334 AB 3.0240594416487743 1.0800212291602767
62771.0845 lsst_hardware_i 12.798025291749198 30.360000610351562 31.239999771118164 AB 3.5733333372058387 1.0773869358411243
62772.0708 lsst_hardware_z 0.6660168477293064 41.27000045776367 30.940000534057617 AB 4.852995289691708 1.0796229857863313
62772.0834 lsst_hardware_r 1.3288659220072327 22.25 31.479999542236328 AB 4.932718642619426 1.077306828854887
62774.0739 lsst_hardware_u -0.38749883537741314 2.6600000858306885 28.420000076293945 AB 4.016671525573875 1.077626057657064
62774.086 lsst_hardware_g 1.6818427229344868 13.479999542236328 31.389999389648438 AB 4.136307103887165 1.0778650433583061
62780.0534 lsst_hardware_i -12.755633588120038 50.040000915527344 31.309999465942383 AB 4.073428967085414 1.078363687816298
62780.0649 lsst_hardware_z 2.119350401496621 51.61000061035156 30.969999313354492 AB 4.082340027927002 1.07734776748093
62781.0581 lsst_hardware_r 123.57484086671924 66.18000030517578 31.639999389648438 AB 5.0195853633745955 1.0773376323173462
62781.0703 lsst_hardware_z -26.45066682775086 55.13999938964844 30.969999313354492 AB 5.069072299675116 1.078583392664528
62783.058 lsst_hardware_z 15.510362494045108 58.61000061035156 30.979999542236328 AB 3.290492951442087 1.0774371157308733
62783.0699 lsst_hardware_i -64.14338052906785 62.84000015258789 31.31999969482422 AB 3.4198288061286117 1.0801733436910705
62784.9932 lsst_hardware_z 70.16187738184536 68.88999938964844 30.979999542236328 AB 2.512492928381605 1.1164981165973378
62784.9961 lsst_hardware_r -103.3483094014758 82.0199966430664 31.639999389648438 AB 2.3575494510743327 1.112445181585749
62787.1337 lsst_hardware_g 64.28790669841375 82.2300033569336 31.670000076293945 AB 6.98023905701822 1.1833420736628661
62787.1448 lsst_hardware_r 55.382317790264146 73.33000183105469 31.610000610351562 AB 7.164970056758648 1.2135446814552402
62789.1344 lsst_hardware_i -31.455869155064672 46.310001373291016 31.270000457763672 AB 7.349177348113491 1.1995392842405046
62789.1455 lsst_hardware_z -87.48346728034824 51.15999984741211 30.940000534057617 AB 7.556942645942616 1.2323613746186233
62791.1455 lsst_hardware_r -11.549283246434673 23.420000076293945 31.469999313354492 AB 8.00224472630615 1.2503507384853358
62791.1566 lsst_hardware_g -14.13246068363633 25.280000686645508 31.530000686645508 AB 8.262383551733302 1.2909974299583284
62793.0836 lsst_hardware_r -5.919426577301186 22.729999542236328 31.479999542236328 AB 4.693886438949464 1.117126539882092
62793.0953 lsst_hardware_u 7.30406709626255 2.7200000286102295 28.440000534057617 AB 4.801017764813485 1.136089076881975
62796.0863 lsst_hardware_z -50.010596232907545 42.38999938964844 30.950000762939453 AB 4.971279765905657 1.1346499770021503
62796.098 lsst_hardware_r -30.402834590662657 23.030000686645508 31.489999771118164 AB 5.079613746262164 1.157482909026356
62799.0767 lsst_hardware_u 2.5833607569489088 2.75 28.459999084472656 AB 4.330811498638404 1.13218896744501
62799.0873 lsst_hardware_g -24.494300106614265 13.890000343322754 31.399999618530273 AB 5.23378904457438 1.1522247841582047
62801.0811 lsst_hardware_r -22.664644042028318 23.1200008392334 31.479999542236328 AB 3.3398552591916197 1.1507152978925448
62801.0918 lsst_hardware_i 25.14142060247263 31.649999618530273 31.229999542236328 AB 4.966889896798178 1.174344460763253
