data/validation/pwv_sim_epoch_fit_epoch/10163525.ecsv
# %ECSV 0.9
# ---
# datatype:
# - {name: time, datatype: float64}
# - {name: band, datatype: string}
# - {name: flux, datatype: float64}
# - {name: fluxerr, datatype: float64}
# - {name: zp, datatype: float64}
# - {name: zpsys, datatype: string}
# - {name: pwv, datatype: float64}
# - {name: airmass, datatype: float64}
# meta: {SNID: '10163525', alt: 1024.0, c: 0.1252727508544922, dec: -20.423615, lat: -30.244573, lon: -70.7499537, ra: 37.089844, t0: 62840.8046875,
#   x0: 1.0602657808188575e-05, x1: -0.015789637342095375, z: 0.44919562339782715}
# schema: astropy-2.0
time band flux fluxerr zp zpsys pwv airmass
62717.413 lsst_hardware_r -8.199554467935174 22.290000915527344 31.489999771118164 AB 2.1021396698157195 1.0207038940595872
62717.4343 lsst_hardware_z -35.917324812072785 54.88999938964844 30.979999542236328 AB 1.4925921787938843 1.015483963347693
62721.4089 lsst_hardware_z -20.536955290903958 40.75 30.950000762939453 AB 1.4243368025414063 1.0173834303867189
62721.4307 lsst_hardware_y -79.91515946841764 54.650001525878906 30.059999465942383 AB 1.886519242290815 1.017174285922438
62730.3836 lsst_hardware_i -14.9710056951747 58.599998474121094 31.329999923706055 AB 3.8760301871586353 1.017664637258585
62730.4037 lsst_hardware_y 25.048221425975026 51.29999923706055 30.059999465942383 AB 3.9610596487512533 1.0164164607081159
62732.4006 lsst_hardware_r -28.706815227551303 50.150001525878906 31.639999389648438 AB 1.9315695703294924 1.0171509059133714
62732.4201 lsst_hardware_y 16.30465958495193 53.83000183105469 30.059999465942383 AB 2.2937741229090496 1.0304465960957097
62734.3679 lsst_hardware_y -24.07830975274704 47.150001525878906 30.049999237060547 AB 1.8863877989277076 1.01994474124234
62734.3872 lsst_hardware_g -22.125441945726408 28.139999389648438 31.649999618530273 AB 1.1169598268395513 1.015418024399592
62739.3281 lsst_hardware_z 48.967282955028956 41.150001525878906 30.950000762939453 AB 2.8759205768909926 1.0464869586600738
62739.3451 lsst_hardware_r 11.682861130193551 22.229999542236328 31.489999771118164 AB 2.40743507235528 1.026478854045742
62741.3259 lsst_hardware_u 1.0000968602740479 2.630000114440918 28.420000076293945 AB 3.184693438670295 1.0418276338270416
62741.3437 lsst_hardware_r 17.327291645688593 22.06999969482422 31.5 AB 3.1114547971585504 1.0232243783475639
62749.2875 lsst_hardware_r 46.21356301210328 22.489999771118164 31.489999771118164 AB 2.4605436036482713 1.0698015668035963
62749.3047 lsst_hardware_i -68.8347609184427 30.309999465942383 31.260000228881836 AB 1.9523180165263971 1.040958686497277
62750.3645 lsst_hardware_z 76.46678742858592 40.66999816894531 30.950000762939453 AB 0.8978865986080934 1.0245948253420616
62750.3826 lsst_hardware_r -5.786563691495941 22.360000610351562 31.5 AB 0.771743675448351 1.0447793440185258
62752.3586 lsst_hardware_z -28.64947476074182 40.56999969482422 30.950000762939453 AB 3.065578202602089 1.0242493159378847
62752.3675 lsst_hardware_r -14.014877798085443 22.1299991607666 31.5 AB 3.096305504201789 1.0325607506230954
62754.277 lsst_hardware_z -10.628360012884343 57.779998779296875 30.979999542236328 AB 3.622022729165852 1.063632359778539
62754.2961 lsst_hardware_i -106.04297982717122 61.36000061035156 31.329999923706055 AB 2.8134514940335538 1.0346424543655617
62756.2759 lsst_hardware_z 34.79311687275369 69.5199966430664 30.989999771118164 AB 3.8151848410475013 1.0557655680420455
62756.2929 lsst_hardware_r 40.920986703930566 101.75 31.65999984741211 AB 3.269057540913819 1.0321166725680337
62759.2842 lsst_hardware_y 30.609810943299557 75.23999786376953 30.81999969482422 AB 2.4797845014904727 1.0326698368231513
62761.2584 lsst_hardware_r -4.437480480636706 54.869998931884766 31.6299991607666 AB 2.1027584153590446 1.0626700772503068
62761.275 lsst_hardware_i 8.673155775109333 48.22999954223633 31.31999969482422 AB 2.0740355312237537 1.0370177656118769
62763.266 lsst_hardware_i 50.87316583025843 35.779998779296875 31.270000457763672 AB 5.798094435632282 1.0416050364919218
62763.2863 lsst_hardware_z -40.36869093901332 43.29999923706055 30.950000762939453 AB 5.691229801012622 1.0213980260251805
62766.2437 lsst_hardware_r -7.243160286897441 22.56999969482422 31.489999771118164 AB 2.146613475458532 1.0646564044426734
62766.2617 lsst_hardware_u 0.6863908309366245 2.6700000762939453 28.440000534057617 AB 1.7155532923508883 1.0365880920549173
62775.2182 lsst_hardware_i -14.518687801968005 30.56999969482422 31.25 AB 4.4936694078776585 1.0664510895999766
62775.2364 lsst_hardware_z -74.0039173888427 40.86000061035156 30.940000534057617 AB 4.385790680252637 1.037483996274871
62777.2538 lsst_hardware_r 11.40945366619067 22.59000015258789 31.510000228881836 AB 2.6869257544533824 1.018289194461868
62777.2729 lsst_hardware_u 2.9192159687255796 2.75 28.5 AB 2.7109472880400913 1.0158433505021576
62779.1974 lsst_hardware_z -68.38755246131211 44.380001068115234 30.950000762939453 AB 6.749127134214882 1.0878378188123383
62779.216 lsst_hardware_r -13.35735483132531 33.4900016784668 31.579999923706055 AB 7.087859010809293 1.050961425055128
62782.2312 lsst_hardware_y 34.20192398662779 71.12000274658203 30.809999465942383 AB 3.3822777679938767 1.0236401819909011
62784.2068 lsst_hardware_r 60.979040274242394 102.19999694824219 31.65999984741211 AB 3.5889472611990834 1.0442092700609589
62784.2252 lsst_hardware_i -41.95242873013953 79.58000183105469 31.350000381469727 AB 2.6794268664818355 1.0240500158539405
62786.1995 lsst_hardware_z -49.58983135497148 76.30000305175781 30.989999771118164 AB 6.40567527436733 1.0469070507245255
62786.2176 lsst_hardware_r -95.6944164937427 112.83999633789062 31.670000076293945 AB 5.641763266789155 1.02577513941621
62788.1994 lsst_hardware_z 26.86579575935373 61.290000915527344 30.989999771118164 AB 8.568812188840585 1.0393998288258837
62788.2166 lsst_hardware_r 106.1750016398556 79.66999816894531 31.65999984741211 AB 6.4408450012720095 1.0223563494082555
62790.2467 lsst_hardware_i -26.390732562407695 48.38999938964844 31.31999969482422 AB 7.311104331037861 1.0190402580023061
62790.2641 lsst_hardware_z -9.084321402957896 50.189998626708984 30.969999313354492 AB 7.533049907141965 1.0329387170704525
62792.2423 lsst_hardware_r -3.7929838938333034 35.939998626708984 31.600000381469727 AB 5.090299637821823 1.019589311531662
62792.2607 lsst_hardware_z -14.839513602306953 44.20000076293945 30.959999084472656 AB 5.323460435759173 1.035289855262383
62795.1794 lsst_hardware_u 0.24206753936642242 2.8499999046325684 28.56999969482422 AB 2.6846658513094854 1.040568159422281
62795.1965 lsst_hardware_g -11.902409211996197 14.020000457763672 31.450000762939453 AB 2.5852565091504425 1.0230536245155781
62798.2073 lsst_hardware_z -54.23818709942225 57.88999938964844 31.709999084472656 AB 2.2635212883101006 1.0154114190549985
62798.2239 lsst_hardware_r -11.837872411922728 32.349998474121094 32.27000045776367 AB 1.825287880003244 1.0185758258946673
62800.1664 lsst_hardware_u -4.4470084514629775 2.859999895095825 28.56999969482422 AB 2.4731156281402487 1.0397066822342107
62800.1823 lsst_hardware_r 1.2578253990352646 22.809999465942383 31.520000457763672 AB 1.245203343230724 1.0234548026553894
62802.1687 lsst_hardware_i 19.01668577616785 30.549999237060547 31.260000228881836 AB 2.145468301156232 1.03064930399819
62802.1853 lsst_hardware_z -17.59377592740317 40.970001220703125 30.959999084472656 AB 2.1464384430900543 1.0183955921665186
62804.1622 lsst_hardware_r -30.66729037717837 22.899999618530273 31.520000457763672 AB 5.7679188125952585 1.0317357682846362
62804.178 lsst_hardware_u -0.5576288192398997 2.9600000381469727 28.65999984741211 AB 5.22317393656728 1.0192884804332645
62814.1256 lsst_hardware_z 129.2660640345188 75.42413691277612 31.0 AB 6.83451270779569 1.0431981542846203
62814.1427 lsst_hardware_r -25.696593466150734 109.7298181683081 31.670000076293945 AB 6.811427580546812 1.0245059157024061
62818.1279 lsst_hardware_r 226.2528109036279 64.22472895870916 31.649999618530273 AB 5.139150264775086 1.0278300529550173
62818.1473 lsst_hardware_z 215.67402092958076 54.12722576968608 30.979999542236328 AB 5.081749995896466 1.0163499991792933
62821.1773 lsst_hardware_z 268.60188465995236 47.232569572552265 30.950000762939453 AB 5.710740315156534 1.0306335165415148
62821.1961 lsst_hardware_r 534.6527596041091 43.78578420404061 31.59000015258789 AB 5.814128993209376 1.056442081077383
62828.1103 lsst_hardware_g 623.5033216721438 28.486665537859626 31.420000076293945 AB 6.95894612502162 1.0204855555994603
62828.1312 lsst_hardware_r 2125.919666039595 50.88310274099891 31.5 AB 6.702115004799658 1.0154719704241906
62830.0917 lsst_hardware_i 1890.2131930320288 53.03226899108638 31.239999771118164 AB 5.334983669909315 1.03121362132199
62830.1111 lsst_hardware_z 1470.1368663741557 55.81738071229782 30.950000762939453 AB 5.197402818296076 1.0174527124349975
62832.0983 lsst_hardware_r 3053.463429430594 59.86320768285559 31.5 AB 3.8846752243506315 1.0211408883093218
62832.1171 lsst_hardware_u 4.341942209835115 3.573178047369396 28.510000228881836 AB 3.871580408549325 1.01529677009098
62834.0978 lsst_hardware_g 1110.7504208332887 35.97531963505679 31.43000030517578 AB 5.119655518225794 1.0184484561230298
62834.1171 lsst_hardware_i 2509.121415898394 58.71900418000609 31.260000228881836 AB 5.092475974765391 1.0158033161652613
62837.0749 lsst_hardware_r 4009.892965331964 72.37003833193424 31.59000015258789 AB 6.458491578783643 1.0288864262725523
62837.0923 lsst_hardware_z 2271.990954410233 63.48436273997645 30.959999084472656 AB 6.45295340014017 1.0173346050985606
62839.0752 lsst_hardware_r 4547.573546229718 86.69202967048608 31.639999389648438 AB 3.566792478459807 1.0239105722577921
62839.0946 lsst_hardware_y 989.0439018589512 57.24885843289071 30.059999465942383 AB 2.640243613400744 1.01547831284644
62841.0771 lsst_hardware_z 2543.747993049507 76.91301435856602 30.989999771118164 AB 3.321885224472725 1.0192176802861777
62841.0964 lsst_hardware_r 4536.387892081793 100.71021317715874 31.65999984741211 AB 5.337745939103634 1.0155528803470022
62845.0587 lsst_hardware_r 4274.276932352528 106.60959561577667 31.65999984741211 AB 7.71660037816091 1.0239989885759095
62845.0802 lsst_hardware_z 2626.313241054982 79.40283250379701 30.989999771118164 AB 7.458487062085683 1.0153242135087153
62850.0459 lsst_hardware_y 781.702005534451 54.42678695603574 30.059999465942383 AB 7.863369585858387 1.0233564285442136
62850.0643 lsst_hardware_g 577.6081285885839 27.69143002017543 31.420000076293945 AB 7.800190416334227 1.0155069106382555
62852.049 lsst_hardware_y 673.595644616182 53.071186867991734 30.059999465942383 AB 11.11723790992793 1.0182874332623608
62852.0693 lsst_hardware_z 1817.3257461026285 58.91661477751764 30.950000762939453 AB 11.091256982778091 1.0160783256100576
62854.0481 lsst_hardware_y 691.4793619044707 53.919873695046846 30.059999465942383 AB 4.124840075109468 1.0165964448821856
62854.0674 lsst_hardware_u 3.3004169341845464 2.9457359280266213 28.530000686645508 AB 4.210295151489025 1.017102343637885
62856.0328 lsst_hardware_z 1722.397056514901 81.52626977010219 31.0 AB 4.595025539361363 1.0211167865247475
62856.0536 lsst_hardware_r 2097.2712023830145 51.81281413161026 31.520000457763672 AB 4.559078454258786 1.0153661114512615
62859.0338 lsst_hardware_y 466.29281464815637 74.76988909979947 30.079999923706055 AB 6.792178694773065 1.0167932177803989
62859.0563 lsst_hardware_z 1471.1650378415911 55.5264168189986 30.950000762939453 AB 6.534145356244465 1.0180968146220402
62862.0347 lsst_hardware_y 463.9366537903434 78.64827768976834 30.079999923706055 AB 6.404144117218008 1.0152952677511313
62862.0564 lsst_hardware_u 0.4015911792785642 3.087799405907392 28.549999237060547 AB 6.399949603329346 1.0228463486223907
63079.3506 lsst_hardware_z -73.57063388620793 53.02000045776367 30.959999084472656 AB 6.073901046870209 1.1627472690825957
63079.3895 lsst_hardware_y -66.9404653425774 48.959999084472656 30.040000915527344 AB 6.645719550525536 1.0588538239724152
63083.3713 lsst_hardware_r 32.45358954072536 104.2300033569336 32.38999938964844 AB 2.1995498496017225 1.0729511461471817
63083.3945 lsst_hardware_z 144.6366765232176 79.41999816894531 31.729999542236328 AB 1.4836229722085041 1.0353265681845807
63088.3716 lsst_hardware_z -7.1020955744028855 44.310001373291016 30.959999084472656 AB 5.351025712989991 1.0478167905074882
63088.3979 lsst_hardware_y 57.15716537915551 47.560001373291016 30.059999465942383 AB 5.305914611184613 1.0203681944585794
63091.406 lsst_hardware_i 2.8126269411842895 43.15999984741211 32.0099983215332 AB 4.529253501814203 1.0153379791102268
63091.4264 lsst_hardware_y 93.47628284250337 74.19000244140625 30.809999465942383 AB 4.746582532127015 1.0215026970144223
63094.4003 lsst_hardware_g -0.4805550464531938 13.670000076293945 31.43000030517578 AB 4.9536277219877345 1.015347726771762
63094.4202 lsst_hardware_y -34.9991744961049 48.88999938964844 30.059999465942383 AB 4.844922177755693 1.0228547877035243
63108.3376 lsst_hardware_i -51.58779562657719 49.900001525878906 31.309999465942383 AB 2.681464559980571 1.024241619549492
63108.3581 lsst_hardware_z 112.78269344682415 48.61000061035156 30.969999313354492 AB 2.664915365821017 1.0154315050916776
63113.3109 lsst_hardware_y 15.169923372829693 75.30999755859375 30.809999465942383 AB 2.4090612409595753 1.037382383877522
63121.2741 lsst_hardware_r -20.622185705573425 22.389999389648438 31.489999771118164 AB 3.889456224171655 1.0601825070429733
63121.2918 lsst_hardware_u 3.2017607883771584 2.6600000858306885 28.440000534057617 AB 3.2667765456097166 1.0341172983886409
63123.2747 lsst_hardware_g -9.0683365108733 13.619999885559082 31.420000076293945 AB 2.191503488058636 1.0499058550264944
63123.2905 lsst_hardware_i 33.54044613279732 30.100000381469727 31.25 AB 2.1372716100642464 1.0296795937359913
63125.2734 lsst_hardware_z 58.13784952450147 40.880001068115234 30.950000762939453 AB 4.186197574254109 1.043679275555749
63125.2909 lsst_hardware_r -38.293304322720125 22.260000228881836 31.5 AB 4.1077701113788505 1.0244667332392785
63132.2981 lsst_hardware_i 75.38591800787138 30.020000457763672 31.25 AB 2.0118740204249623 1.0154569188264793
63132.3601 lsst_hardware_z 30.088718017788075 41.81999969482422 30.940000534057617 AB 1.9199015310457956 1.0892028353134242
63136.2422 lsst_hardware_z 71.71575855004086 48.560001373291016 30.969999313354492 AB 3.4643236709108396 1.045360190377441
63136.2606 lsst_hardware_i 24.279229236489186 45.75 31.309999465942383 AB 3.9424503335355316 1.0246784492620518
63139.22 lsst_hardware_y 54.592207748225434 81.62000274658203 30.799999237060547 AB 4.158959120676761 1.0696911318610507
63144.2054 lsst_hardware_i -61.47992644525697 51.060001373291016 31.309999465942383 AB 6.717320167117156 1.071627785235034
63144.2211 lsst_hardware_z -31.238765933771536 51.119998931884766 30.969999313354492 AB 7.092005076636145 1.0442856729814989
63146.2251 lsst_hardware_r 7.7863535418742496 46.040000915527344 32.33000183105469 AB 4.222453764689986 1.0323847835429143
63146.2446 lsst_hardware_z -2.6034080661637495 62.130001068115234 31.709999084472656 AB 4.135477474770291 1.0178592902727888
63148.218 lsst_hardware_g 10.287970328553625 13.880000114440918 31.420000076293945 AB 3.1392658422319237 1.0342124943523152
63148.2364 lsst_hardware_i 7.595575119842302 30.239999771118164 31.260000228881836 AB 3.1966201874963254 1.0191137685960654
63150.2026 lsst_hardware_z -37.15122735508818 41.0 30.940000534057617 AB 4.045088052836008 1.0474075745303535
63150.2203 lsst_hardware_r -8.483773262940588 22.579999923706055 31.5 AB 3.6950635483299323 1.026406541202759
63152.2018 lsst_hardware_u 4.041323983931644 2.6700000762939453 28.43000030517578 AB 6.78056742103095 1.0407624590993465
63152.2196 lsst_hardware_g 14.753058948439332 13.930000305175781 31.43000030517578 AB 5.944316028619971 1.022663364588908
63154.199 lsst_hardware_r -34.24132843318766 22.760000228881836 31.5 AB 6.804213554203005 1.0373330959756588
63154.2169 lsst_hardware_i 15.270680937250296 30.229999542236328 31.25 AB 6.451770131056028 1.020849704281084
63156.2463 lsst_hardware_z 33.49135566131955 40.84000015258789 30.950000762939453 AB 5.334160225699685 1.0199159131357556
63156.2635 lsst_hardware_r -2.5870053692774566 22.829999923706055 31.510000228881836 AB 6.328668422545171 1.0345751174363547
63158.1758 lsst_hardware_r 27.95692472892873 22.809999465942383 31.489999771118164 AB 2.7402336110398515 1.0553905489128677
63158.1942 lsst_hardware_u 1.6419938434061367 2.680000066757202 28.440000534057617 AB 2.652824434678729 1.0304231635963625
