data/validation/pwv_sim_epoch_fit_epoch/10195593.ecsv
# %ECSV 0.9
# ---
# datatype:
# - {name: time, datatype: float64}
# - {name: band, datatype: string}
# - {name: flux, datatype: float64}
# - {name: fluxerr, datatype: float64}
# - {name: zp, datatype: float64}
# - {name: zpsys, datatype: string}
# - {name: pwv, datatype: float64}
# - {name: airmass, datatype: float64}
# meta: {SNID: '10195593', alt: 1024.0, c: 0.03876854479312897, dec: -34.590576, lat: -30.244573, lon: -70.7499537, ra: 103.886719, t0: 61391.91015625,
#   x0: 8.277558413726027e-06, x1: -0.3266667425632477, z: 0.49816763401031494}
# schema: astropy-2.0
time band flux fluxerr zp zpsys pwv airmass
[from data line 132]
61742.2318 lsst_hardware_i -1.0198213144155885 29.670000076293945 31.239999771118164 AB 6.595240802392623 1.0462366230708469
61744.1508 lsst_hardware_z -62.113703300801554 44.88999938964844 30.920000076293945 AB 3.3445375673367206 1.295286454995664
61744.1722 lsst_hardware_g 7.06825523765945 15.380000114440918 31.40999984741211 AB 2.7787091107531094 1.1942020388595844
61746.1505 lsst_hardware_r -4.329511217912388 34.95000076293945 31.530000686645508 AB 5.781449630784454 1.268000796311976
61746.172 lsst_hardware_z 13.104750220278463 44.7599983215332 30.940000534057617 AB 4.804647066087678 1.173773713213602
61750.1331 lsst_hardware_r 83.3289012311727 63.45000076293945 31.579999923706055 AB 12.473045717860503 1.3025886030818492
61750.1554 lsst_hardware_i 52.59552099822366 52.119998931884766 31.290000915527344 AB 11.460470688854926 1.1958960005066228
61752.1619 lsst_hardware_r -103.83294167420722 86.91000366210938 31.6299991607666 AB 11.869728385588132 1.1513575128286702
61752.1858 lsst_hardware_z -87.94804080904336 60.650001525878906 30.979999542236328 AB 12.0153469924973 1.0832932418967047
61754.1371 lsst_hardware_z 39.59190094543348 63.63999938964844 30.959999084472656 AB 9.66440180975467 1.2274939781302383
61754.1596 lsst_hardware_r 52.98463487385251 83.36000061035156 31.6299991607666 AB 8.982564864510378 1.1408458683100309
61758.136 lsst_hardware_r -11.4728103043692 22.299999237060547 31.469999313354492 AB 4.018109364394335 1.186157745946667
61758.158 lsst_hardware_u -1.8314146530194624 2.640000104904175 28.420000076293945 AB 3.667516034035314 1.1126328506743464
61760.1433 lsst_hardware_g -6.590484252523102 13.039999961853027 31.350000381469727 AB 4.68978318354597 1.1405808192488174
61760.166 lsst_hardware_r 12.023540500545533 21.899999618530273 31.479999542236328 AB 4.458428297690237 1.078608515226863
61764.1364 lsst_hardware_i 25.99639290626076 30.559999465942383 31.229999542236328 AB 7.12624929315755 1.127928029939522
61764.1588 lsst_hardware_z 8.291041266303468 41.150001525878906 30.950000762939453 AB 6.819011077869565 1.0704883952699473
61766.1406 lsst_hardware_r 33.99409074171665 21.899999618530273 31.469999313354492 AB 5.313258978331719 1.1005663048690837
61766.1626 lsst_hardware_g 6.04290326866071 12.930000305175781 31.3799991607666 AB 5.100509106345337 1.0525194193861611
61768.1635 lsst_hardware_i 20.969119583766034 29.75 31.25 AB 7.440311221811341 1.0419387870431744
61768.1842 lsst_hardware_z -7.283477619843995 40.209999084472656 30.950000762939453 AB 7.192514366835672 1.016681654793322
61770.1383 lsst_hardware_z 61.56565540284989 41.11000061035156 30.940000534057617 AB 7.244297192091164 1.0795063431197949
61770.1608 lsst_hardware_i 7.596967057591471 29.65999984741211 31.25 AB 6.966317282605584 1.0377739797558239
61772.0566 lsst_hardware_y 23.810113992766382 50.869998931884766 29.93000030517578 AB 9.956716079141437 1.4063158303872099
61772.0809 lsst_hardware_z -22.039656880339297 43.68000030517578 30.93000030517578 AB 8.636995448450346 1.2609979728124898
61774.0664 lsst_hardware_y 43.777852446409305 71.05999755859375 30.709999084472656 AB 2.902483927389372 1.309194374104363
61776.0548 lsst_hardware_z 56.836704303859534 48.86000061035156 30.93000030517578 AB 13.090899533658732 1.3456927974566988
61776.0774 lsst_hardware_r -28.130931012135367 35.90999984741211 31.549999237060547 AB 12.030385168468593 1.225839124563745
61782.1273 lsst_hardware_i -11.879535569394086 73.62000274658203 31.34000015258789 AB 7.224229712349246 1.0388596077580163
61782.1452 lsst_hardware_z 40.00942592215622 64.63999938964844 30.989999771118164 AB 7.228537191291739 1.0173873597877183
61783.0517 lsst_hardware_y -47.60451579856388 55.7599983215332 29.989999771118164 AB 2.7983858466904437 1.256854186701316
61783.0711 lsst_hardware_r -71.30824353249625 80.0 31.6299991607666 AB 2.365112951093054 1.1733166072643204
61786.0483 lsst_hardware_y 76.3520465630974 50.779998779296875 29.979999542236328 AB 4.179883657151927 1.234005065215714
61786.0662 lsst_hardware_g 2.4101393775907303 13.050000190734863 31.34000015258789 AB 3.8808872791872515 1.1613338158710942
61790.0461 lsst_hardware_y 37.60660373359409 52.02000045776367 30.010000228881836 AB 9.918337287185865 1.1962414940070392
61790.0636 lsst_hardware_r 46.40234768669178 22.110000610351562 31.479999542236328 AB 9.396462757700021 1.1335265452867624
61792.0455 lsst_hardware_y -57.554729978908235 51.810001373291016 30.010000228881836 AB 12.713451146389602 1.1771714024434816
61792.0632 lsst_hardware_r -40.32906868666237 22.049999237060547 31.479999542236328 AB 12.077137841512771 1.118253503843775
61794.0441 lsst_hardware_y 121.59708399201233 51.16999816894531 30.010000228881836 AB 15.083045584185786 1.1622458550711434
61794.0618 lsst_hardware_z 45.247582982782355 41.529998779296875 30.93000030517578 AB 14.335505774540442 1.1068392900218458
61796.0441 lsst_hardware_y 56.14585770280695 51.31999969482422 30.010000228881836 AB 13.62525001291282 1.1435375587841226
61796.0622 lsst_hardware_u -1.244047832570513 2.549999952316284 28.329999923706055 AB 12.99720018924392 1.0916207219611902
61798.0408 lsst_hardware_y 42.63382551180434 53.47999954223633 30.020000457763672 AB 12.522851706994361 1.1365468195729265
61798.0579 lsst_hardware_r -15.8893172951777 21.829999923706055 31.459999084472656 AB 12.700206720157945 1.0887757947211998
61800.0491 lsst_hardware_z -12.901762440465365 61.13999938964844 31.690000534057617 AB 12.162714978114069 1.0971073540400862
61802.0401 lsst_hardware_y 71.48469775121154 51.470001220703125 30.030000686645508 AB 9.389316322532807 1.1064478343781297
61802.058 lsst_hardware_g 0.2979407811358027 14.119999885559082 31.420000076293945 AB 8.628578670538829 1.064413417832231
61804.0385 lsst_hardware_y -109.45267018741158 52.40999984741211 30.030000686645508 AB 7.661013824120035 1.0962837879443872
61804.0571 lsst_hardware_i 2.774465966790365 32.130001068115234 31.260000228881836 AB 8.248196096681625 1.0556677562706618
61806.0362 lsst_hardware_y -60.769619984763416 53.40999984741211 30.040000915527344 AB 6.053647793800456 1.0884266807348517
61806.0533 lsst_hardware_i 47.38854874559047 37.5 31.280000686645508 AB 6.2348661567949994 1.0526682220406611
61809.0323 lsst_hardware_y -35.05095644513552 59.02000045776367 30.049999237060547 AB 7.346634946539423 1.0784051297672548
61809.0489 lsst_hardware_z 39.42206224169654 53.56999969482422 30.969999313354492 AB 10.299323900137995 1.0461831008469378
61811.0326 lsst_hardware_y -0.9372526133700595 57.2599983215332 30.059999465942383 AB 2.665192187298354 1.0660768749193417
61811.0507 lsst_hardware_i 33.43818240620716 68.81999969482422 31.34000015258789 AB 2.6913347407805523 1.0351287464540586
61813.0402 lsst_hardware_z -68.42207730775954 76.06999969482422 31.729999542236328 AB 2.7764760436599336 1.0426121080210242
61815.0287 lsst_hardware_y -103.42752318400275 51.33000183105469 30.049999237060547 AB 2.693102402571237 1.0527127538634757
61815.0467 lsst_hardware_r -5.319897997550212 21.389999389648438 31.479999542236328 AB 2.616464075887282 1.0261984870782908
61819.0254 lsst_hardware_y 9.555070064566872 52.04999923706055 30.059999465942383 AB 3.7264083064318894 1.0401697994227186
61819.0448 lsst_hardware_u -0.4574556448629395 2.640000104904175 28.459999084472656 AB 4.685832700189971 1.01681722246437
61821.0238 lsst_hardware_y -36.335835585313276 53.02000045776367 30.059999465942383 AB 3.8278835073663733 1.0345631100990198
61821.0422 lsst_hardware_r 41.01998078666797 21.510000228881836 31.489999771118164 AB 3.3544900874509502 1.014360473979725
