data/validation/pwv_sim_epoch_fit_epoch/1020112.ecsv
# %ECSV 0.9
# ---
# datatype:
# - {name: time, datatype: float64}
# - {name: band, datatype: string}
# - {name: flux, datatype: float64}
# - {name: fluxerr, datatype: float64}
# - {name: zp, datatype: float64}
# - {name: zpsys, datatype: string}
# - {name: pwv, datatype: float64}
# - {name: airmass, datatype: float64}
# meta: {SNID: '1020112', alt: 1024.0, c: -0.14301061630249023, dec: -7.632146, lat: -30.244573, lon: -70.7499537, ra: 350.507812, t0: 60165.765625,
#   x0: 6.849872558593092e-05, x1: 1.06978178024292, z: 0.19979624450206757}
# schema: astropy-2.0
time band flux fluxerr zp zpsys pwv airmass
60111.4119 lsst_hardware_r 53.58117353586772 79.72000122070312 31.639999389648438 AB 7.675123991896591 1.0964462845566558
60111.4322 lsst_hardware_y 161.17708991671773 113.05000305175781 30.059999465942383 AB 7.685634477097295 1.0846479327903584
60118.4118 lsst_hardware_r 112.41932890500937 79.80000305175781 31.639999389648438 AB 3.5627343104877682 1.0849039948702826
60118.4321 lsst_hardware_y -221.58344671045626 113.05000305175781 30.059999465942383 AB 3.116730989165604 1.088655854169426
60121.3865 lsst_hardware_r -74.75156566986992 79.7699966430664 31.639999389648438 AB 5.91098432076613 1.0946267260678018
60121.405 lsst_hardware_i 56.81250745046954 85.58000183105469 31.329999923706055 AB 5.857031183996358 1.0846354044437698
60123.3854 lsst_hardware_z -62.38017631474762 104.97000122070312 31.0 AB 5.6545393445666905 1.0910131545615378
60123.4045 lsst_hardware_r -73.76867050466502 79.83999633789062 31.639999389648438 AB 5.6134433804047195 1.0843043037289504
60125.3787 lsst_hardware_z -50.000101555474814 104.88999938964844 31.0 AB 4.434637659399362 1.0919615035251027
60125.3984 lsst_hardware_g 21.19598091740433 87.62000274658203 31.719999313354492 AB 4.397349100598853 1.0842927137465086
60132.3828 lsst_hardware_z 41.136657433634255 105.04000091552734 31.0 AB 1.7151506149137168 1.084565915527708
60132.3976 lsst_hardware_r 15.113850430846972 79.87000274658203 31.639999389648438 AB 1.6701942268296501 1.091154764914583
60139.3282 lsst_hardware_u -38.84251091064736 28.0 29.450000762939453 AB 6.69199720566995 1.104836916901098
60139.3497 lsst_hardware_g -154.69537282757048 87.08999633789062 31.709999084472656 AB 6.19263006891341 1.0864263278795456
60141.3705 lsst_hardware_r -42.019991637452264 112.69000244140625 32.38999938964844 AB 1.412137896565799 1.0894024274374534
60141.3821 lsst_hardware_z 94.92650685289331 148.27000427246094 31.75 AB 3.738054249386878 1.0996433367484442
60143.3517 lsst_hardware_r 85.46158459662477 80.54762615626959 31.649999618530273 AB 1.68051405475847 1.0844358279792234
60143.3711 lsst_hardware_u 29.57400347672178 28.321754834054047 29.459999084472656 AB 1.74665496041105 1.0940525902981835
60145.3299 lsst_hardware_g 443.5213594499098 89.63846279292926 31.709999084472656 AB 3.6007254425589923 1.0880790035681738
60145.3512 lsst_hardware_r 786.5231958642244 83.65971381973748 31.639999389648438 AB 3.1491518667277627 1.0854465719009954
60148.3372 lsst_hardware_i 1854.9619227590874 95.37569132635579 31.329999923706055 AB 4.788366603699774 1.0843630731156308
60148.3547 lsst_hardware_z 989.2128085719363 109.16451478737977 31.0 AB 4.822835522896693 1.091756768058108
60151.3014 lsst_hardware_r 6758.622673305758 113.45071208786827 31.639999389648438 AB 9.082405908627024 1.0977928173199465
60151.3204 lsst_hardware_u 479.84828009579815 35.9401918033749 29.459999084472656 AB 9.160874649119128 1.085240244327807
60159.2536 lsst_hardware_r 32714.96002065119 212.241854902639 32.380001068115234 AB 2.624113104439006 1.1402164338366974
60159.2745 lsst_hardware_z 10280.231029590967 179.74384677903092 31.739999771118164 AB 2.563475344936613 1.1036776743412513
60163.2701 lsst_hardware_z 5240.665638502583 125.87128297464358 31.0 AB 4.643196394398094 1.096300108861505
60163.289 lsst_hardware_r 18327.16484710507 158.15710959878325 31.639999389648438 AB 4.576592430854741 1.0849076306326801
60175.1908 lsst_hardware_u 954.4042340126692 49.27437003215877 30.1200008392334 AB 2.8689210918782893 1.1931052885995312
60175.217 lsst_hardware_g 31578.095725626958 215.00224918502738 32.45000076293945 AB 2.6753926624181497 1.125533303499481
60177.2641 lsst_hardware_r 14905.390548815001 145.92842145807805 31.639999389648438 AB 1.1088757256203106 1.0855366868529717
60177.2825 lsst_hardware_z 3755.1919000730445 120.35224716249209 31.0 AB 1.1026026868073866 1.0982098474177158
60180.2437 lsst_hardware_r 12924.486908029794 139.12325576101722 31.639999389648438 AB 2.775905907680001 1.0846913348147187
60180.2615 lsst_hardware_u 312.5776313098876 33.42866942084668 29.479999542236328 AB 3.1035684664585372 1.0879216427861536
60184.1875 lsst_hardware_r 10366.43673711387 129.53392197380893 31.6299991607666 AB 4.882608032884605 1.135490240205722
60184.2069 lsst_hardware_i 6997.287568463267 118.61239074967597 31.329999923706055 AB 4.742291444969254 1.1028584755742452
60196.1683 lsst_hardware_u 34.6978884912408 29.189846937137837 29.450000762939453 AB 3.6528005817712277 1.110864618496534
60196.186 lsst_hardware_g 2836.4651499100028 102.38962959484113 31.709999084472656 AB 3.559728165578007 1.0911044185678678
60201.1626 lsst_hardware_z 2773.9319680513167 117.62496380553209 30.989999771118164 AB 1.8507493157008166 1.1003265848399624
60201.1796 lsst_hardware_r 5256.065890502038 108.30287501758633 31.639999389648438 AB 0.9637155803016445 1.086795128617586
60206.123 lsst_hardware_i 4295.608231397019 106.91947892606069 31.31999969482422 AB 6.326482450539255 1.1454793500885851
60206.1427 lsst_hardware_u 64.23693877478368 29.291321756855986 29.440000534057617 AB 8.230497429132253 1.1083725454172182
60207.2832 lsst_hardware_g 2884.583537217084 128.29228592475044 32.34000015258789 AB 9.469927875676436 1.3724533153154255
60207.2935 lsst_hardware_r 7445.224800235849 137.91396091858695 32.29999923706055 AB 9.5055192650314 1.4449737925054067
60209.1582 lsst_hardware_i 3686.091659976101 104.8714387397408 31.329999923706055 AB 3.6785069113623585 1.0866010963062958
60209.1789 lsst_hardware_r 3802.286733750204 100.16752414434116 31.639999389648438 AB 2.4800572985095664 1.0863150672401352
60215.1424 lsst_hardware_r 2875.419696179907 96.15857293680271 31.639999389648438 AB 4.682294575837447 1.086358247327959
60215.1607 lsst_hardware_i 3054.30389496479 100.907980800852 31.329999923706055 AB 4.683505067320455 1.085652542262507
60221.0537 lsst_hardware_i 2084.645999985093 96.9325477124895 31.299999237060547 AB 2.869508585032661 1.2356144330557655
60221.0727 lsst_hardware_u 30.830790950225243 27.726257979523446 29.3799991607666 AB 2.766088992309526 1.1699234423981435
60223.1149 lsst_hardware_g 1060.5881787221656 93.3014580321083 31.719999313354492 AB 3.727038437888274 1.0892995580559035
60223.135 lsst_hardware_r 2356.994938117462 94.11174477547607 31.649999618530273 AB 4.666319248708993 1.0846860178310072
60227.103 lsst_hardware_u -24.713512872129403 28.239999771118164 29.459999084472656 AB 3.4745477314709374 1.0899402095899502
60227.126 lsst_hardware_g -167.28683946449704 87.26000213623047 31.709999084472656 AB 3.4023080799910606 1.0850926742118951
60229.1048 lsst_hardware_r -47.30988461224128 79.7699966430664 31.639999389648438 AB 6.276095147390797 1.0861114731142678
60236.0793 lsst_hardware_i 85.53868020563506 85.5199966430664 31.329999923706055 AB 4.123516757772569 1.089364442975383
60236.0983 lsst_hardware_u 6.287835604526032 28.399999618530273 29.479999542236328 AB 4.5595304489170925 1.0845050719907723
60238.0747 lsst_hardware_g 102.98787777021712 87.29000091552734 31.709999084472656 AB 3.3443386588356123 1.088829125455519
60238.0922 lsst_hardware_r 245.4925453659296 79.86000061035156 31.639999389648438 AB 2.8385042696364686 1.084433340835327
60242.0792 lsst_hardware_z -28.18068468554568 148.4600067138672 31.75 AB 4.14695329985299 1.0843125375481444
60244.0691 lsst_hardware_r 19.824014660833946 79.8499984741211 31.639999389648438 AB 3.153667161753401 1.0846662637156625
60244.0869 lsst_hardware_i -3.5203698567758037 85.63999938964844 31.329999923706055 AB 4.579754408316486 1.0879999386244958
60246.0424 lsst_hardware_i -113.07736251911548 85.54000091552734 31.329999923706055 AB 2.579347752547597 1.0974002138121315
60246.0598 lsst_hardware_z 16.167765438076206 105.05999755859375 31.0 AB 2.6063700974555326 1.0856105924840818
60248.0445 lsst_hardware_i 61.901093611042775 85.41000366210938 31.329999923706055 AB 4.533513024912408 1.0907481814690212
60248.062 lsst_hardware_u 43.16689549174531 28.239999771118164 29.459999084472656 AB 4.509290147458133 1.0843115134960528
60250.0428 lsst_hardware_g 12.97823017907098 87.48999786376953 31.709999084472656 AB 7.211840746497232 1.0883196337726257
60250.0607 lsst_hardware_r 77.20838785007793 79.5999984741211 31.639999389648438 AB 7.173477467487999 1.084589880176595
60260.02 lsst_hardware_y -196.66592193593573 113.19999694824219 30.059999465942383 AB 5.843575480684172 1.0861664462238236
60260.0381 lsst_hardware_i 30.70994080179164 85.4800033569336 31.329999923706055 AB 5.459906064217055 1.0857382180893969
60262.0146 lsst_hardware_z 240.20301678304114 105.05000305175781 31.0 AB 6.667558030906509 1.0861426236458476
60262.032 lsst_hardware_u 24.942443734038417 28.3799991607666 29.479999542236328 AB 6.609066363732858 1.0855296518586681
60264.0159 lsst_hardware_y -38.10890054639779 113.19000244140625 30.059999465942383 AB 7.035013049588518 1.0844647259946751
60264.0344 lsst_hardware_r 4.63787952179684 79.62999725341797 31.639999389648438 AB 7.159933357983809 1.0892393546628514
60485.399 lsst_hardware_i 88.87759993189404 97.8499984741211 32.06999969482422 AB 4.800499932393447 1.0880347377226318
60485.419 lsst_hardware_y -58.62333361742654 54.36000061035156 30.040000915527344 AB 4.471682840641299 1.0851623710832492
60487.4116 lsst_hardware_z -175.63965758912235 67.33999633789062 30.979999542236328 AB 7.801632510630603 1.0847402281135405
60487.4315 lsst_hardware_y 15.779462780212215 58.599998474121094 30.040000915527344 AB 7.8217436920943 1.09632681927175
60490.3796 lsst_hardware_r 3.5180908478310786 39.349998474121094 31.59000015258789 AB 4.44765406186495 1.0918507577918406
60490.4016 lsst_hardware_i -49.815813503135985 40.119998931884766 31.280000686645508 AB 4.430834023765599 1.0844825056128578
60493.3791 lsst_hardware_z -10.723938532850196 42.599998474121094 30.940000534057617 AB 7.04810061939071 1.0870547456774526
60493.4009 lsst_hardware_u -4.232551027895237 2.869999885559082 28.450000762939453 AB 7.014754533711489 1.0864078676923572
60495.3402 lsst_hardware_g -7.00644413762346 15.8100004196167 31.459999084472656 AB 5.139066311812048 1.1262472741205964
60495.3608 lsst_hardware_r -23.58039442785053 24.899999618530273 31.520000457763672 AB 5.024935307454311 1.0964292619364038
60499.3773 lsst_hardware_i -3.0226409709532684 32.119998931884766 31.260000228881836 AB 2.346894873417148 1.08451703947188
60499.3986 lsst_hardware_u 1.571447947349533 2.869999885559082 28.489999771118164 AB 2.216505986808804 1.0961948500538103
60501.3747 lsst_hardware_g 6.298085372323688 15.649999618530273 31.450000762939453 AB 10.195731645861501 1.0850178229397967
60501.3938 lsst_hardware_r 1.5778049401882908 24.770000457763672 31.5 AB 10.001133444996368 1.0968560479267786
60503.3748 lsst_hardware_i -3.796644385702333 32.20000076293945 31.25 AB 6.538249437346811 1.0869305282079371
60503.3963 lsst_hardware_r 1.429444446184158 24.829999923706055 31.510000228881836 AB 6.77048322781571 1.1062881091202141
60506.3392 lsst_hardware_z 67.97273298216138 42.2400016784668 30.940000534057617 AB 1.7187085313210986 1.0895141244507756
60506.3597 lsst_hardware_u 3.9207166314302695 2.690000057220459 28.3700008392334 AB 1.364063765685884 1.0847425572054743
60508.3394 lsst_hardware_g 13.70017957730133 15.170000076293945 31.420000076293945 AB 1.7260981289595974 1.0865074248591675
60508.359 lsst_hardware_r 35.06123808623315 24.209999084472656 31.489999771118164 AB 1.6980321696423901 1.0860455194388325
60514.3277 lsst_hardware_i -14.456210481005284 97.13999938964844 31.329999923706055 AB 5.690287055216449 1.0850008685702068
60514.3494 lsst_hardware_z -68.69807500420954 84.52999877929688 30.989999771118164 AB 5.467746488414132 1.0894818985947394
60516.3209 lsst_hardware_z -50.15744433303337 73.87999725341797 30.979999542236328 AB 9.073469889134559 1.0853432881739904
60516.342 lsst_hardware_r 14.395463956798784 97.48999786376953 31.639999389648438 AB 7.827121396772583 1.0883094266924545
60520.291 lsst_hardware_r 54.118412438709086 26.18000030517578 31.520000457763672 AB 4.843594314743788 1.098030222105366
60520.3121 lsst_hardware_i 30.82842960723572 32.939998626708984 31.25 AB 4.815317147389623 1.0848363046780336
60527.251 lsst_hardware_g 12.817074865340409 15.050000190734863 31.40999984741211 AB 1.395943349556037 1.1298610680340242
60527.2708 lsst_hardware_r -9.311675261422216 24.09000015258789 31.489999771118164 AB 1.3352705524440516 1.0992142847862125
60529.307 lsst_hardware_i -29.124591986204916 31.790000915527344 31.25 AB 2.8187390537075236 1.0885964419570766
60529.3281 lsst_hardware_z 50.642722154596264 42.599998474121094 30.950000762939453 AB 2.8825751824996924 1.110248497560544
60531.2927 lsst_hardware_i 23.61154261844538 31.75 31.260000228881836 AB 5.245277086287753 1.085005258144057
60531.3143 lsst_hardware_u 1.7634779438322032 2.859999895095825 28.5 AB 5.345050970189962 1.099427693559814
60535.2752 lsst_hardware_i 43.842977048649026 32.119998931884766 31.260000228881836 AB 3.967439426396503 1.084370188287394
60535.2944 lsst_hardware_r 49.32152334317208 24.600000381469727 31.510000228881836 AB 3.6966561685091572 1.0911027652034113
60539.2631 lsst_hardware_z -37.66249303586511 56.470001220703125 30.979999542236328 AB 3.2264811024998643 1.0844403335853674
60539.2797 lsst_hardware_r 24.961529670513443 70.72000122070312 31.639999389648438 AB 3.26198990205401 1.0886000006854697
60543.243 lsst_hardware_i -26.683985782573757 121.3499984741211 31.34000015258789 AB 2.1660672553858373 1.0868830050023017
60543.2613 lsst_hardware_z -35.10213467701718 102.4000015258789 31.0 AB 1.9333813462314307 1.085356294665848
60546.2427 lsst_hardware_g -52.100911561151676 54.119998931884766 31.700000762939453 AB 3.6782631770146264 1.0845801440935576
60546.2614 lsst_hardware_r 44.200195500521055 56.0 31.6299991607666 AB 3.4749213708176265 1.0890894392449728
60553.1845 lsst_hardware_z 64.81039637911319 42.720001220703125 30.940000534057617 AB 1.839010573180224 1.1213479104757462
60553.2027 lsst_hardware_u -0.4931969156349723 2.799999952316284 28.43000030517578 AB 1.7051349839102679 1.0961973538478096
60555.2042 lsst_hardware_g -5.875973083437719 15.850000381469727 31.459999084472656 AB 1.3929169144546363 1.0903459212952145
60555.2235 lsst_hardware_r -24.658367282781168 24.969999313354492 31.520000457763672 AB 0.8133308534794206 1.0844411379725607
60559.1571 lsst_hardware_z 47.25000032597589 43.439998626708984 30.940000534057617 AB 2.331251508536944 1.1440321474846984
60559.1768 lsst_hardware_i -39.323143651812636 32.5099983215332 31.25 AB 2.5556054239251127 1.1075213104767552
60566.1472 lsst_hardware_r 78.65932939549582 47.369998931884766 31.610000610351562 AB 1.9076150796116758 1.1246625211427097
60566.1615 lsst_hardware_i -28.820041085746023 44.11000061035156 31.290000915527344 AB 1.8548922035886704 1.102516540842243
60568.1709 lsst_hardware_z -30.00598228146873 89.66999816894531 31.729999542236328 AB 3.2436113295811704 1.088916938172445
60571.1527 lsst_hardware_r -61.4159425733129 166.0800018310547 31.649999618530273 AB 8.148656637528433 1.0970558564206432
60571.1722 lsst_hardware_z -52.756001495574935 112.47000122070312 31.0 AB 6.622552915420327 1.0849825927019077
60578.1178 lsst_hardware_r -44.46033893064164 42.939998626708984 32.689998626708984 AB 4.072309090111677 1.1186125779732667
60578.1509 lsst_hardware_i 108.03690003629097 55.54999923706055 32.439998626708984 AB 3.1333094400798434 1.0855674235176729
60582.1084 lsst_hardware_r -6.883780138124637 24.639999389648438 31.5 AB 4.312136812083694 1.116049644020457
60582.1291 lsst_hardware_g 23.211635313910673 15.5600004196167 31.459999084472656 AB 4.548009478778744 1.0913476592815219
60584.1079 lsst_hardware_r -2.10121759159914 24.639999389648438 31.5 AB 5.023757515920081 1.1084263107862204
60584.1275 lsst_hardware_i 51.824335927657536 32.0099983215332 31.25 AB 4.789388329448937 1.088744789599693
60586.1086 lsst_hardware_z 47.98103158647707 42.91999816894531 30.940000534057617 AB 2.3110063082845995 1.1004791944212378
60586.126 lsst_hardware_i 11.267121469771459 32.13999938964844 31.25 AB 1.9689304901354086 1.0867061853383428
60588.1093 lsst_hardware_u 0.8170202175123411 2.799999952316284 28.450000762939453 AB 3.7531632820066974 1.0941635339410225
60588.1299 lsst_hardware_g 4.310800303776392 15.3100004196167 31.450000762939453 AB 4.695730160559661 1.0844016305200996
60590.0999 lsst_hardware_r -27.120810518282504 24.719999313354492 31.510000228881836 AB 10.29673547581791 1.098015886376331
60590.1182 lsst_hardware_i -22.05308450078118 32.04999923706055 31.260000228881836 AB 10.089429766706749 1.085546365172606
60592.1101 lsst_hardware_z 56.14631310580189 61.09000015258789 31.700000762939453 AB 3.4362402531862903 1.0865009232250074
60594.1034 lsst_hardware_g 21.660560075037555 33.439998626708984 31.649999618530273 AB 6.280317827293397 1.0870460258696852
60594.1207 lsst_hardware_r -20.0401692799273 37.38999938964844 31.59000015258789 AB 6.2771567445049286 1.0850121130165042
60599.0737 lsst_hardware_z -93.05241263403687 97.26000213623047 30.989999771118164 AB 7.190655712531603 1.099796942955167
60599.0919 lsst_hardware_i 256.2604560681064 116.13999938964844 31.329999923706055 AB 7.488923103472856 1.0861382311055465
60601.0842 lsst_hardware_z 19.934364309595647 100.1500015258789 31.739999771118164 AB 4.592755108524127 1.0870855122941374
60603.0673 lsst_hardware_r 2.724548594057509 24.520000457763672 31.520000457763672 AB 3.182963180564216 1.0951189336195548
60603.0858 lsst_hardware_i 4.836697867889413 42.02000045776367 31.290000915527344 AB 2.8434855988677654 1.0847822980899673
60605.0682 lsst_hardware_z 6.103392750280486 42.66999816894531 30.950000762939453 AB 4.731638900081061 1.0899882285374476
60605.0848 lsst_hardware_u 0.7034496334017256 2.7799999713897705 28.43000030517578 AB 5.7908330621131485 1.0843579792984281
60607.0689 lsst_hardware_g -20.638138714289653 15.369999885559082 31.459999084472656 AB 4.158424953338118 1.0866017646558677
60607.0861 lsst_hardware_r 35.4645252341829 24.399999618530273 31.510000228881836 AB 4.8895133356487905 1.0852321242145802
60613.0423 lsst_hardware_u 0.44285580122294443 2.930000066757202 28.540000915527344 AB 4.536764479213698 1.093064565525336
60613.0588 lsst_hardware_g -25.932684132178405 15.529999732971191 31.469999313354492 AB 4.414837870982211 1.084726749627079
60615.0439 lsst_hardware_r 41.202809329805625 24.3799991607666 31.510000228881836 AB 7.211117113549284 1.0881420120037983
60615.0618 lsst_hardware_i 21.702520175245088 31.799999237060547 31.25 AB 7.176475083166836 1.084701434610113
60617.044 lsst_hardware_z 23.86375094263799 42.56999969482422 30.940000534057617 AB 4.398965386015608 1.085695165302797
60617.062 lsst_hardware_u 0.6796651065729468 2.740000009536743 28.399999618530273 AB 4.419008328025726 1.086285233044755
60622.0191 lsst_hardware_y 5.111521049788833 50.36000061035156 30.040000915527344 AB 9.800199322762321 1.0919442142353561
60622.0375 lsst_hardware_i 15.940215299573886 34.83000183105469 31.280000686645508 AB 9.976264052931697 1.0843765274925758
60629.0146 lsst_hardware_y -10.875361930317238 72.05999755859375 30.049999237060547 AB 7.093351075161252 1.084817598954034
60629.0325 lsst_hardware_i -68.30576464101182 72.69999694824219 31.31999969482422 AB 7.172128889762532 1.0877849681136298
