data/validation/pwv_sim_epoch_fit_epoch/10254934.ecsv
# %ECSV 0.9
# ---
# datatype:
# - {name: time, datatype: float64}
# - {name: band, datatype: string}
# - {name: flux, datatype: float64}
# - {name: fluxerr, datatype: float64}
# - {name: zp, datatype: float64}
# - {name: zpsys, datatype: string}
# - {name: pwv, datatype: float64}
# - {name: airmass, datatype: float64}
# meta: {SNID: '10254934', alt: 1024.0, c: -0.04547383263707161, dec: -43.605747, lat: -30.244573, lon: -70.7499537, ra: 77.793526, t0: 61691.98828125,
#   x0: 7.055242731392873e-05, x1: 0.2529495358467102, z: 0.19748248159885406}
# schema: astropy-2.0
time band flux fluxerr zp zpsys pwv airmass
61678.3261 lsst_hardware_z 3141.6379386433227 67.4967619421885 30.940000534057617 AB 4.0997911630958415 1.080669828822627
61689.385 lsst_hardware_r 19737.279152236446 144.2308825887877 31.600000381469727 AB 4.671843108181308 1.03695836967623
61692.3773 lsst_hardware_g 22017.117792590867 155.35426496306795 31.700000762939453 AB 6.035058425063892 1.0373080826853665
61707.3587 lsst_hardware_i 8123.214368185303 95.16904399836416 31.25 AB 3.7951962830169883 1.0604068966240368
61707.3699 lsst_hardware_z 3444.162558342893 87.88667351181026 30.979999542236328 AB 3.819155280001813 1.0775384030852477
61711.3464 lsst_hardware_u 58.01202220419211 7.58443686297755 28.43000030517578 AB 2.7226269453687078 1.0585641311697505
61711.3592 lsst_hardware_r 9382.758345229357 99.68461010065947 31.5 AB 2.775815015966721 1.0779166459000062
61722.2172 lsst_hardware_r 6540.774909243807 113.47996548783358 31.639999389648438 AB 7.117584432518198 1.0628812711891582
61722.2303 lsst_hardware_z 3546.5134556632624 81.90487699401683 30.979999542236328 AB 6.986656795173408 1.0469384940507849
61724.3296 lsst_hardware_y 2713.314500514704 88.85601794084776 30.790000915527344 AB 5.718304744652025 1.0885788586811393
61726.3259 lsst_hardware_z 3405.7577418638957 76.45787863650705 30.969999313354492 AB 4.078847904251939 1.0919879269799717
61726.3384 lsst_hardware_r 5429.111703871884 94.42701925666645 31.6299991607666 AB 3.5576133712379874 1.1193036484322503
61731.3129 lsst_hardware_g 1318.54955446733 39.86084386188866 31.5 AB 4.919745100295921 1.093276688954649
61731.3254 lsst_hardware_i 4227.734338429064 71.41464955928699 31.239999771118164 AB 5.043976598615078 1.1208836885811284
61736.2709 lsst_hardware_i 3386.892248256779 64.51336665483352 31.239999771118164 AB 4.596859634244679 1.0498109355968437
61736.2844 lsst_hardware_r 2996.98157903464 58.93844227996533 31.469999313354492 AB 4.690850122368658 1.0673961140098585
61738.2988 lsst_hardware_g 896.9866884033593 32.35352130608137 31.360000610351562 AB 4.956247997970657 1.103677552992278
61738.3105 lsst_hardware_r 2744.4103739788525 56.93528176990032 31.459999084472656 AB 5.085191106611924 1.1314882586887782
61742.3017 lsst_hardware_r 2405.905620935567 54.163726958556886 31.469999313354492 AB 6.977947709673133 1.13709088153283
61742.3137 lsst_hardware_u 11.05982988708866 4.611403584742625 28.329999923706055 AB 7.196288446572739 1.1722742276344535
61746.2893 lsst_hardware_r 2208.858943378889 51.77543992134411 31.459999084472656 AB 5.160166839386468 1.133168671838917
61746.3012 lsst_hardware_z 1333.9077596720167 56.0368285659899 30.93000030517578 AB 4.855744513252381 1.167293043772358
61748.2101 lsst_hardware_i 2438.8710464569795 62.69690854743177 31.290000915527344 AB 5.669393448446498 1.0298002146609042
61748.2226 lsst_hardware_r 2460.4825798344223 62.53010873564568 31.600000381469727 AB 5.703910667971861 1.0360699929713963
61754.1999 lsst_hardware_i -22.057158333434742 59.58000183105469 31.329999923706055 AB 8.227305559629364 1.0323805805822477
61754.2128 lsst_hardware_z 52.04992823645415 55.84000015258789 30.979999542236328 AB 8.404734075284757 1.0410747913658966
61756.1997 lsst_hardware_i -24.39788257923149 63.43000030517578 32.060001373291016 AB 8.887878824931501 1.035380505768221
61756.2138 lsst_hardware_z 9.956276197933411 67.80999755859375 31.719999313354492 AB 8.857544777471801 1.0471561448776563
61758.1925 lsst_hardware_g -5.372403815452513 26.229999542236328 31.6299991607666 AB 5.479069422151148 1.0343070895076776
61758.2048 lsst_hardware_r 44.91431729011887 33.369998931884766 31.579999923706055 AB 5.351993801930417 1.0436805385981438
61760.1998 lsst_hardware_i -16.539933772397276 29.75 31.25 AB 5.084138724107456 1.0441139219826374
61760.212 lsst_hardware_r 2.3641427893399096 23.270000457763672 31.5 AB 6.240880758718422 1.0577763997827834
61766.1843 lsst_hardware_g 9.43486115051386 12.609999656677246 31.3700008392334 AB 5.778813409267927 1.0449618895032176
61766.1973 lsst_hardware_r -24.24317511481242 21.459999084472656 31.469999313354492 AB 5.8727815184534435 1.060005087260714
61768.1368 lsst_hardware_r 19.423391710022234 30.110000610351562 32.22999954223633 AB 7.319992380108156 1.028148985325736
61768.15 lsst_hardware_i 36.86557910670391 41.689998626708984 32.0 AB 7.404247137799105 1.0283676580276535
61770.1806 lsst_hardware_i -22.80385051987708 29.670000076293945 31.25 AB 6.873954407601664 1.052713259711576
61770.1917 lsst_hardware_u -0.38145555467493075 2.609999895095825 28.420000076293945 AB 6.967758447994465 1.0676102731931045
61772.1297 lsst_hardware_u -2.0335359757912603 2.509999990463257 28.350000381469727 AB 4.731215426195582 1.027743114194761
61772.1429 lsst_hardware_g 6.4171079967077596 12.569999694824219 31.3700008392334 AB 4.752047577163363 1.0292872265615023
61778.1139 lsst_hardware_r -87.52025813299028 49.33000183105469 31.6299991607666 AB 6.077232908261816 1.027716951791739
61778.1289 lsst_hardware_z -1.4324474331493373 47.2400016784668 30.969999313354492 AB 7.251947003156219 1.0300573367486698
61780.1048 lsst_hardware_r -107.09964370114126 67.23999786376953 31.649999618530273 AB 8.716243632230357 1.0280407657286497
61780.1192 lsst_hardware_i 17.08426885293074 55.380001068115234 31.31999969482422 AB 8.718533685244378 1.0287962340249426
61783.1062 lsst_hardware_z -105.41815356829768 55.86000061035156 30.979999542236328 AB 3.31681701891391 1.027939158754311
61783.1196 lsst_hardware_g -90.10982261378216 84.87999725341797 31.739999771118164 AB 3.2001123461266268 1.0318504985360835
61788.0967 lsst_hardware_z 11.531513871094328 40.29999923706055 30.940000534057617 AB 4.08835246588088 1.028645733018211
61788.1103 lsst_hardware_u 0.3395949978967804 2.5 28.34000015258789 AB 4.116691670424175 1.0341497633421277
61790.096 lsst_hardware_g 9.84953301571283 12.640000343322754 31.3799991607666 AB 7.895573929213056 1.0300142103206622
61790.1096 lsst_hardware_r -15.078343209548676 21.350000381469727 31.479999542236328 AB 7.9445530948187075 1.0372494819752205
61792.0951 lsst_hardware_i -13.01286805095174 29.459999084472656 31.239999771118164 AB 11.553714311982443 1.031888744743895
61792.1077 lsst_hardware_z 37.01329901702574 40.619998931884766 30.950000762939453 AB 11.584863325514048 1.0399727690755114
61794.0751 lsst_hardware_z -88.9535687187552 40.189998626708984 30.940000534057617 AB 13.306349010556827 1.0278347760355977
61794.0871 lsst_hardware_i -25.259172321369697 29.309999465942383 31.229999542236328 AB 13.386800159551022 1.0307780289044388
61796.0779 lsst_hardware_u -2.2281281819710856 2.509999990463257 28.350000381469727 AB 12.283099362307155 1.0294537808889919
61796.0919 lsst_hardware_g 23.503580815152596 12.609999656677246 31.3700008392334 AB 14.187396989809487 1.03633286996417
61798.0736 lsst_hardware_r 3.9219428134849585 21.209999084472656 31.469999313354492 AB 11.957309552498817 1.0298259885021805
61798.0859 lsst_hardware_i -4.0864049977163095 29.469999313354492 31.229999542236328 AB 12.742184661012228 1.0359710287617414
61800.0646 lsst_hardware_z -77.51419717163326 40.47999954223633 30.950000762939453 AB 11.45548189402651 1.0288045886999269
61800.0764 lsst_hardware_u -0.25281845898519684 2.5799999237060547 28.40999984741211 AB 11.67173004864044 1.033506202654099
61804.0655 lsst_hardware_i 9.374240864036818 31.850000381469727 31.260000228881836 AB 8.014687567996816 1.0335197869688661
61806.0614 lsst_hardware_i 42.45374863059239 37.59000015258789 31.290000915527344 AB 6.2437417055073885 1.034302877775945
61806.0734 lsst_hardware_z 20.341263404844184 44.369998931884766 30.959999084472656 AB 6.272060708548924 1.043387100611186
61809.0583 lsst_hardware_z 53.01674881629054 50.880001068115234 30.969999313354492 AB 10.517966732460247 1.0376756372820122
61809.0712 lsst_hardware_r 57.807274137444026 60.56999969482422 31.639999389648438 AB 10.434702269258093 1.0494257178747308
62044.392 lsst_hardware_r 5.989270068011838 30.09000015258789 31.56999969482422 AB 4.356904020555637 1.0280566353365446
62046.3349 lsst_hardware_g 50.04847190263373 111.36000061035156 32.47999954223633 AB 3.0626363868602398 1.0560815127104275
62046.3513 lsst_hardware_y -30.887605512226695 71.27999877929688 30.799999237060547 AB 3.0139893090655576 1.0393066582984682
62055.3807 lsst_hardware_z 29.011119068834883 56.060001373291016 30.979999542236328 AB 6.137379275301517 1.035436836458472
62057.3754 lsst_hardware_r -17.44371351312288 25.799999237060547 31.530000686645508 AB 6.041344105289726 1.035540641976372
62064.3686 lsst_hardware_r -6.057713357154663 24.190000534057617 31.520000457763672 AB 2.6165598053819754 1.0456131627621634
62065.3639 lsst_hardware_r -7.068796905698537 22.65999984741211 31.489999771118164 AB 3.374690315704867 1.0437186543417114
62065.3758 lsst_hardware_i 39.233640477392264 45.95000076293945 31.299999237060547 AB 4.114170124044249 1.0568575049991649
62070.3553 lsst_hardware_u 5.174038407210737 3.1500000953674316 28.579999923706055 AB 3.1955138632367635 1.0487983797068312
62070.3666 lsst_hardware_g -11.0348619216989 21.420000076293945 31.579999923706055 AB 3.277439947423383 1.0628385949919088
62075.346 lsst_hardware_g -7.893742220877433 37.529998779296875 31.690000534057617 AB 5.362060573957412 1.0537605530033236
62075.3588 lsst_hardware_r -11.303870381250075 23.579999923706055 31.520000457763672 AB 5.454538968088343 1.071618657777649
62077.3392 lsst_hardware_i 20.461447987022556 62.619998931884766 31.329999923706055 AB 5.129177855312064 1.0521750190390007
62077.3516 lsst_hardware_z -41.2146368500094 57.880001068115234 30.979999542236328 AB 5.229940173932986 1.068898083714205
62079.3493 lsst_hardware_r -147.02902411569937 72.66000366210938 31.649999618530273 AB 4.656126601755108 1.07391249367766
62079.3592 lsst_hardware_z 13.648374070028394 62.11000061035156 30.979999542236328 AB 4.695040519218517 1.0917006322784766
62083.3324 lsst_hardware_i 18.291647258338323 39.380001068115234 31.290000915527344 AB 8.517520995655298 1.0646901244569122
62083.3436 lsst_hardware_z -16.00477350406086 46.0099983215332 30.959999084472656 AB 8.758351504555515 1.0828933909088605
62086.3359 lsst_hardware_r 8.526132580401258 24.3799991607666 31.510000228881836 AB 3.8653134198797816 1.0837833786288467
62086.3471 lsst_hardware_z -69.18210061058782 43.459999084472656 30.950000762939453 AB 4.003149904953768 1.1063009271668043
62088.3313 lsst_hardware_g 19.85347511034525 13.079999923706055 31.3799991607666 AB 6.413408774564213 1.0853627982000509
62088.3423 lsst_hardware_r -4.902587824920455 22.299999237060547 31.469999313354492 AB 6.369099080653567 1.10776573278608
62090.2438 lsst_hardware_r 23.706245316096368 21.25 31.469999313354492 AB 7.831073268203142 1.0314901565072632
62090.2586 lsst_hardware_i -83.94072132282844 29.459999084472656 31.25 AB 6.131242128211369 1.0277296056841898
62091.3231 lsst_hardware_z 15.381144486823 41.41999816894531 30.940000534057617 AB 4.046986194103761 1.0853466159178708
62091.3353 lsst_hardware_r 25.363190358667037 21.799999237060547 31.459999084472656 AB 3.523539696866747 1.1104466308375387
62095.1602 lsst_hardware_u -3.9326180637318346 2.549999952316284 28.329999923706055 AB 3.237568687140746 1.1345956499527043
62098.3147 lsst_hardware_g 12.39867091803613 12.779999732971191 31.360000610351562 AB 10.384666360111481 1.1071072878583668
62098.3268 lsst_hardware_r 4.7640704353067695 21.950000762939453 31.459999084472656 AB 10.54454590062098 1.1366740101281265
62100.3239 lsst_hardware_i -26.16924490119321 30.479999542236328 31.219999313354492 AB 5.936356807830862 1.1436598011491141
62100.3359 lsst_hardware_z 34.05289804727844 43.150001525878906 30.93000030517578 AB 6.018418663579991 1.1800820908980374
62103.3015 lsst_hardware_z -23.416126974844662 41.65999984741211 30.940000534057617 AB 4.967766700654354 1.1081138429253234
62103.3139 lsst_hardware_r 7.029207881855993 21.860000610351562 31.459999084472656 AB 5.0937745751637795 1.138697744075387
62105.2677 lsst_hardware_r 47.628516885079314 71.30000305175781 31.649999618530273 AB 8.209344942955742 1.0583030489925924
62105.2808 lsst_hardware_z 6.242195436497671 55.54999923706055 30.969999313354492 AB 8.387969088266026 1.078087388841489
62110.283 lsst_hardware_z 54.1659256311798 51.689998626708984 30.959999084472656 AB 5.823351588237366 1.1094916019758732
62110.2946 lsst_hardware_r 125.9895146026299 60.38999938964844 31.6200008392334 AB 4.965082085834429 1.1381929247141793
62114.214 lsst_hardware_g 28.98328829821473 18.56999969482422 31.549999237060547 AB 9.66987284195348 1.0322605602910877
62114.226 lsst_hardware_r -15.49145429266946 26.75 31.549999237060547 AB 9.722388771362912 1.0401243247304053
62116.2019 lsst_hardware_r -5.1625066727833895 21.350000381469727 31.489999771118164 AB 13.075596480630768 1.0295745260339189
62116.2152 lsst_hardware_i 41.88161733463342 29.510000228881836 31.25 AB 12.980538769906824 1.036142864433529
62118.1964 lsst_hardware_z 87.27852709085009 40.290000915527344 30.950000762939453 AB 7.824679131436164 1.0295630436100216
62118.2081 lsst_hardware_r 3.811856276646036 21.270000457763672 31.469999313354492 AB 7.866588041355458 1.0350773738625603
62120.1998 lsst_hardware_u -2.501506415606458 2.569999933242798 28.399999618530273 AB 10.638731280750843 1.0334032521133225
62120.213 lsst_hardware_g 6.818397545526984 12.640000343322754 31.3799991607666 AB 10.83171060883671 1.0430569254761026
62122.2036 lsst_hardware_r 5.830602119214776 21.489999771118164 31.489999771118164 AB 3.43387600672008 1.0396758359146432
62122.2154 lsst_hardware_z -18.539158890264233 40.77000045776367 30.950000762939453 AB 5.0068002809273295 1.051112725177186
62126.1897 lsst_hardware_g 12.316551083037117 12.8100004196167 31.40999984741211 AB 3.7579999415479355 1.0374050908344887
62126.2046 lsst_hardware_r -8.137951179220114 21.59000015258789 31.489999771118164 AB 3.9098717459978856 1.051252738051458
62128.1276 lsst_hardware_g -41.171172770752584 18.280000686645508 31.530000686645508 AB 6.502222024910258 1.039191629360757
62128.1406 lsst_hardware_r -1.0390044887910355 24.18000030517578 31.520000457763672 AB 6.468318262359996 1.031259637667503
62128.1877 lsst_hardware_i 10.117426081407723 29.479999542236328 31.239999771118164 AB 6.716506320715887 1.0400691139661853
62128.2008 lsst_hardware_z 82.20519953900548 40.689998626708984 30.950000762939453 AB 6.766821453397844 1.0531881226024842
62129.193 lsst_hardware_r -4.307475974574595 21.40999984741211 31.479999542236328 AB 6.9656574565576435 1.0475329215951203
62129.2059 lsst_hardware_z -75.84455530145486 40.97999954223633 30.950000762939453 AB 7.181627214048584 1.0634065049613624
62131.13 lsst_hardware_i -16.712088838819707 39.540000915527344 31.290000915527344 AB 5.057662074978599 1.0323866248170237
62131.1444 lsst_hardware_z -5.426110234450586 44.90999984741211 30.959999084472656 AB 5.018430578256389 1.0279456325801697
62133.1324 lsst_hardware_z 37.00834667603476 49.63999938964844 30.969999313354492 AB 7.35380037178998 1.029283308584356
62133.1464 lsst_hardware_r -65.86726879318961 55.880001068115234 31.639999389648438 AB 7.256222114209309 1.0277935005962193
62137.1292 lsst_hardware_z -13.091341831605813 82.97000122070312 31.739999771118164 AB 7.160258301416307 1.0278261402094202
62139.1768 lsst_hardware_i 8.02772622381411 51.15999984741211 31.309999465942383 AB 4.015086988403582 1.060905953117758
62139.1899 lsst_hardware_z -69.2803433100877 51.54999923706055 30.969999313354492 AB 4.097995361807524 1.0814792800178203
62141.1776 lsst_hardware_r -53.92441543127444 43.27000045776367 31.610000610351562 AB 12.249083508838051 1.0700693202444354
62141.1899 lsst_hardware_z -30.711090729294803 46.40999984741211 30.959999084472656 AB 12.379438817182015 1.0916853384935308
62143.1114 lsst_hardware_i 18.003164127449477 29.34000015258789 31.25 AB 9.018109559711156 1.0279781396433416
62143.1251 lsst_hardware_u -0.456804229743869 2.609999895095825 28.440000534057617 AB 8.192849453016313 1.0287354913380604
62145.1021 lsst_hardware_g 7.957219854012559 12.640000343322754 31.3799991607666 AB 6.75129257912233 1.0286508329139283
62145.1146 lsst_hardware_r -0.6421452889280094 21.239999771118164 31.479999542236328 AB 6.74626396853152 1.0278846560060229
62147.1042 lsst_hardware_i -43.02491564249192 41.61000061035156 32.0 AB 5.809576297167197 1.0276979121116572
62147.1177 lsst_hardware_r -1.5020249647485993 30.1200008392334 32.22999954223633 AB 5.919400636287525 1.0297296053383571
62149.1035 lsst_hardware_u 1.8840141996156374 2.630000114440918 28.459999084472656 AB 3.164463527234976 1.0278681877116467
62149.1182 lsst_hardware_g -12.969416450766092 12.670000076293945 31.389999389648438 AB 3.2189612139449695 1.032159431577036
62151.0943 lsst_hardware_r 12.34549715083951 21.290000915527344 31.479999542236328 AB 5.565686850484572 1.0276853345306878
62151.1069 lsst_hardware_i -53.33489472447141 29.520000457763672 31.25 AB 5.566942958731486 1.0297711725363459
62153.0953 lsst_hardware_z 11.953589768483841 40.459999084472656 30.950000762939453 AB 1.999400397131357 1.0282336832766041
62153.1093 lsst_hardware_r 12.390278289036278 21.399999618530273 31.479999542236328 AB 2.0762154184307877 1.0332000091718276
62155.0975 lsst_hardware_u -2.1907771717390423 2.640000104904175 28.459999084472656 AB 4.017513244926536 1.0303077222413752
62155.1104 lsst_hardware_g 19.146084779897578 12.699999809265137 31.389999389648438 AB 4.027789349915717 1.037332536356368
62157.0795 lsst_hardware_g -15.73236659405314 15.989999771118164 31.479999542236328 AB 12.348053908046396 1.0277198425340293
62157.0924 lsst_hardware_r 14.872827821651478 22.93000030517578 31.5 AB 13.045082563761019 1.0304443953575129
62161.0816 lsst_hardware_z -81.16548973812469 64.68000030517578 31.709999084472656 AB 7.035688141417479 1.0304925875382778
62164.0743 lsst_hardware_r -87.7280137156785 68.33999633789062 31.65999984741211 AB 12.024144657853423 1.0308471401011707
62164.0866 lsst_hardware_i -57.17963891738939 56.150001525878906 31.329999923706055 AB 12.900591236320984 1.0379010608890933
62166.0731 lsst_hardware_z 23.630019326719054 58.060001373291016 30.989999771118164 AB 11.630961111143302 1.0328303794998916
62166.0853 lsst_hardware_r -24.48301076458273 81.44999694824219 31.65999984741211 AB 13.019325684656733 1.0412198059000233
62168.0733 lsst_hardware_z 38.3287999314076 51.150001525878906 30.979999542236328 AB 8.397781498478343 1.0362194525685078
62168.0858 lsst_hardware_g 31.732749542374098 69.4000015258789 31.729999542236328 AB 7.964688253442665 1.046814517111476
62170.0677 lsst_hardware_r -21.51595351617555 21.489999771118164 31.5 AB 8.05821478815885 1.0361264956326426
62170.0808 lsst_hardware_z -27.40932717223458 44.0099983215332 30.959999084472656 AB 8.101047510264962 1.0472896816864306
62172.0637 lsst_hardware_r -37.70687650354104 21.610000610351562 31.5 AB 6.223256035589108 1.03713731584014
62172.0764 lsst_hardware_u -4.156840844202371 2.740000009536743 28.530000686645508 AB 6.3253798809375 1.0484055051277623
62174.0645 lsst_hardware_g -17.859569398312875 12.819999694824219 31.399999618530273 AB 6.392776279587762 1.042130567774998
62174.0781 lsst_hardware_r -35.69866732569015 21.6200008392334 31.489999771118164 AB 6.479574392456503 1.0567825911559052
62176.061 lsst_hardware_i 60.76818138707168 29.649999618530273 31.25 AB 6.276562108660471 1.0439188538312478
62176.0749 lsst_hardware_z -68.80440990734482 40.869998931884766 30.950000762939453 AB 6.379731250909752 1.0597413520150196
62178.0605 lsst_hardware_r 19.862122255567918 21.469999313354492 31.479999542236328 AB 1.0549576162916015 1.048926290123392
62178.0722 lsst_hardware_u 0.4649997677116257 2.6500000953674316 28.450000762939453 AB 1.0676392354429396 1.063562246830091
