data/validation/pwv_sim_epoch_fit_epoch/10452097.ecsv
# %ECSV 0.9
# ---
# datatype:
# - {name: time, datatype: float64}
# - {name: band, datatype: string}
# - {name: flux, datatype: float64}
# - {name: fluxerr, datatype: float64}
# - {name: zp, datatype: float64}
# - {name: zpsys, datatype: string}
# - {name: pwv, datatype: float64}
# - {name: airmass, datatype: float64}
# meta: {SNID: '10452097', alt: 1024.0, c: 0.15665584802627563, dec: -10.04835, lat: -30.244573, lon: -70.7499537, ra: 21.09375, t0: 63127.80078125,
#   x0: 3.9117204359688175e-06, x1: 0.4563000202178955, z: 0.6783884167671204}
# schema: astropy-2.0
time band flux fluxerr zp zpsys pwv airmass
63065.4317 lsst_hardware_r 31.06148019331185 25.200000762939453 31.520000457763672 AB 2.2652396711937253 1.0667481380709796
63067.382 lsst_hardware_r 42.77331367105256 24.420000076293945 31.5 AB 5.276828380762864 1.1094319953948135
63079.2569 lsst_hardware_r 83.98156871524455 128.47999572753906 32.70000076293945 AB 6.966546865665933 1.581149992207429
63079.2983 lsst_hardware_z 293.71576117292415 97.56999969482422 32.13999938964844 AB 6.162610320298575 1.2782183708164014
63083.3174 lsst_hardware_z -171.1827021605395 94.5199966430664 31.719999313354492 AB 1.7985386960690475 1.1600357082953923
63083.3447 lsst_hardware_r -162.26865717089734 125.37000274658203 32.38999938964844 AB 2.2907068047080266 1.0982214005791577
63085.3955 lsst_hardware_i 44.63581193521043 63.810001373291016 31.31999969482422 AB 3.3814172725916247 1.0717362793137923
63085.4176 lsst_hardware_z -69.54591287038899 60.709999084472656 30.979999542236328 AB 3.6151556688978723 1.0955017178478401
63088.3115 lsst_hardware_r -21.08364305794678 35.06999969482422 31.579999923706055 AB 5.545694316468583 1.1386683286158203
63088.3312 lsst_hardware_z -27.128468922603513 44.869998931884766 30.959999084472656 AB 5.3599715117284505 1.0979798248675556
63091.3726 lsst_hardware_g 8.304177875716338 15.569999694824219 31.469999313354492 AB 4.98193547394973 1.0684734359343144
63091.3917 lsst_hardware_i 29.327711142592285 31.899999618530273 31.25 AB 4.896957191199952 1.0827987155776566
63094.3681 lsst_hardware_u -3.156327510982451 2.800232080380731 28.489999771118164 AB 5.785415337936902 1.0701181339053398
63094.3863 lsst_hardware_g 5.179163834173106 14.66042428165574 31.440000534057617 AB 5.243819095375805 1.0861265731930003
63100.2541 lsst_hardware_i 13.616132886300566 32.967650396622474 31.229999542236328 AB 2.174023453862197 1.2188507496891405
63100.2709 lsst_hardware_z -22.150863963515135 43.66188713666851 30.940000534057617 AB 2.0392292734493687 1.1603011513225425
63102.2897 lsst_hardware_r 48.059444786014375 24.904586466776475 31.5 AB 3.0980534063543814 1.1034918633497353
63110.2741 lsst_hardware_z 402.7232527987712 75.94749395046775 30.979999542236328 AB 1.8245414236216484 1.0934127588623541
63110.2897 lsst_hardware_r 555.5280512292956 109.96650139515947 31.649999618530273 AB 1.817541984897881 1.0754686301170895
63113.2705 lsst_hardware_r 872.4725089018253 104.52491198287353 31.649999618530273 AB 2.405525306104687 1.0870792977802304
63113.2894 lsst_hardware_y 246.94857397596675 60.30587359484829 30.049999237060547 AB 2.3664506686212414 1.0701465188217854
63118.2327 lsst_hardware_r 926.5546970991028 38.56311333555501 31.479999542236328 AB 3.4467451257084583 1.1310074243506016
63118.2516 lsst_hardware_i 1098.1126658601672 46.410078546908245 31.25 AB 4.705902373077534 1.0943959007157056
63121.2358 lsst_hardware_z 853.6010387579204 51.50937665968016 30.940000534057617 AB 3.3308374892037222 1.107142259997837
63121.2543 lsst_hardware_r 1045.2084262288456 39.75172433967294 31.5 AB 3.9341372269792823 1.0805100870583033
63123.2365 lsst_hardware_u -6.612720466893112 2.813945898429659 28.450000762939453 AB 1.3352326471523346 1.09662526629453
63123.256 lsst_hardware_g 155.33633771378214 19.03917948276585 31.450000762939453 AB 2.2032220974766195 1.0740439214215998
63132.2222 lsst_hardware_r 2713.1451895107016 66.45739120128871 32.689998626708984 AB 2.157227367708559 1.0827642802618378
63132.2712 lsst_hardware_i 2460.8227511799873 66.39833947483906 32.0 AB 1.8692374180971503 1.0745831664831116
63136.2188 lsst_hardware_z 1791.220081402394 84.50239010704554 31.719999313354492 AB 3.587527268118161 1.0753978621457319
63138.2397 lsst_hardware_r 850.0613315221601 107.33149804077314 31.649999618530273 AB 4.911647116437419 1.0671693897745855
63138.2584 lsst_hardware_z 1080.8707685527986 78.37581839003239 30.989999771118164 AB 4.941067335894983 1.077659179039255
63139.1219 lsst_hardware_i 1178.4640429708008 116.3015668826447 31.290000915527344 AB 5.147548287610335 1.3489382305059627
63139.1369 lsst_hardware_r 675.7375460774783 141.13705988377623 31.610000610351562 AB 5.294887223689478 1.266315503114386
63148.1709 lsst_hardware_u -3.250430845878596 2.73219567068464 28.420000076293945 AB 3.5127306998491883 1.0926067495642888
63148.189 lsst_hardware_g 41.62942400521378 15.713024501693015 31.440000534057617 AB 3.4686790552287836 1.073119229213951
63150.1718 lsst_hardware_r 313.01853892313824 30.357185531994343 31.489999771118164 AB 4.195740271361534 1.0842173060067424
63150.1896 lsst_hardware_z 607.7890752415323 48.91111520777581 30.940000534057617 AB 4.145005936229484 1.0695409460016734
63152.1718 lsst_hardware_r 276.13159208316307 29.55755907022799 31.5 AB 7.0298299909799855 1.0783601765579574
63152.1893 lsst_hardware_u 0.05498751292187055 2.7415399543941024 28.40999984741211 AB 6.955562743193557 1.0676228308817932
63154.1669 lsst_hardware_g 23.71780588693618 15.644237105420112 31.450000762939453 AB 7.178329914852196 1.0778273145423718
63154.1848 lsst_hardware_r 248.8436388784936 28.76004513738816 31.510000228881836 AB 6.979236416279878 1.0673791419677627
63158.1383 lsst_hardware_z 518.6567192213274 47.61629284414506 30.940000534057617 AB 4.262030871949974 1.1009206660797246
63158.1556 lsst_hardware_r 177.35633406633585 27.588847062985 31.5 AB 4.002940077100782 1.0781846140509668
63160.1427 lsst_hardware_u -1.9513980428752933 2.8355313342190898 28.469999313354492 AB 2.861970984805434 1.0864118631424715
63160.1595 lsst_hardware_g 21.817583220309736 15.424594226067448 31.440000534057617 AB 2.8845898698707617 1.0710110902987147
63162.1369 lsst_hardware_r 114.70884953726814 33.03758911521457 31.549999237060547 AB 5.290020365698922 1.0868416036908919
63162.1531 lsst_hardware_z 412.5276057608152 47.713845531324154 30.950000762939453 AB 5.0700628576818865 1.0715739523430725
63164.1284 lsst_hardware_r 150.93427922578678 52.580781778596986 31.6299991607666 AB 4.775367954251357 1.090910077309961
63164.1471 lsst_hardware_y 215.47077541083178 51.62496131622488 30.040000915527344 AB 4.701855161164474 1.0719125697508156
63167.1351 lsst_hardware_z 394.5560328331867 82.95769704198378 30.989999771118164 AB 3.08347990558396 1.0746328667230343
63167.152 lsst_hardware_r -23.26521345106643 116.46119715087471 31.649999618530273 AB 3.0239057872631614 1.0668843186862853
63169.1113 lsst_hardware_r 174.19989687400016 132.02347334323065 31.649999618530273 AB 6.576025834839033 1.0960043058065054
63169.1282 lsst_hardware_i 296.2510461482565 104.38236098402533 31.329999923706055 AB 5.978279572540335 1.0758106122980629
63180.0903 lsst_hardware_i 136.00431737999187 33.281812329706455 31.25 AB 10.184505699904676 1.0837270634452767
63180.1082 lsst_hardware_u -1.34817931544255 2.8482159971405094 28.5 AB 10.09560650085011 1.0692988102862944
63185.0914 lsst_hardware_i 142.62829912157198 33.094988556320615 31.25 AB 4.497834154259494 1.0709128938713082
63185.1095 lsst_hardware_r 55.230058410630626 24.72802568486657 31.5 AB 4.4808105672874925 1.0668596588779744
63188.0961 lsst_hardware_u 1.5180235179836228 2.7143866309225504 28.3700008392334 AB 5.964360309520015 1.0667311083424034
63188.1165 lsst_hardware_g -19.3383991188126 14.656442079031871 31.420000076293945 AB 5.913896192498943 1.0732212372020768
63192.07 lsst_hardware_i 57.28702761180669 41.82866129939239 31.280000686645508 AB 4.816899685579998 1.0723285141540513
63192.0892 lsst_hardware_z 144.19833583795142 47.957714475318475 30.950000762939453 AB 4.107294865207654 1.0667374768958207
63194.0668 lsst_hardware_i 68.85238438407207 63.12564315451922 31.31999969482422 AB 8.095127790841318 1.070925756163688
63194.0865 lsst_hardware_z 96.52802900158497 60.52393136741712 30.979999542236328 AB 8.461762030086451 1.0671018575920814
63196.0616 lsst_hardware_z 140.34825729110503 72.0256228915262 30.979999542236328 AB 4.677864306979755 1.070776203337448
63196.08 lsst_hardware_r -22.75328331081135 98.95927220896708 31.649999618530273 AB 4.693067221841144 1.066929498751497
63200.044 lsst_hardware_z 237.30915853991948 81.66008769915001 31.729999542236328 AB 5.321500120119918 1.0754307321012313
63203.0369 lsst_hardware_y 80.92446800499424 50.61347057331964 30.040000915527344 AB 7.217163620067721 1.0745483249098047
63203.056 lsst_hardware_r 73.68405657862066 24.32744307704468 31.5 AB 7.0739557359820795 1.0666770884213954
63205.0381 lsst_hardware_y 71.70693317749564 49.60675736045186 30.040000915527344 AB 2.3279289422165865 1.070189147094167
63205.0571 lsst_hardware_z 146.2963553435213 42.80377277728216 30.940000534057617 AB 1.5746905154166009 1.0672250189200956
63207.0296 lsst_hardware_y 52.69840792959644 64.66335920912773 30.049999237060547 AB 5.796357370733105 1.071960307130816
63207.0488 lsst_hardware_u 1.4123579301651323 2.7758973857679163 28.399999618530273 AB 4.783459658479527 1.0667840451560051
63209.0297 lsst_hardware_y 76.92467318513849 67.50619358654717 30.059999465942383 AB 5.253025461087917 1.0689917503231414
63209.0487 lsst_hardware_r 25.900871140105394 24.315243975660028 31.510000228881836 AB 5.7257721136957445 1.0678758099585277
63212.0324 lsst_hardware_y 97.07539510517002 64.19000244140625 30.059999465942383 AB 14.198287998934267 1.0666515747354097
63212.0509 lsst_hardware_r -25.260131370006214 23.920000076293945 31.5 AB 14.571912854555002 1.0731673075202683
