data/validation/pwv_sim_epoch_fit_epoch/10545860.ecsv
# %ECSV 0.9
# ---
# datatype:
# - {name: time, datatype: float64}
# - {name: band, datatype: string}
# - {name: flux, datatype: float64}
# - {name: fluxerr, datatype: float64}
# - {name: zp, datatype: float64}
# - {name: zpsys, datatype: string}
# - {name: pwv, datatype: float64}
# - {name: airmass, datatype: float64}
# meta: {SNID: '10545860', alt: 1024.0, c: -0.03161570429801941, dec: -5.529265, lat: -30.244573, lon: -70.7499537, ra: 29.882812, t0: 63207.0859375,
#   x0: 6.007852761443528e-05, x1: 0.6458717584609985, z: 0.21218152344226837}
# schema: astropy-2.0
time band flux fluxerr zp zpsys pwv airmass
63079.3331 lsst_hardware_z -41.97165713092996 79.45999908447266 31.700000762939453 AB 6.298280299240034 1.2795964376683384
63079.3726 lsst_hardware_y 93.83438023484169 72.2699966430664 30.760000228881836 AB 5.975055178537359 1.1505241036978227
63083.3571 lsst_hardware_r -122.94530243897712 83.47000122070312 31.6200008392334 AB 2.364515121775365 1.1607355885172583
63083.3801 lsst_hardware_z -10.865650668967577 62.02000045776367 30.969999313354492 AB 1.618230625075865 1.1198827855196296
63085.4295 lsst_hardware_z -77.69144022013504 67.80999755859375 30.979999542236328 AB 3.6835749946828455 1.1162348468735896
63088.3204 lsst_hardware_r -22.39654927273359 38.459999084472656 31.56999969482422 AB 5.984326573915934 1.2301616912256956
63088.346 lsst_hardware_z -27.411905121663075 66.4800033569336 31.700000762939453 AB 5.903356738629681 1.1549167051999767
63094.3755 lsst_hardware_u -0.21604583627174093 2.809999942779541 28.479999542236328 AB 5.314243524215815 1.1024829675257124
63094.3936 lsst_hardware_g -14.843190866389051 14.779999732971191 31.440000534057617 AB 5.3197752457028376 1.106615059691682
63100.2815 lsst_hardware_z 23.040220844809337 44.5099983215332 30.93000030517578 AB 2.214679770949212 1.2544207142164894
63113.2776 lsst_hardware_r 195.1379711245405 103.66000366210938 31.6299991607666 AB 2.5854487516485007 1.155249665615952
63113.2966 lsst_hardware_y -41.961027396833074 59.90999984741211 30.030000686645508 AB 2.588079746378365 1.121918826549396
63115.2718 lsst_hardware_z 29.949844531328505 57.630001068115234 30.969999313354492 AB 0.9771157616090078 1.1560079995374242
63118.2616 lsst_hardware_i -25.01191293652988 33.709999084472656 31.25 AB 4.990653510152217 1.1606170953842367
63118.2792 lsst_hardware_z 58.505164542992766 43.56999969482422 30.940000534057617 AB 4.846693752027842 1.12713808186694
63121.263 lsst_hardware_r 43.90795660552837 23.690000534057617 31.489999771118164 AB 4.189005403707746 1.1404860886762174
63121.2805 lsst_hardware_u 3.04180745132039 2.7200000286102295 28.40999984741211 AB 4.0944823104996395 1.1151563260552808
63123.2637 lsst_hardware_g -6.037240805290776 14.680000305175781 31.420000076293945 AB 2.2821247537733886 1.129951190183226
63123.2803 lsst_hardware_i -26.02026085192526 31.649999618530273 31.25 AB 2.2134323918847927 1.110231930388627
63132.2456 lsst_hardware_r 10.825953351766005 41.029998779296875 32.68000030517578 AB 2.186860152029927 1.1207961828118365
63132.3071 lsst_hardware_i -62.01185288990722 54.83000183105469 32.43000030517578 AB 2.288670553782365 1.1235036467739161
63132.3712 lsst_hardware_z 40.45635371381537 64.2300033569336 31.670000076293945 AB 2.3316633217370892 1.3244324463145782
63136.2266 lsst_hardware_z -11.056970604137664 71.61000061035156 31.709999084472656 AB 3.769801789334972 1.132526073303116
63139.1483 lsst_hardware_r 33.621905135989834 130.0 31.56999969482422 AB 5.84198262471846 1.3966011534109208
63139.1601 lsst_hardware_y -91.27478453992366 65.54000091552734 29.969999313354492 AB 5.4688028710410075 1.3256632686750986
63144.1946 lsst_hardware_i 92.89517986748226 55.119998931884766 31.299999237060547 AB 7.170182839058044 1.151682426297638
63144.2102 lsst_hardware_z -21.628231039873143 54.63999938964844 30.959999084472656 AB 7.595079222789687 1.124294710090375
63148.2074 lsst_hardware_g -17.421976731250343 14.859999656677246 31.43000030517578 AB 3.6284954923531147 1.1145168912727275
63148.2257 lsst_hardware_i -1.902627696004183 31.56999969482422 31.25 AB 3.3823939178582942 1.1029545384322386
63150.2071 lsst_hardware_z 11.291666490818617 42.38999938964844 30.940000534057617 AB 4.300337592397548 1.109812273834801
63150.225 lsst_hardware_r -14.148832540294936 23.850000381469727 31.489999771118164 AB 3.9681068883027977 1.1022519134174438
63152.1785 lsst_hardware_r -15.072244661081823 24.06999969482422 31.479999542236328 AB 7.4867567833333375 1.1402310056858571
63152.1961 lsst_hardware_u 0.04188823959485248 2.7200000286102295 28.399999618530273 AB 7.446467195306082 1.114907500420135
63154.1745 lsst_hardware_g 8.557690808114277 14.970000267028809 31.420000076293945 AB 7.415490146901736 1.1375777480416436
63154.1925 lsst_hardware_r -7.800977549269208 24.049999237060547 31.5 AB 7.454446762063823 1.113046998118367
63156.1781 lsst_hardware_i -63.271081030407466 31.959999084472656 31.239999771118164 AB 7.279055905981793 1.1233833306125847
63156.1953 lsst_hardware_z -37.3789768232125 42.54999923706055 30.940000534057617 AB 7.1601160485852064 1.1065927308007275
63158.1713 lsst_hardware_r -17.859123536493378 24.06999969482422 31.489999771118164 AB 2.9143734039108264 1.1252406964906667
63158.1895 lsst_hardware_u -2.468907720662895 2.7300000190734863 28.399999618530273 AB 2.8514860787730743 1.1068001340819282
63160.1692 lsst_hardware_g -9.15456558785263 15.0 31.43000030517578 AB 2.799592296485878 1.1207335053988559
63160.1867 lsst_hardware_i -15.813695300117628 31.770000457763672 31.25 AB 2.7595688059322403 1.105301257382923
63162.1703 lsst_hardware_z 5.312239107527233 43.68000030517578 30.950000762939453 AB 3.5587699934258636 1.1133913839063085
63162.1885 lsst_hardware_r -25.754584859686656 28.049999237060547 31.530000686645508 AB 3.586786262422601 1.1027217449546838
63164.1367 lsst_hardware_r 74.806035528474 47.63999938964844 31.610000610351562 AB 5.069682556542075 1.1590053472757649
63164.1554 lsst_hardware_y 24.609536339364386 49.7400016784668 30.030000686645508 AB 4.929143061081211 1.1245620885390304
63167.1414 lsst_hardware_z 52.454168510699795 76.6500015258789 30.979999542236328 AB 3.1808363627519185 1.1334492324810808
63167.1583 lsst_hardware_r 26.859421060979532 108.27999877929688 31.639999389648438 AB 3.297253293130995 1.1118397031941984
63169.1423 lsst_hardware_i 89.69511638992246 115.86000061035156 31.329999923706055 AB 6.2207814780049935 1.1237975752876874
63169.159 lsst_hardware_z -31.671342943273352 95.5 30.989999771118164 AB 6.139099194282153 1.1070915097213208
63171.153 lsst_hardware_r -231.73420954453778 98.98999786376953 31.649999618530273 AB 5.100969544549865 1.107441870978543
63171.172 lsst_hardware_z 25.508709702943158 69.9000015258789 30.979999542236328 AB 4.90212252072315 1.1024263539857158
63180.1197 lsst_hardware_u -0.6613178858887221 2.7699999809265137 28.440000534057617 AB 10.57843914670728 1.1148499065594202
63180.1374 lsst_hardware_g 14.497280956792933 14.829999923706055 31.440000534057617 AB 9.73330763712327 1.1031952287197657
63182.1212 lsst_hardware_r 11.42102175033663 23.780000686645508 31.489999771118164 AB 3.8119003182178584 1.108674563577012
63182.139 lsst_hardware_z -31.17201505869255 42.349998474121094 30.940000534057617 AB 4.700589019708422 1.1022172158142882
63185.1196 lsst_hardware_r 213.38019217143633 26.889058303115522 31.489999771118164 AB 4.639889028540096 1.104735482985737
63185.1375 lsst_hardware_u -3.0415772253370403 2.8143958560798206 28.3700008392334 AB 4.633439274623519 1.103199827291314
63188.0971 lsst_hardware_u 2.6719953251660424 3.080268360029586 28.34000015258789 AB 6.171844776218953 1.1156456626439786
63188.1174 lsst_hardware_g 675.3132629320191 29.236116156065034 31.40999984741211 AB 6.119736613468665 1.1027380338106034
63190.0947 lsst_hardware_r 2766.5420109847983 57.59672976438098 31.520000457763672 AB 6.446606728842433 1.1125709133363981
63190.1151 lsst_hardware_i 1907.7366643724022 54.5539677054929 31.260000228881836 AB 6.351373868217644 1.1022863360322188
63194.1079 lsst_hardware_z 6759.2703704857595 115.40117988242773 31.719999313354492 AB 8.747000198391891 1.102285163201532
63196.07 lsst_hardware_z 4188.21739133415 101.34431952802124 30.979999542236328 AB 4.9303261272076 1.1218885301594963
63196.0883 lsst_hardware_r 10298.249137723486 146.37047250030795 31.649999618530273 AB 3.8885159009876316 1.105346223187293
63200.0702 lsst_hardware_z 5851.8488908149 98.46259297577772 30.979999542236328 AB 5.524175336246645 1.110108080632402
63200.0902 lsst_hardware_g 16753.209990971285 159.38795427101493 31.709999084472656 AB 5.531478995582507 1.1022175940186778
63205.0663 lsst_hardware_z 5304.202084944459 84.14776147063102 30.940000534057617 AB 1.6098738930144247 1.104165907417301
63205.0852 lsst_hardware_r 15966.440121332382 128.46688229417026 31.5 AB 4.104363815703884 1.1039665976699378
63207.037 lsst_hardware_y 2179.2536314521217 65.93630503082255 30.020000457763672 AB 6.014109689461977 1.1259566318262284
63207.0561 lsst_hardware_u 251.7777175930792 16.39591699135577 28.360000610351562 AB 4.892885382321165 1.1065495295575654
63209.039 lsst_hardware_y 1875.2696960056749 65.03453841039213 30.030000686645508 AB 5.546233562045774 1.116466529298526
63209.058 lsst_hardware_r 15846.68635183593 128.68596782749165 31.489999771118164 AB 5.943390670854203 1.1032498228854133
63212.0402 lsst_hardware_y 1721.8632468015546 63.041236346482115 30.030000686645508 AB 14.746778962337007 1.108009764812969
63212.0588 lsst_hardware_r 15367.502047282496 125.96509970587805 31.489999771118164 AB 14.980034991125393 1.1022836638061364
63215.0348 lsst_hardware_z 4843.154970945453 88.26921238813664 30.969999313354492 AB 8.392570247178593 1.1062252385278268
63215.0534 lsst_hardware_g 10560.395323964676 103.53484777473066 31.440000534057617 AB 8.473487081168383 1.1026659630164763
63217.0358 lsst_hardware_y 1460.7406376692684 68.85862495560099 30.040000915527344 AB 11.153265261224844 1.1033551230375498
63217.055 lsst_hardware_i 9302.869461977813 101.44455186190015 31.239999771118164 AB 12.045769480714926 1.1050826715435134
63219.0372 lsst_hardware_y 1084.0287283835764 71.02604047336217 30.040000915527344 AB 3.981930056325737 1.1022135236184916
63219.0567 lsst_hardware_r 12663.0322034103 115.21755876565342 31.520000457763672 AB 4.490853846689795 1.109674782972692
