data/validation/pwv_sim_epoch_fit_epoch/10826703.ecsv
# %ECSV 0.9
# ---
# datatype:
# - {name: time, datatype: float64}
# - {name: band, datatype: string}
# - {name: flux, datatype: float64}
# - {name: fluxerr, datatype: float64}
# - {name: zp, datatype: float64}
# - {name: zpsys, datatype: string}
# - {name: pwv, datatype: float64}
# - {name: airmass, datatype: float64}
# meta: {SNID: '10826703', alt: 1024.0, c: -0.07978837937116623, dec: -34.228867, lat: -30.244573, lon: -70.7499537, ra: 322.910156, t0: 61915.80078125,
#   x0: 4.130254942493353e-06, x1: -0.07505578547716141, z: 0.663037896156311}
# schema: astropy-2.0
time band flux fluxerr zp zpsys pwv airmass
61895.3609 lsst_hardware_i 209.00965723794295 37.0264814911634 31.239999771118164 AB 8.154171229196239 1.2210956129229515
61895.3803 lsst_hardware_z 263.36680833421906 45.625172118342135 30.940000534057617 AB 7.625812006995578 1.1459775347694756
61897.3382 lsst_hardware_z 277.3792525566918 54.62790495529644 30.940000534057617 AB 7.874562610167414 1.308066878765351
61897.3563 lsst_hardware_i 316.86263228372337 48.77098627298865 31.270000457763672 AB 7.2806508951350395 1.217296588385728
61899.3574 lsst_hardware_z 337.11721819017845 61.88016483941038 30.959999084472656 AB 9.241065798836308 1.189824031781158
61899.3777 lsst_hardware_r 872.3035016875199 81.62437818258307 31.6299991607666 AB 8.562587147118004 1.1198413793843667
61903.3598 lsst_hardware_i 852.2185804468229 69.56469504897609 31.309999465942383 AB 7.008487869292663 1.1415404950391177
61903.3808 lsst_hardware_r 1185.3734873229735 84.15523914149003 31.639999389648438 AB 7.055553654529365 1.0828598231743027
61908.363 lsst_hardware_z 709.2674062450249 52.512780441610445 30.950000762939453 AB 7.6579484135829 1.0929387253124263
61908.3828 lsst_hardware_g 494.32489355860366 36.037563383124635 31.639999389648438 AB 8.414518203868285 1.0508514949465557
61910.3576 lsst_hardware_r 1430.1436315248043 45.53254043177854 31.510000228881836 AB 8.351084211111678 1.092787779522618
61910.3778 lsst_hardware_i 1271.8696704674212 46.92678834644187 31.260000228881836 AB 7.426014514324867 1.050046240168484
61918.3231 lsst_hardware_u -0.1575725291873471 4.252235094995289 29.260000228881836 AB 8.932756402214578 1.1280513215109542
61918.3368 lsst_hardware_g 569.4951436042754 31.35580833701744 32.209999084472656 AB 9.899448281368533 1.0901975806581838
61926.2545 lsst_hardware_z 677.0478603244038 60.13322482095865 30.940000534057617 AB 8.24468218219605 1.3347388994975098
61926.2763 lsst_hardware_r 947.572856383431 65.59452439947486 31.600000381469727 AB 7.557332464522528 1.2209595235913395
61928.2695 lsst_hardware_y 635.3775210428471 81.18176801225087 30.729999542236328 AB 4.675574289353701 1.2269701599073743
61955.2447 lsst_hardware_z 313.7468415565678 53.12013104429311 30.969999313354492 AB 7.803389118662001 1.0697878424341272
61955.2585 lsst_hardware_r 60.11509223999268 57.55397342958856 31.639999389648438 AB 7.240140489345847 1.0440753463618153
61958.1957 lsst_hardware_r 143.7691662176637 113.48653899266978 31.6200008392334 AB 2.6724262620357884 1.1923377135793227
61958.2184 lsst_hardware_y 123.14684639895404 61.89015591294983 30.040000915527344 AB 2.0064432178670044 1.1146906765927802
61960.1695 lsst_hardware_z 533.547946943329 141.3366555764895 31.719999313354492 AB 3.2957275072936203 1.2897446545631177
61962.1663 lsst_hardware_r -32.75492170949118 98.30173681208576 31.600000381469727 AB 9.557769478828096 1.2776627946031853
61962.1856 lsst_hardware_i 246.4126234358118 80.61580369222669 31.309999465942383 AB 9.302846689975368 1.189052141233479
61964.1598 lsst_hardware_z 226.75276055340484 56.964067344382585 30.940000534057617 AB 8.366491071709472 1.2831713511990193
61964.1793 lsst_hardware_r 20.350321175520385 59.064793397121576 31.600000381469727 AB 7.361671814727194 1.1924149527802703
61965.1709 lsst_hardware_u 9.98425982336619 5.111509840010345 28.68000030517578 AB 8.8267664981569 1.2162268685025008
61965.1898 lsst_hardware_g 138.948836474097 36.81387754795023 31.6299991607666 AB 8.304041953614453 1.1439650025643275
61974.1623 lsst_hardware_r 67.74032006165538 25.47518219043533 31.489999771118164 AB 6.692537064907856 1.153885700846182
61974.1815 lsst_hardware_z 140.87982818302962 43.60850591179846 30.940000534057617 AB 5.825344086298107 1.096277409794986
61976.1647 lsst_hardware_r 33.75691658040597 25.229121559564604 31.479999542236328 AB 6.222117249205992 1.1282170896112407
61976.1829 lsst_hardware_u 5.7522606091977 3.195274327960688 28.360000610351562 AB 6.317418241122083 1.079623727441183
61978.1626 lsst_hardware_g 10.678562808562338 15.529057612624246 31.40999984741211 AB 3.5668980788266427 1.1181498679707345
61978.1811 lsst_hardware_r 46.40040583365506 25.132252147868066 31.489999771118164 AB 3.510075441713537 1.071506112962667
61981.1606 lsst_hardware_r 109.68652826852599 33.86765670343599 31.559999465942383 AB 6.086817491131275 1.1009391799468733
61981.1797 lsst_hardware_z 69.15597132820926 44.75131140614339 30.950000762939453 AB 5.172079867401914 1.0577932032726425
61983.1629 lsst_hardware_z 111.84864666080979 49.89548328210544 30.959999084472656 AB 4.451624304939397 1.0816727748607453
61983.1829 lsst_hardware_i 54.0885687815706 46.03578424020196 31.299999237060547 AB 4.79963704253395 1.042719322731686
61987.1781 lsst_hardware_i 13.002352204489894 102.14514076142933 31.34000015258789 AB 1.6575756101199377 1.0336160528704663
61987.1967 lsst_hardware_z 84.13985150430516 90.26910220538203 31.0 AB 1.6219996356292938 1.0133275524545238
61992.0862 lsst_hardware_i 105.3091950779393 53.4946361243135 31.280000686645508 AB 4.7410570034300985 1.2682840082295506
61992.1057 lsst_hardware_z 127.95258554294749 57.67601074471695 30.959999084472656 AB 4.402653135033617 1.1811804154087029
61994.0833 lsst_hardware_i 8.356240858096955 34.11915027776591 31.229999542236328 AB 4.1428279571506925 1.2554024112577857
61994.1032 lsst_hardware_u 3.8347144614283146 2.789615864393248 28.389999389648438 AB 3.192487694221415 1.1699808310120015
61995.0763 lsst_hardware_g 25.315236635597703 15.37643463296419 31.3799991607666 AB 3.232464498687983 1.2771491500150072
61995.0951 lsst_hardware_r 54.615464535817125 25.40591600432989 31.489999771118164 AB 2.995696132575167 1.1906582402921968
61997.0857 lsst_hardware_i 67.20006617730084 33.61619983653951 31.229999542236328 AB 4.361703117608822 1.2068907353649203
61997.104 lsst_hardware_r 38.95570654178104 25.002528302784263 31.489999771118164 AB 4.120193876863371 1.1388305084040182
62006.1229 lsst_hardware_u -0.3370794831146615 2.819999933242798 28.510000228881836 AB 2.9222437847949494 1.0384046614610423
62006.1291 lsst_hardware_g 17.346387606991186 14.770000457763672 31.459999084472656 AB 2.8055974889319284 1.029766008049891
62013.0762 lsst_hardware_z 44.297938468178586 57.290000915527344 30.969999313354492 AB 4.264211907899105 1.0932708662491029
62013.0937 lsst_hardware_r -21.914355143861226 72.31999969482422 31.649999618530273 AB 3.525354476835196 1.0552320708910539
62023.9907 lsst_hardware_y -48.694389660587774 50.619998931884766 29.969999313354492 AB 3.337155836036573 1.3124629664538172
62024.0075 lsst_hardware_r -36.6432042707878 23.829999923706055 31.469999313354492 AB 2.3385417419139745 1.2265079065982385
62027.0235 lsst_hardware_r -29.787315000428023 33.25 32.2400016784668 AB 1.5880332022172363 1.1343094301551688
62027.0298 lsst_hardware_g -0.07691499246053285 20.34000015258789 32.16999816894531 AB 1.561407334572581 1.1152909532661293
62029.9909 lsst_hardware_y -78.86318319860288 50.630001068115234 29.979999542236328 AB 7.071784202646746 1.2274916890631358
62030.0072 lsst_hardware_i 5.951531351051549 31.770000457763672 31.229999542236328 AB 2.0613138458937774 1.161630795093704
62030.9931 lsst_hardware_y -37.774902678954724 49.869998931884766 29.989999771118164 AB 1.7882492131718752 1.205900003262434
62031.0113 lsst_hardware_i 47.784403675693994 31.719999313354492 31.239999771118164 AB 0.9425931974105973 1.1383975814141916
62032.9923 lsst_hardware_y 101.66359848869911 50.45000076293945 29.989999771118164 AB 7.307485435711225 1.186858118517334
62033.0091 lsst_hardware_g -17.3811219460608 14.390000343322754 31.399999618530273 AB 7.076339068028203 1.128122925076236
62034.9926 lsst_hardware_y -58.69678734048736 49.720001220703125 30.010000228881836 AB 2.3630980269212607 1.1650442203391589
62035.0094 lsst_hardware_i -14.177076232437338 31.3799991607666 31.25 AB 2.8772380450821875 1.111188740376746
62038.9943 lsst_hardware_y 188.73501654752397 49.84000015258789 30.020000457763672 AB 3.4584120718585196 1.1233169539126333
62039.0134 lsst_hardware_r 4.401836420412209 32.470001220703125 31.559999465942383 AB 3.4893164787909137 1.0739938375738314
62040.995 lsst_hardware_y 1.814627772939356 52.34000015258789 30.030000686645508 AB 4.753059105196921 1.1057054370029793
62041.0152 lsst_hardware_z -82.69056722010521 51.380001068115234 30.959999084472656 AB 4.997286314166871 1.0590836736604579
62042.9949 lsst_hardware_y -12.423447515455742 59.029998779296875 30.040000915527344 AB 10.155010484743027 1.0917311779765126
62043.0141 lsst_hardware_z 60.62389658727765 65.9000015258789 30.989999771118164 AB 3.506157330259371 1.051058904899137
62043.9957 lsst_hardware_y -10.814765756602762 59.70000076293945 30.049999237060547 AB 3.139782680472701 1.083181697496497
62044.0158 lsst_hardware_r -21.834201930132256 91.2699966430664 31.65999984741211 AB 6.36113309919835 1.0435928250786644
62049.9964 lsst_hardware_y -54.412768138174755 50.029998779296875 30.049999237060547 AB 6.178363836158015 1.0486021446294673
62050.0158 lsst_hardware_i 11.531166751824706 30.6299991607666 31.25 AB 3.9751569069655956 1.0216723684640097
62257.3639 lsst_hardware_z -46.26292241475902 83.33999633789062 31.709999084472656 AB 11.111071669642293 1.2484350190609317
62259.3583 lsst_hardware_r -296.98675624900955 66.38999938964844 31.59000015258789 AB 14.434439788358542 1.2491131937224795
62259.3775 lsst_hardware_z 87.68433142678285 56.459999084472656 30.959999084472656 AB 12.965154288356123 1.167821499581708
62261.3601 lsst_hardware_r 10.549090244726253 47.72999954223633 31.59000015258789 AB 8.122442898546117 1.2156919125742542
62261.3803 lsst_hardware_y 86.2152322191435 50.40999984741211 30.020000457763672 AB 7.581373200220152 1.1392994427590926
62264.3602 lsst_hardware_g -2.2919345953720627 17.600000381469727 31.479999542236328 AB 12.244031839054113 1.1815807289857525
62264.3798 lsst_hardware_r -13.552942426502836 26.0 31.530000686645508 AB 11.779179022906835 1.1157695389700515
62270.36 lsst_hardware_g -1.95587433560917 15.069999694824219 31.440000534057617 AB 9.00636754826018 1.1258897676798292
62270.3816 lsst_hardware_i -96.17665213195139 31.540000915527344 31.260000228881836 AB 8.686564612730509 1.0704331007677905
62272.3562 lsst_hardware_z 38.41584837125032 42.58000183105469 30.940000534057617 AB 4.641501012162053 1.1209098842009384
62272.3766 lsst_hardware_r 62.52788892551764 24.030000686645508 31.510000228881836 AB 4.858192051838185 1.0694581857583325
62277.3586 lsst_hardware_u -3.0271058559420747 2.819999933242798 28.489999771118164 AB 7.556787556474479 1.0790015787069847
62277.3783 lsst_hardware_g -6.635090023161163 14.829999923706055 31.459999084472656 AB 7.46916346681725 1.041361236224085
62285.3535 lsst_hardware_r -163.90395899542645 95.02999877929688 31.65999984741211 AB 8.903787779723185 1.0461301168727184
62285.3756 lsst_hardware_z 63.314949707046914 65.56999969482422 30.989999771118164 AB 8.291764053972267 1.0174567831121255
62288.2555 lsst_hardware_r 33.54383685417844 84.0999984741211 31.56999969482422 AB 8.42187518278582 1.3856516376696963
62288.2768 lsst_hardware_i -27.21131018394341 70.5199966430664 31.290000915527344 AB 7.777371739853553 1.2605991879279075
62291.2646 lsst_hardware_z -75.41477980249903 67.45999908447266 31.690000534057617 AB 14.653839189614832 1.281294003070333
62302.2599 lsst_hardware_g 12.453049688543329 14.579999923706055 31.40999984741211 AB 13.764998630161577 1.1685884935404238
62302.283 lsst_hardware_r 26.358734974169522 23.549999237060547 31.5 AB 12.928567255369414 1.0968341774559405
62304.2624 lsst_hardware_i -38.540598220128594 31.719999313354492 31.239999771118164 AB 5.007176153391523 1.1409550128306072
62304.2872 lsst_hardware_z -14.84059954063393 41.77000045776367 30.950000762939453 AB 4.721492533954064 1.073839323896897
62306.265 lsst_hardware_i 60.59110193001133 31.729999542236328 31.25 AB 3.9043564745387935 1.1161682317149209
62306.2893 lsst_hardware_u -1.9368884675580116 2.9000000953674316 28.56999969482422 AB 3.671680521569835 1.0583753605293784
62308.2566 lsst_hardware_g 28.614233645122766 27.93000030517578 31.600000381469727 AB 3.6248428458815183 1.1248542578376082
62308.2804 lsst_hardware_r -18.663969896944995 24.770000457763672 31.510000228881836 AB 3.462257892224038 1.0651462520302117
62310.2475 lsst_hardware_i -55.431215324498744 50.2599983215332 31.290000915527344 AB 3.631954861179254 1.136169403914261
62310.269 lsst_hardware_r -140.2453194933298 57.209999084472656 31.6299991607666 AB 4.077370029781404 1.0778851443477524
62312.253 lsst_hardware_z 32.14350580753373 95.23999786376953 31.729999542236328 AB 4.850653872719429 1.1039476259341978
62315.2437 lsst_hardware_z -67.26644760129813 81.30000305175781 30.989999771118164 AB 6.684675493736981 1.1069634433843065
62315.2628 lsst_hardware_r -57.77247403344081 116.23999786376953 31.65999984741211 AB 6.104528347215889 1.062118894687391
62323.1632 lsst_hardware_i -19.937212257698732 33.369998931884766 31.209999084472656 AB 6.610661842931206 1.3639604902884195
62323.1823 lsst_hardware_z 26.04601228995297 44.220001220703125 30.93000030517578 AB 6.09896425695037 1.25536142510125
62325.1646 lsst_hardware_r 41.26526396390922 24.239999771118164 31.440000534057617 AB 2.2302904157627492 1.321457808184161
62325.184 lsst_hardware_u 4.665518334929445 2.6500000953674316 28.309999465942383 AB 2.2990527444715005 1.2217631164987381
62327.158 lsst_hardware_g -0.2434589762168157 14.630000114440918 31.350000381469727 AB 11.971100514369343 1.3282283241713864
62327.176 lsst_hardware_r -16.336080508776988 24.1200008392334 31.469999313354492 AB 11.208309008253085 1.233286032194211
62330.1628 lsst_hardware_r 1.8075087113200845 24.190000534057617 31.459999084472656 AB 8.205375491789525 1.2572879512414616
62330.1816 lsst_hardware_g -2.10923990704321 14.539999961853027 31.389999389648438 AB 7.214739969543253 1.1755177139785837
62332.159 lsst_hardware_r -15.169714836995286 24.139999389648438 31.469999313354492 AB 8.652797234911914 1.2491406431228402
62332.1783 lsst_hardware_i 2.0540063021745607 31.809999465942383 31.229999542236328 AB 7.471834904948728 1.1674742038982386
62334.1626 lsst_hardware_z -51.75100923241599 43.61000061035156 30.93000030517578 AB 1.9327274438556774 1.2079546524097984
62334.183 lsst_hardware_i 27.39734736859958 31.690000534057617 31.239999771118164 AB 2.4778953427522366 1.1329247928456465
62343.1666 lsst_hardware_z 233.20767708907712 132.3800048828125 31.739999771118164 AB 10.07853435029154 1.1087699829800552
62347.1708 lsst_hardware_z 88.94075839210761 73.2300033569336 31.719999313354492 AB 5.235412895139976 1.0716775794769922
62348.1599 lsst_hardware_g -3.916795518669296 31.579999923706055 31.639999389648438 AB 4.035042911836914 1.090552138334301
62348.1794 lsst_hardware_r -70.23653319118019 42.43000030517578 31.610000610351562 AB 3.868147090350275 1.0497007029444436
62351.1577 lsst_hardware_i 12.61935211963943 31.40999984741211 31.25 AB 1.9802267630333592 1.0764539595198328
62351.1752 lsst_hardware_z 60.343677151776575 41.47999954223633 30.950000762939453 AB 2.3732037950058826 1.0430518822133317
62352.1591 lsst_hardware_i 33.57083996297099 31.360000610351562 31.25 AB 1.4242956316044246 1.0675545021394812
62352.1774 lsst_hardware_u -0.915302899631924 2.799999952316284 28.489999771118164 AB 1.2649689215420408 1.0355865096537378
62354.1602 lsst_hardware_g -3.585962805387005 14.84000015258789 31.450000762939453 AB 2.2055319444331762 1.0547317312875348
62354.1787 lsst_hardware_r 1.0268009821906443 23.559999465942383 31.510000228881836 AB 1.6625766153757047 1.026651540395639
62356.158 lsst_hardware_i 5.998244178886475 31.299999237060547 31.260000228881836 AB 4.063931157470954 1.048936889995084
62356.1759 lsst_hardware_r -37.61425521998548 23.6299991607666 31.520000457763672 AB 3.355580610927613 1.023536954605408
62358.084 lsst_hardware_r 21.10516191782494 24.559999465942383 31.469999313354492 AB 4.742272523165647 1.269175036308145
62360.1359 lsst_hardware_r -30.04497913529817 33.650001525878906 32.2599983215332 AB 3.330039895418478 1.0704081952486266
