data/validation/pwv_sim_epoch_fit_epoch/1090037.ecsv
# %ECSV 0.9
# ---
# datatype:
# - {name: time, datatype: float64}
# - {name: band, datatype: string}
# - {name: flux, datatype: float64}
# - {name: fluxerr, datatype: float64}
# - {name: zp, datatype: float64}
# - {name: zpsys, datatype: string}
# - {name: pwv, datatype: float64}
# - {name: airmass, datatype: float64}
# meta: {SNID: '1090037', alt: 1024.0, c: 0.017355546355247498, dec: -33.152889, lat: -30.244573, lon: -70.7499537, ra: 11.777344, t0: 60155.9609375,
#   x0: 4.247319321374556e-06, x1: 0.21740520000457764, z: 0.6559673547744751}
# schema: astropy-2.0
time band flux fluxerr zp zpsys pwv airmass
[from data line 132]
60560.1764 lsst_hardware_g 17.43751259185644 13.970000267028809 31.389999389648438 AB 2.84820232169584 1.1302390165459681
60560.1947 lsst_hardware_r 57.600924630858714 22.860000610351562 31.489999771118164 AB 2.799794718840847 1.0803761214898118
60567.1662 lsst_hardware_i -17.25395658267992 48.779998779296875 31.299999237060547 AB 1.5028846675014509 1.1041150979562515
60567.1841 lsst_hardware_z 50.03945329786931 50.099998474121094 30.969999313354492 AB 1.1318434724218331 1.0619328904661451
60570.202 lsst_hardware_i 127.24572672572882 90.30000305175781 31.34000015258789 AB 1.2501262262514372 1.0216231759069223
60570.2077 lsst_hardware_z -1.0161388759056815 76.8499984741211 31.0 AB 1.2269974727179962 1.0157964589592752
60572.1717 lsst_hardware_z -29.83128067984621 74.30999755859375 30.989999771118164 AB 6.647551842788128 1.0594552303431028
60572.1901 lsst_hardware_i -8.413058392904468 85.58999633789062 31.34000015258789 AB 6.441225809052443 1.0294431531168489
60579.1691 lsst_hardware_u 2.4798459597395186 2.5799999237060547 28.350000381469727 AB 4.112483654438194 1.0319908794073798
60579.1855 lsst_hardware_g 12.685584102102542 13.779999732971191 31.40999984741211 AB 4.043014090827823 1.0136678176828464
60581.0868 lsst_hardware_u -1.7470068808775432 2.5999999046325684 28.280000686645508 AB 4.683557194646468 1.2603477302661317
60581.1081 lsst_hardware_g -4.449508983656195 14.010000228881836 31.3799991607666 AB 4.349021542189114 1.1677054238084446
60583.1048 lsst_hardware_i -34.545228047821425 31.360000610351562 31.239999771118164 AB 7.356775327261871 1.1598258438060651
60583.1254 lsst_hardware_z 53.70162537777754 41.630001068115234 30.940000534057617 AB 6.507283001691325 1.0964251055926637
60585.1074 lsst_hardware_r 33.14229672932325 32.58000183105469 32.22999954223633 AB 4.014265111236321 1.1325867895898583
60585.1273 lsst_hardware_u -11.677591144387433 3.7200000286102295 29.1299991607666 AB 3.384532955193033 1.0783918926852631
60587.1098 lsst_hardware_g 11.167634579965988 13.829999923706055 31.389999389648438 AB 3.9256002446640523 1.1090832729661557
60587.1314 lsst_hardware_i -16.9731403902632 30.549999237060547 31.25 AB 4.661293924471078 1.0581825027176113
60589.1045 lsst_hardware_z 52.708596941487045 42.18000030517578 30.940000534057617 AB 8.573054245142757 1.1086323865433119
60589.1245 lsst_hardware_r -2.9226919935691154 22.709999084472656 31.5 AB 8.214991558084781 1.0610028704251437
60591.1086 lsst_hardware_u -0.4541446617433282 2.890000104904175 28.510000228881836 AB 6.461252930233459 1.0838300646198091
60591.1287 lsst_hardware_g -0.13254216496193238 14.609999656677246 31.459999084472656 AB 3.672552073911556 1.0435115877853496
60593.1029 lsst_hardware_z -2.9177928498213097 42.77000045776367 30.950000762939453 AB 4.554495979199271 1.084403804571255
60593.1221 lsst_hardware_g -14.616462319672912 22.940000534057617 31.610000610351562 AB 4.390685962475749 1.045401419637083
60597.1078 lsst_hardware_z 51.15765022604956 58.560001373291016 30.979999542236328 AB 6.5179003476562105 1.0512742496219694
60597.1284 lsst_hardware_r -29.754140643309867 75.13999938964844 31.65999984741211 AB 6.34644704489011 1.0214923819822637
60598.1142 lsst_hardware_z -115.29108529021381 93.19000244140625 31.739999771118164 AB 8.083965819376807 1.036317300150915
60600.1032 lsst_hardware_r -63.27463098121642 109.37000274658203 31.65999984741211 AB 9.001673271070487 1.0450454631481545
60600.1231 lsst_hardware_z -85.6952440912981 72.94999694824219 30.989999771118164 AB 8.647669431724529 1.0184212491356583
60602.1034 lsst_hardware_r -138.45912049339069 73.29000091552734 31.65999984741211 AB 3.385838089603863 1.0361374308328926
60602.122 lsst_hardware_y 22.783864529949987 51.66999816894531 30.06999969482422 AB 3.3166972934964973 1.0142805178889334
60604.0113 lsst_hardware_z 3.2120930378858055 46.41999816894531 30.93000030517578 AB 5.564906823942656 1.3308928947566279
60604.0301 lsst_hardware_u -3.9699483581590704 2.690000057220459 28.3799991607666 AB 5.124338095355928 1.2308258035282456
60606.0122 lsst_hardware_y 101.25582339167208 50.90999984741211 29.959999084472656 AB 3.6353079733709275 1.2939341425061142
60606.0314 lsst_hardware_r 19.369531910985984 23.059999465942383 31.459999084472656 AB 3.460122807980368 1.2010145116210929
60608.0133 lsst_hardware_y -154.5884171231456 50.939998626708984 29.969999313354492 AB 4.978272084144816 1.2592328367812187
60608.0328 lsst_hardware_z -37.836816915305704 43.040000915527344 30.940000534057617 AB 4.299095959582568 1.1736276705642064
60610.0124 lsst_hardware_y 13.571819059183786 51.439998626708984 29.989999771118164 AB 4.424894366429586 1.2369830032418139
60610.0306 lsst_hardware_u -1.747473097632124 2.7799999713897705 28.489999771118164 AB 4.127186314007043 1.1615515682743474
60612.0329 lsst_hardware_r 7.0043098128586925 22.799999237060547 31.489999771118164 AB 5.162893378146325 1.1350760422438106
60612.051 lsst_hardware_z -9.837920942261615 41.650001525878906 30.950000762939453 AB 5.582061696780695 1.0844570062389642
60614.0157 lsst_hardware_y 20.890620034264924 50.369998931884766 30.010000228881836 AB 4.9238626645791745 1.1763628250169247
60614.0353 lsst_hardware_r -18.250324867197566 22.600000381469727 31.489999771118164 AB 4.637482462422663 1.1112844129854693
60616.0158 lsst_hardware_z -9.89221725077344 44.2599983215332 30.940000534057617 AB 3.2735979813068665 1.155897477584006
60616.0346 lsst_hardware_g -1.7429406458967167 13.59000015258789 31.399999618530273 AB 3.179523080730799 1.0982492435096742
60623.0182 lsst_hardware_y 148.9204053885769 53.040000915527344 30.040000915527344 AB 13.748418024701925 1.0912597648985547
60623.036 lsst_hardware_g -2.9710906463139337 29.829999923706055 31.649999618530273 AB 13.317155218602165 1.0527395429725033
60625.0288 lsst_hardware_y 30.62162711769899 71.81999969482422 30.790000915527344 AB 5.549133058229908 1.055972037722152
60625.0642 lsst_hardware_z 89.92974365214002 72.66000366210938 31.719999313354492 AB 4.520020286377667 1.0102485274079347
60627.0262 lsst_hardware_y -3.0093853892606144 78.97000122070312 30.799999237060547 AB 6.408904843886971 1.0507119082812166
60628.0192 lsst_hardware_z 104.58227492682728 66.04000091552734 30.979999542236328 AB 5.901561058833242 1.0586709227434286
60628.0388 lsst_hardware_r 130.9451629775038 85.7300033569336 31.65999984741211 AB 5.742676597377579 1.0273737129305707
60630.0195 lsst_hardware_y 107.05662187651251 58.27000045776367 30.059999465942383 AB 3.6683006072845705 1.0480858877955916
60630.0362 lsst_hardware_z -73.12320462304054 57.97999954223633 30.979999542236328 AB 3.583590193570211 1.0238829124486317
60632.0205 lsst_hardware_y 85.46348400488107 57.95000076293945 30.059999465942383 AB 5.96487323713179 1.0376098638174283
60632.0368 lsst_hardware_u 0.802564299430543 2.7799999713897705 28.489999771118164 AB 5.7697103133063905 1.0173463582885682
