data/validation/pwv_sim_epoch_fit_epoch/11248492.ecsv
# %ECSV 0.9
# ---
# datatype:
# - {name: time, datatype: float64}
# - {name: band, datatype: string}
# - {name: flux, datatype: float64}
# - {name: fluxerr, datatype: float64}
# - {name: zp, datatype: float64}
# - {name: zpsys, datatype: string}
# - {name: pwv, datatype: float64}
# - {name: airmass, datatype: float64}
# meta: {SNID: '11248492', alt: 1024.0, c: -0.04967811331152916, dec: -6.429418, lat: -30.244573, lon: -70.7499537, ra: 55.898438, t0: 62522.2578125,
#   x0: 5.803873307950709e-06, x1: 1.0589523315429688, z: 0.5765771269798279}
# schema: astropy-2.0
time band flux fluxerr zp zpsys pwv airmass
62379.3945 lsst_hardware_z -105.15408174393622 49.130001068115234 30.959999084472656 AB 5.257797651032548 1.0980433660353388
62379.4123 lsst_hardware_y 41.60527799347607 54.81999969482422 30.040000915527344 AB 5.245475617664889 1.0941371008513585
62381.3847 lsst_hardware_r 24.951573734165756 30.329999923706055 31.549999237060547 AB 2.2525986037863044 1.1009768346951636
62381.4018 lsst_hardware_y 55.65810263388971 48.70000076293945 30.020000457763672 AB 2.390233521476384 1.0939283851150499
62386.3927 lsst_hardware_r 30.501703909517637 22.969999313354492 31.479999542236328 AB 2.2693804622894076 1.0940727792162985
62386.4111 lsst_hardware_y -27.016565087229537 60.900001525878906 30.040000915527344 AB 2.3078899423108608 1.1033297202394456
62391.3873 lsst_hardware_z -14.657021685106171 42.15999984741211 30.950000762939453 AB 3.375913895704553 1.0964912777690314
62391.4051 lsst_hardware_y -51.84836256082395 58.54999923706055 30.040000915527344 AB 3.4248882062229846 1.111375296773278
62394.3472 lsst_hardware_r -16.20355229245417 23.239999771118164 31.489999771118164 AB 1.4418379882961196 1.10260361072879
62394.3657 lsst_hardware_u 0.1696915290172111 2.690000057220459 28.399999618530273 AB 1.453527495634865 1.0939745325902144
62402.3578 lsst_hardware_z -42.15748158025429 66.83000183105469 30.979999542236328 AB 1.9172900845575913 1.0967433032076983
62402.3792 lsst_hardware_r 39.08608821235562 92.69000244140625 31.6299991607666 AB 1.6182240216373305 1.1167867644148373
62408.3159 lsst_hardware_r -55.7268977678809 51.0 31.6200008392334 AB 6.650055959500108 1.0977161576681471
62408.3361 lsst_hardware_z 60.229684199312146 50.41999816894531 30.959999084472656 AB 7.559782222187366 1.094747986704419
62412.3233 lsst_hardware_i 25.909983342396014 31.100000381469727 31.239999771118164 AB 3.5926546488231534 1.0943206362543874
62412.3419 lsst_hardware_z 13.667348652016916 41.9900016784668 30.940000534057617 AB 3.20443942088218 1.1049791106490277
62415.3258 lsst_hardware_r 27.385017751010977 22.719999313354492 31.479999542236328 AB 6.266450868086607 1.098686650454236
62415.3443 lsst_hardware_g 16.26126267596331 13.819999694824219 31.389999389648438 AB 6.953015082352029 1.1176234811897978
62421.2947 lsst_hardware_r 6.191674972669857 22.93000030517578 31.489999771118164 AB 5.79451329470854 1.0938891787512581
62421.3126 lsst_hardware_u -2.4707592075519713 2.630000114440918 28.360000610351562 AB 5.814947103984081 1.100898732295358
62424.241 lsst_hardware_g -23.1251653273422 20.56999969482422 31.530000686645508 AB 7.209544074284162 1.1363156573947928
62424.2583 lsst_hardware_r -15.89383300958265 23.209999084472656 31.489999771118164 AB 7.07966406682838 1.1096072410263382
62426.2877 lsst_hardware_i 10.081757768913358 37.880001068115234 31.270000457763672 AB 6.725485733450283 1.0949547370182398
62426.3056 lsst_hardware_z 78.3682060515222 42.189998626708984 30.940000534057617 AB 6.003223885833248 1.106908108818226
62428.2812 lsst_hardware_r -18.50689494712542 61.4900016784668 31.639999389648438 AB 3.9608753646042554 1.0946684563623
62428.2985 lsst_hardware_z 136.98658609657087 51.84000015258789 30.969999313354492 AB 4.199952406047626 1.105250633170428
62434.2639 lsst_hardware_r -106.97811187545886 94.23999786376953 31.639999389648438 AB 4.158913222245296 1.0944508479592885
62434.2821 lsst_hardware_z -101.11931183503708 70.19000244140625 30.979999542236328 AB 4.199875945739536 1.10523051203672
62436.2535 lsst_hardware_g -83.42136089111148 63.45000076293945 31.700000762939453 AB 3.5975928499639216 1.093881168589851
62436.2704 lsst_hardware_r -1.02825765934949 64.62000274658203 31.6299991607666 AB 3.6121421776887717 1.0999773164560378
62441.2405 lsst_hardware_z 3.145111220216333 42.119998931884766 30.940000534057617 AB 5.366756183532901 1.0938982929762957
62441.2597 lsst_hardware_r 12.375844249022018 23.56999969482422 31.489999771118164 AB 5.51972688064463 1.1022552514101427
62450.2323 lsst_hardware_u -1.254014483575466 2.700000047683716 28.420000076293945 AB 9.918887609552158 1.1000614724086917
62450.2501 lsst_hardware_r 3.667213676270559 23.389999389648438 31.489999771118164 AB 10.613774326979222 1.1195964479935887
62452.232 lsst_hardware_i -68.00113421510734 31.540000915527344 31.239999771118164 AB 7.632651248848053 1.104314142587131
62452.2506 lsst_hardware_z 17.93118252767029 42.95000076293945 30.940000534057617 AB 4.6301406693469005 1.129302602279732
62455.2049 lsst_hardware_z 50.80636318292908 47.16999816894531 30.959999084472656 AB 4.158651628477005 1.0941420640588482
62455.2232 lsst_hardware_r -1.867337694510119 38.900001525878906 31.59000015258789 AB 8.20308835415757 1.1037524696119754
62457.2245 lsst_hardware_y -106.71622992015462 73.62000274658203 30.780000686645508 AB 6.07572674629246 1.1108715406426302
62459.2143 lsst_hardware_r 109.85228055388349 107.1500015258789 31.639999389648438 AB 5.877111341513166 1.1056727459145252
62459.2344 lsst_hardware_i 8.327428623295553 86.36000061035156 31.31999969482422 AB 6.0197088175416775 1.1346523280111451
62462.1898 lsst_hardware_i 36.03865448520671 97.22000122070312 31.329999923706055 AB 4.026544686178723 1.0950624656455596
62462.2102 lsst_hardware_z 97.42680319154925 83.93000030517578 30.989999771118164 AB 3.4830332581476995 1.110100637374104
62464.189 lsst_hardware_r -63.78197539641132 74.66999816894531 31.639999389648438 AB 8.5175555104603 1.0969634468697356
62464.2103 lsst_hardware_z -7.506977842024616 59.369998931884766 30.969999313354492 AB 8.590264567247242 1.1172995611034664
62472.1834 lsst_hardware_z -17.444093830947455 42.31999969482422 30.940000534057617 AB 7.044570381838132 1.1106930046256416
62472.2019 lsst_hardware_r 8.929114019251156 23.459999084472656 31.479999542236328 AB 7.198591994590282 1.140581809642487
62476.1577 lsst_hardware_g -27.878617723458067 14.220000267028809 31.420000076293945 AB 5.98543717083053 1.0977418011610327
62476.1758 lsst_hardware_r 7.36953244534587 23.31999969482422 31.489999771118164 AB 5.797481902960876 1.1149003659540146
62478.1539 lsst_hardware_i -55.53131378315772 31.309999465942383 31.239999771118164 AB 4.065325222626478 1.0987365466558048
62478.172 lsst_hardware_z -32.61254564749595 42.470001220703125 30.940000534057617 AB 4.993834602140837 1.1171889490247957
62480.1575 lsst_hardware_r -27.046484153580153 23.209999084472656 31.489999771118164 AB 8.191829446980037 1.106206713222007
62480.1759 lsst_hardware_u 0.1460144970010404 2.6600000858306885 28.3700008392334 AB 10.927015263685103 1.132460320797855
62482.1515 lsst_hardware_g -28.231283500869605 18.510000228881836 31.5 AB 13.067196067673457 1.105663849585547
62482.1696 lsst_hardware_i -23.96803380018166 32.75 31.25 AB 14.362716308380612 1.1309225439669774
62484.15 lsst_hardware_z 71.74552150100618 47.529998779296875 30.959999084472656 AB 7.88057230092426 1.1099397606935577
62484.1688 lsst_hardware_r -31.38419578706536 41.459999084472656 31.59000015258789 AB 8.663177687798056 1.1398918010260601
62488.0786 lsst_hardware_z 15.41321896777525 73.52999877929688 30.979999542236328 AB 4.468123036263733 1.1158451735690162
62488.0971 lsst_hardware_r -64.09122886254322 99.25 31.639999389648438 AB 4.352293059888211 1.097908697049504
62490.082 lsst_hardware_i -2.6673655750608813 89.77999877929688 31.329999923706055 AB 5.709491074749811 1.1054193755565944
62490.1009 lsst_hardware_z -26.452056295048646 77.88999938964844 30.989999771118164 AB 3.6026320753469414 1.0943319808671435
62492.0812 lsst_hardware_r 105.58846935843316 87.09553091746652 31.639999389648438 AB 5.96719744840595 1.101297591216109
62492.1002 lsst_hardware_z 49.806233010978026 64.52193303777214 30.979999542236328 AB 4.412632540507827 1.09386032238667
62496.08 lsst_hardware_z 2.6051419999463903 42.68725592237485 30.940000534057617 AB 10.624363187794145 1.0956340298850331
62496.0993 lsst_hardware_r 48.795676574298 24.119574266835997 31.479999542236328 AB 8.24065083688671 1.0958919492729042
62498.0867 lsst_hardware_u 6.697132769952772 3.452252702978476 28.43000030517578 AB 5.9113698911661885 1.0940228052744334
62498.1062 lsst_hardware_g 52.23205668596765 15.579036483543877 31.399999618530273 AB 5.9419585658391805 1.1041112231352685
62500.0492 lsst_hardware_z 187.1804610888205 46.58660741745938 30.950000762939453 AB 9.24283999536019 1.1114748967265002
62500.0696 lsst_hardware_r 337.7008599375883 29.014303642891722 31.479999542236328 AB 9.269149002298377 1.0954390729432093
62502.0491 lsst_hardware_y 107.23046747328411 50.52541046230779 30.020000457763672 AB 7.618781867510076 1.1055476118109466
62502.071 lsst_hardware_z 257.3606251680271 45.37631733313419 30.940000534057617 AB 7.5394678394352175 1.0939337295522562
62504.0491 lsst_hardware_y 131.14851550661527 52.04494904983587 30.040000915527344 AB 7.431548372354667 1.1007798709884193
62504.0702 lsst_hardware_u -8.137029037983183 3.914116925604127 28.43000030517578 AB 7.3840941515410305 1.0940074056237072
62511.0408 lsst_hardware_y 344.3576649748058 65.89441952734691 30.040000915527344 AB 12.677170534717623 1.0950228282642525
62511.0617 lsst_hardware_g 687.077617890398 32.689874944399584 31.540000915527344 AB 9.87375511120904 1.097490379163656
62513.0388 lsst_hardware_z 1026.1342086742645 67.99771953156723 30.979999542236328 AB 5.6332942203127985 1.0941976471957524
62513.0568 lsst_hardware_i 1413.986678681378 56.423451207585195 31.280000686645508 AB 4.211446747002073 1.0978029969376675
62737.4025 lsst_hardware_i 27.151248220489798 31.799999237060547 31.25 AB 4.211145301296705 1.1079045780838477
62737.4221 lsst_hardware_z 53.57584352790811 55.08000183105469 30.979999542236328 AB 3.7072946212766564 1.0947544222093137
62739.4012 lsst_hardware_r -16.449652662721345 23.760000228881836 31.5 AB 2.3183595158345285 1.1037617214844015
62739.418 lsst_hardware_y 131.20007914994324 54.33000183105469 30.040000915527344 AB 2.611136050739558 1.0944335525278373
62741.4001 lsst_hardware_r 55.87310409846869 23.299999237060547 31.489999771118164 AB 3.980564251970319 1.1002112360338083
62741.4164 lsst_hardware_y 6.429454168124533 53.349998474121094 30.040000915527344 AB 3.968425824689097 1.0939334258997786
62743.3998 lsst_hardware_z -17.04672502539863 42.119998931884766 30.940000534057617 AB 2.6497148770657946 1.097039005133506
62743.4167 lsst_hardware_y -67.09272204626309 56.90999984741211 30.040000915527344 AB 2.461119258900613 1.094317144909121
62746.2978 lsst_hardware_r -24.77124972939036 24.450000762939453 31.450000762939453 AB 3.518947352901943 1.3716864783113465
62746.314 lsst_hardware_y -102.40958562327516 49.9900016784668 29.969999313354492 AB 3.354009108794292 1.2823995317996335
62749.3251 lsst_hardware_i 3.056793674617261 31.8700008392334 31.229999542236328 AB 2.136427786660745 1.2042997670015472
62749.3447 lsst_hardware_z 21.581407128759427 42.58000183105469 30.940000534057617 AB 1.3890337802737363 1.1493866613766954
62754.3839 lsst_hardware_z 94.16337852781712 50.650001525878906 30.959999084472656 AB 2.454858153386619 1.0939653089958197
62754.402 lsst_hardware_y 48.635931779737575 49.93000030517578 30.030000686645508 AB 2.4823958243883433 1.1019809815278234
62756.3774 lsst_hardware_z 8.89427512049067 63.56999969482422 30.979999542236328 AB 3.3793725377058315 1.093913583460656
62756.3966 lsst_hardware_y -79.44472061832177 55.5099983215332 30.030000686645508 AB 3.408763942025302 1.1020304785900001
62759.3497 lsst_hardware_y -20.431298004282585 54.709999084472656 30.040000915527344 AB 1.4384761829951218 1.1011555368679167
62759.3677 lsst_hardware_r 27.02522497040767 82.41999816894531 31.639999389648438 AB 1.4408706212701845 1.0939167060130466
62761.3475 lsst_hardware_i -64.58021852950912 57.33000183105469 31.309999465942383 AB 1.42411031796959 1.098850553988881
62761.3661 lsst_hardware_z -30.36832581519035 55.880001068115234 30.969999313354492 AB 1.413021728188876 1.0940934790462227
62766.3336 lsst_hardware_u -3.859169516341452 2.9100000858306885 28.489999771118164 AB 1.6542869695500264 1.0990114396614301
62766.3538 lsst_hardware_r -49.20792648624607 24.610000610351562 31.510000228881836 AB 1.6731834335287574 1.0942991716998673
62769.3192 lsst_hardware_r -58.446055713967326 22.969999313354492 31.469999313354492 AB 6.731293684710712 1.103852686899175
62769.3383 lsst_hardware_u -4.34752644774032 2.619999885559082 28.350000381469727 AB 6.369163032850358 1.0940759310917048
62770.3404 lsst_hardware_g -8.4759728577787 13.930000305175781 31.399999618530273 AB 4.577391094230607 1.0939791501845704
62770.3542 lsst_hardware_r 3.571778966535947 22.90999984741211 31.479999542236328 AB 4.588727297419301 1.09896474611886
62775.3234 lsst_hardware_r -4.892939020449151 22.729999542236328 31.479999542236328 AB 4.825388378396958 1.093944316118207
62775.3426 lsst_hardware_g -7.918209164053673 13.859999656677246 31.40999984741211 AB 4.6014097300562256 1.1003769780923616
62777.3121 lsst_hardware_r 24.501576108939364 22.93000030517578 31.489999771118164 AB 3.5568597243352107 1.0949799048748725
62777.3324 lsst_hardware_i 16.666879303059172 31.0 31.25 AB 3.5726926988308625 1.0973766864435293
62779.3074 lsst_hardware_u 2.451518497330212 2.740000009536743 28.450000762939453 AB 7.566019714406076 1.0947660951957792
62779.3259 lsst_hardware_g 6.416897220207327 14.079999923706055 31.420000076293945 AB 7.591893137746419 1.09684342037536
62784.298 lsst_hardware_i -23.91555257029184 71.23999786376953 31.329999923706055 AB 3.0569256641332636 1.094005784784245
62784.3153 lsst_hardware_z 61.815632463182006 64.05999755859375 30.979999542236328 AB 3.0477930904817963 1.0985347396083727
62786.2906 lsst_hardware_r -146.60839222554876 114.1500015258789 31.649999618530273 AB 5.988066451082229 1.0942603958302761
62786.309 lsst_hardware_z 99.5523115352501 77.69000244140625 30.989999771118164 AB 5.799520261683929 1.098030058538182
62788.2886 lsst_hardware_r -83.5308062912264 98.0199966430664 31.649999618530273 AB 6.337853592772146 1.093912162722269
62788.3074 lsst_hardware_i 179.34580050515152 79.76000213623047 31.329999923706055 AB 5.527350564553685 1.1005908269113842
62790.2912 lsst_hardware_z -43.082471820967676 58.40999984741211 30.979999542236328 AB 7.972213289550169 1.0949965029656739
62790.3089 lsst_hardware_i 2.977044848506277 60.459999084472656 31.31999969482422 AB 7.809562097471484 1.1067973494148928
62792.2909 lsst_hardware_z -18.8865258957781 67.08999633789062 31.709999084472656 AB 5.669476696551901 1.0970880357123007
62797.227 lsst_hardware_z -26.81331097957327 42.58000183105469 30.940000534057617 AB 4.006477885117959 1.1236265920684603
62797.2436 lsst_hardware_u -4.277264828412278 2.7100000381469727 28.40999984741211 AB 3.7691817559702243 1.1030944338622122
62798.2805 lsst_hardware_r 4.0796610828535815 23.270000457763672 31.489999771118164 AB 3.287078751326064 1.1008915717530776
62798.2968 lsst_hardware_g 1.363224846839142 14.260000228881836 31.40999984741211 AB 3.5870985835993343 1.1190158578309275
62802.2551 lsst_hardware_z 9.844072717056521 42.279998779296875 30.950000762939453 AB 2.4674721778108255 1.0942226952597893
62802.2723 lsst_hardware_i -0.23813506095822023 31.479999542236328 31.260000228881836 AB 2.4935970606579057 1.1031174787251705
62804.2024 lsst_hardware_u 1.533336978902102 2.930000066757202 28.579999923706055 AB 5.8278767928932975 1.1331667884294825
62804.2189 lsst_hardware_g -3.737020221007102 14.579999923706055 31.459999084472656 AB 5.516646197806111 1.1086507632247007
62818.2321 lsst_hardware_r 20.51364659184479 83.63999938964844 31.639999389648438 AB 7.399123773591589 1.1064248187902366
62818.249 lsst_hardware_i -75.09467968903671 69.48999786376953 31.309999465942383 AB 7.551778712035635 1.1300969527544453
62828.1922 lsst_hardware_r 24.204367771959955 33.0099983215332 32.2400016784668 AB 6.777565773488267 1.0968709780690966
62828.213 lsst_hardware_i -18.94005656216788 44.47999954223633 31.989999771118164 AB 6.906007206092915 1.1163027893142996
62830.187 lsst_hardware_z -0.7105723678599491 41.7400016784668 30.940000534057617 AB 6.5220337771075245 1.0970005231735398
62830.2056 lsst_hardware_r 7.921218154091539 23.190000534057617 31.479999542236328 AB 6.6229742895500365 1.1136976468512716
62834.1398 lsst_hardware_i -3.890469119841057 31.15999984741211 31.25 AB 5.5936296712815325 1.1056789229652706
62834.1595 lsst_hardware_z -4.6208907511508395 41.86000061035156 30.950000762939453 AB 5.529634348501516 1.0942548183050047
62837.1814 lsst_hardware_r -29.180200510713814 28.3700008392334 31.540000915527344 AB 7.038039088528298 1.1076548770110275
62837.1989 lsst_hardware_z 23.127052148821576 43.779998779296875 30.940000534057617 AB 7.202025725017891 1.1333443755273274
62839.1626 lsst_hardware_y 7.244634670842854 70.80000305175781 30.790000915527344 AB 3.5304227901162992 1.0970860130877251
62841.1555 lsst_hardware_r -46.81872300512153 81.83999633789062 31.639999389648438 AB 5.983058437204934 1.0963002175364056
62841.1741 lsst_hardware_i 10.290709722357246 68.69999694824219 31.31999969482422 AB 5.781550739948044 1.1118366807592392
62845.1644 lsst_hardware_z 184.2399405913667 110.98999786376953 31.739999771118164 AB 8.264222133712332 1.1133764326000086
62845.1861 lsst_hardware_r 28.048438189367364 166.86000061035156 32.38999938964844 AB 11.270527207992068 1.152317277099701
62850.1505 lsst_hardware_i 67.42768400739091 39.599998474121094 31.280000686645508 AB 8.760089006320555 1.1130570214273035
62850.1687 lsst_hardware_z 39.94478684449221 47.40999984741211 30.950000762939453 AB 9.12142758626389 1.1439523386676476
62852.1168 lsst_hardware_r -42.13727281772899 23.239999771118164 31.489999771118164 AB 10.530936465313049 1.0939811936437398
62852.1379 lsst_hardware_u -3.1033618061652857 2.7899999618530273 28.479999542236328 AB 10.369253728134296 1.1050518173532702
62854.0832 lsst_hardware_u 0.9644788813246675 2.7799999713897705 28.479999542236328 AB 4.555011233583378 1.1077361949374247
62854.1057 lsst_hardware_g 5.419783576569116 14.239999771118164 31.440000534057617 AB 3.361869938522289 1.0941212644354728
62856.0868 lsst_hardware_r 5.946979561790736 23.079999923706055 31.5 AB 3.4090995254017225 1.0997095243231363
62856.1073 lsst_hardware_i 27.346239870505194 31.0 31.25 AB 3.391861198685013 1.094148773769359
62859.0821 lsst_hardware_z -56.44290888760391 41.81999969482422 30.940000534057617 AB 7.05187342670678 1.0975393779730922
62859.1027 lsst_hardware_r 0.15678385783088905 22.90999984741211 31.489999771118164 AB 6.768390564725515 1.094943066363389
62862.0818 lsst_hardware_u -0.44238130707511397 2.7100000381469727 28.43000030517578 AB 6.959059509663087 1.0944929044413332
62862.1022 lsst_hardware_r 18.786970474867108 23.06999969482422 31.5 AB 5.500379795965782 1.0984283167181474
62867.0776 lsst_hardware_r -33.68650348425826 38.97999954223633 31.59000015258789 AB 7.542762742613194 1.0941974727512895
62867.1013 lsst_hardware_z -79.27634809833296 46.08000183105469 30.950000762939453 AB 7.687624179066383 1.109667946388406
62869.0584 lsst_hardware_y 28.163174549893437 76.75 30.790000915527344 AB 7.118766696169158 1.0958270842669449
62871.051 lsst_hardware_z -3.909789437902329 65.77999877929688 30.979999542236328 AB 11.656600964209506 1.096678988071269
62871.073 lsst_hardware_i -69.96532561925706 71.86000061035156 31.31999969482422 AB 11.689778876855655 1.096036648713672
62873.0405 lsst_hardware_y 24.630327108519673 97.31999969482422 30.799999237060547 AB 10.629954683478376 1.0996220459965735
62873.061 lsst_hardware_r 186.26433354050062 139.27999877929688 32.400001525878906 AB 10.709104565329888 1.0941613859851738
62875.0398 lsst_hardware_y 56.112874321329 68.05999755859375 30.049999237060547 AB 7.683174344765697 1.0968128971828262
62875.0594 lsst_hardware_r 49.590080094697655 87.25 31.639999389648438 AB 9.376600246886921 1.0950560861359686
62880.0386 lsst_hardware_y 111.29228964532096 67.79000091552734 30.049999237060547 AB 6.891429513142622 1.093877700498829
62880.0577 lsst_hardware_z 74.26059765401487 42.279998779296875 30.950000762939453 AB 7.222247696663896 1.101722142756839
62882.0395 lsst_hardware_y 24.16974148441615 60.540000915527344 30.040000915527344 AB 3.29286138467668 1.0948225816280661
62882.0593 lsst_hardware_u 4.501331500685414 2.740000009536743 28.3799991607666 AB 3.71868640346073 1.1084839119042342
