data/validation/pwv_sim_epoch_fit_epoch/11442455.ecsv
# %ECSV 0.9
# ---
# datatype:
# - {name: time, datatype: float64}
# - {name: band, datatype: string}
# - {name: flux, datatype: float64}
# - {name: fluxerr, datatype: float64}
# - {name: zp, datatype: float64}
# - {name: zpsys, datatype: string}
# - {name: pwv, datatype: float64}
# - {name: airmass, datatype: float64}
# meta: {SNID: '11442455', alt: 1024.0, c: 0.10915721207857132, dec: -0.149208, lat: -30.244573, lon: -70.7499537, ra: 304.453125, t0: 59790.71875,
#   x0: 3.1292423658175197e-05, x1: 0.29114586114883423, z: 0.2829347848892212}
# schema: astropy-2.0
time band flux fluxerr zp zpsys pwv airmass
59843.0253 lsst_hardware_u 4.862114940084012 3.155435801304598 28.420000076293945 AB 4.540193785748912 1.1641522527561312
59843.0451 lsst_hardware_r 950.0872926064143 38.756823774420845 31.489999771118164 AB 4.53358529734155 1.1567235832645255
59845.0242 lsst_hardware_i 1523.4562603746892 49.97833313323128 31.229999542236328 AB 1.7414299930623578 1.1609533287082385
59845.044 lsst_hardware_z 1134.8202809412492 54.2791488789051 30.940000534057617 AB 1.5805849317048857 1.15751368121925
59849.0279 lsst_hardware_r 767.3322887058498 37.21601293057695 31.469999313354492 AB 3.603998224236973 1.156672337278515
59849.0475 lsst_hardware_u -6.690372699938445 2.721050980674842 28.260000228881836 AB 3.2659378238295904 1.1664063656534251
59853.9968 lsst_hardware_z 797.0537142341964 53.94039934484675 30.950000762939453 AB 8.243772313335741 1.1629237034776396
59854.0174 lsst_hardware_i 1184.3309593687545 50.08394072843501 31.25 AB 5.773526110431064 1.157038583229058
59856.9933 lsst_hardware_y 62.39695828809391 63.09000015258789 30.030000686645508 AB 3.8048139243427905 1.1598569056801495
59857.0145 lsst_hardware_r -37.821092063069145 77.73999786376953 31.6299991607666 AB 3.210701701690425 1.1586797912993232
59858.9931 lsst_hardware_y 82.16028180893467 62.119998931884766 30.020000457763672 AB 6.879151272968159 1.1576352953428333
59859.0111 lsst_hardware_r 53.16378892232635 84.62000274658203 31.6200008392334 AB 4.5163301472786 1.1596688014581076
59860.9943 lsst_hardware_y -52.8236726120295 66.80000305175781 30.030000686645508 AB 5.284165043156671 1.1566520834314702
59861.0118 lsst_hardware_z 133.72651173272052 64.41999816894531 30.969999313354492 AB 4.542921817827196 1.163807305707165
60068.3477 lsst_hardware_z 70.0538355973905 139.6999969482422 30.969999313354492 AB 10.835654022160123 1.3142755169143525
60068.3642 lsst_hardware_y -310.4518551577048 149.8800048828125 30.0 AB 10.415648397656629 1.2510037110587484
60070.4093 lsst_hardware_r 48.83775475303543 96.83000183105469 31.6299991607666 AB 3.0786491095865807 1.1596757169551108
60070.4272 lsst_hardware_y 170.93501220618964 152.6699981689453 30.040000915527344 AB 2.7694768343464387 1.1575660749619388
60072.4094 lsst_hardware_z 203.17608289447637 199.77000427246094 31.739999771118164 AB 12.256556292875477 1.1574436186925974
60077.3878 lsst_hardware_g -110.03075314790227 106.04000091552734 31.690000534057617 AB 7.668931117777993 1.161079654470588
60077.4069 lsst_hardware_y 122.51581308565794 152.3699951171875 30.040000915527344 AB 7.549919871683702 1.1572531992157729
60080.3483 lsst_hardware_r -45.19011816982808 96.08000183105469 31.6200008392334 AB 4.951386847946906 1.2051568328944338
60080.3692 lsst_hardware_i 24.0631147400793 112.98999786376953 31.31999969482422 AB 4.858016486992004 1.1703243765338194
60085.3974 lsst_hardware_r -92.77191471834814 96.63999938964844 31.6299991607666 AB 8.306123268293812 1.1637300551024605
60085.4161 lsst_hardware_i 86.29015277349546 112.87000274658203 31.31999969482422 AB 8.5394025146669 1.1874299540661752
60100.3211 lsst_hardware_r 234.08252993399256 96.43000030517578 31.6200008392334 AB 7.443225698706369 1.1639588253968285
60100.3433 lsst_hardware_i -111.36569485326706 112.9800033569336 31.31999969482422 AB 6.109909027905013 1.1570884294936281
60118.2867 lsst_hardware_g 88.96582594062357 105.7300033569336 31.68000030517578 AB 4.36622615956623 1.1568715812495924
60118.3093 lsst_hardware_r -131.94435826180995 96.37000274658203 31.6200008392334 AB 3.10052560633911 1.1654650819467898
60120.2986 lsst_hardware_i 109.99311633974756 159.82000732421875 32.06999969482422 AB 4.648634905455562 1.1613602911637153
60120.3258 lsst_hardware_z 57.94672899413394 199.16000366210938 31.739999771118164 AB 4.7935289388389934 1.1973096448195975
60121.3041 lsst_hardware_r 173.9634003842924 96.2699966430664 31.6200008392334 AB 6.4452542133796245 1.1683946244569987
60121.3257 lsst_hardware_g -7.937300371473189 104.66000366210938 31.65999984741211 AB 6.6474945947872515 1.2028036058119274
60123.2703 lsst_hardware_z 139.24114945509857 141.35000610351562 31.0 AB 6.653125059235991 1.1574342647051301
60123.2901 lsst_hardware_r 93.2698673654452 96.76000213623047 31.6299991607666 AB 6.690602957294084 1.1611598329215698
60125.2642 lsst_hardware_i -192.36536476832998 113.19999694824219 31.31999969482422 AB 4.022522006493326 1.1576158107803711
60125.2835 lsst_hardware_z 20.634302083421034 141.22999572753906 30.989999771118164 AB 4.048249398479087 1.1604556108582564
60128.2622 lsst_hardware_r 51.72003834962988 96.83000183105469 31.6299991607666 AB 7.507324146877854 1.1566634537982705
60128.2816 lsst_hardware_z 171.95524658048546 141.14999389648438 30.989999771118164 AB 7.547024583400544 1.1651137913393073
60132.2946 lsst_hardware_i -83.98013660957662 112.47000122070312 31.309999465942383 AB 1.7856961907742637 1.2005352842898998
60132.3075 lsst_hardware_z -124.81505600924254 140.25 30.979999542236328 AB 1.8469665607507688 1.2324065129564739
60137.198 lsst_hardware_u 16.51682588975561 51.36000061035156 30.1299991607666 AB 6.946687785508578 1.1941532142350042
60137.2191 lsst_hardware_r 115.27120393519095 136.47000122070312 32.380001068115234 AB 8.21484441939025 1.1648131044863879
60141.2285 lsst_hardware_r 92.34187173201444 96.69999694824219 31.6299991607666 AB 3.3163228195336876 1.156722294919319
60141.2565 lsst_hardware_u 26.865657391116372 36.7400016784668 29.40999984741211 AB 3.8230766244748304 1.176965019464275
60143.2241 lsst_hardware_g -179.23631115977904 105.83999633789062 31.68000030517578 AB 2.374958715793207 1.156823534239263
60143.2468 lsst_hardware_r 44.70241692299665 96.36000061035156 31.6200008392334 AB 2.354127278469073 1.1714990188947862
60145.2062 lsst_hardware_i -153.78826392552372 113.16999816894531 31.31999969482422 AB 3.9615018848304953 1.158898649877278
60145.2247 lsst_hardware_z 216.17970159680934 141.13999938964844 30.989999771118164 AB 3.366665735475353 1.1583894031914277
60148.2193 lsst_hardware_r 35.408441942273 96.58999633789062 31.6299991607666 AB 5.664173144469325 1.1596812498273685
60148.2413 lsst_hardware_g 123.01727162256128 105.4000015258789 31.68000030517578 AB 5.784333169076603 1.182809590841127
60151.1499 lsst_hardware_z 43.126919921284696 140.64999389648438 30.979999542236328 AB 11.095867959657165 1.2159078005596535
60151.1706 lsst_hardware_r 96.21910039489161 96.44999694824219 31.6200008392334 AB 12.620911428221795 1.1763270948796616
60154.1836 lsst_hardware_i 81.2619781716845 160.02999877929688 32.06999969482422 AB 4.859959990540515 1.158098413091985
60159.1329 lsst_hardware_r -155.6299077315017 95.77999877929688 31.610000610351562 AB 2.265588803059925 1.204566488113385
60161.1718 lsst_hardware_g -0.6149242916508875 106.22000122070312 31.690000534057617 AB 1.8965760088035248 1.1566838842062563
60161.1917 lsst_hardware_r -17.659194279815253 96.6500015258789 31.6299991607666 AB 1.8668229451828644 1.165307706106657
60163.1555 lsst_hardware_i 178.5116007070255 160.0 32.06999969482422 AB 3.047988790241388 1.1596659950189174
60163.1783 lsst_hardware_z -316.7565166045874 141.0500030517578 30.989999771118164 AB 3.2523741637147117 1.1596639418979808
60169.1322 lsst_hardware_u -9.737767292841015 36.790000915527344 29.40999984741211 AB 3.9392386286255094 1.164421705180464
60169.1519 lsst_hardware_r 2.3994410103883204 96.61000061035156 31.6299991607666 AB 3.8935323942386244 1.1567238247886584
60177.1469 lsst_hardware_r -4.681436697307329 96.56999969482422 31.6299991607666 AB 2.0833964948687935 1.1643423033916505
60177.1692 lsst_hardware_u -31.43383676142546 36.5 29.389999389648438 AB 2.093150772055446 1.1954030679928305
60180.1015 lsst_hardware_y -47.35666792914302 152.47000122070312 30.040000915527344 AB 3.2799612589919005 1.1650002991831525
60180.1207 lsst_hardware_g -70.87946011087458 106.29000091552734 31.690000534057617 AB 3.2695598096466125 1.1566838949223623
60184.0804 lsst_hardware_z -142.80762506890332 140.80999755859375 30.989999771118164 AB 4.117651779403099 1.176471936972314
60184.0971 lsst_hardware_r 74.80295586997956 96.51000213623047 31.6299991607666 AB 4.07665799831654 1.1602565277565275
60196.056 lsst_hardware_r 31.904780921341406 96.47000122070312 31.6299991607666 AB 3.0049783473648053 1.1666798294414928
60196.0746 lsst_hardware_i 49.30279447157687 112.95999908447266 31.31999969482422 AB 2.9777892092243268 1.1567973619518266
60199.0578 lsst_hardware_z 73.12903766787336 140.97000122070312 30.989999771118164 AB 3.2677822285317033 1.1593704503553903
60199.076 lsst_hardware_r -7.102713109631266 96.44999694824219 31.6200008392334 AB 3.3779109541895926 1.15794239416886
60201.0578 lsst_hardware_u -8.162901709766926 37.04999923706055 29.420000076293945 AB 1.3288219377186976 1.1573423757166768
60201.0751 lsst_hardware_r -7.802079847208472 96.63999938964844 31.6299991607666 AB 1.3502092840658297 1.1599736117404036
60207.1184 lsst_hardware_z -63.613480806530916 242.3000030517578 32.16999816894531 AB 5.121826313568636 1.2853032427031856
60207.1673 lsst_hardware_r 233.9480641354254 158.72000122070312 32.709999084472656 AB 9.98867999093034 1.594489582716872
60209.0284 lsst_hardware_y 141.82294501279563 152.36000061035156 30.040000915527344 AB 2.96492455385782 1.1605158407688354
60209.0487 lsst_hardware_g 124.37930496760904 106.0 31.690000534057617 AB 2.9611554786183554 1.1579452453291608
60211.0234 lsst_hardware_r 130.65548026900825 96.38999938964844 31.6200008392334 AB 3.3003217571034096 1.1602467066631779
60211.0412 lsst_hardware_i 69.1256029507191 112.83999633789062 31.31999969482422 AB 3.2855177338916266 1.157347877845932
60215.029 lsst_hardware_z -79.42512252291546 140.97999572753906 30.989999771118164 AB 5.479693163224649 1.1570705254037619
60215.0496 lsst_hardware_r 188.38257365535048 96.27999877929688 31.6200008392334 AB 5.253506996389797 1.1708066479093242
60217.9959 lsst_hardware_y -16.36546054222305 152.1699981689453 30.040000915527344 AB 3.6430461586127807 1.1667081372672172
60218.0154 lsst_hardware_u 24.440426513362 37.119998931884766 29.43000030517578 AB 7.037726660813744 1.1567281184737013
60222.9948 lsst_hardware_y 74.30709063851049 152.3000030517578 30.040000915527344 AB 3.870519083584371 1.1582600748881628
60223.0154 lsst_hardware_r -65.5411112583168 96.58999633789062 31.6299991607666 AB 3.962994494520454 1.1601837993228947
