data/validation/pwv_sim_epoch_fit_epoch/11521956.ecsv
# %ECSV 0.9
# ---
# datatype:
# - {name: time, datatype: float64}
# - {name: band, datatype: string}
# - {name: flux, datatype: float64}
# - {name: fluxerr, datatype: float64}
# - {name: zp, datatype: float64}
# - {name: zpsys, datatype: string}
# - {name: pwv, datatype: float64}
# - {name: airmass, datatype: float64}
# meta: {SNID: '11521956', alt: 1024.0, c: -0.08598048239946365, dec: -36.609226, lat: -30.244573, lon: -70.7499537, ra: 318.164062, t0: 63038.53515625,
#   x0: 2.284780201252154e-06, x1: 0.9155501127243042, z: 0.843469500541687}
# schema: astropy-2.0
time band flux fluxerr zp zpsys pwv airmass
62984.3586 lsst_hardware_r 51.506652226474735 24.969999313354492 31.459999084472656 AB 4.405548330993218 1.2537132416032264
62984.3776 lsst_hardware_i -49.26618139201638 32.58000183105469 31.229999542236328 AB 5.913997877913455 1.1738781020074345
62999.3226 lsst_hardware_i 21.14575595008478 48.15999984741211 31.280000686645508 AB 8.477708842969959 1.2307939667494132
62999.341 lsst_hardware_z -27.98008432422583 50.95000076293945 30.959999084472656 AB 7.143676947962697 1.1584654095455602
63015.2546 lsst_hardware_i 253.41591164782736 36.53134169716586 31.209999084472656 AB 11.328678032701362 1.3605570206811048
63015.2742 lsst_hardware_z 75.57758311119699 45.858188215181215 30.93000030517578 AB 10.461390535314237 1.2526111197742207
63019.2487 lsst_hardware_z 367.28808075029383 55.13405098915306 30.93000030517578 AB 13.99631163971313 1.3299843184929276
63019.2664 lsst_hardware_i 430.1827993901243 51.91913107563941 31.270000457763672 AB 12.187947017593757 1.2380253623884767
63019.394 lsst_hardware_g 55.26012726816036 14.914141526102528 31.450000762939453 AB 7.6494103285753905 1.0069650929475025
63019.4055 lsst_hardware_i 367.47639817936647 36.38586351279554 31.25 AB 7.746200315608056 1.0115834561681674
63020.2564 lsst_hardware_z 208.3530311038073 57.386433740620845 30.950000762939453 AB 11.212879999374834 1.2730336057418905
63020.2768 lsst_hardware_r 402.8827367753704 66.33676139950244 31.610000610351562 AB 10.36732064931254 1.1832589670130347
63020.4003 lsst_hardware_z 315.33452538773315 44.23227781023299 30.959999084472656 AB 10.857935507677915 1.010275460123546
63020.4141 lsst_hardware_r 365.2396799297393 29.08020958251554 31.5 AB 10.999655894586054 1.0198401484611725
63022.4002 lsst_hardware_y 104.39352679258562 77.4126451263844 30.81999969482422 AB 4.66134333903465 1.0133355084857936
63031.264 lsst_hardware_r 642.7749151433064 34.327584128838645 31.489999771118164 AB 13.994421199193454 1.1255114029618207
63031.285 lsst_hardware_i 822.0634642046571 41.94913631721179 31.25 AB 13.307415715468718 1.0730633035804256
63040.1882 lsst_hardware_i 687.1894824911241 43.27257774477038 31.209999084472656 AB 4.163995172537826 1.3490265137811528
63040.2094 lsst_hardware_z 1137.1098872389389 70.57388440961154 31.68000030517578 AB 3.923872480326711 1.2365144370778458
63040.2333 lsst_hardware_r 535.0729772827655 32.89671530420826 31.479999542236328 AB 3.633905132452678 1.1443868675878675
63044.2791 lsst_hardware_z 544.8611808305293 46.94224804659688 30.950000762939453 AB 7.357142797124744 1.026482577963642
63044.3008 lsst_hardware_i 803.4949195382134 40.90901225412339 31.260000228881836 AB 6.7866444747249535 1.0096919548798562
63046.2435 lsst_hardware_r 432.45146421120904 35.63905851679695 31.549999237060547 AB 2.952650862381746 1.0742120527704628
63046.2638 lsst_hardware_z 520.2286247419825 47.06355302771833 30.950000762939453 AB 2.811947675031402 1.0387689970562992
63048.2536 lsst_hardware_r 449.7268069878924 54.2663073468783 31.6299991607666 AB 8.5695502367896 1.0457898023174066
63048.3047 lsst_hardware_i 1512.6490223677843 65.08719411815676 32.029998779296875 AB 8.762524215783632 1.005972586623476
63048.3493 lsst_hardware_r 336.9237669283622 29.992506837876565 31.5 AB 8.910999929784024 1.032301654252573
63051.2516 lsst_hardware_z 1885.3668197008442 158.3660730984797 32.47999954223633 AB 7.175973252389983 1.0367656219591104
63066.1656 lsst_hardware_r 139.13250605545184 26.40853118146307 31.5 AB 3.1480481749688862 1.1340571612868613
63066.1858 lsst_hardware_z 297.45981488632987 45.200775976990016 30.950000762939453 AB 3.4543149453008843 1.0809090026757049
63068.1651 lsst_hardware_r 96.65135183481316 26.08810518002514 31.5 AB 6.5988387717206765 1.119395890028953
63068.1842 lsst_hardware_u -0.11404248756927708 2.8255406029521315 28.459999084472656 AB 6.624297832432376 1.0726160300793666
63070.1549 lsst_hardware_g 19.828097617794313 15.310713589189692 31.420000076293945 AB 6.5736081875227095 1.133380721986674
63070.1744 lsst_hardware_r 130.91940096776378 25.695741756066642 31.5 AB 5.817433830583197 1.0819777738220453
63071.1465 lsst_hardware_g 13.015533427902703 15.19558281648024 31.40999984741211 AB 7.139173330851014 1.151479569492099
63071.1606 lsst_hardware_r 92.80705690984772 25.85510104274029 31.5 AB 6.876997931766931 1.1091932148011179
63078.2977 lsst_hardware_y 268.02193347305206 74.88193620965653 30.790000915527344 AB 3.6810366953643356 1.085504640709017
63084.0795 lsst_hardware_i 60.06062687678726 50.54673507678759 31.260000228881836 AB 2.2422164962991697 1.2842018879147592
63084.0975 lsst_hardware_z 81.58097814916329 55.86577085015751 30.950000762939453 AB 2.4007404443040783 1.2011710028205862
63086.0859 lsst_hardware_i 140.74903727145988 33.90815825609806 31.229999542236328 AB 5.399445646598467 1.2271467378632879
63086.1057 lsst_hardware_u -3.386724299773995 2.6604052652316055 28.329999923706055 AB 5.064256672046563 1.1509674254651279
63092.0852 lsst_hardware_i 64.66625280408662 33.187573112391554 31.239999771118164 AB 4.258805579871375 1.1650670684704545
63092.1004 lsst_hardware_r 14.831347853239162 24.454262863248573 31.489999771118164 AB 4.040963030116766 1.1170595798525957
63095.0676 lsst_hardware_z 37.80064071987941 44.45451587957224 30.940000534057617 AB 4.704470543775943 1.2006305088326523
63095.0865 lsst_hardware_u -2.2876653966162297 2.7502811628538826 28.420000076293945 AB 4.595081107399985 1.1338180512984106
63096.0821 lsst_hardware_r 9.657004293831328 24.500263714272087 31.5 AB 3.2887688353986055 1.1390004336281931
63096.0994 lsst_hardware_i 117.09047798293746 32.41157483179286 31.25 AB 2.8424092623775845 1.0912756318316807
63096.2265 lsst_hardware_g 6.227717404746717 14.834592519636129 31.440000534057617 AB 2.59314712474456 1.043694968872538
63096.2378 lsst_hardware_r 53.51884359168319 24.211770184009715 31.510000228881836 AB 2.6906071985500533 1.0629559302913791
63107.089 lsst_hardware_z 39.583856436752285 89.34873905382265 31.739999771118164 AB 5.239596356505343 1.0514767676984484
63109.0818 lsst_hardware_r -126.40674452939813 124.13611293945331 31.65999984741211 AB 4.089928581651396 1.0544450097715492
63109.101 lsst_hardware_z 87.86024689975218 84.52675764732534 31.0 AB 3.4140174696003407 1.0271840746967227
63112.0894 lsst_hardware_g 14.314333443692242 81.84694461069887 31.739999771118164 AB 0.5506418581717715 1.031164528411557
63112.1073 lsst_hardware_r -9.414318681822317 78.12963019572666 31.65999984741211 AB 0.6338600816046753 1.0141761305674806
63114.085 lsst_hardware_i 18.754573515919674 31.484928095736258 31.260000228881836 AB 1.5441442910099306 1.0298872550088465
63114.1041 lsst_hardware_z 61.4062357460041 45.5460472500298 30.959999084472656 AB 1.51078412559337 1.0127030224064597
63116.9897 lsst_hardware_y 72.54678621008006 51.02326479948329 29.969999313354492 AB 3.2033470073456103 1.2826214243626066
63117.0064 lsst_hardware_r 54.57111930219746 24.379777799456694 31.469999313354492 AB 2.892568156956516 1.205236732065215
63118.9906 lsst_hardware_y 39.69003935388916 50.74222822763803 29.969999313354492 AB 4.098080685390429 1.2509722017930136
63119.0082 lsst_hardware_z 70.26829236506431 43.6424281297317 30.93000030517578 AB 3.783391809465531 1.1769157433011812
63123.9908 lsst_hardware_y -98.96073578462803 50.5207155939461 30.0 AB 2.8151184756912904 1.1911643761736126
63124.0076 lsst_hardware_r 43.78982290949962 23.94146192618329 31.489999771118164 AB 1.450936759595849 1.1329542630889897
63132.9921 lsst_hardware_y 44.364902932678554 50.709999084472656 30.030000686645508 AB 2.7970912026483283 1.1071012082519522
63133.0771 lsst_hardware_i 12.268521905612856 54.11000061035156 32.029998779296875 AB 3.0428329818539663 1.0060614917685455
63133.1561 lsst_hardware_z -4.682817329792741 45.88999938964844 30.950000762939453 AB 3.8760605050273615 1.1066817212003222
63136.9941 lsst_hardware_y -59.41851684477747 57.560001373291016 30.049999237060547 AB 4.619619875226005 1.076207309312989
63137.016 lsst_hardware_z 10.88668983795302 66.16999816894531 30.989999771118164 AB 4.901079750570799 1.0378512918551843
63142.9949 lsst_hardware_y -36.31285597959444 51.2599983215332 30.049999237060547 AB 2.286836576806309 1.0447344166321129
63143.0148 lsst_hardware_r 16.76056297759207 23.18000030517578 31.510000228881836 AB 2.490925166898787 1.0204527516997126
63153.0806 lsst_hardware_g 22.480105242868618 14.420000076293945 31.43000030517578 AB 7.632256528328989 1.0600356289345818
63153.0923 lsst_hardware_r -18.000139510066983 23.309999465942383 31.489999771118164 AB 7.8288237397548786 1.0840993892896045
