data/validation/pwv_sim_epoch_fit_epoch/11596720.ecsv
# %ECSV 0.9
# ---
# datatype:
# - {name: time, datatype: float64}
# - {name: band, datatype: string}
# - {name: flux, datatype: float64}
# - {name: fluxerr, datatype: float64}
# - {name: zp, datatype: float64}
# - {name: zpsys, datatype: string}
# - {name: pwv, datatype: float64}
# - {name: airmass, datatype: float64}
# meta: {SNID: '11596720', alt: 1024.0, c: 0.0359373539686203, dec: -29.313198, lat: -30.244573, lon: -70.7499537, ra: 45.527344, t0: 62790.3046875,
#   x0: 9.546552844713752e-06, x1: 1.3219140768051147, z: 0.4691685140132904}
# schema: astropy-2.0
time band flux fluxerr zp zpsys pwv airmass
[from data line 132]
63153.2045 lsst_hardware_g -4.185507314349357 13.460000038146973 31.399999618530273 AB 8.425899274765285 1.0500871479019547
63153.2236 lsst_hardware_r 31.115193770429247 22.06999969482422 31.489999771118164 AB 6.436296691106125 1.0216343954136706
63155.205 lsst_hardware_i -3.35907950763825 30.209999084472656 31.260000228881836 AB 7.902353392797237 1.0398289476903388
63155.2238 lsst_hardware_z -17.57375753650409 40.52000045776367 30.950000762939453 AB 7.2390468085254565 1.0155789574250522
63157.2074 lsst_hardware_r 4.6062015684955755 22.100000381469727 31.489999771118164 AB 5.98655526071444 1.0282349516012184
63157.2263 lsst_hardware_u 1.9219489191491912 2.7300000190734863 28.510000228881836 AB 5.092762291802258 1.008800718085624
63159.1876 lsst_hardware_u 4.635704584781956 2.7200000286102295 28.479999542236328 AB 2.2849635098299683 1.0510411728748705
63159.2064 lsst_hardware_g -5.296750849267138 13.470000267028809 31.420000076293945 AB 2.1587017517718645 1.0225967559320728
63161.1 lsst_hardware_r -18.607647607108124 27.260000228881836 31.459999084472656 AB 6.047974317825842 1.3745396176876912
63161.1174 lsst_hardware_z -27.50307250202257 45.25 30.93000030517578 AB 5.557467966893641 1.2688765859188045
63165.1101 lsst_hardware_z -71.67431684939493 73.70999908447266 31.700000762939453 AB 2.8519849318599775 1.2501395084131988
63165.1285 lsst_hardware_r 69.64901548920211 77.11000061035156 32.369998931884766 AB 2.935252735660539 1.1691128793124823
63166.1022 lsst_hardware_r -50.00445976976681 68.87999725341797 31.59000015258789 AB 5.37063775600812 1.2772027957213756
63166.1203 lsst_hardware_z 53.846007571263655 55.939998626708984 30.959999084472656 AB 5.063558846184216 1.1909118841717412
63168.1011 lsst_hardware_r 118.84795332643989 104.0 31.610000610351562 AB 3.7522633882340966 1.254238458462477
63168.1193 lsst_hardware_i -60.208978308202056 80.88999938964844 31.309999465942383 AB 3.445100709962764 1.1729999012471108
63172.1099 lsst_hardware_u -10.141399169919726 11.84000015258789 29.200000762939453 AB 6.531242831702033 1.1671617867521953
63181.141 lsst_hardware_i -2.218312074165872 29.8700008392334 31.239999771118164 AB 2.904325519305717 1.0294159449335007
63181.1594 lsst_hardware_r -6.872766008456224 21.920000076293945 31.489999771118164 AB 2.943307774957631 1.0098265467603948
63183.1415 lsst_hardware_u 2.15991050822644 2.6600000858306885 28.450000762939453 AB 5.109281295897108 1.0218562591794216
63183.1603 lsst_hardware_g -15.163835057099517 13.34000015258789 31.420000076293945 AB 5.02781714064016 1.005563428128032
63186.1223 lsst_hardware_g -3.1156615246317583 13.3100004196167 31.40999984741211 AB 5.9923345664166465 1.0367659793678952
63186.1389 lsst_hardware_r -20.31403795466695 21.84000015258789 31.489999771118164 AB 6.02728077952519 1.0158338392458186
63187.121 lsst_hardware_i 21.598744118301582 29.8700008392334 31.239999771118164 AB 3.2072388428611758 1.0345931751165083
63187.1386 lsst_hardware_z 95.9039242197092 40.36000061035156 30.950000762939453 AB 2.7428688674696 1.0135312212358798
63189.1024 lsst_hardware_u 1.3102584765440624 2.7699999809265137 28.479999542236328 AB 4.723889832472302 1.0573308337468084
63189.1193 lsst_hardware_g -8.608927640356306 13.779999732971191 31.43000030517578 AB 4.582859274963487 1.0292199820253747
63191.0511 lsst_hardware_g 12.199128716364832 23.670000076293945 31.549999237060547 AB 4.654910197414856 1.194843259229482
63193.03 lsst_hardware_y 54.23015109518075 53.13999938964844 29.979999542236328 AB 9.769367382373677 1.2690236911505102
63193.0465 lsst_hardware_r -12.603049710301175 44.470001220703125 31.579999923706055 AB 8.12218110810371 1.1912413167753582
63195.0416 lsst_hardware_z -19.846137702439428 80.72000122070312 31.709999084472656 AB 7.470772526474754 1.1889192923147314
63197.0203 lsst_hardware_y 54.981972627396345 78.55999755859375 29.989999771118164 AB 6.08850034797356 1.262584965104165
63197.0363 lsst_hardware_z 42.6997188031728 68.47000122070312 30.969999313354492 AB 5.789185465543066 1.1882564584447244
63201.0243 lsst_hardware_y 20.549009268704335 71.30000305175781 30.020000457763672 AB 8.898723467001997 1.1927251379873691
63201.0407 lsst_hardware_i -36.80945266210971 31.059999465942383 31.229999542236328 AB 8.426276812306146 1.132056893726755
63206.0368 lsst_hardware_y -1.70030482471141 51.31999969482422 30.040000915527344 AB 3.5640915956962633 1.102694249171155
63206.0579 lsst_hardware_i -18.788106635215097 29.979999542236328 31.25 AB 3.487635294942847 1.0536132002239855
63208.0324 lsst_hardware_z 27.027988798341163 51.189998626708984 30.959999084472656 AB 4.081618747188527 1.0997715323841908
63208.0531 lsst_hardware_u -1.0637546234034168 2.6700000762939453 28.40999984741211 AB 3.203923486889946 1.0523644233502862
63211.0367 lsst_hardware_y -32.73458312345666 55.08000183105469 30.049999237060547 AB 10.34232331829333 1.0690660678742352
63211.0607 lsst_hardware_r -1.2215226549640688 21.719999313354492 31.489999771118164 AB 10.284833034752806 1.027250602751978
63213.0381 lsst_hardware_y 105.30135901388229 51.790000915527344 30.049999237060547 AB 11.209390764260533 1.054927018258526
63213.0582 lsst_hardware_z 27.372090054170513 40.540000915527344 30.950000762939453 AB 11.643417528806562 1.0235071667376787
