data/validation/pwv_sim_epoch_fit_epoch/11606780.ecsv
# %ECSV 0.9
# ---
# datatype:
# - {name: time, datatype: float64}
# - {name: band, datatype: string}
# - {name: flux, datatype: float64}
# - {name: fluxerr, datatype: float64}
# - {name: zp, datatype: float64}
# - {name: zpsys, datatype: string}
# - {name: pwv, datatype: float64}
# - {name: airmass, datatype: float64}
# meta: {SNID: '11606780', alt: 1024.0, c: -0.12132812291383743, dec: -49.117878, lat: -30.244573, lon: -70.7499537, ra: 352.808228, t0: 61244.0625,
#   x0: 6.216275443293653e-06, x1: -1.3612688779830933, z: 0.5602864623069763}
# schema: astropy-2.0
time band flux fluxerr zp zpsys pwv airmass
[from data line 133]
61653.298 lsst_hardware_g -8.62565921111301 13.59000015258789 31.3799991607666 AB 2.1061666267838537 1.1324998665325199
61653.3084 lsst_hardware_r -63.10146052669824 22.729999542236328 31.469999313354492 AB 2.025102878162678 1.1563756620486385
61655.2772 lsst_hardware_r -27.809032276784084 22.6299991607666 31.479999542236328 AB 2.1083284271380167 1.1038368728471293
61655.2883 lsst_hardware_i 32.591430149649334 31.040000915527344 31.229999542236328 AB 2.1513755451389094 1.1238249408700556
61672.2202 lsst_hardware_z 24.450918315552453 41.65999984741211 30.940000534057617 AB 4.20976149876551 1.088262343498193
61672.2324 lsst_hardware_r -7.009419984540363 22.440000534057617 31.479999542236328 AB 4.266348422943766 1.1065138124692053
61680.1854 lsst_hardware_r 1.6230386014654719 22.229999542236328 31.489999771118164 AB 4.864537355283018 1.0735333283690638
61680.1971 lsst_hardware_i 14.386252532346424 30.520000457763672 31.239999771118164 AB 4.9394643579679824 1.0866314492853228
61682.1848 lsst_hardware_z -67.41301779016068 41.25 30.950000762939453 AB 2.4162391600971085 1.0785177027661546
61682.1969 lsst_hardware_u 2.384453273558385 2.5999999046325684 28.3799991607666 AB 2.417971394760644 1.0937747563754419
61684.1869 lsst_hardware_g -0.32454229409935453 15.220000267028809 31.440000534057617 AB 5.142012120683297 1.0875660153729478
61684.1984 lsst_hardware_r -32.79978646048116 23.09000015258789 31.479999542236328 AB 5.33845337481036 1.104469509632704
61688.1356 lsst_hardware_i -109.61814633429823 51.029998779296875 31.309999465942383 AB 3.351855281550174 1.0569508179899099
61688.1479 lsst_hardware_z -107.92813582066444 51.86000061035156 30.969999313354492 AB 3.3461420757502633 1.0617617248136644
61689.173 lsst_hardware_z 2.055194828683893 56.150001525878906 30.969999313354492 AB 4.22775605470693 1.0872459958099923
61689.1848 lsst_hardware_r 5.340878591558817 68.2699966430664 31.6299991607666 AB 4.263222373674358 1.1045571397377212
61692.1752 lsst_hardware_i 45.826645124051616 71.8499984741211 31.31999969482422 AB 9.039763397646158 1.102275746573287
61692.1868 lsst_hardware_r -91.44786030440663 91.37999725341797 31.6299991607666 AB 9.103364857456832 1.1229017956652554
61696.16 lsst_hardware_g -22.236925674239966 64.30000305175781 31.700000762939453 AB 6.6852811273476815 1.0957082267287503
61696.1712 lsst_hardware_r 76.78235657056888 59.52000045776367 31.6299991607666 AB 6.505668619887795 1.1140797362595762
61705.1555 lsst_hardware_i 25.403065799756757 30.969999313354492 31.239999771118164 AB 4.2192781860406265 1.1314265526812854
61705.1657 lsst_hardware_r -7.615298410156129 22.670000076293945 31.479999542236328 AB 4.2220705227232065 1.154622750061041
61707.1618 lsst_hardware_u 2.8962225538794786 2.5799999237060547 28.31999969482422 AB 3.322380563553631 1.1584984820900346
61707.1731 lsst_hardware_g -22.78859180579205 13.4399995803833 31.350000381469727 AB 2.548036884855731 1.1892820932815547
61709.146 lsst_hardware_g -0.9733921759725143 13.390000343322754 31.3700008392334 AB 4.232626727409479 1.134448332192302
61709.1562 lsst_hardware_r 30.115261222533828 22.610000610351562 31.459999084472656 AB 4.259101271637998 1.1581512635317466
61711.1455 lsst_hardware_i 20.10694179109568 30.889999389648438 31.219999313354492 AB 4.467535205176515 1.1455218474811577
61711.1566 lsst_hardware_z 131.60565395433886 42.7599983215332 30.93000030517578 AB 4.576553173714891 1.173475172747408
61722.0104 lsst_hardware_y -105.37149473597678 76.22000122070312 30.059999465942383 AB 5.427589979387646 1.0625318893381797
61722.0134 lsst_hardware_r -30.67059888228672 78.44000244140625 31.649999618530273 AB 5.339598258776807 1.0609000298909164
61724.0499 lsst_hardware_g 158.7105912349195 61.279998779296875 31.709999084472656 AB 5.661737228113928 1.0619407724120018
61724.0612 lsst_hardware_r 39.356550502742394 64.91999816894531 31.639999389648438 AB 5.654847546396634 1.069879395780399
61726.0493 lsst_hardware_i -14.550159831807997 30.350000381469727 31.239999771118164 AB 3.9991464167272324 1.0649481170969242
61726.0616 lsst_hardware_z 33.787253618671116 41.40999984741211 30.940000534057617 AB 4.117962013171804 1.0753262862443678
61728.05 lsst_hardware_r 9.005658495496181 22.280000686645508 31.479999542236328 AB 5.0273321195990635 1.0696451318295879
61728.0638 lsst_hardware_g -20.425357258950108 13.5 31.389999389648438 AB 5.105320115944814 1.083855378093136
61729.0517 lsst_hardware_r 54.00949810730751 22.3700008392334 31.479999542236328 AB 7.004276764948885 1.0736443448303223
61729.0642 lsst_hardware_i -46.89204730386552 30.649999618530273 31.239999771118164 AB 7.096700259680497 1.0878113981576012
