data/validation/pwv_sim_epoch_fit_epoch/11626294.ecsv
# %ECSV 0.9
# ---
# datatype:
# - {name: time, datatype: float64}
# - {name: band, datatype: string}
# - {name: flux, datatype: float64}
# - {name: fluxerr, datatype: float64}
# - {name: zp, datatype: float64}
# - {name: zpsys, datatype: string}
# - {name: pwv, datatype: float64}
# - {name: airmass, datatype: float64}
# meta: {SNID: '11626294', alt: 1024.0, c: -0.02779555507004261, dec: -37.544327, lat: -30.244573, lon: -70.7499537, ra: 296.894531, t0: 62725.109375,
#   x0: 6.975616662495436e-06, x1: -0.5138951539993286, z: 0.5346813797950745}
# schema: astropy-2.0
time band flux fluxerr zp zpsys pwv airmass
62602.3537 lsst_hardware_r 23.299302820472235 25.459999084472656 31.5 AB 5.084557243629957 1.216231525177098
62602.3728 lsst_hardware_u -1.6953783017030095 2.950000047683716 28.520000457763672 AB 4.781730363422475 1.145850677178539
62614.3048 lsst_hardware_z -82.2701656935999 87.23999786376953 31.700000762939453 AB 7.29364748633332 1.2925124023273413
62614.3246 lsst_hardware_r 51.582565824205254 96.94000244140625 32.36000061035156 AB 6.757832245070836 1.2012144414286778
62620.4146 lsst_hardware_g 30.832997245271713 16.34000015258789 31.479999542236328 AB 12.629560875000877 1.0082274278530217
62620.427 lsst_hardware_y -51.4591069209701 71.5999984741211 30.079999923706055 AB 11.589691084008084 1.008939765300608
62622.3589 lsst_hardware_g 37.88896632247239 15.149999618530273 31.469999313354492 AB 9.346374917552767 1.0501544851182885
62622.3784 lsst_hardware_r 17.047083242336548 23.889999389648438 31.520000457763672 AB 9.099487909316709 1.0250153001699116
62623.3519 lsst_hardware_i -54.55282276159928 31.450000762939453 31.270000457763672 AB 9.370075450876634 1.0572921485173168
62623.3695 lsst_hardware_z -56.46616561248179 41.470001220703125 30.959999084472656 AB 9.332327398751923 1.031690393052199
62625.4068 lsst_hardware_r -32.05412691414267 23.65999984741211 31.530000686645508 AB 9.00879095489771 1.008033003792963
62625.4184 lsst_hardware_y 44.538729996097665 48.75 30.059999465942383 AB 8.9930203656177 1.0104517264738988
62631.3917 lsst_hardware_i 18.293965232359938 30.739999771118164 31.260000228881836 AB 7.912706483489647 1.0081165095540383
62631.4042 lsst_hardware_u -3.22070452509631 2.809999942779541 28.5 AB 7.937884910232518 1.0113243610947278
62633.254 lsst_hardware_g 20.190600757563136 14.819999694824219 31.360000610351562 AB 13.548950009783763 1.2869035944071963
62633.2724 lsst_hardware_r -51.15867064149433 24.270000457763672 31.469999313354492 AB 12.696782424404088 1.2025366147817604
62637.2491 lsst_hardware_i 14.514603244594639 65.47000122070312 31.290000915527344 AB 6.7181661977136855 1.2568674873337942
62637.2686 lsst_hardware_r -46.75109194688621 80.2300033569336 31.6200008392334 AB 5.859663452446201 1.175341179910982
62637.3806 lsst_hardware_i 57.2023512664319 58.11000061035156 31.31999969482422 AB 4.4521220199391935 1.008941385391776
62637.3925 lsst_hardware_r 4.587778369378487 61.97999954223633 31.639999389648438 AB 4.66008527631127 1.0136496395688668
62639.2575 lsst_hardware_z 145.15419469250415 103.75 31.729999542236328 AB 9.458346773265092 1.1966531848766564
62642.3832 lsst_hardware_r 186.71566383164145 85.4800033569336 31.670000076293945 AB 7.228408858035746 1.0163679496676128
62642.3963 lsst_hardware_i -12.192753432380732 72.44999694824219 31.34000015258789 AB 7.3389936256726696 1.0278702556964523
62646.2386 lsst_hardware_u 1.4432216680715961 2.9800000190734863 28.459999084472656 AB 6.582034877365387 1.1958276840027955
62646.2573 lsst_hardware_g 4.031417049754876 18.549999237060547 31.520000457763672 AB 6.138778515715925 1.1315720766297284
62646.3167 lsst_hardware_z 6.814655318416601 41.97999954223633 30.950000762939453 AB 7.456602013947538 1.021452330677745
62646.3301 lsst_hardware_i 49.61766463066414 32.9900016784668 31.280000686645508 AB 7.389862148757824 1.0123098833914828
62650.3154 lsst_hardware_r 42.55950469801142 23.329999923706055 31.520000457763672 AB 8.707504930781761 1.0143681115365548
62650.3284 lsst_hardware_i -12.351105767926757 30.690000534057617 31.260000228881836 AB 8.65438176797028 1.0089729931860214
62652.3227 lsst_hardware_z 147.37818766054994 57.880001068115234 31.709999084472656 AB 7.5317338706952235 1.0090296794572264
62652.3332 lsst_hardware_u -1.1432271892689547 4.0 29.290000915527344 AB 7.5011439978517895 1.0080376273766067
62654.2593 lsst_hardware_i -1.0870009660770752 31.190000534057617 31.25 AB 10.583342235451038 1.0722918896419544
62654.2797 lsst_hardware_z -11.237810095547614 41.310001373291016 30.950000762939453 AB 10.27071191728529 1.0381797146755465
62655.2707 lsst_hardware_u 3.7180886735962257 2.7100000381469727 28.43000030517578 AB 9.171956698991105 1.04718640953618
62655.2903 lsst_hardware_r 19.577903326152246 23.280000686645508 31.510000228881836 AB 9.005701144504277 1.023103852520651
62655.3215 lsst_hardware_i 55.13947502595459 30.489999771118164 31.25 AB 9.540244556151581 1.0080296437807097
62655.3346 lsst_hardware_z -41.28931027713881 40.7400016784668 30.950000762939453 AB 10.690151169987125 1.0097988305757024
62657.3205 lsst_hardware_i 12.337249664857595 30.670000076293945 31.260000228881836 AB 6.432423351376999 1.0080983193788884
62657.3325 lsst_hardware_u 1.66381770461331 2.7200000286102295 28.450000762939453 AB 6.466491763044428 1.0110212262420932
62675.1666 lsst_hardware_u 1.5093111923710878 2.6700000762939453 28.34000015258789 AB 4.00356430876212 1.1690945565081383
62675.1873 lsst_hardware_g -1.304687611142052 14.829999923706055 31.43000030517578 AB 3.405298266144637 1.10603527293171
62676.2421 lsst_hardware_u 2.749413710281127 2.7699999809265137 28.479999542236328 AB 4.137985948679447 1.0158305998967845
62676.255 lsst_hardware_g 0.3831986043507344 14.720000267028809 31.459999084472656 AB 3.8358756773835596 1.009618093713869
62682.2318 lsst_hardware_u -1.976588072135447 2.819999933242798 28.520000457763672 AB 3.356591514264333 1.0123174287157757
62682.2443 lsst_hardware_r 4.892930271074055 23.670000076293945 31.520000457763672 AB 3.3434674007948404 1.0083593156283919
62686.16 lsst_hardware_i 26.095227845864923 31.610000610351562 31.25 AB 9.668531785764406 1.0991131245658665
62686.1806 lsst_hardware_u 2.222788379661044 2.7899999618530273 28.469999313354492 AB 8.10713552767248 1.0560864352855448
62686.2239 lsst_hardware_g -2.791708766671133 14.779999732971191 31.459999084472656 AB 7.324749830649256 1.0109610550215204
62686.2368 lsst_hardware_i -27.634861045121678 30.8700008392334 31.260000228881836 AB 7.32621647296738 1.0080330872980234
62694.1522 lsst_hardware_i -51.17010152966999 63.06999969482422 31.329999923706055 AB 5.671655658692134 1.0681084102998786
62694.1713 lsst_hardware_r -51.99845891786903 75.80000305175781 31.649999618530273 AB 6.046364101633539 1.0371121958205318
62699.0805 lsst_hardware_z -4.8108285017622885 71.5797039960463 30.959999084472656 AB 2.0236538598605653 1.2536833411631336
62699.1014 lsst_hardware_r 228.16980638632677 95.17823873312074 31.6299991607666 AB 1.9855076055633347 1.1679456503313734
62711.0723 lsst_hardware_r 1141.150907716278 41.39435954017124 31.489999771118164 AB 4.459387914740534 1.1553816170845155
62711.0832 lsst_hardware_i 764.4956894520906 43.06585772963098 31.239999771118164 AB 4.34207126373881 1.121788993387567
62716.1382 lsst_hardware_r 1946.054944736951 49.99042247594016 31.510000228881836 AB 1.8903841511526753 1.0127057952603618
62716.1498 lsst_hardware_i 1424.3336638885653 49.07530383766021 31.260000228881836 AB 1.922295803949519 1.0086379382332413
62719.1388 lsst_hardware_z 1207.7859012852714 54.990199609950785 30.950000762939453 AB 2.109055808659611 1.009278581269554
62719.1502 lsst_hardware_g 967.367692426794 37.51773299597832 31.56999969482422 AB 2.108558837345156 1.008035777385039
62722.0881 lsst_hardware_z 2989.1104374033143 94.55398323304985 31.729999542236328 AB 3.9784600904531464 1.046687737556734
62722.1258 lsst_hardware_r 2771.1663856729515 83.68090464129111 31.65999984741211 AB 4.357673419130686 1.0108852100285766
62722.1378 lsst_hardware_z 1587.6722746074054 66.40163535255209 30.979999542236328 AB 4.414111634774337 1.0080757373164344
62723.0805 lsst_hardware_r 2832.482783681211 100.06419505671877 31.65999984741211 AB 3.419267996711798 1.054515958893586
62723.1004 lsst_hardware_i 2003.8545788712465 86.47079972590436 31.34000015258789 AB 3.8349827224096624 1.0273192398632902
62725.1196 lsst_hardware_z 1730.6921130239753 94.21786392277453 31.0 AB 2.7528049086932147 1.0101418538413116
62725.131 lsst_hardware_r 2700.1052969681364 138.94930133568917 31.670000076293945 AB 3.1765709093452097 1.0080085390348665
62732.9851 lsst_hardware_y 612.7684690247792 54.447384128944755 29.969999313354492 AB 3.2833207953019956 1.2660620033298184
62733.0046 lsst_hardware_r 1829.6667337540525 49.47531737780647 31.479999542236328 AB 3.2635010996763993 1.1823208403863417
62736.0053 lsst_hardware_u -0.20265936972927207 2.7791427437449405 28.3700008392334 AB 1.5577815170477356 1.1512118613482465
62736.0194 lsst_hardware_g 293.007466199791 22.82012528862801 31.420000076293945 AB 1.4557545323696996 1.1095690033305636
62738.1094 lsst_hardware_r 1476.3159149171147 44.5148371211745 31.510000228881836 AB 3.9077543127704217 1.0102777437358899
62738.1199 lsst_hardware_u 0.35577654213977417 2.8957334001446826 28.510000228881836 AB 3.8931871383893455 1.0155698808893558
62741.9843 lsst_hardware_y 359.3482066287537 53.00781637058038 30.010000228881836 AB 6.213068282937544 1.166864690433532
62742.0016 lsst_hardware_z 907.216804827236 52.60047071625688 30.940000534057617 AB 5.527273536451636 1.1133595601675166
62744.0568 lsst_hardware_i 1145.8570760470163 45.6744971164551 31.25 AB 3.9392341307142846 1.0155937172321714
62744.0683 lsst_hardware_z 899.7830701535086 50.644728250306514 30.950000762939453 AB 3.8575791132781805 1.0099476242901313
62746.9855 lsst_hardware_y 253.06962565672995 52.690296639511374 30.030000686645508 AB 3.759356432213944 1.1201061995423296
62747.0053 lsst_hardware_i 1030.1733957182507 45.12161553288398 31.260000228881836 AB 1.787878472046384 1.0724589684857089
62747.0947 lsst_hardware_u -1.1877932333307102 3.2874448796757356 28.56999969482422 AB 0.5248418155149644 1.0151679216923877
62747.1065 lsst_hardware_g 113.67281415914812 19.88123300083606 31.489999771118164 AB 0.6183908430876209 1.0246741393322034
62748.0513 lsst_hardware_g 115.17694689886368 26.13207072296535 31.610000610351562 AB 1.578098369389912 1.0124668751432284
62748.0636 lsst_hardware_r 710.0692500040209 39.39749381360354 31.559999465942383 AB 1.6050952159839558 1.0084367849111235
62750.9941 lsst_hardware_y 419.7838378727142 81.75256565804574 30.799999237060547 AB 2.2453018141772914 1.0730235671098165
62751.043 lsst_hardware_r 611.0534293254586 76.86255314390695 31.65999984741211 AB 2.1988588571512078 1.0125213463472549
62751.0553 lsst_hardware_i 815.9531279250265 69.55889512309153 31.329999923706055 AB 2.111366600178542 1.0084540360668086
62753.0546 lsst_hardware_z 1887.66556395063 104.37713814846957 31.739999771118164 AB 2.5941104806918123 1.0080087354543665
62765.0269 lsst_hardware_g 13.52834339763998 16.22736621246564 31.469999313354492 AB 3.9320740372185923 1.0082241121073314
62765.0392 lsst_hardware_r 222.7295560839491 27.902466618343414 31.520000457763672 AB 3.9456666552387953 1.0117093987791783
62771.0211 lsst_hardware_i 337.61181092642 34.8584585660195 31.25 AB 3.1357762777316593 1.010970025866612
62771.0315 lsst_hardware_u 8.50831539663607 4.023556030820806 28.3700008392334 AB 3.1693995914055453 1.0167293580577577
62772.0222 lsst_hardware_g 45.10100627193946 15.712610804039542 31.459999084472656 AB 4.767619250312562 1.0127350953011622
62772.0347 lsst_hardware_r 160.77139886825586 26.8147851202358 31.510000228881836 AB 4.80841542405261 1.0214009964000896
62970.3543 lsst_hardware_z -13.218536510094983 52.349998474121094 30.959999084472656 AB 7.950749581766006 1.184072315688001
62970.373 lsst_hardware_r -24.42877629552361 49.779998779296875 31.610000610351562 AB 7.528116161459135 1.1226359708398304
62972.3349 lsst_hardware_i 55.99928957837809 35.72999954223633 31.25 AB 21.369026948706903 1.2419340035572146
62972.3533 lsst_hardware_z 87.16533955951446 44.790000915527344 30.950000762939453 AB 20.155749347179874 1.1678568463637213
62984.411 lsst_hardware_z 0.6463424619843143 41.41999816894531 30.950000762939453 AB 5.073791022126784 1.0097096561446335
62984.4229 lsst_hardware_y -66.78782104200788 59.4900016784668 30.06999969482422 AB 5.987811991494223 1.00799259157638
62990.3589 lsst_hardware_r 54.82757179300817 23.729999542236328 31.510000228881836 AB 8.665981238410241 1.0390864794257206
62990.3779 lsst_hardware_i 12.965688520872568 30.899999618530273 31.25 AB 9.104866764398 1.0188213462586349
63015.3225 lsst_hardware_g 5.140603864327433 14.670000076293945 31.469999313354492 AB 8.69491536125803 1.0111150509254179
63015.335 lsst_hardware_r 17.45299739163629 23.31999969482422 31.520000457763672 AB 8.569288479132693 1.0080725212688446
63019.316 lsst_hardware_i 26.0724392665021 41.849998474121094 31.309999465942383 AB 9.579378389423507 1.0095422748940164
63019.3295 lsst_hardware_z -53.778093480329105 45.61000061035156 30.969999313354492 AB 9.553759326122519 1.0080995384744664
63020.3259 lsst_hardware_z 164.6330002218593 52.849998474121094 30.979999542236328 AB 9.570587722942047 1.0080404163511154
63020.3381 lsst_hardware_r -26.685978460715585 61.060001373291016 31.649999618530273 AB 10.68931780350444 1.0107862985276415
63036.3086 lsst_hardware_r -19.519965245668015 23.450000762939453 31.520000457763672 AB 3.1542730277596154 1.0192335496436273
63036.3203 lsst_hardware_g -0.5912165986547376 14.739999771118164 31.459999084472656 AB 3.11473318821212 1.030600773665911
63040.1129 lsst_hardware_r 53.5687777795289 35.13999938964844 32.16999816894531 AB 4.6692679999497235 1.4591462499842884
63040.1277 lsst_hardware_u 2.566417286816769 4.260000228881836 29.299999237060547 AB 4.651598706473136 1.3570414138933484
63040.1658 lsst_hardware_r 5.000806335356266 24.06999969482422 31.479999542236328 AB 4.00937937036577 1.1744794933330707
63044.17 lsst_hardware_i 15.22127527097397 32.34000015258789 31.25 AB 8.331221046917051 1.1254351198104806
63044.192 lsst_hardware_z -27.444677804490258 41.91999816894531 30.950000762939453 AB 7.980528996850441 1.071787402209299
63046.2748 lsst_hardware_z 17.700564059072857 41.119998931884766 30.950000762939453 AB 2.6477349656488856 1.014652219064528
63046.2877 lsst_hardware_g 6.567386142568967 14.90999984741211 31.469999313354492 AB 2.793753480640263 1.0249485391693076
63048.2214 lsst_hardware_y -17.8925375127514 49.34000015258789 30.049999237060547 AB 7.903348407737387 1.0174238423966364
63048.2336 lsst_hardware_r 11.83119043052073 54.88999938964844 31.639999389648438 AB 7.6914476984194176 1.010636318036805
63061.2031 lsst_hardware_u 3.0577052949839656 2.740000009536743 28.450000762939453 AB 7.317582620213644 1.0090665744589153
63061.215 lsst_hardware_r -1.002478543895061 23.559999465942383 31.510000228881836 AB 6.648511344838696 1.0081139264349805
63066.0799 lsst_hardware_r 23.28524262738954 24.540000915527344 31.479999542236328 AB 3.272116495363466 1.2345668273657995
63066.0998 lsst_hardware_u 0.06552536970187323 2.7200000286102295 28.3799991607666 AB 3.306566087470795 1.1570859981817783
63070.192 lsst_hardware_r 32.66797917624062 23.639999389648438 31.520000457763672 AB 5.328768546764732 1.0082816550169786
63070.204 lsst_hardware_i 14.67747993380792 30.950000762939453 31.260000228881836 AB 5.373189322077305 1.0118206648085941
63071.065 lsst_hardware_g -16.98837782830513 15.4399995803833 31.40999984741211 AB 7.565187554231233 1.2401946810215136
63071.0896 lsst_hardware_r 7.493173009039134 24.280000686645508 31.5 AB 6.788093834137624 1.145766534583068
63075.0703 lsst_hardware_i -108.95313988574846 38.810001373291016 31.260000228881836 AB 5.223328635199038 1.1742654955671914
63075.0854 lsst_hardware_z 91.908016980122 45.779998779296875 30.950000762939453 AB 4.276232340526115 1.1253243001384514
63076.0572 lsst_hardware_r 20.883425728272776 49.209999084472656 31.59000015258789 AB 4.730243021346924 1.2146476987110135
63076.0761 lsst_hardware_z -80.3109615222562 49.209999084472656 30.959999084472656 AB 4.461826927896254 1.1452817782834697
63076.1866 lsst_hardware_r 49.5807607504179 46.880001068115234 31.639999389648438 AB 4.231886883053267 1.011364665750004
63076.1983 lsst_hardware_z -46.303817558771506 47.369998931884766 30.969999313354492 AB 4.268546707050999 1.0183816550282712
63080.061 lsst_hardware_i 152.18012032416524 112.73999786376953 31.31999969482422 AB 2.11522751084656 1.159028773066214
63080.0806 lsst_hardware_z -4.6925714955649 94.87999725341797 30.989999771118164 AB 1.9379567024648552 1.1014246674992074
63080.1872 lsst_hardware_i 238.28105717843613 111.0999984741211 31.350000381469727 AB 1.9249926789635823 1.0182452678991094
63080.1997 lsst_hardware_z -257.3116809911903 93.97000122070312 31.0 AB 1.9473443022286232 1.0300683957832868
63082.1348 lsst_hardware_i -78.7055880299621 81.9000015258789 31.350000381469727 AB 1.4196490255871013 1.0134317850711014
63082.1464 lsst_hardware_z -61.75409164250093 70.58999633789062 31.0 AB 1.4528408735247134 1.008917273281051
63084.1319 lsst_hardware_r 45.86936819216043 57.400001525878906 31.649999618530273 AB 2.1193594385654912 1.012110524625354
63084.1424 lsst_hardware_z -20.591448786263808 50.560001373291016 30.969999313354492 AB 2.1079215071346313 1.0086150997095409
63086.0805 lsst_hardware_i 3.407883861619775 31.149999618530273 31.25 AB 3.4702272936810292 1.0655764463711088
63086.1001 lsst_hardware_u -3.981420287907316 2.700000047683716 28.420000076293945 AB 4.553038630306258 1.0347815068877857
63089.1254 lsst_hardware_z -53.50375106075498 40.959999084472656 30.950000762939453 AB 8.293701798137302 1.0093959469527538
63089.1371 lsst_hardware_r 24.299302269539762 23.270000457763672 31.510000228881836 AB 8.278799488256276 1.00802185438664
63092.0803 lsst_hardware_i -34.14988696080814 31.0 31.25 AB 3.5124090597345377 1.0392511457162623
63092.0954 lsst_hardware_r 39.187974164040945 23.440000534057617 31.510000228881836 AB 3.6995444828167603 1.0222089291688032
63094.9852 lsst_hardware_z -3.74466631421665 45.220001220703125 30.93000030517578 AB 5.271582245610897 1.3120460228840332
63095.006 lsst_hardware_r 9.820064444443164 24.1299991607666 31.489999771118164 AB 4.773571498519414 1.2118226778555736
63108.9862 lsst_hardware_y -33.63039864146242 62.5 30.020000457763672 AB 3.1228377069207265 1.1446303333348213
63109.0053 lsst_hardware_r -62.398462884514096 110.6500015258789 31.649999618530273 AB 3.12936848296808 1.091957598011543
63109.0591 lsst_hardware_z -53.70429590646543 74.0 31.0 AB 3.8900721732778494 1.0145808754473853
63109.0701 lsst_hardware_r -70.09309167790785 107.7699966430664 31.670000076293945 AB 3.9340627824516523 1.009596950158679
63114.0551 lsst_hardware_r -2.884783366022695 23.229999542236328 31.520000457763672 AB 1.193513221650371 1.0100252933571545
63114.0661 lsst_hardware_i 19.054306870537634 30.6200008392334 31.260000228881836 AB 1.2081784442562142 1.0080053765608405
63116.9844 lsst_hardware_y -13.93092732948172 51.38999938964844 30.040000915527344 AB 2.718550398713264 1.0897449487092186
63117.001 lsst_hardware_r -53.77838427839548 23.56999969482422 31.510000228881836 AB 2.5350107545697487 1.0562544810707286
63117.0399 lsst_hardware_i -30.48924897956581 30.709999084472656 31.260000228881836 AB 2.431372300346915 1.0130717918112147
63117.0519 lsst_hardware_z 35.49128580647274 40.939998626708984 30.959999084472656 AB 2.308561451593126 1.0086927402824613
63124.0413 lsst_hardware_i 11.598445692083784 30.739999771118164 31.260000228881836 AB 1.3006747066694488 1.0080144975480099
63124.053 lsst_hardware_r 27.58693831601452 23.389999389648438 31.510000228881836 AB 1.206281939553461 1.010356897790381
63126.0316 lsst_hardware_u 2.992799075986376 2.8499999046325684 28.540000915527344 AB 1.7465363244771819 1.008101774590004
63126.0432 lsst_hardware_g -22.74326726676025 14.920000076293945 31.479999542236328 AB 0.29834095371067754 1.0090449392694842
63133.0286 lsst_hardware_i 73.00712956896 41.04999923706055 31.299999237060547 AB 2.832042873763004 1.010421433227049
63133.0409 lsst_hardware_z 27.79151471222429 46.34000015258789 30.959999084472656 AB 2.8937579391713055 1.0170785328937435
63143.0256 lsst_hardware_r -35.15719572906843 23.920000076293945 31.520000457763672 AB 2.517560027163076 1.0277852733876611
63143.0391 lsst_hardware_i 4.573760683158137 31.3799991607666 31.260000228881836 AB 2.5230778141864882 1.045041204274398
