data/validation/pwv_sim_epoch_fit_epoch/11659589.ecsv
# %ECSV 0.9
# ---
# datatype:
# - {name: time, datatype: float64}
# - {name: band, datatype: string}
# - {name: flux, datatype: float64}
# - {name: fluxerr, datatype: float64}
# - {name: zp, datatype: float64}
# - {name: zpsys, datatype: string}
# - {name: pwv, datatype: float64}
# - {name: airmass, datatype: float64}
# meta: {SNID: '11659589', alt: 1024.0, c: -0.01682049036026001, dec: -3.583322, lat: -30.244573, lon: -70.7499537, ra: 248.730469, t0: 60391.5,
#   x0: 1.1300361397260236e-05, x1: 0.39565956592559814, z: 0.43715202808380127}
# schema: astropy-2.0
time band flux fluxerr zp zpsys pwv airmass
60383.308 lsst_hardware_u 4.480104042225639 3.9890913671915853 28.1299991607666 AB 11.450197209951329 1.3795418325242563
60383.3255 lsst_hardware_y 638.4782023848704 54.11961219586112 29.959999084472656 AB 10.680541051747834 1.2868121749093775
60385.3983 lsst_hardware_r 3887.6993516296297 66.47326436884467 31.5 AB 10.090737742572236 1.1190792661164857
60392.386 lsst_hardware_r 4043.219723138255 67.54826243660395 31.479999542236328 AB 7.577843057797025 1.1185008203390185
60392.4055 lsst_hardware_y 705.9618020730994 57.60419490585946 30.020000457763672 AB 7.604838620958004 1.127895976412014
60395.3347 lsst_hardware_r 4332.522404427416 118.37701518971713 31.6299991607666 AB 9.017836105511403 1.156701298353213
60395.3515 lsst_hardware_y 812.1306953463696 61.139458196822275 30.020000457763672 AB 8.809227175690246 1.1318428440772506
60397.3569 lsst_hardware_i 2830.8886700493426 92.03986766654747 31.31999969482422 AB 9.899795209294844 1.1226803367311102
60397.3749 lsst_hardware_z 2133.68837086174 80.82956262358961 30.979999542236328 AB 9.883724208612284 1.118796073080609
60401.3566 lsst_hardware_r 3559.9499908213525 76.97080659591931 31.610000610351562 AB 10.015213400493542 1.1187057693933251
60401.3749 lsst_hardware_i 2657.0793382956076 68.4357876749558 31.290000915527344 AB 10.086464052493348 1.1232246831347972
60405.2476 lsst_hardware_u 3.894768733117581 4.198239622752627 29.020000457763672 AB 20.551217519642965 1.3816254158956718
60405.2678 lsst_hardware_g 603.8936153439322 28.722409475046458 31.3700008392334 AB 18.634691731969305 1.276348748765021
60413.3456 lsst_hardware_z 1056.2741650681724 54.29529012792738 30.950000762939453 AB 7.56975163234968 1.1257112709676944
60413.3626 lsst_hardware_u 5.475843732785496 3.5176004281108306 28.510000228881836 AB 7.697213175956159 1.145759627263495
60415.3284 lsst_hardware_g 296.3886130365003 22.132367961843897 31.440000534057617 AB 19.130864697960472 1.1193968148442865
60415.3451 lsst_hardware_r 1255.9851218201902 43.37667136252829 31.510000228881836 AB 19.355784526349744 1.1301987928500374
60420.2039 lsst_hardware_z 1037.3481757752086 63.75597224319444 30.93000030517578 AB 9.474784380570298 1.399042828257661
60420.2177 lsst_hardware_i 1293.8982074531914 63.405065680327255 31.260000228881836 AB 10.53282765400364 1.3194347438048695
60426.2914 lsst_hardware_r 741.2619337080348 126.08061043833982 31.639999389648438 AB 2.9889053541188515 1.1184627743989715
60426.3089 lsst_hardware_i 1080.70712097721 103.88269077464915 31.329999923706055 AB 2.2810653736393967 1.1247856871989135
60429.2982 lsst_hardware_z 1410.9998768057353 85.54680039851192 31.709999084472656 AB 12.306542699705394 1.1230646741837533
60432.2907 lsst_hardware_g 103.2216468283605 24.607032459483182 31.56999969482422 AB 14.22065356760255 1.1235110266198158
60432.3097 lsst_hardware_r 469.8383783336398 35.96487030969575 31.540000915527344 AB 14.297737795274847 1.1441699023920546
60436.2591 lsst_hardware_r 340.2567670570002 30.682080358928733 31.489999771118164 AB 8.21512169301676 1.1190739263066014
60436.2784 lsst_hardware_i 806.1292690385324 41.25686027636802 31.25 AB 8.347399953723212 1.122641376332891
60445.2218 lsst_hardware_u 0.10392439494228704 2.9426240505585026 28.360000610351562 AB 5.958831756854378 1.1254935400855843
60445.2424 lsst_hardware_g 76.78097349754611 17.227269027868108 31.43000030517578 AB 5.961485024051469 1.118599913821363
60447.23 lsst_hardware_r 324.62556713270345 36.114953601131816 31.549999237060547 AB 8.950676343707922 1.1188811630119564
60447.2497 lsst_hardware_i 392.4712999697462 38.322637761511814 31.239999771118164 AB 8.984309926925366 1.1234834530658353
60449.1835 lsst_hardware_i 442.9127579451239 56.50477582879327 31.290000915527344 AB 9.376343732758404 1.1641847197365487
60452.1848 lsst_hardware_r 141.0864837796906 126.47151989188966 31.6299991607666 AB 2.2934587827079 1.14672939135395
60458.1865 lsst_hardware_z 422.81706512332477 53.8594962303676 30.959999084472656 AB 9.903046401297534 1.1253461819656287
60458.2056 lsst_hardware_i 446.6068631610717 51.76958260507934 31.299999237060547 AB 9.842787088621302 1.1184985327978751
60460.1826 lsst_hardware_u 0.6610057861627087 3.6608244993527195 28.579999923706055 AB 8.750719123874186 1.1241931043003834
60460.2037 lsst_hardware_g 49.41701302114767 26.086583969099138 31.59000015258789 AB 8.709394119762864 1.118956012046318
60464.1521 lsst_hardware_i 9.70877874749083 32.02000045776367 31.239999771118164 AB 12.36726396366881 1.1466299481879698
60464.1717 lsst_hardware_z 10.943241159719094 42.81999969482422 30.950000762939453 AB 12.872226771629581 1.1241792179234489
60468.1483 lsst_hardware_r 5.836045127355117 24.059999465942383 31.489999771118164 AB 3.418958916746792 1.1364330785264
60468.1677 lsst_hardware_i 13.23663913471738 31.709999084472656 31.239999771118164 AB 3.8188227338592737 1.1203548103149228
60485.1045 lsst_hardware_i -33.49018448584602 64.94999694824219 31.309999465942383 AB 5.823950088425983 1.1332847029434507
60485.1235 lsst_hardware_z -22.337068922510856 60.31999969482422 30.969999313354492 AB 5.835769908608311 1.119572164721019
60487.1137 lsst_hardware_r 19.70585847905945 41.95000076293945 31.59000015258789 AB 8.746224063290965 1.1213107773449955
60487.1326 lsst_hardware_z 7.62752751565101 48.220001220703125 30.950000762939453 AB 8.982551184190088 1.119646566086516
60490.0867 lsst_hardware_u -0.9993694585693749 2.6500000953674316 28.350000381469727 AB 4.035731117399488 1.138429088123974
60490.1073 lsst_hardware_g -3.4976466453354984 14.449999809265137 31.40999984741211 AB 4.00577024962389 1.120495174719969
60493.09 lsst_hardware_r -16.218245240602908 23.520000457763672 31.479999542236328 AB 7.315134173546802 1.126098241001663
60493.1118 lsst_hardware_i 4.369501686111938 31.520000457763672 31.239999771118164 AB 7.199359333171773 1.118665665277672
60497.1106 lsst_hardware_u -1.1633528933123054 2.619999885559082 28.329999923706055 AB 2.863751287601166 1.12193977966745
60497.133 lsst_hardware_r -22.219598808293714 23.600000381469727 31.479999542236328 AB 2.061682741271761 1.1453793007065338
60499.0911 lsst_hardware_i -29.0625277505129 31.559999465942383 31.25 AB 3.4705641368402214 1.118514520118243
60499.1132 lsst_hardware_z -13.181246235511479 42.77000045776367 30.950000762939453 AB 3.5261600259257952 1.1277697311062937
60501.0974 lsst_hardware_r 33.82110652717056 23.469999313354492 31.479999542236328 AB 8.151539001424322 1.1208074250024846
60501.1181 lsst_hardware_u 3.147010171422015 2.6500000953674316 28.350000381469727 AB 8.39146472988378 1.1395382524992967
60503.0946 lsst_hardware_g 3.0516412003424294 18.0 31.5 AB 7.798590025436714 1.1221531045282815
60503.1158 lsst_hardware_r 39.04899724704201 25.15999984741211 31.510000228881836 AB 7.987856777469496 1.1441188986587962
60506.0602 lsst_hardware_r 50.872950843529296 69.18000030517578 32.349998474121094 AB 4.366470906391321 1.1221735779816213
60506.0825 lsst_hardware_i 86.63386739058362 64.80000305175781 32.040000915527344 AB 4.3676123011574886 1.120283592978152
60508.0603 lsst_hardware_z 0.7884236044642479 65.62999725341797 30.979999542236328 AB 2.4332084029050565 1.1197032187314218
60508.0827 lsst_hardware_r -129.61150743197626 83.12999725341797 31.6299991607666 AB 2.4621673227635563 1.1232088147942472
60511.0537 lsst_hardware_z 16.55292715646823 73.16999816894531 30.979999542236328 AB 6.3796803440047904 1.1192421656148754
60511.0763 lsst_hardware_r 199.55935247728033 106.36000061035156 31.6299991607666 AB 6.409227263520666 1.12442583570538
60514.0491 lsst_hardware_i -90.78668141740944 57.630001068115234 31.299999237060547 AB 6.823460705732154 1.118600115693796
60514.0696 lsst_hardware_z -5.212262313914386 55.93000030517578 30.959999084472656 AB 6.865832187715864 1.1255462602812893
60516.0428 lsst_hardware_r -33.452758099588046 33.25 32.22999954223633 AB 9.382916192141222 1.1187007621184193
60516.0652 lsst_hardware_u 0.07777077388378745 3.609999895095825 29.020000457763672 AB 9.60371376548276 1.1264032096508048
60520.0159 lsst_hardware_u -2.1795689697196834 2.619999885559082 28.31999969482422 AB 5.77014493930071 1.1264130935173842
60520.0373 lsst_hardware_g 4.306237525939562 14.470000267028809 31.399999618530273 AB 5.728457816349623 1.1185845314576022
60530.9766 lsst_hardware_y 54.329156943148476 49.72999954223633 30.010000228881836 AB 2.4423027014622476 1.1360428102002857
60530.9956 lsst_hardware_i 119.53888056524868 32.099998474121094 31.239999771118164 AB 2.2733833216195207 1.1203991892658527
60532.9795 lsst_hardware_y -12.161618301471163 50.63999938964844 30.020000457763672 AB 6.402401528605322 1.127183367713026
60533.0009 lsst_hardware_r -26.411082408375396 29.31999969482422 31.540000915527344 AB 2.6055886076922956 1.1185183978070834
60534.9761 lsst_hardware_y 41.704923849738144 53.060001373291016 30.030000686645508 AB 6.244079167849816 1.1254817876710146
60534.994 lsst_hardware_g -44.38517588950841 44.63999938964844 31.68000030517578 AB 5.781158609436349 1.118482923228874
60538.9727 lsst_hardware_y 19.47108670617689 65.69000244140625 30.030000686645508 AB 3.945122993843118 1.1208531838463294
60538.9923 lsst_hardware_r 5.692772902133942 78.93000030517578 31.6299991607666 AB 3.816140943203781 1.120252735418694
60540.9739 lsst_hardware_y -9.289395098803919 63.61000061035156 30.040000915527344 AB 2.949904147132467 1.118800561491454
60540.9921 lsst_hardware_r 64.18271149699376 82.55000305175781 31.6299991607666 AB 2.8816522699987184 1.1229039532384364
60542.9745 lsst_hardware_y 32.27639815630845 58.91999816894531 30.030000686645508 AB 3.716692494890114 1.1185872275953392
60542.9944 lsst_hardware_z 25.544120955094982 51.40999984741211 30.959999084472656 AB 3.7325665002450292 1.1290279795054534
60749.2686 lsst_hardware_z -52.96987745769535 73.9000015258789 30.899999618530273 AB 14.843196628952425 1.706114555052003
60749.286 lsst_hardware_y 71.82177585190693 58.880001068115234 29.889999389648438 AB 13.281260292741495 1.5265816428438501
60753.3887 lsst_hardware_r -26.634434575172772 79.5999984741211 31.639999389648438 AB 7.031233620033858 1.1196380450962233
60755.3982 lsst_hardware_y -190.9200549858711 80.7699966430664 30.790000915527344 AB 6.874530115280342 1.1196303119348618
60757.3832 lsst_hardware_i 36.17285867223904 36.25 31.270000457763672 AB 7.0959365195802775 1.118527194133083
60757.403 lsst_hardware_z -67.92076936695105 48.150001525878906 30.959999084472656 AB 7.1092704802298226 1.1251961350421118
60759.3823 lsst_hardware_g -17.450577208641658 16.600000381469727 31.489999771118164 AB 8.300703114032169 1.1185675167701967
60759.3997 lsst_hardware_y -38.80651550628662 49.27000045776367 30.030000686645508 AB 8.343034091440558 1.1269547839582912
60768.3545 lsst_hardware_r -1.2952170853054263 23.520000457763672 31.489999771118164 AB 6.503769959180854 1.118447112498882
60768.3731 lsst_hardware_i -20.851190796199358 31.510000228881836 31.239999771118164 AB 6.547822096169997 1.1252970304911094
60772.3499 lsst_hardware_g -4.142039305493537 14.5 31.420000076293945 AB 9.103054364301983 1.1191018673266828
60772.3696 lsst_hardware_r -7.0456590576523626 23.65999984741211 31.489999771118164 AB 9.213997879807033 1.1322537408751954
60774.3157 lsst_hardware_r 4.814573196416393 40.08000183105469 31.59000015258789 AB 8.862327205046535 1.130014519514604
60774.3355 lsst_hardware_i -5.075108796404967 31.450000762939453 31.239999771118164 AB 8.04804064778725 1.1186768110348113
60777.3219 lsst_hardware_i -55.98203920854117 75.8499984741211 31.31999969482422 AB 7.48663896364196 1.120083627115819
60777.3393 lsst_hardware_z 19.18404059275912 66.93000030517578 30.979999542236328 AB 7.598947945580178 1.1200316323400041
60781.2722 lsst_hardware_i 13.533769161521578 94.0199966430664 31.31999969482422 AB 19.291267827441562 1.1686247497591966
60781.2905 lsst_hardware_r 46.32465667310896 116.80000305175781 31.639999389648438 AB 18.774323956748994 1.1369994220473183
60783.3348 lsst_hardware_z 131.02853444511186 82.51000213623047 31.719999313354492 AB 14.454765639382034 1.1275021624301842
60785.297 lsst_hardware_g 15.882438122938948 55.290000915527344 32.40999984741211 AB 4.055868128575832 1.121438192232949
60785.3144 lsst_hardware_r 2.803265108271559 42.02000045776367 31.600000381469727 AB 3.948563309686344 1.1191015521076082
60793.2882 lsst_hardware_i -30.730867955551968 31.510000228881836 31.239999771118164 AB 3.079519309164825 1.1184694827475152
60793.3066 lsst_hardware_u 2.9468058328808078 2.75 28.43000030517578 AB 3.267494118690155 1.126722109893157
60796.2836 lsst_hardware_g -43.52163997628631 20.75 32.18000030517578 AB 10.08410215017784 1.118932802594007
60796.3025 lsst_hardware_r -58.358155701302564 33.7400016784668 32.25 AB 11.185889349443196 1.1305730088380024
60799.2569 lsst_hardware_r 33.40533861257146 23.780000686645508 31.489999771118164 AB 10.340210193605772 1.1224717969611129
60799.275 lsst_hardware_i 8.449050098098569 31.510000228881836 31.239999771118164 AB 10.293441807226076 1.1188523703506605
60803.2593 lsst_hardware_z 23.040411207647548 50.959999084472656 30.969999313354492 AB 10.40151731770109 1.1184427223334505
60803.2769 lsst_hardware_r -85.79752042827504 48.9900016784668 31.610000610351562 AB 10.460760176583566 1.1248129222132865
60805.2554 lsst_hardware_i 4.841242198518182 69.05999755859375 31.31999969482422 AB 7.94113514927696 1.118469739334783
60805.2741 lsst_hardware_z 28.08259009401666 63.15999984741211 30.979999542236328 AB 8.001338155654885 1.1269490360077303
60807.2412 lsst_hardware_i 254.39234351261692 101.95999908447266 31.329999923706055 AB 12.58701198741918 1.1196665988319594
60807.2626 lsst_hardware_z 8.638207235498493 86.66000366210938 30.989999771118164 AB 11.818216449051135 1.1225509545071368
60813.2559 lsst_hardware_z 123.57182086754742 71.4800033569336 31.709999084472656 AB 9.004366342246616 1.1303852546523072
60816.203 lsst_hardware_g 16.571854627097515 21.190000534057617 32.189998626708984 AB 8.539427719074627 1.1281238798799145
60816.2254 lsst_hardware_r 52.191199482680574 36.68000030517578 32.27000045776367 AB 7.588285603377298 1.1184738158120557
60827.2101 lsst_hardware_g 2.7311927459417835 14.899999618530273 31.43000030517578 AB 7.587123673453093 1.1239073188011395
60827.2315 lsst_hardware_r -37.84766810156987 24.1200008392334 31.489999771118164 AB 7.769308779511452 1.1489661016728672
60841.1 lsst_hardware_i -48.657434769145 51.880001068115234 31.280000686645508 AB 14.742353613689426 1.1888994849749537
60841.1214 lsst_hardware_z 1.48796504630591 53.06999969482422 30.959999084472656 AB 14.223426344685022 1.1444662330773223
60843.1676 lsst_hardware_r 27.187546667695564 36.349998474121094 31.56999969482422 AB 5.777507377658226 1.1247580877984866
60843.179 lsst_hardware_g 2.8737085947110796 36.029998779296875 31.649999618530273 AB 5.834804079024324 1.13609685134337
60848.1229 lsst_hardware_z 25.414208864022115 42.7400016784668 30.940000534057617 AB 2.899518326185046 1.1226114704207444
60848.1449 lsst_hardware_i -13.397047037206459 31.649999618530273 31.239999771118164 AB 2.924021326443896 1.119849868104792
60859.0789 lsst_hardware_i -107.80210383191381 38.27000045776367 31.270000457763672 AB 7.309472659432803 1.1353050985399125
60859.0985 lsst_hardware_z 86.80442975193425 45.54999923706055 30.950000762939453 AB 7.223511367334593 1.1199242429976113
60864.076 lsst_hardware_r -100.42597301032421 151.89999389648438 32.38999938964844 AB 2.1237483925548735 1.1247674424334797
60864.0978 lsst_hardware_i 52.86065037480988 136.1699981689453 32.06999969482422 AB 1.9624014718993215 1.1189212991919246
60866.0716 lsst_hardware_z -231.5736651466552 78.04000091552734 30.979999542236328 AB 9.433978888048026 1.12400709561921
60869.0411 lsst_hardware_r 38.85637631103154 61.52000045776367 31.6200008392334 AB 6.565734068039379 1.1507391601401027
60869.0604 lsst_hardware_z 89.16801915094241 55.279998779296875 30.969999313354492 AB 7.0216894656107 1.126293557013979
60871.0402 lsst_hardware_g 2.193767599876447 14.420000076293945 31.399999618530273 AB 6.133998252186986 1.143389394135232
60871.0571 lsst_hardware_r -30.151526023000567 23.510000228881836 31.479999542236328 AB 7.070899557027185 1.1246112564026856
60876.0383 lsst_hardware_i -31.066698802958197 31.600000381469727 31.239999771118164 AB 3.370702539515792 1.1289614400521801
60876.0572 lsst_hardware_z 5.4264607448963025 42.61000061035156 30.940000534057617 AB 3.135450960953391 1.1186719251781143
60878.0385 lsst_hardware_r 12.947270729304009 23.639999389648438 31.489999771118164 AB 6.7913683537465435 1.1242436231888333
60878.0589 lsst_hardware_g -6.2868941202603885 14.5600004196167 31.420000076293945 AB 5.755103508430273 1.118799282354252
60880.0366 lsst_hardware_r 13.610831798501096 23.709999084472656 31.5 AB 7.033436132722123 1.1219987449838547
60880.0569 lsst_hardware_i 16.854986456780594 31.5 31.239999771118164 AB 6.829856811672255 1.1196486576511895
60882.0398 lsst_hardware_z 5.279702850824109 60.099998474121094 31.690000534057617 AB 10.247388580143568 1.1188326869902356
60882.059 lsst_hardware_i 6.504552352140719 31.489999771118164 31.239999771118164 AB 9.496394620144933 1.1233019422929897
60885.0084 lsst_hardware_r -15.633398213401662 24.350000381469727 31.489999771118164 AB 5.033867304180916 1.1347122691870195
60885.0273 lsst_hardware_u 0.09652230234921907 2.940000057220459 28.489999771118164 AB 4.971136342079936 1.1200036818925168
60887.0096 lsst_hardware_g 26.076169626460526 22.350000381469727 31.559999465942383 AB 3.6546625175094274 1.127721211913732
60887.0286 lsst_hardware_r -19.827501800796696 28.829999923706055 31.540000915527344 AB 3.584027025158735 1.1185229071260778
60889.0105 lsst_hardware_i -58.84508003091631 44.2400016784668 31.280000686645508 AB 3.012443523744157 1.1228938677641067
60889.0295 lsst_hardware_z 2.3473484237931257 49.08000183105469 30.950000762939453 AB 2.943874321208616 1.1189184041081777
60893.011 lsst_hardware_r -14.239301199944256 86.12999725341797 31.639999389648438 AB 1.3144091586431916 1.1186460924622907
60893.0332 lsst_hardware_i 67.69225258063442 71.20999908447266 31.309999465942383 AB 1.3382119485857247 1.1264410341630677
60895.0106 lsst_hardware_z 34.32091384662031 65.0 30.979999542236328 AB 4.309236167911758 1.1185557866091518
60895.0305 lsst_hardware_i -81.10866546991983 72.55000305175781 31.31999969482422 AB 4.386769388307605 1.1289134175357336
60897.9783 lsst_hardware_y 77.8199545953395 49.279998779296875 30.020000457763672 AB 8.7898614395233 1.1288953526438659
60897.9981 lsst_hardware_u 2.0243423268180636 6.559999942779541 29.020000457763672 AB 8.645096015229914 1.1185632884010888
60902.9814 lsst_hardware_z -59.74713967492612 66.51000213623047 31.709999084472656 AB 6.705345481699281 1.1190496464785955
60904.9741 lsst_hardware_y -31.573551628918516 57.02000045776367 30.040000915527344 AB 3.9514010493077034 1.1195356422461265
60904.9946 lsst_hardware_g -17.941661163384488 15.140000343322754 31.440000534057617 AB 3.913274895960335 1.1223273523941593
60908.9805 lsst_hardware_y -40.244700571611645 50.290000915527344 30.030000686645508 AB 3.7062834277274024 1.1207106244860483
60909.007 lsst_hardware_i -11.900059280690337 32.15999984741211 31.239999771118164 AB 3.495243387370641 1.147988850680088
