data/validation/pwv_sim_epoch_fit_epoch/11714598.ecsv
# %ECSV 0.9
# ---
# datatype:
# - {name: time, datatype: float64}
# - {name: band, datatype: string}
# - {name: flux, datatype: float64}
# - {name: fluxerr, datatype: float64}
# - {name: zp, datatype: float64}
# - {name: zpsys, datatype: string}
# - {name: pwv, datatype: float64}
# - {name: airmass, datatype: float64}
# meta: {SNID: '11714598', alt: 1024.0, c: 0.0509050190448761, dec: -0.895283, lat: -30.244573, lon: -70.7499537, ra: 180.878906, t0: 62284.4765625,
#   x0: 2.6481873120142585e-05, x1: -2.0380051136016846, z: 0.3042941391468048}
# schema: astropy-2.0
time band flux fluxerr zp zpsys pwv airmass
[from data line 132]
62544.2983 lsst_hardware_z 71.55770241457219 43.439998626708984 30.940000534057617 AB 6.901574862400695 1.1462030080798453
62544.3147 lsst_hardware_r 19.362313001264976 24.760000228881836 31.5 AB 6.900304356647982 1.147659768257473
62545.2929 lsst_hardware_u 2.9468710177663384 3.8399999141693115 29.110000610351562 AB 6.53854152586649 1.1471125483976299
62545.3118 lsst_hardware_g -19.332809750296406 15.300000190734863 31.420000076293945 AB 6.541217146598566 1.147581955543608
62547.2979 lsst_hardware_r 42.374448385634174 44.97999954223633 31.600000381469727 AB 4.5653057587328165 1.1453830044907942
62547.3147 lsst_hardware_i 32.85847223787371 42.88999938964844 31.280000686645508 AB 4.510922093682515 1.1529513338485853
62549.3056 lsst_hardware_z -23.62392351523548 72.20999908447266 30.969999313354492 AB 5.689937481064366 1.1502181491993597
62549.3231 lsst_hardware_r 23.417608037482154 101.41000366210938 31.6200008392334 AB 5.7840074633460175 1.1690767990593325
62551.3014 lsst_hardware_z 81.19116974441317 96.11000061035156 30.989999771118164 AB 3.0312155592537633 1.1510945161723152
62551.3177 lsst_hardware_r 211.87399485242318 143.41000366210938 31.6299991607666 AB 2.9730938420727293 1.1691668394190644
62553.2721 lsst_hardware_z -45.0612729899453 83.33000183105469 30.979999542236328 AB 5.889342981594809 1.1467161411510256
62553.2892 lsst_hardware_i -62.132477398733904 94.45999908447266 31.31999969482422 AB 6.024973481688473 1.1472497902294776
62558.2726 lsst_hardware_y 43.18944573007323 49.04999923706055 30.010000228881836 AB 7.429005167714428 1.1462155679460648
62558.2909 lsst_hardware_g 7.987358923254794 21.09000015258789 31.530000686645508 AB 7.507721897592069 1.1590611325387543
62564.2661 lsst_hardware_u 2.1356262900236227 2.700000047683716 28.34000015258789 AB 6.573432685153654 1.1512309318852267
62564.2848 lsst_hardware_r 48.59928124294625 24.84000015258789 31.479999542236328 AB 6.853012499583191 1.173226666975751
62565.2666 lsst_hardware_i -4.4907340659555635 32.54999923706055 31.229999542236328 AB 11.962269492534537 1.1538424692175298
62565.2851 lsst_hardware_z 1.8823058883748724 43.779998779296875 30.93000030517578 AB 12.167453241856949 1.1784077907273647
62567.2394 lsst_hardware_z -48.07173518637913 43.72999954223633 30.93000030517578 AB 11.10432157279061 1.1454445799392028
62567.2569 lsst_hardware_r 34.00170443641157 25.219999313354492 31.489999771118164 AB 11.153078216356565 1.1505135358321195
62576.232 lsst_hardware_z -33.50912654229308 56.06999969482422 30.959999084472656 AB 9.5596671819702 1.1502888475015998
62576.2506 lsst_hardware_r -80.5614137267106 63.13999938964844 31.610000610351562 AB 8.810960403184842 1.1709306492820148
62579.2338 lsst_hardware_i -148.81778286956475 135.92999267578125 31.31999969482422 AB 7.848621849243338 1.1593237591201253
62579.2525 lsst_hardware_z 188.20327830248738 115.26000213623047 30.979999542236328 AB 6.774182002421424 1.1892875706498287
62581.1574 lsst_hardware_z 5.242902357472111 93.4800033569336 30.979999542236328 AB 6.159942606856341 1.194848642726519
62581.1764 lsst_hardware_r 156.0318418956837 136.67999267578125 31.6299991607666 AB 6.158851831791035 1.1620475154322707
62583.2073 lsst_hardware_y 19.548170670415637 74.68000030517578 30.760000228881836 AB 7.844296959290691 1.1472463560205894
62585.1645 lsst_hardware_i -10.960632343156664 39.529998779296875 31.260000228881836 AB 9.839126774734837 1.1632923592734496
62585.1809 lsst_hardware_z 28.128379452396924 46.630001068115234 30.940000534057617 AB 7.912941806445921 1.148398157795886
62589.9982 lsst_hardware_z -49.190076515097935 77.02999877929688 31.489999771118164 AB 17.97961771106045 2.694786827197309
62590.0284 lsst_hardware_r 12.275342040704853 37.439998626708984 32.04999923706055 AB 11.345935691655225 1.9496968195076447
62590.0684 lsst_hardware_g -11.331798912696494 15.579999923706055 31.299999237060547 AB 7.48745321204548 1.4881155146666498
62593.1963 lsst_hardware_i 35.22557902264377 46.5099983215332 31.989999771118164 AB 9.513320958611478 1.160161092513595
62593.2186 lsst_hardware_z -27.40130385263271 62.470001220703125 31.68000030517578 AB 10.195703875125798 1.198812895623178
62595.184 lsst_hardware_r 2.9489420271267712 25.059999465942383 31.5 AB 5.315859392564183 1.1532399159484072
62595.2032 lsst_hardware_u -1.378740556466734 2.700000047683716 28.31999969482422 AB 5.404240488847133 1.1784213887586024
62601.1628 lsst_hardware_r 40.51267818771885 24.920000076293945 31.489999771118164 AB 5.60897703866521 1.1496750271412164
62601.1795 lsst_hardware_g 34.62211663857446 15.59000015258789 31.420000076293945 AB 5.770485308927538 1.1666973936367846
62603.1559 lsst_hardware_r 15.472409742808741 40.459999084472656 31.59000015258789 AB 7.23754792033342 1.148817130211654
62603.1728 lsst_hardware_i -2.3225334267184694 40.09000015258789 31.280000686645508 AB 7.572347307989449 1.1649765089214537
62605.1556 lsst_hardware_z -12.069161678910021 61.41999816894531 30.969999313354492 AB 5.700406793027858 1.1523345156216822
62605.1721 lsst_hardware_i 36.92140869368017 64.55999755859375 31.309999465942383 AB 6.472092571581974 1.1720028197893926
62607.1223 lsst_hardware_z 49.174990879034105 137.94000244140625 31.739999771118164 AB 18.340552134025216 1.147671277837296
62609.1578 lsst_hardware_r -161.69076230604227 141.61000061035156 31.6299991607666 AB 13.773723900520402 1.1669021406218747
62609.1759 lsst_hardware_i 15.95941991571294 112.91999816894531 31.309999465942383 AB 15.49460541773312 1.201132202925048
62613.1219 lsst_hardware_i 30.904274506122853 43.93000030517578 31.280000686645508 AB 10.363490974675976 1.1460657963737808
62613.1395 lsst_hardware_z 22.93113556987349 48.90999984741211 30.950000762939453 AB 11.726372006397574 1.1577028340801239
62617.1224 lsst_hardware_r -7.646608950418667 24.68000030517578 31.489999771118164 AB 11.289516805287782 1.1519915107436511
62617.1418 lsst_hardware_i -37.63228271343298 32.77000045776367 31.239999771118164 AB 10.30723780431554 1.176088293509304
62619.119 lsst_hardware_z -26.580359059935386 43.310001373291016 30.940000534057617 AB 2.6933097362561402 1.1536987518766932
62619.1374 lsst_hardware_i -36.57664595677754 32.61000061035156 31.229999542236328 AB 2.4602301412147005 1.1779420538074614
62621.1145 lsst_hardware_u -5.501619433747369 2.759999990463257 28.399999618530273 AB 12.17139987469647 1.1545626896885286
62621.133 lsst_hardware_g -16.990836136208834 15.210000038146973 31.40999984741211 AB 12.293193616144968 1.1798539833620432
62624.1156 lsst_hardware_r 22.580581953250256 24.829999923706055 31.489999771118164 AB 15.328377311201047 1.1651687363612973
62624.1348 lsst_hardware_i -24.817830034689734 33.04999923706055 31.239999771118164 AB 13.641623380294778 1.2007942766862894
62626.0803 lsst_hardware_i -6.223307840680047 32.619998931884766 31.25 AB 10.338351253674514 1.145322750801738
62626.0977 lsst_hardware_z 96.97731800016004 43.72999954223633 30.940000534057617 AB 10.69208467760788 1.1518953560707321
62628.0823 lsst_hardware_r -28.870676732375355 24.6299991607666 31.489999771118164 AB 7.251366638148695 1.1464611285610584
62628.101 lsst_hardware_g 19.802369121973264 15.380000114440918 31.420000076293945 AB 7.733997561865773 1.1604767892363677
62629.0786 lsst_hardware_r -1.106843418999371 25.100000381469727 31.5 AB 11.697443793460828 1.1461714531267755
62632.0804 lsst_hardware_z -23.731471813198876 48.75 30.950000762939453 AB 8.84605195771987 1.1512051132484766
62635.0359 lsst_hardware_r -50.856707168949946 107.31999969482422 31.6299991607666 AB 6.786025885395551 1.1545278185352577
62635.0549 lsst_hardware_i 92.62601420900191 89.55000305175781 31.31999969482422 AB 7.307155057888968 1.1453520297639201
62638.0491 lsst_hardware_z 225.91368347475958 143.5 32.47999954223633 AB 10.175722400364679 1.145355764870509
62643.0351 lsst_hardware_i -7.646945419752622 32.349998474121094 31.239999771118164 AB 5.260925945535903 1.1453394656463585
62643.0555 lsst_hardware_z -3.336084076717137 43.119998931884766 30.93000030517578 AB 5.852526565303443 1.1555790832355037
62644.9998 lsst_hardware_z 143.63296945503274 43.400001525878906 30.940000534057617 AB 9.216973898257956 1.1644454516454927
62645.0189 lsst_hardware_i -23.645000817683055 32.52000045776367 31.25 AB 8.646508075613177 1.1475126842220145
62647.0011 lsst_hardware_u -1.9882762651388934 2.819999933242798 28.420000076293945 AB 6.589615782508268 1.1564956400745667
62647.0198 lsst_hardware_g -5.357054957995133 15.819999694824219 31.450000762939453 AB 6.506045519186253 1.1455986240680018
62650.9996 lsst_hardware_r 36.91735896494717 25.06999969482422 31.5 AB 10.94140488378066 1.1490055010534015
62651.0193 lsst_hardware_i -22.732089366193875 32.66999816894531 31.25 AB 11.017215238570959 1.1464025637804385
62655.9965 lsst_hardware_g -28.293791677160858 16.040000915527344 31.440000534057617 AB 12.370709988202172 1.1454361100187196
62656.0151 lsst_hardware_r -6.409827288821582 25.40999984741211 31.5 AB 13.004850726158137 1.1513812063885027
62672.9533 lsst_hardware_y -38.258415004464815 66.16000366210938 30.030000686645508 AB 4.868215791706942 1.1453502499849681
62672.9671 lsst_hardware_i 21.553181182629732 33.88999938964844 31.25 AB 6.113098869997173 1.1502679217232112
