data/validation/pwv_sim_epoch_fit_epoch/11764858.ecsv
# %ECSV 0.9
# ---
# datatype:
# - {name: time, datatype: float64}
# - {name: band, datatype: string}
# - {name: flux, datatype: float64}
# - {name: fluxerr, datatype: float64}
# - {name: zp, datatype: float64}
# - {name: zpsys, datatype: string}
# - {name: pwv, datatype: float64}
# - {name: airmass, datatype: float64}
# meta: {SNID: '11764858', alt: 1024.0, c: -0.025813337415456772, dec: -7.331168, lat: -30.244573, lon: -70.7499537, ra: 185.625, t0: 60812.33203125,
#   x0: 5.926299320887281e-06, x1: 0.9795460104942322, z: 0.5717660188674927}
# schema: astropy-2.0
time band flux fluxerr zp zpsys pwv airmass
60697.3582 lsst_hardware_r -0.45060638670036113 39.119998931884766 31.59000015258789 AB 9.730542395325331 1.0897277581744078
60699.2886 lsst_hardware_g -27.632630098440927 18.739999771118164 31.459999084472656 AB 11.65128351321192 1.226989049219335
60701.3249 lsst_hardware_r -18.193710459040872 24.940000534057617 31.510000228881836 AB 13.565077664606866 1.114769911213943
60701.3453 lsst_hardware_y 15.850066804341733 47.869998931884766 30.030000686645508 AB 15.246948292376576 1.0910875460436815
60703.3557 lsst_hardware_g 0.01404002606504792 15.710000038146973 31.469999313354492 AB 12.813598062805537 1.0846419172262804
60703.3749 lsst_hardware_y 30.936295560367103 59.9900016784668 30.049999237060547 AB 12.878762331317127 1.090365592440968
60709.3286 lsst_hardware_u -1.9760737108710669 2.9200000762939453 28.530000686645508 AB 10.126528023960926 1.0878796824365913
60709.3471 lsst_hardware_r 16.064359091421036 24.579999923706055 31.520000457763672 AB 11.561786928119568 1.0851722549309735
60711.3324 lsst_hardware_i -9.601348568696965 31.93000030517578 31.260000228881836 AB 7.099348325126606 1.0848084844588015
60711.35 lsst_hardware_z -10.92069580164314 42.459999084472656 30.950000762939453 AB 7.619172730568666 1.088453247224095
60713.3341 lsst_hardware_r 7.66499973986335 24.5 31.510000228881836 AB 5.184758223700764 1.084790924511092
60713.3533 lsst_hardware_u 7.813706440982188 2.8499999046325684 28.479999542236328 AB 5.240695266522333 1.0949480838908072
60714.2777 lsst_hardware_g -33.14045382947775 15.34000015258789 31.43000030517578 AB 8.475528013670614 1.1368155071652506
60714.2962 lsst_hardware_r 31.057335006852 24.540000915527344 31.5 AB 9.0163581681308 1.1048781530703722
60716.3236 lsst_hardware_i -7.667724309651762 46.04999923706055 31.299999237060547 AB 3.151220143149076 1.0845706911543982
60716.3414 lsst_hardware_z 35.05518844938039 42.619998931884766 30.950000762939453 AB 3.7423581899095555 1.0918092550548113
60718.3069 lsst_hardware_r 162.7496206249839 102.97000122070312 31.649999618530273 AB 6.551920369038928 1.0865539583812485
60718.3232 lsst_hardware_z 147.9941853805179 71.05999755859375 30.989999771118164 AB 6.587939455885962 1.085327752205277
60720.3038 lsst_hardware_r -114.49631877854152 125.26000213623047 31.649999618530273 AB 2.7982524861515925 1.0857161741405559
60720.3212 lsst_hardware_i 55.99851717919552 100.7699966430664 31.34000015258789 AB 2.8877492165962417 1.0864368760708631
60722.2595 lsst_hardware_z 20.82725568610639 85.0999984741211 30.989999771118164 AB 5.134320668834443 1.1292494139665197
60722.2772 lsst_hardware_i -183.082679159645 96.48999786376953 31.329999923706055 AB 4.9615505127927 1.1013430661027082
60724.3118 lsst_hardware_z 233.79355509384496 82.30999755859375 31.729999542236328 AB 5.379124293906726 1.0870760963788748
60727.3001 lsst_hardware_r 5.8302430731888295 31.68000030517578 31.56999969482422 AB 7.037753995679144 1.0857380431470447
60727.3197 lsst_hardware_i -47.605028097816415 35.47999954223633 31.270000457763672 AB 7.144675680202766 1.0996602129445296
60729.3031 lsst_hardware_z -52.342215021152846 42.58000183105469 30.950000762939453 AB 11.939399129985981 1.0898086924363088
60729.32 lsst_hardware_u -4.2722969484625715 3.2899999618530273 28.59000015258789 AB 12.276853148619507 1.1068205146609724
60733.2725 lsst_hardware_r -4.201300976168133 24.260000228881836 31.5 AB 6.403074942743353 1.0847766449192489
60733.2894 lsst_hardware_i -37.38389623388895 31.81999969482422 31.25 AB 6.444746314708726 1.0881494227896318
60736.2745 lsst_hardware_z -15.300135620436581 42.650001525878906 30.950000762939453 AB 3.7888996327640965 1.0854372515557955
60736.2933 lsst_hardware_i -29.304849932474944 32.18000030517578 31.25 AB 3.820395158823396 1.0976832732163475
60738.2707 lsst_hardware_u -3.888251640519065 2.7100000381469727 28.3700008392334 AB 6.301340949251239 1.0859388124858522
60738.2889 lsst_hardware_g 7.13866511794006 15.380000114440918 31.43000030517578 AB 6.468330993468645 1.0988104745416725
60740.2678 lsst_hardware_r -20.94155996592539 24.530000686645508 31.510000228881836 AB 8.44915890715396 1.0869298880355898
60740.2862 lsst_hardware_i 4.761563828524979 32.15999984741211 31.25 AB 8.574341755457295 1.1019706446914732
60742.2665 lsst_hardware_z -27.593170673493248 42.52000045776367 30.940000534057617 AB 10.782154599651772 1.0891065252173506
60742.284 lsst_hardware_u 1.7084668644827292 2.700000047683716 28.360000610351562 AB 10.950666121738694 1.1061278910847165
60744.2694 lsst_hardware_z 78.05684301283226 48.5099983215332 30.959999084472656 AB 10.388745954170265 1.0956281326903887
60749.0636 lsst_hardware_r -177.04105948654993 326.79998779296875 32.150001525878906 AB 20.092307360264112 2.0740446307369074
60749.0806 lsst_hardware_i 79.8000884743334 175.89999389648438 31.200000762939453 AB 17.077667698641985 1.7864603482025487
60751.2455 lsst_hardware_z 36.95739652689648 78.08999633789062 30.989999771118164 AB 9.038754001654185 1.0915380855181114
60751.2654 lsst_hardware_i 39.85208556327064 90.12000274658203 31.329999923706055 AB 8.808205605381989 1.1149627348584796
60753.2385 lsst_hardware_z -33.45538398469975 78.18000030517578 31.729999542236328 AB 7.376179402092978 1.0904249245462307
60757.2378 lsst_hardware_z 21.151161100201826 61.93000030517578 31.709999084472656 AB 7.061194875893993 1.0996604829112568
60759.2165 lsst_hardware_g -24.986383800689076 16.0 31.479999542236328 AB 7.7076867473383865 1.0871847307441744
60759.2341 lsst_hardware_r -19.48682706077221 25.15999984741211 31.510000228881836 AB 7.749518180411073 1.1016966966583683
60761.213 lsst_hardware_i -17.1175040624552 32.45000076293945 31.260000228881836 AB 6.855462627573058 1.0881686710433425
60761.2305 lsst_hardware_z 26.104007825012324 43.040000915527344 30.950000762939453 AB 6.955163871476975 1.1039942653138055
60763.2076 lsst_hardware_i 35.94551793803905 32.310001373291016 31.260000228881836 AB 7.140052775541119 1.088201500031677
60763.2258 lsst_hardware_u -0.8453255796836638 2.9100000858306885 28.510000228881836 AB 7.320564418920032 1.1049769566048275
60766.2047 lsst_hardware_g -35.57893227462274 15.84000015258789 31.469999313354492 AB 5.969703553062196 1.0916528395468952
60766.2235 lsst_hardware_r 64.30058378897122 25.040000915527344 31.510000228881836 AB 4.704346036147941 1.1134546831119385
60768.2073 lsst_hardware_i 7.933544976651272 32.5099983215332 31.25 AB 6.997868970094338 1.0991417230514309
60768.2246 lsst_hardware_r -8.972059729524657 25.1299991607666 31.5 AB 8.054650411254292 1.1247548139297194
60770.1882 lsst_hardware_z -70.24774596480296 60.09000015258789 31.700000762939453 AB 8.03702981438786 1.088045552489335
60772.1762 lsst_hardware_z 19.655767172380354 48.790000915527344 30.959999084472656 AB 10.983710620336597 1.085427340992326
60772.1947 lsst_hardware_r 33.42426767777621 45.36000061035156 31.610000610351562 AB 11.274784588511036 1.0973560356719094
60774.1716 lsst_hardware_i 72.33961334651927 71.12000274658203 31.31999969482422 AB 8.663130107799011 1.0856733013095032
60774.191 lsst_hardware_z -77.20667211141772 66.13999938964844 30.979999542236328 AB 8.757026628217773 1.099231359846579
60777.1588 lsst_hardware_i -22.125003733428922 135.77999877929688 31.34000015258789 AB 6.833623568673563 1.0847021537577084
60777.1757 lsst_hardware_z -30.64352454611386 113.4000015258789 31.0 AB 7.1009940439015375 1.092460622138698
60779.1609 lsst_hardware_z -6.875816080405819 86.52999877929688 30.989999771118164 AB 5.373404585374355 1.0867437729546676
60779.1777 lsst_hardware_r -185.45588293466895 129.6999969482422 31.649999618530273 AB 6.0295032374614355 1.0996221652234415
60781.1143 lsst_hardware_i 25.760864474404137 61.54625882057638 31.31999969482422 AB 17.614380420874166 1.1035426806436919
60781.1321 lsst_hardware_r -102.86262814390805 74.31534665067191 31.639999389648438 AB 18.166607597172224 1.0878208142019297
60783.1524 lsst_hardware_z -38.64608321074998 48.71517913554332 30.969999313354492 AB 12.775025671924372 1.0878843287000233
60783.1704 lsst_hardware_g 58.26518086804189 50.1598690576461 31.690000534057617 AB 14.240978986556446 1.1039518594229802
60785.1509 lsst_hardware_r 17.84317113381291 31.04024959946105 31.559999465942383 AB 6.936895846370745 1.0902640457420196
60785.168 lsst_hardware_i 6.665013298314062 36.966882728856625 31.270000457763672 AB 3.681056298998164 1.108056580659174
60791.148 lsst_hardware_z 215.47661291590484 45.71511325981117 30.940000534057617 AB 9.827745000573572 1.103249326512525
60791.1662 lsst_hardware_r 437.32803325082114 32.24047764133278 31.5 AB 9.849127885309658 1.1334733641218724
60793.1224 lsst_hardware_i 531.954635358133 39.633660716026604 31.25 AB 2.5218849729409785 1.0866290727214754
60793.1409 lsst_hardware_u -5.7729413933777725 3.4021088555807584 28.399999618530273 AB 2.2877739556121504 1.1012590744653137
60796.1144 lsst_hardware_g 300.2643909519747 23.190325109271694 31.440000534057617 AB 10.565701639994012 1.086708204881447
60796.1317 lsst_hardware_r 1086.685627602906 40.50097543879443 31.5 AB 10.258904479955886 1.1000916283261901
60799.1165 lsst_hardware_i 1150.5743692860788 47.97608344838112 31.270000457763672 AB 12.891257016320644 1.0931742222871015
60799.1344 lsst_hardware_r 1409.5547162471826 47.48732859546115 31.540000915527344 AB 11.256082762824166 1.1150524464559668
60801.1172 lsst_hardware_z 1732.248604279717 84.3770906897541 31.719999313354492 AB 3.866240126682545 1.0991443146219033
60803.1102 lsst_hardware_r 2229.6718610839534 108.67229312188746 31.639999389648438 AB 11.37488847253736 1.0975031491850924
60803.1283 lsst_hardware_i 1451.293923739011 91.79188644269873 31.31999969482422 AB 11.090640152767389 1.1233872021035591
60805.0801 lsst_hardware_i 1708.0558288447437 110.87799285675585 31.34000015258789 AB 7.927961541466407 1.0845364625809037
60805.0985 lsst_hardware_z 1216.0846870179803 94.71782847390904 30.989999771118164 AB 8.175383248435393 1.0918708845990508
60809.0472 lsst_hardware_g 1802.5571080991156 138.39173567736407 32.459999084472656 AB 6.990856750098699 1.0936314465399049
60809.0704 lsst_hardware_r 5081.916356666024 140.93858524024495 32.400001525878906 AB 6.90637985484339 1.0846013487164232
60811.0472 lsst_hardware_i 1858.8680611833431 62.70091928337145 31.299999237060547 AB 5.460230106056212 1.0895400790295084
60811.0675 lsst_hardware_r 2409.954981078944 73.6419499584316 31.6299991607666 AB 5.425738216515881 1.0849306571717416
60813.0387 lsst_hardware_u -1.3571987173939069 3.067269608079719 28.489999771118164 AB 7.96960815904946 1.0916648354385425
60813.0596 lsst_hardware_g 571.3320327603695 28.078311875718384 31.459999084472656 AB 9.06120142436624 1.0846109513266327
60822.0359 lsst_hardware_z 1256.6757117420098 54.400625314912126 30.950000762939453 AB 6.363658043285181 1.084699031539611
60822.0578 lsst_hardware_r 1662.9530531053417 47.13259600638396 31.510000228881836 AB 6.334009725804069 1.0969723435126424
60825.0047 lsst_hardware_i 1331.0473718468463 48.59601266373167 31.260000228881836 AB 10.406817447802984 1.0926366158647047
60825.0291 lsst_hardware_u 5.394497220470278 2.958888027252071 28.5 AB 10.368577905477883 1.0849008149707426
60827.0046 lsst_hardware_g 180.672649853796 24.127990199865668 31.520000457763672 AB 7.404327135757747 1.0888716376114334
60827.0283 lsst_hardware_r 1356.7681572724002 45.20485212072657 31.520000457763672 AB 7.385771991754569 1.0861429399639073
60831.0013 lsst_hardware_i 1148.1895910046487 75.70608463214569 31.329999923706055 AB 11.027585306724756 1.0855347132226758
60831.0223 lsst_hardware_r 1228.235181208893 85.1717560417475 31.639999389648438 AB 11.01394180183079 1.0884058701328272
60842.9686 lsst_hardware_y 248.4477682045751 50.54964873481158 30.030000686645508 AB 7.900663622788018 1.0855169337118151
60842.9939 lsst_hardware_r 403.66047509808214 33.0040897462145 31.520000457763672 AB 7.700876037371081 1.0912393421243574
60844.9633 lsst_hardware_y 183.75520829653897 51.48180490906482 30.040000915527344 AB 6.9855582632762445 1.0854724983725033
60844.9852 lsst_hardware_z 635.8619902996176 49.725791185881896 30.950000762939453 AB 6.904123029655442 1.0890642841953555
60847.9548 lsst_hardware_y 296.6702026158495 64.33227210892785 30.049999237060547 AB 4.824227554163803 1.085559755662422
60847.9753 lsst_hardware_u 4.916675729500372 3.147868890928192 28.469999313354492 AB 5.4703734491543985 1.0880901937651712
60849.9554 lsst_hardware_y 380.87524291145235 63.61629310850138 30.040000915527344 AB 4.8096385999055 1.0845547053305657
60849.9749 lsst_hardware_r 289.52333705057254 30.622587602614757 31.510000228881836 AB 5.113766591210549 1.0913248994224896
61063.3588 lsst_hardware_r 13.602593336470607 25.079999923706055 31.510000228881836 AB 10.217401097935074 1.0881151329004406
61065.3628 lsst_hardware_z 35.9542134832832 43.61000061035156 30.950000762939453 AB 10.590503080941268 1.084814656178363
61069.3626 lsst_hardware_z 33.297861855648065 42.95000076293945 30.940000534057617 AB 12.579910605939595 1.0854107511595854
61071.3632 lsst_hardware_y 56.98078628139438 72.06999969482422 30.780000686645508 AB 12.582083906586869 1.0877882339988647
61072.3507 lsst_hardware_r 59.42488960204819 75.22000122070312 31.639999389648438 AB 12.748625749146344 1.0846817143346295
61072.3697 lsst_hardware_z 84.47304406594371 58.599998474121094 30.979999542236328 AB 12.81553211575915 1.0942846344645487
61074.3339 lsst_hardware_i -81.76331982517911 85.47000122070312 31.329999923706055 AB 11.631869639269397 1.0858728191999012
61074.3523 lsst_hardware_z -2.400965075213988 74.27999877929688 30.989999771118164 AB 11.606421962981445 1.086540157553028
61076.3327 lsst_hardware_r -6.999463307215957 113.19999694824219 31.639999389648438 AB 7.085685679135294 1.0848204663131351
61076.3514 lsst_hardware_z 55.995082880701325 81.44999694824219 30.989999771118164 AB 7.476487309857213 1.088808831532614
61080.2787 lsst_hardware_z 22.784629794576137 47.29999923706055 30.950000762939453 AB 5.969260449854593 1.1304168636396723
61080.2965 lsst_hardware_r 42.44828296696601 40.83000183105469 31.59000015258789 AB 6.010597441955368 1.1019015430506196
61082.3293 lsst_hardware_g -10.156012414412208 20.360000610351562 31.549999237060547 AB 4.114669521246866 1.0860946340892041
61082.3462 lsst_hardware_r 50.58975919826492 27.559999465942383 31.530000686645508 AB 4.8758774684396995 1.0979851305386925
61084.306 lsst_hardware_r 35.256674798257684 24.6299991607666 31.510000228881836 AB 6.190628369686721 1.0860751525766177
61084.3223 lsst_hardware_i 3.5730676752649693 32.02000045776367 31.25 AB 6.187858944404232 1.0855892884919704
61086.3051 lsst_hardware_z -7.658358871432983 42.43000030517578 30.950000762939453 AB 4.330424966988214 1.0848663800388185
61086.3219 lsst_hardware_r 5.749960416427331 24.399999618530273 31.510000228881836 AB 4.270664024416143 1.0876054391552146
61088.3072 lsst_hardware_u 1.1356071733404811 2.7300000190734863 28.399999618530273 AB 5.321168026384832 1.084698245508901
61088.3235 lsst_hardware_r 40.80549964264504 24.290000915527344 31.5 AB 5.378877723965732 1.0921579134955859
61090.3013 lsst_hardware_i -8.349392181385369 32.06999969482422 31.260000228881836 AB 2.767651961943648 1.0846447924011684
61090.3198 lsst_hardware_z 49.25413029200625 42.810001373291016 30.950000762939453 AB 2.8479483382132207 1.0936121618738768
61096.2581 lsst_hardware_r -6.264887454117739 24.18000030517578 31.5 AB 9.699526739909693 1.0961362220906363
61096.2756 lsst_hardware_i -2.1586737932301037 31.649999618530273 31.25 AB 9.604726113440664 1.085341105535981
61097.1515 lsst_hardware_z -127.12399555962185 72.19999694824219 31.65999984741211 AB 8.199964054381399 1.5180901702085345
61099.285 lsst_hardware_z 15.4752638414024 48.33000183105469 30.959999084472656 AB 5.976699270571327 1.0869360943085584
61099.3025 lsst_hardware_r 12.337632984694489 36.540000915527344 31.579999923706055 AB 5.8319826986424 1.1009973001023976
61101.2777 lsst_hardware_i -24.107823566446918 83.01000213623047 31.329999923706055 AB 3.733225651631674 1.0861872713505016
