data/validation/pwv_sim_epoch_fit_epoch/12112773.ecsv
# %ECSV 0.9
# ---
# datatype:
# - {name: time, datatype: float64}
# - {name: band, datatype: string}
# - {name: flux, datatype: float64}
# - {name: fluxerr, datatype: float64}
# - {name: zp, datatype: float64}
# - {name: zpsys, datatype: string}
# - {name: pwv, datatype: float64}
# - {name: airmass, datatype: float64}
# meta: {SNID: '12112773', alt: 1024.0, c: -0.08838475495576859, dec: -35.869247, lat: -30.244573, lon: -70.7499537, ra: 54.84375, t0: 62714.19140625,
#   x0: 5.013955771748881e-06, x1: -0.9578691124916077, z: 0.612398087978363}
# schema: astropy-2.0
time band flux fluxerr zp zpsys pwv airmass
[from data line 131]
63161.2285 lsst_hardware_r -0.4318209007613428 21.729999542236328 31.489999771118164 AB 2.5139375562392017 1.023659676785559
63163.207 lsst_hardware_y -62.75731895269466 47.540000915527344 30.049999237060547 AB 2.3082837302149932 1.044629837176796
63163.2258 lsst_hardware_g 27.67085729616823 22.030000686645508 31.59000015258789 AB 1.39296658847231 1.0208622854322535
63163.2831 lsst_hardware_i 29.86740151726174 29.639999389648438 31.25 AB 2.988021069611616 1.0124880791590725
63163.2944 lsst_hardware_r 9.949657848852434 21.709999084472656 31.489999771118164 AB 3.210900740319093 1.0219289434497432
63166.187 lsst_hardware_i -7.6932954073574225 51.380001068115234 31.309999465942383 AB 2.543061655661609 1.0655286266736275
63166.2045 lsst_hardware_z -59.903786271232256 51.2400016784668 30.969999313354492 AB 2.4714513068478503 1.036247927399518
63166.3205 lsst_hardware_i 10.076718525020961 41.439998626708984 31.290000915527344 AB 3.354330011164625 1.0753642738365392
63166.3312 lsst_hardware_z 24.330457314221835 41.540000915527344 30.940000534057617 AB 3.479438982783416 1.1006529008409383
63168.1156 lsst_hardware_r -66.4960561048577 94.4000015258789 31.600000381469727 AB 3.760754517619298 1.2951743258932713
63168.1347 lsst_hardware_i 12.403290207503158 72.8499984741211 31.309999465942383 AB 3.4837963180307217 1.204493367994862
63181.1491 lsst_hardware_i 1.6128910898731215 29.969999313354492 31.239999771118164 AB 3.046159497728994 1.0596565970764125
63181.1684 lsst_hardware_r 6.410494013159685 21.75 31.489999771118164 AB 0.7886664933620239 1.029926860413587
63183.1448 lsst_hardware_u -3.2528473572207757 2.609999895095825 28.40999984741211 AB 5.287560651280229 1.0575121302560457
63183.164 lsst_hardware_g -12.97640445006218 13.109999656677246 31.40999984741211 AB 5.14322392858781 1.028644785717562
63186.1269 lsst_hardware_g -0.37434527617417634 13.079999923706055 31.389999389648438 AB 6.276858250593712 1.0769559480572568
63186.144 lsst_hardware_r 8.55761896077193 21.700000762939453 31.479999542236328 AB 6.150847488269329 1.0449517924432923
63187.1264 lsst_hardware_i 39.11345097420225 30.040000915527344 31.239999771118164 AB 2.9806666195494778 1.0721822372480134
63187.1445 lsst_hardware_z -37.59791026908457 40.63999938964844 30.940000534057617 AB 2.877795117360364 1.0400416036719782
63189.1048 lsst_hardware_u -5.765162145590548 2.7200000286102295 28.43000030517578 AB 4.9284961877766555 1.1111478272520923
63189.1219 lsst_hardware_g 11.9081427039116 13.579999923706055 31.40999984741211 AB 4.798702734656783 1.0701834823051852
63193.11 lsst_hardware_r -48.26979910209542 41.16999816894531 31.600000381469727 AB 7.3961736270477925 1.0722200097198886
63193.1271 lsst_hardware_y -36.83510582178247 47.9900016784668 30.040000915527344 AB 6.874243278950792 1.0415520119622412
63195.1113 lsst_hardware_z 45.60284382935251 51.900001525878906 30.969999313354492 AB 5.42986940056374 1.0588668877855048
63195.1291 lsst_hardware_r -4.690128693053911 60.68000030517578 31.649999618530273 AB 7.932311645313558 1.0312641085108012
63197.1086 lsst_hardware_i 16.296824111751892 67.29000091552734 31.329999923706055 AB 4.0066054545735685 1.0538845149138365
63197.1264 lsst_hardware_z -9.614005387623841 60.540000915527344 30.979999542236328 AB 3.700464959090628 1.02790693308073
63201.0357 lsst_hardware_y 1.5733239990091286 51.68000030517578 29.979999542236328 AB 9.253038518810165 1.2436879729583556
63201.0525 lsst_hardware_i -74.48576239888418 47.9900016784668 31.280000686645508 AB 9.743567819098981 1.1736410285592311
63204.039 lsst_hardware_y -86.42024340439112 49.90999984741211 30.0 AB 5.2517171404086085 1.1939791157006592
63204.0601 lsst_hardware_g 3.9364910359096474 12.970000267028809 31.360000610351562 AB 3.8841987539563956 1.1217362593251716
63206.0393 lsst_hardware_y -31.157730782831 50.099998474121094 30.010000228881836 AB 3.7864712476457534 1.1719797516571844
63206.0605 lsst_hardware_i -15.488995041864213 30.389999389648438 31.239999771118164 AB 3.509468211071617 1.1054313602866777
63208.0399 lsst_hardware_z -1.7104883809894624 45.040000915527344 30.940000534057617 AB 4.2738671050865635 1.1507450471423166
63208.0611 lsst_hardware_u -3.0162600574017 2.5899999141693115 28.3700008392334 AB 3.179277449703408 1.090100274199462
63211.0427 lsst_hardware_y -65.75670497625478 49.310001373291016 30.020000457763672 AB 11.133154130328418 1.1168147659661096
63211.0672 lsst_hardware_r 1.5571180449968354 21.670000076293945 31.479999542236328 AB 10.520071069801665 1.0596364897059616
63213.0411 lsst_hardware_y 12.76045061229458 50.689998626708984 30.040000915527344 AB 11.83158061691828 1.1061945741923604
63213.0615 lsst_hardware_z 54.38742895530359 40.790000915527344 30.950000762939453 AB 12.096619125860004 1.060084052743844
63216.0427 lsst_hardware_y 24.574364288452582 51.22999954223633 30.040000915527344 AB 10.81903761976829 1.082049224271808
63216.0635 lsst_hardware_u 2.4993262480691265 2.700000047683716 28.479999542236328 AB 10.427879206070159 1.0427642387818128
63218.0415 lsst_hardware_y 21.89275712026133 52.52000045776367 30.040000915527344 AB 3.8041453583761635 1.0727234003175645
63218.0619 lsst_hardware_r -1.9359268813056631 22.020000457763672 31.489999771118164 AB 4.162980663304239 1.037115262407633
63220.0439 lsst_hardware_y -19.660836643212836 50.58000183105469 30.049999237060547 AB 5.3868664729649325 1.0572848818383853
63220.0661 lsst_hardware_r -34.03115002289848 26.209999084472656 31.540000915527344 AB 5.616118134869716 1.0250728970786613
63222.0531 lsst_hardware_z -67.59632294087966 66.12000274658203 31.719999313354492 AB 5.5885643355415 1.034217075234378
63224.0439 lsst_hardware_y 70.38833202231652 54.369998931884766 30.059999465942383 AB 6.708429482809548 1.039421983701477
63224.0657 lsst_hardware_i 61.23669853262497 49.279998779296875 31.31999969482422 AB 6.526525756234585 1.015222299528317
