data/validation/pwv_sim_epoch_fit_epoch/12254117.ecsv
# %ECSV 0.9
# ---
# datatype:
# - {name: time, datatype: float64}
# - {name: band, datatype: string}
# - {name: flux, datatype: float64}
# - {name: fluxerr, datatype: float64}
# - {name: zp, datatype: float64}
# - {name: zpsys, datatype: string}
# - {name: pwv, datatype: float64}
# - {name: airmass, datatype: float64}
# meta: {SNID: '12254117', alt: 1024.0, c: -0.018021099269390106, dec: -46.178181, lat: -30.244573, lon: -70.7499537, ra: 90.192307, t0: 60669.9921875,
#   x0: 2.879644090168664e-06, x1: 0.7627084851264954, z: 0.7683818936347961}
# schema: astropy-2.0
time band flux fluxerr zp zpsys pwv airmass
60625.287 lsst_hardware_z -51.80175004654515 40.5 30.940000534057617 AB 4.282941655892004 1.0446199160712206
60625.2974 lsst_hardware_r -0.34583443255373275 21.25 31.469999313354492 AB 3.8404750050045036 1.0408966699052296
60627.3482 lsst_hardware_y 40.781978875730935 49.38999938964844 30.040000915527344 AB 6.205799764515445 1.0695966502093537
60627.3595 lsst_hardware_g 68.20758137716295 32.209999084472656 31.639999389648438 AB 6.229285482229432 1.0858719608765797
60628.3468 lsst_hardware_r 8.44350623135551 43.959999084472656 31.610000610351562 AB 5.918576161468017 1.0713162974223727
60628.358 lsst_hardware_i 40.061203957346926 43.220001220703125 31.290000915527344 AB 6.057211110264599 1.0878774724712779
60630.3384 lsst_hardware_i 9.285192936435921 62.650001525878906 31.31999969482422 AB 3.3932338588330553 1.0675862275765013
60630.3512 lsst_hardware_z -44.23582131930604 62.40999984741211 30.979999542236328 AB 3.4524260388502253 1.085697016855823
60632.3367 lsst_hardware_r 104.24576799828115 60.880001068115234 31.639999389648438 AB 6.247650906115682 1.0724046756313572
60632.3493 lsst_hardware_z -33.71407987390769 56.31999969482422 30.969999313354492 AB 6.348943944178953 1.0916184621688054
60634.3412 lsst_hardware_z -25.300118264305944 48.0 30.959999084472656 AB 3.9803911453583196 1.0871920094755732
60634.354 lsst_hardware_i -27.56994111573749 52.34000015258789 31.299999237060547 AB 4.069964981548207 1.1107477775432903
60636.35 lsst_hardware_z -10.339272934137702 50.249212828360605 30.959999084472656 AB 7.350943419434427 1.1137793059749133
60641.3224 lsst_hardware_r 24.24244989761896 21.958971856427386 31.479999542236328 AB 3.8182993883569267 1.0877054637455934
60641.3342 lsst_hardware_u -2.3585929747099956 2.9765699195036466 28.440000534057617 AB 4.27061261753278 1.1093460778073991
60647.3101 lsst_hardware_z 202.96868612260857 43.52934988912828 30.940000534057617 AB 3.933573580932661 1.0946865253057778
60647.3221 lsst_hardware_r 168.77132797655446 25.17474737931216 31.459999084472656 AB 3.990147125789129 1.1183408971031075
60649.3097 lsst_hardware_u 0.3069934291586782 2.7147808101430395 28.399999618530273 AB 4.845253265226261 1.1040795864706074
60649.3218 lsst_hardware_g 45.29266619638552 14.307788797437466 31.3700008392334 AB 4.920998402682397 1.1300300597468849
60651.308 lsst_hardware_r 361.10857105458086 28.174929599669074 31.469999313354492 AB 6.128100882165704 1.1116064120988671
60651.3201 lsst_hardware_z 346.2512103908786 45.407702069119324 30.940000534057617 AB 6.309396692864433 1.1391544341955098
60653.2848 lsst_hardware_r 346.55617205762303 29.59651046776465 31.479999542236328 AB 9.979686078098583 1.0801110534226146
60653.296 lsst_hardware_u -1.223481730382094 2.682067912335663 28.420000076293945 AB 11.026117214485824 1.0988207897240005
60655.2181 lsst_hardware_z 920.8842320986165 70.24756110514308 31.709999084472656 AB 13.078285328738403 1.0404156901206203
60657.2192 lsst_hardware_z 484.37059815120756 55.956437809692304 30.969999313354492 AB 8.140171213784459 1.039945220540972
60657.2307 lsst_hardware_r 672.958303649551 67.35789871425187 31.639999389648438 AB 8.092956844672273 1.041788051234432
60659.219 lsst_hardware_i 987.8592692602722 71.31640205448059 31.329999923706055 AB 10.80905790916744 1.0403669220286038
60659.2329 lsst_hardware_z 526.134708009454 62.92733489412044 30.979999542236328 AB 10.855761859509593 1.0449148369443844
60661.2132 lsst_hardware_i 1108.81555350247 64.53773717836593 31.329999923706055 AB 4.944984403114795 1.0403192993931047
60661.2269 lsst_hardware_z 613.7868935625388 59.26236005777488 30.979999542236328 AB 4.933513427517105 1.044645700349563
60666.2002 lsst_hardware_r 719.4841448874578 38.98770075280259 31.549999237060547 AB 5.990463419918471 1.0404174234584198
60666.2124 lsst_hardware_i 1139.432032012597 46.562001523345856 31.270000457763672 AB 7.065056162124725 1.0442384306432733
60667.2042 lsst_hardware_z 1354.6081323585759 68.3071525397076 31.700000762939453 AB 6.847825485412783 1.042049073333642
60667.2176 lsst_hardware_u 4.811791438806376 3.24214553446254 28.559999465942383 AB 7.387091105923145 1.0488061201026708
60669.2047 lsst_hardware_g 135.9829583917116 16.63384878816292 31.3799991607666 AB 7.325945846665349 1.0444747428949126
60669.2172 lsst_hardware_r 659.3559882739245 34.02690358142791 31.479999542236328 AB 7.691317210164864 1.0525957588839283
60671.204 lsst_hardware_i 1108.2669823498566 43.67976145041739 31.25 AB 6.376280907152786 1.0470799984375907
60671.2162 lsst_hardware_z 670.079620921683 47.9763597573638 30.950000762939453 AB 6.342146904405248 1.056510902378885
60673.1973 lsst_hardware_i 1032.822219041977 43.31329873254879 31.25 AB 9.731016323976963 1.0463458412878455
60673.2096 lsst_hardware_u -0.7121044246494936 2.6279845246758544 28.40999984741211 AB 9.484810711785642 1.0554608208817604
60677.2033 lsst_hardware_i 972.9143806295457 42.53998514403969 31.239999771118164 AB 4.914633628017618 1.059949740046934
60677.2161 lsst_hardware_r 545.7354618784932 31.422345617757127 31.469999313354492 AB 6.010752829271249 1.0755253780158498
60679.198 lsst_hardware_u 0.1198312737616592 2.5800162845456063 28.3700008392334 AB 2.7319226272689163 1.0601174339421484
60679.2107 lsst_hardware_g 59.26058622099247 14.855832108564949 31.360000610351562 AB 2.811648913997964 1.0756116732968493
60681.185 lsst_hardware_g 55.136199908215744 14.641627115386104 31.3799991607666 AB 7.059765105296993 1.0530675873056359
60681.199 lsst_hardware_r 457.38453680821436 30.037307030636597 31.479999542236328 AB 7.264337410638988 1.0674215576576265
60683.1821 lsst_hardware_i 771.6856279922811 44.41373839966066 31.270000457763672 AB 7.124253759647409 1.0552886623681543
60683.1943 lsst_hardware_z 526.4998173629406 48.58457036437117 30.950000762939453 AB 7.2531026462852255 1.068360973086644
60685.1643 lsst_hardware_i 776.2578402385408 52.7922966617341 31.299999237060547 AB 8.62693068825166 1.0462169606773069
60685.1766 lsst_hardware_z 543.7794730508105 53.0107224722113 30.959999084472656 AB 8.050185668643953 1.0552546100643128
60689.1514 lsst_hardware_i 688.9745970113479 68.96917385527777 31.329999923706055 AB 7.531984672135564 1.0451412588532234
60689.1645 lsst_hardware_r 387.25569397079323 84.1015063717196 31.65999984741211 AB 7.632161347961419 1.0542144686166148
60691.1623 lsst_hardware_z 868.8470468208466 79.6736284084375 31.729999542236328 AB 4.657817155575697 1.057193226156769
60693.1076 lsst_hardware_r 278.31862933235413 37.81960238320001 31.59000015258789 AB 4.124523157559555 1.0420725511772548
60693.121 lsst_hardware_g 66.19829929327365 33.71813660889413 31.68000030517578 AB 4.09173485368839 1.0399631093375041
60698.1024 lsst_hardware_z 308.1652859469596 44.11162007463416 30.950000762939453 AB 8.755673942937992 1.0402059987451815
60698.1155 lsst_hardware_i 362.0698541919729 34.9800334362111 31.239999771118164 AB 8.844438224278951 1.0409405613172689
60700.099 lsst_hardware_u -1.1134260563646319 2.628941607495335 28.40999984741211 AB 8.223085244034156 1.040030174521327
60700.1122 lsst_hardware_g 5.363612537704327 13.329866368479768 31.389999389648438 AB 8.399766097940647 1.0414869828613562
60704.0975 lsst_hardware_z 281.74600197367164 43.38132371164143 30.950000762939453 AB 12.166854464331292 1.0406136216499566
60704.109 lsst_hardware_u -3.1797113490282243 2.689908546064333 28.479999542236328 AB 11.991062548420219 1.0444266656580627
60706.0889 lsst_hardware_g 17.533080737507163 13.046280847706711 31.389999389648438 AB 9.229747231358367 1.040166855524985
60706.1014 lsst_hardware_r 123.53469891106643 23.547973439794337 31.489999771118164 AB 9.258951923470185 1.0434581431408925
60708.0872 lsst_hardware_i 206.43055934729375 32.96507789326639 31.260000228881836 AB 6.173284741838438 1.0407335895203658
60708.1006 lsst_hardware_z 218.84026762185687 43.37871814826643 30.959999084472656 AB 6.428592128914693 1.04572462446762
60710.0891 lsst_hardware_i 258.22315842095884 33.538680675817744 31.260000228881836 AB 10.942959710859853 1.0428984587124417
60710.1032 lsst_hardware_z 218.200614605115 43.49104739030869 30.950000762939453 AB 11.02040597355713 1.0509971682192005
60712.0695 lsst_hardware_z 26.78122066977133 45.14610503585344 30.959999084472656 AB 4.898988318389231 1.0399777069889395
60712.0822 lsst_hardware_g 57.610995709286826 31.775965832127387 31.670000076293945 AB 4.991543294455021 1.0423659949439694
60715.0689 lsst_hardware_r 84.61096576340128 56.369208736792864 31.639999389648438 AB 6.152799514805611 1.0409067018788043
60715.0816 lsst_hardware_i 154.62273968492465 49.46527710362837 31.309999465942383 AB 6.324415464726114 1.0457900727120486
60717.0664 lsst_hardware_z 276.3763748249903 80.00598750999691 31.729999542236328 AB 1.0704911835143605 1.0416716025115411
60723.0611 lsst_hardware_i 118.36906562549474 31.09024581403407 31.229999542236328 AB 1.17135782949974 1.0465560236764215
60723.0748 lsst_hardware_u -1.3844548460974564 4.392031420148794 28.760000228881836 AB 1.3194237343015358 1.0570893852062744
60725.0637 lsst_hardware_g 8.90730216996669 13.34778903603086 31.399999618530273 AB 3.0723423759351727 1.0521420196690183
60725.0749 lsst_hardware_r -15.95677489796131 22.165156809362426 31.489999771118164 AB 3.0943373815084585 1.062828765437831
60728.0568 lsst_hardware_i 16.417303248494235 31.13067419113936 31.25 AB 5.731252517022555 1.0532002603983195
60728.07 lsst_hardware_r 48.936106728165186 22.118864650532373 31.479999542236328 AB 5.665973795462294 1.066636633181908
60730.0538 lsst_hardware_u 0.9842471692058827 3.870110286277894 29.229999542236328 AB 8.347391592481051 1.0553405022311582
60730.068 lsst_hardware_g 11.052610507207095 19.169861055440865 32.150001525878906 AB 8.46828721128011 1.070974827795345
60732.0517 lsst_hardware_r -31.51423384203788 22.00885169398305 31.479999542236328 AB 6.773893775754037 1.0585311661247063
60732.0629 lsst_hardware_i 125.19253779027747 31.125506198691802 31.239999771118164 AB 6.893697240646984 1.071448125683398
60734.0525 lsst_hardware_z 75.94319449864273 41.69823855500789 30.940000534057617 AB 5.9604258190335 1.0653129256538876
60734.0666 lsst_hardware_r 14.794907129436957 22.010274447077865 31.469999313354492 AB 6.0301972118880025 1.0847304233646535
60979.3061 lsst_hardware_g 0.10308990787885909 12.649999618530273 31.3700008392334 AB 3.5823135804765824 1.0521259720426597
60995.3412 lsst_hardware_i 58.522431013331904 30.729999542236328 31.25 AB 4.26023335283694 1.0702535272058802
60995.3538 lsst_hardware_z 18.312745251939376 53.380001068115234 30.969999313354492 AB 4.344846040397274 1.0888428803935748
60999.3413 lsst_hardware_g -14.291599887134634 13.84000015258789 31.40999984741211 AB 5.441752142274606 1.0862503444556626
60999.3534 lsst_hardware_r -19.187351468752553 28.520000457763672 31.540000915527344 AB 5.565791164092481 1.1081530747641677
61001.3366 lsst_hardware_i 6.188741968818339 30.200000762939453 31.239999771118164 AB 5.153799290541203 1.087490618718031
61001.3492 lsst_hardware_z 17.927463190630878 47.2400016784668 30.950000762939453 AB 5.363808014683396 1.110710891737718
61004.3314 lsst_hardware_z -36.42209945764568 41.18000030517578 30.93000030517578 AB 7.273047666352625 1.0925413348886348
61004.343 lsst_hardware_r -6.074482474480042 23.040000915527344 31.479999542236328 AB 6.2274234714589545 1.1148602365732874
61006.328 lsst_hardware_u -0.6681717954407366 2.690000057220459 28.440000534057617 AB 4.255117656435584 1.0961853948440587
61006.3401 lsst_hardware_r -4.352676837212414 22.690000534057617 31.479999542236328 AB 4.412123282476994 1.1203969737117812
61009.3195 lsst_hardware_i -25.87285376816806 30.15999984741211 31.229999542236328 AB 6.379128181175072 1.0956308778568282
61009.3318 lsst_hardware_z 12.277721494606633 42.2599983215332 30.940000534057617 AB 6.514552716809418 1.1201569387971118
61011.3159 lsst_hardware_r -15.041871626315528 21.700000762939453 31.469999313354492 AB 7.193269024966864 1.099019993119635
61011.3277 lsst_hardware_z 41.90285484667665 42.20000076293945 30.940000534057617 AB 7.321496517878159 1.1231873157748191
61013.319 lsst_hardware_y 29.15925052983335 73.5999984741211 30.780000686645508 AB 4.00254619588275 1.1160811978759846
61015.3113 lsst_hardware_r 75.00599553728892 74.20999908447266 31.6299991607666 AB 4.858959910216226 1.111381498219631
61015.3228 lsst_hardware_i -47.3332648292593 60.369998931884766 31.309999465942383 AB 4.912689675389871 1.137394148379979
61017.2857 lsst_hardware_z -85.5075734178658 49.060001373291016 30.959999084472656 AB 6.891424028602295 1.076448614277147
61017.2984 lsst_hardware_r 17.157231114206766 53.880001068115234 31.6200008392334 AB 6.082167668335754 1.0969731568825911
61020.2184 lsst_hardware_z -116.65473507779568 42.16999816894531 30.950000762939453 AB 9.930141639173723 1.0404772686558919
61020.2305 lsst_hardware_r 35.662370568328434 29.739999771118164 31.559999465942383 AB 9.898068905284166 1.04035059002724
61024.2179 lsst_hardware_r 9.413317138836751 21.34000015258789 31.479999542236328 AB 8.392495678377529 1.0401454746432146
61024.2301 lsst_hardware_z 58.44021017480898 40.61000061035156 30.950000762939453 AB 8.418756019953218 1.0433063358847476
61026.2164 lsst_hardware_r 14.890574015310735 21.329999923706055 31.469999313354492 AB 8.731212179118137 1.0407516106704708
61026.2286 lsst_hardware_u 5.262802829949719 2.5999999046325684 28.420000076293945 AB 8.877971985694519 1.045164068480252
61028.2176 lsst_hardware_g -15.750619636268343 12.680000305175781 31.389999389648438 AB 5.3750289544548915 1.0426826293801925
61028.229 lsst_hardware_r 18.943568303691972 21.459999084472656 31.479999542236328 AB 5.404578486587922 1.0486691218215711
61030.2025 lsst_hardware_r -24.455413263684378 21.31999969482422 31.479999542236328 AB 4.8975492231013265 1.040261092417261
61030.2162 lsst_hardware_i -34.15167853168199 29.670000076293945 31.25 AB 6.162108293746042 1.0444251345332274
61032.2213 lsst_hardware_r -10.842615744053253 21.440000534057617 31.489999771118164 AB 7.11517451767114 1.0509858962586136
61032.2345 lsst_hardware_u -0.7405005934725449 2.640000104904175 28.450000762939453 AB 7.156813214980041 1.063419497025217
61034.2007 lsst_hardware_u 0.10067574681263344 2.5899999141693115 28.420000076293945 AB 6.977761442149637 1.0424942393649856
61034.2132 lsst_hardware_g 2.0538803725625967 12.59000015258789 31.3700008392334 AB 6.958829720227491 1.0490698070693891
61040.199 lsst_hardware_z 90.09190963638459 48.40999984741211 30.969999313354492 AB 6.878833773104394 1.0506447398685546
61040.2115 lsst_hardware_r -48.149764307819915 50.220001220703125 31.6299991607666 AB 7.0918250446484805 1.0621407153473101
61043.1979 lsst_hardware_r -42.30921201403157 82.31999969482422 31.649999618530273 AB 3.997098273521631 1.0566413905419125
61043.2106 lsst_hardware_z 13.213666347041375 59.09000015258789 30.979999542236328 AB 3.793539701392863 1.0708651238935378
61048.1842 lsst_hardware_r 2.6517357155848176 41.58000183105469 31.6200008392334 AB 7.288417265799884 1.0565986178312388
61048.1968 lsst_hardware_z -13.88419950142651 45.7400016784668 30.959999084472656 AB 7.260250000968735 1.0706754167480808
61054.1593 lsst_hardware_r -6.162211120579711 21.40999984741211 31.479999542236328 AB 7.697680402195823 1.0495763481729128
61054.1736 lsst_hardware_u 5.890409414391232 2.549999952316284 28.3700008392334 AB 8.399640347539503 1.062505894319082
61056.1549 lsst_hardware_g -1.2857095821070865 12.579999923706055 31.3700008392334 AB 4.569441582537959 1.0503457329844939
61056.1677 lsst_hardware_r -2.8143975070835436 21.40999984741211 31.479999542236328 AB 5.495188024946915 1.0620259989267846
61058.1579 lsst_hardware_i -33.0273452840005 41.72999954223633 31.979999542236328 AB 4.701396440882917 1.0575630279794974
61058.1712 lsst_hardware_z 12.994407703692204 57.75 31.690000534057617 AB 6.694572717452675 1.0729341641882642
61062.1013 lsst_hardware_i 31.27523282067744 29.450000762939453 31.239999771118164 AB 11.608593848064784 1.0409738916214155
61062.1142 lsst_hardware_u -0.9264857073436585 2.5399999618530273 28.3799991607666 AB 11.676763631157618 1.0401689820643711
61064.0989 lsst_hardware_g 32.542347183347786 13.40999984741211 31.399999618530273 AB 13.496717144290296 1.0403965114566758
61064.113 lsst_hardware_r 8.020281578671145 21.510000228881836 31.479999542236328 AB 13.523940051335094 1.0408435188528726
61066.0983 lsst_hardware_i 20.702355701391724 46.13999938964844 32.0 AB 14.238811844191321 1.0399745713903752
61066.1129 lsst_hardware_r 8.700804610470131 38.150001525878906 32.279998779296875 AB 14.245897266294309 1.042357303453158
61068.1012 lsst_hardware_z -93.74200839464908 63.7599983215332 31.709999084472656 AB 12.820253182405297 1.0406683184776002
61070.0883 lsst_hardware_r 10.29554842181784 58.470001220703125 31.639999389648438 AB 13.270554137712612 1.0399645369696482
61070.0996 lsst_hardware_i 11.496174876473736 49.47999954223633 31.309999465942383 AB 13.184440435397757 1.0415964003079303
61075.0904 lsst_hardware_z 89.37575651100805 50.77000045776367 30.969999313354492 AB 10.936517699361886 1.0431461123308372
61075.1038 lsst_hardware_g 106.6558358267865 67.33999633789062 31.719999313354492 AB 11.024689862506644 1.0509379933119372
61077.0707 lsst_hardware_g 9.087464760179712 12.579999923706055 31.3700008392334 AB 4.930961446038255 1.0399946806885971
61077.0827 lsst_hardware_r 13.528009571872765 32.709999084472656 31.579999923706055 AB 4.9700531775135515 1.0423040568011641
61079.07 lsst_hardware_i 3.057980053940593 29.56999969482422 31.239999771118164 AB 10.594736951595571 1.040467816380343
61079.0833 lsst_hardware_r -0.6475064843864433 21.31999969482422 31.469999313354492 AB 10.591072404462135 1.0448880554910727
61081.0871 lsst_hardware_g 12.702593386325564 12.630000114440918 31.3799991607666 AB 3.6402423134246273 1.0507013291905118
61081.0996 lsst_hardware_r -20.932803172611784 21.469999313354492 31.479999542236328 AB 3.6801345061329305 1.0622156121129325
61083.0661 lsst_hardware_r -0.007068153501457083 21.40999984741211 31.479999542236328 AB 1.992052223488604 1.0422317179048022
61083.0795 lsst_hardware_i 10.253260758455347 42.040000915527344 32.0 AB 2.186444062100428 1.0491574194340387
61083.0954 lsst_hardware_z 16.838208833779554 40.91999816894531 30.950000762939453 AB 4.803479613293305 1.0636187651680935
61085.0621 lsst_hardware_z -62.43330148694601 40.38999938964844 30.940000534057617 AB 2.6338363967671907 1.0427593784627611
61085.0738 lsst_hardware_r 28.541595405702314 21.290000915527344 31.469999313354492 AB 2.6420642675543617 1.0489932242804398
61087.0673 lsst_hardware_u -0.6607919416272228 2.7100000381469727 28.510000228881836 AB 2.5159060981891432 1.0482942075788098
61087.0799 lsst_hardware_g 19.429041458633172 12.779999732971191 31.389999389648438 AB 2.54098431656626 1.0587434652359415
61089.0618 lsst_hardware_r -18.48847632189323 21.3799991607666 31.479999542236328 AB 4.780980685237091 1.0482691069403747
61089.074 lsst_hardware_z -18.440315172726972 40.779998779296875 30.940000534057617 AB 4.842637573206743 1.0583072460113379
61091.055 lsst_hardware_r 75.0043090222374 30.280000686645508 32.2400016784668 AB 3.4571568417281227 1.047411687051542
61091.0657 lsst_hardware_u 6.643327733170635 3.75 29.219999313354492 AB 3.513776044117381 1.0556106681706696
61093.0531 lsst_hardware_g 4.9509464030697465 13.3100004196167 31.389999389648438 AB 5.791482679281583 1.0497997334085436
61093.0668 lsst_hardware_r 4.8190362586845525 21.65999984741211 31.469999313354492 AB 5.770579623587464 1.062183907521552
61095.0512 lsst_hardware_i 5.974155850618694 32.279998779296875 31.260000228881836 AB 8.336103627915112 1.0525272622866062
61095.0626 lsst_hardware_z -63.246505906758784 41.970001220703125 30.950000762939453 AB 8.421473259230758 1.06358591301222
