data/validation/pwv_sim_epoch_fit_epoch/12424712.ecsv
# %ECSV 0.9
# ---
# datatype:
# - {name: time, datatype: float64}
# - {name: band, datatype: string}
# - {name: flux, datatype: float64}
# - {name: fluxerr, datatype: float64}
# - {name: zp, datatype: float64}
# - {name: zpsys, datatype: string}
# - {name: pwv, datatype: float64}
# - {name: airmass, datatype: float64}
# meta: {SNID: '12424712', alt: 1024.0, c: -0.06855136901140213, dec: -27.784405, lat: -30.244573, lon: -70.7499537, ra: 140.273438, t0: 60320.14453125,
#   x0: 2.380613151279968e-06, x1: 0.9713046550750732, z: 0.829682469367981}
# schema: astropy-2.0
time band flux fluxerr zp zpsys pwv airmass
60272.2636 lsst_hardware_z 140.41967809943344 68.91999816894531 30.940000534057617 AB 12.488339143432889 1.448273203394005
60272.2806 lsst_hardware_r 4.063397445015071 64.5 31.56999969482422 AB 11.756305546643743 1.3272588136318508
60274.2604 lsst_hardware_z -22.513043084399953 69.0999984741211 30.93000030517578 AB 7.678689992531744 1.4302787767040377
60274.2765 lsst_hardware_r 13.75379819049457 65.02999877929688 31.56999969482422 AB 7.079277906798291 1.3188743538715293
60276.2602 lsst_hardware_i -21.947779131861676 62.630001068115234 31.260000228881836 AB 6.13188558030284 1.3907918983051837
60276.2768 lsst_hardware_z -83.48947868907307 70.19999694824219 30.959999084472656 AB 5.6747824697664 1.2852201498008267
60278.2622 lsst_hardware_r 62.104093580215704 64.2699966430664 31.56999969482422 AB 8.052911698408709 1.340030235195725
60278.2774 lsst_hardware_z 21.431854890513595 69.7300033569336 30.959999084472656 AB 7.55737621563262 1.2528287480844824
60280.2847 lsst_hardware_r 14.245052681456501 66.37000274658203 31.610000610351562 AB 8.230930282346247 1.193551530900663
60280.3003 lsst_hardware_i 64.83329105314115 63.599998474121094 31.309999465942383 AB 7.437654470161314 1.135086527304247
60282.2271 lsst_hardware_g -62.40648199561968 63.9900016784668 31.530000686645508 AB 6.669696194191356 1.528607389948062
60282.2478 lsst_hardware_r 38.969514225515084 63.459999084472656 31.56999969482422 AB 5.887060088778521 1.362982019743826
60284.225 lsst_hardware_i 52.36242512057356 62.06829566981924 31.239999771118164 AB 7.938702626679375 1.497868420128184
60284.2443 lsst_hardware_z -6.307769898336849 69.99445247180846 30.950000762939453 AB 7.218259630423472 1.3499012820465608
60290.2374 lsst_hardware_u 40.293352422385624 26.404821903361313 29.969999313354492 AB 16.192586801595688 1.2918672279231456
60290.2588 lsst_hardware_g 79.96573526757268 98.09745980130118 32.41999816894531 AB 14.691974915581813 1.1877101791092817
60293.241 lsst_hardware_r 42.554197878219256 23.695984890944327 31.459999084472656 AB 9.923931532439674 1.2303657120184122
60293.2639 lsst_hardware_i 109.53391871375808 32.3944673700819 31.229999542236328 AB 9.29845265167912 1.1381163968707237
60295.2412 lsst_hardware_z 85.69497409051083 44.45172887352817 30.940000534057617 AB 10.144657338477684 1.2044948753485991
60295.2654 lsst_hardware_u 1.4413343905289204 2.640417418961633 28.399999618530273 AB 7.870427446345129 1.1159769509174235
60297.2461 lsst_hardware_g 15.90139752934064 13.872691647550088 31.360000610351562 AB 5.934945749999872 1.1625181430880434
60297.2693 lsst_hardware_r 239.98104193240354 25.680975811943362 31.479999542236328 AB 4.744094200295251 1.0899073459986421
60301.246 lsst_hardware_i 339.0019004476602 46.85873734441476 31.280000686645508 AB 7.61306752524901 1.1252778841547573
60301.269 lsst_hardware_z 280.47171806739095 48.164456016593704 30.950000762939453 AB 7.13560535869994 1.0650157251790955
60303.2476 lsst_hardware_i 559.3977107755869 60.31333224636278 31.309999465942383 AB 7.295217278674289 1.1042205769940903
60303.2706 lsst_hardware_z 316.9243252918115 56.015197751165765 30.969999313354492 AB 6.6469807120917785 1.0510029718828
60304.2508 lsst_hardware_z 385.5020064783995 61.132382097266266 30.969999313354492 AB 8.706751510888681 1.0883439388610852
60304.2713 lsst_hardware_r 443.5119001605935 79.82398037202299 31.649999618530273 AB 8.35906851996178 1.0448835649952224
60306.2523 lsst_hardware_i 1376.55357199905 102.50705404670914 32.08000183105469 AB 6.6031487988226685 1.0716787793269498
60306.2751 lsst_hardware_r 887.8578431929836 123.46186578805462 32.40999984741211 AB 6.3417258521863 1.0305046883630646
60310.1273 lsst_hardware_i 725.1875737695108 43.797264647521665 31.1299991607666 AB 12.527324422646501 1.7984326639064474
60310.15 lsst_hardware_z 489.1263491234821 58.759883598440915 30.90999984741211 AB 10.685234283603595 1.53479377816771
60312.154 lsst_hardware_u -1.4035934649272077 2.6095197794072695 28.079999923706055 AB 5.582703336509907 1.4514665808280551
60312.1748 lsst_hardware_r 692.3824115006179 39.458850574299994 31.5 AB 4.937345410291316 1.306579299684554
60314.1494 lsst_hardware_i 756.5454371999455 43.382128054908705 31.190000534057617 AB 16.34303687907776 1.4444968074136262
60314.17 lsst_hardware_z 539.0830166059285 50.01040637104156 30.920000076293945 AB 14.612734812880907 1.3026923938738453
60316.1274 lsst_hardware_z 474.30271563993466 52.72944787758608 30.889999389648438 AB 12.74208538348704 1.5970527522074376
60316.1506 lsst_hardware_r 560.2570985668857 33.60643302825952 31.420000076293945 AB 11.080028546989709 1.3936266331664309
60320.217 lsst_hardware_u -1.880925486238366 2.710524755850359 28.40999984741211 AB 6.817808465557403 1.0652825727433441
60320.2326 lsst_hardware_g 52.76182127115165 16.113332358787897 31.399999618530273 AB 6.635289810980812 1.0367640329657517
60322.2087 lsst_hardware_r 561.3857257528196 32.01052492083619 31.489999771118164 AB 4.735718095691861 1.0714900380546095
60322.2275 lsst_hardware_i 899.2073701514519 41.64810011573503 31.25 AB 4.560365759256964 1.0362112609081944
60324.204 lsst_hardware_z 584.0908502959437 47.68239314578546 30.950000762939453 AB 6.46824799838294 1.069794996631456
60324.2218 lsst_hardware_r 500.7780915303961 31.286951705567944 31.489999771118164 AB 5.597519559486988 1.036577696201294
60326.1195 lsst_hardware_i 667.0564444158484 43.949498098639665 31.200000762939453 AB 2.7955988505117055 1.4219729656722815
60326.1363 lsst_hardware_z 555.2711886115321 50.48508952805138 30.920000076293945 AB 1.834989547052035 1.3082149812633328
60330.1182 lsst_hardware_y 209.09603641112625 53.71315751088425 29.93000030517578 AB 17.112438338585815 1.353261150773865
60330.1358 lsst_hardware_r 349.0785671259016 53.33958175455583 31.56999969482422 AB 14.891480041673328 1.250938113839454
60334.1211 lsst_hardware_r 284.84825706303184 98.00919221044548 31.600000381469727 AB 10.268011207632078 1.270675519924758
60334.1397 lsst_hardware_z 601.2942175786798 70.25857951013555 30.959999084472656 AB 9.23418681450603 1.183490780455755
60336.1176 lsst_hardware_r 607.316755731548 142.49170572769708 32.36000061035156 AB 14.308534616461763 1.260293712548012
60336.1344 lsst_hardware_i 1274.3879344491368 116.68609129582602 32.060001373291016 AB 13.011228461569232 1.1828389510517483
60340.1152 lsst_hardware_u -0.3567411832553333 4.402600680073311 28.670000076293945 AB 10.833936274184289 1.2185626942816172
60340.1353 lsst_hardware_g 18.94156365590393 37.151883680013036 31.639999389648438 AB 10.334701442946221 1.1390506472014719
60344.1142 lsst_hardware_r 201.59065757742266 26.008196946079668 31.459999084472656 AB 12.321200737765231 1.176266995920245
60344.1331 lsst_hardware_i 390.2263506570077 36.24334933981152 31.229999542236328 AB 11.367751960296358 1.111570338601839
60346.1141 lsst_hardware_z 354.41592693248947 46.05438717637609 30.940000534057617 AB 5.003665628542792 1.1559369232733865
60346.1317 lsst_hardware_u -5.880440943847404 2.635308947645151 28.350000381469727 AB 4.346278052511872 1.1000450651763716
60348.1179 lsst_hardware_g 22.126651831734065 14.835634526868812 31.389999389648438 AB 9.654631171129779 1.124571198904674
60348.1344 lsst_hardware_r 155.3595691502231 25.04537139179668 31.489999771118164 AB 9.348302728307607 1.079148383289319
60350.1184 lsst_hardware_i 264.3980234795216 34.80222637666291 31.239999771118164 AB 3.884058343638695 1.106700703399367
60350.1368 lsst_hardware_z 289.63383977444516 44.38149306248173 30.950000762939453 AB 3.6988731649392714 1.0616996670239696
60352.1293 lsst_hardware_u 3.7122841741048878 2.7486572505630305 28.469999313354492 AB 4.295382689079754 1.065984039975129
60352.1471 lsst_hardware_g 15.082076566504206 14.117728645780737 31.43000030517578 AB 4.163870305585902 1.0339453641317538
60354.1336 lsst_hardware_r 112.44243125468509 24.55035681121216 31.5 AB 2.071905369743531 1.0469456138168423
60354.1508 lsst_hardware_z 318.1143880220898 43.63059091328424 30.950000762939453 AB 1.9998660587558346 1.0219039646171868
60356.1316 lsst_hardware_r 42.34573648009812 26.21671502583101 31.520000457763672 AB 3.578649901548993 1.0410617895415057
60356.151 lsst_hardware_y 90.70399663189195 47.82438567889269 30.059999465942383 AB 3.514080941546141 1.0158750011696867
60359.1179 lsst_hardware_z 327.5443333200104 69.10028782542274 31.719999313354492 AB 3.483735025185575 1.050636348384692
60363.0134 lsst_hardware_y 129.4719540843903 89.96957551608752 29.90999984741211 AB 10.352880882360411 1.4625983987511912
60363.0291 lsst_hardware_r 107.86924241615823 101.40723035877836 31.56999969482422 AB 9.550295700043876 1.3466610467500941
60365.0122 lsst_hardware_y 183.60364100701335 78.57354001828315 29.940000534057617 AB 13.799936652102184 1.4282691629168067
60365.0315 lsst_hardware_z 192.6251591528638 73.47516361353128 30.959999084472656 AB 12.325019531037169 1.2983271390537419
60367.0111 lsst_hardware_y 100.17346670430598 81.19440291159609 29.93000030517578 AB 11.035478958816288 1.39543880868919
60367.0314 lsst_hardware_u 0.44655818229512373 6.474672149957515 28.860000610351562 AB 10.12397497902 1.2685095826362611
60369.0099 lsst_hardware_y 20.427316868172838 73.58895465451292 29.950000762939453 AB 7.029173398939023 1.3654404012508017
60369.0286 lsst_hardware_r 20.21534025985882 24.210929439852787 31.450000762939453 AB 6.514922465668799 1.2545786662605405
60375.0072 lsst_hardware_y 115.38328636798016 67.85856048029356 29.989999771118164 AB 8.21131873653203 1.2813168037032268
60375.0288 lsst_hardware_g -1.2194197590782367 13.831633137367918 31.3799991607666 AB 7.581515477174504 1.179268234122648
60386.0049 lsst_hardware_z 271.6370563987505 75.93126518125611 31.700000762939453 AB 8.945816174830926 1.155864871739896
60389.9941 lsst_hardware_y 72.26379683487659 67.67973627268447 30.020000457763672 AB 5.8204297256516915 1.155420292933368
60390.0124 lsst_hardware_z 76.5357721870945 55.383194742645124 30.969999313354492 AB 5.717820273578768 1.0977512364479471
60392.9917 lsst_hardware_y -87.32206624555084 70.74753025641954 30.030000686645508 AB 10.10659054504712 1.1353168439729275
60393.0107 lsst_hardware_z 103.20565395227712 70.7692797420406 30.979999542236328 AB 9.046926084395906 1.0811336142920138
60397.9888 lsst_hardware_z 2.7412741095004494 51.535884937156 30.959999084472656 AB 7.364432050826988 1.102569924766991
60398.0067 lsst_hardware_g -2.7451223341773163 13.714719059618883 31.3700008392334 AB 6.142194500789229 1.0597299000671168
60399.9882 lsst_hardware_y 132.27690941808888 56.42200833501836 30.030000686645508 AB 5.302567339153238 1.0895686313328572
60400.0062 lsst_hardware_i 76.42940003386576 30.741232597277733 31.239999771118164 AB 4.01866332041328 1.0501733415714147
60401.9867 lsst_hardware_y 135.11131560952606 80.08679035093816 30.790000915527344 AB 9.623268823629653 1.0797496576302557
60402.005 lsst_hardware_r 21.34616079880027 31.802834575663862 32.22999954223633 AB 6.670206913407741 1.0427085998761514
60403.9854 lsst_hardware_y 99.11809506071623 55.39223747255645 30.040000915527344 AB 9.673657206675445 1.0701540136816043
60404.0029 lsst_hardware_g 6.759430550003673 13.489454029579235 31.399999618530273 AB 7.937863756459429 1.0372902654634995
60641.2605 lsst_hardware_r 15.57810145982025 33.7599983215332 32.18000030517578 AB 6.139786194496209 1.3935847913513169
60641.2766 lsst_hardware_i 33.90554200484476 46.02000045776367 31.969999313354492 AB 5.6861843716346705 1.290213146383089
60643.2544 lsst_hardware_z -44.919371696379386 46.130001068115234 30.90999984741211 AB 8.41043782361901 1.3982440272019023
60643.2706 lsst_hardware_u -2.4350463114539256 2.5 28.200000762939453 AB 7.854442280621183 1.293284860761731
60645.283 lsst_hardware_r -2.5888374978085467 22.90999984741211 31.479999542236328 AB 8.298448115330723 1.2037931093404333
60645.2991 lsst_hardware_i 33.49255265014824 30.90999984741211 31.25 AB 7.437192984748123 1.1414323913768691
60649.2272 lsst_hardware_i 33.526488249530395 33.560001373291016 31.190000534057617 AB 7.879305802847506 1.4845606788220382
60649.2471 lsst_hardware_z -23.548298789541615 44.83000183105469 30.920000076293945 AB 7.13648277099577 1.3362323214897132
60653.2422 lsst_hardware_i -57.27097373412572 32.439998626708984 31.219999313354492 AB 12.104605071624999 1.2996140295925487
60653.2645 lsst_hardware_r 4.637671326956729 22.850000381469727 31.469999313354492 AB 10.978468967928642 1.1895621376019765
60655.2314 lsst_hardware_z -109.74397278629685 49.65999984741211 30.93000030517578 AB 16.75690261095622 1.331921358473589
60655.2535 lsst_hardware_g 12.611718834486435 29.15999984741211 31.579999923706055 AB 14.993294719405393 1.2135570197416983
60657.2395 lsst_hardware_r 95.4663591136553 63.33000183105469 31.59000015258789 AB 9.80964628184346 1.2546978829900801
60657.2636 lsst_hardware_i 11.473892844389304 50.650001525878906 31.290000915527344 AB 9.19344281484941 1.1509787561626805
60659.2435 lsst_hardware_z -50.40494093847241 60.689998626708984 30.959999084472656 AB 12.562582666128844 1.209428998582078
60659.2659 lsst_hardware_r 45.702967598597674 80.44000244140625 31.639999389648438 AB 11.799624536517227 1.1249585726146667
60661.2548 lsst_hardware_z 94.3129779386025 84.20999908447266 31.719999313354492 AB 6.143150166290679 1.1435499192648324
60666.2495 lsst_hardware_r -35.084084229893165 39.400001525878906 31.59000015258789 AB 7.516941694617386 1.1165985880298117
60666.2707 lsst_hardware_y 24.221745678820497 48.33000183105469 30.040000915527344 AB 7.121336632216618 1.062886064509943
60667.2496 lsst_hardware_g -10.402444531110547 25.549999237060547 31.600000381469727 AB 7.889858752756395 1.1082559409230655
60667.2711 lsst_hardware_r -41.58450049096209 31.600000381469727 31.56999969482422 AB 5.8203170425421655 1.0565585736406105
60669.2522 lsst_hardware_i -21.45472886255239 31.06999969482422 31.239999771118164 AB 8.692341321058946 1.0865426651323682
60669.2733 lsst_hardware_z 19.5892919133881 41.279998779296875 30.950000762939453 AB 8.341260820807852 1.0426576026009815
60671.2511 lsst_hardware_r -48.40322079548673 31.389999389648438 32.2400016784668 AB 6.570297595896724 1.0759955121222886
60671.2725 lsst_hardware_u 1.76995857916116 3.8299999237060547 29.25 AB 6.317150459572836 1.0352590068129852
60673.151 lsst_hardware_z 19.314502450119907 47.59000015258789 30.899999618530273 AB 12.444726849529511 1.585854241296003
60673.173 lsst_hardware_i -26.31580654127566 32.810001373291016 31.200000762939453 AB 12.969408789808522 1.3945600849256474
60675.1271 lsst_hardware_r 3.285697920502482 24.309999465942383 31.34000015258789 AB 12.523009649151959 1.811045194173111
60675.1492 lsst_hardware_u -3.7056793482579127 2.4100000858306885 28.079999923706055 AB 10.715606080679498 1.5490926095265252
60677.1297 lsst_hardware_g 23.451429598273545 13.369999885559082 31.190000534057617 AB 7.8420039890922935 1.7034873442146832
60677.1525 lsst_hardware_r -5.782661230555995 23.579999923706055 31.40999984741211 AB 6.761681303371283 1.469611237420405
60681.1345 lsst_hardware_r -14.540924631389926 27.229999542236328 31.43000030517578 AB 12.023363217404702 1.5329404867069354
60681.1548 lsst_hardware_g -8.063331430652537 16.200000762939453 31.3799991607666 AB 10.763915460910654 1.3688453565092744
60683.1302 lsst_hardware_r 78.24076454436594 40.0099983215332 31.489999771118164 AB 11.093346648459038 1.5220516548119556
60683.1526 lsst_hardware_i -7.624260729257809 39.58000183105469 31.229999542236328 AB 9.635212013091149 1.3470169178094713
60685.2107 lsst_hardware_z -54.618524444013374 47.0099983215332 30.959999084472656 AB 7.786503961806485 1.0811585617615225
60685.2277 lsst_hardware_i 25.399288141612733 40.380001068115234 31.290000915527344 AB 7.567555076066508 1.0459286238991754
60687.2063 lsst_hardware_z 44.359366124582095 55.279998779296875 30.969999313354492 AB 6.775875945628015 1.0786176290397986
60687.2237 lsst_hardware_r 25.176031281116252 70.37000274658203 31.649999618530273 AB 5.381193233737303 1.043422993598781
