data/validation/pwv_sim_epoch_fit_epoch/12598548.ecsv
# %ECSV 0.9
# ---
# datatype:
# - {name: time, datatype: float64}
# - {name: band, datatype: string}
# - {name: flux, datatype: float64}
# - {name: fluxerr, datatype: float64}
# - {name: zp, datatype: float64}
# - {name: zpsys, datatype: string}
# - {name: pwv, datatype: float64}
# - {name: airmass, datatype: float64}
# meta: {SNID: '12598548', alt: 1024.0, c: -0.049475185573101044, dec: -22.831406, lat: -30.244573, lon: -70.7499537, ra: 77.34375, t0: 60722.05859375,
#   x0: 2.5766676564386477e-06, x1: 1.0713037252426147, z: 0.803592324256897}
# schema: astropy-2.0
time band flux fluxerr zp zpsys pwv airmass
60560.3262 lsst_hardware_u -4.16044103204 2.490000009536743 28.209999084472656 AB 3.6473162649703164 1.302612951775113
60560.3438 lsst_hardware_g 7.0750486968415185 13.539999961853027 31.360000610351562 AB 3.590845893501245 1.2114864687925928
60583.2708 lsst_hardware_r -2.7358394002589836 22.690000534057617 31.450000762939453 AB 5.940470388269312 1.2612909986063157
60583.2896 lsst_hardware_i 15.861429599479107 30.920000076293945 31.229999542236328 AB 5.5526900198871685 1.175296861019666
60585.2701 lsst_hardware_z 26.770005445402745 43.560001373291016 30.93000030517578 AB 3.312085289028561 1.237083648790357
60585.29 lsst_hardware_r 32.15907827370162 22.350000381469727 31.469999313354492 AB 3.0031568504400235 1.1532860408754018
60586.3727 lsst_hardware_i -24.258736016526026 30.020000457763672 31.260000228881836 AB 2.40322232139505 1.0088388671636677
60586.3914 lsst_hardware_y -159.57992570958365 77.87999725341797 30.079999923706055 AB 1.9503336364613282 1.0117587600525109
60589.268 lsst_hardware_r -5.038406983128302 22.459999084472656 31.459999084472656 AB 5.265472413358746 1.1966982757633513
60589.2886 lsst_hardware_z 35.16788193640768 41.83000183105469 30.940000534057617 AB 4.935462218264618 1.121695958696504
60590.3691 lsst_hardware_i -9.891002974836168 30.040000915527344 31.270000457763672 AB 4.478357348847192 1.0086390425331513
60590.3873 lsst_hardware_y 94.22965294329249 73.01000213623047 30.079999923706055 AB 4.056676413416404 1.015650259983243
60595.2503 lsst_hardware_i -12.426153351376659 37.79999923706055 31.25 AB 6.6702634925654385 1.2023908954601963
60595.2695 lsst_hardware_z -21.59421598480326 44.63999938964844 30.950000762939453 AB 6.278742332404195 1.1302188285858985
60596.3511 lsst_hardware_z -39.42742405472552 40.189998626708984 30.950000762939453 AB 5.4460858422284755 1.0085344152274953
60596.3694 lsst_hardware_y 36.69760118372859 47.65999984741211 30.059999465942383 AB 5.479110808024115 1.0146501496340952
60601.3301 lsst_hardware_z 12.347363159821409 62.880001068115234 30.989999771118164 AB 3.834658392849208 1.00912062969716
60601.3478 lsst_hardware_r -4.7132629245009525 85.66000366210938 31.65999984741211 AB 3.894904270401678 1.0106571648319884
60605.3311 lsst_hardware_z -35.52824812900645 66.6500015258789 31.719999313354492 AB 3.1353553703470993 1.0090450946486762
60609.2451 lsst_hardware_z 26.38628952229039 41.40999984741211 30.950000762939453 AB 3.4619775237155577 1.0907301587005538
60609.275 lsst_hardware_r -15.857719120461898 21.8799991607666 31.5 AB 3.4121530390355232 1.033985769404704
60611.31 lsst_hardware_u 0.8811922376439211 2.859999895095825 28.6200008392334 AB 3.0269278360743037 1.0085277108198896
60611.3274 lsst_hardware_g -12.43605374586692 13.449999809265137 31.440000534057617 AB 3.063811866140638 1.0140035962735159
60615.3009 lsst_hardware_i -18.952150059296574 29.729999542236328 31.260000228881836 AB 3.039709778212775 1.0086416695761888
60615.3212 lsst_hardware_r 39.109506672970454 21.93000030517578 31.5 AB 3.0729499448948534 1.017196274377641
60619.1258 lsst_hardware_g -7.772577433796484 13.390000343322754 31.219999313354492 AB 4.0744866608942845 1.6274619688690017
60619.142 lsst_hardware_r -24.411738009717446 23.520000457763672 31.420000076293945 AB 3.703433899391268 1.467869163452802
60622.2844 lsst_hardware_i -16.615835114467167 29.790000915527344 31.260000228881836 AB 7.859368590543624 1.0089911747531184
60622.3017 lsst_hardware_z 28.19870836186538 40.54999923706055 30.950000762939453 AB 8.135234973660996 1.0169043717076245
60624.2813 lsst_hardware_i -58.37724036176423 29.68000030517578 31.25 AB 1.6787932182678966 1.00949682397304
60624.2974 lsst_hardware_z -8.482906076971917 40.5 30.950000762939453 AB 2.0143716581920983 1.017787785191797
60625.2266 lsst_hardware_r 30.324853949452915 39.84000015258789 31.610000610351562 AB 7.1134291007842805 1.0406089139267507
60625.2284 lsst_hardware_z -12.154518075386127 44.58000183105469 30.959999084472656 AB 7.175500121469485 1.0379844669717349
60626.2657 lsst_hardware_z 54.36223662246763 46.119998931884766 30.959999084472656 AB 4.495637010917326 1.008593406577324
60626.2837 lsst_hardware_r 13.98584365038857 37.599998474121094 31.600000381469727 AB 4.53490853331375 1.0124823695722638
60628.1955 lsst_hardware_z -40.762368389877324 58.02000045776367 30.969999313354492 AB 4.084512396332822 1.0851040238209844
60628.2143 lsst_hardware_r -84.16085772392351 76.47000122070312 31.649999618530273 AB 7.763904444865332 1.0470538698402336
60629.2627 lsst_hardware_i 3.063848885081395 71.77999877929688 31.34000015258789 AB 5.982948389223189 1.0086418728604953
60629.2816 lsst_hardware_r 91.15402562362159 87.5999984741211 31.65999984741211 AB 6.031699737634131 1.0161861198499116
60633.249 lsst_hardware_g 21.76278171439 61.060001373291016 31.729999542236328 AB 4.959418477440588 1.0085072567705733
60633.2703 lsst_hardware_r -59.248617724010614 60.11000061035156 31.649999618530273 AB 4.500098508434058 1.0159191440355317
60635.1168 lsst_hardware_i 43.490605971083426 32.650001525878906 31.209999084472656 AB 5.0973724087626735 1.3310804044294748
60635.135 lsst_hardware_z -16.668350833025457 43.66999816894531 30.93000030517578 AB 5.166219746650987 1.2302475980276997
60641.1216 lsst_hardware_r -46.955084926140906 22.81999969482422 31.459999084472656 AB 4.655104515156638 1.2162788316905961
60641.1379 lsst_hardware_i -31.506326162849827 30.959999084472656 31.239999771118164 AB 4.852083790724246 1.1504644435624993
60642.1569 lsst_hardware_u 2.8786977970843672 2.6700000762939453 28.420000076293945 AB 5.5256475631683495 1.086015637415163
60642.1739 lsst_hardware_g 21.445464443079917 13.470000267028809 31.40999984741211 AB 4.632998036231496 1.050725287926609
60643.1194 lsst_hardware_z 38.801820818070986 43.02000045776367 30.93000030517578 AB 6.023064682079035 1.201728787326224
60643.1361 lsst_hardware_u 1.2506817334458808 2.609999895095825 28.360000610351562 AB 6.021447300657683 1.1378933813308798
60644.231 lsst_hardware_r -35.98357171025096 21.989999771118164 31.489999771118164 AB 7.734581632797547 1.0108802343117271
60644.2501 lsst_hardware_i -3.5712744368696328 29.950000762939453 31.25 AB 7.898074666905986 1.0243936014145247
60646.2357 lsst_hardware_z 30.43995529360692 40.470001220703125 30.950000762939453 AB 6.408846081770277 1.0165526932757396
60646.2551 lsst_hardware_u 0.982442259431633 2.690000057220459 28.469999313354492 AB 6.4518426281844 1.0370922540657264
60648.2329 lsst_hardware_g 9.881533277505968 13.350000381469727 31.40999984741211 AB 2.7008261805913802 1.0186031229837376
60648.2507 lsst_hardware_r -10.351052480901794 22.049999237060547 31.489999771118164 AB 3.3096698412061034 1.0385993225541827
60651.143 lsst_hardware_g 3.6490425048771113 15.819999694824219 31.469999313354492 AB 3.931105109602176 1.0624608404330205
60651.1645 lsst_hardware_r 31.266738536963867 23.059999465942383 31.510000228881836 AB 3.806532226695948 1.0287924937016075
60653.0268 lsst_hardware_y 78.48932203812755 84.11000061035156 29.850000381469727 AB 12.182515977241055 1.7011717196356857
60653.0485 lsst_hardware_r 30.772925348026924 35.93000030517578 31.5 AB 10.923246691981298 1.47362518610203
60654.2175 lsst_hardware_z 10.217295390518398 43.470001220703125 30.959999084472656 AB 9.685163102523505 1.0194193146996882
60654.2362 lsst_hardware_r 27.596315933769127 29.700000762939453 31.559999465942383 AB 9.932811527011067 1.041375337015611
60659.0318 lsst_hardware_y 165.56855879909924 82.66000366210938 29.93000030517578 AB 14.624151351665663 1.4763790854838774
60659.0525 lsst_hardware_i -83.99640789034618 80.81999969482422 31.290000915527344 AB 13.226672445768626 1.3233303639680312
60661.0327 lsst_hardware_y -52.11146859637135 77.66999816894531 29.93000030517578 AB 5.091897766255151 1.4238092320881235
60661.0543 lsst_hardware_i -17.766142391029618 32.27000045776367 31.209999084472656 AB 5.178591375896781 1.2804825062488179
60662.1423 lsst_hardware_i 36.23663103425222 47.9900016784668 31.31999969482422 AB 3.595405170181462 1.0206969965028991
60662.1616 lsst_hardware_z 34.8163716979056 51.150001525878906 30.979999542236328 AB 3.3492184858339447 1.0095609603116638
60663.1605 lsst_hardware_i 52.66091795619293 42.709999084472656 31.31999969482422 AB 3.044941952137746 1.0091778779144693
60663.1792 lsst_hardware_z -57.96794264336505 47.869998931884766 30.979999542236328 AB 3.913728297071934 1.010907476965311
60664.0357 lsst_hardware_y 55.62607209029596 70.38999938964844 29.959999084472656 AB 6.0456249744547685 1.3434722165455042
60664.0578 lsst_hardware_g 2.4609139162540195 13.779999732971191 31.350000381469727 AB 5.272520326918953 1.2208911858253562
60668.1337 lsst_hardware_r -1.656458205868494 22.049999237060547 31.5 AB 6.434121143708247 1.0147255677495457
60668.1538 lsst_hardware_i -7.0816863477269285 29.8700008392334 31.260000228881836 AB 6.425187028657728 1.0085052626993765
60670.1338 lsst_hardware_z 118.74790422003346 40.43000030517578 30.950000762939453 AB 4.92693324002225 1.0116906037006674
60670.1539 lsst_hardware_u 1.1803186800200076 2.619999885559082 28.43000030517578 AB 4.860770385507277 1.0090866484342103
60673.0406 lsst_hardware_y -77.33016514232752 61.70000076293945 30.010000228881836 AB 12.274631475788915 1.1885097408234044
60673.0628 lsst_hardware_u -7.272788088272313 2.6500000953674316 28.360000610351562 AB 9.235032637030558 1.1111484598624544
60675.0401 lsst_hardware_y 8.290331185730816 66.11000061035156 30.020000457763672 AB 7.951612373148588 1.1687424600198189
60675.0603 lsst_hardware_r -25.674834405848795 22.479999542236328 31.479999542236328 AB 7.546109859259536 1.1028217997059049
60676.1193 lsst_hardware_i -7.919530159543437 29.649999618530273 31.25 AB 7.004300940039897 1.0108915770169007
60676.1408 lsst_hardware_u -2.001431606709623 2.6700000762939453 28.469999313354492 AB 7.031735927268474 1.009896978204748
60677.0411 lsst_hardware_y 52.608328326550755 58.88999938964844 30.020000457763672 AB 7.913467011361338 1.1452333498514944
60677.0634 lsst_hardware_r 28.21433277178278 22.18000030517578 31.469999313354492 AB 7.410374978171459 1.0810700707311018
60678.1187 lsst_hardware_g 0.11107461318755155 13.039999961853027 31.389999389648438 AB 4.278437429811529 1.0093630031994176
60678.1397 lsst_hardware_r -7.303429237738661 21.670000076293945 31.479999542236328 AB 3.9373191820215405 1.0115142407248658
60679.0413 lsst_hardware_z 25.61892026494036 51.90999984741211 30.959999084472656 AB 3.0308446283564923 1.126568440722274
60679.0626 lsst_hardware_g -6.965100068889169 14.470000267028809 31.43000030517578 AB 2.4045735479712698 1.070602648250788
60680.1181 lsst_hardware_i 29.21299717866978 30.049999237060547 31.25 AB 10.49580128949432 1.0085974524642987
60680.1386 lsst_hardware_r 31.956002776489864 22.06999969482422 31.489999771118164 AB 11.461731410660999 1.0137518107826196
60682.1063 lsst_hardware_z 132.68984728770906 59.90999984741211 31.709999084472656 AB 8.876679368694155 1.0097462596626272
60686.0972 lsst_hardware_i 35.69166120358643 57.42199636428737 31.329999923706055 AB 5.830625660514895 1.0092826139025297
60686.1151 lsst_hardware_z -37.955827427713466 54.88134919201462 30.979999542236328 AB 5.745242719303601 1.0104190501765038
60690.0712 lsst_hardware_g 78.75382007956391 61.700045747269144 31.729999542236328 AB 6.037989938525808 1.016368293317478
60690.0915 lsst_hardware_r -44.828310126748036 73.60133912864109 31.65999984741211 AB 5.464230287645104 1.008548234280416
60692.0723 lsst_hardware_i 0.8854245713207327 30.286546312811698 31.25 AB 2.7733890678451423 1.0123705303322366
60692.0919 lsst_hardware_r -62.513744562488824 38.756408189803786 31.610000610351562 AB 2.0881522032814 1.0087691803291787
60694.0731 lsst_hardware_u 2.3189401175860356 2.878210477290517 28.479999542236328 AB 3.707488048486849 1.009870765675677
60694.0941 lsst_hardware_g 35.31330796529724 13.938304822936917 31.420000076293945 AB 3.934255336776764 1.0107271256973045
60703.0471 lsst_hardware_y 48.524932172331305 48.2860520364035 30.059999465942383 AB 11.774682239327182 1.0103265371387338
60703.0663 lsst_hardware_r 377.5513339142136 28.10416357807667 31.5 AB 11.751219457376342 1.0096705914803823
60705.0449 lsst_hardware_z 385.1988548701617 45.034857116453935 30.959999084472656 AB 11.22621399226494 1.0093776395493828
60705.0631 lsst_hardware_g 52.105674426228525 14.857034485269022 31.420000076293945 AB 11.389201944352967 1.01037520853006
60709.0273 lsst_hardware_y 224.51501286423039 74.68304323273117 30.09000015258789 AB 7.061090755288034 1.0116900573519643
60709.0459 lsst_hardware_r 579.1294504791566 33.60781545300078 31.530000686645508 AB 7.960895775970746 1.0088256963055109
60713.0243 lsst_hardware_y 150.01992011007994 82.71058865359727 30.09000015258789 AB 4.823944082662887 1.0091053602711657
60713.0428 lsst_hardware_z 580.2775512693015 53.09117672673647 30.969999313354492 AB 6.180871625170674 1.010951238323047
60714.0333 lsst_hardware_y 193.54097440838657 94.34767996154284 30.81999969482422 AB 6.632889231721941 1.0089962702752227
60912.3271 lsst_hardware_i 2.2811296875067852 34.15999984741211 31.18000030517578 AB 3.8809050352440893 1.5833965872068907
60912.3442 lsst_hardware_z -58.39573731008862 45.790000915527344 30.90999984741211 AB 2.745273451532437 1.427228204591857
60919.291 lsst_hardware_i -29.254468450415608 35.0 31.139999389648438 AB 2.967180085298223 1.7924970309896635
60919.3076 lsst_hardware_u 3.118889302837101 2.319999933242798 27.989999771118164 AB 2.4479419858874865 1.5875110154912364
60934.3158 lsst_hardware_z -9.011613391651894 43.540000915527344 30.93000030517578 AB 3.2222367412630275 1.2306442041742942
60934.3328 lsst_hardware_u -4.3605659579550275 2.8299999237060547 28.469999313354492 AB 3.133524221832456 1.1589905887680148
60944.3808 lsst_hardware_z 34.04532018904412 41.029998779296875 30.950000762939453 AB 3.248741561414986 1.0127526039637955
60945.2682 lsst_hardware_r 16.89824874210242 23.0 31.43000030517578 AB 5.081196879793222 1.3276076153439875
60945.2881 lsst_hardware_i 24.232108104578117 31.389999389648438 31.219999313354492 AB 4.695070606186589 1.2196572557959708
60946.3348 lsst_hardware_g -3.9755106719982223 13.260000228881836 31.399999618530273 AB 5.057935985807096 1.0624799886162013
60946.3529 lsst_hardware_y -69.35904751279587 46.779998779296875 30.049999237060547 AB 4.904120008242686 1.0329899964702867
60949.3747 lsst_hardware_i 45.162108963332734 29.969999313354492 31.25 AB 4.2376315191651015 1.0097211832330173
60952.2739 lsst_hardware_i 37.29216363524859 48.7599983215332 31.280000686645508 AB 3.332206355616177 1.1977736720401888
60952.294 lsst_hardware_z -129.7551098883089 49.880001068115234 30.959999084472656 AB 2.9766663160406273 1.1240125803986132
60954.3549 lsst_hardware_z -87.79494662406312 55.20000076293945 30.979999542236328 AB 6.324888054450922 1.0120495586826426
60954.3759 lsst_hardware_y 41.64924541978825 51.9900016784668 30.059999465942383 AB 5.882734492778645 1.0091319140198378
60955.269 lsst_hardware_r -24.904057662491258 88.75 31.6200008392334 AB 5.209705474769268 1.18402397153847
60955.2884 lsst_hardware_z -48.197717852395435 61.529998779296875 30.979999542236328 AB 4.9110555042872654 1.1161489782471057
60957.3081 lsst_hardware_i 140.7267022396163 60.689998626708984 31.31999969482422 AB 2.877259147223088 1.056100993077327
60957.3277 lsst_hardware_r 26.759992302444456 72.91000366210938 31.649999618530273 AB 2.7828583206121 1.0271692610914829
60958.3611 lsst_hardware_z -7.304442354620859 74.04000091552734 31.729999542236328 AB 3.0258019508761778 1.0086006502920593
60960.3494 lsst_hardware_r 8.506322150464188 43.27000045776367 31.6200008392334 AB 5.557607872204305 1.008762319495011
60960.3691 lsst_hardware_y -11.157799573844272 49.45000076293945 30.059999465942383 AB 5.584087713668513 1.0125272372925682
60962.3494 lsst_hardware_z -7.13650494217123 41.709999084472656 30.959999084472656 AB 5.446181721056125 1.008552170565949
