data/validation/pwv_sim_epoch_fit_epoch/12644754.ecsv
# %ECSV 0.9
# ---
# datatype:
# - {name: time, datatype: float64}
# - {name: band, datatype: string}
# - {name: flux, datatype: float64}
# - {name: fluxerr, datatype: float64}
# - {name: zp, datatype: float64}
# - {name: zpsys, datatype: string}
# - {name: pwv, datatype: float64}
# - {name: airmass, datatype: float64}
# meta: {SNID: '12644754', alt: 1024.0, c: -0.015274935401976109, dec: -17.582775, lat: -30.244573, lon: -70.7499537, ra: 229.394531,
#   t0: 62577.3984375, x0: 4.3764905078643835e-06, x1: 0.5713185667991638, z: 0.6477860808372498}
# schema: astropy-2.0
time band flux fluxerr zp zpsys pwv airmass
[from data line 132]
62996.1307 lsst_hardware_y -3.5443543348302677 77.26000213623047 30.780000686645508 AB 7.865431040939494 1.1185727955828086
63001.1528 lsst_hardware_i -85.76831589633066 32.220001220703125 31.270000457763672 AB 7.193474239775275 1.046767609013561
63001.1737 lsst_hardware_z -50.39473760962571 42.04999923706055 30.959999084472656 AB 6.7033249249730265 1.028261886252877
63004.1297 lsst_hardware_g 23.020209063396194 15.800000190734863 31.450000762939453 AB 8.706936142179364 1.0700425392870059
63004.1546 lsst_hardware_i 2.954286888366464 31.81999969482422 31.260000228881836 AB 8.247715633261949 1.0359499633565175
63008.1597 lsst_hardware_z 28.18772215323488 41.86000061035156 30.950000762939453 AB 5.039674464675679 1.0260968064085674
63008.1822 lsst_hardware_r 52.02212210370072 24.760000228881836 31.520000457763672 AB 5.441582558915431 1.0272628560391488
63014.1301 lsst_hardware_g -10.96974958407738 17.520000457763672 31.520000457763672 AB 7.452039414332742 1.0335699603790212
63014.1511 lsst_hardware_r 25.221138228696933 24.690000534057617 31.530000686645508 AB 7.28699032595831 1.0245329105038494
63016.1361 lsst_hardware_i 30.79832511122441 37.880001068115234 31.290000915527344 AB 12.332155999251698 1.0267384896554574
63016.1563 lsst_hardware_z -46.3325755447687 44.599998474121094 30.959999084472656 AB 12.346115598463621 1.025765669530045
63018.1302 lsst_hardware_r 33.562138535559875 62.470001220703125 31.649999618530273 AB 7.326358937870308 1.0269157040419998
63018.1518 lsst_hardware_z 15.140543990314633 53.59000015258789 30.979999542236328 AB 7.348363042499391 1.0260688446589794
63021.1205 lsst_hardware_z -94.63425233935108 105.16000366210938 31.010000228881836 AB 11.976476911673613 1.0275753994328896
63021.1412 lsst_hardware_i 47.86922476170306 125.9000015258789 31.350000381469727 AB 11.110815746650259 1.0253692501003846
63023.12 lsst_hardware_z 124.11996123059748 114.38999938964844 31.75 AB 5.231087506163217 1.025703432581023
63023.1417 lsst_hardware_r 75.45349227973533 172.44000244140625 32.41999816894531 AB 5.829332893512427 1.027466800654345
63037.0664 lsst_hardware_i 61.69519476235904 44.36000061035156 32.0099983215332 AB 3.8158905532654916 1.0343035471446038
63037.0906 lsst_hardware_z 25.150125813399832 58.630001068115234 31.700000762939453 AB 3.868310674703329 1.0244692921462908
63045.0453 lsst_hardware_z -8.325074731575164 45.029998779296875 30.959999084472656 AB 7.293238301882831 1.0336954577114978
63045.0656 lsst_hardware_g -48.28204082341071 33.459999084472656 31.68000030517578 AB 7.217819566086583 1.02460352985827
63047.0443 lsst_hardware_r -77.83930160684311 74.0 31.649999618530273 AB 3.2755830909179307 1.030462631826325
63047.0618 lsst_hardware_z 88.7727818933149 60.52000045776367 30.979999542236328 AB 3.2583066433006533 1.0244904944217958
63049.0312 lsst_hardware_r -100.27893355714248 112.6500015258789 31.65999984741211 AB 9.097287639052904 1.0364326561153978
63049.0516 lsst_hardware_y -24.12327278714522 63.290000915527344 30.06999969482422 AB 8.749773735169525 1.0250637979306287
63067.0117 lsst_hardware_r -21.856882003276112 34.91999816894531 32.27000045776367 AB 2.968101498487927 1.024661046658663
63067.039 lsst_hardware_u 3.6534786815891356 4.099999904632568 29.270000457763672 AB 3.0519243445237363 1.0407835663943628
63069.0044 lsst_hardware_g -10.937909599316654 15.899999618530273 31.479999542236328 AB 6.223883268209444 1.024507533861637
63069.0275 lsst_hardware_r -27.002631631087507 24.799999237060547 31.520000457763672 AB 6.3079657807110845 1.0349410632831968
63071.9777 lsst_hardware_y -57.1098378377464 47.689998626708984 30.059999465942383 AB 5.053767844044392 1.029437866078176
63071.9987 lsst_hardware_i 5.969643371451142 32.7599983215332 31.270000457763672 AB 5.040799539855524 1.0247436764686217
63072.9762 lsst_hardware_y 28.670142923416602 48.27000045776367 30.049999237060547 AB 8.4976654491393 1.0287419205398505
63072.9966 lsst_hardware_r -6.1059234763856605 30.989999771118164 31.56999969482422 AB 8.424674729163623 1.0248372640549388
63078.9639 lsst_hardware_y 91.97870864153226 75.79000091552734 30.06999969482422 AB 4.6343415397845105 1.0268112717395517
63078.9853 lsst_hardware_z 21.658666774053348 61.029998779296875 30.989999771118164 AB 4.629294672616301 1.0260909154471936
63080.9738 lsst_hardware_y 59.28314661033725 95.80000305175781 30.81999969482422 AB 4.022293854929308 1.024701219835931
