data/validation/pwv_sim_epoch_fit_epoch/1266039.ecsv
# %ECSV 0.9
# ---
# datatype:
# - {name: time, datatype: float64}
# - {name: band, datatype: string}
# - {name: flux, datatype: float64}
# - {name: fluxerr, datatype: float64}
# - {name: zp, datatype: float64}
# - {name: zpsys, datatype: string}
# - {name: pwv, datatype: float64}
# - {name: airmass, datatype: float64}
# meta: {SNID: '1266039', alt: 1024.0, c: -0.06027901545166969, dec: -57.399525, lat: -30.244573, lon: -70.7499537, ra: 94.857956, t0: 59979.0,
#   x0: 4.6511951683694926e-05, x1: 0.26465514302253723, z: 0.2376379519701004}
# schema: astropy-2.0
time band flux fluxerr zp zpsys pwv airmass
[from data line 132]
60330.1707 lsst_hardware_i 93.9592780320385 43.56999969482422 31.280000686645508 AB 13.185440612709392 1.1465600532790776
60332.1634 lsst_hardware_z -88.77373962797887 74.18000030517578 31.709999084472656 AB 8.897208856659438 1.144679070674085
60334.0991 lsst_hardware_z 44.10942209363443 57.47999954223633 30.959999084472656 AB 9.034621490128973 1.1273782613558507
60334.1129 lsst_hardware_r 119.05241390869297 77.9000015258789 31.6299991607666 AB 8.90134166897213 1.1241196778395062
60336.097 lsst_hardware_z -14.224310715128617 55.650001525878906 30.969999313354492 AB 12.740783707755389 1.126174163914737
60336.1098 lsst_hardware_r 37.480130410481834 72.54000091552734 31.6299991607666 AB 12.7447733229208 1.1240098767862887
60338.0944 lsst_hardware_i 57.59442216151979 42.939998626708984 31.280000686645508 AB 13.085672340971865 1.1253588184530328
60338.106 lsst_hardware_z -27.221853811419205 48.56999969482422 30.950000762939453 AB 12.986823069437744 1.1240109978741342
60340.0937 lsst_hardware_r -35.83142779595359 21.690000534057617 31.459999084472656 AB 9.984439969437743 1.1244266306907502
60340.1063 lsst_hardware_u -3.106484657692927 3.2699999809265137 28.530000686645508 AB 9.998025063385489 1.1245107483281396
60344.0896 lsst_hardware_g 5.960515991549871 12.619999885559082 31.34000015258789 AB 11.788393892682052 1.124015531709094
60344.1022 lsst_hardware_r -36.446831664232164 21.700000762939453 31.459999084472656 AB 11.821321142291653 1.1261082297967757
60346.0939 lsst_hardware_i 45.38930818962866 30.479999542236328 31.229999542236328 AB 4.960384658610287 1.1253141240041353
60346.1052 lsst_hardware_z 24.043536010917187 42.150001525878906 30.940000534057617 AB 4.896101464921638 1.1296088898534886
60348.0717 lsst_hardware_r 7.704354911829516 30.6299991607666 32.20000076293945 AB 11.106427599829646 1.124454813272664
60348.0996 lsst_hardware_g -22.031635682151457 17.989999771118164 32.099998474121094 AB 9.648619201910659 1.129539343670337
60350.091 lsst_hardware_r 35.104143814643976 21.719999313354492 31.459999084472656 AB 3.8983708402560007 1.1280552226446319
60350.1044 lsst_hardware_i -9.87034367356589 30.420000076293945 31.229999542236328 AB 3.8909403439506924 1.1360409763359687
60352.0831 lsst_hardware_z -3.694944197500361 41.709999084472656 30.940000534057617 AB 2.361573409309027 1.1270633515633282
60352.0949 lsst_hardware_i -1.9206951632269078 30.31999969482422 31.239999771118164 AB 5.111873906112241 1.133180996311801
60354.0642 lsst_hardware_r -14.308633908449403 22.309999465942383 31.469999313354492 AB 2.866830059374661 1.1241001409128195
60354.0771 lsst_hardware_u -3.322955575815721 2.6500000953674316 28.389999389648438 AB 2.8447688288570254 1.1268642617774034
60356.0608 lsst_hardware_g -3.1051178107446433 21.950000762939453 31.549999237060547 AB 2.698276500622627 1.124281875259428
60356.0771 lsst_hardware_r 11.965213948590273 38.130001068115234 32.27000045776367 AB 2.710116677246055 1.1292152821858563
60356.0942 lsst_hardware_i 29.016026061074175 32.34000015258789 31.25 AB 3.595913931459011 1.1411976932589596
60362.061 lsst_hardware_r -52.15006748495855 65.16999816894531 31.6200008392334 AB 6.112664113603396 1.129360575261646
60362.0737 lsst_hardware_z -12.241136778315301 53.34000015258789 30.959999084472656 AB 6.225033429504342 1.1376677350946849
60363.0566 lsst_hardware_r -40.709018232139904 103.75 32.380001068115234 AB 8.074822275659216 1.1285565724191775
60363.0761 lsst_hardware_i 212.05283503262675 83.55999755859375 32.060001373291016 AB 8.209116849559887 1.142137996460506
60365.0538 lsst_hardware_z 13.396312074979887 57.400001525878906 30.969999313354492 AB 10.11423061788743 1.1298712289578212
60365.0665 lsst_hardware_i -87.91102912596956 61.61000061035156 31.309999465942383 AB 10.144355414698271 1.1384827213128759
60367.0554 lsst_hardware_u -2.663233184070475 10.279999732971191 29.200000762939453 AB 8.845460680928374 1.1341788281738938
60367.0684 lsst_hardware_g -108.3744193307463 60.119998931884766 31.68000030517578 AB 8.89712230441505 1.1452818825274984
60369.05 lsst_hardware_r 4.7230780367303336 21.829999923706055 31.459999084472656 AB 4.42346803393686 1.1342225728043231
60369.0622 lsst_hardware_i 25.517373210578242 37.36000061035156 31.260000228881836 AB 4.431086147499379 1.144539880537099
60372.0476 lsst_hardware_z 130.20152150058894 42.13999938964844 30.93000030517578 AB 5.1027416717319625 1.1386659487649424
60372.0589 lsst_hardware_u -4.812420212849536 2.4800000190734863 28.270000457763672 AB 5.141549655068999 1.1497204058741053
