data/validation/pwv_sim_epoch_fit_epoch/12739901.ecsv
# %ECSV 0.9
# ---
# datatype:
# - {name: time, datatype: float64}
# - {name: band, datatype: string}
# - {name: flux, datatype: float64}
# - {name: fluxerr, datatype: float64}
# - {name: zp, datatype: float64}
# - {name: zpsys, datatype: string}
# - {name: pwv, datatype: float64}
# - {name: airmass, datatype: float64}
# meta: {SNID: '12739901', alt: 1024.0, c: -0.08180529624223709, dec: -35.501846, lat: -30.244573, lon: -70.7499537, ra: 293.90625, t0: 62278.61328125,
#   x0: 3.701344196555304e-06, x1: 1.1032105684280396, z: 0.6931947469711304}
# schema: astropy-2.0
time band flux fluxerr zp zpsys pwv airmass
62232.3507 lsst_hardware_r -28.176954061033932 45.040000915527344 31.56999969482422 AB 22.70714214801966 1.2522321037510842
62232.3698 lsst_hardware_z -19.720761415339297 49.720001220703125 30.950000762939453 AB 21.331706968167403 1.1715353941327635
62234.346 lsst_hardware_g -1.4302504675223577 20.309999465942383 31.479999542236328 AB 11.583100172437518 1.2485825344871744
62234.3628 lsst_hardware_r 2.3014371501558326 28.760000228881836 31.520000457763672 AB 10.886627114645053 1.1772508369445853
62236.3552 lsst_hardware_z -74.6967712372047 44.08000183105469 30.940000534057617 AB 5.601943807325389 1.1854084129133764
62236.3749 lsst_hardware_u -2.769191491629535 2.9700000286102295 28.520000457763672 AB 5.298642329140215 1.1192147286561522
62238.3522 lsst_hardware_g -16.6956428800819 15.899999618530273 31.450000762939453 AB 7.994217418208566 1.1760525808324482
62238.3715 lsst_hardware_r -13.14278778188955 25.100000381469727 31.520000457763672 AB 7.550559989627201 1.1133645430201942
62242.3508 lsst_hardware_i -0.5849054844219134 32.90999984741211 31.25 AB 19.734678822172157 1.1428633621735407
62242.369 lsst_hardware_z 5.398802866850021 42.84000015258789 30.950000762939453 AB 18.710889004529704 1.0913480222534422
62244.3562 lsst_hardware_i -26.234836504528626 32.33000183105469 31.260000228881836 AB 14.23543138534466 1.1103719758467023
62244.3753 lsst_hardware_u 0.9479812812517926 2.8399999141693115 28.479999542236328 AB 13.882898145248713 1.0653542941198053
62246.3533 lsst_hardware_g -13.703921725730364 15.432950254378996 31.450000762939453 AB 4.885657774979885 1.103480016935039
62246.3716 lsst_hardware_r -21.212559484447663 24.420499667278655 31.520000457763672 AB 4.7159479792292265 1.0619112765659144
62248.3504 lsst_hardware_i -10.429759605859903 32.28493818104175 31.25 AB 6.800564660590076 1.096865267837109
62248.3702 lsst_hardware_r 2.0124432503915903 24.65708026565298 31.510000228881836 AB 6.537232558310825 1.054392348114649
62250.3444 lsst_hardware_u 3.6899863278228056 3.362876002479798 28.489999771118164 AB 10.123556453342465 1.0982378447974035
62250.363 lsst_hardware_g 29.83290126870968 15.74965227045267 31.459999084472656 AB 9.7508120612836 1.0575431318330593
62252.3572 lsst_hardware_r 146.99937935951633 45.457934006628676 31.610000610351562 AB 3.4739759318984205 1.0581711641481635
62252.3782 lsst_hardware_i 123.35836111002607 32.67926179844395 31.260000228881836 AB 4.121573394177578 1.02671428900878
62254.3553 lsst_hardware_z 264.7523202895567 60.96278725894649 30.979999542236328 AB 3.9049658819993156 1.0517954431673502
62254.3755 lsst_hardware_r 187.55724752389432 83.20640014203416 31.65999984741211 AB 5.132005416839571 1.0236372627584664
62257.357 lsst_hardware_z 271.742242381054 95.27398112963803 31.739999771118164 AB 9.223545077756945 1.0363533795232522
62259.3514 lsst_hardware_r 546.0764262508404 80.03527427126997 31.65999984741211 AB 11.775200465225643 1.0365493367276095
62259.3702 lsst_hardware_z 259.8347843692216 62.0910183378994 30.989999771118164 AB 11.710240839289025 1.0157424559721588
62261.2511 lsst_hardware_y 42.561561817305716 53.64069300459836 29.950000762939453 AB 12.426270830778593 1.366775893394498
62261.27 lsst_hardware_g 157.01339552142323 40.9180946378352 31.610000610351562 AB 11.456565630422519 1.259701542708824
62264.2523 lsst_hardware_r 870.4176638937238 38.17651878499106 31.469999313354492 AB 12.182628352801606 1.3099600379356564
62264.2711 lsst_hardware_i 812.8712787988726 42.67258413263628 31.239999771118164 AB 11.315888401187618 1.2167621936760877
62266.264 lsst_hardware_r 1069.6909179353627 40.16269500678633 31.489999771118164 AB 8.68993350806601 1.2239342969107057
62266.2835 lsst_hardware_g 295.547336493542 22.453352257794318 31.440000534057617 AB 8.155899929193804 1.1487182998864514
62268.2408 lsst_hardware_u 6.96324368203233 3.382760828919174 28.299999237060547 AB 14.82167617349139 1.3132507408121732
62268.2545 lsst_hardware_r 1120.7158409121737 41.41769209366788 31.479999542236328 AB 13.054466798720064 1.2423360105367645
62270.2525 lsst_hardware_i 1161.7838674462637 46.32891564445799 31.239999771118164 AB 8.459244416823784 1.226510717242828
62270.2717 lsst_hardware_z 722.6396080673175 50.21592403937635 30.940000534057617 AB 7.860726733335361 1.1516704612607402
62272.2458 lsst_hardware_r 1155.9933881674197 42.81212115822334 31.479999542236328 AB 6.610893956831997 1.2320923087267508
62272.2641 lsst_hardware_u 5.692075125164299 3.4510758399076407 28.420000076293945 AB 5.745230800975588 1.1590136778244076
62277.2532 lsst_hardware_g 302.31561394592325 22.52904497849045 31.40999984741211 AB 6.8486621362789855 1.1496187560898028
62277.2729 lsst_hardware_r 1174.9335810732073 42.333790347093306 31.5 AB 6.521927978270449 1.0926942887753461
62280.2529 lsst_hardware_r 1359.5007917051737 61.034918230973936 31.610000610351562 AB 7.630264350956391 1.124716523909553
62280.2747 lsst_hardware_z 747.6458328095166 54.75615555727108 30.959999084472656 AB 7.273045460377421 1.070063822914205
62283.24 lsst_hardware_z 810.3799931170362 75.7020955610232 30.979999542236328 AB 5.691557055258257 1.1392227892830777
62283.2597 lsst_hardware_i 1378.837394299651 86.5332924549062 31.329999923706055 AB 3.797732689301185 1.0850664826574814
62288.2479 lsst_hardware_r 913.8752586659709 81.21938485689148 31.639999389648438 AB 7.309180212949634 1.0808133201325365
62288.269 lsst_hardware_i 1188.599420444179 71.26927169375979 31.329999923706055 AB 6.445052396163642 1.0412459947757258
62291.2578 lsst_hardware_z 1491.7355465379326 71.35664568836661 31.709999084472656 AB 12.004987700097994 1.0459356319921724
62302.168 lsst_hardware_i 524.947793943067 40.265979626376655 31.219999313354492 AB 14.559346929332378 1.2139955053468212
62302.1911 lsst_hardware_z 437.887750017148 48.12453604755872 30.940000534057617 AB 13.557774013163145 1.1299478977237385
62304.1665 lsst_hardware_r 324.97445951555324 30.818872756801976 31.489999771118164 AB 6.2609658201987894 1.1975070105576262
62304.1915 lsst_hardware_u 0.9202761241462859 2.9890450309440797 28.43000030517578 AB 5.7154228974405905 1.112852097505875
62306.1684 lsst_hardware_g 93.14850178550435 21.534285133419374 31.530000686645508 AB 4.366296580600084 1.1692566326839617
62306.1935 lsst_hardware_i 511.1858321031197 38.437468900257066 31.260000228881836 AB 4.1144597591656185 1.0932535563081225
62308.1601 lsst_hardware_z 579.772912313263 51.73371565455625 30.950000762939453 AB 3.5095105359123493 1.179799597460367
62308.1848 lsst_hardware_r 203.23238189826006 45.234445598266866 31.600000381469727 AB 3.2377887681247057 1.101476022495164
62310.1712 lsst_hardware_y 354.37193044371674 75.57007314867758 30.770000457763672 AB 3.4625459322697782 1.1241119819072407
62312.158 lsst_hardware_r 171.48109203408157 172.06106891337194 32.38999938964844 AB 4.5010063617503615 1.1484356348154268
62312.1782 lsst_hardware_i 771.6742930553213 132.74827803326065 32.09000015258789 AB 4.128667575426881 1.090605153322237
62314.1632 lsst_hardware_z 512.1546939606565 104.05464666409738 30.989999771118164 AB 8.977304320328255 1.11565505223632
62314.1831 lsst_hardware_r 278.57796119674384 150.6126891122428 31.65999984741211 AB 7.9520170291044545 1.0675520142892039
62315.1572 lsst_hardware_z 266.03644470134964 88.80400734575323 30.989999771118164 AB 7.06930825823565 1.1251485370421217
62315.177 lsst_hardware_r 273.6685368657001 124.32964624503218 31.649999618530273 AB 6.410699376959482 1.074598990382659
62323.1569 lsst_hardware_i 208.79966046410274 34.513870254219235 31.25 AB 5.221724316101207 1.0709032641716993
62323.1759 lsst_hardware_z 189.66803169385568 44.318240556875026 30.950000762939453 AB 5.0396531845345685 1.0376417798705622
62325.1574 lsst_hardware_r 73.2549815748383 26.212921721888993 31.510000228881836 AB 1.788740853712215 1.0591054544109104
62325.1765 lsst_hardware_u -3.509171958075899 2.993876139438706 28.450000762939453 AB 1.9387930950770933 1.0295843315893756
62327.1517 lsst_hardware_g -7.471036530189039 15.305317811454698 31.450000762939453 AB 9.589322995660176 1.0595546752230316
62327.1696 lsst_hardware_r 80.278086836672 25.97893629292555 31.510000228881836 AB 9.37268715141247 1.0313918130101973
62328.0755 lsst_hardware_u -3.408101805244998 2.7997569072103206 28.260000228881836 AB 8.742000570941153 1.3218417737871255
62328.0945 lsst_hardware_g 11.639955692061228 15.25675083804484 31.40999984741211 AB 9.011212140045 1.224959736287779
62330.079 lsst_hardware_r 66.64771767907501 26.67427276557259 31.459999084472656 AB 7.937456842911126 1.272878285646579
62330.0976 lsst_hardware_i 126.18377063729461 35.03482000814507 31.239999771118164 AB 8.235556328080436 1.1891927697459592
62332.0751 lsst_hardware_z 197.6500330879865 46.44720871233189 30.93000030517578 AB 7.946556046716904 1.2649723092513379
62332.0948 lsst_hardware_r 88.5660387891724 26.113863829285098 31.489999771118164 AB 7.55016283509718 1.1789454004055453
62334.0774 lsst_hardware_z 152.6003677426383 46.368109883864534 30.93000030517578 AB 1.9914687714223192 1.2281645213828671
62334.0979 lsst_hardware_g 23.880399853628628 18.98388629290424 31.5 AB 1.952535230314024 1.1485501354788377
62343.0751 lsst_hardware_r 188.72233241975184 140.2667465361706 31.6299991607666 AB 9.6628551611917 1.142721755107817
62343.0941 lsst_hardware_z 186.29935521334588 92.92320200584784 30.989999771118164 AB 7.9328540831329795 1.0893036846045971
62345.0792 lsst_hardware_r 76.88362326202643 74.99356991218436 31.6299991607666 AB 4.957771784480371 1.1138557143294476
62345.0998 lsst_hardware_y 71.71837222209452 53.09031205668027 30.040000915527344 AB 4.046503171054969 1.0648692555407813
62347.0774 lsst_hardware_g -8.801696235032589 15.076395840137383 31.440000534057617 AB 5.298665705209722 1.103888688585359
62347.0971 lsst_hardware_r 66.86950821984344 34.66359021589376 31.59000015258789 AB 5.509622042096897 1.0595427004032494
62351.0797 lsst_hardware_r -2.9037326389780214 24.868531625999125 31.510000228881836 AB 1.7122182282970035 1.0724824480406467
62351.1 lsst_hardware_u 4.08846875329971 2.8497083864279498 28.5 AB 1.8663540643924967 1.0368633691069427
62352.0572 lsst_hardware_u 1.7935284779973752 2.787998955000313 28.43000030517578 AB 1.5837004597963844 1.1221306989582318
62352.0768 lsst_hardware_g -3.580563470317542 14.932949773961154 31.440000534057617 AB 1.568137435105547 1.0728420308589832
62356.0783 lsst_hardware_u -3.8494020188257503 2.8200343051157293 28.489999771118164 AB 3.3961593637398844 1.0492768374067614
62356.0966 lsst_hardware_g 20.188318157335 15.041031157554084 31.469999313354492 AB 4.506004143959084 1.0240918508997916
62358.0772 lsst_hardware_r 75.97003977705045 24.66666778746751 31.510000228881836 AB 3.350938883351853 1.0422827008872473
62358.0954 lsst_hardware_i 97.44971459610616 32.167699500005575 31.260000228881836 AB 3.8060317902337473 1.0197459471913228
62360.1298 lsst_hardware_r 30.325484646780446 24.70649402948564 31.530000686645508 AB 3.128811088430951 1.004756290440254
62360.1442 lsst_hardware_g -1.4524633330217833 15.132987973450966 31.479999542236328 AB 3.1303529670695744 1.0104431785247174
62361.9832 lsst_hardware_y 51.79680597181798 51.42333082607617 29.959999084472656 AB 6.901459884109658 1.3187502963273383
62362.0022 lsst_hardware_i 61.78394236343888 33.9724574757713 31.229999542236328 AB 3.7961819848655356 1.222602893676501
62363.9813 lsst_hardware_y 33.08462872820021 51.06999969482422 29.969999313354492 AB 7.875268761745775 1.2986920781243032
62363.998 lsst_hardware_i 23.574789487459192 35.31999969482422 31.25 AB 7.39629809676259 1.217096938746518
62365.983 lsst_hardware_y 37.33303127795287 52.900001525878906 29.989999771118164 AB 4.467895004366401 1.2613155492600467
62366.0014 lsst_hardware_z 40.21017072195653 50.380001068115234 30.950000762939453 AB 2.8110035168952066 1.1810939146618515
62366.984 lsst_hardware_y -108.7827315773956 55.65999984741211 29.989999771118164 AB 3.548388387080028 1.2433035694047152
62367.003 lsst_hardware_i -9.891242926925585 62.41999816894531 31.309999465942383 AB 2.7081019083153315 1.1651090957903334
62368.9901 lsst_hardware_z 6.2221231316163195 117.5199966430664 31.729999542236328 AB 3.8015499738420555 1.1932046371130118
62379.9837 lsst_hardware_y -35.52702450807013 50.4900016784668 30.030000686645508 AB 4.5963955104936165 1.1136702430174126
62380.0017 lsst_hardware_r 28.08679922042181 23.700000762939453 31.5 AB 1.8182916694295546 1.0700029439561913
62381.9844 lsst_hardware_z 60.53941175132745 44.38999938964844 30.950000762939453 AB 3.6940445360842262 1.0972409513121464
62382.0019 lsst_hardware_g 24.878769177448763 14.720000267028809 31.43000030517578 AB 1.8759412037870626 1.0588567471987183
62386.9848 lsst_hardware_y 49.43268879744162 51.09000015258789 30.040000915527344 AB 2.642275111198317 1.0655051191067884
62387.0039 lsst_hardware_r 2.131420172363025 23.510000228881836 31.510000228881836 AB 2.481228878173007 1.0338453659054196
62388.9848 lsst_hardware_y -52.022639711950625 50.66999816894531 30.040000915527344 AB 3.4607800931714827 1.0551694984007773
62389.0026 lsst_hardware_g 10.693568129070163 14.899999618530273 31.450000762939453 AB 3.3109102900373952 1.0285524355506042
62598.3506 lsst_hardware_u -4.624785554038408 2.7200000286102295 28.290000915527344 AB 10.161179241727126 1.243071748689754
62598.3684 lsst_hardware_g 8.53332223420181 16.219999313354492 31.43000030517578 AB 9.547853889138944 1.1692562090608878
62600.3475 lsst_hardware_r 1.7021307390477558 25.1299991607666 31.479999542236328 AB 8.870795472989695 1.232169016527877
62600.3667 lsst_hardware_i -74.49341836368988 32.54999923706055 31.239999771118164 AB 8.294543286395257 1.1559533532708797
62606.3467 lsst_hardware_z -36.00059272008087 61.4900016784668 31.690000534057617 AB 11.483533654917101 1.1687480184130172
62606.3666 lsst_hardware_r -11.525009419566484 35.189998626708984 32.27000045776367 AB 10.925140553697645 1.106287332661399
62608.3619 lsst_hardware_y 80.64400259613153 73.52999877929688 30.790000915527344 AB 16.237785946991025 1.1042607299490654
62616.3724 lsst_hardware_z 30.787495604093944 45.15999984741211 30.959999084472656 AB 16.204535998040637 1.0387523075667076
62616.3945 lsst_hardware_r -24.30693773643052 36.77000045776367 31.600000381469727 AB 14.797605088276464 1.0143451448607017
62618.3434 lsst_hardware_i 21.58913050248824 32.54999923706055 31.260000228881836 AB 2.3949308500950974 1.082536168492586
62618.363 lsst_hardware_z -44.659639761053946 42.040000915527344 30.950000762939453 AB 2.374675864286867 1.044732012444633
62620.3526 lsst_hardware_r 12.773628944284864 24.290000915527344 31.510000228881836 AB 12.058595858480999 1.0529685520853125
62620.3716 lsst_hardware_u 3.291146942226668 2.75 28.43000030517578 AB 11.646466671085955 1.0256986852177625
62622.3579 lsst_hardware_g -8.264816712866738 15.270000457763672 31.479999542236328 AB 9.221102168221355 1.0360788953057702
62622.3773 lsst_hardware_r 10.294194689179664 23.979999542236328 31.530000686645508 AB 9.012557784670902 1.0149848285005802
62623.3519 lsst_hardware_i 15.519257149218435 31.450000762939453 31.270000457763672 AB 9.223941185605439 1.0408027816909133
62623.3695 lsst_hardware_z -51.24944858295771 41.470001220703125 30.959999084472656 AB 9.221020979721171 1.019385449355686
62627.2541 lsst_hardware_i -57.0382789228378 33.95000076293945 31.209999084472656 AB 3.4939339992392218 1.3354315196480653
62627.2744 lsst_hardware_z -16.699833154486665 44.5 30.93000030517578 AB 3.2079412299578562 1.2294102823037263
62633.253 lsst_hardware_g 2.3581727612861725 14.949999809265137 31.3799991607666 AB 13.249670512384077 1.2528449439641773
62633.2715 lsst_hardware_r -2.9302737542268336 24.260000228881836 31.479999542236328 AB 12.360949341869121 1.1742138635764572
62637.2481 lsst_hardware_i 99.57588893097063 65.7699966430664 31.299999237060547 AB 6.411016904549203 1.2249375504273612
62637.2677 lsst_hardware_r -139.85828803250828 81.16000366210938 31.6299991607666 AB 5.686506992245588 1.1491375148520941
