data/validation/pwv_sim_epoch_fit_epoch/12734353.ecsv
# %ECSV 0.9
# ---
# datatype:
# - {name: time, datatype: float64}
# - {name: band, datatype: string}
# - {name: flux, datatype: float64}
# - {name: fluxerr, datatype: float64}
# - {name: zp, datatype: float64}
# - {name: zpsys, datatype: string}
# - {name: pwv, datatype: float64}
# - {name: airmass, datatype: float64}
# meta: {SNID: '12734353', alt: 1024.0, c: 0.04279660806059837, dec: -21.221792, lat: -30.244573, lon: -70.7499537, ra: 168.75, t0: 60817.76953125,
#   x0: 2.9030297038919853e-06, x1: -0.6156570911407471, z: 0.766327440738678}
# schema: astropy-2.0
time band flux fluxerr zp zpsys pwv airmass
60682.3435 lsst_hardware_u 0.301373592837405 2.930000066757202 28.549999237060547 AB 7.069758591023087 1.0224047710510864
60682.3633 lsst_hardware_z 14.10763142226281 58.790000915527344 30.989999771118164 AB 7.062689776741443 1.012584108781435
60684.346 lsst_hardware_r 31.863878100329764 23.18000030517578 31.510000228881836 AB 7.4466331975517015 1.0168828618806083
60684.3661 lsst_hardware_y -53.52527590944 72.91000366210938 30.079999923706055 AB 7.39274879138263 1.0123124072459488
60686.3486 lsst_hardware_z 26.546059077071856 41.560001373291016 30.959999084472656 AB 6.579082954812174 1.013452914054328
60688.3398 lsst_hardware_z 16.3370607819604 54.310001373291016 30.979999542236328 AB 4.219772300200445 1.0146122385670702
60688.3598 lsst_hardware_y 9.966105381924397 54.900001525878906 30.06999969482422 AB 4.214300098269837 1.0131340888540359
60692.2982 lsst_hardware_r -126.67791943506528 83.13999938964844 31.65999984741211 AB 2.772384272192107 1.04303396245001
60692.3181 lsst_hardware_y -63.13736313251892 53.849998474121094 30.06999969482422 AB 2.6846812219508025 1.0208883817666328
60694.3565 lsst_hardware_z 11.754875229580461 86.30999755859375 31.739999771118164 AB 6.2844119899838695 1.0192866742330455
60695.3478 lsst_hardware_i -28.540615478894463 51.369998931884766 31.31999969482422 AB 9.997480891626052 1.0157718907390132
60695.3671 lsst_hardware_y -123.09687545355865 58.79999923706055 30.059999465942383 AB 10.025675584810532 1.0315276986198043
60697.3249 lsst_hardware_z 16.685975212152393 43.43000030517578 30.959999084472656 AB 9.547119326542584 1.0122588481728911
60697.3442 lsst_hardware_r 19.67845791364633 33.779998779296875 31.59000015258789 AB 9.100827594511651 1.016738643113803
60699.2407 lsst_hardware_u -2.2900941134370933 3.8499999046325684 29.110000610351562 AB 11.335104457623709 1.1303454784227873
60699.2629 lsst_hardware_g -32.97805898112111 16.059999465942383 31.459999084472656 AB 10.148750800275966 1.0720133939237315
60701.2764 lsst_hardware_z 6.764480718412285 41.40999984741211 30.950000762939453 AB 13.161833427190823 1.0390921126729595
60701.2947 lsst_hardware_r -43.97927716720217 23.06999969482422 31.510000228881836 AB 12.359523176883982 1.0200151173462064
60703.3171 lsst_hardware_u -0.414004578482496 2.809999942779541 28.549999237060547 AB 11.849028749927697 1.0127374999938203
60703.3354 lsst_hardware_g -0.7548822704218342 14.079999923706055 31.450000762939453 AB 12.075742569546238 1.0218813790287777
60707.3007 lsst_hardware_i 9.542735050566323 30.18000030517578 31.260000228881836 AB 9.979819790324509 1.0121521085521814
60707.3195 lsst_hardware_z -54.66993703703781 40.810001373291016 30.959999084472656 AB 10.150247171730282 1.0182832234881904
60709.2967 lsst_hardware_r -29.53607846617407 22.790000915527344 31.520000457763672 AB 9.564386618237828 1.0122115163761063
60709.3155 lsst_hardware_u 3.8716463427117676 2.890000104904175 28.600000381469727 AB 9.51623562118538 1.0192508564435687
60711.2879 lsst_hardware_g 27.996473866352332 14.279999732971191 31.469999313354492 AB 5.667180059962525 1.0121771852049517
60711.3055 lsst_hardware_i -32.93587220058727 30.56999969482422 31.270000457763672 AB 6.63589705888943 1.0164764450685877
60713.2831 lsst_hardware_z -23.388222518764692 40.61000061035156 30.950000762939453 AB 4.282847424716045 1.0121545009865203
60713.3031 lsst_hardware_r 64.32924202798384 22.610000610351562 31.5 AB 3.8864819567194795 1.0182699827653054
60714.2382 lsst_hardware_y 86.65899575869618 47.91999816894531 30.049999237060547 AB 7.439603861647527 1.0429351207917092
60714.2561 lsst_hardware_g -10.964765894506407 14.0600004196167 31.43000030517578 AB 7.58078499119455 1.022426999958793
60716.2843 lsst_hardware_r 40.24588618264813 59.25 31.649999618530273 AB 3.45512898769669 1.0133828971100194
60716.3027 lsst_hardware_i -20.549200671967913 48.619998931884766 31.31999969482422 AB 2.9893225838855484 1.0242667753591053
60718.2794 lsst_hardware_z 116.7067702151646 68.04000091552734 31.0 AB 5.559307381047007 1.0135473803185062
60718.2965 lsst_hardware_r 128.18212671233277 97.61000061035156 31.670000076293945 AB 6.235051102547884 1.023607814906281
60720.2617 lsst_hardware_z -45.69271726865493 77.4800033569336 31.0 AB 3.3599629023026383 1.0122911078993637
60720.278 lsst_hardware_r 132.05988561038257 115.58000183105469 31.670000076293945 AB 3.5094542162113345 1.0150509916974624
60722.2154 lsst_hardware_i -27.90957139556005 73.05000305175781 31.329999923706055 AB 4.117390048156521 1.0443601897670314
60722.2329 lsst_hardware_z -62.30918013743587 65.66999816894531 30.989999771118164 AB 4.03855290820969 1.023584566774728
60724.2643 lsst_hardware_r 19.810595301626332 58.86000061035156 31.649999618530273 AB 4.820123067674869 1.013962254572678
60724.2838 lsst_hardware_z 42.70299906599656 52.220001220703125 30.979999542236328 AB 4.899139620817638 1.0270732957689053
60727.2616 lsst_hardware_g 13.007711554421256 24.280000686645508 31.6200008392334 AB 5.1614070982805345 1.0163584702882575
60727.279 lsst_hardware_r -8.5182314835874 29.6299991607666 31.56999969482422 AB 5.338092768150067 1.0306856511311473
60729.2441 lsst_hardware_r -20.523145275353343 23.6299991607666 31.520000457763672 AB 11.82993337587406 1.012403369779556
60729.2642 lsst_hardware_i 56.75591610834844 31.09000015258789 31.260000228881836 AB 10.880808631903433 1.0217041502303765
60731.2467 lsst_hardware_z 43.303293772656204 40.72999954223633 30.950000762939453 AB 8.74939941190602 1.0145211415873248
60731.2648 lsst_hardware_r -37.7624319886949 22.959999084472656 31.510000228881836 AB 9.081338887676665 1.0271845817980618
60736.23 lsst_hardware_i -20.695046195748827 30.600000381469727 31.25 AB 3.443088574830978 1.0134679870970305
60736.2469 lsst_hardware_z -4.984980600428261 41.04999923706055 30.950000762939453 AB 3.435252745066218 1.023208720730605
60738.2297 lsst_hardware_r 5.146626434733975 23.030000686645508 31.5 AB 5.679297151161393 1.015429492430072
60738.2482 lsst_hardware_u -2.125397630928738 2.6500000953674316 28.389999389648438 AB 5.738218900743535 1.029831102071704
60740.2292 lsst_hardware_g -3.0726196460353856 14.479999542236328 31.450000762939453 AB 8.041341917122367 1.0181491411904877
60740.2472 lsst_hardware_r 2.680006895832152 23.270000457763672 31.510000228881836 AB 8.089540634980583 1.0350858101570448
60742.2069 lsst_hardware_r -36.02208319106952 23.100000381469727 31.510000228881836 AB 10.913824061842517 1.012226308833474
60742.2248 lsst_hardware_i 2.6196382055805616 30.610000610351562 31.260000228881836 AB 10.981878576368587 1.0188374044533526
60749.0296 lsst_hardware_z -44.01829954126769 105.29000091552734 30.920000076293945 AB 15.024195866909228 1.5870804071603848
60749.0424 lsst_hardware_r 107.0613114864008 144.8699951171875 31.549999237060547 AB 14.122893598037232 1.4651064472262287
60755.1854 lsst_hardware_g -26.236520744952333 35.02000045776367 31.700000762939453 AB 5.3873795424049895 1.016486706114149
60755.2057 lsst_hardware_r 8.900993712783693 37.93000030517578 31.6200008392334 AB 5.482338939024603 1.0344035734008685
60759.1731 lsst_hardware_r -50.103175743055935 23.25 31.520000457763672 AB 6.98982856061208 1.0157789007247346
60759.1901 lsst_hardware_g -10.782759546906984 14.510000228881836 31.459999084472656 AB 7.105251144914428 1.0290008899224563
60761.1644 lsst_hardware_r -6.378621088095565 23.399999618530273 31.530000686645508 AB 6.999120653399688 1.0143653120869112
60761.1837 lsst_hardware_i -23.139740722301795 30.860000610351562 31.260000228881836 AB 6.909256124965137 1.028010136135268
60763.1685 lsst_hardware_z -61.06699228865231 41.290000915527344 30.959999084472656 AB 6.7041911384244175 1.019545466379746
60763.1869 lsst_hardware_i -17.516288928414752 31.100000381469727 31.270000457763672 AB 6.843361064253311 1.0383412498867133
60766.1473 lsst_hardware_r -5.925791132690186 23.100000381469727 31.520000457763672 AB 5.0270289383978195 1.0132415221172286
60766.1645 lsst_hardware_u 2.8104862005858338 2.799999952316284 28.520000457763672 AB 5.103027016987696 1.022787349743659
60768.1483 lsst_hardware_g 3.425836317217267 14.359999656677246 31.440000534057617 AB 6.385758369960989 1.0156679581630936
60768.1663 lsst_hardware_r -6.1848372667031155 23.219999313354492 31.510000228881836 AB 6.458123681148518 1.0298395281691146
60770.1477 lsst_hardware_i 75.56680860009926 32.61000061035156 31.260000228881836 AB 7.147017920535482 1.0184080443444845
60770.1651 lsst_hardware_z 2.0729306596841885 41.209999084472656 30.950000762939453 AB 7.283242094028703 1.034845423988157
60772.1451 lsst_hardware_r 12.828124271660302 47.060001373291016 31.6299991607666 AB 10.384871391083308 1.0203921843721317
60772.1637 lsst_hardware_z -44.06399041809795 48.189998626708984 30.969999313354492 AB 10.58988664296583 1.0402298526209846
60774.1414 lsst_hardware_r -44.54001427289288 76.95999908447266 31.65999984741211 AB 7.117521980200548 1.0217516480333833
60774.1577 lsst_hardware_i 54.144255908774944 65.47000122070312 31.329999923706055 AB 7.11783924046761 1.0394799913059671
60779.1417 lsst_hardware_z 27.507823225186275 103.3499984741211 31.75 AB 5.1288450533118 1.0363396753509397
60781.0684 lsst_hardware_r 1.847063462331374 64.70999908447266 31.649999618530273 AB 17.03446817218234 1.0267655426887414
60781.0853 lsst_hardware_i 31.696195958189413 55.08000183105469 31.329999923706055 AB 16.245174698040916 1.0148371424967777
60783.1248 lsst_hardware_z -25.062374280565727 65.86059047585893 31.719999313354492 AB 11.630491212860848 1.0292470099876856
60785.1158 lsst_hardware_g -14.054197176266026 14.126413874463005 31.440000534057617 AB 6.983801663608499 1.025647043976282
60785.1318 lsst_hardware_r -60.81946599533378 27.350381120076698 31.549999237060547 AB 6.719224706585301 1.0455089596740657
60793.0926 lsst_hardware_z 77.57102667599561 41.554616663471336 30.950000762939453 AB 2.3936429311262764 1.0243835653892768
60793.1088 lsst_hardware_i 61.49675681773642 31.929806847265258 31.25 AB 2.421519759638434 1.043758517085532
60796.0701 lsst_hardware_u 1.6561393219335299 3.2108638139898713 28.440000534057617 AB 10.132501378537949 1.0148739361516375
60796.0878 lsst_hardware_g 41.195652731716116 15.2230621889511 31.40999984741211 AB 10.076240036255736 1.027663440719606
60799.073 lsst_hardware_r 227.34049056028013 32.90863394073959 31.56999969482422 AB 11.159376833034758 1.0216402849981467
60799.0891 lsst_hardware_i 405.86305951358594 38.6214478665125 31.280000686645508 AB 12.319597990243949 1.0390147583911569
60801.08 lsst_hardware_z 604.7084946844188 74.17894442411023 31.719999313354492 AB 3.7237477963079817 1.0342786213243167
60803.0542 lsst_hardware_r 471.6091241398043 84.76889651900383 31.65999984741211 AB 10.466989790635623 1.0164099621902916
60803.0717 lsst_hardware_z 443.48545260017625 67.27559308840752 30.989999771118164 AB 10.617760654708022 1.030917275037998
60805.0491 lsst_hardware_r 567.3069937029956 101.88934735407727 31.65999984741211 AB 7.367329776095256 1.01660408115021
60805.0658 lsst_hardware_i 630.1110457262489 85.14536362266132 31.34000015258789 AB 7.447385048269893 1.0304233895911301
60807.0117 lsst_hardware_z 577.5328524281548 71.34800327462456 31.0 AB 10.2849406109331 1.0160474794697893
60807.0322 lsst_hardware_i 841.5627548806357 82.75908397687357 31.34000015258789 AB 10.319451096379126 1.0125546873746873
60809.0141 lsst_hardware_z 551.5893350263693 61.929681425626086 30.989999771118164 AB 5.969888358072898 1.0130760570307826
60809.0311 lsst_hardware_g 226.5784572399764 85.89186332039988 31.739999771118164 AB 5.977726538703432 1.0135891603120089
60811.0036 lsst_hardware_r 1378.346894680026 57.610896001765745 32.310001373291016 AB 5.373837718987745 1.0147453559906991
60811.0238 lsst_hardware_i 2000.1884727012427 73.58780114979488 32.04999923706055 AB 5.340940236188007 1.0130766760599406
60812.9938 lsst_hardware_z 757.0556899100555 47.71598195338221 30.950000762939453 AB 7.543040928325256 1.016856420642391
60813.0144 lsst_hardware_u -1.39709258090618 2.802061690921146 28.5 AB 7.31762286222459 1.0123527132430046
60815.9912 lsst_hardware_g 105.85811549334713 16.96599996918616 31.440000534057617 AB 7.204146918845131 1.014251927331983
60816.0121 lsst_hardware_r 648.1226678721999 34.24919085785791 31.510000228881836 AB 6.755384843434452 1.0136244841664699
60821.9683 lsst_hardware_y 292.8253679024703 49.905079452973325 30.059999465942383 AB 5.98664804592581 1.0173876472994992
60821.9885 lsst_hardware_i 1037.983927356503 43.8362494630839 31.260000228881836 AB 5.924207305071811 1.0122235969481395
60824.968 lsst_hardware_y 285.4391949907504 49.67230299490681 30.059999465942383 AB 9.68910775720438 1.0137701027679185
60824.9879 lsst_hardware_i 935.8756240921856 42.9113356512026 31.260000228881836 AB 9.63158297598511 1.0137441296689607
60826.9678 lsst_hardware_y 340.3965793255112 49.74932886845756 30.049999237060547 AB 6.932428607865379 1.012501439770022
60826.9883 lsst_hardware_g 74.25727979939076 19.12364709380604 31.530000686645508 AB 7.004617333918631 1.016217423979297
61050.3455 lsst_hardware_i -22.730399917855767 42.540000915527344 31.299999237060547 AB 6.915634653423824 1.0160463268862208
61050.367 lsst_hardware_y -193.45051598354618 74.2300033569336 30.079999923706055 AB 6.909902517929318 1.0127367020268672
61059.3475 lsst_hardware_i 12.38552607477382 30.15999984741211 31.239999771118164 AB 6.286464134610035 1.0141639279323567
61059.3674 lsst_hardware_y 64.7396527231925 54.189998626708984 30.059999465942383 AB 6.353383518821369 1.0280833116569523
61061.326 lsst_hardware_z 30.2683841395438 40.630001068115234 30.950000762939453 AB 12.179689128181376 1.012527153394415
61061.3458 lsst_hardware_u -3.3598615382137176 2.7699999809265137 28.5 AB 11.396617213668913 1.0157714620460103
61063.3253 lsst_hardware_g 0.06375781416966306 14.069999694824219 31.43000030517578 AB 9.135766620556836 1.0121331251136219
61063.3448 lsst_hardware_r -10.102695007371798 22.739999771118164 31.5 AB 9.661016136471128 1.0182889208401777
61065.3262 lsst_hardware_i 14.967298991497245 30.270000457763672 31.25 AB 9.925089286193042 1.012764212876841
61065.3459 lsst_hardware_z 47.638669638666414 41.0099983215332 30.950000762939453 AB 9.937946970663472 1.0232120433115544
61067.2739 lsst_hardware_u -1.017505276610815 2.5899999141693115 28.360000610351562 AB 11.98513822972876 1.0397147270020901
61067.2917 lsst_hardware_g 12.47492798407779 14.020000457763672 31.43000030517578 AB 12.046448037380198 1.0207124247907302
61069.3208 lsst_hardware_r 27.89793035203858 22.56999969482422 31.5 AB 11.249728358677562 1.0143876730446721
61069.34 lsst_hardware_z 55.80919814697362 40.75 30.950000762939453 AB 11.826896731747638 1.0279788554322153
61071.315 lsst_hardware_r 69.47232000843944 55.400001525878906 31.639999389648438 AB 10.855606059034203 1.0142582508674394
61071.3325 lsst_hardware_y -57.34403749781629 49.099998474121094 30.049999237060547 AB 10.981614048844472 1.02593554267979
61074.3023 lsst_hardware_r -93.18783978647939 103.76000213623047 31.670000076293945 AB 9.544615807732246 1.0129062727085136
61074.3201 lsst_hardware_i 55.47936588066152 82.80000305175781 31.34000015258789 AB 9.624812365416668 1.0221763344750072
61076.3016 lsst_hardware_z -49.27595317319936 68.52999877929688 30.989999771118164 AB 6.6223676807369 1.0143522435520627
61076.3206 lsst_hardware_r 10.538670144231682 94.38999938964844 31.65999984741211 AB 6.78028630073519 1.027679427181608
61078.3121 lsst_hardware_z 52.793304928596754 76.52999877929688 31.729999542236328 AB 3.808110120142696 1.0247184985247753
61082.2768 lsst_hardware_r 13.379173063654797 25.440000534057617 31.530000686645508 AB 3.7299010659322405 1.012299282849415
61082.2939 lsst_hardware_y -28.259291843544375 46.77000045776367 30.049999237060547 AB 3.935081840016029 1.0189233143490495
61084.2772 lsst_hardware_g 8.523175498960203 14.180000305175781 31.43000030517578 AB 5.373981076253986 1.0134806367287101
61084.2949 lsst_hardware_r -14.436262758940538 22.940000534057617 31.5 AB 5.836655925331606 1.023974723742387
