data/validation/pwv_sim_epoch_fit_epoch/12879888.ecsv
# %ECSV 0.9
# ---
# datatype:
# - {name: time, datatype: float64}
# - {name: band, datatype: string}
# - {name: flux, datatype: float64}
# - {name: fluxerr, datatype: float64}
# - {name: zp, datatype: float64}
# - {name: zpsys, datatype: string}
# - {name: pwv, datatype: float64}
# - {name: airmass, datatype: float64}
# meta: {SNID: '12879888', alt: 1024.0, c: -0.038594793528318405, dec: -10.503271, lat: -30.244573, lon: -70.7499537, ra: 174.550781,
#   t0: 61096.74609375, x0: 7.607805850030998e-05, x1: 0.8183020949363708, z: 0.19089747965335846}
# schema: astropy-2.0
time band flux fluxerr zp zpsys pwv airmass
[from data line 132]
61452.2314 lsst_hardware_r 12.067193602513465 23.770000457763672 31.5 AB 4.453798967851194 1.101607461748965
61452.2495 lsst_hardware_u -5.336508253791444 2.7699999809265137 28.459999084472656 AB 4.306861820175205 1.0756398152285414
61454.2722 lsst_hardware_z -114.79512457015453 49.70000076293945 30.969999313354492 AB 5.08273293958689 1.0614457428394883
61454.2901 lsst_hardware_r 33.20647430678454 43.970001220703125 31.610000610351562 AB 5.066512678142108 1.0682084499561688
61456.2649 lsst_hardware_i 22.0145786714819 86.77999877929688 31.34000015258789 AB 2.88871710854186 1.0614429941362704
61456.2821 lsst_hardware_z 64.31179733093589 75.38999938964844 30.989999771118164 AB 2.906382877959183 1.066497294829374
61458.2758 lsst_hardware_r -71.11668508236315 141.94000244140625 31.65999984741211 AB 9.856733559084738 1.0659865599817668
61458.2936 lsst_hardware_z 205.30207579140517 95.51000213623047 31.0 AB 12.119341509326283 1.0827849732484227
61460.2587 lsst_hardware_z -21.388518330640924 69.63999938964844 30.989999771118164 AB 10.489916417266448 1.0617055658780343
61460.2766 lsst_hardware_i 17.58965515066565 77.45999908447266 31.329999923706055 AB 10.589818268827585 1.0704535204435115
61462.2703 lsst_hardware_z -5.482397347078739 50.38999938964844 30.969999313354492 AB 6.925745214655188 1.0697646072914087
61462.2871 lsst_hardware_r -63.603183488365154 53.33000183105469 31.6299991607666 AB 7.0642063452203265 1.0889649449886816
61466.2445 lsst_hardware_g 5.395016335448644 16.68000030517578 31.489999771118164 AB 3.4214153819176762 1.062111563095305
61466.2615 lsst_hardware_r 6.692928868344283 25.469999313354492 31.520000457763672 AB 3.7186570688107285 1.071556162369819
61468.2365 lsst_hardware_i 0.43414524454817455 31.559999465942383 31.25 AB 5.907924042138322 1.0616533664629049
61468.2554 lsst_hardware_z -36.28486943835224 42.0 30.940000534057617 AB 6.230877593479465 1.0709962345912507
61470.2431 lsst_hardware_r -23.51063182497548 24.030000686645508 31.510000228881836 AB 8.414810114332724 1.0660204528101926
61470.2612 lsst_hardware_u -3.9841669712312204 2.7200000286102295 28.399999618530273 AB 8.428740207897615 1.0832579976092296
61472.2312 lsst_hardware_g 13.2527302289299 15.170000076293945 31.450000762939453 AB 11.458646329392812 1.0629952916602663
61472.2496 lsst_hardware_i 15.484867698346493 31.559999465942383 31.25 AB 11.606182229786388 1.0759333057084963
61474.2318 lsst_hardware_z 37.31882327799595 42.08000183105469 30.950000762939453 AB 10.747768855474092 1.0657975412622747
61474.2497 lsst_hardware_r 18.968621087638518 24.329999923706055 31.510000228881836 AB 10.92982415306458 1.082500204988156
61476.2323 lsst_hardware_u -1.7781883219662613 2.700000047683716 28.3799991607666 AB 7.917570227128245 1.0699419225848978
61476.2514 lsst_hardware_g -4.070599281585279 15.25 31.43000030517578 AB 8.713775887963667 1.0928648688917642
61477.2304 lsst_hardware_r 32.221686267091606 24.510000228881836 31.510000228881836 AB 14.95598283621821 1.0706296771178445
61477.2485 lsst_hardware_i 52.68863373177416 32.22999954223633 31.25 AB 15.187049693751387 1.092593503147582
61479.028 lsst_hardware_i 44.100022308062286 56.83000183105469 31.84000015258789 AB 19.855140945084724 2.0993837969096005
61479.0412 lsst_hardware_z 41.9547637247792 52.209999084472656 30.860000610351562 AB 17.61218637530651 1.858949008861088
61481.2146 lsst_hardware_r 1.3416888264291194 30.969999313354492 31.56999969482422 AB 8.816675263180201 1.066974285321175
61481.2364 lsst_hardware_z 4.229548204440341 42.61000061035156 30.950000762939453 AB 8.963731186722162 1.0907436343054364
61487.2517 lsst_hardware_z -336.9092690541254 102.58000183105469 30.989999771118164 AB 7.154545812296786 1.163277732203694
61487.2633 lsst_hardware_r -25.614981019455303 155.5 31.6200008392334 AB 7.349730069908302 1.2034598809990944
61489.2073 lsst_hardware_y 11.865708453702956 77.0199966430664 30.799999237060547 AB 7.452106589885306 1.0806680251193395
61492.181 lsst_hardware_r -62.124223028812494 41.5 31.610000610351562 AB 7.6125346070559825 1.0648887354829781
61492.1989 lsst_hardware_i 36.14595978105545 40.81999969482422 31.290000915527344 AB 7.789036881575549 1.0804101463254414
61494.1716 lsst_hardware_z 19.187281820994233 43.099998474121094 30.959999084472656 AB 7.222201207680618 1.06315678122829
61494.1902 lsst_hardware_r -14.78913873044983 28.280000686645508 31.549999237060547 AB 7.311262928471308 1.07665028582576
61499.1713 lsst_hardware_i -43.589167797857826 31.420000076293945 31.25 AB 4.8858672494798725 1.0714621161140072
61499.1904 lsst_hardware_z 8.867712444942212 42.290000915527344 30.940000534057617 AB 5.035252273633402 1.0958111585708883
61501.1712 lsst_hardware_r -3.2666468676119713 24.3799991607666 31.510000228881836 AB 14.899312780954288 1.0767733454472999
61501.1882 lsst_hardware_u -0.1449623208382291 2.7799999713897705 28.43000030517578 AB 15.157018392906272 1.1015274994844426
61503.1431 lsst_hardware_u 0.7135840011287217 2.799999952316284 28.459999084472656 AB 8.008170677015642 1.0620211759187907
61503.1605 lsst_hardware_g 5.79416245251175 15.100000381469727 31.440000534057617 AB 7.966584925390532 1.0715696987545271
61505.1535 lsst_hardware_i 17.117406993089723 31.469999313354492 31.260000228881836 AB 5.1730498126223985 1.0702492629817728
61505.1698 lsst_hardware_z -8.922759485317703 42.20000076293945 30.950000762939453 AB 5.382033595304275 1.0891130378356038
61511.1326 lsst_hardware_z -44.97105799167994 55.310001373291016 30.979999542236328 AB 17.817439909736553 1.0669125694453025
61511.15 lsst_hardware_r 18.912242349323634 62.959999084472656 31.639999389648438 AB 18.106920413758942 1.084246731362811
61513.0805 lsst_hardware_z -97.677312546115 84.26000213623047 31.0 AB 12.223362102520477 1.0783337271107938
61513.0988 lsst_hardware_r 107.65566596291137 115.4800033569336 31.65999984741211 AB 12.021745126323147 1.0638712501170926
61515.1194 lsst_hardware_i 0.3977825732261219 108.63999938964844 31.34000015258789 AB 7.258406692860792 1.065532397660128
61515.1371 lsst_hardware_z 26.728048258200534 92.04000091552734 31.0 AB 6.985241106389364 1.081655503925058
61518.1185 lsst_hardware_r -124.11346917720088 77.12999725341797 31.639999389648438 AB 4.935222752009593 1.070663358717777
61518.1357 lsst_hardware_z -81.03036714754599 58.75 30.969999313354492 AB 5.864341163158007 1.0912432383993314
61522.112 lsst_hardware_i 59.260819739458874 32.150001525878906 31.25 AB 4.80219402917993 1.0747972312399126
61522.1308 lsst_hardware_z 41.119471688150654 44.209999084472656 30.950000762939453 AB 5.044941611782796 1.101415434210744
61526.0873 lsst_hardware_u 1.8596712289887716 2.75 28.43000030517578 AB 10.41533139579311 1.0644543907944175
61526.105 lsst_hardware_r -8.148283863464412 24.030000686645508 31.5 AB 10.468940159211561 1.0791238481870082
61528.0904 lsst_hardware_i 13.004822420341812 31.6299991607666 31.260000228881836 AB 14.129379415045458 1.0700022275687586
61528.1078 lsst_hardware_z 13.155209493277885 42.5 30.950000762939453 AB 14.33176671128573 1.0903242201137913
61530.0817 lsst_hardware_r -9.515012466509758 23.899999618530273 31.510000228881836 AB 9.635330108600671 1.067567459819475
61530.101 lsst_hardware_u 1.585407780671681 2.8399999141693115 28.5 AB 10.095552196917765 1.088312788485152
61532.0831 lsst_hardware_g 16.680320601670225 15.09000015258789 31.450000762939453 AB 6.811165799258247 1.0732160717337504
61532.0994 lsst_hardware_r -1.5564836538072244 24.18000030517578 31.510000228881836 AB 7.31665048686426 1.0943240333329733
61533.074 lsst_hardware_i -43.52044426229787 31.280000686645508 31.25 AB 10.967795709241349 1.0679103932921374
61533.0923 lsst_hardware_z -26.155430845295175 42.220001220703125 30.950000762939453 AB 11.217186438608866 1.0875689779531574
61537.0724 lsst_hardware_r -24.622505982057525 28.56999969482422 31.559999465942383 AB 12.336217854513256 1.076224022204021
61538.9605 lsst_hardware_z 207.19767725791687 59.68000030517578 30.959999084472656 AB 8.663312837619719 1.1905060928431999
61543.0036 lsst_hardware_y -31.908582463603967 58.09000015258789 30.049999237060547 AB 7.733553120415481 1.0730489384862782
61543.0233 lsst_hardware_r 82.98240894052063 100.69000244140625 31.649999618530273 AB 7.6681053630428035 1.0618806111189238
61546.9942 lsst_hardware_i 62.49730724834663 55.83000183105469 31.31999969482422 AB 5.780455307833223 1.0716454037511842
61547.0134 lsst_hardware_z -22.27315774160407 55.540000915527344 30.969999313354492 AB 4.892264158275158 1.0617084709159708
61550.9923 lsst_hardware_r 4.834854505406601 24.440000534057617 31.510000228881836 AB 6.132364836089617 1.0652014653621205
61551.012 lsst_hardware_g 4.156885238954841 15.369999885559082 31.450000762939453 AB 6.029395681163067 1.0620119212945751
61552.9956 lsst_hardware_r 12.120828038963012 24.280000686645508 31.520000457763672 AB 6.874318713427455 1.0619578594102583
61553.0151 lsst_hardware_i -14.942068561102229 31.790000915527344 31.260000228881836 AB 7.5024467403466 1.0652345222698567
61554.9929 lsst_hardware_z -43.147933611976256 42.279998779296875 30.950000762939453 AB 10.083596492630194 1.061542951113822
61555.0135 lsst_hardware_i 32.965579394576785 32.0099983215332 31.260000228881836 AB 10.230747093696197 1.067611919964123
61556.9562 lsst_hardware_y 86.02627321858752 55.5099983215332 30.049999237060547 AB 9.512623397524086 1.08349371904787
61556.9666 lsst_hardware_u -1.9069478677890985 3.1500000953674316 28.56999969482422 AB 7.378673249216487 1.0719103068931186
61559.9644 lsst_hardware_y -50.160954712819944 48.459999084472656 30.040000915527344 AB 11.525833535351758 1.0672068088288664
61559.9855 lsst_hardware_r 22.001677913555508 24.690000534057617 31.520000457763672 AB 11.46607587729999 1.0616736923425916
61561.9718 lsst_hardware_z 127.51078283849426 61.310001373291016 31.700000762939453 AB 4.565794668081809 1.0618127135073974
