data/validation/pwv_sim_epoch_fit_epoch/13071399.ecsv
# %ECSV 0.9
# ---
# datatype:
# - {name: time, datatype: float64}
# - {name: band, datatype: string}
# - {name: flux, datatype: float64}
# - {name: fluxerr, datatype: float64}
# - {name: zp, datatype: float64}
# - {name: zpsys, datatype: string}
# - {name: pwv, datatype: float64}
# - {name: airmass, datatype: float64}
# meta: {SNID: '13071399', alt: 1024.0, c: 0.05125639587640762, dec: -38.111038, lat: -30.244573, lon: -70.7499537, ra: 83.320312, t0: 61396.62109375,
#   x0: 5.395692891659612e-06, x1: -0.8644750118255615, z: 0.5947818756103516}
# schema: astropy-2.0
time band flux fluxerr zp zpsys pwv airmass
[from data line 133]
61756.2189 lsst_hardware_z 122.49485559869328 48.2599983215332 30.969999313354492 AB 8.562475701812406 1.0203140731425653
61758.2021 lsst_hardware_g -9.798739230003056 29.219999313354492 31.65999984741211 AB 5.271066874520285 1.0132769847213159
61758.2142 lsst_hardware_r -53.71515339430003 34.7400016784668 31.59000015258789 AB 5.2837609777407755 1.0209179746384103
61760.2083 lsst_hardware_i 25.651865723223484 30.09000015258789 31.25 AB 4.836811389731526 1.020567883611941
61760.2204 lsst_hardware_r 25.466219242424177 23.479999542236328 31.510000228881836 AB 6.090539665097361 1.032294858491078
61764.1927 lsst_hardware_u 1.949473440916939 2.609999895095825 28.43000030517578 AB 6.774502389712815 1.0171798235325502
61764.2049 lsst_hardware_g -8.29750585525464 12.770000457763672 31.3799991607666 AB 6.853011817928228 1.0273482056184333
61766.0533 lsst_hardware_y 35.23447301245476 49.34000015258789 29.989999771118164 AB 7.754056405704536 1.200550633745622
61766.0783 lsst_hardware_i 10.819316737152068 30.25 31.239999771118164 AB 7.218264136659404 1.1175946021535752
61766.1995 lsst_hardware_r -45.23473642516453 21.420000076293945 31.479999542236328 AB 5.697332802434322 1.0274103394628278
61766.2112 lsst_hardware_i 62.656114110827254 29.670000076293945 31.239999771118164 AB 5.266356367582693 1.041347840740065
61768.0509 lsst_hardware_y 56.52243032252226 49.939998626708984 30.010000228881836 AB 9.712336651553144 1.1887077475739727
61768.1062 lsst_hardware_r 32.7315377260174 30.610000610351562 32.2400016784668 AB 7.857127574745455 1.0476170099660607
61768.152 lsst_hardware_i 41.38773542524456 29.40999984741211 31.25 AB 7.152305628032037 1.0099749062883554
61772.139 lsst_hardware_u -0.32072391988824983 2.5899999141693115 28.43000030517578 AB 4.664870675340752 1.0103865874427203
61776.1804 lsst_hardware_z -27.19958893742525 42.18000030517578 30.950000762939453 AB 7.050904220325725 1.0367452169277642
61776.1921 lsst_hardware_g 2.0459564303648468 16.799999237060547 31.489999771118164 AB 7.143476398800564 1.0536877939081883
61778.1774 lsst_hardware_r -33.65730158640218 48.11000061035156 31.6299991607666 AB 6.997808070088092 1.0399476995226768
61778.1898 lsst_hardware_i 7.488782848175285 43.540000915527344 31.299999237060547 AB 7.250134616495396 1.059032225605521
61780.1612 lsst_hardware_z -14.929428332414185 54.5099983215332 30.979999542236328 AB 8.433596188227005 1.0273388920792168
61780.1758 lsst_hardware_r 55.6521374388493 70.38999938964844 31.649999618530273 AB 7.9596888282191545 1.0453559727118813
61782.1595 lsst_hardware_z -0.5506669250526358 86.0999984741211 31.739999771118164 AB 7.136983115286327 1.0313559415153652
61788.1075 lsst_hardware_z 119.41955490660422 40.0 30.940000534057617 AB 3.9417738276748246 1.0096756730724499
61788.121 lsst_hardware_u -0.12295737108169208 2.5399999618530273 28.3799991607666 AB 3.9882741340458674 1.013667336140777
61790.0942 lsst_hardware_g -13.052260296378995 12.640000343322754 31.389999389648438 AB 7.697188678243337 1.009665990456265
61790.108 lsst_hardware_r -23.327520940180406 21.270000457763672 31.489999771118164 AB 7.763826806525182 1.0108162362432265
61792.0935 lsst_hardware_i -39.49682171082381 29.25 31.25 AB 11.266537308457247 1.0094709751473678
61792.1061 lsst_hardware_z -2.4582199097862536 40.119998931884766 30.950000762939453 AB 11.245056621694248 1.0119665488794554
61794.0899 lsst_hardware_i -16.19982624486634 29.15999984741211 31.239999771118164 AB 13.113484578501799 1.0095644150741414
61794.1048 lsst_hardware_u -1.3726313408102435 2.490000009536743 28.34000015258789 AB 13.157053416757526 1.0137576312175922
61796.0937 lsst_hardware_g 7.069915325926686 12.569999694824219 31.3700008392334 AB 13.815527552803822 1.0114473225162948
61796.1078 lsst_hardware_r 67.23540808483838 21.190000534057617 31.469999313354492 AB 13.906140601319928 1.0189017280455197
61798.088 lsst_hardware_i -7.873541013170705 29.139999389648438 31.239999771118164 AB 12.58067489889909 1.011369246449663
61798.1005 lsst_hardware_r 0.006723948118048827 21.149999618530273 31.469999313354492 AB 12.658320616211473 1.0176112399229338
61800.085 lsst_hardware_u 1.908883512063015 2.5999999046325684 28.43000030517578 AB 12.949411187474096 1.0122526854557894
61800.0985 lsst_hardware_g 6.73105367505256 12.720000267028809 31.389999389648438 AB 12.917289282546365 1.0201215622938886
61804.0741 lsst_hardware_i -49.16838044168713 31.65999984741211 31.260000228881836 AB 7.865782785533734 1.0122621176930509
61804.0861 lsst_hardware_z 70.98707317103714 41.189998626708984 30.950000762939453 AB 7.435960507039231 1.0190086000944507
61806.0701 lsst_hardware_i -22.934422561546167 37.709999084472656 31.290000915527344 AB 6.073828693203643 1.0128674863596958
61806.082 lsst_hardware_z 16.676034044415783 44.16999816894531 30.959999084472656 AB 6.13209578453701 1.0200325674306088
61809.0578 lsst_hardware_z -26.844343296899595 51.2400016784668 30.969999313354492 AB 9.974715865482096 1.0113182184896978
61809.0708 lsst_hardware_r 24.20495033865774 61.61000061035156 31.649999618530273 AB 10.316931921448866 1.0178420581370715
61811.0585 lsst_hardware_i -0.404004461048175 62.95000076293945 31.329999923706055 AB 2.635929417809091 1.0138190068496502
61811.0729 lsst_hardware_r 158.55666141144172 81.06999969482422 31.65999984741211 AB 2.6620013422042774 1.0238466700785682
61813.0567 lsst_hardware_z -24.667329286889984 51.599998474121094 30.979999542236328 AB 2.137261290429847 1.0158085981130451
61813.069 lsst_hardware_g -30.104120659921886 72.9000015258789 31.729999542236328 AB 2.089548796259509 1.0252938156327327
61815.0562 lsst_hardware_r 20.616253987834376 21.3799991607666 31.479999542236328 AB 2.5893901057394153 1.019110569658029
61815.0703 lsst_hardware_i -6.811780930464963 37.77000045776367 31.290000915527344 AB 2.6345034428959724 1.0323963593087215
61817.0592 lsst_hardware_z -31.898036080462774 40.349998474121094 30.950000762939453 AB 2.463309847810279 1.026379103254283
61819.0562 lsst_hardware_u -7.172212859758299 2.6500000953674316 28.459999084472656 AB 4.7371756098073385 1.028888820229677
61819.0676 lsst_hardware_g 6.991698206743152 12.789999961853027 31.3799991607666 AB 4.780018347289158 1.0429130939540276
61821.0524 lsst_hardware_r -0.21884285467639222 21.56999969482422 31.5 AB 3.4234213175598365 1.0306853281830006
61821.0642 lsst_hardware_z -44.25665766876955 40.7599983215332 30.950000762939453 AB 3.5040556534163496 1.0458826942840562
