data/validation/pwv_sim_epoch_fit_epoch/13155570.ecsv
# %ECSV 0.9
# ---
# datatype:
# - {name: time, datatype: float64}
# - {name: band, datatype: string}
# - {name: flux, datatype: float64}
# - {name: fluxerr, datatype: float64}
# - {name: zp, datatype: float64}
# - {name: zpsys, datatype: string}
# - {name: pwv, datatype: float64}
# - {name: airmass, datatype: float64}
# meta: {SNID: '13155570', alt: 1024.0, c: -0.0371306911110878, dec: -24.132875, lat: -30.244573, lon: -70.7499537, ra: 149.765625, t0: 60741.67578125,
#   x0: 3.8971161161860185e-06, x1: -0.5376895666122437, z: 0.6793279647827148}
# schema: astropy-2.0
time band flux fluxerr zp zpsys pwv airmass
[from data line 133]
61058.21 lsst_hardware_r -13.099688755824346 22.350000381469727 31.459999084472656 AB 7.296300238619453 1.1050535498716862
61058.2263 lsst_hardware_g -4.583957734425373 13.329999923706055 31.3799991607666 AB 7.075328692216895 1.0653476248068043
61059.242 lsst_hardware_g 15.384927693018241 13.399999618530273 31.389999389648438 AB 6.154050508282489 1.0335993463692457
61059.2616 lsst_hardware_r -14.125316479339308 22.059999465942383 31.479999542236328 AB 6.447064663560396 1.0132645636358544
61060.212 lsst_hardware_r 0.5934945703849059 22.229999542236328 31.479999542236328 AB 10.883091810399426 1.085414741728673
61060.229 lsst_hardware_i 57.38716694833943 30.020000457763672 31.239999771118164 AB 10.474955885001549 1.0496824268895149
61061.2418 lsst_hardware_i 17.421902544928002 30.010000228881836 31.25 AB 12.131914554661634 1.0268447960948504
61061.262 lsst_hardware_z -32.116963521617585 40.470001220703125 30.950000762939453 AB 11.959949320034006 1.0096760457030058
61062.211 lsst_hardware_z 22.389016643022146 41.2400016784668 30.950000762939453 AB 10.21127025959545 1.0748705536416263
61062.2284 lsst_hardware_i -48.35726456670148 30.040000915527344 31.25 AB 9.8950257882736 1.0415816619235367
61064.2127 lsst_hardware_u 0.4497122011983433 2.630000114440918 28.399999618530273 AB 10.704119953134041 1.0597089350692053
61064.2301 lsst_hardware_g 14.97928094744668 13.520000457763672 31.40999984741211 AB 10.291788105704267 1.0312412931567323
61066.1209 lsst_hardware_r 72.46805198322444 29.399999618530273 31.459999084472656 AB 19.70289629112708 1.4426429647539505
61066.1383 lsst_hardware_y -57.74535590261115 49.7400016784668 29.959999084472656 AB 17.191991713239535 1.3191882992759911
61070.109 lsst_hardware_i 81.17345879475415 54.9900016784668 31.239999771118164 AB 18.2771894552319 1.450656940312471
61070.1277 lsst_hardware_z 6.813175323462314 54.90999984741211 30.940000534057617 AB 15.818709073729298 1.3172104064557986
61073.1145 lsst_hardware_r -102.55182144908453 115.29000091552734 31.59000015258789 AB 8.279518551619832 1.3491882484985862
61073.1325 lsst_hardware_z -4.653995638053354 77.63999938964844 30.969999313354492 AB 8.96033666981402 1.2449522975843856
61075.1173 lsst_hardware_g -98.36967509610727 94.95999908447266 31.639999389648438 AB 13.598397356219104 1.2977427452611636
61075.1356 lsst_hardware_i -86.14093471662717 78.41999816894531 31.309999465942383 AB 12.322089275570965 1.204652501583377
61077.1368 lsst_hardware_r -43.305888775171816 63.86000061035156 31.610000610351562 AB 4.62731759285579 1.1767857227624687
61077.1562 lsst_hardware_z -81.54386532488087 55.130001068115234 30.969999313354492 AB 4.376464020594976 1.11054278382618
61079.1131 lsst_hardware_u -5.137588930754638 2.509999990463257 28.219999313354492 AB 10.93113276207062 1.2604725142922102
61079.1325 lsst_hardware_g -52.8183114935399 23.530000686645508 31.549999237060547 AB 10.187362290764497 1.1722187355129448
61080.185 lsst_hardware_z -71.21327666993642 42.810001373291016 30.950000762939453 AB 5.886118439222205 1.0331356960956268
61080.2043 lsst_hardware_g -31.163162560991033 28.200000762939453 31.649999618530273 AB 5.715666176182667 1.0132363368520856
61081.1131 lsst_hardware_r 48.905817799096575 23.34000015258789 31.459999084472656 AB 4.344451464335554 1.2329057011239601
61081.1308 lsst_hardware_i -5.32499077700746 31.389999389648438 31.229999542236328 AB 4.048399697384299 1.1579814642245312
61082.1833 lsst_hardware_i 36.62765849110791 30.420000076293945 31.260000228881836 AB 2.7762808847982465 1.028252179554906
61082.2001 lsst_hardware_r 21.036284132118404 23.5 31.520000457763672 AB 2.7334025253983154 1.0123713057030796
61085.1064 lsst_hardware_u -5.529728361437414 2.569999933242798 28.270000457763672 AB 3.8492489059893353 1.2131260340338326
61085.1263 lsst_hardware_r 13.29552409510002 23.010000228881836 31.479999542236328 AB 2.130302387731522 1.135555643780223
61087.1102 lsst_hardware_i -1.1448837896109434 31.649999618530273 31.239999771118164 AB 3.6603545064136807 1.1740058287529749
61087.1288 lsst_hardware_z 43.844236531674035 42.13999938964844 30.950000762939453 AB 3.8304822101182756 1.1108213272455125
61091.1043 lsst_hardware_g 6.015337229925912 14.050000190734863 31.40999984741211 AB 3.6791078844696075 1.1550452505987308
61091.1243 lsst_hardware_r -1.3833373855042042 22.889999389648438 31.5 AB 3.4805125563284927 1.0931544134829196
61093.1088 lsst_hardware_i -52.09004184677865 31.0 31.239999771118164 AB 6.87575990503027 1.1216574070196057
61093.1274 lsst_hardware_z -5.385800883005282 41.33000183105469 30.940000534057617 AB 6.92184752169237 1.072531089938775
61095.1035 lsst_hardware_r -26.166370333766757 26.510000228881836 31.520000457763672 AB 8.695540998880194 1.1211614052494072
61095.1226 lsst_hardware_g -0.46574501337809127 17.09000015258789 31.5 AB 8.347214578474883 1.0710711606255197
61096.1797 lsst_hardware_z -78.97709982268299 40.5099983215332 30.950000762939453 AB 9.52876451022321 1.0056212875545576
61096.1971 lsst_hardware_g 6.161392290878312 13.970000267028809 31.43000030517578 AB 9.487349182244031 1.0087648321084572
61099.1573 lsst_hardware_z -64.43755910355202 74.79000091552734 31.729999542236328 AB 6.14523532160453 1.0101756693048543
61099.1751 lsst_hardware_r -16.74164680569167 88.9000015258789 32.400001525878906 AB 6.143508629156137 1.0054842273577964
61101.1603 lsst_hardware_z 87.43693218918156 101.61000061035156 31.75 AB 3.4575567096293245 1.0066888393922575
61102.1092 lsst_hardware_z 55.998627393738694 113.63999938964844 31.75 AB 6.091491899469244 1.0592056858753685
61104.0143 lsst_hardware_y 70.89657179179754 98.22000122070312 30.65999984741211 AB 16.72673774929437 1.4662930308388664
61110.0014 lsst_hardware_y -50.62887573421067 76.73999786376953 29.940000534057617 AB 11.566924422464814 1.4374802513419402
61110.0227 lsst_hardware_u -2.2547970425972057 2.6500000953674316 28.280000686645508 AB 10.443366442759759 1.2921493546812564
61114.9971 lsst_hardware_y -63.01267001440395 75.16000366210938 29.940000534057617 AB 10.48694814227022 1.3676398164130281
61115.0199 lsst_hardware_r 16.072959004239323 23.709999084472656 31.450000762939453 AB 10.069581090308525 1.2346729583081528
61116.9944 lsst_hardware_y -41.81832270648741 81.94000244140625 29.969999313354492 AB 8.722141913573422 1.3489238963151569
61117.0123 lsst_hardware_g 8.59493749543852 14.289999961853027 31.3700008392334 AB 9.5548413347883 1.245254963480841
61120.991 lsst_hardware_y 139.51112660383305 81.4800033569336 29.979999542236328 AB 6.581907009705792 1.3018441423515659
61121.008 lsst_hardware_r -24.20367603601799 23.850000381469727 31.469999313354492 AB 6.369740390227466 1.2135920977189378
61122.9897 lsst_hardware_y -90.16364556708703 75.0999984741211 29.979999542236328 AB 7.150762381139562 1.2780629814369073
61123.0069 lsst_hardware_r 34.5014320948672 25.309999465942383 31.489999771118164 AB 5.690301881957864 1.1944378425604247
61126.9877 lsst_hardware_y -65.3254874656908 69.16000366210938 30.0 AB 7.658280020526939 1.231927937026784
61127.0051 lsst_hardware_z -26.416729614512985 51.279998779296875 30.950000762939453 AB 8.07749321010145 1.1583403264963836
61128.0699 lsst_hardware_r 54.621876838940324 69.47000122070312 31.649999618530273 AB 6.850717662809874 1.0157738836766481
61128.0885 lsst_hardware_y 5.7628665840950735 51.119998931884766 30.059999465942383 AB 6.930959126979901 1.0062124600614437
61130.0686 lsst_hardware_z 52.48191389587888 70.16999816894531 30.989999771118164 AB 4.858327483214937 1.0126614058914947
61130.0871 lsst_hardware_r 237.45747745588923 103.86000061035156 31.670000076293945 AB 5.164157618519181 1.0055966153708498
61131.9937 lsst_hardware_z -48.324268264231115 109.36000061035156 31.729999542236328 AB 8.851720445827347 1.1501964845687944
61133.9829 lsst_hardware_y 85.47844429621696 68.51000213623047 30.020000457763672 AB 7.314123782394249 1.1699790102206125
61133.9993 lsst_hardware_g -103.51645677669853 55.56999969482422 31.68000030517578 AB 6.965968076988046 1.1142429043048683
61135.9822 lsst_hardware_y -37.187927635631304 59.029998779296875 30.020000457763672 AB 9.764804378633592 1.152257286994315
61136.0014 lsst_hardware_i -2.7175968666890045 30.770000457763672 31.239999771118164 AB 8.85511046856771 1.093223514637989
61139.0465 lsst_hardware_z 30.949408412617995 40.40999984741211 30.950000762939453 AB 7.748401037844024 1.0110786243679812
61139.0657 lsst_hardware_r -1.4552910611696426 22.100000381469727 31.5 AB 7.713357088207818 1.0054780248815267
61139.9786 lsst_hardware_y 10.388838389781677 60.400001525878906 30.030000686645508 AB 6.098108198655113 1.1275045204132592
61139.9954 lsst_hardware_g 9.335694382802629 14.020000457763672 31.420000076293945 AB 5.942067057859443 1.0809654462178357
61146.9763 lsst_hardware_y -12.548021395659706 52.88999938964844 30.049999237060547 AB 15.498399912074104 1.0809317835175132
61146.996 lsst_hardware_i 7.924256416206265 30.239999771118164 31.260000228881836 AB 14.933873597340819 1.0420677968976917
61148.9758 lsst_hardware_z 10.022702495289218 44.970001220703125 30.950000762939453 AB 10.027918923971141 1.0696541932608616
61148.9958 lsst_hardware_u 2.1622995652339783 2.5999999046325684 28.3799991607666 AB 9.68616111140651 1.0342293444693613
61150.9746 lsst_hardware_y 156.85631716577794 52.15999984741211 30.049999237060547 AB 7.651403836213999 1.060791936162771
61150.9938 lsst_hardware_r -50.51783574162021 22.40999984741211 31.5 AB 7.422519698729976 1.0296184905992476
61152.9722 lsst_hardware_y -10.781502291649657 52.4900016784668 30.049999237060547 AB 6.864801786782162 1.0548791353965483
61152.9902 lsst_hardware_z -26.707223480635317 41.54999923706055 30.950000762939453 AB 6.696548819819535 1.0273143851836528
61158.0031 lsst_hardware_r -51.606846515743555 78.37999725341797 31.65999984741211 AB 1.510733911091255 1.0071559407275033
61158.0206 lsst_hardware_i -71.48981208765831 66.18000030517578 31.34000015258789 AB 1.5094390919349738 1.0062927279566491
61159.9949 lsst_hardware_z 49.81575551971399 64.73999786376953 30.989999771118164 AB 11.381401595237497 1.0081702158621832
61160.0132 lsst_hardware_r 36.60378424900251 92.2699966430664 31.670000076293945 AB 10.863838908591442 1.005911010054763
61163.9747 lsst_hardware_y -127.47841290869516 48.959999084472656 30.059999465942383 AB 11.219850014599302 1.013399269710455
61163.9929 lsst_hardware_i -7.0251096219669105 46.13999938964844 31.31999969482422 AB 11.011382097580036 1.005743444086408
