data/validation/pwv_sim_epoch_fit_epoch/13385262.ecsv
# %ECSV 0.9
# ---
# datatype:
# - {name: time, datatype: float64}
# - {name: band, datatype: string}
# - {name: flux, datatype: float64}
# - {name: fluxerr, datatype: float64}
# - {name: zp, datatype: float64}
# - {name: zpsys, datatype: string}
# - {name: pwv, datatype: float64}
# - {name: airmass, datatype: float64}
# meta: {SNID: '13385262', alt: 1024.0, c: -0.014645014889538288, dec: -42.410164, lat: -30.244573, lon: -70.7499537, ra: 58.87352, t0: 62088.26171875,
#   x0: 6.307730325907861e-06, x1: 0.6636124849319458, z: 0.5573272109031677}
# schema: astropy-2.0
time band flux fluxerr zp zpsys pwv airmass
62020.41 lsst_hardware_i 96.81407008197263 61.61000061035156 31.329999923706055 AB 2.148480416537454 1.0240612090264316
62026.2917 lsst_hardware_i -68.32680018727372 33.5099983215332 31.25 AB 3.1713668030482998 1.1434529666660536
62026.3098 lsst_hardware_z 11.02990075946094 42.939998626708984 30.950000762939453 AB 3.031183213757487 1.0980558644294465
62027.3783 lsst_hardware_r -112.24096340174013 54.939998626708984 33.27000045776367 AB 1.2319241775842988 1.0226973456252408
62027.3979 lsst_hardware_y -22.18958978067251 83.69000244140625 31.25 AB 1.24960691715015 1.0266522665891962
62033.3875 lsst_hardware_z 55.97504630969542 40.97999954223633 30.950000762939453 AB 6.179462005245941 1.0299103342076568
62033.4006 lsst_hardware_r 29.779081254054546 29.059999465942383 31.549999237060547 AB 5.882427275254411 1.0404930176447176
62044.3612 lsst_hardware_z 73.97092801947512 40.619998931884766 30.950000762939453 AB 4.316541064054909 1.0324389142863188
62044.3729 lsst_hardware_r 3.1078880201380046 21.6299991607666 31.479999542236328 AB 4.362214082472965 1.0428849860476466
62048.3662 lsst_hardware_r -7.931855518425371 81.22000122070312 31.65999984741211 AB 7.961875334901356 1.0476151756449152
62048.379 lsst_hardware_i 59.84468840550551 65.19000244140625 31.329999923706055 AB 8.548836367224279 1.0652202523928285
62050.3706 lsst_hardware_z 62.50402236865497 54.84000015258789 30.979999542236328 AB 3.8186366437283 1.060732401035639
62050.3819 lsst_hardware_r 34.06511898506977 69.0 31.639999389648438 AB 4.203563019233736 1.0794974368859107
62052.3676 lsst_hardware_z 64.40219792764192 48.849998474121094 30.969999313354492 AB 3.0479335639071548 1.0644703948453393
62052.3793 lsst_hardware_r -46.18680657161641 52.900001525878906 31.6299991607666 AB 3.114242017214125 1.084912738970258
62054.366 lsst_hardware_i 57.483860350162125 37.75 31.280000686645508 AB 4.675305026234213 1.0707214075882772
62054.3772 lsst_hardware_z 13.042228313560564 51.13999938964844 30.969999313354492 AB 4.934177624635436 1.0916322178396982
62055.3449 lsst_hardware_z -2.9331025237976256 42.56999969482422 30.959999084472656 AB 5.7712075883563845 1.0450984073322158
62055.3561 lsst_hardware_r -4.505857531145203 30.920000076293945 31.56999969482422 AB 5.832298586414893 1.0594868605919245
62057.3391 lsst_hardware_u -0.9478761082772826 3.144383355379317 28.549999237060547 AB 5.641490566093546 1.0447204752025085
62057.3507 lsst_hardware_g -28.66609014985097 16.072885580779225 31.469999313354492 AB 5.721704148741594 1.0595748423595543
62059.3472 lsst_hardware_r -15.498164262063563 22.041701928391724 31.479999542236328 AB 7.7602462883768535 1.0624895084832573
62059.3575 lsst_hardware_i 52.075724542746805 30.57678745366108 31.239999771118164 AB 7.884090481862405 1.0798151682609363
62064.3391 lsst_hardware_z 98.83605053300975 42.65139057402763 30.950000762939453 AB 2.6861806338682843 1.0714009042883539
62064.3507 lsst_hardware_r 165.54210643577636 24.89754102353862 31.489999771118164 AB 2.747814012439823 1.093294699909789
62065.3377 lsst_hardware_u 6.122675082330261 3.005776383062475 28.3700008392334 AB 3.3727082397891057 1.073683482622875
62065.3479 lsst_hardware_r 240.78264459204334 26.04295482227202 31.469999313354492 AB 3.4825918698248923 1.0931494229112924
62067.3354 lsst_hardware_i 357.81830274878496 35.639333640218155 31.239999771118164 AB 3.848565427784969 1.0793396544222593
62067.3466 lsst_hardware_z 267.39439663070635 44.827519179698335 30.940000534057617 AB 3.952595492116897 1.1021271936378851
62070.3351 lsst_hardware_r 862.5189281786224 35.67527535543123 31.489999771118164 AB 3.353425192770393 1.0949363929376554
62070.3458 lsst_hardware_u 1.0562046799320128 2.803096498118956 28.469999313354492 AB 3.4598907559733663 1.1196453554737504
62075.3092 lsst_hardware_r 1532.7040050588714 75.0157402137032 31.639999389648438 AB 5.787504164513393 1.07162773074568
62075.3208 lsst_hardware_y 389.42950514362207 53.65960432754423 30.040000915527344 AB 5.993145732989714 1.0935732132454925
62077.3025 lsst_hardware_z 916.5210795253289 69.33395956319252 30.989999771118164 AB 5.133830390948975 1.0695479981143698
62077.3131 lsst_hardware_r 2073.843595469307 96.51565416908129 31.639999389648438 AB 5.227101482948398 1.0889794756142497
62079.3114 lsst_hardware_i 1702.1936355637704 73.63689229116737 31.31999969482422 AB 4.287739109367461 1.096795474769869
62079.323 lsst_hardware_z 1068.2348596360296 67.09321273326582 30.969999313354492 AB 4.297655107978373 1.124157757776068
62083.2726 lsst_hardware_z 1307.733053779928 56.69613339261009 30.959999084472656 AB 8.150751338257974 1.049993731311144
62083.2842 lsst_hardware_g 866.5727873536594 48.98430734973517 31.68000030517578 AB 8.26516811689536 1.0664274375591047
62088.3028 lsst_hardware_u 6.7374580851875825 2.8060790376328932 28.34000015258789 AB 6.730415395880878 1.1358232628372809
62088.3135 lsst_hardware_g 587.9083299010728 27.255566030146195 31.360000610351562 AB 6.903541995342643 1.1677497666278327
62090.2145 lsst_hardware_g 1071.1805206692388 36.91779520630951 32.130001068115234 AB 7.587468862760824 1.023121475560889
62090.2298 lsst_hardware_r 4130.075461971634 71.17290871917449 32.22999954223633 AB 7.655435999332727 1.0286799246617477
62091.2921 lsst_hardware_i 1748.3490884192306 51.72164567712722 31.229999542236328 AB 4.24546332127509 1.1290375164616955
62091.3045 lsst_hardware_z 1368.2988858288313 55.7426131553587 30.93000030517578 AB 4.34721433098185 1.1651606354816002
62096.2402 lsst_hardware_g 309.4489207347205 22.27427535396384 31.360000610351562 AB 3.3044877106276807 1.0539790162273877
62096.2513 lsst_hardware_r 1707.0524710569077 46.99566688516135 31.469999313354492 AB 3.1749282844063917 1.070681750586688
62098.2428 lsst_hardware_i 1515.59874921113 49.31428519168346 31.25 AB 8.191245697784927 1.0657242892827852
62098.2553 lsst_hardware_r 1632.6838028191917 45.76774160734007 31.479999542236328 AB 9.67545177720914 1.088056502511594
62100.249 lsst_hardware_z 1107.555165521783 53.21667235820749 30.940000534057617 AB 5.719682051729807 1.0863937544834434
62100.2605 lsst_hardware_g 238.713800236435 20.16687382310545 31.360000610351562 AB 5.9157684756737 1.1113598488959686
62103.2452 lsst_hardware_r 1390.323016664278 62.59365896113868 31.610000610351562 AB 5.5343506474570106 1.095368757537261
62103.2564 lsst_hardware_i 1351.2883467234042 57.84806399015065 31.280000686645508 AB 5.646352813963067 1.1214206184633697
62105.2443 lsst_hardware_z 1044.1402641798213 66.05292873864371 30.969999313354492 AB 8.442064137716482 1.1054162809632686
62105.2559 lsst_hardware_r 1439.780845062913 84.00320352126192 31.6299991607666 AB 8.724773217992295 1.134499416112126
62107.2412 lsst_hardware_z 2034.410653724716 96.72070573969671 31.729999542236328 AB 7.0013099087580954 1.1109171788495038
62110.2617 lsst_hardware_r 895.5055735345728 65.92227280208336 31.600000381469727 AB 6.091570634489825 1.1959889989181596
62110.2728 lsst_hardware_z 827.2672657997575 60.21249708739182 30.950000762939453 AB 6.301640361498167 1.2393418830796894
62112.2657 lsst_hardware_r 839.4911769994785 50.68334122463462 31.56999969482422 AB 7.887714626354605 1.2325196040972872
62112.2762 lsst_hardware_y 246.35205125734237 52.75198404450264 29.969999313354492 AB 8.133463800821229 1.2789638149444362
62114.1238 lsst_hardware_i 782.2657442399372 40.66018970384826 31.25 AB 9.453455193345725 1.0275494775375789
62114.1355 lsst_hardware_z 831.0872671636114 48.667297034488165 30.950000762939453 AB 7.596671579275662 1.0233964137512108
62116.1318 lsst_hardware_r 551.8270935462175 31.023656329841504 31.479999542236328 AB 12.082931822388538 1.0230885732637156
62116.1444 lsst_hardware_g 44.34805785802646 15.074186946500435 31.389999389648438 AB 12.015375307896146 1.0232818351129405
62118.1722 lsst_hardware_i 635.4535455887408 38.93109088975875 31.25 AB 7.9370697652190545 1.044351284897244
62118.1849 lsst_hardware_z 640.7666757373624 48.390897136560774 30.940000534057617 AB 8.061257577482762 1.0606917865108898
62120.1676 lsst_hardware_i 586.1277373755967 37.908367167105744 31.239999771118164 AB 10.759859743835937 1.0453082822325064
62120.1803 lsst_hardware_u 1.7340696324211569 2.7989284816275335 28.34000015258789 AB 10.935684308101644 1.0619778949596896
62124.1093 lsst_hardware_g 26.851624799976083 14.38933692747398 31.40999984741211 AB 3.401701139778998 1.0231962320428116
62124.1233 lsst_hardware_r 309.5956294029869 27.73996137114441 31.5 AB 3.4579056281961185 1.0234274889221129
62126.1069 lsst_hardware_i 427.59849045290133 36.30205012690637 31.25 AB 4.144398384877258 1.0228031552016925
62126.12 lsst_hardware_z 656.4958816496667 47.666347929053835 30.950000762939453 AB 4.187180481421891 1.0239274082379468
62128.1047 lsst_hardware_r 274.47588032553955 31.124059770611247 31.549999237060547 AB 6.333320575160397 1.0226579323688676
62128.1166 lsst_hardware_g 34.661375394703 21.28108988656847 31.56999969482422 AB 6.335291916447148 1.024520281890003
62129.1076 lsst_hardware_r 295.90270534128024 34.708747412335896 31.579999923706055 AB 6.197760311222686 1.0230703716115361
62129.1204 lsst_hardware_i 408.19982874961283 39.22398314436505 31.280000686645508 AB 6.212710578555507 1.0271489755403005
62131.099 lsst_hardware_z 661.1139557522354 51.380700585480476 30.959999084472656 AB 5.167636971607916 1.0227375135536556
62131.1106 lsst_hardware_i 363.0579933340639 44.91723404162424 31.290000915527344 AB 5.199429087733331 1.0252756396812719
62133.1082 lsst_hardware_z 1114.1898672251662 78.00267384624472 31.729999542236328 AB 7.699092828763541 1.0265457105018054
62135.0999 lsst_hardware_r 217.68062322081107 77.39320755562748 31.65999984741211 AB 7.655085482157891 1.025360544105802
62135.1112 lsst_hardware_i 413.4867132150212 63.23773682348699 31.329999923706055 AB 7.676266027723053 1.0313749659363882
62137.0844 lsst_hardware_i 346.4985728857488 63.30043237953592 31.329999923706055 AB 7.085563224945964 1.022896512315065
62137.0975 lsst_hardware_z 457.16095665214203 60.94755343399818 30.979999542236328 AB 7.1106926129452175 1.0266487749194668
62139.0922 lsst_hardware_r 229.33529472317068 48.96470649717578 31.6299991607666 AB 4.404132465425797 1.0267239690933203
62139.1071 lsst_hardware_g -26.271560697132394 55.36065899675988 31.709999084472656 AB 4.418688468196309 1.0367032595920727
62141.0907 lsst_hardware_r 109.69019883318165 24.425691871480172 31.479999542236328 AB 10.743243945606839 1.028783574975118
62141.1051 lsst_hardware_i 239.0290606095779 33.21270558638913 31.239999771118164 AB 10.84275051572823 1.03990573999951
62147.0709 lsst_hardware_r 119.28510369882568 24.101538623202483 31.479999542236328 AB 6.367301236843949 1.0269840704587014
62147.0839 lsst_hardware_i 184.41385019888526 32.68643293484533 31.25 AB 5.8321829023225815 1.0355438391907994
62149.0679 lsst_hardware_z 289.7135954146751 44.23353606578794 30.950000762939453 AB 2.2122803935586823 1.0282502410219438
62149.0806 lsst_hardware_u 0.3297329296975486 2.961278142008394 28.440000534057617 AB 2.2934791784368995 1.0374213178500054
62151.0695 lsst_hardware_g 10.9390826225754 13.219919629260588 31.399999618530273 AB 6.127595912412312 1.0327989065249137
62151.0823 lsst_hardware_r 114.14449643898405 24.25848815893717 31.489999771118164 AB 6.202255568904209 1.0445904116049194
62153.0673 lsst_hardware_i 133.55977560122722 32.349850579121934 31.25 AB 2.8322394416872476 1.0353644458736053
62153.0806 lsst_hardware_z 226.3774077333066 43.87708869602644 30.950000762939453 AB 2.8633739808231495 1.0489509958139573
62378.3944 lsst_hardware_r 30.914988597080875 42.47999954223633 31.610000610351562 AB 2.552684577114894 1.0309711539236244
62399.3888 lsst_hardware_i 14.587545806636195 30.06999969482422 31.25 AB 6.0435920614213785 1.0321516670991766
62399.4001 lsst_hardware_z 64.5593239247247 53.689998626708984 30.969999313354492 AB 5.989727717737719 1.0420542306433054
62409.2699 lsst_hardware_i -40.045421354124464 61.2400016784668 32.459999084472656 AB 2.6056303409239803 1.0808006944724426
62409.2868 lsst_hardware_z 20.805556792439397 74.98999786376953 32.13999938964844 AB 2.593339498327408 1.0538460541793366
62411.373 lsst_hardware_i -30.88100493068426 31.270000457763672 31.25 AB 2.596861382903317 1.0483897387578995
62411.3849 lsst_hardware_z 27.321386345177885 46.90999984741211 30.959999084472656 AB 2.2250520521929746 1.064830493571912
62413.3465 lsst_hardware_g -3.0392870140983876 13.109999656677246 31.40999984741211 AB 2.4331119544771846 1.0294529107159656
62413.3578 lsst_hardware_r 14.75812939487141 21.790000915527344 31.479999542236328 AB 2.4375514421670847 1.038065771382107
62420.3488 lsst_hardware_i -23.352559165079093 29.780000686645508 31.239999771118164 AB 4.585525278773567 1.048839267788939
62420.3601 lsst_hardware_z 25.229926483663675 41.130001068115234 30.950000762939453 AB 4.624076609365766 1.0644743575888043
62422.3017 lsst_hardware_i 1.7276756056325533 29.510000228881836 31.25 AB 5.446757178127048 1.0227051500160316
62422.3117 lsst_hardware_u -0.6988838759469844 2.5899999141693115 28.420000076293945 AB 5.460648003388173 1.0246720256552262
62425.3454 lsst_hardware_i -3.2928361212421104 30.040000915527344 31.25 AB 7.776044427108652 1.062857747970292
62425.3576 lsst_hardware_r 3.971719326245957 21.90999984741211 31.479999542236328 AB 7.933126348637332 1.0838591422676016
62427.3388 lsst_hardware_z -86.04893730136095 41.0099983215332 30.950000762939453 AB 6.8461235744781535 1.061140311208187
62427.3496 lsst_hardware_g -14.656950704183409 12.890000343322754 31.3799991607666 AB 6.975829196622331 1.079084116783431
62429.3344 lsst_hardware_r -80.95486620574947 54.27000045776367 31.6299991607666 AB 0.57671225132581 1.0627375638698215
62429.3461 lsst_hardware_i -14.661921541193895 47.529998779296875 31.299999237060547 AB 0.556534147876148 1.0827512604611758
62433.3311 lsst_hardware_z -13.585216535831613 58.630001068115234 30.979999542236328 AB 3.351516003699987 1.0752664771381935
62433.3418 lsst_hardware_r 118.76613828088863 78.62000274658203 31.639999389648438 AB 3.9136616934622426 1.0961102628377657
62435.3359 lsst_hardware_z -32.345828241232155 72.37000274658203 31.709999084472656 AB 2.604055501841429 1.095176322927738
62437.3145 lsst_hardware_z -11.06092112578036 46.0 30.959999084472656 AB 3.110228812679141 1.065755161397764
62437.3256 lsst_hardware_r 10.664042098868439 43.27000045776367 31.600000381469727 AB 3.173255898036255 1.085337630794786
62438.3223 lsst_hardware_i 25.301728992033485 37.09000015258789 31.280000686645508 AB 3.296429002662831 1.0842327604416724
62438.3321 lsst_hardware_r -62.79728858609451 36.75 31.579999923706055 AB 3.3422723713132565 1.1048225567670948
62440.3193 lsst_hardware_u -0.7465624200825651 4.340000152587891 28.760000228881836 AB 3.737195263254416 1.089085024990293
62440.3304 lsst_hardware_g 2.5526152374406483 20.93000030517578 31.540000915527344 AB 3.8238934206766992 1.113647244153841
62442.3154 lsst_hardware_g -12.135208733148424 13.460000038146973 31.3799991607666 AB 3.3168636377574807 1.0922712308752798
62442.3274 lsst_hardware_r 8.823587655761791 22.459999084472656 31.469999313354492 AB 3.4229569533180286 1.1197111394564907
62451.3092 lsst_hardware_i -8.038271970184818 30.489999771118164 31.229999542236328 AB 2.2166010157106473 1.136524191955674
62451.3212 lsst_hardware_z -65.94273473384652 42.47999954223633 30.93000030517578 AB 2.2992951328420608 1.172810575282867
62456.2062 lsst_hardware_r -33.55871039751479 48.04999923706055 31.6299991607666 AB 5.666271487101839 1.0226388606590775
62456.2195 lsst_hardware_z -51.21394454178975 47.029998779296875 30.969999313354492 AB 7.617011635130925 1.0248939229185852
62458.2503 lsst_hardware_y -11.23819980154818 50.470001220703125 30.040000915527344 AB 4.222507394889659 1.0556268487224147
62458.2633 lsst_hardware_r 81.23622781093385 63.29999923706055 31.6299991607666 AB 4.304334708336754 1.0760836770841884
62460.2919 lsst_hardware_z 38.853266452230436 89.61000061035156 31.719999313354492 AB 5.649885905260821 1.1577635051763977
