data/validation/pwv_sim_epoch_fit_epoch/13562825.ecsv
# %ECSV 0.9
# ---
# datatype:
# - {name: time, datatype: float64}
# - {name: band, datatype: string}
# - {name: flux, datatype: float64}
# - {name: fluxerr, datatype: float64}
# - {name: zp, datatype: float64}
# - {name: zpsys, datatype: string}
# - {name: pwv, datatype: float64}
# - {name: airmass, datatype: float64}
# meta: {SNID: '13562825', alt: 1024.0, c: -0.051591936498880386, dec: -12.941632, lat: -30.244573, lon: -70.7499537, ra: 149.238281,
#   t0: 60374.33984375, x0: 4.39210211709064e-05, x1: -1.007723093032837, z: 0.24380482733249664}
# schema: astropy-2.0
time band flux fluxerr zp zpsys pwv airmass
60300.3162 lsst_hardware_u 0.7783530235995157 2.759999990463257 28.469999313354492 AB 6.536930507047153 1.0830054270209775
60300.336 lsst_hardware_y -146.83557677366184 47.689998626708984 30.040000915527344 AB 6.926438899227659 1.057471587668278
60302.3219 lsst_hardware_r -19.97220336118705 23.219999313354492 31.5 AB 6.4953019015962 1.0666688036341472
60302.3432 lsst_hardware_y -100.029383099267 49.029998779296875 30.040000915527344 AB 6.280607034933531 1.049157586992609
60305.3268 lsst_hardware_z -12.090945759771424 87.2699966430664 31.739999771118164 AB 6.3069029184917085 1.0538583168126687
60307.3257 lsst_hardware_z -66.82963038105103 65.43000030517578 30.979999542236328 AB 7.329298102069576 1.0510465729545282
60307.3478 lsst_hardware_y 17.242260964565762 58.209999084472656 30.049999237060547 AB 7.1801633610271045 1.0476127754823974
60309.3255 lsst_hardware_i 50.31512642240198 66.52999877929688 31.329999923706055 AB 5.278385506266675 1.0485990576143298
60309.3461 lsst_hardware_y 114.81247111987905 55.91999816894531 30.049999237060547 AB 6.184322879674446 1.0488124954929583
60313.2964 lsst_hardware_z 44.557571051559655 44.27000045776367 30.950000762939453 AB 3.3839831869709 1.0614752782217378
60313.3185 lsst_hardware_g 11.569925531457733 30.510000228881836 31.649999618530273 AB 3.4055739895569244 1.047439201217016
60315.3023 lsst_hardware_r -23.606425884738915 24.850000381469727 31.510000228881836 AB 7.684616614963028 1.0519666824042453
60315.3227 lsst_hardware_i -20.957384091127793 31.440000534057617 31.25 AB 7.5269863414093265 1.0469901019695367
60317.2983 lsst_hardware_z 64.25795554768932 41.18000030517578 30.950000762939453 AB 9.162425371559276 1.0510984709830535
60317.3185 lsst_hardware_u 1.6506926344724913 2.7100000381469727 28.440000534057617 AB 9.161452752925975 1.0471827424665825
60319.2893 lsst_hardware_g -3.9842990311050706 19.829999923706055 32.16999816894531 AB 7.00074636075413 1.0533378011290788
60319.31 lsst_hardware_r -1.8489835776761259 32.290000915527344 32.2400016784668 AB 7.535665698472076 1.0468140903600762
60323.2566 lsst_hardware_i 21.615537722755132 30.84000015258789 31.25 AB 7.601121296630278 1.0777910381609752
60323.2754 lsst_hardware_u -0.05755598462143358 2.7100000381469727 28.450000762939453 AB 7.511036362405781 1.0555879927490381
60325.2649 lsst_hardware_g 13.319627484070377 14.260000228881836 31.43000030517578 AB 4.80150485233357 1.06016887885484
60325.2851 lsst_hardware_r -2.644452306808314 23.059999465942383 31.5 AB 4.844029967055453 1.0475843354358678
60327.2417 lsst_hardware_r 16.63227140500459 23.18000030517578 31.489999771118164 AB 7.26291539987039 1.0843409077143014
60327.2628 lsst_hardware_i -24.200223723994874 30.84000015258789 31.25 AB 7.8271198329053 1.057004703971006
60331.2362 lsst_hardware_g -14.747350205536197 47.06999969482422 31.700000762939453 AB 10.218005585501116 1.075579535315907
60331.2548 lsst_hardware_r -77.43388703314704 43.15999984741211 31.6200008392334 AB 10.312459548872663 1.0546054659582413
60333.2402 lsst_hardware_i 112.08847505313295 68.0 31.31999969482422 AB 10.726643631447345 1.0632018665325946
60333.2602 lsst_hardware_z -12.117164434402914 61.45000076293945 30.979999542236328 AB 9.942127425968637 1.0485079808730728
60335.227 lsst_hardware_i 64.65993489888193 87.52999877929688 31.329999923706055 AB 15.08500939836608 1.0730551570896343
60335.2466 lsst_hardware_z 39.931228599909886 74.66999816894531 30.989999771118164 AB 14.904639428527716 1.052661870790855
60337.2118 lsst_hardware_z 70.64452435726784 74.20999908447266 30.989999771118164 AB 10.95987444513935 1.0889816624852797
60337.2283 lsst_hardware_r 21.661165029419916 102.76000213623047 31.649999618530273 AB 10.66265581332548 1.0643143383788536
60339.2153 lsst_hardware_i 29.933275352745984 64.47000122070312 31.309999465942383 AB 13.214927021872919 1.0741805366358348
60339.2328 lsst_hardware_r 33.68176414395463 75.98999786376953 31.639999389648438 AB 12.976972854796028 1.0547240271027087
60341.2238 lsst_hardware_z 35.469550491725286 68.11000061035156 31.709999084472656 AB 13.277558300656363 1.0576918455116593
60349.2061 lsst_hardware_z 39.41235793146432 41.38999938964844 30.950000762939453 AB 5.999103731502783 1.0542622690239791
60349.2238 lsst_hardware_r 7.4612478907668915 23.079999923706055 31.5 AB 5.5678995143585235 1.0468600240082355
60351.1864 lsst_hardware_u 5.324025049409821 3.083858836325813 28.489999771118164 AB 2.885847938657957 1.0688325698733174
60351.2034 lsst_hardware_g -42.42995713050032 15.901686160449934 31.440000534057617 AB 2.841317644237163 1.0523398682359861
60353.1877 lsst_hardware_r 35.770470969460945 24.162331231165467 31.489999771118164 AB 4.2699664000404445 1.0609271134953586
60353.2034 lsst_hardware_z 29.635407406312833 41.393510004058946 30.940000534057617 AB 4.268611421057477 1.0493789984776538
60355.1632 lsst_hardware_i 260.8607884837685 34.403572535847 31.239999771118164 AB 3.0825973517919723 1.0879755359265784
60355.1806 lsst_hardware_r 292.5124912405886 29.211232627825016 31.5 AB 4.044903248535186 1.0626770948073876
60357.1653 lsst_hardware_z 574.2057984424871 48.4216397278745 30.950000762939453 AB 3.393905955806263 1.0754389086262255
60357.1814 lsst_hardware_g 466.7136529811144 26.052135385623593 31.440000534057617 AB 4.494577637597756 1.0565532763511416
60360.1626 lsst_hardware_r 3039.094840114786 78.74861408206726 31.6299991607666 AB 4.145328983390403 1.0678333290547148
60360.1798 lsst_hardware_i 2393.983388831405 68.7029806984958 31.309999465942383 AB 3.7862205684071983 1.0517279356686662
60361.1678 lsst_hardware_z 2083.2560744241323 71.9709897294982 30.979999542236328 AB 6.396802343358146 1.0589855712868381
60361.1859 lsst_hardware_r 3891.6125466100098 94.15964192028602 31.649999618530273 AB 6.356548822308922 1.047811558939903
60364.1613 lsst_hardware_z 6726.977029653809 146.36151995076412 31.75 AB 9.807182600627522 1.057416180343657
60366.1529 lsst_hardware_r 9112.70232088369 149.06160581444806 31.65999984741211 AB 5.719849709233352 1.0602131064380635
60366.1698 lsst_hardware_z 4302.439583290376 100.0983185903153 30.989999771118164 AB 7.274710657385491 1.0486069416051158
60370.1526 lsst_hardware_g 12200.492109732262 120.22994144544451 31.690000534057617 AB 3.5703949639078396 1.051662728691558
60370.171 lsst_hardware_r 12155.822791100827 119.96614767028113 31.6200008392334 AB 4.070538108535786 1.046814480785845
60371.126 lsst_hardware_r 12189.993955316684 114.7691218557763 31.56999969482422 AB 5.284638401240776 1.077068868081275
60371.1439 lsst_hardware_i 8741.753602113971 99.94968002815418 31.270000457763672 AB 5.325095099201368 1.0559379534406836
60373.129 lsst_hardware_z 4931.025139627118 78.98040151880743 30.940000534057617 AB 10.96344236668104 1.0654894383492406
60373.1474 lsst_hardware_r 11905.610911154163 111.60004417329196 31.489999771118164 AB 10.764921782989665 1.0500228522322779
60380.1122 lsst_hardware_r 11304.31847930178 108.20617180462376 31.5 AB 8.489137056680237 1.0628249382372386
60380.13 lsst_hardware_z 4109.671668516331 75.62412558484012 30.950000762939453 AB 8.604407172598073 1.0492326444107885
60385.1206 lsst_hardware_g 5065.085964245741 71.8560165737294 31.43000030517578 AB 8.065173471677275 1.0477426239566892
60385.1406 lsst_hardware_r 9197.265807659016 98.23738869799556 31.489999771118164 AB 8.628484483183527 1.0496407704212145
60387.1132 lsst_hardware_i 6214.463630150292 86.49306610233805 31.280000686645508 AB 8.526485438278815 1.0483383735588707
60389.0578 lsst_hardware_r 8388.675810887558 110.57269519007453 31.6200008392334 AB 4.432964120459344 1.114440103188802
60391.1001 lsst_hardware_z 10042.893168390056 165.00707074165663 32.4900016784668 AB 6.399954420984984 1.0491728558991777
60392.0803 lsst_hardware_r 7147.5308854470395 137.5412468155933 31.65999984741211 AB 4.494850846891702 1.061880306382494
60392.1005 lsst_hardware_z 2400.858973279543 90.41387591499222 30.989999771118164 AB 5.7570772214323895 1.048027528590973
60395.0708 lsst_hardware_r 5808.953217263922 129.9855134223587 31.649999618530273 AB 6.629153691467117 1.0633157913411493
60395.0888 lsst_hardware_y 1033.2006403025157 64.29386798456954 30.049999237060547 AB 6.7374323975991635 1.0493353334439566
60399.067 lsst_hardware_i 4449.03116946623 76.40269527399757 31.280000686645508 AB 5.045979439841055 1.0563071885788267
60399.0839 lsst_hardware_z 2472.4243522305514 66.5466724530193 30.950000762939453 AB 5.29968442758531 1.0473684639496392
60401.0659 lsst_hardware_r 3411.966728939663 63.4249080918781 31.489999771118164 AB 9.14730034749677 1.0529771612064007
60401.0844 lsst_hardware_u 20.446402393225195 4.860781445340284 28.399999618530273 AB 8.941895033276575 1.0467334594907804
60403.0609 lsst_hardware_g 1638.5959619363568 45.4081450296092 32.15999984741211 AB 5.240175687994046 1.0526668718348828
60403.0794 lsst_hardware_i 7559.2541733048965 96.91445286628024 31.989999771118164 AB 5.066213210429326 1.0467382666176293
60413.0409 lsst_hardware_r 1939.6489421698532 48.77931113453315 31.520000457763672 AB 5.291447790296437 1.048815260208735
60413.0612 lsst_hardware_i 2357.734430935413 57.07893324619232 31.260000228881836 AB 6.09612515528752 1.0484349738219143
60415.0422 lsst_hardware_z 1570.3307216650862 56.07258736878695 30.959999084472656 AB 17.466749267057175 1.0470102962420005
60415.0591 lsst_hardware_r 1802.6801986185844 51.55813443932418 31.56999969482422 AB 17.496333612636306 1.049832508383614
60417.0151 lsst_hardware_r 1793.1852928361961 63.64209175577546 31.6200008392334 AB 11.32892864365181 1.0587783779113842
60417.0326 lsst_hardware_z 1215.0505969144003 59.59564895535677 30.969999313354492 AB 11.212694466257346 1.0479153706782567
60423.0022 lsst_hardware_z 1135.3584133693378 72.98077402029585 30.989999771118164 AB 9.295395409149712 1.0556951060930961
60423.0206 lsst_hardware_r 1385.7224931202086 103.59699756299912 31.649999618530273 AB 9.264520770469861 1.0469765246420275
60426.0004 lsst_hardware_u 33.00925862104681 12.373724586322167 29.280000686645508 AB 4.854087324404994 1.0512371032820778
60426.0174 lsst_hardware_g 609.4764907583951 71.13170823653068 31.719999313354492 AB 4.867019460725903 1.0467646478844133
60429.0003 lsst_hardware_r 1086.7622637511884 40.99360128328545 31.5 AB 11.316040924590247 1.0477815670916895
60429.018 lsst_hardware_i 1351.2479452628277 47.93153595666076 31.25 AB 11.325008205497078 1.048611870879359
60435.9704 lsst_hardware_y 343.0035973419412 50.89494539327502 30.049999237060547 AB 4.233123037680065 1.052928373521283
60435.9879 lsst_hardware_u -5.135072112304195 3.2765289441079215 28.450000762939453 AB 4.217337429373451 1.0467454528104867
60442.957 lsst_hardware_y 0.9021194335362162 65.91000366210938 30.059999465942383 AB 8.897649086520543 1.049663675169549
60442.9766 lsst_hardware_i 18.845449712891437 31.790000915527344 31.25 AB 7.617581450017804 1.0476182428740288
60444.9561 lsst_hardware_y -9.599377229373511 68.44999694824219 30.059999465942383 AB 8.058918731423288 1.047928403375199
60444.9738 lsst_hardware_r -30.456630009366208 35.86000061035156 31.59000015258789 AB 7.640937655846248 1.0484272304949092
60446.966 lsst_hardware_y -42.176459909544086 84.5199966430664 30.809999465942383 AB 7.776399141874398 1.0477027630854265
60668.3251 lsst_hardware_r 28.812242793834024 29.149999618530273 31.559999465942383 AB 7.087698741762742 1.0607151663817334
60668.3456 lsst_hardware_y -51.09242303884709 49.84000015258789 30.049999237060547 AB 6.781560825803296 1.0476284441051436
60670.3351 lsst_hardware_z -73.66301512553304 61.06999969482422 31.709999084472656 AB 6.748259453675201 1.0493872258462371
60672.327 lsst_hardware_g 11.898434925799227 20.459999084472656 32.209999084472656 AB 7.305048801687865 1.0506830187488538
60672.3504 lsst_hardware_y -54.30727506943681 75.63999938964844 30.809999465942383 AB 7.161848615685815 1.048126535297207
60674.3187 lsst_hardware_i -44.513374659718764 30.84000015258789 31.25 AB 5.369264501819159 1.0523670726309498
60674.339 lsst_hardware_y 21.907299755500475 47.58000183105469 30.040000915527344 AB 6.141128480616833 1.0468724858283658
60676.3254 lsst_hardware_i -25.833282819036473 30.81999969482422 31.25 AB 7.444895955264994 1.0472538152875865
60676.346 lsst_hardware_y 146.67762765912627 48.77000045776367 30.040000915527344 AB 7.5084043711412285 1.0509981524734822
60678.3281 lsst_hardware_g 10.360772568682036 14.09000015258789 31.420000076293945 AB 4.988262594017618 1.046872997572733
60678.3476 lsst_hardware_y -51.390469777207194 48.75 30.040000915527344 AB 5.74832168335411 1.0559003826881177
60680.2968 lsst_hardware_r 1.8556121648906267 22.989999771118164 31.489999771118164 AB 10.676636029950929 1.0565086326816941
60680.319 lsst_hardware_i 7.224976385814665 30.6299991607666 31.25 AB 10.593800668445315 1.0467406732154536
60682.3008 lsst_hardware_z -4.0465557288261635 41.209999084472656 30.950000762939453 AB 8.794554571249423 1.050106517029951
60682.3219 lsst_hardware_u 1.926895631417405 2.7100000381469727 28.450000762939453 AB 8.762113300452915 1.047765461629414
60684.3018 lsst_hardware_g 25.599608791718893 14.119999885559082 31.440000534057617 AB 7.881402001222614 1.0476524399298939
60684.3233 lsst_hardware_r -22.22598095996675 22.790000915527344 31.5 AB 7.961678263203083 1.0505265727465722
60686.2904 lsst_hardware_i 17.061062569384315 41.2599983215332 31.299999237060547 AB 6.437328741925758 1.0498497540514964
60686.3126 lsst_hardware_z -70.22694173790856 41.41999816894531 30.950000762939453 AB 7.757118753684023 1.0482592910383814
60688.2606 lsst_hardware_i 16.45505610140307 71.13999938964844 31.329999923706055 AB 4.980588400447299 1.0728246419918792
60688.2794 lsst_hardware_z -60.32843873760351 63.29999923706055 30.989999771118164 AB 4.7704519203779805 1.0530798941231745
60692.2653 lsst_hardware_i 57.386599194642635 74.63999938964844 31.329999923706055 AB 2.351463418363343 1.0554539375485361
60692.2837 lsst_hardware_r -120.51092008915545 91.16999816894531 31.65999984741211 AB 2.3019394048206943 1.0469309402254436
60695.2429 lsst_hardware_z 45.47276356502463 48.97999954223633 30.959999084472656 AB 10.674616145458849 1.0708526479309926
60695.2607 lsst_hardware_r -5.148082914164779 49.099998474121094 31.6299991607666 AB 12.49671157519514 1.0527979423079281
60697.2389 lsst_hardware_i 3.137141102686382 34.68000030517578 31.260000228881836 AB 10.154547243576086 1.0688997098501143
60697.259 lsst_hardware_z -12.729808246296754 43.16999816894531 30.950000762939453 AB 10.276089157116433 1.050536883187204
60699.1281 lsst_hardware_i -21.653020284248228 34.27000045776367 31.18000030517578 AB 21.722540192655472 1.540205161257508
60699.1536 lsst_hardware_u -0.5855875430870319 2.559999942779541 28.219999313354492 AB 19.02152684928329 1.3400789175926984
60701.2165 lsst_hardware_g 11.503233417334814 14.380000114440918 31.440000534057617 AB 15.313366833026711 1.0866323812685206
60701.2403 lsst_hardware_r -49.91299248884593 32.68000030517578 32.2599983215332 AB 14.830288971997287 1.0557995922113899
60701.2619 lsst_hardware_z 4.905660612807618 41.15999984741211 30.950000762939453 AB 13.37367351762682 1.0467263384524044
60703.2167 lsst_hardware_i -34.589357079042536 31.030000686645508 31.25 AB 10.877517281538552 1.0771952150464004
60703.2339 lsst_hardware_r -11.663593865801404 23.06999969482422 31.510000228881836 AB 10.68423401260149 1.056589597765179
60705.2185 lsst_hardware_u 2.9665729871161592 2.799999952316284 28.510000228881836 AB 13.069982346669912 1.0670534762970048
60705.2362 lsst_hardware_g 28.023477016148494 14.359999656677246 31.450000762939453 AB 12.90315379822869 1.0510592575059348
60707.2186 lsst_hardware_r -27.206765625255468 23.31999969482422 31.510000228881836 AB 13.352286171932656 1.0607224789857461
60707.2353 lsst_hardware_i 39.485925493344716 30.93000030517578 31.260000228881836 AB 13.074500281163266 1.0488618736769006
60709.2045 lsst_hardware_z 39.201240815157 41.810001373291016 30.959999084472656 AB 9.870084904129687 1.0710889749462569
