data/validation/pwv_sim_epoch_fit_epoch/13666538.ecsv
# %ECSV 0.9
# ---
# datatype:
# - {name: time, datatype: float64}
# - {name: band, datatype: string}
# - {name: flux, datatype: float64}
# - {name: fluxerr, datatype: float64}
# - {name: zp, datatype: float64}
# - {name: zpsys, datatype: string}
# - {name: pwv, datatype: float64}
# - {name: airmass, datatype: float64}
# meta: {SNID: '13666538', alt: 1024.0, c: 0.043568480759859085, dec: -14.78593, lat: -30.244573, lon: -70.7499537, ra: 295.136719, t0: 61143.0078125,
#   x0: 1.4554608684992693e-05, x1: 0.7534443736076355, z: 0.392956405878067}
# schema: astropy-2.0
time band flux fluxerr zp zpsys pwv airmass
61154.4068 lsst_hardware_z 2312.1080506926683 62.41379357159147 30.950000762939453 AB 10.33231580585629 1.04533129027051
61154.4258 lsst_hardware_y 786.452797498021 81.76684556910041 30.079999923706055 AB 10.08224735843201 1.037873316930173
61156.4012 lsst_hardware_u 1.6937975990444691 3.3278549443735113 28.489999771118164 AB 4.202736083587551 1.0454350656713296
61156.4202 lsst_hardware_y 649.5346081722968 57.31047093000497 30.059999465942383 AB 4.6159754930777 1.0378809427943112
61158.4061 lsst_hardware_r 2920.92692574011 60.115960070151544 31.510000228881836 AB 5.203524471889699 1.0396998511884576
61158.4241 lsst_hardware_z 1910.8775076332572 69.32191284540332 30.969999313354492 AB 6.035802098995571 1.03892399431892
61160.4014 lsst_hardware_z 3501.540629747227 92.92556575682651 31.719999313354492 AB 11.904969099928469 1.039432692077573
61160.421 lsst_hardware_y 941.0282519564992 90.46211250336067 30.809999465942383 AB 12.532336965728133 1.0396828410260783
61162.3458 lsst_hardware_z 1640.6544520985587 74.86708179889735 30.979999542236328 AB 9.779653497105425 1.1045359670704205
61162.3641 lsst_hardware_y 269.13446898808365 57.34054164234275 30.059999465942383 AB 9.491633120962714 1.069018052780513
61169.3406 lsst_hardware_y 478.88144483349447 53.805878868333515 30.040000915527344 AB 8.31668543425546 1.0762104667277832
61169.366 lsst_hardware_g 351.7704672488941 51.78213932322743 31.709999084472656 AB 8.117720717028625 1.045222521989136
61171.3823 lsst_hardware_r 1366.2260532824976 47.289288014308696 31.559999465942383 AB 7.887880888961935 1.0378790643370968
61171.4034 lsst_hardware_i 1788.5960444850011 54.227251109388284 31.270000457763672 AB 7.957330562836602 1.0470171793206056
61174.3612 lsst_hardware_z 1500.6011987929178 55.137881811943274 30.950000762939453 AB 8.301547553127872 1.040174694192763
61174.3806 lsst_hardware_r 1041.3259887627873 40.67863246692492 31.510000228881836 AB 8.464378031317343 1.0389776843334773
61179.361 lsst_hardware_i 1467.6656043705027 49.01537838368809 31.260000228881836 AB 8.510899993115029 1.0379146333067109
61179.385 lsst_hardware_z 1267.7591042278077 54.38860940918744 30.950000762939453 AB 10.078442540928528 1.0500565264564001
61181.3134 lsst_hardware_u 1.2086712641359965 2.9211437251445793 28.43000030517578 AB 7.181971985713695 1.0672370882997793
61181.3304 lsst_hardware_g 179.92314765335047 19.917924471274524 31.459999084472656 AB 7.018987573997734 1.0474537492908609
61186.3294 lsst_hardware_z 944.8383941652179 52.49575873575409 30.959999084472656 AB 5.916460508540866 1.0397997378806254
61186.3494 lsst_hardware_r 546.5019363424178 34.27597038270411 31.530000686645508 AB 5.939527235377074 1.0394692396529706
61188.3158 lsst_hardware_z 1887.6699846143963 83.2637683396998 31.719999313354492 AB 8.167534298446519 1.044052320440567
61188.3381 lsst_hardware_r 1122.673138688133 78.39392900671191 32.380001068115234 AB 9.471244591871482 1.0380868164813244
61197.3247 lsst_hardware_y 389.9488694586702 76.49752092769963 30.799999237060547 AB 6.436102037180436 1.041805709204362
61218.2031 lsst_hardware_z -63.0577016909114 60.40999984741211 30.969999313354492 AB 8.066042064120325 1.082956709362974
61218.2237 lsst_hardware_r -23.860080773600984 80.05999755859375 31.649999618530273 AB 7.605294976098314 1.0528302767890543
61221.2589 lsst_hardware_r -28.358025058594585 161.2899932861328 31.670000076293945 AB 3.616655871852814 1.04166355756131
61221.2794 lsst_hardware_z -73.52451891231743 104.44999694824219 31.0 AB 3.705505039506686 1.0602303403452606
61224.241 lsst_hardware_z -93.4658933338158 100.66000366210938 31.739999771118164 AB 6.97962458521241 1.0382740990547543
61226.2299 lsst_hardware_r 47.92453783612051 57.58000183105469 31.639999389648438 AB 3.746753072338686 1.0378577795541246
61226.2487 lsst_hardware_z 49.445244277242644 51.869998931884766 30.969999313354492 AB 3.7772056879335585 1.0436912720809148
61232.2183 lsst_hardware_r 4.092812335701847 24.6200008392334 31.520000457763672 AB 8.61654812608267 1.0381383284436951
61232.2357 lsst_hardware_u 1.3971843028877877 2.799999952316284 28.450000762939453 AB 8.682652875259413 1.0461027560553509
61234.2187 lsst_hardware_g 7.417281436423655 15.899999618530273 31.489999771118164 AB 7.003423948776229 1.0395978152562437
61234.2377 lsst_hardware_r 46.543063248742165 24.829999923706055 31.520000457763672 AB 7.195727702733117 1.0529305974149183
61236.2163 lsst_hardware_i 40.46896139521251 31.739999771118164 31.260000228881836 AB 5.9866285921468805 1.0408511026625475
61236.2361 lsst_hardware_z -11.788208937620594 42.04999923706055 30.950000762939453 AB 6.117779501147382 1.0572960900665167
61239.1786 lsst_hardware_z -25.415556777615585 59.220001220703125 31.700000762939453 AB 2.1971943410047703 1.0427657540857125
61239.1999 lsst_hardware_r -30.55773415107349 34.779998779296875 32.2599983215332 AB 2.2395926796901655 1.0382504213359856
61243.1784 lsst_hardware_z 56.76981685445266 44.09000015258789 30.950000762939453 AB 5.617713450566549 1.038458337032451
61243.2006 lsst_hardware_g -0.3841267493985017 26.489999771118164 31.6200008392334 AB 5.6313467358494975 1.0426489049897236
61245.1751 lsst_hardware_r 54.955820888887935 53.58000183105469 31.639999389648438 AB 5.728186654504309 1.0380910936035357
61245.1954 lsst_hardware_z 76.06877654531574 49.849998474121094 30.969999313354492 AB 5.752280307422303 1.0428039352368437
61247.1568 lsst_hardware_r -46.5519942468095 89.75 31.65999984741211 AB 9.565324328864433 1.0427410491226592
61247.177 lsst_hardware_y 129.02813317264545 55.54999923706055 30.059999465942383 AB 11.143226324057858 1.0380920713030952
61250.1624 lsst_hardware_z 125.94868073892691 109.5 31.0 AB 4.303129698341882 1.0379825597029548
61250.1823 lsst_hardware_r -43.47835357283876 168.10000610351562 31.65999984741211 AB 4.337724188602318 1.0431400854353754
61252.1398 lsst_hardware_r 65.39394477081963 113.22000122070312 31.65999984741211 AB 3.866267963460251 1.0449372874216893
61252.1616 lsst_hardware_i 23.834014688826993 89.91000366210938 31.34000015258789 AB 3.8402918837762723 1.0379167253449384
61257.1168 lsst_hardware_u -2.4817605031016643 2.7100000381469727 28.389999389648438 AB 2.496791146807283 1.0532761640191028
61257.1363 lsst_hardware_g 8.699348252207065 15.319999694824219 31.459999084472656 AB 2.09847923899307 1.039537271628007
61269.094 lsst_hardware_z -26.367437092842803 42.0 30.959999084472656 AB 4.232060880816645 1.0445019758909906
61269.1147 lsst_hardware_r -56.50367569088201 24.18000030517578 31.520000457763672 AB 4.159336377247883 1.0378880542103264
61273.0879 lsst_hardware_z -1.1460984243882533 46.869998931884766 30.969999313354492 AB 2.5523882084220717 1.0415785384297376
61273.1075 lsst_hardware_g 37.16848393937833 40.959999084472656 31.690000534057617 AB 2.591669316560971 1.0383290531093634
61275.0835 lsst_hardware_r 6.515199083011472 110.47000122070312 32.400001525878906 AB 2.430329200846432 1.0410491329391443
61275.1037 lsst_hardware_z -11.789634802468484 87.56999969482422 31.739999771118164 AB 2.4494807995280863 1.0386858049520138
61277.0886 lsst_hardware_r -106.37494443328998 120.9800033569336 31.65999984741211 AB 4.035190621300136 1.0379911566045366
61277.1077 lsst_hardware_y -86.92092694110204 65.20999908447266 30.059999465942383 AB 4.016662194920326 1.0426118611084558
61279.0586 lsst_hardware_z -284.60494808820266 118.16999816894531 31.75 AB 1.6858317049230291 1.0513449983929086
61287.0523 lsst_hardware_z 57.639930576950064 41.43000030517578 30.940000534057617 AB 1.5792392440630283 1.040342058012535
61287.0713 lsst_hardware_r 40.050460684190966 23.940000534057617 31.5 AB 1.620493184869319 1.0387776826085378
61300.0169 lsst_hardware_g 7.158904415572934 21.399999618530273 31.579999923706055 AB 1.8257281689070541 1.0403009509436383
61300.0342 lsst_hardware_r 38.22509735963796 28.280000686645508 31.559999465942383 AB 1.637054335320295 1.0384106154908102
61304.0048 lsst_hardware_z -100.72410674435221 93.51000213623047 31.739999771118164 AB 4.059198860211424 1.0408202205670318
61305.998 lsst_hardware_y -0.11107387571451718 56.34000015258789 30.059999465942383 AB 1.1575954893316702 1.0414714253996131
61306.0186 lsst_hardware_r 67.30506955177006 90.3499984741211 31.65999984741211 AB 1.5578673994740737 1.0385782663160492
61307.997 lsst_hardware_y -88.89215809740979 56.09000015258789 30.049999237060547 AB 4.629475394502408 1.0395528580468996
61308.0163 lsst_hardware_z 17.86268509641576 65.62999725341797 30.989999771118164 AB 4.553610707644849 1.039478931892752
61311.9856 lsst_hardware_y -36.177327229117765 71.48999786376953 30.06999969482422 AB 3.901563501943141 1.0397237846616725
61312.003 lsst_hardware_r -10.593496496503887 24.68000030517578 31.510000228881836 AB 3.5381297982650004 1.0387678315557634
61313.9866 lsst_hardware_y 81.63456544104858 66.83999633789062 30.06999969482422 AB 2.7679328032424406 1.038104564286451
61314.0058 lsst_hardware_r -17.735909384312652 25.0 31.530000686645508 AB 6.3528205740509 1.0421151133734707
61520.4018 lsst_hardware_r -50.84988040672437 77.86000061035156 31.649999618530273 AB 15.320480434242912 1.0477034632335942
61520.4198 lsst_hardware_y 22.61976388153851 61.29999923706055 30.059999465942383 AB 13.66325195330137 1.0383725360330363
61522.4131 lsst_hardware_z -209.20237919753058 130.19000244140625 32.4900016784668 AB 1.4540953120585698 1.0386395086132643
61524.4095 lsst_hardware_i 6.036497834352397 40.9900016784668 31.290000915527344 AB 12.936723438815417 1.038260308091099
61524.4273 lsst_hardware_y 101.23122331759866 74.0999984741211 30.06999969482422 AB 11.986378506920413 1.0408908433781336
61526.4016 lsst_hardware_r 40.72329920120735 27.15999984741211 31.540000915527344 AB 9.237728662117517 1.0387835143037483
61526.4204 lsst_hardware_y 66.32536886695246 50.939998626708984 30.049999237060547 AB 9.469444608721588 1.040255367320838
61528.3974 lsst_hardware_g -0.17377109011474973 16.350000381469727 31.5 AB 11.548840827885241 1.0384869983860838
61528.416 lsst_hardware_y -36.6333975505273 48.58000183105469 30.049999237060547 AB 11.575194362103618 1.0407163690565784
61530.3969 lsst_hardware_z -53.287789087981665 41.779998779296875 30.950000762939453 AB 7.193141294508713 1.0378714834323846
61530.4149 lsst_hardware_y -145.71944042119017 48.380001068115234 30.040000915527344 AB 7.155519286500046 1.0430406015086982
61533.3764 lsst_hardware_g 4.063929039763657 15.8100004196167 31.489999771118164 AB 10.979330190388815 1.041023722223971
61533.3947 lsst_hardware_r -17.255021252681072 24.690000534057617 31.530000686645508 AB 11.00010293273557 1.0383006260644594
61535.3726 lsst_hardware_i 14.652720627647463 31.700000762939453 31.260000228881836 AB 7.209841715219216 1.040281124743003
61535.3907 lsst_hardware_z -2.6791776989816203 41.84000015258789 30.959999084472656 AB 8.130853286182486 1.0386000110085778
61539.2545 lsst_hardware_g 6.863597654374952 15.380000114440918 31.3700008392334 AB 9.229532020175462 1.351124582078125
61539.2809 lsst_hardware_i 78.19896281403997 32.79999923706055 31.239999771118164 AB 8.275607624544095 1.21090209233553
61551.3198 lsst_hardware_i -165.80747505698716 90.4800033569336 32.08000183105469 AB 5.9163734777253305 1.0456035601281688
61551.34 lsst_hardware_z 56.100432315260406 86.45999908447266 31.739999771118164 AB 5.918933549529576 1.0378631508906848
61557.268 lsst_hardware_z 6.217975961439741 42.33000183105469 30.940000534057617 AB 6.666386584252434 1.09682099144494
61557.2895 lsst_hardware_r -5.726985538293569 24.100000381469727 31.510000228881836 AB 6.63412437912694 1.0597078503477355
61560.3068 lsst_hardware_r -27.497804529887137 33.959999084472656 32.2599983215332 AB 12.521544670252881 1.039369538297361
61560.3311 lsst_hardware_u 2.409486986974106 3.880000114440918 29.190000534057617 AB 12.510952739113911 1.0419498835382017
61562.2895 lsst_hardware_g -6.706680664427552 15.199999809265137 31.459999084472656 AB 6.115190006549538 1.0458083468047323
61575.2421 lsst_hardware_z -10.479004356617612 123.37000274658203 31.75 AB 3.6236509207582275 1.0575371138940954
61579.2302 lsst_hardware_r 31.818527397096442 124.20999908447266 32.400001525878906 AB 3.342543164787196 1.0587440405819282
61579.252 lsst_hardware_y -57.50035379063093 55.939998626708984 30.059999465942383 AB 3.9292360594261333 1.0404897323928326
61581.2162 lsst_hardware_z -26.96642108921393 70.41000366210938 31.719999313354492 AB 4.691110778881963 1.0708872362239341
61581.2416 lsst_hardware_r 3.691409604130566 71.80000305175781 32.380001068115234 AB 4.581032144192187 1.0430796882529483
61586.225 lsst_hardware_g 12.840884500063773 15.550000190734863 31.469999313354492 AB 3.4486696540273227 1.04505141031131
61586.2486 lsst_hardware_i 26.291134504253733 31.579999923706055 31.260000228881836 AB 3.428562986439287 1.0380934029034088
61588.2586 lsst_hardware_r -25.906742201242235 24.389999389648438 31.520000457763672 AB 8.659230280046001 1.0443817615011006
61588.2704 lsst_hardware_z -29.282098938845905 42.11000061035156 30.950000762939453 AB 8.672017544122065 1.0550969332805917
61590.2298 lsst_hardware_r 27.22857230174663 24.5 31.520000457763672 AB 7.534153585536253 1.0381912064952956
61590.2518 lsst_hardware_u 1.1262993153379357 2.7899999618530273 28.450000762939453 AB 7.248369594192745 1.0434939131463372
61597.1219 lsst_hardware_i 18.467290506257548 37.29999923706055 31.25 AB 8.783847996312542 1.2136857032487245
61597.1357 lsst_hardware_z 60.861668427264576 45.33000183105469 30.950000762939453 AB 8.673687248814494 1.160825381265323
61599.2147 lsst_hardware_r -45.74748011875133 47.810001373291016 31.6299991607666 AB 7.143813826541585 1.0383450329275559
61599.2377 lsst_hardware_z -52.682595481031136 47.9900016784668 30.959999084472656 AB 7.190843143029641 1.052215853530886
61606.1818 lsst_hardware_z -110.13952109214283 129.0500030517578 31.75 AB 3.5716856405809914 1.0391869771838789
61609.145 lsst_hardware_r 143.17721564775962 83.43000030517578 32.38999938964844 AB 6.165864580483991 1.0630801000834467
61609.1663 lsst_hardware_z -95.57711135241198 73.9800033569336 31.719999313354492 AB 6.045927707373648 1.0424013288575256
61610.1948 lsst_hardware_r -38.27035314274866 47.970001220703125 31.6299991607666 AB 5.753105692504524 1.0420719744914049
61610.2209 lsst_hardware_y 124.56912498010907 49.41999816894531 30.040000915527344 AB 6.645460894968433 1.0692616082009454
61616.1772 lsst_hardware_g 11.406960504242045 15.680000305175781 31.489999771118164 AB 5.095189888706854 1.0414286946768585
61616.1964 lsst_hardware_r -14.969729169138967 24.649999618530273 31.520000457763672 AB 5.095272271615099 1.0579884284915073
61621.149 lsst_hardware_z 10.223090505177542 41.779998779296875 30.950000762939453 AB 1.4404757443896388 1.0378690442911571
61621.1689 lsst_hardware_r -1.1471892560797008 24.3700008392334 31.520000457763672 AB 1.3100075082393317 1.0446630847203602
61623.1348 lsst_hardware_u -2.564110771018695 2.809999942779541 28.469999313354492 AB 2.1617239440919613 1.0393736408808212
61623.1538 lsst_hardware_g 19.679011988674056 15.420000076293945 31.459999084472656 AB 2.1730882362279687 1.0395893332297728
61628.1287 lsst_hardware_r 98.9055163290832 51.97999954223633 31.6299991607666 AB 8.531043382438506 1.0379134832080752
61628.1471 lsst_hardware_y 68.54853558041758 49.56999969482422 30.049999237060547 AB 8.566018096353906 1.0429087705959323
61630.0961 lsst_hardware_z 24.007667675212534 67.91999816894531 30.989999771118164 AB 2.537830868339953 1.0528234259862903
61650.0553 lsst_hardware_i 12.187769090604998 31.34000015258789 31.25 AB 1.6867979940318663 1.0418764632686017
61650.0736 lsst_hardware_u -0.7074845919988542 2.700000047683716 28.399999618530273 AB 1.383741104094391 1.038065344406895
61652.0494 lsst_hardware_g 22.538303782451436 15.460000038146973 31.459999084472656 AB 1.6479328553262362 1.0421160552231679
61652.0683 lsst_hardware_r -5.181244116582574 24.170000076293945 31.510000228881836 AB 1.644672761547523 1.0380850588349608
61654.0528 lsst_hardware_i 10.592919803625517 32.810001373291016 31.270000457763672 AB 0.5941830706005137 1.0386302763592374
61654.0711 lsst_hardware_r -27.162100469284677 27.219999313354492 31.549999237060547 AB 0.719136503264714 1.0403421385384652
61656.0354 lsst_hardware_z -13.18201089766249 66.0199966430664 31.709999084472656 AB 2.5055852007172335 1.0439938336321806
61672.9985 lsst_hardware_y -74.79864876423034 47.650001525878906 30.049999237060547 AB 4.650871639118424 1.0393009249426166
61673.0194 lsst_hardware_g -16.23876397088144 15.609999656677246 31.469999313354492 AB 4.565357468101311 1.0404187484278284
61678.9869 lsst_hardware_y 109.04905029498288 65.0999984741211 30.059999465942383 AB 2.6563487201468 1.0381769359629178
61679.0059 lsst_hardware_i -47.73999189966082 31.989999771118164 31.25 AB 6.33217222288032 1.041804114161041
