data/validation/pwv_sim_epoch_fit_epoch/13724556.ecsv
# %ECSV 0.9
# ---
# datatype:
# - {name: time, datatype: float64}
# - {name: band, datatype: string}
# - {name: flux, datatype: float64}
# - {name: fluxerr, datatype: float64}
# - {name: zp, datatype: float64}
# - {name: zpsys, datatype: string}
# - {name: pwv, datatype: float64}
# - {name: airmass, datatype: float64}
# meta: {SNID: '13724556', alt: 1024.0, c: 0.06331795454025269, dec: -42.410164, lat: -30.244573, lon: -70.7499537, ra: 32.193676, t0: 61008.6640625,
#   x0: 1.0146027988912241e-05, x1: 0.33750179409980774, z: 0.45753857493400574}
# schema: astropy-2.0
time band flux fluxerr zp zpsys pwv airmass
60884.3299 lsst_hardware_i -0.8665818241483023 54.0099983215332 32.41999816894531 AB 2.984162645531012 1.1888699494164743
60884.3507 lsst_hardware_r -68.30468155107421 38.20000076293945 32.65999984741211 AB 3.5041252029681194 1.125522013801323
60894.4329 lsst_hardware_z -72.92430630666972 53.099998474121094 30.979999542236328 AB 3.400580885637195 1.0304790562536954
60896.4254 lsst_hardware_y 1.6125911396881412 55.849998474121094 30.059999465942383 AB 3.4483213369555417 1.0291960414729808
60897.4205 lsst_hardware_z -100.58505193811403 62.560001373291016 30.989999771118164 AB 5.126588612688936 1.0279561433056048
60897.4323 lsst_hardware_r -54.26012529214306 88.25 31.65999984741211 AB 5.138125697957503 1.036260644966176
60899.4192 lsst_hardware_i 86.02507787830733 57.22999954223633 31.329999923706055 AB 3.161923152265443 1.030445870055546
60899.4319 lsst_hardware_z -48.00446598161158 70.54000091552734 30.989999771118164 AB 3.4582467623911324 1.0410134745307442
60904.4157 lsst_hardware_z -90.5274028912119 42.75 30.959999084472656 AB 4.0208323867623355 1.0385275213333627
60904.426 lsst_hardware_r -2.556056543069409 31.059999465942383 31.56999969482422 AB 4.229340783597555 1.0497246918832355
60906.4151 lsst_hardware_u -1.570978421944994 3.5 28.639999389648438 AB 1.9574691318762691 1.0434270425779686
60906.4264 lsst_hardware_g -5.9930561410220715 27.670000076293945 31.6299991607666 AB 2.284189586366707 1.0574951788734754
60908.4123 lsst_hardware_r 0.3725468826280063 22.040000915527344 31.489999771118164 AB 1.1510375599960314 1.046397781814574
60908.4231 lsst_hardware_i 28.30180039512422 36.939998626708984 31.270000457763672 AB 1.6161252754475948 1.060623642623524
60910.4018 lsst_hardware_z -53.62585773853464 40.599998474121094 30.940000534057617 AB 2.362072949278352 1.0409429082387156
60910.4133 lsst_hardware_r 0.1309007523324684 22.3700008392334 31.479999542236328 AB 2.4177537593631473 1.054482994561233
60912.4027 lsst_hardware_u 1.6201320805920099 2.619999885559082 28.399999618530273 AB 2.258854250651747 1.0479490840416361
60912.4139 lsst_hardware_r -10.478084035805653 22.850000381469727 31.489999771118164 AB 2.402874260701377 1.063218699425388
60920.2459 lsst_hardware_r 79.8794614123724 77.43000030517578 33.09000015258789 AB 2.491084124349135 1.1433547329199096
60920.2584 lsst_hardware_z 88.86215345366811 77.83999633789062 32.13999938964844 AB 3.2444710629046645 1.1106447797705312
60934.3671 lsst_hardware_g 21.757900588353486 15.630000114440918 31.459999084472656 AB 4.497552032777356 1.0864308310351334
60934.3778 lsst_hardware_r 26.226813338303383 23.950000762939453 31.510000228881836 AB 4.77364406061779 1.1095477013909794
60936.3691 lsst_hardware_i -18.20910064662318 30.729999542236328 31.239999771118164 AB 1.644902902607829 1.1021124975596845
60936.3798 lsst_hardware_z -9.056142749771162 42.540000915527344 30.940000534057617 AB 1.8936569438305157 1.1281840594760297
60938.3525 lsst_hardware_z 9.668802453539092 41.36000061035156 30.940000534057617 AB 5.511461486235747 1.0794088300500877
60938.366 lsst_hardware_r 21.433970757779868 22.15999984741211 31.469999313354492 AB 5.722406050422287 1.1074910103391304
60940.3612 lsst_hardware_u 0.5346703241393963 2.549999952316284 28.31999969482422 AB 1.727041308355879 1.109032787513809
60940.3738 lsst_hardware_g -11.870442153957834 13.34000015258789 31.360000610351562 AB 1.7444985722030153 1.1416875472535142
60941.3524 lsst_hardware_r 3.0973175596004605 22.149999618530273 31.479999542236328 AB 1.9482842933373188 1.0954648823937694
60941.364 lsst_hardware_z 58.20274262109998 41.9900016784668 30.940000534057617 AB 1.9826869536121412 1.1225933492189155
60943.3439 lsst_hardware_i -34.05699976565333 30.520000457763672 31.239999771118164 AB 6.493616875397256 1.0891675403215795
60943.3558 lsst_hardware_r -21.2075013873213 22.420000076293945 31.479999542236328 AB 6.497450081095155 1.1157293862963065
60945.3354 lsst_hardware_z 13.439774064559412 41.4900016784668 30.940000534057617 AB 5.3480773310996765 1.0831914659262105
60945.347 lsst_hardware_u 0.24595081935124258 2.609999895095825 28.3700008392334 AB 5.523983102548511 1.107750622169003
60947.3213 lsst_hardware_g 4.500054787899751 13.220000267028809 31.389999389648438 AB 6.3753441693895345 1.0678968457938918
60947.3325 lsst_hardware_r 7.986827485996617 22.209999084472656 31.479999542236328 AB 6.430565631424711 1.088204924090373
60950.3338 lsst_hardware_i -3.0394942497796444 30.56999969482422 31.239999771118164 AB 2.727658729778256 1.1088043616982914
60950.3462 lsst_hardware_z 13.3680071595323 42.36000061035156 30.940000534057617 AB 2.761979752705069 1.1408425248676566
60955.3213 lsst_hardware_z -140.71304953690083 67.88999938964844 30.979999542236328 AB 5.2464085224576 1.1115272293342373
60955.3334 lsst_hardware_r 108.41522983706119 97.94999694824219 31.6299991607666 AB 4.115771056403045 1.1432697378897347
60959.3232 lsst_hardware_z 0.9402623030245818 67.66000366210938 31.709999084472656 AB 5.170112257384286 1.1453505222384328
60961.3065 lsst_hardware_g -30.305917612420526 28.780000686645508 31.610000610351562 AB 5.896021904818051 1.115350561327605
60961.3183 lsst_hardware_r 14.791876426553186 32.41999816894531 31.549999237060547 AB 5.9867731353529905 1.1469829587968867
60965.3079 lsst_hardware_i 19.627292297855472 30.84000015258789 31.229999542236328 AB 6.2205360107809735 1.148512664697822
60965.3191 lsst_hardware_u -0.5244620261287611 2.559999942779541 28.309999465942383 AB 6.404138608087264 1.1843067236407103
60968.2958 lsst_hardware_g -1.5901322972647425 13.350000381469727 31.3700008392334 AB 1.444966956022495 1.1373214923435615
60968.306 lsst_hardware_r 5.037973460794051 22.65999984741211 31.459999084472656 AB 1.4330301000812031 1.1679136919977204
60970.2834 lsst_hardware_r 8.912717490011595 22.3700008392334 31.479999542236328 AB 3.1024189424514486 1.1189969134180158
60970.2941 lsst_hardware_i -37.67985710772505 31.139999389648438 31.239999771118164 AB 2.8156583796558223 1.148076811276245
60972.2059 lsst_hardware_z -59.449754641104384 40.560001373291016 30.950000762939453 AB 2.268114760038365 1.0239410526495205
60979.1872 lsst_hardware_z -27.187906413814392 64.37000274658203 31.709999084472656 AB 3.398853075616884 1.0240593780103189
60982.227 lsst_hardware_i 94.45672077602923 60.3056671745018 31.309999465942383 AB 4.845955219835626 1.0699834885924695
60982.238 lsst_hardware_z 17.104087257399012 57.58270063640395 30.969999313354492 AB 4.993550712515914 1.090354432559837
60991.2332 lsst_hardware_r 1160.9839552432827 41.43168347454702 31.5 AB 7.821032646590018 1.1378805984370426
60991.2444 lsst_hardware_g 331.9062108273325 25.587864804034492 31.469999313354492 AB 8.003515310189917 1.1718177613748049
60995.1816 lsst_hardware_g 603.3682424056783 28.059002012371135 31.3700008392334 AB 5.818323379665589 1.0549997061949903
60995.1933 lsst_hardware_i 1406.5484496046452 47.68876984010683 31.239999771118164 AB 5.910112465298177 1.073037637056023
60997.1839 lsst_hardware_z 1367.2109300810212 54.22101868441711 30.940000534057617 AB 5.797398486797068 1.066482429506451
60997.1966 lsst_hardware_r 2452.674611001696 53.44713369647859 31.469999313354492 AB 6.222075767839616 1.0894579218209268
60999.1734 lsst_hardware_u 0.6142506149363995 3.6772331431308234 28.440000534057617 AB 5.340928908796485 1.0588152666496013
60999.1865 lsst_hardware_g 1016.5885072823332 34.44976612217536 31.389999389648438 AB 5.48531556455322 1.0804423087280444
61001.1776 lsst_hardware_r 3189.4183050317024 60.54084685752603 31.479999542236328 AB 3.9596022077722792 1.074227403085444
61001.1894 lsst_hardware_i 2272.1624164647988 56.28120269925052 31.239999771118164 AB 4.13218107261987 1.0972334234253505
61004.1346 lsst_hardware_z 1952.5463756502897 59.42307975706015 30.940000534057617 AB 7.931487910485032 1.03188367928077
61004.1471 lsst_hardware_r 3469.3424697805012 63.06654446815961 31.479999542236328 AB 8.016770282469887 1.0429788847169643
61006.0877 lsst_hardware_z 2250.1619776965526 61.074116875154765 30.950000762939453 AB 3.905254152986681 1.025472107394914
61006.1009 lsst_hardware_r 3788.536622092687 67.10307577138018 31.540000915527344 AB 3.9077475924949447 1.0225467434950741
61009.163 lsst_hardware_z 2170.7308581910866 66.9930180551511 30.959999084472656 AB 5.7432376917526335 1.0877859163317645
61009.1748 lsst_hardware_i 2758.405207057351 69.33274148094095 31.290000915527344 AB 4.995036053514508 1.1138031931428218
61011.1642 lsst_hardware_z 2270.754087347895 71.38465707752978 30.969999313354492 AB 7.106577651782346 1.1018519280245511
61011.1765 lsst_hardware_r 3911.7526831980763 91.09704013437783 31.6200008392334 AB 7.17082257827203 1.1321457640089143
61013.1848 lsst_hardware_y 1494.1797894652152 84.51357537784119 30.760000228881836 AB 4.389786137759013 1.1733735833988541
61015.1834 lsst_hardware_r 3586.2550718270286 94.81578202429858 31.6200008392334 AB 6.173308024943391 1.1871746201814213
61015.196 lsst_hardware_i 2532.134132376723 78.57154977215549 31.290000915527344 AB 6.423466907506761 1.2352820975974539
61017.0986 lsst_hardware_i 2446.1832868755914 57.42090358336197 31.239999771118164 AB 3.9226587896320813 1.0315321253387895
61017.111 lsst_hardware_z 2050.713894005256 59.792663802445624 30.950000762939453 AB 3.9739408018949263 1.0423451283659106
61020.0796 lsst_hardware_z 1666.715954821807 57.51044023364283 30.950000762939453 AB 10.261922057622769 1.025576859646489
61020.0908 lsst_hardware_r 2648.050887653322 55.096831065062865 31.479999542236328 AB 11.01670535374166 1.0318085014235592
61022.0783 lsst_hardware_u 2.2822853649884305 2.8991384412060404 28.5 AB 11.564452796213207 1.0274946953543498
61022.09 lsst_hardware_g 449.7422575308449 25.163065692153886 31.40999984741211 AB 12.518195477913896 1.0354173265437465
61024.0804 lsst_hardware_r 2169.563947023565 50.64124021365395 31.489999771118164 AB 7.928994839866573 1.032183912659133
61024.0919 lsst_hardware_z 1528.4722642623285 55.48857326335573 30.950000762939453 AB 8.102012710561045 1.0423615289558612
61026.0747 lsst_hardware_r 1787.1530397271422 48.159559678076 31.489999771118164 AB 11.252202916208898 1.0320123740389298
61026.0871 lsst_hardware_u 2.4778407941341127 2.915940153213072 28.43000030517578 AB 10.050333633026106 1.0430616527248158
61028.0749 lsst_hardware_g 314.0069642991708 21.397564133610622 31.420000076293945 AB 4.282378892184156 1.036519155799298
61028.0873 lsst_hardware_r 1562.1757771765454 45.708946981206424 31.489999771118164 AB 3.209247187897549 1.049573919512918
61030.0813 lsst_hardware_i 1581.2520828368065 49.54768580039362 31.25 AB 4.6540313540069045 1.0489139855775669
61030.0944 lsst_hardware_z 1083.1245979163198 53.06832380974711 30.940000534057617 AB 3.3091601461288667 1.0674710148802795
61249.4386 lsst_hardware_r 51.024381195974044 56.81999969482422 31.639999389648438 AB 3.6811199155330607 1.0225333098702947
61251.4378 lsst_hardware_z -29.505658610435514 71.5199966430664 30.989999771118164 AB 3.8340362497106146 1.0230917277412683
61258.4352 lsst_hardware_g -20.0431937812249 37.459999084472656 31.68000030517578 AB 2.9495282032875987 1.0297433503855227
61266.4175 lsst_hardware_i -24.409692216086537 30.81999969482422 31.260000228881836 AB 4.2359485187352295 1.0325705335342235
61266.4287 lsst_hardware_z -155.08699991488328 53.880001068115234 30.979999542236328 AB 4.416455372452571 1.0426209295396678
61268.4205 lsst_hardware_r 16.819538182676613 22.520000457763672 31.489999771118164 AB 4.937822450811877 1.039833451666126
61271.2762 lsst_hardware_r 39.99661115167919 49.93000030517578 33.220001220703125 AB 2.8776649533259064 1.1696636330965986
61271.2942 lsst_hardware_z -32.993671735041914 59.22999954223633 31.690000534057617 AB 2.990595990735875 1.1181888168763787
61272.2813 lsst_hardware_r -67.45836976833293 49.54999923706055 33.209999084472656 AB 1.769934792851434 1.1455888626870123
61272.3021 lsst_hardware_u 0.11537972511981631 5.269999980926514 29.920000076293945 AB 2.5961939231194373 1.093825120336818
61274.4118 lsst_hardware_r -22.394149659255884 22.260000228881836 31.479999542236328 AB 1.3421294067502532 1.0481973889360912
61274.4227 lsst_hardware_i -44.73145437844065 37.7400016784668 31.280000686645508 AB 1.7788022220243205 1.0630821586877757
61276.4118 lsst_hardware_z -37.42492701009839 41.63999938964844 30.950000762939453 AB 4.026736091060103 1.0552012991662751
61276.4227 lsst_hardware_r -11.710363653554355 28.979999542236328 31.559999465942383 AB 3.6349957291621795 1.0719275735371232
61278.4028 lsst_hardware_z -56.455380393785305 51.68000030517578 30.969999313354492 AB 2.235501171772221 1.050558608234449
61278.4137 lsst_hardware_r 16.58299660408232 49.36000061035156 31.6299991607666 AB 2.239221337081515 1.0660843501280768
61281.3907 lsst_hardware_z 2.5734490755941843 62.970001220703125 30.989999771118164 AB 7.784029453766803 1.0458656557372092
61281.4025 lsst_hardware_r -95.83748585675686 87.33999633789062 31.649999618530273 AB 7.956478963865242 1.061429957826206
61297.1776 lsst_hardware_g 1.513355162525509 18.940000534057617 32.09000015258789 AB 1.1267863205414992 1.2789856078792639
61297.1938 lsst_hardware_r 23.070531496524033 32.13999938964844 32.209999084472656 AB 1.078029637800071 1.209909806734227
61299.3716 lsst_hardware_r -8.315072027007476 22.280000686645508 31.479999542236328 AB 4.5085775096867 1.0941821404409757
61299.3827 lsst_hardware_u -0.4117266038502989 2.6600000858306885 28.389999389648438 AB 4.738579583729117 1.119790370318027
61303.3638 lsst_hardware_u -1.6548128957053843 2.5799999237060547 28.34000015258789 AB 5.682967011035603 1.1009234814094544
61303.376 lsst_hardware_g -3.869713916284336 13.350000381469727 31.3700008392334 AB 6.597237759471364 1.1307611997034324
61305.3576 lsst_hardware_r 22.53653868554949 22.25 31.469999313354492 AB 1.7127002823506532 1.0992941478502267
61305.3692 lsst_hardware_z 25.92847974865069 42.38999938964844 30.940000534057617 AB 1.777034635442073 1.1272024328842836
61307.3574 lsst_hardware_r 22.23438557216051 54.38999938964844 31.6200008392334 AB 4.519177328803616 1.111318659486934
61307.3697 lsst_hardware_y 102.34325508175971 50.91999816894531 30.010000228881836 AB 4.593834968639079 1.143598448752748
61311.34 lsst_hardware_z -17.06378220354676 60.79999923706055 30.969999313354492 AB 5.157557622850117 1.0966526946311113
61311.352 lsst_hardware_r 35.96595112182037 82.86000061035156 31.6299991607666 AB 5.367674788254599 1.1250628355177004
61313.3322 lsst_hardware_i -67.9459278450386 48.77000045776367 31.299999237060547 AB 4.139295481950567 1.0917303130556686
61313.3443 lsst_hardware_z 4.154950973022993 50.709999084472656 30.959999084472656 AB 3.6171655931835867 1.1193456887462747
61315.3316 lsst_hardware_i 22.416754309515422 37.97999954223633 31.280000686645508 AB 3.518699969569387 1.1021769677586533
61315.3434 lsst_hardware_z 121.6843158107987 45.709999084472656 30.950000762939453 AB 2.7288278468824014 1.1311984994676254
61317.3264 lsst_hardware_g -15.428351456181398 19.780000686645508 31.530000686645508 AB 2.889233863397185 1.1027610165639417
61317.3384 lsst_hardware_r 48.513842772718625 26.6299991607666 31.510000228881836 AB 2.668976160290498 1.1324416209420538
61319.3266 lsst_hardware_i 4.66121803134548 30.809999465942383 31.239999771118164 AB 6.369604998003347 1.1160713134953153
61319.3377 lsst_hardware_r -16.507694890728597 22.850000381469727 31.479999542236328 AB 7.171300593323831 1.1458039693746884
61321.3193 lsst_hardware_u 1.4749296395445661 2.640000104904175 28.399999618530273 AB 3.98958269152127 1.111614012683168
61321.3309 lsst_hardware_g 26.95929970429813 13.319999694824219 31.3700008392334 AB 4.182957415719612 1.1419485164395835
61323.3201 lsst_hardware_r 1.055932170641418 22.40999984741211 31.479999542236328 AB 3.1347007050153204 1.12731984117074
61323.332 lsst_hardware_i 12.288977565109931 31.25 31.239999771118164 AB 3.226455858184622 1.1615705717693348
61326.3195 lsst_hardware_u -1.4685542713180146 2.6500000953674316 28.399999618530273 AB 6.100306358990751 1.148473114337763
