data/validation/pwv_sim_epoch_fit_epoch/13821308.ecsv
# %ECSV 0.9
# ---
# datatype:
# - {name: time, datatype: float64}
# - {name: band, datatype: string}
# - {name: flux, datatype: float64}
# - {name: fluxerr, datatype: float64}
# - {name: zp, datatype: float64}
# - {name: zpsys, datatype: string}
# - {name: pwv, datatype: float64}
# - {name: airmass, datatype: float64}
# meta: {SNID: '13821308', alt: 1024.0, c: -0.05722801387310028, dec: -12.48276, lat: -30.244573, lon: -70.7499537, ra: 174.375, t0: 61124.296875,
#   x0: 2.0704069173249177e-05, x1: -0.7314021587371826, z: 0.33803051710128784}
# schema: astropy-2.0
time band flux fluxerr zp zpsys pwv airmass
61057.3653 lsst_hardware_g 13.75348366342534 23.059999465942383 31.59000015258789 AB 2.415800323455689 1.0503479667198647
61063.35 lsst_hardware_r -18.356277077017456 23.8700008392334 31.5 AB 9.771335624620862 1.0506812499592324
61063.3691 lsst_hardware_y 46.90034187099792 56.43000030517578 30.049999237060547 AB 9.965704796373622 1.063859599292627
61065.3518 lsst_hardware_z 8.940790919805568 41.63999938964844 30.950000762939453 AB 10.176085026397427 1.054061461517213
61065.3727 lsst_hardware_y 36.537329997441866 57.380001068115234 30.049999237060547 AB 10.309076892422176 1.0750753689846857
61067.2866 lsst_hardware_u -0.09090816125772432 2.690000057220459 28.3799991607666 AB 12.48680153565903 1.0850697237237559
61067.3048 lsst_hardware_g 2.220480336963492 14.760000228881836 31.440000534057617 AB 12.536177896444057 1.0611289907266004
61071.3176 lsst_hardware_r -10.407994436328709 56.33000183105469 31.6299991607666 AB 11.284671651294705 1.0492488750622693
61071.3351 lsst_hardware_y 10.975378791790986 50.09000015258789 30.040000915527344 AB 12.217852563922966 1.0538688238001468
61074.3241 lsst_hardware_i 38.351776717394614 89.68000030517578 31.34000015258789 AB 9.83640409968145 1.0523594842924502
61074.3426 lsst_hardware_z -61.26056943737415 76.52999877929688 30.989999771118164 AB 11.397352663215866 1.0678344156666957
61076.2988 lsst_hardware_z -36.72903061736775 74.9000015258789 30.989999771118164 AB 6.864470027359918 1.050041305429308
61076.3179 lsst_hardware_r -106.00770271892549 103.83999633789062 31.649999618530273 AB 6.908906836993709 1.0520109892894778
61078.3087 lsst_hardware_z 48.37056934351954 79.41000366210938 31.719999313354492 AB 3.968765251231477 1.0505632324086027
61090.2756 lsst_hardware_g 7.94727587048602 14.930000305175781 31.469999313354492 AB 2.6521341651400303 1.0504541697752372
61090.2923 lsst_hardware_i -29.63941759495465 31.350000381469727 31.260000228881836 AB 2.7659739731447717 1.0607762121360582
61094.2696 lsst_hardware_u -2.9944778937528307 2.619999885559082 28.34000015258789 AB 11.234236528758693 1.052403927813895
61094.2869 lsst_hardware_g 0.06582376628758328 14.819999694824219 31.43000030517578 AB 11.402026198369525 1.0665402405558924
61096.2498 lsst_hardware_r 35.761140458043975 23.700000762939453 31.5 AB 9.029392986906497 1.049217738383635
61096.2673 lsst_hardware_i -13.69845837497461 31.260000228881836 31.25 AB 9.321698679555713 1.0541330633897674
61097.1347 lsst_hardware_z 9.676952929601697 49.7599983215332 30.920000076293945 AB 7.130344343434227 1.339534913288414
61099.2505 lsst_hardware_r -129.28588827505382 77.14163118440173 32.38999938964844 AB 5.76244642444171 1.0502955298353613
61099.269 lsst_hardware_z 39.258965552628425 70.31661881558956 31.719999313354492 AB 5.804337989211597 1.0619957898109227
61101.2437 lsst_hardware_z -2.4118498336432057 75.96068210077306 30.989999771118164 AB 3.398324612354059 1.0499458122618102
61101.2615 lsst_hardware_i -218.9039616281702 87.30939135118298 31.329999923706055 AB 3.678782477120038 1.0600660293305268
61105.2431 lsst_hardware_y 196.2800236253171 84.93678845373 30.799999237060547 AB 8.322760973695994 1.0543593142640928
61107.2313 lsst_hardware_r 1075.5992411093216 71.50519604936262 31.639999389648438 AB 11.34325661392083 1.0511775195923272
61107.2487 lsst_hardware_i 762.9228657024879 61.141932382856325 31.309999465942383 AB 11.466160160746634 1.0635607820064719
61109.2285 lsst_hardware_z 1005.7339858740921 54.677515551188186 30.959999084472656 AB 10.61677307938615 1.0523291176105083
61109.2467 lsst_hardware_r 1815.4768736228807 57.45950726242908 31.600000381469727 AB 10.754406488844428 1.0674172293769593
61111.2295 lsst_hardware_u 37.05238523565745 7.7834473857646005 28.760000228881836 AB 7.816109295022197 1.0562309858138104
61111.2495 lsst_hardware_r 2543.7269240463356 57.55209897849187 31.540000915527344 AB 7.981481006224131 1.0785785143546123
61113.2322 lsst_hardware_i 2428.6685431224164 57.71214041757552 31.260000228881836 AB 11.995733392852872 1.0634358292152313
61113.2509 lsst_hardware_z 1912.8471902844205 59.8476947151435 30.950000762939453 AB 11.857728006517789 1.0900233342644312
61114.2057 lsst_hardware_z 2185.5894710344805 61.19517962539531 30.950000762939453 AB 10.771034634227 1.0494674862838909
61114.2241 lsst_hardware_r 3873.5461863954024 66.69808353625228 31.510000228881836 AB 9.793426238260988 1.0584055158609087
61116.2039 lsst_hardware_u 41.519820994788795 7.676088125624118 28.43000030517578 AB 8.973945919287495 1.0502394381626936
61116.222 lsst_hardware_g 3561.615706768502 61.98298426139823 31.440000534057617 AB 8.735503340954164 1.0614220341377885
61118.2023 lsst_hardware_r 5500.452899663656 78.16214260595008 31.510000228881836 AB 6.627653965286579 1.0515912677963415
61118.2217 lsst_hardware_i 3806.5292529089347 69.18047602334141 31.239999771118164 AB 7.1755271972181 1.0669135673508439
61120.2023 lsst_hardware_z 2960.3120408551717 68.07364077665704 30.950000762939453 AB 5.588599317580178 1.0544527014302223
61120.2214 lsst_hardware_r 6091.216172720964 81.26669558957435 31.5 AB 6.088715200606895 1.0734688294440882
61122.2006 lsst_hardware_u 44.91565450948171 7.118403110951129 28.459999084472656 AB 7.215341023111588 1.0570766616286251
61122.221 lsst_hardware_r 6214.756920795544 83.66238635481581 31.510000228881836 AB 6.988947478829786 1.080960092619254
61126.1832 lsst_hardware_r 6860.773315562215 89.27637690777671 31.579999923706055 AB 7.097864445635308 1.0528873287631488
61126.2015 lsst_hardware_z 3102.214767674386 70.60650906043824 30.950000762939453 AB 7.196069890553574 1.068881995923209
61128.1785 lsst_hardware_y 869.3630764117908 57.96924323037925 30.049999237060547 AB 6.9282353061440425 1.0532968083125793
61128.1952 lsst_hardware_r 6927.8211196457305 107.69222348557804 31.639999389648438 AB 7.030979853284852 1.0678617673638555
61130.1684 lsst_hardware_i 5029.45244206084 125.28748027646782 31.34000015258789 AB 4.8841812766935115 1.0511339034115466
61130.1862 lsst_hardware_z 2979.270906786376 104.20663142879133 30.989999771118164 AB 4.9644588478758 1.063869603273561
61133.1707 lsst_hardware_r 5818.029888898526 147.31420008499566 31.649999618530273 AB 6.678549379935485 1.0571785637297622
61133.1894 lsst_hardware_z 2584.5580088894612 99.48204647639626 30.989999771118164 AB 6.73575445022832 1.0785260114583843
61135.1705 lsst_hardware_r 5214.569335238033 103.27184977252578 31.649999618530273 AB 7.850396303808452 1.0617850573774716
61135.1894 lsst_hardware_i 4372.816077085808 89.23029589484142 31.31999969482422 AB 8.041064325848158 1.087463056283846
61137.1691 lsst_hardware_z 2174.0466302745335 65.90797643450045 30.959999084472656 AB 10.90864447353973 1.0660781308125806
61137.1887 lsst_hardware_i 3803.909777759567 75.3870554824399 31.290000915527344 AB 11.093888429853333 1.0963152832327823
61139.1414 lsst_hardware_r 3665.543834331655 67.25175584859561 31.549999237060547 AB 7.316534290342847 1.050320742225502
61139.1591 lsst_hardware_u 17.61740046858398 6.082900863400637 28.799999237060547 AB 7.260498844262321 1.0613212752905015
61142.1543 lsst_hardware_r 2808.7922894536255 58.51616587808569 31.520000457763672 AB 6.708226802477607 1.0647979051551757
61142.1711 lsst_hardware_i 2892.4180447992494 62.521037251196084 31.260000228881836 AB 7.077867409149363 1.0889026783306712
61148.1283 lsst_hardware_r 1748.597841072184 48.574764854873 31.510000228881836 AB 12.375718382878881 1.0560988521870758
61148.1457 lsst_hardware_g 588.5993103482791 28.89946904052422 31.450000762939453 AB 12.63480904145004 1.0745103505031783
61150.1237 lsst_hardware_r 1578.0666035652837 46.05769382361121 31.510000228881836 AB 7.226110351034915 1.0567321188966217
61150.1405 lsst_hardware_i 2298.6427925160833 56.69321660630805 31.25 AB 7.022270310296744 1.0748784229442572
61154.1109 lsst_hardware_z 1595.3244526808448 58.633257752991 30.950000762939453 AB 9.639366793427062 1.055385864501786
61154.1305 lsst_hardware_g 339.1890424048751 31.795220439602957 31.59000015258789 AB 10.46292389002064 1.0762018315711455
61160.1119 lsst_hardware_z 1332.8811429197483 95.33598783330108 31.0 AB 11.190050739094694 1.0730773627823833
61160.1298 lsst_hardware_r 950.1137132641626 135.50705421081426 31.649999618530273 AB 11.556270397437938 1.1043308707953499
61164.0865 lsst_hardware_z 1103.0696144549831 64.46635651589727 30.979999542236328 AB 12.472967945071803 1.0575240955590997
61164.1038 lsst_hardware_i 1355.564078858842 69.44930729912517 31.31999969482422 AB 12.754897819191859 1.077089834419174
61167.0739 lsst_hardware_u 3.9719468235051543 3.6370025375729833 28.530000686645508 AB 6.710231406031931 1.054404683537387
61167.0936 lsst_hardware_g 248.35437182942286 33.51948970035232 31.6299991607666 AB 7.189352535316401 1.0742000725137502
61169.0469 lsst_hardware_r 535.8021796664857 33.07561694755777 31.5 AB 9.346996412241161 1.0495953449889013
61169.0587 lsst_hardware_i 1060.4372363683776 44.2161042238494 31.25 AB 9.366653405410522 1.0501026828566409
61171.0742 lsst_hardware_z 762.8633494756739 49.900022730060265 30.950000762939453 AB 8.222389499206585 1.0638131966628823
61171.0933 lsst_hardware_u 3.8449555856287962 3.590454352026638 28.450000762939453 AB 8.59658032487801 1.0914213578211576
61174.0355 lsst_hardware_g 153.91024091595102 19.271193842097283 31.450000762939453 AB 6.1848136280514066 1.0492961153753924
61174.0552 lsst_hardware_r 478.1437917994511 32.402584672367944 31.510000228881836 AB 6.731759211831752 1.054666299474907
61176.0043 lsst_hardware_r 444.9969514683803 32.12879906795013 31.5 AB 5.59221244277794 1.064017969419767
61176.0248 lsst_hardware_i 814.8255557783484 42.322899327297755 31.25 AB 5.499798435785351 1.0502813779786788
61180.0083 lsst_hardware_u 23.142916723405737 4.989331456199628 28.450000762939453 AB 7.361957906480175 1.0524474914256692
61180.029 lsst_hardware_g 96.57904668150097 18.48461771419253 31.450000762939453 AB 7.332530525173233 1.050192353071299
61180.9917 lsst_hardware_r 435.91682697087685 32.60245096129388 31.520000457763672 AB 7.522815208941889 1.0629198458413514
61181.0063 lsst_hardware_i 759.7078606854678 41.98507626840304 31.260000228881836 AB 6.991189639042188 1.0520977635879893
61185.9921 lsst_hardware_z 506.9858230070636 68.9945554625935 30.989999771118164 AB 6.075789665511881 1.0523581303389606
61186.0113 lsst_hardware_r 461.98823689524266 86.56420177466335 31.65999984741211 AB 5.974432878861266 1.04986519661339
61187.9923 lsst_hardware_i 691.9984065022123 78.11852369442094 31.34000015258789 AB 6.789062585194956 1.0502069123976785
61188.0109 lsst_hardware_z 383.95531937114134 69.99406408784442 30.989999771118164 AB 7.395288758746905 1.0514753149322247
61189.9895 lsst_hardware_i 537.9571899490659 77.10652610433019 31.329999923706055 AB 9.927175264522992 1.0496061814890376
61190.0089 lsst_hardware_z 381.886112222665 67.82356991880641 30.989999771118164 AB 10.211100290955708 1.0531250300077688
61196.9631 lsst_hardware_y -125.90025125082659 48.279998779296875 30.040000915527344 AB 4.5230650113238635 1.0518755840288054
61196.9826 lsst_hardware_i -48.63757242435099 31.479999542236328 31.239999771118164 AB 4.515853609404474 1.050198513814994
61418.3586 lsst_hardware_z 82.44032455004385 75.12000274658203 31.719999313354492 AB 4.411302948951615 1.051186214452908
61420.3625 lsst_hardware_g 6.087304565649172 20.780000686645508 31.56999969482422 AB 5.665646557939322 1.0491938070258002
61422.3593 lsst_hardware_i 33.75361018418494 32.93000030517578 31.270000457763672 AB 2.413152133538068 1.04919657979916
61424.3576 lsst_hardware_i 11.303148336112866 32.06999969482422 31.260000228881836 AB 6.4670500363204795 1.0496185949448926
61426.3454 lsst_hardware_g -35.53014367318299 45.810001373291016 31.700000762939453 AB 11.819221312828725 1.049229565558566
61426.3646 lsst_hardware_y 24.032425532760982 51.08000183105469 30.049999237060547 AB 11.865047373805002 1.0547646345279607
61428.3491 lsst_hardware_i 147.51110531875264 79.3499984741211 31.34000015258789 AB 9.840571596053959 1.0501650494695074
61428.369 lsst_hardware_y 226.27756015750376 65.16999816894531 30.059999465942383 AB 10.050866152159404 1.0629931680452158
61430.33 lsst_hardware_z 38.11681798493431 102.51000213623047 31.75 AB 10.28898243715789 1.0498961670569273
61432.3313 lsst_hardware_r 152.5644784431735 74.20999908447266 31.649999618530273 AB 12.447369906239699 1.0491714351179786
61432.3491 lsst_hardware_i -85.68342051021197 64.30000305175781 31.329999923706055 AB 11.592276360915754 1.0553463746167955
61434.3256 lsst_hardware_z -64.31958356946974 46.130001068115234 30.969999313354492 AB 11.593827107353329 1.0491676491881208
61434.3425 lsst_hardware_r 48.70671377826304 40.790000915527344 31.6200008392334 AB 12.129609742096507 1.0545958332499499
61436.3218 lsst_hardware_z 49.965214271431854 42.529998779296875 30.959999084472656 AB 11.274259698478803 1.0492319581655898
61436.3392 lsst_hardware_g 20.131489191065928 19.770000457763672 31.549999237060547 AB 12.277556400473587 1.0560581808163074
61438.3255 lsst_hardware_r 4.672627933683589 24.290000915527344 31.530000686645508 AB 8.79775258204678 1.0514194899368723
61438.3436 lsst_hardware_z -49.648259235570094 42.060001373291016 30.950000762939453 AB 10.44482324597153 1.065010400058272
61440.2998 lsst_hardware_i 45.31038368636653 31.350000381469727 31.270000457763672 AB 8.201743948611233 1.0507198396854447
61440.3197 lsst_hardware_r -16.39372846739239 23.829999923706055 31.520000457763672 AB 8.109764964991395 1.0512820522836421
61442.2924 lsst_hardware_u 0.646244084629289 2.950000047683716 28.600000381469727 AB 3.460048413547703 1.0514467563769903
61442.3107 lsst_hardware_g 12.557316273559179 15.09000015258789 31.479999542236328 AB 3.4926737500000393 1.05011237221893
61443.2971 lsst_hardware_r 40.21602985272207 23.639999389648438 31.520000457763672 AB 3.9061836770247726 1.0494146489421439
61443.3153 lsst_hardware_i -2.3079759075535122 31.239999771118164 31.260000228881836 AB 4.033443878324087 1.0530497691597382
61445.2524 lsst_hardware_z 101.46023282725659 42.06999969482422 30.950000762939453 AB 5.733677092007201 1.0840245955489372
61445.271 lsst_hardware_r -8.641659882484218 23.670000076293945 31.510000228881836 AB 5.60665917728024 1.0601605705361117
61450.2806 lsst_hardware_r 23.69608651779996 23.59000015258789 31.5 AB 3.5001612254742933 1.0491827918390493
61450.2982 lsst_hardware_z -24.096403482202962 41.720001220703125 30.950000762939453 AB 2.753582877417015 1.0542047769590825
61454.2722 lsst_hardware_z 31.74492001081158 49.70000076293945 30.969999313354492 AB 5.024082962731912 1.049197653280132
61454.2901 lsst_hardware_r 79.66930944383844 43.970001220703125 31.610000610351562 AB 5.009001960361292 1.0560830614297476
61456.2649 lsst_hardware_i 19.667812701117253 86.77999877929688 31.34000015258789 AB 2.8552941196278807 1.0491619032253832
61456.2821 lsst_hardware_z 6.060624506722533 75.38999938964844 30.989999771118164 AB 2.873351705358356 1.0543765049324283
61458.2666 lsst_hardware_r -62.45482474214106 140.17999267578125 31.65999984741211 AB 9.771477183986182 1.0500002346816106
61458.2844 lsst_hardware_z 48.818315359795584 96.16000366210938 31.0 AB 9.828847684935454 1.0603618762516673
61460.2587 lsst_hardware_z 42.72797853970539 69.63999938964844 30.989999771118164 AB 10.369338673945123 1.0495016496490597
61460.2766 lsst_hardware_i 131.53945904395715 77.45999908447266 31.329999923706055 AB 10.46972580004777 1.0583141803036984
61462.2703 lsst_hardware_z -11.641801666339601 50.38999938964844 30.969999313354492 AB 6.8471871554458055 1.0576303706489936
61462.2871 lsst_hardware_r 24.651889999987706 53.33000183105469 31.6299991607666 AB 6.983805638758145 1.076570976493002
61464.2429 lsst_hardware_r -30.03220867045652 32.220001220703125 31.56999969482422 AB 5.542900972987547 1.0491626183136782
61464.2599 lsst_hardware_y -27.71538238455223 47.849998474121094 30.040000915527344 AB 5.775882887232669 1.0541535307496885
