data/validation/pwv_sim_epoch_fit_epoch/13874604.ecsv
# %ECSV 0.9
# ---
# datatype:
# - {name: time, datatype: float64}
# - {name: band, datatype: string}
# - {name: flux, datatype: float64}
# - {name: fluxerr, datatype: float64}
# - {name: zp, datatype: float64}
# - {name: zpsys, datatype: string}
# - {name: pwv, datatype: float64}
# - {name: airmass, datatype: float64}
# meta: {SNID: '13874604', alt: 1024.0, c: 0.10391247272491455, dec: -50.480045, lat: -30.244573, lon: -70.7499537, ra: 8.70283, t0: 60894.35546875,
#   x0: 3.5994634523108234e-06, x1: -0.48413369059562683, z: 0.7020859718322754}
# schema: astropy-2.0
time band flux fluxerr zp zpsys pwv airmass
[from data line 133]
61309.2873 lsst_hardware_z 119.76025774914582 69.63999938964844 30.969999313354492 AB 3.62443617843347 1.1478210213554745
61311.3114 lsst_hardware_r -3.351070529036677 81.62999725341797 31.610000610351562 AB 4.602599760651078 1.2288892205370234
61311.323 lsst_hardware_z 17.665614655106904 61.70000076293945 30.950000762939453 AB 4.813625099461336 1.2705886497193082
61313.3043 lsst_hardware_r -29.924654188579918 54.0099983215332 31.59000015258789 AB 4.5951102087589915 1.2234867093813464
61313.3154 lsst_hardware_i 26.649740708980794 48.130001068115234 31.260000228881836 AB 4.737250135232875 1.262425086004868
61315.3047 lsst_hardware_z 22.75779399492871 46.95000076293945 30.940000534057617 AB 3.974366048205251 1.2433493033647363
61315.3157 lsst_hardware_i 84.60773375479556 39.459999084472656 31.25 AB 4.093346878926685 1.28492629871094
61317.3075 lsst_hardware_u -1.4957166506908246 3.3299999237060547 28.450000762939453 AB 3.434763979624212 1.2740222476350935
61317.3185 lsst_hardware_g 28.707597988668585 20.09000015258789 31.459999084472656 AB 3.51630651239993 1.3201826590576047
61319.2487 lsst_hardware_u -2.2264470757867754 2.5999999046325684 28.350000381469727 AB 5.459492695004274 1.1250500127086702
61319.2603 lsst_hardware_g 6.793462642433884 13.289999961853027 31.360000610351562 AB 6.736398889566437 1.1484945183605082
61321.2417 lsst_hardware_r 12.087735085670936 22.209999084472656 31.469999313354492 AB 3.7539675922823483 1.122262359426711
61321.2524 lsst_hardware_i 8.590727596053561 30.829999923706055 31.229999542236328 AB 4.295003060269648 1.143200175743851
61325.2452 lsst_hardware_u 0.9426879987832323 2.5999999046325684 28.360000610351562 AB 6.332488449847364 1.1513615363358845
61325.2572 lsst_hardware_r -30.343676398354848 22.25 31.459999084472656 AB 6.387235557787364 1.1809624771724812
61326.2779 lsst_hardware_z -41.00929200724997 44.040000915527344 30.93000030517578 AB 6.988129205087012 1.2549768102520824
61326.289 lsst_hardware_i -30.70791186839577 32.2599983215332 31.219999313354492 AB 7.228896570082062 1.29872082583747
61328.2426 lsst_hardware_r 10.373755234917462 22.459999084472656 31.469999313354492 AB 7.421839721885233 1.1645146007142102
61328.2523 lsst_hardware_u 0.121684575272022 2.6500000953674316 28.3799991607666 AB 7.518465739052416 1.1900072394827355
61332.18 lsst_hardware_g -28.585021332682814 31.229999542236328 31.639999389648438 AB 2.808270339955841 1.0802424695304345
61332.1909 lsst_hardware_r -21.434594847097607 34.97999954223633 31.579999923706055 AB 2.8133370056876053 1.0915336437728753
61340.2144 lsst_hardware_i 72.8115836436158 62.790000915527344 31.299999237060547 AB 3.5882317343956 1.176083819861257
61340.2251 lsst_hardware_z -83.15917796251202 59.220001220703125 30.959999084472656 AB 3.8142117591816644 1.2062655784891803
61342.2241 lsst_hardware_r -111.59031678312064 55.0 31.600000381469727 AB 4.007550644983561 1.220202165325351
61342.2352 lsst_hardware_z -29.992946937180346 51.75 30.950000762939453 AB 4.131032387080579 1.2586296817388654
61355.0711 lsst_hardware_i -13.270824544005029 30.030000686645508 31.239999771118164 AB 3.7282187254246115 1.0662716217430606
61355.0827 lsst_hardware_z 37.42315879350037 41.04999923706055 30.950000762939453 AB 3.709882133224473 1.0647832001601607
61358.1486 lsst_hardware_u 2.787986942314434 2.609999895095825 28.350000381469727 AB 5.68407503198087 1.137440598725473
61358.1597 lsst_hardware_g -10.017804981419518 13.329999923706055 31.360000610351562 AB 5.806209838417944 1.1621329362680368
61360.1556 lsst_hardware_r -4.548233419360567 25.399999618530273 31.489999771118164 AB 6.896090402988711 1.1654543318903143
61360.169 lsst_hardware_z 14.695829361977179 43.369998931884766 30.93000030517578 AB 6.651390830869381 1.201805191231255
61362.1533 lsst_hardware_r -44.493655933860936 39.650001525878906 31.56999969482422 AB 5.446154174323941 1.1734240073956443
61362.1658 lsst_hardware_y 37.55327006822577 50.09000015258789 29.989999771118164 AB 5.609546525222711 1.208628392183967
61363.0779 lsst_hardware_z 65.21684574245315 67.4800033569336 31.709999084472656 AB 5.039669221765848 1.068669918027723
61365.0567 lsst_hardware_z 87.50020970775618 51.84000015258789 30.969999313354492 AB 4.098526201935521 1.0648288391623129
61365.0685 lsst_hardware_r 33.04481099641297 59.900001525878906 31.6299991607666 AB 4.135835251006274 1.067128730800621
61367.0549 lsst_hardware_i -62.76164991715414 58.34000015258789 31.31999969482422 AB 7.253913406969696 1.0651724878995161
61367.0671 lsst_hardware_z -56.146521816298375 55.66999816894531 30.969999313354492 AB 7.281497075103151 1.068725949451899
61369.0604 lsst_hardware_i -57.67250119611909 57.65999984741211 31.309999465942383 AB 5.517943301873691 1.0681957737382122
61369.0736 lsst_hardware_z -16.722757329047223 55.5099983215332 30.969999313354492 AB 5.588543927867007 1.0758579127668166
61371.0539 lsst_hardware_g 3.750509444552294 13.390000343322754 31.40999984741211 AB 3.8326213903150523 1.0677808479705129
61371.0662 lsst_hardware_r 16.421646801966745 22.200000762939453 31.489999771118164 AB 3.892029198454497 1.0744536298302036
61373.0971 lsst_hardware_i -22.06437334115035 30.690000534057617 31.229999542236328 AB 5.603784511323626 1.1177204284341689
61373.1098 lsst_hardware_r -10.199623964779109 22.549999237060547 31.469999313354492 AB 5.73265638093248 1.1419255099630021
