data/validation/pwv_sim_epoch_fit_epoch/13956977.ecsv
# %ECSV 0.9
# ---
# datatype:
# - {name: time, datatype: float64}
# - {name: band, datatype: string}
# - {name: flux, datatype: float64}
# - {name: fluxerr, datatype: float64}
# - {name: zp, datatype: float64}
# - {name: zpsys, datatype: string}
# - {name: pwv, datatype: float64}
# - {name: airmass, datatype: float64}
# meta: {SNID: '13956977', alt: 1024.0, c: -0.13782860338687897, dec: -58.540249, lat: -30.244573, lon: -70.7499537, ra: 5.029412, t0: 59861.00390625,
#   x0: 2.1537641672572657e-06, x1: 0.8563861846923828, z: 0.8633062839508057}
# schema: astropy-2.0
time band flux fluxerr zp zpsys pwv airmass
59842.2775 lsst_hardware_u 0.0027663773921643964 2.7115868206586438 28.31999969482422 AB 8.159342186994504 1.182513360433986
59842.2895 lsst_hardware_g 24.030414477408605 13.747953581334968 31.34000015258789 AB 8.302005163772462 1.203189154169922
59844.2781 lsst_hardware_r 325.08737748558457 29.770239827265403 31.469999313354492 AB 1.960985564117071 1.1924509359179514
59844.2914 lsst_hardware_z 270.6529399871291 46.73023420986237 30.940000534057617 AB 2.0290651100564143 1.217926236528006
59850.3035 lsst_hardware_g 124.52854656797847 17.46753908054666 31.299999237060547 AB 4.877988931629555 1.2912703427943761
59850.3155 lsst_hardware_r 556.3588338774675 32.968222546761645 31.420000076293945 AB 5.041282439233164 1.3309145349320475
59853.2497 lsst_hardware_g 134.63773035793702 17.52543161009016 31.329999923706055 AB 4.985230981589651 1.186065501785872
59853.2613 lsst_hardware_r 610.7995915474274 33.53398564161715 31.440000534057617 AB 5.694099511692189 1.206717895950644
59858.2491 lsst_hardware_z 564.2509391449966 62.2452279256012 30.959999084472656 AB 5.760820205094656 1.2095787104762015
59858.2597 lsst_hardware_r 691.5249829859359 73.16684086903743 31.600000381469727 AB 7.370624848752455 1.2323742257910242
59860.2508 lsst_hardware_i 773.485047218933 78.12494806456435 31.299999237060547 AB 4.635929447986603 1.2246005409843983
59860.2619 lsst_hardware_r 700.4169364165439 95.0838317009297 31.610000610351562 AB 4.7306669224821505 1.251057895578711
59862.2431 lsst_hardware_z 1031.267913217598 98.10936531736982 31.719999313354492 AB 3.2284430612686186 1.2197379489713007
59864.2444 lsst_hardware_r 475.1827926655779 71.03440923667436 31.59000015258789 AB 6.791970440919382 1.2349037165307968
59864.2556 lsst_hardware_i 804.0043137421878 62.11241346553361 31.280000686645508 AB 6.9104411208437515 1.2632770204001906
59867.2415 lsst_hardware_z 551.8162760600085 52.93997401497107 30.940000534057617 AB 7.950507680712548 1.247790899405579
59867.2526 lsst_hardware_r 471.10249862526143 48.929209473324875 31.56999969482422 AB 8.081350801204366 1.277885958444713
59869.2262 lsst_hardware_i 598.4728816070062 40.51451801165926 31.219999313354492 AB 6.441442121884038 1.2245505673464983
59869.2377 lsst_hardware_u 0.23844490366642399 3.1299067048413676 28.3700008392334 AB 6.541526794417117 1.2520267561925675
59871.1798 lsst_hardware_u 0.982009628485211 2.6749383858637032 28.360000610351562 AB 2.9865524820626472 1.1582518836776292
59871.1897 lsst_hardware_g 47.56145179848381 14.7910132301245 31.350000381469727 AB 3.0393861379633886 1.1701197836240187
59873.1783 lsst_hardware_r 270.569475774602 28.745880205170995 31.479999542236328 AB 3.0017064898862538 1.1627010290069415
59873.189 lsst_hardware_i 563.2676111473663 39.3563930080562 31.239999771118164 AB 2.9798837196158368 1.1767343897392355
59875.2176 lsst_hardware_u 4.036662510321129 2.5215406401846496 28.219999313354492 AB 4.384593171249591 1.2426811066366343
59875.2282 lsst_hardware_g 9.790347054327407 14.340117322381191 31.309999465942383 AB 4.447453636973019 1.2705800315130993
59877.2145 lsst_hardware_r 250.56563634381106 27.685152455506234 31.459999084472656 AB 5.611900222604111 1.2485687235103737
59877.2265 lsst_hardware_i 512.0681533206647 38.83438523735201 31.219999313354492 AB 5.724961723350338 1.2814209632209963
59879.1566 lsst_hardware_r 255.3861838030824 27.11219570048604 31.479999542236328 AB 4.309181261302218 1.1568271842422062
59879.1674 lsst_hardware_i 405.050926973957 38.0945822038463 31.239999771118164 AB 2.8648483726864336 1.169524765172213
59883.1617 lsst_hardware_z 325.54417516646777 47.62023482064402 30.950000762939453 AB 4.2892548963693 1.1767503145046092
59883.1731 lsst_hardware_g 47.87696701519708 18.18388809582747 31.469999313354492 AB 4.114046111300387 1.1950751231083185
59885.2034 lsst_hardware_i 304.9217136974685 47.70404319334891 31.25 AB 4.558698481114633 1.2777516589207858
59885.214 lsst_hardware_r 240.02807489462353 45.75339586200007 31.549999237060547 AB 5.6982715294238915 1.31062538771178
59887.2082 lsst_hardware_z 613.6700851628171 84.5549489039012 31.700000762939453 AB 6.100567153762761 1.3095092631146186
59898.0907 lsst_hardware_u 0.7740180997858561 2.6553983431338124 28.389999389648438 AB 4.807718494459944 1.1446948796333198
59898.0978 lsst_hardware_r 90.69163274279583 23.888377083073554 31.469999313354492 AB 4.831033020490952 1.1502459572597503
59899.051 lsst_hardware_g 14.539675870396506 13.44484007437093 31.360000610351562 AB 6.783133860221158 1.1349992515290017
59899.0635 lsst_hardware_i 131.32733403984702 33.2669428166483 31.229999542236328 AB 6.781476672633292 1.1347219598360128
59901.0535 lsst_hardware_z 161.93372361080947 43.66651833463689 30.940000534057617 AB 7.411075914864859 1.134406232185039
59901.0664 lsst_hardware_r 52.9954640435892 23.56177008228473 31.469999313354492 AB 7.312602388291865 1.136556168525423
59903.0532 lsst_hardware_u -0.7689309357168252 2.5643271098145424 28.299999237060547 AB 7.489336292982041 1.1348052365750083
59903.0649 lsst_hardware_g 8.58804751108262 13.73040219038932 31.360000610351562 AB 7.538923438423563 1.1379936508433355
59905.0567 lsst_hardware_r 62.614022125959586 23.491543082910002 31.459999084472656 AB 4.942378575815509 1.1369630954258605
59905.0704 lsst_hardware_i 86.51999038938096 32.693760403485456 31.229999542236328 AB 5.036552454809092 1.1438910867158307
59907.0574 lsst_hardware_z 198.3881140538921 43.72782804352584 30.940000534057617 AB 8.597015015974852 1.1395327640137474
59907.0706 lsst_hardware_r 69.11389900180883 23.39088915821391 31.469999313354492 AB 8.722563233329137 1.1480581625932265
59911.0995 lsst_hardware_i 43.857290553822324 33.73552834212719 31.229999542236328 AB 4.669797478777701 1.2002563773420223
59911.1116 lsst_hardware_z 136.9093765629079 45.476988787370615 30.93000030517578 AB 4.692496296830817 1.2247684783793675
60127.4444 lsst_hardware_z 81.07880275363122 112.02999877929688 30.989999771118164 AB 8.311708706639408 1.1357896565509134
60133.4087 lsst_hardware_z 103.86307429855368 112.08999633789062 30.989999771118164 AB 1.7907226243725258 1.1349850257471246
60133.4203 lsst_hardware_y 249.60017483194866 120.69999694824219 30.049999237060547 AB 2.499907312726732 1.1344307878054158
60140.4262 lsst_hardware_g 2.308153599239076 91.08000183105469 31.690000534057617 AB 5.238834483918604 1.143871136793305
60140.4374 lsst_hardware_i 12.374417344476806 90.51000213623047 31.31999969482422 AB 5.290231113096915 1.1529116349847082
60142.4295 lsst_hardware_z 11.834161363949137 112.02999877929688 30.989999771118164 AB 3.1862365628225544 1.1506813155733313
60142.4414 lsst_hardware_r -136.22971969166898 82.58999633789062 31.6200008392334 AB 3.2365048481196066 1.1629553891913784
60144.43 lsst_hardware_u -33.6095154304536 29.850000381469727 29.420000076293945 AB 3.69850786706714 1.1563859928297466
60144.4417 lsst_hardware_g 51.39369213894832 90.7300033569336 31.68000030517578 AB 3.6012434155987525 1.1701847004382624
60147.42 lsst_hardware_z -173.83790167406897 112.01000213623047 30.989999771118164 AB 5.7727999689524125 1.1545599937904825
60147.4317 lsst_hardware_r 0.16933145735078303 82.63999938964844 31.6299991607666 AB 5.839098763495334 1.1678197526990668
60153.4283 lsst_hardware_r -13.623932585921493 82.26000213623047 31.6200008392334 AB 4.2721161406006445 1.1866989279446234
60153.4386 lsst_hardware_u 30.853304251734016 28.959999084472656 29.350000381469727 AB 4.337918396570484 1.20497733238069
60158.4021 lsst_hardware_y 238.0409184312579 169.63999938964844 30.790000915527344 AB 2.1912836814834615 1.1683730639741197
60160.1368 lsst_hardware_z -275.2330303497611 214.35000610351562 32.400001525878906 AB 2.5059119901487095 1.8153301468025664
60162.4059 lsst_hardware_z -8.912541075344292 111.66999816894531 30.979999542236328 AB 3.4257832332028593 1.1903002229039672
60162.4184 lsst_hardware_r 64.32663238200709 82.06999969482422 31.610000610351562 AB 3.4132114725352976 1.2136582218331033
60164.3961 lsst_hardware_z 27.41601116905032 111.68000030517578 30.979999542236328 AB 1.656518003220481 1.1832271451574865
60164.4074 lsst_hardware_r 168.67359836754187 82.0999984741211 31.610000610351562 AB 1.6838473807126433 1.2027481290804596
60165.3987 lsst_hardware_i -44.854648848963656 90.0199966430664 31.309999465942383 AB 4.585974666766938 1.1919878704124773
60165.4099 lsst_hardware_z 163.2100704815238 111.37999725341797 30.979999542236328 AB 4.751012566072023 1.2130244849545593
60168.3049 lsst_hardware_r 45.88288445896979 83.08999633789062 31.639999389648438 AB 2.854663777988384 1.1372784879606261
60168.3175 lsst_hardware_z -182.64993822205406 112.2699966430664 31.0 AB 2.8364120510642086 1.1344135652836456
60176.3692 lsst_hardware_u 17.36390183243632 28.989999771118164 29.350000381469727 AB 3.099167610288814 1.1929051617739854
60176.3799 lsst_hardware_g -61.036089253286825 89.48999786376953 31.649999618530273 AB 1.9776376493768215 1.213088574989616
60178.3291 lsst_hardware_g 48.77304781595225 91.31999969482422 31.700000762939453 AB 2.096108491028398 1.1488673560035068
60178.3394 lsst_hardware_r 87.13927026477467 82.80000305175781 31.6299991607666 AB 2.284652544328471 1.1587417807244993
60179.3721 lsst_hardware_z 214.90567245797197 111.41999816894531 30.979999542236328 AB 2.444267991685029 1.2138896618888526
60179.3828 lsst_hardware_r 136.90571762027116 81.76000213623047 31.600000381469727 AB 2.782416797808584 1.2376381338016138
60181.3786 lsst_hardware_u -5.641923966032004 28.520000457763672 29.31999969482422 AB 2.615960934577539 1.2406739077911022
60181.3906 lsst_hardware_r 123.99452636132145 81.43000030517578 31.59000015258789 AB 2.855524259944596 1.2722317932477594
60183.3645 lsst_hardware_i 225.10757620107967 89.86000061035156 31.299999237060547 AB 3.3541674162589152 1.2208811270051863
60183.3747 lsst_hardware_z 67.34888671971477 111.18000030517578 30.969999313354492 AB 3.3680413964840765 1.2445035336189467
60185.3059 lsst_hardware_r 118.54491883055053 82.52999877929688 31.6200008392334 AB 7.9945816968889325 1.1456701382025531
60185.3162 lsst_hardware_z -53.511593966686775 111.76000213623047 30.989999771118164 AB 8.059150660937172 1.1545096270756512
60193.0874 lsst_hardware_i 85.24585640245193 87.55000305175781 31.25 AB 1.9948282485339688 1.5211246732164723
60198.3018 lsst_hardware_z 18.079247898038833 111.54000091552734 30.979999542236328 AB 2.861838054570352 1.1809510541555786
60198.3129 lsst_hardware_r 75.94649585878373 81.94999694824219 31.610000610351562 AB 2.91751312853495 1.1996353324572133
60200.1172 lsst_hardware_z 134.6611050231001 191.82000732421875 32.15999984741211 AB 3.308458257677203 1.3069161594616643
60200.1266 lsst_hardware_i -83.34135745481397 154.72000122070312 32.47999954223633 AB 4.682590438041514 1.2779414431771245
60202.295 lsst_hardware_r -50.21947590844016 82.5199966430664 31.6200008392334 AB 2.135898690727749 1.1874900059642786
60202.3072 lsst_hardware_z 26.102792145946577 111.69999694824219 30.979999542236328 AB 2.1739207372272116 1.2096378024077965
60204.2988 lsst_hardware_r 136.60525841172853 82.08999633789062 31.610000610351562 AB 1.3355387041686237 1.2039110914981583
60204.3103 lsst_hardware_u 16.98062353311752 28.6299991607666 29.329999923706055 AB 1.3836265235583969 1.2277984384159755
60208.2755 lsst_hardware_u -13.852376610616167 29.1299991607666 29.360000610351562 AB 4.5718621037605125 1.1825055554505044
60208.2881 lsst_hardware_g -1.8453602178407544 89.62000274658203 31.649999618530273 AB 4.547874647798027 1.204336219211659
60210.2792 lsst_hardware_r 37.60674435334131 81.94999694824219 31.610000610351562 AB 2.0951838535587988 1.197932449147256
60210.2909 lsst_hardware_i 18.34681412631387 89.66000366210938 31.299999237060547 AB 2.1311006374228305 1.2211444775607392
60214.2733 lsst_hardware_z 213.5655605805846 157.91000366210938 31.739999771118164 AB 4.5983851882932925 1.2074006008385303
60216.2441 lsst_hardware_z -40.819901176463816 157.9199981689453 31.729999542236328 AB 5.385485858117849 1.1688520581916113
60222.2487 lsst_hardware_z 12.087721089141088 111.66999816894531 30.979999542236328 AB 8.059705357761421 1.202118753255075
60222.2606 lsst_hardware_u -16.108090922605022 28.989999771118164 29.350000381469727 AB 8.15360499233208 1.2265671293467217
60228.2436 lsst_hardware_i -76.03818700561672 89.94999694824219 31.299999237060547 AB 4.410706692830403 1.2251963035640008
60228.2543 lsst_hardware_u -42.97350352020416 28.68000030517578 29.329999923706055 AB 5.2202515204962285 1.2507341169203303
60237.0986 lsst_hardware_r 8.468068744534214 117.02999877929688 32.380001068115234 AB 3.6824525620388164 1.1478072351091144
60237.1101 lsst_hardware_i 186.38673667492245 128.1699981689453 32.06999969482422 AB 3.712500702174422 1.1402029183582376
60239.2222 lsst_hardware_g 2.7595448470823176 89.4000015258789 31.649999618530273 AB 3.0131329571209107 1.2455251631229303
60239.2333 lsst_hardware_r 18.568434747408833 81.47000122070312 31.59000015258789 AB 3.0920333170129624 1.2752844063984694
60241.2184 lsst_hardware_i 99.36506123162341 89.5199966430664 31.290000915527344 AB 2.1176378786942305 1.2497125279989556
60241.2289 lsst_hardware_z 16.2608200632524 110.8499984741211 30.969999313354492 AB 2.298483543128527 1.2783556969569116
60243.1611 lsst_hardware_i 115.17366424276192 90.41999816894531 31.31999969482422 AB 2.985044334328823 1.1578915183587366
60243.1727 lsst_hardware_z -92.52154605124653 111.75 30.989999771118164 AB 1.4817591251253395 1.1719687253829354
60245.2164 lsst_hardware_z -89.7750406870473 111.16999816894531 30.969999313354492 AB 3.368796855818988 1.2738077347437564
60245.2275 lsst_hardware_r 188.45355073844576 81.37000274658203 31.59000015258789 AB 3.528386605615361 1.3077785788048037
60247.1629 lsst_hardware_g -77.64926502635615 90.87000274658203 31.68000030517578 AB 6.513618274606882 1.1735191918939278
60247.1745 lsst_hardware_r -42.52441747857094 82.5 31.6200008392334 AB 6.18464000934565 1.1914924240969966
60249.1622 lsst_hardware_i 94.60125772221272 90.19999694824219 31.309999465942383 AB 5.433834772054861 1.1804557960943252
60249.1733 lsst_hardware_z -76.39871109620297 111.55000305175781 30.979999542236328 AB 5.285929519673932 1.1990313076270684
60251.2031 lsst_hardware_g -40.49784073177687 88.4000015258789 31.6200008392334 AB 4.80340809233437 1.2827902503229722
60251.2141 lsst_hardware_r 13.591577735073859 80.87999725341797 31.579999923706055 AB 6.033172945681436 1.3177182364707734
60261.0699 lsst_hardware_r 80.92484526251238 82.88999938964844 31.6299991607666 AB 4.95374185470563 1.1344230502561359
60261.081 lsst_hardware_u 34.0646944090444 30.030000686645508 29.43000030517578 AB 4.959417846111555 1.1365687741747577
60263.1519 lsst_hardware_i 18.619919246839753 89.87999725341797 31.299999237060547 AB 5.175947713756933 1.2340334690670587
60263.1621 lsst_hardware_z 50.28519113698591 111.25 30.979999542236328 AB 5.273977893931021 1.2595827391217485
60265.0517 lsst_hardware_r 70.68364477997147 82.83999633789062 31.6299991607666 AB 4.16782723679453 1.1345657375240317
60265.0639 lsst_hardware_z -133.31062086232188 112.0199966430664 30.989999771118164 AB 4.154188776168338 1.1350242557839878
60268.0567 lsst_hardware_r -41.166201013684265 82.76000213623047 31.6299991607666 AB 7.403300066618919 1.1352143014060785
60268.0698 lsst_hardware_y -34.78267698789123 120.43000030517578 30.040000915527344 AB 7.470796021357013 1.1398544469966199
60270.0527 lsst_hardware_z 149.81385990860434 111.9800033569336 30.989999771118164 AB 5.046885261836214 1.1355349897257765
60270.0658 lsst_hardware_r 73.02958426034738 82.72000122070312 31.6299991607666 AB 5.101434412627233 1.1406225629127407
60272.0537 lsst_hardware_i 23.16229349187242 90.5 31.31999969482422 AB 8.619929939838576 1.137544090947711
60272.066 lsst_hardware_z 23.36006978294413 111.93000030517578 30.989999771118164 AB 8.631648761269604 1.1440729117172754
