data/validation/pwv_sim_epoch_fit_epoch/14085179.ecsv
# %ECSV 0.9
# ---
# datatype:
# - {name: time, datatype: float64}
# - {name: band, datatype: string}
# - {name: flux, datatype: float64}
# - {name: fluxerr, datatype: float64}
# - {name: zp, datatype: float64}
# - {name: zpsys, datatype: string}
# - {name: pwv, datatype: float64}
# - {name: airmass, datatype: float64}
# meta: {SNID: '14085179', alt: 1024.0, c: -0.06120411306619644, dec: -0.74606, lat: -30.244573, lon: -70.7499537, ra: 341.367188, t0: 60548.3359375,
#   x0: 3.980245056023923e-06, x1: -0.5172213912010193, z: 0.6733390688896179}
# schema: astropy-2.0
time band flux fluxerr zp zpsys pwv airmass
[from data line 133]
60913.1888 lsst_hardware_i -32.75477740387575 32.7599983215332 31.239999771118164 AB 2.487791389127252 1.1674290892197332
60913.2076 lsst_hardware_r -25.403051384980277 25.030000686645508 31.5 AB 2.4861921861368814 1.152081643251567
60933.129 lsst_hardware_r -18.043122362509596 25.09000015258789 31.489999771118164 AB 1.6024254414764374 1.1746551800682499
60933.1468 lsst_hardware_g 12.428172753577162 15.710000038146973 31.440000534057617 AB 1.5825942990454007 1.1553188702119972
60935.1236 lsst_hardware_r 18.213081817669174 24.940000534057617 31.489999771118164 AB 1.4946320191743707 1.174563472828582
60935.142 lsst_hardware_i 39.21378289877306 32.689998626708984 31.229999542236328 AB 0.7899450088661333 1.154890363840774
60937.1047 lsst_hardware_i 71.9006944791661 32.790000915527344 31.229999542236328 AB 6.6147373122386215 1.1996259180701163
60937.1243 lsst_hardware_z -7.417920866836498 43.45000076293945 30.940000534057617 AB 6.488916579875264 1.1661624477101653
60939.106 lsst_hardware_r -10.840768217092203 24.860000610351562 31.489999771118164 AB 4.442115484675213 1.1858290135282128
60939.1258 lsst_hardware_u -2.7261486057085507 2.7300000190734863 28.360000610351562 AB 5.3059547553135396 1.1588849525638396
60942.1049 lsst_hardware_g -4.50929559049654 15.460000038146973 31.420000076293945 AB 4.331747529284599 1.173941831374099
60942.1234 lsst_hardware_r 7.5048518157077435 24.75 31.489999771118164 AB 4.24622534562778 1.1545715031276675
60944.106 lsst_hardware_i 1.6362542866026162 32.540000915527344 31.229999542236328 AB 4.342674173403302 1.1651929630809172
60944.1261 lsst_hardware_z -2.913914103886417 43.36000061035156 30.940000534057617 AB 3.2327286110933704 1.1511199802112893
60946.1051 lsst_hardware_r 27.119385976936638 26.729999542236328 31.510000228881836 AB 5.316298983503994 1.160341720662931
60946.1243 lsst_hardware_g -6.666975826842773 18.43000030517578 31.489999771118164 AB 5.274066712419251 1.1505590297422332
60954.0703 lsst_hardware_r 75.52200032910764 149.77999877929688 31.6299991607666 AB 4.4412345976226115 1.176771736436471
60954.089 lsst_hardware_z -70.85001174249304 100.5199966430664 30.989999771118164 AB 3.968247138511215 1.1556318415311988
60956.0703 lsst_hardware_g 50.44032718801354 103.47000122070312 31.670000076293945 AB 6.532092113504346 1.1688453276378896
60956.0871 lsst_hardware_r -46.95530427254022 101.5999984741211 31.6299991607666 AB 10.752857076702774 1.1534821876402832
60958.0698 lsst_hardware_i -19.40470228754882 32.27000045776367 31.239999771118164 AB 2.839451548178714 1.1629153098342857
60958.0872 lsst_hardware_z 21.541891519999403 43.52000045776367 30.940000534057617 AB 3.676837836169473 1.1512904194247384
60960.0661 lsst_hardware_r -26.572167304287138 24.43000030517578 31.489999771118164 AB 6.162030289774928 1.1610954459809868
60960.0846 lsst_hardware_g 17.950614919947736 15.15999984741211 31.420000076293945 AB 6.658502372701151 1.1507125663898554
60962.0692 lsst_hardware_r 4.042866511279081 24.469999313354492 31.489999771118164 AB 8.311156137636187 1.1543272413383594
60962.088 lsst_hardware_i 35.384719834569594 32.29999923706055 31.239999771118164 AB 8.296992406394436 1.1512807307585855
60964.0692 lsst_hardware_z 5.901301038166032 43.25 30.93000030517578 AB 9.442314282581766 1.1517826643793903
60964.0883 lsst_hardware_i -60.38196345430004 32.31999969482422 31.229999542236328 AB 8.89900539643316 1.1535676528237255
60966.0695 lsst_hardware_u 3.48025705129045 2.7300000190734863 28.3799991607666 AB 6.854352433369417 1.1505739312952246
60966.087 lsst_hardware_g 24.826099075956304 15.1899995803833 31.420000076293945 AB 9.83359313894618 1.156167871799232
60969.0392 lsst_hardware_g -1.7446137593002669 15.25 31.43000030517578 AB 3.8982129807880592 1.1635298917882975
60969.0565 lsst_hardware_r 24.72325138576644 24.43000030517578 31.5 AB 3.3908142330476023 1.1514777937168188
60971.0128 lsst_hardware_i 9.241669644615909 33.310001373291016 31.239999771118164 AB 4.764824522477515 1.1975682117442703
60971.0223 lsst_hardware_z 22.284982325313898 43.459999084472656 30.940000534057617 AB 4.670803660487636 1.1793469664153522
60973.0387 lsst_hardware_r -12.266232804010203 24.770000457763672 31.489999771118164 AB 4.179769208241923 1.1546057986442086
60973.0571 lsst_hardware_g 21.636477588443807 15.40999984741211 31.43000030517578 AB 4.388540089503606 1.1510673225512726
60975.0383 lsst_hardware_r 4.5521023733705155 25.969999313354492 31.510000228881836 AB 4.94987365400671 1.1520934858133818
60975.0556 lsst_hardware_i 12.730962804688943 32.91999816894531 31.239999771118164 AB 3.368712846739384 1.1523204629535249
60977.0396 lsst_hardware_z 7.653038438626942 45.869998931884766 30.940000534057617 AB 3.6254242077114265 1.150563061793383
60977.0567 lsst_hardware_i -30.437520326424362 37.540000915527344 31.260000228881836 AB 2.806137484095569 1.1559783662595144
60980.0125 lsst_hardware_y 73.1298842577236 61.150001525878906 30.020000457763672 AB 4.87248838057019 1.1601162810881405
60980.0327 lsst_hardware_z -5.971065998528856 69.12999725341797 30.969999313354492 AB 4.823019592745877 1.1505066119262601
