data/validation/pwv_sim_epoch_fit_epoch/14155147.ecsv
# %ECSV 0.9
# ---
# datatype:
# - {name: time, datatype: float64}
# - {name: band, datatype: string}
# - {name: flux, datatype: float64}
# - {name: fluxerr, datatype: float64}
# - {name: zp, datatype: float64}
# - {name: zpsys, datatype: string}
# - {name: pwv, datatype: float64}
# - {name: airmass, datatype: float64}
# meta: {SNID: '14155147', alt: 1024.0, c: -0.07062920928001404, dec: -20.105511, lat: -30.244573, lon: -70.7499537, ra: 36.035156, t0: 62479.59765625,
#   x0: 2.7038317831752177e-06, x1: 0.9368323087692261, z: 0.7878953814506531}
# schema: astropy-2.0
time band flux fluxerr zp zpsys pwv airmass
62350.4076 lsst_hardware_z -2.173257932251596 44.4900016784668 30.959999084472656 AB 1.9116141452106443 1.0270133301633118
62350.4266 lsst_hardware_y -99.08039410786033 49.7400016784668 30.059999465942383 AB 1.2349242576240589 1.0169565668054288
62353.4016 lsst_hardware_u -0.928031096444495 3.059999942779541 28.56999969482422 AB 1.5157944893726885 1.0252245447228194
62353.4251 lsst_hardware_y -43.840564977782634 48.400001525878906 30.059999465942383 AB 1.1179383090921264 1.016307553720115
62355.4073 lsst_hardware_r 25.111397438369472 22.420000076293945 31.5 AB 3.1111870561964965 1.0186697046209539
62355.4307 lsst_hardware_z 32.726124161838015 47.189998626708984 30.969999313354492 AB 3.3610713652185975 1.018506474308666
62363.3719 lsst_hardware_g -13.60826380025406 13.75 31.440000534057617 AB 5.741330509487751 1.0271941512680853
62363.3918 lsst_hardware_i 0.8315738389092626 30.1299991607666 31.260000228881836 AB 5.012422683657005 1.0168217230260685
62365.3618 lsst_hardware_z -19.666403977023645 40.91999816894531 30.959999084472656 AB 4.592313759267866 1.031574944520215
62365.3836 lsst_hardware_r -31.21771157835006 22.399999618530273 31.510000228881836 AB 3.875233558267239 1.0174554796894622
62368.349 lsst_hardware_y -19.565344378708005 67.69000244140625 30.799999237060547 AB 2.7261473626122674 1.0366893253692597
62368.3688 lsst_hardware_g 13.720971001696714 19.190000534057617 32.16999816894531 AB 2.717335390381864 1.0200207921853843
62370.3756 lsst_hardware_r -29.572262151040988 60.5099983215332 31.649999618530273 AB 1.3454907220319299 1.0164235860486723
62370.3961 lsst_hardware_i 115.8783529608131 47.84000015258789 31.31999969482422 AB 1.2348918506805082 1.021627177398559
62379.299 lsst_hardware_r -23.67021919068335 40.31999969482422 31.610000610351562 AB 6.352299659719097 1.0681070511108657
62379.3184 lsst_hardware_z 35.947760686785514 45.040000915527344 30.959999084472656 AB 6.15603874583901 1.0373743515758536
62381.2777 lsst_hardware_y -20.21114248309929 47.83000183105469 30.030000686645508 AB 3.214253803446476 1.104839324034193
62381.2948 lsst_hardware_g 37.67027579020592 16.920000076293945 31.489999771118164 AB 2.7662652829776153 1.0656559677600246
62384.2995 lsst_hardware_r -9.654666618077249 31.420000076293945 32.2400016784668 AB 1.8183991983513228 1.0442568137545882
62384.3191 lsst_hardware_i -9.241779460810255 42.31999969482422 32.0 AB 1.8911826713448436 1.0236442064108808
62386.2877 lsst_hardware_i 57.13008779897825 30.139999389648438 31.25 AB 2.037307660052696 1.0539615416723724
62386.3067 lsst_hardware_z 29.27444578387941 40.599998474121094 30.950000762939453 AB 1.931618966892136 1.0293732837155
62391.282 lsst_hardware_g 26.652046534585455 13.609999656677246 31.40999984741211 AB 3.7624422570808305 1.042035337079255
62391.2995 lsst_hardware_i -6.62573239017366 30.030000686645508 31.25 AB 3.2672201845312183 1.023992953781201
62394.271 lsst_hardware_z -26.612020238834653 41.13999938964844 30.950000762939453 AB 2.6233001219835677 1.0459729354001466
62394.2892 lsst_hardware_r 5.607889739592928 22.329999923706055 31.5 AB 2.4600549407332384 1.0255926656753356
62400.1561 lsst_hardware_i -5.65669385060274 77.58000183105469 31.260000228881836 AB 6.674188865936203 1.4554986077714978
62400.1821 lsst_hardware_z 20.408284021369774 67.44999694824219 30.959999084472656 AB 5.622025154828793 1.2779266149785102
62402.2624 lsst_hardware_r -113.83239055685205 108.31999969482422 31.65999984741211 AB 1.7744568055646277 1.029964286871093
62402.2818 lsst_hardware_z 60.80582848879021 72.23999786376953 31.0 AB 1.7621191447704645 1.0176835950160288
62405.2428 lsst_hardware_z 3.6419987122001123 59.459999084472656 30.989999771118164 AB 3.241058258596849 1.043371045797891
62405.2609 lsst_hardware_i -79.88803008783147 62.13999938964844 31.329999923706055 AB 3.232075547522212 1.0242673261043296
62408.2746 lsst_hardware_z -92.24848691494661 45.33000183105469 30.959999084472656 AB 4.625882951539036 1.016305298763611
62408.2931 lsst_hardware_r -27.17096596676064 41.720001220703125 31.6200008392334 AB 6.197821103071752 1.0220821696216833
62410.2183 lsst_hardware_r -8.039046149761504 22.739999771118164 31.5 AB 4.4589682181738794 1.0606699827163
62410.2373 lsst_hardware_u -0.27417607505084385 2.7300000190734863 28.479999542236328 AB 4.361774381735255 1.03331015479181
62412.2181 lsst_hardware_g 16.006909959013793 13.8100004196167 31.40999984741211 AB 3.3967533012050084 1.0517078105750235
62412.2385 lsst_hardware_r -10.204028222908905 22.479999542236328 31.489999771118164 AB 3.352221048377089 1.0268712048940942
62415.2198 lsst_hardware_i 29.557416670968106 30.459999084472656 31.25 AB 5.050411880762061 1.0377558659101889
62415.2383 lsst_hardware_z 20.61178492995975 40.900001525878906 30.950000762939453 AB 4.828871478175311 1.0211909230597724
62417.2179 lsst_hardware_r -20.91711520846979 22.719999313354492 31.5 AB 3.378227864955899 1.0336240280330942
62417.2367 lsst_hardware_u -1.8739875022670813 2.700000047683716 28.459999084472656 AB 3.422910754098922 1.0192290086646913
62419.2033 lsst_hardware_g 0.898274303265109 13.890000343322754 31.40999984741211 AB 3.6389313626743442 1.0451693717590267
62419.2205 lsst_hardware_i 49.1499698707414 30.1299991607666 31.239999771118164 AB 2.6806308190260384 1.025947879961568
62421.2039 lsst_hardware_z 61.798979245691655 40.939998626708984 30.940000534057617 AB 6.304606038797824 1.037169232090154
62421.2221 lsst_hardware_r -14.778284478060316 22.6299991607666 31.489999771118164 AB 5.6159760207279446 1.0210865492232626
62424.1981 lsst_hardware_y 52.293044084519444 47.470001220703125 30.049999237060547 AB 6.733851905844241 1.0343858534322952
62424.2151 lsst_hardware_g 36.06091279030365 24.579999923706055 31.6299991607666 AB 6.506291318930767 1.0204346485148632
62426.2458 lsst_hardware_r -117.10265518413945 46.43000030517578 31.6299991607666 AB 5.3362024343008425 1.0232901738915883
62426.2659 lsst_hardware_i 60.78283064512922 41.16999816894531 31.290000915527344 AB 6.3092585407846995 1.044247858563195
62428.1791 lsst_hardware_i 16.35125871638439 60.95000076293945 31.329999923706055 AB 2.707524980652723 1.0446369933712936
62428.1961 lsst_hardware_z -130.1519591651521 57.099998474121094 30.979999542236328 AB 2.665304702596548 1.025807640756874
62434.1888 lsst_hardware_z -67.90590076922783 57.18000030517578 30.979999542236328 AB 4.681100181699442 1.0199216025200555
62434.2059 lsst_hardware_r 39.82658030800392 75.93000030517578 31.65999984741211 AB 4.65314508799967 1.0163958908567505
62436.1659 lsst_hardware_y 8.262791277953243 48.70000076293945 30.049999237060547 AB 3.6948236639250025 1.0337580780388713
62436.1828 lsst_hardware_g 24.58600413911827 47.56999969482422 31.709999084472656 AB 2.418280471277636 1.0201921481923582
62441.1481 lsst_hardware_i 9.614986457967044 30.34000015258789 31.25 AB 4.802385784641264 1.038634395164395
62441.1666 lsst_hardware_z -10.457259447040096 40.63999938964844 30.940000534057617 AB 4.707724698537016 1.0216046942464994
62450.1288 lsst_hardware_z 19.64622003333087 41.20871894875261 30.950000762939453 AB 9.106320037764236 1.0325406347151223
62450.1464 lsst_hardware_r 2.7393047095320564 22.511927657287305 31.5 AB 9.027037829417617 1.0193132147038864
62452.1283 lsst_hardware_z 79.23174358785909 42.22005100025627 30.940000534057617 AB 4.484289741983447 1.0277211020586543
62452.1454 lsst_hardware_g 23.05217811504059 20.213129494239354 31.549999237060547 AB 4.346012723622129 1.0176426920753132
62455.1153 lsst_hardware_r 91.96416723854674 50.96477252349318 31.6299991607666 AB 4.335992375614237 1.0323791370510087
62455.1323 lsst_hardware_z 127.07675675341572 49.36520225888853 30.969999313354492 AB 4.260732342365099 1.0195172105360155
62457.1079 lsst_hardware_i 278.5613911880826 63.39518990070095 31.329999923706055 AB 3.206921690903006 1.0344908680332277
62457.1278 lsst_hardware_r 172.72932849526535 74.14597859046708 31.649999618530273 AB 2.829746875240648 1.01908593688328
62459.1162 lsst_hardware_z 567.1909629068182 98.75586826092724 31.739999771118164 AB 4.5411450949319425 1.0223774626964468
62462.0961 lsst_hardware_r 465.14814944634145 88.20480171687836 31.65999984741211 AB 3.9269976796574544 1.0324694832805754
62462.1145 lsst_hardware_i 499.02255073684194 73.73419794233365 31.34000015258789 AB 3.920181963485672 1.0189348371562683
62464.0959 lsst_hardware_z 498.5680058316056 51.65055876027354 30.969999313354492 AB 8.131858582413045 1.0273984311323587
62464.1148 lsst_hardware_r 530.2705041142735 56.76250235690443 31.639999389648438 AB 8.05316376505511 1.0170704426691954
62467.0968 lsst_hardware_u 4.951208719492442 2.951527443900336 28.459999084472656 AB 3.894865892087105 1.0209124026352692
62467.1162 lsst_hardware_g 161.67678389746118 18.22768947207661 31.420000076293945 AB 3.8821514440293274 1.0164252248020407
62472.0759 lsst_hardware_g 184.9286864409126 19.075038411781385 31.420000076293945 AB 6.418576356336416 1.025850620335593
62472.0951 lsst_hardware_r 714.8587060927496 35.17572451973704 31.5 AB 6.444262450841299 1.0166589899307896
62476.0629 lsst_hardware_u 0.30895165730911156 2.8692938093096645 28.469999313354492 AB 3.405984269897659 1.027601227906555
62476.0829 lsst_hardware_g 130.26920541708498 18.33319138467122 31.420000076293945 AB 3.366056623175839 1.016884333067158
62478.063 lsst_hardware_r 679.6362119511522 34.84935128408149 31.5 AB 3.008868291833216 1.0232505668534537
62478.082 lsst_hardware_i 996.5164040882703 43.583190682953855 31.25 AB 3.0835361591014294 1.0163270135469444
62480.0668 lsst_hardware_z 589.678620719171 47.51685128076179 30.950000762939453 AB 7.587533820501151 1.0183583962018792
62480.0843 lsst_hardware_r 750.9868870760051 34.745229126445096 31.5 AB 9.356136663352416 1.0169713764513497
62482.0446 lsst_hardware_y 237.5979215240215 50.537400760783605 30.049999237060547 AB 13.98621122850338 1.029350285754838
62482.0645 lsst_hardware_z 681.5210033322024 48.76562426535182 30.959999084472656 AB 13.811899044070573 1.0173512026372296
62484.0458 lsst_hardware_y 269.08191376718753 51.91186620365033 30.059999465942383 AB 8.088190149836274 1.0238215379539586
62484.0645 lsst_hardware_r 670.4147885049277 53.23519816682283 31.6299991607666 AB 8.029547679784438 1.0163984404790427
62486.0469 lsst_hardware_y 370.688068707768 54.51795653713353 30.059999465942383 AB 10.1957502027594 1.0198723896613504
62486.0662 lsst_hardware_r 686.5290259272851 69.59066044469077 31.649999618530273 AB 10.170507391740882 1.0166548768539014
62488.0566 lsst_hardware_z 1079.2555960526877 90.64929388216886 31.739999771118164 AB 4.088058263794752 1.0162978903155837
62490.0325 lsst_hardware_y 294.4689669378203 84.49682408769122 30.079999923706055 AB 4.713819905648725 1.0217817714556485
62490.0517 lsst_hardware_i 850.192655014123 74.66272592059362 31.34000015258789 AB 5.206061063461745 1.016312555092581
62492.0338 lsst_hardware_y 294.7126136211611 72.69584511469286 30.079999923706055 AB 4.613552191394893 1.0184441923609036
62492.0524 lsst_hardware_r 371.17783595675354 63.56436977529121 31.649999618530273 AB 5.550675885630984 1.017166187581346
62494.0345 lsst_hardware_y 165.80967295095485 73.66722761452058 30.079999923706055 AB 6.764727625729379 1.0167426291176105
62494.0555 lsst_hardware_g 41.63492149049507 15.886002440345752 31.459999084472656 AB 6.545416144934318 1.0204624365234414
62496.0344 lsst_hardware_y 196.8727119393602 76.201619706752 30.079999923706055 AB 9.484045887945523 1.0162929584167941
62496.055 lsst_hardware_z 469.15560870396257 46.032563599716404 30.950000762939453 AB 9.924962552369774 1.0235085647489663
62712.4046 lsst_hardware_u 4.0860263074622925 2.569999933242798 28.350000381469727 AB 4.921685759605619 1.03970124311711
62712.4272 lsst_hardware_y 52.86160744024444 47.95000076293945 30.049999237060547 AB 3.870316878018944 1.0198463446689678
62717.4128 lsst_hardware_r -10.229926327972297 31.56999969482422 32.2400016784668 AB 1.981780008744594 1.0202213687230857
62717.4341 lsst_hardware_z 50.99077098304295 76.69000244140625 31.729999542236328 AB 1.5114793861884737 1.0169181786421666
62721.3906 lsst_hardware_z -3.6407641096402283 40.619998931884766 30.950000762939453 AB 1.439451163671996 1.0281794026228543
62721.4123 lsst_hardware_y -34.24101265127583 46.68000030517578 30.059999465942383 AB 1.423397502949083 1.016712502106488
62724.3899 lsst_hardware_z 21.347801482984792 46.939998626708984 30.969999313354492 AB 6.15642574311205 1.0224073309162252
62724.4095 lsst_hardware_y 38.366640920085516 46.63999938964844 30.059999465942383 AB 6.145361830652971 1.0163222432171395
62737.3665 lsst_hardware_r -15.072217590621173 22.649999618530273 31.510000228881836 AB 3.2730474563716636 1.017132447920755
62737.3871 lsst_hardware_i -46.02801250009385 30.229999542236328 31.260000228881836 AB 3.886923150829541 1.019409415582002
62741.3106 lsst_hardware_u -3.9767374467441514 2.6500000953674316 28.420000076293945 AB 3.2445623575041793 1.0629196912380603
62741.3281 lsst_hardware_r -20.471001621120863 22.260000228881836 31.489999771118164 AB 3.1629463171977 1.0364086015611491
62743.3148 lsst_hardware_i 30.534258122055917 29.989999771118164 31.239999771118164 AB 3.1378722966590105 1.0468297903783188
62743.3304 lsst_hardware_z -10.552006698842472 40.5 30.950000762939453 AB 3.1011986603921313 1.0283057177315715
62746.2511 lsst_hardware_g -27.190425025549068 19.3799991607666 32.119998931884766 AB 3.4773851832360636 1.1982375362191748
62746.2738 lsst_hardware_r -39.46812358011823 32.08000183105469 32.2400016784668 AB 3.251779976189632 1.1177062246298004
62749.2875 lsst_hardware_r -10.733566682274768 22.489999771118164 31.489999771118164 AB 2.4501731744066633 1.0652926845246362
62749.3047 lsst_hardware_i -20.965462246710974 30.309999465942383 31.260000228881836 AB 1.9473298777959858 1.0382990550761044
62750.3645 lsst_hardware_z -6.156203925428346 40.66999816894531 30.950000762939453 AB 0.9009739832269521 1.0281178964172142
62750.3826 lsst_hardware_r 40.433130319452104 22.360000610351562 31.5 AB 0.7758328892052497 1.0503152832201035
62754.277 lsst_hardware_z -8.991008955724716 57.779998779296875 30.979999542236328 AB 3.6078713086396044 1.0594766959591633
62754.2961 lsst_hardware_i 136.10713275652074 61.36000061035156 31.329999923706055 AB 2.80761442235881 1.0324958802459538
62756.2759 lsst_hardware_z -24.777353383611693 69.5199966430664 30.989999771118164 AB 3.801891575335786 1.052086959321895
62756.2929 lsst_hardware_r 140.30707055576374 101.75 31.65999984741211 AB 3.262975775366377 1.030196519269536
62759.2842 lsst_hardware_y -59.45735828338541 75.23999786376953 30.81999969482422 AB 2.4750513198326667 1.030698772834614
62761.2584 lsst_hardware_r 13.372512423017273 54.869998931884766 31.6299991607666 AB 2.0946472720508225 1.0585709523946039
62761.275 lsst_hardware_i -91.7097286227555 48.22999954223633 31.31999969482422 AB 2.0693406809120956 1.0346703404560478
62763.266 lsst_hardware_i 44.974090742583776 35.779998779296875 31.270000457763672 AB 5.783015690778684 1.038896198828471
62763.2863 lsst_hardware_z 93.45864410652239 43.29999923706055 30.950000762939453 AB 5.687372227430832 1.0207057120298844
62766.2437 lsst_hardware_r 22.74819552215987 22.56999969482422 31.489999771118164 AB 2.1381138413421286 1.0604408388548745
62766.2617 lsst_hardware_u 0.2895003784378152 2.6700000762939453 28.440000534057617 AB 1.7117270690871427 1.0342761746750107
62769.2284 lsst_hardware_z -56.70295355868764 41.529998779296875 30.950000762939453 AB 6.383449340595313 1.07430812289994
62769.247 lsst_hardware_r -27.694433560186546 22.549999237060547 31.489999771118164 AB 6.187906417753492 1.0423200029903545
62773.2264 lsst_hardware_g -2.6193300074342565 13.899999618530273 31.420000076293945 AB 4.891494713583012 1.0572394914084322
62773.2451 lsst_hardware_r -27.87415550878504 22.520000457763672 31.5 AB 4.765234397475272 1.0315848746158043
62775.2182 lsst_hardware_i 27.03305999795049 30.56999969482422 31.25 AB 4.475469213777172 1.0621317649973772
