data/validation/pwv_sim_epoch_fit_epoch/14158437.ecsv
# %ECSV 0.9
# ---
# datatype:
# - {name: time, datatype: float64}
# - {name: band, datatype: string}
# - {name: flux, datatype: float64}
# - {name: fluxerr, datatype: float64}
# - {name: zp, datatype: float64}
# - {name: zpsys, datatype: string}
# - {name: pwv, datatype: float64}
# - {name: airmass, datatype: float64}
# meta: {SNID: '14158437', alt: 1024.0, c: -0.0205986388027668, dec: -13.554784, lat: -30.244573, lon: -70.7499537, ra: 41.660156, t0: 62074.1796875,
#   x0: 3.513728095087366e-06, x1: 0.7479856610298157, z: 0.70855712890625}
# schema: astropy-2.0
time band flux fluxerr zp zpsys pwv airmass
61993.399 lsst_hardware_z 12.780513521331986 54.720001220703125 30.969999313354492 AB 6.38516430047124 1.0579930353435731
61993.4243 lsst_hardware_y -61.580307370550756 53.349998474121094 30.059999465942383 AB 5.1395133164215485 1.044705002067563
61996.4143 lsst_hardware_z -32.24586185300357 45.22999954223633 30.959999084472656 AB 3.6492171002863873 1.0448724696596672
62000.3949 lsst_hardware_u 0.196037081689864 2.799999952316284 28.510000228881836 AB 2.536611861282448 1.0472490998207313
62000.4146 lsst_hardware_y 70.81109145572786 47.84000015258789 30.049999237060547 AB 2.5354454301025333 1.0457601279037052
62010.2821 lsst_hardware_i -8.714360775025394 55.689998626708984 32.41999816894531 AB 4.540046474342571 1.243961952966272
62010.3074 lsst_hardware_z 146.9943462422256 60.439998626708984 31.690000534057617 AB 3.5296596086989935 1.1468001111275539
62014.3184 lsst_hardware_g -3.627736676470769 53.08000183105469 31.690000534057617 AB 1.6757254840701132 1.092211493609329
62014.3359 lsst_hardware_i -5.295647240912244 42.93000030517578 31.290000915527344 AB 0.8752172098345063 1.0644174032646958
62029.2671 lsst_hardware_r 13.729193406176874 22.90999984741211 31.489999771118164 AB 4.512462810446335 1.1150142847655882
62029.2862 lsst_hardware_i 2.5026932848455403 30.68000030517578 31.25 AB 4.332287786350266 1.0767014629318863
62032.339 lsst_hardware_z -3.370334423499247 41.27000045776367 30.950000762939453 AB 5.508885649372325 1.051648549037033
62032.3583 lsst_hardware_r 17.137566771624183 22.770000457763672 31.5 AB 5.36179381840883 1.0727163357941412
62034.2584 lsst_hardware_i 84.17851797100562 30.959999084472656 31.239999771118164 AB 4.1863180762914265 1.1034775818890088
62034.278 lsst_hardware_u -4.5243915825846575 2.75 28.489999771118164 AB 4.1353519680751925 1.0686814604696662
62036.2645 lsst_hardware_g -2.0668409473439953 13.850000381469727 31.40999984741211 AB 1.8887710401427231 1.0809448913445574
62036.2833 lsst_hardware_r 21.36758943049628 22.68000030517578 31.5 AB 1.8061920558016464 1.0563556228491937
62038.2568 lsst_hardware_i 20.35650948825444 30.65999984741211 31.239999771118164 AB 6.462977452191137 1.0848472433386513
62038.276 lsst_hardware_r -1.1890996041259938 22.600000381469727 31.479999542236328 AB 6.262433216738537 1.058141348928127
62040.2444 lsst_hardware_z 31.962414631517994 42.95413679446147 30.940000534057617 AB 3.650890270645444 1.0983424400257051
62040.2625 lsst_hardware_g -6.317195494428039 13.772666110171414 31.399999618530273 AB 4.056496399128374 1.0674990524022037
62042.2444 lsst_hardware_r 10.082308434448978 43.455137314426324 31.600000381469727 AB 5.0092287348214075 1.0875442324840225
62042.2637 lsst_hardware_i 20.37501494988427 40.068231676031566 31.280000686645508 AB 4.853166027072451 1.0595661219137873
62045.2899 lsst_hardware_z -5.8198239432187195 56.800308117623985 30.979999542236328 AB 3.833900594150377 1.0453004141913644
62045.3094 lsst_hardware_r -47.834644846735905 71.77265952316155 31.649999618530273 AB 3.3752985851693693 1.0565417107166222
62051.2168 lsst_hardware_i 210.48763417823102 67.22967346857216 31.31999969482422 AB 3.5507046790139105 1.0933655670558615
62051.2344 lsst_hardware_r 167.11241879087797 78.28694043344468 31.649999618530273 AB 3.3583472168536623 1.0650149736325891
62053.2128 lsst_hardware_z 138.2479264798011 51.495052289911214 30.959999084472656 AB 2.8925675258129515 1.090506136027503
62053.2317 lsst_hardware_g -7.611023836152678 48.35048986648206 31.700000762939453 AB 2.814635061088987 1.0617257869064456
62056.216 lsst_hardware_r 485.0076347556657 31.901787806423375 31.5 AB 6.226009216156963 1.0713871367465448
62056.2321 lsst_hardware_i 539.7801391342008 38.353336365845784 31.25 AB 6.122924841224704 1.0533913219121986
62058.203 lsst_hardware_z 463.2096542416684 46.62833001872912 30.950000762939453 AB 7.206181780525885 1.0834191310805024
62058.2201 lsst_hardware_r 598.6146232640402 33.82161097571459 31.5 AB 6.756631032221222 1.0594759092966581
62061.1934 lsst_hardware_r 1581.5711244115162 52.03585554911978 32.25 AB 6.346030518222686 1.0859362607117122
62061.2183 lsst_hardware_z 1152.2272774855755 67.13378699997071 31.700000762939453 AB 5.352273706564998 1.053510776326858
62066.2516 lsst_hardware_r 1104.61581350048 39.884655051936065 31.510000228881836 AB 3.8697401328627024 1.0561037433330094
62066.2691 lsst_hardware_u 4.200461547515009 3.214021171323628 28.459999084472656 AB 3.94941640184706 1.0783389493097775
62068.1589 lsst_hardware_z 679.131702877227 50.68371119720055 30.950000762939453 AB 4.893586975862074 1.119301687068178
62068.1749 lsst_hardware_g 243.85374972452013 23.85252319538114 31.510000228881836 AB 4.977837005755861 1.0848309040384956
62069.1778 lsst_hardware_r 1112.540497232521 44.88938121251903 31.559999465942383 AB 1.2880059168252982 1.0754293766979945
62069.1947 lsst_hardware_i 1161.4933869309311 48.120126865319996 31.270000457763672 AB 1.359535285445227 1.0549937548721369
62074.1779 lsst_hardware_z 735.9345984380627 65.30139062370414 30.989999771118164 AB 3.5917301780160895 1.0579470332887873
62076.1244 lsst_hardware_i 1168.0709249246277 99.22217273908089 31.31999969482422 AB 6.5329580756509005 1.1555939992304902
62080.1595 lsst_hardware_i 1231.4082568004053 69.063908865551 31.329999923706055 AB 2.674835038576124 1.0600403059086791
62080.1767 lsst_hardware_r 892.4059248836734 78.53672104354114 31.649999618530273 AB 3.1934618442822487 1.0471511130010653
62082.2026 lsst_hardware_u 0.2032126003418396 10.542079442763425 29.299999237060547 AB 5.448968941347895 1.0517214710187228
62082.2209 lsst_hardware_g 144.54837864283328 49.65597052254856 31.700000762939453 AB 5.09725056293859 1.0714136758672346
62084.1973 lsst_hardware_r 732.7109194724464 35.413546840020764 31.510000228881836 AB 9.341021367070798 1.0518378538102393
62084.2161 lsst_hardware_i 893.1309078522486 46.16340762501938 31.260000228881836 AB 9.752520359814262 1.0723733122985544
62087.1943 lsst_hardware_z 758.6362818399791 48.5137830545015 30.940000534057617 AB 4.497279281433749 1.0561332193823125
62087.2118 lsst_hardware_r 624.1537826068981 33.88018974460316 31.479999542236328 AB 7.207895687997918 1.0783940087021708
62092.1806 lsst_hardware_g 46.39044948032136 15.759327874746656 31.40999984741211 AB 5.803815185824611 1.0560871947153825
62092.2002 lsst_hardware_r 516.830888103278 31.759600718304007 31.479999542236328 AB 6.15855801675596 1.0818247800724459
62094.1804 lsst_hardware_i 652.0565552118514 39.870895452627316 31.25 AB 5.394649286147334 1.061486102282269
62094.2002 lsst_hardware_r 413.4134515179904 30.841985996711323 31.489999771118164 AB 5.614554135288347 1.0918477583332467
62097.1208 lsst_hardware_z 851.5323012923781 66.507530421595 31.700000762939453 AB 7.249286280312104 1.052871904478672
62104.1435 lsst_hardware_z 405.6305822445437 68.16161566869583 30.989999771118164 AB 5.539487907096125 1.0524342941190838
62104.1628 lsst_hardware_r 280.69241124215824 90.2596399410884 31.649999618530273 AB 5.609301883751087 1.0743216440030812
62108.1497 lsst_hardware_z 678.500743514365 93.00813462799779 31.729999542236328 AB 3.4309322622049443 1.0711063829142862
62113.0814 lsst_hardware_i 235.68715096735343 34.16862618959498 31.260000228881836 AB 5.612576993904641 1.0498647575579607
62113.0999 lsst_hardware_z 250.64253335197844 44.3435235120508 30.959999084472656 AB 6.444177589744531 1.0446911874433868
62115.0791 lsst_hardware_i 261.9664850268185 33.709816665869546 31.25 AB 10.444561833268478 1.0480895604697227
62115.0977 lsst_hardware_u 1.5855640901638266 2.7783643494869144 28.479999542236328 AB 11.135698904917543 1.0450739988191493
62119.1133 lsst_hardware_i 200.06195009697043 33.017260540042685 31.25 AB 8.26028309190092 1.0628174098213856
62119.1312 lsst_hardware_r 78.37050075611845 24.398696852882086 31.489999771118164 AB 8.589044363935853 1.0904085581274547
62123.0467 lsst_hardware_y 269.7069137266096 49.93429972983854 30.049999237060547 AB 4.275732896631918 1.0554759063521533
62123.0667 lsst_hardware_r 71.13679903392669 24.188996570955382 31.510000228881836 AB 4.235297136974757 1.044978321484186
62125.0457 lsst_hardware_y 152.46786771894318 51.226033640439894 30.049999237060547 AB 4.625301362918054 1.0518423354117554
62125.0644 lsst_hardware_z 112.98624580666086 43.18225279198452 30.950000762939453 AB 4.659555818105908 1.0446653803391168
62127.0469 lsst_hardware_y 126.43650437035855 50.36284131761571 30.049999237060547 AB 5.1286710397813895 1.047808030464735
62127.0662 lsst_hardware_z 140.61334890791616 43.541864072906044 30.950000762939453 AB 5.101794190259459 1.045324675723783
62130.0364 lsst_hardware_y -93.61432533409801 71.85724708232361 30.06999969482422 AB 9.927908110571606 1.04901818581688
62130.0557 lsst_hardware_r 16.975371374035404 47.34465037992958 31.6200008392334 AB 10.007063855960121 1.0449059053941863
62134.0481 lsst_hardware_z 267.98337419708315 135.6060924427704 32.4900016784668 AB 8.718730013697236 1.0455679824550725
62136.0381 lsst_hardware_y -43.235967613358454 69.969495999107 30.06999969482422 AB 7.10923332138044 1.0447624956505972
62136.06 lsst_hardware_i 26.377950500387634 69.24106548296452 31.329999923706055 AB 7.218186622437069 1.0556569894425403
62355.4047 lsst_hardware_r 31.328277782530918 23.110000610351562 31.5 AB 3.3704651467326525 1.0613966766596292
62355.4279 lsst_hardware_z -74.22266692302445 45.43000030517578 30.959999084472656 AB 3.450305594654316 1.0455471498952473
62357.4149 lsst_hardware_z -23.375247445441218 41.52000045776367 30.950000762939453 AB 4.103793626202573 1.0484909622387768
62357.4352 lsst_hardware_y 170.75540431218215 69.5999984741211 30.06999969482422 AB 3.526054440124385 1.045298877973582
62361.4073 lsst_hardware_u 1.4495192639527068 2.759999990463257 28.479999542236328 AB 4.715583033743519 1.046937953837599
62361.4292 lsst_hardware_y 26.86972157978918 60.720001220703125 30.059999465942383 AB 4.86862140242613 1.0467902391799893
62363.3957 lsst_hardware_i -60.31925312286286 30.809999465942383 31.260000228881836 AB 5.176449949239534 1.0501318533756154
62363.4145 lsst_hardware_y -86.08005902845318 47.63999938964844 30.049999237060547 AB 5.168578133330675 1.0447200107796808
62368.3726 lsst_hardware_g 11.30458073629996 19.559999465942383 32.16999816894531 AB 2.7771018942899044 1.057809253792498
62368.3909 lsst_hardware_y 54.85062947423423 66.29000091552734 30.790000915527344 AB 1.7444187458745481 1.0459713661365453
62377.3292 lsst_hardware_i -81.76628439464284 57.959999084472656 31.309999465942383 AB 7.558554792815613 1.0835860931568508
62377.3485 lsst_hardware_z -13.73475804865626 56.04999923706055 30.979999542236328 AB 7.427863302993793 1.0573470893941341
62379.3142 lsst_hardware_r 19.65536924014933 44.72999954223633 31.610000610351562 AB 6.5311216437612964 1.1023920404694567
62379.3338 lsst_hardware_z -62.16862846281295 47.34000015258789 30.959999084472656 AB 5.41487527523961 1.068022736733651
62381.3532 lsst_hardware_g -6.738220464530382 21.530000686645508 31.56999969482422 AB 2.2578195122611633 1.0467406176454164
62381.3704 lsst_hardware_r -3.029789859825614 27.799999237060547 31.549999237060547 AB 2.249318104863314 1.0454650731412105
62386.3553 lsst_hardware_z 8.43268319450877 41.08000183105469 30.950000762939453 AB 2.3972417860396877 1.0451570059757394
62386.3742 lsst_hardware_r 16.921710483333083 22.559999465942383 31.489999771118164 AB 2.4235930292807115 1.0552654699335464
62388.3347 lsst_hardware_u 0.7049009692793171 2.609999895095825 28.3799991607666 AB 4.681217310979501 1.0465108188038676
62388.3534 lsst_hardware_r 0.4690485896153318 22.3799991607666 31.479999542236328 AB 4.541871604110566 1.0460522282658558
62391.3494 lsst_hardware_i 34.35407035295925 30.3799991607666 31.25 AB 3.5377368866773606 1.047700953606326
62391.3687 lsst_hardware_z -14.030342734244522 41.31999969482422 30.940000534057617 AB 3.5083013574172868 1.0637932100823106
62394.2695 lsst_hardware_z 77.32394468983125 41.810001373291016 30.940000534057617 AB 2.689928309523381 1.110928541928709
62394.2877 lsst_hardware_r -36.150118472977624 22.59000015258789 31.489999771118164 AB 2.7252140026347362 1.075459353841648
62400.1756 lsst_hardware_i -127.44447136641688 75.88999938964844 31.239999771118164 AB 6.4619559975586 1.5020818218406788
62400.2017 lsst_hardware_z 20.61711517841637 66.56999969482422 30.950000762939453 AB 5.637566840315483 1.311468712852547
62402.2765 lsst_hardware_r 24.090698481201773 110.33999633789062 31.649999618530273 AB 1.8400674218763706 1.0612712228450356
62402.2963 lsst_hardware_z 49.182981832176125 73.7699966430664 30.989999771118164 AB 2.145481189411122 1.0465761899566448
62408.2773 lsst_hardware_z -67.57341451354934 47.25 30.959999084472656 AB 4.800455788340525 1.0476769507509731
62408.2958 lsst_hardware_r 46.80076569692768 44.91999816894531 31.6200008392334 AB 6.203048610317825 1.0452667816805061
62410.284 lsst_hardware_u -0.27884971482253684 3.7200000286102295 28.65999984741211 AB 4.9481595510760625 1.0446869103929193
62410.3036 lsst_hardware_g 25.42505483954397 23.299999237060547 31.59000015258789 AB 4.724632898329088 1.051242208335479
62412.2883 lsst_hardware_r 31.250105432994165 22.780000686645508 31.5 AB 2.735085359666451 1.0461884583704388
62412.3058 lsst_hardware_i -1.7159584233775358 30.860000610351562 31.25 AB 3.473801933143701 1.057688602398233
62415.2875 lsst_hardware_z -11.989261546542147 41.0099983215332 30.940000534057617 AB 6.297889024305444 1.049648170717574
62415.3062 lsst_hardware_r 14.241285599702431 22.690000534057617 31.489999771118164 AB 6.107236661312053 1.0676209474214382
62417.2165 lsst_hardware_r 18.86854016295321 22.90999984741211 31.489999771118164 AB 3.574290331322417 1.0899995927793902
62417.2352 lsst_hardware_u 1.586586967393439 2.680000066757202 28.43000030517578 AB 3.3858136528119114 1.0616609311142653
62419.2159 lsst_hardware_g 7.73214734804946 13.970000267028809 31.389999389648438 AB 2.86000796523163 1.0812203258390223
62419.2334 lsst_hardware_i 28.34159816029135 30.559999465942383 31.239999771118164 AB 2.795161610245484 1.0577716595064155
62424.1996 lsst_hardware_y -78.84189377022352 48.06999969482422 30.040000915527344 AB 7.163162230955581 1.0858760329897292
62424.2166 lsst_hardware_g 11.477955709235962 24.5 31.6200008392334 AB 6.719496899175665 1.0610848877527632
62428.2452 lsst_hardware_z 71.11400086298595 55.689998626708984 30.979999542236328 AB 2.3848883532945897 1.0463861147910447
62428.2631 lsst_hardware_r 90.05722418024325 68.47000122070312 31.639999389648438 AB 3.812294519150655 1.0586766229243696
62431.1643 lsst_hardware_i 145.52499562480622 135.75 32.08000183105469 AB 4.208906561708567 1.1212538292929914
62431.1818 lsst_hardware_z -76.0165981579757 114.06999969482422 31.739999771118164 AB 3.039844938053253 1.0835305428814563
62436.1781 lsst_hardware_y -26.69753749512102 49.79999923706055 30.040000915527344 AB 2.5416904848948474 1.0681241750564934
62436.1952 lsst_hardware_g -23.642668296111083 53.68000030517578 31.709999084472656 AB 2.585689594043057 1.0509153303479495
62439.2263 lsst_hardware_r -20.823125911922826 26.6200008392334 31.540000915527344 AB 5.448314796069128 1.0526110502451946
62439.2449 lsst_hardware_i 18.168886507619355 33.4900016784668 31.260000228881836 AB 5.547230114390142 1.0735881777414635
62441.1612 lsst_hardware_i -9.047256947549661 30.920000076293945 31.239999771118164 AB 4.954885266838035 1.072698825561645
62441.1799 lsst_hardware_z 15.327426596130945 41.27000045776367 30.940000534057617 AB 4.6503895705685325 1.0520846658652085
62450.1944 lsst_hardware_r -10.831540781073391 23.0 31.510000228881836 AB 9.276161517045834 1.0512422390124472
62450.2127 lsst_hardware_u 2.5929167549634267 2.740000009536743 28.459999084472656 AB 9.70561650873908 1.0704330548956744
62452.1945 lsst_hardware_g -15.872406008426376 14.930000305175781 31.440000534057617 AB 3.5658063777618065 1.0557010888468785
62452.2126 lsst_hardware_i -6.125569218703488 30.84000015258789 31.239999771118164 AB 7.431479738397009 1.0785892218283841
62455.1281 lsst_hardware_r 97.22545730947446 47.90999984741211 31.6299991607666 AB 4.450156693980938 1.0656718151258457
62455.1453 lsst_hardware_z 25.82691980680905 47.65999984741211 30.969999313354492 AB 4.381293948912768 1.0496421846503865
62457.1765 lsst_hardware_r 40.66758168479144 73.73999786376953 31.649999618530273 AB 2.6528158753099267 1.0521132466435632
62457.1958 lsst_hardware_y 56.29164543681484 52.689998626708984 30.040000915527344 AB 2.4623339153051322 1.0736531006744516
62459.175 lsst_hardware_z 56.2747913358008 74.29000091552734 30.989999771118164 AB 5.69889234929621 1.0553504350548535
62459.1943 lsst_hardware_r -71.64138144001242 108.93000030517578 31.649999618530273 AB 5.746571281139282 1.079928828966848
62462.1804 lsst_hardware_i 74.79214112579653 80.37999725341797 31.329999923706055 AB 3.9619606685748368 1.0710896643893395
62462.2009 lsst_hardware_z -200.00833446021144 71.20999908447266 30.979999542236328 AB 4.072224323136606 1.1094467574272184
62467.1112 lsst_hardware_u 2.063595707542703 2.690000057220459 28.440000534057617 AB 4.011871020233627 1.0504800943246313
62467.1308 lsst_hardware_g -11.64911618414499 13.920000076293945 31.420000076293945 AB 3.7610077812402176 1.0447243836778382
62472.1448 lsst_hardware_r -8.294777124115994 22.8700008392334 31.5 AB 6.849805868671212 1.0606151022458652
62472.1637 lsst_hardware_z 7.6031614321057015 42.060001373291016 30.940000534057617 AB 7.032232978061543 1.0886090422448789
62476.0771 lsst_hardware_u 3.291371130568292 2.7300000190734863 28.469999313354492 AB 3.449691430754838 1.0584310595243807
62476.0972 lsst_hardware_g -0.4438472465196014 13.729999542236328 31.420000076293945 AB 5.445261630865583 1.0456240730075785
62478.0775 lsst_hardware_r -12.599971922155618 22.489999771118164 31.5 AB 3.060394134704547 1.0531294338279054
62478.0966 lsst_hardware_i 29.59529381795829 30.229999542236328 31.25 AB 3.97726172240474 1.044769070287163
62480.0799 lsst_hardware_z 48.24615630369782 41.119998931884766 30.940000534057617 AB 7.725662174083163 1.0480566386944838
62480.0975 lsst_hardware_r 4.1584399797323055 23.0 31.489999771118164 AB 9.61354423370305 1.0449504601851143
62482.1138 lsst_hardware_z -32.10005110565694 42.33000183105469 30.950000762939453 AB 13.228603247213783 1.0568227988293926
62482.1322 lsst_hardware_g -21.913228323379258 21.65999984741211 31.56999969482422 AB 12.670334847367307 1.0811019651047917
62484.1134 lsst_hardware_r -18.55684239900205 46.75 31.6200008392334 AB 7.836970236861825 1.0621479635687487
62484.1312 lsst_hardware_z -24.578941180013075 48.5099983215332 30.959999084472656 AB 7.799371397303184 1.089107543697425
62488.0544 lsst_hardware_z 4.313421484375399 90.43000030517578 31.729999542236328 AB 4.216257031078396 1.0501262842038346
62490.0461 lsst_hardware_y -53.98306514436625 58.220001220703125 30.059999465942383 AB 5.758815385492786 1.0520786271738363
62490.0653 lsst_hardware_i -12.336177357262144 75.25 31.329999923706055 AB 5.3448305338224795 1.0446773581866562
62492.0474 lsst_hardware_y -109.45614608293292 52.7599983215332 30.049999237060547 AB 5.719908263619441 1.0479221246325694
62492.066 lsst_hardware_r -85.50325230638248 68.87999725341797 31.649999618530273 AB 5.701693968298082 1.0451595933578302
62494.0489 lsst_hardware_y -6.12129333467378 49.41999816894531 30.049999237060547 AB 6.747764011312149 1.045408595018374
62494.0697 lsst_hardware_g -5.597258543345947 14.09000015258789 31.440000534057617 AB 6.715970542826451 1.0484420892168056
62496.0371 lsst_hardware_y -79.8089893361143 68.87999725341797 30.059999465942383 AB 9.824096767332026 1.0476242887050946
62496.0578 lsst_hardware_z 10.98832094868642 41.43000030517578 30.940000534057617 AB 9.900450010666193 1.0458129781251426
62498.0392 lsst_hardware_y -46.33433627573455 64.81999969482422 30.06999969482422 AB 6.063261356734481 1.0451496248105863
62498.0632 lsst_hardware_u -1.4622387587063057 2.740000009536743 28.440000534057617 AB 6.6151439127468565 1.0511351556271487
62500.0378 lsst_hardware_z 43.167202019564535 60.33000183105469 30.979999542236328 AB 10.782429988501166 1.0446825712487504
62500.0582 lsst_hardware_r 6.261589877418632 22.790000915527344 31.489999771118164 AB 8.87290005514497 1.051457582771027
