data/validation/pwv_sim_epoch_fit_epoch/14223763.ecsv
# %ECSV 0.9
# ---
# datatype:
# - {name: time, datatype: float64}
# - {name: band, datatype: string}
# - {name: flux, datatype: float64}
# - {name: fluxerr, datatype: float64}
# - {name: zp, datatype: float64}
# - {name: zpsys, datatype: string}
# - {name: pwv, datatype: float64}
# - {name: airmass, datatype: float64}
# meta: {SNID: '14223763', alt: 1024.0, c: 0.05428973585367203, dec: -21.702768, lat: -30.244573, lon: -70.7499537, ra: 132.011719, t0: 61080.38671875,
#   x0: 1.0215408330534495e-05, x1: -0.4923589527606964, z: 0.4563060998916626}
# schema: astropy-2.0
time band flux fluxerr zp zpsys pwv airmass
61014.3406 lsst_hardware_z -16.93666607621733 58.779998779296875 30.979999542236328 AB 4.114898888689325 1.0155646963158527
61016.3429 lsst_hardware_y -88.37078336645314 54.29999923706055 30.059999465942383 AB 4.403982494764972 1.0122934133466632
61019.3443 lsst_hardware_r 5.147937590691014 50.630001068115234 31.639999389648438 AB 9.195075669018241 1.0109755827512428
61021.3454 lsst_hardware_z 29.621759898625385 47.68000030517578 30.969999313354492 AB 11.769590419183801 1.011799617662017
61027.3013 lsst_hardware_r -43.04660112356824 31.09000015258789 32.25 AB 7.1147657755143205 1.0178977217102998
61027.3249 lsst_hardware_y 3.664047239092991 46.709999084472656 30.059999465942383 AB 7.066275205522273 1.0111169701330567
61029.2978 lsst_hardware_g -22.462397751396384 13.3100004196167 31.40999984741211 AB 4.535714781427985 1.0166344909620877
61031.28 lsst_hardware_r -22.538406213612916 38.13999938964844 32.68000030517578 AB 4.72410871157771 1.0267569466589241
61031.2991 lsst_hardware_i 23.308003462201885 29.75 31.25 AB 6.033796581174809 1.013260362367949
61033.2841 lsst_hardware_z -23.25853271636897 40.41999816894531 30.950000762939453 AB 5.636339465029705 1.0184621831103216
61033.3022 lsst_hardware_r -27.40936608154001 21.84000015258789 31.489999771118164 AB 6.162925561719484 1.0111444728005716
61037.276 lsst_hardware_i -22.17805839667687 29.68000030517578 31.25 AB 6.237396082540862 1.0166076248946585
61037.2986 lsst_hardware_z 48.40494124735206 40.209999084472656 30.950000762939453 AB 6.359624360156784 1.011229823526348
61039.2778 lsst_hardware_r 49.3306183072805 30.979999542236328 32.2400016784668 AB 8.813568915100316 1.0130538982873927
61039.2982 lsst_hardware_u 1.1730122233298361 3.75 29.200000762939453 AB 9.442824331955485 1.0123096410758452
61041.26 lsst_hardware_y 13.654684377519974 49.0099983215332 30.059999465942383 AB 7.212497568199601 1.020137928097345
61041.2816 lsst_hardware_g -1.4152342599758396 42.09000015258789 31.709999084472656 AB 7.1493792221676244 1.0110345580642486
61044.2581 lsst_hardware_r -50.110188002926115 96.4800033569336 31.670000076293945 AB 2.8149505720434522 1.0158914578364948
61044.2779 lsst_hardware_i -5.370126388478902 73.91999816894531 31.34000015258789 AB 2.7408186393371006 1.0110612871824534
61047.2679 lsst_hardware_z 63.766032268438025 54.40999984741211 30.979999542236328 AB 9.535139153113917 1.0109707531133327
61047.289 lsst_hardware_r -17.431937961295333 66.3499984741211 31.649999618530273 AB 9.607092185466 1.0186896370556862
61050.2396 lsst_hardware_z -35.576948140420264 43.2599983215332 30.959999084472656 AB 7.338131630192933 1.017171796124747
61050.2617 lsst_hardware_r 64.59045717190007 34.310001373291016 31.600000381469727 AB 6.751453964929828 1.0110750977057024
61055.2223 lsst_hardware_i -3.6223301485315975 30.454477874082762 31.25 AB 5.506545775640345 1.0197306991926565
61055.2414 lsst_hardware_z -36.622571831042805 40.747127170756706 30.950000762939453 AB 5.460629014224176 1.0112275952266991
61057.2083 lsst_hardware_z 96.10610502257359 41.15025187854846 30.940000534057617 AB 3.175138163710938 1.0274973832191245
61057.2286 lsst_hardware_r 11.12279636901001 23.293188354721167 31.489999771118164 AB 3.337392065020532 1.0130705448812705
61059.2049 lsst_hardware_u 5.9228711978471855 2.7839745895583636 28.350000381469727 AB 5.947272939382418 1.025391886100417
61059.2244 lsst_hardware_g 32.36565098880109 14.26018530227371 31.399999618530273 AB 6.066317525334114 1.01262812018709
61063.1849 lsst_hardware_z 496.6441547112035 46.05923977648909 30.950000762939453 AB 8.961777649578865 1.0357941901752563
61063.2053 lsst_hardware_r 855.9733860084882 36.88067002115854 31.489999771118164 AB 8.87638591408564 1.0164285602273668
61065.1884 lsst_hardware_u 7.6648934068614505 4.27472879013041 28.3799991607666 AB 7.962808704012801 1.0255074154367856
61065.2075 lsst_hardware_r 1271.228530534946 42.11372428147044 31.489999771118164 AB 7.80262979895496 1.012802414194569
61067.1866 lsst_hardware_i 1273.3762113775822 46.10001676393606 31.25 AB 11.13493090577649 1.022115926728152
61067.2046 lsst_hardware_z 1026.6114465348976 50.30536579500467 30.950000762939453 AB 11.090738372461093 1.012021021303124
61069.188 lsst_hardware_r 2658.8948502280837 70.58595227548672 31.6299991607666 AB 9.77685703333418 1.0169924619893045
61069.205 lsst_hardware_z 1290.6408026632191 58.219999357266765 30.969999313354492 AB 9.706652068589328 1.0110393794100403
61072.1666 lsst_hardware_i 2168.5405596413625 92.7074708678418 31.34000015258789 AB 8.585208990641389 1.0282918901235345
61072.1845 lsst_hardware_z 1789.1717860285275 79.26897799325052 31.0 AB 11.584428118949381 1.0143982591023977
61074.1738 lsst_hardware_r 4005.4502511491264 117.52796728585027 31.670000076293945 AB 9.3052921029861 1.017342431084479
61074.1919 lsst_hardware_z 1965.2445251168217 81.73067694698636 30.989999771118164 AB 9.225409089185941 1.0110037358012063
61076.1518 lsst_hardware_z 1900.3649189006987 69.34299017266926 30.969999313354492 AB 6.570086131135762 1.0327617706789252
61076.1706 lsst_hardware_r 4095.9157991238135 93.27996041636266 31.649999618530273 AB 6.814040190087375 1.015959473697238
61078.1498 lsst_hardware_i 2830.896835236695 66.10941417185364 31.290000915527344 AB 5.0566329509298695 1.0287467009893834
61078.169 lsst_hardware_z 1965.1263910104267 64.23275123099197 30.959999084472656 AB 5.073504383829889 1.0139910830078722
61080.1475 lsst_hardware_r 3766.605429269986 67.3692148031486 31.540000915527344 AB 5.7425170974057425 1.025449481679597
61080.1673 lsst_hardware_z 2071.125569549591 61.76517173318265 30.959999084472656 AB 5.684437668493286 1.0125467881177828
61082.1505 lsst_hardware_r 3518.2102349559477 64.37272544156635 31.5 AB 2.0847612105631232 1.0183227307671419
61082.1676 lsst_hardware_i 2662.403927179046 60.07594383201802 31.260000228881836 AB 2.730329479523638 1.0112331405643102
61084.1354 lsst_hardware_i 2559.5072370550097 59.46081969838167 31.25 AB 3.784012061611651 1.0266367790942756
61084.1529 lsst_hardware_z 2145.407912725964 60.96203578468607 30.950000762939453 AB 3.7301794065722276 1.0138652973695927
61086.1313 lsst_hardware_r 3303.158338669187 61.677189219884085 31.510000228881836 AB 2.8604992942752236 1.0252685642563049
61086.1482 lsst_hardware_g 796.0912555995205 31.330690014127672 31.440000534057617 AB 2.8784602891910414 1.0135423553490044
61090.1179 lsst_hardware_z 1914.9098024427778 58.8917383320853 30.959999084472656 AB 3.408037831456226 1.0278073379611639
61090.1356 lsst_hardware_i 2430.0127478369095 57.14370917627193 31.260000228881836 AB 3.1391927901942873 1.014278769045004
61092.1202 lsst_hardware_u 0.32159969207821304 2.8451417916253794 28.520000457763672 AB 4.678438978889102 1.0205647654366339
61092.1373 lsst_hardware_g 432.17913396877407 25.947352775303443 31.43000030517578 AB 5.165976020579814 1.0117792108202672
61094.1185 lsst_hardware_r 2154.5058258507456 51.26466320683983 31.489999771118164 AB 6.705071849388745 1.0177962176824062
61094.1359 lsst_hardware_i 2058.817472627175 53.9958778432455 31.25 AB 8.156853587050282 1.0111070794942865
61097.0687 lsst_hardware_r 2028.3194821044328 61.10012655401556 31.600000381469727 AB 6.911604262145379 1.0768534295734167
61097.082 lsst_hardware_z 1303.5082740814078 58.12969279675989 30.959999084472656 AB 6.73662435111424 1.0508461446205657
61101.097 lsst_hardware_z 1253.299205136927 77.23774357352146 31.0 AB 3.0516920849229487 1.019496242179159
61101.1163 lsst_hardware_i 1896.5264756586623 89.4298735335071 31.34000015258789 AB 2.971456809677486 1.0111581702623023
61103.1034 lsst_hardware_z 2202.1078403277334 107.59274977534292 31.739999771118164 AB 4.603877892883977 1.0129172878627062
61105.0949 lsst_hardware_r 1012.9772014580127 74.13501425063963 31.649999618530273 AB 7.290441457435166 1.0141576728325201
61105.1136 lsst_hardware_i 1440.5142696501805 67.07172852339312 31.31999969482422 AB 7.197168176604087 1.0113116875790875
61107.1007 lsst_hardware_z 1857.8899890018372 77.67302617187771 31.709999084472656 AB 10.427577982639434 1.011077373882298
61109.0749 lsst_hardware_g 121.53451220332308 17.271010923121295 31.420000076293945 AB 10.266740091836025 1.0196891385843
61109.0935 lsst_hardware_r 618.4923528686058 34.27340929591158 31.489999771118164 AB 11.301752150273515 1.0112821442664284
61111.0724 lsst_hardware_i 976.3487728891664 43.48119582921307 31.25 AB 7.8777753373487425 1.017581313758718
61111.0917 lsst_hardware_z 849.0522992061955 49.71500870822426 30.950000762939453 AB 7.988643318371705 1.0109647327729183
61113.0721 lsst_hardware_i 918.6749012642097 42.24363454818274 31.239999771118164 AB 13.176145283822944 1.0146097743531723
61113.0908 lsst_hardware_u -0.9596857014965683 2.837354649548957 28.43000030517578 AB 13.204743067020217 1.0111797122251531
61114.0723 lsst_hardware_g 102.44276087295806 15.963931598872216 31.399999618530273 AB 9.706551958511978 1.0133157906370327
61114.0915 lsst_hardware_r 497.70680912651494 31.393855684250592 31.489999771118164 AB 9.08501325638957 1.0117880192730841
61116.0712 lsst_hardware_i 825.1947505576836 41.214675845746896 31.25 AB 8.237730326080044 1.011912947342695
61116.0899 lsst_hardware_r 419.5739063821113 30.44277343924835 31.489999771118164 AB 7.741844317872056 1.012932659671864
61118.0475 lsst_hardware_z 756.1696337392974 48.34085321719338 30.950000762939453 AB 7.365721640227429 1.0219759930016379
61118.0669 lsst_hardware_u 2.8689191946686505 3.2951695875192932 28.450000762939453 AB 7.339479511308264 1.011644315824709
61120.0478 lsst_hardware_g 55.9551688132755 15.425655212227488 31.420000076293945 AB 4.050799781190863 1.017597131493006
61120.068 lsst_hardware_r 304.3537176304967 29.164265957383186 31.5 AB 3.964198659627425 1.0109527981198405
61122.0458 lsst_hardware_i 598.0878109229542 39.02688671353995 31.25 AB 6.083034934279384 1.0155034530390445
61122.0649 lsst_hardware_z 610.605171949209 47.249835559471435 30.950000762939453 AB 6.044542481136272 1.011046664068968
61124.0386 lsst_hardware_i 571.7267689428961 40.11563432724881 31.260000228881836 AB 8.360753036320475 1.0165049284280596
61124.0567 lsst_hardware_z 435.1138510469026 47.33192665836905 30.950000762939453 AB 10.410805353943118 1.0109541031212972
61126.0364 lsst_hardware_z 467.73737713685483 51.042282448348814 30.959999084472656 AB 5.553161730667795 1.0147085632844064
61126.0544 lsst_hardware_r 307.50775061243365 46.280549162125794 31.6200008392334 AB 6.304097588239728 1.0110822114257783
61128.0346 lsst_hardware_i 489.31118256318234 61.27567325147143 31.31999969482422 AB 6.585225345500978 1.013111591615535
61128.0521 lsst_hardware_r 332.5931853242179 70.61332283716845 31.649999618530273 AB 6.8268552511240825 1.0115358202880393
61130.0266 lsst_hardware_z 858.6932040428042 93.90500579177991 31.729999542236328 AB 6.070494661030617 1.0141718540453222
61133.0187 lsst_hardware_r 250.21176404465737 81.78635335714945 31.65999984741211 AB 6.303520418376479 1.0140390779612272
61133.0361 lsst_hardware_i 404.0932412940108 68.32084335989623 31.329999923706055 AB 6.446446566877953 1.011167650974898
61135.0164 lsst_hardware_z 399.5335499140985 50.253118448614394 30.959999084472656 AB 7.714356262411946 1.0127814444547547
61135.0348 lsst_hardware_r 209.42765528139972 50.823052470132964 31.6299991607666 AB 7.730739060975427 1.011943067082336
61137.0139 lsst_hardware_u 5.091291528977222 3.247184871840072 28.440000534057617 AB 10.773371926187243 1.0119009323281694
61137.0322 lsst_hardware_g 50.379790830622355 14.798960001868805 31.40999984741211 AB 10.831268924015474 1.0128044999546884
61138.993 lsst_hardware_y 212.09333218590044 48.26210878353397 30.049999237060547 AB 9.323215785346859 1.0196736185213482
61139.0131 lsst_hardware_r 195.64164185913808 26.153575269948288 31.479999542236328 AB 8.139823724500168 1.0110954256878664
61141.9889 lsst_hardware_y 195.43802341207476 48.55244677776613 30.059999465942383 AB 5.518059054096477 1.0168413490349772
61142.0071 lsst_hardware_r 171.24342782378443 26.204206488099206 31.5 AB 5.017316814466425 1.010961326061575
61147.9837 lsst_hardware_y 187.233025626981 48.61689428944694 30.059999465942383 AB 11.374984264189482 1.0119417533696133
61148.0008 lsst_hardware_i 286.72095416081856 34.501047197372834 31.260000228881836 AB 10.832255152050466 1.0123602945841559
61149.967 lsst_hardware_y 202.11589907582615 69.69579746149063 30.079999923706055 AB 9.027821692709988 1.0168756130557843
61149.9855 lsst_hardware_r 137.25266260393164 26.167204541911968 31.510000228881836 AB 9.21941244084781 1.0109559121494687
61151.9657 lsst_hardware_y 222.81588544997234 82.1947930068748 30.079999923706055 AB 9.304549384329714 1.0145621398244153
61151.9838 lsst_hardware_g 9.74962901035979 17.485281910812006 31.510000228881836 AB 9.312416698337307 1.011120162685918
61155.9714 lsst_hardware_y 145.48107195070483 85.19999694824219 30.81999969482422 AB 13.511013945618616 1.011000744209667
61381.3434 lsst_hardware_g -13.642423739039833 17.34000015258789 31.530000686645508 AB 4.419618993008782 1.0123390008609705
61383.3432 lsst_hardware_z 14.780136294494318 42.810001373291016 30.959999084472656 AB 7.455328310295039 1.0112119057276647
61385.3402 lsst_hardware_u -2.7582600169353637 3.5299999713897705 28.709999084472656 AB 8.53910995474638 1.0109942228500106
61387.3256 lsst_hardware_r 29.031391219735532 22.059999465942383 31.5 AB 10.178101102576857 1.0127967662646755
61387.3461 lsst_hardware_z -24.544719294968676 45.02000045776367 30.969999313354492 AB 10.622887319572623 1.0125473436980434
61389.3258 lsst_hardware_z 23.315836356247324 40.38999938964844 30.950000762939453 AB 8.349350183652843 1.01135855302962
61389.3451 lsst_hardware_y 47.53567908709165 51.810001373291016 30.059999465942383 AB 8.47953676016119 1.0143110995297648
61390.3231 lsst_hardware_u 3.0450036509908767 2.7200000286102295 28.5 AB 10.706399637021038 1.0113535306343153
61390.3419 lsst_hardware_y 29.57438225171079 48.5099983215332 30.059999465942383 AB 10.824285581147 1.0140942098220789
61392.2099 lsst_hardware_i -17.256976204600676 58.849998474121094 32.43000030517578 AB 5.961301122642264 1.2572164054782673
61396.2903 lsst_hardware_y 59.05359692560421 49.04999923706055 30.059999465942383 AB 4.76288274581316 1.0184172226039792
61396.3112 lsst_hardware_g -31.360762168754345 38.040000915527344 31.700000762939453 AB 6.0997090212962926 1.010959604651005
61405.2814 lsst_hardware_r 20.079730322138076 29.81999969482422 31.56999969482422 AB 5.691595536139652 1.0114795692446512
61405.3033 lsst_hardware_i 53.690081909816264 33.54999923706055 31.270000457763672 AB 5.099513649611387 1.0152495030333746
61407.2817 lsst_hardware_z 31.622187143187258 40.650001525878906 30.950000762939453 AB 4.955697164587771 1.010954133942834
61407.3021 lsst_hardware_r 2.2245387433601644 23.299999237060547 31.520000457763672 AB 5.26770353027284 1.0178153860057655
61409.2629 lsst_hardware_r 6.433464639388257 22.040000915527344 31.5 AB 2.753029001348398 1.0138202914190382
61409.2837 lsst_hardware_u 4.246067077106242 2.640000104904175 28.43000030517578 AB 2.7707789115767807 1.0118794527807107
61411.2629 lsst_hardware_g -12.974703623478065 13.329999923706055 31.40999984741211 AB 7.557192940475847 1.0119433503583084
61411.2828 lsst_hardware_i 23.893602282564366 29.799999237060547 31.25 AB 7.49128656222119 1.0133402329634562
61413.2427 lsst_hardware_z 106.5075554806531 57.380001068115234 31.709999084472656 AB 8.18041603810618 1.0192712255061744
61413.2649 lsst_hardware_r -33.69922705563384 31.229999542236328 32.2599983215332 AB 8.997495190468037 1.0109545157829254
61422.2044 lsst_hardware_r -21.382300280317967 22.209999084472656 31.5 AB 3.191088529951781 1.0327147346122312
61422.2237 lsst_hardware_u -3.6596154019063447 2.740000009536743 28.510000228881836 AB 3.274120972729817 1.0156512168534146
61424.2021 lsst_hardware_z -43.5787549984055 47.560001373291016 30.969999313354492 AB 5.968400259356283 1.0290345274752213
