data/validation/pwv_sim_epoch_fit_epoch/14296594.ecsv
# %ECSV 0.9
# ---
# datatype:
# - {name: time, datatype: float64}
# - {name: band, datatype: string}
# - {name: flux, datatype: float64}
# - {name: fluxerr, datatype: float64}
# - {name: zp, datatype: float64}
# - {name: zpsys, datatype: string}
# - {name: pwv, datatype: float64}
# - {name: airmass, datatype: float64}
# meta: {SNID: '14296594', alt: 1024.0, c: -0.016731349751353264, dec: -7.331168, lat: -30.244573, lon: -70.7499537, ra: 18.632812, t0: 61362.26953125,
#   x0: 5.191174909142194e-05, x1: 0.766774594783783, z: 0.22642937302589417}
# schema: astropy-2.0
time band flux fluxerr zp zpsys pwv airmass
61234.4156 lsst_hardware_g -2.6648313781893846 15.529999732971191 31.459999084472656 AB 6.756012478785301 1.0988661897235439
61234.4362 lsst_hardware_z -39.86241019075499 45.470001220703125 30.959999084472656 AB 6.998936946703059 1.0871009262527727
61236.4169 lsst_hardware_i 12.712939823934343 32.11000061035156 31.25 AB 5.022716319391216 1.093082985721701
61236.4356 lsst_hardware_y -85.72345331122698 51.90999984741211 30.030000686645508 AB 4.973643121160211 1.0868381581338893
61239.4188 lsst_hardware_r -4.856696338887861 24.219999313354492 31.5 AB 2.364129294630545 1.0879564172252854
61239.4383 lsst_hardware_y -26.53773852193053 56.900001525878906 30.040000915527344 AB 2.3856278397742763 1.0897009659811698
61243.4107 lsst_hardware_g -12.498432403663054 15.109999656677246 31.43000030517578 AB 5.808159736975383 1.087263148067275
61243.4313 lsst_hardware_y -76.5941835970389 49.91999816894531 30.030000686645508 AB 5.459550049047511 1.0919100098095023
61245.4058 lsst_hardware_z 8.143535696247799 59.849998474121094 31.700000762939453 AB 5.77474392334133 1.0871641028552417
61245.4253 lsst_hardware_y -84.15521326476814 68.55000305175781 30.780000686645508 AB 5.642049357779181 1.0915694041651494
61250.3786 lsst_hardware_z -14.134092472222857 61.22999954223633 30.969999313354492 AB 5.137780543154094 1.0931447964157648
61250.3977 lsst_hardware_r -2.139226893359246 85.05999755859375 31.639999389648438 AB 5.1082399383786905 1.086859561357168
61252.3762 lsst_hardware_i 13.569721249762857 75.55999755859375 31.31999969482422 AB 4.909680067618909 1.0911410466048137
61252.3976 lsst_hardware_z 40.1186893198123 66.76000213623047 30.979999542236328 AB 4.9020813447784 1.0877399433679884
61254.3755 lsst_hardware_r -21.321093433323885 87.7300033569336 31.639999389648438 AB 2.0539935605036654 1.0887853487960062
61254.3944 lsst_hardware_z -11.987398446340292 66.08000183105469 30.979999542236328 AB 2.0550098626566453 1.0884586136952572
61257.3585 lsst_hardware_g -40.14209446929329 46.310001373291016 31.68000030517578 AB 2.2342446834479373 1.0938774459965421
61257.3779 lsst_hardware_i 23.88310078056373 47.349998474121094 31.299999237060547 AB 1.5786239066591174 1.086832293741217
61259.3595 lsst_hardware_z -11.370847627877305 43.59000015258789 30.950000762939453 AB 4.635428194842566 1.0898342150883777
61259.3809 lsst_hardware_r -55.14239350982761 28.6299991607666 31.540000915527344 AB 3.3162519128289296 1.088515083945052
61262.3609 lsst_hardware_u -1.629507438406726 2.759999990463257 28.440000534057617 AB 5.567700488248303 1.0869638319582589
61262.3818 lsst_hardware_g -21.432233740015096 14.920000076293945 31.440000534057617 AB 5.686507561252922 1.0935591463947927
61265.3567 lsst_hardware_r 15.007073233566148 33.900001525878906 32.2599983215332 AB 5.052820494444002 1.0868617970410845
61265.3786 lsst_hardware_i -41.21007040466769 44.849998474121094 32.0099983215332 AB 4.838002543339388 1.0977787750793733
61267.3279 lsst_hardware_i -8.592406548579575 31.600000381469727 31.25 AB 5.188799754902382 1.0966114311170938
61267.3486 lsst_hardware_z -46.07116380552857 42.18000030517578 30.950000762939453 AB 6.080431334753456 1.0868587603455995
61273.3295 lsst_hardware_g -28.060891809853672 14.5600004196167 31.420000076293945 AB 1.6220265815566963 1.0871491833489921
61273.3501 lsst_hardware_i 25.08555029455568 31.18000030517578 31.239999771118164 AB 2.0165376363629806 1.0923822515509105
61275.3156 lsst_hardware_z -48.47807789985976 45.7599983215332 30.950000762939453 AB 2.206143861393766 1.089947150427156
61275.3347 lsst_hardware_r -7.570258157223977 34.040000915527344 31.56999969482422 AB 2.1796040387582485 1.087717228025409
61277.3216 lsst_hardware_y -16.44252141572718 71.41000366210938 30.790000915527344 AB 2.6874107422995577 1.086847159193674
61279.2792 lsst_hardware_r 25.255817337599865 98.37000274658203 31.639999389648438 AB 2.90257400304451 1.1163746165555808
61279.2965 lsst_hardware_i -1.967023847393574 76.6500015258789 31.329999923706055 AB 3.306287177009986 1.0954318485910663
61287.2754 lsst_hardware_r 7.391989312916654 31.0 31.559999465942383 AB 2.44473658246365 1.0948215774579713
61287.2937 lsst_hardware_z 57.345109611057666 44.529998779296875 30.950000762939453 AB 2.5220127493095035 1.086879259892765
61304.2311 lsst_hardware_z -45.329019979758755 66.08999633789062 31.709999084472656 AB 3.508827981949584 1.0932063501765614
61306.2161 lsst_hardware_r -51.3890886164084 65.4000015258789 31.6299991607666 AB 2.200855209380864 1.101988755427173
61306.2354 lsst_hardware_i 16.65259828153838 55.29999923706055 31.309999465942383 AB 2.1388828514020286 1.0881208333400179
61308.2125 lsst_hardware_z 80.63016255079808 77.70999908447266 30.989999771118164 AB 6.709840695675151 1.09997388453691
61308.2309 lsst_hardware_r -49.148807949389884 113.44999694824219 31.649999618530273 AB 6.468869232014573 1.087829576986433
61310.1803 lsst_hardware_i 131.01037481481015 121.44999694824219 31.31999969482422 AB 4.514849575807333 1.143916956836511
61310.2001 lsst_hardware_z -117.31760729958607 101.62000274658203 30.989999771118164 AB 4.393104761456732 1.108250444363454
61312.1792 lsst_hardware_z 52.28064192040081 67.55999755859375 30.979999542236328 AB 4.593378102299857 1.13444754317106
61312.1992 lsst_hardware_r -104.95582869156509 90.01000213623047 31.639999389648438 AB 4.4672704612669705 1.1025760085397143
61314.1824 lsst_hardware_i 27.892895937825 44.029998779296875 31.280000686645508 AB 5.33108861832851 1.118390647365366
61314.2011 lsst_hardware_r -17.203230408367105 48.75 31.610000610351562 AB 5.250602057201455 1.095301602545284
61318.1778 lsst_hardware_r -25.637146317311966 24.350000381469727 31.5 AB 7.047793730693781 1.1088701293867231
61318.1965 lsst_hardware_i -19.184164631058458 31.809999465942383 31.25 AB 6.8533501546243345 1.0908635343610356
61320.1716 lsst_hardware_z 78.48873027521908 42.7599983215332 30.950000762939453 AB 5.067577039316475 1.1098909376126613
61320.1896 lsst_hardware_r 13.992480848125059 24.389999389648438 31.510000228881836 AB 4.955085997347856 1.0917292200160522
61322.1679 lsst_hardware_u 1.6854645034648643 2.740000009536743 28.399999618530273 AB 3.580176605616597 1.1074994655447044
61322.1851 lsst_hardware_g 1.4739056260763863 15.15999984741211 31.450000762939453 AB 3.5192955589828 1.0911416573945594
61324.1722 lsst_hardware_r -1.293910553526645 24.290000915527344 31.510000228881836 AB 4.268662568069606 1.0966847395914037
61324.1914 lsst_hardware_z 25.34834541195696 42.209999084472656 30.950000762939453 AB 4.1791292187737845 1.0869939011897025
61327.1464 lsst_hardware_i -12.33049382748966 32.04999923706055 31.239999771118164 AB 9.414963949078732 1.119230141355056
61327.1636 lsst_hardware_r 29.973012852195325 24.309999465942383 31.5 AB 9.114705643558738 1.0970558447613326
61329.1426 lsst_hardware_u 3.0006856900707595 2.9600000381469727 28.5 AB 8.718118811509248 1.116514682370448
61329.1607 lsst_hardware_g -2.6816359241224936 15.979999542236328 31.479999542236328 AB 8.572632692936457 1.0948445329420762
61331.1427 lsst_hardware_r 16.265619301765643 30.0 31.549999237060547 AB 6.779863447571435 1.1083339423324317
61331.1616 lsst_hardware_i 21.038780460663908 34.4900016784668 31.270000457763672 AB 6.66931305865966 1.0905291969247823
61333.1417 lsst_hardware_z 13.0420436718807 47.04999923706055 30.959999084472656 AB 3.641319404271703 1.1027617820327558
61333.1588 lsst_hardware_r -49.62805802737476 42.810001373291016 31.610000610351562 AB 3.6597660849890805 1.0892160967229407
61336.1441 lsst_hardware_z 65.69361288501744 97.20999908447266 31.739999771118164 AB 5.298024937171583 1.0929396466573662
61341.1114 lsst_hardware_i 161.82936196704108 67.68867898988549 31.31999969482422 AB 4.1116610389228745 1.1140700069335823
61341.1277 lsst_hardware_r 391.26505421222464 81.15545389978696 31.649999618530273 AB 3.2141995797079077 1.0950343513185956
61344.1095 lsst_hardware_u 3.6171363479475906 4.668339715359826 28.549999237060547 AB 5.482568278077423 1.1053565076767615
61344.1261 lsst_hardware_g 1143.5590679576019 37.47825716206854 31.459999084472656 AB 4.130381576523695 1.0905297891811738
61351.0737 lsst_hardware_i 11728.142612843401 115.91995260423305 31.989999771118164 AB 4.13641123462006 1.1324360014471042
61351.0976 lsst_hardware_z 7905.033710864088 105.68233505469287 31.700000762939453 AB 5.007472590642683 1.0974881481537149
61356.0852 lsst_hardware_i 9053.02555741644 99.85343129466703 31.239999771118164 AB 3.6863740765915267 1.0963465989020378
61356.1038 lsst_hardware_u 272.06022015003145 15.800911666911064 28.360000610351562 AB 3.6607063509374096 1.0870156441467476
61359.0871 lsst_hardware_i 10378.812829252825 105.38625136579044 31.25 AB 4.57603772102938 1.0895327907212808
61359.1056 lsst_hardware_r 14123.80913638766 121.65670133899798 31.520000457763672 AB 4.568676458284565 1.0877801091153725
61364.0655 lsst_hardware_z 4968.741290982412 92.60168830840594 30.979999542236328 AB 7.286843598525235 1.094545221273421
61364.0864 lsst_hardware_r 16386.428563312555 147.88895598865068 31.639999389648438 AB 6.244364730546198 1.0868585629866903
61368.0616 lsst_hardware_i 11018.777735469352 131.9832356236613 31.329999923706055 AB 8.209011213937458 1.0899811295835629
61368.0807 lsst_hardware_z 4930.0918135649235 98.13873188666496 30.989999771118164 AB 8.217131714764184 1.087689513955725
61372.0323 lsst_hardware_y 1145.1820305899466 59.40730758415312 30.030000686645508 AB 4.90917612924848 1.1062932122250095
61372.0513 lsst_hardware_i 8716.767751801917 98.83560302168156 31.239999771118164 AB 4.204688582652164 1.0896739588768007
61374.0346 lsst_hardware_z 3642.8898794507795 73.28286338251057 30.950000762939453 AB 6.1320445821253315 1.097670465347554
61374.0545 lsst_hardware_u 67.87289136910648 8.709853197480076 28.479999542236328 AB 5.360151922386343 1.0870314180463077
61376.034 lsst_hardware_y 995.1651832210573 58.60576409320461 30.030000686645508 AB 7.575157705696358 1.0935697568494815
61376.0527 lsst_hardware_r 10468.396866873523 104.1943206552406 31.5 AB 6.8268786511430894 1.086822996281635
61383.0313 lsst_hardware_y 980.1768327783902 66.73072393665619 30.049999237060547 AB 5.364878125746307 1.0868877888464055
61383.0503 lsst_hardware_r 7350.273965675292 88.75720612358624 31.5 AB 5.8434331848586005 1.09274112853835
61599.4434 lsst_hardware_r 11.484900396098713 33.91999816894531 31.56999969482422 AB 7.0044944278355965 1.087007386054201
61606.4098 lsst_hardware_z 39.60816850913557 62.65999984741211 30.979999542236328 AB 5.166209647393863 1.0896494493044322
61606.4325 lsst_hardware_y 75.3974684631818 57.47999954223633 30.040000915527344 AB 5.662742917302336 1.0892683221279178
61609.3794 lsst_hardware_z -40.65888063892695 64.37000274658203 30.979999542236328 AB 5.6800695008046835 1.1104730206851778
61609.4007 lsst_hardware_y 8.616742706594922 55.20000076293945 30.040000915527344 AB 5.603110659182719 1.0900993500355485
61610.4267 lsst_hardware_y 129.26814985140578 80.87999725341797 30.799999237060547 AB 5.65051359655197 1.0920625408056635
61616.3781 lsst_hardware_g -10.39416032580917 15.329999923706055 31.459999084472656 AB 5.110746251588843 1.0921370317703876
61616.3992 lsst_hardware_r 14.660674096688972 24.280000686645508 31.510000228881836 AB 5.0788520948072025 1.0873545965688927
61618.3719 lsst_hardware_i -16.221990036146035 31.719999313354492 31.25 AB 5.601569090404613 1.092633762757727
61618.3935 lsst_hardware_z -77.02846730275338 42.27000045776367 30.940000534057617 AB 6.836818670987804 1.0873091426810195
61621.3656 lsst_hardware_r -21.05853338630395 24.149999618530273 31.510000228881836 AB 2.0211148766002305 1.0914129474935994
61621.3857 lsst_hardware_u 0.9039857071121389 2.8399999141693115 28.5 AB 2.192172260785712 1.0873870341198968
61623.3577 lsst_hardware_g 20.44879423153271 15.079999923706055 31.440000534057617 AB 2.850500315990677 1.0930181751681778
61623.3786 lsst_hardware_i -48.29686403568805 31.809999465942383 31.25 AB 3.1510679328998723 1.0871062069056283
61625.36 lsst_hardware_z 39.37092778707788 41.95000076293945 30.940000534057617 AB 2.826418907363402 1.0887592093079361
61625.381 lsst_hardware_r -6.060339519439955 23.68000030517578 31.489999771118164 AB 1.5252182578335096 1.0894416127382212
61628.3602 lsst_hardware_u -0.8540244710090338 3.7699999809265137 29.1200008392334 AB 5.869276458414604 1.0869030478545563
61628.3802 lsst_hardware_g -17.197498040133745 14.770000457763672 31.420000076293945 AB 6.582362742131681 1.093930600027424
61630.3286 lsst_hardware_z 11.707788761828828 48.439998626708984 30.959999084472656 AB 3.9740912277704905 1.1021793180467294
61630.3479 lsst_hardware_r 45.92497561460844 41.34000015258789 31.610000610351562 AB 5.077195218724242 1.0882035904960152
61643.2775 lsst_hardware_i 15.956784185897176 32.08000183105469 31.239999771118164 AB 2.476555584661934 1.1251956313775255
61652.2385 lsst_hardware_g 1.2208091331016062 14.890000343322754 31.399999618530273 AB 1.9055851864165556 1.1567696396701066
61652.2563 lsst_hardware_r -10.862391159895491 24.100000381469727 31.489999771118164 AB 2.4825826065044407 1.119288821688206
61656.2347 lsst_hardware_z 11.62359727275007 44.459999084472656 30.940000534057617 AB 2.7400726276880074 1.1398762924584376
61656.2525 lsst_hardware_g -7.909777529011332 16.030000686645508 31.459999084472656 AB 3.104981634879622 1.108526110274767
61673.2158 lsst_hardware_g -12.727355213252919 15.0 31.440000534057617 AB 6.659216857195888 1.0974469860103155
61673.2352 lsst_hardware_r 60.1541606337938 23.979999542236328 31.5 AB 6.563538422065353 1.0871135120948536
61677.1827 lsst_hardware_r 15.505968073376902 24.489999771118164 31.5 AB 4.533494889606122 1.1289051395573908
61677.2012 lsst_hardware_i 24.136439053891714 32.02000045776367 31.25 AB 4.4488929186913495 1.101165690860447
61679.1789 lsst_hardware_z 81.13306821929734 42.68000030517578 30.940000534057617 AB 5.31026858964849 1.1257724379158023
61679.1971 lsst_hardware_i 5.574315967570747 31.6299991607666 31.239999771118164 AB 5.233856799459927 1.0997230234721704
61681.1805 lsst_hardware_u -0.9492401804226259 2.7799999713897705 28.43000030517578 AB 3.1504786553306814 1.1138993477891175
61681.1986 lsst_hardware_g 4.938469760998769 15.239999771118164 31.440000534057617 AB 3.074016441939259 1.0935668594588426
61683.1774 lsst_hardware_r -23.56943055144759 24.40999984741211 31.5 AB 6.893046892712554 1.1104384845286195
61683.1956 lsst_hardware_i -36.98418295769553 31.889999389648438 31.25 AB 6.927026637045586 1.091873369821976
61687.1712 lsst_hardware_z 123.52198816131312 46.72999954223633 30.950000762939453 AB 3.556818118653543 1.1042589626369275
61687.1889 lsst_hardware_r 5.479725392604571 41.52000045776367 31.600000381469727 AB 3.4792869937124618 1.0895470752754424
61691.1744 lsst_hardware_i -35.07543163823128 84.02999877929688 31.329999923706055 AB 7.251737180243903 1.0914715804099793
61691.1934 lsst_hardware_z -30.864779376765526 73.62000274658203 30.989999771118164 AB 6.9981721594171775 1.0871791454743711
61693.1482 lsst_hardware_z -1.3403824389602619 143.74000549316406 31.75 AB 6.868433712561887 1.113198332668053
61695.1442 lsst_hardware_r 35.41178032339282 110.0199966430664 31.639999389648438 AB 7.110767340695986 1.1110573969837478
61695.1618 lsst_hardware_i 113.65758234514071 88.08999633789062 31.329999923706055 AB 6.992348400517064 1.0925544375807912
61697.1529 lsst_hardware_z 114.6160922158574 72.91999816894531 31.719999313354492 AB 4.132321484325598 1.0951382025597876
61701.1354 lsst_hardware_g -3.15761499290237 15.170000076293945 31.440000534057617 AB 5.264800016881816 1.101461002869378
61701.1543 lsst_hardware_r -40.03142926565638 24.209999084472656 31.5 AB 5.219470726218086 1.088126486937632
61704.1363 lsst_hardware_i -59.99337367593361 31.829999923706055 31.25 AB 2.76069808613453 1.0932014596622062
61704.1533 lsst_hardware_z 23.781984121941722 42.34000015258789 30.950000762939453 AB 2.786039974501228 1.0868816545514934
61706.1076 lsst_hardware_z 3.260268801021987 42.41999816894531 30.940000534057617 AB 4.17474626903379 1.1214397212662401
61706.1251 lsst_hardware_i -19.500430521284727 31.479999542236328 31.25 AB 3.155679693435137 1.0980096358507783
61708.1158 lsst_hardware_u -0.3545012690366144 2.6700000762939453 28.350000381469727 AB 6.612004988616949 1.1020008314361582
61708.1337 lsst_hardware_g -10.188825051626596 14.90999984741211 31.420000076293945 AB 6.031896115439931 1.088642533129918
61710.0579 lsst_hardware_r 12.519129636495123 24.440000534057617 31.479999542236328 AB 5.111315752528328 1.228189608136257
61712.1156 lsst_hardware_z -71.0350269203203 41.939998626708984 30.940000534057617 AB 4.3736270607767 1.0924053935832774
61712.1339 lsst_hardware_u -1.9901382573576 2.75 28.43000030517578 AB 4.269463682784641 1.0869306728066805
61721.0902 lsst_hardware_r 145.20997570600457 113.91000366210938 31.649999618530273 AB 3.6775768656274894 1.0929718004690634
61721.1077 lsst_hardware_z 57.39286831356954 79.18000030517578 30.989999771118164 AB 3.646895600559039 1.086868178485247
61725.0847 lsst_hardware_z -2.2664736637065976 51.95000076293945 30.969999313354492 AB 6.316377650905557 1.0897508671085103
61725.1027 lsst_hardware_i 118.2902601316074 53.70000076293945 31.309999465942383 AB 6.298014104647554 1.0875990337430284
61727.0642 lsst_hardware_r 29.673986246287644 23.899999618530273 31.489999771118164 AB 7.104774194112984 1.1016861829916242
61727.0845 lsst_hardware_u 0.38709918185548675 2.759999990463257 28.440000534057617 AB 5.964611179570647 1.0877710357878574
61730.0668 lsst_hardware_g 10.81597520186765 14.779999732971191 31.440000534057617 AB 4.227245702953441 1.092170443858272
61730.0859 lsst_hardware_r 27.717946073372204 23.739999771118164 31.5 AB 3.550795929225431 1.087033806589754
61733.0593 lsst_hardware_i -14.536190474335447 31.43000030517578 31.25 AB 8.253805839992184 1.0917251232298044
61733.0788 lsst_hardware_z 46.04509214979438 42.0 30.950000762939453 AB 8.195913972661145 1.0871834947817225
61735.0595 lsst_hardware_r 39.884399872079875 23.610000610351562 31.489999771118164 AB 4.68919327496506 1.088821967871144
61735.0815 lsst_hardware_g -23.356948819727787 14.649999618530273 31.420000076293945 AB 4.720064273115327 1.0898324343374108
61737.0642 lsst_hardware_r -39.03124118496709 23.6299991607666 31.5 AB 4.12936709045285 1.086866228404856
61737.084 lsst_hardware_i -43.78207691895859 31.34000015258789 31.25 AB 4.241062187554667 1.095032839544195
61739.0335 lsst_hardware_y 34.20496030383189 50.540000915527344 30.040000915527344 AB 6.144453620274571 1.099481725020054
61739.0526 lsst_hardware_z 34.944812853785955 42.02000045776367 30.950000762939453 AB 5.3757579692795145 1.0875496599797394
61741.0331 lsst_hardware_y -86.31066374653722 53.41999816894531 30.030000686645508 AB 7.557034743004395 1.0948521866524936
61741.0501 lsst_hardware_u -2.161294116610856 2.8399999141693115 28.420000076293945 AB 6.809157946454501 1.0870303235080623
61743.0364 lsst_hardware_y 135.83960525145957 51.060001373291016 30.040000915527344 AB 4.723428948972321 1.0893516948738462
61743.0556 lsst_hardware_r -25.365620714545024 26.290000915527344 31.520000457763672 AB 3.757658671107758 1.088177616035839
61747.0304 lsst_hardware_y 170.98159804329114 65.93000030517578 30.049999237060547 AB 3.9865410716027774 1.087633977338217
61747.0486 lsst_hardware_z -120.96809889423034 58.11000061035156 30.969999313354492 AB 3.178298991064951 1.0897647834953794
