data/validation/pwv_sim_epoch_fit_epoch/14411.ecsv
# %ECSV 0.9
# ---
# datatype:
# - {name: time, datatype: float64}
# - {name: band, datatype: string}
# - {name: flux, datatype: float64}
# - {name: fluxerr, datatype: float64}
# - {name: zp, datatype: float64}
# - {name: zpsys, datatype: string}
# - {name: pwv, datatype: float64}
# - {name: airmass, datatype: float64}
# meta: {SNID: '14411', alt: 1024.0, c: 0.057429198175668716, dec: -8.385539, lat: -30.244573, lon: -70.7499537, ra: 304.277344, t0: 62261.828125,
#   x0: 2.357714198689769e-05, x1: -0.025283250957727432, z: 0.3198511302471161}
# schema: astropy-2.0
time band flux fluxerr zp zpsys pwv airmass
62260.4067 lsst_hardware_r 8304.686838883119 113.48113713693746 31.6299991607666 AB 9.649754733489884 1.08448580956281
62260.424 lsst_hardware_y 1122.8800888306655 70.10252473954515 30.049999237060547 AB 9.595720678106417 1.0781708627085862
62262.4075 lsst_hardware_g 5310.257775137702 78.21162227460795 31.639999389648438 AB 2.9139019418593 1.0808241624107195
62262.4268 lsst_hardware_y 1130.748121436102 71.35954811643236 30.049999237060547 AB 2.5404862730157944 1.0793356444039488
62265.3898 lsst_hardware_u 10.711916139869876 6.126285546968309 28.530000686645508 AB 8.372720670522906 1.0870133944203708
62265.4077 lsst_hardware_y 1013.4405611565088 55.835598292305335 30.040000915527344 AB 8.238289921984679 1.0783690107861046
62271.3686 lsst_hardware_r 5991.09073969033 80.72867390224545 31.520000457763672 AB 8.397117883768603 1.091562560042716
62271.3896 lsst_hardware_u 12.951317431937495 4.7344608206485 28.510000228881836 AB 8.210932963270734 1.0786473070735563
62276.3725 lsst_hardware_g 1802.592561242817 45.28844659108452 31.450000762939453 AB 8.3104179971584 1.0795554685838398
62276.3932 lsst_hardware_i 4332.528810559369 71.99525778354243 31.260000228881836 AB 7.710549441123291 1.0811707559416084
62278.361 lsst_hardware_z 2350.399094547673 63.86814744442974 30.950000762939453 AB 4.572645045981609 1.0822828511199074
62278.3806 lsst_hardware_r 3842.561281435948 67.82639638853014 31.510000228881836 AB 4.429501030585444 1.0786998207448382
62284.3582 lsst_hardware_r 5673.273098258436 161.89807011104907 32.400001525878906 AB 9.782742496115205 1.0781861678304474
62284.3776 lsst_hardware_i 6971.3643729458745 137.98765816163223 32.08000183105469 AB 10.116572910640981 1.0850035296697749
62287.3335 lsst_hardware_r 4924.886081613166 169.56553482550032 32.400001525878906 AB 7.709828361304873 1.0841353246579306
62287.3547 lsst_hardware_z 4526.71249862959 130.55694660545666 31.739999771118164 AB 7.660884957849686 1.0784662430984284
62301.2905 lsst_hardware_r 944.4037545857595 39.07912549213354 31.5 AB 13.503246082863072 1.0879040255821453
62301.3101 lsst_hardware_z 1698.741418370897 57.36731980230277 30.940000534057617 AB 13.243006436016284 1.0783036398884174
62303.2956 lsst_hardware_r 848.4014699881494 38.269570265187504 31.510000228881836 AB 6.9989496867677365 1.0808214992370335
62303.3143 lsst_hardware_u 0.9450808924389408 3.012289699005069 28.440000534057617 AB 6.9980541637063824 1.0791833189549047
62305.2867 lsst_hardware_g 242.33690584811632 21.204881279098604 31.459999084472656 AB 5.46549798640045 1.0826341339848804
62305.3073 lsst_hardware_r 838.057181553111 37.282402407686064 31.510000228881836 AB 5.002919617921076 1.0787966831096298
62307.2911 lsst_hardware_i 1498.3634010211726 49.28192027980664 31.25 AB 3.776983213032295 1.0787014436153828
62307.3117 lsst_hardware_z 1280.5011570991219 54.48966488364383 30.950000762939453 AB 3.926443837637199 1.082907976365136
62309.2901 lsst_hardware_r 795.9673623628203 50.32415121935884 31.600000381469727 AB 2.741835388363828 1.0781892993959212
62309.3109 lsst_hardware_z 1125.5443537778772 56.71688121179724 30.950000762939453 AB 2.1724204868826784 1.0862102434413392
62313.263 lsst_hardware_r 197.72624208038417 133.27903824701528 31.649999618530273 AB 6.26417390300227 1.0838139890137584
62313.2831 lsst_hardware_z 1051.6840134145505 91.45945815651471 30.989999771118164 AB 6.175660583676358 1.0783883675166874
62318.2347 lsst_hardware_r 567.4434413001485 65.60980599978105 31.6299991607666 AB 8.370537537950922 1.0980634314509934
62318.2552 lsst_hardware_y 405.8802098038171 53.72457183666033 30.040000915527344 AB 8.823645284440953 1.0805786771164985
62320.3029 lsst_hardware_g 217.32547757058 35.7797630084486 31.639999389648438 AB 7.166033869541017 1.1141799227065765
62320.3181 lsst_hardware_r 545.3341644023437 44.290793081283624 31.56999969482422 AB 7.390708073442597 1.146409049421067
62324.2746 lsst_hardware_i 924.7757093108575 43.920994685613685 31.25 AB 1.7305523893969894 1.0903979350361708
62324.2953 lsst_hardware_z 641.515374618513 49.38454186632588 30.940000534057617 AB 1.6513646234913932 1.1202654464297206
62326.257 lsst_hardware_r 429.0001612238713 33.23274684383 31.510000228881836 AB 2.2708119801021573 1.0813390381438843
62326.2761 lsst_hardware_u 1.9442735753719624 3.1099355040356507 28.469999313354492 AB 2.306528888935857 1.0983470899694556
62331.2133 lsst_hardware_r 37.19954995902252 24.350000381469727 31.510000228881836 AB 7.136278817831064 1.0841975794641106
62331.2357 lsst_hardware_z 62.61769826682328 42.380001068115234 30.950000762939453 AB 7.04375335423036 1.078675858228233
62333.2085 lsst_hardware_r 27.130597599838737 24.360000610351562 31.5 AB 3.1092749658017875 1.0837486810044572
62333.2279 lsst_hardware_u 2.4428549698359197 2.700000047683716 28.3700008392334 AB 3.1217485827046842 1.0783242081881466
62346.1694 lsst_hardware_z -24.91672235517766 58.11000061035156 30.979999542236328 AB 4.549924006195403 1.0864192946980427
62346.1923 lsst_hardware_r -19.691549635746988 72.36000061035156 31.639999389648438 AB 4.482560341516852 1.0783161754911839
62349.1673 lsst_hardware_u -1.3955237785552668 2.9000000953674316 28.469999313354492 AB 4.946826868717846 1.0822198356416202
62349.187 lsst_hardware_g -6.623075024293651 23.709999084472656 31.579999923706055 AB 4.923510997508875 1.0787710336347227
62353.1436 lsst_hardware_r -1.29060081040544 24.270000457763672 31.5 AB 2.1908489963615425 1.0927836044699688
62353.1605 lsst_hardware_u -3.572040761843257 2.690000057220459 28.360000610351562 AB 2.172875001408133 1.0802262000537575
62357.1375 lsst_hardware_r 1.1411223998239113 34.43000030517578 32.2599983215332 AB 4.678445024499226 1.0880104708137734
62357.1574 lsst_hardware_i 30.984696702749815 45.06999969482422 32.0099983215332 AB 4.6725362664027115 1.0782983364455574
62363.1252 lsst_hardware_z 93.54406786102761 42.529998779296875 30.950000762939453 AB 3.661198938884104 1.0847193360148446
62363.147 lsst_hardware_g 8.100621617123362 15.930000305175781 31.469999313354492 AB 3.5912554300132413 1.0784550840880605
62365.122 lsst_hardware_r -12.948683359865134 35.27000045776367 31.59000015258789 AB 4.408578555350283 1.0831888342383988
62365.1418 lsst_hardware_z 100.89685415386644 44.790000915527344 30.959999084472656 AB 4.573895044762564 1.078494469408763
62368.1055 lsst_hardware_r -19.113074438474825 84.30000305175781 31.639999389648438 AB 2.2886662466493792 1.0898410698330376
62368.125 lsst_hardware_y -46.13704632418445 55.189998626708984 30.040000915527344 AB 1.9415298004545622 1.0786276669192012
62370.1385 lsst_hardware_z 6.055886577891313 102.41000366210938 31.0 AB 2.177245032499594 1.0822193848892026
62370.1563 lsst_hardware_r 193.24999289663552 147.7899932861328 31.649999618530273 AB 2.207470794705838 1.0987908385793121
62372.0986 lsst_hardware_r 224.8291378425584 132.33999633789062 31.649999618530273 AB 3.135243325263955 1.0862688004379228
62373.0652 lsst_hardware_z 18.66837794302777 75.0199966430664 30.979999542236328 AB 4.740704637967546 1.1312306002428076
62377.0861 lsst_hardware_u 2.271656408530836 2.75 28.420000076293945 AB 5.423854643695967 1.085367881073784
62377.1035 lsst_hardware_g -23.309013023733726 15.140000343322754 31.450000762939453 AB 5.379184452850993 1.078244971005444
62379.0787 lsst_hardware_r 20.70036462684864 23.969999313354492 31.5 AB 4.235801166186382 1.0869157274507986
62379.0942 lsst_hardware_z -55.190945986876365 42.189998626708984 30.940000534057617 AB 3.614997231798707 1.0787816269169523
62381.0851 lsst_hardware_r 31.251338874062032 23.81999969482422 31.5 AB 3.151659729576357 1.0798285962458967
62381.102 lsst_hardware_u -4.186621947576058 2.7200000286102295 28.40999984741211 AB 3.1557916554280716 1.079395162043577
62384.0593 lsst_hardware_u 2.4869482529546176 2.75 28.420000076293945 AB 1.2944200721063328 1.0924144359853714
62384.0779 lsst_hardware_g 22.28209058699437 15.069999694824219 31.450000762939453 AB 1.2782979007782524 1.0794915418254067
62386.0591 lsst_hardware_r 7.550665628661688 24.1200008392334 31.510000228881836 AB 2.3624025682708907 1.0873285831256017
62386.0776 lsst_hardware_i 39.249725842921045 31.530000686645508 31.25 AB 2.2904472910307296 1.0783650146095713
62388.0572 lsst_hardware_z -65.26389413796798 42.27000045776367 30.940000534057617 AB 2.8136411203012215 1.0845333882697756
62388.0745 lsst_hardware_r -17.02117149492263 23.860000610351562 31.5 AB 2.75444274127808 1.0782004467424633
62391.0543 lsst_hardware_u 5.134009824430296 2.9800000190734863 28.540000915527344 AB 3.132341374000479 1.0813295500131108
62391.0734 lsst_hardware_g 37.51887507576255 15.569999694824219 31.469999313354492 AB 3.0690293118847114 1.0790293792334398
62394.0509 lsst_hardware_r 46.4388021814581 38.38999938964844 31.600000381469727 AB 1.271978227007183 1.0793959920858636
62394.0693 lsst_hardware_z 15.023739804212608 45.650001525878906 30.959999084472656 AB 1.2794794635994775 1.0804133110403962
62399.9974 lsst_hardware_r 0.9512393805846054 107.19999694824219 31.639999389648438 AB 3.8287015322503657 1.1192306549819042
62400.0061 lsst_hardware_i 74.375241502182 85.51000213623047 31.329999923706055 AB 4.307887110720789 1.1045864386463562
62402.0294 lsst_hardware_z 5.715124375937725 63.880001068115234 30.979999542236328 AB 1.6189377669478893 1.0792918446319262
62402.0484 lsst_hardware_r 87.22771865252751 90.51000213623047 31.649999618530273 AB 1.4650608724126275 1.080826906981078
62407.9961 lsst_hardware_y 21.94751550636785 49.27000045776367 30.030000686645508 AB 4.138251343167921 1.0900174748235731
62408.0146 lsst_hardware_r -33.44474522596949 24.1200008392334 31.5 AB 3.6813916040520236 1.078875112917323
62409.9974 lsst_hardware_y 4.101347968804231 48.75 30.030000686645508 AB 2.9864573800802696 1.0843415600910444
62410.0166 lsst_hardware_r -3.8666085797482252 24.18000030517578 31.5 AB 6.5684817373653965 1.0782438353039054
62411.9973 lsst_hardware_z 7.153268633957439 44.290000915527344 30.959999084472656 AB 2.6811003713785433 1.0811615181309624
62412.0159 lsst_hardware_g -11.215242980800266 15.300000190734863 31.440000534057617 AB 2.220649984464232 1.078989343385033
62414.9915 lsst_hardware_y 3.6850958965398806 60.34000015258789 30.040000915527344 AB 3.6030807937629463 1.0801141525144982
62415.0097 lsst_hardware_i 24.324638944324484 32.0 31.25 AB 3.6746659782415496 1.0795669524286329
62416.9924 lsst_hardware_y 83.42040863261215 61.15999984741211 30.049999237060547 AB 4.788611464124106 1.078435131925055
62417.0118 lsst_hardware_r 33.07161895232074 24.6200008392334 31.510000228881836 AB 4.930453491420842 1.0831995367542546
62418.9934 lsst_hardware_y 13.62876135804765 61.66999816894531 30.049999237060547 AB 3.1907974509131773 1.0783667843230385
62419.0124 lsst_hardware_g -7.419839497667538 15.75 31.450000762939453 AB 2.610663518694754 1.0877764661228142
62626.4048 lsst_hardware_r -15.427312018105427 25.219999313354492 31.520000457763672 AB 7.287860128153168 1.084422309077177
62626.4228 lsst_hardware_z 77.49265142025403 46.81999969482422 30.959999084472656 AB 5.7767025106917975 1.078195606493733
62630.3264 lsst_hardware_i 1.2352145500776788 47.20000076293945 31.989999771118164 AB 10.249148861785333 1.2388173483221594
62630.3547 lsst_hardware_y 59.6724906960857 68.91999816894531 30.770000457763672 AB 8.921501866628768 1.1453240729993925
62632.42 lsst_hardware_r 21.28359818329551 25.209999084472656 31.510000228881836 AB 7.2522289842534455 1.0819915930356245
62635.3717 lsst_hardware_g 4.291923128404035 15.34000015258789 31.43000030517578 AB 8.708379881142461 1.0919370397035542
62635.3963 lsst_hardware_y 66.0336959182779 47.77000045776367 30.030000686645508 AB 8.755396169388497 1.0782507597769087
62640.3245 lsst_hardware_z -149.22395232966338 97.66999816894531 31.729999542236328 AB 8.534869803751768 1.1527376828405953
62640.3564 lsst_hardware_r 169.69511733193204 94.36000061035156 31.649999618530273 AB 9.095548440343958 1.0937407936921
62643.3809 lsst_hardware_z -42.740004712258816 65.76000213623047 30.989999771118164 AB 4.435772748733193 1.0786510696441256
62643.4012 lsst_hardware_r -197.5260763316442 80.69000244140625 31.639999389648438 AB 4.493434945686939 1.0907277965094926
62645.3542 lsst_hardware_i -46.83028588160548 40.66999816894531 31.280000686645508 AB 7.421324801344693 1.0835632649064946
62645.375 lsst_hardware_z 18.998741298183152 46.630001068115234 30.959999084472656 AB 7.226434576640402 1.0785723248717018
62647.3686 lsst_hardware_r -31.562379752333587 26.440000534057617 31.530000686645508 AB 6.154864919529709 1.0784291768416854
62647.3877 lsst_hardware_u -0.05267684896078281 3.569999933242798 28.6200008392334 AB 6.058376111179805 1.0882658723154357
62651.334 lsst_hardware_u 1.2756177282833983 2.7300000190734863 28.399999618530273 AB 13.412210535933536 1.0863608080295712
62651.353 lsst_hardware_g -20.062295395863384 15.100000381469727 31.440000534057617 AB 13.20692992671278 1.0782340875234948
62653.3231 lsst_hardware_r 42.38600175841426 24.049999237060547 31.5 AB 7.426816678530428 1.0913764406363264
62653.3426 lsst_hardware_i 3.7963643260899325 31.68000030517578 31.25 AB 7.2092855380640355 1.078965159101635
62656.3305 lsst_hardware_z 35.623289283466505 42.02000045776367 30.940000534057617 AB 12.985702004822809 1.0802289283413102
62656.3499 lsst_hardware_r 44.4127929121372 23.950000762939453 31.5 AB 12.992851152336565 1.0799028510440565
62673.2514 lsst_hardware_z 10.315189279689596 51.08000183105469 30.959999084472656 AB 3.6584522840287046 1.1153817939111903
62673.2775 lsst_hardware_i -26.864927461064408 47.63999938964844 31.299999237060547 AB 3.4712226953351735 1.0837410850250306
62677.2695 lsst_hardware_r 16.75652918144054 33.97999954223633 32.2599983215332 AB 4.736514768983462 1.0819724592210755
62677.2959 lsst_hardware_z -163.86403321318795 59.70000076293945 31.700000762939453 AB 4.348392515398207 1.0813534387064239
62679.2331 lsst_hardware_r -31.29339752444517 24.040000915527344 31.479999542236328 AB 8.058659365548742 1.118895640146537
62679.2548 lsst_hardware_u -3.110484003370838 2.5999999046325684 28.299999237060547 AB 7.745417134795364 1.088756977058668
62681.2571 lsst_hardware_g -37.83394744085483 14.960000038146973 31.440000534057617 AB 2.9092858706336044 1.0828271594430463
62681.2758 lsst_hardware_r 11.319179816838883 23.979999542236328 31.5 AB 2.9848621956643906 1.0784435717331373
62683.2519 lsst_hardware_i 25.33362040458761 31.639999389648438 31.25 AB 8.853362720472346 1.0826711300104503
62683.2736 lsst_hardware_z 27.541819605446843 42.310001373291016 30.950000762939453 AB 8.836713223198203 1.0790955212111617
62687.2469 lsst_hardware_r -28.56017933339395 24.079999923706055 31.5 AB 3.893199158390121 1.0798444411215047
62687.2675 lsst_hardware_u 2.9631615177413786 2.7200000286102295 28.399999618530273 AB 4.2170451135399185 1.0808317249568353
62689.2469 lsst_hardware_g 8.655844699233496 15.050000190734863 31.440000534057617 AB 1.941251581114631 1.0784731006192394
62689.2699 lsst_hardware_i -55.78727534826675 31.760000228881836 31.25 AB 1.7250184847902048 1.0856569894310475
62696.217 lsst_hardware_r 73.6542399626444 135.14999389648438 31.65999984741211 AB 7.0188966872508765 1.0823279394373841
62696.2382 lsst_hardware_z -124.65402537633197 89.55999755859375 31.0 AB 7.050275420212324 1.0791237888080087
62700.0376 lsst_hardware_z 73.60219347238979 75.98999786376953 31.540000915527344 AB 5.281080331950701 2.3810100685079805
62700.0762 lsst_hardware_r 107.55601481242357 99.12000274658203 32.2400016784668 AB 3.646209033367127 1.6726368898048674
62708.1563 lsst_hardware_u -3.442742994933935 3.819999933242798 29.100000381469727 AB 10.141532602630477 1.11457661310369
62708.1781 lsst_hardware_g -22.85891286549788 22.079999923706055 32.20000076293945 AB 11.660793367713266 1.0866033562869084
62710.1527 lsst_hardware_r 12.202428042169982 24.549999237060547 31.489999771118164 AB 4.112083888226534 1.1113740238450092
62710.1707 lsst_hardware_z 32.30654377188003 42.33000183105469 30.940000534057617 AB 3.5114960137364224 1.088273557976164
