data/validation/pwv_sim_epoch_fit_epoch/14617069.ecsv
# %ECSV 0.9
# ---
# datatype:
# - {name: time, datatype: float64}
# - {name: band, datatype: string}
# - {name: flux, datatype: float64}
# - {name: fluxerr, datatype: float64}
# - {name: zp, datatype: float64}
# - {name: zpsys, datatype: string}
# - {name: pwv, datatype: float64}
# - {name: airmass, datatype: float64}
# meta: {SNID: '14617069', alt: 1024.0, c: -0.12265543639659882, dec: -22.669609, lat: -30.244573, lon: -70.7499537, ra: 196.347656, t0: 60069.9296875,
#   x0: 4.795049546508565e-06, x1: 0.021870288997888565, z: 0.6233382821083069}
# schema: astropy-2.0
time band flux fluxerr zp zpsys pwv airmass
[from data line 133]
60369.2316 lsst_hardware_r -33.42484202606243 87.63999938964844 31.649999618530273 AB 3.8462088413002453 1.0942272663727421
60370.3061 lsst_hardware_z 66.93136725721965 82.2699966430664 31.729999542236328 AB 3.519971855457967 1.0091903539719413
60371.2999 lsst_hardware_z 85.75834225285705 49.79999923706055 30.969999313354492 AB 6.118240147078331 1.0086535295846897
60371.3186 lsst_hardware_r 28.613782846735077 52.13999938964844 31.6299991607666 AB 6.19126050374911 1.0161684795452153
60375.2154 lsst_hardware_r -7.843704352231006 23.389999389648438 31.489999771118164 AB 10.592138242778121 1.0937583591200195
60375.2364 lsst_hardware_i -34.66482284923962 30.75 31.25 AB 10.14816826129082 1.0491593074599346
60376.1367 lsst_hardware_z 22.923962370479963 66.52999877929688 31.649999618530273 AB 16.939420177392574 1.4796407201099933
60376.1537 lsst_hardware_i -6.9249726661152655 33.43000030517578 31.209999084472656 AB 15.467872981361776 1.3495897434550097
60382.1915 lsst_hardware_g -6.733283458028078 14.630000114440918 31.40999984741211 AB 12.343289296313424 1.1066492700942139
60382.2111 lsst_hardware_r 2.166269213517652 23.530000686645508 31.5 AB 11.962079889273536 1.0603975701326014
60388.1483 lsst_hardware_r -4.112508892057268 41.130001068115234 31.56999969482422 AB 5.572373128249432 1.2013955971001375
60388.1655 lsst_hardware_i -12.541020228855192 39.58000183105469 31.270000457763672 AB 5.287704041953798 1.1359802442566838
60389.1378 lsst_hardware_i 11.606278407786974 45.849998474121094 31.260000228881836 AB 6.472514747080421 1.2372788046987664
60389.1538 lsst_hardware_z 26.814420345473025 49.43000030517578 30.940000534057617 AB 6.012509222284413 1.1678554656428126
60392.2535 lsst_hardware_z -97.69139709972974 89.29000091552734 31.739999771118164 AB 6.182429299074202 1.01166105202076
60395.1948 lsst_hardware_i 69.32049791431285 116.79000091552734 31.350000381469727 AB 6.92007846861842 1.0302846355263315
60395.2123 lsst_hardware_r -155.45118385245215 145.42999267578125 31.670000076293945 AB 6.390279133608551 1.0143300212077067
60402.0599 lsst_hardware_r -50.21996390195793 25.399999618530273 31.40999984741211 AB 9.342364126640277 1.5331059079614813
60402.077 lsst_hardware_i 1.2895172444033691 33.9900016784668 31.200000762939453 AB 8.632223547989009 1.389380902621762
60404.0631 lsst_hardware_z 26.32321112399718 46.43000030517578 30.90999984741211 AB 11.387119867447593 1.455269480487887
60404.0804 lsst_hardware_i 10.691226948770773 33.290000915527344 31.209999084472656 AB 10.389715078673133 1.3291462969241294
60413.2142 lsst_hardware_u 0.7494253484921599 2.940000057220459 28.59000015258789 AB 6.740653853445105 1.0252204902702382
60413.2345 lsst_hardware_g 2.9720731874174904 15.369999885559082 31.479999542236328 AB 6.932590559655731 1.0541191930545886
60416.0576 lsst_hardware_r 1.5503460770198114 33.790000915527344 31.540000915527344 AB 18.576856549320674 1.2707047664727535
60416.0768 lsst_hardware_i -46.45632146143236 36.540000915527344 31.270000457763672 AB 17.25649087200228 1.1807046809249786
60426.1584 lsst_hardware_i -42.48308511482986 77.69999694824219 31.34000015258789 AB 4.541902206146231 1.0107153727168248
60426.1769 lsst_hardware_r -4.974067219353623 97.41999816894531 31.65999984741211 AB 3.6551266913095124 1.0233672490833912
60428.0304 lsst_hardware_u -4.073111016160241 5.480000019073486 29.309999465942383 AB 10.61676026612318 1.241798966737608
60428.0477 lsst_hardware_g 86.26062700806168 48.720001220703125 32.380001068115234 AB 9.903932642758363 1.1663921144053109
60429.1459 lsst_hardware_z 48.57291393464292 46.20000076293945 30.969999313354492 AB 10.56194336345211 1.009384146549001
60429.1629 lsst_hardware_g 50.23848337042157 45.06999969482422 31.709999084472656 AB 10.63929651512956 1.0181632149987616
60432.1402 lsst_hardware_r 35.78408905002775 23.760000228881836 31.530000686645508 AB 11.441935450253215 1.0100801527446506
60432.1582 lsst_hardware_i -29.122208974999598 31.09000015258789 31.270000457763672 AB 11.583958572873167 1.0211529066355047
60436.1386 lsst_hardware_z 17.167455078046157 41.11000061035156 30.950000762939453 AB 6.196759931250653 1.0144763871079174
60436.159 lsst_hardware_r 23.503572138675413 23.709999084472656 31.510000228881836 AB 6.384554498174116 1.0342709376598276
60443.084 lsst_hardware_i -7.962773725705794 31.049999237060547 31.260000228881836 AB 6.205126901956761 1.012751248891296
60443.1045 lsst_hardware_u -1.5289318339364288 2.799999952316284 28.510000228881836 AB 6.161668692034416 1.0087866227954527
60445.0853 lsst_hardware_g -13.726522729792693 25.239999771118164 31.6200008392334 AB 5.577912215446806 1.0099424616055463
60445.1055 lsst_hardware_r -14.355201989638132 30.1200008392334 31.56999969482422 AB 5.339669812001628 1.0103443352888606
60452.0905 lsst_hardware_r 29.425576674566216 183.6300048828125 32.41999816894531 AB 2.61899298639889 1.012040826843134
60452.1119 lsst_hardware_i 92.2600358568583 148.6999969482422 32.099998474121094 AB 2.6682636859792748 1.0299525293280782
60456.9554 lsst_hardware_y -46.98199909861103 62.47999954223633 30.0 AB 8.123370792699287 1.2216513711856678
60456.9798 lsst_hardware_i 39.73170934617198 31.84000015258789 31.25 AB 7.287203399336031 1.1272648154282396
60462.0311 lsst_hardware_i 20.06631062831413 30.700000762939453 31.25 AB 10.758166688501964 1.0133042413602786
60462.0515 lsst_hardware_r 19.974819904378517 23.3799991607666 31.510000228881836 AB 10.673145350229301 1.0086529599599274
60464.0279 lsst_hardware_u 1.7653722416760593 2.7300000190734863 28.450000762939453 AB 11.415911267143862 1.0121236439285286
60464.0464 lsst_hardware_g 2.803716086064146 14.670000076293945 31.450000762939453 AB 11.571708932771754 1.0086915039026982
60466.0296 lsst_hardware_r 21.036436884250246 23.360000610351562 31.510000228881836 AB 4.455106312942274 1.009484237906808
60466.049 lsst_hardware_i 25.65148842714145 30.739999771118164 31.25 AB 4.285812930562666 1.010646029844894
60466.9568 lsst_hardware_y -51.59666066805648 54.689998626708984 30.030000686645508 AB 5.061037205770958 1.1141523843194183
60466.9776 lsst_hardware_z 0.3058504744319371 41.459999084472656 30.940000534057617 AB 4.7077517584245525 1.063177903889917
60468.0057 lsst_hardware_i -17.254130736451888 30.829999923706055 31.260000228881836 AB 2.4333337060668754 1.0196956443917844
60468.0253 lsst_hardware_z 11.070359024632257 40.939998626708984 30.950000762939453 AB 2.395618780229784 1.0092127562842472
60484.9674 lsst_hardware_y 29.958550010203304 47.7599983215332 30.059999465942383 AB 5.089541308568886 1.0138191909768373
60484.9861 lsst_hardware_i 63.66064170904257 43.08000183105469 31.309999465942383 AB 5.048044317082938 1.0084995139512203
60486.9706 lsst_hardware_y -44.22530911290706 47.0099983215332 30.049999237060547 AB 7.774237693992836 1.0099473035975624
60486.9919 lsst_hardware_g 4.566466697267814 15.25 31.479999542236328 AB 7.701817131201457 1.0107371563256506
60489.9715 lsst_hardware_y -2.768275218989035 47.08000183105469 30.059999465942383 AB 1.6967972602736234 1.0084976286912937
60489.9933 lsst_hardware_i 38.25173556574973 31.25 31.260000228881836 AB 1.5636302673322042 1.0158940556567484
60492.9524 lsst_hardware_z -120.5093121610757 58.56999969482422 30.979999542236328 AB 7.355339688139902 1.0105570774390193
60492.9733 lsst_hardware_u 0.8329126048467742 2.890000104904175 28.510000228881836 AB 7.372804745095868 1.0099732527528587
