data/validation/pwv_sim_epoch_fit_epoch/14651665.ecsv
# %ECSV 0.9
# ---
# datatype:
# - {name: time, datatype: float64}
# - {name: band, datatype: string}
# - {name: flux, datatype: float64}
# - {name: fluxerr, datatype: float64}
# - {name: zp, datatype: float64}
# - {name: zpsys, datatype: string}
# - {name: pwv, datatype: float64}
# - {name: airmass, datatype: float64}
# meta: {SNID: '14651665', alt: 1024.0, c: -0.03616678714752197, dec: -49.507675, lat: -30.244573, lon: -70.7499537, ra: 173.156677, t0: 61807.796875,
#   x0: 2.5436996451191002e-06, x1: 0.9431904554367065, z: 0.8079320192337036}
# schema: astropy-2.0
time band flux fluxerr zp zpsys pwv airmass
61783.355 lsst_hardware_r 166.16670636612412 76.88571046764956 31.649999618530273 AB 4.459284133247972 1.0619028734516522
61783.3679 lsst_hardware_y 80.64429808816486 73.07566099815355 30.06999969482422 AB 4.417701991599607 1.0603333046482775
61788.354 lsst_hardware_i 473.3753361734261 45.737249629033414 31.280000686645508 AB 7.08519083311388 1.0603266196591192
61788.3668 lsst_hardware_z 313.8082871177289 56.420720383320074 30.969999313354492 AB 7.105083451921478 1.0627999628916611
61790.3547 lsst_hardware_r 414.74199048290706 33.00151644888412 31.530000686645508 AB 10.219078823027028 1.061005951619896
61790.3673 lsst_hardware_y 88.22123362501776 58.073113626633926 30.049999237060547 AB 10.433592154685241 1.065358876263369
61792.3482 lsst_hardware_r 413.5089266951816 30.775835988499953 31.489999771118164 AB 9.471055868343546 1.0608261501280853
61792.362 lsst_hardware_y 110.21225284295775 50.33789876067064 30.040000915527344 AB 9.530726752780014 1.0654412080168463
61794.354 lsst_hardware_z 455.74263611577214 46.090866162452976 30.940000534057617 AB 7.659366933870333 1.064232075568169
61794.3659 lsst_hardware_y 255.2130785426653 52.136405515789995 30.040000915527344 AB 7.765442937951562 1.0713295461700687
61796.3356 lsst_hardware_r 600.6550671989575 32.276205614406415 31.469999313354492 AB 14.823118070572988 1.0605933687915563
61796.348 lsst_hardware_u 3.6741576722676412 2.7638960591693698 28.329999923706055 AB 14.889842017539655 1.0639971429365376
61800.3361 lsst_hardware_z 623.3631645614448 47.122962303873706 30.940000534057617 AB 12.033187068180482 1.0635896204335857
61800.3476 lsst_hardware_u 6.713237890839754 2.7417826338612925 28.31999969482422 AB 12.190198152068024 1.069941324055128
61802.3416 lsst_hardware_g 130.42366762837747 17.28343616991532 31.40999984741211 AB 12.548887384438784 1.0695682184589046
61802.3531 lsst_hardware_r 662.6211048651605 33.703075513008784 31.489999771118164 AB 12.730493551964454 1.079190727511186
61804.2847 lsst_hardware_u 4.76692879006716 2.713269376940128 28.399999618530273 AB 9.724363775230929 1.0677118664016685
61804.2974 lsst_hardware_r 626.926463764817 33.29546569937425 31.479999542236328 AB 9.94289527407998 1.0619914845479284
61809.2819 lsst_hardware_r 629.0876598379351 53.83180518077474 31.6200008392334 AB 7.9013001123756625 1.062573979609411
61809.294 lsst_hardware_z 540.462657602697 53.05273735964429 30.959999084472656 AB 8.65820247874304 1.060339535698125
61811.28 lsst_hardware_y 218.17153667363988 55.13617403214889 30.049999237060547 AB 3.7132564973509665 1.0615370203976462
61811.2931 lsst_hardware_r 639.0927345441231 87.84269733541595 31.649999618530273 AB 3.1249635718257287 1.0604480193967747
61813.2933 lsst_hardware_z 1137.9220032292642 93.46059318243398 31.729999542236328 AB 6.388611804035915 1.061304653539572
61815.2821 lsst_hardware_r 509.396264218079 72.56795789455644 31.649999618530273 AB 3.618146325019468 1.060443931813341
61815.2929 lsst_hardware_z 538.7773889247105 60.919378149818876 30.969999313354492 AB 2.7999925257275753 1.0627501995423907
61817.2741 lsst_hardware_r 447.23135709495944 48.95786754083638 31.6200008392334 AB 4.7880808120935985 1.0603264513383626
61817.2851 lsst_hardware_i 841.4357621906884 50.73888899887962 31.299999237060547 AB 4.8186641986175465 1.062003570074393
61819.2731 lsst_hardware_z 474.5243706666173 47.94018551312932 30.950000762939453 AB 5.015516448303834 1.0606431823005729
61819.2845 lsst_hardware_i 834.3705826693772 42.52846774196905 31.260000228881836 AB 5.031361410710739 1.0637127718204522
61821.2699 lsst_hardware_u -3.362902040228527 2.7358668733514473 28.459999084472656 AB 2.888202893766851 1.0609941445295479
61821.2813 lsst_hardware_g 52.6408315408453 15.275761658275608 31.43000030517578 AB 2.8938865953447785 1.064711771650029
61823.272 lsst_hardware_r 318.14607764293805 27.77166523201856 31.489999771118164 AB 10.102948595140537 1.0630952572929364
61823.2831 lsst_hardware_i 613.5234410390211 39.03178506057705 31.239999771118164 AB 10.172200807892827 1.0687985158324995
61825.2687 lsst_hardware_z 446.9975817874182 45.903057251185764 30.940000534057617 AB 10.511490427182059 1.063960905286025
61825.2795 lsst_hardware_u 0.4824892946989288 2.6032604132905233 28.3799991607666 AB 10.569029564366387 1.070064752897275
61827.2562 lsst_hardware_r 166.83882665517663 26.567704038602418 31.479999542236328 AB 6.878585161662508 1.0615783157346808
61827.268 lsst_hardware_g 57.62645975848326 13.923772558314907 31.389999389648438 AB 6.923297068665275 1.066284602759203
61829.2552 lsst_hardware_r 200.75046426668015 26.041262277280705 31.479999542236328 AB 5.827949432165829 1.0629448458216546
61829.2669 lsst_hardware_i 475.85528960587135 37.12295628426831 31.239999771118164 AB 5.868378285170086 1.0689213634189592
61831.2516 lsst_hardware_z 360.5032893300537 45.030844368850204 30.940000534057617 AB 3.646948039308636 1.0636636319196877
61831.2635 lsst_hardware_i 367.66765866343223 36.391947433981365 31.239999771118164 AB 3.6898135584355667 1.070338491133891
61835.2515 lsst_hardware_r 113.76432055994539 24.721681303126523 31.469999313354492 AB 8.324675939759118 1.0695858676093424
61835.264 lsst_hardware_i 320.63902923350406 34.99348057562238 31.229999542236328 AB 8.4073614753008 1.0802096181206027
61837.2578 lsst_hardware_z 569.9220717115668 67.80206731227814 31.700000762939453 AB 10.686723681853943 1.0794670385711054
61839.251 lsst_hardware_z 247.93061357572336 58.84917846457889 30.979999542236328 AB 10.204227660774436 1.0781581341618085
61839.2622 lsst_hardware_r 88.19776029931336 74.45901228614827 31.639999389648438 AB 10.350516480657706 1.0906186692648128
61841.2482 lsst_hardware_i 383.95005969864445 84.28530013645086 31.329999923706055 AB 7.997988110856998 1.0808092041698645
61841.2596 lsst_hardware_z 339.4836464626392 73.64757132558753 30.979999542236328 AB 8.740019841933929 1.0943606133665196
61844.1825 lsst_hardware_i 164.31375444717253 60.842927900808746 31.31999969482422 AB 11.052176840959682 1.0640735084364263
61844.1947 lsst_hardware_z 316.90398129728675 58.53206402805928 30.979999542236328 AB 11.000816836411596 1.0606604695238564
61848.2109 lsst_hardware_r 57.616275186830116 29.21528994191324 31.540000915527344 AB 7.180522530007324 1.0664274354891385
61848.2231 lsst_hardware_i 137.09598195019407 35.841027945111286 31.260000228881836 AB 7.234187525113133 1.075116109992651
61850.2098 lsst_hardware_z 162.10647739091723 43.13941165626416 30.940000534057617 AB 6.072258603445704 1.0690909833232896
61850.2216 lsst_hardware_u 0.3536536480072954 2.6579700866488065 28.40999984741211 AB 6.141664672447133 1.0787783024878597
61852.206 lsst_hardware_g 15.160909334832022 13.693902406322499 31.399999618530273 AB 7.345557967582822 1.0702350065684887
61852.2173 lsst_hardware_r 53.51473101259496 23.158812658582054 31.479999542236328 AB 6.949901821754626 1.0799319123229936
61854.2009 lsst_hardware_i 86.09209813669254 32.00830228137255 31.239999771118164 AB 7.377932195527812 1.070493759099616
61854.2137 lsst_hardware_z 55.75204004667475 43.12160699764938 30.940000534057617 AB 7.681630531503556 1.0818563039498192
61856.188 lsst_hardware_i 58.613083370198034 31.86751499394266 31.239999771118164 AB 7.219069148667567 1.0658599067868844
61856.1997 lsst_hardware_u 0.3435261318503707 2.5851113375143635 28.34000015258789 AB 7.288207495872535 1.0737954271494912
61858.1898 lsst_hardware_g -17.371632082689683 13.388001902018603 31.399999618530273 AB 7.020542081903834 1.070367751471854
61858.2011 lsst_hardware_r 12.659123025140225 23.01589384008285 31.479999542236328 AB 7.124285909928329 1.0801191524843876
61862.1845 lsst_hardware_u -3.501198455756397 2.5614342207112775 28.329999923706055 AB 8.813351992510693 1.0747990234769138
61862.1965 lsst_hardware_g 11.095104386191327 13.435701160819473 31.3700008392334 AB 8.913987930523565 1.0870716988443372
61864.1878 lsst_hardware_r 13.306881096930807 22.741622082154887 31.469999313354492 AB 5.04581959586501 1.083375114517447
61864.1991 lsst_hardware_i 30.748091675559426 31.66746770224826 31.229999542236328 AB 4.990550667084541 1.0975479804452102
61866.145 lsst_hardware_i 110.10431757740916 44.01921958311991 31.299999237060547 AB 12.206531111103267 1.060699609932505
61866.1564 lsst_hardware_z 146.97976546213232 48.260639273280255 30.969999313354492 AB 12.406429581352066 1.0638337833435287
61872.1217 lsst_hardware_z 175.08638969826183 91.59619140957311 31.739999771118164 AB 7.1323336199413845 1.060386097074815
61874.1147 lsst_hardware_r 39.33107410310607 55.068624172984734 31.639999389648438 AB 6.6545070034955645 1.0604792037443131
61874.1263 lsst_hardware_i -23.614932876207828 49.42175836080043 31.309999465942383 AB 5.222017242075448 1.0612418186036001
61876.0424 lsst_hardware_i 103.56565343202435 45.048366550417434 32.0 AB 18.716394748007726 1.1241359242027715
61876.0529 lsst_hardware_z 85.97500452464472 60.49365335322904 31.700000762939453 AB 18.38090276446607 1.1058953781578984
61878.1171 lsst_hardware_g 6.290319171934225 13.402333269959477 31.399999618530273 AB 11.99657427989245 1.0616437415834026
61878.1292 lsst_hardware_r 0.2586493920751504 22.775401851088095 31.479999542236328 AB 12.583292532548917 1.0665614962323204
61880.1177 lsst_hardware_i 44.81870832361328 31.079410457930823 31.239999771118164 AB 7.251045076994106 1.0636449762111493
61880.1285 lsst_hardware_z 70.79423594967417 41.918880468932 30.940000534057617 AB 6.9274573486493916 1.069519699763177
61883.1138 lsst_hardware_i 47.15289293690086 31.066107367327238 31.239999771118164 AB 4.894410047227479 1.0656237855927453
61883.1258 lsst_hardware_u 0.39528390018880455 2.6039151900529767 28.360000610351562 AB 5.870512252995328 1.0736614243510272
61888.0978 lsst_hardware_i 42.96518915781077 30.842535670484914 31.229999542236328 AB 2.5056222851942795 1.0644858536547248
61888.1108 lsst_hardware_r 0.08177794507072211 22.59241118673985 31.469999313354492 AB 2.4760378374249776 1.0725743285358842
61889.122 lsst_hardware_z 101.97412826083482 42.03704893743521 30.940000534057617 AB 9.583647060433707 1.086170803978137
61889.1371 lsst_hardware_u -9.717168679815536 3.5632720073389907 29.049999237060547 AB 9.095285725954069 1.106987460940705
61889.1489 lsst_hardware_g -12.361610853067488 13.464621563997005 31.360000610351562 AB 9.414081573529971 1.1279752664186402
61899.0837 lsst_hardware_z 62.70925247306117 70.98999786376953 30.979999542236328 AB 9.182756519323727 1.0750124700683361
61899.0975 lsst_hardware_r -85.20931133432356 105.83000183105469 31.639999389648438 AB 9.473287825928152 1.0895515824944202
61903.0818 lsst_hardware_i 27.507394551052585 47.810001373291016 31.299999237060547 AB 7.935738698679084 1.0839322108491152
61903.0937 lsst_hardware_r 24.744082927123436 54.880001068115234 31.6200008392334 AB 7.056828566401815 1.0991231461720004
61908.0225 lsst_hardware_i 42.77760304880664 29.90999984741211 31.239999771118164 AB 7.638738576679922 1.0604449666839317
61908.0353 lsst_hardware_z 42.85519188874032 40.95000076293945 30.940000534057617 AB 7.787004028387562 1.0616832169590869
61910.0251 lsst_hardware_r 5.825549727796328 21.920000076293945 31.489999771118164 AB 7.406141143539525 1.0607478005642401
61910.037 lsst_hardware_g 3.9571442540316197 13.109999656677246 31.389999389648438 AB 7.42505282302946 1.0641677082499703
61912.0183 lsst_hardware_r -1.6923964454096088 21.8700008392334 31.479999542236328 AB 4.793404293572417 1.0605854434012907
61912.0304 lsst_hardware_i -3.825006579877379 30.1299991607666 31.239999771118164 AB 4.876115769321181 1.063686406687102
61927.9918 lsst_hardware_y 30.461471252571975 54.349998474121094 30.049999237060547 AB 4.666303783950921 1.0660963637080783
61928.0046 lsst_hardware_r 129.00116265297171 89.54000091552734 31.649999618530273 AB 5.003759605019116 1.0750947209582056
62147.3529 lsst_hardware_r 21.748936483222618 23.440000534057617 31.5 AB 6.864747218635776 1.0638895340776096
62147.3653 lsst_hardware_y 103.53437960630326 66.73999786376953 30.059999465942383 AB 6.812411867918688 1.060586442676011
62149.3576 lsst_hardware_z -30.47468125102631 65.7699966430664 31.709999084472656 AB 4.41475443710058 1.0608990156441638
62151.3567 lsst_hardware_g -13.617588892052241 14.890000343322754 31.450000762939453 AB 5.672071239267165 1.060398436954041
62151.3686 lsst_hardware_y -12.731898897805133 64.33999633789062 30.059999465942383 AB 5.727155914497451 1.0615345675754442
62153.3519 lsst_hardware_i -25.72431290427888 30.420000076293945 31.25 AB 2.4388506945338997 1.0603698671886521
62153.364 lsst_hardware_y 73.64503060813621 51.77000045776367 30.049999237060547 AB 2.44203643826349 1.0617549731580391
62155.3487 lsst_hardware_i -13.197978836070002 30.1299991607666 31.239999771118164 AB 6.533711196195538 1.0603518210806617
62155.3608 lsst_hardware_y -148.46876606510975 49.619998931884766 30.040000915527344 AB 6.577979069687215 1.0624209108757514
62157.3538 lsst_hardware_g 18.2377092406641 13.649999618530273 31.40999984741211 AB 11.934956787530558 1.0619548689818388
62157.3668 lsst_hardware_y 92.03008351611872 51.95000076293945 30.049999237060547 AB 12.022156596517274 1.067781916379543
62159.3549 lsst_hardware_i 1.9030575099266163 30.43000030517578 31.25 AB 9.995143118074942 1.0643604736655756
62159.3674 lsst_hardware_y -28.86338435007878 53.119998931884766 30.049999237060547 AB 10.066672852296877 1.071977515352548
62161.3309 lsst_hardware_z -42.25436149758616 41.13999938964844 30.950000762939453 AB 10.391451097751364 1.0603521528317719
62161.3445 lsst_hardware_u 3.436635063540337 2.7200000286102295 28.479999542236328 AB 10.330556564414337 1.0624501094701067
62164.3451 lsst_hardware_r -1.0426636749566849 22.170000076293945 31.489999771118164 AB 12.602748840739185 1.066282546173432
62164.3561 lsst_hardware_i 35.69309171120161 30.579999923706055 31.25 AB 12.674201369998292 1.0738649318993956
62166.3362 lsst_hardware_z 2.45963043477151 59.02000045776367 30.979999542236328 AB 12.131008446181363 1.0645515474362963
62166.3467 lsst_hardware_r 10.312592886395324 80.69999694824219 31.649999618530273 AB 12.232878006785747 1.0707895257234585
62168.3429 lsst_hardware_z 86.49055258776505 83.77999877929688 31.729999542236328 AB 12.61502419009573 1.0720376344197833
62170.3468 lsst_hardware_r -39.26552299867354 64.02999877929688 31.639999389648438 AB 11.51773759772759 1.0804294047460294
62170.3587 lsst_hardware_z 68.73435773825656 54.70000076293945 30.979999542236328 AB 11.688496820359788 1.094531025410599
62172.2857 lsst_hardware_r -186.3193237142709 41.810001373291016 31.6200008392334 AB 5.938435800146448 1.063473459911628
62172.2972 lsst_hardware_i -8.3831275997795 40.79999923706055 31.299999237060547 AB 6.910058891955622 1.0605840926975783
62174.2968 lsst_hardware_z 7.2642266407535425 58.970001220703125 31.700000762939453 AB 3.9612488953097222 1.0603624159298255
62176.2903 lsst_hardware_g -11.197809086617015 13.300000190734863 31.389999389648438 AB 5.592767090581105 1.060357465864681
62176.3028 lsst_hardware_r -7.952706271085908 22.06999969482422 31.479999542236328 AB 5.817532054810208 1.0622234089213873
62178.2882 lsst_hardware_z -14.831195010485892 41.099998474121094 30.950000762939453 AB 3.909623743679695 1.0604766031680908
62178.2992 lsst_hardware_r 6.60501848447012 21.959999084472656 31.489999771118164 AB 4.097237463040333 1.0628372147964547
62180.2698 lsst_hardware_i 10.500229841006618 30.1200008392334 31.25 AB 5.648446270882549 1.061571734543314
62180.2814 lsst_hardware_u -2.324575057014445 2.690000057220459 28.469999313354492 AB 5.648735219300005 1.0603970751454836
62182.2715 lsst_hardware_g -1.8384847733578902 13.109999656677246 31.399999618530273 AB 3.4894132236332944 1.0604507593476051
62182.2826 lsst_hardware_r -11.24403864334993 21.899999618530273 31.489999771118164 AB 3.4851195903842442 1.0612422626017797
62184.2659 lsst_hardware_i -46.9081023848687 30.110000610351562 31.25 AB 4.652332925720636 1.060461489384512
62184.2768 lsst_hardware_r 26.7530278582907 21.920000076293945 31.489999771118164 AB 4.6934818522274195 1.061173475774452
