data/validation/pwv_sim_epoch_fit_epoch/14735825.ecsv
# %ECSV 0.9
# ---
# datatype:
# - {name: time, datatype: float64}
# - {name: band, datatype: string}
# - {name: flux, datatype: float64}
# - {name: fluxerr, datatype: float64}
# - {name: zp, datatype: float64}
# - {name: zpsys, datatype: string}
# - {name: pwv, datatype: float64}
# - {name: airmass, datatype: float64}
# meta: {SNID: '14735825', alt: 1024.0, c: -0.06392980366945267, dec: -10.958863, lat: -30.244573, lon: -70.7499537, ra: 189.84375, t0: 62949.62109375,
#   x0: 2.2638079032408545e-06, x1: 0.5579807162284851, z: 0.8469200134277344}
# schema: astropy-2.0
time band flux fluxerr zp zpsys pwv airmass
62892.3633 lsst_hardware_u 1.1310571612148475 3.4600000381469727 28.6299991607666 AB 14.859007262925818 1.061629388207159
62894.3647 lsst_hardware_z -1.9417892827354126 43.47999954223633 30.950000762939453 AB 12.500005124823726 1.0590980830183203
62898.3551 lsst_hardware_r -26.07542249212414 24.559999465942383 31.510000228881836 AB 12.465774990523222 1.058814410293592
62898.3721 lsst_hardware_z -12.620451750307913 45.09000015258789 30.950000762939453 AB 12.472023179863312 1.0610574692904726
62907.3389 lsst_hardware_i 36.49953817785882 91.12000274658203 31.34000015258789 AB 3.6273042275916954 1.0585518173905686
62907.3586 lsst_hardware_z 79.32892362509556 78.9800033569336 30.989999771118164 AB 3.634565376851149 1.068439884427471
62911.3362 lsst_hardware_i 14.51793907970998 44.290000915527344 31.299999237060547 AB 2.591442830293288 1.0608710798458005
62911.3539 lsst_hardware_z 63.77744708107131 48.68000030517578 30.959999084472656 AB 2.597550507876707 1.0747002515005166
62915.2345 lsst_hardware_u 1.3702521685481546 2.7888609224075465 28.399999618530273 AB 6.270271755240459 1.1883016592369817
62918.3163 lsst_hardware_r -47.5797952477554 24.387326518341617 31.530000686645508 AB 6.88322363010619 1.0605346869867276
62918.3337 lsst_hardware_i 0.8450936007436183 32.06376230522083 31.260000228881836 AB 6.120232296408425 1.0734895499072001
62922.2874 lsst_hardware_u -1.0860068581733908 2.934166192077429 28.5 AB 9.346091724098839 1.0593072963067993
62922.3059 lsst_hardware_r 74.29080801297323 24.816502069557558 31.510000228881836 AB 9.54676369890894 1.0607515221009933
62924.2951 lsst_hardware_i 122.3525868617483 33.72185080165371 31.25 AB 6.442998553304414 1.059006994297241
62924.3141 lsst_hardware_z 103.51254592891743 43.16107829875915 30.950000762939453 AB 6.589194779680482 1.0701956764139162
62926.2776 lsst_hardware_z 119.00823438519618 43.61818098885981 30.940000534057617 AB 4.110080362205294 1.0590261175483882
62926.2959 lsst_hardware_r 134.6511630939597 26.591786681105322 31.510000228881836 AB 4.395858451543099 1.0611607607828846
62931.2755 lsst_hardware_r 296.41947362607925 65.25660436575946 31.639999389648438 AB 8.252267454958472 1.0588993622632978
62931.2917 lsst_hardware_i 385.4784984408455 56.2059379060971 31.309999465942383 AB 7.605797163572285 1.067255618265949
62933.2665 lsst_hardware_z 308.05793632560324 79.37727801902064 30.989999771118164 AB 10.47818697554042 1.0584027248020624
62933.2863 lsst_hardware_r 151.25793478584634 116.31601410891146 31.649999618530273 AB 10.566323125674543 1.0673053662297518
62936.2662 lsst_hardware_z 659.8318703722044 99.21602048153866 31.0 AB 9.33247762682768 1.0601574432899339
62936.2853 lsst_hardware_r 599.1637031808723 143.83704094559354 31.649999618530273 AB 9.41673224170149 1.0743051471257108
62938.266 lsst_hardware_i 949.3569797779645 71.88555384750292 31.329999923706055 AB 16.163474787476016 1.0626407863435319
62938.2834 lsst_hardware_z 448.48999081661924 65.91247243670946 30.979999542236328 AB 16.318343404571934 1.0785421946181053
62942.2418 lsst_hardware_u 4.035581326697252 3.6180125610791016 28.639999389648438 AB 8.737817967140813 1.0583917835618584
62942.2621 lsst_hardware_g 94.7301810031319 23.599026138188446 31.559999465942383 AB 8.434162371824625 1.0676154901043828
62945.2375 lsst_hardware_r 568.6955275896212 34.71182848634442 31.530000686645508 AB 5.188823637319355 1.0589435994529295
62945.2564 lsst_hardware_i 829.6857579340605 42.699538957020714 31.260000228881836 AB 5.3203311277485925 1.0698433798006364
62947.2368 lsst_hardware_z 551.1665299451463 48.53012898684463 30.959999084472656 AB 6.129542574544448 1.0603980522530818
62947.2558 lsst_hardware_r 527.6325631729529 34.67833664098133 31.530000686645508 AB 5.6843613589386806 1.0749040531250755
62949.2302 lsst_hardware_u 1.763026512745255 2.965076464173227 28.510000228881836 AB 6.272027632334922 1.0599714332312722
62949.2485 lsst_hardware_r 561.7019988802203 34.1423106223674 31.520000457763672 AB 6.356795934578684 1.072876950983744
62951.1728 lsst_hardware_i 733.0602563317399 42.70784753649232 31.25 AB 8.032724018524572 1.0934579057365013
62951.1909 lsst_hardware_z 620.031367244382 48.6160072167795 30.950000762939453 AB 7.867788855763861 1.069744003593627
62955.2168 lsst_hardware_g 62.68075503911216 17.4842059018773 31.479999542236328 AB 6.878640061517557 1.061190999925572
62955.2348 lsst_hardware_r 456.23052136120685 32.559397382445376 31.530000686645508 AB 6.927213365707997 1.0758769981944845
62957.2155 lsst_hardware_i 654.8272056516895 41.52763771813222 31.260000228881836 AB 4.47947765064076 1.0634616350985067
62957.2333 lsst_hardware_z 568.8402411469048 48.23065814371587 30.950000762939453 AB 4.550184075322494 1.080846607226545
62959.2054 lsst_hardware_r 316.2498405529055 57.975616945553924 31.6299991607666 AB 6.720901642362044 1.0609716337131905
62959.2234 lsst_hardware_z 577.7285063224011 55.7344293266489 30.969999313354492 AB 7.670521734959663 1.0753193474166165
62961.2033 lsst_hardware_r 349.59486639500795 100.6649218244058 31.649999618530273 AB 7.859054245305901 1.0626925566924426
62961.2204 lsst_hardware_i 605.1047345530899 85.2994476758876 31.31999969482422 AB 7.617706294106129 1.0782824800565594
62964.213 lsst_hardware_z 1179.1790505472966 157.98633506163796 31.75 AB 10.008236366172643 1.079287864355917
62967.1893 lsst_hardware_r 278.74946656967126 65.92802484882525 31.639999389648438 AB 3.4953710493210695 1.0641748723037634
62967.2058 lsst_hardware_i 591.0469811909993 59.51028015731195 31.309999465942383 AB 3.561694543346107 1.0805838879516922
62969.1946 lsst_hardware_z 771.5037240637156 70.04389916170848 31.709999084472656 AB 10.549378834416107 1.0736370622762557
62971.1895 lsst_hardware_g 5.807382922789447 16.45258084751862 31.469999313354492 AB 10.632934900660782 1.0740338283495738
62971.2054 lsst_hardware_r 135.4650616460618 28.262187694815232 31.520000457763672 AB 10.85949955842511 1.0969191473156676
62974.1616 lsst_hardware_r 166.3925471536547 27.19050749157025 31.530000686645508 AB 12.433458099496107 1.0598503807037656
62974.1781 lsst_hardware_i 372.44027601560543 36.77411567857402 31.270000457763672 AB 13.811849164253656 1.0706859817250896
62976.1632 lsst_hardware_z 264.03392963633183 45.30970690009348 30.950000762939453 AB 6.8611761019198605 1.0631987761239454
62976.1809 lsst_hardware_i 359.8207250655974 36.327705771363995 31.260000228881836 AB 3.412108826388211 1.0801515793035201
62978.1591 lsst_hardware_u 4.028097267369231 2.97098815074248 28.559999465942383 AB 10.831638395827413 1.0640638927086217
62978.1772 lsst_hardware_g 27.812090919582314 16.542820165062153 31.479999542236328 AB 10.051307347203739 1.0825317552184963
62982.0971 lsst_hardware_r 51.7506626161149 26.17385707483849 31.510000228881836 AB 10.5843614037686 1.0800368779355713
62985.1557 lsst_hardware_z 447.0379875839909 63.604381248716116 31.700000762939453 AB 8.875378422754482 1.0793358169469152
62992.1255 lsst_hardware_r 72.3230714245829 143.79693059101433 31.65999984741211 AB 3.792711272818388 1.0675424031576632
62992.1441 lsst_hardware_i 335.4110158522746 116.40031871328871 31.329999923706055 AB 3.867511870698764 1.0902077154894332
62994.1316 lsst_hardware_z 303.263793729235 99.07421395610093 31.739999771118164 AB 10.642925448688372 1.0799518466451925
63000.0687 lsst_hardware_z 94.38463344490128 43.357726449752164 30.950000762939453 AB 6.750102624302935 1.0614759728952154
63000.0848 lsst_hardware_u -0.896174563113576 2.8117716058411055 28.469999313354492 AB 6.477409429534146 1.0585155402877457
63001.066 lsst_hardware_g -9.098430720332022 15.510905056811465 31.459999084472656 AB 6.8994973306152465 1.061461127786961
63001.0855 lsst_hardware_r 57.4566089397106 24.847424481688467 31.510000228881836 AB 6.927101699018749 1.0591493748737992
63004.0142 lsst_hardware_z 135.45971127234503 43.74843449808177 30.940000534057617 AB 8.215026104238412 1.121377695948822
63004.0272 lsst_hardware_i 15.192833923700379 32.745321109344516 31.25 AB 7.8975131183186384 1.0949758222972508
63014.0483 lsst_hardware_z 251.8372446213093 87.42184656216027 32.459999084472656 AB 7.751590617192832 1.0587796642913208
63018.0316 lsst_hardware_i 128.59163860850927 75.54429053543227 31.329999923706055 AB 7.196710396968127 1.0583397642600187
63018.0539 lsst_hardware_z 67.83445579675319 69.66204223536296 30.989999771118164 AB 7.907472220250828 1.067039252462778
63021.0057 lsst_hardware_z -105.18153509742564 71.11292961248948 30.989999771118164 AB 11.999201915577583 1.0648603977734632
63021.0258 lsst_hardware_i 17.71074631603261 81.77995985464976 31.329999923706055 AB 11.872702477010568 1.05836964472107
63032.9957 lsst_hardware_r -9.098431220621595 25.342270471763797 31.520000457763672 AB 9.680366685359406 1.0586577739894185
63033.019 lsst_hardware_i -0.8023821981663197 32.91507559326137 31.260000228881836 AB 9.832061513499946 1.0727250573891285
63036.9639 lsst_hardware_y 29.073441166075717 49.210632885849115 30.040000915527344 AB 3.7934888291560775 1.063594998828884
63036.9834 lsst_hardware_g -1.5025796756929968 16.171965048548664 31.489999771118164 AB 3.8038986716154315 1.0584761521017614
63042.9557 lsst_hardware_y 107.53606570668566 61.779998779296875 30.059999465942383 AB 5.26030832707058 1.0596914438095448
63042.9774 lsst_hardware_i -6.912370735406707 34.849998474121094 31.270000457763672 AB 6.706503039779639 1.061617482255819
63044.9547 lsst_hardware_y -77.74462888249587 68.81999969482422 30.059999465942383 AB 7.49408328666654 1.0586358647642622
63044.9742 lsst_hardware_i -4.292161396328096 47.97999954223633 31.309999465942383 AB 6.888128241279489 1.0628460704044473
63046.9555 lsst_hardware_y -30.96494035034977 68.08999633789062 30.059999465942383 AB 2.608566914533671 1.0584210642231875
63046.9746 lsst_hardware_z 145.69029966243724 61.439998626708984 30.979999542236328 AB 1.738238175349479 1.0669492636412852
