data/validation/pwv_sim_epoch_fit_epoch/14784829.ecsv
# %ECSV 0.9
# ---
# datatype:
# - {name: time, datatype: float64}
# - {name: band, datatype: string}
# - {name: flux, datatype: float64}
# - {name: fluxerr, datatype: float64}
# - {name: zp, datatype: float64}
# - {name: zpsys, datatype: string}
# - {name: pwv, datatype: float64}
# - {name: airmass, datatype: float64}
# meta: {SNID: '14784829', alt: 1024.0, c: -0.1119479164481163, dec: -29.656013, lat: -30.244573, lon: -70.7499537, ra: 34.980469, t0: 61644.578125,
#   x0: 2.1324875532823216e-06, x1: -0.09600406140089035, z: 0.8673132061958313}
# schema: astropy-2.0
time band flux fluxerr zp zpsys pwv airmass
[from data line 133]
62057.1281 lsst_hardware_r -13.57956968656475 22.90999984741211 31.469999313354492 AB 9.963432805620613 1.1866409312343418
62059.0959 lsst_hardware_i -41.903847682005846 32.529998779296875 31.209999084472656 AB 10.281824593298051 1.320722491110931
62059.1154 lsst_hardware_z -39.088277585323276 43.41999816894531 30.940000534057617 AB 9.454557451621016 1.2178476751766014
62064.1034 lsst_hardware_r -16.92001339281005 23.219999313354492 31.479999542236328 AB 3.283790251333538 1.2104279839044685
62064.1226 lsst_hardware_g 12.352892173458548 13.850000381469727 31.399999618530273 AB 3.0608296410016598 1.1364466488867548
62065.1115 lsst_hardware_r -3.6835250637842103 22.979999542236328 31.479999542236328 AB 5.089690770353822 1.1660676093826219
62065.1307 lsst_hardware_i 34.705165523981634 30.809999465942383 31.239999771118164 AB 4.147885631800692 1.1034545442406738
62067.1148 lsst_hardware_z -3.4606346488542234 42.93000030517578 30.950000762939453 AB 3.518977759134482 1.1351541158498328
62067.1338 lsst_hardware_i -8.420325416028001 31.219999313354492 31.25 AB 3.103109141641394 1.0812226974360257
62077.1187 lsst_hardware_z 68.70092664815651 97.0999984741211 31.75 AB 4.238623769719905 1.0548213446004484
62079.1158 lsst_hardware_g 106.59390366702901 83.06999969482422 31.729999542236328 AB 3.999693315176354 1.0500179344152014
62079.1353 lsst_hardware_r 66.996909275285 78.29000091552734 31.65999984741211 AB 3.6407698747481456 1.0211344746285869
62081.1153 lsst_hardware_i 11.755319426149846 39.470001220703125 31.290000915527344 AB 4.7371662578044775 1.0414024675493925
62081.1335 lsst_hardware_z 82.70170416983144 46.220001220703125 30.969999313354492 AB 4.545634908823813 1.0171481111711373
62083.1325 lsst_hardware_u 1.3156143549567951 2.809999942779541 28.56999969482422 AB 6.778156396989036 1.012874536310376
62086.0087 lsst_hardware_y -23.12882016378463 73.38999938964844 29.940000534057617 AB 7.204595805493629 1.4116278825356725
62086.0262 lsst_hardware_u 2.1750479373583196 2.990000009536743 28.329999923706055 AB 6.613077124112315 1.2969996811203364
62088.0106 lsst_hardware_y -167.799648837346 79.7699966430664 29.969999313354492 AB 8.268600030648457 1.3596875692740396
62088.0266 lsst_hardware_r -21.117316430176622 23.649999618530273 31.459999084472656 AB 7.796874344388773 1.2648707872470635
62090.0659 lsst_hardware_z 56.01487957955842 72.05000305175781 32.130001068115234 AB 6.515063692145494 1.0940799393454328
62091.0136 lsst_hardware_y -12.859256687246932 71.93000030517578 29.989999771118164 AB 4.51857631401658 1.2910218040047372
62091.0321 lsst_hardware_g 14.576601451083388 13.90999984741211 31.3700008392334 AB 4.199568303373654 1.1998766581067584
62093.015 lsst_hardware_y 52.46967286672506 75.9000015258789 30.0 AB 7.264702639303312 1.2542649584434307
62093.0313 lsst_hardware_i -20.80610598561204 32.130001068115234 31.229999542236328 AB 6.762533070932519 1.180609823836155
62098.028 lsst_hardware_y 92.04025016562657 51.130001068115234 30.030000686645508 AB 8.882771284341496 1.1423806684539766
62098.0449 lsst_hardware_i -33.62355006291001 33.040000915527344 31.260000228881836 AB 8.23746496252585 1.091874470356391
62100.0378 lsst_hardware_z 48.88048754615342 67.29000091552734 31.709999084472656 AB 5.198663463108 1.096186286369636
62103.0248 lsst_hardware_y -21.477489380190065 69.63999938964844 30.040000915527344 AB 6.83215204529973 1.1095358705082656
62103.0422 lsst_hardware_r 63.57962221537374 69.01000213623047 31.639999389648438 AB 5.840625156152129 1.066002036165868
62105.0276 lsst_hardware_y -120.78468992341351 65.80999755859375 30.049999237060547 AB 8.14343149215858 1.0872405196473405
62105.0438 lsst_hardware_z -78.89703719654699 61.70000076293945 30.979999542236328 AB 8.749525495398192 1.0518785159170443
62107.0311 lsst_hardware_y 68.47729367522454 61.869998931884766 30.059999465942383 AB 7.163298525228873 1.0663826535980316
62107.0473 lsst_hardware_z -96.71084732197413 61.0099983215332 30.989999771118164 AB 6.871332082300344 1.0366340131755771
62110.0336 lsst_hardware_y 56.47786592524085 53.41999816894531 30.059999465942383 AB 3.34976892829199 1.0456591004501972
62110.0545 lsst_hardware_r 4.036602372814146 21.950000762939453 31.5 AB 3.4566433388034636 1.0169589110925166
62112.0353 lsst_hardware_y 151.15569318306694 54.06999969482422 30.059999465942383 AB 3.7070322638698587 1.0341358370478095
62112.0568 lsst_hardware_r 2.1421038316435403 21.809999465942383 31.489999771118164 AB 3.024370258548537 1.009975040423413
