data/validation/pwv_sim_epoch_fit_epoch/14874612.ecsv
# %ECSV 0.9
# ---
# datatype:
# - {name: time, datatype: float64}
# - {name: band, datatype: string}
# - {name: flux, datatype: float64}
# - {name: fluxerr, datatype: float64}
# - {name: zp, datatype: float64}
# - {name: zpsys, datatype: string}
# - {name: pwv, datatype: float64}
# - {name: airmass, datatype: float64}
# meta: {SNID: '14874612', alt: 1024.0, c: 0.02920474484562874, dec: -42.809296, lat: -30.244573, lon: -70.7499537, ra: 242.569717, t0: 62193.7421875,
#   x0: 2.7909262925325758e-05, x1: 0.580166757106781, z: 0.29729554057121277}
# schema: astropy-2.0
time band flux fluxerr zp zpsys pwv airmass
62204.393 lsst_hardware_u 26.310718057161647 6.966675382913299 28.780000686645508 AB 7.734335263744912 1.0273635506413432
62204.4053 lsst_hardware_y 768.7822426020729 76.15437664023817 30.06999969482422 AB 7.795451794786636 1.0248632886787148
62206.3886 lsst_hardware_r 6273.336732145627 82.15518676136368 31.520000457763672 AB 6.778136401226288 1.026990363822165
62206.4002 lsst_hardware_y 760.413504854308 58.819955608827286 30.059999465942383 AB 6.764014768196708 1.0248507224540468
62208.3921 lsst_hardware_r 5591.524920502218 78.04356565453163 31.510000228881836 AB 14.528193512651693 1.0250251181889931
62208.405 lsst_hardware_y 766.9664365014204 65.69952155823233 30.059999465942383 AB 14.567406402165492 1.0259218556386798
62211.3813 lsst_hardware_g 1939.8455309150186 46.840103184892726 31.459999084472656 AB 7.87695794279822 1.02537853980711
62211.3932 lsst_hardware_z 2466.653370662206 63.01558213441836 30.950000762939453 AB 7.866234230850256 1.0252281993461971
62213.3938 lsst_hardware_z 2171.1632003790237 62.08381820025653 30.950000762939453 AB 7.363730830475996 1.0265901060192382
62213.4064 lsst_hardware_y 710.7733833600844 61.76530636011567 30.06999969482422 AB 7.350796362876459 1.0325602420110098
62216.3893 lsst_hardware_u 8.298326826990428 3.5418404336692344 28.65999984741211 AB 6.325852755388379 1.0278975364206329
62216.4018 lsst_hardware_y 608.8364467209957 54.61273778808833 30.059999465942383 AB 6.369862903975666 1.03504881310374
62218.3697 lsst_hardware_g 1028.5476222219654 35.89266564518284 31.479999542236328 AB 6.157806694320178 1.02484924595494
62218.3832 lsst_hardware_i 3413.2934738554495 66.0593286641012 31.270000457763672 AB 6.519380166092658 1.0276450450965728
62220.3773 lsst_hardware_r 2753.43756697851 56.87871822794552 31.520000457763672 AB 7.624400343393335 1.0274779790301607
62220.3891 lsst_hardware_u -1.7503598862331446 2.9145573248663363 28.56999969482422 AB 7.657317294366102 1.033771432310974
62222.3726 lsst_hardware_g 704.7802529381969 30.80052063030609 31.459999084472656 AB 7.997427118776654 1.0277707914808962
62222.3862 lsst_hardware_r 2374.335049765547 53.824522010393856 31.520000457763672 AB 8.11749753067143 1.0356372702806478
62226.3707 lsst_hardware_r 2135.277465032752 109.80938127746523 31.65999984741211 AB 4.305910194086686 1.032427316357089
62226.3826 lsst_hardware_z 2331.6196478669995 83.58270099452572 30.989999771118164 AB 5.209885027440823 1.0419770054881645
62228.377 lsst_hardware_r 1976.4689292441853 101.91617951050439 31.65999984741211 AB 10.920238370819524 1.041841790823933
62228.3888 lsst_hardware_i 2791.7416568992217 92.64671517782764 31.329999923706055 AB 11.131005130310227 1.055238280642474
62230.317 lsst_hardware_z 2185.788586405356 69.53625447433814 30.969999313354492 AB 7.166658011880054 1.0295443200517245
62230.3294 lsst_hardware_i 2667.4435011416685 73.48023228354704 31.309999465942383 AB 7.008514209266233 1.0253861315678467
62232.3194 lsst_hardware_z 2012.3979578070905 61.13435743397582 30.959999084472656 AB 17.09423046487253 1.026433917669781
62232.3314 lsst_hardware_r 1492.6930012856358 50.31343909870893 31.59000015258789 AB 17.26153353076318 1.0248491082802005
62234.3198 lsst_hardware_u 8.565115036419893 3.9080129000050188 28.540000915527344 AB 10.187773445672331 1.0251847492500459
62234.3301 lsst_hardware_g 346.3957892030059 24.6934178986531 31.489999771118164 AB 10.1954935263613 1.0251878860091805
62236.3194 lsst_hardware_i 2003.067415501245 54.116240229323566 31.25 AB 5.478776853175686 1.0248366728723692
62236.3308 lsst_hardware_z 1716.064467641397 57.238737254896826 30.950000762939453 AB 5.507076943915149 1.0265300235640336
62238.3162 lsst_hardware_r 977.9803011878537 39.63553842662209 31.510000228881836 AB 6.807127398635969 1.024899672320694
62238.3278 lsst_hardware_g 240.88990185944596 21.85513189334667 31.450000762939453 AB 6.8043805465612905 1.0273476837748008
62242.3023 lsst_hardware_u 8.231694581321163 3.2346164879240153 28.530000686645508 AB 17.506414210923364 1.0248456978646032
62242.3143 lsst_hardware_r 910.636431556883 37.80397314473038 31.510000228881836 AB 17.513717304004228 1.0264951042690764
62244.3066 lsst_hardware_i 1498.0583053696562 48.87583033603272 31.260000228881836 AB 13.226393096930938 1.0258982429265804
62244.3184 lsst_hardware_z 1041.275578376793 52.56778167365981 30.950000762939453 AB 13.271497645161906 1.0305491354299803
62246.3051 lsst_hardware_r 849.9262577793285 36.56009501473173 31.510000228881836 AB 3.6888028556076704 1.0270448785914628
62246.3156 lsst_hardware_u -5.715522494849853 2.8069623738491036 28.479999542236328 AB 3.736686484727524 1.0321150377886312
62248.2915 lsst_hardware_g 254.05052990028804 21.52033745415397 31.450000762939453 AB 8.640223526408368 1.0251402246084678
62248.304 lsst_hardware_r 708.1155099764611 36.29006859732046 31.520000457763672 AB 7.072508357718861 1.0287908393554315
62252.3006 lsst_hardware_r 857.2552187656343 72.20503225052596 31.649999618530273 AB 3.8988175603542254 1.0330045864355104
62252.3125 lsst_hardware_z 848.253567059507 61.30303916521474 30.979999542236328 AB 3.8585309364598133 1.0428461990431928
62254.2852 lsst_hardware_z 803.6228348370706 83.80028869881926 31.0 AB 2.811609956168695 1.0277604323755434
62254.2969 lsst_hardware_r 849.5972675009915 121.76199901155917 31.65999984741211 AB 2.9992178832105005 1.0342130631760347
62257.2811 lsst_hardware_i 1165.4095806649905 82.9607199834073 31.34000015258789 AB 9.28378284390167 1.029596167636942
62257.2922 lsst_hardware_z 875.5273543838836 71.51425338695756 30.989999771118164 AB 10.243154910094095 1.036861515345085
62261.2737 lsst_hardware_g -56.015414795040925 28.90999984741211 31.65999984741211 AB 9.308250371688729 1.0315374797778505
62261.2857 lsst_hardware_r -23.515900036225517 32.93000030517578 31.59000015258789 AB 9.41211431658223 1.0407026002412902
62266.2269 lsst_hardware_z -4.106355106888518 41.310001373291016 30.959999084472656 AB 6.363347342477157 1.0263463455608317
62266.2389 lsst_hardware_r -6.759259479226419 23.25 31.520000457763672 AB 6.354158909156785 1.0248643401865782
62270.2225 lsst_hardware_g 26.52064711419413 14.600000381469727 31.459999084472656 AB 6.869331337186126 1.0250693400098676
62270.2349 lsst_hardware_i 12.553095221562026 30.84000015258789 31.260000228881836 AB 6.893823995161099 1.0257394661120047
62280.215 lsst_hardware_z -3.8891321229615756 51.15999984741211 30.969999313354492 AB 7.708559751182009 1.0280821220568164
62280.2278 lsst_hardware_r 133.36802949252782 57.75 31.639999389648438 AB 7.714053994910993 1.0356056646335212
62282.1925 lsst_hardware_r 39.39902227329918 112.52999877929688 31.65999984741211 AB 6.353504795730796 1.0248690389930308
62283.1916 lsst_hardware_z 34.20576935653452 91.41999816894531 31.0 AB 5.168128463391948 1.0248461770946125
62283.2048 lsst_hardware_i 68.55740389600123 115.45999908447266 31.350000381469727 AB 5.0846349263704 1.0273027429781596
62285.1881 lsst_hardware_z 80.83253158673762 83.45999908447266 31.0 AB 9.019295509484506 1.0249199442596029
62285.1999 lsst_hardware_r -112.78053037337611 122.80999755859375 31.670000076293945 AB 9.042085507344535 1.027509716743697
62288.1957 lsst_hardware_y 50.234444629835615 69.18000030517578 30.799999237060547 AB 7.673899573801139 1.0292247282458609
62291.1931 lsst_hardware_r -3.3679201012973703 23.43000030517578 31.510000228881836 AB 11.823658824792664 1.032348447281761
62291.2054 lsst_hardware_i -31.895146795514584 32.560001373291016 31.260000228881836 AB 11.950672386117642 1.0422400987921918
62302.1281 lsst_hardware_r -9.755115523164719 23.209999084472656 31.5 AB 12.629700046593829 1.0264988794609056
62302.1396 lsst_hardware_i -47.85120382427315 30.65999984741211 31.25 AB 12.657895244220963 1.0248478053777974
62304.1246 lsst_hardware_z 63.9085619481355 41.15999984741211 30.950000762939453 AB 5.503902517807444 1.0259701780766781
62304.1371 lsst_hardware_r -32.28886387079798 23.270000457763672 31.510000228881836 AB 5.379481563280874 1.0249885481005159
62306.1228 lsst_hardware_z 9.688195656832987 42.529998779296875 30.959999084472656 AB 3.773709006444151 1.0252554524062516
62306.1364 lsst_hardware_g 32.66516338945445 24.059999465942383 31.6299991607666 AB 3.897660440906759 1.0257001160280945
62308.1205 lsst_hardware_r 12.006344907537262 72.19999694824219 32.380001068115234 AB 3.074770107546105 1.024923369182035
62308.1329 lsst_hardware_z 88.87087952831318 69.2300033569336 31.719999313354492 AB 3.042245152579723 1.0261676925724275
62310.1098 lsst_hardware_i 58.883302059453015 78.87999725341797 31.34000015258789 AB 3.2819779845210597 1.0256181201628312
62310.1222 lsst_hardware_r -35.9496750976043 98.33999633789062 31.65999984741211 AB 3.2804684925724277 1.0251464039288836
62314.1115 lsst_hardware_r -55.4318737913983 101.68000030517578 31.670000076293945 AB 7.99636858663771 1.0251754598253475
62314.1256 lsst_hardware_i -9.876545163047982 79.63999938964844 31.34000015258789 AB 8.238381182281499 1.0296689391677913
62315.1085 lsst_hardware_z -83.25454721021777 58.68000030517578 30.989999771118164 AB 7.37742824565083 1.0251411443966971
62315.1205 lsst_hardware_r 117.08205717460282 79.08000183105469 31.65999984741211 AB 7.44896629593562 1.0285431041369215
62323.0458 lsst_hardware_z -28.415611346731552 41.06999969482422 30.950000762939453 AB 6.4674131536405834 1.0423045950615373
62323.0591 lsst_hardware_i 19.332440886321066 30.520000457763672 31.260000228881836 AB 6.4040199092056485 1.0317692719109104
62328.044 lsst_hardware_z -82.19205624144313 41.040000915527344 30.950000762939453 AB 6.8513131061111645 1.0326796452047877
62328.0566 lsst_hardware_u -2.786155040434637 2.690000057220459 28.440000534057617 AB 6.791325876123447 1.0266554612431675
62330.0489 lsst_hardware_g -8.1988068459297 14.239999771118164 31.440000534057617 AB 6.42613882718042 1.027415075758967
62330.0604 lsst_hardware_r -14.955105463027305 22.920000076293945 31.510000228881836 AB 6.389740893290627 1.0249276950153559
62332.0376 lsst_hardware_i -10.953016664197797 30.510000228881836 31.25 AB 5.5889222645864445 1.030026219053897
62332.049 lsst_hardware_z -17.784597978060113 40.84000015258789 30.950000762939453 AB 6.444345033636454 1.0257748531435282
62334.0408 lsst_hardware_i -9.038884719998602 31.799999237060547 31.260000228881836 AB 1.5397202612311256 1.0264801741540837
62334.0512 lsst_hardware_z 20.384683108127383 41.529998779296875 30.950000762939453 AB 1.680935865558392 1.0248567415252872
62343.0315 lsst_hardware_z -120.35325285765653 86.72000122070312 31.739999771118164 AB 9.395369481422847 1.0250798626831976
62345.0222 lsst_hardware_r -2.7322049677721574 40.18000030517578 31.610000610351562 AB 4.6118354272331015 1.0248523171629114
62345.0338 lsst_hardware_i 1.8375381126086228 43.349998474121094 31.299999237060547 AB 4.620288688418288 1.0267308196485085
62347.0211 lsst_hardware_z -23.69000217133617 40.849998474121094 30.950000762939453 AB 5.230014154456319 1.0251412073222559
62347.031 lsst_hardware_u 2.494614829571557 2.7100000381469727 28.450000762939453 AB 5.253595971625438 1.027665237497233
62348.0197 lsst_hardware_g -0.31874636094351866 14.270000457763672 31.43000030517578 AB 3.289769242642173 1.025329357220562
62348.0318 lsst_hardware_r 38.47595674277815 23.010000228881836 31.5 AB 3.342059857351224 1.029196968927931
62351.0221 lsst_hardware_i 53.27806175442447 30.540000915527344 31.25 AB 2.234763009945048 1.0285018071389342
62351.0341 lsst_hardware_z -10.73336117066245 41.06999969482422 30.950000762939453 AB 2.2644685050424553 1.0357379959029371
62354.0083 lsst_hardware_u -2.0532183639691954 2.5999999046325684 28.360000610351562 AB 1.1593759225418963 1.026450573299598
62354.0204 lsst_hardware_g 25.77689401127997 14.079999923706055 31.420000076293945 AB 1.23522061885489 1.0319303415663241
62356.0119 lsst_hardware_r 6.075344068830175 23.040000915527344 31.510000228881836 AB 4.008102493025917 1.030183985527566
62356.0222 lsst_hardware_i -28.50375114578743 30.770000457763672 31.260000228881836 AB 4.036837693940118 1.037125381675118
62358.0021 lsst_hardware_z -22.727498633496253 41.22999954223633 30.950000762939453 AB 3.287935291039826 1.0281223549217717
62358.0141 lsst_hardware_u -0.3346162907898886 2.8299999237060547 28.530000686645508 AB 3.268060618494407 1.0350698749454414
62364.0011 lsst_hardware_i 39.51612615877332 36.849998474121094 31.290000915527344 AB 6.021060154954488 1.0377410679993373
62364.0127 lsst_hardware_z -31.384770341062854 44.33000183105469 30.959999084472656 AB 6.094873547810999 1.0493476602782248
62568.3913 lsst_hardware_g 12.338587479849647 15.65999984741211 31.479999542236328 AB 8.781527557824042 1.029608108550128
62568.4044 lsst_hardware_y -77.65656818072434 72.37000274658203 30.079999923706055 AB 8.730388239295976 1.0252951543506725
62572.392 lsst_hardware_r -11.66655915400595 23.889999389648438 31.510000228881836 AB 7.525517658197598 1.0255543279092065
62572.4052 lsst_hardware_y 125.03507260798682 64.51000213623047 30.06999969482422 AB 7.434888855250135 1.0252897821485396
62578.388 lsst_hardware_i -25.558098271029042 45.310001373291016 31.299999237060547 AB 7.360486724962696 1.0251731223179938
62578.4019 lsst_hardware_y -60.32771942465147 50.11000061035156 30.049999237060547 AB 7.395476804744406 1.0295805101969102
62580.3824 lsst_hardware_z 72.93562899197218 61.939998626708984 30.979999542236328 AB 5.786316759734989 1.025155039225475
62580.3952 lsst_hardware_y 162.6808850352352 54.119998931884766 30.059999465942383 AB 5.794861055984178 1.0289779915923372
62582.3708 lsst_hardware_r 0.42691849049831565 86.29000091552734 31.65999984741211 AB 6.359181254486475 1.0248616695609398
62582.3845 lsst_hardware_i 23.293427399990385 70.43000030517578 31.34000015258789 AB 5.966208191355176 1.026886091455321
62584.3752 lsst_hardware_z 25.148601901633224 81.58000183105469 31.729999542236328 AB 6.923756969956891 1.0258177598276983
62589.3704 lsst_hardware_z -18.064311525971547 41.150001525878906 30.950000762939453 AB 9.10397257579884 1.0288718512515025
62589.3829 lsst_hardware_r -27.2907793699373 23.760000228881836 31.510000228881836 AB 9.507971244373293 1.0367808132131389
62591.3642 lsst_hardware_u 1.9062530940055589 2.5799999237060547 28.34000015258789 AB 4.268084730028911 1.0285367652089785
62591.3772 lsst_hardware_g 6.685353253498575 14.210000038146973 31.40999984741211 AB 5.182944938053421 1.0365889876106842
62594.3729 lsst_hardware_r -3.8169383386798796 22.989999771118164 31.5 AB 6.016702694912222 1.0399025254061398
62594.387 lsst_hardware_z 12.813255074119299 41.36000061035156 30.950000762939453 AB 6.4584557765945085 1.0555331951287603
62596.3184 lsst_hardware_r -10.148633963545759 22.81999969482422 31.5 AB 7.125547616256627 1.0279950394945492
62596.3309 lsst_hardware_i -23.79460663573453 30.43000030517578 31.25 AB 7.104487212260921 1.024956677812993
62600.3112 lsst_hardware_g -21.007338400338945 14.0600004196167 31.420000076293945 AB 8.03222770805499 1.0266577105434351
62600.3221 lsst_hardware_r -16.615226081835534 22.790000915527344 31.5 AB 8.040647945277467 1.0248520982212006
62608.2999 lsst_hardware_i 52.062407256933 73.5199966430664 31.34000015258789 AB 14.201610412780887 1.0248628857285422
62608.3114 lsst_hardware_r 73.47705803763323 93.33000183105469 31.670000076293945 AB 14.30252890609481 1.026251775132371
62614.1695 lsst_hardware_z -1.933387948076149 52.45000076293945 30.950000762939453 AB 5.010011647628269 1.2251414201895017
62616.2547 lsst_hardware_r 18.300587961893644 28.829999923706055 31.559999465942383 AB 14.039344438927799 1.032836345098786
62616.2661 lsst_hardware_i -4.786773167163139 33.400001525878906 31.270000457763672 AB 13.966016361299987 1.027126952524422
62618.2875 lsst_hardware_u -2.474441121495453 2.8399999141693115 28.530000686645508 AB 2.7738056107240574 1.0273354113792805
62618.3 lsst_hardware_g -18.049376352468308 15.079999923706055 31.459999084472656 AB 2.067958818771464 1.033979409385732
62620.2812 lsst_hardware_g -7.715696421570612 14.25 31.43000030517578 AB 10.949529284396998 1.027039914118607
