data/validation/pwv_sim_epoch_fit_epoch/14939456.ecsv
# %ECSV 0.9
# ---
# datatype:
# - {name: time, datatype: float64}
# - {name: band, datatype: string}
# - {name: flux, datatype: float64}
# - {name: fluxerr, datatype: float64}
# - {name: zp, datatype: float64}
# - {name: zpsys, datatype: string}
# - {name: pwv, datatype: float64}
# - {name: airmass, datatype: float64}
# meta: {SNID: '14939456', alt: 1024.0, c: -0.10329495370388031, dec: -40.228184, lat: -30.244573, lon: -70.7499537, ra: 190.371094, t0: 61562.2109375,
#   x0: 3.4785057407972497e-06, x1: 1.0157020092010498, z: 0.7108191847801208}
# schema: astropy-2.0
time band flux fluxerr zp zpsys pwv airmass
61431.3594 lsst_hardware_r -177.3389804444991 69.58000183105469 31.65999984741211 AB 14.281378508062726 1.020487221898537
61431.3725 lsst_hardware_y -14.105457871995684 62.560001373291016 30.079999923706055 AB 14.226654035058283 1.0162379662168401
61433.3703 lsst_hardware_z -0.6714915276309815 78.05999755859375 31.729999542236328 AB 12.013991272274744 1.0159035963899692
61437.3689 lsst_hardware_z -63.53800834237632 42.099998474121094 30.950000762939453 AB 12.003630896682356 1.0165676572393594
61437.3799 lsst_hardware_y -76.49265893777823 61.47999954223633 30.06999969482422 AB 11.784237817518578 1.020390762421784
61439.3608 lsst_hardware_u -5.127988857859927 3.009999990463257 28.6200008392334 AB 10.788350652191175 1.0161392721287723
61439.3734 lsst_hardware_y 26.292157263512514 50.59000015258789 30.059999465942383 AB 10.901588009822856 1.0198884844066662
61446.3499 lsst_hardware_u 0.6069625798478677 2.740000009536743 28.5 AB 3.473143275934184 1.0180941278356999
61446.362 lsst_hardware_g -16.441134933766097 13.710000038146973 31.43000030517578 AB 3.505936080086772 1.024328811867966
61451.3528 lsst_hardware_r -68.59434605005454 22.25 31.489999771118164 AB 4.134480356719696 1.027646891622369
61451.3638 lsst_hardware_u -0.44345814872142325 2.7300000190734863 28.489999771118164 AB 4.224754162538724 1.0382782409778237
61453.3371 lsst_hardware_u 0.16668354355282758 2.5899999141693115 28.3799991607666 AB 4.168871894426103 1.0208440512827923
61453.3474 lsst_hardware_g -0.8383234228426845 13.479999542236328 31.40999984741211 AB 4.219977383529675 1.0276961664608326
61457.3385 lsst_hardware_r -78.30897253908115 93.36000061035156 31.65999984741211 AB 5.909566493965308 1.0293917539205066
61457.3503 lsst_hardware_y 68.77791843636669 54.83000183105469 30.059999465942383 AB 5.9048583889663195 1.0416508734670702
61459.3313 lsst_hardware_z -52.436185500339 66.2300033569336 30.989999771118164 AB 11.354473227862691 1.0279262382638685
61459.3411 lsst_hardware_r -74.52529785230692 91.61000061035156 31.65999984741211 AB 10.168704341606887 1.0373229856953146
61465.2839 lsst_hardware_i -1.0736388191865271 32.349998474121094 31.260000228881836 AB 3.9334387998363045 1.0158674586354093
61465.2953 lsst_hardware_z 45.84931714576518 41.68000030517578 30.950000762939453 AB 4.223441202507799 1.0172472889505357
61467.2731 lsst_hardware_g -3.6153692896463405 14.15999984741211 31.450000762939453 AB 6.015979824344598 1.016427425443649
61467.2851 lsst_hardware_r 19.57803804969158 22.700000762939453 31.5 AB 5.989087920075329 1.0162479502390265
61469.2838 lsst_hardware_i -31.487493934203655 29.790000915527344 31.239999771118164 AB 10.537089216750761 1.017093553740421
61469.2964 lsst_hardware_r -0.4829199334034196 22.100000381469727 31.489999771118164 AB 9.975781988233255 1.0225278790726993
61471.2768 lsst_hardware_u -3.0395253131171867 2.690000057220459 28.469999313354492 AB 9.846574755720077 1.016726731219211
61471.2892 lsst_hardware_g -25.019881176034577 13.59000015258789 31.420000076293945 AB 9.88302278918631 1.021518660702473
61473.2741 lsst_hardware_r 26.63036536404218 22.1299991607666 31.489999771118164 AB 7.965979091901088 1.0174313930520882
61473.2854 lsst_hardware_i 30.89474799366684 30.0 31.25 AB 7.919626673590769 1.0224810113731546
61478.2747 lsst_hardware_u 0.8212905980443899 2.680000066757202 28.450000762939453 AB 11.162506401654266 1.024380759087894
61478.287 lsst_hardware_g 13.066096286936316 13.649999618530273 31.420000076293945 AB 11.257465329302894 1.0349471680530975
61480.2575 lsst_hardware_g -4.654593178463367 13.670000076293945 31.420000076293945 AB 7.63825876120293 1.0182534786530746
61480.2698 lsst_hardware_r 35.06236859711637 22.3799991607666 31.5 AB 7.707119611022659 1.0247693665625697
61482.2373 lsst_hardware_i 4.360740663639561 38.25 31.299999237060547 AB 5.993681952503647 1.0158782970345164
61482.2488 lsst_hardware_r -30.610153086949584 34.459999084472656 31.600000381469727 AB 6.001644266256381 1.0172278417383696
61486.2315 lsst_hardware_z -20.765779206349862 106.87000274658203 31.75 AB 5.879057173801291 1.0160392609723554
61491.2164 lsst_hardware_z 57.1944565111931 51.20000076293945 30.979999542236328 AB 6.400316789143995 1.015923299864126
61491.2272 lsst_hardware_r 9.656468842881281 57.88999938964844 31.649999618530273 AB 6.414411661432205 1.0181605811797152
61493.2098 lsst_hardware_z 42.02831950638749 44.0 30.969999313354492 AB 6.848159325109632 1.0158715343698344
61493.2203 lsst_hardware_g -17.50223617813737 33.470001220703125 31.690000534057617 AB 6.901314440127881 1.0176803431133439
61495.2101 lsst_hardware_r 3.6428258254381136 24.06999969482422 31.530000686645508 AB 3.8938549300158494 1.0164953698265746
61495.2215 lsst_hardware_z -50.821703642017596 41.34000015258789 30.959999084472656 AB 3.9057591841414525 1.020379905725675
61498.2041 lsst_hardware_r -35.46772712690262 22.579999923706055 31.5 AB 6.371646276657669 1.0169684416882516
61498.2152 lsst_hardware_u -1.089117019777905 2.6600000858306885 28.43000030517578 AB 7.325510471643232 1.0213685345105306
61500.2019 lsst_hardware_g -6.907290689886782 13.829999923706055 31.420000076293945 AB 7.526786118459361 1.0179127419816147
61500.2129 lsst_hardware_r -3.971854792995656 22.530000686645508 31.489999771118164 AB 7.230220490223522 1.023240941158155
61502.2053 lsst_hardware_i -8.303542677962838 30.299999237060547 31.25 AB 10.281522119781082 1.0219439027688113
61502.2178 lsst_hardware_z -1.2534042914827304 41.0 30.950000762939453 AB 8.835600958981917 1.0313429454577405
61510.1889 lsst_hardware_z 49.362462669058836 43.45000076293945 30.959999084472656 AB 10.152420843022094 1.0254970548507165
61510.201 lsst_hardware_r 14.569885360787783 30.989999771118164 31.579999923706055 AB 10.260370294267112 1.0364010398249608
61512.1343 lsst_hardware_i -41.85655108319551 52.2400016784668 31.31999969482422 AB 14.972147405514551 1.0227109500795477
61512.1463 lsst_hardware_r -94.23319066184955 60.52000045776367 31.649999618530273 AB 14.914254679992116 1.0173434297402535
61514.1423 lsst_hardware_z 72.2305529887122 104.62000274658203 31.75 AB 9.690598544253776 1.016958604707081
61517.1314 lsst_hardware_r -177.71921575515387 114.16000366210938 31.670000076293945 AB 10.298298868445462 1.0177190303829886
61517.1419 lsst_hardware_i -109.7493464507489 89.54000091552734 31.350000381469727 AB 10.346734752727134 1.0158797008077698
61519.1271 lsst_hardware_z 4.268104281806372 55.38999938964844 30.979999542236328 AB 9.83312909238124 1.0173693481680495
61519.14 lsst_hardware_r -89.15704989737729 70.0 31.65999984741211 AB 9.944958418023445 1.0159320071532785
61523.123 lsst_hardware_r -3.393252842807371 22.549999237060547 31.5 AB 2.3486004789208454 1.0160503910538399
61523.1347 lsst_hardware_z 1.160950378926243 40.66999816894531 30.950000762939453 AB 2.1311959012964405 1.0167110922937617
61527.1164 lsst_hardware_u 1.9942794906592127 2.7200000286102295 28.479999542236328 AB 9.002257320328669 1.0158650352072975
61527.1297 lsst_hardware_g -5.832900516192804 13.90999984741211 31.440000534057617 AB 7.55083880990535 1.0184568127738534
61531.1153 lsst_hardware_z 3.8616035109975306 40.93148216822078 30.959999084472656 AB 3.690741068980458 1.0173169364365566
61531.1255 lsst_hardware_r 51.50421199907184 22.746178024455652 31.510000228881836 AB 3.629481760526664 1.0215978497014042
61534.1108 lsst_hardware_u 2.5287154715889706 3.262971354583229 28.459999084472656 AB 8.826653694232133 1.0185383907491987
61534.1233 lsst_hardware_g 29.33458920938655 14.470484032385729 31.43000030517578 AB 8.886552636136415 1.0254503388110825
61536.1037 lsst_hardware_r 94.26288774505605 24.267258226589092 31.510000228881836 AB 7.92322079639288 1.0179508956629897
61536.1155 lsst_hardware_z 120.97014553144513 41.70480085982045 30.950000762939453 AB 8.050870038266641 1.0238278169093458
61540.0995 lsst_hardware_r 292.11327791864875 56.0153906499123 31.639999389648438 AB 6.797363381956552 1.0208295026966634
61540.1128 lsst_hardware_y 1.811476178447342 50.192682429979385 30.059999465942383 AB 6.885705549248021 1.0302159041328627
61542.1004 lsst_hardware_z 340.8248567268088 66.21130285551155 30.989999771118164 AB 8.760671408609458 1.0246998547996509
61542.1134 lsst_hardware_r 452.4274909328601 89.56870070853489 31.65999984741211 AB 8.874486969479687 1.0361641576788028
61552.0766 lsst_hardware_g 335.5444250731252 22.4079496632443 31.40999984741211 AB 5.951076505237671 1.0273170593384362
61552.0885 lsst_hardware_r 1022.6928976018901 39.56315603078272 31.489999771118164 AB 6.391537602197106 1.0388239682842841
61554.0774 lsst_hardware_i 1131.9373459038786 44.51892560809419 31.260000228881836 AB 9.948760710409152 1.032859478357513
61557.9899 lsst_hardware_z 675.0101719689037 48.3068381542593 30.950000762939453 AB 9.90626462095457 1.039236761620227
61558.0047 lsst_hardware_r 1278.5561057571783 40.914233185907875 31.510000228881836 AB 10.894225328702206 1.0253871079770887
61561.0283 lsst_hardware_g 276.1051647241951 21.382798079617857 31.40999984741211 AB 10.347052024223489 1.0162434464779986
61561.0414 lsst_hardware_r 1189.896771372334 40.102690464412774 31.489999771118164 AB 10.295605488317264 1.0204445772747388
61563.0172 lsst_hardware_i 1146.9228821493264 45.58116974274488 31.260000228881836 AB 4.837045825557727 1.015865971974619
61563.0303 lsst_hardware_r 1084.9975993033522 39.89516600241899 31.510000228881836 AB 4.5890088575884365 1.0180641195589144
61574.0209 lsst_hardware_r 794.3702355797423 99.42535247121596 31.65999984741211 AB 5.264904124026465 1.03107057508469
61574.0347 lsst_hardware_i 991.7635881512704 81.42393210121506 31.34000015258789 AB 5.252930196748429 1.0465741716915349
61576.0011 lsst_hardware_i 790.8626794099118 68.38579769479136 31.329999923706055 AB 3.581237934594574 1.0207804089106276
61576.0137 lsst_hardware_z 656.0257861935356 62.34949899143223 30.979999542236328 AB 3.6860005228574866 1.0295132267547211
61578.0009 lsst_hardware_i 774.3944295677575 41.35873393085082 31.25 AB 3.151949564214468 1.02388659675088
61578.0131 lsst_hardware_u 4.197422091687384 4.56859939470758 28.809999465942383 AB 3.180075009951311 1.0340866628571046
61581.9912 lsst_hardware_i 1417.3080152133712 56.353360308892356 32.0099983215332 AB 6.322428544351331 1.0247186284554892
61582.0044 lsst_hardware_r 967.6245951481706 44.626200029379824 32.25 AB 4.238902390414654 1.0364064524241208
61584.9914 lsst_hardware_u 0.7321995673507109 2.8451120491984354 28.469999313354492 AB 4.205363699287999 1.0315691821637283
61585.0045 lsst_hardware_g 100.29086098375166 16.29701059112868 31.40999984741211 AB 4.605020482446281 1.0463577556116757
61796.3609 lsst_hardware_u -0.981372636415853 2.8399999141693115 28.420000076293945 AB 14.258869666135121 1.0201119397710734
61796.374 lsst_hardware_y -49.760275396724495 59.52000045776367 30.059999465942383 AB 14.20819941331823 1.016147619687934
61798.3643 lsst_hardware_i 11.90453996878804 31.020000457763672 31.260000228881836 AB 12.01534884391458 1.0169212972244945
61798.3763 lsst_hardware_y 54.451533133141766 59.66999816894531 30.06999969482422 AB 12.52816471681682 1.0159893534033588
61800.3639 lsst_hardware_u -0.604714000882134 3.0799999237060547 28.510000228881836 AB 11.616894978295992 1.0160549543699118
61800.3755 lsst_hardware_z 46.18738525590641 49.0 30.969999313354492 AB 10.978820003703317 1.0166750784769827
61802.3613 lsst_hardware_r 1.1727714031590204 22.739999771118164 31.520000457763672 AB 11.923618722899304 1.0158711850703714
61802.3733 lsst_hardware_y -69.27331556213751 50.5099983215332 30.06999969482422 AB 11.922095360385507 1.0175040846962113
61804.3638 lsst_hardware_z 47.43472979358298 40.93000030517578 30.950000762939453 AB 10.817131672303665 1.0165203300623618
61804.3759 lsst_hardware_y -3.876294882455826 51.36000061035156 30.059999465942383 AB 10.293868027404505 1.0207951105599045
61806.3442 lsst_hardware_i -1.8678654593163435 30.0 31.25 AB 6.986218077480025 1.0165468282983035
61806.356 lsst_hardware_u -0.47174346072179135 2.700000047683716 28.459999084472656 AB 7.051252994053465 1.0161527072011718
61809.3472 lsst_hardware_g -7.498084013527434 13.489999771118164 31.40999984741211 AB 8.390635139753087 1.0160819189561303
61809.3584 lsst_hardware_r -27.82318299004869 22.190000534057617 31.489999771118164 AB 8.219534873718104 1.0190032386447363
61811.3515 lsst_hardware_i 2.905747886773529 63.86000061035156 31.329999923706055 AB 3.479915685255751 1.0184373880708488
61811.3629 lsst_hardware_r -75.6292050103947 78.95999908447266 31.65999984741211 AB 3.5001470133907358 1.0244832470044556
61815.3566 lsst_hardware_i 58.99089118773727 64.97000122070312 31.329999923706055 AB 2.5467824275398296 1.0279646528919755
61815.3674 lsst_hardware_z -41.23755801287375 60.970001220703125 30.979999542236328 AB 2.5648015727393165 1.038486313488959
61817.2974 lsst_hardware_i 35.739519927647954 46.689998626708984 31.31999969482422 AB 5.184158429815441 1.0236100560721562
61817.3085 lsst_hardware_z -52.27558540231396 49.29999923706055 30.979999542236328 AB 5.141797016425574 1.018076827329057
61819.2968 lsst_hardware_i 0.9499961820062757 33.290000915527344 31.270000457763672 AB 5.047965086908405 1.0207704538513613
61819.3083 lsst_hardware_z 21.222739383601596 41.970001220703125 30.950000762939453 AB 4.996487744391165 1.0166311092916556
61821.2981 lsst_hardware_g 21.645634569441967 14.84000015258789 31.469999313354492 AB 3.712795197323694 1.0179013563601629
61821.309 lsst_hardware_r 32.83364345599835 23.1200008392334 31.510000228881836 AB 3.694282065960747 1.0158894722839948
61823.3285 lsst_hardware_r -1.3947400925454374 22.219999313354492 31.5 AB 11.427747670617997 1.0233956629756789
61823.3387 lsst_hardware_u 6.043381672557341 2.690000057220459 28.459999084472656 AB 9.633152551622715 1.0314143902805444
61825.3302 lsst_hardware_g 10.02909339836249 13.460000038146973 31.40999984741211 AB 10.193121902115658 1.0287163723824284
61825.3425 lsst_hardware_r -1.6490301067964335 22.200000762939453 31.489999771118164 AB 10.414667678232924 1.0412932189534667
61827.3328 lsst_hardware_i -50.08385287706387 30.100000381469727 31.25 AB 6.844421118401692 1.0364576929587137
61827.3452 lsst_hardware_z 16.188823370971495 41.15999984741211 30.950000762939453 AB 7.079546533735355 1.052133982349672
61829.2954 lsst_hardware_z 25.753688105034904 40.40999984741211 30.940000534057617 AB 5.338144580564278 1.0164990156268263
61829.3064 lsst_hardware_r -9.322312955388563 22.010000228881836 31.479999542236328 AB 5.324296968476661 1.0201756981177739
61831.2905 lsst_hardware_u 1.711059533750487 2.5899999141693115 28.389999389648438 AB 3.48120231609801 1.016607315126451
61831.3015 lsst_hardware_g 16.340776279669015 13.460000038146973 31.40999984741211 AB 3.4852681567831416 1.0204518209441917
61833.2802 lsst_hardware_g 12.844214828550246 13.34000015258789 31.389999389648438 AB 5.8519899649741465 1.0159557815958935
61833.2938 lsst_hardware_r -22.181236464518243 22.079999923706055 31.489999771118164 AB 7.3203248731679835 1.019401876224479
61835.2764 lsst_hardware_i -2.9307160877320557 29.850000381469727 31.25 AB 7.898552218932774 1.0161087760205112
61835.2874 lsst_hardware_r -10.916094597519907 22.18000030517578 31.5 AB 7.936587108213036 1.0190026566508257
61837.2732 lsst_hardware_z 15.194551705866482 41.5099983215332 30.950000762939453 AB 10.062721174313488 1.0164364822538876
61837.2861 lsst_hardware_g -5.401778963912822 13.460000038146973 31.40999984741211 AB 10.107473775990764 1.0209569470697741
61839.2699 lsst_hardware_r 19.198371923662854 70.88999938964844 31.65999984741211 AB 9.626536703959083 1.016878728598419
61839.2819 lsst_hardware_i 60.82550248017907 58.04999923706055 31.329999923706055 AB 9.687222385997595 1.0216433649016659
61841.268 lsst_hardware_z -201.57399364835106 104.29000091552734 31.75 AB 8.13585433011478 1.0178830418743403
61841.2811 lsst_hardware_r -5.6297482149179325 158.14999389648438 32.41999816894531 AB 8.194023559446752 1.0245624481703954
