data/validation/pwv_sim_epoch_fit_epoch/15081733.ecsv
# %ECSV 0.9
# ---
# datatype:
# - {name: time, datatype: float64}
# - {name: band, datatype: string}
# - {name: flux, datatype: float64}
# - {name: fluxerr, datatype: float64}
# - {name: zp, datatype: float64}
# - {name: zpsys, datatype: string}
# - {name: pwv, datatype: float64}
# - {name: airmass, datatype: float64}
# meta: {SNID: '15081733', alt: 1024.0, c: 0.08895692229270935, dec: 2.686724, lat: -30.244573, lon: -70.7499537, ra: 277.207031, t0: 62688.96875,
#   x0: 1.080479043035239e-05, x1: 1.4912657737731934, z: 0.4454624354839325}
# schema: astropy-2.0
time band flux fluxerr zp zpsys pwv airmass
62603.3951 lsst_hardware_z 4.72533926129915 43.34000015258789 30.940000534057617 AB 7.492791458043193 1.197314071275678
62603.4125 lsst_hardware_y 13.890836902624873 53.099998474121094 30.010000228881836 AB 7.389322551390712 1.1918262179662438
62605.3893 lsst_hardware_u 0.6505438820604189 2.8499999046325684 28.5 AB 8.079105653041127 1.197569857778933
62605.4062 lsst_hardware_y 118.75924832537248 49.59000015258789 30.010000228881836 AB 8.057733876770927 1.191752098616517
62607.3521 lsst_hardware_r 9.884820606862949 56.90999984741211 31.59000015258789 AB 21.45501978891559 1.248128669056594
62607.3681 lsst_hardware_y 96.18972377844935 51.689998626708984 29.989999771118164 AB 20.77780415686222 1.2158406107267563
62615.3201 lsst_hardware_r 8.736393174280627 49.25 31.56999969482422 AB 11.3618663174628 1.2766141929733483
62615.3374 lsst_hardware_i -34.444314793898265 46.59000015258789 31.270000457763672 AB 11.375838462211973 1.2319179643405977
62617.3723 lsst_hardware_z 31.782665630271858 44.20000076293945 30.93000030517578 AB 3.7884489149868226 1.1917108886400827
62617.3915 lsst_hardware_r 57.27443769215268 27.8799991607666 31.510000228881836 AB 4.825452580723714 1.20098373885066
62619.3647 lsst_hardware_u -2.7452748328393133 2.569999933242798 28.219999313354492 AB 4.195120283655325 1.1917955351293537
62619.3829 lsst_hardware_g 5.085376509062076 14.699999809265137 31.3700008392334 AB 6.029847476451133 1.1982209994935018
62621.3604 lsst_hardware_r 46.96453236559373 23.3700008392334 31.469999313354492 AB 12.537128731533207 1.1917233945786543
62621.379 lsst_hardware_z -3.4526527352020735 43.119998931884766 30.93000030517578 AB 13.717662949872945 1.1995333046598802
62624.3647 lsst_hardware_r -14.95411920848044 23.34000015258789 31.469999313354492 AB 13.836188773852689 1.1950929625439595
62624.3844 lsst_hardware_u -2.875185559505962 2.630000114440918 28.31999969482422 AB 13.513053851853483 1.2162234956066378
62626.3279 lsst_hardware_u 1.079217979007801 2.609999895095825 28.309999465942383 AB 10.032072070199044 1.2010861502782453
62626.346 lsst_hardware_g 12.340500458153828 13.960000038146973 31.3700008392334 AB 7.971128462878321 1.1917662350120835
62630.228 lsst_hardware_u 0.9986104322578173 2.3299999237060547 27.979999542236328 AB 12.993292090364221 1.5501884559148413
62630.2543 lsst_hardware_g 3.3159560411604754 13.989999771118164 31.309999465942383 AB 11.8685496390399 1.3777009941135727
62632.3443 lsst_hardware_r 4.088822852756544 32.88999938964844 32.220001220703125 AB 8.189157856069638 1.1959776342428914
62632.365 lsst_hardware_z 71.48222472771894 61.83000183105469 31.68000030517578 AB 8.301403314823766 1.2202562567725659
62635.289 lsst_hardware_r -38.08689689867959 48.7400016784668 31.579999923706055 AB 8.3575955938005 1.2202205487900863
62635.3077 lsst_hardware_y 33.57341213212849 50.220001220703125 30.0 AB 7.9878594934065035 1.197355741938393
62643.2951 lsst_hardware_z 94.68696746846538 54.689998626708984 30.950000762939453 AB 5.078031124918408 1.1925859851851592
62643.3191 lsst_hardware_r 28.26445888499208 59.72999954223633 31.59000015258789 AB 5.06569286615475 1.1996904360343248
62645.273 lsst_hardware_z -57.26564742259409 45.93000030517578 30.940000534057617 AB 8.181966605440417 1.2042486816705915
62645.2943 lsst_hardware_g -54.25026190448332 29.1200008392334 31.59000015258789 AB 8.543168523016542 1.1917651563111589
62651.2876 lsst_hardware_r -19.545883628107532 33.189998626708984 32.220001220703125 AB 13.896443881158827 1.1934424494296485
62651.3102 lsst_hardware_u 0.7115855660929548 3.7100000381469727 29.059999465942383 AB 15.603787861872503 1.2154770455399189
62653.225 lsst_hardware_u -2.058862784165718 2.5899999141693115 28.270000457763672 AB 8.638696052903674 1.251984935203431
62653.2504 lsst_hardware_g 5.552094901384771 14.130000114440918 31.3700008392334 AB 7.449432381271351 1.2051172662415333
62656.2427 lsst_hardware_r -9.746895827393534 23.549999237060547 31.459999084472656 AB 13.831732433135851 1.2045574495089062
62656.2672 lsst_hardware_i 20.021078048341803 32.0 31.229999542236328 AB 13.599004054339506 1.1917973843687562
62673.1524 lsst_hardware_i 1380.9772739369766 53.704228379097124 31.239999771118164 AB 3.85246120026288 1.3090252124576554
62673.1803 lsst_hardware_z 1070.2693514810874 57.69697171478694 30.940000534057617 AB 3.5902079652639465 1.2294180173833595
62677.2156 lsst_hardware_g 2049.117254808738 49.77572038643837 32.13999938964844 AB 5.2207730298516175 1.1930695731983803
62677.2395 lsst_hardware_r 5597.376523408723 81.81792057931334 32.22999954223633 AB 5.321374051136929 1.215943495575518
62679.1914 lsst_hardware_i 2321.7378341933577 57.316853796661306 31.219999313354492 AB 8.908334907193051 1.1948942466949455
62679.2094 lsst_hardware_r 3134.8514608543837 60.72764028759467 31.459999084472656 AB 8.682129224052794 1.1928186330902695
62681.1706 lsst_hardware_z 4045.6665290661895 86.83421132964737 31.68000030517578 AB 6.936679417853159 1.2093058999930795
62681.19 lsst_hardware_u 12.765932698149422 5.018442625695005 29.049999237060547 AB 7.374218404361598 1.1930461744639376
62683.167 lsst_hardware_g 1317.9078054048052 39.37249555210775 31.3799991607666 AB 9.125523650105931 1.2069202023681962
62683.1874 lsst_hardware_r 3712.0513421373084 65.36844244250398 31.479999542236328 AB 8.917774150384322 1.1922290779154965
62687.1689 lsst_hardware_i 2955.062318349983 62.155864632686246 31.229999542236328 AB 4.302987171136052 1.1952742142044588
62687.19 lsst_hardware_z 2419.3997298308077 64.25317223881515 30.93000030517578 AB 4.297532044467017 1.193758901240838
62689.17 lsst_hardware_i 2837.6835519960123 62.2959551978127 31.219999313354492 AB 2.73633788517424 1.192477288716258
62689.191 lsst_hardware_u 1.646389763012923 3.0126872307454513 28.25 AB 2.7011012910624768 1.1976505872284113
62696.1414 lsst_hardware_z 4721.432490285241 155.52415038549202 31.729999542236328 AB 9.012211235691476 1.1972117835130154
62698.1162 lsst_hardware_r 3734.234166189627 134.76286951139963 31.6200008392334 AB 4.622066383337284 1.2216377384266641
62698.1381 lsst_hardware_i 2841.922095867901 108.10845493803811 31.309999465942383 AB 3.436870608935902 1.1957451888095685
62708.1148 lsst_hardware_i 3760.856618677853 75.80637192796299 31.969999313354492 AB 8.863380628648741 1.1936409169279834
62708.1334 lsst_hardware_u 0.5743610846578686 4.448948437370492 28.979999542236328 AB 11.026124289429381 1.1941111996133078
62710.0777 lsst_hardware_u 7.942769205170876 3.231819525447883 28.219999313354492 AB 5.524114986939893 1.23264866382682
62710.0945 lsst_hardware_g 299.06890313286726 22.17615043657878 31.350000381469727 AB 4.58077174002639 1.205466247375366
62712.0775 lsst_hardware_r 1500.3210848100075 45.56209653123538 31.459999084472656 AB 5.8679259489381375 1.2224845726954454
62712.0963 lsst_hardware_i 1644.4732510737024 51.490750382586405 31.229999542236328 AB 6.231184062085776 1.1983046273241877
62717.0774 lsst_hardware_z 1113.191656566361 54.9749584835447 30.93000030517578 AB 1.736238258271085 1.2032143161961781
62717.0958 lsst_hardware_u -3.6126078941487814 2.905382389936776 28.280000686645508 AB 2.212083926714726 1.1920161264797122
62721.0796 lsst_hardware_z 1044.7363943836258 61.0970189051982 30.950000762939453 AB 3.945782797959949 1.193521717471249
62721.0976 lsst_hardware_r 917.4680110824827 60.98376685859229 31.600000381469727 AB 5.253483169996798 1.193973447726545
62724.0404 lsst_hardware_r 850.231816627199 110.24792227186457 31.610000610351562 AB 12.35981273059158 1.2307505830810634
62724.0594 lsst_hardware_i 1201.729756726469 93.61739368368903 31.309999465942383 AB 9.730274063899563 1.2020598827087254
62730.0449 lsst_hardware_z 805.0884166653092 53.08551065471217 30.940000534057617 AB 4.6942634479883125 1.200246337882966
62730.0632 lsst_hardware_i 1071.7760622262642 44.515499567193736 31.229999542236328 AB 4.663804996436008 1.191772997385692
62732.0588 lsst_hardware_u -4.9123123285884835 3.2558660269187416 28.3700008392334 AB 3.06288790004821 1.1917851751160349
62732.0788 lsst_hardware_g 82.99681024682937 16.676219469649745 31.3799991607666 AB 3.0951799344763113 1.2023229060506193
62734.0517 lsst_hardware_r 402.08367151974824 30.976250238274 31.479999542236328 AB 3.633772503000034 1.1917915719908276
62734.0719 lsst_hardware_i 812.5057935132289 43.01796450522958 31.239999771118164 AB 3.8044577985321664 1.2009020828700019
62737.0154 lsst_hardware_i 749.2694715721859 41.93096778458241 31.229999542236328 AB 3.6183777667245725 1.2125253616502336
62737.0339 lsst_hardware_z 825.9334261220126 51.281789321180014 30.940000534057617 AB 3.5499316703907735 1.1944588392970301
62739.012 lsst_hardware_r 256.319432798397 29.597435317261567 31.469999313354492 AB 2.743474311299136 1.209644758068402
62739.0302 lsst_hardware_g 76.65854560967507 16.41235040321944 31.3799991607666 AB 2.6567278130501575 1.193632624081841
62745.0141 lsst_hardware_u -4.709291376282839 3.132870434593906 28.360000610351562 AB 2.114112586716623 1.1935148212551503
62745.0307 lsst_hardware_g 76.95558792398558 16.258485189836417 31.389999389648438 AB 2.082865542484739 1.1933912581081392
62749.9841 lsst_hardware_y 226.21494030488344 60.35650996914738 30.0 AB 0.8283331317407664 1.2068962580001454
62750.0033 lsst_hardware_z 577.1920372389479 59.89463409038501 30.959999084472656 AB 1.0623539827954436 1.1925395503784213
62751.984 lsst_hardware_y 198.06606482006103 64.1988035240543 30.0 AB 2.9806511030556555 1.2010279452224357
62752.002 lsst_hardware_i 508.3714620735688 73.90612017499015 31.299999237060547 AB 2.8603845311524423 1.1918268879801843
62755.9842 lsst_hardware_y 234.77762353971866 60.901947513245894 30.010000228881836 AB 3.521107594790243 1.1934609405005907
62756.0033 lsst_hardware_g 180.14127901495795 90.25081687923874 31.670000076293945 AB 2.438499810206659 1.1946110521526805
62758.9843 lsst_hardware_y 201.66404458327958 58.277760976608306 30.010000228881836 AB 2.716457388692837 1.1917771521027365
62759.0022 lsst_hardware_i 412.2218638220472 38.07204078165286 31.239999771118164 AB 1.5564715714587853 1.1995927333015686
62969.3977 lsst_hardware_z -30.79136971505352 83.02999877929688 31.719999313354492 AB 13.430796481141488 1.1944236689791223
62971.3939 lsst_hardware_r 10.713801232216946 33.56999969482422 31.549999237060547 AB 11.423122309334547 1.1936386948102975
62971.4116 lsst_hardware_y 14.739897509624544 53.380001068115234 29.989999771118164 AB 11.194234319650727 1.193627259959203
62974.3958 lsst_hardware_z 83.26990608168774 43.75 30.940000534057617 AB 15.403035525970944 1.1917626378132842
62974.4143 lsst_hardware_y -120.64925189259722 52.72999954223633 30.0 AB 15.588787046322324 1.2012550621664337
62976.398 lsst_hardware_u 3.398649928664432 2.7300000190734863 28.40999984741211 AB 5.610157545172773 1.1936505415261218
62976.4158 lsst_hardware_y 69.81294411875078 52.77000045776367 30.0 AB 5.68353974732634 1.2092637760268807
62982.2786 lsst_hardware_i 11.793128340947373 33.97999954223633 31.190000534057617 AB 8.936088097705715 1.4455985814377195
62985.3602 lsst_hardware_u 3.84986187312947 2.609999895095825 28.309999465942383 AB 13.556787347753303 1.1921897767268543
62985.3814 lsst_hardware_g 1.2679403621802898 14.050000190734863 31.3700008392334 AB 14.909151155039806 1.1986775329666994
62993.2076 lsst_hardware_i -50.31999516824844 130.08999633789062 31.940000534057617 AB 11.709029387367751 1.8350793105267609
62993.2276 lsst_hardware_z 37.07965911983512 78.41999816894531 30.920000076293945 AB 10.963283314996941 1.607755288898217
62996.2577 lsst_hardware_i 132.7721693814573 83.80999755859375 31.280000686645508 AB 9.594297100081594 1.3513094507157175
62996.2751 lsst_hardware_r 71.98723902835658 99.04000091552734 31.600000381469727 AB 9.110000923584478 1.2830987216316168
63001.3018 lsst_hardware_r 1.728531184936854 26.270000457763672 31.5 AB 8.718580338034702 1.2006307557541818
63001.322 lsst_hardware_i 9.11491346198391 33.2400016784668 31.229999542236328 AB 8.691982025493848 1.1917708444461401
63003.3087 lsst_hardware_z 41.32204703069237 43.2599983215332 30.93000030517578 AB 7.489798004561426 1.1928329359072187
63003.3319 lsst_hardware_r -48.7433576943427 23.450000762939453 31.469999313354492 AB 7.458804659751953 1.1983940648702123
63004.2604 lsst_hardware_i -7.357810943055023 32.33000183105469 31.219999313354492 AB 10.030421569724917 1.2614502382852186
63004.283 lsst_hardware_u 2.843569215328485 2.5299999713897705 28.239999771118164 AB 9.609850791237024 1.2134799117639958
63008.3007 lsst_hardware_g 13.471737288642323 13.949999809265137 31.360000610351562 AB 5.053107653760224 1.1917706730566566
63008.3232 lsst_hardware_r -38.97176413223278 23.3700008392334 31.459999084472656 AB 5.103235749494216 1.2030258721108917
63014.2906 lsst_hardware_u 3.4111804606827874 2.700000047683716 28.389999389648438 AB 9.124149715071745 1.1924135455649076
63014.3111 lsst_hardware_g -0.32949114703359506 14.170000076293945 31.3799991607666 AB 9.439310902445287 1.2080385093515005
63016.2961 lsst_hardware_r 73.69059489918709 33.189998626708984 32.220001220703125 AB 15.441525163467022 1.1981552376067988
63016.3164 lsst_hardware_i 82.78921598676489 45.470001220703125 31.979999542236328 AB 15.563947027557806 1.224896799041775
63018.2493 lsst_hardware_i -47.442186574546604 42.97999954223633 31.270000457763672 AB 8.175025545461942 1.2072992338479533
63018.2718 lsst_hardware_z 23.64084466819579 47.16999816894531 30.940000534057617 AB 7.349279187016551 1.191919966539045
63021.2554 lsst_hardware_i -4.96202323644124 78.3499984741211 31.299999237060547 AB 13.679046254318768 1.1946243617587837
63021.2762 lsst_hardware_z 17.347059407646046 69.66000366210938 30.959999084472656 AB 13.68538807944289 1.1941613908460016
63023.253 lsst_hardware_z -127.78608125044599 94.47000122070312 30.979999542236328 AB 6.9352697293188745 1.193233113753161
63023.2747 lsst_hardware_r -83.46538366822827 138.16000366210938 31.6200008392334 AB 6.947114891821802 1.1964719372791652
63037.2243 lsst_hardware_g 21.515480410776643 14.300000190734863 31.3700008392334 AB 3.933055270233204 1.1918349303736981
63037.2475 lsst_hardware_r -4.763088631410488 23.8799991607666 31.469999313354492 AB 3.983234691481577 1.207040815600478
63043.2216 lsst_hardware_i -65.74352814683732 45.4900016784668 31.979999542236328 AB 7.152660074554518 1.1975655889978543
63043.2447 lsst_hardware_z 63.94178490057782 62.56999969482422 31.68000030517578 AB 7.358747333367439 1.2287789157354065
63047.1851 lsst_hardware_z -4.819039859804177 70.2699966430664 31.700000762939453 AB 3.702291290513967 1.1942875130690216
63049.1725 lsst_hardware_r -7.651318733078395 83.97000122070312 31.610000610351562 AB 9.718254952334508 1.199093726125065
63049.1952 lsst_hardware_i -55.11836500063261 68.94000244140625 31.299999237060547 AB 9.72514805272028 1.1924771535548293
63052.1889 lsst_hardware_z 40.3947169246945 135.38999938964844 31.729999542236328 AB 4.295026398988294 1.1930628886078594
63064.1087 lsst_hardware_z 38.45099427081898 62.33000183105469 31.68000030517578 AB 2.0945806512351526 1.2321062654324426
63064.1338 lsst_hardware_i -33.415262748434664 45.310001373291016 31.969999313354492 AB 1.9156968387980897 1.197310524248806
63067.176 lsst_hardware_r 20.016941227979046 23.75 31.469999313354492 AB 4.221995735250817 1.2228217035868365
63067.1926 lsst_hardware_i 3.7116190566259473 32.560001373291016 31.219999313354492 AB 4.319565400997473 1.2605735606023756
63069.1402 lsst_hardware_z -6.704954014718183 43.2599983215332 30.93000030517578 AB 6.125299387777666 1.1923884344515605
63069.1605 lsst_hardware_u -0.714039694609164 2.569999933242798 28.260000228881836 AB 6.186141736483897 1.2075232747382194
63072.1306 lsst_hardware_g 0.7537105509890264 14.149999618530273 31.3700008392334 AB 6.724012397863871 1.1920950975735964
63072.1501 lsst_hardware_r -41.05248480262294 23.559999465942383 31.459999084472656 AB 6.7569201992331385 1.2048716475094756
63073.1181 lsst_hardware_i 9.185933368437897 33.16999816894531 31.229999542236328 AB 8.894740175431957 1.192710798909203
63073.1379 lsst_hardware_z 44.60574484462719 44.04999923706055 30.93000030517578 AB 10.983920670330857 1.1963100441464747
63079.0977 lsst_hardware_z -55.74553890075197 121.04000091552734 31.729999542236328 AB 4.79857064327821 1.1943179931003138
63081.0955 lsst_hardware_r 143.55223927019827 170.83999633789062 32.369998931884766 AB 2.1243567934844134 1.1929562226502393
63081.1182 lsst_hardware_i 94.93376159180663 133.94000244140625 32.060001373291016 AB 2.1070320625084977 1.1978579093285215
63085.0924 lsst_hardware_g -13.743805120313159 13.960000038146973 31.360000610351562 AB 3.3721159113923664 1.19180605356547
63085.1126 lsst_hardware_r -2.7606332543600325 35.06999969482422 31.540000915527344 AB 3.33625490096225 1.2026874192365717
63093.0799 lsst_hardware_u -3.742609155738798 2.690000057220459 28.3799991607666 AB 4.41906399828975 1.1943416211593918
63094.0478 lsst_hardware_r -33.43688252834415 23.290000915527344 31.469999313354492 AB 6.955179423969038 1.200756072504208
63094.0692 lsst_hardware_i -35.75770764972155 31.6299991607666 31.229999542236328 AB 6.910723565855274 1.1919150682744521
63099.0534 lsst_hardware_z -34.963694097070785 42.95000076293945 30.940000534057617 AB 3.652246371646233 1.191791930705248
63099.0715 lsst_hardware_u -0.9116661789936066 2.630000114440918 28.34000015258789 AB 3.708318259188637 1.1999088364952717
63100.0089 lsst_hardware_g -14.053921215653975 14.789999961853027 31.399999618530273 AB 3.7750459556265863 1.2352899069458725
63102.0133 lsst_hardware_r -5.485546240389904 26.389999389648438 31.5 AB 3.6460827526055968 1.2168143346571505
63102.0301 lsst_hardware_i 49.40760023989017 33.09000015258789 31.229999542236328 AB 3.5698967226806517 1.1972822993898218
63108.0104 lsst_hardware_z 5.510777587911732 70.18000030517578 30.969999313354492 AB 5.639985195790665 1.1999968501682265
63108.0266 lsst_hardware_i 42.408313883385524 78.18000030517578 31.299999237060547 AB 5.601942598116719 1.1919026804503656
63110.0217 lsst_hardware_z 94.1262622174126 95.2699966430664 31.709999084472656 AB 2.0269443986831264 1.1918528412484082
63113.0177 lsst_hardware_r -33.56062522678232 23.360000610351562 31.469999313354492 AB 2.135305945121156 1.1919649877403298
63113.0373 lsst_hardware_i -7.308398475122567 31.719999313354492 31.229999542236328 AB 2.141596418603254 1.2039331501564252
63114.9915 lsst_hardware_z -101.98821731022144 64.3499984741211 31.690000534057617 AB 0.7968714591087275 1.1998064628989624
63117.9836 lsst_hardware_y -133.22957908500803 54.970001220703125 30.0 AB 3.476594784195235 1.1995496538239403
63118.0011 lsst_hardware_g -7.769952111033496 14.100000381469727 31.3700008392334 AB 3.10115959887454 1.1917987249477817
63120.9847 lsst_hardware_y -21.44473495565019 54.4900016784668 30.0 AB 3.571534359282762 1.193561666241315
63121.0018 lsst_hardware_i 4.2878568465845905 32.09000015258789 31.219999313354492 AB 2.552797131897334 1.1935930482278592
63122.9855 lsst_hardware_y 29.52486611931247 53.970001220703125 30.0 AB 3.057870930490006 1.1919200664548844
63123.0041 lsst_hardware_i -15.614208254653988 32.189998626708984 31.219999313354492 AB 1.6776601438318748 1.198328674165625
63124.9858 lsst_hardware_y -111.28659793950838 53.4900016784668 30.0 AB 3.198395022984233 1.192096542297331
63125.0053 lsst_hardware_g -22.992962616306905 14.359999656677246 31.389999389648438 AB 3.0760406593438834 1.2047943048543182
