data/validation/pwv_sim_epoch_fit_epoch/15212226.ecsv
# %ECSV 0.9
# ---
# datatype:
# - {name: time, datatype: float64}
# - {name: band, datatype: string}
# - {name: flux, datatype: float64}
# - {name: fluxerr, datatype: float64}
# - {name: zp, datatype: float64}
# - {name: zpsys, datatype: string}
# - {name: pwv, datatype: float64}
# - {name: airmass, datatype: float64}
# meta: {SNID: '15212226', alt: 1024.0, c: 0.07393644005060196, dec: -15.558919, lat: -30.244573, lon: -70.7499537, ra: 81.5625, t0: 61920.7109375,
#   x0: 0.0003283203806637834, x1: 0.4298730790615082, z: 0.09757494926452637}
# schema: astropy-2.0
time band flux fluxerr zp zpsys pwv airmass
[from data line 133]
62099.2755 lsst_hardware_r -52.43770651343391 22.6200008392334 31.5 AB 6.849871689461373 1.0483828872334222
62102.1206 lsst_hardware_i -8.460940677007821 66.91000366210938 32.0 AB 5.21909778577353 1.33903133133689
62102.1355 lsst_hardware_z -60.048514580524646 71.94000244140625 31.690000534057617 AB 5.359148374430418 1.254702575225301
62104.257 lsst_hardware_r -19.7322266698392 62.83000183105469 31.639999389648438 AB 6.332935376618587 1.0438330932287105
62104.2774 lsst_hardware_z -45.13769382005153 51.619998931884766 30.969999313354492 AB 6.44891924994005 1.069073604366538
62106.236 lsst_hardware_y 35.915557373277906 78.80000305175781 30.809999465942383 AB 6.5208082521401485 1.0350489289111346
62108.2208 lsst_hardware_r -141.00381686102298 100.45999908447266 31.65999984741211 AB 4.534071973592109 1.0339369417004247
62108.2386 lsst_hardware_i -72.49831274669081 81.11000061035156 31.34000015258789 AB 4.562981349224564 1.038516381046769
62111.2328 lsst_hardware_z -12.579800213787832 50.61000061035156 30.969999313354492 AB 4.421877872538951 1.0399932278324526
62111.2511 lsst_hardware_r -62.34551584337673 57.54999923706055 31.639999389648438 AB 4.861669671654041 1.058322649611764
62113.2214 lsst_hardware_u 4.5079713940727775 6.849999904632568 29.100000381469727 AB 5.813825125395445 1.0367020551705821
62113.2394 lsst_hardware_r 52.20339492382333 36.189998626708984 31.600000381469727 AB 5.633931900243308 1.0506493255879599
62117.2248 lsst_hardware_r -5.734378954664447 22.469999313354492 31.5 AB 11.372163184969974 1.0468231403295714
62117.2439 lsst_hardware_u -0.8002939811483273 2.7799999713897705 28.520000457763672 AB 11.669060232036175 1.072425349879255
62119.1947 lsst_hardware_u 1.921330859069133 2.619999885559082 28.399999618530273 AB 8.2357510098658 1.0339788039283813
62119.2137 lsst_hardware_g -8.012618045461227 13.65999984741211 31.40999984741211 AB 8.408624273154894 1.0419414858860334
62121.1566 lsst_hardware_r -1.6737919093044467 22.700000762939453 31.5 AB 9.865474487091687 1.0503566129456148
62121.1764 lsst_hardware_i -30.9724539474317 30.43000030517578 31.260000228881836 AB 8.770220583328744 1.035852824802671
62125.158 lsst_hardware_u 6.97337830864742 2.680000066757202 28.450000762939453 AB 4.2825692739642465 1.0396478179193411
62125.179 lsst_hardware_r -43.84003932755609 22.40999984741211 31.5 AB 5.008203299118059 1.0340405985789132
62130.1451 lsst_hardware_r -0.643163553922691 36.11000061035156 31.59000015258789 AB 7.2139430958771 1.0391735949117578
62130.1652 lsst_hardware_z 47.019891005376365 43.5099983215332 30.959999084472656 AB 7.209473747878266 1.034023987647928
62132.1452 lsst_hardware_y -107.86810313765142 49.52000045776367 30.059999465942383 AB 6.4005062362220215 1.0363094492972307
62132.1646 lsst_hardware_r -75.90808924075402 53.52000045776367 31.639999389648438 AB 6.378510662544181 1.0349264856275275
62134.1307 lsst_hardware_r -19.37662791111365 82.52999877929688 31.65999984741211 AB 8.180881957868989 1.0415313984725414
62134.1521 lsst_hardware_i -3.218136165919499 67.30000305175781 31.329999923706055 AB 8.114994845039586 1.0338890107070984
62138.1336 lsst_hardware_z 69.388055548376 62.060001373291016 30.979999542236328 AB 4.761565423486704 1.034729271143957
62138.1556 lsst_hardware_r -0.9426488026429475 86.9000015258789 31.65999984741211 AB 4.798658440761903 1.0379030891502108
62140.1192 lsst_hardware_i -54.42117923391733 43.27000045776367 31.299999237060547 AB 2.388188025695422 1.038342619867575
62140.1402 lsst_hardware_z 30.755600319369883 48.880001068115234 30.969999313354492 AB 2.5302667471726394 1.034345118925964
62142.1174 lsst_hardware_r -8.23620368480395 22.40999984741211 31.5 AB 8.90359454392864 1.036516987234487
62142.1394 lsst_hardware_u -2.812657676748294 3.619999885559082 28.68000030517578 AB 8.323604774693461 1.0355747656484213
62146.0913 lsst_hardware_r -41.51908133211284 22.170000076293945 31.489999771118164 AB 8.891590011113813 1.0472604151129299
62146.1114 lsst_hardware_i -10.2666085314052 29.899999618530273 31.239999771118164 AB 8.767656546219149 1.0348166511392496
62148.0878 lsst_hardware_z -16.974656390832543 40.709999084472656 30.950000762939453 AB 6.051532859973683 1.0453954411528712
62148.1085 lsst_hardware_r -34.734386227619154 22.020000457763672 31.489999771118164 AB 5.819333072187785 1.0342722957767259
62150.0874 lsst_hardware_u -0.511415612888025 2.700000047683716 28.479999542236328 AB 7.071424546532701 1.0412424481985916
62150.1077 lsst_hardware_r -4.93085013012296 22.219999313354492 31.510000228881836 AB 6.99245790408494 1.0338774624078275
62152.087 lsst_hardware_i -19.512780802102615 30.059999465942383 31.260000228881836 AB 3.9112814869058488 1.0380258723210851
62152.1069 lsst_hardware_z 77.9311400860512 40.75 30.959999084472656 AB 3.8453420927221442 1.0342501594196192
62154.0763 lsst_hardware_r -28.337977836984937 22.100000381469727 31.489999771118164 AB 4.061349708485585 1.041371720124509
62154.0964 lsst_hardware_u 0.30487931615982666 2.640000104904175 28.43000030517578 AB 4.118978318987773 1.0338801001475335
62156.0753 lsst_hardware_g -4.16170377848927 14.300000190734863 31.450000762939453 AB 8.48291280478964 1.0384591038763182
62156.0955 lsst_hardware_r -37.6555766730114 22.3799991607666 31.5 AB 7.943245360980173 1.0341757459857635
62158.0733 lsst_hardware_i 83.21664537739937 32.70000076293945 31.260000228881836 AB 11.196298963799638 1.0366943484999664
62158.0934 lsst_hardware_z -11.513049720302883 41.810001373291016 30.950000762939453 AB 11.60039675044615 1.03486422336062
62160.0706 lsst_hardware_r 2.1663335406441235 41.540000915527344 31.6200008392334 AB 13.386863943765771 1.0355939384428237
62160.091 lsst_hardware_z -64.98552209417213 45.630001068115234 30.969999313354492 AB 13.454352108296876 1.035839922109777
62162.07 lsst_hardware_r 124.27423990885546 63.439998626708984 31.649999618530273 AB 12.311118231548644 1.0343159710609928
62162.0881 lsst_hardware_i 102.11314642008367 54.779998779296875 31.329999923706055 AB 14.154377686658345 1.0369127641228046
62163.064 lsst_hardware_z -11.298614747294872 56.97999954223633 30.979999542236328 AB 11.799941821078042 1.0350826158840387
62163.0838 lsst_hardware_i -29.19368157848139 61.119998931884766 31.329999923706055 AB 11.833712693321317 1.0362270309388193
62167.0418 lsst_hardware_y -59.51128260212383 54.380001068115234 30.059999465942383 AB 9.45799533435337 1.0406552604228738
62167.0587 lsst_hardware_r 26.41361643980153 78.61000061035156 31.65999984741211 AB 9.42850631325727 1.0339975120093514
62169.0513 lsst_hardware_z 34.35212199413358 62.220001220703125 31.719999313354492 AB 6.929440415855905 1.0342448381874485
62171.0412 lsst_hardware_y 98.83467958949404 48.650001525878906 30.059999465942383 AB 9.439015092548201 1.0353770737177865
62171.0597 lsst_hardware_g -14.331012594606142 13.319999694824219 31.420000076293945 AB 9.959632437979066 1.0353945183725963
62173.027 lsst_hardware_y -28.66441008180172 68.79000091552734 30.06999969482422 AB 5.362231633161883 1.0395951208146499
62173.0455 lsst_hardware_i 41.87216784912582 30.510000228881836 31.260000228881836 AB 4.936077368817385 1.0338778263249429
62177.0245 lsst_hardware_y 107.59948881765594 68.12000274658203 30.06999969482422 AB 2.588702569762362 1.0354810279049447
62177.0425 lsst_hardware_g -3.162530667661004 13.90999984741211 31.420000076293945 AB 2.6913565211151815 1.035137123505839
62179.0231 lsst_hardware_y -27.368304523512876 69.04000091552734 30.06999969482422 AB 2.694617426083716 1.034402082949603
62179.0409 lsst_hardware_i -23.582298604414333 30.3799991607666 31.25 AB 2.705071304798172 1.036558170187063
