data/validation/pwv_sim_epoch_fit_epoch/15228439.ecsv
# %ECSV 0.9
# ---
# datatype:
# - {name: time, datatype: float64}
# - {name: band, datatype: string}
# - {name: flux, datatype: float64}
# - {name: fluxerr, datatype: float64}
# - {name: zp, datatype: float64}
# - {name: zpsys, datatype: string}
# - {name: pwv, datatype: float64}
# - {name: airmass, datatype: float64}
# meta: {SNID: '15228439', alt: 1024.0, c: -0.03083520196378231, dec: -20.105511, lat: -30.244573, lon: -70.7499537, ra: 136.933594, t0: 61075.3125,
#   x0: 8.827605417744226e-06, x1: -1.3821837902069092, z: 0.4848754405975342}
# schema: astropy-2.0
time band flux fluxerr zp zpsys pwv airmass
61021.3448 lsst_hardware_z -9.519194166327717 47.130001068115234 30.969999313354492 AB 11.832364515424146 1.0163806312461867
61023.3418 lsst_hardware_u -1.3671845593121963 4.269999980926514 28.760000228881836 AB 8.605176186203984 1.0158994376015564
61025.3408 lsst_hardware_i -14.434842611134911 31.239999771118164 31.270000457763672 AB 10.839516042058694 1.0155402730981407
61027.3022 lsst_hardware_r -8.339267825696558 31.219999313354492 32.2400016784668 AB 7.237140055425942 1.0342465245338968
61027.3254 lsst_hardware_y -169.10415890422883 46.70000076293945 30.059999465942383 AB 7.103930058335357 1.0172449428417645
61029.2987 lsst_hardware_g -35.49887350916546 13.470000267028809 31.40999984741211 AB 4.55612837175358 1.0320825397560174
61029.3219 lsst_hardware_y -157.47962832094237 46.619998931884766 30.049999237060547 AB 4.404117746062822 1.0166476791465424
61031.3011 lsst_hardware_i -51.94974998698318 29.940000534057617 31.25 AB 6.061133231528141 1.0247777214277942
61031.3243 lsst_hardware_z 46.96580040900568 40.56999969482422 30.950000762939453 AB 6.106017193755506 1.0155397198244964
61033.2831 lsst_hardware_z 55.31385944983005 40.84000015258789 30.950000762939453 AB 5.832777645973009 1.0374761987945766
61033.3047 lsst_hardware_r -34.946269695215605 31.299999237060547 32.2400016784668 AB 6.208843484588013 1.0190125528620095
61033.3275 lsst_hardware_y 4.199985695709091 46.7599983215332 30.049999237060547 AB 6.199808756916422 1.0166954340630752
61035.2952 lsst_hardware_u -0.6896741053780552 2.6600000858306885 28.450000762939453 AB 8.696678391228374 1.021236331292083
61035.3159 lsst_hardware_r 43.27140147524641 22.079999923706055 31.5 AB 8.678627443310294 1.015618276605913
61037.2957 lsst_hardware_i -3.5744725672371733 29.770000457763672 31.25 AB 6.35459883147138 1.0181476444356374
61037.3182 lsst_hardware_z 2.853904869050845 40.5099983215332 30.950000762939453 AB 6.352680227333765 1.0171883369983612
61039.2948 lsst_hardware_r -33.657556413743755 22.170000076293945 31.5 AB 9.496656909899452 1.0165912838429385
61039.3152 lsst_hardware_u 2.582069281122311 2.6700000762939453 28.459999084472656 AB 9.487214798339068 1.0181053601265297
61041.2837 lsst_hardware_g -6.901072799121763 40.88999938964844 31.700000762939453 AB 7.205241804975281 1.018616778264293
61041.3049 lsst_hardware_r -30.594043170601953 39.20000076293945 31.610000610351562 AB 7.225040532427743 1.0164924850221542
61044.2794 lsst_hardware_i -136.0266893679613 74.91999816894531 31.34000015258789 AB 2.68006980510139 1.0171042903610588
61044.3012 lsst_hardware_z -18.949290418476362 64.43000030517578 30.989999771118164 AB 3.277496433324775 1.017961414222417
61047.2673 lsst_hardware_z -65.97886473669193 54.725459734283284 30.979999542236328 AB 9.559784093052718 1.018623771236308
61047.2884 lsst_hardware_r 35.13110812217431 69.07195628247862 31.65999984741211 AB 9.538642267845733 1.0164613019638469
61050.2599 lsst_hardware_z -87.78129038896982 43.590716753552336 30.959999084472656 AB 6.752431390865553 1.018274290799708
61050.2822 lsst_hardware_r -20.59452919782028 35.812565536515464 31.600000381469727 AB 6.720983902896955 1.017021094483914
61055.2228 lsst_hardware_i 158.81095012715335 32.79464012467196 31.25 AB 5.60391950068347 1.0377628704969388
61055.242 lsst_hardware_z 134.34023966020914 42.15705230083152 30.950000762939453 AB 5.51013495854021 1.0203953626926314
61059.2044 lsst_hardware_u 37.08887098561045 6.47968560031159 28.34000015258789 AB 6.079143449930495 1.0481281810224992
61059.2238 lsst_hardware_g 151.02811833358155 18.05423451497361 31.399999618530273 AB 6.133614426232221 1.0254593891382424
61063.202 lsst_hardware_z 733.9545440464418 49.521304214882306 30.950000762939453 AB 9.036391224826547 1.036481501605033
61063.2231 lsst_hardware_r 1706.8305295502203 46.21835499837474 31.489999771118164 AB 9.252512500696003 1.0188589126712737
61065.2047 lsst_hardware_u 19.03267212061084 4.9541636087589245 28.399999618530273 AB 7.9250016245643025 1.0278194182691502
61065.2244 lsst_hardware_r 2110.045458594145 51.23546259887938 31.489999771118164 AB 8.746087500789107 1.016435364622581
61067.2063 lsst_hardware_z 1238.1737055064455 53.31576096641122 30.940000534057617 AB 11.150346089375573 1.0222172799207527
61067.2232 lsst_hardware_i 1630.0548832864945 49.8926490592088 31.25 AB 11.073067707355525 1.0156914059214388
61069.1875 lsst_hardware_r 3289.372786199422 74.81069119102709 31.6299991607666 AB 9.928994788567433 1.0342702904757743
61069.2044 lsst_hardware_z 1469.191319836781 59.52006778633028 30.959999084472656 AB 9.802603550694712 1.0200419927882087
61071.1806 lsst_hardware_y 742.9331456721867 58.057345399672954 30.059999465942383 AB 10.7122217441248 1.0359481402373967
61071.199 lsst_hardware_r 3565.0653016228416 101.72832493665076 31.65999984741211 AB 10.51169390953226 1.0200081422087488
61072.1816 lsst_hardware_i 2335.0195896684877 92.90612329503831 31.34000015258789 AB 11.48856153001916 1.0317522703205353
61072.2001 lsst_hardware_z 1610.5798221935925 79.54576384311386 31.0 AB 11.52959983865325 1.018156114328263
61074.1879 lsst_hardware_r 3576.55452396097 120.71597181852421 31.65999984741211 AB 9.382181546321569 1.021745880350838
61074.2064 lsst_hardware_z 1932.3138531127472 83.01251142676985 31.0 AB 9.378500728830188 1.0155387903443627
61076.1723 lsst_hardware_r 3597.7866272467422 94.66411386717832 31.649999618530273 AB 6.961304974583105 1.0300836008557184
61076.19 lsst_hardware_i 2414.2498823964856 77.65026429026021 31.329999923706055 AB 7.1125443408876405 1.0178226017297485
61084.154 lsst_hardware_z 1432.182302540163 55.934509154348184 30.950000762939453 AB 3.788320559654609 1.026761077715535
61084.17 lsst_hardware_u -6.535894904970601 3.2552298093942773 28.40999984741211 AB 4.072694540631936 1.0171564786793048
61086.1495 lsst_hardware_g 432.98379345775254 24.68218696280625 31.43000030517578 AB 3.002572844143886 1.0259360515297562
61086.1657 lsst_hardware_r 2105.6558503120114 50.93572779462938 31.5 AB 2.891089842903165 1.0167959588171032
61088.1518 lsst_hardware_i 1733.7777924310235 51.18064385668225 31.25 AB 3.1166078584718084 1.0204445921326522
61088.1693 lsst_hardware_z 1171.0659890899194 53.46614297165955 30.950000762939453 AB 4.297201180444144 1.0155266880406815
61090.1328 lsst_hardware_z 1119.8952101434709 52.43290710102699 30.950000762939453 AB 3.201071541211701 1.0313838066410808
61090.1508 lsst_hardware_i 1542.6638455521618 50.14828009282981 31.260000228881836 AB 3.0692457645283038 1.018217106445307
61092.1345 lsst_hardware_u 6.247339040084454 3.0937232174668 28.469999313354492 AB 5.243585313550077 1.0248049472736307
61092.152 lsst_hardware_g 229.34056680058123 20.40390634411379 31.420000076293945 AB 5.200916739529437 1.0161348237439474
61094.1202 lsst_hardware_r 1144.0431000254587 39.84125050128496 31.489999771118164 AB 6.8108587949245205 1.0331876055760603
61094.1377 lsst_hardware_i 1336.7788778725883 47.21404961354065 31.25 AB 7.92265179722144 1.0192199912805378
61099.1188 lsst_hardware_i 1240.4352557582163 66.07102193485125 31.329999923706055 AB 5.29651767517503 1.0222964051678811
61099.1389 lsst_hardware_z 739.8000245765184 61.16185100190049 30.979999542236328 AB 6.201460825559595 1.0155230609540822
61101.1169 lsst_hardware_i 889.7144387770979 85.9163809972471 31.34000015258789 AB 2.9787090655528763 1.0201058443674234
61101.1346 lsst_hardware_z 763.33126866768 76.12978059235321 31.0 AB 3.4202649377437986 1.0155432204113717
61103.1139 lsst_hardware_z 879.4383320965436 78.51110185487558 30.989999771118164 AB 4.639133808716819 1.0188434426171638
61103.1317 lsst_hardware_r 640.1371276532768 113.53124322227615 31.65999984741211 AB 5.566797297719213 1.0157462453643304
61107.1001 lsst_hardware_z 1411.7729585698087 74.70860229203643 31.709999084472656 AB 10.527860998165993 1.0203393097660391
61109.0905 lsst_hardware_g 81.68287163026882 15.776458020034909 31.420000076293945 AB 11.44498080314365 1.0229845638694104
61109.1093 lsst_hardware_r 371.368214186018 30.831863869225025 31.520000457763672 AB 11.34422726777982 1.0156129397137916
61113.0726 lsst_hardware_i 458.73306882059774 36.4802042607202 31.239999771118164 AB 13.35495904482133 1.0287817670106858
61113.0913 lsst_hardware_u 8.85021364157011 3.8659036070585175 28.43000030517578 AB 13.234172507474048 1.0169962735321638
61114.0886 lsst_hardware_g 31.747838793414964 15.308622688048207 31.420000076293945 AB 8.970669360325688 1.0169866067445874
61114.1082 lsst_hardware_r 255.46801173605803 27.379917580814645 31.5 AB 9.101014413585325 1.0172519836347529
61116.0718 lsst_hardware_i 358.6856039578518 35.65662371820112 31.25 AB 8.33980477534055 1.0226928814912228
61116.0905 lsst_hardware_r 275.9410509449812 26.77901032831321 31.489999771118164 AB 7.743191099214465 1.0155892667181128
61118.0694 lsst_hardware_u 7.388613855008777 5.003773686270958 28.450000762939453 AB 7.41657441683207 1.0207231512292967
61118.0889 lsst_hardware_g 25.153192026569485 14.88989314234343 31.420000076293945 AB 8.192314034177842 1.0155761199393856
61120.0693 lsst_hardware_r 172.65082200112047 26.466812039165053 31.5 AB 4.018457480585838 1.0180397696081473
61120.0886 lsst_hardware_i 281.80515349469135 35.07447108258091 31.260000228881836 AB 4.980025310753051 1.0163316960720512
61122.0676 lsst_hardware_z 387.6380036800765 44.62793857140383 30.950000762939453 AB 6.0631233178269275 1.0167339269693092
61122.0874 lsst_hardware_r 157.00717381416652 26.17252552801286 31.489999771118164 AB 6.207507094184267 1.0176241138006996
61124.0572 lsst_hardware_z 297.28431537566985 44.85916956287768 30.950000762939453 AB 10.581330312509523 1.0185455604674507
61124.075 lsst_hardware_g 23.675667468147704 19.18757792448053 31.540000915527344 AB 10.564616072614257 1.0158284685206016
61126.0562 lsst_hardware_r 198.30327889433008 45.75844137556943 31.6200008392334 AB 6.44994073421233 1.0168730054594461
61126.074 lsst_hardware_z 333.04558791988524 48.64158702070938 30.959999084472656 AB 6.429299226360413 1.016798116904002
61128.034 lsst_hardware_i 173.9342248096209 59.86642047476572 31.31999969482422 AB 6.67310101031759 1.0266309246642447
61128.0515 lsst_hardware_r 268.3657680811439 69.6403795296447 31.649999618530273 AB 6.8803757700300165 1.0166540565477877
61133.0326 lsst_hardware_r 97.58684018708567 84.80408362388948 31.65999984741211 AB 6.3415306754019145 1.0185561637330411
61133.0501 lsst_hardware_i 381.3286040313067 68.9707922013269 31.329999923706055 AB 6.25925561015412 1.0157831240106918
61135.0318 lsst_hardware_z 266.4831759353157 50.51338021578361 30.959999084472656 AB 7.781472467072021 1.016820419727813
61135.0504 lsst_hardware_r 115.94151714176833 56.77699854086034 31.639999389648438 AB 7.950146138790175 1.0170979516139127
61137.0144 lsst_hardware_u 8.883108283993817 3.5230464080563366 28.440000534057617 AB 10.931636829217041 1.022731568878286
61137.0327 lsst_hardware_g 75.17638145353459 15.249982061437969 31.40999984741211 AB 10.851072502346499 1.0156217925915139
61142.0076 lsst_hardware_r 126.59468361624812 24.967455699995963 31.5 AB 5.090353729408383 1.0187499124900032
61142.0253 lsst_hardware_u 0.3401055510683997 3.2397180453221694 28.56999969482422 AB 5.110510165942889 1.0157535733551084
61147.9831 lsst_hardware_y 32.22634989802808 48.51845539750547 30.059999465942383 AB 11.492152837492572 1.0236402197868992
61148.0002 lsst_hardware_i 205.83087156059662 32.91925346135621 31.260000228881836 AB 10.870406321639198 1.0159258244522615
61149.9832 lsst_hardware_y 99.69053176175963 47.529998779296875 30.059999465942383 AB 9.174989433411248 1.020047743115689
61150.0017 lsst_hardware_r 14.814033591416063 22.25 31.510000228881836 AB 7.032420070677174 1.015585251018438
61151.9809 lsst_hardware_y 45.5624997208461 48.029998779296875 30.049999237060547 AB 9.270914363150327 1.0184740175386917
61151.999 lsst_hardware_g 19.92354465755272 16.299999237060547 31.5 AB 9.287064463033595 1.0158956942635267
61153.9794 lsst_hardware_y -146.52819538672455 48.040000915527344 30.049999237060547 AB 9.76806095140065 1.016976673753321
61153.9973 lsst_hardware_z 8.857589544885391 43.58000183105469 30.959999084472656 AB 9.781080032124565 1.01672667127644
61155.972 lsst_hardware_y -110.55895297226407 85.43000030517578 30.81999969482422 AB 13.656780163722102 1.0176438274010038
61157.963 lsst_hardware_z 108.73039454433 76.7300033569336 30.989999771118164 AB 1.0398252993414656 1.0191867673037234
61157.9842 lsst_hardware_r 143.11188590993802 72.23999786376953 31.649999618530273 AB 1.0918943024223728 1.0161882758700538
61159.9619 lsst_hardware_y -62.622302386950324 76.80999755859375 30.079999923706055 AB 11.550263739361236 1.0173456024099738
61159.9795 lsst_hardware_z 47.847945439107065 60.7400016784668 30.989999771118164 AB 11.352725644560133 1.0163586073911912
61161.9603 lsst_hardware_y 88.19635769351405 70.05999755859375 30.079999923706055 AB 9.33389071971903 1.016247084240295
61161.9794 lsst_hardware_z -83.76439315575148 56.95000076293945 30.989999771118164 AB 9.529470829680196 1.0181058578718158
61163.9592 lsst_hardware_y -169.3345850168108 78.19000244140625 30.079999923706055 AB 11.046210152842027 1.0156033791055972
61163.9771 lsst_hardware_i 7.184945833939151 43.459999084472656 31.309999465942383 AB 11.20501801800057 1.0195880723401871
61387.3427 lsst_hardware_r -14.721305767676883 23.850000381469727 31.520000457763672 AB 10.628373393978011 1.0163802902955423
61389.3416 lsst_hardware_z -9.861532253729788 42.58000183105469 30.959999084472656 AB 8.485300521772585 1.015656518277498
61390.339 lsst_hardware_u -0.7338296691271857 3.5 28.690000534057617 AB 10.846684631362688 1.0156444479832722
61392.2281 lsst_hardware_i 54.713314231320155 56.029998779296875 32.41999816894531 AB 5.967298517980141 1.2441375741150857
61394.3233 lsst_hardware_r -16.735176826281865 22.290000915527344 31.510000228881836 AB 4.396650718759868 1.0164491316055642
61394.3447 lsst_hardware_y -77.93280265648524 50.59000015258789 30.06999969482422 AB 4.98035127419556 1.0187545222000145
61396.3141 lsst_hardware_g -4.942891230872702 37.0 31.690000534057617 AB 6.05494767557031 1.0176097603266536
61396.3367 lsst_hardware_y -7.90132130763228 47.349998474121094 30.059999465942383 AB 6.61154004239632 1.0176818946736255
61405.3009 lsst_hardware_r 49.849956896423855 30.549999237060547 31.579999923706055 AB 5.187200106414954 1.0155216783910508
61405.3223 lsst_hardware_i 4.2576334589416645 34.0 31.270000457763672 AB 5.219614681784755 1.023286655471607
61407.2823 lsst_hardware_z 14.093922875418928 40.790000915527344 30.950000762939453 AB 4.972791584084636 1.01831909571699
61407.3027 lsst_hardware_r -16.205913751920402 23.420000076293945 31.520000457763672 AB 5.266667466514597 1.0164368361506506
61409.2861 lsst_hardware_u -2.107242628264302 2.640000104904175 28.43000030517578 AB 2.6605000421841964 1.0157487991540313
61409.3063 lsst_hardware_r -52.895498981158944 22.229999542236328 31.5 AB 3.329433989629171 1.0200471781952096
61411.2856 lsst_hardware_i 15.596797876580315 29.899999618530273 31.25 AB 7.52519188505497 1.0155454635701715
61411.3064 lsst_hardware_z 62.089322278999205 40.63999938964844 30.950000762939453 AB 7.544208897216438 1.0236375708570473
61413.2623 lsst_hardware_z -84.14251963058344 40.650001525878906 30.959999084472656 AB 9.078915905936224 1.020102910779351
61413.2843 lsst_hardware_r -28.37176312646494 22.149999618530273 31.5 AB 9.042442272306209 1.0160047496973268
61415.2633 lsst_hardware_u -4.533481131261276 2.630000114440918 28.420000076293945 AB 6.72461220985549 1.017223796067844
61415.2833 lsst_hardware_g 13.787382639801057 13.4399995803833 31.40999984741211 AB 6.72810681480244 1.0171369764242715
61418.235 lsst_hardware_r -8.79039262016698 22.299999237060547 31.5 AB 4.5365337886669534 1.0308742134525724
61418.2537 lsst_hardware_i -46.038588043521386 30.020000457763672 31.260000228881836 AB 4.698357332682814 1.017731470309285
61420.2277 lsst_hardware_z 38.152895341685664 40.810001373291016 30.950000762939453 AB 5.57725484708545 1.0328249716824907
