data/validation/pwv_sim_epoch_fit_epoch/15341199.ecsv
# %ECSV 0.9
# ---
# datatype:
# - {name: time, datatype: float64}
# - {name: band, datatype: string}
# - {name: flux, datatype: float64}
# - {name: fluxerr, datatype: float64}
# - {name: zp, datatype: float64}
# - {name: zpsys, datatype: string}
# - {name: pwv, datatype: float64}
# - {name: airmass, datatype: float64}
# meta: {SNID: '15341199', alt: 1024.0, c: -0.07956624776124954, dec: -4.630479, lat: -30.244573, lon: -70.7499537, ra: 150.46875, t0: 61856.12109375,
#   x0: 3.2213797954576018e-06, x1: -0.708782434463501, z: 0.7339261770248413}
# schema: astropy-2.0
time band flux fluxerr zp zpsys pwv airmass
61765.3359 lsst_hardware_z 26.857670545267414 42.7400016784668 30.950000762939453 AB 9.874351351327405 1.1136381821216799
61765.3555 lsst_hardware_y -177.77841247428236 64.47000122070312 30.040000915527344 AB 9.772993107611141 1.1078920909861005
61767.3385 lsst_hardware_u -3.8893867422653003 2.9200000762939453 28.450000762939453 AB 6.238391447337298 1.1093103160460307
61767.3575 lsst_hardware_y 155.53636946144255 71.63999938964844 30.049999237060547 AB 6.218678500333444 1.109949756128095
61769.3297 lsst_hardware_r 10.289016708678792 24.040000915527344 31.489999771118164 AB 10.337902315445618 1.1107663388251194
61769.3512 lsst_hardware_z -18.52686872788444 48.61000061035156 30.959999084472656 AB 9.719445461272507 1.109599626452108
61775.3321 lsst_hardware_i -4.188944567117337 31.579999923706055 31.239999771118164 AB 11.184366306495953 1.1086710861656197
61775.3523 lsst_hardware_y 80.6802052434267 51.689998626708984 30.020000457763672 AB 12.552999832748593 1.1231099429854696
61779.2935 lsst_hardware_y -37.75978957144387 48.31999969482422 30.020000457763672 AB 8.421020654492866 1.1169696899957378
61779.3158 lsst_hardware_g -18.602234879082918 14.800000190734863 31.440000534057617 AB 8.393543993986077 1.1077539502648635
61781.2938 lsst_hardware_r 32.55170384802243 86.26000213623047 31.639999389648438 AB 8.232949260254529 1.1125607108452065
61781.3144 lsst_hardware_i 99.88851742268423 67.95999908447266 31.31999969482422 AB 8.201645034028008 1.1083304100037847
61784.265 lsst_hardware_z 146.2614086525923 83.08000183105469 30.989999771118164 AB 7.953720125037789 1.1351106215267288
61784.2826 lsst_hardware_r -102.70529208146446 114.44000244140625 31.649999618530273 AB 7.953632953583761 1.1146827459941737
61785.2693 lsst_hardware_z 55.736192844079184 76.22000122070312 30.979999542236328 AB 6.2599100398811505 1.125275937422461
61785.2881 lsst_hardware_r -179.510785419488 103.05000305175781 31.639999389648438 AB 6.213732665072469 1.1097932961372512
61787.264 lsst_hardware_i 9.926976730948125 50.5099983215332 31.299999237060547 AB 2.4578247531559314 1.1250771328579674
61787.2828 lsst_hardware_z -66.41107296123458 52.099998474121094 30.959999084472656 AB 2.4742261444706926 1.1097257983049105
61789.3163 lsst_hardware_r -45.566896097917926 31.639999389648438 31.540000915527344 AB 7.430159272793261 1.125781707998979
61789.3352 lsst_hardware_z 49.35346191975983 44.779998779296875 30.93000030517578 AB 7.158667164188114 1.1579544114827216
61791.2363 lsst_hardware_u 1.55712986299189 2.740000009536743 28.389999389648438 AB 13.60799187659391 1.1523082203280386
61791.2551 lsst_hardware_g -7.221845541928709 15.319999694824219 31.43000030517578 AB 13.288797141343567 1.1226806934393325
61795.2432 lsst_hardware_z -43.07070774904077 42.45000076293945 30.940000534057617 AB 9.68017031537386 1.1238152914407957
61795.2643 lsst_hardware_r 10.660886872722164 23.540000915527344 31.489999771118164 AB 10.326886313786112 1.1085801830785278
61797.2118 lsst_hardware_u -2.3531634014383407 2.5799999237060547 28.280000686645508 AB 12.74376116730449 1.1705036701976583
61797.2299 lsst_hardware_r -13.750286197374251 23.610000610351562 31.479999542236328 AB 12.399351172083286 1.1344934089574727
61799.2174 lsst_hardware_i 47.476157485532944 31.65999984741211 31.239999771118164 AB 12.09654369499167 1.1465465371817862
61799.2353 lsst_hardware_z 0.7463327032240191 42.38999938964844 30.940000534057617 AB 11.915447065548046 1.1204432455947697
61801.215 lsst_hardware_r -39.65660936469105 24.079999923706055 31.489999771118164 AB 11.989744168308631 1.1410110552254122
61801.2336 lsst_hardware_u -1.2934704960349055 2.7300000190734863 28.399999618530273 AB 11.742162910531853 1.1168121467121794
61803.1302 lsst_hardware_g 33.353993314594156 14.789999961853027 31.309999465942383 AB 10.672982443151604 1.4859014469431657
61803.1406 lsst_hardware_r 23.141683402663187 24.979999542236328 31.450000762939453 AB 10.073349109360938 1.4084988617409435
61810.2124 lsst_hardware_z -9.503003854438353 73.19999694824219 30.979999542236328 AB 5.930047857514039 1.1140773129938335
61810.2307 lsst_hardware_i 26.560089580869054 83.4000015258789 31.31999969482422 AB 5.901173589081255 1.1077162287100342
61812.2002 lsst_hardware_z -210.44238564961515 145.0500030517578 31.739999771118164 AB 3.0240756209417494 1.1200280077562035
61816.2 lsst_hardware_z 73.09390036374077 70.81999969482422 31.709999084472656 AB 4.334783696648935 1.1114829991407524
61818.1618 lsst_hardware_r -70.71700545750585 28.649999618530273 31.530000686645508 AB 3.531895551571123 1.1538999896230675
61818.1784 lsst_hardware_g -22.99925025532267 22.809999465942383 31.559999465942383 AB 4.781188940378943 1.1262664851114466
61822.16 lsst_hardware_z 35.84389422264854 43.0113326836896 30.940000534057617 AB 5.689199874316263 1.1370819202497529
61822.1776 lsst_hardware_i 14.275156392158474 31.96339832782843 31.25 AB 6.789918566189673 1.1156619398931438
61824.1581 lsst_hardware_u 1.5324004132090954 2.7067063530369024 28.329999923706055 AB 9.180441163536218 1.1316065654107692
61824.176 lsst_hardware_g 34.28417431550563 15.075197515607151 31.43000030517578 AB 12.234861999302233 1.1127997210134215
61828.1574 lsst_hardware_z 67.79616297651856 42.88935464385762 30.940000534057617 AB 8.691979332222143 1.1191269620139883
61828.1754 lsst_hardware_u 1.7414585348663374 2.9656627776739923 28.3700008392334 AB 7.370564688940739 1.108272263580293
61832.1471 lsst_hardware_i 107.93007987954063 33.58463009753388 31.239999771118164 AB 5.505625136978529 1.1185179820160556
61832.164 lsst_hardware_z 49.27666507866253 43.69230364890733 30.940000534057617 AB 5.488982385886274 1.1083815206999392
61834.1254 lsst_hardware_z 168.96431190327138 44.99603222110444 30.940000534057617 AB 11.72344179061994 1.1401353552754623
61834.144 lsst_hardware_i 239.57305971637973 34.35531204673905 31.229999542236328 AB 11.483186296561772 1.1163627460504824
61836.1317 lsst_hardware_z 394.18306378926917 71.33656603810203 31.700000762939453 AB 9.691091095595421 1.1232791765396195
61838.1213 lsst_hardware_r 441.46732307320497 87.70795160613828 31.6299991607666 AB 11.600753756270544 1.1295768019737542
61838.1389 lsst_hardware_i 421.56359532702356 74.07752061802813 31.31999969482422 AB 10.557367179936934 1.112082216987739
61840.1281 lsst_hardware_z 666.0781949458183 144.81843858422278 31.739999771118164 AB 8.584637144571078 1.1159507510924924
61843.1009 lsst_hardware_i 491.4821344827293 73.41432719198122 31.309999465942383 AB 14.71264720752538 1.1400071446855173
61843.1176 lsst_hardware_z 427.5406796973328 65.47733343900802 30.969999313354492 AB 14.46140644470265 1.118005909911299
61845.1103 lsst_hardware_i 871.6143845911341 52.850137848572 31.280000686645508 AB 8.34249218141822 1.1198101340844822
61845.1307 lsst_hardware_z 459.028187485113 53.23443168139393 30.959999084472656 AB 9.487756120097695 1.1079512791083335
61849.1074 lsst_hardware_i 1055.5264215417233 44.77466837654982 31.239999771118164 AB 5.701348820097242 1.1130193404995117
61849.1283 lsst_hardware_r 884.6302295276245 38.290674511995356 31.489999771118164 AB 5.143474172923961 1.1082088172203526
61851.0798 lsst_hardware_z 608.8545707248613 49.53553218368202 30.940000534057617 AB 4.465606832629487 1.1387496704397444
61851.0995 lsst_hardware_u -3.301989820312154 2.8860344713355075 28.399999618530273 AB 5.8073004897963365 1.1147876548111508
61853.0775 lsst_hardware_g 200.90359956873098 19.932357833337708 31.40999984741211 AB 4.653870453708364 1.1337077840946077
61853.0972 lsst_hardware_r 878.5236521885862 38.59375974781724 31.489999771118164 AB 6.114729859710551 1.11254447518765
61855.0956 lsst_hardware_z 640.2703682950338 49.368329860216804 30.940000534057617 AB 9.021231779048048 1.1103851696898912
61855.1123 lsst_hardware_r 837.63552943979 38.259299415050855 31.479999542236328 AB 9.000619735115652 1.1082914690149968
61859.0698 lsst_hardware_g 133.94899161557808 18.836052774878095 31.399999618530273 AB 5.639285406344928 1.122245852008906
61859.0883 lsst_hardware_r 824.0560802776691 36.88676343481474 31.479999542236328 AB 6.5586085197060395 1.108934540896022
61861.0656 lsst_hardware_i 1023.142936577063 44.9877181573638 31.229999542236328 AB 5.828497330207356 1.1208648711937224
61861.0851 lsst_hardware_r 728.1491295126258 35.97520323855721 31.479999542236328 AB 5.486870723731138 1.1083094647989566
61863.0636 lsst_hardware_z 697.0206753582614 50.208536220409755 30.940000534057617 AB 6.72557483142137 1.117437147484383
61863.0815 lsst_hardware_g 138.36030143417108 23.517318043167897 31.540000915527344 AB 6.819747291985801 1.1079561824435729
61865.0555 lsst_hardware_r 619.2078796119515 57.709568826206386 31.610000610351562 AB 8.743950839372323 1.1200022423276712
61865.0762 lsst_hardware_i 872.0205860828797 56.97856649191075 31.299999237060547 AB 8.664122401234449 1.107932234469085
61867.058 lsst_hardware_z 720.68926075701 76.66034626338866 30.979999542236328 AB 12.105173220079314 1.113187617945558
61867.0769 lsst_hardware_r 710.624280443696 100.0258452074776 31.639999389648438 AB 12.050372447625175 1.1078425270555243
61873.01 lsst_hardware_r 418.3212989494389 47.008890910035326 31.59000015258789 AB 7.526447455326897 1.1573214949246895
61873.0189 lsst_hardware_y 286.92643540245376 52.228823478864136 30.010000228881836 AB 7.564885456641104 1.1401485239850948
61875.047 lsst_hardware_g 120.79119502249655 22.93470842606879 32.189998626708984 AB 12.080246542718868 1.1082794993320062
61875.0658 lsst_hardware_r 694.0410641757819 42.328594038066264 32.25 AB 12.115397440255308 1.1115043523170007
61877.0894 lsst_hardware_i 476.1255296236614 38.59493919512399 31.25 AB 16.296477206426843 1.1467240141502213
61877.1055 lsst_hardware_z 417.87115897192575 47.62696915838642 30.950000762939453 AB 16.827536612907 1.1838567119357684
61879.0136 lsst_hardware_z 363.1007093979756 46.62233371079023 30.940000534057617 AB 10.33690316084759 1.1240855272330739
61879.03 lsst_hardware_r 233.21831403983788 28.343305683579803 31.489999771118164 AB 10.215081354369065 1.110415394706399
61882.0023 lsst_hardware_r 206.27884655654094 27.548030378594866 31.489999771118164 AB 10.539625940682981 1.1280169038029628
61882.015 lsst_hardware_z 280.4274197138969 46.07106785770333 30.940000534057617 AB 10.262789443331105 1.1146724713078209
61884.0088 lsst_hardware_r 171.8582157343909 27.081842048547653 31.489999771118164 AB 9.836544522428948 1.1152544810010145
61884.0267 lsst_hardware_u -3.90561466722196 2.7138880778867986 28.360000610351562 AB 9.803591576689048 1.1077087390330738
61886.0074 lsst_hardware_g 21.862549352674286 15.902323043844232 31.40999984741211 AB 12.903232918287221 1.112347665369588
61886.0254 lsst_hardware_r 51.265400542609314 26.36908941621251 31.489999771118164 AB 12.851513575815646 1.1078891013634178
61894.0345 lsst_hardware_y 196.69600685939193 75.93395448821443 30.780000686645508 AB 12.502277041233524 1.1324526305465468
61896.0476 lsst_hardware_r 239.59752446435076 90.81390621095797 31.6299991607666 AB 4.2278828743023436 1.1683537788234017
61896.0666 lsst_hardware_i 123.6112275118782 78.6775649016808 31.299999237060547 AB 4.418431969205511 1.224564266951502
61897.9678 lsst_hardware_y -18.78841708511906 82.76803944580004 30.780000686645508 AB 10.982674261816587 1.1176493282829658
61897.9875 lsst_hardware_z 475.5579494956115 92.47572438069221 31.719999313354492 AB 10.85616421700356 1.1077718588779142
61899.9671 lsst_hardware_y 9.68075671789665 57.67786200453132 30.030000686645508 AB 8.657677760126374 1.1137425561364236
61899.9852 lsst_hardware_z 154.87403284205163 60.98804606652716 30.969999313354492 AB 8.62041290569645 1.107713735124738
61908.9577 lsst_hardware_y 139.10122130467943 61.10773687365957 30.040000915527344 AB 9.89408785304992 1.107753818217942
61908.9781 lsst_hardware_r -1.1609351821365066 25.368394995651787 31.489999771118164 AB 10.627463105291078 1.114993025376586
61910.9583 lsst_hardware_y 30.170392832175633 55.931811105907855 30.030000686645508 AB 5.916362845493746 1.1080714531452889
61910.9772 lsst_hardware_g 51.17444310503198 17.227271301109703 31.43000030517578 AB 8.043141846592237 1.119045822134572
62130.3189 lsst_hardware_z 34.005875230511336 43.040000915527344 30.93000030517578 AB 9.691955685671754 1.1330319950516157
62130.3391 lsst_hardware_y -14.645045091501608 48.939998626708984 30.020000457763672 AB 9.80904271470331 1.1119472555351482
62134.3285 lsst_hardware_r -26.768499970871027 23.549999237060547 31.489999771118164 AB 10.36414237565738 1.1117541075900932
62134.3488 lsst_hardware_z 48.098440685573586 45.709999084472656 30.950000762939453 AB 9.79340646753779 1.108520200822931
62136.3278 lsst_hardware_z 18.587087056386668 64.80999755859375 30.979999542236328 AB 7.840716038762301 1.1094363484995529
62136.3494 lsst_hardware_y 81.84414986029788 56.290000915527344 30.030000686645508 AB 7.88845591615814 1.1109132207169063
62138.3231 lsst_hardware_z 12.779726478410838 75.0999984741211 30.979999542236328 AB 5.714916437571191 1.1091540878352626
62138.3448 lsst_hardware_y 98.64114181728144 60.349998474121094 30.040000915527344 AB 4.95489398128389 1.111378089259938
62140.3319 lsst_hardware_i 50.98562159796577 117.27999877929688 32.08000183105469 AB 3.6310647179501294 1.1083836135378906
62140.3524 lsst_hardware_y 52.455756895923976 89.52999877929688 30.780000686645508 AB 3.1064583555539325 1.1223767882048372
62142.295 lsst_hardware_z 24.155962148772943 53.77000045776367 30.969999313354492 AB 7.977893026482406 1.121540725372407
62142.3162 lsst_hardware_r 40.0919119709941 57.43000030517578 31.6200008392334 AB 8.082454416032766 1.1080709812909058
62144.2959 lsst_hardware_y -73.21420862767815 48.68000030517578 30.020000457763672 AB 9.799364828684917 1.1154655468053405
62144.3171 lsst_hardware_g 6.323771187532046 25.329999923706055 31.59000015258789 AB 9.696100730642819 1.1077459991594674
62146.2983 lsst_hardware_r 12.978495568260833 24.420000076293945 31.510000228881836 AB 7.985305581543618 1.1103810862189554
62146.3198 lsst_hardware_i 7.6188609902538005 31.84000015258789 31.25 AB 7.9444384704590165 1.1098167828347858
62148.2593 lsst_hardware_z -32.213736151087154 43.040000915527344 30.940000534057617 AB 6.729780991567478 1.1513247494234597
62148.2778 lsst_hardware_r 2.2058925395671274 23.75 31.489999771118164 AB 6.596352263899661 1.1224490175521609
62154.2384 lsst_hardware_z -37.32919218588763 43.16999816894531 30.940000534057617 AB 7.762262216935415 1.160914634368924
62154.2589 lsst_hardware_r 34.27721960924384 23.709999084472656 31.489999771118164 AB 8.341757854921886 1.1254395379009559
62156.2398 lsst_hardware_u 0.5321702608114599 2.609999895095825 28.309999465942383 AB 11.473308391457962 1.1467574604155957
62156.2614 lsst_hardware_g -6.166473656009056 14.630000114440918 31.420000076293945 AB 13.332566761193311 1.116942202836633
62158.2341 lsst_hardware_r 30.530101770982093 24.030000686645508 31.479999542236328 AB 10.898501892913957 1.1472107255698902
62158.2532 lsst_hardware_i -21.987487810561696 31.8700008392334 31.239999771118164 AB 10.955524115057063 1.1195480582202264
62163.2846 lsst_hardware_z -46.31946649835149 49.0099983215332 30.959999084472656 AB 12.86377479771044 1.117269439520894
62163.3023 lsst_hardware_i 25.44180777291449 32.11000061035156 31.25 AB 13.477052256382466 1.1403835045170474
62167.209 lsst_hardware_y -35.23792709310323 73.66999816894531 30.030000686645508 AB 12.223912838242228 1.148216498050181
62167.2275 lsst_hardware_r 37.106950564005416 151.25 31.639999389648438 AB 11.776446858213001 1.1207124912650364
62169.2068 lsst_hardware_i 46.41755145436736 79.16999816894531 31.31999969482422 AB 10.074695405688233 1.1421909648759407
62169.2237 lsst_hardware_z -56.24554613433514 70.48999786376953 30.989999771118164 AB 11.600121350044954 1.1190097526511142
62171.2096 lsst_hardware_r 84.74026455139317 50.720001220703125 31.610000610351562 AB 8.515127429009976 1.129214922787518
62171.2268 lsst_hardware_z -23.429969103528652 50.040000915527344 30.959999084472656 AB 8.392530501396546 1.1121458342085866
