data/validation/pwv_sim_epoch_fit_epoch/154141.ecsv
# %ECSV 0.9
# ---
# datatype:
# - {name: time, datatype: float64}
# - {name: band, datatype: string}
# - {name: flux, datatype: float64}
# - {name: fluxerr, datatype: float64}
# - {name: zp, datatype: float64}
# - {name: zpsys, datatype: string}
# - {name: pwv, datatype: float64}
# - {name: airmass, datatype: float64}
# meta: {SNID: '154141', alt: 1024.0, c: 0.07357438653707504, dec: -39.644398, lat: -30.244573, lon: -70.7499537, ra: 168.75, t0: 61825.84375,
#   x0: 2.620477097298086e-05, x1: -1.5580456256866455, z: 0.30567672848701477}
# schema: astropy-2.0
time band flux fluxerr zp zpsys pwv airmass
61783.357 lsst_hardware_r 151.15475606437343 78.2699966430664 31.65999984741211 AB 4.214228192352911 1.0141733175885426
61786.3485 lsst_hardware_y 40.32026009747428 72.47000122070312 30.809999465942383 AB 4.512971839462071 1.014150975160016
61790.3532 lsst_hardware_r -31.59727689647974 26.690000534057617 31.540000915527344 AB 9.909637176723479 1.0185668801237002
61790.3658 lsst_hardware_y 75.51554409338482 54.599998474121094 30.059999465942383 AB 9.901965010972662 1.0270416191855478
61792.3315 lsst_hardware_u 1.0276594796751095 2.799999952316284 28.5 AB 9.529124771322795 1.0141142735404411
61792.3441 lsst_hardware_r 13.656213244385036 22.3700008392334 31.489999771118164 AB 9.06604313335066 1.0169425836624424
61794.3377 lsst_hardware_i 20.97804415899486 29.6200008392334 31.239999771118164 AB 7.208334409009715 1.0165827887049628
61794.3508 lsst_hardware_z -20.41988350796441 40.5099983215332 30.940000534057617 AB 7.2070205674535694 1.023809345109595
61796.3279 lsst_hardware_r -50.39925366284894 21.700000762939453 31.479999542236328 AB 12.380760583275185 1.0152325201537666
61796.3404 lsst_hardware_u -2.0083262004769096 2.5199999809265137 28.34000015258789 AB 14.271182385690603 1.0205243348327706
61798.3293 lsst_hardware_r -26.242692312618775 21.790000915527344 31.479999542236328 AB 11.905979554771667 1.0176050901514246
61798.3425 lsst_hardware_i -15.180941349023954 29.670000076293945 31.239999771118164 AB 12.105170267596282 1.0258329087536748
61800.3335 lsst_hardware_z 57.849067224686664 40.40319629564084 30.940000534057617 AB 11.620398379285902 1.0231475570579707
61800.3451 lsst_hardware_u 0.013724359340658477 2.5758253755344076 28.3700008392334 AB 11.776069732853617 1.0332907048423765
61802.3396 lsst_hardware_g -50.30779592378665 15.507443092522921 31.43000030517578 AB 12.139651377081455 1.0332497554754836
61802.3511 lsst_hardware_r -48.012715873613125 22.81943056212889 31.5 AB 12.261076599971249 1.0472093893213879
61804.2878 lsst_hardware_u 1.1917488163699963 2.981498466716276 28.389999389648438 AB 9.291215591176174 1.015156032906435
61804.3005 lsst_hardware_r -37.7948371238792 23.51780941704895 31.489999771118164 AB 9.473632844543967 1.0142532888543405
61806.2841 lsst_hardware_i 112.99288305566957 31.840889992196917 31.25 AB 5.622841775242997 1.014770217513625
61806.2968 lsst_hardware_z 55.35107562798792 41.28955842380895 30.950000762939453 AB 6.6552860430130485 1.0144737629713583
61809.2736 lsst_hardware_r 915.4281373227208 58.0960855024443 31.6299991607666 AB 7.529937729826813 1.0152953185231326
61809.2858 lsst_hardware_z 741.8737786541171 54.253454583710656 30.969999313354492 AB 7.530672466767792 1.0141636882052105
61815.2831 lsst_hardware_r 4594.468962709461 98.43378370779118 31.65999984741211 AB 3.3880207375931475 1.0177037936148032
61815.2939 lsst_hardware_z 3050.7368263025332 79.24446713277742 30.979999542236328 AB 2.781553071776324 1.0241358879883373
61817.267 lsst_hardware_r 5811.722902873918 87.61879535066433 31.6299991607666 AB 4.611971572649248 1.0145120045422893
61817.278 lsst_hardware_i 4340.322233853569 76.81857819840829 31.299999237060547 AB 4.592784211533213 1.017866703697384
61819.2659 lsst_hardware_z 4303.150301841404 76.66003718524931 30.959999084472656 AB 4.8053504720834335 1.015447297180714
61819.2774 lsst_hardware_i 4984.888748818161 76.75408828941504 31.260000228881836 AB 4.865051050921261 1.0204081696652092
61821.2679 lsst_hardware_u 45.90609336617709 7.134022707752952 28.489999771118164 AB 2.783559197273136 1.0182511391073537
61821.2792 lsst_hardware_g 4889.2036703502245 70.34105412807362 31.440000534057617 AB 2.818916310376054 1.0254333613590592
61825.2542 lsst_hardware_i 6191.309495360855 83.72398099729993 31.25 AB 10.043676279255433 1.0170296470310802
61825.265 lsst_hardware_z 4892.8252213128035 78.91356411981722 30.950000762939453 AB 10.126493233361996 1.022981435838165
61827.2582 lsst_hardware_r 8041.5233660904305 92.39918417274865 31.489999771118164 AB 6.628446328619741 1.0220671764935867
61827.2699 lsst_hardware_g 4513.308121853009 68.17307821987872 31.40999984741211 AB 6.695150209510104 1.0317824304791665
61829.2576 lsst_hardware_r 7833.001204031957 90.8248659569395 31.489999771118164 AB 5.601299699753625 1.0256286071326217
61829.2693 lsst_hardware_i 6559.7964852028435 85.3995537453732 31.25 AB 5.670761363470256 1.036986625851743
61831.2436 lsst_hardware_z 4351.420705760817 77.08522471534648 30.950000762939453 AB 3.4476519518613196 1.0198142235835725
61831.2555 lsst_hardware_i 6183.626998294932 83.9526262066852 31.239999771118164 AB 3.52598672026169 1.0284842159246543
61833.2467 lsst_hardware_u 8.912685488404374 4.251918327776777 28.34000015258789 AB 5.69267994707146 1.025646498181153
61833.2583 lsst_hardware_g 3013.528849589444 56.21740324779338 31.389999389648438 AB 5.9460023075263475 1.0368975003315677
61837.1893 lsst_hardware_r 6286.071952102238 91.79447345881535 31.6299991607666 AB 10.94919451742452 1.0181745453841236
61837.2026 lsst_hardware_i 5039.822988901905 81.98921701521076 31.299999237060547 AB 10.896607759366526 1.014298404483534
61844.1851 lsst_hardware_i 3838.6260943321836 85.46912504530587 31.329999923706055 AB 10.35792541955895 1.0141571885991651
61844.1973 lsst_hardware_z 2530.169412116319 75.59001553635778 30.979999542236328 AB 10.354993714940663 1.015361370969857
61848.2035 lsst_hardware_r 2540.335025273684 56.74608785886442 31.549999237060547 AB 6.4054802014847345 1.0239211724765793
61848.2156 lsst_hardware_i 3344.5065405998894 65.9863014080053 31.270000457763672 AB 6.962929824694822 1.034956683095362
61850.2032 lsst_hardware_z 2463.695248740074 63.387516069346 30.950000762939453 AB 5.448989495819379 1.028111225626298
61850.215 lsst_hardware_u 11.006283275367844 4.370763868899411 28.469999313354492 AB 5.930384975349466 1.0406009783031174
61852.1989 lsst_hardware_g 458.3241715684396 24.554437135960924 31.420000076293945 AB 7.016807571406481 1.0291592213855207
61852.2102 lsst_hardware_r 1756.601608302909 46.728358470451894 31.489999771118164 AB 6.741396136345362 1.0414237263114017
61854.1985 lsst_hardware_i 2726.7199906221254 59.529770921172386 31.25 AB 7.1746558898188155 1.0341846327666955
61854.2113 lsst_hardware_z 2495.059965139074 63.2340717312079 30.940000534057617 AB 7.4012407653685734 1.0503179894089745
61856.1858 lsst_hardware_i 4782.590761827398 81.28798593338291 32.0 AB 6.967674726617741 1.027226113315309
61856.1978 lsst_hardware_u 0.1036528695797102 3.0188025280080693 28.3700008392334 AB 6.957371299436136 1.0396032225087777
61858.1873 lsst_hardware_g 276.59081513879227 21.752716281046418 31.420000076293945 AB 6.779902235019267 1.0338894273907366
61858.1987 lsst_hardware_r 1186.0996195532894 40.458480990406535 31.489999771118164 AB 6.876249970176007 1.0479159742210267
61860.1828 lsst_hardware_i 1943.9010709793345 53.45655561425038 31.239999771118164 AB 4.779868684585613 1.0349209572745899
61860.1951 lsst_hardware_r 894.6207768993593 38.174427423829044 31.479999542236328 AB 4.900631822005904 1.050585641419057
61864.1366 lsst_hardware_r 898.3028732145053 40.50074730442489 31.559999465942383 AB 6.029943337660731 1.0142597635604689
61864.1485 lsst_hardware_g 245.10616392375283 26.566707189623603 31.56999969482422 AB 6.0151529713363745 1.0173620247503694
61866.1285 lsst_hardware_r 700.0469600716385 57.46553264869179 31.639999389648438 AB 11.73002117986976 1.0140936439759454
61866.1417 lsst_hardware_i 1421.1190154533772 59.1526134377813 31.309999465942383 AB 11.842905676510872 1.0168202692977617
61874.1173 lsst_hardware_r 733.6210753478865 58.83333184137825 31.649999618530273 AB 6.1818916934977715 1.015923039194375
61874.1289 lsst_hardware_i 1132.2017159038928 57.29684201163371 31.31999969482422 AB 5.061602026309082 1.0214453167581894
61878.1157 lsst_hardware_g 142.50801442112535 17.89745978702843 31.420000076293945 AB 11.52676619797816 1.0200678051308105
61878.1277 lsst_hardware_r 609.8643517452999 32.50757411412657 31.489999771118164 AB 12.077061939069305 1.028973497407285
61880.1106 lsst_hardware_i 1069.547148156314 43.0762331689361 31.25 AB 6.986346131161862 1.0202769085303924
61880.1215 lsst_hardware_z 760.7010987913465 47.8305493104625 30.950000762939453 AB 7.030020196288838 1.0283069108884426
61883.1117 lsst_hardware_i 1752.4054741076152 60.29420099788418 32.0 AB 4.85985177117477 1.026910041452672
61883.1238 lsst_hardware_u 24.67084916344607 6.678881053257912 29.149999618530273 AB 4.7640323251551475 1.0392740674422225
61889.124 lsst_hardware_z 502.98524528389936 46.56665352012574 30.940000534057617 AB 9.37729210434447 1.0634764367800478
61889.1364 lsst_hardware_u 4.540229233154735 2.7157377422084465 28.309999465942383 AB 9.076477174869622 1.0875242241636258
61895.0813 lsst_hardware_i -73.85749402711778 47.90999984741211 31.31999969482422 AB 9.270201328248188 1.0289933764289252
61895.0942 lsst_hardware_z 67.51465991680203 50.09000015258789 30.969999313354492 AB 9.648848944168364 1.043231586568089
61897.0409 lsst_hardware_z -18.504116967804816 62.65999984741211 30.989999771118164 AB 6.500268330603584 1.01413516000888
61897.0519 lsst_hardware_i 2.9998517597165386 70.08000183105469 31.34000015258789 AB 6.328730334283843 1.015195754617235
61899.0818 lsst_hardware_z -85.34601295984501 71.16999816894531 30.989999771118164 AB 9.284396886897273 1.0413478268117962
61899.0957 lsst_hardware_r -92.39053329884437 107.02999877929688 31.649999618530273 AB 9.112883442213851 1.0617776264813916
61903.0274 lsst_hardware_g 62.56731154414318 43.47999954223633 32.40999984741211 AB 7.189183599848281 1.0140964981977334
61903.0393 lsst_hardware_r 11.280948399641046 56.31999969482422 32.36000061035156 AB 7.200212630685165 1.0163212558751042
61908.0251 lsst_hardware_i -14.50441786138524 29.559999465942383 31.239999771118164 AB 7.407622919228792 1.0161348311699303
61908.0378 lsst_hardware_z 66.64503681658547 40.31999969482422 30.940000534057617 AB 7.496931118275927 1.0225993000206228
61910.0179 lsst_hardware_r -4.866752256622485 21.899999618530273 31.5 AB 7.092071631796453 1.0155953552776535
61910.0304 lsst_hardware_g -21.545066933546877 13.34000015258789 31.420000076293945 AB 7.1320672155262255 1.0213227831966643
61912.0157 lsst_hardware_r -3.4820091708381233 21.860000610351562 31.489999771118164 AB 4.6478999962275465 1.016675172342883
61912.0279 lsst_hardware_i 12.414390808564578 29.760000228881836 31.25 AB 4.685930660880471 1.0233151579720774
61927.9889 lsst_hardware_y -18.53871630035227 53.31999969482422 30.059999465942383 AB 4.64194198727351 1.0269783157683345
61928.0017 lsst_hardware_r 44.85207049241802 87.13999938964844 31.65999984741211 AB 4.705086752773667 1.0402196291920116
62147.3555 lsst_hardware_r 3.3657946313389675 23.6200008392334 31.520000457763672 AB 6.570311242317386 1.014132547531142
62147.3678 lsst_hardware_y -30.501647507927327 72.41999816894531 30.079999923706055 AB 6.519809348318204 1.0155070827955615
62149.3488 lsst_hardware_z -58.698069023960024 58.5 31.709999084472656 AB 4.2408007710291145 1.014222123173417
62151.3484 lsst_hardware_g -4.668864886022576 13.760000228881836 31.43000030517578 AB 5.431126482054477 1.0141212738408136
62151.3605 lsst_hardware_y -62.23866516911032 51.2400016784668 30.059999465942383 AB 5.478469697899361 1.016696612767813
62153.3504 lsst_hardware_i -44.07055803163688 30.09000015258789 31.260000228881836 AB 2.3350486836230466 1.015238558096977
62153.3625 lsst_hardware_y -8.33215588112932 50.7599983215332 30.059999465942383 AB 2.3466480621434047 1.0202817661493064
62155.3318 lsst_hardware_z 52.82252752715078 40.27000045776367 30.940000534057617 AB 6.694272033120301 1.0142836413818639
62155.3452 lsst_hardware_i -17.40800160896476 29.670000076293945 31.239999771118164 AB 6.278816866405754 1.0153052472290647
62157.3361 lsst_hardware_u 4.815644310464643 2.640000104904175 28.440000534057617 AB 11.374078813241717 1.0145463217591422
62157.3495 lsst_hardware_g -11.293537723684866 13.479999542236328 31.420000076293945 AB 11.506642938171394 1.019128743933463
62159.3385 lsst_hardware_r 19.891360145825566 21.920000076293945 31.489999771118164 AB 9.56301155278209 1.0166386597333852
62159.351 lsst_hardware_i 16.464913923460028 30.010000228881836 31.260000228881836 AB 9.627226552181549 1.0234653220838301
62161.333 lsst_hardware_z -8.999917664822057 40.459999084472656 30.950000762939453 AB 9.962918780772272 1.0166243653849256
62161.3465 lsst_hardware_u 1.506517751739557 2.75 28.520000457763672 AB 9.916533620187014 1.0241707844241688
62166.2858 lsst_hardware_r 72.20934820833747 89.8499984741211 31.670000076293945 AB 12.721390664062241 1.0194443084493432
62166.2981 lsst_hardware_i -40.33869204930022 68.9000015258789 31.34000015258789 AB 11.294076646984763 1.0148558146229183
62168.2905 lsst_hardware_z 116.8794220169634 63.31999969482422 30.989999771118164 AB 10.78402367365923 1.0153571496803537
62168.3008 lsst_hardware_i -0.5890652948717956 69.69000244140625 31.34000015258789 AB 9.880250543157576 1.014087092595461
62170.3023 lsst_hardware_z 16.824936625449663 79.19999694824219 31.739999771118164 AB 9.563006008034021 1.0148579017334287
62172.2791 lsst_hardware_r -30.512779054281943 40.939998626708984 31.6299991607666 AB 5.63493976271016 1.0154874324581293
62172.2907 lsst_hardware_i -18.374963631714316 39.849998474121094 31.309999465942383 AB 5.6648217389866256 1.0141105870008422
62174.2881 lsst_hardware_z 26.826776948501138 58.16999816894531 31.700000762939453 AB 4.288343531700023 1.0143323355685703
62178.2743 lsst_hardware_i -28.86361995838489 29.729999542236328 31.25 AB 3.7359027169772276 1.0141116249400903
62178.285 lsst_hardware_z 10.455045080952964 40.43000030517578 30.950000762939453 AB 3.75879098668357 1.0160725319923147
62180.2725 lsst_hardware_i 39.08585484854717 29.84000015258789 31.260000228881836 AB 5.377171239301709 1.01443300955258
62180.284 lsst_hardware_u 4.118871532911007 2.7300000190734863 28.510000228881836 AB 5.4129818626580475 1.017812600509199
62184.264 lsst_hardware_i 42.389267666314964 29.780000686645508 31.25 AB 4.480967301837832 1.0148458549033497
62184.2749 lsst_hardware_r 28.913870247102263 21.950000762939453 31.5 AB 4.525914466560094 1.0186809265445207
62186.2673 lsst_hardware_u 1.7093759537868005 2.7100000381469727 28.5 AB 2.566058982867479 1.0176716172387383
62186.2788 lsst_hardware_g 7.6385916093179675 13.359999656677246 31.420000076293945 AB 2.57139516057084 1.0245962918996574
62188.2652 lsst_hardware_r 20.310766799583764 22.06999969482422 31.510000228881836 AB 5.190860837085347 1.0193148428248102
62188.2762 lsst_hardware_i -0.5362427921757816 29.959999084472656 31.260000228881836 AB 5.340720377246389 1.0268970441749186
62190.2508 lsst_hardware_i -45.776752508625414 29.84000015258789 31.260000228881836 AB 10.859973938975608 1.0156310867692326
62190.2623 lsst_hardware_z -32.3727323154559 40.56999969482422 30.950000762939453 AB 10.879102233289597 1.020777115061733
62192.2565 lsst_hardware_i 16.06606812401706 40.84000015258789 31.299999237060547 AB 9.016255951272159 1.0205734281818053
62192.2684 lsst_hardware_z 53.802333784329925 45.43000030517578 30.959999084472656 AB 9.106279066239402 1.0296755629616947
62194.2528 lsst_hardware_z 123.39503203933029 59.40999984741211 30.989999771118164 AB 6.13239420244427 1.0216683849243522
62194.2631 lsst_hardware_r -139.1444635872177 81.44000244140625 31.65999984741211 AB 6.17792990671018 1.029826622222067
62196.2489 lsst_hardware_i 93.14155272534873 88.08999633789062 31.34000015258789 AB 3.635398561277251 1.0227115232400368
62196.2598 lsst_hardware_r -94.575642908441 113.72000122070312 31.65999984741211 AB 4.003697524967819 1.0319251320850087
62199.253 lsst_hardware_z 205.66570097775087 78.43000030517578 31.729999542236328 AB 5.934090484809837 1.0333486064302948
62202.2521 lsst_hardware_z -47.301093998185884 42.79999923706055 30.950000762939453 AB 10.092201772323945 1.0417487829809755
62202.2636 lsst_hardware_r 7.719866879371781 31.709999084472656 31.56999969482422 AB 10.263528051875605 1.0583229784963002
