data/validation/pwv_sim_epoch_fit_epoch/15541448.ecsv
# %ECSV 0.9
# ---
# datatype:
# - {name: time, datatype: float64}
# - {name: band, datatype: string}
# - {name: flux, datatype: float64}
# - {name: fluxerr, datatype: float64}
# - {name: zp, datatype: float64}
# - {name: zpsys, datatype: string}
# - {name: pwv, datatype: float64}
# - {name: airmass, datatype: float64}
# meta: {SNID: '15541448', alt: 1024.0, c: -0.08260848373174667, dec: -4.929937, lat: -30.244573, lon: -70.7499537, ra: 85.078125, t0: 60683.04296875,
#   x0: 4.444620626552117e-06, x1: 0.7554129362106323, z: 0.6432623267173767}
# schema: astropy-2.0
time band flux fluxerr zp zpsys pwv airmass
[from data line 132]
61005.2908 lsst_hardware_u -4.066564846970679 2.640000104904175 28.350000381469727 AB 6.0552766761783 1.1385665953328934
61010.2562 lsst_hardware_i -23.056409748453362 40.720001220703125 31.280000686645508 AB 8.56813809149567 1.1130463555934837
61010.2756 lsst_hardware_z -3.75558462437785 44.93000030517578 30.950000762939453 AB 8.720130803581311 1.1359883802092574
61012.2242 lsst_hardware_z 36.87143939997756 63.75 30.979999542236328 AB 6.979725843911296 1.1079528093029107
61012.2443 lsst_hardware_i 178.9085068280506 69.56999969482422 31.31999969482422 AB 6.991410751579334 1.1090830789044057
61014.2357 lsst_hardware_z -75.62752124242088 111.1500015258789 31.739999771118164 AB 2.944502115137255 1.107788606146317
61016.2289 lsst_hardware_r -139.57727786777824 85.41999816894531 31.639999389648438 AB 4.712196013227376 1.107362371900527
61016.2478 lsst_hardware_i -103.93029374022045 70.25 31.31999969482422 AB 4.766164669347997 1.1204399175679969
61019.2396 lsst_hardware_z -135.34451272033715 66.12000274658203 31.709999084472656 AB 10.47489035384806 1.1204289607282623
61025.1916 lsst_hardware_z 26.547827728098945 42.22999954223633 30.940000534057617 AB 11.390126761466162 1.1070667051223866
61025.2113 lsst_hardware_i 42.54689070735962 31.360000610351562 31.239999771118164 AB 11.532449144963309 1.1104021033780165
61027.1895 lsst_hardware_g 7.919437872625291 14.270000457763672 31.40999984741211 AB 3.703770991486661 1.1064840643756206
61027.2084 lsst_hardware_r 18.239355002537167 23.34000015258789 31.5 AB 5.32109580322904 1.1120367404868339
61029.1548 lsst_hardware_r -20.779053511878036 23.31999969482422 31.469999313354492 AB 3.4558235995737316 1.1276957414174358
61029.1732 lsst_hardware_i -32.12832753675549 31.260000228881836 31.239999771118164 AB 4.216018878204164 1.1100628957883527
61031.1537 lsst_hardware_z -60.28159354987334 42.599998474121094 30.940000534057617 AB 3.9493580458537436 1.1221626820317032
61031.1717 lsst_hardware_u -3.4086787573226833 2.619999885559082 28.329999923706055 AB 4.237127793978848 1.1081804090434983
61035.1581 lsst_hardware_i 23.080864013245336 31.280000686645508 31.229999542236328 AB 7.6843907989850395 1.1093789726762247
61035.1803 lsst_hardware_z -39.91098073955173 42.349998474121094 30.940000534057617 AB 7.87757569926472 1.108528875547295
61037.1617 lsst_hardware_i 29.127641318873163 34.619998931884766 31.260000228881836 AB 6.774769061760963 1.1065363922843547
61037.182 lsst_hardware_z 46.34781970347636 43.529998779296875 30.950000762939453 AB 6.8003122241059035 1.1126772114708323
61039.1396 lsst_hardware_z 76.88344449663308 71.16000366210938 31.709999084472656 AB 8.747132671934736 1.1144263819512292
61044.14 lsst_hardware_z 97.40534959262297 103.58000183105469 31.729999542236328 AB 2.6623173875972617 1.1069926767556182
61047.1277 lsst_hardware_g -45.1106804948698 35.11000061035156 31.649999618530273 AB 8.845889039925225 1.1082990715937138
61047.1503 lsst_hardware_r -48.78606250909531 48.2400016784668 31.610000610351562 AB 8.820672559989434 1.109867575965956
61057.0859 lsst_hardware_u -0.7860318592340212 2.5999999046325684 28.31999969482422 AB 2.1998157001023153 1.1186451564211908
61057.1041 lsst_hardware_g 28.45170442586331 14.0 31.389999389648438 AB 2.270631234070507 1.1070849507900848
61063.0768 lsst_hardware_g 1.6121542063993946 14.010000228881836 31.399999618530273 AB 8.206100639866749 1.1123145564034727
61063.0966 lsst_hardware_r -31.632883124508147 22.670000076293945 31.479999542236328 AB 9.387578673971346 1.1065255887438332
61065.0764 lsst_hardware_i -22.317064865811552 32.689998626708984 31.25 AB 7.934914080725633 1.1092610550874433
61065.0977 lsst_hardware_z 22.71547381391166 42.599998474121094 30.940000534057617 AB 8.867999199280215 1.108234385421843
61067.0705 lsst_hardware_i 15.021668082004233 41.22999954223633 31.280000686645508 AB 12.648092359120369 1.1094817858877517
61067.088 lsst_hardware_z 37.09949178181023 46.900001525878906 30.950000762939453 AB 12.66983509806743 1.106922514246664
61069.072 lsst_hardware_z 68.14399792179871 57.5 30.969999313354492 AB 14.050565220693171 1.106924781042004
61069.09 lsst_hardware_r -35.504893906667185 69.02999877929688 31.6299991607666 AB 12.97059419999953 1.1097359856262432
61071.0671 lsst_hardware_i -69.95008841360038 77.30999755859375 31.31999969482422 AB 10.049254063023431 1.1068069897046473
61071.0855 lsst_hardware_r 31.240762210736627 95.88999938964844 31.639999389648438 AB 9.875010884114818 1.110269093415949
61072.0497 lsst_hardware_z 36.23233527904537 97.69000244140625 31.729999542236328 AB 9.028913832871025 1.1142451098793917
61074.0389 lsst_hardware_y -110.919919563112 55.439998626708984 30.040000915527344 AB 7.804871667466196 1.1192454590056686
61074.0578 lsst_hardware_r 83.16518521837546 68.44999694824219 31.639999389648438 AB 8.782513071134334 1.1070510914359606
61076.0378 lsst_hardware_y -46.14573104370528 49.66999816894531 30.030000686645508 AB 6.1858356847983575 1.115067270806379
61076.0557 lsst_hardware_z -31.905908123544673 41.900001525878906 30.940000534057617 AB 6.603770017142372 1.1064680285633806
61078.0365 lsst_hardware_y -5.2432744549727595 49.689998626708984 30.030000686645508 AB 5.323452696323936 1.1118515769887407
61078.0557 lsst_hardware_u -1.6486137293778167 2.559999942779541 28.299999237060547 AB 6.865272717839408 1.1065286710104725
61084.0252 lsst_hardware_z -57.01857174617398 55.2400016784668 30.969999313354492 AB 3.7246134688974593 1.108928461152968
61084.0416 lsst_hardware_g 19.959472492713555 14.109999656677246 31.40999984741211 AB 3.7183371260487625 1.1069224885285327
61088.0218 lsst_hardware_y -2.6578234459269887 63.5099983215332 30.049999237060547 AB 1.5659438440041245 1.1066089233878844
61088.0387 lsst_hardware_r -15.438232890411069 22.829999923706055 31.489999771118164 AB 1.5763631910174356 1.1100497794853135
61090.0218 lsst_hardware_y -86.96201573007443 57.540000915527344 30.040000915527344 AB 6.713887212203516 1.106411142113793
61090.0381 lsst_hardware_g -24.37074473917657 14.40999984741211 31.440000534057617 AB 6.518774286457959 1.113273723244464
