data/validation/pwv_sim_epoch_fit_epoch/15662176.ecsv
# %ECSV 0.9
# ---
# datatype:
# - {name: time, datatype: float64}
# - {name: band, datatype: string}
# - {name: flux, datatype: float64}
# - {name: fluxerr, datatype: float64}
# - {name: zp, datatype: float64}
# - {name: zpsys, datatype: string}
# - {name: pwv, datatype: float64}
# - {name: airmass, datatype: float64}
# meta: {SNID: '15662176', alt: 1024.0, c: 0.04386867582798004, dec: -38.873585, lat: -30.244573, lon: -70.7499537, ra: 23.554688, t0: 62309.6796875,
#   x0: 0.00013738372723008443, x1: -0.05510653555393219, z: 0.14613471925258636}
# schema: astropy-2.0
time band flux fluxerr zp zpsys pwv airmass
62343.4346 lsst_hardware_r 11702.686214581157 136.5495017069744 31.65999984741211 AB 6.137040608725009 1.0151139563420095
62345.4381 lsst_hardware_y 3422.6122407688117 87.9175529810712 30.079999923706055 AB 3.67377355217972 1.0204926533832555
62347.437 lsst_hardware_i 8573.33901116908 108.28595283395732 31.329999923706055 AB 3.844533320940847 1.0239346557903535
62351.4281 lsst_hardware_z 5599.27749272745 86.77965509472354 30.959999084472656 AB 2.2034078125842655 1.0257154841729843
62352.4315 lsst_hardware_i 6345.83544116433 86.47019094245157 31.270000457763672 AB 1.5121799029808598 1.0318525438286317
62354.4325 lsst_hardware_r 6482.598826802718 85.66466013693835 31.549999237060547 AB 3.009120000785829 1.0395393830443904
62356.4265 lsst_hardware_g 2104.2433507168166 47.66626871296493 31.489999771118164 AB 1.940221689299389 1.0388479507225
62358.361 lsst_hardware_i 4841.352932842029 75.05466001558834 31.260000228881836 AB 5.185522199816883 1.014283070868828
62358.3731 lsst_hardware_z 3950.2577267395336 74.37857234239972 30.950000762939453 AB 5.181038433529479 1.0111809579955071
62360.2352 lsst_hardware_i 12891.97900409383 125.96692852779833 32.400001525878906 AB 3.577287190888406 1.320560072927704
62360.2613 lsst_hardware_z 3694.667422118706 74.12619772749761 30.940000534057617 AB 3.4636805631071956 1.1982289770896664
62362.4133 lsst_hardware_r 4982.077622890799 73.99332498157798 31.489999771118164 AB 3.5687966473998745 1.0430503134297455
62362.4245 lsst_hardware_i 4082.0674565368454 72.41085421011938 31.260000228881836 AB 4.51597840928165 1.0604207285414018
62367.3867 lsst_hardware_g 2.4772312209574565 13.279999732971191 31.40999984741211 AB 1.9563775979614668 1.027869140785359
62367.3984 lsst_hardware_r -69.7604506091116 22.040000915527344 31.489999771118164 AB 1.967132024304715 1.0413615798330942
62369.3849 lsst_hardware_i -63.34669022650732 40.93000030517578 31.299999237060547 AB 1.1348110160344236 1.0316463782131122
62369.3956 lsst_hardware_z -0.646355443531763 40.790000915527344 30.950000762939453 AB 1.1495171833127917 1.045015621193447
62375.3266 lsst_hardware_r 61.76253821712861 72.08999633789062 31.65999984741211 AB 3.040814758180742 1.0111893005090313
62375.3366 lsst_hardware_i 43.43394484358395 58.279998779296875 31.329999923706055 AB 2.747250371483091 1.011630184662977
62378.2488 lsst_hardware_r -24.40198458508737 74.98999786376953 32.79999923706055 AB 3.036479204323501 1.0880838047026402
62378.2678 lsst_hardware_z 13.927881449578587 46.06999969482422 30.959999084472656 AB 2.9246537133269586 1.0521283256864677
62382.3739 lsst_hardware_i -44.13386961482087 31.030000686645508 31.25 AB 1.0968194495492574 1.0676373616637806
62382.3864 lsst_hardware_z 12.308941020241674 42.0099983215332 30.940000534057617 AB 1.252806837613846 1.0938360049014952
62385.38 lsst_hardware_r -3.8180288753304343 22.260000228881836 31.479999542236328 AB 0.7693774526833048 1.0980648706231753
62385.3906 lsst_hardware_g -10.89261776434671 13.420000076293945 31.3799991607666 AB 0.842235294093662 1.1257321819028676
62387.3778 lsst_hardware_r 7.794827525197371 22.18000030517578 31.469999313354492 AB 2.4874074366767553 1.1060879433825341
62387.389 lsst_hardware_i -42.95775286962483 30.68000030517578 31.239999771118164 AB 2.5765971152009506 1.1369848268887037
62389.362 lsst_hardware_i -21.91829202249062 30.450000762939453 31.239999771118164 AB 3.866541323181657 1.0820544747709862
62389.3726 lsst_hardware_z -113.64025390341544 41.84000015258789 30.940000534057617 AB 3.999045252564459 1.1067468411156252
62390.3577 lsst_hardware_r 21.97428152093608 22.209999084472656 31.479999542236328 AB 3.3837019910436283 1.0787572766345255
62390.3692 lsst_hardware_u -3.1066627852633406 2.5899999141693115 28.360000610351562 AB 3.310751294076595 1.1050571742578754
62393.3565 lsst_hardware_g -25.802495616247665 13.59000015258789 31.389999389648438 AB 1.603466947317305 1.0941432598547107
62393.3677 lsst_hardware_r 41.551141389656955 22.709999084472656 31.479999542236328 AB 1.6648654378951606 1.1227596523964218
62395.3536 lsst_hardware_i -39.487440133970836 30.989999771118164 31.239999771118164 AB 4.515669647190871 1.1002423456639367
62395.3655 lsst_hardware_z 51.61934962287141 42.77000045776367 30.940000534057617 AB 4.662148072106674 1.1320701929475683
62399.343 lsst_hardware_z 26.82707291348634 56.20000076293945 30.969999313354492 AB 5.662018546464825 1.1010245107369616
62399.355 lsst_hardware_r -10.922336078558564 57.400001525878906 31.610000610351562 AB 5.782124572471311 1.1333054826482383
62404.1594 lsst_hardware_r -35.042966177692236 79.87999725341797 31.6299991607666 AB 6.158168214733325 1.1359139599237564
62404.1772 lsst_hardware_y -44.74371300027579 53.06999969482422 30.030000686645508 AB 6.762866277030029 1.0894669797873586
62409.0805 lsst_hardware_r 10.656695918367253 23.719999313354492 31.420000076293945 AB 5.399551498737169 1.4565498029637904
62409.0998 lsst_hardware_z 62.475691291698425 45.04999923706055 30.920000076293945 AB 5.137426041295305 1.3297336718767225
62411.3173 lsst_hardware_g 4.840325869551065 17.270000457763672 31.469999313354492 AB 3.557680888244 1.119295544516003
62411.3292 lsst_hardware_i 7.690109137040973 32.63999938964844 31.239999771118164 AB 3.667422467368978 1.1549118146336317
62413.2874 lsst_hardware_z -18.562945754261726 41.15999984741211 30.950000762939453 AB 2.9098179937793014 1.064210658783568
62413.299 lsst_hardware_r -11.959177008900893 22.290000915527344 31.479999542236328 AB 2.87901793998476 1.0875504542392143
62414.3113 lsst_hardware_u 0.22286331519203503 2.619999885559082 28.360000610351562 AB 7.775646152325712 1.1253829822933779
62414.3236 lsst_hardware_g -11.093584992302688 13.5600004196167 31.3700008392334 AB 8.031565618140835 1.1635312908827227
62416.3087 lsst_hardware_r -13.33349162564328 22.600000381469727 31.469999313354492 AB 5.262371044683419 1.133643051418229
62416.3197 lsst_hardware_i -6.941231606625984 31.329999923706055 31.219999313354492 AB 5.584136405945901 1.1688814692881457
62418.2737 lsst_hardware_i 40.35023423975778 30.360000610351562 31.25 AB 2.746414414148887 1.0641236308090356
62418.2851 lsst_hardware_z 113.30935112770274 41.599998474121094 30.940000534057617 AB 2.8059087502815445 1.0869997741276645
62422.2482 lsst_hardware_i 22.851378981357772 29.979999542236328 31.25 AB 6.054195918365944 1.0413133674520214
62422.2595 lsst_hardware_z -71.08306421460458 40.970001220703125 30.950000762939453 AB 5.877566346650376 1.0583852965156346
62423.218 lsst_hardware_z -3.764189165912823 58.099998474121094 31.700000762939453 AB 6.400953680607631 1.016024393747243
62423.2305 lsst_hardware_r 24.10514356640751 31.139999389648438 32.2400016784668 AB 6.456232713602601 1.0247988434289843
62425.2942 lsst_hardware_g -13.834703457000854 13.460000038146973 31.360000610351562 AB 8.219275678425424 1.1656893601510683
62425.3053 lsst_hardware_r 5.48990781668977 22.950000762939453 31.459999084472656 AB 8.512023737949301 1.2068371754458826
62427.2907 lsst_hardware_i -48.4326107796545 48.31999969482422 31.290000915527344 AB 6.030128509488916 1.172492418722325
62427.3018 lsst_hardware_z -16.169384877724173 51.2599983215332 30.950000762939453 AB 7.456849647009507 1.214800376922619
62429.2415 lsst_hardware_i 66.16236647801487 68.51000213623047 31.329999923706055 AB 1.1853187149819515 1.0602925516051747
62429.2527 lsst_hardware_z -48.684932389146894 62.66999816894531 30.979999542236328 AB 1.3663987212957729 1.0818675544701288
62435.2764 lsst_hardware_i -104.35033209371198 50.31999969482422 31.290000915527344 AB 1.6807203796060084 1.2005145568614346
62435.2879 lsst_hardware_z -44.824213351750736 52.79999923706055 30.950000762939453 AB 1.7491449005048898 1.2493892146463499
62437.2336 lsst_hardware_z -20.523353462275985 45.91999816894531 30.959999084472656 AB 2.933357910478681 1.087839017422012
62437.2444 lsst_hardware_r -0.925162469424398 41.63999938964844 31.59000015258789 AB 2.9948433786400046 1.114153042648811
62438.2749 lsst_hardware_g -9.009927960936507 34.72999954223633 31.610000610351562 AB 3.220822232053174 1.2279934798447938
62438.2855 lsst_hardware_r -19.09281022181912 37.13999938964844 31.540000915527344 AB 3.335221953874734 1.277128835487065
62440.273 lsst_hardware_i 15.978628197104333 33.400001525878906 31.229999542236328 AB 4.726053643807797 1.2436983273178412
62440.2831 lsst_hardware_z 15.568104166667672 45.209999084472656 30.93000030517578 AB 4.912321269076337 1.2927161234411413
62442.2258 lsst_hardware_i 38.47733241363345 30.649999618530273 31.229999542236328 AB 4.921350954252293 1.101527828157863
62442.2369 lsst_hardware_z 93.72913172764302 42.45000076293945 30.93000030517578 AB 5.0431976630621556 1.1312691034233069
62451.1818 lsst_hardware_i -6.724344838756041 29.979999542236328 31.239999771118164 AB 0.7927862615309346 1.0609384563808701
62451.1933 lsst_hardware_z 65.67221689436927 41.2599983215332 30.940000534057617 AB 0.771040317365745 1.083302167005383
62454.1791 lsst_hardware_i 34.47912642255567 39.16999816894531 31.290000915527344 AB 4.301641320829607 1.0710369294122464
62456.116 lsst_hardware_z -141.54513055033286 71.55999755859375 31.719999313354492 AB 5.856827657056778 1.0117457732513941
62458.2034 lsst_hardware_r 80.92485731025633 73.1500015258789 31.6200008392334 AB 6.405749138086092 1.1633244496123176
62458.2159 lsst_hardware_y 77.7461143076761 53.4900016784668 29.989999771118164 AB 5.5254906541535735 1.209674490537781
62460.0814 lsst_hardware_i 24.217740637584548 67.54000091552734 31.34000015258789 AB 6.607253024871303 1.0147831400509966
62460.0941 lsst_hardware_z -40.52156046125927 61.13999938964844 30.989999771118164 AB 5.850040489513032 1.0112429541076977
62461.0837 lsst_hardware_r -37.22014093887457 83.5 31.65999984741211 AB 3.323665847090428 1.012849564860521
62461.0953 lsst_hardware_z -19.67350251133629 59.47999954223633 30.979999542236328 AB 3.2803338891046296 1.01104450272912
62463.0851 lsst_hardware_r -20.536224453298104 58.41999816894531 31.649999618530273 AB 6.921588204420347 1.0113366751052524
62463.0981 lsst_hardware_i 34.07177406239518 53.400001525878906 31.329999923706055 AB 6.910731508733533 1.012005346327398
62465.0285 lsst_hardware_i -5.49851698922537 34.02000045776367 31.270000457763672 AB 6.622640810519729 1.0549526061466143
62468.1538 lsst_hardware_i -4.050831352140289 30.6200008392334 31.239999771118164 AB 4.672931175859956 1.0990822052199034
62468.1644 lsst_hardware_r 11.464554652954327 22.440000534057617 31.479999542236328 AB 4.813871485750218 1.126930507783898
62473.1102 lsst_hardware_i 6.251431515462795 30.110000610351562 31.25 AB 6.833270126149511 1.043014447149443
62473.1227 lsst_hardware_z 25.05938466137868 41.290000915527344 30.940000534057617 AB 6.961935543135406 1.062653636920566
62479.0834 lsst_hardware_z -56.51977233369443 40.790000915527344 30.959999084472656 AB 6.416926629433742 1.0304177646622852
62479.0961 lsst_hardware_i 16.66430639084158 30.190000534057617 31.260000228881836 AB 6.392962593790005 1.046225774288627
62481.0738 lsst_hardware_z -106.15669272361085 41.220001220703125 30.950000762939453 AB 10.23718541091007 1.026318548079475
62481.0863 lsst_hardware_g 1.312581471748268 18.479999542236328 31.530000686645508 AB 11.082302574342576 1.040266199093433
