data/validation/pwv_sim_epoch_fit_epoch/15722723.ecsv
# %ECSV 0.9
# ---
# datatype:
# - {name: time, datatype: float64}
# - {name: band, datatype: string}
# - {name: flux, datatype: float64}
# - {name: fluxerr, datatype: float64}
# - {name: zp, datatype: float64}
# - {name: zpsys, datatype: string}
# - {name: pwv, datatype: float64}
# - {name: airmass, datatype: float64}
# meta: {SNID: '15722723', alt: 1024.0, c: 0.05975566431879997, dec: 0.447628, lat: -30.244573, lon: -70.7499537, ra: 22.148438, t0: 62835.34375,
#   x0: 4.285733524640082e-06, x1: -0.5811071991920471, z: 0.65374755859375}
# schema: astropy-2.0
time band flux fluxerr zp zpsys pwv airmass
62705.3368 lsst_hardware_r 23.952173770995888 53.33000183105469 32.27000045776367 AB 6.090630702451114 1.3593893504959242
62705.361 lsst_hardware_y 37.02494586592265 71.69000244140625 30.729999542236328 AB 5.616946816157205 1.2586995666458722
62708.4407 lsst_hardware_g 26.352993638151958 34.869998931884766 31.6200008392334 AB 7.1377938793196725 1.1812324381045354
62712.3543 lsst_hardware_r 64.11560363251219 25.25 31.479999542236328 AB 5.853397509460025 1.223216657324074
62712.3769 lsst_hardware_u 1.4848243530949758 2.7100000381469727 28.329999923706055 AB 5.63696631173054 1.1813411760525059
62717.361 lsst_hardware_g 3.5289925646297653 21.860000610351562 32.15999984741211 AB 2.220577212389225 1.1843078466075867
62717.3852 lsst_hardware_r 10.651206635716115 24.829999923706055 31.479999542236328 AB 2.3848161446106784 1.1653145099490243
62721.353 lsst_hardware_i -87.45060328721395 46.34000015258789 31.989999771118164 AB 3.0262385758308006 1.1805104645331777
62721.3773 lsst_hardware_z 37.12949559699806 61.65999984741211 31.690000534057617 AB 1.6308483274199383 1.1648916624428132
62724.3531 lsst_hardware_r -78.39325481262564 60.540000915527344 31.600000381469727 AB 6.3288990157326985 1.172018336246796
62724.3764 lsst_hardware_z 19.722398473960823 51.75 30.950000762939453 AB 7.055873884239856 1.1656179324184783
62732.3323 lsst_hardware_r -6.444105770764095 67.05999755859375 31.610000610351562 AB 3.1378137686468595 1.1711902091371962
62732.3506 lsst_hardware_z 44.15004565726566 59.619998931884766 30.969999313354492 AB 2.709314466520722 1.1649207638485315
62734.3236 lsst_hardware_r -101.45822216852056 35.939998626708984 31.559999465942383 AB 1.6564427072244674 1.1739494735821883
62734.3433 lsst_hardware_y -7.684647084205553 49.189998626708984 30.010000228881836 AB 2.1995175427152014 1.1648444552973396
62737.3237 lsst_hardware_g -23.916932510764525 15.199999809265137 31.43000030517578 AB 3.642749911746936 1.167891179058036
62737.3417 lsst_hardware_r 22.613276435748425 24.75 31.5 AB 3.759286675789423 1.1658510391655832
62739.2887 lsst_hardware_i -21.237210509474 32.900001525878906 31.239999771118164 AB 2.6752349654148717 1.2050155619150353
62739.3064 lsst_hardware_z -15.33008551561873 43.779998779296875 30.940000534057617 AB 3.2429919624198416 1.1775569943427167
62741.281 lsst_hardware_r 17.685160262885464 24.43000030517578 31.479999542236328 AB 4.416919550614646 1.2096730556731732
62741.2988 lsst_hardware_u 2.0892853488603653 2.7200000286102295 28.3700008392334 AB 3.6360639237471792 1.1800293997448656
62743.2851 lsst_hardware_g -25.906148686242407 15.0 31.40999984741211 AB 3.2843060162943627 1.1916930392940357
62743.3042 lsst_hardware_i -15.382173724888817 32.060001373291016 31.229999542236328 AB 3.4830471170757713 1.169789124122845
62746.1893 lsst_hardware_r -4.658908230322286 25.489999771118164 31.399999618530273 AB 4.067508674815792 1.6170317739867317
62746.2121 lsst_hardware_u -0.05812606031271693 3.5799999237060547 28.889999389648438 AB 3.1354180643408895 1.4336070402777927
62746.2386 lsst_hardware_g -17.623100477598392 15.079999923706055 31.360000610351562 AB 2.8499358185797616 1.2966532634296544
62750.2888 lsst_hardware_i -47.7331515138532 32.619998931884766 31.25 AB 0.9702651061905224 1.167587372070424
62750.3076 lsst_hardware_z -5.891071433387293 43.66999816894531 30.940000534057617 AB 0.8164286586123854 1.1663266551605507
62752.2471 lsst_hardware_z 60.864110693009046 51.7400016784668 30.950000762939453 AB 2.9406682163892426 1.218382715763937
62752.2718 lsst_hardware_r -25.41324269647209 53.5099983215332 31.59000015258789 AB 3.3122188388683633 1.1765970831656956
62754.2451 lsst_hardware_z 28.212906558946592 92.0199966430664 31.719999313354492 AB 4.432245560772719 1.2105550511942968
62756.2351 lsst_hardware_r -241.49444038133953 134.5 31.6200008392334 AB 3.7084802253448723 1.2209658336297868
62756.2541 lsst_hardware_z 133.66328138280699 88.91999816894531 30.979999542236328 AB 4.345464097799716 1.1849111337392426
62759.2345 lsst_hardware_r 1.0632068755263917 104.19000244140625 31.6200008392334 AB 1.14400088259129 1.20421145536122
62759.2535 lsst_hardware_y 46.52500165910867 60.90999984741211 30.020000457763672 AB 2.9519294364616737 1.1757552189836724
62761.2292 lsst_hardware_g -62.695682375455256 57.31999969482422 31.649999618530273 AB 2.1080155374063048 1.203892368592978
62761.2475 lsst_hardware_r -30.498851820873245 60.7599983215332 31.610000610351562 AB 2.1157940269245668 1.1763124686385658
62763.2212 lsst_hardware_r 12.061242972298945 29.93000030517578 31.530000686645508 AB 7.1591693629890285 1.209114906770567
62763.2411 lsst_hardware_i -10.59821791977715 36.77000045776367 31.260000228881836 AB 7.057228861336176 1.1773167204586035
62768.1844 lsst_hardware_u -2.710078696175514 2.5999999046325684 28.239999771118164 AB 4.7562082179065746 1.2744395010467777
62769.1977 lsst_hardware_r -35.720938321452536 24.81999969482422 31.479999542236328 AB 7.632114362165845 1.2256978941125731
62769.2168 lsst_hardware_z 15.34782332853382 43.790000915527344 30.940000534057617 AB 7.121251736105962 1.1875185285539605
62770.2471 lsst_hardware_r -12.567668200970754 24.479999542236328 31.489999771118164 AB 3.558154608612585 1.1649529439964206
62775.1776 lsst_hardware_r -13.100922199542152 25.15999984741211 31.469999313354492 AB 5.860192788242582 1.2355456015692527
62775.1957 lsst_hardware_i -54.93344408979082 33.09000015258789 31.229999542236328 AB 5.683960237582873 1.1951135907448491
62779.1568 lsst_hardware_r 43.894977412691404 38.70000076293945 31.559999465942383 AB 5.362878504307922 1.2659494846399424
62779.1746 lsst_hardware_z 5.6551533966480925 46.93000030517578 30.940000534057617 AB 7.571907468289912 1.2155570517656047
62784.1783 lsst_hardware_z -51.0926385805368 95.37000274658203 30.979999542236328 AB 4.12236668789294 1.1840210688060144
62784.1959 lsst_hardware_r -74.47862994961325 140.1300048828125 31.6299991607666 AB 3.9874489416872416 1.1676278013725452
62786.1703 lsst_hardware_i 112.27486135771862 128.9499969482422 31.31999969482422 AB 7.235928539396157 1.1876455639669807
62786.1884 lsst_hardware_z 90.343461773239 107.16999816894531 30.989999771118164 AB 7.161411300945169 1.168764764597732
62788.1709 lsst_hardware_r 12.985090441536354 95.30000305175781 31.6299991607666 AB 9.48932994322763 1.1795313788971573
62788.1885 lsst_hardware_z -8.867530373960408 69.83999633789062 30.979999542236328 AB 9.513240326421128 1.166124090024654
62790.1742 lsst_hardware_g 38.161418475146846 50.7400016784668 31.65999984741211 AB 8.869393680932301 1.1710058771172744
62790.1916 lsst_hardware_i 10.941370132999248 51.91999816894531 31.290000915527344 AB 8.843614257183107 1.164885195563201
62792.1391 lsst_hardware_r 51.64581958251282 25.219999313354492 31.489999771118164 AB 7.43239928005756 1.2155698544498
62792.1562 lsst_hardware_z -30.078691308258154 43.86000061035156 30.940000534057617 AB 7.27303733658014 1.1843730226484148
62795.1404 lsst_hardware_r -48.28745409961961 25.200000762939453 31.510000228881836 AB 3.18622124588483 1.1963283776789098
62795.1573 lsst_hardware_u -1.2261147508265202 2.9200000762939453 28.5 AB 3.1495165805148773 1.1737328871484014
62798.1671 lsst_hardware_i 44.087002383667226 32.95000076293945 31.25 AB 2.711604981929219 1.1649038693713754
62798.1842 lsst_hardware_z -70.03564220041821 44.09000015258789 30.940000534057617 AB 2.548479451305506 1.1705486264902767
62800.1399 lsst_hardware_r 2.7706477736355057 35.36000061035156 32.25 AB 2.9602667602697874 1.1775126333610928
62800.1565 lsst_hardware_u -2.0054127440031753 4.070000171661377 29.229999542236328 AB 2.8703803596164223 1.1658734198279537
62802.1404 lsst_hardware_g -4.990591492709132 15.600000381469727 31.440000534057617 AB 3.3855800585796167 1.1718188838464205
62802.1585 lsst_hardware_i 60.61548286629933 32.709999084472656 31.25 AB 3.400832070748373 1.1648679810749691
62818.0868 lsst_hardware_z 340.5058632405844 55.05381050455071 30.950000762939453 AB 4.110563369259095 1.1822438566524254
62818.1043 lsst_hardware_r 510.2807434225151 59.33976265388237 31.610000610351562 AB 4.040550786237487 1.1670303375658855
62821.101 lsst_hardware_r 635.0919631326512 35.6906901744279 31.479999542236328 AB 6.74542088999896 1.1653812473723124
62821.1206 lsst_hardware_z 491.68683423080637 48.72473480270914 30.93000030517578 AB 6.7572786560743285 1.1699733630497713
62824.0608 lsst_hardware_i 806.3223020988967 43.78233156991985 31.229999542236328 AB 5.6313025348014865 1.1970670212683183
62824.0807 lsst_hardware_r 934.3879075861771 39.19234897796008 31.479999542236328 AB 5.522147800016738 1.1715185206173688
62830.0604 lsst_hardware_r 1168.494967170583 42.9818836385845 31.479999542236328 AB 6.069625963556242 1.174993733669015
62830.0801 lsst_hardware_i 1269.1340334568308 47.34098276374397 31.229999542236328 AB 6.014635196140764 1.1648744731066685
62832.0647 lsst_hardware_z 922.3215632457591 53.25746476923018 30.940000534057617 AB 4.308781829978009 1.1676915528395686
62832.086 lsst_hardware_r 1226.6268716447312 43.56876062256485 31.489999771118164 AB 4.4503093002582155 1.1672942426907111
62834.0669 lsst_hardware_u 8.162395329668376 2.8924865774153705 28.3700008392334 AB 6.37316549602347 1.1651125221249488
62834.0864 lsst_hardware_g 234.15748579519803 21.328080561882835 31.420000076293945 AB 5.886556957637387 1.1709104145943616
62839.0338 lsst_hardware_y 434.6970792784799 62.65592706712494 30.020000457763672 AB 5.226241164315407 1.1770813433142808
62839.0524 lsst_hardware_r 1181.3311823765541 81.13558541489087 31.6200008392334 AB 4.05336168026254 1.165261371356269
62845.0333 lsst_hardware_y 414.72706426502714 71.91477347317462 30.020000457763672 AB 8.459968082172967 1.165967416486644
62845.0492 lsst_hardware_r 1040.3278488163207 97.2279599400919 31.6200008392334 AB 8.912668270740456 1.1667068751921112
63065.4281 lsst_hardware_r -14.89818785243031 37.22999954223633 32.2599983215332 AB 2.482365154539781 1.1666620394970184
63067.3799 lsst_hardware_r 26.107884056067196 36.560001373291016 32.2400016784668 AB 5.74194466067598 1.229384907811511
63069.4271 lsst_hardware_g -7.612019243793898 17.350000381469727 31.479999542236328 AB 5.824588526586596 1.1649177053173192
63079.2454 lsst_hardware_r 161.52717705586628 133.30999755859375 32.58000183105469 AB 9.187830269526083 2.056516511868854
63079.2893 lsst_hardware_z 10.75308241528617 84.44000244140625 31.670000076293945 AB 6.674534703927118 1.5116432282178995
63083.3133 lsst_hardware_z 9.694680503489577 70.4800033569336 30.950000762939453 AB 1.9834929594725692 1.30672058817847
63083.3405 lsst_hardware_r 186.61672129828352 91.87000274658203 31.610000610351562 AB 2.5222349195976554 1.2187162889137049
63088.3144 lsst_hardware_r -12.140841937215534 39.13999938964844 31.559999465942383 AB 6.042212781035789 1.252877961232193
63088.3341 lsst_hardware_z -17.6826055936095 47.90999984741211 30.950000762939453 AB 6.143702442057401 1.2030356271774552
63091.376 lsst_hardware_g -0.09849910062907152 16.389999389648438 31.450000762939453 AB 5.205160035209791 1.167294345403055
63091.3951 lsst_hardware_i -17.223622811120208 33.25 31.239999771118164 AB 5.328907467034571 1.1850794960047228
63094.3705 lsst_hardware_u 0.7961166205978026 2.799999952316284 28.43000030517578 AB 6.398075151674465 1.1687405136103877
63094.3887 lsst_hardware_g -19.304746286169546 15.350000381469727 31.43000030517578 AB 5.772371426362432 1.1876696520472059
63100.2514 lsst_hardware_i -23.359423639989878 34.18000030517578 31.200000762939453 AB 2.4139129373125354 1.3820112236522148
63100.2681 lsst_hardware_z 41.460941067059316 45.47999954223633 30.93000030517578 AB 2.2820958003871827 1.3016992872253157
63102.286 lsst_hardware_r -13.558122213605008 24.850000381469727 31.479999542236328 AB 3.4763640630145596 1.2251503305778184
63110.2769 lsst_hardware_z -65.91453210085957 76.0999984741211 30.969999313354492 AB 2.0088598241390354 1.1976509285407604
63110.2926 lsst_hardware_r -119.26786561103657 111.61000061035156 31.6299991607666 AB 1.8163413570441937 1.175625473815012
63113.2738 lsst_hardware_r -9.356743057544428 117.70999908447266 31.6200008392334 AB 2.6382903709625465 1.189133280181436
63113.2928 lsst_hardware_y -65.95607084297649 63.93000030517578 30.020000457763672 AB 2.719413726924486 1.1688443254806344
63115.2666 lsst_hardware_z -4.594796519112881 59.43000030517578 30.959999084472656 AB 0.9827152698007487 1.1918923830209203
63115.2858 lsst_hardware_r -35.397901648591606 68.08000183105469 31.6200008392334 AB 0.950785073359243 1.1698370634995299
63118.2295 lsst_hardware_r -19.81248729475558 24.760000228881836 31.459999084472656 AB 3.96198311355853 1.2625822541611684
63118.2483 lsst_hardware_i -42.308455558835995 34.20000076293945 31.239999771118164 AB 3.6642040600604355 1.211106944326453
63121.2324 lsst_hardware_z -34.39032761193432 43.9900016784668 30.93000030517578 AB 3.71606252086119 1.2296021135590989
63121.2508 lsst_hardware_r 24.474082074798314 24.3799991607666 31.479999542236328 AB 4.389464264117825 1.190955303640542
63123.2332 lsst_hardware_u -2.9347387772786653 2.7300000190734863 28.360000610351562 AB 1.4749971126823234 1.2143225406277023
63123.253 lsst_hardware_g -13.254158178418153 15.239999771118164 31.43000030517578 AB 2.4496860044560442 1.180192390134832
63132.2311 lsst_hardware_r -25.54378689761319 24.68000030517578 31.479999542236328 AB 2.348571452153446 1.1771304580168085
63136.2218 lsst_hardware_z -20.07129004267029 74.30999755859375 31.709999084472656 AB 3.9498838077914438 1.1754440455683297
63138.2427 lsst_hardware_r -8.515761808512478 104.1500015258789 31.6299991607666 AB 5.37143898341506 1.1655293166913319
63138.2614 lsst_hardware_z 85.37936868369209 73.4800033569336 30.979999542236328 AB 5.431097765021613 1.1782827086392373
63144.161 lsst_hardware_r -100.14683587459263 76.7699966430664 32.34000015258789 AB 5.253221739193488 1.2545007138372508
63144.1812 lsst_hardware_i 14.059644325769435 77.58000183105469 32.040000915527344 AB 7.584350073031966 1.203069410130649
63146.1821 lsst_hardware_z -106.95333834309399 44.040000915527344 30.93000030517578 AB 5.406721187793879 1.1916733263573616
63146.2003 lsst_hardware_r -15.599906732735544 31.559999465942383 31.530000686645508 AB 5.230432211993465 1.1704463691175544
63148.1772 lsst_hardware_u 0.040925082803308484 2.740000009536743 28.360000610351562 AB 3.9176378460803156 1.19077138178733
63148.1953 lsst_hardware_g 28.50213832476241 15.640000343322754 31.440000534057617 AB 3.7400902720987257 1.170118971352193
63150.1747 lsst_hardware_r 43.545468671121704 24.93000030517578 31.479999542236328 AB 4.618963423255923 1.186276026861442
63150.1925 lsst_hardware_z -48.436818882236544 43.52000045776367 30.93000030517578 AB 4.55607476539485 1.1684240294225745
63152.1741 lsst_hardware_r 22.305421194481365 25.149999618530273 31.489999771118164 AB 7.794152972377691 1.1798596688433478
63152.1917 lsst_hardware_u -1.6708925853151642 2.740000009536743 28.360000610351562 AB 7.471058754352021 1.166259562028328
63154.1698 lsst_hardware_g -21.89030595983408 15.739999771118164 31.440000534057617 AB 7.699543496439666 1.1785015555774998
63154.1877 lsst_hardware_r 23.76817514772362 25.010000228881836 31.5 AB 7.733854484549094 1.1657905463596712
63156.1411 lsst_hardware_r -41.37952697926779 25.299999237060547 31.489999771118164 AB 7.801340329929667 1.2189594265515105
63156.1591 lsst_hardware_i -4.384453906476364 32.90999984741211 31.229999542236328 AB 7.585040794652496 1.1851626241644524
63158.1354 lsst_hardware_z 30.27133051301141 43.97999954223633 30.93000030517578 AB 4.5886812096223855 1.2195290245275652
63158.1526 lsst_hardware_r 3.3299290105201913 24.899999618530273 31.489999771118164 AB 4.447556234100646 1.1866478746266398
63160.1404 lsst_hardware_u 4.779349751309345 2.809999942779541 28.399999618530273 AB 3.1896946408447686 1.1976325309805138
63160.1571 lsst_hardware_g 17.35483535109243 15.600000381469727 31.43000030517578 AB 3.1131646080102993 1.1746313449921213
63162.1422 lsst_hardware_r -16.147103967997037 31.579999923706055 31.540000915527344 AB 5.781835156468135 1.1858958376511404
63162.1585 lsst_hardware_z -32.390823414391576 44.869998931884766 30.940000534057617 AB 5.6348081758564 1.169168622441415
63164.1319 lsst_hardware_r 105.11754037903819 51.22999954223633 31.600000381469727 AB 5.243855858216773 1.1934128034175633
63164.1506 lsst_hardware_y 85.8307204579046 50.86000061035156 30.010000228881836 AB 5.122773477963916 1.1708527462348244
63167.1381 lsst_hardware_z -77.22648011250737 86.13999938964844 30.979999542236328 AB 3.320081909095318 1.1745226529036237
63167.155 lsst_hardware_r 318.5242272686022 122.8499984741211 31.6299991607666 AB 3.492791507503218 1.1651700792293622
63171.1208 lsst_hardware_z -99.32023527766367 72.4800033569336 30.969999313354492 AB 6.4698236649467376 1.1816130276136294
63171.1398 lsst_hardware_r 50.47610512916728 100.12000274658203 31.6200008392334 AB 5.388728124098325 1.1662651496804342
63180.0875 lsst_hardware_i 15.27423938586554 32.810001373291016 31.229999542236328 AB 11.348898654611796 1.194620911011768
63180.1053 lsst_hardware_u 1.4901360882736985 2.7899999618530273 28.40999984741211 AB 11.010502052901053 1.1721197316881289
63182.0894 lsst_hardware_g -13.324334686032072 15.180000305175781 31.399999618530273 AB 3.9521302105116725 1.1833906209739085
63182.1071 lsst_hardware_r -37.26851223727697 24.610000610351562 31.479999542236328 AB 3.955176213724927 1.1673786694716597
63190.0638 lsst_hardware_g -24.360878636829348 19.579999923706055 31.5 AB 7.878781265025037 1.1887715030467079
63190.0817 lsst_hardware_r -2.218654146358198 27.1299991607666 31.520000457763672 AB 7.626153504489176 1.169386414857015
63192.0676 lsst_hardware_i -31.69687920225312 41.08000183105469 31.260000228881836 AB 5.166062092909427 1.1767795200249265
63192.0867 lsst_hardware_z -35.14188397120106 47.400001525878906 30.940000534057617 AB 4.487851368964655 1.1651712771003
63194.0639 lsst_hardware_i -64.60370412930945 68.33999633789062 31.299999237060547 AB 8.93767689955526 1.1749794346478668
63194.0836 lsst_hardware_z -47.757359763228145 64.62000274658203 30.969999313354492 AB 9.311260093806377 1.1649268226955953
63196.0646 lsst_hardware_z 157.04131823305602 83.19000244140625 30.979999542236328 AB 5.090069943519451 1.1698620876854633
63196.083 lsst_hardware_r -25.445988402242655 115.13999938964844 31.6299991607666 AB 5.097153322187038 1.1652411770602085
63205.0346 lsst_hardware_y -57.00187539870529 54.849998474121094 30.010000228881836 AB 2.5674426969025013 1.174269633068949
63205.0536 lsst_hardware_z 17.773347427938436 43.41999816894531 30.940000534057617 AB 1.640793154823159 1.1649223676415754
63212.0358 lsst_hardware_y 49.46506021695444 56.61000061035156 30.010000228881836 AB 15.498104253332196 1.164898754407976
63212.0544 lsst_hardware_r 44.106325718981374 24.860000610351562 31.489999771118164 AB 15.950568247951036 1.1732672488378844
