data/validation/pwv_sim_epoch_fit_epoch/15740809.ecsv
# %ECSV 0.9
# ---
# datatype:
# - {name: time, datatype: float64}
# - {name: band, datatype: string}
# - {name: flux, datatype: float64}
# - {name: fluxerr, datatype: float64}
# - {name: zp, datatype: float64}
# - {name: zpsys, datatype: string}
# - {name: pwv, datatype: float64}
# - {name: airmass, datatype: float64}
# meta: {SNID: '15740809', alt: 1024.0, c: -0.11529748141765594, dec: -29.82786, lat: -30.244573, lon: -70.7499537, ra: 245.742188, t0: 62644.8984375,
#   x0: 5.240384696707325e-06, x1: 0.03892480954527855, z: 0.6010579466819763}
# schema: astropy-2.0
time band flux fluxerr zp zpsys pwv airmass
[from data line 133]
62999.1597 lsst_hardware_r 21.431724055821874 24.600000381469727 31.510000228881836 AB 7.701360961232907 1.1020048595883103
62999.1648 lsst_hardware_i -32.89907662631106 34.849998474121094 31.270000457763672 AB 7.552653079309902 1.08851381124305
63005.1595 lsst_hardware_r -8.979185794823868 24.469999313354492 31.520000457763672 AB 7.972523977567614 1.0630031970090152
63005.1777 lsst_hardware_u 1.3621474502898754 2.880000114440918 28.530000686645508 AB 8.653773792381745 1.0313468751162584
63010.1386 lsst_hardware_u 1.1958923425106662 2.809999942779541 28.450000762939453 AB 8.09787707627287 1.07911743381761
63010.1572 lsst_hardware_g -0.6164097834365801 15.59000015258789 31.469999313354492 AB 7.8197882785778035 1.0418512606356714
63013.0376 lsst_hardware_z 42.01917556467702 47.90999984741211 30.899999618530273 AB 9.203302128276906 1.5721390721347637
63013.0582 lsst_hardware_u -0.45370440043056176 2.9800000190734863 28.290000915527344 AB 8.080352016374974 1.3966960157366284
63015.0402 lsst_hardware_g 0.5532375139593065 26.3799991607666 31.469999313354492 AB 14.095575823755041 1.4965839383930442
63015.0583 lsst_hardware_r 39.11606958865868 31.93000030517578 31.520000457763672 AB 13.058980425426086 1.3582236070023752
63020.0438 lsst_hardware_z -74.52280834751267 75.9000015258789 30.950000762939453 AB 12.238138680262573 1.3638848412194764
63020.064 lsst_hardware_r 105.92840433457366 100.87000274658203 31.610000610351562 AB 11.158139555576023 1.2468239858732322
63022.0408 lsst_hardware_i 155.81265091656172 152.05999755859375 31.280000686645508 AB 13.721444995140935 1.3476619736592832
63022.0613 lsst_hardware_r -393.4062073003648 177.57000732421875 31.610000610351562 AB 11.72867174608146 1.2333852789625763
63031.0432 lsst_hardware_u -2.303908833692816 2.7200000286102295 28.34000015258789 AB 16.718445195629716 1.2039495808082084
63031.063 lsst_hardware_g 17.754427521924168 15.479999542236328 31.440000534057617 AB 15.696507297049095 1.1297937701437097
63036.0738 lsst_hardware_i 70.8954209513704 31.649999618530273 31.260000228881836 AB 4.094734424921538 1.0652274778672055
63040.063 lsst_hardware_i -26.51424329517586 31.399999618530273 31.25 AB 3.1949093598648797 1.0649697866216266
63046.0469 lsst_hardware_r 0.30777900995305024 44.77000045776367 31.6200008392334 AB 3.6529289952147437 1.0643732503539463
63046.0661 lsst_hardware_z -44.08041131837288 47.029998779296875 30.969999313354492 AB 3.5136897133421834 1.030860998486872
63047.9521 lsst_hardware_y -48.09477863471535 95.6500015258789 29.90999984741211 AB 11.076475145723704 1.479279509295009
63047.9704 lsst_hardware_r -22.406119086355172 89.97000122070312 31.579999923706055 AB 10.478045431890687 1.3438560256368712
63050.9621 lsst_hardware_z 39.183585591658805 141.6300048828125 31.709999084472656 AB 11.042704804852317 1.3445533728195116
63052.9547 lsst_hardware_y 48.70434488039648 75.66999816894531 29.959999084472656 AB 7.614538829587374 1.3571943373295758
63052.9736 lsst_hardware_g 25.765757646029932 23.81999969482422 31.530000686645508 AB 8.120811277875465 1.2482993279341075
63062.9695 lsst_hardware_y -49.15721288072953 50.61000061035156 30.010000228881836 AB 4.8439221597961355 1.1503931665126985
63062.9893 lsst_hardware_i 66.50663595243671 31.739999771118164 31.25 AB 4.621645444555197 1.0904393498753906
63065.9626 lsst_hardware_y 58.460188602431586 60.97999954223633 30.020000457763672 AB 2.3857338544057662 1.1458856169095901
63065.9822 lsst_hardware_g -4.275935135583599 15.149999618530273 31.43000030517578 AB 2.281013002469522 1.0876641512212613
63067.9701 lsst_hardware_y -0.7975627937150194 49.970001220703125 30.030000686645508 AB 6.05440260653653 1.1053558799665038
63067.9899 lsst_hardware_i -33.19137430049305 31.440000534057617 31.260000228881836 AB 5.759211420742078 1.0580950616832772
63070.976 lsst_hardware_r -42.18444471455309 25.34000015258789 31.530000686645508 AB 5.97396733729227 1.070060125496421
63070.9977 lsst_hardware_i -18.573138071950087 31.639999389648438 31.270000457763672 AB 5.735151840494417 1.0310539796241593
63073.9705 lsst_hardware_y 42.630031080984786 51.13999938964844 30.049999237060547 AB 4.603628921734665 1.0642588244743774
63073.991 lsst_hardware_z 78.45180708531525 44.2400016784668 30.959999084472656 AB 4.470626778360682 1.028991893131966
63075.9706 lsst_hardware_y -9.504602411228069 55.869998931884766 30.059999465942383 AB 4.711080076631568 1.053167177473105
63075.9893 lsst_hardware_r 26.859983589073227 68.54000091552734 31.65999984741211 AB 4.553519325744991 1.0241257971875155
