data/validation/pwv_sim_epoch_fit_epoch/15794754.ecsv
# %ECSV 0.9
# ---
# datatype:
# - {name: time, datatype: float64}
# - {name: band, datatype: string}
# - {name: flux, datatype: float64}
# - {name: fluxerr, datatype: float64}
# - {name: zp, datatype: float64}
# - {name: zpsys, datatype: string}
# - {name: pwv, datatype: float64}
# - {name: airmass, datatype: float64}
# meta: {SNID: '15794754', alt: 1024.0, c: 0.01865723729133606, dec: -12.177298, lat: -30.244573, lon: -70.7499537, ra: 133.945312, t0: 61815.33203125,
#   x0: 3.3177758482869463e-06, x1: 1.537227749824524, z: 0.7252923250198364}
# schema: astropy-2.0
time band flux fluxerr zp zpsys pwv airmass
61747.3454 lsst_hardware_r 28.12106292639204 25.520000457763672 31.520000457763672 AB 6.632652069812317 1.0533034889331931
61749.3213 lsst_hardware_z 62.02823864077468 58.650001525878906 31.700000762939453 AB 10.704327717217305 1.0672310784862717
61749.341 lsst_hardware_y -29.35910821618575 49.08000183105469 30.049999237060547 AB 9.639187118019267 1.0529068926817455
61751.3386 lsst_hardware_z -5.870956043232221 49.880001068115234 30.969999313354492 AB 12.207567159620707 1.0519986062150886
61753.3394 lsst_hardware_r -62.7069922751112 88.30999755859375 31.649999618530273 AB 8.923497117903134 1.0512248234394388
61755.3303 lsst_hardware_r -48.64010220027692 84.20999908447266 31.649999618530273 AB 11.132802006105944 1.0514965002070324
61755.3495 lsst_hardware_y -51.57696207281109 62.34000015258789 30.059999465942383 AB 11.2763829115179 1.0556050405255768
61757.3034 lsst_hardware_z 66.49744080452899 114.01000213623047 32.4900016784668 AB 7.418141151393609 1.0631644211291584
61759.3229 lsst_hardware_i 15.15430345707807 38.43000030517578 31.280000686645508 AB 4.628538259224803 1.0512237699806504
61759.3438 lsst_hardware_y -35.25426925735682 50.06999969482422 30.040000915527344 AB 5.151511372766386 1.0591100684141417
61762.2931 lsst_hardware_z -25.248669613559784 41.709999084472656 30.940000534057617 AB 7.159614240566732 1.0601862198820404
61762.3132 lsst_hardware_r -1.2403243530574593 23.459999084472656 31.5 AB 7.120687723299812 1.0512826363139487
61765.2997 lsst_hardware_r 7.032721041239598 22.610000610351562 31.489999771118164 AB 8.950054540364784 1.0521636279279634
61765.3196 lsst_hardware_z 35.450700506483834 41.45000076293945 30.950000762939453 AB 8.987575933966374 1.054240495861239
61769.281 lsst_hardware_g -14.171669127673502 13.770000457763672 31.420000076293945 AB 9.181556635226366 1.055351337382341
61769.3022 lsst_hardware_r 32.429440523206885 22.59000015258789 31.5 AB 9.788377772945989 1.0519481754912399
61771.2862 lsst_hardware_i 26.8319148731113 30.34000015258789 31.25 AB 7.438089014223909 1.0515526069333936
61771.3053 lsst_hardware_z -10.352446446565876 41.130001068115234 30.950000762939453 AB 7.504063872642742 1.0553073778271658
61773.2888 lsst_hardware_r 3.2837514562456085 22.600000381469727 31.489999771118164 AB 4.604797437232976 1.051483658981498
61773.3085 lsst_hardware_u 0.2425207726939732 2.6600000858306885 28.40999984741211 AB 4.911135143117114 1.0615227803127882
61775.2599 lsst_hardware_u 1.791684983922092 2.630000114440918 28.389999389648438 AB 11.069042323218612 1.0583944850886322
61775.282 lsst_hardware_g -15.871609332974822 13.729999542236328 31.40999984741211 AB 10.945020305320549 1.051327513958813
61777.257 lsst_hardware_r 4.155183997288651 22.600000381469727 31.489999771118164 AB 9.907725735319902 1.0566362319928797
61777.2801 lsst_hardware_z 71.58761958602018 41.16999816894531 30.940000534057617 AB 9.905261961350195 1.0518862259840915
61779.2532 lsst_hardware_r 2.13676942184728 62.52000045776367 32.369998931884766 AB 8.369728410553993 1.0556287409258378
61779.2742 lsst_hardware_y -71.43363413436398 68.61000061035156 30.799999237060547 AB 8.363489202392225 1.0517907192276954
61781.2471 lsst_hardware_z -28.6768902814411 64.79691436183715 30.989999771118164 AB 6.758419517992007 1.056003049686251
61781.2697 lsst_hardware_r 150.40362267405368 90.3539540402852 31.65999984741211 AB 6.423195646296835 1.0520056198553522
61785.2311 lsst_hardware_r -5.397045853748168 86.46821392259929 31.649999618530273 AB 5.721484359519576 1.0595341406517733
61785.2491 lsst_hardware_z 7.036174588740755 65.06041161568514 30.989999771118164 AB 5.677522588073373 1.0513930718654394
61787.2235 lsst_hardware_z -5.572741914505707 48.824158733146234 30.969999313354492 AB 3.449282161738702 1.0613175882272845
61787.2434 lsst_hardware_i 110.79587008060089 45.35497446903842 31.299999237060547 AB 3.3775155889969803 1.051421268754897
61789.2029 lsst_hardware_r 97.99564226597518 28.727494924670562 31.530000686645508 AB 6.258879408792159 1.079117139446924
61789.2239 lsst_hardware_z 99.3471709635811 43.746855239702604 30.940000534057617 AB 6.283315364436838 1.0568482896002778
61795.2058 lsst_hardware_i 414.4379966494639 37.3069070754277 31.239999771118164 AB 8.159181139614796 1.0580194041060456
61795.2267 lsst_hardware_z 285.52619737147876 44.702707268573924 30.940000534057617 AB 9.06733408583891 1.0512647971060165
61797.18 lsst_hardware_r 507.84873702336495 31.832880407650734 31.479999542236328 AB 11.67595707807645 1.0807068750533553
61797.1973 lsst_hardware_u -5.522124295698419 3.359783171782106 28.34000015258789 AB 11.708623016644562 1.06037158274267
61799.1841 lsst_hardware_g 74.89935882094836 17.18424984674906 31.40999984741211 AB 10.267237245208023 1.0679834865512314
61799.2032 lsst_hardware_i 745.4170135975212 40.332704290001544 31.25 AB 10.142579600864597 1.0533732189501417
61808.1757 lsst_hardware_z 770.3769040402294 57.846603886460386 30.959999084472656 AB 5.252435719973847 1.0547059678662507
61808.1942 lsst_hardware_r 989.9790291977922 65.65168660004431 31.6299991607666 AB 5.3138478840720875 1.0516223795907556
61810.1478 lsst_hardware_z 707.9112603833419 77.4559674574759 30.989999771118164 AB 6.025001226138027 1.0758930760960763
61810.1665 lsst_hardware_i 1262.060492416448 90.01062206903309 31.34000015258789 AB 5.9185361856890575 1.056881461730189
61814.1595 lsst_hardware_y 441.9796608434941 55.83304353856942 30.040000915527344 AB 3.9196400303257533 1.0546116673522206
61814.1776 lsst_hardware_r 941.8283931374806 83.92373765602936 31.649999618530273 AB 4.2662730881058755 1.0515832112659294
61816.1346 lsst_hardware_r 1050.9476021432715 53.16454212366114 31.610000610351562 AB 3.039085717926877 1.0716728949492855
61816.1515 lsst_hardware_i 1291.9520824436986 54.90853807428271 31.299999237060547 AB 3.0298793920503106 1.0560137294395506
61820.1284 lsst_hardware_u 1.0264237040189017 2.8435435696403055 28.5 AB 3.294815848675804 1.0661684333974126
61820.1453 lsst_hardware_r 748.1749718931765 36.663499457282974 31.520000457763672 AB 3.2700166749029167 1.0535978976166631
61822.1182 lsst_hardware_i 1089.058986797238 44.81957377363118 31.25 AB 4.900493860999576 1.0716927819652082
61822.136 lsst_hardware_z 786.4331317341421 49.220319447046705 30.950000762939453 AB 5.343451417265611 1.0554965762499973
61824.1178 lsst_hardware_r 721.9717370330816 34.65105785257543 31.489999771118164 AB 7.006109873342992 1.065824704049339
61824.1344 lsst_hardware_u 2.0675340991851 2.674892714785151 28.3700008392334 AB 8.125267784220465 1.0535876276219485
61826.1208 lsst_hardware_g 68.98734633217887 16.786226626383392 31.420000076293945 AB 8.058449186012716 1.058268385175182
61826.1394 lsst_hardware_r 587.6706368861675 33.78645557509481 31.489999771118164 AB 9.070207939448629 1.0512120462949928
61828.1196 lsst_hardware_i 963.4727933906322 42.843122150624936 31.239999771118164 AB 6.980319509571374 1.055505161542566
61828.1385 lsst_hardware_z 593.2096092587253 48.222632055272314 30.950000762939453 AB 8.16395568406425 1.0514464143298667
61830.0899 lsst_hardware_z 561.3421636461748 48.407579573817834 30.940000534057617 AB 4.427323315705084 1.0806916008311056
61830.1084 lsst_hardware_r 527.6492083220288 32.58001930475474 31.489999771118164 AB 4.4401592136911345 1.0593878231294087
61832.0851 lsst_hardware_u 4.66840166876028 2.752234658751386 28.440000534057617 AB 6.249245403829206 1.0796899453747764
61832.1033 lsst_hardware_r 478.49481800856597 31.95968737839461 31.5 AB 6.21960010336025 1.059106020155002
61834.0917 lsst_hardware_i 682.4253065622446 43.10085947249847 31.260000228881836 AB 11.017297246574865 1.0645760215068958
61834.1097 lsst_hardware_z 473.2154207226188 48.25130164619267 30.950000762939453 AB 10.84998795071384 1.0526133897791778
61836.0876 lsst_hardware_r 375.6033927285355 52.1755624143659 31.6200008392334 AB 7.731852623149656 1.0632360592890067
61836.1069 lsst_hardware_z 498.96155032260157 52.99923905599088 30.959999084472656 AB 7.598788166890559 1.0518809754832044
61838.0879 lsst_hardware_y 294.2407963154843 56.29164287081834 30.049999237060547 AB 10.848758262355345 1.0583638127267299
61838.107 lsst_hardware_r 348.4402849628887 84.48756354592503 31.649999618530273 AB 10.756926041373191 1.0511996522401084
61845.0754 lsst_hardware_z 410.26967295522513 49.06110872339259 30.950000762939453 AB 8.206417086224862 1.054335078849475
61845.0921 lsst_hardware_i 399.19572028273086 44.88753096428554 31.280000686645508 AB 7.646373453987783 1.0514453510244812
61847.0697 lsst_hardware_u 0.5339987285678449 2.644829550551734 28.399999618530273 AB 7.188194765029351 1.054451337102736
61847.0894 lsst_hardware_g 25.375039996381364 14.02760827554848 31.420000076293945 AB 8.572450386633305 1.051963478541331
61849.0418 lsst_hardware_g -13.539852588029987 13.907687648613518 31.399999618530273 AB 4.04171125134336 1.0752091650287972
61849.0603 lsst_hardware_r 146.10857545450486 25.949364464612866 31.489999771118164 AB 4.023506431138386 1.056685572390338
61853.0414 lsst_hardware_r 128.00883707579618 25.22433254296521 31.489999771118164 AB 4.926055871215494 1.0630245729856127
61853.0607 lsst_hardware_g 42.114533320928174 14.446189519584538 31.420000076293945 AB 4.3861300115343616 1.0518297389770326
61855.0361 lsst_hardware_r 101.3550475622548 24.985501650631104 31.479999542236328 AB 7.959849168100692 1.0628721014956044
61855.0546 lsst_hardware_i 226.30110202765914 34.18298523891914 31.239999771118164 AB 7.35620609901452 1.0519761322819106
61859.0339 lsst_hardware_u 3.4249568462380253 2.6590006439669964 28.360000610351562 AB 6.10014353525268 1.0561190331115757
61859.0538 lsst_hardware_g -9.315047722481312 13.883972631913041 31.389999389648438 AB 5.213008796716029 1.051433803290816
61861.0319 lsst_hardware_r 114.63943369168383 24.52418733883826 31.489999771118164 AB 3.791055213020169 1.0542422728087233
61861.0499 lsst_hardware_i 216.72094976084557 33.19267041046796 31.239999771118164 AB 5.468776345847152 1.05168775881676
61863.0286 lsst_hardware_z 416.76306760041604 63.65454871322105 31.700000762939453 AB 6.727682056008483 1.0532986897347814
61865.0171 lsst_hardware_z 274.5123513954644 51.939493187466155 30.969999313354492 AB 8.09209336694816 1.0563745787602439
61865.0352 lsst_hardware_r 34.08340251594666 51.79582693737922 31.6299991607666 AB 8.066328806078161 1.0512271600792467
61867.0166 lsst_hardware_i 344.6276988592521 69.49987991570485 31.329999923706055 AB 11.25788185996972 1.0537470150668984
61867.0368 lsst_hardware_z 147.1464138790605 64.73341794964995 30.979999542236328 AB 11.22808074416457 1.0525174506692616
61870.0283 lsst_hardware_g 53.05035123796916 103.41891236390185 31.729999542236328 AB 5.993984330992947 1.052422444537499
61870.0502 lsst_hardware_r -28.521840084013057 96.31710151393436 31.649999618530273 AB 6.061898556990237 1.0681289030421985
61878.9809 lsst_hardware_y 13.979921528916648 48.99852258735214 30.049999237060547 AB 9.75688071477689 1.0551876691149225
61878.9987 lsst_hardware_z 113.59008440856105 42.34906880369922 30.940000534057617 AB 9.74244572430875 1.0513714281114148
61881.9685 lsst_hardware_y 104.53687746897506 66.46931684758943 30.059999465942383 AB 9.721923872708938 1.0578231731362753
61881.9823 lsst_hardware_r 49.93975411948191 23.99227103578606 31.510000228881836 AB 9.583328567713092 1.0516684299273626
61883.9679 lsst_hardware_y 205.5215569604903 66.81722438196724 30.059999465942383 AB 10.144211647863143 1.0548390822893687
61883.9852 lsst_hardware_r 15.929974059225332 23.649828380393277 31.5 AB 10.102717603479524 1.0513898656781835
61889.9648 lsst_hardware_y 7.715835379811321 61.546353098388906 30.059999465942383 AB 11.76818870177649 1.0512004199889673
61889.9834 lsst_hardware_r 38.923841671508846 24.57711332355128 31.5 AB 11.82659076847146 1.057125431818678
62113.343 lsst_hardware_z -2.8763059866998124 51.56999969482422 30.979999542236328 AB 7.78039239731957 1.0534210624826226
62115.3401 lsst_hardware_z 51.60533007617843 43.5099983215332 30.950000762939453 AB 8.941000690669336 1.0525015527568375
62117.3465 lsst_hardware_r -31.981389771460368 25.709999084472656 31.530000686645508 AB 10.943975410245589 1.0514207191301155
62119.3404 lsst_hardware_r -16.62477922717893 23.15999984741211 31.5 AB 8.787357449528916 1.051345033382298
62121.3023 lsst_hardware_g 12.454497045183324 19.399999618530273 32.15999984741211 AB 7.11350341967818 1.0678530991035322
62121.3251 lsst_hardware_z 28.74939066380686 41.150001525878906 30.940000534057617 AB 7.000704403077583 1.0521046593143346
62123.3035 lsst_hardware_i 15.459838586983503 61.029998779296875 32.7599983215332 AB 5.141104233349389 1.0611884340201023
62123.3266 lsst_hardware_y -38.70806914399876 66.86000061035156 30.799999237060547 AB 5.07586821256465 1.0511945766736124
62125.304 lsst_hardware_r 53.68720767971095 22.510000228881836 31.5 AB 6.423759798459491 1.056684271165192
62125.3259 lsst_hardware_y 12.744958811848912 47.06999969482422 30.040000915527344 AB 6.431443596936468 1.0516054389322471
62127.3085 lsst_hardware_g -4.327346190125908 13.710000038146973 31.420000076293945 AB 7.130489523350521 1.0521601775639278
62127.3299 lsst_hardware_y -34.89671686660505 47.2400016784668 30.049999237060547 AB 7.1522056311727935 1.0549235179585723
62130.2803 lsst_hardware_r 12.961145469874042 22.489999771118164 31.479999542236328 AB 8.520558930759217 1.065069866344902
62130.3028 lsst_hardware_z 13.3288041914866 41.060001373291016 30.940000534057617 AB 8.992467310297997 1.0516070684660568
62134.2837 lsst_hardware_g 2.302384035085049 45.4900016784668 31.700000762939453 AB 9.172276620045912 1.0542846689707945
62134.3056 lsst_hardware_r -80.16855516946217 41.869998931884766 31.6200008392334 AB 9.839287766508814 1.052686767337474
62136.2829 lsst_hardware_i 14.070603238468026 75.41000366210938 31.34000015258789 AB 7.396661462040844 1.052451419028739
62136.3037 lsst_hardware_z 36.384543981202924 66.83000183105469 30.989999771118164 AB 7.448488843459322 1.0541099079045433
62138.2813 lsst_hardware_r -30.686765306928645 106.55999755859375 31.65999984741211 AB 5.085275074488382 1.0515457143276221
62138.3017 lsst_hardware_z -68.00505149121898 73.62999725341797 30.989999771118164 AB 5.437785790000204 1.0559490821412783
62140.2657 lsst_hardware_z 16.415373606612416 90.69000244140625 31.739999771118164 AB 2.8491462728146226 1.055109099919006
62142.2588 lsst_hardware_r 60.64668872714338 48.09000015258789 31.6299991607666 AB 7.940569255375808 1.055926762682955
62142.2789 lsst_hardware_z -9.789555256706464 48.41999816894531 30.969999313354492 AB 7.7586865563013205 1.0515025148583268
62144.2575 lsst_hardware_r -29.1733525773049 39.7599983215332 32.29999923706055 AB 9.378588484578184 1.0537739870312566
62144.279 lsst_hardware_y 57.0579500862512 66.80999755859375 30.790000915527344 AB 9.371042553534123 1.0529261296105756
62146.242 lsst_hardware_g -12.412096242870872 20.020000457763672 32.189998626708984 AB 7.567945594635381 1.0600848290566474
62146.266 lsst_hardware_r -6.32248979597073 23.219999313354492 31.510000228881836 AB 6.973604279802198 1.0512707137713422
62150.227 lsst_hardware_r -23.050978868279223 22.84000015258789 31.489999771118164 AB 8.378456811501396 1.063750917707233
62150.2453 lsst_hardware_u -2.5847283302744177 2.7300000190734863 28.459999084472656 AB 8.285598875811756 1.0522620253123756
62152.2257 lsst_hardware_g 3.5811608411232156 14.149999618530273 31.440000534057617 AB 5.377811752702739 1.0600154571687423
62152.2442 lsst_hardware_i 24.67204921029878 30.690000534057617 31.260000228881836 AB 5.308420705447898 1.051380611100792
62154.2029 lsst_hardware_r -0.6158590766206626 23.1299991607666 31.5 AB 6.731001245187683 1.0801285763874324
62154.2218 lsst_hardware_z 25.88514825635354 41.54999923706055 30.950000762939453 AB 7.05187208947093 1.0587866607483505
62158.2002 lsst_hardware_g 3.3489818104092492 14.100000381469727 31.420000076293945 AB 10.450582635639163 1.0690859707566744
