data/validation/pwv_sim_epoch_fit_epoch/15899157.ecsv
# %ECSV 0.9
# ---
# datatype:
# - {name: time, datatype: float64}
# - {name: band, datatype: string}
# - {name: flux, datatype: float64}
# - {name: fluxerr, datatype: float64}
# - {name: zp, datatype: float64}
# - {name: zpsys, datatype: string}
# - {name: pwv, datatype: float64}
# - {name: airmass, datatype: float64}
# meta: {SNID: '15899157', alt: 1024.0, c: -0.08339159935712814, dec: -17.89609, lat: -30.244573, lon: -70.7499537, ra: 202.324219, t0: 63022.546875,
#   x0: 2.9200972256552666e-06, x1: -0.8648371696472168, z: 0.7638348937034607}
# schema: astropy-2.0
time band flux fluxerr zp zpsys pwv airmass
62907.3652 lsst_hardware_z -11.570570943332013 66.13999938964844 30.989999771118164 AB 3.4892790726173493 1.023474099176457
62907.3832 lsst_hardware_y -32.54828236369878 61.630001068115234 30.06999969482422 AB 3.9834897726452114 1.025967489520573
62909.3612 lsst_hardware_r 183.97350419434764 88.43000030517578 31.65999984741211 AB 6.305178238342647 1.0232633531702156
62909.3777 lsst_hardware_y -1.209410546031265 58.04999923706055 30.06999969482422 AB 5.2969766684145325 1.0259493837719513
62913.2866 lsst_hardware_r -47.897452964264794 29.020000457763672 31.549999237060547 AB 4.9896520638389275 1.1049646557552804
62913.3026 lsst_hardware_z 54.21620644699076 43.22999954223633 30.950000762939453 AB 5.296479529842497 1.069347775054007
62918.3385 lsst_hardware_i 12.821359334830328 31.420000076293945 31.270000457763672 AB 5.873436355988622 1.0230982184912683
62918.3565 lsst_hardware_z 29.30895541887599 41.54999923706055 30.959999084472656 AB 5.8717215653164985 1.0276476158943773
62920.335 lsst_hardware_r 34.874163374200535 24.079999923706055 31.520000457763672 AB 10.027303949738528 1.023055089416936
62920.3523 lsst_hardware_g -13.705468194957607 15.329999923706055 31.479999542236328 AB 10.12033175457204 1.0283844888295945
62922.321 lsst_hardware_r -55.25310984206678 24.059999465942383 31.520000457763672 AB 9.217808371502102 1.0242009301669002
62922.3386 lsst_hardware_i -16.7378458812362 31.309999465942383 31.260000228881836 AB 8.81123606188638 1.024562332777486
62926.3145 lsst_hardware_r 25.633289194393132 24.030000686645508 31.510000228881836 AB 4.243948897470842 1.023295828035085
62926.3316 lsst_hardware_u 0.45551771112416284 2.819999933242798 28.5 AB 4.2223476123845805 1.0260869045892056
62928.3124 lsst_hardware_g -15.391435680780885 15.109999656677246 31.459999084472656 AB 6.205594169298927 1.023054720240519
62928.3302 lsst_hardware_r 15.506020215925487 23.90999984741211 31.510000228881836 AB 6.245708437651351 1.0282270959626871
62931.3126 lsst_hardware_i 92.84535905332889 44.880001068115234 31.299999237060547 AB 7.318478182698538 1.0241363255945448
62931.3327 lsst_hardware_z 26.865657538588625 46.959999084472656 30.959999084472656 AB 7.439181721141691 1.036639152919936
62933.3022 lsst_hardware_r 169.34854003857168 95.54000091552734 31.65999984741211 AB 10.001855354047782 1.023207708853993
62933.3214 lsst_hardware_z 7.396038462095531 66.0 30.989999771118164 AB 9.820259604816629 1.0315398744555002
62938.2989 lsst_hardware_z 114.80257113779922 70.13999938964844 30.989999771118164 AB 14.010551716861407 1.0261133526337636
62938.3174 lsst_hardware_i 6.859765307565543 77.86000061035156 31.34000015258789 AB 14.370354130838844 1.0406324840841352
62942.282 lsst_hardware_g -25.325086998452026 21.15999984741211 31.579999923706055 AB 8.089484803451336 1.023985418158397
62942.3005 lsst_hardware_r 27.878389697595225 27.770000457763672 31.549999237060547 AB 8.31871266829865 1.034601413879566
62945.2765 lsst_hardware_i -19.89557362729062 31.3700008392334 31.270000457763672 AB 5.1066132441337615 1.0247898545011531
62945.296 lsst_hardware_z 41.324159744893336 41.7599983215332 30.959999084472656 AB 4.9712714191161504 1.0381688251260681
62947.2626 lsst_hardware_r -20.743450043273604 24.309999465942383 31.540000915527344 AB 5.367158668989314 1.0230954382366362
62947.2829 lsst_hardware_g 2.2020834624930523 15.479999542236328 31.489999771118164 AB 5.416008202485235 1.0313259454413473
62949.262 lsst_hardware_r -7.638812616614521 24.350000381469727 31.530000686645508 AB 6.268222048823722 1.0237732004829685
62949.2828 lsst_hardware_i 11.662777718924895 31.719999313354492 31.270000457763672 AB 6.345878368075903 1.0359067407178633
62951.2089 lsst_hardware_z -30.737522878915534 41.93000030517578 30.950000762939453 AB 6.871171149480154 1.052569109908116
62951.2264 lsst_hardware_i -31.721983507404406 31.479999542236328 31.260000228881836 AB 6.7397084718486795 1.0326417474742655
62953.2584 lsst_hardware_u -1.3414899002582135 2.9700000286102295 28.59000015258789 AB 7.815447772778335 1.0263227541402935
62953.2763 lsst_hardware_g 13.29773932131038 15.670000076293945 31.5 AB 7.968586734272043 1.0404665826434738
62955.2404 lsst_hardware_r 3.2350410990783915 24.280000686645508 31.530000686645508 AB 6.622715054113251 1.023076475918628
62955.2592 lsst_hardware_i -31.915250012264885 31.489999771118164 31.270000457763672 AB 6.976885541317072 1.029975967519682
62957.2383 lsst_hardware_z 39.39644852890822 41.369998931884766 30.950000762939453 AB 4.305688754045059 1.023417681110421
62957.2575 lsst_hardware_u 2.296843596971088 2.890000104904175 28.540000915527344 AB 4.7565392821443275 1.0328327914326132
62959.2387 lsst_hardware_z -2.191666668956832 48.06999969482422 30.969999313354492 AB 7.3177973971961014 1.0249374834127276
62959.2577 lsst_hardware_r -42.06176642109688 41.52000045776367 31.610000610351562 AB 6.203873517304408 1.0380880179551404
62961.2356 lsst_hardware_i -22.36664642456956 67.83999633789062 31.329999923706055 AB 7.27864040563589 1.02588307338069
62961.2569 lsst_hardware_z -67.0627981381964 62.709999084472656 30.979999542236328 AB 7.252976827417905 1.0432935597551647
62963.241 lsst_hardware_i 125.90154470171659 115.83999633789062 31.350000381469727 AB 8.927130893052531 1.032734702753595
62963.2573 lsst_hardware_z 7.551155121255302 97.02999877929688 31.0 AB 8.407975266946108 1.0509969083682635
62964.2253 lsst_hardware_z -91.73140261603544 154.3000030517578 31.760000228881836 AB 9.425139031796286 1.0250287147141148
62969.2244 lsst_hardware_z 24.57937197085292 64.63999938964844 31.709999084472656 AB 12.601995494889387 1.0325554838222581
62974.1963 lsst_hardware_i 20.24396134783307 31.8700008392334 31.270000457763672 AB 13.215427129710482 1.0244517154814328
62974.2152 lsst_hardware_z 28.261365300238175 42.029998779296875 30.959999084472656 AB 12.325198899096037 1.036536711233184
62976.1991 lsst_hardware_i 29.808079736567983 31.770000457763672 31.270000457763672 AB 3.40725806376004 1.0281923443425918
62976.2161 lsst_hardware_u 2.372600159381895 2.950000047683716 28.559999465942383 AB 2.818871235618929 1.0434788792123622
62978.1819 lsst_hardware_g 0.7301309039412197 15.760000228881836 31.5 AB 9.482443132144779 1.0235797854215
62982.1064 lsst_hardware_i 7.569354611114606 31.8799991607666 31.25 AB 10.63588397038396 1.0852942826922407
62985.1687 lsst_hardware_z -92.549107430981 58.939998626708984 31.700000762939453 AB 10.00615222915258 1.025308058661352
62989.1134 lsst_hardware_z -9.618231326134532 57.64201470879714 30.989999771118164 AB 13.72037288467784 1.0417503424074894
62989.1326 lsst_hardware_r -24.796462164606822 70.66662161435745 31.65999984741211 AB 11.656055506378994 1.0262419005440213
62992.1632 lsst_hardware_i -136.86139931095022 129.4519853968209 31.350000381469727 AB 3.625549198353185 1.0339018626482466
62992.1804 lsst_hardware_z 49.031982791985065 107.79255989378325 31.0 AB 3.443855987629192 1.0543492155207241
62994.1667 lsst_hardware_z 12.087190034432824 79.64532641701948 31.0 AB 9.205481497610842 1.0431731540156204
62994.1832 lsst_hardware_r -155.51015962944584 119.18497281122245 31.65999984741211 AB 9.41615490699537 1.0682372077214533
63001.0783 lsst_hardware_g 104.70490187845475 18.61238739791469 31.469999313354492 AB 6.789560287414187 1.0445477365252596
63001.097 lsst_hardware_r 170.10145431538322 26.34093507658206 31.520000457763672 AB 6.847974085340262 1.0277099677849317
63008.0907 lsst_hardware_g 218.2116485592153 20.58934795149235 31.469999313354492 AB 4.765742947731484 1.0232771860287588
63008.1122 lsst_hardware_r 458.01996937185527 32.15479364117452 31.510000228881836 AB 4.744022155750496 1.0284771258311987
63014.0766 lsst_hardware_z 485.4294929534694 47.87284545318147 30.950000762939453 AB 7.505130972589743 1.0230781741574113
63014.0965 lsst_hardware_g 195.0667573039371 24.214582382073058 31.549999237060547 AB 7.828670368707241 1.0289036134328908
63016.0742 lsst_hardware_r 817.2912481983977 51.16576954738209 31.610000610351562 AB 11.207959207617254 1.023090753776136
63016.0982 lsst_hardware_i 1152.6608563705415 51.84156147712621 31.290000915527344 AB 12.546899341741176 1.034369277967121
63018.0455 lsst_hardware_i 1270.0618988237604 76.87717310826969 31.34000015258789 AB 7.553096362730523 1.0310455971330121
63018.0677 lsst_hardware_z 628.1738790678231 67.72475401909837 30.989999771118164 AB 7.503395075458631 1.0230507306447254
63021.0467 lsst_hardware_i 2510.241776596157 143.71970095018276 32.099998474121094 AB 11.768787879738184 1.0255875336368214
63021.0682 lsst_hardware_z 1222.5288265097786 121.97465195355207 31.75 AB 11.768010039472504 1.0245227696223778
63023.0402 lsst_hardware_g 104.57772490688197 142.44677406347736 32.4900016784668 AB 4.52406803511557 1.0260402642434692
63023.0627 lsst_hardware_r 1642.5371542463422 137.47035043162333 32.40999984741211 AB 4.268110094332312 1.0245103442948422
63033.0112 lsst_hardware_r 975.895382621508 45.82996788069044 32.27000045776367 AB 9.407912244118693 1.026859134174604
63033.0345 lsst_hardware_i 1686.4751972040167 59.810065137559526 32.0099983215332 AB 9.375217693000696 1.024240825892283
63037.0025 lsst_hardware_g 38.56833613266233 16.730324052635225 31.479999542236328 AB 3.5944240154818887 1.0258059404914066
63037.0204 lsst_hardware_r 346.96558000894566 30.77152319374025 31.520000457763672 AB 3.6484530500030576 1.0235046895463973
63042.995 lsst_hardware_i 485.8402972431657 39.449195836918165 31.270000457763672 AB 6.628219151151208 1.0232944346159079
63043.0145 lsst_hardware_z 372.95292001995733 46.60898064490705 30.959999084472656 AB 4.163104881135965 1.0272507520486835
63044.9671 lsst_hardware_y 223.56443414421324 51.81394234198131 30.049999237060547 AB 6.616002803645092 1.0349228115669653
63044.9866 lsst_hardware_i 447.6685269973774 48.147561524463384 31.299999237060547 AB 6.506243092849919 1.0238259214010206
63046.968 lsst_hardware_y 278.43646032015016 57.190661377595795 30.06999969482422 AB 1.6177056554067475 1.0298391440255157
63046.9872 lsst_hardware_z 301.31695502460707 67.25178684151636 30.989999771118164 AB 1.566977012175218 1.0230535444020112
63048.9685 lsst_hardware_y 201.4691874791596 56.09248429032761 30.059999465942383 AB 9.545239939952408 1.026369886016388
63048.9882 lsst_hardware_i 290.97186519253466 71.29906880390854 31.34000015258789 AB 9.51958477224065 1.023611265832328
63051.9789 lsst_hardware_z 366.701345431537 84.0870498348309 31.729999542236328 AB 5.014730112183116 1.0234143086087992
63056.9561 lsst_hardware_y 47.723700414328434 72.2086137096254 30.079999923706055 AB 7.365938815635231 1.0233905568723545
63056.9752 lsst_hardware_r 51.875207506951405 26.9104329666843 31.530000686645508 AB 8.161706320985779 1.0266942978785407
