data/validation/pwv_sim_epoch_fit_epoch/15897659.ecsv
# %ECSV 0.9
# ---
# datatype:
# - {name: time, datatype: float64}
# - {name: band, datatype: string}
# - {name: flux, datatype: float64}
# - {name: fluxerr, datatype: float64}
# - {name: zp, datatype: float64}
# - {name: zpsys, datatype: string}
# - {name: pwv, datatype: float64}
# - {name: airmass, datatype: float64}
# meta: {SNID: '15897659', alt: 1024.0, c: -0.014339379034936428, dec: -26.276812, lat: -30.244573, lon: -70.7499537, ra: 320.800781,
#   t0: 62351.94921875, x0: 7.1500812424065935e-06, x1: 0.752269446849823, z: 0.5291339755058289}
# schema: astropy-2.0
time band flux fluxerr zp zpsys pwv airmass
62254.3438 lsst_hardware_z 82.14325332407006 62.970001220703125 30.940000534057617 AB 5.077815755604491 1.421560961815367
62254.3634 lsst_hardware_r 57.909803167443656 82.0199966430664 31.600000381469727 AB 4.740990632524736 1.29088508781759
62257.3469 lsst_hardware_z 49.77106846858624 85.75 31.690000534057617 AB 11.939283883446196 1.3414925711737298
62259.344 lsst_hardware_r 35.92928576221992 70.6500015258789 31.579999923706055 AB 15.166689728920058 1.3252093517918748
62259.3625 lsst_hardware_z -3.5559185204777983 60.189998626708984 30.959999084472656 AB 14.206473342935398 1.2246959778392585
62261.3463 lsst_hardware_r 56.29509790803246 51.869998931884766 31.579999923706055 AB 8.560391899099086 1.279580253975947
62261.3657 lsst_hardware_y 40.8073322048027 51.65999984741211 30.010000228881836 AB 7.932735549860758 1.1865287256111219
62264.349 lsst_hardware_g -31.558132103780405 18.520000457763672 31.479999542236328 AB 12.75775867127799 1.2239908540765758
62264.3678 lsst_hardware_r 16.397593017861436 27.18000030517578 31.530000686645508 AB 12.0309018380349 1.1473208304373161
62266.3362 lsst_hardware_i 50.449005834333484 34.02000045776367 31.239999771118164 AB 8.739356936657709 1.260438725044614
62266.3565 lsst_hardware_z 48.192769416667 43.970001220703125 30.940000534057617 AB 8.08897971632227 1.1688010282587646
62272.347 lsst_hardware_z 32.12901194876396 43.369998931884766 30.940000534057617 AB 4.742532432255497 1.1436975318944125
62272.3667 lsst_hardware_r 17.584149334812775 25.06999969482422 31.520000457763672 AB 4.503719820176276 1.085495256730818
62277.3533 lsst_hardware_u 2.277370521579469 2.9000000953674316 28.510000228881836 AB 7.604065544089556 1.0848744088583364
62277.3725 lsst_hardware_g 16.621836944261954 15.859999656677246 31.479999542236328 AB 7.316125717837375 1.0449617764955306
62280.3641 lsst_hardware_z -29.102807656495752 41.630001068115234 30.950000762939453 AB 7.123156446957973 1.0453196370823066
62280.3847 lsst_hardware_r 2.1022185236040376 24.229999542236328 31.520000457763672 AB 6.803098564112975 1.0177169488550377
62283.3503 lsst_hardware_i -51.43123574720984 93.45999908447266 32.09000015258789 AB 4.021469116719919 1.0555037051758316
62283.3712 lsst_hardware_z 187.3625939667942 83.9800033569336 31.739999771118164 AB 3.84602163246595 1.0234224673938133
62288.2365 lsst_hardware_r 59.681561543647796 96.76000213623047 31.520000457763672 AB 10.462235260872374 1.5478205830269733
62288.2573 lsst_hardware_i 38.56549948563403 78.33000183105469 31.270000457763672 AB 8.565128973814575 1.375003982418519
62291.2495 lsst_hardware_z 81.36146460951304 70.73999786376953 31.68000030517578 AB 15.718994680875085 1.372278664958261
62302.2474 lsst_hardware_g -19.709926610985935 21.450000762939453 32.15999984741211 AB 14.0835884434212 1.214102452019069
62302.27 lsst_hardware_r 25.0983952144591 34.459999084472656 32.25 AB 13.30042637636663 1.1274095594795401
62304.2515 lsst_hardware_i -60.1333955010256 32.400001525878906 31.239999771118164 AB 5.144392092787172 1.1736925131366058
62304.2756 lsst_hardware_z 56.39497848418119 42.40999984741211 30.950000762939453 AB 4.791390320353656 1.0951123525178346
62306.2551 lsst_hardware_i 1.8519846888226175 32.209999084472656 31.25 AB 3.9500611874750464 1.1405373977310047
62306.2787 lsst_hardware_u -1.1108857694215577 2.930000066757202 28.56999969482422 AB 3.7172975272957416 1.074001308025928
62308.2492 lsst_hardware_g 28.959913632110997 31.110000610351562 31.610000610351562 AB 3.282413311624642 1.1420400040445262
62308.2725 lsst_hardware_r -24.67503488942617 31.899999618530273 31.559999465942383 AB 3.444391983209673 1.0757001821391858
62310.2411 lsst_hardware_i 46.189580549796815 50.849998474121094 31.299999237060547 AB 3.675949464545797 1.1512826197194197
62310.2622 lsst_hardware_r -44.85876259516758 57.90999984741211 31.6299991607666 AB 4.128657620843651 1.0873950100988354
62312.2495 lsst_hardware_z -127.93066531721921 96.3499984741211 31.729999542236328 AB 4.845049504682088 1.1068495670154153
62314.2708 lsst_hardware_i 97.69777679140229 97.25 31.34000015258789 AB 7.5116412223506215 1.0461410179217243
62314.291 lsst_hardware_z -65.38734899794132 82.2300033569336 31.0 AB 7.2883925337797155 1.0185958073855934
62315.2404 lsst_hardware_z 163.0666059366745 124.2699966430664 31.739999771118164 AB 6.715053736325046 1.1094677796489132
62315.2594 lsst_hardware_r 122.91326639347143 178.36000061035156 32.40999984741211 AB 6.151490631186415 1.062555958864535
62323.1477 lsst_hardware_i -61.16666925118579 34.71215299607143 31.190000534057617 AB 7.224615291550804 1.485222084194642
62323.1663 lsst_hardware_z 49.5535736682765 45.70726932778631 30.920000076293945 AB 6.534623558373931 1.3442039683984248
62330.1496 lsst_hardware_r 317.01609173622285 31.001708702053055 31.450000762939453 AB 8.654047592028995 1.3287514695713383
62330.168 lsst_hardware_g 74.7870486239469 17.697671577743776 31.389999389648438 AB 7.5333247759281 1.2278424083007269
62332.1467 lsst_hardware_r 508.25487168361445 34.6964378238547 31.459999084472656 AB 9.060281440723012 1.3129574109829503
62332.1655 lsst_hardware_i 449.2911051826938 39.07615900434538 31.229999542236328 AB 8.469054151029752 1.2140852703726888
62343.1591 lsst_hardware_z 2709.618054628638 161.47158179623358 31.75 AB 10.201642496819654 1.1241272884045825
62345.1588 lsst_hardware_r 2562.632676118365 115.54918074722049 31.639999389648438 AB 4.101761416664356 1.108584166666042
62345.1773 lsst_hardware_i 1942.541295819197 93.89133213464793 31.34000015258789 AB 3.3988088556461102 1.0629582034858829
62347.1659 lsst_hardware_z 3025.6670032289844 91.64514305040828 31.729999542236328 AB 5.952621695570388 1.075985665067689
62354.0668 lsst_hardware_z 1472.0094942689968 60.17197858909165 30.90999984741211 AB 2.513733677196373 1.453445317835428
62354.086 lsst_hardware_r 2355.622955015669 54.8165299101994 31.469999313354492 AB 2.6007079617084443 1.3168141578270605
62356.0687 lsst_hardware_u -0.6742953362591356 2.80365432181611 28.229999542236328 AB 4.695737876562562 1.396155959334756
62356.0865 lsst_hardware_g 629.6347289070231 29.244187353470796 31.399999618530273 AB 5.640889424299161 1.2820203237043546
62358.0686 lsst_hardware_r 2117.041577739505 52.66772321391748 31.459999084472656 AB 4.366650126938848 1.3584228113046657
62358.0863 lsst_hardware_i 1840.9552663001718 54.16775668549873 31.229999542236328 AB 4.662577910246025 1.2538305603028033
62362.0515 lsst_hardware_r 1892.8496512989595 50.08205065766725 31.450000762939453 AB 4.698413196298055 1.402197477071717
62362.0703 lsst_hardware_u 5.764290853525321 2.8886423881960854 28.270000457763672 AB 4.326920987916065 1.2810068797028977
62364.0682 lsst_hardware_i 1638.5875783560627 53.50401471259232 31.239999771118164 AB 7.381424768521076 1.2627893650526476
62364.0852 lsst_hardware_z 1336.7873635541887 57.008814060482415 30.940000534057617 AB 6.05769086295226 1.1836436375326005
62366.0711 lsst_hardware_r 1746.6305402797386 60.65635102517838 31.579999923706055 AB 3.5396516114569656 1.2213065165037404
62366.0891 lsst_hardware_z 1298.346707694653 59.21327543094306 30.950000762939453 AB 2.993325925597043 1.148114527493592
62367.0702 lsst_hardware_y 293.0927395775061 55.22467584907323 30.0 AB 3.1500211668926226 1.2129072357680561
62367.0865 lsst_hardware_r 1670.0885212419648 71.17594454667451 31.6200008392334 AB 2.504662582870509 1.1476555421912837
62369.0684 lsst_hardware_i 1630.3882774021993 94.75066881421998 31.309999465942383 AB 3.672367784370123 1.19679575830866
62369.0876 lsst_hardware_z 1174.152532380087 81.82031036696615 30.979999542236328 AB 2.753564411022999 1.125741787008585
62371.0739 lsst_hardware_r 1398.7076498134659 154.6474074864956 31.639999389648438 AB 2.4434064603246997 1.1536385553940978
62371.0934 lsst_hardware_z 1000.3293590027814 105.69917709064843 31.0 AB 2.5862340786048437 1.0931983847003461
62382.061 lsst_hardware_i 777.9898280552377 42.04926003371801 31.239999771118164 AB 1.5805778179252719 1.0995323950780542
62382.0783 lsst_hardware_z 729.8658061015716 49.95514792935974 30.950000762939453 AB 1.5640085106320176 1.0588492032487566
62385.0648 lsst_hardware_r 411.3733931422821 31.705709605525225 31.510000228881836 AB 0.6393155431721637 1.0699841726730774
62385.0822 lsst_hardware_g 53.00754908048329 17.27836809310662 31.469999313354492 AB 0.711611806229061 1.0375870807714134
62387.066 lsst_hardware_r 377.0474048724466 30.739984226935384 31.5 AB 2.4056563258320183 1.056193323210311
62387.083 lsst_hardware_i 619.1281456701779 39.500357233095144 31.25 AB 2.3527839101206895 1.0286893143426465
62388.9764 lsst_hardware_y 299.20696376448615 85.97406953542577 29.959999084472656 AB 4.623775796505008 1.4125587973029556
62388.9939 lsst_hardware_g 29.222217872478296 17.076169052224895 31.3799991607666 AB 4.242496544517593 1.296210371071716
62389.9763 lsst_hardware_y 129.71718336757522 90.24433974620972 29.950000762939453 AB 3.5641810859696617 1.3929837490762096
62389.9938 lsst_hardware_z 691.3779965116685 52.14921805730594 30.93000030517578 AB 3.285190241814538 1.2812754453254827
62395.9804 lsst_hardware_y 262.6958346082893 80.0253351783525 29.989999771118164 AB 7.622755493265079 1.2650476561273056
62396.0023 lsst_hardware_z 635.9422398810626 62.91325420026713 30.959999084472656 AB 1.883700282508636 1.1660168879650572
62398.9826 lsst_hardware_y 229.96596809582948 79.64474770499044 30.010000228881836 AB 7.479425996375251 1.213929776516217
62398.9997 lsst_hardware_z 658.7881409410068 85.9094035055297 30.979999542236328 AB 7.095738004953114 1.1456441534287358
62402.9846 lsst_hardware_y 169.11044477898392 68.19220004072257 30.020000457763672 AB 2.9332731967643273 1.1606963780641961
62403.0017 lsst_hardware_r 354.34503561689127 55.15161035267534 31.610000610351562 AB 3.14955237188102 1.1049768583373945
62410.9919 lsst_hardware_y 237.61359365930883 55.87816258082569 30.049999237060547 AB 7.7669384438226166 1.0742653449268411
62411.0129 lsst_hardware_z 384.8006795443618 45.590098914194975 30.950000762939453 AB 5.158133134805739 1.0350422664404226
62413.9944 lsst_hardware_y 151.1882833064974 54.20077845518355 30.049999237060547 AB 3.440580914250313 1.0521654172019306
62414.013 lsst_hardware_r 159.2220121974999 26.77940067867427 31.510000228881836 AB 2.785665520945232 1.024047613618319
62620.3426 lsst_hardware_r 33.21978550283147 27.18000030517578 31.450000762939453 AB 16.19954666630409 1.4152195689840499
62620.3612 lsst_hardware_u 0.4328366141724944 2.740000009536743 28.260000228881836 AB 14.795538364252577 1.2918858808067328
62622.3478 lsst_hardware_g 3.32354117967706 16.6200008392334 31.399999618530273 AB 11.92804664796193 1.3402299604451606
62622.3666 lsst_hardware_r 4.510590609288119 26.40999984741211 31.5 AB 10.98762187481142 1.2345642555967888
62623.3446 lsst_hardware_i 3.530581396443273 34.43000030517578 31.229999542236328 AB 12.006802390034457 1.343280676857511
62623.3619 lsst_hardware_z -38.15393574591217 44.790000915527344 30.940000534057617 AB 11.01346995534967 1.2442724209553742
62625.3463 lsst_hardware_r 1.1911237590741393 26.229999542236328 31.469999313354492 AB 10.71767348432582 1.2991119374940387
62625.3652 lsst_hardware_g -1.12880599120538 16.489999771118164 31.440000534057617 AB 9.922267448210857 1.2032460146383106
62627.347 lsst_hardware_r -29.667443036915177 26.149999618530273 31.489999771118164 AB 3.8618406053931147 1.2647949580981388
62627.3654 lsst_hardware_i 50.48328481647757 33.45000076293945 31.25 AB 3.6191323645794693 1.1795108195261714
62631.3449 lsst_hardware_z 36.4245404274335 44.66999816894531 30.93000030517578 AB 8.397052599759721 1.2209306950978016
62631.3641 lsst_hardware_i 45.35668435921292 32.93000030517578 31.25 AB 7.834159874643744 1.1436451484844645
62633.3476 lsst_hardware_u -0.0938005973587563 2.799999952316284 28.3700008392334 AB 11.659926727816275 1.1852731154597607
62633.367 lsst_hardware_g 1.4182049151162428 16.260000228881836 31.450000762939453 AB 10.994237037665023 1.1166196463198157
62639.3589 lsst_hardware_z 20.711943397210725 87.81999969482422 31.729999542236328 AB 7.683567378226596 1.0932793651432184
62642.3499 lsst_hardware_z -69.91775203022559 63.290000915527344 30.979999542236328 AB 7.69295675237753 1.095420663888392
62642.3693 lsst_hardware_r 40.10535361058622 79.05999755859375 31.649999618530273 AB 7.3963819508480375 1.0518924768325446
62646.3382 lsst_hardware_i 43.41493078887403 36.11000061035156 31.270000457763672 AB 8.084996345560217 1.0975108161393574
62646.3574 lsst_hardware_z 70.65704312092743 43.880001068115234 30.959999084472656 AB 7.750571558751418 1.0537229785874018
62649.3282 lsst_hardware_g -9.570901811985959 15.300000190734863 31.43000030517578 AB 8.678275762785194 1.1024699254014645
62649.3347 lsst_hardware_r -5.195967739816377 24.3799991607666 31.5 AB 9.78902017555763 1.0853574989068793
62654.2484 lsst_hardware_i -78.50319485418918 34.45000076293945 31.200000762939453 AB 14.987366898693246 1.4258745027774276
62654.2683 lsst_hardware_z 3.687690057880207 45.099998474121094 30.920000076293945 AB 12.784053851734624 1.2923411303625385
62655.2618 lsst_hardware_u 1.0994670866788951 2.640000104904175 28.260000228881836 AB 11.52150391420321 1.3145898810561607
62655.2808 lsst_hardware_r -39.12722807213854 24.6200008392334 31.479999542236328 AB 10.584303337627134 1.2143997404245765
62657.2353 lsst_hardware_g -15.728519516674018 15.109999656677246 31.309999465942383 AB 11.664143997904082 1.465759039666162
62657.2548 lsst_hardware_i 70.38435018454022 33.689998626708984 31.209999084472656 AB 8.18066709897188 1.3240539125955944
62675.2474 lsst_hardware_z -22.84159725837514 44.0 30.940000534057617 AB 3.5638878307463147 1.1321417331292065
62675.2681 lsst_hardware_r 5.850420329882384 30.209999084472656 31.549999237060547 AB 4.059379643607771 1.0748815226128685
62676.2634 lsst_hardware_g 7.709932752318318 15.800000190734863 31.459999084472656 AB 4.0554600357513655 1.0794889407971635
62676.2842 lsst_hardware_r -27.299304141071847 25.3799991607666 31.530000686645508 AB 3.8956240174975583 1.038740738822536
62680.2456 lsst_hardware_z -19.3905835524802 42.31999969482422 30.940000534057617 AB 6.610817422147512 1.0969125021193034
62680.2648 lsst_hardware_r 6.622676330781905 23.719999313354492 31.5 AB 6.065982704791163 1.0533048627871442
62682.2648 lsst_hardware_r 5.055171826124498 23.889999389648438 31.510000228881836 AB 3.6312697414348345 1.0436182616567997
62682.2835 lsst_hardware_i 19.399246447698264 30.989999771118164 31.25 AB 3.5534315639431377 1.0186130325191587
62686.1481 lsst_hardware_i 62.65511806846656 34.959999084472656 31.18000030517578 AB 13.353736205369618 1.5382273526703663
62686.1681 lsst_hardware_u -6.490497258973429 2.569999933242798 28.190000534057617 AB 10.545261896130638 1.3736921021023547
62688.1499 lsst_hardware_g 16.258686504323403 14.859999656677246 31.280000686645508 AB 7.146944845879022 1.4722814349816016
62688.1681 lsst_hardware_r -25.467002790856576 25.040000915527344 31.450000762939453 AB 6.48924489015388 1.3371156063368401
62694.1452 lsst_hardware_i -10.040499988984774 57.58000183105469 31.260000228881836 AB 7.36383238290206 1.3811501812257694
62694.1641 lsst_hardware_r -44.46962226061458 65.80999755859375 31.59000015258789 AB 6.739262862054924 1.2647184152486408
62697.1662 lsst_hardware_i 6.254959890976407 113.05999755859375 31.309999465942383 AB 8.404453068736926 1.2141069584538342
62697.1854 lsst_hardware_z 43.044967721489016 93.7300033569336 30.989999771118164 AB 7.286885592963135 1.1385758739004899
62699.1533 lsst_hardware_z 111.65646600546604 89.1500015258789 30.969999313354492 AB 1.9998333571419054 1.2498958482136908
62699.1717 lsst_hardware_r 11.02058846857218 121.86000061035156 31.6299991607666 AB 2.512149946279319 1.1682607097872004
62709.1574 lsst_hardware_r 7.408534905511576 24.3799991607666 31.479999542236328 AB 3.5438715774997465 1.1231073268188818
62709.1759 lsst_hardware_u -2.1558689363671655 2.609999895095825 28.299999237060547 AB 3.3107063029752513 1.0734524624615784
