data/validation/pwv_sim_epoch_fit_epoch/15943293.ecsv
# %ECSV 0.9
# ---
# datatype:
# - {name: time, datatype: float64}
# - {name: band, datatype: string}
# - {name: flux, datatype: float64}
# - {name: fluxerr, datatype: float64}
# - {name: zp, datatype: float64}
# - {name: zpsys, datatype: string}
# - {name: pwv, datatype: float64}
# - {name: airmass, datatype: float64}
# meta: {SNID: '15943293', alt: 1024.0, c: 0.1387529969215393, dec: -54.148899, lat: -30.244573, lon: -70.7499537, ra: 69.715027, t0: 60573.203125,
#   x0: 8.662102225758806e-06, x1: -0.49394598603248596, z: 0.4888400435447693}
# schema: astropy-2.0
time band flux fluxerr zp zpsys pwv airmass
[from data line 132]
60999.3129 lsst_hardware_u -5.2086154379999785 2.4800000190734863 28.25 AB 5.758158634749244 1.1911788652771487
61001.2977 lsst_hardware_g -6.569564743359969 12.710000038146973 31.34000015258789 AB 5.263355642691429 1.169634587264762
61001.3099 lsst_hardware_r 1.7948597613184885 21.989999771118164 31.450000762939453 AB 5.387048598332376 1.197121910740528
61006.2679 lsst_hardware_z 36.105870492844964 41.88999938964844 30.940000534057617 AB 4.9986319366134 1.1404156667432641
61006.2796 lsst_hardware_r 29.215106771119117 21.81999969482422 31.459999084472656 AB 5.092155771998489 1.160803732147601
61009.2935 lsst_hardware_g -6.554899925088236 12.65999984741211 31.31999969482422 AB 7.038618669677699 1.211014596337172
61009.3045 lsst_hardware_i 1.282548857467692 31.079999923706055 31.209999084472656 AB 7.234380639233289 1.2423803261606199
61011.2933 lsst_hardware_z -38.88755034480292 48.84000015258789 30.940000534057617 AB 7.975023022092057 1.2254497946719047
61011.3066 lsst_hardware_r 5.774025259269775 22.43000030517578 31.440000534057617 AB 8.252425632426153 1.266680833833598
61013.2912 lsst_hardware_r 37.777208741072485 77.18000030517578 31.610000610351562 AB 5.386969413252346 1.2352129200716198
61013.3046 lsst_hardware_y -44.24105558671568 53.709999084472656 29.979999542236328 AB 4.559808952999924 1.2786004775324007
61015.2787 lsst_hardware_z -115.87230339804685 80.69999694824219 31.700000762939453 AB 6.252081504923194 1.2152549251502904
61017.1949 lsst_hardware_g -1.178172784833653 53.560001373291016 31.690000534057617 AB 4.865888844047304 1.0975895435734422
61017.2058 lsst_hardware_r -49.822525288773065 51.16999816894531 31.610000610351562 AB 4.870441946856857 1.1039705211893693
61020.1928 lsst_hardware_i -31.80807090477451 32.61000061035156 31.25 AB 11.118035594828099 1.1007956034483266
61020.2048 lsst_hardware_z -2.6741373231072694 42.83000183105469 30.940000534057617 AB 11.209040863412337 1.1098060260804294
61024.1873 lsst_hardware_g -6.244172624446821 12.6899995803833 31.360000610351562 AB 8.806631561331372 1.104422363350473
61024.2005 lsst_hardware_r -8.814160078179691 21.709999084472656 31.469999313354492 AB 8.893961523283181 1.1163501347160945
61026.1724 lsst_hardware_r 9.465278783398444 30.6299991607666 32.220001220703125 AB 9.390615994238596 1.0985853466328361
61026.1855 lsst_hardware_i 61.929048168625755 42.810001373291016 31.989999771118164 AB 9.490833382728372 1.1072869631301088
61028.176 lsst_hardware_z -60.514925951211886 41.59000015258789 30.940000534057617 AB 5.747465847111309 1.1041494327186174
61028.1901 lsst_hardware_u -1.8930515418134426 2.619999885559082 28.40999984741211 AB 5.7498923829246085 1.1169177123009972
61030.1362 lsst_hardware_r -13.088718700316624 21.559999465942383 31.469999313354492 AB 4.546551811087572 1.0936440702598047
61030.1476 lsst_hardware_g -25.817631551982124 12.59000015258789 31.350000381469727 AB 4.546517308250392 1.0939647036213649
61032.1303 lsst_hardware_r 23.096289064120064 21.65999984741211 31.479999542236328 AB 5.431109430563915 1.0936954718370027
61032.1435 lsst_hardware_i 36.37199331507077 30.110000610351562 31.239999771118164 AB 5.27593153816401 1.0942132467677448
61034.1711 lsst_hardware_i 15.565454825936296 30.459999084472656 31.229999542236328 AB 7.3671422446038095 1.1141657143338213
61034.184 lsst_hardware_u -2.223890882886958 2.5399999618530273 28.31999969482422 AB 7.599077963280015 1.129512535881862
61036.1693 lsst_hardware_g 9.618718393224881 15.029999732971191 31.420000076293945 AB 6.1846217649254545 1.1180731745322647
61036.1846 lsst_hardware_r 24.049744460725563 21.889999389648438 31.469999313354492 AB 6.291502672293269 1.138287128238085
61038.104 lsst_hardware_y 71.78649849484037 48.59000015258789 30.030000686645508 AB 8.220531423617452 1.096070856482327
61038.117 lsst_hardware_r 14.984990016727345 38.13999938964844 31.59000015258789 AB 8.200841169763605 1.093445489301814
61040.1127 lsst_hardware_i 52.49306016912381 46.29999923706055 31.299999237060547 AB 8.173518004824999 1.0934106558074979
61040.1241 lsst_hardware_z -35.16533556379966 48.9900016784668 30.959999084472656 AB 8.185087877026497 1.0947753463554466
61043.1123 lsst_hardware_r -69.15560443754016 77.26000213623047 31.639999389648438 AB 4.634760350467889 1.0940069279990299
61043.1237 lsst_hardware_i -1.5050233938960067 61.33000183105469 31.31999969482422 AB 4.656487844926394 1.0975164327208524
61048.1093 lsst_hardware_u 1.5354781727277653 2.609999895095825 28.399999618530273 AB 6.386392168764836 1.0971925613500462
61048.1229 lsst_hardware_g 11.733578342630103 12.829999923706055 31.3799991607666 AB 6.451944879382057 1.1052897806159303
61056.0722 lsst_hardware_i -37.704537031700696 29.8799991607666 31.229999542236328 AB 3.7052809964917586 1.0934870876469702
61056.0858 lsst_hardware_z -10.71444100435201 41.25 30.940000534057617 AB 4.07111501616371 1.0965227974314753
61060.0749 lsst_hardware_r 18.275957852765487 21.700000762939453 31.459999084472656 AB 9.03863350485924 1.09653340806057
61060.0897 lsst_hardware_i -31.473305540200396 30.299999237060547 31.229999542236328 AB 8.499974808005508 1.104969100813193
61062.07 lsst_hardware_z -22.633481111642944 41.369998931884766 30.940000534057617 AB 11.844965237375563 1.0967560404977372
61062.0836 lsst_hardware_i -16.090649339231426 30.229999542236328 31.239999771118164 AB 12.269545389784769 1.10449379001101
61064.0698 lsst_hardware_u 1.2368307165083428 2.7899999618530273 28.389999389648438 AB 14.22102953218641 1.0992100121496742
61064.0817 lsst_hardware_g 6.283349798229108 14.239999771118164 31.399999618530273 AB 14.309945556605234 1.107280965419991
61066.0694 lsst_hardware_r -12.633959238333796 29.260000228881836 31.530000686645508 AB 13.129561436663293 1.1022130151664953
61066.083 lsst_hardware_i -25.95375098170235 33.7400016784668 31.25 AB 13.264452088859585 1.1134590502281505
61068.0742 lsst_hardware_z -130.07526529928253 64.98999786376953 31.700000762939453 AB 12.993788767418609 1.110263922023806
61070.065 lsst_hardware_z -71.67895516129168 70.7699966430664 31.709999084472656 AB 12.189444823101017 1.1070243232314065
61070.0779 lsst_hardware_r -124.26085178820048 80.16000366210938 32.369998931884766 AB 12.51204561845225 1.1197296399539638
