data/validation/pwv_sim_epoch_fit_epoch/16103374.ecsv
# %ECSV 0.9
# ---
# datatype:
# - {name: time, datatype: float64}
# - {name: band, datatype: string}
# - {name: flux, datatype: float64}
# - {name: fluxerr, datatype: float64}
# - {name: zp, datatype: float64}
# - {name: zpsys, datatype: string}
# - {name: pwv, datatype: float64}
# - {name: airmass, datatype: float64}
# meta: {SNID: '16103374', alt: 1024.0, c: -0.06024070829153061, dec: 2.836105, lat: -30.244573, lon: -70.7499537, ra: 245.742188, t0: 61494.30078125,
#   x0: 4.377730868579833e-05, x1: 0.658330500125885, z: 0.24404574930667877}
# schema: astropy-2.0
time band flux fluxerr zp zpsys pwv airmass
61476.383 lsst_hardware_r 1639.6622514977769 46.34110992923194 31.479999542236328 AB 8.747086497233283 1.2084114798968408
61476.4022 lsst_hardware_y 134.37958569099354 58.076907136448575 30.0 AB 8.610968565337677 1.1934814366372386
61477.3837 lsst_hardware_g 1723.114217636349 43.99504632404869 31.399999618530273 AB 17.054632450159048 1.2043806680667384
61477.403 lsst_hardware_z 1127.3833800878992 62.76362968283396 30.959999084472656 AB 16.922144053961482 1.192722218846769
61481.4091 lsst_hardware_r 5895.243728537495 83.76231132390792 31.559999465942383 AB 10.81114025805933 1.1976006489246593
61485.3057 lsst_hardware_z 4001.0023186326343 87.16828059287668 30.940000534057617 AB 5.353509997437482 1.358414107444172
61485.324 lsst_hardware_y 1123.2063407406745 63.09659945294542 29.969999313354492 AB 5.080624952076428 1.2853393086019678
61487.3865 lsst_hardware_z 8914.262192289627 133.14202800806137 31.729999542236328 AB 7.586273604166343 1.1941715956343857
61487.4033 lsst_hardware_y 1385.538886692023 70.35248131998786 30.010000228881836 AB 7.6262529731412085 1.2078800986958953
61489.3604 lsst_hardware_r 12445.852950425477 142.40515949410215 31.6200008392334 AB 7.937038629602757 1.1963581313776042
61489.3814 lsst_hardware_y 1505.1480800165643 66.0411204009418 30.010000228881836 AB 8.870204240759751 1.1943185998060835
61492.352 lsst_hardware_r 13109.485130717669 129.17444089243605 31.610000610351562 AB 9.373684860998152 1.1964878774196404
61492.3705 lsst_hardware_i 9042.832406803738 108.02430670970989 31.290000915527344 AB 9.493376413688026 1.1933723401625136
61494.3495 lsst_hardware_z 4196.451828791571 79.22964030808281 30.950000762939453 AB 7.597738809310836 1.194863515827907
61494.3696 lsst_hardware_r 12742.833198674227 118.26362348975384 31.559999465942383 AB 7.5153445914579935 1.1951725498959476
61497.3527 lsst_hardware_u 139.11354386050547 12.506806066093242 28.399999618530273 AB 10.691521349976068 1.192617903452554
61497.3701 lsst_hardware_r 11628.421622397616 110.4036773084544 31.479999542236328 AB 10.855500106915036 1.2014498753318492
61499.3555 lsst_hardware_i 8751.470247254141 97.27678556748803 31.229999542236328 AB 9.115475228993096 1.1949497787624772
61499.3756 lsst_hardware_z 4076.1563880030653 75.88029689503486 30.93000030517578 AB 9.932813899730148 1.2148373520538323
61505.3224 lsst_hardware_i 6830.852274788683 88.16810235004499 31.229999542236328 AB 6.333973660484007 1.19368172635741
61505.3402 lsst_hardware_z 3134.0505050174816 70.36741619775059 30.93000030517578 AB 5.652045212407623 1.1955042488303758
61511.324 lsst_hardware_r 7094.360529115763 87.51058641451161 31.479999542236328 AB 20.40934311060966 1.195603080038058
61511.3418 lsst_hardware_g 3570.433064440773 60.86842808073139 31.389999389648438 AB 20.829072973013414 1.2133028279435212
61513.246 lsst_hardware_z 2049.7227317110787 72.16266743884951 30.950000762939453 AB 15.342975037305012 1.2905728256134088
61513.2638 lsst_hardware_r 7313.212242464096 106.49250458012176 31.59000015258789 AB 15.790592068987806 1.2403261384799156
61515.2951 lsst_hardware_i 4946.879918830025 107.74064091554295 31.309999465942383 AB 4.293280847459046 1.193683275475175
61515.3123 lsst_hardware_z 2155.833358194099 85.73973617190768 30.979999542236328 AB 4.3096678638045525 1.1951933063473752
61518.2913 lsst_hardware_r 5760.560109986576 135.5896797812808 31.6200008392334 AB 6.752263676119807 1.1926984825929947
61518.3093 lsst_hardware_z 2153.146597061877 91.14246022980417 30.979999542236328 AB 6.74775333371861 1.1984997484476974
61520.2888 lsst_hardware_y 828.9662428225332 59.47843462023158 30.0 AB 16.194235110044897 1.1925648124634172
61520.3076 lsst_hardware_r 4892.873576250208 103.6281822286317 31.610000610351562 AB 15.378193742901178 1.2017343378146272
61522.2875 lsst_hardware_i 4388.7293030572455 79.47584346636519 31.280000686645508 AB 3.2213652342070884 1.1930982348915142
61522.3066 lsst_hardware_z 2208.5736962223914 68.22082766988186 30.950000762939453 AB 2.4220484089016923 1.206499830088016
61524.2932 lsst_hardware_r 3776.039885221442 68.86742038112916 31.530000686645508 AB 14.417388980274211 1.1987186669481358
61524.3109 lsst_hardware_g 1290.2027054613147 44.04449955851478 31.549999237060547 AB 14.700853494496252 1.2205449370663999
61526.2552 lsst_hardware_u 11.477695775999429 4.3937144274200035 28.31999969482422 AB 10.866300868654422 1.1993599251648999
61526.2734 lsst_hardware_r 3301.450451425461 62.329634903388644 31.479999542236328 AB 10.91929349167064 1.1926159508145855
61528.2557 lsst_hardware_i 3752.022557494199 67.96708206420571 31.229999542236328 AB 15.12686994422328 1.1953590199312465
61528.2725 lsst_hardware_z 2225.114924716612 62.899829943537725 30.93000030517578 AB 15.040825760968987 1.1934637453159904
61530.2542 lsst_hardware_r 2685.1306009923605 57.272198043939845 31.469999313354492 AB 10.745429703708044 1.1936713734401294
61530.2722 lsst_hardware_u 9.13441338937155 4.377746994090552 28.3700008392334 AB 10.86208687648291 1.1956505698043858
61533.2568 lsst_hardware_i 3109.0908634292177 63.82150029452577 31.239999771118164 AB 11.094533386406933 1.1929605791835411
61533.2749 lsst_hardware_z 1859.5759100189152 61.224351014021366 30.940000534057617 AB 11.202818493807813 1.2046041391191196
61535.2531 lsst_hardware_r 2133.3897606940013 52.203579777354285 31.489999771118164 AB 8.473024454834073 1.193383726032968
61535.272 lsst_hardware_g 614.223787201897 28.517048062534457 31.40999984741211 AB 8.57383242199612 1.207582031267059
61539.0808 lsst_hardware_i 2192.6931459252787 63.43403547974217 31.100000381469727 AB 14.013143138893636 2.192236821979032
61539.1034 lsst_hardware_z 1536.6043720818986 64.23537305313357 30.8799991607666 AB 11.048241097207981 1.8083214191513486
61543.1955 lsst_hardware_y 615.6311868982485 61.36007401209286 30.0 AB 8.914547241458084 1.2147642217699068
61543.216 lsst_hardware_r 1854.4819859103352 103.25916715141325 31.6200008392334 AB 9.544641848084007 1.194747899954187
61553.2034 lsst_hardware_r 1287.8410074613114 46.87418241807488 31.530000686645508 AB 9.014744963320105 1.1932420697549333
61553.2237 lsst_hardware_i 1541.3017030838328 53.152492725272 31.25 AB 8.529726103843643 1.2086472923367395
61557.1001 lsst_hardware_r 8.108031260358654 24.59000015258789 31.440000534057617 AB 10.335267062053157 1.405011835515655
61557.1233 lsst_hardware_u 3.8644025328136995 2.6600000858306885 28.299999237060547 AB 9.702823663877274 1.299601347961132
61560.1679 lsst_hardware_g 2.4837434260949336 14.520000457763672 31.389999389648438 AB 13.709202720715199 1.195604760665869
61560.189 lsst_hardware_r 39.68111455625589 23.90999984741211 31.479999542236328 AB 13.702017938717114 1.1949955322514454
61562.1569 lsst_hardware_i 26.78080434638638 32.470001220703125 31.229999542236328 AB 6.738145839790196 1.1993851619420073
61562.1794 lsst_hardware_z 13.108930598847934 43.959999084472656 30.93000030517578 AB 6.468238299162356 1.1934019002145024
61571.1099 lsst_hardware_z 43.09797942273584 62.619998931884766 30.950000762939453 AB 15.275116395987245 1.2308302618891855
61571.1292 lsst_hardware_r -106.48148051856187 78.41999816894531 31.610000610351562 AB 14.789463433948804 1.2021999214720211
61573.1105 lsst_hardware_z -49.02597853429878 88.23999786376953 30.969999313354492 AB 6.499401520192064 1.2196859526515127
61573.1303 lsst_hardware_r 98.76594052264043 135.64999389648438 31.6200008392334 AB 6.216131843724346 1.1968676934197446
61575.1123 lsst_hardware_i -37.301414603934276 97.97000122070312 31.309999465942383 AB 4.429034444931373 1.2089625890354505
61575.1323 lsst_hardware_z 116.22380979071615 83.19999694824219 30.979999542236328 AB 4.5349124975229715 1.1933980256639398
61577.1144 lsst_hardware_r 23.34991958741179 87.44999694824219 31.6200008392334 AB 3.6021557012551897 1.2007185670850633
61577.1339 lsst_hardware_z 92.02828894935983 63.93000030517578 30.969999313354492 AB 3.5921802778764413 1.1926229342218442
61581.1059 lsst_hardware_i -7.924931675414839 32.099998474121094 31.229999542236328 AB 6.1691720334545295 1.1986927314473934
61581.1236 lsst_hardware_z -4.667518718572968 43.529998779296875 30.93000030517578 AB 6.298204694075323 1.192672384429438
61588.1572 lsst_hardware_r 18.87968533917126 33.470001220703125 32.20000076293945 AB 11.266539171613298 1.269135532999395
61588.1859 lsst_hardware_u -0.11226651973568005 3.5 28.889999389648438 AB 11.429023484986333 1.3843713151423351
61590.0874 lsst_hardware_g 8.77153682921891 14.149999618530273 31.3799991607666 AB 10.593666214581454 1.1948979177826415
61590.1092 lsst_hardware_r -16.34903075274523 23.559999465942383 31.479999542236328 AB 10.556604709618027 1.1961480606898223
61595.0871 lsst_hardware_i -51.79191841178203 32.97999954223633 31.229999542236328 AB 3.728840136818644 1.1929107342527925
61595.1079 lsst_hardware_z 83.3705083255787 44.130001068115234 30.93000030517578 AB 3.781576861208865 1.2072715317257203
61599.0499 lsst_hardware_z 79.1998383862364 81.30999755859375 31.700000762939453 AB 7.499778051137203 1.2052031043421798
61599.074 lsst_hardware_r 120.88632463298603 92.77999877929688 32.349998474121094 AB 7.436333099848963 1.1926438373497912
61606.0464 lsst_hardware_i -17.429643099071843 65.68000030517578 31.299999237060547 AB 3.376075237184834 1.1938031248885552
61606.0664 lsst_hardware_z -46.13693146013971 61.08000183105469 30.969999313354492 AB 3.383864044451429 1.196698353572355
61610.0164 lsst_hardware_u -1.0939359408082172 2.700000047683716 28.3700008392334 AB 7.4854250533187585 1.2094073222725268
61610.0495 lsst_hardware_g -8.864601079556305 20.06999969482422 32.13999938964844 AB 7.282087847422933 1.1937848930201531
61610.0818 lsst_hardware_r 9.292243150405978 23.68000030517578 31.469999313354492 AB 7.510335789876039 1.2312025885042688
61616.0198 lsst_hardware_r 3.065198818954597 23.600000381469727 31.479999542236328 AB 6.112108291750738 1.1935768836616578
61616.0425 lsst_hardware_i 5.329879475563885 32.040000915527344 31.239999771118164 AB 5.755935257945367 1.1991531787386183
61621.0082 lsst_hardware_u 1.4196313130452856 2.5299999713897705 28.229999542236328 AB 0.46290187929930166 1.1930460806683032
61621.0318 lsst_hardware_r -9.716214164645402 23.6299991607666 31.459999084472656 AB 0.47408987192648394 1.2017487247819618
61623.0092 lsst_hardware_i 9.906695134490556 32.209999084472656 31.239999771118164 AB 1.4897020663458858 1.1927158257372983
61623.0319 lsst_hardware_z -26.11631278037552 43.5099983215332 30.940000534057617 AB 1.3721055353755258 1.2078393797319769
61624.9769 lsst_hardware_y -14.16992959206003 51.459999084472656 29.989999771118164 AB 4.071516014950475 1.2075677750718168
61625.0085 lsst_hardware_r -36.99558775675704 43.369998931884766 32.290000915527344 AB 4.628267356073798 1.193775433601702
61625.038 lsst_hardware_z 6.413660189409063 45.18000030517578 30.940000534057617 AB 4.763679908450285 1.2256991916763889
61627.987 lsst_hardware_y 60.551771415197344 79.11000061035156 30.75 AB 9.228839408898198 1.1935901977364456
61629.9745 lsst_hardware_z 18.535032701025965 63.380001068115234 30.959999084472656 AB 4.51186766405211 1.1969935436997108
61629.9944 lsst_hardware_i -81.26399325353287 63.380001068115234 31.299999237060547 AB 4.8771737869724126 1.1936303932874235
61843.3666 lsst_hardware_z 39.464910097401884 63.70000076293945 30.959999084472656 AB 12.777634765242613 1.2266921916134224
61843.3777 lsst_hardware_y 81.59209343049997 55.189998626708984 29.989999771118164 AB 13.651309617341226 1.2090702227346453
61845.3845 lsst_hardware_z -124.95874227612903 61.0099983215332 30.959999084472656 AB 9.161657864303924 1.1970807313985883
61845.4036 lsst_hardware_y -8.079733821722025 62.68000030517578 30.010000228881836 AB 9.18464087103044 1.1932495772509937
61847.3852 lsst_hardware_r -68.37239995966986 48.66999816894531 31.59000015258789 AB 8.564107650579825 1.1938950476533972
61847.405 lsst_hardware_y 34.321741949516905 60.20000076293945 30.010000228881836 AB 8.611625426119842 1.196225229354055
61849.3851 lsst_hardware_r 17.867988863274153 29.350000381469727 31.520000457763672 AB 6.767817289112776 1.1926369752900587
61849.4025 lsst_hardware_y 25.28113212747914 53.720001220703125 29.989999771118164 AB 6.714859303470502 1.1982261426606893
61851.3826 lsst_hardware_g -30.22513272425289 15.619999885559082 31.40999984741211 AB 6.885740915762282 1.1925425901909044
61851.4038 lsst_hardware_z -33.28599132595149 47.70000076293945 30.940000534057617 AB 6.849664525710186 1.204442504960469
61855.3043 lsst_hardware_r -13.580852079011459 23.8700008392334 31.440000534057617 AB 8.325388613506002 1.3092292205544687
61855.3217 lsst_hardware_u -2.44137174101299 2.549999952316284 28.239999771118164 AB 8.024127039717806 1.253900464587635
61861.3541 lsst_hardware_u 1.6267901838083654 2.5799999237060547 28.280000686645508 AB 7.184399996720553 1.1925304999121178
61861.3721 lsst_hardware_g 5.1581242470353175 14.010000228881836 31.360000610351562 AB 7.249725034470549 1.2001365781518258
61865.3521 lsst_hardware_z 28.57409930852495 43.31999969482422 30.93000030517578 AB 9.149904452200348 1.1943096038114338
61865.3709 lsst_hardware_r -6.897550469177602 23.520000457763672 31.469999313354492 AB 9.332119615358604 1.210980647572913
61867.3179 lsst_hardware_r -16.556822372082173 37.099998474121094 31.559999465942383 AB 10.080971218414243 1.2025254440542683
61867.336 lsst_hardware_z 36.20899671100773 43.349998474121094 30.940000534057617 AB 9.705056803430367 1.1926337085628715
61873.2486 lsst_hardware_y -20.352455821775862 60.58000183105469 29.969999313354492 AB 16.300262046852268 1.335785953727835
61873.267 lsst_hardware_r -19.761514597393102 102.52999877929688 31.610000610351562 AB 15.076176048151614 1.2693589330766704
61875.3273 lsst_hardware_i 22.199255213341683 56.15999984741211 31.290000915527344 AB 11.688504332481152 1.1955103132332539
61875.3445 lsst_hardware_z -78.95076156382478 56.560001373291016 30.950000762939453 AB 11.919925889535122 1.212236945950873
61879.2711 lsst_hardware_z -13.5089992796031 44.36000061035156 30.93000030517578 AB 11.7577564316326 1.221648546068118
61879.2881 lsst_hardware_r -8.225791251560684 26.579999923706055 31.5 AB 11.933776683316331 1.1997965800348194
61884.2928 lsst_hardware_g -19.00133084378327 14.1899995803833 31.3799991607666 AB 10.613809130151791 1.1925628236125607
61884.3083 lsst_hardware_r 1.6970965950113306 23.5 31.459999084472656 AB 10.67371208887702 1.1992934931322494
61887.1948 lsst_hardware_r -9.571328073667564 24.229999542236328 31.420000076293945 AB 4.942383714698505 1.4137927193416462
61887.2141 lsst_hardware_g 4.608755824483508 14.15999984741211 31.31999969482422 AB 3.800492552074853 1.320303127349263
61890.2615 lsst_hardware_u 4.58414103904198 2.559999942779541 28.260000228881836 AB 12.65465427165516 1.1971859233378157
61890.2799 lsst_hardware_r -31.22042223962892 23.600000381469727 31.459999084472656 AB 12.575157530421006 1.1930512188502267
61892.2041 lsst_hardware_i 0.5508238070632795 32.77000045776367 31.219999313354492 AB 10.385364919586724 1.3061709117830116
61892.2207 lsst_hardware_z -0.51956666223028 44.0 30.940000534057617 AB 10.03430337185826 1.25386996482734
61893.219 lsst_hardware_r -30.64285816206705 24.079999923706055 31.479999542236328 AB 14.850735080275367 1.2512204128633724
61893.2357 lsst_hardware_u -1.93360642833445 2.75 28.40999984741211 AB 14.428399332776864 1.216970254114108
61896.2696 lsst_hardware_i -6.90158270997798 48.79999923706055 31.280000686645508 AB 3.137921125995731 1.1953226306884888
61896.2881 lsst_hardware_z 28.81705634719297 50.900001525878906 30.950000762939453 AB 3.2154022579154 1.2135883215381769
61898.2608 lsst_hardware_r -31.492283191276414 96.80000305175781 31.6200008392334 AB 11.102833807745673 1.1938530976070616
61898.278 lsst_hardware_z 113.27572373756352 69.36000061035156 30.969999313354492 AB 11.228487200152312 1.207364215070141
61900.2529 lsst_hardware_r -160.1896055778082 137.6199951171875 31.6299991607666 AB 8.471190743188306 1.1931254567870853
