data/validation/pwv_sim_epoch_fit_epoch/16270703.ecsv
# %ECSV 0.9
# ---
# datatype:
# - {name: time, datatype: float64}
# - {name: band, datatype: string}
# - {name: flux, datatype: float64}
# - {name: fluxerr, datatype: float64}
# - {name: zp, datatype: float64}
# - {name: zpsys, datatype: string}
# - {name: pwv, datatype: float64}
# - {name: airmass, datatype: float64}
# meta: {SNID: '16270703', alt: 1024.0, c: -0.04931522160768509, dec: -61.566963, lat: -30.244573, lon: -70.7499537, ra: 107.240257, t0: 60661.984375,
#   x0: 2.0099038726488262e-05, x1: 0.24809038639068604, z: 0.3423139750957489}
# schema: astropy-2.0
time band flux fluxerr zp zpsys pwv airmass
60643.3375 lsst_hardware_r 833.3932319369269 36.938667546260966 31.459999084472656 AB 7.221000288976455 1.1837705391764681
60643.3492 lsst_hardware_i 700.4751333810364 46.64158236364403 31.25 AB 7.346955621119999 1.1943032708404226
60645.3412 lsst_hardware_z 819.4455440050373 53.91326072080739 30.950000762939453 AB 7.915257172269866 1.191742714234933
60645.3525 lsst_hardware_r 1633.448973831721 51.86126653431468 31.549999237060547 AB 8.065525748048195 1.2043490739208893
60647.3363 lsst_hardware_r 2215.4525277123025 52.16188185665971 31.459999084472656 AB 5.201595355965931 1.1922972240140826
60647.3487 lsst_hardware_u 37.54293830730258 9.120214877641809 28.959999084472656 AB 5.216367661836813 1.2064685055516489
60651.3329 lsst_hardware_z 1951.9203548437026 61.843570464861614 30.940000534057617 AB 6.6412686155268705 1.2004462159775782
60651.3447 lsst_hardware_r 3997.837893979 67.78042687076636 31.489999771118164 AB 7.5601651753420915 1.2160471570440479
60653.3095 lsst_hardware_u 40.69929048113449 7.207777702277377 28.350000381469727 AB 11.915376797204255 1.1832548954522597
60653.3222 lsst_hardware_g 3353.1278319825383 58.972124052761274 31.350000381469727 AB 11.960026630885796 1.1946288399226686
60655.2773 lsst_hardware_g 3602.999310412415 61.72086567793373 31.329999923706055 AB 14.33142311802094 1.1714900165953621
60655.2903 lsst_hardware_r 5169.926405942755 75.54866996826789 31.459999084472656 AB 14.298940015938387 1.1751829009941896
60657.2875 lsst_hardware_i 4568.229247311597 80.8666536577087 31.280000686645508 AB 9.411294957589194 1.1764118696986492
60657.3004 lsst_hardware_z 2861.679831024753 71.53529358239625 30.950000762939453 AB 8.568624359407885 1.184657038491309
60659.2878 lsst_hardware_r 6764.694755047232 114.01638553554965 31.6200008392334 AB 12.375086631395913 1.1796228830907793
60659.3007 lsst_hardware_z 3019.1706388797948 78.13700640797579 30.959999084472656 AB 12.587280736983894 1.1895922819565485
60661.2861 lsst_hardware_z 2909.654742219794 76.40898365756522 30.959999084472656 AB 6.173089120290092 1.1821311988299676
60661.299 lsst_hardware_i 4814.148298426292 88.89486335579589 31.290000915527344 AB 8.331695475678575 1.1932395148306212
60664.293 lsst_hardware_z 2813.103410145825 72.3281772530675 30.950000762939453 AB 7.138266547451273 1.1955226597264539
60664.3049 lsst_hardware_r 6507.485270644794 93.51915242700635 31.579999923706055 AB 7.2607736937618865 1.2099608988354762
60666.2891 lsst_hardware_y 694.7424400829863 54.56212399416165 30.0 AB 8.02137152771573 1.1972196310023475
60666.301 lsst_hardware_g 3944.8955430160195 69.67289206793728 31.600000381469727 AB 8.213722349564302 1.212118994967431
60667.2911 lsst_hardware_r 5829.232577776869 82.07848115537446 31.530000686645508 AB 6.623488587678513 1.2027216925497408
60667.3034 lsst_hardware_i 4539.153801372855 75.89298204750888 31.25 AB 7.384765476494885 1.2196480183591432
60669.2929 lsst_hardware_z 2645.417389883411 66.51017214320292 30.93000030517578 AB 10.344937610755341 1.2122500227438193
60669.3046 lsst_hardware_r 5150.350951413059 75.87810502291472 31.469999313354492 AB 10.491446207512785 1.2304516750733343
60671.2245 lsst_hardware_z 2468.1750929466943 65.06798381175052 30.940000534057617 AB 7.011476760924947 1.171182087013987
60671.2363 lsst_hardware_r 4901.905542763877 72.71330722590109 31.469999313354492 AB 7.094276335184843 1.1719619496449731
60673.2239 lsst_hardware_u 7.4612630978595655 4.252112787891701 28.329999923706055 AB 10.508149116402288 1.1711288858461573
60673.2376 lsst_hardware_g 1997.7170071863934 46.36112279444678 31.350000381469727 AB 10.543236402602385 1.1738183480964444
60679.225 lsst_hardware_g 1214.1458490536559 36.91143158256423 31.34000015258789 AB 3.055812017229289 1.1753123143189572
60679.2373 lsst_hardware_r 3034.4399184875174 59.515285650173595 31.459999084472656 AB 3.0992692761180463 1.1824006903229018
60681.2071 lsst_hardware_r 2634.658261875267 56.172912451150715 31.459999084472656 AB 7.93844092794392 1.1716391303880038
60681.2204 lsst_hardware_i 2813.3583815452653 61.21416987803291 31.229999542236328 AB 8.248895035141324 1.1756982732937729
60683.2046 lsst_hardware_z 1580.7986804582908 58.03300377193441 30.940000534057617 AB 7.922907461525101 1.1722011335293834
60683.2181 lsst_hardware_r 2189.727140183412 52.96383083784868 31.459999084472656 AB 9.500734090691326 1.1772539996519733
60685.1921 lsst_hardware_z 3353.827168907011 88.74158964328628 31.700000762939453 AB 8.963163668395888 1.171196088905774
60687.1801 lsst_hardware_r 2190.267044984194 83.0239531691139 31.6200008392334 AB 7.33596644320124 1.1712559515488943
60687.1936 lsst_hardware_z 1575.5005032374709 67.61544569018477 30.959999084472656 AB 7.37912933705159 1.1721896699136782
60689.179 lsst_hardware_r 1778.69817107023 91.39935366344766 31.6299991607666 AB 9.293766657666064 1.1711141435681272
60689.191 lsst_hardware_y 385.4805901295974 56.557998031996455 30.020000457763672 AB 9.292219533137336 1.1729144864481007
60691.1847 lsst_hardware_z 1650.8648961635838 66.87655803827906 30.959999084472656 AB 6.084480282895564 1.1726858018493906
60691.1966 lsst_hardware_r 1656.7573516471728 78.13845215663234 31.6200008392334 AB 6.098588251293783 1.177447292459462
60693.1651 lsst_hardware_r 1408.0434878632493 61.99046169606197 31.600000381469727 AB 5.236305163364154 1.1711709155366035
60693.1825 lsst_hardware_i 4008.837631309879 90.8163768795673 32.029998779296875 AB 7.279910541015042 1.1736743133622702
60693.2009 lsst_hardware_z 1517.426672839199 63.19898814126335 30.950000762939453 AB 7.39046412264472 1.1837685131975821
60696.1633 lsst_hardware_z 1576.3631314823845 57.52267492185957 30.93000030517578 AB 13.94273876350201 1.1713060154296964
60696.177 lsst_hardware_r 1075.1657683264366 43.5474715879146 31.510000228881836 AB 13.508735864587399 1.174672683877165
60698.16 lsst_hardware_u 3.6536535657856426 3.0140393372999887 28.31999969482422 AB 8.910103488515137 1.1715598906708191
60698.1726 lsst_hardware_g 295.09589119843787 20.89226411630605 31.34000015258789 AB 10.215644961504399 1.1751125339153834
60702.1751 lsst_hardware_u 0.16612225709453501 2.8965808301804206 28.34000015258789 AB 13.030453527504795 1.182866151734277
60702.187 lsst_hardware_g 250.1097661691332 19.691769334458066 31.329999923706055 AB 13.211531317152243 1.1932380163612935
60706.156 lsst_hardware_i 1204.0012534340356 46.44675806172945 31.239999771118164 AB 10.702364909046937 1.1776585811484517
60706.1679 lsst_hardware_z 1080.1206086981072 52.7563993851502 30.940000534057617 AB 12.214474158893882 1.185756155605649
60708.1548 lsst_hardware_r 1187.9209949812337 46.70665947756163 32.220001220703125 AB 8.446577892421393 1.1801841403411197
60708.1665 lsst_hardware_u -1.046255778867538 3.8794591460746175 29.18000030517578 AB 8.520182878175957 1.1892775914634348
60710.1571 lsst_hardware_g 178.41791285161622 18.457780652154764 31.360000610351562 AB 12.16960108822973 1.1858609065487324
60710.1683 lsst_hardware_i 1034.328198887201 44.61489195600224 31.229999542236328 AB 10.846440725267483 1.1965515568843579
60712.1515 lsst_hardware_z 824.5784493505822 52.23994353049442 30.940000534057617 AB 4.664541843268691 1.1857497377287696
60712.1634 lsst_hardware_r 542.2925847325571 36.56869052335414 31.520000457763672 AB 4.720637606778935 1.1971691804672053
60715.1564 lsst_hardware_y 476.85326066295295 75.1383994524983 30.760000228881836 AB 6.711625494576539 1.1985045526029534
60719.0964 lsst_hardware_r 510.7011660903462 83.32210974557415 31.6200008392334 AB 4.014675005159263 1.1711420668492556
60719.1092 lsst_hardware_i 793.9228463119445 69.79483750658062 31.299999237060547 AB 4.017268358800497 1.172982147686164
60721.0809 lsst_hardware_z 653.8509352273547 58.35551817748239 30.959999084472656 AB 2.0185449382697116 1.1722663339900654
60721.0936 lsst_hardware_r 537.8231782057804 67.0196008612686 31.610000610351562 AB 1.7540058096855247 1.1712241787450046
60723.0897 lsst_hardware_u 3.940667283917042 8.45586498605512 29.610000610351562 AB 2.8024475978913532 1.1713469583662919
60723.1011 lsst_hardware_g 408.6705605126287 56.665839805294304 32.380001068115234 AB 2.8099905877781315 1.1738864074269146
60728.0836 lsst_hardware_r 427.84776629277263 29.9169888735528 31.469999313354492 AB 7.159677625394378 1.1727083453412028
60728.0958 lsst_hardware_u 7.847892185650121 3.157823281149375 28.3700008392334 AB 7.200812163567871 1.1776135023619725
60730.0807 lsst_hardware_g -5.931322732300348 12.850000381469727 31.360000610351562 AB 9.286379034749878 1.173460979076266
60730.0936 lsst_hardware_r 26.340262535506355 22.049999237060547 31.469999313354492 AB 9.096403671966263 1.1795001789788029
60734.0811 lsst_hardware_r -11.070807529397124 21.979999542236328 31.450000762939453 AB 6.585701316570722 1.1785611184676559
60734.0925 lsst_hardware_u 2.207839626897742 2.5299999713897705 28.299999237060547 AB 6.055549328199666 1.1866645753869618
60737.0533 lsst_hardware_u 1.137837691266487 2.5299999713897705 28.309999465942383 AB 7.375518282463467 1.1715695200153764
60737.0652 lsst_hardware_g -2.9742105721420597 12.699999809265137 31.31999969482422 AB 7.390229716023229 1.174777207172949
60739.0738 lsst_hardware_z -43.20828787516548 42.689998626708984 30.940000534057617 AB 12.654990395335357 1.1827093827416222
60739.0859 lsst_hardware_r -32.73074615284169 22.90999984741211 31.469999313354492 AB 12.34315443224373 1.1932093800805965
60741.0478 lsst_hardware_r -44.10387508319974 31.530000686645508 31.530000686645508 AB 7.631149200827621 1.1726398403156533
60741.0601 lsst_hardware_y 104.98572776160395 48.61000061035156 29.989999771118164 AB 7.624023487962325 1.177515983519679
60743.0465 lsst_hardware_z 14.749400739776911 47.47999954223633 30.950000762939453 AB 12.64563108318311 1.173908058500602
60743.0592 lsst_hardware_r -14.797973615197503 44.77000045776367 31.59000015258789 AB 12.659030669532768 1.1802008175831162
60750.0429 lsst_hardware_i 18.760686025103258 58.349998474121094 31.299999237060547 AB 9.200476960959186 1.1820994403682157
60750.0552 lsst_hardware_z 90.7613083821501 56.5099983215332 30.959999084472656 AB 9.29167458661403 1.1925526491691538
60752.033 lsst_hardware_r -35.30897356443123 37.91999816894531 31.56999969482422 AB 9.152327757758854 1.1791957428021458
60752.046 lsst_hardware_u -0.04585938947458717 6.429999828338623 28.959999084472656 AB 8.167233282790974 1.1889988765163473
60754.0299 lsst_hardware_g 2.9270288654840626 12.890000343322754 31.350000381469727 AB 5.690119410870117 1.180686003085513
60754.0424 lsst_hardware_i -44.669582647329875 31.110000610351562 31.229999542236328 AB 4.453722469809056 1.1907287594178029
60756.0305 lsst_hardware_z 39.514099026971394 43.06999969482422 30.950000762939453 AB 6.213874615712131 1.1851000538548246
60756.0426 lsst_hardware_r 12.580267764581507 22.3799991607666 31.479999542236328 AB 4.688274176968598 1.196497025172752
60758.0309 lsst_hardware_u -0.143810101397538 2.700000047683716 28.450000762939453 AB 5.556386218745011 1.1901866164174812
60758.0452 lsst_hardware_g -0.16231129868379834 12.979999542236328 31.3700008392334 AB 4.992575785171391 1.2060575625980208
60993.2298 lsst_hardware_r 23.99359926643742 22.93000030517578 31.43000030517578 AB 9.56763811378381 1.3342125385279333
60993.2374 lsst_hardware_i 22.28283118756358 32.2599983215332 31.200000762939453 AB 9.486995663304906 1.3118987296280034
61006.3481 lsst_hardware_r -19.99072332834195 25.670000076293945 31.5 AB 4.687405457763739 1.1874364680846068
61009.3404 lsst_hardware_z 29.816023405478393 45.0099983215332 30.940000534057617 AB 7.283606027283406 1.187867250983975
61009.3522 lsst_hardware_i -1.581031978116489 44.91999816894531 31.280000686645508 AB 7.325407863738432 1.1999030079834039
61011.3412 lsst_hardware_z 29.361786425437256 44.650001525878906 30.950000762939453 AB 7.929168530833409 1.1938372463331817
61011.3531 lsst_hardware_g -22.226431841621135 32.2599983215332 31.610000610351562 AB 8.005012804255712 1.2078024675425802
61015.3366 lsst_hardware_i 10.912261438894046 58.689998626708984 31.290000915527344 AB 5.071688686128827 1.2008260177882861
61015.349 lsst_hardware_z 31.0005002763631 68.30000305175781 30.959999084472656 AB 5.177337309526378 1.2174092785907369
61020.2848 lsst_hardware_z -34.04820243959848 44.720001220703125 30.940000534057617 AB 11.094053361103295 1.1729809009411967
61020.2986 lsst_hardware_r -25.54798150078052 33.59000015258789 31.549999237060547 AB 9.78376636025416 1.1791577161414062
61022.2828 lsst_hardware_i -10.440806664666594 32.16999816894531 31.239999771118164 AB 12.263164553515294 1.1741265310465119
61022.2961 lsst_hardware_z -43.53174840438516 43.18000030517578 30.940000534057617 AB 11.81464749456332 1.1810513814728165
61024.2866 lsst_hardware_r -28.25346578307147 22.290000915527344 31.459999084472656 AB 9.617845421506635 1.1785231519745696
61024.3001 lsst_hardware_u -1.306201260566771 2.5799999237060547 28.299999237060547 AB 9.819737430343116 1.188463377933564
61026.2872 lsst_hardware_g -16.131472298802503 12.789999961853027 31.34000015258789 AB 8.384261528743696 1.1824640756989913
61026.3 lsst_hardware_r -43.62053304702602 22.09000015258789 31.459999084472656 AB 7.877771434815876 1.19360173254786
61028.2862 lsst_hardware_i 18.942586316045062 30.84000015258789 31.229999542236328 AB 5.150109173750667 1.185909659490108
61028.2989 lsst_hardware_z -67.95340840532958 42.790000915527344 30.93000030517578 AB 5.882814107845175 1.1982918470623327
61030.2931 lsst_hardware_r 15.452427210695392 31.25 32.20000076293945 AB 7.348198229274243 1.1979130383275494
61030.3062 lsst_hardware_g -0.41874172938792803 18.15999984741211 32.08000183105469 AB 7.414789730997415 1.214709580504696
61032.2923 lsst_hardware_r 30.430207030004826 22.049999237060547 31.459999084472656 AB 8.131375878972284 1.2034003076768585
61032.3049 lsst_hardware_i -10.948236730677372 30.989999771118164 31.219999313354492 AB 8.277896108989827 1.2209586433771469
61040.2265 lsst_hardware_r 23.709634198996046 45.630001068115234 31.59000015258789 AB 7.831374852465943 1.1720836906121468
61040.2404 lsst_hardware_i 61.64763603927495 42.209999084472656 31.270000457763672 AB 7.874202761631659 1.1771575076564087
61042.2307 lsst_hardware_z 10.355742173793471 56.18000030517578 30.959999084472656 AB 6.4523566407031545 1.1751499467040716
61042.2433 lsst_hardware_r -23.54757522685267 72.56999969482422 31.610000610351562 AB 6.5840074823796355 1.1823310455608103
61043.2258 lsst_hardware_z 35.705688777245314 58.439998626708984 30.959999084472656 AB 4.017799279032633 1.1742800757073293
61043.2387 lsst_hardware_r -57.531282257987925 79.93000030517578 31.6200008392334 AB 4.1578388125022805 1.1810364472382544
61045.2034 lsst_hardware_z -75.03806655731441 54.970001220703125 30.959999084472656 AB 13.460379331426955 1.1711212196451894
61045.2148 lsst_hardware_i 32.02806786068754 56.349998474121094 31.299999237060547 AB 13.619638724872454 1.1725400305516296
61048.2052 lsst_hardware_z 28.314708764856253 47.84000015258789 30.950000762939453 AB 7.857326202583236 1.1722103837957984
61048.2182 lsst_hardware_r -91.1244518528338 44.7400016784668 31.59000015258789 AB 9.46411874690779 1.1769828064802639
61054.1893 lsst_hardware_u -4.820234407883158 3.549999952316284 29.049999237060547 AB 9.29753498422887 1.1723276222627572
61054.2026 lsst_hardware_g 2.295556797422929 12.729999542236328 31.34000015258789 AB 9.346205327717712 1.1774005199946727
61056.1824 lsst_hardware_r 32.18682836153608 21.93000030517578 31.459999084472656 AB 6.055537403576091 1.1720205939083739
61056.194 lsst_hardware_i 1.071377461273402 30.68000030517578 31.229999542236328 AB 6.053543221093052 1.1758448445769052
61058.1841 lsst_hardware_z -17.072205514434643 42.5099983215332 30.93000030517578 AB 7.295002348843307 1.1740253766713118
61058.1963 lsst_hardware_r -5.137739048966206 21.93000030517578 31.440000534057617 AB 7.34028795694917 1.1801106040111204
61060.1603 lsst_hardware_r 5.880103297350508 21.889999389648438 31.450000762939453 AB 8.738895343157383 1.171198196496326
