data/validation/pwv_sim_epoch_fit_epoch/1628557.ecsv
# %ECSV 0.9
# ---
# datatype:
# - {name: time, datatype: float64}
# - {name: band, datatype: string}
# - {name: flux, datatype: float64}
# - {name: fluxerr, datatype: float64}
# - {name: zp, datatype: float64}
# - {name: zpsys, datatype: string}
# - {name: pwv, datatype: float64}
# - {name: airmass, datatype: float64}
# meta: {SNID: '1628557', alt: 1024.0, c: -0.022012459114193916, dec: -16.334824, lat: -30.244573, lon: -70.7499537, ra: 287.753906, t0: 62312.92578125,
#   x0: 6.203963063642999e-06, x1: 1.0754027366638184, z: 0.5610570311546326}
# schema: astropy-2.0
time band flux fluxerr zp zpsys pwv airmass
[from data line 132]
62705.0056 lsst_hardware_z 15.590185405806956 49.16999816894531 30.8799991607666 AB 7.002736724392504 1.6580738480438437
62710.1177 lsst_hardware_g -15.910745103789848 15.300000190734863 31.440000534057617 AB 3.9753994075807206 1.0461577388370318
62710.1373 lsst_hardware_r 8.49312320365033 24.190000534057617 31.510000228881836 AB 3.8194094415106723 1.0322728220299113
62712.119 lsst_hardware_i 2.5029615164355747 31.540000915527344 31.25 AB 5.406925884277194 1.0397934392840757
62712.1382 lsst_hardware_r 38.93635742618219 24.209999084472656 31.510000228881836 AB 5.730753001339131 1.0307109714638725
62717.1077 lsst_hardware_u 0.4758534297984376 2.7300000190734863 28.420000076293945 AB 1.8981926205345696 1.0379727248309336
62717.1256 lsst_hardware_g 29.5794589079747 15.25 31.459999084472656 AB 1.4673015003088292 1.0305892890667807
62721.0865 lsst_hardware_z 7.8610855598380605 49.560001373291016 30.969999313354492 AB 4.608678522241962 1.047426936873173
62721.1046 lsst_hardware_r -85.86792134735363 51.220001220703125 31.639999389648438 AB 4.5467437073558585 1.0333508425808768
62724.0823 lsst_hardware_i -176.03496363824038 106.66000366210938 31.34000015258789 AB 8.428928720368438 1.0432918478021656
62724.1004 lsst_hardware_z -83.63916103030276 91.08999633789062 31.0 AB 7.721702274847835 1.0318303300391307
62732.0912 lsst_hardware_g 21.79239583128326 21.549999237060547 32.220001220703125 AB 2.2475351972441335 1.0307036483712158
62732.1133 lsst_hardware_r -21.416121961006358 34.0099983215332 32.2599983215332 AB 2.2892452787607445 1.042263662219863
62734.06 lsst_hardware_r 51.02983350662765 24.09000015258789 31.520000457763672 AB 3.3204539340675416 1.03894053005868
62734.0803 lsst_hardware_i 6.152648818950528 31.309999465942383 31.260000228881836 AB 3.1332440099687764 1.030502881094812
62737.0589 lsst_hardware_z -26.126802212523344 41.540000915527344 30.950000762939453 AB 2.6727124070519785 1.0343314268777006
62737.0789 lsst_hardware_u -3.444077066159103 2.7799999713897705 28.469999313354492 AB 2.662851915040588 1.0309144076812187
62739.0525 lsst_hardware_g 25.082751905172582 15.25 31.479999542236328 AB 2.0727807557075355 1.0348381206727586
62739.07 lsst_hardware_r 14.142228142209284 24.059999465942383 31.520000457763672 AB 2.0651309253975674 1.0305044537912014
62741.0408 lsst_hardware_i 36.49985127152975 31.420000076293945 31.260000228881836 AB 3.6460515718986777 1.0390078096125417
62741.0578 lsst_hardware_z -4.111085234046724 41.66999816894531 30.950000762939453 AB 3.6081508196077836 1.0309002341736524
62743.0432 lsst_hardware_i 7.536597498803387 31.420000076293945 31.260000228881836 AB 4.300332144272128 1.0339822419504996
62743.061 lsst_hardware_u 5.483638529038608 2.819999933242798 28.489999771118164 AB 4.290215393288021 1.030682376765814
62745.0213 lsst_hardware_u 5.724583371936505 2.819999933242798 28.469999313354492 AB 1.8428258549709045 1.047060144869832
62745.038 lsst_hardware_g 18.844930977595077 15.449999809265137 31.469999313354492 AB 1.8330218158730138 1.033853252043437
62750.0286 lsst_hardware_z -10.776359779089152 56.029998779296875 30.979999542236328 AB 0.925958912602702 1.0320924160535412
62750.0491 lsst_hardware_r -63.964386889784585 62.95000076293945 31.649999618530273 AB 0.6823143111730774 1.0325058933262206
62752.0133 lsst_hardware_i 101.91200350847356 82.9800033569336 31.34000015258789 AB 2.4891451475035646 1.0371438114598186
62752.0317 lsst_hardware_z -77.42191533546085 75.87000274658203 31.0 AB 2.4731429168301804 1.0304762153459086
62754.0138 lsst_hardware_i -12.371694064673095 78.81999969482422 31.34000015258789 AB 3.318432561923375 1.0336722755446086
62754.0319 lsst_hardware_z -32.13429046733482 69.83999633789062 30.989999771118164 AB 3.3047959327266785 1.030815949072576
62756.0163 lsst_hardware_g -50.39209745009467 92.54000091552734 31.739999771118164 AB 2.151698859053152 1.031000890777744
62756.035 lsst_hardware_r -151.9280486392382 86.9800033569336 31.65999984741211 AB 2.073129751195495 1.0334644821512937
62758.9923 lsst_hardware_y 88.39629531855117 48.040000915527344 30.059999465942383 AB 2.3137949685431844 1.038507616042722
62759.0102 lsst_hardware_i -30.210014955047058 31.799999237060547 31.270000457763672 AB 1.3306787578940853 1.0306683724733947
62760.9932 lsst_hardware_z 38.11476151775655 42.2400016784668 30.950000762939453 AB 6.383743503222866 1.0344188457196621
62761.0121 lsst_hardware_u 2.8468285430386273 2.8499999046325684 28.489999771118164 AB 1.7354664608554164 1.0307150472786437
62762.981 lsst_hardware_y 16.961898725111293 72.9800033569336 30.079999923706055 AB 6.298741640785889 1.0387963454746543
62763.0008 lsst_hardware_r -16.07038060217093 24.81999969482422 31.530000686645508 AB 6.080084133389913 1.0305227344728665
62765.9821 lsst_hardware_y 54.993772202635554 67.33999633789062 30.06999969482422 AB 2.054056729937485 1.0331844221511002
62766.0018 lsst_hardware_z -47.34038719262374 42.099998474121094 30.950000762939453 AB 2.6497476695656146 1.031364645954829
