data/validation/pwv_sim_epoch_fit_epoch/1631034.ecsv
# %ECSV 0.9
# ---
# datatype:
# - {name: time, datatype: float64}
# - {name: band, datatype: string}
# - {name: flux, datatype: float64}
# - {name: fluxerr, datatype: float64}
# - {name: zp, datatype: float64}
# - {name: zpsys, datatype: string}
# - {name: pwv, datatype: float64}
# - {name: airmass, datatype: float64}
# meta: {SNID: '1631034', alt: 1024.0, c: 0.06878679245710373, dec: -11.872187, lat: -30.244573, lon: -70.7499537, ra: 27.773438, t0: 62406.671875,
#   x0: 2.7603728135240605e-05, x1: 0.02977926842868328, z: 0.2987913489341736}
# schema: astropy-2.0
time band flux fluxerr zp zpsys pwv airmass
62344.4176 lsst_hardware_i 22.714355771395635 64.58000183105469 31.31999969482422 AB 3.254480890440814 1.0560781688829035
62344.4356 lsst_hardware_y 48.55618442220978 61.630001068115234 30.049999237060547 AB 3.2491551271767025 1.0562064614958806
62346.4079 lsst_hardware_r 123.58519805752557 72.80000305175781 31.649999618530273 AB 4.97173220747475 1.0578153632924998
62346.426 lsst_hardware_y -73.3084215792948 53.400001525878906 30.049999237060547 AB 4.828509086521751 1.0551043236627033
62355.3605 lsst_hardware_g -1.4318148436849554 14.170000076293945 31.40999984741211 AB 4.6278072575374924 1.0791202652530005
62355.3822 lsst_hardware_r -4.051722778221822 23.06999969482422 31.5 AB 3.365871041543772 1.0583945416520428
62357.3747 lsst_hardware_i -12.359192443494585 30.860000610351562 31.25 AB 5.198557789491266 1.059560660946654
62357.3949 lsst_hardware_z 30.657979420517215 41.41999816894531 30.950000762939453 AB 4.126169157505271 1.0549264933113869
62361.3684 lsst_hardware_r -42.49332506457804 23.260000228881836 31.5 AB 4.922255834640686 1.0571476897248853
62361.3857 lsst_hardware_u -1.440939497922618 2.809999942779541 28.510000228881836 AB 4.716915918483147 1.055238460510771
62363.3576 lsst_hardware_g 6.019382272221146 14.390000343322754 31.440000534057617 AB 5.895071684761733 1.0600104923450733
62363.3774 lsst_hardware_i -37.4214233251739 30.989999771118164 31.260000228881836 AB 5.191120762740653 1.0547842655167434
62365.3474 lsst_hardware_z 53.45957245383313 41.95000076293945 30.950000762939453 AB 4.752363524085169 1.0634659634316461
62365.369 lsst_hardware_r 46.054867890212485 23.40999984741211 31.510000228881836 AB 4.691265385201465 1.0546316832915847
62368.3352 lsst_hardware_y -36.86868222892039 48.380001068115234 30.030000686645508 AB 2.843033496860314 1.0670712486651996
62368.3548 lsst_hardware_g -6.576737223904971 28.700000762939453 31.639999389648438 AB 2.7586181825016065 1.0553244768560086
62370.3623 lsst_hardware_r 55.63007806602693 69.9000015258789 31.639999389648438 AB 1.9993218355217843 1.0555152673234234
62370.3828 lsst_hardware_i 85.37646160304976 53.560001373291016 31.309999465942383 AB 1.4210271853873218 1.0687763224477904
62379.2776 lsst_hardware_z -48.9641982029751 47.040000915527344 30.950000762939453 AB 5.474861873423554 1.1098442881458654
62379.296 lsst_hardware_r 45.73417008267108 41.540000915527344 31.600000381469727 AB 6.42915645150921 1.077722982400281
62381.2655 lsst_hardware_y 49.75245044237142 48.05003394506249 30.020000457763672 AB 3.2701104216638517 1.1252638161318562
62381.2824 lsst_hardware_g -14.73451228921382 16.540490614010213 31.469999313354492 AB 3.1733582794183275 1.0900953068164752
62388.2578 lsst_hardware_r 960.4877512979263 38.8577914137582 31.479999542236328 AB 4.730279263941702 1.1000649451027213
62388.2754 lsst_hardware_u -0.8646867362850773 3.5434498769661666 28.34000015258789 AB 4.612579353295916 1.0726928728595155
62391.2701 lsst_hardware_g 1426.7227582013732 39.95471936291079 31.420000076293945 AB 3.8742021747832323 1.0694337987071858
62391.2875 lsst_hardware_i 1867.244553749258 52.61419438580489 31.25 AB 3.909911139510283 1.0567327404081845
62394.2354 lsst_hardware_r 4105.791671915975 69.26651611683548 31.530000686645508 AB 0.9540361708144277 1.1125786248564755
62394.2521 lsst_hardware_z 2419.1871708160406 64.13696088200477 30.950000762939453 AB 2.706861971627955 1.0818792852226455
62400.1289 lsst_hardware_r 14751.365627277259 196.72485929170918 32.2599983215332 AB 7.143656693791735 1.6111088619288987
62400.1516 lsst_hardware_i 11611.105162512824 159.3561952621248 32.02000045776367 AB 6.412258296741902 1.407122733540027
62402.2369 lsst_hardware_z 4449.860712347245 107.51339336531 30.989999771118164 AB 2.136031019690123 1.0730229502795885
62402.2579 lsst_hardware_r 9391.400169893512 158.61961261397644 31.65999984741211 AB 1.8303220384770444 1.0565645786858722
62405.2286 lsst_hardware_z 9151.734958752133 131.0738062188114 31.739999771118164 AB 3.2255421881307664 1.0731536613500756
62410.2052 lsst_hardware_r 8270.636098519482 93.87792886981815 31.5 AB 5.1888070372089725 1.0868318662008294
62410.2237 lsst_hardware_u 48.381573535698465 6.658737705940773 28.469999313354492 AB 4.48983183613038 1.0641723524771287
62415.2082 lsst_hardware_i 5945.974552760923 83.20268562850323 31.239999771118164 AB 5.103129402819909 1.0658165001713806
62415.2265 lsst_hardware_z 3887.3116568934606 73.99259644452783 30.950000762939453 AB 5.102825909808706 1.0553204004843593
62417.181 lsst_hardware_z 3486.59641411589 71.87631667369773 30.950000762939453 AB 4.4681478439233775 1.0955818170633538
62417.1983 lsst_hardware_r 6698.087880447807 84.7068955351741 31.510000228881836 AB 4.449838859937132 1.0703160216325032
62419.1811 lsst_hardware_u 10.782352104991038 4.3668672741184515 28.329999923706055 AB 3.790765075038802 1.0860753724683798
62419.1995 lsst_hardware_g 2647.453133223656 52.877423841802056 31.420000076293945 AB 3.6270396853442826 1.06385598905275
62421.1805 lsst_hardware_r 5338.93687320432 76.73889832651692 31.489999771118164 AB 6.735658933282812 1.0788562092819602
62421.199 lsst_hardware_z 2769.5771449621543 66.27363020926397 30.940000534057617 AB 6.529944729541695 1.0601706996766471
62424.176 lsst_hardware_r 4780.6729756362165 77.82013938059168 31.59000015258789 AB 7.094347192789435 1.0740331842131765
62424.1937 lsst_hardware_y 701.8955178993228 53.817171848984735 30.049999237060547 AB 6.91879142844681 1.0584586580999709
62426.1706 lsst_hardware_z 2428.1087444258383 69.62404093946176 30.969999313354492 AB 6.957012702359268 1.0739583511714315
62426.1871 lsst_hardware_r 4441.13012668994 84.95520700670107 31.6299991607666 AB 6.921626936881953 1.0590949728094796
62428.1679 lsst_hardware_i 3781.175726194548 91.71160652528721 31.31999969482422 AB 2.7658513390926185 1.0707212100494896
62428.1847 lsst_hardware_z 2473.4800640469994 78.79091136492785 30.979999542236328 AB 2.745436333851684 1.0574961804654364
62430.1668 lsst_hardware_r 3548.0952792421026 139.64195778560156 31.649999618530273 AB 2.7092912350815324 1.0662303168364944
62430.184 lsst_hardware_z 2465.1127680370028 98.39537385454658 30.989999771118164 AB 2.667787621685408 1.055713344553164
62436.1445 lsst_hardware_r 2105.5178641587445 60.903553488200906 31.59000015258789 AB 3.836000921667421 1.0725072474373032
62436.1612 lsst_hardware_y 908.277809495625 56.06029369148776 30.040000915527344 AB 3.8196378236167305 1.0583157211591034
62439.1471 lsst_hardware_g 433.91145890466225 25.99863673656593 31.440000534057617 AB 5.904457156862491 1.0620959943989732
62439.1634 lsst_hardware_r 1655.5876498743478 47.27309507890547 31.5 AB 5.839001099817218 1.0548757689024377
62441.1257 lsst_hardware_r 1475.5160579169433 44.95201034309216 31.479999542236328 AB 4.978342672566666 1.0791205215101398
62441.1437 lsst_hardware_i 2661.887960077348 59.41020755733754 31.239999771118164 AB 4.900529990177472 1.0606251218708571
62452.092 lsst_hardware_i 1717.2980136709598 52.7567600816037 31.260000228881836 AB 3.7534503855233434 1.084498811188711
62452.1105 lsst_hardware_z 1401.7504667480443 55.98654925587122 30.950000762939453 AB 3.5505152390188655 1.0629489526289546
62455.0926 lsst_hardware_z 1238.492572151105 61.987249071300766 30.969999313354492 AB 4.504623745941102 1.07252946331931
62455.1105 lsst_hardware_r 956.4671877862249 63.038106425812686 31.6299991607666 AB 4.442413076397066 1.0577173991421585
62457.0939 lsst_hardware_i 1449.8590282085179 80.78657139358639 31.329999923706055 AB 3.302936619101667 1.0654634255166668
62457.1135 lsst_hardware_r 1006.1285013366567 90.05991554617262 31.649999618530273 AB 3.2704522692159355 1.0549846029728824
62462.0987 lsst_hardware_r 654.4743275093651 94.67389946551695 31.649999618530273 AB 4.050019349073844 1.055196321787445
62462.1171 lsst_hardware_i 1274.7369887754269 81.2235928697061 31.329999923706055 AB 4.047356185216015 1.057717544810201
62464.0702 lsst_hardware_i 1123.2617194029247 46.00543481754669 31.25 AB 8.059304550982414 1.070055926220222
62464.0906 lsst_hardware_z 794.1015992249083 55.90675907361345 30.969999313354492 AB 8.34526863298535 1.055873050438815
62467.0709 lsst_hardware_i 1232.9798857153455 45.1989444299594 31.239999771118164 AB 3.8387711514908256 1.061900733469108
62467.0917 lsst_hardware_u 3.686896423003117 3.130310835720374 28.43000030517578 AB 4.033489350293482 1.0546448817606175
62476.0386 lsst_hardware_z 35.58416935260552 44.22999954223633 30.959999084472656 AB 3.42463201653626 1.0688058309085855
62476.0577 lsst_hardware_u -0.4777371440074368 2.75 28.459999084472656 AB 3.381996738120065 1.0559115612702936
62480.0424 lsst_hardware_y -26.604637074477278 49.349998474121094 30.049999237060547 AB 7.796259457526109 1.057633805016147
62480.0627 lsst_hardware_z -76.65088129645649 41.630001068115234 30.940000534057617 AB 7.7491066383955385 1.0557006421298567
62482.0413 lsst_hardware_y -111.00473473195034 51.59000015258789 30.049999237060547 AB 14.05388644653716 1.0559157339179914
62482.0611 lsst_hardware_z 3.6501773302211618 43.70000076293945 30.959999084472656 AB 14.373371471158782 1.0570792970018859
62484.0327 lsst_hardware_y -0.04091130272204322 67.30999755859375 30.06999969482422 AB 8.845990058858385 1.0570790749482235
62484.0514 lsst_hardware_r -23.10741028719004 52.220001220703125 31.6299991607666 AB 8.339198851315249 1.0555947913057278
62486.0334 lsst_hardware_y -65.47237915898309 72.12999725341797 30.059999465942383 AB 10.454446496062502 1.0551438565957263
62486.0525 lsst_hardware_r -49.23100089500555 73.11000061035156 31.649999618530273 AB 10.57648347206581 1.0581785993398714
62712.3887 lsst_hardware_u 2.0759476733427182 2.6700000762939453 28.389999389648438 AB 5.037622609993324 1.0719296270931802
62712.4114 lsst_hardware_y 47.27364058472489 47.150001525878906 30.040000915527344 AB 4.923130878417954 1.0557106958723275
62717.3984 lsst_hardware_r 38.04655119984865 23.239999771118164 31.489999771118164 AB 2.075713229401186 1.0555368570562857
62717.4196 lsst_hardware_z 42.8100214881517 41.7400016784668 30.940000534057617 AB 1.56111992817271 1.0585059971789195
62721.361 lsst_hardware_i 23.569536518566952 31.190000534057617 31.25 AB 2.716283933688637 1.0757560133420345
62721.3846 lsst_hardware_z -10.90230199229567 41.599998474121094 30.950000762939453 AB 1.4790054233618855 1.0564324452584897
62730.3424 lsst_hardware_z -3.4890467236258518 90.5199966430664 31.739999771118164 AB 4.777282340061772 1.0688030292660153
62730.3662 lsst_hardware_i 87.8200757240563 97.20999908447266 32.08000183105469 AB 4.685590708547417 1.054897440996773
62732.3626 lsst_hardware_z -47.51263510003751 52.439998626708984 30.969999313354492 AB 2.474359078160792 1.0547140145612923
62732.3836 lsst_hardware_r -56.639854728118586 57.72999954223633 31.639999389648438 AB 1.9183904408470538 1.061643852156643
62737.3522 lsst_hardware_r 3.0397106652750843 23.34000015258789 31.510000228881836 AB 3.3776902226471957 1.0547042069155959
62737.3726 lsst_hardware_i 6.692189581599798 31.0 31.260000228881836 AB 3.423729526792963 1.0637104992107382
62739.2925 lsst_hardware_i -57.7769673542365 31.200000762939453 31.25 AB 2.994185435151905 1.108683819483549
62739.3103 lsst_hardware_z -8.131420223377926 41.689998626708984 30.950000762939453 AB 2.968117468523288 1.077813037047816
62741.2892 lsst_hardware_r -2.9223353202109155 23.049999237060547 31.489999771118164 AB 3.974314574503234 1.1041807486117523
62741.3071 lsst_hardware_u 0.24216061770818745 2.700000047683716 28.440000534057617 AB 3.305035170932442 1.0748664440129359
62743.2912 lsst_hardware_g -9.307125781728264 14.0 31.399999618530273 AB 3.0072363041462924 1.0902696652392974
62743.3103 lsst_hardware_i 34.60397113949382 30.559999465942383 31.239999771118164 AB 3.1596198895229524 1.0654893543422457
62746.2141 lsst_hardware_u 0.5165076181448676 2.559999942779541 28.219999313354492 AB 2.9386493305141124 1.3401152225495685
62746.234 lsst_hardware_g 3.8440739361048135 14.380000114440918 31.3799991607666 AB 2.694369780071108 1.2349580749724927
62750.2951 lsst_hardware_i -65.03570337057948 31.030000686645508 31.260000228881836 AB 0.7435586525442991 1.062226646491856
62750.314 lsst_hardware_z 26.927460959484524 41.630001068115234 30.950000762939453 AB 0.7382805587333148 1.054686512476164
62752.2859 lsst_hardware_r -132.59637239233174 71.5199966430664 32.369998931884766 AB 3.006640029676567 1.0653344068302124
62752.3023 lsst_hardware_z -53.32471552509312 67.37000274658203 31.709999084472656 AB 2.95592411811874 1.0556871850424072
62754.2636 lsst_hardware_z -48.54598126194136 61.0099983215332 30.979999542236328 AB 3.7928887443535135 1.0862688527981423
62754.2824 lsst_hardware_i 113.97931964321796 66.73999786376953 31.329999923706055 AB 3.6755772323525795 1.0636376673153023
62761.2363 lsst_hardware_g 74.15890238851911 54.5 31.690000534057617 AB 1.9608621136574622 1.1007833721878186
62761.2548 lsst_hardware_r -45.106644730553484 56.56999969482422 31.6299991607666 AB 2.121108280609089 1.0720789894410356
62763.2515 lsst_hardware_i 26.38561589072817 35.68000030517578 31.270000457763672 AB 5.935804762023174 1.069658920038475
62763.2713 lsst_hardware_z 117.93346461395132 43.970001220703125 30.950000762939453 AB 5.881768369278097 1.0559727772492096
62766.2193 lsst_hardware_z -45.86642006268865 42.22999954223633 30.950000762939453 AB 2.279701701807225 1.107592227283967
62766.2395 lsst_hardware_r -7.59054922159277 23.3799991607666 31.5 AB 2.134143313731111 1.0740530013739864
62769.2048 lsst_hardware_r -20.488804111435957 23.469999313354492 31.489999771118164 AB 7.027928516270862 1.1218658338687066
62769.224 lsst_hardware_z 19.987572362414472 41.810001373291016 30.950000762939453 AB 6.479888675043523 1.0841524211272933
62777.2408 lsst_hardware_r -34.28900883270247 23.5 31.5 AB 3.465902086372674 1.054667808709729
62777.26 lsst_hardware_u -2.538060961332098 2.7799999713897705 28.479999542236328 AB 2.761727555309657 1.0611145832388538
62782.203 lsst_hardware_r -53.90223008113913 69.80999755859375 31.649999618530273 AB 4.413386955450768 1.0662501201011165
62782.2152 lsst_hardware_y 1.4700634605097205 51.5099983215332 30.049999237060547 AB 3.3764911645043716 1.0576323146454083
62784.1836 lsst_hardware_z -15.89327206980941 80.12000274658203 30.989999771118164 AB 3.7839914724532564 1.0833070347704714
62784.2013 lsst_hardware_r 180.86480581422202 117.79000091552734 31.65999984741211 AB 3.6764957323987644 1.0629806473783359
62786.1761 lsst_hardware_i 7.406257456422691 107.66999816894531 31.329999923706055 AB 6.826702683003064 1.086477880584042
62786.1943 lsst_hardware_z -52.09642190523376 88.94000244140625 31.0 AB 6.57068976473711 1.0642516625749905
62788.1776 lsst_hardware_r -164.47998682517107 84.45999908447266 31.649999618530273 AB 8.688511165104737 1.0763765070745879
62788.1952 lsst_hardware_z -27.858265170996575 63.20000076293945 30.989999771118164 AB 8.693940701668383 1.0595905791187934
62792.1658 lsst_hardware_z 65.86181441289051 41.959999084472656 30.950000762939453 AB 6.582867219987929 1.0775393075959327
62792.1834 lsst_hardware_r -1.8412546783527943 23.610000610351562 31.510000228881836 AB 6.193875020981029 1.0601412102663292
62795.1675 lsst_hardware_u 2.4152602544216113 2.9000000953674316 28.559999465942383 AB 2.770837695462026 1.0662536026664189
62795.1842 lsst_hardware_g 17.643234252042507 14.819999694824219 31.459999084472656 AB 2.6404197748164178 1.0558863402360124
62798.1723 lsst_hardware_i 28.07069584871201 31.469999313354492 31.260000228881836 AB 2.3659939776189276 1.057269968400504
62798.1894 lsst_hardware_z 9.920640564843804 42.08000183105469 30.959999084472656 AB 2.560212993562231 1.0551777690186417
62802.1467 lsst_hardware_g -6.107834199923995 14.699999809265137 31.450000762939453 AB 3.0180628131033482 1.0678997982322775
62802.1649 lsst_hardware_i -13.031950390923221 31.149999618530273 31.260000228881836 AB 3.088367051023662 1.0559422347290066
62808.1241 lsst_hardware_r 14.788880990516517 36.380001068115234 31.600000381469727 AB 4.373623515257782 1.074952527099242
62808.1419 lsst_hardware_y 0.6784859814449348 48.04999923706055 30.049999237060547 AB 4.134698899972545 1.0588217413502317
62814.1141 lsst_hardware_z 45.97407278465667 83.69999694824219 31.0 AB 6.82582857571004 1.0677313516244815
62814.131 lsst_hardware_r 120.43671096493624 121.97000122070312 31.65999984741211 AB 7.000208579485746 1.0563163693202189
62818.0903 lsst_hardware_z -18.98925408639643 50.11000061035156 30.959999084472656 AB 3.882295892791239 1.0840112319033361
62818.1078 lsst_hardware_r 10.88873257551225 54.34000015258789 31.6299991607666 AB 3.8127853845931745 1.0635137401529042
62821.1074 lsst_hardware_r 18.99888728173632 22.860000610351562 31.479999542236328 AB 6.126291226818739 1.0582793948468319
62821.127 lsst_hardware_z -46.402125436947834 41.2400016784668 30.940000534057617 AB 6.245347917322194 1.0552545058837839
62824.0933 lsst_hardware_r -31.309077177247815 22.940000534057617 31.489999771118164 AB 4.766673308512631 1.062033823541909
62824.1122 lsst_hardware_u 2.8380520410561134 2.5999999046325684 28.350000381469727 AB 4.7359817904322945 1.0546669169206757
62828.0688 lsst_hardware_u 3.4429085664188412 2.700000047683716 28.40999984741211 AB 7.325315134725179 1.0758283352511482
62828.0879 lsst_hardware_g -4.679628152734171 14.369999885559082 31.43000030517578 AB 7.251134589203212 1.0584825325455385
62832.0731 lsst_hardware_z 17.947454265795887 41.34000015258789 30.950000762939453 AB 3.8243738598713635 1.0608526657063422
62832.0945 lsst_hardware_r 29.625762317855486 22.90999984741211 31.5 AB 4.0319577881169195 1.0548420131116036
62834.0738 lsst_hardware_u -1.8995214269253509 2.799999952316284 28.43000030517578 AB 5.756231353261762 1.0573532978070834
62834.0932 lsst_hardware_g -2.237160148282164 14.800000190734863 31.440000534057617 AB 5.292755546660432 1.0556656232951016
62837.0631 lsst_hardware_r 20.888671903720006 36.93000030517578 31.600000381469727 AB 6.616797240151709 1.058602870194658
62837.0804 lsst_hardware_z 68.52122684236276 44.810001373291016 30.959999084472656 AB 6.609672203974751 1.0547910320722147
62845.0387 lsst_hardware_y 85.88223229208248 56.52000045776367 30.059999465942383 AB 7.547264562848468 1.0601207378373378
62845.0547 lsst_hardware_r -10.01987915740426 86.44000244140625 31.649999618530273 AB 7.656361280015994 1.0546678531598785
62850.0318 lsst_hardware_y 2.154420275669083 70.69000244140625 30.06999969482422 AB 8.01414355066102 1.0566422190751688
62850.0503 lsst_hardware_g 12.999452661285554 14.890000343322754 31.450000762939453 AB 8.115916831568885 1.0558912748822493
62852.0351 lsst_hardware_y 128.3205878689103 61.689998626708984 30.059999465942383 AB 10.691750971115408 1.0546906784606809
62852.0556 lsst_hardware_z 37.600423405803134 42.040000915527344 30.950000762939453 AB 11.593770180445341 1.061368483344986
