data/validation/pwv_sim_epoch_fit_epoch/16461551.ecsv
# %ECSV 0.9
# ---
# datatype:
# - {name: time, datatype: float64}
# - {name: band, datatype: string}
# - {name: flux, datatype: float64}
# - {name: fluxerr, datatype: float64}
# - {name: zp, datatype: float64}
# - {name: zpsys, datatype: string}
# - {name: pwv, datatype: float64}
# - {name: airmass, datatype: float64}
# meta: {SNID: '16461551', alt: 1024.0, c: 0.1177707239985466, dec: -25.778666, lat: -30.244573, lon: -70.7499537, ra: 90.0, t0: 59926.3671875,
#   x0: 1.092836498361572e-05, x1: -0.5532503128051758, z: 0.44358280301094055}
# schema: astropy-2.0
time band flux fluxerr zp zpsys pwv airmass
59842.2986 lsst_hardware_g -19.30000023194121 13.460000038146973 31.25 AB 9.91840631321508 1.4864602942250458
59842.3142 lsst_hardware_i -16.888641059504906 32.66999816894531 31.200000762939453 AB 8.802477016127465 1.3650778520745617
59844.3029 lsst_hardware_z -67.52777169000474 45.11000061035156 30.920000076293945 AB 2.7988219252613358 1.4070323880665379
59844.319 lsst_hardware_r 31.935475830951127 22.940000534057617 31.450000762939453 AB 2.573013853866156 1.2999943685063313
59850.2664 lsst_hardware_u -4.111806124933811 2.259999990463257 27.93000030517578 AB 5.540609445760148 1.5859009958283559
59850.2837 lsst_hardware_g -0.5041771801610593 13.40999984741211 31.270000457763672 AB 4.912286258447648 1.428717009655692
59856.226 lsst_hardware_i 24.743701949346104 62.68000030517578 31.889999389648438 AB 4.962367214989284 1.8999555414419556
59856.2456 lsst_hardware_z -87.27535703410949 72.66999816894531 31.639999389648438 AB 4.288143383801218 1.633941530042125
59858.2698 lsst_hardware_r -0.40730565586156386 54.25 31.549999237060547 AB 8.07751953669206 1.370038649332929
59858.2891 lsst_hardware_z 75.17693210613538 50.439998626708984 30.940000534057617 AB 7.480489018557751 1.2542387623682132
59860.2711 lsst_hardware_r -39.07144733367375 76.04000091552734 31.56999969482422 AB 5.027685016635167 1.3255167457512835
59860.2895 lsst_hardware_y -9.581610179272525 53.33000183105469 29.989999771118164 AB 4.540234883506407 1.225324275865349
59862.2603 lsst_hardware_z 2.664240305147216 65.22000122070312 30.950000762939453 AB 4.389553265477156 1.3602933446717502
59862.279 lsst_hardware_r 163.75387559833447 87.29000091552734 31.610000610351562 AB 4.02250712297023 1.250034584375055
59864.2671 lsst_hardware_i 100.21095589721823 63.15999984741211 31.280000686645508 AB 6.987351338611467 1.2844986145707922
59864.2856 lsst_hardware_z -51.45572266437711 58.4900016784668 30.959999084472656 AB 6.532243961295857 1.1939216744429935
59867.2645 lsst_hardware_r 90.1131488115137 52.93000030517578 31.579999923706055 AB 7.909343736782611 1.254389469779437
59867.2834 lsst_hardware_z 33.86731815091597 51.16999816894531 30.950000762939453 AB 7.386510573801775 1.169677050483258
59871.2636 lsst_hardware_z -39.28269086304057 42.880001068115234 30.940000534057617 AB 4.45376908000969 1.206438576977794
59871.282 lsst_hardware_r 2.413024678725554 22.15999984741211 31.479999542236328 AB 4.0999764110093295 1.1355178390904717
59873.2603 lsst_hardware_u -0.37404547020984324 2.609999895095825 28.34000015258789 AB 2.3618357822654468 1.1970278915059698
59873.2784 lsst_hardware_g -4.706015388319468 13.199999809265137 31.3799991607666 AB 2.2333459011274317 1.1294260530796822
59875.242 lsst_hardware_g 14.284886450951628 13.289999961853027 31.31999969482422 AB 4.47905319531093 1.2578076931513171
59875.2608 lsst_hardware_r 7.675578991995822 22.530000686645508 31.459999084472656 AB 4.313800560136652 1.1726267237882555
59877.2417 lsst_hardware_i 12.645065599931176 31.31999969482422 31.219999313354492 AB 5.541277980265201 1.231942636786394
59877.26 lsst_hardware_z 6.173566350363402 42.209999084472656 30.940000534057617 AB 4.389220757259023 1.1550580940155326
59879.2592 lsst_hardware_u 2.5546438607737825 2.619999885559082 28.3799991607666 AB 3.729531828435973 1.13873039390446
59879.2766 lsst_hardware_r 16.279838301878975 21.90999984741211 31.479999542236328 AB 3.581433831001631 1.08764503649389
59881.2586 lsst_hardware_i -42.709542716292546 30.8700008392334 31.25 AB 2.9235988857105153 1.122949447171403
59881.2751 lsst_hardware_z 30.21085684509434 41.619998931884766 30.950000762939453 AB 2.8415992322537327 1.0779966738443598
59883.2415 lsst_hardware_z 4.346573350647589 42.31999969482422 30.940000534057617 AB 4.439810320184032 1.1628882209365574
59883.2598 lsst_hardware_r -49.742281026991456 22.040000915527344 31.489999771118164 AB 4.192415385732601 1.103267206771737
59885.1648 lsst_hardware_r 35.3512317868839 39.16999816894531 31.459999084472656 AB 6.445040211260652 1.652574413143757
59885.1829 lsst_hardware_i 5.615597522717228 39.7599983215332 31.209999084472656 AB 5.2225404286630805 1.47176001934976
59896.1938 lsst_hardware_r 24.516320835267912 50.75 31.579999923706055 AB 5.240530126165031 1.213366549239676
59896.211 lsst_hardware_i -9.883571830319333 50.04999923706055 31.290000915527344 AB 7.656174429719192 1.1448485128551884
59901.2021 lsst_hardware_r 46.08251653605554 22.17237050103473 31.469999313354492 AB 6.368173738860009 1.1289586914612435
59901.2203 lsst_hardware_z -12.726315179967473 41.474648331299214 30.940000534057617 AB 4.9369116177136405 1.0784581110182165
59903.2042 lsst_hardware_r 15.14032322841794 22.900844777466112 31.479999542236328 AB 5.561887831970997 1.106072950576076
59903.2215 lsst_hardware_u -1.090582088757035 2.812777084478076 28.440000534057617 AB 5.231462905969225 1.063683811512067
59909.2267 lsst_hardware_u 8.181999352922572 3.540302530467054 28.360000610351562 AB 5.395129525538077 1.0277089705132767
59909.2441 lsst_hardware_r 909.2990779845509 36.49097985398169 31.479999542236328 AB 5.341320055531471 1.0106565857202403
59911.1866 lsst_hardware_u 4.359013729155531 3.9035123772118907 28.43000030517578 AB 3.562235256314004 1.0944447507747077
59911.204 lsst_hardware_g 300.1104450658161 22.44832412988689 31.399999618530273 AB 3.508402696473161 1.0550264968717895
59913.2109 lsst_hardware_z 1011.6375347663713 52.4342830311967 30.959999084472656 AB 5.642850048745846 1.034341499174383
59913.2268 lsst_hardware_r 1750.8197675105462 47.986070616376395 31.5 AB 5.555255677719246 1.0157407912940875
59915.1205 lsst_hardware_r 2530.3152935537914 65.04146001005037 31.549999237060547 AB 8.385159825817572 1.3282720108484591
59915.1373 lsst_hardware_i 1824.367504959316 58.082022771565164 31.260000228881836 AB 7.975842181102461 1.235096605755814
59917.1485 lsst_hardware_z 3546.2666495306335 92.82389181014936 31.709999084472656 AB 3.7378542506199786 1.1635343970801488
59919.1409 lsst_hardware_z 1999.357383713529 75.58875246167169 30.969999313354492 AB 6.285738930963341 1.1717287596164812
59919.1616 lsst_hardware_r 3671.076435079199 102.28627626103047 31.639999389648438 AB 6.014761745566545 1.1030188420257738
59923.1254 lsst_hardware_z 2362.669651257144 78.60177970220258 30.969999313354492 AB 8.886080367021274 1.1902063175757809
59923.1479 lsst_hardware_g 1494.235335795393 93.36640751061194 31.700000762939453 AB 8.297342085676402 1.110953595332911
59926.1528 lsst_hardware_z 2397.337162316103 93.38220120500661 31.0 AB 11.144920080903432 1.0766825073730915
59926.173 lsst_hardware_r 4576.724061622171 98.96690542822569 31.65999984741211 AB 11.509013464560944 1.0379233859008126
59928.1517 lsst_hardware_u -13.014049474801864 22.93463261831221 29.459999084472656 AB 8.406632530892002 1.0669396598145051
59928.1748 lsst_hardware_g 1161.4193040676455 84.91989999244102 31.729999542236328 AB 8.195154644798551 1.0277382445034091
59930.1302 lsst_hardware_g 1161.8081740905 82.08836733076643 31.700000762939453 AB 10.395106633351443 1.1068731164114278
59930.1523 lsst_hardware_r 4200.429013307069 96.42151248038581 31.649999618530273 AB 9.89246273959485 1.0546897744650292
59932.139 lsst_hardware_i 3042.2000418805696 89.64292417563576 31.329999923706055 AB 3.6983341713936695 1.0708169877356517
59932.1612 lsst_hardware_z 2439.0792612865466 93.71299292639063 31.0 AB 3.5952918062476535 1.0312776783786743
59934.0326 lsst_hardware_y 463.2340435201647 78.22091500766508 29.860000610351562 AB 7.354847915756653 1.6344106479459228
59934.0546 lsst_hardware_i 2721.136977529136 85.29867249418328 31.260000228881836 AB 6.288458655115597 1.4268440989541316
59938.0344 lsst_hardware_y 585.9002585860279 78.83555491428062 29.899999618530273 AB 8.477553030298873 1.505247342027499
59938.0565 lsst_hardware_g 628.1202570060188 75.23228692497696 31.600000381469727 AB 9.526276744056732 1.335896332079194
59941.0356 lsst_hardware_y 553.2860354809853 79.36750672480012 29.940000534057617 AB 8.256295483511929 1.4259577691732486
59941.0567 lsst_hardware_i 2283.1661942430233 81.88774389253017 31.280000686645508 AB 7.964662742090478 1.2854523470128376
59943.0463 lsst_hardware_z 2958.584067397991 122.99355139843779 31.709999084472656 AB 11.158863578403192 1.3143537783749342
59945.0372 lsst_hardware_y 585.0743540700975 79.86341496768722 29.959999084472656 AB 9.165210419905717 1.3370948753759488
59945.0588 lsst_hardware_r 1776.710849138453 81.3861521602403 31.600000381469727 AB 8.400531960211898 1.2189169680216922
59947.0393 lsst_hardware_y 462.2571885226902 82.34830678089676 29.989999771118164 AB 7.280905445368394 1.2912268579682382
59947.0619 lsst_hardware_z 1382.870980428855 86.83248381245743 30.979999542236328 AB 8.049980894938631 1.1818509682301992
59949.0398 lsst_hardware_y 499.43802248534956 81.20314897270069 29.989999771118164 AB 12.970142539212674 1.258626156158435
59949.0624 lsst_hardware_z 1348.391458206776 85.42426250274909 30.979999542236328 AB 12.319616684535132 1.1587844315980937
59951.0399 lsst_hardware_y 478.2544610135411 82.78883382180751 30.010000228881836 AB 11.960927517605766 1.2307696877118606
59951.063 lsst_hardware_r 1114.820239265797 78.63136383044767 31.6299991607666 AB 11.191553574013472 1.137439700588306
59953.0408 lsst_hardware_y 392.75660775036994 81.9646221763194 30.020000457763672 AB 8.226436764268119 1.2016706168133644
59953.0632 lsst_hardware_r 1063.8988583253088 77.32208260639766 31.6299991607666 AB 9.521420965870963 1.119289298495803
59957.0385 lsst_hardware_y 598.3514688406609 84.04534531780624 30.030000686645508 AB 4.438918777065974 1.1664993282408833
59957.0544 lsst_hardware_i 1138.8306963089972 77.98110599052691 31.31999969482422 AB 2.2758937601609346 1.112906484186292
59962.0389 lsst_hardware_y 630.960934530037 82.84752451264224 30.040000915527344 AB 8.157228954860523 1.1184500395147157
59962.0568 lsst_hardware_r 397.4734953435514 74.95490296076458 31.639999389648438 AB 4.178657232070379 1.0714505723257384
59964.0383 lsst_hardware_y 530.3446508440574 84.3478226326074 30.049999237060547 AB 9.835469945794383 1.1042198169033606
59964.0559 lsst_hardware_g 95.29056892187263 76.79390593226312 31.719999313354492 AB 8.695869268831343 1.0617126848041523
59968.0394 lsst_hardware_y 232.51367588414345 83.36591477351668 30.059999465942383 AB 15.765695452504126 1.0737380271405126
59968.0568 lsst_hardware_u -18.291277644051675 23.16486605367533 29.489999771118164 AB 13.474658074028689 1.0402932253018633
59973.0362 lsst_hardware_z 621.9814890447416 81.07572455392834 30.989999771118164 AB 13.39302622285313 1.0522284071143424
59973.0535 lsst_hardware_r 281.9133602222795 72.6881450440755 31.649999618530273 AB 12.970578604195826 1.0257746563132673
59975.0374 lsst_hardware_y 460.31866559934593 83.05916225356293 30.06999969482422 AB 8.891028431369868 1.040748584855274
59975.0558 lsst_hardware_z 494.37157381960185 81.91171569911427 31.0 AB 9.179859899507244 1.0173280766340382
60204.3392 lsst_hardware_g 80.16133103847879 71.5 31.6299991607666 AB 1.4559758308326374 1.26716782491893
60204.3572 lsst_hardware_r 3.0551787679236058 68.94999694824219 31.610000610351562 AB 1.5176364935176099 1.1828811329048132
60208.2968 lsst_hardware_g 40.149425629156816 69.31999969482422 31.530000686645508 AB 4.615569690917771 1.484344650560763
60208.3128 lsst_hardware_r -49.944433096381694 68.54000091552734 31.559999465942383 AB 4.13993641994258 1.3607021922574938
60210.3252 lsst_hardware_z -77.93811767845465 78.62000274658203 30.969999313354492 AB 2.5830117658149487 1.2546505237719967
60210.3423 lsst_hardware_r 97.04179515836549 70.93000030517578 31.6200008392334 AB 2.067863635081623 1.1769286483105423
60214.2888 lsst_hardware_z -53.417672291666875 76.68000030517578 30.940000534057617 AB 5.408813742798077 1.4156727646479002
60214.3039 lsst_hardware_i 83.10525463443375 67.37000274658203 31.270000457763672 AB 5.681038887612708 1.3127256152536173
60216.2586 lsst_hardware_z -11.87493653543773 75.66000366210938 30.90999984741211 AB 7.433156832791962 1.649247133967749
60216.2778 lsst_hardware_r -72.48623599720692 67.69000244140625 31.540000915527344 AB 6.719508450762703 1.4600221157592606
60225.2636 lsst_hardware_z -113.63883675638117 76.77999877929688 30.940000534057617 AB 5.232738977235947 1.3800630269633267
60225.282 lsst_hardware_r 50.850435513633705 69.08000183105469 31.59000015258789 AB 4.699429281237102 1.2664649518245874
60228.2654 lsst_hardware_u 17.858623059026556 20.100000381469727 29.200000762939453 AB 5.493169275120394 1.3144173739071732
60228.2828 lsst_hardware_g 85.47364689314917 73.04000091552734 31.649999618530273 AB 5.166720639814549 1.2215672875140298
60234.2355 lsst_hardware_u -17.746151630968047 19.31999969482422 29.1200008392334 AB 7.334460135429619 1.4058095999673428
60234.2531 lsst_hardware_g 11.195706900704035 72.12999725341797 31.6200008392334 AB 7.7828202357876854 1.290380132216757
60237.2338 lsst_hardware_r 67.44964527173819 97.5999984741211 32.31999969482422 AB 1.509081895438048 1.3595332391335033
60237.2527 lsst_hardware_i 120.01239888247449 96.68000030517578 32.040000915527344 AB 1.5767905820649573 1.2484486002097839
60239.2466 lsst_hardware_r -147.74990564503804 68.68000030517578 31.59000015258789 AB 3.046864638236131 1.2517074857528703
60239.2638 lsst_hardware_i 11.863465368016481 67.52999877929688 31.299999237060547 AB 3.332577189361497 1.1742696227489418
60241.2616 lsst_hardware_r -29.087591433908088 70.08999633789062 31.6200008392334 AB 3.467090341364652 1.1617637690264666
60241.2787 lsst_hardware_z -24.663882931261835 78.43000030517578 30.989999771118164 AB 3.2744600952379592 1.1058006738013033
60243.2514 lsst_hardware_z -114.09192546120482 110.16999816894531 31.729999542236328 AB 1.6522199573566894 1.1801571123976353
60245.26 lsst_hardware_z 203.455733824889 79.29000091552734 30.989999771118164 AB 2.4868402530782716 1.1293552466295511
60245.2766 lsst_hardware_r -113.60572685624088 71.72000122070312 31.639999389648438 AB 2.404966007105532 1.0825865438242321
60247.2445 lsst_hardware_r -29.91826759257721 70.93000030517578 31.6200008392334 AB 5.8596034137100785 1.1644680869853097
60247.2618 lsst_hardware_y -43.20952721448394 82.22000122070312 30.049999237060547 AB 3.8716034392583234 1.1072796909073748
60249.2486 lsst_hardware_g 8.964992809275978 73.33999633789062 31.68000030517578 AB 5.544553770118472 1.13090689309438
60249.2671 lsst_hardware_r -25.558252842839885 69.66999816894531 31.6299991607666 AB 5.424465443415477 1.0791734692958275
60251.1645 lsst_hardware_r 48.62676744616013 65.06999969482422 31.479999542236328 AB 6.405966066078877 1.6326478802341884
60251.1815 lsst_hardware_g 58.03759894190774 68.5999984741211 31.540000915527344 AB 5.430447379210056 1.4663014389658584
60263.1944 lsst_hardware_i 5.486919858049226 68.18000030517578 31.299999237060547 AB 4.47433513208753 1.1899827478956198
60263.2108 lsst_hardware_u -30.16215913604692 22.020000457763672 29.399999618530273 AB 8.526880638821932 1.1295377717340749
60265.2011 lsst_hardware_g 88.76652626476498 73.37999725341797 31.68000030517578 AB 2.5614084253843337 1.1436986457530047
60265.219 lsst_hardware_r 21.48763101813782 69.69000244140625 31.6299991607666 AB 6.074169694039967 1.0900748699426306
60268.2076 lsst_hardware_i -47.889873583700115 68.81999969482422 31.31999969482422 AB 5.563763618890436 1.0985448767061796
60268.2255 lsst_hardware_r 47.62157613923861 70.95999908447266 31.649999618530273 AB 5.186507846643753 1.0570148971607993
60270.206 lsst_hardware_z 155.31210687330127 112.19999694824219 31.739999771118164 AB 4.056515852470667 1.0884131613819874
60272.2069 lsst_hardware_r -0.9295990611265159 71.81999969482422 31.649999618530273 AB 8.426476330175843 1.0731630578420583
60272.225 lsst_hardware_i -113.62017100257516 70.12999725341797 31.329999923706055 AB 7.790973177845394 1.0387964237127192
60274.206 lsst_hardware_z 128.0729976025074 78.5999984741211 30.989999771118164 AB 4.9428508940499105 1.0632835710705386
