data/validation/pwv_sim_epoch_fit_epoch/16476504.ecsv
# %ECSV 0.9
# ---
# datatype:
# - {name: time, datatype: float64}
# - {name: band, datatype: string}
# - {name: flux, datatype: float64}
# - {name: fluxerr, datatype: float64}
# - {name: zp, datatype: float64}
# - {name: zpsys, datatype: string}
# - {name: pwv, datatype: float64}
# - {name: airmass, datatype: float64}
# meta: {SNID: '16476504', alt: 1024.0, c: 0.025542931631207466, dec: -7.933337, lat: -30.244573, lon: -70.7499537, ra: 304.804688, t0: 61946.625,
#   x0: 4.78439721368815e-06, x1: -0.8455995917320251, z: 0.62486332654953}
# schema: astropy-2.0
time band flux fluxerr zp zpsys pwv airmass
61893.3589 lsst_hardware_z -14.46092562062498 43.959999084472656 30.940000534057617 AB 13.537324725063236 1.1929260420393621
61893.3772 lsst_hardware_y -111.2391061891522 48.47999954223633 30.020000457763672 AB 12.673423337134167 1.1412357800210866
61894.3189 lsst_hardware_u 0.35110034378998567 2.7300000190734863 28.299999237060547 AB 12.34322397410495 1.369795136400505
61894.344 lsst_hardware_y -46.8897311895229 49.45000076293945 29.989999771118164 AB 10.26375946475509 1.2386495054765534
61896.4171 lsst_hardware_r -26.521718840896785 35.869998931884766 32.27000045776367 AB 2.554300815201859 1.0822162123511743
61898.4108 lsst_hardware_z -105.3007503546297 47.15999984741211 30.950000762939453 AB 11.464391058813652 1.0824143000343343
61925.2854 lsst_hardware_i 906.6222503744879 99.13165849597311 33.02000045776367 AB 13.193024099301203 1.1520782516963894
61925.3169 lsst_hardware_z 338.88373188306593 66.93217831055478 31.700000762939453 AB 13.16541203545462 1.095747984640432
61927.3431 lsst_hardware_r 272.2730486856912 70.4274569323235 31.639999389648438 AB 5.799804797801761 1.0821540811272994
61927.369 lsst_hardware_z 248.2042418975776 55.725985914270794 30.969999313354492 AB 5.941878989328072 1.1010616120315786
61943.2867 lsst_hardware_u 2.587715034867454 2.8707417827863146 28.450000762939453 AB 2.7312972178468815 1.0827739218421064
61946.1708 lsst_hardware_r 2932.7535146823707 64.46254057009213 32.189998626708984 AB 5.35619962334543 1.4113523084724788
61946.1941 lsst_hardware_z 1017.5628848910293 55.32642484723377 30.920000076293945 AB 4.83247743871152 1.2742194960346618
61948.2589 lsst_hardware_i 1328.8701325361635 48.62517657479743 31.239999771118164 AB 7.733562987849907 1.0910782996402557
61948.2822 lsst_hardware_r 1493.8348074620594 45.19068677278641 31.489999771118164 AB 7.775868403794168 1.0816843740787583
61952.2162 lsst_hardware_z 1029.9614918150166 54.710303434210296 30.940000534057617 AB 8.805114666795232 1.1410762219652992
61952.2357 lsst_hardware_g 159.99630299636635 20.130452924995765 31.43000030517578 AB 8.490943512723991 1.1050160740140542
61957.2588 lsst_hardware_r 1181.0866479365707 109.51278886224237 31.649999618530273 AB 4.803138922502999 1.0817880456087834
61957.2793 lsst_hardware_i 1097.2617588685134 89.18390358049051 31.329999923706055 AB 4.87131605168717 1.0924682780191006
61959.25 lsst_hardware_z 946.7913279514293 108.10588950924823 31.0 AB 1.7306322863711998 1.0816451789819999
61959.2691 lsst_hardware_r 784.5549783121223 157.98742657038827 31.649999618530273 AB 1.7497360584853578 1.088482773552357
61961.2562 lsst_hardware_z 1636.876094280265 133.77549702260754 31.739999771118164 AB 10.272100145592095 1.0840789916635605
61967.2371 lsst_hardware_u 3.278379119792996 3.1534937450680895 28.489999771118164 AB 3.116412809432608 1.0830279094466058
61967.255 lsst_hardware_g -15.92638058818973 21.572099040881067 31.530000686645508 AB 3.613988045895204 1.095479856288331
61975.2275 lsst_hardware_r 240.8984473354042 28.94191278024161 31.5 AB 6.8634302972860946 1.0901255237112601
61975.2464 lsst_hardware_i 433.1763985715697 38.07839950122504 31.239999771118164 AB 6.889632720407476 1.1133860246295955
61977.2236 lsst_hardware_z 521.6729676219771 47.50212544674381 30.93000030517578 AB 10.935711744572965 1.0914700945253353
61977.2437 lsst_hardware_r 135.78337875057625 28.237782162707802 31.479999542236328 AB 11.340854016767185 1.1181058061964937
61980.1938 lsst_hardware_i 339.3059247309799 36.60181664709421 31.25 AB 4.523455589541729 1.081648873635038
61980.2126 lsst_hardware_z 444.6967703736278 47.356335987254845 30.940000534057617 AB 4.504614713972121 1.0891234801673408
61982.187 lsst_hardware_z 389.767792659308 50.56301652278999 30.950000762939453 AB 3.9285745249258603 1.0816559815324505
61982.2053 lsst_hardware_r 234.44639766460057 43.14505625398903 31.59000015258789 AB 3.93797423914944 1.087763065851651
61984.1862 lsst_hardware_i 281.714715429944 61.44135098024376 31.31999969482422 AB 1.9937477332087366 1.0819415184961263
61984.2045 lsst_hardware_r 51.72303826778099 71.02926232528402 31.6299991607666 AB 1.9985053445614724 1.0914829844683083
61989.1656 lsst_hardware_r 22.141463112521716 149.8919768776344 31.649999618530273 AB 2.91698309814113 1.0818332667107664
61989.1842 lsst_hardware_i 107.63321960218786 118.68671951319088 31.34000015258789 AB 3.0690374952789776 1.0864490513702603
61991.1487 lsst_hardware_z 279.9704609570931 66.05449567876283 30.979999542236328 AB 4.731308285911714 1.0858473316683033
61991.1672 lsst_hardware_r 12.6675420241492 86.13075237481966 31.649999618530273 AB 4.107660881608082 1.08195993193941
61993.1197 lsst_hardware_i 216.51051712381997 44.646958370941086 31.290000915527344 AB 8.329879878386622 1.111070388153741
61993.1375 lsst_hardware_z 318.88295342131147 51.61132879125036 30.959999084472656 AB 8.936780797777217 1.0898513168020998
61996.1308 lsst_hardware_g 39.13047449992353 16.27219181513536 31.459999084472656 AB 3.345066177465697 1.0886820029179671
61996.151 lsst_hardware_r 98.67204809320741 26.238695303730317 31.520000457763672 AB 3.26362840150374 1.0816864834017808
62000.1278 lsst_hardware_i 149.73963048210288 33.84367989350519 31.260000228881836 AB 2.954499709997096 1.0839880306957272
62000.1468 lsst_hardware_r 66.32676616789202 25.915032360081394 31.520000457763672 AB 2.9403520217907384 1.0829693459835137
62004.1272 lsst_hardware_u 6.52819730712859 3.400902212719785 28.479999542236328 AB 2.1660083769715732 1.081652123331622
62004.1462 lsst_hardware_g 24.429665074029607 15.79246155494794 31.440000534057617 AB 2.1984288541757144 1.08846582704578
62012.0919 lsst_hardware_i 185.3794616783336 54.11769903042419 31.31999969482422 AB 3.381466482570951 1.0855430120613003
62012.1107 lsst_hardware_z 198.15911252870353 55.08659846613316 30.969999313354492 AB 3.399988511229023 1.0821096471129927
62014.0781 lsst_hardware_i 15.633138934279588 94.61483719915798 31.329999923706055 AB 1.3665286144438087 1.0916218461806486
62014.0954 lsst_hardware_z 119.76375291366 80.49913024099789 30.989999771118164 AB 1.152127589447273 1.0821486438139696
62019.0644 lsst_hardware_z 290.2354484280074 96.17127275023905 31.729999542236328 AB 0.7332347263863946 1.0916646050417786
62022.0586 lsst_hardware_r 57.7264506757645 25.25657630270144 31.510000228881836 AB 2.8292110606248926 1.089624902994374
62022.0766 lsst_hardware_i 143.46460731710843 33.02494057523013 31.260000228881836 AB 2.7969813828488537 1.0817254284577236
62028.0522 lsst_hardware_z -24.95256576502834 42.15999984741211 30.950000762939453 AB 1.2976534840937286 1.0836354773225292
62028.07 lsst_hardware_u 0.8995698495486303 2.859999895095825 28.520000457763672 AB 1.297989667683159 1.0828612355532474
62029.0255 lsst_hardware_r 27.305903747547493 24.15999984741211 31.510000228881836 AB 2.77735185000791 1.1049738810455183
62029.0441 lsst_hardware_g 16.481360608561694 15.09000015258789 31.459999084472656 AB 2.840817010441778 1.086354497300785
62032.0298 lsst_hardware_r -23.564792424866436 24.200000762939453 31.510000228881836 AB 6.436147399954947 1.0908724406703298
62032.0492 lsst_hardware_i 9.849666350206679 31.6299991607666 31.260000228881836 AB 5.917983093149336 1.0817333909794173
62034.0309 lsst_hardware_z 37.82758997675349 42.279998779296875 30.940000534057617 AB 4.235712021324435 1.086080005467804
62034.0506 lsst_hardware_i 3.3500713193953713 31.700000762939453 31.25 AB 4.246990143951738 1.0821046293271515
62038.0222 lsst_hardware_r -2.1205380201501742 28.299999237060547 31.540000915527344 AB 4.765043548593916 1.084854720025884
62038.0425 lsst_hardware_i 48.97129709283789 33.59000015258789 31.260000228881836 AB 4.765770897343165 1.082801627690711
62040.0321 lsst_hardware_z 69.95977089944182 70.12999725341797 31.709999084472656 AB 3.3671643774970663 1.0817909167081508
62041.9969 lsst_hardware_y -8.90673296957207 58.88999938964844 30.040000915527344 AB 4.154499544179154 1.09636687478332
62042.0166 lsst_hardware_z 53.44659271470412 69.5199966430664 30.979999542236328 AB 3.6901146643207903 1.0827271742346358
62044.9971 lsst_hardware_y 48.89192698853563 57.650001525878906 30.049999237060547 AB 7.739861001160674 1.0886135635376961
62045.0164 lsst_hardware_i -86.11585674244903 76.62000274658203 31.329999923706055 AB 5.37835488090921 1.081656140157402
62046.9982 lsst_hardware_y -40.74249712245459 57.06999969482422 30.049999237060547 AB 2.3708689315997478 1.0845695021041333
62047.0169 lsst_hardware_i 9.244179338084706 72.0199966430664 31.329999923706055 AB 2.6088525462069163 1.082511429961469
62048.9912 lsst_hardware_y -130.5720098123346 61.0099983215332 30.049999237060547 AB 3.6238401748204785 1.085361206455492
62049.0105 lsst_hardware_g 39.476605438739 46.63999938964844 31.690000534057617 AB 3.685984582403597 1.0822827812973603
62050.9921 lsst_hardware_y 63.01544214023306 60.880001068115234 30.049999237060547 AB 4.821284332837902 1.0827047682098248
62051.0111 lsst_hardware_i 13.71693763732581 31.90999984741211 31.25 AB 4.979198940808788 1.0843793631641072
62052.993 lsst_hardware_z -62.82452820198827 55.189998626708984 30.969999313354492 AB 3.3770493958448737 1.0816653610072997
62053.0114 lsst_hardware_u 1.5508503814079209 2.880000114440918 28.469999313354492 AB 2.610583328269728 1.08774305344572
62260.4067 lsst_hardware_r -32.008540242716535 67.29000091552734 31.6299991607666 AB 9.690862347273852 1.0891056807455441
62260.424 lsst_hardware_y 61.20940605580467 63.349998474121094 30.049999237060547 AB 9.627389990663398 1.0817292124340896
62262.4075 lsst_hardware_g 3.946089675639139 30.450000762939453 31.639999389648438 AB 2.925282559343842 1.0850454596972707
62262.4268 lsst_hardware_y 42.38900287232749 63.97999954223633 30.049999237060547 AB 2.547755072303933 1.0824238225401734
62265.3898 lsst_hardware_u 1.1456760352394915 3.0199999809265137 28.530000686645508 AB 8.409959002850634 1.091847971807937
62265.4077 lsst_hardware_y -49.98614868122629 47.84000015258789 30.040000915527344 AB 8.26665924869217 1.0820824759673415
62267.4003 lsst_hardware_r 1.5582662522399222 25.030000686645508 31.530000686645508 AB 8.227137791138087 1.0825181304129063
62267.4182 lsst_hardware_z 42.371703936987366 43.869998931884766 30.959999084472656 AB 7.293705624195051 1.084189717202713
62269.3989 lsst_hardware_z -14.593751878763364 42.43000030517578 30.950000762939453 AB 7.14984357126113 1.0817798423332352
62269.4162 lsst_hardware_y 25.0543830814651 48.279998779296875 30.030000686645508 AB 7.143286348828311 1.0859909312565212
62276.3725 lsst_hardware_g -0.8376949303488498 15.460000038146973 31.450000762939453 AB 8.341388760392347 1.0835786906199463
62276.3932 lsst_hardware_i 2.7803549407572 31.940000534057617 31.260000228881836 AB 7.730749680535182 1.0840032269972604
62284.3582 lsst_hardware_r -20.012957240227887 142.10000610351562 32.400001525878906 AB 9.815177673804218 1.0817609486190969
62284.3776 lsst_hardware_i -66.25826601112517 111.30999755859375 32.08000183105469 AB 10.13981859104844 1.0874966313865766
62286.3028 lsst_hardware_i 127.99773732796999 86.37999725341797 31.31999969482422 AB 14.478954808441463 1.1382005863131759
62301.2903 lsst_hardware_r 34.21953179841037 33.810001373291016 32.25 AB 13.609111492848895 1.0929989018042936
62301.3101 lsst_hardware_z -2.9369582106534216 42.0099983215332 30.940000534057617 AB 13.288124100209357 1.0819773178978414
62303.2952 lsst_hardware_r 15.160413063671397 23.979999542236328 31.510000228881836 AB 7.045549746681839 1.085252512164586
62303.3138 lsst_hardware_u 0.5757801847720582 2.759999990463257 28.440000534057617 AB 7.023089025446916 1.0821956482788406
62305.2867 lsst_hardware_g -0.23627296986751367 15.09000015258789 31.459999084472656 AB 5.4878942589299315 1.0870705035846455
62305.3073 lsst_hardware_r 11.785954928721427 24.020000457763672 31.510000228881836 AB 5.017791227223902 1.0820034991318024
62307.2911 lsst_hardware_i -22.2718452235957 31.56999969482422 31.25 AB 3.7903893154275368 1.0825302088471438
62307.3117 lsst_hardware_z 46.825896498319686 42.290000915527344 30.950000762939453 AB 3.9360944062707555 1.0855695903298033
62309.2901 lsst_hardware_r 24.27786817574442 42.0 31.600000381469727 AB 2.750904171119577 1.081755474290042
62309.3109 lsst_hardware_z -1.4922041056564326 46.150001525878906 30.950000762939453 AB 2.1772399530555036 1.0886199765277518
62311.2921 lsst_hardware_z 18.974883024932254 60.52000045776367 30.979999542236328 AB 3.7082536940403785 1.0822278400818266
62311.3124 lsst_hardware_i 94.90983225540067 65.47000122070312 31.31999969482422 AB 3.7474531022542803 1.0948394903601482
62313.263 lsst_hardware_r -70.35747939714729 130.5399932861328 31.649999618530273 AB 6.290505780869101 1.088369874279874
62313.2831 lsst_hardware_z -18.358471612778644 86.16999816894531 30.989999771118164 AB 6.194791333624476 1.0817289620857045
62318.2347 lsst_hardware_r -78.8764413701634 60.529998779296875 31.6299991607666 AB 8.412956612854114 1.1036280483870018
62318.2552 lsst_hardware_y 13.949619426524846 51.2400016784668 30.040000915527344 AB 8.85782331276504 1.0847642543289024
62320.3029 lsst_hardware_g 22.06423353083787 33.0099983215332 31.639999389648438 AB 7.173978384097947 1.115415141347198
62320.3181 lsst_hardware_r 16.030868604251282 37.09000015258789 31.56999969482422 AB 7.393298031632664 1.1468107905637572
62326.257 lsst_hardware_r -22.90288691630468 24.260000228881836 31.510000228881836 AB 2.276725946595245 1.0841552126644025
62326.2761 lsst_hardware_u -3.1089779852655286 2.8299999237060547 28.469999313354492 AB 2.310288980247398 1.100137609641618
62329.2158 lsst_hardware_u 0.8636005969859926 2.7200000286102295 28.389999389648438 AB 7.673515506066197 1.0912150983325752
62329.2361 lsst_hardware_g -22.241984985021965 15.130000114440918 31.440000534057617 AB 7.592844505778739 1.081717349542807
62331.2133 lsst_hardware_r -7.764551973374596 24.350000381469727 31.510000228881836 AB 7.166504957109165 1.0887897636932327
62331.2357 lsst_hardware_z 41.45315788799479 42.380001068115234 30.950000762939453 AB 7.064922487124139 1.0819176856239112
62333.2085 lsst_hardware_r 10.533986984745816 24.360000610351562 31.5 AB 3.1223271810754256 1.0882980763595071
62333.2279 lsst_hardware_u -1.2630442120305814 2.700000047683716 28.3700008392334 AB 3.1315186609170853 1.0816990193150553
62335.2167 lsst_hardware_g 1.1592090457371058 15.300000190734863 31.450000762939453 AB 2.113309967208713 1.0820839565840823
62335.2379 lsst_hardware_r -12.707384405924715 24.34000015258789 31.5 AB 2.175489357149725 1.0872010780358448
62344.1752 lsst_hardware_r 33.065171160499844 132.22999572753906 31.649999618530273 AB 3.509999494639764 1.0909089338429725
62344.1963 lsst_hardware_i -125.16680738660384 105.41000366210938 31.329999923706055 AB 3.4613655165230544 1.0816767239134546
62346.1692 lsst_hardware_z -142.90729318932384 82.30000305175781 31.729999542236328 AB 4.528144542970838 1.0913821506316794
62346.192 lsst_hardware_r -18.5433567426841 102.30000305175781 32.38999938964844 AB 4.493324136454553 1.081686118549483
62349.1673 lsst_hardware_u 2.015535614977314 2.9000000953674316 28.469999313354492 AB 4.966895688523308 1.0866103015802469
62349.187 lsst_hardware_g 28.140290598274756 23.709999084472656 31.579999923706055 AB 4.938192734826714 1.0819878910663265
62350.1618 lsst_hardware_r -27.936286467044926 24.6299991607666 31.510000228881836 AB 1.994334419287678 1.088511463269905
62350.1819 lsst_hardware_z 88.28910845263296 42.2400016784668 30.950000762939453 AB 2.035807782439566 1.0817257079912679
62353.1436 lsst_hardware_r -5.459144283186857 24.270000457763672 31.5 AB 2.2013624346066183 1.0980276504813125
62353.1605 lsst_hardware_u 0.6487164982075676 2.690000057220459 28.360000610351562 AB 2.1811882910306237 1.084359080800708
62357.1373 lsst_hardware_r 42.77950729342965 24.329999923706055 31.5 AB 4.769803592043538 1.0931141496604877
62357.1572 lsst_hardware_i -65.20116710998903 31.950000762939453 31.25 AB 4.661763347075212 1.0819921891784177
