data/validation/pwv_sim_epoch_fit_epoch/16691713.ecsv
# %ECSV 0.9
# ---
# datatype:
# - {name: time, datatype: float64}
# - {name: band, datatype: string}
# - {name: flux, datatype: float64}
# - {name: fluxerr, datatype: float64}
# - {name: zp, datatype: float64}
# - {name: zpsys, datatype: string}
# - {name: pwv, datatype: float64}
# - {name: airmass, datatype: float64}
# meta: {SNID: '16691713', alt: 1024.0, c: 0.038624249398708344, dec: -8.084014, lat: -30.244573, lon: -70.7499537, ra: 339.785156, t0: 60612.95703125,
#   x0: 3.2059883297743167e-06, x1: -0.3843536972999573, z: 0.735950767993927}
# schema: astropy-2.0
time band flux fluxerr zp zpsys pwv airmass
60464.4197 lsst_hardware_z -28.254674519510075 62.41999816894531 31.700000762939453 AB 12.192212436788306 1.0891414498515495
60466.4134 lsst_hardware_g 8.474538697231303 16.559999465942383 31.459999084472656 AB 4.842382329959737 1.0898493559307454
60466.4329 lsst_hardware_y 85.72265590025289 51.7400016784668 30.030000686645508 AB 4.107060492896115 1.0808053928673986
60468.4126 lsst_hardware_i 20.809143255139958 32.869998931884766 31.260000228881836 AB 3.1698035697596265 1.0862932041671098
60468.4332 lsst_hardware_y 8.089282797578463 51.59000015258789 30.040000915527344 AB 1.6950696447581355 1.081039314259015
60485.353 lsst_hardware_z -185.65190055830288 70.27999877929688 30.979999542236328 AB 3.962023080786909 1.0987053582936914
60485.3748 lsst_hardware_i -95.68793705152332 78.9000015258789 31.329999923706055 AB 3.9182621704039415 1.0820441396614189
60487.3834 lsst_hardware_z 18.639422672915035 103.08000183105469 31.729999542236328 AB 7.763481502549576 1.0814531084868022
60490.3693 lsst_hardware_r -33.233496606948606 36.400001525878906 31.59000015258789 AB 3.850700225025248 1.080746625042169
60490.3914 lsst_hardware_i 28.86669853267863 38.310001373291016 31.280000686645508 AB 4.410950486846492 1.0905597050057259
60493.3388 lsst_hardware_i 51.62551445136208 32.0099983215332 31.25 AB 7.122963995611578 1.0906391051311297
60493.3602 lsst_hardware_z -0.8919787381787029 42.310001373291016 30.940000534057617 AB 7.053863501840226 1.0807620181315445
60495.3026 lsst_hardware_r 19.54892934007355 24.889999389648438 31.5 AB 5.060090326269157 1.1388904628109342
60495.3217 lsst_hardware_g -12.043140612719606 15.630000114440918 31.459999084472656 AB 4.88542687522819 1.1039265337765267
60497.3482 lsst_hardware_r -12.775614127045008 24.43000030517578 31.5 AB 1.699054299551215 1.080823345770493
60497.3681 lsst_hardware_i 47.39193946166662 31.81999969482422 31.239999771118164 AB 1.6885827749213005 1.0871871069350576
60499.3331 lsst_hardware_z 74.0359832487517 60.209999084472656 31.700000762939453 AB 1.8947030806104546 1.0834097477998095
60499.3565 lsst_hardware_i 27.93878760109037 45.400001525878906 32.0099983215332 AB 2.34259835779289 1.0835330054548282
60503.3348 lsst_hardware_r -5.7964357708596745 24.540000915527344 31.520000457763672 AB 6.505535267884728 1.0807733859593633
60503.3546 lsst_hardware_i -44.16617261162083 31.940000534057617 31.25 AB 6.587800265935559 1.089432820561565
60506.3005 lsst_hardware_i -42.00984828609677 31.690000534057617 31.239999771118164 AB 3.220931221890922 1.0933235647966468
60506.319 lsst_hardware_z 22.276839868097348 42.04999923706055 30.940000534057617 AB 3.0955548871284653 1.081605481176962
60511.2978 lsst_hardware_r 131.9723374275227 91.6500015258789 31.639999389648438 AB 5.269262586495188 1.0847125904985184
60511.3176 lsst_hardware_i -77.18579761467487 72.97000122070312 31.31999969482422 AB 5.336697327928219 1.081397634838545
60516.2934 lsst_hardware_z -39.441891187402916 98.83000183105469 31.729999542236328 AB 9.027493121792359 1.0812232260211228
60520.2817 lsst_hardware_r -8.808550946630879 25.8799991607666 31.520000457763672 AB 4.785675816066402 1.0813864684366516
60520.3027 lsst_hardware_i 19.052851898796398 32.970001220703125 31.25 AB 4.806129062828203 1.0854562843042634
60527.221 lsst_hardware_r -51.7594440277126 34.75 32.2400016784668 AB 2.5521373194479304 1.126522762943249
60527.2422 lsst_hardware_g 18.14525403583259 21.760000228881836 32.18000030517578 AB 2.5054646566601186 1.0943283060319366
60531.2531 lsst_hardware_z 94.52548521808562 42.58000183105469 30.950000762939453 AB 4.666879119251738 1.0811094270577954
60531.2737 lsst_hardware_i 7.478096765699092 32.2599983215332 31.260000228881836 AB 4.639608939875273 1.0861143418681507
60535.2368 lsst_hardware_r 8.394552739005466 28.799999237060547 31.549999237060547 AB 2.70266852438425 1.0825830259900862
60535.2568 lsst_hardware_i -80.05142987407324 32.25 31.25 AB 3.921512004911064 1.0829166737759237
60537.1908 lsst_hardware_i -13.31248646097558 44.65999984741211 31.290000915527344 AB 5.533873160109666 1.132539915090236
60537.2123 lsst_hardware_z 51.48540122571528 48.36000061035156 30.959999084472656 AB 4.897395815897359 1.097209771680824
60539.234 lsst_hardware_r 62.22799882206845 78.16999816894531 31.649999618530273 AB 2.6925510345341075 1.0808032251012738
60539.2488 lsst_hardware_z 70.30049281193257 60.13999938964844 30.989999771118164 AB 2.6529213433690897 1.0843002765813718
60543.2118 lsst_hardware_z 41.89117762246851 102.77999877929688 31.0 AB 2.1505415913975856 1.0839878647780496
60543.2326 lsst_hardware_i 151.59961305637782 120.4000015258789 31.34000015258789 AB 2.1431836890067077 1.0820516773847397
60546.2145 lsst_hardware_z 70.20205513035847 50.029998779296875 30.969999313354492 AB 3.649240198150515 1.0808293606922248
60546.2332 lsst_hardware_g -23.365014521156066 50.400001525878906 31.690000534057617 AB 3.677889937246231 1.0864188471582346
60549.1781 lsst_hardware_r 20.874816113584313 25.06999969482422 31.520000457763672 AB 4.725388903640214 1.098927652009352
60549.1955 lsst_hardware_i 40.864714355569696 32.22999954223633 31.260000228881836 AB 4.660973183493469 1.0839472519752253
60553.1502 lsst_hardware_i -12.645616100314497 32.58000183105469 31.239999771118164 AB 1.4639986002299419 1.1261527694076476
60553.1677 lsst_hardware_z -58.6680962441182 42.869998931884766 30.950000762939453 AB 1.7040053454305313 1.0982954208382412
60555.1651 lsst_hardware_r 33.75655640218313 25.049999237060547 31.510000228881836 AB 1.5330403039810292 1.095028788557878
60555.1854 lsst_hardware_g -11.283297011771266 15.869999885559082 31.459999084472656 AB 1.4213625883081233 1.0815695028343362
60559.1499 lsst_hardware_z -50.33803955605326 42.90999984741211 30.950000762939453 AB 2.2377653357980964 1.1000444074219473
60559.1695 lsst_hardware_i -41.5393661181089 32.369998931884766 31.260000228881836 AB 2.4548133532670486 1.083324516004876
60566.1211 lsst_hardware_y -106.5844931052142 50.310001373291016 30.030000686645508 AB 1.3430797637523502 1.1143578209937326
60566.1385 lsst_hardware_r 26.542326635518304 49.779998779296875 31.6200008392334 AB 1.8427428640403127 1.0915645359108697
60568.1344 lsst_hardware_i 8.590431516107618 77.30000305175781 31.329999923706055 AB 3.483234366662808 1.0903279528368555
60568.1533 lsst_hardware_z 59.00236961658574 69.1500015258789 30.989999771118164 AB 3.4540529928298973 1.0809397813002326
60571.1135 lsst_hardware_z -41.36208625470163 145.57000732421875 31.75 AB 6.129403149030291 1.1049278600584211
60571.1341 lsst_hardware_r 532.9078501622321 219.10000610351562 32.400001525878906 AB 8.048691450218541 1.084656215917868
60580.1035 lsst_hardware_i -39.61646319289864 31.955904457831174 31.25 AB 4.996126832615166 1.0887575271743364
60580.1254 lsst_hardware_z 25.53137141535609 42.22080373603223 30.940000534057617 AB 4.665420740120341 1.0808341804981418
60582.0998 lsst_hardware_r -20.778487049887197 24.55877441093822 31.5 AB 4.201192710495616 1.0874059041014505
60582.1204 lsst_hardware_g 7.675825754021815 15.442201093516525 31.450000762939453 AB 4.159738652493799 1.0808727172908406
60586.0723 lsst_hardware_i 29.208534121845087 32.36101676965644 31.25 AB 2.563501273895251 1.1052750534184757
60586.0921 lsst_hardware_z 22.143510733047524 42.48814590822345 30.950000762939453 AB 2.279046462566972 1.0852602202699866
60590.0717 lsst_hardware_g -2.2708583339049606 16.667517763106012 31.459999084472656 AB 6.057318512787068 1.0927870309908567
60590.0904 lsst_hardware_r 84.8847736329033 26.388054044563866 31.510000228881836 AB 9.964500922715652 1.0814326767892541
60594.0663 lsst_hardware_r 251.73899551410585 43.33155550610554 31.600000381469727 AB 5.8187364172206815 1.0879532098262417
60594.0862 lsst_hardware_g 51.08532225680391 37.595087414086144 31.670000076293945 AB 6.247894873608338 1.080779266311572
60599.0674 lsst_hardware_z 667.696026493911 86.41193751421662 30.989999771118164 AB 7.049069887826288 1.0811180523748813
60599.0856 lsst_hardware_i 699.378060387425 102.05120843736756 31.329999923706055 AB 7.458264108118279 1.0846412082338726
60601.0399 lsst_hardware_r 569.3352393424854 95.64107340682294 31.639999389648438 AB 4.46431975880353 1.0945984452135662
60601.059 lsst_hardware_z 683.2010966771655 70.26500000544864 30.979999542236328 AB 4.091035221135388 1.0817836242838634
60603.0407 lsst_hardware_g 157.4222147835282 19.646857809818464 31.469999313354492 AB 3.6241010802218376 1.0887545804792222
60603.0581 lsst_hardware_r 767.7794818940154 36.34017667255609 31.520000457763672 AB 3.1132544405384843 1.0808972972965833
60605.0405 lsst_hardware_i 1024.7773629623146 44.9017697162623 31.25 AB 4.251664790426119 1.0850927813247706
60605.0584 lsst_hardware_z 624.9454328612541 49.123994395922395 30.950000762939453 AB 4.717032035979482 1.080958358288051
60607.0327 lsst_hardware_r 764.1141897346945 37.61327357938971 31.520000457763672 AB 3.9202951623740505 1.086581405439164
60607.0508 lsst_hardware_g 147.72289699035505 19.499106008353785 31.459999084472656 AB 4.110844194460639 1.0807819453920136
60609.034 lsst_hardware_r 767.8209013671078 37.55901264520023 31.510000228881836 AB 4.636628355627881 1.0828816151405105
60609.0618 lsst_hardware_i 1068.6161934864747 46.2365267157751 31.25 AB 3.169323660160719 1.0868426234368953
60611.038 lsst_hardware_z 715.7228146149951 50.281389527689086 30.959999084472656 AB 3.4293025710096305 1.0807761017994424
60611.054 lsst_hardware_i 1158.1284111447937 46.85079342497284 31.260000228881836 AB 2.5934569370678724 1.085317637133661
60613.0104 lsst_hardware_y 328.6164665533103 54.69627958615988 30.040000915527344 AB 5.073116886061562 1.091344925473069
60613.0266 lsst_hardware_u 2.553015916212406 3.0376832682710484 28.56999969482422 AB 5.06064317429387 1.0816807041346306
60617.0171 lsst_hardware_z 1514.8481184793884 78.96570325440264 31.709999084472656 AB 5.0757901677792026 1.0813357835064343
60622.0098 lsst_hardware_y 247.7330757104627 68.38215630932163 30.059999465942383 AB 9.289290621091789 1.0807784317729416
60622.0282 lsst_hardware_i 1037.0212909589043 47.24012447436494 31.280000686645508 AB 9.543878076932511 1.088241513903365
60843.3331 lsst_hardware_z -104.36871463379782 92.98999786376953 31.719999313354492 AB 4.474572326370597 1.1844020716100914
60843.3657 lsst_hardware_r -210.4497315505958 106.52999877929688 32.38999938964844 AB 3.689856523408983 1.1085088694398764
60845.39 lsst_hardware_i -55.48598875567636 39.41999816894531 31.280000686645508 AB 3.138380681157655 1.0818271910229766
60845.4117 lsst_hardware_z 13.630043316360126 46.41999816894531 30.959999084472656 AB 3.174380818171321 1.084949297011009
60850.3381 lsst_hardware_g -14.589348437473282 15.75 31.43000030517578 AB 3.84650240364242 1.1231483768574115
60850.3652 lsst_hardware_r -25.524435257259377 24.920000076293945 31.510000228881836 AB 3.7076615858836814 1.0875299804601086
60853.3297 lsst_hardware_i -1.243730901625381 45.7400016784668 32.0 AB 7.551407036477474 1.1235540896410983
60853.3564 lsst_hardware_r -24.241352424129868 35.040000915527344 32.27000045776367 AB 7.833516284144998 1.0879883727979163
60859.3332 lsst_hardware_z 62.13889351816677 42.77000045776367 30.940000534057617 AB 7.034633894530289 1.0941467069468511
60859.3555 lsst_hardware_u 1.340880590783171 2.799999952316284 28.440000534057617 AB 7.049720655968198 1.0810382451168408
60862.3394 lsst_hardware_g 19.836182384598793 15.579999923706055 31.459999084472656 AB 6.169175920277645 1.0833886179730103
60862.3589 lsst_hardware_r -9.632553438070246 24.700000762939453 31.520000457763672 AB 6.1376065278925385 1.0820885980064519
60864.3341 lsst_hardware_i 40.57405793983036 52.86000061035156 31.309999465942383 AB 1.6814886360428576 1.0833170639167986
60864.3544 lsst_hardware_z -105.16029227364984 52.459999084472656 30.969999313354492 AB 1.6939811704831165 1.0824160833757932
60871.3206 lsst_hardware_i 5.480440158565737 113.87999725341797 32.08000183105469 AB 5.058848029244758 1.0814318402233383
60871.3411 lsst_hardware_r -123.91215081510117 134.88999938964844 32.400001525878906 AB 3.9158854129184344 1.0851837087206413
60876.2934 lsst_hardware_z -14.081492532052028 42.52000045776367 30.950000762939453 AB 3.485087309688785 1.0881546513742206
60876.3151 lsst_hardware_u -1.3640232026119425 2.8399999141693115 28.459999084472656 AB 3.490298886316342 1.0809225414420385
60878.2965 lsst_hardware_g -11.486082165140772 15.229999542236328 31.43000030517578 AB 5.1883535029724115 1.0830505172680118
60878.3187 lsst_hardware_r -9.380035777178136 24.31999969482422 31.5 AB 5.176203765714985 1.0834544773867054
60880.2844 lsst_hardware_i -2.0940435173943426 31.969999313354492 31.25 AB 6.417633787956104 1.0867521654926795
60880.3056 lsst_hardware_z 18.101203531757484 42.470001220703125 30.950000762939453 AB 5.57796125275966 1.0811050010194128
60882.2811 lsst_hardware_i -25.800465914857362 31.639999389648438 31.25 AB 11.592293337754603 1.0853529746352852
60882.3033 lsst_hardware_u -2.1920856525034047 2.740000009536743 28.40999984741211 AB 9.332289170677873 1.0817954989193828
60885.2789 lsst_hardware_g -34.25312351208113 15.449999809265137 31.459999084472656 AB 4.516374846180558 1.0824578204475253
60885.3008 lsst_hardware_r 1.8560753171663589 24.479999542236328 31.510000228881836 AB 4.010960766406931 1.0840434503802514
60887.2542 lsst_hardware_r 10.353153971986037 24.469999313354492 31.5 AB 3.9221965112176123 1.0969644836295938
60887.2745 lsst_hardware_i 5.811691326992152 31.90999984741211 31.25 AB 3.8710164334985966 1.0820955367588325
60892.2621 lsst_hardware_z -11.958657056235218 49.880001068115234 30.959999084472656 AB 0.3700406990943446 1.0817267695815187
60892.2818 lsst_hardware_r -0.9935076841957329 52.95000076293945 31.6299991607666 AB 0.4046411830002465 1.0841022987280549
60895.2569 lsst_hardware_i 106.61391808082773 89.41999816894531 31.329999923706055 AB 3.4140987591916696 1.0810952372361207
60895.2765 lsst_hardware_z -8.539397267379826 76.81999969482422 30.989999771118164 AB 3.3458483956837948 1.085756260261379
60898.2444 lsst_hardware_z -35.02362614241647 97.43000030517578 31.0 AB 6.951538788496837 1.0821199857560455
60898.264 lsst_hardware_r -66.52061042623963 142.52999877929688 31.65999984741211 AB 7.202275822402026 1.0834155650260653
60900.2397 lsst_hardware_i 124.61696175022522 63.33000183105469 31.31999969482422 AB 3.789304571791866 1.0818856736022457
60900.2582 lsst_hardware_r 42.385107798227224 74.66000366210938 31.639999389648438 AB 3.6830945456941944 1.0832631016747631
60903.2022 lsst_hardware_z -88.52902182385942 42.939998626708984 30.950000762939453 AB 5.421164962808336 1.1080562008805297
60903.2203 lsst_hardware_u -1.0160593044947561 2.8399999141693115 28.459999084472656 AB 4.870424752320131 1.0876946574328918
60905.2147 lsst_hardware_g 23.484196073967446 15.779999732971191 31.459999084472656 AB 2.6243164145885323 1.0877995500885107
60905.234 lsst_hardware_r 8.34262384262003 24.979999542236328 31.520000457763672 AB 2.6925743638624464 1.0808125896083842
60907.1864 lsst_hardware_i 1.8244254128270583 32.36000061035156 31.25 AB 2.3636736269882355 1.1159932138754651
60907.2039 lsst_hardware_z 8.193519358321778 42.4900016784668 30.950000762939453 AB 2.3126036556749856 1.0923966252597948
60911.2209 lsst_hardware_g -20.24426399665865 15.899999618530273 31.459999084472656 AB 2.764917924096843 1.0811018276039361
60911.2401 lsst_hardware_r -11.501604856711122 25.0 31.510000228881836 AB 2.7962577776448083 1.091435510400003
60913.1831 lsst_hardware_i -14.510149046381285 32.369998931884766 31.25 AB 2.3842739723698774 1.0971006429862544
60913.2019 lsst_hardware_r 7.396987610346105 24.989999771118164 31.510000228881836 AB 2.2920127727635475 1.0826701808046988
60931.1364 lsst_hardware_i 27.85021743554998 32.349998474121094 31.25 AB 3.8996977310892382 1.094395995628411
60931.1541 lsst_hardware_z 70.51120887677386 42.650001525878906 30.950000762939453 AB 3.9599100859356025 1.0821890464866142
60935.1206 lsst_hardware_r -30.15062696503757 24.989999771118164 31.510000228881836 AB 1.161465306345121 1.1000460675712542
60935.1391 lsst_hardware_i -48.71453300005064 32.16999816894531 31.25 AB 0.604079284611472 1.083874314494268
60937.1066 lsst_hardware_i -4.523956159859311 32.33000183105469 31.239999771118164 AB 6.151737373462203 1.1124299047852084
60937.1263 lsst_hardware_z 58.66871702972745 42.560001373291016 30.950000762939453 AB 8.089362190751284 1.0885967152134686
60939.108 lsst_hardware_r -0.37376808981253545 24.799999237060547 31.5 AB 4.052884949144935 1.1022259856258645
60939.1278 lsst_hardware_u -2.1017703557561718 2.799999952316284 28.440000534057617 AB 4.820291545337598 1.0840642180001347
60942.1072 lsst_hardware_g 8.48329530365061 15.640000343322754 31.450000762939453 AB 4.042965446165002 1.0935307522422275
60942.1258 lsst_hardware_r -36.0446445866433 24.670000076293945 31.510000228881836 AB 3.7897352010366427 1.0816740578084274
60944.1089 lsst_hardware_i 13.597911505671448 32.11000061035156 31.239999771118164 AB 3.9490658817080724 1.0872978749194375
60944.1291 lsst_hardware_z 105.01690287180266 42.59000015258789 30.940000534057617 AB 3.061831352076905 1.08090068913031
60946.1026 lsst_hardware_r 4.521481936033945 26.670000076293945 31.530000686645508 AB 4.983756498769392 1.0879189039007624
60946.1218 lsst_hardware_g 10.595627312481767 18.610000610351562 31.510000228881836 AB 4.955425859976594 1.0808104531110911
60949.1004 lsst_hardware_r 70.48134279795977 44.560001373291016 31.610000610351562 AB 6.8656876727085985 1.0841130069017209
60949.1176 lsst_hardware_i 11.542568979655437 42.93000030517578 31.290000915527344 AB 6.851058322137599 1.0811770103320777
60951.0695 lsst_hardware_i 10.604597900840604 73.33999633789062 31.31999969482422 AB 3.1830080559822056 1.110609928814447
60951.0876 lsst_hardware_z 21.160961014980213 66.87000274658203 30.979999542236328 AB 3.88982461416707 1.0889766557019935
60954.0728 lsst_hardware_r 200.93590694475293 138.9499969482422 31.649999618530273 AB 4.132479442846274 1.095252629682988
60954.0915 lsst_hardware_z 35.810708434485484 93.5199966430664 31.0 AB 3.7179947236180344 1.0821231308129133
60956.0726 lsst_hardware_g 187.96113979538723 96.66000366210938 31.719999313354492 AB 5.760132821077462 1.0901084067132332
60956.0895 lsst_hardware_r 24.06176271493382 92.66999816894531 31.649999618530273 AB 9.649362967644366 1.081241881855626
60958.0728 lsst_hardware_i 11.745662087368283 31.719999313354492 31.25 AB 2.6645002326314007 1.0858521629957927
60958.0902 lsst_hardware_z -8.696187001853886 46.13999938964844 30.950000762939453 AB 3.4387288090812147 1.0808514251393968
60960.0642 lsst_hardware_r -29.50735763081596 24.489999771118164 31.510000228881836 AB 5.9035790324672925 1.0880501979666335
60960.0827 lsst_hardware_g -3.066522646164836 15.369999885559082 31.450000762939453 AB 5.7710964181671764 1.080813999500576
60966.0388 lsst_hardware_r 10.423190059114566 24.350000381469727 31.489999771118164 AB 5.789459870867714 1.0966270749212743
60966.0575 lsst_hardware_u 0.3384847387091602 2.75 28.40999984741211 AB 6.08538615883466 1.0825520918230538
60969.0406 lsst_hardware_g -8.390982722403093 15.489999771118164 31.459999084472656 AB 3.640540785045906 1.0873236452922215
60969.0579 lsst_hardware_r -38.910496369473144 24.520000457763672 31.510000228881836 AB 3.1932794436574916 1.0808189012213567
60975.0363 lsst_hardware_r 28.205685798359397 25.950000762939453 31.520000457763672 AB 4.640443152013692 1.081520311998193
60975.0537 lsst_hardware_i 57.32071597752323 32.56999969482422 31.25 AB 3.162868463142463 1.0833905619760857
60977.0115 lsst_hardware_y 6.740932160069088 50.29999923706055 30.040000915527344 AB 3.42280393449639 1.0936640540514613
60977.0289 lsst_hardware_z 15.027566399023414 44.95000076293945 30.950000762939453 AB 3.3428343880502456 1.082056880033673
60980.0144 lsst_hardware_y -117.64901861135874 58.369998931884766 30.040000915527344 AB 4.550193829926606 1.0848431605960276
60980.0347 lsst_hardware_z 106.74369669805226 68.41999816894531 30.979999542236328 AB 4.538294925529829 1.0815335247717481
