data/validation/pwv_sim_epoch_fit_epoch/16822716.ecsv
# %ECSV 0.9
# ---
# datatype:
# - {name: time, datatype: float64}
# - {name: band, datatype: string}
# - {name: flux, datatype: float64}
# - {name: fluxerr, datatype: float64}
# - {name: zp, datatype: float64}
# - {name: zpsys, datatype: string}
# - {name: pwv, datatype: float64}
# - {name: airmass, datatype: float64}
# meta: {SNID: '16822716', alt: 1024.0, c: -0.033319730311632156, dec: -34.953865, lat: -30.244573, lon: -70.7499537, ra: 331.699219,
#   t0: 61176.48828125, x0: 6.835109529947336e-06, x1: -0.10366006940603256, z: 0.5391411781311035}
# schema: astropy-2.0
time band flux fluxerr zp zpsys pwv airmass
61168.3598 lsst_hardware_i 1554.4752324333124 69.3433919689853 31.270000457763672 AB 13.555630699405459 1.2982869761749605
61168.3796 lsst_hardware_z 1043.1244182554399 65.66752319692002 30.950000762939453 AB 12.721529946194316 1.2031522150843446
61170.3555 lsst_hardware_g 1003.3818242246082 48.23874569005079 31.579999923706055 AB 8.849242664467317 1.2919388280747954
61170.3761 lsst_hardware_r 2457.501051351362 64.14431071057236 31.56999969482422 AB 9.326940163697587 1.1951231389682064
61175.3009 lsst_hardware_g 2048.1539981261008 51.452062330668944 32.459999084472656 AB 11.634818306757056 1.5968001701939785
61175.32 lsst_hardware_r 4514.744017255211 75.75363898372389 32.18000030517578 AB 10.313864492177807 1.4314208677152767
61177.3776 lsst_hardware_r 2316.9789358927374 53.86136797449498 31.489999771118164 AB 8.178831233351902 1.1233115277231016
61177.3981 lsst_hardware_i 1923.5651272591483 53.120716432627134 31.239999771118164 AB 7.795708183580091 1.071390920265259
61178.3542 lsst_hardware_z 1485.3793718711574 57.146082126803215 30.93000030517578 AB 8.396838099973573 1.1953645241616502
61178.3747 lsst_hardware_r 2306.62807623457 53.546393019097856 31.489999771118164 AB 7.870280890855105 1.1238174479433347
61182.3579 lsst_hardware_u -1.2314683976111038 2.802911182783614 28.3799991607666 AB 4.833980090009568 1.1421548609930459
61182.379 lsst_hardware_g 536.0577345368305 26.589567611335504 31.43000030517578 AB 4.4731196712667805 1.0835170782236851
61185.3558 lsst_hardware_r 3657.5299634133244 68.6904580084089 32.2400016784668 AB 8.221299943035778 1.1231923415088045
61185.3749 lsst_hardware_z 2698.516641321257 77.86008505126019 31.700000762939453 AB 7.9037827536986525 1.0743092602863888
61187.3543 lsst_hardware_r 1654.3529501302164 46.830283711302116 31.489999771118164 AB 4.1336074015990345 1.111782517912473
61187.3747 lsst_hardware_u -1.2381462836508834 2.7252789180673886 28.43000030517578 AB 3.855198515708406 1.0634052544250219
61189.3422 lsst_hardware_z 1241.5615397981237 63.96746756873819 30.969999313354492 AB 9.620178926705682 1.131319918469534
61189.3612 lsst_hardware_r 1571.9621896681354 76.2374008488122 31.639999389648438 AB 9.204836447554616 1.0804961152965864
61196.3794 lsst_hardware_r 1932.5745689817097 120.08726239521567 32.40999984741211 AB 4.693184179142791 1.0202574302484329
61196.3996 lsst_hardware_z 1875.8024467217767 98.17308686342282 31.739999771118164 AB 4.628030715689257 1.0060936338454907
61198.3554 lsst_hardware_z 806.9728153239103 58.527477022984044 30.959999084472656 AB 2.4876089382794744 1.044263179855653
61198.374 lsst_hardware_i 1080.644766679618 58.524346830668755 31.309999465942383 AB 2.4249238057969404 1.0201972327445272
61220.2758 lsst_hardware_z 518.9436954533122 71.70662639489866 30.979999542236328 AB 2.9954221604723203 1.0822589325164196
61220.2887 lsst_hardware_r 291.05427214483814 100.71083770699613 31.65999984741211 AB 2.764947810487843 1.0556257747400373
61222.2611 lsst_hardware_r 322.3000723808293 111.92890174825357 31.639999389648438 AB 9.051587822742466 1.1053349398879553
61222.2817 lsst_hardware_i 399.7471287347314 93.90397830144447 31.34000015258789 AB 8.571590283516555 1.0584823763295328
61223.2758 lsst_hardware_z 792.1834905166481 114.61536465582985 31.739999771118164 AB 8.817373265850568 1.0646322804266921
61225.2648 lsst_hardware_z 492.4494487081285 70.89605849385552 30.989999771118164 AB 7.492482711047462 1.0762741810022929
61225.2847 lsst_hardware_r 212.14736913746958 89.05427216600408 31.65999984741211 AB 7.185223692000517 1.0396040934674842
61235.1646 lsst_hardware_r 158.879727371393 26.593437327876856 31.440000534057617 AB 10.310348016635835 1.3724713656542
61235.1832 lsst_hardware_z 367.3167875528522 47.56326261668506 30.93000030517578 AB 9.197249481898089 1.2649802148218534
61237.1663 lsst_hardware_r 94.14394199810016 26.26058877240245 31.43000030517578 AB 3.7559187702818218 1.3276489113756882
61237.1864 lsst_hardware_u 7.09123262256353 3.0456018895756864 28.239999771118164 AB 3.693786602129149 1.223918688578247
61238.1643 lsst_hardware_g 3.78349984727478 15.134474607942954 31.31999969482422 AB 2.11733454062311 1.3233340878894435
61238.183 lsst_hardware_r 177.3880817120267 25.99088241377262 31.450000762939453 AB 2.683470497638063 1.2269163290275378
61242.1671 lsst_hardware_i 221.55813662380655 37.03031427424163 31.229999542236328 AB 7.792956521031751 1.2501233641117708
61242.1857 lsst_hardware_z 277.8083073415128 46.695520498538265 30.940000534057617 AB 7.297254433790021 1.1713088978796182
61244.1599 lsst_hardware_r 90.45119968905492 42.371704340925895 31.549999237060547 AB 7.300047839168077 1.2586289377875997
61244.1785 lsst_hardware_z 211.3694410103638 49.311558849656606 30.940000534057617 AB 6.2944367396638565 1.1778144530791559
61249.1681 lsst_hardware_y 216.86191790699735 84.19115308744885 30.760000228881836 AB 3.7106136800242675 1.1657903956091429
61253.1846 lsst_hardware_r 136.67514257436088 104.5450186808095 31.649999618530273 AB 5.010318620579059 1.0848367696392895
61253.204 lsst_hardware_z 308.56177218368873 74.25421708273137 30.989999771118164 AB 4.805023760596524 1.0462762679578712
61258.16 lsst_hardware_i -13.800337801642366 31.520000457763672 31.229999542236328 AB 2.3367241725990566 1.1130791549376262
61258.1798 lsst_hardware_z -87.69180886021977 41.70000076293945 30.940000534057617 AB 1.7277473745286127 1.0655241286022896
61260.1616 lsst_hardware_r -26.45273207523354 23.68000030517578 31.5 AB 4.233458107386813 1.0942938413028123
61260.1798 lsst_hardware_u 7.2957549487797095 2.7300000190734863 28.43000030517578 AB 3.459039976514181 1.0550678592387315
61261.1589 lsst_hardware_g -6.374357528321499 14.720000267028809 31.43000030517578 AB 4.797051395415771 1.0942179277864443
61261.178 lsst_hardware_r -11.366867126463612 23.549999237060547 31.510000228881836 AB 3.996485578488069 1.0533930841446948
61263.1592 lsst_hardware_i -41.01908493795179 31.34000015258789 31.25 AB 8.88636313493513 1.080430785013086
61263.1794 lsst_hardware_z -36.04351845887344 41.45000076293945 30.950000762939453 AB 7.778299093310373 1.0419690680924814
61266.1565 lsst_hardware_r 13.241812469233999 23.639999389648438 31.510000228881836 AB 3.183330949604194 1.068500780264897
61266.1756 lsst_hardware_g 32.73462701637091 14.720000267028809 31.459999084472656 AB 2.5097729137253686 1.0354916611553868
61268.1622 lsst_hardware_r -24.611258851855098 23.479999542236328 31.510000228881836 AB 5.640865660405086 1.0476766433192157
61268.1802 lsst_hardware_i -46.69663481403776 30.860000610351562 31.270000457763672 AB 4.986356315497391 1.0229997056977773
61274.0863 lsst_hardware_z 93.89866212363631 49.939998626708984 30.950000762939453 AB 3.3814395003528923 1.2198555196078256
61274.1049 lsst_hardware_r -45.97657236556458 47.400001525878906 31.600000381469727 AB 3.1802186176896616 1.1481969916742167
61276.0861 lsst_hardware_i 39.58408433074489 59.79999923706055 31.290000915527344 AB 3.4565376906106873 1.19758776634411
61276.1045 lsst_hardware_z 35.61587671114055 59.0099983215332 30.969999313354492 AB 3.1522611772811215 1.1318711588085126
61278.0845 lsst_hardware_r -70.38644867155064 124.36000061035156 31.6299991607666 AB 2.2187636242171918 1.1822896754265675
61278.1037 lsst_hardware_z -47.23770534956706 85.37000274658203 30.989999771118164 AB 2.102322812679883 1.1179099460344128
61280.0852 lsst_hardware_z 58.53183219288127 94.5 30.989999771118164 AB 4.0689158706808 1.1595931899249436
61280.1041 lsst_hardware_i 150.7449332251981 110.38999938964844 31.329999923706055 AB 3.865078690837914 1.1017374766035195
61281.0834 lsst_hardware_z 64.11518322776618 81.83999633789062 30.979999542236328 AB 5.75713285407297 1.1563410201502564
61281.1012 lsst_hardware_r -11.853118994938736 118.55000305175781 31.649999618530273 AB 5.488788207314828 1.102184750209641
61286.0923 lsst_hardware_u 4.937047356198581 2.6700000762939453 28.3799991607666 AB 0.685681288135004 1.0901133356677328
61286.1095 lsst_hardware_g -7.268479701704844 14.350000381469727 31.420000076293945 AB 0.6744491968418346 1.0538268700653666
61296.0642 lsst_hardware_g 3.7271514627726003 14.210000038146973 31.420000076293945 AB 2.6477252465181427 1.0920706316841173
61296.0824 lsst_hardware_r 12.412944252204534 23.030000686645508 31.5 AB 2.5986282460553936 1.0534623476457146
61299.0861 lsst_hardware_u 2.753678710865768 3.140000104904175 28.6299991607666 AB 3.724755183720028 1.0346542177000078
61299.1026 lsst_hardware_r -8.250677745826202 23.780000686645508 31.530000686645508 AB 3.6580760961351153 1.0161322489264208
61302.9944 lsst_hardware_y 68.20077214205054 52.54999923706055 29.979999542236328 AB 7.927875013610355 1.2811692006480857
61303.0119 lsst_hardware_i -14.09926805588774 44.25 31.280000686645508 AB 7.534752631448393 1.1995466936077102
61304.9948 lsst_hardware_y -23.466593035965587 57.36000061035156 30.0 AB 2.5604130280164417 1.251525716342492
61305.0124 lsst_hardware_z 42.51442699800985 65.29000091552734 30.969999313354492 AB 3.031050650353819 1.1761174353052042
61306.9956 lsst_hardware_y -52.88631678590055 63.25 29.989999771118164 AB 3.11592023715746 1.222488813375157
61307.0125 lsst_hardware_i -119.02342131762262 88.7300033569336 31.309999465942383 AB 3.2368710373437173 1.156025370479899
61309.0019 lsst_hardware_z 172.35439694379068 107.33999633789062 31.729999542236328 AB 3.9468284991878484 1.1745348177327195
61310.9976 lsst_hardware_y -105.54810444763746 50.18000030517578 30.010000228881836 AB 5.010144185813749 1.1702298783432923
61311.0183 lsst_hardware_r -23.409957330592 55.7400016784668 31.6200008392334 AB 5.201269025618418 1.1048116314550884
61312.997 lsst_hardware_y 23.810329011702716 49.34000015258789 30.020000457763672 AB 9.834951053398271 1.1529837108312726
61313.0166 lsst_hardware_z -23.3182695844407 41.88999938964844 30.950000762939453 AB 3.658294236111829 1.0950244657853616
61314.9981 lsst_hardware_y 70.43450899552317 49.65999984741211 30.020000457763672 AB 7.884439570913407 1.1316023783152878
61315.0186 lsst_hardware_u -0.8555775024991298 2.700000047683716 28.420000076293945 AB 5.384013997619758 1.0773235058851294
61316.9987 lsst_hardware_y -37.64164230292533 49.209999084472656 30.020000457763672 AB 2.4288080799427463 1.1136638630282738
61317.0188 lsst_hardware_r -6.251034112525704 22.959999084472656 31.489999771118164 AB 2.5759897763890813 1.065339030764624
61318.9997 lsst_hardware_y 50.61843616109894 49.720001220703125 30.030000686645508 AB 3.6248472551021766 1.096334485866169
61319.0199 lsst_hardware_r 16.554937724030633 23.079999923706055 31.510000228881836 AB 3.5916214421338806 1.0529269124082419
61323.0003 lsst_hardware_y -85.75785647649992 49.130001068115234 30.049999237060547 AB 2.5672297929792935 1.069679080408039
61323.0212 lsst_hardware_i -0.36538215027512855 30.739999771118164 31.270000457763672 AB 2.4810899004084415 1.0337874585035174
61325.9999 lsst_hardware_y 21.554422673495527 50.040000915527344 30.049999237060547 AB 5.251389172111314 1.054513463500657
61326.0202 lsst_hardware_g -2.9600198357506637 14.380000114440918 31.450000762939453 AB 5.895245856771982 1.0248145774484108
61328.0015 lsst_hardware_y -39.61666069242443 49.970001220703125 30.049999237060547 AB 7.001683098183376 1.0426282456810447
61328.0226 lsst_hardware_z -15.896111166569858 40.84000015258789 30.950000762939453 AB 6.819684936163168 1.0168516306406314
61536.3624 lsst_hardware_g 3.8496146665837947 14.960000038146973 31.389999389648438 AB 8.518614260008261 1.2464592691236436
61536.3824 lsst_hardware_r 63.845948912865616 24.260000228881836 31.5 AB 8.842186464517878 1.163445587436563
61540.3598 lsst_hardware_i 8.588172907263006 32.560001373291016 31.229999542236328 AB 9.236127810330704 1.208996375460528
61540.3783 lsst_hardware_r -17.414415457753762 24.139999389648438 31.489999771118164 AB 8.67109295817139 1.1402456358342739
61546.3359 lsst_hardware_i 27.367383020411125 69.62000274658203 31.299999237060547 AB 8.753910404091235 1.2426588692016618
61546.3484 lsst_hardware_z 46.98500065160396 62.63999938964844 30.969999313354492 AB 8.373269439521701 1.1886250890086705
61550.3636 lsst_hardware_r 19.186232002749016 71.2300033569336 31.6299991607666 AB 8.065068741110796 1.1032296938538564
61550.3841 lsst_hardware_y 32.066551912737104 52.58000183105469 30.049999237060547 AB 8.27500953876989 1.0571939620266446
61552.3586 lsst_hardware_z 19.92369483932584 54.54999923706055 30.969999313354492 AB 3.9826712632701544 1.1020119710209457
61552.3791 lsst_hardware_r -16.85085323416478 58.279998779296875 31.639999389648438 AB 5.255834002880062 1.0563428806914001
61554.3446 lsst_hardware_r 2.463285350115541 34.95000076293945 31.56999969482422 AB 9.58626646819581 1.1261289426275778
61554.3645 lsst_hardware_i 50.17150944400194 36.970001220703125 31.280000686645508 AB 9.160380714372497 1.0746995480472927
61558.3515 lsst_hardware_r 9.588063560682953 23.459999084472656 31.5 AB 9.424938760156639 1.0793150467790429
61558.3654 lsst_hardware_u 3.409220142176441 2.7300000190734863 28.450000762939453 AB 9.186897091919366 1.0515334328789812
61561.3418 lsst_hardware_r -11.198626681870373 23.479999542236328 31.5 AB 5.658833316769336 1.082771263672732
61561.3603 lsst_hardware_z -18.324965752282804 41.2599983215332 30.950000762939453 AB 5.4045736833097475 1.0462996563638578
61563.3693 lsst_hardware_u 0.4148846531761812 2.799999952316284 28.520000457763672 AB 2.451989702577469 1.0260444408735094
61563.3873 lsst_hardware_g 2.8339488904207992 14.420000076293945 31.459999084472656 AB 1.1323453321050212 1.0099705652787465
61572.244 lsst_hardware_r -6.554721432776157 65.44999694824219 31.579999923706055 AB 10.090236876377366 1.3578572031190481
61572.2625 lsst_hardware_i -46.68875861529448 53.5 31.280000686645508 AB 8.27827287285043 1.2542837686137014
61576.2472 lsst_hardware_z -61.67540001734833 73.0 30.959999084472656 AB 4.212052847912418 1.2763796508825511
61576.2674 lsst_hardware_r 41.29064023522714 106.52999877929688 31.6299991607666 AB 4.159779431056374 1.1850942088905112
61578.2552 lsst_hardware_z 54.92320875853989 74.58999633789062 30.969999313354492 AB 3.121689484685629 1.2126597978772957
61578.275 lsst_hardware_i -16.458658961495367 82.66999816894531 31.31999969482422 AB 2.9609419808012296 1.1388238387697036
61580.2625 lsst_hardware_z -32.31239132959687 87.19999694824219 31.719999313354492 AB 4.41808750903757 1.1626546076414659
61582.2733 lsst_hardware_i 9.784544969882866 43.470001220703125 31.290000915527344 AB 6.430925194120232 1.111222980538322
61582.2939 lsst_hardware_r -87.06085238758962 44.68000030517578 31.610000610351562 AB 5.901750712622232 1.0626126598167505
61585.249 lsst_hardware_z -56.71295512458888 42.900001525878906 30.940000534057617 AB 3.2194567300609043 1.1621189014777127
61585.2682 lsst_hardware_u -3.498866297856336 2.6700000762939453 28.389999389648438 AB 2.952267260141567 1.102826768824087
61587.2683 lsst_hardware_r -49.811259459766774 23.219999313354492 31.5 AB 8.910588837777818 1.0887372831561706
61587.2874 lsst_hardware_i 35.044164301168486 30.760000228881836 31.260000228881836 AB 8.558049400394442 1.0495093897389254
61589.2665 lsst_hardware_z 28.726313847070227 41.7599983215332 30.940000534057617 AB 6.96291096941735 1.0801490741775994
61589.2859 lsst_hardware_r -15.232526644643233 22.969999313354492 31.5 AB 6.71001139990279 1.0430204639805623
61591.2634 lsst_hardware_u -0.8524597958769919 2.690000057220459 28.420000076293945 AB 4.308071086625166 1.0748903844370237
61591.2832 lsst_hardware_g -7.04923437823014 14.130000114440918 31.43000030517578 AB 4.12754412839732 1.0388114417106673
61593.2327 lsst_hardware_g 15.334972706892698 14.170000076293945 31.399999618530273 AB 2.0577556458327066 1.1431975810181703
61593.2523 lsst_hardware_r -8.306357779281107 23.15999984741211 31.5 AB 1.7182110805264523 1.087819614135139
61600.164 lsst_hardware_z -49.9700380034404 53.689998626708984 30.93000030517578 AB 10.381998467932565 1.381151199130747
