data/validation/pwv_sim_epoch_fit_epoch/17359983.ecsv
# %ECSV 0.9
# ---
# datatype:
# - {name: time, datatype: float64}
# - {name: band, datatype: string}
# - {name: flux, datatype: float64}
# - {name: fluxerr, datatype: float64}
# - {name: zp, datatype: float64}
# - {name: zpsys, datatype: string}
# - {name: pwv, datatype: float64}
# - {name: airmass, datatype: float64}
# meta: {SNID: '17359983', alt: 1024.0, c: 0.13434892892837524, dec: -54.340912, lat: -30.244573, lon: -70.7499537, ra: 40.546875, t0: 60643.78515625,
#   x0: 9.806214400636457e-05, x1: 0.4616612493991852, z: 0.17035552859306335}
# schema: astropy-2.0
time band flux fluxerr zp zpsys pwv airmass
60530.3741 lsst_hardware_i -27.911696344863582 30.56999969482422 31.229999542236328 AB 5.555535261828052 1.130169240217275
60530.3931 lsst_hardware_y 99.22947431474265 47.90999984741211 30.020000457763672 AB 4.22925550870404 1.109264427881808
60538.4263 lsst_hardware_u -1.7440682818531648 7.610000133514404 29.110000610351562 AB 4.43939867475328 1.0994053181657455
60545.4034 lsst_hardware_z 67.27513032134443 50.41999816894531 30.959999084472656 AB 4.196181588838253 1.0977344960009086
60545.4144 lsst_hardware_r -77.38315752878722 55.599998474121094 31.6200008392334 AB 4.199760353983837 1.103554441793073
60547.2396 lsst_hardware_y 109.02948982885462 103.22000122070312 31.450000762939453 AB 3.4157145620473 1.3798079426570737
60547.26 lsst_hardware_r -87.22069291067315 67.76000213623047 32.7400016784668 AB 2.848353853301267 1.2943140805670705
60550.4108 lsst_hardware_r -3.9716946284101 24.43000030517578 31.5 AB 8.317361993080866 1.1115010013471691
60550.422 lsst_hardware_i -87.9940790970354 52.16999816894531 31.299999237060547 AB 7.33586068214874 1.1234089865465147
60554.4051 lsst_hardware_z 31.745998748248063 42.7400016784668 30.940000534057617 AB 2.4789481519260925 1.11664331167842
60554.4164 lsst_hardware_r -26.730044979710723 29.1200008392334 31.540000915527344 AB 2.6356978509411135 1.1302306393401003
60556.3966 lsst_hardware_i 14.701756268346806 30.549999237060547 31.239999771118164 AB 2.634504827008818 1.1135631533675878
60556.4084 lsst_hardware_u -0.829550194638619 4.190000057220459 28.700000762939453 AB 2.5847769478571285 1.1268782333982033
60558.3877 lsst_hardware_g 5.413121168401979 12.739999771118164 31.360000610351562 AB 0.7955767395195005 1.110365302888347
60558.3985 lsst_hardware_r -4.898147846231213 21.8799991607666 31.459999084472656 AB 0.8130414883040956 1.121436535591856
60560.407 lsst_hardware_i -8.387303107844554 33.869998931884766 31.25 AB 2.571894692645208 1.1403612293726906
60567.3782 lsst_hardware_z 48.800022270563765 59.189998626708984 31.700000762939453 AB 1.3358470693293882 1.1266632577981908
60569.2889 lsst_hardware_r -81.45663775670123 73.30999755859375 31.6299991607666 AB 2.1852627342833864 1.107396655886851
60569.3004 lsst_hardware_z 65.05435325439778 56.40999984741211 30.969999313354492 AB 1.2280279861283085 1.099890717535329
60570.2777 lsst_hardware_r -4.611521643886889 88.4000015258789 31.6299991607666 AB 1.8047127945694614 1.115052699764882
60570.2967 lsst_hardware_i 77.92094498516283 68.63999938964844 31.31999969482422 AB 2.0914895236128936 1.1003978552858729
60572.3621 lsst_hardware_z -52.51875803568049 60.43000030517578 30.969999313354492 AB 5.817479578074436 1.1236078373877614
60572.3743 lsst_hardware_i -81.89955439041033 65.7300033569336 31.309999465942383 AB 5.926389998689933 1.140458000325206
60575.3651 lsst_hardware_z -10.531488700541383 67.30999755859375 31.700000762939453 AB 2.006755999845722 1.138908058936278
60579.3592 lsst_hardware_r -14.27449780573196 24.1299991607666 31.479999542236328 AB 5.7330236738345315 1.1469105775874064
60579.3713 lsst_hardware_i 4.469208481274654 31.610000610351562 31.219999313354492 AB 5.705913561050548 1.1692445821826878
60581.3535 lsst_hardware_i -9.782942106113127 30.739999771118164 31.229999542236328 AB 7.9365420454594355 1.1465125505069729
60581.3653 lsst_hardware_z 51.41455603882803 42.7400016784668 30.93000030517578 AB 8.120031624543223 1.168153781074179
60585.351 lsst_hardware_r -18.110116266650923 22.170000076293945 31.469999313354492 AB 3.368430630534598 1.16152780363262
60585.3632 lsst_hardware_i 8.172315671581881 31.15999984741211 31.229999542236328 AB 3.4427391460360917 1.1871514296676178
60587.3567 lsst_hardware_z 27.04106006672139 42.91999816894531 30.93000030517578 AB 9.004345989782557 1.1847823670766522
60587.3688 lsst_hardware_i 5.737369567007874 31.459999084472656 31.219999313354492 AB 9.231268790777264 1.2146406303654296
60589.3304 lsst_hardware_r 12.662753139678953 22.010000228881836 31.459999084472656 AB 5.339246206978616 1.1444511732596123
60589.3416 lsst_hardware_u -0.18749484623018503 2.549999952316284 28.31999969482422 AB 4.192087256524164 1.1644686823678232
60591.2718 lsst_hardware_g 24.629196101542707 12.880000114440918 31.3799991607666 AB 2.832589859304803 1.095814768743597
60591.2838 lsst_hardware_r 25.433020852284567 21.809999465942383 31.479999542236328 AB 2.850414882275574 1.100546286592886
60595.3079 lsst_hardware_r -32.721357485708126 21.959999084472656 31.469999313354492 AB 5.99405783238024 1.1350590814037531
60595.3199 lsst_hardware_g 17.87580838849007 12.90999984741211 31.360000610351562 AB 6.0673789680154 1.154500081125468
60597.3259 lsst_hardware_r 31.947849177326997 42.29999923706055 31.579999923706055 AB 6.693227665699926 1.177072688733207
60597.3369 lsst_hardware_i 45.249823308318284 42.099998474121094 31.260000228881836 AB 7.084722792621837 1.2027030544287438
60600.3201 lsst_hardware_z 87.02573490982573 90.70999908447266 31.719999313354492 AB 7.238851509440766 1.1823037090768602
60602.3142 lsst_hardware_r -73.95666002720088 70.52999877929688 31.610000610351562 AB 1.357348183115423 1.1813300114146414
60602.3267 lsst_hardware_i -55.600129773882145 57.86000061035156 31.290000915527344 AB 1.3921276259489381 1.211599326326317
60604.3167 lsst_hardware_z 0.18350518070981064 69.37000274658203 31.690000534057617 AB 3.085773871524527 1.1999898392081112
60606.2675 lsst_hardware_z 8.066726239214429 43.83000183105469 30.940000534057617 AB 3.363790437206806 1.121512704114294
60606.2791 lsst_hardware_r -33.209080537710115 34.029998779296875 31.559999465942383 AB 3.3920524981353344 1.1368738123569109
60608.2985 lsst_hardware_r 11.66995776395157 24.850000381469727 31.5 AB 1.5968459747562527 1.1828488701898168
60608.3096 lsst_hardware_i 9.004517903440982 32.63999938964844 31.239999771118164 AB 1.6383601335709423 1.2097170565377373
60610.2963 lsst_hardware_z -53.3903510849207 43.16999816894531 30.940000534057617 AB 3.3923817523313042 1.190309386782914
60610.3074 lsst_hardware_i -14.226736038270815 31.549999237060547 31.229999542236328 AB 3.479115379688264 1.2184265155771663
60612.2941 lsst_hardware_u -4.5209288448981555 2.75 28.479999542236328 AB 5.364609630696703 1.1981261040082802
60612.3038 lsst_hardware_g 17.894965635065034 13.130000114440918 31.3700008392334 AB 5.470583030976407 1.223570349133618
60619.2335 lsst_hardware_r -13.066666401467895 21.860000610351562 31.469999313354492 AB 2.8082407556310574 1.123296302252423
60619.2456 lsst_hardware_g -9.308560174136682 12.869999885559082 31.360000610351562 AB 2.8497445483610595 1.1398978193444238
60621.1457 lsst_hardware_r 90.36621145626482 33.76632095821983 32.2400016784668 AB 6.555962963481836 1.1084247571261188
60621.1614 lsst_hardware_u 1.5629027690655215 3.8775362521421934 29.190000534057617 AB 6.511250394451237 1.0985126073193887
60623.2528 lsst_hardware_i 409.93770948030595 36.43016182400024 31.229999542236328 AB 11.205388987477914 1.1726228991866656
60623.265 lsst_hardware_z 93.37661047361789 43.47495769500115 30.940000534057617 AB 11.176091000342998 1.200439420015226
60627.2382 lsst_hardware_y 920.9613618038422 77.66785933615547 30.75 AB 8.41260941498618 1.1651813594162683
60630.2371 lsst_hardware_z 5112.0889794578325 93.28210710853554 30.959999084472656 AB 6.671943450941274 1.1799177866224664
60630.2494 lsst_hardware_r 10529.345500227337 132.06313433769964 31.610000610351562 AB 7.028156255549744 1.2093879067707982
60634.1841 lsst_hardware_u 412.8724687802553 20.807797804186126 28.93000030517578 AB 3.5269081555788766 1.1140536421939067
60634.1972 lsst_hardware_g 18086.653894315376 138.93463977831317 31.639999389648438 AB 3.5918623491594253 1.1292205446663113
60636.1054 lsst_hardware_g 17082.341324907236 131.87498910545233 31.3700008392334 AB 7.588539130702905 1.1078967998690779
60636.1173 lsst_hardware_r 21543.229216393454 147.79840697491088 31.479999542236328 AB 7.5191856279568245 1.10001984170241
60643.178 lsst_hardware_g 21349.58908243252 146.6005217239 31.350000381469727 AB 5.029533522113806 1.1367890127582314
60643.1897 lsst_hardware_r 28013.570476785997 168.90060020678527 31.459999084472656 AB 5.098327441646662 1.156083320101284
60645.1807 lsst_hardware_i 20796.97801684637 146.6481666475454 31.229999542236328 AB 7.2753533786884255 1.1498293191478917
60645.1928 lsst_hardware_z 10371.590352330619 107.16360391417838 30.940000534057617 AB 7.450902576439473 1.1727856307519973
60647.1857 lsst_hardware_z 9677.811936216713 106.2060937232839 30.940000534057617 AB 4.324494838501124 1.1694145047325917
60647.1977 lsst_hardware_r 27779.42114826821 167.42679460695837 31.450000762939453 AB 4.380677868375577 1.1961167357732037
60649.1848 lsst_hardware_u 186.2066091120557 13.647968953724746 28.360000610351562 AB 6.130869458775856 1.1790133574568953
60649.1963 lsst_hardware_g 17616.21358625669 133.8293760464458 31.34000015258789 AB 6.272476958385331 1.206245568920256
60651.1845 lsst_hardware_r 25118.857233011633 160.26943954859527 31.459999084472656 AB 5.322366649211313 1.1906860512776984
60651.1961 lsst_hardware_z 8740.62708714261 101.19581679256098 30.93000030517578 AB 5.375429031804221 1.2202324571373293
60653.0989 lsst_hardware_i 35653.292060025764 193.66824222607596 32.029998779296875 AB 10.075050175969603 1.0951141495619134
60653.1104 lsst_hardware_r 25916.30676734471 165.48665472134863 31.579999923706055 AB 10.106846364632577 1.0985702570252802
60655.0992 lsst_hardware_z 14839.913915765821 135.3684574384434 31.719999313354492 AB 13.588633905187502 1.0964470606660168
60657.0996 lsst_hardware_r 23047.739243394873 164.17420475799332 31.6299991607666 AB 8.115649932868694 1.09862709904025
60657.1136 lsst_hardware_i 14728.738701746657 130.92929778067557 31.299999237060547 AB 8.19127398360504 1.107240639856481
60659.0982 lsst_hardware_z 6344.221406149648 95.53116657341351 30.969999313354492 AB 11.114125732292784 1.1006288296630469
60659.1116 lsst_hardware_r 20442.518464328838 162.8371994737257 31.6299991607666 AB 11.206714827539482 1.1101256952881593
60661.0812 lsst_hardware_i 12681.11661644082 120.49778823922317 31.299999237060547 AB 4.4511140828289655 1.095996080721198
60661.0939 lsst_hardware_z 6110.083906694814 91.21534392415124 30.959999084472656 AB 4.217887677311131 1.101276155955909
60664.083 lsst_hardware_g 5854.993904031258 78.01701901431058 31.3799991607666 AB 4.899796192137968 1.0998214456455289
60664.0956 lsst_hardware_r 13977.764189770833 120.45081247073337 31.469999313354492 AB 3.4352326590655724 1.1081395674405072
60666.0839 lsst_hardware_i 11127.877506844465 109.66265838501879 31.239999771118164 AB 4.683376954490475 1.1035289713690497
60666.0949 lsst_hardware_r 13077.678417837835 116.1537747407883 31.469999313354492 AB 4.758324063768238 1.1123210496984233
60667.0832 lsst_hardware_u 28.413633321427543 5.941113699612395 28.40999984741211 AB 7.103922610736987 1.104923674419932
60667.0967 lsst_hardware_g 4433.122958275903 68.2435768705016 31.3700008392334 AB 6.8689368422123485 1.1168397662260983
60669.0812 lsst_hardware_r 11431.021865114657 109.78200892813604 31.469999313354492 AB 10.539616976747114 1.1075388915536177
60669.0939 lsst_hardware_i 10872.289404315638 107.30786533027062 31.239999771118164 AB 8.358889848757645 1.1197441190566169
60671.0808 lsst_hardware_z 6826.22669092588 90.53522998645565 30.940000534057617 AB 7.08136669000045 1.1119072579293723
60671.0935 lsst_hardware_r 10925.03027729727 106.35609430448937 31.479999542236328 AB 6.021441879961973 1.1257837242856361
60673.0821 lsst_hardware_u 18.559865048570487 4.432686527445563 28.399999618530273 AB 9.466556335976096 1.1187689068408508
60673.0943 lsst_hardware_g 2761.642798362084 54.29328633860518 31.360000610351562 AB 8.404796026253795 1.134212209608825
60896.4312 lsst_hardware_y -62.35027347649025 64.18000030517578 30.040000915527344 AB 3.65528698094219 1.0948070328542687
60910.4074 lsst_hardware_z -44.482051627591254 41.68000030517578 30.940000534057617 AB 2.503653636550134 1.0991382029194998
60910.4189 lsst_hardware_r 19.41810282979537 24.139999389648438 31.489999771118164 AB 1.6803709556098667 1.1062349938182137
60912.4083 lsst_hardware_u -1.1737430964412197 2.950000047683716 28.459999084472656 AB 2.3481112294067756 1.102658478237509
60912.4195 lsst_hardware_r 28.728636439509778 25.899999618530273 31.520000457763672 AB 2.2592823314226247 1.1113046391650885
60920.2809 lsst_hardware_r 65.46464615960504 46.22999954223633 32.29999923706055 AB 3.4310330113128797 1.174240542331077
60932.3817 lsst_hardware_r -87.91442711682431 30.280000686645508 31.549999237060547 AB 1.385236137897536 1.1303436457752232
60932.3938 lsst_hardware_y -73.97653917763186 49.560001373291016 30.020000457763672 AB 1.3889209760099095 1.148818011587916
60934.3899 lsst_hardware_r -68.51125229312646 24.030000686645508 31.5 AB 4.885839241707399 1.151505831182512
60934.4018 lsst_hardware_i -15.421987682735129 39.5 31.270000457763672 AB 5.004975855621452 1.1744174866534498
60938.3595 lsst_hardware_z 49.795131389355056 41.630001068115234 30.940000534057617 AB 5.884018332195509 1.122904261869505
60938.373 lsst_hardware_r -19.26129083556908 21.8700008392334 31.459999084472656 AB 5.8614947288340975 1.1415901701887423
60940.3673 lsst_hardware_u 1.2868479203966687 2.5299999713897705 28.309999465942383 AB 1.7854303240311442 1.1412146526245728
60940.3799 lsst_hardware_g -1.6881738701527833 13.0600004196167 31.34000015258789 AB 1.6285532027893868 1.1632522877067049
60941.358 lsst_hardware_r -9.090315820273991 21.950000762939453 31.469999313354492 AB 2.0222478674069 1.1315384877776737
60941.3696 lsst_hardware_z -57.858850641342734 42.459999084472656 30.940000534057617 AB 2.0400862093684586 1.149452273096941
60945.352 lsst_hardware_u 1.7908850612895904 2.5399999618530273 28.31999969482422 AB 5.681223483672265 1.1386738676522998
60945.3642 lsst_hardware_g 18.700969580083395 12.850000381469727 31.34000015258789 AB 5.798287438836971 1.159348328213396
60947.3373 lsst_hardware_r -12.533669150494275 21.90999984741211 31.469999313354492 AB 7.815883653669635 1.125829498295943
60947.3495 lsst_hardware_i -32.17006889462695 30.690000534057617 31.229999542236328 AB 7.940560735033922 1.1432944041612203
60950.3504 lsst_hardware_z -12.402566952090066 42.2400016784668 30.940000534057617 AB 2.8211779965812305 1.1590706641664874
60950.3615 lsst_hardware_r 13.261175793267332 22.110000610351562 31.459999084472656 AB 2.8712365274254763 1.1817409222492743
60955.347 lsst_hardware_r -101.37241005356864 87.62000274658203 31.6200008392334 AB 4.247533877537066 1.1798705215380738
60955.3586 lsst_hardware_z 43.97341345097838 63.709999084472656 30.959999084472656 AB 4.347103933279095 1.207528870355304
60957.2856 lsst_hardware_r 91.44553084470579 65.55999755859375 31.6299991607666 AB 2.8410136553522394 1.102770948220136
60957.2959 lsst_hardware_i -3.9024380360072066 54.20000076293945 31.309999465942383 AB 3.0223412335065483 1.1106444587989153
60959.3288 lsst_hardware_z 83.37508758176124 67.41999816894531 31.700000762939453 AB 5.25271446593804 1.1647677875537084
60961.3257 lsst_hardware_r 7.3811006784683215 32.119998931884766 31.540000915527344 AB 6.159283284036273 1.1694841678549885
60961.3363 lsst_hardware_i 4.393169775167413 35.61000061035156 31.239999771118164 AB 6.538419484403976 1.1928520100468978
60965.3233 lsst_hardware_u 0.2251220016699356 2.549999952316284 28.309999465942383 AB 6.420142235126663 1.1879802442756466
60965.3335 lsst_hardware_g 5.220099103173235 13.020000457763672 31.329999923706055 AB 5.931260147332182 1.2133088160646786
60970.289 lsst_hardware_r -52.81869414869817 22.079999923706055 31.469999313354492 AB 3.2100479782879763 1.147060203069033
60970.2997 lsst_hardware_i 36.34953375155616 30.950000762939453 31.229999542236328 AB 2.8257389136599924 1.166616217020222
60974.2997 lsst_hardware_r -24.853799944458228 22.219999313354492 31.459999084472656 AB 1.5623984941056195 1.1902477100851652
60974.3098 lsst_hardware_i -15.06930433371761 31.299999237060547 31.219999313354492 AB 1.6784083522215245 1.2156506655394914
60979.1935 lsst_hardware_z 75.10236230108538 45.900001525878906 30.950000762939453 AB 3.6931439289634844 1.0949137055924947
60982.2517 lsst_hardware_z -172.15103776224964 77.68000030517578 31.709999084472656 AB 6.069592413818755 1.1397938869804554
60991.2496 lsst_hardware_g -12.227539166994958 18.459999084472656 31.479999542236328 AB 8.112961012512974 1.1818577499261065
60991.2613 lsst_hardware_r -25.132783391666457 27.25 31.5 AB 4.9615229585836245 1.2101275508740548
60993.12 lsst_hardware_u 0.05209872993343429 2.5799999237060547 28.3700008392334 AB 3.135593367716984 1.1150758775668643
60993.1387 lsst_hardware_r -13.57743791413752 21.760000228881836 31.469999313354492 AB 5.480744817269811 1.100569584618848
60993.147 lsst_hardware_i 1.419793210005802 30.209999084472656 31.239999771118164 AB 5.458953567292489 1.0969096250420043
60997.2395 lsst_hardware_u -4.676137221688925 2.4700000286102295 28.229999542236328 AB 5.469029331197451 1.196462334543387
60997.251 lsst_hardware_g 8.81293208304268 12.859999656677246 31.309999465942383 AB 4.906911423997511 1.2267278559993777
61001.1822 lsst_hardware_r 27.094531096962523 21.90999984741211 31.469999313354492 AB 4.225470559083559 1.1169628757820669
61001.194 lsst_hardware_i -1.811621940315594 30.579999923706055 31.229999542236328 AB 4.181941103010036 1.131324524011913
61004.137 lsst_hardware_z 48.88461981945162 41.40999984741211 30.940000534057617 AB 8.406242010762202 1.0949429503424049
61004.1495 lsst_hardware_r -14.523543463872032 21.700000762939453 31.469999313354492 AB 8.434368794730927 1.0986065640931069
61006.1429 lsst_hardware_z -75.99351307669211 42.0 30.940000534057617 AB 3.953221733869647 1.0981171482971241
61006.1549 lsst_hardware_r -13.435085623444708 24.530000686645508 31.5 AB 3.9775880779138797 1.1048855771983
61009.2144 lsst_hardware_z -78.26963398194542 47.70000076293945 30.940000534057617 AB 6.6748680178626785 1.2161183076392128
61009.2259 lsst_hardware_i -7.266531697040731 39.880001068115234 31.25 AB 6.8190503080108185 1.2496350706473034
61011.1811 lsst_hardware_r 42.93088665459774 59.70000076293945 31.610000610351562 AB 7.276302507919626 1.1540832442707383
61011.1927 lsst_hardware_z 91.58724922000572 52.70000076293945 30.950000762939453 AB 7.434502154572696 1.1768728841367364
61015.1899 lsst_hardware_r 121.03298491905826 72.97000122070312 31.610000610351562 AB 6.215998676470685 1.195384360859747
61015.2024 lsst_hardware_i -9.930653331913646 58.880001068115234 31.290000915527344 AB 6.387197679576166 1.2283072460723394
61020.0968 lsst_hardware_r -18.826700537056055 21.68000030517578 31.469999313354492 AB 11.640247592012498 1.0955956790787873
61020.1101 lsst_hardware_u -2.5069697755931672 2.549999952316284 28.34000015258789 AB 11.675273722701643 1.100748622504869
61026.0804 lsst_hardware_r -46.017537253295835 21.940000534057617 31.479999542236328 AB 11.96043804603156 1.0955959187827362
61026.0963 lsst_hardware_u 3.0999774101850277 3.6700000762939453 29.1200008392334 AB 10.636761148705594 1.1022550413165828
61026.1124 lsst_hardware_g 1.9055599849465064 12.979999542236328 31.3700008392334 AB 10.755529147382937 1.1153813228068552
61028.0812 lsst_hardware_g -14.5542274010813 13.079999923706055 31.389999389648438 AB 4.47499507713497 1.0974849974579939
61028.0934 lsst_hardware_r -15.340072168211575 22.049999237060547 31.479999542236328 AB 3.3737284190797805 1.103908519085929
61030.0883 lsst_hardware_i -3.5508352175987516 30.5 31.239999771118164 AB 3.422882654633775 1.1041556950431533
61030.1015 lsst_hardware_z 21.209383978410873 42.040000915527344 30.940000534057617 AB 3.457760683539408 1.1154066721094864
61034.0813 lsst_hardware_g 8.820857066136183 14.760000228881836 31.43000030517578 AB 7.930835587464943 1.1070401434206312
61034.0935 lsst_hardware_i 48.76200281573865 30.979999542236328 31.239999771118164 AB 6.751849733186281 1.1185040558579686
61036.081 lsst_hardware_z -22.156705689728767 42.900001525878906 30.950000762939453 AB 7.10256249731418 1.1114251619300806
61036.0929 lsst_hardware_r -4.848912960359685 28.299999237060547 31.540000915527344 AB 5.67753135171787 1.124152331792401
61038.0844 lsst_hardware_y -52.87341986019585 69.26000213623047 30.780000686645508 AB 8.404126386934829 1.1205501849246438
