data/validation/pwv_sim_epoch_fit_epoch/17361515.ecsv
# %ECSV 0.9
# ---
# datatype:
# - {name: time, datatype: float64}
# - {name: band, datatype: string}
# - {name: flux, datatype: float64}
# - {name: fluxerr, datatype: float64}
# - {name: zp, datatype: float64}
# - {name: zpsys, datatype: string}
# - {name: pwv, datatype: float64}
# - {name: airmass, datatype: float64}
# meta: {SNID: '17361515', alt: 1024.0, c: 0.1093861386179924, dec: -29.484461, lat: -30.244573, lon: -70.7499537, ra: 214.453125, t0: 61084.56640625,
#   x0: 5.366033805961837e-06, x1: -0.704789936542511, z: 0.5961333513259888}
# schema: astropy-2.0
time band flux fluxerr zp zpsys pwv airmass
61070.3195 lsst_hardware_r 730.4634977060822 37.14238288922907 31.469999313354492 AB 13.649112223151063 1.226004870488733
61070.34 lsst_hardware_g 166.75002662702406 20.45197319839311 31.43000030517578 AB 12.92870723047891 1.1436273534258212
61075.301 lsst_hardware_z 881.9547208206013 68.53144947307933 30.959999084472656 AB 9.694868012873831 1.2494728402372135
61075.319 lsst_hardware_i 1368.8594057925209 73.11799951226628 31.299999237060547 AB 9.112079749941165 1.1702783432257076
61077.3279 lsst_hardware_z 2223.8219698530806 96.7881230182729 31.719999313354492 AB 3.746542649743774 1.1208803738949602
61079.3088 lsst_hardware_r 1785.0607449099723 80.38391107207553 31.610000610351562 AB 9.550417415652054 1.1675326914000066
61079.3258 lsst_hardware_i 1740.2994560396285 72.4217217568038 31.309999465942383 AB 9.100941697798717 1.110841796423547
61083.3261 lsst_hardware_r 1760.1997638316611 49.46675041357395 31.540000915527344 AB 6.497705882886096 1.08107411569682
61083.3444 lsst_hardware_i 1642.9208163813423 52.075009962552365 31.270000457763672 AB 6.4583552374124515 1.0436902452185648
61087.2994 lsst_hardware_i 1674.6381147270934 51.179445273846426 31.239999771118164 AB 5.779675415202761 1.124596331924263
61087.3184 lsst_hardware_u -1.076256348923745 2.8635413172306317 28.450000762939453 AB 5.276516977155419 1.0735356085156722
61089.3202 lsst_hardware_r 1547.6817357794473 45.83678195097 31.520000457763672 AB 5.209706533192377 1.0580769805925112
61089.3397 lsst_hardware_z 1371.6405869765501 54.89223941906268 30.959999084472656 AB 5.426501472631919 1.026288694587597
61091.3195 lsst_hardware_r 1396.8496061159651 44.36298171590047 31.520000457763672 AB 3.8234316016397343 1.0490483633546006
61091.3379 lsst_hardware_u 1.8715445892044014 2.8670025494077067 28.530000686645508 AB 3.8669792595454195 1.0217939647365357
61098.2039 lsst_hardware_z 1024.4598175165486 60.85160034324469 30.90999984741211 AB 9.757533953492604 1.4746159820904645
61098.2267 lsst_hardware_r 980.2173293602976 51.508524644605835 31.549999237060547 AB 7.512084858475629 1.3124220117885383
61100.2037 lsst_hardware_i 996.6703208665789 65.31282044384486 31.25 AB 5.529150719699431 1.4319896541717352
61100.2239 lsst_hardware_z 981.609891274483 63.50739579508585 30.950000762939453 AB 4.610037973803739 1.2968974044834225
61102.2192 lsst_hardware_r 821.6755015092648 100.02957015963993 31.600000381469727 AB 6.754338425077102 1.2925726581335888
61102.2417 lsst_hardware_z 965.0557536590447 72.31541177709305 30.969999313354492 AB 6.187947774086115 1.184409565333738
61104.2112 lsst_hardware_y 338.73628851274543 63.50669796205869 29.959999084472656 AB 14.173785781872496 1.3072131868642638
61104.23 lsst_hardware_r 427.73261240807506 111.00661361279636 31.610000610351562 AB 13.197310298215273 1.2108735019924095
61106.21 lsst_hardware_i 850.9982780531852 92.86209244362249 31.290000915527344 AB 12.443904766629306 1.282964956350537
61106.2309 lsst_hardware_z 921.2267042349841 82.95008121890513 30.969999313354492 AB 11.458100460268572 1.1839224839906564
61110.2133 lsst_hardware_r 391.70394310759593 44.84222762646213 31.559999465942383 AB 10.326228947687918 1.2122951364501788
61110.2339 lsst_hardware_i 514.2010764480958 47.49397151024812 31.270000457763672 AB 9.791267782389445 1.1332485859247212
61112.2147 lsst_hardware_z 717.7590221944179 50.22199795782109 30.93000030517578 AB 16.257078241415552 1.1831934673519682
61112.2336 lsst_hardware_i 519.3825359871887 39.42588279607548 31.25 AB 15.335176248207501 1.1170728619032608
61115.192 lsst_hardware_r 236.29938317096054 28.57605075889854 31.459999084472656 AB 9.881485136786916 1.2484504278947461
61115.2118 lsst_hardware_u 1.681872723370062 2.787710300452222 28.329999923706055 AB 9.691985436344071 1.1627126928072882
61117.2572 lsst_hardware_r 267.3397032092431 27.531150287563307 31.510000228881836 AB 6.610477887772109 1.0347194857203383
61117.2755 lsst_hardware_u 4.124661192360048 2.855575834786932 28.469999313354492 AB 6.4556577108313125 1.012969984439229
61121.1768 lsst_hardware_r 189.2338755671667 27.40861592961226 31.469999313354492 AB 5.935986765510405 1.2425964445900541
61121.1939 lsst_hardware_g 22.347662430732896 15.173554933482245 31.399999618530273 AB 5.649340648001849 1.1684261940024818
61125.1698 lsst_hardware_i 314.70716139998797 36.36763627667633 31.229999542236328 AB 9.005737500331373 1.2238827860020072
61125.187 lsst_hardware_u 3.536312497627694 2.928469531645649 28.3799991607666 AB 8.484242317164886 1.1535862468951532
61127.161 lsst_hardware_z 860.7575842576024 74.99175752794774 31.700000762939453 AB 9.112187277427708 1.2397533710786173
61129.1648 lsst_hardware_r 180.06892251671172 66.9664752781743 31.610000610351562 AB 7.643158483844514 1.197611796277717
61129.1831 lsst_hardware_i 194.18907360755296 56.53609149793628 31.299999237060547 AB 7.654881661931185 1.1297745574572247
61132.1758 lsst_hardware_z 903.9034611128094 125.170324582241 31.739999771118164 AB 9.24087471512262 1.1269359408686124
61134.1494 lsst_hardware_z 324.7265163319473 102.07658386042246 30.979999542236328 AB 7.19142279289013 1.205131738278985
61134.1691 lsst_hardware_r 41.93356038888775 144.0089368519885 31.639999389648438 AB 5.139928636910917 1.1308973898593877
61138.1506 lsst_hardware_i 159.31949342380557 48.96325267624369 31.290000915527344 AB 8.73252136038847 1.1568551845251995
61138.1685 lsst_hardware_z 319.01458249941504 52.42184189650673 30.969999313354492 AB 9.265426198503283 1.10018913894755
61140.1657 lsst_hardware_r 61.786490160367386 28.320596657801243 31.530000686645508 AB 5.293772744926054 1.093077172192041
61140.183 lsst_hardware_z 263.2402727097425 45.66087025036484 30.950000762939453 AB 5.178654106236337 1.0541074273982434
61147.1681 lsst_hardware_r 64.19626298406502 25.38647507121489 31.520000457763672 AB 14.286632379062539 1.0463969808515148
61147.1854 lsst_hardware_u 1.7390060045771656 3.1506948582869017 28.610000610351562 AB 13.957318135457845 1.021341912978353
61149.1633 lsst_hardware_g 31.013218798686818 15.532792901093323 31.440000534057617 AB 9.8477967679963 1.045247228997113
61149.182 lsst_hardware_r 57.447816723003584 25.203585937258683 31.510000228881836 AB 9.136644181341794 1.0190323646377197
61151.1645 lsst_hardware_i 66.20425775301129 33.18450671358656 31.260000228881836 AB 7.595511401198528 1.0345289296102598
61151.1832 lsst_hardware_z 96.48415241660892 43.65654750929572 30.959999084472656 AB 6.870180776717728 1.0125045357709366
61153.1601 lsst_hardware_r 62.14948170314969 25.337080345484537 31.520000457763672 AB 5.5077770041383145 1.032966429883495
61153.1786 lsst_hardware_u -2.6437328161497673 2.8629803527937328 28.510000228881836 AB 4.052789694253162 1.0117640911008976
61155.0833 lsst_hardware_z 185.04145910193472 48.847977303806935 30.940000534057617 AB 17.05061017747379 1.2459114870005144
61155.1031 lsst_hardware_i 106.05320252651511 39.83283792594659 31.270000457763672 AB 15.718545468898272 1.160825562353248
61157.0449 lsst_hardware_r 129.5541559636151 61.87274256067731 31.520000457763672 AB 5.974979542953421 1.457312083647176
61157.065 lsst_hardware_z 167.30151058819436 56.95084433055053 30.93000030517578 AB 5.396059489467852 1.3161120706019154
61159.0475 lsst_hardware_y 85.86490978819705 61.4535948346374 29.93000030517578 AB 11.860169943800257 1.3954235560201103
61159.0666 lsst_hardware_r 50.34631681180488 102.55725426027135 31.600000381469727 AB 10.834336055334147 1.275853591332945
61161.0446 lsst_hardware_i 52.49965224270826 140.45853440316262 31.280000686645508 AB 13.806949092558446 1.3773204740943135
61161.0633 lsst_hardware_z -22.713373851117463 114.13417471581494 30.979999542236328 AB 12.742813036449043 1.264356108195569
61163.068 lsst_hardware_z 333.65920238044555 98.25622252272973 30.979999542236328 AB 15.873084224543057 1.2149705673386488
61163.0873 lsst_hardware_r 91.04503579035207 139.41117316080943 31.639999389648438 AB 15.01106819716639 1.139532999101677
61166.0633 lsst_hardware_i 111.22853187592514 47.959999084472656 31.280000686645508 AB 4.323048900134076 1.1996528178343064
61166.0819 lsst_hardware_z -52.19507390028201 52.83000183105469 30.959999084472656 AB 4.076045393248462 1.1303509132691243
61168.0509 lsst_hardware_z 23.170451987222474 44.189998626708984 30.93000030517578 AB 12.661467392636126 1.2309019144466242
61168.0702 lsst_hardware_i -54.574756783974806 32.22999954223633 31.239999771118164 AB 11.781154282927222 1.1514403925323886
61170.0665 lsst_hardware_g -9.68768349711628 15.210000038146973 31.43000030517578 AB 8.369138419677826 1.1452806595522171
61170.0851 lsst_hardware_r -18.661782786456193 24.15999984741211 31.5 AB 8.098585953261985 1.0896913284798833
61172.049 lsst_hardware_r 30.647820232131757 34.5099983215332 32.220001220703125 AB 13.701771820981602 1.1908888636722639
61172.0691 lsst_hardware_i 24.073893227276276 45.18000030517578 31.989999771118164 AB 12.808571325860019 1.1191412255011242
61177.0479 lsst_hardware_g -6.414811375689699 14.970000267028809 31.40999984741211 AB 10.138049139142153 1.1435179688470918
61177.0697 lsst_hardware_r -7.492555530782352 23.940000534057617 31.5 AB 9.610287708110809 1.0804955636297302
61178.0442 lsst_hardware_i -0.640451623039055 31.950000762939453 31.229999542236328 AB 9.635939726618572 1.1468626192119222
61178.0631 lsst_hardware_z -59.926985305682585 42.060001373291016 30.940000534057617 AB 9.15568913951002 1.090092765747142
61182.0675 lsst_hardware_z 37.007792057832056 42.0099983215332 30.940000534057617 AB 5.382292132187359 1.0556963972907538
61182.0855 lsst_hardware_g 15.675802009900766 17.899999618530273 31.520000457763672 AB 4.7462548247288385 1.0266612210098696
61185.0669 lsst_hardware_r -25.99658202735634 48.08000183105469 31.6299991607666 AB 5.095571542513092 1.042039170248054
61185.0882 lsst_hardware_z -98.55720056429287 47.59000015258789 30.969999313354492 AB 5.809547802719323 1.0144728409870578
61187.0474 lsst_hardware_i 74.73221129917566 70.55000305175781 31.329999923706055 AB 6.189142143483574 1.0690133964994921
61187.0666 lsst_hardware_r 89.62754998944762 84.98999786376953 31.65999984741211 AB 5.988432637615228 1.0339442268047356
61189.0531 lsst_hardware_z 46.903667318038465 134.3300018310547 31.75 AB 10.12652820875206 1.046967169867617
61193.9665 lsst_hardware_g 6.1126511737728455 15.329999923706055 31.3799991607666 AB 11.924628817572213 1.301223477410823
61193.9779 lsst_hardware_r 69.24530517272721 24.290000915527344 31.469999313354492 AB 11.373916142601797 1.2405652945939063
61195.9512 lsst_hardware_y 4.183297644646114 71.7300033569336 29.959999084472656 AB 16.786809502310785 1.3625564899299207
61195.971 lsst_hardware_r 42.246533217936395 24.139999389648438 31.469999313354492 AB 14.689414341609684 1.2476675875151555
61197.9511 lsst_hardware_y -21.99010498835474 71.6500015258789 29.959999084472656 AB 6.214006546985105 1.3280156467286377
61197.9723 lsst_hardware_z -37.85165500802566 43.900001525878906 30.93000030517578 AB 5.399596200995145 1.2155777129660388
61221.9597 lsst_hardware_y 0.3582828978817532 56.650001525878906 30.049999237060547 AB 8.132149991819517 1.052978116252689
61221.9776 lsst_hardware_r -69.26639236256577 65.5199966430664 31.649999618530273 AB 8.009159573323332 1.0249756300644142
61435.3007 lsst_hardware_r 32.560876994961895 42.66999816894531 31.549999237060547 AB 14.860300321102683 1.3315681291310648
61435.3197 lsst_hardware_g -42.07824734584204 35.09000015258789 31.610000610351562 AB 13.747019887052508 1.2283447158157985
61437.3144 lsst_hardware_r -46.67403246101484 27.729999542236328 31.5 AB 11.991128243877629 1.2275929815599342
61437.3338 lsst_hardware_i 22.758653988580132 33.93000030517578 31.25 AB 13.484739741386914 1.1486149694537406
61439.3028 lsst_hardware_z -14.817850975839304 45.599998474121094 30.93000030517578 AB 11.89009721359636 1.2577455136823779
61439.3207 lsst_hardware_i -25.17707372591705 33.4900016784668 31.25 AB 11.049647651160424 1.17699698031109
61441.3027 lsst_hardware_u -1.3645385852308656 2.7699999809265137 28.360000610351562 AB 8.04882266786931 1.2312716334510188
61441.3211 lsst_hardware_g -36.31598127018574 15.630000114440918 31.440000534057617 AB 7.5151582597367135 1.1549344182782808
61444.307 lsst_hardware_r -14.006331291776535 24.889999389648438 31.489999771118164 AB 9.600395508928727 1.1771922883506165
61444.3261 lsst_hardware_i -13.928796509417584 32.18000030517578 31.239999771118164 AB 9.113843649364817 1.1120093929067394
61449.3016 lsst_hardware_g -8.515473322277503 15.15999984741211 31.440000534057617 AB 6.535958624232584 1.1466594077601024
61449.3209 lsst_hardware_r 15.896263601135887 24.139999389648438 31.510000228881836 AB 6.206856379551974 1.0889221718512234
61451.3017 lsst_hardware_i -4.863018548649024 32.060001373291016 31.239999771118164 AB 4.541797669505416 1.1281633623279859
61451.3205 lsst_hardware_z 30.529198474666785 42.11000061035156 30.950000762939453 AB 4.233275050193048 1.0765985080495195
61453.297 lsst_hardware_i -10.804994070520705 32.060001373291016 31.239999771118164 AB 5.568747363771352 1.1257575533230495
61453.3158 lsst_hardware_u 4.563928175907138 2.7100000381469727 28.389999389648438 AB 5.27656871849193 1.0748400037668164
61455.2995 lsst_hardware_z -27.701647090334546 53.38999938964844 30.969999313354492 AB 2.8805345804247984 1.1022453751625505
61455.3178 lsst_hardware_r 28.057948206130227 58.22999954223633 31.639999389648438 AB 2.7877748158740303 1.0588161984645788
61457.2959 lsst_hardware_i 108.15891678058965 70.30000305175781 31.31999969482422 AB 7.10833495851142 1.097176918157271
61457.3156 lsst_hardware_r -43.83126882407076 88.29000091552734 31.65999984741211 AB 6.8158689066706115 1.0524948447458833
61459.3107 lsst_hardware_z -264.5513517405128 92.20999908447266 31.739999771118164 AB 11.58276356087743 1.0514491249888587
61461.3239 lsst_hardware_i -43.29019589225306 76.5999984741211 31.34000015258789 AB 9.20734760627818 1.0230386229197979
61461.3441 lsst_hardware_z -54.91572713039644 67.3499984741211 31.0 AB 8.645604208211035 1.00530281490826
61463.2072 lsst_hardware_z 13.341818787011404 59.88999938964844 30.93000030517578 AB 9.723390531169063 1.4530957978284482
61463.228 lsst_hardware_r 83.25118427730071 59.540000915527344 31.579999923706055 AB 7.666547749508113 1.3088615998818782
61465.211 lsst_hardware_i -23.97022116926081 36.18000030517578 31.219999313354492 AB 4.8757909724304795 1.3832031127462354
61465.2321 lsst_hardware_z 29.71404889612316 45.77000045776367 30.93000030517578 AB 4.4286623901945665 1.2562987254109688
61467.2029 lsst_hardware_r -16.33175361049529 24.8700008392334 31.440000534057617 AB 7.645053995530567 1.4021190271490982
61467.2225 lsst_hardware_u -1.2907185210638659 2.559999942779541 28.219999313354492 AB 6.6472056105635735 1.2781449065306192
61469.2143 lsst_hardware_g 2.2865885169611455 14.65999984741211 31.34000015258789 AB 14.037808422759992 1.293360214005297
61469.2343 lsst_hardware_r 4.764132763357902 24.1299991607666 31.469999313354492 AB 12.974726254503645 1.1953040147864893
61471.2169 lsst_hardware_i 26.53726535862853 32.56999969482422 31.229999542236328 AB 12.121752303579672 1.2503096754594782
61471.2386 lsst_hardware_z -46.278671650961556 42.90999984741211 30.940000534057617 AB 11.221404987647485 1.1570943918519365
61473.1875 lsst_hardware_z -15.40125217556345 46.290000915527344 30.90999984741211 AB 12.694504666757036 1.3950005128304435
61473.2079 lsst_hardware_r -16.65416441284598 24.399999618530273 31.459999084472656 AB 11.40053595432866 1.2685821057838682
61475.2127 lsst_hardware_r 12.705427721409798 24.190000534057617 31.469999313354492 AB 10.404538978127665 1.218151790209609
61475.2337 lsst_hardware_i -27.3704978040368 31.850000381469727 31.239999771118164 AB 9.769962030024118 1.1362072429160188
61478.2149 lsst_hardware_z 62.627803806302744 43.470001220703125 30.940000534057617 AB 13.181893851726976 1.1743596829975702
61478.2347 lsst_hardware_i -16.200628531267345 31.6299991607666 31.25 AB 12.489455958313306 1.1078924252262545
