data/validation/pwv_sim_epoch_fit_epoch/17427230.ecsv
# %ECSV 0.9
# ---
# datatype:
# - {name: time, datatype: float64}
# - {name: band, datatype: string}
# - {name: flux, datatype: float64}
# - {name: fluxerr, datatype: float64}
# - {name: zp, datatype: float64}
# - {name: zpsys, datatype: string}
# - {name: pwv, datatype: float64}
# - {name: airmass, datatype: float64}
# meta: {SNID: '17427230', alt: 1024.0, c: -0.13697576522827148, dec: -5.529265, lat: -30.244573, lon: -70.7499537, ra: 124.804688, t0: 62868.03515625,
#   x0: 8.807245104673708e-06, x1: 0.4259416162967682, z: 0.48456883430480957}
# schema: astropy-2.0
time band flux fluxerr zp zpsys pwv airmass
62832.3372 lsst_hardware_r 7.895180378801774 23.56999969482422 31.5 AB 4.3394129387785405 1.110866013852344
62834.2928 lsst_hardware_g -25.404043918468034 14.25 31.3799991607666 AB 5.295733237977019 1.183822932801656
62834.3123 lsst_hardware_y -29.170873927894238 48.47999954223633 30.010000228881836 AB 5.096912180837034 1.1379999659517808
62837.3346 lsst_hardware_z -40.45831786063411 42.529998779296875 30.940000534057617 AB 7.344228443348954 1.102861199586832
62837.3544 lsst_hardware_y 101.63963201191845 73.0199966430664 30.049999237060547 AB 7.362025380586732 1.101275300012923
62839.3361 lsst_hardware_u 3.633162715693827 3.111080059770942 28.530000686645508 AB 4.829890076024665 1.100453423564517
62839.3549 lsst_hardware_y -46.69901806003703 73.9471718850343 30.049999237060547 AB 4.81298053590559 1.1039790203926445
62841.3287 lsst_hardware_r 8.103956994842084 23.60262340843473 31.5 AB 4.779923081908074 1.1009208457208306
62841.3485 lsst_hardware_z 28.311836021022422 50.545038312638745 30.969999313354492 AB 4.675881399575628 1.1034528376580461
62850.2993 lsst_hardware_z 435.54216630946354 64.4228867181502 30.979999542236328 AB 9.110594633628354 1.1027609166797205
62850.318 lsst_hardware_i 745.2217605407748 69.09891364168908 31.31999969482422 AB 9.091141992403495 1.1009862609382512
62854.2869 lsst_hardware_y 328.31600680761875 50.856221957777315 30.030000686645508 AB 4.840033891956882 1.103518899214897
62854.3071 lsst_hardware_g 1020.5492052902364 37.5997983501129 31.549999237060547 AB 5.340170535207608 1.1009904202888339
62856.2741 lsst_hardware_r 2115.828855776544 52.483816674413966 31.5 AB 5.969357287802563 1.1086529971774708
62859.2832 lsst_hardware_z 1125.7864766744754 53.9939989386624 30.940000534057617 AB 6.131555344845741 1.100159451826491
62859.3046 lsst_hardware_r 2594.3298596471805 57.05768298555762 31.479999542236328 AB 6.722441908502884 1.1068480955796303
62862.2551 lsst_hardware_r 3097.5209408725373 60.18606557198338 31.489999771118164 AB 6.979172535856612 1.1110383447901213
62862.2762 lsst_hardware_u 3.56297812863259 4.875320593326475 28.43000030517578 AB 6.9081047998517935 1.100031284892601
62864.2528 lsst_hardware_g 1584.5962491270639 43.028716375555916 31.43000030517578 AB 7.950625706165457 1.1081912405652665
62864.2752 lsst_hardware_i 2006.5396135037 53.97044514436017 31.25 AB 7.911475873545352 1.1000765979831546
62867.2538 lsst_hardware_z 3016.753662690677 80.59000740246549 31.690000534057617 AB 7.795380381716365 1.1023284766855632
62867.2769 lsst_hardware_r 6490.847010176852 86.98271447830633 32.2400016784668 AB 7.8001504509535 1.10311531447422
62869.2574 lsst_hardware_y 446.3998912903122 52.317435248446884 30.020000457763672 AB 4.815635840371092 1.1000043797246186
62869.279 lsst_hardware_g 1291.0269056830139 39.35018254705115 31.399999618530273 AB 4.836366739908132 1.1081993675558064
62871.2435 lsst_hardware_r 3373.5450237026785 83.40582756999153 31.6200008392334 AB 12.883610852780697 1.1020581542945722
62871.2654 lsst_hardware_i 2223.3387080831135 66.18169215403763 31.290000915527344 AB 11.509794457696906 1.1028228480706073
62873.2481 lsst_hardware_z 1682.8126824393032 80.08544542952096 30.979999542236328 AB 9.668514012680717 1.099944711340241
62873.2693 lsst_hardware_r 3510.5838094473415 114.80876334241204 31.639999389648438 AB 10.474058718139899 1.109246356170495
62875.2461 lsst_hardware_z 1546.2386868573512 96.6528107432968 30.989999771118164 AB 7.597047631580119 1.1001842991318356
62875.2681 lsst_hardware_r 3364.247860147581 142.44835055249135 31.649999618530273 AB 8.848093944590337 1.1134112889314816
62880.201 lsst_hardware_g 831.5034256686951 59.71418852087687 31.690000534057617 AB 8.845717394391079 1.1163666729701416
62880.2201 lsst_hardware_i 1843.6273536198046 64.151254551511 31.299999237060547 AB 8.681277714468768 1.1015917918706668
62884.1909 lsst_hardware_u 4.6654579931285145 3.4780406459562734 28.489999771118164 AB 6.965892826694739 1.1154054324722678
62884.2121 lsst_hardware_g 467.3731858278155 26.090764712742548 31.440000534057617 AB 7.321400579945616 1.1006866319136481
62888.194 lsst_hardware_z 907.490150373806 50.840804143215784 30.940000534057617 AB 10.757584235972296 1.1035400442102197
62888.2146 lsst_hardware_r 1404.2144867022373 43.3409831124722 31.479999542236328 AB 10.460176411345305 1.1010712011942427
62890.1623 lsst_hardware_r 1207.9458166019283 41.56570993145446 31.489999771118164 AB 15.990207641163527 1.1328253654061915
62890.1843 lsst_hardware_u 2.2721424157507646 3.8337046793128695 28.389999389648438 AB 12.554894361863042 1.1062393152386913
62894.1738 lsst_hardware_r 918.9988243223605 37.70095518991684 31.489999771118164 AB 11.764204143248172 1.1059354609471208
62894.1916 lsst_hardware_u 3.7361014737047418 3.70932836311126 28.360000610351562 AB 11.6953820204142 1.0999481491392125
62896.144 lsst_hardware_y 380.6048758319234 50.5327509343139 30.020000457763672 AB 13.65386403574576 1.136188731677029
62896.1635 lsst_hardware_g 171.15701964498876 19.510407709466826 31.440000534057617 AB 13.331491027182729 1.1098631372271284
62898.1432 lsst_hardware_r 719.2553039691234 49.56426652023521 31.59000015258789 AB 9.457509131378343 1.1283117551155262
62898.1616 lsst_hardware_i 1006.163259881743 49.71868058342513 31.280000686645508 AB 9.239079818721173 1.1068743043873452
62907.1397 lsst_hardware_z 728.2161937219565 66.05183347629563 30.979999542236328 AB 3.8646783469040074 1.1049830870347412
62907.1585 lsst_hardware_r 461.8789727412575 83.57006684637125 31.639999389648438 AB 3.837837809965432 1.1001398337295163
62909.1245 lsst_hardware_z 654.8083926769743 54.178750406968724 30.959999084472656 AB 5.035236723483591 1.1133335915721352
62909.1413 lsst_hardware_r 339.9867350012671 53.42377227921034 31.6200008392334 AB 4.427063034890023 1.1014421218004702
62911.1262 lsst_hardware_i 499.3573553933396 38.31891578130214 31.239999771118164 AB 1.9468563238120937 1.1067972278636122
62911.1438 lsst_hardware_z 579.9908820306018 49.523124661912476 30.950000762939453 AB 2.081079412182197 1.099936264367002
62913.1219 lsst_hardware_r 270.40857252551194 28.781211380786317 31.489999771118164 AB 3.4402231523400433 1.105944005252898
62915.0344 lsst_hardware_u 20.096283141522374 6.279668915052592 29.110000610351562 AB 4.720847693565936 1.338614657910946
62915.0492 lsst_hardware_g 61.029523982367536 16.165992269035982 31.360000610351562 AB 5.890704819287062 1.2645520184516053
62918.0933 lsst_hardware_r 280.983959158749 27.900602028938376 31.5 AB 5.149557859048542 1.1213786939459078
62918.1114 lsst_hardware_i 385.72384856469876 36.593997408884675 31.25 AB 5.01766536933267 1.103915819008361
62920.0966 lsst_hardware_z 339.71003826925585 46.725087520774856 30.950000762939453 AB 7.325994231346704 1.1111495585854099
62920.1145 lsst_hardware_r 220.93616737304865 27.671233593286797 31.5 AB 7.2373253594829015 1.1005107242358307
62922.0929 lsst_hardware_u 15.54530295067393 4.134544855356971 28.420000076293945 AB 8.488226155935235 1.1094995302183173
62922.1117 lsst_hardware_r 260.9450212474431 27.27281458451281 31.489999771118164 AB 8.445801043765917 1.1000717738542385
62926.0844 lsst_hardware_r 197.81886293447735 34.91811699722343 31.559999465942383 AB 4.4829479791103495 1.1074476232980113
62926.1031 lsst_hardware_z 354.29533947872136 47.25637814810821 30.950000762939453 AB 4.638117124317662 1.0999269874471245
62928.0814 lsst_hardware_y 77.73563045095135 51.1503098913597 30.030000686645508 AB 6.935553775885599 1.1056199228256973
62928.0983 lsst_hardware_r 224.3036991526213 53.484610042930306 31.6200008392334 AB 6.461517055635824 1.0999263010700184
62931.0826 lsst_hardware_i 327.16647288766785 84.21147626903297 31.31999969482422 AB 5.810290154617409 1.1009897968577491
62931.1007 lsst_hardware_z 253.84143474439537 76.07097127165306 30.989999771118164 AB 7.944543743468171 1.1023881235154724
62933.0789 lsst_hardware_r 224.0419166479387 119.66106170665512 31.649999618530273 AB 10.429362856670286 1.100530727049274
62933.0969 lsst_hardware_z 128.34650720443494 82.47603870440568 30.989999771118164 AB 11.368812594058129 1.1031969783340143
62936.0478 lsst_hardware_z 260.8048199582098 60.072799258209635 30.969999313354492 AB 8.078864092248763 1.1167006750790005
62936.067 lsst_hardware_r 301.6925434214523 75.95637891811764 31.639999389648438 AB 7.948379217542626 1.1016464611978691
62940.0449 lsst_hardware_r 140.98340099313126 26.13926726487248 31.469999313354492 AB 10.678649695264939 1.1084911709415
62940.0646 lsst_hardware_u -1.8893439397107659 2.923372213314836 28.389999389648438 AB 10.588473637593227 1.0999297395308159
62942.0446 lsst_hardware_g 17.10940847734741 14.843834904194116 31.40999984741211 AB 9.016635966297043 1.1046752998618081
62942.0627 lsst_hardware_r 136.76287087831165 26.074427380040444 31.5 AB 8.993605531382869 1.1001015909461833
62947.0327 lsst_hardware_r 29.40848174915664 23.299999237060547 31.5 AB 5.779372142562046 1.1036356733091113
62947.0531 lsst_hardware_g 16.55387815994305 14.25 31.43000030517578 AB 4.320161122517842 1.1009351116017279
62949.0343 lsst_hardware_r 10.75584302035746 23.280000686645508 31.5 AB 5.183981901427604 1.1007499525273603
62949.0522 lsst_hardware_i -35.65717861303879 31.329999923706055 31.25 AB 4.534806589931416 1.1026885325061195
62951.0252 lsst_hardware_z -28.351782739769547 42.0099983215332 30.940000534057617 AB 8.228464256923523 1.1019772675670831
62951.0426 lsst_hardware_i -11.895970723148128 31.100000381469727 31.25 AB 7.73862182212129 1.1010607287817535
62953.0256 lsst_hardware_u 2.8684786457123628 3.0299999713897705 28.56999969482422 AB 7.700788067051524 1.1002697624019893
62953.0436 lsst_hardware_g 8.14504521201156 15.180000305175781 31.459999084472656 AB 7.740739964187005 1.103914428311178
62954.9955 lsst_hardware_y -78.7858705205239 49.77000045776367 30.030000686645508 AB 7.470934734099188 1.1172048053384538
62955.0146 lsst_hardware_r -8.956494132852487 30.440000534057617 31.559999465942383 AB 6.50309370269696 1.1018457646047035
62957.0301 lsst_hardware_z 4.168541031531169 72.27999877929688 31.719999313354492 AB 4.182402400428625 1.102566537898583
62958.9905 lsst_hardware_y -70.19493597514997 58.15999984741211 30.040000915527344 AB 10.228761515150962 1.1107654692711781
62959.0086 lsst_hardware_z -2.4506278318021235 62.38999938964844 30.979999542236328 AB 7.025114084360284 1.1003820471253518
62960.9895 lsst_hardware_y -64.34653960996701 56.029998779296875 30.030000686645508 AB 9.854917157496171 1.1069209432208884
62961.008 lsst_hardware_i 9.951424774957195 69.37999725341797 31.31999969482422 AB 8.448217385584304 1.0999208912650853
62962.9877 lsst_hardware_y -71.66372487644739 58.02000045776367 30.040000915527344 AB 12.488829929326306 1.1043998787899396
62963.0057 lsst_hardware_i -44.03054153818569 70.26000213623047 31.31999969482422 AB 11.741477098535395 1.1001446466239673
62963.9884 lsst_hardware_y -0.3487647214052754 55.459999084472656 30.030000686645508 AB 9.631050796103207 1.1025501040156973
62964.007 lsst_hardware_g -21.332953187877603 89.44999694824219 31.709999084472656 AB 8.354975488454327 1.1010290562425897
62970.9749 lsst_hardware_y 47.03096358218039 63.11000061035156 30.040000915527344 AB 12.474271880958616 1.1005820306556489
62970.9923 lsst_hardware_r -0.25832982165759505 23.510000228881836 31.5 AB 12.532440571609898 1.1027709597087332
63200.3445 lsst_hardware_z 72.10881180602934 68.47000122070312 30.979999542236328 AB 6.76703077902015 1.1012852520918113
63203.336 lsst_hardware_i 48.522240417568824 72.27999877929688 31.31999969482422 AB 6.67464444629794 1.101389384975911
63203.3547 lsst_hardware_y 117.59928950475208 78.86000061035156 30.049999237060547 AB 6.68315380068537 1.102125454291331
63205.3366 lsst_hardware_r 135.9253250556017 64.2300033569336 31.6299991607666 AB 4.4929444012149276 1.100043516171124
63207.3344 lsst_hardware_g -28.49508255312972 31.719999313354492 31.639999389648438 AB 4.747372248019859 1.0999472307739113
63207.3532 lsst_hardware_y 63.29547600045714 70.7300033569336 30.049999237060547 AB 4.812075314449289 1.1080072103267993
63209.3323 lsst_hardware_z -11.670758601243511 42.66999816894531 30.940000534057617 AB 7.248274291706437 1.1003072928586621
63209.3523 lsst_hardware_y -82.8088634021371 68.02999877929688 30.040000915527344 AB 8.184768668425995 1.1122120761551522
63212.2894 lsst_hardware_u -3.3018205475393376 2.690000057220459 28.40999984741211 AB 13.909013509666208 1.1193175924514773
63212.3079 lsst_hardware_y -34.88492393287034 47.630001068115234 30.030000686645508 AB 11.615800624816751 1.1028705850064744
63215.3047 lsst_hardware_g 10.825580034544505 13.90999984741211 31.40999984741211 AB 9.088682642695487 1.100919423371169
63215.3238 lsst_hardware_r -24.101847989368277 22.979999542236328 31.5 AB 9.108852989982118 1.1029858375330748
63217.263 lsst_hardware_i 36.8424045114604 31.200000762939453 31.239999771118164 AB 8.06773102160558 1.1395502696572026
63217.2859 lsst_hardware_z 140.40055643521924 41.84000015258789 30.940000534057617 AB 7.796120232367842 1.1084662470931421
63219.2677 lsst_hardware_r -42.646395178223926 23.139999389648438 31.489999771118164 AB 4.911462272758275 1.1228124301900035
63221.2618 lsst_hardware_g -27.096467279719835 19.950000762939453 32.150001525878906 AB 6.030416521367291 1.1234358719596715
63221.2859 lsst_hardware_i 10.949058914574074 31.239999771118164 31.25 AB 5.900325431019153 1.1017319449200174
63223.2599 lsst_hardware_z -11.395927460562076 42.060001373291016 30.940000534057617 AB 7.494822020170958 1.118630152264322
63223.2861 lsst_hardware_r 2.999834034457874 22.969999313354492 31.479999542236328 AB 7.371362052198768 1.1002032913729505
63225.2838 lsst_hardware_y -52.546684595957586 49.45000076293945 30.030000686645508 AB 6.940532762721051 1.0999259528876468
63225.3048 lsst_hardware_g -31.927294734260315 14.130000114440918 31.40999984741211 AB 7.403929017990743 1.1086215494483578
63227.2853 lsst_hardware_r -59.35966392986817 86.73999786376953 31.639999389648438 AB 6.905231270610312 1.1007714872713459
63227.3067 lsst_hardware_i -103.70329452946669 69.88999938964844 31.31999969482422 AB 6.668108164955978 1.116094763571193
