data/validation/pwv_sim_epoch_fit_epoch/17444357.ecsv
# %ECSV 0.9
# ---
# datatype:
# - {name: time, datatype: float64}
# - {name: band, datatype: string}
# - {name: flux, datatype: float64}
# - {name: fluxerr, datatype: float64}
# - {name: zp, datatype: float64}
# - {name: zpsys, datatype: string}
# - {name: pwv, datatype: float64}
# - {name: airmass, datatype: float64}
# meta: {SNID: '17444357', alt: 1024.0, c: 0.04218364879488945, dec: 4.031936, lat: -30.244573, lon: -70.7499537, ra: 320.273438, t0: 60072.359375,
#   x0: 2.523319996803764e-05, x1: 1.3627382516860962, z: 0.3104759156703949}
# schema: astropy-2.0
time band flux fluxerr zp zpsys pwv airmass
60082.383 lsst_hardware_i 5667.59140355175 121.0191276007574 31.290000915527344 AB 10.003169142107577 1.2740726596893408
60082.4025 lsst_hardware_y 815.2842374562008 129.56862009560683 30.010000228881836 AB 9.631344737088009 1.233522635385247
60085.4316 lsst_hardware_i 5128.125424126112 119.64179320618557 31.309999465942383 AB 7.727748049747275 1.2131472605568325
60100.3634 lsst_hardware_i 3328.8251808585987 111.77308440255231 31.309999465942383 AB 6.339538421595931 1.221000899753711
60100.3847 lsst_hardware_z 2318.970592990399 127.91084884151017 30.979999542236328 AB 5.573707243835957 1.2116754877904257
60111.3212 lsst_hardware_u -19.565986426209594 30.71591286316895 29.329999923706055 AB 8.015432794464495 1.2369017853423085
60118.3322 lsst_hardware_r 1136.659717674272 91.81121224280278 31.610000610351562 AB 3.1639910753931004 1.2116381447766216
60118.3527 lsst_hardware_i 1999.9881413719022 105.65169532330384 31.309999465942383 AB 4.2390489504066435 1.2208363310265196
60121.3057 lsst_hardware_r 988.1698283273134 91.0841172411936 31.610000610351562 AB 6.750984576146459 1.2213818434711965
60121.3272 lsst_hardware_g 122.25813653806112 95.68825129870045 31.65999984741211 AB 6.670276811724058 1.2116760784240115
60128.3098 lsst_hardware_z 2084.1701457387194 174.71381750848244 31.729999542236328 AB 7.805120248637879 1.2119124654994053
60130.2618 lsst_hardware_r 653.908634559106 89.84900118691019 31.600000381469727 AB 4.978865642089568 1.2508403162373039
60130.282 lsst_hardware_i 1245.6417774876063 102.29305971062112 31.309999465942383 AB 4.89638727324447 1.2205369189641389
60137.2799 lsst_hardware_i 1230.9470707158432 101.64933757266357 31.309999465942383 AB 9.184385093369913 1.2116869447485374
60137.3025 lsst_hardware_z 967.1079679577844 122.34100820193588 30.979999542236328 AB 9.297513741179724 1.2225527601814234
60141.281 lsst_hardware_u 6.241282567898651 30.770000457763672 29.34000015258789 AB 3.9626674047735957 1.2142385183923996
60141.3078 lsst_hardware_g 63.15313550411501 93.06999969482422 31.639999389648438 AB 3.4820738997651626 1.2468634160052985
60143.2687 lsst_hardware_r -8.955469487050982 85.61000061035156 31.610000610351562 AB 2.2778646578972173 1.2118987317564447
60143.2873 lsst_hardware_i 179.2560963236701 95.7300033569336 31.299999237060547 AB 2.2994056310960818 1.2238475815290064
60151.2257 lsst_hardware_i -37.70669576532792 95.87000274658203 31.309999465942383 AB 12.309732508074212 1.2195904070086736
60151.2468 lsst_hardware_z -189.2534312134801 119.36000061035156 30.979999542236328 AB 12.246893936183794 1.211893814757564
60159.1767 lsst_hardware_z -118.40030450958021 172.60000610351562 31.729999542236328 AB 2.812100860969395 1.264149634061315
60163.2095 lsst_hardware_z -83.87757946173194 169.02000427246094 31.729999542236328 AB 3.820770074802166 1.2116607002543867
60166.2074 lsst_hardware_g 18.524968748303742 94.38999938964844 31.670000076293945 AB 5.023862561389681 1.2122245382587107
60166.2286 lsst_hardware_r 168.90284225819397 85.70999908447266 31.610000610351562 AB 5.760199161613749 1.22890802957251
60177.1902 lsst_hardware_u 16.548205562549516 30.739999771118164 29.34000015258789 AB 2.095802776284194 1.2195535503544919
60177.2099 lsst_hardware_g 177.3736962342154 93.2699966430664 31.639999389648438 AB 1.8064991485311335 1.247654088194164
60180.1749 lsst_hardware_r -50.41690684975583 85.94000244140625 31.6200008392334 AB 3.6295237251436556 1.214462947933075
60180.1929 lsst_hardware_i 33.59175608510517 95.94000244140625 31.309999465942383 AB 3.6766765973751117 1.2324744166853272
60182.1551 lsst_hardware_z -202.61356515132954 168.83999633789062 31.729999542236328 AB 2.6219265063417616 1.2119845175693813
60184.1128 lsst_hardware_r -13.903816877219764 85.16000366210938 31.600000381469727 AB 4.422555982095516 1.254181065464875
60184.1315 lsst_hardware_z -96.5058163191354 119.13999938964844 30.979999542236328 AB 4.772613338010418 1.223747009746261
60194.1203 lsst_hardware_r -109.04216492666217 121.3499984741211 32.36000061035156 AB 2.0072525609090324 1.2124751198484036
60194.1437 lsst_hardware_u -36.78301704103116 43.70000076293945 30.100000381469727 AB 2.513667735160364 1.2194870758813168
60196.0946 lsst_hardware_i 4.581767954981107 95.76000213623047 31.299999237060547 AB 3.1339092238227697 1.2288233788352254
60196.1126 lsst_hardware_z -20.29909994892159 119.31999969482422 30.979999542236328 AB 3.1204834391395146 1.2132517259484894
60199.095 lsst_hardware_r 40.05694278814888 85.5 31.610000610351562 AB 3.550590846778483 1.2192963072728307
60199.1136 lsst_hardware_g 1.3538941068219204 93.83999633789062 31.649999618530273 AB 3.5365804797345612 1.2116763956264023
60201.093 lsst_hardware_r 85.25816045110759 85.80999755859375 31.610000610351562 AB 1.4857080046675628 1.2165469843746677
60201.1117 lsst_hardware_i -46.78159025552096 96.06999969482422 31.309999465942383 AB 1.548594420035885 1.2122069824155657
60209.0713 lsst_hardware_g 10.82883648423279 133.32000732421875 32.41999816894531 AB 3.0776135023877993 1.2164480246592093
60209.0938 lsst_hardware_r -141.88327955936256 121.37000274658203 32.369998931884766 AB 3.982843352059504 1.2135415454172773
60218.0322 lsst_hardware_u 38.647064165845855 30.40999984741211 29.31999969482422 AB 7.512250241121863 1.2320887146141972
60218.0515 lsst_hardware_r -26.406304668481535 85.55999755859375 31.610000610351562 AB 6.959138335409566 1.2136973523371766
60223.0351 lsst_hardware_r 126.84732743781665 85.80999755859375 31.610000610351562 AB 4.154159565662874 1.2151402785675334
60223.0542 lsst_hardware_u -37.310459373308205 31.1200008392334 29.3700008392334 AB 4.5796482594136245 1.2129911957128194
60228.9991 lsst_hardware_y 317.72639570712226 127.69999694824219 30.020000457763672 AB 6.5187212893150175 1.2368316647974609
60229.0188 lsst_hardware_r -13.43992490106951 85.87000274658203 31.610000610351562 AB 7.467947908749275 1.2150907759111664
60238.0008 lsst_hardware_y 15.577006851951893 131.07000732421875 30.020000457763672 AB 4.009297974919883 1.2123059945330494
60238.0187 lsst_hardware_z -160.14129304558998 122.38999938964844 30.979999542236328 AB 4.061636251385172 1.2157554257077094
60240.0026 lsst_hardware_y 55.41563119362577 128.10000610351562 30.020000457763672 AB 4.79493758630633 1.2117608254501717
60240.02 lsst_hardware_r -152.52368157983125 85.80000305175781 31.610000610351562 AB 4.767926138186437 1.2212925558879193
60447.4018 lsst_hardware_g -1.266318048464744 15.449999809265137 31.399999618530273 AB 9.79137640469808 1.235764796554238
60447.4238 lsst_hardware_y 53.25887923897209 50.849998474121094 30.0 AB 9.985112313603517 1.2135527848327075
60458.4092 lsst_hardware_z 18.417680675439193 61.970001220703125 30.959999084472656 AB 9.883571542522077 1.2127577662712834
60458.4323 lsst_hardware_y -46.28854867092485 62.630001068115234 30.0 AB 9.771155467273156 1.2342512169186821
60460.3632 lsst_hardware_r -2.417336083225344 50.400001525878906 31.579999923706055 AB 8.82769269579462 1.2410064708239767
60460.3852 lsst_hardware_z -79.32909464875908 51.66999816894531 30.950000762939453 AB 8.992312680429466 1.215177389247225
60462.3635 lsst_hardware_g -51.398046996340724 29.479999542236328 32.25 AB 10.780990456972171 1.2317378083219022
60462.3877 lsst_hardware_r -4.45106525025722 40.0099983215332 32.2599983215332 AB 9.272564503472635 1.2120207180541156
60464.365 lsst_hardware_i 17.148412502328807 32.63999938964844 31.229999542236328 AB 14.790322438016418 1.222947117414951
60464.3869 lsst_hardware_z -10.657245228995736 44.08000183105469 30.93000030517578 AB 14.072161140190426 1.211654997433323
60466.3685 lsst_hardware_r 76.70284697666119 34.15999984741211 32.220001220703125 AB 6.595844512582507 1.2153758084729145
60466.3911 lsst_hardware_g 8.209984658343823 20.719999313354492 32.130001068115234 AB 5.3466870581158314 1.2143741662071768
60485.3154 lsst_hardware_i -63.245669985093116 85.38999938964844 31.299999237060547 AB 4.8839965382797965 1.2161850686731337
60485.3381 lsst_hardware_z -57.01951899718701 74.77999877929688 30.969999313354492 AB 4.39983229771591 1.2138305532011613
60487.2875 lsst_hardware_z 45.998158131337235 67.22000122070312 30.959999084472656 AB 8.961537633189955 1.244658004609716
60487.3108 lsst_hardware_r 91.58066699750535 83.01000213623047 31.610000610351562 AB 8.175669705055176 1.215622586433005
60490.2907 lsst_hardware_y 30.09426064506282 49.84000015258789 29.989999771118164 AB 4.2763388252053085 1.2268352754724994
60490.3127 lsst_hardware_g 20.90156775970907 27.670000076293945 31.579999923706055 AB 4.271339111202295 1.2118133516426115
60493.2922 lsst_hardware_r 26.986692612495048 23.829999923706055 31.459999084472656 AB 7.798336114928055 1.2171587505740877
60493.3138 lsst_hardware_i 4.564027261641018 32.209999084472656 31.229999542236328 AB 7.787232894206661 1.2128386814775196
60495.2603 lsst_hardware_z -70.16145951118908 44.220001220703125 30.93000030517578 AB 5.065786248791914 1.2555909322628704
60495.2804 lsst_hardware_r 16.170508394624875 23.889999389648438 31.469999313354492 AB 4.872383156388564 1.2229365797252993
60497.3048 lsst_hardware_u 1.3576063784364105 2.619999885559082 28.299999237060547 AB 1.7943018681808673 1.2135961232200658
60497.3237 lsst_hardware_r 73.78622804412453 23.93000030517578 31.469999313354492 AB 1.8232025495892366 1.231131089700683
60499.2964 lsst_hardware_i 27.366086819643467 32.290000915527344 31.229999542236328 AB 2.1291851759985065 1.2125200318898102
60499.3166 lsst_hardware_z -10.642009078909812 44.040000915527344 30.940000534057617 AB 2.1091448452415276 1.228866680078575
60501.2967 lsst_hardware_r -14.491052364124938 23.860000610351562 31.469999313354492 AB 10.418396637194945 1.2150442168284021
60501.3179 lsst_hardware_u 2.3328538937409387 2.619999885559082 28.290000915527344 AB 10.595425861086493 1.2391586294470132
60503.2579 lsst_hardware_u 3.8103838946732456 2.680000066757202 28.34000015258789 AB 7.626272601341405 1.2236625022209024
60503.2779 lsst_hardware_g 1.8500810394869975 14.489999771118164 31.389999389648438 AB 7.551225712176973 1.2117505823231303
60506.2576 lsst_hardware_r 51.519602020207515 23.809999465942383 31.459999084472656 AB 3.9439656665007714 1.2165224140964748
60506.2789 lsst_hardware_i 53.36927808966322 32.220001220703125 31.219999313354492 AB 3.902418547333448 1.2130614073153398
60508.2614 lsst_hardware_z -8.532067152119216 50.150001525878906 30.940000534057617 AB 2.2700664941449866 1.2122106590307866
60508.2807 lsst_hardware_r 12.508536542658401 48.310001373291016 31.579999923706055 AB 2.2958826026024823 1.2171139437723004
60516.2465 lsst_hardware_r 154.2191388439427 105.18000030517578 32.349998474121094 AB 12.272996856647067 1.2118187017497657
60516.2675 lsst_hardware_z 1.3611426034439986 86.16999816894531 31.700000762939453 AB 13.109363052574842 1.2254795325228882
60520.2118 lsst_hardware_u -5.830071492552825 2.5899999141693115 28.260000228881836 AB 5.504978774201698 1.2233286164892663
60520.2328 lsst_hardware_g 12.086685018692297 14.640000343322754 31.3799991607666 AB 5.452605714251583 1.2116901587225741
60529.2139 lsst_hardware_u 5.446276733107474 2.7100000381469727 28.360000610351562 AB 3.758367939140782 1.2123767545615425
60529.2469 lsst_hardware_r 38.15197042507183 24.440000534057617 31.469999313354492 AB 3.8729347176831075 1.2493337798977766
60535.164 lsst_hardware_y -56.34924229119226 50.349998474121094 29.989999771118164 AB 3.673543269837168 1.2320780133051794
60535.1838 lsst_hardware_g -49.13706819205849 29.649999618530273 31.59000015258789 AB 2.8517438083569466 1.2135080035561476
60537.1492 lsst_hardware_r -14.652939020419334 51.70000076293945 31.579999923706055 AB 6.578807671271457 1.248153234075217
60537.1677 lsst_hardware_i -73.3841633279058 46.970001220703125 31.280000686645508 AB 5.951196118589945 1.2209460160209151
60539.1928 lsst_hardware_z -170.18044512554079 92.13999938964844 31.719999313354492 AB 3.7587549431325704 1.2149838195666105
60539.2151 lsst_hardware_r -119.07801531650584 122.04000091552734 32.36000061035156 AB 3.0958875112151216 1.2408366778417321
60543.1683 lsst_hardware_i 10.171217514501596 96.8499984741211 31.309999465942383 AB 3.02479100223034 1.2118149109192426
60543.1892 lsst_hardware_z 101.27024687093184 83.94999694824219 30.969999313354492 AB 3.0207314762536885 1.2205797600863446
60546.1712 lsst_hardware_r 25.49473561993643 43.31999969482422 31.56999969482422 AB 4.637585275793413 1.2137098340207833
60546.1916 lsst_hardware_z -9.159365630005832 50.45000076293945 30.940000534057617 AB 4.7709121798806855 1.233643901020691
60549.1135 lsst_hardware_u -9.713472877283387 3.8499999046325684 29.110000610351562 AB 4.404692420433111 1.2542430127947735
60549.1326 lsst_hardware_g -1.8152096189107507 21.06999969482422 32.150001525878906 AB 4.77113330498572 1.2233675140989027
60553.114 lsst_hardware_r -30.37383238170989 24.270000457763672 31.469999313354492 AB 1.316811150729922 1.2333541842615565
60553.1315 lsst_hardware_i -60.457535281278254 32.459999084472656 31.229999542236328 AB 1.5796530955939247 1.2151177658414805
60557.0922 lsst_hardware_r 25.936793080143858 24.1299991607666 31.469999313354492 AB 1.875236722026161 1.253081671918584
60557.1123 lsst_hardware_u 1.14494011096146 2.640000104904175 28.309999465942383 AB 1.8067530951276665 1.221742203399752
60568.0931 lsst_hardware_r 164.0886691437929 102.19000244140625 31.6200008392334 AB 4.369631067368039 1.213786407602233
60568.111 lsst_hardware_i 55.76372396837772 81.5199966430664 31.299999237060547 AB 4.369177932798975 1.213660536888604
60571.0688 lsst_hardware_i -52.56575623366747 94.73999786376953 31.309999465942383 AB 6.820595488469385 1.227829970921696
60571.0899 lsst_hardware_z 156.75681826682415 81.45999908447266 30.979999542236328 AB 6.718841738975272 1.2121309289148967
60577.0684 lsst_hardware_z 37.71104297207286 43.369998931884766 30.93000030517578 AB 5.447338108443357 1.2138464179847406
60577.0879 lsst_hardware_r 16.755663691513323 23.829999923706055 31.469999313354492 AB 6.111933772353709 1.2143718999311957
60582.0666 lsst_hardware_z 5.319234135538189 43.63999938964844 30.93000030517578 AB 4.493877421135066 1.2118865803770795
60582.0853 lsst_hardware_r -12.861324370736407 23.829999923706055 31.459999084472656 AB 4.747068916322857 1.2232349201373078
60584.0307 lsst_hardware_r -3.9353821731535277 24.100000381469727 31.479999542236328 AB 6.140089063503813 1.2313835945257996
60584.0493 lsst_hardware_u 2.4294856704867263 2.7699999809265137 28.420000076293945 AB 5.889252258973883 1.2138408324778192
60586.0307 lsst_hardware_g -11.472183346727437 14.449999809265137 31.3799991607666 AB 2.9719134019693363 1.224353227946719
60586.049 lsst_hardware_i -22.67234798087309 32.33000183105469 31.229999542236328 AB 2.8238397308479217 1.2121217903196115
60593.9986 lsst_hardware_y 47.30225431816149 57.439998626708984 30.0 AB 6.4729108237658535 1.2388938846386628
60594.0189 lsst_hardware_z 67.64247587184636 48.75 30.950000762939453 AB 7.339306183339001 1.2155194076414377
60599.0019 lsst_hardware_y -2.4318175044421393 62.029998779296875 30.010000228881836 AB 8.633167961692093 1.2178831884264216
60599.0207 lsst_hardware_i 23.225800038740367 81.93000030517578 31.309999465942383 AB 8.569385395007494 1.2119628599387955
60603.0019 lsst_hardware_y -31.220874823535706 55.43000030517578 30.0 AB 4.014239144422497 1.2122727434334095
60603.02 lsst_hardware_g -7.539543855807841 14.869999885559082 31.40999984741211 AB 4.016774267194598 1.2162215181251306
60607.0047 lsst_hardware_y 39.9583711371619 54.15999984741211 30.0 AB 4.37375095410801 1.2137507851000444
60607.0215 lsst_hardware_r 0.4042813428900762 24.34000015258789 31.479999542236328 AB 4.445471609418076 1.2286247797742214
