data/validation/pwv_sim_epoch_fit_epoch/17482561.ecsv
# %ECSV 0.9
# ---
# datatype:
# - {name: time, datatype: float64}
# - {name: band, datatype: string}
# - {name: flux, datatype: float64}
# - {name: fluxerr, datatype: float64}
# - {name: zp, datatype: float64}
# - {name: zpsys, datatype: string}
# - {name: pwv, datatype: float64}
# - {name: airmass, datatype: float64}
# meta: {SNID: '17482561', alt: 1024.0, c: 0.08476448804140091, dec: 3.583322, lat: -30.244573, lon: -70.7499537, ra: 340.488281, t0: 59893.22265625,
#   x0: 1.2821173113190603e-05, x1: -0.24584048986434937, z: 0.4147314131259918}
# schema: astropy-2.0
time band flux fluxerr zp zpsys pwv airmass
59843.1059 lsst_hardware_i 12.758916454577012 33.040000915527344 31.229999542236328 AB 4.793341703913305 1.2408339901406433
59843.1249 lsst_hardware_z 4.970428905054249 44.0 30.93000030517578 AB 4.5360037586344495 1.2138088730624697
59845.1024 lsst_hardware_i -42.450702190783616 33.04999923706055 31.229999542236328 AB 1.6082695021263909 1.2371303862510699
59845.1222 lsst_hardware_u 3.1787000960463665 2.759999990463257 28.3799991607666 AB 1.5749101189329293 1.2114693222560995
59849.1046 lsst_hardware_g -13.916310822928775 15.0600004196167 31.389999389648438 AB 3.9776523507566752 1.2178040109475101
59849.1235 lsst_hardware_r -3.937258026972324 24.559999465942383 31.479999542236328 AB 3.933732614903432 1.2057417976717413
59854.1122 lsst_hardware_z 17.014551508999524 45.31999969482422 30.940000534057617 AB 5.432375114341803 1.205497843259517
59854.1289 lsst_hardware_g 10.228503433857169 22.100000381469727 31.520000457763672 AB 5.2979332507248476 1.2116947283811024
59857.0733 lsst_hardware_z 17.428866069604116 56.790000915527344 30.959999084472656 AB 3.456672224501671 1.2307894692902515
59857.0929 lsst_hardware_r -34.145155304972235 64.12000274658203 31.610000610351562 AB 4.291644682294164 1.2090842885743174
59859.069 lsst_hardware_i 4.09230875907939 95.87000274658203 31.309999465942383 AB 5.488119431275873 1.228935661708755
59859.0869 lsst_hardware_z 36.11369569712978 82.9800033569336 30.979999542236328 AB 9.995417872851068 1.2094157303598578
59861.0677 lsst_hardware_i -4.934605567771751 110.58999633789062 31.309999465942383 AB 3.7983067756270485 1.2228933598274345
59861.0863 lsst_hardware_z 77.11977797244802 92.72000122070312 30.979999542236328 AB 6.993906725529982 1.206955831602721
59863.0697 lsst_hardware_g 24.778963846984635 98.1500015258789 31.670000076293945 AB 3.670614574143011 1.214363004237873
59863.0884 lsst_hardware_r 56.50955022345908 96.2300033569336 31.6200008392334 AB 5.063007437586876 1.2054779613302085
59870.0723 lsst_hardware_r 34.87261601049458 25.501327489944337 31.479999542236328 AB 7.140858292271162 1.2056829624501062
59870.0904 lsst_hardware_i 57.76537862892884 34.08687052256045 31.229999542236328 AB 10.45474815076926 1.2164935305850006
59872.037 lsst_hardware_i 305.58664093091875 36.60670523223216 31.239999771118164 AB 3.6436503921778995 1.223796593879682
59872.0548 lsst_hardware_z 153.9613724486016 46.075490987108246 30.940000534057617 AB 3.4759986072142217 1.2075729050597002
59874.0359 lsst_hardware_i 489.1628676256973 39.71413224153104 31.239999771118164 AB 5.062657294884731 1.2183028022824522
59874.0537 lsst_hardware_u 5.552537996714104 3.2272637478590323 28.3799991607666 AB 4.750444559300353 1.2060537111581526
59876.0381 lsst_hardware_g 345.23500048155546 23.188220686414695 31.399999618530273 AB 3.4808776114681974 1.2110559664149596
59876.0559 lsst_hardware_r 960.454093641588 39.908286944016275 31.469999313354492 AB 4.355317558934333 1.2056798631359689
59878.0385 lsst_hardware_i 1192.6599543356344 47.33892893580287 31.229999542236328 AB 4.644377682041023 1.2075341722163362
59878.0559 lsst_hardware_r 1494.1475716629925 46.09055399867264 31.489999771118164 AB 2.6293765613296416 1.2071974111779162
59880.0406 lsst_hardware_u 14.02546774155709 4.162859345685713 28.450000762939453 AB 4.2818620696848155 1.2055357523395849
59880.0574 lsst_hardware_g 827.2064222711406 32.07388125750073 31.43000030517578 AB 3.2299344035213933 1.211301107639468
59882.0085 lsst_hardware_y 551.9024421830567 58.99701607165957 30.0 AB 5.556929874399217 1.2254779742858566
59882.0251 lsst_hardware_r 2782.0003466468456 58.97509838290251 31.510000228881836 AB 5.5049295867970605 1.208811942643184
59884.0105 lsst_hardware_y 760.1570783451572 59.55570603955435 30.0 AB 5.101117893992937 1.2162169384259554
59884.0297 lsst_hardware_z 1938.4826145107443 63.92110865640858 30.950000762939453 AB 5.059025704068702 1.2055345416582155
59886.0117 lsst_hardware_y 789.8607158706085 67.64400273474972 30.010000228881836 AB 3.607996461583453 1.2103985892927438
59886.0303 lsst_hardware_z 2165.1536466055254 78.47446497775906 30.969999313354492 AB 3.6011994098932947 1.205994276748236
60100.4075 lsst_hardware_z -161.3108024254196 146.97000122070312 31.729999542236328 AB 5.6585843280287484 1.2301270278323366
60100.4284 lsst_hardware_y -58.008927127440195 156.92999267578125 30.770000457763672 AB 5.3157905388854845 1.2081342133830646
60111.4085 lsst_hardware_r 12.40186506035223 78.5999984741211 31.610000610351562 AB 8.438451847251192 1.2054931210358846
60111.4287 lsst_hardware_y -34.19043393057649 110.48999786376953 30.010000228881836 AB 8.51220791215519 1.21552323372236
60118.376 lsst_hardware_i 33.21626670234889 84.45999908447266 31.309999465942383 AB 3.9789918185708895 1.2100943236568167
60118.3983 lsst_hardware_r -45.20746872474771 78.66999816894531 31.610000610351562 AB 3.9792702737857284 1.2073944546114819
60120.3949 lsst_hardware_u -7.468529473310581 26.6299991607666 29.34000015258789 AB 5.370828848021211 1.2083987283444413
60120.4075 lsst_hardware_g -9.738592571403112 84.88999938964844 31.649999618530273 AB 5.478403550170391 1.2192292767441524
60121.3824 lsst_hardware_r -42.503924826632726 78.56999969482422 31.610000610351562 AB 6.509841444411176 1.205526193409477
60121.401 lsst_hardware_i 71.89497271738031 84.37000274658203 31.309999465942383 AB 6.561718642967503 1.215133082031019
60123.3799 lsst_hardware_z -23.300528093751648 104.20999908447266 30.979999542236328 AB 6.2584961229350515 1.2058953013892302
60123.399 lsst_hardware_r 2.5398201494171784 78.55999755859375 31.610000610351562 AB 6.3166761180656446 1.2188668963448277
60125.3733 lsst_hardware_z -62.33980681823 104.22000122070312 30.979999542236328 AB 4.2404604818555605 1.2057038617729061
60125.393 lsst_hardware_g 30.966468824256136 85.62000274658203 31.670000076293945 AB 4.97754735615418 1.2182453247776597
60128.3367 lsst_hardware_z 150.20474493285568 104.02999877929688 30.979999542236328 AB 8.037398916915357 1.2219534651334638
60128.3582 lsst_hardware_r 11.735885704804328 78.5999984741211 31.610000610351562 AB 7.891535857655087 1.2059192936514211
60132.3639 lsst_hardware_z 117.89039403973358 147.0399932861328 31.729999542236328 AB 1.8705943934144718 1.209436030224955
60137.3272 lsst_hardware_z -131.8886941116905 104.04000091552734 30.979999542236328 AB 9.19788580059822 1.2082608605055543
60137.3518 lsst_hardware_r -43.23566445787276 78.44000244140625 31.610000610351562 AB 9.739267474669035 1.2104734303058355
60139.3243 lsst_hardware_u -17.675578834311935 27.010000228881836 29.360000610351562 AB 7.3049773004567555 1.2070851076889753
60139.3458 lsst_hardware_g 149.35450150024096 85.4800033569336 31.65999984741211 AB 6.897579408881706 1.210101650681001
60141.332 lsst_hardware_g -46.06727197797618 85.27999877929688 31.65999984741211 AB 3.40307844649441 1.2061951015457502
60141.3552 lsst_hardware_r -21.6911803408446 78.19999694824219 31.600000381469727 AB 1.6288951067444268 1.2258853108142442
60143.309 lsst_hardware_i -67.78794020737055 84.4800033569336 31.309999465942383 AB 2.1767458250401632 1.209303236133424
60143.3306 lsst_hardware_r -18.852865921783987 78.5999984741211 31.610000610351562 AB 2.173794439077492 1.2076635772652733
60145.29 lsst_hardware_u 43.908091311194596 27.030000686645508 29.360000610351562 AB 3.42500679467719 1.2223436098062779
60145.3087 lsst_hardware_g 8.906904825842961 85.87000274658203 31.670000076293945 AB 3.8885993034699795 1.2067962769710543
60148.3015 lsst_hardware_r 164.06985367900842 78.62000274658203 31.610000610351562 AB 5.76883317887859 1.2064692334572418
60148.3235 lsst_hardware_i -101.82390331443892 84.43000030517578 31.309999465942383 AB 5.831696395212195 1.2117810691348192
60151.2659 lsst_hardware_z 44.09711887947512 104.0 30.979999542236328 AB 12.982110210514001 1.2341191023368108
60151.2861 lsst_hardware_r 13.603153112921595 78.69000244140625 31.6200008392334 AB 12.920258943989237 1.2099886630445063
60159.2078 lsst_hardware_z 1.436925428907298 103.2699966430664 30.959999084472656 AB 2.9733116821050842 1.3379735322779476
60159.2305 lsst_hardware_r 64.61271354281958 78.06999969482422 31.600000381469727 AB 2.7964692950438352 1.2629895197789243
60163.2461 lsst_hardware_z 114.18784931389506 147.2100067138672 31.729999542236328 AB 3.887518346838207 1.2161796799118432
60166.2465 lsst_hardware_r 18.604580526952994 78.43000030517578 31.610000610351562 AB 5.484355515064657 1.209139726630829
60166.2657 lsst_hardware_i -7.285890783142841 84.33999633789062 31.299999237060547 AB 5.103624721502643 1.2068159663047158
60180.2122 lsst_hardware_i 15.109867888781856 84.30000305175781 31.299999237060547 AB 3.131013122395334 1.2071763741403423
60180.2309 lsst_hardware_r -24.868506632443843 78.38999938964844 31.610000610351562 AB 3.0887211692870777 1.208341071638682
60182.1874 lsst_hardware_z 39.17319928923559 146.97000122070312 31.729999542236328 AB 2.6134226712034216 1.2245157180290132
60195.1644 lsst_hardware_i -136.35827992597012 119.30000305175781 32.060001373291016 AB 3.169517941628136 1.2111264583982178
60195.191 lsst_hardware_r 34.31936446367771 110.97000122070312 32.36000061035156 AB 3.1027307989936235 1.2089346577025613
60209.1149 lsst_hardware_r -73.69263436368071 78.5199966430664 31.610000610351562 AB 4.009135767398207 1.2228567233180438
60209.1357 lsst_hardware_i 59.577920762964034 84.44999694824219 31.309999465942383 AB 4.084480443439449 1.2062848326755609
60211.0997 lsst_hardware_z 196.01310528060256 146.64999389648438 31.719999313354492 AB 4.578332671346483 1.2384471407095665
60215.1067 lsst_hardware_z 100.21082173600011 104.08999633789062 30.979999542236328 AB 5.552035736790977 1.213692367863368
60215.1273 lsst_hardware_r 38.31054511781667 78.55000305175781 31.610000610351562 AB 5.20930629261805 1.2057183873667805
60221.0489 lsst_hardware_i -78.33414959407455 118.44999694824219 32.040000915527344 AB 2.975999797148584 1.2991850103968807
60221.0679 lsst_hardware_u -57.99452659508976 37.119998931884766 30.049999237060547 AB 2.9098653628175386 1.247441567370065
60223.0739 lsst_hardware_u 30.916801613742297 26.950000762939453 29.350000381469727 AB 4.628198509542638 1.2267711193345374
60223.093 lsst_hardware_g 36.91289098052922 85.70999908447266 31.670000076293945 AB 4.124297946243245 1.2079954931637524
60227.0679 lsst_hardware_z -59.314756022871634 103.94999694824219 30.979999542236328 AB 2.969350132670628 1.2201137375716162
60227.0879 lsst_hardware_u -3.88703893619601 27.010000228881836 29.360000610351562 AB 3.819306391291706 1.2059698109541224
60229.0725 lsst_hardware_g 2.9749286864588322 85.37999725341797 31.65999984741211 AB 6.419451042958147 1.2104558849071378
60229.0905 lsst_hardware_r -11.787132081408958 78.5 31.610000610351562 AB 6.987189390939041 1.2059526901961826
60236.04 lsst_hardware_z -65.73703963568057 103.91999816894531 30.979999542236328 AB 5.017877602269623 1.2244698883040206
60236.0586 lsst_hardware_i 17.80359790258914 84.3499984741211 31.299999237060547 AB 4.586329024869662 1.2074847692673367
60238.0373 lsst_hardware_z 108.54249741841313 104.08000183105469 30.979999542236328 AB 4.080361016615366 1.22081211228145
60238.0546 lsst_hardware_g 22.879430857497567 85.4000015258789 31.670000076293945 AB 3.5974600638114476 1.2068976142955457
60242.048 lsst_hardware_z 128.65515935210738 147.22000122070312 31.729999542236328 AB 4.588911145410144 1.2057836551034669
60244.0384 lsst_hardware_z -74.63905577631088 104.11000061035156 30.979999542236328 AB 5.1633256374968965 1.2068309470006964
60244.0561 lsst_hardware_r -8.103183770141982 78.61000061035156 31.610000610351562 AB 3.50707175550816 1.208328147982943
60248.0092 lsst_hardware_y 13.470656226063861 110.91999816894531 30.020000457763672 AB 5.651540758003652 1.2218226695501093
60248.0262 lsst_hardware_i 110.99578287513496 84.45999908447266 31.309999465942383 AB 5.60169625571168 1.2073271740312903
60250.0104 lsst_hardware_y 152.90711264078777 110.62999725341797 30.010000228881836 AB 10.55775664152635 1.2143727445970036
60250.0296 lsst_hardware_g -150.32518836798153 85.29000091552734 31.65999984741211 AB 10.537816494431164 1.2055618915949164
