data/validation/pwv_sim_epoch_fit_epoch/17574471.ecsv
# %ECSV 0.9
# ---
# datatype:
# - {name: time, datatype: float64}
# - {name: band, datatype: string}
# - {name: flux, datatype: float64}
# - {name: fluxerr, datatype: float64}
# - {name: zp, datatype: float64}
# - {name: zpsys, datatype: string}
# - {name: pwv, datatype: float64}
# - {name: airmass, datatype: float64}
# meta: {SNID: '17574471', alt: 1024.0, c: -0.14921586215496063, dec: -18.209957, lat: -30.244573, lon: -70.7499537, ra: 236.425781, t0: 60814.42578125,
#   x0: 4.410908622661985e-06, x1: 1.0267174243927002, z: 0.6446207761764526}
# schema: astropy-2.0
time band flux fluxerr zp zpsys pwv airmass
[from data line 132]
61162.2051 lsst_hardware_r -254.07274668800991 161.08999633789062 31.670000076293945 AB 8.258850252504953 1.0467490814328204
61162.224 lsst_hardware_i 95.90839216621613 126.66999816894531 31.350000381469727 AB 8.249103798618744 1.0281712723020546
61164.2446 lsst_hardware_z 185.34901233519227 85.51000213623047 31.0 AB 9.744800709112148 1.0230582886506427
61164.263 lsst_hardware_i -80.6015620314964 98.75 31.350000381469727 AB 9.521977374297212 1.0334810196230761
61171.2345 lsst_hardware_i -27.12910369229942 31.959999084472656 31.260000228881836 AB 7.724135970851397 1.026690647432618
61171.2567 lsst_hardware_z 72.92246660283618 42.63999938964844 30.950000762939453 AB 8.278243179336354 1.047878883460298
61174.1909 lsst_hardware_r 10.626615539005925 24.739999771118164 31.520000457763672 AB 6.0907251128762505 1.0283899389978242
61174.2126 lsst_hardware_g -34.48764909551312 15.970000267028809 31.489999771118164 AB 6.885991462929599 1.0222671411712587
61176.1896 lsst_hardware_r -19.432065425768347 24.81999969482422 31.530000686645508 AB 5.515057221114807 1.0259617191172554
61176.2089 lsst_hardware_i 23.856683801808224 31.719999313354492 31.260000228881836 AB 5.320962637336345 1.0224755260062866
61181.1705 lsst_hardware_g 21.916426807805767 22.559999465942383 32.2400016784668 AB 7.789384777296363 1.029264078924772
61181.2006 lsst_hardware_r -47.137304530380575 35.040000915527344 32.279998779296875 AB 7.6538675351274295 1.023757570322978
61186.1598 lsst_hardware_r -47.0591426416725 55.779998779296875 31.639999389648438 AB 6.000044911828097 1.0273463121673587
61186.1804 lsst_hardware_z 41.114475243626266 50.560001373291016 30.979999542236328 AB 6.303979256424079 1.0223221671048122
61188.1437 lsst_hardware_r 150.15601633344698 137.49000549316406 32.40999984741211 AB 7.480377274020525 1.0357047108370405
61188.1668 lsst_hardware_i -5.147400544721584 111.52999877929688 32.09000015258789 AB 7.741397430028391 1.02257412720803
61195.0367 lsst_hardware_r -56.28453972794533 45.959999084472656 31.549999237060547 AB 14.732944456666429 1.3004437916881295
61195.0682 lsst_hardware_z -68.53456250904054 54.43000030517578 30.959999084472656 AB 13.280571759446632 1.1562063692602773
61197.1304 lsst_hardware_g 14.944762099293632 29.59000015258789 31.649999618530273 AB 5.802917111134407 1.0269740927589712
61197.1532 lsst_hardware_r 57.122349572214986 40.5099983215332 31.610000610351562 AB 5.77145570252263 1.0227637254160251
61219.0907 lsst_hardware_z 97.77860757922039 90.6500015258789 31.0 AB 7.331405725312505 1.0223686689880047
61219.1145 lsst_hardware_r 4.980503873104928 124.72000122070312 31.65999984741211 AB 7.335164550730214 1.0350168690180184
61221.093 lsst_hardware_z -11.076041345453318 74.77999877929688 31.0 AB 3.7465153942360607 1.024337770126059
61221.1153 lsst_hardware_r -18.844146671825676 112.5 31.65999984741211 AB 3.694308746076955 1.041677356852377
61224.0611 lsst_hardware_g -70.17022977745091 51.77000045776367 31.719999313354492 AB 6.470116695648611 1.0247660575171034
61224.0827 lsst_hardware_i -46.18772720268957 49.95000076293945 31.309999465942383 AB 6.489190570465335 1.0235989069416236
61226.0699 lsst_hardware_z -45.129664750882476 41.33000183105469 30.950000762939453 AB 4.315951209959441 1.022212420943326
61226.0938 lsst_hardware_r -16.209335915990078 24.229999542236328 31.520000457763672 AB 3.8055508408949867 1.0335553614598008
61232.0521 lsst_hardware_u 1.5228941029006116 2.809999942779541 28.479999542236328 AB 6.771275037711772 1.0221563948542187
61232.0741 lsst_hardware_g 9.489298839682352 15.369999885559082 31.459999084472656 AB 6.819372400631572 1.0307914144150268
61234.0511 lsst_hardware_r 48.8581473453419 24.200000762939453 31.520000457763672 AB 6.344163297997304 1.022564937219193
61234.0732 lsst_hardware_i 25.594010016520077 31.520000457763672 31.260000228881836 AB 6.444074587944757 1.0346940571523546
61243.0008 lsst_hardware_g 21.05565477915932 47.0 31.709999084472656 AB 6.261848472806767 1.0295565071409358
61243.0225 lsst_hardware_i 84.68733904278213 47.290000915527344 31.309999465942383 AB 6.231808857640071 1.0221665704166327
61245.0028 lsst_hardware_z -71.19507618310203 68.7300033569336 30.989999771118164 AB 6.353773346368011 1.0251879760718567
61245.0243 lsst_hardware_r -117.82948446571858 88.19999694824219 31.65999984741211 AB 6.380870049702142 1.0232859437165993
61247.0094 lsst_hardware_y 43.62730252701523 79.7699966430664 30.809999465942383 AB 9.393161837641959 1.0221809892964988
61249.9761 lsst_hardware_z 20.620447272656513 62.439998626708984 30.989999771118164 AB 4.556541713126766 1.0341087575890533
61249.9949 lsst_hardware_r 8.963005951020412 87.62999725341797 31.65999984741211 AB 4.535806459244266 1.023133470759435
61251.982 lsst_hardware_y 63.95754109145886 49.709999084472656 30.059999465942383 AB 4.114967890125512 1.0260059566469861
61252.0053 lsst_hardware_z 3.66846629613006 52.529998779296875 30.979999542236328 AB 3.3562267346320414 1.0233178549072464
61253.981 lsst_hardware_y 23.205020098270687 47.5099983215332 30.049999237060547 AB 4.033923726190312 1.0240551029042468
61254.0036 lsst_hardware_u -0.9330791323076926 2.859999895095825 28.489999771118164 AB 2.7621208044219383 1.0246205339597285
61258.9652 lsst_hardware_y 53.88102852212774 100.98999786376953 30.829999923706055 AB 3.241786467688356 1.0249087789088775
61258.987 lsst_hardware_r 9.250015039213144 35.689998626708984 32.279998779296875 AB 3.1825864010096954 1.0235590912338215
61261.9666 lsst_hardware_y 59.92279737639946 73.1500015258789 30.079999923706055 AB 2.19065992690206 1.022319324991239
61261.9877 lsst_hardware_g -20.66591521728869 16.389999389648438 31.5 AB 2.201535385648537 1.0276743543700693
