data/validation/pwv_sim_epoch_fit_epoch/17634740.ecsv
# %ECSV 0.9
# ---
# datatype:
# - {name: time, datatype: float64}
# - {name: band, datatype: string}
# - {name: flux, datatype: float64}
# - {name: fluxerr, datatype: float64}
# - {name: zp, datatype: float64}
# - {name: zpsys, datatype: string}
# - {name: pwv, datatype: float64}
# - {name: airmass, datatype: float64}
# meta: {SNID: '17634740', alt: 1024.0, c: -0.05122764781117439, dec: -5.379379, lat: -30.244573, lon: -70.7499537, ra: 233.964844, t0: 62582.9765625,
#   x0: 5.360185279239872e-06, x1: 0.06795765459537506, z: 0.5959352254867554}
# schema: astropy-2.0
time band flux fluxerr zp zpsys pwv airmass
62565.3802 lsst_hardware_u 18.449897749019783 4.314658976602786 28.389999389648438 AB 10.760225404219819 1.1053890426551882
62565.3994 lsst_hardware_y 163.4509883416976 58.0590347059101 30.030000686645508 AB 10.708178209026073 1.1018155654780568
62567.3853 lsst_hardware_r 878.7855520299352 37.90257157407695 31.489999771118164 AB 9.862907894442403 1.1015290912021745
62567.4034 lsst_hardware_y 189.48670760733464 72.67738309126473 30.040000915527344 AB 9.890557773556619 1.1056873663866902
62573.3784 lsst_hardware_g 526.10295635575 27.624196841607134 31.440000534057617 AB 15.598735071309706 1.1020076820386193
62573.397 lsst_hardware_z 787.8305000212105 52.62224938340619 30.950000762939453 AB 15.765057603421473 1.113875949370331
62576.3478 lsst_hardware_r 1817.5633557416413 48.354601428696974 31.489999771118164 AB 8.391098149675322 1.1068955116149883
62576.3675 lsst_hardware_i 1425.5589796513625 48.79694072639603 31.25 AB 8.262276570417294 1.1014900107208878
62579.3581 lsst_hardware_z 2227.231148918321 100.18215254465461 31.729999542236328 AB 7.212604130132154 1.1013571063750012
62581.3059 lsst_hardware_r 2208.170535908111 119.23712266090669 31.6299991607666 AB 4.536607802345999 1.143946996746116
62581.3248 lsst_hardware_z 1248.3897830290634 82.46200030642656 30.979999542236328 AB 4.42006021736061 1.1151911738010656
62583.3474 lsst_hardware_r 2198.3691678358014 110.62665809941795 31.639999389648438 AB 6.642679022173944 1.101376832692067
62583.3667 lsst_hardware_y 278.1259268565466 62.19214095907253 30.030000686645508 AB 6.747439806334084 1.110963992151835
62585.2683 lsst_hardware_z 1207.6906633748295 62.81720437701225 30.950000762939453 AB 8.000103105039782 1.215744155771258
62585.286 lsst_hardware_r 1936.1997835820757 70.04668815692389 31.600000381469727 AB 7.607657270198162 1.1636951847339676
62595.329 lsst_hardware_z 1037.1911555412942 52.41086593061371 30.940000534057617 AB 7.666539751635401 1.1070149451852767
62595.3488 lsst_hardware_r 1185.2415709415488 41.75181449616823 31.479999542236328 AB 8.624895292917861 1.1293071699874992
62597.3154 lsst_hardware_u -0.2777377889515858 2.8887327508511134 28.489999771118164 AB 18.462993172411334 1.1027620231393804
62597.3357 lsst_hardware_g 110.60001022890243 19.3137323484581 31.43000030517578 AB 20.29218064605936 1.1186428140054774
62599.3156 lsst_hardware_r 927.9898160877689 38.66656079741522 31.479999542236328 AB 10.974377768176284 1.1054244686033043
62599.333 lsst_hardware_i 979.0722178379972 43.9408658223662 31.229999542236328 AB 11.20029020123251 1.12218923439947
62601.2955 lsst_hardware_z 880.4840701640483 51.07993504564746 30.940000534057617 AB 5.883290108627068 1.1012757000565432
62601.3127 lsst_hardware_r 778.9598586401664 37.35676206412322 31.489999771118164 AB 5.8959860536987625 1.1070715023609374
62603.2956 lsst_hardware_u 0.69834414110642 2.9697595908368726 28.5 AB 7.30136428940087 1.101801680974968
62603.3109 lsst_hardware_r 668.6460044865124 36.06346567680506 31.510000228881836 AB 7.362313432751563 1.109910440998238
62605.2891 lsst_hardware_i 801.0073178709358 47.4730936686363 31.280000686645508 AB 7.734926054183624 1.101605932376789
62605.3062 lsst_hardware_z 711.2477260997146 50.078494950089315 30.950000762939453 AB 8.10486371402219 1.1105722474252502
62607.2512 lsst_hardware_r 529.9722383650887 84.79364939210147 31.639999389648438 AB 18.495126357873676 1.1181946790866886
62607.268 lsst_hardware_z 774.3955457834255 65.72817024593925 30.979999542236328 AB 18.232776846050342 1.1040688406550139
62615.1999 lsst_hardware_z 1787.4472662704336 89.08913901444154 32.13999938964844 AB 9.291062520120253 1.17438670109065
62615.2264 lsst_hardware_r 989.0231997131858 70.01924742691556 32.77000045776367 AB 9.028040011215397 1.1219602333739103
62617.2569 lsst_hardware_u 5.261357243186653 3.252684980789015 28.520000457763672 AB 6.74465194084242 1.1017072755378015
62617.2767 lsst_hardware_r 269.02755112617035 30.608800532081872 31.520000457763672 AB 6.540557167403488 1.1136970515203033
62621.254 lsst_hardware_r 166.34015885244378 28.328371523900405 31.510000228881836 AB 11.67715622587426 1.1045709814795137
62621.271 lsst_hardware_u 1.5546130102519113 3.0192823136965266 28.440000534057617 AB 11.808023329758145 1.1196684363510474
62626.2234 lsst_hardware_r 161.89838266924642 27.479487178898093 31.510000228881836 AB 10.123182126207986 1.1016630891509398
62626.2414 lsst_hardware_i 195.47025053491765 35.62391308697705 31.25 AB 10.179137843842039 1.1051466970008004
62630.1175 lsst_hardware_i 204.78285269720118 37.029933162056224 31.200000762939453 AB 11.672641220386916 1.3420942687859274
62630.1322 lsst_hardware_z 349.41588069664255 48.40817586450116 30.920000076293945 AB 9.636138061272588 1.2679129027990248
62643.1532 lsst_hardware_z 399.7526212815294 49.45765555891428 30.950000762939453 AB 5.525541523616903 1.117851815419159
62643.1746 lsst_hardware_r 105.25106098093504 45.27046358786278 31.610000610351562 AB 5.827487706551512 1.1022121913250555
62645.1469 lsst_hardware_i 293.5896887145792 48.09033578317228 31.989999771118164 AB 8.403454730257696 1.1188693498479092
62645.1661 lsst_hardware_z 291.0185553660361 63.691780519405526 31.700000762939453 AB 8.277515995749734 1.1032520153386145
62647.1449 lsst_hardware_r 77.83865486852119 26.115469301134617 31.5 AB 6.490996397409576 1.1148764315821187
62647.1668 lsst_hardware_u -0.037255604169854094 3.1401481457603975 28.469999313354492 AB 6.797082974462526 1.10154492739041
62651.148 lsst_hardware_g 23.291315598035254 15.795426000963644 31.450000762939453 AB 13.27353189909617 1.1040116359557657
62651.1741 lsst_hardware_r 100.38669232501456 25.893063427345567 31.5 AB 13.710869952077044 1.1057153187158906
62653.107 lsst_hardware_r 119.69258231314687 25.85816215284259 31.489999771118164 AB 8.409761253598507 1.1486652595517903
62653.1268 lsst_hardware_i 146.62894778451317 33.78818118532874 31.25 AB 7.998104452543167 1.1167937331919713
62656.1117 lsst_hardware_z 189.82456335226445 44.53791839293246 30.93000030517578 AB 12.968654619805376 1.125832709525172
62656.1332 lsst_hardware_r 48.20412497468994 25.566701529359676 31.489999771118164 AB 11.93249689950604 1.1045880862292312
62658.1255 lsst_hardware_u -1.1771752680690815 2.723565566469144 28.34000015258789 AB 6.215268187674943 1.1058704128241525
62658.1478 lsst_hardware_r 37.63806488111338 25.52961990799009 31.489999771118164 AB 6.262585712159196 1.102422340740108
62677.0807 lsst_hardware_z 7.665173546809489 42.38999938964844 30.940000534057617 AB 5.227139779497641 1.1025395021087618
62677.1024 lsst_hardware_r 10.31263472379232 23.770000457763672 31.479999542236328 AB 5.774911445687024 1.1052990948250967
62679.0711 lsst_hardware_u -3.1068189389489667 2.609999895095825 28.31999969482422 AB 8.289491280198042 1.1042348848005918
62679.0904 lsst_hardware_g -6.630429166302491 14.579999923706055 31.40999984741211 AB 8.598783070521907 1.102408085964347
62681.0781 lsst_hardware_r -16.474947724676817 23.700000762939453 31.489999771118164 AB 3.903518262021813 1.1012888311530014
62681.1013 lsst_hardware_i 2.1650888761481233 31.59000015258789 31.239999771118164 AB 4.363872755015088 1.1130435525459037
62683.047 lsst_hardware_i 65.27603647015763 31.610000610351562 31.239999771118164 AB 9.01970177374247 1.1144606804459394
62683.0679 lsst_hardware_z -3.3648744357296474 42.36000061035156 30.940000534057617 AB 8.887375865880903 1.101649764384902
62687.0493 lsst_hardware_r -3.171480461855182 24.190000534057617 31.5 AB 4.6732183853971065 1.1042141658087912
62687.0706 lsst_hardware_u 0.30213606311483854 2.7799999713897705 28.440000534057617 AB 4.686977130783602 1.1031209659397598
62689.0485 lsst_hardware_g 15.549130216008946 29.350000381469727 32.290000915527344 AB 3.50000975146148 1.1023652760508238
62689.068 lsst_hardware_i -31.696150650453887 47.2599983215332 32.0 AB 3.5184685400614137 1.1044107371366882
62696.0093 lsst_hardware_r -166.38734296576135 102.0999984741211 31.639999389648438 AB 7.790880369240217 1.1169053751971703
62696.0313 lsst_hardware_z 131.934379068967 70.83999633789062 30.979999542236328 AB 7.652484262231572 1.1018695841946107
62703.0059 lsst_hardware_i 67.81214180642077 31.75 31.239999771118164 AB 6.15862835438776 1.1040760753044374
62703.0244 lsst_hardware_z 20.124480341831195 42.4900016784668 30.940000534057617 AB 6.167588630278743 1.1022736739447296
62707.9998 lsst_hardware_g 2.412882437641478 14.9399995803833 31.40999984741211 AB 9.10328766206433 1.1016261465558579
62708.0191 lsst_hardware_i -7.791371336602629 31.8799991607666 31.229999542236328 AB 10.15973917404704 1.106122936749814
62709.9725 lsst_hardware_y -53.70301999208068 49.45000076293945 30.020000457763672 AB 4.573475395683208 1.1153004541578302
62709.9916 lsst_hardware_z -11.862363760652176 42.540000915527344 30.940000534057617 AB 4.5281887487982315 1.102240759981719
62711.9733 lsst_hardware_y -5.572042705245494 49.5099983215332 30.020000457763672 AB 5.874603884887133 1.109305364657933
62711.9918 lsst_hardware_u -0.06442153178600515 2.6700000762939453 28.34000015258789 AB 5.820719404729796 1.101313921712274
62716.9688 lsst_hardware_z 53.528486005904156 52.81999969482422 30.959999084472656 AB 11.186797750497893 1.1035609894937253
62716.9873 lsst_hardware_r 0.3161524151595636 26.100000381469727 31.510000228881836 AB 9.741876444970359 1.10262509044957
62720.9695 lsst_hardware_y -42.115435012212664 65.91000366210938 30.040000915527344 AB 3.621497316394167 1.1013169740681705
62720.9875 lsst_hardware_z 11.769615664391008 61.560001373291016 30.969999313354492 AB 3.7703516588078827 1.1089269584729067
62938.3769 lsst_hardware_z -27.731880147675266 70.98999786376953 30.989999771118164 AB 15.629429402141586 1.1015432083452699
62938.3956 lsst_hardware_y -118.28032087261818 59.060001373291016 30.040000915527344 AB 15.732930424489965 1.1117762086393324
62940.3472 lsst_hardware_z 3.4751489514483014 53.380001068115234 30.959999084472656 AB 9.998382613692359 1.109985858012702
62940.3673 lsst_hardware_r -72.45740651444488 56.08000183105469 31.6200008392334 AB 9.95862963782382 1.1012528627472986
62942.3508 lsst_hardware_i 18.26213713809614 34.75 31.270000457763672 AB 9.809358525642706 1.1039530171035044
62942.3692 lsst_hardware_r 18.980543834672297 30.110000610351562 31.559999465942383 AB 9.697680147953442 1.1022596212722582
62945.3488 lsst_hardware_u -7.262130931264766 2.9200000762939453 28.549999237060547 AB 5.660389082294286 1.10181464098643
62945.3679 lsst_hardware_g 3.6572766043129206 15.300000190734863 31.459999084472656 AB 5.711167717011758 1.105244687849005
62947.3434 lsst_hardware_r -3.769588532548469 24.06999969482422 31.510000228881836 AB 6.855317150841779 1.1018015055663628
62947.3621 lsst_hardware_i -30.720614975055067 31.979999542236328 31.260000228881836 AB 6.865587594473808 1.1050506489663474
62949.3437 lsst_hardware_z 34.41898748799186 42.400001525878906 30.950000762939453 AB 7.488541585368251 1.101256115495331
62949.3635 lsst_hardware_r 19.76890195000529 24.0 31.5 AB 7.547410210692674 1.1099132662783344
62951.2729 lsst_hardware_u -4.464259301911391 2.7100000381469727 28.360000610351562 AB 8.47761906355961 1.1940308540224804
62951.2906 lsst_hardware_g -10.121051408313098 14.869999885559082 31.43000030517578 AB 8.155669964475418 1.1486859104894955
62953.3256 lsst_hardware_r -11.39525390226844 24.010000228881836 31.510000228881836 AB 8.263899861472657 1.1021472207885648
62953.3431 lsst_hardware_z -32.208017627963606 42.619998931884766 30.950000762939453 AB 8.648834768134167 1.1037190902939396
62955.3213 lsst_hardware_r -17.59938456475214 23.959999084472656 31.510000228881836 AB 7.062911829314174 1.1018583197057994
62955.3397 lsst_hardware_u 0.28693647820432977 2.869999885559082 28.520000457763672 AB 6.8687349391620165 1.1047422499657766
62957.317 lsst_hardware_g 6.772346962065124 14.800000190734863 31.440000534057617 AB 5.634813072880315 1.1016252341897
62957.336 lsst_hardware_r 38.58333659063207 23.860000610351562 31.5 AB 6.676012233033463 1.1057577197570954
62959.3153 lsst_hardware_i -79.52677306968694 31.6299991607666 31.25 AB 6.330924064110262 1.1012537148018995
62959.334 lsst_hardware_z 29.12991873164599 42.439998626708984 30.940000534057617 AB 6.417494150657413 1.1081362660319298
62961.3136 lsst_hardware_r -45.91590007196623 63.97999954223633 31.6299991607666 AB 7.503749548809196 1.1014678236784392
62961.3321 lsst_hardware_z 91.67509063668723 52.52000045776367 30.959999084472656 AB 7.639487401390925 1.111117358939848
62963.3134 lsst_hardware_z -39.24894927655577 72.98999786376953 30.979999542236328 AB 9.239309943715474 1.102751308665974
62963.3314 lsst_hardware_i 28.049143571810383 84.29000091552734 31.31999969482422 AB 9.343946631636532 1.1159616184923569
62964.3142 lsst_hardware_z -11.998401261772939 83.47000122070312 30.989999771118164 AB 10.959217928651363 1.104258947921947
62964.3338 lsst_hardware_r -177.85857759657966 124.94999694824219 31.649999618530273 AB 10.41498148110366 1.122304038912032
62969.2836 lsst_hardware_r 61.39274123949328 49.720001220703125 31.6200008392334 AB 13.108858652573952 1.1017467823061333
62969.302 lsst_hardware_i 14.440411275783196 46.18000030517578 31.299999237060547 AB 13.455216050394037 1.105030199326073
62971.2903 lsst_hardware_z -15.85743207828952 43.400001525878906 30.950000762939453 AB 10.36456721592482 1.1023399031366137
62971.3075 lsst_hardware_r 65.97086119917014 29.1200008392334 31.540000915527344 AB 11.017171080230987 1.1137455600718749
62974.2884 lsst_hardware_u -3.0698073315137964 2.8399999141693115 28.5 AB 14.105800267788476 1.1050588744619736
62974.3062 lsst_hardware_r 28.758231591845867 24.139999389648438 31.510000228881836 AB 14.449647604799031 1.1219033435190602
62976.2903 lsst_hardware_i -2.272211823575523 31.809999465942383 31.25 AB 3.9688871577745144 1.1103594034759559
62976.3079 lsst_hardware_z 34.45427391377559 42.790000915527344 30.950000762939453 AB 4.055880499736725 1.132663858432411
62982.1684 lsst_hardware_u -0.0060355543320731635 2.690000057220459 28.309999465942383 AB 8.141985312464513 1.2678435014153893
62982.185 lsst_hardware_g 11.427305732500413 14.970000267028809 31.399999618530273 AB 7.708715523848659 1.2043613462944474
62985.2521 lsst_hardware_r -40.239093881093225 24.290000915527344 31.510000228881836 AB 11.725402687403674 1.102348244285489
62985.2722 lsst_hardware_i 12.70148198355718 31.889999389648438 31.25 AB 11.852513499034371 1.1169498656207295
62989.2031 lsst_hardware_z 78.61993351786258 51.22999954223633 30.959999084472656 AB 12.89764597224218 1.1211769556584057
62989.2244 lsst_hardware_r -6.55454282159729 55.060001373291016 31.6200008392334 AB 13.037416536944642 1.1031207584283034
62994.2393 lsst_hardware_z 114.37939328509766 108.33999633789062 31.0 AB 9.919674165845034 1.1088080666027895
62994.2599 lsst_hardware_r -120.58407902711241 156.25999450683594 31.639999389648438 AB 10.551863521333598 1.1346089807885589
62996.1335 lsst_hardware_y -5.648134073082599 78.80999755859375 30.739999771118164 AB 8.828201505044785 1.2535607390904453
63001.1831 lsst_hardware_z -62.654788135841905 42.959999084472656 30.950000762939453 AB 7.229177435067334 1.108018970033192
63001.203 lsst_hardware_r -0.8553297698206274 24.389999389648438 31.5 AB 7.165308205252727 1.1013243818353773
63004.1246 lsst_hardware_g 33.26886465538048 15.119999885559082 31.389999389648438 AB 10.250411711529312 1.2054580609402759
63004.1567 lsst_hardware_i 38.47427678297748 45.560001373291016 31.989999771118164 AB 8.739650178748898 1.1290079032100373
63004.1862 lsst_hardware_z -38.2070217639656 42.650001525878906 30.940000534057617 AB 8.172226230452392 1.1021951892173971
63008.1721 lsst_hardware_z -8.569734952017333 42.540000915527344 30.940000534057617 AB 5.83247784786077 1.1032951459610094
63008.1944 lsst_hardware_r -7.989061533489569 24.459999084472656 31.510000228881836 AB 5.846866071062264 1.1044325785912743
63014.1606 lsst_hardware_r -6.19960497843628 24.270000457763672 31.5 AB 7.9796480452156455 1.1017808830121707
63014.1817 lsst_hardware_i -66.24722313442255 31.989999771118164 31.25 AB 8.353833309306488 1.1066145594524426
63016.1658 lsst_hardware_z -27.303995947055018 64.25 31.700000762939453 AB 13.243113158176381 1.1019092906539771
63016.1889 lsst_hardware_r -33.86331163245773 45.529998779296875 32.310001373291016 AB 13.87001350617435 1.118549476304383
63018.1257 lsst_hardware_r -49.83126264761489 62.08000183105469 31.6299991607666 AB 8.003981629982373 1.118916350882904
63018.1473 lsst_hardware_z 103.9875580577115 54.060001373291016 30.969999313354492 AB 7.915937570044428 1.1023959107851307
63021.1324 lsst_hardware_z -91.15880642802675 105.55000305175781 31.0 AB 11.913547757295474 1.10540066254456
63021.153 lsst_hardware_i 163.28297397038 126.05999755859375 31.34000015258789 AB 11.839660428687997 1.1021241410295535
63023.1303 lsst_hardware_z 21.31229120060766 82.27999877929688 30.989999771118164 AB 6.268517012588099 1.1036607267200316
63023.152 lsst_hardware_r 194.36919182233774 123.16000366210938 31.639999389648438 AB 6.259284658704642 1.10373561253829
63043.0781 lsst_hardware_r 31.930906589519864 25.979999542236328 31.520000457763672 AB 4.376187718204477 1.1027077802417682
63043.1 lsst_hardware_z -15.905107402986884 42.81999969482422 30.950000762939453 AB 5.304321961929433 1.1050670754019651
63045.0792 lsst_hardware_g 18.781598253814142 32.720001220703125 31.639999389648438 AB 7.761055710368005 1.1013276160590328
63052.0455 lsst_hardware_z 60.76237377643631 68.48999786376953 30.979999542236328 AB 4.662937934925199 1.1068413027476314
63052.0678 lsst_hardware_r -7.472674332863544 99.70999908447266 31.639999389648438 AB 4.686935100122375 1.101987170372465
63057.035 lsst_hardware_i -10.944579425381649 31.68000030517578 31.239999771118164 AB 9.059411281599806 1.1048960828034564
63057.0563 lsst_hardware_z -16.09412022313238 42.38999938964844 30.940000534057617 AB 9.252016826838567 1.1026119445642366
63067.0178 lsst_hardware_r 16.0999464510692 24.139999389648438 31.5 AB 3.1872778661780634 1.1014668354491637
63069.0088 lsst_hardware_g -16.070184377712152 15.1899995803833 31.440000534057617 AB 6.66821770013506 1.102184743823977
63069.0314 lsst_hardware_r 5.490834346109748 24.299999237060547 31.5 AB 6.600523934887632 1.1065421516995193
63072.0063 lsst_hardware_i 70.1344071901493 32.689998626708984 31.25 AB 5.706858577424879 1.1012849435401155
63072.0282 lsst_hardware_z 16.56764445960271 42.93000030517578 30.950000762939453 AB 5.742210879673263 1.1103927187714187
63073.0048 lsst_hardware_r 16.170732506824326 29.899999618530273 31.549999237060547 AB 10.08430177219005 1.101266983967462
63073.0242 lsst_hardware_z -59.47488369052084 43.720001220703125 30.940000534057617 AB 10.148363079955024 1.1093127797363844
63078.9751 lsst_hardware_y -59.27550283201012 55.7599983215332 30.040000915527344 AB 5.053381207624433 1.104805685969487
63078.9965 lsst_hardware_z 10.343207087085824 62.81999969482422 30.979999542236328 AB 5.041858675563408 1.1027084423564344
63080.9867 lsst_hardware_y -47.72343099107836 76.55999755859375 30.780000686645508 AB 4.17872975558983 1.1015983538461767
