data/validation/pwv_sim_epoch_fit_epoch/17883165.ecsv
# %ECSV 0.9
# ---
# datatype:
# - {name: time, datatype: float64}
# - {name: band, datatype: string}
# - {name: flux, datatype: float64}
# - {name: fluxerr, datatype: float64}
# - {name: zp, datatype: float64}
# - {name: zpsys, datatype: string}
# - {name: pwv, datatype: float64}
# - {name: airmass, datatype: float64}
# meta: {SNID: '17883165', alt: 1024.0, c: 0.09734486043453217, dec: -54.724628, lat: -30.244573, lon: -70.7499537, ra: 31.026316, t0: 62048.7890625,
#   x0: 4.6498301614482e-06, x1: 0.6426708102226257, z: 0.632104218006134}
# schema: astropy-2.0
time band flux fluxerr zp zpsys pwv airmass
61986.2081 lsst_hardware_r -66.31728667887536 144.05999755859375 32.63999938964844 AB 2.305546024125003 1.846159901875086
61986.2341 lsst_hardware_i 29.799494888588292 65.9800033569336 31.200000762939453 AB 2.5308306524604203 1.616283546009848
61995.4091 lsst_hardware_r -79.5123231180785 37.15999984741211 31.59000015258789 AB 4.884494366257651 1.1015585866395754
61995.4202 lsst_hardware_z 70.47954415223955 46.77000045776367 30.959999084472656 AB 5.18988377921086 1.1079630910964298
61997.4224 lsst_hardware_r -42.43884144547553 28.020000457763672 31.530000686645508 AB 5.835453482965187 1.1141677294444272
62001.3928 lsst_hardware_g -11.772648940273722 12.960000038146973 31.3799991607666 AB 2.1000048694518085 1.1015937416253585
62001.4041 lsst_hardware_r 0.16960664463404684 21.979999542236328 31.479999542236328 AB 2.0308947159406543 1.1081637227759118
62006.1834 lsst_hardware_i 8.906628036496615 48.060001373291016 31.920000076293945 AB 4.729499755053613 1.5877464557460725
62011.3849 lsst_hardware_r -39.3570492404448 22.0 31.469999313354492 AB 8.314761335780418 1.1148283355236315
62011.3961 lsst_hardware_u 1.2403111973966527 2.5299999713897705 28.299999237060547 AB 8.443214500811722 1.1268136261593116
62016.3787 lsst_hardware_r -64.9107662651718 65.67235009403619 31.6299991607666 AB 1.3033357576854037 1.122436421144312
62016.3902 lsst_hardware_i -73.49537486110567 54.16505363326701 31.299999237060547 AB 1.343434034049097 1.1370580059662267
62020.378 lsst_hardware_z 164.13727044333868 80.83342499063279 31.719999313354492 AB 2.3633163665713703 1.1352546494878686
62027.2238 lsst_hardware_g 96.21420744772178 20.841382046789953 32.119998931884766 AB 1.4236302031675483 1.1772024833249752
62027.2455 lsst_hardware_r 530.5987002851037 39.40465000525762 32.22999954223633 AB 1.3737655641140492 1.13871567102093
62030.3548 lsst_hardware_z 392.8658184128932 47.103737079892475 30.940000534057617 AB 1.336345348215472 1.1412001265717095
62030.3664 lsst_hardware_r 537.334078257227 31.99525821361868 31.469999313354492 AB 1.3161197740369552 1.1605994480043695
62031.3744 lsst_hardware_g 106.99984878514435 16.36837785422642 31.350000381469727 AB 1.767682460568757 1.1821327199522746
62031.3865 lsst_hardware_i 650.9133780604266 39.94273209727583 31.229999542236328 AB 2.037199779290856 1.2108770791762975
62033.3603 lsst_hardware_r 766.7473582299586 35.27154830540015 31.450000762939453 AB 6.127107592877343 1.1645172655853546
62033.3715 lsst_hardware_z 576.1323240608812 48.77863615493931 30.93000030517578 AB 6.187888755306248 1.1878085718986944
62035.3598 lsst_hardware_r 942.9116157972458 38.07607175432774 31.469999313354492 AB 1.8325681984250053 1.1743468109102018
62035.3715 lsst_hardware_u 4.881623181956054 2.820969121185349 28.389999389648438 AB 1.8666876692053127 1.2006352591769176
62037.3588 lsst_hardware_g 238.8847383323113 19.249044123147907 31.329999923706055 AB 4.806406457070849 1.1838439549437398
62037.371 lsst_hardware_r 1106.4417938932093 39.967899418317664 31.450000762939453 AB 4.93638004640653 1.2131678659146055
62041.3289 lsst_hardware_i 1271.9132521156744 46.9523843127346 31.229999542236328 AB 4.297638756357386 1.1476692423956623
62041.3399 lsst_hardware_z 862.5412976665034 52.442467711761616 30.93000030517578 AB 5.523949840266248 1.1672988198565686
62046.1073 lsst_hardware_y 2821.6652294402847 147.86262924030228 31.8799991607666 AB 4.988972574951478 1.3922714162656895
62050.3287 lsst_hardware_r 1362.8028334073967 77.84329371947841 31.610000610351562 AB 5.555912131247492 1.1961917894176437
62050.3407 lsst_hardware_i 1547.6489243610908 67.47414732508871 31.280000686645508 AB 4.418014902248962 1.2272263617358228
62054.3073 lsst_hardware_i 1412.334842886292 52.55271313340835 31.270000457763672 AB 5.3032716943976 1.1730739231847227
62054.3188 lsst_hardware_z 1076.5019576998218 56.40255005282709 30.940000534057617 AB 5.404667066453233 1.1986398461860965
62055.316 lsst_hardware_r 1299.4937193657524 47.103161824340845 31.540000915527344 AB 6.33851947270548 1.198472153160208
62055.329 lsst_hardware_z 1071.5056725442491 55.673373027861246 30.940000534057617 AB 6.511568941665128 1.2327652804288565
62057.2968 lsst_hardware_i 1248.009423687317 46.77644284906473 31.229999542236328 AB 5.877499975850551 1.1684503447566963
62057.3074 lsst_hardware_r 1096.4770213914808 40.57010990988338 31.479999542236328 AB 5.981760968015169 1.1910717753987168
62059.3034 lsst_hardware_u 2.355317274260419 2.5898710613407583 28.309999465942383 AB 8.41527526946468 1.1944749737831628
62059.3145 lsst_hardware_g 115.82637016430606 16.378905238395657 31.34000015258789 AB 8.616919949575204 1.2227206436820361
62064.3 lsst_hardware_r 767.8424364862685 35.93608866899297 31.459999084472656 AB 2.8069469108176612 1.220411700355505
62064.3111 lsst_hardware_i 999.4338534183456 44.31357190253429 31.219999313354492 AB 2.884880208814739 1.2527978325109586
62065.2968 lsst_hardware_z 912.4530020628168 52.75649545287242 30.93000030517578 AB 3.0546655982500956 1.2191434855153673
62065.3083 lsst_hardware_r 699.2806520907642 35.194855941574154 31.440000534057617 AB 3.049302851825302 1.2525805025811667
62067.2959 lsst_hardware_u -4.614425512152386 2.4826833722937987 28.219999313354492 AB 4.001836927510208 1.2318082116229958
62067.3066 lsst_hardware_g 27.182269951985322 14.840668598217041 31.309999465942383 AB 3.9867556076404083 1.2646330238348904
62070.2968 lsst_hardware_r 526.3717825158107 32.19543543003014 31.459999084472656 AB 3.961154542903677 1.2594084867350088
62070.3074 lsst_hardware_z 638.3718476306666 51.95636861820463 30.93000030517578 AB 4.060209943835303 1.295846148195931
62075.2815 lsst_hardware_i 539.1867132384534 67.34802455251341 31.290000915527344 AB 6.31410492763267 1.2541672316282986
62075.2925 lsst_hardware_r 470.514375207765 78.06256463148283 31.59000015258789 AB 7.100464987118366 1.2913066780647855
62077.2812 lsst_hardware_z 1181.7891849114537 95.82794797332127 31.709999084472656 AB 6.7620394865527755 1.2709605112167486
62081.227 lsst_hardware_r 278.0307781950741 55.24290226017901 31.610000610351562 AB 5.392501277881983 1.1603431239167028
62081.2385 lsst_hardware_i 466.4443772208815 51.311811602048806 31.290000915527344 AB 5.4721264344578335 1.1835036625603228
62083.2287 lsst_hardware_z 475.28936839089783 50.918434406309004 30.940000534057617 AB 9.35775509661441 1.174281961782477
62083.2397 lsst_hardware_i 402.05924561153165 43.829657467021036 31.260000228881836 AB 9.168227827946223 1.1988529359854307
62086.2315 lsst_hardware_u -0.047898531408339134 2.503144754868161 28.219999313354492 AB 8.255469685732981 1.1988338625135018
62086.243 lsst_hardware_g -0.3304358650848868 13.413171708902043 31.309999465942383 AB 8.400149882566735 1.2289155573398456
62090.1485 lsst_hardware_r 172.61513280219418 24.794460402183663 31.459999084472656 AB 6.455084789320467 1.101080561078118
62090.1572 lsst_hardware_i 254.278110262114 34.482881580130936 31.229999542236328 AB 6.428030293445678 1.1055806725146644
62091.2163 lsst_hardware_r 126.28202599017933 25.14355783943994 31.450000762939453 AB 6.831825406444917 1.1951411872020352
62091.2281 lsst_hardware_g -22.548617546324596 13.438529334399146 31.31999969482422 AB 6.669283596415772 1.2254268654696956
62096.1772 lsst_hardware_r 98.32121359793898 24.330149025733103 31.450000762939453 AB 4.334792416839715 1.1452555922958296
62096.1907 lsst_hardware_u 5.084965284559636 2.464848684271473 28.209999084472656 AB 4.342556595147642 1.1692397940625656
62100.1821 lsst_hardware_i 200.76806901454802 40.79261426258564 31.260000228881836 AB 5.459126407266225 1.1739215269012024
62100.1942 lsst_hardware_z 308.3492285320247 49.076398787834194 30.940000534057617 AB 5.647562817471889 1.2010980045664381
62103.1642 lsst_hardware_z 255.34485853529657 54.47522361784508 30.959999084472656 AB 5.834665159684668 1.155455507231765
62103.1762 lsst_hardware_r 124.0453274209333 58.857705778451724 31.600000381469727 AB 5.1631302043149025 1.1787071465599808
62105.1627 lsst_hardware_z 191.56496531049632 58.955448801066055 30.959999084472656 AB 9.495344544828196 1.16264779537507
62105.1743 lsst_hardware_r -26.248479445581005 74.98705168365163 31.6200008392334 AB 9.193098472324383 1.186474168015231
62110.1774 lsst_hardware_r 153.35843931667065 57.2409566664925 31.600000381469727 AB 6.389471435430765 1.2287445068136085
62110.1885 lsst_hardware_z 192.1741472593904 53.96776629633127 30.950000762939453 AB 6.564538428220577 1.2624112361962647
62112.1815 lsst_hardware_g -0.10185969029048167 34.467417920661966 31.59000015258789 AB 5.597876258760206 1.257455216209402
62112.1935 lsst_hardware_r 62.75527475384103 42.522469737810624 31.549999237060547 AB 5.761915194513844 1.2987524387498801
62114.095 lsst_hardware_r 85.33659138892789 23.52070251315715 31.479999542236328 AB 10.191884746169592 1.1078135593662601
62114.1074 lsst_hardware_i 121.58284458076085 32.502704038513166 31.239999771118164 AB 10.290294471912892 1.118510268686184
62116.081 lsst_hardware_i 134.99826282423894 32.399166590011056 31.25 AB 14.983067803826538 1.1026826305758735
62116.0935 lsst_hardware_z 153.24325731548288 43.843221598634635 30.950000762939453 AB 13.888081279747139 1.1108095296800324
62118.0752 lsst_hardware_r 107.92204109999315 23.454651015598653 31.469999313354492 AB 8.709886211718285 1.1025172419896563
62118.0874 lsst_hardware_u 2.9676171995071305 2.5919823189663815 28.34000015258789 AB 8.203554859855613 1.110301459664881
62120.0785 lsst_hardware_g 19.66058831119436 13.24798949911962 31.3700008392334 AB 11.07724920341874 1.107735470203495
62120.0908 lsst_hardware_i 86.02324979340374 32.21851829050002 31.239999771118164 AB 11.287418493837771 1.1182941960975308
62124.0776 lsst_hardware_u -2.104835285318355 2.6721479888336965 28.420000076293945 AB 5.820204575318113 1.1160507335225016
62124.0905 lsst_hardware_g -16.4663607345441 13.3998065649402 31.3799991607666 AB 3.8095150875624415 1.130559689644029
62126.0794 lsst_hardware_r 117.82964819418525 24.584193996104577 31.5 AB 6.157765710593614 1.1236798741959149
62126.0909 lsst_hardware_i 115.13735407499793 32.95347896378216 31.239999771118164 AB 4.462647606955299 1.13862415554202
62358.3684 lsst_hardware_i 11.022251536685332 30.360000610351562 31.239999771118164 AB 5.671377684436532 1.1072764462072855
62358.3805 lsst_hardware_z 79.17160180492245 41.77000045776367 30.940000534057617 AB 5.723726130065657 1.1007165634741647
62360.2524 lsst_hardware_i -53.62757401130553 56.65999984741211 32.400001525878906 AB 3.952450845619743 1.367985063812319
62360.2734 lsst_hardware_z -37.12110332551091 76.80999755859375 32.119998931884766 AB 3.6944119903589825 1.2837848980484694
62362.4194 lsst_hardware_r -12.218193806217267 22.790000915527344 31.479999542236328 AB 4.601606022405433 1.110962342444576
62362.4306 lsst_hardware_i -40.809376050241504 44.34000015258789 31.280000686645508 AB 4.782720159432434 1.121672990661739
62367.4029 lsst_hardware_r 11.762367158685462 22.020000457763672 31.479999542236328 AB 2.065963317397089 1.1087459664027313
62367.4143 lsst_hardware_i -36.79822097096638 31.549999237060547 31.239999771118164 AB 2.08292099607362 1.1188474464137619
62369.4067 lsst_hardware_z -28.577580110635818 59.54999923706055 31.690000534057617 AB 1.2283681445500778 1.1166983132273434
62371.4162 lsst_hardware_z 82.25668027410437 59.04999923706055 30.959999084472656 AB 2.5647130875113 1.1342432759687329
62375.3414 lsst_hardware_i 58.597891643332986 52.95000076293945 31.309999465942383 AB 3.026679242794073 1.0984802478081561
62375.353 lsst_hardware_z 44.291841349363175 52.720001220703125 30.969999313354492 AB 2.9767739331982095 1.0975630553179658
62376.2793 lsst_hardware_z -26.626837753638984 51.310001373291016 30.950000762939453 AB 4.207798365539927 1.1556710699093455
62378.2584 lsst_hardware_r 85.01639666337158 58.75 32.31999969482422 AB 3.279198232893757 1.1865032050271396
62380.3897 lsst_hardware_r 20.022362931800668 29.420000076293945 31.530000686645508 AB 0.6987915128182176 1.131646174604401
62380.3996 lsst_hardware_i 36.270351654570945 34.119998931884766 31.25 AB 0.7912661708635689 1.1460704949140406
62382.3817 lsst_hardware_i 38.50900700512828 31.06999969482422 31.229999542236328 AB 1.2965084027112455 1.1283798108888123
62382.3942 lsst_hardware_z 43.18472174216974 42.369998931884766 30.93000030517578 AB 1.3169456263263062 1.1461667766112325
62385.386 lsst_hardware_r -42.984955305762085 22.15999984741211 31.459999084472656 AB 0.8309597684229498 1.1461514047213102
62385.3966 lsst_hardware_g -3.0908034671867752 13.359999656677246 31.360000610351562 AB 0.8312209428236228 1.1647187428635537
62387.3844 lsst_hardware_r 18.478073126305308 22.059999465942383 31.459999084472656 AB 2.6385290045281975 1.1525315977845942
62387.3956 lsst_hardware_i -42.132273615058224 31.15999984741211 31.229999542236328 AB 2.6418338071319254 1.173539856577445
62389.3791 lsst_hardware_z 47.932663564264416 42.209999084472656 30.93000030517578 AB 2.63262542474818 1.1528063456786661
62389.3898 lsst_hardware_i 1.4524893001827197 30.850000381469727 31.219999313354492 AB 2.649460806584375 1.1728467492626717
62393.371 lsst_hardware_r 14.943257695466109 22.1299991607666 31.459999084472656 AB 1.710007172242845 1.1577570563594075
62393.3822 lsst_hardware_i -3.7363700146673806 30.989999771118164 31.229999542236328 AB 1.419081897983119 1.1797826503947229
62399.3593 lsst_hardware_r 46.99027562571084 51.7400016784668 31.600000381469727 AB 6.054693881632498 1.166495305198439
62399.3724 lsst_hardware_i -43.249406629877534 47.029998779296875 31.280000686645508 AB 6.1669945805108215 1.1945752214065983
62404.1691 lsst_hardware_r 44.07456326303617 71.36000061035156 31.600000381469727 AB 7.674069299526626 1.2332775089636387
62404.1851 lsst_hardware_y 37.68442613634744 52.45000076293945 29.989999771118164 AB 7.455862367570039 1.1917938567087067
62409.1045 lsst_hardware_z -26.352756220235847 46.47999954223633 30.899999618530273 AB 5.562624201512053 1.437742104293745
62409.1148 lsst_hardware_r -31.528739595072395 23.1200008392334 31.40999984741211 AB 5.3510955024382705 1.385755665528603
62411.3358 lsst_hardware_i 10.178960161701374 32.25 31.239999771118164 AB 2.9442988450597456 1.185782861481778
62411.3464 lsst_hardware_z 52.03525903091501 43.70000076293945 30.940000534057617 AB 2.892560612801408 1.2112900388613512
62413.3061 lsst_hardware_r 20.724247268217486 21.989999771118164 31.459999084472656 AB 3.0719225422123837 1.1408123822160927
62413.3184 lsst_hardware_u 2.352852632293662 2.549999952316284 28.31999969482422 AB 3.059480550765752 1.1614237641704896
62414.3269 lsst_hardware_g 6.7739996553577955 13.0 31.34000015258789 AB 8.177765304278706 1.1842108371306712
62414.3375 lsst_hardware_r -35.84291626607563 22.350000381469727 31.450000762939453 AB 9.191926873326677 1.209464062279826
62416.3244 lsst_hardware_i -15.894713372532454 31.190000534057617 31.219999313354492 AB 5.67179534808913 1.1908864812617157
62416.336 lsst_hardware_z 21.67208201701255 43.59000015258789 30.93000030517578 AB 4.391618934386795 1.2198941484407764
62418.3325 lsst_hardware_r 44.82988671589787 22.260000228881836 31.440000534057617 AB 3.3098542664489976 1.225266880472235
62418.344 lsst_hardware_g 6.541432451959426 12.920000076293945 31.309999465942383 AB 3.6096631480470562 1.259697486667875
62420.3037 lsst_hardware_u 1.6231958913159314 2.619999885559082 28.3700008392334 AB 5.287321255585551 1.169912323991392
62420.3161 lsst_hardware_r -25.733648011779934 22.469999313354492 31.459999084472656 AB 5.388377210818889 1.1970403119356252
62422.2552 lsst_hardware_i -10.806270761756275 30.290000915527344 31.239999771118164 AB 6.200665258574878 1.1106663746440173
62422.2665 lsst_hardware_z -86.57195226087079 41.77000045776367 30.940000534057617 AB 6.2395038485419585 1.1213725652613975
62425.3002 lsst_hardware_g -12.628873875385251 12.960000038146973 31.34000015258789 AB 8.361928444681455 1.19175207648845
62425.3113 lsst_hardware_r 3.0396700816638256 22.3799991607666 31.459999084472656 AB 8.55964895728431 1.2195548476373923
62427.2935 lsst_hardware_i 85.33485848163689 45.25 31.270000457763672 AB 7.313374231630371 1.1889087837266237
62427.3046 lsst_hardware_z -54.82771450857198 49.7400016784668 30.940000534057617 AB 7.476213534091045 1.2162377638020245
62429.2985 lsst_hardware_r -93.6676052660137 74.8499984741211 31.610000610351562 AB 1.487822325835953 1.2145488374171045
62429.3091 lsst_hardware_z -50.62611125818281 59.40999984741211 30.959999084472656 AB 1.5668351474934614 1.2445076628224474
62433.2916 lsst_hardware_r -41.07530529864575 76.22000122070312 31.610000610351562 AB 3.656267035179702 1.2254274500658995
62433.3027 lsst_hardware_i 27.945156782942526 61.7400016784668 31.290000915527344 AB 3.9831426184319993 1.2585962930506356
62437.2406 lsst_hardware_z 32.44856739210456 46.130001068115234 30.950000762939453 AB 3.025395501285866 1.1408693990141274
62437.2513 lsst_hardware_r -0.734212168307471 41.65999984741211 31.59000015258789 AB 2.584741562259372 1.1585574012816549
62438.2809 lsst_hardware_g -27.00320056302252 34.77000045776367 31.600000381469727 AB 3.261938339003421 1.2337912143995793
62438.2915 lsst_hardware_r 15.594201212434669 36.84000015258789 31.540000915527344 AB 3.3384985945634322 1.2665818253165093
62442.2864 lsst_hardware_r 20.010750608524297 22.510000228881836 31.43000030517578 AB 4.023452923833837 1.2865443158709349
62442.2983 lsst_hardware_g 19.67964386689686 13.289999961853027 31.280000686645508 AB 4.106721948647649 1.3320538270021565
62451.2366 lsst_hardware_r 59.665256201657996 22.219999313354492 31.450000762939453 AB 2.8015025445225166 1.2098038914016913
62451.2477 lsst_hardware_u 0.30749648622778314 2.4600000381469727 28.209999084472656 AB 2.8753386122461047 1.2405286311552908
62456.1237 lsst_hardware_z -10.565179745028333 98.16999816894531 32.470001220703125 AB 6.346966494075542 1.097916967160723
62458.2095 lsst_hardware_r 5.034510967096992 65.56999969482422 31.600000381469727 AB 5.440128109584313 1.1904000239791428
62458.2219 lsst_hardware_y 6.565255241581269 52.68000030517578 29.979999542236328 AB 5.516228437974078 1.2214854822795522
62460.1813 lsst_hardware_z -24.716216383964767 84.3499984741211 31.719999313354492 AB 5.88859754574506 1.1463105987436033
62461.1789 lsst_hardware_r -53.6212915503756 83.18000030517578 31.6299991607666 AB 3.5112465490468012 1.1468415511314298
62463.1811 lsst_hardware_z 88.83670466513625 54.900001525878906 30.959999084472656 AB 7.175296950533902 1.1600189072078089
62466.0836 lsst_hardware_u 3.1436558030301103 2.5199999809265137 28.309999465942383 AB 3.8653236069957715 1.1016241131446645
62466.0958 lsst_hardware_g 3.185785814433557 12.84000015258789 31.360000610351562 AB 3.870021795519074 1.0980083117681927
62468.1589 lsst_hardware_i -6.496832546721233 30.90999984741211 31.229999542236328 AB 4.764996317702073 1.1454318071399212
62468.1695 lsst_hardware_r -27.30852097508834 22.280000686645508 31.459999084472656 AB 3.9062598276946643 1.1638474012398443
62473.1628 lsst_hardware_u 3.3642598392047027 2.509999990463257 28.270000457763672 AB 7.6116180809193885 1.1777667512909136
62473.1743 lsst_hardware_g 11.317342220766909 12.960000038146973 31.329999923706055 AB 7.689052793883786 1.2041856107016293
62483.0805 lsst_hardware_r -28.381883941112456 33.86000061035156 31.579999923706055 AB 12.469847600801337 1.1049931414089469
62483.0913 lsst_hardware_i 13.598226332470034 36.209999084472656 31.270000457763672 AB 13.358922368306906 1.1129343822526316
62485.0878 lsst_hardware_z 52.211890555947114 67.33000183105469 31.709999084472656 AB 8.675675403664687 1.1146923943120577
62487.0767 lsst_hardware_z -47.27223710009821 71.86000061035156 31.719999313354492 AB 12.125902283084782 1.1099054735779574
62487.0889 lsst_hardware_r -56.376334464081694 81.52999877929688 32.369998931884766 AB 10.7269899465402 1.1212881477219723
62489.0788 lsst_hardware_i -74.23994587335329 57.9900016784668 31.309999465942383 AB 4.624593438171424 1.1165121772504645
62489.0919 lsst_hardware_z 48.416647396721274 55.97999954223633 30.969999313354492 AB 3.496211190202299 1.131459932104228
62491.0807 lsst_hardware_i -45.039825256748045 61.150001525878906 31.309999465942383 AB 4.9520364947826785 1.124355519893138
62491.0937 lsst_hardware_z 79.86991292736356 57.70000076293945 30.969999313354492 AB 3.539377712544453 1.1417347459820817
