data/validation/pwv_sim_epoch_fit_epoch/17916376.ecsv
# %ECSV 0.9
# ---
# datatype:
# - {name: time, datatype: float64}
# - {name: band, datatype: string}
# - {name: flux, datatype: float64}
# - {name: fluxerr, datatype: float64}
# - {name: zp, datatype: float64}
# - {name: zpsys, datatype: string}
# - {name: pwv, datatype: float64}
# - {name: airmass, datatype: float64}
# meta: {SNID: '17916376', alt: 1024.0, c: -0.010350247845053673, dec: -18.839405, lat: -30.244573, lon: -70.7499537, ra: 142.558594,
#   t0: 62958.9453125, x0: 1.2871490079708102e-05, x1: 0.3666454255580902, z: 0.4138522148132324}
# schema: astropy-2.0
time band flux fluxerr zp zpsys pwv airmass
62854.3313 lsst_hardware_g -7.685057727850865 21.579999923706055 31.600000381469727 AB 4.957095123376931 1.0250403480927432
62854.3497 lsst_hardware_y -73.67261351195467 57.720001220703125 30.06999969482422 AB 5.308681174496061 1.0196583343036163
62856.3255 lsst_hardware_i 39.124902427753405 30.549999237060547 31.260000228881836 AB 6.118166690737798 1.0252478744426874
62856.3451 lsst_hardware_z -85.93770173723917 44.540000915527344 30.969999313354492 AB 6.509678802632656 1.0196865292344386
62859.3206 lsst_hardware_r -25.85925179378812 22.290000915527344 31.489999771118164 AB 6.192759595532135 1.0233992776377232
62859.3411 lsst_hardware_y -16.415310992779812 47.59000015258789 30.049999237060547 AB 6.119650268243336 1.0201825878182178
62862.3199 lsst_hardware_r 20.16323516593774 22.299999237060547 31.489999771118164 AB 6.112132686965622 1.0205740081482284
62862.3399 lsst_hardware_y -25.378266044405038 47.220001220703125 30.049999237060547 AB 6.517631483003301 1.0223334744525001
62864.3221 lsst_hardware_z 21.127967026568314 40.7400016784668 30.950000762939453 AB 7.109859398420758 1.019651418374275
62864.3431 lsst_hardware_y -40.1476768468976 48.0 30.059999465942383 AB 7.033868654816745 1.0273170548161374
62871.2809 lsst_hardware_i 68.54043086705666 41.119998931884766 31.290000915527344 AB 10.701068018145785 1.0277300654492223
62871.3047 lsst_hardware_z 44.982814255548945 40.58000183105469 30.950000762939453 AB 10.222123311245817 1.019714031746802
62873.285 lsst_hardware_r -7.628110209436727 110.94999694824219 32.40999984741211 AB 9.806201479752218 1.0221891744008567
62873.3054 lsst_hardware_z 7.602072805141105 81.69000244140625 31.739999771118164 AB 8.454137814807858 1.0207640289144777
62880.2417 lsst_hardware_i 58.70726888968167 52.540000915527344 31.31999969482422 AB 8.209804966878414 1.0424487292081028
62880.2617 lsst_hardware_z 21.71594569048949 52.47999954223633 30.979999542236328 AB 7.354800858055069 1.0242266484468008
62882.2398 lsst_hardware_r -21.50358566529285 34.689998626708984 31.59000015258789 AB 5.252001484494957 1.0381501254190466
62882.259 lsst_hardware_z 2.4465962432313666 43.61000061035156 30.959999084472656 AB 4.724381003512778 1.0228146792623463
62884.2277 lsst_hardware_g -10.872588173607538 14.899999618530273 31.469999313354492 AB 6.945931404125177 1.04654684407491
62884.2457 lsst_hardware_r -46.47679912695428 23.65999984741211 31.530000686645508 AB 6.841845950915813 1.0275099045228033
62886.2507 lsst_hardware_i 20.052200228175174 29.959999084472656 31.25 AB 12.124347729004242 1.0217146962644024
62886.2699 lsst_hardware_z 66.5870324044875 40.5 30.950000762939453 AB 12.101518715645343 1.0207586165799354
62888.2314 lsst_hardware_r -14.084724584018309 22.360000610351562 31.479999542236328 AB 9.786829340615892 1.0301925621700938
62888.2507 lsst_hardware_g -12.721013686056539 13.6899995803833 31.40999984741211 AB 9.984113086842859 1.0201750429335346
62890.2061 lsst_hardware_u -7.034154203181941 2.6700000762939453 28.43000030517578 AB 12.099215376153639 1.0543212875887336
62890.2241 lsst_hardware_r 7.813768154256773 22.399999618530273 31.5 AB 10.427600505118162 1.0318227295782787
62892.2053 lsst_hardware_i 81.50629512259465 30.3799991607666 31.260000228881836 AB 14.606876414646472 1.0473256592043474
62892.224 lsst_hardware_z 10.003363523115508 40.849998474121094 30.959999084472656 AB 14.480739980980008 1.0274035957983616
62894.2044 lsst_hardware_u -3.0711221306797762 2.619999885559082 28.389999389648438 AB 11.058443079976355 1.0412846591314786
62894.222 lsst_hardware_g -3.267597290835678 13.829999923706055 31.43000030517578 AB 10.346529114444794 1.0250854472699598
62896.2024 lsst_hardware_r -14.19463066682634 22.829999923706055 31.510000228881836 AB 12.720965818859003 1.0372184613199888
62896.22 lsst_hardware_i 19.31369477573949 30.450000762939453 31.260000228881836 AB 12.48827073582347 1.0231814563980384
62898.1815 lsst_hardware_i 12.256390613956455 36.470001220703125 31.280000686645508 AB 11.976234510268956 1.0588598656353791
62898.1994 lsst_hardware_z 56.399439554673776 43.40999984741211 30.959999084472656 AB 11.467438262743793 1.0345938526473792
62907.1727 lsst_hardware_r -60.95115217550829 92.47000122070312 31.65999984741211 AB 3.3364009721192125 1.03684704162818
62907.1907 lsst_hardware_z -86.45180323614028 66.62000274658203 30.989999771118164 AB 3.3023712434061965 1.022828177804942
62909.1667 lsst_hardware_r 27.086574036682425 56.5 31.639999389648438 AB 6.222592896795176 1.0374446310095413
62909.1841 lsst_hardware_i -28.043214473077104 49.88999938964844 31.31999969482422 AB 6.065915995143317 1.0233802713659852
62911.1682 lsst_hardware_z -99.60764256140266 43.220001220703125 30.959999084472656 AB 1.4338159902315726 1.0305337735254618
62911.185 lsst_hardware_i 21.5739346685897 35.939998626708984 31.280000686645508 AB 1.2345623705925934 1.020861938196895
62915.0945 lsst_hardware_r -11.996347321214953 23.290000915527344 31.469999313354492 AB 6.369800209381894 1.1653494711639196
62915.1061 lsst_hardware_i 33.85672160201489 31.1200008392334 31.229999542236328 AB 6.292160212354586 1.1265169120677958
62920.1549 lsst_hardware_g -1.1596853529927715 14.289999961853027 31.459999084472656 AB 7.991177484509996 1.0229689230338197
62920.1724 lsst_hardware_r 6.621199213484452 22.940000534057617 31.510000228881836 AB 11.201221715893181 1.019838092494068
62922.1321 lsst_hardware_r 2.811094895629353 22.81999969482422 31.510000228881836 AB 8.978723419175074 1.0364550144783886
62922.1496 lsst_hardware_i 18.11701435353789 30.420000076293945 31.260000228881836 AB 8.862937143747844 1.0228924811250217
62924.1267 lsst_hardware_z 62.020467162260516 41.06999969482422 30.950000762939453 AB 8.00558366284565 1.0363885899211147
62924.1444 lsst_hardware_i 16.128614034068907 30.420000076293945 31.260000228881836 AB 7.959200432082796 1.0227705515398093
62926.1309 lsst_hardware_z 32.6267938195682 41.869998931884766 30.950000762939453 AB 4.168086922878972 1.0275926177126942
62926.1494 lsst_hardware_g 4.740286311228296 17.860000610351562 31.530000686645508 AB 4.1716766446696205 1.019803612614803
62928.11 lsst_hardware_r 6.311877221720098 43.56999969482422 31.6200008392334 AB 6.1510864558877945 1.0432643242686217
62928.1293 lsst_hardware_i -30.549345980145844 41.11000061035156 31.299999237060547 AB 5.056055658951932 1.0249973460954176
62936.1111 lsst_hardware_i 140.40053284568805 70.88482818811995 31.34000015258789 AB 7.763699801289151 1.023020134574917
62936.1293 lsst_hardware_z 121.35152137737416 63.73944062239323 30.989999771118164 AB 7.769671989728691 1.0199096862337478
62938.0882 lsst_hardware_z 220.39221256271094 49.40903263971206 30.969999313354492 AB 13.497626643818238 1.0366840740259784
62938.108 lsst_hardware_i 462.3464110897503 49.10238867275515 31.309999465942383 AB 13.242593480769296 1.0219824800424095
62940.0878 lsst_hardware_u 4.493790571384707 3.4135391692834274 28.450000762939453 AB 9.348978634523112 1.0316114355336141
62940.1072 lsst_hardware_g 328.11518455814365 22.48942381040486 31.43000030517578 AB 9.00923769607783 1.020491338049246
62945.0824 lsst_hardware_z 1060.0836827933688 52.18352074351374 30.959999084472656 AB 3.8390287644021277 1.0252903314525401
62945.1012 lsst_hardware_u 15.098591681142702 4.208410864687571 28.59000015258789 AB 5.158768209333129 1.0196369560389922
62947.0675 lsst_hardware_g 1297.1245875318286 39.8349886151955 31.459999084472656 AB 4.027940137930074 1.0327168971703462
62947.0869 lsst_hardware_r 2786.6773980471085 57.65731887678672 31.520000457763672 AB 5.391184884677779 1.0207999655411093
62949.0653 lsst_hardware_i 2202.5791625146867 56.71459095097358 31.260000228881836 AB 4.353891838548553 1.0297960394713914
62949.0844 lsst_hardware_z 1667.2978599683177 57.182666341677034 30.959999084472656 AB 5.605198561002617 1.020116214693512
62951.0565 lsst_hardware_i 2629.2972248181104 59.35442167568457 31.260000228881836 AB 7.250966702307078 1.032790898736898
62951.0752 lsst_hardware_u 17.922289127315484 4.947280309855464 28.520000457763672 AB 7.104060301694979 1.021028393043033
62953.0576 lsst_hardware_g 2122.6158531097835 48.303733456161744 31.459999084472656 AB 7.290256339617885 1.0272789581424733
62953.0758 lsst_hardware_r 4172.685174879462 68.99741220896328 31.510000228881836 AB 7.156780019888867 1.0197869766510101
62955.0556 lsst_hardware_i 3241.4277854841444 64.4458597525009 31.270000457763672 AB 5.166409138289428 1.0249794937584107
62955.0749 lsst_hardware_r 4755.404783225196 73.87104333443203 31.559999465942383 AB 5.066232953645287 1.0196705149733896
62957.0515 lsst_hardware_z 2352.8403386847403 65.88519627656324 30.969999313354492 AB 5.32578167425478 1.0241887835105346
62957.0709 lsst_hardware_g 2553.6431985334684 64.30769158519097 31.700000762939453 AB 5.3028634658737115 1.0197814357449444
62961.0305 lsst_hardware_i 3406.720009245621 93.29654194471703 31.329999923706055 AB 7.921180795616335 1.0315716484605353
62961.0487 lsst_hardware_z 2517.135382636114 81.82530857101516 30.989999771118164 AB 7.9816491645639625 1.0207909065935643
62963.0285 lsst_hardware_i 3481.6849067250837 100.61887943717291 31.34000015258789 AB 10.983418639079632 1.0286347178609216
62963.0481 lsst_hardware_z 2406.4836704170275 85.76363730969632 30.989999771118164 AB 11.019255121628106 1.0198292569762246
62964.0286 lsst_hardware_g 2061.6732518851218 109.38058053935862 31.739999771118164 AB 7.89713421181282 1.0265461792964723
62964.0477 lsst_hardware_r 4704.233577198975 116.80966992008936 31.670000076293945 AB 7.6655675825867995 1.01965117377615
62967.0238 lsst_hardware_i 3097.06216332211 62.756006494165646 31.260000228881836 AB 1.8179873957737225 1.0244106287229842
62967.0411 lsst_hardware_r 4064.082348353728 73.45570326670072 31.600000381469727 AB 1.7449346160205255 1.0196345633154609
62969.0212 lsst_hardware_u 2.322166626488337 3.2245752728911623 28.520000457763672 AB 6.749978408049321 1.0229177356392227
62969.0393 lsst_hardware_g 1087.1445175455758 35.434350197116665 31.43000030517578 AB 6.7081057069552115 1.0199210450866334
62971.0058 lsst_hardware_r 3145.7726116913764 59.8188878188868 31.489999771118164 AB 11.722159148299495 1.0293204968541694
62971.0228 lsst_hardware_i 2788.5522059852487 59.17327684118702 31.25 AB 11.550502031971755 1.0204299783087885
62974.0047 lsst_hardware_z 1754.842803959164 56.95089436373097 30.959999084472656 AB 10.961103853842474 1.0244022293310724
62974.0227 lsst_hardware_r 2697.800785054132 56.25151834386016 31.510000228881836 AB 10.91030478796855 1.019654653081173
62976.0026 lsst_hardware_u 4.194729624341601 3.4317375109074715 28.540000915527344 AB 7.100461103360394 1.022679116140054
62976.021 lsst_hardware_g 663.0111050936174 28.534941052198764 31.440000534057617 AB 7.1051311377768895 1.0200461040523854
62977.9998 lsst_hardware_r 1984.9692279828243 50.515287369241136 31.510000228881836 AB 9.306165152246932 1.0215890172069741
62978.0176 lsst_hardware_z 1405.4338777665764 55.12932923229938 30.950000762939453 AB 9.51922083289885 1.020463194521942
62984.9754 lsst_hardware_z 1298.5355143367124 55.95587883308395 30.959999084472656 AB 10.839458416952844 1.0239911593172588
62984.9929 lsst_hardware_g 300.3631187167942 32.5106929065118 31.6299991607666 AB 10.789244591859973 1.0196649322091111
62993.9578 lsst_hardware_y 489.66257042118445 73.9597374757945 30.079999923706055 AB 10.410681089005521 1.0210220427937025
62993.9764 lsst_hardware_z 1033.3022974672497 61.18566331460572 30.979999542236328 AB 10.034586967649629 1.0211587823252675
62995.9564 lsst_hardware_y 387.41724548764336 67.83298179265336 30.079999923706055 AB 8.893860688056924 1.0200551310995438
62995.9706 lsst_hardware_u 4.312653221255776 3.8972579262978786 28.68000030517578 AB 7.914342041740189 1.0210517180304284
63217.3146 lsst_hardware_z 31.01393220583569 40.90999984741211 30.940000534057617 AB 6.956478464948874 1.0481754571060946
63217.3334 lsst_hardware_y 7.368166466844454 46.93000030517578 30.049999237060547 AB 7.4153493813782125 1.0277684520274133
63219.3203 lsst_hardware_u -2.4585005456914746 2.6600000858306885 28.440000534057617 AB 5.072895637961176 1.0345107004203338
63219.3409 lsst_hardware_y -45.36409876202433 48.06999969482422 30.059999465942383 AB 5.355227437713012 1.020983274324913
63223.3186 lsst_hardware_r 40.56987470503682 22.239999771118164 31.5 AB 6.976115252631457 1.0266290136564897
63223.3406 lsst_hardware_y 84.14963274204506 47.43000030517578 30.049999237060547 AB 6.170955488582471 1.019683647696113
63225.318 lsst_hardware_g -13.570211087852233 13.59000015258789 31.420000076293945 AB 6.851357305351291 1.0236728838226579
63225.34 lsst_hardware_y -31.43522950816206 47.45000076293945 30.059999465942383 AB 6.533353039277944 1.0203581195186544
63227.3224 lsst_hardware_i 0.22064540057759946 55.380001068115234 31.329999923706055 AB 6.110344738968621 1.020161904245196
63227.343 lsst_hardware_z 27.808798033619066 52.31999969482422 30.979999542236328 AB 6.498433058206009 1.023442439772585
63230.3185 lsst_hardware_r 45.471516656012696 95.11000061035156 31.65999984741211 AB 9.507670885863435 1.019662269244997
63230.3408 lsst_hardware_y 30.49807151186432 55.16999816894531 30.059999465942383 AB 9.108322730703678 1.0271096440204408
