data/validation/pwv_sim_epoch_fit_epoch/18120966.ecsv
# %ECSV 0.9
# ---
# datatype:
# - {name: time, datatype: float64}
# - {name: band, datatype: string}
# - {name: flux, datatype: float64}
# - {name: fluxerr, datatype: float64}
# - {name: zp, datatype: float64}
# - {name: zpsys, datatype: string}
# - {name: pwv, datatype: float64}
# - {name: airmass, datatype: float64}
# meta: {SNID: '18120966', alt: 1024.0, c: -0.13033978641033173, dec: -14.169522, lat: -30.244573, lon: -70.7499537, ra: 29.355469, t0: 62772.26171875,
#   x0: 2.229935028727954e-06, x1: -1.3766728639602661, z: 0.8517181277275085}
# schema: astropy-2.0
time band flux fluxerr zp zpsys pwv airmass
62712.4025 lsst_hardware_u 6.5811940522634815 3.7100000381469727 29.1200008392334 AB 5.031551994377374 1.0493330540933001
62712.425 lsst_hardware_y 42.91622274214296 67.4800033569336 30.799999237060547 AB 3.9578678600996104 1.0415441737104238
62717.3972 lsst_hardware_r -37.19374431720592 32.38999938964844 32.2400016784668 AB 2.168985012263552 1.0442874397032027
62717.4184 lsst_hardware_z -7.732112250242297 58.45000076293945 31.690000534057617 AB 1.5186073651133962 1.0428801866407666
62724.3608 lsst_hardware_r 68.01975833419644 54.400001525878906 31.6299991607666 AB 5.711224705563774 1.0576342047340321
62724.3841 lsst_hardware_z 63.133099232483616 48.13999938964844 30.959999084472656 AB 6.267671922548339 1.0422380005346166
62730.3554 lsst_hardware_z 85.76812554944935 61.310001373291016 30.989999771118164 AB 4.662470085834006 1.0478638242126093
62730.3788 lsst_hardware_i 140.38766735834062 65.02999877929688 31.329999923706055 AB 4.009523195443568 1.0418856289589176
62732.3616 lsst_hardware_z 11.246351153875723 50.68000030517578 30.969999313354492 AB 2.4772631002654917 1.0423997897182797
62732.3826 lsst_hardware_r 129.51150463124782 54.70000076293945 31.639999389648438 AB 1.9618117305406295 1.044999146239682
62734.3541 lsst_hardware_y 64.92642562373581 47.900001525878906 30.040000915527344 AB 1.9561418063484044 1.0429974973865126
62734.3736 lsst_hardware_g 39.77383186551765 29.350000381469727 31.639999389648438 AB 1.9739292506551556 1.0434408619823738
62737.3522 lsst_hardware_r -1.5811545285250204 23.40445993395465 31.510000228881836 AB 3.3358501963807594 1.0416394055833753
62737.3726 lsst_hardware_i 31.792211648682105 31.027877822623086 31.260000228881836 AB 3.370228990697144 1.0470885430914905
62739.3163 lsst_hardware_z 10.749016500837023 41.62791626282285 30.950000762939453 AB 2.887345682599674 1.0617843892864698
62739.333 lsst_hardware_r -9.98803933893956 23.139057199958557 31.5 AB 2.838896540299032 1.0464692045090735
62743.2921 lsst_hardware_g -26.097972366848403 14.818800183591073 31.399999618530273 AB 3.2819739351711044 1.0818208274152796
62743.3113 lsst_hardware_i -8.402988169054634 30.555491054146152 31.239999771118164 AB 3.2216837963617158 1.0551366145289462
62746.226 lsst_hardware_u 9.037080830258136 2.987902497803643 28.309999465942383 AB 2.7871452433469766 1.2737353538031728
62746.2459 lsst_hardware_g 60.8785056684021 16.093602454275743 31.389999389648438 AB 2.5814723256079963 1.1848409985579433
62750.2961 lsst_hardware_i 107.50635999216479 32.95620816207303 31.260000228881836 AB 0.736040419616199 1.0514863137374273
62750.3151 lsst_hardware_z 74.64963165857631 42.24227073393344 30.950000762939453 AB 0.729295816608603 1.0418511665837187
62754.2631 lsst_hardware_z 238.12514648786038 61.35868260512594 30.979999542236328 AB 3.673083294636378 1.08000096872578
62754.2818 lsst_hardware_i 236.8823605756579 67.2664529342368 31.329999923706055 AB 3.6246826148919227 1.054606521644435
62756.263 lsst_hardware_z 183.43733004188084 77.48462291607973 30.989999771118164 AB 3.9347711159515852 1.0712690214951226
62756.2797 lsst_hardware_r 31.404414273657654 113.39269333771881 31.65999984741211 AB 3.8758395301186357 1.0515028567874758
62759.2715 lsst_hardware_y 342.3088022635756 80.59748789689232 30.809999465942383 AB 2.5804074388207683 1.0515107737655942
62763.2515 lsst_hardware_i 693.2563802804735 44.54860706223854 31.270000457763672 AB 5.887190345295423 1.0608983818165973
62763.2713 lsst_hardware_z 452.3975777526703 48.53286354113195 30.950000762939453 AB 5.817497507157302 1.0444340228289593
62766.2461 lsst_hardware_r 579.6778270915758 33.44457199887975 31.5 AB 2.310223920304396 1.0576737645889487
62766.2643 lsst_hardware_u -2.257202716749846 2.861485496624528 28.479999542236328 AB 1.662426148354549 1.04390966929642
62770.2529 lsst_hardware_r 587.9259932329302 33.26582668947298 31.5 AB 3.3081017897028993 1.0441141892802417
62770.2587 lsst_hardware_u 3.797866693911262 2.768193368483453 28.399999618530273 AB 3.2938633763474288 1.0421969233814943
62773.2248 lsst_hardware_g 56.19546573499618 16.743334207307104 31.43000030517578 AB 4.899250313853601 1.0601760696477178
62773.2434 lsst_hardware_r 555.4685060696999 32.53822509229284 31.5 AB 4.8285908767477 1.0447161264441593
62775.2057 lsst_hardware_i 787.1870916029537 41.55640123104477 31.25 AB 5.140263389050403 1.080114181351209
62775.2237 lsst_hardware_z 569.5995309569057 47.486431380985856 30.950000762939453 AB 4.4527051982936925 1.055372659533554
62777.2392 lsst_hardware_r 479.60124835324 31.0731610795014 31.510000228881836 AB 3.360852207641269 1.0422863103243745
62777.2584 lsst_hardware_u 0.4675953547132567 2.876100724203381 28.5 AB 2.8040904663210555 1.0443539911810262
62779.1849 lsst_hardware_z 469.0171557965942 50.1747606755646 30.950000762939453 AB 6.821487123833423 1.0995009467562267
62779.2032 lsst_hardware_r 353.53115044067795 40.683816020357455 31.579999923706055 AB 6.661061413214763 1.066907861166096
62784.1846 lsst_hardware_z 361.67765250944433 79.67461909848701 30.989999771118164 AB 3.7017130343762297 1.0743096742893188
62784.2024 lsst_hardware_r 136.48191411358445 113.54003609295185 31.65999984741211 AB 3.6376227302085216 1.052248403300248
62786.1775 lsst_hardware_i 649.2499781776535 103.60422548173278 31.34000015258789 AB 6.776394260617235 1.076985737542614
62786.1958 lsst_hardware_z 294.09806736149164 85.93694587816236 31.0 AB 6.59429236346998 1.0532891646475318
62790.1806 lsst_hardware_g 78.42542573272925 52.35096734716706 31.709999084472656 AB 8.01331268510131 1.0576419914563042
62790.198 lsst_hardware_i 384.44771994802045 53.00950652145567 31.309999465942383 AB 7.930231735223804 1.0442415953153916
62792.1653 lsst_hardware_z 237.55035209029717 45.44881506286969 30.950000762939453 AB 6.584082104628475 1.070379403033865
62792.1829 lsst_hardware_r 133.79736048350702 26.211904785105016 31.510000228881836 AB 6.125472365147359 1.050261021628932
62795.1659 lsst_hardware_u -1.2202213441394736 2.902720514642717 28.56999969482422 AB 2.848567962702463 1.05881599406625
62795.1826 lsst_hardware_g -18.943653922195075 14.77244518956864 31.459999084472656 AB 2.636384069088513 1.045078251488747
62798.1733 lsst_hardware_i 177.19196550823298 34.12991460397557 31.260000228881836 AB 2.5563940579307154 1.045666860795875
62798.1904 lsst_hardware_z 249.60572590333118 44.3377555311234 30.959999084472656 AB 2.3895047700567704 1.0415567468470055
62800.1459 lsst_hardware_r 41.39516327355831 25.0318212254842 31.520000457763672 AB 2.592453916924545 1.0668534637549567
62800.1625 lsst_hardware_u 1.8312912624489621 2.89973009282222 28.559999465942383 AB 2.727761512257695 1.0491390431760366
62804.1428 lsst_hardware_z 274.36623046170445 43.63232743619052 30.959999084472656 AB 5.835873722839605 1.0571756211837517
62804.1588 lsst_hardware_r 56.84442273967334 24.66714484543341 31.530000686645508 AB 5.818935866779094 1.044692256154236
62814.1131 lsst_hardware_z 57.8212494000051 79.90191130242407 31.0 AB 6.757008917326836 1.0598814034472115
62814.13 lsst_hardware_r -119.76370631368789 114.92035297848486 31.65999984741211 AB 7.002445308680391 1.0454531664198852
62818.1139 lsst_hardware_r 33.885117636718036 57.25878901485945 31.639999389648438 AB 3.768438853227713 1.0487306641635565
62818.133 lsst_hardware_z 47.2013832479202 53.93246154907676 30.979999542236328 AB 5.207502549570756 1.0415005099141512
62821.1089 lsst_hardware_r 56.110898797794455 23.292853198103845 31.479999542236328 AB 6.0409313086890295 1.0465923958227514
62821.1287 lsst_hardware_z 95.60997990813645 41.632964432452845 30.940000534057617 AB 6.14269433709087 1.0416495731659783
62824.0923 lsst_hardware_r 80.93797835371083 23.400785370036203 31.489999771118164 AB 4.670781091852649 1.0530449987267836
62824.1112 lsst_hardware_u 3.80616665387437 2.858522729958172 28.360000610351562 AB 4.6302404278727165 1.0422014355686717
62828.0964 lsst_hardware_g 117.70562920763965 17.512780231752796 31.43000030517578 AB 7.1115107452785375 1.0433554497180477
62828.1171 lsst_hardware_r 25.363899567671684 23.700855655839735 31.5 AB 7.158573564906486 1.043485815372058
62830.0673 lsst_hardware_r 5.1896029241469686 23.50329484018012 31.489999771118164 AB 5.479066156141921 1.0624522311696996
62830.087 lsst_hardware_i -4.360392697183612 31.148110908087208 31.239999771118164 AB 5.401019034621204 1.0450888224887487
62832.0731 lsst_hardware_z 63.63175350614459 41.94432968087283 30.950000762939453 AB 3.787874604686054 1.050728045682678
62832.0945 lsst_hardware_r 12.957125279892708 23.524311572363363 31.5 AB 3.980988721825025 1.0415074706091458
62834.0749 lsst_hardware_u 2.2279035679277075 3.0544601726967535 28.440000534057617 AB 5.679812454686222 1.0457171047936797
62834.0943 lsst_hardware_g 164.96186402339322 17.4892383117835 31.440000534057617 AB 5.225346027827954 1.0417875747052694
62837.0626 lsst_hardware_r 19.932170400758583 36.664527888029376 31.600000381469727 AB 6.566617985355751 1.0483106617745452
62837.0799 lsst_hardware_z 16.804515804716274 45.099754347695246 30.959999084472656 AB 6.540837230242973 1.0415622331128171
62839.062 lsst_hardware_r 30.121232979767797 59.56680719068831 31.639999389648438 AB 3.6111917967589413 1.0453083163137953
62839.0811 lsst_hardware_y -40.67793129615848 50.70889941033537 30.049999237060547 AB 3.6414646842390344 1.0418572364424303
62841.0631 lsst_hardware_z 19.91199424580818 61.76093154625906 30.989999771118164 AB 3.5676239797465312 1.042631396141311
62841.0822 lsst_hardware_r -65.43099264372916 81.69588028110118 31.65999984741211 AB 3.2739656051390646 1.0437167860812064
62852.034 lsst_hardware_y -19.058873185278557 65.10321800398185 30.059999465942383 AB 10.566036161131173 1.0423751947053888
62852.0545 lsst_hardware_z 105.6622953250761 42.11367703986664 30.950000762939453 AB 11.411859533101275 1.044755061164632
63079.318 lsst_hardware_z -67.49050642446862 95.87000274658203 32.13999938964844 AB 6.06245493635471 1.2537606072600482
63079.3593 lsst_hardware_y -64.22633693610284 87.70999908447266 31.219999313354492 AB 5.734677115338172 1.1080609513575086
63083.3539 lsst_hardware_r 127.43985130979054 80.72000122070312 31.639999389648438 AB 2.1494695386667084 1.0957363833475149
63083.3768 lsst_hardware_z 15.658753559720399 59.86000061035156 30.979999542236328 AB 1.5393193675331935 1.0588611298594623
63085.4264 lsst_hardware_z 70.0544445294999 86.16999816894531 31.729999542236328 AB 3.4723456756510513 1.0522259623185004
63088.3232 lsst_hardware_r 9.498457133285276 36.15999984741211 31.579999923706055 AB 5.529208214312878 1.1386343110199502
63091.3825 lsst_hardware_g 19.27733866870652 15.25 31.469999313354492 AB 4.590455872909764 1.0417070815982823
63091.401 lsst_hardware_i -13.926740092176436 31.079999923706055 31.25 AB 4.66304991181722 1.045722275122531
63100.2783 lsst_hardware_z 12.113288187205473 43.11000061035156 30.940000534057617 AB 2.1107773845086646 1.1786565199676118
63110.283 lsst_hardware_z 39.069504904391586 69.05999755859375 30.979999542236328 AB 1.8250237125333615 1.0900002264782171
63110.2988 lsst_hardware_r -25.452499201330145 100.9800033569336 31.649999618530273 AB 1.6727975853672887 1.0641206013786824
63115.2748 lsst_hardware_z -50.457771758949605 53.689998626708984 30.969999313354492 AB 0.9324741240023566 1.0798773873796834
63118.2597 lsst_hardware_i 32.88686726830018 33.02000045776367 31.25 AB 4.699609018590982 1.0929323299048794
63118.2773 lsst_hardware_z -51.227931793861906 42.779998779296875 30.950000762939453 AB 4.5738051722509105 1.0636756214537002
63123.2618 lsst_hardware_g -22.517977662679 14.15999984741211 31.43000030517578 AB 2.1703126958851886 1.066143456305369
63123.2784 lsst_hardware_i -22.118146005385366 30.739999771118164 31.25 AB 2.107681002218042 1.0487714391528982
63125.2601 lsst_hardware_z -43.95355748296769 41.38999938964844 30.950000762939453 AB 4.271960102866886 1.061268657552224
63125.2778 lsst_hardware_r 33.99025795437415 22.850000381469727 31.5 AB 4.18021306912543 1.0456632375032344
63132.2543 lsst_hardware_r -41.12050384487533 39.79999923706055 32.68000030517578 AB 1.8132609207117327 1.0484307144907388
63132.2952 lsst_hardware_i 115.0456059810241 61.33000183105469 32.7599983215332 AB 2.163062840166363 1.0498181630739283
63136.2291 lsst_hardware_z 85.60669632143438 70.37000274658203 31.719999313354492 AB 3.5408541267472198 1.0624687317705201
63138.2491 lsst_hardware_r 49.00833397641689 93.05999755859375 31.65999984741211 AB 4.804924736536901 1.042773118935921
63138.2678 lsst_hardware_z -29.443678656908418 65.58999633789062 30.989999771118164 AB 4.806508898058827 1.043456595569613
63144.1937 lsst_hardware_i -4.557606642450064 52.16999816894531 31.309999465942383 AB 6.829311332461231 1.0833012027697921
63144.2093 lsst_hardware_z -42.06600931740748 52.790000915527344 30.969999313354492 AB 7.127906859639916 1.059977474635095
63146.2121 lsst_hardware_r -17.86344235491033 31.479999542236328 31.559999465942383 AB 4.2741420784950055 1.051557251500699
63146.2312 lsst_hardware_z -11.92009789638623 44.400001525878906 30.959999084472656 AB 4.273816292212634 1.0418648147599405
63148.1806 lsst_hardware_u -0.7220306693235099 2.7300000190734863 28.43000030517578 AB 3.486483894597255 1.0873741224443045
63148.1988 lsst_hardware_g 5.216238904514649 14.59000015258789 31.440000534057617 AB 3.4567431816224383 1.0594840156178296
63150.181 lsst_hardware_r 25.774952646658672 23.3700008392334 31.489999771118164 AB 4.173647813163087 1.0768851328364377
63150.1989 lsst_hardware_z -16.6078821366496 41.54999923706055 30.940000534057617 AB 4.05151322722637 1.0536182109639185
63152.1814 lsst_hardware_r 24.604705998760274 23.200000762939453 31.489999771118164 AB 6.808604401425203 1.0678488709891043
63152.1991 lsst_hardware_u -4.384861897082729 2.7100000381469727 28.440000534057617 AB 6.928762279665057 1.0488589584720496
63154.1769 lsst_hardware_g -45.14121680759568 14.5600004196167 31.440000534057617 AB 7.0972152553369625 1.066501991885939
63154.1949 lsst_hardware_r 33.490651052767085 23.329999923706055 31.510000228881836 AB 6.928429357689538 1.0479624923399826
63156.1702 lsst_hardware_i 44.34878348920753 31.059999465942383 31.239999771118164 AB 7.008137463161346 1.0682457866998132
63156.1874 lsst_hardware_z 35.12824235654536 41.380001068115234 30.940000534057617 AB 6.8664071222805365 1.0494413228984647
63158.163 lsst_hardware_r 33.12243177418397 23.450000762939453 31.5 AB 4.1182925063251 1.07079888359987
63158.1812 lsst_hardware_u 3.33905161313387 2.7200000286102295 28.43000030517578 AB 2.70860283227397 1.0500156351893923
63160.1672 lsst_hardware_g 26.988173157800052 14.529999732971191 31.440000534057617 AB 2.7363897476054433 1.0581553548359943
63160.1847 lsst_hardware_i -37.48822975560235 30.959999084472656 31.25 AB 2.6994737174776637 1.0444185133393076
63162.1684 lsst_hardware_z -24.793636474566124 42.90999984741211 30.950000762939453 AB 3.3779863589904435 1.051567819546813
63162.1865 lsst_hardware_r 21.787030817562943 27.549999237060547 31.540000915527344 AB 3.3654488649510483 1.0420421710035241
63164.1708 lsst_hardware_y 50.680966637064444 69.05999755859375 30.799999237060547 AB 4.806223835640164 1.0459492215897785
63167.1444 lsst_hardware_z 94.03375257222841 71.9800033569336 30.989999771118164 AB 3.1429956068111107 1.0625407730936818
63167.1613 lsst_hardware_r -12.536448447673367 101.80000305175781 31.65999984741211 AB 3.071787996683566 1.0467246694739236
63171.1252 lsst_hardware_z -124.51433593479162 65.75 30.989999771118164 AB 4.950979657208442 1.0743730607515742
63171.1443 lsst_hardware_r -68.47665658809426 91.66999816894531 31.649999618530273 AB 4.8519019061314195 1.051162195987935
63180.1166 lsst_hardware_u -0.38245692210398036 2.759999990463257 28.479999542236328 AB 9.978421540308178 1.053984389160078
63180.1343 lsst_hardware_g -23.7816580777265 14.390000343322754 31.450000762939453 AB 9.20813528764814 1.0428042454066333
63188.0945 lsst_hardware_u -2.2775935288190636 2.6600000858306885 28.399999618530273 AB 5.785969177929983 1.0542306428053416
63188.1149 lsst_hardware_g 10.04721203942361 14.029999732971191 31.40999984741211 AB 5.780093920046043 1.0421625278424238
63190.0922 lsst_hardware_r 5.963376927470994 25.43000030517578 31.530000686645508 AB 6.090450050887203 1.0513464613994825
63190.1126 lsst_hardware_i -3.222483587930856 31.709999084472656 31.260000228881836 AB 6.004100034276036 1.0416551065711
63192.0968 lsst_hardware_z 1.5675223586493008 44.83000183105469 30.950000762939453 AB 4.0012189701184715 1.0446592324403128
63192.1156 lsst_hardware_r 1.5984984293156708 37.77000045776367 31.59000015258789 AB 4.010069850709185 1.042072809747343
63194.0683 lsst_hardware_i -5.053982091706647 57.13999938964844 31.31999969482422 AB 8.009070189295688 1.0656500007933822
63194.0881 lsst_hardware_z -9.967497214873296 55.4900016784668 30.979999542236328 AB 8.267622554301013 1.0464020445894209
63198.0453 lsst_hardware_i 78.71682051272633 83.36000061035156 31.329999923706055 AB 4.1192412033932895 1.0850578286223433
63198.0543 lsst_hardware_r -90.71450208421354 104.52999877929688 31.649999618530273 AB 4.109942529485984 1.0700188829695352
63200.0732 lsst_hardware_z 7.73321865514578 59.7599983215332 30.979999542236328 AB 5.183859378371471 1.0455545337578602
63200.0934 lsst_hardware_g -60.67770721133065 88.51000213623047 31.729999542236328 AB 5.255679957790042 1.0420011151154958
63203.0626 lsst_hardware_r 3.462884567739512 22.8799991607666 31.5 AB 6.94076464219112 1.0469691770328928
63203.0818 lsst_hardware_i 19.080140765390222 30.65999984741211 31.260000228881836 AB 6.905895439248492 1.0415650969517776
63205.0633 lsst_hardware_z -8.628613586813993 40.90999984741211 30.950000762939453 AB 1.4837238562219586 1.043773377574364
63205.0822 lsst_hardware_r -2.149757772871061 22.690000534057617 31.5 AB 1.4773266518305852 1.0425735016447322
63207.0401 lsst_hardware_y 157.4802045295796 48.61000061035156 30.040000915527344 AB 5.671844843706855 1.056799859084564
63207.0592 lsst_hardware_u -1.214036483170532 2.619999885559082 28.3799991607666 AB 4.823486568990778 1.0432543676846124
63209.042 lsst_hardware_y 33.78251541130824 49.130001068115234 30.049999237060547 AB 5.621505288005117 1.0499636324253112
63209.0611 lsst_hardware_r 12.424077709761375 22.59000015258789 31.5 AB 5.618987948524477 1.0416142271804045
63212.0422 lsst_hardware_y -45.13547624466077 50.029998779296875 30.049999237060547 AB 14.203579874893858 1.0446497168310938
63212.0608 lsst_hardware_r -21.14948281346672 22.81999969482422 31.5 AB 14.167185757724072 1.0420304696485352
63217.0327 lsst_hardware_y -0.9202926089111556 69.70999908447266 30.06999969482422 AB 10.55058379269807 1.042977226397371
63217.052 lsst_hardware_i 16.665519075581546 31.040000915527344 31.25 AB 11.397804256371078 1.043404618995857
63219.0336 lsst_hardware_y -61.24887082608308 73.1500015258789 30.06999969482422 AB 3.757161287088166 1.0416305204016072
63219.0532 lsst_hardware_r -11.473231392449149 25.309999465942383 31.520000457763672 AB 4.306082396060881 1.0466899358438335
