data/validation/pwv_sim_epoch_fit_epoch/18153780.ecsv
# %ECSV 0.9
# ---
# datatype:
# - {name: time, datatype: float64}
# - {name: band, datatype: string}
# - {name: flux, datatype: float64}
# - {name: fluxerr, datatype: float64}
# - {name: zp, datatype: float64}
# - {name: zpsys, datatype: string}
# - {name: pwv, datatype: float64}
# - {name: airmass, datatype: float64}
# meta: {SNID: '18153780', alt: 1024.0, c: -0.15160152316093445, dec: -58.730057, lat: -30.244573, lon: -70.7499537, ra: 122.218933, t0: 61809.01171875,
#   x0: 2.099144128239609e-06, x1: 0.9274389147758484, z: 0.8721259832382202}
# schema: astropy-2.0
time band flux fluxerr zp zpsys pwv airmass
61744.3527 lsst_hardware_z 28.226377833696016 61.560001373291016 30.969999313354492 AB 4.669013444030649 1.1439454720152917
61748.3337 lsst_hardware_r 48.2367603323531 22.309999465942383 31.469999313354492 AB 8.395968993780661 1.140679164972546
61748.3469 lsst_hardware_y 91.84920359720135 54.22999954223633 30.020000457763672 AB 8.474181404260051 1.1468127125938037
61752.318 lsst_hardware_r 40.57261296770855 72.88999938964844 31.6299991607666 AB 11.410775283215612 1.1394632886625988
61752.3319 lsst_hardware_g -87.68723176847526 70.61000061035156 31.690000534057617 AB 11.45858686242288 1.1444853038776348
61754.3097 lsst_hardware_r -56.39733913541322 71.12000274658203 31.6299991607666 AB 9.40316289321347 1.138990432116729
61754.3215 lsst_hardware_i -34.421748934265395 57.34000015258789 31.299999237060547 AB 9.437519184513288 1.142187550509446
61756.3171 lsst_hardware_z -96.24824064510686 49.810001373291016 30.959999084472656 AB 7.586810959237626 1.142635032830698
61756.3291 lsst_hardware_i -52.70175924009739 47.22999954223633 31.290000915527344 AB 7.614993058917994 1.149519670755172
61758.3138 lsst_hardware_z -20.962367913200282 64.9800033569336 31.700000762939453 AB 5.536674335155144 1.1436259298722125
61760.3173 lsst_hardware_r -7.6614713727325885 27.170000076293945 31.520000457763672 AB 7.025541623212529 1.148902963730391
61760.3292 lsst_hardware_i -35.75095544265651 33.189998626708984 31.25 AB 7.121322354674675 1.1588807737467006
61764.3124 lsst_hardware_z -2.381740015962876 42.02000045776367 30.940000534057617 AB 7.7154576213052195 1.153526425073372
61764.3247 lsst_hardware_u 0.4992311038392916 2.5899999141693115 28.350000381469727 AB 7.806591425143083 1.1657138585614897
61766.2956 lsst_hardware_r 36.23345494837665 22.1299991607666 31.469999313354492 AB 6.845329337584143 1.1455499749119293
61766.3092 lsst_hardware_g -6.573998815496933 12.979999542236328 31.360000610351562 AB 6.904240222148776 1.155489144874435
61768.2955 lsst_hardware_r 8.122024484040132 21.950000762939453 31.459999084472656 AB 8.027843456631647 1.1489411716668625
61768.3081 lsst_hardware_i 15.771189229824593 30.790000915527344 31.229999542236328 AB 8.060754782864928 1.1596261705994093
61770.2893 lsst_hardware_z -47.304702079078446 42.06999969482422 30.93000030517578 AB 6.448941712186678 1.1484351197779943
61770.3021 lsst_hardware_i 10.011565966813052 30.59000015258789 31.229999542236328 AB 5.866450605272501 1.1590912532027662
61772.2953 lsst_hardware_u -1.2797340085722415 2.5141587877183955 28.299999237060547 AB 5.96050157080922 1.1577911044337892
61772.3081 lsst_hardware_g -5.1432670582416895 12.747855027778492 31.329999923706055 AB 6.037522297887058 1.1720689095454864
61774.2272 lsst_hardware_u -1.1376202002352869 2.5120523475374226 28.280000686645508 AB 2.97787783706311 1.1442374013691103
61774.2411 lsst_hardware_g 5.326843981261147 12.832342913585002 31.329999923706055 AB 2.9640155152989154 1.1393851485916964
61776.2925 lsst_hardware_z -18.72111185047548 42.3425065622838 30.93000030517578 AB 8.285147950819438 1.1663746528605496
61776.306 lsst_hardware_u -0.6223098229512342 2.5531787905411276 28.260000228881836 AB 8.553073065807205 1.1843627600933098
61778.2329 lsst_hardware_z 25.085730467666664 45.71153423595407 30.950000762939453 AB 9.166952724412358 1.138964120570587
61778.2455 lsst_hardware_r 30.14455003147814 33.24649627919984 31.559999465942383 AB 9.135651983134403 1.1392152611696111
61780.2546 lsst_hardware_r -47.98797646520478 63.34025325574443 31.610000610351562 AB 7.596389535733299 1.1440776438470273
61780.2658 lsst_hardware_i 22.611882545578304 52.80262859003637 31.290000915527344 AB 7.6137408743853205 1.1511987714058336
61782.2412 lsst_hardware_z 88.89471860155338 59.95222594034184 30.969999313354492 AB 5.884634152136306 1.1408198811876715
61782.2533 lsst_hardware_i 248.5897522132986 65.46072810537562 31.309999465942383 AB 6.664756705218174 1.1463782765372068
61783.2551 lsst_hardware_z 314.0540538547163 84.11298405735167 31.719999313354492 AB 5.298492852765173 1.1493476904045927
61786.244 lsst_hardware_r 189.90657012979938 52.61868093544201 31.600000381469727 AB 5.812097685973958 1.1473887446400075
61786.2564 lsst_hardware_i 250.17373949889995 48.535554042532745 31.280000686645508 AB 5.466457248666296 1.157167072113949
61788.2516 lsst_hardware_z 363.88207019052606 66.84644307235659 31.690000534057617 AB 8.485093705691442 1.1577950112378066
61792.2458 lsst_hardware_i 444.32781506443877 37.38926653667585 31.229999542236328 AB 11.048658490950976 1.1630166832579973
61792.258 lsst_hardware_z 375.84346675163124 45.786922348230696 30.940000534057617 AB 11.537962252937422 1.1781144715098242
61794.1861 lsst_hardware_i 584.8109681292942 38.06437371282113 31.229999542236328 AB 13.072737306751536 1.1394846203313607
61794.2005 lsst_hardware_z 417.5879895528639 45.80673046868052 30.940000534057617 AB 13.022043059247281 1.139037223638505
61796.1862 lsst_hardware_r 573.9007366846853 31.69237930333781 31.450000762939453 AB 15.899008997447664 1.1387479436163588
61796.1987 lsst_hardware_u 2.1121694303267393 2.6489694109750097 28.260000228881836 AB 15.91212590754781 1.1396874269769595
61798.2329 lsst_hardware_i 676.5856157257604 39.71351970714531 31.219999313354492 AB 11.744915935333285 1.166945346956344
61798.2447 lsst_hardware_r 587.3983894593243 32.552353333135464 31.440000534057617 AB 11.838885327162217 1.182548311296752
61800.1787 lsst_hardware_i 743.1308977083255 40.050804801307194 31.219999313354492 AB 14.024199816347535 1.1386513876789295
61800.1915 lsst_hardware_z 511.6527781499625 47.0508061497312 30.93000030517578 AB 14.038768308224393 1.1406677479767942
61802.179 lsst_hardware_r 569.9232108350012 33.385129548170305 31.459999084472656 AB 12.89738330742148 1.1390932486130696
61802.1911 lsst_hardware_g 138.53719102069698 17.362104878651675 31.350000381469727 AB 12.596777371219401 1.142513026277212
61806.174 lsst_hardware_z 510.17191838397963 49.78062189173173 30.940000534057617 AB 7.741821661327044 1.14034786586049
61806.1866 lsst_hardware_i 768.513492287493 44.17145269641834 31.25 AB 7.912327718996352 1.1457178857509664
61809.1776 lsst_hardware_z 1231.1595529233985 79.68752930684424 31.709999084472656 AB 10.334874242604602 1.1452653194375668
61811.1505 lsst_hardware_y 307.5917968627616 55.18585531583269 30.020000457763672 AB 3.9778362964459664 1.1387207604511504
61811.1638 lsst_hardware_r 796.7734956634752 88.09212833279862 31.6299991607666 AB 3.983303388876708 1.141456697548015
61813.1735 lsst_hardware_z 1002.3832978160872 88.52806112892604 31.719999313354492 AB 6.840147209422384 1.1496045730121753
61815.1745 lsst_hardware_z 470.79729962563687 55.18872392738514 30.950000762939453 AB 1.7521239596504017 1.1547389892247815
61815.186 lsst_hardware_r 537.4222147300428 59.00911611106296 31.600000381469727 AB 1.6038044572568164 1.1664032416414747
61817.1479 lsst_hardware_r 423.2208316396307 38.77455721156431 31.559999465942383 AB 3.9795636809403816 1.1416391147808889
61817.1592 lsst_hardware_i 659.9630848707924 45.38971372908771 31.260000228881836 AB 4.04336118907176 1.147324054595912
61819.1463 lsst_hardware_z 459.17039435594097 47.05527602675943 30.940000534057617 AB 6.379319165159144 1.1432471622148792
61819.158 lsst_hardware_i 646.3826921408511 39.26357178567779 31.239999771118164 AB 6.385439892356556 1.1502533731878029
61821.1469 lsst_hardware_u -0.9417126050913038 2.7208591922693297 28.40999984741211 AB 4.465136288231902 1.1464745690427682
61821.1594 lsst_hardware_g 27.321505017478135 14.3988621158623 31.350000381469727 AB 4.501789218401752 1.1558856260874064
61823.1476 lsst_hardware_r 286.1194622221878 27.809515055644265 31.469999313354492 AB 7.471529465723995 1.1506462216207383
61823.1578 lsst_hardware_i 558.8399341042085 38.53800493101078 31.239999771118164 AB 7.57144726094059 1.159560553012406
61825.1426 lsst_hardware_z 402.78867552739337 46.23009653371238 30.93000030517578 AB 10.757981424368788 1.1509965860594282
61825.1538 lsst_hardware_u -2.799580147383151 2.542178755488424 28.309999465942383 AB 10.771431999885989 1.1610482897261414
61827.15 lsst_hardware_g 22.937242923604117 13.434223471289636 31.34000015258789 AB 6.16286027154568 1.1628038248199397
61827.1622 lsst_hardware_r 200.39253725465738 26.455439946594737 31.450000762939453 AB 6.264873525839546 1.1778292020754928
61831.1386 lsst_hardware_i 436.33088543614815 36.42140898192227 31.219999313354492 AB 3.8476842914451472 1.1622960729349723
61831.1512 lsst_hardware_u 0.9171993095838945 2.4321573218921104 28.209999084472656 AB 4.004755910769649 1.1777250564694473
61833.0765 lsst_hardware_r 138.0247019228717 26.614288626239727 31.479999542236328 AB 5.1118212891356345 1.140246769701426
61833.0903 lsst_hardware_z 305.0007721926042 45.5715230206707 30.93000030517578 AB 5.182571184019649 1.1387346506067269
61835.0777 lsst_hardware_g 82.78009204629198 31.59524999263097 31.610000610351562 AB 5.964789020641353 1.13897059779291
61835.0903 lsst_hardware_r 123.72731487045702 34.99659605037385 31.540000915527344 AB 8.322570167710701 1.1393497537251118
61837.0743 lsst_hardware_i 332.59380718529576 46.867120260024905 31.280000686645508 AB 10.659967674537791 1.1387840478452196
61837.0875 lsst_hardware_z 245.5293054962298 50.582001809897285 30.950000762939453 AB 11.740965403191755 1.1398995537079373
61839.0743 lsst_hardware_r 103.40664985193818 70.49810892618044 31.6299991607666 AB 11.497490264465798 1.1387599925187735
61839.0878 lsst_hardware_z 259.5699218104696 57.08603218019633 30.969999313354492 AB 12.726533933566685 1.1416491530447748
61844.0676 lsst_hardware_z 184.476052734762 51.28307944185649 30.950000762939453 AB 10.929966704197428 1.1397254123250893
61844.0815 lsst_hardware_i 209.19593284516324 50.115687264046265 31.290000915527344 AB 10.988058003022438 1.1450068257200479
61850.0614 lsst_hardware_z 269.0500829469995 43.86402011046215 30.93000030517578 AB 4.552056292974085 1.143158285528399
61850.0753 lsst_hardware_u -4.34846744637677 2.4640588806125168 28.229999542236328 AB 4.582581992280514 1.1517642456250115
61854.0582 lsst_hardware_i 102.06500584302259 31.895660982569478 31.229999542236328 AB 11.865398999289198 1.1473761280901107
61854.0705 lsst_hardware_z 96.05012988666533 43.23223360268465 30.93000030517578 AB 12.003368644662086 1.157025541688984
61856.0524 lsst_hardware_i 127.4973442384153 32.184245852418904 31.229999542236328 AB 7.198732888062284 1.147162724682216
61856.0657 lsst_hardware_u -0.377123179179103 2.5507671393000657 28.309999465942383 AB 7.29357703207141 1.1576493887208932
61860.0277 lsst_hardware_r 73.24119095310847 31.843204856896918 32.20000076293945 AB 6.823274754313798 1.140729708988337
61860.0412 lsst_hardware_i 130.67058111769308 44.93664584149691 31.969999313354492 AB 6.8374078588256975 1.1469915607390664
61862.0271 lsst_hardware_z 244.88416069652655 61.68313120928539 31.68000030517578 AB 8.909174548887865 1.1424948126298877
61864.0285 lsst_hardware_g -16.325433522367387 28.323871116587505 31.600000381469727 AB 5.844217587039928 1.1459250170666526
61864.0411 lsst_hardware_r 71.60705313680559 31.982736811572636 31.540000915527344 AB 5.891168448889058 1.1551310684096192
61866.0173 lsst_hardware_i 124.13209641312756 43.83794431089712 31.280000686645508 AB 9.258155645435941 1.1429821784488816
61866.0292 lsst_hardware_z 53.02020109319341 48.77118458373762 30.950000762939453 AB 9.314614162092303 1.1499523656904078
61868.0204 lsst_hardware_i -98.934695133459 54.89354429940938 31.299999237060547 AB 8.744205708494693 1.1476590670670055
61868.0327 lsst_hardware_z 51.38331716329594 54.55463242656002 30.959999084472656 AB 8.866446565844436 1.1574365927672912
61872.0109 lsst_hardware_g -25.90415953140302 66.6677600372472 31.68000030517578 AB 5.755949885768173 1.1486056145209622
61872.0222 lsst_hardware_r 47.942209961632976 69.91669804617482 31.6200008392334 AB 5.6956059177577 1.1578395902607552
61874.0121 lsst_hardware_i 103.02211627488464 31.621529922657892 31.239999771118164 AB 5.79818338993618 1.1536760185580197
61874.0248 lsst_hardware_r 28.880252555768376 22.868413156229938 31.469999313354492 AB 5.881089716684084 1.1663429067265083
62110.3522 lsst_hardware_z -31.967028340521527 68.48999786376953 30.979999542236328 AB 4.8167083023532085 1.1447910403692367
62116.3166 lsst_hardware_g 18.680466797432473 22.420000076293945 32.20000076293945 AB 11.976077684228034 1.138807348970915
62116.3284 lsst_hardware_r 12.341746579631543 33.790000915527344 32.2400016784668 AB 12.03696416195965 1.1414674174860189
62120.3124 lsst_hardware_i -3.704812277610663 30.799999237060547 31.229999542236328 AB 12.060762995640767 1.1399322525564832
62120.3243 lsst_hardware_u 1.1025828537398557 2.690000057220459 28.420000076293945 AB 12.111504160932276 1.1444840127387341
62129.3147 lsst_hardware_z -47.38988969747426 42.63999938964844 30.940000534057617 AB 7.73535748425261 1.1549619237405913
62129.3256 lsst_hardware_r 18.394275773161212 22.239999771118164 31.469999313354492 AB 7.7834084682708395 1.1660100323240088
62135.2916 lsst_hardware_i -58.79463924584924 56.0 31.299999237060547 AB 6.447194646000908 1.149608246188735
62135.304 lsst_hardware_r -22.455917848764287 62.529998779296875 31.6200008392334 AB 5.90574633233196 1.1603594922304759
62137.3029 lsst_hardware_z -127.95532540737959 118.29000091552734 32.470001220703125 AB 8.282108300152586 1.165041926634067
62141.2952 lsst_hardware_z -68.58559642336226 49.040000915527344 30.950000762939453 AB 11.752877668445999 1.168810608058277
62141.3078 lsst_hardware_r -8.026462685428172 49.34000015258789 31.59000015258789 AB 12.076342101599392 1.186116087473034
62143.2278 lsst_hardware_z 19.560511371712025 44.45000076293945 30.940000534057617 AB 10.038308368202683 1.1401122550392992
62143.2406 lsst_hardware_i 6.5804376221815994 35.880001068115234 31.260000228881836 AB 10.012151807325752 1.1386934347553774
62145.2497 lsst_hardware_g 2.707721566682107 15.15999984741211 31.43000030517578 AB 7.888399410248708 1.1416744207610836
62145.2599 lsst_hardware_r -28.2586239138811 23.829999923706055 31.489999771118164 AB 9.082794723202857 1.1466968614248751
62151.2442 lsst_hardware_r -10.990427388339455 21.920000076293945 31.469999313354492 AB 6.1944885971311985 1.1471275179872589
62151.2572 lsst_hardware_i -21.58523067606294 30.670000076293945 31.229999542236328 AB 6.378397770358495 1.1573238968837236
62155.1851 lsst_hardware_z 0.28059542087947675 42.13999938964844 30.940000534057617 AB 6.634279803402621 1.143841345414245
62155.1984 lsst_hardware_i -14.154524610073778 30.479999542236328 31.229999542236328 AB 6.608447009785784 1.1393874154803076
62157.2456 lsst_hardware_r 1.8592260015182611 21.8700008392334 31.459999084472656 AB 13.74135905126458 1.1621172898957315
62157.2584 lsst_hardware_z 55.10220024385842 42.43000030517578 30.93000030517578 AB 13.947727136609972 1.1777688103533857
62159.1875 lsst_hardware_r -26.573044573569465 21.93000030517578 31.459999084472656 AB 9.798738040432776 1.1393881442363694
62159.2002 lsst_hardware_i 11.041353919088161 30.6299991607666 31.229999542236328 AB 9.842009604242179 1.1389567023569673
62164.1778 lsst_hardware_z -7.847082746305351 53.97999954223633 30.969999313354492 AB 12.188478683889075 1.1388618074459533
62164.1902 lsst_hardware_r 7.909626414057516 66.83000183105469 31.6200008392334 AB 12.121144889455719 1.1395266418591443
62166.1788 lsst_hardware_i 69.08281604024035 66.55999755859375 31.309999465942383 AB 13.9590231434962 1.138768407855784
62166.1906 lsst_hardware_z -104.29875074003724 60.97999954223633 30.969999313354492 AB 14.086033701568415 1.141077702747654
62168.1802 lsst_hardware_i -44.59072470559173 59.119998931884766 31.309999465942383 AB 12.713025309509154 1.1397216647549557
62168.1932 lsst_hardware_z 14.37851359015895 56.439998626708984 30.969999313354492 AB 12.871207900945103 1.1445143073933046
62170.1878 lsst_hardware_g 8.963020094125495 53.709999084472656 31.68000030517578 AB 10.565609631239719 1.1445480981708565
