data/validation/pwv_sim_epoch_fit_epoch/18152864.ecsv
# %ECSV 0.9
# ---
# datatype:
# - {name: time, datatype: float64}
# - {name: band, datatype: string}
# - {name: flux, datatype: float64}
# - {name: fluxerr, datatype: float64}
# - {name: zp, datatype: float64}
# - {name: zpsys, datatype: string}
# - {name: pwv, datatype: float64}
# - {name: airmass, datatype: float64}
# meta: {SNID: '18152864', alt: 1024.0, c: -0.07513552159070969, dec: -7.030393, lat: -30.244573, lon: -70.7499537, ra: 145.546875, t0: 61451.63671875,
#   x0: 4.767626807467475e-06, x1: -0.5514362454414368, z: 0.6252548098564148}
# schema: astropy-2.0
time band flux fluxerr zp zpsys pwv airmass
[from data line 133]
61784.2645 lsst_hardware_z -41.6188411092975 78.83000183105469 30.989999771118164 AB 7.863763109030432 1.097422399734442
61784.2821 lsst_hardware_r 50.71922176919668 109.37999725341797 31.649999618530273 AB 7.708633847145809 1.087548422419668
61785.2397 lsst_hardware_r 65.68557505340415 99.4000015258789 31.639999389648438 AB 6.0937826227751914 1.1284782634768873
61785.2578 lsst_hardware_z 48.99806378566333 73.1500015258789 30.979999542236328 AB 6.172024844444102 1.1014261217852779
61787.2332 lsst_hardware_z 153.76035533679567 51.86000061035156 30.959999084472656 AB 3.664297499606393 1.1304907958472945
61787.2533 lsst_hardware_i -40.38761740816326 48.959999084472656 31.299999237060547 AB 2.3360470378307197 1.1003950717946471
61789.2403 lsst_hardware_z 1.743917001779945 43.65999984741211 30.940000534057617 AB 6.600557067135356 1.1095548819884025
61789.2593 lsst_hardware_r -58.75679027150123 30.309999465942383 31.540000915527344 AB 7.005557242588074 1.0910949915774177
61791.2368 lsst_hardware_u -1.1099772946099922 2.740000009536743 28.40999984741211 AB 13.07961369744673 1.1069330952117582
61791.2556 lsst_hardware_g 12.454376790264824 15.109999656677246 31.43000030517578 AB 12.914787169349228 1.0901467764394897
61793.2342 lsst_hardware_r -4.148994314591261 23.239999771118164 31.479999542236328 AB 10.014369761550764 1.103410496176744
61793.2537 lsst_hardware_i 39.39248527008874 30.989999771118164 31.239999771118164 AB 10.341851498395396 1.0886159471995154
61797.2122 lsst_hardware_u 0.05647359374178842 2.5999999046325684 28.299999237060547 AB 12.284944207776121 1.1190682017802045
61797.2304 lsst_hardware_r 3.9639738385214867 23.579999923706055 31.489999771118164 AB 11.928691792699686 1.0961688198765276
61799.2179 lsst_hardware_i -16.43936268395136 31.600000381469727 31.239999771118164 AB 11.6776447593658 1.103312629811744
61799.2358 lsst_hardware_z 45.82269483931571 42.34000015258789 30.950000762939453 AB 11.459774582411669 1.0892027641593602
61807.1801 lsst_hardware_z -41.9772339855229 47.25 30.950000762939453 AB 6.098340964083163 1.1275823046070428
61807.198 lsst_hardware_r 6.5807808658760765 37.2599983215332 31.579999923706055 AB 6.024540276609181 1.1011268497343716
61810.1823 lsst_hardware_i 112.44862176479806 84.41999816894531 31.329999923706055 AB 6.237146785368876 1.110471237751135
61810.2014 lsst_hardware_z -121.27558056614961 73.72000122070312 30.989999771118164 AB 6.10465139965808 1.0914156256838043
61814.1676 lsst_hardware_y 29.23050933579928 56.34000015258789 30.020000457763672 AB 4.525855645271652 1.116117298464043
61814.1858 lsst_hardware_r 53.398185186661436 89.25 31.639999389648438 AB 4.392592106787571 1.0946588017662733
61816.1653 lsst_hardware_i -46.752579087197155 45.880001068115234 31.290000915527344 AB 3.284962160910009 1.1113489126281395
61816.1821 lsst_hardware_z -24.380790440462572 49.380001068115234 30.959999084472656 AB 4.208960089516293 1.0933310475840947
61818.1628 lsst_hardware_r -15.570386469782298 28.18000030517578 31.540000915527344 AB 3.5017976762666865 1.1072878027720294
61818.1794 lsst_hardware_g -3.5520333978182164 22.670000076293945 31.56999969482422 AB 4.595245682055531 1.0915072878991827
61820.1597 lsst_hardware_r 15.869161842323646 23.920000076293945 31.510000228881836 AB 3.329911138368242 1.1043260463303919
61820.1755 lsst_hardware_i -17.588510079070257 31.469999313354492 31.260000228881836 AB 3.5327725812891777 1.0906143648341986
61824.1509 lsst_hardware_u 0.724269057178435 2.630000114440918 28.34000015258789 AB 8.873637381351084 1.1018703481639194
61824.1687 lsst_hardware_g 26.642494558519978 14.649999618530273 31.420000076293945 AB 12.045037266791525 1.0887349141420481
61830.1238 lsst_hardware_r -12.511864083825058 24.06999969482422 31.5 AB 4.558937632321194 1.1162922704017957
61830.1406 lsst_hardware_g -2.006680582891289 14.899999618530273 31.43000030517578 AB 4.440395383184853 1.0958978363337224
61832.1175 lsst_hardware_r -37.25299982968767 24.040000915527344 31.489999771118164 AB 6.591829509363246 1.1176380992477528
61832.1362 lsst_hardware_i -6.5174214628005105 31.579999923706055 31.239999771118164 AB 5.444142842234508 1.0950154054879082
61834.1268 lsst_hardware_z 75.7975350616664 42.849998474121094 30.940000534057617 AB 11.289652394643952 1.0985268902146965
61834.1455 lsst_hardware_i 11.663047273548349 31.149999618530273 31.239999771118164 AB 11.127863691962707 1.0875462336893962
61836.1254 lsst_hardware_z -16.82974344828351 68.62999725341797 31.700000762939453 AB 9.39711491800552 1.0949158075159195
61838.1153 lsst_hardware_r 11.029965077873385 84.33000183105469 31.639999389648438 AB 11.236335676087407 1.0990962439622827
61838.133 lsst_hardware_i -118.18372272777604 70.44999694824219 31.31999969482422 AB 10.416114897199657 1.0879206451832668
61840.1217 lsst_hardware_z 12.299797765067565 133.0500030517578 31.739999771118164 AB 8.177122291460766 1.0901860667666117
61843.0942 lsst_hardware_i -51.67139445390238 63.58000183105469 31.309999465942383 AB 14.256997569023312 1.10772678365433
61843.1109 lsst_hardware_z -59.64511074138371 59.310001373291016 30.969999313354492 AB 14.08196391574973 1.091646265683403
61845.1098 lsst_hardware_i -100.98081993376583 43.36000061035156 31.290000915527344 AB 8.020048923560148 1.0893598700871279
61845.1302 lsst_hardware_z 6.496624989866737 48.02000045776367 30.959999084472656 AB 9.379751628069847 1.0888751043517286
61847.079 lsst_hardware_u -0.6227877865620587 2.680000066757202 28.389999389648438 AB 7.693455235238332 1.1137828787894548
61847.0988 lsst_hardware_g 10.8990590659041 14.470000267028809 31.43000030517578 AB 8.86588805788934 1.0923962614452118
61849.0773 lsst_hardware_r 2.486527459067102 23.389999389648438 31.489999771118164 AB 4.1920220276539935 1.108414073943384
61849.0964 lsst_hardware_i 27.31812804400882 31.100000381469727 31.239999771118164 AB 5.457174541068848 1.0905624582471323
61853.0779 lsst_hardware_g 5.113822266232921 14.300000190734863 31.420000076293945 AB 4.579559413972803 1.095806838836928
61853.0977 lsst_hardware_r 11.629821865943288 23.149999618530273 31.489999771118164 AB 5.969006401456632 1.0870362074496418
61859.0703 lsst_hardware_g 18.015165171228315 14.25 31.399999618530273 AB 5.510216552124961 1.0899449217930552
61859.0888 lsst_hardware_r 29.383497069466507 23.209999084472656 31.479999542236328 AB 6.463263878704571 1.0878473763528789
61861.0592 lsst_hardware_i -8.669495052945488 31.06999969482422 31.229999542236328 AB 5.685377745430447 1.0933418741212397
61861.0788 lsst_hardware_r 33.883673295723284 23.149999618530273 31.479999542236328 AB 5.652846394185081 1.0870858450355925
61863.0564 lsst_hardware_z 55.90786084134764 43.209999084472656 30.940000534057617 AB 6.814706966510314 1.0915756794026217
61863.0743 lsst_hardware_g -1.2366614163488476 21.969999313354492 31.559999465942383 AB 6.680433379223977 1.0871774082304368
61865.0545 lsst_hardware_r -10.45869770629623 51.06999969482422 31.6200008392334 AB 8.524463143587663 1.0896667702400185
61865.0751 lsst_hardware_i 7.574951248994921 47.529998779296875 31.299999237060547 AB 8.511356054790543 1.0886871392671418
61870.0388 lsst_hardware_g -42.957189479424606 111.58000183105469 31.709999084472656 AB 6.205723845902207 1.0907007755408413
61870.0607 lsst_hardware_r -177.72901102889765 106.2300033569336 31.649999618530273 AB 6.158301629620302 1.0884237592118189
61875.0168 lsst_hardware_u 4.787352275952794 2.880000114440918 28.559999465942383 AB 12.45385127075551 1.0967000216415042
61875.0359 lsst_hardware_g 16.29720432312977 14.449999809265137 31.450000762939453 AB 12.321132872266082 1.0871667767203654
61879.0068 lsst_hardware_z 28.16788373558292 42.02000045776367 30.940000534057617 AB 10.047711331458554 1.0958947844749474
61879.0231 lsst_hardware_r -7.321842652808583 23.290000915527344 31.489999771118164 AB 9.952858813379898 1.0874470159388034
61881.9969 lsst_hardware_r 9.21945261091827 23.670000076293945 31.5 AB 10.153278618287231 1.097414463714573
61882.0106 lsst_hardware_z -27.051263183822236 42.209999084472656 30.940000534057617 AB 10.196360262054323 1.0886278139121126
61884.0024 lsst_hardware_r -21.404009783441307 23.540000915527344 31.489999771118164 AB 9.613397553301155 1.089769036252469
61884.0202 lsst_hardware_u -0.3652407561032699 2.6500000953674316 28.360000610351562 AB 9.589521224962057 1.0877611749649747
61886.0011 lsst_hardware_g 9.628726112677484 14.430000305175781 31.420000076293945 AB 12.622602119180263 1.0881553551017469
61886.019 lsst_hardware_r -29.091750637780244 23.3799991607666 31.489999771118164 AB 12.634424801894225 1.0891745518874332
61889.973 lsst_hardware_y -56.069440251735415 49.43000030517578 30.020000457763672 AB 12.470007322424324 1.0994055386752264
61889.9917 lsst_hardware_r -29.761847652443 24.299999237060547 31.5 AB 12.13373760713616 1.0877398123832898
61893.9901 lsst_hardware_y -129.4667062699428 103.62999725341797 31.540000915527344 AB 11.88236164878667 1.0872322855509808
61895.9707 lsst_hardware_z -30.904900366470606 64.86000061035156 30.979999542236328 AB 7.536424421477672 1.0892885558119587
61895.991 lsst_hardware_r -15.305058883521975 81.86000061035156 31.639999389648438 AB 7.632787188049262 1.0888944583264912
61897.9623 lsst_hardware_y 15.857214503752553 64.69000244140625 30.049999237060547 AB 10.712191415826767 1.0907249392461962
61897.982 lsst_hardware_z 30.73272717281277 61.40999984741211 30.979999542236328 AB 10.684425769510543 1.0877685990610446
61899.9613 lsst_hardware_y 120.28569240201885 60.900001525878906 30.049999237060547 AB 8.471404507128955 1.0886828958784787
61899.9795 lsst_hardware_z 56.43380051033289 58.34000015258789 30.979999542236328 AB 8.441595687630562 1.088676255820309
