data/validation/pwv_sim_epoch_fit_epoch/18151655.ecsv
# %ECSV 0.9
# ---
# datatype:
# - {name: time, datatype: float64}
# - {name: band, datatype: string}
# - {name: flux, datatype: float64}
# - {name: fluxerr, datatype: float64}
# - {name: zp, datatype: float64}
# - {name: zpsys, datatype: string}
# - {name: pwv, datatype: float64}
# - {name: airmass, datatype: float64}
# meta: {SNID: '18151655', alt: 1024.0, c: 0.05855109915137291, dec: -57.780128, lat: -30.244573, lon: -70.7499537, ra: 248.534485, t0: 60443.69140625,
#   x0: 2.199026760041838e-05, x1: -0.29281705617904663, z: 0.3296049237251282}
# schema: astropy-2.0
time band flux fluxerr zp zpsys pwv airmass
[from data line 132]
60830.199 lsst_hardware_g 52.97216717843209 35.9900016784668 32.33000183105469 AB 12.95839930376869 1.1302736748987896
60830.2109 lsst_hardware_r -85.8449863164064 42.380001068115234 32.290000915527344 AB 13.008245752846085 1.135545873409821
60842.0565 lsst_hardware_i -53.2724517264935 32.41999816894531 31.229999542236328 AB 10.75903178051951 1.2445740802821956
60842.0631 lsst_hardware_z 7.804996387303139 44.040000915527344 30.93000030517578 AB 10.535804479240792 1.2283429396648364
60847.1813 lsst_hardware_r -15.802029714114743 23.049999237060547 31.479999542236328 AB 3.415362876154048 1.1487934329478202
60847.1943 lsst_hardware_i -18.83164857707053 31.440000534057617 31.229999542236328 AB 3.436577239763546 1.1638564862462268
60851.1334 lsst_hardware_r -0.10685647793564548 22.989999771118164 31.479999542236328 AB 4.473403246173529 1.1285785546952642
60851.1473 lsst_hardware_g -3.1829945534344595 13.930000305175781 31.399999618530273 AB 4.484737439505079 1.1323664788549626
60858.015 lsst_hardware_g -8.904115897036325 23.5 31.520000457763672 AB 11.020058206803851 1.2390440979091355
60858.0226 lsst_hardware_i -24.2888218137403 34.4900016784668 31.229999542236328 AB 10.730325642727202 1.2210202142384594
60863.0932 lsst_hardware_i 140.58533015584155 66.5 31.309999465942383 AB 2.9030158775372796 1.1284073118181122
60863.1052 lsst_hardware_z 121.39544755753991 63.560001373291016 30.969999313354492 AB 2.916874783607352 1.1293313997318262
60867.0984 lsst_hardware_r 14.690385266791395 111.29000091552734 31.639999389648438 AB 8.315123248546675 1.1304249394754124
60867.1109 lsst_hardware_i -17.81190223953447 86.93000030517578 31.31999969482422 AB 8.357436435457451 1.136177335480004
60870.085 lsst_hardware_i 16.216622335030504 47.41999816894531 31.290000915527344 AB 8.469105338321336 1.1291136794491161
60870.0967 lsst_hardware_z 26.753011093228718 51.16999816894531 30.950000762939453 AB 8.525285205434246 1.1329533596005554
60872.0873 lsst_hardware_r 22.454429263020952 22.670000076293945 31.469999313354492 AB 4.2684068561321915 1.1313031688662052
60872.1001 lsst_hardware_u -1.0148730712330425 2.619999885559082 28.350000381469727 AB 4.3153467508979375 1.1380133836756166
60875.0481 lsst_hardware_r 6.517591677660582 22.6299991607666 31.479999542236328 AB 3.07478486338645 1.1309553520501885
60875.0603 lsst_hardware_i -11.578824684144505 30.81999969482422 31.239999771118164 AB 3.0857628631117424 1.128421586388783
60877.0409 lsst_hardware_z -124.28722588016807 42.15999984741211 30.940000534057617 AB 6.311407018717293 1.1316004157332236
60877.0526 lsst_hardware_r 10.07575028826204 22.600000381469727 31.479999542236328 AB 6.433175575695865 1.1286272939817306
60879.0437 lsst_hardware_u -3.385666080818956 2.569999933242798 28.329999923706055 AB 5.4223703176346145 1.1291703915247786
60879.0559 lsst_hardware_r 30.087310666103118 22.540000915527344 31.469999313354492 AB 5.427564961806303 1.1284896394641886
60881.0863 lsst_hardware_z -52.548032118512246 42.599998474121094 30.940000534057617 AB 6.099019457433108 1.1467196272436277
60881.0985 lsst_hardware_i -85.417273040066 31.299999237060547 31.239999771118164 AB 6.177309390959061 1.160058101588556
60883.0291 lsst_hardware_z 60.584640777230604 42.369998931884766 30.940000534057617 AB 5.142891088063659 1.1300573693833575
60883.0407 lsst_hardware_r 15.504417898363917 22.579999923706055 31.469999313354492 AB 5.093310682526119 1.1283364383088434
60890.0283 lsst_hardware_z -38.76621789232925 51.380001068115234 30.959999084472656 AB 2.4729518436448905 1.128772237494815
60890.0398 lsst_hardware_r 19.293982339230187 53.779998779296875 31.610000610351562 AB 2.44389570681292 1.1319572518818526
60891.0306 lsst_hardware_i -8.824372154444438 55.11000061035156 31.299999237060547 AB 0.4976704256095254 1.1297853021782642
60891.0422 lsst_hardware_z 80.28310356554165 56.27000045776367 30.969999313354492 AB 1.6040140364466362 1.1343805066811214
60894.0263 lsst_hardware_r -139.16415822832985 91.93000030517578 31.639999389648438 AB 4.001390853043581 1.1309753682994859
60894.0383 lsst_hardware_z -42.03618459138675 66.5199966430664 30.979999542236328 AB 4.068355289389322 1.1368884419140204
60896.0247 lsst_hardware_y -2.1465978272352784 55.79999923706055 30.030000686645508 AB 6.334867884637766 1.1325072197075619
60896.0363 lsst_hardware_r 128.6339690821861 94.22000122070312 31.639999389648438 AB 6.358436201863194 1.1392324776391294
60899.0024 lsst_hardware_z 19.839452159991378 42.27000045776367 30.950000762939453 AB 2.555729451769192 1.1286065143604294
60899.0138 lsst_hardware_r -5.523965048631491 22.709999084472656 31.479999542236328 AB 2.5592218056674643 1.1313977920722653
60901.0129 lsst_hardware_u -1.0615208620466332 2.630000114440918 28.3700008392334 AB 3.5508427698299854 1.133368263590803
60901.0251 lsst_hardware_r -13.645565393543382 22.649999618530273 31.469999313354492 AB 3.578395490131691 1.1410699904756667
60904.0064 lsst_hardware_r -21.80014430028534 22.809999465942383 31.479999542236328 AB 4.383776695833268 1.1342242421302116
60904.0175 lsst_hardware_u 6.790929266025385 2.6700000762939453 28.389999389648438 AB 4.564237870717816 1.1415351073074989
60906.0074 lsst_hardware_g -1.1281259183257422 13.699999809265137 31.389999389648438 AB 2.668132660953185 1.1381200032503278
60906.0203 lsst_hardware_r -11.243995128974356 22.889999389648438 31.479999542236328 AB 2.761623012551722 1.14892095932001
