data/validation/pwv_sim_epoch_fit_epoch/18163679.ecsv
# %ECSV 0.9
# ---
# datatype:
# - {name: time, datatype: float64}
# - {name: band, datatype: string}
# - {name: flux, datatype: float64}
# - {name: fluxerr, datatype: float64}
# - {name: zp, datatype: float64}
# - {name: zpsys, datatype: string}
# - {name: pwv, datatype: float64}
# - {name: airmass, datatype: float64}
# meta: {SNID: '18163679', alt: 1024.0, c: -0.01297436747699976, dec: -42.210369, lat: -30.244573, lon: -70.7499537, ra: 40.216534, t0: 62485.33203125,
#   x0: 2.4703536128274736e-06, x1: 0.78231281042099, z: 0.8177642822265625}
# schema: astropy-2.0
time band flux fluxerr zp zpsys pwv airmass
62358.3978 lsst_hardware_z -31.15950805061768 57.15999984741211 31.700000762939453 AB 5.3550726829780135 1.0298216698034641
62360.3731 lsst_hardware_r 44.13910085688333 30.6200008392334 32.2400016784668 AB 3.2729653572175184 1.047768021518213
62360.3971 lsst_hardware_g 4.149743950353752 18.190000534057617 32.150001525878906 AB 3.0758908267900544 1.0269800484538731
62367.4221 lsst_hardware_i 9.230471658010895 34.59000015258789 31.270000457763672 AB 2.3450926238764636 1.0295654149386295
62369.4212 lsst_hardware_z 3.1787590078028334 74.37999725341797 31.719999313354492 AB 1.5696328281550485 1.0328230486297407
62375.3465 lsst_hardware_i -63.336842595142485 55.45000076293945 31.31999969482422 AB 2.82787067813 1.0333896137876069
62375.3581 lsst_hardware_z -54.284622255318425 53.41999816894531 30.979999542236328 AB 2.8202858541599856 1.0259937625028748
62376.29 lsst_hardware_z -22.90587574890047 52.33000183105469 30.959999084472656 AB 4.141311890899341 1.120484818966272
62380.4034 lsst_hardware_i 39.699388488154284 33.95000076293945 31.260000228881836 AB 0.7917807354907808 1.0444507888183236
62380.4147 lsst_hardware_r -10.560097411760475 33.56999969482422 31.56999969482422 AB 0.6539854706534715 1.0590857824347717
62382.4074 lsst_hardware_z 19.885235786931865 43.4900016784668 30.950000762939453 AB 1.2443090908039063 1.0564390186533803
62387.3994 lsst_hardware_i -44.81489845445603 30.399999618530273 31.25 AB 2.439338584675757 1.0649033402251558
62387.4116 lsst_hardware_z -5.026372101336956 58.779998779296875 30.979999542236328 AB 2.4823732524233746 1.086694842736046
62389.3941 lsst_hardware_i -16.92030880708807 30.209999084472656 31.239999771118164 AB 2.4338861746586877 1.0651580633079598
62389.4053 lsst_hardware_u -4.930357120032467 5.590000152587891 28.889999389648438 AB 2.43789245573016 1.0850348441792865
62390.3914 lsst_hardware_g 22.253731840059295 13.229999542236328 31.389999389648438 AB 2.6335445830251762 1.065206114207298
62390.4032 lsst_hardware_r -9.066584517119434 24.350000381469727 31.5 AB 2.7001255232703745 1.0862782043464025
62395.3842 lsst_hardware_z 43.33005981241456 41.70000076293945 30.950000762939453 AB 4.626742810272009 1.076153545574096
62395.3949 lsst_hardware_u 1.5414382973754546 3.5 28.6299991607666 AB 4.657712403913338 1.0973955243650368
62399.3663 lsst_hardware_r -103.3948016927038 47.22999954223633 31.6200008392334 AB 5.490013695987952 1.0643686886367998
62399.3794 lsst_hardware_i 0.7545196706514319 40.33000183105469 31.280000686645508 AB 6.450765548858204 1.0878188109370368
62404.2303 lsst_hardware_y 216.67580306280738 73.66999816894531 30.780000686645508 AB 6.405839308360431 1.0831805163008887
62404.2436 lsst_hardware_r -89.49463354159316 105.37000274658203 32.38999938964844 AB 6.450781006074549 1.0604459371328325
62411.3501 lsst_hardware_z 10.356439495817684 42.380001068115234 30.950000762939453 AB 2.658638525506463 1.0949911554802347
62411.3617 lsst_hardware_i -31.026135815569013 32.04999923706055 31.239999771118164 AB 2.6895641690612786 1.1222103626124946
62418.339 lsst_hardware_r -13.616331861132663 22.18000030517578 31.469999313354492 AB 3.1907557324160667 1.11324849651081
62418.3505 lsst_hardware_g 1.2769038431751305 13.220000267028809 31.360000610351562 AB 3.3015443795078325 1.143788109997517
62425.3159 lsst_hardware_r 0.24946980000165314 22.280000686645508 31.489999771118164 AB 7.776913843643795 1.1038651335871583
62425.3271 lsst_hardware_i 27.494502098324688 30.889999389648438 31.239999771118164 AB 7.950161802564293 1.131776183723296
62427.3169 lsst_hardware_z -12.57469046874862 64.0 31.700000762939453 AB 6.917710858910516 1.1193706891440964
62429.3129 lsst_hardware_z -29.65878708231898 58.22999954223633 30.969999313354492 AB 1.348841639188308 1.1230987836711117
62429.3241 lsst_hardware_r 78.16321588517097 65.98999786376953 31.6200008392334 AB 1.4466841126965329 1.1545763070209496
62433.2976 lsst_hardware_r -133.8802164884134 80.51000213623047 31.639999389648438 AB 3.593056509377804 1.1121718456594094
62433.3087 lsst_hardware_i 48.080744347031406 65.0199966430664 31.309999465942383 AB 3.6960074006521397 1.141359499931179
62435.2972 lsst_hardware_z -6.788902863582458 51.34000015258789 30.959999084472656 AB 1.479577886517856 1.1248691483916795
62435.3093 lsst_hardware_i -31.671874891052667 50.27000045776367 31.290000915527344 AB 1.5772450618608664 1.159454835966959
62437.2937 lsst_hardware_z -67.11695853106859 66.13999938964844 31.700000762939453 AB 3.2795284288873296 1.130060047283502
62438.3022 lsst_hardware_r 7.988020042483956 36.400001525878906 31.559999465942383 AB 3.4944675967006575 1.1628843915809177
62438.3128 lsst_hardware_i 45.54691369695855 37.79999923706055 31.25 AB 3.660272260273476 1.199106391571901
62440.2928 lsst_hardware_z 47.694854717139854 43.459999084472656 30.940000534057617 AB 3.973740430567351 1.1507525741301547
62440.3029 lsst_hardware_u -0.3247051038893296 4.230000019073486 28.65999984741211 AB 4.0606177203279765 1.18327859747287
62442.2924 lsst_hardware_r -9.129573314802325 22.43000030517578 31.450000762939453 AB 3.5689957052771604 1.1664655317389128
62442.3043 lsst_hardware_g -2.532656958007018 13.5600004196167 31.34000015258789 AB 3.6740118030374083 1.2081590934026334
62451.2385 lsst_hardware_r 21.744182932392764 21.874867535126818 31.469999313354492 AB 2.5328141469480836 1.0900075227148083
62451.2495 lsst_hardware_u 2.724702888138521 2.5097841715388785 28.290000915527344 AB 2.614390027704631 1.114720023182956
62456.1488 lsst_hardware_r 73.29963716214357 52.56117128341299 31.6299991607666 AB 5.976583431091836 1.0222206552609518
62456.1597 lsst_hardware_z 70.5663762091337 48.79102460657985 30.969999313354492 AB 5.947422664858117 1.0220402689145605
62458.2339 lsst_hardware_y 71.12059686668537 74.03964521606113 30.770000457763672 AB 5.150453468015082 1.1235718734763156
62460.187 lsst_hardware_z 318.8314073416837 88.64072606225544 31.739999771118164 AB 5.277272496336595 1.0468009447902347
62461.1855 lsst_hardware_r 182.5157354919304 88.43366217450632 31.649999618530273 AB 3.3243671957360648 1.0482829154865139
62463.1862 lsst_hardware_z 146.1581704718498 56.330153504197874 30.969999313354492 AB 6.42863128640812 1.0563850606209475
62465.053 lsst_hardware_z 244.8285454263774 44.108255780197105 30.940000534057617 AB 5.7375679501862695 1.105966129120024
62465.0637 lsst_hardware_i 359.97566378395453 35.29866240411984 31.239999771118164 AB 5.589607216281924 1.083292202515958
62466.1418 lsst_hardware_r 264.6840646506278 36.47448264951219 31.579999923706055 AB 5.342144634015723 1.024429672374653
62466.154 lsst_hardware_z 297.04772269678307 46.91086666524861 30.950000762939453 AB 5.380079683548695 1.0310781155088133
62468.1745 lsst_hardware_r 307.11591397635914 28.03964917284547 31.479999542236328 AB 3.5574837880785477 1.0591952525047583
62468.1871 lsst_hardware_u -3.6712118846727018 3.3061977064905093 28.549999237060547 AB 3.5544312276489407 1.0802374251434035
62479.107 lsst_hardware_i 825.3059606038518 41.78045655997041 31.260000228881836 AB 6.388006486920603 1.0247042808663143
62479.1197 lsst_hardware_u 0.5529660783092303 2.812366443073679 28.489999771118164 AB 6.3124597968736165 1.0319535388056658
62481.0981 lsst_hardware_g 126.23054867108343 20.156408395869317 31.510000228881836 AB 10.829841967492136 1.0234936295325796
62481.1109 lsst_hardware_r 590.6069229520011 34.16414301762869 31.510000228881836 AB 10.90239522800802 1.0296206094211329
62485.1047 lsst_hardware_z 1250.6742376718214 75.61251575660279 31.719999313354492 AB 8.028594999056617 1.0330123900524453
62487.082 lsst_hardware_z 648.1478779649279 57.19961503851093 30.979999542236328 AB 11.179915814091386 1.0235831001395963
62487.0942 lsst_hardware_r 591.6036078457104 66.05697041175833 31.649999618530273 AB 9.854094288137734 1.029417005812247
62489.0853 lsst_hardware_i 974.1244311778321 67.62481216061184 31.329999923706055 AB 3.1295234091668718 1.027364472014074
62489.0984 lsst_hardware_z 780.7841933084563 61.5601137326757 30.979999542236328 AB 3.168354766829253 1.036934958870644
62491.0869 lsst_hardware_i 781.2451965600194 68.9098056911767 31.329999923706055 AB 3.1989892908910544 1.031932029319695
62491.0999 lsst_hardware_z 760.9969072012839 62.563566766021125 30.979999542236328 AB 3.2363642663233194 1.0439884730075224
62493.0893 lsst_hardware_g 53.79207176972462 56.77932128523633 31.719999313354492 AB 4.434160828033485 1.0386478613390948
62493.1014 lsst_hardware_r 405.92717093615283 63.70809787108488 31.639999389648438 AB 4.469439411363776 1.0524582601327575
62495.0778 lsst_hardware_i 775.126173847748 40.050924204603895 31.25 AB 7.334268037152932 1.0333350918827218
62495.091 lsst_hardware_r 303.3855410784644 28.728205969280197 31.489999771118164 AB 6.312861863022716 1.0463017921642026
62725.4312 lsst_hardware_g -62.75753492294989 44.31999969482422 31.709999084472656 AB 3.210260704503226 1.0241427210963368
62735.4252 lsst_hardware_g -10.88693002496091 34.22999954223633 31.670000076293945 AB 1.7389480062263412 1.0380229853611946
62736.299 lsst_hardware_g 21.64957238323949 19.020000457763672 32.119998931884766 AB 2.2891536920066655 1.1346018051332032
62736.3157 lsst_hardware_r -28.61328348150354 22.610000610351562 31.479999542236328 AB 2.2037726797466877 1.0940456791726068
62736.3591 lsst_hardware_z 96.83780484335546 57.880001068115234 31.700000762939453 AB 2.072250932561163 1.0325974250782308
62736.3787 lsst_hardware_y -31.699877186213197 46.84000015258789 30.049999237060547 AB 2.312631449822741 1.0227602785388403
62738.4156 lsst_hardware_r 15.051512245226291 23.329999923706055 31.5 AB 2.3269059084525896 1.0367145949889016
62742.4041 lsst_hardware_i -23.39061330275385 30.079999923706055 31.25 AB 7.737597062586064 1.036192803667449
62742.4144 lsst_hardware_z -74.89336171662801 45.66999816894531 30.959999084472656 AB 7.827994293571856 1.0468965264227696
62744.4168 lsst_hardware_r -48.8081036669897 28.969999313354492 31.549999237060547 AB 4.471296426958467 1.0571690334456716
62747.408 lsst_hardware_u 6.2604668954911205 3.9600000381469727 28.68000030517578 AB 1.254010314659211 1.056305192749581
62751.3937 lsst_hardware_r -10.620913524237437 21.8799991607666 31.489999771118164 AB 2.1441993495404152 1.0517225503570398
62751.4059 lsst_hardware_u 0.8597083988563422 4.309999942779541 28.770000457763672 AB 2.1765200348537515 1.0699373404713046
62753.3856 lsst_hardware_g -7.177943530095346 13.0 31.389999389648438 AB 3.7492796564731092 1.0483829867803172
62753.3969 lsst_hardware_r -16.73500297594181 22.280000686645508 31.479999542236328 AB 3.825340069893627 1.0641710135089837
62755.3991 lsst_hardware_i 31.092652513570222 58.2599983215332 31.31999969482422 AB 2.6844673743761676 1.07716205753073
62755.4104 lsst_hardware_z -58.268272478002146 69.41999816894531 30.979999542236328 AB 2.7309581766591355 1.0999361656679072
62764.3634 lsst_hardware_z -11.824176911123228 42.349998474121094 30.950000762939453 AB 5.537554601938117 1.058907085178081
62764.3764 lsst_hardware_g 29.822271200145153 23.3799991607666 31.579999923706055 AB 6.080343121688193 1.0806297017218351
62765.3698 lsst_hardware_r -19.8444152495221 24.979999542236328 31.520000457763672 AB 2.5497724665045967 1.0735884069501458
62765.3819 lsst_hardware_i -46.82972662051685 31.889999389648438 31.25 AB 3.798879127289708 1.0973076624175933
62767.3688 lsst_hardware_z 43.02723449886305 41.689998626708984 30.950000762939453 AB 1.9276754746320748 1.0817483022626682
62767.3815 lsst_hardware_r -4.2161610405668855 22.8700008392334 31.479999542236328 AB 1.5905216796791015 1.1087638059805518
62772.3424 lsst_hardware_g 14.674770353499245 13.010000228881836 31.3700008392334 AB 5.014774385268393 1.0601499678174984
62772.3544 lsst_hardware_r -24.191734343972826 21.979999542236328 31.469999313354492 AB 5.093762738997613 1.0803314398723114
62774.347 lsst_hardware_i -1.0478739757124351 30.219999313354492 31.239999771118164 AB 3.49584994440629 1.076750496223772
62774.3592 lsst_hardware_r -7.904858988315078 22.110000610351562 31.469999313354492 AB 3.579298433442112 1.101435562655211
62776.1361 lsst_hardware_r 27.516490275196126 47.900001525878906 32.939998626708984 AB 5.96007159493678 1.355408856657406
62776.1509 lsst_hardware_i -38.47908580180469 32.18000030517578 31.209999084472656 AB 5.594053703390134 1.2776430680931388
62781.3433 lsst_hardware_i 4.876371523709417 30.6299991607666 31.239999771118164 AB 3.9917458356765354 1.1088182876879265
62781.3546 lsst_hardware_z 6.070456872518084 42.41999816894531 30.940000534057617 AB 4.096619048268142 1.1379497356300394
62785.1155 lsst_hardware_z -145.0054721371219 70.31999969482422 30.950000762939453 AB 5.598553376685603 1.3329888992108576
62785.1277 lsst_hardware_r -237.8706216824097 98.69999694824219 31.600000381469727 AB 5.673333728079407 1.2711928586330734
62787.3222 lsst_hardware_i -12.255255761598544 64.94999694824219 31.31999969482422 AB 5.731184494349717 1.098103367909893
62787.3333 lsst_hardware_r -17.07155037380998 81.37999725341797 31.639999389648438 AB 5.87582079755266 1.1246486892197451
62789.3219 lsst_hardware_z 82.28347759599306 73.5999984741211 31.709999084472656 AB 6.23892336049276 1.1098653985696323
62791.3274 lsst_hardware_r 1.0650204499346223 43.75 31.59000015258789 AB 6.1587245108552615 1.1382386010913723
62791.3376 lsst_hardware_i 41.22029355784365 41.83000183105469 31.270000457763672 AB 5.707736679424521 1.1691390166784923
62794.1211 lsst_hardware_i 41.39128251972713 44.470001220703125 31.979999542236328 AB 3.8363431197665654 1.1968935714115707
62794.1379 lsst_hardware_z -43.481873451153724 42.31999969482422 30.940000534057617 AB 3.8085945542305546 1.1423498962900502
62796.303 lsst_hardware_g 5.488024083706473 13.930000305175781 31.399999618530273 AB 2.7121726207764283 1.110370558810941
62796.3145 lsst_hardware_r -24.09292869371326 23.09000015258789 31.479999542236328 AB 2.925788460817601 1.140361878972691
62801.3031 lsst_hardware_u -1.5985476069073181 2.640000104904175 28.389999389648438 AB 3.6381467112729844 1.1468663287171517
62801.3137 lsst_hardware_g 8.64013362806979 13.260000228881836 31.360000610351562 AB 3.7306588810711516 1.1804948599228389
62803.2988 lsst_hardware_r 49.784645336643436 22.40999984741211 31.479999542236328 AB 3.472384902395153 1.1503041858641188
62803.3095 lsst_hardware_i -7.0055846396240256 31.280000686645508 31.239999771118164 AB 3.609818234273207 1.1848418712056477
62809.2414 lsst_hardware_i 1.1953873110361584 36.25 31.280000686645508 AB 5.837744356169898 1.0601872430843087
62810.2338 lsst_hardware_z 46.13304991824246 48.0 30.969999313354492 AB 4.539709671430137 1.053296907524166
62810.245 lsst_hardware_r -28.58419169233386 43.869998931884766 31.6200008392334 AB 4.6962798295850146 1.0702552027310888
62817.235 lsst_hardware_r -74.89565681173086 75.43000030517578 31.639999389648438 AB 7.3955751415167414 1.0870517111489577
62817.2466 lsst_hardware_z 3.9408122436731947 57.540000915527344 30.969999313354492 AB 7.603871084940524 1.1126259360967345
62819.1589 lsst_hardware_z -85.51033507517458 47.58000183105469 30.969999313354492 AB 5.0802719210437415 1.0217763316660782
62819.1689 lsst_hardware_r -47.5030880101495 50.83000183105469 31.639999389648438 AB 4.145385801608926 1.0225421316252379
62822.2339 lsst_hardware_z -29.76786149662708 44.04999923706055 30.940000534057617 AB 5.9850362338071275 1.1149471374450326
62822.2455 lsst_hardware_i 20.306323497183556 36.45000076293945 31.260000228881836 AB 6.622277665016359 1.1461028308142733
62827.0829 lsst_hardware_g -50.6921461136072 18.139999389648438 32.130001068115234 AB 4.68972999940454 1.0651215079275953
62829.1887 lsst_hardware_z -17.135470167640538 40.88999938964844 30.950000762939453 AB 8.227639771039158 1.0630941215056195
62829.2007 lsst_hardware_r -11.079118138902727 21.780000686645508 31.479999542236328 AB 8.44820829959292 1.0840301496483644
62831.1817 lsst_hardware_u 1.9829852797114627 2.5 28.31999969482422 AB 4.987629014354365 1.060746281232226
62831.1943 lsst_hardware_r 11.83333909787107 21.6200008392334 31.469999313354492 AB 5.046391630322933 1.0822199507446892
62833.1822 lsst_hardware_i 45.43196466285025 30.110000610351562 31.239999771118164 AB 3.4460647009145013 1.0702618254302505
62833.1948 lsst_hardware_z 33.146122260880865 41.68000030517578 30.940000534057617 AB 3.661125150728489 1.0942341670919518
62838.1759 lsst_hardware_i 6.979144721717341 38.2400016784668 31.280000686645508 AB 6.916615788162175 1.083594908755511
62838.1871 lsst_hardware_z -90.06282205605541 44.97999954223633 30.950000762939453 AB 7.073088264529367 1.1074949803060388
62840.1837 lsst_hardware_z -14.218555990249584 51.20000076293945 30.959999084472656 AB 2.7122902107933924 1.112392170939564
62840.1957 lsst_hardware_r -6.028471313317204 55.599998474121094 31.610000610351562 AB 2.7491581346826157 1.1442112103288478
62849.1003 lsst_hardware_z 67.8949165413991 43.790000915527344 30.950000762939453 AB 7.578144779933688 1.0277192446087389
62849.1153 lsst_hardware_r -44.77869187107006 37.88999938964844 31.600000381469727 AB 7.66462418053673 1.0393532840613322
62851.0827 lsst_hardware_r -5.969086687224478 21.670000076293945 31.5 AB 10.226453787783544 1.0228158480863638
62851.095 lsst_hardware_u 0.1255168317440798 2.680000066757202 28.479999542236328 AB 10.37252400460088 1.0278115933121459
62853.0808 lsst_hardware_g 1.4397621093710609 13.09000015258789 31.420000076293945 AB 4.107406913855004 1.0238441861669652
62853.0921 lsst_hardware_r -25.263452649669805 21.739999771118164 31.5 AB 4.084017573426733 1.029368008424869
62855.0841 lsst_hardware_i -36.311018557558086 29.790000915527344 31.260000228881836 AB 3.4594891608971063 1.0278254501302029
62855.0971 lsst_hardware_z -28.97920170853673 40.75 30.959999084472656 AB 3.4574024668630163 1.0376098437501502
62858.0769 lsst_hardware_r -34.152911614509605 21.75 31.489999771118164 AB 5.033371983164815 1.0284080875498498
62858.0895 lsst_hardware_u -3.5090482676802037 2.6700000762939453 28.459999084472656 AB 4.4149860506588885 1.038168847152847
62860.0774 lsst_hardware_g -12.32746898461862 12.949999809265137 31.389999389648438 AB 7.389424072724135 1.0324750695437421
62860.0908 lsst_hardware_i -27.499582708218433 29.8799991607666 31.25 AB 6.285938006324667 1.0452609447225094
62866.079 lsst_hardware_r -6.217238409307938 29.59000015258789 31.56999969482422 AB 7.900060744499971 1.050831113828059
62866.0927 lsst_hardware_i 9.661740573957017 33.95000076293945 31.270000457763672 AB 8.007209950848843 1.071306144542776
