data/validation/pwv_sim_epoch_fit_epoch/18226837.ecsv
# %ECSV 0.9
# ---
# datatype:
# - {name: time, datatype: float64}
# - {name: band, datatype: string}
# - {name: flux, datatype: float64}
# - {name: fluxerr, datatype: float64}
# - {name: zp, datatype: float64}
# - {name: zpsys, datatype: string}
# - {name: pwv, datatype: float64}
# - {name: airmass, datatype: float64}
# meta: {SNID: '18226837', alt: 1024.0, c: -0.04235429689288139, dec: -56.255466, lat: -30.244573, lon: -70.7499537, ra: 342.939575, t0: 60434.19140625,
#   x0: 2.8980632663919538e-05, x1: 0.611354649066925, z: 0.2923339605331421}
# schema: astropy-2.0
time band flux fluxerr zp zpsys pwv airmass
60467.4219 lsst_hardware_z 2051.5013630233316 61.35144690216766 30.940000534057617 AB 1.0101077399410685 1.115730198756703
60467.4362 lsst_hardware_y 704.8881029748736 62.603871988346484 30.030000686645508 AB 1.0217541223323376 1.1117099889371702
60483.398 lsst_hardware_i 1789.9769043998608 85.66132041556112 31.329999923706055 AB 3.6613908675150575 1.1114489997769015
60483.412 lsst_hardware_z 1185.2747202504142 74.67355550501107 30.979999542236328 AB 3.651005281015296 1.114017071099053
60484.4002 lsst_hardware_z 1106.288321393019 76.11535557091788 30.979999542236328 AB 4.326940068437228 1.1118237472698107
60484.4126 lsst_hardware_r 1154.1793090271772 102.65395935604629 31.639999389648438 AB 4.32964546350486 1.1153131023969243
60486.4005 lsst_hardware_i 1358.3760073103047 75.21637038094497 31.309999465942383 AB 6.0101446214412 1.1129897447113333
60486.4125 lsst_hardware_r 964.2655693979937 84.52056903089908 31.6299991607666 AB 6.036971884273276 1.117957756346903
60491.1921 lsst_hardware_r 732.7535659031383 35.08305772287911 31.3700008392334 AB 12.228412713914667 1.6320326600933792
60491.2061 lsst_hardware_g 252.4850154152043 20.123152547694996 31.229999542236328 AB 11.396947236767259 1.5366152471401389
60492.4274 lsst_hardware_z 755.3805505717229 50.930718933408656 30.93000030517578 AB 8.41441599575089 1.1475898933820983
60492.4397 lsst_hardware_r 793.390055539473 38.61036248400217 31.5 AB 8.522557466786882 1.166275397439215
60498.4038 lsst_hardware_i 1062.158690522111 44.43320058465893 31.239999771118164 AB 1.6929952619351138 1.1385307746701976
60498.4159 lsst_hardware_r 639.9993299382006 34.52294616457855 31.469999313354492 AB 1.8509546328708468 1.1545015642415777
60502.318 lsst_hardware_g 0.012265092944002241 13.319999694824219 31.3700008392334 AB 8.55424951899362 1.1203382726103894
60502.3307 lsst_hardware_r 7.455147256796042 22.350000381469727 31.469999313354492 AB 8.542432447318767 1.113988147878996
60505.3967 lsst_hardware_z -21.02461614672121 42.25 30.93000030517578 AB 5.454968806992767 1.1543685973955702
60505.4082 lsst_hardware_r 21.741453541063994 22.520000457763672 31.459999084472656 AB 5.5799879533088435 1.1732523030506399
60507.3967 lsst_hardware_u -1.1572147903902852 2.450000047683716 28.219999313354492 AB 2.6745947755093686 1.1628672936997255
60507.4084 lsst_hardware_g 5.932340224495626 13.270000457763672 31.329999923706055 AB 2.7230939505382454 1.1839538915383676
60509.3394 lsst_hardware_z -122.08534560200471 71.81999969482422 31.709999084472656 AB 2.3824790286442457 1.1134813967802986
60510.1446 lsst_hardware_y 23.10228114669069 80.61000061035156 30.6200008392334 AB 5.121772159772458 1.6005537999288932
60512.3467 lsst_hardware_z 72.40929760508193 106.30999755859375 31.729999542236328 AB 4.932418823570044 1.121174152955761
60515.3398 lsst_hardware_z 91.82111216870742 58.63999938964844 30.959999084472656 AB 6.19442933884087 1.1220775905879667
60515.351 lsst_hardware_r 42.905803345233274 74.76000213623047 31.6200008392334 AB 6.2374651162160335 1.1316498048833177
60517.3378 lsst_hardware_i -99.38844607234103 43.11000061035156 31.270000457763672 AB 2.8708019528005297 1.1247020383155846
60517.3492 lsst_hardware_z 30.578338234012048 47.9900016784668 30.940000534057617 AB 2.89732581552952 1.135464068790145
60518.3759 lsst_hardware_z 51.74770721069236 45.970001220703125 30.93000030517578 AB 4.152538695927103 1.1791680908474829
60518.3861 lsst_hardware_g 24.934990587862643 34.279998779296875 31.59000015258789 AB 4.203815713947739 1.200147231160585
60528.2306 lsst_hardware_r 1.0896882807286221 22.639999389648438 31.469999313354492 AB 3.5769952880855675 1.1344136438772348
60528.2429 lsst_hardware_g 8.008404349066591 13.510000228881836 31.3799991607666 AB 3.5565640964324965 1.1232437403197693
60532.2347 lsst_hardware_z -34.861202800120545 42.349998474121094 30.940000534057617 AB 7.1934096738001045 1.1212838523017932
60532.2458 lsst_hardware_i -0.7043196022427457 30.899999618530273 31.239999771118164 AB 7.158861875189151 1.1151454190543357
60534.2336 lsst_hardware_u -2.168390192387029 2.5899999141693115 28.34000015258789 AB 3.9167695769289903 1.1185177630981624
60534.2451 lsst_hardware_g 13.600796958028193 13.529999732971191 31.3799991607666 AB 3.918499701762227 1.1134210177388408
60538.3093 lsst_hardware_z 157.4630255730479 76.93000030517578 31.719999313354492 AB 4.848072892066734 1.1584634242975926
60542.3116 lsst_hardware_z -67.70879880386452 74.56999969482422 30.969999313354492 AB 1.6911529032503076 1.1815227549489806
60542.3238 lsst_hardware_r 133.13889110570864 109.9000015258789 31.6200008392334 AB 1.7355264155788885 1.2074627195585959
60545.2872 lsst_hardware_z -0.5786512978375716 51.04999923706055 30.959999084472656 AB 3.242001105720437 1.1539423761241485
60545.2988 lsst_hardware_r -33.265051032770636 56.2599983215332 31.610000610351562 AB 3.646965169746926 1.1729090382976821
60548.2888 lsst_hardware_u 0.6741827640740882 5.480000019073486 28.850000381469727 AB 3.0412192451172655 1.1696997096604866
60548.2995 lsst_hardware_g 22.537550011056013 26.959999084472656 31.579999923706055 AB 3.597277382739186 1.1901005897902026
60554.2887 lsst_hardware_z 8.043542656388034 43.08000183105469 30.93000030517578 AB 3.510334811257278 1.2021351484000837
60554.299 lsst_hardware_r 3.1114997820125994 22.93000030517578 31.459999084472656 AB 3.2050159428214946 1.2269960540391747
60556.2396 lsst_hardware_z 71.0926903093594 42.029998779296875 30.940000534057617 AB 1.86700402298885 1.1322037737952586
60556.2512 lsst_hardware_i 12.128221661693924 30.899999618530273 31.239999771118164 AB 2.566436130317698 1.145645173864012
60558.2339 lsst_hardware_u 2.1747735303091624 2.6500000953674316 28.389999389648438 AB 0.48448075970010507 1.1319643918224016
60558.2442 lsst_hardware_g 26.799525040747007 13.329999923706055 31.360000610351562 AB 0.48662731845355917 1.1436599728638288
60560.2456 lsst_hardware_r -0.46672517818507375 22.510000228881836 31.459999084472656 AB 2.7953648361029773 1.1530051226492877
60560.2563 lsst_hardware_i 0.41704542887932033 31.290000915527344 31.219999313354492 AB 3.2870008238776074 1.1701676126299778
60567.1407 lsst_hardware_r -71.16229446550174 65.3499984741211 31.6299991607666 AB 1.5362487382606098 1.1202591674238769
60567.1518 lsst_hardware_i 26.11306565949079 56.09000015258789 31.309999465942383 AB 1.525989299915808 1.1145387461344916
60569.1389 lsst_hardware_z -18.56745813443358 66.48999786376953 30.979999542236328 AB 0.7975389059425539 1.1180451952465709
60569.1504 lsst_hardware_r 170.12675051670072 92.76000213623047 31.639999389648438 AB 0.703533176825907 1.1131854063686477
60570.1367 lsst_hardware_z 71.76594015997493 70.44000244140625 30.979999542236328 AB 2.5130788785269904 1.1177519103900626
60570.1437 lsst_hardware_r 2.7185746258187047 102.69000244140625 31.639999389648438 AB 2.5178548586507667 1.1145060237480342
60572.2221 lsst_hardware_z -64.67160667139464 61.970001220703125 30.969999313354492 AB 6.804285838185767 1.1676834090071233
60572.2337 lsst_hardware_i 46.724853428361854 68.38999938964844 31.299999237060547 AB 6.946387343436973 1.1895517327574654
60575.1992 lsst_hardware_r 77.80676378464585 44.900001525878906 31.59000015258789 AB 2.324402236361813 1.1454959686379729
60575.2109 lsst_hardware_z -93.40700804468946 47.93000030517578 30.950000762939453 AB 2.2735742943110653 1.1626562486888599
60579.2003 lsst_hardware_g 5.775153042198953 13.119999885559082 31.34000015258789 AB 4.591668331598457 1.1631838712092966
60579.2119 lsst_hardware_r -25.1789336094989 22.40999984741211 31.450000762939453 AB 3.929738752203395 1.1841318056058312
60581.182 lsst_hardware_r 23.726778024535985 22.34000015258789 31.459999084472656 AB 4.628875356384638 1.1444392672782193
60581.1932 lsst_hardware_i -16.79000922629423 31.09000015258789 31.219999313354492 AB 4.673874478712007 1.1605382748002004
60583.1782 lsst_hardware_z -6.67744419136983 42.290000915527344 30.93000030517578 AB 5.454439292758763 1.1466132631404495
60583.19 lsst_hardware_r 32.8045565500439 22.360000610351562 31.459999084472656 AB 5.584716981544712 1.1642103359485247
60585.1786 lsst_hardware_u -2.363771424961879 2.549999952316284 28.309999465942383 AB 3.240195786422322 1.1548755327630946
60585.1902 lsst_hardware_r -2.8104510632282995 22.5 31.459999084472656 AB 3.330763046270594 1.1740440769371148
60587.1847 lsst_hardware_i 42.10694981399415 31.149999618530273 31.229999542236328 AB 7.2062483540442575 1.17397475222008
60587.1973 lsst_hardware_z 30.562736712592056 43.15999984741211 30.93000030517578 AB 7.5574112523696595 1.199271820000475
60589.0743 lsst_hardware_r 24.728674701458868 22.190000534057617 31.469999313354492 AB 4.987981557294251 1.124876034795311
60589.0874 lsst_hardware_z -30.486794862765294 41.84000015258789 30.940000534057617 AB 9.00838676563546 1.1164307598874852
60593.1575 lsst_hardware_r 36.01278530359914 30.260000228881836 31.540000915527344 AB 5.195820410370922 1.155996828175079
60593.1682 lsst_hardware_i -39.63983673347833 34.810001373291016 31.25 AB 4.5456058531805805 1.1737663590585077
60597.1616 lsst_hardware_z -9.264469682587084 58.88999938964844 30.959999084472656 AB 7.255803177176287 1.1818873099784912
60597.1727 lsst_hardware_r 37.137120850902676 72.56999969482422 31.610000610351562 AB 7.989889917673686 1.2053540054824525
60600.1561 lsst_hardware_r 105.02683733569262 88.48999786376953 31.6200008392334 AB 7.247835131792149 1.1872289931680609
60600.1678 lsst_hardware_z -7.283381251593751 63.13999938964844 30.959999084472656 AB 7.100300754823566 1.2130699771901219
60602.137 lsst_hardware_y -12.264304075334792 51.779998779296875 30.010000228881836 AB 3.846725540982145 1.162386847597199
60602.1489 lsst_hardware_g 44.04948007192112 76.62999725341797 31.670000076293945 AB 3.8953465004934036 1.1837560272975771
60604.1406 lsst_hardware_r -46.51686481285501 37.150001525878906 31.559999465942383 AB 4.392337666079325 1.1782811792849106
60604.1508 lsst_hardware_i 22.408821243653676 41.11000061035156 31.260000228881836 AB 4.543709376505896 1.1991051993154043
60608.1433 lsst_hardware_u 1.429043462495404 2.690000057220459 28.399999618530273 AB 3.0999299880195608 1.2068245476324533
60608.1545 lsst_hardware_r -28.553300991700645 22.809999465942383 31.459999084472656 AB 2.9832761055733146 1.2347997125713128
60610.1386 lsst_hardware_i 29.42142233849973 31.6200008392334 31.229999542236328 AB 3.6081560699961552 1.208593798742606
60610.1501 lsst_hardware_z 72.57651732581442 43.880001068115234 30.93000030517578 AB 3.5570813575145888 1.2376761856348604
60614.0888 lsst_hardware_r -27.965837137451103 22.700000762939453 31.489999771118164 AB 6.214425923466043 1.140610447867735
60614.1009 lsst_hardware_u 3.82183170883852 2.809999942779541 28.510000228881836 AB 6.239383695558867 1.1571378463287105
60616.0887 lsst_hardware_g 3.248778992720414 13.59000015258789 31.389999389648438 AB 4.61236011780065 1.1474484081101688
60616.0999 lsst_hardware_r -18.962480444814915 22.8700008392334 31.479999542236328 AB 4.7202396575022885 1.1642455785995944
60623.046 lsst_hardware_g 3.896765680656508 32.06999969482422 31.6299991607666 AB 9.622304557050123 1.122920359090842
60623.057 lsst_hardware_i -19.369268449437612 38.150001525878906 31.270000457763672 AB 9.778793798811034 1.132591359602853
