data/validation/pwv_sim_epoch_fit_epoch/18257873.ecsv
# %ECSV 0.9
# ---
# datatype:
# - {name: time, datatype: float64}
# - {name: band, datatype: string}
# - {name: flux, datatype: float64}
# - {name: fluxerr, datatype: float64}
# - {name: zp, datatype: float64}
# - {name: zpsys, datatype: string}
# - {name: pwv, datatype: float64}
# - {name: airmass, datatype: float64}
# meta: {SNID: '18257873', alt: 1024.0, c: 0.023473819717764854, dec: -34.409527, lat: -30.244573, lon: -70.7499537, ra: 59.414062, t0: 61037.24609375,
#   x0: 6.293102675840289e-06, x1: 0.7689341306686401, z: 0.5579656362533569}
# schema: astropy-2.0
time band flux fluxerr zp zpsys pwv airmass
[from data line 132]
61319.2382 lsst_hardware_u -1.3071793976881434 2.559999942779541 28.350000381469727 AB 5.321066407839382 1.1070179766658041
61323.2151 lsst_hardware_i 2.2942282824257147 30.719999313354492 31.239999771118164 AB 3.0170893759519557 1.1437033267444867
61323.2342 lsst_hardware_z 37.35910818993407 41.400001525878906 30.950000762939453 AB 2.885789325551424 1.089114099465794
61325.2151 lsst_hardware_r 5.59816948038345 22.079999923706055 31.469999313354492 AB 6.195208756489364 1.1264015920889752
61325.2333 lsst_hardware_u 0.8752086050270159 2.640000104904175 28.420000076293945 AB 5.9311621506067995 1.0783931182921453
61330.2082 lsst_hardware_y -87.61305102414872 47.70000076293945 30.030000686645508 AB 7.224575285513628 1.1069318619274344
61330.2282 lsst_hardware_g -15.453241305966648 13.029999732971191 31.389999389648438 AB 5.560005243122553 1.0604625678280664
61337.1892 lsst_hardware_r 35.3030357591647 74.13999938964844 31.639999389648438 AB 2.404518808048112 1.1066282770797478
61337.2072 lsst_hardware_z -19.83755900788111 55.9900016784668 30.979999542236328 AB 2.6212709103998573 1.064187391731453
61340.188 lsst_hardware_z -101.09120844132151 64.13999938964844 30.989999771118164 AB 2.684747995827745 1.0885952339901908
61340.2048 lsst_hardware_i -15.40879261089273 70.51000213623047 31.329999923706055 AB 2.519731013554633 1.0531791070241079
61342.1942 lsst_hardware_z -81.90557637933718 51.52000045776367 30.979999542236328 AB 2.288399642176061 1.0628888259058993
61342.2131 lsst_hardware_r 157.26602845645513 58.72999954223633 31.649999618530273 AB 3.3535474736725113 1.031702037739582
61345.2097 lsst_hardware_r 21.676935276175644 21.84000015258789 31.5 AB 5.029819996194787 1.025691465084096
61345.2293 lsst_hardware_i 27.115373497335614 32.54999923706055 31.270000457763672 AB 4.956435908186622 1.008481796263619
61355.1443 lsst_hardware_z 24.048083627991335 41.43000030517578 30.940000534057617 AB 3.010254396221413 1.09543464200263
61355.1618 lsst_hardware_r 29.80891896030328 21.84000015258789 31.479999542236328 AB 2.8988101443035923 1.0569312631157057
61358.1242 lsst_hardware_i -6.265409565215623 30.75 31.229999542236328 AB 3.423251982679739 1.1288547346017277
61358.1428 lsst_hardware_u 2.6198748052474627 2.609999895095825 28.389999389648438 AB 5.367843966908857 1.0793071095140208
61362.1285 lsst_hardware_i 15.668049582602233 35.70000076293945 31.270000457763672 AB 5.110498322398548 1.0872244064245395
61362.1461 lsst_hardware_r 6.659509617131535 33.029998779296875 31.579999923706055 AB 4.850037900839053 1.050758360145162
61365.1098 lsst_hardware_i -93.06241217595894 50.810001373291016 31.299999237060547 AB 3.655676650930569 1.1148754653644029
61365.1275 lsst_hardware_z -13.30809622956182 51.060001373291016 30.969999313354492 AB 3.0049806450041596 1.0709125605857073
61367.1065 lsst_hardware_r 0.9753983380017277 83.94000244140625 31.639999389648438 AB 7.5933532177268 1.1088019884972737
61367.1244 lsst_hardware_z 56.34376723897292 60.380001068115234 30.979999542236328 AB 7.34042481437064 1.0659925667107621
61369.1121 lsst_hardware_g -70.09898292136764 94.12999725341797 31.719999313354492 AB 5.554128692613388 1.0808326329581561
61369.1295 lsst_hardware_i -46.8455075559028 68.73999786376953 31.329999923706055 AB 8.033788750897827 1.046475022912299
61371.1104 lsst_hardware_z -15.114176512978242 47.650001525878906 30.959999084472656 AB 4.093721493891592 1.0724502887547287
61371.1289 lsst_hardware_r 28.74366826231467 47.380001068115234 31.6299991607666 AB 3.7396872445165465 1.0388020123657074
61375.0356 lsst_hardware_z 25.154566466748072 46.720001220703125 30.93000030517578 AB 9.864584564012683 1.3087342705159586
61375.0517 lsst_hardware_u 5.780604475939297 2.5799999237060547 28.290000915527344 AB 10.244948075208827 1.2268909115654656
61380.0408 lsst_hardware_y 24.594202122011055 50.65999984741211 29.989999771118164 AB 3.8981726192500434 1.214699336042678
61380.0624 lsst_hardware_z -50.24728384665236 42.2400016784668 30.940000534057617 AB 3.684524093457289 1.134252305519847
61382.0421 lsst_hardware_y -29.203599588698964 50.43000030517578 30.0 AB 3.535861256775079 1.1867297388068734
61382.0634 lsst_hardware_u 2.093204997242825 2.5899999141693115 28.360000610351562 AB 3.3773684652699116 1.1148270227000863
61386.0422 lsst_hardware_y -60.14861530869055 50.18000030517578 30.020000457763672 AB 15.59061377778305 1.1466637574216283
61386.0628 lsst_hardware_r 23.935723185660112 21.989999771118164 31.479999542236328 AB 14.76329699046155 1.0876358405349784
61391.0443 lsst_hardware_y -125.22813239611932 51.369998931884766 30.030000686645508 AB 12.0055877626636 1.0998408503917263
61391.0655 lsst_hardware_i 27.624762867576578 33.869998931884766 31.270000457763672 AB 11.487101635628148 1.0532746985821098
61393.0458 lsst_hardware_y 14.182805821539647 50.7599983215332 30.040000915527344 AB 4.515051180032679 1.082616276233708
61393.0679 lsst_hardware_r -66.2896199502415 44.43000030517578 31.6200008392334 AB 4.263820265396346 1.0402098720169888
61395.0442 lsst_hardware_y 89.69961711207583 54.040000915527344 30.049999237060547 AB 4.6408689332191235 1.0739023332685182
61395.0655 lsst_hardware_z -21.865662760682373 51.86000061035156 30.979999542236328 AB 4.6165016877299285 1.035689959669617
