data/validation/pwv_sim_epoch_fit_epoch/18477152.ecsv
# %ECSV 0.9
# ---
# datatype:
# - {name: time, datatype: float64}
# - {name: band, datatype: string}
# - {name: flux, datatype: float64}
# - {name: fluxerr, datatype: float64}
# - {name: zp, datatype: float64}
# - {name: zpsys, datatype: string}
# - {name: pwv, datatype: float64}
# - {name: airmass, datatype: float64}
# meta: {SNID: '18477152', alt: 1024.0, c: 0.00752794835716486, dec: -37.356377, lat: -30.244573, lon: -70.7499537, ra: 52.03125, t0: 62456.4375,
#   x0: 3.5551760615408913e-06, x1: 0.536960780620575, z: 0.7053430080413818}
# schema: astropy-2.0
time band flux fluxerr zp zpsys pwv airmass
62347.3804 lsst_hardware_z 4.577687300845806 72.19000244140625 31.709999084472656 AB 5.560719956230866 1.1791595595471
62358.319 lsst_hardware_g -7.064746652468554 13.359999656677246 31.31999969482422 AB 6.451691610296782 1.3250547566844901
62358.3359 lsst_hardware_r -31.964865326697737 22.770000457763672 31.459999084472656 AB 6.343998921711334 1.238518018782997
62362.3445 lsst_hardware_z -32.23923125705028 42.279998779296875 30.940000534057617 AB 4.064081658405334 1.1611661881158097
62362.3631 lsst_hardware_r 5.4302742301403635 21.969999313354492 31.479999542236328 AB 3.868916356047019 1.1054046731562912
62378.3148 lsst_hardware_z 71.23141371601459 95.41999816894531 32.459999084472656 AB 3.350645983052916 1.1178135056056433
62378.3773 lsst_hardware_r 8.585530411327412 43.630001068115234 31.6200008392334 AB 2.4543892648014087 1.0150493237392095
62378.3972 lsst_hardware_y 11.2558730618328 47.869998931884766 30.049999237060547 AB 2.5037361091189525 1.0076748493905094
62389.2735 lsst_hardware_i -7.596121968046808 30.56999969482422 31.229999542236328 AB 3.974536245466698 1.1520394914396226
62389.292 lsst_hardware_u -1.47349375587512 2.5199999809265137 28.329999923706055 AB 3.244703378280687 1.0987820447953562
62390.2699 lsst_hardware_g 26.024359907193 13.0 31.360000610351562 AB 3.208199338993186 1.1549286634642777
62390.2887 lsst_hardware_r -39.21432899185702 21.90999984741211 31.479999542236328 AB 3.036379587978486 1.1002039693140235
62395.2746 lsst_hardware_z 76.44646438094844 41.61000061035156 30.950000762939453 AB 4.458570833999575 1.1013349116507802
62395.2937 lsst_hardware_g -9.522205951701729 12.920000076293945 31.389999389648438 AB 2.8429018170600115 1.0601249783940379
62395.4054 lsst_hardware_u -2.5537211834811475 11.800000190734863 29.329999923706055 AB 4.459170317049609 1.0449547688757639
62399.2326 lsst_hardware_r -41.48117572272242 68.72000122070312 31.610000610351562 AB 7.016038033028114 1.201650724999106
62399.3191 lsst_hardware_i -3.695827791979051 63.54999923706055 32.029998779296875 AB 6.728525938345089 1.0156265567314928
62399.4016 lsst_hardware_z -75.26359125582256 59.84000015258789 30.979999542236328 AB 6.2329087534188785 1.0564849008563555
62404.2913 lsst_hardware_i 119.40665127836444 60.20000076293945 31.329999923706055 AB 6.062488151329863 1.0281212240808135
62404.3073 lsst_hardware_r 60.215492192646295 74.56999969482422 31.65999984741211 AB 6.2048962695536 1.0144244582376456
62411.372 lsst_hardware_i -6.1966737676785995 31.31999969482422 31.25 AB 2.5562528550609627 1.062154925925425
62411.3839 lsst_hardware_z -14.787352611478118 45.880001068115234 30.959999084472656 AB 2.251641193371186 1.0866994176501863
62413.1491 lsst_hardware_u -0.2172019601393782 2.380000114440918 28.06999969482422 AB 2.632772087940926 1.4563134993680793
62413.1682 lsst_hardware_g 20.058458664236625 13.229999542236328 31.299999237060547 AB 2.9596618830759436 1.3287916266428959
62414.3549 lsst_hardware_r 21.50208942225898 21.84000015258789 31.479999542236328 AB 7.9575538063460485 1.0470465534665854
62414.3671 lsst_hardware_i -19.266974484818967 30.239999771118164 31.239999771118164 AB 8.120044178984935 1.0684268656559126
62416.3525 lsst_hardware_z -21.687243872948184 40.91999816894531 30.950000762939453 AB 3.7869627181400918 1.0519340883722477
62416.3641 lsst_hardware_u -3.1434666447983126 2.640000104904175 28.399999618530273 AB 3.864129926438602 1.0733694240107228
62418.3613 lsst_hardware_g 3.0168099452957873 13.220000267028809 31.3799991607666 AB 3.1088515953401212 1.0789628396598443
62418.373 lsst_hardware_r 2.476842146756566 22.8700008392334 31.479999542236328 AB 3.196936606701495 1.1067808920552171
62420.1916 lsst_hardware_r -11.207232421649023 22.239999771118164 31.459999084472656 AB 4.439809208666089 1.1432003798814674
62420.2752 lsst_hardware_i -88.77038491382719 42.619998931884766 31.989999771118164 AB 4.178956905358806 1.0091051990000137
62420.3515 lsst_hardware_z -38.93143933929902 41.220001220703125 30.940000534057617 AB 4.653578309059818 1.0699725950588763
62423.2789 lsst_hardware_g 5.769308728808583 13.037251539927455 31.40999984741211 AB 5.760121152182356 1.0075426188879952
62425.1894 lsst_hardware_r 21.177871713268647 39.17747296923115 31.59000015258789 AB 8.428804734718513 1.1098807972679428
62425.2089 lsst_hardware_i 32.446837010724025 38.27724842283089 31.290000915527344 AB 7.654655100574021 1.0655143514162517
62427.3254 lsst_hardware_z 16.28557678753749 60.64301623676089 31.700000762939453 AB 6.483098875940228 1.0569121088915332
62429.3334 lsst_hardware_r 213.174856480725 57.177883240239915 31.6299991607666 AB 0.7260365698868662 1.0836366714742736
62429.3452 lsst_hardware_i 54.190340531570534 50.20804726683635 31.299999237060547 AB 0.626829157612825 1.1127144809695118
62433.319 lsst_hardware_i 342.826388634563 67.4222170012362 31.31999969482422 AB 3.4658473075480014 1.0760994512296829
62433.3297 lsst_hardware_z 225.16547635885075 62.15333317855239 30.969999313354492 AB 3.439343444397101 1.1007660247707804
62435.1836 lsst_hardware_i 382.7146024013956 54.379944073975885 31.309999465942383 AB 1.3728557370616217 1.0617600441311845
62435.2014 lsst_hardware_z 278.5527262042866 53.37455737813593 30.969999313354492 AB 1.2342708891007 1.0343052143305542
62435.32 lsst_hardware_i 333.0620190934884 54.03136587955129 31.299999237060547 AB 1.4234166452717067 1.090462189942574
62435.3307 lsst_hardware_z 210.89819074080788 54.32722477191088 30.959999084472656 AB 1.514354067727296 1.1178794791294016
62437.1172 lsst_hardware_z 307.28896376672947 46.94259968965332 30.93000030517578 AB 4.742044394094327 1.2525209704422415
62437.1364 lsst_hardware_r 384.96087738254755 29.447075650707408 31.469999313354492 AB 3.2943567905662055 1.1729255129006844
62437.3061 lsst_hardware_z 322.6362933960304 49.36167752665885 30.959999084472656 AB 3.014588542720099 1.0720125207479978
62437.3173 lsst_hardware_r 418.82075376703256 48.276608637341816 31.600000381469727 AB 3.1897905613040014 1.097090476802557
62440.3113 lsst_hardware_u 6.058382568796957 4.466141503101922 28.760000228881836 AB 3.7693099720323753 1.1025672695102502
62440.3224 lsst_hardware_g 110.8791974913506 23.835774938841862 31.540000915527344 AB 3.8772193647581705 1.1334136998075042
62442.3061 lsst_hardware_g 155.29849379430604 18.05656467036332 31.3700008392334 AB 3.4093534411628905 1.1032316172461083
62442.3181 lsst_hardware_r 603.983248389292 34.56564254692594 31.459999084472656 AB 3.418057527446714 1.136952276565045
62454.1247 lsst_hardware_i 1196.9730708979737 51.10462633253154 31.270000457763672 AB 3.04224145490283 1.075567069083553
62454.1434 lsst_hardware_z 756.3461578924682 51.88321570673848 30.959999084472656 AB 5.190080201938301 1.0425860425407973
62456.2045 lsst_hardware_r 1171.6397078262519 59.94905612062152 31.639999389648438 AB 5.609773768995641 1.011499056796906
62456.2184 lsst_hardware_z 765.2300420719068 55.201070784602955 30.969999313354492 AB 7.591739506682743 1.0208067105933498
62458.1216 lsst_hardware_y 354.0704227956964 54.20821420053516 30.040000915527344 AB 5.90149020135741 1.0603066689067575
62458.1386 lsst_hardware_r 1089.7256033257258 76.71724587114674 31.649999618530273 AB 4.777228736416507 1.0343120403608137
62460.1121 lsst_hardware_z 1744.572286478577 99.32772241724764 31.739999771118164 AB 6.16632027361922 1.067915186656487
62460.2419 lsst_hardware_r 1118.4150772430296 96.22648372410829 31.649999618530273 AB 5.2444491937542095 1.0692047285941528
62460.2539 lsst_hardware_i 1207.4969511749387 80.07939983332321 31.31999969482422 AB 4.8627279191392905 1.0956202596632498
62466.0328 lsst_hardware_y 477.07457272318476 54.53174250097006 29.979999542236328 AB 6.06420193652129 1.2781540597578858
62466.0497 lsst_hardware_r 745.3894040552359 34.50349970916972 31.459999084472656 AB 5.271583086682609 1.201546061392594
62468.2312 lsst_hardware_g 76.25230438694547 30.039915808366974 31.6200008392334 AB 4.240249998538864 1.0935525463670368
62468.2432 lsst_hardware_r 699.0676393764952 41.97880976457666 31.549999237060547 AB 4.408826162153202 1.1252746712997712
62473.036 lsst_hardware_z 586.8724272163823 51.112294077314644 30.940000534057617 AB 7.925927115732109 1.1806366580661904
62473.0531 lsst_hardware_i 756.0737170836748 41.083561250612824 31.239999771118164 AB 7.451442710182417 1.12442278528244
62479.0408 lsst_hardware_y 178.71073653185007 52.52429970614686 30.040000915527344 AB 5.474119602831968 1.1130029690611511
62479.064 lsst_hardware_z 518.3318422403937 46.71276010662173 30.950000762939453 AB 5.692337345444765 1.0607828081085164
62481.165 lsst_hardware_z 442.3350162170199 45.711397219782356 30.950000762939453 AB 9.954797242794779 1.0370660738404924
62481.1792 lsst_hardware_r 290.16056311367976 27.468819125737976 31.479999542236328 AB 10.697019721089253 1.0591108634741835
62483.0415 lsst_hardware_y 233.10836653082447 52.77266808912802 30.040000915527344 AB 11.543470021071206 1.084275685905479
62483.0641 lsst_hardware_r 309.63824352820245 37.32735707749114 31.59000015258789 AB 11.768590322159453 1.0427600852524768
62483.1663 lsst_hardware_y 133.07159748139404 49.1307737657385 30.049999237060547 AB 10.80161210986963 1.046735458673328
62483.1784 lsst_hardware_g 54.03451190861912 21.106986593430268 31.559999465942383 AB 11.804711218157195 1.0678325816602567
62489.1 lsst_hardware_z 383.5267497911682 61.40119375526839 30.989999771118164 AB 3.1236230643701015 1.007620343345194
62489.1147 lsst_hardware_r 210.10183736261897 80.54724260996974 31.65999984741211 AB 3.1310559331108236 1.0116497360615877
62491.0432 lsst_hardware_y 142.95976253935936 57.38397532493883 30.059999465942383 AB 4.586686860598958 1.0414032075832038
62491.0655 lsst_hardware_i 231.16739334251116 66.774312557145 31.329999923706055 AB 4.534770208684307 1.017353895272309
62495.102 lsst_hardware_r 147.8800959798121 34.89706498857331 31.59000015258789 AB 6.153626183044048 1.0136099790881836
62495.1143 lsst_hardware_u 4.4895856253355975 5.379147316823809 28.950000762939453 AB 6.18517351871229 1.0229768068988696
62497.1019 lsst_hardware_g 19.953557659664963 13.510467600855069 31.40999984741211 AB 5.103060332243708 1.0171537437201563
62497.1146 lsst_hardware_r 104.89823231550864 23.856150130459863 31.489999771118164 AB 5.182293225397129 1.0288962575862308
62499.0838 lsst_hardware_r 108.48518621636008 23.635649014398275 31.5 AB 7.575811369097612 1.0101081825463483
62499.0956 lsst_hardware_i 228.7939293227168 32.555607565926756 31.260000228881836 AB 7.624088169016406 1.0165450892021874
62501.0919 lsst_hardware_z 220.62580190754082 42.792155630663224 30.950000762939453 AB 7.618588153346419 1.017847448676834
62501.1042 lsst_hardware_r 68.46088148647851 23.424249348523677 31.479999542236328 AB 7.645456411250524 1.0294831227698813
62505.0828 lsst_hardware_r 83.50974198115283 23.118465001380628 31.489999771118164 AB 2.2651173224031 1.0192900539557206
62505.0954 lsst_hardware_z 275.24468279422916 42.78633499647088 30.950000762939453 AB 2.37348873591742 1.0319516243119218
62507.082 lsst_hardware_r 74.93745205481001 23.039316434144816 31.479999542236328 AB 9.949020282467629 1.0234213704362545
62507.0944 lsst_hardware_u 5.15745324693511 2.6409766758350597 28.399999618530273 AB 8.917083355556697 1.0375940604557476
62733.3449 lsst_hardware_z 97.4305298622578 45.70000076293945 30.950000762939453 AB 2.9531601434390837 1.112022145138352
62733.3631 lsst_hardware_r 52.27431318018784 37.43000030517578 31.59000015258789 AB 2.7820364472419206 1.0696026325420687
62736.3752 lsst_hardware_z -42.03120322114904 40.90999984741211 30.950000762939453 AB 2.366533176634411 1.0363622406982314
62736.3923 lsst_hardware_y -13.51894158438081 46.61000061035156 30.049999237060547 AB 2.2987546959948717 1.0185000868386673
62742.3343 lsst_hardware_r 19.256379173661703 21.760000228881836 31.479999542236328 AB 7.580829295938829 1.0783285312257407
62742.3522 lsst_hardware_g -3.692674336669502 12.84000015258789 31.3799991607666 AB 7.325153955634732 1.0457036339235877
62744.3393 lsst_hardware_r 32.922184307700206 21.579999923706055 31.469999313354492 AB 5.346442756836375 1.0579159548526094
62744.3582 lsst_hardware_i 16.92959636360019 29.559999465942383 31.239999771118164 AB 5.209736856771517 1.0304068150260755
62747.3357 lsst_hardware_i 14.413456428292998 29.670000076293945 31.239999771118164 AB 1.0648652093600082 1.0501629283629272
62747.354 lsst_hardware_z -20.683612179671695 40.2599983215332 30.940000534057617 AB 1.0444214607417261 1.0260382749816386
62751.4022 lsst_hardware_r -21.71765866349803 22.270000457763672 31.5 AB 2.123384986015296 1.0147598499475725
62751.4143 lsst_hardware_u 0.6534683367737688 11.279999732971191 29.31999969482422 AB 2.1042993799457332 1.0246132099553176
62758.2137 lsst_hardware_i -13.982398483859566 67.29000091552734 31.260000228881836 AB 1.6956487577443111 1.3897811005350358
62758.2573 lsst_hardware_z 134.90424183667037 103.51000213623047 32.15999984741211 AB 2.3647645602551783 1.1726105257463695
62760.2738 lsst_hardware_z 63.49030182266301 52.279998779296875 30.969999313354492 AB 4.489773285381506 1.1051296239040982
62762.2471 lsst_hardware_r -55.62287824168668 41.18000030517578 31.579999923706055 AB 1.622150447681367 1.1700309774703945
62762.2644 lsst_hardware_y -4.012411599427103 48.939998626708984 30.030000686645508 AB 1.7976669721407021 1.1156394117546764
62764.3879 lsst_hardware_g -21.622614455735217 24.40999984741211 31.610000610351562 AB 5.970263398916772 1.034887051294552
62764.3997 lsst_hardware_r -41.50062075280317 34.20000076293945 31.579999923706055 AB 6.265933954756092 1.0520961473256998
62765.2621 lsst_hardware_i -10.548933272692329 30.270000457763672 31.239999771118164 AB 4.219591007813313 1.100164955866589
62765.2791 lsst_hardware_z -44.89790159683762 41.400001525878906 30.950000762939453 AB 4.102788083637981 1.0631279853954303
62767.3828 lsst_hardware_r 46.79962886989488 22.399999618530273 31.5 AB 1.5083987980448215 1.038961403773267
62767.395 lsst_hardware_u -6.119110895822349 6.210000038146973 29.0 AB 1.484114267596015 1.05806625541541
62772.2094 lsst_hardware_g -2.450526611523034 13.069999694824219 31.329999923706055 AB 4.565681697314457 1.209986315542535
62772.2294 lsst_hardware_r -7.714802153239287 22.079999923706055 31.459999084472656 AB 4.296403322415957 1.1381200854080444
62776.2146 lsst_hardware_u -0.5261508672496417 2.609999895095825 28.3700008392334 AB 3.869333503321325 1.150474541982002
62781.3668 lsst_hardware_z -9.126346781790245 41.65999984741211 30.950000762939453 AB 3.879269680291791 1.0775749111921642
62781.3788 lsst_hardware_r 40.54658326837415 23.799999237060547 31.5 AB 4.302221018623641 1.1058746513470072
62785.1309 lsst_hardware_r 152.14860063998975 144.5800018310547 32.310001373291016 AB 6.418224030885883 1.4546099639387813
62785.1482 lsst_hardware_z -83.66338775542428 69.80999755859375 30.950000762939453 AB 5.9462822728163856 1.3380473161152984
62785.2341 lsst_hardware_r 61.25411350476299 92.05000305175781 31.65999984741211 AB 3.768429526166571 1.0467859794907142
62785.2662 lsst_hardware_z -80.5667764010829 63.380001068115234 30.989999771118164 AB 4.252862143787745 1.0132898982518206
62789.2097 lsst_hardware_g 37.20966587655472 64.66000366210938 31.709999084472656 AB 6.761402978416023 1.0706327950622505
62789.231 lsst_hardware_r 24.163162474497337 62.36000061035156 31.649999618530273 AB 6.575458692973003 1.0357227805796647
62789.3355 lsst_hardware_z -19.516045322554827 51.88999938964844 30.969999313354492 AB 6.236332804134288 1.059069848710926
62789.3467 lsst_hardware_r -52.03433811551286 61.040000915527344 31.6299991607666 AB 6.326182941806845 1.0813371788172301
62793.3115 lsst_hardware_z -43.89070070286806 42.81999969482422 30.959999084472656 AB 3.946425337859299 1.038532983647184
62793.3235 lsst_hardware_r -55.37317326572031 31.440000534057617 31.56999969482422 AB 4.017205019819048 1.0571592157418548
62794.1679 lsst_hardware_i 39.251179346749545 30.770000457763672 31.229999542236328 AB 2.4933712036100886 1.142612634359617
