data/validation/pwv_sim_epoch_fit_epoch/18505383.ecsv
# %ECSV 0.9
# ---
# datatype:
# - {name: time, datatype: float64}
# - {name: band, datatype: string}
# - {name: flux, datatype: float64}
# - {name: fluxerr, datatype: float64}
# - {name: zp, datatype: float64}
# - {name: zpsys, datatype: string}
# - {name: pwv, datatype: float64}
# - {name: airmass, datatype: float64}
# meta: {SNID: '18505383', alt: 1024.0, c: -0.10317278653383255, dec: -42.609806, lat: -30.244573, lon: -70.7499537, ra: 186.964279, t0: 60787.25,
#   x0: 5.094836444267876e-06, x1: 0.7616021037101746, z: 0.6080479025840759}
# schema: astropy-2.0
time band flux fluxerr zp zpsys pwv airmass
60696.3586 lsst_hardware_z -77.2589450996055 47.619998931884766 30.969999313354492 AB 11.552048272118766 1.0307886385400904
60696.3722 lsst_hardware_y -17.527986074280772 67.0 30.06999969482422 AB 11.498501994694331 1.0252483499994947
60698.3589 lsst_hardware_i 74.09920117560848 34.06999969482422 31.280000686645508 AB 9.817902665222528 1.0278373812000134
60698.3721 lsst_hardware_y -28.532824249745513 57.77000045776367 30.06999969482422 AB 9.652331911030487 1.0244189987561874
60700.36 lsst_hardware_r 36.852525609861274 23.81999969482422 31.520000457763672 AB 9.749660211517913 1.0255603308048296
60700.3725 lsst_hardware_y -43.076975972765766 59.5099983215332 30.06999969482422 AB 9.73845449834241 1.0243816092225537
60702.3666 lsst_hardware_r 8.852500640537203 23.799999237060547 31.530000686645508 AB 11.251159183977313 1.0243536630734078
60702.3797 lsst_hardware_y -64.75429973583796 68.18000030517578 30.079999923706055 AB 10.787748170257741 1.0274045876435944
60706.3623 lsst_hardware_g 2.5768404877221616 13.979999542236328 31.440000534057617 AB 11.899778528148504 1.0253273665382499
60706.3732 lsst_hardware_y -33.19103484184891 50.720001220703125 30.059999465942383 AB 11.910949950139402 1.0294684485859467
60708.3596 lsst_hardware_i -29.737182134282175 30.34000015258789 31.260000228881836 AB 10.097362859454467 1.0260765550851783
60708.3709 lsst_hardware_y 169.79225734535902 49.45000076293945 30.059999465942383 AB 10.172158877904204 1.0312668992932914
60712.3476 lsst_hardware_u 4.868555844380513 2.7100000381469727 28.479999542236328 AB 4.506508873102578 1.0257607450157613
60712.3597 lsst_hardware_g -17.72196594550207 13.630000114440918 31.43000030517578 AB 4.453483807521763 1.031097929582488
60715.3389 lsst_hardware_r -24.902680748200336 22.1200008392334 31.5 AB 6.796461650820776 1.0256229855363324
60715.3526 lsst_hardware_i 36.00280113639127 30.149999618530273 31.25 AB 6.82931179525851 1.0317739530531063
60719.3066 lsst_hardware_r 77.70002817066094 89.16000366210938 31.65999984741211 AB 5.848170329076953 1.025994794574904
60719.3172 lsst_hardware_z 14.482252036852154 62.0099983215332 30.989999771118164 AB 5.838510009457976 1.024300001659294
60721.296 lsst_hardware_r -36.77383672441902 83.69999694824219 31.65999984741211 AB 4.067882883433783 1.0278920741462665
60721.3074 lsst_hardware_i 91.99200231965081 67.63999938964844 31.34000015258789 AB 4.052857445642466 1.02463476978213
60725.3354 lsst_hardware_z -0.5240026891221852 49.400001525878906 30.969999313354492 AB 3.237446253189719 1.0395867015862088
60725.3473 lsst_hardware_r 61.791854602449185 51.0 31.639999389648438 AB 3.2618504119730924 1.0524927384694032
60728.3322 lsst_hardware_i 16.735959103423916 31.829999923706055 31.260000228881836 AB 11.689543725571097 1.0445019635947905
60728.3439 lsst_hardware_r -15.976585164703975 26.149999618530273 31.530000686645508 AB 9.867566476098823 1.0588653799870056
60730.3347 lsst_hardware_u -0.1746026560390377 2.869999885559082 28.530000686645508 AB 10.558527069886871 1.0538328606723983
60730.3455 lsst_hardware_g 25.66833119041078 14.4399995803833 31.440000534057617 AB 10.729717418542839 1.0695403000582637
60737.2784 lsst_hardware_z -31.153275950524918 40.52000045776367 30.940000534057617 AB 6.063794364522052 1.0255166284865707
60737.2911 lsst_hardware_i -25.716391333217917 29.940000534057617 31.25 AB 5.986512511710966 1.0308983302078152
60739.2756 lsst_hardware_u 3.5621040716698915 2.619999885559082 28.40999984741211 AB 10.571784438889667 1.0262871991932498
60739.287 lsst_hardware_g -15.982753164199467 13.34000015258789 31.399999618530273 AB 10.636481961783408 1.0317332477156695
60741.2671 lsst_hardware_r -6.916820825802616 22.1200008392334 31.5 AB 9.933021682832551 1.0254235613423028
60741.2793 lsst_hardware_i 13.19292144221658 30.079999923706055 31.25 AB 9.979557601459224 1.0303871971770706
60743.2637 lsst_hardware_z 54.40576502985305 40.63999938964844 30.950000762939453 AB 7.919822435312961 1.0259834096982168
60743.2766 lsst_hardware_u 0.08577250808782545 2.5899999141693115 28.389999389648438 AB 8.086764870395035 1.0320674967002788
60750.2514 lsst_hardware_r 184.67464687111263 108.91000366210938 31.65999984741211 AB 7.742230475487287 1.0286400100293118
60750.2637 lsst_hardware_z 64.35825531033646 73.80999755859375 31.0 AB 7.795416286858314 1.0366130189414986
60752.2265 lsst_hardware_r 79.89864529322095 79.54000091552734 31.65999984741211 AB 6.043530880493732 1.0243272678802935
60752.2396 lsst_hardware_i -36.857204106092276 65.62999725341797 31.34000015258789 AB 6.054167751337084 1.0261301273452683
60754.2253 lsst_hardware_z 63.993226830066256 49.5 30.979999542236328 AB 5.100310943685952 1.0244159565525546
60754.2384 lsst_hardware_i -89.59671603757448 47.470001220703125 31.31999969482422 AB 5.1022700397346075 1.0276992879268216
60758.2197 lsst_hardware_r 61.96132603290324 22.754730685254952 31.520000457763672 AB 6.054497792084899 1.025201409733863
60758.2322 lsst_hardware_i 72.89111594632621 31.101945537883118 31.270000457763672 AB 6.0828811550848805 1.0300075331746232
60760.2121 lsst_hardware_z 50.205322356345356 41.259614220982876 30.959999084472656 AB 6.674415763999449 1.024796739402389
60760.2247 lsst_hardware_u 8.8029228704133 3.44553627568115 28.549999237060547 AB 6.691355588876998 1.0289380438571463
60764.2067 lsst_hardware_i 175.21591654416636 33.47708667963543 31.260000228881836 AB 6.951257686734681 1.026091621039882
60764.2181 lsst_hardware_z 163.31096681280113 42.62457176167539 30.950000762939453 AB 6.613641333460838 1.0313402640805964
60769.2038 lsst_hardware_g 217.78897582003927 20.048449496389235 31.40999984741211 AB 4.699066413720927 1.0309491912507167
60769.2155 lsst_hardware_r 739.9598348341091 35.17025621358804 31.489999771118164 AB 5.71896591577673 1.0398119846866782
60771.1876 lsst_hardware_r 968.8526565021012 42.87824908598327 31.559999465942383 AB 14.176564526503372 1.0260976061452702
60771.1998 lsst_hardware_i 693.9745669427724 42.790941691452765 31.270000457763672 AB 14.295256026402383 1.0318504422117845
60773.1946 lsst_hardware_z 1179.9627964185202 76.26718318548282 31.719999313354492 AB 8.695611023212725 1.032017923831003
60775.1994 lsst_hardware_r 1588.541697227562 89.1458136689223 31.65999984741211 AB 5.10607335638805 1.040074692365844
60775.2112 lsst_hardware_i 1114.7915806068218 72.88127587093176 31.329999923706055 AB 5.104387466045515 1.0530300094991436
60778.1396 lsst_hardware_r 1844.7036852656447 133.87000323980348 31.670000076293945 AB 8.700338326693661 1.0282568564566301
60778.1521 lsst_hardware_i 1315.7905373954359 103.90260433176194 31.350000381469727 AB 8.669481556508432 1.024610022929051
60780.1381 lsst_hardware_z 783.9521071846881 75.64311808819711 31.0 AB 10.831683862027345 1.0266512356786262
60780.1485 lsst_hardware_i 1410.3132697784642 87.86510054095125 31.34000015258789 AB 10.833264828737793 1.0244222060272146
60782.1466 lsst_hardware_z 2161.328843040162 86.48134821117883 31.729999542236328 AB 15.029470099881053 1.024317558717869
60790.1242 lsst_hardware_z 1043.554889330251 51.47360652196272 30.950000762939453 AB 13.887989029726793 1.0243138804961371
60790.1372 lsst_hardware_u -2.1654389866563393 3.007556835937673 28.520000457763672 AB 14.541770069331097 1.0265865846499815
60795.1157 lsst_hardware_z 982.5897516283153 51.16274266331865 30.950000762939453 AB 10.744795787253793 1.0246801246665833
60795.1267 lsst_hardware_i 1245.941392972873 46.43912670924385 31.25 AB 10.766881059556049 1.027815479886979
60797.113 lsst_hardware_u 5.401985370570718 2.959536939426023 28.5 AB 9.191888899607287 1.0251653589412544
60797.1249 lsst_hardware_g 259.85706416258836 21.226275071024933 31.43000030517578 AB 9.207418911068295 1.029576731424464
60800.1115 lsst_hardware_r 1316.1799804336347 49.580506175811855 31.59000015258789 AB 9.5166580143404 1.0271807027656983
60800.1236 lsst_hardware_i 1119.495685488326 48.60561596569845 31.280000686645508 AB 9.609373601180003 1.0338774114992626
60802.1107 lsst_hardware_z 1708.6728030230272 81.19898271684877 31.719999313354492 AB 6.8530230244312005 1.0292915326571344
60804.112 lsst_hardware_z 862.2536960378967 68.80082495186494 30.989999771118164 AB 8.803168639787867 1.033397476888593
60804.1237 lsst_hardware_r 1049.1487588154178 90.81698863549713 31.65999984741211 AB 8.919031879747548 1.0434870774215717
60806.0985 lsst_hardware_i 811.6616065837608 94.43776951726878 31.350000381469727 AB 8.049227690860949 1.0286552959566708
60806.1099 lsst_hardware_z 834.8842891183085 82.41871654316559 31.0 AB 8.118902614423044 1.0359046397987934
60808.0848 lsst_hardware_z 867.6284755886421 78.31321458404942 31.0 AB 6.584531226208958 1.0256012916916422
60808.0964 lsst_hardware_i 867.462849187538 90.42977803522007 31.34000015258789 AB 6.623570934416134 1.0304248497847044
60814.0881 lsst_hardware_z 683.3977541026957 47.07030216059596 30.950000762939453 AB 8.313169080705524 1.0359411920253623
60814.1 lsst_hardware_u 4.360615368544997 3.1500667034708747 28.40999984741211 AB 8.379043949798742 1.0473804937248428
60818.0819 lsst_hardware_g 32.985473817082756 14.550354708543477 31.389999389648438 AB 2.0550413397059777 1.0400006779887463
60818.0938 lsst_hardware_r 391.9054941914836 29.286674703008032 31.479999542236328 AB 2.7189812786565595 1.053052392973106
60823.0202 lsst_hardware_z 955.3388173814409 64.93282907003058 31.700000762939453 AB 7.266135265839725 1.026834165813775
60823.0265 lsst_hardware_i 730.026034537658 50.20912529907332 32.0 AB 7.225902395758249 1.0250597433426605
60824.0218 lsst_hardware_r 252.46531252528555 27.1955701051023 31.489999771118164 AB 9.670647707369714 1.0255012503175562
60824.0349 lsst_hardware_u -0.16224165737191468 2.91219963137713 28.420000076293945 AB 9.65159439056922 1.0244947606088513
60826.0231 lsst_hardware_g 49.59542393291398 15.378347091535597 31.440000534057617 AB 9.04430784786742 1.0244154436208321
60826.0351 lsst_hardware_r 229.85837786783506 27.021769327452482 31.5 AB 9.06920769527485 1.0254644612477395
60844.002 lsst_hardware_r 261.978331277127 34.891460790641915 32.25 AB 5.286556407724464 1.0328667680347374
60844.0148 lsst_hardware_u 13.087711539639217 4.772766088212697 29.239999771118164 AB 5.326118506891417 1.043825283075241
60846.9946 lsst_hardware_g 1.5060067802919703 13.719726376480892 31.43000030517578 AB 5.501715321265487 1.0334123885543913
60847.0063 lsst_hardware_r 130.94172535465952 24.560078222025947 31.489999771118164 AB 4.088460974572373 1.0435071400133673
60850.9942 lsst_hardware_r 99.05344957789352 24.17213008898948 31.479999542236328 AB 5.264741384835009 1.0423166471658882
60851.0059 lsst_hardware_g -7.606012442841518 13.514135810016962 31.399999618530273 AB 5.292705838624186 1.0559365242982348
61062.3591 lsst_hardware_z 41.33532417397218 41.599998474121094 30.950000762939453 AB 9.175778245000842 1.029405584495814
61062.3723 lsst_hardware_y -83.44745115283902 61.97999954223633 30.06999969482422 AB 9.162517329955588 1.0248518694257023
61064.3622 lsst_hardware_u 0.7713042526675526 3.4600000381469727 28.610000610351562 AB 7.217200998750841 1.0259235232416084
61064.3759 lsst_hardware_y 146.55259390593756 67.7699966430664 30.06999969482422 AB 7.711026439188086 1.0244034769977972
61066.3614 lsst_hardware_r 29.53031391186608 22.559999465942383 31.479999542236328 AB 14.319880466666225 1.0248495014074783
61066.3751 lsst_hardware_y 21.75494467666581 59.04999923706055 30.059999465942383 AB 12.72867551974116 1.0250181607135738
61068.3527 lsst_hardware_u -0.9020148753937147 2.6600000858306885 28.420000076293945 AB 12.110813294056566 1.0255361935818588
61068.3642 lsst_hardware_z -33.41320023180521 41.81999969482422 30.950000762939453 AB 12.113203641062537 1.024357963191149
61073.3599 lsst_hardware_z -111.30276072738368 58.34000015258789 30.979999542236328 AB 10.086665897899378 1.0259800023292396
61073.3714 lsst_hardware_y -44.95588919444602 53.5099983215332 30.059999465942383 AB 10.19208003660325 1.0311695706802113
61075.3453 lsst_hardware_i -41.264369091785056 63.150001525878906 31.329999923706055 AB 8.498526395540079 1.024371376375925
61075.3575 lsst_hardware_z -71.16407695406676 58.40999984741211 30.979999542236328 AB 8.621449862913824 1.0270151520307191
61077.3495 lsst_hardware_z 93.85965598665288 56.43000030517578 30.979999542236328 AB 4.52869530801044 1.0261394202440424
61077.362 lsst_hardware_r -1.6209880185420649 68.77999877929688 31.649999618530273 AB 4.555107633521491 1.0321240861453378
61079.3485 lsst_hardware_i 33.27652159118044 46.279998779296875 31.309999465942383 AB 8.38936191343776 1.0277931900076887
61079.3595 lsst_hardware_r 19.05227178144286 50.689998626708984 31.6299991607666 AB 8.318112784982954 1.034162385203038
61081.3409 lsst_hardware_z -6.068768860609888 42.72999954223633 30.950000762939453 AB 3.514768268459245 1.026934314273107
61081.3529 lsst_hardware_g -74.50865007275905 26.56999969482422 31.6299991607666 AB 3.5297508190644615 1.0333498372474639
61083.3514 lsst_hardware_i 59.86918562584653 30.8799991607666 31.260000228881836 AB 6.369973983552401 1.036329823788356
61083.3622 lsst_hardware_z -19.885991090608886 41.45000076293945 30.950000762939453 AB 6.482857390185443 1.0466913605595183
61085.3497 lsst_hardware_r -20.984636027553673 22.280000686645508 31.489999771118164 AB 2.58903204802804 1.039563159216254
61085.3606 lsst_hardware_u -0.5273219285029209 2.680000066757202 28.43000030517578 AB 2.5531252051731093 1.0512095543687532
61087.3389 lsst_hardware_u 1.3021660427416426 2.6600000858306885 28.440000534057617 AB 3.8160353932787503 1.0350909746687134
61087.3492 lsst_hardware_g 31.514368375563784 13.470000267028809 31.40999984741211 AB 3.8444062125871956 1.044439088771708
61089.2979 lsst_hardware_g 30.30956805732385 13.529999732971191 31.440000534057617 AB 5.07520457960113 1.02498325347898
61089.3096 lsst_hardware_r -25.45706757071439 22.149999618530273 31.5 AB 5.062287025106735 1.0245989020101756
61091.2909 lsst_hardware_i 25.01259570010627 30.06999969482422 31.260000228881836 AB 2.8146304514796205 1.0253040318667792
61091.3018 lsst_hardware_r 6.536763759861691 22.15999984741211 31.5 AB 3.719378222230383 1.0243869329071515
61093.2915 lsst_hardware_u -1.9215448781224804 2.630000114440918 28.43000030517578 AB 9.663145663214186 1.0244069787408476
61093.302 lsst_hardware_g -7.735106470205146 13.300000190734863 31.399999618530273 AB 11.40889799475028 1.0251503275002498
61095.3301 lsst_hardware_i 43.89488805823879 30.139999389648438 31.239999771118164 AB 10.388842462846895 1.0474383259465894
61095.3414 lsst_hardware_z 25.828567642110325 41.38999938964844 30.940000534057617 AB 10.768309461222506 1.062138036615733
61098.3333 lsst_hardware_r -30.826133119954285 22.260000228881836 31.489999771118164 AB 6.554751840830721 1.0622723994539698
61098.3446 lsst_hardware_u 2.2178168834700247 2.640000104904175 28.40999984741211 AB 5.620992175018058 1.0809600336573189
61100.274 lsst_hardware_i -36.322733708223424 52.40999984741211 31.31999969482422 AB 3.976892830753675 1.0243343701097707
61100.2867 lsst_hardware_z 59.4617082853418 51.72999954223633 30.969999313354492 AB 3.9754563643084766 1.026144899369794
61102.2762 lsst_hardware_z 17.01250700563269 64.95999908447266 30.989999771118164 AB 6.047431054859206 1.0249159333141793
61102.2883 lsst_hardware_r -21.72470010555176 94.94999694824219 31.65999984741211 AB 5.98667776083769 1.0290071350003909
61106.2782 lsst_hardware_z 160.77409807536975 88.94000244140625 31.739999771118164 AB 9.970694136861178 1.0294277595960883
61108.2755 lsst_hardware_r -77.15382872716373 53.54999923706055 31.6299991607666 AB 8.082054514502223 1.030972926555727
61108.2884 lsst_hardware_i -29.643107396074434 48.04999923706055 31.299999237060547 AB 8.021415525088358 1.0409649320427103
61110.2748 lsst_hardware_z -30.34026632568349 43.369998931884766 30.950000762939453 AB 9.094266495909899 1.034124873978209
61110.2869 lsst_hardware_r -57.838575641074996 33.810001373291016 31.56999969482422 AB 9.2758521599204 1.0449702020188207
