data/validation/pwv_sim_epoch_fit_epoch/18532753.ecsv
# %ECSV 0.9
# ---
# datatype:
# - {name: time, datatype: float64}
# - {name: band, datatype: string}
# - {name: flux, datatype: float64}
# - {name: fluxerr, datatype: float64}
# - {name: zp, datatype: float64}
# - {name: zpsys, datatype: string}
# - {name: pwv, datatype: float64}
# - {name: airmass, datatype: float64}
# meta: {SNID: '18532753', alt: 1024.0, c: 0.12170830368995667, dec: -28.630989, lat: -30.244573, lon: -70.7499537, ra: 325.371094, t0: 62369.9609375,
#   x0: 1.1792813699053526e-05, x1: 0.32662299275398254, z: 0.42953014373779297}
# schema: astropy-2.0
time band flux fluxerr zp zpsys pwv airmass
62261.3453 lsst_hardware_r -101.31155012497712 52.709999084472656 31.559999465942383 AB 9.00798088511913 1.3496955964168555
62261.3648 lsst_hardware_y 45.59332509064815 52.41999816894531 29.989999771118164 AB 8.276058604297635 1.2390236700797417
62264.3466 lsst_hardware_g -10.78383531194479 18.829999923706055 31.440000534057617 AB 13.367178238311164 1.291785227662264
62264.3654 lsst_hardware_r 11.463882531216958 27.860000610351562 31.510000228881836 AB 12.480317912884777 1.1987818374659194
62268.3226 lsst_hardware_r 24.763051669003534 25.8799991607666 31.459999084472656 AB 12.253096617069724 1.3738709018989823
62268.3319 lsst_hardware_u 0.593688863578771 2.7899999618530273 28.350000381469727 AB 11.701251575316425 1.3138616186072862
62272.3461 lsst_hardware_z 23.7175434310735 61.880001068115234 31.690000534057617 AB 4.875403619513303 1.1881085949831072
62272.3662 lsst_hardware_r 4.491968698690841 24.700000762939453 31.510000228881836 AB 4.622371136827269 1.1168294938575127
62277.3518 lsst_hardware_u -2.1727126162132064 2.880000114440918 28.489999771118164 AB 7.868241823613974 1.1191051544786972
62277.3709 lsst_hardware_g 1.5236291283763166 15.649999618530273 31.469999313354492 AB 7.529748836484102 1.0691869132387635
62283.349 lsst_hardware_i -6.187846443614493 65.04000091552734 31.329999923706055 AB 4.0472786695937915 1.081967208053706
62283.3699 lsst_hardware_z -101.85132203120952 58.88999938964844 30.989999771118164 AB 3.83596084159708 1.0399315493214567
62285.3502 lsst_hardware_r 29.335930839766984 93.23999786376953 31.649999618530273 AB 9.075775776946516 1.066702997319832
62285.3718 lsst_hardware_z -34.6993495165708 65.16999816894531 30.989999771118164 AB 8.762073846470091 1.0290062355784388
62288.3576 lsst_hardware_y 52.80818080957141 55.029998779296875 30.059999465942383 AB 6.933091008859383 1.0377843042899066
62288.3786 lsst_hardware_r -83.64300597579124 80.04000091552734 31.65999984741211 AB 6.279938268144563 1.01243059915811
62291.2488 lsst_hardware_z 87.42487506035164 100.62000274658203 32.41999816894531 AB 16.727864341509207 1.4569618228001415
62302.2468 lsst_hardware_g -4.694057653234695 14.890000343322754 31.389999389648438 AB 14.732749381377776 1.2700646018429118
62302.2693 lsst_hardware_r 27.12544943271857 24.149999618530273 31.489999771118164 AB 13.744151770224615 1.1678762603751212
62304.2501 lsst_hardware_i -7.993979148225837 32.709999084472656 31.229999542236328 AB 5.372926478940948 1.226135663838646
62304.274 lsst_hardware_z 17.184528902725415 42.86000061035156 30.940000534057617 AB 4.960915472015532 1.1320045192756487
62308.248 lsst_hardware_g -81.13488139190144 44.79999923706055 32.349998474121094 AB 3.4365227095096986 1.187362083271922
62308.2713 lsst_hardware_r -3.8996088491894376 45.540000915527344 32.29999923706055 AB 3.5753070091753205 1.106906194791121
62312.2474 lsst_hardware_z -143.4733715434146 94.47000122070312 31.729999542236328 AB 5.039705400116291 1.1481056440701565
62314.2703 lsst_hardware_i -29.349146037001592 96.2699966430664 31.34000015258789 AB 7.580895088262389 1.0682833982238011
62314.2905 lsst_hardware_z -48.75583373504035 82.61000061035156 31.0 AB 7.405077371768429 1.031970646876232
62315.2388 lsst_hardware_z -70.28695033084004 83.80999755859375 30.979999542236328 AB 6.976610593713161 1.1495486231196803
62315.2577 lsst_hardware_r -42.44162590547811 118.98999786376953 31.649999618530273 AB 6.315600338322895 1.0918773096077616
62323.2633 lsst_hardware_g 20.677851567295125 14.729999542236328 31.459999084472656 AB 4.57258698091145 1.0358499541444046
62323.282 lsst_hardware_i -17.760833980966005 30.780000686645508 31.260000228881836 AB 4.549267704550383 1.0133503945389923
62325.1481 lsst_hardware_r 12.68468061615514 25.059999465942383 31.399999618530273 AB 2.5578697030881017 1.5259476230204931
62325.1669 lsst_hardware_u -0.22662571824171973 2.509999990463257 28.149999618530273 AB 2.6046277601560606 1.374473752061208
62327.143 lsst_hardware_g -39.09963330715843 14.65999984741211 31.260000228881836 AB 13.724946812009929 1.5225974091164005
62327.1607 lsst_hardware_r 1.1212541973909693 24.959999084472656 31.43000030517578 AB 12.45529742146636 1.3796297542607843
62328.1437 lsst_hardware_i -80.89565838924665 34.15999984741211 31.18000030517578 AB 11.126552474626365 1.4916615986539647
62328.1629 lsst_hardware_z -23.75886470600654 45.29999923706055 30.920000076293945 AB 10.053153942264053 1.3463444411763645
62330.1492 lsst_hardware_r -2.069855915825388 24.950000762939453 31.440000534057617 AB 9.158560122839303 1.4034315090546865
62330.1675 lsst_hardware_g 12.32067538865153 14.90999984741211 31.3700008392334 AB 7.844808983128541 1.2856829800265295
62332.1457 lsst_hardware_r 17.62375044595561 24.770000457763672 31.450000762939453 AB 9.64280794234167 1.3891866993385042
62332.1645 lsst_hardware_i 47.02414517868275 32.75 31.219999313354492 AB 8.784920802908058 1.272193589917174
62345.1583 lsst_hardware_r 17.52505247456567 102.91301384304691 31.639999389648438 AB 4.2351653792689605 1.1446392916943136
62345.1768 lsst_hardware_i 144.94252631403018 82.80636232511443 31.329999923706055 AB 3.5106719978748315 1.0892841363800383
62351.1541 lsst_hardware_i 678.8686495691778 41.16207932315886 31.239999771118164 AB 2.0365959825066717 1.1063445808094188
62351.1713 lsst_hardware_z 486.343275071932 47.47829919028857 30.940000534057617 AB 2.4151879898888473 1.0639594669113865
62352.1559 lsst_hardware_i 817.4285119799604 43.20036839785444 31.25 AB 1.541984757929457 1.0939294765092216
62352.1739 lsst_hardware_u -1.2175640855024001 3.1863843599234625 28.489999771118164 AB 1.3215426540917061 1.0533017965661846
62354.1576 lsst_hardware_g 462.44191761161176 26.92887516423531 31.450000762939453 AB 2.239136859254365 1.0761631813141772
62354.176 lsst_hardware_r 1516.9491030962188 46.20834969732747 31.510000228881836 AB 1.6763548735373202 1.040029908098844
62356.1565 lsst_hardware_i 1564.7626579988828 50.825438036247895 31.260000228881836 AB 4.085387762888838 1.0664024439803808
62356.1742 lsst_hardware_r 2117.583276303672 51.769357867057295 31.520000457763672 AB 3.3866358933616145 1.0343504891916033
62364.0668 lsst_hardware_i 2770.9916944116035 64.12041936226147 31.219999313354492 AB 7.782263032607688 1.332351144086233
62364.0838 lsst_hardware_z 2255.83870979291 65.09693353702238 30.940000534057617 AB 6.3387458556800915 1.238036299937518
62366.0696 lsst_hardware_r 4376.800695473514 79.79952305666323 31.559999465942383 AB 3.7060472210973328 1.2835165994160869
62366.0877 lsst_hardware_z 2359.2910606897594 68.4040927203515 30.940000534057617 AB 3.11813704278122 1.1954900959574797
62367.0692 lsst_hardware_y 741.5634142596947 59.21536389517558 29.979999542236328 AB 3.009894368320182 1.2708019287820063
62367.0856 lsst_hardware_r 4785.892844763338 89.07177520092146 31.610000610351562 AB 2.595905902492076 1.192834418146847
62369.0669 lsst_hardware_i 3349.407703095887 99.73932228191275 31.299999237060547 AB 3.975974473775658 1.2542506226421632
62369.0861 lsst_hardware_z 2516.3940900825896 86.91357257238197 30.969999313354492 AB 2.9126935813410397 1.1689349177650405
62371.073 lsst_hardware_r 4598.703001300389 168.80529048970715 31.6299991607666 AB 2.6192191810888734 1.1999629738123347
62371.0924 lsst_hardware_z 2797.481428623499 115.2053298420273 30.989999771118164 AB 2.627907971824064 1.1277364968668873
62385.0634 lsst_hardware_r 2493.0817141052066 55.16191127062736 31.5 AB 0.6515196676359629 1.1003850825660177
62385.0807 lsst_hardware_g 503.0854606298524 26.851790418219455 31.450000762939453 AB 0.6691638454457651 1.0593622883046414
62387.0655 lsst_hardware_r 2065.1286878910405 52.41322928200196 31.5 AB 2.4729166394355984 1.0808989463547933
62387.0825 lsst_hardware_i 2251.327529918265 56.637661032159855 31.25 AB 2.402398499387022 1.045733531364055
62389.0619 lsst_hardware_z 1532.483803178456 57.42872115751653 30.940000534057617 AB 3.3370964553310456 1.0764827275261437
62389.0794 lsst_hardware_i 2036.2257769046398 54.84450883052443 31.25 AB 3.229350986631868 1.0417261247199574
62390.0637 lsst_hardware_u 0.5273421425558352 3.004329824429416 28.43000030517578 AB 2.516365291567331 1.0663317853947303
62390.0795 lsst_hardware_g 319.4645312391467 23.3187352371678 31.450000762939453 AB 2.4415401748607097 1.037187839787897
62395.9795 lsst_hardware_y 648.1605910750349 84.18902767149211 29.979999542236328 AB 7.647713625351326 1.3318902168834876
62396.0014 lsst_hardware_z 1451.9629665570155 67.6875720622407 30.959999084472656 AB 1.8949154943156215 1.2146894194330906
62398.9817 lsst_hardware_y 338.29744350040033 85.1798361014449 30.0 AB 7.818325647246367 1.271479207553483
62398.9988 lsst_hardware_z 1297.3363267673874 89.05434255337175 30.979999542236328 AB 7.358500259111066 1.190438997914822
62400.9824 lsst_hardware_y 322.5273316075435 82.1695373838903 30.0 AB 2.4519345984450767 1.2398641094492824
62400.9988 lsst_hardware_i 1432.292403620327 98.39724896056346 31.309999465942383 AB 2.2967891390064463 1.1686511901326118
62402.9842 lsst_hardware_y 345.28840580872884 71.83059990403314 30.010000228881836 AB 3.075304838115661 1.2061595652171833
62403.0012 lsst_hardware_r 681.8026484195123 60.751251317048805 31.610000610351562 AB 3.2386961723239165 1.1403190560379965
62404.0115 lsst_hardware_i 1277.283836065626 46.96965571817156 31.25 AB 4.803245518682819 1.1004419073693885
62404.0216 lsst_hardware_r 633.2388650440417 35.124502335146914 31.5 AB 4.715120675528432 1.0749572176142028
62405.9957 lsst_hardware_z 1081.516424345774 54.22631632572938 30.940000534057617 AB 2.442287773721739 1.131387171273413
62406.0153 lsst_hardware_i 1131.0202547034016 45.83623482611601 31.239999771118164 AB 3.365962252362233 1.0769068981349292
62410.9909 lsst_hardware_y 394.17048336790714 60.892453385759424 30.040000915527344 AB 7.714172206392339 1.1045756446637338
62411.0119 lsst_hardware_z 920.7726960057608 51.17495541803692 30.950000762939453 AB 5.270248614894172 1.0550344217724668
62413.9929 lsst_hardware_y 481.3449802980472 59.3292485730163 30.040000915527344 AB 3.467358110100875 1.0782144939418812
62414.0114 lsst_hardware_r 393.09069638001256 31.033265414931048 31.5 AB 2.896875608450903 1.0412924545113516
62416.0056 lsst_hardware_z 1531.911734697162 72.84677466437387 31.709999084472656 AB 4.014428804720293 1.0418518460279624
62417.9968 lsst_hardware_y 318.29869405893976 55.284110780160326 30.049999237060547 AB 4.787304115455437 1.0475883399370007
62418.0168 lsst_hardware_g 62.69105451909917 17.006291550033747 31.459999084472656 AB 3.9862116744428646 1.0191005175617702
62627.3457 lsst_hardware_r -18.19050433758818 25.68000030517578 31.469999313354492 AB 4.0965574975041 1.334093844171982
62627.364 lsst_hardware_i 6.839707888431836 33.349998474121094 31.239999771118164 AB 3.7808523627573765 1.2330876869350578
62631.3445 lsst_hardware_z -11.422519785023727 45.369998931884766 30.93000030517578 AB 8.883287521019284 1.2770071667572884
62631.3637 lsst_hardware_i -7.819303543460464 33.16999816894531 31.239999771118164 AB 8.231461100603834 1.1859898088205945
62633.3462 lsst_hardware_u 3.8930426811302197 2.700000047683716 28.299999237060547 AB 12.200711261306601 1.2399726877693582
62633.3656 lsst_hardware_g -0.6963383587800959 15.680000305175781 31.43000030517578 AB 11.399368489309389 1.1575117354474709
62637.3459 lsst_hardware_r -98.35522766597667 73.81999969482422 31.610000610351562 AB 4.937277638141184 1.191859417776961
62637.3654 lsst_hardware_i 28.787223660202404 57.7400016784668 31.299999237060547 AB 4.633330889818734 1.1214193359787177
62639.3583 lsst_hardware_z 130.96134922065386 87.5199966430664 31.729999542236328 AB 7.891414814738861 1.1265537036708222
62642.3489 lsst_hardware_z 90.14590292054066 61.84000015258789 30.969999313354492 AB 7.974798825863608 1.1304288639950304
62642.3683 lsst_hardware_r -1.0873302120815869 75.48999786376953 31.649999618530273 AB 7.545212087920305 1.0766825820515413
62644.3511 lsst_hardware_i -73.18374407065483 53.220001220703125 31.299999237060547 AB 2.654781212510202 1.1071198801085118
62644.3704 lsst_hardware_z 21.62960689523087 53.349998474121094 30.969999313354492 AB 2.5272907195095082 1.0601792852588303
62646.3377 lsst_hardware_i 122.22282113004802 36.619998931884766 31.270000457763672 AB 8.30542039816666 1.1313359983880629
62646.3569 lsst_hardware_z -19.198157903014124 44.349998474121094 30.959999084472656 AB 7.900341871152972 1.0778092593660262
62649.3277 lsst_hardware_g -1.984032513151245 15.119999885559082 31.40999984741211 AB 8.923530442026017 1.1372987659105964
62649.3343 lsst_hardware_r -4.1029966029936356 24.299999237060547 31.489999771118164 AB 10.131407073159556 1.1163572368386319
62650.3367 lsst_hardware_i 12.75963151408362 32.04999923706055 31.25 AB 9.391651776839835 1.1015523538469165
62650.3555 lsst_hardware_r 1.8801639383133355 24.360000610351562 31.520000457763672 AB 8.993812315862694 1.0572145544433789
62657.2349 lsst_hardware_g 30.42912099342015 14.800000190734863 31.280000686645508 AB 12.682120235773732 1.5644866906120256
62657.2543 lsst_hardware_i -10.09655759713353 33.72999954223633 31.209999084472656 AB 8.650971172132666 1.3986453534024763
62675.247 lsst_hardware_z 74.12888267900355 44.209999084472656 30.940000534057617 AB 3.6147537869221686 1.1723525795423249
62675.2676 lsst_hardware_r -19.84046142749288 30.209999084472656 31.549999237060547 AB 4.1746429067837285 1.103916149876702
62676.2623 lsst_hardware_g -21.07854201997912 15.510000228881836 31.450000762939453 AB 4.175817094503783 1.111279276458028
62676.2831 lsst_hardware_r 19.988454244342904 25.34000015258789 31.530000686645508 AB 3.976439386686761 1.060054041858973
62678.2451 lsst_hardware_r 23.832588355095165 23.889999389648438 31.479999542236328 AB 6.805545506845771 1.149067791565625
62678.2649 lsst_hardware_i 20.519473369123656 31.3799991607666 31.239999771118164 AB 6.282252559193669 1.0892033391172762
62680.2446 lsst_hardware_z 95.37946399632169 42.4900016784668 30.940000534057617 AB 6.863927679377392 1.1322409467404664
62680.2638 lsst_hardware_r 12.182826340310667 23.5 31.489999771118164 AB 6.232816002593113 1.07846625953278
62682.2632 lsst_hardware_r -9.263408280159068 23.75 31.5 AB 3.7218102356941745 1.0674407941761495
62682.2818 lsst_hardware_i 23.693481499560264 30.950000762939453 31.25 AB 3.601775592251269 1.0337305280193065
62688.1495 lsst_hardware_g -1.5445916022256585 14.609999656677246 31.270000457763672 AB 7.561160476051673 1.572184739960841
62688.1676 lsst_hardware_r 16.05099613065075 24.719999313354492 31.440000534057617 AB 6.8767118657420365 1.4139914734219403
62695.184 lsst_hardware_z -52.12705228844456 88.98999786376953 31.709999084472656 AB 7.4736049943782 1.2071237624677087
62699.1519 lsst_hardware_z -3.1310042385450236 90.29000091552734 30.959999084472656 AB 2.107196947308347 1.316998092067717
62699.1702 lsst_hardware_r -87.54239727059928 123.12000274658203 31.610000610351562 AB 2.664891468360976 1.220095292649054
62704.1499 lsst_hardware_u 1.1206468877229405 2.5799999237060547 28.229999542236328 AB 6.443787174972328 1.252274504432013
62704.1683 lsst_hardware_g 21.72588420404492 14.850000381469727 31.389999389648438 AB 6.419513073498184 1.1705183991062147
62709.1569 lsst_hardware_r 16.630674540542735 24.18000030517578 31.469999313354492 AB 3.6370232880459925 1.1619882709412117
62709.1754 lsst_hardware_u 0.4941884560767639 2.5899999141693115 28.280000686645508 AB 3.455307943234261 1.1021715927378375
62716.1801 lsst_hardware_z -44.988449274300876 41.65999984741211 30.950000762939453 AB 2.3532084620081077 1.048199760359959
62716.1999 lsst_hardware_r 15.18320698383921 24.020000457763672 31.510000228881836 AB 2.310370632946221 1.0196935376569443
62719.1576 lsst_hardware_g -5.6170731209478655 20.1200008392334 31.530000686645508 AB 2.242565462772889 1.0778110202368898
62719.1769 lsst_hardware_i -9.945182315671532 32.54999923706055 31.25 AB 1.6694318478548789 1.0397125894881951
62722.157 lsst_hardware_z 76.26239235748123 50.099998474121094 30.969999313354492 AB 4.633811323601739 1.0610971659266633
