data/validation/pwv_sim_epoch_fit_epoch/18633488.ecsv
# %ECSV 0.9
# ---
# datatype:
# - {name: time, datatype: float64}
# - {name: band, datatype: string}
# - {name: flux, datatype: float64}
# - {name: fluxerr, datatype: float64}
# - {name: zp, datatype: float64}
# - {name: zpsys, datatype: string}
# - {name: pwv, datatype: float64}
# - {name: airmass, datatype: float64}
# meta: {SNID: '18633488', alt: 1024.0, c: -0.02054646797478199, dec: -64.386185, lat: -30.244573, lon: -70.7499537, ra: 313.057556, t0: 60913.59375,
#   x0: 1.2652388922031731e-05, x1: 0.32552996277809143, z: 0.41683465242385864}
# schema: astropy-2.0
time band flux fluxerr zp zpsys pwv airmass
[from data line 132]
61258.2022 lsst_hardware_i 1.8108411756651603 31.520000457763672 31.219999313354492 AB 1.9351992687141066 1.2076126481836078
61261.1901 lsst_hardware_r -2.5302167091702517 22.90999984741211 31.459999084472656 AB 4.563823087946808 1.207041282186408
61261.202 lsst_hardware_i -24.662309562465335 31.68000030517578 31.219999313354492 AB 4.568686068118258 1.2098206553406987
61263.1921 lsst_hardware_z -80.45212435480093 43.47999954223633 30.93000030517578 AB 8.951105568821907 1.2084249308207373
61263.2033 lsst_hardware_u 0.8237700941344284 2.5899999141693115 28.309999465942383 AB 9.056934623437458 1.2127792833928417
61266.2313 lsst_hardware_g 4.211911830109255 13.470000267028809 31.34000015258789 AB 3.0580563182677127 1.2461517189354985
61266.243 lsst_hardware_r 3.346374307515471 23.049999237060547 31.450000762939453 AB 3.0863432792855052 1.263600114344117
61274.1317 lsst_hardware_i 111.42996598394247 48.099998474121094 31.280000686645508 AB 2.4515774001662436 1.2103566527604264
61274.1432 lsst_hardware_z -15.803417425284778 51.58000183105469 30.950000762939453 AB 2.431047154591168 1.2072738725001662
61276.134 lsst_hardware_r -29.6751031187891 75.76000213623047 31.610000610351562 AB 3.3276333181485565 1.2079619995094133
61276.1445 lsst_hardware_z 3.5676322899536315 60.529998779296875 30.959999084472656 AB 3.3392280856504457 1.2068045123420474
61280.1343 lsst_hardware_z -63.54865399603213 69.23999786376953 30.969999313354492 AB 4.7065858105971605 1.2068168745120924
61280.1442 lsst_hardware_i 69.1480114521665 78.27999877929688 31.309999465942383 AB 4.711472904582861 1.208069975534067
61281.1355 lsst_hardware_z -6.286856037287697 90.55999755859375 31.709999084472656 AB 6.276717041631607 1.2070609695445398
61286.1169 lsst_hardware_g -20.193555568941807 13.199999809265137 31.329999923706055 AB 0.6396114083576561 1.2068139780333134
61286.1279 lsst_hardware_r 4.550585621528315 22.709999084472656 31.450000762939453 AB 1.6913330703795562 1.2080950502711116
61296.0964 lsst_hardware_r -29.54167698531475 22.729999542236328 31.459999084472656 AB 3.322505467275374 1.2073057657246546
61296.1079 lsst_hardware_i 58.771597845130465 31.65999984741211 31.229999542236328 AB 3.202136989550517 1.2104089924590877
61296.9917 lsst_hardware_r 11.554020582880451 23.739999771118164 31.450000762939453 AB 3.2146207393444715 1.310485421665092
61296.9953 lsst_hardware_i 18.754667297798985 32.34000015258789 31.209999084472656 AB 3.18377668882323 1.3024244994163345
61299.0614 lsst_hardware_r -3.3484859437267285 24.190000534057617 31.479999542236328 AB 3.2154001565600643 1.2112255737919941
61299.0725 lsst_hardware_u 8.821685949032844 2.9800000190734863 28.440000534057617 AB 3.14165334569298 1.207708871998743
61303.1462 lsst_hardware_i -21.798042923604118 46.16999816894531 31.260000228881836 AB 8.974030349653695 1.27079411614016
61303.1579 lsst_hardware_z -72.45857032104469 51.5099983215332 30.940000534057617 AB 9.163811349034244 1.2930756119143736
61307.0458 lsst_hardware_r -21.86962088249816 77.7699966430664 31.610000610351562 AB 3.6386538020022137 1.2089220229255928
61307.0577 lsst_hardware_y -91.32798055943732 54.150001525878906 30.0 AB 3.6397295146171404 1.2068735610777201
61309.0409 lsst_hardware_z -97.66880102750561 62.439998626708984 30.959999084472656 AB 3.9186923943062717 1.208757903803428
61309.0525 lsst_hardware_r 55.107075842381974 87.23999786376953 31.610000610351562 AB 3.5035285667797886 1.2068648180432016
61311.0532 lsst_hardware_i 45.95602080003007 58.150001525878906 31.290000915527344 AB 5.414412672570153 1.2070474858966214
61311.0652 lsst_hardware_z -28.563034533101238 57.11000061035156 30.950000762939453 AB 5.432756604802351 1.2097659867065302
61315.054 lsst_hardware_g 18.271248070577755 13.380000114440918 31.350000381469727 AB 5.862362174676726 1.2096697806916896
61315.0664 lsst_hardware_i -14.118997775481239 31.479999542236328 31.219999313354492 AB 5.856097879138307 1.2157147351336277
61317.0305 lsst_hardware_r 28.39514006376243 22.770000457763672 31.459999084472656 AB 2.913597559796605 1.20687506791713
61317.0413 lsst_hardware_z -37.811260613460455 43.130001068115234 30.93000030517578 AB 2.921828365213492 1.2076997927308455
61321.0294 lsst_hardware_g 14.645425923072006 13.4399995803833 31.350000381469727 AB 5.536497122725224 1.2075239089912433
61321.0403 lsst_hardware_r -4.10385950350425 22.809999465942383 31.459999084472656 AB 5.476277309997138 1.2106952545176892
61323.0793 lsst_hardware_i -32.91530384752649 31.969999313354492 31.219999313354492 AB 3.0399529951358093 1.2512669253491704
61323.0913 lsst_hardware_z -33.68525224434491 44.209999084472656 30.93000030517578 AB 4.040434469470129 1.2703105647044222
61325.0758 lsst_hardware_r -37.13658980869752 23.059999465942383 31.450000762939453 AB 6.669371919949837 1.2541324616375156
61325.0881 lsst_hardware_u -2.9939292880783364 2.569999933242798 28.270000457763672 AB 7.359493851182695 1.27431606444443
61326.0777 lsst_hardware_g -42.778746214581915 13.619999885559082 31.34000015258789 AB 5.9863372907852765 1.2612772801233134
61326.088 lsst_hardware_i 36.60686172039795 32.22999954223633 31.219999313354492 AB 6.668820229802345 1.279144572705926
61328.081 lsst_hardware_z 22.526620092787436 44.34000015258789 30.920000076293945 AB 7.561225621303001 1.276299829173972
61328.0922 lsst_hardware_r -56.75206285134767 23.940000534057617 31.459999084472656 AB 8.050610900355487 1.2984856290895945
