data/validation/pwv_sim_epoch_fit_epoch/18656282.ecsv
# %ECSV 0.9
# ---
# datatype:
# - {name: time, datatype: float64}
# - {name: band, datatype: string}
# - {name: flux, datatype: float64}
# - {name: fluxerr, datatype: float64}
# - {name: zp, datatype: float64}
# - {name: zpsys, datatype: string}
# - {name: pwv, datatype: float64}
# - {name: airmass, datatype: float64}
# meta: {SNID: '18656282', alt: 1024.0, c: -0.08506377786397934, dec: 1.342993, lat: -30.244573, lon: -70.7499537, ra: 38.671875, t0: 61746.33203125,
#   x0: 3.894910356746262e-05, x1: -1.7369245290756226, z: 0.2569544315338135}
# schema: astropy-2.0
time band flux fluxerr zp zpsys pwv airmass
61621.4104 lsst_hardware_u 2.9330833858352525 2.819999933242798 28.389999389648438 AB 2.3791463032256477 1.1913601919006749
61621.4288 lsst_hardware_y -84.09352335056235 53.040000915527344 30.010000228881836 AB 1.7423953064564677 1.1767640520867635
61623.402 lsst_hardware_i -1.037152220438356 32.77000045776367 31.239999771118164 AB 3.4379300184952784 1.195247427915846
61623.4226 lsst_hardware_y 19.910904439542712 49.34000015258789 30.010000228881836 AB 3.3255185125898326 1.1770358114404789
61625.4047 lsst_hardware_r 6.989056393423963 25.31999969482422 31.5 AB 1.659749292385143 1.1855352088465307
61625.4245 lsst_hardware_y -8.450709590540498 51.06999969482422 30.0 AB 2.222477026848767 1.1754991326774153
61628.4014 lsst_hardware_g 4.789234346436264 15.529999732971191 31.399999618530273 AB 7.150810467250318 1.1813012886426737
61628.4201 lsst_hardware_y -24.07346409399644 49.599998474121094 30.0 AB 5.76490140410323 1.1757106874445744
61648.2985 lsst_hardware_u 3.38656079141187 2.619999885559082 28.25 AB 7.628706982576295 1.2794477119624148
61648.3152 lsst_hardware_r 27.54383028877884 24.489999771118164 31.469999313354492 AB 7.348231115219751 1.2303957662890455
61652.304 lsst_hardware_z 91.31759348342187 44.77000045776367 30.93000030517578 AB 2.8535271658165122 1.2310740963436329
61652.3221 lsst_hardware_r -18.01301986834289 24.68000030517578 31.479999542236328 AB 2.7677156905353284 1.1962896043807925
61654.3517 lsst_hardware_u 2.223242625421139 2.6700000762939453 28.34000015258789 AB 1.0290265811007369 1.1762544268631017
61654.3691 lsst_hardware_g 21.359000247244612 14.75 31.399999618530273 AB 1.060462678594677 1.1881934774170049
61656.3454 lsst_hardware_r -1.3646226859976718 24.219999313354492 31.479999542236328 AB 3.4520895860295764 1.1760468723698307
61656.3638 lsst_hardware_i 6.015831786210978 32.529998779296875 31.239999771118164 AB 3.515999176378972 1.1883728626787873
61673.2591 lsst_hardware_r -11.64859993306957 24.229999542236328 31.479999542236328 AB 7.072889976211487 1.2052638414447294
61673.2784 lsst_hardware_i 24.418890876591824 32.2599983215332 31.229999542236328 AB 7.119066223047847 1.1814243490055156
61677.2967 lsst_hardware_z 69.77797555981597 43.47999954223633 30.940000534057617 AB 7.165880545077351 1.1797953865065713
61677.3167 lsst_hardware_r 10.664469027385714 24.309999465942383 31.479999542236328 AB 7.300970483509297 1.2024986384762293
61679.2864 lsst_hardware_u 5.462869932236929 2.640000104904175 28.309999465942383 AB 5.597467305508531 1.1772575656565383
61679.3061 lsst_hardware_g 4.953080251342421 14.920000076293945 31.389999389648438 AB 5.364751755319869 1.194733521339144
61683.2107 lsst_hardware_i -3.8795418746264843 33.130001068115234 31.209999084472656 AB 8.442369333614035 1.2544382367924793
61683.2299 lsst_hardware_r -30.81866483806321 24.420000076293945 31.469999313354492 AB 8.157882593282473 1.2086498070174971
61685.2102 lsst_hardware_z 66.06631963624038 45.20000076293945 30.93000030517578 AB 5.017304000812758 1.2404995984290326
61685.2302 lsst_hardware_g 31.038021090931206 16.93000030517578 31.440000534057617 AB 4.847328597812393 1.1989682195970053
61687.2111 lsst_hardware_r 3.4254256200004427 39.880001068115234 31.559999465942383 AB 3.6913276635839085 1.2248287560626823
61687.2295 lsst_hardware_i 45.65315119820914 39.709999084472656 31.260000228881836 AB 3.7139478755451973 1.1922786117322037
61690.2054 lsst_hardware_z -69.91300009363934 57.060001373291016 30.959999084472656 AB 7.517621418314512 1.219337384026254
61690.2237 lsst_hardware_r -193.0832172296326 68.73999786376953 31.610000610351562 AB 6.541454188543859 1.1893553070079743
61691.2225 lsst_hardware_z 54.83767366006195 92.91000366210938 31.719999313354492 AB 6.889073980850936 1.1876348662540404
61693.2014 lsst_hardware_r -68.95309997001478 137.72000122070312 31.6200008392334 AB 7.8546176717920755 1.2108865886628588
61693.2177 lsst_hardware_z -40.627605931370226 91.9000015258789 30.979999542236328 AB 7.518397735702902 1.1869280222653638
61697.254 lsst_hardware_g -25.88018130014798 75.13999938964844 31.65999984741211 AB 4.320923213233039 1.1908837519245858
61697.273 lsst_hardware_r -156.36249456658226 77.4000015258789 31.600000381469727 AB 4.499446916681456 1.2236733523747518
61706.1719 lsst_hardware_u -3.4491929436771582 2.759999990463257 28.3700008392334 AB 2.426539938687355 1.2004650092450635
61706.1886 lsst_hardware_g 20.68313952899982 15.520000457763672 31.420000076293945 AB 2.3722447953597436 1.1812007279799555
61708.1757 lsst_hardware_r 32.399643855683685 25.010000228881836 31.489999771118164 AB 6.122440765196499 1.188054482250291
61710.0753 lsst_hardware_i 61.06282954931238 50.25 31.920000076293945 AB 6.838076441856124 1.604240807473188
61710.0924 lsst_hardware_r 0.6689550103337534 25.469999313354492 31.420000076293945 AB 7.985324179924346 1.4653091239251175
61712.1572 lsst_hardware_u 2.9992726342974096 2.700000047683716 28.31999969482422 AB 4.675134126934697 1.1978820840247761
61712.1775 lsst_hardware_g 14.229394470297551 15.380000114440918 31.40999984741211 AB 4.247753058349528 1.17796812488874
61721.1236 lsst_hardware_z -82.77527677584519 86.7300033569336 30.969999313354492 AB 4.02790917559517 1.213499789288294
61721.1433 lsst_hardware_r 73.2933472129719 122.5199966430664 31.6200008392334 AB 5.176301115054163 1.1848697806469972
61723.1212 lsst_hardware_i -187.26001394289673 111.68914058610345 31.309999465942383 AB 3.5962644508700476 1.2077120143971698
61723.1391 lsst_hardware_z -100.93389099784423 94.6611616312177 30.979999542236328 AB 5.910058137392752 1.1837082760074944
61725.1231 lsst_hardware_i -37.62518345826475 72.48290679476193 31.299999237060547 AB 6.907526212059305 1.1958495930853377
61725.1414 lsst_hardware_z -168.70947823549753 66.4904767656249 30.969999313354492 AB 6.996942835039445 1.178267106658238
61727.1816 lsst_hardware_g -529.0524682867639 49.07942080330325 31.6299991607666 AB 6.8707843570773255 1.2048723116315556
61727.2015 lsst_hardware_r 10.46544237698266 52.385818890279246 31.579999923706055 AB 6.9766593642625425 1.2502787050846118
61730.1021 lsst_hardware_r 831.7196694912468 37.686826639094136 31.479999542236328 AB 4.017373818250113 1.207687905681456
61730.1222 lsst_hardware_i 748.510445505561 42.4239014088501 31.239999771118164 AB 3.991135422950838 1.181858283372847
61733.1027 lsst_hardware_z 1476.5224892157466 57.62516724124498 30.93000030517578 AB 9.50665732676012 1.1938537393896302
61733.1222 lsst_hardware_u -8.159869831463224 3.190499516050274 28.31999969482422 AB 9.398546944876955 1.177074427428797
61735.107 lsst_hardware_g 3344.640547031259 60.417231629347455 31.389999389648438 AB 4.2730514202511465 1.1831245279883191
61735.1245 lsst_hardware_r 3659.4378455643664 65.82904777352773 31.479999542236328 AB 4.247465938869588 1.175497953562031
61739.147 lsst_hardware_i 5774.321574338669 81.75125777713939 31.229999542236328 AB 6.285419172444827 1.2018009889951156
61739.166 lsst_hardware_u 135.71148077453705 12.041412720026656 28.309999465942383 AB 6.544385161039251 1.2426441015929464
61741.145 lsst_hardware_g 7959.495952475668 90.43798033335109 31.389999389648438 AB 7.8470712526304 1.2077372131074902
61741.164 lsst_hardware_r 8854.44506515528 96.10041879940384 31.469999313354492 AB 8.098094802034518 1.2523795348147708
61743.0698 lsst_hardware_r 10026.101766261341 103.25442068497946 31.5 AB 4.157555139668696 1.2021846186993819
61743.0884 lsst_hardware_i 7545.165652798797 91.58661991497283 31.239999771118164 AB 3.0695569307771997 1.1805988195296921
61747.0703 lsst_hardware_z 4487.263313639255 85.89739963910573 30.959999084472656 AB 3.626494045800025 1.18687417633776
61747.0917 lsst_hardware_r 11639.686399947192 123.34313500964521 31.600000381469727 AB 4.495682059263304 1.1754953743661405
61751.1179 lsst_hardware_i 8209.970468580781 133.17488939257916 31.309999465942383 AB 15.059431177107136 1.2081049719575465
61751.1364 lsst_hardware_z 4102.470364272809 106.55165965026406 30.969999313354492 AB 14.882189099106524 1.251515593914808
61753.1162 lsst_hardware_g 7217.3372402045325 133.3220987874512 31.65999984741211 AB 8.96987051042125 1.2153335455085414
61753.1349 lsst_hardware_r 10453.281331514983 141.91580565720858 31.600000381469727 AB 9.010520749751818 1.263526134934523
61755.0404 lsst_hardware_y 985.4906838782731 60.70122542456404 30.0 AB 11.8565643223599 1.1969728680322953
61755.0606 lsst_hardware_i 6691.025981247164 86.21355712192656 31.239999771118164 AB 11.78421795797081 1.1777164601149244
61757.04 lsst_hardware_z 2867.002671574687 73.21849653365348 30.950000762939453 AB 4.281305525952111 1.1902434044905423
61757.0596 lsst_hardware_u 39.50864915967689 6.423479986859706 28.34000015258789 AB 4.7524733319452155 1.1761364429735113
61759.0422 lsst_hardware_y 587.8257951613621 58.49759182586086 30.0 AB 6.44169008734574 1.182503916906393
61759.0643 lsst_hardware_r 6972.329967985101 86.82155212121384 31.479999542236328 AB 6.196385788488883 1.1760637320978806
61765.0437 lsst_hardware_y 1853.0670508445216 86.31869843614622 30.770000457763672 AB 11.186326577594148 1.17549734166233
61765.0696 lsst_hardware_r 9458.607207101499 102.6467688438143 32.22999954223633 AB 11.431848008073251 1.1924633486920229
61767.0432 lsst_hardware_y 915.3018782519374 63.290165288829314 30.010000228881836 AB 7.399384948786068 1.1762481372593367
61767.0654 lsst_hardware_r 3956.0338062956316 68.14258195032107 31.489999771118164 AB 7.491187551747102 1.1941319157940633
61991.39 lsst_hardware_r -79.53698411335327 79.5199966430664 31.6200008392334 AB 4.798893091732513 1.2021275279891064
61991.4139 lsst_hardware_y -21.939538976131335 54.459999084472656 30.010000228881836 AB 4.459132486136163 1.1775878044373669
61993.3901 lsst_hardware_z 144.0162747743849 108.70999908447266 32.150001525878906 AB 7.208529024171152 1.1938603882363616
61993.4152 lsst_hardware_y 53.98854898980161 95.91000366210938 31.200000762939453 AB 7.075904915168097 1.1756924341892658
62000.3999 lsst_hardware_u -7.115103047694134 2.8399999141693115 28.440000534057617 AB 2.8482407543710773 1.1755826185751161
62000.4196 lsst_hardware_y -27.855519719146454 51.59000015258789 30.010000228881836 AB 2.7428314166804153 1.186046520852041
62010.2754 lsst_hardware_i -16.9133222420192 34.47999954223633 31.200000762939453 AB 5.208482179502885 1.4332642211070126
62010.3013 lsst_hardware_z -58.68131711621416 45.40999984741211 30.93000030517578 AB 4.009619162848716 1.302106244700817
62012.3426 lsst_hardware_r -12.045629216408772 34.72999954223633 32.2400016784668 AB 3.1118395891422503 1.1884810652357416
62012.3619 lsst_hardware_u -0.7846874930018005 3.9100000858306885 29.149999618530273 AB 3.0628799123245445 1.1759201096715681
62014.3118 lsst_hardware_g 21.376978788689684 57.08000183105469 31.639999389648438 AB 1.9145645476753121 1.2338099227809325
62014.3292 lsst_hardware_i 33.9657681524726 46.22999954223633 31.270000457763672 AB 1.8302585185689835 1.1989901857641556
62022.3513 lsst_hardware_r -15.354569832743643 93.48999786376953 31.6200008392334 AB 5.222022580697712 1.179407343378238
62022.3718 lsst_hardware_y -87.39458955184234 58.630001068115234 30.0 AB 5.283059697721473 1.2022209313457926
62032.2555 lsst_hardware_i 58.43581473358835 33.16999816894531 31.219999313354492 AB 6.991598539804456 1.253255395886974
62032.2795 lsst_hardware_z -7.2695683922869305 44.119998931884766 30.93000030517578 AB 6.6363972908947915 1.1998548708903307
62036.2601 lsst_hardware_g 5.437832624061597 14.800000190734863 31.389999389648438 AB 2.1108184884177623 1.2149761061499016
62036.2789 lsst_hardware_r -1.6214222003815142 24.200000762939453 31.479999542236328 AB 2.082744049840865 1.1865233857808317
62040.2493 lsst_hardware_z 22.03304385353404 45.16999816894531 30.93000030517578 AB 4.086770443027927 1.2147341057251344
62040.2675 lsst_hardware_g -12.956769999698983 14.670000076293945 31.3799991607666 AB 4.511483065759044 1.1870241358776645
62042.2498 lsst_hardware_r -16.808789880274638 45.220001220703125 31.579999923706055 AB 5.562688697205055 1.2037411975053587
62042.2693 lsst_hardware_i 43.65789569428826 41.5 31.260000228881836 AB 5.387356030272249 1.180660975295148
62047.2148 lsst_hardware_i 32.68258731949113 99.9000015258789 31.299999237060547 AB 3.2822170212020843 1.2525155585583718
62047.2337 lsst_hardware_z 168.40384687223445 84.7300033569336 30.969999313354492 AB 3.1647227182487527 1.208024703978959
62049.2158 lsst_hardware_z 33.697274789077376 99.72000122070312 30.979999542236328 AB 5.849458963128227 1.2349315193094828
62049.2335 lsst_hardware_r 270.64319996249753 143.6999969482422 31.6200008392334 AB 5.746647783772244 1.1992169832579809
62051.213 lsst_hardware_i 66.57135514330915 79.73999786376953 31.299999237060547 AB 3.891048678464334 1.2284289434772957
62051.2305 lsst_hardware_r 186.65605728315145 94.7300033569336 31.6200008392334 AB 3.7910384555480783 1.1955968847983427
62053.2085 lsst_hardware_z 39.23038577912417 53.060001373291016 30.950000762939453 AB 3.21628070588113 1.2261840281666525
62053.2273 lsst_hardware_g -1.2603020165675891 51.560001373291016 31.649999618530273 AB 3.149514482617073 1.1925461880413932
62056.2103 lsst_hardware_r 27.826492261994822 24.3700008392334 31.479999542236328 AB 7.026879389138292 1.2059344231463112
62056.2263 lsst_hardware_i -26.882769325648233 32.290000915527344 31.239999771118164 AB 6.882668972106492 1.1845566471412698
62058.2063 lsst_hardware_z -45.416049560370176 43.599998474121094 30.940000534057617 AB 7.97635496421787 1.2034331569430998
62058.2234 lsst_hardware_r -22.64000459023015 24.350000381469727 31.489999771118164 AB 7.553907369408076 1.1823301564263697
62061.2001 lsst_hardware_r -9.301167878384502 24.68000030517578 31.489999771118164 AB 7.004399147434119 1.2002054742005002
62061.2251 lsst_hardware_z -34.08699073625531 43.63999938964844 30.940000534057617 AB 5.895316103320867 1.176709801061928
62066.1785 lsst_hardware_i -25.992445249259198 32.75 31.239999771118164 AB 3.9531486228037163 1.2143606254772834
62066.1965 lsst_hardware_r -49.99961757565182 24.5 31.489999771118164 AB 3.8305712045103912 1.1870378693867005
62068.1556 lsst_hardware_z 25.83282285011019 45.099998474121094 30.940000534057617 AB 5.506091811289626 1.2580799660213244
62068.1716 lsst_hardware_g 6.449251255498825 18.670000076293945 31.489999771118164 AB 5.591231409335353 1.2172933871334999
62069.174 lsst_hardware_r -30.589666517893484 31.829999923706055 31.549999237060547 AB 1.4846545710814683 1.2073634354145852
62069.1908 lsst_hardware_i -32.59234197919202 35.439998626708984 31.260000228881836 AB 1.5182128764502545 1.184561412054815
62074.1721 lsst_hardware_z 68.69636267415451 66.05000305175781 30.969999313354492 AB 4.02364936387622 1.1899007434204405
62076.1197 lsst_hardware_i -108.74744685317914 118.47000122070312 31.290000915527344 AB 7.417004815680881 1.307729323951724
62078.1568 lsst_hardware_z 193.64976348768084 134.19000244140625 31.729999542236328 AB 6.097401671486465 1.1955689551934245
62078.1766 lsst_hardware_r 497.15678558782247 197.6199951171875 32.380001068115234 AB 5.450259087013346 1.1775008829785423
62080.1543 lsst_hardware_i 23.372480904410597 71.68000030517578 31.299999237060547 AB 2.9966473639014914 1.1916283383642476
62080.1713 lsst_hardware_r -117.13622988373788 85.26000213623047 31.6200008392334 AB 3.6264901666531757 1.1774318722899921
62082.1961 lsst_hardware_u 13.914556352064725 9.460000038146973 29.1299991607666 AB 6.167392447741596 1.1864362906250365
62082.2146 lsst_hardware_g -134.6012688127296 50.02000045776367 31.639999389648438 AB 5.798452851616724 1.2142085334763841
62084.2023 lsst_hardware_r 5.458277887738031 26.0 31.5 AB 10.674854120142149 1.201852524222264
62084.2209 lsst_hardware_i -34.58930200018329 36.68000030517578 31.239999771118164 AB 11.193178485330135 1.2416171364758317
62087.1204 lsst_hardware_i -13.067350403904381 32.79999923706055 31.229999542236328 AB 4.228687237905324 1.2158970349083214
62087.1392 lsst_hardware_z 90.1323186928068 43.70000076293945 30.940000534057617 AB 5.934975770982145 1.186995154196429
62089.1241 lsst_hardware_i -33.03629867441578 32.630001068115234 31.229999542236328 AB 5.03790345379255 1.1995008223315595
62089.1424 lsst_hardware_u -0.6074770037753353 2.700000047683716 28.350000381469727 AB 4.942880534868842 1.1797085546336663
62092.185 lsst_hardware_g -18.28221348140988 14.880000114440918 31.389999389648438 AB 7.006206032740997 1.2097742660428155
62092.2045 lsst_hardware_r -14.949259555171915 24.360000610351562 31.459999084472656 AB 6.915480770889753 1.257131570785267
62094.1031 lsst_hardware_r 53.866471081044864 24.43000030517578 31.479999542236328 AB 6.9728803392857355 1.2122883149057666
62094.1234 lsst_hardware_i 29.212716236562926 32.40999984741211 31.239999771118164 AB 6.81320254930848 1.1837724870660205
62097.1153 lsst_hardware_z 62.61400402183596 62.2400016784668 31.690000534057617 AB 8.076619749747792 1.1836910196383577
62099.1034 lsst_hardware_g -33.281981561063354 30.399999618530273 31.600000381469727 AB 6.151799231812592 1.190421214612348
62099.1233 lsst_hardware_r 56.23208262083514 34.630001068115234 31.559999465942383 AB 6.013339123793634 1.1761457383588088
62101.1006 lsst_hardware_i -50.60519000480576 49.9900016784668 31.290000915527344 AB 4.541466701902729 1.18738916318785
62101.1201 lsst_hardware_z -27.913030211678443 52.40999984741211 30.959999084472656 AB 4.490494490670239 1.1757273059880184
62104.1474 lsst_hardware_z 8.373279287406703 79.3499984741211 30.979999542236328 AB 6.329743996955392 1.2013748985917707
62104.1667 lsst_hardware_r -77.06671833392808 108.5199966430664 31.610000610351562 AB 5.589707284725321 1.2427094897120512
62108.0768 lsst_hardware_z -103.0567777023213 96.87000274658203 31.719999313354492 AB 4.138594262275026 1.192964956697172
62111.0712 lsst_hardware_g -4.156218160668372 14.850000381469727 31.40999984741211 AB 5.446348184965677 1.189743473314549
62111.0907 lsst_hardware_r 33.21123348264201 24.18000030517578 31.489999771118164 AB 6.68653864823973 1.1761031862522977
62113.0775 lsst_hardware_i 50.313031454969405 32.18000030517578 31.25 AB 6.365936802347801 1.179313968571331
62113.0959 lsst_hardware_z 116.58489736940516 43.33000183105469 30.950000762939453 AB 7.3256525181574705 1.1763392241121158
62115.0733 lsst_hardware_i -19.6630265677455 32.470001220703125 31.239999771118164 AB 11.708158941488637 1.1785946186318337
62115.0918 lsst_hardware_u -3.0582506695419136 2.7799999713897705 28.40999984741211 AB 12.504511482850889 1.1767567564146233
62117.1185 lsst_hardware_g -13.665796513964134 14.770000457763672 31.389999389648438 AB 14.531391646244407 1.2131396949695132
62117.1382 lsst_hardware_r -16.031121526763858 24.450000762939453 31.469999313354492 AB 13.044468800843367 1.2631829051817587
62119.1172 lsst_hardware_i 61.97362679137223 32.59000015258789 31.229999542236328 AB 9.49580037931848 1.221792785219994
62119.1349 lsst_hardware_r 20.897329454781108 24.389999389648438 31.459999084472656 AB 9.998755502873026 1.2701558820815169
62121.0407 lsst_hardware_z 60.41569328798902 48.54999923706055 30.950000762939453 AB 12.091198924083885 1.1937601781166214
62121.0591 lsst_hardware_u -2.159666975329239 2.8399999141693115 28.43000030517578 AB 12.84310858170804 1.1775286363327004
62127.0401 lsst_hardware_y 18.173434273852365 60.38999938964844 30.020000457763672 AB 6.568438886935324 1.178829663843382
62127.0594 lsst_hardware_z -21.21708366313663 44.099998474121094 30.940000534057617 AB 5.760439446782692 1.1768808458422824
62130.0414 lsst_hardware_y 163.47362547667728 62.900001525878906 30.010000228881836 AB 11.128801029364777 1.175660366507928
62130.0606 lsst_hardware_r -59.49236277471634 55.38999938964844 31.600000381469727 AB 11.216052082933755 1.1823483550332066
62134.0526 lsst_hardware_z -153.56620616955325 101.72000122070312 31.729999542236328 AB 9.942665946548612 1.1849202653497748
