data/validation/pwv_sim_epoch_fit_epoch/18719498.ecsv
# %ECSV 0.9
# ---
# datatype:
# - {name: time, datatype: float64}
# - {name: band, datatype: string}
# - {name: flux, datatype: float64}
# - {name: fluxerr, datatype: float64}
# - {name: zp, datatype: float64}
# - {name: zpsys, datatype: string}
# - {name: pwv, datatype: float64}
# - {name: airmass, datatype: float64}
# meta: {SNID: '18719498', alt: 1024.0, c: -0.0854540690779686, dec: -18.681826, lat: -30.244573, lon: -70.7499537, ra: 241.171875, t0: 61154.9453125,
#   x0: 0.00013481236004633592, x1: -0.49963364005088806, z: 0.14726124703884125}
# schema: astropy-2.0
time band flux fluxerr zp zpsys pwv airmass
61107.3936 lsst_hardware_z 62.64761049332489 101.55000305175781 31.75 AB 8.703666776826797 1.0230881632521434
61109.3873 lsst_hardware_i -22.30348164098129 58.36000061035156 31.31999969482422 AB 9.474814642930367 1.0234560158712152
61109.4058 lsst_hardware_y -64.03704905272554 75.58999633789062 30.079999923706055 AB 9.486404487334958 1.020903393970006
61113.3905 lsst_hardware_g -20.87588378570254 18.59000015258789 31.540000915527344 AB 11.52498966418315 1.0204599524094666
61114.3796 lsst_hardware_z 17.056393955542642 41.630001068115234 30.950000762939453 AB 9.893734526020207 1.0213677989026462
61114.3976 lsst_hardware_y -17.245356988948505 48.650001525878906 30.049999237060547 AB 9.897831435195354 1.0223624261667175
61116.379 lsst_hardware_u -4.410878950744779 2.8299999237060547 28.479999542236328 AB 9.258136742950867 1.020555216933772
61116.3985 lsst_hardware_y -83.48884784457775 48.470001220703125 30.049999237060547 AB 9.279400280579333 1.025348097301572
61118.3802 lsst_hardware_r -11.807380038278229 24.420000076293945 31.510000228881836 AB 6.421900532362788 1.020739981566863
61118.3982 lsst_hardware_z 20.706718736859244 42.650001525878906 30.950000762939453 AB 6.467025415072898 1.028798188843927
61120.3539 lsst_hardware_i 39.99044648337873 31.520000457763672 31.260000228881836 AB 6.087829503299771 1.0251747690092456
61120.3742 lsst_hardware_z 19.87070425067974 41.459999084472656 30.950000762939453 AB 6.051717001029492 1.020669065528516
61122.3559 lsst_hardware_r 12.344007592787884 24.520000457763672 31.520000457763672 AB 6.198529761030951 1.0218900813635496
61122.3758 lsst_hardware_u 1.4173050892516939 2.8299999237060547 28.479999542236328 AB 6.451963300171356 1.022376627210927
61124.3592 lsst_hardware_i 27.738107234432718 31.350000381469727 31.25 AB 6.785666384099088 1.0204521104966295
61124.3766 lsst_hardware_z -63.0532841485383 41.59000015258789 30.950000762939453 AB 7.594667147151754 1.0253133875505822
61126.3443 lsst_hardware_r -8.671555977678599 24.25 31.520000457763672 AB 7.956361081022891 1.0221101687410978
61126.3623 lsst_hardware_u -1.7697120290750443 2.809999942779541 28.479999542236328 AB 7.946514008911926 1.021556018543306
61128.344 lsst_hardware_g 8.293944358657349 15.420000076293945 31.469999313354492 AB 9.03612520323927 1.020829237522441
61128.3625 lsst_hardware_r 21.375619830494923 24.15999984741211 31.510000228881836 AB 9.008147202323988 1.0236530911731803
61130.343 lsst_hardware_i 42.308927281319576 56.66999816894531 31.31999969482422 AB 4.271430286435307 1.0204492024133722
61130.3616 lsst_hardware_z 28.127812043306697 52.220001220703125 30.969999313354492 AB 4.29372099801775 1.0261421966106308
61133.3278 lsst_hardware_z 40.73629340439558 75.70137207841304 31.0 AB 5.871563748423108 1.021348751646391
61133.3466 lsst_hardware_r 88.73908803470397 111.46279703738333 31.670000076293945 AB 5.864265655350708 1.022688386342225
61135.3219 lsst_hardware_z -175.53851400688083 81.5417467357284 31.0 AB 6.9786194516318805 1.021460692569046
61135.3403 lsst_hardware_r 481.1289273083405 116.41111934377055 31.65999984741211 AB 7.90081072180115 1.0223726603937435
61139.3271 lsst_hardware_r 4550.963063666549 81.56185623430194 31.6299991607666 AB 8.020869736028981 1.0216367005513922
61139.3467 lsst_hardware_z 1438.7906432641205 60.57192053237932 30.959999084472656 AB 7.417864236448315 1.0338246595593572
61146.1505 lsst_hardware_i 26307.644094097574 165.7904380761144 31.940000534057617 AB 25.900142144904596 1.5509067152637483
61146.1719 lsst_hardware_z 7819.973742575537 95.29621733037503 30.93000030517578 AB 23.343704977508107 1.3714380959682646
61154.286 lsst_hardware_u 994.7153924313963 31.339998721482885 28.479999542236328 AB 8.632473268621741 1.0215944696593775
61154.3034 lsst_hardware_g 34634.73476508797 186.62563827734783 31.459999084472656 AB 9.18172633339468 1.0316546442016494
61156.2623 lsst_hardware_g 36983.924305691326 192.77932169516933 31.559999465942383 AB 6.056015496604009 1.0221410723122502
61156.2806 lsst_hardware_r 34055.48438799123 185.37991888153633 31.530000686645508 AB 6.022994210922892 1.0216112419053063
61160.2635 lsst_hardware_r 36566.78645078421 217.04286090459456 31.670000076293945 AB 10.763790542278262 1.0205224583412802
61160.2801 lsst_hardware_z 9014.790413632867 116.40413332238221 31.0 AB 10.852434404374385 1.026396696504513
61162.2056 lsst_hardware_r 33713.03108304028 242.74720220949504 31.65999984741211 AB 8.368368592090858 1.0647456698378852
61162.2245 lsst_hardware_i 19158.121278049563 184.52965252346385 31.350000381469727 AB 8.3597497077565 1.037361396561445
61164.2451 lsst_hardware_z 7392.151776613019 121.93812915873981 31.010000228881836 AB 9.738341056903575 1.0209331552526812
61164.2635 lsst_hardware_i 16715.07090777816 165.6145579244807 31.350000381469727 AB 9.438825792251283 1.0233268539898757
61169.1663 lsst_hardware_g 15493.001188456206 126.20778272488545 31.559999465942383 AB 8.439177898225898 1.1104181445034076
61169.1881 lsst_hardware_r 21838.005609381962 151.48098528054905 31.56999969482422 AB 8.175283646534886 1.0618630531932856
61171.2352 lsst_hardware_i 11192.537149065209 110.39137145677591 31.260000228881836 AB 7.664328600131576 1.0206969847134881
61171.2572 lsst_hardware_z 5775.037401835791 84.71493836970589 30.950000762939453 AB 8.151564643025454 1.0318436256994246
61174.208 lsst_hardware_r 16106.252012443623 130.02993450185537 31.520000457763672 AB 6.050201852029466 1.0243438946958001
61174.2297 lsst_hardware_g 8480.72978466068 93.55214453386077 31.479999542236328 AB 6.848987012456388 1.0211699735286102
61179.196 lsst_hardware_z 6590.891537818929 89.66107812794867 30.950000762939453 AB 8.585958745295468 1.0235392198003712
61179.216 lsst_hardware_i 10187.486893226747 105.35551805669633 31.260000228881836 AB 8.180167059655835 1.0211593366747465
61181.2035 lsst_hardware_r 24157.24065264018 159.3045484572368 32.279998779296875 AB 7.698456481552308 1.0204515384803678
61181.2189 lsst_hardware_i 20083.499743817145 147.76836493219213 32.02000045776367 AB 6.87331544991239 1.0241864774121234
61186.1593 lsst_hardware_r 10609.409849954256 116.53503906385696 31.639999389648438 AB 6.045922140300677 1.0370067419971818
61186.1798 lsst_hardware_z 6478.807208098678 93.44901852252283 30.979999542236328 AB 6.294593711546518 1.0223475250197365
61188.1613 lsst_hardware_r 9664.45912742885 133.7856877478318 31.65999984741211 AB 7.370405228027038 1.0299616025750473
61188.1846 lsst_hardware_i 8284.12037877315 116.40079632683906 31.34000015258789 AB 7.7276852205958875 1.0204483421787243
61195.0848 lsst_hardware_z 8683.20521971989 120.18401222936622 31.709999084472656 AB 13.199906755921091 1.1419756973097999
61197.1581 lsst_hardware_r 6012.517577924674 88.3151353934499 31.610000610351562 AB 5.7897385144805575 1.020532942225482
61197.1791 lsst_hardware_i 4846.5861495541585 80.26752049567591 31.290000915527344 AB 5.576141246039597 1.0264096047440663
61219.1086 lsst_hardware_z -117.87388675566963 127.97000122070312 31.75 AB 7.441693420514579 1.021614225282638
61219.1319 lsst_hardware_r 81.04990232458992 197.22999572753906 32.40999984741211 AB 6.499288555932496 1.037562030001995
61221.0936 lsst_hardware_z -86.118675372464 77.5999984741211 31.0 AB 3.760950774431894 1.0204723306015178
61221.1158 lsst_hardware_r 7.84750645127054 116.87999725341797 31.65999984741211 AB 3.775046241170134 1.0279227341511596
61224.0861 lsst_hardware_i -7.740156264434137 51.15999984741211 31.31999969482422 AB 6.621709819813339 1.0204515055961705
61224.1086 lsst_hardware_z 6.919392493008666 51.5099983215332 30.969999313354492 AB 6.679031076688859 1.028651020589723
61226.0966 lsst_hardware_r -47.67462546618251 24.18000030517578 31.520000457763672 AB 3.776571320986778 1.0244790634741237
61226.1155 lsst_hardware_u -11.073517485979295 5.21999979019165 28.93000030517578 AB 3.8378368660527573 1.0406752472687912
61234.0684 lsst_hardware_r -13.229532298087472 24.149999618530273 31.520000457763672 AB 6.380181596242989 1.0218372681701393
61234.0902 lsst_hardware_i -5.035214782803423 31.450000762939453 31.260000228881836 AB 7.218940638860151 1.0367572366595383
61236.055 lsst_hardware_z 34.00338578196211 41.349998474121094 30.950000762939453 AB 6.428609139806419 1.020468142199019
61236.0769 lsst_hardware_r 27.826683952879105 24.09000015258789 31.510000228881836 AB 6.479845869244768 1.0294729443274004
61239.0365 lsst_hardware_u -1.124219232949046 2.8399999141693115 28.459999084472656 AB 2.2660908700705624 1.0218740536186344
61239.0589 lsst_hardware_r -4.7157930774450065 24.3700008392334 31.520000457763672 AB 2.2228392598230893 1.0234066573771128
61243.017 lsst_hardware_g 12.483571338401552 45.689998626708984 31.709999084472656 AB 6.13942804737606 1.0258025141814637
61243.0385 lsst_hardware_i 44.07966472266768 46.27000045776367 31.309999465942383 AB 6.1657773809442515 1.0206832469489726
61245.0185 lsst_hardware_z 77.98649619143845 68.4800033569336 30.989999771118164 AB 6.391500938793038 1.0224220335064047
61245.04 lsst_hardware_r 39.60164450886847 88.05000305175781 31.65999984741211 AB 6.436938938758086 1.0223854731191369
61247.0082 lsst_hardware_y 43.09617512245539 81.9000015258789 30.809999465942383 AB 9.396222909778592 1.0245954030726876
61249.9995 lsst_hardware_r 105.10228136068372 92.5999984741211 31.65999984741211 AB 4.579120838741873 1.024870375725576
61250.02 lsst_hardware_i 83.00094963461726 73.52999877929688 31.329999923706055 AB 4.589370149756706 1.0207673820633243
61252.0078 lsst_hardware_z -26.388853994755628 53.060001373291016 30.979999542236328 AB 3.345085611912968 1.0205432421366134
61252.0265 lsst_hardware_r -139.1722071296959 69.66000366210938 31.649999618530273 AB 3.331896160924161 1.0249622889868988
61253.9816 lsst_hardware_y 71.35326905609028 47.439998626708984 30.049999237060547 AB 4.079601467257626 1.0295524207590223
61254.0041 lsst_hardware_u 0.4837642414643294 2.8499999046325684 28.489999771118164 AB 2.730223585081021 1.0204535918822728
61256.9811 lsst_hardware_y 49.667757550479635 47.560001373291016 30.049999237060547 AB 1.314501885154171 1.0244867585795967
61257.0018 lsst_hardware_i 6.285475537915926 31.75 31.260000228881836 AB 0.8405544030413686 1.0209162789976138
61258.9827 lsst_hardware_y -87.75853669700003 47.439998626708984 30.049999237060547 AB 3.2368752310671947 1.0216334237981677
61259.0045 lsst_hardware_r -29.5047961787432 24.860000610351562 31.530000686645508 AB 3.5433670687316035 1.0235029083569045
61261.9671 lsst_hardware_y 137.4157890866917 70.8499984741211 30.06999969482422 AB 2.1592386722075125 1.0246713357258297
61261.9882 lsst_hardware_g 4.152854250816979 16.260000228881836 31.5 AB 2.1507506470225004 1.020925940042326
61264.9672 lsst_hardware_z 3.1798484634964512 68.94000244140625 31.0 AB 4.221940666848568 1.0213960727830091
61264.985 lsst_hardware_i -29.137756991014488 32.439998626708984 31.270000457763672 AB 4.280490249148383 1.0222473131225243
61472.3899 lsst_hardware_u 3.1266185058775404 3.2200000286102295 28.540000915527344 AB 8.747916464638065 1.0252766227710235
61474.3887 lsst_hardware_r 47.83009201756958 25.100000381469727 31.530000686645508 AB 9.474097491837531 1.0231390944945946
61479.2099 lsst_hardware_i 51.59942213517707 64.44999694824219 32.310001373291016 AB 17.821435255371515 1.929248742124083
61479.2368 lsst_hardware_y -19.226328449232966 52.5 29.860000610351562 AB 14.438645236430826 1.5688211263574272
61485.2987 lsst_hardware_z 95.51947335350023 58.380001068115234 30.979999542236328 AB 4.417064307353265 1.11619541533976
61485.3169 lsst_hardware_y -77.05672183648689 52.25 30.049999237060547 AB 4.198803481764346 1.0724913107954905
61487.3638 lsst_hardware_r 126.0294789018885 98.44000244140625 31.670000076293945 AB 6.154689605022242 1.0205089711527513
61487.375 lsst_hardware_z -39.79870052318055 67.69999694824219 31.0 AB 6.437731823698918 1.0218621942379236
61489.3681 lsst_hardware_r -57.59727994463957 100.93000030517578 31.670000076293945 AB 6.789408192740386 1.0214500427883533
61489.3889 lsst_hardware_y -89.81113931963864 58.22999954223633 30.06999969482422 AB 7.681767501341107 1.034349304489377
61492.3441 lsst_hardware_r -4.672879925324464 69.30999755859375 31.65999984741211 AB 8.118719825432127 1.021543859758659
61492.3632 lsst_hardware_i 62.21232643561787 58.93000030517578 31.329999923706055 AB 8.084529724126234 1.0224953276719522
61494.3425 lsst_hardware_z 67.39536592063568 44.709999084472656 30.969999313354492 AB 6.330970342169561 1.0207400992373428
61494.3626 lsst_hardware_r -24.197344510940884 36.59000015258789 31.610000610351562 AB 6.482355561478236 1.0247163391524243
61497.3247 lsst_hardware_r 14.812368106682085 24.90999984741211 31.540000915527344 AB 9.011628530564163 1.0236803268404329
61497.3437 lsst_hardware_u 0.8979282902967503 3.0199999809265137 28.540000915527344 AB 9.231829689895141 1.020890718137969
61501.3243 lsst_hardware_z -6.692531482021495 41.290000915527344 30.950000762939453 AB 17.090087613392264 1.0206236350732178
61501.3417 lsst_hardware_r -15.520341705288358 24.139999389648438 31.520000457763672 AB 18.679301675646325 1.0238038736994568
61503.3245 lsst_hardware_u -2.8347180876992413 2.869999885559082 28.530000686645508 AB 10.135922910127762 1.0205319079870885
61503.3431 lsst_hardware_g 0.21891522705873886 15.420000076293945 31.479999542236328 AB 9.511352774796741 1.0279024594963966
61505.316 lsst_hardware_i 8.531062295367011 31.31999969482422 31.260000228881836 AB 5.4078561489988966 1.0204464853285964
61505.3338 lsst_hardware_z 92.50666515883253 41.56999969482422 30.950000762939453 AB 4.8501777896931895 1.0254075665313296
61511.2982 lsst_hardware_z 54.98736180997055 41.459999084472656 30.959999084472656 AB 17.405872223010185 1.0205131462834178
61511.3156 lsst_hardware_r 22.549611052859053 24.290000915527344 31.530000686645508 AB 17.51354521247678 1.0244035882436724
61513.2527 lsst_hardware_z -40.23164621532045 53.04999923706055 30.979999542236328 AB 13.379325065512925 1.0511932639714738
61513.2701 lsst_hardware_r -77.69796051954725 63.08000183105469 31.649999618530273 AB 13.15192207828406 1.030876475802168
61515.2875 lsst_hardware_i -2.959291718197846 87.19000244140625 31.350000381469727 AB 3.673793422261647 1.0204981728504574
61515.3049 lsst_hardware_z -44.60214045092478 74.7300033569336 31.0 AB 3.637469964142683 1.0245191777892781
61518.2828 lsst_hardware_r 42.14388132626773 134.66000366210938 31.670000076293945 AB 5.710954325950312 1.0204814448657415
61518.3012 lsst_hardware_z -105.05972160719256 93.76000213623047 31.0 AB 5.793796046171326 1.0272384467665836
61522.2605 lsst_hardware_r -89.41717011806928 47.41999816894531 31.6299991607666 AB 2.7536732852271673 1.0220555944055552
61522.2789 lsst_hardware_i 39.80718522347876 44.20000076293945 31.299999237060547 AB 2.7303132655015085 1.021696369777289
61526.2623 lsst_hardware_u 2.6471652997065216 2.809999942779541 28.469999313354492 AB 9.336474658793833 1.0205842327745227
61526.2803 lsst_hardware_r -13.873378622158041 24.959999084472656 31.530000686645508 AB 9.442349037867196 1.0278971674036483
61528.2487 lsst_hardware_i 2.1776545423865117 31.469999313354492 31.260000228881836 AB 12.124477270140737 1.0208939855292658
61528.2656 lsst_hardware_z 21.641730308316646 41.54999923706055 30.950000762939453 AB 12.985277468242662 1.0227580772592608
61530.2466 lsst_hardware_r 16.243804394709855 24.520000457763672 31.530000686645508 AB 9.314393943308877 1.0204945522579298
61530.2647 lsst_hardware_u 3.934538737708465 2.890000104904175 28.530000686645508 AB 9.316578590547568 1.02492613757399
61533.2509 lsst_hardware_i 25.92852061827365 31.719999313354492 31.270000457763672 AB 9.507951525404227 1.0223603790757232
61533.2695 lsst_hardware_z 40.149479151278236 41.970001220703125 30.950000762939453 AB 9.626186398578946 1.0350738062988114
61535.2454 lsst_hardware_r -30.874072055493464 24.690000534057617 31.530000686645508 AB 6.338545476930636 1.0223460446662316
61535.265 lsst_hardware_g -23.709405888837537 15.890000343322754 31.5 AB 7.356043389596536 1.0360624492389487
