data/validation/pwv_sim_epoch_fit_epoch/18748216.ecsv
# %ECSV 0.9
# ---
# datatype:
# - {name: time, datatype: float64}
# - {name: band, datatype: string}
# - {name: flux, datatype: float64}
# - {name: fluxerr, datatype: float64}
# - {name: zp, datatype: float64}
# - {name: zpsys, datatype: string}
# - {name: pwv, datatype: float64}
# - {name: airmass, datatype: float64}
# meta: {SNID: '18748216', alt: 1024.0, c: -0.061643049120903015, dec: -0.895283, lat: -30.244573, lon: -70.7499537, ra: 186.503906, t0: 61079.53125,
#   x0: 3.678484107520743e-05, x1: 1.0127301216125488, z: 0.263390451669693}
# schema: astropy-2.0
time band flux fluxerr zp zpsys pwv airmass
[from data line 133]
61466.2973 lsst_hardware_i -15.891173093953839 33.58000183105469 31.25 AB 3.9448561269391305 1.160536247199548
61468.2667 lsst_hardware_z -12.253442034603747 43.130001068115234 30.93000030517578 AB 6.725990155835446 1.1455318327234005
61468.2855 lsst_hardware_r 10.665699962346643 24.760000228881836 31.479999542236328 AB 6.624258326958729 1.154001711939154
61470.2726 lsst_hardware_u -4.736056428204054 2.75 28.3799991607666 AB 8.93860656523583 1.1487242844288716
61470.2914 lsst_hardware_r 11.676552358933144 24.90999984741211 31.489999771118164 AB 9.07090210765211 1.1670757954692388
61472.2706 lsst_hardware_i -24.796617948384068 32.65999984741211 31.239999771118164 AB 11.393526164697935 1.1508612287573672
61472.2891 lsst_hardware_z -62.29776106532076 43.75 30.93000030517578 AB 11.60109822239911 1.1718281032726372
61474.2684 lsst_hardware_r 21.398793185908502 25.1299991607666 31.5 AB 10.881268542276892 1.1533792874130844
61474.2886 lsst_hardware_u 2.708879590293272 2.7899999618530273 28.389999389648438 AB 11.205516890366509 1.1803046099135135
61479.0644 lsst_hardware_z -71.19753395206732 54.619998931884766 30.780000686645508 AB 23.29689476084808 2.410189815937146
61479.0766 lsst_hardware_r 42.13909846988792 30.989999771118164 31.299999237060547 AB 20.448395745956397 2.1174687528173064
61481.2517 lsst_hardware_z 24.117949233252123 43.689998626708984 30.940000534057617 AB 9.128911770366058 1.1555584519450706
61481.2708 lsst_hardware_r -5.007184800444999 25.329999923706055 31.489999771118164 AB 9.343779678807145 1.182756921367993
61485.1607 lsst_hardware_i -36.58085850826253 109.69999694824219 31.309999465942383 AB 6.3520624711878995 1.228638775858364
61485.1805 lsst_hardware_z 80.64362910938178 92.2699966430664 30.989999771118164 AB 6.259507309775649 1.1810391150520092
61492.2139 lsst_hardware_i -39.11749600370956 42.459999084472656 31.290000915527344 AB 8.728529992532156 1.1494991210533851
61492.2322 lsst_hardware_z 8.821926818511542 48.33000183105469 30.959999084472656 AB 8.982865706560183 1.168325549279467
61494.2095 lsst_hardware_r 64.58692068184993 30.420000076293945 31.540000915527344 AB 7.376371411063941 1.1501618624319332
61494.2259 lsst_hardware_g 5.460000930543524 25.920000076293945 31.579999923706055 AB 7.501406984956878 1.167110307793274
61497.2107 lsst_hardware_r -24.780974100411818 25.260000228881836 31.5 AB 9.878034701514547 1.158306132916809
61497.2272 lsst_hardware_i 25.969116196271962 33.060001373291016 31.25 AB 10.060711547932764 1.1829172895864581
61499.2103 lsst_hardware_z -2.666194441909948 43.90999984741211 30.940000534057617 AB 6.40433056552737 1.1644237391867944
61499.228 lsst_hardware_i 7.289129020291918 33.2599983215332 31.239999771118164 AB 6.57756404667354 1.1959207357588255
61501.177 lsst_hardware_r -11.786243241569887 25.219999313354492 31.5 AB 15.904688322211618 1.1455407895571605
61501.194 lsst_hardware_u -2.7823533679184766 2.75 28.360000610351562 AB 15.916830342082605 1.152808744990411
61503.1759 lsst_hardware_g 7.225737015843072 15.779999732971191 31.43000030517578 AB 9.76047263312877 1.1461559017276177
61503.1938 lsst_hardware_r 16.977593840899797 25.149999618530273 31.5 AB 9.713520883614649 1.1577498073438197
61505.1878 lsst_hardware_z -27.76606082082346 43.599998474121094 30.940000534057617 AB 5.730951085491489 1.1571834599679935
61505.2049 lsst_hardware_u -1.0037039569908364 2.7699999809265137 28.3700008392334 AB 5.815885561354605 1.182050518889185
61511.1623 lsst_hardware_r -18.849139690335416 60.18000030517578 31.6200008392334 AB 19.19942966379969 1.1496664469341134
61511.1784 lsst_hardware_z -8.075939354476366 55.09000015258789 30.969999313354492 AB 19.920368757795348 1.1655927575702842
61518.1632 lsst_hardware_z -19.35897554808015 88.87999725341797 31.709999084472656 AB 6.301841076604508 1.1713459250194254
61520.1488 lsst_hardware_r -68.9307955200021 53.459999084472656 31.600000381469727 AB 16.343096125995636 1.1593040853586236
61520.1681 lsst_hardware_i 60.00055884263847 48.13999938964844 31.270000457763672 AB 15.137721237980061 1.190345367817311
61524.1204 lsst_hardware_r -7.727847804132833 24.700000762939453 31.5 AB 10.10925533426824 1.146672438996719
61524.1395 lsst_hardware_g 17.20653431003423 15.380000114440918 31.43000030517578 AB 9.653058623572788 1.161200363716202
61526.1191 lsst_hardware_r -19.33153763255296 24.639999389648438 31.5 AB 11.173991862745988 1.1484061523891047
61526.136 lsst_hardware_i -41.9245800117158 32.59000015258789 31.239999771118164 AB 10.83660735303993 1.1636625345546234
61532.1099 lsst_hardware_r 19.245788573087165 24.719999313354492 31.5 AB 7.690810251111931 1.1532611435594005
61532.1285 lsst_hardware_i 6.9135362492020835 32.7599983215332 31.239999771118164 AB 7.233437499416172 1.1771895680942017
61533.1121 lsst_hardware_z -57.02217597618351 43.380001068115234 30.940000534057617 AB 11.983155747086528 1.1579792959013968
61533.1297 lsst_hardware_u 3.39062235450021 2.809999942779541 28.43000030517578 AB 11.701232604551635 1.1844551679878161
61535.1096 lsst_hardware_g -5.158044626981048 15.350000381469727 31.420000076293945 AB 8.684402500174258 1.1613657183209198
61535.1278 lsst_hardware_r 19.3406900754235 24.829999923706055 31.489999771118164 AB 8.308932919721052 1.1917432024939059
61538.9634 lsst_hardware_z -24.589386168240747 59.7400016784668 30.920000076293945 AB 10.646766353371437 1.4759160417778858
61538.971 lsst_hardware_i 61.16466306478354 51.099998474121094 31.239999771118164 AB 10.31908492122807 1.42253720998457
61541.0444 lsst_hardware_z -97.07405226295414 108.62999725341797 31.729999542236328 AB 5.805494375448268 1.1569339130028793
61543.0378 lsst_hardware_r 66.66099925916741 162.80999755859375 32.380001068115234 AB 8.490567287551704 1.158133645360887
61543.0562 lsst_hardware_i -41.715665074258624 130.94000244140625 32.06999969482422 AB 9.606435938024216 1.1461247887879642
61547.0433 lsst_hardware_z -92.17351527042116 82.80000305175781 31.709999084472656 AB 5.825581431684883 1.146673947022367
61553.0375 lsst_hardware_i 15.360979456521509 32.47999954223633 31.25 AB 8.13511293497826 1.1457905542222901
61553.0607 lsst_hardware_z 21.11154069749451 43.34000015258789 30.940000534057617 AB 8.56152874628767 1.1616728285329676
61554.9998 lsst_hardware_z -15.566413914688791 43.900001525878906 30.940000534057617 AB 11.030768749281684 1.1644430221980033
61555.0203 lsst_hardware_i 5.880165821469029 32.72999954223633 31.239999771118164 AB 11.105336501066656 1.1470776316551887
61556.9762 lsst_hardware_u -1.2990163911774226 2.8399999141693115 28.420000076293945 AB 8.210826257332943 1.1969425288271922
61556.9884 lsst_hardware_g 11.60474592621593 15.779999732971191 31.440000534057617 AB 8.044590404245456 1.1732223919076703
61560.0011 lsst_hardware_r -23.733201293336528 25.200000762939453 31.5 AB 12.89035255075336 1.1498549013866857
61560.0205 lsst_hardware_i 93.2308153599772 32.7599983215332 31.239999771118164 AB 12.874438565302848 1.1462200006205008
61561.9934 lsst_hardware_z -6.704356578388654 43.599998474121094 30.940000534057617 AB 4.9509077475526775 1.1513738947796925
61562.0121 lsst_hardware_u 0.45297146002934563 2.819999933242798 28.420000076293945 AB 5.055790656904367 1.1456800657700388
61570.96 lsst_hardware_y -155.49377101454166 59.90999984741211 30.020000457763672 AB 14.962366627453902 1.1596336644198022
61570.9787 lsst_hardware_z -30.505941386888484 64.95999908447266 30.969999313354492 AB 14.877563468866684 1.1463974111062607
61572.9608 lsst_hardware_y -51.71624786615567 57.369998931884766 30.020000457763672 AB 8.375700398571057 1.153399717502199
61572.9798 lsst_hardware_i 23.013723756024053 68.11000061035156 31.309999465942383 AB 8.14071984767931 1.1455315341841756
61574.956 lsst_hardware_y 126.88713545600913 62.040000915527344 30.020000457763672 AB 5.3109827392812345 1.1528488996667055
61574.9762 lsst_hardware_i -27.526818076990047 64.62999725341797 31.309999465942383 AB 7.0325037240894614 1.1456387919020166
61576.9573 lsst_hardware_y 95.33854645554855 56.13999938964844 30.010000228881836 AB 5.08633048340419 1.1483718871280926
61576.9767 lsst_hardware_g -33.30513647261437 40.34000015258789 31.639999389648438 AB 5.904540845010371 1.1470324765285962
61578.9576 lsst_hardware_y 35.084314603526636 56.06999969482422 30.010000228881836 AB 6.184908955220454 1.146202549151307
61578.9769 lsst_hardware_i 31.333340490837575 33.779998779296875 31.239999771118164 AB 10.528378608114556 1.1498465843075345
61580.9576 lsst_hardware_z -10.620036565138896 51.900001525878906 30.959999084472656 AB 5.306094864474953 1.1455299793771485
61580.9761 lsst_hardware_u -0.7811197147461627 2.9000000953674316 28.40999984741211 AB 5.77113611409492 1.1532661676792515
61582.9573 lsst_hardware_y 7.024100137502739 58.2400016784668 30.020000457763672 AB 8.777433242292336 1.1461283885474058
61582.9763 lsst_hardware_r 14.785318025054869 26.40999984741211 31.5 AB 8.854631281401412 1.1587809214885498
