data/validation/pwv_sim_epoch_fit_epoch/18784856.ecsv
# %ECSV 0.9
# ---
# datatype:
# - {name: time, datatype: float64}
# - {name: band, datatype: string}
# - {name: flux, datatype: float64}
# - {name: fluxerr, datatype: float64}
# - {name: zp, datatype: float64}
# - {name: zpsys, datatype: string}
# - {name: pwv, datatype: float64}
# - {name: airmass, datatype: float64}
# meta: {SNID: '18784856', alt: 1024.0, c: -0.07362443953752518, dec: -24.788561, lat: -30.244573, lon: -70.7499537, ra: 45.703125, t0: 61271.94140625,
#   x0: 6.273475956455956e-06, x1: 0.4651045501232147, z: 0.5583153367042542}
# schema: astropy-2.0
time band flux fluxerr zp zpsys pwv airmass
[from data line 132]
61678.1687 lsst_hardware_r 11.37188576592628 23.469999313354492 31.440000534057617 AB 5.686605681092241 1.3474038537487787
61678.1984 lsst_hardware_u -0.5518189623827573 2.630000114440918 28.350000381469727 AB 5.024775230578557 1.1900705146730852
61680.206 lsst_hardware_i 39.550527404636654 30.93000030517578 31.239999771118164 AB 5.191753497332991 1.140710450563862
61680.2268 lsst_hardware_r -12.212116718937246 22.299999237060547 31.479999542236328 AB 3.625067203706846 1.0808996507512028
61681.2843 lsst_hardware_r -30.075619218131678 22.049999237060547 31.489999771118164 AB 2.6752225986301097 1.0055967668074588
61681.3042 lsst_hardware_z -45.66897256785476 40.38999938964844 30.950000762939453 AB 3.2251094872435186 1.0072172040112228
61682.2073 lsst_hardware_u -1.1105770758365865 2.5899999141693115 28.34000015258789 AB 2.5082681092313 1.1189300115529963
61682.2278 lsst_hardware_g -31.93137793316016 13.479999542236328 31.399999618530273 AB 2.7998453608090403 1.066370785213121
61684.2084 lsst_hardware_r 23.909951411246077 22.469999313354492 31.469999313354492 AB 5.3570321048071925 1.1000065923630602
61684.2286 lsst_hardware_i -12.106379385885369 30.209999084472656 31.239999771118164 AB 4.965438403900693 1.05393485295774
61686.2068 lsst_hardware_z 19.642797801354764 43.540000915527344 30.950000762939453 AB 4.405628738464217 1.0898277646172774
61686.2255 lsst_hardware_r 56.50455640864256 29.260000228881836 31.549999237060547 AB 3.3247616072879795 1.0496484948028348
61689.2008 lsst_hardware_r 4.626069927370605 52.54999923706055 31.6200008392334 AB 4.221206846346554 1.0843533449535183
61689.2201 lsst_hardware_z 68.73318874989829 48.369998931884766 30.959999084472656 AB 3.761484777893965 1.0448568827483236
61692.2028 lsst_hardware_r 114.53272090033197 92.83000183105469 31.649999618530273 AB 8.48548068593456 1.0616139979900612
61692.2206 lsst_hardware_y 130.5946997691793 54.4900016784668 30.059999465942383 AB 6.50027181050438 1.0317891762705365
61694.2046 lsst_hardware_z 93.5248067524366 71.8499984741211 30.989999771118164 AB 7.950897389120908 1.0479978105408652
61694.2241 lsst_hardware_r -249.9646899929576 105.2300033569336 31.670000076293945 AB 7.274029649580014 1.021131417081493
61695.2644 lsst_hardware_r -3.411513771086717 91.66999816894531 31.670000076293945 AB 6.201186241905094 1.0066316068240506
61695.2826 lsst_hardware_y 68.39787911024223 54.95000076293945 30.06999969482422 AB 6.175358941798461 1.018251996559173
61696.2038 lsst_hardware_i -86.07309627229981 62.56999969482422 31.329999923706055 AB 6.053999871580425 1.0403253302062823
61696.2233 lsst_hardware_z -98.19486571061617 57.619998931884766 30.979999542236328 AB 5.163428307663953 1.0166730608246963
61700.0975 lsst_hardware_i -67.59032740314726 33.22999954223633 31.190000534057617 AB 6.280292949310492 1.4277719648326366
61700.1171 lsst_hardware_z -42.611995018112964 44.45000076293945 30.920000076293945 AB 5.663761411003155 1.2950180429868268
61702.1031 lsst_hardware_r -25.512578861991873 23.530000686645508 31.440000534057617 AB 4.1784652852416055 1.347892027497292
61702.1207 lsst_hardware_u 1.1520442812878824 2.5999999046325684 28.309999465942383 AB 3.8626896264316746 1.246028911752153
61705.0992 lsst_hardware_g -3.8876322718638545 13.869999885559082 31.329999923706055 AB 5.61411186137393 1.3204496733925353
61705.1168 lsst_hardware_r 41.24481171902858 23.31999969482422 31.469999313354492 AB 5.181560257281664 1.2250999544347236
61711.1095 lsst_hardware_r 13.10430676036578 23.15999984741211 31.459999084472656 AB 6.478576781936308 1.1851055088905638
61711.1278 lsst_hardware_i -40.06150116789055 31.06999969482422 31.229999542236328 AB 4.367658069936039 1.1199123256246253
61720.1342 lsst_hardware_i -9.356193346304588 60.06999969482422 31.31999969482422 AB 2.724946001522969 1.0469823264054954
61720.1533 lsst_hardware_z 28.233299305222435 56.34000015258789 30.979999542236328 AB 2.9879370209525975 1.0209352007804922
61722.112 lsst_hardware_r 106.61693391670455 101.2699966430664 31.649999618530273 AB 3.837547279949873 1.0812022764704172
61722.1232 lsst_hardware_z 50.380279613051975 69.33999633789062 30.989999771118164 AB 3.65106874300045 1.0570552237989732
61724.1192 lsst_hardware_r 43.75030224393 88.8499984741211 31.65999984741211 AB 4.427986386603746 1.054282473000892
61724.1372 lsst_hardware_i 33.13615954250732 70.45999908447266 31.34000015258789 AB 4.308973441951597 1.0267201720229373
61726.1227 lsst_hardware_z 64.07050574885076 47.04999923706055 30.959999084472656 AB 3.221122630473109 1.0390718162816481
61726.1409 lsst_hardware_u -16.842604422152753 9.619999885559082 29.260000228881836 AB 2.815092366830839 1.0171050011132345
61728.1042 lsst_hardware_r 22.490471168967208 22.389999389648438 31.489999771118164 AB 4.701982427428864 1.0622348192542335
61728.1218 lsst_hardware_i 53.36552092784219 30.1299991607666 31.25 AB 4.5994169153517594 1.0324747551157214
61729.1057 lsst_hardware_z 48.755270476123066 41.15999984741211 30.950000762939453 AB 6.084380712162801 1.0539982755796136
61729.1227 lsst_hardware_r 0.16611889734220042 22.260000228881836 31.5 AB 5.942652696822173 1.027755344909147
61731.0154 lsst_hardware_y 227.189652364728 74.98999786376953 29.93000030517578 AB 6.6112785051644325 1.4081530362437558
61731.0319 lsst_hardware_z 45.94032445542608 46.09000015258789 30.920000076293945 AB 6.018748292007247 1.2982632208816325
61734.0189 lsst_hardware_y 3.9740563805266995 80.69999694824219 29.979999542236328 AB 8.291089848916673 1.3274239271400374
61734.0363 lsst_hardware_u 1.5126027941798872 3.049999952316284 28.40999984741211 AB 7.734722489389951 1.231382268529457
61736.0207 lsst_hardware_y 143.19881869306076 73.0199966430664 29.979999542236328 AB 6.236089490371414 1.2842029428276391
61736.0387 lsst_hardware_r -21.160480455410347 23.270000457763672 31.459999084472656 AB 5.787024984697716 1.1957280819665717
61738.0305 lsst_hardware_z 6.9292437419234325 77.63999938964844 31.700000762939453 AB 7.470408737416152 1.207664082567612
61740.0243 lsst_hardware_y 151.22096572099025 71.33999633789062 30.010000228881836 AB 9.034857917864517 1.2109716856289419
61740.0414 lsst_hardware_g 11.920261467485489 14.220000267028809 31.389999389648438 AB 8.662965689607788 1.1433742661161377
61742.0261 lsst_hardware_y 64.93228059935115 67.26000213623047 30.010000228881836 AB 7.927019313674282 1.1800519902884827
61742.0432 lsst_hardware_i 9.706695111015632 31.709999084472656 31.239999771118164 AB 7.425419425282219 1.119777442619346
61746.0324 lsst_hardware_y -29.817109040102622 60.41999816894531 30.040000915527344 AB 6.069875506434452 1.119404110670418
61746.0526 lsst_hardware_g 2.3204681674109167 36.27000045776367 31.670000076293945 AB 4.8787953446731 1.0673365444480651
61748.0339 lsst_hardware_y 103.63527099458716 58.310001373291016 30.040000915527344 AB 5.509887591972751 1.0993391045436454
61748.0536 lsst_hardware_i -63.96578242024312 50.02000045776367 31.309999465942383 AB 5.6908217682588536 1.054409122365226
61752.037 lsst_hardware_y -17.994452837466934 61.529998779296875 30.049999237060547 AB 11.330296039904908 1.065678709547082
61752.0587 lsst_hardware_r -23.87666966546592 87.75 31.65999984741211 AB 11.771648469335844 1.0292601616976345
