data/validation/pwv_sim_epoch_fit_epoch/18898956.ecsv
# %ECSV 0.9
# ---
# datatype:
# - {name: time, datatype: float64}
# - {name: band, datatype: string}
# - {name: flux, datatype: float64}
# - {name: fluxerr, datatype: float64}
# - {name: zp, datatype: float64}
# - {name: zpsys, datatype: string}
# - {name: pwv, datatype: float64}
# - {name: airmass, datatype: float64}
# meta: {SNID: '18898956', alt: 1024.0, c: -0.04755901172757149, dec: -31.738394, lat: -30.244573, lon: -70.7499537, ra: 150.644531, t0: 60649.1796875,
#   x0: 6.523021807406688e-06, x1: 1.065963625907898, z: 0.549430251121521}
# schema: astropy-2.0
time band flux fluxerr zp zpsys pwv airmass
60645.2954 lsst_hardware_r 2224.953131989543 53.176607327809585 31.469999313354492 AB 8.295432155453094 1.2699033763514054
60645.3121 lsst_hardware_i 1848.0886832683698 52.412752478667976 31.239999771118164 AB 7.780190458733686 1.1922140914928392
60647.2425 lsst_hardware_u -1.1524904940631968 2.7922299925140055 27.989999771118164 AB 7.183519437752304 1.6329891879409648
60647.2624 lsst_hardware_r 2253.7298977586233 52.497692265540756 31.420000076293945 AB 6.3388144243082625 1.4481546870445636
60649.242 lsst_hardware_i 1615.5710663815273 53.378100700937814 31.170000076293945 AB 8.489685447838932 1.581241469144985
60649.2623 lsst_hardware_z 1340.8275959803732 58.00974872258763 30.90999984741211 AB 7.221246501288413 1.4074674833592282
60651.2394 lsst_hardware_r 2062.642250698724 51.41783005434661 31.399999618530273 AB 7.716573895759524 1.5532556150888592
60651.2595 lsst_hardware_z 1218.8330108257735 58.16685323705909 30.90999984741211 AB 8.798285789747922 1.3884722445681614
60653.2581 lsst_hardware_i 1681.658171506392 52.67004697083684 31.200000762939453 AB 12.5567436497543 1.360906456743089
60653.2809 lsst_hardware_r 2116.169197339684 51.188815472510164 31.459999084472656 AB 11.38957713977588 1.2334057600537
60657.253 lsst_hardware_r 2195.8881815253353 78.31705629384648 31.579999923706055 AB 10.54517844766866 1.3241889178965884
60657.2777 lsst_hardware_i 1703.27597188787 64.11032807319567 31.290000915527344 AB 9.525650486726985 1.1990245436121827
60659.2543 lsst_hardware_z 1458.7152047958514 69.94939821824063 30.950000762939453 AB 13.476774170889653 1.285319640382119
60659.2771 lsst_hardware_r 1993.610570583619 91.0168407450558 31.6200008392334 AB 12.363715144933545 1.179299879972368
60661.2663 lsst_hardware_z 2474.9480122427235 95.95158014665256 31.709999084472656 AB 6.338332832593482 1.2010484144631406
60666.2564 lsst_hardware_r 1376.6854493305002 55.4199680732969 31.579999923706055 AB 7.943477786334642 1.1855936994529317
60666.278 lsst_hardware_y 378.0835548151769 51.89654078837619 30.030000686645508 AB 7.448497304780354 1.1117160156388588
60667.2575 lsst_hardware_g 226.3862507733181 32.23580352153685 31.59000015258789 AB 6.446504797227348 1.1706727840001236
60667.2794 lsst_hardware_r 1261.9291550312723 49.101434631359425 31.56999969482422 AB 6.078632356259879 1.1002049513593573
60669.2578 lsst_hardware_i 2134.748247856276 64.54424637647946 31.989999771118164 AB 9.198251971032635 1.1497814963790793
60669.2793 lsst_hardware_z 1720.599014297289 72.19266647643586 31.690000534057617 AB 8.691064108671457 1.086383013583932
60671.2559 lsst_hardware_r 873.8879245930096 37.284245867724565 31.479999542236328 AB 7.015087585184284 1.1377508957035696
60671.2775 lsst_hardware_u 6.218772050586179 3.386190095083272 28.43000030517578 AB 6.576834441823106 1.0776395939411392
60673.2594 lsst_hardware_g 109.52311393295902 17.576750137208222 31.389999389648438 AB 9.659180233763164 1.110250601581973
60673.2817 lsst_hardware_i 982.9564415407973 42.64429053792794 31.25 AB 9.196965447702055 1.05712246525311
60675.2561 lsst_hardware_z 829.4188641934066 49.66176183259273 30.940000534057617 AB 7.757392055226904 1.1041838750047748
60675.2789 lsst_hardware_r 660.152859047713 33.96576376345997 31.5 AB 7.396427453050633 1.0520953321729487
60677.2616 lsst_hardware_u -2.133758752724833 2.901921056431976 28.329999923706055 AB 5.201083046676373 1.07653160894364
60677.2831 lsst_hardware_g 88.55861911049126 15.716281444922759 31.389999389648438 AB 5.073873320504088 1.0359776738251048
60679.2554 lsst_hardware_r 500.830480547734 31.372730926996862 31.489999771118164 AB 2.9304760690600227 1.0782397997399973
60679.2796 lsst_hardware_i 662.8815776376996 39.863159731433655 31.25 AB 2.781887293896504 1.033102699432366
60683.1485 lsst_hardware_r 383.1112019649586 44.80565031655201 31.479999542236328 AB 11.493380292402364 1.5880318193302057
60683.1715 lsst_hardware_i 589.7664151591489 45.41648505982965 31.229999542236328 AB 9.498444212083786 1.3929379985457964
60685.2172 lsst_hardware_z 653.114094710301 53.91787508185617 30.950000762939453 AB 8.289175656869205 1.1393272842923827
60685.2345 lsst_hardware_i 541.291028126017 46.22839868584554 31.290000915527344 AB 7.772998251658937 1.0891636971030774
60687.2119 lsst_hardware_z 743.7026667751055 60.66232958393134 30.969999313354492 AB 5.823805894866879 1.1387966161257097
60687.2296 lsst_hardware_r 441.9987323327316 71.11593653025257 31.639999389648438 AB 5.590829438323372 1.0877629142124348
60689.217 lsst_hardware_y 342.13565158217784 79.68211088922321 30.790000915527344 AB 8.716866615836556 1.1066226502268066
60691.2124 lsst_hardware_r 328.2852279567662 84.71592693645735 31.639999389648438 AB 5.606364275313883 1.1042308916352066
60691.2296 lsst_hardware_i 497.3384114007836 69.72478781367985 31.329999923706055 AB 5.393232873400608 1.0630201780626014
60700.2175 lsst_hardware_r 198.08476787286517 25.517432133631164 31.489999771118164 AB 8.947112286208359 1.0403215712036393
60700.236 lsst_hardware_u 3.121647650259155 3.0390380909792394 28.540000915527344 AB 8.754742689708078 1.0165158420560911
60702.1286 lsst_hardware_i 274.09889736072927 35.916375128257016 31.219999313354492 AB 14.669638628294425 1.3336035116631295
60702.146 lsst_hardware_r 103.27245858910615 25.91881597473822 31.459999084472656 AB 13.626023264982502 1.238729387725682
60704.1281 lsst_hardware_u 1.0679794099420645 2.9959779530920354 28.309999465942383 AB 13.009040063468422 1.304044580377919
60704.1459 lsst_hardware_g 7.4618789583033855 14.180885471877554 31.3700008392334 AB 12.114654669479668 1.2140453132385989
60706.1284 lsst_hardware_r 161.94878914931772 25.853853615743915 31.459999084472656 AB 11.549350341306466 1.27231686782838
60706.1483 lsst_hardware_i 226.13716585324298 34.571856629738065 31.239999771118164 AB 10.743791510624506 1.1811880835142246
60710.1295 lsst_hardware_z 312.6951892985479 46.79115630327405 30.940000534057617 AB 12.421718707508298 1.2141255700819371
60710.1502 lsst_hardware_g -19.31415398960535 13.663440660125264 31.40999984741211 AB 11.66452286354204 1.1352057481367444
60712.1243 lsst_hardware_r 143.5110570182788 35.43195448451859 31.540000915527344 AB 5.2938221291830345 1.2129738323951045
60712.1432 lsst_hardware_z 305.30651443047833 47.566263996996895 30.940000534057617 AB 4.478206794833683 1.140266540867514
60717.1114 lsst_hardware_z 649.070292273385 94.52053838620508 31.719999313354492 AB 2.0346750878579747 1.2096760332092598
60717.1316 lsst_hardware_r 145.32325476691733 125.72223992643919 32.38999938964844 AB 2.3266067255048073 1.1335477347160559
60719.1282 lsst_hardware_i 89.78556647347304 85.45372205199581 31.31999969482422 AB 4.138006683324811 1.1270104448456333
60719.1469 lsst_hardware_z 296.5029147401893 73.80485309876273 30.979999542236328 AB 3.904468965184678 1.0765998984884222
60723.1196 lsst_hardware_g 124.83034584255941 56.33006722544903 31.68000030517578 AB 2.645467968742748 1.1198933088126777
60723.1389 lsst_hardware_i 124.77433243497508 54.1650404869187 31.309999465942383 AB 3.388536030751392 1.070064009710966
60725.1149 lsst_hardware_z 218.8424860002022 47.09870482872805 30.950000762939453 AB 3.7398257674364004 1.117616964493551
60725.1328 lsst_hardware_r 90.8816375441294 34.281467774156674 31.579999923706055 AB 3.3254713128846576 1.0714653569599368
60728.1146 lsst_hardware_u -1.214848175332749 2.680000066757202 28.43000030517578 AB 6.723234869971892 1.0955692948175975
60728.1348 lsst_hardware_g -17.61224687725872 13.680000305175781 31.420000076293945 AB 6.832320737826408 1.0509915248547224
60732.1066 lsst_hardware_z -12.510091395652413 41.560001373291016 30.940000534057617 AB 6.210344891156531 1.088102477644591
60732.1265 lsst_hardware_r 6.105498294328784 22.290000915527344 31.489999771118164 AB 5.651846694196233 1.0463476245850658
60734.1089 lsst_hardware_u -1.3888822521595698 2.6500000953674316 28.40999984741211 AB 5.726582156959704 1.0699891922569984
60734.1288 lsst_hardware_r 11.377475911362213 22.280000686645508 31.489999771118164 AB 6.244104344903838 1.0340203706508895
60737.0247 lsst_hardware_y 85.09555056813403 50.72999954223633 29.940000534057617 AB 7.3675586254344525 1.3884462514167573
60737.0457 lsst_hardware_u 3.7532664138138663 2.569999933242798 28.270000457763672 AB 7.933408749070897 1.2622097076374996
60739.022 lsst_hardware_y 2.9101206664644206 51.11000061035156 29.950000762939453 AB 15.557770222816407 1.369522026656374
60739.0419 lsst_hardware_r 9.566081473340114 25.06999969482422 31.479999542236328 AB 13.415561858891627 1.253790827933797
60741.0207 lsst_hardware_y -22.38321645327671 51.380001068115234 29.950000762939453 AB 8.65065864900445 1.3424361652707093
60741.0411 lsst_hardware_r -60.170033924743336 32.7400016784668 31.530000686645508 AB 7.8850905997182865 1.2312277939990297
60743.0281 lsst_hardware_z 34.405421066668104 71.58999633789062 31.690000534057617 AB 13.848009525243208 1.268510273226273
60750.0115 lsst_hardware_y -50.36608740927193 55.630001068115234 29.989999771118164 AB 10.207779792139977 1.2556209511017236
60750.0328 lsst_hardware_i 45.54066661189416 70.55999755859375 31.309999465942383 AB 9.42025996889948 1.1635217549795562
60752.0078 lsst_hardware_y -50.383070282414856 50.400001525878906 29.979999542236328 AB 9.531687378055807 1.2468686477932902
60752.0251 lsst_hardware_r 1.1804461079074462 26.170000076293945 31.510000228881836 AB 9.014237447421445 1.1718977440745746
60754.0062 lsst_hardware_y 126.96428252899521 50.7400016784668 29.979999542236328 AB 5.818755724595917 1.2284494844326355
60754.023 lsst_hardware_g 0.8289553685889741 13.920000076293945 31.389999389648438 AB 5.627868558261748 1.1594290396088809
60756.005 lsst_hardware_y 8.316922342128855 50.540000915527344 30.0 AB 6.406034464673903 1.2092941979626044
60756.0235 lsst_hardware_z -69.90757326191422 42.79999923706055 30.950000762939453 AB 5.921817956814526 1.1388111455413004
60758.0023 lsst_hardware_y 10.217601648308374 49.77000045776367 30.010000228881836 AB 5.600736989953099 1.1975063053139374
60758.0207 lsst_hardware_u -3.3310027956838586 2.7899999618530273 28.5 AB 5.325484776101399 1.1301962597838282
60759.9991 lsst_hardware_z 6.353967236172224 44.619998931884766 30.950000762939453 AB 9.824860133445164 1.188203676543396
60760.0159 lsst_hardware_r 2.4838771425079984 22.790000915527344 31.5 AB 8.3589220025995 1.1281103966799295
60761.999 lsst_hardware_y -72.60864411279917 49.52000045776367 30.010000228881836 AB 7.278644300933164 1.1673536073774917
60762.0174 lsst_hardware_z -15.465908715252713 42.220001220703125 30.950000762939453 AB 7.685820149687332 1.107413690459728
60763.9946 lsst_hardware_y -17.547821298885957 50.11000061035156 30.010000228881836 AB 7.765639943085693 1.1634208009816425
60764.0106 lsst_hardware_u -0.9031707374129183 2.75 28.469999313354492 AB 6.456182639858782 1.111219043004954
60768.9908 lsst_hardware_y -88.54774179102608 49.689998626708984 30.030000686645508 AB 7.101986639073157 1.1297652239527791
60769.0081 lsst_hardware_r 24.10169390258752 25.8799991607666 31.520000457763672 AB 5.517852658196382 1.0819318937639966
60772.9883 lsst_hardware_z 5.872777131597866 54.869998931884766 30.969999313354492 AB 9.710374593920882 1.1048012735922725
60773.007 lsst_hardware_i 56.910216977629375 51.58000183105469 31.309999465942383 AB 8.046677779768814 1.0604012009359116
60774.9855 lsst_hardware_y -51.80915252494618 55.9900016784668 30.040000915527344 AB 5.964846442847471 1.0975888201026427
60775.0048 lsst_hardware_r 271.21432745594836 80.18000030517578 31.649999618530273 AB 5.985558523045447 1.0540738792014523
60777.9822 lsst_hardware_y 52.475937367808726 60.0 30.049999237060547 AB 8.448656607478775 1.085131962857169
60778.001 lsst_hardware_r 12.522463307263907 93.05000305175781 31.65999984741211 AB 6.862004376980197 1.046170150219316
60779.9817 lsst_hardware_y -93.22578991523652 74.48999786376953 30.799999237060547 AB 12.212859063287635 1.0735163770305278
60780.0007 lsst_hardware_z -76.0529462874346 75.0199966430664 31.729999542236328 AB 11.788940370355448 1.0377588354186134
60781.9797 lsst_hardware_y 53.109024078596114 49.36000061035156 30.040000915527344 AB 15.327951429595185 1.0659956484870425
60781.9983 lsst_hardware_u 0.07821286198678326 2.7699999809265137 28.520000457763672 AB 14.851804313056899 1.0332049332537883
61013.244 lsst_hardware_r 150.04327504853916 83.5 31.510000228881836 AB 6.938049809527945 1.595595885592468
61013.2663 lsst_hardware_i 8.743379417371901 63.939998626708984 31.25 AB 6.1471513463856775 1.403245627694189
61015.2566 lsst_hardware_z -93.05355942923946 87.38999938964844 31.68000030517578 AB 7.518703271900959 1.4348670366223204
61017.2574 lsst_hardware_i -63.07710068517071 55.88999938964844 31.260000228881836 AB 8.919943192553138 1.3888764394326856
61017.2817 lsst_hardware_z -54.54495884448506 54.91999816894531 30.950000762939453 AB 7.876460752030963 1.2459797124149272
61020.2525 lsst_hardware_r -87.54126404766457 44.040000915527344 31.540000915527344 AB 13.2375953836027 1.366390935549587
61020.2752 lsst_hardware_z 11.252472099541807 49.54999923706055 30.940000534057617 AB 11.884208285762808 1.2378094246185616
61022.2465 lsst_hardware_g -3.707104958718341 17.100000381469727 31.399999618530273 AB 14.871054001830371 1.3700042840074962
61022.2707 lsst_hardware_i 23.90892434161375 34.369998931884766 31.239999771118164 AB 12.964002834189051 1.2332574994471353
61024.2511 lsst_hardware_z 58.647733823126885 44.619998931884766 30.920000076293945 AB 10.664360297348312 1.3072032333229713
61024.275 lsst_hardware_r 23.450662755624588 23.239999771118164 31.469999313354492 AB 9.710640954176572 1.1904463516503676
61026.2549 lsst_hardware_u -2.446858212135538 2.5199999809265137 28.239999771118164 AB 8.887154237483491 1.2570676809623382
61026.2774 lsst_hardware_g -8.349504450105053 13.579999923706055 31.3799991607666 AB 8.199892535157904 1.160184292760483
61028.2538 lsst_hardware_r 4.762205554935931 23.0 31.459999084472656 AB 5.401297230820637 1.2357120180326324
61028.2751 lsst_hardware_i -16.605418198195206 31.110000610351562 31.239999771118164 AB 4.993494625957521 1.1489863382322874
61030.2583 lsst_hardware_z 2.997343883493384 43.029998779296875 30.93000030517578 AB 6.423742252703313 1.1917520644451276
61030.2802 lsst_hardware_r -32.06023012988642 22.440000534057617 31.469999313354492 AB 6.003292358999245 1.1152662524072467
61032.2595 lsst_hardware_u 0.11715813202151304 2.640000104904175 28.360000610351562 AB 7.810593888315099 1.1657602818380743
61032.2812 lsst_hardware_r -10.486333091370454 22.600000381469727 31.489999771118164 AB 7.3515235507984515 1.0972423210146942
61036.2541 lsst_hardware_r -12.683688895943956 22.420000076293945 31.469999313354492 AB 7.211040429966797 1.1460952711133876
61036.2763 lsst_hardware_u 1.5484525254031316 2.630000114440918 28.399999618530273 AB 6.8059684904849425 1.0820873110103784
61038.2548 lsst_hardware_g -10.392427082603234 13.479999542236328 31.3799991607666 AB 8.083125036998625 1.126018672006495
61038.2777 lsst_hardware_r 5.4754105774824255 22.34000015258789 31.489999771118164 AB 7.669896540708451 1.0666337364959775
61042.2618 lsst_hardware_r -110.77902202668788 70.6500015258789 31.639999389648438 AB 5.242112059434936 1.0776630013228816
61042.2832 lsst_hardware_z -50.553303881838175 53.560001373291016 30.969999313354492 AB 5.037814886084375 1.0368718892873987
61045.2581 lsst_hardware_z 76.33999767847249 60.43000030517578 30.979999542236328 AB 11.106296815752218 1.0676736132039817
61045.281 lsst_hardware_i 12.199037037861267 64.7699966430664 31.329999923706055 AB 10.747870674244199 1.0283731588547744
61048.2719 lsst_hardware_z 19.050391042286858 73.41000366210938 31.729999542236328 AB 9.163316673756944 1.0295861431187576
61056.2139 lsst_hardware_i 37.16538080196387 30.420000076293945 31.239999771118164 AB 5.561483836473444 1.1020113282311976
61056.2325 lsst_hardware_z -2.654659747279922 40.970001220703125 30.940000534057617 AB 5.395956781714885 1.0585842496170974
