data/validation/pwv_sim_epoch_fit_epoch/18904133.ecsv
# %ECSV 0.9
# ---
# datatype:
# - {name: time, datatype: float64}
# - {name: band, datatype: string}
# - {name: flux, datatype: float64}
# - {name: fluxerr, datatype: float64}
# - {name: zp, datatype: float64}
# - {name: zpsys, datatype: string}
# - {name: pwv, datatype: float64}
# - {name: airmass, datatype: float64}
# meta: {SNID: '18904133', alt: 1024.0, c: -0.022932395339012146, dec: -35.685333, lat: -30.244573, lon: -70.7499537, ra: 320.097656,
#   t0: 62774.01953125, x0: 1.4985223307909546e-05, x1: 0.7838241457939148, z: 0.3879859745502472}
# schema: astropy-2.0
time band flux fluxerr zp zpsys pwv airmass
62618.3492 lsst_hardware_i -22.882658248879803 35.11000061035156 31.219999313354492 AB 2.958551171689542 1.3468366487205807
62618.3689 lsst_hardware_z -71.08961152465315 44.939998626708984 30.93000030517578 AB 2.719938329983421 1.240847778276991
62620.3589 lsst_hardware_r 40.87734232208627 24.950000762939453 31.469999313354492 AB 14.55139699413911 1.2627036614144074
62620.3782 lsst_hardware_u 2.629105689333411 2.680000066757202 28.31999969482422 AB 14.751957891799865 1.1788363346491821
62622.3638 lsst_hardware_g -12.869948218214676 15.300000190734863 31.40999984741211 AB 10.811891613931937 1.2148192824642625
62622.3834 lsst_hardware_r -14.218441853178673 24.540000915527344 31.5 AB 10.136180497432887 1.1416224690900056
62623.3583 lsst_hardware_i 16.95536467874209 33.29999923706055 31.239999771118164 AB 10.863409053782322 1.2269377466647955
62623.3761 lsst_hardware_z -23.402553061078176 43.63999938964844 30.950000762939453 AB 11.92532598350848 1.1568626661447423
62625.3591 lsst_hardware_r -24.96978084395411 24.34000015258789 31.489999771118164 AB 9.88280022229102 1.2002186283523153
62625.3786 lsst_hardware_g 24.542763632175525 15.050000190734863 31.440000534057617 AB 10.172343115391913 1.1309724399131207
62627.3589 lsst_hardware_r -29.990062051231494 24.479999542236328 31.489999771118164 AB 3.5905596504143724 1.179553104603893
62627.3778 lsst_hardware_i 11.395198007807142 31.90999984741211 31.25 AB 2.9307034557953275 1.117203261524951
62633.3576 lsst_hardware_u 3.557257347049333 2.700000047683716 28.360000610351562 AB 11.102117416369826 1.1284168670927335
62633.3777 lsst_hardware_g 10.58795853976098 14.989999771118164 31.440000534057617 AB 11.331963887700383 1.0763899112061186
62637.3545 lsst_hardware_r -73.11516441792972 71.72000122070312 31.6299991607666 AB 4.586115032080156 1.1061541321948967
62637.3744 lsst_hardware_i -62.008483324340524 56.52000045776367 31.309999465942383 AB 4.359392831580268 1.0608515975617137
62639.3663 lsst_hardware_z 0.33259782995087356 87.77999877929688 31.729999542236328 AB 7.472252530493072 1.0659925622463764
62642.3545 lsst_hardware_z 77.27570035329202 60.9900016784668 30.979999542236328 AB 7.563432508299912 1.0734363480414137
62642.3743 lsst_hardware_r 126.6974842406609 76.8499984741211 31.65999984741211 AB 7.301451518197958 1.0382932976841444
62644.3558 lsst_hardware_i -24.798446131646017 47.900001525878906 31.299999237060547 AB 2.5395772737737574 1.059886873901358
62644.3754 lsst_hardware_z -48.86767967287403 50.119998931884766 30.969999313354492 AB 2.025146021077946 1.029560763130574
62646.3408 lsst_hardware_i 18.45870450934655 34.4900016784668 31.270000457763672 AB 7.905105914800735 1.079502372433671
62646.3602 lsst_hardware_z 121.95904841393437 42.86000061035156 30.959999084472656 AB 7.660611317108148 1.0430287150995012
62654.2651 lsst_hardware_i -33.40322738853193 32.84000015258789 31.209999084472656 AB 12.501143495986474 1.2676073307631792
62654.2857 lsst_hardware_z -30.50450380972348 43.54999923706055 30.93000030517578 AB 11.625558955779296 1.1776295538674326
62655.2761 lsst_hardware_u 0.09582087818757143 2.619999885559082 28.299999237060547 AB 10.491273933669984 1.204739590469309
62655.296 lsst_hardware_r 7.811487538894931 23.549999237060547 31.489999771118164 AB 10.655335290927146 1.1331243995243976
62675.253 lsst_hardware_z -17.16971996456056 43.47999954223633 30.940000534057617 AB 4.174300272448693 1.1002614551669039
62675.2739 lsst_hardware_r 0.04838761267269757 29.799999237060547 31.559999465942383 AB 3.9797045764718573 1.0548783998423372
62676.2676 lsst_hardware_g 4.134566445908523 15.8100004196167 31.469999313354492 AB 3.9946869430139182 1.0614757155927153
62676.2889 lsst_hardware_r 14.475023801678816 24.850000381469727 31.530000686645508 AB 3.853499734542082 1.0285141640236874
62678.2507 lsst_hardware_r -29.756365334215246 23.329999923706055 31.489999771118164 AB 6.254021713089236 1.085767658522437
62678.2709 lsst_hardware_i -18.35934555623988 30.719999313354492 31.239999771118164 AB 6.000568655249368 1.046078649858275
62680.2482 lsst_hardware_z -15.0420800948939 41.72999954223633 30.940000534057617 AB 6.536617611567606 1.0790058784363827
62680.2676 lsst_hardware_r -0.1063353362149432 22.940000534057617 31.489999771118164 AB 6.009346451778794 1.042685908347969
62686.1663 lsst_hardware_i 40.50491648756976 33.310001373291016 31.200000762939453 AB 11.641760211018896 1.3302335034491608
62686.187 lsst_hardware_u 2.1203540028428494 2.609999895095825 28.280000686645508 AB 9.395990298927902 1.223861188641182
62688.1649 lsst_hardware_g -15.392165584211767 14.489999771118164 31.350000381469727 AB 6.347234747364729 1.306822060400397
62688.1835 lsst_hardware_r -1.088584282617812 23.84000015258789 31.469999313354492 AB 5.927117600670334 1.2153204020238277
62694.1585 lsst_hardware_i -30.157826142056386 56.099998474121094 31.280000686645508 AB 6.707743763156714 1.2547219908636313
62694.1778 lsst_hardware_r 32.566488870667236 64.73999786376953 31.610000610351562 AB 6.892146958898315 1.172782057922916
62699.1632 lsst_hardware_z 32.19187103758035 77.22000122070312 30.969999313354492 AB 1.8820833913365957 1.1763021195853722
62699.182 lsst_hardware_r 90.09692245818974 106.56999969482422 31.639999389648438 AB 2.4032713233887533 1.115034638132734
62704.1584 lsst_hardware_u -0.813371494771845 2.640000104904175 28.329999923706055 AB 5.938412478244704 1.1453061674531735
62704.1771 lsst_hardware_g 13.11270074570514 14.75 31.43000030517578 AB 5.952660286663379 1.0920308726221573
62716.1835 lsst_hardware_z -59.429979350074596 41.150001525878906 30.950000762939453 AB 2.3202633038393303 1.0241727229481405
62716.2037 lsst_hardware_r -42.44600264470551 23.280000686645508 31.5 AB 2.260647144850859 1.0084296397238137
62718.0616 lsst_hardware_z 25.68727615861947 46.84000015258789 30.90999984741211 AB 3.183835743935166 1.4471980654250753
62718.0802 lsst_hardware_r 33.061019361320575 26.770000457763672 31.469999313354492 AB 2.9101220453942114 1.3227827479064596
62719.0644 lsst_hardware_i -34.892192516280986 36.27000045776367 31.209999084472656 AB 2.407186950283438 1.4066148910888807
62719.0828 lsst_hardware_z -0.0019175466049774637 45.869998931884766 30.920000076293945 AB 2.2648927939582415 1.2928700184331705
62722.0931 lsst_hardware_z -19.469919716655294 75.02999877929688 31.709999084472656 AB 4.5868979073793605 1.2050699467675
62723.086 lsst_hardware_r 8.70420764525128 73.37000274658203 31.610000610351562 AB 4.5585828635731005 1.2237806345162685
62723.106 lsst_hardware_i 16.657102995333325 62.5 31.309999465942383 AB 4.271935980237363 1.1470337367503884
62725.0874 lsst_hardware_z -128.20200407615576 124.2699966430664 31.729999542236328 AB 3.2535602433595043 1.1949171488129415
62731.0864 lsst_hardware_g 6.986050388683476 14.899999618530273 31.440000534057617 AB 2.9944984508241723 1.1397482050840544
62731.1052 lsst_hardware_r -41.00495473246076 23.889999389648438 31.520000457763672 AB 2.83722701621223 1.0876505189453651
62733.0631 lsst_hardware_r -19.453792756961104 24.030000686645508 31.469999313354492 AB 2.592407049269738 1.204930071703341
62733.0834 lsst_hardware_i -33.71212484993029 31.739999771118164 31.239999771118164 AB 2.3772669423868096 1.1320318773270521
62742.0813 lsst_hardware_r 19.779903695365714 23.549999237060547 31.510000228881836 AB 6.013418379035687 1.073824710542087
62742.1013 lsst_hardware_i -6.024805010491261 30.920000076293945 31.260000228881836 AB 5.180609058308157 1.0382675646285304
62744.0804 lsst_hardware_z -21.701365529636274 41.5099983215332 30.940000534057617 AB 4.134576155356685 1.0644692955219959
62744.0995 lsst_hardware_r 15.135766218759043 23.139999389648438 31.5 AB 3.4564876058230682 1.0332266657502198
62747.0684 lsst_hardware_i 24.791709152414754 31.869642282472814 31.25 AB 1.4908445123896574 1.0722285974633436
62747.0866 lsst_hardware_u 0.8358772798352503 3.297135408546774 28.56999969482422 AB 0.568765515186126 1.0397907041793892
62748.084 lsst_hardware_r 24.347856659507503 28.45760406172508 31.540000915527344 AB 0.9925572933601922 1.0395991551294783
62748.1009 lsst_hardware_z 66.69285969644223 42.017614527366455 30.950000762939453 AB 0.9834284614551126 1.0193609343921184
62751.0647 lsst_hardware_i 184.72674957265 57.37102412692185 31.31999969482422 AB 2.3169424105920533 1.0579645710463996
62751.0822 lsst_hardware_r 130.1615164780276 66.56605733917362 31.649999618530273 AB 2.2562732989131473 1.0308894146724705
62752.9901 lsst_hardware_z 181.38952521217664 78.4604703922306 30.959999084472656 AB 3.7226873642325033 1.2921511156655687
62753.0068 lsst_hardware_i 571.4823359841487 85.73994461439932 31.309999465942383 AB 3.1703710167343178 1.2120313549591197
62754.9904 lsst_hardware_y 208.9649730085086 64.64005951044669 30.0 AB 3.202125428803958 1.2623359114864485
62755.0076 lsst_hardware_r 1183.0781165575875 120.61506202798567 31.6299991607666 AB 2.369222410819793 1.1865888534990616
62756.9921 lsst_hardware_y 307.8583932786792 56.901759568254874 29.989999771118164 AB 3.268185950425337 1.2285258717886358
62757.0103 lsst_hardware_r 1702.1536738962466 78.0184856224782 31.6200008392334 AB 2.5847588392333094 1.1567072933360765
62758.1052 lsst_hardware_i 1382.5964797905895 67.33182716577825 31.329999923706055 AB 1.2310419772940993 1.0043173381962875
62758.11 lsst_hardware_z 960.643966941795 61.865738270954765 30.989999771118164 AB 1.2074294852171588 1.004517042609949
62759.9919 lsst_hardware_y 492.53680999115977 54.39062688055082 30.0 AB 3.201683727741231 1.1946581073659464
62760.0089 lsst_hardware_u -2.1743557032690233 3.788963421924302 28.420000076293945 AB 2.8996321885152323 1.1344413883079938
62761.9935 lsst_hardware_y 538.5935886483676 54.14633123270528 30.010000228881836 AB 1.7974565428797185 1.1678115059312058
62762.0129 lsst_hardware_r 3138.848816054373 60.45551464552945 31.5 AB 0.9404133426340499 1.107019826525846
62763.9983 lsst_hardware_z 3574.9714434164184 85.17465883984292 31.700000762939453 AB 7.017699296343291 1.1334408941844554
62764.9928 lsst_hardware_y 843.8284660359723 55.5513372149753 30.020000457763672 AB 3.9442268855499965 1.1422057682948008
62765.0112 lsst_hardware_g 2264.684162330507 51.142087070523814 31.43000030517578 AB 4.252730054823735 1.0904436038009575
62766.9943 lsst_hardware_y 727.5995280560699 56.22423037317171 30.020000457763672 AB 1.268250782815294 1.120857960950326
62767.0125 lsst_hardware_i 3267.901628449962 64.31334336348041 31.239999771118164 AB 1.6124704355846085 1.074980290389739
62770.9928 lsst_hardware_y 752.9225720144922 56.266507374782634 30.030000686645508 AB 2.4168338801072746 1.0954074090227865
62771.0124 lsst_hardware_i 3478.2424090820027 67.27066447201827 31.239999771118164 AB 3.278803074469892 1.0537974902546372
62773.9945 lsst_hardware_y 659.9661149265319 55.91268913714828 30.040000915527344 AB 9.216866892935254 1.0726017564221173
62774.0141 lsst_hardware_i 3880.797531429232 68.93168950914296 31.260000228881836 AB 3.462651226740505 1.0380168553806162
62984.3586 lsst_hardware_r -16.9692874262773 24.969999313354492 31.459999084472656 AB 4.5041289747285145 1.2817669250794097
62984.3776 lsst_hardware_i 9.186164424889192 32.58000183105469 31.229999542236328 AB 6.017870215296975 1.1944958744138496
62990.3644 lsst_hardware_r -26.97318143286723 24.530000686645508 31.479999542236328 AB 9.726472734435559 1.1820708204701915
62990.3837 lsst_hardware_i -22.61060232384047 31.84000015258789 31.239999771118164 AB 9.973232616360724 1.1179500746957431
62995.3694 lsst_hardware_z -53.0971175365531 84.06999969482422 31.729999542236328 AB 8.714430269228371 1.11981884724086
63010.3588 lsst_hardware_i -3.121185593640783 30.989999771118164 31.25 AB 7.166909966691366 1.050866564030992
63010.3769 lsst_hardware_r 30.961385606776783 23.420000076293945 31.520000457763672 AB 6.847077903554732 1.0254210119141154
63013.3602 lsst_hardware_u -2.3604469673666135 2.819999933242798 28.520000457763672 AB 3.8037215538781957 1.0360599838054567
63013.3813 lsst_hardware_g -8.115782232936116 14.609999656677246 31.459999084472656 AB 5.041458580673575 1.0137660528199428
63015.3567 lsst_hardware_r -27.81981125105978 23.450000762939453 31.510000228881836 AB 8.810301095889276 1.0334057938993868
63015.377 lsst_hardware_i -8.038203545357767 30.68000030517578 31.260000228881836 AB 8.252675636970327 1.012929666594836
63017.2402 lsst_hardware_r 7.5495326466682275 36.33000183105469 31.489999771118164 AB 10.521153167660437 1.465035600871766
63017.2613 lsst_hardware_z -50.45334734607426 45.369998931884766 30.920000076293945 AB 9.085415939100733 1.3215791222508824
63019.2487 lsst_hardware_z 23.42676346230555 52.84000015258789 30.93000030517578 AB 14.367715954531853 1.3652766102941436
63019.2664 lsst_hardware_i 0.5676365298204152 47.93000030517578 31.270000457763672 AB 12.449695103190795 1.2646131681984283
63019.394 lsst_hardware_g -2.8319974295978465 14.319999694824219 31.450000762939453 AB 7.630253689421189 1.0044433211902193
63019.4055 lsst_hardware_i -18.473978645700598 30.389999389648438 31.25 AB 7.713836215967091 1.007356998493866
63020.2573 lsst_hardware_z 37.495748945340075 55.63999938964844 30.940000534057617 AB 11.4002721287594 1.2979436958739663
63020.2777 lsst_hardware_r -18.119429759267657 63.689998626708984 31.600000381469727 AB 10.493529019771847 1.2010448689220097
63022.4002 lsst_hardware_y 73.10210142018413 75.79000091552734 30.81999969482422 AB 4.639927778886988 1.008679951931954
63036.2648 lsst_hardware_z -66.90807797329678 42.400001525878906 30.950000762939453 AB 3.804210987005163 1.0998008057256903
63036.2901 lsst_hardware_r 14.401213084711198 23.239999771118164 31.510000228881836 AB 3.6249359489667525 1.0470641100423896
63040.2188 lsst_hardware_z -29.942635732679047 43.63999938964844 30.93000030517578 AB 3.8465386980971825 1.2191881768929262
63040.2333 lsst_hardware_r -9.753100589624879 23.59000015258789 31.479999542236328 AB 3.6905841456329824 1.1622361828526282
63044.2802 lsst_hardware_z 28.487720563112873 41.08000183105469 30.950000762939453 AB 7.380526461377157 1.0299846203717482
63044.3019 lsst_hardware_i -26.930086458436744 30.489999771118164 31.260000228881836 AB 6.803386696724701 1.0103039347675993
63046.2435 lsst_hardware_r 47.11877210508584 28.950000762939453 31.549999237060547 AB 2.982552458265399 1.0850906348285467
63046.2638 lsst_hardware_z -8.327171777548374 41.13999938964844 30.950000762939453 AB 2.8300380762448247 1.0454518198170761
63048.2536 lsst_hardware_r 46.858339291560895 50.2400016784668 31.6299991607666 AB 8.6318123828012 1.053387997738421
63048.3047 lsst_hardware_i 132.11074287042257 53.66999816894531 32.029998779296875 AB 8.753748541751671 1.0049651043857217
63048.3493 lsst_hardware_r 12.844242807930032 22.979999542236328 31.5 AB 8.844576668508118 1.0246068003600501
63051.1666 lsst_hardware_z -72.91288801800663 111.44999694824219 31.709999084472656 AB 11.672804134660023 1.332638660602419
63053.162 lsst_hardware_r -44.3797424171084 129.22000122070312 31.59000015258789 AB 6.384556544176357 1.3275346293685244
63053.1812 lsst_hardware_i -49.769866998180596 101.97000122070312 31.309999465942383 AB 5.969501975189655 1.2285032361906076
63061.1599 lsst_hardware_z 105.49648090424432 44.040000915527344 30.93000030517578 AB 9.208408680993854 1.2260849283986268
63061.1774 lsst_hardware_r -20.584845726521674 23.899999618530273 31.479999542236328 AB 8.422921148803423 1.1572331041840247
63066.1666 lsst_hardware_r -12.128903662534094 24.06999969482422 31.489999771118164 AB 3.203875378735902 1.1475883393478246
63066.1868 lsst_hardware_z -19.884772355185113 42.29999923706055 30.950000762939453 AB 3.470677709754565 1.0900654989152454
63070.1563 lsst_hardware_g -23.471926168287467 14.8100004196167 31.40999984741211 AB 6.644142488360217 1.1455418083379685
63070.1758 lsst_hardware_r 9.123848110250215 23.84000015258789 31.5 AB 5.867853534162451 1.090256908104814
63071.1465 lsst_hardware_g 2.8226255128583486 14.850000381469727 31.40999984741211 AB 7.253995066663801 1.169999204300613
