data/validation/pwv_sim_epoch_fit_epoch/18925189.ecsv
# %ECSV 0.9
# ---
# datatype:
# - {name: time, datatype: float64}
# - {name: band, datatype: string}
# - {name: flux, datatype: float64}
# - {name: fluxerr, datatype: float64}
# - {name: zp, datatype: float64}
# - {name: zpsys, datatype: string}
# - {name: pwv, datatype: float64}
# - {name: airmass, datatype: float64}
# meta: {SNID: '18925189', alt: 1024.0, c: -0.05740252509713173, dec: -6.279288, lat: -30.244573, lon: -70.7499537, ra: 359.121094, t0: 60532.6640625,
#   x0: 1.0356042943314937e-05, x1: -1.0536880493164062, z: 0.45342835783958435}
# schema: astropy-2.0
time band flux fluxerr zp zpsys pwv airmass
[from data line 134]
60939.1748 lsst_hardware_g -9.391545247537774 15.829999923706055 31.450000762939453 AB 4.777947882997796 1.1032823005690724
60939.195 lsst_hardware_r 10.10069656276009 24.889999389648438 31.5 AB 4.918506549090049 1.0955984294082377
60944.1459 lsst_hardware_z -31.1562322092311 42.93000030517578 30.940000534057617 AB 3.232710023239661 1.1205234049357577
60944.1645 lsst_hardware_u 3.740593364852311 2.819999933242798 28.440000534057617 AB 3.1865509401179652 1.100835193499988
60946.1479 lsst_hardware_g 16.134680626609317 17.540000915527344 31.5 AB 4.79557401152904 1.110815120610518
60946.1664 lsst_hardware_r -13.808791083792002 25.68000030517578 31.520000457763672 AB 4.74791938279854 1.0971083839170668
60949.1421 lsst_hardware_i -1.389045897226052 40.16999816894531 31.280000686645508 AB 6.613327882846602 1.1082241948632765
60949.1622 lsst_hardware_z -10.340588852191155 46.130001068115234 30.959999084472656 AB 6.651035972066232 1.096023505421516
60951.1346 lsst_hardware_i 33.052973921745846 58.95000076293945 31.309999465942383 AB 3.5080892085576765 1.1104183614964553
60951.1528 lsst_hardware_z -39.59792647428919 57.150001525878906 30.969999313354492 AB 3.4264871153613936 1.0970902474542203
60954.1359 lsst_hardware_z -75.91040786227742 108.41000366210938 30.989999771118164 AB 4.810958601258262 1.1017252192725167
60954.1548 lsst_hardware_r -66.30561709506674 160.4199981689453 31.649999618530273 AB 4.781904100696379 1.095636178415942
60958.1143 lsst_hardware_z 18.239696473461954 70.54000091552734 31.709999084472656 AB 3.5234115322584185 1.1117785534341578
60960.1066 lsst_hardware_g 12.603531361690983 15.520000457763672 31.450000762939453 AB 6.455825596875035 1.1145145613940501
60960.1252 lsst_hardware_r -29.861360789000017 24.600000381469727 31.5 AB 6.608182407218514 1.0983432904875783
60964.1039 lsst_hardware_i -25.63032592733882 32.15999984741211 31.25 AB 8.635033606524848 1.105543735898538
60964.1223 lsst_hardware_u 0.3661549402080364 2.859999895095825 28.489999771118164 AB 8.526405018503835 1.095845045647882
60966.101 lsst_hardware_g 2.2809158932473164 15.25 31.440000534057617 AB 9.539703505599892 1.1033448548217986
60966.1187 lsst_hardware_r -11.257857044706443 24.299999237060547 31.5 AB 9.350854272182707 1.0956427404791758
60969.1033 lsst_hardware_i -18.87272569978049 31.8700008392334 31.239999771118164 AB 2.8779036496323975 1.097215053076905
60971.0304 lsst_hardware_z 58.50076401089682 44.400001525878906 30.93000030517578 AB 4.8458348101366955 1.2266383521418338
60973.0785 lsst_hardware_g 5.226261146828807 15.3100004196167 31.440000534057617 AB 4.21633525356662 1.106310907482386
60973.0957 lsst_hardware_r 2.029240407753705 24.299999237060547 31.5 AB 4.965167166201507 1.0962247202388284
60975.0776 lsst_hardware_i 11.679499553595123 32.619998931884766 31.25 AB 3.2179890176480335 1.10242857747445
60975.095 lsst_hardware_z -1.647316098680832 42.83000183105469 30.940000534057617 AB 4.6044228763880675 1.095595544825895
60977.0711 lsst_hardware_i -12.500110226347969 35.43000030517578 31.260000228881836 AB 2.5470941017820308 1.103235128005211
60977.0877 lsst_hardware_z 37.99153263231133 43.95000076293945 30.950000762939453 AB 3.251025999478179 1.0957283449538857
60990.0466 lsst_hardware_r -29.604770744013134 24.469999313354492 31.510000228881836 AB 3.8244602326000905 1.096986394282462
60990.0641 lsst_hardware_i -76.60190818463926 32.0099983215332 31.25 AB 3.824882598169004 1.0973173753951433
60992.0506 lsst_hardware_z 54.368439120188114 42.599998474121094 30.950000762939453 AB 4.739321022544022 1.0956067786034842
60992.068 lsst_hardware_u 4.268420912770093 2.7799999713897705 28.43000030517578 AB 4.8283346055783625 1.1026741891130354
60996.0178 lsst_hardware_y 61.287595133635875 58.70000076293945 30.049999237060547 AB 3.8654296450257903 1.1044084700073686
60996.0381 lsst_hardware_i -23.273950250434897 32.06999969482422 31.25 AB 3.8345333813561333 1.0955809661017524
60998.0194 lsst_hardware_y -79.72749385247317 59.599998474121094 30.040000915527344 AB 6.323735178118677 1.0993976318008827
60998.0384 lsst_hardware_i -29.43738453956147 32.38999938964844 31.25 AB 6.168481730813617 1.0961642691885352
61000.0203 lsst_hardware_y 109.00176005250309 62.97999954223633 30.040000915527344 AB 4.9593852933943285 1.096663230337626
61000.04 lsst_hardware_g 0.3234299789121496 15.539999961853027 31.43000030517578 AB 5.050903148046192 1.0987389923964614
