data/validation/pwv_sim_epoch_fit_epoch/18946592.ecsv
# %ECSV 0.9
# ---
# datatype:
# - {name: time, datatype: float64}
# - {name: band, datatype: string}
# - {name: flux, datatype: float64}
# - {name: fluxerr, datatype: float64}
# - {name: zp, datatype: float64}
# - {name: zpsys, datatype: string}
# - {name: pwv, datatype: float64}
# - {name: airmass, datatype: float64}
# meta: {SNID: '18946592', alt: 1024.0, c: 0.17791487276554108, dec: -51.642994, lat: -30.244573, lon: -70.7499537, ra: 10.703883, t0: 62700.57421875,
#   x0: 8.49986907767498e-06, x1: 0.31068095564842224, z: 0.4925270676612854}
# schema: astropy-2.0
time band flux fluxerr zp zpsys pwv airmass
62695.3203 lsst_hardware_i 9400.245378775586 150.52695832315865 32.79999923706055 AB 7.319065951975746 1.1998468773730733
62695.3509 lsst_hardware_z 5883.893991090981 120.73770575951555 32.15999984741211 AB 6.796477507408425 1.1301719706349969
62697.4388 lsst_hardware_z 2163.3819352857345 81.13683679441864 30.979999542236328 AB 4.9628508446354465 1.081309647316896
62707.4322 lsst_hardware_u -0.9977856184713375 4.4672608865315695 28.719999313354492 AB 6.813116907887517 1.1003984346099518
62709.441 lsst_hardware_r 2433.7845866385273 60.727233520322486 31.559999465942383 AB 3.460485068208032 1.1203210710218632
62711.2498 lsst_hardware_i 2122.515627245921 55.321541316829155 31.209999084472656 AB 5.345386952046899 1.29042897369765
62711.2731 lsst_hardware_z 1756.9109379959643 60.04394214649849 30.93000030517578 AB 5.0532852948384805 1.2100054582073583
62716.4295 lsst_hardware_g 224.1843753084902 22.981875629145087 31.469999313354492 AB 2.432218871244354 1.1333731925649368
62722.3957 lsst_hardware_z 1098.6743820246627 53.37878297729048 30.940000534057617 AB 4.294231392454939 1.106000530336952
62722.4065 lsst_hardware_g 111.03359085172036 17.273386951825003 31.3700008392334 AB 4.332860591224017 1.1219214373961721
62731.3978 lsst_hardware_z 961.8468686833004 58.0417922906849 30.950000762939453 AB 2.8259670022060255 1.1516540116306175
62731.4095 lsst_hardware_r 564.340727011242 55.51854354970839 31.600000381469727 AB 2.8841880947271896 1.1788234719593418
62733.3931 lsst_hardware_i 1031.3471031563968 47.42329456961786 31.270000457763672 AB 1.9262641953601727 1.153278967436116
62733.4034 lsst_hardware_z 897.3744699390213 54.509167730894866 30.940000534057617 AB 1.9633005698956725 1.1772151520883267
62735.3286 lsst_hardware_i 782.3914034844444 42.608581798874226 31.25 AB 1.9442916991694814 1.07761768001634
62735.3398 lsst_hardware_z 926.1063901253522 51.857679841396006 30.950000762939453 AB 2.0582098411565957 1.0846955684619741
62738.3716 lsst_hardware_r 321.6971322765866 29.33673192749596 31.469999313354492 AB 2.251491805001616 1.1374042965403466
62738.3823 lsst_hardware_i 695.0680754287519 40.589761849451925 31.229999542236328 AB 2.579980739124579 1.1595419052245297
62740.385 lsst_hardware_z 890.9539599494894 51.310577435702704 30.940000534057617 AB 3.8883542533370203 1.1790037153841784
62740.3957 lsst_hardware_u 2.944360490472035 2.778566556305785 28.350000381469727 AB 3.933815572869774 1.2081743159919454
62742.3631 lsst_hardware_g 15.38240123829221 14.500933406136678 31.3700008392334 AB 8.051163800468299 1.1420900490060713
62742.3746 lsst_hardware_r 279.68020654750154 28.228068612039657 31.469999313354492 AB 8.19877594148618 1.166947115381736
62744.3697 lsst_hardware_i 555.5290599309894 38.822906403579026 31.229999542236328 AB 5.948257840851241 1.1682721871454858
62744.3808 lsst_hardware_z 747.0164821124947 50.90344685233158 30.93000030517578 AB 5.840989566958518 1.196821903927298
62747.366 lsst_hardware_z 578.8893972378088 50.07017184892209 30.93000030517578 AB 1.1924550508028076 1.1792863531921616
62747.378 lsst_hardware_i 589.1020522653165 38.39374205529198 31.219999313354492 AB 1.4400695509849077 1.212349839470948
62751.3522 lsst_hardware_r 223.1509586879507 26.63074092344724 31.459999084472656 AB 2.801423876121323 1.1721438812223108
62751.3623 lsst_hardware_i 470.62480349848323 37.404084612785475 31.219999313354492 AB 2.7749911857670404 1.1985277220416242
62753.3503 lsst_hardware_z 996.8033939581161 81.22018575110712 31.709999084472656 AB 5.097579867160496 1.1810205310536914
62755.3558 lsst_hardware_z 538.1179805224623 71.63512587612513 30.969999313354492 AB 3.8381526193839703 1.211283174642532
62755.3674 lsst_hardware_r 166.6947846593916 94.87482506495682 31.610000610351562 AB 3.894571924607013 1.2485270115218037
62758.0466 lsst_hardware_z 405.86937504464373 65.77678887433498 30.889999389648438 AB 2.1163754542749778 1.7839635748313947
62758.0558 lsst_hardware_i 355.57998134673386 63.73155183253999 31.209999084472656 AB 2.0209158871031394 1.6951622148212964
62762.332 lsst_hardware_r 254.35246316381964 40.70435617505307 31.56999969482422 AB 2.288564310318808 1.1977831351982595
62762.3433 lsst_hardware_i 271.5302452790247 42.766843895816685 31.260000228881836 AB 1.842905589368121 1.2318201455140863
62764.2821 lsst_hardware_r 205.8964550182194 29.237976805280592 31.510000228881836 AB 7.641299413211191 1.1074346975668392
62764.2941 lsst_hardware_i 290.8302568957228 36.90499738431576 31.239999771118164 AB 7.457782270198733 1.1257029841811166
62765.29 lsst_hardware_z 396.54025776144886 46.88590624603793 30.940000534057617 AB 4.375663584310681 1.1234052848039184
62765.3011 lsst_hardware_r 160.6339981529818 27.580011292811164 31.5 AB 3.6454672595396405 1.1436760029928283
62767.2853 lsst_hardware_u -0.44769726121179587 2.638487012466846 28.3700008392334 AB 1.9724925264158069 1.1246750126858733
62767.2974 lsst_hardware_r 147.85891491791048 25.59188121583551 31.469999313354492 AB 2.3494639010712017 1.1472458519981454
62772.3012 lsst_hardware_r 121.88632782553455 25.2119952320113 31.450000762939453 AB 4.467666430347845 1.188261828187733
62772.3136 lsst_hardware_u -1.6888104840271136 2.494863636401612 28.200000762939453 AB 4.646746923569225 1.2241704299194447
62774.3041 lsst_hardware_g 24.538150041638463 13.602373504940477 31.31999969482422 AB 4.575191503471505 1.211810754462159
62774.3162 lsst_hardware_r 162.4450483786191 25.33586398440584 31.440000534057617 AB 4.680471986398243 1.250877794186846
62787.2406 lsst_hardware_y 32.897167550622186 74.44999694824219 30.770000457763672 AB 6.6559049377774855 1.1428244681327713
62791.2854 lsst_hardware_r 18.61052907803939 44.130001068115234 31.540000915527344 AB 7.971310850964864 1.31110680407328
62791.2965 lsst_hardware_g 123.25158197512587 44.68000030517578 31.549999237060547 AB 7.377550018525625 1.361611224754392
62793.2645 lsst_hardware_r -8.452371287244437 31.1299991607666 31.530000686645508 AB 4.512092402776794 1.251504919409244
62793.2755 lsst_hardware_i -3.145582275569074 36.22999954223633 31.239999771118164 AB 4.748356432463715 1.2927733276514333
62796.1847 lsst_hardware_r -22.43622724297004 22.040000915527344 31.479999542236328 AB 3.151172953916879 1.0952982113023564
62796.195 lsst_hardware_z 40.7804579768562 42.0099983215332 30.940000534057617 AB 3.2038103172622003 1.1078182286522131
62799.2157 lsst_hardware_u 5.244524305793401 2.559999942779541 28.31999969482422 AB 5.168048293567485 1.1594484655027262
62799.2268 lsst_hardware_g -17.3680298374487 13.0600004196167 31.329999923706055 AB 5.293667030529991 1.1864774816279398
62801.2206 lsst_hardware_r 11.698936358563408 22.3700008392334 31.469999313354492 AB 3.8139320635001672 1.184542919015846
62801.2313 lsst_hardware_i -48.05200746017277 31.3700008392334 31.229999542236328 AB 3.7421324576877915 1.2145837253124931
62803.2216 lsst_hardware_z -103.02682024852032 43.08000183105469 30.940000534057617 AB 3.9506925455188475 1.202158194193711
62803.2326 lsst_hardware_r 25.933820681084665 22.639999389648438 31.459999084472656 AB 4.030710571351085 1.2359088015181168
62809.1612 lsst_hardware_z -29.377264995689693 47.849998474121094 30.959999084472656 AB 5.6618650631708505 1.1101696202295785
62809.173 lsst_hardware_i 11.173658055908154 43.310001373291016 31.290000915527344 AB 5.218326586063636 1.1287749483156326
62813.1653 lsst_hardware_z 67.25139265286187 84.05999755859375 31.719999313354492 AB 6.723044194553964 1.1345793006968028
62813.1738 lsst_hardware_r 48.57156262966161 113.37000274658203 32.380001068115234 AB 5.976763364621494 1.1514442649540508
62817.0699 lsst_hardware_g 31.682017028529863 55.310001373291016 31.700000762939453 AB 4.888044839778968 1.0755760168213861
62817.0813 lsst_hardware_r -41.96322825079032 60.25 31.6299991607666 AB 4.887368828629279 1.0729679096882185
62819.079 lsst_hardware_i -3.6880343890494456 30.139999389648438 31.25 AB 4.107084494931481 1.072812667374469
62819.091 lsst_hardware_z -4.208036043146919 41.16999816894531 30.940000534057617 AB 3.116466319222687 1.074458306920423
62822.1517 lsst_hardware_u -1.5435536792546882 2.509999990463257 28.270000457763672 AB 3.210695768972006 1.1567990520526052
62822.165 lsst_hardware_g -11.256932480538683 13.220000267028809 31.34000015258789 AB 3.214266393548044 1.1891477593591102
62827.0553 lsst_hardware_u -2.402398725661995 2.609999895095825 28.399999618530273 AB 4.65682744750194 1.0728781125452382
62827.0652 lsst_hardware_g -17.79881790776007 13.100000381469727 31.3799991607666 AB 4.771293663039395 1.0735276550881754
62833.1009 lsst_hardware_i -11.206154486081068 30.510000228881836 31.229999542236328 AB 4.344657530603714 1.1179322919472106
62833.113 lsst_hardware_u -0.4852808980181243 2.5799999237060547 28.34000015258789 AB 4.358761764038878 1.138950029798505
62835.1003 lsst_hardware_g 11.474885764394841 17.049999237060547 31.489999771118164 AB 5.688339257584149 1.1258464636485201
62835.1125 lsst_hardware_r 60.9223925685413 24.3700008392334 31.5 AB 5.744391081037561 1.1488782162075122
63051.4441 lsst_hardware_z 25.668264994934393 70.36000061035156 30.979999542236328 AB 6.1977866868815354 1.072745423951773
63063.4435 lsst_hardware_i 48.85110389982888 47.779998779296875 31.290000915527344 AB 3.136933777976698 1.0862585945553294
63068.4296 lsst_hardware_r 28.433584838074612 22.760000228881836 31.489999771118164 AB 6.776691442553117 1.0860517556878269
63068.4427 lsst_hardware_i -1.8188131449032094 49.310001373291016 31.299999237060547 AB 6.842410520239632 1.099049997227584
63070.4261 lsst_hardware_z -18.810453329257726 42.06999969482422 30.950000762939453 AB 5.547313639781501 1.087708556819902
63070.4368 lsst_hardware_u -6.049002886208163 6.650000095367432 29.040000915527344 AB 5.602547661545203 1.0985387571657261
63071.3148 lsst_hardware_r -14.13985452071008 22.239999771118164 31.469999313354492 AB 5.916546665107641 1.1428523594953914
63078.3245 lsst_hardware_y -84.00937336080689 70.30999755859375 30.780000686645508 AB 3.7085586493984697 1.098073030812812
63078.3503 lsst_hardware_r 0.22608043530861374 59.02000045776367 32.349998474121094 AB 4.257991718277334 1.0772907573124186
63080.419 lsst_hardware_z -0.58349688763381 56.06999969482422 30.969999313354492 AB 1.3712309318297116 1.1107581464801228
63080.4309 lsst_hardware_g -19.356754909426527 52.95000076293945 31.68000030517578 AB 1.4051625876763436 1.1297032729543162
63084.3998 lsst_hardware_i -184.2832732484249 53.72999954223633 31.309999465942383 AB 3.1666253429360633 1.099968277520777
63084.4119 lsst_hardware_z -100.19079279993362 53.939998626708984 30.959999084472656 AB 3.23231629230724 1.116388311872176
63086.4056 lsst_hardware_i 21.317689734134138 41.369998931884766 31.280000686645508 AB 1.5611604833402593 1.115114630957328
63086.4182 lsst_hardware_z -4.06691243526319 47.7599983215332 30.950000762939453 AB 2.1076812916937153 1.1364205382963957
63096.3895 lsst_hardware_r -55.49783087925047 22.56999969482422 31.479999542236328 AB 2.7748297911864883 1.133817675505239
63096.4007 lsst_hardware_i 52.62245469836825 31.34000015258789 31.239999771118164 AB 2.8061874725804326 1.1563959365029255
63101.3368 lsst_hardware_r 55.34020860054161 22.190000534057617 31.479999542236328 AB 2.1852879611107743 1.0839273977319592
63101.3472 lsst_hardware_i -20.45202936540211 30.579999923706055 31.239999771118164 AB 2.190455965362346 1.0931328114592096
63107.3653 lsst_hardware_i 0.8821769434324007 30.809999465942383 31.229999542236328 AB 8.074100107147274 1.1450729345707245
63107.3769 lsst_hardware_z -7.83326745733135 42.650001525878906 30.940000534057617 AB 8.754087368501079 1.1707499155449017
63112.3708 lsst_hardware_z 31.37843282850403 86.55999755859375 31.709999084472656 AB 1.1958190960914343 1.18996841803609
63114.3612 lsst_hardware_z 46.39050933111681 50.900001525878906 30.950000762939453 AB 1.4825226234411144 1.1791788613570209
63114.3718 lsst_hardware_r -82.5672651877671 54.779998779296875 31.59000015258789 AB 1.504374433868135 1.2080902901972577
63117.3533 lsst_hardware_i 25.937226440377923 35.529998779296875 31.25 AB 3.5181185444650813 1.1799167840576015
63117.3653 lsst_hardware_z 28.079908048400423 45.11000061035156 30.940000534057617 AB 3.5151606752002404 1.2131004285747982
63122.2992 lsst_hardware_r -12.096896683024449 22.110000610351562 31.469999313354492 AB 3.065941826348019 1.103849442429653
63122.3118 lsst_hardware_u 1.7540129601779488 2.5399999618530273 28.31999969482422 AB 3.0839805761559744 1.1221615850653959
63124.2171 lsst_hardware_u -0.284069854871856 2.5999999046325684 28.3799991607666 AB 0.8639704222192996 1.0816531107617886
63124.2285 lsst_hardware_g -2.155107412849477 13.220000267028809 31.389999389648438 AB 0.82558494407973 1.075680708898671
63126.2988 lsst_hardware_i -18.792108417316975 30.709999084472656 31.239999771118164 AB 1.2411512332303158 1.1188262318782893
63126.31 lsst_hardware_z 10.822271450965683 42.209999084472656 30.940000534057617 AB 1.2529290245787068 1.1383364850804867
63129.3281 lsst_hardware_g 3.1627025996992284 13.279999732971191 31.350000381469727 AB 7.752256959454922 1.2001946008703273
63129.3403 lsst_hardware_r 9.844550436822539 22.75 31.450000762939453 AB 6.501723208376032 1.237598402660474
63131.1517 lsst_hardware_z 20.673404941592867 42.27000045776367 30.940000534057617 AB 3.852275645590264 1.141471375057612
63131.163 lsst_hardware_r 2.752050887705925 22.239999771118164 31.469999313354492 AB 3.8046769490051817 1.1212486403905346
63133.3226 lsst_hardware_z -15.279052984503044 43.18000030517578 30.93000030517578 AB 5.3134263986886685 1.2160725660717615
63133.334 lsst_hardware_i 27.000851793858732 31.700000762939453 31.219999313354492 AB 5.150843758365475 1.2533991381835932
63137.3114 lsst_hardware_r 45.77320732871105 65.52999877929688 31.600000381469727 AB 4.551436204387563 1.2152286056571238
63137.3228 lsst_hardware_z -26.260229243175942 55.900001525878906 30.950000762939453 AB 4.6917736773895 1.2524198987559974
63143.2413 lsst_hardware_i -3.8444408458024992 48.369998931884766 31.299999237060547 AB 2.8788388980156805 1.1031442960847342
63143.2537 lsst_hardware_z -33.04728027289687 50.58000183105469 30.959999084472656 AB 3.091804725776318 1.1209298380409018
63145.2493 lsst_hardware_r -41.60236378649028 41.0 31.579999923706055 AB 5.420943224949643 1.12265840638195
63145.2613 lsst_hardware_z 47.10755856437378 46.720001220703125 30.950000762939453 AB 6.814071123460923 1.1445808158108057
63147.2508 lsst_hardware_g -9.857878457744482 20.989999771118164 31.530000686645508 AB 4.296104959640568 1.1348344526654666
63147.2618 lsst_hardware_i 4.966268844131402 33.93000030517578 31.239999771118164 AB 4.322778858610172 1.1571639667914655
63149.1619 lsst_hardware_r 48.20896699678309 21.8700008392334 31.469999313354492 AB 3.347846948333347 1.0750953591309187
63149.1751 lsst_hardware_z 27.441793978662904 41.38999938964844 30.950000762939453 AB 3.6774202690373055 1.0727597050867286
63151.2813 lsst_hardware_g -10.898496109955511 13.050000190734863 31.31999969482422 AB 6.7358410556927275 1.2411721127127957
63151.2919 lsst_hardware_r 45.075595711543535 22.600000381469727 31.43000030517578 AB 6.7742092872345525 1.2793596387600665
63153.238 lsst_hardware_r -4.762895599977698 22.229999542236328 31.459999084472656 AB 7.192609502121607 1.1416840479558108
63153.2493 lsst_hardware_i 39.9634153042136 31.110000610351562 31.229999542236328 AB 7.345782983205559 1.1659972989215173
63155.2388 lsst_hardware_z 22.400157358763085 42.380001068115234 30.940000534057617 AB 8.233700109240566 1.1546347089104707
63155.2499 lsst_hardware_r 31.008359422154776 22.399999618530273 31.469999313354492 AB 8.424318127239372 1.1808274348725336
63157.2392 lsst_hardware_u 2.225774601843364 2.619999885559082 28.3700008392334 AB 5.80950205021438 1.1679347395303286
63157.2499 lsst_hardware_r 30.37595030394842 22.40999984741211 31.459999084472656 AB 6.02792159097724 1.1953244499996178
63159.222 lsst_hardware_g 16.406259413413874 13.119999885559082 31.3700008392334 AB 1.2833439997669256 1.1424427297629471
63159.2331 lsst_hardware_i 13.217941862148328 30.860000610351562 31.229999542236328 AB 1.3115519936835631 1.1664288093236646
63163.1812 lsst_hardware_r -3.731222019743172 37.310001373291016 31.59000015258789 AB 2.4505590560606674 1.096651451528175
63163.1924 lsst_hardware_y -85.83455543663737 48.959999084472656 30.030000686645508 AB 2.6313880145600184 1.1107980502592683
63166.2196 lsst_hardware_z -46.886188236978334 56.369998931884766 30.959999084472656 AB 3.6741249810916594 1.1801573857199898
63166.2303 lsst_hardware_r -89.18967972750399 68.33000183105469 31.610000610351562 AB 3.917913944147323 1.2095126785976145
63168.2182 lsst_hardware_z -13.073745164187955 64.20999908447266 30.969999313354492 AB 3.8970701921382265 1.1907934993291853
63168.2284 lsst_hardware_r 210.82519517657505 90.7699966430664 31.610000610351562 AB 3.971762918334794 1.2202661431720647
63170.2158 lsst_hardware_i -68.96651924678169 65.97000122070312 31.299999237060547 AB 4.562517833931769 1.199216164870939
63170.2264 lsst_hardware_z 108.72998510491801 61.33000183105469 30.959999084472656 AB 4.71144420889135 1.231213643438506
63181.0728 lsst_hardware_r 18.06640990123245 21.8799991607666 31.469999313354492 AB 3.7071634658150003 1.0757353965706504
63181.086 lsst_hardware_i -21.020287847216853 30.110000610351562 31.239999771118164 AB 2.105444976816246 1.0728382047474145
63183.0732 lsst_hardware_z 40.08886047607026 41.36000061035156 30.940000534057617 AB 4.680138793444776 1.0739189521442807
63183.0843 lsst_hardware_u 2.086472183325326 2.559999942779541 28.350000381469727 AB 3.718233921409051 1.072799573391085
63186.1556 lsst_hardware_r -9.529006861587632 22.260000228881836 31.459999084472656 AB 6.850944778047548 1.1578246227248472
63186.1667 lsst_hardware_i -3.564347524466948 31.1200008392334 31.229999542236328 AB 6.573208077694191 1.1845752527831943
63187.1523 lsst_hardware_z -14.945062512285725 42.209999084472656 30.93000030517578 AB 3.1938602994400926 1.1565671915409927
63187.1639 lsst_hardware_r -9.195388388028821 22.329999923706055 31.450000762939453 AB 3.292617850518993 1.1843949102586304
63191.0324 lsst_hardware_z 1.8262061075354794 62.18000030517578 31.700000762939453 AB 4.945338543568432 1.082901087987832
63191.0448 lsst_hardware_g -3.875477651268229 35.22999954223633 32.349998474121094 AB 4.151609657980022 1.0760111424570251
63193.0571 lsst_hardware_r -16.528003799109655 45.97999954223633 31.6200008392334 AB 7.3085914810805965 1.072807644835747
63193.0706 lsst_hardware_i -52.10161673892235 42.970001220703125 31.290000915527344 AB 7.340136941124616 1.0755698691401632
63195.0657 lsst_hardware_z -108.63517626439592 73.31999969482422 31.719999313354492 AB 5.563234024899749 1.0757832973249914
63197.0577 lsst_hardware_z 24.392334776453996 56.04999923706055 30.969999313354492 AB 3.9430386832792954 1.0748856019844817
63197.069 lsst_hardware_r -66.71923539852132 74.43000030517578 31.639999389648438 AB 3.921920577251341 1.0801213377172516
63199.099 lsst_hardware_i 77.29116513192834 62.29999923706055 31.309999465942383 AB 5.610242394788014 1.11811643615714
63199.1101 lsst_hardware_z -21.984689634440286 58.31999969482422 30.969999313354492 AB 5.707606082681 1.1372753884194342
