data/validation/pwv_sim_epoch_fit_epoch/19071899.ecsv
# %ECSV 0.9
# ---
# datatype:
# - {name: time, datatype: float64}
# - {name: band, datatype: string}
# - {name: flux, datatype: float64}
# - {name: fluxerr, datatype: float64}
# - {name: zp, datatype: float64}
# - {name: zpsys, datatype: string}
# - {name: pwv, datatype: float64}
# - {name: airmass, datatype: float64}
# meta: {SNID: '19071899', alt: 1024.0, c: -0.08827542513608932, dec: -13.401351, lat: -30.244573, lon: -70.7499537, ra: 36.914062, t0: 62718.5390625,
#   x0: 3.3572078551826635e-06, x1: 0.7661349773406982, z: 0.721372127532959}
# schema: astropy-2.0
time band flux fluxerr zp zpsys pwv airmass
[from data line 133]
63158.2571 lsst_hardware_r -47.52346007577292 23.200000762939453 31.5 AB 3.8913396625535297 1.0662178269850457
63160.1778 lsst_hardware_g 5.789104547053047 14.3100004196167 31.420000076293945 AB 2.688138300161152 1.0762598292384165
63160.1954 lsst_hardware_i -50.293909819042476 30.770000457763672 31.25 AB 2.675433725286121 1.0552591606441852
63162.179 lsst_hardware_z 14.002471892763436 42.79999923706055 30.950000762939453 AB 3.4441725978992057 1.0668578000721676
63162.1973 lsst_hardware_r 65.05935881176181 26.649999618530273 31.530000686645508 AB 3.3804260706656635 1.0500391604884025
63164.1714 lsst_hardware_y -42.56057605141895 69.2300033569336 30.799999237060547 AB 4.8905750532192345 1.0696795829438395
63167.1662 lsst_hardware_r 45.81029741637193 94.91000366210938 31.65999984741211 AB 3.0524963029184855 1.0657847372638665
63167.1844 lsst_hardware_i 13.772595814536707 75.73999786376953 31.34000015258789 AB 2.121630764438429 1.049619441509777
63169.1675 lsst_hardware_z 83.60196971635789 86.98999786376953 31.0 AB 5.398699778258359 1.0582919063495664
63169.1846 lsst_hardware_r 160.87310347270622 127.45999908447266 31.65999984741211 AB 5.397296243404416 1.0471376013848055
63180.1268 lsst_hardware_u 1.3471945130539593 2.819999933242798 28.510000228881836 AB 9.457281227960744 1.0709387065728877
63180.1447 lsst_hardware_g -16.574345629371876 14.430000305175781 31.450000762939453 AB 9.265590552355572 1.0522304446783024
63182.1294 lsst_hardware_r -19.242734040398815 22.860000610351562 31.489999771118164 AB 4.625801411893934 1.060963626580976
63182.1473 lsst_hardware_z 14.970072851598534 41.08000183105469 30.940000534057617 AB 4.441264286329076 1.0477974881239875
63185.1273 lsst_hardware_r 3.185734522436728 22.979999542236328 31.5 AB 4.409870833876852 1.0551192328931074
63185.1453 lsst_hardware_u -5.429495877925267 2.6500000953674316 28.399999618530273 AB 4.36618208006545 1.046021780446513
63188.1788 lsst_hardware_g -12.862676577125464 14.130000114440918 31.40999984741211 AB 6.077252584602981 1.0710073285442603
63188.1984 lsst_hardware_r 27.40714050621936 23.139999389648438 31.479999542236328 AB 6.098810337934043 1.1067114889870766
63190.1036 lsst_hardware_r -17.37276721792951 25.25 31.520000457763672 AB 6.177073513286595 1.0655331937934693
63190.124 lsst_hardware_i -24.789328775063648 31.43000030517578 31.25 AB 6.0439553762059095 1.0484180594187216
63192.1091 lsst_hardware_z 45.15840069619103 44.150001525878906 30.950000762939453 AB 4.0209954465596836 1.0543646831290714
63192.1281 lsst_hardware_r 43.92710242472796 36.029998779296875 31.59000015258789 AB 4.366989126474088 1.0457558124501418
63194.1167 lsst_hardware_z -27.599220255426964 75.06999969482422 31.719999313354492 AB 8.273504523435717 1.047013986767365
63196.0972 lsst_hardware_r 134.01792053068186 93.58000183105469 31.649999618530273 AB 3.7133246922906937 1.0551715914632933
63196.1158 lsst_hardware_z 2.919730585718957 68.04000091552734 30.989999771118164 AB 3.6847304093621274 1.0459317542839035
63200.1441 lsst_hardware_g 86.20070412355135 97.9800033569336 31.719999313354492 AB 5.638314441141067 1.068368439818298
63200.1634 lsst_hardware_r -99.53620271053636 92.4000015258789 31.649999618530273 AB 5.768034947100157 1.1017687688458349
63203.0739 lsst_hardware_r 15.671734504633715 22.6299991607666 31.5 AB 7.016769874358579 1.0590426419264833
63203.0932 lsst_hardware_i -9.016968896372918 30.360000610351562 31.25 AB 6.855310452094773 1.04668837788272
63205.0757 lsst_hardware_z 0.8420574066743982 41.40999984741211 30.950000762939453 AB 1.558073026140725 1.052752044689679
63205.0947 lsst_hardware_r -27.23038904945587 22.790000915527344 31.5 AB 3.8747049641592617 1.0456161637562682
63207.0664 lsst_hardware_u -1.2995460825477172 2.640000104904175 28.40999984741211 AB 4.908535726327847 1.0558261403155225
63207.0858 lsst_hardware_g -21.615824383332605 13.739999771118164 31.40999984741211 AB 6.030796704047789 1.045923812703247
63209.0668 lsst_hardware_r -20.795432197665203 22.610000610351562 31.489999771118164 AB 5.646304972526377 1.0513555483709853
63209.0868 lsst_hardware_z 26.007704891833313 40.9900016784668 30.940000534057617 AB 6.47968404504744 1.045700644726449
63212.0668 lsst_hardware_r -12.72185277284497 22.399999618530273 31.489999771118164 AB 14.227298880520069 1.0472607335544115
63212.0854 lsst_hardware_u 0.029724865915673363 2.690000057220459 28.450000762939453 AB 13.049780842296661 1.047109835425537
63215.0438 lsst_hardware_z -9.772056461331722 43.16999816894531 30.950000762939453 AB 8.111749615128737 1.0564955502489068
63215.0624 lsst_hardware_g 10.370008354289622 13.930000305175781 31.43000030517578 AB 8.033947313360493 1.0462031545150345
63217.046 lsst_hardware_y -43.771332458737234 48.349998474121094 30.049999237060547 AB 11.464638672089658 1.0506931835301792
63217.0653 lsst_hardware_i 19.925458428784992 30.299999237060547 31.25 AB 11.425208002308398 1.0457297934336136
63219.0454 lsst_hardware_y -51.358274869500086 49.790000915527344 30.040000915527344 AB 4.300568143632902 1.048152118848051
63219.065 lsst_hardware_r 36.18896580708195 24.790000915527344 31.520000457763672 AB 4.38990951895491 1.0467118547819647
63221.0355 lsst_hardware_y 43.98661262730012 66.62000274658203 30.06999969482422 AB 4.726965725680099 1.050436827928911
63221.0557 lsst_hardware_g -1.5911084846559533 33.560001373291016 31.670000076293945 AB 4.606438585501985 1.045887819307194
63223.0355 lsst_hardware_y 13.949550691402651 70.8499984741211 30.06999969482422 AB 6.00453018312434 1.047728177128885
63223.0541 lsst_hardware_z 20.255972910025562 55.029998779296875 30.979999542236328 AB 5.120365916406115 1.0467171646089515
63225.0479 lsst_hardware_y 151.50335160971332 124.44000244140625 31.56999969482422 AB 7.463051869668642 1.046515640319993
63227.0373 lsst_hardware_z 127.91167871427784 78.12999725341797 30.989999771118164 AB 6.631985541237294 1.0456696601519884
63227.0592 lsst_hardware_r 100.1295161499072 89.37999725341797 31.65999984741211 AB 6.628309381315713 1.0560518412039666
