data/validation/pwv_sim_epoch_fit_epoch/19187069.ecsv
# %ECSV 0.9
# ---
# datatype:
# - {name: time, datatype: float64}
# - {name: band, datatype: string}
# - {name: flux, datatype: float64}
# - {name: fluxerr, datatype: float64}
# - {name: zp, datatype: float64}
# - {name: zpsys, datatype: string}
# - {name: pwv, datatype: float64}
# - {name: airmass, datatype: float64}
# meta: {SNID: '19187069', alt: 1024.0, c: 0.08203371614217758, dec: -28.630989, lat: -30.244573, lon: -70.7499537, ra: 311.308594, t0: 60868.98828125,
#   x0: 6.534157376813272e-05, x1: 0.4531319737434387, z: 0.2044992297887802}
# schema: astropy-2.0
time band flux fluxerr zp zpsys pwv airmass
60790.3449 lsst_hardware_r -5.133045787926601 26.25 31.479999542236328 AB 19.99186134053097 1.2815295731109597
60790.3629 lsst_hardware_i -54.56748972891262 33.689998626708984 31.239999771118164 AB 18.632819923928675 1.1944115335851715
60792.3332 lsst_hardware_z 48.97933226116732 46.11000061035156 30.93000030517578 AB 2.6546186113160846 1.317646564187335
60792.3514 lsst_hardware_r 0.6425264013212929 25.989999771118164 31.489999771118164 AB 2.678211377822587 1.2210690172443406
60794.3354 lsst_hardware_r 26.551766277456014 26.020000457763672 31.479999542236328 AB 14.568558204130161 1.273772284110238
60794.3414 lsst_hardware_i 17.859803353026255 33.88999938964844 31.229999542236328 AB 14.31820861856115 1.2427562161695245
60795.3464 lsst_hardware_i 32.68309232455746 33.529998779296875 31.229999542236328 AB 12.786075893199458 1.206688929143063
60795.364 lsst_hardware_z -32.686492034335124 43.599998474121094 30.940000534057617 AB 11.977421260981027 1.1387095264003004
60802.3361 lsst_hardware_i -1.3560648473191685 32.880001068115234 31.25 AB 6.9342225370005 1.1703823008567524
60802.3565 lsst_hardware_z 34.44281131577043 42.72999954223633 30.950000762939453 AB 6.6793008073265066 1.1030594620084235
60804.3521 lsst_hardware_r 58.983267981188575 39.84000015258789 31.600000381469727 AB 8.54056399410998 1.100127394340019
60804.3733 lsst_hardware_g 21.837873645684407 15.8100004196167 31.489999771118164 AB 8.189233789677159 1.0516207633859607
60806.3466 lsst_hardware_r -62.58727869562596 73.70999908447266 31.639999389648438 AB 7.504165814673949 1.1002369056042738
60806.3641 lsst_hardware_i 53.652730149661146 58.650001525878906 31.329999923706055 AB 7.222971619287924 1.0588538619493895
60814.3613 lsst_hardware_z 142.5679271861046 79.87000274658203 31.729999542236328 AB 8.398522666652907 1.027384113519713
60819.3057 lsst_hardware_z -27.678215756585924 43.189998626708984 30.940000534057617 AB 8.002980507964088 1.115760829254218
60819.3274 lsst_hardware_r -56.518317756540036 24.43000030517578 31.5 AB 7.618607654039382 1.0613091389620926
60824.2563 lsst_hardware_r -1.166378328811448 24.700000762939453 31.479999542236328 AB 10.47194016706796 1.2589492867357488
60824.2771 lsst_hardware_z 5.794339564056471 43.43000030517578 30.940000534057617 AB 9.709112496093578 1.1663298091288914
60826.238 lsst_hardware_r -12.378953447457745 25.020000457763672 31.469999313354492 AB 9.57485727746826 1.3323394249590756
60826.2572 lsst_hardware_u -2.6655616288554222 2.7799999713897705 28.399999618530273 AB 8.374848393869748 1.227503673129238
60830.2694 lsst_hardware_z -6.717286986214617 43.04999923706055 30.940000534057617 AB 12.96554146235022 1.1355352480600998
60830.2912 lsst_hardware_r 12.508091920676398 24.09000015258789 31.5 AB 12.314630449947321 1.0747392010077736
60833.2277 lsst_hardware_r 53.96423222575705 55.689998626708984 31.56999969482422 AB 5.098217794200799 1.2804766530706848
60833.248 lsst_hardware_z 31.11311726712705 50.720001220703125 30.950000762939453 AB 4.7227971069609715 1.1841035745170099
60842.2287 lsst_hardware_i 49.510995535441445 99.36000061035156 32.060001373291016 AB 8.63615260673691 1.1635360767149023
60842.2523 lsst_hardware_z -1.3712171261022807 89.61000061035156 31.729999542236328 AB 7.1918311986669865 1.0896713937374223
60844.2593 lsst_hardware_z -82.73825204092708 45.7599983215332 30.959999084472656 AB 5.3790834731172525 1.060998087994483
60844.2816 lsst_hardware_r -48.831748409252285 39.04999923706055 31.6200008392334 AB 5.209943696033032 1.0245710316682255
60849.2025 lsst_hardware_u 3.4664264822742084 2.6707571776270935 28.309999465942383 AB 3.6927365602343194 1.1915897257935848
60849.2177 lsst_hardware_g 309.29037579600185 22.534812634943364 31.420000076293945 AB 3.5831839476684557 1.134966540108789
60851.1561 lsst_hardware_g 1046.4195745873267 36.15931568567196 31.31999969482422 AB 5.578571591542271 1.427748823735945
60851.1762 lsst_hardware_r 1935.7796684765328 50.03211685192007 31.459999084472656 AB 4.890046898240696 1.293691721133366
60861.1467 lsst_hardware_i 11432.510602473212 113.85374812049831 31.25 AB 4.736497480820521 1.3064397961164855
60861.1659 lsst_hardware_r 15744.08301005168 132.32488318019202 31.579999923706055 AB 4.388051910462571 1.2080809169145181
60863.1595 lsst_hardware_z 7296.387364156609 101.90288823355249 30.950000762939453 AB 2.1820772769705292 1.2122651538725162
60863.1785 lsst_hardware_r 18467.75931106447 149.8540551095925 31.6200008392334 AB 2.567071305311747 1.1382225710811766
60865.1548 lsst_hardware_r 19870.318147131984 171.90785124279475 31.6200008392334 AB 3.8164170373202477 1.2088745762813582
60865.1742 lsst_hardware_i 14557.662748989142 144.99303984677448 31.31999969482422 AB 2.890737558445489 1.1343639863094983
60867.1459 lsst_hardware_z 7136.611902287123 140.05881045449797 30.979999542236328 AB 9.131895474136554 1.2245250384360282
60867.1645 lsst_hardware_r 21485.415153345042 221.941838724657 31.639999389648438 AB 8.561682767288193 1.1488079569668388
60870.1608 lsst_hardware_z 13931.361102231913 152.72549733392114 31.729999542236328 AB 8.506356734020097 1.1335385593523721
60872.1554 lsst_hardware_r 20129.86645055851 147.25991868373467 31.579999923706055 AB 3.230586060691259 1.1333401370606067
60872.1727 lsst_hardware_z 6947.09452393121 94.1894331078402 30.959999084472656 AB 3.3310210215926976 1.0838757086448214
60875.176 lsst_hardware_r 18027.610571431782 135.62132937166672 31.510000228881836 AB 3.3740321297754474 1.058298540365554
60875.1955 lsst_hardware_i 14040.91356896201 122.04193804176874 31.260000228881836 AB 3.2779696422103024 1.0264237065606456
60881.1597 lsst_hardware_g 8390.289737395826 92.899833228269 31.469999313354492 AB 5.844085567066007 1.0581360794977381
60881.1788 lsst_hardware_i 10667.507201291393 107.07576045683432 31.260000228881836 AB 6.028555714362272 1.0268362654338736
60884.0761 lsst_hardware_g 5845.996865993786 78.45214834802636 31.360000610351562 AB 6.093084885550434 1.355273746554251
60884.0865 lsst_hardware_r 11860.254172274144 111.87004585152421 31.469999313354492 AB 4.907450130963483 1.2914342449903902
60888.0452 lsst_hardware_r 9544.938054054976 103.10553509604966 31.459999084472656 AB 5.728700220421603 1.5106999812121575
60888.0634 lsst_hardware_g 4583.547352723943 72.32948725881187 31.5 AB 5.165991640380018 1.3672371514646835
60890.0462 lsst_hardware_r 9323.46475043301 106.37514709192584 31.510000228881836 AB 2.299270531849633 1.4550042916308388
60890.0659 lsst_hardware_i 7907.905008834889 98.85163665793156 31.25 AB 2.0760752652780017 1.3161235766990342
60891.0495 lsst_hardware_z 3771.1918947133718 81.52324300327703 30.93000030517578 AB 2.0987413008596314 1.4079212662296277
60891.0687 lsst_hardware_i 7969.859108049595 102.26292987584695 31.270000457763672 AB 1.902558784948972 1.2840666715066178
60894.0693 lsst_hardware_z 4071.311016751738 109.40978213295598 30.979999542236328 AB 2.8997317855902645 1.2382755569938142
60894.087 lsst_hardware_r 8779.09180967837 160.63252253716638 31.639999389648438 AB 3.186858078500437 1.1625211862234084
60896.067 lsst_hardware_i 7842.621351559112 164.89995227305417 31.309999465942383 AB 4.929612643703688 1.223228943847069
60896.085 lsst_hardware_r 8292.239456289983 190.400505547598 31.6299991607666 AB 4.481713898789952 1.149943696234165
60899.0639 lsst_hardware_r 6939.596814936212 99.10847265822483 31.600000381469727 AB 3.961457232188673 1.2004415855117192
60899.0829 lsst_hardware_i 7351.378114958371 102.88573096271057 31.309999465942383 AB 3.726966789961672 1.1293838757459613
60901.0549 lsst_hardware_i 6527.898725997744 86.69399312836266 31.229999542236328 AB 4.049908428010211 1.216097418515303
60901.0729 lsst_hardware_z 4050.0994650952134 75.54130185839432 30.940000534057617 AB 3.8358527501473296 1.144518200849569
60904.0732 lsst_hardware_r 4986.950560703358 75.15852700863678 31.510000228881836 AB 4.372191578505148 1.1170647875588013
60904.0914 lsst_hardware_z 3895.6467107267663 74.10195398942852 30.950000762939453 AB 4.367558087277191 1.0696933840992384
60908.0769 lsst_hardware_g 1117.362417015197 36.072746918614264 31.450000762939453 AB 3.4125278979397082 1.0778673082563828
60908.0959 lsst_hardware_r 4128.04434735119 68.71158461910042 31.510000228881836 AB 2.534274772643881 1.0402359251489806
60912.0763 lsst_hardware_r 3438.8273543843557 63.56357624837703 31.510000228881836 AB 4.423002637382661 1.0556932064721125
60912.0941 lsst_hardware_u 8.801822344575337 3.9384676647372916 28.43000030517578 AB 3.958748641369839 1.026912747437053
60918.9728 lsst_hardware_y 733.3988503336562 93.50813739878512 29.940000534057617 AB 5.52549668268804 1.40977526826391
60918.9898 lsst_hardware_z 1908.2902372342407 66.27725311226666 30.93000030517578 AB 5.328658603595277 1.2979317022519246
60919.9982 lsst_hardware_r 2884.589664534374 75.51138090647038 31.59000015258789 AB 2.8343921404927563 1.2388077537118691
60920.0096 lsst_hardware_z 1868.291231887227 67.27294821964604 30.950000762939453 AB 1.9222072988674495 1.1876473888584798
60931.9807 lsst_hardware_y 18.156471739740155 65.05000305175781 30.020000457763672 AB 2.9515961313089285 1.172198622442278
60931.9977 lsst_hardware_r 50.144526874476576 24.3799991607666 31.510000228881836 AB 2.837332965124847 1.1142089005006273
60937.984 lsst_hardware_y 2.8570303735848497 61.72999954223633 30.040000915527344 AB 6.819316297102537 1.1064032282149001
60938.0005 lsst_hardware_i -16.79634368801047 31.75 31.25 AB 6.683810516088616 1.0654886842162627
60939.9863 lsst_hardware_y -8.441170477254728 58.529998779296875 30.040000915527344 AB 2.1337468636002943 1.0856920947766693
60940.0035 lsst_hardware_i 54.36980521884353 31.389999389648438 31.25 AB 2.7035673089708117 1.048842871707285
60940.9862 lsst_hardware_y 6.598891237112566 59.95000076293945 30.049999237060547 AB 1.2283943145805662 1.0792745478815928
60941.0016 lsst_hardware_g 16.13018304786557 15.489999771118164 31.469999313354492 AB 1.571033786355434 1.0473558575702893
60942.989 lsst_hardware_y -9.130840519663945 54.380001068115234 30.049999237060547 AB 4.7385560533876285 1.0609895257053314
60943.0061 lsst_hardware_i -13.181623778059421 31.299999237060547 31.260000228881836 AB 4.533502087990442 1.0314744426810758
61151.3392 lsst_hardware_r 32.64127868991979 26.950000762939453 31.459999084472656 AB 13.911534888075549 1.390875313744806
61151.3586 lsst_hardware_g -16.796040609953742 16.829999923706055 31.43000030517578 AB 12.348183146004915 1.270258527518332
61153.3371 lsst_hardware_r 22.479640312135285 26.6299991607666 31.459999084472656 AB 7.674875251147415 1.367359557772546
61153.3566 lsst_hardware_i 0.021107886650628616 34.099998474121094 31.229999542236328 AB 7.021772745018268 1.2522109219827495
61159.3415 lsst_hardware_r -105.2137346863154 60.880001068115234 31.59000015258789 AB 14.255727915459495 1.2457670767951787
61159.3591 lsst_hardware_i -56.24631143993427 49.2599983215332 31.280000686645508 AB 13.269523706536788 1.1686405331026997
61161.3484 lsst_hardware_z -163.2004018968698 84.66999816894531 31.719999313354492 AB 10.586608009395686 1.1895065179096276
61163.3581 lsst_hardware_z 38.547551152876096 61.95000076293945 30.979999542236328 AB 12.898921890695311 1.1334480253680992
61163.3769 lsst_hardware_r 2.826414558107141 83.9000015258789 31.649999618530273 AB 12.003638456796313 1.0803058549945683
61166.3425 lsst_hardware_i -25.324704638534694 67.16999816894531 31.309999465942383 AB 3.5928093169384168 1.1592200420321843
61166.3609 lsst_hardware_z 47.11063464861131 58.869998931884766 30.979999542236328 AB 3.362244069071302 1.1003907933468506
61168.3479 lsst_hardware_i -3.298368955755593 64.68000030517578 31.309999465942383 AB 11.695944094458666 1.1224334954135728
61168.3675 lsst_hardware_z 6.2620249792486975 61.72999954223633 30.979999542236328 AB 11.028402669860576 1.0704762031119723
61170.344 lsst_hardware_g -59.569688846083686 36.619998931884766 31.649999618530273 AB 7.734966720017098 1.117648624790188
61170.3641 lsst_hardware_r -16.54038530183383 41.29999923706055 31.610000610351562 AB 7.302131203485523 1.0659786190338634
61175.2881 lsst_hardware_g -0.32351017744166755 15.720000267028809 31.389999389648438 AB 9.248739319240132 1.297932051958058
61175.3108 lsst_hardware_r 0.4362807640965984 25.15999984741211 31.489999771118164 AB 8.566215751760895 1.1869496676958424
61177.3708 lsst_hardware_r 24.77772563278424 24.270000457763672 31.510000228881836 AB 7.571593983396574 1.023188376134672
61177.3913 lsst_hardware_i -19.646945984624768 31.239999771118164 31.260000228881836 AB 7.329329151711392 1.0053489760474754
61178.3471 lsst_hardware_z -12.701850602635217 41.81999969482422 30.950000762939453 AB 7.406870260406647 1.056075034455518
61178.3672 lsst_hardware_r -13.67789107769561 24.209999084472656 31.520000457763672 AB 7.173314721740524 1.024247122401731
61182.2338 lsst_hardware_g 4.00489995802317 15.050000190734863 31.290000915527344 AB 7.492186875397657 1.5674031120078782
61182.2535 lsst_hardware_i -63.85971666948734 34.060001373291016 31.209999084472656 AB 6.044615327622126 1.3986229596133104
61185.2294 lsst_hardware_z -27.88034863158351 51.630001068115234 30.899999618530273 AB 8.433802030387035 1.530635577202729
61185.2501 lsst_hardware_r -17.453632379604255 35.06999969482422 31.510000228881836 AB 7.3814299829279735 1.3649093903343148
61187.2557 lsst_hardware_y -14.37152716145616 52.06999969482422 29.959999084472656 AB 4.535510102335459 1.2958600292387026
61187.2742 lsst_hardware_r 23.084953988391245 52.880001068115234 31.59000015258789 AB 4.21110111152929 1.2031717461512257
61194.2027 lsst_hardware_z -122.80461225994624 90.08000183105469 30.93000030517578 AB 14.832321851163808 1.5510113825330765
61194.2321 lsst_hardware_r 53.717950246364396 117.7300033569336 31.579999923706055 AB 12.364971417081764 1.3225039841436517
61196.2559 lsst_hardware_z -40.80064411607235 107.62999725341797 31.729999542236328 AB 7.272569141943013 1.177156206797094
61196.277 lsst_hardware_r -91.23907926240005 138.77000427246094 32.400001525878906 AB 6.830854323953252 1.1059724200906556
61220.1406 lsst_hardware_z 136.18902518262124 92.11000061035156 30.940000534057617 AB 7.26550020953846 1.4705009700533227
61220.1548 lsst_hardware_r -66.94787148851925 137.0399932861328 31.579999923706055 AB 6.700111849459471 1.3631967140304113
61223.1552 lsst_hardware_z -35.51546551934363 153.6699981689453 31.719999313354492 AB 11.55835570319233 1.30878942815645
61231.1523 lsst_hardware_z 48.28622046387176 44.20000076293945 30.93000030517578 AB 10.94859229236407 1.210993506510792
61231.1705 lsst_hardware_r 17.503904404608516 24.510000228881836 31.5 AB 10.366317543356697 1.1399595916560181
61233.1524 lsst_hardware_u 0.8082658804843863 2.75 28.3799991607666 AB 6.34306351532044 1.1871726586787275
61233.1723 lsst_hardware_g -10.07708063788769 15.329999923706055 31.440000534057617 AB 6.544739370694623 1.1167544357469152
61235.1533 lsst_hardware_r -5.957812284667609 24.59000015258789 31.489999771118164 AB 8.722365905719045 1.1622718435248296
61235.1716 lsst_hardware_z 3.7662953622441018 42.380001068115234 30.940000534057617 AB 8.036438051234503 1.1029468024019018
61238.1535 lsst_hardware_g -23.071017718038537 15.350000381469727 31.420000076293945 AB 1.8126940991085965 1.1329338119428727
61238.1718 lsst_hardware_r -9.783678404192454 24.360000610351562 31.5 AB 2.345876552368476 1.0811321387365278
61242.1582 lsst_hardware_i -34.104219798718766 34.119998931884766 31.260000228881836 AB 6.3887741340949935 1.087759500697218
61242.1765 lsst_hardware_z 13.577099719493873 42.63999938964844 30.950000762939453 AB 6.515887589134892 1.04834284466875
61244.152 lsst_hardware_r 33.16136736298071 41.68000030517578 31.600000381469727 AB 6.319933117641346 1.089643640972646
61244.1703 lsst_hardware_z 57.362272737177534 45.65999984741211 30.959999084472656 AB 5.532254485224916 1.0496806676052253
61246.1539 lsst_hardware_z -103.57073005179186 54.09000015258789 30.969999313354492 AB 6.073571846914381 1.071932906267981
