data/validation/pwv_sim_epoch_fit_epoch/19277442.ecsv
# %ECSV 0.9
# ---
# datatype:
# - {name: time, datatype: float64}
# - {name: band, datatype: string}
# - {name: flux, datatype: float64}
# - {name: fluxerr, datatype: float64}
# - {name: zp, datatype: float64}
# - {name: zpsys, datatype: string}
# - {name: pwv, datatype: float64}
# - {name: airmass, datatype: float64}
# meta: {SNID: '19277442', alt: 1024.0, c: 0.07006630301475525, dec: -64.386185, lat: -30.244573, lon: -70.7499537, ra: 140.827332, t0: 60056.73046875,
#   x0: 1.1574562462359562e-05, x1: 0.873062014579773, z: 0.43286624550819397}
# schema: astropy-2.0
time band flux fluxerr zp zpsys pwv airmass
[from data line 132]
60356.1975 lsst_hardware_r -5.6264658022113805 22.1299991607666 31.450000762939453 AB 5.088160479866119 1.2118514956810307
60359.165 lsst_hardware_r -128.03177694889823 43.779998779296875 31.579999923706055 AB 3.637437215121687 1.2108645855931048
60359.1767 lsst_hardware_i 23.331802489120204 41.45000076293945 31.270000457763672 AB 3.718155522427692 1.2097463876452554
60362.1881 lsst_hardware_r -67.3565650931053 68.41999816894531 31.600000381469727 AB 9.746190258961512 1.2145163723432522
60362.1996 lsst_hardware_z -43.62807014077318 55.40999984741211 30.950000762939453 AB 9.785589634571053 1.2212269316712874
60363.2414 lsst_hardware_r -205.02948279255844 112.98999786376953 32.34000015258789 AB 14.859634196862155 1.2760892709276483
60363.2501 lsst_hardware_i 38.609061376268706 90.27999877929688 32.02000045776367 AB 13.784205844895883 1.2925924460705067
60365.1639 lsst_hardware_i 12.209062893543866 66.4800033569336 31.290000915527344 AB 10.567370823549474 1.2100042927728407
60365.1754 lsst_hardware_z 66.88312762224976 61.209999084472656 30.959999084472656 AB 11.380434531183072 1.2126841633739753
60367.1724 lsst_hardware_r 55.99668855153933 71.01000213623047 31.600000381469727 AB 8.093420957031496 1.2136338829662974
60367.1831 lsst_hardware_z 88.15792336114187 56.59000015258789 30.950000762939453 AB 8.079987168727955 1.2192986258313585
60369.1652 lsst_hardware_g 99.53763458123389 57.060001373291016 31.649999618530273 AB 4.950670009553337 1.2129535733317012
60369.1771 lsst_hardware_r -42.94528113281099 55.970001220703125 31.59000015258789 AB 4.724061784456463 1.2189554339972648
60372.1618 lsst_hardware_i -8.307118249081753 34.84000015258789 31.229999542236328 AB 6.532954455084013 1.215000131131661
60372.175 lsst_hardware_z -38.61497750842571 45.2599983215332 30.93000030517578 AB 7.951105739094297 1.223247036783738
60375.1663 lsst_hardware_r -12.80490727719046 22.290000915527344 31.440000534057617 AB 10.453434297288199 1.2228622691310038
60375.1785 lsst_hardware_g -16.230531810844166 12.779999732971191 31.299999237060547 AB 11.611817433683273 1.2338340021977374
60382.2277 lsst_hardware_r 24.503396391230414 22.760000228881836 31.40999984741211 AB 15.332012279381331 1.364634723693828
60382.2422 lsst_hardware_i 3.2087802768145184 32.81999969482422 31.18000030517578 AB 15.90103988576425 1.410229247994678
60386.1239 lsst_hardware_i 23.337229728405802 33.40999984741211 31.229999542236328 AB 9.66552159042306 1.2151774692510406
60386.1376 lsst_hardware_z 16.165276367949506 44.15999984741211 30.93000030517578 AB 7.531964694470205 1.2239136650097677
60393.1195 lsst_hardware_z -12.270739081990648 61.220001220703125 30.959999084472656 AB 10.83115448765571 1.2247357228512228
60393.1337 lsst_hardware_i -25.294006545082265 66.66000366210938 31.290000915527344 AB 10.505200154176999 1.2386016806198195
60398.1146 lsst_hardware_z -33.3585314662567 74.94000244140625 31.690000534057617 AB 7.333555024212447 1.2327374389330048
60400.1028 lsst_hardware_g 4.204084776137657 27.020000457763672 31.559999465942383 AB 6.00546951447294 1.2267743799141237
60400.1156 lsst_hardware_r 52.58587022859301 36.470001220703125 31.549999237060547 AB 6.084012906106152 1.2397798341474295
60402.0995 lsst_hardware_i -3.308760662566571 31.5 31.219999313354492 AB 8.584569325310703 1.2287074415997916
60402.1127 lsst_hardware_z 26.051136678467312 43.790000915527344 30.920000076293945 AB 8.772935497724056 1.2428454751512514
60404.0427 lsst_hardware_i -4.764901058212781 31.190000534057617 31.219999313354492 AB 9.454580146677804 1.2107932698006858
60404.0552 lsst_hardware_z -28.327410579133662 43.150001525878906 30.93000030517578 AB 9.447325998517565 1.209864273099162
60414.0366 lsst_hardware_r -36.52765733249877 24.3799991607666 31.489999771118164 AB 13.779468767701406 1.2112221480860903
60414.0488 lsst_hardware_z -11.970105413259486 43.720001220703125 30.940000534057617 AB 13.25316336893749 1.215886547608944
60416.0333 lsst_hardware_g 35.14137053782275 28.209999084472656 31.579999923706055 AB 16.031685844918783 1.2118134354978483
60416.0467 lsst_hardware_r -19.703305929795558 31.75 31.540000915527344 AB 17.809348791617783 1.2177471281690584
60419.032 lsst_hardware_i -41.6580064386445 45.650001525878906 31.280000686645508 AB 8.419264802318205 1.2143754222296288
60419.0454 lsst_hardware_z 77.34366889287342 49.81999969482422 30.950000762939453 AB 8.268756890057603 1.2223450611103186
60421.0319 lsst_hardware_r -13.535986759394163 66.66999816894531 31.610000610351562 AB 11.248325787483457 1.2170878367759639
60421.0442 lsst_hardware_z -89.45332662861387 55.40999984741211 30.959999084472656 AB 11.459263839952794 1.2257208086375861
60427.0044 lsst_hardware_i 38.322542094079814 43.119998931884766 31.260000228881836 AB 1.818255794750556 1.212170529833704
60427.0161 lsst_hardware_z 32.9932205436747 50.09000015258789 30.940000534057617 AB 1.8261378115302043 1.2174252076868028
60428.0017 lsst_hardware_r 60.10959476870437 31.479999542236328 32.20000076293945 AB 10.333237493827344 1.2121810656140939
60428.0178 lsst_hardware_u 11.406509516348384 3.5399999618530273 29.0 AB 10.396440570467172 1.220203699476796
60434.0 lsst_hardware_i -13.702585335801304 31.299999237060547 31.219999313354492 AB 12.314642546466613 1.2192715392541202
60434.0122 lsst_hardware_z -3.9701896707019295 43.54999923706055 30.93000030517578 AB 12.391504674385903 1.2288080001043784
60437.0006 lsst_hardware_r 3.89596291512403 22.170000076293945 31.440000534057617 AB 11.952225395251814 1.2258064094407275
60437.0126 lsst_hardware_g -2.9752803530358793 12.75 31.299999237060547 AB 12.083595377662997 1.2375660976713432
