data/validation/pwv_sim_epoch_fit_epoch/19362942.ecsv
# %ECSV 0.9
# ---
# datatype:
# - {name: time, datatype: float64}
# - {name: band, datatype: string}
# - {name: flux, datatype: float64}
# - {name: fluxerr, datatype: float64}
# - {name: zp, datatype: float64}
# - {name: zpsys, datatype: string}
# - {name: pwv, datatype: float64}
# - {name: airmass, datatype: float64}
# meta: {SNID: '19362942', alt: 1024.0, c: -0.09000451862812042, dec: -22.669609, lat: -30.244573, lon: -70.7499537, ra: 0.175781, t0: 59912.6796875,
#   x0: 1.3313422058247373e-05, x1: 1.3488885164260864, z: 0.40755099058151245}
# schema: astropy-2.0
time band flux fluxerr zp zpsys pwv airmass
59842.0631 lsst_hardware_i 23.584646151600058 33.97999954223633 31.209999084472656 AB 7.812361820541509 1.4075059581193603
59842.0795 lsst_hardware_u -1.0374698303893275 2.690000057220459 28.31999969482422 AB 7.209562838442256 1.29808477465651
59844.0638 lsst_hardware_g 24.488679800269928 14.680000305175781 31.34000015258789 AB 3.4498417455208488 1.3630350634217405
59844.0797 lsst_hardware_r 37.94635547356985 24.299999237060547 31.469999313354492 AB 3.179304134478407 1.2664027621900076
59845.1711 lsst_hardware_g 17.29931610699683 14.6899995803833 31.450000762939453 AB 1.9399656379118426 1.016353968781581
59845.1909 lsst_hardware_i -11.992300415362905 30.68000030517578 31.260000228881836 AB 2.0313007218281864 1.0091330433425063
59849.1517 lsst_hardware_r -36.985575151193636 23.3700008392334 31.5 AB 3.9655525041002697 1.0234124058927963
59849.1723 lsst_hardware_z -21.546208207863362 40.86000061035156 30.950000762939453 AB 4.000916757507679 1.0104175665058537
59853.1036 lsst_hardware_i 5.3284068277532475 31.84000015258789 31.25 AB 6.840861514665872 1.0853629078984737
59853.1244 lsst_hardware_z 69.05196037576876 41.5099983215332 30.950000762939453 AB 6.587985609002655 1.0441650901843098
59857.1393 lsst_hardware_i 10.67485555051398 51.29999923706055 31.31999969482422 AB 4.297695430040411 1.0157034989755773
59857.1571 lsst_hardware_z -103.21640260496862 51.90999984741211 30.979999542236328 AB 4.227263063529439 1.0091944049014636
59858.1044 lsst_hardware_z 1.2883284518524825 62.220001220703125 30.989999771118164 AB 3.597143438695537 1.0548807738110721
59858.1242 lsst_hardware_r -134.29561267371312 80.02999877929688 31.65999984741211 AB 3.542856876493343 1.0264191819874484
59859.1317 lsst_hardware_r -48.84995141709422 105.29000091552734 31.670000076293945 AB 3.9710953300799265 1.0171863038114566
59859.1497 lsst_hardware_z -1.922106898750604 74.56999969482422 31.0 AB 3.760365448649632 1.0094037532166156
59860.1154 lsst_hardware_y -191.42566854280543 93.2300033569336 30.829999923706055 AB 9.492582669424122 1.0302160806103777
59861.9974 lsst_hardware_z -48.103281168159086 136.88999938964844 31.690000534057617 AB 4.627193548813086 1.4996981117011896
59870.0997 lsst_hardware_i 2.440024241388571 30.6299991607666 31.260000228881836 AB 8.92247263303538 1.0186827735469388
59870.1181 lsst_hardware_z 6.989843921106458 40.97999954223633 30.959999084472656 AB 8.577655049042422 1.0096605156453133
59874.0952 lsst_hardware_g -22.944548675002842 14.34000015258789 31.459999084472656 AB 4.446717070386715 1.0142673416582506
59874.113 lsst_hardware_i -26.37355448292583 30.489999771118164 31.260000228881836 AB 4.426424641764289 1.0091017079138922
59880.0811 lsst_hardware_g -36.37173021693726 14.4399995803833 31.469999313354492 AB 2.648558653945628 1.0130268326431928
59880.0987 lsst_hardware_r -36.85951969502735 23.079999923706055 31.530000686645508 AB 3.7578011360641494 1.0091668971616192
59881.0039 lsst_hardware_y 178.2063346281617 63.29999923706055 30.030000686645508 AB 3.5674386522635375 1.1547600298653482
59881.0217 lsst_hardware_u -1.6535299752457653 3.109999895095825 28.600000381469727 AB 3.4083059706204324 1.0992171481254205
59882.0814 lsst_hardware_i -75.82999698019697 31.209999084472656 31.280000686645508 AB 5.263502763583749 1.0106572126696103
59882.0978 lsst_hardware_z -74.98653337156595 41.25 30.969999313354492 AB 6.058799359855581 1.0097998933092636
59884.0772 lsst_hardware_r -24.617489570411802 34.529998779296875 31.600000381469727 AB 4.066387683273442 1.0102826542294265
59884.0955 lsst_hardware_z 47.37084404609966 43.630001068115234 30.959999084472656 AB 5.526058917499679 1.0106333461859311
59885.0085 lsst_hardware_y 57.632494499967684 58.698169807897024 30.049999237060547 AB 9.685721483068917 1.1054235885721202
59885.0272 lsst_hardware_r 87.60141925441066 48.7565664470005 31.6299991607666 AB 9.414792994490313 1.0614197288038683
59895.0437 lsst_hardware_r 1582.1648290121977 44.888084815489734 31.5 AB 4.549347244783242 1.0114343110217492
59895.0621 lsst_hardware_z 641.9529411131841 47.91021745910868 30.950000762939453 AB 4.579665296455595 1.0097562435914955
59900.0319 lsst_hardware_z 1348.3137982157568 54.172384601672675 30.950000762939453 AB 3.537691225617903 1.0107689216051152
59900.0534 lsst_hardware_g 1867.976028162077 44.72837293565674 31.420000076293945 AB 3.7380549644085943 1.0111733182954201
60120.413 lsst_hardware_g 39.96122201698179 88.61000061035156 31.739999771118164 AB 4.554768818674423 1.0198194948053565
60120.4147 lsst_hardware_z 91.51826789782334 105.30000305175781 31.010000228881836 AB 4.570240115713517 1.0184379087940398
60121.4286 lsst_hardware_i -126.25516889930503 86.05000305175781 31.350000381469727 AB 5.860754507835651 1.0099815333605575
60122.3654 lsst_hardware_g 56.652264662757986 87.41999816894531 31.709999084472656 AB 7.832231014035843 1.0878098630605337
60122.3875 lsst_hardware_r 67.78873251276703 80.0 31.649999618530273 AB 7.514665781476029 1.0437035807605595
60123.4277 lsst_hardware_r -71.48114197639616 80.44999694824219 31.65999984741211 AB 5.10977718200439 1.0092390246897867
60125.4207 lsst_hardware_g -96.02466731379296 88.70999908447266 31.739999771118164 AB 4.616390851907372 1.0094149093091922
60126.3686 lsst_hardware_z 53.951980915089 105.08999633789062 31.0 AB 9.098193039281673 1.0573351844058578
60126.3885 lsst_hardware_i 113.35093959435883 85.8499984741211 31.34000015258789 AB 9.969490298040983 1.0277825049526788
60132.3929 lsst_hardware_z 118.86723545586256 105.48999786376953 31.010000228881836 AB 1.5358135504405577 1.011845975913643
60137.3833 lsst_hardware_r -47.94272127926318 80.3499984741211 31.65999984741211 AB 7.72381719354498 1.0104087639133965
60137.4062 lsst_hardware_u -8.142573246450498 29.40999984741211 29.540000915527344 AB 7.879223443481223 1.0122657386839535
60139.3759 lsst_hardware_g 218.70327452333976 88.86000061035156 31.75 AB 6.030546198107704 1.0110308391981877
60139.3971 lsst_hardware_i 123.194111719889 86.01000213623047 31.350000381469727 AB 6.00512306985415 1.0108358489844127
60141.3864 lsst_hardware_z 263.60734348184326 105.41000366210938 31.010000228881836 AB 3.312615306371517 1.009533311571978
60141.3987 lsst_hardware_r 32.08593421401028 80.41999816894531 31.65999984741211 AB 3.394213844309636 1.0140053309030979
60144.2595 lsst_hardware_g 90.994935688187 84.61000061035156 31.639999389648438 AB 2.7461264964984986 1.257767860991679
60144.2796 lsst_hardware_r 76.39514567759471 78.83000183105469 31.6200008392334 AB 2.608362051209405 1.1677054510170812
60145.3577 lsst_hardware_r 61.56341233519536 80.36000061035156 31.65999984741211 AB 2.7506301569379343 1.011726034735792
60145.3769 lsst_hardware_i 117.36369320709699 85.95999908447266 31.350000381469727 AB 4.685130616765919 1.009798969056524
60151.314 lsst_hardware_r 32.73115659071553 80.0999984741211 31.649999618530273 AB 8.728455175375746 1.0354858243485938
60151.3333 lsst_hardware_u 5.872578027745856 29.3700008392334 29.540000915527344 AB 8.75998048897334 1.0160818692746685
60161.3435 lsst_hardware_y -81.50232893600621 161.64999389648438 30.84000015258789 AB 2.0670521743553896 1.0136749526875635
60162.2646 lsst_hardware_z -9.158601848506194 105.04000091552734 31.0 AB 1.3216667167733223 1.068661181947299
60162.2849 lsst_hardware_r -102.90840759925015 80.33000183105469 31.65999984741211 AB 1.2734200540505314 1.0342497900918022
60163.3029 lsst_hardware_r 197.5643590265176 113.62000274658203 32.40999984741211 AB 4.2240327909462385 1.0145795334538603
60163.3234 lsst_hardware_i -57.11753951944119 121.54000091552734 32.099998474121094 AB 4.227508538257272 1.0091927759029056
60165.2623 lsst_hardware_i 161.52828595995658 85.7300033569336 31.34000015258789 AB 3.516689359430584 1.0570151365886937
60165.281 lsst_hardware_z -32.27212962107726 105.41000366210938 31.010000228881836 AB 3.367769929534742 1.02895506554682
60166.2925 lsst_hardware_i 28.39760452850207 85.98999786376953 31.350000381469727 AB 4.878060484800975 1.015980384226807
60166.312 lsst_hardware_z 109.60892314808231 105.47000122070312 31.010000228881836 AB 4.935355903935371 1.0091376575658475
60168.2479 lsst_hardware_u 12.311934934896593 28.760000228881836 29.489999771118164 AB 2.9055564278747092 1.0693331636660892
60168.2657 lsst_hardware_g 99.68222672971335 88.45999908447266 31.739999771118164 AB 2.9955835363714423 1.038090632911439
60177.296 lsst_hardware_z -12.668031026212827 105.30999755859375 31.010000228881836 AB 1.463111979572821 1.0118340107698753
60177.3173 lsst_hardware_r -77.95952055677608 80.25 31.65999984741211 AB 1.5281048771673793 1.0283343722526106
60182.2198 lsst_hardware_z 140.2002326415193 105.01000213623047 31.0 AB 2.5813704647983142 1.0500490026298226
60182.237 lsst_hardware_r 79.52886429723506 80.1500015258789 31.65999984741211 AB 2.5191365406963717 1.026264207236436
60187.2166 lsst_hardware_r -15.197725744345295 80.18000030517578 31.65999984741211 AB 4.291351509938931 1.0343098360903666
60187.2339 lsst_hardware_z 153.55803971243364 105.33999633789062 31.010000228881836 AB 4.339943421772739 1.016856471830391
60193.1607 lsst_hardware_z 78.67189309784935 148.02999877929688 31.75 AB 0.7173383783392849 1.1173494989708488
60195.2049 lsst_hardware_r 14.446447982545058 80.33999633789062 31.65999984741211 AB 2.6284001288502576 1.0228232819729313
60195.2185 lsst_hardware_u 38.31433467116442 29.479999542236328 29.549999237060547 AB 2.4434112924759104 1.0129529299285194
60196.1909 lsst_hardware_g -50.96882912966858 88.26000213623047 31.729999542236328 AB 3.3480065562009003 1.0358129959628433
60196.2077 lsst_hardware_r 49.43760652282231 80.27999877929688 31.65999984741211 AB 3.335422405123957 1.018061016443787
60198.1592 lsst_hardware_u 22.717784437317103 28.520000457763672 29.479999542236328 AB 2.9286095937711916 1.084670219915256
60198.178 lsst_hardware_r -5.600610900665711 80.11000061035156 31.649999618530273 AB 2.598162925139016 1.0469075955026457
60199.1888 lsst_hardware_i 16.178477379641087 85.79000091552734 31.34000015258789 AB 2.765611821766348 1.0282358985374946
60199.2065 lsst_hardware_z 111.3524157545003 105.3499984741211 31.010000228881836 AB 2.718996503496623 1.0135109508886861
60206.1496 lsst_hardware_u 34.127009533875054 28.770000457763672 29.5 AB 7.873465275670491 1.058439290965618
60206.1686 lsst_hardware_g 19.191432171583294 88.44000244140625 31.739999771118164 AB 6.282387010648752 1.029491651228134
60209.164 lsst_hardware_i 90.45426950018496 85.77999877929688 31.34000015258789 AB 3.469360955406452 1.0255026594299752
60209.1849 lsst_hardware_r 7.501738029958986 80.37999725341797 31.65999984741211 AB 2.2557762281425493 1.0109921470666887
60210.0626 lsst_hardware_g -13.785872465617091 83.5 31.610000610351562 AB 1.8514883658109207 1.3573961626179771
60210.0779 lsst_hardware_r 4.9285229570207 78.12999725341797 31.600000381469727 AB 1.7312064597117887 1.265193515014897
60221.0785 lsst_hardware_u -4.679225692368462 39.41999816894531 30.18000030517578 AB 2.674171828878709 1.1353687357254638
60221.0988 lsst_hardware_g -246.470848406977 124.0 32.470001220703125 AB 2.265955317088061 1.0790263414705052
60223.1408 lsst_hardware_r -104.04439375611113 80.37000274658203 31.65999984741211 AB 4.372424984127438 1.0136018508554627
60223.1595 lsst_hardware_z 136.61271397832178 105.30999755859375 31.010000228881836 AB 4.41014091421199 1.0091855638929756
60236.1035 lsst_hardware_u -6.8347541172699 29.420000076293945 29.540000915527344 AB 4.272776124385716 1.0146300212258794
60236.1226 lsst_hardware_g 18.37651162738597 88.79000091552734 31.739999771118164 AB 4.257154314750726 1.0091231782752985
60242.0972 lsst_hardware_z -63.12219233045169 105.52999877929688 31.010000228881836 AB 4.55385286884366 1.0102461440901878
60242.1139 lsst_hardware_r -102.54126139217864 80.55000305175781 31.670000076293945 AB 4.599943626189995 1.0102365211251818
60246.0792 lsst_hardware_z 153.04544044251847 105.44000244140625 31.010000228881836 AB 2.453930809082791 1.0129745341928864
60246.096 lsst_hardware_r -93.04929705916621 80.5199966430664 31.670000076293945 AB 2.9810145459779807 1.0091450731137375
60248.0678 lsst_hardware_u 21.47438666238332 29.3799991607666 29.540000915527344 AB 4.255292373488067 1.0165331252731862
60248.0852 lsst_hardware_g -115.04516755710837 88.81999969482422 31.75 AB 5.093793100496527 1.0093714654704304
60260.0436 lsst_hardware_i -53.59521794510742 85.83999633789062 31.34000015258789 AB 4.641914616652883 1.0117696013047788
60260.063 lsst_hardware_r 31.056520221405105 80.2699966430664 31.65999984741211 AB 4.611059417419867 1.0098131765497704
60262.0447 lsst_hardware_u -23.58085967245352 29.479999542236328 29.549999237060547 AB 3.9265649904241124 1.0097458401570665
60262.0632 lsst_hardware_g 102.02215701041901 88.76000213623047 31.739999771118164 AB 3.8910408008881383 1.0115357367993427
60264.0278 lsst_hardware_y 57.767609004216666 114.58000183105469 30.09000015258789 AB 6.563884595620354 1.0141841904003637
60264.0465 lsst_hardware_r 0.9511762322805465 80.44999694824219 31.65999984741211 AB 6.017948138132977 1.0091302319331241
60271.0175 lsst_hardware_y -89.90373734060347 114.44999694824219 30.09000015258789 AB 7.778296198528689 1.0103870359638911
60271.0392 lsst_hardware_r 149.20374067062346 80.37999725341797 31.65999984741211 AB 7.663302653834298 1.011768421674679
60273.0175 lsst_hardware_y -69.88437268693697 114.61000061035156 30.09000015258789 AB 6.357929982367362 1.009302039745057
60273.036 lsst_hardware_r 114.38074409644601 80.52999877929688 31.65999984741211 AB 6.355260516871918 1.012790520617039
