data/validation/pwv_sim_epoch_fit_epoch/19448028.ecsv
# %ECSV 0.9
# ---
# datatype:
# - {name: time, datatype: float64}
# - {name: band, datatype: string}
# - {name: flux, datatype: float64}
# - {name: fluxerr, datatype: float64}
# - {name: zp, datatype: float64}
# - {name: zpsys, datatype: string}
# - {name: pwv, datatype: float64}
# - {name: airmass, datatype: float64}
# meta: {SNID: '19448028', alt: 1024.0, c: -0.0239732563495636, dec: -4.181528, lat: -30.244573, lon: -70.7499537, ra: 145.019531, t0: 60712.28125,
#   x0: 2.480027829839736e-06, x1: 0.17435304820537567, z: 0.8165332078933716}
# schema: astropy-2.0
time band flux fluxerr zp zpsys pwv airmass
60663.3286 lsst_hardware_z 25.041739438873908 66.26000213623047 30.979999542236328 AB 4.853830013945966 1.1265707355102625
60663.3499 lsst_hardware_y 30.13111289840772 65.43000030517578 30.049999237060547 AB 5.400933569507118 1.1126004743886118
60665.3238 lsst_hardware_z -29.35507233783842 57.09000015258789 30.969999313354492 AB 6.716000348620918 1.12583823456989
60665.3424 lsst_hardware_y 51.69770661096328 54.650001525878906 30.040000915527344 AB 7.301515426435941 1.1130924477517374
60668.3226 lsst_hardware_r 15.648440112165977 29.059999465942383 31.540000915527344 AB 7.478293745465038 1.1192816422069178
60668.3431 lsst_hardware_y -56.314984280439894 49.83000183105469 30.030000686645508 AB 7.19642000057087 1.1122321394955705
60670.327 lsst_hardware_z -8.16211058620677 60.81999969482422 31.700000762939453 AB 6.655563254170323 1.1136532858782402
60672.3163 lsst_hardware_g 4.0020866966919195 14.6899995803833 31.440000534057617 AB 7.791269610609606 1.1161211360819796
60672.3395 lsst_hardware_y 33.78858674045133 48.72999954223633 30.030000686645508 AB 7.628170806024095 1.1140352652162875
60674.2883 lsst_hardware_r 46.24050602808533 23.760000228881836 31.5 AB 6.390959752310204 1.140513020354869
60674.3094 lsst_hardware_i 18.54239876093009 31.530000686645508 31.25 AB 5.6148096320937055 1.117004568718907
60676.2894 lsst_hardware_z 78.96599564732864 42.991895239354086 30.940000534057617 AB 7.997593780646758 1.131038206743406
60676.3113 lsst_hardware_i 4.910079756204114 31.81445645966428 31.239999771118164 AB 7.913793784209888 1.1134144733879252
60678.2982 lsst_hardware_u 0.9491143907435816 2.6824357862437536 28.3799991607666 AB 5.199375721864773 1.117184297779281
60678.3188 lsst_hardware_g -2.1375019261653767 14.490284016052751 31.40999984741211 AB 5.117267076640401 1.1126912538900653
60680.2932 lsst_hardware_r -18.732429576104547 23.878864792020874 31.489999771118164 AB 11.275700621451184 1.1168851937911828
60680.3154 lsst_hardware_i -14.600846730997059 31.84870379163171 31.239999771118164 AB 11.255691457036438 1.1132308372573745
60682.2901 lsst_hardware_z 52.895639515161676 42.46922094771965 30.940000534057617 AB 10.49684316876411 1.1154987426954421
60682.3112 lsst_hardware_u 1.1781812987906415 2.750816256356139 28.43000030517578 AB 9.205889834305339 1.1136493846755886
60684.2925 lsst_hardware_g 31.754003803790706 14.910544080776814 31.43000030517578 AB 8.453921525870875 1.112602087195114
60684.314 lsst_hardware_r 8.35167075543415 23.723353677285363 31.5 AB 8.402836825286009 1.1180799678819329
60686.2939 lsst_hardware_i 108.16131600849934 43.06377031396746 31.290000915527344 AB 8.230400557230917 1.1122162915176914
60686.316 lsst_hardware_z 63.68202341555422 43.092181549035175 30.950000762939453 AB 8.322247337025239 1.1246280185169242
60688.2324 lsst_hardware_z 146.46266900813583 73.1896909869423 30.969999313354492 AB 5.189968952948665 1.176574678090869
60688.251 lsst_hardware_i 147.99260262882092 82.13024313578816 31.31999969482422 AB 5.2065971394600465 1.1390499101859652
60692.2369 lsst_hardware_r 177.58664859426256 99.3980883849819 31.6299991607666 AB 3.7546076247106765 1.144232311472178
60692.2558 lsst_hardware_i 390.83172214749294 83.94780943625986 31.31999969482422 AB 2.374575559276914 1.120302996317003
60695.2352 lsst_hardware_z 306.0981345651623 52.5902308418306 30.950000762939453 AB 11.215865846655632 1.1341568227847683
60695.2528 lsst_hardware_r 262.53570647327564 51.57913760044233 31.600000381469727 AB 13.31788723593078 1.1165308752657934
60699.1312 lsst_hardware_i 635.2595113925679 42.33099705932213 31.18000030517578 AB 21.88305262932557 1.5499742152750964
60699.1567 lsst_hardware_u -4.049657304407686 2.804516842723552 28.209999084472656 AB 19.179264929392275 1.3604245232935364
60703.2143 lsst_hardware_i 825.74115348493 42.65188417656078 31.25 AB 11.39840872767141 1.1328549340074283
60703.2314 lsst_hardware_r 568.3413093518516 33.663092419553244 31.5 AB 11.283148268238266 1.1162592271703864
60705.2104 lsst_hardware_u -0.8269423387146687 2.942174404431179 28.469999313354492 AB 13.873350423945887 1.1307952853295022
60705.228 lsst_hardware_g 103.50432079279132 18.07569825575579 31.450000762939453 AB 13.631645296969845 1.1151238210920715
60707.2119 lsst_hardware_r 536.2702840354158 34.32095727649683 31.5 AB 14.123096535730271 1.1229602334267377
60707.2285 lsst_hardware_i 880.0026704390899 43.438283806122655 31.25 AB 13.959943815030366 1.1128633878985212
60709.2069 lsst_hardware_z 480.67798347680093 49.38120061763199 30.950000762939453 AB 10.24858634021611 1.122517671436595
60709.2247 lsst_hardware_r 627.764227963899 34.3512895117707 31.510000228881836 AB 10.01956556760249 1.1125021911546462
60713.1817 lsst_hardware_g 64.80299213966224 30.390879117914334 31.610000610351562 AB 5.763884065412831 1.1406855462918724
60713.2001 lsst_hardware_r 556.1791875444342 40.23159052955229 31.559999465942383 AB 5.603842481195071 1.1189781312290477
60716.1856 lsst_hardware_z 1318.814588706106 100.59849840999831 31.729999542236328 AB 3.652452646773201 1.1246967349571146
60720.1636 lsst_hardware_z 493.51747014521254 91.37557577666333 30.989999771118164 AB 2.249688753704983 1.1390829132683458
60720.1803 lsst_hardware_r 440.0982730476339 129.67107097061245 31.649999618530273 AB 1.7600623938511533 1.1195138729044987
60722.1714 lsst_hardware_z 1087.9991413212445 92.30257235377749 31.719999313354492 AB 4.651713431703973 1.122517720005785
60724.159 lsst_hardware_r 371.66161991281894 52.00356390518456 31.610000610351562 AB 6.381006770031179 1.1301818579580551
60724.1762 lsst_hardware_z 447.843721267511 54.18907678383538 30.959999084472656 AB 7.113640584912239 1.115078075854258
60727.1538 lsst_hardware_r 213.7887618203984 28.99032377934876 31.5 AB 5.687507902888572 1.1266110075051645
60727.1708 lsst_hardware_y 285.26513790393875 50.159637642608146 30.030000686645508 AB 6.872945239238842 1.1138392738414782
60729.1529 lsst_hardware_g 25.5589814756555 15.840072689504513 31.43000030517578 AB 8.89980249865783 1.1219416953870573
60729.1701 lsst_hardware_r 208.9227067273637 28.548439773374213 31.5 AB 12.298239171933323 1.1124929898625007
60731.1286 lsst_hardware_r 189.20474769227343 27.878902882327832 31.489999771118164 AB 9.875757905865262 1.1473988950029834
60731.1458 lsst_hardware_i 453.81256868365926 38.540147631939156 31.25 AB 9.689824398777452 1.1235121772581227
60733.125 lsst_hardware_z 375.76909102966897 46.67761819250618 30.940000534057617 AB 8.924298715236354 1.1441408609277377
60733.1422 lsst_hardware_r 135.14475857164132 27.267971820199676 31.5 AB 8.73777200853726 1.1217372114432582
60736.1221 lsst_hardware_u 1.126164413514634 2.689987291329707 28.350000381469727 AB 3.3554989088424416 1.1357888668089051
60736.1409 lsst_hardware_g 19.22175111491719 15.54366682833022 31.420000076293945 AB 3.8104798117749534 1.116487797370271
60738.1262 lsst_hardware_r 119.51533080587905 26.295258196805296 31.489999771118164 AB 6.093113235055675 1.1240005352825952
60738.1441 lsst_hardware_z 257.1222160157916 45.80065109997927 30.940000534057617 AB 5.878328598472108 1.112792919729694
60742.1151 lsst_hardware_z 268.4858662499205 50.06136441664232 30.959999084472656 AB 11.600422863337423 1.1241809151407522
60742.1341 lsst_hardware_r 76.0861470394212 43.50081812203424 31.600000381469727 AB 12.779537469032505 1.1125863317884352
60751.0918 lsst_hardware_z 497.9791126218495 83.77287224246535 31.719999313354492 AB 8.600370757036217 1.1229104004486508
60753.0784 lsst_hardware_r 77.2312060709778 41.431426224165165 31.600000381469727 AB 8.431670592996413 1.1320084482827106
60753.0976 lsst_hardware_z 137.49776229115503 49.84534524095988 30.959999084472656 AB 9.037189568533575 1.1147848974342585
60755.0803 lsst_hardware_r 64.61510448401492 24.900051587863775 31.510000228881836 AB 4.471155039593976 1.1234763589657362
60755.0996 lsst_hardware_u 1.5947236499578066 2.9188188500804833 28.549999237060547 AB 5.450774956454121 1.1124030523375756
60757.0778 lsst_hardware_g 9.198259282218878 14.940182199878274 31.43000030517578 AB 6.667025509690958 1.1207282396589273
60757.0969 lsst_hardware_r 9.449361253426018 24.45671110680049 31.5 AB 6.783932169630999 1.1121200278083605
60761.064 lsst_hardware_r 10.21147300070883 24.562198705886875 31.5 AB 7.098066161692789 1.1233931752457897
60761.0808 lsst_hardware_u 2.21070296443757 2.8641630110013043 28.489999771118164 AB 6.930582890599838 1.112914593895249
60763.0583 lsst_hardware_g 23.111344707093117 15.377154508678375 31.440000534057617 AB 7.550425883125823 1.1236310158925278
60763.076 lsst_hardware_i 72.63534733874783 33.15179309703894 31.25 AB 7.508094508047191 1.1127499023881646
60772.0508 lsst_hardware_z -8.392081416115397 55.84087384024199 30.969999313354492 AB 12.114701767204613 1.112903980819248
60772.0703 lsst_hardware_r 117.07265889101826 61.59140367918473 31.6299991607666 AB 12.047168331185686 1.1158573896556672
60774.0199 lsst_hardware_r -45.90270048942978 93.96568787509837 31.6299991607666 AB 9.15682627928736 1.1335745491927325
60774.0375 lsst_hardware_z 11.976804792960209 71.68403440490684 30.979999542236328 AB 9.041745793749397 1.1162649128085675
60777.0159 lsst_hardware_z 8.783808741844412 72.41603087250913 30.979999542236328 AB 5.655542864392205 1.1281940715269962
60777.0324 lsst_hardware_i 49.45441534359353 82.6191490263726 31.31999969482422 AB 5.5234365332175095 1.1146260556396217
60779.0166 lsst_hardware_z 70.2662616324494 62.081103446985814 30.979999542236328 AB 5.626963084787751 1.1217283044961959
60779.0335 lsst_hardware_r -104.98681785116884 84.53744426765203 31.639999389648438 AB 5.58808455008788 1.1124994127190684
60781.0133 lsst_hardware_u -7.457046827988166 7.453495475960536 29.06999969482422 AB 17.489868944902412 1.1198592820149345
60781.0296 lsst_hardware_g 65.2274639207793 48.87708771387758 31.68000030517578 AB 17.42498064946607 1.1122623888592402
60783.0127 lsst_hardware_r -8.979920165192736 24.142199982745804 31.5 AB 11.945481314040952 1.1164001228075657
60783.0312 lsst_hardware_i 112.646338307374 32.36076655764309 31.25 AB 11.903521977580795 1.1124786894935323
60791.0022 lsst_hardware_u 1.3788386341439922 2.7272872597564444 28.40999984741211 AB 12.902379503388671 1.112274095119713
60791.0202 lsst_hardware_r 36.30579588134578 24.2213718802029 31.5 AB 12.956444841593408 1.1169349001373627
60792.9729 lsst_hardware_y 59.62964036768461 50.98446405744607 30.020000457763672 AB 1.185446907140195 1.1273865022731286
60792.9916 lsst_hardware_i 26.965138940755583 32.21370975111615 31.239999771118164 AB 1.1407440725473472 1.1134641996557806
60795.9699 lsst_hardware_y -49.1317737072108 51.529818509099776 30.020000457763672 AB 12.865809277566104 1.1219856350890471
60795.9874 lsst_hardware_r 6.014240605512706 24.72198945784014 31.5 AB 12.751927469094467 1.1124424207531864
60800.9627 lsst_hardware_z 64.3013781777883 65.73398304826148 30.979999542236328 AB 7.914017759330728 1.116931445815994
60800.9805 lsst_hardware_i 57.62143949606264 56.43097174952631 31.309999465942383 AB 7.914594209343998 1.1122512063722683
60804.9615 lsst_hardware_y 23.8468110987569 61.220001220703125 30.040000915527344 AB 8.639989383873331 1.11270764135829
60804.979 lsst_hardware_r -111.93811092536434 79.54000091552734 31.639999389648438 AB 8.658712707162074 1.115214688053518
60806.9602 lsst_hardware_y -49.35910757721918 63.959999084472656 30.049999237060547 AB 12.972235680591522 1.1121283411475227
60806.9799 lsst_hardware_z 13.102783168829836 60.2400016784668 30.979999542236328 AB 13.051423727879662 1.1193650814385485
60808.9615 lsst_hardware_y 19.357847714114953 58.95000076293945 30.040000915527344 AB 8.04480549512998 1.112749157886086
60808.9847 lsst_hardware_z -58.6798547356178 55.33000183105469 30.969999313354492 AB 8.230260246583514 1.1298060190240022
61029.3135 lsst_hardware_g -30.153668835925565 20.65999984741211 32.15999984741211 AB 5.005354607593278 1.1451280273606221
61029.3344 lsst_hardware_y 20.29116698321335 68.4800033569336 30.780000686645508 AB 5.459673815400159 1.119091380582064
61031.3141 lsst_hardware_i -39.9543701050131 32.0 31.239999771118164 AB 6.7564346156181605 1.1355034226970941
61031.3348 lsst_hardware_z -29.116009270669558 43.15999984741211 30.940000534057617 AB 7.270938113437643 1.1152885949642881
61033.3114 lsst_hardware_r -15.11367887447431 23.440000534057617 31.489999771118164 AB 6.841462702419411 1.1316932127954862
61033.3322 lsst_hardware_y -16.546712035560116 47.900001525878906 30.020000457763672 AB 6.788895494241917 1.1139685217265083
61035.3243 lsst_hardware_r -1.5991575862904668 23.610000610351562 31.489999771118164 AB 9.513968958088803 1.115070688346677
61035.3453 lsst_hardware_y 14.54364246268403 50.459999084472656 30.030000686645508 AB 9.888457291111854 1.1138472350665263
61037.3269 lsst_hardware_z 5.072491835992617 42.20000076293945 30.950000762939453 AB 6.982841744552289 1.1123898276155941
61037.3475 lsst_hardware_y -0.3107788457323337 50.72999954223633 30.030000686645508 AB 6.262671759649151 1.1180680361192248
61039.3256 lsst_hardware_u 5.1912848929817885 2.680000066757202 28.3700008392334 AB 10.397426976578599 1.112083745288903
61039.3474 lsst_hardware_y -59.93611985048233 49.88999938964844 30.020000457763672 AB 9.908700248176551 1.122533896418304
61041.2966 lsst_hardware_g -8.541653480640703 36.849998474121094 31.649999618530273 AB 7.985326077277978 1.1235496919725376
61041.3178 lsst_hardware_r 32.11696564295356 23.469999313354492 31.489999771118164 AB 7.90835635301981 1.112163615271705
61044.2916 lsst_hardware_i -97.4717110438085 124.94000244140625 32.06999969482422 AB 2.9775949918609665 1.120590224623082
61044.3134 lsst_hardware_z 135.52891925650206 108.1500015258789 31.729999542236328 AB 3.5740666933315075 1.1121460512389298
61047.3018 lsst_hardware_r -65.2304825142686 90.22000122070312 31.639999389648438 AB 9.221883318290555 1.1121310468769103
61047.3218 lsst_hardware_z -9.910857081151262 69.52999877929688 30.979999542236328 AB 9.283648195155758 1.1192647498002581
61050.2909 lsst_hardware_r 29.0567528626725 39.220001220703125 31.59000015258789 AB 7.417668941811835 1.1124695649674696
61050.3129 lsst_hardware_i -74.04814993209133 39.86000061035156 31.280000686645508 AB 8.01784260436382 1.1187167021576407
61055.2336 lsst_hardware_i -44.5416633735844 31.8799991607666 31.239999771118164 AB 6.2777654523771504 1.1625491578476204
61055.253 lsst_hardware_z 72.67422940026468 42.58000183105469 30.940000534057617 AB 6.240033532442469 1.1295541300505283
61057.241 lsst_hardware_r 35.813929069713375 23.770000457763672 31.479999542236328 AB 3.70667964421093 1.1386482626083136
61057.2596 lsst_hardware_u -3.9482601169828415 2.6500000953674316 28.350000381469727 AB 2.4234231992808017 1.1178580969198393
61059.2364 lsst_hardware_g 11.86885375385471 14.380000114440918 31.389999389648438 AB 6.7618429840092 1.1373362274067977
61059.2559 lsst_hardware_r 6.515860617727277 23.459999084472656 31.479999542236328 AB 7.23090431639924 1.1166844923915227
61061.229 lsst_hardware_i 25.38516189351909 31.979999542236328 31.239999771118164 AB 13.476441263129649 1.1403398452741662
61061.2487 lsst_hardware_z 66.0373156554988 42.72999954223633 30.940000534057617 AB 13.2118607925328 1.1178414112092285
61063.2315 lsst_hardware_r -8.865834605742169 23.760000228881836 31.479999542236328 AB 10.290598540817133 1.1291289031207856
61063.2509 lsst_hardware_g 14.210670283399343 14.5600004196167 31.399999618530273 AB 10.58031641978825 1.1137175178724474
61065.2316 lsst_hardware_r 35.83536555403763 23.84000015258789 31.479999542236328 AB 9.666386854769728 1.1230190943676719
61065.2509 lsst_hardware_i -62.78656322034504 31.6200008392334 31.239999771118164 AB 10.36845985022437 1.1123067272431582
61067.2155 lsst_hardware_z -78.48438660182507 42.61000061035156 30.940000534057617 AB 12.446938890822718 1.135937353617965
61067.2325 lsst_hardware_i 11.236339394189915 31.520000457763672 31.239999771118164 AB 12.28439659506601 1.1177116882566338
