data/validation/pwv_sim_epoch_fit_epoch/19493846.ecsv
# %ECSV 0.9
# ---
# datatype:
# - {name: time, datatype: float64}
# - {name: band, datatype: string}
# - {name: flux, datatype: float64}
# - {name: fluxerr, datatype: float64}
# - {name: zp, datatype: float64}
# - {name: zpsys, datatype: string}
# - {name: pwv, datatype: float64}
# - {name: airmass, datatype: float64}
# meta: {SNID: '19493846', alt: 1024.0, c: -0.007310823071748018, dec: -40.423901, lat: -30.244573, lon: -70.7499537, ra: 310.078125,
#   t0: 63121.78125, x0: 4.81559529861786e-06, x1: -0.44563260674476624, z: 0.6230486035346985}
# schema: astropy-2.0
time band flux fluxerr zp zpsys pwv airmass
62995.4178 lsst_hardware_z -28.396290817289508 88.0 31.739999771118164 AB 7.520874707380157 1.0172050007727262
62999.3797 lsst_hardware_r 17.43351401291926 46.939998626708984 31.6299991607666 AB 6.744536559232336 1.0353909363267655
62999.3894 lsst_hardware_y -51.10930144479805 49.13999938964844 30.059999465942383 AB 6.695629433832618 1.0265171862989826
63002.4189 lsst_hardware_g -3.435922089252573 17.200000762939453 31.530000686645508 AB 3.817099187044072 1.016808520789577
63002.43 lsst_hardware_y 8.06202427729436 57.790000915527344 30.06999969482422 AB 3.7794964220392293 1.0213015011815607
63005.4109 lsst_hardware_z -2.89838787583005 41.040000915527344 30.959999084472656 AB 9.693951364682786 1.0168569338560243
63005.423 lsst_hardware_y 92.78021135215056 48.5 30.059999465942383 AB 9.083903206715105 1.0219838225476856
63010.3959 lsst_hardware_r -21.523052327472413 22.989999771118164 31.510000228881836 AB 6.724359422618083 1.0165320366769908
63010.4089 lsst_hardware_u -1.909225448038227 2.7100000381469727 28.450000762939453 AB 6.731095719451652 1.021720661726148
63013.3915 lsst_hardware_g -19.891171889778565 14.220000267028809 31.440000534057617 AB 5.033146584249536 1.0175681747282357
63013.4043 lsst_hardware_r 19.077570848674554 22.989999771118164 31.510000228881836 AB 5.074554746298094 1.0239731112945758
63015.3878 lsst_hardware_i -57.91322275975937 30.469999313354492 31.260000228881836 AB 8.300729880989959 1.0181821381159233
63015.4006 lsst_hardware_z -62.356954103169556 40.97999954223633 30.950000762939453 AB 8.354940290375042 1.0252089441530208
63019.3272 lsst_hardware_i 8.549256213366142 40.130001068115234 31.299999237060547 AB 9.813174130019513 1.0332376025290297
63019.3408 lsst_hardware_z 36.88616945536344 44.310001373291016 30.959999084472656 AB 8.978076744856942 1.0223659227394504
63022.3442 lsst_hardware_i 25.258325231302397 75.68000030517578 31.34000015258789 AB 5.261316929155132 1.01717098678693
63022.3572 lsst_hardware_r -6.287536041733655 96.19000244140625 31.65999984741211 AB 5.368766052454415 1.0156896205179409
63031.3713 lsst_hardware_g -8.955708527239931 16.68000030517578 31.5 AB 12.390751733725855 1.0386212685436593
63031.385 lsst_hardware_r 50.16219665237047 24.43000030517578 31.510000228881836 AB 13.108484361804773 1.0571358356294172
63040.1774 lsst_hardware_r -1.9947338986780079 24.079999923706055 31.450000762939453 AB 3.957431122073421 1.2810329763125097
63040.1869 lsst_hardware_i 51.002436877963184 32.560001373291016 31.219999313354492 AB 3.82935781559115 1.2371390746040554
63044.3118 lsst_hardware_i 23.037133458717925 30.520000457763672 31.260000228881836 AB 6.9290438995403765 1.0195017876172112
63044.324 lsst_hardware_u -3.7635584661971904 2.75 28.479999542236328 AB 6.990414641048622 1.0271713527365076
63046.2998 lsst_hardware_g 3.04534227762428 14.329999923706055 31.450000762939453 AB 1.997037430516272 1.0170804331634478
63046.3128 lsst_hardware_r 17.346843362380145 23.06999969482422 31.510000228881836 AB 2.024353396798869 1.0230465681864953
63048.3267 lsst_hardware_i 18.90448510486152 39.25 31.290000915527344 AB 9.13301710068591 1.0407403681483758
63048.3392 lsst_hardware_r 19.289863926665262 23.299999237060547 31.5 AB 9.152917799646184 1.0581000115193462
63051.2313 lsst_hardware_i 81.3715537469035 91.27999877929688 31.34000015258789 AB 7.5936537745257935 1.0427978267681672
63051.2434 lsst_hardware_z -88.6359650632209 77.44000244140625 31.0 AB 7.472978108181 1.0298796115737565
63053.2413 lsst_hardware_r 187.62585502942392 118.12000274658203 31.65999984741211 AB 4.4991508552467385 1.0270470678542485
63053.2538 lsst_hardware_z -22.217997290466002 80.41999816894531 31.0 AB 4.524311365138416 1.019295140839187
63061.2266 lsst_hardware_r 11.931037170833104 23.389999389648438 31.510000228881836 AB 6.709146426218036 1.0220865445552423
63061.2394 lsst_hardware_i -84.99376729663307 30.729999542236328 31.260000228881836 AB 6.681571664175523 1.0167240675894786
63066.2242 lsst_hardware_r 5.40230006688257 23.43000030517578 31.520000457763672 AB 2.569114406123015 1.017135363691065
63066.2368 lsst_hardware_u 5.018233329679122 2.809999942779541 28.520000457763672 AB 2.555521277642885 1.0156743394732095
63068.2206 lsst_hardware_g 11.053545869311957 14.5600004196167 31.450000762939453 AB 5.621140781965901 1.0166496764622046
63068.2326 lsst_hardware_r 30.038230501221317 23.280000686645508 31.510000228881836 AB 5.65238903804474 1.0157641736033438
63070.2053 lsst_hardware_i 70.0693385807603 30.799999237060547 31.260000228881836 AB 5.373946313842103 1.0202888342078194
63070.217 lsst_hardware_z 78.84755235535557 41.0099983215332 30.950000762939453 AB 4.956289308381539 1.0162578036460208
63071.1168 lsst_hardware_z -35.01381286957888 43.5 30.940000534057617 AB 6.997972071028024 1.1801959812847667
63071.1219 lsst_hardware_r -11.962309754979207 24.059999465942383 31.489999771118164 AB 6.873023149508856 1.1628169100229284
63080.1973 lsst_hardware_i 64.16174006643003 102.7699966430664 31.350000381469727 AB 1.8682483331023103 1.0156283409091114
63080.2096 lsst_hardware_z -29.587920393643437 87.51000213623047 31.0 AB 1.8184201767688337 1.0179149191223587
63082.1922 lsst_hardware_r 111.12273959113419 108.6500015258789 31.670000076293945 AB 1.2258743857990808 1.0156374364534309
63082.2043 lsst_hardware_z 96.44273095822227 74.29000091552734 31.0 AB 1.251596754295498 1.0179721466413159
63084.1945 lsst_hardware_r -13.780961116008712 61.90999984741211 31.649999618530273 AB 1.6493924576684067 1.0166791397175303
63084.2069 lsst_hardware_i -6.504940003938998 52.90999984741211 31.31999969482422 AB 1.640914803901699 1.0217402265888536
63086.1905 lsst_hardware_z 18.703424803669886 44.18000030517578 30.959999084472656 AB 3.350102908596848 1.0170575784441247
63086.2015 lsst_hardware_i -1.684328680177154 38.47999954223633 31.290000915527344 AB 3.354574468566216 1.021775607858329
63089.1841 lsst_hardware_u -0.6096924401153399 2.7899999618530273 28.5 AB 7.583329730305726 1.0176006615935937
63089.195 lsst_hardware_g 7.349220774606054 14.59000015258789 31.450000762939453 AB 7.661428134826639 1.022796564813097
63092.0437 lsst_hardware_u -1.4952811669465649 2.662877111042018 28.280000686645508 AB 4.176334753895937 1.2424945344428222
63092.0498 lsst_hardware_g 4.0738611034658065 14.671317793595009 31.3799991607666 AB 4.092562282118899 1.2167570334826519
63095.1438 lsst_hardware_r -30.88082526797591 23.278918577173886 31.5 AB 4.338653675854365 1.0175078977144383
63095.1542 lsst_hardware_i -19.18989036095474 30.74425859209727 31.25 AB 4.267760033472038 1.0156496985892522
63107.1122 lsst_hardware_z 609.9782311202039 68.27783815204876 30.989999771118164 AB 5.082555457822315 1.0171552899147425
63107.1221 lsst_hardware_i 647.279415812272 76.65594192386673 31.34000015258789 AB 5.0643624129494516 1.0156316151443658
63109.1193 lsst_hardware_z 669.6157436260528 82.80862462424369 31.0 AB 3.383716613292456 1.0156736044701955
63109.1312 lsst_hardware_r 1169.4241129821044 122.55065232523305 31.670000076293945 AB 4.702396239624561 1.018202000640468
63112.1156 lsst_hardware_r 1462.032132061785 83.25258798394452 31.65999984741211 AB 0.6549266824341612 1.0161779401616153
63112.1276 lsst_hardware_i 1098.4919964631688 69.37825639029303 31.329999923706055 AB 1.4282910622749407 1.0202079016249577
63114.1144 lsst_hardware_z 879.7279590678277 54.15978006164979 30.959999084472656 AB 1.5199768504957551 1.0171605066891067
63114.1264 lsst_hardware_r 1668.0944786338453 57.547567267736696 31.610000610351562 AB 1.5952378616303027 1.0225883728399376
63117.1104 lsst_hardware_u 1.4041622072838196 2.9786376826517476 28.479999542236328 AB 2.377771230496117 1.0186082666697631
63117.1232 lsst_hardware_r 1559.7258178718969 45.93733501515548 31.5 AB 2.388574069928776 1.0260197894883059
63119.0644 lsst_hardware_u 3.9762967221659244 2.891827225163858 28.469999313354492 AB 3.1762001002063185 1.0245806774859092
63119.0753 lsst_hardware_g 384.6811388817684 23.682526766687502 31.43000030517578 AB 3.157596044057514 1.018579369050811
63122.0662 lsst_hardware_r 1533.0640905762737 46.15795958588866 31.510000228881836 AB 2.488033018167512 1.018954855397773
63122.0772 lsst_hardware_z 1121.0682909027107 52.30523276753204 30.950000762939453 AB 2.5321874681255894 1.0159227555166594
63124.0542 lsst_hardware_r 1549.456047293202 45.48705539722209 31.510000228881836 AB 1.2017422313152375 1.022324314177238
63124.0652 lsst_hardware_u 4.183130440143301 2.8610462568466417 28.489999771118164 AB 1.2113848645290464 1.017329300465292
63126.0892 lsst_hardware_r 1480.0982863520805 44.47592222080014 31.510000228881836 AB 1.069429661384271 1.0201236833544187
63126.1011 lsst_hardware_i 1371.155578968806 47.855025587606804 31.260000228881836 AB 1.3149605859656703 1.0279822170407347
63130.9941 lsst_hardware_i 1119.0084278986672 47.41212501194871 31.260000228881836 AB 2.0926024362724487 1.0717554091024066
63131.0001 lsst_hardware_z 998.4300670496149 52.67606610319131 30.950000762939453 AB 2.7210852400479544 1.061265694246472
63133.0512 lsst_hardware_z 915.1509943250018 54.38151013456508 30.959999084472656 AB 3.0876930054321967 1.015632807005821
63133.0632 lsst_hardware_g 198.147921187581 36.196112437407365 31.670000076293945 AB 3.0792247968715065 1.0173650209927885
63137.0474 lsst_hardware_r 911.4207617869507 89.56815473809071 31.65999984741211 AB 4.562277543854205 1.0161917499072013
63137.0606 lsst_hardware_z 988.7242736979072 69.72343995121567 30.989999771118164 AB 4.569643527282379 1.0208642339642287
63143.0358 lsst_hardware_r 569.9913513533132 32.39168015001829 31.510000228881836 AB 2.450257071109034 1.0173373764206952
63143.0492 lsst_hardware_i 714.4935585365588 40.199858912956934 31.260000228881836 AB 2.3514959252786083 1.0238734072332507
63145.0336 lsst_hardware_z 623.0644991515442 48.09386754599729 30.950000762939453 AB 3.4645955180179935 1.018474466970853
63145.0457 lsst_hardware_r 446.31824077728476 31.237523284736046 31.510000228881836 AB 3.880903313601559 1.0252474410711834
63147.038 lsst_hardware_u 0.10120330811448382 2.712088864810915 28.399999618530273 AB 4.688235001927189 1.023687974655208
63147.0502 lsst_hardware_g 48.952314055056945 15.549108848509885 31.420000076293945 AB 5.010854432018826 1.0339119843215379
63151.0712 lsst_hardware_r 257.9025941758359 28.477002172179823 31.489999771118164 AB 5.8414457938611575 1.0819996839752086
63151.0828 lsst_hardware_u -0.38290777642133644 2.9324123607466044 28.40999984741211 AB 6.0161799778484815 1.1080371381195884
63155.074 lsst_hardware_i 310.80682451927163 36.50648510683283 31.239999771118164 AB 9.16254638994913 1.113355711849301
63155.0852 lsst_hardware_z 408.2551739441382 47.677107296959335 30.940000534057617 AB 8.85327902477693 1.1444752477412328
