data/validation/pwv_sim_epoch_fit_epoch/19608783.ecsv
# %ECSV 0.9
# ---
# datatype:
# - {name: time, datatype: float64}
# - {name: band, datatype: string}
# - {name: flux, datatype: float64}
# - {name: fluxerr, datatype: float64}
# - {name: zp, datatype: float64}
# - {name: zpsys, datatype: string}
# - {name: pwv, datatype: float64}
# - {name: airmass, datatype: float64}
# meta: {SNID: '19608783', alt: 1024.0, c: -0.09371763467788696, dec: -45.586655, lat: -30.244573, lon: -70.7499537, ra: 292.215179, t0: 61190.65234375,
#   x0: 7.159384156860849e-06, x1: -0.03201274946331978, z: 0.5285443067550659}
# schema: astropy-2.0
time band flux fluxerr zp zpsys pwv airmass
[from data line 133]
61589.2163 lsst_hardware_r 29.269297009249897 23.299999237060547 31.510000228881836 AB 6.979760075062156 1.0387578244461824
61589.2301 lsst_hardware_i 5.959025674369553 30.959999084472656 31.260000228881836 AB 6.983751214388233 1.0366775676973963
61591.2134 lsst_hardware_z 10.49314994868734 41.29999923706055 30.950000762939453 AB 3.759201426735924 1.037999427525494
61591.2255 lsst_hardware_i -14.598911495991732 30.899999618530273 31.260000228881836 AB 3.7391580876147343 1.036711190854559
61598.1886 lsst_hardware_i 23.784954231125777 39.459999084472656 31.290000915527344 AB 6.038023703794443 1.03991796836075
61598.2014 lsst_hardware_z 0.5930422850247872 45.220001220703125 30.959999084472656 AB 6.096295987593423 1.0367850319036434
61600.195 lsst_hardware_r -24.653331274847115 64.72000122070312 31.649999618530273 AB 7.566391862742909 1.0368708015817982
61600.207 lsst_hardware_z 84.05402693617206 53.93000030517578 30.969999313354492 AB 7.527348127322872 1.0374917018270982
61605.1872 lsst_hardware_r 167.7262873425615 134.1199951171875 31.670000076293945 AB 3.3141880788323177 1.0367096852611053
61605.1999 lsst_hardware_i 183.4489997135273 102.36000061035156 31.350000381469727 AB 3.314229265039444 1.0394049389873592
61608.1534 lsst_hardware_r -62.55809442092678 67.54000091552734 31.649999618530273 AB 5.418645909688599 1.043988037317096
61608.1659 lsst_hardware_z -54.4186858655779 54.63999938964844 30.979999542236328 AB 5.389139016416116 1.0383030665498079
61611.184 lsst_hardware_r -4.046788582608043 32.95000076293945 31.579999923706055 AB 6.076669914006104 1.0395911062839234
61611.1959 lsst_hardware_i -43.999282046829975 36.939998626708984 31.280000686645508 AB 6.105272287987432 1.0460950589826399
61612.1851 lsst_hardware_z 32.18478572148319 41.41999816894531 30.950000762939453 AB 11.213854053422166 1.0412765308984306
61612.1978 lsst_hardware_u 2.907299877463476 3.3299999237060547 28.6200008392334 AB 11.243388760929411 1.0496476954943155
61617.1342 lsst_hardware_z -9.525055431797066 41.22999954223633 30.950000762939453 AB 3.851856997452349 1.041042431743878
61617.1456 lsst_hardware_r 23.654032057958094 23.09000015258789 31.5 AB 3.837998228493793 1.0372968185118359
61619.1411 lsst_hardware_u 0.5261895374746577 2.7100000381469727 28.450000762939453 AB 1.8697831260008566 1.0371358746422428
61619.152 lsst_hardware_r 13.208093455982484 23.020000457763672 31.5 AB 1.9156387490475641 1.0369751438366461
61622.1277 lsst_hardware_i -76.57997137148695 30.530000686645508 31.25 AB 2.0958049846637317 1.0382982336704145
61622.1398 lsst_hardware_z 2.9696559619616947 41.02000045776367 30.940000534057617 AB 2.1158604393164873 1.0366783142167992
61626.133 lsst_hardware_g -3.356245432949225 27.709999084472656 31.649999618530273 AB 4.479023202148915 1.036990959576064
61626.1451 lsst_hardware_r -6.004506309224989 32.0 31.579999923706055 AB 4.534283037432208 1.040450444569116
61631.1127 lsst_hardware_z -76.69532233695301 69.41999816894531 30.989999771118164 AB 3.793045559623867 1.036705311820814
61631.1243 lsst_hardware_r 160.63346779952437 100.5 31.65999984741211 AB 3.756938055068122 1.0379476611216176
61649.0539 lsst_hardware_u 0.03491344574405188 2.630000114440918 28.3799991607666 AB 1.2923688774926825 1.0383252898977093
61649.0651 lsst_hardware_g -13.494063900262685 14.109999656677246 31.420000076293945 AB 1.3082819270917887 1.036673476300942
61651.0895 lsst_hardware_z -16.363482446534313 41.150001525878906 30.940000534057617 AB 0.6729416525530008 1.04819572048754
61651.103 lsst_hardware_r 8.84108763241931 22.940000534057617 31.489999771118164 AB 0.5693581662482337 1.0612454170516936
61653.0342 lsst_hardware_i 4.612322693461178 31.1200008392334 31.260000228881836 AB 1.4327858234659478 1.0418997625494713
61653.0468 lsst_hardware_r 38.94416193708328 23.979999542236328 31.520000457763672 AB 1.2292292215855 1.0373971910138549
61655.0377 lsst_hardware_z -18.405044821354878 43.29999923706055 30.959999084472656 AB 2.6738118680382583 1.0382727378073036
61655.0499 lsst_hardware_g -10.667266738125528 27.15999984741211 31.639999389648438 AB 2.233373834602299 1.0366890768693944
61671.0179 lsst_hardware_g 9.406451096207812 14.369999885559082 31.440000534057617 AB 1.5581753019442193 1.0387835346294796
61671.0303 lsst_hardware_r -44.87458411159746 23.09000015258789 31.5 AB 1.5673502256563814 1.0449001504375877
61674.0168 lsst_hardware_i 29.47210691814084 30.8700008392334 31.25 AB 3.434508153800932 1.0417860480172692
61674.0296 lsst_hardware_u 1.697249489566628 2.6600000858306885 28.389999389648438 AB 3.474533312792599 1.0505807885078537
