data/validation/pwv_sim_epoch_fit_epoch/19723075.ecsv
# %ECSV 0.9
# ---
# datatype:
# - {name: time, datatype: float64}
# - {name: band, datatype: string}
# - {name: flux, datatype: float64}
# - {name: fluxerr, datatype: float64}
# - {name: zp, datatype: float64}
# - {name: zpsys, datatype: string}
# - {name: pwv, datatype: float64}
# - {name: airmass, datatype: float64}
# meta: {SNID: '19723075', alt: 1024.0, c: -0.023333517834544182, dec: -57.970295, lat: -30.244573, lon: -70.7499537, ra: 49.16185, t0: 62361.625,
#   x0: 1.1927132166004902e-05, x1: 0.22632645070552826, z: 0.4273347854614258}
# schema: astropy-2.0
time band flux fluxerr zp zpsys pwv airmass
62367.4268 lsst_hardware_i 2976.5592020886406 69.32955421528774 31.280000686645508 AB 2.5523966918180654 1.1287547559173312
62369.4206 lsst_hardware_z 1998.0482620466178 64.49719219422046 30.950000762939453 AB 1.7205849773327215 1.1286841812711232
62375.3631 lsst_hardware_z 1724.7825320653703 65.690905210481 30.959999084472656 AB 3.1480267678307223 1.1449451783345053
62375.374 lsst_hardware_y 338.3898666946641 54.75561156264667 30.010000228881836 AB 3.109146407583889 1.136730147187979
62378.3858 lsst_hardware_r 2380.993106475209 63.44245742464513 31.579999923706055 AB 2.8033542902236186 1.1290190455995242
62382.4036 lsst_hardware_z 1345.6493189431724 56.30434968381755 30.940000534057617 AB 1.3579104694245832 1.134270195816163
62382.4157 lsst_hardware_u 2.2349004831081896 11.049473429914745 29.18000030517578 AB 1.3380209709318092 1.1423058943640942
62385.4065 lsst_hardware_g 265.8954115863979 23.417419365780123 31.43000030517578 AB 0.8384317672453201 1.1415000234789927
62387.4055 lsst_hardware_i 1429.748458223692 50.39252816194747 31.25 AB 2.6178438106616064 1.1452470188822195
62389.3997 lsst_hardware_i 1312.598676111974 48.066058747165634 31.229999542236328 AB 2.6261217287250314 1.1449448025249795
62389.4108 lsst_hardware_u 6.51198634863701 12.132239540653314 29.219999313354492 AB 2.649707720480518 1.1563201922236608
62390.3937 lsst_hardware_g 181.33807739092256 19.07135548113772 31.360000610351562 AB 2.8321251073255636 1.1421778285298863
62390.4056 lsst_hardware_r 934.5251649340423 40.22646425683807 31.5 AB 2.8567906412943618 1.1535209023026463
62393.3931 lsst_hardware_i 1185.858670669254 46.45260436433628 31.239999771118164 AB 1.4057139015055227 1.1490066629022342
62393.4047 lsst_hardware_r 755.0110342773037 40.07197193138788 31.520000457763672 AB 1.3987516976465812 1.1622365580777576
62399.3832 lsst_hardware_i 900.7468586482331 43.39059955382827 31.229999542236328 AB 6.698490275681167 1.1559750820891899
62399.3945 lsst_hardware_z 771.3290779015841 53.81905974520242 30.940000534057617 AB 6.658228784451721 1.170711895050707
62404.2975 lsst_hardware_i 805.983242814949 62.44266044560754 31.299999237060547 AB 7.034989947201773 1.1351640405339247
62409.176 lsst_hardware_z 602.8944067023197 51.006254248233574 30.90999984741211 AB 5.716631066248714 1.3572785563488694
62409.1905 lsst_hardware_r 355.7740819046875 28.92167028448853 31.43000030517578 AB 5.488046932732651 1.3047879696627938
62413.3288 lsst_hardware_u 6.95115009971378 3.052732796108019 28.350000381469727 AB 3.0463871596702035 1.1405418044441045
62413.3406 lsst_hardware_g 92.48136393443473 15.749931268385831 31.350000381469727 AB 2.7073320519953525 1.151158125715448
62414.3505 lsst_hardware_r 251.39193374241893 27.773546660113098 31.459999084472656 AB 8.86473198699585 1.1664121035520856
62414.3628 lsst_hardware_i 553.0120806204293 38.259065254814445 31.219999313354492 AB 9.008524985292985 1.1853322349069717
62416.3463 lsst_hardware_z 382.57504783954676 47.50364302556104 30.93000030517578 AB 4.205388624250461 1.1681635067362393
62416.358 lsst_hardware_u 2.9127534807388473 2.782683291745362 28.290000915527344 AB 4.2712818459806385 1.1864671794390662
62420.343 lsst_hardware_i 456.69195222284765 37.03726516336572 31.219999313354492 AB 5.1654394817979625 1.1796607437734428
62420.3544 lsst_hardware_z 421.76944906962154 47.12869625758893 30.93000030517578 AB 5.261465476196707 1.1998781017551503
62422.2761 lsst_hardware_z 372.14538627506727 46.136634213487234 30.940000534057617 AB 6.316139065274435 1.1287217987087599
62422.2896 lsst_hardware_i 391.88973453418686 36.61231948934483 31.229999542236328 AB 6.311854152592518 1.1320696175396436
62423.2471 lsst_hardware_r 219.66305303633536 26.949594397383457 31.459999084472656 AB 7.146597205731475 1.134380508846266
62423.2596 lsst_hardware_u 2.458098415291237 2.572944923097365 28.329999923706055 AB 6.5061014272706394 1.1296785913566245
62423.2851 lsst_hardware_g 131.69220879099882 21.16270727708547 32.11000061035156 AB 6.498695793472896 1.1313885434319109
62423.2985 lsst_hardware_r 485.57448187197156 38.176102157557416 32.209999084472656 AB 5.72042986593687 1.1383940031715163
62425.3393 lsst_hardware_i 360.43128280467556 36.67827289114548 31.229999542236328 AB 8.757310971580404 1.1971035103829224
62425.3514 lsst_hardware_r 218.17355818459663 27.180811869520767 31.459999084472656 AB 8.954903453492296 1.2222343203128703
62427.3212 lsst_hardware_z 714.9489155851367 68.83585685832254 31.690000534057617 AB 7.194803047524281 1.1754293493749846
62429.3175 lsst_hardware_z 389.91202112523786 58.6757156962679 30.959999084472656 AB 1.5292797592727971 1.178181632722287
62429.3287 lsst_hardware_r 258.1064176417209 60.87701677375689 31.600000381469727 AB 1.417496503535399 1.1977156768366224
62433.313 lsst_hardware_i -67.07340555490133 60.099998474121094 31.299999237060547 AB 3.7419154933366503 1.1889476505952146
62433.3236 lsst_hardware_z 24.764494649424307 57.72999954223633 30.959999084472656 AB 3.7721379898265144 1.2093092858301318
62435.3144 lsst_hardware_i -55.37818986240795 48.630001068115234 31.280000686645508 AB 1.5895136967873278 1.2017492667242902
62435.3251 lsst_hardware_z 51.393896397655745 51.56999969482422 30.950000762939453 AB 1.6800494146235962 1.2245258124078688
62437.3094 lsst_hardware_z 67.45540101851313 47.029998779296875 30.940000534057617 AB 3.3995173905554297 1.2026594542059303
62437.3205 lsst_hardware_r 36.386534934029875 42.7400016784668 31.56999969482422 AB 3.4735897909687465 1.226513976508017
62438.318 lsst_hardware_i 37.35307326764987 37.709999084472656 31.25 AB 3.6985340804036233 1.227050289323761
62438.3278 lsst_hardware_r -1.8813959389108483 36.84000015258789 31.549999237060547 AB 3.8184069473720914 1.251458004273368
62440.3146 lsst_hardware_u 1.3036172285871503 4.28000020980835 28.670000076293945 AB 4.218711986280186 1.231920568339958
62440.3257 lsst_hardware_g -13.041205752850049 21.149999618530273 31.5 AB 4.319582230556169 1.2605784719521895
62442.3094 lsst_hardware_g 8.241821352530515 13.300000190734863 31.329999923706055 AB 3.7946028279390935 1.2325474755107493
62442.3214 lsst_hardware_r -4.36509695024113 22.799999237060547 31.440000534057617 AB 3.7762979586879593 1.263821271314578
62458.239 lsst_hardware_y -13.756980315169658 73.0199966430664 30.75 AB 5.366659806502652 1.1792912830857885
62460.2377 lsst_hardware_r 13.532488142707463 81.36000061035156 31.6200008392334 AB 5.82223688540464 1.1862144115325501
62460.2497 lsst_hardware_i -18.5914653563463 64.45999908447266 31.299999237060547 AB 5.927719352628271 1.2089573444294375
62466.161 lsst_hardware_z 44.780290441288564 45.79999923706055 30.950000762939453 AB 5.887582820195544 1.1295122916442288
62466.1742 lsst_hardware_r 32.78701611566236 40.54999923706055 31.579999923706055 AB 5.334969252493892 1.134295376150267
62468.1815 lsst_hardware_r -54.54632653037576 23.040000915527344 31.479999542236328 AB 3.7951293104505615 1.142853063449691
62468.194 lsst_hardware_u 2.8847658308743886 3.4200000762939453 28.540000915527344 AB 3.835787602797917 1.155096771150468
62477.2029 lsst_hardware_r -21.527600841938533 22.25 31.450000762939453 AB 4.909257604879144 1.2081848084196827
62477.2135 lsst_hardware_u 1.5948267086790364 2.5299999713897705 28.270000457763672 AB 5.202613487705346 1.2317765340633575
62479.125 lsst_hardware_u -0.3526065675117116 2.6600000858306885 28.43000030517578 AB 6.211822551891022 1.1294222821620041
62479.1359 lsst_hardware_g -2.6356560108871134 12.84000015258789 31.3700008392334 AB 6.206009608321489 1.1329486757010614
62481.1693 lsst_hardware_z 16.650252661494164 42.66999816894531 30.93000030517578 AB 11.805766226495038 1.1688877451975286
62481.1834 lsst_hardware_r 11.495049593153167 22.190000534057617 31.450000762939453 AB 12.035163752125126 1.1916003714975372
62483.103 lsst_hardware_i 22.84230578866912 35.58000183105469 31.260000228881836 AB 13.588375264995543 1.128680716965187
62483.1158 lsst_hardware_r 6.98703517440401 32.45000076293945 31.559999465942383 AB 13.61877115998545 1.1297978148621595
62487.1041 lsst_hardware_r 54.52393486091781 56.79999923706055 31.6200008392334 AB 10.911233921531174 1.1296247697211121
62487.1165 lsst_hardware_i -46.610092140982154 48.93000030517578 31.290000915527344 AB 10.899462150129152 1.1341300307960098
62491.1102 lsst_hardware_z -28.392220025278608 82.19999694824219 31.719999313354492 AB 3.523898788660079 1.1367415447290576
62493.1068 lsst_hardware_r 129.52747121811814 63.790000915527344 31.6200008392334 AB 4.857853747002977 1.1380704573042
62493.1192 lsst_hardware_z 52.42103340773369 53.58000183105469 30.959999084472656 AB 4.878835316350614 1.1482314230055575
62495.0844 lsst_hardware_i -49.682512916555744 30.299999237060547 31.229999542236328 AB 6.798993517357342 1.130151847965042
62495.0976 lsst_hardware_r -24.773954000551928 22.950000762939453 31.489999771118164 AB 6.878033725448721 1.1357387261308984
62497.0856 lsst_hardware_u 2.2340168305755275 2.6600000858306885 28.420000076293945 AB 5.742984798672002 1.1324594130978267
62497.0979 lsst_hardware_g -14.52762716525218 12.979999542236328 31.3700008392334 AB 5.756058191953261 1.1394750454227973
62499.0805 lsst_hardware_r 37.80417810058358 22.040000915527344 31.479999542236328 AB 9.352575434609642 1.1326158564469082
62499.0923 lsst_hardware_i -11.051771348005083 30.6299991607666 31.239999771118164 AB 8.545330155832607 1.1393773541110144
62503.082 lsst_hardware_u -4.062076394277731 2.5199999809265137 28.299999237060547 AB 7.7994758726340025 1.1398298722672462
62503.0937 lsst_hardware_g 1.333259502810516 12.90999984741211 31.329999923706055 AB 5.794741217510241 1.1500354686202414
62505.0871 lsst_hardware_r 7.367223150344452 22.229999542236328 31.469999313354492 AB 2.642458222180735 1.1488948792090155
62505.0997 lsst_hardware_z -29.16160483515532 42.650001525878906 30.93000030517578 AB 2.6757337022009344 1.1633624792177977
62736.3674 lsst_hardware_z -4.834897867101427 42.619998931884766 30.940000534057617 AB 2.3157039792159235 1.1520437689395582
62751.3984 lsst_hardware_r 24.213150046545728 22.010000228881836 31.469999313354492 AB 2.3121374894534013 1.1371634031493427
62751.4106 lsst_hardware_u -9.458060933724036 7.650000095367432 29.06999969482422 AB 2.326507779570583 1.1467690841999176
62753.3903 lsst_hardware_g 8.979534162583878 12.850000381469727 31.350000381469727 AB 4.058958502199697 1.1355582968408915
62753.4015 lsst_hardware_r 0.08268596722431117 22.829999923706055 31.469999313354492 AB 4.097338579251641 1.143523105124071
62755.4038 lsst_hardware_i -10.377734123688118 56.88999938964844 31.299999237060547 AB 2.865975605315793 1.1508401574016034
62758.2056 lsst_hardware_i -15.867500162137196 60.900001525878906 31.25 AB 1.2452141604318 1.4205314122237476
62758.2271 lsst_hardware_z 10.771590414083754 58.40999984741211 30.950000762939453 AB 1.6143796119368579 1.3317216844190518
62762.3969 lsst_hardware_y 50.39089138187132 84.16000366210938 30.760000228881836 AB 1.975030965014113 1.165439200441058
62764.3845 lsst_hardware_g -25.58147935793359 23.450000762939453 31.559999465942383 AB 6.56219410074764 1.1566734607660338
62764.3963 lsst_hardware_r -17.142746536961788 30.360000610351562 31.530000686645508 AB 6.869878985526312 1.1723342978713842
62765.3876 lsst_hardware_i -9.191018773677403 32.4900016784668 31.25 AB 3.708356491729782 1.163953701107904
62765.4001 lsst_hardware_z 54.421592580042365 58.720001220703125 30.969999313354492 AB 3.7677828963826046 1.1826060566172645
62767.387 lsst_hardware_r 0.8202984307700418 23.09000015258789 31.469999313354492 AB 1.6920588951568176 1.1707049551363422
62767.3991 lsst_hardware_u -7.449377815973542 10.960000038146973 29.18000030517578 AB 1.6850745681705324 1.1903046160846709
62774.3526 lsst_hardware_i 21.13102387411138 30.65999984741211 31.229999542236328 AB 3.728722363429537 1.1515510696199929
62774.3648 lsst_hardware_r -12.83890998263929 21.950000762939453 31.450000762939453 AB 3.7801223438483507 1.1663444442605961
62776.1436 lsst_hardware_r -5.034921242203603 23.8799991607666 31.40999984741211 AB 6.53050665909188 1.4850216958007723
62776.1564 lsst_hardware_i -28.96443443248605 32.79999923706055 31.190000534057617 AB 6.213230610904466 1.4208165128983457
62781.3625 lsst_hardware_z -31.95161083271602 42.83000183105469 30.940000534057617 AB 4.295699699107938 1.1932499164188715
62781.3746 lsst_hardware_r 10.508119743020575 23.100000381469727 31.469999313354492 AB 4.383481717196554 1.217633810332376
62785.137 lsst_hardware_r -23.262932379769254 91.01000213623047 31.56999969482422 AB 6.161638442021108 1.3974081740294517
62785.1528 lsst_hardware_z -75.5316461865114 64.73999786376953 30.950000762939453 AB 5.865980789228486 1.333884815256989
62789.3389 lsst_hardware_z 35.723923088733144 50.9900016784668 30.950000762939453 AB 6.957947947088663 1.1900709145533632
62789.35 lsst_hardware_r 63.79548223019697 56.20000076293945 31.59000015258789 AB 7.14897309702083 1.2116903554272593
62791.3311 lsst_hardware_r -21.35753399052063 43.0 31.579999923706055 AB 6.407121950089565 1.1859733051732215
62791.3413 lsst_hardware_i 2.7495783564527017 41.20000076293945 31.260000228881836 AB 5.892869055040225 1.2050035556622112
62794.128 lsst_hardware_i 43.865986957615576 55.540000915527344 32.400001525878906 AB 4.505598275161014 1.334728431468816
62794.1445 lsst_hardware_z -47.35612722056236 62.20000076293945 31.68000030517578 AB 4.2366527291233735 1.2796977635290092
62799.3154 lsst_hardware_r 52.7771134246845 22.190000534057617 31.450000762939453 AB 4.529927988389917 1.1970741215741134
62799.3265 lsst_hardware_u 1.1511922356152484 2.4800000190734863 28.239999771118164 AB 4.615197564554869 1.2199566221261304
62801.318 lsst_hardware_g -11.600103746979382 12.90999984741211 31.34000015258789 AB 3.7870739357946377 1.2133196430257944
62801.3268 lsst_hardware_r 50.9994623645574 22.399999618530273 31.450000762939453 AB 3.880400115584433 1.2333413160378386
62803.322 lsst_hardware_i 2.8288580643586188 31.389999389648438 31.229999542236328 AB 3.7624696213799105 1.2349462652231653
62803.3322 lsst_hardware_z -30.588230791393105 43.709999084472656 30.940000534057617 AB 3.791833614104563 1.2615615883679372
62813.2403 lsst_hardware_z -53.89868862752013 80.62999725341797 31.709999084472656 AB 5.44147622684852 1.1458553806580458
62817.2522 lsst_hardware_z 77.01376332491084 55.81999969482422 30.959999084472656 AB 4.810394621894876 1.1732669809499698
62817.2625 lsst_hardware_r 8.905189888559237 72.18000030517578 31.6200008392334 AB 4.87973479932366 1.1901792193472343
62819.1763 lsst_hardware_r -42.38647344886683 52.41999816894531 31.610000610351562 AB 4.541460516231972 1.1295292280463616
62819.1878 lsst_hardware_i 15.955967131788682 46.66999816894531 31.290000915527344 AB 4.5736696183944465 1.1286044709177576
62822.2385 lsst_hardware_z -8.669941985084836 45.2400016784668 30.940000534057617 AB 6.658101613001311 1.1731993092124762
62822.2501 lsst_hardware_i -4.812113195708908 37.06999969482422 31.25 AB 4.812699228224222 1.1924428216611056
62827.1663 lsst_hardware_i -14.007755835516704 30.5 31.229999542236328 AB 4.729342589603115 1.1286315940505405
62829.2391 lsst_hardware_g 8.299786620345532 12.760000228881836 31.31999969482422 AB 9.122117325146167 1.2082007891851616
62829.2515 lsst_hardware_r -32.82347812638733 22.200000762939453 31.450000762939453 AB 10.861057430389826 1.2361659932341964
62831.2329 lsst_hardware_i -15.387471984356612 30.90999984741211 31.219999313354492 AB 6.356425303305002 1.206687079030248
62831.245 lsst_hardware_z 7.381434902685547 43.099998474121094 30.920000076293945 AB 6.534983099390515 1.2336363766782519
62833.2436 lsst_hardware_i 6.988965923063782 31.559999465942383 31.219999313354492 AB 4.956911662922932 1.2437364603994883
62833.2552 lsst_hardware_u 1.411761606147556 2.5299999713897705 28.260000228881836 AB 5.624032147802943 1.2757005420039265
62838.1811 lsst_hardware_i -43.2345359610864 37.36000061035156 31.260000228881836 AB 7.382448441497806 1.1551590240087897
62838.1922 lsst_hardware_z 44.56110879582145 45.130001068115234 30.950000762939453 AB 7.472888390473339 1.1693914065506212
62840.2013 lsst_hardware_r 2.7247834535360274 51.119998931884766 31.59000015258789 AB 2.830423380073299 1.193096830155586
62840.2129 lsst_hardware_z 7.087195898617497 50.66999816894531 30.950000762939453 AB 3.223923507778396 1.2163454094617603
62842.2098 lsst_hardware_r 77.50153051644385 66.7699966430664 31.600000381469727 AB 5.179912348233959 1.2215814043473494
62842.2214 lsst_hardware_i -30.446252410310944 56.38999938964844 31.280000686645508 AB 5.319599004985978 1.249905781246766
62849.1069 lsst_hardware_z 11.175706143758688 46.09000015258789 30.950000762939453 AB 8.345588001225874 1.12869732231889
62849.1215 lsst_hardware_r 9.245391160952419 40.09000015258789 31.59000015258789 AB 8.358386620907416 1.132304212538682
62851.1028 lsst_hardware_u 3.8940868074049604 2.5399999618530273 28.31999969482422 AB 11.405172125791012 1.1288249839812903
62851.1151 lsst_hardware_g 11.709413693434348 12.84000015258789 31.350000381469727 AB 11.43287721938606 1.1319237054844238
62853.0982 lsst_hardware_r 12.637309419989172 22.06999969482422 31.469999313354492 AB 4.470557639043612 1.12892869672789
62853.1122 lsst_hardware_i -3.0222180838655888 30.649999618530273 31.229999542236328 AB 4.60948877562109 1.1330164954414805
62855.1024 lsst_hardware_z 3.4266845577016998 42.36000061035156 30.950000762939453 AB 3.7854806801707745 1.1312605693450204
62855.1148 lsst_hardware_r -12.021995993347232 22.229999542236328 31.479999542236328 AB 3.7507968167729016 1.1374668132743937
62858.1052 lsst_hardware_u 0.8258259027461837 3.680000066757202 29.1299991607666 AB 4.867786081111397 1.1365807871217801
62858.1185 lsst_hardware_r -9.215045422013366 31.030000686645508 32.209999084472656 AB 4.903711844384266 1.1468882461333194
62860.0846 lsst_hardware_g 7.664904637054723 12.930000305175781 31.360000610351562 AB 6.8260307789704395 1.129997231961394
62860.0978 lsst_hardware_i -37.6216419827331 30.6200008392334 31.239999771118164 AB 6.90430337856913 1.135436151555175
62866.0842 lsst_hardware_r 15.613848302616637 28.639999389648438 31.540000915527344 AB 8.443637746295094 1.1371136955485082
62866.0979 lsst_hardware_i -23.272137131955954 33.790000915527344 31.260000228881836 AB 8.551477712254892 1.1480805145002204
62868.0833 lsst_hardware_z 18.006549410741563 46.09000015258789 30.940000534057617 AB 8.12016784843678 1.1402594806829407
62868.0954 lsst_hardware_r 36.18072682155492 39.90999984741211 31.56999969482422 AB 5.81457995136556 1.151060071536288
62870.0846 lsst_hardware_z 15.761882793231415 49.61000061035156 30.950000762939453 AB 2.635457294202925 1.1458509974795326
62870.0958 lsst_hardware_r 8.957656315319557 52.560001373291016 31.600000381469727 AB 2.6624997611277625 1.1576085917946795
62872.0841 lsst_hardware_i -21.497872199383654 54.130001068115234 31.299999237060547 AB 9.887910784371932 1.1506713610859716
62872.0974 lsst_hardware_z 54.1562100928822 54.0099983215332 30.959999084472656 AB 10.021235733101204 1.166673090441081
62874.078 lsst_hardware_r -35.07485587176768 78.33999633789062 31.6299991607666 AB 9.628236129406961 1.150017752624081
62874.0917 lsst_hardware_z -23.157607523284344 58.099998474121094 30.969999313354492 AB 6.876780115839003 1.1663466953593968
