data/validation/pwv_sim_epoch_fit_epoch/197513.ecsv
# %ECSV 0.9
# ---
# datatype:
# - {name: time, datatype: float64}
# - {name: band, datatype: string}
# - {name: flux, datatype: float64}
# - {name: fluxerr, datatype: float64}
# - {name: zp, datatype: float64}
# - {name: zpsys, datatype: string}
# - {name: pwv, datatype: float64}
# - {name: airmass, datatype: float64}
# meta: {SNID: '197513', alt: 1024.0, c: 0.054010748863220215, dec: -40.033035, lat: -30.244573, lon: -70.7499537, ra: 312.539062, t0: 62418.9375,
#   x0: 3.590440100894464e-06, x1: -0.27097180485725403, z: 0.702759861946106}
# schema: astropy-2.0
time band flux fluxerr zp zpsys pwv airmass
[from data line 134]
62716.1719 lsst_hardware_z 28.760239359763432 40.970001220703125 30.950000762939453 AB 2.341405417491928 1.0251337204430508
62719.199 lsst_hardware_i 0.4383873487955236 30.56999969482422 31.25 AB 1.6420494596364483 1.0151251102796033
62719.2106 lsst_hardware_z 20.822019499233118 41.06999969482422 30.950000762939453 AB 2.271632748097975 1.0192407170377904
62722.1949 lsst_hardware_r -12.513689006493898 57.40999984741211 31.649999618530273 AB 3.850133998838819 1.0161569486894795
62722.207 lsst_hardware_z -21.243507959407253 50.93000030517578 30.969999313354492 AB 3.860371221966705 1.0218930261978394
62723.1906 lsst_hardware_y 86.6377407302486 53.09000015258789 30.059999465942383 AB 4.262246476729768 1.0157073183087857
62723.2017 lsst_hardware_r -25.075548355778757 78.19999694824219 31.65999984741211 AB 4.2860932564610765 1.0203364362310132
62725.1794 lsst_hardware_i 22.406278971700885 97.69000244140625 31.350000381469727 AB 2.7445834261155944 1.0146334292479091
62725.1911 lsst_hardware_z 42.17365284623958 83.83000183105469 31.0 AB 2.7494279386269596 1.0177726274338623
62733.1408 lsst_hardware_r -10.010103278824948 23.079999923706055 31.510000228881836 AB 1.8438706616082459 1.016606843064505
62733.1514 lsst_hardware_u -0.4797944471452446 2.7899999618530273 28.510000228881836 AB 1.907212189310189 1.0144745687820154
62735.1311 lsst_hardware_g 4.110674661526872 14.399999618530273 31.450000762939453 AB 2.039095558116628 1.0183173123059444
62735.1421 lsst_hardware_i 33.29140345249415 30.520000457763672 31.260000228881836 AB 2.0432366214177633 1.01489463376022
62738.1292 lsst_hardware_u -0.12824108347926463 2.799999952316284 28.520000457763672 AB 3.655409746339714 1.0159560162144843
62738.1414 lsst_hardware_g 19.901902632368277 14.430000305175781 31.459999084472656 AB 3.662826255724468 1.014445971858697
62744.129 lsst_hardware_u 2.2877287718420054 2.690000057220459 28.440000534057617 AB 4.696956357153373 1.0148267246280243
62744.14 lsst_hardware_r -0.7171614402140882 22.850000381469727 31.5 AB 4.781073059860306 1.0181160689651418
62748.1087 lsst_hardware_z 4.501405397653147 41.790000915527344 30.950000762939453 AB 0.9732717101162431 1.014617367856391
62748.1208 lsst_hardware_r -11.07805531179013 28.1299991607666 31.559999465942383 AB 0.9287769108095885 1.015334146826552
62751.1177 lsst_hardware_y -13.049216971415182 72.94000244140625 30.809999465942383 AB 1.5776023146967793 1.01682392181552
62753.0649 lsst_hardware_z 207.07026900719708 100.33999633789062 31.739999771118164 AB 2.656507761184622 1.0302531553944627
62755.0984 lsst_hardware_i -69.73844885868468 83.22000122070312 31.350000381469727 AB 2.7060788877573296 1.0147478720378793
62755.1103 lsst_hardware_z -34.70669106436002 72.73999786376953 31.0 AB 2.729725982348284 1.0182695075438901
62757.1003 lsst_hardware_r 19.85687825139918 80.70999908447266 31.65999984741211 AB 2.7813179779363106 1.0164707091589988
62757.1111 lsst_hardware_z -62.36427338082527 59.220001220703125 30.989999771118164 AB 2.5794957978034296 1.0216836509767024
62760.0642 lsst_hardware_r 7.390633924038973 22.920000076293945 31.510000228881836 AB 2.6972887422355343 1.0177167936997362
62760.0758 lsst_hardware_z -54.53295795507186 40.93000030517578 30.959999084472656 AB 2.6453172452988425 1.0146329650190535
62762.134 lsst_hardware_u -1.6464587953908034 2.75 28.459999084472656 AB 2.409202573901659 1.0643704766519368
62762.1456 lsst_hardware_g -20.58843692834976 14.420000076293945 31.43000030517578 AB 2.446613464149442 1.08682022543101
62764.1359 lsst_hardware_r 16.240769165684856 23.18000030517578 31.5 AB 7.5942040980471655 1.0780713486953424
62764.1478 lsst_hardware_i 1.9885797093748083 31.229999542236328 31.239999771118164 AB 7.742956031595554 1.104309207135291
62767.0509 lsst_hardware_z -26.01253625489861 40.900001525878906 30.950000762939453 AB 1.378154387891492 1.0157138345840746
62767.063 lsst_hardware_r 10.21099966850352 22.8799991607666 31.510000228881836 AB 1.4065904775771139 1.0144900667705186
62771.0514 lsst_hardware_u 2.1042757812299615 2.619999885559082 28.3799991607666 AB 2.840472071569605 1.014454311274859
62771.0645 lsst_hardware_g -7.066723675839904 14.119999885559082 31.420000076293945 AB 2.848620012221124 1.017364290078973
62772.0549 lsst_hardware_r -2.2396673271706344 22.790000915527344 31.5 AB 4.558418110524698 1.0152567294548225
62772.0666 lsst_hardware_z 6.451236557143429 40.779998779296875 30.950000762939453 AB 4.579966653889625 1.0196207904470476
62774.0474 lsst_hardware_r -26.823469978607314 23.010000228881836 31.510000228881836 AB 3.7656221538715338 1.0148785142382573
62774.0605 lsst_hardware_u 0.6546934068705018 2.7899999618530273 28.520000457763672 AB 3.777217836282954 1.01928566046896
62775.9921 lsst_hardware_u -1.872030144852426 6.5 29.059999465942383 AB 7.407226070528905 1.0411449955059944
62775.9964 lsst_hardware_g 27.554058744184754 19.049999237060547 31.549999237060547 AB 7.157361894241259 1.0360975527272376
62780.0331 lsst_hardware_r -88.44899173084985 65.0 31.65999984741211 AB 3.476696915505667 1.0152669064334072
62780.0456 lsst_hardware_i 22.126702546364363 57.119998931884766 31.329999923706055 AB 3.851405398626305 1.0200822120978141
62781.0369 lsst_hardware_z 8.781600062995214 59.06999969482422 30.989999771118164 AB 3.957774911645547 1.0172485208135718
62781.049 lsst_hardware_r 3.290495251357658 73.5 31.65999984741211 AB 4.582244562277285 1.0240224732727605
62783.0442 lsst_hardware_z 68.05640677637251 85.62999725341797 31.739999771118164 AB 3.598081760072472 1.0245107517283394
62787.0781 lsst_hardware_r -60.3604270744478 68.58999633789062 31.639999389648438 AB 5.246880940960932 1.0884704173486246
62787.0883 lsst_hardware_y -14.916214147558943 51.38999938964844 30.030000686645508 AB 5.793226758688529 1.112548748587881
62789.0729 lsst_hardware_g 12.669099872025653 14.430000305175781 31.420000076293945 AB 6.462716506104124 1.0890383372640775
62789.0827 lsst_hardware_r -5.3631312757301615 23.56999969482422 31.5 AB 6.579556313342238 1.1121943338513043
62791.0767 lsst_hardware_i -14.27337549709916 31.690000534057617 31.25 AB 7.27627227629581 1.110824733035847
62791.0883 lsst_hardware_z 13.672088915985519 43.08000183105469 30.940000534057617 AB 7.882409062820392 1.1429716973046957
