data/validation/pwv_sim_epoch_fit_epoch/19765430.ecsv
# %ECSV 0.9
# ---
# datatype:
# - {name: time, datatype: float64}
# - {name: band, datatype: string}
# - {name: flux, datatype: float64}
# - {name: fluxerr, datatype: float64}
# - {name: zp, datatype: float64}
# - {name: zpsys, datatype: string}
# - {name: pwv, datatype: float64}
# - {name: airmass, datatype: float64}
# meta: {SNID: '19765430', alt: 1024.0, c: -0.03084685280919075, dec: -33.152889, lat: -30.244573, lon: -70.7499537, ra: 238.183594, t0: 62124.09375,
#   x0: 0.00013313926322070183, x1: -0.04242416098713875, z: 0.14817963540554047}
# schema: astropy-2.0
time band flux fluxerr zp zpsys pwv airmass
62184.3021 lsst_hardware_r -5.667545237841557 26.690000534057617 31.440000534057617 AB 6.935624151130508 1.4083915425181326
62184.3219 lsst_hardware_u -0.06757685774931864 2.690000057220459 28.239999771118164 AB 6.307522147236968 1.2844533289241722
62186.3282 lsst_hardware_r -25.30493258211637 25.84000015258789 31.489999771118164 AB 3.1530981545993852 1.2260913109265885
62186.35 lsst_hardware_i -95.24647190736788 33.099998474121094 31.25 AB 3.6516125393014067 1.1411289185316895
62188.3043 lsst_hardware_i -3.285818036290221 34.27000045776367 31.229999542236328 AB 8.575542507257893 1.3223148694742468
62188.3261 lsst_hardware_z -14.476069145805361 44.40999984741211 30.940000534057617 AB 7.8700353292328415 1.2111628592599435
62190.3064 lsst_hardware_r -14.464245278964645 36.369998931884766 32.22999954223633 AB 13.997730027977031 1.2797339575769824
62190.3289 lsst_hardware_u 2.6964591618105618 4.110000133514404 29.219999313354492 AB 12.873977304206493 1.1774261298890154
62192.3045 lsst_hardware_g -21.468639638621827 15.699999809265137 31.389999389648438 AB 11.351194808876556 1.2612438676529507
62192.3224 lsst_hardware_i 69.48298130845622 33.0099983215332 31.229999542236328 AB 10.633073881191043 1.1814526534656715
62194.3236 lsst_hardware_r -101.14127482483701 98.70999908447266 32.369998931884766 AB 7.152499521733511 1.1567072890326693
62194.344 lsst_hardware_z -31.873614552097727 74.66999816894531 31.719999313354492 AB 5.692928835488323 1.0947940068246775
62196.3147 lsst_hardware_y 98.77639886747505 76.88999938964844 30.760000228881836 AB 4.799497623862555 1.169183343206469
62200.2793 lsst_hardware_i -28.000811075618152 74.02999877929688 31.290000915527344 AB 13.22271176415236 1.2786685779085414
62200.3115 lsst_hardware_z 83.74647145306785 65.3499984741211 30.979999542236328 AB 11.118092480172383 1.1420546623244705
62202.3126 lsst_hardware_z 118.52309767688457 50.619998931884766 30.950000762939453 AB 10.011592811841648 1.1213701626166852
62202.3341 lsst_hardware_r 10.655541295495656 47.2400016784668 31.6200008392334 AB 9.176304824977768 1.0670121889509032
62204.3254 lsst_hardware_z 93.23603694629082 42.970001220703125 30.950000762939453 AB 7.732728657895074 1.073990091374316
62204.3479 lsst_hardware_i -11.857190474940243 32.939998626708984 31.260000228881836 AB 7.151678876129647 1.0334547158493053
62206.3046 lsst_hardware_r 9.726286635844103 24.270000457763672 31.5 AB 8.881127517829276 1.1128186596284229
62206.3249 lsst_hardware_u -1.874861838404966 2.809999942779541 28.469999313354492 AB 8.504843426216045 1.0634709964320292
62208.3054 lsst_hardware_g 15.961078094156411 15.25 31.43000030517578 AB 15.065242455587104 1.095773535701157
62208.3252 lsst_hardware_r -45.031259603524205 24.190000534057617 31.510000228881836 AB 14.55038946285304 1.0524123076760967
62211.302 lsst_hardware_i -9.513586898315282 31.75 31.25 AB 8.325874215048731 1.0838629917616054
62211.323 lsst_hardware_z 81.14611590675227 41.66999816894531 30.950000762939453 AB 8.099003907338158 1.0421751851167005
62213.2624 lsst_hardware_z -88.10790844231524 43.9900016784668 30.940000534057617 AB 7.574833826344774 1.1920737281138305
62213.2789 lsst_hardware_r 25.118071215652048 24.510000228881836 31.510000228881836 AB 7.123825113581355 1.1326836623247674
62216.2618 lsst_hardware_u -0.7306593498297483 2.9200000762939453 28.540000915527344 AB 5.237282410563368 1.1629360298797309
62216.2778 lsst_hardware_r -38.628175212260246 24.229999542236328 31.520000457763672 AB 4.9418062142919155 1.111392379240321
62218.2515 lsst_hardware_i 44.01547890145527 32.63999938964844 31.25 AB 7.244902772128996 1.1811378592172814
62218.2705 lsst_hardware_z -72.18861610360761 42.88999938964844 30.950000762939453 AB 6.826157524171738 1.1166928905044151
62220.2646 lsst_hardware_z 55.1878272569952 42.72999954223633 30.950000762939453 AB 7.310211928057221 1.1179830897430276
62220.2837 lsst_hardware_g -23.657665103131205 15.1899995803833 31.469999313354492 AB 6.9542355657977675 1.0696766876827946
62222.2639 lsst_hardware_r 17.894304425846034 53.90999984741211 31.6200008392334 AB 7.768233062627793 1.1044881131698283
62222.2822 lsst_hardware_i 25.64851147881736 45.720001220703125 31.309999465942383 AB 7.339401642401398 1.0615019851611236
62224.2741 lsst_hardware_z 63.69378554702345 86.26000213623047 31.739999771118164 AB 8.510009589679061 1.0668851739082486
62226.2452 lsst_hardware_r -74.47604620689084 114.63999938964844 31.639999389648438 AB 4.232664519270765 1.127082530372831
62226.2636 lsst_hardware_z 52.02496034067173 76.76000213623047 30.989999771118164 AB 4.951621939311225 1.0779040956323573
62228.2659 lsst_hardware_i 1.4104048027458727 87.44999694824219 31.34000015258789 AB 8.384602519532713 1.0613420910800901
62228.2831 lsst_hardware_z -91.48702395018695 78.19000244140625 31.0 AB 8.156336786895265 1.0324476945437044
62230.2581 lsst_hardware_i 13.555707356505136 53.31999969482422 31.309999465942383 AB 6.898600955846799 1.0660933081371984
62230.2757 lsst_hardware_z -31.584941387373778 52.90999984741211 30.969999313354492 AB 6.618360229483414 1.035197116186144
62232.2615 lsst_hardware_g -39.9800317029351 26.6299991607666 31.6200008392334 AB 15.317827878120037 1.0491662930219203
62232.2804 lsst_hardware_r -8.862566295180837 31.84000015258789 31.56999969482422 AB 14.923534929051582 1.0221599266473687
62234.2587 lsst_hardware_i 63.58739729780403 31.1299991607666 31.260000228881836 AB 9.045759502131004 1.0446354478887898
62234.2791 lsst_hardware_r -51.03701707168138 24.059999465942383 31.520000457763672 AB 8.777779178551123 1.017772529254
62236.2474 lsst_hardware_u 6.096239093640952 2.7300000190734863 28.43000030517578 AB 5.1866460103732335 1.054911052957179
62236.2645 lsst_hardware_g -21.41901153802056 14.779999732971191 31.450000762939453 AB 4.355849622904646 1.0281313035966908
62242.1692 lsst_hardware_u -1.5045967643327252 2.6500000953674316 28.280000686645508 AB 21.466538091242967 1.255206296997016
62242.1881 lsst_hardware_r -25.487692163755135 24.40999984741211 31.489999771118164 AB 20.057051095982267 1.1729955609089577
62246.1694 lsst_hardware_r 43.24374971700288 24.290000915527344 31.479999542236328 AB 4.01453949539277 1.2041210244129485
62246.1878 lsst_hardware_u 0.06301683564033861 2.740000009536743 28.40999984741211 AB 3.534074209263546 1.1359017145081707
62248.1608 lsst_hardware_g 26.965597802905272 23.200000762939453 31.549999237060547 AB 12.405209889263201 1.2177191969631846
62248.1802 lsst_hardware_r 9.563423600084944 28.18000030517578 31.530000686645508 AB 10.570163267887422 1.142905689342858
62250.1636 lsst_hardware_i -183.5474566149963 61.310001373291016 32.029998779296875 AB 11.568597316206919 1.1832360348985718
62250.1825 lsst_hardware_z -64.32930814085258 67.2699966430664 31.709999084472656 AB 8.838136238815297 1.1185626356921148
62254.1653 lsst_hardware_r -24.584848562971306 134.6300048828125 31.639999389648438 AB 2.3607547103005886 1.1380330423656073
62254.1857 lsst_hardware_i -14.22328873541974 102.81999969482422 31.34000015258789 AB 2.4415178824231094 1.0812745272025144
62259.1638 lsst_hardware_z -102.79996593723278 50.86000061035156 30.959999084472656 AB 12.486877310853473 1.1020101765822496
62259.1829 lsst_hardware_g 8.495191317092965 50.529998779296875 31.700000762939453 AB 12.206054848492162 1.058144961725611
62261.16 lsst_hardware_r 17.068044206703398 24.3799991607666 31.520000457763672 AB 9.333306550698158 1.097605631207153
62261.1793 lsst_hardware_i -37.30880230523774 33.560001373291016 31.270000457763672 AB 9.714674678909812 1.0546246191076167
62264.1623 lsst_hardware_z -6.187742522963505 42.09000015258789 30.950000762939453 AB 10.480896701962168 1.0724339201844366
62264.1825 lsst_hardware_u -3.7878092681895863 2.9100000858306885 28.559999465942383 AB 9.115919931891172 1.0357430614934675
62266.1501 lsst_hardware_g -3.857028880123889 15.289999961853027 31.459999084472656 AB 7.627489399684677 1.0880869329079426
62266.1698 lsst_hardware_r 18.83134063100678 24.079999923706055 31.510000228881836 AB 6.580026270302017 1.0472190350613635
62268.1447 lsst_hardware_r -29.507511721473985 24.280000686645508 31.510000228881836 AB 14.23041334623927 1.0879382280734906
62268.1587 lsst_hardware_i -23.33998945046962 31.600000381469727 31.260000228881836 AB 13.706151763822433 1.0574306527916704
62270.1586 lsst_hardware_i -35.330715396935624 31.350000381469727 31.260000228881836 AB 6.5030590177537455 1.047697602344731
62270.1792 lsst_hardware_u -1.6742047504796698 2.8299999237060547 28.510000228881836 AB 6.039498362461491 1.0194106443516737
62272.1612 lsst_hardware_g -7.741076466547837 15.289999961853027 31.469999313354492 AB 6.859944403197222 1.0349555920789382
62272.1804 lsst_hardware_r 39.489783622806165 24.0 31.520000457763672 AB 5.437005363861102 1.0131695193231252
62277.0583 lsst_hardware_r -40.31782037009273 32.84000015258789 31.5 AB 9.411058861240626 1.3406703349504667
62277.0773 lsst_hardware_y -12.510654069134972 49.97999954223633 29.979999542236328 AB 8.763877309470057 1.2374862057992173
62279.0504 lsst_hardware_z 4.660721220645359 52.040000915527344 30.920000076293945 AB 2.6227150160369117 1.3561091086021877
62279.0724 lsst_hardware_r -30.046375397729836 48.91999816894531 31.579999923706055 AB 2.418252037026604 1.2348521040134546
62280.0777 lsst_hardware_z -37.62652821652035 55.939998626708984 30.950000762939453 AB 9.954888600420999 1.1993841687254214
62280.0971 lsst_hardware_r 15.696801828394126 64.27999877929688 31.6200008392334 AB 9.793008425189228 1.1291590704909078
62283.0722 lsst_hardware_i 171.18828495921625 136.47000122070312 31.31999969482422 AB 6.888146674249364 1.1883969303130175
62283.0924 lsst_hardware_z 87.97267399714094 110.36000061035156 31.0 AB 6.890003646406664 1.1185676140061689
62288.0724 lsst_hardware_g 8.364914075243 15.180000305175781 31.43000030517578 AB 8.356749596133312 1.1382632821067262
62288.0917 lsst_hardware_r -11.955426498529386 35.4900016784668 31.59000015258789 AB 7.917872243941118 1.084046035588933
62291.052 lsst_hardware_r 18.69163942067471 24.639999389648438 31.489999771118164 AB 13.563865984875669 1.1818989211021815
62291.0722 lsst_hardware_i -48.840532402451075 32.060001373291016 31.25 AB 12.804198290634286 1.113779806947321
62304.0443 lsst_hardware_u -1.3334199009051437 3.130000114440918 28.549999237060547 AB 6.513606065472869 1.0932079159942718
62304.0645 lsst_hardware_r -27.111580400053786 24.68000030517578 31.530000686645508 AB 6.180806052619 1.0499076019396978
62306.0674 lsst_hardware_z 29.189374438588917 42.9900016784668 30.959999084472656 AB 3.979138750158597 1.036368993399733
62306.0881 lsst_hardware_i -29.73594570600947 34.25 31.280000686645508 AB 3.7210229135079977 1.0127299213466687
62307.9693 lsst_hardware_y 29.327156927481045 53.380001068115234 29.950000762939453 AB 7.225773872979926 1.3686473857334835
62307.9916 lsst_hardware_r 2.983647538890518 56.29999923706055 31.59000015258789 AB 6.691772754859124 1.2425152110280417
62309.9682 lsst_hardware_y 19.073109229115186 64.06999969482422 29.959999084472656 AB 11.814267854798315 1.3406514946629304
62309.9885 lsst_hardware_r 154.00164262423303 111.26000213623047 31.610000610351562 AB 10.948562295388813 1.231397712567396
62311.9779 lsst_hardware_z 151.9834595910568 140.25 31.719999313354492 AB 6.320245746053579 1.2560938879205523
62313.9664 lsst_hardware_y -44.4673986369738 57.72999954223633 29.979999542236328 AB 9.927969977058403 1.2875631130544012
62313.9859 lsst_hardware_i 28.536760245873253 73.37999725341797 31.309999465942383 AB 9.189218972473048 1.1951123647383015
62314.9667 lsst_hardware_y 97.88432393648418 50.869998931884766 29.979999542236328 AB 8.228042515082844 1.2714274148315512
62314.9857 lsst_hardware_r 3.9161077234763986 24.260000228881836 31.489999771118164 AB 7.581140886791732 1.1849235521712618
62322.9677 lsst_hardware_y 92.93330636532696 50.36000061035156 30.0 AB 7.626078828900828 1.170152494013374
62322.9871 lsst_hardware_g -1.0834300020709804 15.010000228881836 31.440000534057617 AB 7.226404294161042 1.1073534865270225
62324.9689 lsst_hardware_y -0.6852452164734308 49.47999954223633 30.010000228881836 AB 1.6360135207501783 1.1464705821654653
62324.9896 lsst_hardware_z 22.044387349585428 42.5 30.950000762939453 AB 1.5346016246190606 1.0866359529962857
62327.9666 lsst_hardware_z 49.01806608005573 44.38999938964844 30.950000762939453 AB 6.681648037266073 1.1274188875840037
62327.9852 lsst_hardware_r 55.55532013673985 23.940000534057617 31.510000228881836 AB 6.379698460119455 1.0776972777769258
62329.9682 lsst_hardware_y -26.18408189361041 49.369998931884766 30.030000686645508 AB 6.514768271017625 1.1067616973244832
62329.9878 lsst_hardware_z 5.726946145605779 41.56999969482422 30.940000534057617 AB 6.229508540054161 1.0605675318245007
62333.9676 lsst_hardware_y -170.03606478512233 50.59000015258789 30.030000686645508 AB 1.9539084848229997 1.0805023879205529
62333.9868 lsst_hardware_i 1.2406633426395268 32.63999938964844 31.260000228881836 AB 1.8974269202166645 1.0427809957682608
