data/validation/pwv_sim_epoch_fit_epoch/19829727.ecsv
# %ECSV 0.9
# ---
# datatype:
# - {name: time, datatype: float64}
# - {name: band, datatype: string}
# - {name: flux, datatype: float64}
# - {name: fluxerr, datatype: float64}
# - {name: zp, datatype: float64}
# - {name: zpsys, datatype: string}
# - {name: pwv, datatype: float64}
# - {name: airmass, datatype: float64}
# meta: {SNID: '19829727', alt: 1024.0, c: -0.0389067716896534, dec: -4.630479, lat: -30.244573, lon: -70.7499537, ra: 125.859375, t0: 60307.54296875,
#   x0: 8.497246011060304e-06, x1: 0.0040756333619356155, z: 0.492498517036438}
# schema: astropy-2.0
time band flux fluxerr zp zpsys pwv airmass
[from data line 132]
60711.1484 lsst_hardware_z 90.75755368333093 42.650001525878906 30.950000762939453 AB 7.1461499516208296 1.1185083661951525
60711.167 lsst_hardware_i -43.95929696314718 31.510000228881836 31.260000228881836 AB 7.453386794172232 1.1084751329821625
60713.1386 lsst_hardware_z -35.319732604878624 48.060001373291016 30.959999084472656 AB 5.605648558465929 1.1230013806609542
60713.1577 lsst_hardware_g 24.547569982379883 37.09000015258789 31.65999984741211 AB 5.511573362931718 1.1093404957259412
60714.135 lsst_hardware_r 32.80968830884759 58.130001068115234 31.6200008392334 AB 9.773575528884399 1.1240023992430115
60714.154 lsst_hardware_i -31.886606563028444 51.31999969482422 31.299999237060547 AB 9.51484688182761 1.1096570541030306
60716.1471 lsst_hardware_z 217.4270783583427 99.30999755859375 31.739999771118164 AB 3.8706201336909216 1.1102001004921693
60718.1323 lsst_hardware_z 77.87903087009028 89.48999786376953 30.989999771118164 AB 4.509984903694998 1.115872553491546
60718.149 lsst_hardware_r -229.99047019575983 133.8000030517578 31.649999618530273 AB 4.472324857280558 1.1083370841222386
60720.1258 lsst_hardware_i 15.14306990810103 80.47000122070312 31.329999923706055 AB 2.185451340735626 1.1167354832578569
60720.1424 lsst_hardware_z -80.22859881046013 70.91000366210938 30.989999771118164 AB 2.0828259680094012 1.1084757679667767
60722.1235 lsst_hardware_i 99.80348116748974 53.599998474121094 31.299999237060547 AB 3.4820446926975257 1.1142543016632083
60722.1401 lsst_hardware_z -46.42236136213646 53.7400016784668 30.969999313354492 AB 3.873241330445107 1.1082235566366543
60724.1223 lsst_hardware_g 36.998666619255516 33.68000030517578 31.639999389648438 AB 6.090405490613428 1.1115907082703829
60724.1386 lsst_hardware_r 40.61087721552723 42.119998931884766 31.600000381469727 AB 6.1152227740037945 1.1084995964961561
60729.0911 lsst_hardware_z -19.86240295759644 42.63999938964844 30.940000534057617 AB 7.440831612092555 1.1276407732102933
60729.1091 lsst_hardware_u -1.0681633823114087 2.759999990463257 28.450000762939453 AB 7.327326986919245 1.1113517005362996
60731.0929 lsst_hardware_g 0.7598653250145259 14.359999656677246 31.399999618530273 AB 8.563636930375951 1.1193565035456443
60731.1112 lsst_hardware_r 24.288889225314346 23.459999084472656 31.479999542236328 AB 8.489370405869122 1.1086709204830876
60733.09 lsst_hardware_i -11.103024295051227 31.520000457763672 31.239999771118164 AB 7.270507848015919 1.1169930631457856
60733.1086 lsst_hardware_z -17.797075077046077 42.470001220703125 30.940000534057617 AB 7.221306483932519 1.10828476904923
60736.0838 lsst_hardware_i 56.23646123345324 31.420000076293945 31.239999771118164 AB 3.2791378187788363 1.115352999584599
60736.1012 lsst_hardware_u 2.9600003371438723 2.630000114440918 28.34000015258789 AB 3.302919723802838 1.1082383594014666
60738.0843 lsst_hardware_g -18.189297094077418 14.149999618530273 31.389999389648438 AB 5.035131221049609 1.1114671029872945
60738.103 lsst_hardware_r 1.7517797998774158 23.270000457763672 31.479999542236328 AB 5.00418703236805 1.1090430389764083
60740.0798 lsst_hardware_i 27.210102024367426 33.20000076293945 31.25 AB 5.872652247163089 1.110982263935485
60740.0977 lsst_hardware_r -34.68091272491038 26.149999618530273 31.520000457763672 AB 7.9536205108616915 1.109085318052699
60742.0601 lsst_hardware_z 159.78073514981946 70.0 31.709999084472656 AB 10.533993894435623 1.1222294631855514
60744.0501 lsst_hardware_z 7.326428838321653 62.529998779296875 30.969999313354492 AB 11.398717096874588 1.1276926292910974
60744.069 lsst_hardware_r -103.59737229334603 77.18000030517578 31.639999389648438 AB 11.224206809342272 1.1109226316961718
60751.0441 lsst_hardware_i -84.16932706158634 49.75 31.299999237060547 AB 9.113032294280098 1.1144032154423842
60751.0643 lsst_hardware_z -51.21308106809916 52.7599983215332 30.969999313354492 AB 9.037719928438698 1.108412684769425
60755.0358 lsst_hardware_i -37.55477304162909 31.3799991607666 31.260000228881836 AB 4.107337518987891 1.1126473029900672
60755.0562 lsst_hardware_r -16.751287313972117 23.31999969482422 31.510000228881836 AB 4.392799618502657 1.1089427878832618
60757.0327 lsst_hardware_u 2.638660061985382 2.7899999618530273 28.479999542236328 AB 6.854983280266219 1.111318553947509
60757.053 lsst_hardware_g -0.19076705646168798 14.289999961853027 31.420000076293945 AB 6.644158523289172 1.1096097959677966
60761.0243 lsst_hardware_z 3.8148082877688907 42.209999084472656 30.950000762939453 AB 6.088033276388582 1.110161522583661
60761.0423 lsst_hardware_r -37.32402764565325 23.209999084472656 31.5 AB 7.04706732806768 1.1096870054432688
60763.0248 lsst_hardware_u -3.4591050159562444 2.819999933242798 28.5 AB 7.205224132383852 1.1084960203667464
60763.0421 lsst_hardware_g 18.369495163293042 14.40999984741211 31.43000030517578 AB 7.51019247945943 1.112126829477168
60765.9913 lsst_hardware_y 60.873520435240835 51.7400016784668 30.020000457763672 AB 5.521472828912224 1.1260651588536148
60766.0098 lsst_hardware_r 8.5387637872407 23.389999389648438 31.489999771118164 AB 4.245146827274534 1.1105197490253074
60767.9894 lsst_hardware_y -16.233972387631137 50.9900016784668 30.020000457763672 AB 10.338347012643158 1.1219041793427194
60768.0069 lsst_hardware_r -16.366861861968868 25.18000030517578 31.5 AB 7.041067486058905 1.1095284409169406
60769.9892 lsst_hardware_z -21.074946625941884 48.790000915527344 30.950000762939453 AB 9.907597487766592 1.116789436709236
60770.0073 lsst_hardware_g 38.63194083838791 33.2599983215332 31.639999389648438 AB 8.464651773613621 1.108301377887217
60771.9893 lsst_hardware_y -107.06030897621682 54.16999816894531 30.030000686645508 AB 12.59061195238033 1.112695389244499
60772.0085 lsst_hardware_i 14.607967202132095 54.66999816894531 31.309999465942383 AB 11.837155146217892 1.1086592812791936
60773.9862 lsst_hardware_y -11.302242573675228 56.9900016784668 30.030000686645508 AB 10.054836397761697 1.1113591184616127
60774.0043 lsst_hardware_r 104.71583924727592 79.33999633789062 31.6299991607666 AB 8.94967738052198 1.1089371638091792
60776.9778 lsst_hardware_y 77.8048908404941 64.91999816894531 30.040000915527344 AB 6.030360662354812 1.1114677062106646
60776.9952 lsst_hardware_z -40.97136333902125 63.09000015258789 30.979999542236328 AB 5.995923539725053 1.10873075701827
60778.9764 lsst_hardware_y -17.165973399835234 62.790000915527344 30.040000915527344 AB 5.415275423170674 1.109687586715302
60778.9943 lsst_hardware_z -68.89051915488874 56.310001373291016 30.969999313354492 AB 5.381029149955163 1.1101199958646992
60780.9748 lsst_hardware_y -2.479635322593176 60.119998931884766 30.040000915527344 AB 16.525224459403244 1.1086414351922564
60780.9923 lsst_hardware_u -4.195876851155746 4.71999979019165 28.809999465942383 AB 16.573585305164023 1.111761549901997
60782.9735 lsst_hardware_z 42.30431018508755 52.06999969482422 30.969999313354492 AB 12.481283162942265 1.1082160411047515
60782.9904 lsst_hardware_r -32.62594289863785 23.829999923706055 31.5 AB 12.535103382733196 1.1139838598296552
