data/validation/pwv_sim_epoch_fit_epoch/19907024.ecsv
# %ECSV 0.9
# ---
# datatype:
# - {name: time, datatype: float64}
# - {name: band, datatype: string}
# - {name: flux, datatype: float64}
# - {name: fluxerr, datatype: float64}
# - {name: zp, datatype: float64}
# - {name: zpsys, datatype: string}
# - {name: pwv, datatype: float64}
# - {name: airmass, datatype: float64}
# meta: {SNID: '19907024', alt: 1024.0, c: 0.0496867299079895, dec: -30.691587, lat: -30.244573, lon: -70.7499537, ra: 289.160156, t0: 62648.87890625,
#   x0: 7.226364365557828e-06, x1: -0.6752632856369019, z: 0.5271388292312622}
# schema: astropy-2.0
time band flux fluxerr zp zpsys pwv airmass
[from data line 133]
63053.1542 lsst_hardware_r -3.9964251389516146 131.72000122070312 31.65999984741211 AB 5.050839438116605 1.0518199579584766
63053.1731 lsst_hardware_i -132.46150309719397 101.69999694824219 31.350000381469727 AB 4.964578442024618 1.023097051421847
63061.057 lsst_hardware_r -7.085293425293957 25.239999771118164 31.459999084472656 AB 9.510843575215796 1.3291964374195189
63061.076 lsst_hardware_u 2.1383355446040495 2.6600000858306885 28.290000915527344 AB 8.805982358873198 1.2270865844497754
63063.0451 lsst_hardware_g -9.714936643594363 15.5 31.360000610351562 AB 5.3199224903864835 1.370878497780403
63063.0632 lsst_hardware_i -25.847347938475874 33.38999938964844 31.229999542236328 AB 4.909539156817225 1.2631747401759583
63066.067 lsst_hardware_r 25.862199666279736 25.09000015258789 31.479999542236328 AB 3.2747149422661552 1.206156516488455
63066.086 lsst_hardware_u 1.7950668011972382 2.75 28.3799991607666 AB 3.2610683240953926 1.1342846344679627
63068.058 lsst_hardware_u 1.7410991293935667 2.7100000381469727 28.329999923706055 AB 6.9651135367510255 1.2219497432896536
63068.0777 lsst_hardware_g -18.287661164884458 15.59000015258789 31.440000534057617 AB 6.51939560290891 1.1437536145454228
63071.0514 lsst_hardware_g 4.943072975612455 16.06999969482422 31.440000534057617 AB 7.409957596109908 1.2147471469032636
63071.0775 lsst_hardware_r 0.49397044493921066 24.81999969482422 31.510000228881836 AB 6.82063940947865 1.1181376081112542
63076.0557 lsst_hardware_r -6.62924491735065 50.529998779296875 31.600000381469727 AB 4.4314487661782875 1.1442887156597403
63076.0746 lsst_hardware_z -97.02008965759158 49.41999816894531 30.959999084472656 AB 4.216845023974241 1.0884521464334458
63080.0585 lsst_hardware_i -186.8249467922086 119.04000091552734 31.329999923706055 AB 2.0179401138733493 1.1020972768283261
63080.078 lsst_hardware_z 0.31083665738893235 98.20999908447266 31.0 AB 1.9688517078447318 1.0565343213544813
63082.0771 lsst_hardware_z -51.88032384760158 68.58999633789062 30.989999771118164 AB 1.5186119819205732 1.0480413953903198
63082.0952 lsst_hardware_r -131.6780201953125 98.05999755859375 31.670000076293945 AB 1.868231566874929 1.0215893735474664
63084.0716 lsst_hardware_i -22.274953554024993 42.04999923706055 31.290000915527344 AB 1.796112780443362 1.048110939764654
63084.0892 lsst_hardware_z -54.01034832271381 47.91999816894531 30.969999313354492 AB 1.9929836141288346 1.0222176170946322
63091.9797 lsst_hardware_u -2.9738029531566283 3.3299999237060547 28.479999542236328 AB 7.090752710014048 1.2863043464878092
63091.9974 lsst_hardware_g -7.778913671798087 15.229999542236328 31.420000076293945 AB 6.4084194828743986 1.200172201240621
63094.9833 lsst_hardware_z -8.377772676052846 44.70000076293945 30.93000030517578 AB 4.917909384855685 1.2264622930767743
63095.004 lsst_hardware_r -33.553657815557756 24.43000030517578 31.5 AB 4.472263017359912 1.1436794077425452
63095.9701 lsst_hardware_y 11.59509595465424 72.31999969482422 30.0 AB 4.382078754982218 1.279065602738534
63095.9879 lsst_hardware_z -12.404108703077883 43.869998931884766 30.940000534057617 AB 4.121716577040275 1.1941812478749168
63100.9728 lsst_hardware_y 153.71187836633624 65.30000305175781 30.020000457763672 AB 1.6803921934322674 1.2002801381659054
63100.9908 lsst_hardware_u -0.2536247986055674 3.2899999618530273 28.559999465942383 AB 1.5863332142084323 1.1330951530060231
63106.9818 lsst_hardware_y -84.2873424633047 64.83000183105469 30.040000915527344 AB 5.909164784207571 1.110484338117467
63106.9984 lsst_hardware_i 115.70989269125802 83.41000366210938 31.329999923706055 AB 5.651768855066875 1.0686398213315862
63108.9831 lsst_hardware_y -40.92134980706678 61.79999923706055 30.049999237060547 AB 2.926859901976449 1.0920100371146158
63109.0021 lsst_hardware_r 157.31797612751487 105.1500015258789 31.65999984741211 AB 2.8595532697098918 1.050340962244221
63111.9795 lsst_hardware_z 114.0912326383695 50.779998779296875 30.959999084472656 AB 3.160765846167311 1.080603708092344
63111.9982 lsst_hardware_i 36.13002598607992 31.3700008392334 31.25 AB 3.2849608507164905 1.0428447145131716
63113.9839 lsst_hardware_y 80.82575984470016 51.0 30.040000915527344 AB 1.9697836246036038 1.0590234540882537
63114.0011 lsst_hardware_r 6.582557957844915 24.110000610351562 31.520000457763672 AB 1.4400082343551353 1.0301102123553876
