data/validation/pwv_sim_epoch_fit_epoch/19918285.ecsv
# %ECSV 0.9
# ---
# datatype:
# - {name: time, datatype: float64}
# - {name: band, datatype: string}
# - {name: flux, datatype: float64}
# - {name: fluxerr, datatype: float64}
# - {name: zp, datatype: float64}
# - {name: zpsys, datatype: string}
# - {name: pwv, datatype: float64}
# - {name: airmass, datatype: float64}
# meta: {SNID: '19918285', alt: 1024.0, c: -0.028689652681350708, dec: -36.238361, lat: -30.244573, lon: -70.7499537, ra: 145.546875,
#   t0: 60292.1796875, x0: 2.1148516303977112e-05, x1: -0.8104829788208008, z: 0.33505716919898987}
# schema: astropy-2.0
time band flux fluxerr zp zpsys pwv airmass
60278.2742 lsst_hardware_r 2080.9716479283957 76.937397814937 31.579999923706055 AB 8.045195121450922 1.3237671939861657
60278.2896 lsst_hardware_z 1258.2194968813858 77.29222987439071 30.969999313354492 AB 7.50736008585776 1.24360957234574
60282.2427 lsst_hardware_g 3096.1623070588576 82.8742837898632 31.530000686645508 AB 6.39764121987555 1.4625687191805568
60282.2638 lsst_hardware_r 4224.85085374655 88.390012227858 31.559999465942383 AB 5.784063230268677 1.3207634107783552
60293.2514 lsst_hardware_r 6192.684133910577 82.31085482232909 31.450000762939453 AB 10.057649142024125 1.2310408872645449
60293.2748 lsst_hardware_i 4890.840513892646 75.87627887558217 31.229999542236328 AB 9.326947152966287 1.141975792534669
60295.2534 lsst_hardware_z 3349.844410912123 70.72040635081846 30.93000030517578 AB 8.433974252221466 1.1993279892240882
60295.2782 lsst_hardware_u 20.900351151093922 5.907164286944635 28.389999389648438 AB 7.872062557175413 1.115497032333203
60297.2552 lsst_hardware_g 2953.4566412494787 55.91449928556375 31.360000610351562 AB 5.124658994174976 1.1715514646340148
60297.2788 lsst_hardware_r 5886.364038445531 79.73053642151156 31.479999542236328 AB 4.805359411377561 1.0993730064922351
60297.3427 lsst_hardware_z 3321.16445183457 70.44805306455129 30.959999084472656 AB 5.263844792877265 1.0089470260762097
60297.3548 lsst_hardware_y 942.706596744738 75.43995692419203 30.079999923706055 AB 5.2735717833165765 1.005830971450806
60301.2524 lsst_hardware_i 4552.925036425584 78.60868630931236 31.270000457763672 AB 7.663255731124611 1.1437695121081508
60301.2757 lsst_hardware_z 2821.324795513081 68.92846407529807 30.950000762939453 AB 7.241232651424134 1.0807809927498708
60304.2554 lsst_hardware_z 4731.7670586919085 105.22982388319139 31.719999313354492 AB 8.885000864022446 1.1106251080028058
60304.2762 lsst_hardware_r 9958.521073227275 144.4540202971732 32.400001525878906 AB 8.502868273901669 1.0628585342377086
60306.2553 lsst_hardware_i 7586.8423916705615 124.83678916863235 32.06999969482422 AB 6.7772302439709655 1.0966835622753293
60306.2783 lsst_hardware_r 8527.692972446348 145.75912120726136 32.40999984741211 AB 6.416157006216489 1.0494634236298204
60310.256 lsst_hardware_r 6415.724321469068 111.56575355546481 32.380001068115234 AB 7.5700238359466 1.070393164768848
60310.2779 lsst_hardware_i 6446.842658640488 104.73559121290613 32.060001373291016 AB 7.313436014799673 1.0340154272746733
60310.3232 lsst_hardware_z 1891.4708405920023 65.73928240275318 30.969999313354492 AB 7.149057591344271 1.0057026766956092
60310.3357 lsst_hardware_r 3018.8747556007283 78.50768244052834 31.649999618530273 AB 7.20275203025276 1.0081505867787843
60312.2576 lsst_hardware_z 1876.6961417972695 62.3177948250088 30.950000762939453 AB 4.609379115136968 1.056873841746477
60312.2809 lsst_hardware_r 2673.492385574144 65.1643076137576 31.610000610351562 AB 4.461348160287402 1.0241454245599881
60314.1664 lsst_hardware_i 2552.6893719654627 59.06349294532728 31.200000762939453 AB 15.740745843964712 1.382829293153362
60314.1878 lsst_hardware_z 1912.9920766446237 59.95160842135475 30.93000030517578 AB 14.546625081709106 1.260402909711609
60314.3266 lsst_hardware_i 2771.093127693037 59.98576916297313 31.260000228881836 AB 10.139354563807164 1.0088742704572546
60314.3396 lsst_hardware_z 1857.6777719829443 58.71960596203944 30.950000762939453 AB 11.415012697151555 1.0167917603127907
60316.1469 lsst_hardware_z 1679.3482673432284 61.32710351982585 30.889999389648438 AB 11.874756992069992 1.486326392532125
60316.1706 lsst_hardware_r 1661.2918576590546 46.891919785382434 31.43000030517578 AB 10.612655513116303 1.3229301008403431
60318.3177 lsst_hardware_g 505.0426235380671 25.513443968858844 31.420000076293945 AB 7.631048779306661 1.0097875652167385
60318.3287 lsst_hardware_r 1552.9786796860885 44.734151316907514 31.5 AB 7.629032457962979 1.0168089020442668
60320.2217 lsst_hardware_u 5.879524279733094 3.750142618769414 28.420000076293945 AB 6.947852650160326 1.0856019765875509
60320.2377 lsst_hardware_g 360.27068131479007 23.81205199068311 31.389999389648438 AB 6.742178922050005 1.0534654565703132
60322.215 lsst_hardware_r 1128.8821646258098 40.927850095700386 31.489999771118164 AB 4.790449875775197 1.0884912237616897
60322.2342 lsst_hardware_i 1991.5489445896321 53.91772768127463 31.25 AB 4.646755352696976 1.05015375781317
60324.2086 lsst_hardware_z 1686.7193850635417 57.2300286667585 30.940000534057617 AB 5.889896057165525 1.0907214920676898
60324.2267 lsst_hardware_r 1063.29414085641 39.02001502365589 31.489999771118164 AB 5.689452465409359 1.0536023084091406
60326.2117 lsst_hardware_u 1.4037315103832775 3.1827795454874592 28.389999389648438 AB 3.425746711200515 1.071662162002238
60326.2282 lsst_hardware_g 268.8650410719893 21.15877636181367 31.399999618530273 AB 3.3801892049716065 1.0424103222568688
60328.2131 lsst_hardware_r 816.489433753506 35.54154800808384 31.469999313354492 AB 6.297710859898749 1.0583498630197041
60328.2299 lsst_hardware_z 1298.0683672176147 54.24778699467976 30.940000534057617 AB 6.174501579900807 1.032554125795166
60330.2147 lsst_hardware_r 790.8121045397852 48.054709257265024 31.600000381469727 AB 12.34977183559918 1.0463691451471455
60330.2323 lsst_hardware_y 405.54513203054177 51.159742380423786 30.049999237060547 AB 12.099679895336399 1.0235894165952546
60334.1365 lsst_hardware_r 828.9178730301242 93.9356049171436 31.600000381469727 AB 9.729738183291456 1.2445966698947615
60334.1557 lsst_hardware_z 873.6214539497497 70.6185149417629 30.959999084472656 AB 9.111595120725054 1.1661100363540449
60336.1292 lsst_hardware_r 646.779327586541 96.21904450317699 31.600000381469727 AB 13.786335263538456 1.2533032057762232
60336.1464 lsst_hardware_i 1102.501131210473 80.70605822267918 31.309999465942383 AB 12.981376151262698 1.1801251046602452
60338.1286 lsst_hardware_z 699.988737983045 65.31425889841039 30.950000762939453 AB 12.306046938896117 1.2307790542556314
60338.1491 lsst_hardware_i 1011.5316979689014 68.02423744633049 31.299999237060547 AB 11.503463607096647 1.1512481717775571
60340.1283 lsst_hardware_u 13.047936580944622 6.272544374031707 28.84000015258789 AB 10.991853909097008 1.2085047130804352
60340.149 lsst_hardware_g 207.39427701842916 46.87030931032685 31.670000076293945 AB 10.300238241382292 1.1340856315461882
60344.1227 lsst_hardware_r 397.6771347346795 30.95531088118055 31.459999084472656 AB 12.454919796859949 1.1871910079378487
60346.1216 lsst_hardware_z 609.9240394735714 48.936581378536545 30.940000534057617 AB 5.066876711695886 1.170900487990114
60346.1395 lsst_hardware_u 20.34348710322611 4.619641854346367 28.360000610351562 AB 4.397331281012947 1.1140004934165473
60348.1209 lsst_hardware_g 67.48798168299886 16.698251090456207 31.3799991607666 AB 9.965559909672184 1.1542562513012518
60350.125 lsst_hardware_i 748.3304173428343 41.17634109959442 31.239999771118164 AB 3.9346309069239656 1.124180259121133
60350.1438 lsst_hardware_z 579.6106253134059 47.015438786870156 30.940000534057617 AB 3.758652664778824 1.076669339667384
60352.1352 lsst_hardware_u 10.606661869661952 4.471298028299265 28.459999084472656 AB 4.353787121325931 1.0836156605117016
60352.1535 lsst_hardware_g 90.01799339517548 16.847341087204583 31.420000076293945 AB 4.216133836155072 1.048181114482912
60354.1372 lsst_hardware_r 382.01792706118925 29.693936096068846 31.479999542236328 AB 2.094851492301776 1.0677122794607246
60354.1546 lsst_hardware_z 416.3083472213511 46.163094185793696 30.950000762939453 AB 1.9115033991797779 1.038296251591318
60356.1343 lsst_hardware_r 440.31054471748223 31.462957358296023 31.520000457763672 AB 3.6934166128140045 1.0627262763162422
60356.154 lsst_hardware_y 152.1255507865108 48.48024811895217 30.049999237060547 AB 3.600797777824037 1.0318704079734555
60359.1212 lsst_hardware_z -28.270333138516612 65.9000015258789 31.709999084472656 AB 3.540572096555909 1.0724943874459398
60362.1114 lsst_hardware_r 3.413786270090606 106.6500015258789 32.400001525878906 AB 6.651139994399426 1.0758880612098716
60362.1303 lsst_hardware_i 29.001771177899748 85.95999908447266 32.08000183105469 AB 6.806212872619322 1.0418337198983592
60365.1167 lsst_hardware_z -187.0656506973854 96.25 31.739999771118164 AB 8.059623148359346 1.0503190393378963
60367.1127 lsst_hardware_r 75.51899997297704 79.16999816894531 31.649999618530273 AB 6.889362462640362 1.0479313172818372
60367.1336 lsst_hardware_z -68.15474857265647 59.47999954223633 30.979999542236328 AB 7.960830102010575 1.0213066617929472
60369.1055 lsst_hardware_r 56.39516432103769 50.54999923706055 31.6200008392334 AB 4.270117516436951 1.050782532497558
60369.1266 lsst_hardware_y 93.73225185510495 49.279998779296875 30.049999237060547 AB 4.178840365080083 1.0228050171526677
60369.17 lsst_hardware_g 24.801910725901262 57.290000915527344 31.729999542236328 AB 3.9236272970165835 1.0067466550675463
60369.1818 lsst_hardware_r 16.69965819227665 55.66999816894531 31.649999618530273 AB 3.9132301904587448 1.011562670404225
60379.0158 lsst_hardware_y -61.95065799226176 49.599998474121094 29.979999542236328 AB 9.98911792535511 1.2346216407895905
60379.0366 lsst_hardware_i 0.1834522260228978 31.020000457763672 31.229999542236328 AB 9.322057421486702 1.1531015653511023
60382.0147 lsst_hardware_y 21.868473568136746 70.11000061035156 30.75 AB 16.721346058983524 1.2040573219790116
60382.0373 lsst_hardware_i -6.355530862208874 43.380001068115234 31.979999542236328 AB 15.520338136110706 1.1251377854970712
60386.017 lsst_hardware_z 39.31251195027815 62.84000015258789 31.690000534057617 AB 8.847628961074614 1.1547414462378536
60390.0046 lsst_hardware_y 5.104061719318971 52.45000076293945 30.010000228881836 AB 6.023974234311787 1.1597948083003056
60390.0233 lsst_hardware_z 19.749625454524974 52.83000183105469 30.969999313354492 AB 5.810697647695438 1.1034366972455771
60396.0055 lsst_hardware_y 141.44832507248597 73.7699966430664 30.780000686645508 AB 7.670780035526971 1.107160938493188
60396.0337 lsst_hardware_r -71.54751392944245 109.69000244140625 32.400001525878906 AB 7.311460619943509 1.0476372861360523
60400.0985 lsst_hardware_g -26.879554840079606 25.059999465942383 31.6200008392334 AB 5.061837193057228 1.0123674386114456
60400.1113 lsst_hardware_r 24.64529608313782 33.380001068115234 31.579999923706055 AB 5.139026897516743 1.0226240841436873
60401.9913 lsst_hardware_y 83.93131872184009 50.0099983215332 30.030000686645508 AB 10.083836221954535 1.1014567145772292
60402.0097 lsst_hardware_r -7.64073473123856 21.959999084472656 31.479999542236328 AB 6.75278843326507 1.0608417929879541
60404.0975 lsst_hardware_i 15.322161272236285 29.639999389648438 31.239999771118164 AB 7.238551446570917 1.01989734828634
60404.109 lsst_hardware_u -0.11667213623027824 2.5799999237060547 28.389999389648438 AB 7.2539909447733955 1.0323026817665284
60643.2669 lsst_hardware_z -72.30099463171146 45.36000061035156 30.920000076293945 AB 8.257332810498266 1.3727901596839056
60643.2833 lsst_hardware_u 3.1860556928870003 2.5799999237060547 28.270000457763672 AB 7.685798896790341 1.2778251626069812
60645.295 lsst_hardware_r 17.272326753999728 23.200000762939453 31.469999313354492 AB 7.799878690923675 1.199489238915882
60645.3117 lsst_hardware_i -19.822534325197502 31.239999771118164 31.239999771118164 AB 7.466875380016886 1.1396909763444392
60647.2411 lsst_hardware_u 1.9324403768747151 2.440000057220459 28.110000610351562 AB 6.508929428890349 1.4807323958118386
60647.261 lsst_hardware_r 5.845731094327373 23.420000076293945 31.440000534057617 AB 5.868308435112081 1.341327642311333
60651.238 lsst_hardware_r -16.685935032853433 23.65999984741211 31.420000076293945 AB 7.078365884845503 1.4210732553393903
60651.2581 lsst_hardware_z 160.40852659980132 44.34000015258789 30.920000076293945 AB 8.199433610172745 1.295516772071692
60653.2566 lsst_hardware_i -50.17057642692441 32.2599983215332 31.219999313354492 AB 11.826485666538028 1.2747491960698494
60653.2794 lsst_hardware_r -23.718328967675376 22.8700008392334 31.469999313354492 AB 10.913846085186838 1.1754276882268684
60657.2526 lsst_hardware_r 68.86877697684615 62.849998474121094 31.59000015258789 AB 9.787614894145326 1.2411380793996103
60657.2773 lsst_hardware_i -55.58512521517108 48.7599983215332 31.290000915527344 AB 9.018645077070277 1.1449339948038042
60659.2529 lsst_hardware_z 40.38673726186602 59.25 30.959999084472656 AB 12.746041725781867 1.215566808777523
60659.2757 lsst_hardware_r -5.56632370178946 78.19999694824219 31.6299991607666 AB 11.876719048294968 1.1327916751743523
60664.2592 lsst_hardware_r 62.32181023360273 55.34000015258789 31.610000610351562 AB 6.108404926469112 1.1416867970474143
60664.2824 lsst_hardware_z -14.454901128452203 50.790000915527344 30.969999313354492 AB 5.805734509942239 1.0795675786299759
60669.2568 lsst_hardware_i -23.706772712651038 31.18000030517578 31.239999771118164 AB 8.869691194910505 1.1087113993638131
60669.2783 lsst_hardware_z 20.7469069863053 41.459999084472656 30.940000534057617 AB 8.481715960764719 1.0602144950955898
60673.2589 lsst_hardware_g 10.194525660443428 13.170000076293945 31.389999389648438 AB 9.371906301307128 1.077230609345647
60673.2812 lsst_hardware_i 15.544402118242811 29.8799991607666 31.25 AB 9.029317849068162 1.037852626329674
60675.2557 lsst_hardware_z 85.62357434432336 41.13999938964844 30.950000762939453 AB 7.536623995408425 1.0724378467510498
60675.2783 lsst_hardware_r -10.839102707588083 21.81999969482422 31.489999771118164 AB 7.267553655714093 1.034400671549751
60675.3222 lsst_hardware_u -0.518610404146784 2.609999895095825 28.43000030517578 AB 7.103597155302248 1.0057167145364496
60675.3344 lsst_hardware_g 3.2405792686349 13.130000114440918 31.40999984741211 AB 7.154092726034661 1.0074767956674666
60677.261 lsst_hardware_u -0.9401163504906469 2.5299999713897705 28.34000015258789 AB 5.102957708454534 1.0521562285473267
60677.2825 lsst_hardware_g -4.100173292731623 13.029999732971191 31.389999389648438 AB 4.916925857110337 1.0232226395207413
60681.1512 lsst_hardware_r 25.7413613652247 25.889999389648438 31.440000534057617 AB 11.484598509386823 1.4576059198155653
60681.172 lsst_hardware_g 38.97210823422534 13.329999923706055 31.31999969482422 AB 9.020804086183565 1.3188310067519813
60683.1471 lsst_hardware_r -2.198121370321969 39.13999938964844 31.510000228881836 AB 10.453642381537499 1.4471880640330634
60683.1701 lsst_hardware_i -39.73361731559028 37.88999938964844 31.239999771118164 AB 8.874497939358122 1.2989604712175238
60687.2104 lsst_hardware_z 57.660388455726476 54.5 30.969999313354492 AB 5.674439741612049 1.1015121307603706
60687.2281 lsst_hardware_r 13.448195056341918 68.0999984741211 31.649999618530273 AB 5.493946089406987 1.0621965468426655
60689.2155 lsst_hardware_y 63.853782152678384 75.7699966430664 30.799999237060547 AB 8.498766392771223 1.0766222588412457
60689.2677 lsst_hardware_r -35.66657130628773 85.52999877929688 31.65999984741211 AB 7.1297062754162726 1.0098614901263592
60689.282 lsst_hardware_i 153.32684619111922 66.66999816894531 31.34000015258789 AB 7.198024883645579 1.0058258256526498
60693.2193 lsst_hardware_z 2.3156807838018207 52.47999954223633 30.979999542236328 AB 6.988560313476181 1.0488609205277175
60693.238 lsst_hardware_r -33.00753980147156 61.439998626708984 31.649999618530273 AB 6.78644230531598 1.024059499821338
60698.2132 lsst_hardware_i 50.70674290347356 30.8799991607666 31.25 AB 9.475862659446111 1.0375032108882605
60698.2302 lsst_hardware_z -40.91368441930613 41.02000045776367 30.950000762939453 AB 9.326729643660402 1.0185262385578053
60700.1321 lsst_hardware_g 18.81591045124309 13.369999885559082 31.350000381469727 AB 9.8110392579367 1.2557996298198462
60700.1508 lsst_hardware_r -22.975430825979217 22.56999969482422 31.479999542236328 AB 9.180701667359672 1.1764725607713986
60710.1286 lsst_hardware_z 11.545818554483537 42.79999923706055 30.940000534057617 AB 11.925326117159873 1.1582765818089822
