data/validation/pwv_sim_epoch_fit_epoch/20275250.ecsv
# %ECSV 0.9
# ---
# datatype:
# - {name: time, datatype: float64}
# - {name: band, datatype: string}
# - {name: flux, datatype: float64}
# - {name: fluxerr, datatype: float64}
# - {name: zp, datatype: float64}
# - {name: zpsys, datatype: string}
# - {name: pwv, datatype: float64}
# - {name: airmass, datatype: float64}
# meta: {SNID: '20275250', alt: 1024.0, c: 0.0026240432634949684, dec: -21.702768, lat: -30.244573, lon: -70.7499537, ra: 56.777344, t0: 59834.9453125,
#   x0: 8.372199380331932e-06, x1: 0.41498956084251404, z: 0.4956516921520233}
# schema: astropy-2.0
time band flux fluxerr zp zpsys pwv airmass
59843.348 lsst_hardware_i 2016.105043715076 53.70874505169135 31.260000228881836 AB 2.1289026474545625 1.0120763715020502
59843.3684 lsst_hardware_z 1575.9385821117974 57.054569016163676 30.959999084472656 AB 2.4295225297919067 1.0146262392114875
59854.2695 lsst_hardware_u 2.99842300562383 4.493037580230405 29.270000457763672 AB 3.8597816192653362 1.062422686282779
59854.2997 lsst_hardware_g 229.48114330905753 20.37670799085591 31.420000076293945 AB 3.2652281792093687 1.0213945610373205
59857.3265 lsst_hardware_r 1081.947782864582 39.11238325460243 31.5 AB 7.00793387352927 1.013158638631736
59857.3464 lsst_hardware_i 1245.109754426105 46.017855749541475 31.25 AB 7.801411798574278 1.026501552443984
59863.2989 lsst_hardware_z 842.3519037579742 74.78050873076987 31.0 AB 4.5790536287366015 1.0114240087033934
59863.3172 lsst_hardware_r 1027.9910842077945 100.35723319507267 31.670000076293945 AB 4.577270714583086 1.0163807515450163
59866.2973 lsst_hardware_i 937.3707189923986 59.30133791086284 31.31999969482422 AB 5.1005340363379315 1.0119437939960183
59866.3154 lsst_hardware_r 561.3789482206223 64.8948346904054 31.649999618530273 AB 5.1359505613955925 1.0207255173359486
59868.2759 lsst_hardware_z 864.5948656390608 52.24839364575051 30.969999313354492 AB 7.3738944050152515 1.0131179269779715
59868.2934 lsst_hardware_g 105.2508441003311 37.8021744470264 31.700000762939453 AB 7.13029238572389 1.012274431875212
59872.2761 lsst_hardware_z 714.5467565420616 48.73819588533134 30.959999084472656 AB 1.3064223014285679 1.0114237172350202
59872.2938 lsst_hardware_r 384.22168844581597 29.624636121204627 31.510000228881836 AB 1.2672738501430791 1.0170737160061882
59876.2784 lsst_hardware_r 270.1842543320415 28.400500597984998 31.510000228881836 AB 2.99817326361274 1.014667470340977
59876.2959 lsst_hardware_z 661.2802504326661 48.125225691295014 30.950000762939453 AB 3.3394525380828064 1.0279192114144844
59878.2593 lsst_hardware_i 498.56814915739574 37.41255263021875 31.260000228881836 AB 1.4159789661846778 1.0114135472747698
59878.2762 lsst_hardware_r 302.2720516574276 28.07925927213809 31.510000228881836 AB 1.4228929380520465 1.0163520986086048
59882.2086 lsst_hardware_r 249.9312765165796 27.32367263140674 31.520000457763672 AB 5.474861199224719 1.0371019509800021
59882.2248 lsst_hardware_i 402.67400823329467 36.45455087211497 31.270000457763672 AB 5.1477826907581585 1.0201709652708861
59884.2457 lsst_hardware_i 401.95797856459444 35.88332613864569 31.260000228881836 AB 4.971589475879157 1.011582231934196
59884.2645 lsst_hardware_z 475.5387759644849 46.490509884437934 30.959999084472656 AB 5.145211291185148 1.0193920138393504
59886.2457 lsst_hardware_i 328.7272724129572 44.307673298958406 31.309999465942383 AB 4.613631218966298 1.0126495212831397
59886.2651 lsst_hardware_z 451.2472996716919 49.503143930926676 30.969999313354492 AB 5.448953856788971 1.0244320091725834
59895.2298 lsst_hardware_g -5.252086869531828 62.41947290369749 31.729999542236328 AB 7.020492755993904 1.0163579813237646
59895.2472 lsst_hardware_r 149.46299912291968 62.2973904150183 31.639999389648438 AB 7.033652076289438 1.0314533168212106
59902.2115 lsst_hardware_g 9.632382453776067 14.317998545630864 31.399999618530273 AB 5.407090142451571 1.0168322344019074
59902.2331 lsst_hardware_r 171.84125247979483 25.476196426532738 31.489999771118164 AB 5.525531785311031 1.0377722352015661
59904.2123 lsst_hardware_i 200.12791276772637 33.78722821350548 31.25 AB 3.3484741343417217 1.0212395062293345
59904.2326 lsst_hardware_z 330.54546868775316 44.51452533509472 30.950000762939453 AB 3.4280893736414884 1.0449368137496917
59906.1911 lsst_hardware_z 256.77951887634066 43.825692868881674 30.950000762939453 AB 6.26981080768957 1.0126481155922749
59906.2101 lsst_hardware_i 269.49422011995995 33.70293320150858 31.25 AB 6.310958030279849 1.0240628564928358
59908.1909 lsst_hardware_u 3.24093758068355 2.7559692539512564 28.43000030517578 AB 6.031981001054872 1.0146025064149933
59908.2103 lsst_hardware_g 14.700650930199213 14.183349203444788 31.40999984741211 AB 6.412734829338823 1.0298411192278933
59916.184 lsst_hardware_i 18.654161928682434 48.540000915527344 31.31999969482422 AB 6.5452525182278904 1.0251965841199633
59916.2035 lsst_hardware_z -107.72795644408848 50.79999923706055 30.969999313354492 AB 6.71191884514907 1.0508260149712048
59918.1668 lsst_hardware_i -98.03528351705604 62.880001068115234 31.34000015258789 AB 2.4422783598569917 1.0162398251771525
59918.1828 lsst_hardware_z 85.14939166636914 58.790000915527344 30.989999771118164 AB 2.5549176820088793 1.0296205858248497
59920.1693 lsst_hardware_z 207.4366271700588 98.41000366210938 31.75 AB 4.15157694544252 1.0218008726168097
59924.1723 lsst_hardware_z 28.72145608435747 72.05999755859375 31.729999542236328 AB 10.471573616580208 1.0367894669881395
59927.1479 lsst_hardware_g -23.6238238541318 89.87999725341797 31.739999771118164 AB 7.294407892132885 1.019982925558678
59927.1654 lsst_hardware_r -131.61029388648632 83.3499984741211 31.65999984741211 AB 7.422901478827107 1.0385311617806376
59933.0885 lsst_hardware_u -18.792047959739385 29.06999969482422 29.559999465942383 AB 3.4011623150576535 1.018058063873423
59933.1066 lsst_hardware_g -59.18060895161666 89.44000244140625 31.75 AB 3.401069022552955 1.0114703412796893
59937.0946 lsst_hardware_z 65.953939721663 150.55999755859375 31.760000228881836 AB 6.246219891305276 1.0115608882245242
59937.1165 lsst_hardware_u -38.90911976508087 41.209999084472656 30.299999237060547 AB 6.270007328783153 1.0171703115505994
59939.0758 lsst_hardware_g 83.75851076078713 89.95999908447266 31.739999771118164 AB 9.820876351869051 1.0158388820427764
59939.0958 lsst_hardware_r 87.40914795568771 83.58999633789062 31.65999984741211 AB 7.6633219274777735 1.0116040166077445
59944.0783 lsst_hardware_i 39.68028056667605 88.29000091552734 31.350000381469727 AB 7.590149496608053 1.011401853970314
59944.0991 lsst_hardware_z 115.56454594091133 106.52999877929688 31.010000228881836 AB 7.613148299748489 1.0182770413627351
59946.0541 lsst_hardware_y 37.350567401245655 114.5999984741211 30.09000015258789 AB 7.191973265822877 1.0173481609519357
59946.0752 lsst_hardware_z 62.06771950192402 106.47000122070312 31.010000228881836 AB 7.149055701407456 1.011467982655271
59948.0564 lsst_hardware_y 165.64048982026677 113.16000366210938 30.09000015258789 AB 2.2489189584177867 1.013483081756551
59948.0791 lsst_hardware_i 42.41581073349839 86.97000122070312 31.34000015258789 AB 2.3062731973679695 1.0135237079182464
59952.0364 lsst_hardware_y -69.81859757487315 114.54000091552734 30.09000015258789 AB 10.312352932684533 1.0182023037800685
59952.0582 lsst_hardware_r -87.9100173397203 83.75 31.670000076293945 AB 8.285654277353157 1.0114324069034615
59954.0363 lsst_hardware_y -83.10124774823784 114.55000305175781 30.09000015258789 AB 11.727601237336726 1.0150837770343373
59954.0586 lsst_hardware_z -21.362318822775602 106.45999908447266 31.010000228881836 AB 9.204531316755283 1.0122656237496186
59956.0355 lsst_hardware_y 41.15009613211037 114.58000183105469 30.09000015258789 AB 5.239241470760221 1.0131479759749036
59956.054 lsst_hardware_u 17.352184966177152 29.18000030517578 29.549999237060547 AB 3.9170416785053406 1.0124825017138326
59958.0346 lsst_hardware_y 61.67439257438859 113.37999725341797 30.09000015258789 AB 6.375255661920808 1.011945343162033
59958.0548 lsst_hardware_r -56.16765502811056 82.48999786376953 31.65999984741211 AB 6.748882427187408 1.0147932376794908
60184.4119 lsst_hardware_r -114.68433208512654 83.68000030517578 31.65999984741211 AB 3.6502846156998716 1.0126552475586845
60187.3949 lsst_hardware_z 14.2698667381403 106.33999633789062 31.010000228881836 AB 4.924211802009991 1.0164365979895054
60187.4124 lsst_hardware_y -89.54731022959223 114.58999633789062 30.09000015258789 AB 4.898234836808006 1.011422490608209
60195.3496 lsst_hardware_i -51.77563928685457 87.94000244140625 31.34000015258789 AB 3.0644392550305435 1.0393801882523042
60196.3712 lsst_hardware_u 14.238493367495263 29.110000610351562 29.540000915527344 AB 4.4313135222517515 1.0159485349347743
60196.3898 lsst_hardware_z 122.9413765235932 106.4800033569336 31.010000228881836 AB 3.620613640180742 1.011485861204286
60199.3758 lsst_hardware_r -75.78317875345346 83.55000305175781 31.65999984741211 AB 3.132531181068159 1.0116633251559035
60199.3944 lsst_hardware_y -200.22142637142616 114.5999984741211 30.09000015258789 AB 3.140362239181257 1.0149845634069996
60206.3209 lsst_hardware_z 163.5498851955137 106.4000015258789 31.010000228881836 AB 5.744171171538807 1.0375563190858084
60206.3405 lsst_hardware_i 113.53693734464986 88.2699966430664 31.350000381469727 AB 5.112047637594506 1.0179982019765812
60209.3717 lsst_hardware_r -57.744020392141316 117.2699966430664 32.40999984741211 AB 1.6021536007025856 1.0175634174037915
60209.3932 lsst_hardware_i 54.613911701571666 123.44999694824219 32.09000015258789 AB 1.4549352752715248 1.0392394823368034
60223.33 lsst_hardware_g -56.68757295317756 89.13999938964844 31.739999771118164 AB 5.788961353777822 1.015547866284612
60223.3506 lsst_hardware_r -13.552956158474101 82.33999633789062 31.65999984741211 AB 6.3831486844920695 1.033499078646763
60226.2662 lsst_hardware_i -72.75210930120349 88.01000213623047 31.34000015258789 AB 2.677836862172057 1.0376866453342166
60226.2841 lsst_hardware_r 28.89711622396523 83.62999725341797 31.65999984741211 AB 2.6430538066416904 1.0192379227360462
60227.3219 lsst_hardware_z 238.04080450740804 106.44000244140625 31.010000228881836 AB 2.842596673656495 1.0171505273102917
60227.3414 lsst_hardware_u -18.680879440619634 28.950000762939453 29.530000686645508 AB 3.1070128670431068 1.0356709556810355
60232.2617 lsst_hardware_i -12.559319916675006 86.81999969482422 31.34000015258789 AB 6.448993065768101 1.0241915932929753
60232.2837 lsst_hardware_z 31.81619293986278 105.02999877929688 31.010000228881836 AB 6.396717344807775 1.0119786971693332
60236.2905 lsst_hardware_i -106.4595160261851 88.18000030517578 31.350000381469727 AB 3.7261100418263493 1.013723598937182
60236.3085 lsst_hardware_u 5.109651086643105 28.950000762939453 29.530000686645508 AB 3.8993334761569716 1.026140388462361
60238.2765 lsst_hardware_g -58.53951804329398 90.08000183105469 31.75 AB 2.0060904271436755 1.0116016777629686
60238.2952 lsst_hardware_r 83.00675236415711 83.55999755859375 31.65999984741211 AB 2.3526586147429804 1.0193862927212314
60242.262 lsst_hardware_z 101.6400178629606 148.66000366210938 31.760000228881836 AB 3.8433998280300745 1.0114210073763354
60248.2566 lsst_hardware_i 51.344340556465134 87.01000213623047 31.350000381469727 AB 3.850545531668417 1.013301455702215
60248.2737 lsst_hardware_z -56.36095333531478 104.91000366210938 31.0 AB 3.8918846010645227 1.0241801581748744
60250.2023 lsst_hardware_z 17.984840452018762 106.12999725341797 31.0 AB 3.6880726957857743 1.0355391536672116
60250.2205 lsst_hardware_g 45.54143630391816 89.81999969482422 31.739999771118164 AB 4.521813118494506 1.0179105449926407
60260.2309 lsst_hardware_r 139.68263724224923 83.44000244140625 31.65999984741211 AB 7.024313310143996 1.016604471105686
60260.2484 lsst_hardware_i -48.85425471716423 87.87999725341797 31.34000015258789 AB 7.132853093610849 1.0320641119350116
60264.2107 lsst_hardware_r -86.68900921450408 83.61000061035156 31.65999984741211 AB 7.626916477468974 1.012601762807716
60264.2273 lsst_hardware_g 2.9250990790198546 89.88999938964844 31.739999771118164 AB 7.616424076190885 1.0217901899905575
60271.1975 lsst_hardware_r -88.65510145200953 83.45999908447266 31.65999984741211 AB 6.287834986702697 1.0148216569889166
60271.2162 lsst_hardware_z -76.30992538785367 106.13999938964844 31.0 AB 6.343358603040803 1.0295710124772046
60273.1908 lsst_hardware_y -81.5523058164892 114.70999908447266 30.09000015258789 AB 5.993432970019112 1.0142602685126123
60273.2094 lsst_hardware_r -141.60897955411 83.52999877929688 31.65999984741211 AB 6.379788423369293 1.0281137338906423
60275.196 lsst_hardware_i -103.50057862759195 88.06999969482422 31.34000015258789 AB 3.6313595573858555 1.0207616464891995
60275.2156 lsst_hardware_z 101.37808253656719 106.12999725341797 31.0 AB 3.938155219146497 1.0429666665877309
60279.1795 lsst_hardware_r 127.60661509314406 83.55000305175781 31.65999984741211 AB 7.900173851553108 1.0168842645840015
60279.1974 lsst_hardware_i 81.15350340743275 88.04000091552734 31.34000015258789 AB 7.987285736944926 1.033116991035722
60281.1787 lsst_hardware_z 24.32403872416664 105.08000183105469 31.010000228881836 AB 6.511914071504304 1.0200507957515852
60281.1971 lsst_hardware_i 113.58316641425357 86.73999786376953 31.34000015258789 AB 6.64109655129928 1.039898584916668
60283.1804 lsst_hardware_u -51.03218474060574 28.75 29.530000686645508 AB 2.4815622200391196 1.026357849329689
60283.1999 lsst_hardware_g -73.9582497786214 88.52999877929688 31.729999542236328 AB 2.505640366950955 1.0528269338352994
60285.1611 lsst_hardware_g -12.410254202311853 89.08999633789062 31.739999771118164 AB 4.655637574263725 1.0157385348017292
60285.1789 lsst_hardware_r 21.21515496105816 82.30000305175781 31.65999984741211 AB 4.236504799456347 1.030612585011982
60291.1449 lsst_hardware_i -95.93395637163373 88.20999908447266 31.350000381469727 AB 10.485623644997489 1.0158355298465265
60291.1637 lsst_hardware_z -46.02140909254218 106.30000305175781 31.010000228881836 AB 10.670947192877522 1.0319898640780312
60294.1448 lsst_hardware_r 11.107118294946638 22.06999969482422 31.489999771118164 AB 10.415221301644568 1.0213018499484445
60294.164 lsst_hardware_i -61.759342235806116 30.139999389648438 31.25 AB 10.638386475648606 1.0433788670197388
60296.1003 lsst_hardware_z -30.59605512623592 40.869998931884766 30.950000762939453 AB 3.8944939833800993 1.0148518523466057
60296.1185 lsst_hardware_i -45.15478705937312 30.739999771118164 31.260000228881836 AB 4.024619133111802 1.0116344699901354
60300.0874 lsst_hardware_r 3.0063159845607226 56.560001373291016 31.649999618530273 AB 4.072231433893425 1.015856835330141
60300.1066 lsst_hardware_z 5.594198811365525 50.529998779296875 30.979999542236328 AB 4.086587550720172 1.0115315719604387
60302.0874 lsst_hardware_y -77.12794497440821 51.86000061035156 30.059999465942383 AB 6.259909571071621 1.0133949606461896
60302.1077 lsst_hardware_r 57.41140492646126 74.51000213623047 31.65999984741211 AB 6.263421522438065 1.0128157696975715
60305.0693 lsst_hardware_i -44.91970562294009 65.08999633789062 31.329999923706055 AB 6.47647459071543 1.0185938883680854
60305.0876 lsst_hardware_z -17.381227440681382 60.43000030517578 30.989999771118164 AB 5.112239140901231 1.011523375722506
60311.0517 lsst_hardware_y 26.581457732530364 48.20000076293945 30.059999465942383 AB 6.929596712328489 1.0194581275493069
60311.0699 lsst_hardware_z 51.35697793911426 40.34000015258789 30.950000762939453 AB 7.104579168934606 1.0116640168408875
60313.055 lsst_hardware_y -12.559223819912491 47.380001068115234 30.059999465942383 AB 2.3319633247564733 1.014338114291637
60313.0772 lsst_hardware_u -0.4255988706346319 2.609999895095825 28.420000076293945 AB 2.3215625832428106 1.0126772445988268
60315.0543 lsst_hardware_y -1.7982056137311457 47.540000915527344 30.059999465942383 AB 9.90548298770268 1.0126234908712628
60315.0758 lsst_hardware_r 56.22107097919567 21.899999618530273 31.5 AB 10.010691267309053 1.0141174377634632
60317.0641 lsst_hardware_z 51.20100632764395 57.66999816894531 31.700000762939453 AB 8.450756555402918 1.012127259764407
60319.0354 lsst_hardware_y 231.2395185232094 113.97000122070312 30.829999923706055 AB 11.697463721000144 1.0159192636028207
60319.0593 lsst_hardware_g 2.1284939077586604 19.1200008392334 32.16999816894531 AB 9.150650411447504 1.0122774156253003
60321.0349 lsst_hardware_y 161.21252952494703 80.44999694824219 30.09000015258789 AB 5.2180432100745575 1.013622315190522
60321.0559 lsst_hardware_i 15.758517538441863 30.149999618530273 31.260000228881836 AB 3.979187225607705 1.0128379829736442
60323.0346 lsst_hardware_y 50.94453447453025 79.52999877929688 30.09000015258789 AB 6.3761902466665985 1.0120936899470792
60323.0533 lsst_hardware_i 10.159178296961887 30.309999465942383 31.260000228881836 AB 6.622536169592432 1.0138474712650345
