data/validation/pwv_sim_epoch_fit_epoch/20369892.ecsv
# %ECSV 0.9
# ---
# datatype:
# - {name: time, datatype: float64}
# - {name: band, datatype: string}
# - {name: flux, datatype: float64}
# - {name: fluxerr, datatype: float64}
# - {name: zp, datatype: float64}
# - {name: zpsys, datatype: string}
# - {name: pwv, datatype: float64}
# - {name: airmass, datatype: float64}
# meta: {SNID: '20369892', alt: 1024.0, c: -0.07533881813287735, dec: -21.702768, lat: -30.244573, lon: -70.7499537, ra: 128.847656, t0: 60369.4375,
#   x0: 2.5577774389412336e-06, x1: 0.2692582309246063, z: 0.8059685826301575}
# schema: astropy-2.0
time band flux fluxerr zp zpsys pwv airmass
[from data line 133]
60697.2046 lsst_hardware_i -16.07973362973129 32.2599983215332 31.270000457763672 AB 9.8914125529856 1.0134384419441733
60703.174 lsst_hardware_r 23.313986394747737 22.59000015258789 31.510000228881836 AB 10.91039512585723 1.0224980593412167
60703.1894 lsst_hardware_i 22.598727385182272 30.219999313354492 31.260000228881836 AB 10.760619341980403 1.0129866331724944
60707.1686 lsst_hardware_g -11.747254493779971 13.84000015258789 31.459999084472656 AB 11.24418957902414 1.0181726426426532
60707.1877 lsst_hardware_r 25.90373149314856 22.40999984741211 31.520000457763672 AB 11.271601470601597 1.011041976104552
60711.153 lsst_hardware_z 14.407604791193457 40.900001525878906 30.959999084472656 AB 6.462008624923061 1.0217691390275223
60711.1717 lsst_hardware_i -53.178612606179904 30.200000762939453 31.270000457763672 AB 6.780870699933471 1.0117682333532485
60713.1501 lsst_hardware_z 39.07821426175902 44.65999984741211 30.959999084472656 AB 5.025119724140692 1.0197077362298483
60713.1695 lsst_hardware_g 39.232944124479914 31.040000915527344 31.670000076293945 AB 5.0904031363128714 1.0112044370903597
60714.1465 lsst_hardware_r 23.535592065927997 49.689998626708984 31.639999389648438 AB 8.746972418630026 1.0203823288669869
60714.1658 lsst_hardware_i -42.24073314229623 44.869998931884766 31.309999465942383 AB 8.766172008974928 1.0113355199509604
60716.158 lsst_hardware_z 115.33084656012457 82.5199966430664 31.739999771118164 AB 3.5347310819644164 1.0117780927789757
60718.1378 lsst_hardware_z 3.5928078572594853 70.01000213623047 31.0 AB 4.128315841591253 1.0187084124839547
60718.1548 lsst_hardware_r 36.448242369827334 104.7300033569336 31.670000076293945 AB 4.088875129436368 1.0113468042137936
60722.1195 lsst_hardware_i -59.19851660783102 52.52000045776367 31.31999969482422 AB 3.223012250151946 1.024913795893127
60722.136 lsst_hardware_z -49.30778144035934 52.38999938964844 30.979999542236328 AB 3.5094932500659315 1.0135720577807934
60724.1171 lsst_hardware_g -20.7841514847229 31.18000030517578 31.670000076293945 AB 5.642573683141537 1.022112794700034
60724.1333 lsst_hardware_r 36.60036413747407 40.27000045776367 31.6200008392334 AB 5.608909249674682 1.0125603411375457
60727.1147 lsst_hardware_i -12.910372636289393 30.020000457763672 31.260000228881836 AB 4.676280482114601 1.0176888970869644
60727.1321 lsst_hardware_r -4.846520333343475 22.309999465942383 31.510000228881836 AB 5.119188654792648 1.011114539667711
60733.0951 lsst_hardware_i -7.025465475016448 29.969999313354492 31.25 AB 6.807510929144731 1.0200046342740081
60733.1139 lsst_hardware_z -17.10641512554731 40.47999954223633 30.950000762939453 AB 6.81640399182855 1.011335903832129
60736.0925 lsst_hardware_i 3.7486601217680233 29.940000534057617 31.25 AB 2.948337687074552 1.016200949129556
60736.1101 lsst_hardware_u 1.057293878031831 2.5999999046325684 28.399999618530273 AB 3.0073363729739624 1.010982644433201
60738.0792 lsst_hardware_g -17.523854874335118 13.40999984741211 31.40999984741211 AB 4.573203275199498 1.0218306949390008
60738.098 lsst_hardware_r -4.6915044433790065 22.0 31.489999771118164 AB 4.564551179551262 1.0117590999781025
60740.0746 lsst_hardware_i -65.74654596681445 31.829999923706055 31.260000228881836 AB 5.362530359447731 1.0211101922147376
60740.0923 lsst_hardware_r -60.42054386492878 25.1299991607666 31.530000686645508 AB 7.357908008203003 1.011813532481161
60744.0744 lsst_hardware_r -4.107671756351609 63.810001373291016 31.649999618530273 AB 10.170768914349376 1.0142370277572017
60744.0925 lsst_hardware_i -27.079826943695025 53.77000045776367 31.329999923706055 AB 11.325180042414738 1.0112369821788219
60753.0455 lsst_hardware_g 3.8780472274656193 13.430000305175781 31.440000534057617 AB 7.390877452536664 1.0165453188125662
60753.0655 lsst_hardware_r 35.99217365782743 35.29999923706055 31.610000610351562 AB 7.346987225972462 1.011018505231122
60757.0448 lsst_hardware_u -1.401261406172679 2.7699999809265137 28.549999237060547 AB 6.030326468708128 1.0120827639789953
60757.0654 lsst_hardware_g 17.993600953459737 13.369999885559082 31.43000030517578 AB 6.0487463431469495 1.0134732772656245
60763.0199 lsst_hardware_u -4.906901439005927 2.799999952316284 28.56999969482422 AB 6.601137853239256 1.0155596697291163
60763.037 lsst_hardware_g -13.96571661325558 13.399999618530273 31.440000534057617 AB 6.571376189950179 1.0109809523000275
60766.0176 lsst_hardware_r 4.889657116754438 21.829999923706055 31.5 AB 3.842265272257069 1.0128994566582783
60766.0366 lsst_hardware_z 9.572872162536324 40.290000915527344 30.950000762939453 AB 3.6690504082196496 1.012058773874374
60768.0138 lsst_hardware_r -14.081618836710362 23.190000534057617 31.5 AB 6.384928303623496 1.0123558432890012
60768.0327 lsst_hardware_u 2.2808993124189043 2.819999933242798 28.479999542236328 AB 6.407941249547864 1.0125129369224355
60770.0139 lsst_hardware_g -12.201391768809845 28.170000076293945 31.649999618530273 AB 7.705293092698114 1.011193319251721
60770.0325 lsst_hardware_r -44.52131067883065 31.850000381469727 31.579999923706055 AB 7.8086195477810065 1.0146335171233116
60771.9939 lsst_hardware_y 25.326582192629026 49.36000061035156 30.059999465942383 AB 11.512478487810283 1.0163748996036293
60772.0132 lsst_hardware_i -61.66123849138905 46.27000045776367 31.309999465942383 AB 10.790729668378319 1.0109990320154578
60773.9912 lsst_hardware_y 6.996508379549165 51.790000915527344 30.059999465942383 AB 9.179024535757343 1.0148549276653656
60774.0095 lsst_hardware_r 55.464050952164655 70.45999908447266 31.65999984741211 AB 8.142839184099033 1.011114137098377
60776.9877 lsst_hardware_y -60.8653567301654 54.209999084472656 30.06999969482422 AB 5.477751002710868 1.0128509227034475
60777.0051 lsst_hardware_z -53.27194723208109 61.040000915527344 30.989999771118164 AB 5.050093819543007 1.0117049388066124
60778.9717 lsst_hardware_y -150.8717742353187 74.88999938964844 30.079999923706055 AB 4.96406734680092 1.0183746736692831
60778.9898 lsst_hardware_z -14.570448514552703 54.95000076293945 30.979999542236328 AB 4.915660253236848 1.0111406465569985
60780.9697 lsst_hardware_y 55.08690906846181 64.68000030517578 30.079999923706055 AB 15.053462416221814 1.016153169796151
60780.9871 lsst_hardware_u -1.6212636804173413 3.0299999713897705 28.600000381469727 AB 15.027808180209384 1.0109807885775235
60782.9683 lsst_hardware_z 45.11398558405201 68.11000061035156 31.0 AB 11.446914319838148 1.0140557056973531
60782.9852 lsst_hardware_r 27.23999389702631 22.31999969482422 31.510000228881836 AB 11.398845968855493 1.0111410612605498
60784.9669 lsst_hardware_y -34.16993269370754 68.02999877929688 30.079999923706055 AB 9.24415218013263 1.0125029770134317
60784.9834 lsst_hardware_z 84.52825005910742 40.79999923706055 30.959999084472656 AB 9.006984857414961 1.0117365748289764
