data/validation/pwv_sim_epoch_fit_epoch/20422808.ecsv
# %ECSV 0.9
# ---
# datatype:
# - {name: time, datatype: float64}
# - {name: band, datatype: string}
# - {name: flux, datatype: float64}
# - {name: fluxerr, datatype: float64}
# - {name: zp, datatype: float64}
# - {name: zpsys, datatype: string}
# - {name: pwv, datatype: float64}
# - {name: airmass, datatype: float64}
# meta: {SNID: '20422808', alt: 1024.0, c: 0.05783974379301071, dec: 0.149208, lat: -30.244573, lon: -70.7499537, ra: 154.335938, t0: 61468.5078125,
#   x0: 3.4825071031579045e-06, x1: 0.16117101907730103, z: 0.7115076184272766}
# schema: astropy-2.0
time band flux fluxerr zp zpsys pwv airmass
[from data line 132]
61820.2306 lsst_hardware_i 17.199642761437072 33.150001525878906 31.25 AB 3.0552017673989313 1.1645888379907618
61820.2489 lsst_hardware_z -117.6695316866788 44.11000061035156 30.950000762939453 AB 3.119921187446224 1.1874858617531936
61822.2351 lsst_hardware_i -42.6644573138348 32.9900016784668 31.239999771118164 AB 6.514194610799364 1.1749990279219633
61822.2535 lsst_hardware_u -1.9243791368295906 2.7799999713897705 28.3700008392334 AB 6.171799252423943 1.207394702137122
61824.1566 lsst_hardware_u 1.7961131490139968 2.619999885559082 28.25 AB 9.365916915934099 1.207337017845195
61824.1745 lsst_hardware_g -1.6955370422724385 15.649999618530273 31.420000076293945 AB 13.027384141167325 1.1756152214986757
61826.1631 lsst_hardware_r -4.9917550250921705 25.170000076293945 31.479999542236328 AB 10.331421769598718 1.1842867768561363
61826.1804 lsst_hardware_i 4.159031285782514 32.79999923706055 31.229999542236328 AB 10.9195381349663 1.163861027299958
61828.1618 lsst_hardware_z -27.7416112770714 44.06999969482422 30.940000534057617 AB 9.131756379095805 1.1780251400130042
61828.1797 lsst_hardware_u -6.907563138774002 2.7100000381469727 28.329999923706055 AB 7.764921612230397 1.1607626298274007
61830.1545 lsst_hardware_g -6.004882328805849 15.59000015258789 31.43000030517578 AB 4.7864943567492215 1.1806843504561475
61830.1721 lsst_hardware_r -58.740394597142966 24.8799991607666 31.5 AB 4.500321391874056 1.1620229957070336
61832.1481 lsst_hardware_i 6.070161365290373 32.68000030517578 31.229999542236328 AB 5.9267934302361915 1.1821078893515216
61832.165 lsst_hardware_z 63.24366972558211 43.459999084472656 30.93000030517578 AB 5.593508880924126 1.163133474927038
61834.2015 lsst_hardware_i 15.858497448541215 32.72999954223633 31.219999313354492 AB 13.773020811112387 1.1739370524004078
61834.2198 lsst_hardware_u -0.30872924380733047 2.5799999237060547 28.209999084472656 AB 13.062507139883577 1.2053063104852204
61836.1976 lsst_hardware_z 102.9688445323304 47.81999969482422 30.940000534057617 AB 11.075803279479697 1.175941741167855
61836.2153 lsst_hardware_r -25.191692276291132 34.439998626708984 31.540000915527344 AB 11.681346805466598 1.2074471472491812
61840.1267 lsst_hardware_z -8.67639151065086 157.75 31.729999542236328 AB 9.098570582086184 1.1814279668567587
61843.099 lsst_hardware_i 18.875155142243123 71.5999984741211 31.290000915527344 AB 15.80401974053188 1.2211655873843643
61843.1157 lsst_hardware_z 94.5691475625647 65.05000305175781 30.959999084472656 AB 15.382201838263553 1.185891746069197
61845.1128 lsst_hardware_i -76.54911806281373 45.33000183105469 31.270000457763672 AB 8.794106178145359 1.1818049626266764
61845.1332 lsst_hardware_z 48.25741097324343 49.72999954223633 30.950000762939453 AB 9.928740982936283 1.1608037002653488
61847.1118 lsst_hardware_g -4.2215696424407465 15.119999885559082 31.40999984741211 AB 9.468786197780073 1.1754801151770338
61847.1301 lsst_hardware_r 22.716720041890188 29.040000915527344 31.530000686645508 AB 7.137645924460507 1.159650028344518
61851.1567 lsst_hardware_u -2.911321321474247 2.7300000190734863 28.3700008392334 AB 5.850079440207611 1.1760135571831503
61851.1759 lsst_hardware_g -5.812497410148188 15.15999984741211 31.389999389648438 AB 5.8225025757007876 1.2110240212914367
61853.1556 lsst_hardware_r -0.5835694618337364 24.56999969482422 31.479999542236328 AB 6.384279520788129 1.182273985331135
61853.1762 lsst_hardware_i 24.03575578211317 32.95000076293945 31.219999313354492 AB 7.304259598209967 1.2254955074384408
61855.097 lsst_hardware_z -69.36096987825145 43.11000061035156 30.93000030517578 AB 9.483941427398396 1.1674938154368226
61855.1138 lsst_hardware_r -18.81565739920451 24.139999389648438 31.479999542236328 AB 9.391408203290151 1.1579558838465518
61859.1463 lsst_hardware_r -25.878279864653248 24.3799991607666 31.469999313354492 AB 7.573264594891776 1.1945212294781982
61859.1662 lsst_hardware_z 16.2576236539436 44.470001220703125 30.920000076293945 AB 7.933032050900734 1.2438768699473268
61863.0617 lsst_hardware_z -34.908585774274194 45.11000061035156 30.93000030517578 AB 7.384803802219128 1.184886289966968
61863.0796 lsst_hardware_g 2.8739709540174747 21.8700008392334 31.530000686645508 AB 7.1208702613297 1.1636835006462278
61867.0633 lsst_hardware_z -4.99407438401077 80.44999694824219 30.979999542236328 AB 12.718959834098055 1.1684134948799498
61867.0822 lsst_hardware_r -28.42647999638326 106.88999938964844 31.6200008392334 AB 12.606670874146358 1.1577791165872489
61870.0816 lsst_hardware_r 13.07608126285286 120.26000213623047 31.6299991607666 AB 6.5754675523933726 1.1581624927156975
61870.1053 lsst_hardware_z -59.0057684115838 81.30999755859375 30.979999542236328 AB 5.93837935267597 1.1766545396801895
61875.0486 lsst_hardware_g -8.05258836565631 15.25 31.43000030517578 AB 12.670472887870996 1.1624287053092657
61875.0675 lsst_hardware_r -17.312139632288627 24.6299991607666 31.5 AB 12.622919055134297 1.1580659683609447
61877.0908 lsst_hardware_i -58.668765922081825 32.689998626708984 31.25 AB 16.815387270748474 1.183418258453942
61877.107 lsst_hardware_z -82.25369488963088 44.18000030517578 30.940000534057617 AB 17.322309212153076 1.216055778454149
61879.0857 lsst_hardware_r -1.0559789316426862 24.690000534057617 31.479999542236328 AB 10.809859718291955 1.183993397403281
61882.0013 lsst_hardware_r 9.7518374167107 24.850000381469727 31.479999542236328 AB 11.133131388925529 1.2006828258538516
61884.0068 lsst_hardware_r 35.24716968856484 24.700000762939453 31.479999542236328 AB 10.430536288042703 1.1810605546105082
61884.0246 lsst_hardware_u 1.8165713947835063 2.6600000858306885 28.299999237060547 AB 10.256085007240905 1.162052875903039
61886.0055 lsst_hardware_g 15.484441269681962 15.199999809265137 31.399999618530273 AB 13.63269728941646 1.1752325249496949
61886.0234 lsst_hardware_r -4.295412708895656 24.489999771118164 31.479999542236328 AB 13.453002864594016 1.1597416262581048
61890.0076 lsst_hardware_r -16.059392010707878 25.149999618530273 31.489999771118164 AB 12.554542545337293 1.1624576430867863
61890.0265 lsst_hardware_u 3.3956702473252465 2.869999885559082 28.459999084472656 AB 12.507031309193383 1.1580584545549428
61894.0378 lsst_hardware_y -42.63000500896188 76.02999877929688 30.760000228881836 AB 12.982564605447141 1.1740958268548172
61896.0496 lsst_hardware_r 93.55279852306941 93.37000274658203 31.610000610351562 AB 4.347510586381381 1.203324346363201
61896.0685 lsst_hardware_i -95.32768425605155 80.27999877929688 31.290000915527344 AB 4.53146888131058 1.2545016051245088
61898.0474 lsst_hardware_z 136.49308888240284 67.95999908447266 30.959999084472656 AB 12.398960429479041 1.2106389353437634
61898.0656 lsst_hardware_r 67.53190783814438 95.7699966430664 31.600000381469727 AB 13.00610646601346 1.2631784582874033
61900.0421 lsst_hardware_z 50.253048723038155 63.04999923706055 30.959999084472656 AB 8.81559146019962 1.2110160670649934
61900.06 lsst_hardware_r -118.29139733967897 88.4800033569336 31.600000381469727 AB 9.096466804935424 1.2626966692026398
61908.9591 lsst_hardware_y -88.16730369151321 58.08000183105469 30.010000228881836 AB 11.200949244697807 1.1604595767476533
61908.9795 lsst_hardware_r -8.20642522859829 25.510000228881836 31.489999771118164 AB 11.061413100465556 1.1595988154383035
61910.9597 lsst_hardware_y -104.20228455504362 54.63999938964844 30.010000228881836 AB 8.316861379651717 1.1582028148522758
61910.9787 lsst_hardware_g -25.674493270607552 16.1200008392334 31.43000030517578 AB 8.254292377731865 1.162099003141695
