data/validation/pwv_sim_epoch_fit_epoch/20502166.ecsv
# %ECSV 0.9
# ---
# datatype:
# - {name: time, datatype: float64}
# - {name: band, datatype: string}
# - {name: flux, datatype: float64}
# - {name: fluxerr, datatype: float64}
# - {name: zp, datatype: float64}
# - {name: zpsys, datatype: string}
# - {name: pwv, datatype: float64}
# - {name: airmass, datatype: float64}
# meta: {SNID: '20502166', alt: 1024.0, c: -0.03910400718450546, dec: -21.061817, lat: -30.244573, lon: -70.7499537, ra: 74.003906, t0: 60304.11328125,
#   x0: 3.0968122220543272e-06, x1: -0.7182590961456299, z: 0.7461059093475342}
# schema: astropy-2.0
time band flux fluxerr zp zpsys pwv airmass
60211.352 lsst_hardware_u -0.5134719419528831 26.100000381469727 29.510000228881836 AB 4.322597995483162 1.043601640628636
60211.3783 lsst_hardware_z 68.68829906330481 92.75 31.010000228881836 AB 3.8524043432307953 1.017472259684511
60215.3442 lsst_hardware_r -45.86085322520755 78.33999633789062 31.649999618530273 AB 4.9637746653577555 1.0392075087109296
60215.3635 lsst_hardware_y 105.24187823934533 94.62999725341797 30.079999923706055 AB 4.829335024978798 1.0198152306998447
60221.332 lsst_hardware_z -17.246385720608266 130.89999389648438 31.75 AB 2.722215405384824 1.0338835569254934
60221.35 lsst_hardware_y 34.211133555616264 138.67999267578125 30.84000015258789 AB 2.4432643262345985 1.0180268025977495
60223.3698 lsst_hardware_r 26.649876199566457 78.52999877929688 31.65999984741211 AB 6.283495373963878 1.014148547243581
60226.3015 lsst_hardware_r -78.40966765826157 78.23999786376953 31.649999618530273 AB 2.878205458059905 1.0593646442572016
60226.3184 lsst_hardware_y -201.98752844222048 94.37999725341797 30.079999923706055 AB 2.8139797603367356 1.0338228920809338
60227.3567 lsst_hardware_g -90.15752657771984 84.08999633789062 31.739999771118164 AB 3.0409633330206 1.0136544443402
60240.3075 lsst_hardware_r -78.56528950250085 80.23999786376953 31.65999984741211 AB 3.147855767129284 1.0141287909565992
60240.3245 lsst_hardware_u -20.75490102217098 26.239999771118164 29.530000686645508 AB 3.2138075012512104 1.0144594385263652
60242.3045 lsst_hardware_z 65.62116668333007 92.06999969482422 31.010000228881836 AB 3.82832233014973 1.0135881202408605
60242.322 lsst_hardware_r -67.41186322195352 80.26000213623047 31.65999984741211 AB 3.835168757349486 1.0154904035347272
60244.3083 lsst_hardware_i 5.161717032724809 79.86000061035156 31.34000015258789 AB 3.156296540400154 1.0133386436793175
60244.3263 lsst_hardware_z -104.34397068838169 92.63999938964844 31.0 AB 3.1966357003859374 1.0209631748277292
60246.3042 lsst_hardware_r -40.70642145108506 80.16999816894531 31.65999984741211 AB 3.090280843868654 1.0135391419706279
60246.3211 lsst_hardware_z -51.76862539112824 91.91999816894531 31.0 AB 3.067032509739007 1.0211528249505601
60248.2982 lsst_hardware_z 82.98111970847138 131.00999450683594 31.75 AB 3.474112875672637 1.0134518307096374
60250.2547 lsst_hardware_r -36.84588935196649 78.37999725341797 31.649999618530273 AB 3.2018812460687887 1.031700095398353
60250.2722 lsst_hardware_z -22.11800707024031 89.75 31.0 AB 3.157434571437378 1.0172693673750148
60260.2643 lsst_hardware_i -118.68613021014431 79.69999694824219 31.34000015258789 AB 4.154522271710663 1.0132981150513813
60260.2829 lsst_hardware_r 190.06767456377983 79.86000061035156 31.65999984741211 AB 4.186786010763425 1.0211673196983966
60262.2649 lsst_hardware_u -40.658107623438205 26.459999084472656 29.540000915527344 AB 5.71117530112293 1.0145985612227626
60262.2831 lsst_hardware_g -152.29331252679177 85.37999725341797 31.739999771118164 AB 5.942912646492439 1.025878240375011
60264.2646 lsst_hardware_r 16.40683803612265 80.22000122070312 31.65999984741211 AB 6.009182006993698 1.0166637987532154
60264.2816 lsst_hardware_i -54.150393798604426 79.54000091552734 31.34000015258789 AB 6.112726718929796 1.0298370801608585
60271.243 lsst_hardware_z -126.89207310202688 130.8622595405945 31.75 AB 6.282062011971686 1.0155562999280645
60273.2283 lsst_hardware_r 11.164073338990129 79.99705122321346 31.65999984741211 AB 6.286743662577481 1.0132418769851728
60273.2479 lsst_hardware_i 66.67684215645453 80.05187832292489 31.34000015258789 AB 6.351033568872199 1.0215318181710102
60275.2422 lsst_hardware_z 226.09920362606738 130.0496210839077 31.75 AB 3.8775641011031277 1.021352324799981
60277.1898 lsst_hardware_z 130.31650838652467 90.47975342152489 31.0 AB 4.483249436806836 1.023105759198274
60277.2097 lsst_hardware_r -19.745331404697584 78.57819100534543 31.65999984741211 AB 5.145315716858353 1.013455922170125
60281.2137 lsst_hardware_i 152.6551689561702 79.19375195183929 31.34000015258789 AB 6.39537292262187 1.0148152997645805
60281.2326 lsst_hardware_z 0.3192031945840562 91.46913311873861 31.0 AB 6.473655695932453 1.0271872839062115
60283.2183 lsst_hardware_g 142.01163260921305 86.0685411602503 31.739999771118164 AB 2.7417268219636592 1.0198928008790202
60283.2362 lsst_hardware_r 117.93509622472631 81.02651203945125 31.649999618530273 AB 2.741884199257171 1.0375117583037257
60285.1964 lsst_hardware_r 136.81013106718288 81.74566950870218 31.65999984741211 AB 4.16684088416183 1.0133367908953865
60285.2157 lsst_hardware_i 361.4451016738539 81.6090520966629 31.34000015258789 AB 4.321524024708204 1.0219590157752332
60291.1974 lsst_hardware_z 435.7934845980488 94.86421035265613 31.0 AB 11.306748822682588 1.0205414507122306
60291.2162 lsst_hardware_u 40.6144825166987 26.408435246213937 29.510000228881836 AB 11.29230033672017 1.039974244166433
60292.1976 lsst_hardware_g 165.120164995964 18.69765991934734 31.40999984741211 AB 7.7729458481299645 1.0227560326486795
60292.2162 lsst_hardware_r 597.559609736448 33.489792916517885 31.489999771118164 AB 8.139043766898459 1.043857480925362
60294.1815 lsst_hardware_i 849.9099459520078 41.96392241526833 31.260000228881836 AB 10.458706353401475 1.0161032757487347
60294.2009 lsst_hardware_z 472.78158954332133 46.62317770461225 30.950000762939453 AB 10.615753630234307 1.0311511171141174
60296.1359 lsst_hardware_i 1017.3722053889982 43.80774697551717 31.260000228881836 AB 3.0860285049960594 1.0248330444154619
60296.1562 lsst_hardware_z 534.3472072977406 47.19974264972625 30.950000762939453 AB 3.043350456006077 1.0137461616120174
60300.1337 lsst_hardware_z 1415.0145667973188 77.12983155227923 31.719999313354492 AB 3.5844099972855683 1.018370622142389
60302.1251 lsst_hardware_r 997.3999615511864 80.55392985605698 31.65999984741211 AB 6.381563559879301 1.020397115426815
60302.1442 lsst_hardware_i 1123.7604894958376 69.36469127399495 31.329999923706055 AB 6.3590425954188134 1.0131510547946807
60305.1321 lsst_hardware_z 1505.7849819068654 97.29925093932874 31.739999771118164 AB 4.9286182231621085 1.013649693693618
60307.1157 lsst_hardware_g -34.93518503000667 63.620020271991365 31.729999542236328 AB 7.632977724703413 1.0177303632937884
60307.1366 lsst_hardware_r 812.1488619782768 74.44118349324623 31.65999984741211 AB 7.2565589697090624 1.0133679464274263
60309.1171 lsst_hardware_i 2098.4595899941264 67.47113784189379 32.029998779296875 AB 7.5699644948120195 1.0147065439913816
60309.1396 lsst_hardware_z 1283.1609308858194 73.52124533806104 31.709999084472656 AB 6.842478600039527 1.0156943036389716
60311.1125 lsst_hardware_i 924.2400257982029 42.83992262726768 31.239999771118164 AB 5.1736300976849785 1.0144372740558782
60311.1328 lsst_hardware_u -1.2433166617655176 2.6023615548132772 28.399999618530273 AB 4.696082736338841 1.0151680358139126
60313.0962 lsst_hardware_u 1.0134600127115045 2.58064219852563 28.389999389648438 AB 2.345134830346253 1.0196238392809795
60313.1162 lsst_hardware_g 42.81084457642843 15.0454308853568 31.399999618530273 AB 2.330102860324475 1.0130882001410761
60315.0956 lsst_hardware_r 483.41505910334325 30.923166390914893 31.489999771118164 AB 8.71975391123794 1.0168117517258812
60315.1165 lsst_hardware_i 810.0628036761516 41.306561107409685 31.25 AB 8.699253367446559 1.0136528660422266
60319.101 lsst_hardware_g 53.55087310754914 14.645886197331338 31.420000076293945 AB 8.599481481467976 1.0131141174734994
60319.1224 lsst_hardware_r 412.1613902661181 29.197165801213664 31.5 AB 8.672939607148157 1.0215977942162247
60321.0761 lsst_hardware_i 598.0153133391528 38.67588485446219 31.260000228881836 AB 3.6985084229543563 1.0185221130339155
60321.0974 lsst_hardware_z 458.20688082105244 45.74587591565417 30.950000762939453 AB 5.688973617576833 1.013249475486783
60323.0712 lsst_hardware_i 543.2528641224652 37.58431314090918 31.25 AB 6.758998264004439 1.0181897735102532
60323.0901 lsst_hardware_u 2.657191649627163 2.6379503940305313 28.43000030517578 AB 6.941861500579428 1.013114638146443
60325.0723 lsst_hardware_g -0.009057116354512618 16.40251579141426 31.469999313354492 AB 3.3898855939214783 1.0150877658096897
60325.0919 lsst_hardware_r 252.0187483129777 27.70477649300069 31.5 AB 3.7681015359436194 1.0142938185581747
60327.0742 lsst_hardware_i 424.75126122853766 40.14863239082681 31.270000457763672 AB 3.951897570630239 1.013307069392369
60327.0945 lsst_hardware_r 216.0253840103606 34.72975230252867 31.579999923706055 AB 4.036999866052061 1.017645542236466
60331.0492 lsst_hardware_y 144.08171722528482 52.56331700721844 30.059999465942383 AB 10.997419465251005 1.0182795801158337
60331.0681 lsst_hardware_r 218.4628666397242 66.79136982638835 31.65999984741211 AB 10.941557120581601 1.0131071407945926
60333.05 lsst_hardware_y 194.2304970739242 54.07712287428196 30.059999465942383 AB 13.19832242159994 1.015255570892303
60333.0705 lsst_hardware_z 273.4868601913032 61.377186174450976 30.979999542236328 AB 13.16794905952053 1.0144212822464442
60335.0479 lsst_hardware_y 233.05353448941537 53.099734364628155 30.059999465942383 AB 12.10344262719729 1.014169982448169
60335.0672 lsst_hardware_z 221.72455797466574 59.69072158439082 30.979999542236328 AB 12.08726914025911 1.0151397615065998
60337.0302 lsst_hardware_y 273.9761782011272 74.31490651767085 30.079999923706055 AB 11.254274550119883 1.0199324426897758
60337.0471 lsst_hardware_r 103.70320840226576 24.175772657067114 31.489999771118164 AB 11.80912342355859 1.0132817627399184
60339.0292 lsst_hardware_y 231.83283456184262 69.23911207149368 30.06999969482422 AB 11.011241789482188 1.0172517704727413
60339.0465 lsst_hardware_r 98.27947447200873 24.101379181834265 31.489999771118164 AB 11.347666332587194 1.0131166513480967
60345.0266 lsst_hardware_y 210.54628906908366 70.10303854090598 30.079999923706055 AB 5.659160085667933 1.013157501760685
60345.0453 lsst_hardware_i 123.05464105967935 32.368808683741605 31.25 AB 6.135801460327086 1.0176161636918668
60580.3499 lsst_hardware_z -164.45787570774758 57.79999923706055 31.690000534057617 AB 4.8900522628983625 1.032909597697283
60582.3827 lsst_hardware_g 12.941312637605128 14.720000267028809 31.459999084472656 AB 3.2186403724360426 1.0133460440569988
60586.357 lsst_hardware_i -11.363413299431738 29.700000762939453 31.260000228881836 AB 2.3908710398701323 1.0150881856227565
60586.3756 lsst_hardware_y 15.326376322353426 47.13999938964844 30.059999465942383 AB 1.951820111565639 1.0140642221408698
60588.3584 lsst_hardware_g 18.019406015657964 13.199999809265137 31.420000076293945 AB 6.276654325211844 1.0133851584599507
60588.3777 lsst_hardware_y 21.54716414405033 47.900001525878906 30.059999465942383 AB 5.852815875704725 1.0169083269402701
60590.353 lsst_hardware_i -65.70374376807278 29.690000534057617 31.260000228881836 AB 4.510878269603975 1.0133768765025042
60590.3709 lsst_hardware_y -68.08434538813684 47.189998626708984 30.059999465942383 AB 4.400429741567497 1.0162655292301745
60592.3523 lsst_hardware_u 0.9901048116226374 2.7699999809265137 28.559999465942383 AB 3.0393458028421767 1.013115267614059
60592.3707 lsst_hardware_z 29.819645779048294 41.40999984741211 30.959999084472656 AB 3.0574015685007385 1.0191338561669128
60596.3326 lsst_hardware_i 10.763385337609739 29.75 31.25 AB 5.110103492673207 1.0141777241346248
60596.35 lsst_hardware_z -20.69143062560432 40.41999816894531 30.950000762939453 AB 5.478506237458733 1.0145381921219876
60599.3322 lsst_hardware_i -89.25349513753814 60.189998626708984 31.329999923706055 AB 5.473652883852229 1.0131078539998573
60599.3494 lsst_hardware_z 66.9874796056245 54.4900016784668 30.979999542236328 AB 4.982601136180207 1.0178267335244657
60603.3242 lsst_hardware_i -47.050002121147905 56.130001068115234 31.329999923706055 AB 2.356581973151916 1.0132204829029645
60603.341 lsst_hardware_r 170.09685350052186 66.62999725341797 31.65999984741211 AB 2.5597442179800827 1.0193446145802414
60605.3161 lsst_hardware_z -1.0027555690473167 66.51000213623047 31.719999313354492 AB 3.1449334565805076 1.0131057281406162
60607.3086 lsst_hardware_r 2.849008166718521 30.610000610351562 31.579999923706055 AB 3.8482876170096074 1.0131738608595031
60607.326 lsst_hardware_i 38.88068669225958 34.13999938964844 31.270000457763672 AB 3.852540771078112 1.016993472060745
60609.2455 lsst_hardware_z 48.95479984693215 41.34000015258789 30.950000762939453 AB 3.2853263780779467 1.0744260904517855
60611.3105 lsst_hardware_u 1.5111067841464845 2.859999895095825 28.6200008392334 AB 3.056725125349167 1.0150174747962668
60611.3279 lsst_hardware_g -10.759360234282095 13.59000015258789 31.440000534057617 AB 3.111358820642746 1.0262865818502034
60613.2761 lsst_hardware_g -14.083890178906532 13.510000228881836 31.450000762939453 AB 3.8704688790350112 1.0185444418513188
60613.2916 lsst_hardware_r 21.461116775377686 22.100000381469727 31.520000457763672 AB 3.850239507208755 1.0132209229496725
60615.3003 lsst_hardware_i -16.241952232259454 29.729999542236328 31.260000228881836 AB 3.0407679565734527 1.0152814546156503
60615.3207 lsst_hardware_r 20.48744687948917 21.950000762939453 31.5 AB 3.1327118394209554 1.0300455412386658
60620.2485 lsst_hardware_g 17.376622290768918 13.430000305175781 31.440000534057617 AB 4.740050371991449 1.024875756106305
60620.268 lsst_hardware_r -26.604505356219647 22.010000228881836 31.510000228881836 AB 5.119990932485579 1.0139432492751372
60622.284 lsst_hardware_i -8.478692836006905 30.020000457763672 31.260000228881836 AB 7.891425351782223 1.0164777937505278
60622.3013 lsst_hardware_z -14.920697411597596 40.84000015258789 30.950000762939453 AB 8.237882200534454 1.0297352750668067
60624.2672 lsst_hardware_i 28.77033350667475 29.829999923706055 31.25 AB 1.6460220342463776 1.0132484051993706
60624.2836 lsst_hardware_z -2.114527041931761 40.58000183105469 30.950000762939453 AB 1.6433648275881718 1.0192990092038519
60633.2496 lsst_hardware_g 135.7753979916362 60.52000045776367 31.729999542236328 AB 4.9852767434782335 1.0147285373885175
60633.2709 lsst_hardware_r -56.31273603764423 59.29999923706055 31.639999389648438 AB 4.535547083345787 1.029344018915356
60635.1173 lsst_hardware_i 3.260154003682688 32.22999954223633 31.219999313354492 AB 4.939052539805502 1.2852075305244606
60635.1354 lsst_hardware_z -49.4442049818232 43.06999969482422 30.93000030517578 AB 5.004363285920471 1.1964051366905535
60640.2384 lsst_hardware_z -4.873278401644417 40.599998474121094 30.950000762939453 AB 3.847790832135423 1.0183606445738693
60640.2566 lsst_hardware_i -29.824208469546928 30.1299991607666 31.25 AB 4.545458272887961 1.0348226005436452
60644.2137 lsst_hardware_r -2.4164153808844153 22.079999923706055 31.489999771118164 AB 7.721562965983838 1.0133728027451008
60644.2334 lsst_hardware_i 2.496198389210239 29.959999084472656 31.25 AB 7.786004815922072 1.0224563120054693
60648.2168 lsst_hardware_g 21.483502267698007 13.449999809265137 31.40999984741211 AB 2.704890559784406 1.0185034584521908
60648.2352 lsst_hardware_r -35.060233414753526 22.1200008392334 31.489999771118164 AB 2.7677940638854897 1.0353667123858559
60650.2128 lsst_hardware_i 1.2252639777784207 29.8799991607666 31.25 AB 4.335063058732025 1.0194151813596766
60650.2319 lsst_hardware_z 2.63357671433829 40.83000183105469 30.950000762939453 AB 4.372620869307749 1.0381341095222576
60652.1978 lsst_hardware_z 112.72359572528475 41.20000076293945 30.959999084472656 AB 6.1080344716827915 1.0147500887457916
60652.2172 lsst_hardware_i -7.667323554851686 30.09000015258789 31.25 AB 5.485194487531667 1.0274785965218072
60656.1943 lsst_hardware_r -70.42370132185869 60.54999923706055 31.649999618530273 AB 11.269007581807314 1.0181151539781836
60656.2131 lsst_hardware_i 10.793749100742598 51.77000045776367 31.31999969482422 AB 11.255361192064763 1.0350471243593593
60660.1827 lsst_hardware_z -48.61922855700255 63.72999954223633 30.989999771118164 AB 8.712194716888126 1.017730217597117
