data/validation/pwv_sim_epoch_fit_epoch/2056598.ecsv
# %ECSV 0.9
# ---
# datatype:
# - {name: time, datatype: float64}
# - {name: band, datatype: string}
# - {name: flux, datatype: float64}
# - {name: fluxerr, datatype: float64}
# - {name: zp, datatype: float64}
# - {name: zpsys, datatype: string}
# - {name: pwv, datatype: float64}
# - {name: airmass, datatype: float64}
# meta: {SNID: '2056598', alt: 1024.0, c: 0.0348735935986042, dec: -12.48276, lat: -30.244573, lon: -70.7499537, ra: 130.078125, t0: 61826.484375,
#   x0: 2.8129249360030493e-06, x1: 1.01938796043396, z: 0.7758935689926147}
# schema: astropy-2.0
time band flux fluxerr zp zpsys pwv airmass
[from data line 133]
62148.241 lsst_hardware_z 77.55257470586079 41.279998779296875 30.959999084472656 AB 5.391482558975072 1.0502547110110183
62150.2023 lsst_hardware_z 1.700436534560973 41.84000015258789 30.940000534057617 AB 8.57207259276901 1.079470166574614
62150.2208 lsst_hardware_r 28.637530261363146 22.920000076293945 31.489999771118164 AB 8.352502411464554 1.0579372070969764
62152.1984 lsst_hardware_u -1.0003810290216033 2.799999952316284 28.510000228881836 AB 5.529111458683372 1.077117120475989
62152.218 lsst_hardware_g 30.245790396638636 14.15999984741211 31.440000534057617 AB 5.370357024007719 1.0559443599556386
62154.2034 lsst_hardware_r -22.947106604471617 22.8700008392334 31.5 AB 6.644404082927856 1.0639274238095342
62154.2224 lsst_hardware_z 41.89148603669496 41.209999084472656 30.950000762939453 AB 6.979660130418785 1.0508898565247857
62158.19 lsst_hardware_g -2.4165839723010154 14.1899995803833 31.420000076293945 AB 10.449999183229396 1.0666529736888226
62158.2087 lsst_hardware_r 8.498802451033262 22.989999771118164 31.489999771118164 AB 9.993473053835025 1.0519445319826342
62160.1892 lsst_hardware_i -29.69966454446934 34.209999084472656 31.260000228881836 AB 11.942638468929264 1.0617251565206103
62160.2087 lsst_hardware_z -34.96152159426492 41.459999084472656 30.950000762939453 AB 10.462546803953122 1.0501401991320929
62162.1859 lsst_hardware_r -2.4438753556161674 50.630001068115234 31.6299991607666 AB 14.789042276873724 1.0597285856381873
62162.2039 lsst_hardware_z 11.72788689420831 48.060001373291016 30.969999313354492 AB 14.641845358385913 1.0499960815403198
62167.1757 lsst_hardware_y 196.59223172965574 89.12000274658203 30.809999465942383 AB 10.865058491373887 1.0569123046083548
62173.1474 lsst_hardware_r -30.694619975518044 23.139999389648438 31.5 AB 4.189770149428491 1.0685917490572134
62173.1686 lsst_hardware_u -1.227595664640943 3.2100000381469727 28.639999389648438 AB 5.7710028911891165 1.0515835501369584
62175.1491 lsst_hardware_g -25.72748833570723 14.260000228881836 31.43000030517578 AB 9.171725627476443 1.060907901618605
62175.1678 lsst_hardware_i -19.541851720379046 30.829999923706055 31.25 AB 9.444449727604132 1.0501222780034927
62183.1369 lsst_hardware_z -0.44981615442860584 41.45000076293945 30.950000762939453 AB 3.6071636941667085 1.053699229065231
62183.1557 lsst_hardware_r -2.5744929672983163 22.979999542236328 31.5 AB 3.640570069231375 1.049659798913419
62185.1216 lsst_hardware_u -0.13935831320394412 2.740000009536743 28.459999084472656 AB 5.898590781105305 1.06108846575019
62185.1389 lsst_hardware_r 4.006919352475229 23.06999969482422 31.5 AB 6.002022538599242 1.0505290324269385
62191.1021 lsst_hardware_y 31.71038430828706 70.58000183105469 30.799999237060547 AB 8.25957174202765 1.064206376811422
62193.0908 lsst_hardware_r -26.491139603607138 88.41000366210938 31.649999618530273 AB 6.1100961013292885 1.071085431538258
62193.1077 lsst_hardware_i 70.00756139440622 71.77999877929688 31.329999923706055 AB 6.020902407960944 1.0548336213669804
62195.0935 lsst_hardware_z 58.74162562626161 83.94000244140625 31.0 AB 5.531684950714474 1.0618456571099864
62195.1121 lsst_hardware_r -4.563676106630481 126.5 31.65999984741211 AB 5.479080097881589 1.050386790871141
62197.0902 lsst_hardware_z 43.25148601570053 64.1500015258789 30.979999542236328 AB 3.1127443300413966 1.05983804223401
62197.1084 lsst_hardware_r 19.874296499282142 89.97000122070312 31.649999618530273 AB 3.134169360382455 1.0499729850527488
62205.0746 lsst_hardware_i 22.44230831206219 30.3700008392334 31.25 AB 10.632220498823285 1.0550454476629407
62205.0928 lsst_hardware_z 15.02249284590754 41.04999923706055 30.950000762939453 AB 11.697793559606605 1.0494275109169964
62207.0785 lsst_hardware_r 34.95131016507628 22.469999313354492 31.489999771118164 AB 8.136702693000982 1.0506201290782022
62207.0969 lsst_hardware_g -8.787780351638213 13.739999771118164 31.420000076293945 AB 8.388635173667527 1.0513830849349342
62209.0744 lsst_hardware_r -2.905362574371232 22.549999237060547 31.489999771118164 AB 13.648326476969013 1.0502482796621124
62209.0936 lsst_hardware_i 3.522434303023457 30.399999618530273 31.239999771118164 AB 13.762170829017503 1.0522945217454367
62210.0471 lsst_hardware_i -71.82479958478868 30.670000076293945 31.25 AB 10.269761603084152 1.0677092689176226
62210.0658 lsst_hardware_z 77.34723254544028 41.31999969482422 30.950000762939453 AB 10.17877902465014 1.052342106451294
62212.0457 lsst_hardware_r 26.037802733039655 22.600000381469727 31.489999771118164 AB 8.671629193940307 1.0632208428077867
62212.0648 lsst_hardware_u -2.7773448886004393 2.690000057220459 28.450000762939453 AB 8.550582722132667 1.0506337435808502
62215.045 lsst_hardware_g 4.529259288551968 14.020000457763672 31.440000534057617 AB 3.915172412308807 1.05663163340468
62215.0649 lsst_hardware_r 31.61251861367537 22.489999771118164 31.510000228881836 AB 3.927964235040056 1.0494160392839826
62219.0425 lsst_hardware_r 83.14771998095337 40.86000061035156 31.6200008392334 AB 4.314038299628987 1.0517769117340074
62219.0629 lsst_hardware_g 23.04867569486911 37.810001373291016 31.700000762939453 AB 4.395552174313417 1.050938953810707
62221.0375 lsst_hardware_r -18.04950485783728 71.2699966430664 31.649999618530273 AB 7.886908197594665 1.0515877596792886
62221.0563 lsst_hardware_i -10.516397323337536 60.939998626708984 31.329999923706055 AB 7.31519170915049 1.0505804551415323
62223.021 lsst_hardware_z 139.6210776556595 69.69999694824219 30.989999771118164 AB 7.350984226482146 1.0583046683676989
62223.0398 lsst_hardware_i -138.42864154554633 78.05999755859375 31.34000015258789 AB 7.328240864249495 1.0495904990331404
62225.0317 lsst_hardware_z 1.9748675449624524 93.44000244140625 31.739999771118164 AB 6.085912509763892 1.0500194116224422
62231.016 lsst_hardware_g 4.109201535027683 13.739999771118164 31.399999618530273 AB 8.048926454045018 1.0498827958057808
62231.0362 lsst_hardware_r -23.496929019194024 22.549999237060547 31.479999542236328 AB 8.052863787259676 1.0536605001157537
62232.9898 lsst_hardware_y -60.7991610060947 48.04999923706055 30.040000915527344 AB 12.019893422716788 1.061781142415687
62233.0087 lsst_hardware_i -20.001326024248492 30.420000076293945 31.25 AB 11.196587660645253 1.0502872905253275
62234.9869 lsst_hardware_y 46.804277009716664 49.16999816894531 30.040000915527344 AB 9.707186072381708 1.059428049226758
62235.0045 lsst_hardware_i 17.900816559721754 30.3700008392334 31.239999771118164 AB 8.456670650361858 1.0499963558929548
62236.9865 lsst_hardware_y 6.831770267563716 49.02000045776367 30.049999237060547 AB 3.073762756040725 1.0555201909425869
62237.004 lsst_hardware_g 10.540639025516809 13.789999961853027 31.420000076293945 AB 1.9344341163782586 1.0494217629538474
62244.9712 lsst_hardware_y 4.057131575470641 61.77000045776367 30.059999465942383 AB 9.742478403269132 1.051904705187371
62244.9883 lsst_hardware_r -44.44771421570473 24.3700008392334 31.520000457763672 AB 9.843361499196089 1.0499678929621867
62248.9692 lsst_hardware_y -82.40411917389305 65.11000061035156 30.059999465942383 AB 6.875583971564921 1.0495472403549122
62248.9875 lsst_hardware_z 9.15078049371525 52.880001068115234 30.969999313354492 AB 6.85046427715706 1.0539175811010861
