data/validation/pwv_sim_epoch_fit_epoch/21078734.ecsv
# %ECSV 0.9
# ---
# datatype:
# - {name: time, datatype: float64}
# - {name: band, datatype: string}
# - {name: flux, datatype: float64}
# - {name: fluxerr, datatype: float64}
# - {name: zp, datatype: float64}
# - {name: zpsys, datatype: string}
# - {name: pwv, datatype: float64}
# - {name: airmass, datatype: float64}
# meta: {SNID: '21078734', alt: 1024.0, c: -0.052162524312734604, dec: -6.279288, lat: -30.244573, lon: -70.7499537, ra: 139.746094, t0: 60736.3828125,
#   x0: 2.606650882647545e-06, x1: 0.09902734309434891, z: 0.8000202178955078}
# schema: astropy-2.0
time band flux fluxerr zp zpsys pwv airmass
[from data line 133]
61063.1981 lsst_hardware_z -2.6057542534135703 42.869998931884766 30.940000534057617 AB 9.939291800683042 1.1399904574260078
61063.219 lsst_hardware_r -4.752730118200664 23.520000457763672 31.479999542236328 AB 10.09285811054006 1.1074319693364412
61065.2008 lsst_hardware_u 5.314676581482031 2.640000104904175 28.350000381469727 AB 8.673579453224773 1.124868456794054
61065.2203 lsst_hardware_r 2.1509244552477615 23.360000610351562 31.479999542236328 AB 9.497726322995172 1.1010686388494175
61069.2118 lsst_hardware_z -37.52019877898471 48.33000183105469 30.959999084472656 AB 11.630619443527683 1.0992591133173095
61069.2316 lsst_hardware_g -34.755462627393264 34.099998474121094 31.65999984741211 AB 11.523449129336386 1.0935657536736851
61072.1773 lsst_hardware_i 102.25582980965069 99.11000061035156 31.31999969482422 AB 12.876484753094566 1.1325960729259008
61072.1956 lsst_hardware_z -200.11948579279715 84.61000061035156 30.989999771118164 AB 12.654183864136932 1.10618330033104
61074.184 lsst_hardware_r 239.351154724937 132.52999877929688 31.639999389648438 AB 10.233177383693622 1.1133607924595263
61074.2023 lsst_hardware_z -106.14047493448312 90.58000183105469 30.989999771118164 AB 10.092637519938886 1.0967277935277324
61076.1826 lsst_hardware_r 17.596855923782783 79.95999908447266 31.6299991607666 AB 7.501840649615172 1.1084279919644167
61076.2004 lsst_hardware_i -46.37529972500281 66.52999877929688 31.31999969482422 AB 7.449048864379072 1.095126266447967
61078.1809 lsst_hardware_z -90.5191675784178 49.09000015258789 30.959999084472656 AB 5.557293924749184 1.1045004322268248
61078.1993 lsst_hardware_i -76.29895451099266 45.119998931884766 31.290000915527344 AB 5.465541217927168 1.0938739553541983
61080.1737 lsst_hardware_z 14.06391311508302 44.0 30.950000762939453 AB 6.221124240441775 1.106239862564479
61080.1927 lsst_hardware_g 25.575634762270827 26.729999542236328 31.600000381469727 AB 6.198947756201297 1.0941250378657246
61082.1607 lsst_hardware_r 39.57227091906002 23.93000030517578 31.5 AB 2.3399113213073766 1.1153056822247271
61082.1781 lsst_hardware_i -3.5842793326778635 31.6299991607666 31.25 AB 2.9647965761253654 1.0980728059723575
61084.1585 lsst_hardware_z -26.890466954490535 42.560001373291016 30.940000534057617 AB 4.063762520262338 1.111076560563885
61084.1746 lsst_hardware_u 1.0522364867887066 2.700000047683716 28.3799991607666 AB 4.430244130565691 1.0969344798677043
61086.1534 lsst_hardware_g 4.48032149260547 14.710000038146973 31.43000030517578 AB 3.2495385536434855 1.1106369308949537
61086.1698 lsst_hardware_r 18.131113150417832 23.670000076293945 31.5 AB 4.185304453764331 1.0965863197635803
61088.1558 lsst_hardware_i -12.569725139425802 31.3799991607666 31.239999771118164 AB 3.2403647491524774 1.1024773742508653
61088.1735 lsst_hardware_z 16.660710029520736 42.099998474121094 30.950000762939453 AB 4.620538802266465 1.0936186514240218
61090.156 lsst_hardware_i -11.130605189430089 31.3799991607666 31.25 AB 3.3481404414807887 1.0982310654321414
61090.1735 lsst_hardware_u -0.4646692369116321 2.8399999141693115 28.520000457763672 AB 3.485469101081973 1.093480502300147
61092.131 lsst_hardware_u 2.5290144272895136 2.759999990463257 28.43000030517578 AB 5.661620407317076 1.118713072415691
61092.1484 lsst_hardware_g -6.510753368283944 14.699999809265137 31.420000076293945 AB 5.620723787706398 1.0996769455038196
61094.1289 lsst_hardware_r -1.1722163635998362 23.559999465942383 31.479999542236328 AB 9.1136460971771 1.114001478691737
61094.1464 lsst_hardware_i -4.129112254416011 31.270000457763672 31.239999771118164 AB 8.985769235485536 1.0974315138599826
61099.1294 lsst_hardware_i -104.43742160892778 65.5999984741211 31.31999969482422 AB 6.6195505028343185 1.0995931067831095
61099.1496 lsst_hardware_z 108.92797500184824 61.47999954223633 30.979999542236328 AB 6.617767271199649 1.0935445780004929
61101.1215 lsst_hardware_i 2.760676184926086 101.77999877929688 31.329999923706055 AB 3.274653532749631 1.1014643567943596
61101.1393 lsst_hardware_z -32.35384186003401 88.16000366210938 30.989999771118164 AB 3.6927462852357316 1.093472064721253
61103.1186 lsst_hardware_z 37.9724323166272 82.9000015258789 30.989999771118164 AB 4.953089127040802 1.0995055222999175
61103.1364 lsst_hardware_r 195.33217779080613 123.4800033569336 31.649999618530273 AB 6.014379978455749 1.0933911001919312
61105.1206 lsst_hardware_i 96.8807925563981 60.790000915527344 31.309999465942383 AB 7.990998687571509 1.0953575830537572
61105.1392 lsst_hardware_r 158.38891862525708 74.23999786376953 31.639999389648438 AB 8.320915838671397 1.0949533957370905
61107.116 lsst_hardware_z -47.195202494629996 48.470001220703125 30.959999084472656 AB 11.291000030354883 1.0950264306032182
61107.1339 lsst_hardware_g 35.48529298437013 49.25 31.68000030517578 AB 12.531306389651585 1.095011044184859
61109.0859 lsst_hardware_g 1.6139383460286387 14.449999809265137 31.40999984741211 AB 12.458469174291988 1.116800607260269
61109.1045 lsst_hardware_r -3.8601473689615493 23.489999771118164 31.489999771118164 AB 12.246978290497394 1.0979898054955475
61111.0837 lsst_hardware_i 20.63797292864341 31.440000534057617 31.239999771118164 AB 8.811437373466404 1.1124147675124862
61111.1032 lsst_hardware_z 19.509784632470673 42.130001068115234 30.940000534057617 AB 8.703461574423011 1.0957858285743258
61113.084 lsst_hardware_i -3.6481743339787793 31.389999389648438 31.239999771118164 AB 14.304532198911213 1.1058139032457504
61113.1028 lsst_hardware_u 3.2375040514786835 2.630000114440918 28.350000381469727 AB 14.080358453885436 1.094066198168996
61114.0842 lsst_hardware_g 3.1888349316281674 14.369999885559082 31.40999984741211 AB 9.980376219050894 1.1030071341739798
61114.1036 lsst_hardware_r -28.97741956467051 23.329999923706055 31.489999771118164 AB 9.638177280271037 1.0934870697102754
61116.0834 lsst_hardware_i 42.36463276415418 31.260000228881836 31.25 AB 8.448073596333964 1.0992938967253192
61116.102 lsst_hardware_r 1.9490672442265926 23.229999542236328 31.489999771118164 AB 8.413621129080513 1.093435426582996
61118.074 lsst_hardware_u 0.9873074606300093 2.680000066757202 28.389999389648438 AB 8.150292482726483 1.102371589507758
61118.0937 lsst_hardware_g -11.75558917738705 14.369999885559082 31.420000076293945 AB 8.854375828164054 1.0934140461843957
61122.0729 lsst_hardware_z -22.597950067940083 42.150001525878906 30.940000534057617 AB 6.5377916616388045 1.0959029437847916
61122.0928 lsst_hardware_r 37.1063695358131 23.280000686645508 31.489999771118164 AB 6.679235736588781 1.0949566781293085
61124.0624 lsst_hardware_z 50.37373405754099 43.13999938964844 30.940000534057617 AB 11.376488966650092 1.0987176673196497
61124.0803 lsst_hardware_g -4.673066239461053 19.219999313354492 31.510000228881836 AB 11.25554680773595 1.0934438788642915
61126.0603 lsst_hardware_r -25.045708091438897 49.02000045776367 31.610000610351562 AB 7.006321413726284 1.0967226746939516
61126.0781 lsst_hardware_z -13.576922546910438 49.439998626708984 30.959999084472656 AB 6.9665455415653685 1.0938924996242236
61128.058 lsst_hardware_r 89.73745546830742 82.5999984741211 31.639999389648438 AB 7.36644174133429 1.0952730943154516
61128.0765 lsst_hardware_y 127.36733328825339 55.470001220703125 30.040000915527344 AB 7.410497952990154 1.0949856601965287
61130.0381 lsst_hardware_z -143.83983666633006 107.11000061035156 31.729999542236328 AB 6.577015902518069 1.1052879426129012
61133.0291 lsst_hardware_r 17.013244647738265 86.20999908447266 31.639999389648438 AB 6.997797646307527 1.106108851072082
61133.0465 lsst_hardware_i -23.035841745145795 69.47000122070312 31.31999969482422 AB 6.7469018659987166 1.094521128442019
61135.0278 lsst_hardware_z 62.49558371196997 48.939998626708984 30.950000762939453 AB 8.402202420309104 1.102181145877308
61135.0462 lsst_hardware_r -58.916588561779136 54.38999938964844 31.6200008392334 AB 8.550820328934067 1.09349024315791
61137.0263 lsst_hardware_u -0.18959283611512232 2.690000057220459 28.40999984741211 AB 11.73791297980436 1.0991241319499736
61137.0447 lsst_hardware_g -1.8131471814368867 14.199999809265137 31.420000076293945 AB 11.90605704823489 1.0934357174035594
61139.0193 lsst_hardware_r -20.13442694717219 23.360000610351562 31.479999542236328 AB 8.877230121653907 1.1002330199732178
61139.0358 lsst_hardware_z 69.74136707536883 42.220001220703125 30.940000534057617 AB 8.847618004088902 1.0934459623171109
61142.0118 lsst_hardware_r 33.387572335470345 23.34000015258789 31.5 AB 5.477074336550128 1.09972211224967
61142.0295 lsst_hardware_u -4.280853594117819 2.859999895095825 28.540000915527344 AB 5.483303184660566 1.0933804954457758
61145.9808 lsst_hardware_g -4.9851206989483465 17.06999969482422 31.489999771118164 AB 16.641576824563394 1.1229449877401003
61145.9836 lsst_hardware_r 11.57661218420333 24.549999237060547 31.510000228881836 AB 16.565573385200246 1.118634144353881
61150.0072 lsst_hardware_r 21.043123543579522 23.450000762939453 31.510000228881836 AB 7.644386785691082 1.0933829343761827
61150.0246 lsst_hardware_u 0.6471959338790134 2.7699999809265137 28.459999084472656 AB 7.652661348798103 1.0993228728745703
61153.9758 lsst_hardware_y 45.10978832595012 50.470001220703125 30.030000686645508 AB 10.585860972053569 1.1022824090369292
61153.9936 lsst_hardware_z 36.89786772512221 46.25 30.950000762939453 AB 10.500893740231357 1.0935678074336868
61155.982 lsst_hardware_y 89.29993018599394 76.69000244140625 30.790000915527344 AB 14.709343871032777 1.095097071994647
61157.9757 lsst_hardware_z -73.92636798624692 61.630001068115234 30.969999313354492 AB 1.139243205806366 1.095426159429198
61157.9968 lsst_hardware_r 161.5901008329549 79.29000091552734 31.639999389648438 AB 1.1454781246138346 1.0958891409842952
61159.9661 lsst_hardware_y 31.229636115821663 62.939998626708984 30.040000915527344 AB 12.495646083935661 1.0974731245497176
61159.9837 lsst_hardware_z 4.673128361577598 62.15999984741211 30.979999542236328 AB 12.251311806545178 1.0936230133046354
61161.965 lsst_hardware_y -16.1072508669231 61.22999954223633 30.049999237060547 AB 10.287399985985829 1.0953364550666342
61161.9842 lsst_hardware_z 5.303159725660037 58.849998474121094 30.979999542236328 AB 10.077177898685933 1.0951867010599114
61163.9627 lsst_hardware_y -93.85508341793495 63.5099983215332 30.049999237060547 AB 12.065222058162991 1.0942767664932074
61163.9807 lsst_hardware_i 57.40562633071717 45.560001373291016 31.299999237060547 AB 12.03100681136979 1.0960195692238126
