data/validation/pwv_sim_epoch_fit_epoch/21081612.ecsv
# %ECSV 0.9
# ---
# datatype:
# - {name: time, datatype: float64}
# - {name: band, datatype: string}
# - {name: flux, datatype: float64}
# - {name: fluxerr, datatype: float64}
# - {name: zp, datatype: float64}
# - {name: zpsys, datatype: string}
# - {name: pwv, datatype: float64}
# - {name: airmass, datatype: float64}
# meta: {SNID: '21081612', alt: 1024.0, c: 0.029722413048148155, dec: -48.141209, lat: -30.244573, lon: -70.7499537, ra: 356.183044, t0: 61214.51171875,
#   x0: 7.281815019217551e-06, x1: -0.316959410905838, z: 0.5254029631614685}
# schema: astropy-2.0
time band flux fluxerr zp zpsys pwv airmass
61220.3002 lsst_hardware_r 5057.565010895657 145.93988160295388 32.36000061035156 AB 2.3907597229102477 1.242114416371086
61220.3341 lsst_hardware_z 3389.023985181465 105.05700199381246 31.719999313354492 AB 2.461750316097949 1.140227103333927
61223.4407 lsst_hardware_z 1558.7367497747773 82.33692408877337 30.989999771118164 AB 7.8107883480389555 1.0637053449596834
61231.3805 lsst_hardware_r 1112.0455361969302 41.13440228576138 31.510000228881836 AB 9.977339982570188 1.050338448906495
61231.3928 lsst_hardware_i 1370.2183994624681 47.792835061708416 31.25 AB 10.265934557139772 1.0505279849715796
61233.4315 lsst_hardware_z 1045.0764609025753 52.304170320653384 30.940000534057617 AB 9.501275310247527 1.0835072767986689
61233.4434 lsst_hardware_i 1329.3894712212316 57.736821180632276 31.290000915527344 AB 9.680916320780282 1.1016481038706083
61235.4272 lsst_hardware_u -0.5170422799361156 3.0602813366662525 28.5 AB 7.478987378515855 1.0850906606478807
61235.4379 lsst_hardware_g 137.1893759025059 23.215855708965602 31.540000915527344 AB 7.546370581070767 1.1015795315773191
61242.4075 lsst_hardware_r 531.4485584272762 30.912854741699356 31.479999542236328 AB 6.193407911845214 1.084280096611557
61242.4188 lsst_hardware_g 85.89205192031041 16.012285394636855 31.389999389648438 AB 6.8596409317171005 1.1015964239147422
61244.3981 lsst_hardware_r 497.4534405525404 29.90789388377016 31.479999542236328 AB 5.580428505964445 1.0791256477572049
61244.4094 lsst_hardware_i 721.5203891405538 40.062426254683544 31.239999771118164 AB 5.602651074175197 1.0951233530444093
61246.4051 lsst_hardware_z 727.5394909814943 49.82408260784158 30.940000534057617 AB 6.812246220861936 1.0969800677716484
61246.4177 lsst_hardware_i 641.2575139805052 39.435369464310355 31.229999542236328 AB 6.91423756335348 1.1198505994013006
61248.4062 lsst_hardware_z 961.2244832293222 58.54455769524468 30.959999084472656 AB 3.2592050988485557 1.1082590304954
61248.4181 lsst_hardware_g 49.71813359185479 41.478114287662216 31.649999618530273 AB 3.483463667438224 1.1322507112667919
61249.3891 lsst_hardware_r 301.77413547633677 88.58866554558666 31.639999389648438 AB 3.806176851621967 1.0852569077475551
61249.4002 lsst_hardware_i 623.9517268885047 73.25352307863903 31.31999969482422 AB 3.8677391423305885 1.1024696479243465
61253.4025 lsst_hardware_z 647.180454055667 67.09506544935158 30.969999313354492 AB 7.105244159409603 1.1279955801571049
61253.4137 lsst_hardware_r 223.00725745381 84.23961037744792 31.6299991607666 AB 7.24867993583138 1.1542637140882517
61256.3405 lsst_hardware_z 641.1877682469121 52.630071944781584 30.950000762939453 AB 1.99450160915177 1.0565030153536348
61256.3527 lsst_hardware_r 219.6092075169602 47.638381948954546 31.610000610351562 AB 2.004798115309179 1.0655318178630877
61258.3415 lsst_hardware_i 289.2792049517768 38.07672651748673 31.260000228881836 AB 2.7770704056225575 1.0607940432109084
61258.3528 lsst_hardware_z 563.9049597532623 48.518715401948995 30.950000762939453 AB 2.8119177746851416 1.0709687782467927
61260.3409 lsst_hardware_r 161.71044488785734 26.456945134982433 31.479999542236328 AB 2.62407368386247 1.064748908039412
61260.3537 lsst_hardware_u 6.400535827031882 3.6382128728674683 28.40999984741211 AB 2.6777931923973215 1.0782336188432942
61263.2949 lsst_hardware_i 266.43036087723647 34.43413610744315 31.239999771118164 AB 5.904010234103908 1.0501307741566048
61263.3066 lsst_hardware_z 380.5144874968186 45.89614868009722 30.940000534057617 AB 5.899927103294957 1.0507439186634329
61266.3693 lsst_hardware_g 35.39295290747693 14.463798525578826 31.399999618530273 AB 3.965535317309718 1.1330100906599194
61266.3795 lsst_hardware_r 88.17174727169987 25.943282089887376 31.479999542236328 AB 4.095537227589231 1.1575854232869507
61274.3188 lsst_hardware_i 211.8623316626175 33.74699718880112 31.239999771118164 AB 1.9776973764613104 1.0824835120204217
61274.3305 lsst_hardware_z 301.2715126768536 45.387157665286004 30.940000534057617 AB 2.0034046581645577 1.100016284510583
61276.3163 lsst_hardware_r 158.15302259898797 58.39500965356491 31.6299991607666 AB 3.3787685269627783 1.086537204511559
61276.328 lsst_hardware_z 216.01347783597097 54.24576921919705 30.969999313354492 AB 3.4325620289099184 1.1051094450921684
61278.3124 lsst_hardware_r 20.72411170597528 94.54016766075813 31.639999389648438 AB 2.9645581828417322 1.0887769539726015
61278.3236 lsst_hardware_i 77.25266924908041 76.87669500203567 31.31999969482422 AB 2.9949898965901554 1.1070005162040861
61281.3086 lsst_hardware_z 646.1790405230182 103.14362786711945 31.739999771118164 AB 7.666349889756963 1.0954667080708695
61286.3067 lsst_hardware_g 18.23710097666134 34.449514255388316 31.639999389648438 AB 1.7006635865985154 1.116287224547762
61286.3183 lsst_hardware_r 132.7967125284795 37.726610989974425 31.56999969482422 AB 1.81262037136456 1.1412689257765212
61296.2478 lsst_hardware_g 8.209598652426594 13.6899995803833 31.43000030517578 AB 2.5754274493148372 1.069677744419841
61296.2587 lsst_hardware_r 45.34860793945421 22.56999969482422 31.5 AB 3.789901970171938 1.082442547710657
61299.2431 lsst_hardware_r -2.434316168432117 22.40999984741211 31.489999771118164 AB 3.6359811388105134 1.0734051777636495
61299.2549 lsst_hardware_u -0.9926816669569772 2.7100000381469727 28.459999084472656 AB 4.419121899892188 1.0885430412740424
61305.2253 lsst_hardware_r 106.36420050604626 61.689998626708984 31.639999389648438 AB 2.104850810454834 1.0718527360686614
61305.2369 lsst_hardware_z -14.194176837671247 53.65999984741211 30.969999313354492 AB 2.3440882022616245 1.0862317897407843
61307.2259 lsst_hardware_r -44.033128852448144 85.0999984741211 31.639999389648438 AB 4.114524469455892 1.078889381030184
61307.2389 lsst_hardware_y 16.555138582117316 54.369998931884766 30.030000686645508 AB 4.163355842172622 1.0975454768469126
61311.2459 lsst_hardware_i -42.47468683609584 64.16000366210938 31.309999465942383 AB 4.180683743066865 1.1318263940619369
61311.2579 lsst_hardware_z 7.7120545472705215 59.880001068115234 30.959999084472656 AB 3.9623476188628994 1.1609007135686484
61313.2458 lsst_hardware_r 11.47405399298234 52.790000915527344 31.600000381469727 AB 4.411641852595037 1.1441721721050304
61313.2578 lsst_hardware_z 98.894935508509 50.16999816894531 30.950000762939453 AB 3.0086364279129003 1.1756312971330123
61317.2463 lsst_hardware_z -114.30455440110767 42.63999938964844 30.940000534057617 AB 3.0641112141498317 1.1739889709386795
61317.2579 lsst_hardware_r 40.4616421612591 22.760000228881836 31.469999313354492 AB 3.3245672482335973 1.2095933229882558
61319.1853 lsst_hardware_i 48.01483251745482 30.270000457763672 31.239999771118164 AB 5.201761403889063 1.069991032374452
61319.1975 lsst_hardware_r 36.70363366444532 22.100000381469727 31.479999542236328 AB 5.101985187294089 1.0846056945776816
61321.1793 lsst_hardware_u -3.3477911250241945 2.640000104904175 28.420000076293945 AB 4.3339130060603654 1.069441827528776
61321.1916 lsst_hardware_g 4.556910614526265 13.359999656677246 31.40999984741211 AB 4.46430196704116 1.0840069527419542
61330.175 lsst_hardware_r 13.637339158669201 24.270000457763672 31.510000228881836 AB 7.232155683537014 1.095781164172275
61330.1863 lsst_hardware_y 12.339397380069503 48.220001220703125 30.020000457763672 AB 7.312117478912235 1.1157859835573096
61332.1596 lsst_hardware_z -15.79856982413027 45.45000076293945 30.959999084472656 AB 4.0999376317418115 1.0813973004418354
61332.1707 lsst_hardware_g -48.13347039048586 33.70000076293945 31.649999618530273 AB 2.8378017098293027 1.097654090960233
61334.1642 lsst_hardware_r -18.577789928719096 58.209999084472656 31.6299991607666 AB 2.959869370880623 1.0959773034611044
61334.1749 lsst_hardware_i -23.42713230909984 51.810001373291016 31.309999465942383 AB 2.847721233039901 1.1148588932690966
61337.1646 lsst_hardware_z 73.45935958555252 61.130001068115234 30.979999542236328 AB 3.1806511106686544 1.1108534395069622
61337.1749 lsst_hardware_r 9.931794819361555 82.91999816894531 31.6299991607666 AB 2.661564636206528 1.1318181237640104
61340.1653 lsst_hardware_z -75.75273195054234 81.70999908447266 31.719999313354492 AB 4.000453393199833 1.1287430218292498
61342.1637 lsst_hardware_r -14.254181470207829 52.7599983215332 31.610000610351562 AB 3.2526090321282415 1.137342164040413
61342.1754 lsst_hardware_z 26.38958309758729 50.439998626708984 30.959999084472656 AB 2.4488419007517845 1.1666707483330443
61348.0121 lsst_hardware_r 9.950541702164278 35.47999954223633 32.27000045776367 AB 5.11254703485797 1.0885479847107105
61348.0177 lsst_hardware_g -18.81590105916588 20.940000534057617 32.20000076293945 AB 5.113949891219404 1.0808686539143932
61355.0496 lsst_hardware_r 52.95366641985808 22.239999771118164 31.489999771118164 AB 3.6479971647725575 1.0500351637627894
61355.0607 lsst_hardware_i 54.210537196538155 30.260000228881836 31.25 AB 3.653207518158799 1.0521911054604836
61358.0511 lsst_hardware_z -0.10167095611601917 41.189998626708984 30.950000762939453 AB 4.093040452857834 1.051744870113362
61358.063 lsst_hardware_i 43.91661930094242 30.530000686645508 31.25 AB 4.094240709372453 1.0571238598948853
61363.0538 lsst_hardware_z 24.660996582452437 68.45999908447266 31.709999084472656 AB 4.992632273485122 1.0600818756072874
61578.4294 lsst_hardware_i -17.082415782970067 62.06999969482422 31.31999969482422 AB 1.6912213679456576 1.0504480546246995
61578.4425 lsst_hardware_y -120.53373827551192 68.8499984741211 30.059999465942383 AB 1.681455761743712 1.0504721543588371
61580.4241 lsst_hardware_z 27.63087766834099 52.310001373291016 30.969999313354492 AB 4.129558025774793 1.050421746424032
61580.4386 lsst_hardware_y 21.255834946177085 58.27000045776367 30.059999465942383 AB 4.106736736938591 1.0507641970845565
61582.4375 lsst_hardware_i -43.787928762205674 42.060001373291016 31.290000915527344 AB 6.101073767191701 1.0519092702054658
61587.4443 lsst_hardware_r -15.379946849290963 32.36000061035156 31.559999465942383 AB 9.960531148835623 1.0638183433552943
61589.43 lsst_hardware_i -10.42561821812616 30.860000610351562 31.25 AB 7.401328533832105 1.0573326476903007
61589.4419 lsst_hardware_z -4.3923055132406885 52.91999816894531 30.969999313354492 AB 7.465831107057789 1.0665473010082556
61591.4265 lsst_hardware_i -13.529521716518705 30.309999465942383 31.239999771118164 AB 5.556815995975734 1.0585923695719834
61591.4387 lsst_hardware_u -2.7182907207247493 5.670000076293945 28.93000030517578 AB 5.59985303540043 1.0687252321962746
61596.1922 lsst_hardware_g -7.570461317460077 18.739999771118164 31.899999618530273 AB 15.963054717577421 1.7548567820125685
61608.4089 lsst_hardware_z 92.62741054082235 59.0 30.979999542236328 AB 5.863745348274826 1.0891057481936899
61608.421 lsst_hardware_r -13.296411435907144 75.44000244140625 31.639999389648438 AB 5.54528052254975 1.10905610450995
61611.3981 lsst_hardware_i 9.419784585036881 40.33000183105469 31.280000686645508 AB 6.775490091163261 1.0853808716320803
61611.4101 lsst_hardware_r -85.39528115701602 41.66999816894531 31.59000015258789 AB 6.859263991257217 1.1041957487535765
61612.4011 lsst_hardware_z 20.555996722220584 44.11000061035156 30.950000762939453 AB 7.426608157546995 1.0938238464628898
61612.413 lsst_hardware_g 23.73349958838297 30.739999771118164 31.6299991607666 AB 7.54136360278689 1.1145558622260323
61617.4032 lsst_hardware_r 5.251131742504194 22.420000076293945 31.479999542236328 AB 5.081837662063284 1.1222313570989955
61617.4139 lsst_hardware_i -25.633170204622928 31.0 31.239999771118164 AB 5.1197217238430595 1.1462063560842672
61619.4037 lsst_hardware_z 6.483332650285341 42.470001220703125 30.940000534057617 AB 2.1125987553184897 1.1350938060276654
61619.4144 lsst_hardware_r -8.284158948366446 22.829999923706055 31.469999313354492 AB 2.193384909060196 1.1613404036675943
61622.3454 lsst_hardware_z 19.957001002319387 41.130001068115234 30.950000762939453 AB 2.14257069477286 1.0611163160245285
61622.3585 lsst_hardware_i 1.262981796940507 30.309999465942383 31.239999771118164 AB 2.1924222026152176 1.073401323189825
61624.3412 lsst_hardware_u 1.7746426202702204 2.619999885559082 28.389999389648438 AB 4.525774764888167 1.0620975706703566
61624.3534 lsst_hardware_g -13.649440368445015 13.520000457763672 31.389999389648438 AB 4.568864406919408 1.0738057284467775
61627.3291 lsst_hardware_z 63.78799574547906 41.52000045776367 30.950000762939453 AB 5.118720631645021 1.0591917433394307
61627.3399 lsst_hardware_u -0.41439762312483935 2.75 28.489999771118164 AB 5.45936877441195 1.0682128404660667
61631.3328 lsst_hardware_i -19.662504690582455 57.77000045776367 31.31999969482422 AB 3.589767769467034 1.072159222300805
61631.3431 lsst_hardware_z -23.705231920968977 55.77000045776367 30.969999313354492 AB 3.7969086490306836 1.0848310425801952
61649.3122 lsst_hardware_z 36.88171905847835 42.11000061035156 30.940000534057617 AB 1.7733677953926323 1.1149750363987967
61649.3243 lsst_hardware_i -5.851739142481427 31.200000762939453 31.229999542236328 AB 1.7703435650862338 1.1408690607934484
61651.2998 lsst_hardware_r -13.021249524683322 22.729999542236328 31.489999771118164 AB 1.693687610768159 1.1023023825370382
61651.3119 lsst_hardware_u -0.8349042395507477 2.609999895095825 28.350000381469727 AB 1.7849028876642026 1.125411656787013
61653.298 lsst_hardware_g -51.79945967171546 13.59000015258789 31.3799991607666 AB 2.0620857842272207 1.108797302985466
61653.3084 lsst_hardware_r -18.5429014899734 22.729999542236328 31.469999313354492 AB 1.9782310407839847 1.12961087268179
61655.2939 lsst_hardware_i 15.073692522642183 30.920000076293945 31.239999771118164 AB 2.090392378735964 1.111319712246658
61655.3046 lsst_hardware_z 21.869982137748735 42.470001220703125 30.940000534057617 AB 2.0849343607707453 1.1332704773859195
61672.2258 lsst_hardware_z -17.96293593503543 41.52000045776367 30.940000534057617 AB 4.18825190165595 1.0778721544966845
61672.2381 lsst_hardware_r -1.5183703439079155 22.40999984741211 31.479999542236328 AB 4.162513118408753 1.0951100022122475
61680.2455 lsst_hardware_r 57.52185265878128 22.440000534057617 31.469999313354492 AB 3.905485447862725 1.155212733228534
61680.2576 lsst_hardware_u -2.2475115111660697 2.5799999237060547 28.31999969482422 AB 4.330521873446091 1.1890504869430147
61682.1848 lsst_hardware_z -5.476549706959572 41.25 30.950000762939453 AB 2.383083109013962 1.0637180965692434
61682.1969 lsst_hardware_u 1.315923226467932 2.5999999046325684 28.3799991607666 AB 2.3785862247632172 1.0759587868349896
61684.2459 lsst_hardware_i -56.47967361345694 31.1200008392334 31.229999542236328 AB 5.779222870636797 1.1866987414040615
61684.258 lsst_hardware_z 10.988538250104476 43.2400016784668 30.93000030517578 AB 7.318125448177145 1.2262445769479264
61686.1862 lsst_hardware_i 21.64628970250366 38.18000030517578 31.280000686645508 AB 4.31475391525276 1.0762221364175117
61686.1975 lsst_hardware_z 14.993661625323167 45.36000061035156 30.950000762939453 AB 4.576775571362493 1.0914409152695443
61688.1411 lsst_hardware_i -51.33129485818342 49.310001373291016 31.309999465942383 AB 3.2604569042014306 1.0503203363781128
61688.1534 lsst_hardware_z -29.386305675466282 50.84000015258789 30.969999313354492 AB 3.338712309895791 1.0539696345658964
61689.1791 lsst_hardware_z 8.86075222461377 54.880001068115234 30.969999313354492 AB 4.184779534393984 1.0775331390595333
61689.1909 lsst_hardware_r 13.237125735238003 65.98999786376953 31.6299991607666 AB 4.216747082936505 1.093885706153272
61692.1747 lsst_hardware_i 81.22483485649731 73.30999755859375 31.329999923706055 AB 8.942359415859917 1.082348029031864
61692.1864 lsst_hardware_r -29.27840266058057 93.18000030517578 31.639999389648438 AB 8.768007106234549 1.0998503645554334
61694.1838 lsst_hardware_z 9.466056934420195 86.43000030517578 31.729999542236328 AB 8.385136748473755 1.104761099930666
61696.16 lsst_hardware_g 50.30311959621123 64.30000305175781 31.700000762939453 AB 6.5745069467124235 1.0775524934515555
61696.1712 lsst_hardware_r 8.067600628607957 59.52000045776367 31.6299991607666 AB 6.3824516876745045 1.0929791399391222
61700.1653 lsst_hardware_i 6.995541049435108 30.670000076293945 31.239999771118164 AB 4.099692386632354 1.1011058582239586
61700.176 lsst_hardware_u 1.7171893104313691 2.6500000953674316 28.399999618530273 AB 3.171455425437388 1.1210517587265423
61702.1652 lsst_hardware_g -6.393278245226074 13.329999923706055 31.3799991607666 AB 3.1900404979106267 1.1106416565099233
61702.1759 lsst_hardware_r -8.084460031122424 22.489999771118164 31.479999542236328 AB 2.5133999443904695 1.1324597053537204
61707.1614 lsst_hardware_u -0.8667862394299838 2.609999895095825 28.3700008392334 AB 3.216916416059982 1.1305938669377515
61707.1726 lsst_hardware_g -4.553941719474108 13.40999984741211 31.3700008392334 AB 2.444310848117173 1.157344151570291
61709.1604 lsst_hardware_r 19.443960491987248 22.530000686645508 31.469999313354492 AB 4.217209228605844 1.1407111789574909
61709.1711 lsst_hardware_i 14.885872452246577 31.290000915527344 31.229999542236328 AB 3.8663814317883696 1.1679146448537592
61711.151 lsst_hardware_i 77.11516092698625 30.540000915527344 31.219999313354492 AB 4.413801728098656 1.1317440328458093
61711.1622 lsst_hardware_z -34.41684452379069 42.22999954223633 30.93000030517578 AB 4.518950143282666 1.1587051649442734
61720.0488 lsst_hardware_i -51.89887771928229 56.0 31.31999969482422 AB 3.6552186471593253 1.0499479070737243
61720.0608 lsst_hardware_z 8.988673360137307 54.540000915527344 30.979999542236328 AB 3.6729192591822155 1.0519602632628429
61722.0104 lsst_hardware_y 156.73921120407792 76.22000122070312 30.059999465942383 AB 5.431409724857977 1.0632796616251055
61722.0134 lsst_hardware_r -2.776054963002907 78.44000244140625 31.649999618530273 AB 5.339602964491025 1.060900964847464
61724.0545 lsst_hardware_g 47.28630474656829 63.97999954223633 31.719999313354492 AB 5.544646261216573 1.0537146068446546
61724.0658 lsst_hardware_r -177.5552844045669 66.7300033569336 31.639999389648438 AB 5.696587439332096 1.060323394943154
61726.055 lsst_hardware_i 10.333419252631124 30.1200008392334 31.239999771118164 AB 4.118300618485826 1.0567874309691583
61726.0673 lsst_hardware_z -43.44204292671028 41.150001525878906 30.940000534057617 AB 3.951378783599117 1.0660673906920572
61728.05 lsst_hardware_r -48.9894904940513 22.280000686645508 31.479999542236328 AB 4.968200436458092 1.057063922650658
61728.0638 lsst_hardware_g 9.028936336014928 13.5 31.389999389648438 AB 5.030263818290287 1.0679209861206234
61731.051 lsst_hardware_z -1.8387426632883337 41.13999938964844 30.93000030517578 AB 4.711269709487908 1.0637321538694757
61731.0643 lsst_hardware_i -8.03724329320799 30.399999618530273 31.229999542236328 AB 4.748669674277727 1.0774066192350302
