data/validation/pwv_sim_epoch_fit_epoch/21326152.ecsv
# %ECSV 0.9
# ---
# datatype:
# - {name: time, datatype: float64}
# - {name: band, datatype: string}
# - {name: flux, datatype: float64}
# - {name: fluxerr, datatype: float64}
# - {name: zp, datatype: float64}
# - {name: zpsys, datatype: string}
# - {name: pwv, datatype: float64}
# - {name: airmass, datatype: float64}
# meta: {SNID: '21326152', alt: 1024.0, c: -0.06884592026472092, dec: -28.971533, lat: -30.244573, lon: -70.7499537, ra: 174.550781, t0: 60760.15234375,
#   x0: 7.97200253119817e-06, x1: 1.0363061428070068, z: 0.5054648518562317}
# schema: astropy-2.0
time band flux fluxerr zp zpsys pwv airmass
60671.2425 lsst_hardware_r 6.416938724032094 25.190000534057617 31.389999389648438 AB 10.195196499549931 1.6718004645340145
60671.2638 lsst_hardware_u 1.707026491817671 2.569999933242798 28.190000534057617 AB 8.960378131858802 1.4614872177228515
60673.2469 lsst_hardware_g 8.453291135791716 14.300000190734863 31.260000228881836 AB 14.078570973744435 1.565213197496028
60673.2687 lsst_hardware_i -36.23029106476288 33.470001220703125 31.200000762939453 AB 12.027580580060718 1.3824805264437607
60675.2456 lsst_hardware_z 39.951819695588654 48.11000061035156 30.899999618530273 AB 10.664672049312104 1.5252506992421704
60675.2679 lsst_hardware_r -9.994755361824808 24.520000457763672 31.440000534057617 AB 9.494015927720671 1.3508544189979619
60677.2528 lsst_hardware_u 0.9370980192761181 2.4600000381469727 28.1200008392334 AB 6.95576056521277 1.4188673213869794
60677.2739 lsst_hardware_g -12.667917829432776 14.050000190734863 31.34000015258789 AB 6.293434941356859 1.2819327012541128
60679.2547 lsst_hardware_r 58.51662874988703 34.22999954223633 32.189998626708984 AB 3.585179240654474 1.3660427664905594
60679.2788 lsst_hardware_i 2.2778775616108673 45.56999969482422 31.969999313354492 AB 3.278610643914057 1.2290181096766426
60681.2544 lsst_hardware_z -0.005581851109504065 63.349998474121094 31.68000030517578 AB 10.072908047875066 1.3323952444279188
60681.2754 lsst_hardware_r -34.75289318288966 33.209999084472656 32.22999954223633 AB 9.106738368824738 1.2194347039133286
60683.2501 lsst_hardware_u -2.9928907081385927 2.5399999618530273 28.219999313354492 AB 11.79414644518468 1.3251849938409752
60683.2732 lsst_hardware_r -22.801942176801287 23.31999969482422 31.469999313354492 AB 10.723245726289518 1.2048590703696087
60685.293 lsst_hardware_i -34.168235364828355 31.329999923706055 31.25 AB 8.000492177314467 1.1133701278878987
60685.3101 lsst_hardware_u -0.7351718091766699 2.7799999713897705 28.489999771118164 AB 7.660102443101657 1.0694484051240214
60687.2861 lsst_hardware_g -94.81915894355127 63.869998931884766 31.690000534057617 AB 6.491725947377907 1.1176733004567463
60687.3035 lsst_hardware_r -15.713238630624575 54.220001220703125 31.6299991607666 AB 7.348825533947396 1.0719866090558294
60689.2946 lsst_hardware_i -50.61331229333372 64.2300033569336 31.31999969482422 AB 8.963035131530127 1.079970495404867
60689.3139 lsst_hardware_r -155.40034097365293 79.76000213623047 31.65999984741211 AB 8.524042844174785 1.0412104451353563
60691.3011 lsst_hardware_z -60.20718400580676 84.22000122070312 31.739999771118164 AB 6.200365770574936 1.054259854720499
60693.3031 lsst_hardware_r 95.52601545730309 72.97000122070312 31.649999618530273 AB 7.524178068209664 1.0410124960339917
60693.3207 lsst_hardware_i 9.72574608338065 61.58000183105469 31.329999923706055 AB 7.383171046067664 1.0175263293919052
60696.2066 lsst_hardware_z 14.480882226685651 52.34000015258789 30.93000030517578 AB 15.842763950719307 1.3776316478886355
60696.2238 lsst_hardware_r 28.88342132338593 45.77000045776367 31.559999465942383 AB 15.024894872662141 1.2722898446987254
60698.2054 lsst_hardware_i -2.605228548434803 34.529998779296875 31.209999084472656 AB 11.71439936827869 1.3489376491636431
60698.2223 lsst_hardware_z -58.56185400409579 45.16999816894531 30.93000030517578 AB 11.388934968061383 1.2516459347626763
60704.1968 lsst_hardware_i -80.94043062522304 32.75 31.219999313354492 AB 12.529575252931227 1.301075639355279
60704.2146 lsst_hardware_z 7.16820191982501 43.720001220703125 30.940000534057617 AB 12.783737589328858 1.2104379301057033
60708.2028 lsst_hardware_r 16.031722513871447 23.709999084472656 31.479999542236328 AB 10.878551372054254 1.2143725135784018
60708.221 lsst_hardware_i 17.883065153711417 31.719999313354492 31.25 AB 11.905995062240157 1.1426647211708967
60710.2045 lsst_hardware_z -31.026790317595434 43.47999954223633 30.940000534057617 AB 10.527399120333174 1.1837849005209755
60710.2224 lsst_hardware_i 42.59803529498978 31.290000915527344 31.239999771118164 AB 8.438261508597208 1.120433063382196
60712.2231 lsst_hardware_g -11.895195869208997 13.899999618530273 31.420000076293945 AB 4.792877108074815 1.1024444181885715
60712.2421 lsst_hardware_r 3.4578230738891884 22.649999618530273 31.5 AB 4.575290076943848 1.0575037737071182
60717.2193 lsst_hardware_z 54.204204240942964 83.76000213623047 31.729999542236328 AB 4.002822085607109 1.0772581808806014
60719.2281 lsst_hardware_r 149.96608664667707 105.72000122070312 31.65999984741211 AB 5.235590743795118 1.0478865989315624
60719.2469 lsst_hardware_i 153.6961481553402 81.80000305175781 31.350000381469727 AB 5.022628832341479 1.0205829380265699
60721.2134 lsst_hardware_z 112.61290347833354 70.2300033569336 30.989999771118164 AB 3.5116786329807486 1.0660024688413523
60721.2334 lsst_hardware_r 35.22694539727602 97.2300033569336 31.65999984741211 AB 3.392491901870899 1.0307609272680285
60723.2273 lsst_hardware_z -71.54545740820348 83.3499984741211 31.739999771118164 AB 4.769385728485382 1.031664661147606
60725.2161 lsst_hardware_r 7.736160868672027 46.52000045776367 31.6299991607666 AB 2.7065514300556934 1.0404144267760618
60725.2362 lsst_hardware_z 75.35434138991171 47.189998626708984 30.969999313354492 AB 2.65752670035892 1.0146781763437283
60728.1029 lsst_hardware_u -0.05742189774688973 2.430000066757202 28.06999969482422 AB 9.264124117890034 1.5069742363383545
60728.1226 lsst_hardware_g 5.775932952481508 14.0600004196167 31.309999465942383 AB 8.340135534827427 1.3547978451636495
60730.1031 lsst_hardware_r 38.64147409942992 24.36728550722555 31.43000030517578 AB 11.404837752402893 1.4583414463086442
60730.1232 lsst_hardware_i -11.1167760942707 32.84554998451495 31.219999313354492 AB 10.229436532254512 1.3165297982309538
60732.0974 lsst_hardware_z -23.00950359241896 46.11193686193639 30.90999984741211 AB 8.338978620637636 1.4603100101809796
60732.117 lsst_hardware_r 9.460017064582619 23.82590981841838 31.440000534057617 AB 7.560156422743507 1.3210128294152554
60734.1011 lsst_hardware_u 8.228964502685594 3.0843338558183127 28.209999084472656 AB 7.11492561427799 1.3899732579786062
60734.1207 lsst_hardware_r 62.37244532482339 24.606478356449305 31.459999084472656 AB 6.638473160537016 1.2688213227326102
60737.1003 lsst_hardware_i 157.34749503815885 35.31243139310521 31.209999084472656 AB 7.695143501822076 1.3400336964427138
60737.1204 lsst_hardware_z 110.22006935525992 44.92704936176257 30.93000030517578 AB 7.133295775031092 1.2292427666777688
60739.0966 lsst_hardware_r 465.9280428386664 32.85964728883442 31.450000762939453 AB 13.706257428395304 1.3289412845475552
60739.1166 lsst_hardware_z 213.39920516978907 46.438045896392815 30.93000030517578 AB 12.60129672463284 1.2214898760508746
60743.1032 lsst_hardware_i 902.6036291423251 52.32150322545039 31.270000457763672 AB 12.648241067223047 1.2331325989298085
60743.122 lsst_hardware_z 509.9376912027617 53.13747069202578 30.950000762939453 AB 11.813013893924312 1.1547423161216162
60750.0919 lsst_hardware_r 2679.4185363084407 130.5278425673157 31.6200008392334 AB 8.582584656219955 1.1978485214543417
60750.1133 lsst_hardware_z 1196.7329440348992 88.52578410909733 30.979999542236328 AB 8.004819168001555 1.1200903697106854
60752.081 lsst_hardware_r 2803.5818743144723 90.99817258038685 31.610000610351562 AB 8.398635652591441 1.2219752149849326
60752.0963 lsst_hardware_i 1905.6596355494607 76.8669823411595 31.309999465942383 AB 9.398180439222424 1.1588385251815234
60754.078 lsst_hardware_z 2823.9648629101557 84.90863578688709 31.700000762939453 AB 4.509485451618093 1.2108168222370248
60754.0949 lsst_hardware_i 3858.738071398381 83.99497446844738 32.029998779296875 AB 5.8621033201241595 1.144401891058703
60756.0813 lsst_hardware_u 12.945975523314265 4.118718535507143 28.450000762939453 AB 4.590222803000237 1.1742703512407873
60756.0983 lsst_hardware_g 1166.636947785437 38.177250329193875 31.43000030517578 AB 5.8953206875366595 1.115903972655034
60758.081 lsst_hardware_r 2951.012032216867 58.96988438021076 31.5 AB 4.805353728289582 1.1549017572496494
60758.0983 lsst_hardware_i 2041.1738951558427 54.69357495465481 31.260000228881836 AB 6.046719900664536 1.1002538144319716
60760.0703 lsst_hardware_z 1624.152039812619 58.29922621386447 30.940000534057617 AB 8.317661148584897 1.174575870918204
60760.0871 lsst_hardware_u 5.919578901111061 3.456054184980186 28.510000228881836 AB 9.060012637786285 1.1167392702319938
60762.0724 lsst_hardware_g 1034.644168295291 34.96981970232389 31.43000030517578 AB 8.086449286422821 1.1466752311618773
60762.0898 lsst_hardware_r 2927.8870916765673 58.24690896961797 31.510000228881836 AB 8.90424065785398 1.0937526910519568
60764.0691 lsst_hardware_i 1912.042937070836 54.336706900986634 31.239999771118164 AB 5.633739172833336 1.1392799136164482
60764.0871 lsst_hardware_z 1625.213183325166 57.47779173074441 30.950000762939453 AB 6.467431313233857 1.0866588596864692
60767.0736 lsst_hardware_i 1995.9905368081434 53.347116385345586 31.25 AB 9.67014361141568 1.1005996427845417
60767.0911 lsst_hardware_u 1.8156032548705383 3.251387307001828 28.489999771118164 AB 9.01488848568793 1.0591628987649584
60769.0679 lsst_hardware_g 674.5578855199175 32.14920567131814 31.5 AB 5.434337268661814 1.1012572146706807
60769.0858 lsst_hardware_r 2415.614512060116 54.642092866158265 31.510000228881836 AB 6.353039263023593 1.058839877170599
60771.068 lsst_hardware_i 1851.2033776897078 56.64989344033557 31.280000686645508 AB 8.576647648949184 1.086625896504146
60771.0859 lsst_hardware_r 2315.882578571926 60.957556083809756 31.600000381469727 AB 10.110692560642226 1.04828331370065
60775.0858 lsst_hardware_i 1755.6204697221358 84.55708640504392 31.34000015258789 AB 5.249265342469486 1.0309860242500992
60775.1049 lsst_hardware_z 1285.5345157983575 74.65985061469095 30.989999771118164 AB 5.131475171373014 1.0101660496813571
60779.9709 lsst_hardware_y 290.3314014279958 77.79491727229565 29.950000762939453 AB 16.182460013121393 1.424042240732275
60779.9894 lsst_hardware_z 981.0681470335385 68.59692090317044 30.950000762939453 AB 14.717248471462497 1.3004549325318102
60789.9745 lsst_hardware_z 1583.9919918620778 86.35722029831437 31.700000762939453 AB 16.845698624435553 1.2349011795842697
60794.9639 lsst_hardware_y 375.06157824967227 69.21642696188522 30.010000228881836 AB 13.588726385936209 1.2205442861619349
60794.9812 lsst_hardware_i 709.3431240973761 40.61088378797133 31.239999771118164 AB 12.880963534657484 1.150514048499366
60796.9723 lsst_hardware_y 366.1058878272602 52.92911933493723 30.010000228881836 AB 10.744687165340727 1.1630127542221886
60796.9906 lsst_hardware_g 47.37966379393587 17.877742831213805 31.450000762939453 AB 10.161253378071214 1.1036043781845501
60799.9617 lsst_hardware_y 158.88502554476926 64.68400813916597 30.010000228881836 AB 12.099672331468932 1.1721649146494486
60799.9808 lsst_hardware_i 498.4511915225659 44.73166571751225 31.270000457763672 AB 11.511830965466475 1.1081588299729477
60801.9713 lsst_hardware_z 1261.4825113674733 91.9757896799236 31.729999542236328 AB 4.323725327066451 1.1201360950949353
60803.9613 lsst_hardware_y 251.11236729637685 69.35700792742404 30.040000915527344 AB 9.912962193537613 1.134552364589228
60803.9801 lsst_hardware_r 519.0356545739628 92.34920323573041 31.649999618530273 AB 9.485669049502238 1.0811932807183402
60805.9613 lsst_hardware_y 226.3093550615132 68.34237428879466 30.040000915527344 AB 8.390418968966866 1.1173320715065884
60805.9787 lsst_hardware_z 698.4169415620844 78.05119788061192 30.989999771118164 AB 8.058811176246193 1.0717335577333604
60807.9615 lsst_hardware_y 133.56371301862237 63.194000009972164 30.040000915527344 AB 8.549144912057328 1.101008166570335
60807.9794 lsst_hardware_z 488.50852551880234 71.44967900071964 30.989999771118164 AB 8.246952687881356 1.058658881627902
60811.9611 lsst_hardware_y 121.49382367913294 54.54790135959275 30.040000915527344 AB 11.183619913013251 1.0744957041782321
60811.9801 lsst_hardware_r 203.7840165129979 26.54014171826929 31.5 AB 10.851654220341109 1.0379391889374412
60813.9612 lsst_hardware_z 886.4124145768544 70.13895406047666 31.709999084472656 AB 10.16295537252582 1.0623575918387629
60813.9818 lsst_hardware_g 61.15003730234135 21.403699836993486 32.189998626708984 AB 9.854291865775348 1.0275858980448238
61036.2408 lsst_hardware_r 60.40572766482757 25.389999389648438 31.360000610351562 AB 8.525701655828817 1.7004640550145789
61036.2625 lsst_hardware_u -0.2313489062538916 2.4100000858306885 28.040000915527344 AB 9.31260400278811 1.4781911115536683
61038.2419 lsst_hardware_g 8.56517243663303 14.3100004196167 31.239999771118164 AB 11.672281629822638 1.6245346736008537
61038.2644 lsst_hardware_r -47.68691438318022 24.5 31.43000030517578 AB 10.20841884920433 1.4189527196225264
61042.268 lsst_hardware_r 82.90696961157731 75.05000305175781 31.579999923706055 AB 6.3739603114034065 1.3201160465454065
61042.2896 lsst_hardware_z -36.13999491156493 56.15999984741211 30.950000762939453 AB 5.856663079717947 1.207808430546081
61043.2482 lsst_hardware_r -212.6175503981344 85.0999984741211 31.559999465942383 AB 5.012435711787389 1.4387014098126814
61043.2707 lsst_hardware_i 66.3540069138155 65.12000274658203 31.280000686645508 AB 5.631122550598048 1.2883898453168199
61045.2493 lsst_hardware_z -70.98051657452764 64.05000305175781 30.940000534057617 AB 16.19406687049296 1.389422523797686
61045.2717 lsst_hardware_i -94.57527011350594 65.68000030517578 31.290000915527344 AB 13.04087864025889 1.2538502634695428
61048.2643 lsst_hardware_z -36.48099416420181 84.6500015258789 31.709999084472656 AB 11.123649012808512 1.2498482036863496
61060.2961 lsst_hardware_r 23.48454061123553 22.6299991607666 31.489999771118164 AB 11.472277168027869 1.0447626225920696
61060.3147 lsst_hardware_u -0.6113067067911989 2.630000114440918 28.40999984741211 AB 11.179144347009288 1.0188329320582628
61062.2048 lsst_hardware_z 0.2084433367837649 45.58000183105469 30.90999984741211 AB 13.395762180377773 1.3759706415056003
61062.2221 lsst_hardware_i -19.538816383199524 32.290000915527344 31.209999084472656 AB 12.069527254704065 1.2704765531267437
61070.2206 lsst_hardware_r 7.704336565113692 55.91999816894531 31.600000381469727 AB 14.471527223106898 1.1767701642403896
61070.2389 lsst_hardware_i 30.46807863847057 47.029998779296875 31.290000915527344 AB 13.708776239976817 1.1139308970728725
61073.2038 lsst_hardware_i 101.1751274469186 109.83000183105469 32.060001373291016 AB 10.595853340559167 1.2129878662015379
61073.2222 lsst_hardware_z 155.43880762445204 95.25 31.729999542236328 AB 11.949219869659276 1.1409366670054626
61075.1981 lsst_hardware_i -150.03627160002048 81.02999877929688 31.299999237060547 AB 10.78847583863433 1.2140639570836056
61075.2168 lsst_hardware_z -26.485481278910264 70.37000274658203 30.969999313354492 AB 8.60596603280664 1.1407318199697365
61077.2244 lsst_hardware_r -72.27788176322505 78.9800033569336 31.639999389648438 AB 4.743572513017162 1.1007671363746445
61077.2437 lsst_hardware_z -106.9721300236144 61.400001525878906 30.979999542236328 AB 4.5827262660197885 1.0557249988911013
61079.2023 lsst_hardware_i -9.696228236717708 46.540000915527344 31.280000686645508 AB 10.399559097347959 1.1532001660399092
61079.2203 lsst_hardware_r 43.83409908231856 48.4900016784668 31.610000610351562 AB 7.756751119104533 1.097071287986979
61081.2006 lsst_hardware_u -8.719029934021352 3.4800000190734863 28.56999969482422 AB 3.7048158309080104 1.140118735469469
61081.2201 lsst_hardware_g 17.225487161597393 23.15999984741211 31.579999923706055 AB 4.701177401429822 1.083553488344298
61083.2147 lsst_hardware_i 22.06598172475586 30.6299991607666 31.239999771118164 AB 6.386673273977178 1.0834051355347205
61083.2349 lsst_hardware_z 36.33553852593786 41.11000061035156 30.950000762939453 AB 6.126483328102623 1.0420666185291536
61085.2168 lsst_hardware_r 37.58232502353101 22.510000228881836 31.5 AB 2.423936706723452 1.0660524273660346
