data/validation/pwv_sim_epoch_fit_epoch/21354734.ecsv
# %ECSV 0.9
# ---
# datatype:
# - {name: time, datatype: float64}
# - {name: band, datatype: string}
# - {name: flux, datatype: float64}
# - {name: fluxerr, datatype: float64}
# - {name: zp, datatype: float64}
# - {name: zpsys, datatype: string}
# - {name: pwv, datatype: float64}
# - {name: airmass, datatype: float64}
# meta: {SNID: '21354734', alt: 1024.0, c: -0.11521059274673462, dec: -22.185358, lat: -30.244573, lon: -70.7499537, ra: 68.203125, t0: 60694.1171875,
#   x0: 1.4919523899992235e-05, x1: 0.6509785056114197, z: 0.3883291780948639}
# schema: astropy-2.0
time band flux fluxerr zp zpsys pwv airmass
60560.3281 lsst_hardware_u 2.1213811486426852 2.5399999618530273 28.290000915527344 AB 3.2883750250108736 1.1744196517895977
60560.3458 lsst_hardware_g 10.313086180975182 13.350000381469727 31.389999389648438 AB 3.3208875517976115 1.1142671575207286
60568.3958 lsst_hardware_z -11.877531535195924 41.4900016784668 30.959999084472656 AB 4.264240286118327 1.010563303448533
60571.3932 lsst_hardware_r 4.82942525113287 81.25 31.670000076293945 AB 6.8775687932493765 1.0101197679304872
60574.3474 lsst_hardware_z 48.765303042272826 53.869998931884766 30.979999542236328 AB 1.5818176646831352 1.0330237810177672
60578.3491 lsst_hardware_r -13.338032136379702 28.209999084472656 31.549999237060547 AB 4.276155272220123 1.0200346532549094
60580.3335 lsst_hardware_z -18.51807263817463 57.470001220703125 31.700000762939453 AB 4.8766737773856965 1.0300293119412178
60584.3566 lsst_hardware_i -32.23501684100929 29.600000381469727 31.25 AB 2.4950132341397495 1.010126815441194
60584.3758 lsst_hardware_y -119.87810942377666 47.20000076293945 30.059999465942383 AB 2.129228238468789 1.0156512645238092
60586.3564 lsst_hardware_i -32.36003643286524 29.579999923706055 31.260000228881836 AB 2.3705048984874946 1.0104453957747206
60586.3751 lsst_hardware_y 27.194211147834103 46.93000030517578 30.059999465942383 AB 1.9542490767400347 1.018899414358725
60592.3321 lsst_hardware_z 23.79808437576223 40.45000076293945 30.959999084472656 AB 2.816144794309531 1.0103063628722644
60592.3507 lsst_hardware_u -1.00832083247138 2.7799999713897705 28.549999237060547 AB 3.0415858742175788 1.0138619580725263
60597.2025 lsst_hardware_i 31.08922010308632 48.709999084472656 31.260000228881836 AB 8.644477519582795 1.2917629288081087
60597.2219 lsst_hardware_z -25.6673704598481 50.41999816894531 30.950000762939453 AB 7.557508910242074 1.195556144839048
60601.3139 lsst_hardware_z -76.6416932492977 65.16999816894531 31.0 AB 3.8389772427407958 1.0102571691423148
60601.3319 lsst_hardware_r 103.4764356197191 90.83000183105469 31.65999984741211 AB 3.8656237211134243 1.0172694002930065
60605.2989 lsst_hardware_z -47.26824059251953 65.9000015258789 31.719999313354492 AB 3.214253362162747 1.010136191754379
60607.2904 lsst_hardware_g -50.66662457819858 22.75 31.600000381469727 AB 3.8395085829070466 1.0103969955018544
60607.3079 lsst_hardware_r 52.6035698433266 29.969999313354492 31.56999969482422 AB 3.833032009243576 1.0130023369361796
60613.2767 lsst_hardware_g -8.139344557976285 13.539999961853027 31.450000762939453 AB 3.8385721131855868 1.0101505561014703
60613.2922 lsst_hardware_r 1.409640641168016 22.139999389648438 31.520000457763672 AB 3.452329767781233 1.0133048922163261
60615.2814 lsst_hardware_r -5.350713085155684 22.100000381469727 31.5 AB 3.1624434874651097 1.0113346618052796
60615.2992 lsst_hardware_i 25.909203628954373 30.020000457763672 31.260000228881836 AB 3.0613173904409248 1.0215742126055665
60620.2312 lsst_hardware_g 4.042759473255972 13.600000381469727 31.440000534057617 AB 4.746792865836503 1.0228320055672577
60620.2502 lsst_hardware_r 8.163295023137577 22.209999084472656 31.510000228881836 AB 5.115365479194451 1.0113915237396967
60622.269 lsst_hardware_i 11.064148348856657 29.979999542236328 31.260000228881836 AB 7.873912719920478 1.0139608164214124
60622.2867 lsst_hardware_z 41.03125460171362 40.79999923706055 30.959999084472656 AB 7.966084485126513 1.0281029664607244
60624.2666 lsst_hardware_i 18.757209151567928 29.8799991607666 31.25 AB 1.683102760917854 1.0156508664892596
60624.2831 lsst_hardware_z 5.180718306884984 40.720001220703125 30.950000762939453 AB 1.8244260767746143 1.0302156567359357
60629.2435 lsst_hardware_r -145.8592350735902 95.41000366210938 31.65999984741211 AB 7.640307305937942 1.011425378069458
60629.2614 lsst_hardware_i 59.8045723578734 75.05999755859375 31.34000015258789 AB 5.959471901136702 1.0219449371752134
60631.2616 lsst_hardware_z 12.477718276190043 89.52999877929688 31.739999771118164 AB 4.110097569702256 1.027524392425564
60633.2294 lsst_hardware_r -46.83918228479592 57.93000030517578 31.649999618530273 AB 4.957289484638339 1.0106604453901005
60633.2483 lsst_hardware_g -17.999129186684794 59.869998931884766 31.729999542236328 AB 5.002778615676785 1.0200904553554346
60635.1035 lsst_hardware_r 24.087774480020936 23.209999084472656 31.450000762939453 AB 4.836963258509929 1.265447787174482
60635.1164 lsst_hardware_i -16.461852280310463 31.65999984741211 31.219999313354492 AB 4.638295985775281 1.2030855920219474
60636.1243 lsst_hardware_r 6.6452385918927455 22.690000534057617 31.469999313354492 AB 7.950700165681994 1.1603897056492127
60636.1413 lsst_hardware_z 8.463521867410622 41.79999923706055 30.940000534057617 AB 7.29786915699913 1.1057377510604742
60645.1265 lsst_hardware_g 5.418289557154568 13.529999732971191 31.40999984741211 AB 6.989076686429816 1.0808686269190977
60645.144 lsst_hardware_r 43.384027167913956 22.1299991607666 31.489999771118164 AB 6.767115517323496 1.0466499910793436
60654.1915 lsst_hardware_z -4.870416445772073 63.84000015258789 31.709999084472656 AB 10.307343740630941 1.0205290832307863
60656.1775 lsst_hardware_r -6.431338730209481 62.7599983215332 31.65999984741211 AB 11.260610973794423 1.014652277328765
60656.1967 lsst_hardware_i -15.209381740773168 53.45000076293945 31.329999923706055 AB 11.396882234867034 1.031360945509992
60660.1639 lsst_hardware_r 34.40014684520779 88.73999786376953 31.65999984741211 AB 9.498079997647205 1.0133086768471413
60660.1811 lsst_hardware_z -70.53952907034679 63.130001068115234 30.989999771118164 AB 8.812225416045033 1.0261191110818533
60663.1364 lsst_hardware_z -17.39441747089319 44.90999984741211 30.969999313354492 AB 3.1145376130955786 1.0105573047032008
60663.1596 lsst_hardware_i 34.60497904241753 41.560001373291016 31.309999465942383 AB 3.0873874867073097 1.015337494600776
60665.1386 lsst_hardware_u -2.844381561799105 2.7899999618530273 28.559999465942383 AB 3.537801865147094 1.0101992238373618
60665.1617 lsst_hardware_g 2.076005076842066 13.470000267028809 31.440000534057617 AB 3.598901144147717 1.0207235577823826
60670.116 lsst_hardware_z 180.58877475918626 57.9092236861429 31.700000762939453 AB 5.087877270146344 1.0108030734372393
60670.1362 lsst_hardware_u 6.759787166400314 4.586447445208948 29.209999084472656 AB 4.906330038825676 1.0131289120490785
60672.1173 lsst_hardware_g 81.40987356685473 15.260283398592692 31.420000076293945 AB 7.575795919192877 1.0101061225590502
60672.1371 lsst_hardware_r 233.67323590024253 27.180547907499637 31.5 AB 7.2540270944436 1.016622775279687
60674.0976 lsst_hardware_r 673.1432731937972 33.250134786363965 31.5 AB 7.543046892064893 1.0133056007610013
60674.1204 lsst_hardware_i 489.2500250618825 36.646870686278206 31.25 AB 7.536082830910859 1.0113511146629348
60676.0964 lsst_hardware_z 523.2804975086816 46.2298755547934 30.950000762939453 AB 7.0118219972516025 1.0116551047536304
60676.1181 lsst_hardware_i 786.4177460076177 40.9792616977863 31.25 AB 7.016244296568962 1.012413654781123
60682.0853 lsst_hardware_z 2541.958731901308 78.45042702159571 31.709999084472656 AB 8.864597072920096 1.0104311946107996
60684.0761 lsst_hardware_z 1646.106090520523 62.80031157237878 30.969999313354492 AB 8.681595172038985 1.0112025436978167
60684.0982 lsst_hardware_r 4131.539875622621 82.23239185292636 31.639999389648438 AB 6.6447540040152075 1.0132287288830752
60686.0557 lsst_hardware_y 628.7411887504911 56.54906252381301 30.059999465942383 AB 6.316947754719166 1.0188625410837364
60686.0792 lsst_hardware_i 2989.3877950074425 79.04755004800155 31.329999923706055 AB 6.262653037850125 1.010105328685504
60694.0514 lsst_hardware_z 2237.5264484474314 62.18163693664827 30.959999084472656 AB 3.719065838877917 1.0106157170863852
60694.0718 lsst_hardware_u 25.307327577330696 5.610510104979122 28.479999542236328 AB 3.6950086098281414 1.0136502598801513
60695.0335 lsst_hardware_y 577.9230242919975 73.56432308383349 30.06999969482422 AB 9.07601592008526 1.01714848370338
60695.0544 lsst_hardware_r 4809.540526183024 73.92452972066711 31.5 AB 8.358601192264786 1.0101028631135731
60697.0323 lsst_hardware_y 608.5997199701047 70.42493516658296 30.079999923706055 AB 9.338063227737322 1.014547385539595
60697.0516 lsst_hardware_z 2223.1268525621126 61.54276484061861 30.959999084472656 AB 10.910446062399553 1.0102264872592177
60931.3936 lsst_hardware_z 44.932687342488 46.13999938964844 30.969999313354492 AB 2.031146176723507 1.0131247036612387
60932.3255 lsst_hardware_r 35.11095007492055 34.099998474121094 31.56999969482422 AB 1.8068906129137952 1.1198578326083442
60932.342 lsst_hardware_i -53.14805299611447 36.220001220703125 31.270000457763672 AB 1.5654538822294488 1.076653289015974
60933.3885 lsst_hardware_g -9.55911462635388 21.530000686645508 31.59000015258789 AB 1.2035741213905151 1.0129674187603397
60933.4052 lsst_hardware_y -65.91977670022436 63.290000915527344 30.06999969482422 AB 1.2037099173559205 1.0103181792174794
60935.3893 lsst_hardware_i -0.6298195404488344 30.40999984741211 31.260000228881836 AB 0.7076382108017928 1.0109117297168468
60937.3843 lsst_hardware_z 43.548443131413705 40.56999969482422 30.950000762939453 AB 6.8622281308413555 1.0108111061067964
60937.4042 lsst_hardware_y -49.43613047215042 67.19999694824219 30.06999969482422 AB 6.743772262083019 1.0130347396852166
60944.3724 lsst_hardware_z -8.972484202058428 57.540000915527344 31.700000762939453 AB 4.232028127587988 1.0101310299563322
60946.3197 lsst_hardware_g -4.327287335862236 13.1899995803833 31.399999618530273 AB 3.969718321261048 1.0462228730372611
60946.3374 lsst_hardware_y 22.168917828109297 46.68000030517578 30.049999237060547 AB 4.846681012812977 1.0237484317078684
60949.3575 lsst_hardware_i -27.68781760472162 29.579999923706055 31.25 AB 4.241190124483317 1.0101278480033056
60949.3776 lsst_hardware_y -35.08099909420366 47.310001373291016 30.059999465942383 AB 4.282884139668646 1.016346497311022
60951.3339 lsst_hardware_z 44.14342461202274 43.560001373291016 30.959999084472656 AB 2.9458490436854543 1.0158100150639497
60951.3538 lsst_hardware_i -12.888017086663043 29.510000228881836 31.239999771118164 AB 2.929425041812789 1.010146566142341
60952.2769 lsst_hardware_i 30.218836430021287 47.599998474121094 31.299999237060547 AB 2.995900840360076 1.1026502908943967
60952.2971 lsst_hardware_z 28.356644102484037 48.849998474121094 30.969999313354492 AB 2.810542081744813 1.0568927636532153
60956.3313 lsst_hardware_r -62.038823483821645 88.61000061035156 31.65999984741211 AB 3.5468312491068428 1.0110693412501675
60956.3499 lsst_hardware_i 21.129653396500753 68.2300033569336 31.34000015258789 AB 4.461888150581828 1.0120720135903132
60958.3429 lsst_hardware_z -98.94756306309637 74.93000030517578 31.729999542236328 AB 3.0346857058540904 1.0115619019513635
60962.313 lsst_hardware_i -18.297241446452222 32.13999938964844 31.270000457763672 AB 5.071680842902207 1.0116048355244835
60962.3317 lsst_hardware_z -28.007205408319464 41.63999938964844 30.959999084472656 AB 5.1089722737780825 1.0114773854242474
60964.3139 lsst_hardware_i -0.8690987125043308 29.75 31.260000228881836 AB 7.1258968076205225 1.0102878271673412
60964.3316 lsst_hardware_u -0.7204784028356694 2.799999952316284 28.530000686645508 AB 7.109973570511429 1.0135386415554126
60966.3102 lsst_hardware_g -11.084800649158389 13.140000343322754 31.399999618530273 AB 6.226934003728093 1.0101553026110168
60966.3289 lsst_hardware_r -32.84299508821428 21.739999771118164 31.489999771118164 AB 6.1804815032002995 1.0149684973506765
60971.2447 lsst_hardware_z -39.51205952094305 71.11000061035156 32.13999938964844 AB 3.6177241183352455 1.057865622594477
60971.2585 lsst_hardware_u 2.3161496789658083 2.680000066757202 28.469999313354492 AB 3.773279672113736 1.0359038221314305
60977.2884 lsst_hardware_i -25.143641948454952 29.75 31.260000228881836 AB 2.671894008071812 1.01086853196487
60977.3065 lsst_hardware_u 2.145197167865157 2.640000104904175 28.440000534057617 AB 3.0959250321555345 1.020242225129522
60978.1835 lsst_hardware_g 48.19562426673207 29.15999984741211 31.59000015258789 AB 6.055602798797308 1.1767591913713216
60979.151 lsst_hardware_r -36.35527211553343 40.18000030517578 31.540000915527344 AB 4.9466233983390495 1.3265281304205485
60980.2804 lsst_hardware_z -1.3251202178428703 43.66999816894531 30.959999084472656 AB 5.088588092499154 1.010910818985288
60980.2988 lsst_hardware_g -3.5515289364609677 13.329999923706055 31.40999984741211 AB 5.575460451170278 1.0206481177392503
60994.2484 lsst_hardware_r 37.66470941941076 22.219999313354492 31.5 AB 7.4279683484269245 1.01295081800449
60994.2653 lsst_hardware_g -4.7018413529960155 13.600000381469727 31.420000076293945 AB 4.7959603993453745 1.0249786245907226
60996.2331 lsst_hardware_u 1.9469213325058816 2.569999933242798 28.3700008392334 AB 5.49208263234127 1.0103014055473671
60996.2527 lsst_hardware_r -20.94086899089204 22.209999084472656 31.489999771118164 AB 4.093741799689696 1.0187238521064317
61000.2352 lsst_hardware_r 6.565780259297394 22.110000610351562 31.5 AB 3.338752417451626 1.0144843139143522
61000.2547 lsst_hardware_u -8.756954555128212 2.609999895095825 28.399999618530273 AB 3.3291571038354832 1.0313373927619216
61005.222 lsst_hardware_i -3.988738507279423 29.899999618530273 31.25 AB 5.3307068853832655 1.0147284680297695
61005.2419 lsst_hardware_z 33.89352631674331 40.869998931884766 30.950000762939453 AB 5.461255471989838 1.032373435158719
61007.148 lsst_hardware_r 15.646185183531939 29.100000381469727 31.549999237060547 AB 4.505980044998321 1.0549558197246396
61007.165 lsst_hardware_g -12.738434954682207 23.110000610351562 31.610000610351562 AB 4.423559466767568 1.029932355475693
61010.2158 lsst_hardware_r -0.11150385032351383 51.06999969482422 31.6299991607666 AB 7.83338271126271 1.0197504071940493
61010.2342 lsst_hardware_i 32.809777141263666 44.65999984741211 31.299999237060547 AB 7.907373797879533 1.040352661768261
61012.1936 lsst_hardware_i -60.796497444409624 64.95999908447266 31.34000015258789 AB 6.461404902090941 1.0110399333734648
61012.2111 lsst_hardware_z 14.688446510652332 59.95000076293945 30.989999771118164 AB 6.437583964981594 1.020367834783348
61014.1954 lsst_hardware_r 139.61624161353848 97.02999877929688 31.670000076293945 AB 2.446179940183621 1.013680478009346
61014.2127 lsst_hardware_z -129.21275162250632 67.06999969482422 30.989999771118164 AB 2.7476127009969815 1.027048949069052
61016.1968 lsst_hardware_g -26.10103917449779 70.12999725341797 31.739999771118164 AB 4.132496760659071 1.0177727840059065
61016.2155 lsst_hardware_r 151.0353892297177 67.05000305175781 31.649999618530273 AB 4.368395310533574 1.0370898533296466
61023.1785 lsst_hardware_r -0.500860026624451 22.079999923706055 31.489999771118164 AB 7.739540881930213 1.0183606423592386
61023.1968 lsst_hardware_i 39.55166657867025 30.170000076293945 31.25 AB 7.886178330159277 1.0376550434420102
61027.1255 lsst_hardware_r -13.486851398324948 21.829999923706055 31.489999771118164 AB 2.981755809022821 1.0163632923810213
61027.1447 lsst_hardware_u 1.4147611929567452 2.609999895095825 28.420000076293945 AB 2.9436433447445816 1.0101149595920784
61029.1236 lsst_hardware_g -0.5637963460713225 13.239999771118164 31.399999618530273 AB 3.434640944674591 1.0142904229382328
61029.1435 lsst_hardware_r -2.7400907292108077 21.780000686645508 31.479999542236328 AB 3.0679423665759433 1.010354805393136
61031.1228 lsst_hardware_i -2.1567127522451908 29.690000534057617 31.25 AB 3.9320995153283578 1.0122102750973978
61031.1426 lsst_hardware_z -48.849562128822534 40.34000015258789 30.950000762939453 AB 3.5579659732508264 1.0112646063242519
61032.0396 lsst_hardware_y 77.25262663700383 58.59000015258789 30.020000457763672 AB 6.575370314775405 1.163164746996986
61032.0628 lsst_hardware_r -23.591284283475463 22.170000076293945 31.469999313354492 AB 5.318834134576017 1.0913227257401652
61033.1069 lsst_hardware_r -4.619987507727208 22.020000457763672 31.489999771118164 AB 6.298557290962088 1.0178664012543774
61033.1257 lsst_hardware_g -1.5842301532149081 13.260000228881836 31.420000076293945 AB 6.304012187527559 1.010258363385877
61037.095 lsst_hardware_i -9.322775705167732 35.150001525878906 31.280000686645508 AB 5.403915525735901 1.018581715079729
61037.1155 lsst_hardware_z 35.31900002444345 42.72999954223633 30.959999084472656 AB 5.378619238999563 1.010195812746349
61043.0446 lsst_hardware_y 7.180166693634176 60.52000045776367 30.049999237060547 AB 7.091456327858907 1.0646366983311466
61043.0674 lsst_hardware_z 23.646912304120875 60.86000061035156 30.989999771118164 AB 6.903817458839976 1.029127706563644
61044.0952 lsst_hardware_i 137.97898033391112 64.04000091552734 31.34000015258789 AB 2.323702668119207 1.0103055078779162
61044.1158 lsst_hardware_z 64.02781438234547 59.2599983215332 30.989999771118164 AB 2.3342267057666386 1.0148811764202776
61045.0452 lsst_hardware_y -29.56644455722634 53.689998626708984 30.049999237060547 AB 11.219732930804156 1.0532488083364615
61045.069 lsst_hardware_i -33.42462461063456 45.31999969482422 31.309999465942383 AB 10.829446874412795 1.0219833788904644
61047.0783 lsst_hardware_r -31.111374884243002 21.690000534057617 31.489999771118164 AB 9.982172196964202 1.0125190512959772
61047.1004 lsst_hardware_g 18.516052674124207 13.100000381469727 31.399999618530273 AB 8.886317962300202 1.0117058077418115
61050.0772 lsst_hardware_r 9.911702912393897 21.770000457763672 31.5 AB 9.185711287567718 1.0105292945619053
61050.0988 lsst_hardware_i -57.82620662781749 29.719999313354492 31.260000228881836 AB 8.614136122492852 1.0145417857835488
61055.0516 lsst_hardware_y -18.339594697486564 47.369998931884766 30.059999465942383 AB 6.067160845438905 1.0148299482209424
61055.0715 lsst_hardware_z 79.0997083046619 40.33000183105469 30.950000762939453 AB 6.006137254816549 1.0102413279200284
61057.0532 lsst_hardware_y -16.148065129810607 47.15999984741211 30.059999465942383 AB 2.78932084394721 1.0117231933069386
61057.0748 lsst_hardware_u -1.050407516858952 2.630000114440918 28.440000534057617 AB 2.770163300543332 1.012301589820337
61059.0513 lsst_hardware_y -6.584586971149018 47.349998474121094 30.049999237060547 AB 3.6701254332764144 1.0107753878480898
61059.0714 lsst_hardware_r -33.52153266255127 21.530000686645508 31.479999542236328 AB 3.7324455342015574 1.0131502535834847
61063.032 lsst_hardware_y 7.713626921283442 81.9000015258789 30.079999923706055 AB 8.400570186742907 1.0136638468437262
61063.0516 lsst_hardware_g -7.522729460665173 14.25 31.43000030517578 AB 7.304777289027852 1.0104824026874881
61065.0312 lsst_hardware_y 33.953163667051065 80.2300033569336 30.079999923706055 AB 6.776772590033416 1.0117732016224075
61065.0516 lsst_hardware_i 36.72729558750495 31.979999542236328 31.260000228881836 AB 6.902457399358855 1.011818533535783
61067.0311 lsst_hardware_y 213.2873471563187 75.55999755859375 30.079999923706055 AB 11.026400367998317 1.0104761878344328
61067.0494 lsst_hardware_i -85.74510525859472 39.689998626708984 31.290000915527344 AB 11.549118747619083 1.0130805918964108
61069.0301 lsst_hardware_y -44.7047226908132 71.54000091552734 30.079999923706055 AB 12.86373348026284 1.010108636063042
61069.0491 lsst_hardware_z 69.42829397903948 51.15999984741211 30.969999313354492 AB 12.830827828662047 1.0157936213117154
