data/validation/pwv_sim_epoch_fit_epoch/21392755.ecsv
# %ECSV 0.9
# ---
# datatype:
# - {name: time, datatype: float64}
# - {name: band, datatype: string}
# - {name: flux, datatype: float64}
# - {name: fluxerr, datatype: float64}
# - {name: zp, datatype: float64}
# - {name: zpsys, datatype: string}
# - {name: pwv, datatype: float64}
# - {name: airmass, datatype: float64}
# meta: {SNID: '21392755', alt: 1024.0, c: 0.0012442282168194652, dec: -20.902014, lat: -30.244573, lon: -70.7499537, ra: 176.484375,
#   t0: 62937.71875, x0: 9.998619306314539e-06, x1: 0.8105481863021851, z: 0.46018195152282715}
# schema: astropy-2.0
time band flux fluxerr zp zpsys pwv airmass
62882.3592 lsst_hardware_g 61.75941999724429 42.810001373291016 31.709999084472656 AB 4.561789326370177 1.0138811660327849
62884.3628 lsst_hardware_i 20.7894670976462 35.58000183105469 31.290000915527344 AB 6.760370709091898 1.0129793158407039
62886.3268 lsst_hardware_u -3.762261974224938 2.809999942779541 28.510000228881836 AB 11.122141070503568 1.0269356584160636
62886.347 lsst_hardware_z -56.12902536023217 41.119998931884766 30.950000762939453 AB 9.949550390817041 1.014225320164836
62888.3514 lsst_hardware_r -24.979634071171155 23.079999923706055 31.510000228881836 AB 9.069355123058953 1.0129585022031593
62888.3709 lsst_hardware_y -52.830861007531915 61.2599983215332 30.06999969482422 AB 9.12039159285944 1.0198928255923347
62892.3263 lsst_hardware_i 47.79312452661458 30.549999237060547 31.25 AB 12.3540214856409 1.0157886437790578
62892.347 lsst_hardware_u 0.3701076468590202 2.7799999713897705 28.489999771118164 AB 14.170596126634782 1.013875229666214
62894.3321 lsst_hardware_r 14.05523301151281 23.190000534057617 31.510000228881836 AB 11.852091928518574 1.0129993101297927
62894.3508 lsst_hardware_z 29.768162396064998 40.95000076293945 30.950000762939453 AB 12.011232480370147 1.017592043125617
62896.3319 lsst_hardware_r 25.93371045347976 22.850000381469727 31.510000228881836 AB 11.328770462389596 1.0131256002852438
62896.3502 lsst_hardware_u -0.8149591395321227 2.700000047683716 28.450000762939453 AB 11.575907754030867 1.0206906429212712
62898.316 lsst_hardware_g 28.37289150477893 14.390000343322754 31.450000762939453 AB 9.96933548178457 1.013761997334205
62898.3346 lsst_hardware_r -32.10013031089948 23.030000686645508 31.510000228881836 AB 11.932095345467033 1.0151231045685591
62907.3053 lsst_hardware_r -65.40007352587502 103.19000244140625 31.670000076293945 AB 2.993613743101934 1.0136961712631503
62907.3242 lsst_hardware_i -28.286832548102538 84.25 31.34000015258789 AB 3.022119937113373 1.023868979259189
62909.2936 lsst_hardware_r 97.1739269083116 77.36990287352543 31.65999984741211 AB 6.089894638679238 1.012942486161908
62909.3107 lsst_hardware_z 143.10058287534102 61.617354357039545 30.989999771118164 AB 6.179715685439792 1.0180750717363851
62911.3007 lsst_hardware_g -17.88208907721704 39.47142836389013 31.700000762939453 AB 2.6477666092802026 1.0157672414118828
62911.3175 lsst_hardware_i 92.39137451140773 41.34374536243804 31.299999237060547 AB 2.57224005436012 1.0277997020618486
62913.2251 lsst_hardware_r 90.40961227643291 26.577787212541192 31.510000228881836 AB 4.233979133792295 1.0686469292761978
62913.2415 lsst_hardware_z 65.0120028549063 42.353999469973346 30.950000762939453 AB 4.122137018187741 1.0406152144367917
62918.2851 lsst_hardware_g 275.35416112702154 21.393251704689803 31.469999313354492 AB 5.277382774882728 1.017490252226747
62918.3018 lsst_hardware_r 817.1721108347757 36.69101279800076 31.520000457763672 AB 6.688414849207681 1.0314332479662298
62924.259 lsst_hardware_g 885.6599559898585 32.55618624335495 31.450000762939453 AB 6.054942163301961 1.0137187616443932
62924.276 lsst_hardware_i 1479.7609498374989 48.62899234276817 31.260000228881836 AB 6.080481724681538 1.0223879146981623
62931.2446 lsst_hardware_z 1839.9896793153482 68.1404882974221 30.979999542236328 AB 7.969298305315366 1.0151541300134352
62931.2631 lsst_hardware_r 3895.885512327178 90.27907954054423 31.649999618530273 AB 7.992977124547889 1.0280025882830635
62933.2266 lsst_hardware_i 2485.0588358771115 103.91507436105977 31.350000381469727 AB 10.932569179763219 1.0129470957360487
62933.2452 lsst_hardware_z 1858.6664948678836 86.71915499804116 31.0 AB 10.987267882749327 1.0180859008763492
62936.2271 lsst_hardware_r 4281.689407742819 137.78525471212964 31.670000076293945 AB 8.68046773329234 1.0139252718110487
62936.2458 lsst_hardware_z 2056.1917273145154 94.78288265535406 31.0 AB 8.733786576934035 1.0245411693944964
62938.2286 lsst_hardware_z 2050.1187169800505 71.09395570483669 30.979999542236328 AB 13.949168088647571 1.0165056419049743
62938.247 lsst_hardware_i 2753.2700493086413 77.7343009260519 31.329999923706055 AB 14.5125838457609 1.031211547543469
62940.2281 lsst_hardware_z 1945.6796776936483 62.59033865009746 30.959999084472656 AB 9.332481382038395 1.0193306080539999
62940.2472 lsst_hardware_r 3825.4272698571594 73.2897576261359 31.600000381469727 AB 9.630680883939279 1.0381244889446068
62942.2074 lsst_hardware_r 3530.3641953430474 63.749551422917015 31.530000686645508 AB 8.691555635869078 1.0132576955177972
62942.2257 lsst_hardware_u 9.520593071885893 3.507438699216022 28.56999969482422 AB 8.437490678631292 1.0214879756212218
62945.2041 lsst_hardware_g 883.1103656004553 33.547915311708906 31.489999771118164 AB 5.33472353236753 1.014366699230105
62945.2232 lsst_hardware_r 3080.3961959689373 61.294152587625476 31.530000686645508 AB 5.072238457122051 1.0263533907571936
62947.2034 lsst_hardware_i 2335.627942819434 56.94515882328084 31.270000457763672 AB 4.890914391835019 1.0162059164058561
62947.2223 lsst_hardware_z 1825.8192319379045 58.747289747579046 30.959999084472656 AB 5.981055579027701 1.0310683371402214
62949.204 lsst_hardware_r 2676.8248008506166 57.49102500286303 31.530000686645508 AB 6.070694583738091 1.0196421723683413
62949.2231 lsst_hardware_u 0.09509249921646229 3.148625815109923 28.530000686645508 AB 6.177989213545785 1.0387539661279257
62951.141 lsst_hardware_g 535.9424779737841 28.163522859565013 31.459999084472656 AB 8.128738092815503 1.036278095333964
62951.1586 lsst_hardware_i 2124.0580926246384 54.56347864942976 31.260000228881836 AB 8.044189724133238 1.0193809249653865
62953.1891 lsst_hardware_z 1468.2052928337282 55.379550746477015 30.959999084472656 AB 7.251613664438706 1.0172468434169926
62953.2067 lsst_hardware_r 2229.631594704479 52.90561610667542 31.520000457763672 AB 7.432106892622246 1.0319504155265546
62955.1864 lsst_hardware_y 379.6373036849857 50.68939075848936 30.059999465942383 AB 6.900343205331478 1.0188517381629312
62955.2032 lsst_hardware_g 458.6635319507443 25.299441936263193 31.469999313354492 AB 7.018141508762149 1.034259690832958
62957.1822 lsst_hardware_r 1829.6207841884382 53.415967932051394 31.59000015258789 AB 5.582183373360387 1.0196699923938966
62957.2007 lsst_hardware_i 1693.1402981951803 53.49447630224688 31.280000686645508 AB 5.584500371710519 1.0380112215075763
62959.1656 lsst_hardware_z 1029.3186741767645 60.682161530788434 30.969999313354492 AB 6.31669401357977 1.0142818856858173
62959.1846 lsst_hardware_r 1692.965827994349 70.5902287852346 31.639999389648438 AB 6.472672113832306 1.0259968478018027
62961.1652 lsst_hardware_z 1112.8354645121176 75.35562563016339 30.989999771118164 AB 7.1323134921829245 1.016216213177029
62961.1838 lsst_hardware_r 1518.1786070808573 103.14834308377364 31.65999984741211 AB 7.617331072677344 1.0307619854773131
62963.1671 lsst_hardware_i 1364.3227297171297 125.82464337748051 31.350000381469727 AB 10.390039195154511 1.0205573454956411
62963.186 lsst_hardware_z 1137.553828839781 105.00196899657477 31.0 AB 10.597915255324656 1.0402861600318918
62967.1528 lsst_hardware_g 189.04293331030715 62.24696443423425 31.729999542236328 AB 3.083442851797061 1.0183380823328674
62967.1702 lsst_hardware_r 936.8642474148412 66.92117402994226 31.649999618530273 AB 3.4039298114816954 1.033974376351863
62969.1525 lsst_hardware_i 1114.7218465322553 48.964272396668385 31.290000915527344 AB 8.588932798218538 1.0218837356595523
62969.1693 lsst_hardware_z 944.4026297432575 53.05266903488818 30.959999084472656 AB 10.250303092901547 1.039848145361557
62971.152 lsst_hardware_r 596.8020938546457 34.640983379659666 31.510000228881836 AB 10.828634831980958 1.0261515097587615
62971.1705 lsst_hardware_g 124.33213390741285 17.950953863955807 31.440000534057617 AB 10.393223579686929 1.0498205636047402
62974.1306 lsst_hardware_u -2.5479747213064963 3.2058193564508555 28.59000015258789 AB 11.98998588314429 1.0166461561129665
62974.1482 lsst_hardware_r 529.0452348003568 33.19888627081546 31.520000457763672 AB 12.116271657586168 1.0306457687637094
62976.1312 lsst_hardware_i 1714.451487198104 59.530466627977795 32.0099983215332 AB 6.504648984993324 1.0202704113446166
62976.1493 lsst_hardware_z 844.029872007494 49.83602340875062 30.959999084472656 AB 6.6713083228762455 1.038645768186553
62978.1276 lsst_hardware_r 435.74424773890473 31.464964173700558 31.520000457763672 AB 10.362418538573376 1.0216325089789389
62978.1447 lsst_hardware_u 4.131300570290319 2.8567389171685162 28.510000228881836 AB 10.597245466970849 1.039812144136864
62982.05 lsst_hardware_g 43.952761764398886 16.810765532699563 31.43000030517578 AB 11.496208223692202 1.0451098385174729
62985.1098 lsst_hardware_i 1232.101998268057 57.854282777744416 32.02000045776367 AB 9.020072926942365 1.0226646805928494
62985.1274 lsst_hardware_z 1274.3009576367408 68.91822433928415 31.709999084472656 AB 8.543954757832504 1.0423588321996529
62992.0916 lsst_hardware_z 444.7468273382494 84.90434946342626 31.0 AB 3.6237517571223523 1.0234177708982872
62992.1108 lsst_hardware_r 146.34034797049318 124.5722803034347 31.65999984741211 AB 3.683557785686995 1.0460937978522586
62994.0982 lsst_hardware_r 272.80285293532853 92.11002284958711 31.65999984741211 AB 10.717444984092918 1.0361025700012487
62994.1191 lsst_hardware_z 620.6115849412906 67.1133909724638 30.989999771118164 AB 11.105568943217921 1.0709323956815737
63000.028 lsst_hardware_i 309.9126928629366 35.89617271700861 31.260000228881836 AB 5.996798594242239 1.0174556128622199
63000.047 lsst_hardware_z 376.29611605781326 45.01974960049216 30.950000762939453 AB 6.436076611235876 1.0130236009290465
63001.0259 lsst_hardware_r 250.0342866817246 27.402675496460542 31.510000228881836 AB 5.979035310526309 1.0171166233299265
63001.0448 lsst_hardware_g 57.88282753776364 15.605948272143559 31.440000534057617 AB 6.5849575501611035 1.0130703923324775
63003.9876 lsst_hardware_i 672.7773253011809 50.47394591198442 32.0099983215332 AB 7.798326912287356 1.0487260506034637
63004.0035 lsst_hardware_z 714.2396970642237 63.41543135632811 31.700000762939453 AB 7.45923781732537 1.0280332354186796
63008.0104 lsst_hardware_r 186.70597269783673 26.84058775817517 31.5 AB 4.65659256263967 1.0154299609608584
63008.0295 lsst_hardware_u 2.064157047349012 2.816910162313354 28.440000534057617 AB 4.678128855910005 1.0136790587020028
63015.9951 lsst_hardware_r -20.853530807382906 47.11000061035156 31.639999389648438 AB 9.6118261962982 1.013478089023462
63016.0161 lsst_hardware_g 11.913185627797684 42.88999938964844 31.709999084472656 AB 9.669074390227276 1.016735974576778
63017.9912 lsst_hardware_r -3.5338288763494035 77.97000122070312 31.65999984741211 AB 6.951879759559647 1.0132212344197509
63018.0098 lsst_hardware_i -90.51044493908724 68.93000030517578 31.34000015258789 AB 6.911019888595094 1.0163264542051609
63022.9668 lsst_hardware_y 68.7412364586779 51.45000076293945 30.059999465942383 AB 4.37146615757699 1.0166200366458118
63022.9865 lsst_hardware_z -62.827682337612345 56.290000915527344 30.979999542236328 AB 4.357163836817822 1.0132939155390284
