data/validation/pwv_sim_epoch_fit_epoch/21414142.ecsv
# %ECSV 0.9
# ---
# datatype:
# - {name: time, datatype: float64}
# - {name: band, datatype: string}
# - {name: flux, datatype: float64}
# - {name: fluxerr, datatype: float64}
# - {name: zp, datatype: float64}
# - {name: zpsys, datatype: string}
# - {name: pwv, datatype: float64}
# - {name: airmass, datatype: float64}
# meta: {SNID: '21414142', alt: 1024.0, c: -0.019801242277026176, dec: -20.423615, lat: -30.244573, lon: -70.7499537, ra: 80.683594, t0: 62841.9921875,
#   x0: 3.756352539949004e-06, x1: -1.2118943929672241, z: 0.6897803544998169}
# schema: astropy-2.0
time band flux fluxerr zp zpsys pwv airmass
62775.3724 lsst_hardware_g 21.33221470480777 13.579999923706055 31.43000030517578 AB 4.282898413599312 1.0222731171196513
62775.3917 lsst_hardware_y -126.9453632144416 65.76000213623047 30.079999923706055 AB 4.310752175504337 1.015011107959432
62777.3638 lsst_hardware_i 39.87028826326296 29.920000076293945 31.260000228881836 AB 2.971471748269364 1.0246454304377117
62777.3818 lsst_hardware_y -3.1071052509118213 48.63999938964844 30.059999465942383 AB 2.6565032703250435 1.0155799561597776
62779.3544 lsst_hardware_g -12.982509173514943 13.180000305175781 31.40999984741211 AB 7.813605006354338 1.0281059218887287
62779.3729 lsst_hardware_y -81.90086120865287 46.970001220703125 30.059999465942383 AB 7.725177318522803 1.016470699805632
62784.3744 lsst_hardware_z -28.224768765174726 51.86000061035156 30.979999542236328 AB 3.04646753386134 1.01548917795378
62786.3513 lsst_hardware_r -32.932369618944065 82.30000305175781 31.65999984741211 AB 5.616510315514001 1.0173608831386307
62786.3704 lsst_hardware_y 70.66971713450718 53.939998626708984 30.06999969482422 AB 5.619724287663442 1.0157964007344897
62790.3502 lsst_hardware_z -97.38665351641126 52.619998931884766 30.979999542236328 AB 7.418201262304132 1.0150448140531771
62790.3682 lsst_hardware_y -16.698974282750967 52.290000915527344 30.059999465942383 AB 7.453451869757931 1.0191128758613603
62795.3251 lsst_hardware_i 22.52840665731117 31.049999237060547 31.260000228881836 AB 2.3598515934920163 1.0180550446471168
62795.3432 lsst_hardware_r 19.1010047502176 24.850000381469727 31.530000686645508 AB 2.5521078020885604 1.0152928532377665
62797.2687 lsst_hardware_u -2.747837595574026 2.5899999141693115 28.3700008392334 AB 3.9144500950249896 1.0879768648592907
62797.2852 lsst_hardware_g 1.536493601527704 13.170000076293945 31.399999618530273 AB 3.854385808389555 1.0544313165549117
62800.3269 lsst_hardware_z 8.799424882071602 40.56999969482422 30.959999084472656 AB 1.3425299518172211 1.01501760470052
62800.3446 lsst_hardware_r 9.070747498881989 21.93000030517578 31.5 AB 2.438251796928795 1.0212929443660956
62802.3284 lsst_hardware_u -0.06049840341092167 2.759999990463257 28.549999237060547 AB 2.9602116794388227 1.0162363082038586
62802.3456 lsst_hardware_g 5.399733344073922 13.390000343322754 31.440000534057617 AB 3.41398726060748 1.0262229685450248
62808.3019 lsst_hardware_i -12.55653794517999 29.741920739087114 31.260000228881836 AB 4.871965763407369 1.0149928673765352
62808.3205 lsst_hardware_r 2.379743507070544 21.866311260477453 31.5 AB 4.895545084608696 1.019905225960145
62816.1719 lsst_hardware_z -75.54057151974413 72.74432426917917 30.969999313354492 AB 0.894952275431288 1.2499333455744246
62816.1987 lsst_hardware_r -248.7196301161908 144.12743254176144 32.38999938964844 AB 0.8626924035887307 1.139243847591122
62818.2764 lsst_hardware_i -146.86824095234402 63.142214901048526 31.329999923706055 AB 4.574103934937339 1.0149638908884628
62818.2952 lsst_hardware_z -23.372334141782083 59.74249168445387 30.979999542236328 AB 4.108744648097594 1.02112324277037
62820.2419 lsst_hardware_i 175.51667889135533 50.495317535342316 31.309999465942383 AB 7.755947560306553 1.0286402599874371
62820.2598 lsst_hardware_z 79.4354084124524 51.348575645480175 30.969999313354492 AB 4.719397440300686 1.0168558423459813
62821.2791 lsst_hardware_z 178.95365360343342 68.13188009818845 31.709999084472656 AB 6.033515280207019 1.0170917302328544
62830.2479 lsst_hardware_g 210.2151012741709 19.4602493136645 31.40999984741211 AB 6.312447944450109 1.0153255144814266
62830.2677 lsst_hardware_r 804.1103665263321 35.640634820007904 31.5 AB 6.7063702407505845 1.024981760033123
62834.2104 lsst_hardware_i 1016.1255423683056 43.681599241766015 31.25 AB 5.111554228050634 1.0229246003703492
62834.2288 lsst_hardware_u -0.16214500934345563 2.938805718805073 28.469999313354492 AB 5.118419835133561 1.0151566511568684
62837.2285 lsst_hardware_z 731.050284672428 48.68009679502261 30.950000762939453 AB 6.396267815386265 1.0152806056168675
62837.2475 lsst_hardware_g 198.17206578694643 19.711301785270418 31.40999984741211 AB 6.451854954576141 1.0241039610438318
62839.23 lsst_hardware_r 1242.868903510681 48.14040545959352 31.59000015258789 AB 4.474244355521581 1.0171048773633964
62839.248 lsst_hardware_i 1277.8261105810807 48.3373745317437 31.270000457763672 AB 4.511651625245394 1.029411128913443
62841.2251 lsst_hardware_z 1672.3299418534266 82.89011277991622 31.729999542236328 AB 5.4467400604194545 1.0173216399738085
62843.1729 lsst_hardware_z 937.0963739207273 71.38330917374171 30.989999771118164 AB 4.608729840478857 1.035320642587635
62843.1912 lsst_hardware_r 1200.4481650483938 98.47720518348575 31.65999984741211 AB 4.54508141335232 1.0194765689120178
62850.1964 lsst_hardware_z 751.3745951694463 54.33654888671479 30.959999084472656 AB 8.104641295114424 1.015966175696088
62850.2138 lsst_hardware_i 1120.9543320193181 54.786040199337094 31.299999237060547 AB 8.271655448183369 1.025568308194357
62852.1701 lsst_hardware_u -0.509540372735531 3.334290068040253 28.6299991607666 AB 8.654417234468921 1.0177676089144785
62852.1895 lsst_hardware_g 11.293775657475637 23.685178822268504 31.600000381469727 AB 8.614210976613782 1.0156271538550343
62854.1703 lsst_hardware_r 565.3333319242462 33.21467809912224 31.510000228881836 AB 5.173391386786652 1.0158511690247387
62854.1905 lsst_hardware_i 936.3312427134645 42.06374366044815 31.260000228881836 AB 5.344215399465816 1.0176873301002904
62856.1693 lsst_hardware_z 711.1693511602202 47.97342907350925 30.959999084472656 AB 4.8988342948008405 1.0150920627434727
62856.1884 lsst_hardware_u 4.05386792107135 2.7197528423107045 28.479999542236328 AB 4.966764299033198 1.0193113214598162
62859.1561 lsst_hardware_g 96.97363281942597 21.471674805078276 32.18000030517578 AB 6.306495985565885 1.0159887205390286
62859.1761 lsst_hardware_r 883.4094516869435 42.262309416663065 32.2400016784668 AB 6.526044377757032 1.0173761939991475
62862.1353 lsst_hardware_r 259.3250301456744 28.462311723167325 31.5 AB 4.925080659557353 1.0219599853831345
62862.1564 lsst_hardware_i 573.1092894942002 37.74143173904825 31.25 AB 4.891077837945648 1.0149570114018776
62864.1332 lsst_hardware_z 517.4947285656682 46.27180373380609 30.959999084472656 AB 7.268085928003994 1.019843675585145
62864.1523 lsst_hardware_i 445.0701672396034 36.88683645428251 31.260000228881836 AB 7.204058306913578 1.0150134986844737
62871.1297 lsst_hardware_z 716.71159071245 83.21743461395195 31.729999542236328 AB 11.48003409857484 1.0149890896578264
62875.0921 lsst_hardware_r 133.29297622140734 95.02558436937589 31.65999984741211 AB 6.745730812120053 1.0282734365489217
62875.113 lsst_hardware_i 241.96501295756062 77.12761936734242 31.34000015258789 AB 6.683955356316267 1.0158372820116672
62880.0884 lsst_hardware_z 194.20981070612768 43.043912186038646 30.950000762939453 AB 7.013545418952343 1.0204984119146876
62880.1084 lsst_hardware_i 159.44379039557785 33.309306087068514 31.25 AB 6.973033342498761 1.0149975753273306
62882.0904 lsst_hardware_u 0.16900428810437443 2.761779635655957 28.440000534057617 AB 3.810776635353831 1.0168850261117628
62882.1097 lsst_hardware_g 24.763667557254017 13.754310071617244 31.40999984741211 AB 3.7714116054502074 1.016142154236882
62884.0715 lsst_hardware_r 40.3544999686551 23.469241165547615 31.510000228881836 AB 3.996549605556314 1.0247563091170035
62884.0916 lsst_hardware_i 64.29052508765153 32.030943052821996 31.260000228881836 AB 3.984279001587297 1.0152322592909457
62886.0694 lsst_hardware_z 210.30565767190376 42.320841364830535 30.950000762939453 AB 8.453682457794951 1.0222106962267212
62886.089 lsst_hardware_u 2.86370238342203 3.1425177904362793 28.5 AB 7.763792465048266 1.0149743393206192
62888.0746 lsst_hardware_g 52.43553555772393 14.583445399680008 31.389999389648438 AB 10.980146627701581 1.0166802433057018
62888.0948 lsst_hardware_r 32.584341918944 22.967955635658026 31.479999542236328 AB 11.390104994604792 1.016595462515864
62890.0707 lsst_hardware_i 96.23964313741739 31.382108611999616 31.25 AB 13.165766007010692 1.0161906458019985
62890.0917 lsst_hardware_z 161.45929821528634 42.00177597917328 30.950000762939453 AB 13.202182794275084 1.017470062369472
62892.0489 lsst_hardware_y 123.97664184624126 48.531098594995555 30.059999465942383 AB 12.258088506272252 1.0253810372188454
62892.0694 lsst_hardware_i 127.85652669669864 31.283242831247225 31.260000228881836 AB 12.094040205113485 1.015282085721414
62896.0459 lsst_hardware_y 3.243135531000395 49.197474506571744 30.059999465942383 AB 11.456115373985256 1.019794402936264
62896.0652 lsst_hardware_i 149.25132972599354 35.294985889741376 31.280000686645508 AB 11.26857538999788 1.0150269453012255
62898.0503 lsst_hardware_z 300.8758457173618 69.41364904268883 31.719999313354492 AB 8.25471725988739 1.0158089229210756
62911.0199 lsst_hardware_y -129.5895494686241 74.48524779741672 30.079999923706055 AB 2.5712953792356235 1.0150184068826937
62911.038 lsst_hardware_u -2.563717055555351 2.973039760910819 28.479999542236328 AB 2.5685973822824266 1.019183566028127
63142.3394 lsst_hardware_z -17.017483111763138 80.44999694824219 31.729999542236328 AB 3.063291172771528 1.0563073009556994
63146.3833 lsst_hardware_i 34.524295499425826 47.130001068115234 31.309999465942383 AB 3.955429813158801 1.0154929881240369
63148.3698 lsst_hardware_i -11.591235418917934 33.709999084472656 31.270000457763672 AB 2.9013830827319587 1.015061136815772
63152.353 lsst_hardware_i 25.428688586080636 29.600000381469727 31.25 AB 5.576194373213141 1.0161012615567804
63152.3705 lsst_hardware_y 45.56515438806366 48.529998779296875 30.049999237060547 AB 5.577018819057945 1.0163749632277255
63154.3481 lsst_hardware_u 3.501792758839493 2.5799999237060547 28.399999618530273 AB 5.94586166159726 1.0159524411101324
63154.3668 lsst_hardware_z -18.981273991133513 41.08000183105469 30.950000762939453 AB 5.970093381790557 1.0169650594992856
63156.3509 lsst_hardware_r -4.730873484171892 21.770000457763672 31.489999771118164 AB 4.951446350026655 1.0149699561045864
63156.369 lsst_hardware_y 37.547496660963475 49.0 30.049999237060547 AB 4.984040743378296 1.0207446097748585
63160.326 lsst_hardware_i 14.904710329333515 29.59000015258789 31.25 AB 2.353356466540667 1.0179611274777598
63160.3439 lsst_hardware_u -2.4196278479454945 2.569999933242798 28.389999389648438 AB 2.5656486537358676 1.0152942832354046
63162.3278 lsst_hardware_g 6.489650128706256 13.199999809265137 31.40999984741211 AB 3.2262960437437997 1.01559645667547
63162.3462 lsst_hardware_r -23.372259067893904 21.899999618530273 31.5 AB 3.3374654596109945 1.0174424082343996
63164.32 lsst_hardware_i 37.44843176529287 29.700000762939453 31.260000228881836 AB 3.8600770432429043 1.0161662977999923
63164.3386 lsst_hardware_r 11.83873944587886 21.719999313354492 31.489999771118164 AB 3.7573669225539907 1.0166494491690048
63167.3065 lsst_hardware_z 47.005505245904956 52.11000061035156 30.979999542236328 AB 2.938597301184422 1.018136786898024
63167.324 lsst_hardware_g -42.475872117499925 52.34000015258789 31.719999313354492 AB 2.9317757986349515 1.0151871182692085
63169.321 lsst_hardware_r 16.23723152374327 89.01000213623047 31.65999984741211 AB 4.535101308300518 1.0155864535440227
63169.3374 lsst_hardware_i -36.25711118816328 68.52999877929688 31.329999923706055 AB 4.959178429653467 1.0234254171397401
63171.3041 lsst_hardware_i 9.496299327123996 71.0199966430664 31.34000015258789 AB 5.551690552206176 1.015429316950359
63171.3233 lsst_hardware_z -29.621412003808363 62.68000030517578 30.989999771118164 AB 5.58260877661835 1.0181668387047875
63180.2973 lsst_hardware_i -4.492298727372197 29.889999389648438 31.25 AB 10.54136700673034 1.0175392071878444
63180.316 lsst_hardware_u 0.5330660248993332 2.7100000381469727 28.43000030517578 AB 10.701938665712461 1.0312471010547453
63182.2805 lsst_hardware_u -1.9914443549277028 2.5399999618530273 28.360000610351562 AB 4.16142681866455 1.0149821508937928
63182.2983 lsst_hardware_g 30.136082750285176 13.1899995803833 31.389999389648438 AB 3.7730604196778126 1.0209187362992118
63185.2755 lsst_hardware_r 18.32989617919683 21.8799991607666 31.489999771118164 AB 4.616681944217523 1.0152689964742476
63185.2931 lsst_hardware_i 27.459092275629654 29.790000915527344 31.25 AB 5.4152219157378045 1.0229623919912734
63188.2713 lsst_hardware_i -72.64875143807313 29.850000381469727 31.25 AB 4.064413311987987 1.0161033279969967
63188.2909 lsst_hardware_z -18.642538426688372 40.75 30.950000762939453 AB 4.111940223093276 1.027985055773319
63192.2689 lsst_hardware_r -32.614521809171634 22.06999969482422 31.5 AB 3.2955561095943664 1.0196646378695442
63192.2886 lsst_hardware_i 15.644489783765462 30.0 31.25 AB 2.9394093332180242 1.037438588194597
63194.2522 lsst_hardware_z 18.343081467327558 44.279998779296875 30.959999084472656 AB 8.761019481768326 1.0154760338184092
63194.2721 lsst_hardware_i -7.976642328111146 33.52000045776367 31.270000457763672 AB 8.975201325476071 1.025805681385548
63196.2594 lsst_hardware_z 63.91908984064771 74.77999877929688 31.729999542236328 AB 5.430397072100108 1.0204955660423656
63198.1041 lsst_hardware_r -138.80477447743996 157.52000427246094 32.31999969482422 AB 5.30432082305564 1.3839765584594643
63200.2661 lsst_hardware_z -67.84992381480566 99.3499984741211 31.75 AB 6.224128912771857 1.0366205459086777
63203.2283 lsst_hardware_r -66.08304381253234 61.349998474121094 31.649999618530273 AB 6.406781832204047 1.0156061028592873
63203.2459 lsst_hardware_z 51.67826719156003 52.5 30.979999542236328 AB 6.4556198764406645 1.0244526724818732
63205.2322 lsst_hardware_r -74.83215330405237 41.279998779296875 31.6200008392334 AB 2.7426634799621232 1.019009281055845
63205.2504 lsst_hardware_i -55.79288296524809 40.220001220703125 31.299999237060547 AB 3.2923107216920444 1.0341795890347578
63209.2179 lsst_hardware_u -3.3016414499435567 2.640000104904175 28.43000030517578 AB 5.580837873212652 1.017441804845461
63209.2374 lsst_hardware_g 13.12142183330196 13.470000267028809 31.40999984741211 AB 5.598431105839653 1.0318579149719054
63212.1748 lsst_hardware_r 27.07510436040418 22.229999542236328 31.489999771118164 AB 12.99867224923484 1.0235174999397512
63212.1937 lsst_hardware_i -9.59140437341691 29.989999771118164 31.25 AB 12.892910060706384 1.015189768559558
63217.1588 lsst_hardware_r -15.508305415579315 22.110000610351562 31.489999771118164 AB 9.628484465531937 1.0253977066594182
63217.1772 lsst_hardware_g -1.5193972007291134 13.550000190734863 31.43000030517578 AB 8.722139645808324 1.0156785613750596
63219.1595 lsst_hardware_r -2.5739698080721456 22.299999237060547 31.5 AB 3.624072583818339 1.0208655165689924
63219.1785 lsst_hardware_i -3.1535682068457556 29.989999771118164 31.25 AB 5.288586125724729 1.0149538368202524
63221.1476 lsst_hardware_z 46.31624966394504 41.9900016784668 30.959999084472656 AB 4.262529491487599 1.0256326976630412
63221.1655 lsst_hardware_i 40.50903922594303 32.40999984741211 31.270000457763672 AB 4.1835594482719936 1.0158585438649133
63225.1533 lsst_hardware_r -122.9961956949131 68.66000366210938 31.65999984741211 AB 6.4896954447565705 1.0161981514591905
63225.1742 lsst_hardware_i -25.392397631070942 55.75 31.329999923706055 AB 6.899040700968297 1.0174325723437474
63227.1691 lsst_hardware_z -19.544688705947415 95.30999755859375 31.739999771118164 AB 5.611959144756476 1.0175809872631487
