data/validation/pwv_sim_epoch_fit_epoch/21475318.ecsv
# %ECSV 0.9
# ---
# datatype:
# - {name: time, datatype: float64}
# - {name: band, datatype: string}
# - {name: flux, datatype: float64}
# - {name: fluxerr, datatype: float64}
# - {name: zp, datatype: float64}
# - {name: zpsys, datatype: string}
# - {name: pwv, datatype: float64}
# - {name: airmass, datatype: float64}
# meta: {SNID: '21475318', alt: 1024.0, c: 0.008105778135359287, dec: -41.810314, lat: -30.244573, lon: -70.7499537, ra: 140.800781, t0: 60777.8046875,
#   x0: 5.8036935664838114e-06, x1: 0.22701755166053772, z: 0.5769680738449097}
# schema: astropy-2.0
time band flux fluxerr zp zpsys pwv airmass
[from data line 133]
61062.2774 lsst_hardware_g -2.05047208348494 12.789999961853027 31.389999389648438 AB 10.090594209356103 1.0307831763777717
61064.2498 lsst_hardware_g 17.083464123416377 12.800000190734863 31.3799991607666 AB 10.159122780328474 1.0214279891743892
61064.2625 lsst_hardware_r -16.69192958687351 21.3799991607666 31.469999313354492 AB 9.739145662594595 1.0251732276415364
61066.2518 lsst_hardware_i -31.04570928358355 29.360000610351562 31.229999542236328 AB 13.016875452783712 1.0231046696145703
61066.2643 lsst_hardware_r -26.763067998969518 21.34000015258789 31.459999084472656 AB 13.095346430620769 1.0292723574091973
61068.2463 lsst_hardware_g 6.154620338506305 12.789999961853027 31.3799991607666 AB 10.271850867242437 1.0230927158608005
61068.2592 lsst_hardware_r -15.990992836774867 21.479999542236328 31.479999542236328 AB 12.097136629403769 1.0295143368475024
61075.2467 lsst_hardware_z 17.745500010956047 83.54000091552734 31.729999542236328 AB 7.836424775105966 1.034579810562541
61077.2052 lsst_hardware_z 11.48879897332303 50.41999816894531 30.969999313354492 AB 5.57384924866684 1.0213971288692263
61077.2172 lsst_hardware_r -50.30727611029111 57.029998779296875 31.639999389648438 AB 4.401350490310887 1.0219063130510535
61079.2414 lsst_hardware_r -9.475898365232 39.130001068115234 31.600000381469727 AB 7.34310114896567 1.0398538327541755
61079.2531 lsst_hardware_y 70.43565355861415 48.0099983215332 30.040000915527344 AB 7.950227291252793 1.0537778900195895
61083.1929 lsst_hardware_r -8.872765117542333 21.6299991607666 31.489999771118164 AB 6.0934970429678845 1.021142393526076
61083.2045 lsst_hardware_i 71.84694694011623 29.56999969482422 31.239999771118164 AB 6.128823790125106 1.0228344109020626
61085.1865 lsst_hardware_z -14.711246349580875 40.58000183105469 30.950000762939453 AB 1.476771807308663 1.0211629415527357
61085.1986 lsst_hardware_r 28.623643796192457 21.670000076293945 31.489999771118164 AB 1.266620937884934 1.022705642216487
61087.1911 lsst_hardware_u 0.9780938433387564 2.680000066757202 28.479999542236328 AB 4.290229161772101 1.022172694700093
61087.2024 lsst_hardware_g 7.98987566788 13.109999656677246 31.40999984741211 AB 4.28938268916514 1.026536481791346
61089.1854 lsst_hardware_r -29.74442276395771 21.709999084472656 31.489999771118164 AB 6.538488689970464 1.0221179756089394
61089.196 lsst_hardware_z 27.550526426721152 40.470001220703125 30.950000762939453 AB 6.598482225490143 1.026042952183185
61093.1843 lsst_hardware_g -12.275648374268103 13.119999885559082 31.40999984741211 AB 8.220692691135216 1.0256528035019692
61093.1958 lsst_hardware_r 10.015618205758912 21.739999771118164 31.489999771118164 AB 8.27007579395345 1.033124533124865
61095.1668 lsst_hardware_r -18.960382056894822 21.700000762939453 31.489999771118164 AB 9.861765210633576 1.0216798975015087
61095.1792 lsst_hardware_i 23.328634370805553 29.690000534057617 31.25 AB 9.801833422705833 1.0258329066149483
61098.1681 lsst_hardware_z -105.91883726445171 46.2400016784668 30.959999084472656 AB 6.792102378854741 1.0244884616847907
61098.1807 lsst_hardware_r -20.047988893003254 45.77000045776367 31.6200008392334 AB 6.871985196483937 1.031984561718567
61104.1637 lsst_hardware_r -76.82071870161205 88.31999969482422 31.65999984741211 AB 10.62505802410673 1.0315173034204181
61104.1774 lsst_hardware_y -10.260209544806637 54.0 30.049999237060547 AB 12.279766876663409 1.044464308638548
61106.1585 lsst_hardware_z -0.3966234770156169 50.90999984741211 30.969999313354492 AB 8.828899631600601 1.0317148269471772
61106.1698 lsst_hardware_r -21.333257631315924 60.25 31.639999389648438 AB 9.817339689360752 1.0420882465486838
61108.1629 lsst_hardware_i 19.40158888453037 40.02000045776367 31.290000915527344 AB 9.920746656185026 1.0405649943554787
61108.1751 lsst_hardware_z -94.33929255653743 45.61000061035156 30.959999084472656 AB 9.471364740329896 1.0554228594083004
61110.1469 lsst_hardware_z -9.223103899225425 41.560001373291016 30.950000762939453 AB 7.778059354183916 1.03120815196001
61110.1591 lsst_hardware_r -28.863052701249472 26.049999237060547 31.530000686645508 AB 7.874454809511863 1.0423298812449233
61112.1476 lsst_hardware_u 4.837847753621633 3.5999999046325684 29.110000610351562 AB 14.508156557208459 1.0362968969434614
61112.1597 lsst_hardware_g 6.227645089583562 18.43000030517578 32.130001068115234 AB 14.692365081736032 1.0494546486954308
61115.1476 lsst_hardware_r -8.333729164303652 21.770000457763672 31.479999542236328 AB 8.89419823223606 1.0447374587591618
61115.1608 lsst_hardware_z -56.49064942439921 41.18000030517578 30.940000534057617 AB 9.198852947835285 1.0625299391088663
61117.1251 lsst_hardware_r 21.788542729518216 21.729999542236328 31.489999771118164 AB 6.334453999227544 1.029323041798418
61117.1384 lsst_hardware_u -0.040049208248748275 2.5799999237060547 28.389999389648438 AB 6.415317466760885 1.040645195143512
61119.1234 lsst_hardware_g 14.346618228453854 13.09000015258789 31.399999618530273 AB 5.2057743455012435 1.0320214790109643
61119.1362 lsst_hardware_r 2.8117618290090776 21.790000915527344 31.479999542236328 AB 4.982625531080042 1.0441924935464015
61121.1136 lsst_hardware_i -45.06085183230156 29.649999618530273 31.25 AB 5.444829086306163 1.0289440793019118
61121.1271 lsst_hardware_z -19.91349469193358 40.61000061035156 30.940000534057617 AB 5.188532354074975 1.0402550957997043
61123.1174 lsst_hardware_r -34.883293417053764 21.700000762939453 31.479999542236328 AB 5.6883787017435425 1.0361502818944153
61123.1293 lsst_hardware_u 1.9886216828917194 2.5899999141693115 28.399999618530273 AB 5.664593205332807 1.0489987417282975
61125.1012 lsst_hardware_g -34.40751920745555 26.600000381469727 31.6299991607666 AB 8.34757196533831 1.0280155538639797
61125.1132 lsst_hardware_i 13.867670889854269 33.52000045776367 31.260000228881836 AB 8.416111738738987 1.037318620222554
61127.108 lsst_hardware_z -17.65971244732241 47.470001220703125 30.959999084472656 AB 8.417604999973932 1.0375666125653578
61127.1188 lsst_hardware_r -4.3054847651937225 48.790000915527344 31.6200008392334 AB 8.520103493997587 1.0495323348112393
61129.1105 lsst_hardware_y 139.05947460710001 72.6500015258789 30.799999237060547 AB 6.195788879869412 1.0460558635606145
61132.0544 lsst_hardware_z -183.61325729858967 91.45999908447266 31.739999771118164 AB 8.963576736796993 1.0214902264156116
61134.0483 lsst_hardware_r 61.18958855129368 73.02999877929688 31.649999618530273 AB 4.938324944360907 1.0215814944892239
61134.0613 lsst_hardware_i -39.38223840251486 60.0 31.31999969482422 AB 4.981274671489495 1.0218698040527798
61136.0504 lsst_hardware_z -63.59309135669639 45.7599983215332 30.959999084472656 AB 8.050648095101165 1.0212022699437042
61136.0646 lsst_hardware_r -26.21903355551428 45.130001068115234 31.6200008392334 AB 8.081857357458492 1.024608710653674
61138.0444 lsst_hardware_u -4.5449009405104634 2.5399999618530273 28.3700008392334 AB 7.671099346184902 1.0211793591832936
61138.0565 lsst_hardware_g 9.040431115180043 12.819999694824219 31.3799991607666 AB 7.712068952106783 1.0235674500108545
61140.0428 lsst_hardware_r 28.40420807361347 21.579999923706055 31.5 AB 5.741182863721153 1.0215173459759461
61140.0547 lsst_hardware_z -57.10316943434418 40.4900016784668 30.950000762939453 AB 5.832099337197952 1.0250635973632045
61147.0301 lsst_hardware_r 12.846545292419524 21.540000915527344 31.489999771118164 AB 13.615569139901917 1.0229578617507076
61147.042 lsst_hardware_u 3.248001386160548 2.700000047683716 28.5 AB 15.040652109787802 1.0285613150371198
61149.0313 lsst_hardware_g -5.619583537748297 12.739999771118164 31.3799991607666 AB 9.417259062855656 1.0256217668106793
61149.0424 lsst_hardware_r -2.0601615607663177 21.469999313354492 31.479999542236328 AB 9.233086760983134 1.03274524749075
61151.0303 lsst_hardware_i -7.751404184852519 29.760000228881836 31.260000228881836 AB 7.313662993975688 1.028078249530946
61151.0413 lsst_hardware_z 39.97860469172055 40.68000030517578 30.959999084472656 AB 7.496177813219397 1.0364812388651976
61153.0107 lsst_hardware_z 10.764009889542578 40.97999954223633 30.950000762939453 AB 6.23712738632719 1.0221447699651245
61153.0225 lsst_hardware_r 21.99108832079224 25.3799991607666 31.520000457763672 AB 6.360893245354592 1.0267233259476904
61155.0082 lsst_hardware_z -4.677970823184578 44.33000183105469 30.959999084472656 AB 13.430545464887613 1.0229419212618778
61155.0206 lsst_hardware_g 18.312491793315942 36.540000915527344 31.68000030517578 AB 13.528135939010065 1.0288468639050408
61157.0097 lsst_hardware_r -63.20102761606486 58.68000030517578 31.639999389648438 AB 4.801334725645398 1.0257435767802168
61157.0209 lsst_hardware_z -14.01616074522239 51.130001068115234 30.969999313354492 AB 4.745446761766175 1.0330224243300516
61159.009 lsst_hardware_r -249.77256316875855 75.25 31.65999984741211 AB 8.788074790218616 1.0284163471189978
61159.0208 lsst_hardware_y 62.75433455215962 52.0 30.059999465942383 AB 8.909282101486582 1.03774288477174
61161.0048 lsst_hardware_z 52.059189399668824 61.5 30.989999771118164 AB 10.968487312974213 1.029228423850447
61161.0168 lsst_hardware_r -46.881978670102946 88.12000274658203 31.65999984741211 AB 11.088477178360467 1.039171283291361
61162.9961 lsst_hardware_i 41.9954083775346 58.689998626708984 31.329999923706055 AB 13.557657123012445 1.0272314225759016
61163.0083 lsst_hardware_z 36.633385685809614 55.84000015258789 30.979999542236328 AB 14.113648828668124 1.03626976886376
61165.9954 lsst_hardware_r -6.381170283432622 21.6200008392334 31.489999771118164 AB 7.1018183732308735 1.0322910567223518
61166.0073 lsst_hardware_u 2.3312718393218197 2.609999895095825 28.420000076293945 AB 3.0263461948576813 1.0435676533992004
61167.9989 lsst_hardware_g 10.27548625868963 12.75 31.3700008392334 AB 10.224413860085782 1.0404057248577894
61168.0115 lsst_hardware_i -19.757995470493178 29.81999969482422 31.239999771118164 AB 10.30937404494345 1.055765489591232
61169.9939 lsst_hardware_z -14.311381427709335 40.54999923706055 30.940000534057617 AB 8.062699905918386 1.040885606237864
61170.0058 lsst_hardware_r -3.19431990901909 21.639999389648438 31.479999542236328 AB 8.013002575545526 1.0554302779898834
