data/validation/pwv_sim_epoch_fit_epoch/21532274.ecsv
# %ECSV 0.9
# ---
# datatype:
# - {name: time, datatype: float64}
# - {name: band, datatype: string}
# - {name: flux, datatype: float64}
# - {name: fluxerr, datatype: float64}
# - {name: zp, datatype: float64}
# - {name: zpsys, datatype: string}
# - {name: pwv, datatype: float64}
# - {name: airmass, datatype: float64}
# meta: {SNID: '21532274', alt: 1024.0, c: 0.02489887736737728, dec: -10.655059, lat: -30.244573, lon: -70.7499537, ra: 112.851562, t0: 60332.015625,
#   x0: 4.0278489168057416e-06, x1: 1.1793426275253296, z: 0.6701990365982056}
# schema: astropy-2.0
time band flux fluxerr zp zpsys pwv airmass
60264.3455 lsst_hardware_z 60.08758631876909 78.18000030517578 31.0 AB 4.24874057052485 1.063891802397531
60267.3436 lsst_hardware_r -43.65891065353591 82.37000274658203 31.649999618530273 AB 6.160755447574891 1.0617568164256275
60269.2818 lsst_hardware_g 192.1102032532691 115.0999984741211 32.439998626708984 AB 3.7871891005362057 1.1386617860899768
60271.3455 lsst_hardware_z 76.05405563441151 77.70999908447266 30.989999771118164 AB 7.01644986838893 1.062065900837172
60273.3393 lsst_hardware_y -85.86583551320315 78.4800033569336 30.059999465942383 AB 5.913772409452573 1.061877433988192
60275.328 lsst_hardware_r 189.6247443721591 79.0 31.649999618530273 AB 4.1190238955697795 1.0611254963792385
60275.3482 lsst_hardware_z -158.90876396743585 78.55999755859375 31.0 AB 4.2001130994025235 1.0692752289721856
60277.285 lsst_hardware_z 18.04890980400617 77.98999786376953 30.989999771118164 AB 5.333472482221012 1.0877238237024498
60277.3035 lsst_hardware_y 55.63986571380144 77.63999938964844 30.059999465942383 AB 4.792711956489066 1.0676965707100732
60279.3304 lsst_hardware_z -2.3270966455514275 78.81999969482422 30.989999771118164 AB 7.418372303653705 1.064736241075422
60279.3504 lsst_hardware_y -21.831219644613444 78.01000213623047 30.059999465942383 AB 7.835455889589316 1.0831429208721752
60281.3008 lsst_hardware_g -29.36090421818515 84.16000366210938 31.719999313354492 AB 6.533592699984388 1.063154830883516
60281.3198 lsst_hardware_i -83.67678774520111 75.87999725341797 31.329999923706055 AB 6.522330207762619 1.0625395251743834
60283.3033 lsst_hardware_z -12.169081371799274 78.58999633789062 30.989999771118164 AB 3.208000365454877 1.0612268610739772
60283.3227 lsst_hardware_r -43.587605447958815 80.02999877929688 31.649999618530273 AB 3.24744316308104 1.0666297511144343
60291.2935 lsst_hardware_r 0.0001628553085604002 78.9000015258789 31.649999618530273 AB 10.654702984447518 1.062883947505821
60291.3114 lsst_hardware_i 187.17024382968495 72.94999694824219 31.329999923706055 AB 10.815547545817083 1.075674401188522
60292.2938 lsst_hardware_z -23.84648338704731 41.25 30.950000762939453 AB 7.681192779125844 1.0641719006824084
60292.3136 lsst_hardware_r -41.19850210224521 22.450000762939453 31.489999771118164 AB 7.790871446944285 1.081439645614013
60294.2927 lsst_hardware_u 5.206905673992095 2.7300000190734863 28.479999542236328 AB 11.283913674517196 1.0666458565893049
60294.3107 lsst_hardware_r 30.382838719532224 22.540000915527344 31.489999771118164 AB 11.479125031492243 1.0848302218114498
60296.2247 lsst_hardware_g 27.13312513827417 13.5 31.3799991607666 AB 5.191483802538786 1.1016021649184013
60296.2431 lsst_hardware_i -19.397043170174786 30.280000686645508 31.239999771118164 AB 5.154119034013302 1.0751934567861234
60300.2236 lsst_hardware_z 10.494084909463504 64.55684014594543 31.700000762939453 AB 5.205453187861025 1.08571346081156
60300.2398 lsst_hardware_r 0.29861647796708646 33.91252507444331 31.579999923706055 AB 5.0842679469861265 1.0683479611233255
60305.2212 lsst_hardware_r 71.57461839887684 109.30280843361409 31.649999618530273 AB 5.426177840814064 1.072526133481128
60305.2446 lsst_hardware_i -2.5498773774925505 85.05459207221601 31.329999923706055 AB 5.345702539407624 1.061128984051998
60307.2454 lsst_hardware_z 218.53976691811263 68.78852399395952 30.989999771118164 AB 7.59223400529312 1.061628190630374
60307.2664 lsst_hardware_r 164.5711967017943 95.46279447317622 31.649999618530273 AB 7.7052091982290065 1.0742960261508274
60309.2137 lsst_hardware_r 291.8003720042948 65.5019312104731 31.639999389648438 AB 7.122454226136209 1.0695312491537698
60309.236 lsst_hardware_z 164.81350628327638 55.68974610293882 30.979999542236328 AB 7.122898196539291 1.0611393961323683
60311.2056 lsst_hardware_g 88.79998736906641 39.93213525959032 31.68000030517578 AB 5.131059223057076 1.0717990300216704
60311.2257 lsst_hardware_i 481.77634363916945 46.13634066963973 31.290000915527344 AB 5.83032347002307 1.0613452918731312
60315.2109 lsst_hardware_u -4.19539825360258 3.2808531694206002 28.399999618530273 AB 7.458693058103315 1.062151455459905
60315.2321 lsst_hardware_g 129.85745274137238 18.370060422913372 31.440000534057617 AB 7.4664071792811795 1.0647156439183632
60319.2099 lsst_hardware_z 675.2784499765013 48.47441900407979 30.940000534057617 AB 7.669538310189385 1.061221789821535
60319.2322 lsst_hardware_r 950.2845568070978 39.01565112636537 31.489999771118164 AB 7.81070030583198 1.0728738315283997
60321.1763 lsst_hardware_r 2169.5684186080607 57.2147898733866 32.2400016784668 AB 6.7420886322543785 1.073694972755236
60321.199 lsst_hardware_u 0.30960631254080984 2.9238474546240636 28.3700008392334 AB 6.6486594871913285 1.0612667781305163
60323.1557 lsst_hardware_g 269.02424435384546 21.31290703683063 31.40999984741211 AB 8.036356971280146 1.093431489584128
60323.1748 lsst_hardware_i 1143.5369948536088 45.53387472476407 31.25 AB 8.498931420516225 1.0700799203235267
60325.1642 lsst_hardware_z 880.1627619968549 50.379551090449446 30.940000534057617 AB 4.757286202023952 1.0748904994217177
60325.1829 lsst_hardware_r 1277.3119788161234 42.27732753398871 31.489999771118164 AB 5.472713394745665 1.0623533717840754
60327.1638 lsst_hardware_y 392.19281991948395 51.178995115605 30.030000686645508 AB 4.701143396206423 1.0701441830654417
60327.1848 lsst_hardware_g 267.96387033929324 21.45498886309395 31.40999984741211 AB 6.621690647813628 1.0611116897302943
60329.1524 lsst_hardware_r 1468.2626670956354 57.15866458280613 31.600000381469727 AB 7.922856602288583 1.075817313095062
60329.1714 lsst_hardware_i 1267.198352596121 53.96159313179924 31.280000686645508 AB 9.588330891934694 1.062536667989217
60331.1518 lsst_hardware_z 842.9318341908318 63.2348631676642 30.969999313354492 AB 10.982464232269882 1.0710680709272122
60331.1714 lsst_hardware_r 1573.1611842663458 77.71395850788606 31.639999389648438 AB 10.311569970180203 1.061297856132174
60333.1537 lsst_hardware_z 1025.377215999487 75.99889006566642 30.979999542236328 AB 15.049574478915506 1.0656577864079713
60333.1716 lsst_hardware_r 1324.2610572959106 105.24938740374326 31.649999618530273 AB 12.13139520143958 1.0612096691738953
60335.1495 lsst_hardware_i 1281.8219061967186 93.01448287659488 31.329999923706055 AB 14.06150030463227 1.064942464755549
60335.1696 lsst_hardware_z 902.1832150628592 80.45796641329368 30.989999771118164 AB 14.83784615520207 1.0617547845676445
60337.1375 lsst_hardware_r 1405.5471328512592 87.4935120933939 31.649999618530273 AB 12.724908824634278 1.0693200692969982
60337.1553 lsst_hardware_z 971.0169346520812 67.25358016550496 30.979999542236328 AB 12.516180442986702 1.0612628622413236
60341.1372 lsst_hardware_i 1139.8594559372757 48.7020393504758 31.270000457763672 AB 8.843486396792127 1.0630468081250302
60341.1548 lsst_hardware_z 787.4242458868822 52.637897267939564 30.950000762939453 AB 8.952900177241322 1.0621544877495932
60345.112 lsst_hardware_z 765.3147736989848 49.89224079808944 30.940000534057617 AB 6.600864651372613 1.0724975061805635
60345.1307 lsst_hardware_r 810.1148027703522 36.2015235183549 31.489999771118164 AB 6.746836472645035 1.061713670684804
60349.1092 lsst_hardware_u 6.521097024276243 2.736782781928534 28.43000030517578 AB 6.39616718076464 1.0661463241634581
60349.1285 lsst_hardware_r 677.9846353685841 34.29688075815715 31.489999771118164 AB 5.94308584756581 1.0612653299224661
60351.099 lsst_hardware_i 774.7737593498251 41.498879838816194 31.239999771118164 AB 1.7676748069783834 1.069535505659285
60351.1146 lsst_hardware_z 704.5568193946596 49.14387420985346 30.950000762939453 AB 1.737659448168749 1.0616523281923012
60353.0897 lsst_hardware_r 468.6638238661901 32.06453789395203 31.489999771118164 AB 3.650642879658929 1.0729295752120291
60353.1067 lsst_hardware_u 1.9501156993068667 2.706291528240351 28.43000030517578 AB 3.6387987268784876 1.06226791034257
60355.088 lsst_hardware_g 50.075173306288086 17.66936528015851 31.459999084472656 AB 1.597176758955089 1.0695976956002697
60355.105 lsst_hardware_r 445.0727927888373 31.82402811290233 31.510000228881836 AB 1.5917643166063797 1.0614120804221339
60357.0907 lsst_hardware_i 500.25316372558063 44.24191811451468 31.280000686645508 AB 2.5085036459915986 1.0642781697036907
60357.1078 lsst_hardware_z 589.6073857408744 50.22086696306702 30.950000762939453 AB 2.4648799927878553 1.0614188794435984
60364.0579 lsst_hardware_i 385.99031899433 81.40303105057735 31.329999923706055 AB 8.507378697089022 1.0746841312616402
60364.0743 lsst_hardware_z 504.66899522950206 72.14600242480586 30.989999771118164 AB 8.415421265628476 1.0630789130519305
60366.0598 lsst_hardware_r 124.51872663516045 77.74024628631942 31.649999618530273 AB 6.856954628740955 1.0681723899793782
60366.0783 lsst_hardware_z 344.27603848231547 62.748987557854676 30.979999542236328 AB 6.877703149457079 1.061101025886924
60370.0481 lsst_hardware_i 230.07175758832602 34.78324287690423 31.239999771118164 AB 3.0486331593119727 1.0687583380585355
60370.0667 lsst_hardware_z 451.5710890606127 45.5095122206982 30.950000762939453 AB 3.025278196630816 1.0611287957316087
60371.0474 lsst_hardware_r 176.46292863493696 25.69628386694514 31.479999542236328 AB 6.712722797425742 1.0672762314555668
60371.0661 lsst_hardware_g 19.767609340869438 14.201312691164969 31.40999984741211 AB 6.6834113439546545 1.0610975500768143
60380.0397 lsst_hardware_u 0.7967414474340236 2.8722799054708483 28.489999771118164 AB 7.75938429540341 1.0611123822773894
60380.0565 lsst_hardware_g 13.570981632559969 13.601148080249088 31.420000076293945 AB 8.279844574992248 1.065754225124501
60385.0195 lsst_hardware_z 584.9930636363201 64.12853064472124 31.700000762939453 AB 8.415177309269355 1.0622094470403562
60387.0072 lsst_hardware_y 173.2568258731544 51.47792061318184 30.040000915527344 AB 7.331102837326431 1.0651028384899413
60387.0277 lsst_hardware_g 1.5904618808646984 39.92136906294163 31.68000030517578 AB 7.2672375647524765 1.0617631039158903
60391.0047 lsst_hardware_y 17.639592036079197 53.82858412692002 30.040000915527344 AB 6.568258164479203 1.061794077672034
60391.0272 lsst_hardware_i 86.00836300974163 63.097690701805575 31.31999969482422 AB 6.599803521797046 1.0662041230689896
60391.993 lsst_hardware_y 161.22323162665643 64.7238539135282 30.049999237060547 AB 5.951213425850951 1.065411921680015
60392.0127 lsst_hardware_z 82.8619700840488 62.56838388952433 30.979999542236328 AB 5.0426182774309325 1.061492111868386
60394.9905 lsst_hardware_y 121.20121312778818 63.902027833498344 30.049999237060547 AB 6.482829372779754 1.0627589135704516
60395.0091 lsst_hardware_i 146.43021642209243 60.89252148943296 31.31999969482422 AB 5.837584994839724 1.0626994134845873
60396.9887 lsst_hardware_z 104.18680411732144 56.516039747882616 30.969999313354492 AB 7.8983980192425145 1.061707772099959
60397.0072 lsst_hardware_u -3.830935207183115 6.02429727798861 28.959999084472656 AB 6.917236840465837 1.0641902831485903
60398.986 lsst_hardware_y 105.0615979176695 66.96244882134512 30.049999237060547 AB 9.683928213817754 1.0612524069937266
60399.0041 lsst_hardware_r 72.55493233950592 23.712110088607066 31.479999542236328 AB 6.375282821194724 1.0654475217862054
60629.3519 lsst_hardware_y 262.89105321165437 94.5 30.799999237060547 AB 4.2414941012813125 1.061877852277694
60631.3404 lsst_hardware_z -37.70713712650042 61.810001373291016 30.979999542236328 AB 3.9032231242365047 1.0640317467250808
60635.2276 lsst_hardware_r -19.886280023236036 47.9900016784668 31.540000915527344 AB 4.191386031296722 1.3666077702304278
60642.247 lsst_hardware_z 15.757815347658426 42.869998931884766 30.93000030517578 AB 5.852343827763728 1.1799080297909266
60642.2717 lsst_hardware_y -109.05726332232446 47.849998474121094 30.020000457763672 AB 5.589503710258898 1.1125235449178945
60644.3309 lsst_hardware_u 3.078717168655921 2.8499999046325684 28.479999542236328 AB 7.439212368716512 1.06462038382618
60644.3505 lsst_hardware_y 20.81959868814444 61.209999084472656 30.049999237060547 AB 7.8719165722577245 1.0823479406376633
60646.3051 lsst_hardware_g 10.9292627450533 13.520000457763672 31.40999984741211 AB 6.519904170885989 1.0619677707703494
60646.3236 lsst_hardware_r 7.550678618596538 22.309999465942383 31.489999771118164 AB 6.537493020286687 1.063730621441664
60648.3038 lsst_hardware_i -30.51062161106094 30.3700008392334 31.25 AB 3.2349830272628224 1.0612300800206087
60648.3222 lsst_hardware_z 32.922837078858585 41.40999984741211 30.950000762939453 AB 3.2180251268891253 1.0658653470237236
60650.301 lsst_hardware_r 7.691548649688602 22.219999313354492 31.479999542236328 AB 4.431518817315263 1.0611027577576653
60650.3212 lsst_hardware_u -1.0359192020711085 2.5999999046325684 28.3700008392334 AB 4.447357796686071 1.068947914117551
60652.3028 lsst_hardware_g 12.96453446497669 13.720000267028809 31.420000076293945 AB 7.04214561789656 1.06212369335946
60652.3217 lsst_hardware_i 0.278586559119367 30.649999618530273 31.25 AB 7.115568297472188 1.0742912806629707
60654.2923 lsst_hardware_z -12.191748035658488 41.279998779296875 30.950000762939453 AB 8.785155201621173 1.0612013289389723
60654.3114 lsst_hardware_r 13.145231370856559 22.469999313354492 31.489999771118164 AB 8.85046091123993 1.0698437720090306
60658.2909 lsst_hardware_r 30.75873119918948 77.27999877929688 31.649999618530273 AB 8.68880602474902 1.063753646385837
60658.3098 lsst_hardware_i -20.814969852488257 59.5099983215332 31.31999969482422 AB 8.918460926327622 1.0792468281324954
60660.2949 lsst_hardware_z 109.0752547451714 71.01000213623047 30.989999771118164 AB 7.095874965055239 1.0697433332159811
60660.3133 lsst_hardware_r -80.57302141756765 101.87000274658203 31.649999618530273 AB 7.216704874688675 1.091662046619321
60662.2294 lsst_hardware_r -104.1384053619933 79.88999938964844 31.649999618530273 AB 5.576554236547084 1.0902354323650876
60662.2471 lsst_hardware_z 36.79435829172955 61.2599983215332 30.989999771118164 AB 5.498376236677201 1.069566938029963
60663.2474 lsst_hardware_g -17.233419218308985 67.72000122070312 31.719999313354492 AB 5.3031176181526 1.0672941118293873
60663.2659 lsst_hardware_i -45.06339246191379 58.08000183105469 31.329999923706055 AB 4.5387726843324065 1.0611013698296783
60665.247 lsst_hardware_z 13.118877293575805 47.52000045776367 30.969999313354492 AB 5.058953296624859 1.064295924956095
60665.2661 lsst_hardware_r -32.62601741605663 45.189998626708984 31.6299991607666 AB 4.888836224639896 1.0618094640039586
60668.2317 lsst_hardware_u 4.968259516528066 3.0199999809265137 28.559999465942383 AB 7.024617475806393 1.0687892698069825
60668.2512 lsst_hardware_g -15.00062979741502 17.489999771118164 31.510000228881836 AB 6.70625170550703 1.0611017848668183
60670.2352 lsst_hardware_r 3.8077965322888923 22.84000015258789 31.5 AB 5.345668338314524 1.0634442409736955
60670.2556 lsst_hardware_i 30.85201791345054 30.90999984741211 31.25 AB 6.6703141275490925 1.0627301149854325
60672.2367 lsst_hardware_z 5.920573240335925 41.310001373291016 30.950000762939453 AB 7.559976210302394 1.0614217213481774
60672.2567 lsst_hardware_r 33.85107032868572 22.65999984741211 31.5 AB 7.6470892113591615 1.065870682466954
60674.2085 lsst_hardware_r -4.2559245500597935 22.899999618530273 31.489999771118164 AB 7.223216698840198 1.0749634197247113
60674.2278 lsst_hardware_u 2.879556420236977 2.6600000858306885 28.399999618530273 AB 7.032663045637422 1.0621887269844286
60676.2159 lsst_hardware_g 9.621822003526518 14.0600004196167 31.420000076293945 AB 7.494417733044319 1.0648406533676968
60676.2359 lsst_hardware_i 20.070808286326542 30.709999084472656 31.25 AB 7.472716284518088 1.0617662653718047
60680.203 lsst_hardware_u 0.5417674119599807 2.7100000381469727 28.450000762939453 AB 12.023220348373465 1.0659749549718234
60680.2225 lsst_hardware_g 4.0266909183749044 13.970000267028809 31.43000030517578 AB 12.517215019665203 1.0613205884064103
60682.2051 lsst_hardware_r 10.491672416995904 22.790000915527344 31.5 AB 8.49072631855957 1.0624475059720004
