data/validation/pwv_sim_epoch_fit_epoch/2168155.ecsv
# %ECSV 0.9
# ---
# datatype:
# - {name: time, datatype: float64}
# - {name: band, datatype: string}
# - {name: flux, datatype: float64}
# - {name: fluxerr, datatype: float64}
# - {name: zp, datatype: float64}
# - {name: zpsys, datatype: string}
# - {name: pwv, datatype: float64}
# - {name: airmass, datatype: float64}
# meta: {SNID: '2168155', alt: 1024.0, c: -0.10541456937789917, dec: -19.946699, lat: -30.244573, lon: -70.7499537, ra: 184.570312, t0: 62482.84765625,
#   x0: 3.224333358784003e-05, x1: -0.7935736179351807, z: 0.27896493673324585}
# schema: astropy-2.0
time band flux fluxerr zp zpsys pwv airmass
62524.3589 lsst_hardware_z 1213.5440146156993 73.88340161301765 30.989999771118164 AB 9.720679119541016 1.0176590368028702
62526.3645 lsst_hardware_r 1213.6586129317213 76.16652433706335 31.649999618530273 AB 9.890893140109847 1.0158397610520213
62528.3082 lsst_hardware_r 881.8869501615023 46.845626934145365 31.579999923706055 AB 12.542525248090824 1.059215621671897
62528.3257 lsst_hardware_y 591.1934650561734 51.226882711058174 30.049999237060547 AB 12.248364466651925 1.0339080866616706
62534.3354 lsst_hardware_r 757.322138310394 36.40982408402009 31.510000228881836 AB 10.01475953750961 1.0165720486737664
62534.3531 lsst_hardware_u 31.54112990946838 5.739626361983512 28.479999542236328 AB 10.048530693210006 1.0178561820466425
62536.335 lsst_hardware_g 328.7765143545642 22.406844398401084 31.450000762939453 AB 8.53064043652109 1.015874932897875
62536.3528 lsst_hardware_r 739.6261834845067 36.11627823083818 31.510000228881836 AB 8.465287316125936 1.0202009379495365
62540.3204 lsst_hardware_r 665.0910958974058 35.15727638845959 31.510000228881836 AB 8.300769478029894 1.0162963079659473
62540.3387 lsst_hardware_u 23.32169146525533 4.9757789555978515 28.43000030517578 AB 8.229751667227562 1.0186491867552268
62542.323 lsst_hardware_g 288.2650441314714 21.711103747865792 31.450000762939453 AB 2.957962356250233 1.0159582195604442
62542.3416 lsst_hardware_i 965.1048562710515 43.4091342208912 31.25 AB 3.4881330599688423 1.0234631698280099
62544.3064 lsst_hardware_z 539.8519430751993 46.71805992795587 30.950000762939453 AB 6.239266010280899 1.016995274699413
62544.3226 lsst_hardware_r 719.7271919863514 34.83361165013385 31.520000457763672 AB 6.19600436187866 1.0168497311617164
62545.2998 lsst_hardware_u 3.5574449954102807 2.89820882110948 28.459999084472656 AB 5.804446255445187 1.018323904464068
62545.3173 lsst_hardware_g 243.84925638349398 21.607467151442794 31.450000762939453 AB 5.792852844047999 1.0162899726399999
62547.3059 lsst_hardware_r -56.31231958057843 40.15999984741211 31.6200008392334 AB 4.073084419708275 1.0158373279954294
62547.3226 lsst_hardware_i 24.783748459045654 30.81999969482422 31.260000228881836 AB 4.073631393198798 1.0201080283469608
62553.2979 lsst_hardware_i 53.043597453884985 88.86000061035156 31.34000015258789 AB 6.5918411015560165 1.0168148342889194
62553.3159 lsst_hardware_z 3.422484074218675 78.97000122070312 31.0 AB 6.651649838351938 1.0268985585846113
62555.2988 lsst_hardware_r 47.591525996644364 61.970001220703125 31.639999389648438 AB 11.255183102978167 1.0191219760030936
62555.3167 lsst_hardware_z 26.06109254710252 54.040000915527344 30.969999313354492 AB 11.314771218378862 1.0330294182761675
62558.2783 lsst_hardware_y -23.549345274900805 47.08000183105469 30.059999465942383 AB 6.598555386439684 1.0158786918631884
62558.2964 lsst_hardware_g 32.269561480226166 20.420000076293945 31.56999969482422 AB 6.7601706135196515 1.0224093486871826
62562.2641 lsst_hardware_z -33.93248626777465 40.9900016784668 30.950000762939453 AB 3.4830643921989615 1.0158655625701813
62562.2817 lsst_hardware_r 35.072556547756186 23.350000381469727 31.510000228881836 AB 3.5725079232417163 1.0201336160027745
62565.2604 lsst_hardware_i 14.646611458733423 30.56999969482422 31.239999771118164 AB 10.49634972107674 1.0159724192821262
62565.2791 lsst_hardware_z -62.04226376467608 41.0099983215332 30.940000534057617 AB 10.612747075963174 1.0236718290749638
62567.2654 lsst_hardware_r 10.49064226238764 23.510000228881836 31.510000228881836 AB 9.866493957737578 1.018827359890293
62567.2844 lsst_hardware_u 2.3905128463328698 2.680000066757202 28.399999618530273 AB 10.01978452046663 1.0335357434121843
62569.2433 lsst_hardware_u -5.0689994636428315 2.700000047683716 28.43000030517578 AB 8.948737339883309 1.015997578657259
62569.2599 lsst_hardware_g 4.743958014438401 14.539999961853027 31.440000534057617 AB 7.953080744920649 1.0188093828560976
62573.2419 lsst_hardware_r 11.815305435499079 23.280000686645508 31.510000228881836 AB 14.007180133172833 1.0164862215655481
62573.2607 lsst_hardware_i -7.265648001888178 30.780000686645508 31.260000228881836 AB 15.588717599589653 1.026383829311948
62576.2258 lsst_hardware_z -37.3946317047523 50.63999938964844 30.969999313354492 AB 8.518724947065424 1.0158673467105088
62576.2446 lsst_hardware_r -17.303221978702968 54.939998626708984 31.639999389648438 AB 8.522980516645822 1.0207569783199788
62577.2442 lsst_hardware_z -61.45437318163574 56.68000030517578 30.979999542236328 AB 8.405989658466499 1.0221912395532826
62577.2621 lsst_hardware_r -70.9176597775488 72.27999877929688 31.649999618530273 AB 8.212284589121811 1.0395296948255457
62579.2276 lsst_hardware_i -191.66430451985968 103.44999694824219 31.350000381469727 AB 6.857592488133625 1.0169942886153975
62579.2465 lsst_hardware_z 31.111571624936875 87.33999633789062 31.0 AB 6.936252316019497 1.0283165658825837
62585.1726 lsst_hardware_i -17.495831038752367 38.630001068115234 31.280000686645508 AB 7.122076907369293 1.0311887414145116
62585.1892 lsst_hardware_z 54.40739728712089 44.66999816894531 30.950000762939453 AB 7.004207933034798 1.018917386306432
62590.0264 lsst_hardware_r 32.183514878491486 35.869998931884766 32.130001068115234 AB 9.742886853260886 1.6836786036741163
62593.204 lsst_hardware_i -24.167025940353078 30.950000762939453 31.25 AB 8.402391171498657 1.024681850182763
62593.2269 lsst_hardware_z 50.645233409754724 58.970001220703125 31.690000534057617 AB 8.952493682890248 1.0518321081174413
62593.2495 lsst_hardware_i 19.748998616328432 31.889999389648438 31.25 AB 9.390288762278354 1.0988791655030126
62595.1891 lsst_hardware_r 30.755072390483072 23.959999084472656 31.510000228881836 AB 4.628819711723716 1.0188905374694162
62595.2082 lsst_hardware_u 0.765772159798136 2.7100000381469727 28.40999984741211 AB 4.743112217576832 1.0338082427150899
62597.1782 lsst_hardware_g -6.497779720309136 15.100000381469727 31.469999313354492 AB 14.005054352645162 1.0169223317343048
62597.1974 lsst_hardware_r -5.943210190825516 23.850000381469727 31.510000228881836 AB 14.114199709661353 1.0283569915964557
62599.1811 lsst_hardware_i 2.9925113712307123 31.040000915527344 31.260000228881836 AB 8.493631782156955 1.0203582078875109
62599.2002 lsst_hardware_z -39.225387448066414 41.5099983215332 30.950000762939453 AB 8.694533476451555 1.0372243932539882
62601.1684 lsst_hardware_r -17.24803899911099 23.760000228881836 31.510000228881836 AB 5.029097209789696 1.0172465110992877
62601.185 lsst_hardware_g 5.879771604497993 15.0 31.459999084472656 AB 5.033794794112557 1.027025597275413
62603.1652 lsst_hardware_r -12.578803737744982 35.02000045776367 31.610000610351562 AB 6.4135808739628475 1.018028710152833
62603.1819 lsst_hardware_i 9.369079277629798 35.93000030517578 31.290000915527344 AB 6.689716877987282 1.0291872119980434
62605.1635 lsst_hardware_z -85.90958149775894 53.34000015258789 30.979999542236328 AB 5.020715290096444 1.0197106404637013
62605.1798 lsst_hardware_i -16.759913786459943 54.20000076293945 31.329999923706055 AB 5.775876290598977 1.0326050398853126
62607.1321 lsst_hardware_z 107.7772523497774 114.18000030517578 31.760000228881836 AB 16.99579779577546 1.017712442860806
62609.1523 lsst_hardware_r -321.40060152143695 148.5399932861328 31.670000076293945 AB 12.012569026638833 1.0195695999523708
62609.1706 lsst_hardware_i -8.218593731680995 117.51000213623047 31.350000381469727 AB 13.345210786389089 1.0345124640611696
62613.1551 lsst_hardware_z 120.63104125970139 66.73999786376953 31.719999313354492 AB 10.446038630726814 1.0296735959316723
62617.1289 lsst_hardware_r -29.791137922881664 23.43000030517578 31.510000228881836 AB 8.71846359091798 1.0188294941085203
62617.1481 lsst_hardware_i -12.028600440524686 30.8700008392334 31.25 AB 8.911111944578137 1.0337716873060485
62619.1284 lsst_hardware_z -9.657670299529574 40.95000076293945 30.940000534057617 AB 2.122022860300498 1.021471953291587
62619.1466 lsst_hardware_i -0.7909948058329326 30.770000457763672 31.239999771118164 AB 2.1737003326014754 1.0384745597267977
62621.1244 lsst_hardware_u 2.3928011130405964 2.690000057220459 28.420000076293945 AB 10.661687835358897 1.0224096504947158
62621.1427 lsst_hardware_g -11.199196949244028 14.569999694824219 31.43000030517578 AB 10.847847339538301 1.0404860407681271
62624.1261 lsst_hardware_r -24.910716452263408 23.420000076293945 31.520000457763672 AB 11.653367922700768 1.0307014193654773
62624.145 lsst_hardware_i 53.07525487739677 31.1200008392334 31.260000228881836 AB 11.941565916063075 1.0564017972454949
62626.1051 lsst_hardware_z 104.95426746958762 41.09000015258789 30.959999084472656 AB 9.44106633949235 1.0191867225072706
62626.124 lsst_hardware_u -3.024472264736548 2.799999952316284 28.510000228881836 AB 9.582657582342849 1.034304367663694
62628.1082 lsst_hardware_g 20.662826702594778 14.739999771118164 31.459999084472656 AB 6.819058636084173 1.024497992200146
62628.1262 lsst_hardware_r 6.330949407306932 23.530000686645508 31.5 AB 6.452618514740747 1.0440567145365536
62630.0186 lsst_hardware_i -12.271173244294307 32.380001068115234 31.25 AB 9.839905788883309 1.0815955653662577
62630.0346 lsst_hardware_z 14.954093607538175 41.93000030517578 30.940000534057617 AB 9.549324493896481 1.050945036334068
62638.0594 lsst_hardware_z 91.95602580389162 106.87000274658203 31.75 AB 9.030202705555613 1.0158470120244052
62639.9986 lsst_hardware_g -34.39650273168269 53.81999969482422 31.700000762939453 AB 10.32243193162451 1.066284320081078
62640.0126 lsst_hardware_r -3.4013562401124386 63.650001525878906 31.639999389648438 AB 8.477862224576045 1.0430440729055173
62643.029 lsst_hardware_i 58.014477939040766 30.739999771118164 31.25 AB 4.680478647345426 1.0198046984683633
62643.0493 lsst_hardware_z 17.4034945191773 41.0 30.940000534057617 AB 5.100940689220354 1.016207989883693
62645.0268 lsst_hardware_i -27.242038741397845 30.770000457763672 31.260000228881836 AB 7.613900065493957 1.0182981419440231
62645.046 lsst_hardware_u -1.0876056112579968 2.75 28.469999313354492 AB 8.43805558016285 1.0166332024292588
62647.0284 lsst_hardware_g -11.490460941794119 14.739999771118164 31.469999313354492 AB 5.769724845954833 1.0162588347320323
62647.0485 lsst_hardware_r 11.322189356433771 23.479999542236328 31.520000457763672 AB 5.31439036170953 1.0195473115989608
62651.0059 lsst_hardware_r 7.843630651214304 23.190000534057617 31.510000228881836 AB 9.851125736142027 1.02048073509124
62651.0256 lsst_hardware_i -13.177310034141598 30.65999984741211 31.260000228881836 AB 9.827703617423298 1.0159670862867494
62652.9994 lsst_hardware_z -52.497281314194005 41.25 30.950000762939453 AB 7.035924987248833 1.0210804451309259
62653.0214 lsst_hardware_u 0.45945092510731383 2.7699999809265137 28.479999542236328 AB 6.9096053179639005 1.0161184291123384
62655.9903 lsst_hardware_g -10.436008264756314 14.710000038146973 31.450000762939453 AB 11.033656308113528 1.0216348433438451
62656.0091 lsst_hardware_r 19.49083228137572 23.34000015258789 31.510000228881836 AB 11.411888627331452 1.015819772479619
62657.9892 lsst_hardware_i -13.488856847248814 31.09000015258789 31.25 AB 4.382682828322423 1.019228564726145
62658.0108 lsst_hardware_z -31.356304751044693 41.189998626708984 30.950000762939453 AB 4.477818504451578 1.01670398012182
62676.9514 lsst_hardware_y -61.604703968096544 76.31999969482422 30.079999923706055 AB 4.794675364749306 1.0158210518536663
62676.9718 lsst_hardware_g 14.572069723793312 15.329999923706055 31.469999313354492 AB 5.143941276649639 1.0226184573041714
