data/validation/pwv_sim_epoch_fit_epoch/2171404.ecsv
# %ECSV 0.9
# ---
# datatype:
# - {name: time, datatype: float64}
# - {name: band, datatype: string}
# - {name: flux, datatype: float64}
# - {name: fluxerr, datatype: float64}
# - {name: zp, datatype: float64}
# - {name: zpsys, datatype: string}
# - {name: pwv, datatype: float64}
# - {name: airmass, datatype: float64}
# meta: {SNID: '2171404', alt: 1024.0, c: -0.04045291990041733, dec: -41.41119, lat: -30.244573, lon: -70.7499537, ra: 312.363281, t0: 60951.875,
#   x0: 4.818279259316646e-06, x1: 1.2749128341674805, z: 0.6224683523178101}
# schema: astropy-2.0
time band flux fluxerr zp zpsys pwv airmass
60806.412 lsst_hardware_z -67.87267429140371 50.540000915527344 30.979999542236328 AB 7.7701644463024975 1.022390058724013
60806.4264 lsst_hardware_y -87.39009771435731 55.40999984741211 30.06999969482422 AB 6.881614806477689 1.0189952823017308
60808.4105 lsst_hardware_z -2.8048328536004874 61.619998931884766 30.989999771118164 AB 6.659330286538249 1.020899936614786
60808.4226 lsst_hardware_y 106.46741535194494 56.93000030517578 30.06999969482422 AB 6.578412989347149 1.0189611197873527
60812.4144 lsst_hardware_r 204.16348403072416 84.37000274658203 31.65999984741211 AB 7.433395323750387 1.0190643865672442
60812.4265 lsst_hardware_y 24.966080758433908 58.47999954223633 30.06999969482422 AB 6.846932441799077 1.021930215193892
60814.4111 lsst_hardware_z 14.15779788102573 103.86000061035156 32.4900016784668 AB 9.776752292565792 1.0192876474643098
60824.3958 lsst_hardware_r 3.785088165864004 22.8799991607666 31.510000228881836 AB 8.294821710574386 1.0228103796511707
60824.4096 lsst_hardware_z 52.35828325232534 41.029998779296875 30.950000762939453 AB 8.384946463824598 1.0317182860559766
60828.1763 lsst_hardware_z 13.452633071664176 70.30999755859375 31.6200008392334 AB 18.16608218466485 1.7755920422895957
60833.3209 lsst_hardware_i -67.33227674210721 40.529998779296875 31.290000915527344 AB 3.3838475981885647 1.0340252400881786
60833.3325 lsst_hardware_z -0.09566516102088804 45.27000045776367 30.959999084472656 AB 3.477931667266534 1.0253336283215018
60842.1837 lsst_hardware_z 175.93150477530372 92.73999786376953 31.690000534057617 AB 10.805020810412287 1.3780596002183831
60842.2066 lsst_hardware_i -10.729160467008592 65.7300033569336 31.290000915527344 AB 9.898924208372708 1.2566073257216772
60844.3435 lsst_hardware_g 45.22714782153858 35.09000015258789 31.68000030517578 AB 4.517751818112519 1.0239304539974734
60844.3581 lsst_hardware_r 12.259963417072512 38.06999969482422 31.600000381469727 AB 4.576844639862877 1.0344515412268005
60849.127 lsst_hardware_r -130.00301548217578 49.540000915527344 32.880001068115234 AB 5.847652509745862 1.6847169431708042
60849.1421 lsst_hardware_i 21.780904600332963 59.16999816894531 32.36000061035156 AB 5.301546664538884 1.5412592963263738
60860.0792 lsst_hardware_r -47.79274798928717 42.380001068115234 31.389999389648438 AB 16.262224453406247 1.9026821637306945
60860.0927 lsst_hardware_z 92.09420993313691 53.060001373291016 30.8700008392334 AB 15.36659971325797 1.7315941869181024
60861.2378 lsst_hardware_y 33.04695390775194 48.2599983215332 30.049999237060547 AB 3.7739799778916714 1.040739049401357
60861.2503 lsst_hardware_r 28.97518260457704 38.11000061035156 31.610000610351562 AB 4.148870393681754 1.0291771519211212
60863.2261 lsst_hardware_i -14.716237871715732 53.599998474121094 31.31999969482422 AB 1.88678288793648 1.0482127155202667
60863.2389 lsst_hardware_z 27.52723130074001 52.689998626708984 30.969999313354492 AB 1.8614053242203348 1.034114069011297
60867.2725 lsst_hardware_i -29.57990477344885 115.52999877929688 31.350000381469727 AB 8.878460673928005 1.0205909273424791
60867.2848 lsst_hardware_z -14.422874489928361 95.30999755859375 31.0 AB 8.907960892792952 1.0262824815522131
60875.2198 lsst_hardware_i 12.91981505170125 30.68000030517578 31.25 AB 2.5819180006481 1.024231934141395
60875.2327 lsst_hardware_z 60.90882471258768 40.959999084472656 30.950000762939453 AB 2.5570722950691698 1.0196001841113154
60877.2146 lsst_hardware_r -7.580070657092363 23.290000915527344 31.510000228881836 AB 5.749518538779219 1.0240937861299302
60877.2279 lsst_hardware_g 11.440023935100971 14.5600004196167 31.450000762939453 AB 5.698064651914465 1.019483760593016
60879.217 lsst_hardware_r -31.964805622199524 23.3799991607666 31.520000457763672 AB 4.978402778956401 1.0207920399746784
60879.2285 lsst_hardware_i 60.028373115184436 30.729999542236328 31.260000228881836 AB 4.981528241404761 1.0189605375661734
60881.2225 lsst_hardware_z -31.55179418881034 41.11000061035156 30.950000762939453 AB 5.504462234617587 1.0189674629058842
60881.2341 lsst_hardware_i 20.283105131672972 30.760000228881836 31.260000228881836 AB 5.531836503047151 1.020539895405802
60886.2157 lsst_hardware_z -13.198012034647565 41.060001373291016 30.950000762939453 AB 4.587574187563653 1.0194609305697007
60886.2267 lsst_hardware_u 3.9996714799040736 2.7799999713897705 28.489999771118164 AB 4.602998587902875 1.0228885750895278
60888.2115 lsst_hardware_g 1.8718717732418182 14.390000343322754 31.440000534057617 AB 4.552740130821577 1.019688707489295
60888.2249 lsst_hardware_r 9.694330502696138 23.200000762939453 31.5 AB 4.588006027545888 1.0247565858346175
60890.2 lsst_hardware_r -72.52007072605944 41.0099983215332 31.6200008392334 AB 2.3436656251047654 1.0189850543933763
60890.2116 lsst_hardware_i 23.70074270806864 40.0 31.299999237060547 AB 2.262643855232417 1.0212022815852642
60891.1966 lsst_hardware_z -101.15294587693509 49.09000015258789 30.969999313354492 AB 1.2366865224333856 1.0189671978303094
60891.208 lsst_hardware_i -6.417703646826686 46.650001525878906 31.309999465942383 AB 1.2381945482824261 1.0209107172865959
60894.1971 lsst_hardware_z -197.74626740979596 115.58999633789062 31.760000228881836 AB 2.8702297162043355 1.0201331811288104
60896.1802 lsst_hardware_r 179.06390196386238 138.61000061035156 31.670000076293945 AB 3.863528594170464 1.0190197843823894
60896.1924 lsst_hardware_i 65.37653470305608 107.54000091552734 31.350000381469727 AB 3.8669727696491654 1.0203318726398716
60897.1998 lsst_hardware_z -154.05127923435015 117.0199966430664 31.75 AB 4.287048194739064 1.024465874161
60899.1781 lsst_hardware_z -24.12242900167656 54.25 30.979999542236328 AB 2.776323513802753 1.0191771594613794
60899.1919 lsst_hardware_r -176.7715393544536 68.30999755859375 31.65999984741211 AB 2.7677994214162434 1.0232160522795724
60904.1339 lsst_hardware_r -11.790913536567748 23.1200008392334 31.510000228881836 AB 4.307132622960561 1.028446185043114
60904.1448 lsst_hardware_u 4.612256614547595 2.809999942779541 28.530000686645508 AB 4.310450177882152 1.0222411489048582
60906.1406 lsst_hardware_g 16.579079600743988 14.319999694824219 31.450000762939453 AB 1.912939654555044 1.0217330241981808
60906.152 lsst_hardware_r 5.497296041659169 23.049999237060547 31.510000228881836 AB 1.9067016548273725 1.0190815899665273
60908.1389 lsst_hardware_i 29.355786590393738 30.530000686645508 31.260000228881836 AB 1.7824250499063439 1.020472356816609
60908.15 lsst_hardware_z 53.11025853772137 40.97999954223633 30.950000762939453 AB 1.8341393253270404 1.0189662918483557
60910.1311 lsst_hardware_r 19.64843971954175 23.079999923706055 31.510000228881836 AB 2.2441987224398363 1.0212121144165194
60910.142 lsst_hardware_g 24.62649565011683 14.369999885559082 31.450000762939453 AB 2.218406800394156 1.0190201196114634
60912.1267 lsst_hardware_r 21.64773977992096 22.8799991607666 31.5 AB 3.675772426122413 1.020858848210261
60912.1388 lsst_hardware_i -4.726704192458975 30.389999389648438 31.25 AB 3.6084927167111913 1.0189644343122717
60920.0254 lsst_hardware_z -134.5034342378423 72.43268981326607 31.709999084472656 AB 1.8258493655172001 1.1404430765254217
60920.0333 lsst_hardware_r 59.672145434865385 77.0108820327862 32.369998931884766 AB 1.8690928297252 1.1188822686173003
60932.1048 lsst_hardware_u -4.675333550971911 3.9702916618903994 28.479999542236328 AB 1.2958386587670492 1.0247834391198491
60932.1169 lsst_hardware_g 123.71514198754083 18.19623409894392 31.43000030517578 AB 1.2558320823594409 1.033606652147952
60934.0618 lsst_hardware_g 214.22809554603705 19.492014674921702 31.43000030517578 AB 2.691962504782874 1.0227173449437077
60934.0734 lsst_hardware_r 786.0034395725976 36.1960721659919 31.5 AB 2.6955863852094453 1.0193179751216617
60936.1394 lsst_hardware_z 587.2203751680381 48.05223999844266 30.950000762939453 AB 2.4727941465023555 1.0804518554481601
60936.1505 lsst_hardware_r 1055.8721919226675 39.26489098103624 31.5 AB 2.524602888106358 1.1041342174092974
60938.0456 lsst_hardware_z 738.614290506504 48.118399024541276 30.950000762939453 AB 5.692564145350708 1.025471668781465
60938.0578 lsst_hardware_r 1206.9062004091177 41.426191549497005 31.5 AB 5.660536422242494 1.0202534931495377
60940.0495 lsst_hardware_u -3.051770054975783 2.7699325427610604 28.420000076293945 AB 2.622205219284643 1.0211079514349533
60940.0611 lsst_hardware_g 382.6340823319303 24.131599607186867 31.43000030517578 AB 2.5558618566708735 1.0189821017325056
60941.0444 lsst_hardware_r 1527.8941389976162 44.893076232536195 31.510000228881836 AB 1.418518668561436 1.0219875133727925
60941.0571 lsst_hardware_z 801.448097731024 49.867469416754034 30.950000762939453 AB 1.4010090220124065 1.0190391722723287
60943.0507 lsst_hardware_r 1614.4853513957955 46.22484659031984 31.5 AB 4.538433092068297 1.019109227260845
60943.0616 lsst_hardware_u 6.765033991122468 3.6355993637883226 28.450000762939453 AB 4.518855807554383 1.0197508216234301
60947.0431 lsst_hardware_i 1445.1622879427507 51.14672711228328 31.270000457763672 AB 3.4406315546021813 1.0189683520132822
60947.0546 lsst_hardware_z 1096.2722591342745 53.039003566217126 30.950000762939453 AB 3.457062879738908 1.020761166232792
60950.0497 lsst_hardware_r 1999.2823218260392 84.51964496303746 31.65999984741211 AB 4.997744176139414 1.0219290821265168
60950.0612 lsst_hardware_z 1031.7277835150057 68.10206215481891 30.989999771118164 AB 4.979924934791636 1.0283258344519033
60952.0421 lsst_hardware_z 2494.0700290794925 100.2449374250257 31.739999771118164 AB 2.3966095215168015 1.021137418626673
60955.035 lsst_hardware_r 1769.475474555018 92.3732042550372 31.65999984741211 AB 3.9825920467249794 1.021526687771455
60955.0471 lsst_hardware_z 1145.8330006699664 67.70794751640193 30.979999542236328 AB 4.489062224928692 1.0280098986497264
60957.0369 lsst_hardware_r 1567.8068670728023 45.28849896381952 31.510000228881836 AB 4.071272302948569 1.0249930269254615
60957.0482 lsst_hardware_u 6.065552815020558 6.769832553220696 29.079999923706055 AB 3.34350298766744 1.0332209479812855
60961.0699 lsst_hardware_i 1237.3043455866782 46.5275270853541 31.25 AB 5.126760929948992 1.078088691130837
60961.0815 lsst_hardware_z 980.6240558466 52.14913653216614 30.940000534057617 AB 5.276505625703792 1.1024300079819884
60963.0739 lsst_hardware_r 1314.9059866106898 42.3451264187958 31.5 AB 6.535709708128377 1.0975777611052646
60963.0859 lsst_hardware_u 3.0600678983620537 2.832902194692605 28.3799991607666 AB 6.987809142665054 1.127065990752428
61168.4116 lsst_hardware_z 56.666965682254265 53.130001068115234 30.969999313354492 AB 10.875964317804934 1.0275530801314774
61168.4238 lsst_hardware_y 56.89129665157901 57.459999084472656 30.059999465942383 AB 10.879628172622601 1.021241693299994
61175.3444 lsst_hardware_r 18.648900445104463 32.970001220703125 32.2400016784668 AB 8.411409846046757 1.094950513674402
61175.3696 lsst_hardware_z -71.50764547638938 58.54999923706055 31.700000762939453 AB 8.050794225153108 1.0507088942742808
61177.4276 lsst_hardware_z -37.44206084619274 46.970001220703125 30.959999084472656 AB 6.847898543030643 1.0220744094075587
61178.4043 lsst_hardware_u -0.8703440883070058 2.640000104904175 28.399999618530273 AB 8.07097360197522 1.0193197274532988
61178.4187 lsst_hardware_y 53.02945299048305 47.150001525878906 30.049999237060547 AB 8.426936220750214 1.02005582941448
61182.4112 lsst_hardware_i -16.08583312231369 30.559999465942383 31.260000228881836 AB 4.210458640382749 1.0210472816383676
61182.4248 lsst_hardware_y -13.026986753072165 48.779998779296875 30.059999465942383 AB 4.0037321541514865 1.0281357981984731
61185.3929 lsst_hardware_z 6.802658110482679 40.790000915527344 30.950000762939453 AB 8.016994424260634 1.0190231028210548
61185.4062 lsst_hardware_r 6.334050634846307 22.90999984741211 31.5 AB 8.057088218819324 1.022256910825036
61187.3936 lsst_hardware_u 0.09459703249912443 3.869999885559082 29.229999542236328 AB 5.0922536632721 1.0199296306188173
61187.407 lsst_hardware_g 21.33905786616851 20.059999465942383 32.189998626708984 AB 5.058471661213009 1.0254351634325987
61189.3779 lsst_hardware_r -44.226282659232616 57.279998779296875 31.649999618530273 AB 8.28601720976112 1.01898141542461
61189.3909 lsst_hardware_i -85.70665565959155 48.27000045776367 31.31999969482422 AB 8.313495029821425 1.0206660428255596
61194.28 lsst_hardware_i -5.669349259992834 83.01000213623047 31.31999969482422 AB 9.79162567806697 1.125301755830559
61194.2995 lsst_hardware_z -23.684483537551245 66.0199966430664 30.979999542236328 AB 10.269815354722807 1.0805782149329552
61196.41 lsst_hardware_z -60.1914760147325 63.61000061035156 30.979999542236328 AB 4.841880318859236 1.0525826780128773
61196.4232 lsst_hardware_r 83.00350906800942 80.6500015258789 31.649999618530273 AB 4.724304669972828 1.0737056068120063
61198.3378 lsst_hardware_z 107.23690225133835 83.08999633789062 32.150001525878906 AB 2.369308438300539 1.0229070429791858
61222.3331 lsst_hardware_i 167.79218349386733 105.6500015258789 31.34000015258789 AB 9.167022420479993 1.0448833009979375
61222.3451 lsst_hardware_r -132.72151727319343 133.80999755859375 31.649999618530273 AB 9.17098684168684 1.0616206407261997
61223.3403 lsst_hardware_z 136.37226383975192 118.23999786376953 31.739999771118164 AB 7.357212308221263 1.0584140276051401
61225.2394 lsst_hardware_r -30.07334319010214 75.80000305175781 31.649999618530273 AB 7.600659952907188 1.0428052619922055
61225.2513 lsst_hardware_z 78.46668123801952 59.4900016784668 30.979999542236328 AB 7.146331128489282 1.03106782982099
61231.2406 lsst_hardware_r 5.477397413503457 23.190000534057617 31.510000228881836 AB 9.957011061184813 1.026884154957331
61231.2528 lsst_hardware_i 46.120466378800074 30.6299991607666 31.260000228881836 AB 9.61546727924088 1.0209037749032548
61233.2459 lsst_hardware_z -80.70181920747824 40.970001220703125 30.950000762939453 AB 7.301724865909639 1.021398827194862
61233.258 lsst_hardware_i -54.274579115581346 30.549999237060547 31.25 AB 7.731107988174119 1.0189716830842588
61235.2702 lsst_hardware_g -14.086535153626858 14.470000267028809 31.450000762939453 AB 6.363614016093702 1.0224726276109584
61235.2821 lsst_hardware_r 17.11587079716236 23.200000762939453 31.510000228881836 AB 6.422404857996257 1.0296027987649805
61237.2323 lsst_hardware_r 11.170312806467107 23.299999237060547 31.5 AB 2.990723955236794 1.0224697282860835
61237.2441 lsst_hardware_i 75.7135845259471 30.56999969482422 31.25 AB 2.899638634387906 1.0192051438973309
61242.2208 lsst_hardware_r -7.174252483870039 23.209999084472656 31.5 AB 5.787932995397115 1.02159524533757
61242.2328 lsst_hardware_g 11.939767926086658 14.510000228881836 31.440000534057617 AB 5.623446512797771 1.01900182947878
61244.2131 lsst_hardware_r -48.51444338081218 39.5099983215332 31.600000381469727 AB 4.984986733529546 1.0225089448806821
61244.2251 lsst_hardware_i -38.92581582418213 38.650001525878906 31.290000915527344 AB 4.975698900074903 1.0191927284053466
61246.2157 lsst_hardware_z 32.93897005213877 52.70000076293945 30.969999313354492 AB 5.551067624313927 1.0198544229862074
61246.2266 lsst_hardware_i 45.30337933737091 53.29999923706055 31.31999969482422 AB 5.524721706035577 1.0190393260233472
61248.2167 lsst_hardware_z 142.77341031749506 102.87000274658203 31.739999771118164 AB 2.293741248302551 1.0189876713916266
61249.2048 lsst_hardware_r -67.9379327629483 130.19000244140625 31.670000076293945 AB 3.2581103504163424 1.0205514018532005
61249.2169 lsst_hardware_i -54.575254448413155 104.26000213623047 31.350000381469727 AB 2.6340188311012316 1.0189627973312307
61251.2105 lsst_hardware_z -157.51599670557525 127.66999816894531 31.75 AB 4.585257106994194 1.0189460237764876
61253.2103 lsst_hardware_z -16.049523466141213 62.5 30.989999771118164 AB 4.532180414458994 1.0193455968345002
61253.2225 lsst_hardware_r 78.51929197489211 85.9000015258789 31.65999984741211 AB 4.602731860205332 1.0231324526241847
