data/validation/pwv_sim_epoch_fit_epoch/21711937.ecsv
# %ECSV 0.9
# ---
# datatype:
# - {name: time, datatype: float64}
# - {name: band, datatype: string}
# - {name: flux, datatype: float64}
# - {name: fluxerr, datatype: float64}
# - {name: zp, datatype: float64}
# - {name: zpsys, datatype: string}
# - {name: pwv, datatype: float64}
# - {name: airmass, datatype: float64}
# meta: {SNID: '21711937', alt: 1024.0, c: -0.018425242975354195, dec: -18.524391, lat: -30.244573, lon: -70.7499537, ra: 24.082031, t0: 62719.03515625,
#   x0: 3.246766169863663e-06, x1: 1.0616697072982788, z: 0.7316906452178955}
# schema: astropy-2.0
time band flux fluxerr zp zpsys pwv airmass
62712.386 lsst_hardware_u 2.8542519098988812 2.9806747566119176 28.40999984741211 AB 4.882848690964687 1.0306804624727572
62712.4086 lsst_hardware_y 272.31645518757796 49.19792453628106 30.049999237060547 AB 4.896116342916429 1.0218870530480415
62717.3681 lsst_hardware_g 192.92794886796176 19.14232810385542 31.40999984741211 AB 1.9167707840391077 1.0343218548641646
62717.392 lsst_hardware_r 883.4465438233191 37.44828835317028 31.489999771118164 AB 2.005247384470293 1.0220424997300168
62721.3638 lsst_hardware_i 2253.8507287857406 63.84647812027901 32.0 AB 2.611421157941323 1.0289287462337757
62721.3871 lsst_hardware_z 1491.1953209793016 69.09579370928556 31.700000762939453 AB 1.4308572559957704 1.022040897139836
62724.3432 lsst_hardware_r 909.2598369574714 67.14424301547909 31.649999618530273 AB 5.617790141391897 1.040331507665166
62724.3683 lsst_hardware_z 757.8650741588511 55.59736497372078 30.969999313354492 AB 5.523514020300288 1.0228729667222756
62730.3373 lsst_hardware_z 608.1005160230194 65.03256555873925 30.989999771118164 AB 4.571106616284455 1.0303407227058392
62730.361 lsst_hardware_i 1010.7997756275288 69.45223309652076 31.34000015258789 AB 4.560342782629542 1.0219255535304295
62732.3594 lsst_hardware_z 638.552113413618 54.75855543473563 30.969999313354492 AB 2.4373349768518726 1.0223720540486043
62732.3805 lsst_hardware_r 683.2005759748922 57.29171460327181 31.639999389648438 AB 1.890262762093348 1.0338720667784949
62737.3291 lsst_hardware_g 46.17031391509663 15.683232202097823 31.450000762939453 AB 3.1829786445649733 1.0240694872320144
62737.3472 lsst_hardware_r 397.65652490414305 31.083405874703537 31.510000228881836 AB 3.2764683135233215 1.0226712730135739
62739.2939 lsst_hardware_i 619.7795330795888 39.807707588635715 31.25 AB 2.894982527787867 1.0511919127770033
62739.3118 lsst_hardware_z 488.05177333159077 46.531708483252984 30.950000762939453 AB 2.8170484625193155 1.0310675761066244
62741.2906 lsst_hardware_r 332.5837371609566 29.13255279088392 31.489999771118164 AB 3.7771037055250924 1.0481279360443323
62741.3086 lsst_hardware_u -2.775179757490213 2.7175213697260605 28.440000534057617 AB 3.1873929903237923 1.0293534604630363
62743.2783 lsst_hardware_g 65.65878023699607 15.557337376864021 31.420000076293945 AB 2.872379872619283 1.058454121646903
62743.2973 lsst_hardware_i 516.3162160202764 37.91937198132403 31.25 AB 3.101599383382419 1.0341537260513762
62746.2125 lsst_hardware_u 2.8785484199281397 3.8085914176312765 29.049999237060547 AB 2.713257744314471 1.2332989746883958
62746.2324 lsst_hardware_g 102.4604506599895 21.86111021010733 32.150001525878906 AB 2.5222183703823866 1.152267881546756
62752.2839 lsst_hardware_r 123.56364799181718 52.32647553799908 31.6299991607666 AB 2.9015840598857237 1.0260198231561966
62752.3003 lsst_hardware_z 280.6877287480395 50.611389199949805 30.969999313354492 AB 2.861323337483023 1.0219011919582226
62754.2505 lsst_hardware_z 653.4399230445985 90.52401753315098 31.729999542236328 AB 3.6636083253806033 1.0548829039391314
62756.2404 lsst_hardware_r 254.10460108574597 117.30323321349194 31.649999618530273 AB 3.2212396680061395 1.0625309515138448
62756.2595 lsst_hardware_z 164.87599562066885 78.56422849430982 30.989999771118164 AB 3.737903695773528 1.036387346332771
62759.2408 lsst_hardware_r 87.74858441827212 81.79897486609597 31.65999984741211 AB 0.7015458131968084 1.049040468334111
62759.26 lsst_hardware_y 123.41089821067797 54.49942070461182 30.06999969482422 AB 2.6698293450425217 1.028968144286686
62761.2377 lsst_hardware_g 7.525245625947809 50.86317331860546 31.709999084472656 AB 1.8652512526384308 1.045837540027155
62761.2563 lsst_hardware_r 80.19635317976811 53.20571769495329 31.639999389648438 AB 2.0463319154017996 1.0277910172787073
62766.2212 lsst_hardware_z 125.33997890702443 43.27440030922019 30.950000762939453 AB 2.122815772689775 1.0497296440542947
62766.2415 lsst_hardware_r 105.47056416911042 24.217701924794344 31.5 AB 2.096949547797095 1.0285466819360367
62769.1914 lsst_hardware_r 45.258136675612455 24.51606127541864 31.5 AB 6.847942005275336 1.0899159645511696
62769.2108 lsst_hardware_z 138.139479040542 43.130816528016815 30.950000762939453 AB 6.391749738595301 1.0529631792091823
62773.211 lsst_hardware_g -5.38060413522008 14.599373185618363 31.43000030517578 AB 4.790412629970981 1.038571843896171
62773.2293 lsst_hardware_r 71.84973534144864 23.89310340567522 31.5 AB 4.7286964631431765 1.0246917954695653
62775.2043 lsst_hardware_i 169.304659949861 32.37942771603636 31.25 AB 4.945721904545451 1.0399457298103245
62775.2221 lsst_hardware_z 142.5830053872146 42.500898836315535 30.950000762939453 AB 4.321053348261215 1.025505610409506
62779.162 lsst_hardware_r 23.006086875897257 37.08188146461544 31.579999923706055 AB 4.751824135967614 1.09489035390998
62779.1799 lsst_hardware_z 150.2896633324268 45.41556588679797 30.950000762939453 AB 6.564434214513189 1.0586374220421755
62782.2043 lsst_hardware_r -145.80491245155682 101.44758852065164 32.40999984741211 AB 4.1533318376194 1.024881391146058
62782.2164 lsst_hardware_y 158.56743090875653 73.95379167069154 30.809999465942383 AB 3.450649346708511 1.0219099743460547
62784.1866 lsst_hardware_z 210.82371080591764 77.49729649095023 31.0 AB 3.5832410722876737 1.0330312528218628
62784.2046 lsst_hardware_r 57.72236676006227 113.36291303283228 31.670000076293945 AB 3.5257395776491145 1.022842929402122
62786.1644 lsst_hardware_i 42.456999790033834 93.94049720262467 31.34000015258789 AB 6.329567113598589 1.0529389675499483
62786.1823 lsst_hardware_z 41.33183790741375 78.24450950267484 31.0 AB 6.329793684094438 1.032031578928441
62788.1655 lsst_hardware_r 54.62644022532189 79.56836098395704 31.649999618530273 AB 8.689671725227772 1.0438880060738405
62788.1829 lsst_hardware_z 108.84057512890448 59.96607525101591 30.979999542236328 AB 8.32962741743167 1.0275878876675235
62790.1693 lsst_hardware_g -29.43349007885308 44.42548795217639 31.709999084472656 AB 7.84101437442899 1.0338549460301412
62790.1866 lsst_hardware_i 56.290862640054165 47.222024611833504 31.309999465942383 AB 7.769061855307487 1.0232996977552644
62792.1633 lsst_hardware_z 31.78946847417938 42.11422799840053 30.959999084472656 AB 6.316967716808409 1.0343532543964866
62792.1808 lsst_hardware_r 48.761361554655906 23.860720834383162 31.520000457763672 AB 5.943776152321453 1.0234068044287885
62795.1451 lsst_hardware_r 75.86006911257918 24.198867776390856 31.520000457763672 AB 2.7992426578618894 1.045533861253034
62795.1621 lsst_hardware_u -1.3900819068678474 2.9201376872916733 28.600000381469727 AB 2.727754850265831 1.0286944752730978
62798.1749 lsst_hardware_i 62.16909483473782 31.698104902310572 31.260000228881836 AB 2.403089486375883 1.0219027547583932
62798.192 lsst_hardware_z 26.28867456353937 42.004039891997444 30.959999084472656 AB 2.2615113800579834 1.0274926760826821
62800.1474 lsst_hardware_r 15.298937524242453 23.805719954103942 31.520000457763672 AB 2.5907363271989627 1.0294316531916408
62800.1641 lsst_hardware_u -4.669024374699123 2.868567333634083 28.56999969482422 AB 2.5991153490068206 1.0222005829864265
62802.1348 lsst_hardware_g 18.18712627206185 14.344112197604504 31.450000762939453 AB 2.9603072935312813 1.0354948849287697
62802.1529 lsst_hardware_i 73.83155951078548 31.717171143205622 31.260000228881836 AB 2.9573607098202395 1.0236033607684705
62804.1322 lsst_hardware_z 16.041005071747957 42.26205077847735 30.959999084472656 AB 5.7751603656938055 1.0328463499407683
62804.1481 lsst_hardware_r 20.165622199577506 23.959156314362975 31.530000686645508 AB 5.658035512590441 1.0233842211331898
62808.1256 lsst_hardware_r -53.921580238187175 36.540000915527344 31.610000610351562 AB 4.04013494852642 1.0293993116826345
62808.1435 lsst_hardware_y 54.262691285708584 47.630001068115234 30.059999465942383 AB 3.9984043235609077 1.0220434516834696
62814.0995 lsst_hardware_z -32.115143795171804 106.19999694824219 31.75 AB 6.620226493611381 1.038086947566041
62818.0923 lsst_hardware_z -5.151669906441911 48.310001373291016 30.969999313354492 AB 3.658006275994775 1.0343577763310547
62818.1099 lsst_hardware_r -80.93408773054455 52.369998931884766 31.639999389648438 AB 3.494394292187474 1.0233735571998455
62821.0943 lsst_hardware_r -30.940595570895198 22.329999923706055 31.479999542236328 AB 5.938573756770469 1.0266799942551703
62821.1138 lsst_hardware_z 31.638130242306932 40.5 30.940000534057617 AB 5.917082045704991 1.0220073773455567
62828.0708 lsst_hardware_u 2.3961802253466615 2.6700000762939453 28.440000534057617 AB 7.00589221124891 1.0295338729960803
62828.09 lsst_hardware_g -12.655799128728361 13.819999694824219 31.43000030517578 AB 7.048355023090076 1.0219450519196862
62832.058 lsst_hardware_z -26.310549837335017 41.040000915527344 30.950000762939453 AB 3.788098750790261 1.0309621929030919
62832.0793 lsst_hardware_r -12.1350097454754 22.709999084472656 31.510000228881836 AB 3.720848946477416 1.021930498895198
62834.0603 lsst_hardware_u 2.9784268472495463 2.809999942779541 28.450000762939453 AB 5.476538533647408 1.025857175919836
62834.0798 lsst_hardware_g -7.103292248802691 14.579999923706055 31.440000534057617 AB 5.490139603270739 1.0221820151315162
63067.3838 lsst_hardware_r 19.645227314494182 23.100000381469727 31.5 AB 5.002638242603642 1.071228745739538
63067.3966 lsst_hardware_y 63.90646869989 47.099998474121094 30.049999237060547 AB 4.879185556246658 1.0497763595037097
63079.3131 lsst_hardware_z -54.80058214256445 93.83999633789062 32.150001525878906 AB 5.806255502350011 1.1792344254582403
63079.3551 lsst_hardware_y 78.20706561167573 86.73999786376953 31.229999542236328 AB 5.522403172202648 1.0637052659138329
63083.3209 lsst_hardware_z 18.95698280368424 89.87999725341797 31.729999542236328 AB 1.7937862871368464 1.1167541087233286
63083.3483 lsst_hardware_r 145.33290738261215 118.87999725341797 32.400001525878906 AB 2.196742587025604 1.0567613166692247
63085.3986 lsst_hardware_i -51.7055963922674 55.93000030517578 31.31999969482422 AB 3.2570658581125067 1.0239930387840939
63085.4205 lsst_hardware_z -52.642867089163644 56.060001373291016 30.979999542236328 AB 3.434164778436525 1.0406559934656137
63088.325 lsst_hardware_r 48.62962182394146 34.099998474121094 31.59000015258789 AB 5.15579094216718 1.0741231129514959
63088.3427 lsst_hardware_z -32.88909411285529 43.91999816894531 30.959999084472656 AB 5.33911069014611 1.0451254960075906
63091.37 lsst_hardware_g -1.173644905960738 14.789999961853027 31.469999313354492 AB 4.800333967055409 1.0219274695689913
63091.3892 lsst_hardware_i -0.5739316593165905 30.780000686645508 31.260000228881836 AB 4.65015966079596 1.0274703724829959
63094.3648 lsst_hardware_u 3.8258488524470824 2.75 28.5 AB 5.536998669172106 1.021963578658565
63094.3832 lsst_hardware_g -12.300339119443818 13.899999618530273 31.440000534057617 AB 4.984042581787783 1.0289105247291048
63100.2569 lsst_hardware_i -17.032928472030346 31.719999313354492 31.229999542236328 AB 2.1006768292381204 1.1748751841376512
63100.2737 lsst_hardware_z 12.640035263837586 42.40999984741211 30.940000534057617 AB 1.9714905956660742 1.1189994867085844
63102.293 lsst_hardware_r 12.373403990492447 22.670000076293945 31.5 AB 3.3012525237435986 1.0624924308682981
63110.2722 lsst_hardware_z -43.27903801389135 70.05000305175781 30.989999771118164 AB 1.7869303849619627 1.0607026424388382
63110.2878 lsst_hardware_r -79.47669164271441 103.30999755859375 31.65999984741211 AB 1.6571443925870724 1.038962001621989
63113.268 lsst_hardware_r 169.6751128322513 89.11000061035156 31.649999618530273 AB 2.334271965852548 1.0542440192032583
63113.2868 lsst_hardware_y -97.91841980987053 54.900001525878906 30.059999465942383 AB 2.303604572722268 1.0320038405386103
63115.2606 lsst_hardware_z -107.50887788701915 52.130001068115234 30.969999313354492 AB 0.9211760746288523 1.057303959401839
63115.2801 lsst_hardware_r 63.89241816713678 55.9900016784668 31.639999389648438 AB 0.8832752366404116 1.0330704522110077
63118.2582 lsst_hardware_i 17.268493518414793 32.27000045776367 31.260000228881836 AB 4.509004439901206 1.048605683697955
63118.2758 lsst_hardware_z -6.9379399630251575 41.900001525878906 30.950000762939453 AB 4.428596526431797 1.0299061689376272
63123.2391 lsst_hardware_u 0.5038381722235129 3.8399999141693115 29.200000762939453 AB 1.2756787663171663 1.0567544660918124
63123.2587 lsst_hardware_g 28.17876571821159 20.079999923706055 32.20000076293945 AB 2.0870549178194664 1.0326842740321815
63132.2366 lsst_hardware_r -17.260454851818057 32.47999954223633 32.25 AB 2.045152554693698 1.0306496999968242
63132.2664 lsst_hardware_i -43.727547045146544 30.459999084472656 31.25 AB 1.7953290270618747 1.0227852413947949
63136.2167 lsst_hardware_z -113.5054767001422 70.80000305175781 31.719999313354492 AB 3.5308189917615125 1.0390874019309926
63138.2354 lsst_hardware_r 17.667483977280448 94.7300033569336 31.65999984741211 AB 4.722634554726896 1.0228425559817125
63138.2541 lsst_hardware_z -65.22796384208536 66.38999938964844 30.989999771118164 AB 4.641762714109523 1.0240688441187893
63144.168 lsst_hardware_r 93.95158076137899 70.76000213623047 32.369998931884766 AB 6.6812307484999645 1.0827112624170983
63144.1883 lsst_hardware_i 44.77497575640731 68.13999938964844 32.060001373291016 AB 6.424937680191889 1.0471173728412695
63146.1884 lsst_hardware_z -5.412203734425362 41.65999984741211 30.950000762939453 AB 4.672683957860209 1.0402042017312403
63146.2068 lsst_hardware_r -28.197446298179816 29.90999984741211 31.559999465942383 AB 4.6357805821059905 1.0253316189342596
63148.1821 lsst_hardware_u -1.4720010600437339 2.740000009536743 28.459999084472656 AB 3.3834667751520073 1.0411734870710865
63148.2003 lsst_hardware_g 11.911209677817713 14.460000038146973 31.450000762939453 AB 3.2776030597158177 1.0258538528063357
63150.1687 lsst_hardware_r 7.608225322190693 23.010000228881836 31.489999771118164 AB 4.058508284346158 1.0516540577014444
63150.1864 lsst_hardware_z 49.060355151210686 40.93000030517578 30.950000762939453 AB 3.966421380508913 1.0314896100491833
63154.1644 lsst_hardware_g -1.1904063257286286 14.369999885559082 31.440000534057617 AB 6.39030641471243 1.0427478511904973
63154.1822 lsst_hardware_r 33.114741767831546 23.09000015258789 31.510000228881836 AB 6.856276689532575 1.0267986256288801
63156.1687 lsst_hardware_i 24.771740268937634 30.690000534057617 31.25 AB 6.709719718286233 1.0325955321504945
63156.1859 lsst_hardware_z -17.57668903091593 40.9900016784668 30.950000762939453 AB 6.637550152388136 1.022932021173364
63158.1403 lsst_hardware_z -19.306416440862336 41.58000183105469 30.940000534057617 AB 3.925013374277232 1.062154079274012
63158.1577 lsst_hardware_r 2.51999917639723 23.170000076293945 31.5 AB 3.9821893422215657 1.0379294549665246
63160.1657 lsst_hardware_g 4.941099589046325 14.319999694824219 31.440000534057617 AB 2.7287262553218365 1.02686637806893
63160.1831 lsst_hardware_i 17.984221481869465 30.559999465942383 31.260000228881836 AB 2.557144505524409 1.0219040251196518
63164.1406 lsst_hardware_r 31.575244108736168 47.90999984741211 31.6299991607666 AB 4.545271471235897 1.038701560717388
63164.1595 lsst_hardware_y 9.28316321169943 48.650001525878906 30.059999465942383 AB 4.483865887200258 1.0244933481797758
63167.1331 lsst_hardware_z 34.07108120339448 71.62000274658203 30.989999771118164 AB 2.9364655968235804 1.037956557244189
63167.15 lsst_hardware_r 140.32769180576298 101.56999969482422 31.670000076293945 AB 3.0752200080375784 1.0250733360125261
63171.1268 lsst_hardware_z -162.24224170086754 60.880001068115234 30.979999542236328 AB 4.76968416788886 1.0334243931509672
63171.1459 lsst_hardware_r 63.37075851491269 83.69000244140625 31.65999984741211 AB 4.726116342592369 1.0226922028871774
63182.0954 lsst_hardware_g -11.380857393217982 13.899999618530273 31.40999984741211 AB 3.531537867185274 1.0346807560482272
63182.1131 lsst_hardware_r 26.09436008493221 22.56999969482422 31.489999771118164 AB 3.554743322386578 1.0234631317603335
63188.093 lsst_hardware_u -0.22012683059140992 2.6500000953674316 28.420000076293945 AB 5.7032173605789485 1.0249136402388226
63188.1133 lsst_hardware_g 34.560248058238486 13.8100004196167 31.40999984741211 AB 5.7089585902962865 1.0227290152057242
63190.0907 lsst_hardware_r 9.615598319667898 25.100000381469727 31.530000686645508 AB 5.907818952833735 1.0236488886739752
63190.1109 lsst_hardware_i 8.201136831390132 31.31999969482422 31.260000228881836 AB 5.891429127043015 1.023617257760927
63192.0736 lsst_hardware_i 21.174586823909337 38.400001525878906 31.280000686645508 AB 4.6180630611954205 1.0300129499712412
63192.093 lsst_hardware_z -55.65412028157335 44.5099983215332 30.959999084472656 AB 3.89805363347075 1.0219935241784794
63203.0605 lsst_hardware_r -17.298026937351246 22.299999237060547 31.5 AB 6.782299663146762 1.0222947336671746
63203.0796 lsst_hardware_i 36.85378674963846 30.079999923706055 31.260000228881836 AB 6.799466626540089 1.0253554240093077
63205.0396 lsst_hardware_y -81.50548484294234 48.099998474121094 30.049999237060547 AB 2.2510369318546783 1.0289278628063405
63205.0587 lsst_hardware_z 28.960725612353265 40.720001220703125 30.950000762939453 AB 1.5517835614587319 1.021918710213192
63207.0417 lsst_hardware_y 20.456183439248743 48.119998931884766 30.049999237060547 AB 4.734408632478398 1.0246528800946744
63207.0608 lsst_hardware_u -2.4487215760119163 2.680000066757202 28.440000534057617 AB 4.538487496570754 1.0225849144529384
63209.0276 lsst_hardware_y -36.64557060728393 72.66000366210938 30.06999969482422 AB 5.123781992131161 1.0296989534025647
63209.0466 lsst_hardware_r 4.452824776635209 22.979999542236328 31.510000228881836 AB 5.504774189075494 1.0219891433397166
