data/validation/pwv_sim_epoch_fit_epoch/21794397.ecsv
# %ECSV 0.9
# ---
# datatype:
# - {name: time, datatype: float64}
# - {name: band, datatype: string}
# - {name: flux, datatype: float64}
# - {name: fluxerr, datatype: float64}
# - {name: zp, datatype: float64}
# - {name: zpsys, datatype: string}
# - {name: pwv, datatype: float64}
# - {name: airmass, datatype: float64}
# meta: {SNID: '21794397', alt: 1024.0, c: -0.028711650520563126, dec: -12.48276, lat: -30.244573, lon: -70.7499537, ra: 234.140625, t0: 62250.76953125,
#   x0: 1.4649627623051124e-05, x1: -1.362743854522705, z: 0.3918834924697876}
# schema: astropy-2.0
time band flux fluxerr zp zpsys pwv airmass
62198.332 lsst_hardware_i -83.40495007494312 71.13999938964844 31.309999465942383 AB 6.874588131753406 1.1394974526360693
62198.3491 lsst_hardware_y 29.11131605701554 55.189998626708984 30.030000686645508 AB 6.5548545905300655 1.0982108662789118
62201.3853 lsst_hardware_z -20.466987342703437 56.119998931884766 30.969999313354492 AB 7.864078809831533 1.0501657639908124
62203.3838 lsst_hardware_i -26.74353615214654 36.18000030517578 31.280000686645508 AB 8.95279527874132 1.0495656833225464
62203.4032 lsst_hardware_y 116.49154922007939 64.18000030517578 30.059999465942383 AB 9.012913394681082 1.055005664834494
62205.3749 lsst_hardware_u -3.7530525526220426 3.140000104904175 28.559999465942383 AB 8.799358214469427 1.0500531884131246
62205.393 lsst_hardware_z 79.90493195609574 43.33000183105469 30.959999084472656 AB 9.77226396014022 1.0523841651411885
62207.3749 lsst_hardware_r -23.79870834675253 24.56999969482422 31.520000457763672 AB 7.172421118757198 1.0494818185985704
62207.3943 lsst_hardware_y -33.44212607933242 48.599998474121094 30.040000915527344 AB 7.705761752266512 1.056379704197205
62210.3755 lsst_hardware_u 3.1934250662867645 2.819999933242798 28.479999542236328 AB 10.186374002430462 1.0508729272875903
62210.3943 lsst_hardware_y 16.062190315706363 48.650001525878906 30.040000915527344 AB 10.299741291630179 1.063555906924148
62212.3524 lsst_hardware_g 9.968363758599406 15.359999656677246 31.459999084472656 AB 9.308361054209273 1.0509609409742884
62212.3728 lsst_hardware_r -48.942239345694865 24.329999923706055 31.510000228881836 AB 9.248654668135627 1.0518999129698934
62215.342 lsst_hardware_i -42.77022055220037 31.780000686645508 31.270000457763672 AB 5.460855483224018 1.0517826431479442
62215.3616 lsst_hardware_r -8.913067111309712 24.440000534057617 31.530000686645508 AB 5.39197320467467 1.0507937906992342
62217.3438 lsst_hardware_u -1.6851205286631545 3.0199999809265137 28.6299991607666 AB 6.517971765120709 1.0497619206185758
62217.3623 lsst_hardware_g -9.136299533037255 15.529999732971191 31.489999771118164 AB 6.553495949072739 1.0534191254168905
62219.3394 lsst_hardware_r -31.263128421311553 24.260000228881836 31.520000457763672 AB 7.137482034957872 1.0496297110232164
62219.3599 lsst_hardware_i 36.581776981494734 31.760000228881836 31.260000228881836 AB 7.175710813393595 1.0552515902049404
62221.3243 lsst_hardware_z 10.955655561659096 41.9900016784668 30.950000762939453 AB 6.697564986412498 1.0523592394719266
62221.3427 lsst_hardware_r 29.924783653844617 24.270000457763672 31.520000457763672 AB 7.87594210626032 1.0501256141680426
62223.3284 lsst_hardware_z 62.71897103047392 75.86503366963986 31.729999542236328 AB 7.8519892239617155 1.0496376290831988
62225.3229 lsst_hardware_r 41.89926204761986 109.264743011961 31.65999984741211 AB 6.660502716686187 1.049641906340901
62225.3411 lsst_hardware_z 54.770879404852984 73.46204950673831 30.989999771118164 AB 6.5438422255824715 1.0537729533003926
62227.3187 lsst_hardware_r -174.66011556809653 117.55375438571846 31.65999984741211 AB 5.354807491470781 1.0495335222155613
62227.3374 lsst_hardware_y 168.6292800851144 62.45306834844679 30.059999465942383 AB 6.365087194452387 1.0548265641053103
62231.3114 lsst_hardware_i 556.440103208334 61.606050766938026 32.040000915527344 AB 7.309048996003794 1.0495475295812455
62231.3298 lsst_hardware_z 126.78738974460026 48.18073965644183 30.959999084472656 AB 7.324874382319824 1.057132974789964
62233.3119 lsst_hardware_r 543.685774014742 36.04260350795067 31.540000915527344 AB 8.820341247298582 1.0506243048477657
62233.3311 lsst_hardware_z 345.79869570238765 46.475761981107794 30.950000762939453 AB 8.927771406751472 1.0631357918549746
62237.2974 lsst_hardware_z 976.8558426216042 51.48185449144571 30.950000762939453 AB 3.7684161352244034 1.0498199332023874
62237.3141 lsst_hardware_r 1654.7857739890292 47.381945904836826 31.520000457763672 AB 3.799987006162816 1.0576574679675694
62241.24 lsst_hardware_u 21.47674733682549 5.828261081568313 28.450000762939453 AB 10.935236795201906 1.083125673058826
62241.2564 lsst_hardware_g 1789.71298398178 44.85839548323624 31.459999084472656 AB 9.989858173819654 1.0618471698362728
62243.2955 lsst_hardware_r 3847.7660247730832 67.39631680287441 31.530000686645508 AB 14.60685044115209 1.0560123221605873
62243.3141 lsst_hardware_i 2845.025880578889 61.1098345806774 31.260000228881836 AB 14.883963321580698 1.0757547422692788
62245.2903 lsst_hardware_z 2162.4090330760628 61.88419965962467 30.950000762939453 AB 10.517772144360098 1.0561956328333626
62245.309 lsst_hardware_r 4338.221715437904 70.80817972735277 31.510000228881836 AB 11.476851239772252 1.0762743226681908
62247.2648 lsst_hardware_r 4905.1378383827 74.07769810476925 31.530000686645508 AB 8.691940338742207 1.0494977467691629
62247.282 lsst_hardware_u 14.897768841985739 4.343035498498667 28.56999969482422 AB 8.739731039149754 1.054334611446434
62249.2587 lsst_hardware_g 2489.8937340146113 51.88595567454491 31.459999084472656 AB 5.8994009431905345 1.0495287214357827
62249.2761 lsst_hardware_i 3716.73861682318 67.68792692938827 31.25 AB 5.999435836760552 1.0540736462829283
62253.2632 lsst_hardware_y 1717.1872945219643 91.23383780732577 30.809999465942383 AB 2.8290316100710062 1.0529894330289105
62255.2514 lsst_hardware_r 5146.4192215704325 176.61818683176176 31.65999984741211 AB 11.219351293578361 1.0505010574511575
62255.2697 lsst_hardware_i 3698.5261303067095 141.872433479581 31.34000015258789 AB 11.264204013453105 1.0618093051282562
62260.233 lsst_hardware_r 4083.540989706471 73.99012002204286 31.600000381469727 AB 9.984794220776864 1.0496130722473358
62260.2509 lsst_hardware_z 2111.632140109939 64.41988270213459 30.959999084472656 AB 9.77319939171083 1.057343196780775
62262.2307 lsst_hardware_g 1112.6371065152339 37.70263494672599 31.530000686645508 AB 2.5013648675727223 1.0501111954545435
62262.2497 lsst_hardware_i 2911.021419606934 63.57782068909317 31.260000228881836 AB 2.4603790770697254 1.0609655356057461
62265.222 lsst_hardware_u 3.1735112434642807 4.04255481520227 28.59000015258789 AB 8.746551182248483 1.050006144327549
62265.2398 lsst_hardware_g 780.0454804232586 32.17779259750415 31.489999771118164 AB 8.834044500759552 1.0594284944246226
62267.2169 lsst_hardware_r 2135.6669002478043 53.06369556013329 31.530000686645508 AB 7.880849174850235 1.0500798367555277
62267.2368 lsst_hardware_i 2186.197400799782 57.74055200682621 31.270000457763672 AB 7.979657221784362 1.0616775876333162
62269.1886 lsst_hardware_z 1500.9486096406586 56.8857987524691 30.950000762939453 AB 6.232781150748152 1.0549135939207395
62269.2114 lsst_hardware_r 1831.8898222935534 49.63199979983074 31.520000457763672 AB 6.959175593138976 1.0500717623688225
62276.1683 lsst_hardware_g 277.8067325422368 22.699767400192194 31.459999084472656 AB 8.53460532625586 1.0556968613683908
62276.1882 lsst_hardware_i 1605.033171109507 50.80857378649884 31.25 AB 8.445184127001411 1.0495257821459913
62278.1684 lsst_hardware_z 2414.263561567135 80.540325954012 31.709999084472656 AB 5.555121613481736 1.0524884248035247
62278.1894 lsst_hardware_r 1909.3728281578517 67.33927730298495 32.349998474121094 AB 5.562926539175307 1.0507322053469597
62281.1691 lsst_hardware_y 1000.5232346871927 83.90110617207941 30.799999237060547 AB 6.694821437648391 1.0497563994744379
62284.1549 lsst_hardware_r 775.9811084618258 151.9112926564038 31.65999984741211 AB 7.527703975879738 1.0512818903540346
62284.1749 lsst_hardware_i 1273.4366427178804 123.3473302474647 31.34000015258789 AB 7.9664154393889195 1.051371282940696
62286.1319 lsst_hardware_z 879.9849332725867 67.13382451991937 30.979999542236328 AB 12.787362661011265 1.063486581920431
62286.1533 lsst_hardware_r 554.7696211363088 83.19487315701043 31.649999618530273 AB 12.621034712297968 1.0501484991511276
62287.1681 lsst_hardware_z 936.5918408381398 60.352992052288435 30.969999313354492 AB 8.162433706407128 1.0519277925648305
62287.1876 lsst_hardware_r 669.6532451808636 66.81987827898658 31.639999389648438 AB 8.317593622938587 1.0674529803565522
62305.0991 lsst_hardware_g 101.95660419824884 20.908615996350008 31.540000915527344 AB 5.391825066353846 1.0507649213369845
62305.119 lsst_hardware_r 297.0480720751907 31.098725018724668 31.520000457763672 AB 5.4375250434477875 1.051949128157781
62307.1015 lsst_hardware_i 475.9047558969183 47.110942082015306 31.290000915527344 AB 3.9702929749876557 1.0494859946660027
62307.124 lsst_hardware_z 332.9621012683347 50.91493697064844 30.959999084472656 AB 4.003617694498356 1.058481401528599
62309.0991 lsst_hardware_r 800.1662723696778 121.56728391730296 32.40999984741211 AB 2.7207508274742365 1.0496048971160172
62309.1214 lsst_hardware_z 960.6848700882579 97.41899420692803 31.739999771118164 AB 2.7288772454604304 1.0609942633983225
62311.0861 lsst_hardware_z 485.5172847407633 92.1755280709354 31.0 AB 3.9839799751475313 1.0499354263137806
62311.1072 lsst_hardware_i 538.5725075144657 110.55920997847142 31.34000015258789 AB 4.000376992791358 1.0543029937954909
62313.0938 lsst_hardware_z 354.00695113721804 80.3459657923441 31.0 AB 5.090757213513974 1.0507238830782195
62313.1182 lsst_hardware_r 228.86812280403834 119.10227237154272 31.65999984741211 AB 5.206077821558082 1.069375793541487
62320.1151 lsst_hardware_g 51.64426483645227 16.745960489787443 31.420000076293945 AB 7.031480891923219 1.0945642733379857
62320.1468 lsst_hardware_r 231.8055467834345 28.702204550380465 31.469999313354492 AB 7.282747519474184 1.1803799431871698
62324.0847 lsst_hardware_i 46.53967073864144 31.530000686645508 31.25 AB 2.761676276288586 1.0653245247352137
62324.1057 lsst_hardware_z 12.72606650760187 42.439998626708984 30.940000534057617 AB 2.823599756286738 1.097538127605669
62326.0692 lsst_hardware_r 1.7641561543488316 24.389999389648438 31.520000457763672 AB 2.982300517707325 1.0562424358800513
62326.0883 lsst_hardware_u -1.8437315323947303 2.930000066757202 28.549999237060547 AB 3.346263456843145 1.0769501014353307
62329.0398 lsst_hardware_g 5.507593865472918 15.289999961853027 31.450000762939453 AB 10.156643685728332 1.0495653286895041
62329.0607 lsst_hardware_i 28.8680267829936 31.690000534057617 31.25 AB 8.661516051367533 1.0560248782452024
62331.0385 lsst_hardware_z -11.753403209970024 41.880001068115234 30.950000762939453 AB 7.304070406002875 1.0495610689981378
62331.06 lsst_hardware_r 15.707331807447712 24.299999237060547 31.510000228881836 AB 7.629069914570192 1.0597893009682464
62333.0108 lsst_hardware_r 14.178192152208114 25.43000030517578 31.520000457763672 AB 4.646474245196163 1.0570378764024713
62333.0323 lsst_hardware_u -0.6584120854971492 3.059999942779541 28.510000228881836 AB 4.596002632600898 1.049515349023992
62335.015 lsst_hardware_g 48.5209150357412 29.729999542236328 31.649999618530273 AB 2.314414928559257 1.0515288180641784
62335.0338 lsst_hardware_r 5.5477434940739805 34.88999938964844 31.59000015258789 AB 2.3221511139239093 1.0507471103728097
62344.0084 lsst_hardware_i 1.3637042078083257 51.7599983215332 31.309999465942383 AB 4.698397545849353 1.0505081153380331
62344.0279 lsst_hardware_z -9.729152484284262 54.52000045776367 30.969999313354492 AB 4.788864781767261 1.0630110503367949
62345.9765 lsst_hardware_y 61.84818157124106 48.4900016784668 30.040000915527344 AB 4.70072541026544 1.0561647835231005
62345.9979 lsst_hardware_r -10.554508690394542 24.709999084472656 31.520000457763672 AB 4.672257117395793 1.0495916247098265
62348.9756 lsst_hardware_y 70.10136296728628 49.04999923706055 30.040000915527344 AB 4.762193678639965 1.05201163718782
62348.9956 lsst_hardware_g 6.300071089434197 15.899999618530273 31.479999542236328 AB 4.758964668918827 1.0507567025525018
62349.977 lsst_hardware_y -99.29098938880006 48.72999954223633 30.049999237060547 AB 4.077850414146053 1.0505411114159002
62349.9962 lsst_hardware_z -39.37091881428738 42.06999969482422 30.950000762939453 AB 4.104053545400515 1.0519842474592798
62354.9673 lsst_hardware_z -74.21097363535218 58.939998626708984 30.979999542236328 AB 3.268847174439596 1.0497261318046232
62354.9878 lsst_hardware_r -14.223226262988124 25.15999984741211 31.520000457763672 AB 3.264489992495362 1.0547625177690991
62356.9684 lsst_hardware_y 28.851595920119294 65.11000061035156 30.059999465942383 AB 3.591799557907585 1.049645537220637
62356.9877 lsst_hardware_z -89.37829807136467 42.529998779296875 30.950000762939453 AB 3.608221760937978 1.0586728558462168
62562.383 lsst_hardware_r 0.6080419255637363 24.989999771118164 31.510000228881836 AB 3.191006956021095 1.0568872918841086
62562.4009 lsst_hardware_y -179.1658870149082 69.51000213623047 30.059999465942383 AB 3.216608217905986 1.0495499528202907
62564.3811 lsst_hardware_z 27.83598065447206 42.2599983215332 30.950000762939453 AB 7.183151817304466 1.054472099916247
62564.3992 lsst_hardware_y 172.23855209422265 60.529998779296875 30.049999237060547 AB 7.272287168836325 1.0495182925560542
62565.3827 lsst_hardware_u 2.1457497305867697 2.9100000858306885 28.479999542236328 AB 10.23945489654656 1.052178958370943
62565.4019 lsst_hardware_y -43.95794567697227 65.80000305175781 30.059999465942383 AB 10.212624377233311 1.0503933465338706
62569.3747 lsst_hardware_r 3.4949117698123713 24.520000457763672 31.510000228881836 AB 7.170286861259912 1.0510278056228342
62569.394 lsst_hardware_y 29.762397541342544 49.060001373291016 30.040000915527344 AB 7.957682724815268 1.0513519255932446
62573.3764 lsst_hardware_g -10.770254295488174 15.470000267028809 31.459999084472656 AB 14.849517515429907 1.0496831419955166
62573.395 lsst_hardware_z -2.9583987552881927 43.09000015258789 30.950000762939453 AB 15.027445937361403 1.0584696142957413
62576.3493 lsst_hardware_r 3.7087825640179775 24.31999969482422 31.510000228881836 AB 7.9551079924319525 1.0539009694209962
62576.3689 lsst_hardware_i 97.01037582565368 31.6299991607666 31.25 AB 7.958371393005797 1.0497785771014219
62577.3534 lsst_hardware_z -25.47757926934465 41.81999969482422 30.940000534057617 AB 9.257623546294857 1.0508483347415432
62577.3741 lsst_hardware_r 4.492755538774888 24.309999465942383 31.510000228881836 AB 9.331130185317571 1.0521457774920209
62579.3602 lsst_hardware_z -30.57407090489909 86.95999908447266 31.729999542236328 AB 6.8418066139886395 1.0497056712080233
62581.3083 lsst_hardware_r 246.42830975473487 106.69999694824219 31.649999618530273 AB 4.244331280406126 1.0841896111900189
62581.3273 lsst_hardware_z -58.33102447972604 73.08000183105469 30.989999771118164 AB 4.1992753440311 1.0600215433626194
62583.3449 lsst_hardware_r 45.557944081266726 103.69999694824219 31.65999984741211 AB 6.331757175847152 1.0494770108726197
62583.3642 lsst_hardware_y 185.53438385790162 60.290000915527344 30.049999237060547 AB 6.414649240773167 1.0558224410786352
62593.3461 lsst_hardware_g 7.898517927518962 15.050000190734863 31.440000534057617 AB 9.480771433391494 1.0637910105070758
62593.3653 lsst_hardware_i -1.2334402039277328 31.700000762939453 31.239999771118164 AB 9.908597451397933 1.0913654041503382
62595.327 lsst_hardware_z 4.797316392275723 41.84000015258789 30.940000534057617 AB 7.335773067016922 1.0531329473632947
62595.3468 lsst_hardware_r 2.1014704843229417 24.059999465942383 31.489999771118164 AB 8.204076148809362 1.0709816129162533
62597.3128 lsst_hardware_u 2.697972080711818 2.9000000953674316 28.549999237060547 AB 17.677932829715765 1.049992298149277
62597.3331 lsst_hardware_g 21.044197097801575 15.199999809265137 31.459999084472656 AB 17.857583498190785 1.0617032653987448
62603.2981 lsst_hardware_u 0.6739018099763376 2.930000066757202 28.56999969482422 AB 6.962678336841127 1.050375762676391
62603.3133 lsst_hardware_r -13.173372910908608 24.280000686645508 31.530000686645508 AB 7.081479945890297 1.0586358628979775
62605.2876 lsst_hardware_i -64.56257733343081 38.86000061035156 31.290000915527344 AB 7.403437059284644 1.0495374339785433
62605.3048 lsst_hardware_z 63.68953067113922 42.08000183105469 30.959999084472656 AB 7.702970606143238 1.0562866789363745
