data/validation/pwv_sim_epoch_fit_epoch/21922459.ecsv
# %ECSV 0.9
# ---
# datatype:
# - {name: time, datatype: float64}
# - {name: band, datatype: string}
# - {name: flux, datatype: float64}
# - {name: fluxerr, datatype: float64}
# - {name: zp, datatype: float64}
# - {name: zpsys, datatype: string}
# - {name: pwv, datatype: float64}
# - {name: airmass, datatype: float64}
# meta: {SNID: '21922459', alt: 1024.0, c: 0.000340206635883078, dec: -12.941632, lat: -30.244573, lon: -70.7499537, ra: 27.949219, t0: 62118.87890625,
#   x0: 3.7068162185924402e-06, x1: 0.33845654129981995, z: 0.6934267282485962}
# schema: astropy-2.0
time band flux fluxerr zp zpsys pwv airmass
61975.4208 lsst_hardware_r 25.76099384233102 23.540000915527344 31.5 AB 5.555737787960516 1.0531372475401026
61975.4394 lsst_hardware_y -55.48856026139427 62.25 30.059999465942383 AB 5.5264068858296005 1.0483225202332471
61977.4173 lsst_hardware_z 1.8920793522118726 41.2599983215332 30.940000534057617 AB 6.326882162863423 1.0520256339979088
61977.4374 lsst_hardware_y -113.66144865004593 56.810001373291016 30.049999237060547 AB 6.349987028307688 1.048833402242089
61982.3996 lsst_hardware_r 16.29889391289759 23.15999984741211 31.5 AB 4.782520707327713 1.054483206025403
61982.4212 lsst_hardware_y 37.791230655788816 47.45000076293945 30.049999237060547 AB 3.6487484039474363 1.0484156034616583
61991.3486 lsst_hardware_z -67.83867749828822 88.56999969482422 31.729999542236328 AB 5.328593927337677 1.0862488894786824
61991.3733 lsst_hardware_r 52.77876169674015 115.72000122070312 32.400001525878906 AB 5.182015864200129 1.0557229019455863
61993.3623 lsst_hardware_z 16.555822473713793 85.5999984741211 31.729999542236328 AB 5.726468650774144 1.0604571575507673
61996.3736 lsst_hardware_r -43.250389549327785 39.27000045776367 31.610000610351562 AB 3.6712705184439627 1.0489344338411322
61996.3944 lsst_hardware_z -15.94665756748965 46.0099983215332 30.959999084472656 AB 3.6152448290303076 1.0521667139203457
62000.3562 lsst_hardware_r -10.460397613258385 22.969999313354492 31.510000228881836 AB 4.178901046519247 1.0511856735820346
62000.376 lsst_hardware_u 0.7980076040880093 2.819999933242798 28.530000686645508 AB 2.5428327664700014 1.049167693496081
62010.2327 lsst_hardware_r -15.643033828133502 28.34000015258789 31.489999771118164 AB 5.2184460870653435 1.3097961314533386
62010.2589 lsst_hardware_i 16.709180972293098 32.16999816894531 31.239999771118164 AB 4.259808638174832 1.1872376360576453
62014.2854 lsst_hardware_z -32.5199826283794 49.650001525878906 30.959999084472656 AB 1.7732053186277146 1.086966889228268
62014.3016 lsst_hardware_g -13.277675635430747 56.63999938964844 31.709999084472656 AB 1.6793959617708385 1.0639188861392705
62019.2628 lsst_hardware_z 133.9845549437262 78.69000244140625 30.989999771118164 AB 0.9706125479987106 1.1045377502119038
62019.2808 lsst_hardware_r 114.70215881064628 114.93000030517578 31.649999618530273 AB 0.8708097659469124 1.07275610218283
62022.2634 lsst_hardware_i -0.006289034895961691 68.01000213623047 31.329999923706055 AB 4.675164731486678 1.087247611973646
62022.2819 lsst_hardware_r -60.05570759993716 79.05000305175781 31.649999618530273 AB 4.565173844647491 1.061668335964533
62029.2318 lsst_hardware_g 26.269877423054343 14.390000343322754 31.43000030517578 AB 3.70144315544587 1.112881285461777
62029.2499 lsst_hardware_r -19.938089085990452 23.280000686645508 31.510000228881836 AB 3.5480322384819134 1.077992375475566
62032.2471 lsst_hardware_i -3.6136795293729564 30.889999389648438 31.260000228881836 AB 6.363927433143532 1.0703471603649306
62032.271 lsst_hardware_z -57.67349453867025 41.2599983215332 30.950000762939453 AB 5.845236933304624 1.0502626778015676
62034.2463 lsst_hardware_i -7.245555495331531 31.040000915527344 31.25 AB 3.44959597151679 1.0646901146658119
62034.2657 lsst_hardware_u 3.836339852480949 2.7799999713897705 28.489999771118164 AB 4.020518870417172 1.0502008368525484
62038.2209 lsst_hardware_r -32.363386317458364 23.329999923706055 31.479999542236328 AB 6.458197066931647 1.085183292069878
62038.2402 lsst_hardware_i -5.990729577380935 30.93000030517578 31.239999771118164 AB 6.395816213053787 1.0597433765052018
62040.2298 lsst_hardware_z 7.15891890595512 60.54999923706055 31.700000762939453 AB 3.6054909028768813 1.0648230664137275
62045.2086 lsst_hardware_i 147.11530980141964 69.66000366210938 31.329999923706055 AB 3.647533449847968 1.0744630531990969
62045.2278 lsst_hardware_z 16.74443870653148 62.720001220703125 30.989999771118164 AB 3.503876650427031 1.054352411171806
62049.21 lsst_hardware_z -41.7562804195701 80.13999938964844 31.0 AB 4.987177222592785 1.0598988146626773
62049.2277 lsst_hardware_r -120.43559740052845 114.1500015258789 31.65999984741211 AB 5.009049507460787 1.0492353388063795
62051.1822 lsst_hardware_r -31.44508432669769 73.61000061035156 31.639999389648438 AB 4.550948346353569 1.090918500923748
62051.2005 lsst_hardware_i -14.664545894507656 61.97999954223633 31.31999969482422 AB 4.397011465794239 1.0640076142275474
62053.1873 lsst_hardware_z -39.11605147001139 65.91000366210938 31.719999313354492 AB 3.6670164757777552 1.0736921166634068
62056.1817 lsst_hardware_g -0.0479556616579997 14.640000343322754 31.43000030517578 AB 6.842733544619275 1.070180410481796
62056.2012 lsst_hardware_r -12.267760322345342 23.510000228881836 31.5 AB 6.796510802943376 1.0522543432332212
62061.1018 lsst_hardware_g 9.21661595795444 14.670000076293945 31.360000610351562 AB 10.877205349861121 1.2648526013695767
62061.1249 lsst_hardware_r 18.224918500501644 24.030000686645508 31.479999542236328 AB 10.110132106114103 1.1685874962518346
62068.1363 lsst_hardware_z 80.46132449246204 60.630001068115234 31.709999084472656 AB 4.785666391951441 1.0899634964966585
62069.1446 lsst_hardware_g 3.817070707376492 26.549999237060547 31.6299991607666 AB 2.6800904659275533 1.0723221389410504
62069.1623 lsst_hardware_r -42.993212048126836 30.690000534057617 31.579999923706055 AB 2.56272572294448 1.0543303851938344
62074.1442 lsst_hardware_i -16.096803513147453 70.97000122070312 31.34000015258789 AB 3.857448700804238 1.0577046067464322
62074.1616 lsst_hardware_z -36.07142494766158 64.27999877929688 30.989999771118164 AB 3.9358858851859613 1.048730584914991
62078.1359 lsst_hardware_z -119.58528430326336 103.04000091552734 31.75 AB 5.383678239900292 1.055623184294175
62080.1258 lsst_hardware_r 0.028769300553834365 63.58000183105469 31.639999389648438 AB 2.65250576393453 1.0594837122529162
62080.1437 lsst_hardware_i -63.22684245072966 56.56999969482422 31.31999969482422 AB 2.6440768244831157 1.049063378865842
62082.1175 lsst_hardware_z -37.856625426671684 41.459999084472656 30.950000762939453 AB 5.948634036655703 1.0622560779742327
62082.1342 lsst_hardware_u 1.6716489487472441 2.759999990463257 28.479999542236328 AB 6.223249877779984 1.0503670783054164
62084.1168 lsst_hardware_g -31.958849523151326 14.460000038146973 31.450000762939453 AB 9.986535643260318 1.057783671566605
62084.1355 lsst_hardware_r 9.329537764781554 23.239999771118164 31.510000228881836 AB 9.239066764431728 1.0485237206413789
62087.1132 lsst_hardware_i 34.67858817962446 30.662280837248723 31.25 AB 3.633802895656639 1.0542948440013074
62087.1318 lsst_hardware_z -100.4765111520761 41.1028294145126 30.950000762939453 AB 5.241146809420255 1.048229361884051
62092.0963 lsst_hardware_u -1.0087708416074581 2.7227885088694155 28.350000381469727 AB 5.864561380198222 1.0566777261617435
62092.1168 lsst_hardware_g 3.5627238807173116 14.308931342272238 31.40999984741211 AB 5.792826811546955 1.0482382830213899
62094.0963 lsst_hardware_r 95.1606325283957 24.56153632211401 31.5 AB 6.085744422195015 1.0528969588572312
62094.1165 lsst_hardware_i 132.90731849668182 32.352340262213936 31.25 AB 6.044075884726063 1.0485602228814914
62101.0716 lsst_hardware_r 488.23679415002795 60.020560905786034 31.639999389648438 AB 3.881186922874792 1.0567762541862749
62101.0899 lsst_hardware_i 465.5958427511724 54.45507388783341 31.31999969482422 AB 3.9952329779684246 1.048411199361917
62106.0594 lsst_hardware_r 1076.7952775717458 103.3651442397519 31.65999984741211 AB 6.6393475731785045 1.0556520415272161
62106.0779 lsst_hardware_i 819.1161413055058 84.5139665117765 31.34000015258789 AB 6.570876099481019 1.0482652644745392
62108.0703 lsst_hardware_z 1297.411721943015 88.94269013610868 31.729999542236328 AB 3.615303348791591 1.048471172736698
62111.0396 lsst_hardware_y 329.1134271711673 52.36168691043318 30.049999237060547 AB 5.744286628790136 1.0609570353768976
62111.0586 lsst_hardware_g 251.13315408564412 20.984013028468702 31.440000534057617 AB 4.632888614052388 1.0491736656405792
62113.0409 lsst_hardware_y 319.43110419435294 52.17212727805887 30.049999237060547 AB 5.265802813844557 1.0552006172957704
62113.0619 lsst_hardware_i 1132.2881058994235 46.046949102570686 31.260000228881836 AB 5.650843775048177 1.0482643658882345
62115.0417 lsst_hardware_y 378.64926913754147 52.58647388032951 30.049999237060547 AB 10.61511959239439 1.0514183431451585
62115.0616 lsst_hardware_i 1250.0500280726774 46.53142133830536 31.260000228881836 AB 10.4513294062541 1.0490493916876236
62121.0337 lsst_hardware_z 885.3647269448664 67.46217530842259 30.989999771118164 AB 10.632692052243087 1.0486406679070275
62121.0522 lsst_hardware_u 3.2528809523970117 2.9644462191078707 28.489999771118164 AB 11.46590816678891 1.0516769701251008
62123.0358 lsst_hardware_y 367.32781734123057 65.22602575687225 30.059999465942383 AB 3.7919111475354126 1.0483580723073946
62123.0558 lsst_hardware_r 970.0078267764983 39.01804380213695 31.510000228881836 AB 4.4179383343282606 1.0578087715377957
62346.4079 lsst_hardware_r -67.56293885146694 72.80000305175781 31.649999618530273 AB 4.942651494831721 1.0516279776237705
62346.426 lsst_hardware_y 6.894056655494185 53.400001525878906 30.049999237060547 AB 4.798919096246427 1.0486384506329145
62350.3943 lsst_hardware_z 39.68578008127237 45.83000183105469 30.959999084472656 AB 1.9677217165559575 1.0531023369312056
62350.4131 lsst_hardware_y -20.169907489898755 48.47999954223633 30.040000915527344 AB 1.9400248364919028 1.048378728177197
62353.3517 lsst_hardware_r -53.36825244163383 23.950000762939453 31.5 AB 2.1658882547428466 1.0971151986878074
62353.3765 lsst_hardware_u 0.6653686421947617 2.9600000381469727 28.510000228881836 AB 1.5371083468346347 1.0606233202240019
62355.3605 lsst_hardware_g -12.771939187094677 14.170000076293945 31.40999984741211 AB 4.601617181539493 1.0730132171014324
62355.3859 lsst_hardware_r -45.60249707504349 32.58000183105469 32.2599983215332 AB 3.1978870038881513 1.0504679326231916
62355.4128 lsst_hardware_z 44.833411147821444 41.20000076293945 30.950000762939453 AB 3.175934512499206 1.0529414048899148
62357.3747 lsst_hardware_i -20.062166996987674 30.860000610351562 31.25 AB 5.168342433234665 1.053402221598206
62357.3949 lsst_hardware_z -32.27341400427126 41.41999816894531 30.950000762939453 AB 4.100963720357084 1.0484822874613307
62361.3684 lsst_hardware_r 0.0065666070171579195 23.260000228881836 31.5 AB 4.893374007993354 1.0509447703031867
62361.3857 lsst_hardware_u 2.862015113360634 2.809999942779541 28.510000228881836 AB 4.687951127860343 1.048758641579495
62363.3576 lsst_hardware_g 14.646455828455405 14.390000343322754 31.440000534057617 AB 5.860854449370511 1.0538577887863543
62363.3774 lsst_hardware_i 1.0563634274654923 30.989999771118164 31.260000228881836 AB 5.159514234783822 1.0483621324360097
62365.3464 lsst_hardware_z 40.54388236723619 41.52000045776367 30.959999084472656 AB 4.672963036700753 1.0581890934558609
62365.3679 lsst_hardware_r 28.72554243535114 23.010000228881836 31.510000228881836 AB 4.664450734465672 1.048308963808444
62368.3352 lsst_hardware_y -31.780690100079603 48.380001068115234 30.030000686645508 AB 2.826765531018329 1.0609654188733875
62368.3548 lsst_hardware_g -25.981590751953018 28.700000762939453 31.639999389648438 AB 2.7422229199631296 1.049052379480922
62377.2944 lsst_hardware_z -49.64312627262757 56.77000045776367 30.969999313354492 AB 7.568581824733238 1.082153535134864
62377.3124 lsst_hardware_i -87.51694989501952 57.06999969482422 31.31999969482422 AB 7.40293870796056 1.0592903246428904
62379.2776 lsst_hardware_z -22.492084955075285 47.040000915527344 30.950000762939453 AB 5.4439924832062845 1.1035865564983347
62379.296 lsst_hardware_r -7.77975378885907 41.540000915527344 31.600000381469727 AB 6.392740394991376 1.0716185390983226
62381.2655 lsst_hardware_y -73.26843620690347 48.04999923706055 30.020000457763672 AB 3.2516006633968573 1.118894501785401
62381.2824 lsst_hardware_g 27.953530011624785 16.540000915527344 31.469999313354492 AB 3.155468175391484 1.0839497925943322
62394.2585 lsst_hardware_z -10.337001000374487 41.54999923706055 30.950000762939453 AB 2.6765731729323017 1.0672141837848093
62394.2765 lsst_hardware_r 44.86715776960891 23.0 31.5 AB 2.5923673114945687 1.051812541856413
62400.1294 lsst_hardware_r -70.11822363928619 108.7300033569336 31.510000228881836 AB 7.278751688104001 1.5927246582282304
62400.152 lsst_hardware_i -34.77865538459436 83.7300033569336 31.270000457763672 AB 6.216771108850275 1.3945202128421437
62402.2369 lsst_hardware_z 71.29098311535664 84.72000122070312 30.989999771118164 AB 2.123889398647641 1.0669236764806196
62402.2579 lsst_hardware_r 163.91556534911098 125.9800033569336 31.65999984741211 AB 1.8195475192248611 1.0503449216228462
62405.2296 lsst_hardware_z 135.42487823495242 90.12999725341797 31.739999771118164 AB 3.254111258152507 1.0658733239937597
62408.2495 lsst_hardware_r 24.78317492474055 41.33000183105469 31.610000610351562 AB 4.846355303386247 1.0483895233746316
62408.2701 lsst_hardware_z 110.63046492371952 46.130001068115234 30.959999084472656 AB 4.825414380873114 1.0541977237560465
62410.2052 lsst_hardware_r -6.487310305506528 23.690000534057617 31.5 AB 5.159531537484547 1.0806999083594035
62410.2237 lsst_hardware_u -5.663542639548213 2.7699999809265137 28.469999313354492 AB 4.464019146271833 1.058054272358964
62412.203 lsst_hardware_g 13.064347861540396 14.300000190734863 31.40999984741211 AB 3.038132552581055 1.0756990036282108
62412.2229 lsst_hardware_r 6.910092353100708 23.100000381469727 31.489999771118164 AB 3.4254456990268833 1.0544699704561746
62415.2082 lsst_hardware_i 60.827963408042876 31.049999237060547 31.239999771118164 AB 5.073872660878985 1.0597060695237348
62415.2265 lsst_hardware_z 53.492461995977955 41.5099983215332 30.950000762939453 AB 5.072495195436745 1.049047675879652
62419.1811 lsst_hardware_u 3.125165969391822 2.609999895095825 28.329999923706055 AB 3.76937270228456 1.0799463381581205
62419.1995 lsst_hardware_g 35.62302689648204 14.40999984741211 31.420000076293945 AB 3.6061750413005313 1.0577361286566562
62421.1815 lsst_hardware_r 13.033819097268255 23.299999237060547 31.489999771118164 AB 6.60190392375856 1.0713897961308927
62421.2 lsst_hardware_z -70.50374024145992 41.2400016784668 30.940000534057617 AB 6.636314609349663 1.0533832713253433
62424.176 lsst_hardware_r 12.78616918234212 34.439998626708984 31.59000015258789 AB 7.054055871263792 1.0679333676721525
62424.1937 lsst_hardware_y 77.54508367594929 47.88999938964844 30.049999237060547 AB 6.878421236064034 1.052282698021015
62426.1706 lsst_hardware_z -1.3359874598089214 49.7400016784668 30.969999313354492 AB 6.91749893307368 1.0678585861823395
62426.1871 lsst_hardware_r -47.73966770480934 52.790000915527344 31.6299991607666 AB 6.881331979330212 1.0529293433466693
62428.1679 lsst_hardware_i 65.97887270952383 67.33000183105469 31.31999969482422 AB 2.7500946177549377 1.064621440514288
62428.1847 lsst_hardware_z -123.84032821048903 61.619998931884766 30.979999542236328 AB 2.7293529385568274 1.0513011254632447
62434.1497 lsst_hardware_r -8.18684476560169 76.36000061035156 31.649999618530273 AB 4.69017809486923 1.0667172802098246
62434.1697 lsst_hardware_z -52.97743852388613 59.029998779296875 30.979999542236328 AB 4.830147665642306 1.0506792587410303
62439.1471 lsst_hardware_g 18.807407531725502 14.640000343322754 31.440000534057617 AB 5.870367705093424 1.0559639708761839
62439.1634 lsst_hardware_r -7.149430754840777 23.479999542236328 31.5 AB 5.804080606680626 1.0485670216667045
62441.1257 lsst_hardware_r -18.981505356044206 23.18000030517578 31.479999542236328 AB 4.950166508333021 1.073012971459494
62441.1437 lsst_hardware_i -2.7551851035072357 30.729999542236328 31.239999771118164 AB 4.872133263219192 1.0544791984602815
62450.1161 lsst_hardware_z -52.99962584354156 41.459999084472656 30.950000762939453 AB 10.032781674666273 1.0567126013410633
62450.1333 lsst_hardware_r -1.076999132896909 23.149999618530273 31.5 AB 9.237767802103312 1.048574638427134
62455.0936 lsst_hardware_z -18.18396884394579 50.599998474121094 30.969999313354492 AB 4.474133845659235 1.065269963252199
62455.1115 lsst_hardware_r -38.199062851505126 53.599998474121094 31.6299991607666 AB 4.414424741791342 1.0510535099503193
62462.0987 lsst_hardware_r 3.601916655760164 90.23999786376953 31.649999618530273 AB 4.0259153811070485 1.0489162484972119
62462.1171 lsst_hardware_i -138.58249759458104 72.62999725341797 31.329999923706055 AB 4.021917847541344 1.0510696060477098
62467.0719 lsst_hardware_i -15.467603941063203 30.579999923706055 31.25 AB 3.8811274339630994 1.0550364535963481
62467.0927 lsst_hardware_u 1.6384137663591665 2.7100000381469727 28.450000762939453 AB 3.99252691574321 1.0482971137325454
62472.0622 lsst_hardware_g -3.9194907512779644 14.050000190734863 31.420000076293945 AB 6.62418737172119 1.0525163982397236
62472.0811 lsst_hardware_r 17.709795654091977 22.899999618530273 31.5 AB 6.600457693187892 1.0484960991005627
62476.0658 lsst_hardware_u 4.173417067593433 2.75 28.479999542236328 AB 3.3120493661874324 1.0482551073255753
62476.0857 lsst_hardware_g 9.522093607954332 14.09000015258789 31.420000076293945 AB 5.515838763284267 1.0550571467644387
62478.0398 lsst_hardware_y -7.142832096614577 50.09000015258789 30.049999237060547 AB 3.8417409710126376 1.056584425470782
62478.0586 lsst_hardware_r 19.57045965175519 23.010000228881836 31.5 AB 3.051237005360745 1.0483549236766003
62480.0424 lsst_hardware_y 17.669685349847725 49.349998474121094 30.049999237060547 AB 7.750619658221283 1.0514423493748986
62480.0627 lsst_hardware_z -55.55985314550647 41.630001068115234 30.940000534057617 AB 7.701237064533164 1.0491791239441868
62484.0327 lsst_hardware_y -83.14361365991995 67.30999755859375 30.06999969482422 AB 8.79406919809458 1.0508746303239886
62484.0514 lsst_hardware_r 111.16227371397464 52.220001220703125 31.6299991607666 AB 8.287745679915595 1.0490817316348855
62488.0425 lsst_hardware_z 72.87011665251865 98.86000061035156 31.739999771118164 AB 4.199682895946115 1.049658309409095
