data/validation/pwv_sim_epoch_fit_epoch/21967425.ecsv
# %ECSV 0.9
# ---
# datatype:
# - {name: time, datatype: float64}
# - {name: band, datatype: string}
# - {name: flux, datatype: float64}
# - {name: fluxerr, datatype: float64}
# - {name: zp, datatype: float64}
# - {name: zpsys, datatype: string}
# - {name: pwv, datatype: float64}
# - {name: airmass, datatype: float64}
# meta: {SNID: '21967425', alt: 1024.0, c: 0.005390047561377287, dec: -26.777105, lat: -30.244573, lon: -70.7499537, ra: 171.5625, t0: 61148.4609375,
#   x0: 3.27627554242173e-06, x1: -0.856002926826477, z: 0.7294282913208008}
# schema: astropy-2.0
time band flux fluxerr zp zpsys pwv airmass
61036.2417 lsst_hardware_r -21.826125004188867 24.729999542236328 31.3799991607666 AB 8.220121084773321 1.6202071715331274
61036.2634 lsst_hardware_u 6.063209348215316 2.4600000381469727 28.1200008392334 AB 8.916014269926528 1.420105536681466
61042.2526 lsst_hardware_r 140.8706416686114 76.52999877929688 31.559999465942383 AB 6.723995796300931 1.378998317535056
61042.2736 lsst_hardware_z 35.631947860972225 57.63999938964844 30.950000762939453 AB 6.0254984261171405 1.2524419925414971
61043.2486 lsst_hardware_r 97.58627296079068 85.33000183105469 31.56999969482422 AB 4.742235202841876 1.3880389880994806
61043.2712 lsst_hardware_i 35.431529737905066 65.19000244140625 31.290000915527344 AB 5.453926411237148 1.2507571175867787
61048.2658 lsst_hardware_z -14.520721155823331 83.91999816894531 31.709999084472656 AB 10.780306455385855 1.2112703882456015
61058.2053 lsst_hardware_r -8.116335027756788 24.010000228881836 31.420000076293945 AB 8.787147910414049 1.405231681614224
61058.2215 lsst_hardware_g -3.8443514046092013 13.949999809265137 31.31999969482422 AB 8.664004867269883 1.2983672811733677
61060.2063 lsst_hardware_r 29.64833476615391 23.979999542236328 31.43000030517578 AB 12.060525529943138 1.3593919668556287
61060.2231 lsst_hardware_i 24.621258757922888 32.41999816894531 31.219999313354492 AB 12.641791810213599 1.259456220195626
61062.2057 lsst_hardware_z -6.429732781811579 44.619998931884766 30.920000076293945 AB 12.9580193699135 1.327801964331745
61062.223 lsst_hardware_i -11.490419345553024 31.780000686645508 31.219999313354492 AB 11.70939916816911 1.2325683334914852
61066.2085 lsst_hardware_r -7.354709448280827 23.450000762939453 31.450000762939453 AB 17.66769647144206 1.2502792775771043
61066.2259 lsst_hardware_i -14.902783196049754 31.530000686645508 31.219999313354492 AB 16.498069769763887 1.1725290337773275
61068.2109 lsst_hardware_z 29.951422223568255 45.9900016784668 30.93000030517578 AB 12.233978110313803 1.2126056210044407
61068.2291 lsst_hardware_g -13.399668100320259 13.680000305175781 31.3700008392334 AB 11.446348340097183 1.1409078683065894
61070.2215 lsst_hardware_r 44.263839518036725 55.4900016784668 31.610000610351562 AB 14.093415504765497 1.1483268560877942
61070.2399 lsst_hardware_i 8.394766394039943 46.59000015258789 31.290000915527344 AB 13.37139894711015 1.0921668665449769
61075.1986 lsst_hardware_i -67.8271553521439 83.27999877929688 31.309999465942383 AB 10.739645348637774 1.1833993938059708
61075.2173 lsst_hardware_z -27.273225876590402 72.13999938964844 30.979999542236328 AB 8.452412942386074 1.117378933490128
61077.2249 lsst_hardware_r 17.180761748870736 78.33000183105469 31.639999389648438 AB 4.676495231406154 1.0818125222052186
61077.2442 lsst_hardware_z 129.74095555013724 60.84000015258789 30.979999542236328 AB 4.536177398725232 1.042559733101633
61081.202 lsst_hardware_u -5.612085190258345 3.509999990463257 28.600000381469727 AB 3.6179484389382393 1.1141290614673287
61081.2216 lsst_hardware_g -40.02289441540537 22.809999465942383 31.59000015258789 AB 4.592046673263141 1.0645344269986419
61083.2157 lsst_hardware_i -28.884192751521194 30.399999618530273 31.25 AB 6.25570336830006 1.0654655447314738
61083.2359 lsst_hardware_z 30.967771427079345 40.869998931884766 30.950000762939453 AB 6.0330659501794095 1.0303246435282059
61085.2173 lsst_hardware_r -7.759121041323682 22.690000534057617 31.5 AB 2.426182112947416 1.0514332017106895
61085.2366 lsst_hardware_u 0.16493753085840918 2.6600000858306885 28.43000030517578 AB 2.2896315256881734 1.022537339347156
61089.1019 lsst_hardware_r 17.835523352636816 24.559999465942383 31.389999389648438 AB 8.730378312260697 1.5685192799606216
61089.1213 lsst_hardware_u 1.8853631449820514 2.5399999618530273 28.190000534057617 AB 7.758762707472644 1.4004986836593418
61091.0982 lsst_hardware_g 8.464328047578846 14.100000381469727 31.270000457763672 AB 4.941408998860293 1.5509758314062438
61091.1181 lsst_hardware_r -10.354097548044722 24.190000534057617 31.450000762939453 AB 4.3966960169713225 1.3840959155186618
61098.1002 lsst_hardware_r -47.71804201109876 50.099998474121094 31.549999237060547 AB 9.043111015492057 1.3755350063492773
61098.1188 lsst_hardware_i -79.01224830966159 45.02000045776367 31.260000228881836 AB 8.307463342621146 1.2623405778180903
61100.0979 lsst_hardware_z 131.83051225732967 61.56999969482422 30.940000534057617 AB 5.62501197480766 1.3539564267198603
61100.118 lsst_hardware_i 31.96028705139737 62.86000061035156 31.290000915527344 AB 5.033538923943541 1.238643844710807
61102.104 lsst_hardware_z 113.00709549034401 119.87999725341797 31.709999084472656 AB 7.433943668609164 1.2833739609165582
61104.1013 lsst_hardware_r -135.88153586517063 123.0999984741211 31.600000381469727 AB 13.089458468587413 1.2682764487359357
61104.1233 lsst_hardware_i 100.8927355037746 97.36000061035156 31.31999969482422 AB 12.0411326441784 1.1680780563785613
61106.1118 lsst_hardware_z -42.67425706434155 89.94000244140625 31.719999313354492 AB 8.661534064995305 1.1923370896611887
61108.1011 lsst_hardware_g 34.315908992830025 29.559999465942383 31.59000015258789 AB 12.50970381435716 1.2152717731008593
61108.1222 lsst_hardware_r 62.71769317306126 42.619998931884766 31.600000381469727 AB 11.658605219572546 1.133168607627201
61110.1027 lsst_hardware_i -14.801513506070767 31.989999771118164 31.229999542236328 AB 8.960511627562584 1.1847827089200664
61110.1225 lsst_hardware_z 23.962255714172198 42.36000061035156 30.940000534057617 AB 8.471683247825142 1.115086422581407
61112.1039 lsst_hardware_i 55.3435817473383 31.610000610351562 31.229999542236328 AB 15.238219410334825 1.1588880835299333
61112.1236 lsst_hardware_u 1.7339968861374666 2.609999895095825 28.34000015258789 AB 14.171636864101048 1.0964728032728914
61115.1005 lsst_hardware_g -19.62097311679351 14.232047075411206 31.3799991607666 AB 8.207323414984176 1.1418487586497248
61115.1221 lsst_hardware_r -12.026454034181512 23.180493454081045 31.489999771118164 AB 7.855212310824261 1.0795193225975503
61117.086 lsst_hardware_i 0.24089905755092 31.611760014358847 31.229999542236328 AB 9.503574187951987 1.1750941808905087
61117.1015 lsst_hardware_r 7.891955940326243 23.450066302219607 31.489999771118164 AB 9.020120407309703 1.1208251259432394
61119.082 lsst_hardware_u 3.350460812079615 3.953901232157989 29.100000381469727 AB 4.431249169834992 1.1694007309557826
61119.0991 lsst_hardware_g -20.333932650642495 20.390144939687787 32.16999816894531 AB 5.719395943488855 1.111605573545824
61121.0802 lsst_hardware_r -24.63595442329747 24.033972437814786 31.469999313354492 AB 4.517090974428146 1.1556849603039838
61121.098 lsst_hardware_i -40.13198356667003 31.355313348617475 31.239999771118164 AB 5.8007473591954435 1.0992509682007447
61123.0855 lsst_hardware_z -5.871751852738331 42.69184920869054 30.940000534057617 AB 6.1516245052401635 1.1196477235728506
61123.1029 lsst_hardware_r 11.295557836233627 23.13866453606256 31.489999771118164 AB 5.8864731578065 1.0733578163452058
61125.0697 lsst_hardware_z 136.84117819204155 45.53389516986876 30.940000534057617 AB 7.9865551208497765 1.1541542601001626
61125.0873 lsst_hardware_g 2.6870909782415775 28.49127964377947 31.6200008392334 AB 8.922291608759355 1.0986465338017108
61127.0766 lsst_hardware_r 60.20688332388649 51.56086511112083 31.610000610351562 AB 7.834711272244154 1.1135441817710308
61127.0949 lsst_hardware_z 88.0570370840983 49.80147292923156 30.959999084472656 AB 8.665432211112421 1.0668867762435075
61129.073 lsst_hardware_r 123.04153749383394 83.87264535027057 31.639999389648438 AB 5.467933625043585 1.1081028726403048
61129.091 lsst_hardware_y 104.05089550084057 54.59573515201759 30.049999237060547 AB 6.322586356057229 1.0635728982938033
61132.068 lsst_hardware_z 292.49671616266625 91.89401871373724 30.989999771118164 AB 9.63363821891714 1.0991552995199017
61132.085 lsst_hardware_r 215.26623260946928 134.9068606517106 31.65999984741211 AB 9.00787634853798 1.0590856343319464
61134.0704 lsst_hardware_i 515.695460845413 79.58563773802292 31.31999969482422 AB 5.319214442994583 1.0790940850002535
61134.0877 lsst_hardware_z 392.64905456235107 68.92082301504442 30.979999542236328 AB 6.264095841990552 1.044015973665092
61136.074 lsst_hardware_r 664.9144335176712 60.852262925081384 31.6299991607666 AB 8.34938982126949 1.0592423839477516
61136.0905 lsst_hardware_z 387.9916071712783 55.138755659888176 30.969999313354492 AB 9.61322338910865 1.031277316907776
61140.0656 lsst_hardware_z 674.1421975299047 47.92490348302331 30.950000762939453 AB 5.9333637940855235 1.0543047921612876
61140.0835 lsst_hardware_r 818.4844011018314 36.29106262594195 31.510000228881836 AB 5.20938525076942 1.0260754876441638
61146.9701 lsst_hardware_y 309.01664263803116 83.5113247357385 29.959999084472656 AB 19.289606985655006 1.3504345411407872
61146.9896 lsst_hardware_i 1025.8395138503324 46.509868143710435 31.229999542236328 AB 17.750306309578043 1.2389841419452094
61148.9701 lsst_hardware_z 712.1852015930592 70.79012568783753 30.950000762939453 AB 12.190655946320282 1.3158224019198692
61148.9899 lsst_hardware_u 2.5639581689773103 2.6448054382456503 28.280000686645508 AB 11.30048779499085 1.211881047212081
61150.9687 lsst_hardware_y 362.48404389035073 71.53361043685229 29.969999313354492 AB 9.32798980640698 1.2918907920466705
61150.9878 lsst_hardware_r 754.2093093242834 36.32199134109828 31.469999313354492 AB 8.650744643090082 1.1971277831641698
61152.9674 lsst_hardware_y 481.83347106786835 75.03587854512975 29.989999771118164 AB 8.273130977727995 1.2688526843988643
61152.9852 lsst_hardware_z 700.0920550463633 51.11702909007764 30.940000534057617 AB 7.724611238414514 1.1851501631546038
61154.9666 lsst_hardware_y 145.54175674626768 71.84554755884255 29.989999771118164 AB 17.10585892857809 1.2447112261114102
61154.9838 lsst_hardware_z 758.36578365768 54.01262821478561 30.940000534057617 AB 16.050710453406182 1.1690247963150897
61156.9658 lsst_hardware_y 438.0593882239722 71.2330575346474 30.0 AB 7.7381299164859465 1.2222120302445718
61156.9847 lsst_hardware_r 677.780146864635 75.26478901941466 31.6299991607666 AB 7.266708122598973 1.1457166925657207
61158.966 lsst_hardware_y 349.7742552906377 72.4970137635945 30.010000228881836 AB 12.753171375290254 1.1969376691601858
61158.9851 lsst_hardware_r 682.974373744326 107.82719667522363 31.6299991607666 AB 11.88976549086465 1.1262091586446688
61160.9725 lsst_hardware_z 1283.4605669056068 123.60870464543841 31.739999771118164 AB 13.333294836125706 1.1502152205077385
61162.9628 lsst_hardware_y 355.57496173058627 69.57764074409413 30.020000457763672 AB 15.357916364849673 1.1657968585140657
61162.9807 lsst_hardware_i 687.5565032984649 71.35834515387698 31.309999465942383 AB 14.591499427555394 1.1065623064957706
61165.9623 lsst_hardware_y 141.56180079808206 61.2264440203093 30.030000686645508 AB 7.682909962742289 1.1382650939911536
61165.9806 lsst_hardware_r 290.6620875377273 29.213340721904082 31.489999771118164 AB 7.2598254098843285 1.0849864861460625
61167.9637 lsst_hardware_y 223.17179109269964 56.4356461152229 30.030000686645508 AB 10.962973945922194 1.1163829851330718
61167.9843 lsst_hardware_g 34.321009372688856 14.533291094692395 31.3799991607666 AB 10.443368256199598 1.0640121842605783
61169.9619 lsst_hardware_y 291.1245489420589 56.77184971706995 30.030000686645508 AB 8.61389471167099 1.1056684979896019
61169.9807 lsst_hardware_z 467.18092007624693 46.42773882290173 30.950000762939453 AB 8.240373260945187 1.0601732473984
61171.9605 lsst_hardware_y 223.90574901286948 59.18532069127648 30.040000915527344 AB 12.780778049812184 1.0945258242538676
61171.9798 lsst_hardware_u 3.0009585967457593 2.6379804645549934 28.360000610351562 AB 12.210282949758417 1.051341738398367
61176.9613 lsst_hardware_y 138.87149818128202 53.024888699335236 30.049999237060547 AB 11.0615445588689 1.0607541771067064
61176.9805 lsst_hardware_z 295.7620474998983 44.18243307315177 30.950000762939453 AB 10.71951655942327 1.0286209964661888
61177.9607 lsst_hardware_y 211.3200854186555 53.84223556887034 30.049999237060547 AB 7.847712180439585 1.0565040630640259
61177.9808 lsst_hardware_u 2.7752423396426327 2.6856721937348498 28.399999618530273 AB 7.591245691599912 1.024759244709403
61181.9596 lsst_hardware_y 239.70756253993525 54.61295083128455 30.059999465942383 AB 5.753817829395243 1.0391579970011275
61181.9791 lsst_hardware_i 179.31908166252816 34.95932055937681 31.260000228881836 AB 5.685545284748968 1.0149134746072113
61404.2451 lsst_hardware_r -59.24967098015846 51.529998779296875 31.520000457763672 AB 13.567919799040906 1.5107920494812086
61404.2677 lsst_hardware_z 9.12703888807431 53.43000030517578 30.940000534057617 AB 11.633637585140677 1.337199722429963
61406.2521 lsst_hardware_g -44.65633127276847 21.149999618530273 31.43000030517578 AB 9.95410830405107 1.4074971390183217
61406.2737 lsst_hardware_r 4.630082702306057 30.739999771118164 31.510000228881836 AB 8.982305480008598 1.2698647092973356
61408.2505 lsst_hardware_i -2.99054684443244 33.439998626708984 31.200000762939453 AB 6.050838361300781 1.3794228567880498
61408.2715 lsst_hardware_z 46.70109674354183 44.2599983215332 30.920000076293945 AB 5.466384999830149 1.2527523776395442
61410.2544 lsst_hardware_r 27.143029009913256 24.0 31.440000534057617 AB 13.811895851899413 1.3179289935018523
61410.2755 lsst_hardware_g -13.354109383454334 14.199999809265137 31.3700008392334 AB 12.647356057069072 1.2076153974094406
61412.2536 lsst_hardware_r -17.702812585060325 23.81999969482422 31.440000534057617 AB 12.369993159727914 1.2904452570349905
61412.2751 lsst_hardware_i -7.163060226796046 31.889999389648438 31.229999542236328 AB 11.172135854949873 1.1860016831156979
61416.292 lsst_hardware_r 16.24795587908905 22.860000610351562 31.489999771118164 AB 8.091043406139113 1.093384244072853
61416.3082 lsst_hardware_z -45.579586461576845 41.189998626708984 30.940000534057617 AB 7.817423656587791 1.0564086022415933
61419.2939 lsst_hardware_r 16.713689311964167 22.770000457763672 31.5 AB 8.749265447099456 1.069069580535124
61419.3121 lsst_hardware_u 2.7669882884399564 2.7699999809265137 28.510000228881836 AB 8.591914226965521 1.0355862868982146
61421.292 lsst_hardware_g -3.605086897251941 14.100000381469727 31.440000534057617 AB 6.043176559643388 1.0615100227724201
61421.3096 lsst_hardware_r -4.520699749219959 22.770000457763672 31.510000228881836 AB 5.958601954000778 1.0313014502186453
61423.2999 lsst_hardware_i 29.041863908000703 30.309999465942383 31.25 AB 7.5384674791524295 1.0375346632009703
61423.3158 lsst_hardware_z 13.73489923619271 40.63999938964844 30.950000762939453 AB 7.412783143293 1.0173660172644392
61427.2066 lsst_hardware_z -9.48558397669064 65.94999694824219 30.950000762939453 AB 12.969787037243316 1.3264931769105897
61427.2246 lsst_hardware_i 3.4760487602148635 70.05000305175781 31.290000915527344 AB 11.668096061451406 1.2282206380475165
61429.2195 lsst_hardware_z -81.82671615957717 97.16000366210938 31.719999313354492 AB 12.181729874966223 1.2265132777855643
61433.2287 lsst_hardware_z -74.37738350340726 72.5 31.709999084472656 AB 11.535502841921668 1.1446600908201303
61439.202 lsst_hardware_i 9.719035474635467 31.440000534057617 31.239999771118164 AB 10.90977358658203 1.1834865579369405
61439.2205 lsst_hardware_u -0.2761548746001455 2.7799999713897705 28.5 AB 10.076815115421995 1.1180518647952327
61444.2022 lsst_hardware_i -4.167182224316395 31.25 31.239999771118164 AB 10.296633431291692 1.1327429517372534
61444.2205 lsst_hardware_r 6.267286782017246 22.75 31.489999771118164 AB 7.747934921289421 1.0809186659939998
61446.2002 lsst_hardware_u -0.5230572834009479 2.640000104904175 28.3799991607666 AB 3.607956423061913 1.1217026031593076
61446.2189 lsst_hardware_g -3.759501360632819 13.760000228881836 31.420000076293945 AB 4.667154971207875 1.071923511990778
61449.2186 lsst_hardware_i 54.09792507797425 30.34000015258789 31.25 AB 5.181876845546476 1.0554437189652566
