data/validation/pwv_sim_epoch_fit_epoch/22005845.ecsv
# %ECSV 0.9
# ---
# datatype:
# - {name: time, datatype: float64}
# - {name: band, datatype: string}
# - {name: flux, datatype: float64}
# - {name: fluxerr, datatype: float64}
# - {name: zp, datatype: float64}
# - {name: zpsys, datatype: string}
# - {name: pwv, datatype: float64}
# - {name: airmass, datatype: float64}
# meta: {SNID: '22005845', alt: 1024.0, c: -0.04180874302983284, dec: 3.284369, lat: -30.244573, lon: -70.7499537, ra: 79.980469, t0: 60669.765625,
#   x0: 2.5445802394420713e-06, x1: 1.0051698684692383, z: 0.807763397693634}
# schema: astropy-2.0
time band flux fluxerr zp zpsys pwv airmass
60582.3755 lsst_hardware_g -25.320072322380586 15.010000228881836 31.399999618530273 AB 3.8475989989430697 1.2100319204160923
60582.394 lsst_hardware_y 61.19348594942071 73.38999938964844 30.020000457763672 AB 3.7780869702050017 1.20005938861431
60584.3652 lsst_hardware_i 16.873420925782394 32.58000183105469 31.229999542236328 AB 2.993784827388983 1.2155033809941047
60584.3844 lsst_hardware_y -110.36170176481247 53.470001220703125 30.0 AB 2.5152978746815453 1.2008105703444678
60588.3672 lsst_hardware_g 4.210685797709326 14.680000305175781 31.399999618530273 AB 7.561426719611609 1.2035697126321703
60588.3862 lsst_hardware_y 71.1836946589934 65.05000305175781 30.010000228881836 AB 6.984344089999336 1.2011942712183914
60590.3616 lsst_hardware_i 43.8369548432607 32.22999954223633 31.239999771118164 AB 5.341009523278007 1.2036529875175799
60590.3796 lsst_hardware_y 96.19948077998613 53.52000045776367 30.010000228881836 AB 4.843861992022292 1.200833465639242
60592.3598 lsst_hardware_u -3.5194245059060374 2.8499999046325684 28.450000762939453 AB 3.605340811823699 1.2017802706078997
60592.3782 lsst_hardware_z -57.0564216407227 49.380001068115234 30.950000762939453 AB 3.8136450453848867 1.202410418933753
60596.3595 lsst_hardware_z 44.73622300775855 43.27000045776367 30.940000534057617 AB 6.48056283641346 1.2001042289654555
60596.3777 lsst_hardware_y 10.68870051029809 60.15999984741211 30.010000228881836 AB 7.095622384843169 1.2102374867547618
60601.3563 lsst_hardware_r -99.33932239164041 98.93000030517578 31.6200008392334 AB 4.59646853647622 1.2038943259497696
60601.3739 lsst_hardware_y -54.8493124660935 67.91000366210938 30.0 AB 4.7133956578319856 1.2227764591400863
60603.3172 lsst_hardware_i 90.89008067285941 78.5 31.299999237060547 AB 2.7895976970348784 1.2110256987344274
60603.3341 lsst_hardware_r -47.08957064804717 94.01000213623047 31.6200008392334 AB 3.009258517825165 1.2004222529719923
60605.3236 lsst_hardware_z -52.11937003957142 82.62999725341797 31.709999084472656 AB 3.7363908425461965 1.2020882627027503
60609.258 lsst_hardware_z -66.43929311252059 45.0 30.93000030517578 AB 4.308746729468155 1.3082245971615987
60609.2841 lsst_hardware_r -26.578767162276982 24.010000228881836 31.479999542236328 AB 4.070649388855293 1.236089697511603
60611.3185 lsst_hardware_u 1.5818653438965569 2.8299999237060547 28.469999313354492 AB 3.6294904132037797 1.2000960255275366
60611.3357 lsst_hardware_g -4.105594869944445 14.789999961853027 31.420000076293945 AB 4.29990683644369 1.209197648043923
60615.3106 lsst_hardware_i 11.973980233897665 32.189998626708984 31.229999542236328 AB 3.607884228768761 1.2006270312042466
60615.3305 lsst_hardware_r -10.176723819666995 23.860000610351562 31.469999313354492 AB 3.7337454709247435 1.2155438320972045
60620.2767 lsst_hardware_r 28.118253904255962 23.90999984741211 31.479999542236328 AB 6.2407868098156705 1.2056773306788815
60620.2944 lsst_hardware_i 29.43263840444402 32.2400016784668 31.229999542236328 AB 6.946443168102835 1.2001456752078152
60622.3104 lsst_hardware_z -42.244047304731765 43.81999969482422 30.93000030517578 AB 9.714577671730488 1.214322208966311
60622.3286 lsst_hardware_r -25.45252593662415 23.959999084472656 31.469999313354492 AB 9.962099079689185 1.2452623849611482
60624.2747 lsst_hardware_i 45.013080195758484 32.040000915527344 31.229999542236328 AB 1.9481373360254026 1.200947705348034
60624.2909 lsst_hardware_z -7.956228556361388 43.470001220703125 30.940000534057617 AB 2.1139794525553643 1.2024341579691342
60626.2742 lsst_hardware_z -23.930858950172667 48.900001525878906 30.940000534057617 AB 5.404118515475459 1.200026317278044
60626.292 lsst_hardware_r 48.945906920823795 37.619998931884766 31.559999465942383 AB 4.910233435903583 1.2067420584673343
60629.2716 lsst_hardware_i -12.748095041966593 86.7300033569336 31.299999237060547 AB 7.1295727706110785 1.2004416089257388
60629.2901 lsst_hardware_r 15.3339624544014 107.06999969482422 31.610000610351562 AB 7.126219751196436 1.212921960971267
60631.2707 lsst_hardware_z -94.01333272921674 124.1500015258789 31.719999313354492 AB 4.807695960755715 1.2019239901889287
60633.2596 lsst_hardware_g 27.427132093494958 78.43000030517578 31.65999984741211 AB 5.24254429888195 1.2002390839756443
60633.2806 lsst_hardware_r 132.15208298814582 80.95999908447266 31.610000610351562 AB 5.364985549945214 1.214599124598625
60635.1245 lsst_hardware_i 49.86655143374868 35.58433471872459 31.149999618530273 AB 6.699489224154554 1.742238875907232
60635.1427 lsst_hardware_z 15.55270869677439 47.65600218541164 30.889999389648438 AB 6.543416183795482 1.5611466728740824
60640.2666 lsst_hardware_i 31.076381148310507 33.120754900732614 31.229999542236328 AB 5.364702250446996 1.2215177223893867
60640.2861 lsst_hardware_u 3.2670095861406376 2.8906509140308443 28.3700008392334 AB 5.546220163240364 1.2612928906112602
60642.1812 lsst_hardware_g 24.829434765648777 15.420273641727066 31.3700008392334 AB 5.547163145364125 1.2659938711367344
60642.1982 lsst_hardware_r 33.123513288810706 24.810960102690057 31.469999313354492 AB 5.350717034888951 1.228355609478639
60644.2245 lsst_hardware_r 101.7421551206046 25.496545230863088 31.469999313354492 AB 9.131662614510226 1.2000607956688145
60644.2437 lsst_hardware_i 153.76130372616745 34.566896084417586 31.229999542236328 AB 9.198723199852228 1.2074456180072275
60646.2265 lsst_hardware_z 164.9885916150832 45.61074141312323 30.940000534057617 AB 7.568723388695977 1.2007558271915784
60646.2463 lsst_hardware_u 5.265707872792881 2.7723775691785137 28.329999923706055 AB 7.668781488479573 1.2160850904061378
60648.2258 lsst_hardware_g 5.515478994924143 15.315725359811239 31.389999389648438 AB 3.234192877822629 1.2026374929153587
60648.2439 lsst_hardware_r 207.02944592866896 28.20836254913752 31.469999313354492 AB 3.1958470818335805 1.220254708603887
60652.2253 lsst_hardware_i 465.5006596193598 39.359098660928126 31.229999542236328 AB 6.766423427813382 1.2107221521473284
60652.2435 lsst_hardware_z 271.00744398388184 47.71747412065345 30.93000030517578 AB 6.729693617441822 1.2384799467735912
60654.225 lsst_hardware_z 345.3020371916229 50.459698855238614 30.940000534057617 AB 11.55945943948998 1.21678520415684
60654.2435 lsst_hardware_r 380.9892204404574 31.9408567744054 31.469999313354492 AB 11.909434330541888 1.2504218315061926
60656.2228 lsst_hardware_i 757.5114175193397 66.61833004212669 31.290000915527344 AB 13.289078660077159 1.2213384794317632
60656.2418 lsst_hardware_r 547.4197427630801 68.99599232017674 31.59000015258789 AB 13.660344670203434 1.2596855172283408
60660.1922 lsst_hardware_z 493.3081192383568 92.08328237713617 30.979999542236328 AB 10.31805235602813 1.2022199074895137
60660.211 lsst_hardware_r 938.4810118401118 132.0840962752739 31.610000610351562 AB 10.309447799041108 1.2200529939693021
60662.1514 lsst_hardware_i 942.5316229087813 68.81467557277075 31.299999237060547 AB 4.379605387338189 1.2165570520383857
60662.1709 lsst_hardware_z 473.26211337970216 65.24348830068905 30.959999084472656 AB 6.160854446852638 1.2009462859361868
60663.1692 lsst_hardware_i 982.1066483765896 59.010808264074264 31.290000915527344 AB 4.656729773863571 1.2006522557335828
60663.1878 lsst_hardware_z 583.5538473067135 59.33235766498482 30.959999084472656 AB 4.677461710331841 1.2043673538026312
60665.1701 lsst_hardware_g 81.73956453333878 25.932688676913504 31.540000915527344 AB 4.528794390198059 1.1999985135656974
60665.1892 lsst_hardware_r 728.4395967135919 43.41921611439645 31.549999237060547 AB 4.630430092821697 1.2100954116873635
60668.1639 lsst_hardware_i 848.6314059499808 44.25841078334689 31.239999771118164 AB 7.585281276586707 1.200202733637137
60668.1831 lsst_hardware_r 586.667479118602 34.650434710430325 31.479999542236328 AB 8.208507381363885 1.2123184770201798
60670.1268 lsst_hardware_z 651.7605575385643 50.205900017242996 30.93000030517578 AB 5.923236894144594 1.220342393849002
60670.1469 lsst_hardware_u 1.5390105973243717 2.6971941107503707 28.299999237060547 AB 5.869240915385509 1.201728279153462
60672.1265 lsst_hardware_g 95.45630401080552 17.128459764865006 31.389999389648438 AB 8.635103889411933 1.213576701680046
60672.1461 lsst_hardware_r 449.3941567305681 33.510208462795276 31.479999542236328 AB 8.63179444386328 1.200319060505845
60674.1292 lsst_hardware_i 852.4341368360226 43.61040479152558 31.229999542236328 AB 8.166827833372107 1.2057027878307718
60674.146 lsst_hardware_z 567.2586342405466 49.765043073619196 30.93000030517578 AB 8.081568825186295 1.2000250687038823
60676.1282 lsst_hardware_i 1670.07404941733 61.14946604675838 31.979999542236328 AB 8.377183620416032 1.202826820916126
60676.1496 lsst_hardware_u 1.892642282044182 3.826866535869509 29.079999923706055 AB 8.376380151813265 1.202755493434506
60678.1273 lsst_hardware_g 53.81026345682295 16.286701478930592 31.3799991607666 AB 4.60970561687312 1.200913277809852
60678.1483 lsst_hardware_r 497.54910790447065 31.406252174774117 31.469999313354492 AB 4.685604360124112 1.2053776731941894
60680.1271 lsst_hardware_i 735.6578089719741 42.34370572860097 31.229999542236328 AB 13.603927251055225 1.199984762039846
60680.1477 lsst_hardware_r 395.10038353079 30.852197525743637 31.469999313354492 AB 13.700244284074378 1.2095476887963788
60682.1277 lsst_hardware_z 439.82671625785343 51.05418269752403 30.940000534057617 AB 9.582645274662614 1.200607063166399
60682.1492 lsst_hardware_g 48.03721367884127 24.654516605988825 31.540000915527344 AB 9.678185461040217 1.2176370888287125
60686.0892 lsst_hardware_i 669.9577508458815 87.62209327225928 31.299999237060547 AB 6.849441663985089 1.2125051626810213
60686.107 lsst_hardware_z 440.8541080006222 77.49133279232716 30.969999313354492 AB 6.802008729889679 1.2004957165354222
60688.0827 lsst_hardware_i 489.9228654676606 97.68639601643538 31.309999465942383 AB 2.5138831171388287 1.2137033758063145
60688.1025 lsst_hardware_z 435.3789364194048 84.08273590799755 30.979999542236328 AB 3.5000655831735927 1.2002968392227684
60692.081 lsst_hardware_i 495.90978731265267 41.22411682878745 31.239999771118164 AB 3.3300231808152008 1.2050020556595626
60692.1007 lsst_hardware_r 169.43586456147787 47.00594956260199 31.579999923706055 AB 2.425379287545087 1.2006828156163796
60697.0772 lsst_hardware_z 295.9101729720336 46.73280306080401 30.940000534057617 AB 12.964750345115432 1.2004398467699473
60697.0965 lsst_hardware_r 151.89630933929124 26.379969636964205 31.469999313354492 AB 13.490259927944146 1.2054292351564075
60701.0709 lsst_hardware_r 126.72661406033836 26.03394127720427 31.489999771118164 AB 14.330471939662269 1.199955783099206
60701.0895 lsst_hardware_z 279.75957274988355 46.500282514446965 30.940000534057617 AB 16.502176517816494 1.2087145259399747
60703.039 lsst_hardware_y 120.3159751134352 57.12970598392717 30.0 AB 13.470834939553626 1.2171341390434864
60703.058 lsst_hardware_r 139.79827673568704 25.830588074303947 31.479999542236328 AB 13.96532107401406 1.2012490530160904
60707.0365 lsst_hardware_y 106.37942562194706 55.31112212752423 30.0 AB 10.259875758707809 1.207825741209937
60707.0551 lsst_hardware_i 233.40196977950353 35.13243988676292 31.229999542236328 AB 9.741749017806578 1.1999690845173367
60713.033 lsst_hardware_y 221.106567257671 58.34976582722729 30.0 AB 5.681118483199362 1.20055334680624
60713.0515 lsst_hardware_z -10.740800496145631 58.50973402784155 30.959999084472656 AB 7.4457120567484285 1.2044991801046097
60714.0403 lsst_hardware_y 162.63940690005597 82.83129882218321 30.760000228881836 AB 8.264568308008222 1.200591001708113
60718.0287 lsst_hardware_y 42.60874820894418 61.79789286010126 29.989999771118164 AB 3.1479325129304114 1.2004318722246388
60718.0455 lsst_hardware_z 111.86146040504225 67.63618395625268 30.959999084472656 AB 2.3633189504823875 1.2111303128539737
60949.3671 lsst_hardware_i 50.607168718686815 32.61000061035156 31.229999542236328 AB 5.082897905293498 1.2140438061248873
60949.3873 lsst_hardware_y -31.01052988846715 56.540000915527344 30.0 AB 5.073747734685953 1.2003188395282596
60951.3643 lsst_hardware_i 51.4009886651801 32.18000030517578 31.229999542236328 AB 3.5120528843242917 1.2110527187325144
60951.383 lsst_hardware_y 2.3751057439870173 52.060001373291016 30.0 AB 3.1280894946351334 1.2001494368264731
60956.3593 lsst_hardware_i 31.31607611481 75.55000305175781 31.299999237060547 AB 5.271974176287759 1.2038303036126714
60956.3784 lsst_hardware_y 80.44672721601057 59.5 30.0 AB 4.788903287305523 1.2011043880793986
60958.3687 lsst_hardware_z -154.09739527745256 95.86000061035156 31.719999313354492 AB 3.600458561568634 1.2001528538562114
60960.357 lsst_hardware_r 82.60915201159004 59.38999938964844 31.600000381469727 AB 6.655630637797632 1.200366232619508
60960.3767 lsst_hardware_y -83.29712974197494 59.189998626708984 30.0 AB 7.177617157747457 1.2062546340957014
60962.3564 lsst_hardware_z -28.833496484260564 46.2599983215332 30.940000534057617 AB 6.480185430545162 1.2000343389898447
60962.3744 lsst_hardware_y -26.754483434544277 54.560001373291016 29.989999771118164 AB 6.528624912703476 1.2090046134636065
60964.3566 lsst_hardware_u 3.0847316988745703 2.9800000190734863 28.450000762939453 AB 8.777159967949421 1.201116656578778
60964.3758 lsst_hardware_y 62.22427607433089 59.439998626708984 30.0 AB 9.490595778125522 1.2167430484776312
60971.2672 lsst_hardware_u -1.8768488559362075 2.5899999141693115 28.260000228881836 AB 4.813426262876581 1.3071082859135317
60971.2842 lsst_hardware_g -3.2426101387382626 14.260000228881836 31.360000610351562 AB 4.489710962303572 1.2555705324551538
60975.3202 lsst_hardware_z 50.881531317292 43.939998626708984 30.93000030517578 AB 3.748521289773184 1.2000068154534809
60975.3375 lsst_hardware_r 17.316731106672943 24.020000457763672 31.469999313354492 AB 3.7439094374667414 1.207712721763465
60977.3168 lsst_hardware_u -0.14628871669542526 2.6600000858306885 28.34000015258789 AB 3.635840319312138 1.200145343889136
60977.3337 lsst_hardware_g 8.88037253739949 14.359999656677246 31.389999389648438 AB 4.327876524499709 1.209241834171615
60980.3086 lsst_hardware_g 7.634162514415341 14.369999885559082 31.3799991607666 AB 6.59238974374826 1.2001437727559183
60980.3284 lsst_hardware_r -8.068997674019629 23.709999084472656 31.459999084472656 AB 6.55782278884635 1.212241565502437
60990.2653 lsst_hardware_r -3.576271154786087 40.5099983215332 31.56999969482422 AB 2.1430480843174213 1.2045799340394892
60990.2824 lsst_hardware_i 13.51920953857023 41.619998931884766 31.270000457763672 AB 2.0136021680022664 1.2002993401235507
60992.2728 lsst_hardware_z 18.68955035379034 44.25 30.93000030517578 AB 5.4092413028696695 1.2000091628046674
60992.2913 lsst_hardware_u -0.37706431294624454 3.4000000953674316 28.530000686645508 AB 5.361445677410254 1.2078955416214148
60994.2743 lsst_hardware_g -15.830867483423898 14.59000015258789 31.3799991607666 AB 5.5396211469483 1.2009801767514436
60994.2917 lsst_hardware_r 23.16534382595573 24.3799991607666 31.469999313354492 AB 6.43172108655446 1.2139903900630347
60996.2637 lsst_hardware_r -43.8913898932888 23.959999084472656 31.469999313354492 AB 4.848324376439462 1.2000307849773841
60996.283 lsst_hardware_i 48.27893276221102 32.400001525878906 31.229999542236328 AB 4.857137613447427 1.2104010333797635
60998.2617 lsst_hardware_z -45.35021058000401 43.619998931884766 30.93000030517578 AB 6.428809396466308 1.2005246305259212
60998.2822 lsst_hardware_i -28.159483719497572 32.279998779296875 31.219999313354492 AB 6.342486155691081 1.2157343599177843
61000.2644 lsst_hardware_u -3.7470108656258185 2.630000114440918 28.299999237060547 AB 3.9075082651915958 1.2040391121173775
61000.2829 lsst_hardware_g 20.10763107860636 14.6899995803833 31.3799991607666 AB 4.076913698764431 1.2245435619033094
61005.2684 lsst_hardware_z 58.44781433526148 43.849998474121094 30.93000030517578 AB 6.590229467670079 1.2232066078704598
61005.2874 lsst_hardware_u -2.7126971285598946 2.609999895095825 28.270000457763672 AB 6.751018325539922 1.2628954902175096
