data/validation/pwv_sim_epoch_fit_epoch/2211525.ecsv
# %ECSV 0.9
# ---
# datatype:
# - {name: time, datatype: float64}
# - {name: band, datatype: string}
# - {name: flux, datatype: float64}
# - {name: fluxerr, datatype: float64}
# - {name: zp, datatype: float64}
# - {name: zpsys, datatype: string}
# - {name: pwv, datatype: float64}
# - {name: airmass, datatype: float64}
# meta: {SNID: '2211525', alt: 1024.0, c: -0.08584558963775635, dec: -50.480045, lat: -30.244573, lon: -70.7499537, ra: 68.136795, t0: 61797.34765625,
#   x0: 3.6796855171272397e-05, x1: 0.512371301651001, z: 0.26331984996795654}
# schema: astropy-2.0
time band flux fluxerr zp zpsys pwv airmass
[from data line 131]
62103.2954 lsst_hardware_z 46.279585124973984 42.529998779296875 30.93000030517578 AB 5.342531828269822 1.1915099048291888
62103.3079 lsst_hardware_r 28.18240851816302 22.059999465942383 31.440000534057617 AB 5.514809137306357 1.2299317854454486
62105.2601 lsst_hardware_r -3.26173555955462 71.58999633789062 31.6299991607666 AB 8.65641776728154 1.1232375995607535
62105.2733 lsst_hardware_z -81.9260383073363 56.720001220703125 30.969999313354492 AB 8.943083385750441 1.1496812965771939
62107.2468 lsst_hardware_z -56.05964060869872 84.52999877929688 31.719999313354492 AB 6.998206672994464 1.110113231354638
62110.2672 lsst_hardware_r 8.84596403348316 58.22999954223633 31.610000610351562 AB 6.154699567515424 1.1674316326850196
62110.2783 lsst_hardware_z 28.154737690141683 52.029998779296875 30.950000762939453 AB 6.301647171927805 1.1972730535643092
62112.2717 lsst_hardware_r -18.754460572781035 42.939998626708984 31.579999923706055 AB 7.553413069999063 1.193995268856853
62112.2822 lsst_hardware_y 50.578988402315055 50.34000015258789 29.989999771118164 AB 7.946026922457209 1.226207184350795
62114.1876 lsst_hardware_u -0.17379522166809205 2.630000114440918 28.440000534057617 AB 10.350293394220168 1.0699083516870134
62114.202 lsst_hardware_g 3.152405811551637 17.1299991607666 31.510000228881836 AB 10.399493136435465 1.0794201089612288
62116.1947 lsst_hardware_r 19.330084433482586 21.65999984741211 31.469999313354492 AB 13.689438820523902 1.0779085685451892
62116.2081 lsst_hardware_i -19.988272934889327 30.260000228881836 31.239999771118164 AB 13.85552787940948 1.090986447197597
62118.1899 lsst_hardware_z 16.41941484693939 41.25 30.940000534057617 AB 8.196170987420404 1.078443550976369
62118.2016 lsst_hardware_r -29.665411464520503 21.559999465942383 31.459999084472656 AB 8.282488913956792 1.0898011728890515
62120.1925 lsst_hardware_u 8.9154421534743 3.559999942779541 29.09000015258789 AB 11.168011249480353 1.0858778688897994
62120.2057 lsst_hardware_g 18.795931480196128 17.899999618530273 32.11000061035156 AB 11.339407339904051 1.101852214410019
62122.1774 lsst_hardware_g -3.042662875879865 12.760000228881836 31.389999389648438 AB 3.5778907185541935 1.0771912444841099
62122.1911 lsst_hardware_r 9.272485240326642 21.690000534057617 31.489999771118164 AB 3.6010205169377234 1.0902822375549448
62124.1769 lsst_hardware_i -7.605048723389813 30.170000076293945 31.25 AB 4.0439158273498474 1.0813572940591445
62124.1872 lsst_hardware_r 32.21333922679825 21.770000457763672 31.479999542236328 AB 4.064961113414093 1.092095405027529
62128.1211 lsst_hardware_g 3.6930753755478842 19.40999984741211 31.540000915527344 AB 6.608066260727945 1.0664191496373314
62128.134 lsst_hardware_r -82.16743386056731 24.790000915527344 31.520000457763672 AB 6.664745489676218 1.0655494607580187
62129.1258 lsst_hardware_i 43.6789182288574 33.90999984741211 31.270000457763672 AB 6.807200035495121 1.0654145690801144
62129.14 lsst_hardware_z 7.827880797167131 42.63999938964844 30.959999084472656 AB 6.827556699603978 1.0673060340166185
62131.1225 lsst_hardware_i 1.6310802515100753 39.939998626708984 31.290000915527344 AB 5.329034413750357 1.0653807304578882
62131.1369 lsst_hardware_z -28.313726386019493 45.47999954223633 30.959999084472656 AB 5.21877939465187 1.0681087586270033
62133.1253 lsst_hardware_z 79.99420986799242 49.630001068115234 30.969999313354492 AB 7.537520842174874 1.0663159458425993
62133.1393 lsst_hardware_r -116.99829049104528 55.400001525878906 31.6299991607666 AB 7.6342632813922116 1.071788936843598
62135.1061 lsst_hardware_r 145.49783452819062 73.80000305175781 31.639999389648438 AB 7.98500455167585 1.0656974477562335
62135.1169 lsst_hardware_i 56.884880653266244 59.279998779296875 31.31999969482422 AB 7.977442969989108 1.0657906439530764
62139.1122 lsst_hardware_g -42.66596611319073 58.34000015258789 31.700000762939453 AB 4.578656469375739 1.0671615124987155
62139.1239 lsst_hardware_r 11.868953189929318 57.709999084472656 31.6299991607666 AB 4.523224834769244 1.0723624549002475
62141.1093 lsst_hardware_i 9.448486360438437 29.780000686645508 31.239999771118164 AB 11.149632265662568 1.0680065390653504
62141.1212 lsst_hardware_z 77.9241599911761 44.02000045776367 30.950000762939453 AB 11.193163042315748 1.0740968277819538
62143.1041 lsst_hardware_i 9.450722788224171 29.860000610351562 31.239999771118164 AB 9.390582955390297 1.0681029313632304
62143.1179 lsst_hardware_u -2.69067260369143 2.569999933242798 28.3700008392334 AB 9.4470968736958 1.0755912112596973
62145.0955 lsst_hardware_g -7.361919585726678 12.649999618530273 31.3700008392334 AB 7.0221326490269815 1.0670717849830174
62145.1079 lsst_hardware_r 20.991678516600896 21.510000228881836 31.469999313354492 AB 7.027104992780998 1.0725948245105714
62149.0746 lsst_hardware_z -60.972109484937 40.90999984741211 30.950000762939453 AB 2.2547006098479283 1.065422615403643
62149.0872 lsst_hardware_u 0.4374069755638749 2.619999885559082 28.43000030517578 AB 3.1510742726463854 1.0679194326637094
62151.076 lsst_hardware_g 6.451487073494928 12.800000190734863 31.3799991607666 AB 6.359904455750101 1.066292976066745
62151.0888 lsst_hardware_r -12.200857995611292 21.6200008392334 31.479999542236328 AB 5.794768399331944 1.0710557080892016
62153.0748 lsst_hardware_i -14.352844011588157 30.100000381469727 31.239999771118164 AB 2.9210040217944035 1.0674233589601405
62153.0881 lsst_hardware_z -97.52980821560065 41.470001220703125 30.940000534057617 AB 2.0956840884252528 1.0738837245325406
62155.0714 lsst_hardware_i -2.0665236112639627 30.139999389648438 31.25 AB 3.935003371605515 1.0681333799146349
62155.0862 lsst_hardware_u 6.292876351242237 2.640000104904175 28.43000030517578 AB 4.177337541473971 1.0763790877947128
62157.072 lsst_hardware_g 18.459250285917914 16.8700008392334 31.489999771118164 AB 12.867908358098184 1.070838420923563
62157.0849 lsst_hardware_r -58.99707423790524 23.68000030517578 31.5 AB 13.66734713997656 1.0797114264629277
62159.0672 lsst_hardware_i 56.29746878939786 48.65999984741211 32.0099983215332 AB 7.672937852305303 1.071190541994301
62159.079 lsst_hardware_r 91.81929405736238 44.04999923706055 32.310001373291016 AB 8.011400179477047 1.079339869245813
62161.0749 lsst_hardware_z -1.4530911008197147 65.38999938964844 31.709999084472656 AB 7.449149134055069 1.0805133581774153
