data/validation/pwv_sim_epoch_fit_epoch/22356451.ecsv
# %ECSV 0.9
# ---
# datatype:
# - {name: time, datatype: float64}
# - {name: band, datatype: string}
# - {name: flux, datatype: float64}
# - {name: fluxerr, datatype: float64}
# - {name: zp, datatype: float64}
# - {name: zpsys, datatype: string}
# - {name: pwv, datatype: float64}
# - {name: airmass, datatype: float64}
# meta: {SNID: '22356451', alt: 1024.0, c: 0.10787390172481537, dec: -49.896984, lat: -30.244573, lon: -70.7499537, ra: 12.348837, t0: 61745.96484375,
#   x0: 2.029930397675737e-05, x1: 0.9745762944221497, z: 0.34100958704948425}
# schema: astropy-2.0
time band flux fluxerr zp zpsys pwv airmass
61593.4434 lsst_hardware_r -30.502856801265118 30.809999465942383 31.559999465942383 AB 1.8138843697661278 1.0610096240406304
61598.4438 lsst_hardware_g -6.180096662760089 31.81999969482422 31.65999984741211 AB 9.302312780851775 1.064825180958333
61607.1985 lsst_hardware_z -162.2610338938247 147.02999877929688 32.38999938964844 AB 11.434038024516271 1.8331123085395307
61607.2169 lsst_hardware_i -104.18535625526506 151.72999572753906 32.72999954223633 AB 9.34408879029771 1.6494419753394014
61607.3002 lsst_hardware_z -22.440609058076134 88.25 31.719999313354492 AB 6.032637356911529 1.2003456910732786
61608.4305 lsst_hardware_r 14.092594516432499 69.66000366210938 31.639999389648438 AB 5.368054239170657 1.0736108478341315
61608.4412 lsst_hardware_z -35.16230864812135 74.88999938964844 30.989999771118164 AB 5.418943001954066 1.0837886003908133
61611.4256 lsst_hardware_r -72.37890508826261 41.29999923706055 31.600000381469727 AB 6.593848796131764 1.0764149363150248
61611.4368 lsst_hardware_y 61.002714094720666 57.27000045776367 30.049999237060547 AB 6.693945218188504 1.088136744534239
61612.4223 lsst_hardware_g -39.18073981766411 30.34000015258789 31.639999389648438 AB 6.476252560592466 1.075908610132761
61612.4335 lsst_hardware_r 13.004206874689773 34.90999984741211 31.579999923706055 AB 6.583467455317725 1.087457458757396
61617.4238 lsst_hardware_i -22.701124055274686 30.940000534057617 31.239999771118164 AB 3.8130320224796055 1.092350655790567
61617.4345 lsst_hardware_z -8.374295058073203 49.36000061035156 30.959999084472656 AB 3.85160743149409 1.1078448987998342
61619.4248 lsst_hardware_r 14.656972907884903 22.59000015258789 31.479999542236328 AB 1.3681898697047457 1.1013065760971927
61619.437 lsst_hardware_u -1.1111920848489674 10.729999542236328 29.209999084472656 AB 1.3967431902962941 1.1215817909231485
61624.4006 lsst_hardware_r 11.277392562520138 21.950000762939453 31.469999313354492 AB 3.29095969834659 1.087291549796511
61624.4117 lsst_hardware_z -2.4227312532386582 41.66999816894531 30.940000534057617 AB 3.327499042312291 1.102124993313483
61626.4032 lsst_hardware_r 12.346269831880944 22.010000228881836 31.479999542236328 AB 4.264980804114665 1.0977129729190112
61626.4148 lsst_hardware_u -6.1619019504675245 2.7100000381469727 28.420000076293945 AB 4.281047952872043 1.116018757265913
61627.3933 lsst_hardware_g -14.576919873806649 13.119999885559082 31.389999389648438 AB 5.659436239265877 1.0883531229357455
61627.4055 lsst_hardware_r -52.903866068696644 22.110000610351562 31.479999542236328 AB 5.746832432583523 1.105160083189139
61629.4019 lsst_hardware_i -11.001958621463212 30.6299991607666 31.239999771118164 AB 3.2574524010932144 1.1081026423947888
61629.4125 lsst_hardware_z -35.39875761514397 42.349998474121094 30.940000534057617 AB 3.2679612757665106 1.1268831985401762
61631.3931 lsst_hardware_r 28.22350674722858 42.439998626708984 31.600000381469727 AB 3.9047906983755354 1.1028924441111525
61631.4052 lsst_hardware_z 121.34289060517293 42.11000061035156 30.940000534057617 AB 3.877319263821027 1.1233722334698037
61649.3705 lsst_hardware_u -0.34972050369426444 2.619999885559082 28.350000381469727 AB 0.9305416335734109 1.1539216289016152
61649.3811 lsst_hardware_g -1.7240121079727848 13.5 31.360000610351562 AB 0.7285594200800314 1.1809689370471939
61651.3577 lsst_hardware_g -13.056866444884403 13.34000015258789 31.360000610351562 AB 1.146535395841406 1.1375299504007337
61651.3688 lsst_hardware_r -12.326651331174148 22.520000457763672 31.459999084472656 AB 1.1735144796698644 1.163047056164385
61655.3532 lsst_hardware_u -5.5040181371077175 2.619999885559082 28.3700008392334 AB 2.6982117147948146 1.1517693717109339
61655.3647 lsst_hardware_g -14.10463764239886 13.380000114440918 31.3700008392334 AB 2.8223947772287903 1.1809183168321298
61671.2832 lsst_hardware_z -0.3981448930414405 43.150001525878906 30.940000534057617 AB 1.9054844528401882 1.1018607090441883
61671.2952 lsst_hardware_r -1.9263995407598677 29.940000534057617 31.540000915527344 AB 2.311580164699402 1.1218993721496375
61672.2812 lsst_hardware_u 1.1712507416807871 2.9000000953674316 28.479999542236328 AB 4.459163585497702 1.102957085972842
61672.2933 lsst_hardware_r -10.695876167463128 24.510000228881836 31.5 AB 5.024722593279226 1.1234497423066638
61678.0681 lsst_hardware_g 3.047080749361503 18.8799991607666 32.040000915527344 AB 5.026126959795739 1.3498695982083855
61680.3083 lsst_hardware_g 26.24889056902723 13.270000457763672 31.329999923706055 AB 3.8862015837930453 1.2163067996535442
61680.3198 lsst_hardware_r -28.377153940012512 22.850000381469727 31.440000534057617 AB 3.994258033891517 1.2563852269121416
61682.3074 lsst_hardware_i -26.968598808455937 31.670000076293945 31.219999313354492 AB 3.284066395526557 1.2314864143721531
61682.3184 lsst_hardware_z -43.982337420753126 44.189998626708984 30.920000076293945 AB 3.3508252144755275 1.2720224786849852
61684.306 lsst_hardware_r 58.26731149074213 22.81999969482422 31.450000762939453 AB 7.116134588214651 1.245785531738917
61684.3175 lsst_hardware_g -7.136112720498537 13.300000190734863 31.309999465942383 AB 7.3567187868939605 1.2905769464172552
61688.2464 lsst_hardware_z -64.18232716304732 50.0 30.959999084472656 AB 2.9682765572506518 1.1175740049890373
61688.258 lsst_hardware_i 27.099952270856114 45.810001373291016 31.280000686645508 AB 3.6564511583930823 1.140354338974374
61689.2418 lsst_hardware_z -31.727671970647624 53.290000915527344 30.959999084472656 AB 4.011484918819058 1.1143013663386272
61689.2539 lsst_hardware_r 52.50199421631654 60.380001068115234 31.6200008392334 AB 4.820837358422252 1.1374370487821464
61692.2394 lsst_hardware_y 96.23050985435206 78.37000274658203 30.780000686645508 AB 7.086203732092332 1.124794243189259
61694.2387 lsst_hardware_r 5.7346323707748414 87.19999694824219 31.6299991607666 AB 8.121275998337794 1.1342168218062423
61694.2499 lsst_hardware_i -186.1299506916931 68.73999786376953 31.309999465942383 AB 8.271204591945983 1.1593656785150483
61696.2379 lsst_hardware_z 84.44067761649282 52.61000061035156 30.959999084472656 AB 5.740836869312197 1.1441628040482705
61696.249 lsst_hardware_r 93.63019269422992 61.91999816894531 31.610000610351562 AB 5.868509493592361 1.1708722906825348
61698.2378 lsst_hardware_z -110.40084258494232 47.650001525878906 30.950000762939453 AB 1.3025276537066979 1.1565173395841934
61698.2485 lsst_hardware_r -40.96183772144201 45.380001068115234 31.59000015258789 AB 1.3174968084839132 1.1842667941429534
61700.2232 lsst_hardware_g -15.654581429738403 18.649999618530273 31.510000228881836 AB 2.806036570073659 1.1360471943620434
61700.2347 lsst_hardware_i -42.742314138946035 34.02000045776367 31.25 AB 2.8117466673007225 1.1622790219640333
61702.2227 lsst_hardware_z -34.64034126721278 42.38999938964844 30.940000534057617 AB 1.6749085962009298 1.146804927217343
61702.2338 lsst_hardware_r 8.183587747914382 22.350000381469727 31.459999084472656 AB 1.7374946957768134 1.1739829025533783
61705.2189 lsst_hardware_u 0.05542144207718753 2.5999999046325684 28.360000610351562 AB 3.7522547070111174 1.1570319787268324
61705.229 lsst_hardware_g 4.5826419201153055 13.210000038146973 31.350000381469727 AB 3.74036285270579 1.183191096150507
61707.2216 lsst_hardware_r -7.177601116439144 22.510000228881836 31.450000762939453 AB 3.870888555170375 1.1778745983883145
61707.2323 lsst_hardware_i -19.0524831771233 31.719999313354492 31.219999313354492 AB 3.939549945540552 1.209069036994466
61709.2184 lsst_hardware_z -40.32720033244824 43.0 30.93000030517578 AB 4.525494830538541 1.1840903989373242
61709.2299 lsst_hardware_r -4.548543054416012 22.639999389648438 31.459999084472656 AB 4.643945113824334 1.218856572819788
61711.2083 lsst_hardware_r 18.743955180686847 22.209999084472656 31.450000762939453 AB 4.117705883122234 1.1715501481249688
61711.2189 lsst_hardware_u -1.6935211396851326 2.4600000381469727 28.209999084472656 AB 5.114517324837421 1.2014370037203246
61720.1755 lsst_hardware_z -81.2834765598874 78.72787130640486 31.719999313354492 AB 0.8292016526303686 1.1512692157306648
61722.0953 lsst_hardware_z 103.44194143830146 59.504594881275466 30.979999542236328 AB 3.8060768168781745 1.0616424955844377
61724.1559 lsst_hardware_i 268.51560402925895 62.25347044637037 31.309999465942383 AB 4.731361267987708 1.1324238629326147
61724.1674 lsst_hardware_r 369.48022678280387 78.42448998080646 31.6200008392334 AB 4.401206038302296 1.1579581771459668
61726.1539 lsst_hardware_u -1.5356835123922192 12.431871474316749 29.25 AB 3.171614319467733 1.1396386343756302
61726.166 lsst_hardware_g 312.4045347685168 61.32180739862365 31.65999984741211 AB 3.1929480733594704 1.1680805097345783
61728.0775 lsst_hardware_g 708.3408117487212 29.523945198360913 31.389999389648438 AB 4.989590189865709 1.0613891065444796
61728.089 lsst_hardware_r 1440.2718566778963 44.293512182469826 31.479999542236328 AB 4.738087376402779 1.0649182168686362
61729.0745 lsst_hardware_i 1482.9278943731192 48.69362929272058 31.239999771118164 AB 6.942621456452837 1.0613465332937324
61729.0877 lsst_hardware_z 1283.782751752646 53.1241679623717 30.950000762939453 AB 6.162844690340372 1.065590851619326
61731.077 lsst_hardware_i 2159.882449487145 54.78133237707481 31.229999542236328 AB 4.634219885426538 1.0633822591616655
61731.0889 lsst_hardware_u 7.3115365026573595 3.7688962853771164 28.280000686645508 AB 4.120791872914738 1.0694096556007107
61734.0607 lsst_hardware_u 14.226746294244563 4.772500906346869 28.40999984741211 AB 5.48917828358332 1.0613260409093812
61734.0728 lsst_hardware_g 2163.6886294902934 48.69728463196048 31.389999389648438 AB 5.480688815878929 1.0650041420887681
61736.0632 lsst_hardware_r 4922.094155619419 72.35074773944635 31.469999313354492 AB 3.877619133979253 1.0633324864659743
61736.0761 lsst_hardware_i 4017.9690667343593 68.69993487796788 31.239999771118164 AB 3.950021473194497 1.0699832433032497
61738.0999 lsst_hardware_z 3207.3053011291304 68.83498396657761 30.940000534057617 AB 5.519361818220444 1.1013575971306406
61738.112 lsst_hardware_u 29.829494682997552 5.54336218658789 28.34000015258789 AB 5.632669905417584 1.1214500740810625
61740.1029 lsst_hardware_g 3262.4846629922604 59.04242154175957 31.3700008392334 AB 9.905319565480879 1.1149407633971535
61740.1165 lsst_hardware_r 5988.194142132183 80.44267865614289 31.469999313354492 AB 10.138281474293976 1.1414305736410162
61955.2895 lsst_hardware_r 97.9061792334118 56.939998626708984 31.540000915527344 AB 10.171244355337526 1.4590796665238166
61955.3197 lsst_hardware_u 3.3325797583218635 10.649999618530273 29.110000610351562 AB 9.100610349051777 1.3006136315725474
61960.4086 lsst_hardware_z 128.49542336675694 85.75 31.729999542236328 AB 2.1537608300275912 1.069394652446669
61962.4133 lsst_hardware_z -26.96405336496123 54.599998474121094 30.969999313354492 AB 9.690037555639442 1.0640013420536327
61962.4264 lsst_hardware_y -30.957009013152415 51.529998779296875 30.049999237060547 AB 9.788531972395925 1.0608958062567837
61964.3986 lsst_hardware_i -6.409553864104672 46.63999938964844 31.299999237060547 AB 6.525539741951186 1.06879694405883
61964.4102 lsst_hardware_y 10.93382243740534 49.47999954223633 30.040000915527344 AB 6.504012414508541 1.0631235047007723
61974.4265 lsst_hardware_u -0.9035802622347077 3.0299999713897705 28.479999542236328 AB 5.467398990879385 1.0720390178194874
61974.4369 lsst_hardware_g 24.9574898698775 21.1200008392334 31.549999237060547 AB 5.514868614893734 1.0813467872340656
61976.4345 lsst_hardware_r 13.387660606229955 24.350000381469727 31.5 AB 6.64882684675807 1.0846373322606966
61978.4264 lsst_hardware_z 26.829340873755783 42.060001373291016 30.940000534057617 AB 3.3246797266828114 1.0817829913284636
61978.4382 lsst_hardware_u 5.313390658751642 8.9399995803833 29.149999618530273 AB 3.3830999561799917 1.096036702866088
61979.433 lsst_hardware_g 1.3172682632219321 17.239999771118164 31.489999771118164 AB 3.933831092897841 1.0927308591382892
61981.4239 lsst_hardware_i 10.811237087367314 30.84000015258789 31.239999771118164 AB 4.075570183192984 1.0881728862209818
61981.4351 lsst_hardware_z 7.084589559903922 49.720001220703125 30.959999084472656 AB 4.151736346655964 1.103402643512393
61986.1458 lsst_hardware_y -62.450057433496845 116.95999908447266 31.219999313354492 AB 2.6826757848798177 2.0252978558388053
61990.4092 lsst_hardware_z 17.383993310045728 62.220001220703125 30.979999542236328 AB 1.5419670894464348 1.1014050638903106
61990.4199 lsst_hardware_r -38.84290096289462 84.33000183105469 31.639999389648438 AB 2.0637579187128523 1.118972303658042
61992.4019 lsst_hardware_i -60.10082254956234 54.279998779296875 31.309999465942383 AB 5.713381137408169 1.0987271418092632
61992.4127 lsst_hardware_z -34.81634978773379 54.27000045776367 30.969999313354492 AB 5.802572282466315 1.115879285089676
61994.4012 lsst_hardware_i 10.777357181587762 42.709999084472656 31.280000686645508 AB 3.3624572083082582 1.105859251231921
61994.4128 lsst_hardware_z -45.53724737267754 48.0 30.950000762939453 AB 3.4725990300845226 1.1260961589248555
61997.3963 lsst_hardware_i -27.82992272135864 32.709999084472656 31.260000228881836 AB 5.4670119142540505 1.1111812833849697
61997.4075 lsst_hardware_r -28.562573535897673 27.1299991607666 31.520000457763672 AB 5.548813302610954 1.131794935261957
62001.3689 lsst_hardware_u 5.093254256680525 2.7200000286102295 28.469999313354492 AB 2.522367017643972 1.087695997259297
62001.3796 lsst_hardware_g -0.11403779713587532 13.380000114440918 31.399999618530273 AB 2.0420930056294355 1.1020469539284596
62002.1554 lsst_hardware_z -30.615003636936958 46.7400016784668 30.899999618530273 AB 2.770156993161527 1.4969775699332757
62002.1718 lsst_hardware_r -16.20440300903487 23.389999389648438 31.420000076293945 AB 3.00899304774746 1.3964464776644436
62009.1452 lsst_hardware_z 49.85853074738913 46.68000030517578 30.90999984741211 AB 2.8681624691967267 1.4397803652106556
62011.3648 lsst_hardware_i 47.27459500844242 30.920000076293945 31.239999771118164 AB 7.907607239501458 1.1230801362734637
62011.3755 lsst_hardware_r -22.972801877537268 22.579999923706055 31.479999542236328 AB 8.556537283825003 1.1449936148568183
62016.3567 lsst_hardware_z 20.891109314254035 63.459999084472656 30.969999313354492 AB 1.162896009636669 1.1339795315813446
62016.3688 lsst_hardware_r 49.447715302128266 80.69999694824219 31.6200008392334 AB 1.1717548792856463 1.1613031509273006
62020.3464 lsst_hardware_i 37.73704036939411 64.3499984741211 31.299999237060547 AB 2.5974778520344 1.1352612989662894
62020.3579 lsst_hardware_z 68.81692907755024 60.439998626708984 30.959999084472656 AB 2.7121510393114026 1.1613549982777915
62030.2996 lsst_hardware_r 2.384959920558294 22.299999237060547 31.479999542236328 AB 1.2251310730301321 1.100829118409703
62030.3112 lsst_hardware_i 24.791195907644244 30.790000915527344 31.229999542236328 AB 1.253255241000924 1.1198944740494226
62031.3369 lsst_hardware_i -45.263826608507536 31.719999313354492 31.229999542236328 AB 1.7722311774705644 1.1851746617056007
62031.3475 lsst_hardware_u 1.1799660751285102 2.5799999237060547 28.290000915527344 AB 1.8249882386067133 1.2171998034282214
62035.2827 lsst_hardware_g -21.869354823877458 13.420000076293945 31.399999618530273 AB 1.6963786364210272 1.0962059039877396
62035.2943 lsst_hardware_r 32.92560024149389 22.389999389648438 31.479999542236328 AB 2.2168719077498573 1.1141459518787107
62037.2832 lsst_hardware_i -9.094618458708059 30.399999618530273 31.239999771118164 AB 4.422658445475705 1.1049279927073214
62037.2952 lsst_hardware_z 43.68837790738264 41.84000015258789 30.940000534057617 AB 5.003331069638854 1.1257143120966726
62041.3095 lsst_hardware_r -13.683830379256086 22.6299991607666 31.459999084472656 AB 4.447343524855924 1.1849050243843493
62041.3205 lsst_hardware_i 31.567645421004624 31.6200008392334 31.219999313354492 AB 4.613474029325271 1.2181861627404669
