data/validation/pwv_sim_epoch_fit_epoch/2255460.ecsv
# %ECSV 0.9
# ---
# datatype:
# - {name: time, datatype: float64}
# - {name: band, datatype: string}
# - {name: flux, datatype: float64}
# - {name: fluxerr, datatype: float64}
# - {name: zp, datatype: float64}
# - {name: zpsys, datatype: string}
# - {name: pwv, datatype: float64}
# - {name: airmass, datatype: float64}
# meta: {SNID: '2255460', alt: 1024.0, c: -0.09908019006252289, dec: -9.442778, lat: -30.244573, lon: -70.7499537, ra: 356.835938, t0: 62386.11328125,
#   x0: 3.768889053902826e-06, x1: -0.9111698865890503, z: 0.6882713437080383}
# schema: astropy-2.0
time band flux fluxerr zp zpsys pwv airmass
62307.4175 lsst_hardware_g -8.179769982172015 16.440000534057617 31.479999542236328 AB 3.8975655405890275 1.08245663967479
62307.4375 lsst_hardware_y 36.356627016140486 54.59000015258789 30.049999237060547 AB 3.8565815816269358 1.0712726615630377
62309.4202 lsst_hardware_i -30.020271003390494 32.439998626708984 31.260000228881836 AB 1.7386027876923205 1.0759790331257268
62309.4388 lsst_hardware_y 17.282641636497644 54.790000915527344 30.049999237060547 AB 1.7357953027919435 1.071037825663478
62311.4176 lsst_hardware_i 13.397669155851904 41.4900016784668 31.290000915527344 AB 4.268706481989426 1.0743388796953255
62311.4366 lsst_hardware_y 13.533410749903483 51.52000045776367 30.040000915527344 AB 4.21265748732871 1.0715594761732063
62313.4123 lsst_hardware_z -147.48460141847056 59.77000045776367 30.979999542236328 AB 5.800990615523234 1.0742575213931913
62313.4322 lsst_hardware_y -24.53769500719596 54.130001068115234 30.040000915527344 AB 6.222623259643965 1.0718188998640539
62324.4017 lsst_hardware_g 6.770237997883549 16.579999923706055 31.489999771118164 AB 1.6891826144809947 1.071703043976522
62324.4214 lsst_hardware_r 2.700109619012236 25.350000381469727 31.520000457763672 AB 1.886527047007723 1.0842109465561625
62326.3769 lsst_hardware_i 13.724189324328313 32.099998474121094 31.260000228881836 AB 2.1971292412502086 1.074215730728807
62326.3957 lsst_hardware_z -14.377825967841083 42.2599983215332 30.950000762939453 AB 2.268885029439634 1.071576682669643
62331.3641 lsst_hardware_g -16.45053293184544 15.449999809265137 31.459999084472656 AB 6.120662086381343 1.0738003660318145
62331.3843 lsst_hardware_r 11.16749676876083 24.420000076293945 31.510000228881836 AB 6.374401355726989 1.072183904079221
62335.3646 lsst_hardware_u 1.531764392104927 2.75 28.420000076293945 AB 1.6872630663917845 1.0709381570244405
62335.3892 lsst_hardware_g 5.589138185942481 15.289999961853027 31.450000762939453 AB 2.029431988485704 1.0820751738126921
62344.3376 lsst_hardware_z 111.60403007474993 78.19999694824219 30.989999771118164 AB 2.7163728446057522 1.0711249387246657
62344.359 lsst_hardware_r 34.32482550791337 113.08000183105469 31.649999618530273 AB 2.732868092481114 1.0774169495292296
62346.3283 lsst_hardware_i 13.511794724032669 86.56999969482422 31.329999923706055 AB 3.965969352319684 1.0718836087350496
62346.3481 lsst_hardware_z -21.732804321514305 74.70999908447266 30.989999771118164 AB 4.536801302195741 1.0741169108483555
62350.3041 lsst_hardware_g 24.171050386522218 32.68000030517578 31.649999618530273 AB 1.4929275207305432 1.0789647222817706
62350.3286 lsst_hardware_r -86.29468100484345 37.400001525878906 31.59000015258789 AB 1.4967526901666182 1.0712771252534545
62353.2606 lsst_hardware_r 4.375321055223087 24.412515513453442 31.5 AB 0.5229582409272499 1.1337848041783194
62353.2806 lsst_hardware_i 21.48103814432585 31.849456413491826 31.25 AB 0.5015058375781224 1.095987989607989
62355.274 lsst_hardware_z -92.21923236368526 42.58294233993293 30.950000762939453 AB 4.635476172066802 1.0976520722377427
62355.2942 lsst_hardware_u -4.55099810235227 2.942785541010175 28.459999084472656 AB 4.522439799507525 1.0762588766081689
62357.294 lsst_hardware_g -26.93683714332644 15.31545243885897 31.450000762939453 AB 4.815558899267585 1.073404045531922
62357.3154 lsst_hardware_r -34.83033208660546 24.67197094065796 31.5 AB 4.8058222429309145 1.0729277565613204
62361.2877 lsst_hardware_i 114.19656379870158 32.250432281958894 31.260000228881836 AB 3.644097214043754 1.071793298248163
62361.3095 lsst_hardware_z 78.61498379938212 42.679072930591005 30.950000762939453 AB 3.971823729244271 1.0754035367989903
62363.2799 lsst_hardware_i 110.87346409520846 33.278322930632235 31.260000228881836 AB 5.040773782999709 1.072505060212704
62363.3019 lsst_hardware_u 4.016213320806052 4.56303847349003 28.520000457763672 AB 5.06104412433631 1.074227562827857
62368.2294 lsst_hardware_r 429.12351936062953 60.35309027339824 31.6200008392334 AB 1.997879287313266 1.1130246725979198
62368.2499 lsst_hardware_i 400.34437933406326 52.51471162296005 31.309999465942383 AB 1.937959589056837 1.0835165199963679
62370.2683 lsst_hardware_z 659.9324304974194 97.0820253626688 31.739999771118164 AB 1.9193718572275968 1.0709784379582983
62373.23 lsst_hardware_i 781.6045601905317 124.1649633789783 31.34000015258789 AB 3.7076487606491524 1.0905918503723362
62373.2552 lsst_hardware_z 591.51949019708 102.27092737340521 31.0 AB 3.499908661745903 1.0717286909500572
62377.2157 lsst_hardware_i 1117.7489182281079 62.01852048693863 31.309999465942383 AB 5.819746316522484 1.0951037414267988
62377.2344 lsst_hardware_z 690.7339595321067 58.60867101894326 30.969999313354492 AB 5.709028143036891 1.076092261190668
62379.2034 lsst_hardware_g 317.38545501140976 28.89994956968972 31.549999237060547 AB 4.31245693447054 1.1057581883257797
62379.2204 lsst_hardware_r 1179.9143827566672 47.83768253894485 31.559999465942383 AB 4.545306215602667 1.082989329426416
62386.1997 lsst_hardware_g 245.6824922521056 22.52163558705815 31.459999084472656 AB 2.5824309449960645 1.0845993049119662
62386.2178 lsst_hardware_r 1224.3538188356213 42.706021824828184 31.520000457763672 AB 1.980311241273344 1.0722739326450739
62388.1893 lsst_hardware_i 1202.029896843488 47.282217847375115 31.25 AB 3.5474773010995815 1.0902734694120881
62388.208 lsst_hardware_z 720.814709769742 50.481171160318446 30.950000762939453 AB 3.5236647474334504 1.0740424437806753
62394.1679 lsst_hardware_z 738.7774866016142 51.7824166855296 30.959999084472656 AB 1.114467065279413 1.0970963727125989
62394.1856 lsst_hardware_g 101.4587184141883 28.547812996152633 31.6200008392334 AB 1.0575171432274213 1.077724477174442
62397.1565 lsst_hardware_r 799.5654185013432 68.73113718257231 31.6299991607666 AB 2.4966560332925294 1.1020331199702182
62397.1738 lsst_hardware_i 1092.438451880103 62.046824355902984 31.309999465942383 AB 1.306837658917263 1.080626509578773
62402.1574 lsst_hardware_r 374.94230010812663 144.40506900815691 31.65999984741211 AB 1.4561681894590397 1.083189826029536
62402.1765 lsst_hardware_i 766.6197457346549 116.34118212508808 31.34000015258789 AB 2.126709706386014 1.0716152205175526
62405.1447 lsst_hardware_z 436.6648554089262 61.40862640437244 30.969999313354492 AB 3.058923938276611 1.0880687473120505
62405.1636 lsst_hardware_i 644.2873291642196 63.81892526679283 31.31999969482422 AB 3.013703298503969 1.0731287709806419
62410.1339 lsst_hardware_r 226.41852459591522 29.62413637632923 31.510000228881836 AB 6.314029061506727 1.0848847184719463
62410.1529 lsst_hardware_i 449.9889465604891 37.92394618148758 31.25 AB 6.369932895894383 1.0720784677522104
62412.1343 lsst_hardware_z 385.635162053747 46.579875935321894 30.940000534057617 AB 3.4052126123304625 1.0793922219923806
62412.1524 lsst_hardware_u -0.43313308803381034 2.737010463568074 28.399999618530273 AB 3.392909718931358 1.0710787527208137
62415.1089 lsst_hardware_r 213.1702743335319 27.87818801667172 31.510000228881836 AB 3.8002034396342625 1.0995959026720168
62415.1275 lsst_hardware_g 50.396773810712084 16.974036050600297 31.450000762939453 AB 4.63989356702849 1.0782927183425879
62417.1088 lsst_hardware_r 164.59718030133763 27.46981644480874 31.5 AB 10.29720052494079 1.0919618796327262
62417.1268 lsst_hardware_i 276.8090950942043 35.81159017759817 31.25 AB 5.342434339212802 1.0751167544952813
62419.1066 lsst_hardware_z 381.77824978726176 45.373938174157814 30.940000534057617 AB 3.46502618195971 1.0879203083076012
62419.1252 lsst_hardware_i 214.92556775917416 35.079190695619545 31.239999771118164 AB 3.3534829682268716 1.0732004058650682
62421.1024 lsst_hardware_u -2.4783644798165536 3.240439809543174 28.540000915527344 AB 6.289889513586854 1.0864774389751444
62421.1199 lsst_hardware_g 61.93041122136092 17.78467950329856 31.469999313354492 AB 6.212278903081025 1.0731332407757972
62424.0971 lsst_hardware_r 154.9590740693814 40.86241398565802 31.59000015258789 AB 6.717191418920528 1.0834179707936336
62424.1157 lsst_hardware_i 243.5736878973559 41.9014175011878 31.280000686645508 AB 6.645110248361007 1.071791975542098
62426.1103 lsst_hardware_z 463.25393774090145 83.65889643684035 31.729999542236328 AB 7.366406118703254 1.0717760518015815
62428.1029 lsst_hardware_z 219.69635837616778 82.84830766563468 31.0 AB 4.5208271864461835 1.0723448554527417
62428.1203 lsst_hardware_r 105.74445698776707 112.50019583797268 31.65999984741211 AB 4.532157414869074 1.0724672946388139
62430.0744 lsst_hardware_r -49.00750982025386 126.50216030419227 31.649999618530273 AB 3.3349083120828658 1.090552096822389
62430.0911 lsst_hardware_i 241.57385327117444 102.43518427153816 31.34000015258789 AB 2.803221998634154 1.0752329865308143
62434.0764 lsst_hardware_u -1.7485025970902535 8.682119851540858 29.1299991607666 AB 4.124033406109979 1.0777090782517076
62434.0937 lsst_hardware_g 29.431166660084212 54.25672092517591 31.700000762939453 AB 4.863089171598893 1.0709684356613942
62436.0695 lsst_hardware_r 63.22799381358174 25.445624638494902 31.510000228881836 AB 3.152619455569408 1.078802140607759
62436.087 lsst_hardware_i 112.69356846519759 32.96379383824742 31.25 AB 4.547016588478847 1.0710623245475714
62441.0505 lsst_hardware_r 65.46290271745333 25.38913498756939 31.5 AB 4.40753333716835 1.0835976243803882
62441.0693 lsst_hardware_g 35.255805361875034 16.881556973988307 31.440000534057617 AB 4.455945083724861 1.07178474653608
62450.0467 lsst_hardware_r 64.93485288791796 26.246501296938142 31.520000457763672 AB 9.266114779881045 1.0713509977893838
62450.0646 lsst_hardware_i 84.73535360053462 33.225661351709185 31.25 AB 9.210928619444093 1.0743487046648503
62452.021 lsst_hardware_y -24.429383565761306 52.58748124119955 30.030000686645508 AB 5.661710981724175 1.0830628372499618
62452.0392 lsst_hardware_z 54.29192118530396 44.892351034576336 30.950000762939453 AB 5.383114108224158 1.0717997228918184
62455.0238 lsst_hardware_y 51.53162432043235 56.57979574165435 30.049999237060547 AB 6.008225869427661 1.0746886243908091
62455.0424 lsst_hardware_z 80.39732179041177 62.03956773271016 30.979999542236328 AB 5.720528803347953 1.0713603901765996
62459.0262 lsst_hardware_z 106.4792883783363 106.80268472482578 31.739999771118164 AB 6.039365840156644 1.070936134322611
62681.4125 lsst_hardware_u 0.23703726235117833 2.809999942779541 28.43000030517578 AB 2.4645137986522445 1.0715277385444542
62681.4333 lsst_hardware_z 84.65850731698208 44.34000015258789 30.950000762939453 AB 2.161732873165179 1.0755781772113007
62687.3792 lsst_hardware_i -35.540850829104315 32.06999969482422 31.25 AB 4.558960269281133 1.0807064760652207
62687.4012 lsst_hardware_z 90.870455904067 42.27000045776367 30.950000762939453 AB 4.456375419410676 1.0709651940185472
62689.3827 lsst_hardware_i -31.366921898387957 31.889999389648438 31.25 AB 1.5637556197048246 1.074438444686968
62689.4028 lsst_hardware_u 0.6916721358029374 2.8299999237060547 28.459999084472656 AB 1.6925332112064833 1.0718454026322128
62703.3056 lsst_hardware_z 31.74248262839492 52.41999816894531 30.959999084472656 AB 5.5061101464632785 1.1261666199239717
62705.2045 lsst_hardware_i 63.55303849479336 62.29999923706055 32.34000015258789 AB 8.962480956408685 1.6958336719789375
62705.2363 lsst_hardware_z -109.65823266282973 65.62999725341797 31.670000076293945 AB 6.833407208785781 1.3972342984158492
62708.3413 lsst_hardware_i -13.210253717358249 31.59000015258789 31.239999771118164 AB 7.6464541157312285 1.0711319736268377
62708.37 lsst_hardware_u 1.2597544152596063 2.6600000858306885 28.31999969482422 AB 7.702381211568536 1.084028130733046
62712.3036 lsst_hardware_i -30.02929119640855 31.59000015258789 31.239999771118164 AB 4.793067182203568 1.0882822687639366
62712.3259 lsst_hardware_r -34.44159310556492 24.020000457763672 31.5 AB 4.786328216592843 1.0720260298096966
62717.3052 lsst_hardware_u 1.9957698795640284 2.6700000762939453 28.360000610351562 AB 1.953489866008356 1.0750196456067262
62717.3286 lsst_hardware_g -13.973460361829858 14.989999771118164 31.43000030517578 AB 1.9336099147662469 1.07253947384649
62721.2724 lsst_hardware_g -7.302325205256681 24.25 31.59000015258789 AB 3.430580366441249 1.0970543476960688
62721.2924 lsst_hardware_r -26.475365120369712 24.200000762939453 31.510000228881836 AB 2.733776854605683 1.0761488733523665
62724.2642 lsst_hardware_i 76.34251779144316 83.91000366210938 32.060001373291016 AB 7.2115840328591085 1.0970691462476776
62724.2882 lsst_hardware_z 56.98058193526559 79.69000244140625 31.719999313354492 AB 7.173788276319417 1.0739204006466194
62732.2873 lsst_hardware_z 43.20778091745885 49.209999084472656 30.969999313354492 AB 2.6419148168781907 1.0724233070339724
62732.3076 lsst_hardware_r -33.41511741811734 49.720001220703125 31.6200008392334 AB 2.915031773063659 1.0874279183276518
62734.2463 lsst_hardware_r -34.729039007367255 27.780000686645508 31.540000915527344 AB 1.5735080318701156 1.0851779530138728
62734.2659 lsst_hardware_i -19.479379925978716 34.36000061035156 31.260000228881836 AB 1.1446406147450259 1.0720118143242268
62737.2511 lsst_hardware_z 84.76648994440747 42.439998626708984 30.950000762939453 AB 3.0160019219893646 1.074744560174384
62737.2709 lsst_hardware_u -2.0506996733055445 2.869999885559082 28.510000228881836 AB 3.0689326374421606 1.0716482365577165
62739.2186 lsst_hardware_g 0.0868447268781596 15.510000228881836 31.469999313354492 AB 2.755561119313025 1.10435954284137
62739.2352 lsst_hardware_r -12.505513333903435 24.510000228881836 31.520000457763672 AB 2.68716982204971 1.08259040705689
62743.2144 lsst_hardware_i -18.184111882007826 31.979999542236328 31.25 AB 3.0573479802070596 1.0941242920936631
62743.2315 lsst_hardware_u 3.6201678787879237 2.7899999618530273 28.450000762939453 AB 2.9961834681817154 1.076698757769051
62746.1441 lsst_hardware_i 4.343059617118461 33.439998626708984 31.229999542236328 AB 3.947928335363618 1.2797174506851274
62746.165 lsst_hardware_r -7.886010435671603 24.8700008392334 31.489999771118164 AB 3.691550027117083 1.191591358010679
62750.2068 lsst_hardware_z 34.1518269624381 45.40999984741211 30.959999084472656 AB 0.7056712967821023 1.0810743727033356
62750.2274 lsst_hardware_r -57.99509797437932 37.040000915527344 31.600000381469727 AB 0.43993955174475186 1.071064033462573
62752.202 lsst_hardware_i 26.897403980014747 53.720001220703125 31.309999465942383 AB 2.7325637767442217 1.0804918057509774
62752.2205 lsst_hardware_z -56.12777354228217 53.540000915527344 30.969999313354492 AB 2.5778090043277837 1.071223051284185
62754.196 lsst_hardware_i 91.0719128533392 91.4000015258789 31.329999923706055 AB 4.070379111605855 1.080966435162799
62754.2142 lsst_hardware_z -85.1084273090167 78.69999694824219 30.989999771118164 AB 3.9100808400350533 1.0713528651114403
62756.1766 lsst_hardware_z 295.91390060898846 155.8800048828125 31.75 AB 2.955153391056556 1.0974141453450106
62761.1751 lsst_hardware_z -52.13623244674216 67.4800033569336 31.709999084472656 AB 0.8855861893256449 1.0826237033320842
62766.1456 lsst_hardware_r 21.49591925683811 24.8700008392334 31.5 AB 3.7238487888263383 1.1031719324046723
62766.1652 lsst_hardware_i 29.968089258564124 32.2599983215332 31.260000228881836 AB 3.6596197800197126 1.0792950763163645
62768.1192 lsst_hardware_z 39.179934507861184 43.189998626708984 30.940000534057617 AB 4.2178581821050525 1.1478726852918908
62768.1386 lsst_hardware_i 5.863451354007502 32.060001373291016 31.239999771118164 AB 3.872424577687248 1.105748838363997
62770.2017 lsst_hardware_r 19.47719830107829 24.65999984741211 31.5 AB 3.6618658198727325 1.085050862720944
62770.2146 lsst_hardware_i -27.22220846086506 32.209999084472656 31.239999771118164 AB 3.360832980911546 1.1022738540216472
62773.1376 lsst_hardware_z 29.416959717271457 42.439998626708984 30.940000534057617 AB 4.331017287724779 1.0876487412668958
62773.1566 lsst_hardware_u 1.6703968503378306 2.740000009536743 28.389999389648438 AB 4.283826606665133 1.072968467542926
62775.1359 lsst_hardware_g 8.574332345182993 15.569999694824219 31.450000762939453 AB 6.36875343184619 1.0835820385956938
62775.1547 lsst_hardware_r 25.748166295476167 24.549999237060547 31.510000228881836 AB 6.5005432758055255 1.071812576390029
62782.1269 lsst_hardware_r 91.63393856946747 140.97000122070312 32.400001525878906 AB 5.365337890305854 1.0755053902791367
62782.1557 lsst_hardware_i 107.08838898735732 116.05000305175781 32.08000183105469 AB 5.343372549747071 1.0745487095616848
62784.1216 lsst_hardware_z 260.3093114670906 132.6300048828125 31.75 AB 3.426613639837814 1.0754096578630372
62786.1048 lsst_hardware_z -51.766706587303254 79.12000274658203 30.989999771118164 AB 6.267786729539643 1.0846736574439115
62786.1221 lsst_hardware_r -32.34846176311081 116.05000305175781 31.649999618530273 AB 6.206477934701087 1.0725943692327105
62788.0991 lsst_hardware_i -7.9252072840305 56.20000076293945 31.309999465942383 AB 7.819958949526999 1.0849250513830322
62788.1174 lsst_hardware_z 2.2847186062373526 56.06999969482422 30.969999313354492 AB 7.731625680326276 1.0723351344057124
62790.1028 lsst_hardware_i -19.924935240012374 31.899999618530273 31.260000228881836 AB 8.40272657486958 1.0769504731323998
62790.1201 lsst_hardware_u 2.3767606494569766 3.740000009536743 28.719999313354492 AB 8.32933204415872 1.0709753185528956
62792.0985 lsst_hardware_g 5.599534650059711 15.380000114440918 31.469999313354492 AB 9.295513466166613 1.0761810091073996
62792.1167 lsst_hardware_r -17.623534965286158 24.299999237060547 31.510000228881836 AB 9.084034684562665 1.0710410522387155
62795.0745 lsst_hardware_r -16.551099370182275 24.280000686645508 31.510000228881836 AB 3.160560617980012 1.091353804550758
62795.0917 lsst_hardware_i -38.54708943273237 31.6200008392334 31.25 AB 2.927583683811796 1.075329176790375
62798.0857 lsst_hardware_g -23.68352640594097 15.229999542236328 31.450000762939453 AB 3.32984278217502 1.0741428329596838
62798.1073 lsst_hardware_r -16.036465766046447 24.229999542236328 31.510000228881836 AB 3.3247213552901753 1.0724907597710243
62800.0703 lsst_hardware_i 45.01447130253861 31.860000610351562 31.25 AB 2.350300062474171 1.0810533462259977
62800.0878 lsst_hardware_z 73.89494051635668 42.2400016784668 30.950000762939453 AB 2.4363195987518163 1.0714984491486823
62802.0716 lsst_hardware_i -33.30284520666816 31.8799991607666 31.260000228881836 AB 2.8415144399398984 1.0759236804013246
62802.089 lsst_hardware_u 0.6464808049152713 2.940000057220459 28.559999465942383 AB 3.997381078172008 1.0710139532478364
62804.0699 lsst_hardware_g 36.234870891446334 15.670000076293945 31.489999771118164 AB 5.524285645165202 1.0738584160885294
62804.0862 lsst_hardware_r -7.651446787112766 24.510000228881836 31.530000686645508 AB 6.42781209419503 1.0713020156991717
62814.0536 lsst_hardware_z 84.46340139288898 100.81999969482422 31.739999771118164 AB 6.655357290796096 1.0709975524950133
62821.0265 lsst_hardware_y -34.443438848777426 48.84000015258789 30.040000915527344 AB 6.9884413513318275 1.0726008341240467
62821.0478 lsst_hardware_g 37.416323619742045 15.369999885559082 31.450000762939453 AB 6.385207619767473 1.0738359648682954
62824.0179 lsst_hardware_y 24.98150204212625 63.5099983215332 30.049999237060547 AB 6.077481147872038 1.0727490847033878
62824.0371 lsst_hardware_i -30.95864628192261 32.040000915527344 31.25 AB 6.11122319791345 1.0727717726003716
