data/validation/pwv_sim_epoch_fit_epoch/22625676.ecsv
# %ECSV 0.9
# ---
# datatype:
# - {name: time, datatype: float64}
# - {name: band, datatype: string}
# - {name: flux, datatype: float64}
# - {name: fluxerr, datatype: float64}
# - {name: zp, datatype: float64}
# - {name: zpsys, datatype: string}
# - {name: pwv, datatype: float64}
# - {name: airmass, datatype: float64}
# meta: {SNID: '22625676', alt: 1024.0, c: -0.04672516882419586, dec: -24.460293, lat: -30.244573, lon: -70.7499537, ra: 22.5, t0: 62079.21484375,
#   x0: 2.743345228569569e-06, x1: -0.41204145550727844, z: 0.7837039828300476}
# schema: astropy-2.0
time band flux fluxerr zp zpsys pwv airmass
61947.3339 lsst_hardware_i 49.034994013207026 35.08000183105469 31.15999984741211 AB 8.971192763187341 1.6442801985313729
61947.3567 lsst_hardware_z -16.143420747539228 46.33000183105469 30.90999984741211 AB 7.775533282326292 1.4264416221475225
61950.3061 lsst_hardware_r 13.672022253618072 25.1299991607666 31.329999923706055 AB 3.6564928744535554 1.9171544760539274
61955.3307 lsst_hardware_u -5.7235479816948045 8.65999984741211 28.899999618530273 AB 10.20192867504005 1.4602693842797914
61955.3633 lsst_hardware_y 46.16208181873502 50.400001525878906 29.989999771118164 AB 9.181676107524629 1.2461981076345734
61960.3351 lsst_hardware_r -104.97586541696026 85.62999725341797 31.59000015258789 AB 2.8570545548280464 1.32845066095564
61960.3542 lsst_hardware_i 147.9068474365653 66.20999908447266 31.299999237060547 AB 2.5753675876871487 1.2240340245663763
61964.3378 lsst_hardware_z 162.05935602799426 56.20000076293945 30.950000762939453 AB 7.499273786417414 1.2509213989019874
61964.3575 lsst_hardware_r -29.79026629619497 62.0 31.6200008392334 AB 7.094251954873046 1.1640098372686427
61965.3949 lsst_hardware_i -2.4868936536356236 46.9900016784668 31.299999237060547 AB 6.253065941712268 1.0539023202649926
61965.4171 lsst_hardware_z 40.812707052015035 49.130001068115234 30.969999313354492 AB 7.011008220685777 1.0219756161489415
61974.3463 lsst_hardware_r -12.489595018767947 22.829999923706055 31.479999542236328 AB 4.9418558882567165 1.110529413091397
61974.3645 lsst_hardware_z -4.885714170699911 41.29999923706055 30.940000534057617 AB 4.813706387276311 1.065372125549903
61976.3733 lsst_hardware_u -0.6013503367544063 2.5799999237060547 28.3700008392334 AB 5.722541761295542 1.0396587657347385
61976.3926 lsst_hardware_g 21.92366847379117 13.569999694824219 31.40999984741211 AB 6.313840601154534 1.016721513873516
61979.3728 lsst_hardware_z -32.64710011551152 40.529998779296875 30.940000534057617 AB 3.2174651791251083 1.0289577632252564
61979.3933 lsst_hardware_r 0.13537302562625647 22.1200008392334 31.489999771118164 AB 3.540362053517136 1.0104013280901285
61986.2436 lsst_hardware_i -43.19088070954621 62.459999084472656 31.239999771118164 AB 2.352434456799908 1.4814596421725998
61986.2822 lsst_hardware_r 149.36414789256176 72.62000274658203 31.600000381469727 AB 1.1199047776769926 1.2288640574363487
61990.2599 lsst_hardware_i 24.65314316552523 79.33999633789062 31.290000915527344 AB 4.028530519207002 1.2882709188669959
61990.2785 lsst_hardware_z -18.919417885009548 68.76000213623047 30.969999313354492 AB 3.734409603791458 1.1962232461026505
61992.2572 lsst_hardware_r 30.371343096491387 81.94999694824219 31.59000015258789 AB 5.251319844887609 1.272892945070321
61992.2752 lsst_hardware_z 12.992709698223859 62.68000030517578 30.969999313354492 AB 4.955441540574821 1.1871453651733417
61993.3448 lsst_hardware_z 64.71789328744694 78.87000274658203 31.729999542236328 AB 5.49690370206658 1.0179451300123294
61994.2544 lsst_hardware_z 41.07658800589024 54.91999816894531 30.950000762939453 AB 3.6438712326179377 1.2586774551357298
61994.273 lsst_hardware_i -38.31330251624559 51.84000015258789 31.290000915527344 AB 3.3978783580876244 1.174009970834456
61995.2434 lsst_hardware_z 45.5893938316962 50.880001068115234 30.940000534057617 AB 4.595570163904072 1.3048492053770169
61995.2623 lsst_hardware_r 12.60387754569669 45.619998931884766 31.579999923706055 AB 4.104943244457383 1.2073362483698185
61997.2584 lsst_hardware_i -3.015075790730356 32.86000061035156 31.229999542236328 AB 5.642273760629394 1.2004837788573177
61997.2765 lsst_hardware_r -1.2612579384022156 25.65999984741211 31.510000228881836 AB 5.320870874322881 1.1321001860261448
62009.2208 lsst_hardware_g 2.4941574683280225 23.989999771118164 32.560001373291016 AB 3.5326075474295395 1.222285063409102
62009.2442 lsst_hardware_r -17.322672340955915 32.310001373291016 32.2400016784668 AB 3.2210868761209785 1.1306026241210876
62016.2637 lsst_hardware_i -75.2152797442198 67.9000015258789 31.329999923706055 AB 1.3318912655751838 1.0402691478067043
62016.2811 lsst_hardware_z -41.78329575284523 60.5099983215332 30.989999771118164 AB 1.2323832459612065 1.0187792058097602
62027.1746 lsst_hardware_r -3.2352739918627016 23.530000686645508 31.469999313354492 AB 1.0723343836076749 1.2088316207883605
62027.1956 lsst_hardware_g 10.878504085592272 14.149999618530273 31.420000076293945 AB 0.9884056560738503 1.1288538948211861
62030.1536 lsst_hardware_z -14.021018264443901 44.650001525878906 30.93000030517578 AB 0.6504677805453424 1.2721012657361057
62030.1713 lsst_hardware_r -35.352352245681104 23.40999984741211 31.469999313354492 AB 0.9621061007810945 1.1877853096062894
62035.1652 lsst_hardware_r -1.5033400460947577 23.329999923706055 31.489999771118164 AB 3.9274459346904527 1.1582823666417321
62035.182 lsst_hardware_i 6.588563398009664 31.110000610351562 31.25 AB 2.503131534620582 1.1041603593385891
62039.1701 lsst_hardware_g -9.255450635338374 22.389999389648438 31.559999465942383 AB 3.7421176575469994 1.1069170748019466
62039.1873 lsst_hardware_r 37.248381508725714 26.75 31.530000686645508 AB 3.5978984416267292 1.0648345410033235
62041.0702 lsst_hardware_z 49.06196374024548 54.220001220703125 30.8700008392334 AB 7.777211343469565 1.7313150194163238
62041.0908 lsst_hardware_r 2.7591245205308743 43.79999923706055 31.489999771118164 AB 6.9165871300171196 1.505105550098895
62044.0729 lsst_hardware_r -85.86374611391524 78.99219118136175 31.520000457763672 AB 9.18431372902207 1.601635830207883
62044.0923 lsst_hardware_z 15.871333819872225 62.2506109715244 30.940000534057617 AB 9.02701830212457 1.4231465082964796
62048.11 lsst_hardware_z -17.177463268975146 115.32944294464427 31.719999313354492 AB 4.4729541330389155 1.2431779135739065
62052.0946 lsst_hardware_i 73.01348982408722 32.94462489554189 31.229999542236328 AB 7.247509116462195 1.2663459826656536
62052.1139 lsst_hardware_z 21.312166119439418 43.23915331134668 30.940000534057617 AB 6.371314272090017 1.1769669221841166
62054.1003 lsst_hardware_i 71.05355949705033 33.557277665277404 31.229999542236328 AB 5.088071971565903 1.211445707515691
62054.1199 lsst_hardware_z 3.620703008389237 43.4133079736256 30.940000534057617 AB 4.768316168079168 1.1353133733521827
62055.099 lsst_hardware_r 26.509865635066713 24.601004364362453 31.479999542236328 AB 6.968202086690903 1.2050674464293958
62057.0951 lsst_hardware_g 67.10258243702319 16.27113814128789 31.3700008392334 AB 8.650688615926901 1.1982669612974746
62057.1145 lsst_hardware_r 136.6587395793993 25.45463788111009 31.489999771118164 AB 8.135860055697007 1.1262784443307357
62059.0992 lsst_hardware_i 252.36788890169055 35.893244689355114 31.239999771118164 AB 9.052078982451407 1.1600272083449048
62059.1188 lsst_hardware_z 206.97478505476982 44.065098322668796 30.950000762939453 AB 8.492495302093557 1.097788948047254
62064.1063 lsst_hardware_r 363.1915224239768 30.32778408860076 31.5 AB 2.8955593585962656 1.0947294361422555
62064.1255 lsst_hardware_g 106.13950970071807 18.216600011890126 31.440000534057617 AB 2.764325777257835 1.0522747534289436
62067.1078 lsst_hardware_z 370.6099450771092 46.80064570584554 30.950000762939453 AB 3.3212003742698744 1.071354959441895
62067.1264 lsst_hardware_i 827.8224866970246 41.297168849164784 31.260000228881836 AB 2.9252753032475565 1.0373316678182825
62070.1063 lsst_hardware_z 467.15507615675637 50.28939867726477 30.959999084472656 AB 4.46074129962004 1.0575489093456711
62070.1262 lsst_hardware_g 139.94373821940314 38.26571492536359 31.700000762939453 AB 3.695254623302843 1.026697278991297
62075.0091 lsst_hardware_y 580.6487946056616 115.4703150751856 30.700000762939453 AB 5.920816075118349 1.4120154398310782
62077.0022 lsst_hardware_z 605.5035476636006 100.26146786764177 30.950000762939453 AB 4.00964918464437 1.4231230469012848
62077.0196 lsst_hardware_i 984.2015729314676 94.72535505288509 31.280000686645508 AB 3.7671113633133917 1.3043638041311145
62079.0049 lsst_hardware_y 445.15709457221266 78.73806501013784 29.969999313354492 AB 5.53483306016818 1.3633713096727595
62079.0231 lsst_hardware_r 668.0107698402111 34.429223941089084 31.459999084472656 AB 5.024896412168708 1.2546557833129062
62081.0062 lsst_hardware_y 117.58525672783466 73.6366672524322 29.979999542236328 AB 5.220846564829721 1.319367353437015
62081.0231 lsst_hardware_r 598.6623131710011 33.79302050338763 31.469999313354492 AB 4.8289014298772175 1.227556766412794
62083.008 lsst_hardware_y 280.67259083304725 76.9909224121612 29.989999771118164 AB 11.502397392777077 1.2769800047490512
62083.0249 lsst_hardware_z 711.6721525565323 50.44357002622793 30.940000534057617 AB 10.583651874656168 1.1948802568060828
62086.012 lsst_hardware_y 261.5762353461803 67.59989613417488 30.010000228881836 AB 6.151191606171179 1.2156505150532197
62086.0295 lsst_hardware_u 0.13668293976935675 2.7780429468315804 28.3700008392334 AB 5.790919373336772 1.145582467524232
62088.0129 lsst_hardware_y 207.5230370971032 70.00710009890787 30.010000228881836 AB 7.267236772927162 1.187942259571357
62088.0289 lsst_hardware_r 443.19110595672674 30.689260372922085 31.469999313354492 AB 6.845600336669851 1.1293264234265221
62090.0692 lsst_hardware_z 547.1331984955984 46.400830079773954 30.940000534057617 AB 6.125324175241872 1.029639296561117
62091.0165 lsst_hardware_y 288.53243873494966 64.8785135789651 30.020000457763672 AB 4.001636381053474 1.1433246803009924
62091.035 lsst_hardware_g 53.01840200475949 15.070896353844253 31.40999984741211 AB 3.8097287897205865 1.0884939399201676
62093.0179 lsst_hardware_y 190.09231968761395 67.44630824090704 30.040000915527344 AB 6.350749157181012 1.1209842004910462
62093.0342 lsst_hardware_i 623.2527753858634 40.23014519572412 31.25 AB 6.033972515305556 1.077238606636476
62096.021 lsst_hardware_y 198.78041349190033 63.2965467529394 30.040000915527344 AB 5.086273347889128 1.089371031888869
62096.0368 lsst_hardware_g 62.38439685553565 16.657470738149506 31.450000762939453 AB 4.953464597630876 1.054714063159847
62098.0229 lsst_hardware_y 178.1692576117123 63.255260626444596 30.049999237060547 AB 8.287339075998563 1.071915893248068
62098.0394 lsst_hardware_i 490.2853920168183 40.261114380177105 31.270000457763672 AB 8.09545290353456 1.0409034249358684
62100.0332 lsst_hardware_z 867.735309833144 78.42207948285056 31.719999313354492 AB 5.014425435059128 1.042066798640582
62310.3457 lsst_hardware_r 24.450280928281636 51.25 31.5 AB 5.468391792980677 1.5822892919504983
62310.3677 lsst_hardware_i 41.971344064078124 45.380001068115234 31.239999771118164 AB 4.828564683125182 1.389814976793605
62312.3547 lsst_hardware_z -112.03575207965993 88.91000366210938 31.68000030517578 AB 5.218311159856157 1.4481229803957698
62314.3555 lsst_hardware_z 55.71236561414183 62.619998931884766 30.940000534057617 AB 10.074409208188683 1.399223501137317
62314.3798 lsst_hardware_r -38.93103242251748 79.88999938964844 31.600000381469727 AB 8.96685979484412 1.2491272264183493
62315.3449 lsst_hardware_i 14.297415589373745 63.619998931884766 31.25 AB 7.405152953717142 1.4615193079818705
62315.3663 lsst_hardware_z 42.296308541851445 58.970001220703125 30.950000762939453 AB 6.636586076453037 1.3087332037967345
62323.3622 lsst_hardware_z -32.1856145588687 44.4900016784668 30.940000534057617 AB 6.924464177962817 1.2154935510305878
62323.3812 lsst_hardware_i -20.78016157932041 32.65999984741211 31.25 AB 5.680660639103377 1.1403132765011796
62325.3617 lsst_hardware_u -1.3932606001115662 2.690000057220459 28.3799991607666 AB 1.6940128306961637 1.1936672911540789
62325.3815 lsst_hardware_g 20.93433069494425 14.100000381469727 31.40999984741211 AB 1.7444639926955912 1.121661464520218
62327.3378 lsst_hardware_i -51.1093843921352 32.720001220703125 31.219999313354492 AB 10.238022736561511 1.2839658550320128
62327.3564 lsst_hardware_r -23.013299066370962 23.540000915527344 31.479999542236328 AB 9.511713726134264 1.1929905589030887
62328.3589 lsst_hardware_g -3.032307546109226 13.920000076293945 31.3700008392334 AB 10.981912132356294 1.1717789300422914
62328.3786 lsst_hardware_r -48.530880374470065 22.90999984741211 31.489999771118164 AB 10.068014296601223 1.106030828855619
62332.363 lsst_hardware_i -3.8163835744475723 31.010000228881836 31.239999771118164 AB 4.076586103045909 1.1197874201472076
62332.3823 lsst_hardware_z -23.97773666623727 41.369998931884766 30.950000762939453 AB 5.067444255301221 1.0696452253933977
62334.347 lsst_hardware_z 19.28249304152317 42.68000030517578 30.93000030517578 AB 1.1125944477423828 1.1549423332965911
62334.3671 lsst_hardware_i -36.63684882851147 30.799999237060547 31.239999771118164 AB 0.9756075782389001 1.0928116250216842
62345.3657 lsst_hardware_i -97.0086637802639 63.70000076293945 31.329999923706055 AB 3.2257448134148077 1.0357737814668118
62345.3848 lsst_hardware_r -37.29815030718831 76.87999725341797 31.65999984741211 AB 3.5720819943492907 1.0147479743428693
62348.2538 lsst_hardware_r 63.21877963245603 63.970001220703125 31.530000686645508 AB 5.2781375439513685 1.4700967999121812
62348.2725 lsst_hardware_z 12.632586477928685 57.34000015258789 30.940000534057617 AB 4.793110187412291 1.3316661013369948
62351.2547 lsst_hardware_r -7.137388659244039 26.709999084472656 31.459999084472656 AB 3.219504735262663 1.3976577969449375
62351.2747 lsst_hardware_i -19.45491027075254 34.470001220703125 31.229999542236328 AB 2.9264048996447354 1.2706005787588974
62352.2547 lsst_hardware_z -47.11241372174797 45.86000061035156 30.90999984741211 AB 1.259385568549075 1.3778835542112415
62352.2738 lsst_hardware_i -27.286998085925465 32.310001373291016 31.219999313354492 AB 1.1818108259482063 1.260822360542183
62354.2585 lsst_hardware_u 1.389290374250433 2.5299999713897705 28.229999542236328 AB 1.625585471334727 1.3167966555971868
62354.2779 lsst_hardware_g -16.29834772980155 13.699999809265137 31.360000610351562 AB 1.5144444883530257 1.2139835577980165
62357.3591 lsst_hardware_i 9.9898490004082 29.959999084472656 31.25 AB 4.963189621030976 1.0100786149577998
62357.3795 lsst_hardware_z -15.099928401102988 40.45000076293945 30.950000762939453 AB 3.8372381340725368 1.005565548761147
62362.258 lsst_hardware_u -3.050942066660699 2.569999933242798 28.290000915527344 AB 4.420900791404902 1.20528932175074
62362.2763 lsst_hardware_r 2.558803706138439 22.850000381469727 31.479999542236328 AB 4.141037303497735 1.135049055321444
62364.2494 lsst_hardware_i 9.69638700789747 31.959999084472656 31.229999542236328 AB 5.382821483517398 1.219488328843996
62364.268 lsst_hardware_z 32.95594802553262 42.709999084472656 30.940000534057617 AB 5.167182865226093 1.144659301877665
62367.2483 lsst_hardware_y -113.51352955555342 49.90999984741211 30.0 AB 2.8470514357845693 1.1883758471395982
62367.2663 lsst_hardware_r -20.107290368028554 43.2400016784668 31.600000381469727 AB 2.728567704599888 1.1233296437216502
62369.2493 lsst_hardware_i -44.718427450517815 52.459999084472656 31.290000915527344 AB 1.650784578992044 1.1628655678253317
62369.2652 lsst_hardware_z 16.616178325796145 51.88999938964844 30.959999084472656 AB 1.1410378747204708 1.1102290194312536
62370.3373 lsst_hardware_z 22.9424916716514 56.040000915527344 30.989999771118164 AB 1.9047618258268444 1.005593572807837
62370.3575 lsst_hardware_r -49.2593558997974 72.45999908447266 31.65999984741211 AB 2.012928399675379 1.0098303008404912
62371.2593 lsst_hardware_r 86.22707458566863 94.33000183105469 31.639999389648438 AB 2.12862939796871 1.111507452923046
62371.2769 lsst_hardware_z -48.4052908645526 64.37999725341797 30.979999542236328 AB 2.034001888177985 1.0673440028920684
62376.2362 lsst_hardware_i -58.09578681568607 63.650001525878906 31.309999465942383 AB 4.521864611695483 1.1413565971214041
62376.257 lsst_hardware_z 29.043270263607397 59.060001373291016 30.969999313354492 AB 3.9047246176095376 1.0814414561326267
62380.2552 lsst_hardware_r -75.85570318358124 27.110000610351562 31.540000915527344 AB 1.767963852662422 1.0614151606938695
