data/validation/pwv_sim_epoch_fit_epoch/22708789.ecsv
# %ECSV 0.9
# ---
# datatype:
# - {name: time, datatype: float64}
# - {name: band, datatype: string}
# - {name: flux, datatype: float64}
# - {name: fluxerr, datatype: float64}
# - {name: zp, datatype: float64}
# - {name: zpsys, datatype: string}
# - {name: pwv, datatype: float64}
# - {name: airmass, datatype: float64}
# meta: {SNID: '22708789', alt: 1024.0, c: -0.06572388112545013, dec: -3.284369, lat: -30.244573, lon: -70.7499537, ra: 39.550781, t0: 60293.31640625,
#   x0: 4.52368218640214e-06, x1: -0.30649927258491516, z: 0.6389093399047852}
# schema: astropy-2.0
time band flux fluxerr zp zpsys pwv airmass
60163.4079 lsst_hardware_z 58.69352649381301 149.16000366210938 31.739999771118164 AB 3.5001537606612927 1.1338978761388563
60166.4036 lsst_hardware_g 5.314213891988903 89.08999633789062 31.700000762939453 AB 5.878153554511777 1.1304141450984186
60166.4248 lsst_hardware_y -4.469593823467304 112.29000091552734 30.049999237060547 AB 5.568059429686784 1.1231209768748975
60175.3785 lsst_hardware_i -345.8134252304842 124.1500015258789 32.06999969482422 AB 2.0860452786361727 1.1308521568320415
60175.3976 lsst_hardware_y -171.99447220573853 158.1699981689453 30.799999237060547 AB 2.105194636403009 1.122970111879272
60177.4184 lsst_hardware_g 226.95952694766555 125.72000122070312 32.45000076293945 AB 1.7320605580510067 1.1380784480431518
60180.3607 lsst_hardware_r 100.15692641470301 118.3499984741211 32.380001068115234 AB 3.6469045826420134 1.1346933984573782
60180.3808 lsst_hardware_i 69.16818121357583 87.87000274658203 31.31999969482422 AB 4.2724789078578915 1.1231788922447192
60182.3125 lsst_hardware_z -31.20502923475652 105.02999877929688 30.979999542236328 AB 3.304295511010634 1.2238131522261606
60182.3298 lsst_hardware_u -10.608030863457868 27.15999984741211 29.389999389648438 AB 3.225899711563155 1.1760480173398304
60184.3254 lsst_hardware_z 91.43352130968387 105.30000305175781 30.989999771118164 AB 3.5996614525740505 1.1736750742007849
60184.3436 lsst_hardware_r 126.75804564959185 83.73999786376953 31.6299991607666 AB 3.431126757465153 1.141869240933547
60187.3065 lsst_hardware_i -64.38803154405711 86.80000305175781 31.309999465942383 AB 7.140979092938581 1.200517646860603
60187.3233 lsst_hardware_z 38.94174894739342 105.45999908447266 30.989999771118164 AB 6.952309156085796 1.1611857123196452
60192.2991 lsst_hardware_z -11.222970523254908 105.18000030517578 30.979999542236328 AB 2.1848115885111272 1.184072760461274
60192.3177 lsst_hardware_i 156.35175059904614 87.66999816894531 31.31999969482422 AB 2.1114037944283575 1.1475540347452462
60196.3439 lsst_hardware_z 89.19720534475216 105.54000091552734 30.989999771118164 AB 4.842407316560401 1.123267760742569
60196.3607 lsst_hardware_u -70.112109979107 27.56999969482422 29.43000030517578 AB 4.983465251428766 1.1320911520737769
60199.3451 lsst_hardware_g 96.4080557975642 89.18000030517578 31.700000762939453 AB 3.721780627214947 1.1266742564727388
60199.3636 lsst_hardware_r 69.85714547183613 83.7300033569336 31.6299991607666 AB 3.8805311324128953 1.1448401619902826
60201.2714 lsst_hardware_r -80.41098373390881 83.16000366210938 31.6200008392334 AB 2.36974983501083 1.192027079985327
60201.2881 lsst_hardware_i 66.82921415625847 87.62000274658203 31.31999969482422 AB 2.312548052230798 1.155696178026386
60207.3194 lsst_hardware_r 176.52157084250584 83.9800033569336 31.639999389648438 AB 7.4687433004330295 1.1248107380170225
60209.2784 lsst_hardware_g -46.750730175099456 125.5999984741211 32.45000076293945 AB 1.861376399526448 1.1381084680691866
60209.3 lsst_hardware_r 227.88245849011076 118.5999984741211 32.38999938964844 AB 2.3592647485771523 1.1234594040843582
60215.259 lsst_hardware_r -76.23085605502017 83.55999755859375 31.6299991607666 AB 3.913906258905549 1.1418295555117932
60215.2787 lsst_hardware_z -141.15612929650317 105.51000213623047 30.989999771118164 AB 3.865370919355753 1.1249897172581076
60223.2229 lsst_hardware_r 77.62549573330573 83.18000030517578 31.6200008392334 AB 5.636980935006895 1.165307525153024
60223.2424 lsst_hardware_u -8.943248066724678 27.280000686645508 29.399999618530273 AB 5.429111596113355 1.1356390174552282
60227.229 lsst_hardware_i -25.35672116728571 124.18000030517578 32.06999969482422 AB 3.00065545836314 1.1384086468655605
60227.2502 lsst_hardware_z 0.36408489475023037 149.35000610351562 31.739999771118164 AB 3.6048004381061354 1.1236033470291078
60232.1634 lsst_hardware_r 96.90873779742131 82.4800033569336 31.600000381469727 AB 7.887650833738133 1.2705793678080086
60232.1836 lsst_hardware_i -94.30905530575838 87.31999969482422 31.309999465942383 AB 8.027478045740825 1.2006398512923757
60236.2628 lsst_hardware_z 110.43991269269475 105.33000183105469 30.989999771118164 AB 4.11680066866696 1.1451462221604893
60236.28 lsst_hardware_i -154.97287974002248 87.30000305175781 31.309999465942383 AB 4.3527362736446396 1.1768392953256954
60238.2487 lsst_hardware_z 23.4340402980012 105.55999755859375 30.989999771118164 AB 2.064009875222506 1.1346428376320523
60238.2661 lsst_hardware_g 22.90389080487385 88.51000213623047 31.690000534057617 AB 2.317205010576818 1.1594237637876987
60240.1727 lsst_hardware_y -170.53703643915551 111.33000183105469 30.040000915527344 AB 3.829908442689993 1.1732589939825833
60240.1903 lsst_hardware_r 81.08724842556911 83.80999755859375 31.6299991607666 AB 3.653048688121915 1.1424107228568483
60244.1743 lsst_hardware_r -102.14571936067028 83.55999755859375 31.6299991607666 AB 2.781899766674788 1.14974331669036
60244.1906 lsst_hardware_z -12.865152218351295 105.5199966430664 30.989999771118164 AB 2.6900258245256716 1.1304608612960274
60246.1641 lsst_hardware_r -57.74854413296995 82.30999755859375 31.6299991607666 AB 3.3407721294956336 1.1577124163667438
60246.1815 lsst_hardware_i -164.4569009070982 87.31999969482422 31.31999969482422 AB 2.3847536778385283 1.1337074769852762
60248.2154 lsst_hardware_z 31.185023943651682 105.62999725341797 30.989999771118164 AB 4.309426007659395 1.1293538347218333
60248.2309 lsst_hardware_i -69.43199470442943 87.83999633789062 31.31999969482422 AB 4.381392244463561 1.1463861268029292
60262.1264 lsst_hardware_r -106.499507019963 83.4958143336127 31.6299991607666 AB 5.708517537698008 1.1478252421644788
60262.144 lsst_hardware_i -13.097875793329441 87.81455462207353 31.31999969482422 AB 5.623214859722595 1.1285364226024976
60264.1263 lsst_hardware_z 31.873624381227316 105.45252572284744 30.989999771118164 AB 6.673459069037926 1.1404373231053135
60264.1453 lsst_hardware_r -113.8324183942966 83.76701774365273 31.6299991607666 AB 6.669742699850607 1.1248248527609765
60269.1267 lsst_hardware_g 100.40038215706308 88.9704970611052 31.690000534057617 AB 3.326789965526863 1.1273432617847725
60269.1506 lsst_hardware_i 31.478755271508497 88.28232398603727 31.31999969482422 AB 3.317058294051563 1.1249985735294432
60271.109 lsst_hardware_z 325.71028994639477 106.19223687125623 30.989999771118164 AB 7.791555202074812 1.1382426064898743
60271.1288 lsst_hardware_r 157.68044869311416 84.9160984968651 31.6299991607666 AB 7.417898061568589 1.1239239487225137
60273.1132 lsst_hardware_y 48.29882749558258 158.9346568362116 30.799999237060547 AB 5.803475050846053 1.1290807491919073
60275.1021 lsst_hardware_r 697.370890046244 86.83433229035427 31.6299991607666 AB 4.3227664758533875 1.1339147421741766
60275.1216 lsst_hardware_i 267.20860413607437 90.24855141361276 31.31999969482422 AB 4.2756527934462865 1.1231520844393161
60277.1023 lsst_hardware_z 613.9966485980575 107.38981955133833 30.989999771118164 AB 5.668463904662192 1.1290636200900925
60277.1214 lsst_hardware_r 624.1822925830783 88.22389606027512 31.639999389648438 AB 5.646865338158099 1.1230837983608224
60281.1484 lsst_hardware_i 1055.3932472985564 92.65837978205798 31.31999969482422 AB 7.4914021439024205 1.1588726462130625
60281.1674 lsst_hardware_z 752.9181805681446 107.92846997143725 30.979999542236328 AB 7.685982005808932 1.2032432066772591
60283.0741 lsst_hardware_z 736.0282787383647 108.73445087163263 30.989999771118164 AB 1.6507924017037456 1.140837872635133
60283.0914 lsst_hardware_r 1595.9706329781347 91.93000458120837 31.6299991607666 AB 4.227454628926754 1.1257202100816848
60285.0724 lsst_hardware_u 9.756824131910816 27.44437762393152 29.399999618530273 AB 5.106697709707302 1.1364000466664372
60285.0921 lsst_hardware_g 576.9872087450167 91.66057267535402 31.690000534057617 AB 6.397388974628383 1.1235316077673785
60291.1165 lsst_hardware_r 1967.4521117477293 93.56073958968916 31.6299991607666 AB 13.720637271141566 1.1509797081698623
60291.1343 lsst_hardware_i 1558.70664108483 94.7529336861435 31.309999465942383 AB 12.268053628839974 1.1875949367231868
60292.1175 lsst_hardware_z 976.0050331485402 52.5372651011105 30.940000534057617 AB 8.563666601088215 1.1573043742179667
60292.1361 lsst_hardware_r 1607.7073703695369 46.0337600242695 31.479999542236328 AB 8.52746853624469 1.1996579377828145
60294.0411 lsst_hardware_y 365.0211336872806 56.82969882270378 30.020000457763672 AB 11.331754631634647 1.1447966165090067
60294.0597 lsst_hardware_u 1.414820188395636 3.001895420774666 28.440000534057617 AB 11.26181788299946 1.1265919833297737
60296.0394 lsst_hardware_y 379.4848540385835 60.64228056246062 30.020000457763672 AB 4.084046404823499 1.1398399120355844
60296.0547 lsst_hardware_i 1273.041369973601 48.892851850523414 31.25 AB 4.517175196639911 1.126337164104117
60300.0444 lsst_hardware_y 497.84741853615793 60.86204188152763 30.030000686645508 AB 6.166015008934841 1.126007123618488
60300.0638 lsst_hardware_r 1410.1220634259093 84.86742583608167 31.6299991607666 AB 6.136559807278006 1.1241865792522847
60302.0487 lsst_hardware_y 860.6403249085943 93.93582823390788 30.790000915527344 AB 7.230417155311381 1.123055293480724
60305.0396 lsst_hardware_z 683.2084423406079 77.23546629396962 30.979999542236328 AB 7.103394156857338 1.123155056819918
60305.0576 lsst_hardware_i 1071.5323746556314 74.66038070097902 31.309999465942383 AB 7.134618996907973 1.1278246912597254
60529.4191 lsst_hardware_u -6.399224520090176 3.200000047683716 28.559999465942383 AB 2.058451012456343 1.124836618828857
60529.4334 lsst_hardware_y -33.86906635971529 64.37000274658203 30.040000915527344 AB 2.1179506306569604 1.1235812364227906
60531.4194 lsst_hardware_i 40.413169118999086 32.470001220703125 31.25 AB 5.6028608170478575 1.1232680066254728
60535.3897 lsst_hardware_g 1.3145411906760052 14.960000038146973 31.43000030517578 AB 3.8717236847383454 1.1337404640522242
60535.4097 lsst_hardware_y 19.901427596369412 48.290000915527344 30.020000457763672 AB 3.8444434245990258 1.1231210705810768
60537.3838 lsst_hardware_i 10.6591843294636 45.099998474121094 31.989999771118164 AB 5.478060073779182 1.1341739283186711
60537.4042 lsst_hardware_z -22.292105144212403 42.720001220703125 30.940000534057617 AB 5.473552949852966 1.1231256694065797
60539.3833 lsst_hardware_r -21.5987773876918 46.029998779296875 31.600000381469727 AB 2.7226295356257864 1.129799931790215
60539.401 lsst_hardware_y -89.15827825518731 50.040000915527344 30.020000457763672 AB 2.7218223561267982 1.123018438781515
60543.3941 lsst_hardware_z -89.51814314555179 65.87999725341797 30.969999313354492 AB 1.3901739854910675 1.1233729175685394
60543.4122 lsst_hardware_y 35.012905368118396 56.650001525878906 30.030000686645508 AB 1.3783761673441681 1.133688417281498
60546.3636 lsst_hardware_r -92.26833106691623 73.63999938964844 31.6299991607666 AB 2.2534645063476173 1.1302643292025667
60546.3821 lsst_hardware_z 21.829286128917136 60.540000915527344 30.969999313354492 AB 2.4431339833718826 1.123021826417781
60549.3174 lsst_hardware_g -1.0346290779767477 21.139999389648438 31.520000457763672 AB 3.6804884028247806 1.1950284331915797
60549.334 lsst_hardware_r -46.37663699492215 30.079999923706055 31.540000915527344 AB 3.5159181606766867 1.1578851179570053
60553.3093 lsst_hardware_i 21.248831454171977 31.969999313354492 31.229999542236328 AB 1.8465128568674165 1.187659017120062
60553.3256 lsst_hardware_z 9.402137757720354 42.79999923706055 30.93000030517578 AB 1.7599554213288675 1.1535018327569178
60555.3173 lsst_hardware_z -56.464736936119884 42.91999816894531 30.940000534057617 AB 1.7788237676365777 1.1584654950417308
60555.3342 lsst_hardware_r -16.007211149322952 23.6299991607666 31.489999771118164 AB 1.1628170317326547 1.134640135045687
60557.3498 lsst_hardware_u 0.09460080576687165 3.799999952316284 29.139999389648438 AB 1.4190537305409265 1.1231133601431946
60557.3677 lsst_hardware_r -23.162398447798896 33.470001220703125 32.2400016784668 AB 1.3832329410362931 1.1284788423710326
60559.3383 lsst_hardware_i -48.267641179305855 31.459999084472656 31.239999771118164 AB 2.682524194713362 1.1244337828894908
60559.356 lsst_hardware_z -44.59032808366862 42.459999084472656 30.940000534057617 AB 2.645312250769327 1.1250264746679872
60568.274 lsst_hardware_r 6.892640040997925 58.16999816894531 31.610000610351562 AB 4.731752079734287 1.174229153710221
60568.2911 lsst_hardware_i -38.56070444357706 49.689998626708984 31.299999237060547 AB 4.682655296078823 1.143691760012623
60571.2659 lsst_hardware_i -24.371001535084115 91.5 31.309999465942383 AB 6.495020549743066 1.1740287495580826
60571.2872 lsst_hardware_z 18.68943692491369 77.68000030517578 30.979999542236328 AB 6.3634423085564915 1.1382599603893198
60574.2011 lsst_hardware_z -73.75707309607196 111.19000244140625 31.700000762939453 AB 3.1041514892505093 1.4069808449860663
60574.2235 lsst_hardware_i -30.783213324702636 117.62000274658203 32.040000915527344 AB 2.6828849815155 1.285214362402061
60578.245 lsst_hardware_u 3.659931506496284 2.6700000762939453 28.34000015258789 AB 3.54053099737022 1.178082630003563
60578.2632 lsst_hardware_g -13.181969297461794 15.65999984741211 31.43000030517578 AB 3.6319387829666843 1.1445185240440485
60580.2587 lsst_hardware_r -36.441170191213 23.719999313354492 31.479999542236328 AB 3.930610984025971 1.1432010423985457
60580.2779 lsst_hardware_i -20.183991036823222 31.700000762939453 31.239999771118164 AB 3.8396180884857833 1.1257126084004252
60582.298 lsst_hardware_z -67.62062535896833 42.66999816894531 30.940000534057617 AB 4.265160366098995 1.1275290109310279
60582.3162 lsst_hardware_r -18.259225850951925 23.719999313354492 31.479999542236328 AB 4.2895120855564235 1.1463919517757144
60584.2889 lsst_hardware_u 1.5375779705156745 2.809999942779541 28.479999542236328 AB 4.0744505571308025 1.1255388279366858
60584.3086 lsst_hardware_r 50.45871915020289 23.81999969482422 31.489999771118164 AB 3.656822999458348 1.1433824746215424
60586.2889 lsst_hardware_i -18.533481301407345 31.420000076293945 31.239999771118164 AB 3.13790516001725 1.1287428633155574
60586.3079 lsst_hardware_z 81.31737389925009 42.56999969482422 30.940000534057617 AB 3.0502218080423735 1.1503759411814938
60588.2169 lsst_hardware_z -14.876043124224044 43.029998779296875 30.940000534057617 AB 5.5929482729711975 1.1799468930321042
60588.2353 lsst_hardware_r -24.09362595355106 23.700000762939453 31.489999771118164 AB 5.62983142599677 1.1453610659155233
60592.2107 lsst_hardware_r -7.4631477370180574 24.09000015258789 31.489999771118164 AB 3.073225327090718 1.1694160300954946
60592.2285 lsst_hardware_i 16.884865578915136 31.899999618530273 31.25 AB 2.9891872932366392 1.139896006064563
60594.214 lsst_hardware_z 50.31039774938238 45.029998779296875 30.950000762939453 AB 6.341183996827762 1.1529425448777748
60594.2312 lsst_hardware_r -17.0962081354511 29.780000686645508 31.540000915527344 AB 6.22263604946295 1.1313883726296272
60596.2078 lsst_hardware_z -72.10958740831788 49.40999984741211 30.950000762939453 AB 9.220778231091185 1.1541842822745254
60596.2252 lsst_hardware_r -23.86961440070858 47.970001220703125 31.600000381469727 AB 7.130703680041024 1.1318577269906387
60599.2522 lsst_hardware_i -45.93030677959486 91.54000091552734 31.31999969482422 AB 6.973369159327069 1.1279206080593722
60599.2702 lsst_hardware_z -59.67155329659972 79.95999908447266 30.979999542236328 AB 7.0478225744738205 1.1469976387561653
60601.2527 lsst_hardware_r -157.87724351756853 140.27999877929688 31.639999389648438 AB 4.1487336616954895 1.1326054222482909
60601.2699 lsst_hardware_z 60.226352498090506 95.0199966430664 30.989999771118164 AB 4.223262241621671 1.1552645869303377
60603.2465 lsst_hardware_y -51.54126536839786 54.439998626708984 30.030000686645508 AB 2.0581453938759227 1.131937518974796
60603.2636 lsst_hardware_r 55.943965921711545 80.66000366210938 31.6299991607666 AB 2.3052574368428664 1.1538306253228112
