data/validation/pwv_sim_epoch_fit_epoch/22708789.ecsv
# %ECSV 0.9
# ---
# datatype:
# - {name: time, datatype: float64}
# - {name: band, datatype: string}
# - {name: flux, datatype: float64}
# - {name: fluxerr, datatype: float64}
# - {name: zp, datatype: float64}
# - {name: zpsys, datatype: string}
# - {name: pwv, datatype: float64}
# - {name: airmass, datatype: float64}
# meta: {SNID: '22708789', alt: 1024.0, c: -0.06572388112545013, dec: -3.284369, lat: -30.244573, lon: -70.7499537, ra: 39.550781, t0: 60293.31640625,
#   x0: 4.52368218640214e-06, x1: -0.30649927258491516, z: 0.6389093399047852}
# schema: astropy-2.0
time band flux fluxerr zp zpsys pwv airmass
[from data line 131]
60605.19 lsst_hardware_i -22.691734204563158 39.279998779296875 31.270000457763672 AB 3.7699743479659134 1.143802896834462
60607.1723 lsst_hardware_z -17.100417696293558 43.790000915527344 30.940000534057617 AB 5.331880773389622 1.1642084733919622
60607.19 lsst_hardware_r 8.249797589870258 24.530000686645508 31.5 AB 5.229138593903087 1.137016437030486
60613.2097 lsst_hardware_r -0.7369876849187708 24.329999923706055 31.510000228881836 AB 4.281308106608139 1.1255246304013293
60613.2246 lsst_hardware_u 2.381699936771546 2.9200000762939453 28.530000686645508 AB 4.33674850057953 1.137383499223162
60615.1584 lsst_hardware_u -0.023515615026970332 2.7300000190734863 28.399999618530273 AB 4.485505985013443 1.1501297397470367
60615.1778 lsst_hardware_g 17.07525758664419 14.960000038146973 31.440000534057617 AB 4.035841736226661 1.1283544380307993
60617.1547 lsst_hardware_r -24.30916763787277 24.360000610351562 31.5 AB 5.851887764008521 1.1474289733350043
60617.1725 lsst_hardware_i -15.843018160036923 32.119998931884766 31.25 AB 5.192934342089176 1.1282447151119734
60620.1649 lsst_hardware_z -63.56927267617549 42.91999816894531 30.940000534057617 AB 5.035297883366008 1.1278525889497162
60620.1833 lsst_hardware_r -7.045331699987368 24.219999313354492 31.489999771118164 AB 6.128337270901835 1.1232804419010833
60622.2032 lsst_hardware_z -36.266603341613425 43.34000015258789 30.940000534057617 AB 6.798151709014439 1.1412039128780918
60622.2218 lsst_hardware_r 2.723701033182492 24.200000762939453 31.479999542236328 AB 9.254026829158606 1.1733885813449347
60624.2006 lsst_hardware_i 64.77764539289385 39.06999969482422 31.270000457763672 AB 0.8865572734451908 1.1450529847532331
60624.2178 lsst_hardware_z -0.5251079544505447 46.060001373291016 30.940000534057617 AB 2.7688840071789507 1.1766629395193502
60629.1343 lsst_hardware_y -29.951436487512318 95.55999755859375 30.780000686645508 AB 6.654322569548267 1.1325703259992796
60631.1814 lsst_hardware_r 9.347338900944166 99.47000122070312 31.6299991607666 AB 6.2387092617363615 1.1449273741490003
60631.2014 lsst_hardware_i 65.87204285367783 80.70999908447266 31.309999465942383 AB 6.451558802647404 1.1830486801923585
60633.1799 lsst_hardware_z 30.714614561939566 51.22999954223633 30.959999084472656 AB 5.903359120277551 1.150883132314113
60633.1991 lsst_hardware_r 49.32927506362265 56.81999969482422 31.600000381469727 AB 6.12792903832226 1.191006907127684
60640.1047 lsst_hardware_g -0.9720384556224198 14.630000114440918 31.420000076293945 AB 4.3062203804650565 1.1321730985842138
60640.1254 lsst_hardware_i -10.438121946815636 31.6200008392334 31.25 AB 4.042860159738754 1.1230167110385427
60642.0895 lsst_hardware_z 41.87060392760052 42.939998626708984 30.940000534057617 AB 5.74246764201514 1.1430829358400754
60642.1036 lsst_hardware_r -4.433939579655567 23.860000610351562 31.5 AB 5.644998903088488 1.1286799879544671
60644.1462 lsst_hardware_u -0.8586732634486427 2.7699999809265137 28.420000076293945 AB 9.3013233825158 1.1453421232010008
60644.1659 lsst_hardware_g -0.5040017908800851 14.670000076293945 31.389999389648438 AB 9.594010146697496 1.183033846031116
60646.1488 lsst_hardware_r 0.4397188005129222 23.75 31.489999771118164 AB 7.494349817950114 1.1583838989302864
60646.1671 lsst_hardware_i -23.600790469246142 32.25 31.229999542236328 AB 7.666713613280849 1.2004696408224123
60648.0732 lsst_hardware_i -31.43553201198404 31.719999313354492 31.239999771118164 AB 1.6961673592268809 1.1429699186164965
60648.0924 lsst_hardware_z 16.258966569739446 42.56999969482422 30.940000534057617 AB 4.187501993494347 1.1256221477965809
60650.074 lsst_hardware_r -50.26058804715475 24.65999984741211 31.5 AB 5.175804238199638 1.1354805546426014
60650.0933 lsst_hardware_u 5.11657721662088 3.0199999809265137 28.5 AB 6.480948728873332 1.1234742971578884
60656.1229 lsst_hardware_y -145.23124306745805 83.7699966430664 30.770000457763672 AB 13.84858784680018 1.1609826335168518
60658.1166 lsst_hardware_r -73.7406539077104 108.63999938964844 31.6299991607666 AB 9.013624847524776 1.1594162695685046
60658.1346 lsst_hardware_i 89.29214461064083 88.12999725341797 31.309999465942383 AB 9.457888241625257 1.2012151190832885
60660.1194 lsst_hardware_z 48.512595074537884 64.5999984741211 30.969999313354492 AB 11.375932031585872 1.1764148946831305
60660.1372 lsst_hardware_r -118.01610016291033 89.69999694824219 31.6200008392334 AB 11.520373811226683 1.2259846910725263
60663.0457 lsst_hardware_y -117.2837287518551 50.0099983215332 30.030000686645508 AB 5.96151784325368 1.129075349100744
60663.0687 lsst_hardware_i -34.555944287246646 31.639999389648438 31.25 AB 5.837051765795367 1.1238607491302754
60665.0449 lsst_hardware_y -40.8273377560833 50.90999984741211 30.030000686645508 AB 6.1439441550469605 1.1261582736691074
60665.0662 lsst_hardware_r 26.76241034552303 23.739999771118164 31.5 AB 6.0993335352014695 1.1248540361225674
60668.0395 lsst_hardware_y 24.30512332435721 62.40999984741211 30.040000915527344 AB 6.458984245245639 1.1248666397153673
60668.0603 lsst_hardware_g 18.55276975188352 14.720000267028809 31.420000076293945 AB 7.985144612169665 1.1258839985200166
60670.0437 lsst_hardware_z 34.71279546026351 49.119998931884766 30.959999084472656 AB 7.093216990208565 1.1230108039119042
60670.0655 lsst_hardware_i -19.027813489213422 31.729999542236328 31.239999771118164 AB 7.307123773976531 1.1337223186032483
60672.0423 lsst_hardware_y 94.92131240207806 58.380001068115234 30.030000686645508 AB 9.17958519278026 1.1234347317073745
60672.0642 lsst_hardware_r -19.015449882448863 24.030000686645508 31.5 AB 9.27491531355723 1.1381660711200428
60674.0398 lsst_hardware_y 111.06531162931022 61.900001525878906 30.040000915527344 AB 8.38254977176449 1.1241936259322303
60674.061 lsst_hardware_r -36.481361186664536 23.81999969482422 31.5 AB 8.571120959378206 1.1409146035777977
