data/validation/pwv_sim_epoch_fit_epoch/22809849.ecsv
# %ECSV 0.9
# ---
# datatype:
# - {name: time, datatype: float64}
# - {name: band, datatype: string}
# - {name: flux, datatype: float64}
# - {name: fluxerr, datatype: float64}
# - {name: zp, datatype: float64}
# - {name: zpsys, datatype: string}
# - {name: pwv, datatype: float64}
# - {name: airmass, datatype: float64}
# meta: {SNID: '22809849', alt: 1024.0, c: 0.00397998932749033, dec: -28.461132, lat: -30.244573, lon: -70.7499537, ra: 46.757812, t0: 62783.16015625,
#   x0: 2.232705893011072e-05, x1: 0.5043776631355286, z: 0.3273262679576874}
# schema: astropy-2.0
time band flux fluxerr zp zpsys pwv airmass
62707.3452 lsst_hardware_r 5.594057685193502 24.469999313354492 31.43000030517578 AB 7.617434887689052 1.3829974832024907
62707.3641 lsst_hardware_z 10.715308810404919 44.4900016784668 30.920000076293945 AB 6.977230032092581 1.2669364220123924
62709.3688 lsst_hardware_u 1.6794165250086037 2.450000047683716 28.18000030517578 AB 3.06419756435809 1.2169172217466602
62709.3903 lsst_hardware_g -2.850597543325426 13.539999961853027 31.360000610351562 AB 3.3445434701059984 1.1332953532860446
62711.2875 lsst_hardware_z -60.82027058597791 87.2300033569336 32.04999923706055 AB 7.8969468561603104 1.880225441942931
62711.3188 lsst_hardware_u -0.1040631530318207 4.010000228881836 29.18000030517578 AB 5.575111623163884 1.506786925179428
62716.3683 lsst_hardware_z -33.78556632645034 42.31999969482422 30.940000534057617 AB 2.5280147784859004 1.1429930048540295
62716.3873 lsst_hardware_r 28.931174162473226 22.329999923706055 31.479999542236328 AB 2.9509838388894627 1.086785111302282
62722.3576 lsst_hardware_r -15.949045532987213 22.469999313354492 31.469999313354492 AB 5.552748042514963 1.124341531286777
62722.3753 lsst_hardware_z 12.947885992967263 41.4900016784668 30.950000762939453 AB 4.078710979334327 1.076177039402197
62723.3644 lsst_hardware_g -19.906251819973633 29.81999969482422 31.6299991607666 AB 5.599058579083149 1.0966361387510248
62723.3839 lsst_hardware_r 8.488215497691183 22.079999923706055 31.489999771118164 AB 5.472406875264172 1.0523859375508022
62725.3517 lsst_hardware_i -33.751838039916464 58.59000015258789 31.309999465942383 AB 3.491703917728963 1.1172856651044625
62725.3688 lsst_hardware_z 53.15261004662714 54.65999984741211 30.969999313354492 AB 3.3337815760633864 1.0723002817830127
62733.3408 lsst_hardware_z 59.355357945230494 45.75 30.959999084472656 AB 2.9149976997406224 1.0870097077963787
62733.3587 lsst_hardware_r -59.078667963876555 39.04999923706055 31.610000610351562 AB 2.7481832820829983 1.0485247165520788
62736.3243 lsst_hardware_r 26.449273290987694 33.11000061035156 32.2400016784668 AB 2.2368383109809065 1.109496950844082
62736.3442 lsst_hardware_z -4.945647920930662 58.72999954223633 31.700000762939453 AB 2.1483084405815016 1.060631172837078
62738.3378 lsst_hardware_g 14.098822154847229 13.199999809265137 31.399999618530273 AB 2.0414557214396036 1.062566413241173
62738.3553 lsst_hardware_r -18.34505241996046 21.780000686645508 31.489999771118164 AB 1.9816998640775094 1.0320009707473035
62740.3466 lsst_hardware_i 44.12020373528333 29.799999237060547 31.25 AB 2.8135743755973435 1.0368165000358716
62740.3671 lsst_hardware_z 16.945823974947828 40.290000915527344 30.950000762939453 AB 2.760169839888758 1.0123491068727484
62742.2511 lsst_hardware_r -15.42656164995736 23.290000915527344 31.43000030517578 AB 8.248570183430346 1.372854954246382
62742.267 lsst_hardware_i -36.92431780769211 31.989999771118164 31.219999313354492 AB 7.768829679422445 1.2752510964252206
62744.2522 lsst_hardware_z -43.43767452106909 44.58000183105469 30.920000076293945 AB 6.405922585353584 1.3297192704418441
62744.2701 lsst_hardware_r 32.24432791417117 22.579999923706055 31.450000762939453 AB 6.078416419732425 1.2316121342156743
62751.2567 lsst_hardware_r -54.12489600405576 43.810001373291016 31.579999923706055 AB 2.413332972094754 1.2054610250223547
62751.2745 lsst_hardware_y 4.320680215793204 49.099998474121094 30.020000457763672 AB 2.2635098144773824 1.137061192805115
62753.2548 lsst_hardware_z -39.058765935886285 52.45000076293945 30.950000762939453 AB 5.118109790072337 1.190258090714497
62753.272 lsst_hardware_r -1.8320687348848108 59.7400016784668 31.6200008392334 AB 4.84783365166171 1.1274031748050488
62755.26 lsst_hardware_i -70.60129443409699 68.76000213623047 31.309999465942383 AB 3.2166656163727763 1.1493564613051845
62755.278 lsst_hardware_z -26.28927323757763 60.810001373291016 30.979999542236328 AB 3.050098707540086 1.0940749832749754
62758.2536 lsst_hardware_z -39.6566253010221 88.8907998422246 31.729999542236328 AB 2.394077145241136 1.1431213489928358
62760.2636 lsst_hardware_z 131.9936055876096 55.0073046071829 30.969999313354492 AB 4.4847397839822065 1.0960667496494194
62764.2431 lsst_hardware_g 458.4710509422478 26.321834889249047 31.43000030517578 AB 6.5708492338094056 1.1238304325092736
62764.2613 lsst_hardware_r 979.8917444010015 39.79600488065884 31.520000457763672 AB 7.415029139254885 1.0746419042398383
62765.2547 lsst_hardware_i 953.6975540429625 43.24007924432 31.25 AB 4.208096093617142 1.0838624838679052
62765.2711 lsst_hardware_z 792.6687270758786 49.249086229783856 30.950000762939453 AB 4.081736515095042 1.0489525255623513
62767.2491 lsst_hardware_r 2037.30546870027 50.559659122287854 31.479999542236328 AB 2.151428854727606 1.0842073852146512
62767.2659 lsst_hardware_u 8.841979397589922 4.6508034894395935 28.440000534057617 AB 1.8297781480972897 1.048483324284695
62771.1994 lsst_hardware_i 2706.3239483501998 60.50598579531851 31.209999084472656 AB 4.8587782780631 1.2175354856489558
62771.2193 lsst_hardware_u 26.53337198061164 5.777715608162051 28.270000457763672 AB 3.830680380010738 1.1390664228399459
62772.1984 lsst_hardware_g 2806.9424758204736 54.77067422712426 31.350000381469727 AB 5.430198762344765 1.209735174011783
62772.2179 lsst_hardware_r 4305.732888662327 68.79049183896205 31.469999313354492 AB 4.216092407994394 1.1346290400524732
62774.2028 lsst_hardware_i 3773.609218015543 68.52428784446246 31.229999542236328 AB 4.93955681522613 1.1689644779362525
62774.223 lsst_hardware_r 5147.56128194895 75.22309860606681 31.479999542236328 AB 4.242909322229824 1.102555531015351
62776.2018 lsst_hardware_u 52.438902645857674 7.496819621356699 28.3700008392334 AB 5.230151867454716 1.1524388984477107
62781.1861 lsst_hardware_i 5347.734999751117 86.49616117829571 31.290000915527344 AB 5.319545103180473 1.1598899107508474
62783.1853 lsst_hardware_z 3416.209596046 82.31591628446766 30.969999313354492 AB 3.6497285256832623 1.1432792708626092
62785.2187 lsst_hardware_r 23892.991406142428 233.72425982669708 32.849998474121094 AB 3.762214147052708 1.0450594852924189
62785.255 lsst_hardware_z 3703.1872955948593 90.26397663385458 31.0 AB 4.122029116834765 1.0049644331982361
62787.2008 lsst_hardware_r 7498.070483667906 127.1834543159457 31.649999618530273 AB 7.119468612879235 1.0694710249180164
62787.2193 lsst_hardware_y 946.1265362208908 61.20713467405285 30.059999465942383 AB 6.020848149636848 1.0352659845483125
62789.2042 lsst_hardware_g 4311.9276046300765 94.30706393529789 31.719999313354492 AB 6.838790493131383 1.0514745530646146
62789.2248 lsst_hardware_r 7380.830000282058 107.54478943456698 31.65999984741211 AB 6.51757858204829 1.0208173617075356
62791.1932 lsst_hardware_r 6463.854227385525 88.83510604618466 31.600000381469727 AB 6.9390076190803365 1.0623640141485589
62791.2129 lsst_hardware_i 5289.443574046126 82.91553759340337 31.299999237060547 AB 5.400727620530592 1.0288080046729386
62796.1021 lsst_hardware_r 4453.215811831006 70.81956312556117 31.440000534057617 AB 6.055009825795369 1.3838440922854718
62796.1191 lsst_hardware_u 12.828220501599146 4.1250199340707185 28.299999237060547 AB 5.603237119938514 1.2778191835663657
62799.0966 lsst_hardware_g 1548.68346602043 41.3632481129485 31.31999969482422 AB 6.161976364100652 1.36518197269794
62799.1151 lsst_hardware_r 3822.359698544076 66.15575161912861 31.459999084472656 AB 5.6979093856235234 1.2555992476032445
62801.101 lsst_hardware_i 3415.900359146632 66.07315056001572 31.219999313354492 AB 5.503372964111682 1.3029846809514525
62801.1186 lsst_hardware_z 1985.6408008018263 61.615309275049654 30.940000534057617 AB 5.098446482565847 1.2125204683259974
62803.1051 lsst_hardware_r 3024.437983709596 59.66846779058259 31.479999542236328 AB 3.6609626726257662 1.250898407503109
62803.1233 lsst_hardware_g 1160.3462315812974 36.415414478207424 31.40999984741211 AB 3.490720024471814 1.1702045003256216
62807.1105 lsst_hardware_r 2499.554539845386 57.44926611104239 31.530000686645508 AB 6.64430169378863 1.1775457144507984
62807.1278 lsst_hardware_i 2935.546930591842 63.13411161252451 31.260000228881836 AB 4.3577321917836365 1.117367228662471
62813.1368 lsst_hardware_z 7490.940725269433 154.65534372034875 32.4900016784668 AB 6.241604508912531 1.0550230882896774
62819.1009 lsst_hardware_z 1721.0370027534889 62.29880569837027 30.950000762939453 AB 3.2950070634221937 1.1004448738158867
62819.1178 lsst_hardware_r 1240.6945628552776 54.239641672496376 31.600000381469727 AB 3.222241897742032 1.060209557536245
62822.1213 lsst_hardware_i 1930.4247685191053 52.40783924107339 31.239999771118164 AB 3.2210463173182724 1.0390471991349266
62822.1388 lsst_hardware_u -0.07374437113766973 2.9008646299877316 28.389999389648438 AB 2.7759182385066867 1.0164475424777322
62825.1051 lsst_hardware_r 842.4607457431673 36.801874502632934 31.489999771118164 AB 6.068724004804329 1.052988549127414
62825.1215 lsst_hardware_z 1442.9480446116288 54.81367226984374 30.950000762939453 AB 5.918594216972303 1.0269097279382846
62829.0179 lsst_hardware_y 507.7852962934789 82.49066712836853 29.969999313354492 AB 10.391850897151404 1.3438896754658107
62829.0366 lsst_hardware_g 224.7217209251278 19.885022855037658 31.3700008392334 AB 9.621582468228057 1.2385114307338958
62831.0198 lsst_hardware_y 389.44410153975247 81.2627388219543 29.989999771118164 AB 6.201964825498102 1.298840801151435
62831.0356 lsst_hardware_i 1326.3960179461194 47.960122725854966 31.229999542236328 AB 5.792003199912701 1.2174468102810183
62833.0216 lsst_hardware_y 240.68215586193026 75.90891610129637 30.0 AB 5.63986103693997 1.2590380705301865
62833.0387 lsst_hardware_i 1153.2261802850633 46.86819665414125 31.229999542236328 AB 5.242332448395848 1.1807719913048815
62835.0234 lsst_hardware_y 236.78560516955983 75.80429167810814 30.0 AB 6.82347526108925 1.223338310445834
62835.0395 lsst_hardware_g 218.21440659804355 22.75325863412508 31.479999542236328 AB 6.45075512726434 1.1568094555438473
62838.0339 lsst_hardware_z 1439.749605861841 90.49626032374793 31.719999313354492 AB 7.696521372008646 1.1475460906415034
62840.0303 lsst_hardware_y 307.08375286157025 67.6288577470685 30.040000915527344 AB 2.4801291734720796 1.1411199755249015
62840.05 lsst_hardware_r 676.573709467355 66.13480809059669 31.639999389648438 AB 1.5171511650325793 1.0836794035946995
62844.0336 lsst_hardware_y 245.3663226734922 65.52681806852809 30.049999237060547 AB 5.387014094039917 1.0978223138456025
62844.0544 lsst_hardware_z 629.7437722811275 70.23676515560142 30.989999771118164 AB 5.663733866404964 1.0507855039712364
62849.0386 lsst_hardware_y 128.33305483195028 55.59958958343649 30.049999237060547 AB 8.851828479546203 1.0548355685655852
62849.0615 lsst_hardware_r 500.53185807615984 31.05191750607402 31.489999771118164 AB 8.059793662154178 1.0202270458423008
63066.3663 lsst_hardware_z -7.685078541765546 45.130001068115234 30.920000076293945 AB 2.9380577627858826 1.3554010900130251
63066.3861 lsst_hardware_r -37.369593957640255 23.200000762939453 31.459999084472656 AB 3.36973862571109 1.2417277294191027
63070.3573 lsst_hardware_r 31.0555283830717 23.700000762939453 31.440000534057617 AB 6.048330729781706 1.342830134271609
63070.377 lsst_hardware_i -36.69678369575347 31.989999771118164 31.229999542236328 AB 6.37520314013424 1.2328762599370027
63084.3592 lsst_hardware_r 4.172056986365995 63.939998626708984 31.6200008392334 AB 3.01478052040362 1.1485607417881591
63084.3776 lsst_hardware_i 23.386708845547215 53.2400016784668 31.309999465942383 AB 3.1472937533598726 1.092431014703184
63086.3644 lsst_hardware_z 39.03446832783112 49.40999984741211 30.950000762939453 AB 2.858586734517489 1.1140244483700268
63086.3832 lsst_hardware_i 3.793733460203382 45.060001373291016 31.299999237060547 AB 1.4926264128270372 1.0661617234478837
63096.3337 lsst_hardware_r -2.716921601953792 22.440000534057617 31.479999542236328 AB 4.478242787927311 1.1244097138729046
63096.3526 lsst_hardware_g -6.9291963653267254 13.34000015258789 31.399999618530273 AB 4.284185158959369 1.073461578290997
63101.3595 lsst_hardware_i -10.502575358209281 29.8799991607666 31.25 AB 2.093863350152575 1.034858327917253
63101.3775 lsst_hardware_z -28.222246070865907 40.36000061035156 30.950000762939453 AB 2.328817860463559 1.013410731272219
63107.2546 lsst_hardware_z 48.20519741138618 73.56999969482422 31.68000030517578 AB 8.194945536221901 1.3538651141949283
63111.2159 lsst_hardware_r -148.9599353540609 141.27000427246094 32.27000045776367 AB 3.4497874295933397 1.5843487755031591
63111.253 lsst_hardware_y 84.63461551519426 80.48999786376953 30.719999313354492 AB 3.767249528000219 1.296332243741652
63112.2656 lsst_hardware_z 9.92848555818944 64.04000091552734 30.959999084472656 AB 1.5784212499351609 1.2176044612510883
63112.2844 lsst_hardware_r 106.71019450183744 85.0199966430664 31.6299991607666 AB 1.3958100702379674 1.1428575902603444
63114.2638 lsst_hardware_i 89.37033815435177 57.36000061035156 31.290000915527344 AB 2.7878980465872125 1.2013349812929672
63114.2828 lsst_hardware_z 5.887496280131657 55.290000915527344 30.969999313354492 AB 2.657593157677699 1.130009137982255
63122.2591 lsst_hardware_z 34.29400216146173 42.029998779296875 30.940000534057617 AB 4.051143981693324 1.1361002051956037
63122.2768 lsst_hardware_r -23.519988028835133 21.940000534057617 31.469999313354492 AB 3.822131643623757 1.0849338787341238
63124.2354 lsst_hardware_g -29.97657794647658 13.270000457763672 31.350000381469727 AB 1.0342535550633154 1.2061265948260238
63124.2506 lsst_hardware_r -30.259184159118444 22.34000015258789 31.469999313354492 AB 2.7537735839138566 1.1464502847268345
63126.2612 lsst_hardware_r -7.248560844519301 22.25 31.479999542236328 AB 2.1731405053195108 1.0970378218768302
63126.2777 lsst_hardware_i -0.13089403705878302 30.170000076293945 31.25 AB 2.1071895288291955 1.058490281968703
63129.199 lsst_hardware_i -17.179869556032376 32.040000915527344 31.200000762939453 AB 8.286816472649896 1.3253075003238408
63129.215 lsst_hardware_z -80.47020249188364 43.25 30.93000030517578 AB 7.179111405451932 1.23735115571388
63133.2353 lsst_hardware_z 39.52537214113671 41.810001373291016 30.940000534057617 AB 4.233670657848186 1.1163761952662878
63133.2511 lsst_hardware_g -25.42171863875839 13.260000228881836 31.399999618530273 AB 4.206518305288166 1.0745762568059178
63137.1958 lsst_hardware_z 76.66893133999274 76.63999938964844 31.700000762939453 AB 5.603762327068677 1.2247545382902125
63143.181 lsst_hardware_g 112.05495775611355 71.1500015258789 31.649999618530273 AB 2.7080123422227294 1.2174489774716302
63143.1985 lsst_hardware_r -10.017510788914716 70.56999969482422 31.6200008392334 AB 2.552616672778377 1.14724344843972
63145.2074 lsst_hardware_z 27.813339293454938 47.290000915527344 30.950000762939453 AB 5.254149836102919 1.1023077386137072
63145.2276 lsst_hardware_r 11.592702850399867 44.91999816894531 31.6200008392334 AB 5.118892735407837 1.0550067467864461
63147.2082 lsst_hardware_u -0.28690267891103854 2.619999885559082 28.389999389648438 AB 4.401093755882025 1.0857961568785117
63147.2287 lsst_hardware_g 27.995196085952877 18.020000457763672 31.520000457763672 AB 3.4363229110872093 1.0431539320274859
63149.207 lsst_hardware_r 5.433601984086331 22.31999969482422 31.489999771118164 AB 3.66830594864016 1.0755392734480531
63149.2269 lsst_hardware_u 0.14498309442263813 2.690000057220459 28.469999313354492 AB 2.7085503501867625 1.0372288805924088
63151.182 lsst_hardware_i -21.242190994085217 30.940000534057617 31.229999542236328 AB 6.912911763087287 1.129314707539853
63151.2013 lsst_hardware_r 43.46287628215731 22.31999969482422 31.479999542236328 AB 6.69044567537657 1.0760957015940587
63155.205 lsst_hardware_i 57.31454220701756 30.209999084472656 31.260000228881836 AB 7.951898629595919 1.0463483437338517
63155.2238 lsst_hardware_z -20.4758003024308 40.52000045776367 30.950000762939453 AB 7.268132083393766 1.0196593831922114
