data/validation/pwv_sim_epoch_fit_epoch/2287639.ecsv
# %ECSV 0.9
# ---
# datatype:
# - {name: time, datatype: float64}
# - {name: band, datatype: string}
# - {name: flux, datatype: float64}
# - {name: fluxerr, datatype: float64}
# - {name: zp, datatype: float64}
# - {name: zpsys, datatype: string}
# - {name: pwv, datatype: float64}
# - {name: airmass, datatype: float64}
# meta: {SNID: '2287639', alt: 1024.0, c: 0.02091165818274021, dec: -7.632146, lat: -30.244573, lon: -70.7499537, ra: 42.890625, t0: 61376.43359375,
#   x0: 5.119930002072772e-06, x1: -1.2642263174057007, z: 0.6077278256416321}
# schema: astropy-2.0
time band flux fluxerr zp zpsys pwv airmass
[from data line 133]
61710.0787 lsst_hardware_i -33.774457859894596 34.56999969482422 31.190000534057617 AB 6.297945110752056 1.5015962910591303
61712.1611 lsst_hardware_u -0.9210476001373413 2.690000057220459 28.389999389648438 AB 4.347971549197539 1.1140789313170303
61712.1809 lsst_hardware_g -6.155806974751446 14.489999771118164 31.420000076293945 AB 4.071172147916077 1.0910283124522042
61721.2001 lsst_hardware_r -211.3107641446636 105.0199966430664 31.639999389648438 AB 3.7105401908974405 1.0971437583966412
61721.2173 lsst_hardware_i -161.0869744630022 85.16000366210938 31.31999969482422 AB 7.745777873458512 1.1213576364036935
61723.1246 lsst_hardware_i -120.43972754920586 98.7300033569336 31.31999969482422 AB 3.28187819280476 1.1253761484117646
61723.1425 lsst_hardware_z -14.392688907757346 82.4000015258789 30.989999771118164 AB 5.4931929908852295 1.0987118456334215
61725.1278 lsst_hardware_i 23.003784485979914 66.08000183105469 31.31999969482422 AB 6.5840021423611095 1.110677243386987
61725.1462 lsst_hardware_z -70.75050379252956 61.400001525878906 30.979999542236328 AB 6.432268350659987 1.0904460013834374
61727.1787 lsst_hardware_g -13.853718005894848 40.95000076293945 31.670000076293945 AB 6.060688624940942 1.0924916780476326
61727.1986 lsst_hardware_r 22.783359450292206 49.59000015258789 31.610000610351562 AB 6.4404972587072535 1.117317475596783
61730.1806 lsst_hardware_i -16.936493317483258 31.31999969482422 31.239999771118164 AB 3.4002353717218163 1.1029280838129962
61730.2001 lsst_hardware_r -42.34129950167589 23.510000228881836 31.479999542236328 AB 3.5326612121993257 1.1359039267521946
61735.11 lsst_hardware_g 0.17998042928452673 14.3100004196167 31.40999984741211 AB 3.848131454494504 1.0984200155550439
61735.1274 lsst_hardware_r 3.3316875034414437 23.25 31.489999771118164 AB 5.658165203497459 1.0858638782320125
61737.1112 lsst_hardware_i -3.6927273398854403 30.850000381469727 31.229999542236328 AB 4.2334854054004465 1.0921365737553823
61737.1318 lsst_hardware_z 8.272541891640211 41.65999984741211 30.940000534057617 AB 4.576684708901278 1.0842012931955793
61739.1441 lsst_hardware_i -18.227964045759094 30.979999542236328 31.239999771118164 AB 5.758012344087549 1.0910492362079676
61739.1631 lsst_hardware_u 0.9165048469925678 2.680000066757202 28.389999389648438 AB 5.815564859873189 1.1128670257615059
61741.1416 lsst_hardware_g 11.344186150997212 14.3100004196167 31.40999984741211 AB 7.089496745772114 1.0934394240561935
61741.1607 lsst_hardware_r -12.254232390453069 23.489999771118164 31.489999771118164 AB 7.234828043178548 1.1178658904787622
61743.146 lsst_hardware_i 6.583438325950716 31.729999542236328 31.25 AB 3.5456911950225845 1.1040607800163738
61743.1651 lsst_hardware_r -29.734042432048625 23.260000228881836 31.469999313354492 AB 3.65991579684306 1.1369729098611554
61747.0747 lsst_hardware_z 58.31504267202841 51.25 30.959999084472656 AB 3.21469609352565 1.10130047739807
61747.0961 lsst_hardware_r -8.871787462070529 53.369998931884766 31.6200008392334 AB 4.1262937686574785 1.0853669411869773
61751.1224 lsst_hardware_i -15.057064492239693 85.80999755859375 31.329999923706055 AB 13.791635568272675 1.1018616965330303
61751.1407 lsst_hardware_z -34.74843016535432 75.5 30.979999542236328 AB 13.352843158759658 1.1315649127504583
61753.1133 lsst_hardware_g -62.26204903858537 100.02999877929688 31.709999084472656 AB 8.119294499058267 1.097733519482398
61753.132 lsst_hardware_r -1.6400041092546032 95.77999877929688 31.639999389648438 AB 8.064128225063278 1.1251748604804352
61755.1181 lsst_hardware_i -16.070999857252822 47.220001220703125 31.290000915527344 AB 11.22239145841371 1.1108494799826967
61755.1353 lsst_hardware_r -3.545736675964207 56.720001220703125 31.610000610351562 AB 11.66629807837482 1.1436508050501446
61757.0745 lsst_hardware_u 0.05821833852180461 3.75 29.139999389648438 AB 4.410783378840156 1.084263367463248
61757.0936 lsst_hardware_g 5.297812881776331 19.829999923706055 32.15999984741211 AB 4.442958409858336 1.090073623354866
61765.0507 lsst_hardware_y -129.927238760194 48.790000915527344 30.030000686645508 AB 10.389427619027552 1.0844914007335649
61765.0766 lsst_hardware_r -15.075930463699425 23.15999984741211 31.489999771118164 AB 10.540277757085196 1.0939004470017328
61767.0401 lsst_hardware_y 103.70212596094642 85.08999633789062 30.799999237060547 AB 6.245678313804384 1.0858272450981197
61767.0623 lsst_hardware_r 16.992944694652135 32.88999938964844 32.25 AB 6.776710676074306 1.0876381354709457
61769.0417 lsst_hardware_z 77.8210834064796 52.91999816894531 30.969999313354492 AB 9.03245070653974 1.0842627341145157
61769.068 lsst_hardware_g 1.8182298967279433 14.329999923706055 31.43000030517578 AB 9.340899931501648 1.0960817403611671
61771.0409 lsst_hardware_y 5.36428448503467 58.43000030517578 30.040000915527344 AB 7.436356927148946 1.084322899702605
61771.0659 lsst_hardware_i -46.91085622450715 31.389999389648438 31.239999771118164 AB 7.581008876519942 1.0996427907946824
