data/validation/pwv_sim_epoch_fit_epoch/22879940.ecsv
# %ECSV 0.9
# ---
# datatype:
# - {name: time, datatype: float64}
# - {name: band, datatype: string}
# - {name: flux, datatype: float64}
# - {name: fluxerr, datatype: float64}
# - {name: zp, datatype: float64}
# - {name: zpsys, datatype: string}
# - {name: pwv, datatype: float64}
# - {name: airmass, datatype: float64}
# meta: {SNID: '22879940', alt: 1024.0, c: 0.017325153574347496, dec: -24.95302, lat: -30.244573, lon: -70.7499537, ra: 308.144531, t0: 63043.94921875,
#   x0: 5.061331071487855e-06, x1: 0.6939793825149536, z: 0.61036616563797}
# schema: astropy-2.0
time band flux fluxerr zp zpsys pwv airmass
62975.3438 lsst_hardware_g 3.6030712688392588 17.06999969482422 31.399999618530273 AB 14.965570165300656 1.3649735648760175
62975.3626 lsst_hardware_r -13.817169449320845 27.059999465942383 31.5 AB 13.691058009189087 1.2528420579419002
62977.3281 lsst_hardware_i 13.534063103300667 35.709999084472656 31.200000762939453 AB 12.93267762559973 1.441408523569841
62977.3453 lsst_hardware_z -14.851559466099157 46.400001525878906 30.920000076293945 AB 13.210741560698708 1.3196225712415053
62990.353 lsst_hardware_r -9.136676221996252 30.139999389648438 31.540000915527344 AB 9.259700710154542 1.12505855841497
62990.3714 lsst_hardware_i -30.598872813795396 32.58000183105469 31.25 AB 8.968013380411703 1.0753013645577916
62999.3131 lsst_hardware_i -19.625111644763958 52.849998474121094 31.290000915527344 AB 8.083352024529335 1.1797930416009585
62999.3313 lsst_hardware_z -21.58472832911785 53.380001068115234 30.969999313354492 AB 7.7533403332241955 1.116230972246451
63002.3607 lsst_hardware_i 46.280919507165116 32.45000076293945 31.270000457763672 AB 4.270941733816627 1.0346273579982137
63002.3806 lsst_hardware_u -2.2011143474338786 3.390000104904175 28.690000534057617 AB 4.47063109626404 1.0131359184764213
63005.2327 lsst_hardware_r -30.95882267048029 26.09000015258789 31.399999618530273 AB 13.032440484574138 1.6216226235472595
63005.2538 lsst_hardware_z -19.138112011280842 46.869998931884766 30.90999984741211 AB 10.756480516142727 1.4243849723429391
63010.2406 lsst_hardware_r -16.696614151548445 25.389999389648438 31.440000534057617 AB 10.588151109914046 1.4208786799553836
63010.2602 lsst_hardware_u 3.5570489788942106 2.619999885559082 28.239999771118164 AB 8.760408349059917 1.289986872353687
63013.2618 lsst_hardware_r 46.72092527345729 25.012718816824098 31.489999771118164 AB 4.333183923925553 1.238052549693015
63013.2816 lsst_hardware_i 7.45188523110299 32.4678730284686 31.25 AB 4.039529016830403 1.1541511476658293
63015.24 lsst_hardware_i 3.9151686860181734 33.867701965995174 31.219999313354492 AB 11.958924962749629 1.329360267090888
63015.2592 lsst_hardware_z -3.903838033374881 44.27194701638143 30.93000030517578 AB 10.22244298996994 1.2242935434512436
63017.2245 lsst_hardware_r 56.03218065986882 39.52553511792277 31.510000228881836 AB 10.002695277637255 1.3980658699642283
63017.2452 lsst_hardware_z 2.953963678289657 48.05400758697024 30.93000030517578 AB 9.103988758841012 1.2672296149645486
63019.2377 lsst_hardware_z 163.47396255501747 52.519789782579636 30.940000534057617 AB 13.508259368809005 1.2783438410910637
63019.2552 lsst_hardware_i 89.02228359208506 48.79604173835663 31.280000686645508 AB 11.794165432118737 1.1933992038840484
63020.2439 lsst_hardware_z 171.59514943240634 55.95094132644484 30.959999084472656 AB 11.449189675633507 1.2321555828275679
63020.2638 lsst_hardware_r 204.28713231432698 66.18934936378108 31.6299991607666 AB 10.047809585644872 1.1494596078757862
63031.2574 lsst_hardware_r 1222.0879927941808 42.569606318300785 31.510000228881836 AB 13.417462336954062 1.080122550034549
63031.2779 lsst_hardware_i 1007.4529805657229 44.75528503516574 31.260000228881836 AB 12.929407799479971 1.0400381659321603
63036.2596 lsst_hardware_z 1063.930426457969 52.15384184753833 30.959999084472656 AB 3.6384269328260763 1.047682564522554
63036.2843 lsst_hardware_r 1668.274502410117 47.29399197451539 31.530000686645508 AB 3.525101056627376 1.015928062815932
63040.1228 lsst_hardware_u 2.432351181715058 2.2799680935961857 27.68000030517578 AB 5.771770020414592 1.8036781313795598
63040.1467 lsst_hardware_r 1579.4914241266758 47.09652077420165 31.399999618530273 AB 5.2940348022316615 1.5236824873310972
63044.156 lsst_hardware_i 1474.101836192365 51.6980028043182 31.219999313354492 AB 10.958234990141882 1.361045995297907
63044.1772 lsst_hardware_z 1053.2204236339317 55.2106955679523 30.93000030517578 AB 9.166573072955309 1.2378896789946572
63046.1463 lsst_hardware_z 1069.89599191367 59.0936747898387 30.920000076293945 AB 6.67642279940587 1.3909214165428896
63046.1655 lsst_hardware_r 1661.0254049351686 56.126798729140916 31.540000915527344 AB 6.046575353488388 1.2700665892152727
63053.1488 lsst_hardware_r 1465.067932273406 163.57805970040374 31.610000610351562 AB 6.11366755329497 1.2572664285635393
63053.1676 lsst_hardware_i 1174.3566604230646 132.14066147932206 31.31999969482422 AB 5.700651395052312 1.1721695808880697
63061.1521 lsst_hardware_z 944.5462696635855 52.30235745761305 30.940000534057617 AB 8.62875759968667 1.1486249259125576
63061.1693 lsst_hardware_r 857.7660390431589 38.61045479102204 31.5 AB 7.9640435166865045 1.0956928550163727
63063.1539 lsst_hardware_u 0.7339319771651802 2.773993947805218 28.3700008392334 AB 3.241753390814158 1.12443752716412
63063.1721 lsst_hardware_g 86.29067343533167 18.291771327391114 31.459999084472656 AB 3.289634076236015 1.0753073714917103
63066.1599 lsst_hardware_r 695.0499322284253 35.403531322158905 31.520000457763672 AB 3.0262047962004015 1.0848232279135122
63066.1796 lsst_hardware_z 757.0643066238588 50.023129115641986 30.959999084472656 AB 3.3284052615651327 1.0444513255087888
63068.1599 lsst_hardware_r 474.542514910064 33.871608391384775 31.510000228881836 AB 6.273628431786762 1.0720333382903688
63068.1787 lsst_hardware_u -0.0642576613687842 3.048232273037187 28.489999771118164 AB 6.434094411439681 1.0372692004739192
63071.1427 lsst_hardware_g 119.6819496454189 24.53038904310037 32.220001220703125 AB 6.781805291167993 1.0938395630916118
63071.1567 lsst_hardware_r 895.0739712532138 45.82586824054684 32.27000045776367 AB 6.580956396990268 1.0614445801597205
63074.07 lsst_hardware_r 388.1202318793048 37.19346243968752 31.479999542236328 AB 4.858931200625747 1.3898544624215523
63074.0885 lsst_hardware_i 490.46001437881097 42.79721755986581 31.229999542236328 AB 3.8493438293943645 1.273071490263818
63076.0447 lsst_hardware_r 302.165014993369 51.98371506526288 31.5 AB 6.0745843278598315 1.559852176973337
63076.0633 lsst_hardware_z 534.2427647271625 56.83630957847935 30.93000030517578 AB 5.445883598989835 1.3989511321633348
63080.0482 lsst_hardware_i 548.3565319438204 131.47349677813114 31.270000457763672 AB 2.5986577931822246 1.4309789610034278
63080.0674 lsst_hardware_z 488.42188841499416 110.33458471376869 30.969999313354492 AB 2.3909015529077915 1.2997562125071946
63082.0695 lsst_hardware_z 556.3250418288161 95.21455653567742 30.969999313354492 AB 1.8734366780781577 1.2579028724786199
63082.0871 lsst_hardware_r 77.11213411199091 132.1684341746374 31.6299991607666 AB 2.1001513814823283 1.1773798915107658
63084.0667 lsst_hardware_i 283.9701374382906 50.18768203077395 31.270000457763672 AB 2.1762644857001274 1.2442907293882948
63084.0841 lsst_hardware_z 364.7327764502939 57.23825584407524 30.959999084472656 AB 2.3195747446482846 1.1677671142716655
63086.0722 lsst_hardware_i 292.81690456735123 37.07728312855929 31.239999771118164 AB 3.8565174573168464 1.1937218708161925
63086.0912 lsst_hardware_u -4.931567882204675 2.7688985920217206 28.389999389648438 AB 4.94618393515683 1.124132712535643
63095.0599 lsst_hardware_z 340.7550699215758 46.754847983517394 30.940000534057617 AB 4.482934430898517 1.1464083787060673
63095.0784 lsst_hardware_u 3.638325231632997 3.01826651425468 28.459999084472656 AB 4.278179874726306 1.0906536614203155
63101.0797 lsst_hardware_z 245.0625782490974 44.86532191811719 30.950000762939453 AB 2.3033686517154672 1.0520066918086963
63101.098 lsst_hardware_r 87.3621710565827 26.582582042035085 31.530000686645508 AB 2.3747879546432995 1.024830274956651
63106.9716 lsst_hardware_y 108.8008124920885 89.71891847708396 29.920000076293945 AB 7.803680513392991 1.4543277863133388
63106.9879 lsst_hardware_i 97.39788964213572 85.2556583782378 31.280000686645508 AB 7.0999165019805215 1.3351982138186216
63108.9732 lsst_hardware_y -85.6553157031123 96.48449272629668 29.959999084472656 AB 3.880622729316365 1.3989267228970312
63108.9917 lsst_hardware_r 68.78510141527212 137.33358546742667 31.610000610351562 AB 3.429429527725072 1.279876666439661
63111.0263 lsst_hardware_r 135.37284453584786 101.5277662945831 31.639999389648438 AB 1.824547386379855 1.1138872932721948
63111.0308 lsst_hardware_i 208.91074030054398 82.14762439472061 31.31999969482422 AB 1.845897994240147 1.1010426449389485
63111.9752 lsst_hardware_z 284.8081216324133 64.9546740550563 30.950000762939453 AB 4.377843004779682 1.3291363961390879
63111.9938 lsst_hardware_i 152.1047824597953 34.750495096027 31.229999542236328 AB 4.018299972110405 1.226961823545162
63113.9763 lsst_hardware_y 67.54906456400306 70.82249546024272 29.989999771118164 AB 2.5128047152727535 1.2897201275993604
63113.9933 lsst_hardware_r 87.21163738350654 26.328721549284317 31.489999771118164 AB 2.384989963595547 1.2042869582641096
63116.9779 lsst_hardware_y 23.00220763884678 71.23678541371189 30.0 AB 3.074941191079544 1.2378159776234325
63116.9943 lsst_hardware_r 58.79667071650017 26.123597327266808 31.489999771118164 AB 2.898131888573346 1.166602350235824
63118.9787 lsst_hardware_y 102.84548582525233 71.16023339864171 30.0 AB 3.9645351389234182 1.2084848138563014
63118.9958 lsst_hardware_z 167.96906358937554 45.29089035472666 30.940000534057617 AB 3.7612168406135216 1.1414633440571118
63121.9811 lsst_hardware_y -42.716248494062754 63.729677141486036 30.020000457763672 AB 3.1367371275951736 1.1648824167097478
63121.9981 lsst_hardware_u 2.8191562853786283 2.9315052880794954 28.469999313354492 AB 2.9140457935967476 1.1085290703173551
63123.9819 lsst_hardware_y 94.85261709678859 61.45256112421224 30.030000686645508 AB 2.6867121633562703 1.1423095932637204
63123.9983 lsst_hardware_r 83.37485797786996 25.805172653558227 31.510000228881836 AB 2.586090243723737 1.0930220810324736
63131.0057 lsst_hardware_z -6.778788156411088 42.119998931884766 30.950000762939453 AB 2.672360437339836 1.0387511417490942
63131.0211 lsst_hardware_r -30.605151263958497 26.110000610351562 31.540000915527344 AB 2.647006139481694 1.0194516231394117
63132.989 lsst_hardware_y -27.422876990913114 53.5 30.049999237060547 AB 2.681526542736057 1.0582884467813156
63133.0074 lsst_hardware_i 10.720219997480688 40.060001373291016 31.290000915527344 AB 2.903284125432425 1.028742972455829
