data/validation/pwv_sim_epoch_fit_epoch/22947905.ecsv
# %ECSV 0.9
# ---
# datatype:
# - {name: time, datatype: float64}
# - {name: band, datatype: string}
# - {name: flux, datatype: float64}
# - {name: fluxerr, datatype: float64}
# - {name: zp, datatype: float64}
# - {name: zpsys, datatype: string}
# - {name: pwv, datatype: float64}
# - {name: airmass, datatype: float64}
# meta: {SNID: '22947905', alt: 1024.0, c: -0.1149788498878479, dec: -45.98114, lat: -30.244573, lon: -70.7499537, ra: 166.404251, t0: 62633.1796875,
#   x0: 2.5241480177410256e-06, x1: 0.9972348809242249, z: 0.8097485899925232}
# schema: astropy-2.0
time band flux fluxerr zp zpsys pwv airmass
62507.3461 lsst_hardware_i 35.81433668506081 30.809999465942383 31.260000228881836 AB 8.12914359103425 1.0445414187001927
62507.358 lsst_hardware_y 29.905532341111385 57.33000183105469 30.059999465942383 AB 8.048846910871292 1.0404628129963944
62509.3478 lsst_hardware_u 2.7705848462810017 3.190000057220459 28.59000015258789 AB 9.054352827569572 1.0416481375429962
62509.3599 lsst_hardware_z -71.90704776632327 51.29999923706055 30.979999542236328 AB 9.106660543415677 1.0397709469171086
62510.3559 lsst_hardware_i -16.098007202767107 33.459999084472656 31.270000457763672 AB 7.636054959162813 1.0397914294300632
62512.3533 lsst_hardware_r 5.3253088664229 22.8700008392334 31.510000228881836 AB 6.744437180757387 1.0398053082686278
62512.3652 lsst_hardware_y 5.591235639244324 62.56999969482422 30.06999969482422 AB 6.744858679476775 1.0421196151997798
62514.3452 lsst_hardware_g 10.513457288515642 13.4399995803833 31.40999984741211 AB 4.350640428573997 1.0397865991413655
62514.3578 lsst_hardware_y 115.8158981511509 49.060001373291016 30.049999237060547 AB 4.3202901384865395 1.0414938660018176
62517.3442 lsst_hardware_z 52.388953181670935 40.79999923706055 30.950000762939453 AB 4.683258087191791 1.0402616808511307
62517.3574 lsst_hardware_y 32.4742972958 48.68000030517578 30.049999237060547 AB 4.642568033265956 1.0446039225829047
62519.3271 lsst_hardware_r -38.33187521829798 61.25 31.639999389648438 AB 7.554951765465267 1.0401613279820008
62519.3402 lsst_hardware_y 2.5573912540425434 49.83000183105469 30.040000915527344 AB 6.961867756889006 1.0405212804078774
62521.3317 lsst_hardware_z -68.37701227352059 59.209999084472656 30.979999542236328 AB 11.148769496240627 1.040045664092607
62521.3441 lsst_hardware_r -122.88811193312111 82.06999969482422 31.649999618530273 AB 10.087926136780567 1.0434886099592064
62525.3286 lsst_hardware_r 82.99258756710913 62.099998474121094 31.639999389648438 AB 8.320760771552637 1.0417553941034396
62525.3406 lsst_hardware_z 65.77398308358846 52.91999816894531 30.969999313354492 AB 7.609749689402504 1.0474655166132905
62527.3278 lsst_hardware_g 32.75727837368761 36.459999084472656 31.670000076293945 AB 12.786853135959415 1.043526595336795
62527.342 lsst_hardware_i -18.802916163743856 39.0099983215332 31.280000686645508 AB 14.709965729362827 1.0524408477758336
62529.3319 lsst_hardware_r 34.851799913532545 25.110000610351562 31.520000457763672 AB 12.272593403039766 1.048939607097416
62529.3449 lsst_hardware_z 26.40560030039084 41.59000015258789 30.950000762939453 AB 12.522471515079191 1.0602305615555336
62535.2897 lsst_hardware_i -30.93396114529753 29.780000686645508 31.25 AB 9.467299573478549 1.0397912766039044
62535.3024 lsst_hardware_z 26.633797784727413 40.72999954223633 30.950000762939453 AB 9.759006711353724 1.04212789912475
62537.2797 lsst_hardware_r -42.082496342675704 21.829999923706055 31.489999771118164 AB 5.7416382694011485 1.0399634612210014
62537.2917 lsst_hardware_u -2.194544801145275 2.569999933242798 28.3799991607666 AB 6.866281184707221 1.0406609858604539
62539.278 lsst_hardware_g -10.998841755700992 12.920000076293945 31.3700008392334 AB 4.609452643473978 1.0397847946630023
62539.2896 lsst_hardware_i -34.322658022381475 29.670000076293945 31.239999771118164 AB 4.546501887760886 1.0415215366269372
62541.2826 lsst_hardware_z -9.470380129563658 40.75 30.950000762939453 AB 5.497661836236959 1.041092381562358
62541.2941 lsst_hardware_r 30.287249586866416 21.729999542236328 31.479999542236328 AB 5.670813275545755 1.045793135185939
62543.2796 lsst_hardware_u -1.6970215767197314 2.619999885559082 28.420000076293945 AB 3.840892922914983 1.041809974344604
62543.29 lsst_hardware_g -21.383897860926492 13.0 31.389999389648438 AB 3.8712959669326947 1.046579066486265
62546.2628 lsst_hardware_r 9.639875546366369 35.95000076293945 31.600000381469727 AB 3.448856982623747 1.0399870283072268
62546.2733 lsst_hardware_i 47.603364666783705 37.34000015258789 31.280000686645508 AB 3.6176271848347845 1.0424687514832605
62548.272 lsst_hardware_z 9.341953754501517 54.0 30.979999542236328 AB 4.747826575489553 1.0442433817059134
62548.2834 lsst_hardware_r -33.0416300786823 67.87000274658203 31.639999389648438 AB 4.776156561270923 1.0514378781003684
62552.269 lsst_hardware_i 71.0364903268704 71.69000244140625 31.329999923706055 AB 2.8681565080697524 1.0488778599633397
62552.2803 lsst_hardware_z 33.21061761628442 64.29000091552734 30.989999771118164 AB 2.9139416178493494 1.058396374302082
62554.2612 lsst_hardware_z -70.78361503213684 53.9900016784668 30.969999313354492 AB 9.895334818800105 1.047337800661521
62554.2716 lsst_hardware_r -114.35871795155204 64.80000305175781 31.639999389648438 AB 9.802624043408699 1.055312727835433
62559.2527 lsst_hardware_z -117.68420861840299 40.93000030517578 30.950000762939453 AB 6.23935161829732 1.0509266663798753
62559.264 lsst_hardware_r -10.340073344435947 22.600000381469727 31.489999771118164 AB 6.333561861452254 1.0613129410912563
62563.2438 lsst_hardware_i 22.086082527842915 29.8799991607666 31.239999771118164 AB 5.482629879381237 1.0525302129739316
62563.2543 lsst_hardware_z -52.71491026591615 40.88999938964844 30.950000762939453 AB 6.24173532575331 1.0626491297303167
62566.1869 lsst_hardware_r -21.53905184822232 21.809999465942383 31.479999542236328 AB 8.14069896527778 1.0436793545227923
62566.1981 lsst_hardware_z -33.85663644212766 40.58000183105469 30.940000534057617 AB 8.114226455477237 1.0402854430099022
62568.1871 lsst_hardware_r -14.22717178231079 21.93000030517578 31.489999771118164 AB 11.208477049486094 1.0415590242291641
62568.1991 lsst_hardware_u 2.225256429647427 2.569999933242798 28.3700008392334 AB 11.205402015949053 1.0397997509348242
62571.1855 lsst_hardware_g -14.032690619945383 13.229999542236328 31.389999389648438 AB 9.23926246987521 1.0401353713518011
62571.197 lsst_hardware_r 8.113948156531976 21.899999618530273 31.479999542236328 AB 9.186066826728762 1.0403246689386954
62572.1753 lsst_hardware_i 33.62287139691899 29.959999084472656 31.239999771118164 AB 8.279988411557742 1.0418355975536637
62572.1871 lsst_hardware_z 6.583653095556397 40.95000076293945 30.950000762939453 AB 8.291604495261396 1.0398082761326863
62575.18 lsst_hardware_r -13.104237298716972 45.38999938964844 31.6200008392334 AB 10.810486538177491 1.0398031296740133
62575.1921 lsst_hardware_z 14.170111422583755 46.439998626708984 30.959999084472656 AB 10.69650906276703 1.0417832055288334
62578.1947 lsst_hardware_i 67.89280226673053 70.37999725341797 31.329999923706055 AB 7.216653375834461 1.0467514445439918
62578.2068 lsst_hardware_z 1.8007102203526315 63.209999084472656 30.979999542236328 AB 7.253079676583227 1.0559917997500592
62580.1435 lsst_hardware_r -47.36013630963985 110.18000030517578 31.65999984741211 AB 4.927814868453432 1.0463562731613618
62580.1561 lsst_hardware_z 92.01692970658421 73.4000015258789 30.989999771118164 AB 4.811578061131351 1.0410727670538975
62582.1915 lsst_hardware_y 104.4222237452716 52.560001373291016 30.049999237060547 AB 5.039570585205548 1.0521939455844271
62582.2045 lsst_hardware_r 38.70296711305548 76.98999786376953 31.649999618530273 AB 5.128085705905452 1.0650229918806753
62587.1506 lsst_hardware_z 36.133029893098744 57.709999084472656 31.700000762939453 AB 7.1758654142714295 1.0399804948219462
62587.1631 lsst_hardware_r -10.72806632376882 31.229999542236328 32.2400016784668 AB 7.197912766354927 1.0431757632398444
62589.1325 lsst_hardware_r 12.123246120183692 22.030000686645508 31.479999542236328 AB 6.771009900878693 1.040839808497442
62589.1438 lsst_hardware_u -0.9293033130213851 2.5999999046325684 28.399999618530273 AB 6.796641402966476 1.039877815631346
62591.1245 lsst_hardware_g -12.38797749152563 13.229999542236328 31.389999389648438 AB 5.297809100005597 1.0415089973798417
62591.1366 lsst_hardware_i -6.386294965429533 29.8700008392334 31.239999771118164 AB 5.223499974685287 1.0398128744272332
62594.1302 lsst_hardware_z -28.07044057583592 40.689998626708984 30.940000534057617 AB 6.524483348239648 1.0398825912642384
62594.1419 lsst_hardware_r -21.34925943880215 21.969999313354492 31.469999313354492 AB 6.551255526715932 1.042363647846608
62596.1171 lsst_hardware_u 1.0953140531606478 2.5899999141693115 28.3799991607666 AB 7.330033665148679 1.040163710110498
62596.1287 lsst_hardware_g -1.8881800332300622 13.300000190734863 31.399999618530273 AB 7.322696479611886 1.040328152811103
62598.1245 lsst_hardware_r 34.21014574871113 22.13187550792044 31.489999771118164 AB 10.670546881945873 1.0405552153763313
62598.136 lsst_hardware_i -45.622418624264135 30.083593530481398 31.25 AB 10.601851978567336 1.0445174363120422
62600.1169 lsst_hardware_z 11.991351235475046 40.72255698272764 30.940000534057617 AB 7.4582066880922815 1.0401961908078496
62600.1295 lsst_hardware_r 27.486451997218833 22.02161044255178 31.479999542236328 AB 7.243402959766986 1.044018875723117
62602.12 lsst_hardware_z 55.23338156591193 42.52752288877512 30.950000762939453 AB 4.161045995577498 1.0423461912769285
62602.1306 lsst_hardware_r -12.79796034785231 28.102524980002197 31.549999237060547 AB 3.1608438341746656 1.0476488333129674
62604.1102 lsst_hardware_i 77.07269856087608 42.79700650362146 31.309999465942383 AB 7.4747909173446505 1.041020983579214
62604.1207 lsst_hardware_z -38.22574979722376 47.0474078406801 30.969999313354492 AB 7.557947573041289 1.0450701843253996
62606.102 lsst_hardware_r 94.47243045771557 73.17662455254059 31.65999984741211 AB 10.795900145595413 1.0404349782127995
62606.1135 lsst_hardware_z 89.15159711900128 57.59887803183797 30.979999542236328 AB 10.847340587782776 1.0442016320925518
62608.1104 lsst_hardware_y 44.53741100906888 58.51319243669376 30.059999465942383 AB 14.880591952761009 1.045401397051332
62608.1212 lsst_hardware_r 74.94506971304997 109.32926298926786 31.65999984741211 AB 14.99091102718074 1.0527694811742505
62612.0509 lsst_hardware_g 70.6809676242641 40.58228079946512 31.700000762939453 AB 7.439096781709958 1.049780814955072
62612.062 lsst_hardware_r 360.72759426429513 51.26650765155805 31.6299991607666 AB 7.3983180765515675 1.0433882206494314
62616.0532 lsst_hardware_r 448.0823801194521 30.074483478670807 31.489999771118164 AB 14.237904325357428 1.0425352804684358
62616.0663 lsst_hardware_u -0.4318484044711622 3.0375441344397567 28.43000030517578 AB 14.215687249053763 1.0398425315670956
62618.0497 lsst_hardware_g 69.69358900267896 16.381140524478166 31.389999389648438 AB 4.271586940898321 1.0418504733898346
62618.0618 lsst_hardware_i 688.9627003681254 38.94443440318771 31.25 AB 4.263259178412196 1.0398193118078527
62620.0422 lsst_hardware_z 468.5308314890092 45.76365471622895 30.950000762939453 AB 8.858154855857034 1.0425651569301517
62620.0544 lsst_hardware_r 570.449356193511 32.921781142743114 31.489999771118164 AB 8.833879427778966 1.0398916336408437
62623.0835 lsst_hardware_i 790.2766927936302 41.747633175292485 31.260000228881836 AB 9.439815232418967 1.0556125504522187
62623.0949 lsst_hardware_z 586.4726271351635 46.965169416722134 30.950000762939453 AB 9.551585980038146 1.0678625961751316
62627.0223 lsst_hardware_r 732.6034414327936 34.971449788855836 31.489999771118164 AB 3.024324981753733 1.0428706833633563
62627.0334 lsst_hardware_u 1.9208751698497288 3.073603140066986 28.489999771118164 AB 3.016161532515978 1.0400557008675786
62631.0237 lsst_hardware_g 206.20503975827978 26.70904491499512 31.600000381469727 AB 7.863856984995636 1.0399405327185607
62631.0358 lsst_hardware_i 910.474525989649 45.004882968852236 31.270000457763672 AB 7.901726282909507 1.0408649519738675
62633.0252 lsst_hardware_z 620.6202677212735 52.24183811710898 30.959999084472656 AB 10.582389753590864 1.040012751882364
62633.0362 lsst_hardware_r 747.569007996753 52.45169709528552 31.610000610351562 AB 10.575536681683563 1.0426695601965505
62639.0155 lsst_hardware_r 657.2552029633374 88.04720491371323 31.649999618530273 AB 7.528709094892027 1.0412552197165625
62639.028 lsst_hardware_i 947.1628484932626 73.69902182496477 31.329999923706055 AB 7.567976980039277 1.0466861494897086
62652.0039 lsst_hardware_r 252.540423208583 27.19293081881444 31.469999313354492 AB 9.304065352319897 1.0552416187274467
62653.9926 lsst_hardware_z 341.21389386305765 44.96307795670729 30.940000534057617 AB 10.036799735270215 1.0504238341465255
62654.0057 lsst_hardware_r 247.57938306517914 26.70930508604478 31.479999542236328 AB 11.364560413277514 1.0625387614869384
62654.9907 lsst_hardware_u -1.1923679247571402 2.5504917220974237 28.360000610351562 AB 9.639558296853288 1.0510530962622733
62655.0045 lsst_hardware_r 191.59503289769344 26.387237714841913 31.469999313354492 AB 9.594351373653707 1.0642652660735918
62879.3613 lsst_hardware_y -18.013843407633058 86.19999694824219 30.81999969482422 AB 4.3588696196690515 1.0424592521529936
62881.3466 lsst_hardware_i 41.1125058465332 44.06999969482422 31.299999237060547 AB 5.6025427547465485 1.0401403715724762
62881.3602 lsst_hardware_z 7.339397491268579 50.38999938964844 30.969999313354492 AB 5.620721750047675 1.0443232434362286
62885.3388 lsst_hardware_u 0.18467547040721016 2.940000057220459 28.530000686645508 AB 6.430703169735902 1.0406791190639586
62885.3513 lsst_hardware_r 2.772885939547057 23.040000915527344 31.510000228881836 AB 6.45960837981095 1.0453568421314494
62887.3224 lsst_hardware_i -33.515609533667885 29.889999389648438 31.25 AB 12.517766105792656 1.0398974958083238
62887.3252 lsst_hardware_z 41.307526709662426 40.7400016784668 30.950000762939453 AB 12.53016983862378 1.039804973953265
62889.344 lsst_hardware_r 14.061876642074678 22.030000686645508 31.5 AB 9.904154645702825 1.0474767611330156
62889.3561 lsst_hardware_u 0.8480898382551635 2.9800000190734863 28.540000915527344 AB 9.85401298031712 1.05709904045025
62891.3296 lsst_hardware_g 19.600555963668953 13.229999542236328 31.40999984741211 AB 10.220151957354764 1.0428726487096698
62891.3429 lsst_hardware_r 9.665727371568394 22.059999465942383 31.5 AB 10.156488679071623 1.0504901236757411
62893.3339 lsst_hardware_z -29.24033059645241 40.88999938964844 30.950000762939453 AB 11.46938490546062 1.0480066616831707
62893.346 lsst_hardware_u -2.0195054930102807 2.6500000953674316 28.440000534057617 AB 11.61254126590121 1.0578975372051753
62895.2817 lsst_hardware_z 18.851348710978886 40.93000030517578 30.950000762939453 AB 11.739574192982143 1.0457952156235484
62895.2938 lsst_hardware_r 1.2779100413845654 21.940000534057617 31.5 AB 11.535864851500103 1.0409551390994498
62897.2853 lsst_hardware_u -4.746718930681715 2.809999942779541 28.56999969482422 AB 11.944833390864776 1.0418141562697774
62897.2969 lsst_hardware_r 6.102601155623436 21.920000076293945 31.5 AB 11.142705582382106 1.0398194832383452
62906.2551 lsst_hardware_i -92.23079361021226 71.26000213623047 31.329999923706055 AB 5.514271371641095 1.0440400198752442
62906.2669 lsst_hardware_z 18.4619399057045 63.97999954223633 30.989999771118164 AB 5.508525798308876 1.040325929803376
62910.2843 lsst_hardware_y 33.28165845866429 49.369998931884766 30.049999237060547 AB 5.559911574665552 1.0460629167931952
62910.2951 lsst_hardware_r -57.71021364321263 50.59000015258789 31.6299991607666 AB 6.006512444401657 1.0537741130529221
62912.2689 lsst_hardware_i 16.71351075104743 33.619998931884766 31.270000457763672 AB 3.3729901777677513 1.0416893692921039
62912.2794 lsst_hardware_z 38.5042340095279 42.41999816894531 30.950000762939453 AB 3.5263263361032484 1.0463876368258898
62919.2516 lsst_hardware_i 16.229465769127142 29.8799991607666 31.260000228881836 AB 9.686253965458343 1.0422985310488004
62919.2634 lsst_hardware_z -26.36707072303864 40.720001220703125 30.950000762939453 AB 9.938873362304719 1.048339855561425
62921.2548 lsst_hardware_r 18.50275711256873 21.889999389648438 31.489999771118164 AB 10.336624063452588 1.0463758732046957
62921.2682 lsst_hardware_u -0.4123435793999828 2.640000104904175 28.43000030517578 AB 10.445953900494507 1.0566054722507003
