data/validation/pwv_sim_epoch_fit_epoch/23018178.ecsv
# %ECSV 0.9
# ---
# datatype:
# - {name: time, datatype: float64}
# - {name: band, datatype: string}
# - {name: flux, datatype: float64}
# - {name: fluxerr, datatype: float64}
# - {name: zp, datatype: float64}
# - {name: zpsys, datatype: string}
# - {name: pwv, datatype: float64}
# - {name: airmass, datatype: float64}
# meta: {SNID: '23018178', alt: 1024.0, c: -0.043686140328645706, dec: -19.471222, lat: -30.244573, lon: -70.7499537, ra: 334.511719,
#   t0: 61676.50390625, x0: 3.4969831053194582e-06, x1: -0.009814329445362091, z: 0.7099401950836182}
# schema: astropy-2.0
time band flux fluxerr zp zpsys pwv airmass
61557.3687 lsst_hardware_u 2.8383276667242505 2.8499999046325684 28.43000030517578 AB 7.296062448773253 1.0922930495325187
61557.3899 lsst_hardware_y 40.06771807133196 47.400001525878906 30.049999237060547 AB 6.53687624227817 1.0506913513265563
61571.3695 lsst_hardware_r -16.274160853182632 24.34000015258789 31.520000457763672 AB 11.598433188347922 1.0294162765907449
61571.3955 lsst_hardware_g -23.440928226029094 15.4399995803833 31.459999084472656 AB 12.093095819685384 1.0184231383953106
61573.3699 lsst_hardware_r 55.96999190710987 97.69000244140625 32.400001525878906 AB 3.4049500028831576 1.0249184777654616
61573.3926 lsst_hardware_i -22.65483724417138 75.5999984741211 32.06999969482422 AB 3.768736037836451 1.018577307523365
61575.3507 lsst_hardware_z 52.77394527688541 65.38999938964844 30.989999771118164 AB 2.6695342790425425 1.0373837871927396
61575.3759 lsst_hardware_i 74.67892186555643 73.72000122070312 31.34000015258789 AB 2.9786728233830373 1.0195405995777351
61579.3442 lsst_hardware_r -41.931276285808515 99.9000015258789 31.65999984741211 AB 3.535245276157719 1.0326406531788752
61579.3673 lsst_hardware_i 25.283229742040227 82.8499984741211 31.34000015258789 AB 3.5007558302548936 1.01899456563966
61581.3321 lsst_hardware_i -37.498081205316254 58.41999816894531 31.329999923706055 AB 4.173228400802993 1.0400353224156627
61581.3553 lsst_hardware_z -95.7485644478948 56.47999954223633 30.979999542236328 AB 3.7027464491163116 1.02100134169893
61584.2458 lsst_hardware_r -50.410578908153525 26.75 31.489999771118164 AB 7.786149835181439 1.2795119075110533
61584.276 lsst_hardware_i 34.719195848431596 34.36000061035156 31.260000228881836 AB 6.626615073291215 1.1472009475372869
61588.3431 lsst_hardware_u -3.9357202579124664 2.819999933242798 28.5 AB 7.078303015825326 1.0189251240361785
61588.3576 lsst_hardware_g -8.397685483933579 15.220000267028809 31.469999313354492 AB 7.075972078181068 1.0197884432428366
61590.3403 lsst_hardware_r 9.588198000203722 23.719999313354492 31.510000228881836 AB 7.302784041172889 1.0185549065410773
61590.361 lsst_hardware_i 5.985625007885972 31.010000228881836 31.25 AB 7.461015620411861 1.023810033675727
61597.1923 lsst_hardware_r -26.794919405371793 32.34000015258789 31.5 AB 10.908788572745692 1.3947182219197969
61597.209 lsst_hardware_g -32.19415555978468 30.729999542236328 32.25 AB 10.680560959578255 1.286814573443163
61597.2392 lsst_hardware_r -11.87073459258764 24.239999771118164 31.479999542236328 AB 9.559052583941739 1.151693082402619
61599.3175 lsst_hardware_r 17.36205302454369 23.799999237060547 31.520000457763672 AB 6.212489207099719 1.0184408536229048
61599.3398 lsst_hardware_i 24.306985973643137 31.049999237060547 31.25 AB 6.174754003778071 1.026047524722214
61606.2802 lsst_hardware_z 4.19419315649809 96.01000213623047 31.0 AB 2.8866462496253047 1.024662929524453
61606.3002 lsst_hardware_i -49.72127429823463 112.41999816894531 31.350000381469727 AB 3.3870534951399196 1.0184329835796195
61609.2615 lsst_hardware_z 98.18877089852687 87.0199966430664 31.739999771118164 AB 5.3069171581341426 1.0334459429685363
61610.3004 lsst_hardware_r 85.46100132598367 88.3499984741211 32.400001525878906 AB 5.309170536727321 1.0207980266730798
61610.3188 lsst_hardware_i 62.53505276199967 77.19999694824219 32.06999969482422 AB 5.424376607725236 1.0340024033025612
61616.2647 lsst_hardware_i 13.71507608309739 31.229999542236328 31.260000228881836 AB 4.487696673928513 1.0193518850490657
61616.2855 lsst_hardware_z 46.734214998036634 41.45000076293945 30.950000762939453 AB 4.500160066285152 1.0214288296624074
61618.258 lsst_hardware_r -8.346819590347764 24.06999969482422 31.520000457763672 AB 4.493168956023713 1.0196877181437025
61618.278 lsst_hardware_g -11.755802688147211 15.319999694824219 31.469999313354492 AB 4.496762555186882 1.0205804600125314
61623.2342 lsst_hardware_z -10.89629795898753 41.369998931884766 30.950000762939453 AB 2.279796028345978 1.0243972268460924
61623.2546 lsst_hardware_i -38.75187545265836 31.350000381469727 31.260000228881836 AB 1.262643037489182 1.018465849961026
61628.2142 lsst_hardware_y -119.13537718129132 48.22999954223633 30.049999237060547 AB 6.690135020101254 1.02914598811936
61628.2332 lsst_hardware_r -7.246799207000673 41.599998474121094 31.6200008392334 AB 6.581792702874179 1.0190636926414778
61630.2199 lsst_hardware_i -20.189388514540912 54.09000015258789 31.31999969482422 AB 3.5873687049591294 1.0217270182400862
61630.239 lsst_hardware_z -20.107590713965866 53.27000045776367 30.979999542236328 AB 3.583242931940137 1.0188592086648258
61643.178 lsst_hardware_z 10.782910609594477 41.44929506647173 30.950000762939453 AB 2.1721764375704544 1.0254580137239573
61643.1937 lsst_hardware_r 2.466756948996868 24.3750318048451 31.510000228881836 AB 2.201876727995376 1.0187977920163682
61648.149 lsst_hardware_u 1.5651753428031523 2.7752028110570914 28.440000534057617 AB 4.816044320185851 1.0402572511022279
61648.1661 lsst_hardware_r -17.10543863949822 24.427611351404575 31.520000457763672 AB 4.808394154085536 1.0242975546585675
61652.1353 lsst_hardware_z 51.11154378865502 42.9519833925364 30.950000762939453 AB 1.4613918477431445 1.0438513198165318
61652.1551 lsst_hardware_r 99.57499264793454 25.983365650697635 31.520000457763672 AB 1.4340858962573297 1.0243470687552356
61654.1383 lsst_hardware_y 78.64533696141875 47.77123379761579 30.049999237060547 AB 0.6313894647215877 1.0337936385126283
61654.1582 lsst_hardware_g 65.7597335896037 18.19117969148183 31.5 AB 0.6569872105967901 1.0201664760819722
61656.1331 lsst_hardware_r 243.43664931192407 38.49351208706159 31.59000015258789 AB 2.7628712034794884 1.0335251860018662
61656.1511 lsst_hardware_i 340.3497040314 40.53344253517756 31.290000915527344 AB 2.6603915329990504 1.020773729687885
61673.1002 lsst_hardware_i 1235.0165819719273 46.432795929214834 31.260000228881836 AB 5.131378339854811 1.0229000976487215
61673.1186 lsst_hardware_z 714.9863722996412 49.04459879313701 30.950000762939453 AB 5.09740713237884 1.018496879492301
61677.0952 lsst_hardware_r 1001.9592361182125 39.51099102876106 31.5 AB 3.7829446064290537 1.020234526961426
61677.1154 lsst_hardware_u 5.456878586073088 2.844171373422049 28.459999084472656 AB 3.790306532736928 1.0200421258767243
61679.0732 lsst_hardware_u -2.442265277398751 2.8624687454338877 28.479999542236328 AB 5.903864519841339 1.0307026047209042
61679.0931 lsst_hardware_g 180.50289046924433 19.980387437488567 31.459999084472656 AB 6.469013922149497 1.019250637664406
61681.0753 lsst_hardware_r 883.7627879612528 38.325861945407794 31.520000457763672 AB 2.912835008582073 1.024744066343961
61681.0934 lsst_hardware_z 771.9274342235618 49.2708842461547 30.950000762939453 AB 3.6538562975762328 1.018449214227325
61683.061 lsst_hardware_r 803.5420425878065 38.443259546506305 31.530000686645508 AB 2.9151416512960333 1.0319085491313393
61683.0789 lsst_hardware_u -5.853733898736438 3.4239247343677115 28.65999984741211 AB 2.91302605481992 1.0202052491780442
61685.0747 lsst_hardware_g 110.69310694561857 30.46252098837982 31.649999618530273 AB 4.166372139307767 1.0197949184444788
61685.0935 lsst_hardware_r 807.980197048225 43.43668554750417 31.579999923706055 AB 8.208296832562752 1.0200232171853063
61687.0577 lsst_hardware_i 996.9879534405624 61.20603307591762 31.31999969482422 AB 3.1690052399612187 1.0255680388215767
61687.0755 lsst_hardware_z 854.8012680284951 58.95701553138042 30.979999542236328 AB 3.118805455915381 1.0185517491550788
61690.0401 lsst_hardware_z 650.4192085515647 77.81529271523789 30.989999771118164 AB 6.291048665591268 1.0336918609252823
61690.0583 lsst_hardware_r 721.250114991723 103.96497810696349 31.670000076293945 AB 5.435107860344038 1.0207574039303304
61691.0519 lsst_hardware_z 1103.8904097846012 108.78248386644799 31.739999771118164 AB 4.83445211237478 1.022443167932629
61693.0401 lsst_hardware_r 566.9606838580678 99.06556751613815 31.65999984741211 AB 6.882299848735181 1.0264429304601315
61693.0576 lsst_hardware_z 556.5531082310856 72.22061132675853 30.989999771118164 AB 6.049904926277937 1.0187311842632003
61695.0399 lsst_hardware_r 535.7665939924499 59.71115449170289 31.639999389648438 AB 7.241484549137302 1.0230252947852372
61695.0584 lsst_hardware_y 217.21644007003596 52.7050078794024 30.059999465942383 AB 6.663446607965291 1.0184862985044387
61697.0442 lsst_hardware_g 21.50880489839927 16.692772554799948 31.469999313354492 AB 3.846938384266346 1.019191517887522
61697.0635 lsst_hardware_r 353.97770296435215 30.96893348736088 31.520000457763672 AB 3.867946579312853 1.0210602963560702
61701.0288 lsst_hardware_i 464.01784703896834 37.83863971400381 31.25 AB 4.009735865256405 1.0205487058428113
61701.0473 lsst_hardware_z 503.3784712296363 46.30202069532297 30.950000762939453 AB 4.444673800103249 1.019303703727382
61704.0126 lsst_hardware_y 185.3883655476683 50.188585852574874 30.059999465942383 AB 3.858927596545454 1.0246754106599718
61704.0301 lsst_hardware_r 245.84759725038768 28.582212405989306 31.530000686645508 AB 3.831154965435377 1.0184727422513187
61706.0135 lsst_hardware_y 87.08734409923592 50.3059830855277 30.049999237060547 AB 3.6522167172615587 1.0212182078277605
61706.0316 lsst_hardware_g 40.070957436255874 16.666478862139815 31.479999542236328 AB 3.6526666514637234 1.0188749376467847
61708.0148 lsst_hardware_y 319.0674453445076 49.18984708929052 30.049999237060547 AB 4.6484087631464215 1.0190526719602626
61708.0324 lsst_hardware_z 411.24332290721713 44.98839276000331 30.950000762939453 AB 4.62676871378243 1.0206295072591254
61927.4287 lsst_hardware_r 34.29261470718396 25.31999969482422 31.520000457763672 AB 3.874606762583512 1.0196333585746085
61946.2374 lsst_hardware_z 56.382532203065516 45.970001220703125 30.920000076293945 AB 6.097911561244331 1.3894943078619137
61946.2712 lsst_hardware_r 14.123714003800297 34.79999923706055 32.22999954223633 AB 5.253462296510193 1.199352159468111
61946.308 lsst_hardware_u 11.646903825124124 3.9600000381469727 29.209999084472656 AB 4.337829414574431 1.0827204895250087
61952.3043 lsst_hardware_r 20.508464328794936 24.040000915527344 31.5 AB 9.249799496400712 1.0578150780685265
61952.3304 lsst_hardware_i 53.79521339844182 31.09000015258789 31.25 AB 8.980848322968411 1.026324018395357
61957.3369 lsst_hardware_z -51.32836692440516 60.040000915527344 30.989999771118164 AB 5.800564845078803 1.0184767959286205
61957.3609 lsst_hardware_r 79.90780680284693 81.58000183105469 31.649999618530273 AB 5.831204871934695 1.0270274090854208
61959.3256 lsst_hardware_z 19.208143039422442 77.12999725341797 31.0 AB 1.3503647103763907 1.0193355050963906
61959.3459 lsst_hardware_r -80.73667615691569 114.52999877929688 31.670000076293945 AB 1.4821406808164774 1.0212855681769835
61961.3175 lsst_hardware_i -186.47610232596998 99.44999694824219 31.350000381469727 AB 8.05947504357758 1.020100629935564
61961.34 lsst_hardware_z -58.28834202007335 82.5199966430664 31.0 AB 8.167748994240432 1.0210962613127181
61963.2987 lsst_hardware_z 2.2292932451739587 67.41000366210938 30.989999771118164 AB 7.907802810086278 1.0275990440309204
61963.3194 lsst_hardware_r -21.143746580337893 87.5 31.65999984741211 AB 7.77156038964415 1.0185531310149953
61966.3003 lsst_hardware_y -69.24913329436794 47.84000015258789 30.049999237060547 AB 4.769133692784994 1.0215011925642765
61966.3205 lsst_hardware_g -48.15878395538169 35.599998474121094 31.68000030517578 AB 4.859456246849868 1.0191990730087988
61967.3157 lsst_hardware_r 38.64802637286685 31.200000762939453 31.56999969482422 AB 2.939589778863211 1.0188042209553643
61967.3366 lsst_hardware_i -6.238746751553095 34.880001068115234 31.270000457763672 AB 1.356350425079686 1.0294879886752837
61975.2975 lsst_hardware_z -35.325346780526594 41.22999954223633 30.940000534057617 AB 5.399781609885528 1.0195962254315574
61975.3154 lsst_hardware_r 34.23071997643781 23.8799991607666 31.5 AB 5.361439513244507 1.0300556221411157
61977.2732 lsst_hardware_r 1.5810291206706384 23.889999389648438 31.5 AB 10.803093054929763 1.0203147955166003
61977.2923 lsst_hardware_u 0.18002072757184995 2.680000066757202 28.3799991607666 AB 8.520362296069116 1.0196699732011867
61980.2724 lsst_hardware_g 8.368348672365919 15.069999694824219 31.450000762939453 AB 4.267555468737281 1.0186109522595201
61980.2919 lsst_hardware_i 1.089967561129949 31.110000610351562 31.25 AB 3.7848710961635925 1.0229381340982682
61982.2629 lsst_hardware_z -35.55674192013279 43.349998474121094 30.959999084472656 AB 3.6527130089028046 1.0193143599561336
61982.2824 lsst_hardware_r 2.6851500084204103 23.860000610351562 31.510000228881836 AB 3.664234821619192 1.020986320371289
61984.2758 lsst_hardware_y -206.42060957863032 69.81999969482422 30.799999237060547 AB 1.5417752025266602 1.0205362915946783
61989.2372 lsst_hardware_z -129.34111847723025 104.08000183105469 31.010000228881836 AB 3.2627882687359766 1.0216433364166506
61989.2562 lsst_hardware_r -13.93364541779101 151.08999633789062 31.670000076293945 AB 4.32310428793809 1.0188991742169713
61991.2154 lsst_hardware_z -108.9355571819042 73.66999816894531 30.989999771118164 AB 3.4660268296203567 1.0338633347115158
61991.2337 lsst_hardware_r 46.9903548213426 102.3499984741211 31.65999984741211 AB 3.4102264824617694 1.0207966721430126
61993.1917 lsst_hardware_g -43.433182671977704 60.0 31.719999313354492 AB 7.760549499701213 1.0589546973734343
61993.2107 lsst_hardware_i 1.8220520404282967 52.75 31.31999969482422 AB 6.669602497264394 1.0330858886716843
61996.2137 lsst_hardware_z 35.370208878002295 42.13999938964844 30.959999084472656 AB 2.58102710104476 1.0240139262228765
61996.2346 lsst_hardware_r 23.260524609566826 28.799999237060547 31.56999969482422 AB 2.527576237474807 1.0185678974309116
62000.1969 lsst_hardware_u -1.5606338542471045 2.9200000762939453 28.549999237060547 AB 3.2684054628232904 1.0282315843613539
62000.217 lsst_hardware_g 10.246292660302801 15.899999618530273 31.510000228881836 AB 2.5620474716979946 1.018706748189848
62012.1649 lsst_hardware_r -46.35876064124219 48.5 31.6299991607666 AB 4.2242702428676955 1.027615457730997
62012.1831 lsst_hardware_z 14.927655894617532 47.849998474121094 30.969999313354492 AB 3.4938222449337593 1.0188793637562301
62014.1539 lsst_hardware_z -34.84910131809335 62.560001373291016 30.989999771118164 AB 1.342315219653045 1.0325501689638807
62014.17 lsst_hardware_i 168.2858171804595 68.11000061035156 31.329999923706055 AB 1.539925192405928 1.021170551993321
62022.1332 lsst_hardware_r -94.4056235257313 52.650001525878906 31.639999389648438 AB 3.418887262465096 1.0314422553695985
62022.1499 lsst_hardware_y -90.29160621616793 49.65999984741211 30.059999465942383 AB 3.379213032244603 1.0204735230876825
62028.1198 lsst_hardware_g 33.296312356687345 15.430000305175781 31.479999542236328 AB 1.0716367935731 1.0287713218303802
62028.1394 lsst_hardware_r 19.433822689428958 24.239999771118164 31.530000686645508 AB 1.4148862637723307 1.0188811308970218
62029.1182 lsst_hardware_i -21.845537762951313 31.469999313354492 31.270000457763672 AB 3.700227750968946 1.0278410419358184
62029.1355 lsst_hardware_z 44.083255793922085 41.5 30.959999084472656 AB 3.255275363838887 1.0191047550564272
62032.1099 lsst_hardware_z 38.833037157371436 41.369998931884766 30.950000762939453 AB 5.6964360596306935 1.0279283115123823
62032.129 lsst_hardware_r -12.223941212366435 23.950000762939453 31.520000457763672 AB 7.59385000717391 1.0187959090624061
62034.0964 lsst_hardware_u 0.6533862933166522 2.740000009536743 28.43000030517578 AB 4.075966642986078 1.0355606308402856
62034.1152 lsst_hardware_g -11.329014697249521 15.180000305175781 31.469999313354492 AB 3.789868076008655 1.0212525130719277
62036.0985 lsst_hardware_r -23.159881439292327 23.90999984741211 31.510000228881836 AB 1.336813228713858 1.0283178682414293
62036.1182 lsst_hardware_z -101.90479773311358 41.18000030517578 30.950000762939453 AB 1.3244102547558176 1.0187771190429367
62038.0959 lsst_hardware_r -52.772040676404615 26.739999771118164 31.540000915527344 AB 5.174132753717412 1.026104661123971
62038.116 lsst_hardware_y 19.07000387195566 46.970001220703125 30.049999237060547 AB 5.115079866029553 1.018466821403641
62040.0943 lsst_hardware_g -7.058499185238076 35.9900016784668 31.68000030517578 AB 3.356026251008727 1.0235688146423871
62040.1134 lsst_hardware_r -11.967839671297329 39.20000076293945 31.610000610351562 AB 3.3690752924843115 1.018488563038621
62042.0749 lsst_hardware_r -58.95955579565191 72.41999816894531 31.649999618530273 AB 3.5078158503690027 1.0351865382394148
62042.096 lsst_hardware_i -25.64119089316881 61.86000061035156 31.329999923706055 AB 3.786542260359461 1.0202188496186073
62045.0741 lsst_hardware_z -105.81539177521798 82.11000061035156 31.0 AB 5.013892208308179 1.0281743480587506
62045.0938 lsst_hardware_r 67.50263106735211 116.91000366210938 31.670000076293945 AB 4.602716884539691 1.0187509704603124
62047.0838 lsst_hardware_z 249.0284818615 107.01000213623047 31.75 AB 2.141477873001508 1.0197513680959562
62049.0614 lsst_hardware_r -43.24331649190315 81.02999877929688 31.65999984741211 AB 3.8846513247615038 1.029683157296769
62049.0799 lsst_hardware_z 8.042156336909533 60.61000061035156 30.989999771118164 AB 3.863171019196078 1.019328750200157
62051.0646 lsst_hardware_r -28.091178399288683 23.920000076293945 31.520000457763672 AB 5.131697931693503 1.0233718080952243
62051.0823 lsst_hardware_u -6.688270214333416 5.340000152587891 28.940000534057617 AB 5.4741546878881255 1.0184473837931396
62056.0413 lsst_hardware_r -24.447122684317563 24.09000015258789 31.520000457763672 AB 5.91752274564065 1.0305682245978143
62056.0577 lsst_hardware_i -16.606016210154742 31.239999771118164 31.260000228881836 AB 4.835527172287648 1.0202430956913484
62060.0416 lsst_hardware_u 2.4364186752047936 2.8299999237060547 28.5 AB 7.24306675539593 1.0225024829979024
62060.0597 lsst_hardware_g 11.809601175116388 15.300000190734863 31.469999313354492 AB 6.628393464941653 1.0185514723569615
62066.0315 lsst_hardware_r -29.298534468247006 24.969999313354492 31.540000915527344 AB 4.030301598327461 1.0198776740247892
62066.0487 lsst_hardware_u 3.011891967242486 3.0799999237060547 28.56999969482422 AB 4.442226312837075 1.0195022807589096
62074.0154 lsst_hardware_y 68.02592796025426 55.849998474121094 30.06999969482422 AB 4.739249895965775 1.0186458669458949
62074.033 lsst_hardware_r -42.89345359929879 87.25 31.670000076293945 AB 4.7827098916129085 1.0217828107916271
62076.0021 lsst_hardware_y 69.54045536240274 73.33999633789062 30.079999923706055 AB 8.933334010058301 1.0206025374222591
62076.0182 lsst_hardware_z -76.12722412506672 62.45000076293945 30.989999771118164 AB 8.900405980424514 1.0188193658910845
