data/validation/pwv_sim_epoch_fit_epoch/23034457.ecsv
# %ECSV 0.9
# ---
# datatype:
# - {name: time, datatype: float64}
# - {name: band, datatype: string}
# - {name: flux, datatype: float64}
# - {name: fluxerr, datatype: float64}
# - {name: zp, datatype: float64}
# - {name: zpsys, datatype: string}
# - {name: pwv, datatype: float64}
# - {name: airmass, datatype: float64}
# meta: {SNID: '23034457', alt: 1024.0, c: 0.00845250952988863, dec: -51.062042, lat: -30.244573, lon: -70.7499537, ra: 39.832535, t0: 61001.49609375,
#   x0: 1.2791082224653244e-05, x1: -1.4942997694015503, z: 0.41513481736183167}
# schema: astropy-2.0
time band flux fluxerr zp zpsys pwv airmass
60896.4317 lsst_hardware_y 138.5820667346652 64.8499984741211 30.049999237060547 AB 3.555315869853228 1.0697505250047323
60902.4272 lsst_hardware_i 92.16043259039326 74.91000366210938 32.4900016784668 AB 5.67484698273479 1.0737648027879136
60904.43 lsst_hardware_r 11.478337938713715 37.209999084472656 31.600000381469727 AB 4.420291976440605 1.0786461631138615
60908.4169 lsst_hardware_r 20.910949973142483 23.049999237060547 31.489999771118164 AB 1.621169184943592 1.0771888272050447
60908.4277 lsst_hardware_i 5.993503495640905 48.20000076293945 31.299999237060547 AB 1.638453494483134 1.0856077485394295
60910.4259 lsst_hardware_r 41.96672569077868 35.58000183105469 31.56999969482422 AB 1.672121605010699 1.0891526494126031
60912.4087 lsst_hardware_u 0.38956574809802225 3.0 28.489999771118164 AB 2.3938173435066017 1.0790251717406363
60912.42 lsst_hardware_r -20.83790441048655 26.149999618530273 31.520000457763672 AB 2.28193118830033 1.0887076280058827
60919.3716 lsst_hardware_i 38.90307044935963 29.959999084472656 31.229999542236328 AB 0.863595572572428 1.0703518767681404
60919.3831 lsst_hardware_z -38.66893319397383 41.22999954223633 30.940000534057617 AB 0.8287015216360349 1.0749560328215781
60920.2796 lsst_hardware_r 82.98340351977812 56.70000076293945 32.7400016784668 AB 3.3501523776193487 1.1499707809557533
60932.3827 lsst_hardware_r 20.341586784659903 30.350000381469727 31.549999237060547 AB 1.3410266157452677 1.110197957153723
60932.3947 lsst_hardware_y 19.076980438105018 49.81999969482422 30.020000457763672 AB 1.3593775223472433 1.1301462012031953
60934.3727 lsst_hardware_g -1.1429409947805722 15.699999809265137 31.469999313354492 AB 4.554910757050239 1.1037525309384477
60934.3834 lsst_hardware_r -4.00847584691349 23.790000915527344 31.5 AB 4.7987726204707775 1.1199002614867626
60936.3752 lsst_hardware_i -20.359711140143734 30.360000610351562 31.239999771118164 AB 1.8870582841662735 1.1154474858379038
60936.3858 lsst_hardware_z -10.822923037541969 42.150001525878906 30.940000534057617 AB 1.9228719607012972 1.1339359933369777
60938.3599 lsst_hardware_z 25.220676202550226 41.34000015258789 30.940000534057617 AB 5.685231437849918 1.1012554843294144
60938.3734 lsst_hardware_r 2.120417223046657 21.829999923706055 31.469999313354492 AB 5.869092116564355 1.1214468551761452
60940.3682 lsst_hardware_u -3.956236542439662 2.549999952316284 28.329999923706055 AB 1.7288311259052562 1.1218891147992243
60940.3808 lsst_hardware_g 23.379230134655415 13.170000076293945 31.360000610351562 AB 1.6041019228441216 1.1457870877458012
60941.3584 lsst_hardware_r 1.9268827583576555 21.90999984741211 31.469999313354492 AB 1.9518847641855703 1.1106029952690415
60941.3701 lsst_hardware_z -9.790625390213997 42.09000015258789 30.940000534057617 AB 1.9904723024795858 1.1300940400149049
60943.3647 lsst_hardware_r 26.973051424503932 21.959999084472656 31.459999084472656 AB 6.572147464371972 1.130205926805275
60943.3769 lsst_hardware_u 3.103123078115805 2.640000104904175 28.34000015258789 AB 7.488455908998899 1.1550911474624248
60945.3553 lsst_hardware_u -2.2322898376710603 2.559999942779541 28.350000381469727 AB 5.630110946541485 1.1231768080612088
60945.3675 lsst_hardware_g 17.43000407613644 12.880000114440918 31.360000610351562 AB 5.506383936943502 1.146526361107059
60947.3364 lsst_hardware_r 10.953995060714037 21.75 31.469999313354492 AB 7.668702265495649 1.1026699959972655
60947.3485 lsst_hardware_i -8.444535443705076 30.290000915527344 31.239999771118164 AB 7.762195849030999 1.120894707441333
60950.3494 lsst_hardware_z 20.50552410471576 42.25 30.940000534057617 AB 2.8224351174497824 1.1374671349204641
60950.3606 lsst_hardware_r 16.40988956385658 22.25 31.469999313354492 AB 2.7934677581084952 1.1615250553463676
60955.3283 lsst_hardware_z 36.66531651077747 64.30999755859375 30.969999313354492 AB 5.352564984837286 1.1237015363549236
60955.3404 lsst_hardware_r -25.0696793659698 90.16000366210938 31.6299991607666 AB 4.129038960490061 1.1469552668027947
60957.2861 lsst_hardware_r -41.76606757949358 66.76000213623047 31.639999389648438 AB 2.803000023247215 1.0792184130319433
60957.2964 lsst_hardware_i 26.52528742988417 55.029998779296875 31.309999465942383 AB 2.9680001929442006 1.087976610316789
60959.3293 lsst_hardware_z 31.646889946617186 67.16000366210938 31.709999084472656 AB 5.176517217332578 1.1465789284750159
60963.3202 lsst_hardware_z -7.21909992264398 42.720001220703125 30.940000534057617 AB 6.47909919285158 1.150476329005819
60963.3309 lsst_hardware_r -16.721963562065245 24.209999084472656 31.489999771118164 AB 6.686713572447276 1.1756514515232004
60965.3229 lsst_hardware_u 2.2990937153723796 2.559999942779541 28.329999923706055 AB 6.334374056395668 1.1693149659531124
60965.333 lsst_hardware_g 6.1397653497531275 13.029999732971191 31.34000015258789 AB 6.465641406321145 1.1959199234837268
60968.3173 lsst_hardware_r 39.49471520306718 22.239999771118164 31.459999084472656 AB 1.3768426128191114 1.1757836147052445
60968.3284 lsst_hardware_z -70.26751264599112 43.220001220703125 30.93000030517578 AB 1.404749476174523 1.2063112719403373
60970.3463 lsst_hardware_r 34.91786035260559 22.549999237060547 31.440000534057617 AB 4.0549767947580975 1.2872942205583378
60970.3575 lsst_hardware_u 0.9047736158044534 2.680000066757202 28.260000228881836 AB 4.148935482151214 1.3354942539115573
60972.2091 lsst_hardware_z -65.56289783521402 58.119998931884766 31.700000762939453 AB 1.5222086787095925 1.069717975201395
60974.3001 lsst_hardware_r -31.407285620139376 22.31821154423472 31.459999084472656 AB 1.6103417505162418 1.1737184770526543
60974.3103 lsst_hardware_i 24.50479758410311 31.15088300832444 31.219999313354492 AB 1.6910013346152628 1.201279659920506
60976.2949 lsst_hardware_z 25.44628805475192 42.67318579293766 30.93000030517578 AB 3.353331985761858 1.174375713676784
60976.3051 lsst_hardware_r -61.567308925690426 23.06169421051123 31.450000762939453 AB 3.4758897925713033 1.2020368158748023
60982.2526 lsst_hardware_z 380.61550105338154 79.70237643658609 31.719999313354492 AB 5.959077588575845 1.12033795611503
60991.2322 lsst_hardware_r 2671.648424360896 56.889506490161054 31.489999771118164 AB 7.6835931996046645 1.1275910284366268
60991.2434 lsst_hardware_g 1202.4900642459575 38.89737618766073 31.469999313354492 AB 7.944168096273847 1.1497318597996282
60993.1205 lsst_hardware_u 37.80954135474963 7.778453495069745 29.56999969482422 AB 3.108515429969955 1.087749253773412
60993.1322 lsst_hardware_r 6240.221390758495 85.52316031672254 32.220001220703125 AB 5.387394307192251 1.078089778979872
60995.2375 lsst_hardware_z 1977.375066114298 60.67442408980908 30.93000030517578 AB 8.939661945972798 1.160995057918545
60995.2499 lsst_hardware_i 2691.480017341258 59.67482555466148 31.219999313354492 AB 9.019660345562604 1.1926035099249774
60997.2385 lsst_hardware_u 1.645902271876579 3.0518390036591168 28.260000228881836 AB 5.337238150524358 1.1767695183606488
60997.2501 lsst_hardware_g 1694.5051579372498 42.24181785302218 31.31999969482422 AB 4.835807903753627 1.2089519759384066
60999.1799 lsst_hardware_u 5.143164884268503 3.182517601265066 28.40999984741211 AB 5.571800812721643 1.0862445332097497
60999.193 lsst_hardware_g 1592.8054492272163 43.222222684471106 31.3700008392334 AB 5.669721921810779 1.1008278142826455
61001.1837 lsst_hardware_r 4548.117619129006 70.29565591949562 31.479999542236328 AB 4.035187326446384 1.0960715269445565
61001.1954 lsst_hardware_i 3312.5769288091474 64.34946405992898 31.239999771118164 AB 4.1172304411980285 1.111863473183559
61004.1407 lsst_hardware_z 2526.4813719542976 63.178128270653794 30.940000534057617 AB 8.229099626598632 1.0707073287850066
61004.1532 lsst_hardware_r 4296.496295994217 68.82160036560877 31.479999542236328 AB 8.271586409189766 1.0762353830753912
61006.1388 lsst_hardware_z 2305.041518679223 63.83880759119916 30.950000762939453 AB 3.858784009016255 1.0718844469489597
61006.1507 lsst_hardware_r 4110.930640524332 68.82012375471935 31.510000228881836 AB 3.8812449912750293 1.0781236086875081
61009.2139 lsst_hardware_z 2186.6984009368252 66.67369844775341 30.940000534057617 AB 6.529967507123444 1.198892443168319
61009.2255 lsst_hardware_i 3056.320258905775 68.2118179494667 31.25 AB 6.77487684189725 1.2348267277676568
61011.1619 lsst_hardware_z 1833.54430247009 68.56965280947637 30.959999084472656 AB 7.159379870680171 1.1030268905114948
61011.1741 lsst_hardware_r 3455.2513307398954 84.97710726875118 31.6200008392334 AB 7.08305376478033 1.121505319804734
61013.2026 lsst_hardware_y 504.39080259832014 57.812680089466205 30.0 AB 4.471447374375722 1.1978160659991572
61013.2149 lsst_hardware_r 2958.4314044445837 97.90676652716355 31.610000610351562 AB 5.3981372709800866 1.2359080238063274
61015.1899 lsst_hardware_r 2786.0495774655874 88.98478539935883 31.610000610351562 AB 6.126587889840862 1.1781899788155503
61015.2024 lsst_hardware_i 2483.290218521228 76.6011669401477 31.290000915527344 AB 6.309430783571776 1.213352073763803
61020.0959 lsst_hardware_r 1468.8347168444254 44.53628500069791 31.469999313354492 AB 11.339687400718098 1.0704129699792373
61020.1092 lsst_hardware_u -4.208806315830292 3.2017823365342992 28.350000381469727 AB 11.380212510923059 1.0760582312747884
61024.0789 lsst_hardware_r 1081.1039413282551 39.29683756882023 31.479999542236328 AB 8.219731421925635 1.0693023943107838
61024.0904 lsst_hardware_z 1207.1033240992713 53.83246983718844 30.940000534057617 AB 8.339415016090657 1.0721818881094614
61026.0814 lsst_hardware_r 908.0845106964068 37.19951260219972 31.479999542236328 AB 11.702237320536902 1.0709469498066067
61026.0937 lsst_hardware_u 10.860500136015178 3.7512198501824794 28.389999389648438 AB 10.333062842507774 1.076594348687533
61028.0816 lsst_hardware_g 162.4172270534598 18.333550034918467 31.399999618530273 AB 4.458627986430683 1.0730753276609744
61028.0939 lsst_hardware_r 827.358764615137 35.54895501208895 31.489999771118164 AB 3.2911490860300217 1.080482300075516
61030.0846 lsst_hardware_i 1246.3104942619386 46.345437417238585 31.239999771118164 AB 3.3410494615957442 1.0777578908373369
61030.0977 lsst_hardware_z 1131.7155417892288 52.92582810024427 30.940000534057617 AB 3.3747655752045773 1.0886340565176056
61032.0874 lsst_hardware_r 607.1701925690573 32.867161521688985 31.479999542236328 AB 4.636857915637192 1.0840956822594068
61032.099 lsst_hardware_u 3.364294443924586 3.2163309259085033 28.40999984741211 AB 4.674366419800128 1.0960255781312052
61034.0804 lsst_hardware_g 121.73555288687807 18.04776961869838 31.440000534057617 AB 7.723122728434116 1.0827819508975154
61034.0926 lsst_hardware_i 1072.5523825735152 44.444658592920675 31.239999771118164 AB 6.629777197016068 1.0949260440984423
61036.0805 lsst_hardware_z 717.0746027423971 51.29985803994484 30.950000762939453 AB 7.001527674728996 1.087827178050885
61036.0925 lsst_hardware_r 536.3648339604337 36.05490039267845 31.549999237060547 AB 5.508788003867936 1.1015372933149241
61038.084 lsst_hardware_y 662.1752311236979 73.6571475496058 30.790000915527344 AB 8.232705764437071 1.0976941019249429
61272.2808 lsst_hardware_r 27.965972364961406 31.65999984741211 32.20000076293945 AB 1.8963597230148281 1.2479471717125274
61272.3023 lsst_hardware_u 0.5932954542914587 3.680000066757202 29.110000610351562 AB 2.864461454326122 1.1821962254750813
61272.3615 lsst_hardware_g 44.721685365880525 22.34000015258789 32.58000183105469 AB 2.847093676860839 1.0826823463789912
61272.3853 lsst_hardware_y 218.34642532452207 81.80999755859375 31.229999542236328 AB 1.7985163627593574 1.0700677452087994
61278.4089 lsst_hardware_z 7.372987942850819 51.279998779296875 30.969999313354492 AB 2.312601362815084 1.080654842436955
61278.4198 lsst_hardware_r -86.14207537362931 48.97999954223633 31.6200008392334 AB 2.5719518384810347 1.0905802848681876
61286.4086 lsst_hardware_y 58.22063589794187 52.70000076293945 30.030000686645508 AB 1.320159282137757 1.1033508417365292
61297.245 lsst_hardware_i -15.306059057949142 30.799999237060547 31.229999542236328 AB 1.3881462647115317 1.155504659859865
61297.2631 lsst_hardware_z -34.87359169570954 41.869998931884766 30.940000534057617 AB 2.241423514876776 1.1201516815975894
61299.3772 lsst_hardware_r -27.406465200620538 22.09000015258789 31.479999542236328 AB 4.669324171074876 1.1091031285213482
61299.3884 lsst_hardware_u 1.093919902202689 2.809999942779541 28.420000076293945 AB 4.832179685469478 1.1273457544450138
61303.3713 lsst_hardware_u 1.3038902711341238 2.569999933242798 28.360000610351562 AB 5.762795473978032 1.1168208282904508
61303.3834 lsst_hardware_g 10.810390394062635 13.270000457763672 31.360000610351562 AB 6.492480380924109 1.138532289508831
61305.3641 lsst_hardware_r -2.713855790088537 22.040000915527344 31.469999313354492 AB 1.6950477525480379 1.1140635902386051
61305.3756 lsst_hardware_z -18.166496576492904 42.45000076293945 30.940000534057617 AB 1.587572704804333 1.1339805034316666
61307.3645 lsst_hardware_r 45.66130218562992 49.08000183105469 31.610000610351562 AB 4.654414158190063 1.1237117716539742
61307.3767 lsst_hardware_y -36.316473022433044 50.540000915527344 30.020000457763672 AB 4.27270345338454 1.1471884691594951
61309.3508 lsst_hardware_z 59.6599776386067 62.689998626708984 30.969999313354492 AB 4.659854360327724 1.1104365296569034
61309.3629 lsst_hardware_r 28.576469638868236 85.80999755859375 31.6299991607666 AB 4.730010653414842 1.1306347922588362
61311.3557 lsst_hardware_r 1.2792650146653073 77.19999694824219 31.6299991607666 AB 5.345283587145361 1.1274590987440858
61311.3673 lsst_hardware_i -26.804607186059798 62.52000045776367 31.299999237060547 AB 5.4813234372758295 1.1504509260732143
61313.3481 lsst_hardware_z 18.283346804146028 49.810001373291016 30.950000762939453 AB 3.649153484506233 1.1236808266378646
61313.3603 lsst_hardware_r -17.26110696895017 54.029998779296875 31.610000610351562 AB 3.7326348941494105 1.1471499956408575
61315.3533 lsst_hardware_z -39.96387520250531 63.88999938964844 31.700000762939453 AB 2.838845752770525 1.1439270998401818
61319.3326 lsst_hardware_i 49.821129434912 30.559999465942383 31.239999771118164 AB 6.435519333598798 1.125221937335123
61319.3437 lsst_hardware_r -5.059184432118667 22.3700008392334 31.469999313354492 AB 7.107080610636432 1.1466886363378832
61321.3258 lsst_hardware_u -1.3424294670763848 2.609999895095825 28.3799991607666 AB 3.866115714880969 1.1228915814350766
61321.3374 lsst_hardware_g 23.454908610408424 13.020000457763672 31.360000610351562 AB 5.047604357641554 1.1449276480360397
61323.3262 lsst_hardware_r -8.499795192657034 22.079999923706055 31.469999313354492 AB 3.1510266078110445 1.1334967862865355
61323.338 lsst_hardware_i -50.09610711829882 30.889999389648438 31.239999771118164 AB 3.474507597806583 1.158169199268861
61326.3209 lsst_hardware_u -2.211698435426278 2.630000114440918 28.399999618530273 AB 6.044476234076764 1.1391239074820756
61326.3316 lsst_hardware_g -8.504167804877284 13.050000190734863 31.360000610351562 AB 6.087654795145058 1.16232072460992
61330.3185 lsst_hardware_r 1.7083100924878034 22.139999389648438 31.459999084472656 AB 6.263431213389376 1.1572872010696966
61330.3296 lsst_hardware_u 3.0544541995828314 2.5999999046325684 28.350000381469727 AB 6.412995845626756 1.184684957396528
61332.3129 lsst_hardware_g -13.992609276851907 13.069999694824219 31.389999389648438 AB 4.396490448533827 1.1569711706667967
61332.3232 lsst_hardware_r 22.9816413886099 22.200000762939453 31.469999313354492 AB 4.49233988258102 1.1821947059423739
61334.3213 lsst_hardware_i 6.785121350418782 31.100000381469727 31.229999542236328 AB 2.7530822639251418 1.191810503863698
61334.332 lsst_hardware_z -31.493952050008968 43.34000015258789 30.93000030517578 AB 2.841785421016891 1.2236767996340854
61337.2983 lsst_hardware_z -45.86048952089243 57.83000183105469 30.969999313354492 AB 3.614349032573404 1.1548363391879235
61337.3094 lsst_hardware_r -37.57106469966304 71.7300033569336 31.6200008392334 AB 3.707718040300854 1.181805580206392
61355.2288 lsst_hardware_r 6.620641422725376 21.979999542236328 31.469999313354492 AB 2.5883766787619513 1.1160002926540022
61355.2401 lsst_hardware_i 5.183755896432493 30.809999465942383 31.229999542236328 AB 2.655857338655053 1.1359526683725634
61360.2407 lsst_hardware_z 45.658481123086155 42.88999938964844 30.93000030517578 AB 8.784716883752337 1.1669390121881424
61360.2527 lsst_hardware_g -2.2036913727280076 12.84000015258789 31.309999465942383 AB 7.103111682998417 1.1985466282228434
61362.2174 lsst_hardware_g -13.788553694093393 20.90999984741211 31.530000686645508 AB 5.11555122212338 1.1291984376411304
61362.2304 lsst_hardware_r 5.58424020424698 27.110000610351562 31.510000228881836 AB 5.25881438612964 1.1556563863595828
61363.1809 lsst_hardware_r -0.3400074507679009 41.689998626708984 31.600000381469727 AB 5.734958874809685 1.084027825434716
61363.1922 lsst_hardware_i 22.94479076846863 40.720001220703125 31.280000686645508 AB 5.897051668332209 1.095597151571347
61365.184 lsst_hardware_z -16.513374999990496 51.27000045776367 30.969999313354492 AB 3.396244953560251 1.0924792773818468
61365.1958 lsst_hardware_r 6.649123270313399 58.029998779296875 31.6299991607666 AB 3.516440299455932 1.1073949243792462
61369.1887 lsst_hardware_i -12.676220419667349 61.849998474121094 31.309999465942383 AB 6.611832227644163 1.1130718376550874
61369.2009 lsst_hardware_z -8.050048473501644 58.13999938964844 30.969999313354492 AB 6.740066969588556 1.134086817284033
61373.2134 lsst_hardware_r -5.286955371191639 40.720001220703125 31.56999969482422 AB 5.90473289183721 1.1879555159111705
61373.2259 lsst_hardware_i -66.32541718824422 40.849998474121094 31.260000228881836 AB 6.088529027067539 1.224932909579877
61375.1798 lsst_hardware_i 0.7789999095750179 30.459999084472656 31.229999542236328 AB 8.738391221172984 1.1254287103062186
61375.19 lsst_hardware_z -29.331797407155047 42.27000045776367 30.940000534057617 AB 8.820241123802143 1.1450397408544448
61382.0935 lsst_hardware_g 6.974817464881337 18.190000534057617 32.130001068115234 AB 4.075360827501642 1.0690405703235482
61382.1073 lsst_hardware_i -60.833345121550664 30.059999465942383 31.239999771118164 AB 4.092541934177066 1.071112392805368
61384.1 lsst_hardware_z -49.28988252801833 41.380001068115234 30.950000762939453 AB 9.849196351882556 1.0705648208567997
61384.1131 lsst_hardware_r -20.6161504210131 21.809999465942383 31.479999542236328 AB 9.902126992184785 1.0763181513244333
61386.0935 lsst_hardware_u -1.5534074977322336 2.690000057220459 28.479999542236328 AB 13.381515561094808 1.0702929157321577
61386.1055 lsst_hardware_g -12.25233082059577 12.920000076293945 31.389999389648438 AB 13.485147640421658 1.075084850418947
61388.0995 lsst_hardware_r -5.997406186960421 22.260000228881836 31.479999542236328 AB 7.929106489844871 1.0747930358545972
61388.1128 lsst_hardware_i 42.454566716605655 30.3799991607666 31.239999771118164 AB 7.994508811458645 1.084184954935907
61391.0797 lsst_hardware_i 43.938387453733775 34.54999923706055 31.260000228881836 AB 11.669565378960465 1.0702586673050263
61391.0917 lsst_hardware_z -8.797587036519209 43.43000030517578 30.950000762939453 AB 10.295874733195983 1.0750064978539269
61393.0824 lsst_hardware_r 44.188776696324204 44.0099983215332 31.6200008392334 AB 4.435644399594752 1.0730965040753402
61393.0948 lsst_hardware_z -8.689662824610258 46.52000045776367 30.959999084472656 AB 3.30488657835724 1.08061686485788
61395.0833 lsst_hardware_z -22.985204669511116 50.380001068115234 30.969999313354492 AB 4.807053564075537 1.0764671052476618
61395.0958 lsst_hardware_i 23.8413620145413 49.380001068115234 31.309999465942383 AB 3.3669218907902665 1.0861038357387955
