data/validation/pwv_sim_epoch_fit_epoch/23046384.ecsv
# %ECSV 0.9
# ---
# datatype:
# - {name: time, datatype: float64}
# - {name: band, datatype: string}
# - {name: flux, datatype: float64}
# - {name: fluxerr, datatype: float64}
# - {name: zp, datatype: float64}
# - {name: zpsys, datatype: string}
# - {name: pwv, datatype: float64}
# - {name: airmass, datatype: float64}
# meta: {SNID: '23046384', alt: 1024.0, c: -0.06763955950737, dec: 3.134927, lat: -30.244573, lon: -70.7499537, ra: 189.84375, t0: 61123.32421875,
#   x0: 2.9573814564048423e-06, x1: 0.6030371785163879, z: 0.7598060369491577}
# schema: astropy-2.0
time band flux fluxerr zp zpsys pwv airmass
[from data line 132]
61474.29 lsst_hardware_u 6.402333280966303 2.700000047683716 28.309999465942383 AB 11.579967467790043 1.2193289952395538
61476.2727 lsst_hardware_g 12.467488424741822 15.34000015258789 31.399999618530273 AB 9.625004986980583 1.2044681034462017
61476.2906 lsst_hardware_r -9.265297017645924 24.90999984741211 31.469999313354492 AB 9.80905609910169 1.229834326140367
61477.2705 lsst_hardware_i -47.148367011959024 33.209999084472656 31.229999542236328 AB 18.374312248893254 1.204978287646565
61477.2903 lsst_hardware_z -32.6506249126251 44.939998626708984 30.93000030517578 AB 18.637038358937634 1.2346225119642642
61479.0633 lsst_hardware_z -147.35121103033907 75.23999786376953 31.469999313354492 AB 29.46108045966509 3.043971737321441
61479.0761 lsst_hardware_r 9.136292683515125 30.219999313354492 31.229999542236328 AB 24.794163105568302 2.559397481865074
61481.2512 lsst_hardware_z -49.855152834748864 43.880001068115234 30.940000534057617 AB 9.468700308924955 1.1985696593575892
61481.2704 lsst_hardware_r -14.662081541599377 25.15999984741211 31.479999542236328 AB 9.626692028047714 1.2185686111452803
61485.1636 lsst_hardware_i -159.29016110679925 106.12000274658203 31.290000915527344 AB 6.68596980428444 1.3083022853879382
61485.1834 lsst_hardware_z 46.49771713938239 89.76000213623047 30.969999313354492 AB 6.615217516737981 1.2481542484411285
61487.2783 lsst_hardware_r -52.890390908226614 172.9499969482422 31.610000610351562 AB 7.77605562367257 1.2728504635666464
61487.2911 lsst_hardware_z 134.24865528400952 117.83999633789062 30.969999313354492 AB 8.03546998438929 1.3166785893529165
61489.2393 lsst_hardware_y 11.898843651744343 57.52000045776367 30.0 AB 8.53896082479353 1.206564967883712
61489.2594 lsst_hardware_r 86.60843987856703 93.91000366210938 31.610000610351562 AB 8.141214660313759 1.2385215000477565
61492.2115 lsst_hardware_i 20.030970740990472 43.09000015258789 31.270000457763672 AB 9.121296478374695 1.1955039291853604
61492.2298 lsst_hardware_z 43.730951254409725 49.369998931884766 30.950000762939453 AB 9.176594560723915 1.2052264986503698
61494.2114 lsst_hardware_r -44.184572577422095 30.610000610351562 31.540000915527344 AB 7.636132350510424 1.1966358677147164
61494.2278 lsst_hardware_g 31.527549235592673 26.030000686645508 31.579999923706055 AB 7.731670771226325 1.2089550877556017
61497.2121 lsst_hardware_r 3.982772187823019 25.299999237060547 31.489999771118164 AB 10.244967951149007 1.201638309195473
61497.2286 lsst_hardware_i 9.761225958738967 33.52000045776367 31.239999771118164 AB 10.386797878087574 1.2215690312743952
61499.2107 lsst_hardware_z -31.43070862447428 44.18000030517578 30.940000534057617 AB 6.628811684099068 1.2052384880180123
61499.2284 lsst_hardware_i -11.399592939572624 33.310001373291016 31.229999542236328 AB 6.77037543732062 1.2309773522401128
61501.208 lsst_hardware_u -1.8690322250117213 2.690000057220459 28.299999237060547 AB 16.524081946050178 1.2081656756635357
61501.2279 lsst_hardware_g 6.135047064958037 15.510000228881836 31.3799991607666 AB 18.449590607601078 1.2412821669164216
61503.175 lsst_hardware_g 3.7667755579391855 15.640000343322754 31.420000076293945 AB 9.926896397098568 1.196011614108261
61503.1928 lsst_hardware_r -0.6565398155863358 25.100000381469727 31.489999771118164 AB 10.275271405929741 1.1995647132128557
61505.1893 lsst_hardware_z 36.3334705126519 44.060001373291016 30.940000534057617 AB 5.921497455762364 1.2009121086555412
61505.2063 lsst_hardware_u 0.4694454762864559 2.7300000190734863 28.34000015258789 AB 6.004016428153486 1.220824812556626
61511.1919 lsst_hardware_z 82.92885358714632 55.02000045776367 30.959999084472656 AB 20.834867261571603 1.224140262136992
61511.2081 lsst_hardware_r 62.90795585914407 58.150001525878906 31.59000015258789 AB 21.536955741798867 1.2596429771196187
61513.1116 lsst_hardware_r 106.11920948248802 114.5 31.610000610351562 AB 13.985412426388207 1.2376471173794872
61513.1305 lsst_hardware_i -10.648643374515936 93.80999755859375 31.309999465942383 AB 14.16097773885107 1.2074160357127528
61515.1583 lsst_hardware_z 62.24400593339299 106.4800033569336 30.979999542236328 AB 7.845498842986432 1.1985332601219232
61515.1759 lsst_hardware_i 39.090310145172865 126.20999908447266 31.309999465942383 AB 3.8459333023070843 1.216073347940371
61518.1642 lsst_hardware_z 100.4934520154085 89.5 31.709999084472656 AB 6.387816834816641 1.211304984320971
61520.1493 lsst_hardware_r 101.40691251469511 53.95000076293945 31.59000015258789 AB 16.850705386518936 1.201640536961244
61520.1685 lsst_hardware_i 48.09715687011217 48.650001525878906 31.270000457763672 AB 15.5248055825084 1.2262072466932192
61522.1597 lsst_hardware_z 137.47401887387142 66.41000366210938 31.690000534057617 AB 5.591050979436532 1.2205314126475968
61524.1194 lsst_hardware_r -16.047429910409928 24.739999771118164 31.489999771118164 AB 10.529125158878859 1.1956762615124754
61524.1385 lsst_hardware_g 26.44449143039864 15.300000190734863 31.420000076293945 AB 9.862052515615874 1.201736734980305
61526.1494 lsst_hardware_i 6.298203648055336 32.810001373291016 31.229999542236328 AB 11.366049722529743 1.2215429235361905
61526.167 lsst_hardware_z 59.570489258691055 44.709999084472656 30.93000030517578 AB 12.070029088175145 1.2592622940193163
61528.1208 lsst_hardware_z -16.354049586987728 44.09000015258789 30.940000534057617 AB 15.891804886673393 1.1975287205963145
61528.1388 lsst_hardware_i -31.417275479735736 32.939998626708984 31.239999771118164 AB 13.753733863862873 1.2138146557111351
61530.1132 lsst_hardware_u -3.8681293480310717 2.7100000381469727 28.34000015258789 AB 11.097153706944846 1.196673656392327
61530.1308 lsst_hardware_g -1.2625077159250329 15.15999984741211 31.399999618530273 AB 10.313075233920278 1.2105140392922515
61532.1118 lsst_hardware_r 10.04774582685736 24.770000457763672 31.489999771118164 AB 7.972066464902448 1.1984915946784602
61532.1304 lsst_hardware_i -7.14848625033127 33.130001068115234 31.229999542236328 AB 7.508308935224772 1.2174319968476013
61533.113 lsst_hardware_z 2.4768475773995604 44.25 30.940000534057617 AB 12.458277625795375 1.2010293671835657
61533.1306 lsst_hardware_u -2.1966759044358284 2.7899999618530273 28.389999389648438 AB 11.92671776962949 1.2220623771329975
61535.1115 lsst_hardware_g 16.941965518792582 15.220000267028809 31.40999984741211 AB 8.962620067633797 1.204369948954872
61535.1297 lsst_hardware_r -4.663640178109307 24.790000915527344 31.479999542236328 AB 8.712925846420722 1.2302048494769369
61538.9781 lsst_hardware_i -67.21572311947966 50.59000015258789 31.209999084472656 AB 10.919669825382632 1.5158488490189643
61538.9917 lsst_hardware_z 28.590001157841566 54.7599983215332 30.920000076293945 AB 10.259816520395178 1.4245788003881523
61541.0428 lsst_hardware_z 95.60484522745539 109.26000213623047 31.719999313354492 AB 6.212883153466593 1.2230686851649752
61543.0364 lsst_hardware_r -102.07339770273684 117.55000305175781 31.6200008392334 AB 8.985089126753689 1.2246827523971406
61543.0548 lsst_hardware_i -148.25486956625474 94.02999877929688 31.309999465942383 AB 10.076572299526765 1.201594598083325
61547.045 lsst_hardware_z 139.45110199956267 85.69000244140625 31.709999084472656 AB 6.1158252905837704 1.2007510387271803
61551.0336 lsst_hardware_g -20.686991068210915 15.3100004196167 31.40999984741211 AB 6.844188553321847 1.2011035937914003
61551.0527 lsst_hardware_r -16.62560483396428 24.780000686645508 31.489999771118164 AB 6.229354610891829 1.1958256199821145
61553.0399 lsst_hardware_i -43.68697884601817 33.130001068115234 31.239999771118164 AB 8.451145507681433 1.1957335089217125
61553.0632 lsst_hardware_z 25.808254879276642 44.470001220703125 30.93000030517578 AB 8.878261911555015 1.2051939246454773
61555.0368 lsst_hardware_i -44.56230156088908 32.88999938964844 31.239999771118164 AB 11.49161705548145 1.1954764559108928
61555.0581 lsst_hardware_u 4.430323854794637 2.7100000381469727 28.34000015258789 AB 13.196600474267791 1.2055543300843343
61556.9963 lsst_hardware_g -5.085063361597687 15.489999771118164 31.399999618530273 AB 8.44897981300403 1.2280493914250041
61557.0081 lsst_hardware_r 46.507151896519694 25.110000610351562 31.479999542236328 AB 8.228235357119976 1.210034611341173
61559.9996 lsst_hardware_r 20.04011541302666 25.139999389648438 31.479999542236328 AB 13.072450260792388 1.2104120611844804
61560.0191 lsst_hardware_i -36.64587122876759 33.09000015258789 31.229999542236328 AB 13.441031989176023 1.1960873850212532
61570.9951 lsst_hardware_z -109.4500469844931 65.8499984741211 30.959999084472656 AB 15.514083217968288 1.1954754354747796
61571.0155 lsst_hardware_r 112.79633783925627 84.95999908447266 31.610000610351562 AB 15.942905168475923 1.2066836250786055
61572.9594 lsst_hardware_y 39.65393035903747 58.5 29.989999771118164 AB 8.824062465325335 1.2167764017272342
61572.9784 lsst_hardware_i -85.34144756537687 69.0999984741211 31.299999237060547 AB 8.502299399501915 1.1980553633004505
61576.9597 lsst_hardware_y 89.65788841261768 52.540000915527344 30.0 AB 6.5546475967238065 1.203497324816171
61576.9792 lsst_hardware_g 8.278171451693945 41.27000045776367 31.639999389648438 AB 6.165216143390042 1.1955043908068468
61578.9601 lsst_hardware_y -40.010368327053875 53.099998474121094 29.989999771118164 AB 10.309208294020175 1.199116969683178
61578.9794 lsst_hardware_i 2.8438358385336184 33.45000076293945 31.229999542236328 AB 10.991542719453365 1.1966840195376554
61580.959 lsst_hardware_z 41.155178675876385 50.15999984741211 30.950000762939453 AB 6.028527721838721 1.1969676803015183
61580.9776 lsst_hardware_u 0.057933477972379445 2.809999942779541 28.360000610351562 AB 6.0369664601294595 1.1982863160241086
61582.9583 lsst_hardware_y -13.246437063117858 55.650001525878906 30.0 AB 9.195063942557752 1.1956911132256889
61582.9772 lsst_hardware_r -49.24180846499412 26.190000534057617 31.489999771118164 AB 9.14414501378595 1.2015959282241722
