data/validation/pwv_sim_epoch_fit_epoch/23088666.ecsv
# %ECSV 0.9
# ---
# datatype:
# - {name: time, datatype: float64}
# - {name: band, datatype: string}
# - {name: flux, datatype: float64}
# - {name: fluxerr, datatype: float64}
# - {name: zp, datatype: float64}
# - {name: zpsys, datatype: string}
# - {name: pwv, datatype: float64}
# - {name: airmass, datatype: float64}
# meta: {SNID: '23088666', alt: 1024.0, c: -0.09318752586841583, dec: -5.829153, lat: -30.244573, lon: -70.7499537, ra: 134.648438, t0: 61696.38671875,
#   x0: 5.381273067973009e-05, x1: -0.28507518768310547, z: 0.22272905707359314}
# schema: astropy-2.0
time band flux fluxerr zp zpsys pwv airmass
61753.3368 lsst_hardware_r 1638.6952246453793 100.79744198753136 31.639999389648438 AB 9.295426389197273 1.0977337440743133
61755.3323 lsst_hardware_r 1768.232424630001 101.85659329757195 31.639999389648438 AB 11.617480475172052 1.0975627393358955
61755.3515 lsst_hardware_y 488.95075602222755 70.13806766067145 30.040000915527344 AB 11.77035451684734 1.1021335663493856
61757.3123 lsst_hardware_z 1449.8188009705018 93.51684845969136 31.729999542236328 AB 7.706184776439763 1.1042224979972435
61759.3239 lsst_hardware_i -56.646764210585474 39.20000076293945 31.280000686645508 AB 4.8983266456741 1.09729539553616
61759.3448 lsst_hardware_y 46.49103206111958 52.029998779296875 30.030000686645508 AB 5.323338673019364 1.1051914200039252
61762.2921 lsst_hardware_z 83.02994969933124 42.41999816894531 30.940000534057617 AB 7.5194424393013835 1.1101265873331931
61762.3122 lsst_hardware_r 0.4004867658254424 23.940000534057617 31.489999771118164 AB 7.457644414714916 1.0977348140005607
61763.3001 lsst_hardware_u -4.794611110513418 2.740000009536743 28.43000030517578 AB 6.678900579613571 1.1014018106222907
61765.2987 lsst_hardware_r -31.199381823888857 23.010000228881836 31.489999771118164 AB 9.386557299617417 1.0993644966269718
61765.3186 lsst_hardware_z -58.4320129012431 41.939998626708984 30.950000762939453 AB 9.348701219801281 1.0992221544378233
61767.2976 lsst_hardware_r 8.130569632583333 23.190000534057617 31.489999771118164 AB 6.835029922513631 1.0979379828412004
61767.3183 lsst_hardware_u 2.392990981821108 2.6700000762939453 28.389999389648438 AB 6.924407169117869 1.1018523050629734
61769.2831 lsst_hardware_g -20.92194190505674 14.229999542236328 31.420000076293945 AB 9.585390423361677 1.1017690141795031
61769.3043 lsst_hardware_r 9.312252123899748 23.190000534057617 31.489999771118164 AB 10.24468085594292 1.098095380882461
61771.2877 lsst_hardware_i 25.29813291804613 30.940000534057617 31.239999771118164 AB 7.762479984888607 1.097715682758092
61771.3068 lsst_hardware_z 34.58887804588537 41.97999954223633 30.940000534057617 AB 7.830379329866365 1.101499659208065
61773.2909 lsst_hardware_r 20.58418958142943 23.34000015258789 31.489999771118164 AB 4.77972610154245 1.097568089450599
61773.3105 lsst_hardware_u -4.625487155336689 2.6700000762939453 28.3799991607666 AB 5.059305319902742 1.1087065841018444
61775.2573 lsst_hardware_u 0.7791589019069989 2.690000057220459 28.399999618530273 AB 11.556330799713127 1.1094077567724607
61775.2794 lsst_hardware_g 5.834153755294289 14.15999984741211 31.40999984741211 AB 11.500168478413498 1.0973443204593032
61777.2546 lsst_hardware_r -19.734632448869228 23.360000610351562 31.479999542236328 AB 10.478393521729592 1.106775127724277
61777.2776 lsst_hardware_z 9.685461572395813 42.20000076293945 30.940000534057617 AB 10.325587021516252 1.0972993646669769
61779.251 lsst_hardware_r -32.60247818073229 46.209999084472656 31.610000610351562 AB 8.757115084613208 1.105184689488857
61779.272 lsst_hardware_y -97.72527849757664 49.5 30.030000686645508 AB 8.71979523891987 1.0972896693271648
61785.2321 lsst_hardware_r -34.97189131123536 87.48999786376953 31.639999389648438 AB 5.979788626659597 1.1073682641962217
61785.25 lsst_hardware_z -67.17337047579495 66.0999984741211 30.979999542236328 AB 6.036866373407375 1.09761206789225
61787.2055 lsst_hardware_z 62.3283277970429 70.33999633789062 31.709999084472656 AB 3.5079968386021556 1.1368069690312144
61789.2 lsst_hardware_r 7.821324086544264 27.709999084472656 31.510000228881836 AB 6.593905358111126 1.1368802341570907
61789.2208 lsst_hardware_z 31.622829713489235 43.810001373291016 30.940000534057617 AB 6.635420928565854 1.1077189163182775
61791.198 lsst_hardware_r -15.064377736221198 23.3799991607666 31.479999542236328 AB 13.002409931168733 1.1306443418407595
61791.2184 lsst_hardware_u 4.277724581741689 2.680000066757202 28.389999389648438 AB 13.06376509773584 1.105046285309278
61793.2043 lsst_hardware_g -0.7408216449678134 14.470000267028809 31.40999984741211 AB 9.659321659603862 1.1136269387063065
61793.224 lsst_hardware_r -15.27054766530599 23.479999542236328 31.489999771118164 AB 10.011306743013542 1.0986847219000602
61795.1954 lsst_hardware_i 32.51033404848331 31.290000915527344 31.239999771118164 AB 8.662451805771411 1.117952094698508
61795.2161 lsst_hardware_z -64.41501496755355 41.91999816894531 30.940000534057617 AB 9.458529207697456 1.099647834100676
61799.1816 lsst_hardware_g -19.854832173068345 14.550000190734863 31.40999984741211 AB 10.787839225750675 1.1219801586844176
61799.2007 lsst_hardware_i 22.3627158760502 31.440000534057617 31.239999771118164 AB 10.609169239510113 1.10206051656961
61801.1812 lsst_hardware_z -36.42907537315724 42.59000015258789 30.950000762939453 AB 11.511077116281818 1.1151443077047052
61801.1982 lsst_hardware_r -3.2469948820827357 23.729999542236328 31.5 AB 11.316207673663078 1.1003702522037138
61803.1097 lsst_hardware_u -3.6421181564304463 2.630000114440918 28.260000228881836 AB 7.804699698340199 1.3142912767342176
61803.1181 lsst_hardware_g -12.25356659099732 14.710000038146973 31.3700008392334 AB 7.808534682920874 1.2729576986149778
61805.1745 lsst_hardware_r 20.08354711298804 23.489999771118164 31.489999771118164 AB 9.877346137865233 1.1103131899578726
61805.1918 lsst_hardware_i -4.125216871548601 31.209999084472656 31.239999771118164 AB 9.850452417492031 1.098492003400363
61807.1729 lsst_hardware_z -105.88992354611597 47.84000015258789 30.959999084472656 AB 5.991180642768327 1.1065748455166857
61807.1907 lsst_hardware_r -96.33842909971628 39.810001373291016 31.600000381469727 AB 5.957493679618162 1.0974811813849723
61808.1776 lsst_hardware_z -18.790930426496644 52.939998626708984 30.959999084472656 AB 5.521266768770958 1.1011700775370876
61808.1962 lsst_hardware_r 30.66308964995775 58.93000030517578 31.6200008392334 AB 5.508831308486541 1.0977047541071288
61810.1458 lsst_hardware_z -58.437838449386184 79.22000122070312 30.979999542236328 AB 6.334687871669101 1.1311942627980538
61810.1645 lsst_hardware_i 17.25197392351921 91.54000091552734 31.329999923706055 AB 6.197852011485295 1.1067592877652312
61814.1609 lsst_hardware_y 106.42982079404072 54.040000915527344 30.030000686645508 AB 4.087391362633935 1.1013516638959742
61814.179 lsst_hardware_r 84.90221310045692 80.06999969482422 31.6299991607666 AB 4.449217925969831 1.0975560717779522
61816.1601 lsst_hardware_i -2.4742641160875913 43.209999084472656 31.290000915527344 AB 3.1726795445521687 1.099080673632391
61816.1768 lsst_hardware_z 46.06764168988552 47.880001068115234 30.959999084472656 AB 4.215659544047769 1.098304701011128
61818.13 lsst_hardware_z -46.313997491576586 42.34000015258789 30.940000534057617 AB 3.256286555552378 1.1215682740134483
61818.1472 lsst_hardware_r 3.2341036115510535 26.719999313354492 31.530000686645508 AB 3.2413786921443077 1.1031351192776997
61822.1255 lsst_hardware_i 10.17744866514119 31.639999389648438 31.239999771118164 AB 5.603413095805716 1.1131687302320765
61822.1433 lsst_hardware_z 14.421094125497314 42.41999816894531 30.940000534057617 AB 5.517750877623968 1.0992448000579
61824.1197 lsst_hardware_r 9.716553423403672 23.6200008392334 31.489999771118164 AB 7.346378452304817 1.1135656901657
61824.1364 lsst_hardware_u -1.2696157585804275 2.640000104904175 28.350000381469727 AB 8.990368663816492 1.0998738272347066
61826.1233 lsst_hardware_g 7.649810172373713 14.550000190734863 31.420000076293945 AB 8.409525970245705 1.104663356900687
61826.1419 lsst_hardware_r -41.99974579817198 23.530000686645508 31.489999771118164 AB 9.463633347388756 1.09723285187116
61828.1217 lsst_hardware_i 4.134912884533128 31.3700008392334 31.239999771118164 AB 7.408867657112646 1.1019361429482628
61828.1405 lsst_hardware_z -8.133675910933478 42.25 30.950000762939453 AB 8.540537711089472 1.0975086209515177
61830.117 lsst_hardware_r 34.60109174312825 23.290000915527344 31.489999771118164 AB 4.633893728500685 1.1014722435228632
61830.1338 lsst_hardware_g 29.39265462563006 14.350000381469727 31.420000076293945 AB 4.477196550923617 1.0973520958146121
61832.0832 lsst_hardware_u -4.74394618419648 2.7200000286102295 28.399999618530273 AB 7.138436088116442 1.1357291188136045
61832.1013 lsst_hardware_r -12.018341823884318 23.56999969482422 31.489999771118164 AB 6.478790393768336 1.1097619722111183
61834.0902 lsst_hardware_i -48.78145130056256 34.130001068115234 31.25 AB 11.518124636927652 1.116259595573736
61834.1082 lsst_hardware_z 19.84695957494656 43.13999938964844 30.940000534057617 AB 11.365432072974684 1.1003064482678473
61836.0862 lsst_hardware_r -17.408475772907877 49.90999984741211 31.610000610351562 AB 8.109042306528467 1.1144407402806242
61836.1055 lsst_hardware_z -66.190553953448 49.54999923706055 30.959999084472656 AB 7.9444522891408695 1.09907110294778
61838.0859 lsst_hardware_y -54.46636569355801 56.79999923706055 30.030000686645508 AB 11.346318858884242 1.1087698296126993
61838.1049 lsst_hardware_r 21.647457801568635 89.70999908447266 31.639999389648438 AB 11.272726008829625 1.097663137742354
61840.0846 lsst_hardware_i 204.1985707850876 104.12999725341797 31.329999923706055 AB 8.338245797363776 1.1050376548169363
61840.1038 lsst_hardware_z 15.711024569090586 88.08999633789062 30.989999771118164 AB 8.29650579671921 1.0972278870639054
61843.065 lsst_hardware_r 173.19303612774272 69.4800033569336 31.6200008392334 AB 14.52073391301131 1.1170654598823992
61843.0812 lsst_hardware_i 40.65377616654483 58.470001220703125 31.309999465942383 AB 14.298975110751153 1.101651319887093
61845.0764 lsst_hardware_z 28.914486814637606 45.47999954223633 30.950000762939453 AB 8.560456893379037 1.1012594631276633
61845.0931 lsst_hardware_i 9.883125480139782 40.189998626708984 31.280000686645508 AB 8.125428065967654 1.0973758544068501
61847.0724 lsst_hardware_u 0.9535323338993902 2.6600000858306885 28.3799991607666 AB 7.551898043295073 1.1004587312633987
61847.092 lsst_hardware_g -7.098667847230663 14.180000305175781 31.420000076293945 AB 8.778318724534723 1.0982508100255808
61849.07 lsst_hardware_r -16.529694152904437 23.1299991607666 31.479999542236328 AB 4.072420293352603 1.0990698884542829
61849.089 lsst_hardware_i -9.88854231459334 31.059999465942383 31.239999771118164 AB 5.5851202652263945 1.0990905587614872
61851.0415 lsst_hardware_i 2.5029875027695327 31.350000381469727 31.239999771118164 AB 5.771785509747747 1.119286136344101
61851.0605 lsst_hardware_z -84.70763949777916 42.09000015258789 30.940000534057617 AB 4.300167349260558 1.1009837673329217
61853.0388 lsst_hardware_r -3.206130349662807 23.479999542236328 31.489999771118164 AB 5.285942577829859 1.1156484967982339
61853.0581 lsst_hardware_g -10.599902604723662 14.369999885559082 31.420000076293945 AB 4.642057477050322 1.099470832420846
61855.0351 lsst_hardware_r 28.066056171089098 22.920000076293945 31.479999542236328 AB 8.26815329036128 1.1135060096554221
61855.0536 lsst_hardware_i 58.9010794246405 30.850000381469727 31.239999771118164 AB 7.594524207755225 1.0990760922474065
61863.0295 lsst_hardware_z -53.735092119001436 61.40999984741211 31.700000762939453 AB 6.812683421211536 1.1000619120315323
61865.0191 lsst_hardware_z 48.461747299680816 53.349998474121094 30.969999313354492 AB 8.467999965330526 1.102963199652299
61865.0372 lsst_hardware_r 49.57643899460359 56.33000183105469 31.6200008392334 AB 8.438510947630872 1.0972642802978834
61867.0186 lsst_hardware_i 98.34127205096905 74.7699966430664 31.31999969482422 AB 11.765229382847085 1.1000510557273928
61867.0388 lsst_hardware_z -107.0502561622344 68.55999755859375 30.979999542236328 AB 11.733383598814466 1.0987000061315804
61870.032 lsst_hardware_g -23.508924687251746 103.0999984741211 31.700000762939453 AB 6.2410368393365 1.0992256512657388
61870.0539 lsst_hardware_r 133.332658694653 95.9800033569336 31.6299991607666 AB 6.281325673456874 1.118270548950841
61875.009 lsst_hardware_u -1.9263821010031372 2.869999885559082 28.540000915527344 AB 12.44832978004316 1.0972283360915942
61875.028 lsst_hardware_g -4.41764620249881 14.5600004196167 31.450000762939453 AB 12.577888621913413 1.1050926809948745
61876.9799 lsst_hardware_y -11.59789987318248 50.029998779296875 30.040000915527344 AB 15.892269545192079 1.1082861707306446
61876.9968 lsst_hardware_r 6.957593344639567 23.329999923706055 31.5 AB 15.712072970680133 1.0980169097928043
61878.9795 lsst_hardware_y 68.32877896736557 49.40999984741211 30.030000686645508 AB 10.19939904085536 1.1039505401942806
61878.9973 lsst_hardware_z -93.37731876269449 42.11000061035156 30.940000534057617 AB 10.159015568560124 1.0972241537155643
61881.9743 lsst_hardware_y -16.19745166770391 53.34000015258789 30.040000915527344 AB 10.088160875418682 1.10189900608052
61881.9881 lsst_hardware_r -12.971296723499265 23.81999969482422 31.5 AB 9.960067071285026 1.0972560049888485
61889.9668 lsst_hardware_y -18.832310335946378 57.18000030517578 30.040000915527344 AB 12.34662408666784 1.0972338668445092
61889.9855 lsst_hardware_r 22.914798767008936 24.309999465942383 31.489999771118164 AB 12.52091331761067 1.1038936140718623
