data/validation/pwv_sim_epoch_fit_epoch/23177055.ecsv
# %ECSV 0.9
# ---
# datatype:
# - {name: time, datatype: float64}
# - {name: band, datatype: string}
# - {name: flux, datatype: float64}
# - {name: fluxerr, datatype: float64}
# - {name: zp, datatype: float64}
# - {name: zpsys, datatype: string}
# - {name: pwv, datatype: float64}
# - {name: airmass, datatype: float64}
# meta: {SNID: '23177055', alt: 1024.0, c: -0.0231624785810709, dec: -25.117701, lat: -30.244573, lon: -70.7499537, ra: 80.15625, t0: 61772.2421875,
#   x0: 6.299027502408095e-06, x1: -0.034026335924863815, z: 0.5577062368392944}
# schema: astropy-2.0
time band flux fluxerr zp zpsys pwv airmass
61649.3336 lsst_hardware_i 3.357780870402387 32.869998931884766 31.200000762939453 AB 1.1328293855814617 1.4129459127925932
61649.3508 lsst_hardware_u 0.4434544061860927 2.549999952316284 28.25 AB 1.0430116151194508 1.2979507810259678
61653.3181 lsst_hardware_r -15.46215367420402 23.530000686645508 31.40999984741211 AB 2.5159329544602085 1.4492005689781837
61653.3348 lsst_hardware_i 47.312603496792896 32.189998626708984 31.200000762939453 AB 1.674917277782578 1.3287721362812996
61655.3139 lsst_hardware_z 20.300591368670943 46.290000915527344 30.90999984741211 AB 2.705240564296821 1.4389577469663941
61655.33 lsst_hardware_u -0.4314558057090465 2.5199999809265137 28.209999084472656 AB 2.3856566806534083 1.3246289176309876
61671.3265 lsst_hardware_g -16.51172691227004 29.8700008392334 31.610000610351562 AB 2.2924719769799102 1.1374680059444275
61671.3442 lsst_hardware_r -45.20041115954502 34.06999969482422 31.56999969482422 AB 1.8994805277144393 1.0860380375725782
61672.3025 lsst_hardware_r 17.006497073069173 26.030000686645508 31.5 AB 5.491113438866212 1.2221485508273087
61672.3197 lsst_hardware_i -17.804091674996766 32.9900016784668 31.25 AB 5.15920869620664 1.1515662429686337
61678.2543 lsst_hardware_g -15.47998480720981 13.350000381469727 31.299999237060547 AB 3.4605851076478484 1.4139264995496827
61678.2724 lsst_hardware_r -16.372126406435285 22.81999969482422 31.450000762939453 AB 3.1097330645710026 1.29347649132936
61680.2723 lsst_hardware_u -1.8645037520294268 2.5 28.219999313354492 AB 4.599652854453719 1.263814494972751
61680.2916 lsst_hardware_g 19.704510429569485 13.210000038146973 31.350000381469727 AB 4.31908010948804 1.175100016185119
61684.2728 lsst_hardware_z -72.96056683096806 43.20000076293945 30.93000030517578 AB 7.086462259434462 1.208177127416652
61684.2907 lsst_hardware_r 20.867042889553943 22.239999771118164 31.469999313354492 AB 6.749444725258803 1.1385062792114933
61686.2694 lsst_hardware_z 9.622683286102946 42.9900016784668 30.93000030517578 AB 4.52793996042818 1.1991366420625476
61686.2885 lsst_hardware_r -38.840258509304064 22.200000762939453 31.469999313354492 AB 4.232281313220314 1.1278063545620487
61688.3107 lsst_hardware_i 44.439543848630215 29.850000381469727 31.239999771118164 AB 2.946182242413669 1.0574954208232838
61688.3299 lsst_hardware_z 7.159670817856761 40.41999816894531 30.950000762939453 AB 2.8655877708167887 1.0271230696795444
61689.2641 lsst_hardware_r -7.474714600878581 49.130001068115234 31.59000015258789 AB 4.908935554766545 1.1869277988555016
61689.2841 lsst_hardware_z 26.803765439444316 46.93000030517578 30.950000762939453 AB 4.613984705282593 1.1160616098244531
61692.2595 lsst_hardware_y 32.4378554914898 53.25 30.0 AB 6.718444832656506 1.1725034611965344
61692.2783 lsst_hardware_r 18.418034045115864 75.87999725341797 31.6299991607666 AB 6.417098653791258 1.1090254748396482
61694.2666 lsst_hardware_i -36.831097351328545 68.44000244140625 31.31999969482422 AB 8.225154418219205 1.127995394603916
61694.2842 lsst_hardware_z -28.27528640285848 60.93000030517578 30.979999542236328 AB 7.851844836870267 1.0792666610437853
61696.2647 lsst_hardware_r 46.54448272820299 71.41000366210938 31.6299991607666 AB 5.704729000116638 1.1169317670321366
61696.2828 lsst_hardware_z 9.754441257535277 55.68000030517578 30.969999313354492 AB 5.54029773249467 1.0700203239813955
61698.1984 lsst_hardware_r -8.887076245362884 52.66999816894531 31.540000915527344 AB 3.053305302428328 1.423950240144274
61698.2165 lsst_hardware_z -23.6815291086833 54.369998931884766 30.940000534057617 AB 1.4544448075463285 1.301031508800294
61700.1796 lsst_hardware_u 2.0799360562014124 2.359999895095825 28.020000457763672 AB 4.3441947122068685 1.5402214898801163
61700.1978 lsst_hardware_g 3.8039127989617265 13.420000076293945 31.290000915527344 AB 3.7995191089832088 1.3874453565762537
61707.1833 lsst_hardware_g 6.233823094553195 13.239999771118164 31.290000915527344 AB 2.7505969485376527 1.3553076859017752
61707.2016 lsst_hardware_r -7.4531814032822465 22.700000762939453 31.450000762939453 AB 2.550023691101513 1.248176060255268
61709.1812 lsst_hardware_i 22.662105479085014 32.709999084472656 31.200000762939453 AB 4.563229979186258 1.3333031348973727
61709.1995 lsst_hardware_z 4.668488268122578 43.95000076293945 30.93000030517578 AB 4.231665355040416 1.2315673326662342
61711.1695 lsst_hardware_z -16.528497330925415 45.040000915527344 30.90999984741211 AB 4.904982496874406 1.375100223401852
61711.1871 lsst_hardware_r -7.305965691440737 22.719999313354492 31.440000534057617 AB 4.48299452570805 1.2668299613445568
61720.1951 lsst_hardware_z -2.393127640282654 51.9900016784668 30.959999084472656 AB 0.8562744484133963 1.1296496680910892
61720.2129 lsst_hardware_i 28.591114449416597 50.2599983215332 31.299999237060547 AB 2.5196706850147654 1.0800131525995567
61724.2066 lsst_hardware_y 40.48836162746867 77.52999877929688 30.799999237060547 AB 4.037296080060783 1.0694824053138214
61726.2036 lsst_hardware_r 0.48865557349225763 65.37000274658203 31.639999389648438 AB 2.3699747641228806 1.0642404359343847
61726.2212 lsst_hardware_i 73.18501664850497 55.119998931884766 31.31999969482422 AB 5.710743601106701 1.0336655235267964
61729.2081 lsst_hardware_u -2.418730514455419 3.5999999046325684 28.670000076293945 AB 5.235371416454096 1.041019022642449
61729.2268 lsst_hardware_r 10.177907064407197 30.170000076293945 31.56999969482422 AB 5.001685630141622 1.0175506918996262
61731.2054 lsst_hardware_i 1.8289381278442105 29.760000228881836 31.239999771118164 AB 3.8350342082183655 1.0367759416652211
61731.2219 lsst_hardware_z 62.395090879230935 40.34000015258789 30.950000762939453 AB 3.2165346519822635 1.0170324574140577
61734.1026 lsst_hardware_r 40.85016538594494 23.729999542236328 31.420000076293945 AB 7.245103057659513 1.4049065459878831
61734.12 lsst_hardware_z 81.51031514228153 44.880001068115234 30.920000076293945 AB 6.587514251893272 1.2906571810136507
61738.1222 lsst_hardware_u 2.2150372914118095 2.5399999618530273 28.260000228881836 AB 6.117938186391829 1.2226502720698043
61738.1404 lsst_hardware_g -1.4262802668403514 13.329999923706055 31.360000610351562 AB 5.820448982506562 1.1483950639605187
61740.1282 lsst_hardware_r 8.246218134963275 22.65999984741211 31.469999313354492 AB 9.55521997418179 1.173475516724471
61740.1441 lsst_hardware_i 22.969512508964293 30.770000457763672 31.239999771118164 AB 9.13693513427461 1.1183519136199034
61744.1409 lsst_hardware_z 0.10695609510405774 42.677804701474464 30.940000534057617 AB 2.726668221494223 1.0963316688867102
61744.1618 lsst_hardware_g 19.064158058071953 16.16284875682068 31.479999542236328 AB 2.6456620634397816 1.0500395158354192
61746.142 lsst_hardware_r 16.319912872527905 34.00383819746315 31.56999969482422 AB 4.818077787709963 1.079802283215888
61746.163 lsst_hardware_z 86.3531959287664 43.35707705597958 30.950000762939453 AB 4.737142307800619 1.038960918478039
61750.1272 lsst_hardware_r 155.97295760517554 70.71409387825425 31.639999389648438 AB 10.454938863107143 1.0893398138168422
61750.1493 lsst_hardware_i 185.73743656837289 58.45730680898717 31.31999969482422 AB 9.999665089389618 1.043379803600448
61752.029 lsst_hardware_y 80.97886667410724 95.87954194505492 29.8799991607666 AB 17.358363272413833 1.6304673732453991
61752.0506 lsst_hardware_r 267.3955262635323 101.34239563491893 31.56999969482422 AB 16.403936537851315 1.4268014732409597
61754.03 lsst_hardware_y 121.04139599268794 79.06556131385534 29.8700008392334 AB 11.83255322056174 1.561623552224828
61754.0512 lsst_hardware_z 382.47927082111124 61.80100168201183 30.93000030517578 AB 10.61408913816926 1.381442613180899
61756.0319 lsst_hardware_y 119.89087881199762 80.18711838557167 29.90999984741211 AB 15.085796091587792 1.4918706577915142
61756.0541 lsst_hardware_u 11.889591131271933 4.202036403158454 28.25 AB 14.459424413662301 1.3255595422691404
61758.0327 lsst_hardware_y 299.73234662969 81.81590621476225 29.920000076293945 AB 5.225458347671339 1.438859572557505
61758.0534 lsst_hardware_r 1055.597073670398 40.0601344181768 31.440000534057617 AB 5.270969026836441 1.2968308591060256
61760.0344 lsst_hardware_y 465.9070257622334 74.89335879305408 29.950000762939453 AB 6.229925956038912 1.3844279902308694
61760.0568 lsst_hardware_r 1274.8018515581348 43.48577375053194 31.459999084472656 AB 5.481237040154273 1.248644464982101
61766.0382 lsst_hardware_y 535.4200696443473 72.38138440591612 29.979999542236328 AB 7.972197804437208 1.2600944896371131
61766.0621 lsst_hardware_i 1606.7862570564353 50.64690497881932 31.229999542236328 AB 7.373289198712159 1.1550090775347028
61768.0399 lsst_hardware_y 480.39393744016354 65.2944090513759 30.0 AB 8.633096316017523 1.2244658273906137
61768.062 lsst_hardware_r 2129.420475164801 51.08399133196085 31.479999542236328 AB 9.277116404217075 1.136344488512539
61770.0398 lsst_hardware_y 530.2276374249869 66.04643584829451 30.010000228881836 AB 8.949566920249364 1.2002369637562522
61770.0605 lsst_hardware_g 685.9815033105976 28.5408858885839 31.3799991607666 AB 8.433100707302465 1.1235520377447088
61772.0415 lsst_hardware_y 426.58650258002893 65.27928322912594 30.020000457763672 AB 8.225668625076255 1.1708442381936428
61772.065 lsst_hardware_z 1402.1140650405591 54.99623811452539 30.940000534057617 AB 7.8654951813526734 1.094862914998981
61774.0523 lsst_hardware_y 1032.6921864426622 82.83380010766318 30.790000915527344 AB 2.49644182756337 1.1152297643794349
61776.0413 lsst_hardware_z 1431.0729032783129 67.79961147292576 30.969999313354492 AB 10.689897424223037 1.1325643548760105
61776.0632 lsst_hardware_r 2121.425910748631 59.5419220801447 31.59000015258789 AB 10.504493762646588 1.072616789923069
61780.0418 lsst_hardware_y 395.48863249386454 67.63923662475648 30.049999237060547 AB 9.931424727205862 1.098487415905967
61780.0593 lsst_hardware_z 1316.2494708793042 68.26290440983473 30.979999542236328 AB 9.563069790441086 1.0579007106207183
61782.0401 lsst_hardware_y 438.91738102277156 70.09263510071544 30.049999237060547 AB 5.557496879514965 1.0886379783574858
61782.0565 lsst_hardware_i 1604.7680434940985 82.00710020679429 31.329999923706055 AB 4.062654187853999 1.052842031189893
61783.0441 lsst_hardware_y 521.8401815118963 59.07488553320516 30.049999237060547 AB 2.2175698487941484 1.0725851747492858
61783.0631 lsst_hardware_r 1715.5318048630904 79.84128878696198 31.65999984741211 AB 2.305537955037371 1.0372457339050012
61786.0419 lsst_hardware_y 354.3308298886872 59.4399677917007 30.049999237060547 AB 3.5877849846966554 1.059906937871981
61786.0594 lsst_hardware_g 185.25892372047431 19.17907630874466 31.389999389648438 AB 3.4884977821529928 1.0308799592650688
61788.0415 lsst_hardware_z 927.80694020198 59.31217767090831 30.969999313354492 AB 7.834959163313977 1.050321286485686
61788.0592 lsst_hardware_i 1232.9082397745651 45.889675501489485 31.25 AB 3.9948879702730267 1.0243302487879555
62011.3249 lsst_hardware_r 17.346887174154638 24.059999465942383 31.399999618530273 AB 10.95957301683435 1.5682109655272551
62011.3419 lsst_hardware_i -20.807662385667804 33.040000915527344 31.200000762939453 AB 9.935877737163288 1.417386267783636
62016.3147 lsst_hardware_r 18.54105267531491 79.63999938964844 31.520000457763672 AB 2.443009993472128 1.5340722094013512
62016.3323 lsst_hardware_z -58.56861527652887 59.43000030517578 30.93000030517578 AB 2.132791309244376 1.3871813393456554
62020.3079 lsst_hardware_z 66.10824153477041 60.5099983215332 30.93000030517578 AB 2.7650061062820783 1.495810714786085
62020.3265 lsst_hardware_i 32.25830487540444 59.900001525878906 31.270000457763672 AB 2.501578789463151 1.3516567820954484
62026.2434 lsst_hardware_r 32.3100543534799 25.0 31.239999771118164 AB 5.216026255630046 2.1845705384462013
62026.267 lsst_hardware_i -31.131026847063627 38.849998474121094 31.139999389648438 AB 6.166211688153925 1.7693577297428766
62030.3182 lsst_hardware_i -22.310204540171522 31.860000610351562 31.219999313354492 AB 1.3830820139831055 1.2419174025589093
62030.3351 lsst_hardware_z -4.649215875547704 42.79999923706055 30.93000030517578 AB 1.3874237279829675 1.1678650908947539
62031.3 lsst_hardware_z -29.66883690615968 44.93000030517578 30.920000076293945 AB 2.6575264781110812 1.3287632390555406
62031.3166 lsst_hardware_i 24.718373641238223 31.81999969482422 31.229999542236328 AB 2.432300737383502 1.23634398714877
62033.3055 lsst_hardware_u -1.5490449373410378 2.5299999713897705 28.25 AB 8.386857857219502 1.2651451198824604
62033.3206 lsst_hardware_g 21.52784407230577 13.359999656677246 31.350000381469727 AB 7.703649000789916 1.1932849878595455
62035.3255 lsst_hardware_i 21.697727927625166 31.040000915527344 31.229999542236328 AB 2.366450980731674 1.1528198663902127
62035.3427 lsst_hardware_r 2.461645314613879 22.270000457763672 31.479999542236328 AB 1.6765220597163386 1.098818325227815
62041.2703 lsst_hardware_z -86.14615729291381 47.38999938964844 30.93000030517578 AB 4.67966413662838 1.3441838724547135
62041.2882 lsst_hardware_r -16.52379028253845 22.59000015258789 31.450000762939453 AB 4.213720818335812 1.2417644847750624
62048.271 lsst_hardware_i 48.994182607565165 67.73999786376953 31.290000915527344 AB 8.162198163388208 1.2324019573287346
62048.2899 lsst_hardware_z 59.53146106782177 60.79999923706055 30.969999313354492 AB 7.635995076788814 1.1532122746792743
62050.2727 lsst_hardware_r 1.722714206877003 76.1500015258789 31.610000610351562 AB 5.27847269841954 1.1996528860044409
62050.2922 lsst_hardware_z -30.896637167451946 57.65999984741211 30.969999313354492 AB 5.377622620175536 1.1269116974384892
62054.2496 lsst_hardware_i -10.041210793166648 42.75 31.260000228881836 AB 4.527346371812515 1.2575962143923651
62054.2683 lsst_hardware_z -51.70706889878078 48.189998626708984 30.950000762939453 AB 4.831506449616372 1.1728143500637958
62055.26 lsst_hardware_u -0.9769614206171356 4.050000190734863 28.690000534057617 AB 6.458467182288873 1.1955696375951264
62055.2794 lsst_hardware_g 23.612792757024774 27.389999389648438 31.6200008392334 AB 6.087674558022136 1.1242242951103387
62059.2679 lsst_hardware_z -5.21829346647828 41.77000045776367 30.940000534057617 AB 8.201218972001403 1.126051255909955
62059.2864 lsst_hardware_u 1.0397740929694308 2.5899999141693115 28.389999389648438 AB 7.823529992339437 1.075744338482842
62064.2674 lsst_hardware_g 6.698959226057309 13.100000381469727 31.3799991607666 AB 2.166351342463446 1.0886643540165566
62064.2865 lsst_hardware_r -10.595473109988632 21.799999237060547 31.489999771118164 AB 2.0775943901626004 1.0480109580878223
62065.1978 lsst_hardware_u -3.0842373608193303 2.5 28.200000762939453 AB 3.81323234804333 1.3924529297221817
62065.2155 lsst_hardware_r 10.743317185701342 22.75 31.450000762939453 AB 3.1096846313055946 1.279486218949398
62067.1824 lsst_hardware_g -27.697061104376914 13.279999732971191 31.280000686645508 AB 3.465867265944939 1.4711332174795027
62067.2002 lsst_hardware_i -22.486153427041465 32.16999816894531 31.209999084472656 AB 3.202555328967557 1.3384412617153307
62070.1827 lsst_hardware_z -28.53399916591458 48.63999938964844 30.920000076293945 AB 3.452358430194187 1.40316007323756
62070.2011 lsst_hardware_r -1.7414521914271492 35.20000076293945 31.530000686645508 AB 3.195797559138217 1.2836676388170243
62077.1607 lsst_hardware_z 22.882047111363576 70.69999694824219 30.940000534057617 AB 5.578442206697557 1.4252535019666728
62077.1786 lsst_hardware_r -84.43012203497325 96.83999633789062 31.600000381469727 AB 4.702576889254001 1.3031943714158238
62081.169 lsst_hardware_r 108.63178102216813 63.869998931884766 31.59000015258789 AB 6.923917048350089 1.2954613496141238
62081.1865 lsst_hardware_z 15.56462846162484 55.84000015258789 30.959999084472656 AB 6.44485394534872 1.206506097318055
62083.19 lsst_hardware_i 29.728599171058054 38.779998779296875 31.260000228881836 AB 7.012980224399883 1.1694147447724272
62083.2081 lsst_hardware_z -53.3885584320318 46.689998626708984 30.950000762939453 AB 6.571282928840692 1.1087498087215915
