data/validation/pwv_sim_epoch_fit_epoch/23316175.ecsv
# %ECSV 0.9
# ---
# datatype:
# - {name: time, datatype: float64}
# - {name: band, datatype: string}
# - {name: flux, datatype: float64}
# - {name: fluxerr, datatype: float64}
# - {name: zp, datatype: float64}
# - {name: zpsys, datatype: string}
# - {name: pwv, datatype: float64}
# - {name: airmass, datatype: float64}
# meta: {SNID: '23316175', alt: 1024.0, c: 0.10049178451299667, dec: -30.0, lat: -30.244573, lon: -70.7499537, ra: 352.792969, t0: 60913.03125,
#   x0: 3.499161929352133e-06, x1: 0.9970157742500305, z: 0.709975004196167}
# schema: astropy-2.0
time band flux fluxerr zp zpsys pwv airmass
60824.3525 lsst_hardware_g 5.40690915919156 14.789999961853027 31.34000015258789 AB 11.585093486856264 1.3627918464717403
60824.3737 lsst_hardware_r -37.87511105546002 24.389999389648438 31.469999313354492 AB 10.572789938354477 1.24107131303498
60830.373 lsst_hardware_r -9.338061569946632 33.81999969482422 32.22999954223633 AB 14.149936671599281 1.1727600738966182
60830.3958 lsst_hardware_i 33.638657764955774 44.459999084472656 31.989999771118164 AB 12.758533176918533 1.0984767796912145
60844.3823 lsst_hardware_r -28.020076961502227 46.38999938964844 31.6200008392334 AB 4.891272505754386 1.0443998232927978
60844.3976 lsst_hardware_z 90.82208014699637 47.849998474121094 30.969999313354492 AB 4.779112302530073 1.0223429055611513
60847.3714 lsst_hardware_r 66.98223322633966 33.880001068115234 32.2599983215332 AB 3.4790327131315135 1.0491654744064163
60847.3806 lsst_hardware_u 0.5083835376280795 4.230000019073486 29.280000686645508 AB 3.1505998734314664 1.034057176335509
60860.2794 lsst_hardware_z -27.865570871640895 43.93000030517578 30.93000030517578 AB 8.451447161068796 1.222190478824121
60860.3142 lsst_hardware_r -23.027987998753773 23.020000457763672 31.489999771118164 AB 7.656031872185662 1.0976652066504249
60870.257 lsst_hardware_i 96.3100039475355 80.51000213623047 31.299999237060547 AB 7.523092016108322 1.2004295541899348
60870.2764 lsst_hardware_z 53.10801585603032 70.47000122070312 30.979999542236328 AB 7.086640504213266 1.128445940161348
60873.2708 lsst_hardware_g 13.875613454562577 55.790000915527344 32.41999816894531 AB 2.1176729388590787 1.1203630749629196
60873.3016 lsst_hardware_r 92.1315207961068 59.779998779296875 32.36000061035156 AB 1.8546827602591909 1.0470546256638262
60875.2611 lsst_hardware_u -0.5492708337936925 2.6600000858306885 28.3799991607666 AB 2.59207686634539 1.1337679021740361
60875.2818 lsst_hardware_g -21.505321172497528 15.930000305175781 31.469999313354492 AB 2.390667147856758 1.076271085135288
60877.2642 lsst_hardware_r -17.964709366769707 22.969999313354492 31.489999771118164 AB 5.317971930916623 1.107603151398908
60877.2841 lsst_hardware_i -33.146585853110714 30.600000381469727 31.25 AB 4.931491805210391 1.0594726020933238
60881.2671 lsst_hardware_u -0.2356018534404967 2.6768568693043293 28.399999618530273 AB 6.377732330844272 1.0724285069521224
60881.2861 lsst_hardware_g 4.990881655664462 13.914156996465419 31.43000030517578 AB 6.208127757591941 1.0365883716132813
60886.2699 lsst_hardware_g 15.619980755826388 14.22900009632395 31.43000030517578 AB 4.590278624148086 1.0406238733828996
60886.2905 lsst_hardware_r 13.10405349345622 23.61453709832472 31.5 AB 4.469224630746629 1.0143304818898027
60888.2459 lsst_hardware_r 118.78083697645724 25.164315327948835 31.489999771118164 AB 4.8017209856800385 1.077222879569324
60888.2654 lsst_hardware_i 226.93854759737027 33.13324287497386 31.260000228881836 AB 4.588390225388574 1.0390768579857121
60890.267 lsst_hardware_r 217.98041869797416 33.2191704359047 31.56999969482422 AB 2.3896508724335703 1.0286917229589196
60890.2867 lsst_hardware_z 224.76881749758783 42.95662559987876 30.950000762939453 AB 2.345484800093722 1.0084492153753015
60894.1477 lsst_hardware_r 451.05902752812403 86.46582676881414 31.549999237060547 AB 3.861045105457967 1.464921628477792
60894.1654 lsst_hardware_z 358.4499293700653 67.613595190534 30.950000762939453 AB 3.560224906002295 1.33675528385568
60896.1577 lsst_hardware_y 194.2715878850541 68.47799021584873 29.969999313354492 AB 5.841930799937053 1.351125943899868
60896.1768 lsst_hardware_r 606.8967413150466 135.12260648238495 31.6200008392334 AB 4.7031562482586144 1.242714411077912
60897.1645 lsst_hardware_i 634.3327463830964 115.4091361498121 31.299999237060547 AB 5.567586974254246 1.2931837196316767
60897.1823 lsst_hardware_z 427.48019552962285 94.69163141221982 30.979999542236328 AB 5.03959976797246 1.2046852034995121
60899.1437 lsst_hardware_r 919.295340769237 103.60567577548763 31.559999465942383 AB 4.336831217050022 1.3907529290379546
60899.1613 lsst_hardware_z 594.7084067447914 77.18058015155071 30.959999084472656 AB 4.050138765646865 1.280608800267769
60902.1894 lsst_hardware_i 2046.2664441990955 67.48566831099191 32.02000045776367 AB 3.977453884675389 1.1272897169604315
60902.2136 lsst_hardware_z 1384.5624679584628 72.7504136505715 31.709999084472656 AB 4.58002191417082 1.0640902801558538
60904.1489 lsst_hardware_u -3.49424612572571 2.842571959907561 28.31999969482422 AB 5.33818978878403 1.2738282983099023
60904.1671 lsst_hardware_g 169.5491705556577 18.845193490413024 31.399999618530273 AB 5.243738179503745 1.1881806332076688
60906.1577 lsst_hardware_r 926.8275641058086 38.394987412769765 31.479999542236328 AB 2.197268321221685 1.204807852623268
60906.1752 lsst_hardware_i 1125.6609833543898 46.29294592331125 31.25 AB 2.7404561144996853 1.1379450283399504
60908.1652 lsst_hardware_z 796.9181552275672 51.05279315958204 30.940000534057617 AB 2.0551746133507502 1.1536203274492003
60908.1835 lsst_hardware_u -2.6715958707470255 2.788315081301572 28.40999984741211 AB 1.8896797051950647 1.096738076143524
60910.1564 lsst_hardware_g 156.44864864346818 18.554402811829437 31.389999389648438 AB 2.5334320292767063 1.1658683981945266
60910.1741 lsst_hardware_r 893.8019527752501 38.01182171682124 31.479999542236328 AB 2.095796591870769 1.1076173303289538
60912.1539 lsst_hardware_i 1290.2009251370384 46.78080171502008 31.229999542236328 AB 4.170246538672441 1.1549796543590587
60912.1714 lsst_hardware_z 963.0211292370965 50.83658341498338 30.940000534057617 AB 4.166498677395474 1.099920453377897
60934.0765 lsst_hardware_r 399.55040039018104 30.577444430798888 31.469999313354492 AB 3.229623822711512 1.2262066023076346
60934.0937 lsst_hardware_i 634.8782723356384 40.75727303778592 31.239999771118164 AB 4.15965515568222 1.1554597654672834
60936.074 lsst_hardware_i 602.6322557508546 40.24918339486456 31.229999542236328 AB 1.3766140507804676 1.2126977396392316
60936.0914 lsst_hardware_z 489.1214872607739 48.78770845079664 30.940000534057617 AB 1.716514837855916 1.1443432252372774
60938.0719 lsst_hardware_r 286.37335049917436 28.862515358260477 31.469999313354492 AB 6.6963973467528355 1.1980672733932793
60938.0881 lsst_hardware_u -3.1399465893821943 2.6776600144101255 28.34000015258789 AB 4.572929015020512 1.137049546844163
60940.0743 lsst_hardware_g 35.319072114035045 15.09654324227048 31.389999389648438 AB 2.972755307855679 1.1665869941549365
60940.091 lsst_hardware_i 439.3401240549272 37.856760836721406 31.239999771118164 AB 3.6416395806716486 1.1110463482167137
60941.0707 lsst_hardware_z 442.57405110617503 48.05765076998358 30.940000534057617 AB 1.6035279263761946 1.1698890513443232
60941.0873 lsst_hardware_r 273.1229739897938 27.837193251636613 31.5 AB 1.448053785868217 1.1138875275909361
60943.0673 lsst_hardware_u 0.9253772641656646 2.6550978822554674 28.329999923706055 AB 5.213331268573318 1.1621335863960849
60943.0838 lsst_hardware_g 11.470525585136363 14.889958493148987 31.40999984741211 AB 5.563100998549226 1.1081874499102502
60947.0934 lsst_hardware_r 165.7220136185288 30.914037042677663 31.549999237060547 AB 3.940158250747964 1.0586368808404174
60947.1122 lsst_hardware_g -32.54248460002941 22.762008771378074 31.600000381469727 AB 3.805333595786556 1.0275890712777054
60950.1049 lsst_hardware_r -1.2157274597071828 57.224685438344835 31.639999389648438 AB 4.639609182157409 1.0264243609360175
60950.125 lsst_hardware_i 265.2546699132052 51.89928316675537 31.31999969482422 AB 4.430822107947998 1.007005024533636
60951.9862 lsst_hardware_y 222.1300209981229 92.21424486258105 29.93000030517578 AB 3.2530326144849244 1.4915895981742804
60952.0061 lsst_hardware_z 125.13477149867073 76.95773663414032 30.959999084472656 AB 3.229074227428472 1.3427434586299003
60954.9886 lsst_hardware_y 29.02204150286375 80.63619899677141 29.940000534057617 AB 8.689381841418976 1.4067127432985969
60955.0078 lsst_hardware_r 306.58881963857414 113.1497609373252 31.600000381469727 AB 4.940723516749512 1.2839161982111427
60956.99 lsst_hardware_y 80.1313014908953 75.0477493026411 29.950000762939453 AB 6.24729080624896 1.358697435025872
60957.0094 lsst_hardware_r 95.5605086782226 25.422275429565186 31.459999084472656 AB 4.947760131915798 1.246915355825554
60958.9915 lsst_hardware_z 240.2550027725854 66.51962193617344 30.950000762939453 AB 3.020251546991455 1.3148201909630857
60959.01 lsst_hardware_g 2.3964433444770648 14.739056295863714 31.399999618530273 AB 4.260107495436714 1.2181016475705437
60962.9945 lsst_hardware_y 45.485519294592414 67.03038735437293 30.0 AB 8.346392396513625 1.23962459475919
60963.0138 lsst_hardware_r 66.14017166423105 24.742968933906003 31.479999542236328 AB 7.814969333056864 1.1580591750639957
60964.9956 lsst_hardware_y 283.8623852612008 66.41307316854355 30.010000228881836 AB 7.978056097679608 1.2092238818289458
60965.0146 lsst_hardware_g -3.0255330787847643 14.489036135525344 31.399999618530273 AB 8.039987738948897 1.1363137218498567
60967.9987 lsst_hardware_y 267.32948659200395 61.50667393353161 30.020000457763672 AB 2.670465441200208 1.163390281154565
60968.0177 lsst_hardware_z 89.5577988796652 44.1580080350756 30.940000534057617 AB 3.296873456643382 1.1021110811410968
60972.0155 lsst_hardware_z 321.4748711623357 61.99653088663681 31.700000762939453 AB 3.0428795815038474 1.0797053425010246
60972.0458 lsst_hardware_r 65.38626589635524 33.245238906099736 32.25 AB 3.7730265267494882 1.0251860864277207
60974.0042 lsst_hardware_y 55.81780703151032 56.009684598228354 30.040000915527344 AB 4.028797804890383 1.0943359513491389
60974.0231 lsst_hardware_z 100.84207158455203 42.93856350461236 30.950000762939453 AB 3.883297567648776 1.052027786697558
60976.008 lsst_hardware_y 98.34318885785689 53.263357056161944 30.040000915527344 AB 3.844715655374001 1.0717973299374626
60976.026 lsst_hardware_z 125.68576638786708 43.19406175608031 30.950000762939453 AB 3.711173865563943 1.0377035694557912
60978.0072 lsst_hardware_y 148.47165001280524 59.33667228548803 30.049999237060547 AB 4.787064430422512 1.0617864989292474
60978.0248 lsst_hardware_i 45.14301974382729 42.88821429798976 31.299999237060547 AB 4.706606686459911 1.0313589758869093
61187.3596 lsst_hardware_r -1.4842043391116353 24.610000610351562 31.450000762939453 AB 5.03100012794619 1.3565522545244086
61187.38 lsst_hardware_u -2.262414833604378 2.619999885559082 28.290000915527344 AB 6.200739876583821 1.2403960545276698
61189.3474 lsst_hardware_z 72.4876898204131 58.86000061035156 30.940000534057617 AB 11.943901588366934 1.403444984679591
61189.3665 lsst_hardware_r 23.1703669318954 66.33000183105469 31.59000015258789 AB 10.920096571084402 1.2820149572275306
61198.348 lsst_hardware_z 31.601103026114895 55.84000015258789 30.940000534057617 AB 3.075028055093478 1.2501384511002869
61198.3663 lsst_hardware_i 73.92318752667084 52.13999938964844 31.280000686645508 AB 2.8451672530326464 1.1697275262572577
61220.3724 lsst_hardware_z -68.41557170410412 59.099998474121094 30.979999542236328 AB 2.1754132741466803 1.0177372042791486
61222.2659 lsst_hardware_r 59.12728174851229 100.91000366210938 31.59000015258789 AB 10.903388648381503 1.3444928252351245
61222.2866 lsst_hardware_i -23.79856015296091 80.44999694824219 31.299999237060547 AB 10.048087593904448 1.2300768294178301
61225.2538 lsst_hardware_z -2.1226563849513007 71.18000030517578 30.940000534057617 AB 9.495308201053199 1.3703720884764015
61225.273 lsst_hardware_r -0.18176053965243977 88.22000122070312 31.600000381469727 AB 8.692705787261625 1.2566707560463515
61231.2578 lsst_hardware_i -13.847613858884921 32.0 31.219999313354492 AB 11.775095177232577 1.250685013381092
61231.277 lsst_hardware_z 50.91052761445295 42.58000183105469 30.940000534057617 AB 11.013473426576136 1.1667227048881814
61233.2736 lsst_hardware_i 4.863834662097617 31.280000686645508 31.229999542236328 AB 8.80253460176965 1.1590670355875503
61233.293 lsst_hardware_u -4.227938366609383 2.640000104904175 28.3799991607666 AB 8.382356324725874 1.09782565780861
61235.2449 lsst_hardware_u 1.1723021580823993 2.549999952316284 28.25 AB 8.25130797613831 1.2607843090807886
61235.2639 lsst_hardware_g 23.864684814476185 13.979999542236328 31.389999389648438 AB 7.379548327039312 1.1750873132228203
61238.2665 lsst_hardware_u 3.4638639167233385 2.549999952316284 28.290000915527344 AB 2.118195427567809 1.1362693397770993
61238.2855 lsst_hardware_g -8.452245546316874 13.880000114440918 31.389999389648438 AB 2.0435589972678265 1.082106961751563
61242.2684 lsst_hardware_r 13.04453335987078 22.81999969482422 31.479999542236328 AB 5.242860637444185 1.0979046427706656
61242.2858 lsst_hardware_i 30.778787482685452 30.479999542236328 31.25 AB 4.900360286246795 1.0574795611236072
61244.2612 lsst_hardware_z 52.94754450708835 44.34000015258789 30.950000762939453 AB 5.665631687433249 1.1026562692464723
61244.2799 lsst_hardware_r -22.63136943471518 25.1299991607666 31.510000228881836 AB 5.418934315189547 1.0583511569004032
61246.2726 lsst_hardware_z 13.768522588941918 67.77999877929688 31.709999084472656 AB 6.29316783198847 1.0620782794760018
61248.2588 lsst_hardware_r 79.32584575722757 75.6500015258789 31.639999389648438 AB 2.118089318635579 1.0806578156303976
61248.2784 lsst_hardware_z 51.020242063309325 56.880001068115234 30.969999313354492 AB 2.119487158485724 1.041261193065624
61249.2585 lsst_hardware_r -248.33819812628238 95.62000274658203 31.649999618530273 AB 2.7244673745020425 1.0749526038674462
61249.2765 lsst_hardware_y -19.810521354036354 55.150001525878906 30.049999237060547 AB 2.6525516138941057 1.039910463155584
61251.2569 lsst_hardware_z -114.23627131443557 81.22000122070312 30.989999771118164 AB 4.698494652332984 1.0663855316234643
61251.2757 lsst_hardware_r 167.69177207929306 121.6500015258789 31.65999984741211 AB 4.55799348117093 1.0327779791172802
61256.2625 lsst_hardware_r 57.52553027675832 50.529998779296875 31.6299991607666 AB 0.9289154354576166 1.032128261619574
61256.2804 lsst_hardware_z -123.78989583034644 48.4900016784668 30.959999084472656 AB 0.9787328652770029 1.0117844920161987
61258.1643 lsst_hardware_i -30.495660050255562 32.9900016784668 31.200000762939453 AB 2.848265787348264 1.3663477692656074
61258.1841 lsst_hardware_z 6.289473006331102 43.880001068115234 30.920000076293945 AB 2.0095398000609803 1.2506211804134304
61260.1518 lsst_hardware_r 3.080714576027809 24.309999465942383 31.43000030517578 AB 5.437202002257599 1.4165528447045415
61260.1696 lsst_hardware_u -1.4689014812892955 2.549999952316284 28.219999313354492 AB 4.271142355869109 1.2992397340979316
61263.1494 lsst_hardware_i -12.201781042919544 33.29999923706055 31.209999084472656 AB 11.280332142314725 1.374867816159266
61263.1691 lsst_hardware_z -38.008642690691104 44.15999984741211 30.93000030517578 AB 9.365011123617336 1.257470442915935
61266.1491 lsst_hardware_r 8.140216950268353 24.329999923706055 31.459999084472656 AB 4.030758625033345 1.323657804728809
61266.1679 lsst_hardware_g 9.594379611814487 14.489999771118164 31.399999618530273 AB 2.916842396066793 1.223422186396418
61268.1563 lsst_hardware_r -4.754932061227688 24.110000610351562 31.479999542236328 AB 6.710538756715198 1.2531351553156298
61268.1741 lsst_hardware_i 48.25273984711558 32.0 31.25 AB 5.72473026920713 1.1739424319095928
61271.1502 lsst_hardware_r 21.832615271740774 38.380001068115234 32.25 AB 2.2676390396555135 1.2427121740816622
61271.1699 lsst_hardware_u 0.21238730555159066 3.049999952316284 28.459999084472656 AB 2.7942111216874244 1.158902756722446
61274.183 lsst_hardware_z -83.24405945539664 65.5199966430664 31.709999084472656 AB 2.7247404493781255 1.092700778415851
61276.1535 lsst_hardware_z 1.5530897893240554 54.77000045776367 30.950000762939453 AB 3.1959116297714325 1.1691646715827446
61276.1697 lsst_hardware_r -112.62796210721241 63.31999969482422 31.6200008392334 AB 3.3403653825009165 1.1145077181229772
