data/validation/pwv_sim_epoch_fit_epoch/23326887.ecsv
# %ECSV 0.9
# ---
# datatype:
# - {name: time, datatype: float64}
# - {name: band, datatype: string}
# - {name: flux, datatype: float64}
# - {name: fluxerr, datatype: float64}
# - {name: zp, datatype: float64}
# - {name: zpsys, datatype: string}
# - {name: pwv, datatype: float64}
# - {name: airmass, datatype: float64}
# meta: {SNID: '23326887', alt: 1024.0, c: -0.008997920900583267, dec: -13.094776, lat: -30.244573, lon: -70.7499537, ra: 358.945312,
#   t0: 63204.37890625, x0: 3.283383653389389e-05, x1: 0.19526445865631104, z: 0.2769905924797058}
# schema: astropy-2.0
time band flux fluxerr zp zpsys pwv airmass
63043.4222 lsst_hardware_i -4.4643671366028315 31.969999313354492 31.260000228881836 AB 6.095381000865819 1.0495404352062092
63043.4415 lsst_hardware_y 3.0660374877096404 59.720001220703125 30.059999465942383 AB 6.121712357136031 1.0489868382926226
63045.412 lsst_hardware_i 15.482125248992173 31.860000610351562 31.260000228881836 AB 5.445399460768278 1.0517768724121062
63045.4312 lsst_hardware_y -50.626775880991175 48.970001220703125 30.049999237060547 AB 5.2584143820151334 1.047840793493507
63057.3717 lsst_hardware_z -7.357208725301857 76.47000122070312 31.729999542236328 AB 8.43033495321049 1.0570732005446688
63057.3911 lsst_hardware_r -162.65410579110434 81.97000122070312 32.38999938964844 AB 9.869603505437595 1.0477471475543725
63065.3805 lsst_hardware_g 9.372140320976861 15.25 31.459999084472656 AB 1.909951004127987 1.0487033653413793
63065.4016 lsst_hardware_r 15.047692550980276 24.229999542236328 31.510000228881836 AB 1.9366063404761837 1.0631931597453657
63067.3404 lsst_hardware_i 4.942826595111663 31.549999237060547 31.25 AB 3.0099174813400036 1.0607638700757722
63067.356 lsst_hardware_r 26.788332660127097 24.139999389648438 31.510000228881836 AB 2.921111641479264 1.049815504574758
63069.35 lsst_hardware_z 64.40794954742175 41.65999984741211 30.950000762939453 AB 4.515180529002487 1.0500419834889505
63069.3716 lsst_hardware_u -2.20919235981887 2.7699999809265137 28.459999084472656 AB 4.540967198350426 1.0493684790518625
63077.3968 lsst_hardware_i 12.771345479883653 31.709999084472656 31.25 AB 5.244277677892275 1.1099979210637145
63077.4223 lsst_hardware_z 91.69252669204761 44.060001373291016 30.940000534057617 AB 4.45767094613778 1.185655894885481
63079.1601 lsst_hardware_z 95.30483236461454 67.80999755859375 30.860000610351562 AB 8.325325996492268 2.0154920908228537
63079.1963 lsst_hardware_r -62.58539039379499 78.23999786376953 31.540000915527344 AB 7.076338130330951 1.5250728729161531
63083.2664 lsst_hardware_z 56.29009956631493 117.43000030517578 31.739999771118164 AB 0.5598461896921229 1.1100717574860333
63085.3073 lsst_hardware_z 30.708126546671075 59.90999984741211 30.979999542236328 AB 4.390999998098255 1.0496414338084517
63085.3308 lsst_hardware_r -77.72552361471801 74.4000015258789 31.649999618530273 AB 4.3238384262890195 1.050580325493404
63088.2518 lsst_hardware_i 1.9897362098853466 34.5 31.270000457763672 AB 4.714659047768511 1.1122758001223265
63088.2715 lsst_hardware_z -31.420584584795694 43.630001068115234 30.959999084472656 AB 4.584020903973654 1.0749887797323454
63091.3018 lsst_hardware_i -13.215957535493589 31.399999618530273 31.260000228881836 AB 3.8357927529352405 1.0475537786805391
63091.3197 lsst_hardware_u -2.47297031417308 2.859999895095825 28.530000686645508 AB 3.804900402622483 1.0535998899637666
63094.2985 lsst_hardware_i 31.928193584324053 31.239999771118164 31.260000228881836 AB 5.043652757284822 1.0480317417734921
63094.3164 lsst_hardware_r -14.77254010112109 23.889999389648438 31.520000457763672 AB 5.10445552231422 1.057333878819489
63099.2872 lsst_hardware_u -0.6855858595273391 2.7100000381469727 28.420000076293945 AB 1.05853577508921 1.0485743190584798
63100.2105 lsst_hardware_g 13.065046324580237 15.180000305175781 31.459999084472656 AB 2.2617005545722164 1.134110845968267
63100.2219 lsst_hardware_r 12.416878659625223 24.239999771118164 31.510000228881836 AB 2.2056305217711962 1.1057639647917095
63100.2362 lsst_hardware_i 18.8168854779661 31.6200008392334 31.25 AB 2.1370918546918976 1.0788398576544012
63102.2233 lsst_hardware_i -37.24418906502878 31.459999084472656 31.239999771118164 AB 2.8291675524303415 1.0917104196143421
63102.2403 lsst_hardware_z 66.3996664213521 41.70000076293945 30.950000762939453 AB 2.71633540086117 1.0657171519758726
63110.2087 lsst_hardware_z -102.75586557308846 92.06999969482422 31.0 AB 1.727991962049849 1.0791518888679776
63110.2255 lsst_hardware_r 129.59710633972674 138.6999969482422 31.65999984741211 AB 1.7635484370269436 1.058393660631324
63113.2061 lsst_hardware_r -10.397649464966287 89.20999908447266 31.649999618530273 AB 1.606467618792332 1.0709784125282213
63113.2247 lsst_hardware_i 67.68207930605806 74.18000030517578 31.329999923706055 AB 1.697755919046618 1.052763075059912
63115.2144 lsst_hardware_z -94.94762290138196 69.5199966430664 31.719999313354492 AB 0.42847115306338573 1.056214839104484
63118.1893 lsst_hardware_g -13.471045544807984 15.449999809265137 31.450000762939453 AB 3.499154211942894 1.075421962948258
63118.2065 lsst_hardware_r 18.155625973887553 24.420000076293945 31.510000228881836 AB 3.4300947867918565 1.0559823864517377
63121.1897 lsst_hardware_i -5.26493502492243 31.540000915527344 31.25 AB 2.8708073650956507 1.0642474013329157
63121.2079 lsst_hardware_z 43.02056188527632 41.7400016784668 30.950000762939453 AB 2.8183012750501626 1.0501029404645703
63123.1657 lsst_hardware_z 12.754839971643829 42.31999969482422 30.940000534057617 AB 1.8411076575938166 1.0922133622269032
63123.1834 lsst_hardware_i -32.879563825806784 31.81999969482422 31.260000228881836 AB 0.9360517442078092 1.065208243764221
63125.17 lsst_hardware_u 3.2061044831268832 2.799999952316284 28.440000534057617 AB 3.2256656730543827 1.0756999798980822
63125.1898 lsst_hardware_g 27.298895096821887 15.539999961853027 31.469999313354492 AB 3.1409221918608794 1.054177610961866
63132.1513 lsst_hardware_r -11.385286064432414 27.309999465942383 31.540000915527344 AB 1.4420555203738672 1.075091093718092
63132.1625 lsst_hardware_g -15.998208967412772 18.700000762939453 31.530000686645508 AB 1.3795707787871703 1.0612082913747463
63135.1455 lsst_hardware_r -40.80979402204262 52.279998779296875 31.6299991607666 AB 3.0282715000562908 1.0717016043610799
63135.1646 lsst_hardware_i -25.162283108097302 47.040000915527344 31.309999465942383 AB 2.9993790270578713 1.0527830912805571
63136.1464 lsst_hardware_z -3.8220022093380357 57.380001068115234 30.979999542236328 AB 4.13142914422153 1.06700132856961
63136.1661 lsst_hardware_i 83.21490892892533 59.400001525878906 31.31999969482422 AB 4.095391045103511 1.0504818532638103
63144.1055 lsst_hardware_g -6.7076408131842316 15.279999732971191 31.440000534057617 AB 3.928922856945003 1.097847811930144
63144.1324 lsst_hardware_r -39.224574133485625 37.029998779296875 31.59000015258789 AB 4.41054292696936 1.0586361660892554
63146.1403 lsst_hardware_i 15.949417224647066 31.510000228881836 31.260000228881836 AB 4.099210246237207 1.0498233514351734
63146.1595 lsst_hardware_z -97.14814802126143 41.900001525878906 30.950000762939453 AB 4.076146438304911 1.0487512276944544
63148.109 lsst_hardware_z 13.271374472445705 42.13999938964844 30.950000762939453 AB 6.007728839385338 1.073096157789647
63148.1293 lsst_hardware_i -32.35911406776863 31.540000915527344 31.260000228881836 AB 3.699840024519386 1.052660935918454
63150.1096 lsst_hardware_u 1.7746703817895033 2.799999952316284 28.469999313354492 AB 4.47425654823037 1.065299178150088
63150.1277 lsst_hardware_g -33.55928948132667 15.069999694824219 31.450000762939453 AB 4.688658472680952 1.0505620597537424
63152.1124 lsst_hardware_r -18.967938541514517 23.700000762939453 31.5 AB 5.520624401338429 1.05701714931329
63152.1299 lsst_hardware_i 8.524795979304292 31.100000381469727 31.25 AB 6.131444227798876 1.0480354780084966
63156.1001 lsst_hardware_g 5.999554680274153 14.960000038146973 31.459999084472656 AB 7.282628432618144 1.0582139541729199
63156.1183 lsst_hardware_r 1.966183622927074 23.809999465942383 31.520000457763672 AB 7.228274947000361 1.0481710555992136
63158.0952 lsst_hardware_i -9.58771566134012 31.170000076293945 31.25 AB 4.450787116637757 1.0577175046965657
63158.1127 lsst_hardware_z -7.935975200084451 41.43000030517578 30.950000762939453 AB 4.4110912157418545 1.0482008473217737
63160.0757 lsst_hardware_z 72.22008431391534 42.16999816894531 30.950000762939453 AB 3.200084906791001 1.07385399556745
63160.093 lsst_hardware_i -74.7162636926333 31.739999771118164 31.260000228881836 AB 2.780552638772212 1.0550713570044756
63162.0783 lsst_hardware_z 0.874767277689049 43.90999984741211 30.950000762939453 AB 4.5882489191321145 1.0636334787904063
63162.0965 lsst_hardware_g -4.1338257645341745 28.18000030517578 31.639999389648438 AB 5.602619196693482 1.0498677404091599
63164.0729 lsst_hardware_r -4.235202117018284 59.779998779296875 31.639999389648438 AB 4.0598079949861905 1.0635658197579856
63164.0891 lsst_hardware_i -26.348334534742598 52.630001068115234 31.31999969482422 AB 4.743385627848465 1.0507388971088676
63169.0684 lsst_hardware_z 25.03108215474014 72.76000213623047 30.989999771118164 AB 5.473450639488452 1.0550891163955565
63169.086 lsst_hardware_r -188.58359711595676 107.08000183105469 31.65999984741211 AB 6.286047776321316 1.047674629386886
63171.05 lsst_hardware_r -92.13549082288063 55.650001525878906 31.6299991607666 AB 4.272119848969979 1.0680299622424947
63171.0692 lsst_hardware_i -31.38960076481654 56.63999938964844 31.31999969482422 AB 4.4725621697136635 1.0511309447033081
63182.0455 lsst_hardware_u -2.992603021772071 2.8683415216699424 28.399999618530273 AB 4.789976226998788 1.0486128746508339
63182.0647 lsst_hardware_g 22.168274251696953 15.366900175288196 31.450000762939453 AB 4.8169217034897365 1.050010180597218
63188.0385 lsst_hardware_z 2354.6501540167083 75.86697225082496 31.690000534057617 AB 7.9493857288382195 1.0476029425866737
63192.0194 lsst_hardware_y 799.5424152498474 72.33343767034506 30.059999465942383 AB 4.859922069297603 1.04830070519793
63192.0405 lsst_hardware_i 3464.31159619219 74.71148366914849 31.299999237060547 AB 4.875335382023434 1.051511998710834
