data/validation/pwv_sim_epoch_fit_epoch/2334612.ecsv
# %ECSV 0.9
# ---
# datatype:
# - {name: time, datatype: float64}
# - {name: band, datatype: string}
# - {name: flux, datatype: float64}
# - {name: fluxerr, datatype: float64}
# - {name: zp, datatype: float64}
# - {name: zpsys, datatype: string}
# - {name: pwv, datatype: float64}
# - {name: airmass, datatype: float64}
# meta: {SNID: '2334612', alt: 1024.0, c: -0.10110895335674286, dec: -32.442867, lat: -30.244573, lon: -70.7499537, ra: 76.464844, t0: 62493.93359375,
#   x0: 2.5395023583685515e-06, x1: 0.575806736946106, z: 0.8080077171325684}
# schema: astropy-2.0
time band flux fluxerr zp zpsys pwv airmass
62380.343 lsst_hardware_y -7.045578739818298 49.84000015258789 29.969999313354492 AB 1.0071758443278571 1.2479205092343093
62380.3614 lsst_hardware_g 30.10027400131306 28.0 31.579999923706055 AB 0.9670155892344733 1.168834314143199
62382.3343 lsst_hardware_g -8.329688488319075 15.329999923706055 31.3799991607666 AB 1.2832506363507388 1.264182549561519
62382.3514 lsst_hardware_r -7.019556741591534 24.540000915527344 31.479999542236328 AB 1.2180467260946997 1.1864091487935386
62385.336 lsst_hardware_i -21.657175573924413 31.549999237060547 31.219999313354492 AB 1.0799554810218002 1.2168512462217465
62385.3544 lsst_hardware_z -21.899690094193737 42.459999084472656 30.940000534057617 AB 1.0249063857243876 1.1451467996920532
62387.3338 lsst_hardware_r -6.491434162820048 22.559999465942383 31.450000762939453 AB 3.559954606840353 1.202687367175795
62387.3516 lsst_hardware_u 0.4116946685417313 2.559999942779541 28.329999923706055 AB 3.3763832151365216 1.1363192332745753
62389.3313 lsst_hardware_g 19.580043329813215 13.1899995803833 31.350000381469727 AB 3.331929769519517 1.1904000605643148
62389.349 lsst_hardware_i -6.469680311515446 30.6200008392334 31.239999771118164 AB 4.085238428661828 1.1272214565177268
62393.3264 lsst_hardware_u -2.9807239603065843 2.5799999237060547 28.329999923706055 AB 1.9294489315557426 1.1670054021505047
62393.3431 lsst_hardware_g -17.078456513211464 13.069999694824219 31.3700008392334 AB 1.6162126208724228 1.1122004501930445
62395.3304 lsst_hardware_r 17.69746553349064 22.15999984741211 31.479999542236328 AB 3.0254154508848936 1.1342472322734145
62395.3477 lsst_hardware_i 5.361987348415431 30.190000534057617 31.25 AB 4.479645875000042 1.0855142363845744
62399.3112 lsst_hardware_r -51.54369909355767 63.810001373291016 31.610000610351562 AB 7.567941287765256 1.1626590123312959
62399.3276 lsst_hardware_z 140.12205678529776 51.720001220703125 30.959999084472656 AB 7.224063388981342 1.1096871565257282
62404.2591 lsst_hardware_r 14.865437362688574 106.05000305175781 32.33000183105469 AB 7.929619010451364 1.3512557245869976
62404.2826 lsst_hardware_i 128.46523831225426 84.01000213623047 32.040000915527344 AB 7.3342307460915945 1.223731492673581
62409.2218 lsst_hardware_r -14.705630149195905 42.619998931884766 32.189998626708984 AB 5.772869425001748 1.5336041508937364
62409.247 lsst_hardware_i -6.98253274737945 53.75 31.979999542236328 AB 4.949850725404296 1.341422960813834
62411.2784 lsst_hardware_u 2.6637079249085636 2.7100000381469727 28.3700008392334 AB 4.223589660402926 1.162802577025966
62411.2992 lsst_hardware_g 9.119602248262497 15.510000228881836 31.450000762939453 AB 3.4844388093153214 1.0977491654446105
62413.2515 lsst_hardware_r -48.90580895408229 22.649999618530273 31.450000762939453 AB 3.4519038434256193 1.2548955170136253
62413.2702 lsst_hardware_z 79.6399682534888 42.79999923706055 30.940000534057617 AB 3.1950041372038753 1.1730166634984396
62414.2745 lsst_hardware_r -8.660729969667106 21.959999084472656 31.469999313354492 AB 7.626368646603128 1.1476277056485802
62414.2937 lsst_hardware_u -4.600645565075747 2.5999999046325684 28.399999618530273 AB 7.54877785617055 1.090798172967025
62416.2705 lsst_hardware_g -0.17691688405363462 12.960000038146973 31.3700008392334 AB 5.027806823229338 1.1426833689157585
62416.2904 lsst_hardware_r -23.559821829870195 21.639999389648438 31.469999313354492 AB 4.775929638072086 1.0854385541072922
62418.2992 lsst_hardware_z -39.76927839039116 40.7599983215332 30.940000534057617 AB 2.8750301797770628 1.0547343979615849
62418.3207 lsst_hardware_r 12.491484524037164 21.350000381469727 31.479999542236328 AB 2.7753288510596823 1.0223460895357765
62420.2502 lsst_hardware_z -16.151587418270147 43.02000045776367 30.940000534057617 AB 4.871861305511288 1.1764228929698253
62420.2696 lsst_hardware_r 5.238154357216492 21.969999313354492 31.469999313354492 AB 4.6274696288982575 1.1115931447660092
62422.2226 lsst_hardware_g -18.475710628193628 13.010000228881836 31.31999969482422 AB 7.4319104099287 1.2772531639428335
62422.2391 lsst_hardware_i 0.4924325842501766 31.010000228881836 31.219999313354492 AB 6.963344384384998 1.1990949776514648
62427.2195 lsst_hardware_z -84.92391821995128 71.18000030517578 31.700000762939453 AB 6.111384997308666 1.2251356493101235
62429.2115 lsst_hardware_r 6.000675077947346 71.97000122070312 31.600000381469727 AB 1.3824055956556571 1.2369597455722483
62429.2306 lsst_hardware_i 19.44948821292167 57.11000061035156 31.299999237060547 AB 1.3008618169973565 1.1579513243802178
62433.1909 lsst_hardware_i -127.12102009139207 69.48999786376953 31.290000915527344 AB 2.838012948019245 1.2862543103913184
62433.2093 lsst_hardware_z -120.65768998765319 62.34000015258789 30.969999313354492 AB 1.8828574874273796 1.198127577109373
62435.1885 lsst_hardware_i -123.22879885207308 56.349998474121094 31.280000686645508 AB 1.5907755031773738 1.269911258523715
62435.2064 lsst_hardware_z -5.251387551522439 55.0 30.959999084472656 AB 1.415663156005146 1.1876368758436557
62437.1927 lsst_hardware_g -56.22950291889229 34.540000915527344 31.600000381469727 AB 2.487689061211334 1.2228522339230676
62437.2102 lsst_hardware_r 24.668508756099367 45.189998626708984 31.59000015258789 AB 3.0921302921686693 1.1528479309645197
62438.1964 lsst_hardware_i -46.30026992825668 35.61000061035156 31.25 AB 2.590781618396384 1.195009971585048
62438.2165 lsst_hardware_r 33.49157614175907 32.189998626708984 31.559999465942383 AB 3.666627238411123 1.1232965754642195
62442.1817 lsst_hardware_g -16.175243607026992 13.039999961853027 31.329999923706055 AB 4.331342050316045 1.2110560744626504
62442.1987 lsst_hardware_r -10.04251120828098 22.040000915527344 31.459999084472656 AB 4.07459931440802 1.1454351857214602
62458.1779 lsst_hardware_i -65.03781616897837 53.25523669717755 31.309999465942383 AB 6.043138660217368 1.0802571714974802
62458.1951 lsst_hardware_r 1.5241000123623727 63.170551277028245 31.639999389648438 AB 5.801686901578019 1.045600186515576
62460.1174 lsst_hardware_z -190.05790120947282 94.24364815904237 31.709999084472656 AB 7.4275253426754535 1.2850760418711937
62461.1122 lsst_hardware_z 5.748105768872404 69.90255324675859 30.950000762939453 AB 4.391120932599627 1.2987639552202388
62461.13 lsst_hardware_r 211.1379574347309 97.09751752988156 31.610000610351562 AB 3.3912458690505205 1.2102947427018276
62463.1138 lsst_hardware_i 67.46226765032642 68.43341111258208 31.290000915527344 AB 8.661157105689867 1.2609050961842867
62463.1312 lsst_hardware_z 18.708230125065107 62.20561574909978 30.969999313354492 AB 7.8056301248333195 1.1826712310353515
62466.1141 lsst_hardware_g 44.42685068170973 13.861533114748463 31.329999923706055 AB 4.314582298442255 1.2202448169056577
62466.1303 lsst_hardware_r 20.026591398770524 22.404118413311544 31.450000762939453 AB 6.038766324672145 1.1553946315481074
62468.1326 lsst_hardware_r 40.46727274285424 23.39417757497581 31.479999542236328 AB 4.747538426122163 1.1294698872615578
62468.1498 lsst_hardware_i 88.13449668875667 32.15581668588922 31.239999771118164 AB 4.538680453453517 1.0821411770602463
62473.1355 lsst_hardware_z 115.75749405745525 43.54904820940976 30.950000762939453 AB 7.012709506566434 1.0836929082793496
62473.1513 lsst_hardware_u -2.5635121845754734 2.7143658086337576 28.43000030517578 AB 6.7964357013519745 1.0505752466915605
62477.1338 lsst_hardware_i 561.149766228168 37.57734152156623 31.239999771118164 AB 4.826945786751269 1.063203917786623
62477.1639 lsst_hardware_z 355.33178281099816 44.10008136165223 30.950000762939453 AB 4.518686198263982 1.0177221167261221
62479.0474 lsst_hardware_y 217.45897067683535 52.25296955265248 29.93000030517578 AB 7.520664261918071 1.398109545205528
62479.0708 lsst_hardware_z 413.8748636346687 47.82695908320653 30.93000030517578 AB 6.777762011983208 1.257430879437842
62481.0474 lsst_hardware_y 90.57757057142688 52.19279794991277 29.950000762939453 AB 13.585396129534075 1.3608076256628454
62481.0707 lsst_hardware_z 384.17694524010443 47.99238369200564 30.93000030517578 AB 12.335736381203255 1.2314391436048457
62483.0482 lsst_hardware_y 115.38009671630465 52.65813115463451 29.950000762939453 AB 15.023966953531918 1.3216015968976003
62483.0709 lsst_hardware_r 629.4464455918645 41.62730655462047 31.540000915527344 AB 13.815997120514204 1.2061106172426193
62485.0606 lsst_hardware_z 1110.7839922402238 76.32100361060128 31.700000762939453 AB 9.434484245654941 1.2276316644211362
62487.0481 lsst_hardware_y 280.4551162710689 56.032069466117235 29.969999313354492 AB 13.783318026278321 1.2617753085047096
62487.0697 lsst_hardware_z 591.0075631875676 58.79470677731199 30.959999084472656 AB 12.726145227022235 1.167232850209172
62489.0489 lsst_hardware_y 271.96840851090883 58.47365488349306 30.0 AB 4.969270036553486 1.2312363817032335
62489.071 lsst_hardware_i 902.0120149414633 75.81750385008448 31.31999969482422 AB 4.723082411398304 1.1433266549017218
62491.0482 lsst_hardware_y 219.4828162063932 60.17989323611493 30.010000228881836 AB 5.325579715628404 1.20980911304598
62491.0708 lsst_hardware_i 945.6683939469992 80.43554937056084 31.31999969482422 AB 5.029815123433745 1.1263511949018408
62495.0488 lsst_hardware_y 203.49615993946608 51.4046943515816 30.010000228881836 AB 8.335540704420213 1.163748236841988
62495.0709 lsst_hardware_i 830.0570862040433 42.80733714699576 31.25 AB 7.791094949759258 1.0950238861221726
62497.0493 lsst_hardware_z 615.4525222795795 50.369244469171555 30.940000534057617 AB 7.263061533994737 1.142844346641879
62497.0717 lsst_hardware_u 0.761205393073676 2.7214536294619274 28.420000076293945 AB 6.776055278528355 1.0795913771256849
62499.0477 lsst_hardware_y 226.94027915242177 52.91716501795384 30.030000686645508 AB 9.320858601915168 1.130280555619459
62499.0679 lsst_hardware_r 472.28793794324713 31.805613664994457 31.489999771118164 AB 8.820217457521915 1.0757674664621601
62501.0486 lsst_hardware_y 297.1455296148304 52.144155090884 30.030000686645508 AB 8.33671918524074 1.111155134482773
62501.0721 lsst_hardware_z 538.1795292473347 46.843365642466146 30.950000762939453 AB 7.931767875495247 1.0556571376944308
62503.0472 lsst_hardware_y 233.44463656803276 53.52207561942957 30.030000686645508 AB 7.851946843946333 1.099917843287216
62503.0689 lsst_hardware_u 1.919743985470643 2.6321019851245464 28.3799991607666 AB 7.116258117565932 1.0514565776545408
62505.0479 lsst_hardware_y 251.2137407581061 53.33802076467861 30.040000915527344 AB 2.4379086044905014 1.0842377605027802
62505.0717 lsst_hardware_r 395.87853414337354 29.209322290365915 31.479999542236328 AB 2.3093098045024285 1.037658865199923
62507.0478 lsst_hardware_y 174.72412013685968 52.86201631030692 30.040000915527344 AB 10.380706618674289 1.0718703055008902
62507.0714 lsst_hardware_r 393.21049110568623 28.455239763402318 31.479999542236328 AB 9.968507803566437 1.0302302401370866
62509.0475 lsst_hardware_z 424.1168040713227 49.51439904914852 30.959999084472656 AB 9.003914254141856 1.0610316113766032
62509.0704 lsst_hardware_g 29.504911307176794 14.628279593940812 31.40999984741211 AB 8.360597943205217 1.0245203042957192
62510.0443 lsst_hardware_y 477.3122489760401 80.17703462500046 30.790000915527344 AB 9.015906561879483 1.061975507156213
62510.0617 lsst_hardware_i 1136.0635693158085 54.72617840351594 31.989999771118164 AB 8.69118290282569 1.032309163950391
62512.0428 lsst_hardware_y 199.27222953860885 56.16615507131797 30.049999237060547 AB 6.536472712047532 1.054269792265731
62512.0602 lsst_hardware_r 290.27406982208635 32.682477433089154 31.559999465942383 AB 6.36746631504305 1.0270106959746854
62738.3457 lsst_hardware_g 14.093601156046487 13.449999809265137 31.299999237060547 AB 2.627125399654856 1.343111145018033
62738.3633 lsst_hardware_r 5.582197135664458 23.030000686645508 31.450000762939453 AB 2.477542520432491 1.2454656380206064
62742.3406 lsst_hardware_r 13.997022029670946 22.940000534057617 31.440000534057617 AB 9.219013808857138 1.3080016754508934
62742.3586 lsst_hardware_g -1.0054077835381334 13.220000267028809 31.34000015258789 AB 8.51995844784626 1.2165286567924982
62744.3447 lsst_hardware_r 16.690885407894296 22.790000915527344 31.440000534057617 AB 6.397185950038342 1.2564442600487757
62744.3637 lsst_hardware_i -5.050192625732136 31.049999237060547 31.229999542236328 AB 5.911878744621647 1.1730500014130953
62747.341 lsst_hardware_i 9.805600179058725 31.450000762939453 31.219999313354492 AB 1.248385235274713 1.2345988811024027
62747.3595 lsst_hardware_z -28.242298449703107 42.31999969482422 30.93000030517578 AB 1.1853373983682418 1.1583101612718973
62751.3293 lsst_hardware_g 12.913152824761678 13.270000457763672 31.329999923706055 AB 2.2837180181746994 1.238290914016375
62751.3458 lsst_hardware_r -26.8160839656245 22.420000076293945 31.459999084472656 AB 2.7813857552587904 1.168485823522808
62753.3227 lsst_hardware_i 51.647783837776686 50.470001220703125 31.270000457763672 AB 4.5219120454769355 1.2437642006446141
62753.3389 lsst_hardware_z 37.962063475034874 50.33000183105469 30.950000762939453 AB 5.063529937831716 1.1739250242268275
62755.3299 lsst_hardware_r 106.65906882080348 78.5 31.6200008392334 AB 2.8277580680938534 1.1878009247107968
62755.3485 lsst_hardware_z 56.99334550733134 56.88999938964844 30.969999313354492 AB 3.4796815258716998 1.122477911571516
62758.3377 lsst_hardware_i -70.60581163685502 56.06999969482422 31.299999237060547 AB 1.677198079595945 1.1305683044125008
62758.362 lsst_hardware_y -22.323608598732534 50.65999984741211 30.040000915527344 AB 1.5521070439420068 1.0669846773200493
62762.3025 lsst_hardware_g -25.720291141827197 41.810001373291016 31.6299991607666 AB 2.441637506898078 1.2232652840173266
62762.3197 lsst_hardware_r 22.984243233299612 43.63999938964844 31.59000015258789 AB 2.2953601418884513 1.1542206546539313
62767.3354 lsst_hardware_i -64.69570894475761 30.329999923706055 31.25 AB 1.8916485668745764 1.0713508968517518
62767.3524 lsst_hardware_z -67.53082952787138 40.849998474121094 30.950000762939453 AB 1.8487805682355978 1.039516765946358
62772.2699 lsst_hardware_z 42.038589131245395 43.540000915527344 30.920000076293945 AB 4.216215578944542 1.2482935764559104
62772.2902 lsst_hardware_r 7.511481043721358 22.100000381469727 31.459999084472656 AB 3.910177193982538 1.16210036228027
62774.2758 lsst_hardware_u 2.9305547720815976 2.450000047683716 28.219999313354492 AB 2.795800773489276 1.1969179194388626
62774.2944 lsst_hardware_g 12.059213390251688 12.8100004196167 31.34000015258789 AB 4.271268078735131 1.1293675512255767
62776.2881 lsst_hardware_r 4.7947323413742815 22.030000686645508 31.469999313354492 AB 4.104441754172409 1.132025582065065
62776.3199 lsst_hardware_z 0.9096585063334116 40.86000061035156 30.950000762939453 AB 3.3580922541386884 1.0530511158351992
62785.3101 lsst_hardware_r -59.39540147565066 115.30999755859375 32.40999984741211 AB 4.652351082298392 1.0295849252651854
62785.3304 lsst_hardware_y -115.36606153500877 73.5199966430664 30.81999969482422 AB 4.557491945207863 1.0090015745266199
62787.2636 lsst_hardware_y -90.55029932408308 53.40999984741211 30.030000686645508 AB 6.240156349200453 1.1151433535428956
62787.2826 lsst_hardware_r 18.186314086690622 81.12000274658203 31.649999618530273 AB 5.936545400058764 1.0674680052851209
62791.2028 lsst_hardware_r -11.583007268372098 45.540000915527344 31.549999237060547 AB 8.620633958379964 1.331972027303928
62791.2229 lsst_hardware_i 3.5335094412316255 45.79999923706055 31.270000457763672 AB 6.434215347140948 1.225214766664943
62794.2141 lsst_hardware_z 34.6290302463538 43.11000061035156 30.940000534057617 AB 1.359615941981357 1.228013796761725
62794.2391 lsst_hardware_g 16.209392434616007 13.079999923706055 31.389999389648438 AB 1.2528418441565632 1.1315747501037752
62796.2155 lsst_hardware_z 18.490323221517453 42.86000061035156 30.940000534057617 AB 2.911416185981155 1.197908254132228
62796.2352 lsst_hardware_r 37.37009875792816 21.889999389648438 31.469999313354492 AB 2.7542505740751873 1.1266748555957815
