data/validation/pwv_sim_epoch_fit_epoch/23381464.ecsv
# %ECSV 0.9
# ---
# datatype:
# - {name: time, datatype: float64}
# - {name: band, datatype: string}
# - {name: flux, datatype: float64}
# - {name: fluxerr, datatype: float64}
# - {name: zp, datatype: float64}
# - {name: zpsys, datatype: string}
# - {name: pwv, datatype: float64}
# - {name: airmass, datatype: float64}
# meta: {SNID: '23381464', alt: 1024.0, c: -0.08868072181940079, dec: -37.356377, lat: -30.244573, lon: -70.7499537, ra: 77.34375, t0: 60684.28515625,
#   x0: 6.771643283589963e-06, x1: -0.00968706700950861, z: 0.5409113168716431}
# schema: astropy-2.0
time band flux fluxerr zp zpsys pwv airmass
60550.3444 lsst_hardware_z 52.01372469363674 45.040000915527344 30.920000076293945 AB 9.088911739323677 1.2961939160473013
60550.3623 lsst_hardware_r 30.51502852886564 24.469999313354492 31.479999542236328 AB 8.532782859709226 1.2116414341424564
60556.3292 lsst_hardware_g 2.839143800497249 13.319999694824219 31.329999923706055 AB 2.9984679152189555 1.2899410261212974
60556.3465 lsst_hardware_i -13.13737394289985 31.40999984741211 31.229999542236328 AB 2.4405517673339414 1.2092415544822575
60560.3387 lsst_hardware_u -2.711579164558447 2.5299999713897705 28.280000686645508 AB 3.493875137683928 1.1966691874702344
60560.3568 lsst_hardware_g 8.67362289316069 13.109999656677246 31.360000610351562 AB 3.330264644946127 1.13390011744846
60567.3233 lsst_hardware_r -36.72481428971945 38.54999923706055 31.579999923706055 AB 2.1233442603182286 1.1824275429866233
60567.3403 lsst_hardware_i -54.87292538835479 38.029998779296875 31.280000686645508 AB 1.521621434660252 1.1261537693305674
60583.2766 lsst_hardware_r 30.051395356589527 22.239999771118164 31.450000762939453 AB 5.6287258544497965 1.1939600907409595
60583.2956 lsst_hardware_i 26.392060727450975 30.450000762939453 31.229999542236328 AB 4.9708632084622835 1.1291428504116643
60589.2725 lsst_hardware_r -29.32650937236073 22.040000915527344 31.459999084472656 AB 5.060150079852849 1.1500341090574655
60589.2933 lsst_hardware_z 1.458569538946806 41.369998931884766 30.940000534057617 AB 5.206350945905492 1.0917833662598746
60593.2645 lsst_hardware_g 7.233880520410656 12.979999542236328 31.3700008392334 AB 4.811840861460888 1.140697161942526
60593.283 lsst_hardware_r 8.425310599016095 21.760000228881836 31.479999542236328 AB 4.505308667682938 1.0903237675142736
60597.2727 lsst_hardware_r 72.40478853225524 50.5 31.6200008392334 AB 6.929989779931686 1.0888791357982721
60597.2919 lsst_hardware_z -17.50249165341792 47.290000915527344 30.959999084472656 AB 5.907539073019087 1.0511635361243927
60598.2628 lsst_hardware_z -78.93975608663925 51.689998626708984 30.969999313354492 AB 8.04847320055979 1.1065094621838516
60598.2825 lsst_hardware_i -35.6136139072846 50.7599983215332 31.309999465942383 AB 7.756879559440836 1.0627803561528366
60600.3614 lsst_hardware_r -46.953352487656815 77.12999725341797 31.65999984741211 AB 6.633045959189505 1.0147444098709084
60600.3721 lsst_hardware_z -62.97466723199893 60.0 30.989999771118164 AB 6.6176398990267336 1.0231486025681524
60606.2195 lsst_hardware_r 57.483810356567986 28.65999984741211 31.520000457763672 AB 1.9958162818593865 1.1726300128433529
60606.2394 lsst_hardware_i 11.991665537569244 35.20000076293945 31.25 AB 1.5570895753136464 1.1106202391695543
60608.354 lsst_hardware_r -16.44311530846754 26.049999237060547 31.549999237060547 AB 2.4461187333087104 1.026882098992637
60608.3653 lsst_hardware_z 17.91262633784874 47.08000183105469 30.969999313354492 AB 2.4711759994478695 1.0407507806609744
60612.3451 lsst_hardware_z -20.654216868949703 40.790000915527344 30.959999084472656 AB 5.019134177305937 1.0290734371184944
60612.3564 lsst_hardware_r -20.27439046933223 22.8700008392334 31.520000457763672 AB 5.122253206536951 1.043653872562541
60614.2009 lsst_hardware_i 43.846704906819646 30.760000228881836 31.239999771118164 AB 5.159600953134009 1.1612440721258883
60614.2188 lsst_hardware_r -11.265248493910196 21.950000762939453 31.489999771118164 AB 5.435938034546566 1.1073412170598014
60616.1805 lsst_hardware_z 8.877223529959318 43.150001525878906 30.940000534057617 AB 4.438132770456856 1.2184304105576114
60616.1996 lsst_hardware_u 1.0498360849536965 2.6600000858306885 28.43000030517578 AB 4.219547916022325 1.1473957623446158
60616.3524 lsst_hardware_g 23.013069824097503 14.539999961853027 31.440000534057617 AB 5.156245071414546 1.0546085946545063
60616.3637 lsst_hardware_r -85.06099408887889 28.889999389648438 31.549999237060547 AB 5.25088375469526 1.0760191440485969
60619.1333 lsst_hardware_g 25.1432266789959 13.119999885559082 31.25 AB 3.605720240129133 1.4394571636298479
60619.1495 lsst_hardware_r 20.325993622024974 22.969999313354492 31.43000030517578 AB 3.361971938944008 1.3327055783340958
60621.2045 lsst_hardware_i 11.29920225409263 30.290000915527344 31.25 AB 5.669972369485206 1.0952235598773818
60621.2119 lsst_hardware_z 4.165928722442276 41.31999969482422 30.950000762939453 AB 5.166079388275822 1.0783633568624267
60623.3445 lsst_hardware_u 0.39019229922079196 2.9100000858306885 28.479999542236328 AB 11.391290298897042 1.0758341223576617
60623.3561 lsst_hardware_g 7.382523059097299 20.239999771118164 31.540000915527344 AB 11.78536264579836 1.1026810007373864
60627.3276 lsst_hardware_r 9.555267069952226 21.610000610351562 31.469999313354492 AB 6.2976027982210185 1.063963980101522
60627.3378 lsst_hardware_y -40.060459322957335 47.630001068115234 30.030000686645508 AB 6.202149379008914 1.0850031714863615
60628.1997 lsst_hardware_z 33.684952161455485 55.650001525878906 30.969999313354492 AB 3.9722107362893677 1.0644602241058327
60628.2188 lsst_hardware_r 44.89737577916622 72.77999877929688 31.649999618530273 AB 7.750843526801045 1.0345493228511806
60630.2072 lsst_hardware_i -58.06889653542155 68.30000305175781 31.329999923706055 AB 2.350435506987424 1.0428612764863228
60630.2258 lsst_hardware_z -60.219073324027775 60.63999938964844 30.989999771118164 AB 5.955872191461127 1.0212546803871443
60630.3249 lsst_hardware_r 227.30185736270607 83.23999786376953 31.639999389648438 AB 4.047490250250469 1.0748165040830653
60630.3364 lsst_hardware_i 13.487906259021027 66.91000366210938 31.31999969482422 AB 3.493715871400666 1.101192226749527
60632.2044 lsst_hardware_r 5.188190314397699 64.87999725341797 31.649999618530273 AB 5.585232597748558 1.0391130414415921
60632.2217 lsst_hardware_z -67.17721084963328 52.529998779296875 30.979999542236328 AB 5.431778873272273 1.0200842980886102
60634.3233 lsst_hardware_z -61.01879145848382 67.4000015258789 31.709999084472656 AB 4.58838882295146 1.0958000651863298
60636.324 lsst_hardware_r 69.90625247740991 33.630001068115234 31.56999969482422 AB 7.127331422563482 1.1115469110502538
60636.3361 lsst_hardware_z 32.1546730721989 44.93000030517578 30.940000534057617 AB 7.5748373913099085 1.1472246247866282
60641.1327 lsst_hardware_r -43.40142154685405 22.170000076293945 31.469999313354492 AB 4.869932452597588 1.1430648299495563
60641.1496 lsst_hardware_i 26.505469677588813 30.309999465942383 31.239999771118164 AB 4.641772361108766 1.0959423184123007
60643.2958 lsst_hardware_u -3.3761665720968694 2.5899999141693115 28.3799991607666 AB 6.320694999042222 1.0888519787609163
60643.3079 lsst_hardware_g 17.43839035545003 13.020000457763672 31.3700008392334 AB 6.513071509188667 1.1198220206645646
60645.1348 lsst_hardware_g 1.3725252611214167 12.960000038146973 31.3700008392334 AB 7.14235517439127 1.1056847888525272
60645.1529 lsst_hardware_r 12.70594165728526 21.739999771118164 31.479999542236328 AB 6.890020804451836 1.0651926005336514
60647.1464 lsst_hardware_i 9.612145963726071 29.969999313354492 31.25 AB 3.4448832972583343 1.0671881342188148
60647.1689 lsst_hardware_z -45.74944910459108 40.560001373291016 30.950000762939453 AB 3.910739689689536 1.0321297676666108
60647.2869 lsst_hardware_i -29.869537641204776 30.170000076293945 31.239999771118164 AB 4.8016969944360435 1.0936145599231286
60647.298 lsst_hardware_z 48.93704202302759 41.849998474121094 30.93000030517578 AB 3.9617880229058997 1.1227171159490807
60651.1437 lsst_hardware_g -30.587743689197005 15.329999923706055 31.459999084472656 AB 3.8939988725578054 1.0524321277183257
60651.1654 lsst_hardware_r -40.35451806204568 22.56999969482422 31.510000228881836 AB 3.789148360786006 1.0240941515637854
60653.0467 lsst_hardware_y -106.43483295776208 51.939998626708984 29.93000030517578 AB 10.636273805647818 1.3954396788724155
60653.0691 lsst_hardware_r 20.34685910893412 34.25 31.540000915527344 AB 9.276043766282758 1.2659220424811368
60655.0565 lsst_hardware_z -75.48232498237095 73.50257840690409 31.700000762939453 AB 17.696230151570408 1.3028459002462984
60661.0478 lsst_hardware_y 44.5178387418918 50.848332970937854 29.969999313354492 AB 5.155049165464118 1.2632602255623908
60661.0702 lsst_hardware_i 34.89126312538023 48.86629711596268 31.280000686645508 AB 4.705947781524447 1.1695427850945221
60664.05 lsst_hardware_y 169.9356904680669 50.82860728709976 29.989999771118164 AB 5.472374100357331 1.2160831334127402
60664.0728 lsst_hardware_g 125.83898162859202 16.88431415609242 31.360000610351562 AB 4.889732434463655 1.1340920623431785
60664.1932 lsst_hardware_z 319.74253781198394 47.40066494290081 30.969999313354492 AB 4.903077217035261 1.019492074515233
60664.206 lsst_hardware_g 156.2096214601516 44.50893228920737 31.700000762939453 AB 4.95283172496335 1.032413505759453
60666.1926 lsst_hardware_r 702.338945564345 37.60244103309855 31.549999237060547 AB 5.967179662681066 1.0238226473001544
60666.2049 lsst_hardware_i 551.3225952460422 40.000156045441216 31.270000457763672 AB 5.989611207462446 1.0379559329580972
60667.0507 lsst_hardware_z 398.6968649495602 48.11249164514171 30.940000534057617 AB 7.589041122491039 1.180867394578481
60667.0743 lsst_hardware_u 18.359790959098603 4.948918564367072 28.3700008392334 AB 7.11917356420215 1.1068080062501366
60667.1815 lsst_hardware_i 606.5337042131506 38.22879852247506 31.25 AB 6.6302736387214765 1.0167961720233831
60667.1937 lsst_hardware_z 363.4616659780241 45.18090952927217 30.950000762939453 AB 6.724349319803433 1.027729629212777
60671.1822 lsst_hardware_r 1378.4002554467727 43.04367601512699 31.489999771118164 AB 6.177225355093813 1.0271124326053174
60671.1944 lsst_hardware_i 1041.3874186045844 43.42060450632552 31.25 AB 6.28528809114187 1.042336333522698
60679.0474 lsst_hardware_z 1309.5676445496035 57.34009902019296 30.959999084472656 AB 2.4779462775282814 1.0922077256323004
60679.0692 lsst_hardware_g 926.6902859632937 34.10186720446945 31.420000076293945 AB 2.3330512351143344 1.0492697257091677
60679.1693 lsst_hardware_z 1171.7597478740802 53.49263046804185 30.950000762939453 AB 2.632947726037404 1.0378193638302708
60679.183 lsst_hardware_u 6.4230626783894404 3.5197063387072283 28.399999618530273 AB 2.7266526301369782 1.0591684436632052
60683.1127 lsst_hardware_z 1386.726671475822 56.73284879159613 30.959999084472656 AB 5.810339068826422 1.0076897448537023
60683.1264 lsst_hardware_r 2635.265564021035 63.70796534503968 31.610000610351562 AB 7.1271580831815795 1.01046664695391
60689.09 lsst_hardware_g 828.2741088097277 91.11943808472382 31.75 AB 6.762761843581004 1.0081636618337813
60689.1036 lsst_hardware_r 2618.427828341879 93.85472572737972 31.65999984741211 AB 6.768496436539238 1.0085173989082008
60696.097 lsst_hardware_r 1569.5972967420835 44.8696876204515 31.479999542236328 AB 12.775490867531602 1.013391660565701
60696.1092 lsst_hardware_i 1452.7261772153524 48.0207852848383 31.25 AB 12.883315571540644 1.0224312659283088
60698.0789 lsst_hardware_i 1361.9172602234657 47.14834213686748 31.25 AB 7.6625224590461505 1.0084920319881592
60698.0922 lsst_hardware_z 1036.6913466504686 51.29376618472755 30.950000762939453 AB 8.65812115124024 1.0137721621966207
60704.0768 lsst_hardware_i 1039.5342508004048 43.885714750238876 31.260000228881836 AB 12.843508700157226 1.0143616190725686
60704.0893 lsst_hardware_z 943.4711911617724 49.314113251997625 30.950000762939453 AB 11.794528241120181 1.0242751403491257
60934.3244 lsst_hardware_z 1.9413975103018069 42.97999954223633 30.940000534057617 AB 3.041239354334242 1.1613694072050311
60934.3418 lsst_hardware_u 0.8949583112227101 2.8299999237060547 28.469999313354492 AB 4.594933785285125 1.1087491790517285
60936.3047 lsst_hardware_r -10.81999556581201 22.43000030517578 31.450000762939453 AB 2.4142363484865 1.2156275672139996
60936.3214 lsst_hardware_g -5.2689037888253845 12.979999542236328 31.350000381469727 AB 2.177003176681591 1.1530737164627072
60940.3367 lsst_hardware_i -42.84426150129605 29.979999542236328 31.239999771118164 AB 1.7061253027027556 1.0815374343599085
60940.3538 lsst_hardware_u 0.4237021732192529 2.5199999809265137 28.34000015258789 AB 1.604381788854143 1.0493013661572719
60945.276 lsst_hardware_r -10.481898663939042 22.420000076293945 31.450000762939453 AB 4.716607774307607 1.2335300604065547
60945.2961 lsst_hardware_i 5.101145103919019 30.719999313354492 31.229999542236328 AB 4.970688546708844 1.155503817448444
60947.3898 lsst_hardware_z 13.495198367810843 48.869998931884766 30.969999313354492 AB 7.219065023179279 1.0076863516443486
60955.2724 lsst_hardware_r 82.55500103674396 85.51000213623047 31.6299991607666 AB 5.032569397268493 1.1437657721064756
60955.2919 lsst_hardware_z 1.0801556273540456 59.54999923706055 30.979999542236328 AB 5.189643556973583 1.0902612514650385
60959.2694 lsst_hardware_i -44.073084338939545 45.36000061035156 31.290000915527344 AB 4.625865074177934 1.1200641826096693
60959.2885 lsst_hardware_z 2.195344086214638 48.08000183105469 30.959999084472656 AB 4.4658609923969825 1.0737393690396806
60959.3807 lsst_hardware_i -14.193144003034286 50.88999938964844 31.31999969482422 AB 4.6841110725486566 1.016223113801415
60961.2483 lsst_hardware_z 13.54041786395729 44.209999084472656 30.940000534057617 AB 6.789317111216812 1.1697147971257154
60961.2661 lsst_hardware_r -25.879835440595922 29.610000610351562 31.540000915527344 AB 6.235702593098809 1.1140819926329235
60963.3712 lsst_hardware_z 82.1044464084907 43.0099983215332 30.959999084472656 AB 5.9615320966146115 1.0172395011712996
60965.371 lsst_hardware_i -4.55340790717271 32.459999084472656 31.270000457763672 AB 4.993664734808471 1.0215126797194376
60970.1701 lsst_hardware_u -3.746949173610707 2.390000104904175 28.100000381469727 AB 4.051470409962839 1.4552695438088157
60972.2914 lsst_hardware_i -36.13755991041654 29.399999618530273 31.25 AB 3.0019297715800572 1.0194463793005213
60972.305 lsst_hardware_z -17.43835580196587 40.099998474121094 30.950000762939453 AB 3.1363898286693837 1.0109777034496565
60974.1934 lsst_hardware_i 5.810857301545285 31.690000534057617 31.219999313354492 AB 1.514446650147762 1.2491998763939614
60974.2121 lsst_hardware_z -61.11535868538246 42.77000045776367 30.93000030517578 AB 1.4560288500718752 1.1722473130411615
60976.3492 lsst_hardware_r -0.6726816719683159 21.549999237060547 31.489999771118164 AB 3.42165318958291 1.0298429464508383
60976.361 lsst_hardware_i 50.73682384585356 32.40999984741211 31.260000228881836 AB 3.515214070136062 1.0454168238321897
60979.1604 lsst_hardware_r -26.416835769267283 39.88999938964844 31.530000686645508 AB 5.003239857336109 1.3533242784246982
60993.1769 lsst_hardware_z 28.268273612202343 59.209999084472656 31.690000534057617 AB 4.489300302055043 1.1191541387871973
60993.188 lsst_hardware_r 29.301270399589885 30.899999618530273 32.22999954223633 AB 4.377232742414063 1.0906273184038464
60995.2059 lsst_hardware_i -61.26554650624397 29.729999542236328 31.25 AB 5.797754577627692 1.0458024671786925
60995.225 lsst_hardware_z 12.482490477053833 40.279998779296875 30.950000762939453 AB 7.873950197760615 1.0225909347741058
60995.326 lsst_hardware_g 16.636355302659048 13.15999984741211 31.389999389648438 AB 5.230903882683461 1.0756813372096672
60995.3389 lsst_hardware_i 78.02714361379722 30.940000534057617 31.239999771118164 AB 4.393839861959023 1.105832180023244
60999.327 lsst_hardware_u 4.011024876446572 2.5899999141693115 28.3700008392334 AB 5.30178974129335 1.1033136254078835
60999.3391 lsst_hardware_g 3.3616335503799535 13.59000015258789 31.389999389648438 AB 5.694724230817568 1.1373146951005362
61006.2713 lsst_hardware_z 11.213444607067462 40.619998931884766 30.950000762939453 AB 4.5420913446971545 1.0346449532339759
61006.283 lsst_hardware_r 3.511772697710495 21.68000030517578 31.479999542236328 AB 4.620123218509236 1.0515615314399944
61009.142 lsst_hardware_z -76.18339606021102 64.62999725341797 31.700000762939453 AB 5.734052117058628 1.096167485577956
