data/validation/pwv_sim_epoch_fit_epoch/23451778.ecsv
# %ECSV 0.9
# ---
# datatype:
# - {name: time, datatype: float64}
# - {name: band, datatype: string}
# - {name: flux, datatype: float64}
# - {name: fluxerr, datatype: float64}
# - {name: zp, datatype: float64}
# - {name: zpsys, datatype: string}
# - {name: pwv, datatype: float64}
# - {name: airmass, datatype: float64}
# meta: {SNID: '23451778', alt: 1024.0, c: -0.05946643278002739, dec: 1.790785, lat: -30.244573, lon: -70.7499537, ra: 305.332031, t0: 61333.140625,
#   x0: 6.017512498096821e-06, x1: 0.43765920400619507, z: 0.5680927634239197}
# schema: astropy-2.0
time band flux fluxerr zp zpsys pwv airmass
61171.414 lsst_hardware_i -14.222857168261953 35.88999938964844 31.25 AB 8.977904215317063 1.1813031862259293
61171.4321 lsst_hardware_z -0.21458842867039127 62.90999984741211 30.969999313354492 AB 8.027283558682447 1.1936185311911829
61176.394 lsst_hardware_r 17.80372709047579 23.829999923706055 31.469999313354492 AB 5.268441415220063 1.1807354135411368
61176.4163 lsst_hardware_y -50.97056350698746 48.95000076293945 29.989999771118164 AB 5.387924983216779 1.1913159603222154
61179.3689 lsst_hardware_i 21.09573110323793 32.2400016784668 31.239999771118164 AB 9.884887204604786 1.1886588750125413
61179.3924 lsst_hardware_z -22.22708076982094 43.5 30.940000534057617 AB 11.305399984262863 1.1813683726599629
61186.3614 lsst_hardware_r 14.504795216761012 24.010000228881836 31.489999771118164 AB 6.832825687009926 1.1817408659650512
61186.3823 lsst_hardware_g 25.982209164925248 14.550000190734863 31.399999618530273 AB 6.540608352758957 1.1856087648505218
61188.3656 lsst_hardware_r -33.88549797813847 41.66999816894531 31.579999923706055 AB 10.77055463699038 1.1809279148785317
61188.3853 lsst_hardware_i -12.0709292907096 32.25 31.239999771118164 AB 11.087574473594266 1.1931959472246674
61195.2667 lsst_hardware_r -67.2560717208006 96.06999969482422 31.579999923706055 AB 15.338335484569155 1.3368488677883084
61195.2924 lsst_hardware_z -16.747788987690257 72.62999725341797 30.959999084472656 AB 14.98682796598985 1.2457619721942639
61197.3501 lsst_hardware_y 233.34587805742368 76.41000366210938 30.760000228881836 AB 6.385413068793359 1.1842383287821512
61197.3732 lsst_hardware_r -84.57681534533677 97.30000305175781 32.36000061035156 AB 6.558838183971191 1.2110114815308697
61218.2117 lsst_hardware_z 54.89112111838309 58.900001525878906 30.940000534057617 AB 9.385410755532853 1.3041330368966446
61218.2325 lsst_hardware_r -11.51652749181409 72.20999908447266 31.600000381469727 AB 9.03310492071004 1.2383163389750909
61219.2842 lsst_hardware_i -12.05264702774682 71.38999938964844 31.299999237060547 AB 6.7950222052238045 1.1816744893438669
61219.3041 lsst_hardware_z -154.5961553405 65.05000305175781 30.959999084472656 AB 6.4753080212847935 1.1973203527908027
61221.2663 lsst_hardware_r 3.318823367464644 125.33999633789062 31.6299991607666 AB 4.124270721148729 1.1816266033278935
61221.2867 lsst_hardware_z -88.80367117621441 83.27999877929688 30.979999542236328 AB 4.118983412472382 1.1856032849524547
61224.2608 lsst_hardware_z 9.263886330514383 74.63999938964844 30.979999542236328 AB 7.661518646103985 1.1810117763465517
61224.2795 lsst_hardware_i 43.25314106795108 84.61000061035156 31.309999465942383 AB 7.6291520276060565 1.1863088209619408
61226.2604 lsst_hardware_z -140.76997457925918 57.189998626708984 30.959999084472656 AB 4.706436994778159 1.1807912175901716
61226.2794 lsst_hardware_r -40.12118937269454 65.80999755859375 31.600000381469727 AB 4.674497702531219 1.1909548286703742
61232.2579 lsst_hardware_u -0.29593829089993373 2.6500000953674316 28.31999969482422 AB 10.303309611498117 1.186493247394367
61232.278 lsst_hardware_g -17.168008971603125 14.550000190734863 31.3799991607666 AB 10.534136097397301 1.2116674798351996
61236.2243 lsst_hardware_i -34.82103591644659 32.09000015258789 31.229999542236328 AB 6.760373995741548 1.181969664877957
61236.2441 lsst_hardware_z -7.089021345976453 43.27000045776367 30.93000030517578 AB 6.825965838879459 1.1845493863565222
61239.2142 lsst_hardware_r -54.45565393085888 23.979999542236328 31.469999313354492 AB 2.3051114223622626 1.1827149422074206
61239.2347 lsst_hardware_u 0.9317493503721558 2.6500000953674316 28.31999969482422 AB 2.4588632156352936 1.1838532574074596
61243.2143 lsst_hardware_g 9.709588467434486 22.93000030517578 31.540000915527344 AB 5.967611488110516 1.1808283924037628
61243.2351 lsst_hardware_i 38.6155909081304 34.9900016784668 31.239999771118164 AB 6.018454457004265 1.1931908122530264
61245.2071 lsst_hardware_z -39.87552980450185 49.58000183105469 30.950000762939453 AB 6.50893712978847 1.1807417205705377
61245.2265 lsst_hardware_r -48.67931269351313 48.959999084472656 31.59000015258789 AB 7.416285193908617 1.189969277516492
61250.1689 lsst_hardware_z -80.6065215401281 102.19000244140625 30.979999542236328 AB 4.954731273640681 1.195063018244255
61250.1887 lsst_hardware_r -122.78997906326511 157.94000244140625 31.6200008392334 AB 4.913763103893734 1.1812403791563124
61252.1747 lsst_hardware_i 41.55876180858715 101.3499984741211 31.309999465942383 AB 4.372707386946529 1.1848550025595885
61252.1945 lsst_hardware_z -25.592305917829847 85.87999725341797 30.969999313354492 AB 4.293546624189788 1.1818185037681772
61254.1745 lsst_hardware_r 0.031197917072284077 74.16000366210938 31.6200008392334 AB 2.1658162018376013 1.18221408397249
61254.1944 lsst_hardware_z -19.666463617044755 59.709999084472656 30.959999084472656 AB 2.2287214225416596 1.1842302989063016
61257.1608 lsst_hardware_g 12.220014266172058 14.579999923706055 31.3799991607666 AB 2.380102302184679 1.1850148380307088
61257.1821 lsst_hardware_i -8.506796697941887 35.220001220703125 31.239999771118164 AB 1.9503345264821574 1.1822597654973677
61259.1667 lsst_hardware_z 92.57733618859207 43.29999923706055 30.93000030517578 AB 3.335288442230254 1.1808420754930975
61259.1862 lsst_hardware_r -57.7705922724398 24.049999237060547 31.479999542236328 AB 3.349396107696859 1.1881153239044107
61262.1389 lsst_hardware_r 15.759087412388253 34.09000015258789 32.22999954223633 AB 5.117563024477509 1.1919789653286124
61262.1586 lsst_hardware_u 0.38780850599177935 3.7300000190734863 29.06999969482422 AB 5.187410287854861 1.1808354855121466
61265.1286 lsst_hardware_g -18.231455899219824 14.770000457763672 31.40999984741211 AB 4.0504763644734245 1.1943023336203524
61265.1475 lsst_hardware_r 31.262159142082034 24.079999923706055 31.489999771118164 AB 4.011701838730628 1.1813020726533061
61267.1215 lsst_hardware_i 26.51426062716018 32.290000915527344 31.229999542236328 AB 4.328379560985193 1.1962632656629777
61267.143 lsst_hardware_z -52.283620547709134 43.560001373291016 30.940000534057617 AB 3.9906551205041954 1.1811039942298764
61269.129 lsst_hardware_r 14.2505002744416 24.059999465942383 31.479999542236328 AB 5.008138876732352 1.1844238573273203
61269.1492 lsst_hardware_u 2.483861538773703 2.7699999809265137 28.420000076293945 AB 4.961358600614278 1.182214122465674
61273.1304 lsst_hardware_g -31.270908359841084 37.2599983215332 31.6200008392334 AB 2.0856052390978705 1.1807540511971337
61273.1495 lsst_hardware_i 54.52801165502167 40.459999084472656 31.260000228881836 AB 2.087122136398019 1.1894693026584453
61275.1263 lsst_hardware_z -27.50097681781311 55.86000061035156 30.959999084472656 AB 2.5855482058732995 1.1807953444390165
61275.1451 lsst_hardware_r 191.5348219539194 64.6500015258789 31.610000610351562 AB 2.5960298905248522 1.19047533958645
61277.0969 lsst_hardware_r 80.84545095425678 114.5999984741211 31.6299991607666 AB 4.614934217519939 1.1931060541675127
61277.116 lsst_hardware_y -3.322825986672565 61.84000015258789 30.020000457763672 AB 4.52698210140259 1.1810545529357135
61279.0792 lsst_hardware_z 127.04455782177072 94.87000274658203 30.979999542236328 AB 1.9959953803702257 1.210427762504685
61279.0991 lsst_hardware_r -220.6493098968208 139.61000061035156 31.6299991607666 AB 1.6884634079285075 1.1861351653870793
61285.0872 lsst_hardware_i 6.6090320705189525 31.969999313354492 31.229999542236328 AB 3.4355876175067133 1.183393174409569
61285.1054 lsst_hardware_z -17.748479753942693 43.189998626708984 30.93000030517578 AB 3.448215188744395 1.1821776545606748
61287.0589 lsst_hardware_z 7.237960891779058 43.63999938964844 30.93000030517578 AB 1.7972247096782044 1.2078123048912663
61287.0778 lsst_hardware_r -10.336110076276531 23.5 31.459999084472656 AB 1.7758622181881205 1.1857526495803163
61300.0237 lsst_hardware_g -3.711033221837544 19.649999618530273 31.5 AB 1.9658295618825097 1.2073266156195361
61300.0411 lsst_hardware_r -2.486417003077365 26.860000610351562 31.510000228881836 AB 2.1207982423919143 1.1866265169342896
61304.0356 lsst_hardware_z 171.8222256276206 118.13083979105815 32.470001220703125 AB 4.614709175901342 1.1832587630516263
61308.0277 lsst_hardware_z 71.30995806459059 75.93471218021263 30.969999313354492 AB 5.178926733949024 1.18199856988452
61308.0469 lsst_hardware_r 29.10493746789484 109.07258903048408 31.6200008392334 AB 5.2358117140032 1.1842155565447525
61310.0361 lsst_hardware_z 72.90479150939352 94.40687487585404 31.709999084472656 AB 3.6669088059801362 1.1818254148675003
61311.9915 lsst_hardware_y 47.83850264769701 54.25400786354856 29.989999771118164 AB 4.541119872344248 1.2064077588694038
61312.0089 lsst_hardware_r 327.9035290349426 30.11508664186525 31.459999084472656 AB 4.06632279759111 1.1862085173836376
61313.9941 lsst_hardware_y 184.91472230776347 53.93530855187267 30.0 AB 3.1731005651440767 1.1951414557981457
61314.0132 lsst_hardware_r 614.3478205139168 33.851328952659934 31.479999542236328 AB 7.191008270862097 1.1814361890791854
61315.9942 lsst_hardware_z 506.26696121357134 51.5602323977598 30.950000762939453 AB 2.9429256330543923 1.189301124693632
61316.0128 lsst_hardware_g 277.3636042511695 21.651179484805347 31.40999984741211 AB 2.460418245413546 1.1807646048775269
61317.9965 lsst_hardware_y 245.63315517503253 52.6154088485585 30.010000228881836 AB 3.7982152855617426 1.1837055817878435
61318.0146 lsst_hardware_i 806.4618192964003 43.02249410574845 31.239999771118164 AB 3.2346733888890817 1.1819396689100021
61319.9942 lsst_hardware_y 203.24816869701652 58.50297613714107 30.010000228881836 AB 6.9984177451232865 1.1822650131131491
61320.0122 lsst_hardware_r 1355.6587420848464 43.58733672739095 31.479999542236328 AB 4.606957190530142 1.1831924982099502
61321.9958 lsst_hardware_y 274.1461356168806 56.93482335588022 30.010000228881836 AB 5.419979407114505 1.1807805251329133
61322.0149 lsst_hardware_g 573.5577481210346 28.568890166795214 31.399999618530273 AB 4.678339197055166 1.1887534486228346
61323.9968 lsst_hardware_y 339.49718734391945 56.53536243237674 30.020000457763672 AB 2.677207028490846 1.1815116892313688
61324.0159 lsst_hardware_z 921.0850428433573 53.205535726293725 30.940000534057617 AB 4.076216236368736 1.1954881913290374
61528.4044 lsst_hardware_g -8.394125569040598 15.529999732971191 31.420000076293945 AB 13.315115373532874 1.198480231641123
61528.4228 lsst_hardware_y -118.49524308777723 55.34000015258789 30.010000228881836 AB 13.139905703012571 1.1825412552677825
61530.4028 lsst_hardware_z -21.34354107005986 43.779998779296875 30.93000030517578 AB 7.959167278057733 1.1937407958691246
61530.4208 lsst_hardware_y -2.8164515016526446 52.220001220703125 30.0 AB 6.563513697243744 1.1813911168147855
61535.4017 lsst_hardware_z -5.120170946540293 43.459999084472656 30.940000534057617 AB 9.290624586119922 1.1834688021043593
61535.4207 lsst_hardware_y 6.501475450270262 51.06999969482422 30.010000228881836 AB 8.98625959305751 1.182402578033883
61541.4335 lsst_hardware_r -0.2692461601660555 36.349998474121094 31.559999465942383 AB 4.5241162657905996 1.2151803023880539
61543.3556 lsst_hardware_y -25.879686252419205 51.81999969482422 29.989999771118164 AB 8.501928252174693 1.210511728931744
61543.3783 lsst_hardware_g 18.629008257194247 45.59000015258789 31.639999389648438 AB 9.281199008390177 1.1843299457750118
61547.3384 lsst_hardware_r 21.925931985931182 131.85000610351562 32.36000061035156 AB 5.187371487902838 1.222523623371549
61547.3622 lsst_hardware_i -92.02985454060644 72.72000122070312 31.299999237060547 AB 4.997246651187942 1.1880291586943652
61551.3528 lsst_hardware_z -18.92785080041304 61.56999969482422 30.959999084472656 AB 6.855908190654025 1.1868106098851474
61551.3761 lsst_hardware_r 51.30343164781113 74.4000015258789 31.610000610351562 AB 6.609720870542128 1.1820663255812611
61553.3691 lsst_hardware_z -38.0974280132435 49.189998626708984 30.950000762939453 AB 10.678511093536402 1.1815779909860473
61553.3907 lsst_hardware_r 44.01364987235744 44.310001373291016 31.579999923706055 AB 11.20201875197519 1.199017277576908
61557.2754 lsst_hardware_z 18.94980932606033 64.16000366210938 31.670000076293945 AB 8.26933370166962 1.337755189140238
61557.2968 lsst_hardware_r -8.163280653726495 33.84000015258789 32.209999084472656 AB 8.607148122182068 1.2584163149542473
61560.3454 lsst_hardware_u 0.5035188869315833 2.5799999237060547 28.280000686645508 AB 14.173121442125616 1.1807982539469812
61560.3674 lsst_hardware_g 2.4915772424346327 14.229999542236328 31.3700008392334 AB 14.37311041230443 1.1938295122143303
61571.268 lsst_hardware_i 9.631614834769636 48.5 31.270000457763672 AB 14.536676327703312 1.2334025025273152
61571.2895 lsst_hardware_z -25.20088007062989 50.90999984741211 30.950000762939453 AB 14.048644352599858 1.1953580196777915
61573.2682 lsst_hardware_r 5.887261594715232 82.54000091552734 31.610000610351562 AB 5.355379373892085 1.2209239396364804
61573.2915 lsst_hardware_z -49.92463575380998 60.86000061035156 30.969999313354492 AB 5.205084647582578 1.1878105119519051
61575.2655 lsst_hardware_z 115.47205172145901 77.23999786376953 30.969999313354492 AB 4.23945727226763 1.2154988117553889
61575.2879 lsst_hardware_i 168.0728404768201 89.02999877929688 31.309999465942383 AB 4.113108258273993 1.1863594630152494
61581.2719 lsst_hardware_r -55.721467379164935 57.189998626708984 31.600000381469727 AB 5.212453919602835 1.186086298453315
61581.2973 lsst_hardware_i 52.735598611511634 51.369998931884766 31.290000915527344 AB 4.7575464679343735 1.1834202067744541
61584.1693 lsst_hardware_u -7.134687451472866 3.4800000190734863 28.829999923706055 AB 9.090398081061013 1.5380733608664632
61584.2005 lsst_hardware_r 25.502901497518486 34.34000015258789 32.189998626708984 AB 7.854108614301851 1.3432140945404851
61586.2362 lsst_hardware_g -1.3716865724756973 14.420000076293945 31.3799991607666 AB 4.029822773704146 1.2141372689359262
61586.2598 lsst_hardware_i -23.51106803439399 32.0 31.239999771118164 AB 4.12373092373019 1.185036905138232
61590.2676 lsst_hardware_u 0.12315142614850737 2.5799999237060547 28.280000686645508 AB 8.217150718576749 1.1814738632029833
61590.2886 lsst_hardware_g 17.218691356310984 14.399999618530273 31.3799991607666 AB 8.27102946545528 1.1976151262197958
61595.2438 lsst_hardware_r 16.58277387831748 23.81999969482422 31.479999542236328 AB 2.5670177682432236 1.181324329610319
61595.2662 lsst_hardware_i 34.83430624763903 32.150001525878906 31.229999542236328 AB 2.4953371854495514 1.1882558025950245
61597.1279 lsst_hardware_i 38.27876258232354 39.189998626708984 31.190000534057617 AB 11.868012482381582 1.5891112451303167
61597.1417 lsst_hardware_z 25.048608910880013 48.470001220703125 30.90999984741211 AB 11.01229475225406 1.4779619852709787
61599.2236 lsst_hardware_r 2.6585853784716322 45.779998779296875 31.579999923706055 AB 8.153943014452254 1.1855107610428532
61599.2465 lsst_hardware_z 13.129056048233862 48.650001525878906 30.950000762939453 AB 7.9877088895904995 1.1826634423439426
61606.2037 lsst_hardware_z 10.176431409667876 95.23999786376953 30.979999542236328 AB 4.059101198494123 1.1860624910375348
61606.2238 lsst_hardware_i 36.439753299875136 113.44999694824219 31.31999969482422 AB 3.448270811944385 1.1814541384003145
61609.1844 lsst_hardware_z 46.2583834068997 59.02000045776367 30.959999084472656 AB 6.432145105558156 1.197049337262684
61609.203 lsst_hardware_r 62.99630746818394 70.05000305175781 31.610000610351562 AB 6.347267686525891 1.1820782530969713
61610.2415 lsst_hardware_y -110.09477731295839 73.26000213623047 30.75 AB 7.528704295806243 1.208783135532177
61616.1842 lsst_hardware_g 13.061389763541113 14.880000114440918 31.420000076293945 AB 5.703621891032562 1.1819753167614122
61616.2033 lsst_hardware_r -35.06782626653072 24.190000534057617 31.489999771118164 AB 5.786727594268245 1.1842880725030944
61621.1799 lsst_hardware_r -18.40005000375257 24.1299991607666 31.479999542236328 AB 1.4409278230141502 1.1809270506879344
61621.1981 lsst_hardware_u -5.205712636827283 2.7300000190734863 28.3799991607666 AB 1.4856950704803544 1.190937932248781
61623.1656 lsst_hardware_g 5.028999277151833 14.609999656677246 31.389999389648438 AB 2.4533437746009614 1.181812263466402
61623.1852 lsst_hardware_i -26.011476407235577 32.31999969482422 31.219999313354492 AB 1.9064104433355145 1.184903160513087
61625.1734 lsst_hardware_z -44.480194211998445 43.400001525878906 30.93000030517578 AB 3.8739350808361572 1.1818885152425163
61625.1933 lsst_hardware_r 14.918728569241077 24.049999237060547 31.469999313354492 AB 3.948622222223051 1.1979740264120702
61628.135 lsst_hardware_r 102.1186169216078 47.61000061035156 31.579999923706055 AB 9.792211061741199 1.1940750014317372
61628.1535 lsst_hardware_y 69.32498627382202 50.5 30.0 AB 9.700583849303236 1.1813892279988516
61650.0851 lsst_hardware_u -4.631314119693069 2.5899999141693115 28.280000686645508 AB 3.458741378751507 1.1850415870551074
61650.1061 lsst_hardware_g -25.06022553174987 14.319999694824219 31.3799991607666 AB 3.4313253133169135 1.1822304332539828
61652.0568 lsst_hardware_g -30.6016316078602 14.600000381469727 31.3799991607666 AB 1.8639235493693453 1.2127023743457028
61652.0758 lsst_hardware_r -31.35780743805755 23.790000915527344 31.469999313354492 AB 1.883541757053515 1.1878547973850209
61654.0602 lsst_hardware_i 24.02587041035762 33.31999969482422 31.239999771118164 AB 0.785715232983236 1.1988026440939392
61654.0787 lsst_hardware_r -3.3706808819945637 26.40999984741211 31.510000228881836 AB 0.7130390263590425 1.1826493871884602
61656.0569 lsst_hardware_z 18.68692763004302 46.88999938964844 30.940000534057617 AB 2.7365282497717898 1.1960350742009571
61656.0758 lsst_hardware_g 27.486099136036437 33.86000061035156 31.610000610351562 AB 2.7095145484831025 1.1817320121319048
61673.0294 lsst_hardware_g -21.286148425119233 14.319999694824219 31.3799991607666 AB 5.1877919681508775 1.1817293777108502
61673.0495 lsst_hardware_r -24.918585109757355 23.610000610351562 31.469999313354492 AB 5.323477158416586 1.185453642759147
61680.9951 lsst_hardware_y 39.582324240520016 51.880001068115234 30.0 AB 2.9499300576955276 1.1891682576036795
61681.014 lsst_hardware_g -3.358512980331115 14.859999656677246 31.40999984741211 AB 2.3833781338674362 1.1808157221584152
61685.0045 lsst_hardware_z 14.550107200595406 68.44999694824219 31.700000762939453 AB 4.55111986031424 1.1808821640669422
61686.9961 lsst_hardware_y 25.850601718587622 60.31999969482422 30.010000228881836 AB 5.427789331309636 1.1808526773217431
61687.0142 lsst_hardware_r 91.5630952832127 66.0199966430664 31.610000610351562 AB 4.57116298719865 1.1876235352555597
