data/validation/pwv_sim_epoch_fit_epoch/23556468.ecsv
# %ECSV 0.9
# ---
# datatype:
# - {name: time, datatype: float64}
# - {name: band, datatype: string}
# - {name: flux, datatype: float64}
# - {name: fluxerr, datatype: float64}
# - {name: zp, datatype: float64}
# - {name: zpsys, datatype: string}
# - {name: pwv, datatype: float64}
# - {name: airmass, datatype: float64}
# meta: {SNID: '23556468', alt: 1024.0, c: -0.019684337079524994, dec: -12.635625, lat: -30.244573, lon: -70.7499537, ra: 90.527344, t0: 60597.98828125,
#   x0: 4.107092540786816e-06, x1: 1.0500816106796265, z: 0.6647394299507141}
# schema: astropy-2.0
time band flux fluxerr zp zpsys pwv airmass
[from data line 133]
61007.1928 lsst_hardware_g -22.35155274534395 19.209999084472656 31.5 AB 3.869057646009608 1.1426350934488068
61007.2101 lsst_hardware_r -20.45630646425267 25.649999618530273 31.510000228881836 AB 4.276541024443782 1.0999333910606435
61010.2546 lsst_hardware_i -5.374506504532822 39.63999938964844 31.290000915527344 AB 8.114221242803396 1.0491962169456468
61010.2741 lsst_hardware_z 13.04096998557205 44.97999954223633 30.959999084472656 AB 8.203993628926753 1.0571021534105125
61012.2543 lsst_hardware_i -31.12536560865907 61.709999084472656 31.329999923706055 AB 6.533133435202276 1.0499123934501289
61012.2726 lsst_hardware_z 102.36227849312114 57.7400016784668 30.979999542236328 AB 6.597056474105643 1.0604576389790148
61014.2554 lsst_hardware_z 93.27051459999876 71.18000030517578 30.989999771118164 AB 3.3494731432948543 1.0522456076113818
61014.2749 lsst_hardware_r 150.90798793117727 103.30000305175781 31.649999618530273 AB 3.40798375930278 1.0688081204201105
61016.2574 lsst_hardware_i -57.84387307276079 66.69000244140625 31.31999969482422 AB 4.826397032575457 1.056855976914755
61016.2767 lsst_hardware_r 6.195821353158129 81.25 31.639999389648438 AB 4.881104338669222 1.0788162976393463
61019.2427 lsst_hardware_z 0.36616985658506107 65.05000305175781 31.709999084472656 AB 9.826398616059842 1.0527156321886773
61023.2271 lsst_hardware_i 37.19502921448698 30.479999542236328 31.25 AB 8.154905261690828 1.0507206006366723
61023.2459 lsst_hardware_z 5.332832082197739 41.5099983215332 30.950000762939453 AB 8.303895458279172 1.0637496183544881
61025.2211 lsst_hardware_i -9.662962253639488 30.479999542236328 31.25 AB 10.906902944170085 1.0505422633272006
61025.2388 lsst_hardware_u 0.9816290806421751 2.6500000953674316 28.399999618530273 AB 11.03102964204033 1.0620734709652495
61029.1829 lsst_hardware_i -21.651439957116697 30.450000762939453 31.25 AB 4.025139665515964 1.055589754495004
61029.2014 lsst_hardware_r -4.528576794217709 22.6200008392334 31.5 AB 4.077748481508168 1.0491634171974462
61031.1561 lsst_hardware_z 63.840234273595684 41.540000915527344 30.940000534057617 AB 3.780069083868692 1.0792745248857767
61031.1741 lsst_hardware_u 2.8551630559359444 2.609999895095825 28.3700008392334 AB 3.8838154120724613 1.0581161727479842
61033.1574 lsst_hardware_g 1.942304938050315 13.970000267028809 31.420000076293945 AB 6.668336903865807 1.0698009712214025
61033.1767 lsst_hardware_r -1.9582812753015364 22.790000915527344 31.5 AB 6.922971372829501 1.052736605341942
61035.1663 lsst_hardware_i 40.088766024798524 30.469999313354492 31.239999771118164 AB 7.359562772515382 1.055739889903225
61035.1884 lsst_hardware_z 30.723288917735918 41.119998931884766 30.940000534057617 AB 7.4360835751057035 1.0493556011720735
61037.1719 lsst_hardware_i 32.08912635401566 33.18000030517578 31.260000228881836 AB 6.329685238422601 1.050279630269237
61037.1923 lsst_hardware_z -17.948857054531878 41.86000061035156 30.950000762939453 AB 6.425669788410649 1.0520949305624403
61039.1606 lsst_hardware_z -31.86346715862476 48.09000015258789 30.959999084472656 AB 8.310202607764902 1.0525905772976996
61039.1804 lsst_hardware_r 73.69387011032595 47.380001068115234 31.6200008392334 AB 9.763708100970405 1.04986108612585
61047.1385 lsst_hardware_g -34.561667233873834 39.970001220703125 31.690000534057617 AB 8.396836203858639 1.0527188186541818
61047.1612 lsst_hardware_r 11.42899379732707 50.41999816894531 31.6299991607666 AB 8.364615038583567 1.050589065154621
61057.1155 lsst_hardware_g -25.101978118203466 13.479999542236328 31.389999389648438 AB 2.1684235241711027 1.0508473584546174
61057.1351 lsst_hardware_r -4.2884399398276445 22.260000228881836 31.479999542236328 AB 1.582112024894661 1.0510044452356526
61059.0874 lsst_hardware_r -15.759752237344195 22.270000457763672 31.479999542236328 AB 4.155187154706018 1.068560655261604
61059.1071 lsst_hardware_i 15.834700301721577 30.079999923706055 31.239999771118164 AB 4.089747197712106 1.0520475545573382
61065.0857 lsst_hardware_i 34.77260212601613 31.65999984741211 31.25 AB 8.381774503837766 1.0548419964557973
61065.1071 lsst_hardware_z 10.544014855978991 41.54999923706055 30.940000534057617 AB 8.355097708028273 1.0494266477180971
61067.0789 lsst_hardware_i 20.940138034755886 38.9900016784668 31.280000686645508 AB 12.035525243999977 1.0557478284210506
61067.0963 lsst_hardware_z -1.0704052269862854 45.13999938964844 30.959999084472656 AB 11.981768269138412 1.049191617262558
61069.0798 lsst_hardware_z -0.79950423172537 54.279998779296875 30.969999313354492 AB 13.346210587060229 1.0520424552309813
61069.0978 lsst_hardware_r 69.12802362517368 63.220001220703125 31.639999389648438 AB 11.942489485081254 1.0497046220516177
61071.0636 lsst_hardware_i 22.401859395891577 69.19999694824219 31.329999923706055 AB 9.54592657452626 1.059187414649229
61071.0819 lsst_hardware_r 61.14994669475122 86.33000183105469 31.65999984741211 AB 9.48421051434096 1.049602757231182
61072.0751 lsst_hardware_z 5.7934410417324935 93.97000122070312 31.739999771118164 AB 8.52919261531085 1.0506519604965323
61074.0666 lsst_hardware_r -74.07431298089209 72.68000030517578 31.649999618530273 AB 8.17644535013042 1.051835768975419
61074.0853 lsst_hardware_i -56.01221143859793 63.220001220703125 31.329999923706055 AB 7.636455883137522 1.0499612795770985
61076.0644 lsst_hardware_z 6.278565729559024 45.75 30.959999084472656 AB 6.228178068013902 1.0505782515626485
61076.0843 lsst_hardware_r -102.0261549999024 42.900001525878906 31.6200008392334 AB 6.487093551188392 1.0514211974156609
61078.038 lsst_hardware_y 28.184700437976623 48.34000015258789 30.040000915527344 AB 5.044506963204285 1.065647100756106
61078.0572 lsst_hardware_u 1.6463303361238226 2.5299999713897705 28.31999969482422 AB 6.6017045507672725 1.0511989412330787
61080.0377 lsst_hardware_y 27.384910773685327 49.08000183105469 30.040000915527344 AB 5.867039424685426 1.060372207606248
61080.0575 lsst_hardware_r -11.179655363600729 22.059999465942383 31.479999542236328 AB 6.392578625265468 1.049569607913551
61082.0342 lsst_hardware_y 42.16019341385342 48.83000183105469 30.049999237060547 AB 0.6081884497921846 1.0586395992901385
61082.0511 lsst_hardware_r -15.360396050958096 22.149999618530273 31.489999771118164 AB 1.0519377763806537 1.0497507955565775
61084.0325 lsst_hardware_z -78.27496998276554 43.33000183105469 30.950000762939453 AB 3.5824452345063 1.0557304227425246
61084.0489 lsst_hardware_g -23.40266325882206 13.390000343322754 31.40999984741211 AB 2.5944676329153884 1.0492589510307528
61086.032 lsst_hardware_y -91.46525768071207 49.63999938964844 30.040000915527344 AB 2.2689494555374567 1.0527139447281735
61086.0499 lsst_hardware_i 84.22218443292459 30.34000015258789 31.25 AB 1.7960332643970522 1.0494424294086102
61088.0296 lsst_hardware_y 2.4353192965677257 49.4900016784668 30.049999237060547 AB 1.4857684774842914 1.0513132690495701
61088.0465 lsst_hardware_r -9.36803448084971 22.18000030517578 31.489999771118164 AB 1.2889221907250066 1.0498246310120192
61092.0172 lsst_hardware_y 57.675164394309704 69.45999908447266 30.06999969482422 AB 4.279838827320116 1.0519451462013314
61092.0357 lsst_hardware_z -55.689024700472565 41.290000915527344 30.950000762939453 AB 4.172110866298126 1.049851752968829
61094.0246 lsst_hardware_y -183.07683275962594 83.05999755859375 30.809999465942383 AB 7.435425933130993 1.0491517572764057
61097.0126 lsst_hardware_y -14.148594716665272 73.52999877929688 30.059999465942383 AB 7.242555375193976 1.049341549578959
61097.0262 lsst_hardware_z 66.59040322916027 50.4900016784668 30.969999313354492 AB 7.230722788753472 1.0511171966352308
