data/validation/pwv_sim_epoch_fit_epoch/23674912.ecsv
# %ECSV 0.9
# ---
# datatype:
# - {name: time, datatype: float64}
# - {name: band, datatype: string}
# - {name: flux, datatype: float64}
# - {name: fluxerr, datatype: float64}
# - {name: zp, datatype: float64}
# - {name: zpsys, datatype: string}
# - {name: pwv, datatype: float64}
# - {name: airmass, datatype: float64}
# meta: {SNID: '23674912', alt: 1024.0, c: -0.08768369257450104, dec: -2.238686, lat: -30.244573, lon: -70.7499537, ra: 297.421875, t0: 62007.6640625,
#   x0: 1.583062868484327e-05, x1: -1.2311244010925293, z: 0.37896430492401123}
# schema: astropy-2.0
time band flux fluxerr zp zpsys pwv airmass
61887.3178 lsst_hardware_i 9.614952179022112 48.56999969482422 31.940000534057617 AB 2.949636294192881 1.4554724918916762
61887.3487 lsst_hardware_y 8.946264628954877 70.75 30.719999313354492 AB 2.850037838562489 1.2816839327968024
61890.4118 lsst_hardware_r -39.24911814839016 24.649999618530273 31.5 AB 12.968248529269006 1.1343648940214603
61893.3533 lsst_hardware_z 84.03149716054027 44.15999984741211 30.93000030517578 AB 13.972401247337949 1.2088159400746576
61893.3716 lsst_hardware_y -116.42285890120048 48.869998931884766 30.0 AB 13.467136062096246 1.1671479015553363
61894.3072 lsst_hardware_u 0.13010280942146799 2.5999999046325684 28.200000762939453 AB 12.832123539664321 1.3978094304385529
61896.4096 lsst_hardware_r 24.012937149749813 24.290000915527344 31.5 AB 3.0172404083264017 1.134620817270434
61896.43 lsst_hardware_z 69.01465303927765 69.56999969482422 30.979999542236328 AB 2.76059674635517 1.1507281143623052
61898.4026 lsst_hardware_z 79.98487373675508 50.77000045776367 30.959999084472656 AB 11.979052332603548 1.1341651517329623
61898.4249 lsst_hardware_y -7.449075677263843 56.40999984741211 30.020000457763672 AB 12.251974106241919 1.151185759502823
61900.3978 lsst_hardware_z 3.431639640187789 62.4900016784668 30.979999542236328 AB 8.908989995322873 1.1343492556063481
61900.4183 lsst_hardware_y 93.37635691884837 55.54999923706055 30.020000457763672 AB 8.738197988236033 1.1497628931889519
61909.3563 lsst_hardware_z -22.354505400017096 43.540000915527344 30.940000534057617 AB 9.281211834976476 1.135733215244307
61909.3775 lsst_hardware_r 20.522203276778036 27.43000030517578 31.520000457763672 AB 10.902219406925758 1.1360028557805313
61925.2724 lsst_hardware_i -117.97789707487341 62.060001373291016 32.02000045776367 AB 13.626066783826943 1.1920014682407385
61925.3068 lsst_hardware_z 42.15668823008698 65.69999694824219 31.700000762939453 AB 13.723589026883547 1.1391470274862352
61927.3023 lsst_hardware_z 122.43667893805313 56.79999923706055 30.969999313354492 AB 6.895213064557088 1.1384814768524871
61927.3275 lsst_hardware_r -79.94290821849604 71.7699966430664 31.6200008392334 AB 7.032868783779254 1.1356158216985714
61946.1473 lsst_hardware_g -5.1733579998249475 14.4399995803833 31.270000457763672 AB 6.061144241179656 1.53039874793073
61946.1614 lsst_hardware_r -5.885358688333256 24.549999237060547 31.43000030517578 AB 5.6653865136907315 1.422748998917813
61948.2512 lsst_hardware_i 19.832371998372203 31.670000076293945 31.229999542236328 AB 8.08201594955504 1.13516774421392
61948.2745 lsst_hardware_r -11.991629925351607 23.639999389648438 31.479999542236328 AB 8.090172578431115 1.1379650100943992
61952.2083 lsst_hardware_z 16.504958221779564 44.95000076293945 30.940000534057617 AB 8.707745710586552 1.171274909789365
61952.2289 lsst_hardware_g 25.92397129104397 19.979999542236328 31.510000228881836 AB 8.873070706299783 1.1425535290110005
61957.2249 lsst_hardware_z 125.96322945341002 74.77999877929688 30.979999542236328 AB 4.9721101346782355 1.1359197657567457
61957.2462 lsst_hardware_r 55.25431753139241 109.37999725341797 31.639999389648438 AB 4.953125089007283 1.135907599818205
61959.2184 lsst_hardware_i 119.6706929082672 129.5500030517578 31.31999969482422 AB 1.7933881704263692 1.1364343900890919
61959.2381 lsst_hardware_z 174.11406942203766 103.55000305175781 30.989999771118164 AB 1.7876296093446233 1.1348227959654806
61961.2153 lsst_hardware_i -11.367852602779365 93.41000366210938 31.329999923706055 AB 11.01542479859709 1.1353376986907366
61961.2345 lsst_hardware_z -20.141180581974297 80.51000213623047 30.979999542236328 AB 11.007328618809124 1.135556597538768
61963.2108 lsst_hardware_z 45.26090502352113 58.0 30.969999313354492 AB 7.97850352668353 1.1349626269331226
61963.231 lsst_hardware_r -12.89732179876262 70.12000274658203 31.6200008392334 AB 8.052265158847984 1.1364962234030698
61967.2323 lsst_hardware_u -3.730914154780934 3.0 28.40999984741211 AB 3.352799584228471 1.1462562681122979
61967.2503 lsst_hardware_g 30.982091491695915 19.709999084472656 31.489999771118164 AB 3.7799959648748036 1.173456256072892
61975.1963 lsst_hardware_g -10.207142844174571 14.720000267028809 31.399999618530273 AB 6.257007013812471 1.1355729607645138
61975.2158 lsst_hardware_r -1.9494596803685509 23.989999771118164 31.479999542236328 AB 7.240818054272669 1.1526905896958348
61977.1911 lsst_hardware_i -25.020701499028934 31.829999923706055 31.229999542236328 AB 12.3677446896928 1.1356887097306694
61977.2079 lsst_hardware_z 0.23290974221006322 43.16999816894531 30.93000030517578 AB 12.400413984248207 1.1495879838922334
61980.1879 lsst_hardware_i 9.441291326902649 32.88050694037102 31.239999771118164 AB 4.744053291362354 1.1384817113899972
61980.2067 lsst_hardware_z -79.97066281184146 43.190772958940684 30.93000030517578 AB 4.809715272340868 1.1592468720995102
61982.1803 lsst_hardware_z -26.120927243919663 47.10418965273487 30.950000762939453 AB 4.116765886091733 1.1371496128973781
61982.1986 lsst_hardware_r -28.39833820928053 42.12322001845719 31.579999923706055 AB 4.265171538947232 1.155325127364321
61984.1539 lsst_hardware_r -18.42723139976045 73.07241389658931 31.6299991607666 AB 2.105457398408156 1.1348135456745363
61984.1739 lsst_hardware_i 68.77285437485422 61.33709478328258 31.309999465942383 AB 2.066393314805972 1.136629986141899
61989.1334 lsst_hardware_z 448.08508734598746 89.08382510064426 30.989999771118164 AB 3.056221006315681 1.138257358031911
61989.1537 lsst_hardware_r 622.1393983433774 133.212488913451 31.639999389648438 AB 3.036721920033853 1.1340925880868367
61991.1145 lsst_hardware_i 719.9166089045441 71.61459309483797 31.309999465942383 AB 4.380681413994588 1.1511951858780451
61991.133 lsst_hardware_z 426.93643283638687 65.63369557564675 30.969999313354492 AB 4.904561080354088 1.135512202431924
61993.1138 lsst_hardware_i 1090.4648029327784 52.811055094010015 31.280000686645508 AB 8.580599065649897 1.1456583380190348
61993.1316 lsst_hardware_z 735.419374087109 55.91250462349306 30.959999084472656 AB 9.308398841616032 1.1341332734226053
61996.1235 lsst_hardware_g 1496.6773023486974 41.739667986855146 31.43000030517578 AB 4.125331161576006 1.1341116595397953
61996.1436 lsst_hardware_r 2531.8770622463976 55.3897384097366 31.5 AB 3.5088061558131414 1.1380834627066436
62000.098 lsst_hardware_r 4156.99602561222 67.66955137993187 31.5 AB 2.9768861669264566 1.1424296908477238
62000.1173 lsst_hardware_i 2907.555083403529 61.693773541888994 31.25 AB 2.9713230426357646 1.133443846132277
62010.0248 lsst_hardware_g 3014.5109471389787 62.90704147368155 31.600000381469727 AB 4.380832083818068 1.2367080315662184
62010.0344 lsst_hardware_r 5341.853860477966 81.36274849037069 31.559999465942383 AB 4.238662204354719 1.207366750195989
62014.0488 lsst_hardware_z 2533.9632702808076 90.79080686156848 30.979999542236328 AB 1.4800672489938662 1.1550993098287197
62014.0666 lsst_hardware_i 3822.211801441433 108.26151491937466 31.31999969482422 AB 1.4599821085733398 1.13735297993249
62019.0598 lsst_hardware_z 3863.95899472974 110.29361168822133 31.719999313354492 AB 0.6796676715127316 1.134354945501082
62022.0213 lsst_hardware_g 883.6041406394992 33.688822937050446 31.399999618530273 AB 3.0377272074417747 1.1638801561079595
62022.0393 lsst_hardware_r 2729.362740363165 56.69732965551866 31.489999771118164 AB 2.984827417146653 1.1412435560222982
62028.0232 lsst_hardware_i 2023.4137441904809 54.92614210912247 31.25 AB 1.467338365286497 1.141009615308318
62028.0418 lsst_hardware_z 1439.0724840521593 56.633080072359355 30.940000534057617 AB 1.3434009413131505 1.1334325596398656
62029.0226 lsst_hardware_r 1538.2310403565573 45.645074292861544 31.489999771118164 AB 2.8909309272696424 1.1393579587242417
62029.0411 lsst_hardware_g 471.5582288758586 25.58706168986874 31.420000076293945 AB 2.8370417922978444 1.1335320472656638
62032.0231 lsst_hardware_r 1183.520883273591 42.058360678160284 31.489999771118164 AB 6.694918025860587 1.13473186878993
62032.0425 lsst_hardware_i 1664.1421000886717 51.91129082704365 31.239999771118164 AB 6.362293694326145 1.1364621067567848
62034.025 lsst_hardware_z 1238.6921127119583 54.87002618821202 30.940000534057617 AB 4.420394747429961 1.133434550623067
62034.0447 lsst_hardware_i 1686.6335440018427 50.798641222641535 31.239999771118164 AB 4.456061000199499 1.1417502669512318
62035.9924 lsst_hardware_y 329.3265832692511 53.45536544261846 30.010000228881836 AB 1.2884515078619847 1.1502319665486291
62036.0134 lsst_hardware_u 15.744843284992777 4.813249173663658 28.399999618530273 AB 1.7015269942577 1.1343513295051333
62040.0018 lsst_hardware_z 2193.303532313022 85.85766473229917 31.709999084472656 AB 3.534611571275124 1.1345550048228297
62044.9918 lsst_hardware_y 343.47644755681216 64.11862969652421 30.030000686645508 AB 8.041900753695302 1.1336999723261156
62045.011 lsst_hardware_i 1066.2858084999 80.25529849868236 31.309999465942383 AB 5.680223672655411 1.1388919644421878
62253.4037 lsst_hardware_r -46.48877426618055 53.63999938964844 31.6200008392334 AB 1.6003911048081074 1.1431365034343626
62253.4205 lsst_hardware_y 38.35088647841775 55.68000030517578 30.030000686645508 AB 1.8358943990611405 1.1337930517592345
62255.4068 lsst_hardware_z 159.45325663861226 87.4800033569336 31.719999313354492 AB 14.216238844936521 1.1367989160718501
62258.402 lsst_hardware_i 46.37259839547377 66.45999908447266 31.309999465942383 AB 11.800021692177815 1.1351996240550744
62258.42 lsst_hardware_y -77.93838490767266 60.439998626708984 30.030000686645508 AB 12.706749153779139 1.1352068928331571
62260.4014 lsst_hardware_r -49.27444451125276 63.939998626708984 31.6200008392334 AB 10.083211995990158 1.1337944523227315
62260.4188 lsst_hardware_y 15.395215721572105 56.5099983215332 30.030000686645508 AB 10.122017340355878 1.1373053191411098
62265.3922 lsst_hardware_u -2.7356114499440283 2.859999895095825 28.440000534057617 AB 8.6338473193327 1.133422687145782
62265.4101 lsst_hardware_y -0.09011417333280541 48.709999084472656 30.010000228881836 AB 8.776295913712607 1.140766366600387
62267.3707 lsst_hardware_g 15.232026212946117 14.850000381469727 31.440000534057617 AB 7.794510847588757 1.1388823564565431
62267.3896 lsst_hardware_r 14.378683759547089 24.040000915527344 31.510000228881836 AB 8.615694204474858 1.1336439742730078
62269.3653 lsst_hardware_i -5.365803046948913 31.899999618530273 31.239999771118164 AB 6.973411447323022 1.1388415379615435
62269.3867 lsst_hardware_z 78.46782769735272 42.939998626708984 30.940000534057617 AB 7.489157786530812 1.1341480746892043
62271.3623 lsst_hardware_r 31.764181491017293 23.760000228881836 31.489999771118164 AB 8.684756931481202 1.1372692897899825
62271.3833 lsst_hardware_u -1.064380882012002 2.75 28.43000030517578 AB 8.629786775186613 1.134764147122359
62276.3644 lsst_hardware_g 11.484926035890085 14.5600004196167 31.399999618530273 AB 8.709210582940846 1.133568994265371
62276.3851 lsst_hardware_i 78.86044556433988 31.829999923706055 31.239999771118164 AB 8.140185433984088 1.1454294700728496
62278.3297 lsst_hardware_r -4.509693922761453 23.739999771118164 31.489999771118164 AB 4.839071188010902 1.14928659019382
62278.3507 lsst_hardware_z -8.880492072275953 42.5099983215332 30.940000534057617 AB 4.793628196158422 1.1341391631289364
62281.3177 lsst_hardware_r -36.70573929177767 55.900001525878906 31.610000610351562 AB 8.425753924675313 1.1542128663938784
62281.3375 lsst_hardware_y 155.059787772958 50.0 30.020000457763672 AB 8.292448975222108 1.1359519144139874
62284.3178 lsst_hardware_z -75.63615923523555 72.69999694824219 30.979999542236328 AB 9.078212266179191 1.1443725741284085
62284.3408 lsst_hardware_r -19.159626673579677 106.9000015258789 31.639999389648438 AB 10.226968359622376 1.1334437341534842
62286.2964 lsst_hardware_i -110.50886781201459 134.4499969482422 32.06999969482422 AB 14.815800138349662 1.1662311192025867
62290.3112 lsst_hardware_g 26.7410669593864 41.33000183105469 31.65999984741211 AB 10.767867178763126 1.1368403070988071
62290.3363 lsst_hardware_i 2.396075274760738 43.290000915527344 31.280000686645508 AB 12.041342227347057 1.1369767934672463
62301.283 lsst_hardware_r 17.172973785773912 23.579999923706055 31.489999771118164 AB 14.099908600010322 1.1359137935209787
62303.2894 lsst_hardware_r 12.777603609509056 23.559999465942383 31.479999542236328 AB 7.480931175395648 1.1334744205144922
62303.3084 lsst_hardware_u -2.441183387895489 2.6700000762939453 28.360000610351562 AB 7.402224665204336 1.1425390183606925
62305.2888 lsst_hardware_g -38.91343439661493 14.65999984741211 31.43000030517578 AB 5.761316942829665 1.1342663622843545
62305.3094 lsst_hardware_r 31.35438830973696 23.760000228881836 31.489999771118164 AB 5.383530967969823 1.1493447839389033
62307.2597 lsst_hardware_r 42.65994339057096 23.68000030517578 31.489999771118164 AB 3.995162008689359 1.1402260406286522
62307.2793 lsst_hardware_i 34.29788675749429 31.56999969482422 31.239999771118164 AB 3.984097758980693 1.1335365983300927
62309.2614 lsst_hardware_z -7.4128094870830825 48.720001220703125 30.950000762939453 AB 2.8599583390129832 1.1358055357478092
62309.2789 lsst_hardware_r -4.45166405090187 45.90999984741211 31.600000381469727 AB 2.8557053569344233 1.1345670865849915
62313.257 lsst_hardware_r -103.17292409917236 134.52000427246094 31.639999389648438 AB 6.499890419721665 1.1337677341220418
62313.2771 lsst_hardware_z 21.861810150326335 89.22000122070312 30.979999542236328 AB 6.566037574914495 1.1392942480223263
62318.2275 lsst_hardware_r 43.38182600024171 57.43000030517578 31.6200008392334 AB 8.68624962148889 1.1420259823151315
62318.2479 lsst_hardware_y 52.25735379714195 51.2599983215332 30.020000457763672 AB 8.731023710882901 1.1334575763836041
62320.2726 lsst_hardware_u -0.49264536162894457 9.399999618530273 29.729999542236328 AB 7.441293980286511 1.1547631875056936
62320.2871 lsst_hardware_g -24.331711556476332 31.65999984741211 31.610000610351562 AB 7.626403831809627 1.1803294767745602
62324.2418 lsst_hardware_r -7.165353893845111 24.010000228881836 31.489999771118164 AB 2.0450121589768298 1.1361178660982387
62324.2622 lsst_hardware_i -13.675380203995307 32.11000061035156 31.239999771118164 AB 1.8451449906554631 1.1555025512923933
62326.2255 lsst_hardware_z -46.382697020227866 43.04999923706055 30.940000534057617 AB 2.4706391173390014 1.1334506789031666
62326.2446 lsst_hardware_r -32.223887429867204 24.079999923706055 31.489999771118164 AB 2.4685657568387316 1.1416652823858162
62329.2097 lsst_hardware_u -1.4330055169976093 2.700000047683716 28.3700008392334 AB 7.973162061324161 1.1346735696009338
62329.2299 lsst_hardware_g 23.8120525963295 14.880000114440918 31.420000076293945 AB 8.039537196525638 1.137040158854263
62331.2052 lsst_hardware_r -19.105443020125673 24.1299991607666 31.5 AB 8.261493420938173 1.1343790311835833
62331.2275 lsst_hardware_z -85.21249900805577 42.97999954223633 30.940000534057617 AB 7.51155994161332 1.1389780047935285
62333.2022 lsst_hardware_r 17.80402221918584 24.100000381469727 31.489999771118164 AB 3.5063061726444973 1.133809595034485
62333.2215 lsst_hardware_u 5.850706828628045 2.6700000762939453 28.350000381469727 AB 3.312776068951312 1.1386066571406102
62335.2108 lsst_hardware_g -10.333541246161618 14.789999961853027 31.40999984741211 AB 2.355953837253835 1.135673095808407
62335.2319 lsst_hardware_r 6.9155330309834415 24.100000381469727 31.489999771118164 AB 2.384184811232314 1.155128300015656
62344.1687 lsst_hardware_r 161.38424542682117 169.83999633789062 32.38999938964844 AB 3.512823545626394 1.1346940120462108
62344.1898 lsst_hardware_i 149.4308259710432 135.5399932861328 32.08000183105469 AB 3.520701141012985 1.137544795157669
62349.1312 lsst_hardware_i 62.09112875257465 32.06999969482422 31.239999771118164 AB 4.786840685667514 1.1554277024642496
62349.1534 lsst_hardware_u -0.007036593150472032 2.7200000286102295 28.389999389648438 AB 4.72067307892189 1.1353002574714475
62350.1215 lsst_hardware_g 8.58157134751568 15.069999694824219 31.43000030517578 AB 1.8562699475107773 1.1665482780896614
62350.1404 lsst_hardware_r -20.973275890580425 24.1299991607666 31.489999771118164 AB 2.0914026951602693 1.141803109277672
62353.1138 lsst_hardware_i -19.94534422491905 32.099998474121094 31.239999771118164 AB 2.7735570841932815 1.1656866422779273
62353.1339 lsst_hardware_r 19.179351536524862 24.030000686645508 31.489999771118164 AB 2.3446759923087477 1.1404066110451108
62355.1238 lsst_hardware_u 4.33836488215597 2.7799999713897705 28.440000534057617 AB 3.244429728786977 1.144554231698134
62355.1458 lsst_hardware_g -12.50614905702101 14.979999542236328 31.440000534057617 AB 2.96929692718738 1.1334636444283166
62363.1292 lsst_hardware_z 22.82972111585194 43.130001068115234 30.940000534057617 AB 3.772211171866559 1.1339880270153493
62363.151 lsst_hardware_g -23.751080492015394 15.050000190734863 31.420000076293945 AB 3.866883934564326 1.1493190472772554
62370.1118 lsst_hardware_z 12.034570933508379 131.6300048828125 31.739999771118164 AB 3.1216501164505677 1.1344235909695894
62372.0919 lsst_hardware_r -263.3220075834976 124.88999938964844 31.639999389648438 AB 3.262605830334024 1.134819419246617
62373.059 lsst_hardware_z 169.2548791721974 72.81999969482422 30.969999313354492 AB 4.876028049163821 1.1660257186976317
62377.0486 lsst_hardware_i 5.7662193846527305 31.799999237060547 31.229999542236328 AB 6.524659474204812 1.1651177632508594
62377.074 lsst_hardware_u -2.252672979687633 3.759999990463257 29.110000610351562 AB 6.365463090903806 1.136689837661394
62377.0977 lsst_hardware_g 5.936497338915255 14.350000381469727 31.399999618530273 AB 5.672066495060224 1.1364399502566693
62384.0531 lsst_hardware_u 1.3263822430157344 2.690000057220459 28.3799991607666 AB 1.3378614038809402 1.1377178687953569
62384.0721 lsst_hardware_g -10.200053938573294 14.520000457763672 31.40999984741211 AB 1.3454504871897845 1.1340455044094553
62388.0225 lsst_hardware_i -7.807500849604617 31.850000381469727 31.229999542236328 AB 3.0134080692910645 1.1587059994710578
62388.0388 lsst_hardware_z 30.077542205196576 42.81999969482422 30.93000030517578 AB 2.975912642234271 1.1400508142897219
62391.0234 lsst_hardware_i 49.71972542400608 32.06999969482422 31.239999771118164 AB 2.5231737471321196 1.1467668433733074
62391.0424 lsst_hardware_u -3.9761319170673644 2.9200000762939453 28.479999542236328 AB 3.322323000579408 1.1341244277001405
62394.0217 lsst_hardware_g -10.72619862785789 34.29999923706055 31.6299991607666 AB 1.4544721057838408 1.140613336126487
62394.0406 lsst_hardware_r 12.217085654365539 38.70000076293945 31.579999923706055 AB 1.4462354733437635 1.1334874064479892
62398.0203 lsst_hardware_z 55.97223063452716 104.48999786376953 31.729999542236328 AB 6.696741843050911 1.135040990347612
62401.9939 lsst_hardware_y 271.2450499035508 77.77999877929688 30.770000457763672 AB 1.3226981689387278 1.1461855883351193
62402.0159 lsst_hardware_z 91.27278991594912 89.38999938964844 31.729999542236328 AB 1.7003248797518915 1.1335499198345944
62404.994 lsst_hardware_y 82.42184067028072 50.09000015258789 30.010000228881836 AB 3.514836410309551 1.1388696347703977
62405.0144 lsst_hardware_u -1.5399842470150764 2.630000114440918 28.329999923706055 AB 3.810513774825493 1.1339689836798412
62407.9903 lsst_hardware_y 64.8981295427848 54.90999984741211 30.020000457763672 AB 4.259450293370127 1.1362068981558417
62408.0087 lsst_hardware_r -10.1494128842553 23.780000686645508 31.479999542236328 AB 3.8801501172286987 1.1346297586749956
62409.9901 lsst_hardware_y 9.929787180131123 56.52000045776367 30.020000457763672 AB 3.454866568732272 1.1342306528996298
62410.0092 lsst_hardware_r 8.95932201794416 23.829999923706055 31.479999542236328 AB 6.9094506953705395 1.1373269367705672
