data/validation/pwv_sim_epoch_fit_epoch/24153801.ecsv
# %ECSV 0.9
# ---
# datatype:
# - {name: time, datatype: float64}
# - {name: band, datatype: string}
# - {name: flux, datatype: float64}
# - {name: fluxerr, datatype: float64}
# - {name: zp, datatype: float64}
# - {name: zpsys, datatype: string}
# - {name: pwv, datatype: float64}
# - {name: airmass, datatype: float64}
# meta: {SNID: '24153801', alt: 1024.0, c: 0.06552883237600327, dec: -61.001064, lat: -30.244573, lon: -70.7499537, ra: 302.38855, t0: 60892.40625,
#   x0: 5.621730685824313e-06, x1: 0.5047253966331482, z: 0.5846688747406006}
# schema: astropy-2.0
time band flux fluxerr zp zpsys pwv airmass
[from data line 132]
61260.2023 lsst_hardware_g 7.3464798188953235 13.579999923706055 31.360000610351562 AB 3.885046366822733 1.184645942010286
61263.1284 lsst_hardware_r 17.157038503199217 22.700000762939453 31.469999313354492 AB 9.605055415997075 1.1681311124034768
61263.1399 lsst_hardware_i -13.087709648210053 31.110000610351562 31.229999542236328 AB 9.556813937837571 1.1639392184438173
61266.1268 lsst_hardware_z -66.85551281225146 42.81999969482422 30.940000534057617 AB 3.4868634089052155 1.1653630666164208
61266.14 lsst_hardware_r 5.197089126301421 22.860000610351562 31.489999771118164 AB 3.5964741872137003 1.1627785926976075
61268.1343 lsst_hardware_u 0.7304747575928447 2.7200000286102295 28.43000030517578 AB 6.191383159248083 1.1627920480628686
61268.1463 lsst_hardware_r -2.9167755782665936 22.8700008392334 31.479999542236328 AB 6.226269673628903 1.1637887240427855
61274.1117 lsst_hardware_r -100.71933265995078 54.15999984741211 31.610000610351562 AB 3.167780800658055 1.1635558496448322
61274.1222 lsst_hardware_i 25.853402632568105 48.869998931884766 31.290000915527344 AB 3.242408852684134 1.1627788605645093
61276.1121 lsst_hardware_z -20.61358720584248 61.88999938964844 30.969999313354492 AB 3.297070679622953 1.1628169920786315
61276.1241 lsst_hardware_r 12.400046807145575 79.19000244140625 31.6200008392334 AB 3.329201408416974 1.1637173580251583
61278.1123 lsst_hardware_z -35.66329833008606 68.69000244140625 30.969999313354492 AB 2.1847802146071262 1.1628387552242312
61278.1232 lsst_hardware_r 62.17677132889151 95.08000183105469 31.6299991607666 AB 2.1970276779177675 1.1649139331483391
61280.1122 lsst_hardware_i -51.862677099424694 78.20999908447266 31.309999465942383 AB 4.076024064085474 1.1635255903950161
61280.1238 lsst_hardware_z 72.56044570296099 68.79000091552734 30.969999313354492 AB 4.096216196907837 1.167234858541367
61281.1085 lsst_hardware_r 40.19402211942329 87.72000122070312 31.6299991607666 AB 5.803393823403115 1.1633544799845876
61281.1194 lsst_hardware_z 188.96768629914936 62.880001068115234 30.969999313354492 AB 5.8255675441264465 1.1665133248150674
61286.059 lsst_hardware_r -26.912190003425813 22.540000915527344 31.459999084472656 AB 1.6509412388673201 1.1719192467558617
61286.0727 lsst_hardware_u -0.895345687173893 2.559999942779541 28.309999465942383 AB 1.695856152884378 1.1652031969431742
61296.0959 lsst_hardware_r -10.008282909609742 22.770000457763672 31.459999084472656 AB 3.168295202202613 1.1772578549750177
61296.1074 lsst_hardware_i -5.603385127837376 31.65999984741211 31.229999542236328 AB 3.0891584362854254 1.1882521151208485
61299.0396 lsst_hardware_z -45.96834644419578 42.959999084472656 30.940000534057617 AB 2.939719663953924 1.16447600077408
61299.052 lsst_hardware_r 6.466336983198281 24.209999084472656 31.5 AB 3.078190399488854 1.1627513470746111
61303.0485 lsst_hardware_z 38.77642306992255 72.12999725341797 31.709999084472656 AB 6.48584030343364 1.1633794266248683
61305.0426 lsst_hardware_r -32.67704282856173 63.900001525878906 31.610000610351562 AB 2.972254376892622 1.1633089537740202
61305.0557 lsst_hardware_z -59.806875352793874 55.5 30.959999084472656 AB 2.9661722836806317 1.1673247869660102
61307.0449 lsst_hardware_r 1.6215099206052705 77.98999786376953 31.6200008392334 AB 3.521486233371695 1.16521907021611
61307.0567 lsst_hardware_y 16.651909341476497 53.689998626708984 30.010000228881836 AB 3.571955499958967 1.1707490986426499
61309.0395 lsst_hardware_z 26.818066941095903 61.25 30.969999313354492 AB 3.7687772981966243 1.165240842480663
61309.0511 lsst_hardware_r 14.034610658171657 85.80000305175781 31.6200008392334 AB 3.4022505113226402 1.1706668426056397
61311.0306 lsst_hardware_r 29.8838884950726 57.349998474121094 31.610000610351562 AB 5.526372702238581 1.164223033370771
61311.0431 lsst_hardware_i 9.09031339433472 54.439998626708984 31.290000915527344 AB 5.234095114975453 1.169216504024748
61313.0282 lsst_hardware_z 6.8586885731692115 42.900001525878906 30.940000534057617 AB 3.928388002244777 1.1651175488615255
61313.0402 lsst_hardware_r 0.6151163887575768 22.8700008392334 31.479999542236328 AB 3.917395482294953 1.1706822509659927
61315.0311 lsst_hardware_u 0.6982069754034423 2.5899999141693115 28.31999969482422 AB 5.840408798790629 1.1686466056175078
61315.0436 lsst_hardware_g -31.71438970599067 13.479999542236328 31.350000381469727 AB 5.75841412100397 1.176927928262014
61317.031 lsst_hardware_r -22.582412431934628 22.850000381469727 31.469999313354492 AB 2.8407224267353466 1.1717540602511711
61317.0418 lsst_hardware_z -0.571139508993144 43.04999923706055 30.93000030517578 AB 2.7624929924359374 1.1800482667389738
61319.0306 lsst_hardware_r -5.819933709496317 23.15999984741211 31.479999542236328 AB 4.0235433633064766 1.1753005126379392
61319.0419 lsst_hardware_u 0.47759157653391016 2.7300000190734863 28.420000076293945 AB 4.498597587760266 1.185401208895986
61323.0784 lsst_hardware_i 0.5794734901942992 32.189998626708984 31.219999313354492 AB 3.0893056252599576 1.2634335595092185
61323.0904 lsst_hardware_z -27.13305989058937 44.560001373291016 30.93000030517578 AB 4.098072076254992 1.2934472623634903
