data/validation/pwv_sim_epoch_fit_epoch/24226490.ecsv
# %ECSV 0.9
# ---
# datatype:
# - {name: time, datatype: float64}
# - {name: band, datatype: string}
# - {name: flux, datatype: float64}
# - {name: fluxerr, datatype: float64}
# - {name: zp, datatype: float64}
# - {name: zpsys, datatype: string}
# - {name: pwv, datatype: float64}
# - {name: airmass, datatype: float64}
# meta: {SNID: '24226490', alt: 1024.0, c: 0.11789070069789886, dec: -41.41119, lat: -30.244573, lon: -70.7499537, ra: 79.628906, t0: 62150.9296875,
#   x0: 3.568001936161078e-06, x1: 1.202107310295105, z: 0.7042830586433411}
# schema: astropy-2.0
time band flux fluxerr zp zpsys pwv airmass
62044.3931 lsst_hardware_r 64.15137571650483 30.459999084472656 31.56999969482422 AB 4.32195007313671 1.0192076578557583
62057.3743 lsst_hardware_r 47.57626141583044 25.209999084472656 31.530000686645508 AB 5.52763937905763 1.0236369220477093
62059.38 lsst_hardware_z 98.86232239133672 63.380001068115234 30.989999771118164 AB 8.040441529332638 1.0308258370939278
62064.369 lsst_hardware_r -35.278874169039774 24.360000610351562 31.530000686645508 AB 2.6004303402259024 1.0330441315824845
62065.3649 lsst_hardware_r 15.379738211578266 22.81999969482422 31.489999771118164 AB 3.254271174437274 1.0318735392587473
62067.3645 lsst_hardware_z 28.485617815365075 42.779998779296875 30.959999084472656 AB 3.682213107022271 1.0364645638080474
62070.3553 lsst_hardware_u -0.4135464318889292 3.1500000953674316 28.579999923706055 AB 3.1549674947813164 1.0354906716639078
62070.3666 lsst_hardware_g 6.444650022967922 21.420000076293945 31.579999923706055 AB 3.2319699450106008 1.0480931612832993
62077.3387 lsst_hardware_i -38.892192275203186 62.34000015258789 31.329999923706055 AB 5.065204977025941 1.0379695644445772
62077.3511 lsst_hardware_z 52.40286372931426 57.369998931884766 30.979999542236328 AB 5.157139878044888 1.0529251984098231
62079.3493 lsst_hardware_r 7.619852432926123 72.66000366210938 31.649999618530273 AB 4.588145016378265 1.0582328783835468
62079.3592 lsst_hardware_z -37.0182216289829 62.11000061035156 30.979999542236328 AB 4.622055418161348 1.0747299840711033
62081.3434 lsst_hardware_r 30.591330487428372 56.310001373291016 31.639999389648438 AB 5.2777339175063345 1.0575737999511734
62081.3547 lsst_hardware_i 10.662487580309566 50.5 31.309999465942383 AB 5.4713243494638135 1.0765025773662202
62083.3451 lsst_hardware_z -103.74614783987622 46.13999938964844 30.959999084472656 AB 8.556238129583566 1.0690843144002788
62083.3564 lsst_hardware_i 57.566219195769456 45.97999954223633 31.299999237060547 AB 8.687547715019074 1.0907153440074167
62086.3369 lsst_hardware_r 9.50801772027737 24.3700008392334 31.510000228881836 AB 3.9256197632903476 1.0690685629873866
62086.3481 lsst_hardware_z 17.28999053378193 43.2400016784668 30.950000762939453 AB 3.879400530086525 1.0904850400803507
62088.3313 lsst_hardware_g 24.127655536056594 13.079999923706055 31.3799991607666 AB 6.315708922421428 1.0688287226978028
62088.3423 lsst_hardware_r -16.030589459363558 22.299999237060547 31.469999313354492 AB 6.265644268272555 1.0897720268323428
62091.3241 lsst_hardware_z -91.9470699817609 41.040000915527344 30.940000534057617 AB 4.042924991547491 1.0705481243341253
62091.3362 lsst_hardware_r 13.517870720303542 21.809999465942383 31.459999084472656 AB 3.4806538369779694 1.0942298091151825
62095.165 lsst_hardware_u 2.731497177787211 3.5999999046325684 29.079999923706055 AB 3.168705749177671 1.1292607801771097
62095.1743 lsst_hardware_g 0.5430358588636277 12.779999732971191 31.360000610351562 AB 3.4492187380841495 1.105666484760696
62098.3138 lsst_hardware_g -12.422592566170216 12.829999923706055 31.3700008392334 AB 10.130659282919492 1.087291708956825
62098.3259 lsst_hardware_r 34.52115598623188 21.8799991607666 31.469999313354492 AB 10.286535843015837 1.114789665813435
62100.3229 lsst_hardware_i -40.30280121697761 30.200000762939453 31.219999313354492 AB 5.864649828892582 1.1210621566635495
62100.335 lsst_hardware_z -14.614313004283423 42.54999923706055 30.93000030517578 AB 5.893228376356434 1.1555349757561635
62103.3024 lsst_hardware_z -1.9979982945868975 41.40999984741211 30.940000534057617 AB 4.902272257065212 1.0920025075603552
62103.3149 lsst_hardware_r 17.33105441787632 21.799999237060547 31.459999084472656 AB 5.034959845341126 1.1215592460525126
62105.2682 lsst_hardware_r 15.076852633458945 70.5999984741211 31.649999618530273 AB 8.076317987879124 1.044576588214588
62105.2812 lsst_hardware_z -55.97853427354871 54.939998626708984 30.979999542236328 AB 8.180737770354842 1.0627210094101014
62107.2988 lsst_hardware_i 32.556784618839494 69.0199966430664 31.31999969482422 AB 6.810244029420673 1.1085952696722614
62107.311 lsst_hardware_z 110.44371043991984 63.08000183105469 30.969999313354492 AB 7.006988330766784 1.140862030927305
62110.2905 lsst_hardware_z 44.876905621316475 52.0099983215332 30.969999313354492 AB 5.8202334225127 1.1083344082481181
62110.3021 lsst_hardware_r -84.56403067404266 61.209999084472656 31.6200008392334 AB 4.968958049076596 1.1388203859683943
62112.2902 lsst_hardware_y -4.096887373086899 69.58999633789062 30.780000686645508 AB 7.215400626188638 1.1212308187232256
62116.2019 lsst_hardware_r 39.06135462414463 21.350000381469727 31.489999771118164 AB 12.951881037588862 1.0198331525660522
62116.2152 lsst_hardware_i -26.646353107265377 29.510000228881836 31.25 AB 12.836914920369566 1.0246784075647968
62118.1964 lsst_hardware_z -55.49047569179092 40.32509249252764 30.950000762939453 AB 7.750682563008072 1.0198266530273778
62118.2081 lsst_hardware_r 27.788501528386796 21.305845790757996 31.469999313354492 AB 7.781053873144165 1.023822878045285
62122.2038 lsst_hardware_r -22.6500160454562 30.964803216391978 32.2400016784668 AB 3.411398283612464 1.0277359761837108
62122.2154 lsst_hardware_z 48.787855617973634 41.21019162769499 30.950000762939453 AB 4.942138508920244 1.0375378255255934
62124.1921 lsst_hardware_r 42.37972853413601 22.59366014163946 31.5 AB 3.883844407064152 1.0240180362702924
62124.2062 lsst_hardware_u 3.337300916482878 2.8836922590533702 28.540000915527344 AB 3.9734304236035394 1.0339621616229528
62126.1892 lsst_hardware_g 30.652087133303105 13.32719534325184 31.40999984741211 AB 3.9237518631728117 1.0254153568986832
62126.2041 lsst_hardware_r 80.4592195817484 24.112308460570645 31.5 AB 3.8100029223948066 1.037158819217052
62128.1866 lsst_hardware_i 220.80041956042717 33.86196709414043 31.25 AB 6.63033640543294 1.027189404131095
62128.1997 lsst_hardware_z 149.73054801869802 42.947962844648565 30.950000762939453 AB 6.667723122290955 1.0382357650258536
62129.1324 lsst_hardware_i 432.86782935679713 38.23252558221679 31.280000686645508 AB 6.551840405417959 1.0290714109110548
62129.1465 lsst_hardware_z 313.46125015210976 44.77696196382814 30.959999084472656 AB 6.481381107556654 1.0214540179751237
62131.1305 lsst_hardware_i 584.1374759353592 45.206634285704325 31.290000915527344 AB 5.008686413202692 1.026633136193224
62131.1449 lsst_hardware_z 317.88392429638145 48.32386882431536 30.959999084472656 AB 4.965599319055267 1.0203111561216964
62133.1329 lsst_hardware_z 543.8017823087887 53.86216255841891 30.979999542236328 AB 7.279239774267542 1.0224848096829784
62133.1469 lsst_hardware_r 498.6039538563084 60.715535853805314 31.649999618530273 AB 7.311315382484632 1.0192354157738799
62135.1768 lsst_hardware_r 671.2023178732909 82.5268429502136 31.649999618530273 AB 6.780147079446585 1.034544662131895
62135.1914 lsst_hardware_y 316.8037817877002 54.00543439699665 30.049999237060547 AB 6.850020202998979 1.0511002306274828
62139.1763 lsst_hardware_i 971.8761004823463 60.94120959783103 31.309999465942383 AB 3.9629242786066414 1.0457184304529794
62139.1894 lsst_hardware_z 800.14206111188 57.97020524665813 30.969999313354492 AB 4.038693513427309 1.0644013476484167
62143.1114 lsst_hardware_i 1193.0095551595196 44.43936590165783 31.25 AB 8.952515284903587 1.0205010203932958
62143.1251 lsst_hardware_u 1.653337189751505 2.784141662107079 28.440000534057617 AB 8.11848955477771 1.0193984875411488
62147.1049 lsst_hardware_i 1269.5380207428932 45.44325976926125 31.25 AB 5.851979130998583 1.0195973745097313
62147.1184 lsst_hardware_r 1001.925769714599 37.09575581776878 31.479999542236328 AB 5.7822785940235475 1.0200720815071973
62149.1046 lsst_hardware_u 4.298482706990823 2.684224152318744 28.469999313354492 AB 3.1717627479012713 1.019203967834582
62149.1193 lsst_hardware_g 129.7413226407696 17.087893536030126 31.399999618530273 AB 3.22131103002886 1.0219895399837753
62151.1029 lsst_hardware_r 886.4457050498889 36.62286487901018 31.489999771118164 AB 5.520715784115986 1.0193658933588527
62151.1156 lsst_hardware_i 1251.411672764408 45.58009739702394 31.25 AB 5.5472848009459295 1.0227137859139201
62153.0931 lsst_hardware_z 856.2149534135714 49.687382011079144 30.950000762939453 AB 1.9971488744366108 1.0192135108122333
62153.1072 lsst_hardware_r 812.8447006698883 36.08413258639836 31.489999771118164 AB 2.127895417493844 1.0215532489168717
62155.0964 lsst_hardware_u -0.9691789367944422 2.6531623614586204 28.469999313354492 AB 3.9495976500498786 1.0200407154054438
62155.1094 lsst_hardware_g 83.9368477754111 15.927435534623244 31.399999618530273 AB 3.9923127259908733 1.0250717372451745
62157.0951 lsst_hardware_r 773.394587533003 35.71746557548425 31.5 AB 12.889692613996997 1.021154479824414
62157.1086 lsst_hardware_z 917.4259772476735 49.473340406414344 30.950000762939453 AB 13.04838576592392 1.027998563454179
62161.0826 lsst_hardware_z 1485.2002216540754 75.61089927695453 31.719999313354492 AB 7.174010109786493 1.0206786649606125
62164.0753 lsst_hardware_r 684.1388240217955 74.10706539290948 31.65999984741211 AB 11.950110623914526 1.0209406769683491
62164.0876 lsst_hardware_i 971.575375788045 64.91728597690226 31.329999923706055 AB 12.667970361631866 1.0267442342058573
62166.0731 lsst_hardware_z 748.6378423391832 63.85404419808943 30.989999771118164 AB 11.509890443339492 1.0220792934478273
62166.0853 lsst_hardware_r 741.167078025307 85.15733036725109 31.65999984741211 AB 12.8653585946584 1.0289062969329663
62170.0677 lsst_hardware_r 429.1017421260588 29.970362405833974 31.5 AB 7.969075651565397 1.0246649717529352
62170.0808 lsst_hardware_z 630.1154871718783 50.63725997529739 30.959999084472656 AB 7.999485918768027 1.0341599713995058
62172.0633 lsst_hardware_r 397.2310600034858 29.224418993720956 31.510000228881836 AB 6.067388512644302 1.0252575111135904
62172.0759 lsst_hardware_u 0.6899242426214902 2.755410314836748 28.540000915527344 AB 6.216241087224539 1.0346749850432688
62174.0641 lsst_hardware_g 14.43886697614792 14.01885252624858 31.40999984741211 AB 6.433473258458018 1.0293831715711914
62174.0777 lsst_hardware_r 362.4454487809508 28.24008825170308 31.489999771118164 AB 6.49807412211049 1.0421513366922721
62176.061 lsst_hardware_i 542.6831439750902 37.678861727218546 31.25 AB 6.200225896000087 1.0312226022453213
62176.0749 lsst_hardware_z 550.3496215807329 46.72172708816861 30.950000762939453 AB 6.292663087893376 1.0452784022192456
62178.0595 lsst_hardware_r 233.36824231669473 26.625215390498138 31.479999542236328 AB 1.0588034505211787 1.0346613523008261
62178.0713 lsst_hardware_u 1.932055517284701 2.704478500472491 28.469999313354492 AB 1.0580669857363454 1.0475910749864805
62180.0614 lsst_hardware_g 26.054174354366037 13.435264112133254 31.389999389648438 AB 2.5771313739892103 1.042247792122889
62180.0725 lsst_hardware_i 472.96205905801907 36.31841265304974 31.25 AB 2.6411213670176177 1.0567303415647922
62409.3008 lsst_hardware_z 117.85631436000092 63.34000015258789 31.690000534057617 AB 4.322852648032371 1.1408201221963108
62409.3155 lsst_hardware_y -34.057809703354906 48.060001373291016 30.030000686645508 AB 4.170017603164059 1.1026687652976537
62413.3775 lsst_hardware_r 34.22949272446447 22.399999618530273 31.489999771118164 AB 1.9378223372135763 1.0193699827530094
62422.3361 lsst_hardware_g -2.528160144407637 12.680000305175781 31.389999389648438 AB 5.631294512310328 1.0248966261371057
62422.3482 lsst_hardware_y 19.85439293307864 46.54999923706055 30.049999237060547 AB 5.582278695948692 1.020153270458421
62425.3789 lsst_hardware_u -13.9807888463306 10.979999542236328 29.309999465942383 AB 8.046443611114395 1.0315953347582558
62427.3724 lsst_hardware_r -42.792261862721155 25.15999984741211 31.530000686645508 AB 6.650497788491377 1.030751998216376
62429.376 lsst_hardware_z 32.682621543382155 63.029998779296875 30.989999771118164 AB 1.35087716093094 1.0391362776391846
62433.3584 lsst_hardware_r -68.71532090177489 73.12999725341797 31.649999618530273 AB 3.6739349090910225 1.032729419280621
62433.3692 lsst_hardware_z 10.017051669972815 64.33000183105469 30.989999771118164 AB 3.704217251708632 1.0437354893515447
62435.3574 lsst_hardware_z 79.69624832857477 51.369998931884766 30.969999313354492 AB 2.476986867427756 1.0368661669910726
62435.3683 lsst_hardware_i -161.98192228502322 58.34000015258789 31.329999923706055 AB 2.514481772797934 1.049413322907961
62437.3559 lsst_hardware_z 8.04707536902942 47.310001373291016 30.959999084472656 AB 3.471020636290013 1.0410199104116407
62437.3658 lsst_hardware_r -27.978844604190645 48.0099983215332 31.6200008392334 AB 3.5671995081925467 1.0534365472697584
62438.359 lsst_hardware_y 110.85802096811638 75.2699966430664 30.809999465942383 AB 3.74441411289345 1.0479748426793871
62440.3529 lsst_hardware_r 34.40975286575693 26.829999923706055 31.540000915527344 AB 4.926899196418359 1.0471624221930624
62440.3636 lsst_hardware_i -6.2248768731195545 38.56999969482422 31.280000686645508 AB 5.0862923568250435 1.0624109361513074
62451.3398 lsst_hardware_z 36.21623680537273 41.310001373291016 30.940000534057617 AB 2.6164372758988024 1.0729699716622798
62451.3514 lsst_hardware_r 13.132606058608422 24.1200008392334 31.489999771118164 AB 2.652613689151923 1.0961213591536874
62460.3138 lsst_hardware_z 26.06497675589694 82.4800033569336 31.729999542236328 AB 5.200913031321364 1.070440387895542
62461.3039 lsst_hardware_r 87.3792867832489 85.19000244140625 31.649999618530273 AB 4.3588187471947935 1.0587366400765417
62461.3174 lsst_hardware_i 37.83963501742954 67.72000122070312 31.31999969482422 AB 4.512441566639394 1.0821851589758122
62465.1512 lsst_hardware_z -109.24627284537046 50.720001220703125 30.959999084472656 AB 8.690129970623497 1.13153961791558
62465.1684 lsst_hardware_i 7.162899621072507 49.119998931884766 31.299999237060547 AB 6.478397373324551 1.0899359066804797
62473.3047 lsst_hardware_u 0.325335862122059 2.619999885559082 28.389999389648438 AB 6.9378413821292035 1.1289284618747162
62473.3172 lsst_hardware_g 11.871835354346427 13.050000190734863 31.350000381469727 AB 7.167151271576357 1.1662418633389031
62477.2737 lsst_hardware_i 48.814415752669234 51.81999969482422 32.43000030517578 AB 4.915980974611187 1.0821596994356253
62477.2851 lsst_hardware_z -16.07711299916934 58.81999969482422 31.690000534057617 AB 5.029523504222931 1.106849362725117
62479.2145 lsst_hardware_z -18.896376403981815 40.220001220703125 30.950000762939453 AB 5.680364472312989 1.021587040162008
62479.2269 lsst_hardware_i 6.377435902114486 29.469999313354492 31.25 AB 5.513169797780928 1.028128886265077
62481.2131 lsst_hardware_u 5.668544882209173 2.549999952316284 28.389999389648438 AB 9.771694291204124 1.0232676361279778
62481.2262 lsst_hardware_g -25.061438913269107 12.579999923706055 31.3700008392334 AB 9.843246350656965 1.0317688038983084
62483.1989 lsst_hardware_g -28.496892749822234 12.739999771118164 31.399999618530273 AB 11.268500824213234 1.0202046859198557
62483.2113 lsst_hardware_r 14.88531269993032 21.440000534057617 31.5 AB 11.100511377702807 1.0251672864520802
62485.1986 lsst_hardware_i 6.065041030820157 38.150001525878906 31.290000915527344 AB 8.138425942757216 1.0217650437706716
62485.2122 lsst_hardware_z -5.855647490878922 44.029998779296875 30.959999084472656 AB 8.298543153720562 1.029344246794162
62487.2024 lsst_hardware_r 16.530131916296444 55.529998779296875 31.639999389648438 AB 8.771655071584634 1.0263747341331186
62487.2158 lsst_hardware_z 24.22878085062883 49.4900016784668 30.969999313354492 AB 8.797630043869335 1.0372525105760155
62489.2065 lsst_hardware_r 115.74350191074178 77.2699966430664 31.65999984741211 AB 5.335535963415273 1.0336179704407735
62489.219 lsst_hardware_i -47.37909456729288 62.13999938964844 31.329999923706055 AB 5.394033457506504 1.0470293507073964
62491.1966 lsst_hardware_z 21.031055892500515 61.25 30.989999771118164 AB 4.897010400539774 1.0299376894012422
62491.2094 lsst_hardware_i 85.72528422617002 68.38999938964844 31.329999923706055 AB 6.14828425677107 1.0420820774188253
