data/validation/pwv_sim_epoch_fit_epoch/24272904.ecsv
# %ECSV 0.9
# ---
# datatype:
# - {name: time, datatype: float64}
# - {name: band, datatype: string}
# - {name: flux, datatype: float64}
# - {name: fluxerr, datatype: float64}
# - {name: zp, datatype: float64}
# - {name: zpsys, datatype: string}
# - {name: pwv, datatype: float64}
# - {name: airmass, datatype: float64}
# meta: {SNID: '24272904', alt: 1024.0, c: 0.007748398929834366, dec: -37.544327, lat: -30.244573, lon: -70.7499537, ra: 217.089844, t0: 61543.33984375,
#   x0: 7.769487058675509e-05, x1: 1.073701024055481, z: 0.18915268778800964}
# schema: astropy-2.0
time band flux fluxerr zp zpsys pwv airmass
61437.3149 lsst_hardware_r 18.824781475978984 27.56999969482422 31.5 AB 12.24109301069933 1.2454057392104316
61437.3343 lsst_hardware_i -10.378912216782798 33.900001525878906 31.239999771118164 AB 13.726485981102009 1.1671851121937027
61441.315 lsst_hardware_u -0.17226867785094885 2.7300000190734863 28.3700008392334 AB 7.794089792336596 1.1983532891046522
61441.3339 lsst_hardware_g -1.4306144327884713 15.130000114440918 31.440000534057617 AB 7.772817706918034 1.1330638056731934
61449.3035 lsst_hardware_g 9.755834101541588 15.029999732971191 31.420000076293945 AB 6.614407920508944 1.1604224421945515
61449.3228 lsst_hardware_r 7.566449629518796 24.06999969482422 31.5 AB 6.289319130717116 1.1033893211784414
61459.313 lsst_hardware_z 42.98092117350694 88.66000366210938 31.739999771118164 AB 11.777188188474218 1.0648933666507725
61459.3714 lsst_hardware_i -101.68144295699571 64.7300033569336 31.34000015258789 AB 9.941694690392026 1.0086946723206143
61459.3834 lsst_hardware_z 3.575401719314554 60.83000183105469 30.989999771118164 AB 9.790008162542822 1.009279192014724
61461.3791 lsst_hardware_r -4.40654247840272 77.47000122070312 31.670000076293945 AB 8.177330247766593 1.0095469441687153
61461.3895 lsst_hardware_y -15.798806891348972 58.68000030517578 30.06999969482422 AB 8.21032843281816 1.0136207941750817
61463.3764 lsst_hardware_r -45.17957531610283 54.029998779296875 31.639999389648438 AB 5.132496409428236 1.010333938863826
61463.3874 lsst_hardware_y 99.54945089657262 51.790000915527344 30.059999465942383 AB 5.112719993294881 1.0155872261597818
61465.3684 lsst_hardware_i 20.230407740712785 34.41999816894531 31.280000686645508 AB 4.230654696619819 1.009602393545547
61465.3804 lsst_hardware_z -37.98868312301518 42.95000076293945 30.959999084472656 AB 4.245450308324213 1.0146465584523117
61469.2297 lsst_hardware_g -18.543234653133304 14.420000076293945 31.360000610351562 AB 13.455035882817974 1.2355972159252466
61469.2505 lsst_hardware_r -15.604111428745268 23.6299991607666 31.469999313354492 AB 11.981255396368818 1.1550424560270718
61471.3511 lsst_hardware_i 1.2736579487206674 30.299999237060547 31.25 AB 8.68068925470786 1.009382471477658
61471.3627 lsst_hardware_z 3.9647692065047866 40.83000183105469 30.950000762939453 AB 8.719494166345564 1.0138946705052982
61475.363 lsst_hardware_r 24.74686196185389 22.790000915527344 31.5 AB 6.778929857582955 1.0218850360027265
61475.3739 lsst_hardware_i -15.284572841584682 30.510000228881836 31.25 AB 6.96020808807047 1.033182793874904
61478.2248 lsst_hardware_z 39.224782967823295 42.58000183105469 30.940000534057617 AB 12.923043477864583 1.1588268127391423
61478.2452 lsst_hardware_i 9.106665131946873 31.030000686645508 31.25 AB 12.362915737158508 1.0994552106265956
61480.2189 lsst_hardware_u -3.0463993860576073 2.630000114440918 28.329999923706055 AB 9.621354348528236 1.160317697603487
61480.2406 lsst_hardware_g -4.3604323099236755 14.220000267028809 31.40999984741211 AB 9.111964234562754 1.0973422465452314
61486.1737 lsst_hardware_i 59.18022880064195 85.87999725341797 31.299999237060547 AB 6.14524920441337 1.2814838900505767
61486.1919 lsst_hardware_z -41.9931321653056 73.25 30.979999542236328 AB 5.666855118635009 1.1993344166423299
61488.313 lsst_hardware_r 57.47304847656737 113.72000122070312 31.670000076293945 AB 6.0870751800716905 1.0122350012591155
61488.3256 lsst_hardware_z 120.14127884545597 78.47000122070312 31.0 AB 6.17212921709376 1.0202709673681725
61491.1636 lsst_hardware_r 107.63435098438241 80.30000305175781 31.59000015258789 AB 8.720011576059463 1.2637697936318062
61491.1836 lsst_hardware_i -57.10114375535425 68.01000213623047 31.309999465942383 AB 8.00849242617038 1.1789330820212542
61491.2964 lsst_hardware_r -42.99621249514254 72.13999938964844 31.65999984741211 AB 7.049389431630462 1.0093627479425171
61491.3091 lsst_hardware_i -20.475563892561933 61.88999938964844 31.329999923706055 AB 7.02059842063358 1.0144640445969946
61498.2809 lsst_hardware_r -33.33059082502912 22.799999237060547 31.5 AB 5.995703848901121 1.0103557903528029
61498.2936 lsst_hardware_i -5.328136868216387 30.389999389648438 31.25 AB 5.892208376755118 1.0167452837287023
61500.2827 lsst_hardware_z -50.50513464513045 40.7400016784668 30.950000762939453 AB 7.029977710318976 1.0134518563650614
61500.2943 lsst_hardware_u 2.938826061026913 2.6600000858306885 28.40999984741211 AB 7.042733512562969 1.0215002556476627
61504.155 lsst_hardware_i 12.491724812240474 31.809999465942383 31.229999542236328 AB 7.855382758843998 1.1548636811002644
61504.1736 lsst_hardware_z -84.0619346513416 42.25 30.940000534057617 AB 8.798834279529006 1.100989680549192
61504.2351 lsst_hardware_u 4.942054414807586 2.7300000190734863 28.469999313354492 AB 7.444623482915589 1.0127820809335555
61504.2473 lsst_hardware_r -23.767972850015212 22.790000915527344 31.5 AB 7.403741786365108 1.0088674309182106
61510.1644 lsst_hardware_r -34.33764469168065 36.11000061035156 31.59000015258789 AB 11.478774256156846 1.0840622920251382
61510.182 lsst_hardware_z 35.05417037839734 43.90999984741211 30.959999084472656 AB 10.400875058696336 1.0505934402723571
61510.2717 lsst_hardware_g 5.520206462960498 20.34000015258789 32.20000076293945 AB 9.642553821470834 1.0258763552171255
61510.283 lsst_hardware_r -11.50206099262625 32.720001220703125 32.2599983215332 AB 9.690437037802962 1.0391146696718334
61512.2167 lsst_hardware_y 60.559617223442075 49.08000183105469 30.059999465942383 AB 13.35265757408975 1.0112585257565383
61512.2287 lsst_hardware_r 18.522122675584857 54.36000061035156 31.649999618530273 AB 13.357548753087723 1.0085228333231784
61514.1604 lsst_hardware_z 45.68298846438721 68.55000305175781 30.989999771118164 AB 10.164344371924557 1.0695932202382992
61514.1808 lsst_hardware_r -73.62410234729319 97.55999755859375 31.65999984741211 AB 9.408608612395508 1.0365899424222451
61514.2197 lsst_hardware_i 49.24230040252386 76.04000091552734 31.350000381469727 AB 9.077376581544062 1.008915019344319
61514.2309 lsst_hardware_z -33.91576941575553 67.37000274658203 31.0 AB 9.057622739225335 1.0088592857672296
61517.2216 lsst_hardware_r 48.92836275476914 131.7100067138672 31.670000076293945 AB 8.459382370191431 1.0087104857337055
61517.2335 lsst_hardware_z 34.7768218559235 87.45999908447266 31.010000228881836 AB 8.478285712111562 1.0120909289855033
61519.1595 lsst_hardware_r -31.695471758015152 87.2300033569336 31.65999984741211 AB 9.9952401089069 1.04735313750328
61519.1784 lsst_hardware_z -32.20337299137768 64.4000015258789 30.989999771118164 AB 8.113193905341918 1.0240591438409505
61519.211 lsst_hardware_r -136.19457113919742 88.6500015258789 31.670000076293945 AB 8.14334413643096 1.008463670146249
61519.2229 lsst_hardware_i -107.10889741186047 72.43000030517578 31.34000015258789 AB 8.147517698514475 1.0101480801563592
61525.199 lsst_hardware_g 1500.0941945007723 41.16786611212112 31.440000534057617 AB 11.071638495136721 1.0086291835263443
61525.2112 lsst_hardware_r 2174.062207294951 52.02794978305791 31.5 AB 9.959769046814314 1.0118888569570814
61527.0623 lsst_hardware_i 3057.5565765059055 64.39625461059853 31.219999313354492 AB 10.741396560864327 1.2787376858171817
61527.0825 lsst_hardware_z 1966.9562342852405 60.81029750180189 30.940000534057617 AB 9.991473920304466 1.1894611809886269
61527.2039 lsst_hardware_i 3341.8360108067673 65.40449880755904 31.260000228881836 AB 7.921211568245796 1.011132444248889
61527.2153 lsst_hardware_z 2098.119550289378 60.080061966593384 30.950000762939453 AB 8.219324045343713 1.017358493064648
61529.1977 lsst_hardware_r 7541.564057282366 89.80488099677706 31.510000228881836 AB 9.33785840835855 1.0108551199384994
61529.2095 lsst_hardware_g 6648.136014347104 83.96624811198976 31.450000762939453 AB 9.710105490793383 1.0171199885607705
61531.1982 lsst_hardware_r 10553.053330033817 105.3530928863604 31.520000457763672 AB 3.316264553351556 1.013528286476669
61531.2099 lsst_hardware_i 7678.431023967018 92.62174705782338 31.270000457763672 AB 2.4137879205109956 1.0217091727032013
61534.2001 lsst_hardware_z 6719.974882124494 89.40915284773793 30.950000762939453 AB 7.828127235966441 1.0203502653762582
61534.2124 lsst_hardware_i 10807.90406109601 107.28955196560719 31.260000228881836 AB 8.639222024996126 1.0326894809187612
61536.1878 lsst_hardware_u 461.74236639115804 21.09859669756895 28.579999923706055 AB 7.893537229489621 1.0154091949817745
61536.201 lsst_hardware_g 17320.6181931985 132.68177904959612 31.469999313354492 AB 7.991965410292502 1.0261677429809046
61540.1892 lsst_hardware_r 23087.758533311866 158.9997466778635 31.639999389648438 AB 6.690211735624498 1.025293617372412
61540.202 lsst_hardware_i 14757.729348006264 128.80504343470585 31.309999465942383 AB 6.786925599109293 1.0403544426614828
61542.1346 lsst_hardware_r 24059.133805230114 176.39642940623395 31.65999984741211 AB 8.08690534538472 1.0113372325008247
61542.1474 lsst_hardware_i 15987.806240688102 141.18194866012496 31.34000015258789 AB 8.112067736805908 1.0084932695329802
61545.0534 lsst_hardware_i 16459.328099952872 176.41264698093485 31.329999923706055 AB 8.114849465773258 1.1230330249022271
61545.0743 lsst_hardware_z 6788.026845892029 130.9991900027892 31.0 AB 7.680008885625431 1.072502113668162
61546.0685 lsst_hardware_z 26952.72057795801 238.04677472986305 32.5 AB 7.604564713124038 1.078865702230782
61550.0716 lsst_hardware_r 21087.395961902326 149.38589815660296 31.59000015258789 AB 5.142947880592224 1.052516791171045
61550.0895 lsst_hardware_y 2270.8355026247946 65.23422903792687 30.049999237060547 AB 5.910297968401641 1.0283548257281407
61552.0467 lsst_hardware_u 146.7283946474343 12.687921381533142 28.399999618530273 AB 6.300437687589426 1.090953396021362
61552.0671 lsst_hardware_g 13899.026138034586 118.29817613208532 31.440000534057617 AB 6.081635810593939 1.0509587956268958
61558.0272 lsst_hardware_r 13945.229657269672 120.17916232151086 31.489999771118164 AB 11.662483477602082 1.0984208596752985
61558.0397 lsst_hardware_u 86.71015529064934 9.435076869404533 28.420000076293945 AB 11.368268396823945 1.0707104682669493
61563.1014 lsst_hardware_g 5748.899461856103 77.59288141202448 31.450000762939453 AB 4.355432145302085 1.009760157334235
61563.1152 lsst_hardware_r 11133.486240847524 107.7018036593597 31.510000228881836 AB 4.241324513760949 1.0161294953906395
61571.9778 lsst_hardware_z 8366.911970951434 146.48595494197733 31.739999771118164 AB 10.355511198695476 1.1284508348484459
61573.9661 lsst_hardware_y 1709.6857876241663 73.32594121088499 30.030000686645508 AB 7.903771900213671 1.1475947439418737
61574.0495 lsst_hardware_z 8936.358820007521 146.47997270616565 31.75 AB 5.57662071549353 1.0105014584730967
61574.1218 lsst_hardware_r 8370.253516193758 151.8953107470258 31.65999984741211 AB 5.471642509742995 1.0603273386233658
61578.0779 lsst_hardware_i 7436.381128327164 98.5087604810783 31.309999465942383 AB 3.023909972952309 1.0187231801074241
61578.0907 lsst_hardware_z 4431.428431760447 83.02410350595777 30.969999313354492 AB 2.665501183186072 1.0308757959982435
61581.9628 lsst_hardware_y 1891.7683104540668 62.81351403839496 30.030000686645508 AB 6.6328808655712255 1.095664813639682
61581.9826 lsst_hardware_i 5779.247022803867 81.97620776526755 31.260000228881836 AB 6.512124235979706 1.0552216002993358
61582.0277 lsst_hardware_r 5211.401623048683 76.32861874102781 31.520000457763672 AB 4.124302388284711 1.0104869259548734
61582.0421 lsst_hardware_u 17.42075014944437 4.773038719604797 28.549999237060547 AB 3.925960359219261 1.0085313362582393
61586.9619 lsst_hardware_y 1467.9743599622923 60.418116010542995 30.040000915527344 AB 8.253474334359392 1.0679961612783893
61586.9811 lsst_hardware_r 4104.244434597905 68.31542602021536 31.5 AB 8.000587213574196 1.0370843494165787
61591.0248 lsst_hardware_g 1066.2435142510428 36.091237717452124 31.440000534057617 AB 3.794201566373209 1.009722762274428
61591.0376 lsst_hardware_i 3812.161282678181 68.99788322320825 31.260000228881836 AB 3.8219576790164735 1.0153978955941747
61598.0155 lsst_hardware_r 3240.9623630639285 83.13649531997295 31.649999618530273 AB 9.896890190461434 1.0136621283823546
61598.0281 lsst_hardware_i 3186.247049596936 77.59398128445591 31.31999969482422 AB 9.874912678461847 1.022724113558267
61600.0015 lsst_hardware_i 3077.0559739984897 90.44013483384497 31.34000015258789 AB 7.055007049922288 1.0100827369691279
61600.0133 lsst_hardware_z 1926.0272872788405 76.61099136723419 30.989999771118164 AB 7.025634480511241 1.0155708458246688
61606.958 lsst_hardware_y -28.875448025950828 77.91999816894531 30.079999923706055 AB 6.747732930913438 1.0109972927503528
61606.9656 lsst_hardware_g -18.467351450136796 19.329999923706055 31.559999465942383 AB 5.545513305727215 1.0089477783480894
61802.3195 lsst_hardware_r -9.805761061405901 24.719999313354492 31.479999542236328 AB 12.240067665591912 1.2279361622784823
61802.337 lsst_hardware_g 24.25361105418472 15.289999961853027 31.440000534057617 AB 13.680797985370695 1.160307417056205
61804.3195 lsst_hardware_r 0.15237307636566225 24.520000457763672 31.479999542236328 AB 11.368008348445734 1.205004064918988
61804.3403 lsst_hardware_i -26.989289298436006 32.119998931884766 31.25 AB 12.118961608687748 1.1323663009955225
61806.3128 lsst_hardware_z 25.426598558461166 43.86000061035156 30.93000030517578 AB 7.992436378506088 1.2100584978813154
61806.3312 lsst_hardware_i 38.738912776706016 32.0099983215332 31.239999771118164 AB 7.526387864926168 1.1435382929743572
61811.317 lsst_hardware_r 33.30503424928763 79.4800033569336 31.6299991607666 AB 3.3739951886828665 1.145280104780345
61811.3369 lsst_hardware_i 65.29169546753081 61.31999969482422 31.31999969482422 AB 3.713577220341278 1.0907315117509098
61821.3219 lsst_hardware_r 10.152036979579647 24.700000762939453 31.520000457763672 AB 3.8449722220622045 1.0648926021221023
61821.3417 lsst_hardware_z -6.60449195918639 41.47999954223633 30.950000762939453 AB 3.856273670360732 1.0342694569828972
61821.3821 lsst_hardware_r 23.95267083176523 25.270000457763672 31.540000915527344 AB 2.723052752477958 1.0085380564733177
61821.3942 lsst_hardware_y -35.57310472470169 66.68000030517578 30.079999923706055 AB 2.7263183958623505 1.0097475540230927
61825.2997 lsst_hardware_u 0.3292808515125586 2.759999990463257 28.450000762939453 AB 10.778358022698063 1.0883748992104945
61825.3213 lsst_hardware_g -0.6986094601671621 14.65999984741211 31.450000762939453 AB 10.37904354561253 1.0473303275088326
61827.3763 lsst_hardware_r -24.44046377993661 23.059999465942383 31.5 AB 5.937811064303373 1.0093740476489967
61827.3879 lsst_hardware_y 17.136270763897475 48.68000030517578 30.059999465942383 AB 6.0142262157912505 1.0138614659122136
61831.2202 lsst_hardware_i -23.9570971517904 32.93000030517578 31.209999084472656 AB 4.435826872153084 1.3294186430029222
61831.2412 lsst_hardware_z 41.15289040617705 43.54999923706055 30.93000030517578 AB 3.9719969830780624 1.2241617987707198
61833.2233 lsst_hardware_r 17.1177867823328 23.850000381469727 31.440000534057617 AB 7.1724753658669 1.2827461979552714
61833.2437 lsst_hardware_u -2.885502916496333 2.549999952316284 28.25 AB 6.624902545315267 1.191707848055512
61833.3656 lsst_hardware_r 9.025222313435394 22.709999084472656 31.489999771118164 AB 7.315408256249931 1.0111021420508768
61833.3777 lsst_hardware_u -1.9315855188475237 2.6500000953674316 28.3799991607666 AB 6.968123529743254 1.0178015015144428
61835.3609 lsst_hardware_g -3.3915237137009937 14.1899995803833 31.440000534057617 AB 7.214581652125381 1.0114017666737185
61835.3733 lsst_hardware_r -32.935094908290985 22.829999923706055 31.5 AB 7.320841976946842 1.018587356352814
61839.2247 lsst_hardware_r 61.38455013634289 69.62000274658203 31.610000610351562 AB 12.136268999806424 1.2019876528753
61839.2457 lsst_hardware_z -52.29432063790788 54.279998779296875 30.959999084472656 AB 11.391886930913307 1.1295498675548596
