data/validation/pwv_sim_epoch_fit_epoch/24282319.ecsv
# %ECSV 0.9
# ---
# datatype:
# - {name: time, datatype: float64}
# - {name: band, datatype: string}
# - {name: flux, datatype: float64}
# - {name: fluxerr, datatype: float64}
# - {name: zp, datatype: float64}
# - {name: zpsys, datatype: string}
# - {name: pwv, datatype: float64}
# - {name: airmass, datatype: float64}
# meta: {SNID: '24282319', alt: 1024.0, c: 0.07005897909402847, dec: -14.169522, lat: -30.244573, lon: -70.7499537, ra: 164.355469, t0: 61435.37109375,
#   x0: 3.364506486185473e-06, x1: -1.0095009803771973, z: 0.7217431664466858}
# schema: astropy-2.0
time band flux fluxerr zp zpsys pwv airmass
61409.3395 lsst_hardware_r 11.956084081706635 24.20720866956551 31.520000457763672 AB 2.8723542374834357 1.052529951441347
61409.359 lsst_hardware_y -43.013535678758 59.882625548030695 30.059999465942383 AB 2.85719943302088 1.0407793217451544
61411.3414 lsst_hardware_z 55.5775447681504 42.343460149256515 30.950000762939453 AB 7.872755003880239 1.0464450603296707
61411.3617 lsst_hardware_y 76.38730377970658 64.71376523549804 30.059999465942383 AB 7.84308359320377 1.0399668852866855
61413.3418 lsst_hardware_u 3.6367435055731194 3.5895884090502417 28.540000915527344 AB 9.117194387013402 1.0430379117965223
61413.3615 lsst_hardware_y -126.24662556290079 60.851823193435074 30.059999465942383 AB 9.085069879903457 1.040712117290098
61418.3461 lsst_hardware_z 561.3856230009885 64.09333812210618 31.709999084472656 AB 4.36583663602531 1.040351873233724
61420.3502 lsst_hardware_g 79.3081226259947 17.631985966942604 31.450000762939453 AB 5.618552407887515 1.043661634231915
61420.3697 lsst_hardware_y 341.97195684598853 73.90902724716766 30.06999969482422 AB 5.72284158180499 1.0608987669415442
61422.3475 lsst_hardware_i 649.1291014447047 40.63626128697639 31.270000457763672 AB 2.404041959791025 1.0452356346917502
61422.3672 lsst_hardware_y 122.95792710290613 63.551872013322686 30.059999465942383 AB 2.4490286451818233 1.064795063122532
61424.3202 lsst_hardware_z 561.0782059816805 47.23610405856006 30.950000762939453 AB 6.866160059713898 1.040327281774833
61424.3396 lsst_hardware_i 852.207802376725 42.02964598461069 31.260000228881836 AB 6.446163528580596 1.0438286015028067
61426.3213 lsst_hardware_z 634.6765566986127 58.91575244271223 30.979999542236328 AB 12.52151524005067 1.039992960137099
61426.3393 lsst_hardware_g 89.63631764274876 51.04544220991102 31.709999084472656 AB 11.791647063077773 1.0470605650209655
61428.3081 lsst_hardware_r 882.3424907533256 109.08642784891505 31.65999984741211 AB 9.390354177256892 1.0405497135279538
61428.329 lsst_hardware_i 1239.726692292484 88.7702553141416 31.34000015258789 AB 9.41469877919421 1.0439993101726242
61430.3177 lsst_hardware_z 1532.0133625229116 110.5076420006857 31.75 AB 10.20618256269599 1.041447200275101
61432.3205 lsst_hardware_r 892.0047843254619 76.14877785239173 31.649999618530273 AB 12.413677537000204 1.0454210092075515
61432.3384 lsst_hardware_i 1392.5831035330075 69.83448704899632 31.329999923706055 AB 11.644649381238645 1.0627750762451418
61434.2917 lsst_hardware_i 1185.9089276993675 51.48678035674007 31.290000915527344 AB 11.499139049386933 1.0405519002250414
61434.3097 lsst_hardware_z 895.9799009541815 52.30616547463546 30.959999084472656 AB 11.564501139311227 1.0425670408370251
61438.3013 lsst_hardware_g 131.30304142396434 17.717227907180366 31.469999313354492 AB 8.771252440800152 1.0437825197302677
61438.3194 lsst_hardware_r 704.7736628479639 36.09335560926227 31.520000457763672 AB 8.857113776178414 1.0594633703562695
61440.2879 lsst_hardware_i 1103.0007094855089 45.2511822899905 31.270000457763672 AB 8.308667274152757 1.040729914718201
61440.308 lsst_hardware_r 640.436695606407 34.96840704776192 31.520000457763672 AB 8.141494410318078 1.0529496462123935
61443.2862 lsst_hardware_r 640.4359951960813 33.6211398232679 31.510000228881836 AB 4.474784380929828 1.043053020942832
61443.3044 lsst_hardware_i 996.1800181258859 44.36104527537595 31.260000228881836 AB 3.8559085335595102 1.0578624234731504
61445.2412 lsst_hardware_z 735.8780240065745 49.17114524629651 30.950000762939453 AB 5.619284001603986 1.0525303283995853
61445.2597 lsst_hardware_r 507.1732315112778 32.71288578330222 31.510000228881836 AB 5.513494932003835 1.0410350124940368
61447.2641 lsst_hardware_u -3.0131231284136923 2.7698091804080454 28.479999542236328 AB 3.8405300957108617 1.0399955126716238
61447.2808 lsst_hardware_g 36.37571706089053 15.401041560574818 31.440000534057617 AB 3.866980893971305 1.0462374749770211
61450.2703 lsst_hardware_r 316.50309525201476 30.396051184840058 31.5 AB 3.467149503331946 1.0447679491746817
61450.288 lsst_hardware_z 612.666494674302 48.35341024998891 30.940000534057617 AB 3.663878190974567 1.0611478360653575
61454.2488 lsst_hardware_z 1124.1351099773706 79.37747936984425 31.729999542236328 AB 5.5050891942884705 1.0405284515414246
61456.2405 lsst_hardware_r 393.44435137041046 114.93876904587295 31.65999984741211 AB 3.432262118814099 1.0400794299436664
61456.2581 lsst_hardware_i 549.1262083116861 91.7568474289747 31.34000015258789 AB 2.879595285231417 1.0475699818946524
61458.2425 lsst_hardware_z 498.4749672214555 96.30776632635967 31.0 AB 8.439219389963423 1.0418789370325214
61458.2595 lsst_hardware_r 268.80252881127535 143.81390672931335 31.65999984741211 AB 10.012570932102198 1.0535851559560365
61460.2349 lsst_hardware_z 904.5243264279583 95.17551003710605 31.739999771118164 AB 8.706674339694088 1.0411568717122974
61462.2356 lsst_hardware_r 148.01463709869373 50.52838450898875 31.6299991607666 AB 5.789837221398758 1.0436840417122593
61462.2532 lsst_hardware_z 360.15798557963876 52.142563865266425 30.969999313354492 AB 6.866039689658523 1.058648253532177
61464.2327 lsst_hardware_r 131.15884056072989 33.414323502853776 31.56999969482422 AB 5.53097502372397 1.045141331937448
61464.2498 lsst_hardware_y 87.23193395756562 49.27930595755862 30.040000915527344 AB 5.601760772616381 1.0611740168502601
61466.2343 lsst_hardware_g 14.885353001443885 16.859068240839445 31.479999542236328 AB 3.444667894669041 1.0504171258393091
61466.2515 lsst_hardware_r 96.69679560433393 27.01406184243435 31.510000228881836 AB 3.7148163887333325 1.0712726296452943
61468.2256 lsst_hardware_i 183.80405138109361 34.315973096172385 31.25 AB 5.815621509591207 1.047765338184165
61468.245 lsst_hardware_z 228.28068685207003 44.65317506846715 30.940000534057617 AB 5.9873381628915965 1.0696768990397088
61470.2074 lsst_hardware_z 217.0491288294121 44.18199308519806 30.950000762939453 AB 8.120549496674823 1.041096089317285
61470.2258 lsst_hardware_r 52.51871811116865 25.371868679760084 31.5 AB 8.225805657375503 1.0526561008457327
61472.2064 lsst_hardware_u -2.2724306020909726 2.734377111095815 28.420000076293945 AB 11.177304483034602 1.0427562723233996
61472.2251 lsst_hardware_g 20.207847849739263 15.234022884578343 31.440000534057617 AB 11.404267236660528 1.0577135259377228
61474.2063 lsst_hardware_r 101.21512644215177 25.177997848325102 31.510000228881836 AB 11.398249203921427 1.0457109361395804
61474.2249 lsst_hardware_z 237.49495813754066 44.10489161757147 30.950000762939453 AB 10.737590147285339 1.0643308175695607
61476.195 lsst_hardware_r 62.625036023764004 24.7191640414568 31.5 AB 8.33756248985226 1.0425428255067013
61476.2139 lsst_hardware_u 2.092737238520128 2.6965968553298842 28.3700008392334 AB 7.824706071152775 1.0573927123179425
61477.1923 lsst_hardware_g -2.01648250486504 15.195472448440565 31.450000762939453 AB 14.424281318329843 1.0425558395670502
61477.2112 lsst_hardware_r 19.884427007732203 24.852825232819708 31.510000228881836 AB 14.809620571218424 1.0574272113874854
61481.202 lsst_hardware_r 108.43747050318751 32.868539016244135 31.56999969482422 AB 9.061163059381995 1.0594547189237657
61481.2239 lsst_hardware_z 186.45748417015932 43.82483744019995 30.950000762939453 AB 9.005819368837741 1.0958650972058477
61487.2191 lsst_hardware_r -262.0557786421102 139.12412801711983 31.649999618530273 AB 7.27947088810355 1.1238087052263162
61487.2461 lsst_hardware_z 206.01178610352375 95.61549505935537 30.979999542236328 AB 7.9072186910977695 1.2174785312902998
61489.1722 lsst_hardware_r 24.513405085743806 76.4937200328721 31.649999618530273 AB 7.337107494708134 1.05103605033422
61489.1908 lsst_hardware_y 51.81457559938926 53.700278824441824 30.049999237060547 AB 7.497750891070669 1.0746253889859423
61492.1485 lsst_hardware_g -6.852950661685478 37.35970599594687 31.690000534057617 AB 7.654710606048779 1.0414572253127736
61492.1663 lsst_hardware_r 23.37513343732029 40.07134669522955 31.610000610351562 AB 7.753030949033224 1.053210145222771
61494.1471 lsst_hardware_i 111.49082058662646 32.29225081729992 31.260000228881836 AB 6.628276525953328 1.0431112405109366
61494.1644 lsst_hardware_z 112.68439190867518 43.06019395505509 30.959999084472656 AB 6.682984262614575 1.0569882321722757
61497.1469 lsst_hardware_r 41.87331804366403 24.09693027680064 31.5 AB 8.875557348131105 1.0481291152729413
61497.1654 lsst_hardware_u -1.614733909144059 2.8869275139394093 28.440000534057617 AB 8.985293706718572 1.0690414880093484
61499.1354 lsst_hardware_g 36.002872485968865 14.99491748570237 31.43000030517578 AB 6.139250349233983 1.0441197906801185
61499.1537 lsst_hardware_i 79.30434110069051 32.204767636140765 31.239999771118164 AB 6.218822430116466 1.060493529272799
61501.1343 lsst_hardware_z 62.53641440993987 42.33076691775294 30.950000762939453 AB 12.133855179963877 1.046879356366324
61501.153 lsst_hardware_r 49.03518879925549 24.286826526995842 31.510000228881836 AB 12.307994547821359 1.0668742294301876
61503.1345 lsst_hardware_u -2.212170350037541 2.835185845239192 28.459999084472656 AB 7.928431231967582 1.0515160785103326
61503.1519 lsst_hardware_g -2.265462067368914 14.962138532258201 31.420000076293945 AB 7.980589574499625 1.0735256355259113
61505.1206 lsst_hardware_r 16.071000399900225 23.86425539018518 31.5 AB 5.278670523267127 1.045039863384788
61505.137 lsst_hardware_i 53.09826577355853 31.965174574322 31.25 AB 5.160566304133271 1.0600998981374838
61511.054 lsst_hardware_i 57.80011568703792 55.09966881624281 31.31999969482422 AB 17.610587475416576 1.0602134689828115
61511.0721 lsst_hardware_z 98.10531924380307 54.43166681844085 30.979999542236328 AB 17.365639183850252 1.0441048686334296
61513.0697 lsst_hardware_z 118.5638673214956 73.99624328500754 31.0 AB 11.796005954510354 1.0425872538419698
61513.0879 lsst_hardware_r -54.54019679434139 103.37941777734024 31.670000076293945 AB 11.758314736862811 1.0405588262710452
61515.0962 lsst_hardware_z 88.3534841492951 83.15036625816465 31.0 AB 7.160743579353214 1.0469688689748102
61515.1138 lsst_hardware_i 221.03694014300265 98.64099858843316 31.34000015258789 AB 7.267384711025886 1.0654947772982923
61518.0941 lsst_hardware_z 153.67618568925707 56.25438322278473 30.979999542236328 AB 4.80517722806429 1.0520366126030192
61518.112 lsst_hardware_r -111.30295469839767 72.49785033997397 31.639999389648438 AB 5.058004225026955 1.0752560002183154
61520.0917 lsst_hardware_u 8.245855365790634 11.343798737363533 29.309999465942383 AB 14.291508234791337 1.0551131956287843
61520.1094 lsst_hardware_g -21.99496756506928 50.63348542321351 31.700000762939453 AB 14.42397691522099 1.0801780016391156
61522.0756 lsst_hardware_r 5.512793228032297 23.110000610351562 31.489999771118164 AB 4.288361656057697 1.0459418673311458
61522.0939 lsst_hardware_i -13.821296820380324 31.049999237060547 31.239999771118164 AB 4.769614088994088 1.0644084108445109
61524.0788 lsst_hardware_z 11.049718193366608 41.36000061035156 30.940000534057617 AB 8.941033869866136 1.0530839625298734
61524.096 lsst_hardware_r 12.981252794067453 23.299999237060547 31.5 AB 9.480245631462896 1.075894641260046
61526.0777 lsst_hardware_u 0.1632296576685038 2.680000066757202 28.40999984741211 AB 10.624651774223553 1.0577581536386633
61526.0956 lsst_hardware_r -8.823151241650068 23.200000762939453 31.489999771118164 AB 10.629725293043984 1.084924161505527
61532.0491 lsst_hardware_u -1.5924045284718584 2.8399999141693115 28.530000686645508 AB 6.5374098662712825 1.0464878927918932
61532.0684 lsst_hardware_g -3.6275404147149115 14.489999771118164 31.440000534057617 AB 6.755320361145183 1.0669383812911921
61533.0506 lsst_hardware_r 13.467630916404213 23.229999542236328 31.510000228881836 AB 10.811395175507432 1.04975193470312
61533.0684 lsst_hardware_i 29.312406058895355 31.030000686645508 31.25 AB 11.018260855231613 1.071016510569123
61535.0493 lsst_hardware_z 35.09223834291349 41.58000183105469 30.950000762939453 AB 7.6877301879580004 1.0536188841167684
61535.0668 lsst_hardware_r 2.9284062199013676 23.389999389648438 31.5 AB 7.851977133877898 1.07731043889386
61537.0486 lsst_hardware_z -28.931104357264477 42.5099983215332 30.959999084472656 AB 12.088444309565936 1.058857295104974
61537.0663 lsst_hardware_r -35.71451262257229 28.100000381469727 31.549999237060547 AB 12.447165910032009 1.0863297181036837
61540.9897 lsst_hardware_r -44.15278598585078 86.5999984741211 31.65999984741211 AB 7.697044460958964 1.0443750964666165
61541.0081 lsst_hardware_z 25.56154219652483 67.43000030517578 30.989999771118164 AB 5.436012625770589 1.0400368538327693
61542.9927 lsst_hardware_y 94.53516715118103 55.72999954223633 30.059999465942383 AB 7.720245762771162 1.0408618424966176
61543.0125 lsst_hardware_r -97.62945827889332 93.23999786376953 31.65999984741211 AB 7.507679198775651 1.0427332220521737
61546.967 lsst_hardware_z -24.782160620038365 51.2599983215332 30.979999542236328 AB 5.688194288545305 1.048708386531334
61546.9867 lsst_hardware_i 35.22001327343545 52.40999984741211 31.31999969482422 AB 5.605650229641078 1.0400093190428716
61550.9654 lsst_hardware_y -3.158522795706566 47.90999984741211 30.049999237060547 AB 6.015384905109044 1.0428289347198574
61550.9847 lsst_hardware_r 12.134037408908183 23.65999984741211 31.510000228881836 AB 6.027994633596354 1.0406850377389112
61552.9667 lsst_hardware_y -97.38381213787923 47.650001525878906 30.049999237060547 AB 6.736005755802736 1.0405508234807406
61552.9878 lsst_hardware_r -30.62724579872712 23.510000228881836 31.510000228881836 AB 6.764041196660148 1.0440349136268798
61554.9527 lsst_hardware_y -96.78062371020287 65.76000213623047 30.06999969482422 AB 10.058174697092051 1.0437039220807358
61554.9722 lsst_hardware_z -33.013965733347966 41.58000183105469 30.959999084472656 AB 9.96350428880084 1.040357553388414
61556.9507 lsst_hardware_y 142.6906289991431 69.93000030517578 30.06999969482422 AB 9.156650263471661 1.0421073896212056
61556.9609 lsst_hardware_u -8.877381726454962 4.070000171661377 28.770000457763672 AB 7.129194035147992 1.0399232784112171
61559.9521 lsst_hardware_y 128.681276742205 65.8499984741211 30.06999969482422 AB 12.063403983137771 1.0399486192360148
61559.9731 lsst_hardware_r -22.324662634456935 23.81999969482422 31.510000228881836 AB 11.305532972299424 1.046808608546243
61775.341 lsst_hardware_i -12.853803090780216 31.139999389648438 31.25 AB 11.787046379648226 1.04932309976393
61775.3613 lsst_hardware_y -91.89485622468518 63.20000076293945 30.059999465942383 AB 11.69397448739587 1.040019075720017
61777.3417 lsst_hardware_r -14.920415024972623 23.5 31.510000228881836 AB 7.135139422037054 1.0449058244178155
61777.3624 lsst_hardware_y 7.615364267784934 63.43000030517578 30.06999969482422 AB 7.198267215487932 1.040199498872303
61779.3391 lsst_hardware_g 13.150298481787654 14.84000015258789 31.450000762939453 AB 7.6312662726030736 1.0433303931918698
61779.361 lsst_hardware_y -33.378479358711516 56.279998779296875 30.059999465942383 AB 7.6259582660742495 1.0410864527063812
61784.3424 lsst_hardware_r 181.73126884528565 94.7300033569336 31.65999984741211 AB 7.155587354031931 1.0400814972308337
61784.3622 lsst_hardware_y -43.6722123577804 62.349998474121094 30.059999465942383 AB 7.2345059125504045 1.0494423740462846
61785.3467 lsst_hardware_r -11.717148177865512 87.72000122070312 31.65999984741211 AB 5.573815611477909 1.0417697859593624
61785.3663 lsst_hardware_y -147.66733462844203 68.12999725341797 30.059999465942383 AB 5.682222884704608 1.0560443968599815
61787.3436 lsst_hardware_z 3.0764987312031615 56.22999954223633 30.979999542236328 AB 2.3982949365146826 1.0427369289194273
61787.3638 lsst_hardware_y -19.662743800754168 57.08000183105469 30.049999237060547 AB 2.436764097979296 1.0594626512953462
61789.3252 lsst_hardware_r -22.243653428269894 32.79999923706055 31.56999969482422 AB 6.863362030033034 1.0399033378837932
61789.344 lsst_hardware_z -66.50767731746224 43.630001068115234 30.950000762939453 AB 6.449226705348475 1.0460184421942174
