data/validation/pwv_sim_epoch_fit_epoch/24312588.ecsv
# %ECSV 0.9
# ---
# datatype:
# - {name: time, datatype: float64}
# - {name: band, datatype: string}
# - {name: flux, datatype: float64}
# - {name: fluxerr, datatype: float64}
# - {name: zp, datatype: float64}
# - {name: zpsys, datatype: string}
# - {name: pwv, datatype: float64}
# - {name: airmass, datatype: float64}
# meta: {SNID: '24312588', alt: 1024.0, c: -0.02730891853570938, dec: -38.682186, lat: -30.244573, lon: -70.7499537, ra: 143.261719, t0: 60282.31640625,
#   x0: 2.4766723870907554e-05, x1: 0.664475679397583, z: 0.3129415214061737}
# schema: astropy-2.0
time band flux fluxerr zp zpsys pwv airmass
60295.3433 lsst_hardware_r 5250.367490533848 75.47814356695307 31.5 AB 7.384860774211389 1.013800499822983
60295.3563 lsst_hardware_z 2507.1288534397813 85.47409806926711 30.989999771118164 AB 7.34549296292437 1.011218744895976
60297.3421 lsst_hardware_z 2246.1631625889054 63.063938569404364 30.959999084472656 AB 5.291537019631317 1.0124437041292502
60297.3543 lsst_hardware_y 616.0153707176956 71.84892099986628 30.079999923706055 AB 5.288654270676653 1.0113116494266474
60303.3351 lsst_hardware_i 3416.4761923957662 67.5087219188093 31.290000915527344 AB 6.528390528199651 1.0112129070941218
60303.3466 lsst_hardware_y 561.3946061563768 54.54201341880314 30.059999465942383 AB 6.503888260554904 1.0129878141196509
60306.3403 lsst_hardware_y 1025.070377238716 80.22500990686136 30.809999465942383 AB 5.728180148689293 1.013627890764061
60310.3232 lsst_hardware_z 1919.9326787463547 65.58739653436828 30.969999313354492 AB 7.193137433649675 1.0119036640045573
60310.3357 lsst_hardware_r 2379.3406085114807 72.97505825538053 31.649999618530273 AB 7.262299222960374 1.01648525344745
60314.3151 lsst_hardware_i 2563.679788545256 59.04122215513675 31.260000228881836 AB 10.26028703709703 1.0125616339777983
60314.3283 lsst_hardware_z 1837.1424491548628 59.18593090128438 30.950000762939453 AB 10.218288619462898 1.0185609788059529
60316.3167 lsst_hardware_r 1448.8588772491537 44.01549682149575 31.489999771118164 AB 8.35331124304218 1.0151681646766972
60316.3286 lsst_hardware_u 7.044365384575696 3.436573659630688 28.469999313354492 AB 8.580647227463977 1.0227129918213764
60318.3177 lsst_hardware_g 361.7155187909429 23.656688103898 31.420000076293945 AB 7.698917271566564 1.0187683438142887
60318.3287 lsst_hardware_r 1336.4060827557505 42.359836514106036 31.5 AB 7.710193302402758 1.027626141265429
60320.3256 lsst_hardware_z 1810.7554770609552 57.736063552419644 30.959999084472656 AB 7.62189340443771 1.0299855951942851
60320.3385 lsst_hardware_u 2.249582331489057 3.3306235451930943 28.479999542236328 AB 6.760888054499324 1.045848565936936
60322.213 lsst_hardware_r 1112.1117202691291 39.638359336185246 31.489999771118164 AB 4.7699306058766675 1.0824146152780771
60322.2321 lsst_hardware_i 1940.9069446802648 53.260688409225466 31.25 AB 4.624750058014398 1.048082202341272
60324.2673 lsst_hardware_u 3.7002806358568536 3.156428538720937 28.399999618530273 AB 5.657213203084139 1.0127485146946185
60324.2793 lsst_hardware_r 945.5404559009849 37.857456026551915 31.479999542236328 AB 5.62151342691976 1.0112454446698615
60326.2711 lsst_hardware_i 1739.4262385588756 50.22883827468896 31.25 AB 2.132456411451488 1.01124192599952
60326.2831 lsst_hardware_z 1421.3251495700813 54.213458952357826 30.950000762939453 AB 2.250481096681805 1.0127797922438275
60328.2724 lsst_hardware_r 837.0160319874 35.783718630297045 31.479999542236328 AB 6.457532119118628 1.0116238306713257
60328.2848 lsst_hardware_u 4.1716111228104245 2.8150121983553476 28.329999923706055 AB 6.562028126492868 1.0155842127258876
60330.2663 lsst_hardware_g 250.9981369961359 19.713795622530075 31.3799991607666 AB 11.955666742491456 1.0115347799502048
60330.2779 lsst_hardware_r 722.8597490329515 34.96095561082542 31.479999542236328 AB 12.008040721387578 1.014906949265044
60332.2645 lsst_hardware_i 1399.6422231785407 61.52061727122069 31.309999465942383 AB 9.61589773290881 1.012199761358822
60332.2771 lsst_hardware_z 934.6439174170961 58.488285131475486 30.969999313354492 AB 9.664458585869873 1.0173114300915655
60334.2744 lsst_hardware_r 798.3735143066212 87.38875625545471 31.65999984741211 AB 9.481670352825645 1.0190231087797132
60334.2881 lsst_hardware_z 818.8979556676203 66.88361490991291 30.979999542236328 AB 9.611437886812679 1.0307448335679432
60338.2538 lsst_hardware_z 924.7741266629789 62.02227106188177 30.979999542236328 AB 11.36617337212812 1.0139617626567654
60338.2657 lsst_hardware_i 1147.421989700787 67.46970078014685 31.329999923706055 AB 11.444869610831699 1.0205572877714562
60350.2441 lsst_hardware_r 22.683198109249545 21.860000610351562 31.489999771118164 AB 4.4462518877478345 1.0304175869635708
60350.2563 lsst_hardware_i 35.24854879173233 29.829999923706055 31.239999771118164 AB 3.602585789212589 1.0454398691853366
60352.1905 lsst_hardware_i 0.7215276313462433 29.649999618530273 31.25 AB 6.000514027064205 1.0128589479093353
60352.1999 lsst_hardware_z -7.123745302865463 40.33000183105469 30.950000762939453 AB 6.012594718590058 1.011256610179412
60354.1909 lsst_hardware_r 33.07085271784539 21.809999465942383 31.5 AB 1.5337181417527024 1.0115762174910645
60354.2018 lsst_hardware_u -0.787847358068574 2.7200000286102295 28.510000228881836 AB 1.4323844910183958 1.0116900466287786
60356.1904 lsst_hardware_g 8.294100364002816 13.100000381469727 31.399999618530273 AB 4.2151259959396095 1.0112257487260095
60356.2014 lsst_hardware_r 16.07112728773752 21.729999542236328 31.489999771118164 AB 4.199947258299985 1.012849017274916
60359.1821 lsst_hardware_i 36.35114734577809 38.959999084472656 31.299999237060547 AB 3.2225276696236955 1.0112270085898472
60359.1931 lsst_hardware_z 52.78751449154162 44.40999984741211 30.969999313354492 AB 3.128846434544549 1.0128174911530465
60362.1826 lsst_hardware_r -90.39905434691832 73.91999816894531 31.65999984741211 AB 8.117244371118547 1.0122093737366216
60362.1942 lsst_hardware_z -1.1530975851929708 56.130001068115234 30.989999771118164 AB 8.159986224699606 1.0167573639897336
60365.1808 lsst_hardware_z 14.33505537406702 67.05999755859375 30.989999771118164 AB 9.607613146752357 1.0142548034329626
60365.1939 lsst_hardware_i 37.30073075585789 77.19999694824219 31.34000015258789 AB 9.515861734704915 1.0220021195043405
60367.0282 lsst_hardware_y -14.932369559441602 53.2599983215332 29.959999084472656 AB 10.338422020561298 1.3015764850259721
60367.0492 lsst_hardware_u 4.897276168125045 9.380000114440918 29.110000610351562 AB 9.330271935768549 1.2046832712419042
60367.1766 lsst_hardware_r -42.76807986341732 76.83000183105469 31.65999984741211 AB 6.777287390976404 1.0147918531071953
60367.1874 lsst_hardware_z 2.090635357866743 58.08000183105469 30.979999542236328 AB 6.807136006851361 1.0212108175151124
60372.1675 lsst_hardware_i -90.07565136896952 46.68000030517578 32.0099983215332 AB 6.61046438691694 1.0170988388937747
60372.1806 lsst_hardware_z 30.207634098183 59.63999938964844 31.700000762939453 AB 6.627443161157785 1.0270063526162017
60375.1611 lsst_hardware_r -18.759842385233767 21.790000915527344 31.479999542236328 AB 8.668411445583281 1.0181660778838248
60375.1733 lsst_hardware_g 23.997938180370483 13.170000076293945 31.389999389648438 AB 9.666264100592315 1.02786124364966
60382.2492 lsst_hardware_i -8.4815085410466 31.899999618530273 31.209999084472656 AB 14.3220902042106 1.2880542790266596
60382.2608 lsst_hardware_r -35.17357997385162 23.170000076293945 31.43000030517578 AB 14.738221663038406 1.3526578402623382
60386.1292 lsst_hardware_i 8.145146645203708 31.700000762939453 31.260000228881836 AB 6.278820225950511 1.0170600511785195
60386.1428 lsst_hardware_z -32.882387018452555 41.310001373291016 30.950000762939453 AB 6.34917017152029 1.027415376272537
60393.1138 lsst_hardware_z 57.95399470915942 66.4000015258789 30.989999771118164 AB 9.100552604450021 1.0193651873707226
60393.1281 lsst_hardware_i -3.7305749589327317 75.62000274658203 31.34000015258789 AB 8.725493234861426 1.0319310785715319
60398.1094 lsst_hardware_z 27.82919326004598 69.16999816894531 31.709999084472656 AB 6.080122658653991 1.0268164814209622
60402.0942 lsst_hardware_i -49.77725851789976 29.65999984741211 31.25 AB 7.133330207997029 1.0230663618496805
60402.1075 lsst_hardware_z 77.8037090807693 40.68000030517578 30.940000534057617 AB 7.352217314497011 1.0364968018557628
60416.0271 lsst_hardware_g 1.1885554818913349 28.950000762939453 31.670000076293945 AB 13.4226650763523 1.0112378104005952
60416.041 lsst_hardware_r 34.15150070213613 32.189998626708984 31.59000015258789 AB 13.453341932054794 1.01404552137294
60419.0262 lsst_hardware_i 19.468062727692484 49.31999969482422 31.31999969482422 AB 7.02337266053391 1.0120498087876235
60419.0396 lsst_hardware_z -84.61601088042126 50.279998779296875 30.969999313354492 AB 7.084113007418796 1.0173572695822777
60421.026 lsst_hardware_r -163.75688614992947 73.22000122070312 31.65999984741211 AB 9.408535115789956 1.01354131631398
60421.0385 lsst_hardware_z -36.00204855104378 56.93000030517578 30.979999542236328 AB 9.470028156180787 1.0201656989978765
60427.0214 lsst_hardware_z -56.644735137755525 46.31999969482422 30.959999084472656 AB 1.5295018846627333 1.0196679231084889
60427.0337 lsst_hardware_i 71.81863458713076 43.95000076293945 31.299999237060547 AB 1.5454105960696334 1.030273730713089
60428.0083 lsst_hardware_r -12.457258908334326 21.530000686645508 31.489999771118164 AB 8.706068844418077 1.0140728393952507
60428.024 lsst_hardware_u 3.6519734153337358 2.5899999141693115 28.40999984741211 AB 8.750047597150894 1.0237266485888321
60431.008 lsst_hardware_g -3.968555231500918 13.079999923706055 31.420000076293945 AB 8.952371334356728 1.0180572577758473
60431.0206 lsst_hardware_r -12.310069383299181 21.790000915527344 31.5 AB 9.021962997052057 1.028075588181457
60434.0052 lsst_hardware_i 3.8843996123623388 29.700000762939453 31.260000228881836 AB 10.276193258274658 1.021786627164071
60434.0174 lsst_hardware_z 36.66510655180344 40.720001220703125 30.950000762939453 AB 10.38448527882267 1.0333249582973758
60436.9959 lsst_hardware_r 38.24165676091044 21.459999084472656 31.469999313354492 AB 10.02703216313008 1.0209527466595474
60437.0079 lsst_hardware_g -7.281659845132122 12.819999694824219 31.3700008392334 AB 10.079037091704055 1.0318776669662548
60441.9552 lsst_hardware_y -197.73697701052015 108.9800033569336 30.829999923706055 AB 8.173679343064677 1.0112393768354344
60441.9676 lsst_hardware_r -46.89710272194886 32.31999969482422 32.25 AB 7.865665904773063 1.0131815248741736
60657.2516 lsst_hardware_r 41.49713438984481 62.2599983215332 31.600000381469727 AB 9.684377064094123 1.2170889863131988
60657.2762 lsst_hardware_i 52.59244573016916 48.470001220703125 31.299999237060547 AB 8.912126373050246 1.1310522714703022
60661.3382 lsst_hardware_z -24.58023328148089 54.630001068115234 30.979999542236328 AB 5.867260177099636 1.0150969164530605
60661.3503 lsst_hardware_y -76.67160790083301 58.95000076293945 30.06999969482422 AB 5.7290379523214074 1.011527336538761
60664.3466 lsst_hardware_z 51.394976440311524 52.43000030517578 30.979999542236328 AB 6.531504703788444 1.0112253760315555
60666.3413 lsst_hardware_r 83.72428756549809 38.2400016784668 31.610000610351562 AB 6.148922987609771 1.0112251377496264
60666.3533 lsst_hardware_y -143.224429735332 60.47999954223633 30.06999969482422 AB 6.171089079390188 1.0131764804033347
60667.3371 lsst_hardware_z 132.03227980978744 61.31999969482422 31.709999084472656 AB 6.054481373508475 1.011257241034177
60669.3316 lsst_hardware_g 10.787475611509333 16.729999542236328 31.5 AB 8.610873446689524 1.0112593595642179
60669.3452 lsst_hardware_y 63.13148016414192 48.939998626708984 30.059999465942383 AB 8.940283163801562 1.013206761728467
60673.3388 lsst_hardware_i 36.02212266629101 29.770000457763672 31.25 AB 8.959914621816754 1.0149810771230698
60673.3519 lsst_hardware_y 51.34942295207786 52.630001068115234 30.059999465942383 AB 9.067229372532658 1.023350818915607
60675.3222 lsst_hardware_u -3.0286718625490785 2.609999895095825 28.43000030517578 AB 7.1453472751232425 1.0116276343732442
60675.3344 lsst_hardware_g 9.680239781465996 13.130000114440918 31.40999984741211 AB 7.210920628862114 1.0154795984878375
60679.3175 lsst_hardware_z -0.11480145323317563 40.2599983215332 30.950000762939453 AB 3.3418130786503273 1.013079955128434
60679.3294 lsst_hardware_u -0.40196255317305996 2.6500000953674316 28.450000762939453 AB 3.3417923429863987 1.018839128959268
60681.3171 lsst_hardware_g -5.596325261642093 13.069999694824219 31.420000076293945 AB 7.341331060242749 1.0150475022803662
60681.3282 lsst_hardware_r 4.136933650580263 21.649999618530273 31.489999771118164 AB 7.401735071010067 1.0218686246217303
60683.3193 lsst_hardware_i 5.775516217813945 29.520000457763672 31.25 AB 8.932856584758497 1.019383382946308
60683.3312 lsst_hardware_z -45.66003918177742 40.59000015258789 30.950000762939453 AB 9.040147382526923 1.0294341297240757
60685.3226 lsst_hardware_u 3.255094139244385 2.6700000762939453 28.479999542236328 AB 7.351645519901525 1.0263838681917616
60685.3339 lsst_hardware_g -6.878139727031284 13.029999732971191 31.399999618530273 AB 7.092514234373976 1.0387396359657257
60687.2682 lsst_hardware_z 14.474505412520417 52.5 30.979999542236328 AB 5.926639726253661 1.0146618261006082
60687.2807 lsst_hardware_g 57.872680792837365 65.41999816894531 31.739999771118164 AB 5.9074789460349555 1.0113814322949746
60689.2671 lsst_hardware_r 157.94183787600474 85.05999755859375 31.65999984741211 AB 7.185166302165729 1.0130296855473164
60689.2814 lsst_hardware_i -146.9526587351109 65.68000030517578 31.329999923706055 AB 7.2705272871213555 1.0113405601782384
60691.2797 lsst_hardware_z -17.125245614200917 81.79000091552734 31.739999771118164 AB 4.494530445310639 1.011825854414822
60693.2193 lsst_hardware_z -23.79614819326853 52.47999954223633 30.979999542236328 AB 6.955843748200589 1.0439507351344124
60693.238 lsst_hardware_r 31.237087749244914 61.439998626708984 31.649999618530273 AB 6.781739462965082 1.0233498510585648
60696.2662 lsst_hardware_i 12.105866699463421 36.29999923706055 31.280000686645508 AB 11.97917750977201 1.011854561381781
60696.2802 lsst_hardware_z -11.981157008819984 43.38999938964844 30.959999084472656 AB 12.019713446667051 1.0171400459783408
60698.1338 lsst_hardware_i 3.063204417854837 31.600000381469727 31.219999313354492 AB 9.541762217138784 1.2424169553566125
60698.1512 lsst_hardware_u 0.10559081434469904 2.569999933242798 28.329999923706055 AB 9.102887471791153 1.1729517402015996
60698.249 lsst_hardware_z -50.234767458868895 40.84000015258789 30.950000762939453 AB 9.21754394122773 1.0115737097693756
60698.261 lsst_hardware_i -47.26586425042497 31.030000686645508 31.25 AB 9.613088786029738 1.0119040827399726
60700.2661 lsst_hardware_g 15.804134029184238 13.40999984741211 31.420000076293945 AB 9.44525402313495 1.015464026784624
60700.2782 lsst_hardware_r 1.742072803701494 22.030000686645508 31.5 AB 9.53201013146588 1.0233700889094814
60702.252 lsst_hardware_i -22.124349716883916 29.510000228881836 31.25 AB 11.665685250807776 1.012324079500834
60702.2634 lsst_hardware_r 16.230449808560074 21.600000381469727 31.489999771118164 AB 11.716352982688994 1.0169047641908875
60704.2529 lsst_hardware_u -2.860138633084257 2.759999990463257 28.549999237060547 AB 11.377748018631747 1.014436259927045
60704.2634 lsst_hardware_g -19.82699790153506 13.130000114440918 31.420000076293945 AB 11.450332865739405 1.0203847822193308
60706.2558 lsst_hardware_r 43.98553206228627 21.690000534057617 31.5 AB 11.799537547013284 1.0189216749840564
60706.2667 lsst_hardware_i -4.660234254376328 29.75 31.260000228881836 AB 11.79597485840302 1.027747755034025
60710.2457 lsst_hardware_i 57.02235755944478 29.739999771118164 31.260000228881836 AB 7.690874293013407 1.019469020813018
60710.2569 lsst_hardware_u 1.270509838742224 2.7699999809265137 28.549999237060547 AB 8.22464370981961 1.0288521028045563
60712.204 lsst_hardware_z -10.616395321056324 40.459999084472656 30.959999084472656 AB 5.481465957635979 1.0131319444225024
60712.216 lsst_hardware_g 8.865010733649292 13.220000267028809 31.43000030517578 AB 4.3709039516866905 1.0112371292558149
60715.2337 lsst_hardware_i 13.768994898877487 45.84000015258789 31.309999465942383 AB 5.449639946218282 1.020627389496822
60715.2459 lsst_hardware_r 29.051350865512934 47.209999084472656 31.6299991607666 AB 5.511382816453058 1.0316111963412369
60719.2069 lsst_hardware_z 29.98742765775019 66.30999755859375 30.989999771118164 AB 4.068922486818616 1.0126735905471917
