data/validation/pwv_sim_epoch_fit_epoch/24700277.ecsv
# %ECSV 0.9
# ---
# datatype:
# - {name: time, datatype: float64}
# - {name: band, datatype: string}
# - {name: flux, datatype: float64}
# - {name: fluxerr, datatype: float64}
# - {name: zp, datatype: float64}
# - {name: zpsys, datatype: string}
# - {name: pwv, datatype: float64}
# - {name: airmass, datatype: float64}
# meta: {SNID: '24700277', alt: 1024.0, c: -0.09519784897565842, dec: -16.801838, lat: -30.244573, lon: -70.7499537, ra: 127.265625, t0: 62469.4765625,
#   x0: 2.3368868651967117e-06, x1: 1.3150349855422974, z: 0.8355861306190491}
# schema: astropy-2.0
time band flux fluxerr zp zpsys pwv airmass
62472.342 lsst_hardware_r 546.0185227448482 33.97088248676688 31.530000686645508 AB 6.827581126763413 1.029645773904855
62474.2213 lsst_hardware_r 936.1524790541193 45.44584873585664 32.18000030517578 AB 6.0110647045367935 1.3755296806719373
62474.2324 lsst_hardware_y 157.94073206280055 51.900688179932224 29.959999084472656 AB 5.695610314127619 1.3043133484004394
62476.3451 lsst_hardware_g 73.39532842096786 20.118621315904253 31.540000915527344 AB 4.377034163992805 1.027955416625835
62478.3408 lsst_hardware_i 718.8605897068888 41.49809623873826 31.260000228881836 AB 6.402620732764453 1.0281205512268312
62480.3301 lsst_hardware_r 433.0884506455995 29.554855007646136 31.489999771118164 AB 10.333947135821482 1.027742131856935
62480.3491 lsst_hardware_y 296.0002818053769 58.66859752964395 30.059999465942383 AB 9.507866214580146 1.0336697038808615
62482.3281 lsst_hardware_g 51.03964112972159 15.296802614759487 31.420000076293945 AB 10.842296278628963 1.0278844297077498
62482.3467 lsst_hardware_y 87.94137743934844 53.74623236930535 30.049999237060547 AB 12.066871643176878 1.035812610647801
62484.3265 lsst_hardware_z 512.2221923577418 45.692976211828714 30.940000534057617 AB 7.440238612460853 1.0285333196959618
62484.3464 lsst_hardware_y 188.10624676664344 53.13023094353222 30.049999237060547 AB 8.783377316836583 1.0401915344429618
62488.2649 lsst_hardware_z 1206.8592639474032 94.29880865477098 32.15999984741211 AB 5.613841088957968 1.0620206373359757
62488.2838 lsst_hardware_r 347.16693364114803 52.36444582398935 31.6299991607666 AB 5.484100524892495 1.0386554024417605
62490.2708 lsst_hardware_i 590.9371493613215 72.6041482777489 31.329999923706055 AB 4.494142782382162 1.0463458875184017
62490.292 lsst_hardware_z 337.8859366694599 64.48658467272003 30.989999771118164 AB 4.570985975445693 1.0299652941518012
62492.2563 lsst_hardware_r 462.25525604816886 104.64940284364039 31.65999984741211 AB 4.897241381131095 1.0584053125417694
62492.282 lsst_hardware_z 394.30335056310264 72.7152425096613 30.989999771118164 AB 4.816887717308657 1.032116502530246
62494.2745 lsst_hardware_z 331.2620458121797 64.10244065539348 30.989999771118164 AB 5.8003673006365535 1.033319590374778
62494.2967 lsst_hardware_i 432.0182003786053 69.87310060060618 31.329999923706055 AB 6.220049446979625 1.0280507046961331
62496.2774 lsst_hardware_z 350.62559710211946 55.17934636743249 30.979999542236328 AB 8.234533729827769 1.029316716228471
62496.2994 lsst_hardware_r 163.6768596830481 61.15651255044431 31.649999618530273 AB 8.768194358093456 1.030420834937338
62498.2585 lsst_hardware_r 116.32712333563062 35.72217853351943 31.579999923706055 AB 6.361237664077392 1.0369610667662226
62498.278 lsst_hardware_y 128.32992479934805 48.60396333143064 30.049999237060547 AB 6.289215383814942 1.0279435106140846
62500.2528 lsst_hardware_g 18.46517695199417 15.763484144303508 31.459999084472656 AB 9.023249493036769 1.0371551141421573
62500.2725 lsst_hardware_r 120.03926102624312 25.927569508083007 31.510000228881836 AB 8.943144672227703 1.0279476634744487
62502.2593 lsst_hardware_i 252.51723918217954 33.64669781683224 31.25 AB 7.284450536579426 1.0299369530059426
62502.2808 lsst_hardware_z 210.58851485320164 43.53387105022945 30.950000762939453 AB 7.279603840014632 1.0295442731686064
62504.2418 lsst_hardware_r 107.93081560378798 24.350208047818537 31.489999771118164 AB 3.6183360126969415 1.0372182923024056
62504.263 lsst_hardware_u -0.5574268064487669 2.653973027705495 28.43000030517578 AB 4.508475430101427 1.027807005608441
62506.2413 lsst_hardware_g -5.590455113518483 13.980810300460698 31.420000076293945 AB 12.106474083429731 1.0335929380542757
62506.2626 lsst_hardware_i 200.12493964044774 33.04896680327268 31.25 AB 10.718724638628846 1.0278792327031876
62508.2449 lsst_hardware_z 300.6439807852154 42.8483804775387 30.940000534057617 AB 8.942608083361932 1.0292267417358167
62508.2646 lsst_hardware_r 58.99954469801475 23.844556364331513 31.479999542236328 AB 9.758104445805051 1.0296074329522609
62511.2387 lsst_hardware_u 0.8199252032737581 2.7307826551429244 28.459999084472656 AB 7.36455053359869 1.0286523157517955
62511.2595 lsst_hardware_g 32.47792668690685 14.341342639644667 31.43000030517578 AB 6.876048240171041 1.030891790130591
62513.1954 lsst_hardware_g -2.7117652983759237 14.123025145322423 31.40999984741211 AB 6.669041952933139 1.0640390288145198
62513.215 lsst_hardware_r 84.19749476160102 23.675122440264765 31.489999771118164 AB 5.302692362581537 1.0391323461848985
62515.1992 lsst_hardware_i 123.7190574769912 39.26362620569197 31.280000686645508 AB 8.352678541173283 1.0504311726480757
62515.2178 lsst_hardware_z 138.62657962022575 45.25322457618471 30.950000762939453 AB 8.132627481602592 1.032922278333539
62516.1962 lsst_hardware_r 2.8181670709760955 49.72902540464375 31.6299991607666 AB 6.347496715658545 1.0507795746651567
62516.2143 lsst_hardware_z 112.43943078251485 48.52292546151946 30.969999313354492 AB 5.580344768894314 1.0333971794248729
62518.2035 lsst_hardware_z 94.61880087124398 58.28563749795309 30.979999542236328 AB 3.192390969053373 1.037276389814812
62518.2241 lsst_hardware_i 108.37650261456491 61.29483348137425 31.329999923706055 AB 3.359732328054529 1.0278601860252405
62520.1849 lsst_hardware_z 112.36877512909362 77.75705780309039 30.989999771118164 AB 6.097381712822012 1.0512727091072434
62520.2047 lsst_hardware_r 161.05099929970723 113.69274755920205 31.65999984741211 AB 5.9890395619146055 1.0325930279163114
62522.1999 lsst_hardware_y 126.66547010528352 84.4008292665909 30.81999969482422 AB 11.870464196334504 1.0322142779421308
62524.1814 lsst_hardware_r 68.09941287815171 69.5901633520985 31.649999618530273 AB 9.106901011259126 1.0425759600754543
62524.2017 lsst_hardware_i 147.67127448540418 59.253256801399445 31.31999969482422 AB 8.979489726694078 1.0290695895361335
62526.1875 lsst_hardware_z 127.87991863116221 46.86452090374201 30.959999084472656 AB 7.954725350196801 1.0330812143112729
62526.2076 lsst_hardware_r 26.714820590254128 43.15103280736085 31.610000610351562 AB 7.973950841935823 1.0278358909430036
62530.1737 lsst_hardware_i 22.696426333353315 31.35327675233561 31.25 AB 9.975432470267608 1.0349927341231155
62530.1903 lsst_hardware_z 30.448747956962375 41.75099832727142 30.940000534057617 AB 9.921163542143761 1.0279755686335428
62532.1709 lsst_hardware_r 1.7490422096624596 23.278777258184636 31.5 AB 10.670514133233294 1.0332136657693822
62532.1893 lsst_hardware_u -0.7924932314317615 2.7442375799860446 28.489999771118164 AB 10.57789141888776 1.0277280951068914
62534.1478 lsst_hardware_u 3.377006968279337 2.776517418352688 28.5 AB 7.502158646078594 1.0498157957989496
62534.1663 lsst_hardware_g -20.985540245084486 14.088513096997577 31.440000534057617 AB 7.4154155237606005 1.032691791443775
62536.1485 lsst_hardware_r 15.085310638515798 23.253944258758626 31.489999771118164 AB 10.700838903902993 1.042712682475318
62536.1649 lsst_hardware_i 53.10614597268367 31.136709073220015 31.25 AB 10.58179188695485 1.0305852681410133
62538.1466 lsst_hardware_z 82.27534133420988 41.78066543699013 30.950000762939453 AB 4.067288457819412 1.0392526508353834
62538.1663 lsst_hardware_r 18.62290652161586 23.172332889881194 31.489999771118164 AB 4.030409083088874 1.0283404702557086
62540.1351 lsst_hardware_u -1.7828353684354814 2.5969815208302167 28.360000610351562 AB 8.958356255746823 1.0453971046849413
62540.1518 lsst_hardware_r 32.16863283501037 23.153481495675795 31.489999771118164 AB 8.863952103257487 1.0316417752688023
62542.136 lsst_hardware_i 43.31079408140025 32.4809309625777 31.260000228881836 AB 3.623380012136748 1.038962010648526
62542.1531 lsst_hardware_z 59.72043731720202 41.52922310292365 30.950000762939453 AB 3.576379735935848 1.0289026115708129
62545.1264 lsst_hardware_y -31.60977642309499 49.16214561703843 30.049999237060547 AB 3.883627638082632 1.0402574030578478
62545.1425 lsst_hardware_r 42.36425504026386 47.78729406788357 31.6299991607666 AB 3.7086142526336183 1.0296939155854563
62547.1186 lsst_hardware_i 102.89042319411416 63.086996827579554 31.329999923706055 AB 1.5613361308681717 1.042570450749442
62547.1353 lsst_hardware_z 107.52628435896189 58.41856049368505 30.989999771118164 AB 3.059403983674722 1.03039146236589
62549.1202 lsst_hardware_r -68.45873069156755 115.0588015667837 31.65999984741211 AB 2.462261867171919 1.0361964722449066
62549.1388 lsst_hardware_z 8.291397898625759 78.35404980625384 31.0 AB 3.0871960219988397 1.0279232037731543
62551.1175 lsst_hardware_r 207.07303286501667 105.68937577171863 31.670000076293945 AB 3.514540908265853 1.0341954609904422
62551.1336 lsst_hardware_i 107.35921621114392 84.23462694627565 31.34000015258789 AB 3.0908738200715975 1.0278928566915855
62553.0984 lsst_hardware_i 45.32863349644214 54.05405735519177 31.31999969482422 AB 4.768615104605828 1.0467819349370713
62553.1157 lsst_hardware_z -13.432903265088031 53.52785118566875 30.979999542236328 AB 4.717441100824223 1.0319617400082155
62555.1199 lsst_hardware_z 85.47464987474615 44.79072183735645 30.950000762939453 AB 6.775600140572208 1.0283329541637702
62555.1373 lsst_hardware_g -74.84258286489464 36.990863545234056 31.68000030517578 AB 8.285714651556882 1.0299850396614934
62558.0943 lsst_hardware_g -17.834020110729373 13.927171895697303 31.40999984741211 AB 5.928676990944679 1.0372526774167308
62558.1122 lsst_hardware_r 29.80388069941009 22.861568799136563 31.5 AB 5.864193774575504 1.0282346838730783
62560.094 lsst_hardware_i 59.86615227253879 30.72275979571988 31.25 AB 5.43124116005296 1.0334886370872862
62560.1109 lsst_hardware_z 74.12061643696805 41.35454579125094 30.950000762939453 AB 5.447303495491945 1.0277446338365068
62565.0767 lsst_hardware_z -14.0257496463569 40.66999816894531 30.950000762939453 AB 11.08571998594153 1.0360485968169655
62565.0949 lsst_hardware_i -45.21662047998776 29.889999389648438 31.239999771118164 AB 10.610633514558593 1.0279463466544692
62567.0772 lsst_hardware_u -1.3190843632084845 2.609999895095825 28.399999618530273 AB 6.615820174834954 1.0321092316435185
62567.0953 lsst_hardware_g 8.155048655067741 13.489999771118164 31.40999984741211 AB 7.506691133398686 1.0277976085160905
62569.0753 lsst_hardware_r -13.479725115152604 22.1299991607666 31.479999542236328 AB 11.041562044788533 1.030356892083381
62569.0944 lsst_hardware_i -30.021661899473497 30.010000228881836 31.25 AB 10.575097513181843 1.0285058853512705
62573.0492 lsst_hardware_i 24.616162440201634 38.40999984741211 31.290000915527344 AB 10.99088704909737 1.0409679920218504
62573.0675 lsst_hardware_z -52.1380033072735 44.689998626708984 30.959999084472656 AB 10.604049808098287 1.029186328835162
62579.0464 lsst_hardware_z -70.40977758152296 70.86000061035156 30.989999771118164 AB 7.741385153416825 1.0310848632681298
62579.0666 lsst_hardware_i -163.08299461062782 82.2699966430664 31.34000015258789 AB 7.496812745656904 1.0283928867587202
62581.0443 lsst_hardware_z -10.590589863591852 57.97999954223633 30.979999542236328 AB 4.064292246225253 1.0296515919248015
62581.0628 lsst_hardware_g -31.528141880662826 85.5199966430664 31.739999771118164 AB 4.093345058772313 1.0288017741180806
62585.0325 lsst_hardware_z 27.579231535448287 40.540000915527344 30.940000534057617 AB 8.46237319102369 1.02998699988117
62585.0499 lsst_hardware_u 0.31911787596238433 2.559999942779541 28.360000610351562 AB 10.647619776489904 1.0283249953149958
62593.0265 lsst_hardware_i 24.57146811971471 29.989999771118164 31.25 AB 8.055079807691836 1.0280455808336113
62593.0452 lsst_hardware_u 3.5258235208974766 2.690000057220459 28.459999084472656 AB 9.08472133502227 1.0370193200501043
62594.9947 lsst_hardware_y -60.83513932137575 47.790000915527344 30.049999237060547 AB 6.518680568912785 1.0361091264265605
62595.0137 lsst_hardware_g -14.013176222318219 13.390000343322754 31.399999618530273 AB 5.242091052638693 1.0278609907134693
62596.991 lsst_hardware_y 55.164022935601096 47.79999923706055 30.049999237060547 AB 8.69186833662404 1.0348078262544247
62597.0085 lsst_hardware_i 37.80327779780333 30.06999969482422 31.25 AB 8.32546643392743 1.027835362213263
62598.9906 lsst_hardware_z -23.524874573739627 42.09000015258789 30.950000762939453 AB 9.004287278173598 1.0316848303598978
62599.0087 lsst_hardware_u -0.14418315933308054 2.809999942779541 28.450000762939453 AB 7.813052352508384 1.027864147674183
62604.973 lsst_hardware_y 91.27108053561359 73.33999633789062 30.079999923706055 AB 4.973098734170054 1.0323522204930644
62604.9905 lsst_hardware_z -35.07504922152487 55.880001068115234 30.989999771118164 AB 4.951878181030139 1.027733758320996
62606.972 lsst_hardware_y 109.50287590939458 70.04000091552734 30.079999923706055 AB 15.36654182564799 1.0301592285350787
62606.99 lsst_hardware_r 104.8764657008997 79.33000183105469 31.65999984741211 AB 15.224874867582972 1.0283603422886167
62608.9699 lsst_hardware_y 38.17179816808495 76.7300033569336 30.079999923706055 AB 11.593126751694484 1.0289681364807495
62608.9877 lsst_hardware_r 6.878720168471802 80.87999725341797 31.65999984741211 AB 11.604550656748096 1.0292056190991716
62612.9673 lsst_hardware_z -230.16169216478406 65.19999694824219 30.989999771118164 AB 9.35884866151072 1.0277108286949672
62612.9848 lsst_hardware_g -9.335775309521326 13.989999771118164 31.43000030517578 AB 9.41868932085733 1.0329209103314503
62841.3403 lsst_hardware_r -1.120243808666364 23.3700008392334 31.520000457763672 AB 4.395590825841652 1.0277876485279642
62845.2704 lsst_hardware_z 37.26732711630878 64.58000183105469 30.989999771118164 AB 10.134590890827468 1.0954538064992494
62852.2864 lsst_hardware_z -27.968913061279373 46.33000183105469 30.969999313354492 AB 7.294344478207397 1.0393765286702366
62852.3079 lsst_hardware_r 33.696354187034295 42.25 31.6200008392334 AB 6.8349371571318835 1.0280419879869993
62854.2904 lsst_hardware_y 8.629545778770513 47.11000061035156 30.049999237060547 AB 4.493403227206057 1.0323729413454468
62854.3106 lsst_hardware_g -6.229730835379775 20.139999389648438 31.579999923706055 AB 5.031927978516883 1.0279730293190774
62856.2687 lsst_hardware_r 37.09992132048111 22.290000915527344 31.5 AB 5.607839918022212 1.0464014774726567
62856.2916 lsst_hardware_i -1.2264766250772463 30.290000915527344 31.270000457763672 AB 5.541675978079106 1.0293497575529662
62864.256 lsst_hardware_g 7.695600002478425 13.8100004196167 31.440000534057617 AB 7.456095684471687 1.037321726686982
62864.2783 lsst_hardware_i 39.31893529973513 30.329999923706055 31.260000228881836 AB 7.3950009817447375 1.0277377008620716
62867.2577 lsst_hardware_z 16.427782186024775 40.900001525878906 30.950000762939453 AB 7.290013827485111 1.0309115669734332
62867.2807 lsst_hardware_r -10.880775203892664 22.34000015258789 31.5 AB 7.279375429207948 1.029256500454997
62869.2621 lsst_hardware_y 47.97899937286414 46.59000015258789 30.049999237060547 AB 4.496429743062052 1.027951170065624
62869.2836 lsst_hardware_g 5.424608864819155 13.380000114440918 31.389999389648438 AB 4.54255612472886 1.0332209995971473
62873.2441 lsst_hardware_z 25.87336985092384 62.40999984741211 30.989999771118164 AB 8.917469669137436 1.0297309086763782
62873.2655 lsst_hardware_r 62.11305826307123 85.30999755859375 31.65999984741211 AB 9.822154435667501 1.0296658795143707
62875.2425 lsst_hardware_z -23.347012809599633 77.05000305175781 31.0 AB 7.097973543070962 1.0285427536691714
62875.2645 lsst_hardware_r 92.35068390978155 113.43000030517578 31.65999984741211 AB 8.198942440351319 1.0316595638391886
62880.2035 lsst_hardware_g -32.03222633423829 52.349998474121094 31.709999084472656 AB 8.286893402509502 1.0460167546399843
62880.2226 lsst_hardware_i -7.523240593011915 48.02000045776367 31.31999969482422 AB 8.123482142252778 1.0307243455742832
62882.201 lsst_hardware_z -32.996487796765024 43.33000183105469 30.959999084472656 AB 5.385405631658551 1.042773866135841
62882.2208 lsst_hardware_r -21.711907832680282 32.66999816894531 31.579999923706055 AB 5.239204025343588 1.0292794653764292
