data/validation/pwv_sim_epoch_fit_epoch/24788472.ecsv
# %ECSV 0.9
# ---
# datatype:
# - {name: time, datatype: float64}
# - {name: band, datatype: string}
# - {name: flux, datatype: float64}
# - {name: fluxerr, datatype: float64}
# - {name: zp, datatype: float64}
# - {name: zpsys, datatype: string}
# - {name: pwv, datatype: float64}
# - {name: airmass, datatype: float64}
# meta: {SNID: '24788472', alt: 1024.0, c: -0.029863808304071426, dec: -20.264481, lat: -30.244573, lon: -70.7499537, ra: 61.875, t0: 61293.08984375,
#   x0: 8.772921845274526e-05, x1: 0.5829007625579834, z: 0.1790660172700882}
# schema: astropy-2.0
time band flux fluxerr zp zpsys pwv airmass
61285.3658 lsst_hardware_z 7278.184839394533 98.74650503491402 30.969999313354492 AB 2.3329401601252777 1.0670966998857758
61285.3828 lsst_hardware_y 2423.21976207364 68.48407472502012 30.049999237060547 AB 2.4023260831573334 1.0395179935779422
61298.3754 lsst_hardware_z 6301.47434476001 89.07222049207112 30.950000762939453 AB 1.2037463535581812 1.017107185093609
61298.3941 lsst_hardware_y 2520.042662079413 68.06298070358747 30.059999465942383 AB 1.2127768986340708 1.0170036885820302
61306.3679 lsst_hardware_r 16114.852949969536 128.35143064958373 31.5 AB 1.7945745280292806 1.0159885986202062
61306.3881 lsst_hardware_y 1726.0691745153683 63.27633493584188 30.049999237060547 AB 1.4873059060811835 1.026082032480982
61308.3414 lsst_hardware_z 4211.4134975417555 84.2536717550285 30.979999542236328 AB 6.08520982553799 1.0199815329430086
61308.3611 lsst_hardware_r 16474.099657006445 144.42467306034916 31.649999618530273 AB 5.908422106670053 1.0158036803352624
61310.3369 lsst_hardware_i 9966.842921480864 120.42642022845888 31.34000015258789 AB 4.931547985649299 1.0194765681470803
61310.3564 lsst_hardware_z 3963.600379364889 88.02962495350313 30.989999771118164 AB 5.095759958450321 1.0159011081440035
61312.3414 lsst_hardware_r 13572.63781311771 137.98348772311166 31.65999984741211 AB 7.067086828143209 1.0160673097109951
61312.3614 lsst_hardware_z 3875.094366478214 82.9233601791048 30.979999542236328 AB 7.088203990278506 1.0192011105653527
61314.338 lsst_hardware_y 1582.3292212482502 61.81901159928379 30.059999465942383 AB 4.259399704026313 1.0157752826629256
61314.3571 lsst_hardware_r 12194.833566700148 123.43805023010543 31.639999389648438 AB 4.270299311171734 1.0197932642253487
61316.3389 lsst_hardware_i 8605.492494357786 98.87414343545566 31.290000915527344 AB 2.9457145411403527 1.0157636348759838
61316.3563 lsst_hardware_z 4196.46259521447 76.90932033057517 30.959999084472656 AB 2.965635578674132 1.0226329581634939
61318.3374 lsst_hardware_r 9510.735899160576 100.24319542944602 31.520000457763672 AB 7.724908517177456 1.01643533120756
61318.3559 lsst_hardware_g 4175.31434478808 65.63531356082743 31.5 AB 7.801861980528582 1.0265607869116555
61322.3123 lsst_hardware_z 4531.8943259534 78.02396322498979 30.959999084472656 AB 2.7658943261804447 1.0164369423092219
61322.3319 lsst_hardware_i 7714.8485544326495 92.22752590719689 31.260000228881836 AB 2.7552560445382603 1.0182025293932966
61324.3224 lsst_hardware_u 24.25284087448635 5.498308492220602 28.5 AB 4.586154555564072 1.0167917721342976
61324.3394 lsst_hardware_g 2483.0682162577627 51.01903126873334 31.43000030517578 AB 4.498962844492425 1.026457413755899
61329.2976 lsst_hardware_i 6209.867040174007 83.91342280140182 31.260000228881836 AB 7.147957789308694 1.015719655547814
61329.3153 lsst_hardware_z 4145.515958320468 75.99031786221282 30.959999084472656 AB 7.187638368165224 1.0193544852859182
61331.2965 lsst_hardware_r 5583.601657124684 76.8696432401607 31.5 AB 6.222867394505153 1.0156467103811937
61331.3144 lsst_hardware_g 1705.5756346677758 43.192720525386804 31.43000030517578 AB 6.313196605785005 1.0219938386226535
61336.2748 lsst_hardware_z 3402.6241331277847 76.14391653457572 30.969999313354492 AB 3.652656791848546 1.0162736262968364
61336.2924 lsst_hardware_i 4900.554201802602 83.85922144130552 31.31999969482422 AB 3.1856416591835943 1.017695602326841
61338.2853 lsst_hardware_z 6354.525667275208 117.48366598339872 31.739999771118164 AB 3.865082950737514 1.0171270922993458
61341.2715 lsst_hardware_r 4185.115836322807 103.21604977407353 31.670000076293945 AB 2.2905135907551712 1.015861443953951
61341.2895 lsst_hardware_i 3812.573609243575 91.16259452493293 31.34000015258789 AB 2.3247499689875415 1.0236679740147694
61351.1998 lsst_hardware_u -0.10988026567704058 3.259573532959988 28.479999542236328 AB 5.539410759123359 1.043301772129835
61351.2088 lsst_hardware_r 2813.5865581522 58.17841091176588 31.5 AB 4.768738904469595 1.0321945680670583
61357.2272 lsst_hardware_r -0.4225033948718766 22.149999618530273 31.489999771118164 AB 6.803211024555321 1.015783654282227
61357.2458 lsst_hardware_u -3.5384922259350255 2.5999999046325684 28.389999389648438 AB 6.853444830781985 1.023653401991294
61359.2306 lsst_hardware_g 4.016038778479654 13.640000343322754 31.420000076293945 AB 7.451332126697777 1.0180806294161104
61359.248 lsst_hardware_r -20.69590411850913 22.309999465942383 31.489999771118164 AB 7.759418006683753 1.0303303687005383
61364.2138 lsst_hardware_z -14.798302498669484 47.0099983215332 30.969999313354492 AB 4.993628735375807 1.0169632887195315
61364.2336 lsst_hardware_r -15.870929087465896 42.349998474121094 31.6200008392334 AB 5.046774226619545 1.0295862144376295
61366.1237 lsst_hardware_z 1.5281992006039198 58.209999084472656 30.969999313354492 AB 4.290932063793234 1.1179639751078818
61366.1438 lsst_hardware_r -115.52503377320468 73.20999908447266 31.639999389648438 AB 4.4792690908860955 1.0687828897366274
61372.1944 lsst_hardware_u -9.7022733994936 11.770000457763672 29.350000381469727 AB 3.2997044223667755 1.0177990198540332
61372.2132 lsst_hardware_g -6.326427558533516 51.810001373291016 31.719999313354492 AB 4.041657320073133 1.031035030630738
61374.1978 lsst_hardware_r 6.501280689227823 28.559999465942383 31.559999465942383 AB 4.609195640749214 1.022523620664525
61374.2163 lsst_hardware_i 30.602609955745425 34.900001525878906 31.280000686645508 AB 5.706393530217342 1.0411860230295207
61376.193 lsst_hardware_z -82.8848129064598 40.880001068115234 30.950000762939453 AB 6.459282648696445 1.0229826024066886
61376.212 lsst_hardware_r 30.66608556505197 22.479999542236328 31.489999771118164 AB 6.569448768741636 1.0427696458320057
61379.183 lsst_hardware_u -0.9949966988573636 2.740000009536743 28.5 AB 2.395941916632058 1.0217599417031415
61379.2006 lsst_hardware_r -4.4324979205532395 22.329999923706055 31.5 AB 2.5685004757748215 1.0385122716162223
61381.1812 lsst_hardware_i 49.27295180655773 30.030000686645508 31.260000228881836 AB 4.181051236995876 1.0243490168221827
61381.1991 lsst_hardware_z 25.388702499782994 40.9900016784668 30.950000762939453 AB 4.20799275444078 1.0438215861849713
61383.1803 lsst_hardware_r -14.99965575270557 22.3700008392334 31.510000228881836 AB 6.190165246509564 1.0282239519139378
61383.1996 lsst_hardware_u 1.3605002562560984 2.7300000190734863 28.489999771118164 AB 6.382093555765275 1.0529335625102538
61385.1594 lsst_hardware_u -2.767014123327526 2.7100000381469727 28.489999771118164 AB 9.767279920988448 1.0179905420707804
61385.1769 lsst_hardware_g -9.305847677324797 13.489999771118164 31.420000076293945 AB 10.405162242056322 1.0302140833719131
61387.1614 lsst_hardware_r -23.416324016735455 22.059999465942383 31.5 AB 10.581602550394607 1.02191629059951
61387.1798 lsst_hardware_i -19.254636392439334 30.139999389648438 31.260000228881836 AB 11.497651587103105 1.0398527256130343
61392.1003 lsst_hardware_i -0.2654353046782354 37.97999954223633 31.290000915527344 AB 3.947677651668988 1.0287107887085312
61392.1175 lsst_hardware_z 7.179402354794555 44.220001220703125 30.959999084472656 AB 4.1684344224507885 1.0175185734216734
61394.1178 lsst_hardware_r -8.094455443000712 57.88999938964844 31.649999618530273 AB 3.319376130818189 1.0160059576538265
61394.1372 lsst_hardware_z -84.60204954793137 50.540000915527344 30.979999542236328 AB 3.066782708921328 1.0190339620938123
61396.1123 lsst_hardware_y -53.44355164766907 52.849998474121094 30.06999969482422 AB 3.9936046738305135 1.016012043884754
61396.1329 lsst_hardware_r 4.9138197460263005 80.66999816894531 31.65999984741211 AB 3.5851319754756004 1.01961377697554
61405.0776 lsst_hardware_r 57.59124691766456 22.079999923706055 31.5 AB 7.66503052488001 1.0194215354275709
61405.0997 lsst_hardware_i -34.67706916862173 30.010000228881836 31.260000228881836 AB 7.613217553618244 1.0163830923994719
61407.0797 lsst_hardware_z -39.65730573480175 40.41999816894531 30.950000762939453 AB 7.262233246855193 1.0165500065586777
61407.1013 lsst_hardware_r 10.605025866445985 21.850000381469727 31.479999542236328 AB 5.164503835566435 1.018840764562327
61409.0783 lsst_hardware_u 3.141661208720691 2.619999885559082 28.43000030517578 AB 2.3223636335515345 1.0157960124883694
61409.0983 lsst_hardware_r 3.5791452320904478 21.729999542236328 31.479999542236328 AB 2.34620920154546 1.0200909571936783
61411.0789 lsst_hardware_i 8.76998750309268 29.729999542236328 31.25 AB 9.83052724073461 1.0156902370231378
61411.0991 lsst_hardware_z -2.1772339770731444 40.560001373291016 30.950000762939453 AB 8.800107941155614 1.0242012617487575
61413.0546 lsst_hardware_y -48.80348985102476 67.02999877929688 30.809999465942383 AB 8.386419039866553 1.0200284659429626
61413.0765 lsst_hardware_r 28.08816519426044 30.940000534057617 32.25 AB 8.27588380442823 1.016100408782127
61415.0541 lsst_hardware_y -105.05561113955716 47.15999984741211 30.059999465942383 AB 9.228144778483712 1.0177352523877323
61415.0757 lsst_hardware_g 17.53935235005515 13.199999809265137 31.40999984741211 AB 9.203394751132583 1.0173244013779568
61418.0504 lsst_hardware_z -12.495920923913776 42.349998474121094 30.950000762939453 AB 2.183673382620301 1.0163711345684572
61418.0692 lsst_hardware_i -10.156384705880859 30.290000915527344 31.260000228881836 AB 2.2695148927568445 1.017947922295077
61420.035 lsst_hardware_y -134.8352944743387 77.5199966430664 30.079999923706055 AB 6.018391434718114 1.0202969204427181
61420.0541 lsst_hardware_r 17.61265068516309 28.579999923706055 31.56999969482422 AB 6.069143274439636 1.0156712031528132
61422.0345 lsst_hardware_y 17.072340928137464 76.41999816894531 30.079999923706055 AB 3.6780924158315456 1.0179222553039333
61422.0537 lsst_hardware_r 40.57071469739283 43.0 31.6299991607666 AB 2.786933884235861 1.0164799431880662
61424.034 lsst_hardware_y 52.55320640173703 74.5999984741211 30.079999923706055 AB 4.813292948512783 1.0163739531252245
61424.0532 lsst_hardware_z 68.89098243605869 52.83000183105469 30.979999542236328 AB 3.7089446567511772 1.0181017449220855
61428.0333 lsst_hardware_y 34.02040256312693 78.44000244140625 30.079999923706055 AB 8.665682162178463 1.015767538106772
61428.0532 lsst_hardware_r -65.8105009336653 67.47000122070312 31.649999618530273 AB 7.53901354304684 1.0246009164238545
