data/validation/pwv_sim_epoch_fit_epoch/24808672.ecsv
# %ECSV 0.9
# ---
# datatype:
# - {name: time, datatype: float64}
# - {name: band, datatype: string}
# - {name: flux, datatype: float64}
# - {name: fluxerr, datatype: float64}
# - {name: zp, datatype: float64}
# - {name: zpsys, datatype: string}
# - {name: pwv, datatype: float64}
# - {name: airmass, datatype: float64}
# meta: {SNID: '24808672', alt: 1024.0, c: 0.02082284353673458, dec: -24.460293, lat: -30.244573, lon: -70.7499537, ra: 317.8125, t0: 61512.7890625,
#   x0: 6.787251201395076e-06, x1: -0.9300534129142761, z: 0.5409784317016602}
# schema: astropy-2.0
time band flux fluxerr zp zpsys pwv airmass
61525.3468 lsst_hardware_r 1320.8124365886674 52.41465029565942 31.530000686645508 AB 13.936170445119735 1.3265489409713629
61525.3645 lsst_hardware_i 1444.421161345801 55.26655268724525 31.260000228881836 AB 12.987788401605025 1.2292445721934275
61527.3499 lsst_hardware_z 1059.223761458505 55.649414254141654 30.93000030517578 AB 11.390639452720183 1.276178713180753
61527.3679 lsst_hardware_u 3.250023204599873 3.1795631161016504 28.440000534057617 AB 10.689072511703957 1.1896354189353515
61529.3421 lsst_hardware_g 146.12585386818537 20.305836297712748 31.40999984741211 AB 10.657620608693325 1.289293283979232
61529.3614 lsst_hardware_r 1047.4771172795759 40.67740847420638 31.489999771118164 AB 9.954050479004449 1.1940084540988944
61531.3431 lsst_hardware_i 1088.176769739951 47.92701167225472 31.229999542236328 AB 3.8292947292256554 1.2542042892818348
61531.3617 lsst_hardware_z 905.3879753000085 53.76944025281547 30.940000534057617 AB 3.5685432592304305 1.1706538849307044
61534.3527 lsst_hardware_i 905.207956168554 45.41272426295306 31.25 AB 9.123165624343347 1.1738126828580566
61534.3692 lsst_hardware_u -1.4790353105539833 3.1331505948677303 28.520000457763672 AB 8.626162801128974 1.116872247184456
61536.3508 lsst_hardware_g 105.82405384765896 18.259279287250163 31.459999084472656 AB 7.902006563440912 1.1602256085513214
61536.3699 lsst_hardware_r 545.4661399026406 34.38539679780877 31.520000457763672 AB 7.511612669838252 1.0992737964860428
61542.3521 lsst_hardware_z 800.599166253572 54.515294370050164 30.959999084472656 AB 8.163441565556173 1.1031677791292125
61542.3711 lsst_hardware_g 76.98187301167175 18.068020416088896 31.479999542236328 AB 7.8330241543328585 1.0585167776125484
61544.3345 lsst_hardware_r 153.101067980383 78.99232409543059 31.6299991607666 AB 9.45134707891374 1.1405487223146105
61544.3523 lsst_hardware_i 540.4037533333815 64.27903251707704 31.31999969482422 AB 8.99292204727019 1.08820450717204
61550.3582 lsst_hardware_r 276.73164617905314 88.05434645280116 31.649999618530273 AB 7.687859031465517 1.042657192332538
61550.3783 lsst_hardware_y 194.831251324158 57.43804381359291 30.059999465942383 AB 7.956491262081469 1.0176710205177748
61551.3873 lsst_hardware_r 231.69316665820259 82.28995366361445 31.65999984741211 AB 5.5673401483917795 1.0094294962634678
61551.4143 lsst_hardware_y 323.0215248716653 56.833161550429665 30.06999969482422 AB 5.578213549850294 1.007200761333186
61552.2307 lsst_hardware_r 121.52188524865025 77.94005077766612 31.489999771118164 AB 8.45475321650676 1.709642737228454
61552.2508 lsst_hardware_i 302.419513452026 68.40744195918644 31.25 AB 5.230616026551685 1.49446172187191
61558.227 lsst_hardware_u 6.156664659305362 3.4609950371148495 28.049999237060547 AB 16.444400307758524 1.5653382701890006
61558.2576 lsst_hardware_r 147.1319769297589 28.010942183000342 31.459999084472656 AB 13.02674508994308 1.3209922684501503
61559.2262 lsst_hardware_i 283.39825871525574 37.88397488001833 31.18000030517578 AB 14.408572573044605 1.546039476345176
61559.2465 lsst_hardware_z 410.7294113252106 49.9748319319785 30.920000076293945 AB 12.837648363667226 1.3763963078875854
61561.247 lsst_hardware_r 179.3836649167879 27.702698697493403 31.450000762939453 AB 10.676307891712282 1.3362087473982833
61561.2662 lsst_hardware_u 10.244363494667319 3.7977563105636567 28.270000457763672 AB 7.598020513776711 1.2293371198150191
61572.2337 lsst_hardware_r 114.28857618110104 66.57473831718279 31.600000381469727 AB 9.212266371944034 1.241378031524597
61572.2518 lsst_hardware_i 189.04316498113278 55.79056460719358 31.299999237060547 AB 7.675190464713379 1.1629076461686938
61574.2683 lsst_hardware_r 10.285143870720237 98.11725957859981 31.649999618530273 AB 5.568693034375693 1.0935802771005845
61574.2872 lsst_hardware_z 293.94897131722934 68.66188501383381 30.989999771118164 AB 5.358588637665676 1.0520100721809242
61576.2389 lsst_hardware_z 345.76944660106807 84.24325187064566 30.979999542236328 AB 3.8624995256993766 1.170454401727084
61576.2588 lsst_hardware_r 89.79496962873283 116.71065185109673 31.649999618530273 AB 3.876801767219973 1.1045019279828983
61578.2472 lsst_hardware_z 403.5524526924773 87.59002190844306 30.989999771118164 AB 2.7979235662922717 1.1226121036347219
61578.2665 lsst_hardware_i 242.1355192554313 98.9643209278045 31.34000015258789 AB 2.728664459815462 1.0716404358627243
61580.2559 lsst_hardware_z 466.6021141549075 94.52176301038878 31.729999542236328 AB 4.070008557880415 1.0835537714550514
61582.2674 lsst_hardware_i 202.22133571105044 43.48176482562356 31.299999237060547 AB 6.048963366270602 1.0483926281503426
61582.2875 lsst_hardware_r 92.66734567562834 43.7041711034174 31.6200008392334 AB 5.921514319547506 1.02095074474957
61585.1539 lsst_hardware_g 11.671570610943808 15.347703226581553 31.280000686645508 AB 7.759367594838887 1.5591495502020536
61585.1726 lsst_hardware_r 105.66711742854324 26.6329934979275 31.440000534057617 AB 8.168799756352005 1.397490834229928
61587.1467 lsst_hardware_i 150.98816258758535 36.55787124959426 31.170000076293945 AB 13.207958506134014 1.576912765631313
61587.1653 lsst_hardware_z 199.31093873645477 48.12509166392339 30.90999984741211 AB 11.815542434452887 1.4113025353449924
61589.1478 lsst_hardware_r 63.209718011278895 27.05421610391169 31.40999984741211 AB 9.296613910846972 1.5125873434683106
61589.1666 lsst_hardware_u 0.6443219082141881 2.5916681847968115 28.190000534057617 AB 8.42507400547179 1.362472212625485
61591.1465 lsst_hardware_g -2.301026159891878 14.920000076293945 31.290000915527344 AB 5.377882008128929 1.4753122579052624
61591.1648 lsst_hardware_i 13.151472561920707 33.810001373291016 31.209999084472656 AB 4.8687699796439246 1.3381255956146556
61598.1459 lsst_hardware_r -27.35737044119048 40.81999969482422 31.530000686645508 AB 7.198466223543375 1.3367625299058679
61598.1639 lsst_hardware_i -88.42324945030225 39.97999954223633 31.25 AB 6.680211856384845 1.2355508982216112
61600.1494 lsst_hardware_z -63.52951062702371 53.599998474121094 30.940000534057617 AB 9.627537174114618 1.2828733908831862
61600.1691 lsst_hardware_r -73.65871223173725 56.4900016784668 31.600000381469727 AB 8.651510577057273 1.1875786653475842
61605.1459 lsst_hardware_z 103.77580302447194 115.91000366210938 30.979999542236328 AB 3.4183455120506476 1.2301738235000081
61605.1646 lsst_hardware_r -375.48834131639825 167.8300018310547 31.639999389648438 AB 3.2122947448340846 1.1522893892329242
61608.1911 lsst_hardware_z 74.01114730737625 94.33999633789062 31.739999771118164 AB 5.813855313673089 1.0581548226062771
61612.1505 lsst_hardware_i 63.54593671291936 32.470001220703125 31.239999771118164 AB 10.299518531064294 1.1350269753494002
61612.1694 lsst_hardware_z -73.25428838928619 42.4900016784668 30.950000762939453 AB 11.742568431526935 1.0814669765635416
61617.1557 lsst_hardware_r 11.662944371358934 24.670000076293945 31.510000228881836 AB 4.001859259503541 1.0815835836496057
61617.1752 lsst_hardware_g -21.620307541702648 15.609999656677246 31.469999313354492 AB 3.8325083589590827 1.0427884794120352
61619.1627 lsst_hardware_r 27.755155809490002 24.559999465942383 31.510000228881836 AB 1.9164772487103385 1.0550383973081963
61619.1812 lsst_hardware_i 39.54817667331844 31.520000457763672 31.25 AB 1.8879795287287597 1.0267733670856614
61622.1574 lsst_hardware_z 19.67350226444592 41.91999816894531 30.940000534057617 AB 2.1228248806407186 1.0497774073884705
61622.1765 lsst_hardware_i -0.09973398362248799 31.479999542236328 31.25 AB 1.6695809051012285 1.0228186063515796
61624.0674 lsst_hardware_r 17.771134810718255 27.1299991607666 31.459999084472656 AB 3.1798559685208905 1.38812876504297
61624.0852 lsst_hardware_z 23.302909567147005 45.029998779296875 30.93000030517578 AB 3.619374602758978 1.2755130607943301
61626.071 lsst_hardware_r -1.0255107896795699 33.189998626708984 31.520000457763672 AB 5.194873287831091 1.3269152714770023
61626.0902 lsst_hardware_y -23.370323746342535 49.63999938964844 30.0 AB 4.722226885988562 1.2224247698651483
61627.0658 lsst_hardware_g -33.83982286372938 36.619998931884766 31.559999465942383 AB 4.3337209004128905 1.342748536146519
61627.0834 lsst_hardware_r 55.363071767704966 39.06999969482422 31.549999237060547 AB 4.648449596337095 1.2420707004240046
61629.0546 lsst_hardware_r -63.376974065438 59.459999084472656 31.549999237060547 AB 4.560588238879371 1.3819964360240518
61629.0731 lsst_hardware_i -8.382040487467197 53.63999938964844 31.270000457763672 AB 4.181394294109194 1.267089180033089
61631.07 lsst_hardware_r 22.38633680109716 105.02999877929688 31.600000381469727 AB 4.145371899857115 1.2546525120632916
61631.0881 lsst_hardware_z -99.12915790955077 75.16000366210938 30.969999313354492 AB 4.194718719668008 1.1729377755101034
61649.0799 lsst_hardware_g 16.36094520017536 15.229999542236328 31.450000762939453 AB 1.352427685082843 1.056721722945142
61649.0973 lsst_hardware_i 71.69642030830016 31.31999969482422 31.260000228881836 AB 1.1122390671945714 1.0292156698284127
61651.0608 lsst_hardware_r 50.861737466049064 24.229999542236328 31.5 AB 1.6068493077474468 1.0866267508013165
61651.0772 lsst_hardware_z 17.050188838693778 41.7599983215332 30.940000534057617 AB 1.5642465450928433 1.0515943160284364
61670.985 lsst_hardware_y -17.0982238066343 61.130001068115234 30.020000457763672 AB 1.2666752266515955 1.1501288377587124
61671.0025 lsst_hardware_g -4.024987883712501 15.420000076293945 31.450000762939453 AB 1.6441589784939388 1.0961059856626258
61671.985 lsst_hardware_y 24.10019852492218 65.08000183105469 30.030000686645508 AB 2.8531309641080203 1.1406440421540593
61672.002 lsst_hardware_i 8.244326468710195 31.979999542236328 31.25 AB 3.104452394778249 1.0903017073676828
61679.9927 lsst_hardware_y -6.902391037812119 51.91999816894531 30.040000915527344 AB 7.6230688006469975 1.061733392230135
61680.0133 lsst_hardware_i -2.356774937038375 31.270000457763672 31.25 AB 5.138347471203426 1.0284065189125726
61696.9932 lsst_hardware_z -58.9902929717888 72.16000366210938 31.0 AB 5.165492057844064 1.007442216456431
61697.0105 lsst_hardware_g 13.844616174045159 16.690000534057617 31.510000228881836 AB 4.112381283655117 1.0058410868669012
61888.3156 lsst_hardware_g -17.417470366887024 16.350000381469727 31.260000228881836 AB 4.780852208261885 1.648569726986857
61888.334 lsst_hardware_r 2.702128075189356 27.239999771118164 31.440000534057617 AB 5.343020387998687 1.465447171694648
61891.3489 lsst_hardware_g -1.8433217338334589 16.8700008392334 31.420000076293945 AB 11.582903329459524 1.301449812298823
61891.3674 lsst_hardware_r -18.229405792420874 26.670000076293945 31.510000228881836 AB 10.738424024365102 1.2065644971196743
61895.3474 lsst_hardware_i 84.51207100110724 33.900001525878906 31.229999542236328 AB 8.360443463475352 1.249770433655602
61895.3661 lsst_hardware_z 11.688804781508846 43.91999816894531 30.940000534057617 AB 7.816892591692904 1.1669471293720668
61897.3266 lsst_hardware_z -41.94710472566068 54.290000915527344 30.93000030517578 AB 9.394266304366168 1.3379922098938213
61897.3443 lsst_hardware_i -15.09557090603939 47.4900016784668 31.270000457763672 AB 7.479407045974077 1.2379537461785206
61899.3454 lsst_hardware_z -12.351884161816038 59.439998626708984 30.959999084472656 AB 9.358186168077145 1.2072742266757588
61899.3649 lsst_hardware_r 147.585125960844 78.38999938964844 31.6299991607666 AB 8.797550104200678 1.1325737960414346
61910.352 lsst_hardware_r 25.345966658308857 26.469999313354492 31.520000457763672 AB 8.269369171607899 1.0839388087046882
61910.3716 lsst_hardware_i -75.149457445831 32.61000061035156 31.260000228881836 AB 8.019010337760998 1.0442099534814764
61918.2113 lsst_hardware_g 4.600635315989142 14.880000114440918 31.139999389648438 AB 13.85685599890608 1.971664200185796
61918.2343 lsst_hardware_i -17.579678284035772 36.02000045776367 31.170000076293945 AB 11.565726991094037 1.6416347171631642
61918.3218 lsst_hardware_u -4.449704291662072 2.940000057220459 28.530000686645508 AB 8.709427548686897 1.1059005405453972
61918.3354 lsst_hardware_g -33.099241344724966 15.800000190734863 31.479999542236328 AB 9.73791297304562 1.0717688312991602
61926.2386 lsst_hardware_z -70.07568343530613 55.040000915527344 30.93000030517578 AB 11.447053997329888 1.3991815428363503
61926.26 lsst_hardware_r -77.57852641802786 58.849998474121094 31.579999923706055 AB 7.837160297092119 1.264194047278006
61947.2544 lsst_hardware_r 11.462004381036557 23.969999313354492 31.5 AB 6.223968230975501 1.0758804202204841
61947.2745 lsst_hardware_g -18.19844049064585 15.029999732971191 31.450000762939453 AB 5.950296414914578 1.0380838127904009
61958.1775 lsst_hardware_r 176.41172526927662 124.63999938964844 31.610000610351562 AB 2.845354283948409 1.2392658031134187
61958.1989 lsst_hardware_y -131.64298012735765 61.09000015258789 30.020000457763672 AB 2.5177940893676833 1.1493277949030813
61962.1531 lsst_hardware_r -21.453621031239855 112.11000061035156 31.59000015258789 AB 9.785844346130837 1.3132129918092867
61962.1718 lsst_hardware_i 7.611690282010226 91.0999984741211 31.309999465942383 AB 9.491415479516434 1.2144995868480524
61965.1585 lsst_hardware_u -1.8352100034827903 3.950000047683716 28.56999969482422 AB 9.304622645627072 1.2387169867040053
61965.1768 lsst_hardware_g 25.499311965556235 31.40999984741211 31.610000610351562 AB 8.433362881284951 1.160155388919156
61974.1552 lsst_hardware_r -3.5460627349655196 24.809999465942383 31.489999771118164 AB 6.666447165151663 1.149387442267528
61974.174 lsst_hardware_z 21.99595615484327 42.5099983215332 30.940000534057617 AB 5.801618088013073 1.0921549463668816
61976.1577 lsst_hardware_r 0.004861585833216477 24.530000686645508 31.479999542236328 AB 6.229597042861696 1.122955753557764
61976.1755 lsst_hardware_u -4.653866824668849 2.700000047683716 28.3700008392334 AB 6.322216677278445 1.07525263442807
61979.1595 lsst_hardware_i -6.552621741415617 32.11000061035156 31.25 AB 4.049148574479669 1.0943644795890997
61979.1786 lsst_hardware_z -21.26270126162809 41.880001068115234 30.940000534057617 AB 3.464783801849819 1.052192980442815
61981.1564 lsst_hardware_r -32.300611062674534 33.459999084472656 31.56999969482422 AB 6.006329580473888 1.0883003407272853
61981.1753 lsst_hardware_z 6.81234232918595 43.58000183105469 30.950000762939453 AB 5.054405837101617 1.048360038807631
61983.1596 lsst_hardware_z -33.656906218133 49.150001525878906 30.969999313354492 AB 4.3742064217748755 1.0681605392909894
61983.1793 lsst_hardware_i -58.85525085612486 45.900001525878906 31.309999465942383 AB 4.76665698091528 1.0336456642990957
61987.0791 lsst_hardware_z 241.9291557506249 155.83999633789062 31.709999084472656 AB 2.9693811333530906 1.3497186969786774
61993.1571 lsst_hardware_z -23.525043010144298 49.61000061035156 30.969999313354492 AB 8.43478704461534 1.0270564939511937
61993.1754 lsst_hardware_g -16.844992857253793 53.4900016784668 31.729999542236328 AB 7.463875749117306 1.0107489673121504
61994.0683 lsst_hardware_i 13.942464562902325 33.59000015258789 31.229999542236328 AB 4.28311524026521 1.2979137091712758
61994.0874 lsst_hardware_u -5.051603178473238 2.7799999713897705 28.389999389648438 AB 3.2708890247769506 1.2012813949110426
61995.0621 lsst_hardware_g -0.6974312257812375 15.699999809265137 31.389999389648438 AB 3.347919809930059 1.318727645467281
61995.0804 lsst_hardware_r 35.71721799237808 25.350000381469727 31.489999771118164 AB 3.112854151389919 1.2204878068574472
61997.0727 lsst_hardware_i -8.096488185637165 33.31999969482422 31.229999542236328 AB 4.554987206913118 1.2310776234900318
61997.0903 lsst_hardware_r 6.543213426855604 24.989999771118164 31.5 AB 4.1946355342862 1.1569546604324452
62011.0762 lsst_hardware_r -76.15825450667946 43.18000030517578 31.610000610351562 AB 6.0707538981786975 1.084063196103339
62011.0937 lsst_hardware_y -82.62106557341195 48.58000183105469 30.049999237060547 AB 5.217725524908457 1.0478237184988952
62012.116 lsst_hardware_z -39.19505841957407 50.70000076293945 30.979999542236328 AB 3.1839474840808606 1.0160994045255658
62012.1334 lsst_hardware_r -4.179718324613693 55.189998626708984 31.649999618530273 AB 4.148052416124986 1.0065034676675733
62017.0691 lsst_hardware_i 39.87849772329957 106.73999786376953 31.34000015258789 AB 1.669348623107566 1.0632793777752394
62017.0859 lsst_hardware_z 72.37883706759018 87.30000305175781 31.0 AB 1.0000402705008826 1.0344352423072785
62020.9849 lsst_hardware_g -0.06958365043860666 18.40999984741211 31.43000030517578 AB 3.383085075017857 1.3588960970783024
62021.0029 lsst_hardware_r -20.785335984738154 24.719999313354492 31.479999542236328 AB 3.0055424450414243 1.2523093521005935
62029.9806 lsst_hardware_y -17.2948315369485 71.94000244140625 30.0 AB 7.101044566659641 1.240826729182002
62029.9965 lsst_hardware_i -23.04682040716448 32.7599983215332 31.239999771118164 AB 6.979017700842596 1.1708778962910154
62030.9816 lsst_hardware_y -15.478082783226816 70.12000274658203 30.0 AB 1.9106886942287717 1.2228407643064139
62030.9992 lsst_hardware_i 6.988172421791519 32.38999938964844 31.239999771118164 AB 1.6924781950416803 1.1506933903966097
62032.9823 lsst_hardware_y 77.47194473392423 70.18000030517578 30.010000228881836 AB 7.36111201245381 1.195309122455247
62032.9988 lsst_hardware_g 3.5925223957367884 15.380000114440918 31.43000030517578 AB 7.0058788757609545 1.1333928293400646
62034.984 lsst_hardware_y -31.771068858312674 64.30000305175781 30.030000686645508 AB 2.3652638517165547 1.166447467250181
62035.0005 lsst_hardware_i 26.179491500929117 32.209999084472656 31.25 AB 2.8742041876025755 1.111233012798212
62036.9853 lsst_hardware_z -11.478785499104493 56.91999816894531 30.969999313354492 AB 2.9165501886707488 1.1420283973128298
62037.002 lsst_hardware_u -3.968323749334298 3.390000104904175 28.59000015258789 AB 3.1096163011581464 1.0921153012730553
62038.9866 lsst_hardware_y -61.37843182510169 59.68000030517578 30.030000686645508 AB 3.4042600531005363 1.1201294389143526
62039.0053 lsst_hardware_r -6.354801190780351 33.66999816894531 31.56999969482422 AB 3.442713514716003 1.0711894152148738
62040.9904 lsst_hardware_y 35.7251640478277 56.5 30.040000915527344 AB 4.686350850781671 1.093876876276601
62041.0104 lsst_hardware_z 50.03458445182039 53.9900016784668 30.969999313354492 AB 4.972201454607391 1.0502432136747286
62043.9921 lsst_hardware_y -203.9431892929953 64.19000244140625 30.059999465942383 AB 3.050599332545413 1.070197976688012
62044.012 lsst_hardware_r 208.80384697818556 97.6500015258789 31.65999984741211 AB 6.288108332104084 1.0346821520574776
62045.0386 lsst_hardware_i -83.71865232956057 80.86000061035156 31.350000381469727 AB 5.038550720208827 1.0081301982910533
62045.0574 lsst_hardware_z 61.31111672747299 72.9000015258789 31.0 AB 4.895032495862976 1.0058113722429318
62047.9951 lsst_hardware_z -33.539749664037686 60.029998779296875 30.979999542236328 AB 3.343497794911162 1.043755815268833
62048.0159 lsst_hardware_g 45.100014878830706 87.16000366210938 31.739999771118164 AB 2.816619564254785 1.0176567841225186
