data/validation/pwv_sim_epoch_fit_epoch/24909884.ecsv
# %ECSV 0.9
# ---
# datatype:
# - {name: time, datatype: float64}
# - {name: band, datatype: string}
# - {name: flux, datatype: float64}
# - {name: fluxerr, datatype: float64}
# - {name: zp, datatype: float64}
# - {name: zpsys, datatype: string}
# - {name: pwv, datatype: float64}
# - {name: airmass, datatype: float64}
# meta: {SNID: '24909884', alt: 1024.0, c: -0.05927855893969536, dec: -8.385539, lat: -30.244573, lon: -70.7499537, ra: 57.128906, t0: 62059.75390625,
#   x0: 5.4400076709872776e-06, x1: 0.37892547249794006, z: 0.5922300219535828}
# schema: astropy-2.0
time band flux fluxerr zp zpsys pwv airmass
[from data line 132]
62450.2323 lsst_hardware_u -1.2260946337558474 2.700000047683716 28.420000076293945 AB 9.756319200048285 1.0820317042566918
62450.2501 lsst_hardware_r -13.006878398875678 23.389999389648438 31.489999771118164 AB 10.412773036155336 1.098393780185162
62452.231 lsst_hardware_i 16.297647294506298 31.06999969482422 31.239999771118164 AB 7.441866938100101 1.0846884884878896
62452.2496 lsst_hardware_z -15.037332794226996 42.27000045776367 30.940000534057617 AB 7.5877072105202 1.1053412628376238
62455.2058 lsst_hardware_z 27.49394971536754 46.459999084472656 30.959999084472656 AB 4.0315237602899066 1.0781877674056668
62455.2242 lsst_hardware_r 12.01199641702444 37.970001220703125 31.59000015258789 AB 7.9149886947763 1.0857323312450342
62457.2242 lsst_hardware_y -108.49757466794964 72.5199966430664 30.790000915527344 AB 5.899240422374872 1.0906006018872048
62459.2133 lsst_hardware_r 45.448968349360236 102.0199966430664 31.649999618530273 AB 5.758351395765244 1.0857473209808295
62459.2334 lsst_hardware_i -0.26153542217492315 81.25 31.31999969482422 AB 5.906190005212063 1.1099253004861975
62462.22 lsst_hardware_z -117.23005093478889 80.04000091552734 30.989999771118164 AB 3.5160716720631733 1.1019865248837364
62462.2395 lsst_hardware_r -96.0108267962493 118.05999755859375 31.639999389648438 AB 3.453595185862574 1.1381726417208886
62464.1905 lsst_hardware_r 23.676028446475154 71.7699966430664 31.639999389648438 AB 8.481788483043518 1.0802991190087983
62464.2119 lsst_hardware_z 101.59957112126168 57.369998931884766 30.969999313354492 AB 8.274036676058481 1.0984206579421998
62472.1824 lsst_hardware_z -56.61301592955078 41.709999084472656 30.940000534057617 AB 6.889654504247159 1.0897616066612605
62472.2009 lsst_hardware_r -13.110372731878702 23.079999923706055 31.479999542236328 AB 7.072875330024077 1.1150385448946232
62478.1548 lsst_hardware_i 1.0299138060091002 30.729999542236328 31.239999771118164 AB 4.001408921269348 1.0814618706133374
62478.1729 lsst_hardware_z -39.91145817463715 41.75 30.940000534057617 AB 4.885195419760142 1.0974268043940563
62484.149 lsst_hardware_z 84.1884494605759 46.58000183105469 30.959999084472656 AB 7.790420419041556 1.0891503853820637
62484.1679 lsst_hardware_r -52.27463474070031 40.369998931884766 31.59000015258789 AB 8.471096254434935 1.114617928215123
62486.1584 lsst_hardware_y 220.07961329024917 74.5199966430664 30.780000686645508 AB 11.298100464462884 1.1078538441611818
62488.1083 lsst_hardware_r -117.32999894386661 93.31999969482422 31.649999618530273 AB 4.370543830791868 1.0789246239351784
62488.1277 lsst_hardware_i 20.650886326687225 76.25 31.329999923706055 AB 3.186558003899661 1.0815640233855446
62492.0816 lsst_hardware_r 44.946690857845276 87.5199966430664 31.639999389648438 AB 5.950265621793857 1.0877999308581916
62492.1006 lsst_hardware_z 17.89944826703853 64.3499984741211 30.979999542236328 AB 4.207651328861502 1.0783319653668637
62494.0869 lsst_hardware_g 2.4173508201944442 34.290000915527344 31.65999984741211 AB 6.69002381290915 1.0806629032267272
62494.1053 lsst_hardware_i -23.310950294191652 44.86000061035156 31.299999237060547 AB 6.633356004950561 1.0791501323094104
62496.0785 lsst_hardware_z 10.498385542930388 41.52000045776367 30.940000534057617 AB 10.38807559324575 1.082147569482343
62496.0979 lsst_hardware_r 10.145551363195157 22.649999618530273 31.479999542236328 AB 8.105370576515758 1.0786785728977388
62498.0862 lsst_hardware_u 1.622613952426704 2.7100000381469727 28.440000534057617 AB 5.796601774028735 1.0781700863095174
62498.1058 lsst_hardware_g 21.20734803490007 13.899999618530273 31.40999984741211 AB 5.767309808309846 1.084964534077396
62500.0789 lsst_hardware_r 4.8726995062956435 31.959999084472656 32.2400016784668 AB 8.945322478830244 1.0783126707314827
62500.1004 lsst_hardware_i -23.584480676930117 43.349998474121094 31.989999771118164 AB 8.04588352604577 1.0850089037887898
62502.0826 lsst_hardware_z -8.43915377680684 41.29999923706055 30.940000534057617 AB 7.437521238427653 1.0789211310437767
62502.1039 lsst_hardware_r -25.40421347497435 22.559999465942383 31.479999542236328 AB 7.577672032572568 1.0933045590338695
62504.0496 lsst_hardware_y -40.67868605252478 50.04999923706055 30.040000915527344 AB 7.234413367227959 1.087132432618312
62504.0707 lsst_hardware_u -1.0163455800942574 2.690000057220459 28.43000030517578 AB 7.138767997267428 1.0781465964459467
62506.0512 lsst_hardware_y -95.75483704029247 48.7599983215332 30.030000686645508 AB 11.44851607414501 1.082141507079259
62506.0735 lsst_hardware_i -77.58584432158946 30.43000030517578 31.239999771118164 AB 11.46901632059516 1.079436830173662
62508.0505 lsst_hardware_y -2.6056531030913663 49.33000183105469 30.030000686645508 AB 10.625498548874598 1.0799093984678316
62508.0726 lsst_hardware_r -19.2569975512379 22.709999084472656 31.479999542236328 AB 10.523289569913336 1.0813080117050282
62511.0403 lsst_hardware_y -46.124043110222296 65.0199966430664 30.049999237060547 AB 12.39833447929089 1.0807395761558178
62511.0613 lsst_hardware_g 6.042909322750133 20.15999984741211 31.549999237060547 AB 9.787152839948828 1.0799418316848037
62513.0383 lsst_hardware_z 55.18542169134839 60.4900016784668 30.979999542236328 AB 5.5935758868392655 1.0794067804465863
62513.0563 lsst_hardware_i -63.78523112526151 40.25 31.280000686645508 AB 4.034245896599435 1.0801193832930214
62515.0394 lsst_hardware_y -96.27901822275288 65.41000366210938 30.049999237060547 AB 6.792558540622421 1.0781838953368923
62515.0591 lsst_hardware_r -91.3609836927554 62.560001373291016 31.639999389648438 AB 7.102785938544516 1.0847536241318272
62516.0387 lsst_hardware_y 30.851750555702743 71.01000213623047 30.059999465942383 AB 6.3177780823835255 1.0781497907875954
62516.0579 lsst_hardware_r 23.396919739767636 73.06999969482422 31.639999389648438 AB 6.462821011566306 1.0859146453106454
