data/validation/pwv_sim_epoch_fit_epoch/24953831.ecsv
# %ECSV 0.9
# ---
# datatype:
# - {name: time, datatype: float64}
# - {name: band, datatype: string}
# - {name: flux, datatype: float64}
# - {name: fluxerr, datatype: float64}
# - {name: zp, datatype: float64}
# - {name: zpsys, datatype: string}
# - {name: pwv, datatype: float64}
# - {name: airmass, datatype: float64}
# meta: {SNID: '24953831', alt: 1024.0, c: 0.08253055065870285, dec: 0.596842, lat: -30.244573, lon: -70.7499537, ra: 323.964844, t0: 61595.39453125,
#   x0: 2.0977091023927537e-05, x1: -1.9625651836395264, z: 0.33644017577171326}
# schema: astropy-2.0
time band flux fluxerr zp zpsys pwv airmass
61547.3857 lsst_hardware_i 41.099678722387786 65.72000122070312 31.299999237060547 AB 5.040156407385102 1.2162539593110768
61547.4091 lsst_hardware_z 79.78559328964694 60.470001220703125 30.959999084472656 AB 4.91415953831618 1.177702397743133
61553.4089 lsst_hardware_r -75.56565122806576 52.220001220703125 31.600000381469727 AB 10.839272981472702 1.1670190548528148
61553.4288 lsst_hardware_y -6.722323974671242 56.72999954223633 30.010000228881836 AB 10.29124934629802 1.170746199950478
61557.3595 lsst_hardware_u -0.6057039076182336 2.7200000286102295 28.31999969482422 AB 8.104051593494086 1.2137870584364583
61557.3807 lsst_hardware_y -19.158268417973172 48.880001068115234 30.0 AB 7.341347038628541 1.1788909707678652
61560.3904 lsst_hardware_g 29.015130418412998 15.260000228881836 31.40999984741211 AB 13.591035095032732 1.1668628542633812
61560.413 lsst_hardware_r 10.481258765358879 24.6200008392334 31.479999542236328 AB 13.632648526297308 1.1731803124973479
61571.3549 lsst_hardware_r -76.11813439290373 25.543718487011805 31.479999542236328 AB 13.127422040615317 1.1689340878978933
61571.3839 lsst_hardware_g -76.03628457886668 16.564315754981862 31.40999984741211 AB 13.838709416331849 1.1739658480091697
61573.3124 lsst_hardware_z -11.636632980670571 58.93697374795529 30.959999084472656 AB 4.694913683434822 1.2217058267638312
61573.3359 lsst_hardware_r -109.76238783419583 76.05927521600742 31.6200008392334 AB 3.947068087849648 1.1801668673492378
61575.3114 lsst_hardware_i 16.5052875993136 110.21659138019254 32.060001373291016 AB 3.656377354440425 1.2115233116104789
61575.337 lsst_hardware_z 130.53185708401605 96.25803679001469 31.719999313354492 AB 2.9982195024602505 1.1736245442825046
61579.3079 lsst_hardware_y 286.04586553638535 62.59820907228564 30.0 AB 3.1897090380681927 1.1970386682768728
61579.3318 lsst_hardware_r 737.7055769297608 104.65244595713554 31.6200008392334 AB 3.1146829190858 1.1696143143393916
61581.3208 lsst_hardware_i 1083.9175148002769 71.0374352143567 31.299999237060547 AB 4.699679341425036 1.1734774360078328
61581.3438 lsst_hardware_z 1233.625914959495 70.32360394254782 30.969999313354492 AB 4.211310247404428 1.1668911741214818
61584.2308 lsst_hardware_r 2619.9282328000727 56.910071208149276 31.43000030517578 AB 8.779052666543533 1.4419665201895058
61584.2626 lsst_hardware_i 2228.8277394906377 57.913578447998376 31.229999542236328 AB 7.38716714470049 1.2816042929737146
61588.3096 lsst_hardware_r 5055.651062130946 74.4302701176425 31.489999771118164 AB 9.151101863630362 1.1684122185833985
61588.3236 lsst_hardware_u 23.496366285809874 5.515234336721305 28.399999618530273 AB 9.20049057437098 1.166649621096336
61590.3076 lsst_hardware_g 3191.145845585109 58.766444584490976 31.399999618530273 AB 8.14731596379465 1.1671257707661136
61590.3291 lsst_hardware_r 5760.568873145341 79.5131679740185 31.479999542236328 AB 8.192150391010495 1.1716741518929934
61595.286 lsst_hardware_i 5388.438430452433 79.9214624899976 31.239999771118164 AB 2.4589493170942616 1.1709282462353625
61595.3067 lsst_hardware_z 4144.044163953272 76.81922294628666 30.940000534057617 AB 2.0437893015477133 1.1672126222431258
61597.1777 lsst_hardware_r 6499.185108261175 87.62950130836609 31.469999313354492 AB 12.334341199416954 1.5794527258593276
61597.1987 lsst_hardware_g 3267.792949089143 61.675239161856965 31.469999313354492 AB 11.104242058668959 1.4201462735830874
61599.3067 lsst_hardware_r 6601.500375295786 85.98800795057466 31.530000686645508 AB 7.157438537392941 1.1733505799004822
61599.3291 lsst_hardware_i 5594.4261277925425 79.77968750896761 31.229999542236328 AB 7.345841787188199 1.2042363585554425
61606.2462 lsst_hardware_i 4665.085587713834 135.51637965572073 31.31999969482422 AB 3.4678293198574273 1.179734417369426
61606.2683 lsst_hardware_z 2967.9190484142932 112.7526501396286 30.979999542236328 AB 3.2748003851556042 1.166308678751922
61610.2669 lsst_hardware_y 612.5509063649415 57.08301820854065 30.010000228881836 AB 6.8946995879537525 1.1676036558770113
61610.2869 lsst_hardware_r 3655.0321106538872 88.10798549757965 31.610000610351562 AB 6.992982639909008 1.1843145489289275
61621.2182 lsst_hardware_u 4.03118401284351 4.309325794144365 28.389999389648438 AB 1.7906141798689263 1.1690625766286384
61621.2381 lsst_hardware_r 1183.2525401904059 42.72809107324935 31.489999771118164 AB 1.7243893190305037 1.1680875996819668
61623.2054 lsst_hardware_i 2208.5173588977887 56.93528024694098 31.229999542236328 AB 1.8983596568543086 1.1741220432043966
61623.2252 lsst_hardware_z 2033.2997966111432 61.72924760505439 30.93000030517578 AB 2.653595694534055 1.1662875264407944
61625.2112 lsst_hardware_r 957.8878060631936 39.6437231240589 31.489999771118164 AB 3.618961660710992 1.1674069873261264
61625.2314 lsst_hardware_u 5.300227476584247 3.20730299670819 28.389999389648438 AB 3.627826345148813 1.1702665629512299
61628.2053 lsst_hardware_y 696.2455102847453 55.19772257146458 30.0 AB 8.53369023369112 1.1667743320871562
61628.2242 lsst_hardware_r 847.8880433694551 52.20947029511644 31.579999923706055 AB 7.61476378056449 1.1709016576982814
61648.1123 lsst_hardware_r 383.1947613059125 31.482080503901418 31.469999313354492 AB 4.047953730055869 1.2111161055318247
61648.1282 lsst_hardware_u 20.413628902271597 4.632305322660506 28.31999969482422 AB 5.496066455212652 1.183816726424322
61650.1275 lsst_hardware_g 58.07008797672442 16.736204427631268 31.389999389648438 AB 3.649976174446113 1.1781717800019733
61650.1453 lsst_hardware_i 770.5846933011419 42.42590241824101 31.229999542236328 AB 3.5565006029906723 1.1667671068917154
61652.1271 lsst_hardware_z 481.2100519054422 48.72730169668464 30.940000534057617 AB 1.6427465847266842 1.1733904176619174
61652.1466 lsst_hardware_r 343.6753381064312 31.032236081209195 31.479999542236328 AB 1.632884440365295 1.1663460288323535
61654.1293 lsst_hardware_y 313.0163549584482 50.99041811563781 30.010000228881836 AB 0.7527998292107013 1.168490227723246
61654.149 lsst_hardware_g 72.1317055437497 18.27965146855566 31.450000762939453 AB 0.7627650181038562 1.1685408167039348
61656.0935 lsst_hardware_g 53.751386882337805 33.029994309920056 31.610000610351562 AB 2.8004684706987426 1.2048480441841716
61656.1112 lsst_hardware_r 429.3527896427903 40.43560952033059 31.559999465942383 AB 2.7545609385605743 1.1780857959486384
61673.0726 lsst_hardware_r -11.004332729794772 24.110000610351562 31.479999542236328 AB 5.2409665288261476 1.1712529489330294
61673.092 lsst_hardware_i 12.064286900360676 32.11000061035156 31.239999771118164 AB 5.8876080908718595 1.1667871761538051
61679.0643 lsst_hardware_u 2.5410422758303413 2.6700000762939453 28.34000015258789 AB 6.689311701539113 1.1672493880829788
61679.0839 lsst_hardware_g 22.30151417868953 14.649999618530273 31.389999389648438 AB 7.438085091501158 1.1702462384363437
61681.0317 lsst_hardware_g 12.196217775932752 14.949999809265137 31.399999618530273 AB 2.480072075445348 1.1932028267718777
61681.051 lsst_hardware_r -5.72284743765442 24.200000762939453 31.489999771118164 AB 3.4301140850197394 1.1710870894570637
61685.0334 lsst_hardware_z 79.87448161084433 45.779998779296875 30.940000534057617 AB 4.538981877871382 1.1766641290658153
61685.0514 lsst_hardware_g 73.25055003037274 29.25 31.600000381469727 AB 5.505744729478778 1.166471340990576
61687.0309 lsst_hardware_r 7.589854553915351 58.77000045776367 31.600000381469727 AB 4.541334965671747 1.1739265776584586
61687.0482 lsst_hardware_i 3.001603402192243 52.7599983215332 31.290000915527344 AB 3.774046314740334 1.166268947694788
61690.0313 lsst_hardware_z -258.0896645751218 80.47000122070312 30.979999542236328 AB 7.180744610642122 1.1683606590697768
61690.0492 lsst_hardware_r 36.01041270052411 109.30999755859375 31.6299991607666 AB 6.340737386940691 1.1679025117924948
61691.0439 lsst_hardware_z -30.987254125029622 109.55999755859375 31.729999542236328 AB 5.6426766167140325 1.167047904180647
61693.0316 lsst_hardware_r -95.84667134139904 102.51000213623047 31.6299991607666 AB 7.8869507390896585 1.1662773736176943
61693.049 lsst_hardware_z 55.552672692185915 71.86000061035156 30.969999313354492 AB 6.959277283886327 1.1725495971277966
61695.0001 lsst_hardware_y 54.037075211938806 53.779998779296875 30.0 AB 8.360387007547457 1.1835202445565483
61695.017 lsst_hardware_r -44.10461871528265 48.7400016784668 31.59000015258789 AB 8.243711850793074 1.1686577616661231
61697.0029 lsst_hardware_z 41.20269792076856 46.119998931884766 30.940000534057617 AB 4.778380220370424 1.1745301647776545
61697.0204 lsst_hardware_g 24.647237688795506 14.989999771118164 31.40999984741211 AB 4.744089113033341 1.166292496853294
61701.0026 lsst_hardware_y 125.21432054728646 55.77000045776367 30.010000228881836 AB 4.621021047752522 1.1678092109559064
61701.0195 lsst_hardware_i -104.41271244133968 32.349998474121094 31.229999542236328 AB 4.633604516131904 1.1680374378956149
61911.4033 lsst_hardware_g -16.014763192809756 16.65999984741211 31.440000534057617 AB 8.532134810442361 1.1895621903718872
61911.4236 lsst_hardware_y 40.17271682772534 51.060001373291016 30.0 AB 7.469434868425472 1.1691086036039242
61925.3393 lsst_hardware_z 37.315490505653756 62.93000030517578 31.68000030517578 AB 14.970530253155859 1.2467649596631987
61925.3599 lsst_hardware_r 12.371161796686252 34.90999984741211 32.22999954223633 AB 14.422092610814435 1.1980969977831306
61946.2194 lsst_hardware_z -23.513349308873828 48.31999969482422 30.889999389648438 AB 7.050735470356786 1.604628008729355
61946.2537 lsst_hardware_r -43.523533379437936 24.530000686645508 31.43000030517578 AB 5.956952812585884 1.3598537818599234
61952.2929 lsst_hardware_r 10.857002934982543 24.1200008392334 31.469999313354492 AB 10.389740895736095 1.1873311120206023
61952.3186 lsst_hardware_i 14.937509177233677 32.18000030517578 31.229999542236328 AB 10.158540780364293 1.1666761354462631
61957.3063 lsst_hardware_i 142.49041227207726 70.41999816894531 31.309999465942383 AB 5.959458455037673 1.1664628019255694
61957.328 lsst_hardware_z 44.903973343985484 64.29000091552734 30.969999313354492 AB 5.998066592408448 1.1746903058264182
61959.2938 lsst_hardware_r -153.29786838586563 119.75 31.6299991607666 AB 1.5296098158690605 1.168533090809107
61959.3147 lsst_hardware_z 28.31032706393364 80.05000305175781 30.979999542236328 AB 1.522829769825354 1.169159132303581
61961.2869 lsst_hardware_z 31.9125155209418 88.8499984741211 30.979999542236328 AB 11.281644543384242 1.1692438896618094
61961.3051 lsst_hardware_i -96.86000193511767 102.41000366210938 31.309999465942383 AB 9.265373661425741 1.167413733064982
61963.2879 lsst_hardware_z -129.26866251553605 103.66999816894531 31.729999542236328 AB 8.829345093751616 1.1668223990685207
61963.3086 lsst_hardware_r -169.57527903946453 135.47999572753906 32.380001068115234 AB 8.919097493097063 1.172215868979407
61966.2902 lsst_hardware_y -17.780718588202067 70.22000122070312 30.760000228881836 AB 6.269669598957844 1.167047251888472
61966.3105 lsst_hardware_g 56.65912794575391 51.11000061035156 32.369998931884766 AB 5.64073815129562 1.1822348758282673
61967.3063 lsst_hardware_r -34.14026469568943 31.969999313354492 31.530000686645508 AB 3.4564041679688744 1.1804659043609544
61967.3272 lsst_hardware_i 36.266809227152145 36.380001068115234 31.239999771118164 AB 3.6240942982436675 1.2161390262559264
61975.2668 lsst_hardware_i 32.25340117950032 31.950000762939453 31.229999542236328 AB 6.904863604994359 1.1673973718237218
61975.2857 lsst_hardware_z -2.0526849498252053 43.119998931884766 30.93000030517578 AB 6.990108587926724 1.1819595177420905
61977.2647 lsst_hardware_r -4.938718867396446 24.049999237060547 31.469999313354492 AB 12.482167606409995 1.1687422852443816
61977.284 lsst_hardware_u 0.5204635451443871 2.630000114440918 28.299999237060547 AB 12.526937691384907 1.1869374352269193
61980.2638 lsst_hardware_g 3.0878336291326325 14.739999771118164 31.3799991607666 AB 4.916557381990277 1.1734960733527593
61980.2834 lsst_hardware_i -13.403952296851942 32.41999816894531 31.219999313354492 AB 5.011135850011317 1.1991949386805425
61982.2539 lsst_hardware_z -53.372709473401 45.63999938964844 30.940000534057617 AB 4.180711829436106 1.170302835523777
61982.2735 lsst_hardware_r 19.527206169232997 31.020000457763672 31.530000686645508 AB 4.275096625098359 1.1916645644873476
61991.1865 lsst_hardware_r 86.17776960683936 109.66999816894531 31.6200008392334 AB 4.490641331364671 1.187241313454274
61991.2042 lsst_hardware_z 0.08688307965778701 77.87999725341797 30.979999542236328 AB 4.416174931768147 1.169692737854098
61996.2042 lsst_hardware_z -79.52930535321104 43.630001068115234 30.940000534057617 AB 2.8255196408474093 1.166365176820396
61996.2248 lsst_hardware_r 8.48383872085192 28.649999618530273 31.530000686645508 AB 2.9765623767881197 1.177903591922485
62000.1707 lsst_hardware_r 3.172050072886182 24.75 31.489999771118164 AB 3.6962097428813103 1.1766372271481251
62000.1889 lsst_hardware_u -0.7807763471762766 2.819999933242798 28.440000534057617 AB 3.608329492876754 1.1664858274386058
62014.1254 lsst_hardware_z 258.25141872919585 93.02999877929688 31.719999313354492 AB 1.5403663010597952 1.184897154661381
62019.0886 lsst_hardware_z 94.22180836325946 84.22000122070312 30.969999313354492 AB 1.6018499835397455 1.2302207873585245
62019.1082 lsst_hardware_r -118.17740465348483 121.98999786376953 31.6299991607666 AB 1.5644304290843152 1.1899825779037971
62028.0918 lsst_hardware_u -2.0990714990810293 2.809999942779541 28.450000762939453 AB 1.2140098152485865 1.1792227442919732
62028.1104 lsst_hardware_g -10.898805160611312 15.020000457763672 31.43000030517578 AB 1.206918914691765 1.1668568301886222
62029.0877 lsst_hardware_r -3.412198674811279 24.25 31.489999771118164 AB 4.250854448527852 1.1807929023688477
62029.1059 lsst_hardware_i -27.34198426126063 32.130001068115234 31.239999771118164 AB 4.202381570079762 1.167328213911045
62032.0657 lsst_hardware_i -5.2257177923222065 32.540000915527344 31.239999771118164 AB 6.644733346419335 1.2019415157829287
62032.086 lsst_hardware_z 26.7739322634445 43.40999984741211 30.940000534057617 AB 6.5166220961339825 1.174166143447652
62034.0665 lsst_hardware_i 51.26340758687392 32.400001525878906 31.239999771118164 AB 4.666757436182618 1.191132388263106
62034.0861 lsst_hardware_u 0.09135370385380509 2.680000066757202 28.350000381469727 AB 4.251003451356624 1.170108299299924
62036.0701 lsst_hardware_g 17.03496677380308 15.09000015258789 31.399999618530273 AB 1.6050993843753483 1.1790641902856946
62036.0898 lsst_hardware_r -23.820428549288454 24.260000228881836 31.489999771118164 AB 1.516598441834657 1.1666141860266592
62042.0661 lsst_hardware_r -163.99683273308534 73.52999877929688 31.6200008392334 AB 3.973246977673643 1.1690891727455979
62042.087 lsst_hardware_i -19.56860664379383 63.36000061035156 31.299999237060547 AB 4.350523261690726 1.1686577529613988
62045.0663 lsst_hardware_z -132.45524288767572 88.29000091552734 30.979999542236328 AB 5.6818414247081845 1.1664630311451825
62045.0858 lsst_hardware_r 83.41144330684838 125.7300033569336 31.6200008392334 AB 5.288878153532151 1.1730904188826425
62047.0325 lsst_hardware_i 40.624052976409295 95.77999877929688 31.309999465942383 AB 2.8564190146203514 1.1888536409352184
62047.0516 lsst_hardware_z 81.98492519068245 81.91000366210938 30.979999542236328 AB 2.773364598219485 1.1695380650349247
62049.0339 lsst_hardware_g -71.18145693746735 68.08000183105469 31.670000076293945 AB 4.044542598601737 1.179854900408908
62049.0523 lsst_hardware_r 38.47752900343125 81.26000213623047 31.6200008392334 AB 4.410839225343696 1.1670430547277937
62053.0316 lsst_hardware_u -2.1249314619049415 2.740000009536743 28.399999618530273 AB 2.812411839177235 1.1718382663238478
62053.0502 lsst_hardware_g 2.327801388369003 14.869999885559082 31.40999984741211 AB 2.8190004155902617 1.1665633832360935
62056.0327 lsst_hardware_r -3.266577540104237 24.06999969482422 31.479999542236328 AB 6.714180118417835 1.1671760310157038
62056.0491 lsst_hardware_i -4.068982002229078 32.310001373291016 31.239999771118164 AB 5.53920569786068 1.1688142847603464
62058.0328 lsst_hardware_z 24.988194847928533 43.56999969482422 30.940000534057617 AB 7.779865674370785 1.1663237940214808
62058.0513 lsst_hardware_r 27.743726666788564 24.059999465942383 31.469999313354492 AB 6.95034860170906 1.1739131744807145
62060.0014 lsst_hardware_y 59.05528782883772 52.540000915527344 30.010000228881836 AB 8.33490358161623 1.182815077807412
62060.0193 lsst_hardware_u 1.1180787591049959 2.759999990463257 28.399999618530273 AB 8.25615674485151 1.168021043340419
62066.005 lsst_hardware_y -6.166820269570144 52.02000045776367 30.010000228881836 AB 4.553602813483286 1.1672911595701836
62066.023 lsst_hardware_r -7.255762789299178 25.309999465942383 31.510000228881836 AB 4.580956562919938 1.1694317602704893
