data/validation/pwv_sim_epoch_fit_epoch/2513467.ecsv
# %ECSV 0.9
# ---
# datatype:
# - {name: time, datatype: float64}
# - {name: band, datatype: string}
# - {name: flux, datatype: float64}
# - {name: fluxerr, datatype: float64}
# - {name: zp, datatype: float64}
# - {name: zpsys, datatype: string}
# - {name: pwv, datatype: float64}
# - {name: airmass, datatype: float64}
# meta: {SNID: '2513467', alt: 1024.0, c: -0.09432613849639893, dec: 1.492246, lat: -30.244573, lon: -70.7499537, ra: 128.144531, t0: 61884.5546875,
#   x0: 3.149165422369305e-06, x1: -0.6436193585395813, z: 0.740597128868103}
# schema: astropy-2.0
time band flux fluxerr zp zpsys pwv airmass
61741.3337 lsst_hardware_g 5.08167529873132 15.319999694824219 31.40999984741211 AB 7.881685364425742 1.186866749151131
61741.3534 lsst_hardware_y 96.89861527154633 70.94000244140625 30.020000457763672 AB 7.791657360483468 1.174813579174956
61743.3354 lsst_hardware_i -1.1165809258732273 32.88999938964844 31.229999542236328 AB 5.112346286405961 1.1803169816236634
61745.2374 lsst_hardware_u -2.614190697114791 2.4200000762939453 28.049999237060547 AB 8.096409277367858 1.517815864904693
61747.3408 lsst_hardware_r 8.574404722784582 24.739999771118164 31.489999771118164 AB 7.314926105624738 1.174616797370609
61749.3101 lsst_hardware_z 13.532803419076568 43.18000030517578 30.940000534057617 AB 11.95516028676674 1.1888584215161466
61751.3327 lsst_hardware_z 40.09598868846744 53.15999984741211 30.959999084472656 AB 12.355155107307553 1.1749097494863912
61751.3508 lsst_hardware_y 71.19079998703563 63.779998779296875 30.020000457763672 AB 13.764401124446255 1.1858536643550326
61753.3323 lsst_hardware_r -27.987970876383898 102.91000366210938 31.6299991607666 AB 8.518984063262318 1.1763844506231047
61753.3522 lsst_hardware_y -39.584477234795386 74.52999877929688 30.020000457763672 AB 10.144691555482032 1.1941955921697216
61757.2731 lsst_hardware_z -7.258816344183587 86.7300033569336 31.709999084472656 AB 6.536254216228869 1.212663119894225
61767.2933 lsst_hardware_r 8.366838217885503 24.239999771118164 31.479999542236328 AB 7.390809062316145 1.1760689114171206
61767.314 lsst_hardware_u 4.483383755105971 2.6700000762939453 28.329999923706055 AB 7.442758013194037 1.1942169353149488
61769.2502 lsst_hardware_u 2.1760346271729056 3.7799999713897705 29.09000015258789 AB 10.403458519448133 1.1957998298216246
61769.2694 lsst_hardware_g -4.464663376209156 20.770000457763672 32.15999984741211 AB 10.241741129795358 1.177211624114409
61771.2533 lsst_hardware_r 23.78494185412423 23.959999084472656 31.479999542236328 AB 8.380771924122872 1.1852608322399256
61771.2741 lsst_hardware_i -13.944831246122904 32.06999969482422 31.239999771118164 AB 8.305993095626711 1.1745879669863168
61773.2577 lsst_hardware_z -47.29572809789404 43.29999923706055 30.93000030517578 AB 5.162854059090048 1.1776135470268116
61773.2779 lsst_hardware_r -14.844825501549886 23.920000076293945 31.479999542236328 AB 5.139154755476491 1.1764566399412033
61775.2544 lsst_hardware_u 1.8009324691302755 2.700000047683716 28.360000610351562 AB 12.330387715057498 1.1765637132688451
61775.2765 lsst_hardware_g 9.562781822757344 14.600000381469727 31.389999389648438 AB 12.295152202164353 1.1785620540784438
61777.2482 lsst_hardware_r -15.588924545004122 23.799999237060547 31.479999542236328 AB 10.253119546265472 1.176896182996496
61777.2713 lsst_hardware_z -100.16708060916422 43.06999969482422 30.93000030517578 AB 11.197866497225952 1.1787227891816792
61779.2471 lsst_hardware_r -96.26465423237457 50.88999938964844 31.600000381469727 AB 8.15747759630314 1.1753020345500311
61779.2681 lsst_hardware_y -41.42102083361327 51.040000915527344 30.0 AB 9.379373786877608 1.1802655716378767
61784.1953 lsst_hardware_r 75.94953291554087 121.7699966430664 31.6200008392334 AB 9.710600958413321 1.2211776267627996
61784.2143 lsst_hardware_i 13.94062707224153 100.62000274658203 31.309999465942383 AB 9.375736820139725 1.189122674435097
61785.1972 lsst_hardware_z 52.770958988330754 67.08000183105469 30.969999313354492 AB 7.3766673792621456 1.2115738489385146
61785.2184 lsst_hardware_r 90.55108168498137 86.19000244140625 31.6299991607666 AB 6.3835901871793075 1.182146330959131
61787.2036 lsst_hardware_z -5.089922289474308 69.91999816894531 31.700000762939453 AB 3.692656797438019 1.1922693205956092
61793.1999 lsst_hardware_g -6.619740909648948 15.029999732971191 31.399999618530273 AB 10.211567279683889 1.1795620865014798
61793.2195 lsst_hardware_r -39.923267808506615 24.40999984741211 31.479999542236328 AB 10.680488068919704 1.1751866571340222
61795.1984 lsst_hardware_i 47.23965327766051 32.2599983215332 31.229999542236328 AB 9.143040275971748 1.1772028552446967
61795.2191 lsst_hardware_z -31.64044784897098 43.369998931884766 30.93000030517578 AB 10.131161432967957 1.1770155600311316
61797.1736 lsst_hardware_r 19.16976945473305 24.100000381469727 31.469999313354492 AB 12.956317671505671 1.1960045852031451
61797.1909 lsst_hardware_u 0.9195131763131476 2.569999933242798 28.25 AB 13.045204335088036 1.1783221330582636
61799.1768 lsst_hardware_g 15.805216843539418 14.84000015258789 31.399999618530273 AB 11.415406803617412 1.185297928903769
61799.1958 lsst_hardware_i -21.137949679786754 32.099998474121094 31.229999542236328 AB 11.288532903017224 1.174685607070937
61801.1775 lsst_hardware_z 36.71544224413072 43.349998474121094 30.940000534057617 AB 12.042583382435966 1.1799513406266868
61801.1944 lsst_hardware_r -52.17776216274868 24.209999084472656 31.489999771118164 AB 12.023703605184451 1.1746486523236082
61803.1103 lsst_hardware_u 1.834822653530467 2.619999885559082 28.219999313354492 AB 8.201069657855312 1.329364256305034
61803.1186 lsst_hardware_g -0.3789748862557663 15.220000267028809 31.360000610351562 AB 7.671865306904369 1.2950117271465806
61805.1417 lsst_hardware_g 45.21172100173615 20.860000610351562 31.489999771118164 AB 12.408049166777344 1.2133231473893653
61805.1607 lsst_hardware_r 70.75763204732442 26.850000381469727 31.5 AB 12.15583004462398 1.1850097528391434
61807.1422 lsst_hardware_i -48.19899271084563 47.939998626708984 31.270000457763672 AB 4.697793734271953 1.2024043343414266
61807.1603 lsst_hardware_z 98.4428895106333 51.209999084472656 30.950000762939453 AB 4.667703140546599 1.1805513148960751
61810.1419 lsst_hardware_z 128.76178349061811 91.16000366210938 30.979999542236328 AB 6.6687090342607815 1.1908408989751396
61810.1606 lsst_hardware_i 168.04116823812737 104.87999725341797 31.31999969482422 AB 6.58478785852448 1.1758549747365143
61812.1301 lsst_hardware_z -91.90247022182378 97.5 30.979999542236328 AB 2.5537287552877466 1.1998725553427667
61812.1469 lsst_hardware_r -117.34855572629957 143.33999633789062 31.6299991607666 AB 2.4047872261469294 1.1803602222579825
61816.1283 lsst_hardware_r -59.48660675743578 41.2400016784668 31.579999923706055 AB 3.260736687972552 1.187521707304116
61816.145 lsst_hardware_i 8.579768117557643 42.65999984741211 31.270000457763672 AB 3.1897787250376606 1.1755941247067545
61818.1252 lsst_hardware_z 34.894547925084325 43.290000915527344 30.940000534057617 AB 3.534290387940389 1.1850093505248067
61818.1424 lsst_hardware_r 42.06445847903771 24.06999969482422 31.489999771118164 AB 3.525657078023194 1.1748926669335324
61820.1241 lsst_hardware_u 1.9610515678473004 2.7799999713897705 28.420000076293945 AB 3.9694536571652526 1.1810920874282924
61820.1409 lsst_hardware_r -8.364353057055245 24.3799991607666 31.489999771118164 AB 3.6297872388683237 1.174561721130943
61822.1212 lsst_hardware_i 61.55448134550301 32.0099983215332 31.239999771118164 AB 5.377848645011449 1.1792234722095052
61822.139 lsst_hardware_z 34.73902567139141 43.13999938964844 30.940000534057617 AB 5.973866118163621 1.174897868031852
61826.0915 lsst_hardware_u 2.4286798896718462 2.680000066757202 28.329999923706055 AB 9.188065378005955 1.2004658341343728
61826.1095 lsst_hardware_g 20.48798451581697 14.710000038146973 31.389999389648438 AB 9.048735049414422 1.1797568512926235
61828.0906 lsst_hardware_r 17.286192633659006 23.899999618530273 31.479999542236328 AB 8.017585000625921 1.193670301950485
61828.1089 lsst_hardware_i 15.001320594525472 31.899999618530273 31.239999771118164 AB 7.946415766074625 1.1768980696200164
61830.0865 lsst_hardware_z 19.290281808202927 43.400001525878906 30.93000030517578 AB 4.95601013858235 1.1918499701995673
61830.1049 lsst_hardware_r 35.02084614218156 23.780000686645508 31.469999313354492 AB 4.8117844111199375 1.1762597105957744
61832.0785 lsst_hardware_u -1.8664491936909064 2.690000057220459 28.360000610351562 AB 7.517176003548164 1.1953212313171175
61832.0966 lsst_hardware_r 24.748157673284215 23.84000015258789 31.479999542236328 AB 6.899513287874346 1.1775923003711122
61834.0858 lsst_hardware_i 9.999708670148006 35.41999816894531 31.239999771118164 AB 12.175854132786528 1.181147027480868
61834.1038 lsst_hardware_z 85.93035437079102 44.4900016784668 30.93000030517578 AB 12.12109083860916 1.1746001846316776
61836.0809 lsst_hardware_r -80.3524137994601 56.290000915527344 31.600000381469727 AB 7.66004011529129 1.1807080278412116
61836.1001 lsst_hardware_z 8.015611169389858 53.61000061035156 30.959999084472656 AB 8.543036707978187 1.1747850258495856
61840.0797 lsst_hardware_i 0.2529206818559593 98.73999786376953 31.31999969482422 AB 8.366742566611148 1.175517044834724
61840.0989 lsst_hardware_z 38.013953068971034 84.70999908447266 30.979999542236328 AB 8.827444254115022 1.178459094087963
61843.0377 lsst_hardware_z -74.6199342955497 54.470001220703125 30.950000762939453 AB 16.821717155152655 1.213797575910706
61843.0528 lsst_hardware_r 27.67550091467161 65.8499984741211 31.610000610351562 AB 15.43422497092557 1.1895891250801718
61845.0419 lsst_hardware_i 26.47591229193824 31.93000030517578 31.229999542236328 AB 9.330075696810562 1.1969308142155948
61845.062 lsst_hardware_z -45.32517849563992 46.11000061035156 30.940000534057617 AB 9.154910983523484 1.1771272480100485
61847.0395 lsst_hardware_r 8.04453781009558 23.989999771118164 31.469999313354492 AB 9.133023195434419 1.1926120652173438
61847.0576 lsst_hardware_u -2.912888521867241 2.630000114440918 28.309999465942383 AB 8.137564979929591 1.1766288287925692
61849.0369 lsst_hardware_g -28.464845052138745 14.619999885559082 31.389999389648438 AB 5.781749712509259 1.1890080297181091
61849.0554 lsst_hardware_r -22.81969677035401 23.979999542236328 31.479999542236328 AB 4.428252605744531 1.1754342432519223
61851.0376 lsst_hardware_i -42.13250868880507 32.343984452924936 31.239999771118164 AB 6.097680015676336 1.1826377066866915
61851.0565 lsst_hardware_z 32.427095025789924 43.5225420812495 30.93000030517578 AB 4.601044612594668 1.1745598602577492
61853.0345 lsst_hardware_r 7.597559182182861 23.842651002786173 31.479999542236328 AB 5.5020224635133115 1.1806915157753495
61853.0537 lsst_hardware_g -0.9861706525990358 14.563774074205305 31.40999984741211 AB 4.93067461758876 1.174785970635626
61855.0297 lsst_hardware_r -27.444878000326387 23.928749840896895 31.469999313354492 AB 8.834941903578052 1.1801952850090907
61855.0482 lsst_hardware_i -20.214358038138045 31.75288642672051 31.229999542236328 AB 8.221113358869976 1.1747804171005662
61859.0276 lsst_hardware_u 0.7392923054393833 2.8638663586776327 28.290000915527344 AB 6.874808363439049 1.1755828254855152
61859.0475 lsst_hardware_g 9.318397728557123 15.192844427294732 31.3799991607666 AB 5.780619910745726 1.1787560992548007
61861.0254 lsst_hardware_r 99.12786030995868 26.131896932858183 31.479999542236328 AB 4.422010213573656 1.174816741119333
61861.0433 lsst_hardware_i 101.25600195212034 34.46675820779041 31.229999542236328 AB 6.13388184203994 1.1795926619307575
61863.015 lsst_hardware_z 336.8599617781717 95.77474211163485 32.45000076293945 AB 7.516920523030176 1.1761728247582814
61865.0215 lsst_hardware_z 216.35280154847916 59.22034289928757 30.959999084472656 AB 8.982226608887759 1.1748767677823169
61865.0396 lsst_hardware_r 229.1489215734361 65.36142723264592 31.600000381469727 AB 9.087657774102905 1.1858751540277173
61866.9855 lsst_hardware_y 240.1540266698034 61.661417807860936 30.010000228881836 AB 13.474267611837522 1.1918066127269356
61867.0038 lsst_hardware_i 431.6667319939072 76.474607664814 31.309999465942383 AB 12.563495308955595 1.1762838127104047
61872.9779 lsst_hardware_y 151.4936649975841 61.13231269472281 30.010000228881836 AB 9.128436444668095 1.1823123295846427
61872.987 lsst_hardware_i 847.966518361532 43.73631750403804 31.25 AB 9.043030979536681 1.1764567622987876
61874.9806 lsst_hardware_z 459.8538581894859 51.92935808655772 30.950000762939453 AB 13.381381015196872 1.1768765871635956
61874.9974 lsst_hardware_u 9.065809887615595 3.6071869402051817 28.510000228881836 AB 13.321931288754891 1.1756806432436908
61876.9755 lsst_hardware_y 153.34998477173264 60.71963655161074 30.020000457763672 AB 16.89696788224439 1.17671004437787
61876.9924 lsst_hardware_r 836.6692281304322 38.74989034090815 31.5 AB 16.86090668733691 1.1758364439022915
61883.9723 lsst_hardware_y 314.654820612225 55.92963019094544 30.0 AB 11.30867039902112 1.175517097661626
61883.9896 lsst_hardware_r 902.4088153933629 38.72998298345245 31.479999542236328 AB 11.418727806000748 1.187934958620588
62106.3325 lsst_hardware_i -99.38338742671247 59.79999923706055 31.299999237060547 AB 7.731489268481166 1.1889721040313461
62106.3516 lsst_hardware_y -24.171604184691436 68.5199966430664 30.020000457763672 AB 7.848968719645783 1.1752592228263505
62108.3374 lsst_hardware_z 33.385343862219955 102.94999694824219 31.719999313354492 AB 5.135240713834407 1.1793402848888632
62111.338 lsst_hardware_r -58.677284386252424 90.79000091552734 31.6200008392334 AB 5.077341852728402 1.1752426023328286
62113.3385 lsst_hardware_z -22.397001535080122 53.66999816894531 30.959999084472656 AB 8.663901210933673 1.1745539171584929
62117.3394 lsst_hardware_r 25.5826982358951 25.510000228881836 31.489999771118164 AB 12.337378683746017 1.1781676285607583
62119.3334 lsst_hardware_r 20.776727230743617 24.110000610351562 31.479999542236328 AB 9.84784454410895 1.1778557157779543
62119.352 lsst_hardware_y -4.191192453735448 64.2699966430664 30.010000228881836 AB 10.00742147503115 1.1967747240626172
62121.2679 lsst_hardware_u 2.183791170795076 2.690000057220459 28.34000015258789 AB 8.683235888044333 1.2317520232704045
62121.3093 lsst_hardware_g -17.762941244484 14.550000190734863 31.389999389648438 AB 7.812426491173836 1.175640719487374
62121.3291 lsst_hardware_z -18.90188018975121 43.380001068115234 30.93000030517578 AB 7.8072261707993755 1.1785381796058585
62123.2656 lsst_hardware_r 10.464506271202813 34.31999969482422 32.22999954223633 AB 5.298207077014527 1.2242405584921787
62123.2876 lsst_hardware_i -66.88521036429883 45.77000045776367 31.989999771118164 AB 5.159674144237008 1.1872236871231034
62125.2681 lsst_hardware_z -69.38693728706227 43.869998931884766 30.940000534057617 AB 6.46582244914172 1.207850016963443
62125.2903 lsst_hardware_r 26.774498769155766 23.969999313354492 31.489999771118164 AB 6.310581723674685 1.1798052641400962
62130.2728 lsst_hardware_r -21.70901515647073 23.93000030517578 31.469999313354492 AB 9.463152803964302 1.1828941004955378
62130.297 lsst_hardware_z 33.2238804070929 43.47999954223633 30.93000030517578 AB 10.044380474758533 1.1752395251277534
62132.27 lsst_hardware_r 78.94091297334592 33.68000030517578 32.22999954223633 AB 7.206863647538649 1.1806788413398834
62134.2499 lsst_hardware_z -54.36214440970327 57.2400016784668 30.959999084472656 AB 10.761264335222698 1.1972147262979185
62134.2704 lsst_hardware_g -36.10181153199324 56.81999969482422 31.670000076293945 AB 10.239978033177827 1.1770089693307848
62136.2494 lsst_hardware_r -79.87479236509847 113.4800033569336 31.6299991607666 AB 8.318992587660913 1.1904044341725992
62136.2708 lsst_hardware_i -20.671702769389327 89.19999694824219 31.31999969482422 AB 8.25532889098548 1.1749815949932518
62138.2501 lsst_hardware_z 12.465147554261556 96.69000244140625 30.979999542236328 AB 5.7668710405092805 1.183676321943613
62138.2696 lsst_hardware_r 150.05454695031582 138.00999450683594 31.6200008392334 AB 5.696862610008067 1.1745301237045014
62142.2514 lsst_hardware_r -13.334483602458787 48.439998626708984 31.600000381469727 AB 8.685375301983363 1.175817956044679
62142.2715 lsst_hardware_z 9.443985620275898 50.09000015258789 30.959999084472656 AB 8.783514853074596 1.1783626043834983
62144.2484 lsst_hardware_r 39.93348211159361 29.1299991607666 31.530000686645508 AB 9.479236648580178 1.1750998417677738
62144.2699 lsst_hardware_y 7.92376799290196 49.150001525878906 30.0 AB 10.511392141869834 1.181055296839307
