data/validation/pwv_sim_epoch_fit_epoch/25150728.ecsv
# %ECSV 0.9
# ---
# datatype:
# - {name: time, datatype: float64}
# - {name: band, datatype: string}
# - {name: flux, datatype: float64}
# - {name: fluxerr, datatype: float64}
# - {name: zp, datatype: float64}
# - {name: zpsys, datatype: string}
# - {name: pwv, datatype: float64}
# - {name: airmass, datatype: float64}
# meta: {SNID: '25150728', alt: 1024.0, c: -0.0950881764292717, dec: -65.322342, lat: -30.244573, lon: -70.7499537, ra: 255.559708, t0: 61528.6171875,
#   x0: 1.4462364998340452e-05, x1: -0.011481833644211292, z: 0.39365994930267334}
# schema: astropy-2.0
time band flux fluxerr zp zpsys pwv airmass
61491.3923 lsst_hardware_z -112.10697881517856 55.689998626708984 30.959999084472656 AB 9.58873364733091 1.2225849352710503
61491.4045 lsst_hardware_y 17.657516881426254 56.0099983215332 30.010000228881836 AB 9.598260079161271 1.2233316440429944
61498.37 lsst_hardware_u -1.5540820754891251 2.5799999237060547 28.260000228881836 AB 6.978789466820755 1.2229187149803002
61498.3829 lsst_hardware_g 9.895800578336377 13.949999809265137 31.350000381469727 AB 7.546258801622678 1.222924395250002
61500.3707 lsst_hardware_r 38.23599528556491 22.649999618530273 31.440000534057617 AB 9.380488141372108 1.2224789063473849
61500.3838 lsst_hardware_i 5.155246564016508 31.530000686645508 31.219999313354492 AB 10.026512021312573 1.2242383420406073
61502.3795 lsst_hardware_z -19.777496153411228 43.237216878191106 30.93000030517578 AB 9.956995511170767 1.224572071229944
61502.3904 lsst_hardware_r 27.60487702282697 22.875106622148476 31.450000762939453 AB 10.020398292841318 1.229119692467503
61504.3735 lsst_hardware_u 3.499995774905449 2.5509689726857214 28.25 AB 8.800475481820065 1.2244139800793135
61504.3872 lsst_hardware_r 15.189766957911473 23.415287551859052 31.450000762939453 AB 8.24358498668699 1.230385818908506
61514.3153 lsst_hardware_r 2155.488432207828 88.22462925611593 31.610000610351562 AB 13.05277189184993 1.2257466600582279
61514.3271 lsst_hardware_i 1429.1571358469455 71.51244020755736 31.299999237060547 AB 13.054303337531312 1.2228282832215178
61519.3005 lsst_hardware_r 3921.6742758591076 99.68099300234869 31.610000610351562 AB 10.913129979786026 1.226194379751239
61519.3125 lsst_hardware_z 1651.32133870447 71.89614184050957 30.959999084472656 AB 10.884304913650475 1.2229556082753341
61521.3008 lsst_hardware_z 1783.7730328801301 69.52070857847086 30.959999084472656 AB 4.542905625244896 1.2242553729690484
61521.3127 lsst_hardware_i 2822.698291621049 75.74466029472322 31.290000915527344 AB 4.553508907247236 1.2225005456063456
61525.3059 lsst_hardware_y 614.8989343070904 53.71388230060258 29.979999542236328 AB 13.368239928078625 1.2226023666990076
61525.3179 lsst_hardware_g 2928.7632803983106 58.089976725291244 31.479999542236328 AB 13.412674105522472 1.2249576789371635
61527.3071 lsst_hardware_r 4937.747516062849 72.62162107024062 31.459999084472656 AB 11.010955800792534 1.223530165285488
61527.319 lsst_hardware_i 3409.975261924845 65.11306568092587 31.229999542236328 AB 11.001355791817906 1.2275558794708665
61529.298 lsst_hardware_z 2353.6284547744594 62.93368024215059 30.93000030517578 AB 11.201530321826214 1.2229078655887131
61529.3103 lsst_hardware_r 4676.273655955511 72.34759407775368 31.459999084472656 AB 11.049630858703756 1.2261586504817419
61531.2999 lsst_hardware_u 12.09011992216372 4.532028548233146 28.350000381469727 AB 3.7538994383747877 1.2244636511048805
61531.3118 lsst_hardware_r 4532.817262610178 71.4714142642447 31.459999084472656 AB 3.75195927980616 1.2294451641865027
61536.2804 lsst_hardware_z 2137.461273025894 62.295986584712544 30.940000534057617 AB 9.662786464589502 1.223137527163228
61536.2921 lsst_hardware_r 4087.217512479377 66.81670174676046 31.469999313354492 AB 9.346799375886082 1.2265336101156201
61542.282 lsst_hardware_r 3258.3525950313333 83.8648127631827 31.600000381469727 AB 7.896781439187911 1.2295813732061935
61542.2955 lsst_hardware_i 2671.377517471732 73.61527917264443 31.280000686645508 AB 7.713905526609318 1.239048914698759
61544.263 lsst_hardware_z 1685.0444741232295 80.99565132294677 30.969999313354492 AB 9.261749782415585 1.2240872007157555
61544.2766 lsst_hardware_r 2858.9163024919435 115.67895132503467 31.610000610351562 AB 9.301020336595526 1.2296159969058755
61546.2806 lsst_hardware_i 2394.8463442839275 105.44257912578702 31.309999465942383 AB 7.407218504420216 1.235840916148235
61546.2914 lsst_hardware_z 1458.5026885632649 88.95273612527816 30.969999313354492 AB 7.485581873539261 1.2453829647636303
61558.1989 lsst_hardware_r 1960.11768361574 54.797094652553675 32.209999084472656 AB 12.590738056423252 1.2245417288876923
61558.2156 lsst_hardware_u 8.56078104758088 5.099251793860818 29.09000015258789 AB 12.841970511675575 1.2226178647147816
61563.2041 lsst_hardware_r 728.3542821994643 35.451329407106144 31.469999313354492 AB 5.492650498021299 1.2228081699427775
61563.2164 lsst_hardware_u 4.793711965274308 3.499397280371477 28.360000610351562 AB 4.835269212455943 1.2257738412513275
61572.2084 lsst_hardware_z 839.2920122335122 69.31851668047922 30.959999084472656 AB 9.157194548573374 1.2349554347368348
61572.2216 lsst_hardware_r 455.4882118652917 87.38956702224479 31.600000381469727 AB 9.315537006298605 1.246614819292346
61576.2109 lsst_hardware_r 565.1028131349094 109.73508070074729 31.610000610351562 AB 4.114596450450299 1.2468474092273634
61576.225 lsst_hardware_z 716.5753569058965 75.78771375364418 30.959999084472656 AB 4.170544553069059 1.2638013797178966
61578.134 lsst_hardware_i 676.9744696254527 65.61117732096587 31.290000915527344 AB 3.2171285029180243 1.2287323605148328
61578.1471 lsst_hardware_z 623.9983009271721 62.779480098820805 30.959999084472656 AB 3.1985579030426026 1.2238208983997458
61580.1352 lsst_hardware_g 162.36051633415113 46.04276604214393 31.6299991607666 AB 4.36671936381275 1.2257744594201738
61580.1478 lsst_hardware_r 369.1983557961526 52.84756460933221 31.579999923706055 AB 4.510155022846188 1.222788917425263
61582.1315 lsst_hardware_i 513.354687834447 39.82704705164687 31.229999542236328 AB 7.414327087318817 1.2251542260203456
61582.1431 lsst_hardware_r 323.0578130759897 29.56809908374866 31.459999084472656 AB 7.422213360777027 1.2227195520410554
61585.1341 lsst_hardware_u 0.6262285007735662 2.9657561681063505 28.290000915527344 AB 5.830709719668195 1.2227982634746302
61585.1471 lsst_hardware_g 88.62879476620158 16.908352457094704 31.350000381469727 AB 5.915508675919409 1.2232656231437689
61587.1275 lsst_hardware_r 290.9211692767897 29.04097060719925 31.459999084472656 AB 10.38879788149583 1.2229308865798505
61587.1396 lsst_hardware_i 558.9419635562576 38.73637515684602 31.219999313354492 AB 10.320210155269795 1.2229548399075825
61589.1053 lsst_hardware_i 480.06631790949984 38.45769169754011 31.219999313354492 AB 7.8518828619703696 1.2280719767431891
61589.1169 lsst_hardware_z 408.60598129265816 47.730375001559636 30.93000030517578 AB 7.930675785991104 1.2238697200603554
61598.109 lsst_hardware_z 754.4058176781177 73.99014347338382 31.690000534057617 AB 8.781604331090533 1.2228943505209986
61600.1045 lsst_hardware_r 20.51225886427145 71.41999816894531 31.600000381469727 AB 9.20078045767358 1.2230201326164452
61600.1171 lsst_hardware_i -70.92952740281457 60.790000915527344 31.290000915527344 AB 9.214882455132322 1.2264842052550173
61605.1011 lsst_hardware_z 50.508064711295276 70.87999725341797 30.969999313354492 AB 3.5490880522754598 1.2255843633756984
61605.113 lsst_hardware_r 64.58939956251201 102.88999938964844 31.610000610351562 AB 3.554439912057447 1.2314013206504233
61608.0468 lsst_hardware_u -8.442566252065774 5.340000152587891 28.799999237060547 AB 6.368171372218512 1.231794327132115
61608.0593 lsst_hardware_g 67.01172631661028 38.810001373291016 31.6200008392334 AB 6.3361259117087485 1.2255957790467937
61611.0421 lsst_hardware_r -15.447859303456083 22.860000610351562 31.450000762939453 AB 5.779694638487675 1.229722263508016
61611.0549 lsst_hardware_i -25.062109233792533 31.760000228881836 31.219999313354492 AB 5.754614633159395 1.2243860921615735
61617.0463 lsst_hardware_g 8.070697752908906 13.34000015258789 31.34000015258789 AB 4.31672811429329 1.2228691541907337
61617.0591 lsst_hardware_r 0.11264751988568811 22.719999313354492 31.450000762939453 AB 4.306228285900971 1.2231865604036276
61626.0297 lsst_hardware_r -33.196195706918246 35.70000076293945 31.559999465942383 AB 6.83834550841519 1.2226614533193618
61626.0412 lsst_hardware_i 23.053779912193242 38.040000915527344 31.260000228881836 AB 6.811033904547159 1.2247491062212053
61629.0347 lsst_hardware_z -15.63628786777149 54.83000183105469 30.959999084472656 AB 2.7238351251029225 1.225296952362988
61629.0462 lsst_hardware_r 1.271991256444362 65.43000030517578 31.600000381469727 AB 4.061154080786459 1.2306527517534724
61856.3917 lsst_hardware_i 12.992932938426335 31.59000015258789 31.229999542236328 AB 9.59703831882648 1.2227084111130773
61856.4032 lsst_hardware_y -97.2135290300711 50.18000030517578 29.989999771118164 AB 9.574448497275966 1.222998615848927
61860.3972 lsst_hardware_g -10.507742648323797 13.699999809265137 31.329999923706055 AB 6.11993782085438 1.223987564170876
61860.4093 lsst_hardware_y -11.941932018793755 56.029998779296875 29.979999542236328 AB 6.143166194468988 1.2286332388937977
61862.3955 lsst_hardware_i -39.40870508947201 31.549999237060547 31.209999084472656 AB 12.9466855514888 1.2250934559623514
61862.407 lsst_hardware_z -9.12597902645437 45.77000045776367 30.93000030517578 AB 12.904526992978287 1.2303696481466513
61864.3799 lsst_hardware_z -23.976925741283225 43.630001068115234 30.920000076293945 AB 10.08765619056272 1.2228079628946174
61864.3913 lsst_hardware_r -9.470757648527178 22.790000915527344 31.440000534057617 AB 10.112688816688138 1.225532880228819
61872.3846 lsst_hardware_z 101.15776765230649 93.66000366210938 31.719999313354492 AB 7.697951353137109 1.2334977932359266
61878.3771 lsst_hardware_r -44.99937028627928 31.190000534057617 31.530000686645508 AB 16.078655503836053 1.2405173500886144
61878.3898 lsst_hardware_g 14.76755812436582 25.899999618530273 31.540000915527344 AB 16.300656369566244 1.2536555562058254
61880.3236 lsst_hardware_u -3.2186358355675586 3.009999990463257 28.440000534057617 AB 4.297477789299813 1.223045973475578
61880.3352 lsst_hardware_r 44.3818672048965 24.34000015258789 31.479999542236328 AB 5.445337191631294 1.222709597312517
61883.3258 lsst_hardware_i 12.340127959151994 31.280000686645508 31.219999313354492 AB 6.8553918495873845 1.2226124631431297
61883.3378 lsst_hardware_z 84.5965609608065 43.119998931884766 30.93000030517578 AB 6.892060110261345 1.224982912288175
61888.2969 lsst_hardware_u 0.430266229199146 2.4800000190734863 28.209999084472656 AB 3.54973906217118 1.2240479524728207
61888.3089 lsst_hardware_g 0.750043017287343 13.329999923706055 31.34000015258789 AB 3.545260801894503 1.222503724791208
61895.3015 lsst_hardware_z 43.87053610773831 61.439998626708984 31.68000030517578 AB 10.219243452306838 1.2239714288477215
61895.3133 lsst_hardware_r -12.852729332452027 32.310001373291016 32.209999084472656 AB 10.305549035144585 1.2284231647816652
61897.3038 lsst_hardware_i 13.83244298579742 53.66999816894531 31.280000686645508 AB 8.57816484919382 1.2265618677651906
61897.3165 lsst_hardware_z 8.715287695412453 54.02000045776367 30.950000762939453 AB 8.515555312568662 1.2336169946378215
61899.3019 lsst_hardware_r -213.8396724579194 103.12999725341797 31.6200008392334 AB 10.18698351009074 1.2281859313696912
61899.3131 lsst_hardware_z 88.464088904896 71.08999633789062 30.969999313354492 AB 10.220729567523009 1.235096168396477
61903.285 lsst_hardware_y 49.21620989530019 76.80999755859375 30.739999771118164 AB 8.580969965842538 1.2256194009487533
61908.2889 lsst_hardware_r 14.533552402851235 28.079999923706055 31.5 AB 9.858327953489699 1.2353794427931952
61908.3014 lsst_hardware_i -29.413307330247804 34.150001525878906 31.229999542236328 AB 9.80571090801344 1.2464886747474713
61910.2826 lsst_hardware_z 6.721036847460776 43.54999923706055 30.93000030517578 AB 9.336435295880689 1.234760442939608
61910.2948 lsst_hardware_r -17.648334026226788 23.25 31.450000762939453 AB 8.950814836945714 1.2453307599229626
61918.1899 lsst_hardware_u 1.4591532392352855 2.5899999141693115 28.299999237060547 AB 9.377335551692845 1.2373603683701055
61918.204 lsst_hardware_g 3.044684575866253 13.680000305175781 31.360000610351562 AB 9.290363271567077 1.228207108723201
61928.1986 lsst_hardware_i 27.141724507533336 88.69000244140625 31.299999237060547 AB 5.498125379858717 1.2225527555414346
61928.2106 lsst_hardware_r -112.60926398962475 113.48999786376953 31.610000610351562 AB 4.8370905894669125 1.2238053357285041
61958.1101 lsst_hardware_y -153.82223312271395 60.66999816894531 30.0 AB 3.1346604076517592 1.223202552413587
61958.1232 lsst_hardware_r -52.9930574570865 114.11000061035156 31.610000610351562 AB 3.14524343412404 1.2228784736096578
61960.1048 lsst_hardware_i 3.141801152415498 75.0 31.299999237060547 AB 3.844449622406604 1.2231783717487996
61960.1172 lsst_hardware_z 89.67150420541718 67.26000213623047 30.969999313354492 AB 3.7993064784717805 1.22282152509552
61962.1091 lsst_hardware_r 54.74491719932459 60.310001373291016 31.59000015258789 AB 8.86137701184888 1.2226242801548344
61962.1209 lsst_hardware_g 15.455682354482251 63.34000015258789 31.639999389648438 AB 8.999810915290903 1.2246723477177015
61964.1013 lsst_hardware_r -10.502202439042357 22.799999237060547 31.459999084472656 AB 8.507483929529165 1.2225738545980196
61964.1143 lsst_hardware_i -36.72022430587198 37.400001525878906 31.25 AB 8.4949233379199 1.2243463854796877
61965.1118 lsst_hardware_z 15.437091636634428 43.439998626708984 30.93000030517578 AB 9.202777420479936 1.2244113073715086
61965.1232 lsst_hardware_i 49.54592434751556 31.670000076293945 31.219999313354492 AB 9.234790227642753 1.2290112094281012
61976.0465 lsst_hardware_u -1.1175290608639645 2.5399999618530273 28.270000457763672 AB 5.770854302047955 1.227841340861267
61976.0587 lsst_hardware_g 4.662255521903847 13.40999984741211 31.350000381469727 AB 5.751120438105637 1.2236426464054546
61978.0499 lsst_hardware_r 31.079360298413555 23.34000015258789 31.450000762939453 AB 4.243722979888155 1.224474638934763
61978.0613 lsst_hardware_i -19.11987496345015 31.670000076293945 31.209999084472656 AB 4.2449467940880155 1.2226229245645206
61979.0462 lsst_hardware_z -30.068302271017284 43.83000183105469 30.93000030517578 AB 5.463047049093975 1.2247611364407522
61979.0588 lsst_hardware_r 25.432359008479672 25.270000457763672 31.479999542236328 AB 5.477313880399924 1.2226147054464116
61981.0847 lsst_hardware_r 3.794553044137161 38.91999816894531 31.549999237060547 AB 6.40667241737602 1.232052387956927
61981.0969 lsst_hardware_i -49.91978374700873 40.09000015258789 31.25 AB 6.455892660922235 1.241517819408122
61983.0886 lsst_hardware_z -20.41557385023768 56.08000183105469 30.950000762939453 AB 4.961241299897441 1.2390196794749073
61983.1 lsst_hardware_i -29.672399325403905 55.84000015258789 31.280000686645508 AB 5.0006613410706375 1.2501653352676594
61987.0281 lsst_hardware_r -38.08810136291837 96.4000015258789 31.610000610351562 AB 1.0924208080706597 1.2237723764794546
61987.0408 lsst_hardware_i 171.43980807137515 76.01000213623047 31.299999237060547 AB 0.9006785075522618 1.2226405079894958
61992.0303 lsst_hardware_u -3.687590197894611 2.5899999141693115 28.31999969482422 AB 4.0510501071568 1.222896993506782
61992.0417 lsst_hardware_r -21.001422643263865 22.760000228881836 31.459999084472656 AB 4.102047251195477 1.225589259395123
61994.0277 lsst_hardware_i 8.319749152124105 31.610000610351562 31.229999542236328 AB 2.759179399081724 1.2233116378105626
61994.039 lsst_hardware_z 98.36981087817708 43.439998626708984 30.93000030517578 AB 2.8231643491032634 1.2266627630255325
61995.0232 lsst_hardware_r -20.95929173322884 22.719999313354492 31.459999084472656 AB 2.653986750613224 1.2230353689461864
61995.0345 lsst_hardware_u 0.8999298103830808 2.5899999141693115 28.31999969482422 AB 2.7175377434464987 1.2259568767427813
62001.9697 lsst_hardware_y 47.59885668507757 75.95999908447266 30.010000228881836 AB 3.0948926785960222 1.2309815095509535
62001.9745 lsst_hardware_z -20.046365315669924 51.439998626708984 30.950000762939453 AB 3.2100665542266054 1.2283417937091603
62004.9715 lsst_hardware_y 123.45687367827723 74.37999725341797 30.010000228881836 AB 1.7164721150060371 1.226051510718598
62004.977 lsst_hardware_u 7.789171030324551 5.449999809265137 28.81999969482422 AB 1.7139627552416876 1.2242591108869199
