data/validation/pwv_sim_epoch_fit_epoch/25248346.ecsv
# %ECSV 0.9
# ---
# datatype:
# - {name: time, datatype: float64}
# - {name: band, datatype: string}
# - {name: flux, datatype: float64}
# - {name: fluxerr, datatype: float64}
# - {name: zp, datatype: float64}
# - {name: zpsys, datatype: string}
# - {name: pwv, datatype: float64}
# - {name: airmass, datatype: float64}
# meta: {SNID: '25248346', alt: 1024.0, c: -0.05945136398077011, dec: -59.867073, lat: -30.244573, lon: -70.7499537, ra: 256.472382, t0: 61878.5546875,
#   x0: 3.2215791485695936e-06, x1: 1.1016888618469238, z: 0.7337479591369629}
# schema: astropy-2.0
time band flux fluxerr zp zpsys pwv airmass
61850.3929 lsst_hardware_g 28.631446368257084 18.639700608814618 31.479999542236328 AB 7.132529805078154 1.156313937597107
61850.4065 lsst_hardware_z -6.572165367115118 50.928444045890345 30.950000762939453 AB 7.108022911823476 1.1515630476830256
61852.393 lsst_hardware_i 184.0190954767087 33.39541510803505 31.219999313354492 AB 7.2938276550384264 1.1538584386060393
61852.4065 lsst_hardware_y 3.713684747804722 54.94594614839774 30.010000228881836 AB 7.309899024130682 1.1508480378054367
61854.3949 lsst_hardware_r 151.34892647310724 26.03299875819402 31.469999313354492 AB 8.535354857033038 1.1517013738926658
61854.4075 lsst_hardware_y 99.79933297093858 55.56825675164017 30.010000228881836 AB 8.51803876036001 1.1508789533903814
61856.3908 lsst_hardware_i 298.71373044292193 35.82236835601786 31.229999542236328 AB 8.991778237459041 1.151438894989953
61856.4022 lsst_hardware_y -2.2950409996542294 50.14586355816433 30.010000228881836 AB 8.982713689447285 1.1508922087696714
61858.3975 lsst_hardware_r 340.13702308190915 29.555945318623447 31.469999313354492 AB 10.69780173901485 1.150961311757443
61858.4099 lsst_hardware_y 242.3946605934122 56.38703518785257 30.020000457763672 AB 10.635550612526211 1.1539476252288576
61860.3963 lsst_hardware_g 61.50549886382999 16.348757847580643 31.360000610351562 AB 5.75795517058166 1.151591034116332
61860.4083 lsst_hardware_y 126.08889553522785 54.67095052090128 30.010000228881836 AB 5.777989042410417 1.1555978084820835
61862.3747 lsst_hardware_r 563.9342516694936 32.75390208242138 31.459999084472656 AB 10.272906477362849 1.1513914569364148
61862.3861 lsst_hardware_i 630.3844599273143 39.759847173872075 31.229999542236328 AB 12.183896505923999 1.150917133633142
61864.4007 lsst_hardware_r 699.7721084337685 34.829934712213635 31.469999313354492 AB 9.528385556726805 1.1572937923149964
61864.4125 lsst_hardware_y 182.1464136623138 57.496073221704954 30.010000228881836 AB 9.672893297050523 1.1654088309699424
61866.3722 lsst_hardware_u -1.3156358590644615 2.8502780251583735 28.31999969482422 AB 20.75774313546192 1.1507572652016382
61866.3836 lsst_hardware_r 753.7287205753448 36.2327873568577 31.469999313354492 AB 22.149618718684085 1.152470503203008
61872.3837 lsst_hardware_z 1462.863142447012 100.48624284811393 31.729999542236328 AB 7.262153687465954 1.1602274533635746
61876.2677 lsst_hardware_r 1018.4332919366511 60.717484586347524 31.59000015258789 AB 20.145686088554047 1.219681710254223
61876.2824 lsst_hardware_i 1172.3562686220985 58.328787477791096 31.290000915527344 AB 19.745199248011424 1.1950732398703614
61878.3776 lsst_hardware_r 877.204979402853 43.9664911678946 31.540000915527344 AB 15.181955254208248 1.1682920549602345
61878.3903 lsst_hardware_g 176.87971916714312 29.993516841379886 31.56999969482422 AB 15.396292946948803 1.1817924032582956
61880.3231 lsst_hardware_u -1.7522419450167346 3.0985441350165055 28.469999313354492 AB 4.168405317265829 1.1518909339594692
61880.3348 lsst_hardware_r 818.8851078477919 38.11431893008975 31.489999771118164 AB 5.2027093480449995 1.1507872922019464
61885.3576 lsst_hardware_u -2.3433657070851166 2.5895239910959535 28.270000457763672 AB 18.212950851054742 1.167496849426586
61885.3698 lsst_hardware_g 103.99246971313364 17.205297504738645 31.34000015258789 AB 18.409905542420184 1.18012215015514
61888.3559 lsst_hardware_r 663.4430305555973 33.88470437709453 31.459999084472656 AB 4.313951912848095 1.1737580027702055
61888.3692 lsst_hardware_i 992.7372594326384 43.752073192710775 31.229999542236328 AB 4.407225042731489 1.1898555730917877
61891.3058 lsst_hardware_z 558.8814423511361 48.550173956822306 30.940000534057617 AB 11.366315303079165 1.1508444593812752
61891.3179 lsst_hardware_r 541.8563479003376 33.09977991456027 31.489999771118164 AB 11.300892260209867 1.153269952057339
61899.3014 lsst_hardware_r 468.553367235539 107.71188137882595 31.6299991607666 AB 9.559112182983926 1.1554124314646164
61899.3126 lsst_hardware_z 457.0502420974163 75.18470235109821 30.969999313354492 AB 9.624081455310325 1.1620479902572163
61903.2859 lsst_hardware_y 442.4713462472914 78.85109741305847 30.770000457763672 AB 8.1261171317147 1.1535406532350885
61910.2822 lsst_hardware_z 279.3808139195272 46.20288546946756 30.93000030517578 AB 8.823011232784385 1.1617887766472
61910.2943 lsst_hardware_r 170.0511821690262 26.72468291485507 31.459999084472656 AB 8.371503233664365 1.1721921424950978
61926.2193 lsst_hardware_r 170.62028922666897 71.16010519589452 31.6200008392334 AB 9.286044873424332 1.152364951872222
61926.2301 lsst_hardware_z 182.4725246476941 58.55719266259268 30.959999084472656 AB 9.293370531491766 1.1566111426872814
61928.221 lsst_hardware_r 106.83740887553029 117.37488288338622 31.6299991607666 AB 4.592960411231536 1.15488066664107
61928.2335 lsst_hardware_y 13.273691430427853 62.32829777718279 30.020000457763672 AB 4.621745054217171 1.1621184446108048
61944.1314 lsst_hardware_i 91.70974229837084 32.657069133496805 31.229999542236328 AB 4.034858815144972 1.1591091109292708
61944.1441 lsst_hardware_z 53.98405312969406 43.8011558334634 30.940000534057617 AB 3.946522919620965 1.153111152555484
61958.1105 lsst_hardware_y -29.224790603406433 61.83356926943427 30.020000457763672 AB 2.9815864006355683 1.151858760145137
61958.1236 lsst_hardware_r 150.5264285651873 118.50003752745157 31.6299991607666 AB 2.9861063720763448 1.1509371254871705
61960.1057 lsst_hardware_i 104.70107711530726 76.68057752706636 31.31999969482422 AB 3.6018122379565902 1.1517199652386925
61960.1181 lsst_hardware_z -1.0179738070390543 68.24557230592161 30.979999542236328 AB 3.6218021922357053 1.150935498830265
61965.1114 lsst_hardware_z 98.07832469805894 43.40828944242738 30.93000030517578 AB 8.671728670925583 1.1520319729331658
61965.1227 lsst_hardware_i 86.05599336389945 32.25151136241307 31.229999542236328 AB 8.681595190416203 1.156171465979266
61974.0876 lsst_hardware_r 24.597956300131077 22.610000610351562 31.469999313354492 AB 7.436471189038827 1.1522267104181634
61974.0999 lsst_hardware_u 2.058951941318543 2.5899999141693115 28.329999923706055 AB 7.44503248223916 1.1570940641472058
61976.0469 lsst_hardware_u -1.8411810186486515 2.5899999141693115 28.329999923706055 AB 5.4399796274207 1.1574424739192979
61976.0592 lsst_hardware_g -35.63199690787197 13.449999809265137 31.360000610351562 AB 5.416254494284898 1.152394573252106
61978.0508 lsst_hardware_r -44.98867537408177 23.239999771118164 31.469999313354492 AB 4.024098967908154 1.1532847941271487
61978.0622 lsst_hardware_i 49.33685548398651 31.18000030517578 31.229999542236328 AB 4.01734962815914 1.1509381544646275
61979.0467 lsst_hardware_z 50.87045505776305 43.380001068115234 30.940000534057617 AB 5.134648625621078 1.1537671992257148
61979.0593 lsst_hardware_r 11.876019361615876 25.229999542236328 31.489999771118164 AB 5.1445621890585045 1.1509516810601077
61981.0838 lsst_hardware_r -45.394935004292094 39.060001373291016 31.579999923706055 AB 6.0258892770839845 1.1588248609776892
61981.096 lsst_hardware_i -59.99563096293293 39.650001525878906 31.270000457763672 AB 6.073620170253071 1.1680038788948213
61983.0881 lsst_hardware_z 52.96615040151313 57.04999923706055 30.959999084472656 AB 4.721255743840734 1.1658860955280241
61983.0995 lsst_hardware_i -103.3997673734365 57.9900016784668 31.299999237060547 AB 4.761480763521277 1.1770305117471844
61987.0505 lsst_hardware_i 136.37966195821565 78.5199966430664 31.309999465942383 AB 2.5340800299283552 1.151854559058343
61987.0625 lsst_hardware_z -9.354541870306484 69.31999969482422 30.969999313354492 AB 2.5434619450368325 1.156119065925833
61990.0283 lsst_hardware_z -16.55733534363548 56.040000915527344 30.959999084472656 AB 4.478518366664606 1.1510434868274848
61990.0394 lsst_hardware_r 74.50574813175011 71.94000244140625 31.6200008392334 AB 4.477097883889539 1.1513195312590963
61992.0312 lsst_hardware_u 3.62853451036373 2.6700000762939453 28.40999984741211 AB 3.7560685051589355 1.1509913703244952
61992.0426 lsst_hardware_r -17.985147330990024 22.700000762939453 31.479999542236328 AB 3.8180464213249063 1.15348834481115
61994.0272 lsst_hardware_i 19.267946000274286 31.18000030517578 31.239999771118164 AB 2.5497886934393055 1.1511461369929143
61994.0386 lsst_hardware_z -73.79026353141856 42.689998626708984 30.940000534057617 AB 2.553278706482164 1.154024274116232
61995.0223 lsst_hardware_r 28.053577274429344 22.6299991607666 31.479999542236328 AB 2.533015786272643 1.1509348517709848
61995.0336 lsst_hardware_u -6.02505738837027 2.6500000953674316 28.389999389648438 AB 2.4318404264564784 1.1532141915620524
61997.0283 lsst_hardware_g -12.331385016185898 13.5600004196167 31.3799991607666 AB 4.712542490187939 1.1532682753595447
61997.0415 lsst_hardware_r 38.9805302555432 22.829999923706055 31.479999542236328 AB 4.692433927406529 1.1596994568814407
62001.9706 lsst_hardware_y -40.82273873539641 71.81999969482422 30.030000686645508 AB 3.0434806439188673 1.1607108764349725
62001.9754 lsst_hardware_z -14.908656540075459 48.25 30.950000762939453 AB 2.9898434493984842 1.1577322166112234
62216.3946 lsst_hardware_u -0.38590413681260466 3.0399999618530273 28.56999969482422 AB 7.072907325621386 1.154603290810184
62216.407 lsst_hardware_y -11.904654390987238 57.779998779296875 30.030000686645508 AB 7.164027642688946 1.1511560218568684
62220.3955 lsst_hardware_u 0.5133398704128266 2.869999885559082 28.479999542236328 AB 8.526565249891423 1.1512402871237448
62220.4065 lsst_hardware_y -1.0911893234632757 53.099998474121094 30.020000457763672 AB 8.537068264630948 1.1509748578827663
62222.3917 lsst_hardware_r -20.788624505714736 23.0 31.479999542236328 AB 9.034391430270135 1.1510245165333413
62222.4028 lsst_hardware_y -26.652845028966908 50.220001220703125 30.010000228881836 AB 9.038176583790165 1.1511889847101413
62224.3978 lsst_hardware_z -112.74136381696019 78.12000274658203 31.719999313354492 AB 10.458785802277223 1.151256968035212
62230.3732 lsst_hardware_z 53.49849836864981 51.58000183105469 30.950000762939453 AB 8.81037761081476 1.1507807746623249
62230.3863 lsst_hardware_i -79.12524585082876 47.40999984741211 31.280000686645508 AB 9.510070853801482 1.1522702973103753
62232.377 lsst_hardware_z -127.90951593645673 44.869998931884766 30.940000534057617 AB 22.407191086162964 1.1514289453501805
62232.3885 lsst_hardware_g 24.254828242733446 27.8799991607666 31.59000015258789 AB 22.325582720856737 1.15496069464085
62234.3722 lsst_hardware_r 7.0123348699133485 24.399999618530273 31.479999542236328 AB 10.700592417219546 1.1515506421658814
62234.3861 lsst_hardware_i 20.26732989717891 32.04999923706055 31.229999542236328 AB 9.816799753203133 1.1564141539878823
62236.3817 lsst_hardware_u 3.0071595811882164 2.740000009536743 28.43000030517578 AB 5.0611598619770675 1.1569687648821734
62236.3931 lsst_hardware_g 13.949553863562695 14.029999732971191 31.389999389648438 AB 5.09692179284727 1.1645892251217127
62238.3783 lsst_hardware_r 52.477414529317265 22.719999313354492 31.479999542236328 AB 7.1962712991591795 1.1581205068049374
62238.389 lsst_hardware_i -25.255685994232305 31.190000534057617 31.239999771118164 AB 7.286526292469256 1.1657043222764079
62242.3208 lsst_hardware_r -36.65244427765684 22.639999389648438 31.469999313354492 AB 19.672895496348076 1.1558919385229682
62242.3318 lsst_hardware_i -8.368473216237476 30.979999542236328 31.229999542236328 AB 19.655620562907405 1.1519440053277505
62246.3223 lsst_hardware_u 1.4200529090516882 2.619999885559082 28.350000381469727 AB 4.146858625150605 1.1516385906457691
62246.3349 lsst_hardware_g -15.593552253554202 13.470000267028809 31.3700008392334 AB 5.1360047905955 1.1509254432707803
62248.3187 lsst_hardware_r -6.285393151705694 22.760000228881836 31.479999542236328 AB 7.894607471324112 1.1513069168850865
62248.3312 lsst_hardware_i 52.44804577855727 31.15999984741211 31.239999771118164 AB 7.893290788019841 1.1511148989030575
62257.299 lsst_hardware_z -164.52138204783697 60.900001525878906 30.969999313354492 AB 11.271638022448522 1.150813009591967
62257.3104 lsst_hardware_i 18.876598700286074 64.19000244140625 31.309999465942383 AB 11.283791102597995 1.1517598349084408
62259.3063 lsst_hardware_z 53.81865354739761 73.27999877929688 31.709999084472656 AB 14.39053005425975 1.1520718961059764
62261.3001 lsst_hardware_r 10.668447026807616 34.11000061035156 31.559999465942383 AB 9.613747736425266 1.1518988421310141
62261.3135 lsst_hardware_i -1.3367676544407816 36.70000076293945 31.260000228881836 AB 9.677773780908177 1.1570056525683756
62264.3006 lsst_hardware_z 7.2623466719331855 42.65999984741211 30.940000534057617 AB 11.115246414935546 1.1547408165530526
62264.3145 lsst_hardware_u -1.0540556642216985 2.7899999618530273 28.440000534057617 AB 11.19776728663048 1.1629211015298038
62268.2634 lsst_hardware_r 18.545708906545666 32.290000915527344 32.22999954223633 AB 12.105788891970677 1.1514335840941234
62268.2748 lsst_hardware_i -28.117440122750413 54.20000076293945 32.43000030517578 AB 12.102450564282643 1.150933611007669
62268.2936 lsst_hardware_z 38.165350013591066 42.7599983215332 30.940000534057617 AB 10.296476873627913 1.1565934576148393
62270.2815 lsst_hardware_z 117.32994836475805 42.93000030517578 30.940000534057617 AB 7.900608895977556 1.1536682942325025
62270.2925 lsst_hardware_i 15.051552049258214 31.489999771118164 31.239999771118164 AB 7.653354525653642 1.1590723194992643
62272.2744 lsst_hardware_u 0.8284127097432845 2.6500000953674316 28.3700008392334 AB 5.733229396260862 1.1531032574940676
62272.2882 lsst_hardware_g -4.03800718122311 13.699999809265137 31.3700008392334 AB 5.706253268161661 1.159807574829606
62277.2824 lsst_hardware_r -22.14801882915723 23.0 31.469999313354492 AB 6.928800748541481 1.165614436473121
62277.2932 lsst_hardware_i -11.008906592720722 31.440000534057617 31.229999542236328 AB 7.8581591765174466 1.1760190327024016
62280.2201 lsst_hardware_z -2.2942624740261572 50.900001525878906 30.959999084472656 AB 8.614435385401269 1.1545436989011868
62280.233 lsst_hardware_r -10.035173722398541 54.86000061035156 31.610000610351562 AB 8.618436165885726 1.1510944726602041
62283.2123 lsst_hardware_i -104.2107293793578 92.61000061035156 31.31999969482422 AB 5.674185547548386 1.1543846902648283
62283.2234 lsst_hardware_z -34.29295671113835 79.1500015258789 30.979999542236328 AB 5.6539732460854175 1.151287567926218
62285.2071 lsst_hardware_r -53.01642511030062 110.81999969482422 31.6299991607666 AB 10.157672248766536 1.1542809373598335
62285.2187 lsst_hardware_z 74.03345030319129 74.79000091552734 30.979999542236328 AB 10.26660490858573 1.1511797692303192
62288.2159 lsst_hardware_y -167.8831510437984 71.7699966430664 30.770000457763672 AB 7.732520751031413 1.150786896175001
62288.229 lsst_hardware_r -128.4449290655677 77.12999725341797 32.36000061035156 AB 7.787643220477831 1.1525865644516489
62291.2199 lsst_hardware_i 14.75150243555971 33.459999084472656 31.239999771118164 AB 13.226335087307211 1.1523372663807523
62291.2319 lsst_hardware_z 0.1541527326933293 43.9900016784668 30.940000534057617 AB 13.293766708110777 1.1571872134497543
62302.2004 lsst_hardware_z 87.17445596872777 42.959999084472656 30.940000534057617 AB 13.857988106823019 1.1564224230669635
62302.2132 lsst_hardware_r -3.632145096124975 23.200000762939453 31.469999313354492 AB 13.512301782937723 1.1648536019773899
62304.2017 lsst_hardware_u 4.712609628325282 2.6600000858306885 28.3700008392334 AB 5.976430329864296 1.160396802122403
62304.215 lsst_hardware_r 6.147065680229921 23.239999771118164 31.479999542236328 AB 6.08526917588305 1.1713703899678631
62306.2018 lsst_hardware_i -69.1925718784312 31.479999542236328 31.239999771118164 AB 4.371135296400051 1.164471607432533
62306.2147 lsst_hardware_z 31.58053146351006 42.939998626708984 30.940000534057617 AB 4.006948728141919 1.1767837674425607
62308.197 lsst_hardware_r -54.65220602181929 45.880001068115234 31.600000381469727 AB 3.4134662234197517 1.165005537003328
