data/validation/pwv_sim_epoch_fit_epoch/25323364.ecsv
# %ECSV 0.9
# ---
# datatype:
# - {name: time, datatype: float64}
# - {name: band, datatype: string}
# - {name: flux, datatype: float64}
# - {name: fluxerr, datatype: float64}
# - {name: zp, datatype: float64}
# - {name: zpsys, datatype: string}
# - {name: pwv, datatype: float64}
# - {name: airmass, datatype: float64}
# meta: {SNID: '25323364', alt: 1024.0, c: 0.026281170547008514, dec: -33.510056, lat: -30.244573, lon: -70.7499537, ra: 337.324219, t0: 61197.75390625,
#   x0: 1.0300266874922314e-05, x1: 1.0665204524993896, z: 0.45450738072395325}
# schema: astropy-2.0
time band flux fluxerr zp zpsys pwv airmass
[from data line 133]
61607.1008 lsst_hardware_z -7.2227473761778125 100.83000183105469 30.860000610351562 AB 11.826846512383389 2.0774974111983
61607.1026 lsst_hardware_i -28.680151764576134 112.98999786376953 31.149999618530273 AB 11.57441419544646 2.0442271627422217
61611.1607 lsst_hardware_g -6.938965864901302 24.299999237060547 31.510000228881836 AB 7.347831592151556 1.3158724197979148
61611.1792 lsst_hardware_r 63.686007001487475 36.54999923706055 31.559999465942383 AB 7.1140494232573 1.2209816224589891
61612.1604 lsst_hardware_i -8.286507896024855 33.02000045776367 31.209999084472656 AB 11.963029950994777 1.3019095588117582
61612.1797 lsst_hardware_z 1.434643557856732 43.77000045776367 30.93000030517578 AB 13.125271559402341 1.2068660346100377
61617.1628 lsst_hardware_r 16.29941834481036 23.920000076293945 31.469999313354492 AB 4.517945475478224 1.2210663447238443
61617.1827 lsst_hardware_g -16.189620439022832 14.529999732971191 31.40999984741211 AB 4.204965668814567 1.1438192910750267
61622.1642 lsst_hardware_z 40.54816718457524 42.91999816894531 30.93000030517578 AB 2.379625812300731 1.1606043630145004
61622.1837 lsst_hardware_i -29.54882582549558 31.25 31.239999771118164 AB 1.783212704793399 1.1000695279416404
61624.1618 lsst_hardware_u 0.913160934770281 2.7100000381469727 28.389999389648438 AB 3.063634151011608 1.1498689419535624
61624.1823 lsst_hardware_g 7.770671496563057 14.529999732971191 31.420000076293945 AB 3.0737109148217314 1.089646409981156
61626.1677 lsst_hardware_r 9.39105564039479 30.030000686645508 31.549999237060547 AB 4.224066209473394 1.11411289785438
61626.1864 lsst_hardware_i 27.196332543111406 33.599998474121094 31.270000457763672 AB 4.028315057441276 1.067763312628011
61627.1672 lsst_hardware_z -15.837943265760915 63.470001220703125 31.709999084472656 AB 4.557512065325837 1.1078055579305532
61629.1698 lsst_hardware_z 3.4455439012555353 49.880001068115234 30.969999313354492 AB 2.957047773132104 1.0868169457147503
61629.1889 lsst_hardware_r 18.089798486585988 53.209999084472656 31.639999389648438 AB 2.8559470926393655 1.0474133591586916
61631.1596 lsst_hardware_i 97.44791477047369 67.4000015258789 31.31999969482422 AB 3.3018672685673565 1.0988215763833793
61631.1775 lsst_hardware_z -103.57379246344382 61.459999084472656 30.979999542236328 AB 2.439158124101467 1.0582030907164717
61649.0876 lsst_hardware_g 5.776545320469795 14.529999732971191 31.389999389648438 AB 1.2554980021610262 1.1711735094785691
61649.1056 lsst_hardware_i 6.512477787638424 31.459999084472656 31.239999771118164 AB 1.2162880290600488 1.1121195023407946
61655.0657 lsst_hardware_g -0.4273622763095597 24.030000686645508 31.559999465942383 AB 2.555562392510981 1.1927018011096675
61655.0839 lsst_hardware_r 1.8248736296410015 29.209999084472656 31.540000915527344 AB 1.8813509637566554 1.1279082516522512
61671.0723 lsst_hardware_i -7.5432008109108875 30.6200008392334 31.25 AB 1.4287018386190187 1.0507736003572092
61671.0879 lsst_hardware_z -18.824567983782735 40.970001220703125 30.950000762939453 AB 1.335364921590243 1.0272037858386485
61671.9964 lsst_hardware_y 81.81131367370946 50.63999938964844 29.969999313354492 AB 3.330296694930807 1.3029329792375104
61672.0139 lsst_hardware_i -20.322077801840024 31.8799991607666 31.229999542236328 AB 3.4680707056681714 1.2154453407715555
61673.9961 lsst_hardware_y 48.26891278331516 50.650001525878906 29.969999313354492 AB 3.835528404110802 1.2747913266677064
61674.0128 lsst_hardware_i 18.610636983492086 32.09000015258789 31.229999542236328 AB 3.849476606073391 1.196883515296818
61682.0001 lsst_hardware_z 67.73199628285701 43.459999084472656 30.940000534057617 AB 2.8296696137085555 1.1616049317358603
61682.0204 lsst_hardware_u 4.5003158556893945 2.9600000381469727 28.510000228881836 AB 2.6723848161154686 1.0986918525895195
61683.9997 lsst_hardware_y 67.60492475062347 50.13999938964844 30.010000228881836 AB 3.782581126687018 1.1440410706786022
61684.0196 lsst_hardware_r -14.044332407045982 27.280000686645508 31.530000686645508 AB 3.7090969613696294 1.0868883186353668
61685.9986 lsst_hardware_y 13.285395205439697 51.349998474121094 30.030000686645508 AB 4.984199754676126 1.1299478020122706
61686.0189 lsst_hardware_z 15.944620141972033 47.099998474121094 30.959999084472656 AB 4.8613266475720005 1.075752743432618
61688.001 lsst_hardware_y -16.685576532858185 54.84000015258789 30.030000686645508 AB 2.656384014751264 1.1068266728130267
61688.0206 lsst_hardware_z 55.914292049328935 58.310001373291016 30.979999542236328 AB 2.5456134516573594 1.0606722715238999
61692.0018 lsst_hardware_y 118.67062748003339 58.33000183105469 30.049999237060547 AB 7.840121874055099 1.0773714570702684
61692.0215 lsst_hardware_r 15.710201641405718 96.41000366210938 31.65999984741211 AB 7.582090964851344 1.0398890402676282
61694.0013 lsst_hardware_z 108.84891815996802 60.36000061035156 30.979999542236328 AB 8.330337079706718 1.0665789440962892
61694.021 lsst_hardware_g 123.85961219264671 80.41000366210938 31.729999542236328 AB 8.066208160215998 1.032606818180375
61696.0022 lsst_hardware_y -51.166501564389826 51.0 30.040000915527344 AB 5.581472943716238 1.0541025389454652
61696.0201 lsst_hardware_i 56.03460402363523 30.43000030517578 31.25 AB 5.401435793582543 1.0266286987296165
61698.0014 lsst_hardware_y -61.69507018047092 53.04999923706055 30.049999237060547 AB 3.1097846309528427 1.0458916920244987
61698.0189 lsst_hardware_r -4.4872695855430225 22.899999618530273 31.510000228881836 AB 3.037360757387207 1.021648421590046
