data/validation/pwv_sim_epoch_fit_epoch/25341171.ecsv
# %ECSV 0.9
# ---
# datatype:
# - {name: time, datatype: float64}
# - {name: band, datatype: string}
# - {name: flux, datatype: float64}
# - {name: fluxerr, datatype: float64}
# - {name: zp, datatype: float64}
# - {name: zpsys, datatype: string}
# - {name: pwv, datatype: float64}
# - {name: airmass, datatype: float64}
# meta: {SNID: '25341171', alt: 1024.0, c: -0.012701882049441338, dec: -14.169522, lat: -30.244573, lon: -70.7499537, ra: 163.652344,
#   t0: 62934.51171875, x0: 1.6699471823415293e-05, x1: 1.0427806377410889, z: 0.37052983045578003}
# schema: astropy-2.0
time band flux fluxerr zp zpsys pwv airmass
62871.35 lsst_hardware_z 26.427753735316994 69.2300033569336 31.719999313354492 AB 11.775576423934229 1.0420864091977193
62873.3406 lsst_hardware_z 43.682394201215544 52.13999938964844 30.979999542236328 AB 7.131738278226487 1.0439618348892685
62873.3625 lsst_hardware_y -33.59627745100748 65.19000244140625 30.06999969482422 AB 7.284453058915307 1.0406361512736153
62875.3432 lsst_hardware_i -130.0662729311867 72.81999969482422 31.329999923706055 AB 7.62574275351815 1.0407255145370953
62875.3637 lsst_hardware_y 139.07498465804622 69.91000366210938 30.059999465942383 AB 7.656175660353203 1.0430520188487833
62882.276 lsst_hardware_z 34.16082319586785 46.779998779296875 30.959999084472656 AB 4.982355771791732 1.0969519532786727
62882.2954 lsst_hardware_g 2.0310995673665775 36.81999969482422 31.68000030517578 AB 6.118428719203485 1.063242457068987
62886.3023 lsst_hardware_z 2.4660143874600076 41.43000030517578 30.950000762939453 AB 11.266261853419962 1.0456412690537809
62886.322 lsst_hardware_u -2.5787253043428864 2.740000009536743 28.450000762939453 AB 11.171662079054729 1.0398692596079555
62888.3286 lsst_hardware_g -3.034357223191489 14.210000038146973 31.43000030517578 AB 9.901910184529095 1.043239760262249
62888.3485 lsst_hardware_r 6.753026629240232 23.149999618530273 31.5 AB 9.465230458415963 1.0605300233519301
62892.3122 lsst_hardware_i 57.37598382548995 30.829999923706055 31.25 AB 12.616550214100597 1.0410553852711113
62892.3331 lsst_hardware_u 0.7205757164413604 2.7300000190734863 28.450000762939453 AB 12.92403292055693 1.055324616874775
62894.2965 lsst_hardware_g 6.410624327693337 14.399999618530273 31.450000762939453 AB 12.166590614179086 1.0398795396734262
62894.3139 lsst_hardware_r 45.105449274369164 23.15999984741211 31.510000228881836 AB 12.21628333092155 1.0441267804206453
62898.2835 lsst_hardware_u 2.32142220587477 2.759999990463257 28.489999771118164 AB 10.97357390943689 1.040099891894876
62898.3015 lsst_hardware_g 9.786473220869144 14.279999732971191 31.440000534057617 AB 10.332174323091461 1.0433378090569991
62909.2642 lsst_hardware_z 97.61075810125968 57.314247406696104 30.979999542236328 AB 5.644848707779736 1.0406210171960062
62909.2808 lsst_hardware_r 76.87337526094795 70.27913933988617 31.649999618530273 AB 5.760768310071014 1.049654864496161
62911.2688 lsst_hardware_z 196.3223496691361 46.3185175702397 30.959999084472656 AB 3.591280819530748 1.0448882221503761
62911.2865 lsst_hardware_g 8.41430650113832 36.58765656998093 31.670000076293945 AB 3.584692399456414 1.0615282381234314
62918.2439 lsst_hardware_u 6.919862073434276 3.621937007406451 28.5 AB 5.750695079726479 1.0419813516446024
62918.2634 lsst_hardware_g 1096.0455136000307 36.72420770800955 31.450000762939453 AB 5.511730054589641 1.0567304785920386
62920.2442 lsst_hardware_r 2566.7843707547 56.35610352594205 31.5 AB 12.171677417684265 1.0448688657982934
62920.261 lsst_hardware_i 1998.5921352717191 53.535305249907836 31.260000228881836 AB 11.319283885310423 1.0603544623241614
62924.2244 lsst_hardware_u 19.343878390062255 5.518879566069473 28.469999313354492 AB 6.107424822564897 1.0409200356604187
62924.2431 lsst_hardware_g 2599.840812813348 52.87718174526505 31.440000534057617 AB 6.037910322464205 1.052619003524043
62926.2323 lsst_hardware_r 4770.93551081943 72.25593003680662 31.510000228881836 AB 3.711516493002252 1.0479575980241653
62926.2508 lsst_hardware_z 2285.4138385259553 62.45627186993033 30.940000534057617 AB 4.164518718297886 1.0688073362186332
62931.2155 lsst_hardware_z 5483.705070499837 111.128918898888 31.729999542236328 AB 8.181967333980845 1.045707919820327
62933.2046 lsst_hardware_r 6289.892844142173 152.5619604367736 31.65999984741211 AB 11.21953507411319 1.0426834947248689
62933.2231 lsst_hardware_i 4591.036316974083 124.56882531638344 31.34000015258789 AB 11.395577647384703 1.0574715367019767
62936.1932 lsst_hardware_z 2619.378838829179 91.31561631781148 30.989999771118164 AB 9.225807436714591 1.0414050611485033
62936.2122 lsst_hardware_r 6070.686406846104 134.99898007505908 31.65999984741211 AB 8.979930087214072 1.0544981020312052
62940.1952 lsst_hardware_r 5409.030863698687 82.24461833730888 31.59000015258789 AB 10.824979649606638 1.0488474428363315
62940.2138 lsst_hardware_z 2651.9526641726466 67.33034582570546 30.950000762939453 AB 9.890787559067963 1.0706632993145662
62942.1931 lsst_hardware_r 4876.47538517424 72.7505888251468 31.510000228881836 AB 8.996198710441595 1.0517974290740253
62942.2117 lsst_hardware_u 17.283979887569444 4.559884700367281 28.479999542236328 AB 8.848091739279342 1.0760829114356147
62945.1889 lsst_hardware_g 1812.9078001378848 45.46560981466867 31.479999542236328 AB 5.455268120989742 1.0558583459980146
62945.2084 lsst_hardware_r 4350.387945383158 69.49850409920742 31.520000457763672 AB 5.384808458041307 1.0848266850750723
62947.1645 lsst_hardware_r 3929.3092921984257 67.02817048844332 31.530000686645508 AB 5.184786283230464 1.041888863935387
62947.183 lsst_hardware_i 3634.8774340306622 67.21802072349873 31.270000457763672 AB 4.994152061880723 1.055381258123953
62951.1281 lsst_hardware_g 1165.3235356159257 37.33401343717975 31.450000762939453 AB 8.11948307554266 1.0436912528146702
62951.1456 lsst_hardware_i 3103.919303710968 62.86196939975034 31.260000228881836 AB 8.088561291402668 1.0399393099783791
62953.1507 lsst_hardware_r 2729.0800625013517 57.544413054521065 31.510000228881836 AB 7.662663362036077 1.0430122543606275
62953.1689 lsst_hardware_z 1642.967641738871 57.66236049560968 30.950000762939453 AB 7.625633223565463 1.0579402363437254
62957.1463 lsst_hardware_g 869.7288205781571 45.902419194374936 31.68000030517578 AB 5.10905196563549 1.0469368782039938
62957.1628 lsst_hardware_r 2319.272443892189 60.87243863008807 31.600000381469727 AB 5.330733640755974 1.0640186907696556
62959.1445 lsst_hardware_i 2308.1308834317056 75.67257757676312 31.31999969482422 AB 6.543591647953657 1.0498302018215266
62959.1621 lsst_hardware_z 1450.9441562795275 68.53146227543009 30.969999313354492 AB 6.705395173397028 1.0709355437647345
62961.1335 lsst_hardware_r 1955.071937734214 120.68281866671109 31.65999984741211 AB 7.343569041425949 1.0456455989500064
62961.1516 lsst_hardware_z 1682.63836005283 90.2690897422165 30.989999771118164 AB 7.460743707467392 1.063642594801225
62963.1313 lsst_hardware_z 1612.8872997006238 99.08220676988684 31.0 AB 10.622229414743947 1.0479705421018102
62963.1507 lsst_hardware_i 2026.5232508022252 118.41171007551937 31.34000015258789 AB 10.866085305500842 1.0701988153809103
62964.1329 lsst_hardware_z 1514.4968305983614 89.13556131764098 31.0 AB 7.884386135253221 1.0516721535618543
62964.1526 lsst_hardware_r 1548.011023760292 128.22398417310862 31.649999618530273 AB 8.098077731913785 1.0777319313167133
62967.1217 lsst_hardware_y 375.81940695821993 52.699217422498165 30.049999237060547 AB 4.039796598413638 1.0490253436545411
62967.139 lsst_hardware_g 364.3356843048047 61.11552037570863 31.709999084472656 AB 3.190578978160272 1.069019900542322
62969.1176 lsst_hardware_r 1125.5596704280701 43.60170800352387 31.559999465942383 AB 7.6295571660143295 1.0501799264988754
62969.1367 lsst_hardware_i 1689.2559010699626 54.584999781106006 31.270000457763672 AB 9.160005854058843 1.0739625818144223
62971.1199 lsst_hardware_z 1353.4325546293917 55.30870387195539 30.950000762939453 AB 10.992633751801115 1.0581116496074614
62971.1383 lsst_hardware_r 991.5386643595036 38.649271787613706 31.5 AB 11.509426965820971 1.0865296001215574
62974.0964 lsst_hardware_r 841.5376362554998 37.05020223756107 31.520000457763672 AB 11.804490720834801 1.044645196534053
62974.1125 lsst_hardware_u -4.990232300140461 3.413238652497329 28.559999465942383 AB 11.967278569876584 1.0590512008740338
62976.0947 lsst_hardware_g 232.91902354995665 20.129699006599637 31.450000762939453 AB 7.126474882909219 1.047138396861814
62976.112 lsst_hardware_i 1373.3105486339323 48.353334338683496 31.260000228881836 AB 7.293733527045999 1.0655045082361705
62978.091 lsst_hardware_z 1109.2281267008734 52.874501230608296 30.950000762939453 AB 9.530039053472233 1.0484860334610788
62978.1082 lsst_hardware_r 669.7780974733046 35.00645371649144 31.510000228881836 AB 9.736268936272124 1.067885595525606
62985.0757 lsst_hardware_r 489.8243362089695 38.45759227347144 31.559999465942383 AB 8.926299357124705 1.051802752214223
62985.0941 lsst_hardware_i 920.6437656267428 46.73441522943331 31.270000457763672 AB 9.474755562236457 1.0757599275885843
62992.0516 lsst_hardware_r 521.4852131775709 105.32949891133255 31.65999984741211 AB 3.7787798914575887 1.0475756294758367
62992.0707 lsst_hardware_z 747.3401914461466 75.18096188264958 30.989999771118164 AB 3.8639474573973978 1.0689637008661188
62996.0357 lsst_hardware_u -0.9113643373058896 6.151047252487187 28.989999771118164 AB 7.907280375142283 1.0442789718888381
62996.0486 lsst_hardware_g 138.90432326926873 39.3416253496522 31.68000030517578 AB 7.611474972242161 1.054732207059123
62999.9937 lsst_hardware_r 419.64645614206836 30.651737753007502 31.510000228881836 AB 7.536054591546508 1.0440158750699386
63000.0125 lsst_hardware_i 653.8234605326531 39.93021517671053 31.260000228881836 AB 6.136086435282986 1.0400146500479637
63000.9921 lsst_hardware_z 399.97817907976713 46.714353963372915 30.950000762939453 AB 6.831229601122972 1.0434137163774535
63001.0101 lsst_hardware_r 334.1831332431557 30.58267413900098 31.520000457763672 AB 6.1169289680837595 1.0400582013291453
63007.9682 lsst_hardware_y 212.1845538228681 68.20999908447266 30.799999237060547 AB 5.79223132462209 1.0462845600835873
63007.9898 lsst_hardware_r -48.7346654626002 33.209999084472656 32.2599983215332 AB 5.671727813012784 1.0399207577949083
63013.9535 lsst_hardware_z -48.599967149237926 60.380001068115234 30.979999542236328 AB 6.967685802720074 1.045178999883008
63013.9758 lsst_hardware_i -10.435068689201598 34.7400016784668 31.270000457763672 AB 6.668777523959573 1.040249194549713
63015.9547 lsst_hardware_y 68.04535598864261 63.689998626708984 30.06999969482422 AB 10.016087417741758 1.0418231139735774
63015.9778 lsst_hardware_r 28.262417004956983 53.06999969482422 31.639999389648438 AB 9.848934872530629 1.042601479122493
63017.9519 lsst_hardware_y -80.96612396527715 72.5999984741211 30.06999969482422 AB 9.154317379705327 1.04093363677807
63017.9728 lsst_hardware_r -19.25626977833011 72.19999694824219 31.65999984741211 AB 7.139273683215581 1.042813304264986
63020.9516 lsst_hardware_y -74.56551832474504 71.63999938964844 30.06999969482422 AB 12.061640305404099 1.0397965780520775
63020.9722 lsst_hardware_z 48.34743734743514 58.75 30.979999542236328 AB 11.312100349247837 1.0474166990044294
