data/validation/pwv_sim_epoch_fit_epoch/25355963.ecsv
# %ECSV 0.9
# ---
# datatype:
# - {name: time, datatype: float64}
# - {name: band, datatype: string}
# - {name: flux, datatype: float64}
# - {name: fluxerr, datatype: float64}
# - {name: zp, datatype: float64}
# - {name: zpsys, datatype: string}
# - {name: pwv, datatype: float64}
# - {name: airmass, datatype: float64}
# meta: {SNID: '25355963', alt: 1024.0, c: 0.02632284164428711, dec: -7.331168, lat: -30.244573, lon: -70.7499537, ra: 136.757812, t0: 61788.85546875,
#   x0: 5.263696537908946e-06, x1: -1.472157597541809, z: 0.6008754968643188}
# schema: astropy-2.0
time band flux fluxerr zp zpsys pwv airmass
61753.3383 lsst_hardware_r -125.93981049892106 88.41000366210938 31.649999618530273 AB 9.226860388003194 1.0864289955848885
61755.3392 lsst_hardware_r -137.86255675102373 90.47000122070312 31.639999389648438 AB 11.590782322500141 1.0849138400665406
61757.2994 lsst_hardware_z -89.14414424582196 59.51078202593981 30.969999313354492 AB 7.784990173421481 1.1128833755963234
61759.3239 lsst_hardware_i -56.81562864155504 39.237625436987614 31.280000686645508 AB 4.846923984449904 1.0857804624662253
61759.3448 lsst_hardware_y 63.85555912036414 52.03154283261534 30.030000686645508 AB 5.2432202629227875 1.0885578400530802
61762.3235 lsst_hardware_r -37.54201272844246 24.71024194529662 31.5 AB 7.349292762086537 1.0847664593485664
61762.3445 lsst_hardware_y -7.667408347560067 50.80125687516419 30.030000686645508 AB 6.625756148827006 1.094201720052902
61763.301 lsst_hardware_u -1.3310097657696625 3.2201749020263044 28.440000534057617 AB 6.636034858232656 1.0921117216906011
61763.3145 lsst_hardware_g -33.25147694798432 14.971235591416828 31.420000076293945 AB 6.569501561065962 1.0853896179754317
61765.2982 lsst_hardware_r -10.438565676606093 23.617415888844135 31.489999771118164 AB 9.297212841734801 1.0901985039557693
61765.3181 lsst_hardware_z 91.93258537210927 42.63514278394328 30.950000762939453 AB 9.273254198638593 1.084992983596879
61767.2986 lsst_hardware_r 3.843898310581099 24.015770284485264 31.489999771118164 AB 6.836183696126519 1.0870064710012672
61767.3193 lsst_hardware_u 4.57732331213113 3.9646347267449333 28.40999984741211 AB 6.778366270471339 1.0867991454981223
61769.2915 lsst_hardware_g 70.89695142751714 21.844207421479314 32.16999816894531 AB 9.463491155850596 1.0877576041207582
61769.3126 lsst_hardware_r 176.59921925968123 26.26232851823551 31.489999771118164 AB 10.141945540545818 1.0863266431604346
61771.2882 lsst_hardware_i 305.3429065027145 35.78921075335551 31.239999771118164 AB 7.686202997173113 1.0867885013818666
61771.3073 lsst_hardware_z 301.1566550970581 45.099635405216986 30.940000534057617 AB 7.72391361050242 1.0863832920288927
61773.2898 lsst_hardware_r 525.0341030148987 32.14805659676906 31.489999771118164 AB 4.729230159913477 1.0849346547174754
61773.3095 lsst_hardware_u 28.473103605290238 5.387889281250042 28.399999618530273 AB 5.186397708013223 1.0903428958682337
61777.2558 lsst_hardware_r 2121.084121760228 55.37067745405493 32.22999954223633 AB 10.502741954117498 1.0985174187170748
61777.2789 lsst_hardware_z 1386.2767680099425 68.9780120733027 31.690000534057617 AB 10.11516546993649 1.08493015408686
61781.259 lsst_hardware_z 986.4021351247874 73.89231838362078 30.979999542236328 AB 6.674203177975398 1.0876237558828972
61781.2816 lsst_hardware_r 1654.228752461083 102.6741908740126 31.649999618530273 AB 6.647063151098869 1.0870095095828065
61784.2279 lsst_hardware_i 1623.714175777694 98.39488722762228 31.329999923706055 AB 8.74787597896088 1.1095498546404245
61784.2467 lsst_hardware_z 1150.94730242517 84.73053553379 30.989999771118164 AB 8.583485879392805 1.0899433932902336
61787.2255 lsst_hardware_z 1278.8881533600888 60.188032553440095 30.959999084472656 AB 3.6065184186311434 1.1018999140333379
61787.2454 lsst_hardware_i 1573.8854581359096 60.818301583258446 31.299999237060547 AB 3.514992478165461 1.086439051565669
61789.2014 lsst_hardware_r 1681.053159391983 49.71870896190525 31.520000457763672 AB 6.565333202617845 1.1319540004513526
61789.2224 lsst_hardware_z 1259.48412749165 54.86365781076199 30.940000534057617 AB 6.572294808697003 1.0991991317681398
61791.1985 lsst_hardware_r 1551.2918837529303 46.37535186837752 31.479999542236328 AB 12.95897196835427 1.12686712768298
61791.2189 lsst_hardware_u 6.086401334514863 2.790494801342617 28.399999618530273 AB 12.975834413411118 1.0971365869122447
61793.2053 lsst_hardware_g 209.79031251731135 20.79228103772513 31.40999984741211 AB 9.665370352070344 1.1067746001702685
61793.225 lsst_hardware_r 1503.3359065342695 45.30976876105421 31.489999771118164 AB 10.011847930954584 1.0882443403211506
61795.2034 lsst_hardware_i 1361.2570675196814 48.182467503312886 31.229999542236328 AB 8.561653064222204 1.1022050225898339
61795.2242 lsst_hardware_z 1156.7548699544243 53.84193327583984 30.940000534057617 AB 9.369435097520595 1.086206368179376
61797.179 lsst_hardware_r 1238.3820330266335 42.02335494996467 31.479999542236328 AB 12.481093816823087 1.1330997564069982
61797.1963 lsst_hardware_u -1.2267592139936794 2.6785058185729707 28.31999969482422 AB 12.058289473864464 1.104238962808101
61801.1817 lsst_hardware_z 1110.8486742890823 52.768509904676726 30.950000762939453 AB 11.483877799556803 1.1092318940941566
61801.1987 lsst_hardware_r 998.916801588976 38.69892906820068 31.5 AB 11.25328124358383 1.0910156811851113
61805.174 lsst_hardware_r 708.7370474977943 35.0020014273133 31.489999771118164 AB 9.87906370478816 1.1048244141010464
61805.1913 lsst_hardware_i 931.4636435046768 42.85661824699641 31.239999771118164 AB 9.812948288423843 1.0887549415759286
61808.1771 lsst_hardware_z 701.4394012717493 59.01652712268898 30.959999084472656 AB 5.435616101123129 1.0929156732930962
61808.1957 lsst_hardware_r 630.9393144226794 61.881310384403214 31.6200008392334 AB 5.4109057776268115 1.0847846386581588
61810.1745 lsst_hardware_i 803.7136873279912 90.99849296198096 31.329999923706055 AB 6.118370323429291 1.0907482154913164
61810.1935 lsst_hardware_z 795.9077638124562 80.29511019058461 30.989999771118164 AB 6.13052782733916 1.0847931745910981
61812.1586 lsst_hardware_r 376.2049033762681 140.1470353968198 31.649999618530273 AB 2.214091659655536 1.1003064528043414
61812.1753 lsst_hardware_z 637.6743602738694 97.28014780003436 31.0 AB 2.935375519222752 1.0871761182306487
61814.16 lsst_hardware_y 212.2773917059888 55.8753092118342 30.040000915527344 AB 3.9402828897119564 1.0935105151837066
61814.1781 lsst_hardware_r 237.07640604751379 82.36203353679547 31.639999389648438 AB 4.417936639607026 1.0848883638300757
61816.1601 lsst_hardware_i 473.5907897079614 48.22476663121078 31.290000915527344 AB 3.144857734505398 1.0894426332004843
61816.1768 lsst_hardware_z 615.6189740142507 53.72642944110588 30.959999084472656 AB 4.1637156781496305 1.0847717789360594
61818.1566 lsst_hardware_r 269.41903396275023 30.900414408059877 31.540000915527344 AB 3.237722653313371 1.0883101355674725
61818.1732 lsst_hardware_g 47.98633687946286 22.809952422277064 31.559999465942383 AB 4.587140240146041 1.0849432923713502
61820.1279 lsst_hardware_u -5.1022709924735725 3.1000573656991866 28.479999542236328 AB 3.406653422551514 1.1120740225957064
61820.1449 lsst_hardware_r 197.17077452531345 27.282935413317123 31.510000228881836 AB 3.3258030200691304 1.092456921078221
61822.1259 lsst_hardware_i 297.41568809502536 36.035582520157014 31.25 AB 5.654785414711879 1.1070629737587494
61822.1438 lsst_hardware_z 476.8931121823622 47.4924160044004 30.950000762939453 AB 5.495969987684966 1.0893894921080212
61824.1197 lsst_hardware_r 155.54296639041655 26.430957436951932 31.489999771118164 AB 7.310239127165695 1.1080876831719215
61824.1364 lsst_hardware_u -3.6924262392766005 2.6742461498038432 28.350000381469727 AB 8.91502294856433 1.0906560984296954
61826.1223 lsst_hardware_g 22.362631270706082 15.091514574307514 31.420000076293945 AB 8.412710834122276 1.0981934383032799
61826.1409 lsst_hardware_r 128.88643705053525 26.012738663500315 31.489999771118164 AB 9.460234933028314 1.085771308845486
61828.1217 lsst_hardware_i 236.34810552890698 34.66538316212275 31.239999771118164 AB 7.352610910407702 1.0935689611672048
61828.1405 lsst_hardware_z 401.95720047430535 46.49843783146771 30.950000762939453 AB 8.441815868695755 1.084822291733319
61830.1165 lsst_hardware_r 149.04010431425638 25.477590574577917 31.489999771118164 AB 4.549695601469524 1.0933482971389663
61830.1333 lsst_hardware_g 31.03660303917171 15.103333710525366 31.43000030517578 AB 4.437961895620973 1.0850320432633487
61832.1113 lsst_hardware_r 108.81277857700795 25.692283072010365 31.489999771118164 AB 6.388253577545385 1.09313031785516
61832.13 lsst_hardware_i 192.81512381197203 33.84447597051168 31.239999771118164 AB 5.210239212196756 1.0847885097224144
61834.1186 lsst_hardware_z 281.2460884140248 45.91481458147519 30.940000534057617 AB 11.190072931536509 1.085905280519153
61834.1372 lsst_hardware_i 166.9709135894105 34.7362620953371 31.25 AB 11.105868109372002 1.087123071314659
61840.0846 lsst_hardware_i 241.76422304702604 104.78325479454531 31.329999923706055 AB 8.2824328551768 1.0976409668034661
61840.1038 lsst_hardware_z 112.14799929769643 89.4494245532947 30.989999771118164 AB 8.207584357706894 1.0854678660342394
61843.0641 lsst_hardware_r 59.752446874526754 70.27967041950677 31.6299991607666 AB 14.469016086469257 1.1136151534668564
61843.0802 lsst_hardware_i 181.30098940496245 59.66246962237889 31.309999465942383 AB 14.213035040884037 1.0940327298832464
61845.0759 lsst_hardware_z 211.51104737951175 47.71612729088355 30.950000762939453 AB 8.502181251189862 1.093047803369134
61845.0926 lsst_hardware_i 138.5521565545713 41.78206106733868 31.280000686645508 AB 7.9620169106225065 1.084989812939701
61847.0724 lsst_hardware_u 5.727923108153496 3.4028971665244114 28.3799991607666 AB 7.490497916987073 1.0915115361729797
61847.092 lsst_hardware_g 25.376926306307183 15.14252529662446 31.420000076293945 AB 8.670450177757102 1.084755433223677
61851.0725 lsst_hardware_z 241.7848090290598 43.98074850512848 30.950000762939453 AB 4.235367041235182 1.0858059411814613
61851.0922 lsst_hardware_u 1.4437321780327923 3.1532381186396425 28.420000076293945 AB 5.750020855094381 1.0877829843159796
61853.0403 lsst_hardware_r 9.615945899847198 24.260615050371523 31.489999771118164 AB 5.150112518375114 1.1083853477618177
61853.0596 lsst_hardware_g 27.719319704175806 15.374231731791571 31.420000076293945 AB 4.5393354109146955 1.0891137644901798
61855.0625 lsst_hardware_i 98.94567236461471 32.37598539964504 31.239999771118164 AB 7.490303705456078 1.0855512616603011
61855.0793 lsst_hardware_z 148.18234218820677 43.553747400070314 30.940000534057617 AB 7.611693778460784 1.0868802025431887
61861.0293 lsst_hardware_r 61.90934417248214 24.68783275555373 31.479999542236328 AB 4.093238327267697 1.095620537277221
61861.0473 lsst_hardware_i 134.09672079064975 32.48793174525475 31.239999771118164 AB 5.643424536306581 1.085273949289727
61863.037 lsst_hardware_z 353.8368379712016 63.891384190353584 31.700000762939453 AB 6.733565620857665 1.086760106658758
61865.0255 lsst_hardware_z 138.53797690410957 53.261993544381006 30.969999313354492 AB 8.370488853221735 1.0899428826747812
61865.0437 lsst_hardware_r 11.000330481677178 54.494043255457505 31.6200008392334 AB 8.483662429945866 1.08480951738878
61867.0176 lsst_hardware_i 23.158532259291576 71.8566738375223 31.329999923706055 AB 11.64063361503456 1.0916505422039289
61867.0378 lsst_hardware_z 213.09532293580446 67.55859169062319 30.979999542236328 AB 11.550162168294854 1.084776911791017
61870.0306 lsst_hardware_g -78.6237996226427 104.68000030517578 31.709999084472656 AB 6.158307900316032 1.0848617097108353
61870.0526 lsst_hardware_r -11.44603578915896 97.91000366210938 31.639999389648438 AB 6.190212556718026 1.0969719221545624
61875.009 lsst_hardware_u 10.138452082208225 2.869999885559082 28.540000915527344 AB 12.31286561623887 1.0852881704888715
61875.028 lsst_hardware_g 13.333419323440936 14.5600004196167 31.450000762939453 AB 12.388796320799115 1.0884790406395426
61877.007 lsst_hardware_r 5.7569552995094595 23.200000762939453 31.5 AB 14.46460772948606 1.0847913401444726
61877.0263 lsst_hardware_i 0.5827544669272693 31.1299991607666 31.260000228881836 AB 14.466701112429458 1.0908385697805354
61878.98 lsst_hardware_y 70.73935646975465 49.18000030517578 30.030000686645508 AB 10.297600747548152 1.0957614387487835
61878.9978 lsst_hardware_z 4.310381804992899 41.88999938964844 30.940000534057617 AB 9.99778085863628 1.085348793671332
61885.9683 lsst_hardware_z -23.60552921456297 53.810001373291016 30.959999084472656 AB 14.87973316651377 1.0898508142176644
61885.9852 lsst_hardware_g 5.918856800044778 14.359999656677246 31.40999984741211 AB 14.744871032358756 1.0847400156226554
61886.9641 lsst_hardware_y 96.76410870425828 66.41000366210938 30.049999237060547 AB 6.864121728910659 1.0908417527072958
61886.9692 lsst_hardware_i -27.38063071263384 37.689998626708984 31.270000457763672 AB 6.545719916006829 1.0877806258422906
61889.9653 lsst_hardware_y -43.297841037639266 59.380001068115234 30.049999237060547 AB 12.102818794329838 1.0860227737378154
61889.9839 lsst_hardware_r -9.737537133308507 24.049999237060547 31.5 AB 12.086885156989286 1.0869501040457485
61893.9797 lsst_hardware_y -66.10096060897902 80.29000091552734 30.790000915527344 AB 12.072559024547738 1.0907131973210225
61895.9635 lsst_hardware_z -1.2407963899812824 67.0199966430664 30.979999542236328 AB 7.5907103315931845 1.085576154587384
61895.9838 lsst_hardware_r 79.26999915471109 73.4000015258789 31.6299991607666 AB 7.7389176087117475 1.0992780694192823
62115.3381 lsst_hardware_z 1.849109063186825 44.38999938964844 30.950000762939453 AB 9.302745379333091 1.0913911575695077
62117.3439 lsst_hardware_r 28.236844207130485 25.700000762939453 31.520000457763672 AB 11.253190257872648 1.0856912935718908
62119.3383 lsst_hardware_r -29.816656905029944 23.649999618530273 31.5 AB 9.068317862461678 1.085729361961587
62121.3151 lsst_hardware_g -2.8802844208163196 14.270000457763672 31.40999984741211 AB 7.30385042980254 1.0971684587354964
62121.3345 lsst_hardware_z 11.343189086435045 42.43000030517578 30.940000534057617 AB 7.821481986390117 1.0853120240133673
62123.3072 lsst_hardware_i 32.59500959804249 44.2400016784668 32.0 AB 5.291325476832108 1.099762812144681
62123.3299 lsst_hardware_y -14.314910263676031 48.119998931884766 30.030000686645508 AB 5.252433715376602 1.08513884347702
62125.3069 lsst_hardware_r 13.00954908129381 32.88999938964844 32.25 AB 6.523631174204139 1.094568988960426
62132.2766 lsst_hardware_r -8.14204804329233 23.190000534057617 31.489999771118164 AB 6.778158251604125 1.1072708080705915
62132.2977 lsst_hardware_u 0.8933300378785679 2.690000057220459 28.40999984741211 AB 6.813708921448645 1.0876989711247425
62134.294 lsst_hardware_g 18.857938133706007 40.970001220703125 31.68000030517578 AB 10.14564735176964 1.086897782609635
62134.3158 lsst_hardware_r 8.071190841585658 23.760000228881836 31.5 AB 10.121904599658443 1.0873051221546979
62136.2848 lsst_hardware_i -47.59842434643107 77.37000274658203 31.329999923706055 AB 7.652558561997764 1.0887461552453044
62136.3056 lsst_hardware_z 25.13220773363517 68.02999877929688 30.979999542236328 AB 7.6717721479407235 1.0855937292705338
62138.2834 lsst_hardware_r -144.17468972992785 114.61000061035156 31.649999618530273 AB 5.308838713888084 1.086763298646486
62138.3038 lsst_hardware_z -59.361803763961994 77.29000091552734 30.989999771118164 AB 5.630523775376136 1.0868338261567627
62140.2876 lsst_hardware_z -47.19737361397541 69.31999969482422 30.979999542236328 AB 2.9569391477024167 1.084717222194577
62140.3092 lsst_hardware_i 52.71405640738807 76.16000366210938 31.31999969482422 AB 3.5006305105365345 1.093719176380921
62142.2562 lsst_hardware_r -10.58321686762385 51.11000061035156 31.6200008392334 AB 8.17137212612799 1.0987949967899584
62142.2763 lsst_hardware_z 18.01095224914252 50.25 30.969999313354492 AB 8.160102467549747 1.0855049398123997
62144.2547 lsst_hardware_r -29.304283554073905 28.799999237060547 31.540000915527344 AB 9.744206991374945 1.0948547181320163
62144.2762 lsst_hardware_y 16.03517612483936 47.91999816894531 30.030000686645508 AB 9.654085319302983 1.084728687562133
62146.2538 lsst_hardware_g -0.9295925894897213 20.8700008392334 32.189998626708984 AB 7.233104379647219 1.0911305445236432
62146.2768 lsst_hardware_r 45.11166622077052 33.779998779296875 32.2599983215332 AB 7.2127518654127085 1.085236316029749
62148.2323 lsst_hardware_i 24.91954959907624 31.290000915527344 31.25 AB 5.720670177706752 1.1081201312749156
