data/validation/pwv_sim_epoch_fit_epoch/25359340.ecsv
# %ECSV 0.9
# ---
# datatype:
# - {name: time, datatype: float64}
# - {name: band, datatype: string}
# - {name: flux, datatype: float64}
# - {name: fluxerr, datatype: float64}
# - {name: zp, datatype: float64}
# - {name: zpsys, datatype: string}
# - {name: pwv, datatype: float64}
# - {name: airmass, datatype: float64}
# meta: {SNID: '25359340', alt: 1024.0, c: -0.045955535024404526, dec: -43.207821, lat: -30.244573, lon: -70.7499537, ra: 19.698795, t0: 62071.84375,
#   x0: 1.2614369216742583e-05, x1: -1.409456729888916, z: 0.41740626096725464}
# schema: astropy-2.0
time band flux fluxerr zp zpsys pwv airmass
[from data line 132]
62416.3007 lsst_hardware_r 4.162704248853759 22.6299991607666 31.459999084472656 AB 5.400161515393029 1.1506025956093102
62416.3118 lsst_hardware_i 30.588267860111568 31.450000762939453 31.219999313354492 AB 5.538980921483575 1.1857387444308314
62418.2657 lsst_hardware_i -10.345101827409518 30.450000762939453 31.239999771118164 AB 2.7958144528388136 1.0812741212474464
62418.2771 lsst_hardware_z -5.694794363426759 41.91999816894531 30.940000534057617 AB 2.857447230800231 1.104220744198673
62420.2973 lsst_hardware_u 3.2132724246298214 2.680000066757202 28.40999984741211 AB 5.305786925538317 1.1738033831064454
62420.3097 lsst_hardware_r -19.005586294537565 22.889999389648438 31.469999313354492 AB 5.484851384445014 1.2178184622976755
62422.2496 lsst_hardware_i -21.582116458444794 30.1200008392334 31.239999771118164 AB 6.233154759656516 1.072293844396524
62422.2609 lsst_hardware_z -1.8462001440157072 41.41999816894531 30.940000534057617 AB 6.072376470002595 1.0930386949874171
62425.2823 lsst_hardware_y -53.62696720754668 48.7599983215332 30.0 AB 8.512698153554146 1.1694605362638781
62425.2929 lsst_hardware_g 12.403258698736588 13.420000076293945 31.350000381469727 AB 8.482052616569456 1.2059218923134862
62427.2394 lsst_hardware_z 33.11891524766964 53.290000915527344 30.969999313354492 AB 5.468191289124266 1.078184283100304
62427.2506 lsst_hardware_r -52.567312471961834 61.27000045776367 31.6299991607666 AB 5.69181151497162 1.1000263835283608
62429.241 lsst_hardware_i 67.78763929086023 67.30999755859375 31.31999969482422 AB 1.2127890349694055 1.0914555586945303
62429.2522 lsst_hardware_z 26.88834645897665 61.91999816894531 30.979999542236328 AB 1.4397217541790737 1.1160633753326152
62435.268 lsst_hardware_i 2.3864702971608813 49.09000015258789 31.280000686645508 AB 1.7009467867582087 1.2149619905415776
62435.2796 lsst_hardware_z 37.17604062309983 52.52000045776367 30.950000762939453 AB 1.7681552282631932 1.2629680201879951
62437.2346 lsst_hardware_z -102.24883814580907 46.029998779296875 30.950000762939453 AB 3.0112110030309025 1.1265988662582787
62437.2453 lsst_hardware_r -54.274090340682136 41.709999084472656 31.59000015258789 AB 3.062201810201033 1.1563478419791173
62438.2279 lsst_hardware_r 75.66572918080837 32.599998474121094 31.559999465942383 AB 3.6498283282141553 1.116724628724372
62438.2376 lsst_hardware_u -3.5472276617815424 6.289999961853027 28.940000534057617 AB 3.7273108054881723 1.1419457124656667
62440.2235 lsst_hardware_g 4.593549334833265 13.220000267028809 31.3799991607666 AB 4.267349952086404 1.1193049054653166
62440.2336 lsst_hardware_r 16.125177455614086 22.329999923706055 31.469999313354492 AB 4.357079197762659 1.1460719925725726
62442.2272 lsst_hardware_i 23.349481490203633 30.799999237060547 31.229999542236328 AB 5.119617947957605 1.1434099269584677
62442.2383 lsst_hardware_z 41.76680849365769 42.84000015258789 30.93000030517578 AB 5.25992626297242 1.1773098904308479
62454.1781 lsst_hardware_i -14.846997948066218 39.65999984741211 31.280000686645508 AB 4.463832316099389 1.1026799743339097
62458.154 lsst_hardware_r 121.07457971954109 71.0199966430664 31.639999389648438 AB 5.12725084441402 1.0768707470546643
62458.1656 lsst_hardware_i 5.479160436615083 59.20000076293945 31.309999465942383 AB 5.294931720708473 1.0992747642515126
62460.0797 lsst_hardware_i 53.41943081792416 65.47000122070312 31.329999923706055 AB 6.850801493169178 1.0262604289071862
62460.0925 lsst_hardware_z 24.347374232640682 59.9900016784668 30.979999542236328 AB 5.949406911021893 1.0258777292255248
62461.0745 lsst_hardware_r 63.37218208885267 80.5199966430664 31.65999984741211 AB 3.9580956700909664 1.0268321523929662
62461.086 lsst_hardware_z -48.70536737572784 58.5099983215332 30.979999542236328 AB 3.409927034558923 1.0255419652806876
62465.0295 lsst_hardware_i -4.524801629338489 33.040000915527344 31.260000228881836 AB 6.576704964864896 1.0515997705252125
62465.0377 lsst_hardware_z -19.701788494481672 41.380001068115234 30.950000762939453 AB 6.551729415988636 1.042687899417305
62466.0783 lsst_hardware_u 0.9487029952031514 2.549999952316284 28.3700008392334 AB 4.496664506016395 1.026245227694879
62466.0906 lsst_hardware_g -18.428055992060052 13.050000190734863 31.389999389648438 AB 3.731463530687444 1.0306723988550057
62468.1054 lsst_hardware_g -8.927097842157414 13.220000267028809 31.399999618530273 AB 4.048847032523072 1.0469351058065777
62468.1176 lsst_hardware_r -6.440469987227161 22.079999923706055 31.489999771118164 AB 4.114993512139223 1.062390751843173
62473.1098 lsst_hardware_i -11.133007331815195 30.3799991607666 31.25 AB 7.0143990163669505 1.0714124787310084
62473.1223 lsst_hardware_z -49.557705169654454 41.75 30.940000534057617 AB 7.1648047782046405 1.0943861661032175
62477.1046 lsst_hardware_r 14.436815972221547 22.18000030517578 31.489999771118164 AB 6.156850340373054 1.0812873797632874
62477.1137 lsst_hardware_i 37.40630610803322 30.389999389648438 31.239999771118164 AB 6.198978204983985 1.0992395445649146
62479.0734 lsst_hardware_z -2.91792461510079 41.09000015258789 30.950000762939453 AB 5.595739328992277 1.0448584313308735
62479.0866 lsst_hardware_i 7.214520406649452 30.459999084472656 31.25 AB 6.5220329633816485 1.061010730987742
