data/validation/pwv_sim_epoch_fit_epoch/25448397.ecsv
# %ECSV 0.9
# ---
# datatype:
# - {name: time, datatype: float64}
# - {name: band, datatype: string}
# - {name: flux, datatype: float64}
# - {name: fluxerr, datatype: float64}
# - {name: zp, datatype: float64}
# - {name: zpsys, datatype: string}
# - {name: pwv, datatype: float64}
# - {name: airmass, datatype: float64}
# meta: {SNID: '25448397', alt: 1024.0, c: -0.10661960393190384, dec: -41.0145, lat: -30.244573, lon: -70.7499537, ra: 14.589844, t0: 61632.3359375,
#   x0: 2.100626881296537e-06, x1: 0.14208675920963287, z: 0.8726330995559692}
# schema: astropy-2.0
time band flux fluxerr zp zpsys pwv airmass
61593.4455 lsst_hardware_r 22.397837080596602 32.52000045776367 31.59000015258789 AB 1.6605062713576133 1.0174151266936184
61607.2969 lsst_hardware_z 414.7554121075287 129.4644610037059 32.470001220703125 AB 6.083767073836846 1.2042294287087978
61611.4275 lsst_hardware_r 135.52938230938187 45.88334954675698 31.6200008392334 AB 6.3848515713928204 1.0303133082770406
61611.4387 lsst_hardware_y 78.00691748403402 62.330850967302894 30.059999465942383 AB 6.395012414978292 1.0415753760296904
61612.4238 lsst_hardware_g 155.28127817832308 33.52964609199372 31.670000076293945 AB 6.241562759045351 1.029507822582805
61612.4349 lsst_hardware_r 166.15355365778996 39.72152019132462 31.600000381469727 AB 6.302732849193457 1.0403410480099242
61617.4303 lsst_hardware_i 609.9085107073042 39.61769288815917 31.260000228881836 AB 3.6535806218123223 1.0518693760165991
61619.4224 lsst_hardware_r 435.27419647944083 30.70002777789072 31.489999771118164 AB 1.280062888839102 1.0485156768647934
61619.4347 lsst_hardware_u 1.9861068575849914 7.843142597394544 29.1200008392334 AB 1.2889835668598328 1.067333894722467
61622.4208 lsst_hardware_g 126.91410634414879 17.339495671604748 31.40999984741211 AB 1.1637994172911141 1.0579994702646491
61622.4327 lsst_hardware_i 669.44160724799 46.67758053284691 31.280000686645508 AB 1.1865398983202196 1.0786726348365632
61624.4153 lsst_hardware_z 559.1764031077105 46.42790116211182 30.940000534057617 AB 3.1959426011078533 1.0579380213868372
61624.427 lsst_hardware_r 644.277936594576 33.256924827068865 31.489999771118164 AB 3.5580896917588274 1.078208997502675
61626.4051 lsst_hardware_r 556.7889943181034 32.586682453459424 31.489999771118164 AB 4.049800374875154 1.05098625645549
61626.4168 lsst_hardware_u 2.9190988976901515 2.8995247936672133 28.459999084472656 AB 3.588805597803115 1.0694496305753154
61627.3957 lsst_hardware_g 55.37939976262333 16.124849258879784 31.40999984741211 AB 5.420365264862771 1.042377935550533
61627.4078 lsst_hardware_r 539.5510797463043 32.54368995466225 31.489999771118164 AB 5.506850108698172 1.05900963628811
61629.408 lsst_hardware_i 780.6771339837987 40.813775021724275 31.25 AB 3.1462832167154953 1.068377673408584
61629.4186 lsst_hardware_z 529.9094393211789 48.162081062582814 30.950000762939453 AB 3.6677745951442917 1.0888181268518295
61631.4002 lsst_hardware_r 664.7417803399023 42.05955962559705 31.59000015258789 AB 3.671572887609888 1.0643782831163613
61631.4122 lsst_hardware_z 606.9942476508608 47.626806443775514 30.950000762939453 AB 3.715931213226922 1.0868473861443688
61649.3686 lsst_hardware_u 1.932057137117359 2.658029234830377 28.389999389648438 AB 0.8818003488993663 1.0989307494851381
61649.3793 lsst_hardware_g 31.362910043549142 14.34523027734977 31.389999389648438 AB 0.7915446318268284 1.125552267084008
61651.3647 lsst_hardware_g 39.63155010108195 14.112867196437092 31.3799991607666 AB 1.1052936104603235 1.1025372672920932
61651.3758 lsst_hardware_r 113.72437205274487 25.977828005259145 31.469999313354492 AB 1.3490060952409957 1.130925886746678
61653.36 lsst_hardware_i 397.74331980608514 36.23602965251893 31.239999771118164 AB 1.3274024832328932 1.1043281890456682
61653.372 lsst_hardware_r 158.2027275965085 25.773833875766417 31.469999313354492 AB 1.4422158502461406 1.1356030316898744
61655.3551 lsst_hardware_u -2.4336397155255596 2.6666930878585773 28.40999984741211 AB 2.5725073415546436 1.1056621811839442
61655.3666 lsst_hardware_g 26.28626228492345 14.364542370871819 31.389999389648438 AB 2.688759169216224 1.1357754868556282
61671.2994 lsst_hardware_r 59.182781012337514 30.883193156101996 31.549999237060547 AB 2.241977303464338 1.079603837944304
61671.3111 lsst_hardware_g 34.87911092408803 26.56020114164015 31.600000381469727 AB 2.3051162400247236 1.1049089227203333
61678.0735 lsst_hardware_g 57.93293472503239 24.350191908754717 32.5 AB 4.9895005624458495 1.3439732154736292
61678.0849 lsst_hardware_r 108.36258502556228 41.58338310630926 32.63999938964844 AB 4.916685817306957 1.283311143179734
61680.3064 lsst_hardware_g 4.013074073874278 14.159371162399037 31.3700008392334 AB 3.681290315569031 1.160192346539285
61680.3179 lsst_hardware_r 50.126580389638264 23.682508673846144 31.459999084472656 AB 3.8208061118452497 1.2003160726254247
61682.3051 lsst_hardware_i 70.1755328305504 32.405225406264826 31.229999542236328 AB 3.105128567271598 1.173961651142381
61682.3162 lsst_hardware_z 62.20030458103926 44.324811108055286 30.93000030517578 AB 3.209471455538715 1.2149035508807011
61688.2483 lsst_hardware_z 93.43646719857986 50.37145799252742 30.959999084472656 AB 2.7932607081987224 1.0708302504117093
61688.2599 lsst_hardware_i 21.57016085224559 46.382878485233306 31.290000915527344 AB 3.5120672128192783 1.0939599365043826
61689.2432 lsst_hardware_z 87.82777383752537 53.29166242893057 30.969999313354492 AB 3.8400230257233585 1.0666730627009329
61689.2553 lsst_hardware_r 140.3076034718525 60.179190011292434 31.6299991607666 AB 4.613500701111306 1.0899105898875023
61694.2457 lsst_hardware_r 73.48551449131824 93.66569216724062 31.639999389648438 AB 7.85018112086677 1.0988495409948364
61694.2569 lsst_hardware_i 127.25258491990822 74.37369855391073 31.31999969482422 AB 8.218945498890982 1.1268090895106913
61696.236 lsst_hardware_z 4.630966458837186 52.97625704252684 30.969999313354492 AB 5.488423342369103 1.0895133185843253
61696.2471 lsst_hardware_r -0.24382370336828474 63.30169351825309 31.6200008392334 AB 5.612744868577535 1.1153918758453838
61698.2364 lsst_hardware_z 52.83160162102915 47.27061805609245 30.959999084472656 AB 1.2429953984158795 1.1025979288136127
61698.2471 lsst_hardware_r 27.220183028338745 45.05449463164888 31.600000381469727 AB 1.2582225681173393 1.1298863142564899
61700.2747 lsst_hardware_z 103.17218500949697 45.76903192268448 30.93000030517578 AB 3.5926196231735084 1.2470043815249943
61700.2852 lsst_hardware_i 32.980698868326066 37.12283863584931 31.229999542236328 AB 3.691707324704726 1.296928622766742
61705.2202 lsst_hardware_u 1.1117656446337085 2.6617614928470825 28.389999389648438 AB 3.4078016061764744 1.1095813125523726
61705.2304 lsst_hardware_g 18.732311578630714 13.930931375742432 31.3700008392334 AB 3.582259424210034 1.1366839359698477
61709.217 lsst_hardware_z -7.322583654159587 42.98599813147344 30.940000534057617 AB 4.31887372112057 1.129708009709832
61709.2285 lsst_hardware_r 37.83228322929016 23.009689096933617 31.469999313354492 AB 4.437531528318295 1.1643499002890527
61711.2097 lsst_hardware_r 14.759999520646168 22.433870735156873 31.459999084472656 AB 5.022332614605331 1.1246965881993691
61711.2203 lsst_hardware_u -0.9751418409330527 2.520497953951264 28.270000457763672 AB 4.9305037081153555 1.155564236975533
61720.1736 lsst_hardware_z 64.01218438448187 81.3569894421925 31.719999313354492 AB 0.7764900753989475 1.0963502652998338
61724.1578 lsst_hardware_i 52.12328070063906 61.058525697081606 31.31999969482422 AB 4.532476029191395 1.0858614136895672
61724.1692 lsst_hardware_r -120.1395142727516 77.54765593901537 31.6299991607666 AB 4.397001898664673 1.1117577493460233
61726.1614 lsst_hardware_u -1.4487235793840847 13.300000190734863 29.309999465942383 AB 3.077022533647864 1.1060469207935013
61726.1734 lsst_hardware_g -8.161318649233499 57.81999969482422 31.670000076293945 AB 2.9838171379848215 1.1376673865151403
61728.0836 lsst_hardware_g 8.196311147240591 13.220000267028809 31.40999984741211 AB 4.575549518785819 1.017976421110296
61728.0951 lsst_hardware_r 13.08088887911663 21.8799991607666 31.5 AB 4.538568975012012 1.0217399763647033
61729.0726 lsst_hardware_i 50.24927398267337 29.6299991607666 31.25 AB 6.6841264126431215 1.017474083515911
61729.0858 lsst_hardware_z -66.34605494260022 40.459999084472656 30.950000762939453 AB 5.902416593780837 1.019151617677739
61731.0751 lsst_hardware_i -0.08190395272913419 29.559999465942383 31.239999771118164 AB 4.470727747502451 1.0179252612710499
61731.087 lsst_hardware_u 0.09037986633803331 2.509999990463257 28.329999923706055 AB 3.929103785405553 1.0217849649980868
61734.076 lsst_hardware_g -10.460511918127724 13.260000228881836 31.40999984741211 AB 5.282595548088791 1.020528472166036
61734.0899 lsst_hardware_r 4.421868328258933 21.940000534057617 31.489999771118164 AB 5.28044431153106 1.028875115501205
61738.107 lsst_hardware_z 31.4627324052623 41.16999816894531 30.940000534057617 AB 5.336990129 1.0626515156965555
61738.119 lsst_hardware_u -0.9522915067710855 2.609999895095825 28.3799991607666 AB 5.442161239272495 1.0846900671229471
61740.1005 lsst_hardware_g 1.9751459839008458 13.289999961853027 31.3799991607666 AB 9.43546616801239 1.0609694057866796
61740.1141 lsst_hardware_r 5.619821108804722 22.299999237060547 31.479999542236328 AB 9.656213915373653 1.0858422229930829
61742.101 lsst_hardware_i -49.38948075182839 30.790000915527344 31.25 AB 7.016026851885437 1.0711046404336453
61742.1117 lsst_hardware_z 48.95347889476344 41.900001525878906 30.940000534057617 AB 7.148774979997529 1.0923236027853405
61744.1098 lsst_hardware_i -17.447434275392663 33.880001068115234 31.260000228881836 AB 4.115463976787796 1.100293372280908
61744.1218 lsst_hardware_z -12.174970643345313 43.79999923706055 30.940000534057617 AB 4.217839508324243 1.130737547470866
61746.1094 lsst_hardware_g 35.25127025067448 39.150001525878906 31.65999984741211 AB 6.404697801296757 1.1124417209291053
61746.1214 lsst_hardware_r -54.34403281392888 42.58000183105469 31.59000015258789 AB 6.386450453539013 1.14534620759291
61960.4111 lsst_hardware_z 85.94315618365461 83.83000183105469 31.739999771118164 AB 2.0816821833274144 1.0295164111411546
61964.4059 lsst_hardware_i -30.589891219817968 49.11000061035156 31.31999969482422 AB 6.299269583148547 1.0252995550793826
61964.4175 lsst_hardware_y -27.366470752628796 49.52000045776367 30.059999465942383 AB 6.5256593361999595 1.0195280704405727
61974.44 lsst_hardware_g -9.29467315932216 27.31999969482422 31.6299991607666 AB 5.284783222067009 1.0362320043268647
61976.4359 lsst_hardware_r -15.459357397828466 25.81999969482422 31.530000686645508 AB 6.364198469492753 1.0376551533840546
61979.4353 lsst_hardware_g -20.213252894081407 20.84000015258789 31.56999969482422 AB 3.7677728048484536 1.0466035569023482
61986.1496 lsst_hardware_y 10.747046589163348 82.16999816894531 30.399999618530273 AB 3.0477755005892075 2.233484336309648
61990.4111 lsst_hardware_z -129.0308370829387 63.540000915527344 30.989999771118164 AB 1.476529573277645 1.0546639809126035
61990.4217 lsst_hardware_r -157.0797973582172 87.5199966430664 31.649999618530273 AB 2.036246297661331 1.0720847478036721
61992.4033 lsst_hardware_i -61.61488688394374 56.41999816894531 31.31999969482422 AB 5.46677406241748 1.0513027043110539
61992.4141 lsst_hardware_z 98.99195326225315 55.08000183105469 30.979999542236328 AB 5.555012607628967 1.068271655313263
61995.3899 lsst_hardware_z 97.65372760069218 44.849998474121094 30.959999084472656 AB 4.6516097198102555 1.0444254212316038
61995.4015 lsst_hardware_r -4.65595854624515 39.029998779296875 31.600000381469727 AB 4.757653104185651 1.060890778597562
61997.4033 lsst_hardware_i -46.385734233728385 32.63999938964844 31.260000228881836 AB 5.269426193561358 1.0733850674373842
61997.4144 lsst_hardware_r -46.6074509585597 27.3799991607666 31.530000686645508 AB 5.382691932367332 1.0959736525792043
62001.3679 lsst_hardware_u 0.41668205943826475 2.7300000190734863 28.5 AB 2.438602253798411 1.0379239215996643
62001.3787 lsst_hardware_g 9.393704926398339 13.359999656677246 31.40999984741211 AB 1.9739194497505426 1.0512619118145974
62002.1525 lsst_hardware_z -92.15680467143348 68.45999908447266 31.639999389648438 AB 2.8683778482285405 1.5908917627446149
62006.139 lsst_hardware_i 16.601246008894787 34.45000076293945 31.15999984741211 AB 4.443163253406507 1.6152552043648118
62006.1524 lsst_hardware_z 26.51318447708486 47.040000915527344 30.899999618530273 AB 4.093519131990464 1.4982227585288548
62009.1467 lsst_hardware_z 0.24281938399936107 67.12999725341797 31.65999984741211 AB 2.9210220941403557 1.4788737292078418
62009.1537 lsst_hardware_r 20.854111847569396 38.09000015258789 32.209999084472656 AB 2.828307520312803 1.4280174293665013
62011.3677 lsst_hardware_i -32.30881370778935 30.6200008392334 31.25 AB 7.566827385734778 1.0783308627510788
62011.3783 lsst_hardware_r -25.208049952122188 22.579999923706055 31.479999542236328 AB 8.235794120340612 1.100796719136638
62016.3591 lsst_hardware_z -37.52122723489579 63.869998931884766 30.979999542236328 AB 1.0959700883092467 1.0885317877595564
62016.3712 lsst_hardware_r 0.5046028333328743 80.33999633789062 31.6299991607666 AB 1.1388251903076279 1.1167690025080932
62020.3534 lsst_hardware_i -100.60997475037863 68.11000061035156 31.31999969482422 AB 2.54072345314864 1.1000390185376367
62020.3649 lsst_hardware_z -32.666092540543545 62.4900016784668 30.969999313354492 AB 2.6611883649290515 1.1290574310263266
62031.3387 lsst_hardware_i -4.997536260188893 31.190000534057617 31.239999771118164 AB 1.686988992559161 1.1399216121802196
62031.3493 lsst_hardware_u -0.790138275060018 2.5999999046325684 28.31999969482422 AB 1.7411565795104376 1.173351993829688
62033.3336 lsst_hardware_g 18.982858256766605 13.619999885559082 31.3700008392334 AB 5.8309571374256 1.140975860958088
62033.3463 lsst_hardware_r -8.597085327430017 23.040000915527344 31.459999084472656 AB 6.098426546828405 1.1818656098506084
62035.2972 lsst_hardware_r -3.2990140128463246 22.559999465942383 31.5 AB 2.2165172666394377 1.069145719096119
62035.3097 lsst_hardware_i -11.987313708165063 30.860000610351562 31.25 AB 2.2677580141920863 1.093861892849306
62041.3114 lsst_hardware_r -31.842681801536905 22.81999969482422 31.469999313354492 AB 4.269419651114899 1.1399304871257925
62041.3224 lsst_hardware_i -28.389967120356577 31.450000762939453 31.229999542236328 AB 4.439485150923379 1.1747259495276858
62046.0751 lsst_hardware_r -75.68535358226644 103.31999969482422 31.600000381469727 AB 3.7445712938775757 1.2948033519632005
62048.3092 lsst_hardware_z -66.6594894811352 97.73999786376953 31.719999313354492 AB 8.280786140752038 1.195810172194553
62050.3059 lsst_hardware_z -6.413616686833845 57.54999923706055 30.959999084472656 AB 5.5679220092538255 1.203961801049767
62050.3166 lsst_hardware_r 11.696377006627323 72.9800033569336 31.600000381469727 AB 5.909428374361783 1.2481192004427237
62052.2616 lsst_hardware_r 57.21638918257398 49.75 31.6200008392334 AB 2.826010320549858 1.090211658413113
62052.2742 lsst_hardware_i 25.832342626228765 45.25 31.290000915527344 AB 2.8833598845824815 1.1201139078986655
62055.2397 lsst_hardware_r -15.753137308098683 26.489999771118164 31.540000915527344 AB 5.853026601232806 1.064186654769601
62055.2504 lsst_hardware_u 1.9613635793653186 3.6600000858306885 28.670000076293945 AB 5.906946179432165 1.083942779967305
62057.2401 lsst_hardware_g 3.714492337664061 13.359999656677246 31.389999389648438 AB 6.76951811090315 1.0745266842703414
62057.2513 lsst_hardware_r 18.29571459837431 22.309999465942383 31.479999542236328 AB 6.3319471040427455 1.0975814012901275
62059.2455 lsst_hardware_i -49.988014253705494 30.56999969482422 31.239999771118164 AB 7.808514577669865 1.096817021128659
62059.2571 lsst_hardware_z -37.543587618877176 42.13999938964844 30.940000534057617 AB 8.201732171530168 1.1254649688202336
62064.2376 lsst_hardware_r -30.807361277435135 22.290000915527344 31.479999542236328 AB 2.0186506244633255 1.1103688803429266
62064.2487 lsst_hardware_g -14.328210296090386 13.329999923706055 31.3700008392334 AB 2.074155057711867 1.140219922696523
62065.2338 lsst_hardware_r 35.9602400214826 22.290000915527344 31.479999542236328 AB 2.7139970551544184 1.107753900063262
62065.2454 lsst_hardware_i -52.87398163317008 30.780000686645508 31.239999771118164 AB 2.8245864655444244 1.1385635736154884
62075.2205 lsst_hardware_y 6.430818619259218 54.7400016784668 30.030000686645508 AB 5.621055702780029 1.1456539639139522
62075.2321 lsst_hardware_r 32.45849932497368 86.63999938964844 31.6299991607666 AB 5.814281453449518 1.1835486665433272
62077.2036 lsst_hardware_r 41.54370491683935 91.16000366210938 31.639999389648438 AB 4.020242402357422 1.1141034785527009
62077.2157 lsst_hardware_i -85.35575164546059 72.13999938964844 31.309999465942383 AB 5.229829525052662 1.1476474709354099
62081.209 lsst_hardware_z -12.407185998291727 49.41999816894531 30.959999084472656 AB 5.382242155437712 1.1608416166154885
62081.2201 lsst_hardware_r -96.83742155860777 53.029998779296875 31.600000381469727 AB 5.564410085711074 1.1995710158905737
62086.168 lsst_hardware_z 1.3267756371942634 41.58000183105469 30.940000534057617 AB 3.693506497904788 1.0885933433589294
62086.1792 lsst_hardware_r -4.560946862162966 22.270000457763672 31.469999313354492 AB 3.7621510113133096 1.1145462927902312
62091.163 lsst_hardware_i 18.65407364684398 30.479999542236328 31.229999542236328 AB 3.0146539252474835 1.1082267899080906
62091.1759 lsst_hardware_z 19.233885154992006 42.2599983215332 30.940000534057617 AB 2.983166974708299 1.1429393600619262
62095.0272 lsst_hardware_i 9.220564399359741 31.940000534057617 31.25 AB 4.801180759965963 1.0454394686915542
62095.0362 lsst_hardware_u -0.8102364854875088 2.930000066757202 28.479999542236328 AB 4.70294081880732 1.0352629615997622
62096.0731 lsst_hardware_r -37.75029102060906 22.90999984741211 31.5 AB 4.434035908462708 1.0175641786489291
62096.0847 lsst_hardware_z -25.647118734669828 40.65999984741211 30.950000762939453 AB 3.8854771497203955 1.020435213968469
62098.0611 lsst_hardware_i -30.35382882572556 33.20000076293945 31.270000457763672 AB 7.642758048871156 1.0175420115658014
62098.0748 lsst_hardware_r 55.04735937825766 28.93000030517578 31.56999969482422 AB 7.728075499794111 1.018907730481776
62100.0771 lsst_hardware_g 2.768864459321408 40.029998779296875 31.700000762939453 AB 4.446417677601922 1.0219300569069
62100.0898 lsst_hardware_r -53.65907246546795 42.15999984741211 31.6200008392334 AB 3.7121970434544327 1.0304502549493313
62103.1082 lsst_hardware_r -120.56995575581011 64.16000366210938 31.639999389648438 AB 5.332956796444585 1.0634718418860734
62103.1207 lsst_hardware_i 20.695811710169266 54.81999969482422 31.309999465942383 AB 5.449705052886087 1.0867532011870913
62105.0982 lsst_hardware_z 79.37242070416241 56.790000915527344 30.979999542236328 AB 9.386297010838549 1.0563017117756515
62105.1104 lsst_hardware_r 49.84692040097913 75.75 31.639999389648438 AB 9.567777771162184 1.0771087796118561
62107.099 lsst_hardware_z -96.25396490754176 57.470001220703125 30.979999542236328 AB 6.982500760038847 1.0663684417099502
62107.1111 lsst_hardware_g -22.203137507731427 90.20999908447266 31.709999084472656 AB 7.140783303096352 1.0895339546053069
62110.1103 lsst_hardware_r 47.143271892529775 43.36000061035156 31.600000381469727 AB 5.81206399210565 1.1062520684146147
62110.1223 lsst_hardware_z 30.531799055791225 49.189998626708984 30.959999084472656 AB 5.963069231142984 1.1379179246504456
