data/validation/pwv_sim_epoch_fit_epoch/25448212.ecsv
# %ECSV 0.9
# ---
# datatype:
# - {name: time, datatype: float64}
# - {name: band, datatype: string}
# - {name: flux, datatype: float64}
# - {name: fluxerr, datatype: float64}
# - {name: zp, datatype: float64}
# - {name: zpsys, datatype: string}
# - {name: pwv, datatype: float64}
# - {name: airmass, datatype: float64}
# meta: {SNID: '25448212', alt: 1024.0, c: 0.19639809429645538, dec: -63.07262, lat: -30.244573, lon: -70.7499537, ra: 64.417809, t0: 63178.41796875,
#   x0: 9.668571320825013e-06, x1: 0.6505072712898254, z: 0.4666338860988617}
# schema: astropy-2.0
time band flux fluxerr zp zpsys pwv airmass
63111.3077 lsst_hardware_y 29.92861557104333 78.18000030517578 30.700000762939453 AB 3.6216464051881005 1.3613079674943525
63119.3898 lsst_hardware_i 33.58387127323366 32.27000045776367 31.229999542236328 AB 2.692113181915782 1.1917278361734316
63119.4018 lsst_hardware_y 23.043529943708087 50.81999969482422 30.0 AB 2.698331446684375 1.1891288050022952
63124.3725 lsst_hardware_g 0.6402639247977798 12.779999732971191 31.329999923706055 AB 1.5526887992495055 1.1931522535216486
63124.3841 lsst_hardware_y -52.842311327138525 48.7599983215332 29.989999771118164 AB 1.4194521919095806 1.189651229425546
63129.3997 lsst_hardware_z 7.5724215495559575 56.369998931884766 30.959999084472656 AB 7.111145911055839 1.1940134176508377
63133.3877 lsst_hardware_g 6.612651469391128 14.279999732971191 31.3799991607666 AB 4.5058258479901045 1.1935172102483558
63137.3732 lsst_hardware_r 3.324527340829814 22.020000457763672 31.459999084472656 AB 5.65272115718747 1.1920542296895487
63137.3862 lsst_hardware_z -47.749916422345564 44.599998474121094 30.940000534057617 AB 4.794975248741158 1.1987438121852896
63140.3057 lsst_hardware_r -98.05369437134968 82.48999786376953 31.610000610351562 AB 5.375142895492022 1.2091653184220206
63140.3183 lsst_hardware_y -37.29998191308066 53.47999954223633 30.0 AB 5.376416721810546 1.1989333357191816
63143.3715 lsst_hardware_i -37.971504541352004 48.43000030517578 31.280000686645508 AB 2.8359407498383873 1.199890310911101
63143.3839 lsst_hardware_z 16.288613627624752 55.869998931884766 30.959999084472656 AB 2.3335190423229863 1.2103314534870262
63145.3768 lsst_hardware_r 26.497368838206828 42.83000183105469 31.56999969482422 AB 7.001665990446944 1.2087468261453507
63145.3879 lsst_hardware_z 24.87530236476802 67.79000091552734 30.959999084472656 AB 7.079005858703429 1.2207287219697656
63147.3726 lsst_hardware_g -15.371357853433175 27.969999313354492 31.579999923706055 AB 5.264136964032611 1.2099609938781666
63147.3843 lsst_hardware_i -5.505517034722412 44.619998931884766 31.270000457763672 AB 4.922177028664142 1.2230277325596792
63151.3609 lsst_hardware_u -1.7890272965223397 2.663373627990043 28.290000915527344 AB 6.70445546139135 1.2092083075825322
63151.3722 lsst_hardware_g -24.133959474609473 15.657493208941043 31.399999618530273 AB 6.727959875994572 1.221562647702262
63153.364 lsst_hardware_r 65.10322102082675 23.848728709544506 31.450000762939453 AB 6.5787513491217595 1.2182872868744
63153.3749 lsst_hardware_i 96.036680547532 36.144452336670874 31.229999542236328 AB 6.655041341841303 1.2324150633039448
63155.36 lsst_hardware_z 201.7479080717063 45.12426930308717 30.93000030517578 AB 8.906905304950355 1.2200125977011718
63155.3719 lsst_hardware_r 203.79666070826056 27.85807031991331 31.469999313354492 AB 9.029498863070902 1.2360146280896647
63157.3643 lsst_hardware_u 3.3355199066961507 3.211271523309167 28.40999984741211 AB 7.985456353145091 1.2328784334222076
63157.3751 lsst_hardware_r 489.07708701550763 36.49149737237692 31.510000228881836 AB 7.522014936330166 1.2499193978614433
63159.3409 lsst_hardware_g 181.0893861091386 17.60464563229895 31.329999923706055 AB 0.8243014556498689 1.2110207477730726
63159.3526 lsst_hardware_i 699.527922328864 40.64845253641191 31.219999313354492 AB 0.7982992140400271 1.2243852976074034
63161.3414 lsst_hardware_z 778.1699393615614 51.01155109178206 30.93000030517578 AB 3.942408172488529 1.2174188901148315
63161.3517 lsst_hardware_r 1185.185756733914 40.56630557476084 31.459999084472656 AB 3.969387669856059 1.2304999234895464
63163.3383 lsst_hardware_u 1.2984289721912625 2.448628956607721 28.18000030517578 AB 4.383935249392468 1.2201888711951943
63163.3495 lsst_hardware_g 352.167123195797 22.677301332170806 31.299999237060547 AB 4.39069041195153 1.235190475980219
63165.2778 lsst_hardware_r 2179.044061229096 60.84275048153 31.56999969482422 AB 1.664675222516875 1.1890537303691966
63165.2938 lsst_hardware_i 1654.2477756076662 56.41183825118938 31.260000228881836 AB 1.5912861271336731 1.1910824304889072
63166.3354 lsst_hardware_z 1486.9405004435962 57.200684838923785 30.93000030517578 AB 3.7612354723094805 1.226889900720718
63166.3462 lsst_hardware_r 2172.767362159875 51.42989188623436 31.450000762939453 AB 3.803387245580779 1.2427339472571546
63168.3361 lsst_hardware_z 1725.8488738386511 71.35298498741457 30.950000762939453 AB 4.338075210092008 1.2355668499265189
63168.3455 lsst_hardware_r 2888.2214484692463 85.71133520241952 31.59000015258789 AB 4.409455086938772 1.2506727106757938
63170.3332 lsst_hardware_i 2508.1665077478574 80.6895678001451 31.280000686645508 AB 4.250511123948994 1.2394569762682495
63170.3444 lsst_hardware_z 2019.1714832570883 74.35497416238297 30.950000762939453 AB 5.99536445204855 1.2584728068951616
63183.315 lsst_hardware_g 598.7789600110152 26.868979511528018 31.299999237060547 AB 5.084812340317325 1.2702503972812718
63183.326 lsst_hardware_r 3135.063330533646 58.78962395727961 31.43000030517578 AB 5.222557216639425 1.294153690159689
63186.3094 lsst_hardware_i 2537.2202792554926 59.318020149042475 31.219999313354492 AB 6.246468970169 1.2755705473083518
63186.3201 lsst_hardware_z 2249.4032979796843 64.06414552106058 30.93000030517578 AB 6.268543190101201 1.299583951508636
63187.2615 lsst_hardware_i 2509.7923609728346 58.663359965542625 31.219999313354492 AB 4.875261843102153 1.2081934268973984
63187.275 lsst_hardware_z 2158.07093061401 63.024444412254994 30.93000030517578 AB 4.89179979876444 1.22294994969111
63189.2968 lsst_hardware_u -2.7961743108118613 2.5409023172044023 28.209999084472656 AB 7.922517109459289 1.2666400910443554
63189.3088 lsst_hardware_g 356.24878719282543 23.27752771541173 31.290000915527344 AB 8.102479231180332 1.2922614403796384
63193.2955 lsst_hardware_r 2035.6034675937647 49.82794146158386 31.43000030517578 AB 8.32327436399605 1.2868555352438653
63193.3076 lsst_hardware_y 742.1249790542139 54.50091566739176 29.959999084472656 AB 8.427789465573005 1.31615660576372
63195.2975 lsst_hardware_z 1555.35038441466 59.779938660944474 30.920000076293945 AB 8.992500146390004 1.304395147431276
63195.3104 lsst_hardware_r 1735.2770517841911 47.5316452970548 31.420000076293945 AB 9.030946570723797 1.3388105508448296
63197.1636 lsst_hardware_r 1968.454071023722 85.8981755721688 31.610000610351562 AB 4.314211615903562 1.1983921155287671
63197.1769 lsst_hardware_z 1505.7573914927452 68.29514575767915 30.959999084472656 AB 4.2050064410960895 1.191782647452836
63199.291 lsst_hardware_r 1453.1878282181237 93.08083708446922 31.59000015258789 AB 6.519880822391392 1.315597273729556
63199.3031 lsst_hardware_z 1352.5119184541406 72.06099409146648 30.950000762939453 AB 6.040077197703407 1.3494614952698867
63201.2444 lsst_hardware_i 1604.0749807398429 69.1991073090282 31.280000686645508 AB 9.466514749109948 1.2332614316193262
63201.2565 lsst_hardware_z 1216.340891018186 65.46117072777231 30.950000762939453 AB 9.662476548852062 1.2526302445441013
63204.2624 lsst_hardware_g 126.42366480679974 50.144301966886715 31.610000610351562 AB 5.603395206162832 1.2801420720016212
63204.2735 lsst_hardware_r 1049.2975602932584 57.85245477450916 31.559999465942383 AB 5.712984667427034 1.305825066840465
63206.2681 lsst_hardware_i 1290.9412026786401 52.09340050244972 31.239999771118164 AB 6.677032266603879 1.3059784065594207
63206.2796 lsst_hardware_r 841.6130281883901 46.22781492580238 31.520000457763672 AB 6.9424599877111435 1.3366307253968317
63211.1733 lsst_hardware_r 585.5715588006013 33.01953163586236 31.459999084472656 AB 12.049040596863657 1.1929743165211542
63211.1865 lsst_hardware_g 81.07427043236383 15.244046663397311 31.34000015258789 AB 12.124339489164626 1.2004296523925373
63216.1232 lsst_hardware_i 838.7498464468812 42.86769255526528 31.229999542236328 AB 12.041611563588903 1.1924774977109938
63216.1368 lsst_hardware_z 921.8782430816947 52.07813831253497 30.940000534057617 AB 12.125104310979376 1.1892383862953468
63218.1753 lsst_hardware_u 0.6305764031974217 2.4787091817781812 28.209999084472656 AB 4.045828275832799 1.2068093291073971
63218.1856 lsst_hardware_g 50.94157243255351 14.478768305568394 31.31999969482422 AB 4.074885611534231 1.217292191645775
63224.1082 lsst_hardware_z 895.2092478830036 56.58815905402151 30.950000762939453 AB 7.345224328688336 1.190345342808139
63224.1212 lsst_hardware_r 320.6162598863042 54.23972483226851 31.59000015258789 AB 7.325618191932308 1.1891272123905627
63229.1088 lsst_hardware_i 654.4721117791466 67.396440070597 31.299999237060547 AB 8.919089975691438 1.1892119967588584
63229.1212 lsst_hardware_z 672.3863234429703 63.84117254040757 30.959999084472656 AB 8.938978273012173 1.1918637697349566
