data/validation/pwv_sim_epoch_fit_epoch/25601051.ecsv
# %ECSV 0.9
# ---
# datatype:
# - {name: time, datatype: float64}
# - {name: band, datatype: string}
# - {name: flux, datatype: float64}
# - {name: fluxerr, datatype: float64}
# - {name: zp, datatype: float64}
# - {name: zpsys, datatype: string}
# - {name: pwv, datatype: float64}
# - {name: airmass, datatype: float64}
# meta: {SNID: '25601051', alt: 1024.0, c: 0.08516424149274826, dec: 0.0, lat: -30.244573, lon: -70.7499537, ra: 128.847656, t0: 61861.2890625,
#   x0: 8.681649225905692e-06, x1: 0.7247288823127747, z: 0.488289475440979}
# schema: astropy-2.0
time band flux fluxerr zp zpsys pwv airmass
[from data line 132]
62156.1969 lsst_hardware_r -15.19689653902858 24.350000381469727 31.479999542236328 AB 10.359442295960244 1.1715292101885006
62156.2152 lsst_hardware_u 3.710091979118494 2.6600000858306885 28.329999923706055 AB 11.451211531319581 1.1575649766307385
62158.194 lsst_hardware_g 15.944605096410804 14.890000343322754 31.40999984741211 AB 11.391964402571865 1.1686163570458126
62158.2128 lsst_hardware_r -5.880661281206164 24.100000381469727 31.479999542236328 AB 10.989160056940621 1.1567536902042759
62160.193 lsst_hardware_i -8.6046704687426 33.75 31.239999771118164 AB 13.306948880693398 1.1642973865717883
62160.2127 lsst_hardware_z 18.641048693461205 43.40999984741211 30.93000030517578 AB 11.680491727108324 1.1563698373535616
62162.1819 lsst_hardware_r -60.25881360440331 55.47999954223633 31.610000610351562 AB 16.364766670621467 1.1699146890635879
62162.1998 lsst_hardware_z -23.08727575138412 51.77000045776367 30.959999084472656 AB 16.15257477868875 1.1572546589942505
62163.173 lsst_hardware_z 82.85243449834009 59.88999938964844 30.959999084472656 AB 12.801870702057776 1.1778333519236153
62163.1918 lsst_hardware_i -52.44585268056345 61.84000015258789 31.299999237060547 AB 12.726985461333546 1.1594229262397162
62165.178 lsst_hardware_z -35.15011882962037 90.58000183105469 30.989999771118164 AB 11.202974532621052 1.1654994051935275
62165.1959 lsst_hardware_r -109.76916712184651 133.2899932861328 31.639999389648438 AB 11.150896329686752 1.1564320798223233
62167.1791 lsst_hardware_y 111.65589704209745 99.66999816894531 30.780000686645508 AB 11.89338935325868 1.1604438826479346
62169.1415 lsst_hardware_g -16.42957933325173 75.55000305175781 31.670000076293945 AB 8.636296381145645 1.2054851293910402
62169.1593 lsst_hardware_r -48.87718230533644 76.04000091552734 31.6200008392334 AB 8.418512510221456 1.1741573505039298
62171.144 lsst_hardware_i 15.915810469225661 41.7400016784668 31.270000457763672 AB 12.189453672093927 1.1894180637761498
62171.1616 lsst_hardware_z -49.422931609315185 48.56999969482422 30.950000762939453 AB 11.977402530350643 1.1655137965601754
62173.143 lsst_hardware_r 7.7030623383516215 24.190000534057617 31.489999771118164 AB 4.626100334356133 1.1818863958329486
62173.1641 lsst_hardware_u 2.0156501928875468 3.140000104904175 28.549999237060547 AB 4.5391937170807815 1.1596339224425056
62175.1457 lsst_hardware_g 23.70025335019824 14.789999961853027 31.40999984741211 AB 10.065063964503691 1.1707192886752122
62175.1643 lsst_hardware_i -61.04315436515536 31.959999084472656 31.239999771118164 AB 9.943191672053189 1.157250376457381
62177.1392 lsst_hardware_z -69.36213590505206 43.310001373291016 30.940000534057617 AB 4.072355004115854 1.1719569295743262
62177.1581 lsst_hardware_r -2.9620535155439063 24.139999389648438 31.5 AB 4.0229063406387136 1.157476588766024
62183.133 lsst_hardware_z 62.239843752753075 43.529998779296875 30.940000534057617 AB 3.9882932399392153 1.1620618885339464
62183.1518 lsst_hardware_r -11.079967154158645 24.229999542236328 31.489999771118164 AB 4.0213894865991495 1.156541014719947
62185.1245 lsst_hardware_u -5.8977373621455325 2.700000047683716 28.3700008392334 AB 6.362805043359814 1.1644957985651363
62185.1419 lsst_hardware_r -25.678128602152004 23.93000030517578 31.489999771118164 AB 6.406328339270554 1.1563769565470314
62189.0895 lsst_hardware_z 22.77945628153965 47.040000915527344 30.940000534057617 AB 7.404168539364557 1.1998328535674214
62189.1066 lsst_hardware_r 44.01589546199817 35.310001373291016 31.559999465942383 AB 7.174056857872321 1.1717528555120018
62191.0986 lsst_hardware_y 65.1751133967537 73.72000122070312 30.770000457763672 AB 9.063507486556828 1.1749807145106892
62193.087 lsst_hardware_r -2.0588029591122123 111.26000213623047 31.6200008392334 AB 6.776310981640543 1.1841177158039105
62193.1038 lsst_hardware_i -42.14714523559244 90.8499984741211 31.309999465942383 AB 6.64334373053731 1.163525669426816
62195.09 lsst_hardware_z 81.58657353076016 92.43000030517578 30.979999542236328 AB 5.987825381558883 1.172015146126225
62195.1087 lsst_hardware_r 103.45684609917168 136.82000732421875 31.6299991607666 AB 6.1092846441538695 1.1575547618121114
62197.0862 lsst_hardware_z 17.58386556467355 66.44999694824219 30.969999313354492 AB 3.4824776426544837 1.1700563252282956
62197.1043 lsst_hardware_r -29.339757885557834 91.77999877929688 31.6299991607666 AB 3.424226239509788 1.1572241431259844
62198.0881 lsst_hardware_i 157.72858039496654 55.58000183105469 31.299999237060547 AB 6.702227757734894 1.1653008359097443
62198.1067 lsst_hardware_z -0.6650948016056841 55.060001373291016 30.959999084472656 AB 6.6455798895848455 1.156356340627288
62201.0835 lsst_hardware_r 9.250656969898992 23.530000686645508 31.479999542236328 AB 8.35937785689304 1.162316164751535
62201.1021 lsst_hardware_u 0.6178511188208493 2.5999999046325684 28.309999465942383 AB 8.324246096595532 1.1564665318971288
62203.0806 lsst_hardware_g 12.030332224326113 14.460000038146973 31.40999984741211 AB 10.948907613355424 1.160559061569309
62203.1001 lsst_hardware_r 32.183550466752166 23.559999465942383 31.479999542236328 AB 11.93929922678973 1.1571330904041217
62205.0786 lsst_hardware_i 25.878031395552185 31.889999389648438 31.239999771118164 AB 11.596561382769318 1.1586712676993873
62205.0968 lsst_hardware_z 75.40546561533678 43.06999969482422 30.940000534057617 AB 12.932753788419234 1.1578287161926475
62207.0478 lsst_hardware_z -4.7318720105320295 43.34000015258789 30.93000030517578 AB 9.25785712903344 1.1857392898902768
62207.0673 lsst_hardware_r 35.12021574139561 23.700000762939453 31.479999542236328 AB 9.048727348448407 1.1621792124901473
62209.0784 lsst_hardware_r 38.50779138071233 23.690000534057617 31.479999542236328 AB 15.00622851301978 1.1563340299895162
62209.0975 lsst_hardware_i 34.48760032578475 31.809999465942383 31.229999542236328 AB 15.25835782325322 1.1652938615589752
62212.0428 lsst_hardware_r 47.861556158774654 23.790000915527344 31.479999542236328 AB 9.524892803550394 1.1729802411933727
62212.0619 lsst_hardware_u -2.811066045019527 2.700000047683716 28.3799991607666 AB 9.476795858375045 1.15768334453642
62215.0405 lsst_hardware_g 11.537700768006811 14.829999923706055 31.420000076293945 AB 5.658658249686953 1.166412996362571
62215.0603 lsst_hardware_r 21.330423998111616 23.75 31.5 AB 4.403004751132905 1.1563524690009943
62217.0346 lsst_hardware_i 6.306543971077509 34.380001068115234 31.260000228881836 AB 6.057475863118506 1.1668439443531216
62217.0543 lsst_hardware_z -42.59314515976808 44.2400016784668 30.950000762939453 AB 4.526961832015193 1.156385933205227
62219.0385 lsst_hardware_r -33.34995048630785 46.970001220703125 31.600000381469727 AB 5.483850881955083 1.1596216709568794
62219.0589 lsst_hardware_g -12.615331657226863 42.880001068115234 31.65999984741211 AB 4.909714199058982 1.157951462042248
62221.0335 lsst_hardware_r -33.06872850376969 85.97000122070312 31.6299991607666 AB 8.64195968360667 1.15937210673555
62221.0523 lsst_hardware_i -41.70122192235097 73.44999694824219 31.31999969482422 AB 8.15313733010154 1.1575406161853241
62223.0251 lsst_hardware_z 103.10438152981456 73.19999694824219 30.979999542236328 AB 8.095414302899814 1.1611322867039147
62223.0438 lsst_hardware_i -117.24778872753859 82.76000213623047 31.31999969482422 AB 8.14921180018325 1.1567369482162173
62225.0347 lsst_hardware_z -92.02525063765123 94.93000030517578 31.729999542236328 AB 6.9025344752909055 1.1563325567272726
62227.0216 lsst_hardware_r -56.45242398655099 54.599998474121094 31.600000381469727 AB 4.177656842097288 1.1574594132148528
62227.0405 lsst_hardware_i 53.80511754368912 53.38999938964844 31.290000915527344 AB 4.171320185374228 1.1595589840736362
62232.9858 lsst_hardware_y 33.8361340135268 52.72999954223633 30.010000228881836 AB 13.254810889735488 1.1725511103996742
62233.0047 lsst_hardware_i -3.969212647673995 32.0099983215332 31.239999771118164 AB 12.378556901632237 1.1576318060069426
62236.983 lsst_hardware_y 11.256023071192875 51.33000183105469 30.010000228881836 AB 3.4548588310788357 1.1640686781677954
62237.0005 lsst_hardware_g -1.4970005160629427 14.789999961853027 31.40999984741211 AB 2.0282196872236082 1.156339616433072
62242.976 lsst_hardware_z -39.8339780071967 50.59000015258789 30.959999084472656 AB 16.595287539257146 1.1581609002203326
62242.9943 lsst_hardware_u -3.2962423908399296 2.8299999237060547 28.450000762939453 AB 16.570533116936954 1.1583330269432703
62244.9742 lsst_hardware_y 29.766531068460576 56.33000183105469 30.030000686645508 AB 10.666246951598884 1.1569643263055827
62244.9913 lsst_hardware_r -34.35408856970486 25.6299991607666 31.520000457763672 AB 10.821138707732542 1.1595319542521565
62246.9722 lsst_hardware_y -80.18812588765493 56.47999954223633 30.020000457763672 AB 8.330514115781446 1.1564001733958549
62246.9901 lsst_hardware_z 26.244168760039834 46.5099983215332 30.950000762939453 AB 8.390462476186205 1.162274896271811
