data/validation/pwv_sim_epoch_fit_epoch/25955780.ecsv
# %ECSV 0.9
# ---
# datatype:
# - {name: time, datatype: float64}
# - {name: band, datatype: string}
# - {name: flux, datatype: float64}
# - {name: fluxerr, datatype: float64}
# - {name: zp, datatype: float64}
# - {name: zpsys, datatype: string}
# - {name: pwv, datatype: float64}
# - {name: airmass, datatype: float64}
# meta: {SNID: '25955780', alt: 1024.0, c: -0.07735183835029602, dec: -22.185358, lat: -30.244573, lon: -70.7499537, ra: 333.984375, t0: 60435.96484375,
#   x0: 2.172197689627383e-05, x1: -0.013594018295407295, z: 0.3310183882713318}
# schema: astropy-2.0
time band flux fluxerr zp zpsys pwv airmass
[from data line 132]
60882.2544 lsst_hardware_z 39.736670556029466 41.40999984741211 30.950000762939453 AB 10.885955049005851 1.0211965336778472
60882.2738 lsst_hardware_i 25.0926368807688 31.040000915527344 31.260000228881836 AB 10.741864757434342 1.0109673193720363
60889.2429 lsst_hardware_z -38.600973062264366 59.2599983215332 31.709999084472656 AB 1.8111521000014739 1.0156942331067242
60893.2259 lsst_hardware_i 22.97704668688872 58.790000915527344 31.329999923706055 AB 2.279802423412822 1.0199317407060233
60893.2366 lsst_hardware_z -75.66786320870453 55.380001068115234 30.979999542236328 AB 2.306771469272511 1.0132973728409889
60895.2443 lsst_hardware_i -39.89501273074025 102.31999969482422 31.350000381469727 AB 3.131942783136524 1.010304123592427
60895.264 lsst_hardware_z -89.12293075107858 86.19999694824219 31.0 AB 3.1320069476351016 1.0163628916850433
60898.2302 lsst_hardware_z 85.74935102702418 119.0199966430664 31.75 AB 6.504790993127518 1.0109502657298115
60900.2159 lsst_hardware_r 1.701358247987151 63.869998931884766 31.65999984741211 AB 3.572046023123803 1.0140415953605162
60900.2345 lsst_hardware_i -37.31028409639107 55.58000183105469 31.329999923706055 AB 3.5603031550983495 1.0104928538595126
60903.206 lsst_hardware_z -13.358295107062075 41.439998626708984 30.959999084472656 AB 4.936139119116152 1.0149355647406502
60903.2243 lsst_hardware_u -1.6654396993437164 3.0799999237060547 28.579999923706055 AB 4.494219624805333 1.0103343168224206
60905.2027 lsst_hardware_g 15.453825058888071 15.84000015258789 31.5 AB 3.206717914133739 1.0138216611235342
60905.222 lsst_hardware_r 11.482465093684507 24.600000381469727 31.530000686645508 AB 2.5434512617899516 1.010642885479451
60911.2076 lsst_hardware_g 11.67494085171647 15.630000114440918 31.469999313354492 AB 3.013459288307254 1.0110017742028363
60911.2268 lsst_hardware_r -45.71598079620125 24.469999313354492 31.520000457763672 AB 2.623542919710508 1.021164937934677
60931.1251 lsst_hardware_i -38.10001461483537 31.079999923706055 31.260000228881836 AB 3.6739620330019367 1.0177180146819769
60931.1426 lsst_hardware_z -11.862703635343898 41.18000030517578 30.950000762939453 AB 3.6463563987408274 1.0105375700898367
60933.1197 lsst_hardware_r 42.39417376609354 24.030000686645508 31.520000457763672 AB 1.0234423206070016 1.0176754928145961
60933.1373 lsst_hardware_g -24.929999077124513 15.260000228881836 31.479999542236328 AB 1.3719466390207553 1.0105180253037727
60935.0983 lsst_hardware_u -3.521572445384756 2.7200000286102295 28.420000076293945 AB 1.299186672885241 1.0331504356931784
60935.1165 lsst_hardware_r -19.299093530401596 23.700000762939453 31.510000228881836 AB 1.1389723895064372 1.0161835445410592
60937.1107 lsst_hardware_i -7.153731099369149 30.850000381469727 31.25 AB 5.647097965637858 1.0163963221091215
60937.1305 lsst_hardware_z 52.417664136144026 41.040000915527344 30.950000762939453 AB 7.497716672759441 1.0103037456977517
60939.0944 lsst_hardware_r 29.930503480656174 23.809999465942383 31.510000228881836 AB 3.764705535003128 1.0252466053930087
60939.1137 lsst_hardware_u -0.7924185810340243 2.7899999618530273 28.479999542236328 AB 3.887947771008718 1.0122227990132713
60942.0956 lsst_hardware_g -48.458940494058865 15.069999694824219 31.459999084472656 AB 3.7393471501424984 1.0173479448094116
60942.1139 lsst_hardware_r -16.078425415860252 23.799999237060547 31.510000228881836 AB 3.7115370983115805 1.0104002989958931
60942.9827 lsst_hardware_y -55.40509496143005 79.12999725341797 29.950000762939453 AB 6.122647588149853 1.365392511759863
60942.9998 lsst_hardware_i 55.70947762389818 33.40999984741211 31.219999313354492 AB 5.624921442783308 1.2618533110258836
60949.0755 lsst_hardware_z -34.686457439438286 48.220001220703125 30.969999313354492 AB 5.81655266523015 1.0180366964610028
60949.0946 lsst_hardware_r 34.82396447813924 48.619998931884766 31.639999389648438 AB 6.391047243549921 1.0104156270269764
60951.0736 lsst_hardware_i -12.244045821456295 77.97000122070312 31.34000015258789 AB 3.0303498852851107 1.0157029949005334
60951.0919 lsst_hardware_z -150.65038075676452 70.19999694824219 30.989999771118164 AB 3.556254572724729 1.0102995945241895
60954.0613 lsst_hardware_r -215.5859645583213 112.95999908447266 31.670000076293945 AB 3.860539255548251 1.0184327969262006
60954.0799 lsst_hardware_z 44.351006808003994 78.55999755859375 31.0 AB 3.829801474659141 1.010523927437052
60960.0413 lsst_hardware_z -29.43679841097494 41.25 30.950000762939453 AB 6.272864157986501 1.0213064405709054
60960.059 lsst_hardware_r 17.687722998483615 24.010000228881836 31.520000457763672 AB 5.452714784226255 1.0114008410342188
60962.0448 lsst_hardware_u -2.0853976587422114 2.759999990463257 28.459999084472656 AB 7.307937982691062 1.0149913864848696
60962.0612 lsst_hardware_r 1.9299860723252276 23.950000762939453 31.520000457763672 AB 7.27419066736338 1.010304259356025
60964.0443 lsst_hardware_i -35.84217518744981 31.020000457763672 31.260000228881836 AB 8.341158417691135 1.0126451885020704
60964.0612 lsst_hardware_z -39.00520318721062 41.040000915527344 30.950000762939453 AB 8.311541652827348 1.0106856211131814
60965.0009 lsst_hardware_y 18.44981644713727 52.88999938964844 30.049999237060547 AB 7.45887268731574 1.0569716379843281
60965.0201 lsst_hardware_g -0.7514885869013896 15.039999961853027 31.459999084472656 AB 7.264346808462962 1.028750020080699
60966.0266 lsst_hardware_r -51.65789041881732 23.700000762939453 31.510000228881836 AB 5.390922026535166 1.0199133555909377
60966.0453 lsst_hardware_u 2.8308702983553573 2.690000057220459 28.40999984741211 AB 6.079621017632683 1.0107993268065867
60971.0075 lsst_hardware_i -39.57348519954885 32.880001068115234 31.270000457763672 AB 4.000705582394978 1.0247708971298612
60971.017 lsst_hardware_z -28.48559829784643 41.56999969482422 30.950000762939453 AB 4.036286090890224 1.0169529077577575
60973.0133 lsst_hardware_y 9.322250181407448 47.439998626708984 30.059999465942383 AB 3.6606579859099853 1.0158383051804876
60973.0313 lsst_hardware_r -26.812127696557 24.170000076293945 31.520000457763672 AB 3.646177009947894 1.0103011942221638
60980.0013 lsst_hardware_y 96.41519886358908 72.87999725341797 30.079999923706055 AB 4.241544232859646 1.0123822657792139
60980.0216 lsst_hardware_z 74.95053858464603 64.01000213623047 30.989999771118164 AB 4.241827355367926 1.0116047590209292
