data/validation/pwv_sim_epoch_fit_epoch/25982980.ecsv
# %ECSV 0.9
# ---
# datatype:
# - {name: time, datatype: float64}
# - {name: band, datatype: string}
# - {name: flux, datatype: float64}
# - {name: fluxerr, datatype: float64}
# - {name: zp, datatype: float64}
# - {name: zpsys, datatype: string}
# - {name: pwv, datatype: float64}
# - {name: airmass, datatype: float64}
# meta: {SNID: '25982980', alt: 1024.0, c: -0.13371646404266357, dec: -53.572231, lat: -30.244573, lon: -70.7499537, ra: 249.107147, t0: 60891.109375,
#   x0: 5.168612112840309e-06, x1: 0.34203439950942993, z: 0.604272723197937}
# schema: astropy-2.0
time band flux fluxerr zp zpsys pwv airmass
[from data line 132]
61166.2898 lsst_hardware_z 10.30825683805725 60.79999923706055 30.979999542236328 AB 2.8933387852681394 1.0955466812829002
61168.2762 lsst_hardware_z 44.76289824127431 48.029998779296875 30.959999084472656 AB 10.154890448219815 1.0919237041096574
61168.2887 lsst_hardware_i 20.077285209814022 43.7599983215332 31.290000915527344 AB 10.212894402520563 1.0981606884430712
61170.2697 lsst_hardware_z 50.13594526559806 43.20000076293945 30.950000762939453 AB 7.7502075909581585 1.0915785339377688
61170.2817 lsst_hardware_r 14.725521242107781 29.709999084472656 31.549999237060547 AB 7.790013483565146 1.097184997685232
61175.0891 lsst_hardware_u 2.774464472166678 2.450000047683716 28.110000610351562 AB 9.413602217576523 1.4371546094362997
61175.0981 lsst_hardware_g -8.546656515477052 13.989999771118164 31.309999465942383 AB 9.267968371557675 1.3902821483679244
61177.2906 lsst_hardware_z -39.857425539728766 42.09000015258789 30.93000030517578 AB 7.223554725863225 1.124449100524831
61178.2731 lsst_hardware_u -0.42584396845051237 2.559999942779541 28.309999465942383 AB 8.828465769040553 1.1075384373894375
61178.2854 lsst_hardware_r -20.034078985211707 22.93000030517578 31.469999313354492 AB 8.915337193001056 1.1212145121047672
61185.2125 lsst_hardware_r 2.5045742448623027 37.529998779296875 31.59000015258789 AB 5.99268075613301 1.089578319296911
61185.2239 lsst_hardware_z 52.3790469098445 45.27000045776367 30.950000762939453 AB 6.056351962739105 1.0903178041417014
61187.2108 lsst_hardware_r 24.185653353684867 60.66999816894531 31.6299991607666 AB 5.428859386229822 1.0894760959723153
61187.2245 lsst_hardware_y 52.32626370545431 50.790000915527344 30.030000686645508 AB 5.360953679391585 1.0919921943356485
61194.0428 lsst_hardware_r 14.849521105540427 90.25 31.559999465942383 AB 12.555591525613494 1.4075380763558505
61194.0543 lsst_hardware_z -29.117895250051035 71.75 30.950000762939453 AB 12.111130911784425 1.3523301690851603
61196.2091 lsst_hardware_z 10.44818677358947 51.18000030517578 30.959999084472656 AB 8.921707539987034 1.096234876204096
61196.2208 lsst_hardware_r 45.03406554926751 56.81999969482422 31.6200008392334 AB 9.00945410511666 1.1046751194086595
61198.1964 lsst_hardware_z 91.68749623202025 44.77000045776367 30.950000762939453 AB 4.8866380933299025 1.0927187149664361
61198.2072 lsst_hardware_g 72.55521416607166 34.029998779296875 31.639999389648438 AB 4.939872214278774 1.0984409919457547
61223.1048 lsst_hardware_i 6.192880683060884 68.11000061035156 31.31999969482422 AB 9.545736803116666 1.0900692934928375
61223.118 lsst_hardware_z 23.23843681769928 62.189998626708984 30.979999542236328 AB 9.57615474652411 1.0899540639124472
61225.1058 lsst_hardware_r -39.250084377519066 49.900001525878906 31.6200008392334 AB 9.683643026424827 1.0894881474334088
61225.1167 lsst_hardware_g -47.0105012199265 53.849998474121094 31.690000534057617 AB 9.627871198983003 1.090791502745502
61231.1053 lsst_hardware_r -1.0992933473940603 22.799999237060547 31.489999771118164 AB 9.510346423140353 1.0923480711137892
61231.1174 lsst_hardware_i 53.71585845134744 30.959999084472656 31.25 AB 9.492757767025072 1.0986564291915906
61233.1032 lsst_hardware_z 0.39765196497843003 41.88999938964844 30.940000534057617 AB 7.905547197735372 1.0937392359900457
61233.1157 lsst_hardware_i -68.18297576597095 30.899999618530273 31.239999771118164 AB 7.960621371407593 1.101358795158865
61235.1044 lsst_hardware_u -2.2282116236943947 2.619999885559082 28.3700008392334 AB 8.235362614805345 1.0973168041046428
61235.1169 lsst_hardware_g 9.621762933974393 13.760000228881836 31.399999618530273 AB 8.308215494570366 1.1070240499094426
61237.0473 lsst_hardware_u 2.639643717586275 2.5899999141693115 28.34000015258789 AB 4.259436394095038 1.097840043153496
61237.0588 lsst_hardware_g -2.3776171862223516 13.630000114440918 31.389999389648438 AB 4.248322475064055 1.092113746803099
61238.0449 lsst_hardware_r -18.52165501390137 22.520000457763672 31.469999313354492 AB 1.7805391519953435 1.0976302180184345
61238.0563 lsst_hardware_i -29.914165127263004 30.579999923706055 31.239999771118164 AB 1.7669086233248 1.0920325236865265
61246.0822 lsst_hardware_z -40.01726029482737 64.23999786376953 30.979999542236328 AB 5.18383098934987 1.1029427636914617
61246.094 lsst_hardware_i -68.65055912723133 71.0199966430664 31.31999969482422 AB 5.944592176305882 1.1143672652180432
61248.0273 lsst_hardware_z 70.20381845530449 69.83000183105469 30.979999542236328 AB 4.891860549215922 1.0926648535215373
61248.0394 lsst_hardware_r 20.880545370794977 98.0999984741211 31.639999389648438 AB 4.9755458253565985 1.0896946617075336
61249.0293 lsst_hardware_y 151.57216964002185 81.55000305175781 30.790000915527344 AB 4.909863964328926 1.0910808809619834
61251.0253 lsst_hardware_r 68.5433837194057 90.43000030517578 31.639999389648438 AB 5.591212088575628 1.0907021874812248
61251.0369 lsst_hardware_i 38.67516562161302 71.83000183105469 31.31999969482422 AB 5.561655211592998 1.0895236799516126
61253.0293 lsst_hardware_z -67.65378525475109 49.2400016784668 30.959999084472656 AB 4.002540292792813 1.0894971875584383
61253.0408 lsst_hardware_r 33.74772881618632 51.029998779296875 31.610000610351562 AB 3.9523976167528003 1.0909435629909972
61256.0273 lsst_hardware_u -2.650257919844966 2.5199999809265137 28.290000915527344 AB 0.46101891103998344 1.0898792223167457
61256.0393 lsst_hardware_r -26.394803364327036 22.5 31.469999313354492 AB 0.42910535823674106 1.093262059201888
61258.0238 lsst_hardware_i 3.1536566931531715 30.670000076293945 31.229999542236328 AB 1.2602635649991325 1.0901933953279692
61258.0354 lsst_hardware_z 4.280712156304408 41.849998474121094 30.940000534057617 AB 1.316034368490312 1.0939604060601096
61260.008 lsst_hardware_z -9.191966685306502 41.709999084472656 30.950000762939453 AB 4.235396233191349 1.0895844187775197
61260.0197 lsst_hardware_r -14.581927365406743 22.700000762939453 31.489999771118164 AB 4.246639100971147 1.0904662589158127
61266.0061 lsst_hardware_z -43.583770962861 41.68000030517578 30.950000762939453 AB 3.3878863037326608 1.091165270406139
61266.0161 lsst_hardware_r 39.804632356959466 22.729999542236328 31.489999771118164 AB 3.3983120711621306 1.095228684910178
61268.0071 lsst_hardware_u 2.554661409470012 2.700000047683716 28.389999389648438 AB 6.356125074123417 1.0935112168926755
61268.0179 lsst_hardware_r 15.02762374721806 23.049999237060547 31.479999542236328 AB 6.396911769341412 1.0997240943253337
61270.0062 lsst_hardware_i -19.631410966345303 32.54999923706055 31.260000228881836 AB 2.5874175063080074 1.0957829566153552
61270.0178 lsst_hardware_z -26.47348894113057 42.869998931884766 30.950000762939453 AB 2.626985230459338 1.1038912618801715
61274.006 lsst_hardware_i 49.53677953070944 52.779998779296875 31.309999465942383 AB 3.3363224993429204 1.1031596492922695
61274.0175 lsst_hardware_z -21.803516609444536 55.47999954223633 30.969999313354492 AB 3.3437202972569877 1.1143258044624487
61276.0079 lsst_hardware_r -86.14826950633731 76.19999694824219 31.639999389648438 AB 3.3117919134428617 1.1099118293390589
61276.0193 lsst_hardware_z -38.440287219771754 60.41999816894531 30.969999313354492 AB 3.351828023980881 1.1231726644821585
