data/validation/pwv_sim_epoch_fit_epoch/26140599.ecsv
# %ECSV 0.9
# ---
# datatype:
# - {name: time, datatype: float64}
# - {name: band, datatype: string}
# - {name: flux, datatype: float64}
# - {name: fluxerr, datatype: float64}
# - {name: zp, datatype: float64}
# - {name: zpsys, datatype: string}
# - {name: pwv, datatype: float64}
# - {name: airmass, datatype: float64}
# meta: {SNID: '26140599', alt: 1024.0, c: -0.10200858861207962, dec: -18.681826, lat: -30.244573, lon: -70.7499537, ra: 325.898438, t0: 59833.421875,
#   x0: 5.788196958502352e-06, x1: 0.871675968170166, z: 0.5769176483154297}
# schema: astropy-2.0
time band flux fluxerr zp zpsys pwv airmass
59845.0721 lsst_hardware_z 1179.212356179624 52.45765512870943 30.950000762939453 AB 1.4167528308210522 1.0319918641406232
59845.0916 lsst_hardware_i 1257.0448619460708 47.80387382053622 31.260000228881836 AB 1.3281524006548362 1.0216556928114124
59849.0605 lsst_hardware_u 3.321611577751163 2.6830259673372794 28.3799991607666 AB 2.89125142667122 1.0325897952397216
59849.0795 lsst_hardware_g 219.26582723456588 21.049097815364917 31.450000762939453 AB 2.8613442244374268 1.0219086515847953
59854.0759 lsst_hardware_z 3137.520882787587 101.83900416990794 32.459999084472656 AB 4.938046170286259 1.0212597425751013
59857.0654 lsst_hardware_z 717.1333833175804 70.0985924357269 30.989999771118164 AB 2.8914304319930193 1.0211055086496086
59857.0848 lsst_hardware_r 736.8721952786008 86.19467110366644 31.65999984741211 AB 3.6388070177794956 1.0280567927049518
59861.0378 lsst_hardware_z 661.0757027137914 74.49816713784112 31.0 AB 3.9399917942849862 1.0253719698854877
59861.0565 lsst_hardware_i 602.8148582620848 85.3835988402533 31.34000015258789 AB 3.384356939795507 1.021230217198403
59868.0158 lsst_hardware_z 1164.94570766574 67.87456907334662 31.709999084472656 AB 8.015915187953272 1.027077916346597
59872.0088 lsst_hardware_y 224.9853018027162 49.95621756303616 30.059999465942383 AB 3.0642388347291676 1.0248290417154406
59872.0268 lsst_hardware_i 386.4543880618457 37.09170786354375 31.270000457763672 AB 3.0480468413865673 1.0212637748607793
59874.0091 lsst_hardware_y 157.15666361592199 50.88874325402972 30.059999465942383 AB 4.280471337866778 1.0224869825304828
59874.0261 lsst_hardware_i 380.37603553047654 36.669267084287284 31.270000457763672 AB 4.28881546565279 1.0221605876431672
59875.9973 lsst_hardware_y 182.4572768312152 75.2373062850911 30.06999969482422 AB 3.7309471810844963 1.0251263033614997
59876.0142 lsst_hardware_g 66.11375075955868 17.447785986241676 31.5 AB 2.9362608856174375 1.021130546206725
59877.998 lsst_hardware_y 153.32050326519496 78.76600988577911 30.079999923706055 AB 3.6376925405714027 1.022541824475447
59878.0154 lsst_hardware_i 299.97003473748 36.60305578336388 31.270000457763672 AB 3.8784766058561857 1.022220937190297
59879.9997 lsst_hardware_z 438.913580499103 67.67623254475895 31.0 AB 4.275961882040811 1.0211658689796554
59880.0176 lsst_hardware_u 2.9804808078526164 3.5431607075947973 28.700000762939453 AB 3.6536513061553264 1.0253464844215134
60095.4041 lsst_hardware_r -127.39007812691895 87.76000213623047 31.65999984741211 AB 7.564079561280685 1.022172913686579
60095.4243 lsst_hardware_y -180.9034055517254 131.80999755859375 30.09000015258789 AB 7.403298618576079 1.023662611745131
60100.3732 lsst_hardware_i -168.2415811177127 97.54000091552734 31.34000015258789 AB 5.397060688118759 1.0319427701947914
60100.3938 lsst_hardware_z 2.4792833055919865 120.88999938964844 31.010000228881836 AB 4.698729162674815 1.0214628614510468
60111.3582 lsst_hardware_g 265.48975356825963 97.66000366210938 31.739999771118164 AB 6.795860393343077 1.0228567720263273
60111.3801 lsst_hardware_r -127.49312310744614 87.7699966430664 31.65999984741211 AB 7.164173624186533 1.0234533748837904
60121.3392 lsst_hardware_g -161.1913518773369 97.66000366210938 31.739999771118164 AB 5.56570660101118 1.021168112227603
60121.3583 lsst_hardware_r 26.492851469650514 87.7699966430664 31.65999984741211 AB 5.551431411199514 1.0261742033702963
60123.3344 lsst_hardware_i -67.36458330206617 97.79000091552734 31.350000381469727 AB 5.191447070596091 1.0211343569229445
60123.3549 lsst_hardware_z -36.53065094498047 120.88999938964844 31.010000228881836 AB 5.208977996797571 1.0274624975191224
60125.3297 lsst_hardware_i 6.494605650072063 97.66999816894531 31.350000381469727 AB 3.58462014698692 1.0211138433234805
60125.349 lsst_hardware_z 308.9030508431973 120.8499984741211 31.010000228881836 AB 3.667358870134404 1.0271754841193108
60130.2705 lsst_hardware_r 93.93828555423363 87.36000061035156 31.649999618530273 AB 4.16001592519588 1.0579673858715812
60130.2903 lsst_hardware_i 195.13548850778025 97.56999969482422 31.34000015258789 AB 4.160152795483868 1.0328299068130011
60137.2702 lsst_hardware_i -35.139763611409315 97.58999633789062 31.34000015258789 AB 7.840067424365406 1.0337414470100525
60137.2928 lsst_hardware_z 22.213489369083284 120.91999816894531 31.010000228881836 AB 7.898906300934005 1.0214653333823076
60143.2767 lsst_hardware_r -48.85781621996922 87.76000213623047 31.65999984741211 AB 1.9149994559704762 1.0214238364141575
60143.2952 lsst_hardware_i -119.75541627140292 97.62999725341797 31.34000015258789 AB 1.8441839797210775 1.0245466554005986
60145.2548 lsst_hardware_z 52.02168832858982 170.88999938964844 31.760000228881836 AB 2.92383401804024 1.0284326479212944
60145.2771 lsst_hardware_u -6.234321032244089 47.810001373291016 30.299999237060547 AB 2.884252097159441 1.021154929070434
60148.269 lsst_hardware_g 138.13193636016797 97.62000274658203 31.739999771118164 AB 5.243145895101579 1.0211599756746672
60148.288 lsst_hardware_r -41.58132812880188 87.66000366210938 31.65999984741211 AB 5.258684271466484 1.0283923479938368
60159.1989 lsst_hardware_z -83.50770449399518 120.62000274658203 31.0 AB 2.321362958874181 1.0466018750559878
60159.2213 lsst_hardware_r -35.1952030418351 87.61000061035156 31.65999984741211 AB 2.2765366262708957 1.0254669487706736
60161.2218 lsst_hardware_r 57.36087813667643 87.6500015258789 31.65999984741211 AB 1.0556822729961264 1.0228240503777413
60161.2432 lsst_hardware_i 0.1826009267055698 97.56999969482422 31.34000015258789 AB 1.0627014628207403 1.0233042492260152
60163.2164 lsst_hardware_z -157.8471007709651 170.9600067138672 31.760000228881836 AB 3.2163759588514815 1.0228034637009162
60166.1985 lsst_hardware_g -33.26326530840901 97.5 31.739999771118164 AB 4.265024769299788 1.0277168118795696
60166.2197 lsst_hardware_r -6.1572957959823365 87.72000122070312 31.65999984741211 AB 4.773377079198014 1.0211524396615712
60175.1148 lsst_hardware_z 143.81605386011606 120.0199966430664 30.989999771118164 AB 2.4755267177339677 1.1358232244707354
60175.132 lsst_hardware_i -74.58061318993872 97.06999969482422 31.329999923706055 AB 2.0329060486027983 1.088862372042206
60177.1982 lsst_hardware_u -49.01005079971859 33.779998779296875 29.540000915527344 AB 1.7674431155071764 1.022825877029616
60177.2177 lsst_hardware_g 42.96445343036523 97.33000183105469 31.729999542236328 AB 1.5096546963598265 1.0360798602412307
60180.1689 lsst_hardware_r 81.29638407064105 87.70999908447266 31.65999984741211 AB 3.0419482662761124 1.0231914787339766
60180.1868 lsst_hardware_i -58.576063684749975 97.66999816894531 31.350000381469727 AB 3.0492826405671574 1.0219060989975672
60182.1488 lsst_hardware_z 141.58922501763143 170.8000030517578 31.760000228881836 AB 2.2520273942650997 1.032408646515174
60184.1416 lsst_hardware_z 45.07407651127476 120.7300033569336 31.010000228881836 AB 4.0326194069498245 1.0340049761409806
60184.1591 lsst_hardware_r -102.9046509644851 87.66000366210938 31.65999984741211 AB 3.9888856847833876 1.0227912012265097
60194.1546 lsst_hardware_u -16.288795889186638 33.689998626708984 29.540000915527344 AB 2.0885466277171534 1.023922847269103
60194.179 lsst_hardware_g 80.28380263545283 96.94999694824219 31.729999542236328 AB 2.3958554598976405 1.0450841700753066
60196.1016 lsst_hardware_i 4.96525659896988 97.41000366210938 31.34000015258789 AB 2.634423024721753 1.0418229731301423
60196.1197 lsst_hardware_z 259.5150126436214 120.83000183105469 31.010000228881836 AB 2.5760948412825906 1.0257876989444878
60207.2072 lsst_hardware_r 125.71754778206105 85.38999938964844 31.600000381469727 AB 7.578935075659861 1.2207352944607974
60207.2288 lsst_hardware_u 9.716092421531886 28.920000076293945 29.209999084472656 AB 7.789320673490959 1.3385245744342829
60209.0791 lsst_hardware_g -186.05716737299056 97.5999984741211 31.739999771118164 AB 2.5980365674439416 1.0291291611977111
60209.1017 lsst_hardware_r 55.48241244263536 87.75 31.65999984741211 AB 3.318322123861327 1.02112692292372
60211.0661 lsst_hardware_i 118.73445202848627 97.41999816894531 31.34000015258789 AB 3.1101796327464166 1.0357483374856247
60211.083 lsst_hardware_z 89.62210149241024 120.80999755859375 31.010000228881836 AB 3.0842082100406882 1.0236902837995314
60218.0613 lsst_hardware_r -45.70522152500451 87.62000274658203 31.65999984741211 AB 5.860998866720701 1.024889053401848
60218.0819 lsst_hardware_i 14.73176212705895 97.63999938964844 31.350000381469727 AB 5.835729839789252 1.0216613865177262
60221.019 lsst_hardware_z 20.704479818688263 120.62000274658203 31.0 AB 2.58828051127413 1.0631671847501047
60221.0312 lsst_hardware_i -110.84065657983417 97.61000061035156 31.34000015258789 AB 2.5494550060333054 1.0445018802458061
60223.0425 lsst_hardware_r 184.64537898442936 87.6500015258789 31.65999984741211 AB 3.9059207983612385 1.0279640665921603
60223.0616 lsst_hardware_u 20.35751894772182 33.83000183105469 29.549999237060547 AB 3.872284794027222 1.0211272695540792
60229.0295 lsst_hardware_r 39.331895693226734 87.69999694824219 31.65999984741211 AB 6.218634409597342 1.025838734674481
60229.0488 lsst_hardware_g 207.16140750135438 97.62000274658203 31.739999771118164 AB 5.460167738561584 1.0212283800302213
60236.0098 lsst_hardware_y -58.204138636484956 131.85000610351562 30.09000015258789 AB 4.165939634226139 1.0261777570143509
60236.029 lsst_hardware_z -138.63271655538315 120.94000244140625 31.010000228881836 AB 4.150224340544927 1.021174740343226
60238.0094 lsst_hardware_y 0.1071772501265992 131.8000030517578 30.09000015258789 AB 3.388919155356213 1.0236364746343776
60238.0274 lsst_hardware_z 64.29388695316052 120.91999816894531 31.010000228881836 AB 3.39351608896428 1.0216817970688785
60242.0052 lsst_hardware_z 152.986125718154 170.99000549316406 31.760000228881836 AB 3.6865950482728427 1.0216183770009664
