data/validation/pwv_sim_epoch_fit_epoch/26217266.ecsv
# %ECSV 0.9
# ---
# datatype:
# - {name: time, datatype: float64}
# - {name: band, datatype: string}
# - {name: flux, datatype: float64}
# - {name: fluxerr, datatype: float64}
# - {name: zp, datatype: float64}
# - {name: zpsys, datatype: string}
# - {name: pwv, datatype: float64}
# - {name: airmass, datatype: float64}
# meta: {SNID: '26217266', alt: 1024.0, c: -0.0073943231254816055, dec: -0.447628, lat: -30.244573, lon: -70.7499537, ra: 210.234375,
#   t0: 61533.08203125, x0: 9.414858536078716e-06, x1: -0.43804001808166504, z: 0.47202351689338684}
# schema: astropy-2.0
time band flux fluxerr zp zpsys pwv airmass
[from data line 132]
61865.2494 lsst_hardware_g 6.531216306164059 15.09000015258789 31.399999618530273 AB 8.079477110165572 1.1511413055896997
61865.2683 lsst_hardware_r 4.287555047622143 24.540000915527344 31.479999542236328 AB 8.104215915380589 1.1629507197044757
61867.2419 lsst_hardware_i 33.415997071465306 55.150001525878906 31.299999237060547 AB 9.983605099668045 1.1508478501058095
61867.2615 lsst_hardware_z 35.48662575637033 55.279998779296875 30.959999084472656 AB 9.292515316340799 1.1615644145425998
61873.1498 lsst_hardware_i 106.11235379116751 77.95999908447266 31.290000915527344 AB 10.935037432790436 1.2855927225774588
61873.1698 lsst_hardware_r -45.7199392517944 92.30000305175781 31.610000610351562 AB 12.079443098287149 1.2191195725773405
61875.2366 lsst_hardware_z -7.5316201643098895 71.91000366210938 31.709999084472656 AB 11.666764397476543 1.1587198964586383
61877.2252 lsst_hardware_r -19.072421202349595 34.29999923706055 31.56999969482422 AB 15.393363403874602 1.1544445330639062
61877.2438 lsst_hardware_i -96.80788776557952 37.45000076293945 31.260000228881836 AB 15.639385116436886 1.17342325303398
61879.2008 lsst_hardware_z -9.74157681625094 43.290000915527344 30.940000534057617 AB 10.454930968736647 1.1516143601626532
61879.2171 lsst_hardware_r 5.1691057658653685 24.860000610351562 31.489999771118164 AB 10.362340396592565 1.1530687285829209
61882.199 lsst_hardware_g 4.46329314931165 15.65999984741211 31.440000534057617 AB 10.580528690117756 1.150745411943853
61882.2189 lsst_hardware_r 14.495577910491871 24.940000534057617 31.489999771118164 AB 9.681189421929288 1.1599795616977195
61884.191 lsst_hardware_i 36.10470833758171 32.43000030517578 31.229999542236328 AB 9.10471742756863 1.1508691209769266
61884.2086 lsst_hardware_r 11.871067781804166 24.809999465942383 31.489999771118164 AB 9.359989000488099 1.1560537269793094
61886.1893 lsst_hardware_u 0.4723583937572243 2.799999952316284 28.420000076293945 AB 7.38280705649111 1.1507915136441296
61890.1899 lsst_hardware_z 57.15686493846786 61.43000030517578 31.690000534057617 AB 12.728741929632733 1.1545605958985676
61890.2106 lsst_hardware_r 9.659284146907224 24.829999923706055 31.5 AB 11.567766602468144 1.1769316141389439
61893.1444 lsst_hardware_r -27.839292101917675 43.189998626708984 32.29999923706055 AB 13.17818668540662 1.164356483955347
61893.1635 lsst_hardware_z -69.83842246564956 63.08000183105469 31.700000762939453 AB 13.05141881846561 1.1513756621644928
61896.1947 lsst_hardware_z -26.111107246685158 62.02000045776367 30.959999084472656 AB 3.8797468348126234 1.177703177621964
61896.2149 lsst_hardware_r -32.38750206919087 77.18000030517578 31.600000381469727 AB 2.8874387345856443 1.2211625014107188
61898.1556 lsst_hardware_r 17.38070331758092 138.08999633789062 31.639999389648438 AB 11.230771933427707 1.1507527981379893
61898.1742 lsst_hardware_i 182.41310307357713 110.9000015258789 31.31999969482422 AB 10.22974730943473 1.159068716015643
61900.1521 lsst_hardware_z 46.8539505979251 88.45999908447266 30.979999542236328 AB 8.100785080002934 1.1508840461734302
61900.1702 lsst_hardware_r 52.103966286099194 133.49000549316406 31.6299991607666 AB 7.231231968063049 1.1604009576993393
61907.0979 lsst_hardware_u -4.232606560186118 2.7100000381469727 28.360000610351562 AB 10.051139497486323 1.1753656665481287
61907.1168 lsst_hardware_g 2.9455278558265223 15.079999923706055 31.420000076293945 AB 9.869016162093772 1.155047682604511
61909.1248 lsst_hardware_r 18.80047323186799 24.260000228881836 31.479999542236328 AB 9.230366266670678 1.150751087747503
61909.144 lsst_hardware_z -2.1455314945711055 43.369998931884766 30.93000030517578 AB 8.691946763058851 1.1589262350745135
61911.1205 lsst_hardware_r -28.934587685046324 24.3799991607666 31.5 AB 8.255991236841705 1.1507677233900997
61911.1385 lsst_hardware_u -1.4747298696963793 2.759999990463257 28.399999618530273 AB 8.269280834371393 1.1588929765778704
61927.0758 lsst_hardware_z -0.01604589601758857 82.04000091552734 30.979999542236328 AB 4.751081577462931 1.1507544592595504
61927.098 lsst_hardware_r 87.78910209895152 121.31999969482422 31.6299991607666 AB 5.92570239224669 1.1619024298522922
61943.0401 lsst_hardware_i 8.621876472257174 32.380001068115234 31.239999771118164 AB 3.549810097194734 1.1521616673790114
61943.0606 lsst_hardware_u -0.7340053534903488 2.7799999713897705 28.40999984741211 AB 3.452244497032954 1.1692614723227208
61945.9871 lsst_hardware_u 0.1819285398720509 2.75 28.3799991607666 AB 5.94287783091886 1.1824661577022857
61946.0025 lsst_hardware_g 8.886705240822723 15.319999694824219 31.420000076293945 AB 5.918406624363331 1.1613827755815014
61948.0038 lsst_hardware_r -10.250298636967262 25.010000228881836 31.5 AB 9.525623766649792 1.1557417819279483
61948.0242 lsst_hardware_i 32.30572144977879 32.66999816894531 31.239999771118164 AB 9.378754283881138 1.1514738224531345
61958.9654 lsst_hardware_y 30.825695201500974 54.65999984741211 30.010000228881836 AB 1.6466698855151611 1.16303935410135
61958.987 lsst_hardware_i 94.4800851114948 64.01000213623047 31.309999465942383 AB 1.6372273973634612 1.150815883807452
61960.9654 lsst_hardware_y -4.158965704077766 50.54999923706055 30.020000457763672 AB 9.257442564227356 1.1579040105350038
61960.9846 lsst_hardware_i 24.74523965811677 32.869998931884766 31.25 AB 9.185214749663078 1.1508130989993206
61962.9657 lsst_hardware_y 106.2806299073695 52.13999938964844 30.010000228881836 AB 12.248948890802795 1.1540007748141887
61962.9852 lsst_hardware_g 23.424729994402757 15.619999885559082 31.43000030517578 AB 12.222152343759612 1.1520641294281906
