data/validation/pwv_sim_epoch_fit_epoch/26235490.ecsv
# %ECSV 0.9
# ---
# datatype:
# - {name: time, datatype: float64}
# - {name: band, datatype: string}
# - {name: flux, datatype: float64}
# - {name: fluxerr, datatype: float64}
# - {name: zp, datatype: float64}
# - {name: zpsys, datatype: string}
# - {name: pwv, datatype: float64}
# - {name: airmass, datatype: float64}
# meta: {SNID: '26235490', alt: 1024.0, c: 0.027270033955574036, dec: 0.596842, lat: -30.244573, lon: -70.7499537, ra: 10.722656, t0: 60952.9296875,
#   x0: 5.9745573559654735e-06, x1: 1.505378007888794, z: 0.5699191689491272}
# schema: astropy-2.0
time band flux fluxerr zp zpsys pwv airmass
[from data line 132]
61316.1772 lsst_hardware_u 3.6258961796189486 2.75 28.350000381469727 AB 3.2970008391564485 1.1733099071731135
61316.1968 lsst_hardware_g 12.727717969002725 15.930000305175781 31.43000030517578 AB 3.3370980354451825 1.1666815180438292
61318.1719 lsst_hardware_r -18.62688750835208 25.079999923706055 31.489999771118164 AB 7.218981338774939 1.173182232736989
61318.1905 lsst_hardware_i 38.490172547192934 32.650001525878906 31.239999771118164 AB 7.187210032168056 1.1665970564858947
61320.1415 lsst_hardware_i -27.605552388169887 33.029998779296875 31.239999771118164 AB 4.644642002124949 1.208493148861652
61320.1598 lsst_hardware_z -31.384942145852563 43.630001068115234 30.940000534057617 AB 4.554517009874225 1.1795192532480665
61322.1386 lsst_hardware_i 47.6264824809163 33.02000045776367 31.229999542236328 AB 4.214323846037002 1.2033762320629156
61322.1568 lsst_hardware_u 5.145558492406384 2.75 28.360000610351562 AB 4.137757587805196 1.1769203122534522
61324.1423 lsst_hardware_g 5.895306879095538 15.779999732971191 31.43000030517578 AB 5.243578194593024 1.1879424999077988
61324.1613 lsst_hardware_r 4.268271449675572 25.1200008392334 31.5 AB 5.218597199697148 1.1693898714587685
61327.1417 lsst_hardware_i -18.729577496375686 32.849998474121094 31.239999771118164 AB 9.896315501726932 1.1784133724370618
61327.1588 lsst_hardware_r 0.2375528926282351 25.079999923706055 31.5 AB 9.734451542708294 1.1672004247851673
61331.139 lsst_hardware_r 36.33578655203398 30.700000762939453 31.540000915527344 AB 7.18445814467196 1.1712835602540639
61331.1579 lsst_hardware_i 78.60701443058407 35.279998779296875 31.25 AB 7.1566093407560905 1.1670287558986545
61333.1374 lsst_hardware_z -10.738728605916716 48.95000076293945 30.950000762939453 AB 3.921388479383376 1.1690515192439213
61333.1544 lsst_hardware_r 13.480257808364325 45.2400016784668 31.59000015258789 AB 3.9462982770992516 1.1675438689641326
61336.1085 lsst_hardware_i -33.64655888708533 87.98999786376953 31.309999465942383 AB 6.331533662873381 1.1894671544004098
61336.1256 lsst_hardware_z -14.112101293119588 77.30999755859375 30.979999542236328 AB 5.535572243895614 1.1711159346053026
61338.108 lsst_hardware_z -85.01461622953126 107.18000030517578 30.989999771118164 AB 5.337123230794902 1.1826546288278201
61338.1262 lsst_hardware_r 197.0885186278087 156.57000732421875 31.6299991607666 AB 5.115736186576518 1.1679985204992143
61341.1075 lsst_hardware_i 60.97886774244936 65.4000015258789 31.309999465942383 AB 4.456887213513935 1.1745134961823915
61341.1238 lsst_hardware_r 9.1040777950555 80.16000366210938 31.6200008392334 AB 4.389649224387268 1.1666325011658714
61344.1046 lsst_hardware_u 0.4640553511137462 2.9000000953674316 28.5 AB 5.876884349650468 1.1705775021710472
61344.1212 lsst_hardware_g 35.625774046584006 15.510000228881836 31.450000762939453 AB 5.812417113305409 1.1668005848247889
61351.0678 lsst_hardware_i 29.19748032363961 46.5099983215332 31.989999771118164 AB 4.414666159686513 1.1890822839878423
61351.0918 lsst_hardware_z -112.49118568794589 61.939998626708984 31.690000534057617 AB 5.336600021626208 1.1676184272237629
61356.0526 lsst_hardware_z -27.004131981829918 43.90999984741211 30.93000030517578 AB 5.367450643776315 1.1914429841902179
61356.0721 lsst_hardware_i 12.541861880094013 32.560001373291016 31.229999542236328 AB 5.304409840196652 1.1704131301344092
61357.0531 lsst_hardware_u -2.033046163072706 2.799999952316284 28.389999389648438 AB 5.135536066486927 1.186652663967865
61357.0714 lsst_hardware_g 20.022099506328907 15.529999732971191 31.43000030517578 AB 5.046621755773966 1.1692821491598624
61359.0568 lsst_hardware_r 20.842101988952034 26.450000762939453 31.510000228881836 AB 6.23884871352444 1.1759209713552294
61359.0748 lsst_hardware_i -18.74151184926705 33.41999816894531 31.239999771118164 AB 6.151567228171852 1.1666162010566759
61361.0691 lsst_hardware_z -24.963596021954483 64.66000366210938 31.690000534057617 AB 4.4711462440724405 1.1666395940178804
61364.0606 lsst_hardware_z 94.88704922117364 69.6500015258789 30.969999313354492 AB 7.622751363005744 1.1666732524210053
61364.0815 lsst_hardware_r -140.96322638601595 87.9000015258789 31.6200008392334 AB 7.726802994272457 1.1744200318079503
61368.0291 lsst_hardware_y 19.837899842649403 62.08000183105469 30.020000457763672 AB 9.158566066755151 1.1791133035905466
61368.0495 lsst_hardware_i 91.1921563898535 82.2699966430664 31.31999969482422 AB 8.855985453980015 1.1666940260820962
61370.0284 lsst_hardware_y 38.24640014857535 55.209999084472656 30.010000228881836 AB 5.595600496470903 1.1744360366187792
61370.0474 lsst_hardware_g 1.726557517696671 28.639999389648438 31.600000381469727 AB 5.084124058485769 1.1665294206850714
61372.0269 lsst_hardware_y 13.216203787272118 60.84000015258789 30.010000228881836 AB 5.251294379253722 1.171379518013322
61372.0459 lsst_hardware_i 1.0141837936273883 32.709999084472656 31.229999542236328 AB 4.452152340730718 1.1670124091037268
61374.0288 lsst_hardware_z -28.19835640485745 53.439998626708984 30.959999084472656 AB 6.527715776598133 1.167679168194765
61374.0486 lsst_hardware_u 4.023305119858713 2.859999895095825 28.420000076293945 AB 5.841969893624826 1.1703250149997875
61376.0297 lsst_hardware_y -2.7670599336989508 57.08000183105469 30.020000457763672 AB 8.149380482959021 1.1665302723960809
61376.0484 lsst_hardware_r 9.956017052276861 24.8799991607666 31.5 AB 7.3447817641560285 1.174131846240312
