data/validation/pwv_sim_epoch_fit_epoch/26259437.ecsv
# %ECSV 0.9
# ---
# datatype:
# - {name: time, datatype: float64}
# - {name: band, datatype: string}
# - {name: flux, datatype: float64}
# - {name: fluxerr, datatype: float64}
# - {name: zp, datatype: float64}
# - {name: zpsys, datatype: string}
# - {name: pwv, datatype: float64}
# - {name: airmass, datatype: float64}
# meta: {SNID: '26259437', alt: 1024.0, c: -0.024463938549160957, dec: -9.896853, lat: -30.244573, lon: -70.7499537, ra: 164.003906, t0: 60352.0546875,
#   x0: 6.211740771456155e-06, x1: -1.2198262214660645, z: 0.5610381364822388}
# schema: astropy-2.0
time band flux fluxerr zp zpsys pwv airmass
[from data line 133]
60731.252 lsst_hardware_r -10.135989839461155 24.06999969482422 31.5 AB 9.587653646030125 1.083677226210925
60733.231 lsst_hardware_u -0.7628656028487429 2.8499999046325684 28.5 AB 6.221357115577298 1.0699115106040238
60733.2484 lsst_hardware_r 45.29505433388681 24.190000534057617 31.510000228881836 AB 6.238164390544838 1.0859841390163794
60742.2039 lsst_hardware_r 57.305036797485364 25.68000030517578 31.520000457763672 AB 11.451931160337447 1.0685762023269054
60742.2219 lsst_hardware_i -52.5108510144795 31.75 31.25 AB 11.697041178908231 1.0835944768010342
60744.1957 lsst_hardware_z 43.64450443438192 54.099998474121094 30.969999313354492 AB 11.63478194176939 1.0674111873182925
60744.2147 lsst_hardware_r 22.114394437697605 61.939998626708984 31.6299991607666 AB 10.921172664165441 1.0815719400015265
60751.1953 lsst_hardware_i 117.00930358842048 70.16000366210938 31.329999923706055 AB 9.242695063693239 1.0812488132379217
60751.2156 lsst_hardware_z 49.023336471416954 64.22000122070312 30.979999542236328 AB 9.15501014983247 1.1126991157767883
60753.1899 lsst_hardware_r -36.152805911676246 55.77000045776367 31.639999389648438 AB 6.7622814320217906 1.0813162393798361
60753.2098 lsst_hardware_z 59.487172454268716 51.31999969482422 30.969999313354492 AB 7.494470077538356 1.1120216748332135
60755.1627 lsst_hardware_u -5.896624134116832 7.260000228881836 29.149999618530273 AB 5.483017334316844 1.0664755330546039
60755.1812 lsst_hardware_g 46.32366626943379 34.939998626708984 31.68000030517578 AB 5.712931108141735 1.0779115298380633
60757.1615 lsst_hardware_r -1.0590966331285987 24.18000030517578 31.520000457763672 AB 7.977740384850681 1.0679229465241196
60757.1807 lsst_hardware_i -3.702751134259857 32.41999816894531 31.270000457763672 AB 7.430353945832795 1.0832998900470616
60759.1038 lsst_hardware_z -38.37519736590898 42.720001220703125 30.950000762939453 AB 9.817504042404176 1.0990973663922277
60759.123 lsst_hardware_r 15.56700073012238 24.200000762939453 31.520000457763672 AB 9.631858526346836 1.0750142053457565
60763.1444 lsst_hardware_i 6.65399882800826 31.59000015258789 31.260000228881836 AB 6.965213201542247 1.0676292460978307
60763.1629 lsst_hardware_z -51.07767818892304 42.369998931884766 30.959999084472656 AB 7.102154844793513 1.0816562358808104
60766.1437 lsst_hardware_r 4.8600013668667374 23.989999771118164 31.510000228881836 AB 5.319080970756358 1.0716751452161906
60766.1611 lsst_hardware_u 5.603979101708895 2.7799999713897705 28.450000762939453 AB 5.25466903144293 1.0897281276323425
60768.1361 lsst_hardware_g -6.368439643562062 14.819999694824219 31.43000030517578 AB 6.734032567035093 1.070295635877937
60768.1543 lsst_hardware_r -27.461743857827653 23.860000610351562 31.489999771118164 AB 6.805593214855976 1.0878940518492548
60770.1358 lsst_hardware_i 9.278980364509424 33.779998779296875 31.25 AB 7.5266391034791 1.0739300996617187
60770.1535 lsst_hardware_z 13.026346678458589 43.220001220703125 30.940000534057617 AB 7.686700510398207 1.0946077529403628
60772.1326 lsst_hardware_r 30.915891237331827 54.689998626708984 31.6200008392334 AB 10.949338096352244 1.0758553088253875
60772.1514 lsst_hardware_z 18.324999019601112 52.16999816894531 30.959999084472656 AB 11.227695190196638 1.1000354529911793
60774.1301 lsst_hardware_r -116.22598566464025 92.37000274658203 31.649999618530273 AB 7.453732052614613 1.0786877066012464
60774.1466 lsst_hardware_i -88.42086428512788 78.55000305175781 31.329999923706055 AB 7.533047867497839 1.101161799078766
60777.1201 lsst_hardware_z -6.878888258786319 87.43000030517578 30.989999771118164 AB 7.284974608211528 1.0769155328981268
60777.1367 lsst_hardware_i 152.83802100585586 103.94999694824219 31.329999923706055 AB 6.919227005075431 1.098290000805624
60781.0725 lsst_hardware_r -103.14649512572825 62.290000915527344 31.6299991607666 AB 17.842216373781692 1.0686094853532657
60781.0896 lsst_hardware_i -13.189074325914145 53.040000915527344 31.309999465942383 AB 17.001867126321937 1.0660146169867664
60783.0942 lsst_hardware_i 14.88108003782845 40.619998931884766 31.299999237060547 AB 12.088101938626242 1.0697435343917028
60783.1117 lsst_hardware_z 36.41897431977693 47.150001525878906 30.959999084472656 AB 12.268942311898106 1.08574710724762
60785.0946 lsst_hardware_r -36.97256849544009 23.510000228881836 31.5 AB 7.328416813574395 1.0737344846632897
60785.1119 lsst_hardware_g -1.6883205903952967 14.569999694824219 31.43000030517578 AB 7.446858946559084 1.0936252613901143
60796.0737 lsst_hardware_u -1.0578128163685556 2.7100000381469727 28.389999389648438 AB 10.811245878309535 1.0826944948484838
60796.0912 lsst_hardware_g 16.43373230001582 14.720000267028809 31.40999984741211 AB 10.850138158416945 1.1096858308134467
60799.0512 lsst_hardware_g 44.034940678263986 27.260000228881836 31.6299991607666 AB 11.75051159447694 1.0701416102556334
60799.0696 lsst_hardware_r 6.136800516596632 32.529998779296875 31.56999969482422 AB 11.911985098425463 1.0878194056581654
60801.0488 lsst_hardware_i 81.43994750967944 52.720001220703125 31.309999465942383 AB 3.8697111841790197 1.0721401507699537
60801.067 lsst_hardware_z -11.784012041832744 54.279998779296875 30.969999313354492 AB 3.95567696673116 1.0918236176459177
60803.0517 lsst_hardware_r 32.022883261290154 91.30000305175781 31.649999618530273 AB 11.119543938177388 1.0794975022500863
60803.0693 lsst_hardware_z -189.19190188068112 70.36000061035156 30.989999771118164 AB 11.335294779071548 1.1044816115240716
60805.0466 lsst_hardware_r 16.35287025159776 98.0 31.649999618530273 AB 7.81940396281183 1.079879017098766
60805.0634 lsst_hardware_i -106.08285301918784 79.62999725341797 31.329999923706055 AB 8.08952792910111 1.1036943760284832
60807.002 lsst_hardware_z -14.066926083768303 94.05000305175781 31.739999771118164 AB 10.821579085919613 1.0683758599979873
60807.0223 lsst_hardware_i -9.04302622589425 106.69999694824219 32.08000183105469 AB 10.818125553567628 1.066928897240261
60810.9998 lsst_hardware_r 4.065162128247814 23.860000610351562 31.510000228881836 AB 7.616307918254039 1.0658141503294205
60811.0198 lsst_hardware_i -3.810327673226794 42.15999984741211 31.290000915527344 AB 5.609304200731375 1.0709888688746938
60812.9976 lsst_hardware_z -99.77618894935979 41.95000076293945 30.950000762939453 AB 7.925279976779314 1.0656077415891723
60813.018 lsst_hardware_u -2.231057448069524 2.7899999618530273 28.459999084472656 AB 7.768085518639966 1.0736196512949372
60815.9654 lsst_hardware_y -4.86838287675008 48.540000915527344 30.030000686645508 AB 7.667508623438923 1.076771251975039
60815.9853 lsst_hardware_g 18.65435293940061 15.100000381469727 31.450000762939453 AB 7.5312731567218005 1.0659347512019615
60821.954 lsst_hardware_y 64.15559187580654 65.02999877929688 30.059999465942383 AB 6.435595224358682 1.0725992040597803
60821.9743 lsst_hardware_i 23.643199147636675 31.780000686645508 31.260000228881836 AB 6.2187124474042195 1.0656387354894226
60824.9541 lsst_hardware_y -67.86464431522246 63.119998931884766 30.059999465942383 AB 10.286039530776343 1.0678288667841729
60824.974 lsst_hardware_i 23.74214664452224 32.040000915527344 31.260000228881836 AB 10.132668404599723 1.0672145352151652
