data/validation/pwv_sim_epoch_fit_epoch/26265355.ecsv
# %ECSV 0.9
# ---
# datatype:
# - {name: time, datatype: float64}
# - {name: band, datatype: string}
# - {name: flux, datatype: float64}
# - {name: fluxerr, datatype: float64}
# - {name: zp, datatype: float64}
# - {name: zpsys, datatype: string}
# - {name: pwv, datatype: float64}
# - {name: airmass, datatype: float64}
# meta: {SNID: '26265355', alt: 1024.0, c: -0.05886552110314369, dec: -34.772018, lat: -30.244573, lon: -70.7499537, ra: 47.460938, t0: 61385.48828125,
#   x0: 5.944382192710083e-06, x1: 1.3894362449645996, z: 0.570793628692627}
# schema: astropy-2.0
time band flux fluxerr zp zpsys pwv airmass
61238.3745 lsst_hardware_r 34.00486422030341 23.100000381469727 31.440000534057617 AB 1.265133603602756 1.319680393187854
61238.3933 lsst_hardware_i -15.29971364892781 31.440000534057617 31.219999313354492 AB 2.814163271562749 1.223549248505543
61242.3772 lsst_hardware_z 56.96698471197266 43.900001525878906 30.93000030517578 AB 7.138847617184933 1.247505044505886
61242.3982 lsst_hardware_r -18.805799969695485 22.670000076293945 31.469999313354492 AB 6.761356712969555 1.1605486977290687
61244.3698 lsst_hardware_u 0.44437432542803357 2.509999990463257 28.229999542236328 AB 5.661486629153623 1.2569443024947913
61244.3884 lsst_hardware_r -9.628549736701961 22.709999084472656 31.459999084472656 AB 6.075882182174357 1.1764136080495653
61246.3731 lsst_hardware_i -55.63876871752257 31.3700008392334 31.209999084472656 AB 6.7186813049903185 1.2163261018312412
61246.3942 lsst_hardware_z 28.889583288113656 42.04999923706055 30.93000030517578 AB 7.111353942675389 1.1372707408724434
61248.3756 lsst_hardware_r 0.5884869832340609 61.45000076293945 31.600000381469727 AB 3.491041332449907 1.1836044524325842
61248.3961 lsst_hardware_z 48.339937668727366 50.279998779296875 30.950000762939453 AB 3.2375556075461422 1.115052732063421
61249.3655 lsst_hardware_y -12.739606185147592 53.16999816894531 29.989999771118164 AB 3.7700674457410552 1.213768930563482
61249.3836 lsst_hardware_r 10.110972900484082 73.62000274658203 31.6200008392334 AB 4.009869206980865 1.145104364098198
61251.3652 lsst_hardware_i 52.72121514243516 64.91000366210938 31.299999237060547 AB 5.71207782759397 1.1923139023313873
61251.3837 lsst_hardware_z 0.8356474487209485 58.83000183105469 30.969999313354492 AB 5.300434870505852 1.1274522457869403
61253.3742 lsst_hardware_r -69.83805292096493 69.3499984741211 31.6200008392334 AB 5.961927837286643 1.1401296262540195
61253.3954 lsst_hardware_z 108.1886718485403 54.150001525878906 30.969999313354492 AB 6.797455777394861 1.0817371207694126
61256.3716 lsst_hardware_r 33.76629484895213 48.29999923706055 31.600000381469727 AB 2.1179600015474724 1.1227920135434561
61256.3914 lsst_hardware_i 21.178527748069413 43.7400016784668 31.290000915527344 AB 2.074050138792638 1.072414756356069
61258.3694 lsst_hardware_z -29.77968108215412 44.0099983215332 30.950000762939453 AB 2.901388581877615 1.1133494174511185
61258.3876 lsst_hardware_i 3.437436789766368 34.689998626708984 31.260000228881836 AB 3.0805911287352044 1.0689074006714798
61260.3719 lsst_hardware_u -2.306803992666755 2.809999942779541 28.43000030517578 AB 2.8048903243619674 1.0922470110443798
61260.3915 lsst_hardware_g 12.540281477909922 15.289999961853027 31.459999084472656 AB 1.4714417955220802 1.051029853944343
61261.3722 lsst_hardware_r -6.601100925546916 22.229999542236328 31.489999771118164 AB 5.324373557005345 1.0849093711211055
61261.391 lsst_hardware_i -23.78789089184475 30.06999969482422 31.25 AB 4.095367853342239 1.0472301022866277
61266.3434 lsst_hardware_r 44.22127270358317 22.170000076293945 31.479999542236328 AB 3.939188612018798 1.1254824605767995
61266.3613 lsst_hardware_g -5.884016284645601 13.140000343322754 31.399999618530273 AB 3.7749855564495 1.0785673018427142
61268.3664 lsst_hardware_i 63.04083075803956 30.030000686645508 31.25 AB 5.695970588035404 1.056897066062977
61268.385 lsst_hardware_z -42.362349141647314 40.4900016784668 30.950000762939453 AB 4.937757145767783 1.0282709591353152
61272.3241 lsst_hardware_u -3.5541908077292943 3.75 29.15999984741211 AB 2.6626163096142936 1.1344764847099675
61272.3469 lsst_hardware_g -4.943901901591124 18.59000015258789 32.150001525878906 AB 2.8773802202956165 1.0741837557101603
61274.3631 lsst_hardware_z -33.47598804980494 40.709999084472656 30.950000762939453 AB 1.942976096882115 1.0355635426420333
61274.3815 lsst_hardware_g -12.013438412367083 12.979999542236328 31.399999618530273 AB 1.3055076891583826 1.0149719643602586
61278.3369 lsst_hardware_i -11.547665929236357 55.97999954223633 31.31999969482422 AB 2.613062309175349 1.0610702392428326
61278.3545 lsst_hardware_z -24.32890768962584 53.36000061035156 30.979999542236328 AB 2.3909879532763654 1.032378218168057
61286.2778 lsst_hardware_y 7.661362858534356 49.4900016784668 30.0 AB 1.5127046119445218 1.1615341274209279
61286.2966 lsst_hardware_g 16.408358252888394 37.06999969482422 31.649999618530273 AB 1.7427569746581015 1.103359907982337
61299.2703 lsst_hardware_u -3.0403939613882884 2.640000104904175 28.420000076293945 AB 4.31855096274332 1.0806283166427524
61299.2881 lsst_hardware_r 7.80806483110643 21.719999313354492 31.489999771118164 AB 4.184404494223179 1.0458396636398848
61303.2594 lsst_hardware_z 5.83609808019476 43.34000015258789 30.950000762939453 AB 7.456012912406234 1.0805815815081499
61303.2767 lsst_hardware_i -8.821532722216695 33.349998474121094 31.260000228881836 AB 7.221736079977003 1.0466284173879714
61305.2542 lsst_hardware_z 16.8041233207214 47.20000076293945 30.959999084472656 AB 1.7787400927843802 1.0799879130441468
61305.2738 lsst_hardware_r 28.038597275501406 46.56999969482422 31.6299991607666 AB 1.6221433990914034 1.0425086112416777
61307.2626 lsst_hardware_y -179.23046592031923 71.43000030517578 30.790000915527344 AB 4.235587948630926 1.052058606217319
61309.2511 lsst_hardware_r 52.902778532205936 91.5199966430664 31.649999618530273 AB 3.3983127078437287 1.063357301020202
61309.2682 lsst_hardware_i 65.16888339515559 71.12999725341797 31.329999923706055 AB 3.282600318366143 1.0346502369298622
61311.2177 lsst_hardware_r -48.180895558468045 90.0 31.6299991607666 AB 4.261459604992167 1.134246761892115
61311.2386 lsst_hardware_i 17.817404459346083 69.55999755859375 31.31999969482422 AB 4.086015330373738 1.0782228469373978
61313.215 lsst_hardware_z 126.24007242509087 53.11000061035156 30.959999084472656 AB 4.380266199296062 1.1257430478787103
61313.2373 lsst_hardware_r 50.13506076317188 60.119998931884766 31.6299991607666 AB 3.9662412784466925 1.069211828668472
61315.2156 lsst_hardware_u 1.6331383640917694 4.360000133514404 28.760000228881836 AB 3.6881454332134918 1.1083000325184127
61315.2366 lsst_hardware_g -18.079873576646925 30.170000076293945 31.65999984741211 AB 3.5780708543884274 1.0596981650787582
61317.2175 lsst_hardware_r 11.06849716151868 22.06999969482422 31.479999542236328 AB 2.8324428669061654 1.0892614537518903
61317.2385 lsst_hardware_z -9.570917222037867 40.90999984741211 30.950000762939453 AB 2.7335259054252945 1.046592778543323
61319.2142 lsst_hardware_r -11.15144206956807 22.09000015258789 31.479999542236328 AB 5.31352692894445 1.0840982580818852
61319.2347 lsst_hardware_u 0.9516331126487595 2.609999895095825 28.40999984741211 AB 4.938328614235135 1.0438969731333143
61321.2085 lsst_hardware_g -2.5490936316960062 13.270000457763672 31.399999618530273 AB 3.487188307681568 1.0846619930580306
61321.2291 lsst_hardware_r -32.932346050217305 21.850000381469727 31.479999542236328 AB 3.322042729801824 1.0441202922373465
61323.2131 lsst_hardware_i -9.60268175275363 30.329999923706055 31.25 AB 2.81620338949607 1.062918810906235
61323.2322 lsst_hardware_z -22.382443038166013 40.869998931884766 30.959999084472656 AB 2.6881198909582436 1.0316438112927429
61326.1873 lsst_hardware_u 0.2718761606888002 2.609999895095825 28.3799991607666 AB 7.113897144619205 1.103614201771518
61326.2077 lsst_hardware_g -0.28358832942632606 13.270000457763672 31.399999618530273 AB 6.985173111528489 1.0575583817607572
61328.2123 lsst_hardware_z -7.129887816380142 40.77000045776367 30.950000762939453 AB 6.643324210288635 1.0405123019143363
61328.2315 lsst_hardware_r -17.180703202557808 21.899999618530273 31.5 AB 6.478708519989206 1.017225391739618
61330.2057 lsst_hardware_y 37.20465989720207 46.79999923706055 30.049999237060547 AB 6.807752996346341 1.0422688945669316
61330.2255 lsst_hardware_g -12.40735132679303 13.130000114440918 31.399999618530273 AB 5.3127677189995355 1.0177228521621637
61332.2049 lsst_hardware_r -18.782910255864227 30.25 31.56999969482422 AB 2.681491966806959 1.0353583963989672
61332.2244 lsst_hardware_i 10.83739010506721 32.900001525878906 31.270000457763672 AB 2.278017869668383 1.0139545413958897
61334.1148 lsst_hardware_r 46.71820657076904 48.310001373291016 31.56999969482422 AB 3.5294041890058865 1.3059774982447963
61334.1347 lsst_hardware_z -21.68802338698722 48.900001525878906 30.950000762939453 AB 3.160337162271507 1.2083879029844533
61337.1158 lsst_hardware_r -20.664726997907156 82.16000366210938 31.600000381469727 AB 3.8980634050157006 1.2574398080695808
61337.1351 lsst_hardware_i 4.101025768842781 65.41000366210938 31.309999465942383 AB 3.3393148747803334 1.1741613483756448
61342.1205 lsst_hardware_u -2.875377110428542 6.699999809265137 29.020000457763672 AB 3.5029726148625304 1.1777337044252076
61342.1402 lsst_hardware_g 14.45063117828909 45.90999984741211 31.690000534057617 AB 3.2070601222311743 1.1129828638664496
61345.1583 lsst_hardware_u -2.954450762924499 2.759999990463257 28.520000457763672 AB 4.849158071296268 1.0530392670072788
61345.1672 lsst_hardware_g 4.600862941977845 13.300000190734863 31.420000076293945 AB 4.576851112158258 1.0385412099292133
61348.1293 lsst_hardware_r -1.5768883688411648 22.350000381469727 31.489999771118164 AB 5.600785602409425 1.0981932553743972
61348.1341 lsst_hardware_g -0.7177683074954294 13.390000343322754 31.399999618530273 AB 5.540039849582217 1.0862823234474936
61355.1413 lsst_hardware_z -0.5748898886589591 40.59464995971931 30.940000534057617 AB 2.9491874155300715 1.0364997945864824
61355.1586 lsst_hardware_r 1.2585316326511513 21.78636615947855 31.489999771118164 AB 3.021010119355697 1.0164906188943519
61358.1212 lsst_hardware_i -8.063192564232743 30.92276032986836 31.239999771118164 AB 3.144348045264874 1.055947626652962
61358.1397 lsst_hardware_u 9.475291426781052 3.2491541424079857 28.43000030517578 AB 5.1362586149723874 1.0277656057973763
61362.1255 lsst_hardware_i 253.59805737114644 38.71357587661635 31.280000686645508 AB 4.8095923137957906 1.0319352708889753
61362.1429 lsst_hardware_r 324.0216736843341 37.397061639310365 31.59000015258789 AB 4.816274790635688 1.0136324930305682
61363.1036 lsst_hardware_z 276.791289194561 48.025546150762686 30.950000762939453 AB 4.78118784734592 1.0634905960842107
61363.1217 lsst_hardware_r 389.73041373350435 46.614355485491835 31.610000610351562 AB 4.573180318436348 1.0333703126057325
61365.1073 lsst_hardware_i 532.5280836906707 56.748516387506385 31.309999465942383 AB 3.4283944939133093 1.0468380134084456
61365.1249 lsst_hardware_z 350.271915756016 54.80329877813754 30.969999313354492 AB 3.4074556926418254 1.0227992473786058
61367.0295 lsst_hardware_y 221.85744085895195 60.26065971990627 29.979999542236328 AB 9.70744066353297 1.2798207862270676
61367.0453 lsst_hardware_i 725.0413515106272 75.56081860124966 31.299999237060547 AB 8.22816693487266 1.205430323381132
61369.0321 lsst_hardware_y 164.96046188082968 56.61325325374965 29.989999771118164 AB 7.779322778174922 1.2397656423556533
61369.0497 lsst_hardware_i 805.0388942519116 70.24869216564835 31.299999237060547 AB 6.060451558405021 1.1668926689696288
61371.0322 lsst_hardware_y 199.61786187137935 54.47803752108033 29.989999771118164 AB 5.941756343568499 1.2147104862656646
61371.0485 lsst_hardware_g 417.47105418510085 24.678716665880636 31.3700008392334 AB 4.204389703070577 1.1518875898823497
61373.032 lsst_hardware_y 289.19134650462905 55.2047540309148 30.0 AB 7.34198095261826 1.192783648752019
61373.0476 lsst_hardware_i 1254.6995559283118 46.20087897322979 31.229999542236328 AB 6.1253382766601385 1.1368482324908769
61378.0373 lsst_hardware_y 411.5933559363101 54.30245276300766 30.030000686645508 AB 4.925912120849564 1.1264377134346133
61378.059 lsst_hardware_r 2094.7046003549444 50.112507321557935 31.479999542236328 AB 3.7092677153477394 1.0709593519122163
61380.0389 lsst_hardware_y 461.48543207958625 54.30316138952188 30.020000457763672 AB 3.598836003073903 1.1061995911087816
61380.0605 lsst_hardware_z 1207.079934786451 52.82891934541128 30.940000534057617 AB 3.356077245132282 1.0571154406270917
61382.0381 lsst_hardware_y 396.63754533955114 53.71793630595592 30.030000686645508 AB 3.940704959252809 1.0940324706420903
61382.0593 lsst_hardware_u 2.5075384038387627 3.3947336658703477 28.399999618530273 AB 3.1385407398551153 1.0495036749220745
61384.0374 lsst_hardware_y 387.61708864409167 56.022594598055235 30.049999237060547 AB 7.791252879207269 1.0825319224993264
61384.058 lsst_hardware_r 2158.5607065475206 51.414368775818055 31.5 AB 7.621028536145517 1.0426791142727223
61386.0398 lsst_hardware_y 545.7512624503133 55.23965776466264 30.049999237060547 AB 14.192866245910793 1.0654905030525057
61386.0603 lsst_hardware_r 2173.078331359257 50.61946573687662 31.489999771118164 AB 14.000636555714339 1.031500080849803
61388.0404 lsst_hardware_z 1165.918086715196 56.72381755477549 30.959999084472656 AB 8.786200634711227 1.053922507162482
61388.0621 lsst_hardware_g 514.8309051434528 27.543670050825426 31.440000534057617 AB 8.080118117712729 1.0227997617357885
61391.0412 lsst_hardware_y 523.05801814271 55.7686388884815 30.049999237060547 AB 10.535653094160175 1.039138601827315
61391.0623 lsst_hardware_i 1634.7912511514073 52.854896889222 31.280000686645508 AB 11.082568397133892 1.0147787993163635
61605.4359 lsst_hardware_z 13.89805346628275 59.77000045776367 30.979999542236328 AB 3.311544177523555 1.0721308547223165
61608.3893 lsst_hardware_z 32.57198619675297 75.91000366210938 31.709999084472656 AB 6.341144456926042 1.18609201906496
61611.3719 lsst_hardware_r 24.313776248444825 45.08000183105469 31.579999923706055 AB 6.742141131636718 1.224656296616018
61611.3926 lsst_hardware_i 24.853966152647182 42.189998626708984 31.280000686645508 AB 7.108590930263502 1.1447006328926734
61612.3803 lsst_hardware_z -54.66975054800033 65.19000244140625 31.700000762939453 AB 7.858354187207442 1.1786794606148279
61617.3774 lsst_hardware_g -22.710911756984242 13.270000457763672 31.3700008392334 AB 5.186519237131408 1.1408345861163396
61617.3976 lsst_hardware_r 1.1431777533404224 22.010000228881836 31.479999542236328 AB 4.887806902273715 1.0845725374867712
61619.379 lsst_hardware_i 10.104034330290277 30.81999969482422 31.239999771118164 AB 2.08620138824727 1.1191066901639357
61619.3978 lsst_hardware_z -8.460128561461357 41.439998626708984 30.950000762939453 AB 1.978854323749873 1.0718719818089653
61622.3765 lsst_hardware_i -27.0984735609858 30.270000457763672 31.229999542236328 AB 1.5988840179107082 1.103249279220775
61622.3967 lsst_hardware_u -0.18961300421866667 2.5799999237060547 28.3799991607666 AB 1.5077141291016767 1.0576738892330246
61624.3701 lsst_hardware_g 10.335519849167918 13.170000076293945 31.3700008392334 AB 4.712058738603296 1.10577098058588
61624.3885 lsst_hardware_r 47.129887957035955 21.889999389648438 31.479999542236328 AB 3.3133646052948884 1.062941112750325
61627.3611 lsst_hardware_u -0.8425123106701026 2.640000104904175 28.40999984741211 AB 5.6537153593383875 1.1079742020162437
61627.3796 lsst_hardware_g -13.14034740129622 13.130000114440918 31.399999618530273 AB 5.534621361600945 1.0643502618463356
61629.3531 lsst_hardware_g 7.88042184901866 13.199999809265137 31.389999389648438 AB 3.483573976787881 1.1150707599950538
61629.372 lsst_hardware_r 41.33251409634813 21.979999542236328 31.489999771118164 AB 3.337941966112078 1.068711408573771
61631.3635 lsst_hardware_z 32.125569047762205 48.34000015258789 30.959999084472656 AB 3.7632104725224607 1.0752029921492745
61631.3831 lsst_hardware_r 14.347842713452753 42.2599983215332 31.6200008392334 AB 3.6856326098217655 1.0392309628709335
61651.2771 lsst_hardware_z 33.237485878151006 42.650001525878906 30.940000534057617 AB 1.4569816982117056 1.1665185734281072
61651.2959 lsst_hardware_r 26.05202367649051 22.040000915527344 31.479999542236328 AB 1.7007777894325937 1.1070970150903783
61653.2746 lsst_hardware_u 2.7532710180442694 2.5299999713897705 28.299999237060547 AB 2.6886852881279744 1.156009439539079
