data/validation/pwv_sim_epoch_fit_epoch/26390403.ecsv
# %ECSV 0.9
# ---
# datatype:
# - {name: time, datatype: float64}
# - {name: band, datatype: string}
# - {name: flux, datatype: float64}
# - {name: fluxerr, datatype: float64}
# - {name: zp, datatype: float64}
# - {name: zpsys, datatype: string}
# - {name: pwv, datatype: float64}
# - {name: airmass, datatype: float64}
# meta: {SNID: '26390403', alt: 1024.0, c: 0.04857691004872322, dec: -63.448284, lat: -30.244573, lon: -70.7499537, ra: 112.1875, t0: 61351.62109375,
#   x0: 1.4265356009654202e-05, x1: -0.5157718062400818, z: 0.3964354693889618}
# schema: astropy-2.0
time band flux fluxerr zp zpsys pwv airmass
61363.3574 lsst_hardware_z 2006.1966140977217 81.6279300285591 30.959999084472656 AB 6.957012958334432 1.1971972452069062
61378.3334 lsst_hardware_r 1066.9997225962204 40.47864884528053 31.469999313354492 AB 5.197648948578411 1.2045536381408835
61378.3457 lsst_hardware_g 235.96840101762626 25.95510463991393 31.5 AB 5.270028571880934 1.2139193577734406
61380.3331 lsst_hardware_r 953.0036656077446 38.22987161011761 31.459999084472656 AB 5.2269984113772185 1.208065733258732
61380.3448 lsst_hardware_i 1522.756123498542 53.02385013136062 31.25 AB 5.192913408992517 1.2182788056288318
61382.3101 lsst_hardware_z 1398.50243972576 55.40264933375507 30.93000030517578 AB 6.636893509959608 1.1985721484395664
61382.3233 lsst_hardware_i 1418.1145726685618 48.81889140308954 31.219999313354492 AB 6.638165938507955 1.2050768700205057
61386.3113 lsst_hardware_r 618.0460050159667 33.86561137572427 31.450000762939453 AB 12.668726079444484 1.204404177916512
61386.3233 lsst_hardware_i 1249.3441280205352 46.88864642975543 31.219999313354492 AB 12.751321142467797 1.2134292375189415
61388.2847 lsst_hardware_i 1171.6861117074732 45.69272414841829 31.219999313354492 AB 9.54330219917702 1.1963522877242418
61388.2961 lsst_hardware_z 1186.6607857901263 53.27013023551391 30.93000030517578 AB 8.640360234385343 1.1994669583376611
61391.2919 lsst_hardware_r 502.15288456468915 31.701023566294193 31.469999313354492 AB 7.9461949694522644 1.2012388464780446
61391.3029 lsst_hardware_g 116.71914104439225 16.72085197322447 31.350000381469727 AB 8.029886689697607 1.2079558765998093
61395.2876 lsst_hardware_z 754.5928640225176 51.75286194708579 30.940000534057617 AB 6.463413787374964 1.2049615561847433
61395.299 lsst_hardware_i 766.2269256667853 42.79936275528569 31.229999542236328 AB 7.374138060318378 1.2136834004090047
61404.2245 lsst_hardware_z 537.5837844506126 51.10110172549511 30.940000534057617 AB 10.745120454925601 1.1969167297184042
61404.2364 lsst_hardware_r 325.78482366635313 38.73012766634046 31.540000915527344 AB 10.730636031671288 1.19592496080741
61406.2297 lsst_hardware_u 4.345256026611072 3.4518623890381845 28.43000030517578 AB 8.412620188668352 1.1958866619379203
61406.2428 lsst_hardware_g 106.86901858674806 18.483739764871093 31.43000030517578 AB 8.432644337038331 1.1980255593882085
61408.2276 lsst_hardware_r 310.44020471865224 28.186437000970777 31.450000762939453 AB 4.203024838066044 1.1960799197683678
61408.2401 lsst_hardware_i 559.6345895336149 38.98012946170576 31.219999313354492 AB 4.213147585301567 1.1989606105012998
61410.2312 lsst_hardware_z 478.5007271436223 48.00737345883333 30.93000030517578 AB 13.914277288487016 1.1978286700516085
61410.244 lsst_hardware_r 346.12014879403193 28.08191377097944 31.450000762939453 AB 14.013068191266111 1.203380767407296
61412.2302 lsst_hardware_u 2.1514009958071436 2.9248938105697695 28.280000686645508 AB 10.396802987575139 1.1993543398725455
61412.2426 lsst_hardware_r 270.59257025853543 27.835294291127372 31.450000762939453 AB 10.547682627540818 1.205908836990185
61414.2461 lsst_hardware_z 412.68352737737945 47.69064739386245 30.93000030517578 AB 8.374730215483543 1.212806229388296
61414.259 lsst_hardware_i 500.58956681796974 38.2166416650681 31.219999313354492 AB 9.73014616315914 1.2259996425576942
61416.2438 lsst_hardware_u 1.6781106953043954 2.8421791052377485 28.31999969482422 AB 7.780356901827284 1.215680765910513
61416.2568 lsst_hardware_g 24.8657264805238 14.736494266814816 31.31999969482422 AB 7.541521715670948 1.2299635840611511
61419.181 lsst_hardware_u -3.387961916412033 2.6791187530004463 28.299999237060547 AB 9.489811912102446 1.1975533477603726
61419.1951 lsst_hardware_g 54.4273055992499 14.62746624143908 31.329999923706055 AB 9.494105157906484 1.195931956404075
61421.182 lsst_hardware_r 255.1089804584182 27.156709852945 31.459999084472656 AB 6.140468016705818 1.196272748238032
61421.1956 lsst_hardware_i 461.97477947451847 37.3381850607191 31.229999542236328 AB 6.134456503416267 1.1965585416523659
61423.1879 lsst_hardware_z -74.49623106489594 46.7599983215332 30.940000534057617 AB 7.45614101485897 1.1962363251819275
61423.2009 lsst_hardware_r 12.539988346588823 35.560001373291016 31.559999465942383 AB 7.489695711909085 1.1996629453924135
61425.1827 lsst_hardware_z 114.70638818010899 52.29999923706055 30.950000762939453 AB 10.602955976546449 1.1962718288694751
61425.1953 lsst_hardware_r -62.18648294509118 59.380001068115234 31.600000381469727 AB 10.805285944251375 1.1996098672472038
61427.1853 lsst_hardware_i 39.88221895124356 63.83000183105469 31.290000915527344 AB 11.64373535435804 1.1980075987713108
61427.1987 lsst_hardware_z 97.89396367040398 59.43000030517578 30.959999084472656 AB 11.730890248430544 1.204063559922049
61429.1894 lsst_hardware_r 70.7505290720953 72.56999969482422 31.610000610351562 AB 13.754003932523482 1.2019228604011265
61429.2022 lsst_hardware_z 45.4160181700774 56.619998931884766 30.959999084472656 AB 13.888892987708177 1.2103610446804511
61431.1669 lsst_hardware_y -130.92566590366627 72.33000183105469 30.75 AB 16.737034063411944 1.1963569737964241
61437.1566 lsst_hardware_u 3.141272237871386 2.5299999713897705 28.290000915527344 AB 9.994132638220961 1.1976192496370346
61437.1689 lsst_hardware_r -29.74748871655774 22.200000762939453 31.450000762939453 AB 13.813604295639472 1.2026470743199957
61439.1543 lsst_hardware_i -100.36583483670755 44.13999938964844 31.979999542236328 AB 8.97178079333764 1.1985946753064527
61439.1671 lsst_hardware_z -102.06792045154975 61.2400016784668 31.68000030517578 AB 11.043468771251831 1.2047968112643566
61441.1532 lsst_hardware_r 30.60392043153241 22.06999969482422 31.459999084472656 AB 7.630714972896114 1.2003012226661351
61441.1666 lsst_hardware_u -1.3146891629189463 2.569999933242798 28.329999923706055 AB 7.651067215525298 1.2081904224958362
61444.156 lsst_hardware_g -6.068522488314239 12.739999771118164 31.329999923706055 AB 10.393609548518443 1.206478308559087
61444.1682 lsst_hardware_r 14.286880925483297 22.110000610351562 31.450000762939453 AB 11.003977051602645 1.2165363780515825
61449.151 lsst_hardware_r 10.391301886819472 22.260000228881836 31.450000762939453 AB 4.439540068428445 1.2132653341184545
61449.1637 lsst_hardware_g -6.388030416676711 12.880000114440918 31.329999923706055 AB 4.538058884003342 1.226364296994485
61453.0826 lsst_hardware_z 57.71376577017923 48.939998626708984 30.940000534057617 AB 1.4817049150182424 1.1994373300201637
61453.0943 lsst_hardware_i 30.358063070832955 44.13999938964844 31.270000457763672 AB 2.8147285518749405 1.1963568385400007
61453.1451 lsst_hardware_z -9.530105112712778 48.880001068115234 30.940000534057617 AB 3.7676741567095533 1.2179981110052436
61453.1577 lsst_hardware_i -130.10161490940317 44.189998626708984 31.270000457763672 AB 3.6717680290082675 1.2324815761706074
61457.0891 lsst_hardware_y 113.7890349187368 76.1500015258789 30.760000228881836 AB 5.484216746106311 1.1959475349508566
61459.0821 lsst_hardware_r 17.97015534218544 65.7699966430664 31.610000610351562 AB 8.52082993164076 1.1959898844326984
61459.096 lsst_hardware_i 32.19695579202679 55.529998779296875 31.299999237060547 AB 7.889758115680514 1.197504457111712
61463.0757 lsst_hardware_u 1.388254481464983 2.559999942779541 28.31999969482422 AB 9.352897728726521 1.1960227274586344
61463.0872 lsst_hardware_r -66.6870365562424 22.079999923706055 31.450000762939453 AB 7.821882876507445 1.198113330245411
61465.0802 lsst_hardware_i 51.14307306606554 31.170000076293945 31.219999313354492 AB 4.578383817265288 1.1976675998339645
61465.094 lsst_hardware_z -42.742788445211545 43.2400016784668 30.93000030517578 AB 5.001081827403416 1.20355738581395
61467.0777 lsst_hardware_r 4.254586420378335 22.020000457763672 31.450000762939453 AB 7.53995590419996 1.198578214712071
61467.0887 lsst_hardware_u 0.4693291474893697 2.490000009536743 28.260000228881836 AB 6.956514956322497 1.2036534226702131
61469.0763 lsst_hardware_g -11.633888783580066 12.84000015258789 31.329999923706055 AB 12.841507451061782 1.2001408832768021
61469.0911 lsst_hardware_r -0.6048711874968459 22.239999771118164 31.450000762939453 AB 12.455531275172401 1.2089423241346944
61471.0508 lsst_hardware_r 3.6666776285268248 22.06999969482422 31.450000762939453 AB 7.671293609711479 1.1959611718097003
61471.0693 lsst_hardware_i 23.82767943596688 43.95000076293945 31.979999542236328 AB 7.75242048176974 1.1995080429784335
61471.0874 lsst_hardware_z 22.0141719069054 43.150001525878906 30.940000534057617 AB 8.769581491388639 1.2103208572556605
61473.0743 lsst_hardware_r -0.6543162486764543 31.030000686645508 32.189998626708984 AB 12.997338843543398 1.2048611122721749
61473.0886 lsst_hardware_g 3.5702752945733915 17.8799991607666 32.04999923706055 AB 12.518999961381239 1.216174859636289
61475.0751 lsst_hardware_r 5.372239140665914 22.139999389648438 31.450000762939453 AB 8.694446266726548 1.2092414835502632
61475.0894 lsst_hardware_i -18.77989922325062 31.219999313354492 31.219999313354492 AB 9.264204167990211 1.2226206450805313
61478.0486 lsst_hardware_i 13.683971169554992 31.940000534057617 31.219999313354492 AB 15.582600690938488 1.1989152082893295
61478.0637 lsst_hardware_z -28.282037500500294 43.65999984741211 30.93000030517578 AB 15.665334586171356 1.2068902280706495
61480.0401 lsst_hardware_r 6.580250589332649 32.040000915527344 31.540000915527344 AB 9.731936705230456 1.197924262091406
61480.0554 lsst_hardware_z -19.548585519653315 44.7599983215332 30.940000534057617 AB 9.378741688098463 1.2050033218825023
61482.0348 lsst_hardware_y -82.83064542225927 50.119998931884766 29.989999771118164 AB 9.199236188146674 1.1979731980917907
61482.0495 lsst_hardware_r 2.2985974255411454 46.59000015258789 31.579999923706055 AB 8.356001758090288 1.204729203876916
61486.0311 lsst_hardware_i -58.07892746541203 65.97000122070312 31.299999237060547 AB 6.340468334805371 1.2006946726686096
61486.0453 lsst_hardware_z -78.26477584969612 61.36000061035156 30.969999313354492 AB 4.748137974742987 1.2094342233642985
61488.0334 lsst_hardware_r 7.678013441702633 71.83000183105469 31.610000610351562 AB 5.629945283940773 1.2049107081735204
61488.0497 lsst_hardware_g -25.82922390943751 79.20999908447266 31.65999984741211 AB 5.013934715470854 1.2182064504079442
61491.0222 lsst_hardware_r -28.671869308323902 22.329999923706055 31.469999313354492 AB 6.612546078110558 1.2031196430440356
61491.0356 lsst_hardware_i 14.318989483756575 31.389999389648438 31.229999542236328 AB 6.640963334501659 1.2126844710343134
61493.026 lsst_hardware_z -2.4955021769110406 43.20000076293945 30.940000534057617 AB 7.860425082739959 1.2092961665753783
61493.0389 lsst_hardware_i -25.84829111682721 31.3700008392334 31.229999542236328 AB 7.9376133258924195 1.221171280906526
61495.0197 lsst_hardware_u -0.8882666239559488 4.539999961853027 29.56999969482422 AB 7.2451001705389615 1.208658205617344
61495.0336 lsst_hardware_g 19.06408311515324 22.34000015258789 32.540000915527344 AB 7.323800441460999 1.2213458586610415
61498.0218 lsst_hardware_r 24.90496127440375 22.18000030517578 31.450000762939453 AB 7.627488840592713 1.217622036252179
61498.0353 lsst_hardware_i 87.44052301342192 31.350000381469727 31.219999313354492 AB 7.593453951843081 1.2331539851151931
61740.3488 lsst_hardware_r -4.438470750286185 27.850000381469727 31.5 AB 8.781589235730827 1.2091411651914348
61744.3324 lsst_hardware_i -2.9131246818860563 31.520000457763672 31.219999313354492 AB 3.6825929924507483 1.2052670369399017
61744.3441 lsst_hardware_z 2.5034312981116296 48.279998779296875 30.940000534057617 AB 4.960738184665706 1.2143789925742243
61746.3372 lsst_hardware_r -11.893242935683283 23.010000228881836 31.450000762939453 AB 5.22781349676712 1.2130904969873815
61746.3489 lsst_hardware_u 1.380456618036171 7.610000133514404 28.979999542236328 AB 5.3678739389859365 1.224982642397521
61748.3094 lsst_hardware_g -1.1622150639804807 12.949999809265137 31.34000015258789 AB 7.731820540264604 1.1991036818028231
61748.3228 lsst_hardware_r -18.65789759322591 22.34000015258789 31.459999084472656 AB 8.011510686635138 1.2061441057825306
61750.3034 lsst_hardware_i 53.6432734461392 42.4900016784668 31.270000457763672 AB 9.923850145906536 1.1989066813405795
61750.3168 lsst_hardware_z -119.6290724150322 42.65999984741211 30.93000030517578 AB 9.990235269979163 1.2057856153983477
61754.2854 lsst_hardware_z 68.88533810149323 56.13999938964844 30.959999084472656 AB 9.773096847596031 1.1968850410394363
61754.2982 lsst_hardware_r -33.7574109892607 71.62999725341797 31.610000610351562 AB 9.923970098894413 1.201359661094604
61756.293 lsst_hardware_i -40.00903009761396 46.7400016784668 31.280000686645508 AB 7.95537123435124 1.20149084151042
61756.3051 lsst_hardware_z 52.88893099063098 50.18000030517578 30.950000762939453 AB 8.046876902450922 1.2091475435688839
61758.2881 lsst_hardware_r 41.36686313353369 38.349998474121094 31.56999969482422 AB 5.198579402079988 1.2017752764445442
61758.2998 lsst_hardware_z 41.1052426301004 46.34000015258789 30.940000534057617 AB 5.9068986262827075 1.20927363715355
61760.295 lsst_hardware_g 11.005966151518223 21.030000686645508 31.520000457763672 AB 7.15390261344878 1.2097918737512028
61760.3071 lsst_hardware_r -9.139053131452394 27.31999969482422 31.5 AB 7.357677262419278 1.2210223641132807
61764.2903 lsst_hardware_i -18.974621426777322 31.520000457763672 31.219999313354492 AB 7.6865130579179395 1.215146912603782
61764.3024 lsst_hardware_z -16.56548832334805 43.84000015258789 30.93000030517578 AB 8.215356405065029 1.228143125920717
61766.2942 lsst_hardware_r 47.96703814051577 22.309999465942383 31.450000762939453 AB 7.318159889211012 1.2248991361973618
61766.3078 lsst_hardware_g 9.09281464250904 12.949999809265137 31.329999923706055 AB 7.424732653516078 1.2428237503967545
61768.2937 lsst_hardware_r 5.905434706147061 22.43000030517578 31.450000762939453 AB 8.566142668104321 1.230915004397699
61768.3063 lsst_hardware_i -30.90531330232529 31.68000030517578 31.219999313354492 AB 8.71991287740712 1.2489133310523315
61770.2878 lsst_hardware_z -41.7886209404422 43.58000183105469 30.93000030517578 AB 6.922318608606275 1.2303610057509489
61770.3007 lsst_hardware_i -39.99975826409101 31.649999618530273 31.219999313354492 AB 6.326721066419272 1.2486949473195932
61774.2256 lsst_hardware_u -6.033836364010098 3.5 29.010000228881836 AB 3.139530195898228 1.1961254199059819
61774.2399 lsst_hardware_g 5.193735128723338 17.93000030517578 32.06999969482422 AB 3.132179759518706 1.199724125067013
61776.2229 lsst_hardware_r 20.717135269552042 22.290000915527344 31.450000762939453 AB 8.39585301744197 1.1964733654288726
61776.236 lsst_hardware_i -21.89289293955716 31.270000457763672 31.219999313354492 AB 8.41775436561362 1.200392779410142
61778.2315 lsst_hardware_z -78.89097005601374 47.16999816894531 30.940000534057617 AB 9.668804540950525 1.200832681212224
61778.2441 lsst_hardware_r 17.6967254810699 34.400001525878906 31.549999237060547 AB 9.694952365452894 1.2084702231789208
61780.1933 lsst_hardware_r -156.98576563028246 65.44000244140625 31.600000381469727 AB 9.119005044511162 1.1974007586787558
61780.2057 lsst_hardware_z -40.61210302141429 54.08000183105469 30.950000762939453 AB 9.154501262117595 1.1959372838509292
61783.1865 lsst_hardware_z 171.63629928725462 58.810001373291016 30.959999084472656 AB 6.197146217963643 1.197072817081656
61783.2006 lsst_hardware_r -24.63562938749351 78.69999694824219 31.610000610351562 AB 6.132110100598704 1.196100863236691
61788.1851 lsst_hardware_r 3.04100191121546 31.450000762939453 31.540000915527344 AB 7.459770486874241 1.1959871451807782
61788.1975 lsst_hardware_i -1.778865390456527 36.400001525878906 31.25 AB 7.430618513118467 1.1982291732614143
61790.1867 lsst_hardware_z -24.350291343195508 42.790000915527344 30.920000076293945 AB 10.779660009370128 1.196853442935247
61790.1999 lsst_hardware_r -40.23814513787026 22.65999984741211 31.450000762939453 AB 10.682112727105967 1.201407294793346
