data/validation/pwv_sim_epoch_fit_epoch/26515442.ecsv
# %ECSV 0.9
# ---
# datatype:
# - {name: time, datatype: float64}
# - {name: band, datatype: string}
# - {name: flux, datatype: float64}
# - {name: fluxerr, datatype: float64}
# - {name: zp, datatype: float64}
# - {name: zpsys, datatype: string}
# - {name: pwv, datatype: float64}
# - {name: airmass, datatype: float64}
# meta: {SNID: '26515442', alt: 1024.0, c: -0.035192303359508514, dec: -28.29155, lat: -30.244573, lon: -70.7499537, ra: 124.277344, t0: 59895.25,
#   x0: 0.0012584176034151865, x1: -0.22065205872058868, z: 0.05145077407360077}
# schema: astropy-2.0
time band flux fluxerr zp zpsys pwv airmass
59887.2411 lsst_hardware_r 168616.36239596625 414.1691271410377 31.459999084472656 AB 10.153169613158031 1.7843621997024188
59887.2586 lsst_hardware_i 111782.48352558109 334.2731490671153 31.209999084472656 AB 7.8966070339619225 1.5765624225530799
59896.2961 lsst_hardware_g 365775.8545850776 606.7596532385681 31.65999984741211 AB 4.700746223359759 1.1736461452742672
59896.3154 lsst_hardware_r 319509.4497567987 567.2335403167348 31.6200008392334 AB 4.486795979910899 1.1085351401879073
59901.2848 lsst_hardware_u 5649.474225638286 75.85955749262271 28.309999465942383 AB 4.658526029499775 1.1646315073749438
59901.3014 lsst_hardware_g 248477.32798802337 498.8391140402087 31.450000762939453 AB 5.044732068412752 1.109545176337166
59903.2618 lsst_hardware_g 201169.15584419426 448.7375572941048 31.350000381469727 AB 5.433049551745621 1.2403042827154904
59903.278 lsst_hardware_r 233881.29676819712 483.1210898719627 31.469999313354492 AB 5.065418863298107 1.1697301329658427
59905.2645 lsst_hardware_i 88595.5447578858 296.80944448269327 31.219999313354492 AB 3.8226832323777904 1.2026058826691874
59905.2811 lsst_hardware_z 59029.698725078495 243.9790920897933 30.93000030517578 AB 3.232943747372493 1.1388951669935978
59907.2667 lsst_hardware_r 187062.6274990475 432.7629000116493 31.469999313354492 AB 10.387900673351334 1.1711934915553304
59907.2835 lsst_hardware_g 153780.1032841973 392.3686965833895 31.389999389648438 AB 9.721356993830446 1.1140041246582761
59909.2843 lsst_hardware_i 75019.43778314244 273.01637315039045 31.229999542236328 AB 5.8766859231304975 1.0963284478198803
59909.3012 lsst_hardware_z 54025.406978019404 230.80218462326536 30.940000534057617 AB 5.518084076188979 1.057171736928727
59911.2638 lsst_hardware_z 51373.32030683493 226.05059925075034 30.940000534057617 AB 5.03665831468383 1.142013071124744
59911.2801 lsst_hardware_i 74843.79807613921 273.84785457215463 31.25 AB 4.829184963710267 1.0929879208699207
59913.2666 lsst_hardware_z 48549.421147232795 218.89221740176365 30.940000534057617 AB 6.72064789591197 1.1155528086831477
59913.2831 lsst_hardware_g 88397.34934461843 296.59109616045527 31.399999618530273 AB 6.512689671419026 1.072356591844404
59915.2858 lsst_hardware_i 78827.0424664779 279.5140341340531 31.239999771118164 AB 7.276772341246684 1.0552546628353079
59915.3027 lsst_hardware_r 142425.32524610093 377.4353392544756 31.469999313354492 AB 6.699764609916554 1.0278077180204883
59917.2235 lsst_hardware_r 150824.10737935084 391.7028492286056 31.59000015258789 AB 5.4124958997312556 1.2406867391933227
59917.2454 lsst_hardware_i 83685.32961195831 290.46980556062647 31.280000686645508 AB 4.9999680823808355 1.149021735581026
59919.2302 lsst_hardware_z 57591.647253849114 240.91400362567637 30.959999084472656 AB 6.316697916708295 1.1860672988233196
59919.2515 lsst_hardware_r 146536.1749804293 388.9454191632675 31.6299991607666 AB 5.741840575762835 1.1117543389241813
59921.2481 lsst_hardware_i 86107.37958118528 298.36149290538583 31.31999969482422 AB 5.733618726121565 1.1058088189243853
59921.2706 lsst_hardware_z 58893.91823635685 243.76701882341936 30.979999542236328 AB 6.664496976257012 1.052995611727398
59923.2474 lsst_hardware_i 83482.09256642191 292.2601755075012 31.31999969482422 AB 10.208810484124443 1.0928253863470003
59923.2696 lsst_hardware_z 55677.91502540378 236.5140470431705 30.979999542236328 AB 9.678480480664843 1.0449383768160565
59926.2425 lsst_hardware_g 42516.91676920403 217.6407102511195 31.709999084472656 AB 11.713084158950968 1.0844444180123107
59926.2665 lsst_hardware_r 109948.12628458343 336.8460447051269 31.649999618530273 AB 10.876904493280632 1.03663612039844
59928.1436 lsst_hardware_u 661.2651919443097 30.94827816746591 28.940000534057617 AB 12.656299402400048 1.6085377907994356
59928.1665 lsst_hardware_g 34250.003371627354 196.19506909947444 31.59000015258789 AB 11.058685711184655 1.4041534554320034
59930.2451 lsst_hardware_u 1026.471214678733 38.62307319895899 29.469999313354492 AB 8.883946531184664 1.0547664870015037
59930.2674 lsst_hardware_g 35304.05262865389 200.57591402351514 31.739999771118164 AB 7.217225999239577 1.0208601434618731
59932.1285 lsst_hardware_i 49236.881163903476 228.3412983080419 31.200000762939453 AB 5.572993735690186 1.6549350365820894
59932.1504 lsst_hardware_z 36202.67949147391 199.54785117414434 30.940000534057617 AB 4.978316377374235 1.4440366576858574
59934.1488 lsst_hardware_u 652.4281378328919 31.984962671028555 29.1200008392334 AB 5.837004895063338 1.4140031238042097
59934.1702 lsst_hardware_r 68973.09471163573 269.66789563471747 31.59000015258789 AB 6.079584331157953 1.2763298105997682
59936.1482 lsst_hardware_i 42195.35059471069 213.2361712189685 31.270000457763672 AB 6.672765844219608 1.3786706289709934
59936.1705 lsst_hardware_z 28991.59773392862 180.99590130403266 30.969999313354492 AB 7.159690689716385 1.2462653690450487
59938.1513 lsst_hardware_r 57978.154230765955 248.66702871341388 31.56999969482422 AB 8.423053899793302 1.322508070308259
59938.1741 lsst_hardware_u 817.8131044628595 33.94408535239531 29.299999237060547 AB 8.011928531835558 1.2039262488669418
59941.1271 lsst_hardware_u 631.2497254297015 30.540556157468508 29.100000381469727 AB 8.837693861544683 1.4339340220734575
59941.1483 lsst_hardware_g 23236.00939883017 166.53841496508775 31.6299991607666 AB 7.992931403327016 1.2918390889856746
59945.133 lsst_hardware_z 19218.49793570546 151.85939586271058 30.950000762939453 AB 9.17430707793995 1.3175503170531104
59945.1541 lsst_hardware_r 48910.217096315275 229.89588483156822 31.600000381469727 AB 8.410660069340546 1.2078259932678026
59947.1352 lsst_hardware_z 18594.703704612708 152.06293779461973 30.959999084472656 AB 4.933162699734376 1.2736494416147617
59947.1565 lsst_hardware_r 47630.04296706409 227.63197702925373 31.6200008392334 AB 4.521905305352642 1.1750549744306222
59949.1367 lsst_hardware_i -27.888927962402278 62.9900016784668 31.290000915527344 AB 14.084284849558733 1.2379068204402313
59949.1579 lsst_hardware_z 122.80693705245639 70.83999633789062 30.979999542236328 AB 13.044962256734205 1.1494877963373318
59951.138 lsst_hardware_r 55.95093515973897 66.37000274658203 31.600000381469727 AB 9.636365829661 1.2065818355551243
59951.1593 lsst_hardware_z 106.12845815405628 71.05000305175781 30.979999542236328 AB 8.978037846314812 1.1265025842842569
59955.1211 lsst_hardware_i -38.55657433539734 63.34000015258789 31.290000915527344 AB 7.14492849140623 1.2341184025228868
59955.1365 lsst_hardware_z -31.37201728971829 70.86000061035156 30.969999313354492 AB 5.667630229008225 1.1679213289388932
59962.1227 lsst_hardware_r 60.507572199514186 67.05000305175781 31.6200008392334 AB 4.509672410527954 1.1484490763425164
59962.1397 lsst_hardware_i 36.35193027235418 64.22000122070312 31.31999969482422 AB 4.737680072085527 1.0960509131487628
59964.1221 lsst_hardware_z -56.726772080045635 70.94000244140625 30.979999542236328 AB 8.670162551892638 1.131985840897299
59964.14 lsst_hardware_i -12.613913846246753 63.869998931884766 31.31999969482422 AB 7.900565661001926 1.0813804627705894
59968.1265 lsst_hardware_r -24.278647695699068 67.29000091552734 31.6299991607666 AB 15.37267778051825 1.0877664302086154
59968.1447 lsst_hardware_i 20.31535241590306 64.4000015258789 31.329999923706055 AB 14.877159490429841 1.0485241383096726
59973.1264 lsst_hardware_z -16.271883949149647 101.58000183105469 31.75 AB 10.544741236350141 1.05729357316345
59975.1228 lsst_hardware_z 52.28361546771347 71.55000305175781 31.0 AB 9.349423888002283 1.0536837688517464
59975.142 lsst_hardware_r -113.73552504126391 68.08999633789062 31.65999984741211 AB 9.293414004923005 1.023842018830341
59977.028 lsst_hardware_y -78.4792395271078 69.12999725341797 29.940000534057617 AB 9.759033372639259 1.4403060027509114
59977.0469 lsst_hardware_z 21.381950298468787 70.29000091552734 30.959999084472656 AB 8.776333255923166 1.3099004859586816
59977.1243 lsst_hardware_i -172.4786941022484 64.5999984741211 31.329999923706055 AB 6.311373610473625 1.0413375955683142
59977.1433 lsst_hardware_z 37.98078515911934 71.63999938964844 31.0 AB 7.309824739973739 1.0163591972711652
59983.0254 lsst_hardware_y -22.57788553589974 70.25 29.969999313354492 AB 9.052225085780512 1.3415672598414987
59983.0428 lsst_hardware_r 70.47456549465058 66.51000213623047 31.600000381469727 AB 12.250420494170328 1.2431400973340332
59985.0246 lsst_hardware_y 63.03866851494287 69.80000305175781 29.959999084472656 AB 3.2815606120211256 1.3126242448084502
59985.0429 lsst_hardware_g -70.7227229418378 68.95999908447266 31.649999618530273 AB 3.1634889417188465 1.2167265160457101
59987.0241 lsst_hardware_z 54.03895929727951 70.18000030517578 30.959999084472656 AB 3.4265028015990837 1.2839755689229642
59987.0443 lsst_hardware_i 18.013535686620795 63.150001525878906 31.299999237060547 AB 2.404933437318038 1.1870352602754384
59989.0228 lsst_hardware_y 27.647952657075173 100.3499984741211 30.75 AB 3.255716487485891 1.2615388888834218
59989.0421 lsst_hardware_r 178.58415659978235 93.20999908447266 32.369998931884766 AB 2.966025938304269 1.1739663322003955
59993.0198 lsst_hardware_y 64.84743602047045 70.69999694824219 30.0 AB 4.406094285721322 1.2225001486394418
59993.0367 lsst_hardware_z 3.9967772711735274 70.5199966430664 30.969999313354492 AB 4.185394907372681 1.153266105361014
59995.0188 lsst_hardware_y 11.398354370227125 71.3499984741211 30.010000228881836 AB 4.449150116994515 1.202473004593112
59995.0378 lsst_hardware_u -2.7969314146990447 20.260000228881836 29.389999389648438 AB 4.184199195856073 1.1308646475286683
59997.0177 lsst_hardware_y 3.46359400355438 71.33999633789062 30.020000457763672 AB 5.75152969480756 1.184152978256682
59997.0368 lsst_hardware_r -7.808002494788795 65.9000015258789 31.6299991607666 AB 5.3830228338390125 1.11690626793582
59999.0267 lsst_hardware_z 41.336774941355095 100.37000274658203 31.739999771118164 AB 8.455831249086101 1.131441928023831
60003.0147 lsst_hardware_y 102.07642026453199 72.12000274658203 30.030000686645508 AB 5.674876007881389 1.1349752015762777
60003.0345 lsst_hardware_i 17.0149338513094 63.810001373291016 31.31999969482422 AB 5.395029309106643 1.0790058618213285
60005.0136 lsst_hardware_y 80.61174636153594 72.6500015258789 30.049999237060547 AB 2.6975084057030143 1.1210424543181359
60005.0325 lsst_hardware_i 35.627828491388804 63.7400016784668 31.329999923706055 AB 2.5747342594694396 1.0710209066012644
60008.0111 lsst_hardware_y -127.63685904170732 72.6500015258789 30.049999237060547 AB 12.680882958776735 1.1042698618693547
60008.0306 lsst_hardware_z -63.02785551427793 71.23999786376953 30.989999771118164 AB 12.015535912941614 1.0577521821331584
60010.0098 lsst_hardware_y -109.34697219430487 72.66000366210938 30.049999237060547 AB 7.061119356081127 1.0929679368595375
60010.0298 lsst_hardware_i -45.093240150340655 64.33999633789062 31.31999969482422 AB 6.780728906797786 1.0489177673134356
60012.0173 lsst_hardware_z 41.155582597025344 100.77999877929688 31.739999771118164 AB 11.575230956349726 1.0625814436452452
60016.0071 lsst_hardware_y 24.597490428367575 72.7699966430664 30.059999465942383 AB 9.722686658116 1.0610908089435862
60016.0293 lsst_hardware_z 47.734744052649454 71.05999755859375 31.0 AB 9.400918016512946 1.0247628305232808
60021.001 lsst_hardware_y 76.303451907893 73.33999633789062 30.06999969482422 AB 8.090033106313513 1.0467114900133927
60021.0176 lsst_hardware_r -53.793684996331294 67.41000366210938 31.65999984741211 AB 7.862231419530964 1.0223968035800994
60022.9992 lsst_hardware_y -14.397394760110988 73.4000015258789 30.06999969482422 AB 5.028265373888158 1.0405101653157078
60023.0157 lsst_hardware_r 60.73009890778803 68.11000061035156 31.65999984741211 AB 4.873429486152699 1.0184096167775214
