data/validation/pwv_sim_epoch_fit_epoch/26596039.ecsv
# %ECSV 0.9
# ---
# datatype:
# - {name: time, datatype: float64}
# - {name: band, datatype: string}
# - {name: flux, datatype: float64}
# - {name: fluxerr, datatype: float64}
# - {name: zp, datatype: float64}
# - {name: zpsys, datatype: string}
# - {name: pwv, datatype: float64}
# - {name: airmass, datatype: float64}
# meta: {SNID: '26596039', alt: 1024.0, c: -0.07577373087406158, dec: -0.74606, lat: -30.244573, lon: -70.7499537, ra: 117.070312, t0: 62085.16015625,
#   x0: 5.848732201832199e-06, x1: -0.8493165969848633, z: 0.5748501420021057}
# schema: astropy-2.0
time band flux fluxerr zp zpsys pwv airmass
[from data line 132]
62524.151 lsst_hardware_g 40.16926878338694 68.12000274658203 31.65999984741211 AB 9.00772934503533 1.1706458168040985
62524.1698 lsst_hardware_r 15.37518410246444 68.91000366210938 31.610000610351562 AB 10.023918770590296 1.1516230277365587
62528.1387 lsst_hardware_r 5.7657957913846785 23.760000228881836 31.469999313354492 AB 12.899810697877424 1.1727100634434022
62528.1573 lsst_hardware_u 2.502271374521687 2.5999999046325684 28.299999237060547 AB 12.678378121159755 1.1525798291963414
62530.1437 lsst_hardware_g -14.14992490151445 14.520000457763672 31.389999389648438 AB 11.569907422433465 1.159357764345552
62530.1614 lsst_hardware_i 4.435105089866952 31.709999084472656 31.229999542236328 AB 11.453759667405592 1.1485152417346338
62532.1392 lsst_hardware_z -4.2419320126564335 43.150001525878906 30.940000534057617 AB 10.512240204907798 1.158394850767632
62532.1579 lsst_hardware_r 22.28835561620358 23.90999984741211 31.489999771118164 AB 10.430005299582941 1.1481942608204623
62534.1394 lsst_hardware_u -3.555064172861569 2.7300000190734863 28.399999618530273 AB 8.292896316967939 1.1536070180331919
62534.1578 lsst_hardware_g 3.9923531618248793 14.75 31.43000030517578 AB 8.207567801753667 1.1482059924577865
62536.1408 lsst_hardware_r 8.582674184002204 23.700000762939453 31.479999542236328 AB 11.827047280259004 1.1497919339175116
62536.157 lsst_hardware_i 4.1452220150528225 31.75 31.229999542236328 AB 11.7605084382559 1.1492727878682596
62538.1382 lsst_hardware_z 4.010285854218841 42.849998474121094 30.940000534057617 AB 4.511095371096179 1.1488358330465651
62538.1578 lsst_hardware_r -42.8639674754813 23.670000076293945 31.479999542236328 AB 4.5535447039519354 1.152261322749425
62540.1029 lsst_hardware_r -17.122563213962607 23.649999618530273 31.479999542236328 AB 10.096866877177813 1.1775916272342672
62540.1238 lsst_hardware_u 0.7145221946889054 2.5899999141693115 28.299999237060547 AB 9.804091095738766 1.1530607373065433
62545.0982 lsst_hardware_y 56.92152155648037 73.55000305175781 30.760000228881836 AB 3.9755935253775334 1.1644972247737402
62547.0938 lsst_hardware_r 92.4160519255316 101.52999877929688 31.6299991607666 AB 1.7343407549628558 1.163206408425802
62547.1107 lsst_hardware_i 59.310208644941824 83.3499984741211 31.31999969482422 AB 1.7086235158066947 1.1498139406505248
62549.0948 lsst_hardware_z -61.63289738538895 93.22000122070312 30.989999771118164 AB 2.7033444304783436 1.1565109863009149
62549.1117 lsst_hardware_r 185.49659724771726 136.4199981689453 31.639999389648438 AB 2.666610646952365 1.1481638953508568
62551.0894 lsst_hardware_z 0.44935267132745543 73.98999786376953 30.979999542236328 AB 3.8991871953468156 1.1564569042056794
62551.1068 lsst_hardware_r -39.31403448433463 106.86000061035156 31.6299991607666 AB 3.81315889959177 1.1481095670581167
62553.0905 lsst_hardware_i -51.148314584701076 52.33000183105469 31.290000915527344 AB 5.283715217085502 1.151679852599739
62553.1077 lsst_hardware_z -77.64169895160151 53.369998931884766 30.959999084472656 AB 5.264876740456892 1.148491563088215
62558.0552 lsst_hardware_u -1.1738552953988635 2.559999942779541 28.270000457763672 AB 7.598418823885226 1.1751949513664834
62558.073 lsst_hardware_g -5.638942573488579 14.100000381469727 31.3799991607666 AB 7.47599299691677 1.1542369919587416
62560.0554 lsst_hardware_r 3.582789452046078 23.510000228881836 31.479999542236328 AB 6.436224633292532 1.1668635080753678
62560.0734 lsst_hardware_i 49.73807152869661 31.639999389648438 31.239999771118164 AB 6.315408466820671 1.150609604522099
62564.0493 lsst_hardware_u -2.19706193800301 2.509999990463257 28.229999542236328 AB 5.2058584623769235 1.1610069609627507
62564.0672 lsst_hardware_r -12.845749473588073 23.219999313354492 31.469999313354492 AB 5.165716401419207 1.1488305129365521
62565.0508 lsst_hardware_i 11.648346758830886 31.350000381469727 31.229999542236328 AB 12.377601045717652 1.1567851444595938
62565.0687 lsst_hardware_z 3.1297523371425373 42.43000030517578 30.940000534057617 AB 12.284627992322129 1.148096074048797
62569.0455 lsst_hardware_g 11.707271946042685 14.550000190734863 31.389999389648438 AB 12.51017841346003 1.1524718907541043
62569.0635 lsst_hardware_r -39.91687953076895 23.360000610351562 31.469999313354492 AB 12.422321497767031 1.148389581168874
62573.0407 lsst_hardware_i 36.11678288810283 43.400001525878906 31.280000686645508 AB 10.542201592535578 1.1494313929713513
62573.059 lsst_hardware_z -64.45902742071004 48.79999923706055 30.959999084472656 AB 12.059964037140606 1.1504854793360941
62576.0376 lsst_hardware_r -29.2529471853477 96.66999816894531 31.6200008392334 AB 9.332591170893137 1.148202653899269
62576.0582 lsst_hardware_z 151.3639534013684 74.16000366210938 30.969999313354492 AB 8.993881025541473 1.1552339046336881
62577.0406 lsst_hardware_r -42.95113141159486 96.7699966430664 31.6299991607666 AB 9.098613891682142 1.1482228932913938
62577.0598 lsst_hardware_i 5.863088818081996 80.22000122070312 31.309999465942383 AB 9.435274862373728 1.1591958796454105
62581.0017 lsst_hardware_y 91.72975836343603 54.310001373291016 30.010000228881836 AB 4.242134466988862 1.1623347703869382
62581.0215 lsst_hardware_z -46.08152847262453 56.91999816894531 30.959999084472656 AB 4.20806600892731 1.1486463788528212
62582.9998 lsst_hardware_y -133.72303684105754 50.5 30.010000228881836 AB 6.708436334343212 1.1585245374912256
62583.0194 lsst_hardware_r 3.2892230057894363 23.520000457763672 31.479999542236328 AB 7.090701958608003 1.1481058870803114
62585.005 lsst_hardware_z -47.337822156776966 61.93000030517578 31.690000534057617 AB 9.440118223989677 1.1506726260348217
62592.9889 lsst_hardware_y -109.5819234863838 75.91000366210938 30.770000457763672 AB 8.767698712086816 1.148606818177273
62593.0117 lsst_hardware_i -1.1115319567815078 44.88999938964844 31.989999771118164 AB 9.133529944199916 1.1551682054215744
62594.9858 lsst_hardware_y 89.61012403924191 54.720001220703125 30.010000228881836 AB 7.2189690349944655 1.148191822337966
62595.0048 lsst_hardware_g -12.493649535676212 14.59000015258789 31.389999389648438 AB 5.885661984213711 1.154051369453669
62596.9835 lsst_hardware_y 96.44461819306284 56.290000915527344 30.020000457763672 AB 9.639441059953818 1.1480308533262453
62597.001 lsst_hardware_i -54.26239733512175 31.90999984741211 31.239999771118164 AB 9.358328640807033 1.1553492149144484
62598.9821 lsst_hardware_z 41.11403062406172 49.849998474121094 30.950000762939453 AB 10.063330647596183 1.1484870492848405
62599.0002 lsst_hardware_u 2.5759967336472975 2.890000104904175 28.3799991607666 AB 8.881707131498631 1.1596810356126628
