data/validation/pwv_sim_epoch_fit_epoch/26669030.ecsv
# %ECSV 0.9
# ---
# datatype:
# - {name: time, datatype: float64}
# - {name: band, datatype: string}
# - {name: flux, datatype: float64}
# - {name: fluxerr, datatype: float64}
# - {name: zp, datatype: float64}
# - {name: zpsys, datatype: string}
# - {name: pwv, datatype: float64}
# - {name: airmass, datatype: float64}
# meta: {SNID: '26669030', alt: 1024.0, c: 0.039083413779735565, dec: 0.149208, lat: -30.244573, lon: -70.7499537, ra: 215.507812, t0: 61183.68359375,
#   x0: 3.888072033557417e-06, x1: 1.5706241130828857, z: 0.6798735857009888}
# schema: astropy-2.0
time band flux fluxerr zp zpsys pwv airmass
[from data line 132]
61513.1975 lsst_hardware_r 41.13056206604496 83.9000015258789 31.6299991607666 AB 15.140600796003278 1.1736899841863007
61518.221 lsst_hardware_r -75.54008907535398 104.91000366210938 31.6299991607666 AB 5.200148044201766 1.1606177980586465
61518.2384 lsst_hardware_z -45.12338362223945 73.94000244140625 30.979999542236328 AB 5.354982325572997 1.1766390402811777
61520.2208 lsst_hardware_r -39.848115519429626 62.2400016784668 31.610000610351562 AB 14.782049210982983 1.1639408827545656
61520.2392 lsst_hardware_y 16.154535946601516 52.20000076293945 30.0 AB 15.062578903480661 1.1860298349197371
61522.2177 lsst_hardware_g -54.39583283203971 39.25 31.639999389648438 AB 3.350959994505483 1.1658554386380735
61522.234 lsst_hardware_r -0.8306614611574173 41.61000061035156 31.579999923706055 AB 3.375787570911004 1.1864643074988153
61526.1864 lsst_hardware_z -29.69497970907284 43.59000015258789 30.940000534057617 AB 11.07328469871534 1.1578896513121655
61526.2051 lsst_hardware_r 21.379989189658524 24.6200008392334 31.5 AB 11.188591490136016 1.1644674577765153
61530.1844 lsst_hardware_r 13.46349782086035 24.5 31.489999771118164 AB 10.741703268322341 1.1590098476826394
61530.2019 lsst_hardware_z -3.937954769790796 43.77000045776367 30.940000534057617 AB 10.859491870015493 1.1719719263992545
61532.1827 lsst_hardware_r -4.825300111962274 24.530000686645508 31.489999771118164 AB 7.418539514143959 1.160582415353986
61533.1814 lsst_hardware_g 3.5090207385709036 15.279999732971191 31.43000030517578 AB 10.251262417780392 1.1613529418579802
61533.2003 lsst_hardware_r -9.40225807432495 24.649999618530273 31.489999771118164 AB 10.420961569816457 1.1806782687796582
61539.0097 lsst_hardware_z 47.65740117951921 95.2699966430664 32.060001373291016 AB 10.991823323741789 1.8642321265921569
61541.1142 lsst_hardware_r 55.430241267713306 73.56999969482422 31.610000610351562 AB 6.510411703481601 1.1832809348385316
61541.1351 lsst_hardware_z 58.8762847577895 60.150001525878906 30.969999313354492 AB 7.700983307614103 1.1611856615824252
61543.1179 lsst_hardware_r 33.20766890146369 124.01000213623047 31.6200008392334 AB 9.993992093334391 1.1709879815655044
61543.1374 lsst_hardware_y 28.180991764728834 64.77999877929688 30.020000457763672 AB 9.259656931096764 1.1582534156103277
61547.1052 lsst_hardware_z -84.35329417476281 68.76000213623047 30.969999313354492 AB 5.436306738131354 1.1730504361932004
61547.1246 lsst_hardware_r 72.69445365875067 97.1500015258789 31.6299991607666 AB 5.389927839296278 1.1587089586447952
61551.1076 lsst_hardware_i -14.967524627070764 37.29999923706055 31.260000228881836 AB 7.454760890798738 1.1612983005709852
61551.1291 lsst_hardware_z -22.627809829602544 46.22999954223633 30.950000762939453 AB 6.745697179948447 1.1597851762190006
61553.1213 lsst_hardware_r -21.398139880405417 24.09000015258789 31.489999771118164 AB 8.86571902106968 1.1589175190940757
61553.142 lsst_hardware_u -5.874110664322205 2.7200000286102295 28.3799991607666 AB 8.508566211519023 1.1755410626580074
61555.0808 lsst_hardware_u 3.332244945328398 2.6500000953674316 28.31999969482422 AB 12.731547746472035 1.1762874990965986
61560.0795 lsst_hardware_r 51.42672907038067 34.06999969482422 32.2400016784668 AB 13.35454297486991 1.163591790090608
61560.1027 lsst_hardware_u -7.270195905553806 3.8499999046325684 29.139999389648438 AB 13.486289211435297 1.1590889075383612
61562.0725 lsst_hardware_g 20.001961208937857 20.950000762939453 32.15999984741211 AB 4.781790421908906 1.1647751920857554
61562.0944 lsst_hardware_r -47.51210030532847 24.1200008392334 31.489999771118164 AB 5.907369838490967 1.1583078114688172
61573.0363 lsst_hardware_z 26.590205169771306 75.7300033569336 30.979999542236328 AB 7.0457405598725495 1.170648077072311
61573.0544 lsst_hardware_r 14.875363466105698 108.62000274658203 31.6299991607666 AB 7.0147435796613635 1.1585043071281296
61575.0428 lsst_hardware_z -23.802335034749177 96.6500015258789 31.729999542236328 AB 4.342356021692677 1.160902558933917
61579.0323 lsst_hardware_r -34.290482056377535 24.1299991607666 31.479999542236328 AB 3.7625451871003635 1.1606823199281697
61579.0513 lsst_hardware_u -0.48157818082923565 4.090000152587891 28.649999618530273 AB 3.4777859572839525 1.1592619857613176
61581.03 lsst_hardware_g 20.802769704156255 15.149999618530273 31.420000076293945 AB 5.910844008552255 1.1592921041878115
61581.049 lsst_hardware_r -15.916354599649534 24.450000762939453 31.5 AB 5.5162379030263855 1.1606412925203735
61582.9989 lsst_hardware_r 23.801312001873956 24.469999313354492 31.489999771118164 AB 9.129982785236601 1.1842765632873489
61583.018 lsst_hardware_i 4.785109291432188 32.34000015258789 31.239999771118164 AB 9.60086095609074 1.162683736735135
61588.0344 lsst_hardware_r -24.505944746361195 34.5 32.2400016784668 AB 10.317204742118857 1.1634195694766416
61588.0681 lsst_hardware_z 82.14017615265115 62.18000030517578 31.68000030517578 AB 10.477746053311918 1.2159272050650045
61590.0003 lsst_hardware_r 23.51380253513139 24.6200008392334 31.5 AB 9.178089678848282 1.1617835036516813
61590.0224 lsst_hardware_u 1.6949075858624074 2.809999942779541 28.440000534057617 AB 9.161687191941265 1.159707239486236
61595.0052 lsst_hardware_g 21.964518281578425 21.139999389648438 31.530000686645508 AB 2.810291938518256 1.1585249669249742
61595.0261 lsst_hardware_r -4.045617993839409 28.770000457763672 31.520000457763672 AB 2.82494766277538 1.1740042234911428
