data/validation/pwv_sim_epoch_fit_epoch/26745909.ecsv
# %ECSV 0.9
# ---
# datatype:
# - {name: time, datatype: float64}
# - {name: band, datatype: string}
# - {name: flux, datatype: float64}
# - {name: fluxerr, datatype: float64}
# - {name: zp, datatype: float64}
# - {name: zpsys, datatype: string}
# - {name: pwv, datatype: float64}
# - {name: airmass, datatype: float64}
# meta: {SNID: '26745909', alt: 1024.0, c: -0.12986823916435242, dec: -18.367102, lat: -30.244573, lon: -70.7499537, ra: 178.59375, t0: 61136.12109375,
#   x0: 2.4447759866567256e-06, x1: 0.7890948057174683, z: 0.8201935291290283}
# schema: astropy-2.0
time band flux fluxerr zp zpsys pwv airmass
[from data line 133]
61464.2845 lsst_hardware_g 62.76211390888827 28.739999771118164 31.649999618530273 AB 5.650092279017136 1.0360804912623112
61468.2391 lsst_hardware_i 5.839481801172932 30.690000534057617 31.25 AB 5.707159697496851 1.021750855910399
61468.2578 lsst_hardware_z 11.09652496939506 41.0 30.940000534057617 AB 6.025124838333866 1.0244342783060543
61470.2447 lsst_hardware_r -29.353879521299188 23.43000030517578 31.510000228881836 AB 7.982404957276334 1.0219004383301749
61470.2627 lsst_hardware_u 1.5064924118987157 2.7100000381469727 28.43000030517578 AB 8.03398792916071 1.0310890273893136
61472.2436 lsst_hardware_g -17.425626695416547 14.739999771118164 31.450000762939453 AB 11.047026800591745 1.023101786720027
61472.2619 lsst_hardware_i 18.52360813063482 31.059999465942383 31.260000228881836 AB 10.249641425898409 1.035317315747314
61474.2432 lsst_hardware_z -10.380218772231672 41.25 30.950000762939453 AB 10.34163837047995 1.0253119769800672
61474.261 lsst_hardware_r -63.207645988637616 23.6299991607666 31.510000228881836 AB 9.843043057513214 1.0402159109657378
61476.2297 lsst_hardware_u -3.976584573350014 2.6700000762939453 28.399999618530273 AB 7.564355149579153 1.022210155348534
61476.2489 lsst_hardware_g -10.990988694421015 14.720000267028809 31.440000534057617 AB 7.646674247001519 1.033334357702908
61477.2278 lsst_hardware_r 0.712774977379757 23.770000457763672 31.520000457763672 AB 14.425776046938267 1.0224278997546494
61477.2461 lsst_hardware_i -2.296420526835288 31.25 31.260000228881836 AB 14.184735883296621 1.0332703877693072
61479.036 lsst_hardware_z 284.6150420642891 104.61000061035156 32.36000061035156 AB 18.383917592451425 1.9421768338013987
61485.1324 lsst_hardware_z -81.59461428824629 82.7300033569336 30.989999771118164 AB 5.661858170051111 1.0982348345690347
61485.1524 lsst_hardware_i -99.71876880374671 95.87999725341797 31.34000015258789 AB 5.4488699170984 1.0572631418090517
61489.2191 lsst_hardware_y -120.5343437767354 78.2300033569336 30.809999465942383 AB 7.312915533049186 1.039135422102923
61492.183 lsst_hardware_r 99.07937680438414 41.720001220703125 31.6200008392334 AB 7.279677131664872 1.0216134815453346
61492.2009 lsst_hardware_i -57.48060134653417 40.560001373291016 31.299999237060547 AB 7.399842648928392 1.0297104664773495
61494.183 lsst_hardware_z 34.74004606397282 42.310001373291016 30.959999084472656 AB 6.949268973042442 1.0229165717222048
61494.2014 lsst_hardware_r -0.6839003813250443 28.280000686645508 31.559999465942383 AB 7.009641898280633 1.034888075533558
61499.1834 lsst_hardware_i 38.62147535888544 31.020000457763672 31.25 AB 4.770885797809652 1.0309855856963053
61499.2023 lsst_hardware_z -82.32576288952772 41.599998474121094 30.950000762939453 AB 4.868019694650468 1.0530001502596378
61501.1687 lsst_hardware_r 25.865601987774212 23.639999389648438 31.520000457763672 AB 14.18987128781484 1.0249094465738189
61501.1858 lsst_hardware_u -0.26046484464856257 2.7799999713897705 28.479999542236328 AB 14.177079054311461 1.0385377667798301
61503.1672 lsst_hardware_g 24.20162939335602 14.960000038146973 31.459999084472656 AB 8.561287783245982 1.027149104168684
61503.1852 lsst_hardware_r 2.7814352125188853 23.770000457763672 31.510000228881836 AB 8.761126071713576 1.0443380635796453
61513.1049 lsst_hardware_r -30.110655105246913 101.05999755859375 31.670000076293945 AB 11.592797235720441 1.0259112597982691
61513.1236 lsst_hardware_i -93.89939576685525 80.66999816894531 31.350000381469727 AB 11.541623781738739 1.0213826355521007
61515.1313 lsst_hardware_i 19.38140057428178 115.9800033569336 31.350000381469727 AB 6.665672711609918 1.0253303663451652
61515.1487 lsst_hardware_z -109.51977367019069 97.02999877929688 31.010000228881836 AB 6.64442206055998 1.0398020986518142
61518.1294 lsst_hardware_r 34.66005043002305 81.44000244140625 31.65999984741211 AB 5.614962549560915 1.0293240237508552
61518.1465 lsst_hardware_z 160.49360670028665 60.41999816894531 30.979999542236328 AB 5.5882945306308445 1.0473306527912374
61520.1253 lsst_hardware_g 63.05606802470057 52.4900016784668 31.719999313354492 AB 14.333736573234884 1.0303701373517753
61520.1412 lsst_hardware_r 52.88263681714856 51.56999969482422 31.6299991607666 AB 14.651489791804828 1.0475513593644903
61522.1088 lsst_hardware_i 18.882775824926384 30.700000762939453 31.25 AB 4.535202552173406 1.0237477544409492
61522.1278 lsst_hardware_z -76.06025074291568 43.2599983215332 30.950000762939453 AB 4.641194245325723 1.0378147944453309
61524.111 lsst_hardware_r 18.903378847968387 23.219999313354492 31.510000228881836 AB 9.058302880841994 1.0278925254856164
61524.1303 lsst_hardware_g -1.8806881618734206 14.59000015258789 31.450000762939453 AB 8.736041760724683 1.0475812286146455
61526.111 lsst_hardware_r -24.27547641012941 23.329999923706055 31.510000228881836 AB 10.06295719477299 1.0320981738228707
61526.128 lsst_hardware_i 1.2112004707380128 31.020000457763672 31.260000228881836 AB 9.791163831881168 1.0521250972264917
61528.1128 lsst_hardware_z 15.132036845577503 41.36000061035156 30.959999084472656 AB 13.659553000250893 1.0393420582271937
61528.1311 lsst_hardware_i 11.532522007232805 31.100000381469727 31.260000228881836 AB 12.058202763369076 1.0664133863997944
61530.0842 lsst_hardware_r -11.599477142559914 23.200000762939453 31.520000457763672 AB 9.460784939890319 1.0227507051879556
61530.1034 lsst_hardware_u 0.25422252387047617 2.8299999237060547 28.540000915527344 AB 9.580376342457088 1.0351754588546864
61533.0865 lsst_hardware_i -29.55517893113602 30.709999084472656 31.260000228881836 AB 10.618304356678214 1.0279425947928182
61533.1044 lsst_hardware_z -18.566823429550375 41.380001068115234 30.950000762939453 AB 10.855297292370809 1.0457897198815806
61535.0845 lsst_hardware_r 20.88986089046961 23.270000457763672 31.510000228881836 AB 7.615355680705383 1.0304946793917975
61535.1021 lsst_hardware_g -4.281923464877707 14.470000267028809 31.440000534057617 AB 7.865528762624279 1.0501724039687264
61537.0831 lsst_hardware_r 24.850488670129955 27.040000915527344 31.559999465942383 AB 11.93943277094629 1.0340304655910113
61541.0341 lsst_hardware_z 17.560319821296925 92.0199966430664 31.739999771118164 AB 5.402412902357492 1.0232811634354564
61543.029 lsst_hardware_r 22.28404996152519 109.13999938964844 31.670000076293945 AB 7.458341867537102 1.023150642017093
61543.0473 lsst_hardware_i 21.05939976142021 89.33999633789062 31.34000015258789 AB 8.567911637681554 1.0223424911719552
61547.0062 lsst_hardware_i 77.89275721647391 59.25 31.329999923706055 AB 4.739252793618717 1.0298059488171045
61552.9939 lsst_hardware_r -16.2401948885421 23.559999465942383 31.510000228881836 AB 6.655761994606912 1.0269652823031559
61553.0135 lsst_hardware_i -33.07738727464708 31.049999237060547 31.270000457763672 AB 7.215167955822993 1.0213274762294562
61554.9897 lsst_hardware_z -96.46019442479054 41.150001525878906 30.959999084472656 AB 9.836182432009322 1.0262057832038938
61555.0103 lsst_hardware_i -20.63570975656454 30.75 31.260000228881836 AB 9.896895238990396 1.021518332612735
61559.9922 lsst_hardware_r -7.7853561371218785 23.65999984741211 31.510000228881836 AB 11.030128632027417 1.0213082066692052
61560.0116 lsst_hardware_i 45.605949785984954 31.040000915527344 31.25 AB 11.544550764446809 1.0271714182053957
61561.9743 lsst_hardware_z 38.17378803888842 59.45000076293945 31.709999084472656 AB 4.4044421317755145 1.0242888678547708
61570.9505 lsst_hardware_y -8.104867175437619 73.3499984741211 30.06999969482422 AB 12.710791912061381 1.023949080602681
61570.9691 lsst_hardware_z -13.009241430709531 62.290000915527344 30.989999771118164 AB 13.213549539984701 1.021929585458987
