data/validation/pwv_sim_epoch_fit_epoch/26759156.ecsv
# %ECSV 0.9
# ---
# datatype:
# - {name: time, datatype: float64}
# - {name: band, datatype: string}
# - {name: flux, datatype: float64}
# - {name: fluxerr, datatype: float64}
# - {name: zp, datatype: float64}
# - {name: zpsys, datatype: string}
# - {name: pwv, datatype: float64}
# - {name: airmass, datatype: float64}
# meta: {SNID: '26759156', alt: 1024.0, c: -0.0636860579252243, dec: -5.529265, lat: -30.244573, lon: -70.7499537, ra: 206.367188, t0: 62258.9921875,
#   x0: 2.52419716797038e-06, x1: 0.801393985748291, z: 0.8102883100509644}
# schema: astropy-2.0
time band flux fluxerr zp zpsys pwv airmass
62175.3744 lsst_hardware_g 15.217758958075839 19.889999389648438 31.549999237060547 AB 9.090229934228127 1.1020241575480825
62177.3718 lsst_hardware_z 26.351116144258988 43.18000030517578 30.950000762939453 AB 3.759643585583872 1.1008936586956508
62179.3689 lsst_hardware_g 0.8361466447310278 15.770000457763672 31.450000762939453 AB 6.7616435310734015 1.100169790282042
62179.3867 lsst_hardware_y 44.72832927262923 58.630001068115234 30.030000686645508 AB 5.619754051421109 1.1026332344187917
62181.2166 lsst_hardware_i -30.624318045297926 52.060001373291016 31.8799991607666 AB 4.128628961720275 1.842452493143989
62183.3385 lsst_hardware_r -49.669126197136166 24.59000015258789 31.5 AB 3.986208337721354 1.112585478268043
62183.3575 lsst_hardware_y 51.906696994078374 48.06999969482422 30.020000457763672 AB 3.861260795148622 1.1002832812923222
62185.3436 lsst_hardware_u -3.4528696671430277 2.8299999237060547 28.469999313354492 AB 5.837154960482997 1.1038666696997372
62185.3609 lsst_hardware_r -34.37449998097205 24.540000915527344 31.510000228881836 AB 5.706047888456898 1.0996960517382603
62187.313 lsst_hardware_i 45.287946115613636 32.349998474121094 31.25 AB 4.093025147232117 1.1327037905720538
62187.328 lsst_hardware_z -34.00385624224827 42.810001373291016 30.950000762939453 AB 4.017255116235722 1.1121455588711453
62189.3431 lsst_hardware_r 20.8729718473206 24.459999084472656 31.5 AB 10.26150415107096 1.0998691445184448
62189.3595 lsst_hardware_u -1.5871572190336167 2.799999952316284 28.440000534057617 AB 10.288021430572332 1.1026818253560913
62193.3348 lsst_hardware_i -18.850373954163366 37.619998931884766 31.270000457763672 AB 7.277509915114493 1.0995708869252085
62193.354 lsst_hardware_z 6.702328819910786 42.779998779296875 30.940000534057617 AB 7.342933213093492 1.1060716570278277
62195.3432 lsst_hardware_r 98.06209065653606 96.0199966430664 31.639999389648438 AB 5.24784957766798 1.1027210711636857
62195.3613 lsst_hardware_z -74.54655471313382 68.1500015258789 30.979999542236328 AB 5.3400168243507835 1.1190311869972487
62197.3393 lsst_hardware_r 19.99724569858645 120.43000030517578 31.639999389648438 AB 3.5314414468653306 1.1035754521454157
62197.3574 lsst_hardware_i 61.61472805748432 96.80999755859375 31.31999969482422 AB 3.5875470893890475 1.1211084654340773
62198.2624 lsst_hardware_i 53.89431608054424 97.7300033569336 31.309999465942383 AB 6.903499048769444 1.1786581572915036
62198.2796 lsst_hardware_z 121.62565878893028 84.5999984741211 30.979999542236328 AB 6.680216889302432 1.1387542108335704
62205.3026 lsst_hardware_i 27.10705384636202 32.22999954223633 31.25 AB 9.482442744151657 1.0995411345259476
62205.3201 lsst_hardware_z 25.321399066541375 42.880001068115234 30.940000534057617 AB 9.530233673266252 1.1052536345986974
62207.3048 lsst_hardware_r -22.837552306346616 24.34000015258789 31.5 AB 8.221659132893329 1.1004763931058092
62207.3242 lsst_hardware_g 4.961685766162633 15.220000267028809 31.440000534057617 AB 8.292418643312713 1.1138238607538904
62209.3068 lsst_hardware_r 21.08636921137506 24.34000015258789 31.489999771118164 AB 11.664729245752715 1.1037260960167263
62209.3259 lsst_hardware_i 31.55024366707428 32.2400016784668 31.229999542236328 AB 11.853915793032154 1.1228666228539639
62210.3026 lsst_hardware_z -55.7517458064397 42.7400016784668 30.940000534057617 AB 9.154085574966217 1.1029018765019538
62210.3224 lsst_hardware_i -12.43603145771328 32.20000076293945 31.239999771118164 AB 9.310803912312286 1.1217836038930464
62212.3055 lsst_hardware_u -1.1818752035635447 2.799999952316284 28.450000762939453 AB 8.917578084368515 1.1088067248204556
62212.3249 lsst_hardware_g -0.4595854832090859 15.270000457763672 31.440000534057617 AB 9.15215900756851 1.1343073690981609
62215.2758 lsst_hardware_g 19.3492798381842 15.510000228881836 31.469999313354492 AB 5.493694656175735 1.099526925531778
62215.2936 lsst_hardware_r -16.56366019305322 24.760000228881836 31.520000457763672 AB 5.305267084794619 1.1058207260171864
62219.2699 lsst_hardware_r 2.745761867531068 24.600000381469727 31.510000228881836 AB 6.72200689735671 1.0999697648845748
62219.2906 lsst_hardware_g 4.291469238097636 15.470000267028809 31.450000762939453 AB 6.815572977440792 1.112913166994913
62223.2471 lsst_hardware_z 10.153333481055608 63.54329567836309 30.979999542236328 AB 8.414828307277718 1.1006009906192096
62223.265 lsst_hardware_i -11.611569011231397 69.4556565861763 31.329999923706055 AB 8.480039746748819 1.1018762664694413
62227.2441 lsst_hardware_r -80.74544292687511 118.85689180662389 31.649999618530273 AB 4.634529896296161 1.099532596986054
62227.2628 lsst_hardware_i 35.1400781720254 98.499066788685 31.329999923706055 AB 5.209968658857992 1.107325963625503
62229.2452 lsst_hardware_z 155.5929277117674 76.27391288707989 31.719999313354492 AB 7.898243729072201 1.1006087760420993
62231.2399 lsst_hardware_g 28.39588167430111 32.93150313667098 31.639999389648438 AB 7.751927892873365 1.1006570911363573
62231.2585 lsst_hardware_r 2.1959200855217613 36.689170622672506 31.579999923706055 AB 7.6929490730210786 1.1136289914622624
62233.2413 lsst_hardware_i 127.12414456690354 35.22984717375571 31.25 AB 9.549177215055904 1.1037384567585327
62233.2599 lsst_hardware_z 87.45404288089898 44.865332934370684 30.940000534057617 AB 8.977545737814589 1.1221932172268236
62237.229 lsst_hardware_g 49.48936790965408 16.699713525957765 31.469999313354492 AB 3.088291284602675 1.102961173072384
62237.2467 lsst_hardware_r 213.4373707466587 28.67398217224551 31.510000228881836 AB 3.1335207377248335 1.1191145491874406
62241.1734 lsst_hardware_i 491.1743392926528 39.048876923238204 31.25 AB 11.094809217879568 1.120687799785815
62241.1904 lsst_hardware_r 322.7558461364629 31.155548472636013 31.510000228881836 AB 10.930042364075382 1.1040446832399375
62245.1957 lsst_hardware_g 116.54629224729925 19.154839336691843 31.469999313354492 AB 9.909277217389397 1.0995647156446289
62245.2134 lsst_hardware_r 548.376262957765 33.94762419297561 31.520000457763672 AB 9.94018956181487 1.1071205459553786
62249.1917 lsst_hardware_i 881.7827608845004 49.179130996078506 31.280000686645508 AB 4.511754620453816 1.1009650123118147
62249.2092 lsst_hardware_z 557.3453799178528 51.266755544110076 30.950000762939453 AB 5.092780430711715 1.1134599928677726
62255.1929 lsst_hardware_z 1249.6930487308416 134.03369848185181 31.739999771118164 AB 10.87530376048566 1.1135503355560592
62258.1873 lsst_hardware_r 842.0802352841713 61.925548639889094 31.6200008392334 AB 8.790439836894762 1.1165298916417006
62258.2046 lsst_hardware_i 1030.087288792325 58.56332032058043 31.299999237060547 AB 9.063474457760782 1.144305846570391
62260.1605 lsst_hardware_i 1010.4795083033235 47.304155454427395 31.270000457763672 AB 11.109637948696733 1.100590727265199
62260.1788 lsst_hardware_z 618.5147497986534 51.226411333463346 30.950000762939453 AB 10.27618624689834 1.1130649074157857
62262.1545 lsst_hardware_i 936.0029349615494 43.98241466286261 31.260000228881836 AB 3.784401216909401 1.1004365271617915
62262.1735 lsst_hardware_u 4.27934103475978 2.8932739017148563 28.459999084472656 AB 3.645854826176026 1.113238114862944
62265.1499 lsst_hardware_i 935.2049151294275 43.209977831679254 31.25 AB 8.372858022574404 1.1016918450755795
62265.168 lsst_hardware_r 457.9850456790104 33.056797061236445 31.510000228881836 AB 8.515547515564492 1.1163051145595007
62267.1463 lsst_hardware_u -1.8948087241522726 2.896803854140393 28.479999542236328 AB 8.522739133741986 1.1025535748695972
62267.1648 lsst_hardware_g 85.79427043438643 17.358921116231283 31.450000762939453 AB 8.68612873619409 1.1191301599167804
62271.1164 lsst_hardware_z 483.35298658230647 47.99952737425975 30.940000534057617 AB 7.3663672940506935 1.100498076896115
62271.1355 lsst_hardware_r 319.40279094057433 30.99232909497203 31.510000228881836 AB 7.686607965652677 1.102615451411537
62276.0847 lsst_hardware_i 1167.402867805189 58.504971475289246 32.0 AB 9.105079822726555 1.1124557900211642
62276.105 lsst_hardware_z 884.970692180504 67.54284463165456 31.690000534057617 AB 9.018237006696378 1.0999638567283225
62278.0812 lsst_hardware_g 50.107364963257524 42.71533155485769 31.670000076293945 AB 5.550110213398382 1.110484744656559
62278.1041 lsst_hardware_r 315.8829269730765 47.99569666122511 31.610000610351562 AB 5.093728256201402 1.09952401558523
62281.0738 lsst_hardware_i 505.4817908668048 101.00667592623728 31.329999923706055 AB 5.41699651056903 1.109737061711765
62281.0947 lsst_hardware_r 316.9883751561868 121.41785826609704 31.649999618530273 AB 6.273709600021658 1.0995576795037083
62284.0839 lsst_hardware_z 660.7206253068326 106.7952962561545 31.739999771118164 AB 8.314750823295755 1.0998347649862488
62287.0865 lsst_hardware_z 550.2296547069814 73.30734617353411 31.709999084472656 AB 9.639755829582354 1.1005125005232435
62287.1105 lsst_hardware_r 223.36875067576977 77.17780466833638 32.369998931884766 AB 9.912374552304113 1.119536317179193
62290.0502 lsst_hardware_i 305.2783617315027 35.79314978194713 31.25 AB 9.952237434825172 1.1088535065680813
62290.0731 lsst_hardware_u -2.3858061858929096 2.8005868106111396 28.420000076293945 AB 9.817923713525355 1.0995854642055365
62303.0466 lsst_hardware_i 88.44630106586774 34.108893457817246 31.25 AB 9.628910516725055 1.1018951212135426
62303.0687 lsst_hardware_r 33.13884615394838 25.726221745325667 31.5 AB 9.668296729991935 1.1221003023347063
62305.0215 lsst_hardware_z 259.20812733247146 64.34987348029223 31.700000762939453 AB 5.606361908008081 1.101175921042533
62307.0103 lsst_hardware_g 69.0887144248519 49.67926293248632 31.68000030517578 AB 3.9828052008300676 1.1039837016068454
62307.0323 lsst_hardware_r 24.40879914725701 54.49412256391048 31.6200008392334 AB 3.9439466225712287 1.1006362667641274
62309.0121 lsst_hardware_i 63.10841674558237 82.35836030308623 31.329999923706055 AB 3.397837142498883 1.1006625917124198
62309.036 lsst_hardware_z 211.27101890290612 74.83159065668299 30.989999771118164 AB 3.4121807638844497 1.1051597615819895
62313.0082 lsst_hardware_g 48.12766021375625 97.67863715234215 31.709999084472656 AB 4.475828291991492 1.0995320075315116
62313.0306 lsst_hardware_r 196.11443485218842 89.6849597298065 31.639999389648438 AB 4.497382013883082 1.109597108569341
62323.9769 lsst_hardware_y 210.09283244664863 84.57509113229362 31.219999313354492 AB 4.417041587280749 1.099587151426624
62324.0108 lsst_hardware_r 86.77484101600272 44.686575211337235 32.70000076293945 AB 3.3639894535576387 1.1213298178525462
62325.9643 lsst_hardware_y 6.059527744131497 51.94659815260517 30.030000686645508 AB 3.3882610743494017 1.1011274987729944
62325.9957 lsst_hardware_z 103.83628584924793 44.391998903599344 30.950000762939453 AB 3.4118845124050172 1.1101576504570705
62330.9628 lsst_hardware_y 40.000658602762385 78.57969280756045 30.790000915527344 AB 9.16378664660504 1.0997643740300078
62330.983 lsst_hardware_r 103.64027883122232 37.33448691204987 32.27000045776367 AB 9.566589206304721 1.111080606992283
62540.3674 lsst_hardware_u -2.0096486155090303 2.880000114440918 28.389999389648438 AB 9.063062396184746 1.106724895482999
62540.386 lsst_hardware_y 4.669363370519096 68.41000366210938 30.040000915527344 AB 7.311638936080035 1.099494576854132
62542.3691 lsst_hardware_i -37.15384432101654 32.45000076293945 31.239999771118164 AB 3.755859201733951 1.1022330746101061
62542.387 lsst_hardware_y -42.34393874897081 64.19000244140625 30.040000915527344 AB 4.201815964177057 1.1003358844737703
62544.3619 lsst_hardware_u -5.285429769684439 2.9000000953674316 28.489999771118164 AB 6.829080514629165 1.103125217741093
62544.3794 lsst_hardware_y -39.952880452269305 50.220001220703125 30.030000686645508 AB 5.69730226175628 1.0998653014973514
62545.3572 lsst_hardware_r 2.0898812574315975 24.719999313354492 31.5 AB 6.17776091221276 1.1042890267912986
62545.3753 lsst_hardware_y -30.956978009162516 48.709999084472656 30.030000686645508 AB 5.41171880584089 1.0996634606737987
62547.3712 lsst_hardware_z -110.6349052165429 61.900001525878906 31.700000762939453 AB 4.4442685495802845 1.0998622903125124
62549.3718 lsst_hardware_z 42.229687190430646 55.869998931884766 30.969999313354492 AB 4.47751076132027 1.1016819244190856
62549.3893 lsst_hardware_y 0.804628568481092 59.79999923706055 30.040000915527344 AB 3.681551413520904 1.11562164046088
62551.3384 lsst_hardware_r -8.434375349482934 103.05999755859375 31.649999618530273 AB 3.4196599047948433 1.1059404085039244
62551.3575 lsst_hardware_i -6.997583485788933 80.66000366210938 31.329999923706055 AB 3.5111791232168588 1.0995341721973462
62555.3527 lsst_hardware_z -1.4887984690423661 88.83999633789062 31.729999542236328 AB 10.806979326412817 1.1006751872906004
62558.3374 lsst_hardware_r 49.212825516249424 28.760000228881836 31.540000915527344 AB 7.363579006674033 1.0994929271975862
62558.3553 lsst_hardware_i -20.741887402149743 33.939998626708984 31.260000228881836 AB 7.259368384643428 1.1064845306776554
62564.3085 lsst_hardware_r 30.25895716295219 24.190000534057617 31.489999771118164 AB 7.941771821581711 1.1024879324747647
62564.3269 lsst_hardware_i -43.36432821501324 31.799999237060547 31.239999771118164 AB 7.868379060895982 1.1003187052015078
62567.3129 lsst_hardware_u 0.708375354409198 2.680000066757202 28.360000610351562 AB 9.822862086121908 1.0994920624716837
62567.3319 lsst_hardware_g -19.00753587886456 15.119999885559082 31.43000030517578 AB 9.940096779060614 1.1074082864372343
62569.3031 lsst_hardware_r 12.37395750196482 24.200000762939453 31.489999771118164 AB 7.918440913622002 1.099783460225278
62569.321 lsst_hardware_i -34.271649486003 31.8799991607666 31.239999771118164 AB 7.945916118850433 1.103599460951449
62573.304 lsst_hardware_z -47.81788531040769 42.65999984741211 30.940000534057617 AB 15.123798827770061 1.1008133074530302
62573.3232 lsst_hardware_u -7.247638249812649 2.740000009536743 28.399999618530273 AB 15.357259235356281 1.1149454940726398
62576.2735 lsst_hardware_r -29.433064621440085 45.40999984741211 31.600000381469727 AB 8.291604336509517 1.1037077319812962
62576.2925 lsst_hardware_g -55.91034682083907 33.38999938964844 31.639999389648438 AB 8.577715733359188 1.0999421756818792
62577.2769 lsst_hardware_r 25.62885983896468 65.70999908447266 31.6299991607666 AB 8.696776120196184 1.100857736733694
62577.298 lsst_hardware_i 43.56170738960874 54.97999954223633 31.299999237060547 AB 8.861633125859536 1.1029476788673267
62579.2748 lsst_hardware_z 66.93010584120293 80.0199966430664 30.989999771118164 AB 6.17663304544181 1.0999583958403045
62579.294 lsst_hardware_i 42.106687688854876 93.5 31.329999923706055 AB 6.070767577468025 1.1037759231760047
62581.2416 lsst_hardware_z -118.64739590537897 143.63999938964844 31.739999771118164 AB 6.384420884251596 1.121680926049298
62583.2781 lsst_hardware_r 16.110697969097913 86.87000274658203 31.639999389648438 AB 6.7710837843201634 1.1013175392642967
62583.2977 lsst_hardware_i -4.202973062254917 73.08000183105469 31.31999969482422 AB 6.906015459835105 1.1170865866608424
62585.2369 lsst_hardware_z 200.36146806982137 67.62999725341797 31.700000762939453 AB 7.823436897676109 1.1139207732808887
62590.1006 lsst_hardware_g -9.216475115834223 15.010000228881836 31.209999084472656 AB 10.752768773209098 1.792426866679327
62590.1192 lsst_hardware_r 2.7400535468467693 25.84000015258789 31.40999984741211 AB 9.444568135808623 1.5735701659128267
62593.2766 lsst_hardware_i 6.333899257823499 45.79999923706055 31.989999771118164 AB 8.892045936314544 1.1255754349765246
62593.295 lsst_hardware_u -1.8278007625675452 3.8499999046325684 29.100000381469727 AB 10.223184834687055 1.161549557039129
62595.2526 lsst_hardware_g 6.491890278845536 15.6899995803833 31.450000762939453 AB 7.110072660791552 1.1052499084084177
62595.2723 lsst_hardware_r 11.882527984327652 24.940000534057617 31.5 AB 7.261510929133498 1.1273595770641902
62597.2405 lsst_hardware_i 17.203936718030242 32.220001220703125 31.25 AB 16.330002364666825 1.1015674025588666
