data/validation/pwv_sim_epoch_fit_epoch/26796673.ecsv
# %ECSV 0.9
# ---
# datatype:
# - {name: time, datatype: float64}
# - {name: band, datatype: string}
# - {name: flux, datatype: float64}
# - {name: fluxerr, datatype: float64}
# - {name: zp, datatype: float64}
# - {name: zpsys, datatype: string}
# - {name: pwv, datatype: float64}
# - {name: airmass, datatype: float64}
# meta: {SNID: '26796673', alt: 1024.0, c: 0.12841206789016724, dec: -38.873585, lat: -30.244573, lon: -70.7499537, ra: 52.382812, t0: 60248.5234375,
#   x0: 0.00013769454754493019, x1: 0.8221902847290039, z: 0.14594753086566925}
# schema: astropy-2.0
time band flux fluxerr zp zpsys pwv airmass
60193.342 lsst_hardware_z -298.2680364728851 145.7899932861328 31.75 AB 0.9080985764827836 1.03546017842975
60198.4079 lsst_hardware_i -47.66131416582033 83.9000015258789 31.34000015258789 AB 2.560944426167979 1.0310451960684341
60200.3274 lsst_hardware_i 77.72976629205716 85.80999755859375 31.34000015258789 AB 2.8154017877912754 1.0304334478145394
60200.3447 lsst_hardware_u -55.65179135770297 29.059999465942383 29.549999237060547 AB 2.9310584333738317 1.016669591874378
60202.4005 lsst_hardware_g -46.129888942901296 87.11000061035156 31.729999542236328 AB 1.2349865727778764 1.0349772242010278
60214.3634 lsst_hardware_i -58.61614977457776 83.95999908447266 31.34000015258789 AB 5.122764328785339 1.0301845412494017
60214.375 lsst_hardware_z 72.9514029945856 102.0999984741211 31.0 AB 5.84798322351875 1.0442827184854913
60216.3659 lsst_hardware_z 97.48033285028843 144.36000061035156 31.760000228881836 AB 7.218910085448698 1.0394149531495158
60217.3028 lsst_hardware_r -5.271350406635847 113.94000244140625 32.40999984741211 AB 3.777152433755905 1.0144772534092272
60217.3194 lsst_hardware_i -133.69487653558494 121.58999633789062 32.099998474121094 AB 3.824507152528198 1.0112393317102586
60225.3495 lsst_hardware_r -16.532914229829085 80.25 31.649999618530273 AB 4.538610749293704 1.0509287008240114
60225.3607 lsst_hardware_i 30.19470767681008 85.55999755859375 31.329999923706055 AB 4.696254598211179 1.0702494526459192
60228.35 lsst_hardware_z 10.717185504209247 104.78186190133093 31.0 AB 4.688425033490231 1.0655511439750522
60228.3621 lsst_hardware_i 546.5710921160041 89.41798723895877 31.329999923706055 AB 4.754956532185893 1.0902737821004422
60233.282 lsst_hardware_u 353.03259922994073 34.0212921323116 29.549999237060547 AB 7.364882784101019 1.0119840769616204
60233.294 lsst_hardware_g 8994.908855226853 130.43184596289117 31.739999771118164 AB 7.150003525322531 1.0164195785517849
60237.2907 lsst_hardware_z 10510.213607188449 146.43052656910515 31.010000228881836 AB 1.2691648052788906 1.0213236093982487
60237.3029 lsst_hardware_u 867.3403658944453 40.915812299317 29.530000686645508 AB 1.2443440633746896 1.0326506750002744
60239.3238 lsst_hardware_r 29845.127002707377 189.81395704061043 31.649999618530273 AB 2.644847913424658 1.0728155408699263
60239.3349 lsst_hardware_g 29376.603882287283 191.34959444327583 31.709999084472656 AB 3.457334369211429 1.0968410424466346
60243.3191 lsst_hardware_z 15689.122423385017 161.41200300101087 31.0 AB 1.4440059158424676 1.0857187337158032
60243.3303 lsst_hardware_i 26955.323958905617 184.0637369758795 31.31999969482422 AB 1.5647261551945832 1.1126282212804854
60245.3215 lsst_hardware_z 30982.451298437845 227.76030967286346 31.75 AB 3.192198542174138 1.104089422282254
60247.3106 lsst_hardware_r 46087.8793625723 228.0896785771562 31.639999389648438 AB 4.832322105409423 1.0911255106766973
60247.3212 lsst_hardware_i 28275.548665369784 186.24400834819488 31.31999969482422 AB 4.96243587050878 1.1174769735987793
60249.3081 lsst_hardware_i 28540.319637513345 187.70549107110426 31.31999969482422 AB 5.931974716418315 1.0980393749154653
60249.32 lsst_hardware_z 13952.933310404658 153.26210233201647 30.989999771118164 AB 6.205489445126521 1.1293659509451324
60251.1195 lsst_hardware_i 28482.430015579812 188.0562060806069 31.309999465942383 AB 4.749056057898442 1.1841063974148376
60251.1386 lsst_hardware_z 13162.180541217014 153.35665520846874 30.989999771118164 AB 4.380867114295166 1.122699527422146
60251.2985 lsst_hardware_r 46086.10205703172 228.8214181110513 31.639999389648438 AB 5.224638058353624 1.088466262157005
60251.3104 lsst_hardware_g 39576.57026216783 215.82302689597265 31.700000762939453 AB 5.365463783968964 1.117804954993534
60261.2564 lsst_hardware_r 34150.588938854 200.85015730154416 31.649999618530273 AB 4.775597783565115 1.0593606440916405
60261.2675 lsst_hardware_u 367.848442288684 34.200406680121354 29.469999313354492 AB 4.755474389449199 1.0804622211714325
60263.2538 lsst_hardware_g 20320.610980785088 167.7800015525045 31.729999542236328 AB 4.861783188624699 1.0643909775869589
60263.2652 lsst_hardware_i 17496.251516970136 156.41936015271418 31.329999923706055 AB 4.963140770334275 1.0872754850395476
60268.2485 lsst_hardware_r 23808.330131669434 173.6694477951608 31.639999389648438 AB 5.308937752076721 1.080699796860424
60268.2604 lsst_hardware_y 4587.365141353803 125.86607786032475 30.049999237060547 AB 4.861153812425004 1.1083763205225168
60270.238 lsst_hardware_z 8281.199536411546 135.45720027950742 31.0 AB 3.375228705395883 1.0705665547207621
60270.2504 lsst_hardware_r 22491.675886999124 168.7834958471978 31.639999389648438 AB 3.3617485729799346 1.0971764272121796
60272.2489 lsst_hardware_i 15483.354686138522 148.7413645366616 31.329999923706055 AB 8.5135673234924 1.1069039598889312
60272.2614 lsst_hardware_z 8654.52991315927 135.65180789392133 30.989999771118164 AB 10.163273241068069 1.1418552813721934
60274.236 lsst_hardware_r 19271.519564056864 159.7410432919656 31.639999389648438 AB 5.745199203963428 1.0891372898508442
60274.2484 lsst_hardware_z 9111.621895338922 138.29715930653126 30.989999771118164 AB 5.8860556930998245 1.1199801528113071
60278.2371 lsst_hardware_z 10406.245419548764 144.2817760246755 30.989999771118164 AB 6.125308194680144 1.1189480641826601
60278.2493 lsst_hardware_r 16872.68641522252 151.84610099857778 31.6299991607666 AB 6.317653880296726 1.155421808814593
60280.1892 lsst_hardware_i 14522.216293778076 146.53925975046258 31.34000015258789 AB 6.585111294896251 1.036970966599588
60280.2008 lsst_hardware_r 16066.706996437459 148.92465671636478 31.649999618530273 AB 6.6428923329250855 1.0532292365179958
60287.1134 lsst_hardware_i 11198.931764423949 133.82361749410978 31.34000015258789 AB 6.315478579379077 1.0138018427449564
60287.1258 lsst_hardware_u 34.236578820202716 28.938269247486534 29.540000915527344 AB 5.558282774550585 1.0112557165214764
60290.1604 lsst_hardware_r 10243.282958097161 128.77972116434836 31.65999984741211 AB 12.236025475205352 1.0351821442341778
60290.1745 lsst_hardware_z 8185.337220078575 135.92345112135357 31.0 AB 13.396493579342483 1.0548420141214554
60293.1063 lsst_hardware_r 7511.164485499244 89.46888654387023 31.479999542236328 AB 7.864092046696418 1.011500243463389
60293.1181 lsst_hardware_i 7496.56452127616 90.80507735311814 31.25 AB 7.874872930007872 1.0119795790380222
60295.1026 lsst_hardware_z 6050.341261784474 85.22297541790124 30.950000762939453 AB 9.713828047909841 1.0113303537646894
60295.114 lsst_hardware_u 21.705709332352036 5.592584755328354 28.520000457763672 AB 9.73349685411739 1.0122802985605468
60297.1041 lsst_hardware_g 2397.103312037951 53.61064697410824 31.600000381469727 AB 3.119091836553977 1.011488002341577
60297.1169 lsst_hardware_r 7182.404622371446 87.83051043631662 31.549999237060547 AB 3.1371094863071147 1.0152457884488364
60301.0979 lsst_hardware_i 5648.799610002175 90.62357662218871 31.31999969482422 AB 4.31834906894344 1.012350332642832
60301.1107 lsst_hardware_z 4845.6003585574745 85.01170853767786 30.979999542236328 AB 4.347952333945062 1.0177791043878397
60303.0984 lsst_hardware_i 5334.668454164974 94.48472190178335 31.329999923706055 AB 6.1535871261886905 1.0143136153935288
60303.1111 lsst_hardware_z 4418.595179478382 86.36334495889157 30.979999542236328 AB 6.139210036122249 1.0217967022214869
60304.098 lsst_hardware_z 4503.465597977413 87.11280044771578 30.989999771118164 AB 7.68745676078989 1.015348424736984
60304.1099 lsst_hardware_r 6691.3669851069735 114.10453671461143 31.65999984741211 AB 7.721573096242922 1.023007200164601
60306.1005 lsst_hardware_i 114.82710248611778 57.459999084472656 31.329999923706055 AB 5.4336920392392605 1.0200285412500958
60306.1138 lsst_hardware_r 3.035518008480244 71.76000213623047 31.65999984741211 AB 5.511681390765396 1.031892422135309
60310.0874 lsst_hardware_g -14.573050616057415 12.800000190734863 31.389999389648438 AB 7.056720696250281 1.0185716909363856
60310.0996 lsst_hardware_r -12.599786487447632 21.479999542236328 31.479999542236328 AB 7.125707241882192 1.0284891718968425
60314.0748 lsst_hardware_i -28.162021791861996 29.5 31.25 AB 10.758460668663638 1.0175409693240942
60314.0862 lsst_hardware_u -0.341419420482873 2.5999999046325684 28.420000076293945 AB 10.696009117590208 1.0261273177311447
60316.0782 lsst_hardware_g -21.11468591770558 12.819999694824219 31.3799991607666 AB 10.004455764342975 1.023892719715789
60316.0907 lsst_hardware_r -17.587022661104893 21.540000915527344 31.479999542236328 AB 9.108392252137474 1.0367331925641161
60318.082 lsst_hardware_i -15.793514253920057 29.889999389648438 31.25 AB 8.721968945032941 1.0329598845327395
60318.0942 lsst_hardware_r 15.400281851206431 21.899999618530273 31.489999771118164 AB 6.8422483097493 1.0488615482102093
60320.0703 lsst_hardware_u -8.96518558672233 2.5799999237060547 28.399999618530273 AB 6.364767782292727 1.0265754487568914
60320.0833 lsst_hardware_g -18.86625959403737 12.890000343322754 31.389999389648438 AB 6.45545248200317 1.0412020132263178
60547.3291 lsst_hardware_i 38.2236401318405 69.19999694824219 32.470001220703125 AB 3.038877132812092 1.1187423485625567
60547.3443 lsst_hardware_r -100.21061785098122 56.849998474121094 32.36000061035156 AB 2.568723977454954 1.0820235793828787
60548.4225 lsst_hardware_g -11.938772617677833 39.939998626708984 31.700000762939453 AB 2.8365059680142606 1.012796703647082
60556.4159 lsst_hardware_u 19.681143476612316 11.020000457763672 29.309999465942383 AB 2.3340164268487853 1.0205209372268813
60558.4057 lsst_hardware_r 1.6850070129907346 22.389999389648438 31.5 AB 0.7400050262998087 1.0174221259850715
60567.3962 lsst_hardware_z -39.43204011936347 41.720001220703125 30.959999084472656 AB 1.215076214741338 1.0295074897193235
60567.407 lsst_hardware_g 20.29479556885655 30.860000610351562 31.65999984741211 AB 1.227467853027504 1.0422880155908611
60569.3142 lsst_hardware_z -94.71562983709386 53.369998931884766 30.969999313354492 AB 1.1630403812476524 1.0336605373257168
60569.3252 lsst_hardware_r 38.14263735505604 66.62999725341797 31.649999618530273 AB 1.1336962433569207 1.0229607429341887
60570.3195 lsst_hardware_z 47.97201424357288 84.13999938964844 31.739999771118164 AB 1.9593888732298237 1.0255001081105148
60570.339 lsst_hardware_r 83.04175599563317 115.94000244140625 32.40999984741211 AB 1.5029640145449992 1.0134049656987127
60575.384 lsst_hardware_z -54.004674629248456 48.18000030517578 30.969999313354492 AB 1.495030654378464 1.040745321530431
60575.3952 lsst_hardware_r -70.6608546788495 51.380001068115234 31.6299991607666 AB 1.4971594475835144 1.057440457386826
60579.3751 lsst_hardware_i 29.977722579640073 30.739999771118164 31.239999771118164 AB 5.918515317991073 1.043461797953292
60579.3864 lsst_hardware_r -16.581883582726395 25.209999084472656 31.510000228881836 AB 6.057958376091072 1.0610623031452533
60581.3686 lsst_hardware_z 13.00996599848556 40.7599983215332 30.950000762939453 AB 7.195168351119861 1.0420480848372025
60581.3805 lsst_hardware_u -0.6961033800193048 3.0399999618530273 28.510000228881836 AB 7.482175299249988 1.0602988142536591
60585.3716 lsst_hardware_i 49.92193979944519 30.110000610351562 31.25 AB 3.0851962348342217 1.0638607706324903
60585.3824 lsst_hardware_z 30.35783529080259 44.029998779296875 30.959999084472656 AB 2.8338480384863827 1.085315050005955
60587.3633 lsst_hardware_z 78.39351014033835 41.08000183105469 30.950000762939453 AB 8.047595278928272 1.0588941156484568
60587.3754 lsst_hardware_i 32.57661083877046 31.260000228881836 31.25 AB 8.672775472109961 1.0820005579326528
60589.3552 lsst_hardware_u -1.669812496939539 2.630000114440918 28.43000030517578 AB 3.7962701834223194 1.0545194953950887
60589.3669 lsst_hardware_g -2.344307937679374 13.300000190734863 31.399999618530273 AB 3.8725598277929323 1.0757110632758144
60591.2775 lsst_hardware_g 9.400289511704875 13.15999984741211 31.43000030517578 AB 2.6382322061886114 1.0150951158863857
60591.2896 lsst_hardware_r 16.834191679310585 21.719999313354492 31.5 AB 2.617554048004236 1.011517359870208
60593.3444 lsst_hardware_z 23.057655744313745 40.970001220703125 30.950000762939453 AB 4.621760846267513 1.0547149352504592
60593.3561 lsst_hardware_u 0.4842777100153191 2.7200000286102295 28.479999542236328 AB 4.726400637716503 1.0759548432567683
60595.3242 lsst_hardware_g 6.438375665234077 13.140000343322754 31.420000076293945 AB 5.51216674865566 1.0343393429845424
60595.3344 lsst_hardware_r -0.5204820947898449 21.90999984741211 31.5 AB 5.751213943074418 1.0477071793309813
60598.3372 lsst_hardware_i -105.08489567967703 49.81999969482422 31.309999465942383 AB 7.784044165125328 1.065845066997238
60598.3493 lsst_hardware_z 1.344579421576721 50.65999984741211 30.959999084472656 AB 7.979216389232208 1.0906404459442838
60602.3212 lsst_hardware_r -24.191620640590745 75.36000061035156 31.649999618530273 AB 1.2488051420344615 1.0569658417557863
60602.3337 lsst_hardware_i -23.18211421494085 61.349998474121094 31.31999969482422 AB 0.7109193336899026 1.0804245192869255
60604.3228 lsst_hardware_z 7.5547566970842315 68.23999786376953 31.709999084472656 AB 2.7684374694597946 1.0695486183158378
60606.33 lsst_hardware_g -32.30961843910383 32.97999954223633 31.649999618530273 AB 3.401821360975938 1.0965363793838434
60606.3407 lsst_hardware_r -13.939041005091168 35.40999984741211 31.56999969482422 AB 4.014761698242545 1.1241632531946644
60608.3217 lsst_hardware_i 52.46239458277801 32.13999938964844 31.260000228881836 AB 1.5252273110783339 1.0899671112991063
60608.3323 lsst_hardware_z -49.452498085033604 42.97999954223633 30.950000762939453 AB 1.5439473662235415 1.1161065298001505
60610.3107 lsst_hardware_i -65.58828229214969 30.479999542236328 31.25 AB 3.093920464827043 1.0780210678839872
60610.3204 lsst_hardware_u 1.111547002574156 2.7899999618530273 28.5 AB 3.1680483339161056 1.0996985827881527
60612.3065 lsst_hardware_g -6.693443943344615 13.239999771118164 31.420000076293945 AB 4.806959036201711 1.0806404847303346
60612.3173 lsst_hardware_r -41.55598141377421 22.200000762939453 31.489999771118164 AB 4.90353259121324 1.105519691402003
60616.3164 lsst_hardware_z 8.111004460813366 42.29999923706055 30.940000534057617 AB 5.437320720169882 1.132775150035392
60616.3276 lsst_hardware_u 0.44871712113957196 2.640000104904175 28.3799991607666 AB 5.608833852474793 1.1685070525989152
60619.2536 lsst_hardware_g -11.121982157031095 13.039999961853027 31.399999618530273 AB 3.0924567350630636 1.0288754802251823
60619.2644 lsst_hardware_r -34.249003853853786 21.809999465942383 31.489999771118164 AB 3.1479524107498693 1.0414487463883555
60621.171 lsst_hardware_r -17.528642631337046 22.31999969482422 31.5 AB 5.3705548685768765 1.0350881504436704
60621.1858 lsst_hardware_i -14.229407428772717 29.700000762939453 31.25 AB 5.304736868815543 1.0209761572083997
60623.2744 lsst_hardware_z 28.376982007401075 41.2599983215332 30.950000762939453 AB 10.060544892896566 1.0763778416081682
60623.2857 lsst_hardware_i -24.37832113570029 30.360000610351562 31.239999771118164 AB 10.399416975024465 1.1016331541339475
60625.2137 lsst_hardware_z 119.16676637100589 64.66000366210938 31.709999084472656 AB 6.9918617131414935 1.013252105038394
60625.225 lsst_hardware_r 24.556328064912748 42.970001220703125 31.6200008392334 AB 6.927861775044402 1.018803202212412
60628.2583 lsst_hardware_i -170.5334216979908 64.45999908447266 31.31999969482422 AB 4.858739740570239 1.0715247622230508
60628.2699 lsst_hardware_z -91.76759113834292 59.970001220703125 30.969999313354492 AB 5.019134543564143 1.09645945864393
60630.2442 lsst_hardware_z -29.748121407517676 62.540000915527344 30.979999542236328 AB 5.719079339822893 1.0560574905037194
60630.2564 lsst_hardware_r 17.50927233984076 89.33000183105469 31.639999389648438 AB 4.372867820697134 1.078655111173442
60632.2412 lsst_hardware_z -39.6270499487015 51.540000915527344 30.969999313354492 AB 5.639676098209829 1.060205742774395
