data/validation/pwv_sim_epoch_fit_epoch/26802193.ecsv
# %ECSV 0.9
# ---
# datatype:
# - {name: time, datatype: float64}
# - {name: band, datatype: string}
# - {name: flux, datatype: float64}
# - {name: fluxerr, datatype: float64}
# - {name: zp, datatype: float64}
# - {name: zpsys, datatype: string}
# - {name: pwv, datatype: float64}
# - {name: airmass, datatype: float64}
# meta: {SNID: '26802193', alt: 1024.0, c: -0.062234729528427124, dec: -34.953865, lat: -30.244573, lon: -70.7499537, ra: 73.300781, t0: 60538.30078125,
#   x0: 7.369965869043138e-06, x1: -1.335184097290039, z: 0.5225289463996887}
# schema: astropy-2.0
time band flux fluxerr zp zpsys pwv airmass
60542.3481 lsst_hardware_r 2571.437398769686 98.35805070362474 31.579999923706055 AB 2.4527561688636634 1.3412200513266785
60542.3658 lsst_hardware_z 1349.3366532295984 71.19912766809125 30.959999084472656 AB 2.3491215064576076 1.2453924487515482
60545.338 lsst_hardware_z 1446.2674282031494 65.57464646272152 30.940000534057617 AB 4.3390387065790295 1.3530954101751085
60545.3553 lsst_hardware_r 2268.3735667791398 74.47353432481887 31.59000015258789 AB 4.0544084487849705 1.2565639966274862
60548.3418 lsst_hardware_r 1890.4790406410102 54.27617187124993 31.520000457763672 AB 3.5038237582832057 1.2836870336263804
60548.36 lsst_hardware_i 1685.8173197703554 54.45936582081656 31.25 AB 3.2380703397630493 1.198693363683261
60550.3435 lsst_hardware_z 1162.4715901127527 55.34765227259054 30.93000030517578 AB 8.763461345435543 1.2475862020740582
60550.3614 lsst_hardware_r 1494.5566334523762 45.71549571064001 31.489999771118164 AB 8.268121739026405 1.1720074285144215
60554.3417 lsst_hardware_u 1.3000327383599832 2.9800314457756594 28.309999465942383 AB 2.5659374172571088 1.206648209384956
60554.3589 lsst_hardware_r 1071.6740368277362 39.63628049167865 31.469999313354492 AB 2.417993609296935 1.1427190970214034
60556.3283 lsst_hardware_g 145.97632342453574 17.983774962830605 31.34000015258789 AB 2.8622527197343737 1.2419827386299942
60556.3455 lsst_hardware_i 1141.6827399935653 46.28183639942851 31.229999542236328 AB 2.3479839729248604 1.170237474564868
60560.3373 lsst_hardware_u -1.3372727199537848 3.1693738477841067 28.299999237060547 AB 3.38308043320892 1.160443779971045
60560.3553 lsst_hardware_g 52.07478647531522 16.141248364283044 31.3700008392334 AB 3.196983665940985 1.104820988114613
60567.3224 lsst_hardware_r 344.38835592478557 43.01647434605267 31.59000015258789 AB 2.050934692209468 1.146040340233463
60567.3394 lsst_hardware_i 642.0438615576586 44.928842721499336 31.280000686645508 AB 1.4377969371190975 1.0964389454392407
60569.3376 lsst_hardware_r 392.71936493296164 66.48570404132704 31.6299991607666 AB 1.296186435862712 1.0874047280721784
60569.3552 lsst_hardware_i 605.49515243646 56.801747907680365 31.309999465942383 AB 1.3124109605711278 1.0511901966929338
60572.3095 lsst_hardware_z 704.3810944201346 64.80173253351501 30.969999313354492 AB 7.395071777136139 1.1435678005880627
60572.3261 lsst_hardware_i 464.97066541561577 66.80613931139473 31.31999969482422 AB 7.317367329346307 1.0955509413868456
60579.3051 lsst_hardware_u 12.358367835966655 4.546423585812338 28.31999969482422 AB 4.751911768606465 1.1004041146908063
60579.3221 lsst_hardware_g 63.10761621253899 16.2633766788595 31.43000030517578 AB 4.580413192292126 1.0618580512625915
60581.2763 lsst_hardware_u 17.710889587256027 4.629617225518109 28.229999542236328 AB 5.330377334577159 1.1737472110783527
60581.2954 lsst_hardware_g 20.19437843724371 14.182883974631892 31.350000381469727 AB 6.68571660320539 1.1118462157827962
60583.2757 lsst_hardware_r 123.8365265101029 25.341093822843238 31.459999084472656 AB 5.465337646798342 1.1562773582789665
60583.2946 lsst_hardware_i 246.85552456988015 33.95348640247768 31.239999771118164 AB 4.891572157732961 1.099312043838406
60585.275 lsst_hardware_z 431.1308506811306 46.366626180669314 30.940000534057617 AB 2.96489635880862 1.1403447533879307
60585.2951 lsst_hardware_r 129.4626231202104 24.95897909929957 31.479999542236328 AB 3.4953241517620754 1.0846061703855578
60587.2799 lsst_hardware_u 12.726482825260433 5.031550014196035 28.3700008392334 AB 7.344458231902725 1.1094068475470495
60587.3005 lsst_hardware_g 1.3277092842024258 13.390535452914655 31.3700008392334 AB 7.330770551161767 1.0613921962082973
60589.2715 lsst_hardware_r 163.8372294592271 24.713604215102034 31.469999313354492 AB 4.917826906994827 1.117687933407915
60589.2923 lsst_hardware_z 318.2552770938395 44.415815561275345 30.940000534057617 AB 4.937289131795948 1.0668299766198857
60591.3007 lsst_hardware_r 160.5194664810638 24.43611914010915 31.5 AB 2.8274632702454117 1.0420626303115768
60591.3212 lsst_hardware_i 189.01118962334274 32.66595006344548 31.260000228881836 AB 2.7663160814940313 1.0171214565655047
60593.2214 lsst_hardware_z 522.0791013924377 66.2905400649547 31.690000534057617 AB 4.5752564673143 1.2709045742539722
60597.2182 lsst_hardware_i 207.42012917091918 49.432350776279506 31.270000457763672 AB 7.838277381173411 1.2334679051364752
60597.2386 lsst_hardware_z 228.88040285173471 51.91061342332684 30.950000762939453 AB 7.2698647225990145 1.1524224130937106
60598.2135 lsst_hardware_i 294.96685862049935 55.550016081155945 31.280000686645508 AB 8.86679315542725 1.2426309516400582
60598.233 lsst_hardware_z 263.1839762506976 55.46408356570888 30.959999084472656 AB 8.27555900050342 1.1624200583634205
60600.211 lsst_hardware_z 207.87061511969213 66.22086943180351 30.959999084472656 AB 6.190877257967016 1.2289582646087107
60600.2299 lsst_hardware_r 47.30256052103858 89.73995736385295 31.6200008392334 AB 5.828063619086799 1.154167232098926
60602.2109 lsst_hardware_i 132.28287636043336 66.52594303254102 31.299999237060547 AB 1.3530177621903896 1.2056295497352547
60602.2299 lsst_hardware_r 93.0750381666604 79.6689733091218 31.639999389648438 AB 1.2612227274901355 1.1361513947814006
60604.21 lsst_hardware_z 143.51601675213078 53.20687247923305 30.950000762939453 AB 2.8531219466541047 1.1871519888990727
60604.2287 lsst_hardware_g 40.872734347693424 53.765848867850764 31.690000534057617 AB 2.80445661370877 1.1230929205574918
60606.2186 lsst_hardware_r 81.49379752835526 30.297437397471295 31.530000686645508 AB 1.5280376730391012 1.1373559159220095
60606.2384 lsst_hardware_i 115.2012919269512 37.191639317638504 31.260000228881836 AB 1.8288671774149305 1.0831312865957643
60608.1942 lsst_hardware_i 126.50793215868063 33.489060389868186 31.239999771118164 AB 1.4459480692114417 1.2069683382403518
60608.2124 lsst_hardware_z 231.15785193687265 44.491540006300184 30.950000762939453 AB 1.3968272231910193 1.1397243950698464
60610.1909 lsst_hardware_i 108.00382988394165 33.57230511915311 31.229999542236328 AB 2.5042661079145203 1.1980223766135483
60610.2083 lsst_hardware_u 4.324188185588873 2.638328349819073 28.389999389648438 AB 2.2931080444823935 1.1353893601992375
60612.1866 lsst_hardware_g -8.730442295714317 13.572616077367918 31.3799991607666 AB 6.123381432666279 1.193331447187044
60612.2041 lsst_hardware_r 82.77664108835052 24.325354549707672 31.489999771118164 AB 5.807366286961754 1.131452062662934
60614.2004 lsst_hardware_i 127.6574186214032 32.76317354864671 31.239999771118164 AB 4.99190298656917 1.1260778223706152
60614.2183 lsst_hardware_r 88.24750559764453 24.00804089424809 31.489999771118164 AB 5.292056304687487 1.0791489057429013
60616.1795 lsst_hardware_z -39.48602399574693 42.810001373291016 30.940000534057617 AB 4.404973910185845 1.178430687583158
60616.1986 lsst_hardware_u -0.11819891421973043 2.680000066757202 28.440000534057617 AB 4.0336958323686005 1.115359002452069
60619.1324 lsst_hardware_g -15.790452483939433 13.1899995803833 31.280000686645508 AB 3.4557969816562584 1.376217561473305
60619.1486 lsst_hardware_r 1.5225621960816953 22.829999923706055 31.450000762939453 AB 3.2043385256995305 1.2803270505242357
60621.1679 lsst_hardware_u 1.1502117357185575 2.7200000286102295 28.40999984741211 AB 6.068279819639054 1.1707668708908896
60621.1702 lsst_hardware_r -13.57661177866103 23.020000457763672 31.479999542236328 AB 6.035499359491474 1.1624426982408977
60627.1994 lsst_hardware_r -70.75264007847501 60.70000076293945 31.639999389648438 AB 4.197297060593386 1.0468815415513932
60627.2188 lsst_hardware_y -85.57322497545883 49.36000061035156 30.049999237060547 AB 7.398708991858485 1.0210749367731833
60628.1987 lsst_hardware_z 49.850152613334046 56.15999984741211 30.969999313354492 AB 4.060488605113812 1.043603839395005
60628.2178 lsst_hardware_r 84.11641536440585 74.52999877929688 31.649999618530273 AB 7.421894339516348 1.019350959966536
60630.206 lsst_hardware_i 16.559667831154954 69.18000030517578 31.329999923706055 AB 2.4946638036901003 1.0261179695715774
60630.2245 lsst_hardware_z 196.78931197177215 61.18000030517578 30.989999771118164 AB 5.5227623654793145 1.0097688381537073
60634.1144 lsst_hardware_i 13.172256748274759 31.600000381469727 31.219999313354492 AB 4.195673356735622 1.2464864399093427
60634.1318 lsst_hardware_u 1.932958252657232 2.569999933242798 28.31999969482422 AB 3.39527680247392 1.1730097780180315
60636.1357 lsst_hardware_r -37.96150515087483 22.079999923706055 31.469999313354492 AB 7.527588779035859 1.1405437543993726
60636.1535 lsst_hardware_z 6.415646334026261 41.130001068115234 30.940000534057617 AB 7.1957267633928845 1.0902616308171038
60641.1317 lsst_hardware_r -14.00388662358156 22.049999237060547 31.469999313354492 AB 4.637903856013379 1.1115407683674967
60641.1486 lsst_hardware_i 16.182700209125986 30.06999969482422 31.239999771118164 AB 4.588044188521304 1.0704098427579596
60643.1295 lsst_hardware_z -0.025481194335639706 41.77000045776367 30.940000534057617 AB 5.76816503994244 1.102688786071898
60643.1468 lsst_hardware_u -0.9355633593788906 2.609999895095825 28.40999984741211 AB 5.585659504383628 1.0629734058487328
60645.1328 lsst_hardware_g 12.86598578803446 13.029999732971191 31.389999389648438 AB 6.97116130620408 1.0811074940480365
60645.1508 lsst_hardware_r 21.126564703087976 21.68000030517578 31.489999771118164 AB 6.79143178956598 1.0459889297788814
60647.1453 lsst_hardware_i 9.522647672555559 29.809999465942383 31.25 AB 3.3744801954824517 1.046053120451278
60647.1677 lsst_hardware_z 61.74633548773293 40.36000061035156 30.950000762939453 AB 3.724786922441372 1.0176781737503158
60649.1454 lsst_hardware_i -9.694921577321827 29.790000915527344 31.25 AB 5.60561364995035 1.0375002128356459
60649.1676 lsst_hardware_u 2.167412889307346 2.690000057220459 28.5 AB 5.268627171065921 1.0131975328972924
60651.0445 lsst_hardware_y 42.336501725037486 51.380001068115234 29.940000534057617 AB 4.186153332570048 1.3797473080323164
60651.0662 lsst_hardware_z -16.424066091304596 43.88999938964844 30.93000030517578 AB 3.7860388117919404 1.2551098331812236
60653.0458 lsst_hardware_y 27.355145370753693 51.34000015258789 29.950000762939453 AB 9.735668046156432 1.3366591141479947
60653.0682 lsst_hardware_r -6.758123113013786 34.06999969482422 31.549999237060547 AB 9.070912985975532 1.2204663837254608
60655.0556 lsst_hardware_z 77.62470054810689 73.08999633789062 31.700000762939453 AB 17.018777004243013 1.2535390227715377
60657.046 lsst_hardware_y 19.423338202549477 54.689998626708984 29.979999542236328 AB 10.067113381664928 1.2743181495778388
60657.0674 lsst_hardware_z -83.96606529808612 56.83000183105469 30.959999084472656 AB 9.314323372556998 1.179028275007215
60659.0465 lsst_hardware_y -121.47029346236503 57.5 29.989999771118164 AB 12.451899904821872 1.2447755212701537
60659.0678 lsst_hardware_i -40.07332070453243 70.41000366210938 31.309999465942383 AB 11.585306309752102 1.1576786981896137
60661.0469 lsst_hardware_y 32.18563431823028 50.630001068115234 29.989999771118164 AB 4.891825400194227 1.2180840139925864
60661.0692 lsst_hardware_i -13.73313846134461 46.41999816894531 31.290000915527344 AB 4.626554001331751 1.1349329084585795
60664.049 lsst_hardware_y 1.1038799947898563 49.689998626708984 30.0 AB 5.148703190769646 1.1763310985517916
60664.0719 lsst_hardware_g 2.417323694556418 13.010000228881836 31.3799991607666 AB 4.924028670956013 1.103382582377356
60666.0496 lsst_hardware_y -75.01081123782217 50.0099983215332 30.010000228881836 AB 5.642211744356674 1.1545151493269687
60666.0728 lsst_hardware_i -33.3980028842149 30.260000228881836 31.239999771118164 AB 5.298673897771786 1.0873349654267965
60667.0497 lsst_hardware_z 46.447002554058386 43.400001525878906 30.940000534057617 AB 7.335112673540795 1.1449783037942491
60667.0733 lsst_hardware_u -0.8965437376269298 2.5999999046325684 28.389999389648438 AB 6.919984395403547 1.0798134345640238
60671.0476 lsst_hardware_y -78.86061470523585 51.47999954223633 30.030000686645508 AB 6.986629080157314 1.1177414270730972
60671.0696 lsst_hardware_z -16.09659027028346 41.279998779296875 30.950000762939453 AB 6.705357748564029 1.0644551405276794
60675.0471 lsst_hardware_y -153.9288587658195 50.63999938964844 30.040000915527344 AB 7.456019183456376 1.0900538139157674
60675.0678 lsst_hardware_r 23.086996834300887 21.520000457763672 31.479999542236328 AB 7.169442409554785 1.0477835266601927
60677.0482 lsst_hardware_y -19.41217336531507 50.84000015258789 30.030000686645508 AB 7.498602415619033 1.0749143371013532
60677.0711 lsst_hardware_r -19.436579690548697 21.450000762939453 31.479999542236328 AB 7.419194992627909 1.0344666749341758
60679.0464 lsst_hardware_z 18.960288087339695 45.880001068115234 30.959999084472656 AB 2.364891389382522 1.0671892551365172
60679.0681 lsst_hardware_g -4.922667334501553 13.819999694824219 31.43000030517578 AB 2.2992742026298467 1.031180268025495
60681.0477 lsst_hardware_y -83.80966360455098 72.76000213623047 30.799999237060547 AB 10.361588242938529 1.0542211466056972
60681.072 lsst_hardware_i -58.7150517168346 44.65999984741211 32.02000045776367 AB 9.911779552452384 1.0204302902318871
60683.0454 lsst_hardware_y -111.6782611622392 53.599998474121094 30.049999237060547 AB 8.558047624411271 1.0487160865647045
60683.0669 lsst_hardware_r 23.372307689698037 38.38999938964844 31.610000610351562 AB 8.56348958155453 1.0200702300839226
60685.0419 lsst_hardware_y 50.14702780350921 61.599998474121094 30.059999465942383 AB 9.492907661204685 1.0454744120269461
60685.0585 lsst_hardware_z -51.97017840279236 49.650001525878906 30.969999313354492 AB 9.263316505195155 1.023118677401718
60687.0426 lsst_hardware_y -143.60446267075105 60.540000915527344 30.059999465942383 AB 4.0150164341394365 1.0361332733263062
60687.0589 lsst_hardware_z 44.34539667354059 55.56999969482422 30.979999542236328 AB 4.0895492780559355 1.0173008154368
60910.3603 lsst_hardware_r -0.2446135964480386 22.690000534057617 31.450000762939453 AB 2.5052545334489706 1.2359928627795769
60910.3789 lsst_hardware_i 25.34629120633781 30.860000610351562 31.219999313354492 AB 2.6050931260854004 1.1605701482411943
60932.3306 lsst_hardware_r -45.3124804477723 32.529998779296875 31.559999465942383 AB 1.8485598291281193 1.1224935709714317
60932.3475 lsst_hardware_i 12.518369633504895 35.16999816894531 31.270000457763672 AB 1.6166041864049927 1.0786949642382069
60934.3234 lsst_hardware_z -17.59330225226307 42.439998626708984 30.940000534057617 AB 3.0324063685263405 1.1277078350784209
60934.3408 lsst_hardware_u 1.0750456643633 2.8399999141693115 28.489999771118164 AB 4.449058757111708 1.0815092694286343
60938.3076 lsst_hardware_r -29.382969751040562 21.979999542236328 31.459999084472656 AB 7.437727723958785 1.1430934001987656
60938.3239 lsst_hardware_i -4.568453858002257 30.059999465942383 31.239999771118164 AB 7.043258904917233 1.0959427756615716
60940.3357 lsst_hardware_i 4.6128245233103335 29.65999984741211 31.239999771118164 AB 1.631516735981446 1.0580523579648342
60940.3527 lsst_hardware_u -2.012934695203344 2.5199999809265137 28.350000381469727 AB 1.5754345611076908 1.0312122802212476
60941.3286 lsst_hardware_g 8.441986479436082 12.850000381469727 31.3799991607666 AB 2.2322548566024363 1.0665760811956695
60941.3449 lsst_hardware_r 3.4817656942361337 21.489999771118164 31.489999771118164 AB 1.8457528787362125 1.0382035504281686
60943.3126 lsst_hardware_r 17.04363491403118 21.809999465942383 31.479999542236328 AB 6.680119823097501 1.0900978823592526
60943.3277 lsst_hardware_i -7.130524047224112 29.8700008392334 31.25 AB 6.518588591685383 1.057697321383317
60945.2746 lsst_hardware_r -18.337198797612693 22.219999313354492 31.459999084472656 AB 4.566237876251114 1.1935276522547023
60945.2946 lsst_hardware_i 58.53774642163676 30.420000076293945 31.229999542236328 AB 4.847369842457478 1.1240060696313063
60947.2651 lsst_hardware_z 46.39272914213353 43.279998779296875 30.93000030517578 AB 5.537956630949986 1.210217795225084
