data/validation/pwv_sim_epoch_fit_epoch/26827394.ecsv
# %ECSV 0.9
# ---
# datatype:
# - {name: time, datatype: float64}
# - {name: band, datatype: string}
# - {name: flux, datatype: float64}
# - {name: fluxerr, datatype: float64}
# - {name: zp, datatype: float64}
# - {name: zpsys, datatype: string}
# - {name: pwv, datatype: float64}
# - {name: airmass, datatype: float64}
# meta: {SNID: '26827394', alt: 1024.0, c: -0.020808972418308258, dec: -31.738394, lat: -30.244573, lon: -70.7499537, ra: 129.550781,
#   t0: 60696.98046875, x0: 2.505450151219669e-06, x1: 0.9498801231384277, z: 0.8130103945732117}
# schema: astropy-2.0
time band flux fluxerr zp zpsys pwv airmass
[from data line 132]
61022.2642 lsst_hardware_i 2.6045894188430383 44.709999084472656 32.0099983215332 AB 11.116568147966959 1.063888233129195
61024.2458 lsst_hardware_z 44.53895631667923 41.349998474121094 30.940000534057617 AB 8.820481815105088 1.0939702562269542
61024.2695 lsst_hardware_r -27.638692820227767 21.850000381469727 31.479999542236328 AB 8.525706747752508 1.0438011658805597
61028.2479 lsst_hardware_r -20.17236473856129 21.829999923706055 31.489999771118164 AB 5.479759916526136 1.063721230035162
61028.269 lsst_hardware_i -6.219397933258641 29.639999389648438 31.25 AB 4.471102658221864 1.0282533566887515
61030.17 lsst_hardware_g -21.266644978896284 13.270000457763672 31.299999237060547 AB 6.33618276790908 1.3450713489758874
61030.192 lsst_hardware_r -4.2264203197712344 22.639999389648438 31.459999084472656 AB 5.986381319756912 1.2257128009330287
61038.1405 lsst_hardware_r 22.93567259428689 39.5 31.520000457763672 AB 10.01300156475712 1.3965946275015297
61038.1631 lsst_hardware_i 31.04031068603339 38.43000030517578 31.25 AB 8.915384730167137 1.2599024525938367
61040.1573 lsst_hardware_z 67.35079347731326 71.70999908447266 31.700000762939453 AB 8.531824012379813 1.2616375619045934
61042.148 lsst_hardware_z -38.048095464883176 60.41999816894531 30.950000762939453 AB 5.903981339730232 1.2818718644586078
61042.1708 lsst_hardware_r -12.021614025383048 77.19999694824219 31.610000610351562 AB 5.459636880703814 1.1768149620715218
61043.1453 lsst_hardware_i -91.01685664540116 72.9800033569336 31.290000915527344 AB 4.899006848899837 1.2817075934069826
61043.1662 lsst_hardware_z -54.62444970521907 64.2699966430664 30.969999313354492 AB 4.549274684727179 1.1841672895756308
61045.1486 lsst_hardware_i -125.68419256453208 70.06999969482422 31.290000915527344 AB 13.990166445922153 1.237164587440333
61045.1693 lsst_hardware_z -34.27134684856986 62.95000076293945 30.969999313354492 AB 13.139675645629167 1.1521230755281038
61048.1473 lsst_hardware_g -24.493063517534843 32.7400016784668 31.6200008392334 AB 8.607700924891644 1.2059262976475087
61048.169 lsst_hardware_r 36.52412895490045 46.97999954223633 31.610000610351562 AB 7.664999212225353 1.1260466008851637
61054.1367 lsst_hardware_i 40.72887913039804 31.09000015258789 31.219999313354492 AB 8.529471959998347 1.1820494689915713
61054.1538 lsst_hardware_r -18.935930404924058 22.280000686645508 31.479999542236328 AB 8.29871123673684 1.1224080839552104
61056.131 lsst_hardware_u 2.434009914981281 2.559999942779541 28.31999969482422 AB 5.15885626921335 1.1829978068136864
61056.15 lsst_hardware_g 23.028049956963883 13.079999923706055 31.360000610351562 AB 4.804852813301223 1.1174076310002845
61058.133 lsst_hardware_r -10.163232721721002 22.309999465942383 31.450000762939453 AB 5.0330603048645015 1.154967656443004
61058.1516 lsst_hardware_i 10.618733799083587 30.389999389648438 31.229999542236328 AB 4.79033158655357 1.0975670950976364
61060.1319 lsst_hardware_z -97.38338307409767 41.88999938964844 30.93000030517578 AB 8.362927421978478 1.1399846540319625
61060.1493 lsst_hardware_r 3.382741993200705 21.950000762939453 31.469999313354492 AB 8.057752557683918 1.0894007378738482
61062.1293 lsst_hardware_u -5.581020397540973 2.5299999713897705 28.299999237060547 AB 11.596019723164945 1.1306847108368443
61062.1469 lsst_hardware_g -8.633188322743466 13.149999618530273 31.3700008392334 AB 11.1262206299289 1.0818962106115226
61064.1295 lsst_hardware_r -8.039452553161961 22.209999084472656 31.469999313354492 AB 15.708680501298797 1.113459065870345
61064.1481 lsst_hardware_z -10.605866769305356 41.18000030517578 30.940000534057617 AB 15.048385450883945 1.066883052171852
61068.1415 lsst_hardware_r -20.091466734065396 40.400001525878906 31.600000381469727 AB 12.51520088459263 1.0580696816620514
61068.1581 lsst_hardware_i -9.250056200504359 38.38999938964844 31.280000686645508 AB 12.162599945719224 1.0305250328228224
61070.1193 lsst_hardware_i 14.116569677989906 50.790000915527344 31.299999237060547 AB 13.843213826086624 1.0963402162937115
61070.1385 lsst_hardware_z 48.54356052548897 50.849998474121094 30.969999313354492 AB 12.65284493365385 1.0533650095311997
61073.1236 lsst_hardware_r -118.52081724477665 98.54000091552734 31.649999618530273 AB 6.323025394109638 1.0667271858472607
61073.1419 lsst_hardware_z 99.43065322518832 67.4000015258789 30.989999771118164 AB 7.43539784201864 1.0341304369984199
61075.1242 lsst_hardware_g 16.32468412706223 79.55000305175781 31.729999542236328 AB 11.04586749720786 1.0545819871628157
61075.1427 lsst_hardware_i 1.3425987225738314 62.45000076293945 31.329999923706055 AB 10.537871303695702 1.0256584474483006
61077.1418 lsst_hardware_r -15.110525600466367 51.65999984741211 31.639999389648438 AB 4.009252517967277 1.020295843737703
61077.1616 lsst_hardware_z 29.80719224981546 49.02000045776367 30.969999313354492 AB 3.933480475198181 1.0045493679743376
61079.119 lsst_hardware_u 0.8138020694696437 2.7699999809265137 28.43000030517578 AB 8.970812360490859 1.0443624506523135
61079.1386 lsst_hardware_g 5.75631667900108 22.93000030517578 31.59000015258789 AB 8.840751979932154 1.0178846127050694
61081.0391 lsst_hardware_z -9.389843427927447 45.279998779296875 30.920000076293945 AB 3.2379863547488514 1.2951945418995405
61081.0579 lsst_hardware_u -1.203229782215918 2.5799999237060547 28.299999237060547 AB 3.127577329361811 1.2029143574468504
61083.0369 lsst_hardware_y -78.40474723487047 50.119998931884766 29.969999313354492 AB 3.42490880418607 1.2773155659570372
61083.0554 lsst_hardware_r 49.43590509215145 22.610000610351562 31.459999084472656 AB 2.4223948087982814 1.1905610134985605
61085.0344 lsst_hardware_y 93.71892907416616 50.02000045776367 29.979999542236328 AB 3.1746997408120907 1.2618043484944717
61085.0518 lsst_hardware_z 46.03986666028835 42.45000076293945 30.93000030517578 AB 2.994149636110315 1.1830686741298697
61087.0347 lsst_hardware_y -33.98269234525056 50.58000183105469 29.989999771118164 AB 3.358775293823995 1.233483398392947
61087.0549 lsst_hardware_u 1.0082792487766454 2.740000009536743 28.459999084472656 AB 2.7627742334419265 1.1511559306008028
61089.0315 lsst_hardware_y -60.02493467547583 50.31999969482422 30.0 AB 4.385998565572173 1.2230041312156634
61089.0504 lsst_hardware_r 9.963907963873282 22.43000030517578 31.479999542236328 AB 5.2398138424639775 1.147823404701857
61091.0292 lsst_hardware_y -0.8968042582762258 50.7599983215332 30.0 AB 4.473016933358232 1.2089234955022248
61091.0483 lsst_hardware_r 11.703919510164893 22.40999984741211 31.479999542236328 AB 3.7602586654162358 1.1365448588231029
61093.0276 lsst_hardware_z -62.41692415723394 63.220001220703125 31.690000534057617 AB 5.730388280006786 1.1925886118640552
61093.0468 lsst_hardware_g 49.72235489464146 20.049999237060547 32.15999984741211 AB 6.1096796340345705 1.1239809840472488
61095.0259 lsst_hardware_y -50.875807427650955 51.0099983215332 30.0 AB 8.83837512815659 1.1775472308772061
61095.0453 lsst_hardware_i -11.20029322915322 33.150001525878906 31.25 AB 8.814984423431799 1.1121722311949362
61098.023 lsst_hardware_y 12.806366351985922 52.400001525878906 30.010000228881836 AB 9.166281110011564 1.157760726263736
61098.0422 lsst_hardware_r -0.8758903170303501 51.18000030517578 31.6200008392334 AB 8.651549183860649 1.098051679637092
61100.0218 lsst_hardware_y 65.15628879225525 54.689998626708984 30.020000457763672 AB 5.8570618552395315 1.1429342590921925
61100.0416 lsst_hardware_z 35.210839379053795 59.040000915527344 30.969999313354492 AB 5.600947531098819 1.0856302757742824
61102.0196 lsst_hardware_y -25.421630181336592 58.33000183105469 30.030000686645508 AB 6.029265371528863 1.132220970522775
61102.0394 lsst_hardware_z 47.77373958476811 66.88999938964844 30.979999542236328 AB 5.724837257372305 1.07785312991822
61104.0287 lsst_hardware_y 142.73116320883338 74.61000061035156 30.790000915527344 AB 12.414417768414076 1.0905624604395903
61106.0173 lsst_hardware_z 5.136172936655913 43.130001068115234 30.940000534057617 AB 7.152231037429936 1.106385805155828
61106.0384 lsst_hardware_r 17.135426945889556 36.689998626708984 31.59000015258789 AB 6.831881939845516 1.0567898124205264
61108.015 lsst_hardware_y 119.58199402543848 48.630001068115234 30.020000457763672 AB 11.756033467928205 1.0977713575430204
61108.0359 lsst_hardware_z 28.397068480874726 40.869998931884766 30.940000534057617 AB 11.458648774550547 1.0512280704158663
61112.01 lsst_hardware_y 6.687112449461514 48.95000076293945 30.040000915527344 AB 9.857068506622227 1.082797712188454
61112.0332 lsst_hardware_i -47.46882310820026 29.90999984741211 31.25 AB 9.516757647759075 1.0374372435783874
61115.007 lsst_hardware_y 23.787092775154893 49.16999816894531 30.040000915527344 AB 8.685434384643186 1.0708656564988175
61115.0304 lsst_hardware_r -13.947429259921615 21.649999618530273 31.489999771118164 AB 8.373912157472216 1.0296637622926736
61117.0037 lsst_hardware_y -126.92754464660673 71.36000061035156 30.790000915527344 AB 8.192260507052309 1.066214681727378
61117.0219 lsst_hardware_g 2.093039228826333 18.549999237060547 32.150001525878906 AB 8.031522030642352 1.0339240513185521
61120.9995 lsst_hardware_y -42.21630690082477 49.95000076293945 30.049999237060547 AB 5.383771952404242 1.0528889085536595
61121.017 lsst_hardware_r 32.39915184627716 21.729999542236328 31.479999542236328 AB 5.247889272764286 1.0257797640273796
61122.9964 lsst_hardware_y 16.67791467403182 51.04999923706055 30.049999237060547 AB 5.8134710969247765 1.0486058977136945
61123.0138 lsst_hardware_r 18.950457228097232 23.399999618530273 31.510000228881836 AB 4.8471167382166165 1.0230301262593446
