data/validation/pwv_sim_epoch_fit_epoch/2692614.ecsv
# %ECSV 0.9
# ---
# datatype:
# - {name: time, datatype: float64}
# - {name: band, datatype: string}
# - {name: flux, datatype: float64}
# - {name: fluxerr, datatype: float64}
# - {name: zp, datatype: float64}
# - {name: zpsys, datatype: string}
# - {name: pwv, datatype: float64}
# - {name: airmass, datatype: float64}
# meta: {SNID: '2692614', alt: 1024.0, c: 0.006904607638716698, dec: -47.161343, lat: -30.244573, lon: -70.7499537, ra: 77.620087, t0: 62178.03125,
#   x0: 1.1327351775216192e-05, x1: -0.06961723417043686, z: 0.43682801723480225}
# schema: astropy-2.0
time band flux fluxerr zp zpsys pwv airmass
62041.3957 lsst_hardware_u 22.347728170655806 12.050000190734863 29.309999465942383 AB 4.180149204999809 1.0450373012499523
62044.3916 lsst_hardware_r -35.184341258957836 29.6299991607666 31.559999465942383 AB 4.3374390471998865 1.0454179434078663
62046.3337 lsst_hardware_g 13.294264582888239 79.27999877929688 31.719999313354492 AB 3.11285041098713 1.073396693443838
62046.3506 lsst_hardware_y 61.09877910526375 50.880001068115234 30.049999237060547 AB 3.0636906745844095 1.0564450602015205
62055.3812 lsst_hardware_z 50.56282292481254 58.220001220703125 30.979999542236328 AB 6.25703210777872 1.0532246499276845
62057.3764 lsst_hardware_r 12.283703936340867 27.040000915527344 31.530000686645508 AB 6.104212821829922 1.0536615918003316
62059.3659 lsst_hardware_i -9.396731522237548 30.780000686645508 31.25 AB 7.693242522111363 1.0506186371537556
62059.3767 lsst_hardware_z -8.65058710348439 52.47999954223633 30.969999313354492 AB 8.252107511026164 1.057962501413611
62064.3676 lsst_hardware_r -19.077169959123186 23.770000457763672 31.520000457763672 AB 2.674448190722742 1.0619913397972502
62065.3635 lsst_hardware_r -1.8963633627648884 22.709999084472656 31.479999542236328 AB 3.3509920543266585 1.060720249325415
62065.3753 lsst_hardware_i -50.93480818669224 46.369998931884766 31.290000915527344 AB 4.129808165160335 1.0733744418870266
62067.3574 lsst_hardware_z -36.53772910308285 41.650001525878906 30.950000762939453 AB 3.793020625213916 1.0601445824420503
62067.3682 lsst_hardware_i -53.83951910100197 36.13999938964844 31.270000457763672 AB 3.827695382615471 1.0713832942569275
62075.3469 lsst_hardware_g -16.439109561710335 37.29999923706055 31.68000030517578 AB 5.461657426629586 1.0720343025313024
62075.3598 lsst_hardware_r -20.244113766090944 24.0 31.510000228881836 AB 5.537114138891483 1.0900188599805842
62077.3397 lsst_hardware_i 96.81202569030694 61.7400016784668 31.31999969482422 AB 5.2402209311971 1.0699787506272564
62077.3521 lsst_hardware_z -90.83981653167379 57.43000030517578 30.979999542236328 AB 5.310753528530395 1.0865436097448278
62079.3329 lsst_hardware_z -24.673830065387165 55.56999969482422 30.979999542236328 AB 4.129219821185218 1.0684543266822777
62079.3455 lsst_hardware_r -0.9436926064188845 72.0199966430664 31.639999389648438 AB 4.745424414746053 1.0848337456554762
62081.3284 lsst_hardware_z -13.459281899648733 49.630001068115234 30.969999313354492 AB 6.155044640788597 1.0695435096507742
62081.3401 lsst_hardware_r 38.48901752202518 55.119998931884766 31.6299991607666 AB 5.4300456949724545 1.0849242147797111
62083.3315 lsst_hardware_i -84.67856958155096 39.15999984741211 31.290000915527344 AB 8.643252001841603 1.0804065002302004
62083.3426 lsst_hardware_z 3.9299878957976113 46.0 30.959999084472656 AB 8.790864035786939 1.0977145518152265
62086.3355 lsst_hardware_r -1.5184874329951363 24.450000762939453 31.510000228881836 AB 4.03065819404484 1.0996202957426926
62086.3467 lsst_hardware_z -10.14574548245455 43.61000061035156 30.950000762939453 AB 3.9821177440778244 1.1214074187773924
62090.2544 lsst_hardware_r -8.509413992702102 21.270000457763672 31.469999313354492 AB 6.219225168297122 1.0454675634875485
62090.2678 lsst_hardware_i 15.071567333974848 29.43000030517578 31.239999771118164 AB 6.1023115531605505 1.0457333410152283
62091.3222 lsst_hardware_z 6.498884672929219 41.66999816894531 30.940000534057617 AB 4.1682731676338936 1.100243676292436
62091.3343 lsst_hardware_r -29.548391494940446 21.829999923706055 31.450000762939453 AB 3.58017482787987 1.1241031407037976
62095.1607 lsst_hardware_u 0.30408934857479625 2.5399999618530273 28.329999923706055 AB 3.304387674322719 1.145765490403162
62096.312 lsst_hardware_r -0.8009773950758056 21.559999465942383 31.459999084472656 AB 4.979527525408233 1.1065616723129408
62096.3239 lsst_hardware_u -0.5108279370617651 2.5299999713897705 28.31999969482422 AB 5.091118375668204 1.1313596390373786
62100.3073 lsst_hardware_r 32.601032110316524 21.75 31.459999084472656 AB 5.837079312580879 1.1189289417087946
62100.3197 lsst_hardware_i 31.283222337242684 30.610000610351562 31.219999313354492 AB 6.069036598625728 1.1475551365106003
62103.3005 lsst_hardware_z 13.931961562356978 41.869998931884766 30.940000534057617 AB 5.040852380381004 1.1218722262017737
62103.313 lsst_hardware_r 11.490062425766036 21.889999389648438 31.450000762939453 AB 5.17341289236003 1.1513743709698212
62105.2667 lsst_hardware_r 102.21631410103652 70.73999786376953 31.639999389648438 AB 8.246779039949956 1.074149012041747
62105.2798 lsst_hardware_z -43.109769394838125 55.459999084472656 30.969999313354492 AB 8.40876175399002 1.093111700226197
62107.2975 lsst_hardware_i 100.0200610111425 67.06999969482422 31.309999465942383 AB 7.006672421484354 1.1399141683542953
62107.3096 lsst_hardware_z -114.53272839026279 62.099998474121094 30.969999313354492 AB 7.197385606238488 1.1719464591426063
62110.2835 lsst_hardware_z 34.76888127908578 51.630001068115234 30.959999084472656 AB 5.866659743703938 1.126470764920111
62110.2951 lsst_hardware_r -6.914719493707639 59.5 31.610000610351562 AB 5.013032815540619 1.1545446373885253
62112.2911 lsst_hardware_y -85.74408238683074 70.2699966430664 30.770000457763672 AB 7.518345334413736 1.1584358702758666
62114.215 lsst_hardware_g -8.886670770588282 18.75 31.549999237060547 AB 9.771552040068611 1.050252798803591
62114.227 lsst_hardware_r 26.39037943158671 26.93000030517578 31.549999237060547 AB 9.94302666516167 1.0583692873788788
62116.2009 lsst_hardware_r 6.0290107135842925 21.3700008392334 31.479999542236328 AB 13.29359923272618 1.0467400970650536
62116.2142 lsst_hardware_i 2.521984409290603 29.6299991607666 31.25 AB 13.24143217838136 1.0529547277151357
62122.199 lsst_hardware_r -50.93722314608594 30.43000030517578 32.2400016784668 AB 3.5143789395547143 1.0537341280959616
62122.2113 lsst_hardware_z 36.80883279118043 58.08000183105469 31.700000762939453 AB 5.0406209267649285 1.064020741647629
62124.1935 lsst_hardware_r -33.764131072427375 21.530000686645508 31.489999771118164 AB 3.9884634174720315 1.0537087977117778
62124.2076 lsst_hardware_u 2.6609900508200983 2.740000009536743 28.520000457763672 AB 4.087816641558002 1.0658308643031191
62126.191 lsst_hardware_g 25.746704436979513 18.09000015258789 32.150001525878906 AB 3.907031744780439 1.0558118483395322
62126.2058 lsst_hardware_r 79.07492282119725 30.639999389648438 32.2400016784668 AB 3.8892417132972286 1.0698691185745752
62128.1267 lsst_hardware_g -27.844394589418606 18.479999542236328 31.530000686645508 AB 6.630044537160385 1.0564966197371342
62128.1397 lsst_hardware_r -2.391243717762921 24.270000457763672 31.520000457763672 AB 6.509646170468278 1.0486743730114019
62129.1314 lsst_hardware_i 50.35865476595181 33.65999984741211 31.270000457763672 AB 6.644324786802126 1.0514835870869008
62129.1456 lsst_hardware_z -35.064003787939356 42.310001373291016 30.959999084472656 AB 6.617183606716228 1.0459056556235393
62131.129 lsst_hardware_i -32.42099222696231 39.470001220703125 31.290000915527344 AB 5.087792876071193 1.0498411918640582
62131.1434 lsst_hardware_z 32.2182301147316 45.040000915527344 30.959999084472656 AB 5.053518330325577 1.045357259207856
62133.1314 lsst_hardware_z -26.518700658519485 49.369998931884766 30.969999313354492 AB 7.395177766859239 1.0467342911336501
62133.1453 lsst_hardware_r -1.3738669639869752 55.0099983215332 31.639999389648438 AB 7.389399084552977 1.0451150806133034
62135.1716 lsst_hardware_r -91.30662350186125 107.27999877929688 32.400001525878906 AB 6.974614152795795 1.0600523068311871
62135.1862 lsst_hardware_y -64.88969738204483 73.47000122070312 30.790000915527344 AB 7.039779280632152 1.0759664178873543
62137.1296 lsst_hardware_z 102.03051288192434 82.69999694824219 31.729999542236328 AB 7.278601220033054 1.045117583251508
62139.1772 lsst_hardware_i -24.292905965508787 50.689998626708984 31.299999237060547 AB 4.09565233651873 1.0785127943433124
62139.1904 lsst_hardware_z -35.29470510594552 51.7599983215332 30.959999084472656 AB 4.1586465956129794 1.0989596817299216
62141.1786 lsst_hardware_r -73.77058579470318 43.560001373291016 31.600000381469727 AB 12.21105619945703 1.0884830330593598
62141.1908 lsst_hardware_z -24.87677118811486 46.720001220703125 30.950000762939453 AB 12.49559108482993 1.1097738446357466
62143.1101 lsst_hardware_i -2.5423362142283916 41.709999084472656 31.989999771118164 AB 9.180304941571821 1.04543405802898
62143.126 lsst_hardware_u -1.1639523991707124 4.519999980926514 29.6200008392334 AB 8.346623057792593 1.0464235518984404
62143.1433 lsst_hardware_g -18.522653021612932 12.6899995803833 31.3799991607666 AB 8.430791151401696 1.0548817990200858
62145.1011 lsst_hardware_g -7.097324447471595 12.630000114440918 31.3799991607666 AB 6.897670267532704 1.046092173275102
62145.1135 lsst_hardware_r 2.396050736180986 21.309999465942383 31.479999542236328 AB 6.861157308585705 1.0451911506719027
62147.1029 lsst_hardware_i 2.0842602841134537 29.549999237060547 31.239999771118164 AB 5.962237483339912 1.0450898305591432
62147.1164 lsst_hardware_r 12.472158601303583 21.329999923706055 31.479999542236328 AB 5.897664015851526 1.0467987248582757
62149.1025 lsst_hardware_u 3.2216633807255 2.630000114440918 28.450000762939453 AB 3.047763616367058 1.0451864253659322
62149.1171 lsst_hardware_g 27.22342067879603 12.6899995803833 31.3799991607666 AB 3.2648964817345774 1.049131260197469
62151.1014 lsst_hardware_r 18.521747670898844 21.524283208435346 31.479999542236328 AB 5.675172979450735 1.0457935465818307
62151.1141 lsst_hardware_i 77.50495684001427 29.823082551333844 31.25 AB 5.679351817588781 1.0503378511707513
62153.0963 lsst_hardware_z 56.80961206976841 40.89990542106339 30.950000762939453 AB 2.1335670886587685 1.0458662199307491
62153.1103 lsst_hardware_r 1.5387149020943034 22.000033704753047 31.479999542236328 AB 2.0378317870642713 1.0512415718670474
62155.0979 lsst_hardware_u 4.639799874726816 2.6932810707707833 28.450000762939453 AB 4.069000021622865 1.0479460930479114
62155.1109 lsst_hardware_g 15.500344659989635 12.984356474029598 31.389999389648438 AB 4.091612939481767 1.055151296365614
62159.0735 lsst_hardware_i 454.6945917452888 40.91124785466269 31.270000457763672 AB 7.655250426999664 1.0450853825255515
62159.0852 lsst_hardware_r 676.6724053433626 40.8973941211935 31.56999969482422 AB 8.848058343187654 1.0473037365803304
62164.0734 lsst_hardware_r 2137.9038147094184 81.19392543673472 31.649999618530273 AB 12.249824600135344 1.0479788348135293
62164.0857 lsst_hardware_i 1296.0564827134065 66.0162966782506 31.31999969482422 AB 13.050950308437049 1.0547074760333803
62166.0721 lsst_hardware_z 1078.2393124784296 66.94012503463195 30.979999542236328 AB 11.70481686832954 1.049814283407611
62166.0844 lsst_hardware_r 2691.870865591322 95.3592243830523 31.649999618530273 AB 13.478884774305742 1.0578865195405303
62170.0687 lsst_hardware_r 3384.9734304572657 62.129287054080876 31.489999771118164 AB 8.311661752691254 1.054277691795323
62170.0818 lsst_hardware_z 1719.06600523975 60.08158424383756 30.959999084472656 AB 8.356539664387709 1.0656472935744838
62172.0649 lsst_hardware_r 7564.6912024638095 92.1148440265766 32.25 AB 6.28397363006512 1.055464812943963
62172.0776 lsst_hardware_u 14.493250656744584 5.756875906948999 29.260000228881836 AB 6.396605198399278 1.0669900247538413
62174.0657 lsst_hardware_g 3179.739886743409 58.60198046155604 32.13999938964844 AB 6.5753660526157045 1.0605999332139806
62174.0793 lsst_hardware_r 7682.659637171967 93.74763135234411 32.22999954223633 AB 6.664343893088089 1.0754579244100524
62176.0631 lsst_hardware_i 2907.186395504324 60.69811331667931 31.25 AB 6.301913530240033 1.0633000430657504
62176.0769 lsst_hardware_z 2112.090547196881 61.06921962142402 30.940000534057617 AB 6.54228784265679 1.0795260727116422
62178.0615 lsst_hardware_r 4053.1919177114214 67.21545884867703 31.479999542236328 AB 1.0860670134405819 1.0673003162138357
62178.0732 lsst_hardware_u 4.69671408808068 3.42151113410285 28.440000534057617 AB 1.0971387487740645 1.081990876503036
62422.3371 lsst_hardware_g 1.7156411158968377 12.640000343322754 31.3799991607666 AB 5.734220676513132 1.0475056799840916
62422.3492 lsst_hardware_y 18.451766091165457 46.779998779296875 30.040000915527344 AB 5.693788861150864 1.0450514887398343
62423.3145 lsst_hardware_r -30.726902392915772 21.459999084472656 31.479999542236328 AB 5.349003654393715 1.0597682580360022
62423.3271 lsst_hardware_z -115.37264965505794 40.779998779296875 30.950000762939453 AB 5.279698523702202 1.0507908296750328
62425.3651 lsst_hardware_r 13.607747814057227 21.989999771118164 31.489999771118164 AB 7.69453779644804 1.0513099872179315
62425.3754 lsst_hardware_u -3.7757948367095646 7.170000076293945 29.09000015258789 AB 8.256974820436053 1.0585865154405196
62427.3585 lsst_hardware_g 23.606916990051186 12.949999809265137 31.389999389648438 AB 6.784747504708552 1.0506771203574992
62427.3693 lsst_hardware_r -7.26758862838831 23.139999389648438 31.5 AB 6.854858259541275 1.0580525964948908
62429.3631 lsst_hardware_i 14.95580841333713 30.780000686645508 31.25 AB 0.738099416408374 1.0574490206423697
62429.374 lsst_hardware_z 30.84047497339502 55.849998474121094 30.979999542236328 AB 0.6841395284146138 1.0678556634997365
62433.357 lsst_hardware_r -56.29109717726053 71.66999816894531 31.639999389648438 AB 3.7745271838446155 1.0616521237140302
62433.3678 lsst_hardware_z -7.375641986592644 60.40999984741211 30.979999542236328 AB 3.8071227416408746 1.073386422153341
62435.3501 lsst_hardware_z 22.241083559669793 50.33000183105469 30.969999313354492 AB 2.5257108704992346 1.060332019521043
62435.3611 lsst_hardware_i 30.57949075988986 50.029998779296875 31.309999465942383 AB 2.569549513037656 1.0718738191835044
62437.3503 lsst_hardware_z 12.832641087880402 46.209999084472656 30.959999084472656 AB 3.5399626978761387 1.0658525247651152
62437.3601 lsst_hardware_r 41.2610234591167 44.36000061035156 31.610000610351562 AB 3.603243306280863 1.0775249121653299
62438.3605 lsst_hardware_y 25.03523497938271 78.75 30.790000915527344 AB 3.8113044930508897 1.0818349398384586
62442.3524 lsst_hardware_i -24.679907503206426 31.459999084472656 31.25 AB 2.8118408283723304 1.0859672987824003
62442.3645 lsst_hardware_z 13.209975131798258 56.349998474121094 30.969999313354492 AB 2.850586020146727 1.1064507776477988
62451.3389 lsst_hardware_z 10.238306316092574 41.45000076293945 30.93000030517578 AB 2.6729732036175995 1.1045343816601652
62451.3505 lsst_hardware_r 6.5300847929287 23.690000534057617 31.479999542236328 AB 2.7977162092059413 1.1282251070494773
62456.2391 lsst_hardware_z 31.751009076240578 64.66999816894531 31.709999084472656 AB 7.992544737026282 1.0497169342036095
62456.2526 lsst_hardware_g 33.77506833199868 33.29999923706055 31.670000076293945 AB 6.142155319242538 1.0454287594983258
62458.3145 lsst_hardware_i -8.967691825775802 42.029998779296875 31.280000686645508 AB 4.9860592402724935 1.0951953229475386
62458.3261 lsst_hardware_r 22.449832812480924 21.649999618530273 31.469999313354492 AB 5.132933076277989 1.1168666711756277
62460.3147 lsst_hardware_z -36.53915668412618 83.02999877929688 31.719999313354492 AB 5.404568073368141 1.1052286448605604
62461.3048 lsst_hardware_r 29.25596643891789 83.88999938964844 31.639999389648438 AB 4.518826060628781 1.0926915876264345
62461.3183 lsst_hardware_i 63.49840054352726 66.91000366210938 31.309999465942383 AB 4.681101912440133 1.1176749029880704
62465.1344 lsst_hardware_g 14.674504959702316 39.61000061035156 31.639999389648438 AB 9.099798354779288 1.1826111187115693
62465.1451 lsst_hardware_i 2.6003593187640046 45.15999984741211 31.290000915527344 AB 8.851839263667996 1.1524831955127308
62466.3158 lsst_hardware_r -81.41263067790351 48.33000183105469 31.600000381469727 AB 6.0365925897691275 1.1429332766997402
62466.3279 lsst_hardware_z -19.998743693513642 48.7400016784668 30.950000762939453 AB 6.155939185566208 1.1755453568873382
