data/validation/pwv_sim_epoch_fit_epoch/26991664.ecsv
# %ECSV 0.9
# ---
# datatype:
# - {name: time, datatype: float64}
# - {name: band, datatype: string}
# - {name: flux, datatype: float64}
# - {name: fluxerr, datatype: float64}
# - {name: zp, datatype: float64}
# - {name: zpsys, datatype: string}
# - {name: pwv, datatype: float64}
# - {name: airmass, datatype: float64}
# meta: {SNID: '26991664', alt: 1024.0, c: -0.07732042670249939, dec: -16.179399, lat: -30.244573, lon: -70.7499537, ra: 78.046875, t0: 59960.49609375,
#   x0: 1.6764904140180094e-05, x1: 0.1644149273633957, z: 0.36978355050086975}
# schema: astropy-2.0
time band flux fluxerr zp zpsys pwv airmass
59851.346 lsst_hardware_r 9.994291148238117 22.350000381469727 31.489999771118164 AB 7.395811256925979 1.0682957181750656
59851.3642 lsst_hardware_y 23.994470996010662 47.0099983215332 30.049999237060547 AB 7.257535709607871 1.0441996608711457
59861.3505 lsst_hardware_z -110.03692001562149 59.27000045776367 30.989999771118164 AB 2.985580617580077 1.034325521420432
59861.3684 lsst_hardware_y 48.31212479903707 52.7400016784668 30.059999465942383 AB 2.9457351276496033 1.0313596758999604
59863.3549 lsst_hardware_z -115.23711109560725 62.709999084472656 30.989999771118164 AB 4.506522384455971 1.0312998190870533
59863.3731 lsst_hardware_y 25.08633774002394 56.380001068115234 30.059999465942383 AB 4.478881026969975 1.034682304815398
59866.3617 lsst_hardware_y -19.703302269562407 73.30999755859375 30.809999465942383 AB 5.5794861127430515 1.033238169026491
59868.3472 lsst_hardware_r -47.57321080912615 42.66999816894531 31.6200008392334 AB 7.531168194497083 1.031125417406
59868.3654 lsst_hardware_z 24.700090167492117 47.349998474121094 30.969999313354492 AB 7.5962569717870005 1.0383310589069827
59870.3293 lsst_hardware_i 9.560740467804086 33.0099983215332 31.270000457763672 AB 6.3430642131740615 1.0329041219954505
59870.3471 lsst_hardware_z 72.17038648048447 42.11000061035156 30.959999084472656 AB 6.675090949520082 1.032031068662596
59872.3243 lsst_hardware_r 18.50677716031894 22.65999984741211 31.510000228881836 AB 1.2429040890857124 1.0327412456056115
59872.3428 lsst_hardware_u 1.7733116027894464 2.880000114440918 28.540000915527344 AB 0.7357284443369432 1.0323598377038492
59874.3234 lsst_hardware_g 5.907102675886135 13.300000190734863 31.40999984741211 AB 2.6363384444440303 1.031532209505344
59874.3415 lsst_hardware_i 28.840339611113063 29.940000534057617 31.25 AB 3.297804814063184 1.033929660842801
59876.3267 lsst_hardware_z -31.52454899953786 40.88999938964844 30.950000762939453 AB 3.3785683133584445 1.0312565437325465
59876.3452 lsst_hardware_r -7.1703818208430885 22.170000076293945 31.489999771118164 AB 3.725960221960443 1.0395610942461129
59878.3223 lsst_hardware_u -0.06442781211545741 2.7699999809265137 28.540000915527344 AB 1.424026696630391 1.0314051400026973
59878.3406 lsst_hardware_g -33.54776615350339 13.479999542236328 31.43000030517578 AB 2.471535757567228 1.0402451366421888
59880.3075 lsst_hardware_r 10.297397024635021 22.270000457763672 31.510000228881836 AB 2.894925258806478 1.0314460542065838
59880.3255 lsst_hardware_i -45.58772032547839 30.280000686645508 31.260000228881836 AB 2.930388485840299 1.034102685783772
59882.2581 lsst_hardware_z -84.36679756273483 41.47999954223633 30.959999084472656 AB 3.809016066824416 1.0740211664526762
59882.2741 lsst_hardware_r -5.1675053306801635 22.399999618530273 31.510000228881836 AB 3.6196384717720664 1.0500836877783772
59884.3024 lsst_hardware_r -19.862225874580602 22.149999618530273 31.5 AB 5.626499180248083 1.031060872319683
59884.3223 lsst_hardware_u -1.5140241137492025 2.799999952316284 28.549999237060547 AB 5.6293541640121125 1.0387539975419078
59886.2999 lsst_hardware_g 11.615049762345032 13.550000190734863 31.440000534057617 AB 4.950337273980262 1.0313202654125546
59886.32 lsst_hardware_i 30.251821221947786 30.15999984741211 31.25 AB 4.998139579283444 1.0412790790173843
59895.277 lsst_hardware_r -90.65930335910956 66.30999755859375 31.649999618530273 AB 4.2295615846690495 1.0316003865046464
59895.2942 lsst_hardware_z -16.28137424474807 54.9900016784668 30.979999542236328 AB 3.822405832116342 1.0402519613869776
59897.2651 lsst_hardware_r 3.9760222186296446 45.099998474121094 31.6299991607666 AB 5.905856215705316 1.03105031698766
59897.2827 lsst_hardware_y 40.65713929666338 48.630001068115234 30.059999465942383 AB 5.796476023866352 1.0360100132022076
59900.2724 lsst_hardware_u 5.2028118210226815 3.1600000858306885 28.579999923706055 AB 4.1609082232959915 1.0348372783326818
59900.2921 lsst_hardware_g -19.663538147876356 19.280000686645508 31.540000915527344 AB 3.9561834720833278 1.0521065014515865
59902.2675 lsst_hardware_r -46.643439178977005 22.229999542236328 31.489999771118164 AB 5.384760628451004 1.035132762101308
59902.2857 lsst_hardware_i -25.79910456391727 30.31999969482422 31.239999771118164 AB 5.553238532171579 1.0509535450741065
59904.2521 lsst_hardware_z -7.532179079082232 40.70000076293945 30.950000762939453 AB 3.4020032711779034 1.0315352550572339
59904.2725 lsst_hardware_r 40.59039229532189 22.219999313354492 31.479999542236328 AB 3.3423064289295503 1.0427328709222807
59906.2515 lsst_hardware_u -5.831108780380626 2.640000104904175 28.420000076293945 AB 6.30352896891708 1.0328574420638696
59906.2715 lsst_hardware_g -0.2699942644649803 13.65999984741211 31.40999984741211 AB 6.407782065526804 1.0471943235049523
59908.2526 lsst_hardware_r -5.742250654265826 22.209999084472656 31.489999771118164 AB 6.832203923994223 1.0359672363903296
59908.2715 lsst_hardware_z 84.31148892030622 41.029998779296875 30.950000762939453 AB 6.9450669390158355 1.0536797935165312
59910.2538 lsst_hardware_r -8.655783133483721 22.469999313354492 31.5 AB 4.569034024355973 1.0407032171488815
59910.2731 lsst_hardware_u -0.3063988761480399 2.630000114440918 28.389999389648438 AB 4.655403965374133 1.0637883954010907
59912.2266 lsst_hardware_z -19.558740488969757 40.86000061035156 30.950000762939453 AB 5.2141954041891605 1.0310847150858535
59912.2459 lsst_hardware_g 16.49083362014676 13.720000267028809 31.420000076293945 AB 5.165341359757626 1.0387815705896393
59922.2173 lsst_hardware_r 26.075198535078854 99.0199966430664 31.65999984741211 AB 5.746030754570474 1.0378453453572607
59922.2367 lsst_hardware_y 72.71380659327995 56.79999923706055 30.059999465942383 AB 5.909900711968363 1.058331719797349
59924.2186 lsst_hardware_g 144.91227647771916 71.41999816894531 31.729999542236328 AB 9.917192694145898 1.0433841758557345
59924.2371 lsst_hardware_r -57.66511678762605 69.54000091552734 31.649999618530273 AB 10.167721251393724 1.0673839123149973
59929.1971 lsst_hardware_z 31.888070886664337 88.61000061035156 31.0 AB 10.673067452645467 1.0371079104209238
59929.215 lsst_hardware_r -152.98248300549926 78.76000213623047 31.649999618530273 AB 10.950408230527279 1.054769492029568
59931.155 lsst_hardware_u 30.726355650741183 25.6200008392334 29.510000228881836 AB 3.008337910783472 1.0367620600057916
59931.1735 lsst_hardware_g -212.17995240433768 85.31999969482422 31.739999771118164 AB 3.4281890979277403 1.0310343151662378
59937.1588 lsst_hardware_g -221.68675157370822 85.38193795294497 31.739999771118164 AB 6.42380533078328 1.0311083998046997
59937.1793 lsst_hardware_r 87.0570743787269 81.21926406082686 31.65999984741211 AB 6.763753463622814 1.0400574272283571
59939.1325 lsst_hardware_r 435.9660406385404 82.25336487505946 31.65999984741211 AB 7.256156056705312 1.0371864003295186
59939.1533 lsst_hardware_i 316.0388839721626 80.70742742526666 31.34000015258789 AB 7.203558235378837 1.0311051329938834
59942.1338 lsst_hardware_z 543.5327891017522 92.94003577405728 31.0 AB 7.382499812295553 1.0325174562651123
59942.1548 lsst_hardware_r 1166.5886376260535 86.96735874451126 31.65999984741211 AB 7.329834520690585 1.0334627452506993
59944.1292 lsst_hardware_z 1689.530322813176 137.46571446450088 31.760000228881836 AB 6.991955262913171 1.0322514597937331
59946.121 lsst_hardware_r 2528.7303356282455 95.8828079558529 31.65999984741211 AB 5.233604668531556 1.0331861945576064
59946.1426 lsst_hardware_z 1114.1362574329776 98.56924052714476 31.0 AB 4.770559173491922 1.0329612068188934
59948.1193 lsst_hardware_r 3303.883241013772 98.77010224785218 31.65999984741211 AB 2.3735288485104586 1.0319690645697648
59948.1442 lsst_hardware_y 566.4799422147922 97.61726221222274 30.079999923706055 AB 2.6196278579352805 1.0364501910723167
59952.094 lsst_hardware_r 5062.656075488922 108.2954518900403 31.65999984741211 AB 6.067626698885765 1.0393331104634747
59952.1148 lsst_hardware_i 3273.4755046035602 98.7844764065943 31.34000015258789 AB 6.046018858885059 1.0310400509694848
59954.096 lsst_hardware_z 2354.9869601345918 100.26379385741004 31.0 AB 8.78212814597915 1.0345912877397838
59954.1169 lsst_hardware_r 5794.5658183386195 108.69240890802163 31.65999984741211 AB 8.765133641668854 1.031799133804456
59956.0863 lsst_hardware_u 104.74047126190845 27.996307578613408 29.510000228881836 AB 5.810184551400754 1.0370391274513482
59956.1059 lsst_hardware_g 4474.8448503835125 110.16331300926157 31.739999771118164 AB 5.919322344732796 1.0310462330976087
59958.0761 lsst_hardware_r 6198.981549252314 112.8433583133541 31.65999984741211 AB 6.778699161865461 1.04054224422623
59958.0951 lsst_hardware_z 2675.439754971504 103.19996714598423 31.0 AB 7.0694762425631925 1.0313377128812282
59963.0688 lsst_hardware_r 6093.714729984237 112.40462401314936 31.65999984741211 AB 3.7576793221129607 1.036029589774734
59963.0892 lsst_hardware_u 75.22262184036926 26.719391716110806 29.510000228881836 AB 3.995883902874435 1.031240200320298
59967.047 lsst_hardware_y 625.6405088314407 97.74721963321105 30.079999923706055 AB 7.855789092560707 1.04465280486178
59967.0654 lsst_hardware_i 4094.4315245813555 101.82158701934492 31.34000015258789 AB 7.625430961247575 1.0325566636760426
59972.0441 lsst_hardware_y 537.3699832196482 96.31254546863525 30.079999923706055 AB 12.049877059279781 1.0361029285709185
59972.0621 lsst_hardware_r 4535.259363298951 104.24042164467167 31.65999984741211 AB 12.01332301817152 1.031039023158763
59974.0427 lsst_hardware_y 390.7427963289529 96.24855594662112 30.079999923706055 AB 11.471184628669334 1.0339601416931339
59974.0601 lsst_hardware_z 1797.9742951469468 99.68995089836953 31.010000228881836 AB 11.556835791441683 1.0313692103261853
59978.0501 lsst_hardware_y 832.7435969170225 133.0521034432153 30.829999923706055 AB 8.109869401480925 1.031527524991214
59982.0269 lsst_hardware_y 320.49998634723653 94.75164161907851 30.079999923706055 AB 4.878947449507939 1.0318535317958277
59982.0456 lsst_hardware_z 1525.6923514288544 96.5277660781412 31.0 AB 6.334184431624387 1.033463584542178
59984.025 lsst_hardware_y 345.64145341469396 96.06864983607133 30.079999923706055 AB 5.671681627642049 1.0312148413894635
59984.044 lsst_hardware_u 26.11600153350424 26.11934455975695 29.520000457763672 AB 6.190495805893331 1.0353298165979565
60223.3846 lsst_hardware_r -106.03876628530969 80.62999725341797 31.65999984741211 AB 5.974564073952405 1.0333934228059163
60226.302 lsst_hardware_r 6.213364681269377 79.91000366210938 31.639999389648438 AB 3.0074186676119217 1.1041801496555825
60226.3188 lsst_hardware_y 11.189345177369566 94.69000244140625 30.06999969482422 AB 2.896753733858503 1.0693073952965642
60227.3592 lsst_hardware_g 23.286098404770957 120.69999694824219 32.4900016784668 AB 3.093612158112549 1.031204052704183
60227.373 lsst_hardware_z 149.81910343613734 127.54000091552734 31.75 AB 3.0993767068010407 1.0331255689336802
60232.3276 lsst_hardware_r 80.8204375330444 113.7699966430664 32.400001525878906 AB 5.895842850516865 1.0387320032622331
60232.3437 lsst_hardware_y 160.2520631776139 95.12000274658203 30.079999923706055 AB 6.0434564714658565 1.0314532450232927
60236.3396 lsst_hardware_u 30.997562192920558 25.440000534057617 29.520000457763672 AB 3.9435384047102406 1.0311252202145258
60236.3575 lsst_hardware_g -27.081442483834202 83.83999633789062 31.739999771118164 AB 3.9473657990906603 1.0380520158899567
60238.3276 lsst_hardware_r 26.644634939826226 80.5 31.65999984741211 AB 2.39183184066665 1.0314065720856158
60238.3457 lsst_hardware_z 25.60854383015173 90.66999816894531 31.0 AB 2.600917023729512 1.034298922479965
60242.3169 lsst_hardware_z 66.05316752167718 90.26000213623047 31.0 AB 3.9140577288926344 1.0313722605777693
60242.3342 lsst_hardware_r -41.70166514880686 80.69000244140625 31.65999984741211 AB 3.7745436384323163 1.0340271130762113
60244.3218 lsst_hardware_i -5.466815266896152 79.04000091552734 31.34000015258789 AB 3.2449517709505376 1.0316991561720745
60244.3397 lsst_hardware_z 54.24539696215852 90.16000366210938 31.0 AB 3.222514781625315 1.0412002525444586
60246.3053 lsst_hardware_r -61.31955437860482 80.44999694824219 31.65999984741211 AB 3.1492844813306125 1.0314813520379056
60246.3221 lsst_hardware_z 16.10408023189361 90.69999694824219 31.0 AB 3.1286090003036957 1.0335106536267233
60260.2795 lsst_hardware_i 58.867942578738706 78.87000274658203 31.329999923706055 AB 4.231298485696893 1.0320240209016813
60260.2977 lsst_hardware_r 26.15497597624111 80.47000122070312 31.649999618530273 AB 3.8486347188849583 1.0426843209225112
60262.2779 lsst_hardware_u 8.29767918461581 26.079999923706055 29.510000228881836 AB 5.879457280968251 1.0332965344408174
60262.296 lsst_hardware_g 89.9507474255571 86.58000183105469 31.729999542236328 AB 6.185718996696604 1.0463873799706496
60267.2693 lsst_hardware_i 43.02821835918109 77.38999938964844 31.34000015258789 AB 5.483823084290259 1.0357584444781596
60267.289 lsst_hardware_z 36.1945915523194 88.51000213623047 31.0 AB 5.589078092349253 1.0542446651605393
60271.2562 lsst_hardware_z -5.478452640776565 90.06999969482422 31.0 AB 6.357516688528867 1.034583675920076
60271.2764 lsst_hardware_r 51.30084285290141 80.3499984741211 31.649999618530273 AB 6.544061731913676 1.0520999568993046
60273.2514 lsst_hardware_i -99.93843612113102 80.75 31.34000015258789 AB 6.864975850886229 1.0349209825456627
60273.272 lsst_hardware_r 62.02076209421989 82.01000213623047 31.649999618530273 AB 6.970265622201781 1.0534406481917873
60279.2289 lsst_hardware_i -0.31722457420513167 80.68000030517578 31.34000015258789 AB 7.835086259214699 1.0323813588213324
60279.2489 lsst_hardware_z 87.11472545291097 92.23999786376953 31.0 AB 7.937319446261727 1.0456682917084656
60281.2283 lsst_hardware_i -52.5294426308861 79.08999633789062 31.34000015258789 AB 6.5246381830124545 1.0342887476373703
60281.2468 lsst_hardware_z 75.62402710867279 90.62000274658203 31.0 AB 6.615089053496243 1.0493399563653065
60283.2188 lsst_hardware_g 46.167520287099194 85.36000061035156 31.739999771118164 AB 2.7602578906671735 1.0326441790748873
60283.2368 lsst_hardware_r 54.40502865154748 80.36000061035156 31.649999618530273 AB 2.7696995335711136 1.0444798844427692
60291.1956 lsst_hardware_z 110.0457190345299 90.19000244140625 31.0 AB 11.407220567125943 1.0322186707701397
60291.2145 lsst_hardware_u 58.82619481197933 25.510000228881836 29.5 AB 11.349656725292325 1.044030606686841
60292.197 lsst_hardware_g -25.87267039618075 13.649999618530273 31.420000076293945 AB 7.85618031313795 1.033707935939204
60292.2156 lsst_hardware_r -5.695041426871782 22.469999313354492 31.489999771118164 AB 8.195904944996483 1.048013845596082
60294.1963 lsst_hardware_i 10.96626300059591 30.350000381469727 31.260000228881836 AB 10.661674048089775 1.036175255116912
60294.2153 lsst_hardware_z -17.409429261129144 41.31999969482422 30.950000762939453 AB 10.957659621634301 1.0542609073857439
60296.1369 lsst_hardware_i 70.40481303698294 30.969999313354492 31.25 AB 3.0848615818042613 1.0552548170369922
60296.1573 lsst_hardware_z -35.40043794003965 40.939998626708984 30.940000534057617 AB 3.111687597092481 1.0357906009739188
60300.1444 lsst_hardware_z 85.28217057220988 48.279998779296875 30.969999313354492 AB 3.6357477783598835 1.0370073526411532
60300.1627 lsst_hardware_r -34.47189474237846 49.560001373291016 31.6299991607666 AB 3.6171374553300755 1.031037541603385
60302.1488 lsst_hardware_i -29.42938080073602 61.939998626708984 31.31999969482422 AB 6.429298289779543 1.0323214980378714
60302.1683 lsst_hardware_r -24.450713319660768 74.16999816894531 31.649999618530273 AB 6.640385410024277 1.0331344231132298
60305.1298 lsst_hardware_z -86.39953997348721 95.04000091552734 31.739999771118164 AB 5.017504320431665 1.0376391935542684
60307.1305 lsst_hardware_g -73.87961277140927 74.41000366210938 31.729999542236328 AB 7.408880782182385 1.0340979283069336
60307.1514 lsst_hardware_r -60.230270219513876 73.08000183105469 31.649999618530273 AB 7.29330471506167 1.0320714219426892
60309.1342 lsst_hardware_i -20.207642960405067 40.060001373291016 31.290000915527344 AB 6.9866917374061535 1.0313221252351956
60309.1566 lsst_hardware_z -48.07699050399556 47.15999984741211 30.959999084472656 AB 6.970948029719223 1.0369576838555927
60313.1197 lsst_hardware_g 13.995300547979681 18.959999084472656 32.150001525878906 AB 2.373722914248458 1.0320534409775906
60313.1395 lsst_hardware_r -22.3128505158647 31.309999465942383 32.2400016784668 AB 2.6030331437360945 1.0336332801069867
60317.1171 lsst_hardware_u -1.6483452476903306 2.6600000858306885 28.440000534057617 AB 5.986225832724613 1.031041307737623
60317.1406 lsst_hardware_g -28.496608345089978 13.4399995803833 31.40999984741211 AB 7.38005678909141 1.0413635627752655
60319.0983 lsst_hardware_g -3.2353848585588048 13.470000267028809 31.420000076293945 AB 8.783226671460534 1.033837703729575
60319.1198 lsst_hardware_r 12.99543908913157 22.170000076293945 31.5 AB 8.753948277896974 1.032406676508734
60321.0936 lsst_hardware_i -33.3041880260566 30.010000228881836 31.25 AB 5.71177468981248 1.0335091946161632
60321.1152 lsst_hardware_z 35.02113234816957 40.66999816894531 30.950000762939453 AB 5.78485403674776 1.0326869347521328
60323.0868 lsst_hardware_i -3.6302078073532256 29.90999984741211 31.25 AB 7.061524203828031 1.0341000005605825
60323.106 lsst_hardware_u -0.08383011771736594 2.619999885559082 28.40999984741211 AB 7.012520201610515 1.0316575424103347
60325.0739 lsst_hardware_g -11.803410651983603 15.6899995803833 31.459999084472656 AB 3.445905930094722 1.0385491049110012
60325.0935 lsst_hardware_r -41.18557052222519 23.020000457763672 31.5 AB 3.8525224972524277 1.031051116620481
60327.0759 lsst_hardware_i 30.76865766274794 34.650001525878906 31.270000457763672 AB 4.032946731665757 1.0340889055553224
60327.0963 lsst_hardware_r 17.622147585346212 31.399999618530273 31.56999969482422 AB 4.0555200971446945 1.031938956016467
60329.0845 lsst_hardware_z -18.41058437606459 68.9000015258789 31.719999313354492 AB 7.866860653903343 1.0310433360292717
60331.0716 lsst_hardware_r -79.75562792107526 69.30999755859375 31.649999618530273 AB 11.143310322231622 1.0317879927992242
60331.0922 lsst_hardware_i -69.5648276969326 58.599998474121094 31.329999923706055 AB 11.500844064509131 1.0344811391508102
60333.0484 lsst_hardware_y -26.388512019345814 54.529998779296875 30.049999237060547 AB 13.469545021353001 1.0414663770786927
60333.0688 lsst_hardware_z -84.01145939482336 61.439998626708984 30.979999542236328 AB 13.379032535874517 1.031298276102252
60337.0438 lsst_hardware_y -126.25454352152474 49.119998931884766 30.049999237060547 AB 12.06331402726382 1.0367234468256978
60337.0609 lsst_hardware_r 14.34654891437526 43.290000915527344 31.610000610351562 AB 12.051862780454949 1.0310430986786678
60339.042 lsst_hardware_y 52.2203546588959 49.63999938964844 30.049999237060547 AB 11.642758295317229 1.0346359455538152
60339.0596 lsst_hardware_r 46.91308008305298 21.989999771118164 31.479999542236328 AB 11.497451894008023 1.031215554835427
60341.0306 lsst_hardware_z 111.95165171960137 59.970001220703125 30.989999771118164 AB 8.783196140834614 1.0382642166599223
60341.0493 lsst_hardware_g -29.120760019913707 13.779999732971191 31.43000030517578 AB 8.368264071162644 1.031071728501553
60345.0284 lsst_hardware_y 64.3544312118202 67.9800033569336 30.06999969482422 AB 5.74018447669657 1.033367543586049
60345.0471 lsst_hardware_i 14.847849406191612 30.229999542236328 31.25 AB 6.158431066938195 1.031923099954746
60349.0258 lsst_hardware_y 6.927711591854202 69.44000244140625 30.06999969482422 AB 5.686433710125755 1.0312096433764895
60349.045 lsst_hardware_r 19.895570189800054 22.110000610351562 31.489999771118164 AB 6.306939274815654 1.0355088564167558
60351.0239 lsst_hardware_y -41.44966320263324 67.7699966430664 30.06999969482422 AB 0.6000589033471786 1.0310290435518532
60351.0407 lsst_hardware_g -23.495156054540686 13.75 31.399999618530273 AB 0.5626494524644661 1.0361868369512086
