data/validation/pwv_sim_epoch_fit_epoch/27087178.ecsv
# %ECSV 0.9
# ---
# datatype:
# - {name: time, datatype: float64}
# - {name: band, datatype: string}
# - {name: flux, datatype: float64}
# - {name: fluxerr, datatype: float64}
# - {name: zp, datatype: float64}
# - {name: zpsys, datatype: string}
# - {name: pwv, datatype: float64}
# - {name: airmass, datatype: float64}
# meta: {SNID: '27087178', alt: 1024.0, c: -0.018872374668717384, dec: -32.797169, lat: -30.244573, lon: -70.7499537, ra: 25.136719, t0: 61663.19921875,
#   x0: 3.6561493708039086e-06, x1: -1.0068928003311157, z: 0.6974226236343384}
# schema: astropy-2.0
time band flux fluxerr zp zpsys pwv airmass
61589.3776 lsst_hardware_u -2.8168623274798494 2.630000114440918 28.34000015258789 AB 7.727050838873933 1.1957676940380584
61589.3973 lsst_hardware_r 22.501048705645758 22.899999618530273 31.479999542236328 AB 7.26850292346601 1.1252133118529353
61591.374 lsst_hardware_i -7.829186718951452 31.65999984741211 31.219999313354492 AB 5.382087488883413 1.1881862143389297
61591.3936 lsst_hardware_z -28.739785206314448 42.25 30.940000534057617 AB 4.402707461727453 1.1198781088396768
61593.3422 lsst_hardware_z 15.461279758512612 44.52000045776367 30.920000076293945 AB 2.098473102483227 1.3173089155575815
61593.3619 lsst_hardware_r -0.756858436265854 23.010000228881836 31.459999084472656 AB 1.9346076400232304 1.216224417449642
61598.3899 lsst_hardware_z 67.78933480115927 41.41999816894531 30.940000534057617 AB 8.305480479191885 1.0790892882309917
61598.409 lsst_hardware_u -2.298979079975874 2.640000104904175 28.420000076293945 AB 8.088178404935583 1.0417205016498823
61600.4035 lsst_hardware_g 16.680623371984712 13.470000267028809 31.420000076293945 AB 6.181429077326487 1.0417846258239634
61600.4259 lsst_hardware_r 50.82310159437666 22.170000076293945 31.5 AB 6.9309382123007355 1.0139992264073348
61605.43 lsst_hardware_z 24.59390224015669 59.47999954223633 30.989999771118164 AB 3.208071391522652 1.003044728980506
61608.3844 lsst_hardware_z 18.325169128296405 78.45999908447266 31.729999542236328 AB 5.515340911295032 1.0374982903113303
61611.3671 lsst_hardware_r 5.07690917652992 47.529998779296875 31.6200008392334 AB 5.804129707546271 1.0527601156388995
61611.3876 lsst_hardware_i 20.961311819474272 43.709999084472656 31.299999237060547 AB 6.346892465007192 1.0223731419148183
61617.3728 lsst_hardware_g 12.405381028256114 13.210000038146973 31.399999618530273 AB 4.035308928443798 1.0206067348422538
61617.3928 lsst_hardware_r -6.274178676614847 21.84000015258789 31.5 AB 4.489000914419414 1.004906463446189
61619.374 lsst_hardware_i -17.53641560736289 29.799999237060547 31.260000228881836 AB 1.4552939064846517 1.014024322251382
61619.3925 lsst_hardware_z -73.36595273814174 40.220001220703125 30.950000762939453 AB 1.9046447760473717 1.0027964773854185
61622.2707 lsst_hardware_i -11.392159052764207 32.040000915527344 31.209999084472656 AB 0.4605089134740755 1.2744711627511314
61622.2913 lsst_hardware_z 96.91082968949392 42.90999984741211 30.93000030517578 AB 0.36163594336398763 1.1805308270859225
61624.2707 lsst_hardware_r -0.5806709951401925 22.950000762939453 31.450000762939453 AB 5.23974505410574 1.2467667482802365
61624.2894 lsst_hardware_u 0.7262752264016145 2.5999999046325684 28.34000015258789 AB 4.830904958755804 1.1669792154172973
61626.2721 lsst_hardware_g -1.679756528032508 13.550000190734863 31.3700008392334 AB 3.9868112973201115 1.2149356383727292
61626.2906 lsst_hardware_r -39.50116287228014 22.639999389648438 31.479999542236328 AB 3.824378039740234 1.143482744727234
61629.2553 lsst_hardware_z -29.775467268858318 49.79000329193144 30.940000534057617 AB 3.6073043186069333 1.2554059285775703
61629.2739 lsst_hardware_r -30.114273441825514 46.34081199453614 31.59000015258789 AB 3.3723107319024552 1.1739304009871625
61631.2659 lsst_hardware_r 26.15455030329258 62.56313880969908 31.610000610351562 AB 4.246358815241813 1.1837915154584526
61631.2847 lsst_hardware_z -102.73198170033925 51.96487581823494 30.959999084472656 AB 4.118766871435632 1.1189767366363501
61649.2651 lsst_hardware_g 151.32446346371594 18.385075076251766 31.389999389648438 AB 1.7045718548905613 1.0496132111395082
61649.2836 lsst_hardware_i 629.839075744777 38.6536261055623 31.239999771118164 AB 1.7313762106513797 1.0226675786481865
61651.2716 lsst_hardware_z 471.45795237531155 46.47767958047548 30.950000762939453 AB 1.2652386665348958 1.0308843019024136
61651.2901 lsst_hardware_r 720.1447747006459 35.15481000666297 31.489999771118164 AB 1.290217875517519 1.011142535672037
61653.2696 lsst_hardware_u 5.821943903143208 3.2362200823378378 28.389999389648438 AB 2.386467002972405 1.0263638461640334
61653.2883 lsst_hardware_g 194.27380893235411 19.661351540434662 31.40999984741211 AB 2.3267580817903375 1.0084915474060556
61655.2448 lsst_hardware_g 179.58967071183466 19.9004789259333 31.40999984741211 AB 1.9639674694284888 1.0568434813068102
61655.2619 lsst_hardware_r 998.7518024388062 38.45596962109327 31.5 AB 1.9747779715513043 1.0292449469516876
61672.1755 lsst_hardware_r 741.4694517020772 34.67317665235616 31.469999313354492 AB 4.155732206355464 1.1110098132214339
61672.1922 lsst_hardware_i 1015.6003231296581 43.66050829101495 31.239999771118164 AB 3.9793004026521417 1.0694169316451163
61674.1733 lsst_hardware_z 619.0506459474173 49.62512444264538 30.950000762939453 AB 3.741973103451117 1.101957771759145
61674.1895 lsst_hardware_i 895.3168284429713 42.971243295101296 31.25 AB 3.591163669658759 1.063628295880766
61678.1056 lsst_hardware_r 416.84869858147783 32.03416270103016 31.440000534057617 AB 5.205597849281144 1.3450288351609228
61680.1115 lsst_hardware_g 41.559419272850135 15.309519808430048 31.34000015258789 AB 5.800448437338137 1.2789934447109774
61680.1314 lsst_hardware_r 400.97937453715133 30.63731840112366 31.469999313354492 AB 5.189282044609687 1.1866640852068802
61682.1108 lsst_hardware_i 581.1056875663365 40.28439581116761 31.219999313354492 AB 2.6342703194210433 1.2544144378195443
61682.1318 lsst_hardware_z 541.4465832243835 48.95906982302671 30.93000030517578 AB 2.113930648509007 1.1642189995918415
61684.1114 lsst_hardware_r 321.2324896252691 31.886126812074725 31.5 AB 4.23364794696077 1.2254866693248079
61684.1324 lsst_hardware_g 11.389779005201095 20.09742884550141 31.510000228881836 AB 4.952831194927784 1.1429830254261315
61686.0893 lsst_hardware_z 467.53597100756286 52.07843497978294 30.93000030517578 AB 12.104051927459347 1.3114407758522157
61686.1098 lsst_hardware_r 305.1150652609984 38.76782163712913 31.549999237060547 AB 10.940168480777077 1.208346572991821
61688.1087 lsst_hardware_z 352.5103691222563 54.274551748756124 30.940000534057617 AB 3.761357264414813 1.1901146225010493
61688.1298 lsst_hardware_i 359.09214865799896 49.57763215750655 31.280000686645508 AB 3.5342619387646503 1.1168468758933956
61689.1057 lsst_hardware_z 478.2651052069296 57.844700168367446 30.959999084472656 AB 5.003076817256226 1.1912087660133872
61689.1256 lsst_hardware_r 297.00956323308793 62.66390276846176 31.6299991607666 AB 4.934494251728716 1.121221143314864
61694.1098 lsst_hardware_r -13.79284454907755 104.30299477877432 31.6299991607666 AB 8.775027252175864 1.1277988928339042
61694.1286 lsst_hardware_i 268.1358327855137 82.02655991640532 31.329999923706055 AB 8.502724300476308 1.077260113030766
61698.1069 lsst_hardware_u 4.393975734787964 2.7349692991560737 28.3799991607666 AB 3.553749610110017 1.1043348695183397
61698.1273 lsst_hardware_r 92.20333677290361 24.566335404936936 31.489999771118164 AB 3.5072416758653966 1.0570348631298851
61700.1105 lsst_hardware_i 157.72786573698298 33.322037519596094 31.239999771118164 AB 4.745073435288916 1.081251779717196
61700.1308 lsst_hardware_z 306.2477815381719 43.55811370203887 30.950000762939453 AB 3.944622491223179 1.0412782924101778
61705.1082 lsst_hardware_g 7.980513609831317 14.294018215345817 31.40999984741211 AB 4.470451589625932 1.0570109370175322
61705.1262 lsst_hardware_r 91.77850752741406 23.73555960702126 31.5 AB 3.700596052371571 1.0281813528237753
61707.1131 lsst_hardware_i 135.6087169363565 32.18902931810063 31.25 AB 3.0142905865150804 1.039052253193754
61707.1316 lsst_hardware_z 169.28572900072018 42.467667148719165 30.950000762939453 AB 2.931140227179822 1.0159931463361602
61709.1116 lsst_hardware_r 78.57137979106751 23.505152314346788 31.489999771118164 AB 5.2206204527187445 1.0331724624418652
61709.1302 lsst_hardware_g 30.595144717047845 14.915683408934118 31.420000076293945 AB 3.7949234833258014 1.012384549373464
61711.1156 lsst_hardware_r 31.44412441667813 23.296237349825148 31.489999771118164 AB 5.575043334326853 1.0212260725371631
61711.1342 lsst_hardware_i 89.11273868005074 31.34314221642022 31.239999771118164 AB 3.923069669728092 1.00591529993028
61722.0875 lsst_hardware_z 231.1480510707447 92.62330640780264 31.739999771118164 AB 3.3631531547544418 1.0191373196225582
61724.0232 lsst_hardware_y 106.1719309493104 55.14397688679228 30.030000686645508 AB 6.384405132731595 1.1429296693039017
61724.0415 lsst_hardware_g 61.45750910319955 58.40226256915161 31.709999084472656 AB 6.082692272319294 1.089681380425939
61726.0227 lsst_hardware_z 101.6064695174925 46.50697547001822 30.950000762939453 AB 3.9443187174292738 1.1269482049797925
61726.0404 lsst_hardware_i 97.04290935417481 31.559497461169517 31.25 AB 3.7770801869763417 1.0791657677075261
61728.0248 lsst_hardware_y 127.61663482887543 50.99266328793413 30.020000457763672 AB 6.22102983776587 1.1048478281611183
61728.0425 lsst_hardware_r 35.4943476001671 23.258665837712506 31.479999542236328 AB 4.995198960244681 1.0627329182847822
61729.025 lsst_hardware_y 128.44858956717826 52.83269971475669 30.030000686645508 AB 8.227317995911621 1.0969757327882161
61729.0425 lsst_hardware_r 39.284391578520925 23.230144526806924 31.479999542236328 AB 7.081684819105374 1.057336109954632
61731.0253 lsst_hardware_y -17.536784575342654 54.19220071710023 30.040000915527344 AB 5.150325201415537 1.0825696692413111
61731.0421 lsst_hardware_z 130.15983891479777 41.854285056044766 30.940000534057617 AB 4.632935479887833 1.0480568894667648
61734.0263 lsst_hardware_y 45.277322019875896 54.85396055413588 30.049999237060547 AB 6.670927620261646 1.062362398385441
61734.0439 lsst_hardware_u 6.632713952576419 2.7799718749317095 28.440000534057617 AB 5.312636155636527 1.0323816858990946
61736.0277 lsst_hardware_y 47.26691386976932 55.796038710217296 30.049999237060547 AB 5.112788049408209 1.0493689875125884
61736.0459 lsst_hardware_r 33.912841627901905 22.928185315205166 31.489999771118164 AB 3.6976248486157686 1.0228561130334075
61954.3296 lsst_hardware_z 2.3331317030442533 46.43000030517578 30.899999618530273 AB 9.57166391035574 1.489405416689604
61954.3487 lsst_hardware_g -4.720184833342622 13.710000038146973 31.309999465942383 AB 8.843507460528597 1.3486610180378036
61958.4224 lsst_hardware_y 119.81291048953153 73.7300033569336 30.799999237060547 AB 1.7235354934879543 1.0432497312412958
61960.3459 lsst_hardware_r 36.71323288301009 83.86000061035156 31.600000381469727 AB 2.705732386286604 1.2702968949704834
61960.3652 lsst_hardware_i 99.44254751440687 64.66999816894531 31.299999237060547 AB 2.6322612883984875 1.1825073173400615
61964.3473 lsst_hardware_z -45.52429012039168 53.4900016784668 30.950000762939453 AB 7.292093306173122 1.2114453382721988
61964.3673 lsst_hardware_r 58.67454475276004 57.06999969482422 31.6200008392334 AB 6.831390414488719 1.135914601677578
61965.406 lsst_hardware_i 109.51351916241498 44.40999984741211 31.299999237060547 AB 6.167576636509678 1.0389247261028682
61965.4275 lsst_hardware_z -17.449213047136443 47.81999969482422 30.969999313354492 AB 6.988075682481706 1.0132051156273316
61974.3498 lsst_hardware_r -5.288604352039894 22.40999984741211 31.469999313354492 AB 4.9856010578843275 1.106477024128203
61974.3681 lsst_hardware_z 93.83045560056011 41.15999984741211 30.940000534057617 AB 4.800342488837908 1.0627084192612284
61976.3766 lsst_hardware_u 0.29203272499677924 2.5399999618530273 28.350000381469727 AB 6.376154014824516 1.0379544220778962
61976.3966 lsst_hardware_g 1.157357281398339 13.15999984741211 31.389999389648438 AB 6.226733942232182 1.0139609090102886
61978.3728 lsst_hardware_r -37.43270178305828 21.8700008392334 31.479999542236328 AB 2.6444060015911406 1.0354653794653033
61978.3943 lsst_hardware_i -27.16331406516745 29.610000610351562 31.25 AB 2.964693273819179 1.0113229656555276
61979.3742 lsst_hardware_z -38.85093386613566 40.400001525878906 30.940000534057617 AB 3.2185898553360355 1.0296741739278172
61979.395 lsst_hardware_r -0.9182209930142302 21.770000457763672 31.489999771118164 AB 3.5321537453997256 1.0088024786937526
61981.3698 lsst_hardware_u -4.462688543458838 2.5799999237060547 28.389999389648438 AB 4.9143150032330265 1.0282786406067361
61981.3903 lsst_hardware_r -3.28562473216291 21.739999771118164 31.489999771118164 AB 4.710823205225491 1.0082917767360366
61986.2799 lsst_hardware_i -47.13998763540888 59.22999954223633 31.280000686645508 AB 1.1709283608120025 1.2452268991265534
61986.3153 lsst_hardware_r 55.607057322040596 70.0199966430664 31.6299991607666 AB 2.0573409835004677 1.11137533996604
61990.2739 lsst_hardware_i -101.94237925387945 74.19000244140625 31.299999237060547 AB 3.677141286215397 1.222183011150697
61990.2932 lsst_hardware_z 58.143240117381474 65.2300033569336 30.979999542236328 AB 2.928307675225867 1.1462582236009395
61992.2705 lsst_hardware_r -122.99445122040858 75.43000030517578 31.610000610351562 AB 5.043408727438462 1.213013944426303
61992.2892 lsst_hardware_z 122.92581726553036 59.09000015258789 30.969999313354492 AB 4.938069401816469 1.141354305285212
61994.2665 lsst_hardware_z 32.513353838974204 51.970001220703125 30.950000762939453 AB 3.4777524295927758 1.206680039182111
61994.2857 lsst_hardware_i -22.69224809161538 47.97999954223633 31.290000915527344 AB 3.27543744786024 1.1349402106237838
61997.269 lsst_hardware_i -33.36369725103209 32.43000030517578 31.239999771118164 AB 5.47184246259846 1.1642218005528637
61997.2879 lsst_hardware_r 25.023842191814882 25.68000030517578 31.510000228881836 AB 5.18889059602697 1.104019275750419
62009.2281 lsst_hardware_g 34.10440152720324 19.1200008392334 32.119998931884766 AB 3.410599142226458 1.195932140340059
62009.2517 lsst_hardware_r 23.075657165295326 31.739999771118164 32.22999954223633 AB 2.8956151940409365 1.1136981515542064
62013.248 lsst_hardware_z 89.04469690031603 47.54999923706055 30.959999084472656 AB 4.523058774216412 1.0939796285443009
62013.264 lsst_hardware_r -2.8000515771422836 47.61000061035156 31.6200008392334 AB 5.203699097469879 1.0580029001480582
62016.2659 lsst_hardware_i -70.54849206605337 66.76000213623047 31.329999923706055 AB 1.342306464821983 1.0402788412463593
62016.2837 lsst_hardware_z 62.91031878315285 60.0099983215332 30.989999771118164 AB 1.3013005441638337 1.0174359219420124
62020.2452 lsst_hardware_z -160.0384585021508 91.11000061035156 31.739999771118164 AB 1.9923218678828807 1.0574021412912238
62027.1919 lsst_hardware_r 15.70472925665013 23.049999237060547 31.489999771118164 AB 1.0267717865800665 1.147231046458175
62027.2136 lsst_hardware_g -9.485157277022031 13.869999885559082 31.43000030517578 AB 1.3036017153345731 1.0844520335539842
62030.1667 lsst_hardware_z 0.31986778634683627 43.279998779296875 30.93000030517578 AB 1.0003303946871307 1.2132569978010979
62030.1849 lsst_hardware_r 8.151153868323249 22.889999389648438 31.489999771118164 AB 0.9264740538280007 1.143207058708073
62033.1754 lsst_hardware_u -1.7684190095352235 2.6500000953674316 28.3799991607666 AB 7.172158449740438 1.1476371629314477
62033.193 lsst_hardware_g -5.8283568243038895 13.619999885559082 31.389999389648438 AB 6.812296846978352 1.0950045162914226
62035.1753 lsst_hardware_r -25.774382490163532 23.030000686645508 31.489999771118164 AB 2.5750992823626215 1.130049054245648
62035.1926 lsst_hardware_i 12.871284349518978 30.81999969482422 31.25 AB 2.4408929621717212 1.0824359034020936
62039.1786 lsst_hardware_g 31.611157806204908 20.760000228881836 31.540000915527344 AB 3.7043052688365408 1.08995569786525
62039.1965 lsst_hardware_r 12.964458784988913 25.729999542236328 31.520000457763672 AB 3.555811106017886 1.0514707196031625
62041.088 lsst_hardware_z -97.25907516044128 50.939998626708984 30.899999618530273 AB 7.0056419484684005 1.5252037116352042
62041.1091 lsst_hardware_r -27.93315425695233 42.439998626708984 31.540000915527344 AB 6.256415666576847 1.3621137922079987
62043.1061 lsst_hardware_z 11.751627060659697 55.41999816894531 30.93000030517578 AB 5.125529727383278 1.346255099450705
