data/validation/pwv_sim_epoch_fit_epoch/27621690.ecsv
# %ECSV 0.9
# ---
# datatype:
# - {name: time, datatype: float64}
# - {name: band, datatype: string}
# - {name: flux, datatype: float64}
# - {name: fluxerr, datatype: float64}
# - {name: zp, datatype: float64}
# - {name: zpsys, datatype: string}
# - {name: pwv, datatype: float64}
# - {name: airmass, datatype: float64}
# meta: {SNID: '27621690', alt: 1024.0, c: -0.004255194216966629, dec: -30.17244, lat: -30.244573, lon: -70.7499537, ra: 171.5625, t0: 61543.0703125,
#   x0: 9.299780722542015e-06, x1: 0.6028358340263367, z: 0.4743533432483673}
# schema: astropy-2.0
time band flux fluxerr zp zpsys pwv airmass
61404.2446 lsst_hardware_r 0.015664557037424708 51.25 31.520000457763672 AB 13.366848688454006 1.4872848543931445
61404.2672 lsst_hardware_z -75.93285858013024 53.630001068115234 30.93000030517578 AB 11.51154546199224 1.3231661450565795
61406.2682 lsst_hardware_g 7.384478550442984 22.950000762939453 31.510000228881836 AB 9.092839866997101 1.2856686170013123
61406.2904 lsst_hardware_r 3.3238895763499805 30.18000030517578 31.530000686645508 AB 8.353146798128032 1.181015686481126
61408.2509 lsst_hardware_i -18.680952176771758 33.43000030517578 31.209999084472656 AB 5.913408230182624 1.3572720776211982
61408.272 lsst_hardware_z 20.505429048481076 44.279998779296875 30.93000030517578 AB 5.388587344896499 1.2378072002059335
61410.2549 lsst_hardware_r 7.405496011270345 23.559999465942383 31.450000762939453 AB 13.58777527375396 1.2990638905402294
61410.276 lsst_hardware_g 4.012970914165669 13.920000076293945 31.3700008392334 AB 12.493346540801491 1.195230551132231
61412.2541 lsst_hardware_r 19.474683506223393 23.420000076293945 31.450000762939453 AB 12.119370449655102 1.2732660251782677
61412.2755 lsst_hardware_i 9.522850303428696 31.469999313354492 31.229999542236328 AB 11.202480686453807 1.1751881129246062
61414.2945 lsst_hardware_u -0.3774574919919838 2.7200000286102295 28.440000534057617 AB 8.206191498852537 1.0958635431363282
61414.3118 lsst_hardware_g -5.871215611646467 14.09000015258789 31.440000534057617 AB 7.942620932753112 1.056258117061419
61419.296 lsst_hardware_r 6.6161991200363595 22.670000076293945 31.5 AB 8.810862895306592 1.060527551192416
61419.3144 lsst_hardware_u 1.0188235850424712 2.7699999809265137 28.520000457763672 AB 8.600653650322469 1.0294430637953738
61421.2914 lsst_hardware_g -28.897361159572394 13.949999809265137 31.43000030517578 AB 5.0102308498701795 1.0587977282058705
61421.309 lsst_hardware_r -27.35919958720738 22.610000610351562 31.510000228881836 AB 5.9041569056443395 1.0293609215262762
61425.2104 lsst_hardware_r 60.725760522021304 86.5999984741211 32.31999969482422 AB 13.161957670026366 1.3199355844920306
61425.2281 lsst_hardware_i -20.883161847364313 72.1500015258789 32.029998779296875 AB 12.309185354715204 1.2259127251770474
61427.2071 lsst_hardware_z 35.40804916197963 64.47000122070312 30.950000762939453 AB 12.760189922529275 1.307095180161264
61427.225 lsst_hardware_i -107.24131660584777 68.87000274658203 31.299999237060547 AB 11.543763223462477 1.215132970890787
61431.2069 lsst_hardware_r 57.652504551609304 82.68000030517578 31.600000381469727 AB 17.47273596911582 1.249123246290808
61431.2242 lsst_hardware_i -146.75211550950624 69.02999877929688 31.309999465942383 AB 16.474334106794007 1.1729678965321473
61433.24 lsst_hardware_z -46.50854395053941 71.20999908447266 31.709999084472656 AB 11.034250454108948 1.1029838518701467
61435.1983 lsst_hardware_g 16.10393434299296 19.049999237060547 31.479999542236328 AB 15.131978374128474 1.2377390187827393
61435.216 lsst_hardware_r 53.214977083117404 29.190000534057617 31.540000915527344 AB 14.236646557115714 1.1626814305914723
61437.2302 lsst_hardware_z 16.424581838782906 41.900001525878906 30.940000534057617 AB 13.811646896805062 1.0999088347324602
61437.2479 lsst_hardware_r -6.413498181877366 22.979999542236328 31.5 AB 13.2454259652978 1.058434518103307
61441.2007 lsst_hardware_g -0.39644698394008443 13.800000190734863 31.399999618530273 AB 7.925572864671005 1.1587094831390095
61441.2186 lsst_hardware_r 7.756556623951408 22.68000030517578 31.5 AB 5.85000810998399 1.1017656054963776
61446.2033 lsst_hardware_u 0.5104877582779362 2.640000104904175 28.389999389648438 AB 3.5504952673282375 1.1063605091648623
61446.2222 lsst_hardware_g -5.962551513607385 13.640000343322754 31.420000076293945 AB 4.569145949194455 1.0607009090445936
61449.2186 lsst_hardware_i -15.250237976763753 30.34000015258789 31.25 AB 5.16388691332715 1.0517795328930195
61449.2361 lsst_hardware_z 32.43948787818672 40.7599983215332 30.950000762939453 AB 5.032487847204932 1.0247379041345819
61451.2224 lsst_hardware_r -1.8628170416045857 22.34000015258789 31.5 AB 3.3091681302291973 1.0361387491911003
61451.2419 lsst_hardware_u 1.8344255228402029 2.690000057220459 28.469999313354492 AB 3.1851816251061265 1.0127763513850958
61453.1173 lsst_hardware_i 13.966166445444513 47.189998626708984 31.239999771118164 AB 3.349735611965617 1.4342691551982947
61453.1368 lsst_hardware_z -42.16556162971079 50.58000183105469 30.93000030517578 AB 3.988584358080226 1.3031040647145313
61457.1185 lsst_hardware_y 83.91952305884793 63.29999923706055 29.950000762939453 AB 6.169178796545073 1.3482579143028497
61457.1376 lsst_hardware_r 12.875049623858132 117.73999786376953 31.610000610351562 AB 6.315736329755278 1.2408126384587974
61459.1067 lsst_hardware_i -27.331868001126995 92.69999694824219 31.270000457763672 AB 9.146823613929856 1.3912576795086915
61459.1269 lsst_hardware_z -129.35513057177027 79.5199966430664 30.959999084472656 AB 9.782497657189246 1.2673270704999673
61461.1044 lsst_hardware_r 55.63566195511254 60.619998931884766 31.559999465942383 AB 10.42725061261031 1.3693040857006318
61461.124 lsst_hardware_g 84.2984107797665 62.5 31.639999389648438 AB 9.597410579938655 1.2541126496930717
61463.1102 lsst_hardware_r -3.2197957248751097 23.530000686645508 31.450000762939453 AB 8.548107585284543 1.2990551400455215
61463.1304 lsst_hardware_i 33.18739075274283 37.119998931884766 31.25 AB 9.291839937419665 1.1990244451151255
61465.1046 lsst_hardware_z 4.4589890146392595 44.779998779296875 30.920000076293945 AB 5.354424675457519 1.299854263629913
61465.1238 lsst_hardware_i -64.02070040977637 31.8799991607666 31.229999542236328 AB 4.916753057081624 1.2039062333695747
61467.1084 lsst_hardware_u -2.2767286924391197 2.5299999713897705 28.229999542236328 AB 7.216640467688236 1.2501759147142895
61467.1277 lsst_hardware_g -31.776188326106055 13.90999984741211 31.3799991607666 AB 5.6946322601577775 1.166156199284857
61469.1141 lsst_hardware_r 25.518234937741326 23.239999771118164 31.469999313354492 AB 12.363544930575397 1.1986761074144778
61469.1348 lsst_hardware_i -33.08389393986238 30.979999542236328 31.239999771118164 AB 11.57023236284889 1.1232326539453659
61471.1064 lsst_hardware_z -16.049175423140817 43.380001068115234 30.940000534057617 AB 8.830532761062798 1.2083378162374006
61471.1254 lsst_hardware_u 3.4444545228576295 2.680000066757202 28.389999389648438 AB 9.748081405949094 1.135809077302528
61473.1008 lsst_hardware_g 5.423599631818299 13.970000267028809 31.350000381469727 AB 12.439182992306245 1.2089494367719944
61473.1213 lsst_hardware_r -39.639673806632956 23.100000381469727 31.469999313354492 AB 11.619241813483198 1.1313770022865735
61475.1105 lsst_hardware_i -25.851603333986713 31.440000534057617 31.239999771118164 AB 8.708374506494991 1.149316946878035
61475.131 lsst_hardware_z 12.067695450677228 41.849998474121094 30.950000762939453 AB 8.265863196216255 1.0879953311972959
61478.1142 lsst_hardware_i 12.094436914835713 30.989999771118164 31.239999771118164 AB 14.30653860878445 1.111316938578024
61478.136 lsst_hardware_z 23.482598703662255 41.2400016784668 30.950000762939453 AB 11.800629901136974 1.058352457501064
61486.0961 lsst_hardware_z -146.06418368226736 122.58000183105469 31.75 AB 5.826363894250865 1.1007677865578598
61488.0963 lsst_hardware_r 57.895585422597705 109.05000305175781 31.649999618530273 AB 5.962173391934752 1.0860060823196218
61488.1149 lsst_hardware_i 10.111429455428235 86.44999694824219 31.34000015258789 AB 5.745897817253918 1.0467546235376268
61491.0779 lsst_hardware_z -63.550278356377 47.290000915527344 30.959999084472656 AB 7.0281828862261655 1.1136695448925336
61491.0951 lsst_hardware_r -32.65630938929005 42.790000915527344 31.610000610351562 AB 6.887128282363725 1.06965131740998
61493.0788 lsst_hardware_u 6.508873618436021 4.070000171661377 29.309999465942383 AB 7.384818220873797 1.0958871518906337
61493.0969 lsst_hardware_g -2.894000697831972 20.239999771118164 32.209999084472656 AB 7.272025556193925 1.0547319990611959
61495.0741 lsst_hardware_r 4.011939763878334 23.219999313354492 31.5 AB 5.242065166921541 1.0938820645334195
61495.0922 lsst_hardware_z -13.866762199795316 41.41999816894531 30.950000762939453 AB 5.458651098762193 1.0532853060804739
61500.0673 lsst_hardware_g -24.06331966789998 13.949999809265137 31.399999618530273 AB 8.4233460803469 1.0769476545863161
61500.0844 lsst_hardware_r 10.15615912062615 22.690000534057617 31.489999771118164 AB 7.382145661879602 1.042872338747354
61502.0713 lsst_hardware_i -24.89983847744918 30.639999389648438 31.239999771118164 AB 11.475945720451762 1.0567169171686706
61502.089 lsst_hardware_z -80.00551406561874 40.88999938964844 30.950000762939453 AB 10.551674512496112 1.0278105601730063
61506.065 lsst_hardware_g 36.06546239824449 14.039999961853027 31.43000030517578 AB 3.254302383949803 1.0480845036875373
61506.0856 lsst_hardware_i 44.60751891838824 30.260000228881836 31.260000228881836 AB 3.9299507447030515 1.0187817873501106
61509.9864 lsst_hardware_y -75.06065771653597 51.689998626708984 29.979999542236328 AB 14.500157213741424 1.2739551233299442
61510.0047 lsst_hardware_z 59.075716927094135 47.41999816894531 30.950000762939453 AB 13.531498130399147 1.188067793177852
61511.9707 lsst_hardware_y 221.9155857303249 83.72000122070312 29.979999542236328 AB 19.080598500698002 1.3331888276060648
61511.987 lsst_hardware_i -88.7793357366889 63.15999984741211 31.290000915527344 AB 17.7287025692823 1.2428983853955622
61513.9918 lsst_hardware_z 76.80279907320421 113.07229141322208 31.729999542236328 AB 11.121405786370802 1.196268135248426
61516.981 lsst_hardware_y 98.8948556496924 58.714902377359415 30.0 AB 11.097148627112325 1.2074586395856945
61517.0004 lsst_hardware_r 55.55334541942971 97.85481515299927 31.639999389648438 AB 10.562302619408904 1.1338417282388389
61518.9669 lsst_hardware_y 32.05695185772376 72.54828664902772 30.0 AB 11.984783381836914 1.2477650579736506
61518.9847 lsst_hardware_z 89.34087987499063 44.004490627819514 30.940000534057617 AB 11.23653739502325 1.1700054556364623
61520.9666 lsst_hardware_y 3.6555575458125626 67.39534674774701 30.010000228881836 AB 16.63617833645932 1.2230685440714102
61520.984 lsst_hardware_u 0.3327400960189923 3.2447405099168294 28.3700008392334 AB 15.536642326688055 1.152484409664569
61522.9757 lsst_hardware_y 60.45771991943762 50.50011191537791 30.010000228881836 AB 1.2092902078289398 1.1627790459893652
61522.9944 lsst_hardware_r 611.8670400448925 33.40854920202449 31.479999542236328 AB 1.1224619151643527 1.1026148479021145
61524.9731 lsst_hardware_y 104.05234060082162 51.49496634601676 30.010000228881836 AB 12.863725391346383 1.1524054101990042
61524.9913 lsst_hardware_r 936.9471312257164 38.52765612463105 31.479999542236328 AB 12.390896164791453 1.0962161160240151
61530.9629 lsst_hardware_y 369.39860429735097 63.21711619094795 30.030000686645508 AB 7.774412626842185 1.1314819715968834
61530.9825 lsst_hardware_r 2256.082918898023 52.04990817858925 31.489999771118164 AB 7.826990031272497 1.0773063907972789
61533.9669 lsst_hardware_y 486.68773073202465 54.555918450982446 30.030000686645508 AB 9.554955478062094 1.095751775007121
61533.9855 lsst_hardware_g 1099.5674022088047 36.42054781114158 31.40999984741211 AB 9.191271448370156 1.0536823854603203
61535.9673 lsst_hardware_y 680.5525614697095 54.09971584953302 30.040000915527344 AB 8.130489874834675 1.0809665458797604
61535.9862 lsst_hardware_z 1666.9404927550472 57.00487480309395 30.959999084472656 AB 7.840202143853711 1.0427071753676078
61539.9699 lsst_hardware_y 1269.4400402486867 84.5826783197309 30.809999465942383 AB 6.897931744392225 1.052209042211658
61541.9629 lsst_hardware_z 1941.2734224930928 79.32821892463919 30.989999771118164 AB 11.025520287457699 1.055124196129754
61541.9827 lsst_hardware_r 3966.9832001281034 104.81087386243992 31.65999984741211 AB 10.67478222612088 1.0240827174597167
61544.9618 lsst_hardware_y 677.6039131334873 63.74288619984691 30.059999465942383 AB 7.855292818086257 1.0424151127641623
61544.9825 lsst_hardware_z 2027.0651658345048 77.62722274685545 30.989999771118164 AB 7.710956476730447 1.0153120360863752
61764.2408 lsst_hardware_r -18.84645886322625 24.739999771118164 31.3799991607666 AB 11.143064975169379 1.6688521647678276
61764.2629 lsst_hardware_i -20.779420395839814 33.68000030517578 31.200000762939453 AB 9.185855664371687 1.4542635422103278
61766.2488 lsst_hardware_z -16.15973422392472 47.97999954223633 30.899999618530273 AB 7.688378337636649 1.52911263676156
61766.2687 lsst_hardware_r -26.44494721691143 24.40999984741211 31.440000534057617 AB 8.607357267398372 1.370689233744018
61774.2501 lsst_hardware_g 5.022624955348587 14.0600004196167 31.309999465942383 AB 3.67785300635753 1.349175717666005
61774.2717 lsst_hardware_r -26.72877064934584 23.530000686645508 31.450000762939453 AB 3.4105219292651268 1.229533832577706
61776.2595 lsst_hardware_i -1.2362759220005812 32.290000915527344 31.219999313354492 AB 9.361896159318691 1.2628457049440704
61776.2822 lsst_hardware_z 65.76059722392229 42.75 30.93000030517578 AB 8.810496208661682 1.1627436488643763
61778.2565 lsst_hardware_r -11.755719094222245 23.6299991607666 31.459999084472656 AB 11.12767038400048 1.2503000431461213
61778.2789 lsst_hardware_g -11.284297668200463 14.039999961853027 31.389999389648438 AB 10.278351390272833 1.1548709427272845
61780.2992 lsst_hardware_z -12.895692891926432 49.439998626708984 30.959999084472656 AB 7.712937162970586 1.0789839817631959
61780.3154 lsst_hardware_r -18.26387813085622 44.34000015258789 31.6200008392334 AB 7.49726607516552 1.0458869205066987
61782.2988 lsst_hardware_z 73.0458232317801 83.41000366210938 31.729999542236328 AB 7.326222851346381 1.067547530310817
61783.2995 lsst_hardware_r 1.3513571774638324 84.44999694824219 31.649999618530273 AB 5.769852449683454 1.0603747457149206
61783.3161 lsst_hardware_z 27.02876053562386 59.88999938964844 30.989999771118164 AB 5.768124748574321 1.0318495100384886
61788.2971 lsst_hardware_g 36.128926756537304 42.61000061035156 31.690000534057617 AB 7.549346981215918 1.0399623902215709
61788.3131 lsst_hardware_r -11.01476201331478 45.06999969482422 31.6200008392334 AB 7.359987533445433 1.018577660927302
61790.2222 lsst_hardware_r -23.74938409752328 25.6200008392334 31.469999313354492 AB 12.377516258762606 1.2580907598267936
61790.2398 lsst_hardware_g 3.108020518102749 18.260000228881836 31.459999084472656 AB 11.793096002589094 1.1787202401388475
61792.22 lsst_hardware_r -47.76912929702597 23.280000686645508 31.459999084472656 AB 11.79696636471658 1.241785933128061
61792.2386 lsst_hardware_i 67.82022847143972 31.389999389648438 31.239999771118164 AB 11.043176927087341 1.1624396765355096
61794.2214 lsst_hardware_z -46.11009359499239 43.20000076293945 30.93000030517578 AB 11.934837235270832 1.209938892464602
61794.2397 lsst_hardware_i 15.715536095950375 30.969999313354492 31.229999542236328 AB 11.587103782661316 1.1393415715497768
61796.2063 lsst_hardware_u 4.143462390752619 2.509999990463257 28.219999313354492 AB 17.55629204181844 1.2556352483062825
61796.2243 lsst_hardware_g -8.310533337909174 13.800000190734863 31.3700008392334 AB 16.575382050107844 1.1752672776337678
61798.2069 lsst_hardware_r -45.378055843793916 23.09000015258789 31.459999084472656 AB 13.026626447889162 1.2261508328208928
61798.2245 lsst_hardware_i -18.18997002801555 30.979999542236328 31.229999542236328 AB 11.646085366168723 1.1541442950087926
61802.2059 lsst_hardware_g 35.71140067963946 19.440000534057617 32.119998931884766 AB 13.482516104677542 1.1832477164138435
61802.226 lsst_hardware_r -54.68316923638396 32.150001525878906 32.22999954223633 AB 13.967476656346838 1.1137598503300024
61804.2249 lsst_hardware_z -45.1430675225871 42.0 30.940000534057617 AB 9.937438536376419 1.101365631975513
61804.2428 lsst_hardware_r -12.083737973473898 22.530000686645508 31.489999771118164 AB 9.588214913235102 1.0591006734183366
