data/validation/pwv_sim_epoch_fit_epoch/27716338.ecsv
# %ECSV 0.9
# ---
# datatype:
# - {name: time, datatype: float64}
# - {name: band, datatype: string}
# - {name: flux, datatype: float64}
# - {name: fluxerr, datatype: float64}
# - {name: zp, datatype: float64}
# - {name: zpsys, datatype: string}
# - {name: pwv, datatype: float64}
# - {name: airmass, datatype: float64}
# meta: {SNID: '27716338', alt: 1024.0, c: -0.03320344537496567, dec: 4.181528, lat: -30.244573, lon: -70.7499537, ra: 170.683594, t0: 62270.46875,
#   x0: 3.3505758501529322e-06, x1: 0.7555326223373413, z: 0.7223556637763977}
# schema: astropy-2.0
time band flux fluxerr zp zpsys pwv airmass
62146.3377 lsst_hardware_i -47.75137823707416 33.77000045776367 31.239999771118164 AB 8.373303666069038 1.229876057146702
62146.358 lsst_hardware_z 23.20483345855416 49.150001525878906 30.950000762939453 AB 8.245752482323432 1.2114674851902143
62150.3507 lsst_hardware_r -16.2490893857227 25.329999923706055 31.489999771118164 AB 8.319454736505385 1.2103959364459846
62150.3708 lsst_hardware_y -70.86544300081361 82.37999725341797 30.010000228881836 AB 8.381494386983194 1.2164429095062808
62152.3501 lsst_hardware_z 41.398579220598734 44.349998474121094 30.940000534057617 AB 5.411096836755641 1.2099948203836406
62152.3701 lsst_hardware_y -67.89593512891003 72.75 30.010000228881836 AB 5.466300572986693 1.220883094026212
62154.3561 lsst_hardware_u 2.748127770196224 3.309999942779541 28.540000915527344 AB 8.129158033806794 1.2137449628060064
62158.3149 lsst_hardware_i 25.027274699798546 32.95000076293945 31.229999542236328 AB 11.49397440986457 1.2181627269211563
62158.3357 lsst_hardware_z -51.7763932899384 44.11000061035156 30.93000030517578 AB 10.804379874604912 1.2101679967075394
62163.3217 lsst_hardware_i -47.19822833975866 33.15999984741211 31.239999771118164 AB 14.280210558258013 1.210118967142366
62163.3391 lsst_hardware_u 2.3748083529559 2.8499999046325684 28.440000534057617 AB 13.401161811808166 1.2198769741003248
62165.3268 lsst_hardware_z 16.235617033605063 68.05000305175781 30.969999313354492 AB 13.44020912602426 1.2142024355363359
62165.344 lsst_hardware_r 204.22850237840092 80.86000061035156 31.610000610351562 AB 14.287541798529542 1.2331463414417625
62175.296 lsst_hardware_i 6.7614260413843175 33.2599983215332 31.239999771118164 AB 9.912328082922247 1.2122206289497637
62175.3146 lsst_hardware_u 5.967580982845351 3.1500000953674316 28.459999084472656 AB 10.055762213456804 1.229987427491502
62179.2674 lsst_hardware_i 60.088503677231394 33.189998626708984 31.229999542236328 AB 6.627409012612223 1.2116475181886321
62179.2846 lsst_hardware_r 19.156875109128784 25.110000610351562 31.479999542236328 AB 6.616588728881407 1.2119959204801685
62181.0909 lsst_hardware_u -1.8911329144196174 1.340000033378601 26.75 AB 9.542674016951626 3.003280657856749
62183.2373 lsst_hardware_r -28.756058689384446 25.209999084472656 31.479999542236328 AB 4.904226581008652 1.2289754619743523
62183.2551 lsst_hardware_i 50.257145357254565 33.220001220703125 31.229999542236328 AB 5.499627659888074 1.21226179130524
62189.2694 lsst_hardware_r 21.453586568008653 25.25 31.479999542236328 AB 11.330306504067627 1.2212013908242756
62189.2869 lsst_hardware_z 49.781032035401026 44.849998474121094 30.93000030517578 AB 11.559833048984883 1.248272231911117
62193.244 lsst_hardware_z 159.96727830228497 89.12999725341797 31.709999084472656 AB 6.702605241781211 1.211058856587083
62195.239 lsst_hardware_r -201.16757253192299 159.33999633789062 31.6200008392334 AB 6.398959558893809 1.2112168510611814
62195.2563 lsst_hardware_i -27.38677328458478 130.0500030517578 31.309999465942383 AB 6.7154829145482235 1.225006004113138
62201.2344 lsst_hardware_r 66.25931251074063 40.86000061035156 31.559999465942383 AB 9.533641161200407 1.2189278675247708
62201.2523 lsst_hardware_z -73.36010629789905 48.61000061035156 30.940000534057617 AB 9.682559061529119 1.2446248552643682
62205.2315 lsst_hardware_g 1.694018792436905 15.8100004196167 31.40999984741211 AB 12.38456571758687 1.2282924517206983
62205.2505 lsst_hardware_r 14.94460167206432 25.59000015258789 31.479999542236328 AB 11.988951642195342 1.2646906977710641
62209.1998 lsst_hardware_z -5.1017846324491565 44.2400016784668 30.93000030517578 AB 13.517785085759703 1.2108913052142796
62209.2182 lsst_hardware_r 0.1703688488590201 25.420000076293945 31.479999542236328 AB 13.72708941925364 1.2251589640246605
62210.1939 lsst_hardware_u 9.653821369745689 2.759999990463257 28.350000381469727 AB 12.25904408419193 1.2101721702064774
62210.213 lsst_hardware_g 4.995190175167111 15.869999885559082 31.420000076293945 AB 11.317192127947331 1.2222249719690201
62215.1981 lsst_hardware_r 19.16737234936725 25.6299991607666 31.489999771118164 AB 6.325604252973883 1.2208645120335602
62215.2164 lsst_hardware_u 1.5973256912334612 2.8299999237060547 28.389999389648438 AB 6.22510828827151 1.2492691728419842
62217.1938 lsst_hardware_g -14.893295925738839 16.0 31.43000030517578 AB 5.798991164962778 1.2221266944073292
62217.2128 lsst_hardware_r 2.5513509973607076 25.719999313354492 31.489999771118164 AB 7.3078116813639 1.2532152936958734
62221.1797 lsst_hardware_r -67.36911767614932 67.20999908447266 31.610000610351562 AB 9.010861556767171 1.2188369480274814
62221.1978 lsst_hardware_z 8.434088617788683 58.75 30.959999084472656 AB 9.144726979227368 1.244829772338512
62231.1387 lsst_hardware_i 46.50724132679317 32.709999084472656 31.229999542236328 AB 8.522835611197165 1.2106013983377046
62231.1567 lsst_hardware_z -16.83867918505486 45.400001525878906 30.93000030517578 AB 8.626325139618862 1.223418683820582
62233.1387 lsst_hardware_r 38.50096182272005 24.989999771118164 31.479999542236328 AB 12.346124892484633 1.2127426959645689
62233.157 lsst_hardware_u -2.517013041040212 2.7699999809265137 28.3700008392334 AB 12.543980883126704 1.2310894611809897
62235.1337 lsst_hardware_g 0.7536035505765548 15.380000114440918 31.40999984741211 AB 8.39208967463305 1.2129926537013878
62235.1554 lsst_hardware_i 17.86354102195553 33.150001525878906 31.219999313354492 AB 8.538201833335187 1.2372412452304284
62237.1287 lsst_hardware_z 0.8711682589731136 43.95752871845309 30.940000534057617 AB 3.6362221632015905 1.2132536065179782
62237.1439 lsst_hardware_r 16.593953687631902 24.893182435752912 31.479999542236328 AB 3.7269198188429984 1.2279801709532119
62243.1307 lsst_hardware_r -5.882155970900975 25.60507940285999 31.489999771118164 AB 18.05203007318264 1.2326131240792952
62243.1493 lsst_hardware_i 63.470967651620185 34.49253982083929 31.229999542236328 AB 18.605218229784295 1.2712245129330833
62247.1263 lsst_hardware_z 237.53626890037896 47.07449319332948 30.940000534057617 AB 9.032875778708943 1.2438551058536138
62247.1431 lsst_hardware_r 140.36949073460642 30.395905242278136 31.5 AB 9.428109951486483 1.2843961516908224
62249.1209 lsst_hardware_i 399.9575755888112 55.07261249039594 31.280000686645508 AB 5.835783404097877 1.2439719486486283
62249.1381 lsst_hardware_z 198.0342697398048 57.225531840613776 30.950000762939453 AB 6.785282662383306 1.2857610805596298
62251.0915 lsst_hardware_z 333.0619331044409 85.50546148673396 30.979999542236328 AB 16.362020521355827 1.2138747836554553
62251.1107 lsst_hardware_r 501.96770189030735 114.38479742805808 31.610000610351562 AB 16.605812430342645 1.23555152011478
62253.0985 lsst_hardware_y 308.5838766332735 91.9333393804243 30.75 AB 5.439124069967041 1.2257181002742628
62255.0856 lsst_hardware_r 733.7650609457764 99.35841823594714 31.610000610351562 AB 10.744497371891661 1.2176792601662174
62255.1038 lsst_hardware_i 550.8692934900606 80.63791148773372 31.290000915527344 AB 10.947050356352007 1.2426179979967467
62260.0871 lsst_hardware_u -1.0597160068983382 4.602130030315885 29.1299991607666 AB 14.626578543662957 1.2371815219845694
62260.1064 lsst_hardware_r 1699.8084515498929 55.04592503882402 32.22999954223633 AB 15.035245747456722 1.2809035395686084
62265.0753 lsst_hardware_g 232.9556056307796 21.576034963259044 31.399999618530273 AB 11.072352019815932 1.240425936963002
62265.0947 lsst_hardware_r 1047.1479162240694 40.171821296487096 31.469999313354492 AB 11.164481586606046 1.2866258743015573
62267.0444 lsst_hardware_r 1008.1286768958898 40.11414392200592 31.479999542236328 AB 9.2477743106455 1.2120280878959129
62267.0628 lsst_hardware_i 1181.611251612377 47.35144048558333 31.229999542236328 AB 9.502634876160483 1.2291201133271854
62269.0002 lsst_hardware_z 693.7406237679552 51.794767620578874 30.940000534057617 AB 8.73938890520611 1.2323317806191947
62269.0195 lsst_hardware_r 1016.4179767128217 39.933743929332344 31.489999771118164 AB 8.582762354196285 1.2126542204393564
62276.0008 lsst_hardware_i 1041.9760513271845 49.65460450665566 31.25 AB 8.48276380107985 1.2124440560400944
62276.0215 lsst_hardware_z 705.3986342522722 53.25391476650403 30.93000030517578 AB 8.467915923808595 1.212864385549276
62277.9979 lsst_hardware_r 743.001911479022 72.35361114252117 31.600000381469727 AB 6.655048961917935 1.2113303534615827
62278.0189 lsst_hardware_z 823.6903980566684 65.66594673432527 30.959999084472656 AB 5.629764408539935 1.214620152867232
62286.9606 lsst_hardware_y 335.54022173702197 54.09392511113373 29.989999771118164 AB 11.074506210010236 1.2201631962550874
62286.9823 lsst_hardware_r 487.9493490059141 33.98986230346058 31.489999771118164 AB 10.986050538429067 1.2100285127227979
62513.3409 lsst_hardware_z -17.495643359882862 63.36000061035156 31.690000534057617 AB 6.477874673604339 1.220015319280119
62515.3488 lsst_hardware_g 12.991792225322378 15.869999885559082 31.40999984741211 AB 8.333390424266328 1.211013915558951
62515.3682 lsst_hardware_y -71.60562446581272 71.58000183105469 30.0 AB 8.343210008916994 1.213969833482929
62516.3414 lsst_hardware_i -1.8966396423734593 33.0099983215332 31.229999542236328 AB 6.483747521105916 1.2131247700709584
62516.3612 lsst_hardware_y 45.98670265901378 55.02000045776367 29.989999771118164 AB 6.496901314338216 1.2116940065906965
62518.3532 lsst_hardware_i -6.886206854872538 33.290000915527344 31.229999542236328 AB 2.784784677676567 1.2107759468158987
62518.3721 lsst_hardware_y 23.53175346852157 73.69000244140625 30.010000228881836 AB 2.818629187524568 1.2254909510976384
62520.3489 lsst_hardware_z -153.40664640676502 68.63999938964844 30.959999084472656 AB 7.4429370765122345 1.2111527028388342
62520.3686 lsst_hardware_y 51.35717762078026 67.87999725341797 30.0 AB 7.608171533954149 1.2280818165700382
62522.3582 lsst_hardware_i -50.92626331467086 97.75 31.299999237060547 AB 13.757412432399253 1.2219397589175112
62526.3174 lsst_hardware_z -27.437708733457033 57.41999816894531 30.950000762939453 AB 11.872810134472651 1.211511238211495
62526.3372 lsst_hardware_r -5.8514686210138 63.130001068115234 31.600000381469727 AB 11.565393150340723 1.213365254450854
62532.3266 lsst_hardware_r -22.33692235481369 24.790000915527344 31.469999313354492 AB 13.054884334847094 1.2176359963481878
62532.3434 lsst_hardware_z 32.8786547297145 44.400001525878906 30.93000030517578 AB 14.396326476888479 1.2400381704960826
62536.2914 lsst_hardware_u 2.1560610278814996 2.740000009536743 28.360000610351562 AB 9.654674224385692 1.211022397171764
62536.3111 lsst_hardware_g 9.47593097934713 15.319999694824219 31.40999984741211 AB 9.365315703832586 1.214106719018981
62540.293 lsst_hardware_z -47.908746540835416 44.150001525878906 30.93000030517578 AB 9.910776717500669 1.2107230032577423
62540.3118 lsst_hardware_r 12.32733933677367 24.81999969482422 31.469999313354492 AB 10.007058134928506 1.2251790317622147
62542.2931 lsst_hardware_u -1.3592274377990696 2.700000047683716 28.31999969482422 AB 3.5748444574172207 1.2131138931340606
62542.3132 lsst_hardware_g 29.17047146356345 15.390000343322754 31.389999389648438 AB 3.6146517589499783 1.2350746328986368
62544.2655 lsst_hardware_r 8.280805813589154 24.93000030517578 31.479999542236328 AB 6.648293707357968 1.2128049815037112
62544.2838 lsst_hardware_z -49.2962200098022 44.09000015258789 30.93000030517578 AB 6.6257815663125745 1.211294619069949
62547.2664 lsst_hardware_z 4.005683998579797 56.099998474121094 30.950000762939453 AB 3.912989168431738 1.2099533606777173
62547.2834 lsst_hardware_r -49.10432737166897 54.619998931884766 31.59000015258789 AB 3.9785863494792157 1.2157635903679804
62549.2725 lsst_hardware_i -17.803170721878992 93.86000061035156 31.309999465942383 AB 5.451385922693281 1.2123171066033982
62549.2903 lsst_hardware_z -98.02619418179404 81.56999969482422 30.969999313354492 AB 5.3745589614114095 1.229290146515523
62551.2694 lsst_hardware_r 238.37477952198955 170.5800018310547 31.6200008392334 AB 3.041349011554708 1.213626900061735
62551.2866 lsst_hardware_z -26.947661885604198 116.05000305175781 30.979999542236328 AB 3.089345235601541 1.2318782091851697
62553.2706 lsst_hardware_z 18.374809900338533 76.0199966430664 30.969999313354492 AB 6.391895144875496 1.2188581239235017
62553.2878 lsst_hardware_i -34.985933916603955 85.31999969482422 31.299999237060547 AB 6.542462753673893 1.2432233261138037
62555.2363 lsst_hardware_r -45.857937388149324 53.2599983215332 31.59000015258789 AB 14.162060572690278 1.2123667879828508
62555.2557 lsst_hardware_z -9.830912194851305 51.88999938964844 30.940000534057617 AB 12.936475913006268 1.2121128033924293
62558.236 lsst_hardware_r -7.772153183664711 27.559999465942383 31.510000228881836 AB 6.6851639134633825 1.209984418726404
62558.2541 lsst_hardware_y 35.567153178693964 49.900001525878906 29.989999771118164 AB 7.896274298389132 1.2163396521356267
62560.2364 lsst_hardware_g 13.680515103975866 15.8100004196167 31.40999984741211 AB 6.381171878744553 1.2102361636258476
62560.2536 lsst_hardware_r -42.311907409498936 25.489999771118164 31.479999542236328 AB 6.712001597715945 1.2209929232118264
62564.2341 lsst_hardware_r -1.1594450720019003 25.459999084472656 31.479999542236328 AB 6.780372980263279 1.2137430002261376
62564.2522 lsst_hardware_u -0.6392494693374193 2.7200000286102295 28.309999465942383 AB 7.052922384829032 1.233567535606302
62567.2375 lsst_hardware_z 74.89319758194546 44.369998931884766 30.93000030517578 AB 11.87712563354516 1.224445941602594
62567.2549 lsst_hardware_r 8.376841802243764 25.43000030517578 31.469999313354492 AB 12.1522285203627 1.2541107357678722
62576.197 lsst_hardware_i 39.1701681785714 64.1500015258789 31.290000915527344 AB 9.591109086307718 1.2115085161652053
62576.216 lsst_hardware_z -75.21428313316468 61.810001373291016 30.959999084472656 AB 10.26423603389683 1.2284651760029717
62579.1973 lsst_hardware_z 142.10315539990154 122.41999816894531 30.979999542236328 AB 7.666718857115829 1.216778551585611
62579.2169 lsst_hardware_i 58.948626091685604 144.89999389648438 31.299999237060547 AB 8.436366421541475 1.2433848815831066
62581.1555 lsst_hardware_z 15.665739734519079 83.94999694824219 30.969999313354492 AB 6.263815278069101 1.2197287356889124
62581.1744 lsst_hardware_r 88.98048340930742 121.91999816894531 31.610000610351562 AB 6.4124332291264805 1.209893062099336
62583.2049 lsst_hardware_y -9.804144425978981 74.2699966430664 30.739999771118164 AB 8.52792326967196 1.2413731605476124
62585.1316 lsst_hardware_r -41.06359385442667 32.79999923706055 31.520000457763672 AB 10.58456948946352 1.237237812912159
62585.1495 lsst_hardware_i -42.063291753065094 38.5 31.239999771118164 AB 10.28728365291276 1.2154163105993336
62589.989 lsst_hardware_z -106.20574626494891 68.48999786376953 30.790000915527344 AB 15.997784429624966 2.399847653017721
62593.1528 lsst_hardware_g 31.961672490911685 15.449999809265137 31.389999389648438 AB 10.120390469288559 1.2125310572442038
62593.1843 lsst_hardware_i 49.13718780168248 47.279998779296875 31.969999313354492 AB 10.290770698938326 1.2549720364558936
62593.2165 lsst_hardware_z 44.96584652290433 45.9900016784668 30.920000076293945 AB 11.620118940181657 1.3613338600232343
62599.1391 lsst_hardware_r -6.780309963877861 24.979999542236328 31.479999542236328 AB 9.036560026148797 1.214101844168856
62599.1559 lsst_hardware_i 15.053709072880437 33.119998931884766 31.229999542236328 AB 9.281959629271805 1.2324184597054777
62607.081 lsst_hardware_r 205.28835852549068 145.50999450683594 31.6200008392334 AB 20.359255431299374 1.2235742233464844
62607.0988 lsst_hardware_z -79.19991666914079 99.94999694824219 30.979999542236328 AB 19.294179487483735 1.210627843688848
62609.1249 lsst_hardware_y 60.68112115846314 63.27000045776367 29.989999771118164 AB 13.866329928605305 1.2271088432394075
62609.1423 lsst_hardware_r 9.604802638446204 123.36000061035156 31.600000381469727 AB 14.836400612377943 1.2588155958236844
62613.12 lsst_hardware_i 4.9987400552644505 44.20000076293945 31.270000457763672 AB 11.138516066490856 1.236147832179364
62613.1376 lsst_hardware_z -12.382830333147927 50.15999984741211 30.940000534057617 AB 12.93104330667823 1.274496679152201
62617.084 lsst_hardware_u 2.9006673881238068 2.7100000381469727 28.329999923706055 AB 11.86890421944718 1.2111126754537938
62617.1023 lsst_hardware_r 38.517278879186485 25.010000228881836 31.469999313354492 AB 12.015913780118463 1.2261136510324961
62619.0859 lsst_hardware_i 31.534251365713306 32.91999816894531 31.229999542236328 AB 2.8487471461693055 1.215076624512393
62619.1037 lsst_hardware_z 50.0647271680833 44.380001068115234 30.93000030517578 AB 2.891470644532027 1.2362875983176913
62624.0826 lsst_hardware_g 36.292910202829844 15.420000076293945 31.40999984741211 AB 15.933825161729072 1.2253646625272292
62624.1007 lsst_hardware_r -0.6339624594698736 25.079999923706055 31.469999313354492 AB 16.621980648645447 1.2573359038309717
62626.0788 lsst_hardware_i 0.5787945171821882 33.20000076293945 31.229999542236328 AB 11.05973373899645 1.227540834547684
62626.0962 lsst_hardware_z -25.892970845157272 45.0099983215332 30.93000030517578 AB 11.664189778349952 1.2595637145240486
62629.0766 lsst_hardware_r 56.94800280395697 25.559999465942383 31.479999542236328 AB 12.649118454363942 1.2366341446617946
62630.0082 lsst_hardware_z -14.868656419977194 45.290000915527344 30.93000030517578 AB 11.24901850127969 1.2381514346873812
62632.078 lsst_hardware_z 24.03133864726556 52.189998626708984 30.950000762939453 AB 9.579234212225046 1.2554011963818539
62632.0961 lsst_hardware_g 66.00613913178614 43.810001373291016 31.600000381469727 AB 10.306074169786847 1.3063025755481654
62638.0039 lsst_hardware_i 1.3699726167242554 75.33999633789062 31.299999237060547 AB 10.885374702045556 1.2161071055798856
62638.0234 lsst_hardware_z 32.3802700806002 67.55999755859375 30.959999084472656 AB 10.891829204399894 1.2102368626240128
62642.9987 lsst_hardware_r 3.0448554299528583 25.649999618530273 31.489999771118164 AB 6.626534889295455 1.2112109101254263
62643.0177 lsst_hardware_i 17.8722169657237 33.529998779296875 31.229999542236328 AB 5.512049728616415 1.2133283819755478
62644.9973 lsst_hardware_z 17.020858720855735 44.63999938964844 30.93000030517578 AB 9.583521827322734 1.2101424986096558
62645.0164 lsst_hardware_i 56.479334338462266 33.65999984741211 31.229999542236328 AB 9.168300115841909 1.216223760668836
62646.9991 lsst_hardware_u 3.16822655666144 2.8299999237060547 28.389999389648438 AB 7.000734957831948 1.210292449345695
62647.0178 lsst_hardware_g 21.92451800339211 16.25 31.43000030517578 AB 6.93829611422998 1.2229484492113771
62650.9601 lsst_hardware_y 74.19951127212038 53.13999938964844 29.989999771118164 AB 11.618034277661042 1.2244977105461028
62650.9803 lsst_hardware_r 1.437871804781147 25.899999618530273 31.5 AB 11.425399866891311 1.2102536800901764
62652.9651 lsst_hardware_z 64.61475521336348 67.5 31.690000534057617 AB 8.333999808529478 1.2145146908378721
62655.9597 lsst_hardware_y -20.308629444979847 52.279998779296875 29.989999771118164 AB 13.098277983356732 1.2128035169774751
62655.9804 lsst_hardware_g -19.155765144759403 16.5 31.43000030517578 AB 13.093398380476726 1.212351701895993
62657.9583 lsst_hardware_y -48.60695491358162 54.41999816894531 29.989999771118164 AB 6.031277428605711 1.211018826438467
62657.9782 lsst_hardware_i 21.566410812143708 34.38999938964844 31.229999542236328 AB 5.221260449178492 1.2142466160880214
