data/validation/pwv_sim_epoch_fit_epoch/27857251.ecsv
# %ECSV 0.9
# ---
# datatype:
# - {name: time, datatype: float64}
# - {name: band, datatype: string}
# - {name: flux, datatype: float64}
# - {name: fluxerr, datatype: float64}
# - {name: zp, datatype: float64}
# - {name: zpsys, datatype: string}
# - {name: pwv, datatype: float64}
# - {name: airmass, datatype: float64}
# meta: {SNID: '27857251', alt: 1024.0, c: -0.09330415725708008, dec: -32.797169, lat: -30.244573, lon: -70.7499537, ra: 88.769531, t0: 62122.859375,
#   x0: 2.848278499774689e-06, x1: -1.0438367128372192, z: 0.7715380787849426}
# schema: astropy-2.0
time band flux fluxerr zp zpsys pwv airmass
62030.3305 lsst_hardware_i -43.29807109695485 32.310001373291016 31.209999084472656 AB 1.408148206720216 1.2719441837140393
62030.3477 lsst_hardware_z -62.79249416361278 43.470001220703125 30.93000030517578 AB 1.4861603259502212 1.1922666072605064
62031.3106 lsst_hardware_z -84.4580278039416 44.91999816894531 30.920000076293945 AB 2.617689374324188 1.374115157125558
62031.3274 lsst_hardware_i 6.100582831515777 31.739999771118164 31.219999313354492 AB 2.4929957907450753 1.2738864541367412
62033.3147 lsst_hardware_u 0.5269541641848408 2.509999990463257 28.219999313354492 AB 8.771460362435743 1.3140764587918716
62033.33 lsst_hardware_g -26.94422915619138 13.289999961853027 31.329999923706055 AB 8.26267855748636 1.2338494610484276
62035.3356 lsst_hardware_i -23.56938692430325 31.170000076293945 31.229999542236328 AB 1.8635339871704169 1.1860200395677232
62035.3533 lsst_hardware_r -12.362049211032792 22.290000915527344 31.479999542236328 AB 1.7015287409482505 1.1240487140866058
62037.3339 lsst_hardware_u 0.7196142442868074 2.509999990463257 28.280000686645508 AB 4.882592794078574 1.1714474074086616
62037.3509 lsst_hardware_g 24.738233943375437 13.010000228881836 31.360000610351562 AB 4.604112328342254 1.1149321536125307
62041.2804 lsst_hardware_z 55.908465980676354 47.849998474121094 30.90999984741211 AB 4.764695953775994 1.3940691335958406
62041.2985 lsst_hardware_r 6.158951287045407 22.75 31.440000534057617 AB 4.8410784147963 1.2824048780917352
62044.2705 lsst_hardware_r 23.781885202317596 60.72999954223633 31.549999237060547 AB 6.6274125766680365 1.4062480270187157
62044.2899 lsst_hardware_z 92.26664057040644 52.599998474121094 30.940000534057617 AB 6.065332411905793 1.2846198055503109
62046.2852 lsst_hardware_y 103.69162277518619 76.18000030517578 30.719999313354492 AB 3.3750321432297183 1.2805231351571473
62046.3147 lsst_hardware_g -15.390723570630323 117.2699966430664 32.439998626708984 AB 3.7900663030517947 1.1519958367938585
62050.2806 lsst_hardware_r -46.649793572318046 70.87000274658203 31.600000381469727 AB 5.491879798000355 1.2481544995455351
62050.3003 lsst_hardware_z -6.737106903003112 55.5099983215332 30.959999084472656 AB 5.344694126863351 1.1644213784018116
62052.3193 lsst_hardware_z 55.523811978942 50.2400016784668 30.969999313354492 AB 2.9593161569443756 1.0896865164114011
62052.3395 lsst_hardware_r -12.601191645892914 53.61000061035156 31.6299991607666 AB 2.987517776649245 1.0472719478788368
62054.2548 lsst_hardware_i -3.088075833964058 42.65999984741211 31.25 AB 5.593405356426874 1.329389270689691
62054.2736 lsst_hardware_z 52.38136376600324 48.41999816894531 30.940000534057617 AB 5.057935634732211 1.2295194493423791
62055.2658 lsst_hardware_u -1.2442815899296373 4.210000038146973 28.670000076293945 AB 6.787885971398795 1.2538233149663696
62055.2854 lsst_hardware_g 43.6046761389011 28.270000457763672 31.600000381469727 AB 6.373039945731842 1.1690433726005396
62057.2658 lsst_hardware_r 24.448985540002788 22.43000030517578 31.450000762939453 AB 7.103906051322143 1.2277219358516764
62057.2848 lsst_hardware_i 4.265627812041193 30.90999984741211 31.229999542236328 AB 6.609274365874507 1.1515418356780467
62059.2708 lsst_hardware_z 63.537817137805156 42.790000915527344 30.940000534057617 AB 8.631262795788606 1.1831616448231488
62059.2894 lsst_hardware_u -2.971870580850398 2.609999895095825 28.389999389648438 AB 8.163558155996734 1.1191643955577482
62064.2689 lsst_hardware_g 14.966648115608095 13.020000457763672 31.3700008392334 AB 2.2505278979521837 1.1406628981004479
62064.2881 lsst_hardware_r 8.858858847035654 21.850000381469727 31.479999542236328 AB 2.1448021706141973 1.0858383346989988
62070.2489 lsst_hardware_z 116.8597607841599 43.91999816894531 30.950000762939453 AB 3.7425264476555813 1.152965633904985
62070.2663 lsst_hardware_g -5.478258688094231 13.010000228881836 31.389999389648438 AB 3.6181862611513584 1.0996412504765551
62077.174 lsst_hardware_z 20.22071772113426 67.58999633789062 30.93000030517578 AB 5.390695713504305 1.4547822732436393
62077.1922 lsst_hardware_r 66.84483567962268 90.58000183105469 31.579999923706055 AB 4.8094930223846495 1.3282223204594932
62079.1822 lsst_hardware_i -61.414352333629175 68.69999694824219 31.280000686645508 AB 4.782888869346049 1.3566554727970639
62079.2002 lsst_hardware_z -34.049097153544835 62.189998626708984 30.959999084472656 AB 4.482855576031437 1.2542087363867296
62081.1791 lsst_hardware_r -11.293920820576735 63.310001373291016 31.56999969482422 AB 7.280380735517155 1.3416347066282879
62081.1969 lsst_hardware_z -27.73189933911893 55.33000183105469 30.950000762939453 AB 6.780224832798335 1.2436215760818663
62086.2041 lsst_hardware_r 6.467807239317316 21.979999542236328 31.459999084472656 AB 3.9240219484833965 1.1569029379834455
62086.2237 lsst_hardware_u -1.5739770308435026 2.509999990463257 28.31999969482422 AB 7.562793370475179 1.0967855513408924
62091.1893 lsst_hardware_z -27.566799434805503 42.33683892814753 30.93000030517578 AB 2.894325820618443 1.1610198845861246
62091.2054 lsst_hardware_r -38.07764174430538 22.04178961484456 31.469999313354492 AB 2.795550708381408 1.109418893462681
62095.1948 lsst_hardware_g -22.574525022742822 13.14417056439039 31.3700008392334 AB 3.431781303656043 1.1085161680719384
62095.2112 lsst_hardware_i 21.736707280099957 29.713493089493408 31.239999771118164 AB 3.5047548832469424 1.068224291965236
62096.2099 lsst_hardware_u 3.36108928176363 2.522050992218363 28.31999969482422 AB 3.331044577869554 1.0652241155076718
62096.2259 lsst_hardware_g -3.5370012480593416 13.027813835204475 31.3700008392334 AB 3.1610286028149477 1.0367710726151462
62098.2092 lsst_hardware_r 31.26805495194903 22.191122930007083 31.489999771118164 AB 8.101985326423833 1.0557937571083207
62098.2265 lsst_hardware_i 44.50130349542412 30.890525504065504 31.260000228881836 AB 7.834093176469611 1.0283098863240976
62103.1896 lsst_hardware_r 207.14184378595604 54.231675330808066 31.6299991607666 AB 4.6434786542575335 1.067711808290994
62103.2057 lsst_hardware_z 206.78443952176013 49.64178201100116 30.969999313354492 AB 4.521978831348387 1.0384213482888214
62105.2097 lsst_hardware_i 380.20815210284667 61.9854743558568 31.329999923706055 AB 7.879865219002275 1.0254010435067906
62105.2265 lsst_hardware_z 255.55739458901078 57.048124516585226 30.979999542236328 AB 7.703423718767056 1.009314371153477
62107.1367 lsst_hardware_g 144.79398867152807 102.98921308343837 31.670000076293945 AB 7.726202021664458 1.1954651830794962
62107.1538 lsst_hardware_i 452.2604932281852 75.9480518669294 31.31999969482422 AB 7.331247392250541 1.133197374041376
62112.1493 lsst_hardware_u 9.410269172879792 4.589511884560157 28.670000076293945 AB 4.092085773260736 1.105969127908307
62112.1714 lsst_hardware_g 184.32398424861458 33.75531847533541 31.649999618530273 AB 4.730600190365655 1.0549955821511272
62114.1517 lsst_hardware_z 579.2759339370593 46.93234729686363 30.950000762939453 AB 8.142522076197023 1.0855731147716234
62114.1758 lsst_hardware_u 4.5712558623796244 3.032597524116147 28.459999084472656 AB 10.148492665735064 1.0382178193234448
62116.1599 lsst_hardware_g 147.06873989807303 17.812016769145345 31.3799991607666 AB 12.43324071126845 1.0560883987628484
62116.1829 lsst_hardware_r 747.8246403979322 34.83115070156276 31.489999771118164 AB 12.974586312569032 1.0216209694936247
62118.131 lsst_hardware_r 766.1523156688921 35.41043565678256 31.479999542236328 AB 7.931186882314366 1.1113552697141051
62118.1524 lsst_hardware_i 1081.564097186205 43.82265274474219 31.25 AB 7.560445949704724 1.0600365872907882
62120.1349 lsst_hardware_z 570.0196414460006 48.022971926171046 30.940000534057617 AB 11.075576874559241 1.0865920334766628
62120.1566 lsst_hardware_i 1052.520196763227 43.819653972557134 31.239999771118164 AB 10.626363120935752 1.0426652620738528
62122.1371 lsst_hardware_u 0.2278430736393178 2.833923847831585 28.489999771118164 AB 3.1692588885687267 1.0690402435087765
62122.1585 lsst_hardware_g 93.33104748630683 17.211328989973392 31.389999389648438 AB 3.0510061049725588 1.0316166035410173
62124.137 lsst_hardware_r 697.2835890163761 34.35373813275664 31.5 AB 3.2462998875361597 1.0581159998489205
62124.1592 lsst_hardware_i 1038.436434600754 44.08026261326775 31.260000228881836 AB 3.147525879155402 1.0237521155163716
62126.0519 lsst_hardware_z 493.89404063328215 52.51340654418178 30.920000076293945 AB 7.501974575401563 1.3696399541263808
62126.0739 lsst_hardware_r 603.3404241341246 34.67710552370872 31.469999313354492 AB 6.707517783069842 1.2442835363103557
62128.051 lsst_hardware_y 355.3092666494129 53.53658897626604 29.940000534057617 AB 8.609220607609577 1.34023464391203
62128.0713 lsst_hardware_z 588.4707032025347 50.42080206523793 30.93000030517578 AB 7.901342490348057 1.2307387056616912
62129.0508 lsst_hardware_y 278.97369715848896 53.38538517194706 29.950000762939453 AB 9.519230516062015 1.3247525884021916
62129.0715 lsst_hardware_z 638.8900765035778 50.726350057761486 30.940000534057617 AB 8.676667129127155 1.2174361062337111
62131.0518 lsst_hardware_y 252.9099141841448 54.171190314129255 29.959999084472656 AB 8.191560733058196 1.2877281561107323
62131.0731 lsst_hardware_i 946.7997302077679 51.07181055843155 31.270000457763672 AB 7.465708044855802 1.1876250618183817
62133.0514 lsst_hardware_y 188.56220900365 55.66644070246652 29.979999542236328 AB 10.265063495410086 1.2610643114755367
62133.0729 lsst_hardware_r 499.9125343906991 64.14200574304812 31.610000610351562 AB 9.568682603024005 1.1673395880229356
62135.0607 lsst_hardware_y 530.8499632842731 80.73496400497602 30.770000457763672 AB 8.968811924291769 1.1936135113510473
62137.05 lsst_hardware_z 416.57906168006605 70.56723423512888 30.959999084472656 AB 8.377639155303683 1.2159127946739743
62137.0696 lsst_hardware_i 617.0111177008191 78.31391998374367 31.309999465942383 AB 7.861548835284231 1.1406335704277522
62139.0512 lsst_hardware_y 232.05883663168694 52.00469159114322 29.989999771118164 AB 7.742904505037585 1.187850501277803
62139.074 lsst_hardware_r 400.75854890595326 48.346354108499085 31.600000381469727 AB 7.290744261062671 1.1103924449842246
62141.0506 lsst_hardware_y 217.40736520330938 52.05304180939153 30.0 AB 12.335091826845932 1.1690368029991882
62141.0731 lsst_hardware_r 291.7015128300326 26.97090423225558 31.469999313354492 AB 11.591305674616281 1.0979214468023948
62143.0508 lsst_hardware_y 103.70331728557899 51.94249280190793 30.020000457763672 AB 11.335810681110534 1.148773598957265
62143.0732 lsst_hardware_z 312.6578298925124 45.571907107881835 30.950000762939453 AB 10.594308851090013 1.083927649998978
62145.0465 lsst_hardware_y 205.3300580475057 54.58718196691646 30.020000457763672 AB 9.69925797865054 1.144826696408928
62145.0628 lsst_hardware_u -1.0444464113103427 2.702998183006206 28.440000534057617 AB 9.226663894198039 1.0962915662198738
62147.0463 lsst_hardware_y 186.6313225278393 52.8648637397485 30.030000686645508 AB 6.992303757631772 1.1277909286502859
62147.0637 lsst_hardware_r 188.24388545690076 25.206376091118983 31.479999542236328 AB 6.699442751805751 1.0805552825493148
62149.0537 lsst_hardware_z 589.7458073860141 66.20460960207102 31.700000762939453 AB 2.3739813427468897 1.0916111473718455
62151.0454 lsst_hardware_y 100.01681886804377 51.97093886900856 30.030000686645508 AB 6.54049223620488 1.0989653425531176
62151.0626 lsst_hardware_g 49.19890748253516 13.357666541896572 31.389999389648438 AB 6.2994208296462135 1.0594384173639781
62153.0435 lsst_hardware_y 138.84276792101943 54.07317936046526 30.040000915527344 AB 3.011648761438535 1.0897951009366873
62153.06 lsst_hardware_i 182.45929693388658 33.505396937763074 31.25 AB 2.9490220161186853 1.0539749878908884
62155.0431 lsst_hardware_y 398.5721998214856 77.48900338515239 30.799999237060547 AB 3.955324136389524 1.077671585420482
62155.0606 lsst_hardware_i 337.1093524278111 46.59576969770633 32.0 AB 3.8304949324603172 1.0433762158557158
62157.0448 lsst_hardware_y 196.36233437909004 50.95744117828502 30.040000915527344 AB 12.751502700041197 1.0622563859805232
62157.0636 lsst_hardware_g 71.51565154432058 19.096728548461975 31.510000228881836 AB 12.276163473131765 1.0307081453740128
62161.0471 lsst_hardware_z 246.9017030481599 71.82266280194978 31.719999313354492 AB 7.199743269822075 1.038786587126084
62164.0384 lsst_hardware_y 2.471215721759863 56.8456518607983 30.059999465942383 AB 11.525074382597152 1.0395749465645827
62164.0564 lsst_hardware_r 47.10867758317907 73.0206419697536 31.65999984741211 AB 11.905297901210906 1.0168515460549117
62389.3337 lsst_hardware_g 1.8210328304540397 13.34000015258789 31.309999465942383 AB 4.872035643476124 1.3524040648094724
62389.3514 lsst_hardware_i -29.960298722268305 31.59000015258789 31.219999313354492 AB 4.425224446704533 1.2524220132182642
62390.3286 lsst_hardware_z -91.33827440397731 45.310001373291016 30.920000076293945 AB 3.1616054953545087 1.3678708517541862
62390.3461 lsst_hardware_r 23.534404904616444 22.940000534057617 31.450000762939453 AB 4.031528992954201 1.2653888866774015
62393.3282 lsst_hardware_u 3.991587187484304 2.5 28.209999084472656 AB 2.1482078097816477 1.318997836541982
62393.345 lsst_hardware_g 13.776383697928006 13.289999961853027 31.34000015258789 AB 1.842853256505573 1.2307568498477193
62399.314 lsst_hardware_r -91.29595884242235 67.52999877929688 31.579999923706055 AB 8.53117181388641 1.3062914605927411
62399.3305 lsst_hardware_z 54.37224036252606 53.900001525878906 30.950000762939453 AB 8.10187287029764 1.2221555555447752
62404.2664 lsst_hardware_r -39.9707084533029 74.11000061035156 31.510000228881836 AB 9.479225098325463 1.5599383047159379
62404.29 lsst_hardware_i -63.13108064109149 58.900001525878906 31.25 AB 7.96201412479872 1.3703983003093463
62409.2264 lsst_hardware_r 31.953255874464496 45.04999923706055 32.119998931884766 AB 6.872585933208152 1.877755719455779
62409.2516 lsst_hardware_i 6.019831861149277 56.61000061035156 31.950000762939453 AB 3.7260633344450387 1.5710737882410564
62413.2539 lsst_hardware_r -18.873674725344358 23.43000030517578 31.420000076293945 AB 4.047750431538632 1.4544557784901833
62413.2726 lsst_hardware_z 57.15421289930194 44.70000076293945 30.920000076293945 AB 3.651583665176313 1.3249577885255126
62414.2768 lsst_hardware_r -10.021781918273001 22.6200008392334 31.450000762939453 AB 8.522988513246872 1.2853570712449724
62414.2961 lsst_hardware_u -2.9562843577793894 2.569999933242798 28.329999923706055 AB 8.240449581990205 1.1939652380903691
62416.2743 lsst_hardware_g -1.9498509339509937 13.1899995803833 31.31999969482422 AB 5.586343290631172 1.269623475143448
62416.2944 lsst_hardware_r 29.000339179959482 22.309999465942383 31.450000762939453 AB 5.602439471313342 1.1789645352090365
62418.3027 lsst_hardware_z 9.93693282707946 42.15999984741211 30.940000534057617 AB 3.0633631062972824 1.1307052159443693
62418.3244 lsst_hardware_r -13.36107363589363 21.700000762939453 31.469999313354492 AB 2.9017984572626343 1.0728857988400176
62420.2521 lsst_hardware_z 52.26508866522581 44.119998931884766 30.920000076293945 AB 5.54858223305027 1.333393147023361
62420.2715 lsst_hardware_r -29.741176471037193 22.280000686645508 31.450000762939453 AB 5.1543112667773405 1.2297790078800694
62422.2258 lsst_hardware_g -14.551166447930578 13.239999771118164 31.239999771118164 AB 8.608296912933595 1.4832727331562847
62422.2424 lsst_hardware_i 6.275923233623506 32.86000061035156 31.200000762939453 AB 7.903004876239619 1.3602222933531807
62425.2502 lsst_hardware_r -7.085810047620559 34.79999923706055 31.530000686645508 AB 9.239983535234819 1.2671832598806623
62425.2675 lsst_hardware_y 5.966945215657069 49.4900016784668 30.0 AB 8.67316738529017 1.1881593751253716
62429.2654 lsst_hardware_z 59.361178910655106 54.099998474121094 30.959999084472656 AB 1.4282936955322152 1.1549544707807669
62429.284 lsst_hardware_r 50.2838172330474 65.8499984741211 31.6299991607666 AB 1.347202581628475 1.097964614204136
