data/validation/pwv_sim_epoch_fit_epoch/27906019.ecsv
# %ECSV 0.9
# ---
# datatype:
# - {name: time, datatype: float64}
# - {name: band, datatype: string}
# - {name: flux, datatype: float64}
# - {name: fluxerr, datatype: float64}
# - {name: zp, datatype: float64}
# - {name: zpsys, datatype: string}
# - {name: pwv, datatype: float64}
# - {name: airmass, datatype: float64}
# meta: {SNID: '27906019', alt: 1024.0, c: -0.06523004174232483, dec: -10.351558, lat: -30.244573, lon: -70.7499537, ra: 228.515625, t0: 62724.05859375,
#   x0: 2.1949794657325626e-05, x1: 0.5777654647827148, z: 0.3295338749885559}
# schema: astropy-2.0
time band flux fluxerr zp zpsys pwv airmass
[from data line 133]
62976.2624 lsst_hardware_g -3.6702782394033653 15.34000015258789 31.459999084472656 AB 3.817956604090459 1.0639174987596198
62976.2807 lsst_hardware_i 23.495795272556425 31.93000030517578 31.260000228881836 AB 3.8590901226237704 1.0760545002204025
62985.2237 lsst_hardware_g 0.21572381912561583 15.640000343322754 31.459999084472656 AB 11.140259338279057 1.0633738908281258
62985.242 lsst_hardware_r -38.40541967407799 24.709999084472656 31.520000457763672 AB 11.179612491659059 1.065536836795585
62989.1792 lsst_hardware_i 17.71116215661205 51.33000183105469 31.309999465942383 AB 12.574978296857248 1.0932862369029082
62989.1951 lsst_hardware_z 14.138237515011232 51.91999816894531 30.969999313354492 AB 12.369462063663136 1.0734895334120982
62994.2296 lsst_hardware_z -43.837516651727505 105.54000091552734 31.0 AB 9.602438835458019 1.0741283408885056
62994.2503 lsst_hardware_r -19.621974518701016 160.60000610351562 31.649999618530273 AB 10.254383770342315 1.1026219107894961
63001.1508 lsst_hardware_i 52.657171047884205 32.34000015258789 31.260000228881836 AB 7.588124440970948 1.086799466391972
63001.1716 lsst_hardware_z 38.59664311473158 42.5 30.959999084472656 AB 6.9406755112580205 1.0666748563701867
63004.1275 lsst_hardware_g 60.83443354710499 22.010000228881836 32.189998626708984 AB 9.105416188971653 1.1128594706638542
63004.1524 lsst_hardware_i 18.408670158976882 45.18000030517578 32.0 AB 8.608228661351655 1.075155019215844
63008.1619 lsst_hardware_z -23.218534278486477 42.09000015258789 30.950000762939453 AB 5.2243881099245835 1.0631640435337297
63008.1843 lsst_hardware_r -7.568902035164115 24.600000381469727 31.510000228881836 AB 5.646557771228092 1.0684289133341285
63014.1286 lsst_hardware_g -29.14186572882937 17.34000015258789 31.510000228881836 AB 7.619863609544099 1.0719369219306605
63014.1496 lsst_hardware_r -9.35828031811581 24.450000762939453 31.520000457763672 AB 7.627494633303687 1.0626951770538053
63018.1282 lsst_hardware_r 10.34629375130217 64.7300033569336 31.639999389648438 AB 7.623848217188189 1.0651799856354587
63018.1498 lsst_hardware_z 29.78832980619343 55.2400016784668 30.979999542236328 AB 7.649089022234933 1.064640765830231
63021.1236 lsst_hardware_z 85.77801201460919 106.04000091552734 31.0 AB 12.42663534426859 1.0638559462593562
63021.1443 lsst_hardware_i -212.60561259570048 126.95999908447266 31.34000015258789 AB 11.521819776101172 1.0658236188895882
63023.1226 lsst_hardware_z -155.86906205418035 80.2699966430664 31.0 AB 5.420781809469384 1.0628983940136048
63023.1443 lsst_hardware_r 90.27160586461896 120.54000091552734 31.65999984741211 AB 6.037390226976831 1.0690849930456119
63043.0452 lsst_hardware_z 1.7278047882584278 42.75 30.950000762939453 AB 4.147941813302513 1.0758738087026942
63043.0654 lsst_hardware_r -37.19163566352798 26.260000228881836 31.530000686645508 AB 4.1586378964933175 1.0633636215198048
63045.0433 lsst_hardware_z 43.205672811321605 45.709999084472656 30.959999084472656 AB 7.425488804221 1.0725050630780673
63045.0636 lsst_hardware_g 72.674774313036 33.689998626708984 31.65999984741211 AB 7.3464902976675805 1.0627834065342365
63047.0422 lsst_hardware_r 76.64435785145896 74.62000274658203 31.639999389648438 AB 3.332815877842475 1.0690668413288698
63047.0596 lsst_hardware_z 28.973948115163395 61.220001220703125 30.979999542236328 AB 3.3665282712514064 1.0626947061691483
63049.0338 lsst_hardware_r -100.05745374318323 109.87000274658203 31.649999618530273 AB 9.470308136906691 1.0713018254419335
63049.0542 lsst_hardware_y -61.1866558570432 61.880001068115234 30.059999465942383 AB 9.16307072441596 1.0626930384941675
63052.0363 lsst_hardware_z -84.84914497872188 65.81999969482422 30.979999542236328 AB 4.0263266673110945 1.0647901976316365
63052.0595 lsst_hardware_r -201.7021640762508 95.0199966430664 31.649999618530273 AB 4.525887751147111 1.0657506478368393
63057.0054 lsst_hardware_r -17.193852360933587 24.440000534057617 31.510000228881836 AB 8.817573266074774 1.077525806970576
63057.0244 lsst_hardware_i -4.8368886269794436 31.700000762939453 31.25 AB 8.721025314360537 1.0641452836200052
63067.0161 lsst_hardware_r -0.14203031041989586 34.9900016784668 32.27000045776367 AB 3.18801317311384 1.0646821239387196
63067.0428 lsst_hardware_u -6.064673051926716 4.070000171661377 29.25 AB 3.078697146850238 1.089193837147406
63068.9733 lsst_hardware_z -55.875797989925 42.900001525878906 30.950000762939453 AB 5.645203003630228 1.0768150698386483
63068.9957 lsst_hardware_g -9.617549265652656 15.75 31.459999084472656 AB 5.684055096777239 1.063102574210001
63071.9755 lsst_hardware_y 33.86615739625564 48.34000015258789 30.049999237060547 AB 5.240499372227656 1.0680184179401142
63071.9966 lsst_hardware_i 16.505249006247155 33.15999984741211 31.270000457763672 AB 5.2162106667795864 1.0630503040208388
63078.9664 lsst_hardware_y -135.13044360561864 66.68000030517578 30.059999465942383 AB 4.792650732824267 1.0635366668002664
63078.9878 lsst_hardware_z 36.065779268956874 61.08000183105469 30.979999542236328 AB 4.818005059849608 1.0668154021255705
63080.9765 lsst_hardware_y 122.16528649197508 86.36000061035156 30.809999465942383 AB 4.11271213678532 1.064182888593752
