data/validation/pwv_sim_epoch_fit_epoch/27973392.ecsv
# %ECSV 0.9
# ---
# datatype:
# - {name: time, datatype: float64}
# - {name: band, datatype: string}
# - {name: flux, datatype: float64}
# - {name: fluxerr, datatype: float64}
# - {name: zp, datatype: float64}
# - {name: zpsys, datatype: string}
# - {name: pwv, datatype: float64}
# - {name: airmass, datatype: float64}
# meta: {SNID: '27973392', alt: 1024.0, c: -0.0652376338839531, dec: -15.094787, lat: -30.244573, lon: -70.7499537, ra: 234.667969, t0: 60420.6640625,
#   x0: 2.471594382276987e-06, x1: 1.2083793878555298, z: 0.8171187043190002}
# schema: astropy-2.0
time band flux fluxerr zp zpsys pwv airmass
60380.3845 lsst_hardware_z 142.2955238548405 41.88999938964844 30.950000762939453 AB 7.606182092293101 1.0362645902306895
60383.2994 lsst_hardware_u 0.4669881037962906 2.6500000953674316 28.299999237060547 AB 9.390082495950574 1.1313352404759727
60383.3168 lsst_hardware_y -17.27742757648299 47.810001373291016 30.020000457763672 AB 9.033742484635708 1.0884027089922539
60389.2278 lsst_hardware_r -69.33459568918697 62.777405531296935 32.279998779296875 AB 7.923617912439332 1.3963757647522064
60389.2466 lsst_hardware_u -3.248767600976141 5.469253581543256 28.760000228881836 AB 7.277182193551546 1.2782310126557943
60392.3439 lsst_hardware_z 47.01002642325437 54.07192501292426 30.979999542236328 AB 7.042541738915496 1.0356679027816906
60392.3634 lsst_hardware_r 79.33931085171201 53.26147955639492 31.6299991607666 AB 7.080213853846834 1.041207919683358
60397.3229 lsst_hardware_r 195.05337411774343 114.71127732802518 31.65999984741211 AB 7.745698977590629 1.037092606122105
60397.3432 lsst_hardware_i 85.7204218237124 93.12309410785608 31.34000015258789 AB 9.175449163110638 1.0378293363998006
60399.3259 lsst_hardware_z 222.89054365891857 70.18225764114122 30.989999771118164 AB 4.201334701007041 1.0356192517169487
60399.3446 lsst_hardware_r 256.9865258842323 92.84399013154079 31.649999618530273 AB 4.347698812604835 1.041406558171132
60401.3091 lsst_hardware_z 378.3798734772266 51.00335023177805 30.969999313354492 AB 9.1430441336958 1.0381761284263098
60401.3286 lsst_hardware_r 236.80676102537117 50.47166100358911 31.6299991607666 AB 9.123614610015391 1.03660750939891
60405.1984 lsst_hardware_r 442.4771194791915 32.89193051541337 31.469999313354492 AB 18.07423411334484 1.303399013005325
60405.2241 lsst_hardware_u -0.27553300263784813 3.0001664208843906 28.40999984741211 AB 17.532204924465074 1.1821057844517289
60406.2012 lsst_hardware_g 52.90680603882069 17.54266052954886 31.3799991607666 AB 12.880170552502804 1.2728384566546733
60406.2192 lsst_hardware_r 535.1977439956913 33.32669417428887 31.489999771118164 AB 10.205382317880025 1.1904791271950854
60413.3079 lsst_hardware_i 846.0504357897156 43.25054595016184 31.270000457763672 AB 7.629724278793497 1.0424307337529541
60413.3257 lsst_hardware_z 537.3944339762122 48.28665192379029 30.959999084472656 AB 7.779622995174349 1.0608576811601385
60415.2923 lsst_hardware_r 747.5881557614534 35.856580760166494 31.530000686645508 AB 17.72132995923622 1.0371842420248159
60415.31 lsst_hardware_g 154.5681199643357 19.665201755552705 31.489999771118164 AB 17.832221226622494 1.0487896737740645
60423.2718 lsst_hardware_r 605.6080570827044 124.7288183170821 31.65999984741211 AB 8.77899526358638 1.0376654107702272
60423.2878 lsst_hardware_z 675.6046275106164 84.93261895171078 31.0 AB 8.916980169759352 1.0484397612885774
60429.2492 lsst_hardware_i 820.8085222437172 57.74101487669768 31.31999969482422 AB 10.175862413620985 1.035974793954796
60429.2687 lsst_hardware_z 452.07716971671607 56.23459112316393 30.969999313354492 AB 11.067838781598347 1.0459447580656809
60436.2238 lsst_hardware_u -1.3565607178518782 2.843586213410139 28.479999542236328 AB 7.052180576208913 1.035663879411922
60436.2429 lsst_hardware_r 317.4495395761878 30.28040024960496 31.520000457763672 AB 7.096134080421267 1.040972212966128
60443.184 lsst_hardware_i 459.2718601226844 38.31477631545355 31.260000228881836 AB 6.182260776630266 1.044609601931359
60443.2037 lsst_hardware_z 424.9530319647374 45.84991794471973 30.950000762939453 AB 6.130992549766302 1.0357426913856413
60447.174 lsst_hardware_y 379.1212787840665 70.5337816573643 30.790000915527344 AB 7.730460462428206 1.0438809617754212
60449.1487 lsst_hardware_r 193.88480738707386 66.6917331951238 31.639999389648438 AB 8.213608924784598 1.0667024577642334
60449.1684 lsst_hardware_i 272.56105002575515 58.530217515479976 31.31999969482422 AB 8.364789321602997 1.0439891818783122
60454.1306 lsst_hardware_z 269.1959305240266 103.29498747495894 31.0 AB 6.139924885613331 1.0739610615459996
60454.1375 lsst_hardware_r 82.42263085444587 152.310973019008 31.65999984741211 AB 5.953076394550732 1.0630493561697736
60458.1443 lsst_hardware_i 207.0568004768598 47.12187652517472 31.299999237060547 AB 9.480550150371348 1.043624971832716
60458.1642 lsst_hardware_z 233.71998816730834 50.48697905398286 30.969999313354492 AB 9.398248881245927 1.0356387314271256
60462.1473 lsst_hardware_g 4.21879357594926 15.975534556196154 31.459999084472656 AB 10.945585933917643 1.036546538771834
60462.1659 lsst_hardware_r 95.32210493757955 25.609282748754207 31.5 AB 10.954796382065583 1.0378938289313606
60464.1173 lsst_hardware_r 55.61085078079085 25.561664814440707 31.510000228881836 AB 12.171036356563594 1.053815001217713
60464.1361 lsst_hardware_i 117.81471323464233 33.55257349080998 31.25 AB 11.133200266914606 1.0386174654863547
60466.1208 lsst_hardware_z 122.15530046053004 43.55860160034365 30.950000762939453 AB 5.329180923023215 1.044937435886905
60466.1406 lsst_hardware_r 21.20957682939741 25.292257169852682 31.510000228881836 AB 5.875168755176119 1.0357739442330856
60468.1157 lsst_hardware_u -3.6202790888996943 2.848980148742618 28.450000762939453 AB 2.552063093438439 1.0446431000566014
60468.1342 lsst_hardware_r 77.31691608985885 25.274516080268 31.520000457763672 AB 3.1591226467249656 1.0358911291042976
60485.0624 lsst_hardware_g 95.6303859561318 75.96669512927676 31.729999542236328 AB 4.976159186848337 1.0510976790090298
60485.081 lsst_hardware_i 98.43252627130268 60.038143093178604 31.329999923706055 AB 4.914922453326128 1.0376696829570629
60487.07 lsst_hardware_z 90.50139459841101 42.48846876207208 30.950000762939453 AB 7.8081328184597485 1.0403445752078186
60487.09 lsst_hardware_r 84.04498108614564 36.16476478092034 31.600000381469727 AB 8.0796485689076 1.0358523806291795
60490.0765 lsst_hardware_u 2.79957579173367 2.762341888114869 28.43000030517578 AB 3.298132974622333 1.035656043319848
60490.0971 lsst_hardware_g 31.484593342783562 15.286254107125815 31.450000762939453 AB 3.770624472536058 1.0420407551571254
60493.0499 lsst_hardware_g 2.747089637691452 15.588197881465485 31.459999084472656 AB 6.628933901843324 1.0427634111833668
60493.0719 lsst_hardware_r 30.948295069272383 24.66936862080858 31.510000228881836 AB 6.55240062200682 1.0356797611180433
60497.0516 lsst_hardware_r 55.85218607381218 24.675079481275368 31.510000228881836 AB 3.3022062818690943 1.0365824888152435
60497.0763 lsst_hardware_u -0.2635919130408203 2.762286283390765 28.43000030517578 AB 3.30951105325731 1.0409449737651426
60499.0429 lsst_hardware_g -29.133467660496336 15.850357062924632 31.479999542236328 AB 2.956702757843022 1.037621603033115
60499.0654 lsst_hardware_i 132.62995883059426 32.297677891404675 31.260000228881836 AB 2.9612160539655283 1.0381125517845284
60501.0498 lsst_hardware_z -2.510022451587883 42.33761589268846 30.950000762939453 AB 6.879218597044752 1.035662959358387
60501.0719 lsst_hardware_r 31.628570461728 24.87918070616205 31.520000457763672 AB 6.913189226023053 1.0457627913508047
60503.0462 lsst_hardware_y -29.62954118544893 47.5741249031461 30.049999237060547 AB 6.463113825993411 1.0358384207057314
60503.069 lsst_hardware_g 19.80005362560106 20.24390942597823 31.559999465942383 AB 6.53428843363773 1.0480854011769556
60506.0231 lsst_hardware_g 21.255963414083386 53.13406884227274 31.709999084472656 AB 4.542067417603589 1.0378902982241849
60506.0449 lsst_hardware_r -15.495202948815484 56.98332503266292 31.6299991607666 AB 4.034989910484542 1.037561422971548
60508.0198 lsst_hardware_i 87.51233467317441 81.7422756712781 31.329999923706055 AB 2.3032316747110815 1.0371024426466409
60508.042 lsst_hardware_z 112.26980196117005 73.87066951069913 30.989999771118164 AB 2.26110735339965 1.0386345215432475
60511.0034 lsst_hardware_r 44.106477009864754 97.85563912479344 31.65999984741211 AB 5.806027020194705 1.0409885735979583
60511.0273 lsst_hardware_z -46.492399306789146 68.8587156945884 30.989999771118164 AB 5.7824144055362945 1.0363678475734914
60514.0034 lsst_hardware_g -35.54332045663367 45.849998474121094 31.700000762939453 AB 6.440093983200571 1.0371078399056848
60514.0244 lsst_hardware_i 52.1623233936495 51.709999084472656 31.309999465942383 AB 6.52062319875887 1.0380953935616966
60515.9995 lsst_hardware_z -2.538127905510083 41.54999923706055 30.940000534057617 AB 8.570952276089903 1.0366415428265487
60516.0193 lsst_hardware_r -1.5424421000964004 24.530000686645508 31.510000228881836 AB 9.519193943643758 1.0382498711505435
60519.9768 lsst_hardware_y 90.32877503441317 47.869998931884766 30.040000915527344 AB 5.508240664002528 1.0423226045577598
60519.9982 lsst_hardware_u -2.3512886747499984 2.799999952316284 28.440000534057617 AB 5.474617244800242 1.0356824148316766
60524.9643 lsst_hardware_z 22.045177403361514 58.529998779296875 30.979999542236328 AB 9.84303463411932 1.0415450430706923
60524.9831 lsst_hardware_r 9.80461085878084 25.209999084472656 31.530000686645508 AB 8.789711049728623 1.0356167718558207
60736.3833 lsst_hardware_g 5.885293512643541 16.479999542236328 31.5 AB 3.14448836184928 1.0430345341568223
60736.4019 lsst_hardware_y 58.88923424890686 73.55000305175781 30.079999923706055 AB 3.1245709767218734 1.0356549475379098
60738.3871 lsst_hardware_z 9.208336566251115 42.41999816894531 30.950000762939453 AB 7.124118255651368 1.0378078187291826
60742.3732 lsst_hardware_r 26.965723243421554 24.729999542236328 31.520000457763672 AB 8.460762952558643 1.039150448607055
60742.3905 lsst_hardware_z -9.567544447867313 42.40999984741211 30.959999084472656 AB 8.822981534341997 1.0357739599497546
60749.2262 lsst_hardware_r 81.46688925968272 159.1999969482422 32.290000915527344 AB 14.045812716572435 1.5301282985535374
60749.2535 lsst_hardware_z -8.40863967454362 74.62000274658203 30.950000762939453 AB 11.49032144119237 1.3207266024359046
60751.3784 lsst_hardware_z -38.0523554542372 71.66999816894531 30.989999771118164 AB 9.453486125346478 1.03994933724615
60751.3997 lsst_hardware_i 33.10739771834828 82.19000244140625 31.34000015258789 AB 9.555894965235122 1.060273869949899
60753.3528 lsst_hardware_z -73.53122587322925 73.05999755859375 31.0 AB 6.786710179771272 1.0359544375970597
60753.372 lsst_hardware_r 66.66921874618488 95.2300033569336 31.65999984741211 AB 6.804867387974987 1.0394400287131
60757.3422 lsst_hardware_r -3.3619345535037897 32.16999816894531 31.59000015258789 AB 6.2263046409244005 1.0359046070916698
60757.3619 lsst_hardware_i 5.019457711639498 35.4900016784668 31.290000915527344 AB 6.25385213969383 1.0398822979204905
60759.3423 lsst_hardware_r -18.414775767016188 25.149999618530273 31.540000915527344 AB 6.8796743209418985 1.0356276262143458
60759.3617 lsst_hardware_g -10.260511852194877 16.979999542236328 31.520000457763672 AB 6.939697656049567 1.0433020780831221
60761.3424 lsst_hardware_r 50.736233509344345 24.299999237060547 31.530000686645508 AB 8.073848577688969 1.03644864549543
60761.3615 lsst_hardware_i -58.13108493702624 31.559999465942383 31.260000228881836 AB 8.153950169472022 1.0477401196464675
60763.3217 lsst_hardware_i 37.271427440875534 31.510000228881836 31.270000457763672 AB 7.775439599797581 1.0368174415233684
60763.3392 lsst_hardware_z -81.05471299228716 41.7400016784668 30.959999084472656 AB 9.204754662517455 1.0370970269300361
60766.3091 lsst_hardware_r 5.111291962726879 24.209999084472656 31.520000457763672 AB 5.227815598708422 1.0384669290597492
60766.3271 lsst_hardware_u -3.107187118546937 2.7899999618530273 28.459999084472656 AB 5.243911361521716 1.0360901677493866
60770.3134 lsst_hardware_i -60.48998256030135 31.290000915527344 31.25 AB 7.176917085802211 1.0357048972944962
60770.3323 lsst_hardware_z 6.109565990784841 41.790000915527344 30.940000534057617 AB 7.228175422759447 1.043779844441774
60772.3095 lsst_hardware_r -47.417681160769696 24.09000015258789 31.520000457763672 AB 8.677279307574041 1.0358869050028667
60772.3286 lsst_hardware_g -20.30622436389432 15.289999961853027 31.459999084472656 AB 8.778128805038051 1.0451916063270257
60777.2815 lsst_hardware_z -40.76193324104489 73.7699966430664 31.0 AB 6.124705761253164 1.037470273778803
60777.299 lsst_hardware_i 35.05221622076293 85.27999877929688 31.34000015258789 AB 6.889998493912189 1.0365186346101303
60781.2342 lsst_hardware_r 35.296255083329434 119.36000061035156 31.649999618530273 AB 17.50342695409717 1.075424317490994
60781.2516 lsst_hardware_i 63.08037765742135 98.08000183105469 31.34000015258789 AB 17.356005697656922 1.0509661726776893
60783.2941 lsst_hardware_z 31.138803083224 82.58000183105469 31.729999542236328 AB 13.431793319394645 1.0418300034434473
60785.2666 lsst_hardware_r 16.640278125105258 40.130001068115234 31.610000610351562 AB 3.7203850982170388 1.0357900138880902
60785.2838 lsst_hardware_g -54.22029880206721 37.34000015258789 31.690000534057617 AB 3.7300525566652674 1.0390118542243085
60791.247 lsst_hardware_r 0.052407039839947774 24.40999984741211 31.520000457763672 AB 6.1628590041918425 1.0363552137094085
60791.2647 lsst_hardware_i -9.181205810770782 31.610000610351562 31.260000228881836 AB 6.400629807769741 1.0377997256213605
60793.25 lsst_hardware_z -31.100862414053474 41.7599983215332 30.950000762939453 AB 2.796272481069729 1.0356564744702699
60793.2682 lsst_hardware_i 15.929994336004833 31.68000030517578 31.260000228881836 AB 2.8725812938111273 1.0428054067562174
60796.2453 lsst_hardware_u -2.671049208152899 2.7799999713897705 28.440000534057617 AB 9.478496454689587 1.0361088511019971
60796.2632 lsst_hardware_g -23.308184341558192 15.630000114440918 31.469999313354492 AB 9.505218785503663 1.0452953209864733
60799.2236 lsst_hardware_g 14.278578385281266 15.770000457763672 31.479999542236328 AB 9.854934447442577 1.0367612905625885
60799.242 lsst_hardware_r -4.5434626608678395 24.68000030517578 31.520000457763672 AB 9.90370936565259 1.0374721732299075
60801.2236 lsst_hardware_i -43.30713050175003 36.52000045776367 31.280000686645508 AB 2.3992377047884696 1.035716686720825
60801.2432 lsst_hardware_z 86.02814234449178 41.849998474121094 30.950000762939453 AB 2.478967779747757 1.040708555729537
60803.225 lsst_hardware_r 9.736030337224719 58.02000045776367 31.639999389648438 AB 9.219562530808613 1.0359059023380464
60803.2445 lsst_hardware_z 64.68064201685021 51.47999954223633 30.979999542236328 AB 9.376288261308227 1.0456438342041252
60805.2101 lsst_hardware_r -5.108886364075978 101.12999725341797 31.65999984741211 AB 6.423682696480599 1.0360778542710642
60805.2296 lsst_hardware_i -9.775851276177512 81.37000274658203 31.34000015258789 AB 6.443130539875101 1.0392146032056615
60809.2033 lsst_hardware_z 180.7323868457722 137.1699981689453 31.760000228881836 AB 6.114868615834103 1.0356139071344186
60811.1915 lsst_hardware_r 0.46147550829158934 81.37000274658203 31.65999984741211 AB 5.560376370974901 1.03657785384028
60811.2119 lsst_hardware_i 43.11994122648609 67.12000274658203 31.34000015258789 AB 5.5743769417220435 1.0385747624621866
60813.1732 lsst_hardware_i -12.084933557497507 44.400001525878906 31.309999465942383 AB 7.701066120820732 1.0429396154958093
60813.1934 lsst_hardware_z 97.30472472004803 47.9900016784668 30.969999313354492 AB 7.6960019641299295 1.035592002170481
60825.1537 lsst_hardware_z 126.92454172910315 59.04999923706055 31.700000762939453 AB 12.518121880089819 1.036468568439529
60825.1759 lsst_hardware_i -31.515303938418768 44.869998931884766 32.0099983215332 AB 12.89217225371734 1.0396913107836565
60827.136 lsst_hardware_r -14.70150601389613 24.579999923706055 31.520000457763672 AB 7.45181788294904 1.0422122913215743
60827.1576 lsst_hardware_u 2.47372583280113 2.880000114440918 28.520000457763672 AB 7.43348253476741 1.035688631074783
60831.1229 lsst_hardware_y -63.151729012724466 49.4900016784668 30.049999237060547 AB 9.409026229741652 1.043804333520383
60831.1429 lsst_hardware_r 9.549517313169025 49.47999954223633 31.6299991607666 AB 8.61315301621802 1.0356289071823899
60843.1348 lsst_hardware_z -4.960118063508675 43.83000183105469 30.959999084472656 AB 5.4554241337781875 1.0452338996892683
60843.158 lsst_hardware_r -65.3135979542008 34.619998931884766 31.579999923706055 AB 5.669956512437609 1.0750091346339397
60845.1045 lsst_hardware_u 2.6430590214414957 2.8399999141693115 28.510000228881836 AB 3.799758334557414 1.0356386848071009
60845.1261 lsst_hardware_r 42.17958349496387 24.260000228881836 31.520000457763672 AB 3.9623281593415403 1.0427179366688264
60848.0874 lsst_hardware_i -2.0457980133587785 31.399999618530273 31.260000228881836 AB 2.6858152115546985 1.0375618111147147
60848.1081 lsst_hardware_z 0.49066350117053165 41.5 30.950000762939453 AB 2.671992975946362 1.0374321581310493
60853.0677 lsst_hardware_g -6.32570216286686 15.350000381469727 31.479999542236328 AB 7.839367507796284 1.0404858878639496
60853.0878 lsst_hardware_r -30.01812649018745 24.15999984741211 31.520000457763672 AB 8.079343869981228 1.03581331666426
60859.0418 lsst_hardware_r -24.41488550091048 39.68000030517578 31.600000381469727 AB 6.678338052934457 1.0477878882815386
60859.061 lsst_hardware_i -9.210590976987534 39.59000015258789 31.290000915527344 AB 6.594323206424773 1.0364358674145449
60862.0442 lsst_hardware_z -63.272455501827245 72.58000183105469 31.0 AB 6.473712461661873 1.0398702853846074
60862.0637 lsst_hardware_r 63.721716975926476 96.30000305175781 31.65999984741211 AB 6.443242148883015 1.0358771424096165
60864.0312 lsst_hardware_z -163.56145894082596 76.83999633789062 31.0 AB 0.964087912338981 1.0450817477929333
60864.0515 lsst_hardware_r -96.18925849238748 110.55000305175781 31.65999984741211 AB 1.950358690186386 1.0357261708296073
60866.0291 lsst_hardware_i 89.03079049651042 83.20999908447266 31.34000015258789 AB 8.539996944659919 1.0425013055270393
60866.0495 lsst_hardware_z -11.221651824396375 72.18000030517578 30.989999771118164 AB 8.67558665720796 1.0356024180974008
60871.0064 lsst_hardware_u -4.6915546151468615 2.799999952316284 28.459999084472656 AB 5.7656699199549 1.0504044306713245
60871.0268 lsst_hardware_g -24.61953700557661 15.34000015258789 31.459999084472656 AB 5.607057615986918 1.0368239678225288
60876.007 lsst_hardware_r -34.912523868476946 24.389999389648438 31.510000228881836 AB 3.0251167134132495 1.039320904745734
60876.0245 lsst_hardware_i -73.87564984805483 31.540000915527344 31.25 AB 3.013360388567887 1.035756320543499
60877.9976 lsst_hardware_z -78.86867888604053 41.9900016784668 30.950000762939453 AB 5.6109516178749645 1.0416370577738177
60878.0163 lsst_hardware_r -16.682690538920372 24.5 31.510000228881836 AB 6.267076442292107 1.0355951157739642
60882.0024 lsst_hardware_i -64.17855792190268 31.670000076293945 31.260000228881836 AB 9.50637235496586 1.0357217796988463
60882.0192 lsst_hardware_z -67.72285394451471 41.790000915527344 30.950000762939453 AB 9.507068332593793 1.039137428417728
60884.9766 lsst_hardware_y -54.0580497484669 48.400001525878906 30.049999237060547 AB 4.611386291508985 1.0429461249596257
60884.9964 lsst_hardware_r -5.078365314316346 25.530000686645508 31.530000686645508 AB 4.643621396795334 1.0355979921487537
60886.9756 lsst_hardware_y -54.693133648684984 48.560001373291016 30.049999237060547 AB 4.161277467846228 1.0400593521235262
60886.9931 lsst_hardware_g 4.4518839872357425 25.34000015258789 31.6200008392334 AB 4.1491310473353975 1.0356429937603955
60888.9769 lsst_hardware_z -60.002577620622255 53.709999084472656 30.969999313354492 AB 4.118844433618199 1.0370569283134368
60888.9956 lsst_hardware_i 43.052744415777255 50.75 31.309999465942383 AB 4.0223322521091704 1.0372405076890523
60894.967 lsst_hardware_y -82.4233433389261 70.41999816894531 30.06999969482422 AB 3.402318274520322 1.0357133255771258
60894.9873 lsst_hardware_z 9.823688977126737 60.09000015258789 30.979999542236328 AB 3.429834331088089 1.0411842138390355
