data/validation/pwv_sim_epoch_fit_epoch/28078933.ecsv
# %ECSV 0.9
# ---
# datatype:
# - {name: time, datatype: float64}
# - {name: band, datatype: string}
# - {name: flux, datatype: float64}
# - {name: fluxerr, datatype: float64}
# - {name: zp, datatype: float64}
# - {name: zpsys, datatype: string}
# - {name: pwv, datatype: float64}
# - {name: airmass, datatype: float64}
# meta: {SNID: '28078933', alt: 1024.0, c: -0.06354288756847382, dec: -24.624317, lat: -30.244573, lon: -70.7499537, ra: 53.613281, t0: 61650.03515625,
#   x0: 1.1075562871106942e-05, x1: 0.20246796309947968, z: 0.44069579243659973}
# schema: astropy-2.0
time band flux fluxerr zp zpsys pwv airmass
[from data line 132]
62070.1899 lsst_hardware_z -59.55955931546024 43.81999969482422 30.959999084472656 AB 2.597823737835989 1.0619616710624582
62070.2085 lsst_hardware_r 20.52740813841119 32.0 31.59000015258789 AB 3.199770020692425 1.0310198230038425
62075.1017 lsst_hardware_r -82.1397318515376 87.4000015258789 31.579999923706055 AB 7.326965935863584 1.3633678280408519
62075.1196 lsst_hardware_i -8.930656746571744 68.88999938964844 31.299999237060547 AB 6.8302663259114675 1.2562371968875747
62077.1138 lsst_hardware_z -148.85109684922494 106.41000366210938 31.729999542236328 AB 5.105823753874833 1.2580051955999096
62081.1076 lsst_hardware_i -0.648759075003252 42.84000015258789 31.260000228881836 AB 5.629654330180008 1.2342124371923433
62081.1254 lsst_hardware_z -95.06603338506012 49.77000045776367 30.950000762939453 AB 5.212510527346522 1.1585931378852639
62086.1351 lsst_hardware_r -12.198919635671226 22.31999969482422 31.469999313354492 AB 4.620592374816283 1.0870276916914092
62086.1529 lsst_hardware_z -23.475507053540014 40.88999938964844 30.940000534057617 AB 4.484125120743225 1.0493272513439684
62090.1112 lsst_hardware_g 3.244551887856454 13.489999771118164 31.360000610351562 AB 6.494076082248633 1.123364417220216
62090.1299 lsst_hardware_r -12.537609116726228 22.3799991607666 31.479999542236328 AB 6.28023458925064 1.073467916402075
62093.1193 lsst_hardware_z 21.314916387434316 41.27000045776367 30.940000534057617 AB 4.804528521265619 1.0790025313043892
62095.1467 lsst_hardware_i -33.85643495344366 29.850000381469727 31.25 AB 3.017489116384018 1.0232245223409233
62096.1014 lsst_hardware_z -57.31009435455183 42.130001068115234 30.940000534057617 AB 4.2537953528127925 1.1039261296226972
62096.1188 lsst_hardware_r 2.7899847314225665 22.899999618530273 31.5 AB 4.055420405621067 1.0621844959719926
62098.106 lsst_hardware_y 1.961276725360674 47.529998779296875 30.040000915527344 AB 8.572950113814198 1.078177678437212
62098.1225 lsst_hardware_g 19.09172933732437 20.989999771118164 31.56999969482422 AB 8.359397228972513 1.0452730779808912
62100.1078 lsst_hardware_r 10.142245210622521 37.36000061035156 31.59000015258789 AB 3.8558630263714115 1.0623431596018125
62100.125 lsst_hardware_i 11.358060910433933 37.189998626708984 31.280000686645508 AB 5.372432995690333 1.0331601914789101
62103.0205 lsst_hardware_y 116.29884667144762 83.9800033569336 29.950000762939453 AB 8.644541003962887 1.397172804562598
62103.0379 lsst_hardware_r 39.511864288146846 69.43000030517578 31.59000015258789 AB 7.922399545953166 1.284643999668142
62105.0223 lsst_hardware_y -84.86002904404043 85.52999877929688 29.969999313354492 AB 10.100832769584137 1.3464784851702551
62105.0384 lsst_hardware_z -7.976507514351088 68.06999969482422 30.959999084472656 AB 9.413999257278855 1.252555616890412
62107.0241 lsst_hardware_y -83.01840498254565 80.19999694824219 29.989999771118164 AB 8.737924588487456 1.301221636975531
62107.0401 lsst_hardware_z -51.13206046511268 69.63999938964844 30.969999313354492 AB 8.171485992525675 1.2176960453553862
62112.0309 lsst_hardware_y -56.43600986246559 64.77999877929688 30.010000228881836 AB 4.341914093852609 1.1978795550448618
62112.0522 lsst_hardware_r 14.47521086060493 22.479999542236328 31.469999313354492 AB 3.2649638231632947 1.1200562000560188
62114.0324 lsst_hardware_z 1.6830808119996215 55.220001220703125 30.959999084472656 AB 8.420780075373768 1.1695121801845447
62114.0536 lsst_hardware_g 11.87054985528556 13.65999984741211 31.40999984741211 AB 7.9479648930593525 1.1002039326409605
62120.038 lsst_hardware_y 24.320135433322793 56.70000076293945 30.030000686645508 AB 10.872177417708604 1.0980815086082227
62120.061 lsst_hardware_g -1.9489316097134146 13.239999771118164 31.389999389648438 AB 10.477533488602274 1.0476957831578562
62121.0841 lsst_hardware_u 0.06392052873852455 2.740000009536743 28.520000457763672 AB 9.813004457644482 1.0152259116452063
62121.1041 lsst_hardware_g -9.559080192356623 13.300000190734863 31.420000076293945 AB 9.711836120980058 1.005452794856015
62122.0394 lsst_hardware_y -94.14626762023951 54.45000076293945 30.040000915527344 AB 3.8721278090447737 1.080694336881042
62122.0614 lsst_hardware_z -14.57277672762047 40.63999938964844 30.950000762939453 AB 4.238099991633546 1.0382410562550768
62123.0873 lsst_hardware_r -10.178440173748378 22.0 31.510000228881836 AB 3.086455380317013 1.0094152557451666
62123.1054 lsst_hardware_i -44.33167902124552 29.790000915527344 31.260000228881836 AB 3.0817468139948216 1.0050266813767896
62124.0411 lsst_hardware_y 134.22836453078955 53.65999984741211 30.049999237060547 AB 4.912890760425899 1.064740637983096
62124.0625 lsst_hardware_u 2.6603205966615464 2.799999952316284 28.540000915527344 AB 5.660315611543916 1.0291482930079847
62126.0421 lsst_hardware_z -48.984813364123816 47.63999938964844 30.969999313354492 AB 5.731084060101647 1.0521542243623365
62126.0636 lsst_hardware_r -9.340366260996346 23.049999237060547 31.520000457763672 AB 5.610128932786504 1.0215712775939005
62128.0416 lsst_hardware_y -68.08119619377304 52.97999954223633 30.049999237060547 AB 6.9750481919207825 1.0435960588381126
62128.0616 lsst_hardware_z 88.01871894380069 41.720001220703125 30.950000762939453 AB 6.53222161921057 1.018167239446723
62146.035 lsst_hardware_z 56.54523255240568 71.5999984741211 31.0 AB 11.66164728115543 1.0056033872798575
62146.0562 lsst_hardware_r 33.357688850240166 22.239999771118164 31.5 AB 9.095366824777928 1.008541876707956
