data/validation/pwv_sim_epoch_fit_epoch/28099080.ecsv
# %ECSV 0.9
# ---
# datatype:
# - {name: time, datatype: float64}
# - {name: band, datatype: string}
# - {name: flux, datatype: float64}
# - {name: fluxerr, datatype: float64}
# - {name: zp, datatype: float64}
# - {name: zpsys, datatype: string}
# - {name: pwv, datatype: float64}
# - {name: airmass, datatype: float64}
# meta: {SNID: '28099080', alt: 1024.0, c: -0.06473953276872635, dec: -22.831406, lat: -30.244573, lon: -70.7499537, ra: 297.773438, t0: 62632.71875,
#   x0: 4.002311380706167e-05, x1: 0.36353781819343567, z: 0.25386857986450195}
# schema: astropy-2.0
time band flux fluxerr zp zpsys pwv airmass
62600.3321 lsst_hardware_r 18.380005663316552 27.329999923706055 31.450000762939453 AB 11.41944583185173 1.4547682489938083
62600.3507 lsst_hardware_i 26.414590329656924 34.90999984741211 31.219999313354492 AB 9.490842414102437 1.3206181466747362
62602.3393 lsst_hardware_r -8.439286228592692 27.65999984741211 31.489999771118164 AB 5.687766319947549 1.3592192739095839
62602.3578 lsst_hardware_u 2.133683683987664 3.0299999713897705 28.479999542236328 AB 5.2171902515837205 1.2499008368904279
62606.3343 lsst_hardware_z -37.931597759081356 73.0199966430664 31.690000534057617 AB 13.015578740847031 1.3207416465001172
62606.3538 lsst_hardware_r 16.529962804676924 37.68000030517578 32.25 AB 12.00755790800849 1.2164479696088024
62614.2938 lsst_hardware_z 627.8415571443431 72.44324840265057 30.940000534057617 AB 8.176637899289547 1.4554357243306422
62614.3143 lsst_hardware_r 1391.4744890037084 86.61675112114614 31.59000015258789 AB 7.373537584372523 1.3094931332317636
62616.3636 lsst_hardware_z 1094.0337020220734 58.24413945303841 30.959999084472656 AB 16.979344370104876 1.0884195109041588
62616.3851 lsst_hardware_r 2661.8184491933075 65.26177849081067 31.610000610351562 AB 15.262476480229868 1.0448979790207762
62622.3552 lsst_hardware_g 6367.307522276242 82.02894340322688 31.489999771118164 AB 9.523219108808494 1.0700246189672464
62622.3742 lsst_hardware_r 6811.320103417188 87.40909259314404 31.530000686645508 AB 9.226871132402483 1.0367270935283688
62626.3919 lsst_hardware_r 10018.240800155914 102.7753340543 31.540000915527344 AB 7.012865386144699 1.0112278855291563
62626.4109 lsst_hardware_z 4323.155460966125 75.90474154648638 30.959999084472656 AB 6.772810385750998 1.0092479060836714
62630.3189 lsst_hardware_i 7834.170674291462 94.29269430232107 31.25 AB 9.145576128165663 1.1054727581488775
62630.3471 lsst_hardware_y 1347.7630123076704 57.829037111744924 30.040000915527344 AB 8.104910891006545 1.044548234817353
62632.3948 lsst_hardware_z 4192.446076635203 75.84628522224625 30.959999084472656 AB 7.67072645848684 1.0093061129587948
62632.4153 lsst_hardware_r 11492.304711998724 109.74897996118528 31.530000686645508 AB 7.755760944438212 1.020494861110291
62635.3402 lsst_hardware_y 1091.9816403842258 56.35034892850483 30.040000915527344 AB 8.26800409204532 1.034696879772909
62635.3627 lsst_hardware_g 8762.50756981647 95.15246977237535 31.469999313354492 AB 8.099497898248638 1.0134823909968018
62637.2355 lsst_hardware_i 8448.774333916983 112.41708187069538 31.260000228881836 AB 7.606779483521629 1.4192414727407328
62637.2546 lsst_hardware_r 11372.066740692502 135.03658135661934 31.59000015258789 AB 6.353900026885114 1.2913118640149406
62639.2452 lsst_hardware_z 7686.024619014661 136.488174475491 31.709999084472656 AB 10.506750060509555 1.31464470805605
62642.2359 lsst_hardware_r 10246.836413062623 144.87651255131027 31.600000381469727 AB 8.912399735445804 1.3214812225890622
62642.2548 lsst_hardware_i 7438.810952895703 121.53994449725309 31.309999465942383 AB 7.301479338680212 1.2197593282125312
62643.3768 lsst_hardware_z 3349.6693126097157 83.69183276806642 30.989999771118164 AB 4.1970730294293155 1.014194046579778
62643.3972 lsst_hardware_r 9901.079728429811 125.39872658741328 31.649999618530273 AB 4.325004601969623 1.0335362279678884
62646.2308 lsst_hardware_u 31.82716830606537 6.641871440982228 28.34000015258789 AB 7.088109342303273 1.286914275238867
62646.2493 lsst_hardware_g 4724.963581795152 70.57253756049337 31.5 AB 6.614773518592944 1.1956931013031942
62647.3414 lsst_hardware_z 2569.8921175903056 64.70066292438565 30.959999084472656 AB 5.8360693587969505 1.009176786926646
62647.3628 lsst_hardware_r 7767.741506579387 91.9218970662467 31.549999237060547 AB 5.8509461008198205 1.0124933767371525
62653.3106 lsst_hardware_r 5594.052960514935 78.1643093525317 31.530000686645508 AB 6.9090682882776235 1.0152929152501708
62653.3299 lsst_hardware_i 4428.887981981645 72.40165945593566 31.260000228881836 AB 6.918891903683068 1.0086338360002225
62673.2321 lsst_hardware_z 3667.8419132760887 89.86588844759795 31.719999313354492 AB 3.005402150751051 1.0408619529860201
62675.1541 lsst_hardware_u 12.20561608839596 4.401499278639359 28.329999923706055 AB 4.359890247603442 1.273146517039989
62675.1741 lsst_hardware_g 514.7394145628213 26.831463811902488 31.40999984741211 AB 3.6466045143156123 1.1793039985928586
62676.1477 lsst_hardware_r 1667.1178683293526 47.224290935106936 31.469999313354492 AB 4.608927998373116 1.2937644384775642
62676.1673 lsst_hardware_i 2242.708398534484 57.64769177548798 31.239999771118164 AB 4.4937576135156245 1.1961026386786333
62677.2765 lsst_hardware_r 1572.6725359994982 47.0046316209424 31.530000686645508 AB 4.429566293781485 1.010605082521395
62677.3026 lsst_hardware_z 1556.9181846298115 56.003578074439034 30.950000762939453 AB 4.144717808015725 1.0312808678815075
62678.1555 lsst_hardware_z 1401.3803696565387 57.03386852962534 30.93000030517578 AB 7.3730130096304425 1.2244987352510912
62678.1743 lsst_hardware_u 9.390172401158768 4.37674462743391 28.440000534057617 AB 7.0207270236258905 1.147912257075071
62679.2187 lsst_hardware_r 1416.1889726745255 45.41095510217343 31.510000228881836 AB 7.482297233022074 1.0365685384006567
62679.2398 lsst_hardware_u 6.715675343512917 4.111088832187341 28.3799991607666 AB 7.327517689165825 1.015172858016907
62681.2442 lsst_hardware_g 457.95156907502246 26.50608754041465 31.479999542236328 AB 2.8309125088846008 1.0103185256546723
62681.2631 lsst_hardware_r 1420.758102858692 44.49762651502937 31.520000457763672 AB 2.602549451506171 1.0098164522286046
62683.2389 lsst_hardware_i 1718.3075134996259 52.088544448740286 31.260000228881836 AB 7.839662862817866 1.0102658328373135
62683.2605 lsst_hardware_z 1066.4202803753674 52.46924653729036 30.959999084472656 AB 8.264856725879056 1.0107443715151103
62686.1538 lsst_hardware_i 1475.830159141822 50.99910512137714 31.239999771118164 AB 10.005551414846924 1.14327382382562
62686.1739 lsst_hardware_u 7.05330010796083 3.2750917413413125 28.43000030517578 AB 8.324639650572943 1.0849734534589812
62687.219 lsst_hardware_z 877.3402992858889 51.15439934544648 30.950000762939453 AB 3.6697333915552317 1.0145091966425266
62687.2401 lsst_hardware_r 1206.278203732291 42.41086591843512 31.520000457763672 AB 3.650424810994535 1.0086832857127757
62696.2029 lsst_hardware_r 295.79006304753085 151.86000061035156 31.670000076293945 AB 7.34418208488375 1.0104355081243264
62696.2242 lsst_hardware_z 61.25136885739 99.56999969482422 31.010000228881836 AB 6.538493522686494 1.0104561786508426
62697.1716 lsst_hardware_i 99.11078340897622 136.3699951171875 31.350000381469727 AB 6.616399745399718 1.033812460218706
62697.191 lsst_hardware_z 13.157228620429663 112.79000091552734 31.010000228881836 AB 6.495678330881701 1.0149497392002658
62698.1886 lsst_hardware_r 27.024726794106996 142.74000549316406 31.670000076293945 AB 3.139349262204735 1.0147391554600145
62699.0637 lsst_hardware_z 8.39888796262804 83.9800033569336 30.950000762939453 AB 2.3607040361308704 1.4393074094894036
62699.0838 lsst_hardware_r -88.34027287270759 109.48999786376953 31.600000381469727 AB 2.210345737991119 1.3002033752888937
62700.0324 lsst_hardware_z 17.357588387580744 50.38999938964844 30.8700008392334 AB 3.8409573303184685 1.7371382038903111
62705.0322 lsst_hardware_z 65.10593777181099 48.13999938964844 30.889999389648438 AB 6.634052977940703 1.5784715813793955
62705.0483 lsst_hardware_r -17.123276230306292 25.709999084472656 31.43000030517578 AB 6.75809758349032 1.4314212514673699
62716.0728 lsst_hardware_r -21.73134914891499 24.959999084472656 31.5 AB 1.7936086645175324 1.1401866808395917
62716.0915 lsst_hardware_g -15.85313710149128 15.6899995803833 31.450000762939453 AB 1.8967155599410714 1.0861649591645361
62717.1217 lsst_hardware_u -2.330050053402327 2.799999952316284 28.450000762939453 AB 1.7235043757815391 1.028037205953796
62717.1398 lsst_hardware_g -20.49042352754456 15.789999961853027 31.479999542236328 AB 1.420663247768779 1.0129506222950295
62724.1031 lsst_hardware_z 172.48348426905744 90.43000030517578 31.0 AB 7.681171360996805 1.0274554550942656
62724.1213 lsst_hardware_r -230.36962957714255 129.00999450683594 31.670000076293945 AB 7.5846108845117275 1.012631626770591
62730.0859 lsst_hardware_i -53.46211741678285 40.27000045776367 31.299999237060547 AB 4.1821921991574715 1.028386844324621
62730.1032 lsst_hardware_z 65.33917292072312 46.9900016784668 30.969999313354492 AB 4.097809399940391 1.013556616359236
62732.9685 lsst_hardware_y 45.0315952308172 85.94999694824219 29.920000076293945 AB 3.7358507115413357 1.458841800797137
62732.9874 lsst_hardware_r 22.189075047958053 25.3799991607666 31.450000762939453 AB 3.37988272412286 1.3217726149413174
62734.1007 lsst_hardware_i 17.263950738001448 31.270000457763672 31.260000228881836 AB 2.484456754137959 1.0099417699747801
62734.1205 lsst_hardware_r 36.07762984841981 24.139999389648438 31.520000457763672 AB 2.506735408632351 1.01047481956358
62737.0811 lsst_hardware_u 3.977538774083436 2.799999952316284 28.479999542236328 AB 2.5458546081106306 1.0153971913892235
62737.1018 lsst_hardware_g 8.965937300679673 15.329999923706055 31.479999542236328 AB 2.847248171493878 1.008619278462776
62737.9716 lsst_hardware_y -9.462923933852537 71.70999908447266 29.979999542236328 AB 6.594644928492095 1.3353538379046461
62737.9887 lsst_hardware_u 1.292079419861092 2.9000000953674316 28.3700008392334 AB 5.970287581666345 1.238841641680001
62741.9745 lsst_hardware_y -42.49170121600827 70.55000305175781 29.989999771118164 AB 6.6369328351743455 1.2554097418362569
62741.9914 lsst_hardware_z 6.064830201477222 43.95000076293945 30.940000534057617 AB 6.200200530124469 1.1783719727826043
62745.0555 lsst_hardware_g -3.7168280212447597 15.470000267028809 31.479999542236328 AB 1.309148657959382 1.018132462443944
62745.073 lsst_hardware_r 23.724263550588823 24.1299991607666 31.520000457763672 AB 1.3005437534279678 1.0093471117019541
62750.9875 lsst_hardware_y 30.034173443175234 90.30000305175781 30.790000915527344 AB 2.3276150309842687 1.1083881099925088
62759.0282 lsst_hardware_i -93.80080471117164 31.489999771118164 31.270000457763672 AB 1.3004140176445522 1.0114705867082334
62759.0458 lsst_hardware_r 2.941119936563138 24.309999465942383 31.530000686645508 AB 1.205737504273201 1.008915002529699
62765.9984 lsst_hardware_y 23.746471924159742 47.4900016784668 30.059999465942383 AB 2.0926339889313277 1.0179418649793641
62766.0184 lsst_hardware_z -39.64095604721679 41.43000030517578 30.950000762939453 AB 2.578849151545609 1.0088736329969128
62770.0075 lsst_hardware_y 52.66702409173978 66.22000122070312 30.799999237060547 AB 3.4207438333580797 1.0088705760985293
62770.0344 lsst_hardware_r -43.483413751895014 34.68000030517578 32.27000045776367 AB 3.4202850902827233 1.0171347413608416
62774.9843 lsst_hardware_y 16.477062835902846 68.72000122070312 30.079999923706055 AB 2.946509987844656 1.0115614766303105
62775.0033 lsst_hardware_i 72.15232340272928 32.349998474121094 31.270000457763672 AB 6.150896804468825 1.00910194344965
62777.9863 lsst_hardware_y 31.171402071630745 77.75 30.079999923706055 AB 2.209933333228535 1.008794887353209
62778.0096 lsst_hardware_g 31.95557660581447 40.279998779296875 31.700000762939453 AB 2.4637457343168907 1.0150706863902592
62965.3266 lsst_hardware_z 13.995141471961338 64.69000244140625 30.920000076293945 AB 11.880438678271576 1.509329890523195
62965.3444 lsst_hardware_r -133.00895875417993 81.8499984741211 31.56999969482422 AB 9.83084052615134 1.3665332952670752
62968.3437 lsst_hardware_z 29.786463939093363 62.38999938964844 30.950000762939453 AB 8.932945108068937 1.3176245012209113
62968.3653 lsst_hardware_r 21.938619775548514 70.38999938964844 31.610000610351562 AB 8.161554177097162 1.204761174088371
62977.3308 lsst_hardware_i -63.11970996461272 34.29999923706055 31.239999771118164 AB 11.157272841619617 1.2519732759132176
62977.3481 lsst_hardware_z -31.967630846126674 44.31999969482422 30.940000534057617 AB 11.724005129735707 1.1741617556069812
62989.3402 lsst_hardware_i 19.77729180676209 32.470001220703125 31.25 AB 12.60116224477235 1.094159571473883
62989.3579 lsst_hardware_y 52.301274937745994 47.459999084472656 30.040000915527344 AB 12.087629149618145 1.0552733990674534
62995.2469 lsst_hardware_z 185.32702130846377 108.91000366210938 31.690000534057617 AB 12.486579514904177 1.489334388705201
62999.2115 lsst_hardware_r -65.19802114184512 79.4000015258789 32.209999084472656 AB 11.656467187078182 1.7614386702715745
62999.2362 lsst_hardware_z 22.632763663746044 81.83999633789062 31.670000076293945 AB 9.845056003698522 1.4873745363076627
63004.3208 lsst_hardware_g 4.163561228795219 15.479999542236328 31.469999313354492 AB 8.362416957129074 1.048524146967754
63004.3493 lsst_hardware_i 3.1007480000016936 31.280000686645508 31.260000228881836 AB 7.124467213981075 1.0154479180902483
63013.2647 lsst_hardware_r 8.60646474399136 24.670000076293945 31.510000228881836 AB 3.9282315791052222 1.1223518797443492
63013.2846 lsst_hardware_i -23.135125311982176 31.829999923706055 31.260000228881836 AB 3.747523977319105 1.0707211363768872
63015.2428 lsst_hardware_i -35.1469925113814 32.70000076293945 31.239999771118164 AB 10.497552080839977 1.1803401762497632
63015.262 lsst_hardware_z 19.41499834197784 42.79999923706055 30.950000762939453 AB 9.297226097647409 1.1140628811688058
63021.3251 lsst_hardware_z -0.49676843801638965 60.41999816894531 30.989999771118164 AB 12.158503458475613 1.008669608302287
63021.345 lsst_hardware_i -33.24579118960166 66.66000366210938 31.329999923706055 AB 12.287327254651766 1.0161534282709297
63034.3112 lsst_hardware_g 25.11340171476491 26.790000915527344 32.68000030517578 AB 3.870744947100263 1.0173899762392542
63034.3476 lsst_hardware_r -118.70045387626311 42.34000015258789 32.709999084472656 AB 3.5662020176331812 1.0685783113163416
63037.3093 lsst_hardware_i 0.7232188183782415 31.399999618530273 31.260000228881836 AB 3.6976206428069465 1.0228313711920738
63037.3289 lsst_hardware_z -28.49110783762943 41.849998474121094 30.950000762939453 AB 3.804379359039062 1.0487124944516388
63043.2752 lsst_hardware_z 116.21536756481234 41.290000915527344 30.950000762939453 AB 5.838098136930845 1.0108823231775252
63043.2961 lsst_hardware_r -28.04428023301092 24.34000015258789 31.520000457763672 AB 5.6471341839034865 1.026098697901969
63045.243 lsst_hardware_z -49.7825137729557 41.41999816894531 30.950000762939453 AB 6.152970628741554 1.0122098505024149
63045.2628 lsst_hardware_g 22.324970446955266 15.84000015258789 31.5 AB 5.799291356041597 1.0090111102290549
63047.2434 lsst_hardware_r 75.25610569433549 41.310001373291016 31.6200008392334 AB 3.3549473666835845 1.0099432656900482
63047.2635 lsst_hardware_z 22.442446809708184 45.0 30.969999313354492 AB 3.5251225797825914 1.0105946523338691
63062.1536 lsst_hardware_z -3.9717353095564505 60.13999938964844 31.700000762939453 AB 7.448397820944782 1.064918908775406
63062.1799 lsst_hardware_r 6.880211721007735 35.099998474121094 32.279998779296875 AB 6.559267754146119 1.024885586585331
63063.0428 lsst_hardware_g -11.313018348881506 15.319999694824219 31.25 AB 6.518850998794962 1.6829717946158547
63063.0609 lsst_hardware_i 51.19915426145624 34.79999923706055 31.190000534057617 AB 5.787413411226985 1.492466871569076
63069.1909 lsst_hardware_u 1.8942321042059207 2.8299999237060547 28.479999542236328 AB 5.456521523206619 1.008661320452268
63069.2102 lsst_hardware_g 15.75848749340208 15.989999771118164 31.489999771118164 AB 5.143034955184289 1.0137554733522474
63074.0728 lsst_hardware_r -60.96032332932038 31.549999237060547 31.520000457763672 AB 4.167220475505317 1.218752789502066
63074.0913 lsst_hardware_i 6.738675783677477 35.380001068115234 31.25 AB 3.4561580343289005 1.1446758780068438
63075.0583 lsst_hardware_i 23.03734080650454 39.63999938964844 31.25 AB 5.739995859066519 1.2783480625960102
63075.0792 lsst_hardware_z -16.838753499355857 46.290000915527344 30.950000762939453 AB 5.249898673013094 1.1794874574282397
63076.0475 lsst_hardware_r -91.77934843515371 49.959999084472656 31.56999969482422 AB 5.169591175106031 1.3259895284984689
63076.0661 lsst_hardware_z 9.459512880730484 50.5 30.950000762939453 AB 4.772186349511362 1.2245271392493764
63077.1466 lsst_hardware_z 3.9950216537469396 75.87999725341797 31.729999542236328 AB 5.6794290489344075 1.0179100365506601
63080.0521 lsst_hardware_i -13.447607399611261 136.22999572753906 31.309999465942383 AB 2.2636951035858828 1.2393622247938039
63080.0713 lsst_hardware_z -46.75526882651527 112.77999877929688 30.989999771118164 AB 2.1298034047304624 1.1575018503969905
63083.0607 lsst_hardware_z -11.032020870965887 87.0999984741211 31.719999313354492 AB 2.5662225074668217 1.1664647761212825
63092.0787 lsst_hardware_i 3.143686371611534 31.670000076293945 31.260000228881836 AB 3.5317959102874346 1.0516774838941219
63092.0936 lsst_hardware_r 17.841854102463056 24.34000015258789 31.520000457763672 AB 3.7978069442844467 1.0297973863159724
63095.0629 lsst_hardware_z 43.16183062121636 42.11000061035156 30.950000762939453 AB 4.175535301801429 1.0661394872466587
63095.0816 lsst_hardware_u -2.36030867329693 2.8399999141693115 28.5 AB 4.042749996840409 1.0346129230557943
63099.1022 lsst_hardware_u 3.4910706399459808 2.8499999046325684 28.520000457763672 AB 2.516742433846556 1.0097261519946061
63099.125 lsst_hardware_g 7.661039489987045 15.300000190734863 31.469999313354492 AB 1.821658384299595 1.0120324357219972
63100.9704 lsst_hardware_y -55.850169366734185 80.91999816894531 29.950000762939453 AB 1.9398341945823543 1.3855958532731103
63100.9884 lsst_hardware_u -3.8171215916027754 3.3299999237060547 28.459999084472656 AB 1.7812955894047435 1.2723539924319598
63102.0731 lsst_hardware_z 29.96420842836186 41.72999954223633 30.950000762939453 AB 2.6290198230362702 1.0224676025420594
63102.0918 lsst_hardware_r -12.882092954205028 26.010000228881836 31.530000686645508 AB 2.8556246006048105 1.0103934898203664
63108.0507 lsst_hardware_i -106.67142388833578 92.79000091552734 31.34000015258789 AB 4.280081418390873 1.028865725574729
63108.068 lsst_hardware_z 4.789506652315542 81.91000366210938 31.0 AB 4.236402620848369 1.0137966188089869
63110.0551 lsst_hardware_z 93.22892722037999 74.37999725341797 30.989999771118164 AB 1.2873776961436363 1.019032477158551
63110.0726 lsst_hardware_r 191.21388508269072 113.8499984741211 31.670000076293945 AB 1.2748046783286473 1.009612997620365
63113.0488 lsst_hardware_i -17.584777609048547 31.790000915527344 31.260000228881836 AB 1.5900535095204456 1.01752571001735
63113.0669 lsst_hardware_r 0.5295061672496958 42.38999938964844 31.6200008392334 AB 1.5943532888089351 1.0090843600056552
63121.0286 lsst_hardware_i -1.9822342823813686 31.209999084472656 31.260000228881836 AB 2.045584814124548 1.0163134090793928
63121.0488 lsst_hardware_z -75.61881753055883 41.099998474121094 30.950000762939453 AB 2.960099385523374 1.0086663058348617
63121.9835 lsst_hardware_y -74.99882425391566 56.40999984741211 30.049999237060547 AB 2.874697922386537 1.0784835574513363
63122.0005 lsst_hardware_u 2.03069104729411 2.880000114440918 28.5 AB 2.2307171776679464 1.0454444886551595
63123.0297 lsst_hardware_i 6.883391982373936 31.260000228881836 31.260000228881836 AB 1.4173177053530994 1.0123697895379282
63123.0486 lsst_hardware_u -1.5193416376151325 2.799999952316284 28.469999313354492 AB 1.205061049582843 1.0088413977254516
63134.9983 lsst_hardware_y -53.53267214763647 56.209999084472656 30.06999969482422 AB 3.056677511834099 1.0117261106610254
63135.0165 lsst_hardware_z 92.72193664000994 66.25 30.989999771118164 AB 3.303815347233617 1.0089269415142743
63135.9995 lsst_hardware_y -31.471448216334597 56.72999954223633 30.06999969482422 AB 2.213045115866653 1.0102153602560053
63136.0189 lsst_hardware_z -91.23155154807341 69.05999755859375 31.0 AB 3.1584795031771575 1.010066998137882
63141.9851 lsst_hardware_z -90.53255806535765 65.3499984741211 30.989999771118164 AB 2.5052611069729593 1.0096431113539601
63142.0056 lsst_hardware_g 20.194570387801082 16.31999969482422 31.5 AB 2.086954049953207 1.011161973571578
63143.9866 lsst_hardware_y -56.44092216519646 77.33999633789062 30.079999923706055 AB 3.289008696271066 1.0086405406402452
63144.0 lsst_hardware_i 5.344329884298325 32.88999938964844 31.270000457763672 AB 2.729986303055642 1.0111060381687562
