data/validation/pwv_sim_epoch_fit_epoch/28146327.ecsv
# %ECSV 0.9
# ---
# datatype:
# - {name: time, datatype: float64}
# - {name: band, datatype: string}
# - {name: flux, datatype: float64}
# - {name: fluxerr, datatype: float64}
# - {name: zp, datatype: float64}
# - {name: zpsys, datatype: string}
# - {name: pwv, datatype: float64}
# - {name: airmass, datatype: float64}
# meta: {SNID: '28146327', alt: 1024.0, c: -0.060792796313762665, dec: -43.605747, lat: -30.244573, lon: -70.7499537, ra: 288.400818,
#   t0: 62384.890625, x0: 4.101794087184742e-06, x1: -0.4423880875110626, z: 0.665099024772644}
# schema: astropy-2.0
time band flux fluxerr zp zpsys pwv airmass
62244.4122 lsst_hardware_g -6.646574070114177 16.739999771118164 31.520000457763672 AB 13.298358380531232 1.0296167531219742
62246.4073 lsst_hardware_z 38.713817364471296 41.58000183105469 30.959999084472656 AB 4.838357349727259 1.029437733984523
62246.4189 lsst_hardware_y -41.446424609343 54.689998626708984 30.06999969482422 AB 4.438160765202784 1.027589897013842
62248.4123 lsst_hardware_u 4.383982394031258 3.690000057220459 28.670000076293945 AB 6.2031964490556835 1.0276147517693768
62248.4239 lsst_hardware_y 41.779337642583684 67.0999984741211 30.06999969482422 AB 5.509710817838715 1.0289549585107163
62250.4003 lsst_hardware_r -14.059513722236304 23.079999923706055 31.5 AB 10.154333635924882 1.0284171298569318
62250.4132 lsst_hardware_z -74.42816750706864 42.349998474121094 30.950000762939453 AB 10.162619202687642 1.0279115848976037
62252.4113 lsst_hardware_z 49.96474221426256 42.04999923706055 30.950000762939453 AB 4.123766135312955 1.0285416034202584
62252.4222 lsst_hardware_y 69.32481403618864 58.150001525878906 30.059999465942383 AB 4.5669874029390645 1.0325542398686558
62254.4068 lsst_hardware_z -8.3373020571198 59.54999923706055 30.989999771118164 AB 5.176248501172231 1.0287684589431045
62254.4187 lsst_hardware_y 12.15924304596956 56.290000915527344 30.059999465942383 AB 6.187026715333874 1.033611591034477
62257.3833 lsst_hardware_z -68.35476285539896 65.93000030517578 30.989999771118164 AB 9.144456147528322 1.0280349047726727
62257.3959 lsst_hardware_i 66.18000444337176 72.75 31.34000015258789 AB 9.129039282109762 1.0281896981117569
62259.3887 lsst_hardware_z 29.400466339666245 56.5099983215332 30.979999542236328 AB 11.451201511622525 1.0279201249193632
62259.4011 lsst_hardware_r -49.316126444361146 66.36000061035156 31.649999618530273 AB 11.454894313998013 1.0315852290279732
62261.3916 lsst_hardware_y -37.442954793957206 48.220001220703125 30.049999237060547 AB 7.100263409868532 1.0299441640889488
62261.4029 lsst_hardware_g 51.30073459614757 34.720001220703125 31.68000030517578 AB 7.036257538454772 1.035632165601095
62264.3847 lsst_hardware_r -8.783221063514278 24.25 31.530000686645508 AB 10.914563325919028 1.0304210585567262
62264.397 lsst_hardware_i -48.029115241834425 31.200000762939453 31.260000228881836 AB 10.945964990550992 1.0372045158449987
62268.3429 lsst_hardware_u -5.673757502463473 4.059999942779541 29.31999969482422 AB 10.138919239317188 1.0310415822498071
62268.3598 lsst_hardware_r 1.7173488532408947 23.079999923706055 31.520000457763672 AB 10.111874627269724 1.0275947251722222
62270.3886 lsst_hardware_i 10.686888394833641 30.75 31.260000228881836 AB 8.45921813077392 1.0438109775762296
62270.401 lsst_hardware_z -11.404692225411253 41.63999938964844 30.959999084472656 AB 8.592029313491475 1.0576540946401225
62280.3306 lsst_hardware_i -23.25558831470472 30.420000076293945 31.25 AB 7.352213737149405 1.0278264270578483
62280.3441 lsst_hardware_z 34.46475767179336 40.91999816894531 30.950000762939453 AB 7.031299511294327 1.0317387397350444
62283.3075 lsst_hardware_z -40.76968150526545 100.56999969482422 31.75 AB 4.119059448562613 1.0290788096009194
62288.3108 lsst_hardware_r -58.8938710401246 67.26000213623047 31.649999618530273 AB 7.0764761055636605 1.0281092700223247
62288.3239 lsst_hardware_y 123.30098385823524 51.86000061035156 30.059999465942383 AB 7.0116610538490605 1.0325438426049078
62291.3022 lsst_hardware_g -10.874734509149473 26.229999542236328 31.6200008392334 AB 12.344237998676368 1.0280439724069563
62291.3154 lsst_hardware_r -12.001360583893792 30.850000381469727 31.559999465942383 AB 12.437677524201282 1.0323865967380321
62302.2976 lsst_hardware_r -22.869207009848587 23.280000686645508 31.5 AB 12.174803615482704 1.0405815055968124
62302.3102 lsst_hardware_i -28.964634729152404 31.010000228881836 31.260000228881836 AB 12.32443630021709 1.0533706239501788
62304.3033 lsst_hardware_z -8.078774826667955 41.599998474121094 30.950000762939453 AB 4.077449254041312 1.0516795496721278
62306.2967 lsst_hardware_u -0.03128148218544765 2.9000000953674316 28.56999969482422 AB 3.1779358240557936 1.0503836800712711
62306.3075 lsst_hardware_g -0.6582803966177964 14.789999961853027 31.459999084472656 AB 3.294773164127185 1.0642032183873336
62308.2906 lsst_hardware_r -25.802525491921358 23.420000076293945 31.489999771118164 AB 3.4347920280573665 1.0496728636434767
62308.3037 lsst_hardware_z -108.39769866740207 41.900001525878906 30.940000534057617 AB 3.158495329628952 1.066638823536503
62310.278 lsst_hardware_r -118.29759706199073 67.48999786376953 31.649999618530273 AB 3.955268440526571 1.0425290769503417
62310.2907 lsst_hardware_y 12.014586064198214 51.34000015258789 30.040000915527344 AB 3.9986167038109794 1.0562516607759918
62312.2236 lsst_hardware_z 32.84976051835672 121.38999938964844 31.75 AB 4.532246610405215 1.0307002354665455
62314.2229 lsst_hardware_z 11.699455037187219 86.66000366210938 31.0 AB 7.441557182715597 1.02907124311546
62314.235 lsst_hardware_r 197.16990272418846 128.38999938964844 31.670000076293945 AB 7.498879616394135 1.0276191690655219
62315.2175 lsst_hardware_i -91.28896890689154 88.80000305175781 31.34000015258789 AB 6.281428083288048 1.0299111466286617
62315.2295 lsst_hardware_z 33.71691136303349 76.19999694824219 31.0 AB 6.19752941535651 1.0276122393229432
62323.2086 lsst_hardware_i -35.89237975586408 30.860000610351562 31.25 AB 4.517812749382552 1.0275930284050172
62323.2211 lsst_hardware_u -4.354291471987677 2.809999942779541 28.510000228881836 AB 4.52634030837212 1.029532652876658
62327.1879 lsst_hardware_r 27.184142652334536 23.309999465942383 31.5 AB 9.346359687709214 1.0289381502404535
62327.2011 lsst_hardware_i 3.7405751918975367 30.790000915527344 31.25 AB 9.350073956052046 1.0277159374639242
62328.1893 lsst_hardware_z 2.5195612871058515 41.130001068115234 30.940000534057617 AB 8.034745148883387 1.0280635686581145
62328.201 lsst_hardware_u 3.183626756710389 2.690000057220459 28.420000076293945 AB 8.0307151570508 1.0280192644130723
62330.1924 lsst_hardware_g 8.118953874138017 14.569999694824219 31.440000534057617 AB 6.320652203479212 1.0276786998408474
62330.2039 lsst_hardware_r -26.01449469102112 23.40999984741211 31.510000228881836 AB 6.426690017841372 1.030193430591724
62332.1918 lsst_hardware_i 8.50479489436454 30.8700008392334 31.25 AB 6.581227600719903 1.0283168126124849
62332.2041 lsst_hardware_z 66.05474272756813 41.380001068115234 30.950000762939453 AB 6.609394332243326 1.0327178644130197
62343.1321 lsst_hardware_r 123.10190453603016 120.37999725341797 31.65999984741211 AB 9.450165795989927 1.0341141294706333
62343.1437 lsst_hardware_z 132.447896942971 79.76000213623047 31.0 AB 9.49284170528949 1.029080811811499
62345.1382 lsst_hardware_y -4.775352401052099 51.31999969482422 30.049999237060547 AB 3.807641061928118 1.0290921788994913
62345.1503 lsst_hardware_r 40.86018655353371 71.30000305175781 31.649999618530273 AB 3.8021972890510694 1.0276208889327214
62347.1351 lsst_hardware_i -58.667813420672836 41.68000030517578 31.299999237060547 AB 5.702020822714219 1.0285030344001116
62347.1471 lsst_hardware_z 50.138747501330776 46.970001220703125 30.969999313354492 AB 5.713645215569638 1.0277726699770002
62348.1358 lsst_hardware_r -11.860846142503037 30.729999542236328 31.56999969482422 AB 3.803260642985417 1.0279082818879506
62348.1462 lsst_hardware_g 30.675227518297604 25.56999969482422 31.6200008392334 AB 3.80357693202219 1.0279937654114026
62351.1266 lsst_hardware_r -24.453789336074593 23.1200008392334 31.510000228881836 AB 1.8873310294019114 1.0280514004912817
62351.1386 lsst_hardware_i 24.672424708006083 30.670000076293945 31.260000228881836 AB 1.8612609473004202 1.028084297703339
62352.1273 lsst_hardware_z -5.000745150448835 40.99529820033935 30.950000762939453 AB 1.4413142048343184 1.0276750123595852
62352.1392 lsst_hardware_i -73.83765950192179 30.56105016978865 31.25 AB 1.4668464088977238 1.0287642844402505
62354.1139 lsst_hardware_r 17.826095149740645 23.144502642575485 31.5 AB 2.003153787397397 1.0290173565397587
62354.126 lsst_hardware_u 2.1991950650214482 2.7899561171274256 28.469999313354492 AB 2.1458694459046397 1.0276332249523374
62356.1134 lsst_hardware_g 4.194309978316845 14.379929588714422 31.450000762939453 AB 4.523132738137922 1.0279847132131639
62356.1246 lsst_hardware_r -16.890387390328502 23.28055951198945 31.510000228881836 AB 4.523335334469919 1.0280307578340724
62362.1112 lsst_hardware_r 61.4310379912705 25.402105705489966 31.5 AB 3.7076736532485475 1.0285997882090525
62362.1221 lsst_hardware_i 90.62137406360466 32.680066618063066 31.25 AB 3.750767143581345 1.0326765107944509
62364.102 lsst_hardware_z 285.7992571921624 44.43665393038685 30.950000762939453 AB 5.291073738612363 1.0279252179663962
62364.1135 lsst_hardware_i 224.29465878179238 36.71144140987391 31.270000457763672 AB 5.28341668357176 1.0311788465757128
62367.1017 lsst_hardware_r 533.5070882783452 75.7432938379863 31.65999984741211 AB 2.23960337699263 1.0297816125339703
62367.1122 lsst_hardware_i 488.91726072061385 65.07624154977408 31.329999923706055 AB 2.2733152727706663 1.034814629893331
62369.0503 lsst_hardware_r 713.7634176537701 104.40877693338271 31.65999984741211 AB 3.170519521873058 1.0420770819629945
62369.0624 lsst_hardware_i 527.2422304996594 85.70721704067385 31.34000015258789 AB 3.2360261834577644 1.0333789504894666
62371.0553 lsst_hardware_z 434.65356815855483 76.14097074740252 31.0 AB 2.19302536210746 1.0343239533580757
62371.0674 lsst_hardware_r 969.0855548834508 112.36586886924667 31.65999984741211 AB 2.2327643085523374 1.0290421977426054
62380.052 lsst_hardware_g 310.5047154343038 23.040274339759737 31.440000534057617 AB 1.2872672956084168 1.027621577122206
62380.063 lsst_hardware_r 1389.9443436412025 43.53080470242462 31.5 AB 1.3235924286320762 1.02883204712948
62382.0391 lsst_hardware_r 1336.302680098105 43.48314481282079 31.489999771118164 AB 1.8146296783053726 1.0286044468429132
62382.0513 lsst_hardware_i 1272.341468999176 46.683043941103065 31.25 AB 1.4885325261433962 1.0277554841036107
62389.0337 lsst_hardware_i 1247.2643655553702 46.438818425803646 31.260000228881836 AB 3.309657480175817 1.0279237456870307
62389.0451 lsst_hardware_z 787.7403622085203 50.30813968422181 30.950000762939453 AB 3.196481916440945 1.0311231988519176
62390.0354 lsst_hardware_r 1120.3736418808944 41.18374784541701 31.510000228881836 AB 2.0429450491224377 1.0287595715261961
62390.0469 lsst_hardware_u 0.5016071301998818 2.8250311616273907 28.459999084472656 AB 2.4690252181461054 1.0333531883982028
62396.0256 lsst_hardware_z 900.9507696403471 62.965188846795726 30.979999542236328 AB 1.6260803093890872 1.030959143692558
62399.0224 lsst_hardware_z 857.0703284470998 65.47248160269898 30.979999542236328 AB 6.467335480299607 1.0333958157602567
62399.0346 lsst_hardware_r 890.00284221952 85.32358426012257 31.649999618530273 AB 6.509175673824539 1.0421906933593221
62401.0144 lsst_hardware_i 929.2966711645557 70.70424123400683 31.329999923706055 AB 2.671694875890478 1.0320737352139369
62401.0269 lsst_hardware_z 776.2174627380613 64.86512552197166 30.979999542236328 AB 2.69291422607193 1.0402707543414615
62403.0174 lsst_hardware_r 560.4990132640546 60.57032343253287 31.639999389648438 AB 2.9249563424400624 1.0371572634383532
62403.0306 lsst_hardware_z 630.6798900553134 58.52912610235049 30.969999313354492 AB 2.9863845507459255 1.0490198058940845
62614.3634 lsst_hardware_z -85.66219385982318 77.91000366210938 31.729999542236328 AB 5.952445255575045 1.0588556466431542
62614.3773 lsst_hardware_y 30.652214856832366 72.73999786376953 30.809999465942383 AB 5.9278297946118865 1.0432646593825918
62618.3964 lsst_hardware_i 9.1470779699469 31.270000457763672 31.25 AB 1.4389583439655433 1.0278273885468168
62618.4073 lsst_hardware_y 59.19545765194664 47.13999938964844 30.049999237060547 AB 1.439394342075038 1.0281388157678844
62620.406 lsst_hardware_g 5.389053566425888 14.539999961853027 31.420000076293945 AB 12.891298233466959 1.0290810436231308
62620.4184 lsst_hardware_y -34.4276377269661 49.56999969482422 30.040000915527344 AB 11.900906083355267 1.0346139908591656
62623.3881 lsst_hardware_z -21.48614499488648 41.189998626708984 30.959999084472656 AB 10.685911115351585 1.027590260154975
62623.4007 lsst_hardware_u -3.2431674852192827 2.9200000762939453 28.600000381469727 AB 10.663979568843187 1.0300044657607714
62625.3916 lsst_hardware_g -3.822950002305512 14.390000343322754 31.450000762939453 AB 9.22628405203164 1.0288771153109404
62625.4045 lsst_hardware_r 53.76254633622248 23.25 31.520000457763672 AB 9.214982184877009 1.0344614037805353
62627.3908 lsst_hardware_i -39.30033892421768 30.559999465942383 31.25 AB 2.767866359587319 1.0303830096183597
62627.4033 lsst_hardware_z -35.14493735714564 41.209999084472656 30.950000762939453 AB 2.786412978881689 1.0372872885553053
62631.3824 lsst_hardware_i -4.552591528685433 30.639999389648438 31.260000228881836 AB 8.068075813648313 1.0314374721814186
62631.3949 lsst_hardware_u -1.2346631540322648 2.7699999809265137 28.489999771118164 AB 8.1287353111059 1.0391922925582437
62633.3835 lsst_hardware_g 15.665164126099727 14.180000305175781 31.43000030517578 AB 10.902992194632587 1.0349795618807487
62633.3954 lsst_hardware_r -13.774985973875955 22.979999542236328 31.5 AB 11.016829189176166 1.044397704808851
62637.3273 lsst_hardware_y -60.98237448071048 52.220001220703125 30.049999237060547 AB 3.8883454501148753 1.0337220391106938
62637.3389 lsst_hardware_r -79.49511211939553 79.19000244140625 31.649999618530273 AB 4.273317273042055 1.0288885890149155
62642.328 lsst_hardware_r 49.831653651872905 77.48999786376953 31.65999984741211 AB 6.824085114903969 1.0282656693896315
62642.3414 lsst_hardware_z -39.224816390698834 60.310001373291016 30.989999771118164 AB 7.253411061760773 1.0280748930020789
62644.3247 lsst_hardware_r -18.546998751095646 43.959999084472656 31.6200008392334 AB 2.373972511977287 1.0279162208173225
62644.3361 lsst_hardware_i -69.87233956239506 41.7400016784668 31.290000915527344 AB 2.4646156948529288 1.0281012388582675
62646.3068 lsst_hardware_z 35.90268172327044 41.939998626708984 30.950000762939453 AB 7.530809707246768 1.0316177681159957
62646.3201 lsst_hardware_i -10.383817778806513 32.59000015258789 31.260000228881836 AB 7.503022419678045 1.0278112903668555
62655.3005 lsst_hardware_r 11.744877439714227 22.90999984741211 31.5 AB 9.618965019572512 1.0275848644149785
62655.3123 lsst_hardware_i -28.166393343231064 30.489999771118164 31.25 AB 9.77186447771672 1.02964696040432
62657.2958 lsst_hardware_z -105.55930068337132 41.02000045776367 30.950000762939453 AB 6.561530985473789 1.0276075307112156
62657.3092 lsst_hardware_i -20.017772345576134 30.719999313354492 31.260000228881836 AB 6.518431141708485 1.0305005361960833
62675.2848 lsst_hardware_r 23.9951400906829 28.549999237060547 31.559999465942383 AB 3.96323611531093 1.0485213938826923
62675.2956 lsst_hardware_z -0.7041989744528778 42.720001220703125 30.950000762939453 AB 2.864388373824632 1.061802189728723
62676.2168 lsst_hardware_r 19.956167618630005 23.399999618530273 31.510000228881836 AB 4.218034344417264 1.0362447719978802
62676.2295 lsst_hardware_u 0.9675238856453128 2.75 28.459999084472656 AB 4.174697291254628 1.0297723954747742
62678.2238 lsst_hardware_g -3.309431260568311 14.699999809265137 31.440000534057617 AB 6.14068061610743 1.0298547544903247
62678.2361 lsst_hardware_r -16.441878871467804 23.43000030517578 31.5 AB 6.154230116523799 1.0275889324635183
62680.2209 lsst_hardware_i 10.968200575814022 30.739999771118164 31.25 AB 6.211630852861613 1.0290546039116626
62680.234 lsst_hardware_z -76.16176923777778 41.029998779296875 30.940000534057617 AB 6.212471308070968 1.0276616034194
62682.2187 lsst_hardware_r 19.653214608719736 23.5 31.520000457763672 AB 3.4143389494983905 1.028286294239696
62682.2298 lsst_hardware_u 3.333306850422983 2.8299999237060547 28.530000686645508 AB 3.4137228890069036 1.0277654339927293
