data/validation/pwv_sim_epoch_fit_epoch/28216221.ecsv
# %ECSV 0.9
# ---
# datatype:
# - {name: time, datatype: float64}
# - {name: band, datatype: string}
# - {name: flux, datatype: float64}
# - {name: fluxerr, datatype: float64}
# - {name: zp, datatype: float64}
# - {name: zpsys, datatype: string}
# - {name: pwv, datatype: float64}
# - {name: airmass, datatype: float64}
# meta: {SNID: '28216221', alt: 1024.0, c: -0.009766066446900368, dec: -37.544327, lat: -30.244573, lon: -70.7499537, ra: 188.261719,
#   t0: 61565.96484375, x0: 7.001077131325392e-05, x1: 0.833521842956543, z: 0.19819186627864838}
# schema: astropy-2.0
time band flux fluxerr zp zpsys pwv airmass
61412.269 lsst_hardware_r -6.883571307421896 24.670000076293945 31.43000030517578 AB 13.64561848014088 1.4474270464217323
61412.2911 lsst_hardware_i 10.714282431662498 33.08000183105469 31.219999313354492 AB 12.517898744524267 1.3058748581612727
61433.3709 lsst_hardware_z -108.82666484142587 79.61000061035156 31.739999771118164 AB 11.9248431949318 1.0087633029444263
61435.3102 lsst_hardware_r -56.024254749818205 33.56999969482422 31.59000015258789 AB 11.679764278677817 1.0453327616116903
61435.3297 lsst_hardware_g 36.66684131984118 27.799999237060547 31.649999618530273 AB 11.439107065928042 1.0223072582267378
61435.3698 lsst_hardware_r 4.754841827448746 33.84000015258789 31.600000381469727 AB 11.51298589460516 1.00954205871584
61435.382 lsst_hardware_y -16.853610351967227 77.37000274658203 30.079999923706055 AB 10.718534525934185 1.0145323734911675
61439.3604 lsst_hardware_u 1.5772442940507543 3.009999990463257 28.6299991607666 AB 10.774692455151753 1.0099380542852983
61439.3729 lsst_hardware_y 73.22738031412064 50.15999984741211 30.06999969482422 AB 10.835489534174032 1.0156367119453258
61441.3486 lsst_hardware_g 22.731187839883212 13.779999732971191 31.440000534057617 AB 7.047123642394283 1.0087133501369523
61441.3615 lsst_hardware_r -10.446404678929191 22.479999542236328 31.510000228881836 AB 6.997669080052044 1.0123820478705712
61446.3407 lsst_hardware_u 1.1786622225026946 2.740000009536743 28.510000228881836 AB 3.447720195986272 1.009778442639736
61446.3529 lsst_hardware_g -6.877475693309827 13.640000343322754 31.43000030517578 AB 3.467367889666977 1.0150869645280245
61449.2242 lsst_hardware_i 13.272156701164912 31.399999618530273 31.239999771118164 AB 5.794213731879381 1.1580706992430474
61449.242 lsst_hardware_z -98.70071612706643 41.97999954223633 30.940000534057617 AB 5.518497930227316 1.1054683353820745
61453.2201 lsst_hardware_g -0.060444446982183285 38.58000183105469 31.649999618530273 AB 5.24483618719268 1.1362296766015147
61453.2402 lsst_hardware_i 2.2549155888743497 39.04999923706055 31.280000686645508 AB 4.936759643936919 1.08369216198811
61455.3387 lsst_hardware_r -19.78008316694272 49.95000076293945 31.639999389648438 AB 3.170647654358413 1.0229270561177835
61455.3511 lsst_hardware_z 107.23729429657082 48.63999938964844 30.969999313354492 AB 3.3059066712596525 1.0364697597678858
61457.2306 lsst_hardware_y -134.13458253328523 79.63999938964844 30.799999237060547 AB 5.976582447696448 1.0808051806494776
61457.3289 lsst_hardware_r -5.404034157853796 96.44000244140625 31.670000076293945 AB 6.597050000601389 1.0192691971882457
61457.3408 lsst_hardware_y 58.64332229919369 55.5099983215332 30.059999465942383 AB 5.95403652873513 1.030630196102727
61459.3307 lsst_hardware_z 92.57237651506746 67.77999877929688 30.989999771118164 AB 11.301174728915575 1.025701100827335
61459.3406 lsst_hardware_r -87.65794340714041 93.94000244140625 31.65999984741211 AB 10.212668884993287 1.0370121902546956
61461.2933 lsst_hardware_r -48.47358794630363 73.83999633789062 31.65999984741211 AB 9.077849556773447 1.0086499507526052
61461.3043 lsst_hardware_i -37.06094266971999 62.720001220703125 31.34000015258789 AB 9.101468242192196 1.0112742491324662
61463.3333 lsst_hardware_r 40.600869043079896 44.66999816894531 31.6200008392334 AB 6.429082046883484 1.0419061740350837
61463.3451 lsst_hardware_z 8.091953927247543 47.29999923706055 30.959999084472656 AB 5.516197277693985 1.0608071687873049
61469.2838 lsst_hardware_i 24.842669766801013 29.790000915527344 31.239999771118164 AB 10.482517545554195 1.0118260179106366
61469.2964 lsst_hardware_r 1.3959348997020944 22.100000381469727 31.489999771118164 AB 9.946013212573757 1.0194765490543005
61473.273 lsst_hardware_r -26.63138358340807 22.209999084472656 31.5 AB 7.9414771940474855 1.0118787237979485
61473.2844 lsst_hardware_i -2.8363047572390716 30.0 31.25 AB 7.99839530726032 1.018644333578777
61475.1152 lsst_hardware_i -20.01824677055042 32.720001220703125 31.209999084472656 AB 10.041799806551984 1.3277535113780043
61475.1359 lsst_hardware_z -52.03256077969423 43.70000076293945 30.93000030517578 AB 9.399724004945428 1.224241209292189
61478.2737 lsst_hardware_u -1.3851662772725197 2.690000057220459 28.459999084472656 AB 11.109446426868786 1.0210028040102734
61478.286 lsst_hardware_g 28.802822851284756 13.779999732971191 31.420000076293945 AB 11.25333248239542 1.0336011464886747
61480.2575 lsst_hardware_g 23.963944080713823 13.670000076293945 31.420000076293945 AB 7.603536049230219 1.013624606633961
61480.2698 lsst_hardware_r -13.495607229125461 22.3799991607666 31.5 AB 7.688942172834049 1.0223524218726714
61486.1669 lsst_hardware_i -34.745848894209686 93.27999877929688 31.34000015258789 AB 4.969004110354394 1.0516410815564854
61486.1848 lsst_hardware_z -156.06221029916114 78.43000030517578 31.010000228881836 AB 4.934330103470289 1.0278069995077568
61488.0998 lsst_hardware_r 174.80646233652396 122.58999633789062 31.6200008392334 AB 6.721798006413144 1.2268666698652102
61488.1184 lsst_hardware_i -188.50312361334622 97.2300033569336 31.329999923706055 AB 6.331583741911183 1.155802742792251
61488.2269 lsst_hardware_r 16.46875612656294 115.8499984741211 31.670000076293945 AB 5.970600239434041 1.0100259793787145
61488.2407 lsst_hardware_i -194.56245087188253 93.1500015258789 31.350000381469727 AB 6.027548800342439 1.0166786461839266
61493.2006 lsst_hardware_z 11.945970678075536 43.7599983215332 30.969999313354492 AB 6.606754065526008 1.0085877513969939
61493.2116 lsst_hardware_g 13.877822683566382 32.70000076293945 31.690000534057617 AB 6.718642339716464 1.0095883703147783
61498.0795 lsst_hardware_r 5.256864039777474 23.5 31.469999313354492 AB 7.435233001203029 1.1978786855490622
61498.0972 lsst_hardware_u -2.161771053628626 2.680000066757202 28.3799991607666 AB 8.046325074047818 1.1363528408682129
61498.2035 lsst_hardware_r 4.945288990211434 22.639999389648438 31.5 AB 6.360823930448741 1.011366959473512
61498.2147 lsst_hardware_u -1.5175188768756076 2.6600000858306885 28.43000030517578 AB 7.318995357109824 1.0175871195147368
61500.0718 lsst_hardware_g 2.9230833920648998 14.079999923706055 31.360000610351562 AB 9.43153665187697 1.206837630463779
61500.089 lsst_hardware_r -15.299085253887396 23.25 31.479999542236328 AB 8.051077721672263 1.1448657707264913
61502.0775 lsst_hardware_i -10.048706293349507 31.760000228881836 31.229999542236328 AB 12.69269898550032 1.164895281341806
61502.0955 lsst_hardware_z -14.431013028055999 42.29999923706055 30.940000534057617 AB 11.420377056845707 1.1101576777064286
61502.2042 lsst_hardware_i 25.719142233791032 30.299999237060547 31.25 AB 10.259835379542046 1.0178913021024898
61502.2168 lsst_hardware_z 25.25605915401876 40.93000030517578 30.950000762939453 AB 8.879578406157625 1.0293671533004058
61504.1887 lsst_hardware_z -13.147694393499973 40.65999984741211 30.950000762939453 AB 8.035278903150406 1.0120317268365384
61504.2006 lsst_hardware_r 23.368907960763032 22.770000457763672 31.510000228881836 AB 8.078666937078507 1.0192936866641653
61510.1404 lsst_hardware_z 49.96792092454887 44.060001373291016 30.959999084472656 AB 10.695794655857057 1.0120606834118016
61510.1525 lsst_hardware_r -43.74551421777586 36.91999816894531 31.610000610351562 AB 10.690540912178138 1.0087319222662898
61512.1348 lsst_hardware_i 6.9491692448224 53.34000015258789 31.329999923706055 AB 14.796562236561542 1.0121229128023452
61512.1468 lsst_hardware_r 21.783159048009573 61.86000061035156 31.65999984741211 AB 14.767890167810599 1.0087586352929665
61519.1259 lsst_hardware_z 106.15750412157833 54.880001068115234 30.979999542236328 AB 9.648715898453663 1.009007248576866
61519.1388 lsst_hardware_r -73.65224322638419 68.76000213623047 31.65999984741211 AB 9.77542124030954 1.0091972786719647
61523.123 lsst_hardware_r -7.726661498318735 22.549999237060547 31.5 AB 2.3313458439647636 1.008585699314241
61523.1347 lsst_hardware_z -53.25625486149856 40.66999816894531 30.950000762939453 AB 2.1195589049408103 1.0111595316565842
61524.9765 lsst_hardware_y -66.61438440123617 50.31999969482422 29.950000762939453 AB 15.055124325810347 1.340517117383128
61524.9948 lsst_hardware_r -23.5817076708187 23.31999969482422 31.459999084472656 AB 13.929591585288176 1.2446396055358013
61527.1175 lsst_hardware_u 0.05662749617458313 2.7300000190734863 28.489999771118164 AB 9.08208250208704 1.0093071867479577
61527.1307 lsst_hardware_g 3.5372720715186006 14.010000228881836 31.440000534057617 AB 7.562606836911267 1.0144795434955196
61529.1129 lsst_hardware_r 12.008439400149083 22.649999618530273 31.510000228881836 AB 11.91306997746839 1.0094966509167351
61529.1254 lsst_hardware_i 28.297550390208972 30.25 31.260000228881836 AB 10.230446335297783 1.0145729494022695
61534.1006 lsst_hardware_u -0.5741984693625386 2.6700000762939453 28.450000762939453 AB 8.585625696212281 1.0098360028478337
61534.1132 lsst_hardware_g 4.004729698289858 13.789999961853027 31.43000030517578 AB 8.726084984532985 1.0154482138712266
61541.968 lsst_hardware_z 9.36067427137616 69.12000274658203 30.979999542236328 AB 12.149869911902533 1.1658745267508728
61541.9881 lsst_hardware_r 69.28585747731292 89.45999908447266 31.639999389648438 AB 11.578473905800472 1.1054227181707972
61542.0546 lsst_hardware_z 120.60488118574696 91.63884269959797 31.739999771118164 AB 8.974655072324055 1.011399681334767
61544.9669 lsst_hardware_y -142.5664838528421 62.73329484980068 30.030000686645508 AB 8.659678135466004 1.1424377487422168
61544.9879 lsst_hardware_z -0.31755672586261957 77.54549715080303 30.989999771118164 AB 8.183235215738508 1.0861740397847468
61545.9639 lsst_hardware_y -128.0227155228055 59.019263124077376 30.020000457763672 AB 8.079209415443732 1.1432843512420794
61545.9813 lsst_hardware_i 605.6488978306201 82.14478821535106 31.329999923706055 AB 7.8360136539726275 1.095180105377027
61547.967 lsst_hardware_y 50.72566690163584 49.90260142515981 30.020000457763672 AB 2.081711091969544 1.1179973641084269
61547.989 lsst_hardware_r 2149.241657818388 63.61119041108001 31.610000610351562 AB 2.025396462868064 1.0668403807576483
61549.9631 lsst_hardware_y 599.8257380816965 53.23920469677025 30.020000457763672 AB 5.208091156471965 1.1137324044847827
61549.9829 lsst_hardware_g 3338.3280299013513 60.034079551403174 31.40999984741211 AB 5.040398912829816 1.0680696972268726
61550.0357 lsst_hardware_i 3125.434768909431 62.96351732555898 31.25 AB 4.77691041203236 1.0103448418004146
61550.0492 lsst_hardware_r 4235.451074933599 68.59022581315105 31.489999771118164 AB 4.889949305933749 1.008583562585145
61554.0765 lsst_hardware_i 6976.126698066341 87.27313062532262 31.260000228881836 AB 9.952479531785196 1.0312648790804027
61563.0064 lsst_hardware_i 12997.521656131645 117.13329624664489 31.260000228881836 AB 4.5431266474401815 1.008911092036588
61563.0196 lsst_hardware_r 18557.796212612673 137.4596473312183 31.510000228881836 AB 4.705378219663493 1.0093948521775848
61572.0131 lsst_hardware_z 11433.642499237014 137.69461571463404 31.739999771118164 AB 9.314501272899802 1.017922657002328
61574.0083 lsst_hardware_z 5349.386282893776 96.2959756046744 30.989999771118164 AB 5.117086781898359 1.018410173028946
61574.0204 lsst_hardware_r 19167.224542455864 166.64911002155696 31.65999984741211 AB 5.23117071294866 1.0295891185071988
61577.9903 lsst_hardware_i 9880.894488821388 103.76943390245012 31.25 AB 5.109256157823547 1.0138418807071232
61578.0032 lsst_hardware_u 103.20945424064205 10.029241027313565 28.420000076293945 AB 3.1574104741117806 1.02325066677491
61579.9904 lsst_hardware_g 8198.42463815496 91.34368801411046 31.40999984741211 AB 4.7220188005256825 1.017311052177885
61580.0029 lsst_hardware_r 12745.992955470549 115.66763777982416 31.489999771118164 AB 4.162351520847923 1.0283759162070223
61584.9905 lsst_hardware_u 66.25607783991528 7.759423468213365 28.459999084472656 AB 3.9756564967846764 1.0297405128732164
61585.0035 lsst_hardware_g 5138.906708207951 72.96788900807302 31.420000076293945 AB 4.767828062404592 1.0467623540717754
61796.3011 lsst_hardware_z -92.03064280853232 41.619998931884766 30.940000534057617 AB 13.122602539920582 1.083393398548648
61796.3194 lsst_hardware_r -10.187836237077834 22.56999969482422 31.479999542236328 AB 12.731062989872461 1.049032876555081
61796.362 lsst_hardware_u -2.2960284397769137 3.0299999713897705 28.479999542236328 AB 14.118894887970773 1.0101279372296175
61796.3751 lsst_hardware_y -6.8297883634106515 62.77000045776367 30.06999969482422 AB 12.52476642728992 1.008597715194872
61798.3015 lsst_hardware_g 0.13362452545792014 13.760000228881836 31.389999389648438 AB 12.531900885416261 1.0711026397791676
61798.3207 lsst_hardware_r -7.200615474361965 22.510000228881836 31.489999771118164 AB 12.158651993975077 1.039201025126075
61800.307 lsst_hardware_i -12.445045867467277 30.389999389648438 31.239999771118164 AB 11.705053716852857 1.0513836088074067
61800.3245 lsst_hardware_z -8.191417565335257 40.75 30.950000762939453 AB 11.444399959267821 1.0280632374477023
61800.3551 lsst_hardware_u 2.5503783549755643 2.690000057220459 28.43000030517578 AB 11.495948451536357 1.0091542166674197
61800.3667 lsst_hardware_z 18.538585710906318 41.86000061035156 30.950000762939453 AB 11.523561935451754 1.0088476196499674
61802.3607 lsst_hardware_r 26.297542637765815 22.6299991607666 31.520000457763672 AB 11.859214675277773 1.0087797444094737
61802.3727 lsst_hardware_y 30.477954649793787 50.310001373291016 30.06999969482422 AB 11.878863862221738 1.0122018799291441
61804.3118 lsst_hardware_r -14.162297303895006 22.549999237060547 31.489999771118164 AB 9.678401156256871 1.0300006551648966
61804.3322 lsst_hardware_i 4.232355188423273 30.079999923706055 31.25 AB 9.441721741329088 1.0133864700363946
61804.3632 lsst_hardware_z 2.822092624080527 40.790000915527344 30.950000762939453 AB 10.766289134664753 1.0106028599497578
61804.3754 lsst_hardware_y -31.95185104426012 50.34000015258789 30.059999465942383 AB 10.305610786203776 1.016833822023066
61809.2304 lsst_hardware_r -34.85054935562767 58.040000915527344 31.600000381469727 AB 8.447844153730081 1.1871897159475462
61809.2495 lsst_hardware_z -5.886595044502697 50.34000015258789 30.950000762939453 AB 7.965798130157119 1.124054298705154
61811.3423 lsst_hardware_i -69.68790850624293 64.72000122070312 31.34000015258789 AB 3.455856367872736 1.0100413175135865
61811.3537 lsst_hardware_r -91.19841813138717 80.4800033569336 31.65999984741211 AB 3.4712581095469828 1.0151609025555965
61813.2178 lsst_hardware_z 47.997472431788864 69.95999908447266 30.969999313354492 AB 6.978921338566545 1.193624127915375
61813.2373 lsst_hardware_r 275.16532153926465 97.51000213623047 31.639999389648438 AB 6.605970901570884 1.1277478350146617
61813.341 lsst_hardware_z -28.046852531067223 63.369998931884766 30.989999771118164 AB 6.248634633007575 1.011487827066457
61813.3526 lsst_hardware_r 177.55012029824528 89.31999969482422 31.65999984741211 AB 6.273476605483956 1.0180909778454976
61815.3038 lsst_hardware_z 62.10732188312028 60.5099983215332 30.979999542236328 AB 2.609746780838961 1.0125763505583139
61815.315 lsst_hardware_r -152.57420210350847 77.9800033569336 31.65999984741211 AB 2.5305919554775764 1.0090079567295378
61821.2183 lsst_hardware_z 44.148991263118496 42.20000076293945 30.940000534057617 AB 3.6948299686563026 1.1196454450473645
61821.2387 lsst_hardware_r 19.062976843362897 22.559999465942383 31.489999771118164 AB 3.5347006508680554 1.0711214093539563
61825.2183 lsst_hardware_r 30.21540025301537 22.6200008392334 31.489999771118164 AB 9.086331549509273 1.0916479304990814
61825.2381 lsst_hardware_i 12.208600368723234 30.350000381469727 31.25 AB 8.891525560277888 1.052438368974124
61827.3323 lsst_hardware_i 2.601334990883824 30.079999923706055 31.25 AB 6.820246277535737 1.0359867763345423
61827.3447 lsst_hardware_z 1.595818970084245 41.09000015258789 30.940000534057617 AB 7.141511635580538 1.0541754573150104
