data/validation/pwv_sim_epoch_fit_epoch/28224487.ecsv
# %ECSV 0.9
# ---
# datatype:
# - {name: time, datatype: float64}
# - {name: band, datatype: string}
# - {name: flux, datatype: float64}
# - {name: fluxerr, datatype: float64}
# - {name: zp, datatype: float64}
# - {name: zpsys, datatype: string}
# - {name: pwv, datatype: float64}
# - {name: airmass, datatype: float64}
# meta: {SNID: '28224487', alt: 1024.0, c: -0.020337486639618874, dec: -34.048595, lat: -30.244573, lon: -70.7499537, ra: 167.695312,
#   t0: 61107.6015625, x0: 4.188358152957005e-06, x1: 0.9812803268432617, z: 0.6594426035881042}
# schema: astropy-2.0
time band flux fluxerr zp zpsys pwv airmass
[from data line 132]
61435.2257 lsst_hardware_r -0.3660704977546477 29.040000915527344 31.559999465942383 AB 13.43197884230973 1.0961897858250598
61437.2283 lsst_hardware_z 43.61099315545476 41.310001373291016 30.950000762939453 AB 13.543665388035711 1.0768526397643103
61437.2459 lsst_hardware_r 4.55475464894966 22.6299991607666 31.5 AB 13.033808659854213 1.0432263059413076
61439.2097 lsst_hardware_i -6.215479285263194 30.81999969482422 31.25 AB 9.996393508815643 1.1097650344686691
61439.2285 lsst_hardware_u -1.56350224972618 2.7799999713897705 28.530000686645508 AB 9.606981298475542 1.0648000848053611
61441.2055 lsst_hardware_g -7.142128731585814 13.550000190734863 31.40999984741211 AB 7.650011766429101 1.1062923740316848
61441.2235 lsst_hardware_r 4.7747369342865085 22.309999465942383 31.5 AB 5.69172067329473 1.063873023045744
61444.2058 lsst_hardware_i 34.348275701564106 30.510000228881836 31.25 AB 9.853437183501764 1.0846626628446516
61444.2243 lsst_hardware_r -4.811356583097 22.15999984741211 31.489999771118164 AB 7.456402226402387 1.0473087928463585
61446.2023 lsst_hardware_u 0.3215564426068295 2.640000104904175 28.399999618530273 AB 3.5005686855416713 1.0800890729841712
61446.2211 lsst_hardware_g -9.117808212364302 13.529999732971191 31.420000076293945 AB 4.4910994842545575 1.043592304927282
61449.1226 lsst_hardware_z -13.712822475284998 45.130001068115234 30.920000076293945 AB 4.710189939375834 1.3777856686941792
61449.1437 lsst_hardware_r -49.84456153042981 23.010000228881836 31.459999084472656 AB 4.649481894879156 1.2559095720551683
61451.1234 lsst_hardware_z 50.40920247964897 47.529998779296875 30.920000076293945 AB 1.9767263915395514 1.3376595442663182
61451.1417 lsst_hardware_r 12.71343591050394 31.43000030517578 31.530000686645508 AB 3.6495283426810228 1.239228639280483
61453.1168 lsst_hardware_i 30.802318253235764 46.5 31.25 AB 3.1677582418876447 1.3446920266953593
61453.1363 lsst_hardware_z 103.72941005845718 49.81999969482422 30.940000534057617 AB 3.708572488573208 1.238944038498791
61455.1197 lsst_hardware_r 15.94296438193803 77.36000061035156 31.59000015258789 AB 4.38699919551066 1.2956926002000475
61455.14 lsst_hardware_z -9.182768127506641 58.529998779296875 30.959999084472656 AB 3.6006908709125693 1.1986321141519871
61457.1161 lsst_hardware_y 1.596825135267368 61.33000183105469 29.989999771118164 AB 5.90997961234663 1.2855700131994265
61457.1352 lsst_hardware_r -137.43238638226222 112.23999786376953 31.6299991607666 AB 6.032949088111639 1.1959261428485946
61459.1213 lsst_hardware_i 122.45885269790503 82.77999877929688 31.299999237060547 AB 8.12228671351264 1.2325169519746089
61459.142 lsst_hardware_z -12.294644239429308 71.9800033569336 30.979999542236328 AB 9.296864098384596 1.1501749472206602
61463.1095 lsst_hardware_r -0.4717402811824735 32.869998931884766 32.20000076293945 AB 8.297516202565221 1.2365895979977974
61463.1298 lsst_hardware_i 63.36170020997593 51.560001373291016 32.0099983215332 AB 8.931172998789087 1.1545695816416635
61465.1155 lsst_hardware_z 17.2833132241845 42.81999969482422 30.940000534057617 AB 4.814316517756162 1.1873275831447467
61465.1352 lsst_hardware_i 21.100213162299898 30.780000686645508 31.239999771118164 AB 4.571287933386568 1.1198190340227578
61467.1079 lsst_hardware_u -0.6717180461357286 2.5399999618530273 28.260000228881836 AB 6.9398874695654795 1.1959137462632223
61467.1272 lsst_hardware_g 9.19289051245548 13.779999732971191 31.389999389648438 AB 5.437060029055333 1.1274359832152065
61469.1136 lsst_hardware_r -28.36212306268027 22.93000030517578 31.469999313354492 AB 11.890380843090172 1.1539391032517756
61469.1343 lsst_hardware_i -0.8578740657673443 30.719999313354492 31.229999542236328 AB 11.226618426065594 1.0925706265989792
61473.1087 lsst_hardware_g 16.349661056193572 13.760000228881836 31.3700008392334 AB 11.61321995447381 1.1340204530404325
61473.1295 lsst_hardware_r 3.865973258818244 22.649999618530273 31.479999542236328 AB 10.249638619085164 1.0780015375562741
61475.11 lsst_hardware_i 18.92903409594254 31.09000015258789 31.239999771118164 AB 8.461406325987193 1.1137337213917857
61475.1305 lsst_hardware_z 53.63197540991072 41.5099983215332 30.950000762939453 AB 8.04193496513235 1.064217242849451
61478.1131 lsst_hardware_i 32.33736144259352 30.729999542236328 31.239999771118164 AB 13.963525265844332 1.084356152582584
61478.1349 lsst_hardware_z 8.661040598678863 41.0099983215332 30.950000762939453 AB 11.606723709105893 1.041740347862917
61480.1022 lsst_hardware_g 3.0639756692432716 28.18000030517578 31.6200008392334 AB 7.830304095226193 1.0978344332599457
61480.1238 lsst_hardware_r -27.212795948061977 29.770000457763672 31.559999465942383 AB 7.590450489170468 1.0511148203245664
61482.0955 lsst_hardware_i 34.06162072078544 44.61000061035156 31.299999237060547 AB 8.965249597511095 1.1010776625024827
61482.1118 lsst_hardware_r 73.32635577054306 48.529998779296875 31.6299991607666 AB 8.56587842261678 1.063390760388136
61486.095 lsst_hardware_z -154.81580394484905 116.98999786376953 31.75 AB 5.695868780925109 1.0757747634585113
61491.0768 lsst_hardware_z 5.709095140493157 46.349998474121094 30.959999084472656 AB 6.852126871541519 1.086274158907434
61491.094 lsst_hardware_r -0.010979613623145562 41.290000915527344 31.610000610351562 AB 6.760751370751526 1.050703453376568
61493.0796 lsst_hardware_u -7.743409327982368 2.880000114440918 28.579999923706055 AB 7.210860385596669 1.0678010344434412
61493.0978 lsst_hardware_g 4.752312087948737 14.109999656677246 31.459999084472656 AB 7.1201951452450425 1.035953559694709
61495.0731 lsst_hardware_r 50.178562462687566 22.90999984741211 31.510000228881836 AB 5.110490393651607 1.0699796689142334
61495.0911 lsst_hardware_z 40.30679545165557 41.060001373291016 30.950000762939453 AB 5.388997189993509 1.0377592277929952
61498.0741 lsst_hardware_r 7.01353795518918 22.610000610351562 31.5 AB 6.386731155824793 1.052093098727378
61498.0917 lsst_hardware_u 1.6505700731400266 2.7699999809265137 28.520000457763672 AB 7.159141012923281 1.026032391676553
61500.0668 lsst_hardware_g 3.3026536541351548 13.760000228881836 31.399999618530273 AB 8.247892132661816 1.0554262302264037
61500.0839 lsst_hardware_r -39.14346503044503 22.469999313354492 31.489999771118164 AB 7.190013680472165 1.028908654904416
61501.9936 lsst_hardware_y -4.332546034661193 50.5 29.959999084472656 AB 14.507759289672485 1.283597987717009
61502.0129 lsst_hardware_g 0.25982353306680483 13.859999656677246 31.360000610351562 AB 12.732355703559717 1.1936210465510246
61505.9879 lsst_hardware_y -25.56635888733348 50.22999954223633 29.989999771118164 AB 3.666533525068635 1.2567381405548022
61506.0052 lsst_hardware_i -26.025255780667287 31.579999923706055 31.239999771118164 AB 2.088611644532819 1.1808961427814657
61511.982 lsst_hardware_y 92.83422001725465 55.72999954223633 30.0 AB 17.241028782437898 1.2085397996942044
61511.9987 lsst_hardware_i 18.10401122199398 57.72999954223633 31.309999465942383 AB 16.36289496795029 1.1454198290539561
61513.9913 lsst_hardware_z 95.78148450416779 107.48999786376953 31.739999771118164 AB 10.75061871335974 1.1519754309418586
61518.9773 lsst_hardware_y 182.7407666910747 49.88999938964844 30.010000228881836 AB 11.094073982880948 1.1531702076691386
61518.9956 lsst_hardware_z -22.722537348163222 41.900001525878906 30.940000534057617 AB 10.568806489095088 1.098124370040964
61520.9751 lsst_hardware_y -60.3058166192933 50.33000183105469 30.020000457763672 AB 15.40136473283019 1.14219554530037
61520.9928 lsst_hardware_u -2.296212687361532 2.5999999046325684 28.3700008392334 AB 14.603565624131765 1.0913657891138004
61522.9752 lsst_hardware_y 34.84872936761223 49.02000045776367 30.010000228881836 AB 1.1525221461519037 1.1246861636029064
61522.9939 lsst_hardware_r 40.79961069513562 22.440000534057617 31.479999542236328 AB 1.1630860401583534 1.0759352822928034
61524.9717 lsst_hardware_y -0.5643966067261837 50.2400016784668 30.030000686645508 AB 12.477151038885786 1.118859755392538
61524.9899 lsst_hardware_r 15.35496164094584 22.260000228881836 31.479999542236328 AB 12.113806394092368 1.0727302540706103
61528.9705 lsst_hardware_y 18.2797863421796 49.31999969482422 30.030000686645508 AB 12.063674789614419 1.0925015091683687
61528.9904 lsst_hardware_i -5.5226985154195605 30.100000381469727 31.25 AB 11.510038421178475 1.050425591711474
61530.9697 lsst_hardware_y -111.2290356054786 49.5099983215332 30.040000915527344 AB 7.813669044375797 1.0812771406950226
61530.9898 lsst_hardware_r -27.341826558140323 22.170000076293945 31.489999771118164 AB 7.053557077043204 1.0423462504866565
