data/validation/pwv_sim_epoch_fit_epoch/28236911.ecsv
# %ECSV 0.9
# ---
# datatype:
# - {name: time, datatype: float64}
# - {name: band, datatype: string}
# - {name: flux, datatype: float64}
# - {name: fluxerr, datatype: float64}
# - {name: zp, datatype: float64}
# - {name: zpsys, datatype: string}
# - {name: pwv, datatype: float64}
# - {name: airmass, datatype: float64}
# meta: {SNID: '28236911', alt: 1024.0, c: -0.0908261239528656, dec: 2.836105, lat: -30.244573, lon: -70.7499537, ra: 82.265625, t0: 62459.5625,
#   x0: 7.2383076761198985e-06, x1: 0.590807318687439, z: 0.526085376739502}
# schema: astropy-2.0
time band flux fluxerr zp zpsys pwv airmass
62412.3747 lsst_hardware_z 44.17298132771919 65.02999877929688 31.690000534057617 AB 3.4826984665347105 1.2009305057016244
62415.3671 lsst_hardware_g 3.0292782133968847 14.869999885559082 31.389999389648438 AB 7.483257930171711 1.2004424191170788
62415.3865 lsst_hardware_y 52.27681313142372 66.26000213623047 30.010000228881836 AB 6.931706652630801 1.193989605138369
62417.3617 lsst_hardware_i -5.747313248670412 32.619998931884766 31.229999542236328 AB 5.153687707802983 1.2003930996435521
62417.3798 lsst_hardware_y -8.289827677374891 54.18000030517578 30.0 AB 4.766445955872732 1.1938499576387558
62419.3618 lsst_hardware_i 35.292089512969994 32.130001068115234 31.229999542236328 AB 3.589996298475806 1.1966654328252686
62419.3798 lsst_hardware_y -16.734788247477027 57.91999816894531 30.0 AB 3.833042932109032 1.1950250762615844
62421.3619 lsst_hardware_g -23.121053509801897 14.680000305175781 31.3799991607666 AB 6.5807121019745205 1.1944661366120706
62421.3807 lsst_hardware_y -39.84326560481683 64.23999786376953 30.0 AB 7.102370880934624 1.1982405040380089
62428.3525 lsst_hardware_r -28.873298724730823 23.729999542236328 31.479999542236328 AB 4.54055211049453 1.1942535798249685
62428.3711 lsst_hardware_y -24.4703924571135 56.97999954223633 30.0 AB 4.590130014642783 1.2068174088715744
62431.2766 lsst_hardware_z -31.415363530617437 69.7101945540859 30.959999084472656 AB 3.7105614872685804 1.298761458616934
62431.2916 lsst_hardware_y -57.32491372214616 57.30856895763726 29.989999771118164 AB 3.5725308905448654 1.2530799335481035
62439.3195 lsst_hardware_z 319.2753288430613 49.912535829076155 30.950000762939453 AB 5.292229985949924 1.1938258483983588
62439.3364 lsst_hardware_g 205.08674495294767 36.77493735119069 31.610000610351562 AB 5.9011743579669345 1.2020317133284086
62452.2722 lsst_hardware_z 1246.7905420451095 55.28372794157142 30.93000030517578 AB 4.90523124556374 1.196397864771644
62452.2901 lsst_hardware_i 1649.4699280722207 51.65227729722732 31.229999542236328 AB 4.9001396553876635 1.1951560135091863
62455.271 lsst_hardware_z 1377.578234004263 56.60816055417656 30.940000534057617 AB 5.46933363855319 1.194047295830846
62455.2891 lsst_hardware_g 1056.3643574727657 35.71774482548969 31.3799991607666 AB 5.456008081277828 1.1990787329279868
62457.2577 lsst_hardware_y 419.8038441366125 54.93418519278703 29.989999771118164 AB 4.806329275908734 1.1968448082777507
62457.2767 lsst_hardware_r 2749.606668084512 69.76137134157904 31.579999923706055 AB 4.84115264553471 1.1952479579132689
62464.2612 lsst_hardware_r 2600.212797576355 114.95792130817667 31.6200008392334 AB 10.544941219227402 1.1969399505361271
62464.2808 lsst_hardware_i 2017.5670607732407 95.47856508903448 31.309999465942383 AB 10.523825938041156 1.2176008875739803
62467.2183 lsst_hardware_z 1357.6041189736886 62.09174249927214 30.940000534057617 AB 4.582451193412037 1.207152422912683
62467.237 lsst_hardware_i 1677.0017851711875 62.2325552803669 31.280000686645508 AB 4.51120440684288 1.1942828468520912
62472.2233 lsst_hardware_r 1725.4425457284829 47.6076077907772 31.469999313354492 AB 7.524036150839276 1.1942914525141708
62472.2432 lsst_hardware_u 1.546152527779341 2.810475707759386 28.309999465942383 AB 7.556528931869392 1.1994490368046653
62476.2257 lsst_hardware_i 1298.264413655769 48.703932647383155 31.229999542236328 AB 6.384449609984685 1.1955898146039432
62476.2453 lsst_hardware_z 1056.3914363017832 53.96971796675275 30.93000030517578 AB 6.525981044293881 1.2135151400295443
62478.2222 lsst_hardware_r 1234.6165436817023 42.12305377367015 31.479999542236328 AB 5.917959745914043 1.1965143036626624
62478.241 lsst_hardware_g 230.8464331879175 21.343030748721652 31.389999389648438 AB 6.117293859647545 1.2151954429176688
62480.2258 lsst_hardware_r 1056.931057033995 40.23134417872778 31.479999542236328 AB 11.207664322968766 1.203270692799853
62480.2439 lsst_hardware_i 1171.771752382043 46.71816373777883 31.229999542236328 AB 11.566759141722438 1.2294599427851232
62482.2259 lsst_hardware_z 713.1626843797488 51.81222806137743 30.93000030517578 AB 15.196735819788804 1.2094737913439726
62482.244 lsst_hardware_i 1059.75327774238 45.4599023606169 31.219999313354492 AB 15.57819579458657 1.2411174373762188
62486.1896 lsst_hardware_y 208.0148030612318 54.05426306787467 30.0 AB 12.284371708921343 1.1937540251013063
62486.2084 lsst_hardware_r 770.4744765973101 62.892175101700644 31.59000015258789 AB 12.493843341186352 1.2023029435754424
62494.1614 lsst_hardware_z 766.397596064318 64.63309041743533 30.959999084472656 AB 7.505609098603565 1.1947801812485186
62494.1822 lsst_hardware_i 618.280161227977 66.65066564579516 31.299999237060547 AB 7.695842562582028 1.1987604915883632
62496.1629 lsst_hardware_u 4.3608670767812105 10.31948115388464 29.709999084472656 AB 8.297189713397513 1.1937543649230822
62496.1843 lsst_hardware_g 200.53925783484559 63.90818324140388 32.380001068115234 AB 8.511316988245808 1.205512061032809
62502.1295 lsst_hardware_r 278.3363194946746 28.654632260036667 31.469999313354492 AB 8.362595645415425 1.2004633334121086
62502.1513 lsst_hardware_g 43.824493805481914 15.771014036647625 31.3700008392334 AB 8.317759404280125 1.1944179527273846
62506.1276 lsst_hardware_z 516.3581298060707 48.71263708985203 30.93000030517578 AB 13.573085139132603 1.1951294478412082
62506.1483 lsst_hardware_i 341.6901766958318 36.90663540191008 31.219999313354492 AB 13.552548313993327 1.1979888456823784
62511.1255 lsst_hardware_r 215.8674472697404 28.4114681758762 31.489999771118164 AB 9.950148323683614 1.1941372125632852
62511.1444 lsst_hardware_i 279.38866648618915 36.18659537317358 31.229999542236328 AB 10.063710780334274 1.2066799496803686
62513.0807 lsst_hardware_i 275.0972150251944 42.59166595115801 31.260000228881836 AB 4.660533173769468 1.2248444609118025
62513.1 lsst_hardware_z 467.1991470959738 50.88598547845472 30.940000534057617 AB 6.600165154359206 1.2000300280653102
62515.0818 lsst_hardware_r 246.73918893974985 62.08680666437306 31.600000381469727 AB 8.026233074166175 1.2142102150699559
62515.1003 lsst_hardware_z 400.6799472350759 58.11130428701798 30.959999084472656 AB 8.266517385700123 1.1963122121128977
62516.081 lsst_hardware_r 145.45535662708355 78.96039973776396 31.610000610351562 AB 7.22490242208338 1.2115204866409626
62516.0998 lsst_hardware_i 305.9880173228333 68.18936233580267 31.299999237060547 AB 6.479994697550388 1.1953136835644949
62520.0898 lsst_hardware_z 668.5969308341636 119.5840278495182 31.719999313354492 AB 4.635891005292442 1.1949712605470897
62522.0803 lsst_hardware_r 185.39357542832283 86.46321526238667 31.6200008392334 AB 14.400691439357614 1.196774800182073
62522.1007 lsst_hardware_i 156.91010783938884 71.93132985950187 31.299999237060547 AB 15.123291834562036 1.1958322483839248
62524.0867 lsst_hardware_z 583.3624723226966 73.46295426517385 31.690000534057617 AB 9.74199703932922 1.1937502754206992
62528.0714 lsst_hardware_i 215.59796179135364 34.8098982397356 31.229999542236328 AB 13.612317293631648 1.194062920494004
62528.0886 lsst_hardware_z 267.9819443707045 46.394017812477585 30.93000030517578 AB 13.759601722410938 1.1982236623289642
62530.071 lsst_hardware_i 160.99435508310958 34.874087389999445 31.219999313354492 AB 15.096578437413337 1.1937828908281938
62530.0898 lsst_hardware_u 1.6532641235919454 2.616154912648329 28.25 AB 13.787903644783965 1.2037631958079245
62532.037 lsst_hardware_y -22.803672590466544 55.125172470800976 30.0 AB 10.285296010382012 1.21193590067345
62532.0543 lsst_hardware_g 26.539087689178288 15.121474827343466 31.389999389648438 AB 10.870756760902703 1.1961002102550047
62534.0356 lsst_hardware_y 44.523621716322005 56.53119719186771 30.0 AB 8.091924536091854 1.2068492969562794
62534.0537 lsst_hardware_i 167.2494927889106 34.71788958706879 31.239999771118164 AB 8.002070436556748 1.1943388711278728
62536.035 lsst_hardware_z -10.730143002717567 47.810001373291016 30.940000534057617 AB 10.82170402759168 1.2018773908920126
62536.0529 lsst_hardware_u -1.0362719737154558 2.6600000858306885 28.309999465942383 AB 11.554372977239293 1.1937363385869346
62538.0341 lsst_hardware_y -19.49658182868229 54.29999923706055 30.010000228881836 AB 6.30184872810155 1.1982979136911107
62538.0527 lsst_hardware_r 26.03813695617489 23.639999389648438 31.469999313354492 AB 5.688595978269552 1.1943304594309367
62544.0277 lsst_hardware_y -61.257701558362115 59.72999954223633 30.010000228881836 AB 3.1797825688532297 1.1940602962272968
62544.0439 lsst_hardware_r 32.780332866350385 60.20000076293945 31.600000381469727 AB 2.5340624176648374 1.1975720310325317
62545.0267 lsst_hardware_y -50.46797877502396 63.91999816894531 30.010000228881836 AB 3.9087754072492067 1.1938229800710227
62545.0412 lsst_hardware_r -141.28164434112153 75.18000030517578 31.610000610351562 AB 3.9555419662625155 1.1975906041415463
62547.0338 lsst_hardware_z -11.961718953638242 100.33999633789062 31.729999542236328 AB 2.6083449897447966 1.196488527405884
62777.3558 lsst_hardware_i -1.8728198333150885 32.63999938964844 31.229999542236328 AB 3.55936904247623 1.227368635336631
62777.3737 lsst_hardware_y -86.41537269374331 49.7400016784668 29.989999771118164 AB 3.487045024086185 1.2024293186504087
62779.3481 lsst_hardware_g 7.06621362514922 14.819999694824219 31.3799991607666 AB 9.360994577468764 1.2317098128248374
62779.3664 lsst_hardware_y 16.342692591449197 49.66999816894531 29.989999771118164 AB 9.152081327384124 1.204221227287385
62784.3751 lsst_hardware_z -119.76175534754852 87.05000305175781 31.719999313354492 AB 3.808391070173853 1.1938530000544993
62788.3565 lsst_hardware_z -80.26238114420306 69.12000274658203 30.969999313354492 AB 6.45105047883988 1.1946389775629407
62788.3729 lsst_hardware_y 82.44621024454086 60.68000030517578 30.0 AB 6.460848861721632 1.1964534929114132
62790.3575 lsst_hardware_z 66.32378960318385 66.83999633789062 30.969999313354492 AB 8.716213385340348 1.1937837909067484
62790.3753 lsst_hardware_y 109.99581247958355 66.33999633789062 30.010000228881836 AB 9.37572803050997 1.202016414167945
62795.3518 lsst_hardware_r 48.87834742696362 27.280000686645508 31.510000228881836 AB 3.007256271013643 1.1955300729555645
62795.3687 lsst_hardware_y -134.94690337175228 55.34000015258789 30.0 AB 3.0488506348169198 1.2096613528783118
62797.2917 lsst_hardware_g -1.005088767042138 14.279999732971191 31.360000610351562 AB 3.959775273437813 1.2477628087088153
62797.3076 lsst_hardware_z 130.9759729796206 43.72999954223633 30.93000030517578 AB 3.8416756686772375 1.2164900787450474
62800.3197 lsst_hardware_z -33.78029960569317 43.54999923706055 30.940000534057617 AB 1.568627893225231 1.1962083578230027
62800.3375 lsst_hardware_r 3.5149288261832914 23.75 31.479999542236328 AB 2.86864720866804 1.19526967027835
62802.3213 lsst_hardware_u 0.9193397486790529 2.7799999713897705 28.420000076293945 AB 3.4028471154990156 1.1939814440347425
62802.3386 lsst_hardware_g 3.349346000609002 14.609999656677246 31.399999618530273 AB 4.068563296537621 1.1988400137126334
62808.3095 lsst_hardware_i 7.031970141662205 32.470001220703125 31.229999542236328 AB 5.730429539942454 1.1938394874880114
62808.328 lsst_hardware_r 9.677007257706634 24.09000015258789 31.479999542236328 AB 5.778064843849162 1.203763509135242
62816.2138 lsst_hardware_r 291.32310150878794 133.61000061035156 31.579999923706055 AB 3.0944013380544804 1.3334105162544445
62818.2681 lsst_hardware_i -59.61684861604234 88.18000030517578 31.309999465942383 AB 5.3813937587364675 1.1975507214754757
62818.2871 lsst_hardware_z 75.80845445753634 78.19000244140625 30.979999542236328 AB 5.318940307327387 1.1948199866703226
62820.2356 lsst_hardware_i 41.14255127883197 63.84000015258789 31.290000915527344 AB 9.018192838275056 1.232835658000482
62820.2533 lsst_hardware_z 126.12526941520693 61.130001068115234 30.959999084472656 AB 5.463116929526594 1.2054317027549803
62821.2975 lsst_hardware_z -39.308950046685865 53.540000915527344 30.950000762939453 AB 5.951957146699921 1.2093786745302402
62821.318 lsst_hardware_r 19.898369103591843 57.09000015258789 31.59000015258789 AB 6.092744256264765 1.246517589671339
62828.2641 lsst_hardware_z 43.56287142204612 43.75 30.93000030517578 AB 7.163152691040343 1.1966509674307289
62828.2835 lsst_hardware_u -0.33506196099302893 2.569999933242798 28.239999771118164 AB 7.34508207274722 1.2164759974738688
62830.255 lsst_hardware_g -12.643717196202786 14.529999732971191 31.399999618530273 AB 7.769737207310368 1.195037765800108
62830.2746 lsst_hardware_r 23.489660396328215 23.889999389648438 31.479999542236328 AB 7.953288553369774 1.2115450668414762
62834.2177 lsst_hardware_i -79.17956411302276 32.5 31.229999542236328 AB 6.072169564629647 1.2027670723243828
62834.2364 lsst_hardware_u 1.0658995082850449 2.6700000762939453 28.329999923706055 AB 5.892424028431058 1.193764997656211
62837.2208 lsst_hardware_z -22.855336074259583 43.83000183105469 30.93000030517578 AB 7.530190461999936 1.1952683273015772
62837.2401 lsst_hardware_g 0.5478295286209507 14.760000228881836 31.389999389648438 AB 7.540845910637469 1.1969596683551538
62839.2219 lsst_hardware_r -53.45363673926266 37.529998779296875 31.559999465942383 AB 5.233615353015723 1.1937991224943778
62839.24 lsst_hardware_i 10.349741553563574 38.63999938964844 31.260000228881836 AB 5.279386107713178 1.200679123882915
62850.1905 lsst_hardware_z -4.490755033976123 51.18000030517578 30.950000762939453 AB 9.511622794682962 1.193925900579673
62850.208 lsst_hardware_i 73.70517616582926 48.04999923706055 31.280000686645508 AB 9.553372893609959 1.199142231951178
62852.1641 lsst_hardware_u 1.518853802202252 2.7799999713897705 28.420000076293945 AB 11.341666944925668 1.2074809104379935
62852.1836 lsst_hardware_g -25.86721914684867 22.309999465942383 31.540000915527344 AB 10.259353366338917 1.1941630573361173
62856.1611 lsst_hardware_z -11.08346767171716 43.939998626708984 30.940000534057617 AB 4.928987087341749 1.1997777855149392
62859.1651 lsst_hardware_g 10.892206326352488 14.859999656677246 31.399999618530273 AB 7.47114140866489 1.194045294656367
62859.1852 lsst_hardware_r -21.714250092849884 24.290000915527344 31.479999542236328 AB 7.75819166379972 1.2005093549315426
62862.1258 lsst_hardware_r -39.602355613687095 24.290000915527344 31.469999313354492 AB 5.9823690944578045 1.223576027909762
62862.1469 lsst_hardware_i 7.771537265697937 32.4900016784668 31.229999542236328 AB 5.852053920406851 1.1982092384125411
62864.1257 lsst_hardware_z 66.04474221078148 43.90999984741211 30.940000534057617 AB 8.666442586277233 1.2149218578892436
62864.1448 lsst_hardware_i 27.767730094259736 32.31999969482422 31.239999771118164 AB 8.488461600615866 1.1962600024355887
62867.127 lsst_hardware_z -22.71153267944305 65.72000122070312 31.690000534057617 AB 8.38268981092134 1.2033271527220257
62867.1483 lsst_hardware_g -27.98837169230593 38.63999938964844 32.33000183105469 AB 8.312169645038848 1.1938029856011008
62869.1287 lsst_hardware_r -36.11309056590446 58.59000015258789 31.600000381469727 AB 4.60096175392961 1.197621332447351
62869.1504 lsst_hardware_i 5.547438551818057 52.38999938964844 31.280000686645508 AB 4.604318878009512 1.1957716862769803
62871.1371 lsst_hardware_z -112.30295880553822 100.18000030517578 31.719999313354492 AB 13.535991115149722 1.193781599836818
62875.1238 lsst_hardware_i 76.51542074911485 100.19000244140625 31.309999465942383 AB 7.845459712679103 1.1937704979730832
62875.1451 lsst_hardware_z 4.619400884439784 86.25 30.969999313354492 AB 7.704073236856878 1.2037614432588872
62880.0815 lsst_hardware_z -37.87346126540787 43.709999084472656 30.93000030517578 AB 8.048686362333086 1.2156759222645601
62880.1013 lsst_hardware_i 18.16201654377566 31.959999084472656 31.229999542236328 AB 8.113162934637353 1.1961612347116208
62886.0772 lsst_hardware_z -3.1981556004408 43.61000061035156 30.940000534057617 AB 9.956581862888411 1.2013975098507885
62886.0969 lsst_hardware_u -4.0769153852877125 2.7100000381469727 28.3799991607666 AB 9.173440345259733 1.1938365883992363
62888.0822 lsst_hardware_g -2.4728956134992455 14.15999984741211 31.360000610351562 AB 12.906058072846795 1.1950053771154439
62888.1025 lsst_hardware_r 18.840654519269474 23.530000686645508 31.459999084472656 AB 13.303001718836423 1.1979290156538913
62890.0778 lsst_hardware_i 33.63180311390656 31.959999084472656 31.229999542236328 AB 15.438872002729772 1.1946586193666278
62890.0988 lsst_hardware_z -75.89025155343128 43.40999984741211 30.93000030517578 AB 15.577595488183405 1.1991374952414604
62894.0379 lsst_hardware_y 84.93548679877979 55.560001373291016 29.989999771118164 AB 13.550261370101182 1.2244949728990766
62894.0557 lsst_hardware_g 22.21118339421227 17.06999969482422 31.450000762939453 AB 13.998401751566028 1.2010984227976802
62896.0377 lsst_hardware_y -16.64242081025371 55.20000076293945 30.0 AB 13.141077385891737 1.2158376597406366
62896.0569 lsst_hardware_i 14.755186180374746 37.9900016784668 31.260000228881836 AB 13.240633287791518 1.1965148461767139
62909.0278 lsst_hardware_y 45.28546523978013 55.93000030517578 30.010000228881836 AB 3.1020683108877147 1.1941748919110926
62909.0446 lsst_hardware_z 71.17458166401113 43.400001525878906 30.93000030517578 AB 2.3959429121005322 1.1975722652952296
62911.0266 lsst_hardware_y 40.51064577989178 57.279998779296875 30.010000228881836 AB 3.009988426023686 1.1937292984428658
62911.0445 lsst_hardware_u -0.7173799608891854 2.6500000953674316 28.290000915527344 AB 3.0576317090242724 1.2015843760902303
62913.0256 lsst_hardware_y 29.709187079932036 57.04999923706055 30.010000228881836 AB 3.401715029259431 1.1942127538211098
62913.042 lsst_hardware_r 0.7183398751147885 23.959999084472656 31.479999542236328 AB 2.890607982734711 1.2044199928061297
