data/validation/pwv_sim_epoch_fit_epoch/28486735.ecsv
# %ECSV 0.9
# ---
# datatype:
# - {name: time, datatype: float64}
# - {name: band, datatype: string}
# - {name: flux, datatype: float64}
# - {name: fluxerr, datatype: float64}
# - {name: zp, datatype: float64}
# - {name: zpsys, datatype: string}
# - {name: pwv, datatype: float64}
# - {name: airmass, datatype: float64}
# meta: {SNID: '28486735', alt: 1024.0, c: -0.14897076785564423, dec: 2.985506, lat: -30.244573, lon: -70.7499537, ra: 344.707031, t0: 60915.15234375,
#   x0: 1.3811402707624455e-05, x1: -1.9614793062210083, z: 0.40122082829475403}
# schema: astropy-2.0
time band flux fluxerr zp zpsys pwv airmass
60845.4287 lsst_hardware_z 57.80452341531848 49.90999984741211 30.950000762939453 AB 3.1569829619660963 1.2052236675975536
60850.3434 lsst_hardware_g 18.054648402314747 15.680000305175781 31.389999389648438 AB 4.353034687035108 1.2721042360378079
60850.3705 lsst_hardware_r 47.558357159004686 25.329999923706055 31.489999771118164 AB 4.139027021651905 1.2150677461609918
60853.3377 lsst_hardware_i -45.64156006425282 47.81999969482422 31.979999542236328 AB 9.108199620213725 1.265027725029684
60853.364 lsst_hardware_r -14.511610080877233 25.3799991607666 31.489999771118164 AB 8.732704930257121 1.2128756847579334
60864.3303 lsst_hardware_i -89.10258373246599 53.93000030517578 31.290000915527344 AB 1.615566542128444 1.21784022272392
60864.3506 lsst_hardware_z -39.617950459366206 54.02000045776367 30.959999084472656 AB 1.7108076230129623 1.1990941811900908
60869.3219 lsst_hardware_z -7.734332646361928 77.23999786376953 30.969999313354492 AB 7.3869138340818825 1.21096948099703
60869.3419 lsst_hardware_r 267.9390632132254 107.30000305175781 31.6200008392334 AB 7.28179182391244 1.1976631289329671
60871.3248 lsst_hardware_i 107.23613980947458 85.37999725341797 31.299999237060547 AB 5.646927990223895 1.202967084727263
60871.3452 lsst_hardware_r 28.57548047714349 98.6500015258789 31.6200008392334 AB 4.369984580436418 1.1980766498797581
60876.3301 lsst_hardware_u -3.204537452986824 2.7300000190734863 28.31999969482422 AB 3.8747268517400117 1.1977517316043313
60876.3507 lsst_hardware_g -34.22005185476666 16.170000076293945 31.420000076293945 AB 3.3943114008992343 1.2122540717497265
60878.2931 lsst_hardware_g 34.817170994084414 15.020000457763672 31.3799991607666 AB 5.789451758954732 1.2163991509517242
60878.3153 lsst_hardware_r 11.634230949134087 24.450000762939453 31.469999313354492 AB 5.686838519575173 1.1981119813705199
60880.2883 lsst_hardware_i -34.18232348569848 33.0 31.229999542236328 AB 7.175759357955804 1.2154921770036509
60880.3095 lsst_hardware_z -75.49222678892812 44.25 30.940000534057617 AB 6.182751271112126 1.1982076106806445
60882.2865 lsst_hardware_i 5.893253805094286 32.599998474121094 31.229999542236328 AB 12.786000324521618 1.2108719292116883
60882.3086 lsst_hardware_u 1.5702352226059892 2.6500000953674316 28.299999237060547 AB 10.384049638466571 1.1974226981626583
60887.2885 lsst_hardware_i 30.893603641384782 32.70821377538708 31.229999542236328 AB 4.3016276987984625 1.1988372052947547
60887.3095 lsst_hardware_r 21.727496695464044 24.730609154636507 31.489999771118164 AB 4.057933644223302 1.2017572490296056
60889.28 lsst_hardware_z -5.606650302417275 44.036730678844556 30.93000030517578 AB 1.8015231638450366 1.2002152990306707
60889.3024 lsst_hardware_g -54.91202016693875 15.40905672956051 31.389999389648438 AB 1.655229567662956 1.2007468753449084
60892.2587 lsst_hardware_z -79.91497807749559 50.95215196844395 30.950000762939453 AB 0.5054842165440092 1.211466067211526
60892.2784 lsst_hardware_r -218.86935975346054 53.941911855050414 31.600000381469727 AB 0.5371181049043772 1.1978103064181684
60895.2543 lsst_hardware_i 5.910085297627037 120.2453646551391 32.060001373291016 AB 3.7387617479668167 1.207317913285482
60895.2738 lsst_hardware_z 347.5129925859084 104.92185798044281 31.719999313354492 AB 3.7534536135680416 1.1974011953109447
60898.2494 lsst_hardware_z 357.7710172214477 102.19286413339658 30.979999542236328 AB 7.730084445047946 1.2043131146210966
60898.2689 lsst_hardware_r 630.5233531828785 146.14135910757082 31.6200008392334 AB 7.852543577104276 1.1975817564593985
60900.2441 lsst_hardware_i 517.3734896505482 78.61913086851943 31.299999237060547 AB 4.223666224734724 1.2041813898032
60900.2626 lsst_hardware_r 1121.8478079490972 92.28350488012845 31.6200008392334 AB 4.071453742735726 1.1974863949222725
60903.2323 lsst_hardware_u 69.94750433172018 9.623451652813046 28.440000534057617 AB 5.3883813181235745 1.2074804074226497
60903.2533 lsst_hardware_g 1095.5855906152215 40.0766521162274 31.520000457763672 AB 5.399339754844878 1.1974141019800135
60905.249 lsst_hardware_r 2636.485316272916 57.549907154323826 31.489999771118164 AB 2.979266559154619 1.1974945138116897
60905.2678 lsst_hardware_i 1733.3597725972945 53.12846406330275 31.229999542236328 AB 3.592074452623714 1.208062930733011
60907.2169 lsst_hardware_z 1453.0472460451617 58.61738206766457 30.940000534057617 AB 2.1764445532444383 1.2125039293840882
60907.2345 lsst_hardware_r 3527.621839765514 63.38060702948449 31.489999771118164 AB 2.12956726736964 1.198630732102987
60911.217 lsst_hardware_g 2468.144156418338 53.418026961812494 31.399999618530273 AB 3.0698915301163496 1.2019935513377442
60911.2362 lsst_hardware_r 4377.255755800128 70.59646693723819 31.479999542236328 AB 3.069482587650444 1.1981585795265541
60931.1335 lsst_hardware_i 1935.693520471269 54.66098911263747 31.229999542236328 AB 4.528621365777138 1.2432728526498662
60931.1512 lsst_hardware_z 1352.0022610135925 56.605227015092616 30.940000534057617 AB 4.365314309545843 1.212727670206045
60933.1286 lsst_hardware_r 1585.18456630116 46.88896177193856 31.479999542236328 AB 1.735330742453586 1.2420356023762344
60933.1463 lsst_hardware_g 448.2249487159854 26.60582565271865 31.43000030517578 AB 1.6726127255699297 1.2120382069347317
60944.1055 lsst_hardware_i 1131.478397301468 46.40428405049495 31.219999313354492 AB 4.615050046958582 1.2282235653915057
60944.1256 lsst_hardware_z 868.291534322646 53.15001312663044 30.93000030517578 AB 3.4872727406736606 1.2029226425228219
60946.107 lsst_hardware_r 575.4975921463732 35.965997976959436 31.5 AB 5.571253197187521 1.2170508695523603
60946.1262 lsst_hardware_g 153.75706897571862 22.472073779835796 31.469999313354492 AB 5.181324218232579 1.1993574703186851
60949.1033 lsst_hardware_r 509.93404629427886 48.8977491646959 31.56999969482422 AB 7.641781097915417 1.2112187712982172
60949.1205 lsst_hardware_i 941.3652885225861 51.973480229374815 31.270000457763672 AB 7.565434151755285 1.1984213351250945
60951.1001 lsst_hardware_z 521.175638156542 66.60959176989157 30.959999084472656 AB 4.3174089437931675 1.2086811152837815
60951.119 lsst_hardware_i 795.1887375740464 70.35843419492643 31.299999237060547 AB 4.274097442809359 1.1975616258923663
60956.1026 lsst_hardware_r 71.24255500456216 108.87902879081435 31.6200008392334 AB 10.89889859922412 1.1980761349042672
60956.1222 lsst_hardware_i 473.55759351675283 89.36836472375528 31.309999465942383 AB 11.61426976654703 1.2025335829652721
60958.0684 lsst_hardware_i 553.1784264674636 39.916477182257736 31.219999313354492 AB 2.9967220689656173 1.2262383150645968
60958.0858 lsst_hardware_z 357.1351159570277 48.09839408318984 30.93000030517578 AB 3.8430484382693026 1.2041511634870918
60960.0681 lsst_hardware_r 279.66629007620423 29.77703494815585 31.469999313354492 AB 6.598115134741286 1.2180198695007374
60960.0866 lsst_hardware_g 85.07095784643039 17.595655786946512 31.399999618530273 AB 6.950643691327782 1.2000075431751702
60962.0716 lsst_hardware_r 303.09594151106944 29.71177718494081 31.489999771118164 AB 8.691187030348678 1.2071093097706496
60962.0904 lsst_hardware_i 443.51819037345666 38.47861023918031 31.229999542236328 AB 8.640540014995734 1.1974417389992933
60966.07 lsst_hardware_u 30.449331527214994 6.629682764956463 28.350000381469727 AB 6.746267839066435 1.2001188043880042
60966.0875 lsst_hardware_g 92.17789818880168 17.146713936513336 31.40999984741211 AB 10.547918187814524 1.1986270667971048
60969.0714 lsst_hardware_r 249.44454360566482 29.2042658656494 31.479999542236328 AB 3.41029745241474 1.1974359032355124
60969.0898 lsst_hardware_i 431.5769278293569 37.99386425429765 31.229999542236328 AB 3.2564652922816237 1.204982531834319
60971.0114 lsst_hardware_i 334.7454740457595 39.046253676984875 31.219999313354492 AB 5.0851550443013 1.2770354204673289
60971.0209 lsst_hardware_z 233.21962247110963 47.38957296515786 30.93000030517578 AB 4.959226790763316 1.2511452010755764
60973.0406 lsst_hardware_r 155.42995479874878 29.10838932644476 31.479999542236328 AB 4.378193624061369 1.2080830437291368
60973.0591 lsst_hardware_g 91.52203421114714 17.159212107754936 31.40999984741211 AB 4.558845867072659 1.197542804712401
60990.0151 lsst_hardware_y 26.1744776483398 58.2400016784668 30.0 AB 7.876606710752189 1.1974166480316495
60990.0325 lsst_hardware_r 12.192056169380226 24.989999771118164 31.479999542236328 AB 8.735578267874413 1.2050181535600164
61218.3444 lsst_hardware_z -122.080645999892 76.47000122070312 31.690000534057617 AB 8.997574065876554 1.2496630647050768
61219.4004 lsst_hardware_z 34.2554481164549 55.68000030517578 30.950000762939453 AB 6.229981628920245 1.201887070303884
61219.421 lsst_hardware_r 37.40094663938177 55.380001068115234 31.579999923706055 AB 6.198480038284484 1.2264503439422696
61221.379 lsst_hardware_i -19.983180246641776 72.37000274658203 31.299999237060547 AB 4.867256478189814 1.1976025781890052
61221.3982 lsst_hardware_z 19.97916301756923 65.44999694824219 30.959999084472656 AB 4.903985403042741 1.2043186156784726
61232.3342 lsst_hardware_r 47.000433726859 24.8799991607666 31.479999542236328 AB 11.295419797821276 1.2048233593523254
61232.3543 lsst_hardware_i 50.276935562592904 32.880001068115234 31.229999542236328 AB 11.24025968814475 1.1976516009850362
61234.3338 lsst_hardware_z 19.516625139184733 43.869998931884766 30.940000534057617 AB 7.278864507065701 1.2011327569415349
61234.3519 lsst_hardware_u -1.2125089246295657 2.759999990463257 28.3799991607666 AB 7.282516791579503 1.1983079406943018
61236.3349 lsst_hardware_g -14.214849805717009 15.180000305175781 31.389999389648438 AB 4.388577926221934 1.1982465327568421
61236.3554 lsst_hardware_r 11.022669862755627 24.690000534057617 31.469999313354492 AB 4.451889167214411 1.2028881835218619
61247.2886 lsst_hardware_r -4.6045747210417645 60.06999969482422 31.600000381469727 AB 12.920091056605102 1.209368897654144
61247.3083 lsst_hardware_i 85.49680088024402 51.279998779296875 31.280000686645508 AB 10.324819182062022 1.1975896050953476
61250.3042 lsst_hardware_z 42.19519422273945 106.68000030517578 31.719999313354492 AB 4.430955420596599 1.197555519080162
61252.2901 lsst_hardware_z 4.542657999678644 92.54000091552734 30.979999542236328 AB 4.2921843380394735 1.198599368343891
61252.311 lsst_hardware_r 41.24727229292747 136.35000610351562 31.6200008392334 AB 4.07308219491383 1.202385887797404
61254.294 lsst_hardware_i 136.19756913731948 100.58999633789062 31.309999465942383 AB 1.6353726401698703 1.1976364995751523
61254.3137 lsst_hardware_z -30.118088096089103 88.27999877929688 30.969999313354492 AB 1.6450842391931173 1.209769020119954
61257.2827 lsst_hardware_i -65.5833781931187 44.0 31.260000228881836 AB 0.34377679159372354 1.1974808415456262
61257.3041 lsst_hardware_z 8.866303856035264 49.650001525878906 30.940000534057617 AB 1.8617166919286148 1.2082531261840659
61259.2419 lsst_hardware_u 0.9727960184477134 2.680000066757202 28.31999969482422 AB 3.9229532196634347 1.229765899581014
61259.2629 lsst_hardware_g 13.476322353868733 15.140000343322754 31.399999618530273 AB 5.070910519826546 1.2029202988557814
61262.2534 lsst_hardware_r -11.942854468798975 24.530000686645508 31.469999313354492 AB 5.180806849517068 1.2039288559846504
61262.2734 lsst_hardware_i 0.8020523978311892 32.59000015258789 31.219999313354492 AB 5.151001400024544 1.1978376606068355
61267.244 lsst_hardware_g -19.549047012906133 15.199999809265137 31.40999984741211 AB 5.205642916246622 1.200978870976208
61267.2636 lsst_hardware_r 12.726380994614763 24.700000762939453 31.479999542236328 AB 5.63496825233394 1.1989294153902
61275.2159 lsst_hardware_z -10.652963594969261 101.08999633789062 32.459999084472656 AB 2.477401169484035 1.2056457958395417
61277.2025 lsst_hardware_r -60.801587644521334 79.2699966430664 31.610000610351562 AB 4.731434537487176 1.214433916192807
61277.2227 lsst_hardware_i 71.91873532598736 65.43000030517578 31.299999237060547 AB 4.063694974841055 1.1983471284518874
61279.1911 lsst_hardware_z 18.507554041722155 187.1300048828125 32.4900016784668 AB 2.697911827757608 1.2231729610507518
61285.1928 lsst_hardware_g -21.942883841312252 46.68000030517578 31.639999389648438 AB 3.0377147896949506 1.202301443858287
61285.2105 lsst_hardware_r 41.645128004174474 52.150001525878906 31.59000015258789 AB 2.628337340849256 1.1978294819866724
61287.1683 lsst_hardware_r -0.7290283108375385 25.15999984741211 31.479999542236328 AB 1.8371446710973214 1.224763114064881
61287.187 lsst_hardware_i 26.46208193566952 32.86000061035156 31.229999542236328 AB 1.8038098795367998 1.2025399196911999
61298.1248 lsst_hardware_i -32.914807839126176 33.59000015258789 31.229999542236328 AB 1.3056091745986167 1.2525831543961075
61298.1421 lsst_hardware_z 21.772242084700064 44.709999084472656 30.93000030517578 AB 1.6739013591394025 1.2187123109860958
61300.1283 lsst_hardware_r 2.6920030705101974 27.229999542236328 31.510000228881836 AB 0.6616649011231329 1.2329159648276153
61300.147 lsst_hardware_z 54.21275571285032 44.439998626708984 30.940000534057617 AB 0.828288454896187 1.206245322665804
61304.1468 lsst_hardware_i -21.604597914431032 48.0099983215332 31.280000686645508 AB 5.407381631406714 1.1991089103906671
61304.1662 lsst_hardware_z -18.031957667003265 51.47999954223633 30.950000762939453 AB 5.383059451669515 1.2006377722024124
61308.1034 lsst_hardware_z 161.90974640622002 109.6500015258789 30.979999542236328 AB 6.251462945367327 1.2390993912393213
61308.1239 lsst_hardware_r -82.76978097377184 157.6699981689453 31.6200008392334 AB 6.103325400025537 1.2074634792981147
61310.1043 lsst_hardware_i 104.78248400758868 119.2300033569336 31.299999237060547 AB 4.016342340044223 1.2268323299104156
61310.1222 lsst_hardware_z -218.88887790768203 100.30999755859375 30.979999542236328 AB 3.8760827713346337 1.2040640242304705
61312.1031 lsst_hardware_r 12.03105875310191 73.25 31.610000610351562 AB 4.5429139011423585 1.219874394452993
61312.1208 lsst_hardware_z -70.04743079797001 61.040000915527344 30.959999084472656 AB 4.4503272918483034 1.2011949774439625
61314.1045 lsst_hardware_g 21.421510554683355 15.140000343322754 31.399999618530273 AB 7.683196833562755 1.2107149123168934
61314.1228 lsst_hardware_r 9.4653760336965 24.6200008392334 31.479999542236328 AB 7.612290512833725 1.1980626676022965
61316.1023 lsst_hardware_i 20.39135282725662 32.529998779296875 31.229999542236328 AB 4.324273965265911 1.2072233292201033
61316.1208 lsst_hardware_z -14.560419523400238 43.58000183105469 30.940000534057617 AB 4.214949498202561 1.197542238337832
61318.1023 lsst_hardware_r -25.431376111194293 24.639999389648438 31.479999542236328 AB 4.255363891908113 1.2025897673894983
61318.1227 lsst_hardware_g -10.081714829386392 15.180000305175781 31.399999618530273 AB 4.282150460388653 1.1983909495245653
61320.1051 lsst_hardware_r -19.75626361390432 24.639999389648438 31.479999542236328 AB 9.429546575577845 1.1984172728969935
61320.1233 lsst_hardware_i 7.218181207218015 32.79999923706055 31.229999542236328 AB 9.941159949946968 1.2010946265071873
61322.0663 lsst_hardware_i 38.02401780760571 33.16999816894531 31.229999542236328 AB 3.8735386924463775 1.2367620346252803
61322.0854 lsst_hardware_z 74.97808963679292 44.209999084472656 30.93000030517578 AB 6.790324521520813 1.2077413626941624
61324.0706 lsst_hardware_r 33.41937004959312 24.84000015258789 31.5 AB 3.896630314909069 1.2194753749976224
61324.0896 lsst_hardware_u -2.419728788182421 2.7799999713897705 28.40999984741211 AB 5.041305297525095 1.2003107851250225
61327.0691 lsst_hardware_g 5.666920809867354 15.270000457763672 31.399999618530273 AB 8.716361280123177 1.2106057333504412
61327.0865 lsst_hardware_r 11.362664682470099 24.610000610351562 31.479999542236328 AB 8.648610207441555 1.1982695326147967
61331.0683 lsst_hardware_r 24.970060602788298 32.279998779296875 31.530000686645508 AB 6.804164390461874 1.2015830687186007
61331.0866 lsst_hardware_g -0.2308333027401868 26.799999237060547 31.56999969482422 AB 10.422333599617618 1.1982218781296001
61338.039 lsst_hardware_r -68.11747458033125 124.7300033569336 31.6200008392334 AB 4.378928233118741 1.2106798792116533
61338.0569 lsst_hardware_z -41.83495879313958 86.0199966430664 30.979999542236328 AB 4.560175060243828 1.198154245991547
61341.038 lsst_hardware_g 21.33215741599522 15.25 31.420000076293945 AB 4.317111765663591 1.2037116313017122
61341.0563 lsst_hardware_r -49.41567043899825 46.61000061035156 31.59000015258789 AB 3.1785467129905776 1.1976438255425146
61356.0161 lsst_hardware_y -58.28778847386187 59.56999969482422 30.0 AB 6.4423840404654875 1.1977474395470376
61356.0335 lsst_hardware_z 99.30158555977776 44.040000915527344 30.93000030517578 AB 6.314705342195812 1.2079780664171806
