data/validation/pwv_sim_epoch_fit_epoch/28598772.ecsv
# %ECSV 0.9
# ---
# datatype:
# - {name: time, datatype: float64}
# - {name: band, datatype: string}
# - {name: flux, datatype: float64}
# - {name: fluxerr, datatype: float64}
# - {name: zp, datatype: float64}
# - {name: zpsys, datatype: string}
# - {name: pwv, datatype: float64}
# - {name: airmass, datatype: float64}
# meta: {SNID: '28598772', alt: 1024.0, c: -0.09624836593866348, dec: 2.238686, lat: -30.244573, lon: -70.7499537, ra: 123.75, t0: 60017.15625,
#   x0: 7.566671007229717e-06, x1: -0.7211112976074219, z: 0.5165976881980896}
# schema: astropy-2.0
time band flux fluxerr zp zpsys pwv airmass
59910.3387 lsst_hardware_g -16.67819599755167 15.6899995803833 31.420000076293945 AB 4.699662986598593 1.1927574095678288
59912.3324 lsst_hardware_i -15.79215918763049 32.400001525878906 31.229999542236328 AB 5.357636418126352 1.193525479746741
59912.3516 lsst_hardware_z -5.687977427512019 59.70000076293945 30.959999084472656 AB 5.440534549399963 1.1845704284355982
59914.2139 lsst_hardware_r 2.051493888320647 34.619998931884766 31.40999984741211 AB 13.526983536141069 1.7814289116954876
59916.3437 lsst_hardware_r 11.398375046633575 26.1200008392334 31.510000228881836 AB 7.176193455546293 1.1847821849954208
59918.3167 lsst_hardware_z -51.67509202500105 49.279998779296875 30.950000762939453 AB 3.724817464650122 1.1928959054121713
59920.3334 lsst_hardware_z 62.076960211994475 60.290000915527344 30.969999313354492 AB 5.170509021688533 1.1848774612864854
59920.3531 lsst_hardware_y 49.913373814544514 73.79000091552734 30.020000457763672 AB 5.236824584896675 1.1977413425346324
59922.3334 lsst_hardware_r 42.88648478713141 106.91999816894531 31.6200008392334 AB 8.729976265311937 1.186541116590104
59922.3514 lsst_hardware_y -49.94220132285299 75.87000274658203 30.010000228881836 AB 8.833581545978015 1.2023931323926518
59924.3423 lsst_hardware_z -216.18058944440295 110.9800033569336 31.729999542236328 AB 10.190933282042531 1.1978763775542205
59927.3001 lsst_hardware_r 57.27528339342135 96.94000244140625 31.6200008392334 AB 8.591018562633593 1.1872607189930338
59927.3186 lsst_hardware_z -60.82498795000251 88.44999694824219 30.979999542236328 AB 8.545422240579448 1.1860679970269192
59929.2993 lsst_hardware_r 9.404122126412638 95.83999633789062 31.6299991607666 AB 12.54454987680537 1.1854049332137022
59929.3176 lsst_hardware_i 1.0865343261285716 86.41999816894531 31.309999465942383 AB 12.575955037736222 1.1882504275407324
59931.2617 lsst_hardware_z -186.09955092556697 125.26000213623047 31.729999542236328 AB 6.597617511193783 1.2202745088521176
59931.2834 lsst_hardware_i -18.754855353058847 124.31999969482422 32.060001373291016 AB 6.395819652829854 1.1910278683109596
59933.2702 lsst_hardware_u -35.09073021737916 23.450000762939453 29.350000381469727 AB 5.144778345133141 1.1986669282904125
59933.2939 lsst_hardware_g -65.23358475666194 95.70999908447266 31.68000030517578 AB 5.285512848870529 1.1845613735701017
59935.2817 lsst_hardware_r -23.088632601671627 99.4800033569336 31.6200008392334 AB 5.545320103833892 1.1857842625540238
59935.3026 lsst_hardware_i 79.23112486181472 89.54000091552734 31.309999465942383 AB 7.173953103671695 1.1891186977740484
59937.2868 lsst_hardware_z -58.36423465059424 88.58000183105469 30.979999542236328 AB 6.611870474210408 1.1848345507431874
59937.3081 lsst_hardware_u 29.785015777041046 23.450000762939453 29.350000381469727 AB 7.257728096509556 1.1993931908187772
59939.251 lsst_hardware_r -226.78055869556582 96.8499984741211 31.6200008392334 AB 9.617589238743658 1.2021986548429573
59939.2722 lsst_hardware_g -80.25432219063397 95.31999969482422 31.670000076293945 AB 9.482730550071533 1.1853413187589417
59942.2503 lsst_hardware_r -114.7074314193453 99.4800033569336 31.6200008392334 AB 8.563235356495067 1.19369023962294
59942.2697 lsst_hardware_i 131.5400920438598 89.62000274658203 31.309999465942383 AB 8.525416344109994 1.1845517463969608
59946.249 lsst_hardware_z 78.23671395439915 87.55999755859375 30.979999542236328 AB 6.479508537904983 1.1868680921794443
59946.2698 lsst_hardware_g -10.244299987754252 94.44000244140625 31.68000030517578 AB 5.798749606091585 1.1874572572201196
59948.2503 lsst_hardware_r 79.04655399904838 99.41999816894531 31.6200008392334 AB 3.2981085108789103 1.184771804536654
59948.271 lsst_hardware_i 241.92331863517856 89.38999938964844 31.309999465942383 AB 3.1953562694232214 1.1920747134576466
59950.2573 lsst_hardware_z 22.791052034467146 127.08000183105469 31.729999542236328 AB 8.820969071411572 1.1866774535531284
59952.2128 lsst_hardware_r -10.77348868613403 140.38999938964844 32.369998931884766 AB 9.742758064198444 1.2059734568093388
59952.2365 lsst_hardware_z -190.08795451731126 127.4000015258789 31.729999542236328 AB 9.545662602465818 1.1853916491218301
59954.2124 lsst_hardware_r 1.6445992585786464 96.77999877929688 31.6200008392334 AB 8.658389978683873 1.1992091474499003
59954.2351 lsst_hardware_i -9.270457643354167 87.31999969482422 31.309999465942383 AB 8.49299746081091 1.1846286210913526
59956.1963 lsst_hardware_z 97.43718615545261 88.26000213623047 30.969999313354492 AB 7.6301366936752295 1.2149899193750353
59956.2152 lsst_hardware_i -17.659813511578097 87.41999816894531 31.309999465942383 AB 6.106987931845922 1.190968345150587
59958.1965 lsst_hardware_u -14.453773840495456 23.239999771118164 29.350000381469727 AB 9.570237689114357 1.2058511546795636
59958.2153 lsst_hardware_g 126.80267696737138 94.30000305175781 31.68000030517578 AB 9.349503264960312 1.187326459944374
59963.1912 lsst_hardware_r 86.86496193259904 97.33999633789062 31.6200008392334 AB 6.93347000297651 1.195425862582157
59963.2113 lsst_hardware_i 23.38828633103007 87.75 31.309999465942383 AB 7.085299773269683 1.1845686201409387
59965.1611 lsst_hardware_i 42.89217606392759 87.04000091552734 31.299999237060547 AB 14.72272764826664 1.236918161623712
59965.1811 lsst_hardware_z -107.62404044472075 88.38999938964844 30.979999542236328 AB 13.80887437062666 1.2007716844023182
59967.135 lsst_hardware_r 9.099478917701253 96.02999877929688 31.59000015258789 AB 9.882254938565545 1.299384853422889
59967.1497 lsst_hardware_g 194.71150365972366 94.41000366210938 31.649999618530273 AB 9.547368008063849 1.2520591022989835
59972.1776 lsst_hardware_i 66.69059015348175 86.2300033569336 31.309999465942383 AB 12.672989149706718 1.187054060482083
59972.1962 lsst_hardware_z 76.46216000866072 87.38999938964844 30.979999542236328 AB 12.66768779316596 1.186224158925551
59974.1393 lsst_hardware_z 46.60393341834357 87.29000091552734 30.979999542236328 AB 14.785793785179012 1.2305685433446485
59974.1569 lsst_hardware_i 14.83758285187621 86.22000122070312 31.309999465942383 AB 14.41077017855233 1.2002973661962626
59976.1526 lsst_hardware_z -142.50332090819947 123.55000305175781 31.729999542236328 AB 10.087357431329698 1.1988777550902896
59978.1432 lsst_hardware_r -31.791991073285693 97.0 31.6200008392334 AB 9.013339365152367 1.2039724874418762
59978.1618 lsst_hardware_i -104.58723477182036 87.52999877929688 31.309999465942383 AB 8.881702000240978 1.186771899772752
59982.1436 lsst_hardware_z 3.312941572872817 88.56999969482422 30.979999542236328 AB 5.94572812418133 1.1914490930829054
59982.1616 lsst_hardware_r -96.78695643798076 97.44999694824219 31.6200008392334 AB 5.885683183877669 1.1845598786819407
59984.1395 lsst_hardware_i -52.1143056902643 86.4800033569336 31.31999969482422 AB 6.666108280536196 1.190376478667178
59984.158 lsst_hardware_z 34.62716907630289 87.6500015258789 30.979999542236328 AB 6.634540053604345 1.1847392952864904
59986.13 lsst_hardware_i 114.93342373055044 87.66999816894531 31.309999465942383 AB 2.3904390112690748 1.1938267078087603
59986.1466 lsst_hardware_z 25.459269243710807 88.56999969482422 30.979999542236328 AB 2.426165125971349 1.184747355402303
59990.1262 lsst_hardware_i -128.15499745494216 89.4959073227217 31.309999465942383 AB 3.4470085752063966 1.188282186224555
59990.1421 lsst_hardware_r -99.28243492470766 99.45500739661955 31.6200008392334 AB 3.3559765912268436 1.18481080008014
59992.0916 lsst_hardware_z 40.50814439795631 88.43577162004655 30.979999542236328 AB 2.9157526291078257 1.2274269118534513
59992.1084 lsst_hardware_u 15.023612917636871 23.797797379210067 29.360000610351562 AB 2.8023106813162455 1.1994909283322615
59994.0928 lsst_hardware_g -74.10459061682919 95.01260231719098 31.65999984741211 AB 3.967957231545239 1.2145258711527323
59994.1102 lsst_hardware_r -42.01073448473185 97.37377309101888 31.6200008392334 AB 3.9995780695244108 1.1919765760410512
59996.0931 lsst_hardware_i 114.44201140711975 88.33293685372703 31.309999465942383 AB 5.488021700553935 1.20531974828228
59996.1118 lsst_hardware_z 195.90031247349904 89.29295583310504 30.979999542236328 AB 5.422844210955298 1.1871808394107999
59998.0902 lsst_hardware_i 422.8493042904932 91.31175434493701 31.309999465942383 AB 7.92069309936807 1.2017893410261504
59998.1083 lsst_hardware_u 53.22877746072006 25.307621914435806 29.360000610351562 AB 7.823620424016939 1.1862807531899175
60000.0902 lsst_hardware_g 317.2998371249908 98.46796689582632 31.65999984741211 AB 9.118114753737482 1.1953872051047019
60000.1074 lsst_hardware_r 954.3048659471314 103.3860368125734 31.6200008392334 AB 9.044689344262258 1.1849067362214216
60002.0879 lsst_hardware_i 786.0298907220796 91.66205783182028 31.309999465942383 AB 7.927467040619426 1.1923692623327706
60002.1057 lsst_hardware_r 1253.7039763203015 103.12974012325819 31.6200008392334 AB 7.845125517939016 1.184527482702554
60004.0924 lsst_hardware_z 1379.6823173545463 130.39259880863767 31.729999542236328 AB 4.851980617135219 1.186085831970896
60006.0857 lsst_hardware_r 1993.4095955381208 107.08148566954398 31.6200008392334 AB 6.901284785927821 1.186603298818401
60006.1047 lsst_hardware_i 1410.4334811611154 94.41671568083184 31.309999465942383 AB 6.977170824032056 1.1867955135281605
60009.0466 lsst_hardware_i 1447.0158816287178 95.59963380030123 31.299999237060547 AB 6.400704653339683 1.2244684325990733
60009.0662 lsst_hardware_z 1242.0934189372997 94.43766074686336 30.979999542236328 AB 6.305754711100516 1.1947997305186113
60011.0479 lsst_hardware_i 1743.712786631354 98.32952228506728 31.299999237060547 AB 11.357750368623282 1.2119242790634839
60011.0665 lsst_hardware_z 1466.6107844731 96.39451469087467 30.979999542236328 AB 11.15968702249257 1.1898377989329822
60015.0451 lsst_hardware_i 2118.9738104857092 96.9478193950839 31.309999465942383 AB 9.333587003247976 1.2001011919142617
60015.0647 lsst_hardware_r 3115.4569065586047 110.43957501769145 31.6200008392334 AB 9.138745152031662 1.185310655257025
60017.0445 lsst_hardware_u -5.116623152432658 23.519411076873503 29.360000610351562 AB 15.503825778871459 1.1946543378782597
60017.0643 lsst_hardware_g 1366.8170015904195 100.8849567159276 31.68000030517578 AB 15.38068859296893 1.1845346283453273
60022.0368 lsst_hardware_u -22.960271467980785 23.87753533073841 29.3799991607666 AB 8.093427122963941 1.1895975781530008
60022.0572 lsst_hardware_g 874.3122948752723 100.34560327190682 31.68000030517578 AB 8.571540731354727 1.1853606930216045
60025.034 lsst_hardware_r 2452.2701943254942 110.97681774433806 31.6200008392334 AB 6.11533537523083 1.186522191546533
60025.0549 lsst_hardware_z 1481.9059808088593 97.42546384795241 30.979999542236328 AB 4.644685628541009 1.1878738207304216
60027.0345 lsst_hardware_r 2118.722109365093 109.89589091100679 31.6200008392334 AB 5.520993459399773 1.1847625449355343
60027.0542 lsst_hardware_u -3.57843826687978 23.854335454058518 29.350000381469727 AB 5.029590703410954 1.19114048630218
60029.0281 lsst_hardware_g 387.8668437411659 99.73624554611895 31.670000076293945 AB 8.772794156818998 1.1849255985978733
60029.0461 lsst_hardware_r 2056.012633791441 108.57223277547469 31.6200008392334 AB 8.219993377432507 1.189192141116497
60035.9896 lsst_hardware_y 173.99587952462002 83.66596930022764 30.010000228881836 AB 9.316630665574872 1.1978952961202018
60036.0081 lsst_hardware_r 1087.7989454202082 105.06301238789845 31.6200008392334 AB 9.356907002005173 1.1851186779538765
60037.9892 lsst_hardware_y 405.08733550568087 83.68072842805744 30.010000228881836 AB 7.424094571545201 1.192721434901616
60038.0084 lsst_hardware_z 701.8176042709462 94.34020188437212 30.979999542236328 AB 6.041149168564541 1.184539052659714
60039.9842 lsst_hardware_y 322.7729216075907 83.22890646615672 30.020000457763672 AB 9.86818685819238 1.1923140044937328
60040.0022 lsst_hardware_z 691.0653520553811 92.66260579984096 30.979999542236328 AB 9.594648345061284 1.184524487044603
60041.9837 lsst_hardware_y 429.61172748126705 83.46441804380552 30.010000228881836 AB 10.389191849958035 1.1885927237317204
60042.0028 lsst_hardware_u -1.5199795421029227 23.633060854891397 29.329999923706055 AB 8.9761174510445 1.185422433418102
60045.9797 lsst_hardware_y 345.4446948594157 83.22345202422484 30.020000457763672 AB 6.405361091966144 1.1854096589185055
60045.9966 lsst_hardware_z 645.1492827343644 92.4640555925679 30.979999542236328 AB 6.419805909991473 1.1873504349418584
60050.9766 lsst_hardware_y 288.3549934218455 82.31088546878586 30.030000686645508 AB 17.013170122410582 1.1850087150804889
60050.9951 lsst_hardware_u 2.7220184543160872 23.448328906343537 29.360000610351562 AB 17.102816520413025 1.1973408373293912
60279.3375 lsst_hardware_z -43.29806000905321 87.38999938964844 30.979999542236328 AB 8.66251265755043 1.1866455695274563
60283.3367 lsst_hardware_r -126.3498830350709 95.70999908447266 31.6200008392334 AB 4.795414330207744 1.184540386218463
60291.2983 lsst_hardware_r 255.03195281576376 96.88999938964844 31.6200008392334 AB 11.9157117552302 1.1905592002028476
60291.3161 lsst_hardware_i -56.8748628512284 87.38999938964844 31.309999465942383 AB 11.849517869733424 1.1846161457320517
60292.2997 lsst_hardware_z 18.284037640130503 43.52000045776367 30.940000534057617 AB 8.559755596712048 1.1878101110197237
60292.3194 lsst_hardware_r -9.609483963079944 23.8700008392334 31.469999313354492 AB 8.553914737606352 1.1860669353308864
60294.2985 lsst_hardware_u 1.8109865821146822 2.700000047683716 28.3700008392334 AB 12.547157311861389 1.1858454747669795
60294.3165 lsst_hardware_r -17.773396452327937 23.93000030517578 31.479999542236328 AB 12.564741042953115 1.1872134624986577
60296.2619 lsst_hardware_i -10.237759671432334 32.54999923706055 31.229999542236328 AB 6.395805706327711 1.2211950814018688
60296.2843 lsst_hardware_z 14.15117429844187 43.68000030517578 30.940000534057617 AB 6.335993412813905 1.190826978977679
60300.2663 lsst_hardware_r 35.66640534780293 41.34000015258789 32.65999984741211 AB 5.543797871549809 1.1976232170122725
60300.2882 lsst_hardware_u 4.1054023022799155 2.700000047683716 28.360000610351562 AB 5.496355741727184 1.184559427096455
60302.2721 lsst_hardware_g 108.26682120964092 47.5099983215332 31.639999389648438 AB 6.614542745710122 1.1879744510741819
60302.2947 lsst_hardware_r 19.88352896828952 44.189998626708984 31.579999923706055 AB 7.235374212545578 1.1872298111708546
60305.2295 lsst_hardware_r -85.26244228173292 121.12999725341797 31.6200008392334 AB 6.276494816989772 1.2382116427283798
60305.251 lsst_hardware_i -82.51131543535011 94.83999633789062 31.309999465942383 AB 7.5430675224755666 1.199565457204078
60307.2526 lsst_hardware_z 14.92011323765275 81.51000213623047 30.979999542236328 AB 8.561159289592972 1.1921959740416337
60307.2736 lsst_hardware_r 10.775836074137235 114.81999969482422 31.6299991607666 AB 8.526959262016709 1.1847524071022555
60309.2507 lsst_hardware_z -44.346987621847624 65.5199966430664 30.969999313354492 AB 6.676626908396551 1.189422845913897
60309.2715 lsst_hardware_r -8.096959575427674 82.51000213623047 31.6200008392334 AB 6.660635428921467 1.1855356078710395
60311.2391 lsst_hardware_i -111.76750487279729 46.619998931884766 31.280000686645508 AB 6.621241722134517 1.1945949703153447
60311.2613 lsst_hardware_z -46.869848183272026 50.4900016784668 30.950000762939453 AB 5.730238167085677 1.1845861701527718
60313.2485 lsst_hardware_r -55.698576262905135 31.959999084472656 31.540000915527344 AB 3.096462958593711 1.1852489793660137
60313.2681 lsst_hardware_z 0.9222735640296552 45.09000015258789 30.940000534057617 AB 3.287042287027385 1.1892696790282093
60315.2478 lsst_hardware_g -22.049347266863304 22.610000610351562 32.18000030517578 AB 8.323536409388673 1.1845218613268516
60315.2726 lsst_hardware_r -12.474835455844348 36.33000183105469 32.2400016784668 AB 8.929645919748028 1.1985029419847906
60317.2535 lsst_hardware_i -33.98153282373954 32.36000061035156 31.229999542236328 AB 10.565152866237401 1.1870958276671237
