data/validation/pwv_sim_epoch_fit_epoch/28716270.ecsv
# %ECSV 0.9
# ---
# datatype:
# - {name: time, datatype: float64}
# - {name: band, datatype: string}
# - {name: flux, datatype: float64}
# - {name: fluxerr, datatype: float64}
# - {name: zp, datatype: float64}
# - {name: zpsys, datatype: string}
# - {name: pwv, datatype: float64}
# - {name: airmass, datatype: float64}
# meta: {SNID: '28716270', alt: 1024.0, c: -0.003270838875323534, dec: -16.49037, lat: -30.244573, lon: -70.7499537, ra: 118.125, t0: 61859.828125,
#   x0: 3.7655452432772247e-06, x1: 0.7864105105400085, z: 0.6888909935951233}
# schema: astropy-2.0
time band flux fluxerr zp zpsys pwv airmass
61730.3469 lsst_hardware_r 24.222434911060535 34.540000915527344 31.59000015258789 AB 3.8058066098431795 1.0315702773336555
61735.3449 lsst_hardware_g -23.19912491840505 17.56999969482422 31.520000457763672 AB 5.248976392882821 1.0292110574280042
61737.3462 lsst_hardware_i 57.59975806065229 34.2599983215332 31.270000457763672 AB 3.9547309161118314 1.0300119588779906
61741.3251 lsst_hardware_g 5.20771863085336 13.390000343322754 31.40999984741211 AB 6.728223491112397 1.0294099588605259
61741.3449 lsst_hardware_y 102.30465489902296 52.400001525878906 30.049999237060547 AB 6.89282598400545 1.033910973713646
61745.1924 lsst_hardware_z 39.279739634881125 46.189998626708984 30.920000076293945 AB 7.150872820772461 1.3751678501485503
61745.2147 lsst_hardware_u -3.7153981329888657 3.690000057220459 29.06999969482422 AB 6.6038873335895785 1.244255738782848
61747.3112 lsst_hardware_g 11.0799980430043 13.220000267028809 31.3799991607666 AB 5.700003955145319 1.029222177341197
61747.3287 lsst_hardware_r 38.749544567663875 22.079999923706055 31.479999542236328 AB 5.727231490284839 1.034014050543368
61749.2796 lsst_hardware_i 16.97195661450652 33.61000061035156 31.270000457763672 AB 9.649896558557382 1.0420773260503098
61749.2958 lsst_hardware_z -99.97229086446397 40.58000183105469 30.950000762939453 AB 10.32782476723722 1.0312613662085643
61751.3045 lsst_hardware_i -29.12399344446583 52.97999954223633 31.31999969482422 AB 10.856015035151941 1.0293964569649101
61751.3225 lsst_hardware_z 2.075700598418405 51.060001373291016 30.969999313354492 AB 10.891537550428811 1.0371575879661563
61755.293 lsst_hardware_i -69.2481208303058 65.26000213623047 31.329999923706055 AB 10.8884525518147 1.029334275208036
61755.3118 lsst_hardware_r 143.65419205360664 81.0 31.65999984741211 AB 10.977471782706822 1.037322927743721
61757.2651 lsst_hardware_z 5.479403668576297 71.73999786376953 31.719999313354492 AB 5.544700261236077 1.0360052805000144
61759.257 lsst_hardware_g 5.041732020627129 28.6200008392334 31.639999389648438 AB 4.440052256682605 1.0379612538025258
61759.2778 lsst_hardware_r -17.225019082177543 32.939998626708984 31.579999923706055 AB 4.399425203501718 1.0292457536509976
61762.2574 lsst_hardware_i 25.94773079868735 29.979999542236328 31.25 AB 6.917805641741218 1.0325083047374952
61762.2774 lsst_hardware_z 37.52184030747713 40.59000015258789 30.950000762939453 AB 6.900199472379074 1.0298805182655335
61765.2621 lsst_hardware_g 11.722342841263176 13.520000457763672 31.420000076293945 AB 8.233718818388757 1.0292148522985947
61765.2821 lsst_hardware_r 20.27642996212156 22.270000457763672 31.5 AB 8.284826307844504 1.035603288480563
61767.2493 lsst_hardware_i -22.152113405132308 30.149999618530273 31.25 AB 6.202432106154529 1.0303756527148107
61767.2696 lsst_hardware_r -10.121052203537165 22.360000610351562 31.5 AB 6.332624840565714 1.031750208230383
61769.2424 lsst_hardware_u 2.099008919711109 2.680000066757202 28.450000762939453 AB 9.267018369827206 1.0308236119905188
61769.2616 lsst_hardware_g 0.6972229515243997 13.680000305175781 31.43000030517578 AB 8.967872251533205 1.030789913969334
61771.2448 lsst_hardware_r -24.692891509316144 22.510000228881836 31.5 AB 7.243643534855925 1.029255590899922
61771.2656 lsst_hardware_i 18.783095940173478 30.299999237060547 31.25 AB 7.3256298233630455 1.0355220417697275
61773.2502 lsst_hardware_z 33.85827007253489 40.779998779296875 30.940000534057617 AB 4.517780697919106 1.0306332149923816
61773.2705 lsst_hardware_r 30.246309447761444 22.420000076293945 31.489999771118164 AB 4.581933084968439 1.044394579258087
61775.222 lsst_hardware_i -17.924364593894985 30.15999984741211 31.25 AB 11.96620373237845 1.0324593384278213
61775.2398 lsst_hardware_u -0.586351805508133 2.630000114440918 28.40999984741211 AB 11.958109140011482 1.0294958581216032
61777.2143 lsst_hardware_g -26.451262907999656 32.25 32.34000015258789 AB 9.016599422877636 1.0336185811476084
61777.2364 lsst_hardware_r -4.745382318715981 31.520000457763672 32.2400016784668 AB 9.082042688229503 1.0298657417859278
61781.2146 lsst_hardware_z -37.3640239137212 96.5199966430664 31.739999771118164 AB 6.589305710516548 1.0295790172682107
61787.1614 lsst_hardware_i 11.392275680758022 39.04999923706055 31.280000686645508 AB 1.6965492509913358 1.059901656179463
61787.1828 lsst_hardware_z -7.732987774545352 45.66999816894531 30.959999084472656 AB 3.158724060123637 1.0362701274395485
61789.165 lsst_hardware_g 17.224129310984246 13.739999771118164 31.399999618530273 AB 4.203710231277437 1.0477842052037483
61789.1858 lsst_hardware_r -26.175489349690757 25.18000030517578 31.520000457763672 AB 5.983041531508472 1.03155888474284
61791.1634 lsst_hardware_i -32.68051469595827 30.239999771118164 31.25 AB 12.441074864445886 1.0435757161265675
61791.1833 lsst_hardware_r 21.09158684579612 22.3799991607666 31.5 AB 11.850836246352968 1.0305074996828667
61793.169 lsst_hardware_u -1.2118460722186306 2.609999895095825 28.389999389648438 AB 8.986448966181705 1.0345602493805426
61793.1894 lsst_hardware_g -17.121035921606435 13.6899995803833 31.420000076293945 AB 8.881463477404376 1.029337084497316
61795.1522 lsst_hardware_r -22.073412379544415 22.399999618530273 31.479999542236328 AB 8.144711623132725 1.0438592275722813
61795.1724 lsst_hardware_i -16.317900029787996 30.079999923706055 31.239999771118164 AB 7.9670511445103065 1.0304997438331818
61797.148 lsst_hardware_z -5.4443007143406135 40.84000015258789 30.950000762939453 AB 11.468513911205632 1.0425921737459665
61797.166 lsst_hardware_r -35.30354263635798 22.299999237060547 31.489999771118164 AB 11.338783755776326 1.0307985232523933
61799.1497 lsst_hardware_u -4.266083685447919 2.5899999141693115 28.3700008392334 AB 10.361777297791884 1.0365059566654657
61799.1668 lsst_hardware_g -12.185869850953166 13.829999923706055 31.420000076293945 AB 9.912469506950703 1.0293856905291736
61801.1368 lsst_hardware_r 5.90541619723221 22.709999084472656 31.5 AB 9.47330596030019 1.042865793238987
61801.1555 lsst_hardware_z 25.83650430651093 41.04999923706055 30.950000762939453 AB 9.371700458005165 1.030659446419484
61805.1336 lsst_hardware_g -4.7633623948562 20.65999984741211 31.56999969482422 AB 10.66847442233059 1.0363024281629558
61805.1525 lsst_hardware_r -35.59603648807982 26.09000015258789 31.540000915527344 AB 10.597851592753143 1.029217402423341
61807.1095 lsst_hardware_r 11.572697110625011 48.25 31.6200008392334 AB 4.639089104850958 1.0559383394956534
61807.1299 lsst_hardware_i 9.942292031739827 44.029998779296875 31.299999237060547 AB 4.057795614549551 1.0351079327961032
61808.1133 lsst_hardware_z -47.50918737939461 51.91999816894531 30.969999313354492 AB 5.765402523610149 1.0475724949399878
61808.1354 lsst_hardware_r -58.929368999716445 59.369998931884766 31.639999389648438 AB 5.08415849368342 1.0309906368156185
61810.123 lsst_hardware_z 256.8352137141192 96.4000015258789 31.739999771118164 AB 6.126171815914976 1.0343021806373327
61812.1237 lsst_hardware_z -87.68071242796856 72.91000366210938 30.989999771118164 AB 1.709083201734343 1.0312766340228106
61812.1405 lsst_hardware_r -9.674431984851962 108.7699966430664 31.65999984741211 AB 2.10342232720563 1.0297853178763638
61814.1048 lsst_hardware_r -99.14696063913384 64.33000183105469 31.649999618530273 AB 3.5570662027949496 1.039621862573418
61814.1222 lsst_hardware_y -55.456049892681186 50.5 30.059999465942383 AB 3.506075321800578 1.030037307486823
61816.1031 lsst_hardware_g 5.466949170786204 26.780000686645508 31.639999389648438 AB 1.5299848047457674 1.0366335981564774
61816.12 lsst_hardware_r -3.671234536597152 36.400001525878906 31.600000381469727 AB 1.5427703189290292 1.029428593591443
61818.0976 lsst_hardware_i -31.848877317761126 30.149999618530273 31.25 AB 2.429934367856067 1.036661419733817
61818.1161 lsst_hardware_z 75.2502862984393 40.779998779296875 30.950000762939453 AB 2.465869115049422 1.0292681269119992
61820.0959 lsst_hardware_r -20.7261164131931 22.40999984741211 31.5 AB 3.4063228656203153 1.0341777201124298
61820.1138 lsst_hardware_u 1.8592767291521053 2.740000009536743 28.5 AB 3.4461169552772577 1.0292036700679117
61824.0847 lsst_hardware_z -48.35677431823346 40.83000183105469 30.950000762939453 AB 6.822699834938019 1.0343431540952603
61824.1016 lsst_hardware_r -16.633716276408688 22.190000534057617 31.489999771118164 AB 6.785257678858139 1.0291868967097817
61828.0833 lsst_hardware_r 15.886978922875079 22.340235375447225 31.5 AB 8.108238207400593 1.0302062394257787
61828.1014 lsst_hardware_i 17.91862181512765 30.14686197348366 31.25 AB 6.949522696469356 1.0310864534821003
61832.0535 lsst_hardware_r -12.95055027426621 23.363181250443265 31.510000228881836 AB 6.550188843879094 1.0415586638558927
61832.0697 lsst_hardware_u 0.368941065714452 2.9943684344314416 28.5 AB 6.492668678586113 1.0310460278833518
61834.058 lsst_hardware_g -24.18805153776236 24.61204861209787 31.610000610351562 AB 11.063618469494317 1.0339830345321792
61834.0766 lsst_hardware_i 152.30094129574132 34.55996306762388 31.270000457763672 AB 11.01303270826957 1.0292553932962216
61836.0538 lsst_hardware_z 149.68587052409117 49.00720491883783 30.959999084472656 AB 6.652931511372797 1.0332778284385002
61836.0717 lsst_hardware_r 121.8254605008391 48.721922109697864 31.6200008392334 AB 6.689764588032604 1.029300121248221
61838.0473 lsst_hardware_y 284.0880393155083 75.02059708413063 30.809999465942383 AB 11.123063938445727 1.0338540986580869
61840.0386 lsst_hardware_r 443.69684273105906 98.71009554565781 31.65999984741211 AB 8.386460300126595 1.0358983386672003
61840.0565 lsst_hardware_i 636.4370101165133 80.06652780708504 31.34000015258789 AB 7.396324591194844 1.0292328531841843
61845.0346 lsst_hardware_i 697.6922709223542 40.310714585989544 31.25 AB 8.39739721140557 1.0309036147733648
61845.0547 lsst_hardware_z 537.6135026263893 46.15695533229894 30.940000534057617 AB 8.038059094641573 1.0309830173336207
61847.009 lsst_hardware_y 252.3385361946617 49.74509579889906 30.049999237060547 AB 8.037525319174733 1.0451238956081832
61847.0283 lsst_hardware_r 898.9676028194411 37.14005626562951 31.489999771118164 AB 8.015053377801793 1.0312066102028683
61849.0072 lsst_hardware_y 325.8941765210037 50.310160756942565 30.049999237060547 AB 5.079468198936063 1.0414437258616416
61849.0258 lsst_hardware_g 244.94592733773462 20.035122138471166 31.399999618530273 AB 5.018670777405317 1.0302458144393014
61851.0055 lsst_hardware_z 736.4858353441526 49.332262091920335 30.950000762939453 AB 5.44351050020056 1.0381774634838958
61851.0258 lsst_hardware_i 1052.2627031140573 44.45517187427203 31.25 AB 5.425668608575301 1.0292782234555398
61853.0049 lsst_hardware_y 357.70451299791574 50.38516976555328 30.049999237060547 AB 4.904036311893696 1.0347159641088082
61853.0246 lsst_hardware_r 1215.4966921766916 40.49662420723045 31.489999771118164 AB 4.860610104171416 1.0292451252877197
61855.0006 lsst_hardware_y 358.4428206996722 50.56420713753923 30.040000915527344 AB 7.652741041333338 1.034014463090574
61855.0188 lsst_hardware_r 1153.5012477111397 40.44588451588423 31.479999542236328 AB 7.682132111757251 1.0292245594530078
61858.9848 lsst_hardware_y 378.4078767516523 67.37097688045176 30.059999465942383 AB 6.907973823961706 1.0372852230784964
61859.0032 lsst_hardware_u 2.2129561791750114 2.7480633580180505 28.3700008392334 AB 6.058065732178298 1.0293496373207347
61860.9972 lsst_hardware_y 474.399624707149 50.66192612118487 30.040000915527344 AB 5.107603232455452 1.0294128113782706
61861.0163 lsst_hardware_r 1159.7827189954937 40.02221269867944 31.489999771118164 AB 3.7765547738957475 1.0333513609711094
61862.9904 lsst_hardware_z 1717.971686223587 82.98339667488341 31.719999313354492 AB 9.330876401719884 1.0296139477759871
61864.9809 lsst_hardware_y 409.87325699534887 70.93002449876401 30.06999969482422 AB 9.213309321168708 1.0306003323547872
61864.999 lsst_hardware_z 991.0159316780272 56.10506004241689 30.969999313354492 AB 9.307237860814968 1.0306162678420296
61866.9792 lsst_hardware_y 393.76415511820966 72.65422331244598 30.06999969482422 AB 11.660424437812807 1.0296635116616921
61866.9974 lsst_hardware_i 1210.006662085112 67.91409048058213 31.31999969482422 AB 11.673490609207262 1.0321008459052308
61869.9768 lsst_hardware_y 313.8366613640028 75.28458381831025 30.06999969482422 AB 5.652803920127581 1.0291859663409924
61870.0023 lsst_hardware_g 217.34700804607152 92.04957763927386 31.729999542236328 AB 5.912834575393751 1.0410836473974383
62097.3466 lsst_hardware_z 31.206933790228582 44.849998474121094 30.959999084472656 AB 6.8056309512303335 1.0300896977216176
62099.3434 lsst_hardware_g 9.20297647497175 16.270000457763672 31.489999771118164 AB 5.720708560471438 1.0296142833136945
62102.2375 lsst_hardware_i 6.153468576410743 58.77000045776367 32.0099983215332 AB 4.971754653645679 1.2429386634114197
62102.2612 lsst_hardware_y 73.74850137403318 49.189998626708984 30.010000228881836 AB 5.07128945736876 1.1475885551005132
62104.3391 lsst_hardware_g -3.2751021514783614 14.350000381469727 31.440000534057617 AB 6.2949498790004 1.0295398591834053
62108.331 lsst_hardware_z 89.51730473429937 90.94000244140625 31.739999771118164 AB 3.668066631922502 1.0301146637741638
62113.3068 lsst_hardware_i -20.99286216560655 41.79999923706055 31.299999237060547 AB 6.733941385641047 1.0293792006175853
62113.3252 lsst_hardware_z 99.2296153027177 46.66999816894531 30.969999313354492 AB 6.689101577794898 1.0331855547428561
62115.3053 lsst_hardware_i 60.532895832734354 31.979999542236328 31.270000457763672 AB 8.514998265046163 1.029199737921206
62115.3237 lsst_hardware_z 48.24193579937113 41.709999084472656 30.959999084472656 AB 8.575404658934438 1.0355622455969502
62119.2931 lsst_hardware_i 10.722660772184438 30.010000228881836 31.25 AB 8.50648150143482 1.02919638036657
62119.3112 lsst_hardware_r -13.243608794902775 22.139999389648438 31.489999771118164 AB 8.548527057959152 1.0345457179068154
62121.2589 lsst_hardware_u -3.2575420018954926 2.7100000381469727 28.479999542236328 AB 7.327145375704227 1.0443479725918225
62121.282 lsst_hardware_g -15.148704081481327 13.5 31.420000076293945 AB 7.243053030916279 1.0298667753328992
62125.2577 lsst_hardware_z 50.87043544448244 40.970001220703125 30.950000762939453 AB 5.577572285627037 1.0359211798100052
62125.2824 lsst_hardware_r 5.388407800886046 22.31999969482422 31.510000228881836 AB 5.537224194945802 1.0296384903980789
62127.2374 lsst_hardware_i -3.219114589607861 30.299999237060547 31.25 AB 7.105335091569886 1.0501917882821397
62127.2597 lsst_hardware_u 3.3943153172037426 2.6500000953674316 28.43000030517578 AB 6.912823252823552 1.03176466460053
62130.2377 lsst_hardware_g 15.538736809337715 18.989999771118164 32.150001525878906 AB 7.616698656537654 1.0410303637719749
62130.2585 lsst_hardware_r -30.28262213150978 22.059999465942383 31.479999542236328 AB 8.237209502710911 1.029651187838864
62132.2205 lsst_hardware_i -24.185679140304202 55.959999084472656 32.04999923706055 AB 6.398129960254716 1.0544195498599196
62132.2432 lsst_hardware_r -40.44975107370771 33.72999954223633 31.59000015258789 AB 6.231415515264252 1.0331166922238824
62136.2402 lsst_hardware_r -235.5392320277524 99.33999633789062 31.65999984741211 AB 7.199319881755643 1.0300584435266793
62136.2615 lsst_hardware_i 44.07380518058365 76.80000305175781 31.34000015258789 AB 7.258213455857329 1.0327129865095985
62142.2183 lsst_hardware_g 32.32627464354283 56.65999984741211 32.439998626708984 AB 7.227712094003106 1.031952896927163
62142.2404 lsst_hardware_r -92.88608978893602 60.25 32.369998931884766 AB 7.231609704360928 1.0307556295561369
62144.2014 lsst_hardware_i -3.4123769591683892 31.540000915527344 31.260000228881836 AB 7.1921098675213315 1.039322235190944
62144.2229 lsst_hardware_r -12.768116743420702 25.8799991607666 31.540000915527344 AB 8.287365894112993 1.0292946524390476
62146.1991 lsst_hardware_u 3.081561898514613 2.7100000381469727 28.469999313354492 AB 7.912285908901053 1.0368156602910439
