data/validation/pwv_sim_epoch_fit_epoch/28724068.ecsv
# %ECSV 0.9
# ---
# datatype:
# - {name: time, datatype: float64}
# - {name: band, datatype: string}
# - {name: flux, datatype: float64}
# - {name: fluxerr, datatype: float64}
# - {name: zp, datatype: float64}
# - {name: zpsys, datatype: string}
# - {name: pwv, datatype: float64}
# - {name: airmass, datatype: float64}
# meta: {SNID: '28724068', alt: 1024.0, c: -0.012855795212090015, dec: -31.738394, lat: -30.244573, lon: -70.7499537, ra: 16.347656, t0: 61605.40625,
#   x0: 6.152573087277302e-06, x1: -2.263235330581665, z: 0.5633755922317505}
# schema: astropy-2.0
time band flux fluxerr zp zpsys pwv airmass
61578.3456 lsst_hardware_z 6.816107832725572 60.45189043156573 30.93000030517578 AB 2.8903939311147675 1.409146305898156
61578.3682 lsst_hardware_i -0.24350510263074895 59.22414207283562 31.270000457763672 AB 2.6295468377104485 1.2686781140449885
61580.3629 lsst_hardware_r -136.50721754063105 63.554848447221296 31.59000015258789 AB 4.331579419348903 1.2678411881600962
61580.3857 lsst_hardware_z -94.35167160041237 54.39149604100417 30.959999084472656 AB 4.533524746921944 1.1666301458883026
61582.3706 lsst_hardware_g -71.13170259421497 43.983720244735665 31.639999389648438 AB 6.567600483108446 1.205322328897644
61582.398 lsst_hardware_r -118.01317999727672 46.74094039666828 31.610000610351562 AB 5.986257649504398 1.1085662313897033
61587.3736 lsst_hardware_z 130.32748745734708 44.417328694816554 30.940000534057617 AB 9.825745296589233 1.1417983030142485
61587.3941 lsst_hardware_r 122.60521683793719 25.735830369228744 31.489999771118164 AB 10.505202571530223 1.083010574384559
61589.3752 lsst_hardware_u 55.503500616928164 7.356284088705051 28.40999984741211 AB 7.25727897159455 1.119345873616822
61589.3948 lsst_hardware_r 332.6278135285586 29.07202317731531 31.489999771118164 AB 6.903451732458375 1.068921558574183
61591.3716 lsst_hardware_i 502.2563141688259 38.37827614625555 31.229999542236328 AB 5.093183179011829 1.1138321575328392
61591.3912 lsst_hardware_z 452.56938895770224 46.34762573356717 30.940000534057617 AB 4.42217285181751 1.0649636601539287
61598.3879 lsst_hardware_z 1172.1489290609063 51.61803755705984 30.940000534057617 AB 8.031505054777124 1.036523850393961
61598.4069 lsst_hardware_u -2.564159463103701 2.699596752916289 28.43000030517578 AB 7.758637838659231 1.0136710006087315
61607.338 lsst_hardware_z 1481.7927162894757 71.85381647194279 30.979999542236328 AB 4.514042431495731 1.0866736715203973
61607.3549 lsst_hardware_y 576.1760770984605 57.58984994301229 30.049999237060547 AB 4.3920243852091145 1.0505559843427958
61608.3822 lsst_hardware_z 2789.075047372879 96.34324827530746 31.739999771118164 AB 5.369220728118119 1.0114383965561118
61611.2778 lsst_hardware_y 934.82004556283 78.31345207454983 30.729999542236328 AB 7.491798532349686 1.270298739447751
61617.2716 lsst_hardware_z 1113.131840667221 53.96373233614423 30.93000030517578 AB 4.385663991090511 1.2205567951455571
61617.2913 lsst_hardware_r 1069.3224111770933 39.39781236233598 31.469999313354492 AB 4.104254449836102 1.1431402237033057
61622.2688 lsst_hardware_i 1015.2023537193876 44.03483423093447 31.219999313354492 AB 0.35136252052718175 1.1751254867129823
61622.2893 lsst_hardware_z 913.0492116663463 51.01662477413151 30.940000534057617 AB 0.40918332936272034 1.1071476780952973
61626.2702 lsst_hardware_g 26.989326235203407 14.44133722308507 31.389999389648438 AB 3.675278432959287 1.1317254604955465
61626.2886 lsst_hardware_r 376.982856378023 30.36575377601898 31.489999771118164 AB 3.4716989151320288 1.0806844872006314
61627.26 lsst_hardware_i 614.0181371128955 43.60539299895084 31.260000228881836 AB 4.7509177887992555 1.1570671672672324
61627.2787 lsst_hardware_z 777.5751992364153 49.794597513185145 30.950000762939453 AB 4.696984645071582 1.098774114292434
61629.2525 lsst_hardware_z 729.8660278755864 54.85738428061973 30.950000762939453 AB 3.3758900630577915 1.1645015740109663
61629.271 lsst_hardware_r 343.25744929101006 48.88153438977909 31.6200008392334 AB 3.1914506502826767 1.1048816514740096
61631.263 lsst_hardware_r 351.00345845062225 65.42390369878146 31.6299991607666 AB 4.077166767324168 1.1120809457413345
61631.2817 lsst_hardware_z 821.2410436001138 58.25151414280216 30.969999313354492 AB 3.8068107009835286 1.0655873200793642
61649.17 lsst_hardware_i 139.2566180401846 34.375279603104126 31.209999084472656 AB 1.9487582335329137 1.2922799957114812
61649.1891 lsst_hardware_u 17.981493121837634 4.5006148690327255 28.290000915527344 AB 1.8505073114363908 1.1992918415012255
61653.1688 lsst_hardware_i 99.35884881551242 33.79300811604539 31.229999542236328 AB 2.7094109128005 1.2417098592119613
61653.187 lsst_hardware_r 95.79708070129942 24.949365482110675 31.489999771118164 AB 2.508928460307759 1.164416055217091
61672.1731 lsst_hardware_r 37.167571601558 24.106017103213272 31.489999771118164 AB 4.068370805547408 1.0587822525822792
61672.1896 lsst_hardware_i 80.91989345920123 31.97533705821996 31.25 AB 3.8908654499411313 1.0311025440416406
61678.1025 lsst_hardware_r 222.85162195808678 43.05327235856172 32.65999984741211 AB 4.686723734065346 1.2323754231042194
61678.1221 lsst_hardware_z 611.2468607199166 76.90472608349232 32.130001068115234 AB 4.425730276991567 1.1523088659745948
61680.1096 lsst_hardware_g 15.997347495100335 14.306487691690478 31.3700008392334 AB 5.334927660539857 1.1784252830409234
61680.1295 lsst_hardware_r 69.02890836253142 24.49886075767536 31.479999542236328 AB 4.864047706123304 1.1112743217096617
61682.0966 lsst_hardware_i 113.67743353653539 33.33499078550612 31.229999542236328 AB 2.5401682757454216 1.2096039408311532
61682.1169 lsst_hardware_z 94.67715461427146 44.0558253186446 30.940000534057617 AB 2.3793841794303243 1.1330400854430116
61684.1095 lsst_hardware_r -31.02654990695887 26.3799991607666 31.520000457763672 AB 3.9270737809840828 1.1393831086028003
61684.1305 lsst_hardware_g -3.1853364534621846 19.280000686645508 31.540000915527344 AB 4.667338088532143 1.080089809321873
61686.0875 lsst_hardware_z -37.795714112644816 45.79999923706055 30.940000534057617 AB 11.777156566240917 1.2017506700245832
61686.1079 lsst_hardware_r -3.7660871488705965 35.209999084472656 31.56999969482422 AB 10.369920764088498 1.126940728922334
61689.1038 lsst_hardware_z -85.8871641573809 54.81999969482422 30.969999313354492 AB 4.68110651459436 1.1145491701415142
61689.1236 lsst_hardware_r 26.92290104169901 63.68000030517578 31.639999389648438 AB 4.4732433272669745 1.0650579350635654
61692.1158 lsst_hardware_y -75.70296388575277 81.94999694824219 30.799999237060547 AB 7.667421853098186 1.0642422328052692
61696.1055 lsst_hardware_z -80.04215651504458 51.560001373291016 30.969999313354492 AB 9.256147671503783 1.0629577688697582
61696.1247 lsst_hardware_r 95.82847761558743 62.43000030517578 31.649999618530273 AB 9.023668873345159 1.0302363944983342
61698.105 lsst_hardware_u 1.0949405431296988 2.6500000953674316 28.420000076293945 AB 3.371392050743151 1.0532308812068576
61698.1254 lsst_hardware_r 18.614046912148186 22.280000686645508 31.5 AB 3.4087667935039234 1.0224255529407158
61702.0148 lsst_hardware_y 1.7513282955152536 50.810001373291016 29.950000762939453 AB 3.8791460499013355 1.3556337759572799
61702.0362 lsst_hardware_z -75.4717542589358 43.5099983215332 30.93000030517578 AB 3.531623754322264 1.2360219631891727
61704.9979 lsst_hardware_y -118.90442438290376 73.58000183105469 29.93000030517578 AB 6.656549002654671 1.4162870218414194
61705.0162 lsst_hardware_u -6.366954021259004 2.9100000858306885 28.329999923706055 AB 5.553420127000179 1.2973512473767623
61709.015 lsst_hardware_y 63.654065605893955 50.72999954223633 29.989999771118164 AB 5.85294254449911 1.2461023088140295
61709.0338 lsst_hardware_z -64.05669909288406 42.40999984741211 30.940000534057617 AB 5.443048038186189 1.1655349118171712
61720.0191 lsst_hardware_y 59.657121423194326 56.81999969482422 30.030000686645508 AB 7.819718975928518 1.1147140379085558
61720.0363 lsst_hardware_i 46.23552307809308 65.30000305175781 31.31999969482422 AB 7.436759804377608 1.0707563550163273
61728.0218 lsst_hardware_y -86.02484598828423 55.47999954223633 30.049999237060547 AB 5.995464086661061 1.0556633560267157
61728.0393 lsst_hardware_r 3.198532183102395 22.15999984741211 31.489999771118164 AB 5.833323589256428 1.0275966393287894
61729.023 lsst_hardware_y -69.44453944168355 52.970001220703125 30.049999237060547 AB 7.8571048053582535 1.04841776099788
61729.0403 lsst_hardware_r -23.081207756126553 22.079999923706055 31.489999771118164 AB 7.646034072806234 1.022960642120063
61947.352 lsst_hardware_i -16.7049719578917 32.36000061035156 31.209999084472656 AB 7.089036834629498 1.3013774632167476
61947.3753 lsst_hardware_z 69.72417402922997 42.959999084472656 30.93000030517578 AB 6.418297220918909 1.1885735594294276
61954.3278 lsst_hardware_z 111.14517030209993 45.099998474121094 30.920000076293945 AB 8.590307376871381 1.3315897450391172
61954.3468 lsst_hardware_g -6.143346289033492 13.779999732971191 31.34000015258789 AB 8.04710393481847 1.229457077242012
61955.3606 lsst_hardware_u 4.665591960806489 5.21999979019165 28.850000381469727 AB 8.34375918575742 1.1610727689347602
61955.3942 lsst_hardware_y -120.14336424758248 47.45000076293945 30.040000915527344 AB 6.7692313182640085 1.0658528292023317
61958.4203 lsst_hardware_y -46.98728225517168 72.98999786376953 30.809999465942383 AB 1.75471557474307 1.0145308068862027
61960.343 lsst_hardware_r -224.22959665333514 86.91000366210938 31.6299991607666 AB 2.6379868044204082 1.1759227954325744
61960.3623 lsst_hardware_i -51.3434290663214 67.30000305175781 31.31999969482422 AB 2.367484902512138 1.1111474824055718
61962.3787 lsst_hardware_r -40.008925837069036 72.4000015258789 31.649999618530273 AB 9.673378149771914 1.058491581686785
61962.3985 lsst_hardware_z 55.28961001052287 56.380001068115234 30.979999542236328 AB 9.366860036531442 1.0265052094829092
61964.3453 lsst_hardware_z -47.98670442802731 53.59000015258789 30.969999313354492 AB 6.772952096122006 1.1295156088923963
61964.3654 lsst_hardware_r 66.08350732405891 59.189998626708984 31.639999389648438 AB 6.490143741880897 1.0751204431608334
61978.2704 lsst_hardware_u -2.9447459984471176 2.430000066757202 28.15999984741211 AB 2.5650120227449853 1.2844326603630374
61978.2892 lsst_hardware_g -8.067836840093525 13.369999885559082 31.34000015258789 AB 2.450127403433599 1.194601366861823
61979.273 lsst_hardware_r -9.179721521760882 23.18000030517578 31.440000534057617 AB 3.1626817423443048 1.2564035127000912
61979.2921 lsst_hardware_i 35.46348397097131 31.40999984741211 31.219999313354492 AB 2.9460093284475333 1.1721911184512217
61981.2719 lsst_hardware_z -17.43370394113382 43.75 30.93000030517578 AB 5.440795533142859 1.2350474121843655
61981.2913 lsst_hardware_r -10.264029118260424 22.670000076293945 31.469999313354492 AB 5.093228483219368 1.155014396376
61986.2769 lsst_hardware_i 44.72422295353455 83.83000183105469 32.04999923706055 AB 1.0681682573644198 1.1576968107273335
61986.3121 lsst_hardware_r -22.96972028278357 100.80999755859375 32.38999938964844 AB 1.936549069364486 1.0606384679312566
61992.2676 lsst_hardware_r 32.46639361642376 77.69000244140625 31.639999389648438 AB 4.834550419923439 1.1335405439445345
61992.2862 lsst_hardware_z -23.011210493866418 59.779998779296875 30.979999542236328 AB 4.6201107651979845 1.0815498952883442
61994.2646 lsst_hardware_z -16.374884516122492 51.279998779296875 30.959999084472656 AB 3.250867217246512 1.1257439935058478
61994.2837 lsst_hardware_i 97.10212272398681 48.099998474121094 31.299999237060547 AB 3.095294269920293 1.0746616682302903
61997.2671 lsst_hardware_i 0.7331569317801627 31.989999771118164 31.25 AB 5.147358896444877 1.095182743924442
61997.2859 lsst_hardware_r 0.7659014183988226 25.440000534057617 31.520000457763672 AB 4.950085294919571 1.05320963721693
62009.2229 lsst_hardware_g -19.945890712712917 13.819999694824219 31.399999618530273 AB 3.2327119366854453 1.1280837280512197
62009.2463 lsst_hardware_r -4.315012306728461 22.579999923706055 31.489999771118164 AB 3.072557525907937 1.066860252051367
62013.246 lsst_hardware_z -69.92492761389688 47.459999084472656 30.959999084472656 AB 4.362466099092428 1.0464058764913478
62013.2618 lsst_hardware_r -12.299294202357322 48.400001525878906 31.6299991607666 AB 5.027417853469531 1.0233755872102996
62016.1666 lsst_hardware_z 147.71673240652473 67.9800033569336 30.959999084472656 AB 1.7986348067570972 1.284739147683641
62016.185 lsst_hardware_r -18.667239607896548 93.75 31.6200008392334 AB 1.671111198502877 1.1964996647991961
62020.1422 lsst_hardware_z -50.3094831342668 74.8499984741211 30.950000762939453 AB 2.747015437968306 1.366334463053124
62020.1588 lsst_hardware_i -39.909361248143426 81.62000274658203 31.290000915527344 AB 2.5741405451677153 1.2680495296392686
62027.1891 lsst_hardware_r -3.986286790117949 23.049999237060547 31.510000228881836 AB 0.9689808400275508 1.0852874818303724
62027.2111 lsst_hardware_g 0.5382459288361161 14.109999656677246 31.459999084472656 AB 1.2518845069812365 1.0408518037673968
62031.1717 lsst_hardware_z -4.4383139494757415 42.20000076293945 30.940000534057617 AB 1.349849539565509 1.1020679326972882
62031.189 lsst_hardware_i -11.82126310028091 30.6299991607666 31.25 AB 1.2913062983607153 1.0611296021589582
62033.1729 lsst_hardware_u -1.3588077307618045 2.6700000762939453 28.40999984741211 AB 6.781900716287168 1.0848437521054415
62033.1904 lsst_hardware_g -4.828228830961319 13.869999885559082 31.40999984741211 AB 6.548303206076543 1.0481477720810273
62037.1748 lsst_hardware_z 104.21083847547136 41.25 30.950000762939453 AB 4.044419658479231 1.056812035139595
62037.1922 lsst_hardware_u -0.7898287371574354 2.75 28.5 AB 3.8270869402363346 1.0285103306196441
62041.0867 lsst_hardware_z 58.061432469080515 49.380001068115234 30.920000076293945 AB 6.194529264892835 1.3542421420789583
62041.1077 lsst_hardware_r -85.32716148098022 42.349998474121094 31.559999465942383 AB 5.6799671532771105 1.236904198154892
62043.1042 lsst_hardware_z 9.81545882869445 55.119998931884766 30.950000762939453 AB 4.7554354872232 1.2276843906604362
62043.1249 lsst_hardware_i 7.116971620060591 53.209999084472656 31.299999237060547 AB 4.390297960501898 1.14502131068707
62044.0868 lsst_hardware_r -31.993350446772087 77.4000015258789 31.59000015258789 AB 8.254263343440114 1.3035448651235932
62044.1065 lsst_hardware_z 14.066536872107468 59.97999954223633 30.959999084472656 AB 7.634384232503722 1.2052070775126642
62048.1218 lsst_hardware_z -164.4431964159597 103.97000122070312 31.739999771118164 AB 3.9523865633146027 1.111860626855504
62050.1096 lsst_hardware_g -70.49621409971137 78.91999816894531 31.690000534057617 AB 9.066152454988408 1.1324079549906854
62050.1293 lsst_hardware_r 37.78514578117624 76.27999877929688 31.649999618530273 AB 4.116292698581997 1.0781279985809318
62052.1059 lsst_hardware_i -46.198152250906084 31.100000381469727 31.25 AB 6.217651302185695 1.1268283992241572
62052.126 lsst_hardware_z 27.670200314009694 45.79999923706055 30.959999084472656 AB 3.768872459427962 1.073192290663397
62055.1085 lsst_hardware_r 0.10821953801386548 22.920000076293945 31.5 AB 6.343219964217534 1.095831383643005
62059.1065 lsst_hardware_i -30.907545608865245 30.559999465942383 31.25 AB 8.344401047609407 1.0740637208919876
62059.1267 lsst_hardware_z -18.63833569097357 40.90999984741211 30.950000762939453 AB 8.055711380865436 1.0362154204136051
62064.109 lsst_hardware_r -32.74947626638039 22.479999542236328 31.510000228881836 AB 2.8059305679153437 1.0426123800893055
62064.1285 lsst_hardware_g 0.1848841416581428 13.779999732971191 31.450000762939453 AB 2.6892296801428786 1.0168501437394297
62065.1065 lsst_hardware_r -19.42124396614558 22.459999084472656 31.5 AB 4.549867693176764 1.0422328927216924
62065.1254 lsst_hardware_i 21.216790124591412 30.030000686645508 31.25 AB 3.8150953720426655 1.0172231361266448
62067.1104 lsst_hardware_z 39.79166381072871 41.119998931884766 30.959999084472656 AB 3.1879300978104874 1.0283645476808023
62067.1292 lsst_hardware_i -69.1075348848515 30.5 31.260000228881836 AB 2.852388466259134 1.0091591955632222
62070.0142 lsst_hardware_y -45.03333233964585 52.34000015258789 29.959999084472656 AB 5.612461413186214 1.3129076564044322
62070.0335 lsst_hardware_r 16.624317451966434 40.52000045776367 31.56999969482422 AB 5.206192915756057 1.2139892539946502
62077.0163 lsst_hardware_z 20.84600384028453 70.9800033569336 30.969999313354492 AB 3.457325059136746 1.2056230590968544
62077.0342 lsst_hardware_i -45.954224191992196 77.12000274658203 31.31999969482422 AB 3.3838397281772092 1.1378713427707399
62079.0166 lsst_hardware_y -64.57016499554673 49.970001220703125 30.0 AB 4.806824257012728 1.181812225130278
62079.0353 lsst_hardware_r 16.33188175702585 47.810001373291016 31.610000610351562 AB 4.460660637536651 1.117306663823273
62088.019 lsst_hardware_y -25.55881867379095 52.459999084472656 30.040000915527344 AB 6.689967534615845 1.094249443404759
62088.0353 lsst_hardware_r 38.94471369023041 22.270000457763672 31.489999771118164 AB 6.412949471438015 1.0572974329499587
62090.0758 lsst_hardware_z 10.030638321299573 40.22999954223633 30.950000762939453 AB 6.014687952872395 1.0036467924808623
62091.0221 lsst_hardware_y -65.59579249965957 50.970001220703125 30.040000915527344 AB 3.7363435961374223 1.0675267417535492
62091.0409 lsst_hardware_g 2.8742694612685735 13.529999732971191 31.40999984741211 AB 3.6185791420583953 1.0338797548738272
62093.0208 lsst_hardware_y -91.02074305816677 57.220001220703125 30.059999465942383 AB 6.100320017106894 1.058960771399183
62093.0373 lsst_hardware_i -27.83439244151071 30.15999984741211 31.260000228881836 AB 5.806498947672092 1.0312276132498388
62096.023 lsst_hardware_y -103.6619473115117 57.36000061035156 30.049999237060547 AB 4.821617120811821 1.0403748237805965
62096.0389 lsst_hardware_g 1.249306632007543 15.279999732971191 31.459999084472656 AB 4.851205746965658 1.0191608712112727
