data/validation/pwv_sim_epoch_fit_epoch/28754052.ecsv
# %ECSV 0.9
# ---
# datatype:
# - {name: time, datatype: float64}
# - {name: band, datatype: string}
# - {name: flux, datatype: float64}
# - {name: fluxerr, datatype: float64}
# - {name: zp, datatype: float64}
# - {name: zpsys, datatype: string}
# - {name: pwv, datatype: float64}
# - {name: airmass, datatype: float64}
# meta: {SNID: '28754052', alt: 1024.0, c: -0.06784496456384659, dec: -9.896853, lat: -30.244573, lon: -70.7499537, ra: 133.417969, t0: 61051.27734375,
#   x0: 1.07231141415109e-05, x1: -0.24592386186122894, z: 0.4467426538467407}
# schema: astropy-2.0
time band flux fluxerr zp zpsys pwv airmass
61023.3293 lsst_hardware_u 6.576484034760688 3.299986019367751 28.549999237060547 AB 7.713538787648056 1.0669532869006233
61023.3484 lsst_hardware_y 91.12510020016238 58.35449954377648 30.040000915527344 AB 9.03458493717642 1.0684861849892282
61025.3287 lsst_hardware_i 38.55097126834656 31.062284882798238 31.25 AB 11.282799816410778 1.0660127331203506
61025.3473 lsst_hardware_y 74.91347694021594 54.50271569384507 30.049999237060547 AB 11.437512751034928 1.0708099011689969
61027.3065 lsst_hardware_r 19.32713199041995 23.643441944613475 31.489999771118164 AB 7.49318459998975 1.073099366294046
61027.3287 lsst_hardware_y -91.55577622062447 47.60276368115537 30.049999237060547 AB 7.44156814421129 1.066038150232631
61029.3046 lsst_hardware_g -1.3528043048131555 14.599824408996417 31.40999984741211 AB 4.6890299860611115 1.0706770147416627
61029.3263 lsst_hardware_y -54.85390195939418 48.03055052816708 30.040000915527344 AB 4.652302001432569 1.0665524991820052
61031.2742 lsst_hardware_r 448.30895231215857 31.088405116245276 31.489999771118164 AB 5.138172660213946 1.0984869396502288
61031.2959 lsst_hardware_i 236.00755387048724 35.637076563643646 31.25 AB 6.489454525058339 1.0728587766163817
61035.2922 lsst_hardware_u 48.54318357487875 7.499025204670905 29.18000030517578 AB 9.090203258173165 1.0685556903929638
61035.313 lsst_hardware_r 2424.20723454984 59.14956858142571 32.2400016784668 AB 9.08759129330441 1.0674330525993057
61037.2818 lsst_hardware_i 1034.5177334440086 45.00592894397642 31.239999771118164 AB 6.585404301445393 1.0712764734548066
61037.3043 lsst_hardware_z 864.6371882534759 49.748286095298226 30.940000534057617 AB 6.656111662206933 1.0665136456027773
61039.2814 lsst_hardware_r 2369.953133211099 52.62393350297301 31.489999771118164 AB 9.295943589608756 1.0684992631734203
61039.3018 lsst_hardware_u 21.855240992943422 5.40638981708609 28.420000076293945 AB 9.95913538385833 1.06733611330086
61041.2878 lsst_hardware_g 1737.5009111418217 57.66174285804187 31.68000030517578 AB 7.540777717658958 1.0658757361818245
61041.309 lsst_hardware_r 2801.2867063237227 57.74253906276216 31.489999771118164 AB 7.640365853996667 1.0747024284434605
61044.2544 lsst_hardware_r 4032.1006161689743 125.48946357198925 31.649999618530273 AB 2.8405406421633876 1.078004038771684
61044.274 lsst_hardware_i 2055.994578340273 98.42804553152708 31.34000015258789 AB 2.904003650789552 1.0664395082007108
61047.2631 lsst_hardware_z 1725.3751770882075 72.69583878613642 30.969999313354492 AB 9.980470462342979 1.0671446631748709
61047.2843 lsst_hardware_r 4570.9022423364595 99.98396027952602 31.639999389648438 AB 10.102603114343813 1.0691528121714944
61050.2434 lsst_hardware_z 1948.6871718588666 61.2987404978441 30.950000762939453 AB 7.670570191042653 1.073319911525459
61050.2655 lsst_hardware_r 4329.897811195374 74.5562720943525 31.59000015258789 AB 7.0549653969112756 1.0659865367599102
61055.2253 lsst_hardware_i 2531.941315759474 58.84631661853195 31.25 AB 5.816363961192837 1.0771044372579328
61055.2446 lsst_hardware_z 1859.4337118023013 59.72112268150177 30.950000762939453 AB 5.7580770654215145 1.0663105676706508
61057.2041 lsst_hardware_z 1858.9889147811127 59.6021734784871 30.940000534057617 AB 3.382899239972693 1.0970379115682714
61057.2244 lsst_hardware_r 3464.8369228103434 62.829342923971375 31.489999771118164 AB 3.5216301549033364 1.073231457203382
61059.2013 lsst_hardware_u 3.3883765861382122 2.633294652016323 28.309999465942383 AB 6.338990036796904 1.0929293166891214
61059.2205 lsst_hardware_g 965.6363457139292 33.33026274313667 31.399999618530273 AB 6.418816563723577 1.0720958545316754
61061.1989 lsst_hardware_r 2882.731835717161 58.406493984145946 31.489999771118164 AB 12.5186922349944 1.088581933477774
61061.2185 lsst_hardware_i 2323.76301682572 56.110623330969155 31.25 AB 12.638086506656911 1.069921112975907
61065.1935 lsst_hardware_u 7.057772769101126 3.1777258989608526 28.34000015258789 AB 8.368888809230278 1.0817409434796454
61065.2129 lsst_hardware_r 2237.153360794189 53.096514179998024 31.489999771118164 AB 9.198017507206677 1.0674888304075525
61069.185 lsst_hardware_r 1989.8219615884104 67.80200209860502 31.6299991607666 AB 10.361163625965304 1.0791379974272988
61069.2018 lsst_hardware_z 1203.4651665563354 58.60063716485122 30.959999084472656 AB 10.281402911343177 1.0675507046475539
61072.17 lsst_hardware_i 1486.6025754286766 102.12401999785028 31.329999923706055 AB 11.983844292759596 1.0870686042053335
61072.1882 lsst_hardware_z 1209.1723410133293 85.98405017249634 30.989999771118164 AB 12.027555250923955 1.0700671931427006
61074.1773 lsst_hardware_r 1414.8715793605586 124.38571519582672 31.649999618530273 AB 9.881211061247454 1.0737528998910648
61074.1955 lsst_hardware_z 900.9073595008023 87.26740036273512 30.989999771118164 AB 9.73424972602619 1.0659396515245179
61076.1748 lsst_hardware_r 1162.9317443936563 81.04256195251142 31.639999389648438 AB 7.229021875980669 1.0716012267981772
61076.1926 lsst_hardware_i 1387.1593958985886 71.45819238491988 31.31999969482422 AB 7.226573311530042 1.06586627013715
61080.1429 lsst_hardware_r 790.2977213680177 38.77937522699463 31.520000457763672 AB 6.129340143605234 1.094525025643792
61080.1624 lsst_hardware_z 823.170663313672 51.968710114300166 30.950000762939453 AB 6.006731719226209 1.0726306641475374
61082.154 lsst_hardware_r 661.6901182024964 34.87217861119232 31.5 AB 2.2846878759593787 1.0749364638899253
61082.1712 lsst_hardware_i 1052.6314648211053 44.26016976451722 31.25 AB 2.878857135031838 1.0662433833451253
61084.157 lsst_hardware_z 802.7106005787182 49.78258365131415 30.940000534057617 AB 3.968580215714903 1.0692178398872663
61084.1731 lsst_hardware_u 1.4909508567200147 3.175328061966969 28.40999984741211 AB 4.34002199898817 1.0660170706756429
61086.1277 lsst_hardware_r 563.7150272870598 32.79003845099205 31.5 AB 3.0514804507940743 1.0927414326925453
61086.1444 lsst_hardware_g 90.5275061273692 17.739496059634657 31.440000534057617 AB 2.96384071695229 1.07385533222904
61088.1295 lsst_hardware_r 434.1412962403295 31.686979091098202 31.489999771118164 AB 3.3901416259045423 1.0831123405445822
61088.1468 lsst_hardware_i 809.3178064779753 41.68029523277931 31.25 AB 3.260910647657867 1.0688589940425037
61094.1227 lsst_hardware_r 368.5688912135226 29.66537331345606 31.489999771118164 AB 7.077111535232277 1.0737402604881257
61094.1402 lsst_hardware_i 617.7360225481107 39.423078644698336 31.239999771118164 AB 8.308641792359076 1.0659963168180486
61097.0859 lsst_hardware_z 433.91907540108963 52.56209948315232 30.950000762939453 AB 6.370210504156983 1.1132352665746836
61097.0973 lsst_hardware_r 331.9655339150121 48.2167836327501 31.600000381469727 AB 6.253753769428029 1.0932817405252813
61099.094 lsst_hardware_r 413.3507985630419 80.09339866967144 31.639999389648438 AB 5.728999298855335 1.0901478138728578
61099.1122 lsst_hardware_i 587.1426990976482 69.10154720863673 31.329999923706055 AB 5.494988846778164 1.0714612161017676
61101.0933 lsst_hardware_z 408.9513126610978 82.4259217599847 30.989999771118164 AB 3.1604229977959446 1.0839452376114664
61101.1125 lsst_hardware_i 584.2099829533357 95.65078169553033 31.34000015258789 AB 3.098090970222952 1.0683072311113628
61103.0998 lsst_hardware_z 881.4111040959564 110.09074719750176 31.739999771118164 AB 4.8715592411003295 1.0724794689440806
61105.0918 lsst_hardware_r 306.824065106603 70.76243420920432 31.639999389648438 AB 7.755244706532127 1.0744312422460691
61105.1104 lsst_hardware_i 493.74044733849956 61.55861905607263 31.31999969482422 AB 7.714782114674907 1.0659702627130336
61107.0881 lsst_hardware_z 667.2040473377021 69.95719378563058 31.700000762939453 AB 11.078969418112163 1.0730496542882093
61111.076 lsst_hardware_i 379.15813072912437 35.94196734706015 31.239999771118164 AB 8.320316790531002 1.0739587975042024
61111.0954 lsst_hardware_z 320.8698042873471 45.122287711497506 30.940000534057617 AB 8.45806483498451 1.0658739185479795
61114.0755 lsst_hardware_g 43.09082689562903 15.759588763442084 31.399999618530273 AB 10.326031813842729 1.0690027241412836
61114.0949 lsst_hardware_r 271.6213132422618 26.99216086620833 31.489999771118164 AB 9.505056827761367 1.0666855132623183
61116.0755 lsst_hardware_i 290.6833647339552 35.587675101823955 31.25 AB 8.726854850125601 1.0668852776827658
61116.0942 lsst_hardware_r 223.86327072083708 27.099359942894264 31.489999771118164 AB 8.228271236891581 1.0683291660467011
61118.0725 lsst_hardware_u -2.604885453526624 2.903909329747162 28.40999984741211 AB 7.685232649219799 1.0663073697002352
61118.0922 lsst_hardware_g 44.62631836149989 15.544294952387677 31.420000076293945 AB 8.755895229094746 1.0700757994616081
61120.0446 lsst_hardware_g 17.964233750203686 15.17803685603295 31.40999984741211 AB 4.2540563023211035 1.0803266592142984
61120.0647 lsst_hardware_r 192.77365524854918 26.592779728707395 31.5 AB 4.168719144711714 1.0668507088193766
61124.0349 lsst_hardware_i 71.0793377520652 33.31999969482422 31.25 AB 8.98306348112077 1.0790466643989316
61124.053 lsst_hardware_z -9.438077601920682 42.56999969482422 30.940000534057617 AB 11.071637974138863 1.0670772616190634
61126.0333 lsst_hardware_z -19.344860086262127 49.630001068115234 30.959999084472656 AB 5.909432918886954 1.0754036946155419
61126.0513 lsst_hardware_r -12.8675285420262 49.939998626708984 31.6200008392334 AB 6.687518530244009 1.0661931014896875
61128.0314 lsst_hardware_i 202.77447953111943 64.5199966430664 31.31999969482422 AB 6.971729688906698 1.072573798293338
61128.0489 lsst_hardware_r 50.672965971451575 78.08999633789062 31.639999389648438 AB 7.25789835347604 1.0658750274343118
61130.0298 lsst_hardware_z -101.01324541497688 96.4800033569336 31.729999542236328 AB 6.374421295109148 1.0700724013948637
61133.0218 lsst_hardware_r 60.92620535346355 82.05999755859375 31.639999389648438 AB 6.702517857246824 1.0699633407425986
61133.0392 lsst_hardware_i 30.724593520461518 66.43000030517578 31.31999969482422 AB 6.580927994066268 1.0659962734374775
61135.019 lsst_hardware_z 105.7706830377035 47.349998474121094 30.959999084472656 AB 8.172911162810248 1.0685988510849211
61135.0374 lsst_hardware_r -83.48840489387315 49.93000030517578 31.6200008392334 AB 8.176623422248953 1.0666436320319435
61137.017 lsst_hardware_u 1.739356593760139 2.680000066757202 28.420000076293945 AB 11.370328549103819 1.0672356438054968
61137.0354 lsst_hardware_g 6.041738693399509 13.9399995803833 31.40999984741211 AB 11.38805471621165 1.0677302293538442
61139.0183 lsst_hardware_r 4.1380422387371425 22.700000762939453 31.479999542236328 AB 8.625486932772809 1.0659057441689876
61139.0348 lsst_hardware_z 41.887943264099775 41.5 30.940000534057617 AB 8.62416687701931 1.0700401435567335
61142.0113 lsst_hardware_r 17.616768764160707 23.290000915527344 31.510000228881836 AB 5.272421361902112 1.0658533750475967
61142.029 lsst_hardware_u -3.984100155394603 2.859999895095825 28.540000915527344 AB 5.346414761552299 1.0715152758017132
61147.98 lsst_hardware_y -49.201900155907545 49.099998474121094 30.040000915527344 AB 12.095031814156775 1.0704515279367
61147.9969 lsst_hardware_i -13.884377845793585 30.760000228881836 31.25 AB 12.027472441299649 1.0658873131247473
61149.9796 lsst_hardware_y -39.2114267080215 48.84000015258789 30.040000915527344 AB 9.626828121208414 1.0679270199354833
61149.998 lsst_hardware_r 34.6057116153452 23.309999465942383 31.510000228881836 AB 9.731193542508151 1.0670753377386237
61151.97 lsst_hardware_y 10.422530597091763 62.41999816894531 30.049999237060547 AB 9.937385845119211 1.0699166499913018
61151.9881 lsst_hardware_g -28.480951783471507 17.520000457763672 31.5 AB 9.677167540067872 1.0660902299780077
61157.9662 lsst_hardware_z 150.19833042284012 67.61000061035156 30.979999542236328 AB 1.1280113763381423 1.0659214517724
61157.9874 lsst_hardware_r 13.691279655679079 74.37999725341797 31.639999389648438 AB 1.1097384633328529 1.0729886036577418
61159.9646 lsst_hardware_y -55.38472620802778 65.5 30.059999465942383 AB 12.020884174703456 1.0659174617338467
61159.9821 lsst_hardware_z 48.60968379621281 59.369998931884766 30.979999542236328 AB 12.098416187227912 1.0731095738542016
61383.339 lsst_hardware_z 23.170139845771804 43.31999969482422 30.950000762939453 AB 7.872029123969092 1.06867377296682
61385.337 lsst_hardware_u -0.7112045017296443 3.3399999141693115 28.639999389648438 AB 9.086199149217576 1.0672904247320298
61387.3306 lsst_hardware_r 9.873818883165185 23.110000610351562 31.5 AB 10.726191725057651 1.0676191561245816
61387.3509 lsst_hardware_z 84.72335811264008 55.13999938964844 30.979999542236328 AB 11.099342241613606 1.0680574708260024
61389.329 lsst_hardware_z -47.027930529768796 41.38999938964844 30.950000762939453 AB 8.811817742172643 1.0664820545662217
61389.3481 lsst_hardware_y -24.61802983221096 55.459999084472656 30.049999237060547 AB 8.941446479612212 1.0692909863981184
61390.3262 lsst_hardware_u 4.048287394975574 2.7799999713897705 28.479999542236328 AB 11.288270699432053 1.0664971481537964
61390.345 lsst_hardware_y -10.98869586677083 51.439998626708984 30.049999237060547 AB 11.409540684945595 1.0691025452037917
61392.221 lsst_hardware_i 14.169766529141029 46.77000045776367 31.959999084472656 AB 6.2697310106821655 1.3210558387446618
61394.3264 lsst_hardware_r -3.0403585080215816 22.790000915527344 31.5 AB 4.75611577546867 1.0663936716295983
61394.3478 lsst_hardware_y -83.79813463859455 53.61000061035156 30.049999237060547 AB 5.1742483334630744 1.0796929123175365
61396.2866 lsst_hardware_y 35.05017447693923 50.130001068115234 30.049999237060547 AB 5.003566345023883 1.0822031675189538
61396.3075 lsst_hardware_g -5.1095609782150895 40.33000183105469 31.690000534057617 AB 6.30593364954214 1.0671142231851545
61405.2839 lsst_hardware_r -30.92588142385836 30.40999984741211 31.559999465942383 AB 6.0040923174364 1.0668252163177683
61405.3057 lsst_hardware_i 0.6897817880156242 34.380001068115234 31.270000457763672 AB 5.423001298927292 1.0699772375390908
61407.2854 lsst_hardware_z 12.83120057378583 41.63999938964844 30.950000762939453 AB 5.1892422844792785 1.0658446428479964
61407.3058 lsst_hardware_r 13.627062569800403 24.049999237060547 31.510000228881836 AB 5.574983297480827 1.0737296499497628
61409.2598 lsst_hardware_r 59.845360790445966 22.889999389648438 31.489999771118164 AB 2.9435076184755475 1.073815632690052
61409.2805 lsst_hardware_u 2.745874262112169 2.6600000858306885 28.40999984741211 AB 2.824046798953342 1.065845623130684
61415.2495 lsst_hardware_u -1.829511061546884 2.640000104904175 28.3799991607666 AB 7.639394961250033 1.069743506523063
61415.2693 lsst_hardware_g 3.2772995919134367 14.020000457763672 31.40999984741211 AB 7.088844377119809 1.0664326416367385
61418.2227 lsst_hardware_r -9.25702829692891 23.040000915527344 31.5 AB 4.791945137045938 1.0868758698197056
61418.2411 lsst_hardware_i 26.54475515541984 30.780000686645508 31.25 AB 4.708892152579935 1.0698582999973345
61420.2303 lsst_hardware_z 8.069884119802126 41.47999954223633 30.950000762939453 AB 5.796339039626142 1.0733961184492855
61420.2497 lsst_hardware_r 27.565208736617837 22.920000076293945 31.5 AB 5.755542776807725 1.0658412549643934
61422.2009 lsst_hardware_r -25.41153844477524 23.309999465942383 31.5 AB 3.373465508871901 1.1035817596222393
61422.22 lsst_hardware_u 1.3360874897897606 2.7799999713897705 28.489999771118164 AB 3.5502676104508093 1.077580213613147
61424.1982 lsst_hardware_z -54.15177889797835 49.79999923706055 30.969999313354492 AB 6.373326044113556 1.0988493179506131
61424.2172 lsst_hardware_i -7.471476916646844 44.70000076293945 31.299999237060547 AB 6.443447224541694 1.075162226688085
61426.1973 lsst_hardware_z -73.77740938064534 67.05000305175781 30.979999542236328 AB 12.55535666529542 1.0917701448082975
61426.2173 lsst_hardware_r -108.7037914759245 93.72000122070312 31.649999618530273 AB 12.661082732572915 1.0710216751319985
