data/validation/pwv_sim_epoch_fit_epoch/28794478.ecsv
# %ECSV 0.9
# ---
# datatype:
# - {name: time, datatype: float64}
# - {name: band, datatype: string}
# - {name: flux, datatype: float64}
# - {name: fluxerr, datatype: float64}
# - {name: zp, datatype: float64}
# - {name: zpsys, datatype: string}
# - {name: pwv, datatype: float64}
# - {name: airmass, datatype: float64}
# meta: {SNID: '28794478', alt: 1024.0, c: -0.06734678894281387, dec: -35.136116, lat: -30.244573, lon: -70.7499537, ra: 16.171875, t0: 60854.04296875,
#   x0: 3.136336138780671e-06, x1: 0.7606145143508911, z: 0.741825520992279}
# schema: astropy-2.0
time band flux fluxerr zp zpsys pwv airmass
60849.3057 lsst_hardware_r 831.787159820841 37.7089507802613 31.360000610351562 AB 4.554228189661069 1.7155555711932706
60849.3434 lsst_hardware_i 1056.78857559549 46.2050585016388 31.200000762939453 AB 4.729649486610924 1.3772001125751292
60856.3268 lsst_hardware_z 686.3820054576736 51.64457089819644 30.920000076293945 AB 4.825775328112641 1.3608108080684815
60856.346 lsst_hardware_r 769.0593630812775 36.45242372081464 31.459999084472656 AB 4.444144742937283 1.2532839094577786
60861.3685 lsst_hardware_r 632.3597795060927 34.42767049421198 31.479999542236328 AB 5.080920338043072 1.11635865051481
60861.3865 lsst_hardware_u -2.395151222733207 2.773785813191915 28.450000762939453 AB 4.424759444359046 1.0717379515229177
60863.3374 lsst_hardware_r 729.5986588529912 52.92283420460544 31.579999923706055 AB 1.9017572616467424 1.2058061470865955
60863.3561 lsst_hardware_i 945.9155812748531 52.171668033108496 31.280000686645508 AB 1.8141766364961227 1.137295979414558
60870.3947 lsst_hardware_i 785.0760326157675 67.65824720885246 31.329999923706055 AB 6.032484140201228 1.0209840298216515
60870.4147 lsst_hardware_z 412.1855153248034 60.83513592925831 30.979999542236328 AB 5.946657389087843 1.0066284196509254
60873.3681 lsst_hardware_i 1326.9620331535205 68.17639940258915 32.040000915527344 AB 1.0073300035644803 1.0450384752117026
60873.3926 lsst_hardware_y 366.9402718424484 70.85091473984508 30.809999465942383 AB 2.3353243958763463 1.0153584329897158
60875.376 lsst_hardware_r 344.37731500946103 31.811593073545954 31.540000915527344 AB 2.8323064572035785 1.0265079277089382
60875.3962 lsst_hardware_i 505.3919589431868 39.74097732215008 31.270000457763672 AB 2.8240279712804273 1.0090318789746948
60877.3636 lsst_hardware_z 372.95950026632426 45.2339800228782 30.940000534057617 AB 4.262430870461981 1.0354083086142465
60877.3821 lsst_hardware_r 317.9895331260886 27.877500737536828 31.489999771118164 AB 5.900513558610074 1.0150111484298927
60879.3696 lsst_hardware_u 0.8848200096863702 2.81964052976691 28.489999771118164 AB 4.558984897940931 1.0215258850768587
60879.3894 lsst_hardware_r 198.63505661993503 27.297093276469145 31.510000228881836 AB 5.152543743404947 1.006946207427193
60881.273 lsst_hardware_u -1.0901841955028133 2.602321360845785 28.209999084472656 AB 7.6337769478682524 1.2771920608780747
60881.2921 lsst_hardware_g 50.288117745198655 14.915118278331654 31.360000610351562 AB 6.411139763256039 1.1901684249790763
60886.2755 lsst_hardware_g 17.22190895971333 14.071325303241503 31.360000610351562 AB 5.297359830701272 1.2021012834177731
60886.2964 lsst_hardware_r 139.98031047355715 25.681608340118345 31.479999542236328 AB 5.056581097021678 1.1276942678460478
60888.2523 lsst_hardware_r 139.87337404661542 25.789313340768768 31.450000762939453 AB 5.682838550451773 1.2855646534219596
60888.272 lsst_hardware_i 280.0674403370007 35.32658051050352 31.229999542236328 AB 5.281970510548812 1.1941154130856395
60890.2747 lsst_hardware_r 107.89833748747856 31.98033496520914 31.530000686645508 AB 2.679060665044882 1.1632074672747679
60890.2949 lsst_hardware_z 247.2712499163218 44.62269732890403 30.940000534057617 AB 2.5325622495435836 1.1011140215406885
60891.2562 lsst_hardware_z 493.6561455808906 71.31678962398865 31.690000534057617 AB 1.2039354220392653 1.2264197847598628
60894.2629 lsst_hardware_z 247.4879793562105 58.98006882456509 30.959999084472656 AB 4.916811518772743 1.1663649670911502
60894.282 lsst_hardware_r 109.23154056937402 73.22090687625335 31.6299991607666 AB 4.709107917096801 1.1063766740770933
60896.2687 lsst_hardware_y 333.6335539675825 82.89804754105755 30.780000686645508 AB 3.7508006018444076 1.1289091352428615
60897.2617 lsst_hardware_r 258.7568361272003 108.94347260085131 31.639999389648438 AB 4.949336805350867 1.142374334760731
60897.2807 lsst_hardware_i 189.35934245697916 83.82704306728334 31.329999923706055 AB 4.597868143811812 1.0887682083381038
60899.262 lsst_hardware_z 55.09482814842066 64.87446484741051 30.979999542236328 AB 3.235309261552172 1.1244123939592814
60899.2796 lsst_hardware_r 50.39950556278045 83.74923221704883 31.649999618530273 AB 3.113714423511611 1.0786228192644363
60902.2838 lsst_hardware_i 135.00903924891387 40.91252177258381 31.299999237060547 AB 4.952536726666096 1.0537312184395948
60902.3122 lsst_hardware_z 190.12676198131012 46.2838566652402 30.969999313354492 AB 4.783527124480111 1.0164021087499797
60904.2611 lsst_hardware_r 37.085808073149195 23.648257047806766 31.5 AB 3.732820257649681 1.089954086473372
60904.2793 lsst_hardware_z 149.1337868723987 43.076416640516904 30.950000762939453 AB 3.716573282593268 1.0520340478644874
60906.263 lsst_hardware_r 66.82443719206083 23.45822741191155 31.5 AB 2.5972114588717377 1.0731170163709278
60906.2797 lsst_hardware_u 2.9120385847888177 2.7203176658463657 28.479999542236328 AB 2.5126234346080554 1.0423660794889258
60908.2622 lsst_hardware_g 24.283135974898293 14.148890800814726 31.399999618530273 AB 1.0736321305200387 1.0635286087373639
60908.2809 lsst_hardware_r 60.32935923671266 23.032600106929788 31.489999771118164 AB 1.1006796045983476 1.0327746700430191
60910.2551 lsst_hardware_i 144.0136158154548 31.971934012381556 31.25 AB 2.0464981960484567 1.0668105279140523
60910.2739 lsst_hardware_z 81.845868404887 42.149474777893296 30.950000762939453 AB 1.9945263518915932 1.034863205754891
60912.2578 lsst_hardware_r 32.07167775503956 22.931877883087314 31.479999542236328 AB 3.360751116962424 1.0514394984759585
60912.2752 lsst_hardware_u -1.4098331821227685 2.7498092085254613 28.420000076293945 AB 3.3527865703363497 1.0262585155605601
60932.1741 lsst_hardware_i 106.03676889310547 32.17999432787057 31.25 AB 0.997420143821542 1.1179751285129733
60932.1931 lsst_hardware_r 31.2420572424708 23.54400529522807 31.5 AB 0.9386583605513407 1.0708147472778864
60934.1664 lsst_hardware_u -1.511084293948902 2.5948630160313075 28.31999969482422 AB 3.5674356654493926 1.1245462852105208
60934.184 lsst_hardware_g 14.995384206427739 13.765926499653352 31.399999618530273 AB 3.21648445152519 1.0787237198039077
60936.1729 lsst_hardware_r 59.79723596485634 23.61994735480202 31.5 AB 1.329146533071005 1.0920004379605683
60936.1915 lsst_hardware_g 20.665657665773978 13.850393407080277 31.420000076293945 AB 1.2822219651126203 1.052799423971956
60938.1689 lsst_hardware_r 57.15308071953015 23.32727321343124 31.479999542236328 AB 6.836494715278761 1.088440489616052
60938.1869 lsst_hardware_i 72.38745885074842 31.391464110258287 31.25 AB 6.532735399548666 1.0512931122543716
60941.168 lsst_hardware_u -1.241373055776172 2.6600000858306885 28.40999984741211 AB 2.074633522561079 1.0719312064898296
60941.184 lsst_hardware_g -17.010481720630786 13.680000305175781 31.40999984741211 AB 2.076058788943299 1.0425907289103626
60945.0901 lsst_hardware_r -15.028770985147586 24.530000686645508 31.459999084472656 AB 4.357068949445276 1.3223274505144995
60945.1108 lsst_hardware_i 28.11185191162164 32.060001373291016 31.229999542236328 AB 3.9217437204517065 1.2174602158951762
60947.1008 lsst_hardware_r -6.2563380808535936 28.309999465942383 31.5 AB 4.584577087985834 1.237876044727629
60947.12 lsst_hardware_g 12.156686314924157 21.989999771118164 31.540000915527344 AB 4.29336911080436 1.1599520292159078
60950.1109 lsst_hardware_r -96.05503853978958 48.810001373291016 31.600000381469727 AB 5.28603500691824 1.1631719676352161
60950.1315 lsst_hardware_i -3.563737468356338 44.220001220703125 31.290000915527344 AB 4.8212255193726365 1.1000457519531426
60952.1098 lsst_hardware_z 93.80016087576037 59.849998474121094 30.959999084472656 AB 2.4110414514096745 1.1481149768617498
60952.1303 lsst_hardware_i -52.60208817689585 62.040000915527344 31.309999465942383 AB 1.989787684530616 1.08934952390015
60955.0862 lsst_hardware_r -23.044006886012887 113.41999816894531 31.6200008392334 AB 9.462351027338602 1.2059199049274443
60955.1069 lsst_hardware_z -33.93920898391718 75.16999816894531 30.979999542236328 AB 9.304561425962056 1.1311161470899653
60957.1074 lsst_hardware_r 133.52689852664633 71.05999755859375 31.6299991607666 AB 6.40972684596098 1.1135408714064883
60957.1268 lsst_hardware_i 12.77877286543447 58.959999084472656 31.31999969482422 AB 3.7501430910069513 1.0667705841432598
60959.1048 lsst_hardware_r -8.161061788541753 22.6299991607666 31.479999542236328 AB 4.6438133748475305 1.1056698511541738
60959.1243 lsst_hardware_i -4.053013953194501 30.270000457763672 31.239999771118164 AB 4.455859564156241 1.060918943846724
60961.1056 lsst_hardware_z 26.379209162485704 41.72999954223633 30.940000534057617 AB 5.717251597262285 1.0896575580056242
60961.1272 lsst_hardware_r -17.427112067006387 22.389999389648438 31.489999771118164 AB 6.08036447248341 1.0460842103197265
60965.1072 lsst_hardware_i 8.704936969372623 30.34000015258789 31.239999771118164 AB 7.326919443099928 1.0623085967329315
60965.1262 lsst_hardware_z 9.094426470627619 40.88999938964844 30.950000762939453 AB 6.601992417355238 1.0315613152117558
60968.1054 lsst_hardware_r 0.6620327697436892 22.229999542236328 31.489999771118164 AB 3.4149320328477812 1.0505866890778204
60968.1237 lsst_hardware_u -4.943856833581197 2.7200000286102295 28.5 AB 3.3375944930153545 1.0246663575148836
60972.1181 lsst_hardware_i 9.803576976221361 42.36000061035156 32.0099983215332 AB 3.1593063787972766 1.0191310899346053
60972.1381 lsst_hardware_z 40.17822335327408 57.15999984741211 31.709999084472656 AB 2.842369770989008 1.0058815433031967
60974.0141 lsst_hardware_y 72.0039597041241 50.15999984741211 29.969999313354492 AB 5.094998091420418 1.3041247621058194
60974.0336 lsst_hardware_z -11.446670199319573 43.119998931884766 30.940000534057617 AB 4.808337458864914 1.208960326573207
60976.0137 lsst_hardware_y -17.966872788385675 50.38999938964844 29.969999313354492 AB 4.54527599684617 1.2768226968058909
60976.0318 lsst_hardware_z -18.183228041218374 43.5099983215332 30.93000030517578 AB 4.260338099906863 1.1938736443623679
60978.0147 lsst_hardware_y -80.02098333679606 51.18000030517578 29.989999771118164 AB 5.61057527731655 1.2447199727823737
60978.0327 lsst_hardware_i 15.750543532021451 38.63999938964844 31.270000457763672 AB 5.290479737915103 1.1694898564056597
60979.0288 lsst_hardware_r -58.93571897048507 48.04999923706055 31.59000015258789 AB 5.482844765355447 1.1738053447560364
60979.0454 lsst_hardware_z -10.176873971685696 48.63999938964844 30.959999084472656 AB 4.602873898404372 1.1190584460643205
60982.0156 lsst_hardware_z -86.31490789134185 65.54000091552734 30.959999084472656 AB 3.541939489454738 1.193141337715994
60982.0326 lsst_hardware_i -65.86921487157174 67.7699966430664 31.309999465942383 AB 3.325471838610364 1.1329111419292108
60991.0186 lsst_hardware_y 15.152577453094404 53.65999984741211 30.030000686645508 AB 5.91376350772952 1.1025427187563774
60991.0348 lsst_hardware_r 18.762598529338643 22.18000030517578 31.489999771118164 AB 5.42929491784125 1.0650897337596068
60993.0315 lsst_hardware_r 27.23280525159967 22.34000015258789 31.489999771118164 AB 6.485791862166752 1.0608532998841549
60993.0519 lsst_hardware_i 8.481068588584609 29.920000076293945 31.25 AB 3.9891346545559894 1.0288345910993784
60997.0218 lsst_hardware_y -25.73076465090925 54.880001068115234 30.049999237060547 AB 8.028880804094392 1.0585325003475397
60997.0386 lsst_hardware_u 2.9888278006408404 2.75 28.469999313354492 AB 7.839964803429548 1.031857171825112
60999.0224 lsst_hardware_y -61.89956067184172 56.439998626708984 30.059999465942383 AB 7.847609649235285 1.0478032355029032
60999.039 lsst_hardware_r -3.912702746650125 22.139999389648438 31.5 AB 7.6681421848424245 1.0247302940867775
61220.3881 lsst_hardware_z -40.47657020293865 81.2300033569336 31.719999313354492 AB 2.6062431078012747 1.1092756364338263
61220.4257 lsst_hardware_y -24.805783721309545 72.43000030517578 30.809999465942383 AB 2.094672725297294 1.0335556210348489
61222.3689 lsst_hardware_r -115.87295466143728 84.76000213623047 31.6299991607666 AB 9.963612812374338 1.1513303457793183
61222.3878 lsst_hardware_y -138.17334852236993 53.06999969482422 30.030000686645508 AB 10.628007133143083 1.095670838468359
61223.3699 lsst_hardware_z 35.17364223578535 59.709999084472656 30.969999313354492 AB 7.884554991332217 1.1390299267568753
61223.3899 lsst_hardware_r -49.975449870354055 78.23999786376953 31.639999389648438 AB 8.009477089718649 1.0839364062277834
61225.3742 lsst_hardware_i 75.52478552806214 57.220001220703125 31.309999465942383 AB 7.9556605239289375 1.109963100652799
61225.395 lsst_hardware_z -68.93187409176805 54.689998626708984 30.979999542236328 AB 6.689950936586817 1.0614476840364107
61233.4016 lsst_hardware_i 42.649232189575294 29.8700008392334 31.25 AB 7.8195219472164785 1.0202259700197638
61233.4213 lsst_hardware_z -17.258544541344122 40.349998474121094 30.950000762939453 AB 8.796222143716284 1.0064327395556627
61238.3677 lsst_hardware_r 6.371644049887621 21.969999313354492 31.479999542236328 AB 0.9003430498548952 1.0468090880979306
61238.3862 lsst_hardware_i 14.179616455673349 29.790000915527344 31.25 AB 2.3506243425721456 1.02201058372702
61242.3687 lsst_hardware_z 35.54811843741716 40.47999954223633 30.950000762939453 AB 4.3894051816904645 1.0295711919524155
61242.3892 lsst_hardware_r 2.982200097139135 21.860000610351562 31.489999771118164 AB 5.987893754108418 1.010359192459026
61244.2665 lsst_hardware_z 16.106164770368704 47.27000045776367 30.920000076293945 AB 6.9305592978275445 1.3494517535929018
61244.2853 lsst_hardware_r -41.32267881952817 22.809999465942383 31.440000534057617 AB 6.424550170454496 1.2465576115748318
61248.2688 lsst_hardware_r -128.96198212170336 71.19000244140625 31.59000015258789 AB 2.4899052672356583 1.2742606280632847
61248.289 lsst_hardware_z -105.5724806439493 55.34000015258789 30.950000762939453 AB 2.3690732446504805 1.1836488856609946
61249.2638 lsst_hardware_r 12.091267566624573 85.6500015258789 31.59000015258789 AB 3.255317684812705 1.2861784610085756
61249.2819 lsst_hardware_y 55.62422906522174 54.09000015258789 30.0 AB 3.024335245659095 1.2010862770687432
61251.2623 lsst_hardware_z -71.65813220459243 71.13999938964844 30.959999084472656 AB 5.5955836616420385 1.265635087640978
61251.2812 lsst_hardware_r 179.7512439827554 101.52999877929688 31.6200008392334 AB 5.225574586518316 1.1821452547501137
61258.2668 lsst_hardware_g -7.801463171963857 22.09000015258789 31.540000915527344 AB 1.4491149241795849 1.1646493262443922
61258.2864 lsst_hardware_i -20.239172548778868 34.70000076293945 31.260000228881836 AB 1.4150151171815193 1.1037559416392506
61260.2664 lsst_hardware_z -9.099191113724713 42.52000045776367 30.940000534057617 AB 3.4487390099917894 1.1471578922247885
61260.2848 lsst_hardware_r 5.104958106518786 22.389999389648438 31.479999542236328 AB 3.345768826274738 1.0938055335720824
61261.2668 lsst_hardware_u -3.4464477691805575 2.559999942779541 28.309999465942383 AB 3.7389619586203606 1.1369809817911998
61261.2868 lsst_hardware_g -23.58524201557463 13.369999885559082 31.389999389648438 AB 3.568283052194851 1.082445943332277
61263.2662 lsst_hardware_r -20.864288794018293 22.350000381469727 31.469999313354492 AB 7.434235524186393 1.1221064147294657
61263.2825 lsst_hardware_i 18.40739194041439 30.329999923706055 31.239999771118164 AB 7.32965348897258 1.079795740862195
61268.2666 lsst_hardware_z 22.58308897512886 41.52000045776367 30.950000762939453 AB 4.900144923126828 1.084983007556313
61268.2858 lsst_hardware_r -10.680321833844715 22.190000534057617 31.5 AB 4.719521744426046 1.046805310951768
61272.2422 lsst_hardware_i 30.440810084550424 43.7599983215332 31.989999771118164 AB 2.012854627588301 1.1204311870794883
61272.2578 lsst_hardware_r 21.827828105267415 31.68000030517578 32.2400016784668 AB 1.7600938235376633 1.0800882578603255
61274.286 lsst_hardware_r 1.6595233176729236 31.440000534057617 31.56999969482422 AB 1.817730993030102 1.0240737988901982
