data/validation/pwv_sim_epoch_fit_epoch/28879575.ecsv
# %ECSV 0.9
# ---
# datatype:
# - {name: time, datatype: float64}
# - {name: band, datatype: string}
# - {name: flux, datatype: float64}
# - {name: fluxerr, datatype: float64}
# - {name: zp, datatype: float64}
# - {name: zpsys, datatype: string}
# - {name: pwv, datatype: float64}
# - {name: airmass, datatype: float64}
# meta: {SNID: '28879575', alt: 1024.0, c: 0.002155704889446497, dec: -30.17244, lat: -30.244573, lon: -70.7499537, ra: 291.796875, t0: 62225.66015625,
#   x0: 4.201522014386641e-06, x1: 0.46459364891052246, z: 0.6587926149368286}
# schema: astropy-2.0
time band flux fluxerr zp zpsys pwv airmass
62230.3477 lsst_hardware_i 1302.759781504445 69.4017276342371 31.280000686645508 AB 9.763838526335912 1.2787146103378064
62230.3658 lsst_hardware_z 1059.1254583015543 66.08931646481552 30.959999084472656 AB 9.084346474663485 1.1924322653244566
62232.3349 lsst_hardware_r 1088.93952208052 59.12327777678857 31.559999465942383 AB 23.913037837434892 1.3208582464866412
62232.3534 lsst_hardware_z 1008.0695174320917 59.26416380217493 30.950000762939453 AB 22.28677609622248 1.2228124601283596
62236.3548 lsst_hardware_z 920.756002565115 52.71843116990526 30.940000534057617 AB 5.579007187615589 1.1709533398290668
62236.3744 lsst_hardware_u 5.968624886049019 3.0762750169867092 28.540000915527344 AB 5.214134288201335 1.1060955214682509
62238.3406 lsst_hardware_g 123.2837038881816 19.348862086861093 31.450000762939453 AB 8.17683509276302 1.2067496539601805
62238.3593 lsst_hardware_r 803.616756590717 39.14347070040004 31.520000457763672 AB 7.704462068100864 1.1355278843661845
62242.3503 lsst_hardware_i 818.1943448844171 43.61186739944147 31.25 AB 19.270129292347967 1.1293021341937128
62242.3685 lsst_hardware_z 721.5039282761402 50.27801429216512 30.950000762939453 AB 18.547653931107636 1.0789479032667832
62244.3478 lsst_hardware_i 713.1881052908157 42.89534573606812 31.25 AB 14.366978807080539 1.1200648745474455
62244.3662 lsst_hardware_u -3.346886615452611 2.977869308984023 28.540000915527344 AB 13.738295922708998 1.0716787105010497
62246.3528 lsst_hardware_g 36.285032189065156 17.88318546276498 31.469999313354492 AB 4.966665989437086 1.0907359151064204
62246.371 lsst_hardware_r 526.9827367735402 34.0601248044715 31.530000686645508 AB 4.696025863846242 1.050800148544695
62248.35 lsst_hardware_i 617.9705074582855 40.61342585496269 31.25 AB 6.721149915355216 1.0840564379605186
62248.3697 lsst_hardware_r 470.85648979617986 32.56038205175046 31.520000457763672 AB 6.469485629124257 1.0434654240522996
62250.339 lsst_hardware_u 4.23995132158401 2.9827011121141247 28.479999542236328 AB 10.160234992785645 1.0983147304581407
62250.3572 lsst_hardware_g 60.672606251944394 17.57770465086567 31.479999542236328 AB 9.726502710361366 1.0562526698551737
62252.3529 lsst_hardware_r 416.75373661879775 50.21317879733959 31.6200008392334 AB 3.3781306003025358 1.0540189080507132
62252.3734 lsst_hardware_i 432.7338084068639 42.85989093815258 31.280000686645508 AB 3.2377901205361512 1.02251385458271
62254.3521 lsst_hardware_z 414.0965172233612 64.71799167187868 30.979999542236328 AB 3.7618917917307555 1.045550803705046
62254.3719 lsst_hardware_r 485.2216846644239 85.80987344308234 31.65999984741211 AB 3.6066924664016717 1.018072769966599
62257.3547 lsst_hardware_z 977.7059610200224 97.84933816218627 31.739999771118164 AB 9.157442522814044 1.0289261261588813
62259.2344 lsst_hardware_z 1050.6810107185534 112.3895081991649 31.68000030517578 AB 17.98508244198291 1.5214089591120215
62259.2538 lsst_hardware_r 365.3123935116691 128.7617585901289 32.33000183105469 AB 17.292565237391393 1.3682270205763842
62261.2353 lsst_hardware_y 211.73161758835832 54.424023095554894 29.90999984741211 AB 13.49838790651493 1.4659944147827821
62261.2538 lsst_hardware_g -50.67434963334498 39.44646713805939 31.579999923706055 AB 12.076271532641034 1.3327256694350758
62264.2518 lsst_hardware_r 152.88798381304412 28.14328836622642 31.479999542236328 AB 12.051300372790086 1.2958387497623747
62264.2706 lsst_hardware_i 312.4696858993731 36.674665900298706 31.239999771118164 AB 11.18323104488899 1.2024979618160203
62270.252 lsst_hardware_i 291.030298678231 35.878664973334594 31.239999771118164 AB 8.278209068031686 1.2122139505098382
62270.2712 lsst_hardware_z 286.0746473573503 46.328700086416404 30.950000762939453 AB 7.784602839715511 1.1379750524014927
62277.2518 lsst_hardware_g 29.794125346441618 15.495780458343837 31.440000534057617 AB 6.789989219222623 1.1389414401827156
62277.2714 lsst_hardware_r 110.17199058127642 25.84989036426737 31.510000228881836 AB 6.508961175005524 1.0826615394220391
62280.2454 lsst_hardware_r 195.8892077177121 51.19371681992243 31.610000610351562 AB 8.461139451247531 1.1330365733938577
62280.2666 lsst_hardware_z 246.60980129752824 50.01127191479795 30.959999084472656 AB 7.298926448039458 1.0746621846883941
62283.2346 lsst_hardware_z 171.24673641718596 72.9928769614209 30.979999542236328 AB 5.646464151533442 1.1416992959897772
62283.2541 lsst_hardware_i 119.5886376195909 82.16445075212981 31.329999923706055 AB 3.7971978855417543 1.0849136815833584
62285.247 lsst_hardware_z 295.00846751567184 125.87909798110205 31.75 AB 9.699537831698972 1.0890199661338666
62288.2448 lsst_hardware_r 33.46155015019609 79.17480805943082 31.649999618530273 AB 7.235430914852781 1.074568947750413
62288.2658 lsst_hardware_i 57.07571410508393 66.83321779259408 31.329999923706055 AB 6.2622814598798895 1.0350165624758443
62302.167 lsst_hardware_i 67.04142828913284 33.938417306766546 31.229999542236328 AB 14.394914839688417 1.2018798396667292
62302.1901 lsst_hardware_z 96.42913042202841 44.07171912876008 30.940000534057617 AB 13.396092186505802 1.118111358526479
62304.1514 lsst_hardware_r 73.19376272998804 25.830567716400623 31.479999542236328 AB 6.485894709314902 1.2488885833083894
62304.1754 lsst_hardware_u 1.5468947011147822 2.8687569167225195 28.469999313354492 AB 5.893276198002586 1.1481153707388867
62306.1607 lsst_hardware_g 4.12799939390187 30.261911756071992 32.290000915527344 AB 4.494247426932844 1.182696691298117
62306.1853 lsst_hardware_i 283.4850108888462 48.396228918075266 32.0099983215332 AB 4.093133065392023 1.1005264678071336
62308.1482 lsst_hardware_z 98.71942755984848 49.33341193413739 30.940000534057617 AB 3.584033308360603 1.2124605238026398
62308.1721 lsst_hardware_r -3.0745274955930006 43.27140469379445 31.600000381469727 AB 3.3234118031231867 1.1230588166336106
62310.162 lsst_hardware_y -4.331673044526955 74.02999877929688 30.760000228881836 AB 3.946438910313483 1.137958163296852
62312.1497 lsst_hardware_r -110.86425059237706 129.69000244140625 31.6299991607666 AB 4.542720074444678 1.1619695803670185
62312.1695 lsst_hardware_i 40.44954987710337 93.37999725341797 31.329999923706055 AB 4.151451966540154 1.0989460777923288
62314.1556 lsst_hardware_z 244.10589651409504 112.33999633789062 30.989999771118164 AB 8.994529650437796 1.1234268267335314
62314.1749 lsst_hardware_r 77.64615199878622 162.5 31.65999984741211 AB 7.958106302734201 1.0721116782990743
62315.1557 lsst_hardware_z -106.89354539257313 87.93000030517578 30.989999771118164 AB 6.932095713033377 1.114843311842027
62315.1755 lsst_hardware_r -48.01521313319823 124.2699966430664 31.65999984741211 AB 6.226509516562546 1.0648611768887162
62325.1557 lsst_hardware_r 20.69803188394447 24.6299991607666 31.510000228881836 AB 1.7708260447427326 1.050104394984851
62325.1746 lsst_hardware_u 0.20378308192082054 2.8299999237060547 28.479999542236328 AB 1.928458286899171 1.0219253452325041
62327.0387 lsst_hardware_r 30.946140486116498 26.18000030517578 31.389999389648438 AB 13.263677529743903 1.6214929895060755
62327.0577 lsst_hardware_i -65.91770814760382 34.970001220703125 31.190000534057617 AB 12.126377969108784 1.444978259563134
62328.0594 lsst_hardware_u 2.7371513901669458 2.5399999618530273 28.139999389648438 AB 9.32719184685535 1.4109305940180543
62328.0778 lsst_hardware_g 14.837778757272202 15.649999618530273 31.389999389648438 AB 8.591374236970296 1.291709359807116
62330.0786 lsst_hardware_r 21.782561630198458 25.350000381469727 31.469999313354492 AB 7.803573231927395 1.2580659212608525
62330.0971 lsst_hardware_i -35.33565440903556 32.959999084472656 31.239999771118164 AB 8.161744225340895 1.1750843536028548
62332.0606 lsst_hardware_z -10.171722841435491 45.540000915527344 30.920000076293945 AB 8.33953099609793 1.3287442335945714
62332.0797 lsst_hardware_r 43.41642018100246 25.170000076293945 31.479999542236328 AB 7.719510736093235 1.2260002757235144
62334.0769 lsst_hardware_z 6.524259400523605 44.70000076293945 30.93000030517578 AB 1.9559297065327717 1.2138579064125599
62334.0974 lsst_hardware_g -1.337646764317091 19.049999237060547 31.510000228881836 AB 1.9293228407112863 1.134895788653698
62343.0654 lsst_hardware_r 31.908780071889506 139.80999755859375 31.6299991607666 AB 9.8351532858454 1.160718326417632
62343.084 lsst_hardware_z -12.91619490517616 91.16000366210938 30.989999771118164 AB 8.150384547244311 1.1012916997930018
62345.0787 lsst_hardware_r 34.85583244910687 75.16999816894531 31.639999389648438 AB 4.911079770756456 1.1008509965456994
62345.0993 lsst_hardware_y -28.813221296947294 52.4900016784668 30.049999237060547 AB 4.003062992296968 1.0534376295518337
62348.0779 lsst_hardware_i 5.310608385914872 31.770000457763672 31.25 AB 3.8377642650029493 1.0818222029606623
62348.0969 lsst_hardware_z -59.34964514100993 41.619998931884766 30.940000534057617 AB 4.056959576072905 1.0430989653941305
62351.0732 lsst_hardware_r 11.433443470435536 24.420000076293945 31.510000228881836 AB 1.702796128169604 1.0736419471435081
62351.0927 lsst_hardware_u -1.2493202007861235 2.819999933242798 28.479999542236328 AB 1.8393256084937073 1.036677812311516
62352.052 lsst_hardware_u -3.310343235457455 2.740000009536743 28.389999389648438 AB 1.6784420343856528 1.1229540818815698
62352.0714 lsst_hardware_g 0.609202506715941 15.34000015258789 31.459999084472656 AB 1.6201778894374372 1.0715462231729083
62354.0769 lsst_hardware_z -7.082761674543335 41.689998626708984 30.950000762939453 AB 1.7958946425960711 1.0494125297600727
62354.0967 lsst_hardware_r -6.194211683876866 23.979999542236328 31.520000457763672 AB 1.9902262620859583 1.0204544156995172
62356.0778 lsst_hardware_u -1.2900156673298904 2.819999933242798 28.5 AB 3.536171666762032 1.0386249265993828
62356.0961 lsst_hardware_g -14.599838166577229 15.119999885559082 31.469999313354492 AB 4.4675560345629535 1.0153536442188529
62358.0754 lsst_hardware_r -7.164589957920948 24.1299991607666 31.520000457763672 AB 3.4109872779420574 1.0339458253842677
62358.0933 lsst_hardware_i -56.22787823054434 31.170000076293945 31.260000228881836 AB 3.755593837522019 1.012880973845108
62361.9822 lsst_hardware_y 53.456925199505434 51.41999816894531 29.969999313354492 AB 7.229946533290216 1.3076014830366633
62362.0013 lsst_hardware_i 26.893201629738208 32.9900016784668 31.239999771118164 AB 3.776232345286722 1.2100723174385992
62363.9677 lsst_hardware_y -26.13231073304875 75.38999938964844 29.950000762939453 AB 8.275708269665442 1.3643526300487074
62363.984 lsst_hardware_i 1.8820476935371506 36.439998626708984 31.239999771118164 AB 7.6376751528964295 1.2672432641275848
62365.9825 lsst_hardware_y -75.99887995400002 52.7400016784668 29.989999771118164 AB 4.474202110902354 1.2469905548780251
62366.0009 lsst_hardware_z 33.79533857525463 50.540000915527344 30.950000762939453 AB 2.759786001350911 1.1670519088066598
62368.9895 lsst_hardware_z -187.8593086663552 120.66999816894531 31.739999771118164 AB 3.7247335106116397 1.1794596297060291
62370.9829 lsst_hardware_y 22.933371885793488 64.30000305175781 30.020000457763672 AB 1.6576141626036665 1.1840101161454761
62371.0012 lsst_hardware_r 205.55846829320637 118.97000122070312 31.639999389648438 AB 1.5005099434660223 1.1196442806611284
62375.9942 lsst_hardware_i 21.722046184612516 32.060001373291016 31.25 AB 4.3434989720383905 1.1004557821227239
62376.0052 lsst_hardware_z -12.69659994540552 42.2599983215332 30.950000762939453 AB 3.77408949633741 1.0730482385454418
62379.978 lsst_hardware_y -100.66081344555684 59.20000076293945 30.030000686645508 AB 5.046093648285701 1.1155080555501429
62379.9956 lsst_hardware_r -3.4949118112775723 24.200000762939453 31.5 AB 4.271728239790939 1.070094542669379
62381.9792 lsst_hardware_z -29.216601884694555 52.209999084472656 30.959999084472656 AB 3.1667827404788937 1.0967212954039458
62381.9963 lsst_hardware_g -7.7484453532261535 15.260000228881836 31.440000534057617 AB 3.436038847309185 1.05724272224898
62386.9838 lsst_hardware_y 119.58975267761811 51.459999084472656 30.049999237060547 AB 2.626951873418349 1.0550007523768468
62387.0029 lsst_hardware_r 54.72901190272713 24.170000076293945 31.520000457763672 AB 2.4596240209754545 1.024843342073106
62388.9832 lsst_hardware_y -104.18316715295383 52.52000045776367 30.049999237060547 AB 3.4367639392914895 1.0460929198330757
62389.0008 lsst_hardware_g -12.546016674609685 15.420000076293945 31.469999313354492 AB 3.270316326312765 1.0208307342234784
62389.9835 lsst_hardware_y -20.93800980339449 52.93000030517578 30.059999465942383 AB 2.6586536214410956 1.0409763592173435
62390.0011 lsst_hardware_z -0.2583458086312486 41.439998626708984 30.950000762939453 AB 1.9439040700611636 1.0175288480145677
62594.3346 lsst_hardware_g -22.157052401268466 16.719999313354492 31.3799991607666 AB 7.963382290042241 1.380634074702146
62594.353 lsst_hardware_r -39.78282664817122 26.700000762939453 31.489999771118164 AB 7.270325230359716 1.2687254092098683
62600.3335 lsst_hardware_r 8.466573506759149 26.43000030517578 31.469999313354492 AB 9.241580620705893 1.285606262879028
62600.3521 lsst_hardware_i -23.514781259162582 33.810001373291016 31.229999542236328 AB 8.593615384877753 1.1955918590487637
62602.3527 lsst_hardware_r 64.56734942318867 25.780000686645508 31.520000457763672 AB 4.908394183247396 1.1712448089834362
62602.3719 lsst_hardware_u 4.075869950678547 3.0299999713897705 28.56999969482422 AB 4.6453574950964125 1.1074437766440908
62608.3614 lsst_hardware_y 55.943979251125334 73.61000061035156 30.790000915527344 AB 16.074840027783544 1.0914969916108515
62614.2968 lsst_hardware_z 179.0435862255766 93.12000274658203 31.709999084472656 AB 7.191326176826123 1.2772847772699665
62614.3173 lsst_hardware_r 122.20960740193432 107.44999694824219 32.369998931884766 AB 6.667655219049533 1.181579872239839
62616.3714 lsst_hardware_z 38.0906878236166 44.91999816894531 30.959999084472656 AB 16.0594281447182 1.0294505220973205
62616.3935 lsst_hardware_r 70.85066072295149 37.15999984741211 31.610000610351562 AB 14.744470756235033 1.0071933117482803
62618.3393 lsst_hardware_i -43.562485803016656 33.029998779296875 31.260000228881836 AB 2.4143863837829893 1.0786536338567831
62618.3587 lsst_hardware_z -53.040553555816956 42.349998474121094 30.950000762939453 AB 2.310397437774634 1.0402509850403576
62623.3509 lsst_hardware_i 12.185326571291569 31.899999618530273 31.270000457763672 AB 9.321043084621346 1.031383572144106
62623.3684 lsst_hardware_z -27.89831766992476 41.650001525878906 30.959999084472656 AB 9.146792237395044 1.0116920616882241
62625.2512 lsst_hardware_g 1.9765256481336504 15.460000038146973 31.360000610351562 AB 12.678888580368044 1.372149338615975
62625.272 lsst_hardware_r -13.973193959260618 25.209999084472656 31.479999542236328 AB 11.558711868572182 1.2500409374807835
62627.2367 lsst_hardware_i 44.74686688981637 34.83000183105469 31.200000762939453 AB 3.531251541124798 1.4383916664459462
62627.2564 lsst_hardware_z 63.51646367160977 45.630001068115234 30.920000076293945 AB 3.463083142902129 1.3048542362102973
62631.2391 lsst_hardware_i -3.5011736437559278 33.79999923706055 31.209999084472656 AB 8.331738957747923 1.3438288641528908
62631.2571 lsst_hardware_u -0.014453917109469175 2.6700000762939453 28.290000915527344 AB 8.823213173146147 1.2427060807248096
62633.2526 lsst_hardware_g -14.677772506991474 15.220000267028809 31.3799991607666 AB 13.029063580579804 1.2380334075047326
62633.271 lsst_hardware_r 20.065128450587842 24.59000015258789 31.479999542236328 AB 12.245211829941477 1.1602436829582374
62637.2374 lsst_hardware_i 82.7718396817214 66.87999725341797 31.290000915527344 AB 6.700023049037946 1.2593831015876216
62637.2565 lsst_hardware_r 104.61934506135327 82.44999694824219 31.6200008392334 AB 5.747257397561067 1.1737480644463252
62642.2373 lsst_hardware_r 37.114262476416776 100.83999633789062 31.6200008392334 AB 8.076382741920533 1.1961762595720469
62642.2563 lsst_hardware_i 23.291732673163118 83.11000061035156 31.31999969482422 AB 6.687616508740178 1.1266200317958521
