data/validation/pwv_sim_epoch_fit_epoch/28889061.ecsv
# %ECSV 0.9
# ---
# datatype:
# - {name: time, datatype: float64}
# - {name: band, datatype: string}
# - {name: flux, datatype: float64}
# - {name: fluxerr, datatype: float64}
# - {name: zp, datatype: float64}
# - {name: zpsys, datatype: string}
# - {name: pwv, datatype: float64}
# - {name: airmass, datatype: float64}
# meta: {SNID: '28889061', alt: 1024.0, c: 0.09729021042585373, dec: -61.943836, lat: -30.244573, lon: -70.7499537, ra: 319.440796, t0: 62948.55859375,
#   x0: 4.600201715987199e-05, x1: 0.9198240041732788, z: 0.23893888294696808}
# schema: astropy-2.0
time band flux fluxerr zp zpsys pwv airmass
63002.4232 lsst_hardware_g 456.7875872222877 28.164050874026515 31.479999542236328 AB 4.381635833454438 1.1753315003901716
63002.4343 lsst_hardware_y 782.8203242931629 81.75994042952979 30.020000457763672 AB 4.377731509657132 1.1736021204567622
63005.4163 lsst_hardware_z 1257.0872854679785 55.19009400189412 30.940000534057617 AB 11.245811090530035 1.1749880984777157
63005.4284 lsst_hardware_y 694.2769422384586 59.10228796699044 30.010000228881836 AB 10.391916066458792 1.17358686214221
63010.4147 lsst_hardware_u -2.624829133520142 2.9424695383876958 28.309999465942383 AB 7.851278083873815 1.17358416799306
63010.4261 lsst_hardware_y 599.4223361848728 55.51546413954475 30.0 AB 7.171429000272844 1.1752427176957987
63013.3982 lsst_hardware_g -11.911485078421375 13.289999961853027 31.360000610351562 AB 5.821701777388426 1.17420366627439
63013.411 lsst_hardware_r -8.952319856257226 22.56999969482422 31.459999084472656 AB 5.825429652305112 1.1738901062579203
63015.417 lsst_hardware_z 32.8812340781998 43.02000045776367 30.940000534057617 AB 9.305476015238291 1.1767167444661473
63015.4302 lsst_hardware_y -33.044992417214985 52.25 30.010000228881836 AB 9.428553038919235 1.1836489566371389
63019.3891 lsst_hardware_g 4.396775720267511 13.300000190734863 31.360000610351562 AB 8.986075502378485 1.1735765315891975
63019.4005 lsst_hardware_i 9.88210297594229 31.149999618530273 31.229999542236328 AB 8.999699199238048 1.1749721521297798
63020.3953 lsst_hardware_z 66.12643819310006 42.83000183105469 30.940000534057617 AB 12.622894196126802 1.1744230051134315
63020.4092 lsst_hardware_r -19.601567021793194 22.510000228881836 31.459999084472656 AB 12.677854309418311 1.1792987171949574
63022.4062 lsst_hardware_y 13.981110337262464 79.68000030517578 30.75 AB 5.4308343155050265 1.180616155544571
63031.3774 lsst_hardware_g -10.795961869306007 16.079999923706055 31.420000076293945 AB 14.612588473745232 1.178434554334293
63031.3911 lsst_hardware_r -15.53997920737609 24.219999313354492 31.469999313354492 AB 14.718624401819199 1.186985838856387
63036.3536 lsst_hardware_r 11.160265454736983 22.510000228881836 31.469999313354492 AB 3.051285846707456 1.174851766684511
63036.3659 lsst_hardware_i 41.44483015439117 31.040000915527344 31.229999542236328 AB 3.013406066081886 1.1794922301840987
63040.1919 lsst_hardware_i 13.312206488241554 33.20000076293945 31.200000762939453 AB 4.401544569842576 1.4221468723239103
63040.2036 lsst_hardware_z -11.251747891751233 45.52000045776367 30.920000076293945 AB 4.269916211717735 1.3780220676280013
63044.3401 lsst_hardware_u -0.9233982257640945 2.5899999141693115 28.329999923706055 AB 8.47891650759402 1.1776272927213915
63044.3534 lsst_hardware_g -11.57606117086339 13.460000038146973 31.360000610351562 AB 8.534270168307268 1.1853153011537871
63046.3045 lsst_hardware_g -22.367839746860444 13.520000457763672 31.3799991607666 AB 2.3134917057132283 1.174957697162635
63046.3175 lsst_hardware_r 36.68716957234083 22.610000610351562 31.469999313354492 AB 2.2310492914100206 1.1736187750710263
63048.3319 lsst_hardware_i -92.75676240027803 39.939998626708984 31.260000228881836 AB 10.277409236678984 1.1788723602522562
63048.3444 lsst_hardware_r 0.9780696771010888 22.790000915527344 31.459999084472656 AB 10.220398055703845 1.186762430992086
63051.3418 lsst_hardware_z 29.996816030445018 99.06999969482422 31.719999313354492 AB 8.658663955217671 1.1914636148774607
63053.3396 lsst_hardware_r -13.43476602016327 94.12000274658203 31.6200008392334 AB 6.794279819704734 1.194546142095696
63053.352 lsst_hardware_i 68.93119753095132 75.1500015258789 31.299999237060547 AB 6.860490711860828 1.2086130797805315
63061.2318 lsst_hardware_r 21.319855966144306 22.860000610351562 31.459999084472656 AB 7.788449289796609 1.1943184649870209
63061.2447 lsst_hardware_i -2.3697893803937666 31.309999465942383 31.229999542236328 AB 7.795368145561037 1.183657063731905
63066.2419 lsst_hardware_u -2.638829964187745 2.6500000953674316 28.360000610351562 AB 2.95006772417184 1.1776717461763833
63066.2535 lsst_hardware_g -1.4732838569192344 13.699999809265137 31.3799991607666 AB 2.6351384716225126 1.1742169201437116
63068.239 lsst_hardware_r -38.66533288220283 22.93000030517578 31.469999313354492 AB 6.567571731792141 1.1766503050434567
63068.25 lsst_hardware_i -7.315588269501649 31.510000228881836 31.229999542236328 AB 5.40008896939336 1.1739323846507304
63075.043 lsst_hardware_g -54.868125718767295 34.540000915527344 31.420000076293945 AB 7.672449689131508 1.710373328433473
63075.0513 lsst_hardware_i -35.61443548637034 41.130001068115234 31.18000030517578 AB 7.409969145359247 1.654257139163398
63080.2217 lsst_hardware_z 59.49994016518991 101.30000305175781 31.719999313354492 AB 2.083352069407582 1.1736092776683402
63082.211 lsst_hardware_z -155.87449658193955 66.55999755859375 30.969999313354492 AB 1.8050937489331311 1.174044714753256
63082.2225 lsst_hardware_r -13.772229652690328 94.20999908447266 31.6200008392334 AB 1.8743205606782927 1.1738959670218951
63084.2114 lsst_hardware_i -21.77732444570334 50.970001220703125 31.280000686645508 AB 2.6030487309692876 1.1736017723035561
63084.2222 lsst_hardware_z 58.587810237741834 52.40999984741211 30.950000762939453 AB 2.6885090971555115 1.1747909535309204
63086.2153 lsst_hardware_i 13.097646365377239 39.66999816894531 31.270000457763672 AB 3.640898603385293 1.1744834204468686
63086.2274 lsst_hardware_z -10.09218519135797 46.5099983215332 30.950000762939453 AB 3.6534456161474083 1.1785308439185187
63096.2322 lsst_hardware_g 2.0343705742907994 13.510000228881836 31.360000610351562 AB 2.910565403459251 1.2056190832416642
63096.2434 lsst_hardware_r 31.534084159841502 22.889999389648438 31.469999313354492 AB 3.0640458954726086 1.2209380954896665
63101.1333 lsst_hardware_u 3.943637084535249 2.5899999141693115 28.31999969482422 AB 2.601661028213979 1.185221986202792
63101.1442 lsst_hardware_r -8.670880322321263 22.690000534057617 31.459999084472656 AB 2.5630109098155223 1.1786667784849492
63109.1362 lsst_hardware_r 88.74023878083604 94.80999755859375 31.6200008392334 AB 5.429255702690219 1.1742316421361587
63109.1476 lsst_hardware_z 111.12988591973682 67.06999969482422 30.969999313354492 AB 5.42919988332497 1.173796457911135
63110.9913 lsst_hardware_r 28.56256832378992 71.61000061035156 31.540000915527344 AB 3.368651118235436 1.4503377374727195
63110.9946 lsst_hardware_y -63.78451943737979 56.31999969482422 29.920000076293945 AB 3.30260180734579 1.4363301568624776
63112.1424 lsst_hardware_i -43.259941140128966 59.61000061035156 31.299999237060547 AB 1.6438318360382296 1.174165597170164
63112.1537 lsst_hardware_z 73.194693945826 57.11000061035156 30.959999084472656 AB 1.6483015478541048 1.1773582484672178
63114.1191 lsst_hardware_z 34.84955687492803 47.2400016784668 30.950000762939453 AB 1.753597110435824 1.174939437477939
63114.1312 lsst_hardware_r 14.786894393594292 43.5 31.59000015258789 AB 1.786867613341967 1.1736404685333117
63117.1149 lsst_hardware_u 2.109348842756734 2.5799999237060547 28.31999969482422 AB 2.725792578161467 1.1741514443943428
63117.1276 lsst_hardware_r -13.860720320267466 22.6200008392334 31.459999084472656 AB 3.1193319026553064 1.1740052324634198
63122.1168 lsst_hardware_r -21.11232701817033 22.549999237060547 31.459999084472656 AB 3.092090169799037 1.1744716246506643
63122.129 lsst_hardware_u 0.9457666342867105 2.559999942779541 28.299999237060547 AB 4.254911997633552 1.1785099589521666
63124.1146 lsst_hardware_g -11.229312168475284 13.350000381469727 31.3700008392334 AB 1.2040182765856093 1.1752252577704758
63124.1261 lsst_hardware_r -4.412697950059121 22.450000762939453 31.469999313354492 AB 1.6467852053879826 1.1797864158003457
63126.1156 lsst_hardware_i -22.268894122666758 31.200000762939453 31.229999542236328 AB 1.2470861911168445 1.1774220529809214
63126.1275 lsst_hardware_z -38.06692413571885 42.97999954223633 30.940000534057617 AB 0.6014420960757481 1.1839411340054489
63131.033 lsst_hardware_r -42.91386192886726 24.649999618530273 31.479999542236328 AB 3.111297235061208 1.2025886368850898
63131.0385 lsst_hardware_u 1.3774940261915183 3.299999952316284 28.5 AB 3.0827226059071204 1.196554252519164
63133.149 lsst_hardware_i 4.335627063600186 38.09000015258789 31.25 AB 4.3321030196602335 1.231556614056118
63133.1616 lsst_hardware_z -21.721929355140713 46.90999984741211 30.93000030517578 AB 4.402201297363715 1.2549630723705179
63137.0543 lsst_hardware_r 36.28300310618075 72.62000274658203 31.6200008392334 AB 5.272346568946279 1.1754855512950848
63137.0674 lsst_hardware_z -81.08373380940004 57.7400016784668 30.959999084472656 AB 5.2695509819492825 1.1736411548727963
63143.0541 lsst_hardware_i -11.969484114527953 31.06999969482422 31.229999542236328 AB 2.7787009389456654 1.173768349315468
63143.0645 lsst_hardware_z -2.9831627807382106 42.63999938964844 30.940000534057617 AB 2.7104971777257685 1.1757506554623056
63145.0517 lsst_hardware_r -51.86938881670581 22.59000015258789 31.469999313354492 AB 4.432037889715982 1.1741016088258154
63145.0639 lsst_hardware_u 1.5447367112290615 2.619999885559082 28.360000610351562 AB 4.443140527292303 1.1775107404485223
63149.0545 lsst_hardware_z -41.16814216271823 42.86000061035156 30.93000030517578 AB 2.8818130129900834 1.1781737583769762
63149.067 lsst_hardware_r -6.646645413707178 22.68000030517578 31.459999084472656 AB 2.8999658609330186 1.1855952007085113
63151.0777 lsst_hardware_r -7.533701318226675 22.84000015258789 31.459999084472656 AB 6.418656607941872 1.2005904340316806
63151.0893 lsst_hardware_u -1.1387543857895113 2.5199999809265137 28.25 AB 7.029758612738729 1.2152575574856264
63155.0769 lsst_hardware_i -9.361302700145558 31.84000015258789 31.219999313354492 AB 10.042107741333636 1.213205671069624
63155.0881 lsst_hardware_z 33.63033165378943 44.06999969482422 30.93000030517578 AB 9.594260528837827 1.2301911179430474
63157.0744 lsst_hardware_r -17.714461923013427 23.010000228881836 31.459999084472656 AB 6.908240555287173 1.2173826166507002
63157.0855 lsst_hardware_u -2.602967862588154 2.5399999618530273 28.25 AB 10.776218774658973 1.2350613191208244
63159.0804 lsst_hardware_g 17.244485172050073 14.149999618530273 31.350000381469727 AB 3.562708826364942 1.2356929856171563
63159.0914 lsst_hardware_i 5.676536348947111 32.540000915527344 31.209999084472656 AB 4.12546209837962 1.2566134932621442
63163.0778 lsst_hardware_y 63.63866931239407 51.060001373291016 29.979999542236328 AB 4.501440831778004 1.2512112012724927
63163.0895 lsst_hardware_g 87.23579873025702 40.66999816894531 31.600000381469727 AB 3.9567415198750213 1.2763682322177488
