data/validation/pwv_sim_epoch_fit_epoch/29016710.ecsv
# %ECSV 0.9
# ---
# datatype:
# - {name: time, datatype: float64}
# - {name: band, datatype: string}
# - {name: flux, datatype: float64}
# - {name: fluxerr, datatype: float64}
# - {name: zp, datatype: float64}
# - {name: zpsys, datatype: string}
# - {name: pwv, datatype: float64}
# - {name: airmass, datatype: float64}
# meta: {SNID: '29016710', alt: 1024.0, c: -0.03956896439194679, dec: -22.831406, lat: -30.244573, lon: -70.7499537, ra: 357.539062, t0: 59877.85546875,
#   x0: 2.116754157238602e-06, x1: 0.5530282258987427, z: 0.8704784512519836}
# schema: astropy-2.0
time band flux fluxerr zp zpsys pwv airmass
59842.064 lsst_hardware_i -43.70592490604583 33.5391178860323 31.219999313354492 AB 7.5034663300232065 1.348049165498126
59842.0805 lsst_hardware_u 2.3098959434342654 2.742029319879112 28.3799991607666 AB 6.991379197838153 1.2516268890655071
59850.0781 lsst_hardware_u -3.7846601020463995 2.670675184045373 28.31999969482422 AB 5.217413968500252 1.1656637862263415
59850.0976 lsst_hardware_g 10.640756444470673 15.039853034481553 31.40999984741211 AB 5.051167215510023 1.1025539614762856
59857.1393 lsst_hardware_i 314.37744529113735 54.26899211264237 31.31999969482422 AB 4.279475550826416 1.0113974713917675
59857.1571 lsst_hardware_z 262.1083912868968 53.934171064551 30.979999542236328 AB 4.226912433502949 1.0091106973451542
59861.9983 lsst_hardware_z 720.6497381022355 135.5157075376761 31.709999084472656 AB 4.504424221538339 1.4285020919802465
59868.0949 lsst_hardware_g 92.22391189243355 17.03815014983173 31.450000762939453 AB 7.905273882225232 1.0207817176720912
59868.1113 lsst_hardware_r 505.8119289870833 32.05341049220943 31.520000457763672 AB 7.819478254980968 1.0106166967492745
59870.0992 lsst_hardware_i 695.4778758591145 40.375543565014695 31.260000228881836 AB 8.579789148836529 1.013660232214614
59870.1176 lsst_hardware_z 481.54636726540235 46.69651312740634 30.959999084472656 AB 8.636441180586194 1.0087336399360942
59872.0969 lsst_hardware_r 509.2809039676852 32.602693006445044 31.520000457763672 AB 3.2546925403251836 1.0120312625390229
59872.1125 lsst_hardware_u 2.5915614410379786 2.957383740653109 28.579999923706055 AB 3.227987811126167 1.008746190976927
59874.0777 lsst_hardware_u -0.7394981305481924 2.892897680400289 28.540000915527344 AB 4.002837814716934 1.0215229844881804
59874.0947 lsst_hardware_g 33.30728595166228 16.57688693810944 31.459999084472656 AB 4.441322132384282 1.0106930438558914
59876.0797 lsst_hardware_r 460.90222695575767 31.854320560941872 31.5 AB 3.7434583569727513 1.0155882683052555
59876.0977 lsst_hardware_z 606.8492534867624 47.11864050127593 30.950000762939453 AB 3.127368862092332 1.0088286651910747
59878.0813 lsst_hardware_r 462.4723162403691 31.634313881531266 31.520000457763672 AB 2.2165859451475813 1.0116777476712395
59878.0989 lsst_hardware_u -0.1695796460534716 2.846069518580878 28.520000457763672 AB 2.2930853295476474 1.0089844512529984
59882.0672 lsst_hardware_i 607.3789475134081 40.96746166836142 31.270000457763672 AB 5.181680676931979 1.0132343912654596
59882.0832 lsst_hardware_z 499.8417022805169 47.40374936220065 30.959999084472656 AB 5.203688871939361 1.008727488745111
59883.0063 lsst_hardware_y 275.2472854865772 61.03320956773682 30.049999237060547 AB 5.16764351543354 1.1058513835724124
59883.0237 lsst_hardware_r 430.16096421673404 34.344943092189474 31.559999465942383 AB 4.94094032659625 1.0642270909689837
59886.0641 lsst_hardware_z 968.9629723523092 88.00587205868713 31.739999771118164 AB 2.9651752135095664 1.0099943957455237
59887.0198 lsst_hardware_z 966.2116306116076 103.16159442429618 31.739999771118164 AB 4.869968723146349 1.051072386290579
59897.0262 lsst_hardware_y 263.685922657069 49.1214057859208 30.049999237060547 AB 6.180438959796713 1.013255926191141
59897.0441 lsst_hardware_r 130.49631108103813 26.576195164762098 31.510000228881836 AB 3.903819105950903 1.0087387870675246
59900.0128 lsst_hardware_z 393.8730718646063 64.67428953047099 30.989999771118164 AB 3.557868771153472 1.0165339346152777
59900.0344 lsst_hardware_g 20.1864299859967 15.496953789834112 31.450000762939453 AB 3.5305197259103838 1.008719921688681
60096.3447 lsst_hardware_r -118.91723163668324 76.04000091552734 31.540000915527344 AB 10.267934840506916 1.5331759461225267
60096.363 lsst_hardware_i -128.295524204053 83.30999755859375 31.280000686645508 AB 9.241701879564573 1.38074954313146
60103.357 lsst_hardware_z -48.753185731430825 146.33999633789062 31.719999313354492 AB 3.240215628540382 1.2960862514161529
60118.4256 lsst_hardware_r -94.94282464911056 80.48999786376953 31.65999984741211 AB 2.955216976181881 1.010762539951139
60120.4124 lsst_hardware_g -138.18016942445513 88.66000366210938 31.739999771118164 AB 4.507541050847762 1.0145454864517143
60123.4103 lsst_hardware_r 1.135517050787131 80.37999725341797 31.65999984741211 AB 5.232082180163894 1.0114049674108945
60123.4301 lsst_hardware_y 188.98057217794627 114.54000091552734 30.09000015258789 AB 5.074456964623741 1.0095073537049883
60125.4042 lsst_hardware_g -117.8834760904644 88.6500015258789 31.739999771118164 AB 4.098307727842659 1.0116780369890546
60125.4231 lsst_hardware_y -39.39085491243128 114.4800033569336 30.09000015258789 AB 4.661251283832141 1.0092019017769749
60131.2345 lsst_hardware_z -168.90538183539513 100.70999908447266 30.90999984741211 AB 7.376407299051181 1.6944274040699496
60131.2538 lsst_hardware_r 9.202718436729432 75.80999755859375 31.530000686645508 AB 6.613484021316141 1.4899708669230622
60137.3629 lsst_hardware_r 36.466027715262236 113.51000213623047 32.40999984741211 AB 8.168444079553346 1.0166078505977374
60137.3859 lsst_hardware_u -13.197173784662757 41.58000183105469 30.290000915527344 AB 7.868500713052284 1.0087498109742399
60139.3566 lsst_hardware_g -65.22535809917967 88.70999908447266 31.739999771118164 AB 5.798172718235486 1.0172232839009625
60139.3776 lsst_hardware_i -70.87248561870886 86.0199966430664 31.350000381469727 AB 6.009378672439465 1.0087927937618708
60141.387 lsst_hardware_z -84.33944039778495 105.4000015258789 31.010000228881836 AB 3.356665412148704 1.0114500036607184
60141.3992 lsst_hardware_r -2.889144244911052 80.37999725341797 31.65999984741211 AB 3.3559622330357537 1.0190168723792774
60143.3769 lsst_hardware_u 23.874065745947696 29.360000610351562 29.540000915527344 AB 1.8349053572820693 1.00985435183383
60143.3969 lsst_hardware_g -121.36104669211583 88.5 31.739999771118164 AB 1.8555682396689197 1.021788678231784
60144.261 lsst_hardware_g 10.331135946647603 85.63999938964844 31.670000076293945 AB 2.7163460788508176 1.2140094207154493
60144.2811 lsst_hardware_r 69.98202804953803 79.2699966430664 31.6299991607666 AB 2.598627052609562 1.1358049401316608
60145.3356 lsst_hardware_g 19.714693637844636 88.58000183105469 31.739999771118164 AB 3.0184266542709013 1.0210322720578102
60145.3572 lsst_hardware_r -137.0925125198023 80.41999816894531 31.65999984741211 AB 2.6670697096656912 1.0092979033739606
60149.2591 lsst_hardware_r 134.49840777238424 78.94999694824219 31.6200008392334 AB 6.883147574197188 1.1652855575515115
60149.2862 lsst_hardware_u -34.54810625639574 28.6200008392334 29.479999542236328 AB 6.409746466892139 1.0828951217489429
60158.2566 lsst_hardware_r 88.17760829720982 79.69000244140625 31.639999389648438 AB 1.6677852111551683 1.0954254260460876
60158.2746 lsst_hardware_i -108.942136727814 85.7300033569336 31.34000015258789 AB 1.6243675603991143 1.055640981575379
60159.2828 lsst_hardware_z 195.94513083555046 105.19999694824219 31.0 AB 2.414064027550197 1.0378979015658218
60159.3064 lsst_hardware_r -8.846653518519064 80.37999725341797 31.65999984741211 AB 2.3327998968279284 1.014260824707795
60163.283 lsst_hardware_z -107.75876300424173 105.33000183105469 31.010000228881836 AB 4.245883474483951 1.024359188841903
60163.302 lsst_hardware_r -66.27695485757876 80.4000015258789 31.65999984741211 AB 4.240998119082331 1.0110453240024628
60166.293 lsst_hardware_i -35.96769276209658 86.04000091552734 31.350000381469727 AB 4.883226757329313 1.011369021193593
60166.3126 lsst_hardware_z 83.4320205382016 105.47000122070312 31.010000228881836 AB 4.918221961285288 1.0094872662736634
60175.2249 lsst_hardware_g 95.497416947339 88.01000213623047 31.729999542236328 AB 2.536408375027906 1.0618881659398833
60175.2495 lsst_hardware_i -0.1552605481791687 85.91000366210938 31.34000015258789 AB 2.437058358884106 1.0251226972311158
60181.1592 lsst_hardware_r -41.609954383258675 78.37999725341797 31.610000610351562 AB 4.382530909290066 1.2175951776134653
60181.1777 lsst_hardware_z -133.77453277546513 104.37000274658203 30.989999771118164 AB 4.418585858337053 1.1438223811382484
60182.2198 lsst_hardware_z -148.52916458563064 105.01000213623047 31.0 AB 2.5522192114376137 1.0381908656695378
60182.237 lsst_hardware_r 78.6205637312976 80.1500015258789 31.65999984741211 AB 2.501187328032734 1.0189519261404403
60187.2014 lsst_hardware_r -77.39403569224147 80.1500015258789 31.65999984741211 AB 4.07697315702287 1.0453777325699667
60187.2184 lsst_hardware_z -41.20887954075435 105.33000183105469 31.010000228881836 AB 4.330643290194982 1.023429821622352
60195.2054 lsst_hardware_r -49.481858709971426 80.41999816894531 31.65999984741211 AB 2.590320127465498 1.01601103254187
60195.2191 lsst_hardware_u 8.950731011893607 29.520000457763672 29.549999237060547 AB 2.430714276357042 1.0096424823912948
60196.1914 lsst_hardware_g -4.401929256747158 88.44000244140625 31.739999771118164 AB 3.300428121462864 1.0259335161525844
60196.2083 lsst_hardware_r -58.912969709732224 80.31999969482422 31.65999984741211 AB 3.326807848869442 1.0126498284360221
60199.1888 lsst_hardware_i -135.71822393128903 85.79000091552734 31.34000015258789 AB 2.7447271246209 1.0204711084226918
60199.2065 lsst_hardware_z 57.71807322514667 105.3499984741211 31.010000228881836 AB 2.709829138720315 1.010093798796129
60202.0566 lsst_hardware_u -29.352821077247683 23.729999542236328 29.079999923706055 AB 1.813593654040833 1.5208332528645623
60202.0734 lsst_hardware_g -17.27195611007976 83.05000305175781 31.600000381469727 AB 1.627934295004849 1.3822409637062125
60204.0544 lsst_hardware_r -124.11044841353569 76.04000091552734 31.540000915527344 AB 0.3503490507087507 1.4908470242925562
60204.0718 lsst_hardware_i 57.82173554487037 83.41000366210938 31.280000686645508 AB 0.4141806033178707 1.3553769402243434
60206.1491 lsst_hardware_u 30.64418608735637 29.040000915527344 29.520000457763672 AB 7.765431123191774 1.0460606349015658
60206.1681 lsst_hardware_g -89.09140220189433 88.69999694824219 31.739999771118164 AB 6.257597672520581 1.021912767521495
60209.164 lsst_hardware_i 21.65636916710105 85.77999877929688 31.34000015258789 AB 3.4452329895598757 1.0183707139621099
60209.1849 lsst_hardware_r 59.762598288254466 80.37999725341797 31.65999984741211 AB 2.2511760185825396 1.0089304284963763
60211.1405 lsst_hardware_z -40.60504748316163 148.61000061035156 31.75 AB 3.64058912724559 1.0383635473331065
60221.0783 lsst_hardware_u -23.78509404241333 28.030000686645508 29.440000534057617 AB 2.6502572830726927 1.1127742266225442
60221.0986 lsst_hardware_g -65.30941598409875 87.81999969482422 31.719999313354492 AB 2.232899793389273 1.0632856158996538
60223.1189 lsst_hardware_g 48.10648394313326 88.62000274658203 31.739999771118164 AB 3.539136501976746 1.0246486687830765
60223.1392 lsst_hardware_r 76.84062820925809 80.43000030517578 31.65999984741211 AB 4.422176363174957 1.010667663849836
60238.0972 lsst_hardware_r 131.77591321001762 80.45999908447266 31.65999984741211 AB 2.648116256133001 1.0110529772065635
60238.1146 lsst_hardware_z 192.28004765562883 105.44000244140625 31.010000228881836 AB 2.685746698194245 1.0092049593968124
60240.0788 lsst_hardware_i -69.50235142369344 85.95999908447266 31.350000381469727 AB 4.410460840816741 1.0188174730461403
60240.0958 lsst_hardware_r -43.84645642198512 80.4000015258789 31.65999984741211 AB 5.361589411197811 1.0097472132580472
60243.0019 lsst_hardware_y -67.11638697892332 112.0999984741211 30.040000915527344 AB 4.583509100265012 1.1673764581709003
60243.0202 lsst_hardware_i -155.18148997799668 85.44999694824219 31.329999923706055 AB 4.31459809410281 1.1071351893346246
60250.0552 lsst_hardware_g 33.73503277985175 88.55999755859375 31.739999771118164 AB 6.7144946032227635 1.0160263197946093
60250.0734 lsst_hardware_r -37.174681616972535 80.27999877929688 31.65999984741211 AB 6.681058799135674 1.008880486109037
60264.0278 lsst_hardware_y -249.77757438909651 114.58000183105469 30.09000015258789 AB 6.539875991151086 1.0104746268436624
60264.0465 lsst_hardware_r 37.000807672988856 80.44999694824219 31.65999984741211 AB 6.022193224680229 1.0098420767469503
60269.0149 lsst_hardware_y -404.9549574225266 161.94000244140625 30.84000015258789 AB 4.614481928181851 1.0102308419203878
60269.038 lsst_hardware_z 34.26663104363305 149.05999755859375 31.760000228881836 AB 4.633112452061701 1.011651826423211
60271.0169 lsst_hardware_y 183.13990799702137 114.5 30.09000015258789 AB 7.742603105486588 1.0088082222131682
60271.0387 lsst_hardware_r 12.909746532740684 80.33000183105469 31.65999984741211 AB 7.713231866263716 1.0149545742109172
