data/validation/pwv_sim_epoch_fit_epoch/29070611.ecsv
# %ECSV 0.9
# ---
# datatype:
# - {name: time, datatype: float64}
# - {name: band, datatype: string}
# - {name: flux, datatype: float64}
# - {name: fluxerr, datatype: float64}
# - {name: zp, datatype: float64}
# - {name: zpsys, datatype: string}
# - {name: pwv, datatype: float64}
# - {name: airmass, datatype: float64}
# meta: {SNID: '29070611', alt: 1024.0, c: -0.0424027256667614, dec: -4.780192, lat: -30.244573, lon: -70.7499537, ra: 115.136719, t0: 62855.62890625,
#   x0: 2.384587874650131e-06, x1: 1.372475266456604, z: 0.8292105793952942}
# schema: astropy-2.0
time band flux fluxerr zp zpsys pwv airmass
62824.2507 lsst_hardware_r 17.77998747709273 28.099789430468864 31.469999313354492 AB 7.296273004347718 1.3818698871872301
62824.2702 lsst_hardware_y -52.4964150388076 50.028756604353994 29.969999313354492 AB 6.701460520972114 1.277076802472056
62828.3441 lsst_hardware_g -2.3950040689400467 17.27822086072817 31.469999313354492 AB 7.313989805981475 1.1069224072616686
62830.3374 lsst_hardware_i 153.99393513955005 34.21503598425177 31.239999771118164 AB 6.173699831964201 1.1069598957590534
62832.3299 lsst_hardware_r 169.06950207937308 26.311902280921966 31.489999771118164 AB 4.2844422357216425 1.107162539110186
62832.3507 lsst_hardware_y -10.558154643404006 58.445216912610206 30.030000686645508 AB 4.371490972775691 1.1132829302485368
62834.2866 lsst_hardware_g 1.113129374977283 14.276684681749662 31.389999389648438 AB 5.647939617111193 1.143500512997036
62834.306 lsst_hardware_y 122.27087532046949 48.76245055138346 30.030000686645508 AB 5.012836508178351 1.1169836613462363
62837.3278 lsst_hardware_z 401.56495840716315 45.78236878309699 30.940000534057617 AB 7.260707183561998 1.1083075050594546
62837.3476 lsst_hardware_y 103.31276513890381 55.42824210798322 30.020000457763672 AB 7.464305591091452 1.123465621777762
62845.2339 lsst_hardware_r 1270.6662373299696 163.8532895663843 32.369998931884766 AB 11.277776268369891 1.1982337726700367
62850.2934 lsst_hardware_z 658.1872200945915 63.314855757360505 30.969999313354492 AB 9.162779625671533 1.1086989622821775
62850.3121 lsst_hardware_i 886.6682020433822 67.5627029039869 31.309999465942383 AB 9.279793800418892 1.1234492639769567
62852.2389 lsst_hardware_r 665.9733062665233 47.6553884619342 31.600000381469727 AB 9.576055861210808 1.1409121359663394
62852.259 lsst_hardware_z 502.51166523007436 52.352094046859584 30.959999084472656 AB 7.856053586614897 1.1150851405720021
62854.2427 lsst_hardware_r 614.6651833951372 35.12709013761944 31.520000457763672 AB 5.775302738029745 1.1267234527688132
62854.2654 lsst_hardware_y 371.03895876066156 50.183643385670386 30.030000686645508 AB 4.823428719720702 1.108197293445308
62856.2388 lsst_hardware_g 102.30110721304428 16.57793157215995 31.420000076293945 AB 6.6358657641699335 1.1247230108762598
62856.2599 lsst_hardware_r 556.0762280498719 32.894173119719234 31.5 AB 5.961241516170071 1.1082091122237157
62864.2451 lsst_hardware_g 51.03542327300335 16.137231702641724 31.43000030517578 AB 7.905608193078336 1.1069179771882296
62864.2675 lsst_hardware_i 699.2872809461762 41.458231196052225 31.25 AB 8.039900118013659 1.116704493450668
62869.2166 lsst_hardware_r 328.27045483717615 40.93926117484111 31.579999923706055 AB 3.835537951835136 1.1120724708133187
62869.2364 lsst_hardware_y 249.87743717786785 50.831667744019796 30.020000457763672 AB 3.9462552667221065 1.1072545641756752
62871.2084 lsst_hardware_z 530.3376283364296 59.357485857717116 30.959999084472656 AB 12.932676778922884 1.1140455931020021
62871.2285 lsst_hardware_r 260.2714113238041 67.26608914951125 31.6200008392334 AB 12.950854979035844 1.106957987865793
62873.209 lsst_hardware_i 1335.1078675371105 127.13401651736683 32.08000183105469 AB 9.709001013646995 1.1101075936024463
62873.2315 lsst_hardware_z 958.5258518999423 111.01402024198704 31.739999771118164 AB 9.69088755784469 1.1090509908268127
62875.2011 lsst_hardware_r 287.2101363420344 139.9530546890136 31.639999389648438 AB 8.338582777923746 1.1115022864213828
62875.2258 lsst_hardware_z 336.3176578822605 94.17202778276945 30.989999771118164 AB 7.663672134439709 1.108949409896134
62880.1937 lsst_hardware_g -44.532942186623224 49.792133888464164 31.68000030517578 AB 8.801851805049193 1.1084292335039405
62880.2127 lsst_hardware_i 386.73305484286414 50.78682833739728 31.299999237060547 AB 8.753395405278058 1.1091830589258476
62884.1614 lsst_hardware_r 127.39271631872383 26.06645785558309 31.5 AB 5.118408353895987 1.125914728089732
62884.1806 lsst_hardware_u 1.3995706379787434 2.8620257187079523 28.489999771118164 AB 6.929670896406717 1.1093093935177902
62888.1582 lsst_hardware_i 291.186633538464 34.75447407981631 31.229999542236328 AB 11.459016832918765 1.1172988331629061
62888.178 lsst_hardware_z 254.75857757128864 44.960093687749634 30.940000534057617 AB 10.828526690349284 1.1070132328416984
62892.1559 lsst_hardware_g -25.263532377787485 14.906320852070891 31.43000030517578 AB 14.659075935809339 1.110767465631805
62892.1761 lsst_hardware_i 166.53346097790072 34.468280678233974 31.25 AB 15.50465647099619 1.1078051661325075
62894.1381 lsst_hardware_z 145.94926868197032 44.90707115081028 30.940000534057617 AB 13.23024302915164 1.1211120268749801
62894.1567 lsst_hardware_r 136.73156420742447 25.07495743976471 31.489999771118164 AB 13.072359594798979 1.1080148834377843
62896.1381 lsst_hardware_y 55.78082581075167 49.37166367287917 30.020000457763672 AB 13.41620694949637 1.1157160813735314
62896.1577 lsst_hardware_g 10.231036548447683 16.50984859837995 31.469999313354492 AB 13.291614561714114 1.1069042974466108
62898.1369 lsst_hardware_r -17.763875230506702 43.99210752943839 31.600000381469727 AB 9.264141993238056 1.1124089809363555
62898.1553 lsst_hardware_i 167.5911384761236 43.27798672059042 31.280000686645508 AB 9.364566261768182 1.1069881508089243
62907.1085 lsst_hardware_i 121.44722449717288 62.55536765002444 31.309999465942383 AB 3.856284133741568 1.115338867314987
62907.1274 lsst_hardware_z 239.47693809236983 59.74192984961677 30.979999542236328 AB 3.8622917048097842 1.1069117159303
62909.0982 lsst_hardware_r -20.612419566854363 38.6905713070893 31.579999923706055 AB 5.055499901494053 1.1199601022361692
62909.114 lsst_hardware_z 67.62918464891716 48.77717174410104 30.950000762939453 AB 5.007496754366605 1.1086095059756704
62911.0984 lsst_hardware_g 18.32412273196305 14.471923253427148 31.40999984741211 AB 3.5420921058190555 1.1146541124440423
62911.1152 lsst_hardware_i 89.74152281620097 32.40733936569562 31.239999771118164 AB 3.5321768865249763 1.1070052139857371
62913.0881 lsst_hardware_z 147.6691906188796 43.46072346200458 30.940000534057617 AB 3.524608104333273 1.119100842779258
62913.1056 lsst_hardware_r 39.965105032435325 23.696393033999758 31.489999771118164 AB 3.4860038642207614 1.1077815362175942
62915.0295 lsst_hardware_u 2.84920467270642 3.8096022549425097 28.579999923706055 AB 4.498307201163479 1.2443450072374769
62915.0449 lsst_hardware_g 5.592026004600793 14.103291161391402 31.3799991607666 AB 5.3762468849391585 1.1918522560367273
62918.088 lsst_hardware_r 52.08473073737398 23.744510988399043 31.489999771118164 AB 5.087311196075542 1.1091924552655839
62918.1061 lsst_hardware_i 20.481408354027117 32.28186688574352 31.25 AB 5.091867006493951 1.1080919095776016
62920.0908 lsst_hardware_z 53.06633921985789 43.179507288838856 30.950000762939453 AB 7.301033083506493 1.106985874054936
62920.1086 lsst_hardware_r 2.280295510245036 23.758953549354807 31.5 AB 7.337053578672892 1.1119696250783
62922.0861 lsst_hardware_u -4.5726839289771135 2.7265712782434046 28.43000030517578 AB 8.421771499137687 1.106926231280214
62922.1049 lsst_hardware_r 1.9262763884779612 23.634910273793455 31.489999771118164 AB 8.493930767673207 1.1131916736244711
62924.0544 lsst_hardware_g -8.9113914288543 16.647569469290662 31.459999084472656 AB 8.839217447761925 1.1231534241120615
62924.0718 lsst_hardware_i 20.358088950725715 32.71366844136214 31.25 AB 8.66160251059255 1.1091110199874996
62926.0552 lsst_hardware_z 116.76534349228994 45.202657561701024 30.950000762939453 AB 4.2684202392020545 1.1165836738478987
62926.0735 lsst_hardware_r 44.31178388192807 33.52215731185333 31.56999969482422 AB 4.1930948059386495 1.1070877375414896
62928.0617 lsst_hardware_y 51.64712435074261 73.27123194631153 30.780000686645508 AB 6.95659542828089 1.108768032134024
62936.042 lsst_hardware_z 171.81696439608206 55.25894482784339 30.969999313354492 AB 7.994288354148272 1.1080094738944244
62936.0611 lsst_hardware_r 65.710557897441 69.78326849113002 31.6299991607666 AB 7.89465961983102 1.1097746785916036
62938.0408 lsst_hardware_i 86.8679702608327 31.79240816209027 31.239999771118164 AB 10.099773649495985 1.1070772669006788
62938.0601 lsst_hardware_z 71.30358124080279 46.7663755758627 30.950000762939453 AB 11.665386823771849 1.112401795019511
62940.0385 lsst_hardware_r 69.19095738220884 23.36890952519961 31.479999542236328 AB 10.476362984205291 1.106877293570148
62940.0582 lsst_hardware_u 2.181542458753727 2.610067434747335 28.350000381469727 AB 10.718448934001419 1.1151112082814627
62942.0061 lsst_hardware_y 145.09803499374635 50.53478942822479 30.020000457763672 AB 8.867744880005485 1.1221560763064655
62942.0258 lsst_hardware_g -19.868097433131073 14.053344111889446 31.399999618530273 AB 8.75679405332587 1.1079523912140108
62949.0005 lsst_hardware_y 47.58728937917476 49.36000061035156 30.040000915527344 AB 5.285987476550231 1.110618232282815
62949.0212 lsst_hardware_r 17.556887940622925 23.139999389648438 31.5 AB 5.187138982525225 1.108007899717019
62950.9968 lsst_hardware_y -1.8708363200115952 50.58000183105469 30.030000686645508 AB 9.143509025941498 1.1096940441694303
62951.0142 lsst_hardware_z -33.1763336471159 42.470001220703125 30.940000534057617 AB 8.195377666432684 1.107583250711688
62952.9903 lsst_hardware_y -0.3823547028725042 57.7599983215332 30.040000915527344 AB 6.940187791897744 1.1102228051133511
62953.009 lsst_hardware_u -1.2566559569126852 3.200000047683716 28.6200008392334 AB 7.7236295233171495 1.1076480027702782
62954.9891 lsst_hardware_y -38.575576262795266 59.16999816894531 30.040000915527344 AB 7.410012838384627 1.1083431477865024
62955.0082 lsst_hardware_r 46.26261352112399 32.66999816894531 31.56999969482422 AB 6.525589849817967 1.1092911122763998
62956.9961 lsst_hardware_z -68.0922742464493 79.36000061035156 31.729999542236328 AB 5.516757107744717 1.1072267150515667
62958.9848 lsst_hardware_y 18.344198809745176 63.970001220703125 30.040000915527344 AB 9.959690827019674 1.1069397973903976
62959.0028 lsst_hardware_z -40.797911579612474 60.38999938964844 30.979999542236328 AB 6.863409932523357 1.1124291798733523
62960.9837 lsst_hardware_y -64.16608845423461 64.47000122070312 30.040000915527344 AB 9.946846366647632 1.1070194336994108
62961.0021 lsst_hardware_i -16.259669379705638 63.86000061035156 31.309999465942383 AB 8.553603794441921 1.1161848816679503
63190.345 lsst_hardware_r -2.6489720731050914 24.1299991607666 31.5 AB 5.5428553421483615 1.1082755282888181
63192.3394 lsst_hardware_z 2.011750348743345 42.790000915527344 30.940000534057617 AB 5.240519448410694 1.1083227596216993
63192.3573 lsst_hardware_y 144.7286347926608 78.69000244140625 30.040000915527344 AB 5.327085179586818 1.108846871726777
63194.3384 lsst_hardware_z -84.25857556840697 42.83000183105469 30.940000534057617 AB 9.252652014700654 1.1071959491873427
63196.336 lsst_hardware_r 3.8289505924182454 23.40999984741211 31.489999771118164 AB 5.645215667072978 1.1069050327594074
63196.3551 lsst_hardware_y 38.356360076358236 75.33999633789062 30.040000915527344 AB 5.681366256048187 1.1139933835388602
63198.1728 lsst_hardware_r 223.32979116369035 147.47999572753906 32.18000030517578 AB 6.658759598062347 1.965153714289641
63200.3382 lsst_hardware_z -69.19417661103222 72.19999694824219 30.979999542236328 AB 6.801285309028209 1.1101118567511055
63203.3288 lsst_hardware_i 80.66431889546772 73.87000274658203 31.31999969482422 AB 6.81571911185233 1.1095110954821517
63203.3476 lsst_hardware_y 86.14377487881069 64.95999908447266 30.040000915527344 AB 6.8207735789997805 1.1259699444265652
63205.3007 lsst_hardware_z -73.11909489927451 53.040000915527344 30.969999313354492 AB 3.4029086349735813 1.1096441201000808
63205.3196 lsst_hardware_r 52.602360658801075 57.43000030517578 31.6200008392334 AB 3.393860814445956 1.1080486946905583
63207.303 lsst_hardware_z 130.31764933007025 44.849998474121094 30.950000762939453 AB 4.636664354039336 1.1071749959898671
63207.3225 lsst_hardware_g 26.284339211901965 29.790000915527344 31.6200008392334 AB 4.66948004970763 1.1121340226360417
63212.2528 lsst_hardware_r -49.52536083639941 23.1299991607666 31.479999542236328 AB 13.891219086589638 1.1416736573709543
63212.2718 lsst_hardware_u 4.161334629952303 2.700000047683716 28.420000076293945 AB 13.736141183249913 1.1164039513095354
63217.2531 lsst_hardware_i 0.7220255785012899 31.059999465942383 31.239999771118164 AB 7.881740269063844 1.1215168822260104
63217.2791 lsst_hardware_z -24.345954572404775 41.95000076293945 30.940000534057617 AB 7.831762030443712 1.106884606097669
63219.2301 lsst_hardware_z -34.0838369603549 42.54999923706055 30.940000534057617 AB 5.919741767746454 1.148349518476519
63219.2534 lsst_hardware_r -24.41342564401341 32.59000015258789 32.22999954223633 AB 4.833791911604808 1.1157693834853624
63221.2328 lsst_hardware_u -4.274229417591347 2.6600000858306885 28.3700008392334 AB 6.6909760254489905 1.1340637331269474
63221.2508 lsst_hardware_g -20.57789491282996 14.130000114440918 31.40999984741211 AB 6.004671446565727 1.11345392587058
63223.2243 lsst_hardware_r 92.09190237299008 34.209999084472656 31.559999465942383 AB 7.690290755820383 1.1390070360751485
63223.2437 lsst_hardware_z 90.32349508330566 42.40999984741211 30.940000534057617 AB 7.511927679129648 1.1147360681327103
63225.2496 lsst_hardware_r -23.341253631157738 56.099998474121094 31.6200008392334 AB 7.353402270303591 1.1082050517254156
63225.269 lsst_hardware_y -1.2811968186102107 50.33000183105469 30.020000457763672 AB 7.009780281003089 1.1096252769801875
63227.2434 lsst_hardware_z -92.3578606774091 70.08000183105469 30.979999542236328 AB 5.615192357500096 1.108462193653476
63227.2642 lsst_hardware_r 74.55035570626448 99.02999877929688 31.639999389648438 AB 6.964757894048108 1.1099510575125142
63230.2378 lsst_hardware_i -35.10193056363463 100.9800033569336 31.329999923706055 AB 9.93983350130776 1.10765660970138
63230.2608 lsst_hardware_z 61.88479100157132 87.06999969482422 30.989999771118164 AB 9.682031086532174 1.1128771363830086
