data/validation/pwv_sim_epoch_fit_epoch/2945911.ecsv
# %ECSV 0.9
# ---
# datatype:
# - {name: time, datatype: float64}
# - {name: band, datatype: string}
# - {name: flux, datatype: float64}
# - {name: fluxerr, datatype: float64}
# - {name: zp, datatype: float64}
# - {name: zpsys, datatype: string}
# - {name: pwv, datatype: float64}
# - {name: airmass, datatype: float64}
# meta: {SNID: '2945911', alt: 1024.0, c: 0.12377595901489258, dec: -51.642994, lat: -30.244573, lon: -70.7499537, ra: 42.597088, t0: 59913.203125,
#   x0: 1.0646965916967329e-05, x1: -0.6255429983139038, z: 0.44846463203430176}
# schema: astropy-2.0
time band flux fluxerr zp zpsys pwv airmass
59842.3599 lsst_hardware_z 84.67483163082123 41.560001373291016 30.940000534057617 AB 5.6558593425793555 1.0955659743496438
59842.3721 lsst_hardware_i 18.278546879908525 30.760000228881836 31.239999771118164 AB 5.7547326110414065 1.11063063032753
59850.3458 lsst_hardware_i 58.66158454590397 30.270000457763672 31.229999542236328 AB 5.2081519928833115 1.1046507222829747
59850.3574 lsst_hardware_z -45.9277544685883 41.91999816894531 30.93000030517578 AB 5.307824858588315 1.121391191800204
59853.3621 lsst_hardware_r 4.091034358039201 21.90999984741211 31.459999084472656 AB 4.792796285427721 1.1446622634119061
59853.3737 lsst_hardware_g 4.805936469117274 13.229999542236328 31.360000610351562 AB 4.892235724248271 1.1701347131007802
59856.2667 lsst_hardware_z 69.6403323316577 43.54999923706055 30.950000762939453 AB 2.982412255069711 1.0753244114185603
59856.2835 lsst_hardware_i -17.231400786254323 33.9900016784668 31.270000457763672 AB 2.9355732963718753 1.0735320154952916
59858.351 lsst_hardware_z -32.663274532017226 46.689998626708984 30.950000762939453 AB 7.176231270078522 1.1498834990110178
59858.3632 lsst_hardware_g -5.443103188785782 12.949999809265137 31.34000015258789 AB 7.341909112679825 1.1778463817132432
59862.3436 lsst_hardware_z -117.15669728055362 91.73999786376953 31.729999542236328 AB 3.472313925627992 1.1574379752093307
59867.3202 lsst_hardware_r 45.78741816860565 42.72999954223633 31.59000015258789 AB 6.406061487267333 1.137507218810334
59867.3318 lsst_hardware_i 23.627925215635564 41.08000183105469 31.270000457763672 AB 6.578009550940958 1.1615768234046404
59869.3264 lsst_hardware_z -51.55831369481561 44.47999954223633 30.940000534057617 AB 6.304238437758002 1.1617146998325334
59869.3375 lsst_hardware_i -13.549552354863694 35.47999954223633 31.25 AB 5.826258927282636 1.1890324341393133
59871.3177 lsst_hardware_u -2.2303933253351955 3.069999933242798 28.540000915527344 AB 4.387271274043438 1.1545450721166943
59871.3284 lsst_hardware_g 11.549499854252856 16.5 31.450000762939453 AB 4.482456606558709 1.1795938438312392
59877.2967 lsst_hardware_r 6.154080667311767 22.010000228881836 31.459999084472656 AB 4.322275301230783 1.1449230412513975
59877.3073 lsst_hardware_g -4.152368800042918 12.90999984741211 31.34000015258789 AB 4.4143099872848 1.1680643847280616
59879.2939 lsst_hardware_r -38.84006398651258 21.920000076293945 31.469999313354492 AB 3.659372375790907 1.1503842740617887
59879.3046 lsst_hardware_i 6.398138136532685 30.709999084472656 31.229999542236328 AB 3.6883189501590388 1.1747173979326502
59881.2917 lsst_hardware_z -24.101119133749723 42.43000030517578 30.940000534057617 AB 3.5288873711662547 1.1573917255382142
59881.3023 lsst_hardware_i 37.845394679554225 31.010000228881836 31.229999542236328 AB 3.59648433702461 1.1826650236845149
59885.2824 lsst_hardware_y -91.47806468470459 48.68259724492653 30.010000228881836 AB 3.611994885361401 1.1610087221583265
59885.2944 lsst_hardware_r -9.6716386912687 22.348694401090924 31.459999084472656 AB 3.662288722407089 1.19060101508683
59887.2831 lsst_hardware_i 65.63065439896445 46.879107095682166 31.280000686645508 AB 6.021343752479738 1.1755653628854934
59887.2944 lsst_hardware_z -19.176839856318807 50.49907936114963 30.950000762939453 AB 6.8731084863965455 1.2058085063853587
59896.2335 lsst_hardware_i 809.8150310153736 50.480985606790284 31.280000686645508 AB 7.519085681276169 1.1241811588960409
59896.2455 lsst_hardware_z 587.6760995227999 53.000003307095945 30.940000534057617 AB 7.6728607591779285 1.1463009238964397
59898.1572 lsst_hardware_z 842.2217517705825 49.53261793884035 30.940000534057617 AB 4.50799028113529 1.0740555806223142
59898.1707 lsst_hardware_r 1280.3941846420207 41.62021756579692 31.469999313354492 AB 4.130493913025336 1.07378524602074
59899.2339 lsst_hardware_g 413.51066343110654 27.27193885167744 31.479999542236328 AB 8.391752322537261 1.139564410990745
59899.2458 lsst_hardware_i 1183.4603911093684 47.68006658934571 31.239999771118164 AB 8.899701657697468 1.1647299643627826
59901.2379 lsst_hardware_z 1199.5194135972501 54.73371053957578 30.93000030517578 AB 5.273744243388623 1.1591920526186663
59901.2494 lsst_hardware_r 1968.8366077039716 49.965874937110264 31.440000534057617 AB 5.358652075451949 1.1871183153416742
59903.2363 lsst_hardware_u 5.929280411900338 3.5318047134514576 28.350000381469727 AB 5.734367025257776 1.168054119756497
59903.2484 lsst_hardware_g 797.8208638751423 30.401841063861195 31.34000015258789 AB 5.902938736611559 1.199235865023426
59905.1866 lsst_hardware_u 4.108145755274805 3.315020175687521 28.3700008392334 AB 4.106675366939626 1.0942380407514805
59905.1996 lsst_hardware_g 922.5042827526011 32.83886992813519 31.360000610351562 AB 4.131871673910102 1.109972242823399
59907.1864 lsst_hardware_r 3469.305081188264 62.2227803743729 31.469999313354492 AB 8.449853268512628 1.1000503300442899
59907.1981 lsst_hardware_i 2431.505130139567 58.51633949090534 31.239999771118164 AB 8.602072558699058 1.1157033150063629
59909.1363 lsst_hardware_z 2190.4318249575063 61.434918622360996 30.940000534057617 AB 5.591643437365854 1.0733894492000189
59909.1499 lsst_hardware_r 3735.6424725165457 64.01586625093658 31.469999313354492 AB 5.60848251485481 1.0761915374619246
59911.2216 lsst_hardware_g 993.6532726865635 34.086214582385196 31.329999923706055 AB 4.6946811732300535 1.185824999552745
59911.2331 lsst_hardware_i 2838.495880357312 61.26064440981221 31.219999313354492 AB 4.695097318549426 1.2183981623325988
59913.1862 lsst_hardware_r 3994.4459250390087 68.04825609494058 31.520000457763672 AB 5.025749080213908 1.1227378986253875
59913.1973 lsst_hardware_z 2361.7390088789084 64.57694675472862 30.940000534057617 AB 5.1202458048148545 1.1427419591165424
59915.18 lsst_hardware_r 4142.434231810207 77.66236165755204 31.600000381469727 AB 7.066445976279489 1.1215394100538447
59915.1916 lsst_hardware_y 826.8013793824703 56.825819296235714 30.020000457763672 AB 7.214971723612089 1.142272160580271
59917.1972 lsst_hardware_z 2400.6381014652543 72.0060787811297 30.959999084472656 AB 4.228939455250879 1.1660142792842827
59917.2087 lsst_hardware_r 3853.327831101981 87.04729473792382 31.600000381469727 AB 5.187893007026005 1.1951605153546354
59919.185 lsst_hardware_r 3620.2229584912557 97.75487570341215 31.6200008392334 AB 5.985581068678703 1.1510732824382122
59919.1974 lsst_hardware_i 3009.191816960858 81.99430372261943 31.290000915527344 AB 6.134803268105505 1.1797698592510586
59921.1031 lsst_hardware_i 2960.193838138318 81.97132834779511 31.31999969482422 AB 4.104700762643421 1.073381619815694
59921.1151 lsst_hardware_z 2257.366545880879 73.89322293934428 30.969999313354492 AB 4.10729166112435 1.07548878269818
59923.1022 lsst_hardware_i 2770.2624791798753 72.39203448859952 31.309999465942383 AB 9.878644532157757 1.0737657100171476
59923.1138 lsst_hardware_z 1972.7551192745104 68.30426179475756 30.969999313354492 AB 9.908873479295123 1.0770514651407743
59926.1041 lsst_hardware_g 565.7937016629063 90.29023352516296 31.719999313354492 AB 12.93697875936495 1.076437006742334
59926.1161 lsst_hardware_r 2775.1879321921115 94.72259680075926 31.649999618530273 AB 13.08792600712692 1.0829146527305358
59928.0995 lsst_hardware_i 2232.44185429223 97.84432810510734 31.329999923706055 AB 8.378756775119033 1.0767825701963407
59928.1105 lsst_hardware_r 2256.016694529381 93.05597198194931 31.639999389648438 AB 8.416877500120505 1.082819826184332
59930.0975 lsst_hardware_u 26.893780117998975 28.3724207310254 29.479999542236328 AB 10.456452449901244 1.0783553575009879
59930.1115 lsst_hardware_g 529.3532758664188 89.15932925526035 31.709999084472656 AB 10.456029719798034 1.0878005690543124
59932.1037 lsst_hardware_r 1744.675122396699 89.69218533624887 31.649999618530273 AB 3.3240444116231562 1.0858750187694743
59932.1175 lsst_hardware_i 1924.0742718195147 95.50195505272255 31.329999923706055 AB 3.4071639866503527 1.0993215702248933
59934.0821 lsst_hardware_i 1756.0176771716688 94.90815529862847 31.34000015258789 AB 4.748903273519238 1.0763809999854723
59934.0926 lsst_hardware_z 1416.223856806613 110.04961339282886 31.0 AB 3.3536091004382196 1.0818093872381354
59936.0852 lsst_hardware_i 1676.7690139298618 94.5465507564198 31.329999923706055 AB 4.62730602036914 1.08059923411882
59936.0966 lsst_hardware_u -47.53811479903232 28.414921502988477 29.469999313354492 AB 4.66824490400739 1.0890998298484715
59941.0795 lsst_hardware_i 1457.1822465975758 92.17245013521834 31.329999923706055 AB 6.751687165862011 1.08617875898681
59941.091 lsst_hardware_r 907.1436749006787 84.39305974330532 31.639999389648438 AB 5.863883289759731 1.0971466801346634
59943.0763 lsst_hardware_z 965.394474900601 108.45043503189423 31.0 AB 9.233658704281654 1.0880622221158993
59943.0882 lsst_hardware_g 94.45861431391558 87.54100120685678 31.709999084472656 AB 8.134052644079846 1.1001874631308355
60178.4258 lsst_hardware_u -19.1902539224718 28.31999969482422 29.479999542236328 AB 1.8297612943826331 1.0831796918056138
60179.4147 lsst_hardware_g -13.079344802425997 87.55000305175781 31.709999084472656 AB 2.4744102838782114 1.0781744156332076
60179.4261 lsst_hardware_r -53.61496617907911 79.52999877929688 31.639999389648438 AB 1.7299055451372989 1.0854309302820153
60183.4077 lsst_hardware_i 52.75486471747099 84.66000366210938 31.329999923706055 AB 3.539326960966447 1.0802981948772064
60183.42 lsst_hardware_u 54.181435499569574 28.190000534057617 29.469999313354492 AB 3.052053948333596 1.0895004575203224
60193.3168 lsst_hardware_z 303.03557359107464 254.6999969482422 32.939998626708984 AB 0.7650719992930578 1.0929599989900827
60200.3121 lsst_hardware_i 124.28195168867092 84.58999633789062 31.329999923706055 AB 2.9612004765224436 1.0812233597526038
60200.332 lsst_hardware_u -46.57303897087085 28.399999618530273 29.489999771118164 AB 2.9707946038001327 1.073651826454692
60204.4007 lsst_hardware_i 75.59795504950772 84.91000366210938 31.31999969482422 AB 0.8008112760064208 1.144016108580601
60208.3757 lsst_hardware_z -41.10125898034019 102.37000274658203 30.989999771118164 AB 3.6851836481199016 1.1189828891044247
60208.3891 lsst_hardware_u -26.05221817632653 27.309999465942383 29.420000076293945 AB 3.925256049043546 1.1426682982029632
60210.3645 lsst_hardware_r 27.21187315737564 79.02999877929688 31.639999389648438 AB 1.9462789839041568 1.1104672787584215
60210.3761 lsst_hardware_g 155.44991166272513 86.2300033569336 31.690000534057617 AB 1.584842660738713 1.1286713310898846
60214.3465 lsst_hardware_z -44.33475854448304 104.76000213623047 31.0 AB 5.446764517632587 1.1012463642605312
60214.3595 lsst_hardware_i -79.03481706238189 85.08000183105469 31.31999969482422 AB 5.581414403706838 1.1192675943264234
60216.3413 lsst_hardware_r -86.46723225754958 79.19000244140625 31.639999389648438 AB 7.622070625665801 1.1015614161768035
60216.353 lsst_hardware_z 150.53897520874688 103.5199966430664 30.989999771118164 AB 7.725379847888277 1.1176495331258476
60217.2785 lsst_hardware_y 104.94543203108154 113.16999816894531 30.059999465942383 AB 2.593088280155492 1.0752266538308881
60217.2961 lsst_hardware_r 46.731347675098 79.75 31.639999389648438 AB 4.0740693531274905 1.0736067865149195
60222.3525 lsst_hardware_i 17.87024520256439 84.87000274658203 31.31999969482422 AB 8.708961493774373 1.1459159860229438
60222.3636 lsst_hardware_z -49.47753575095774 104.26000213623047 30.989999771118164 AB 8.895296600488342 1.1704337632221502
60225.342 lsst_hardware_r 46.655374541114135 78.75 31.6299991607666 AB 4.925951307607379 1.1413232872118708
60225.3532 lsst_hardware_i -9.340013593645233 83.97000122070312 31.309999465942383 AB 5.10989353233611 1.1652235175591614
60228.326 lsst_hardware_i -39.878771651522165 84.83999633789062 31.31999969482422 AB 5.0849464698589015 1.1270244475325406
60228.3363 lsst_hardware_z 23.840345110753503 104.29000091552734 30.989999771118164 AB 5.011558637862337 1.1462851413225026
60233.2648 lsst_hardware_r 35.85175998536986 79.79000091552734 31.649999618530273 AB 7.840359580802741 1.0770464428604478
60233.2753 lsst_hardware_u 8.552660875921339 28.479999542236328 29.469999313354492 AB 7.877124304222918 1.0829523016632299
60234.2726 lsst_hardware_g 134.3749930195471 174.89999389648438 33.220001220703125 AB 6.572929886422122 1.0829739487734162
60234.2867 lsst_hardware_r -92.21953939012276 137.8000030517578 32.83000183105469 AB 6.5931663440092185 1.0953619843293732
60237.2697 lsst_hardware_i 41.04639741648771 84.62999725341797 31.329999923706055 AB 1.4008029358399563 1.0870172807863085
60239.3168 lsst_hardware_r -52.2792282219038 78.44000244140625 31.6200008392334 AB 2.9275937315463483 1.1695171203620687
60239.3279 lsst_hardware_g -144.05597226856136 85.0999984741211 31.65999984741211 AB 3.0084197319083703 1.1981757976398948
60241.2965 lsst_hardware_z 113.27044431459197 104.48999786376953 30.989999771118164 AB 3.672650550598011 1.137836124420165
60241.3076 lsst_hardware_r -123.74198470979418 78.8499984741211 31.6200008392334 AB 3.75572363669307 1.160845962299267
60243.2967 lsst_hardware_i 153.0866635222252 84.2699966430664 31.31999969482422 AB 1.6079344708910728 1.1490717991119084
60243.3079 lsst_hardware_z -94.05122507480114 103.13999938964844 30.989999771118164 AB 1.6026736968841118 1.1744067148634287
60247.2959 lsst_hardware_y 42.688432058699924 111.62000274658203 30.030000686645508 AB 5.198319100266814 1.171782271122415
60247.3069 lsst_hardware_r 6.25452291713769 78.58999633789062 31.610000610351562 AB 5.380820761097305 1.2005401073398716
60249.2834 lsst_hardware_r -101.92996260809238 78.44000244140625 31.6200008392334 AB 5.827247915828242 1.1556267557418427
60249.2955 lsst_hardware_i 90.53726096922632 83.5999984741211 31.299999237060547 AB 6.4841546681790945 1.184464714396717
60251.2836 lsst_hardware_z -158.84495861134124 103.16000366210938 30.989999771118164 AB 6.1950242482806 1.1684866786024843
60251.2952 lsst_hardware_r -48.51152238362852 78.33000183105469 31.6200008392334 AB 5.752123901730809 1.1983591461939187
60261.2494 lsst_hardware_r -35.45929780936983 78.80000305175781 31.6200008392334 AB 7.719514541912592 1.1529694128117802
60261.2605 lsst_hardware_u 8.68353192079286 26.979999542236328 29.360000610351562 AB 5.213638710402475 1.178756208546685
60263.2302 lsst_hardware_u -8.122009210225423 27.610000610351562 29.43000030517578 AB 8.44638378491447 1.1266351587187502
60263.2408 lsst_hardware_g -5.177399028137066 85.97000122070312 31.690000534057617 AB 8.649795622933942 1.1464275179499692
60265.2374 lsst_hardware_r 75.05312577407278 78.83999633789062 31.6200008392334 AB 6.539457441148725 1.1506882897163322
60265.2489 lsst_hardware_z -210.54756968660226 104.12000274658203 30.979999542236328 AB 6.333369993241463 1.1770604621313585
60268.2416 lsst_hardware_r 4.337835968456158 78.56999969482422 31.610000610351562 AB 5.788186478882938 1.1792970516247623
60268.2535 lsst_hardware_y 100.90343491123834 110.41000366210938 30.010000228881836 AB 5.27906196509916 1.2119522399309341
60270.1829 lsst_hardware_z -192.91039978952264 146.42999267578125 31.75 AB 4.035994645004685 1.0899256400230521
60272.1848 lsst_hardware_z 52.54636162163215 104.79000091552734 31.0 AB 8.492429371522437 1.0974021413924582
60272.197 lsst_hardware_r 8.319885153966752 79.37999725341797 31.6299991607666 AB 8.58520428983593 1.1130342640236728
60276.1877 lsst_hardware_i -115.47094122609114 85.02999877929688 31.31999969482422 AB 3.63379239171591 1.1154300949167684
60276.1999 lsst_hardware_z -30.921705312092016 104.44999694824219 30.989999771118164 AB 3.7256884617021258 1.1359094880564962
60278.1831 lsst_hardware_g 86.4821280500497 86.55000305175781 31.700000762939453 AB 5.022689890972847 1.1167323555116389
60278.1952 lsst_hardware_r 20.365996023230785 78.83000183105469 31.6299991607666 AB 5.0403006092374225 1.1373374823400417
60280.1822 lsst_hardware_i -18.675877690758377 84.33999633789062 31.31999969482422 AB 7.087481801787675 1.1239861185897884
60280.1938 lsst_hardware_r 63.90402783484793 78.75 31.6299991607666 AB 7.235750024357273 1.1452595796703129
60284.1839 lsst_hardware_g -139.88374179699733 86.04000091552734 31.690000534057617 AB 5.966156725035068 1.1473378317375131
60284.1961 lsst_hardware_r -110.34362765101692 78.4800033569336 31.6200008392334 AB 6.10891821045389 1.1747919635488249
60286.1838 lsst_hardware_i 82.61536439433608 84.04000091552734 31.31999969482422 AB 5.133424206020271 1.1587865024876456
60290.1006 lsst_hardware_u 42.45878820233151 28.579999923706055 29.479999542236328 AB 13.323485287513135 1.0743013455501642
60290.1126 lsst_hardware_g -8.323994198466458 87.58999633789062 31.719999313354492 AB 13.436356596124316 1.0787055713008529
60293.0997 lsst_hardware_r 21.0689499882958 21.59000015258789 31.479999542236328 AB 8.366814026601826 1.0765522228978113
60293.1115 lsst_hardware_i 25.635784242156273 29.860000610351562 31.239999771118164 AB 8.424509876762656 1.0830045457057638
60295.0961 lsst_hardware_z 71.35793956152128 41.2599983215332 30.950000762939453 AB 10.440757440482873 1.0773385724733462
60295.1074 lsst_hardware_u -1.9505053235384546 2.75 28.469999313354492 AB 10.454499698930455 1.0839762940092925
60297.0959 lsst_hardware_g -7.773860935849707 22.989999771118164 31.579999923706055 AB 3.302188196107941 1.080028845824274
60297.1089 lsst_hardware_r -0.49261445174829216 28.25 31.540000915527344 AB 3.3170134225011934 1.0896890349871773
60301.0828 lsst_hardware_r 92.68227019478248 55.41999816894531 31.6299991607666 AB 5.258325037900897 1.0788336346118201
60301.0942 lsst_hardware_i -67.43056991843096 48.4900016784668 31.299999237060547 AB 4.616266708907815 1.086436034103981
60303.0771 lsst_hardware_z -64.63865651536231 54.130001068115234 30.969999313354492 AB 7.713859537799461 1.0787106052019944
60303.0895 lsst_hardware_i -3.1298161609222106 56.34000015258789 31.31999969482422 AB 6.599561051632811 1.0870632600285206
60306.0796 lsst_hardware_r -85.5145164397843 62.0 31.639999389648438 AB 6.833272339266356 1.0856803843766056
60306.0915 lsst_hardware_i -117.49816288255896 55.45000076293945 31.309999465942383 AB 5.892238050137332 1.0969105895384423
60308.0805 lsst_hardware_z 0.5447591482275462 41.5099983215332 30.950000762939453 AB 9.299472760765465 1.09122058504083
60308.0938 lsst_hardware_u -0.6161747934276838 5.159999847412109 28.8799991607666 AB 8.145535697398195 1.1062794645386658
60310.08 lsst_hardware_g -9.629064356164385 13.0 31.3700008392334 AB 7.553437991166415 1.0962804374949442
60310.0926 lsst_hardware_r 5.747629287461347 21.959999084472656 31.469999313354492 AB 7.706309716565236 1.112133940883673
