data/validation/pwv_sim_epoch_fit_epoch/29459098.ecsv
# %ECSV 0.9
# ---
# datatype:
# - {name: time, datatype: float64}
# - {name: band, datatype: string}
# - {name: flux, datatype: float64}
# - {name: fluxerr, datatype: float64}
# - {name: zp, datatype: float64}
# - {name: zpsys, datatype: string}
# - {name: pwv, datatype: float64}
# - {name: airmass, datatype: float64}
# meta: {SNID: '29459098', alt: 1024.0, c: -0.009912042878568172, dec: -60.245399, lat: -30.244573, lon: -70.7499537, ra: 55.062111, t0: 63154.06640625,
#   x0: 3.1442391785551885e-06, x1: 0.20097482204437256, z: 0.7415368556976318}
# schema: astropy-2.0
time band flux fluxerr zp zpsys pwv airmass
63111.2992 lsst_hardware_y 63.23052798666525 54.630001068115234 29.959999084472656 AB 3.294678892046099 1.281560671135988
63122.3966 lsst_hardware_z 6.44048753522985 43.56753105764674 30.940000534057617 AB 2.336983948849379 1.1605614710392547
63122.4074 lsst_hardware_r -63.24115736208183 31.7756710918238 31.549999237060547 AB 2.362075166590158 1.168091238732461
63124.3146 lsst_hardware_r -25.53401402510417 21.980642076911764 31.459999084472656 AB 2.1172229200862347 1.1842947392455516
63124.3254 lsst_hardware_u 1.925492553357291 2.617204809093429 28.360000610351562 AB 2.091378306170737 1.1726259075810812
63126.3976 lsst_hardware_r -15.324777433079731 24.0905252397136 31.489999771118164 AB 0.8183217636364023 1.1690310909091461
63129.3769 lsst_hardware_i 138.0546335749913 32.76620740817149 31.229999542236328 AB 6.869344039991768 1.1602315122157023
63129.3887 lsst_hardware_z 105.07727519682521 44.33618328936836 30.940000534057617 AB 6.682078297388427 1.1684338234584724
63131.3256 lsst_hardware_r 130.19283751368815 24.555307601322568 31.440000534057617 AB 2.2326469370548527 1.1587631696145597
63131.3468 lsst_hardware_u 0.4181931342382352 2.736959427091562 28.25 AB 1.7824287101715208 1.1534888918760853
63133.3882 lsst_hardware_g 51.265043940047754 16.163160072135266 31.3799991607666 AB 4.430951244624135 1.1784444799531302
63137.3737 lsst_hardware_r 362.1957874632422 29.83909807672212 31.459999084472656 AB 5.58838681987351 1.1747095107201662
63137.3867 lsst_hardware_z 286.094809987071 48.56665749103048 30.940000534057617 AB 4.759206841674249 1.1898017104185623
63143.3494 lsst_hardware_r 845.6497073799582 63.03467090533425 31.600000381469727 AB 2.7912324445261656 1.1675540063549599
63143.3614 lsst_hardware_i 954.8582474695922 57.35661304050658 31.280000686645508 AB 2.7651411912909407 1.1789970969119985
63145.3565 lsst_hardware_z 573.1045945856916 53.11143228989584 30.940000534057617 AB 7.3298547981144555 1.179618555319066
63145.3683 lsst_hardware_r 901.3026094164114 51.400004944376505 31.56999969482422 AB 7.502062030499382 1.194516610707593
63147.3712 lsst_hardware_g 167.5851132940171 31.196568458760055 31.579999923706055 AB 5.241906020907668 1.2072561079932445
63147.3829 lsst_hardware_i 1132.2202635482317 52.883370716119956 31.260000228881836 AB 4.9366696073016 1.2282818844625094
63149.269 lsst_hardware_g 180.64040924808737 17.66172198090131 31.329999923706055 AB 3.7419509788029957 1.1630898993870529
63149.2799 lsst_hardware_r 840.7450006292748 36.634638621215466 31.469999313354492 AB 3.7147704143066536 1.1572193082131783
63151.3406 lsst_hardware_r 830.6459809209334 35.928698532794584 31.450000762939453 AB 6.5477265464661345 1.180160391684889
63151.3523 lsst_hardware_u -3.7813454445821617 2.5613746005003923 28.229999542236328 AB 6.621826764352175 1.1950598744545067
63153.3395 lsst_hardware_g 136.0358511366574 17.034054569561977 31.329999923706055 AB 6.400665554144323 1.1853084359526525
63153.3527 lsst_hardware_r 802.9106476133884 35.561155927571214 31.450000762939453 AB 6.500813331811289 1.2038543207057941
63155.3402 lsst_hardware_i 1087.48151995083 45.14286058475139 31.229999542236328 AB 8.722874502363815 1.1934021277646734
63155.3509 lsst_hardware_z 665.4264649265915 50.23653518402749 30.93000030517578 AB 8.857748863970931 1.2098132959361327
63157.3422 lsst_hardware_r 625.7399341649667 34.46542267340396 31.450000762939453 AB 7.7300321932409295 1.2045239101271412
63157.3538 lsst_hardware_u 1.7620806703713165 2.5664506371421627 28.25 AB 7.897952402444021 1.2248052317050382
63161.3205 lsst_hardware_r 595.0572174338511 32.98935092443941 31.459999084472656 AB 2.9068276621290834 1.1889270917737143
63161.3316 lsst_hardware_z 807.8057153792928 50.18008899790465 30.93000030517578 AB 2.955356737437779 1.2050384250507262
63163.2788 lsst_hardware_i 934.4829091035692 43.01481670402938 31.229999542236328 AB 3.450538580241796 1.1576398725928638
63163.2901 lsst_hardware_r 606.1408045194293 32.012352821544326 31.459999084472656 AB 3.447862036913557 1.1640317477763529
63165.2205 lsst_hardware_z 558.4241836641355 55.13076336468544 30.950000762939453 AB 1.3655843110074426 1.1665844473627995
63165.2335 lsst_hardware_g 119.0934171047513 51.00133358939201 31.670000076293945 AB 1.4208263923503832 1.1584397817777277
63166.3163 lsst_hardware_i 878.4869101321821 51.7267749240485 31.270000457763672 AB 3.7624454330106305 1.2024434109973252
63166.327 lsst_hardware_z 508.59865423071807 53.14815521825239 30.940000534057617 AB 3.8706033272180527 1.2206254579684808
63168.3151 lsst_hardware_r 439.8571079684302 82.36514157023369 31.610000610351562 AB 3.6738827363282893 1.2093096564608423
63168.3262 lsst_hardware_z 608.6703196783277 65.00634273716949 30.950000762939453 AB 3.7380237600561794 1.2295456696637834
63170.3136 lsst_hardware_z 506.93249956891174 64.44742981811149 30.959999084472656 AB 4.139930271295698 1.2161361874063248
63170.3238 lsst_hardware_i 702.2882013934651 69.97665620112411 31.290000915527344 AB 4.2246022583822285 1.2357455904004178
63181.313 lsst_hardware_r 179.73842241762702 26.057784060150905 31.440000534057617 AB 2.545214968873646 1.281255962181682
63181.3236 lsst_hardware_u 0.5164621913311831 2.5212444057766206 28.209999084472656 AB 2.615868543047166 1.3115410092992918
63183.3136 lsst_hardware_g 35.65187709139951 13.513103129128366 31.290000915527344 AB 5.200483402891617 1.2980925810649904
63183.3246 lsst_hardware_r 169.41274678294778 25.582873106433496 31.43000030517578 AB 5.3795577115440825 1.3319858153002988
63186.2547 lsst_hardware_g 21.492949757725697 13.631831246382871 31.34000015258789 AB 7.101732585051573 1.1922410064510647
63186.2657 lsst_hardware_r 174.5807903626407 24.877389566022195 31.459999084472656 AB 7.132231766161801 1.2089040664709183
63187.2596 lsst_hardware_i 257.9827436879648 35.09044436130239 31.219999313354492 AB 4.846530262344509 1.2034590727172558
63187.2732 lsst_hardware_z 253.89583781668384 46.473965183259516 30.93000030517578 AB 4.943791975495195 1.2273564983851029
63193.2389 lsst_hardware_r 49.25869442421081 31.45766393630136 31.520000457763672 AB 7.357130556590312 1.1969301339355172
63193.251 lsst_hardware_i 186.78745343497832 33.861599353827124 31.219999313354492 AB 7.350160832687618 1.216511226860167
63197.1641 lsst_hardware_r 62.09354419306726 75.10999113948563 31.6200008392334 AB 4.1530991807656195 1.1536386613237832
63197.1773 lsst_hardware_z 209.59376778723433 58.303949673836854 30.959999084472656 AB 4.160062412515414 1.1547709680820024
63199.2357 lsst_hardware_i 148.04733153340203 66.99070514674325 31.290000915527344 AB 6.111822390876418 1.2184653889305546
63199.2472 lsst_hardware_z 186.35732547087693 62.51605457928566 30.959999084472656 AB 6.30164897623386 1.2412150829688968
63201.2434 lsst_hardware_i 138.37178125047757 57.92180542063096 31.270000457763672 AB 9.476017495130192 1.24482429764814
63201.2555 lsst_hardware_z 245.8436668857017 57.71196952419707 30.940000534057617 AB 9.889612511462389 1.2736823196946463
63204.2619 lsst_hardware_g 59.293445751209696 48.64936530171161 31.610000610351562 AB 5.773437440984243 1.3149341271600297
63204.2731 lsst_hardware_r 131.15442615059217 48.09620591067104 31.559999465942383 AB 5.883952658946607 1.3518558665011666
63206.2038 lsst_hardware_g 66.800942016335 24.61312811703862 31.559999465942383 AB 6.227121458636878 1.197523357430169
63206.2155 lsst_hardware_r 82.0929528435561 32.70285671680448 31.540000915527344 AB 6.469749065748182 1.2165184159728868
63208.1208 lsst_hardware_r 8.344743645557896 22.620388614777 31.450000762939453 AB 4.400404106365497 1.1565047258237675
63208.1356 lsst_hardware_i 114.44567988325605 32.00849608901494 31.229999542236328 AB 4.268238971077467 1.153578100291207
63211.1738 lsst_hardware_r 32.101291766176345 22.818505621139643 31.459999084472656 AB 11.887456077553958 1.1769758492627682
63211.187 lsst_hardware_g 16.932295076785 13.741870869181845 31.34000015258789 AB 12.049718563190918 1.193041441900091
63213.1223 lsst_hardware_u 3.175771917663011 2.6639408008399417 28.309999465942383 AB 13.725616213937778 1.1535746923045176
63213.1353 lsst_hardware_r 80.03653314244454 22.599108392151223 31.459999084472656 AB 11.960943529412921 1.1552188589809909
63216.1218 lsst_hardware_i 73.43916094729907 31.86078082555251 31.229999542236328 AB 11.654536601328385 1.1540857045717978
63216.1355 lsst_hardware_z -23.801521585657536 43.386938555080945 30.940000534057617 AB 11.804207856504167 1.1583322800938518
63218.1026 lsst_hardware_z 85.77249618040464 43.43623066334872 30.940000534057617 AB 4.512621345688085 1.1541231063140882
63218.1167 lsst_hardware_r 14.277671666621798 22.705135209263073 31.459999084472656 AB 4.4492260921614655 1.1541442521819627
63220.104 lsst_hardware_y 159.14981694671292 49.46840119706169 30.010000228881836 AB 3.818800279704008 1.1535708837368934
63220.1167 lsst_hardware_g 3.120710523072022 19.89123083276881 31.5 AB 3.7867224961764063 1.1553691826625192
63222.1005 lsst_hardware_r -11.971946015275185 38.28233794269925 31.56999969482422 AB 4.667510358821841 1.1536110624868614
63222.1139 lsst_hardware_i 58.451960109159245 39.265955543154064 31.260000228881836 AB 4.493818609416751 1.1562140504502791
63224.1087 lsst_hardware_z 66.73721603612027 49.84502683383272 30.950000762939453 AB 7.123432837278632 1.1563075784884982
63224.1216 lsst_hardware_r 46.18315659555652 51.717289531791174 31.600000381469727 AB 7.193367239929796 1.1627836478144655
63229.1074 lsst_hardware_i 6.097058992565039 63.0968799361806 31.299999237060547 AB 8.718263718010448 1.162435162401393
63229.1198 lsst_hardware_z 14.070587405995441 58.96228179258892 30.969999313354492 AB 8.791340447677948 1.1721787263570598
