data/validation/pwv_sim_epoch_fit_epoch/29701686.ecsv
# %ECSV 0.9
# ---
# datatype:
# - {name: time, datatype: float64}
# - {name: band, datatype: string}
# - {name: flux, datatype: float64}
# - {name: fluxerr, datatype: float64}
# - {name: zp, datatype: float64}
# - {name: zpsys, datatype: string}
# - {name: pwv, datatype: float64}
# - {name: airmass, datatype: float64}
# meta: {SNID: '29701686', alt: 1024.0, c: 0.06264146417379379, dec: -21.702768, lat: -30.244573, lon: -70.7499537, ra: 349.277344, t0: 62011.375,
#   x0: 5.93623066587533e-06, x1: 0.8410903215408325, z: 0.5716338157653809}
# schema: astropy-2.0
time band flux fluxerr zp zpsys pwv airmass
[from data line 133]
62394.1553 lsst_hardware_z -28.246091550125133 43.0099983215332 30.959999084472656 AB 1.3800065366599308 1.0246305184951843
62394.1727 lsst_hardware_g -23.807274332150218 27.09000015258789 31.65999984741211 AB 1.069679700114641 1.0135141256519529
62397.1441 lsst_hardware_r 72.67675748025599 66.04000091552734 31.649999618530273 AB 2.3480642319654046 1.0275992262430655
62397.1617 lsst_hardware_i -10.869264500910033 56.130001068115234 31.329999923706055 AB 2.281210873551276 1.0146230720020502
62400.0577 lsst_hardware_r -96.5280894256719 197.8300018310547 32.369998931884766 AB 4.851699745799074 1.2415054259427944
62400.0716 lsst_hardware_z -26.95533693318861 133.19000244140625 31.729999542236328 AB 4.6084942662417 1.1795983787999744
62402.1445 lsst_hardware_r 188.70698819361743 118.0 31.670000076293945 AB 1.4121143959059672 1.0163971179745446
62402.1634 lsst_hardware_i 111.49459803920581 94.41000366210938 31.350000381469727 AB 1.4025816370824071 1.0117203441325369
62405.1123 lsst_hardware_i -6.519709215215213 48.459999084472656 31.309999465942383 AB 3.8188855635725814 1.039718367430421
62405.1313 lsst_hardware_z -41.73302664582475 51.22999954223633 30.969999313354492 AB 2.891637317060252 1.0196182359167243
62410.11 lsst_hardware_g 7.0718520939890395 14.880000114440918 31.459999084472656 AB 6.466316958505012 1.0261823357762927
62410.1282 lsst_hardware_r 31.408460529786037 23.56999969482422 31.510000228881836 AB 6.038913698984786 1.013807559986254
62412.1104 lsst_hardware_i -14.793061581714582 30.719999313354492 31.260000228881836 AB 3.6435094958057896 1.0209722106685382
62412.1302 lsst_hardware_z 37.4943748697692 40.849998474121094 30.950000762939453 AB 3.2120924371712305 1.0119216939974938
62417.0965 lsst_hardware_r 22.256496971679397 23.290000915527344 31.510000228881836 AB 9.317903014329667 1.0211680335712943
62417.1141 lsst_hardware_i 15.556667541106377 30.6200008392334 31.25 AB 9.652480727032632 1.0123386942997743
62419.0941 lsst_hardware_z -51.49834643983763 40.91999816894531 30.940000534057617 AB 3.245159523318631 1.018888390366917
62419.1125 lsst_hardware_i 5.926657928951469 30.6200008392334 31.25 AB 3.2376613370837592 1.0117691678386747
62421.0987 lsst_hardware_u 3.3794388005852545 3.0299999713897705 28.549999237060547 AB 5.859598275098538 1.0136105764827155
62421.1162 lsst_hardware_g 9.606485161993774 15.670000076293945 31.479999542236328 AB 5.852069158801861 1.0123665418083863
62424.0752 lsst_hardware_g 1.8351124676340849 38.619998931884766 31.690000534057617 AB 6.052529583704052 1.0229915632052464
62424.0921 lsst_hardware_r 15.978745349162061 41.439998626708984 31.610000610351562 AB 6.28111370047121 1.0130828549147113
62426.0801 lsst_hardware_i -29.5418830039176 63.34000015258789 31.329999923706055 AB 6.639843842784962 1.015784371665216
62426.0972 lsst_hardware_z -14.505577660274454 59.25 30.989999771118164 AB 6.976744064008069 1.0116843749920919
62427.0056 lsst_hardware_z -41.68969796300927 104.4000015258789 31.729999542236328 AB 6.044676248935516 1.1506728479206723
62428.064 lsst_hardware_r -3.705770527792254 97.4800033569336 31.65999984741211 AB 3.870982569030008 1.0232348134978384
62428.0816 lsst_hardware_z -38.11378654023276 70.11000061035156 31.0 AB 3.8416376285921903 1.0129565269854437
62430.0633 lsst_hardware_r -54.86168019675132 103.56999969482422 31.670000076293945 AB 3.1273474186531875 1.0194270780386887
62430.0797 lsst_hardware_i -71.41190219503322 83.5999984741211 31.34000015258789 AB 3.1057097746403657 1.0121263727037015
62431.0236 lsst_hardware_z -90.51565707991561 68.26000213623047 30.989999771118164 AB 4.490364284572027 1.0705362461728516
62431.0375 lsst_hardware_i -74.8282749975571 76.23999786376953 31.34000015258789 AB 4.390311455749729 1.045312251368983
62434.0466 lsst_hardware_r -18.647388857993608 23.389999389648438 31.520000457763672 AB 3.8987611740985018 1.0241481128055256
62434.0646 lsst_hardware_u -5.158824008540719 6.429999828338623 29.059999465942383 AB 3.862350481012488 1.013141971542393
62436.0454 lsst_hardware_g -2.691189462024234 14.6899995803833 31.450000762939453 AB 2.976110505526672 1.0205556971571925
62436.0644 lsst_hardware_r -10.295468211800827 23.440000534057617 31.510000228881836 AB 2.940406239705818 1.0119558012065453
62439.0499 lsst_hardware_i -5.306117197152236 30.729999542236328 31.260000228881836 AB 5.215061894072328 1.0134861490066545
62439.0674 lsst_hardware_z -10.29101571778416 40.959999084472656 30.959999084472656 AB 5.20428966061487 1.0124420583518974
62441.0377 lsst_hardware_r 12.913014358192152 23.34000015258789 31.5 AB 4.261205944870069 1.016569677311402
62441.0565 lsst_hardware_g -5.8772268908574725 14.710000038146973 31.450000762939453 AB 4.221295117423194 1.011694455943246
62452.0095 lsst_hardware_y -84.46803152460588 70.91000366210938 30.079999923706055 AB 5.1286749323778515 1.0155791945299555
62452.0276 lsst_hardware_z 115.91170584735154 43.5099983215332 30.959999084472656 AB 5.175202837463177 1.0117698606966132
