data/validation/pwv_sim_epoch_fit_epoch/29729736.ecsv
# %ECSV 0.9
# ---
# datatype:
# - {name: time, datatype: float64}
# - {name: band, datatype: string}
# - {name: flux, datatype: float64}
# - {name: fluxerr, datatype: float64}
# - {name: zp, datatype: float64}
# - {name: zpsys, datatype: string}
# - {name: pwv, datatype: float64}
# - {name: airmass, datatype: float64}
# meta: {SNID: '29729736', alt: 1024.0, c: 0.23663319647312164, dec: -26.777105, lat: -30.244573, lon: -70.7499537, ra: 4.921875, t0: 62377.9296875,
#   x0: 6.780861520585932e-06, x1: 0.9536766409873962, z: 0.5406153202056885}
# schema: astropy-2.0
time band flux fluxerr zp zpsys pwv airmass
[from data line 131]
62740.1797 lsst_hardware_z 9.783282276106297 43.209999084472656 30.940000534057617 AB 2.6012980425635237 1.1749313652050632
62742.1546 lsst_hardware_r 1.2532030723771872 23.93000030517578 31.469999313354492 AB 6.57889908718074 1.2651729013809114
62742.172 lsst_hardware_g -5.29509280512087 14.34000015258789 31.399999618530273 AB 6.365497271205111 1.1839114577566852
62744.1522 lsst_hardware_r 20.13246716253759 23.780000686645508 31.459999084472656 AB 5.8591371852405505 1.2492829819276225
62744.1706 lsst_hardware_i -48.508833180778815 31.639999389648438 31.229999542236328 AB 4.554635789015101 1.1678553305166925
62747.1676 lsst_hardware_z 57.69660999190423 43.040000915527344 30.940000534057617 AB 1.502944097450086 1.148747080853569
62747.1852 lsst_hardware_i 22.2481092616102 31.239999771118164 31.239999771118164 AB 1.4836179509608038 1.0945844089474115
62748.1552 lsst_hardware_z -22.965730016180185 43.72999954223633 30.940000534057617 AB 1.6598739777818179 1.1856242698441557
62748.1726 lsst_hardware_g -23.54355021550912 17.649999618530273 31.479999542236328 AB 1.6845561528794208 1.1230374352529473
62751.1612 lsst_hardware_r 57.97730322271219 48.20000076293945 31.610000610351562 AB 2.3315378256199395 1.1333274155401336
62751.1778 lsst_hardware_i 28.757582419259318 43.7400016784668 31.299999237060547 AB 2.438648909963019 1.0855325661976492
62755.1602 lsst_hardware_z 213.900679957026 81.91999816894531 30.989999771118164 AB 2.9785943006489912 1.103183074314441
62755.1773 lsst_hardware_r -18.3256005643653 121.62000274658203 31.65999984741211 AB 2.589371039427038 1.0618704283071716
62760.1652 lsst_hardware_g 29.35498823092057 54.630001068115234 31.709999084472656 AB 3.378139598672309 1.0587290131387006
62760.1825 lsst_hardware_r 59.26822977006542 55.0099983215332 31.639999389648438 AB 3.0883020141605106 1.0298917343798946
62762.163 lsst_hardware_g 2.605444424382828 14.449999809265137 31.440000534057617 AB 2.406393961218835 1.0524355833014807
62762.1799 lsst_hardware_r 28.13054796354983 29.3799991607666 31.56999969482422 AB 1.241743418490338 1.0261635577359725
62764.1664 lsst_hardware_i 18.25452229035586 30.799999237060547 31.260000228881836 AB 7.268172925848696 1.0373718434534631
62764.1824 lsst_hardware_z -27.97261095716821 40.959999084472656 30.950000762939453 AB 6.340811641760137 1.0172561090538357
62765.1741 lsst_hardware_r -0.08073093247731507 23.0 31.5 AB 4.540561168073236 1.0232634843916955
62765.1921 lsst_hardware_g 1.9499048220831325 14.350000381469727 31.450000762939453 AB 4.427005373680441 1.007511464196732
62767.0655 lsst_hardware_r -4.789251783518782 24.56999969482422 31.440000534057617 AB 1.936816865430091 1.3955687753791617
62767.083 lsst_hardware_u 0.013415319466739281 2.619999885559082 28.270000457763672 AB 1.7802808094743232 1.2833935908741967
62771.0938 lsst_hardware_i 38.720088455923175 31.950000762939453 31.229999542236328 AB 3.82894025990121 1.179950773467245
62771.1137 lsst_hardware_z 43.74659783783714 42.33000183105469 30.940000534057617 AB 3.6675640525725783 1.1112427378077978
62772.0965 lsst_hardware_r -16.145964560186282 23.639999389648438 31.469999313354492 AB 5.310336830838555 1.1590193334072254
62772.1148 lsst_hardware_u 0.314917565073182 2.6700000762939453 28.3799991607666 AB 5.039133335482056 1.10036758062713
62774.1007 lsst_hardware_g 2.9304300627559137 14.34000015258789 31.399999618530273 AB 4.323485168565755 1.1259075959807565
62774.1196 lsst_hardware_r 31.55996452153495 23.209999084472656 31.489999771118164 AB 4.123784557776477 1.0745318370860037
62780.0991 lsst_hardware_r 57.54364010186622 50.91999816894531 31.6200008392334 AB 3.703750999699632 1.0843420512441588
62780.1199 lsst_hardware_z -34.04071688296692 48.72999954223633 30.969999313354492 AB 3.5653514962258517 1.0418404021504462
62781.082 lsst_hardware_z 39.89441394762461 55.95000076293945 30.969999313354492 AB 5.176549182063892 1.1246033417475325
62781.1014 lsst_hardware_r -37.199117309184324 66.0999984741211 31.639999389648438 AB 8.179255819747032 1.0724548714703277
62783.1052 lsst_hardware_z -16.911458578861566 71.43000030517578 30.989999771118164 AB 6.12091673923366 1.0533025621763261
62783.1251 lsst_hardware_i -84.29779650306511 81.19000244140625 31.34000015258789 AB 3.599235955081667 1.0230915165098542
62787.0998 lsst_hardware_y -72.32735200132315 53.599998474121094 30.059999465942383 AB 5.470250522747795 1.043476287165005
62787.1201 lsst_hardware_g -123.50296622591517 90.16999816894531 31.75 AB 5.326508296537268 1.016767936473136
62790.9926 lsst_hardware_y 157.2111841766365 81.41000366210938 29.93000030517578 AB 9.5494573995965 1.4527572108919626
62791.0127 lsst_hardware_i -3.1559965955082703 33.20000076293945 31.219999313354492 AB 9.286809362628725 1.3110481206506281
62792.9942 lsst_hardware_y 26.137761798698097 82.08000183105469 29.950000762939453 AB 7.2002539818742255 1.39783614480183
62793.0142 lsst_hardware_r 19.065139646454426 23.770000457763672 31.469999313354492 AB 5.148539883224748 1.2713490533932212
62795.9969 lsst_hardware_y 38.032511980460264 74.12000274658203 29.969999313354492 AB 4.802327282286003 1.3241711256305206
62796.0169 lsst_hardware_z -12.532893208845747 43.849998474121094 30.940000534057617 AB 5.099489036217532 1.2170618224862244
62801.0008 lsst_hardware_z 2.3796244176271246 62.63999938964844 30.959999084472656 AB 5.278115837409668 1.2284925431835836
62801.019 lsst_hardware_r -33.69078867486231 23.459999084472656 31.479999542236328 AB 4.937506792099702 1.152882328433764
62803.003 lsst_hardware_y 118.22939535931498 66.9800033569336 30.020000457763672 AB 3.7920102993924427 1.1940832264279218
62803.0223 lsst_hardware_z 30.6235012792021 42.54999923706055 30.950000762939453 AB 3.504383756472846 1.1234399732226055
62807.007 lsst_hardware_y 53.099039870645534 59.25 30.030000686645508 AB 9.820106189027948 1.1376397345954528
62807.0256 lsst_hardware_z -18.211140514019313 43.88999938964844 30.959999084472656 AB 9.323862175452772 1.0837919534409826
