data/validation/pwv_sim_epoch_fit_epoch/29755816.ecsv
# %ECSV 0.9
# ---
# datatype:
# - {name: time, datatype: float64}
# - {name: band, datatype: string}
# - {name: flux, datatype: float64}
# - {name: fluxerr, datatype: float64}
# - {name: zp, datatype: float64}
# - {name: zpsys, datatype: string}
# - {name: pwv, datatype: float64}
# - {name: airmass, datatype: float64}
# meta: {SNID: '29755816', alt: 1024.0, c: -0.1264650672674179, dec: -27.279613, lat: -30.244573, lon: -70.7499537, ra: 108.808594, t0: 62562.69140625,
#   x0: 5.9618625231190845e-06, x1: 0.38251253962516785, z: 0.5698100924491882}
# schema: astropy-2.0
time band flux fluxerr zp zpsys pwv airmass
[from data line 132]
62849.1517 lsst_hardware_z -35.01316577128865 56.58000183105469 30.950000762939453 AB 8.992284011917473 1.2531926711612393
62849.1727 lsst_hardware_g -25.720646973471194 63.81999969482422 31.68000030517578 AB 8.824072319037464 1.1610621472417717
62853.1487 lsst_hardware_z -11.92592363516612 43.470001220703125 30.940000534057617 AB 3.6393101927677294 1.2149595858453959
62853.1701 lsst_hardware_u 3.7107500964502442 2.680000066757202 28.43000030517578 AB 3.7794267545326545 1.1320167994805572
62855.151 lsst_hardware_g 7.573404915730613 13.380000114440918 31.3799991607666 AB 3.587019634539422 1.1816898812517835
62855.173 lsst_hardware_r -53.08869637645482 22.290000915527344 31.489999771118164 AB 4.138461132459697 1.1064664480873994
62858.132 lsst_hardware_r -3.1923314572235206 22.68000030517578 31.450000762939453 AB 6.051441758023649 1.2291350896459678
62858.153 lsst_hardware_i 19.959882124924928 30.850000381469727 31.229999542236328 AB 5.444466643256122 1.1435953040269433
62860.1575 lsst_hardware_i 7.2942042450064415 30.489999771118164 31.239999771118164 AB 7.111192602617917 1.1118187308658407
62860.1798 lsst_hardware_u 3.9863627131806285 2.609999895095825 28.399999618530273 AB 7.1380121856732375 1.0574049604729239
62865.1328 lsst_hardware_r -45.15302047727401 23.709999084472656 31.489999771118164 AB 9.06850134635209 1.1473790240418484
62865.1547 lsst_hardware_i -1.1748664510754978 30.329999923706055 31.239999771118164 AB 8.459842240765651 1.0826519376459753
62866.1482 lsst_hardware_z 20.672122236509672 60.09000015258789 31.700000762939453 AB 7.363461151832614 1.0921775662759736
62868.1373 lsst_hardware_z -13.797353542232976 45.09000015258789 30.950000762939453 AB 5.115876291400345 1.107052971774879
62868.1594 lsst_hardware_r -2.7598055481716726 36.11000061035156 31.59000015258789 AB 4.856769971505919 1.0545968380513724
62870.1402 lsst_hardware_i 65.85335451355704 46.02000045776367 31.299999237060547 AB 2.653546667477887 1.0847405896690392
62870.1602 lsst_hardware_z 32.17167473288466 48.029998779296875 30.959999084472656 AB 2.5505137808752645 1.0433327209989152
62872.0352 lsst_hardware_y 124.92190111875239 93.16999816894531 29.860000610351562 AB 15.88324436902148 1.6833197833420874
62872.0568 lsst_hardware_i 30.279205214213764 65.91999816894531 31.25 AB 14.321796663917404 1.4652953411006162
62874.0352 lsst_hardware_y 116.5071192464665 97.11000061035156 29.8700008392334 AB 16.05381531613943 1.6204517327283166
62874.0538 lsst_hardware_r 131.7799705441913 106.2300033569336 31.559999465942383 AB 11.989422472783977 1.4450310320337443
62879.1289 lsst_hardware_i 42.62914211372494 46.90999984741211 31.309999465942383 AB 5.160659839808589 1.0554935587282361
62879.1467 lsst_hardware_r -49.81767395688906 53.849998474121094 31.639999389648438 AB 5.0325415977889065 1.0269095900807181
62883.1246 lsst_hardware_r 4.648038965622334 22.239999771118164 31.5 AB 2.11049563416584 1.0435083481660519
62883.1419 lsst_hardware_i -32.97626890973437 29.969999313354492 31.260000228881836 AB 1.3816339361089063 1.0196560414087332
62887.0346 lsst_hardware_y 153.3813271130528 102.95999908447266 30.729999542236328 AB 15.953360679496349 1.3289022425114445
62887.0505 lsst_hardware_z 30.114370915335375 62.869998931884766 31.68000030517578 AB 14.802120549955598 1.2403578548197873
62889.0335 lsst_hardware_y 30.37455475476531 79.77999877929688 29.969999313354492 AB 10.991452286020987 1.302459093022987
62889.051 lsst_hardware_u 0.284074179400609 2.8299999237060547 28.299999237060547 AB 8.865319751800708 1.2122685288938284
62891.0337 lsst_hardware_y -44.98129116449055 74.08999633789062 30.0 AB 8.514882177346255 1.27064087705223
62891.0523 lsst_hardware_r -73.38967374657396 23.0 31.479999542236328 AB 8.3407002114684 1.1833298164812938
62893.0409 lsst_hardware_z -115.13667361247674 78.44000244140625 31.700000762939453 AB 13.310097543786753 1.2085896903290911
62895.0314 lsst_hardware_y 47.65656109568554 73.41999816894531 30.0 AB 15.5315726596033 1.22711327009586
62895.0489 lsst_hardware_g -14.470934312048374 19.979999542236328 31.510000228881836 AB 14.672402110056371 1.1544588315717828
62897.0309 lsst_hardware_y 97.5938189662976 74.08999633789062 30.010000228881836 AB 10.226851320492738 1.2045170127684435
62897.0478 lsst_hardware_i 69.38681378464554 37.15999984741211 31.270000457763672 AB 10.436774243070175 1.1391992842951575
62906.0295 lsst_hardware_y 34.07005454429505 62.15999984741211 30.040000915527344 AB 6.257511324306413 1.1190113240891295
62906.0485 lsst_hardware_i -31.895173320493505 62.9900016784668 31.329999923706055 AB 6.429163816724687 1.0692995952972293
62910.0268 lsst_hardware_y -49.21137072682278 56.81999969482422 30.040000915527344 AB 3.640250295191388 1.0954985214369068
62910.0463 lsst_hardware_i -19.327241199393995 29.989999771118164 31.25 AB 2.61851533580902 1.051612584662257
62912.0254 lsst_hardware_z 32.8218804938891 50.86000061035156 30.969999313354492 AB 2.3512726129366235 1.0850358158452345
62912.0442 lsst_hardware_u 4.090904222256825 2.700000047683716 28.440000534057617 AB 1.8041533621511703 1.0455829395254537
62914.0244 lsst_hardware_y -62.26045989879448 54.2400016784668 30.049999237060547 AB 1.5091339478994292 1.0743715813237413
62914.0427 lsst_hardware_r -10.244188760218105 21.81999969482422 31.489999771118164 AB 1.2053447235190666 1.039015636967885
62919.0216 lsst_hardware_y -11.713044334410421 52.43000030517578 30.049999237060547 AB 5.118098557857431 1.0518441975387767
62919.0406 lsst_hardware_u -2.3980854253285018 2.75 28.510000228881836 AB 4.889763840966788 1.0230523248470307
