data/validation/pwv_sim_epoch_fit_epoch/2982112.ecsv
# %ECSV 0.9
# ---
# datatype:
# - {name: time, datatype: float64}
# - {name: band, datatype: string}
# - {name: flux, datatype: float64}
# - {name: fluxerr, datatype: float64}
# - {name: zp, datatype: float64}
# - {name: zpsys, datatype: string}
# - {name: pwv, datatype: float64}
# - {name: airmass, datatype: float64}
# meta: {SNID: '2982112', alt: 1024.0, c: -0.00046491832472383976, dec: -39.83844, lat: -30.244573, lon: -70.7499537, ra: 85.957031, t0: 61379.55078125,
#   x0: 3.911174494273258e-06, x1: -0.35816341638565063, z: 0.6784861087799072}
# schema: astropy-2.0
time band flux fluxerr zp zpsys pwv airmass
61340.3685 lsst_hardware_i -50.77608742126711 64.80999755859375 31.329999923706055 AB 3.1615647758071095 1.0279282895221296
61345.1853 lsst_hardware_g 6.825001825914209 13.0600004196167 31.309999465942383 AB 5.927969858433718 1.3309815196871853
61345.198 lsst_hardware_r -17.396931692238375 22.56999969482422 31.459999084472656 AB 5.581169656417115 1.2651410305829884
61355.3455 lsst_hardware_r 84.31674309631714 23.405349848280114 31.489999771118164 AB 2.6009310744287464 1.0484454598119202
61355.3576 lsst_hardware_i 90.0400985291897 40.778693771557535 31.290000915527344 AB 2.6078784921789238 1.0679273104745797
61358.3433 lsst_hardware_z 41.11942585784466 43.40567079516409 30.950000762939453 AB 6.210229618470855 1.057495358681328
61358.3552 lsst_hardware_i 335.72575427174974 40.56278041462376 31.280000686645508 AB 6.301178241041553 1.0789842733557646
61360.3429 lsst_hardware_r 330.31764114734796 28.181789415862283 31.479999542236328 AB 4.246247925997864 1.066048267960494
61360.3554 lsst_hardware_u 14.567136802590575 9.394294198174967 29.139999389648438 AB 4.345396939381747 1.0909402751701394
61362.3384 lsst_hardware_g 122.20606915390239 16.766533515541315 31.389999389648438 AB 3.9046501896179904 1.067768157226499
61362.3512 lsst_hardware_r 513.7695366057077 33.394091954539 31.510000228881836 AB 4.002988120970506 1.0937624083893474
61363.3162 lsst_hardware_r 481.16352467620527 31.02508701558492 31.469999313354492 AB 6.483616323391657 1.0387497614278014
61363.3279 lsst_hardware_i 504.6199768286247 37.24438833607184 31.239999771118164 AB 6.594732781647915 1.0547353509233495
61365.323 lsst_hardware_z 401.2962627860602 46.04430966855819 30.940000534057617 AB 4.41535087744209 1.0556095576934834
61365.3346 lsst_hardware_r 636.2007807584143 33.86388020057541 31.469999313354492 AB 3.952084895701905 1.0760316456055765
61367.3244 lsst_hardware_z 565.3967314224786 56.413997460825364 30.969999313354492 AB 6.9115146828463825 1.0671407127400487
61367.3364 lsst_hardware_r 889.5930167015156 57.37520794044412 31.610000610351562 AB 7.231669667385101 1.0911884620337644
61369.3251 lsst_hardware_i 1008.1984552325416 72.42062510212521 31.31999969482422 AB 7.269293163317233 1.0788502765386216
61369.3371 lsst_hardware_z 546.7531743322925 65.73750164432266 30.969999313354492 AB 6.1626820284171595 1.1055790752130836
61371.3209 lsst_hardware_r 1199.3903741817533 70.6640492969363 31.6299991607666 AB 4.148559664438154 1.0814101438743966
61371.3328 lsst_hardware_z 827.0060529641138 58.979649011074464 30.959999084472656 AB 4.236789104522091 1.1084542100914623
61373.3107 lsst_hardware_y 418.9705653880794 51.70295820323448 30.030000686645508 AB 4.809340675410365 1.072077725236372
61373.3223 lsst_hardware_r 1333.9017856580247 56.545025241807 31.600000381469727 AB 4.911470102396591 1.0963510775839707
61375.3108 lsst_hardware_i 1169.9216571181412 48.39914490051056 31.260000228881836 AB 7.4918610009236515 1.0831084286430028
61375.3227 lsst_hardware_z 789.2151215048755 51.32968795839392 30.940000534057617 AB 7.702201743488396 1.1105207492893645
61378.3055 lsst_hardware_z 910.6167826171637 50.39212848932664 30.940000534057617 AB 3.8510585491337137 1.089279966755399
61378.3173 lsst_hardware_r 1103.238080959393 40.91489296407246 31.479999542236328 AB 4.032266315790318 1.1177453404822564
61380.2919 lsst_hardware_r 1131.5906067038343 39.91496529596263 31.479999542236328 AB 4.703654693763969 1.072669257414816
61380.3039 lsst_hardware_u 3.602557969084255 2.6703341796924573 28.389999389648438 AB 4.740078569089166 1.098002911533358
61384.2214 lsst_hardware_r 972.7265945600963 38.32454931957538 31.5 AB 9.548053074181627 1.0144552777498987
61384.2357 lsst_hardware_z 873.1575914549089 49.40330984609894 30.950000762939453 AB 9.534643849464219 1.0190940411997265
61386.2158 lsst_hardware_r 1769.7951021102056 52.376201478297816 32.2400016784668 AB 12.694423583637954 1.0144380048856874
61386.2287 lsst_hardware_u 3.9899363691412435 3.7779683947675284 29.219999313354492 AB 12.788391925299845 1.0183259550733457
61388.2134 lsst_hardware_g 107.282857330657 15.924648507835789 31.3799991607666 AB 7.92464860716279 1.0149504593197052
61388.2261 lsst_hardware_r 899.6441158374237 35.80027433088284 31.479999542236328 AB 7.863137878682995 1.0198071282810297
61393.2005 lsst_hardware_z 719.8146475761703 51.14393434973934 30.969999313354492 AB 5.325300978761803 1.0151164656428981
61393.2123 lsst_hardware_r 664.8740690326348 41.169706252827744 31.59000015258789 AB 5.265355927114636 1.0197261406245672
61395.2052 lsst_hardware_z 2855.716596383415 111.64688324716138 32.47999954223633 AB 4.8585910310506675 1.0188573390989424
61404.1963 lsst_hardware_r 352.55481007502624 33.00352399682326 31.549999237060547 AB 9.581443980868475 1.0302627936417714
61404.2086 lsst_hardware_z 484.6398430144333 47.80835406157963 30.950000762939453 AB 9.395963501753489 1.0441989833304677
61406.1862 lsst_hardware_i 483.7842199068186 35.84403984437896 31.25 AB 7.184608361086126 1.0261622597490552
61406.1979 lsst_hardware_r 258.23703489845235 26.516546699344662 31.489999771118164 AB 7.265101829362217 1.037710103621324
61408.1827 lsst_hardware_u 1.3638299637844256 3.8658059034772574 29.209999084472656 AB 3.897581987598807 1.0278207636784018
61408.1971 lsst_hardware_g 134.66024800590802 19.73200939481411 32.130001068115234 AB 3.950909220613994 1.0434428031641156
61410.1851 lsst_hardware_r 365.75587516931967 35.585848011280625 32.22999954223633 AB 11.849871651516283 1.0355865461008171
61410.1991 lsst_hardware_i 711.4540520432762 48.99550851534006 31.989999771118164 AB 11.912312539136186 1.0540159448292605
61412.1876 lsst_hardware_z 317.75143728156036 44.76306041135798 30.950000762939453 AB 8.352144846103412 1.0453247617150703
61412.1998 lsst_hardware_r 121.66556924942977 24.889528676527334 31.479999542236328 AB 8.518929982423158 1.064090348590381
61414.1553 lsst_hardware_u 0.8168648262463748 2.643470348790831 28.389999389648438 AB 6.527494927425626 1.019921082410254
61414.1685 lsst_hardware_g 15.366284692382246 13.67523253724549 31.3700008392334 AB 7.7360147141856705 1.0297980672489966
61416.1575 lsst_hardware_r 108.46072453502461 24.087199232651066 31.489999771118164 AB 4.924350658090811 1.02505217695479
61416.1684 lsst_hardware_z 349.7130552857032 44.006760441971224 30.950000762939453 AB 7.0850079584152965 1.035239698767547
61419.1519 lsst_hardware_r 131.65596816874537 23.738772416049418 31.489999771118164 AB 7.639702817295364 1.02716391573908
61419.1637 lsst_hardware_u -1.386924163624184 2.764988448463546 28.489999771118164 AB 7.564726177521401 1.0392415955563994
61421.1111 lsst_hardware_z 490.9759780113697 63.3099320392392 31.709999084472656 AB 3.7617554404687104 1.0144287576265651
61423.1066 lsst_hardware_z 260.7531336020274 48.3125862507165 30.969999313354492 AB 3.978688935662108 1.0143247764594334
61423.1205 lsst_hardware_r 72.45154119698853 45.2702318390218 31.6299991607666 AB 3.9804409007054544 1.0156129108134144
61427.1036 lsst_hardware_i 336.50236278180023 92.86946213709432 32.08000183105469 AB 11.267220838659062 1.0144176018599897
61427.1164 lsst_hardware_z 355.8732211376571 85.95911762031216 31.729999542236328 AB 11.442536412695446 1.018170228031628
61429.0994 lsst_hardware_g 154.04938140631708 73.47513528154701 31.739999771118164 AB 13.184928610756524 1.0145894893620682
61429.1126 lsst_hardware_r 33.71351959028157 68.22380298666585 31.649999618530273 AB 13.228484951456759 1.0189866701168355
61431.0884 lsst_hardware_i 140.69843417489287 38.73838097066433 31.299999237060547 AB 13.850178600424854 1.0141574010879673
61431.103 lsst_hardware_r 100.39330187393213 38.266910184637595 31.610000610351562 AB 13.92182551971447 1.0170949032387258
61439.0716 lsst_hardware_i 24.22578067580527 31.083641306467314 31.260000228881836 AB 7.8741903828831035 1.0145191500203703
61439.0844 lsst_hardware_u 8.055736426713167 3.155048380585424 28.579999923706055 AB 7.42990993110264 1.0185400198002175
61441.073 lsst_hardware_g 37.78428081637105 19.051959101205494 32.15999984741211 AB 6.02431044805277 1.0161181443057592
61441.0851 lsst_hardware_r 105.00831833756244 32.20986238786889 32.25 AB 6.298758186325335 1.0220832193301603
61444.0721 lsst_hardware_i 77.85913833265667 30.83088054792106 31.25 AB 10.216151401874457 1.0192284469075867
61444.0864 lsst_hardware_r 48.77856767185214 22.650786327370437 31.489999771118164 AB 8.958498681685262 1.0296335930218292
61446.0582 lsst_hardware_u 4.524591719487126 2.840086061717363 28.5 AB 2.6409820912383606 1.0157623427839848
61446.0718 lsst_hardware_g 14.9545546804325 13.35283039043445 31.389999389648438 AB 2.658029534657518 1.022319051791353
61449.0671 lsst_hardware_r 34.636852577668535 24.891823271820517 31.520000457763672 AB 2.5485058533851523 1.0248339613492063
61449.0799 lsst_hardware_i 108.46935932313497 31.88115646835967 31.260000228881836 AB 2.5821564911630857 1.0370453460275506
61453.0607 lsst_hardware_z 54.62781237135873 69.06365964604068 31.719999313354492 AB 1.2322704739911197 1.0286064056687918
61455.0558 lsst_hardware_r 42.593495117670486 69.57817991990872 31.649999618530273 AB 2.988466352305413 1.0291157410297862
61455.0681 lsst_hardware_z 125.47150957166508 55.049727557192305 30.979999542236328 AB 3.0479458845343794 1.0425971498649569
61698.3768 lsst_hardware_r -11.171302821122088 54.25 31.639999389648438 AB 1.3256302802026942 1.0197156001559187
61709.3584 lsst_hardware_r 0.9126731825011085 22.940000534057617 31.510000228881836 AB 4.803566414899113 1.0280505970890261
61709.3687 lsst_hardware_g 23.220433207777024 32.369998931884766 31.670000076293945 AB 4.858428104231399 1.0386805139990922
61722.2716 lsst_hardware_r 20.503674086623153 108.31999969482422 32.40999984741211 AB 4.512632330849514 1.0192664502746982
61722.2857 lsst_hardware_z -36.418807802858616 79.30000305175781 31.729999542236328 AB 4.52071323082621 1.0145227178694367
61726.3405 lsst_hardware_r 15.631910132861872 59.2400016784668 31.639999389648438 AB 3.4028802189246665 1.065425486656856
61726.3521 lsst_hardware_i -124.276244065123 54.40999984741211 31.309999465942383 AB 3.4688931763167816 1.0881948635610286
61729.341 lsst_hardware_z -33.13230412418822 44.61000061035156 30.950000762939453 AB 5.422273613575536 1.0820381708003197
61729.3541 lsst_hardware_r -9.591947465472645 39.58000183105469 31.59000015258789 AB 5.570394771416644 1.112262259259871
61731.3213 lsst_hardware_g -0.15536514816485517 18.190000534057617 31.520000457763672 AB 4.752707461117055 1.0561572135815678
61731.3337 lsst_hardware_i 44.98505448794979 31.520000457763672 31.25 AB 5.174502980579868 1.0783022621683618
61734.3283 lsst_hardware_z -28.081220672531842 41.43000030517578 30.940000534057617 AB 7.435008791262687 1.0840180486623199
61734.3404 lsst_hardware_r 23.504235389984974 22.399999618530273 31.469999313354492 AB 6.1927534541629345 1.1121377050277643
61736.3249 lsst_hardware_u 1.0833571433592137 2.640000104904175 28.40999984741211 AB 4.207553716345536 1.088418474124264
61736.3365 lsst_hardware_g -26.52431930321895 13.770000457763672 31.399999618530273 AB 4.392349159905709 1.1161786861816798
61738.3119 lsst_hardware_r -48.364320759522734 21.65999984741211 31.469999313354492 AB 4.823755164759858 1.073058393465785
61738.3237 lsst_hardware_i -1.5861109496199066 30.350000381469727 31.239999771118164 AB 4.9201104574446735 1.0980142732948512
61742.3031 lsst_hardware_r 12.18854268700496 21.829999923706055 31.479999542236328 AB 6.610751752182339 1.0771768793287229
61742.3151 lsst_hardware_u 2.062558458095784 2.5799999237060547 28.360000610351562 AB 6.7747835748854754 1.103531664016324
61744.3042 lsst_hardware_g 0.6531855292620501 12.739999771118164 31.360000610351562 AB 3.406417070548767 1.0909262035382554
61744.3163 lsst_hardware_i -0.6414378449129707 30.290000915527344 31.229999542236328 AB 3.41577733056569 1.120539310191041
61746.2975 lsst_hardware_r 16.914410385859707 21.6200008392334 31.469999313354492 AB 4.56902880148467 1.088209463675348
61746.3094 lsst_hardware_z 12.002706398910973 41.630001068115234 30.940000534057617 AB 4.678282262918228 1.1167128253305763
61748.2188 lsst_hardware_i 31.44234432717796 39.099998474121094 31.290000915527344 AB 5.475485202049932 1.0141665497406802
61748.2312 lsst_hardware_r 31.824008206235604 36.130001068115234 31.600000381469727 AB 5.612074640873558 1.0158367250998803
61750.2239 lsst_hardware_z 103.33786044221497 71.55000305175781 31.729999542236328 AB 9.70109918033979 1.0153257584782087
61752.2165 lsst_hardware_r -31.609373125120324 83.44000244140625 31.65999984741211 AB 11.015327051004629 1.014886748912093
61752.2305 lsst_hardware_i -106.64929983483972 65.61000061035156 31.34000015258789 AB 11.041688524255735 1.0203708928502468
61754.2144 lsst_hardware_z -44.38663662260007 56.959999084472656 30.979999542236328 AB 8.189885686637385 1.0157141732562711
61754.2264 lsst_hardware_r -32.160238902137586 76.75 31.65999984741211 AB 8.244430166226337 1.02119283644422
61756.2259 lsst_hardware_z -130.06413770947515 68.6500015258789 31.719999313354492 AB 8.62087373300871 1.024627439444747
61758.2154 lsst_hardware_r -51.245483220970364 34.900001525878906 31.600000381469727 AB 5.256343673924631 1.0211449585089132
61758.2279 lsst_hardware_z -16.295510344062446 43.529998779296875 30.959999084472656 AB 5.307644603298129 1.0311111419714674
61760.2083 lsst_hardware_i 47.01091351151196 30.09000015258789 31.25 AB 4.834906367464358 1.020165923645595
61760.2204 lsst_hardware_r -5.246118657643605 23.479999542236328 31.510000228881836 AB 6.072164090844122 1.0291803543803597
61764.1932 lsst_hardware_u 4.174638597253667 2.619999885559082 28.450000762939453 AB 6.816240145566518 1.0180076883904792
61764.2054 lsst_hardware_g 15.469849527387792 12.729999542236328 31.389999389648438 AB 6.8903406893601735 1.0256790169487218
61768.1952 lsst_hardware_z 7.408060143969465 40.2400016784668 30.940000534057617 AB 7.2082304914931585 1.0262652417145883
61768.208 lsst_hardware_r 34.003454029030955 21.31999969482422 31.469999313354492 AB 7.294080302184504 1.03915379879396
61770.1938 lsst_hardware_u -5.7541235804162465 3.680000066757202 29.18000030517578 AB 6.769114917266972 1.029836439565996
61770.2078 lsst_hardware_g 15.410375468991596 12.770000457763672 31.389999389648438 AB 6.821419325377394 1.0458690368166499
61772.1384 lsst_hardware_u 0.007959705684977307 2.5899999141693115 28.420000076293945 AB 4.7032638619250084 1.0176737110856688
61772.1511 lsst_hardware_g -3.8313212507722474 12.649999618530273 31.3799991607666 AB 4.667935946766203 1.0143093048654495
61774.183 lsst_hardware_i 14.328570043322179 29.469999313354492 31.25 AB 2.651439337988773 1.0299518339979694
61774.1953 lsst_hardware_r -11.02058624358539 21.40999984741211 31.479999542236328 AB 2.6055892052282523 1.0437665396828357
61778.1774 lsst_hardware_r -13.867166093333502 48.11000061035156 31.6299991607666 AB 6.967052705450298 1.035377129655268
61778.1898 lsst_hardware_i 9.495173054626699 43.540000915527344 31.299999237060547 AB 7.197327480207327 1.0513186503370329
61782.1605 lsst_hardware_z 3.7074774932982826 85.36000061035156 31.729999542236328 AB 7.3402427356001025 1.0293426918524895
61783.1554 lsst_hardware_r -137.79290433602318 80.56999969482422 31.65999984741211 AB 5.0670240711661 1.0272382898701378
61783.1686 lsst_hardware_z -30.456423751738654 58.33000183105469 30.989999771118164 AB 5.49999133917537 1.0410570858258978
61786.1038 lsst_hardware_r -12.52363970463629 31.809999465942383 31.56999969482422 AB 3.789660360231593 1.0162671923388558
61786.1154 lsst_hardware_i 76.17683709828792 36.86000061035156 31.280000686645508 AB 3.800587616000426 1.0141661416945766
61788.1069 lsst_hardware_z 9.374245964203755 40.06999969482422 30.940000534057617 AB 3.9742776819307526 1.014363880023163
61788.1204 lsst_hardware_u -1.5291032409615477 2.5399999618530273 28.3799991607666 AB 4.009312555925768 1.0154014324238998
61790.1052 lsst_hardware_g -13.338810151451197 12.640000343322754 31.389999389648438 AB 7.782894816666564 1.0141570598646832
61790.1187 lsst_hardware_r -37.57056433140932 21.280000686645508 31.479999542236328 AB 7.765347722838708 1.0165730941369606
61792.1038 lsst_hardware_i -30.000181084171583 29.40999984741211 31.25 AB 11.3084675374534 1.0143639591077949
61792.1164 lsst_hardware_z 52.75426751989678 40.369998931884766 30.950000762939453 AB 11.439020775625819 1.0178574025471587
61794.0899 lsst_hardware_i -0.6358448369503935 29.15999984741211 31.239999771118164 AB 13.17676087749009 1.014435850991403
61794.1048 lsst_hardware_u -1.3693227098858949 2.490000009536743 28.34000015258789 AB 13.181159307583123 1.0156150023179193
61796.0945 lsst_hardware_g -7.696085306367528 17.739999771118164 32.119998931884766 AB 13.854320938148689 1.0145721528693568
61796.1086 lsst_hardware_r -13.836811105866461 29.950000762939453 32.220001220703125 AB 13.96216249357697 1.019396378167924
61798.0982 lsst_hardware_i -25.99834035623183 29.229999542236328 31.239999771118164 AB 12.585438355726374 1.017087308528073
61798.1107 lsst_hardware_r -32.230845049152876 21.170000076293945 31.469999313354492 AB 12.674015264588654 1.0242456169863143
61800.0856 lsst_hardware_u -0.1662875021840401 2.619999885559082 28.450000762939453 AB 12.72597098334955 1.0149313913547642
61800.0991 lsst_hardware_g 7.007875479258539 12.670000076293945 31.389999389648438 AB 12.970490399606495 1.02018722910267
61802.0733 lsst_hardware_g -5.6761514110374724 13.34000015258789 31.40999984741211 AB 8.219053962280462 1.0141658959534132
61802.0859 lsst_hardware_r -5.77774702125168 30.59000015258789 32.2400016784668 AB 7.7711196669528695 1.016563498849221
61802.0997 lsst_hardware_i 13.3044727646829 29.440000534057617 31.25 AB 7.790318227981155 1.0241883817846298
61806.0695 lsst_hardware_i -0.630663727888178 37.290000915527344 31.290000915527344 AB 6.101792239807644 1.0149917781770408
61806.0814 lsst_hardware_z 35.927413021708475 43.869998931884766 30.959999084472656 AB 6.152412324790672 1.0194552319454302
61809.068 lsst_hardware_z 82.27129648889658 51.529998779296875 30.969999313354492 AB 10.279999133099068 1.017024523658756
61809.0796 lsst_hardware_r 23.17323363785824 62.310001373291016 31.649999618530273 AB 10.263090630898471 1.023468936790237
61813.0672 lsst_hardware_z -106.247389378121 52.720001220703125 30.979999542236328 AB 1.9712645853163693 1.0224401376122796
61813.079 lsst_hardware_g 13.911690128679332 74.9800033569336 31.739999771118164 AB 2.109530823407792 1.032396814065856
61815.0568 lsst_hardware_r -16.844065138575115 21.309999465942383 31.479999542236328 AB 2.5807211482241703 1.0194434715481613
61815.0709 lsst_hardware_i 33.500189691734256 37.70000076293945 31.290000915527344 AB 2.618324547318026 1.0298228308035604
61817.0597 lsst_hardware_z -11.1884907323916 40.34000015258789 30.950000762939453 AB 2.4598058990832476 1.0249191246180198
61817.073 lsst_hardware_r 25.768564369181025 21.469999313354492 31.489999771118164 AB 2.490593794332987 1.0377474143054113
61819.0557 lsst_hardware_u 0.019332172947396614 2.640000104904175 28.469999313354492 AB 4.654977362679109 1.0260787720821252
61819.0671 lsst_hardware_g 6.491176826502624 12.720000267028809 31.389999389648438 AB 4.70129834093902 1.0372417740626925
61821.0534 lsst_hardware_r 57.78872345273491 21.549999237060547 31.5 AB 3.441494010726088 1.0287959774977096
61821.0652 lsst_hardware_z -18.01207372446416 40.88999938964844 30.950000762939453 AB 3.4562763292885736 1.041517652339483
61823.0558 lsst_hardware_r -25.139538079477475 21.440000534057617 31.479999542236328 AB 5.531649651103899 1.0368117053753616
61823.0697 lsst_hardware_u -0.4513383712814935 2.640000104904175 28.450000762939453 AB 5.621353792269328 1.0555541812542162
