data/validation/pwv_sim_epoch_fit_epoch/29876824.ecsv
# %ECSV 0.9
# ---
# datatype:
# - {name: time, datatype: float64}
# - {name: band, datatype: string}
# - {name: flux, datatype: float64}
# - {name: fluxerr, datatype: float64}
# - {name: zp, datatype: float64}
# - {name: zpsys, datatype: string}
# - {name: pwv, datatype: float64}
# - {name: airmass, datatype: float64}
# meta: {SNID: '29876824', alt: 1024.0, c: -0.035047221928834915, dec: -60.056278, lat: -30.244573, lon: -70.7499537, ra: 49.166668, t0: 62474.98046875,
#   x0: 4.808807904350757e-06, x1: 0.36798104643821716, z: 0.6231749057769775}
# schema: astropy-2.0
time band flux fluxerr zp zpsys pwv airmass
62367.4259 lsst_hardware_i 16.360533949758217 41.779998779296875 31.270000457763672 AB 2.5395902892951407 1.1513500121478593
62369.4202 lsst_hardware_z -4.907827569984549 46.439998626708984 30.940000534057617 AB 1.736110685004913 1.1513306559855738
62375.3649 lsst_hardware_z 65.8754367888999 52.279998779296875 30.950000762939453 AB 3.1725338182749887 1.165729861574495
62375.3759 lsst_hardware_y 24.416311695206918 50.939998626708984 30.0 AB 3.7467606970846834 1.1581054623553182
62378.3865 lsst_hardware_r 82.03325276854707 57.220001220703125 32.31999969482422 AB 2.7979684996595147 1.151585333925089
62378.4043 lsst_hardware_y 167.1486779853327 70.73999786376953 30.75 AB 2.81410219802741 1.152848094234908
62387.405 lsst_hardware_i 7.813740898811414 33.459999084472656 31.239999771118164 AB 2.683714774187947 1.167170820899368
62389.3992 lsst_hardware_i -57.58209113706713 32.029998779296875 31.229999542236328 AB 2.62353295383276 1.1668790009634218
62389.4104 lsst_hardware_u -0.9922098038551086 10.979999542236328 29.15999984741211 AB 2.6689365424029883 1.1779917062246528
62390.3937 lsst_hardware_g -8.464999353896632 13.430000305175781 31.360000610351562 AB 2.8877221250202307 1.1645997479496815
62390.4056 lsst_hardware_r -116.0500472554499 26.0 31.5 AB 2.911735006294883 1.175706452960685
62393.3931 lsst_hardware_i -3.015498036863942 31.579999923706055 31.239999771118164 AB 1.4329730092000859 1.171287794455588
62393.4047 lsst_hardware_r -9.782628984289145 28.639999389648438 31.520000457763672 AB 1.4252247697015012 1.1842332943095149
62395.4005 lsst_hardware_u -6.09663173558664 5.96999979019165 28.93000030517578 AB 5.0125597352705675 1.1858433251172384
62399.3837 lsst_hardware_i 40.26447643900331 31.149999618530273 31.229999542236328 AB 6.746161681813812 1.1786776765636593
62399.395 lsst_hardware_z 20.164841794312238 46.470001220703125 30.940000534057617 AB 7.137123771499867 1.1932329087438476
62404.2986 lsst_hardware_i -84.39401734038894 78.08999633789062 32.04999923706055 AB 7.1613112688124065 1.1571031295545138
62409.1748 lsst_hardware_z 50.15807099733091 64.43000030517578 31.65999984741211 AB 5.816631296642957 1.37796769375993
62409.1894 lsst_hardware_r 18.14972681087402 32.119998931884766 32.18000030517578 AB 5.577813181805889 1.3262613573288158
62409.2619 lsst_hardware_i -40.02554479914698 35.2400016784668 31.25 AB 2.758225886998442 1.1753803495737183
62409.2788 lsst_hardware_z -22.47051674213119 44.58000183105469 30.940000534057617 AB 2.7819262075135907 1.160748069894405
62411.3553 lsst_hardware_z 6.858028409208084 43.349998474121094 30.940000534057617 AB 2.8338991772639006 1.1839155454381982
62411.3669 lsst_hardware_i -17.285315351246354 32.400001525878906 31.229999542236328 AB 2.9765130291852215 1.2002068666067438
62413.3288 lsst_hardware_u 3.1132818516798246 2.5799999237060547 28.350000381469727 AB 3.10636832473092 1.162998249618465
62413.3406 lsst_hardware_g -7.830182013080774 13.050000190734863 31.350000381469727 AB 2.7596298367513796 1.1733951541709886
62414.3501 lsst_hardware_r -21.75159981224008 22.149999618530273 31.450000762939453 AB 9.027149678103202 1.1877828523820002
62414.3623 lsst_hardware_i -12.523197720829533 31.190000534057617 31.219999313354492 AB 9.165380609762318 1.205971132863463
62418.3556 lsst_hardware_g -20.583911467088676 12.75 31.31999969482422 AB 3.4614562050175777 1.2131980390270436
62418.3673 lsst_hardware_r -42.10103985205354 22.389999389648438 31.450000762939453 AB 3.5308378690293236 1.235855046912609
62420.3435 lsst_hardware_i 30.135797623331108 30.959999084472656 31.219999313354492 AB 5.245165761638599 1.202054717918695
62420.3549 lsst_hardware_z -12.785318158127245 43.18000030517578 30.93000030517578 AB 5.339587870417437 1.2219435597956536
62422.2752 lsst_hardware_z 26.2364726993899 42.27000045776367 30.93000030517578 AB 6.428461955199548 1.1513319522162708
62422.2887 lsst_hardware_i 23.408445971033657 30.65999984741211 31.229999542236328 AB 6.417957722970253 1.1543435456045301
62423.2858 lsst_hardware_g -1.860099614656799 12.8100004196167 31.34000015258789 AB 6.680109590503178 1.1542804597179697
62423.2992 lsst_hardware_r -10.777878608777527 22.030000686645508 31.459999084472656 AB 5.866846666230166 1.1613685251527401
62425.3206 lsst_hardware_r -20.258882672873675 22.270000457763672 31.459999084472656 AB 8.37755717602423 1.1885026613421932
62425.3317 lsst_hardware_i -37.884732692554095 31.350000381469727 31.229999542236328 AB 8.496764486608718 1.2050438925838134
62427.3207 lsst_hardware_z -90.78924981141625 64.22000122070312 31.690000534057617 AB 7.347387066081989 1.1963830437605558
62433.3134 lsst_hardware_i 4.875166291235302 59.59000015258789 31.290000915527344 AB 3.9371410977065295 1.2110243552784548
62433.3241 lsst_hardware_z -72.72670097453856 57.72999954223633 30.950000762939453 AB 3.8842533465603863 1.2312071466721415
62435.3144 lsst_hardware_i -81.29629702639751 48.630001068115234 31.280000686645508 AB 1.617384890968029 1.2228212381310704
62435.3251 lsst_hardware_z -17.01737229826975 51.56999969482422 30.950000762939453 AB 1.7081567182533486 1.2450121853158516
62437.3099 lsst_hardware_z 21.497998256894043 47.40999984741211 30.940000534057617 AB 3.4928830407252542 1.22467776446174
62437.321 lsst_hardware_r -18.642571146006144 42.86000061035156 31.559999465942383 AB 3.566393871665295 1.2480818448520208
62438.3184 lsst_hardware_i 58.10801383017288 38.290000915527344 31.239999771118164 AB 3.7998587305909353 1.2483793672202848
62438.3282 lsst_hardware_r 16.57846838572809 37.459999084472656 31.540000915527344 AB 3.8531917537228084 1.2722402884842214
62440.3151 lsst_hardware_u 3.8441207270953455 4.239999771118164 28.639999389648438 AB 4.309117896689175 1.2533792602352867
62440.3262 lsst_hardware_g 33.85539331995197 21.190000534057617 31.489999771118164 AB 4.408281118411355 1.2814149852462637
62451.256 lsst_hardware_u 3.2656667598882887 2.8283488724689514 28.239999771118164 AB 2.018235427229975 1.1976473705256707
62451.2677 lsst_hardware_r 144.1359515576399 24.88617453609722 31.440000534057617 AB 2.0206301062965797 1.2171859482730976
62456.1555 lsst_hardware_r 518.2223256767904 55.53089818995202 31.59000015258789 AB 6.755970156729371 1.1577528294288106
62456.1659 lsst_hardware_z 317.8318138529215 52.20781154724844 30.950000762939453 AB 6.819478274980863 1.1533188542002328
62460.2373 lsst_hardware_r 1137.674701850183 86.83547394744055 31.610000610351562 AB 5.9398389173060036 1.2069981204943534
62460.2493 lsst_hardware_i 721.6775329535936 69.84152268095038 31.290000915527344 AB 6.0420905850061075 1.2290455989706115
62465.0684 lsst_hardware_i 1137.750900362123 45.42365474710363 31.219999313354492 AB 6.396235262687538 1.240502038857251
62465.0751 lsst_hardware_z 656.9553291145253 51.26893286226808 30.93000030517578 AB 6.334279971098283 1.2266227674473826
62466.1614 lsst_hardware_z 906.1107340854779 54.486410817994724 30.940000534057617 AB 6.023303268750087 1.1522707439261513
62466.1746 lsst_hardware_r 1569.986702491809 57.44593501671287 31.579999923706055 AB 5.382382238974173 1.157086830306164
62468.181 lsst_hardware_r 1619.9731831877039 45.41878711421656 31.459999084472656 AB 3.8267874122808365 1.1648685745870335
62468.1935 lsst_hardware_u 3.45863221376908 3.955741444123008 28.510000228881836 AB 3.865668151818305 1.1767038156820977
62473.1836 lsst_hardware_g 347.98501109362905 22.95842925610329 31.34000015258789 AB 7.547988862428371 1.1810114612392513
62473.1953 lsst_hardware_r 1557.5601080531865 45.93684529538901 31.459999084472656 AB 7.636602605860695 1.1967235932833948
62479.1257 lsst_hardware_u -4.185658171341144 3.8945588474475037 29.149999618530273 AB 6.321961500236198 1.1522408566651419
62479.1364 lsst_hardware_g 255.33541298381246 20.71384687507485 31.360000610351562 AB 6.325236640597196 1.1557869363985838
62481.1693 lsst_hardware_z 944.726310741806 52.69911600504553 30.93000030517578 AB 12.026535542660405 1.1907460933327134
62481.1834 lsst_hardware_r 1357.4244770410753 42.74251573216302 31.450000762939453 AB 12.250573508754703 1.212928070173733
62485.1089 lsst_hardware_z 1884.7069502130462 79.94142023104433 31.700000762939453 AB 8.968273279681283 1.1521615124701439
62487.1018 lsst_hardware_r 1118.4845329888306 66.54123134461864 31.610000610351562 AB 11.084324987407154 1.151867502480068
62487.1147 lsst_hardware_i 1092.7774725808652 59.17593088568781 31.290000915527344 AB 11.197400828429835 1.1558607306765665
62489.1046 lsst_hardware_z 1877.7785685070628 89.97970925904893 31.719999313354492 AB 3.5467788659652366 1.1539869419115008
62489.1189 lsst_hardware_r 909.7830841141849 80.53317493374054 31.6200008392334 AB 3.5375372113190124 1.1613713760075548
62491.1102 lsst_hardware_z 1633.5811872958457 91.82258948510564 31.719999313354492 AB 3.5937789308254366 1.1592835260727214
62493.1068 lsst_hardware_r 723.8172364058369 70.21156991940245 31.6200008392334 AB 4.953962981603155 1.1605863843512136
62493.1192 lsst_hardware_z 801.4083842330713 60.37737904002979 30.959999084472656 AB 4.973625165087683 1.1705401659420296
62495.1063 lsst_hardware_r 746.5014029816565 44.19504142422406 31.559999465942383 AB 7.016214119405638 1.1641304329526527
62495.1186 lsst_hardware_u -1.3591799055184366 5.723253314529887 28.8700008392334 AB 7.06125868285816 1.1754561043503309
62497.0852 lsst_hardware_u -1.3199188741225842 2.77545563921114 28.389999389648438 AB 5.805492982530829 1.154919775706138
62497.0974 lsst_hardware_g 82.49091842738959 15.567919627368946 31.360000610351562 AB 5.844374164460504 1.161614740762408
62501.085 lsst_hardware_z 594.5550757720172 48.68970129101499 30.93000030517578 AB 8.702348679507471 1.1606226566427675
62501.0974 lsst_hardware_r 369.5356488794762 29.997607725258916 31.459999084472656 AB 8.742844338881632 1.1705900370050233
62503.082 lsst_hardware_u 1.4802276716160288 2.752648910845055 28.299999237060547 AB 7.953312035887767 1.1623117745354308
62503.0937 lsst_hardware_g 55.54416844895969 14.516016861756043 31.329999923706055 AB 5.906964673523124 1.172307551182957
62505.0871 lsst_hardware_r 294.61754563177846 28.299195337456958 31.469999313354492 AB 2.6937394595206183 1.1711910693567906
62505.0997 lsst_hardware_z 550.0089231803578 48.21350887854614 30.93000030517578 AB 2.7262986181672066 1.1853472252900898
62507.0864 lsst_hardware_r 242.01180363241915 27.575375635531113 31.459999084472656 AB 10.082124389280462 1.1760779674874169
62507.0987 lsst_hardware_u 1.9433659496697953 2.7431457491454627 28.290000915527344 AB 10.222630773843076 1.191321530198958
62512.0753 lsst_hardware_r 252.80859751322484 32.34340379457175 31.530000686645508 AB 7.30937883451818 1.1789320700835773
62512.0875 lsst_hardware_z 480.084681452213 48.78139271522805 30.940000534057617 AB 6.930012864988068 1.1948298043082877
62753.3903 lsst_hardware_g 9.52669281422356 12.850000381469727 31.350000381469727 AB 4.139564298239469 1.1581090522666548
62753.4015 lsst_hardware_r -13.06291547797173 22.829999923706055 31.469999313354492 AB 4.1775706675155115 1.1659150175636936
62755.4033 lsst_hardware_i 24.72683326560107 57.709999084472656 31.299999237060547 AB 2.9260622288262508 1.172574611651862
62758.2023 lsst_hardware_i -35.29925415578261 85.73999786376953 32.0 AB 1.2745855875051766 1.449216131330502
62758.2242 lsst_hardware_z 218.5610003762661 82.66000366210938 31.690000534057617 AB 1.6660047734646226 1.359079352928312
62765.388 lsst_hardware_i 11.918706910792443 32.75 31.239999771118164 AB 4.086959144246458 1.1864312778130366
62765.4006 lsst_hardware_z 16.047703994267266 61.33000183105469 30.959999084472656 AB 3.651911945858239 1.2049532115345174
62767.3875 lsst_hardware_r -12.638616786532795 23.40999984741211 31.469999313354492 AB 1.670515079342458 1.1932250566731843
62767.3996 lsst_hardware_u -19.168786890890484 11.180000305175781 29.139999389648438 AB 1.7288655470601635 1.2125298985810615
62772.3475 lsst_hardware_g 2.458908761426439 12.670000076293945 31.31999969482422 AB 5.47411796519083 1.1642105412996235
62772.3595 lsst_hardware_r 4.154935873548346 21.979999542236328 31.450000762939453 AB 5.606134604192256 1.1752902734156438
62774.3522 lsst_hardware_i 24.695959489995584 30.90999984741211 31.219999313354492 AB 3.760637069553524 1.1733657003287883
62774.3643 lsst_hardware_r -8.876617722030211 22.079999923706055 31.440000534057617 AB 3.8368798116285388 1.1875820928434992
62781.3616 lsst_hardware_z 62.279467961551774 43.16999816894531 30.940000534057617 AB 4.366538383925531 1.212927328868203
62781.3737 lsst_hardware_r 36.77460043125645 23.059999465942383 31.459999084472656 AB 4.450981017253676 1.2363836159037989
62787.339 lsst_hardware_r 6.267620471024398 73.77999877929688 31.610000610351562 AB 6.572953599022266 1.2024795436818487
62787.3507 lsst_hardware_y -53.06639334537859 53.31999969482422 29.989999771118164 AB 6.694075888725145 1.2230345716306135
62789.3393 lsst_hardware_z -49.47880092088027 51.45000076293945 30.940000534057617 AB 7.114169692950233 1.2121260303195058
62789.3505 lsst_hardware_r -17.17867193431118 56.130001068115234 31.579999923706055 AB 7.2612522057831095 1.2335432270080877
62791.3311 lsst_hardware_r -46.91097362316278 43.0 31.579999923706055 AB 6.523025884639557 1.2074273953890184
62791.3413 lsst_hardware_i -69.34052142051219 41.20000076293945 31.260000228881836 AB 5.995512443720147 1.2259925929493598
62793.3077 lsst_hardware_z 26.120225018709384 44.77000045776367 30.940000534057617 AB 4.490095194605297 1.1816039985803415
62793.3197 lsst_hardware_r -6.1491815996541055 31.709999084472656 31.540000915527344 AB 4.552172731213442 1.19794019242459
62794.1275 lsst_hardware_i -39.27751159888777 32.18000030517578 31.200000762939453 AB 4.596172071323117 1.3534075592825905
62794.1443 lsst_hardware_z 2.3121384950884365 44.15999984741211 30.920000076293945 AB 4.334754106300221 1.2989973348219237
62796.3206 lsst_hardware_r 5.757389187074522 22.860000610351562 31.459999084472656 AB 3.118148855791928 1.212854891883671
62796.3313 lsst_hardware_z 38.03417097351359 43.43000030517578 30.93000030517578 AB 3.0377766278178506 1.2333644449114727
62801.3184 lsst_hardware_g 10.169619715747292 12.890000343322754 31.31999969482422 AB 3.909491453842617 1.2349337293981626
62801.3272 lsst_hardware_r 5.293172040519662 22.469999313354492 31.440000534057617 AB 3.898465488834795 1.2545343487803042
62803.3225 lsst_hardware_i 34.87939648303144 31.889999389648438 31.229999542236328 AB 3.7707037511356827 1.2563428757670223
62803.3327 lsst_hardware_z -82.73926693163794 44.5 30.93000030517578 AB 3.8674337221837267 1.2823764759934109
62807.3048 lsst_hardware_z 61.72941205533297 43.779998779296875 30.93000030517578 AB 3.7400126451031865 1.2408801078645322
62807.3159 lsst_hardware_r -18.018670857606626 22.530000686645508 31.440000534057617 AB 3.8131263285490014 1.2669596838683135
62809.2385 lsst_hardware_i 46.01485712419201 37.13999938964844 31.270000457763672 AB 6.509050054841409 1.158778160076059
62813.2401 lsst_hardware_z -53.81728550998511 114.29000091552734 32.470001220703125 AB 5.5621447431955 1.1680270355303444
62817.2518 lsst_hardware_z 15.904651847487683 55.939998626708984 30.959999084472656 AB 4.897188482710611 1.194436215295271
62817.262 lsst_hardware_r 59.19112218276051 71.76000213623047 31.610000610351562 AB 4.963737391218973 1.2106676563948715
62822.2385 lsst_hardware_z -2.170311002697752 45.2400016784668 30.940000534057617 AB 6.781568291052715 1.1949549131098116
62822.2501 lsst_hardware_i 22.12872770115172 37.06999969482422 31.25 AB 4.898677478766499 1.21374565876276
62827.1663 lsst_hardware_i 61.79286805009205 30.5 31.229999542236328 AB 4.824394753645595 1.1513152701405445
62829.2395 lsst_hardware_g -7.290379153598507 12.819999694824219 31.309999465942383 AB 9.428161016770641 1.2299205570428577
62829.2519 lsst_hardware_r 10.901363257044203 22.469999313354492 31.440000534057617 AB 10.891157549493066 1.2573006752791474
62831.2333 lsst_hardware_i 2.669422081988237 31.360000610351562 31.209999084472656 AB 6.498635559949218 1.2284368280676028
62831.2455 lsst_hardware_z 14.799859966268041 43.869998931884766 30.920000076293945 AB 6.63573212833265 1.2550639211296013
62835.1828 lsst_hardware_r -11.394077516007108 22.209999084472656 31.469999313354492 AB 5.271997033796171 1.1706010733023842
62836.0725 lsst_hardware_y 82.74384693526717 48.97999954223633 29.989999771118164 AB 9.987854794976073 1.2031627202428312
62836.0816 lsst_hardware_g 33.28589140006939 21.270000457763672 31.520000457763672 AB 9.891891918593053 1.1896442475758036
62838.1797 lsst_hardware_i 44.23197944270069 37.959999084472656 31.260000228881836 AB 7.513720496456258 1.17578099934966
62838.1908 lsst_hardware_z 81.37943786040871 45.880001068115234 30.940000534057617 AB 7.5996292409704065 1.1893066813112072
62840.2031 lsst_hardware_r -55.15889260117835 50.189998626708984 31.59000015258789 AB 3.0058722584848803 1.2176507140336417
62840.2148 lsst_hardware_z 139.372600858713 50.279998779296875 30.940000534057617 AB 3.274749211903898 1.2411405010056897
62844.1681 lsst_hardware_z 121.97650716915209 84.2300033569336 31.719999313354492 AB 7.122552884577659 1.1812351896144382
62844.1817 lsst_hardware_i 0.8613078885529909 90.94000244140625 32.04999923706055 AB 7.227657820152327 1.1999099892342824
62849.1064 lsst_hardware_z -8.823125034698547 46.59000015258789 30.950000762939453 AB 8.488886499399854 1.151347687427079
62849.121 lsst_hardware_r 63.47577183813572 40.33000183105469 31.579999923706055 AB 8.531689004079814 1.154725452267688
62851.1028 lsst_hardware_u 3.029183484417127 2.5399999618530273 28.31999969482422 AB 11.634364473414808 1.1515092578599821
62851.1151 lsst_hardware_g -25.587742726332024 12.84000015258789 31.350000381469727 AB 11.661456573959276 1.1545544383315351
62853.0982 lsst_hardware_r 23.268631260133798 22.06999969482422 31.469999313354492 AB 4.560382628475273 1.1516117748671924
62853.1122 lsst_hardware_i 69.20820344376686 30.649999618530273 31.229999542236328 AB 4.701475851602599 1.1556270016229249
62858.1058 lsst_hardware_u 5.490276961356875 2.5999999046325684 28.350000381469727 AB 4.976719267589703 1.1594888209348557
62858.1192 lsst_hardware_r 11.119274994578685 22.309999465942383 31.459999084472656 AB 4.970783428900212 1.1698713647682308
62860.0841 lsst_hardware_g 2.3332389613572015 12.970000267028809 31.350000381469727 AB 6.938868530275561 1.1525402425506053
62860.0974 lsst_hardware_i -17.086041972568914 30.90999984741211 31.229999542236328 AB 6.982861754777124 1.157780187320619
62863.0802 lsst_hardware_z -7.258247113983511 42.599998474121094 30.940000534057617 AB 7.305017731950938 1.153788206583957
62863.0915 lsst_hardware_r 36.26329481591125 22.34000015258789 31.469999313354492 AB 6.226291481537429 1.1590986313752585
62866.0838 lsst_hardware_r 6.6462041110418655 28.90999984741211 31.530000686645508 AB 8.660714535094884 1.1593995361572322
62866.0975 lsst_hardware_i -14.053803023746593 34.29999923706055 31.25 AB 8.772761452744104 1.170013530640718
62868.0837 lsst_hardware_z 14.44386578258535 46.439998626708984 30.940000534057617 AB 5.862511850427802 1.1630237267128507
62868.0958 lsst_hardware_r 20.09107682375471 39.83000183105469 31.56999969482422 AB 5.96865260143155 1.1737186178519343
