data/validation/pwv_sim_epoch_fit_epoch/29891290.ecsv
# %ECSV 0.9
# ---
# datatype:
# - {name: time, datatype: float64}
# - {name: band, datatype: string}
# - {name: flux, datatype: float64}
# - {name: fluxerr, datatype: float64}
# - {name: zp, datatype: float64}
# - {name: zpsys, datatype: string}
# - {name: pwv, datatype: float64}
# - {name: airmass, datatype: float64}
# meta: {SNID: '29891290', alt: 1024.0, c: -0.004972995258867741, dec: -37.732746, lat: -30.244573, lon: -70.7499537, ra: 170.859375,
#   t0: 61814.5234375, x0: 5.109515722759096e-06, x1: -0.0637044757604599, z: 0.6080312132835388}
# schema: astropy-2.0
time band flux fluxerr zp zpsys pwv airmass
[from data line 133]
62206.1034 lsst_hardware_r -31.161586024231312 23.079999923706055 31.479999542236328 AB 8.702219548849289 1.1588023723444232
62206.1233 lsst_hardware_z -3.6020087657110307 41.970001220703125 30.940000534057617 AB 8.347964254297935 1.1008788413949389
62206.1863 lsst_hardware_u 2.8789681273317322 2.7300000190734863 28.5 AB 8.983119266375326 1.0125247144246396
62206.1979 lsst_hardware_g 13.380458356340828 13.5600004196167 31.420000076293945 AB 8.93037709956077 1.0092532180099192
62208.107 lsst_hardware_r 0.46536348165345676 22.889999389648438 31.479999542236328 AB 14.807451612248103 1.1302535388328088
62208.129 lsst_hardware_u -1.0221958246112144 2.740000009536743 28.469999313354492 AB 15.057745431805493 1.0755532451289638
62208.194 lsst_hardware_r 30.736622705811772 22.270000457763672 31.5 AB 13.974234797082282 1.009097524747335
62208.206 lsst_hardware_i 10.683548235517843 30.030000686645508 31.260000228881836 AB 14.004085846339915 1.0101407181692874
62213.0928 lsst_hardware_i 9.501171715680112 31.25 31.25 AB 9.01056425674663 1.1318737878650418
62213.1129 lsst_hardware_z 28.05768388819348 41.650001525878906 30.950000762939453 AB 8.701306655391612 1.0807062852128937
62213.2106 lsst_hardware_r -39.518608623162564 22.510000228881836 31.510000228881836 AB 6.01453124706901 1.0194120757744085
62213.2231 lsst_hardware_i -22.311068992196155 30.31999969482422 31.260000228881836 AB 6.084594713569685 1.031287239588082
62216.0932 lsst_hardware_r -1.0384248170905719 23.06999969482422 31.510000228881836 AB 5.429140277013744 1.1079878116354578
62216.1124 lsst_hardware_u 3.455769468280101 2.869999885559082 28.579999923706055 AB 5.219716206255584 1.0652482053582824
62220.1835 lsst_hardware_r 61.626319587185456 38.880001068115234 31.6200008392334 AB 7.041093396108169 1.0142014254387182
62220.1953 lsst_hardware_z 116.64809091070441 44.560001373291016 30.969999313354492 AB 7.025328136421083 1.0225476091582824
62222.0894 lsst_hardware_y 1.142775435781529 73.20999908447266 30.799999237060547 AB 6.914114670876202 1.0784207139767394
62224.0798 lsst_hardware_r -67.51776176418683 115.5 31.65999984741211 AB 7.379593708719977 1.0874732845151582
62224.0986 lsst_hardware_i 176.9032209852856 91.02999877929688 31.34000015258789 AB 7.251032578771314 1.0512932804771882
62224.1849 lsst_hardware_z 11.464819122274456 76.31999969482422 31.0 AB 6.730553393035844 1.0230100154076014
62224.196 lsst_hardware_r 93.53997178672032 114.44000244140625 31.65999984741211 AB 6.805584000722774 1.0347550556063294
62226.1873 lsst_hardware_i -59.86329916211116 87.88999938964844 31.34000015258789 AB 4.795781264106402 1.0309443439733272
62226.1993 lsst_hardware_z -79.20065024121055 74.83999633789062 30.989999771118164 AB 4.906318151680718 1.0466998136885743
62228.1909 lsst_hardware_r -57.933604377357355 64.98999786376953 31.649999618530273 AB 8.547859222592233 1.0424218564136871
62228.2021 lsst_hardware_z 70.50068396192806 53.77000045776367 30.979999542236328 AB 8.69397788423119 1.0602412053940475
62232.1329 lsst_hardware_g 9.798203240927108 13.609999656677246 31.40999984741211 AB 11.70165304825947 1.0090241483365932
62232.145 lsst_hardware_r -4.355778603219237 22.219999313354492 31.489999771118164 AB 11.641185478607419 1.0115732949780518
62234.0674 lsst_hardware_g -6.681442693620147 13.800000190734863 31.40999984741211 AB 7.954677175692471 1.0577793722247917
62234.0849 lsst_hardware_r -3.1429121934880784 22.440000534057617 31.489999771118164 AB 7.700750331396575 1.0325028377291354
62241.9846 lsst_hardware_y -26.683578921791653 50.36000061035156 29.989999771118164 AB 18.42154973222396 1.239013517847084
62242.0028 lsst_hardware_r 16.70437771825119 23.110000610351562 31.479999542236328 AB 18.349639524628365 1.1666923161869307
62242.1084 lsst_hardware_z 62.37142190081675 40.54999923706055 30.950000762939453 AB 16.132956646562338 1.0092559678800337
62242.1193 lsst_hardware_r 24.615878207083586 22.280000686645508 31.5 AB 16.15802980405441 1.0122176159903784
62244.1135 lsst_hardware_u -1.1749195919223339 2.759999990463257 28.530000686645508 AB 11.436459034831525 1.012076020781551
62244.1251 lsst_hardware_g -12.01726571693745 13.75 31.440000534057617 AB 11.992965920791736 1.018770465578639
62245.981 lsst_hardware_y 177.32174536591603 49.58000183105469 30.0 AB 10.904785204961966 1.207661988810436
62245.9998 lsst_hardware_z 90.09726803462692 42.54999923706055 30.940000534057617 AB 10.156013579584585 1.1406551884524636
62246.1081 lsst_hardware_r 1.6548179242667271 22.25 31.5 AB 6.931715130549154 1.0121015935389222
62246.1208 lsst_hardware_z 21.592947707032938 40.630001068115234 30.950000762939453 AB 6.943658797296931 1.0196517972486254
62248.0991 lsst_hardware_r -11.892421749575357 32.349998474121094 31.579999923706055 AB 9.160600451922015 1.0108062879125366
62248.1102 lsst_hardware_y 97.07121917222392 47.25 30.049999237060547 AB 9.21688808313999 1.0160455739479668
62250.1054 lsst_hardware_z 107.29839242475897 50.060001373291016 30.969999313354492 AB 9.250869795432992 1.0164673986850887
62250.1169 lsst_hardware_r 91.67450408786549 55.5099983215332 31.639999389648438 AB 9.263126857054587 1.0258169276915379
62253.9745 lsst_hardware_y 16.620333941926912 62.689998626708984 30.020000457763672 AB 1.2299535127076284 1.1516418658311127
62253.9937 lsst_hardware_z 61.08754268537315 75.66000366210938 30.989999771118164 AB 1.1645013532761692 1.0972922056783692
62254.0546 lsst_hardware_i 24.50533229555067 86.52999877929688 31.350000381469727 AB 1.6473512929819654 1.0128197313138427
62254.0655 lsst_hardware_z 39.65823105052698 74.02999877929688 31.0 AB 1.627396754170091 1.0094469683676777
62256.9722 lsst_hardware_y -42.40289412363012 50.0099983215332 30.020000457763672 AB 13.093492508874158 1.1332432498592224
62256.9919 lsst_hardware_i -65.60412907812409 30.510000228881836 31.239999771118164 AB 12.492866441589188 1.0825707488378846
62258.9713 lsst_hardware_y 28.311750212545313 49.310001373291016 30.030000686645508 AB 14.773813105204857 1.1200768085826276
62258.9913 lsst_hardware_r -33.093991912606626 22.149999618530273 31.479999542236328 AB 14.145330731077939 1.0724013088684596
62263.9677 lsst_hardware_z -9.607581956761873 43.86000061035156 30.950000762939453 AB 10.732130352346678 1.0941570242743186
62263.986 lsst_hardware_i 14.759956283334821 30.31999969482422 31.25 AB 10.370765889617708 1.0568933390693205
62264.0829 lsst_hardware_g 9.53878448818962 13.5 31.43000030517578 AB 10.574995994072681 1.0302327720405937
62264.0938 lsst_hardware_r -13.22327886316256 22.260000228881836 31.5 AB 10.821434495032756 1.0441368675253526
62270.0241 lsst_hardware_i -40.31945924596376 29.829999923706055 31.260000228881836 AB 5.9461258021884555 1.0091577748177165
62270.0371 lsst_hardware_u 0.5868131421879869 2.6600000858306885 28.459999084472656 AB 5.947418245419367 1.010248693397019
62277.0162 lsst_hardware_i 18.08287862681519 35.5 31.290000915527344 AB 6.762868017027582 1.0098228856384122
62277.0293 lsst_hardware_r -60.83024851059644 33.66999816894531 31.59000015258789 AB 6.77394066236165 1.0150126484153061
62280.0145 lsst_hardware_r 100.53093960822713 73.6500015258789 31.65999984741211 AB 7.607020017750029 1.0117960564509016
62280.0266 lsst_hardware_i -9.946131637859246 61.720001220703125 31.329999923706055 AB 7.574330520070719 1.0186256442995474
62285.0007 lsst_hardware_g -42.94374599762765 70.26000213623047 31.739999771118164 AB 9.537322414729521 1.0117385871353806
62285.014 lsst_hardware_r -2.725111848963293 70.80000305175781 31.65999984741211 AB 9.61701200987768 1.0194172050821702
62287.998 lsst_hardware_i 29.312389687808203 29.709999084472656 31.25 AB 6.987026925504846 1.0143031030710534
62288.0104 lsst_hardware_r -6.828956118620994 22.010000228881836 31.489999771118164 AB 6.958058774097412 1.0232439373672666
