data/validation/pwv_sim_epoch_fit_epoch/29918931.ecsv
# %ECSV 0.9
# ---
# datatype:
# - {name: time, datatype: float64}
# - {name: band, datatype: string}
# - {name: flux, datatype: float64}
# - {name: fluxerr, datatype: float64}
# - {name: zp, datatype: float64}
# - {name: zpsys, datatype: string}
# - {name: pwv, datatype: float64}
# - {name: airmass, datatype: float64}
# meta: {SNID: '29918931', alt: 1024.0, c: -0.09514936804771423, dec: -63.823658, lat: -30.244573, lon: -70.7499537, ra: 341.936615, t0: 60942.1015625,
#   x0: 5.459210353816408e-06, x1: 0.801560640335083, z: 0.5910630226135254}
# schema: astropy-2.0
time band flux fluxerr zp zpsys pwv airmass
60833.4025 lsst_hardware_u 2.7488816063654453 2.509999990463257 28.260000228881836 AB 1.3331514358477237 1.210855073431175
60833.4173 lsst_hardware_y -25.065907411196328 48.81999969482422 29.989999771118164 AB 1.107905050177556 1.2022843734970765
60842.3457 lsst_hardware_i 5.68510158423985 52.54999923706055 31.280000686645508 AB 8.285351247495488 1.2470426320733436
60842.3696 lsst_hardware_y 58.24637593588726 51.91999816894531 29.989999771118164 AB 8.083822706338362 1.2178558557249612
60844.4067 lsst_hardware_z 83.92700926847894 46.34000015258789 30.940000534057617 AB 5.63477064442119 1.1983774233137368
60844.4202 lsst_hardware_r 11.068331738482089 36.5 31.559999465942383 AB 5.8825756388531785 1.2005256405822813
60847.3903 lsst_hardware_u -0.06578187896037643 2.8399999141693115 28.3799991607666 AB 3.6584040298251534 1.1990180902906495
60847.4048 lsst_hardware_g 17.398395417387743 14.829999923706055 31.389999389648438 AB 3.648197590798302 1.1988818898449891
60849.2373 lsst_hardware_g -12.553613719183627 18.670000076293945 31.989999771118164 AB 4.649606676120195 1.502700784094865
60849.2596 lsst_hardware_r 41.42170112162355 32.720001220703125 32.16999816894531 AB 5.349267008338163 1.412751812400862
60860.1102 lsst_hardware_z -116.91242730988508 96.9000015258789 32.0099983215332 AB 19.97070187254234 2.2506637221472054
60860.125 lsst_hardware_g 14.677366935881757 65.30000305175781 32.47999954223633 AB 18.33344133336067 2.0833456060637126
60875.3475 lsst_hardware_g -3.021530908701509 18.540000915527344 31.469999313354492 AB 2.53772095863446 1.2057590870927115
60875.3597 lsst_hardware_r 15.743022890705543 25.719999313354492 31.489999771118164 AB 2.5828332578156528 1.2144032244255087
60877.3389 lsst_hardware_i -17.234518957808945 31.34000015258789 31.219999313354492 AB 5.193581777650463 1.2040761462868153
60877.3493 lsst_hardware_z 55.73920466150674 43.25 30.93000030517578 AB 5.118789516665934 1.2104972844078357
60879.3425 lsst_hardware_r 2.210276507082393 22.790000915527344 31.459999084472656 AB 5.323963841103913 1.2095336253927857
60879.3537 lsst_hardware_u 1.66800165242222 2.609999895095825 28.31999969482422 AB 5.4812748022873965 1.218851063234481
60884.1177 lsst_hardware_i -42.43457825324894 34.43000030517578 31.15999984741211 AB 6.178243184796658 1.625853469683331
60884.1256 lsst_hardware_r -17.548833168790274 23.979999542236328 31.389999389648438 AB 5.853622328492641 1.5820600887817946
60886.3476 lsst_hardware_r -6.057421292330488 22.959999084472656 31.450000762939453 AB 5.897068694110725 1.233352348182667
60886.3587 lsst_hardware_i -35.18182440706957 32.08000183105469 31.219999313354492 AB 5.970390005222049 1.248970243234569
60888.3241 lsst_hardware_i 33.04700675982435 31.450000762939453 31.219999313354492 AB 5.8762748856353575 1.2143154576825261
60888.3353 lsst_hardware_z 36.69444680003426 43.439998626708984 30.93000030517578 AB 6.413569776319022 1.2252302366604835
60890.2402 lsst_hardware_z -16.268696988296075 46.66999816894531 30.940000534057617 AB 2.69850642947167 1.2163653051482615
60890.2521 lsst_hardware_r -85.57941054853806 33.720001220703125 31.549999237060547 AB 2.791553217960479 1.207288666000856
60894.2317 lsst_hardware_r 34.41047298126164 89.6500015258789 31.6200008392334 AB 3.8237036367277013 1.2142596496436016
60894.2431 lsst_hardware_z -72.22944274696634 65.48999786376953 30.969999313354492 AB 3.8031169543288006 1.2061262078319575
60896.2293 lsst_hardware_r 73.97413108993464 109.79000091552734 31.610000610351562 AB 4.0664588384966756 1.2117883747289504
60896.2406 lsst_hardware_y 8.179746050900766 59.599998474121094 30.0 AB 4.0082547034208975 1.2044939383730442
60897.2314 lsst_hardware_z 106.26629934796587 71.12000274658203 30.969999313354492 AB 5.385480607483368 1.2083196337187554
60897.242 lsst_hardware_r -154.05956996510844 103.38999938964844 31.6200008392334 AB 5.403017176328634 1.2025411031225803
60899.2305 lsst_hardware_i -22.088391893050087 56.630001068115234 31.299999237060547 AB 3.2634652466056013 1.2055281809840608
60899.243 lsst_hardware_z 20.489638463424875 55.560001373291016 30.959999084472656 AB 3.2491579886048036 1.2002430618210758
60904.3108 lsst_hardware_r 6.3141048259285615 25.34000015258789 31.489999771118164 AB 5.248548947058422 1.250920323436435
60904.323 lsst_hardware_u -0.9086965825929105 3.319999933242798 28.479999542236328 AB 5.335546136992513 1.2721097066203761
60906.2933 lsst_hardware_u -2.200995052243815 2.609999895095825 28.31999969482422 AB 3.3262905490242485 1.233749160457793
60906.3045 lsst_hardware_g -17.832726738190704 13.479999542236328 31.350000381469727 AB 3.345194207009327 1.2496056059056133
60908.2936 lsst_hardware_r 16.528383114445575 22.770000457763672 31.440000534057617 AB 1.750123005279805 1.2415154920405331
60908.3038 lsst_hardware_i -27.073861515172613 31.780000686645508 31.209999084472656 AB 1.8088441094831305 1.2573059148399888
60910.2863 lsst_hardware_z 41.29256313408161 43.22017276244148 30.920000076293945 AB 2.3655652651515333 1.2389482883126048
60910.2965 lsst_hardware_r 7.770851569751575 22.661453606799586 31.440000534057617 AB 2.5314158473643675 1.2542627758525293
60912.2881 lsst_hardware_u 0.851544468629974 2.6011958627538636 28.229999542236328 AB 3.999908132859954 1.249580797519511
60912.2984 lsst_hardware_r -27.438511143471665 23.076364995799235 31.450000762939453 AB 3.054686275163296 1.2669789610797577
60920.0517 lsst_hardware_z 404.86151972264 77.03599759016939 31.670000076293945 AB 2.350243610327478 1.4670684209285132
60932.1432 lsst_hardware_r 1711.6042775883882 46.33387531717955 31.450000762939453 AB 2.0304687103506733 1.204073162888322
60932.1548 lsst_hardware_i 1332.717732999065 47.07513562389434 31.219999313354492 AB 2.013815258295379 1.199770782422031
60934.1368 lsst_hardware_z 956.1652670388753 53.082172573130826 30.93000030517578 AB 3.835197452958258 1.2045533393226526
60934.1482 lsst_hardware_u 8.479616339423298 3.7635001242530692 28.209999084472656 AB 3.8234030105975303 1.2000637195849122
60936.2217 lsst_hardware_r 1930.2906424639516 48.866024727122856 31.440000534057617 AB 1.716559021811459 1.2482552576499248
60936.2328 lsst_hardware_i 1431.9369034203314 49.393911056396604 31.209999084472656 AB 1.74078308036551 1.2668686375393365
60938.2203 lsst_hardware_z 991.9796152273218 53.91345354909278 30.93000030517578 AB 7.342268317532232 1.2546953919054824
60938.2331 lsst_hardware_r 1880.6547616021226 49.48556215927712 31.450000762939453 AB 7.473756278461519 1.2778200117052032
60940.2267 lsst_hardware_u 4.3265914904753435 2.9974935268871126 28.25 AB 2.5181380584881805 1.2759757073660967
60940.2393 lsst_hardware_g 570.8004027092474 27.15929104525757 31.309999465942383 AB 2.6854378110613886 1.302820041752038
60943.2075 lsst_hardware_i 1491.1481218566178 49.60675874571341 31.209999084472656 AB 7.792884448747157 1.2561064553106314
60943.2191 lsst_hardware_r 1903.185507000302 48.57054886868336 31.440000534057617 AB 7.723500598992725 1.27713941281401
60950.1841 lsst_hardware_i 1460.9743228984914 62.27326646881661 31.270000457763672 AB 5.712338739062627 1.2492357644837353
60950.1959 lsst_hardware_z 1217.3820968318685 62.20409452708906 30.940000534057617 AB 5.731002019716069 1.2693249213103144
60952.1821 lsst_hardware_i 1307.8691447218387 71.2485965905791 31.280000686645508 AB 2.7920362748571805 1.2547537749339437
60952.1934 lsst_hardware_z 1050.607380976047 67.74831034612858 30.950000762939453 AB 2.8607717420079406 1.2749484106102698
60955.1669 lsst_hardware_z 2107.5515356472124 99.01754360326751 31.709999084472656 AB 5.6908615544216765 1.243904164900913
60959.1571 lsst_hardware_z 809.2483852712866 55.63432049793785 30.93000030517578 AB 5.5423373159152 1.2455623603074428
60959.1687 lsst_hardware_u 7.147047534449638 5.609315284088773 28.760000228881836 AB 4.8801037573422 1.264548587521192
60961.1612 lsst_hardware_g 140.074120043583 17.502613647599016 31.31999969482422 AB 7.433881361037277 1.2609594505964707
60961.1723 lsst_hardware_r 876.3509799542694 37.410368598902934 31.440000534057617 AB 8.278262129932592 1.2818615871682553
60963.1614 lsst_hardware_i 792.990049289088 42.62260296455325 31.219999313354492 AB 7.928078603566387 1.2712044794600317
60963.1717 lsst_hardware_z 745.4896722048152 52.06381078040145 30.920000076293945 AB 8.400291785848804 1.2920875388407311
60965.1583 lsst_hardware_i 721.3282705146191 41.424390044210966 31.209999084472656 AB 8.164697415572297 1.2757339711831714
60965.1694 lsst_hardware_u 3.5338418599517296 2.986012574827399 28.209999084472656 AB 8.535091900095033 1.2991007458287722
60974.1418 lsst_hardware_g 34.72997126889948 14.579018381705666 31.329999923706055 AB 3.207729281517036 1.2923969707965495
60974.1515 lsst_hardware_r 392.66430214914715 29.68277896137167 31.440000534057617 AB 3.2407482267975025 1.3148829700291822
60976.1399 lsst_hardware_i 417.4403857910255 40.271720207912345 31.219999313354492 AB 3.803146364551891 1.3003321188313157
60976.1515 lsst_hardware_z 457.6269638950429 51.344476932340896 30.920000076293945 AB 3.829030722893207 1.3287940274365955
60978.1408 lsst_hardware_i 399.344027977012 46.108609358487264 31.239999771118164 AB 7.348349445134017 1.3154351210800823
60978.151 lsst_hardware_z 561.769821837372 54.41590461012343 30.920000076293945 AB 7.468927919584854 1.3422460094499844
60979.0943 lsst_hardware_z 1119.31734214041 77.74097133439442 31.700000762939453 AB 6.17794529378221 1.2342314042118092
61196.4404 lsst_hardware_r 124.17576723290945 67.44000244140625 31.600000381469727 AB 5.272690300253219 1.198338704603004
61198.4171 lsst_hardware_z -10.142230304511035 47.9900016784668 30.940000534057617 AB 1.098262264840526 1.202586657367124
61198.4302 lsst_hardware_y 69.05948326763736 51.61000061035156 29.989999771118164 AB 1.0891974665048412 1.198786535637723
61220.1813 lsst_hardware_r 177.03132392038714 140.75999450683594 32.2400016784668 AB 10.41693982932081 1.7278055779265402
61220.2098 lsst_hardware_z -120.27438591071827 104.18000030517578 31.670000076293945 AB 4.3363475343010585 1.559463270547012
61222.418 lsst_hardware_y 97.38069545866068 57.20000076293945 29.989999771118164 AB 11.402125036571856 1.2223110634166992
61222.4314 lsst_hardware_r 125.1695613323131 96.61000061035156 31.600000381469727 AB 11.651262014406784 1.2384419658170478
61223.421 lsst_hardware_i -18.369145355825726 71.41999816894531 31.290000915527344 AB 9.011754657235482 1.228680163233441
61223.4329 lsst_hardware_z -37.764939908535126 66.44000244140625 30.959999084472656 AB 9.144795303200103 1.2444438052936377
61225.4288 lsst_hardware_r -6.380355051091041 63.81999969482422 31.600000381469727 AB 7.193368415915017 1.2464682751542222
61225.4418 lsst_hardware_z 22.20884421564422 67.91000366210938 30.959999084472656 AB 7.299587435693315 1.268225241835263
61231.3215 lsst_hardware_r 10.211792194127193 22.90999984741211 31.459999084472656 AB 9.565990884115585 1.2053160567146204
61231.3339 lsst_hardware_u 0.4977003098094254 2.609999895095825 28.309999465942383 AB 9.567321328167395 1.2001155705177442
61233.3255 lsst_hardware_g 10.689207043614228 13.25 31.34000015258789 AB 9.168450217861915 1.2010414564089622
61233.3381 lsst_hardware_i 52.14296824941647 31.440000534057617 31.219999313354492 AB 9.53033732167714 1.1984077109936673
61235.3214 lsst_hardware_z 52.93810751169853 43.349998474121094 30.93000030517578 AB 7.222747518574883 1.200589680614176
61235.3346 lsst_hardware_r -9.067507174585051 22.65999984741211 31.450000762939453 AB 6.830368237056692 1.1983102170274897
61238.3393 lsst_hardware_g -16.36055226276353 13.260000228881836 31.329999923706055 AB 1.0892823175072799 1.1997602395674491
61238.3512 lsst_hardware_r 3.4609688944516095 22.670000076293945 31.450000762939453 AB 1.132777932199017 1.2043355352519007
61242.341 lsst_hardware_i 66.08489037064393 31.549999237060547 31.219999313354492 AB 5.046951765533541 1.2047147753501453
61242.3527 lsst_hardware_z 55.23491640735602 43.52000045776367 30.93000030517578 AB 5.060881384513764 1.2124775717567708
61244.3354 lsst_hardware_r -26.551087931160957 22.6200008392334 31.450000762939453 AB 5.403819916644342 1.2046412595157365
61244.3472 lsst_hardware_u -6.269655572884657 2.549999952316284 28.280000686645508 AB 5.358003247719827 1.2124465203212882
61246.3388 lsst_hardware_z 3.0909672679938778 49.52000045776367 30.940000534057617 AB 6.668651794093188 1.21020841947127
61246.3502 lsst_hardware_i 10.807176301728012 41.84000015258789 31.25 AB 6.7200387001273505 1.2199952253668995
61248.3406 lsst_hardware_z -120.75037769789103 63.470001220703125 30.959999084472656 AB 3.0988143716071397 1.2160956393251905
61248.3523 lsst_hardware_r -93.26284575143148 82.22000122070312 31.600000381469727 AB 3.1207414071728636 1.22815482375949
61249.3393 lsst_hardware_y 82.71098889769438 80.91999816894531 30.75 AB 3.7927025205781058 1.2173981609452258
61251.332 lsst_hardware_r 68.2912292900787 108.05000305175781 31.610000610351562 AB 5.430675836676949 1.215732222224524
61251.3444 lsst_hardware_i 141.15970625657138 84.69999694824219 31.290000915527344 AB 5.889409648030005 1.2284959632937016
61256.2377 lsst_hardware_z 40.145869236345035 47.38999938964844 30.940000534057617 AB 1.896555068605207 1.2167153607735919
61256.2487 lsst_hardware_r 30.698619733741324 42.810001373291016 31.56999969482422 AB 1.8176766944680767 1.2080930674947061
61258.234 lsst_hardware_u -0.0996276902196584 2.9100000858306885 28.350000381469727 AB 2.72831741515638 1.2151508362795935
61258.2458 lsst_hardware_g -6.847086582316071 18.299999237060547 31.459999084472656 AB 2.757110397022256 1.206480865122965
61260.2368 lsst_hardware_r 5.88334356149232 22.729999542236328 31.450000762939453 AB 3.747129813602806 1.2087515527750987
61260.2478 lsst_hardware_z -29.487723272347154 43.43000030517578 30.93000030517578 AB 3.728108102457223 1.2026155169216848
61261.2352 lsst_hardware_r -16.567620192813788 22.700000762939453 31.450000762939453 AB 4.074875083899011 1.2079967639217404
61261.247 lsst_hardware_u 1.0860798406025545 2.559999942779541 28.290000915527344 AB 4.002050044415048 1.201816830154669
61263.2357 lsst_hardware_g -19.220967461652137 13.34000015258789 31.34000015258789 AB 7.776180051497533 1.2044888555603366
61263.2484 lsst_hardware_r 10.437467109961437 22.65999984741211 31.450000762939453 AB 7.7844769943951375 1.1996420086908062
61266.3123 lsst_hardware_z 42.39872641851325 43.689998626708984 30.93000030517578 AB 4.163042773474306 1.2398618406058688
61266.3244 lsst_hardware_r 40.8701860494827 22.940000534057617 31.450000762939453 AB 4.267311201777059 1.258546363088004
61268.3181 lsst_hardware_u -1.4801862735071099 2.559999942779541 28.280000686645508 AB 6.063662778380715 1.2571302040491454
61268.3288 lsst_hardware_r 16.550598435108203 22.940000534057617 31.440000534057617 AB 6.140014632658704 1.2765987870244724
61276.2944 lsst_hardware_z 22.857381059589162 57.5099983215332 30.950000762939453 AB 3.895120272141785 1.2540631912884048
61276.3041 lsst_hardware_r 36.457282714311184 66.18000030517578 31.59000015258789 AB 3.950798320427266 1.271102467830103
61278.289 lsst_hardware_z -105.05602024097477 68.5199966430664 30.959999084472656 AB 2.7803751071198555 1.2541631126353519
61278.3002 lsst_hardware_r -214.033582530963 95.41000366210938 31.600000381469727 AB 3.4610375571441465 1.2740797191769357
61281.287 lsst_hardware_r 17.762440834438237 92.58000183105469 31.600000381469727 AB 7.703246396266257 1.2647624337127175
61281.2977 lsst_hardware_z 57.890575596197806 66.2699966430664 30.950000762939453 AB 8.987058315519533 1.2855029595584184
61296.141 lsst_hardware_z 36.68815158912729 43.439998626708984 30.93000030517578 AB 4.399084830445518 1.2071579685649716
61296.1542 lsst_hardware_u -1.126271944201861 2.6600000858306885 28.3799991607666 AB 4.296035201700064 1.2008484141719256
61297.0392 lsst_hardware_r 15.452239374798518 23.389999389648438 31.43000030517578 AB 1.9511226407387563 1.3936590290991118
61297.0476 lsst_hardware_g -3.692866928830437 13.34000015258789 31.299999237060547 AB 1.5889117879644683 1.3666099093733526
61299.1386 lsst_hardware_i -11.73024040652263 31.510000228881836 31.239999771118164 AB 3.850023591256013 1.2039161718585576
61299.1501 lsst_hardware_z 30.438574522532026 43.130001068115234 30.940000534057617 AB 3.817373135714781 1.199677289665236
61303.2352 lsst_hardware_z 75.91080382392883 70.0 31.690000534057617 AB 7.4499212898370715 1.280531920217218
61309.2059 lsst_hardware_z -4.137142073654872 93.08000183105469 31.709999084472656 AB 4.245361691442037 1.2567368156821177
61311.1857 lsst_hardware_z 37.30224213728719 57.93000030517578 30.950000762939453 AB 5.593993498157474 1.2348771519111423
61311.1969 lsst_hardware_r -0.8314629127718326 76.30000305175781 31.600000381469727 AB 5.721185550916352 1.2509880942236922
61313.1795 lsst_hardware_i 64.42613181263133 46.2599983215332 31.270000457763672 AB 5.210867576648644 1.2339255450269107
61313.1921 lsst_hardware_z -32.611934286719006 50.20000076293945 30.940000534057617 AB 5.275157395814906 1.252039968151642
61319.0778 lsst_hardware_g -2.346931603865035 13.220000267028809 31.350000381469727 AB 4.5573438957166665 1.207429994670258
61319.0904 lsst_hardware_r 1.3980841592060282 22.559999465942383 31.469999313354492 AB 4.122160045351935 1.201212252166664
61321.0739 lsst_hardware_i 17.467227309809452 31.1299991607666 31.229999542236328 AB 6.814141042836938 1.2064697313795492
61321.0848 lsst_hardware_z 47.886450160144285 42.81999969482422 30.940000534057617 AB 10.876041514240168 1.2012637204391032
61325.1637 lsst_hardware_i 24.02108590239364 32.02000045776367 31.219999313354492 AB 7.606197706523836 1.2592695079921363
61325.1748 lsst_hardware_z 64.97520374953591 44.470001220703125 30.920000076293945 AB 7.8465953312109695 1.2798926703802147
61326.158 lsst_hardware_i -29.442966224058477 31.760000228881836 31.219999313354492 AB 7.315232516458772 1.254308640387301
61326.1697 lsst_hardware_u -1.1432435493439432 2.569999933242798 28.280000686645508 AB 8.500558097718955 1.2752112357814211
61328.1617 lsst_hardware_g 17.062226877422457 13.289999961853027 31.31999969482422 AB 7.913324972786188 1.270366550815174
61328.1729 lsst_hardware_r 4.934343330465733 22.969999313354492 31.440000534057617 AB 8.486130263289928 1.293091771123008
61332.1428 lsst_hardware_z 34.76807312804742 68.88999938964844 31.690000534057617 AB 4.6322652684316115 1.2562643107299616
61334.1418 lsst_hardware_z 50.726543094279414 53.20000076293945 30.950000762939453 AB 3.360833347154607 1.2639463509419355
61334.153 lsst_hardware_r 78.66029354200256 56.060001373291016 31.579999923706055 AB 3.373801923640631 1.2855843732910321
61337.1412 lsst_hardware_i 58.075860496341036 61.9900016784668 31.280000686645508 AB 3.632441759493281 1.2782411399642057
61337.1524 lsst_hardware_z 73.18225722933663 60.13999938964844 30.940000534057617 AB 3.7345369202360628 1.3022533066815667
61340.143 lsst_hardware_i -19.55289686225702 62.59000015258789 31.280000686645508 AB 4.846026840769756 1.2994932310444038
61340.1537 lsst_hardware_z 13.069269153899512 60.099998474121094 30.950000762939453 AB 4.779506111385937 1.3254927972413046
61342.1469 lsst_hardware_g 41.51487065889518 49.90999984741211 31.600000381469727 AB 3.8198453967821338 1.3220507833809878
61342.1567 lsst_hardware_r 25.540574132076276 54.040000915527344 31.559999465942383 AB 3.8421030018011475 1.3485795022117049
61343.0846 lsst_hardware_g 12.248645606573623 13.630000114440918 31.3799991607666 AB 7.316014379795681 1.2193357299659469
61343.0958 lsst_hardware_r 6.987525490861686 23.149999618530273 31.469999313354492 AB 7.390248246239023 1.231708041039837
61348.005 lsst_hardware_y -118.48976182610286 73.80999755859375 30.020000457763672 AB 5.775305706504418 1.2038574985765185
61348.0094 lsst_hardware_r -23.26216153465128 28.190000534057617 31.520000457763672 AB 5.7178902982621365 1.2019107970001688
