data/validation/pwv_sim_epoch_fit_epoch/30046392.ecsv
# %ECSV 0.9
# ---
# datatype:
# - {name: time, datatype: float64}
# - {name: band, datatype: string}
# - {name: flux, datatype: float64}
# - {name: fluxerr, datatype: float64}
# - {name: zp, datatype: float64}
# - {name: zpsys, datatype: string}
# - {name: pwv, datatype: float64}
# - {name: airmass, datatype: float64}
# meta: {SNID: '30046392', alt: 1024.0, c: -0.07096128910779953, dec: -3.732834, lat: -30.244573, lon: -70.7499537, ra: 215.15625, t0: 62188.20703125,
#   x0: 4.576906368373035e-06, x1: 1.0169837474822998, z: 0.6356045007705688}
# schema: astropy-2.0
time band flux fluxerr zp zpsys pwv airmass
62181.2291 lsst_hardware_i 2121.7269542576482 70.42544403659726 31.84000015258789 AB 4.725571503056566 2.1088455945212776
62181.256 lsst_hardware_z 1584.1941735724245 80.35409133201134 31.639999389648438 AB 5.759794014928277 1.6866984279159383
62183.3439 lsst_hardware_r 1586.9096253431962 47.58864512104197 31.489999771118164 AB 4.274494527752893 1.1587136155469742
62183.3629 lsst_hardware_y 439.1921033310732 51.63097181318612 30.020000457763672 AB 4.084161410605001 1.129625614881731
62185.3772 lsst_hardware_r 1720.0895645731662 48.09551550541205 31.510000228881836 AB 5.128797565361289 1.1167768242485117
62185.3947 lsst_hardware_y 355.61100642598154 76.75418172458312 30.040000915527344 AB 5.139815992571073 1.1194197958338392
62187.3393 lsst_hardware_z 1899.631382955995 74.92209737971116 31.690000534057617 AB 4.349938605535948 1.1471104992073702
62187.3679 lsst_hardware_y 790.7077718312567 73.35859463628003 30.770000457763672 AB 4.2282599671564745 1.1179464946432314
62189.3707 lsst_hardware_u 0.15193932777585303 2.9247811682910396 28.40999984741211 AB 10.44325060242075 1.116208914324578
62189.3892 lsst_hardware_y 424.7363086106931 54.75066889767771 30.030000686645508 AB 9.685272301859992 1.1229084232412891
62195.3475 lsst_hardware_r 1674.9027969248607 98.74551328447049 31.639999389648438 AB 5.361431265885747 1.1174304430774795
62195.3656 lsst_hardware_z 1037.1352088551764 71.87436782599366 30.979999542236328 AB 5.288176739928204 1.1185398424045698
62197.3446 lsst_hardware_r 1373.5739834959284 113.27394579852316 31.639999389648438 AB 3.5735607184842255 1.1167377245263204
62197.3627 lsst_hardware_i 1070.1059055881656 92.24300091459251 31.329999923706055 AB 3.5834529549526652 1.1198290484227078
62198.2956 lsst_hardware_z 935.7762311622713 82.48287955292724 30.979999542236328 AB 7.080053587470272 1.1747714087145265
62198.3134 lsst_hardware_i 1173.7324955776924 92.15510686068511 31.31999969482422 AB 6.88368709312745 1.1405802730835426
62201.3482 lsst_hardware_z 1766.6747609602915 83.47426057906603 31.709999084472656 AB 8.00338919599688 1.1181041067332884
62203.3404 lsst_hardware_r 1060.5933308731794 43.49784053650632 31.540000915527344 AB 9.102993066049576 1.117274386750485
62203.3578 lsst_hardware_i 932.2326209898614 46.228927415488016 31.25 AB 9.233773723507348 1.129133774388719
62205.3395 lsst_hardware_z 809.3932459191356 50.90627336426306 30.940000534057617 AB 9.473990401990585 1.1191074223716329
62205.3596 lsst_hardware_u -2.5979292080048957 3.005221458296947 28.420000076293945 AB 9.554213666605257 1.1380725226001882
62207.3096 lsst_hardware_r 759.6000207258809 36.78721207209044 31.5 AB 8.41821149242761 1.119666355313907
62207.329 lsst_hardware_g 96.67473600324035 18.198050371079475 31.440000534057617 AB 8.37011388971991 1.1171323176136247
62209.3122 lsst_hardware_r 696.6904192245859 35.176742329909175 31.489999771118164 AB 11.829522154422698 1.1166598427761325
62209.3314 lsst_hardware_i 768.0860715487615 41.605189153187396 31.229999542236328 AB 11.818794339885265 1.1206897724146794
62210.308 lsst_hardware_z 699.8083089745377 49.627673888412474 30.940000534057617 AB 9.271101889712574 1.1170002276762137
62210.3278 lsst_hardware_i 646.7892854211526 41.54391159559107 31.25 AB 9.29736690326844 1.1201646871407758
62212.3065 lsst_hardware_u -1.7848900932637508 3.1090776721006597 28.43000030517578 AB 9.045883617608801 1.116293406257642
62212.3259 lsst_hardware_g 110.02307636425465 18.08376955244875 31.43000030517578 AB 9.125543520601179 1.1225221133650505
62215.3061 lsst_hardware_r 425.0132795730136 32.1082098001934 31.520000457763672 AB 5.358206583913629 1.1168553439572624
62215.3257 lsst_hardware_i 610.0279172289398 40.11582126401335 31.260000228881836 AB 5.408201459297098 1.1298471015244695
62219.2689 lsst_hardware_r 309.6290628620949 30.47578212218497 31.510000228881836 AB 6.895183449610668 1.1253767667064953
62219.2896 lsst_hardware_g 49.079404766632884 15.939199956479868 31.450000762939453 AB 6.822426627387115 1.1161890674280528
62221.2867 lsst_hardware_i 364.38166486618087 38.037182392471635 31.25 AB 7.925937611526327 1.116329241060046
62221.3044 lsst_hardware_z 613.5008166658918 48.10289364533446 30.950000762939453 AB 7.110006794023365 1.125001075003697
62225.2795 lsst_hardware_z 458.32140570768456 93.82087864211002 30.989999771118164 AB 7.552253572711212 1.1170320326447885
62225.2985 lsst_hardware_r 475.5416217176892 137.89063880812247 31.639999389648438 AB 7.217605595532522 1.129957823175387
62227.2758 lsst_hardware_i 445.3864908957055 106.0446214018461 31.329999923706055 AB 5.156845217219668 1.1175710215747312
62227.294 lsst_hardware_r 285.9508865110161 126.50760357051104 31.639999389648438 AB 5.7527287813984005 1.1310353957037897
62229.2832 lsst_hardware_z 849.5347671485245 83.85715489474403 31.719999313354492 AB 6.70390575025618 1.1255718183774646
62231.2463 lsst_hardware_g -8.210669354796403 33.62697435628615 31.6299991607666 AB 7.87463122484963 1.1185555717116118
62231.2648 lsst_hardware_r 263.8086741344695 39.17406561167822 31.579999923706055 AB 7.639528173802277 1.1175436181688865
62233.2477 lsst_hardware_i 254.62110449940627 36.31042518155405 31.25 AB 9.663557288324274 1.1164751115379536
62233.2662 lsst_hardware_z 429.7000144227486 46.73054744029985 30.940000534057617 AB 8.967137979848163 1.1208922474810203
62237.256 lsst_hardware_r 152.25444608876458 27.061186774326377 31.5 AB 3.839919379838299 1.1213626145736297
62237.2728 lsst_hardware_z 283.55709402055453 46.27960798911692 30.940000534057617 AB 3.933466098588899 1.1388696902732902
62241.1786 lsst_hardware_i 152.3093642882371 35.193606523902645 31.229999542236328 AB 11.620843542585792 1.1738225800591708
62241.1957 lsst_hardware_r 156.19167919223074 26.88924246789144 31.489999771118164 AB 11.296147619958708 1.141025012117041
62243.2359 lsst_hardware_u 5.214805806630905 3.0954461898121894 28.469999313354492 AB 14.797796871111911 1.1191799176457353
62243.2527 lsst_hardware_g 31.072262154524495 15.649988182148395 31.450000762939453 AB 15.278058643178488 1.133891839333419
62245.2302 lsst_hardware_r 128.20654989020431 27.021772660150873 31.520000457763672 AB 10.061933492944119 1.1190598618620484
62245.2475 lsst_hardware_i 139.1338293230647 34.773617040782064 31.25 AB 10.207222502238135 1.1342198498671905
62247.2251 lsst_hardware_z 266.0248357830881 45.329156173625194 30.950000762939453 AB 8.913639714625145 1.1192415513090337
62247.2412 lsst_hardware_r 79.05089101261213 26.789768193545655 31.510000228881836 AB 9.021389971536095 1.1331743636656388
62249.2195 lsst_hardware_z 113.95141025285729 47.392814441099766 30.950000762939453 AB 5.099314320593812 1.1191706022227412
62249.2358 lsst_hardware_g 16.282258132941248 16.282376818071516 31.459999084472656 AB 5.0200086869614395 1.1332487582734578
62251.2246 lsst_hardware_r 101.77856955254812 69.51517250495877 31.6299991607666 AB 14.312200674159506 1.1269449349731895
62251.2415 lsst_hardware_z 218.9308816936682 59.40726406417279 30.969999313354492 AB 14.603556491328984 1.14988633789992
62253.1927 lsst_hardware_i 121.85766571045944 108.84971316435659 31.329999923706055 AB 3.971630698571559 1.1165413701032847
62253.2108 lsst_hardware_r -44.13430890546795 137.6394620849107 31.639999389648438 AB 3.234879667604781 1.120401651261445
62255.1986 lsst_hardware_z 519.1960273636829 140.49372104828439 31.739999771118164 AB 10.943645601744604 1.1173256012807804
62258.1926 lsst_hardware_r 11.005982496316907 59.826403912318874 31.6200008392334 AB 8.821898418983546 1.1181113332045052
62258.2099 lsst_hardware_i 99.33660643520068 52.79296957442016 31.299999237060547 AB 9.022626790605486 1.1316594877164436
62260.1946 lsst_hardware_z 184.58263035471145 47.25439998510151 30.950000762939453 AB 10.338904929608471 1.1223402581375723
62260.2131 lsst_hardware_r 33.88524672043143 38.77955893254951 31.56999969482422 AB 10.91998842669918 1.1435141553693051
62262.1856 lsst_hardware_u -3.762021061909354 2.8047893544765206 28.43000030517578 AB 3.6429085875084057 1.1200333858596174
62262.2043 lsst_hardware_g 3.5465244546272205 15.588700971852363 31.440000534057617 AB 3.723555193004778 1.1385278070646012
62265.1798 lsst_hardware_r 41.29909671271987 25.931383140259975 31.510000228881836 AB 8.620100535627966 1.1215327264673387
62265.1986 lsst_hardware_u 2.7257970592289738 2.968375536149496 28.510000228881836 AB 8.693270227511293 1.1421981641717638
62267.1516 lsst_hardware_u -8.246398739503023 2.9614621575723383 28.5 AB 8.626597748651557 1.1172178655250349
62267.1701 lsst_hardware_g -5.898915262734617 15.794458014661538 31.450000762939453 AB 8.706923788562323 1.1190459843066989
62269.1195 lsst_hardware_r 117.29105027134484 36.50194832168414 32.25 AB 7.325675151114302 1.140656327053662
62269.1411 lsst_hardware_i 166.2209956235389 47.63470371964484 32.0 AB 7.830035797401525 1.1192560908267912
62271.1222 lsst_hardware_z 52.520149118328284 42.970001220703125 30.940000534057617 AB 7.3759888559827145 1.130102222514652
62271.1413 lsst_hardware_r 36.11316554125268 24.469999313354492 31.510000228881836 AB 7.765309103487697 1.1170427864044095
62276.1197 lsst_hardware_z -34.50082118162726 43.279998779296875 30.940000534057617 AB 9.17575290341855 1.1205429744466193
62276.1408 lsst_hardware_g 29.08515947841722 16.729999542236328 31.459999084472656 AB 8.602352522888824 1.117188639336211
62281.1087 lsst_hardware_r -69.43619296798138 112.66999816894531 31.639999389648438 AB 6.422922680611824 1.1190735570366448
62281.1302 lsst_hardware_y 19.292559535504008 62.09000015258789 30.030000686645508 AB 6.3103616461562755 1.1182801410894974
62284.0907 lsst_hardware_z 46.54544987348277 111.54000091552734 31.729999542236328 AB 8.58984825490421 1.1260452158493994
62287.0937 lsst_hardware_z -107.43454759857558 50.560001373291016 30.959999084472656 AB 9.771334215111747 1.11842818181363
62287.1177 lsst_hardware_r 47.3733090845394 54.63999938964844 31.6200008392334 AB 9.893279535980508 1.1202475506885152
62290.0937 lsst_hardware_u 1.2107513592117305 2.7899999618530273 28.450000762939453 AB 10.089803028913796 1.1162830069327945
62290.114 lsst_hardware_g -10.175154120577943 15.140000343322754 31.440000534057617 AB 10.165381694047804 1.123339690476888
62303.0524 lsst_hardware_i -46.11148891664381 32.279998779296875 31.25 AB 9.725959682757804 1.1175089400807519
62303.0744 lsst_hardware_r 20.866852053160972 24.350000381469727 31.5 AB 9.813188284435867 1.1204827910978927
62307.0473 lsst_hardware_r 6.1556004747780975 49.52000045776367 31.6200008392334 AB 4.151835406293229 1.1162848376840826
62307.0708 lsst_hardware_i -34.93890402777368 46.869998931884766 31.290000915527344 AB 4.257048215853478 1.126103928009914
62309.0525 lsst_hardware_z 47.62181953943745 72.69000244140625 30.979999542236328 AB 3.3511399490716163 1.1177918442533743
62309.0753 lsst_hardware_r -253.69422655382672 93.94000244140625 31.6299991607666 AB 3.3530809958205543 1.1376016949348386
62311.0573 lsst_hardware_z 145.25882490646515 146.1999969482422 32.4900016784668 AB 3.821114772816028 1.1238572861223612
62324.0349 lsst_hardware_r -0.41035886241751196 24.760000228881836 31.5 AB 3.4151518692089944 1.138383956402998
62324.0658 lsst_hardware_i 5.902533274444578 32.86000061035156 31.229999542236328 AB 3.848567137672349 1.2061322969983856
62325.9715 lsst_hardware_y -97.10956121091026 49.279998779296875 30.020000457763672 AB 3.495265413786208 1.1306964541159452
62326.0178 lsst_hardware_z 107.9998049595121 75.0199966430664 32.13999938964844 AB 2.789955277731734 1.125095383700669
62326.0506 lsst_hardware_r 60.44145357858372 35.560001373291016 32.25 AB 3.3322482211261537 1.1792438188537453
62328.9686 lsst_hardware_y 26.753587026186796 50.06999969482422 30.030000686645508 AB 11.931429517481602 1.1253499926100121
62328.9898 lsst_hardware_u 4.958957400711218 2.8299999237060547 28.440000534057617 AB 11.854690869676801 1.1162083583331053
62547.3764 lsst_hardware_z 31.034205149741865 63.7400016784668 31.700000762939453 AB 3.183382366708577 1.120909284052316
62551.3702 lsst_hardware_i -48.17744785302488 76.94000244140625 31.31999969482422 AB 3.534517718802141 1.1183708009393722
62551.3871 lsst_hardware_y 23.94548502368824 60.7599983215332 30.040000915527344 AB 2.414372614118791 1.117118618447098
62553.3716 lsst_hardware_i -58.33788785366168 80.18000030517578 31.31999969482422 AB 6.436929259454527 1.1163918357198197
62553.3886 lsst_hardware_y -72.47969228200564 61.36000061035156 30.030000686645508 AB 5.827134780921911 1.1201540628123818
62555.3716 lsst_hardware_z -4.340768949735817 65.18000030517578 30.979999542236328 AB 10.95453640270356 1.1162531574372703
62555.3886 lsst_hardware_y 53.58071145045819 58.11000061035156 30.030000686645508 AB 10.902852517023764 1.1240054141261613
62558.3432 lsst_hardware_r -33.38527540109344 29.3799991607666 31.540000915527344 AB 7.499289413422739 1.123152525598733
62558.3611 lsst_hardware_i 23.311508503749703 34.45000076293945 31.260000228881836 AB 7.562233139588868 1.1161555868180315
62560.3443 lsst_hardware_z 1.4740636081536465 42.86000061035156 30.950000762939453 AB 5.318256271264124 1.118985065754379
62560.3621 lsst_hardware_u -0.639003435030097 2.930000066757202 28.469999313354492 AB 5.3183017317137855 1.1169969507406219
62562.3454 lsst_hardware_g -1.905896446153783 15.210000038146973 31.440000534057617 AB 3.5733647980698544 1.1166764993968294
62562.3643 lsst_hardware_r 48.71887449230639 24.290000915527344 31.489999771118164 AB 3.584997291826224 1.120311653695695
62564.3429 lsst_hardware_i 44.04794561099886 31.860000610351562 31.229999542236328 AB 8.165092288291083 1.1162376388103283
62564.3608 lsst_hardware_z -17.416443511380862 42.900001525878906 30.940000534057617 AB 8.35932091073507 1.1215672237929857
62565.3378 lsst_hardware_i 57.39506718123725 31.90999984741211 31.229999542236328 AB 10.801308722548987 1.116558596464558
62565.3564 lsst_hardware_u -4.712993762759623 2.700000047683716 28.3700008392334 AB 10.83846637929323 1.12048654805058
62567.3437 lsst_hardware_g -15.473129587489638 14.989999771118164 31.420000076293945 AB 9.607893782568114 1.1171969514614086
62567.3624 lsst_hardware_r 12.409838724419544 24.219999313354492 31.479999542236328 AB 9.721217694941872 1.1303741505746363
62569.3382 lsst_hardware_i 10.381273595934683 31.8799991607666 31.229999542236328 AB 7.70112772199617 1.1171848726300053
62569.3586 lsst_hardware_r -11.562287172144666 24.149999618530273 31.479999542236328 AB 7.713466959984279 1.132293582881498
62573.3098 lsst_hardware_z -112.62792054361545 42.599998474121094 30.940000534057617 AB 15.344347378665265 1.1185149527036866
62573.329 lsst_hardware_u 0.5181651503456571 2.700000047683716 28.3700008392334 AB 15.356604741474829 1.1177585108889156
62576.3109 lsst_hardware_g -0.17436575304764654 15.119999885559082 31.440000534057617 AB 8.582052785505692 1.116183096798009
62576.3297 lsst_hardware_r -17.081789746702995 24.25 31.5 AB 8.737888072843276 1.1227610758552233
62577.3141 lsst_hardware_i -27.43499731857038 49.25 31.290000915527344 AB 8.980985446729035 1.1166213411325203
62577.3308 lsst_hardware_z -4.078574034724139 50.08000183105469 30.950000762939453 AB 9.034304748324793 1.1259805257462197
62579.3069 lsst_hardware_i 23.308723146089946 84.66000366210938 31.31999969482422 AB 6.1398539303291795 1.116337078241669
62579.3255 lsst_hardware_z 17.559982743691872 73.61000061035156 30.979999542236328 AB 6.193711077171633 1.1261292867584787
62581.2614 lsst_hardware_z 75.48530645983446 93.0 30.989999771118164 AB 5.084109218152014 1.1461021682037904
62581.2812 lsst_hardware_r 270.4681732412323 134.85000610351562 31.639999389648438 AB 5.026192091476726 1.1225442973705697
62583.3101 lsst_hardware_i -99.54512791474822 77.63999938964844 31.31999969482422 AB 6.916954034314969 1.1223962625998083
62583.3296 lsst_hardware_r 69.80000053757789 96.18000030517578 31.6299991607666 AB 7.070399595785961 1.1452821893230778
62585.2422 lsst_hardware_z -56.856826783778594 70.79000091552734 31.700000762939453 AB 8.150606233451278 1.161468647445875
