data/validation/pwv_sim_epoch_fit_epoch/30046392.ecsv
# %ECSV 0.9
# ---
# datatype:
# - {name: time, datatype: float64}
# - {name: band, datatype: string}
# - {name: flux, datatype: float64}
# - {name: fluxerr, datatype: float64}
# - {name: zp, datatype: float64}
# - {name: zpsys, datatype: string}
# - {name: pwv, datatype: float64}
# - {name: airmass, datatype: float64}
# meta: {SNID: '30046392', alt: 1024.0, c: -0.07096128910779953, dec: -3.732834, lat: -30.244573, lon: -70.7499537, ra: 215.15625, t0: 62188.20703125,
#   x0: 4.576906368373035e-06, x1: 1.0169837474822998, z: 0.6356045007705688}
# schema: astropy-2.0
time band flux fluxerr zp zpsys pwv airmass
[from data line 133]
62593.3222 lsst_hardware_g 18.936761080046047 15.069999694824219 31.389999389648438 AB 10.456646622196006 1.1877379121438774
62595.2594 lsst_hardware_g 27.020908653850142 15.220000267028809 31.420000076293945 AB 7.073510670904723 1.1161651595157565
62595.279 lsst_hardware_r -60.722479513818655 24.399999618530273 31.489999771118164 AB 7.220096658446148 1.1236775812379713
62597.2468 lsst_hardware_i 16.499301066908707 32.08000183105469 31.239999771118164 AB 16.606628468893877 1.117513860314528
62597.2657 lsst_hardware_r -6.64402555638225 24.3700008392334 31.5 AB 16.33284158972799 1.1186877801183557
62601.2586 lsst_hardware_i -26.28303647812206 32.2400016784668 31.239999771118164 AB 4.50275599940472 1.1207855630129981
62601.2757 lsst_hardware_z -88.80759706293205 43.369998931884766 30.940000534057617 AB 4.704078382282575 1.1380834795844939
62605.2343 lsst_hardware_z -56.75282818385267 72.38999938964844 31.719999313354492 AB 7.350004047888782 1.1161878608267048
62607.1862 lsst_hardware_r -79.66217924301223 137.8800048828125 32.380001068115234 AB 19.697458610619776 1.1534946189045137
62607.2042 lsst_hardware_z 89.43317915589344 98.55000305175781 31.729999542236328 AB 19.28335481380123 1.1278134760674483
62609.2288 lsst_hardware_r 69.42513152469088 164.5500030517578 31.649999618530273 AB 13.283003451073052 1.1171262469013807
62609.2473 lsst_hardware_y 20.385391188986375 76.37000274658203 30.040000915527344 AB 13.422942524485503 1.1298931683513098
62615.1437 lsst_hardware_i -4.211251526471259 33.02000045776367 31.239999771118164 AB 11.52123785663548 1.2032100803239698
62615.1678 lsst_hardware_z -64.13268223272222 44.66999816894531 30.940000534057617 AB 9.09488542743315 1.1473903755211585
62617.2194 lsst_hardware_r 1.836146134147032 24.829999923706055 31.5 AB 6.645439275269588 1.1240594173324743
62617.2392 lsst_hardware_u -2.9654157729802693 2.869999885559082 28.420000076293945 AB 6.839174762405285 1.1493767456846034
62619.1886 lsst_hardware_u -1.9180935906617103 2.7200000286102295 28.360000610351562 AB 2.56200796309503 1.1169517005318932
62619.2072 lsst_hardware_g 13.001002088331362 15.489999771118164 31.43000030517578 AB 2.565270119378158 1.1194720136932832
62621.1878 lsst_hardware_r -35.643483874167764 24.729999542236328 31.5 AB 12.184682286470805 1.1161967055051694
62621.206 lsst_hardware_z 50.496447726045375 42.970001220703125 30.940000534057617 AB 12.360208023958304 1.1221420833081122
62624.1881 lsst_hardware_r 12.273268916220061 24.799999237060547 31.510000228881836 AB 12.848947600038503 1.117202643251761
62624.2047 lsst_hardware_u 2.341738722489376 2.869999885559082 28.479999542236328 AB 13.070719915960261 1.128147757289855
62626.1869 lsst_hardware_g -11.97933945662485 15.470000267028809 31.450000762939453 AB 10.374157864104706 1.1188694849120693
62626.2053 lsst_hardware_r -10.08759766621006 24.780000686645508 31.5 AB 10.376220974425149 1.1351918357229365
62628.1827 lsst_hardware_i -44.5172979172749 32.25 31.25 AB 7.156017964971432 1.1195126208155555
62628.2 lsst_hardware_z -40.340746517774676 43.08000183105469 30.940000534057617 AB 7.266570860919089 1.1354016970186076
62630.086 lsst_hardware_g 0.5047352268640012 17.889999389648438 31.43000030517578 AB 10.85661888470614 1.2623975447332723
62630.1009 lsst_hardware_i 38.637824655731734 33.58000183105469 31.229999542236328 AB 10.308132991572112 1.2088342965646877
62632.1854 lsst_hardware_z -54.16866638122009 44.56999969482422 30.950000762939453 AB 8.801608084822956 1.1309002400354924
62632.2061 lsst_hardware_r 12.51136753998174 24.760000228881836 31.5 AB 9.081350284467016 1.1646365157324754
62635.1087 lsst_hardware_r -95.62925209535666 82.87999725341797 31.6200008392334 AB 7.0726805355593525 1.155477950589667
62635.1271 lsst_hardware_y 146.2578713864673 55.599998474121094 30.030000686645508 AB 7.051890762984533 1.128483079370187
62638.1263 lsst_hardware_z -112.17519084956754 99.44999694824219 30.989999771118164 AB 9.026638331022445 1.1220184376659348
62638.1491 lsst_hardware_r -132.81260852499634 152.02999877929688 31.639999389648438 AB 9.028034349370364 1.116985381920243
62640.0526 lsst_hardware_i 8.797419945132031 77.66000366210938 31.280000686645508 AB 10.4893064182564 1.2889292723342998
62640.0634 lsst_hardware_z -69.70940354739659 69.55000305175781 30.959999084472656 AB 10.128818123709067 1.2438426644477707
62643.1099 lsst_hardware_r 15.374678518639044 32.0099983215332 31.549999237060547 AB 5.217883506568413 1.1241400732283833
62643.1282 lsst_hardware_z 55.803972719413956 45.650001525878906 30.950000762939453 AB 5.517253006973382 1.1161749963531016
62645.104 lsst_hardware_g -7.658911079739653 15.130000114440918 31.43000030517578 AB 9.742943308218015 1.1245101442590901
62645.1229 lsst_hardware_i -2.146155369057918 31.90999984741211 31.239999771118164 AB 9.672348000299719 1.1161689426048835
62647.1085 lsst_hardware_z 25.274724206786903 42.880001068115234 30.950000762939453 AB 7.169311758813105 1.1181957044081892
62647.1267 lsst_hardware_r 17.010744929829464 24.450000762939453 31.510000228881836 AB 6.5387250642707 1.1176670954824284
62651.0784 lsst_hardware_r -0.5634795033314752 24.420000076293945 31.5 AB 12.403766619204042 1.1342660709801737
62651.0981 lsst_hardware_u 3.176473034406464 2.7899999618530273 28.440000534057617 AB 13.506650068610977 1.117984485761902
62653.0702 lsst_hardware_g 25.814151732754205 15.029999732971191 31.40999984741211 AB 8.342794469500799 1.1379124077518707
62653.0881 lsst_hardware_r 18.47291179118378 24.219999313354492 31.489999771118164 AB 8.179881741355134 1.1202248344775587
62656.0753 lsst_hardware_i 34.780102727446426 31.8799991607666 31.239999771118164 AB 12.889778031411412 1.1234145794889512
62656.0928 lsst_hardware_z -78.73427236176997 42.4900016784668 30.940000534057617 AB 12.851530737707144 1.1161736800573634
62677.0397 lsst_hardware_r 0.9446631169620271 24.459999084472656 31.5 AB 5.682462623089523 1.11639737192324
62677.0613 lsst_hardware_z -37.04089928484493 42.81999969482422 30.940000534057617 AB 5.340477289780051 1.1295425739805525
62679.0012 lsst_hardware_i 9.402325975388518 32.2400016784668 31.239999771118164 AB 9.285612507478332 1.13522984381421
62679.0212 lsst_hardware_r -16.320668194724636 24.5 31.489999771118164 AB 9.148311897947181 1.1181704941572062
62681.0063 lsst_hardware_u 2.2647160863076508 2.740000009536743 28.3799991607666 AB 5.151365426938964 1.124016021588253
62681.0272 lsst_hardware_g -33.49787832413797 15.4399995803833 31.440000534057617 AB 5.2099892916962265 1.1162269505507179
62683.009 lsst_hardware_r 21.659483270953668 24.440000534057617 31.489999771118164 AB 9.112386914551866 1.118736308222834
62683.0293 lsst_hardware_i -27.166003741370066 32.119998931884766 31.239999771118164 AB 9.118246865300623 1.1180145131104589
62689.0029 lsst_hardware_z 6.3812126856048 44.36000061035156 30.940000534057617 AB 3.3485182014028965 1.1161727338009655
62689.0254 lsst_hardware_g 23.517847083021746 23.200000762939453 31.559999465942383 AB 3.3791068779414206 1.1263689593138069
62695.9661 lsst_hardware_y -95.63562437706054 59.369998931884766 30.020000457763672 AB 9.751345272496996 1.1234053039492709
62695.9861 lsst_hardware_r -59.179392723755285 86.72000122070312 31.6299991607666 AB 9.668134193431303 1.1162193838748613
62697.968 lsst_hardware_y -63.24769791227197 52.84000015258789 30.020000457763672 AB 4.778962626529945 1.1187583206859022
62697.9876 lsst_hardware_r 107.00498742282016 59.68000030517578 31.6200008392334 AB 4.725777027701084 1.1177334502604268
62702.9638 lsst_hardware_y -69.88925247339102 58.459999084472656 30.030000686645508 AB 6.073710718748037 1.1162173582604822
62702.9825 lsst_hardware_i -25.257351821061707 32.81999969482422 31.25 AB 6.0672033351380215 1.1224475829683067
