data/validation/pwv_sim_epoch_fit_epoch/3014371.ecsv
# %ECSV 0.9
# ---
# datatype:
# - {name: time, datatype: float64}
# - {name: band, datatype: string}
# - {name: flux, datatype: float64}
# - {name: fluxerr, datatype: float64}
# - {name: zp, datatype: float64}
# - {name: zpsys, datatype: string}
# - {name: pwv, datatype: float64}
# - {name: airmass, datatype: float64}
# meta: {SNID: '3014371', alt: 1024.0, c: 0.0031022755429148674, dec: -32.266235, lat: -30.244573, lon: -70.7499537, ra: 66.09375, t0: 60529.7734375,
#   x0: 8.504309738814687e-06, x1: -0.05582241714000702, z: 0.4924848973751068}
# schema: astropy-2.0
time band flux fluxerr zp zpsys pwv airmass
60532.3696 lsst_hardware_g 766.2832423775153 30.838114125273474 31.31999969482422 AB 6.852071265315624 1.26890208616956
60532.3893 lsst_hardware_i 2172.155053817485 55.40956302852779 31.219999313354492 AB 7.114095562526825 1.1796206542810819
60534.368 lsst_hardware_z 1630.1978042677229 59.92163370780457 30.93000030517578 AB 5.854138731862454 1.2493271346674275
60534.3859 lsst_hardware_r 2757.5377461295407 56.68516050375163 31.469999313354492 AB 5.285789467788542 1.1716906550930544
60538.3612 lsst_hardware_r 2464.9210887271697 62.77807063078449 31.549999237060547 AB 5.462865049241242 1.2296134261980174
60538.3799 lsst_hardware_i 1966.0752823107173 53.934668699032805 31.239999771118164 AB 4.44225842491295 1.1537084968933102
60540.3656 lsst_hardware_z 1518.2276299418459 67.4325879096268 30.959999084472656 AB 2.763014536062825 1.1869893829074536
60540.3865 lsst_hardware_r 2452.552370880912 82.24404949068489 31.6299991607666 AB 2.0852860726605114 1.1149275027588932
60542.3457 lsst_hardware_r 2327.301847693619 95.67417731995198 31.610000610351562 AB 2.322970680714552 1.2516005822817569
60542.3633 lsst_hardware_z 1462.2191748293938 70.28597518694778 30.969999313354492 AB 2.2190872002646906 1.174586317461792
60545.3366 lsst_hardware_z 1195.1485204132455 64.22250165098924 30.950000762939453 AB 4.0295090313971995 1.2561466300401725
60545.3539 lsst_hardware_r 1800.2492928006716 72.9028693655118 31.610000610351562 AB 3.8062801839816087 1.179266813172036
60547.3675 lsst_hardware_r 3329.4243773127178 81.2844563717552 32.349998474121094 AB 2.783541403896446 1.114605474064247
60547.3936 lsst_hardware_y 881.7867835686416 73.89174965779156 30.799999237060547 AB 2.1185811280001783 1.0529291172500368
60548.3399 lsst_hardware_r 1358.3864304922904 50.81704868629623 31.549999237060547 AB 3.2738138788912763 1.202944655113458
60548.3581 lsst_hardware_i 1436.2142894848682 52.85174351128511 31.260000228881836 AB 3.1202708725189767 1.1351255220465568
60550.3416 lsst_hardware_z 1021.1471059717882 52.60022700215478 30.940000534057617 AB 8.237517556330253 1.1740487751907813
60550.3595 lsst_hardware_r 1162.660179369803 41.25365536928026 31.5 AB 7.850347781340572 1.1140512461694283
60556.3269 lsst_hardware_g 135.8605603222701 16.99167206658502 31.360000610351562 AB 2.69232800109011 1.1677004486439686
60556.3441 lsst_hardware_i 990.1866624845636 43.8889683145986 31.239999771118164 AB 2.230776958596826 1.1112213990519682
60558.3181 lsst_hardware_z 736.0384008710665 51.20781470960474 30.940000534057617 AB 0.8263343268288279 1.1804776097554686
60558.3347 lsst_hardware_r 599.7202825308109 32.88297683794914 31.469999313354492 AB 1.0062762777781387 1.122867336185388
60567.3204 lsst_hardware_r 346.884094336002 43.143501909176095 31.59000015258789 AB 1.9514851019511477 1.0939839868922325
60567.3372 lsst_hardware_i 607.0689299448544 44.969450184991324 31.290000915527344 AB 1.379902154065516 1.0563170355183844
60569.3356 lsst_hardware_r 416.4007662441788 67.21628386319834 31.639999389648438 AB 1.2144404817947643 1.0491926408588446
60569.3531 lsst_hardware_i 466.1432943775017 57.44599137924111 31.31999969482422 AB 1.1825480084358642 1.0234080557639367
60575.3278 lsst_hardware_r 348.0523915006927 54.75916032795045 31.639999389648438 AB 2.041605702594166 1.035253261404183
60575.3444 lsst_hardware_z 621.1206004904877 53.73704368414635 30.969999313354492 AB 1.8152979353773924 1.0152673016652083
60581.2744 lsst_hardware_u 1.671018952066689 3.484084224079886 28.309999465942383 AB 5.040206050866406 1.1154188663765567
60581.2934 lsst_hardware_g 32.21457755075604 13.925677667924349 31.360000610351562 AB 6.462584555331551 1.067592883687853
60583.2742 lsst_hardware_r 202.41770048122834 25.762479406442775 31.469999313354492 AB 5.229830433236131 1.100630747085822
60583.2932 lsst_hardware_i 287.8527129095763 34.68041563431337 31.239999771118164 AB 4.698406927067569 1.0569301725556919
60585.2162 lsst_hardware_r 153.74651954757115 26.2421380409803 31.440000534057617 AB 4.270447740796663 1.3173279064692414
60585.2371 lsst_hardware_i 202.6502363704007 35.53132999297006 31.229999542236328 AB 3.948224487098977 1.2106476004901805
60587.2244 lsst_hardware_z 422.5226238461336 47.27380072017622 30.93000030517578 AB 8.430052237549662 1.2439821304794418
60587.2457 lsst_hardware_i 245.49840398493654 34.88484950692172 31.229999542236328 AB 7.770767315064366 1.1552181340530876
60589.2156 lsst_hardware_u 5.239840393129756 2.9729949473955375 28.270000457763672 AB 5.194143772173572 1.260587021257775
60589.236 lsst_hardware_g 17.524299576291416 14.296645213350699 31.360000610351562 AB 4.756101811871836 1.170732753691678
60591.1994 lsst_hardware_i 200.6353630396116 36.046261580114 31.219999313354492 AB 4.33076669902049 1.3198191890554116
60591.2209 lsst_hardware_r 157.80083231170315 25.94943498813036 31.469999313354492 AB 3.758127165370309 1.2098598520308845
60593.22 lsst_hardware_z 673.9542905080643 66.463123815913 31.690000534057617 AB 4.2863621503844 1.1906561528845554
60595.1958 lsst_hardware_z 134.20106720122715 50.36649972351184 30.93000030517578 AB 8.490155609982981 1.2784453561185034
60595.2161 lsst_hardware_r 146.57818415826287 39.99235825270304 31.559999465942383 AB 6.871059144092978 1.184376082409716
60600.2086 lsst_hardware_z 299.02022130807694 67.73375278031392 30.969999313354492 AB 5.9108785735104075 1.1609876893709417
60600.2274 lsst_hardware_r 230.81610293481606 93.61562428278118 31.639999389648438 AB 5.559349578867275 1.1016793814946297
60602.2094 lsst_hardware_i 162.6831748024294 67.71750084332604 31.31999969482422 AB 1.2593036742220856 1.1392976546039233
60602.2284 lsst_hardware_r 138.24273935912424 81.25335268070518 31.649999618530273 AB 1.2180803935852984 1.085069016630163
60604.2086 lsst_hardware_z 204.1978585146493 53.0687913321888 30.959999084472656 AB 2.708508787378638 1.1244457861460175
60604.2272 lsst_hardware_g -32.60590259631305 53.36478485166108 31.700000762939453 AB 2.59360311128716 1.0750686471658926
60608.1933 lsst_hardware_i 1.390302572553644 30.889999389648438 31.239999771118164 AB 1.4620479517097196 1.1383711017720595
60608.2115 lsst_hardware_z -59.62168704792435 41.630001068115234 30.950000762939453 AB 1.405087423458795 1.0863378056517219
60610.1895 lsst_hardware_i -34.292264040385874 30.90999984741211 31.239999771118164 AB 2.3732160384663934 1.1329802857096087
60610.2068 lsst_hardware_u -1.1654704627871555 2.6600000858306885 28.43000030517578 AB 2.2372872410121216 1.0844824241452606
60612.1852 lsst_hardware_g 16.171295639855686 13.420000076293945 31.40999984741211 AB 5.799676950059819 1.1292938826623
60612.2026 lsst_hardware_r -20.55541107727559 22.25 31.5 AB 5.597634394534062 1.0814595043534803
60614.1984 lsst_hardware_i -7.15933804122911 30.309999465942383 31.25 AB 4.793399649738526 1.078501439923119
60614.2162 lsst_hardware_r 9.84236104056011 22.010000228881836 31.5 AB 5.132282124909095 1.0432704673472317
60616.178 lsst_hardware_z -9.123342830240606 42.060001373291016 30.950000762939453 AB 4.065286856104792 1.117911963729987
60616.1971 lsst_hardware_u -0.32211005316528174 2.7100000381469727 28.479999542236328 AB 3.9362189204702682 1.069188895958242
60619.131 lsst_hardware_g 7.750776073650117 13.3100004196167 31.309999465942383 AB 3.201968779046956 1.2745845335555315
60619.1472 lsst_hardware_r -11.654552355214292 22.68000030517578 31.459999084472656 AB 2.9999568156818124 1.198145569732518
60623.2031 lsst_hardware_z -50.88984257849286 41.63999938964844 30.959999084472656 AB 9.13259206374133 1.0265568657957955
60623.2213 lsst_hardware_g -1.9324846091755414 17.3799991607666 31.530000686645508 AB 9.139493340278754 1.0087740993684697
60627.1457 lsst_hardware_r 40.02559324314673 65.08000183105469 31.6200008392334 AB 5.607343440731157 1.1247680076352715
60627.1647 lsst_hardware_i -161.72587548204515 53.65999984741211 31.309999465942383 AB 5.369330620143301 1.074403325691506
60628.1292 lsst_hardware_i -151.44370806983844 64.91999816894531 31.299999237060547 AB 4.893485094096434 1.171951884587847
60628.1474 lsst_hardware_z -25.88530620634155 59.369998931884766 30.969999313354492 AB 4.657119150304799 1.1115948245381917
60630.1293 lsst_hardware_r 90.08030894072951 95.13999938964844 31.6299991607666 AB 3.1605662794231906 1.1517049392085963
60630.1469 lsst_hardware_z 36.4585552085646 65.45999908447266 30.979999542236328 AB 2.98192229684763 1.0979095349218078
60632.1272 lsst_hardware_r -20.444330674667277 59.75 31.610000610351562 AB 5.379206412613118 1.1402663301776614
60632.1451 lsst_hardware_i -8.433721684255822 55.41999816894531 31.309999465942383 AB 5.263262677895069 1.088500484880935
60634.1125 lsst_hardware_i 13.729280750062218 31.25 31.229999542236328 AB 3.9887476987337624 1.1731610878628713
60634.1299 lsst_hardware_u -2.5776929952252288 2.5899999141693115 28.360000610351562 AB 3.1889786936219355 1.1148326144457037
60636.1342 lsst_hardware_r -20.841159160833467 22.049999237060547 31.479999542236328 AB 7.183752522013852 1.0884473518202806
60636.1519 lsst_hardware_z -58.01842462099351 40.970001220703125 30.950000762939453 AB 6.93387308286188 1.0505868307366486
60641.1302 lsst_hardware_r -31.49998191443241 22.020000457763672 31.479999542236328 AB 4.539319536946149 1.0662980217942724
60641.1471 lsst_hardware_i -35.44462445602881 29.899999618530273 31.25 AB 4.384471719159162 1.036007888744904
60643.1281 lsst_hardware_z 24.171762451296026 41.130001068115234 30.950000762939453 AB 5.53850557826785 1.0594434657869736
60643.1453 lsst_hardware_u -3.7873299571598094 2.630000114440918 28.440000534057617 AB 5.382919329079268 1.030766303619947
60647.0429 lsst_hardware_y -10.614417946013633 51.0 29.950000762939453 AB 4.651417510975613 1.3418840785583714
60647.0662 lsst_hardware_r 26.632985601435223 22.639999389648438 31.459999084472656 AB 4.215087765537757 1.2178228243476696
60649.0421 lsst_hardware_y -32.063733023790924 51.099998474121094 29.959999084472656 AB 4.2983337684405045 1.3135713250639482
60649.0637 lsst_hardware_z 66.20786541248695 43.040000915527344 30.940000534057617 AB 4.049670384749292 1.2048705679466318
60651.0431 lsst_hardware_y -43.231509251259716 51.15999984741211 29.959999084472656 AB 3.8839190243748045 1.2773948443923056
60651.0648 lsst_hardware_z 14.97040157754859 43.31999969482422 30.93000030517578 AB 3.5613988021378433 1.1781008277002458
60653.0444 lsst_hardware_y -95.29531578548504 51.18000030517578 29.979999542236328 AB 9.076543602377349 1.243021583453485
60653.0668 lsst_hardware_r 3.716197238322919 34.349998474121094 31.559999465942383 AB 8.573310635133065 1.1506641123555434
60655.0541 lsst_hardware_z -7.060248237372967 72.6500015258789 31.709999084472656 AB 16.000857766986133 1.1772405807643993
60657.0451 lsst_hardware_y -37.999685673597824 54.599998474121094 29.989999771118164 AB 9.411369335818755 1.1913125741542727
60657.0665 lsst_hardware_z 106.53036100361265 56.970001220703125 30.969999313354492 AB 8.821114349800418 1.1165967531392933
60659.0451 lsst_hardware_y 40.39062116006757 57.22999954223633 30.020000457763672 AB 11.703527301031949 1.1699019107588233
60659.0664 lsst_hardware_i -59.17718881998772 69.22000122070312 31.31999969482422 AB 11.023088300230112 1.101440588211346
60661.0449 lsst_hardware_y 57.45180187962865 51.400001525878906 30.010000228881836 AB 4.641703064663883 1.1508592486613836
60661.0672 lsst_hardware_i 5.160769756818958 45.439998626708984 31.290000915527344 AB 4.352758086456174 1.0853405027941248
60664.0476 lsst_hardware_y -24.504901364204446 49.72999954223633 30.020000457763672 AB 4.876036807025203 1.1159681432009487
60664.0704 lsst_hardware_g 31.61549724609438 12.920000076293945 31.3799991607666 AB 4.650740941509632 1.060159023177782
60666.0476 lsst_hardware_y -118.61929321436365 70.86000061035156 30.780000686645508 AB 5.372368297091624 1.100594433984923
60666.0706 lsst_hardware_i -14.186839364270769 42.18000030517578 32.0 AB 5.116872598870293 1.0494893121582634
60669.0448 lsst_hardware_y 120.80004059830651 51.90999984741211 30.040000915527344 AB 10.337264845575412 1.0867032689172575
60669.0672 lsst_hardware_r -40.419341476609446 21.579999923706055 31.479999542236328 AB 10.068403080993617 1.0413614398298172
60671.0462 lsst_hardware_y 7.328991714885889 51.540000915527344 30.049999237060547 AB 6.68375867527226 1.0707719761730632
60671.0681 lsst_hardware_z -1.443935845286118 40.65999984741211 30.959999084472656 AB 6.410233297131908 1.031800616557341
60673.0461 lsst_hardware_y 53.2876668429688 51.689998626708984 30.049999237060547 AB 9.092284836734041 1.0596142338063737
60673.0687 lsst_hardware_u 2.312848147279475 2.5999999046325684 28.420000076293945 AB 8.575998648746136 1.0239488959251146
60675.0451 lsst_hardware_y 46.387081736932686 50.790000915527344 30.049999237060547 AB 7.191070627617258 1.0511532281046227
60675.0657 lsst_hardware_r -24.90197915101433 21.43000030517578 31.479999542236328 AB 6.984524829697522 1.0211013703494973
60677.0452 lsst_hardware_y -83.87419792475028 52.58000183105469 30.049999237060547 AB 7.36767505985553 1.041612873683628
60677.0678 lsst_hardware_r -27.2323445685539 21.3700008392334 31.479999542236328 AB 6.866470446561569 1.0135510401340644
60679.0449 lsst_hardware_z 20.861802026169446 46.529998779296875 30.959999084472656 AB 2.343191960413631 1.0337231544782755
60679.0665 lsst_hardware_g 9.60801132528985 13.920000076293945 31.43000030517578 AB 2.2690521874321914 1.0101512242324726
60899.3658 lsst_hardware_z 20.945664610538635 54.75 30.950000762939453 AB 3.92378512563945 1.2638685144993531
60899.3854 lsst_hardware_r 20.991633860621423 62.0 31.6200008392334 AB 3.5524190544807297 1.176232786649985
60904.3444 lsst_hardware_u 2.7955333152119466 3.8399999141693115 28.56999969482422 AB 5.853755662149853 1.306058826896442
60904.3619 lsst_hardware_g -2.2469793573171524 20.739999771118164 31.520000457763672 AB 5.460068480250106 1.2171351939924446
60906.3653 lsst_hardware_i 24.00817182233252 31.5 31.229999542236328 AB 2.741618549762908 1.1800790056011656
60906.3832 lsst_hardware_r -14.846681429318044 22.790000915527344 31.489999771118164 AB 2.079178719199108 1.1186399134858902
60908.3679 lsst_hardware_u -0.2830791122349423 2.5999999046325684 28.360000610351562 AB 2.1275592096833758 1.1503429087231014
60908.3873 lsst_hardware_g 1.1064165142227913 13.239999771118164 31.389999389648438 AB 1.2014270640525484 1.092206421865953
60910.3588 lsst_hardware_r -0.5036635761886822 22.520000457763672 31.459999084472656 AB 2.3382910452773342 1.16332887824743
60910.3774 lsst_hardware_i 47.52377132026057 30.530000686645508 31.229999542236328 AB 2.515407901960166 1.1039753793988
60912.34 lsst_hardware_i 34.610607883880284 31.700000762939453 31.219999313354492 AB 2.431151214608924 1.2174017098692658
60912.3574 lsst_hardware_z -44.30650383287809 42.65999984741211 30.940000534057617 AB 2.2595785921551395 1.1488895854354337
60919.3007 lsst_hardware_i -0.35075222547140283 32.16999816894531 31.200000762939453 AB 2.062656722343428 1.3222158476560435
60919.3175 lsst_hardware_u 3.254037340474881 2.4800000190734863 28.229999542236328 AB 1.971429816997397 1.2329142070027497
60932.3297 lsst_hardware_r 19.306878618807456 32.33000183105469 31.56999969482422 AB 1.7247506661109866 1.0732735943439728
60932.3465 lsst_hardware_i -4.5983274904222045 35.0 31.270000457763672 AB 1.5237282909096008 1.0411535981616677
60936.3023 lsst_hardware_r 8.163206394492118 22.059999465942383 31.469999313354492 AB 2.1398685812139635 1.1156770496423167
60936.319 lsst_hardware_g 0.33282444016768675 12.960000038146973 31.3799991607666 AB 2.0715448858391987 1.0727834727287409
60938.3066 lsst_hardware_r -29.369163311442467 21.920000076293945 31.469999313354492 AB 7.215736494856127 1.0891677728086422
60938.3229 lsst_hardware_i 8.92132263884862 29.93000030517578 31.239999771118164 AB 6.8787882546794945 1.053682142662164
60943.2611 lsst_hardware_u -5.064650388757434 2.5399999618530273 28.290000915527344 AB 6.951397263872007 1.1928609633413998
