data/validation/pwv_sim_epoch_fit_epoch/3026934.ecsv
# %ECSV 0.9
# ---
# datatype:
# - {name: time, datatype: float64}
# - {name: band, datatype: string}
# - {name: flux, datatype: float64}
# - {name: fluxerr, datatype: float64}
# - {name: zp, datatype: float64}
# - {name: zpsys, datatype: string}
# - {name: pwv, datatype: float64}
# - {name: airmass, datatype: float64}
# meta: {SNID: '3026934', alt: 1024.0, c: -0.042280714958906174, dec: -31.03924, lat: -30.244573, lon: -70.7499537, ra: 208.300781, t0: 62982.734375,
#   x0: 6.695196881468709e-06, x1: 0.5229732990264893, z: 0.543655514717102}
# schema: astropy-2.0
time band flux fluxerr zp zpsys pwv airmass
62891.3074 lsst_hardware_u 1.0858379028798217 2.7100000381469727 28.309999465942383 AB 12.426666641580454 1.268027208324536
62891.3255 lsst_hardware_g -27.775646371127724 15.479999542236328 31.43000030517578 AB 11.610531410833977 1.184748103146324
62895.3126 lsst_hardware_r 2.8631081829644014 25.100000381469727 31.489999771118164 AB 13.197279349919109 1.1928126672016548
62895.3322 lsst_hardware_g -10.648255090892183 15.640000343322754 31.459999084472656 AB 12.45498516809234 1.1226438573529136
62897.3147 lsst_hardware_r 9.161671778378155 24.280000686645508 31.5 AB 12.455579687629806 1.1632575005958259
62897.334 lsst_hardware_i -20.88193836595901 31.610000610351562 31.25 AB 12.768969170028873 1.101604155723401
62908.2714 lsst_hardware_z -42.77847505530734 66.19999694824219 30.959999084472656 AB 4.470424599086784 1.2174358929974944
62908.2836 lsst_hardware_r -56.97687797576701 83.9800033569336 31.6200008392334 AB 4.31673590289908 1.167237450929245
62910.3251 lsst_hardware_i 16.52284116063663 61.34000015258789 31.329999923706055 AB 5.948135926526887 1.0435326186889275
62910.3449 lsst_hardware_r 41.38329557355286 71.22000122070312 31.65999984741211 AB 5.672727399515614 1.0170127109419382
62912.3199 lsst_hardware_z -65.25171655394075 44.83000183105469 30.959999084472656 AB 4.12588618683396 1.0430977402719206
62912.3384 lsst_hardware_g -33.588872306113494 31.84000015258789 31.670000076293945 AB 4.108228022938965 1.018085130522026
62914.312 lsst_hardware_r 3.388129899652129 24.850000381469727 31.520000457763672 AB 5.179111344474274 1.0472724476558926
62914.3325 lsst_hardware_i 11.46734615491998 31.350000381469727 31.260000228881836 AB 4.99360697085256 1.0185491509761817
62917.2979 lsst_hardware_i -34.84347517132911 31.399999618530273 31.260000228881836 AB 3.8461514501219582 1.058282523192321
62917.3187 lsst_hardware_z -20.878724872853887 41.380001068115234 30.959999084472656 AB 3.731898160046718 1.0250120833270913
62919.2059 lsst_hardware_g -9.893796452933852 14.829999923706055 31.31999969482422 AB 11.447844742666256 1.427071012870942
62919.2248 lsst_hardware_i -27.34217203444955 33.470001220703125 31.219999313354492 AB 10.544602972402123 1.3018028360990275
62921.2227 lsst_hardware_z 9.5446732117968 45.060001373291016 30.920000076293945 AB 10.717482860980676 1.2829931000156432
62921.2432 lsst_hardware_r 24.283686474516593 24.200000762939453 31.479999542236328 AB 9.943981759139067 1.1863495298424083
62923.2243 lsst_hardware_u 3.807692116475781 2.7200000286102295 28.3700008392334 AB 6.895153075511857 1.2463747914641985
62923.2457 lsst_hardware_g 23.617075466375248 14.600000381469727 31.40999984741211 AB 6.3921714986303355 1.1560474135453946
62927.2094 lsst_hardware_z 22.70318773797247 44.84000015258789 30.93000030517578 AB 4.252220318824687 1.2665469575530244
62927.2284 lsst_hardware_r 18.33461299067928 24.0 31.479999542236328 AB 3.7989487409752414 1.1800420607709385
62932.2148 lsst_hardware_i 18.220197960887017 60.459999084472656 31.299999237060547 AB 11.420280945312673 1.1798420316455058
62932.2373 lsst_hardware_z -39.649450013897535 56.349998474121094 30.969999313354492 AB 10.692853921668112 1.1047668198648055
62935.2175 lsst_hardware_r 57.97457433083409 114.66000366210938 31.6299991607666 AB 11.516201081638993 1.1402555610718799
62935.2384 lsst_hardware_z -15.541931555376758 75.7699966430664 30.989999771118164 AB 10.892787513512202 1.0808034509566324
62937.2063 lsst_hardware_y -8.743872387533662 62.11000061035156 30.020000457763672 AB 9.261568805482721 1.1603067909650113
62937.2276 lsst_hardware_r 107.92342248523727 109.66000366210938 31.649999618530273 AB 8.096487132817341 1.0941198828131542
62939.2177 lsst_hardware_i 37.76982363984992 57.529998779296875 31.309999465942383 AB 12.432843885773508 1.1061331017377032
62939.2366 lsst_hardware_z 85.51210534679545 55.599998474121094 30.979999542236328 AB 11.928343439205953 1.0607529254825883
62941.2234 lsst_hardware_r 22.433210161060376 34.099998474121094 31.579999923706055 AB 8.955550638501832 1.0775539211288316
62941.2458 lsst_hardware_g -37.13918766903342 29.360000610351562 31.649999618530273 AB 8.67439712719038 1.0350897490780326
62943.1778 lsst_hardware_u -0.06732885972959422 2.740000009536743 28.399999618530273 AB 8.278679618968406 1.2087722413503712
62943.1942 lsst_hardware_r -69.37078062764706 23.75 31.5 AB 7.843382246186076 1.145186486521547
62948.1721 lsst_hardware_r 64.43277569599844 23.90999984741211 31.5 AB 8.066459709944542 1.175997333519633
62948.1894 lsst_hardware_u -4.819482490666512 2.890000104904175 28.549999237060547 AB 7.687706610115078 1.1169121909218602
62952.1611 lsst_hardware_i -5.79057863273981 32.07326433128619 31.239999771118164 AB 8.116504851916739 1.1763050510024258
62952.179 lsst_hardware_z 8.27921215307477 42.49904682470084 30.950000762939453 AB 7.504565169870667 1.1153676249498314
62956.1591 lsst_hardware_r 17.31750023913819 28.368809898916357 31.530000686645508 AB 5.7426895205427275 1.1438481267886942
62956.1766 lsst_hardware_i 46.49743801165501 32.17616032727764 31.25 AB 5.18614475025432 1.0918582582380822
62960.1687 lsst_hardware_z 146.5082358903056 53.20962320283185 30.959999084472656 AB 5.01212460004683 1.0842887182361627
62960.186 lsst_hardware_r 223.9977400827632 61.72156646367948 31.639999389648438 AB 4.794602236173315 1.0480004887810168
62962.1565 lsst_hardware_r 449.8917558676734 103.64236873833902 31.649999618530273 AB 12.783768077515791 1.1017165577210144
62962.174 lsst_hardware_i 600.8853040391082 81.99710693200467 31.34000015258789 AB 14.644636433392392 1.0603603239006874
62965.1567 lsst_hardware_z 485.9513480736803 141.73810541000307 31.75 AB 7.5114190936347685 1.0803134033704542
62968.1601 lsst_hardware_r 1387.2231721485919 67.6258348264061 31.639999389648438 AB 6.649542397782819 1.0554829202829872
62968.1782 lsst_hardware_i 1007.104467244996 58.703734744336046 31.31999969482422 AB 6.672944557668168 1.026606855025872
62970.1623 lsst_hardware_z 819.5597452963999 50.94342049209244 30.959999084472656 AB 5.14920931741148 1.0418579586048504
62970.1816 lsst_hardware_r 1685.556405034936 49.612491022413664 31.559999465942383 AB 5.557716153352431 1.016500439570632
62973.0673 lsst_hardware_r 1869.264647113274 49.67639213566305 31.450000762939453 AB 19.945298579403204 1.364107552535864
62973.0904 lsst_hardware_z 1084.8893213536023 53.86118492377951 30.93000030517578 AB 17.55856476533484 1.233767286473932
62973.143 lsst_hardware_u 8.86578198619708 4.1071481231621405 28.5 AB 15.586065643782057 1.0623241379381159
62973.1673 lsst_hardware_g 798.5770963290487 32.29830013679133 31.469999313354492 AB 13.973792674303928 1.0231963589590711
62979.0671 lsst_hardware_z 1417.4898264025041 57.38154443153818 30.93000030517578 AB 6.4605215201520245 1.2682609972815124
62979.0867 lsst_hardware_r 2361.6070594003822 54.20630084507343 31.489999771118164 AB 5.579482680806022 1.1789715120562116
62988.0522 lsst_hardware_z 1361.3265235981191 62.481525989510594 30.950000762939453 AB 10.25619648179389 1.2209757716421297
62988.0729 lsst_hardware_r 2341.6258668025002 69.58432506736665 31.610000610351562 AB 9.575230698462962 1.139908416483686
62990.0611 lsst_hardware_y 341.9988904885932 58.92502372169488 30.020000457763672 AB 12.67990127304617 1.1621209122029301
62990.0804 lsst_hardware_r 2258.197020260993 97.43042107329526 31.639999389648438 AB 12.072458317098834 1.1007651495743875
62995.0498 lsst_hardware_i 1696.9252009238712 83.76636192136398 31.309999465942383 AB 10.29171702379867 1.1536290496906678
62995.0686 lsst_hardware_z 1157.6826915114973 73.68018837802514 30.979999542236328 AB 9.755340686474188 1.0958081442088845
63002.0527 lsst_hardware_z 904.7719398047379 51.75732450494748 30.940000534057617 AB 5.467990962173705 1.0875622221020744
63002.0737 lsst_hardware_i 1211.8524113301398 45.9861367263258 31.25 AB 5.279264672249713 1.0439002762864626
63005.0456 lsst_hardware_u 5.03575079881646 3.1459457110552926 28.3700008392334 AB 8.840357311764414 1.0848617157995453
63005.0648 lsst_hardware_g 123.8342929892294 18.84004690720252 31.440000534057617 AB 8.508183303056503 1.0451029729832335
63010.0517 lsst_hardware_r 590.6726195671661 33.17815502734357 31.5 AB 8.666563215902519 1.0441642428798215
63010.0726 lsst_hardware_i 776.3126909228364 41.43704925662363 31.260000228881836 AB 8.435178386209952 1.0162865525554157
63012.9667 lsst_hardware_z 669.1534271284021 52.83014433328059 30.920000076293945 AB 7.6019254960280005 1.3102250079331732
63012.9858 lsst_hardware_r 399.7369437835643 32.92887744895027 31.479999542236328 AB 7.133874047142294 1.212625199242316
63014.9676 lsst_hardware_y 227.59638126847287 52.688442425566755 29.969999313354492 AB 11.286881947283108 1.2746337602803965
63014.9886 lsst_hardware_z 715.6995923732758 51.638538822328336 30.940000534057617 AB 10.375574686547314 1.1782057841359617
63018.9659 lsst_hardware_y 205.1084921618776 61.185326309629936 30.0 AB 11.754952345408933 1.2286015359315139
63018.9869 lsst_hardware_i 456.2750017769784 81.59467980956622 31.31999969482422 AB 10.88859626183752 1.1444814233589995
63019.9661 lsst_hardware_y 419.3212301788934 66.1032568829691 30.020000457763672 AB 11.176692967509318 1.215232187540654
63019.9891 lsst_hardware_r 455.74600007144755 114.35575368736036 31.639999389648438 AB 10.364222047602539 1.1283037392607311
63021.9525 lsst_hardware_y 414.0919484104509 79.4623523924733 29.989999771118164 AB 15.42338817133868 1.2538320601039492
63021.9725 lsst_hardware_g 209.7956631944219 119.93478700806872 31.68000030517578 AB 13.874772212861254 1.1666661987382634
63030.9637 lsst_hardware_z 966.919772691639 68.40251909473251 31.700000762939453 AB 15.420072890707015 1.1141872425952195
63030.9858 lsst_hardware_i 541.5747555590253 49.82648839836801 32.0 AB 14.71996172564216 1.0599623197999837
63035.9579 lsst_hardware_y 80.08191973658715 53.94775733753886 30.040000915527344 AB 5.107475129030775 1.0925469989728838
63035.9778 lsst_hardware_r 162.1261052076262 26.288872856047597 31.510000228881836 AB 6.3368120394737435 1.049227922754159
63043.9611 lsst_hardware_y 136.2537405848354 51.51351507198774 30.049999237060547 AB 7.919022223137296 1.0404706639255132
63043.9819 lsst_hardware_z 286.35263777703364 45.88678765639444 30.959999084472656 AB 7.732551627193361 1.0142381462740506
