data/validation/pwv_sim_epoch_fit_epoch/30468459.ecsv
# %ECSV 0.9
# ---
# datatype:
# - {name: time, datatype: float64}
# - {name: band, datatype: string}
# - {name: flux, datatype: float64}
# - {name: fluxerr, datatype: float64}
# - {name: zp, datatype: float64}
# - {name: zpsys, datatype: string}
# - {name: pwv, datatype: float64}
# - {name: airmass, datatype: float64}
# meta: {SNID: '30468459', alt: 1024.0, c: -0.08077773451805115, dec: -36.981888, lat: -30.244573, lon: -70.7499537, ra: 132.890625, t0: 62905.90625,
#   x0: 6.981080350719192e-06, x1: 0.7811056971549988, z: 0.534071683883667}
# schema: astropy-2.0
time band flux fluxerr zp zpsys pwv airmass
62817.2834 lsst_hardware_r -3.3791940600635613 74.83000183105469 31.579999923706055 AB 5.522737356741212 1.3470091114002958
62817.3009 lsst_hardware_i 2.04056249751123 58.81999969482422 31.280000686645508 AB 4.6083912145275665 1.252819251361111
62822.2939 lsst_hardware_z -55.460183298130914 48.720001220703125 30.940000534057617 AB 4.5471774443144755 1.2226882076673447
62822.3115 lsst_hardware_g -62.841499345090995 40.150001525878906 31.649999618530273 AB 4.3296420208755935 1.1554185124759742
62833.2747 lsst_hardware_u 0.0927736480026826 2.609999895095825 28.350000381469727 AB 5.192669949113604 1.179303519992491
62833.2928 lsst_hardware_g 2.1408607593455447 13.279999732971191 31.3799991607666 AB 3.9512464852055644 1.1204177277928444
62836.2684 lsst_hardware_g -42.254185637475146 22.989999771118164 32.54999923706055 AB 9.016220037797563 1.1723968191317198
62836.2934 lsst_hardware_r -38.33073802106643 38.38999938964844 32.66999816894531 AB 7.666616680534393 1.097164052931442
62844.2482 lsst_hardware_z 12.049266239166865 58.75 30.969999313354492 AB 6.362385021866052 1.1665539093999595
62844.3042 lsst_hardware_i 24.955143308483894 83.41999816894531 32.08000183105469 AB 6.860737246708798 1.0362868736058957
62844.3497 lsst_hardware_y -11.715195778219751 61.7400016784668 30.079999923706055 AB 7.4468858838146605 1.0071979465057472
62849.2521 lsst_hardware_z -112.89870433080807 54.650001525878906 30.969999313354492 AB 8.815603278278484 1.1121684574878943
62849.2751 lsst_hardware_r -44.37889451862081 64.80999755859375 31.639999389648438 AB 8.369023767868855 1.0604439645044164
62851.328 lsst_hardware_i 25.264968713047725 44.220001220703125 31.309999465942383 AB 10.654646167792201 1.0072775502907525
62851.3413 lsst_hardware_y -20.63117709077859 50.459999084472656 30.06999969482422 AB 10.770617452759797 1.0088529393652588
62853.2521 lsst_hardware_r 26.206817710809343 31.889999389648438 31.559999465942383 AB 5.748785044781209 1.0850858899173474
62853.2763 lsst_hardware_i -9.536170997765655 34.90999984741211 31.280000686645508 AB 5.49837413548057 1.0408330645155042
62853.3397 lsst_hardware_z -13.126971357878253 62.97999954223633 31.719999313354492 AB 5.937648907427171 1.0102337571120765
62858.145 lsst_hardware_r -35.27988134763573 23.65999984741211 31.389999389648438 AB 7.272558901367263 1.5429757216479338
62858.1664 lsst_hardware_i -52.27374751584299 32.599998474121094 31.200000762939453 AB 6.862448195279361 1.378924620618473
62860.1713 lsst_hardware_i -18.02091977060723 32.22999954223633 31.200000762939453 AB 8.77787317973797 1.3160229654779565
62860.1943 lsst_hardware_u -2.4142551726261385 2.5299999713897705 28.280000686645508 AB 8.08784699940475 1.2052974180401441
62863.1658 lsst_hardware_g -1.1907001166113185 13.260000228881836 31.309999465942383 AB 8.049194481434467 1.3011427733172864
62863.1867 lsst_hardware_r -9.660323004783168 22.56999969482422 31.459999084472656 AB 7.372778969560293 1.2029007156317613
62863.3108 lsst_hardware_g 4.375012673161632 12.8100004196167 31.389999389648438 AB 6.343400849722955 1.0096133773234053
62863.3229 lsst_hardware_r 7.013211780297571 21.510000228881836 31.489999771118164 AB 6.3318013636323505 1.0161230389909623
62865.143 lsst_hardware_r -25.83747830744247 23.110000610351562 31.420000076293945 AB 11.020833725402982 1.4078135480608451
62865.1652 lsst_hardware_i -14.243220404674188 31.68000030517578 31.209999084472656 AB 9.997288395072395 1.2756524684282755
62868.3141 lsst_hardware_r 37.99844468659844 21.450000762939453 31.479999542236328 AB 5.288930148956576 1.0199132510683118
62868.3249 lsst_hardware_i 17.240723632077753 29.56999969482422 31.239999771118164 AB 5.336894213769878 1.030852309262443
62870.3002 lsst_hardware_i 8.577778608469139 29.459999084472656 31.25 AB 3.3119504139240243 1.0137589268209442
62870.313 lsst_hardware_z -49.82478426475932 40.47999954223633 30.950000762939453 AB 3.3512550702531945 1.023909279026335
62872.3003 lsst_hardware_i 42.14418337593352 47.18000030517578 31.309999465942383 AB 7.491950310347678 1.0175823851066457
62872.3126 lsst_hardware_z 44.71792256489285 48.380001068115234 30.969999313354492 AB 7.49301221661746 1.0292599198650358
62879.1366 lsst_hardware_i 100.01919883066222 54.721474077479954 31.290000915527344 AB 6.111688299819882 1.230045947904179
62879.1547 lsst_hardware_r 65.46012343337203 62.35126513983876 31.6200008392334 AB 5.780898843382993 1.1594261619300028
62891.1362 lsst_hardware_r 1399.0771954700801 42.81552299672557 31.479999542236328 AB 8.722441321946922 1.115532467183526
62891.1547 lsst_hardware_u -5.852299059208943 2.985266439844578 28.399999618530273 AB 8.361275542214194 1.071477611611993
62895.2057 lsst_hardware_g 940.5196371834604 32.5424649673569 31.43000030517578 AB 9.699491567252107 1.0074951423639749
62895.2179 lsst_hardware_r 1983.6268607819604 49.686914527747575 31.510000228881836 AB 10.669031507455227 1.0080180937679137
62910.0372 lsst_hardware_y 366.59538979969784 54.025133964912435 29.969999313354492 AB 4.408334262072426 1.302635093446691
62910.0573 lsst_hardware_i 1883.5639793683042 52.502702488586124 31.229999542236328 AB 2.993049644166833 1.207280528739563
62912.1739 lsst_hardware_z 1296.7587697244082 55.175771426396075 30.959999084472656 AB 3.823326145783245 1.0086157612864561
62912.1869 lsst_hardware_u 3.3273182181126524 3.5913161836659926 28.639999389648438 AB 3.9381118972804083 1.0146286234834443
62917.1548 lsst_hardware_i 1633.0998265987448 49.69321817978885 31.260000228881836 AB 3.907613352300733 1.007506343251446
62917.1672 lsst_hardware_z 1216.8237765846147 53.466908267534755 30.959999084472656 AB 3.6404585363636635 1.0112384823232399
62923.0259 lsst_hardware_y 392.2429488360648 52.78694481253952 30.0 AB 8.173018732970174 1.190953659283337
62923.0461 lsst_hardware_r 1366.081134858291 42.65798783745756 31.479999542236328 AB 7.293003394523149 1.1232101331469504
62923.1597 lsst_hardware_i 1349.9855463618564 46.635118334686474 31.25 AB 5.411257138538692 1.0165803378806486
62923.1722 lsst_hardware_r 1249.3902763249744 42.11469416645903 31.489999771118164 AB 7.1840605311631105 1.0279831911230035
62929.1481 lsst_hardware_i 902.0891657842075 55.395899827748984 31.299999237060547 AB 5.572655304090179 1.020399231694242
62929.1597 lsst_hardware_z 916.6124629673352 55.63644083263906 30.959999084472656 AB 5.4124418286878075 1.032481829145927
62932.0163 lsst_hardware_y 209.3644054483957 58.12905339838902 30.030000686645508 AB 7.321619930522525 1.138842733010192
62932.0371 lsst_hardware_z 774.5783738590468 68.58440603740587 30.979999542236328 AB 6.976559291476939 1.0835269720795222
62935.1349 lsst_hardware_z 743.8815732893374 70.5951160115059 30.989999771118164 AB 10.804482204294725 1.0233132316616846
62935.1462 lsst_hardware_r 682.9005316056516 99.22534595013136 31.65999984741211 AB 10.90106091701228 1.0361240297511911
62937.1326 lsst_hardware_i 757.4771538876008 58.0009241508826 31.31999969482422 AB 8.457035050317625 1.0265053063178862
62937.1453 lsst_hardware_r 539.7910701795437 65.93127149057122 31.639999389648438 AB 8.601885088310018 1.0424210888461174
62939.0103 lsst_hardware_z 647.4982116989155 49.26068256337995 30.940000534057617 AB 15.16773299019629 1.1018724211178708
62939.0319 lsst_hardware_r 431.9120481605811 29.644380692268967 31.479999542236328 AB 14.646063090813097 1.0559526381263948
62941.0091 lsst_hardware_y 371.1053370144511 50.70742609700992 30.030000686645508 AB 8.919772464219449 1.0914151803841539
62941.0311 lsst_hardware_z 671.8497710552506 48.009199483684824 30.950000762939453 AB 8.585350713688776 1.0482297074220148
62941.0787 lsst_hardware_r 352.5935424119514 28.736921683080865 31.489999771118164 AB 7.84054404517701 1.0077064545516556
62941.0928 lsst_hardware_g 56.071422042304306 15.237035754352581 31.40999984741211 AB 7.506156773946142 1.0081354862206195
62943.0052 lsst_hardware_y 232.01641110288358 51.78310792756085 30.030000686645508 AB 8.428537449827713 1.087763754252786
62943.0233 lsst_hardware_u -2.2101755046310805 2.986930191239748 28.459999084472656 AB 8.178880795629391 1.0520137366556341
62946.0009 lsst_hardware_y 278.11563367993875 52.17047390445551 30.049999237060547 AB 3.9459762259616316 1.0790692017578714
62946.0197 lsst_hardware_i 400.2679418536473 36.55098752109514 31.260000228881836 AB 3.859678166050032 1.044756338369569
62947.9998 lsst_hardware_y 170.44663971628955 51.502979419519804 30.049999237060547 AB 6.195829704725087 1.0699990855236747
62948.0182 lsst_hardware_r 310.5106771834841 27.183726505182115 31.510000228881836 AB 6.385305050858709 1.0390494224656177
62950.0612 lsst_hardware_r 230.19009773649205 26.394579808899373 31.5 AB 10.398334885411751 1.0072327227482243
62950.0733 lsst_hardware_i 351.3165574757413 35.155552648030884 31.25 AB 10.483138769402764 1.0096444928636004
62953.993 lsst_hardware_y 173.66695679433673 51.89941154055757 30.059999465942383 AB 7.9389972637460815 1.0524521339477793
62954.0106 lsst_hardware_r 187.18724407754092 27.797798947949115 31.530000686645508 AB 6.683064097121576 1.0281637072494731
62956.056 lsst_hardware_i 283.3841879505307 38.241561412112624 31.280000686645508 AB 4.8324536388733685 1.0093195193803812
62956.0683 lsst_hardware_z 389.1723480025966 47.461924881436964 30.959999084472656 AB 4.871225629328186 1.015667429185937
62965.0256 lsst_hardware_z 649.2061879613435 82.08412912940604 31.729999542236328 AB 8.11328749927918 1.0077992049287845
62973.0284 lsst_hardware_g 13.610664141169034 18.823220404805813 32.15999984741211 AB 13.612794801340224 1.02079373111921
62973.0446 lsst_hardware_r 233.0987900524708 34.66258386311458 32.25 AB 15.182925950943105 1.0390309231844543
62979.0058 lsst_hardware_r 108.51522255346563 24.157286489565934 31.5 AB 6.270607698355605 1.0158806061787644
62979.018 lsst_hardware_i 139.34983504634147 32.580076284739484 31.25 AB 6.314014685908513 1.026599501807495
63189.2721 lsst_hardware_i -15.279304415530104 32.36000061035156 31.200000762939453 AB 6.896870218395294 1.3058544387759714
63189.2897 lsst_hardware_u -7.406258433300176 2.5199999809265137 28.239999771118164 AB 6.363511040987865 1.2202322226247104
63193.27 lsst_hardware_i -34.54273309976823 31.760000228881836 31.219999313354492 AB 7.45592321635295 1.2602980419798766
63193.2868 lsst_hardware_r 28.604339581929036 22.520000457763672 31.459999084472656 AB 7.23687245293568 1.187735508441524
63197.3012 lsst_hardware_i -57.655649692533984 54.720001220703125 31.309999465942383 AB 4.250033305939374 1.1068515674039647
63197.3188 lsst_hardware_z 18.418815937614433 51.380001068115234 30.969999313354492 AB 4.131917770933165 1.0668519935278844
63206.2362 lsst_hardware_r 2.93330424755549 41.63999938964844 31.559999465942383 AB 6.708305713681973 1.2521920227135142
63206.2574 lsst_hardware_i 75.09237059830957 41.22999954223633 31.270000457763672 AB 6.073452382842581 1.1654315689220764
63208.2501 lsst_hardware_g 39.2387911904432 17.790000915527344 31.469999313354492 AB 7.470096062799409 1.1719636119861012
63208.2754 lsst_hardware_r -19.758174926856608 27.299999237060547 31.520000457763672 AB 6.998283331309654 1.0961364760451795
63211.2546 lsst_hardware_i -5.307134391713608 30.68000030517578 31.229999542236328 AB 10.784211398732547 1.130302001753752
63211.2762 lsst_hardware_z 22.930596453838497 41.2599983215332 30.940000534057617 AB 10.175120249849746 1.0757078179352728
63220.2517 lsst_hardware_u 1.0656511353582354 2.559999942779541 28.360000610351562 AB 4.597837672818446 1.0755595164299065
63220.2742 lsst_hardware_g -8.73672730099962 12.890000343322754 31.3799991607666 AB 4.433024901745053 1.037167066113095
63222.2485 lsst_hardware_r 17.682489300252932 21.860000610351562 31.469999313354492 AB 5.113588437196177 1.0709085732347552
63222.2709 lsst_hardware_i -26.380695387001676 29.770000457763672 31.25 AB 4.824000164535638 1.0343607964697161
63224.2522 lsst_hardware_z 40.169727008433426 63.7599983215332 31.709999084472656 AB 5.8097519668413975 1.0539232592909564
63224.2755 lsst_hardware_r 38.12524536733078 30.59000015258789 32.2400016784668 AB 5.662059189921754 1.0231866618336125
63226.1642 lsst_hardware_i -47.57598532567463 56.5 31.270000457763672 AB 9.317441204544838 1.3455760278063165
63226.1887 lsst_hardware_z -94.43380232453462 54.29999923706055 30.959999084472656 AB 8.639244881140273 1.2201748808163844
63229.3098 lsst_hardware_i 8.435522669406605 68.29000091552734 31.34000015258789 AB 7.029395487952137 1.0100189886420046
63229.3218 lsst_hardware_z -2.1972434385435595 61.40999984741211 30.989999771118164 AB 7.087014623106934 1.0168126387202676
