data/validation/pwv_sim_epoch_fit_epoch/30512553.ecsv
# %ECSV 0.9
# ---
# datatype:
# - {name: time, datatype: float64}
# - {name: band, datatype: string}
# - {name: flux, datatype: float64}
# - {name: fluxerr, datatype: float64}
# - {name: zp, datatype: float64}
# - {name: zpsys, datatype: string}
# - {name: pwv, datatype: float64}
# - {name: airmass, datatype: float64}
# meta: {SNID: '30512553', alt: 1024.0, c: -0.05373199284076691, dec: -62.3204, lat: -30.244573, lon: -70.7499537, ra: 236.699997, t0: 60811.90625,
#   x0: 9.69083884392645e-06, x1: 0.18938086926937103, z: 0.46611854434013367}
# schema: astropy-2.0
time band flux fluxerr zp zpsys pwv airmass
60741.384 lsst_hardware_g -12.851327651673765 13.890000343322754 31.3799991607666 AB 10.56998508295111 1.1827880135345057
60741.3971 lsst_hardware_y 8.413534578732627 52.720001220703125 30.010000228881836 AB 10.544217235619643 1.1811381627936794
60743.3796 lsst_hardware_i -13.325628444769428 31.299999237060547 31.229999542236328 AB 8.931530678496637 1.1825143225866062
60743.3921 lsst_hardware_z 58.837155993401694 43.77000045776367 30.93000030517578 AB 8.921232361374154 1.1811508488513376
60750.3638 lsst_hardware_z -74.91409505741112 61.7599983215332 30.969999313354492 AB 8.900289566167796 1.1818204177622886
60750.3763 lsst_hardware_r 25.671585452086966 83.11000061035156 31.6200008392334 AB 9.07216893633959 1.181374546793079
60752.3907 lsst_hardware_i -40.20612118004341 61.560001373291016 31.299999237060547 AB 8.501188589594642 1.1878145297742968
60752.4044 lsst_hardware_y 8.615524610300074 61.0099983215332 30.010000228881836 AB 8.60371823456272 1.1974555650052499
60754.3663 lsst_hardware_z -13.643017689815105 52.65999984741211 30.959999084472656 AB 6.071235052071681 1.1814806146999899
60754.3781 lsst_hardware_i 15.443193226636193 49.0099983215332 31.290000915527344 AB 6.747218165033781 1.1844844341448286
60758.3655 lsst_hardware_r -6.162109283206055 26.209999084472656 31.510000228881836 AB 8.050315596769977 1.1838699407014672
60758.3773 lsst_hardware_i 20.79773021688781 33.029998779296875 31.25 AB 8.116292610105326 1.1895489682112181
60760.3724 lsst_hardware_u 0.28860665450829676 2.7699999809265137 28.43000030517578 AB 8.92423827825342 1.189898437100456
60760.3861 lsst_hardware_g -10.785531776864245 14.199999809265137 31.399999618530273 AB 7.687514173921055 1.2006581818626505
60762.3716 lsst_hardware_r -16.85453153602848 22.8799991607666 31.469999313354492 AB 9.487511967469551 1.193072575709289
60762.3824 lsst_hardware_i -5.321256882449974 31.700000762939453 31.229999542236328 AB 8.95106565616132 1.2023595217320855
60764.3165 lsst_hardware_r 14.430280494844878 22.739999771118164 31.479999542236328 AB 7.507185628705442 1.1843321835859937
60764.3281 lsst_hardware_i 40.52249049582109 31.299999237060547 31.239999771118164 AB 7.423420777566511 1.1814619468534255
60767.3224 lsst_hardware_z -52.72331917955983 43.119998931884766 30.93000030517578 AB 10.407196516438574 1.1812377223671118
60767.3338 lsst_hardware_i 6.873439925340171 31.329999923706055 31.229999542236328 AB 10.602161867823803 1.1819578447964343
60769.3104 lsst_hardware_u 0.6612705778729413 2.509999990463257 28.270000457763672 AB 8.180519316804855 1.1821274993576534
60769.3223 lsst_hardware_g 18.709256211520877 13.260000228881836 31.350000381469727 AB 8.199038025542256 1.1812190110512704
60771.3092 lsst_hardware_r -33.12475510653171 22.5 31.459999084472656 AB 19.876010862948682 1.1814432706005693
60771.3212 lsst_hardware_i -5.497553552504969 31.170000076293945 31.229999542236328 AB 19.82583359426376 1.181674157396776
60773.3135 lsst_hardware_z 54.45320171870166 43.0 30.93000030517578 AB 11.77196643894123 1.1813905804547375
60773.3267 lsst_hardware_u -3.067225587306729 2.5399999618530273 28.280000686645508 AB 11.75738146883766 1.184682499756931
60778.2992 lsst_hardware_i 59.392755565375964 79.44000244140625 31.309999465942383 AB 14.381737890789015 1.1813324299368073
60778.31 lsst_hardware_z -12.980654368779838 69.98999786376953 30.969999313354492 AB 14.438893485516529 1.18358053600059
60780.2923 lsst_hardware_i -83.94092516097798 78.33000183105469 31.309999465942383 AB 11.541796563245732 1.1812298191839217
60780.3032 lsst_hardware_z 36.49187568999155 70.31999969482422 30.979999542236328 AB 11.611550167151604 1.1831618266916246
60790.2802 lsst_hardware_z 273.9702491279617 44.84715938969837 30.93000030517578 AB 16.091057719963995 1.1846613534214017
60790.291 lsst_hardware_u 0.8983974116939084 3.1499953541278694 28.309999465942383 AB 16.16066038328286 1.1902384098850707
60792.2674 lsst_hardware_g 166.84916984714198 18.66067543810924 31.360000610351562 AB 3.180472056909137 1.1823682481771318
60792.2791 lsst_hardware_r 619.1778329973079 33.29496632141023 31.459999084472656 AB 3.1941217804684854 1.1865971570064338
60795.2843 lsst_hardware_i 802.6569367567031 41.75854223915753 31.229999542236328 AB 12.622095273093954 1.1952364451652997
60795.297 lsst_hardware_u 9.079320989263163 3.9583434424418367 28.329999923706055 AB 13.195502942557228 1.2072738282303046
60800.2763 lsst_hardware_i 1433.5409273760915 49.37910508085323 31.229999542236328 AB 10.871552036127841 1.2001271750214721
60800.2886 lsst_hardware_r 2269.0337730211295 52.81748850997285 31.469999313354492 AB 11.031666699562793 1.2133822217667325
60802.2124 lsst_hardware_i 1671.0185332716362 59.905726038075144 31.280000686645508 AB 8.068142991539089 1.1845029288874047
60802.2233 lsst_hardware_z 1090.7444837814044 59.436986839689844 30.950000762939453 AB 8.040128966891467 1.1816333860295447
60804.2153 lsst_hardware_r 3356.0327678416816 87.63815545162322 31.6200008392334 AB 9.83864121082035 1.182067246666909
60804.2287 lsst_hardware_z 1574.9941854126166 66.15402611050547 30.969999313354492 AB 9.854951445600156 1.1814009585039298
60806.212 lsst_hardware_r 3696.513742427456 116.40590176739993 31.6200008392334 AB 8.889475018057484 1.1816919999190123
60806.225 lsst_hardware_i 2295.7349774127133 90.95878116316081 31.309999465942383 AB 8.862081277838271 1.1816108370451028
60808.2131 lsst_hardware_z 3532.2629202722323 120.83196591353105 31.729999542236328 AB 7.825050378352742 1.1811842527420269
60808.2255 lsst_hardware_i 4622.759651449157 144.78948425052818 32.060001373291016 AB 7.814655773562942 1.1828290420498553
60810.2222 lsst_hardware_z 3547.120141053476 115.40751123158581 31.719999313354492 AB 7.592335671251541 1.183467058804667
60812.214 lsst_hardware_r 3900.1947394408653 89.66661205762738 31.600000381469727 AB 8.198731084306202 1.1826798698331171
60812.2274 lsst_hardware_i 2510.2598311843635 73.9787100451971 31.290000915527344 AB 8.265892400933653 1.188140347985324
60823.084 lsst_hardware_i 1926.9317048001624 54.33818352565763 31.219999313354492 AB 9.678427982504775 1.2720128776086879
60823.0969 lsst_hardware_z 1508.8384066080312 57.89059692089217 30.93000030517578 AB 9.565315841654707 1.24656592202281
60824.194 lsst_hardware_u 0.12554186563352046 2.8812170190029214 28.329999923706055 AB 10.452641079725092 1.187800122696033
60824.2072 lsst_hardware_g 571.6785312116112 27.371429183514635 31.3700008392334 AB 10.53334047829123 1.1969705088967306
60826.1906 lsst_hardware_r 2156.7918755898304 51.17111286519369 31.469999313354492 AB 9.22106646901558 1.188971242217211
60826.203 lsst_hardware_i 1863.9432087945904 52.50453974072037 31.229999542236328 AB 9.420936784099734 1.1980589793475376
60830.1974 lsst_hardware_g 430.8320373406162 32.86584046248269 31.559999465942383 AB 13.810127829966037 1.2030601376376837
60830.2092 lsst_hardware_r 1744.9141172062666 51.12357018538172 31.520000457763672 AB 13.930031952894371 1.216561260478097
60842.0356 lsst_hardware_g 99.64113282923235 17.7354639894177 31.360000610351562 AB 11.575220072601047 1.2647058260148645
60842.0481 lsst_hardware_i 933.4548400404773 44.10499306700772 31.229999542236328 AB 10.657162713970559 1.2411894265797034
60844.1354 lsst_hardware_r 574.21299626962 33.402517185015235 31.469999313354492 AB 6.9556625942565535 1.18582643534521
60844.1491 lsst_hardware_u 2.7576640354712008 3.115611059326058 28.329999923706055 AB 7.026906571055017 1.1941720791460402
60847.112 lsst_hardware_u 2.9828971324441453 3.0200635754312612 28.280000686645508 AB 3.5445394422421597 1.1815131474140532
60847.1234 lsst_hardware_g 75.88154388333531 16.455380002781787 31.360000610351562 AB 3.552788839895171 1.1842629466317236
60851.1111 lsst_hardware_z 641.3348404661816 49.53951879932365 30.93000030517578 AB 6.251242247306029 1.1837792448622748
60851.123 lsst_hardware_r 427.85942827750586 30.199211266717462 31.459999084472656 AB 6.25587586154195 1.1893865414786597
60870.0832 lsst_hardware_i 257.029506209124 50.47712310969362 31.270000457763672 AB 8.593278500277952 1.1983932456691082
60870.0948 lsst_hardware_z 389.8603838615708 54.59869617276452 30.940000534057617 AB 9.102073734729716 1.2102480312105994
60872.0249 lsst_hardware_r 166.14124607618982 26.747623807099597 31.459999084472656 AB 5.193046027847033 1.183308059437639
60872.0363 lsst_hardware_z 380.2182984448727 46.38774924124849 30.93000030517578 AB 5.186656351240159 1.181291303805077
60875.0255 lsst_hardware_g 25.36188160525291 15.056493277203622 31.3700008392334 AB 1.8983734897373572 1.1814989822544621
60875.036 lsst_hardware_r 248.8258244546446 26.735238214397384 31.469999313354492 AB 1.9053060247300875 1.1815851316155581
60877.0205 lsst_hardware_i 270.6889694307636 35.26719843190143 31.219999313354492 AB 6.608550722393261 1.1814520904715096
60877.0325 lsst_hardware_z 262.8169725249027 45.93341378241118 30.93000030517578 AB 6.616912385615074 1.1818728957397728
60879.0221 lsst_hardware_r 150.22041073886408 26.48390307917027 31.469999313354492 AB 4.9775653272442355 1.1813140819755716
60879.0341 lsst_hardware_u 2.6849086698990385 2.6642831856751723 28.290000915527344 AB 4.979275032957669 1.1836159501503907
60881.0255 lsst_hardware_g 59.12656291393017 14.56203044420037 31.360000610351562 AB 6.134103460510436 1.1827057669932393
60881.037 lsst_hardware_i 259.68807621090207 35.35583210132833 31.229999542236328 AB 6.119215677917621 1.1871215102012975
60883.0054 lsst_hardware_r 192.28690833702336 26.13453504059018 31.469999313354492 AB 5.314883647923082 1.1813477768222012
60883.0178 lsst_hardware_z 274.0890372900467 45.73566627549648 30.93000030517578 AB 5.249518609885097 1.182190881631595
60883.9705 lsst_hardware_r 161.32437091397836 28.10230592341792 31.479999542236328 AB 4.907811990294214 1.1951568456588384
60883.9743 lsst_hardware_u 1.7846563439000267 3.456637243179857 28.479999542236328 AB 4.907625973851935 1.1923048141684698
60888.0069 lsst_hardware_i -25.258011748726798 36.33000183105469 31.25 AB 4.293718620720475 1.1828425952398003
60888.0181 lsst_hardware_z -58.107178642452205 45.29999923706055 30.940000534057617 AB 4.41305101893504 1.1872348890756748
60890.0054 lsst_hardware_r -55.202882593316936 51.36000061035156 31.600000381469727 AB 2.565101510091531 1.1840751700684093
60890.0167 lsst_hardware_z 66.76800989896155 51.47999954223633 30.950000762939453 AB 2.5586705836273262 1.1895260732809512
60891.009 lsst_hardware_z 53.618111951630155 52.79999923706055 30.950000762939453 AB 0.48598409460483827 1.186774345799361
60891.0192 lsst_hardware_i 35.712852692153284 51.93000030517578 31.280000686645508 AB 0.5404428714931971 1.1930306213977862
60894.0058 lsst_hardware_z 71.61291900883741 64.27999877929688 30.969999313354492 AB 4.254393792982498 1.189541113653711
60894.0173 lsst_hardware_r 99.50752047897096 87.2699966430664 31.6200008392334 AB 4.158545340287272 1.1980827831424006
61100.3826 lsst_hardware_z 61.745842231837976 43.189998626708984 30.93000030517578 AB 5.001144780613641 1.19169454661167
61100.3952 lsst_hardware_y -13.372819325345661 54.65999984741211 30.010000228881836 AB 4.90465504883088 1.1848185321785718
61104.3866 lsst_hardware_r 55.42987670985559 78.55999755859375 31.6200008392334 AB 11.521365364486824 1.1839451974193491
61104.3982 lsst_hardware_y -32.497063293486946 65.30000305175781 30.020000457763672 AB 11.52541747521919 1.1813671048810157
61106.3895 lsst_hardware_z -102.8345439684491 82.68000030517578 31.709999084472656 AB 10.57384076014706 1.1817868370628561
61110.3888 lsst_hardware_i -57.16065372539078 40.72999954223633 31.260000228881836 AB 7.796304324482342 1.181258230982173
61110.4002 lsst_hardware_y 48.95499980220702 57.70000076293945 30.010000228881836 AB 7.810445104823872 1.1834007734581624
61112.3895 lsst_hardware_i -28.792089216837102 33.459999084472656 31.239999771118164 AB 16.729279170921938 1.182058446294357
61112.4011 lsst_hardware_y 117.72619558815863 54.529998779296875 30.010000228881836 AB 16.83422596687098 1.185856833592316
61115.3882 lsst_hardware_g -5.699529862675706 13.84000015258789 31.360000610351562 AB 9.08487331455424 1.1839539506369556
61115.4001 lsst_hardware_y -49.37134352475577 51.61000061035156 30.0 AB 9.118099842845917 1.1897311903504668
61117.3754 lsst_hardware_i 32.446197473104 31.200000762939453 31.219999313354492 AB 8.451713393038231 1.1819751616024505
61117.3876 lsst_hardware_r -25.942491933859273 22.709999084472656 31.459999084472656 AB 8.474648681039314 1.1859290065826205
61119.3686 lsst_hardware_u -3.569423181884441 2.5199999809265137 28.260000228881836 AB 6.0383188174739 1.1817441745986086
61119.3801 lsst_hardware_g -6.427030641992765 13.359999656677246 31.34000015258789 AB 6.7231095383502 1.1850369339042657
61121.3667 lsst_hardware_r 0.7846771191349815 22.530000686645508 31.450000762939453 AB 7.360155965228293 1.1824493477754556
61121.3796 lsst_hardware_i -23.83066831360939 31.270000457763672 31.219999313354492 AB 6.79087761024735 1.1873720523228308
61123.3687 lsst_hardware_z -12.983999502713372 42.869998931884766 30.93000030517578 AB 8.056927155974403 1.1848422288197653
61123.3809 lsst_hardware_r -11.104306932330699 22.65999984741211 31.459999084472656 AB 8.139401023914315 1.1914515148816973
61125.3733 lsst_hardware_g 1.0453577310317825 13.270000457763672 31.329999923706055 AB 8.925368463619778 1.190049128482637
61125.3856 lsst_hardware_i -36.67114451797171 31.350000381469727 31.219999313354492 AB 7.705663212043652 1.1995583906664569
61127.3099 lsst_hardware_g -6.43754783186025 13.289999961853027 31.34000015258789 AB 8.793781202725874 1.1910313141389446
61127.3219 lsst_hardware_r 8.19057159979662 22.549999237060547 31.459999084472656 AB 8.698668877802394 1.1846743523427659
61129.3155 lsst_hardware_i -29.913050877390788 46.66999816894531 31.270000457763672 AB 7.637987622056579 1.1850568437308995
61129.3281 lsst_hardware_r 14.885770453591567 45.13999938964844 31.56999969482422 AB 7.424257210159957 1.1815950678645974
61134.3178 lsst_hardware_r -27.96579582200192 93.80000305175781 31.6200008392334 AB 8.252466465836283 1.1812722625938812
61134.3294 lsst_hardware_i 20.40812100467818 74.7300033569336 31.299999237060547 AB 8.079417813936528 1.182065517766866
61136.315 lsst_hardware_z 46.5554874848804 58.650001525878906 30.969999313354492 AB 19.61841570566349 1.1811918661968503
61136.3274 lsst_hardware_r -59.75210807860995 70.98999786376953 31.6200008392334 AB 19.750283605962228 1.182881914502041
61138.3188 lsst_hardware_z -18.780248785267688 74.4800033569336 31.700000762939453 AB 11.789408123835262 1.1821325703233994
61140.2964 lsst_hardware_r 55.335024463726164 34.45000076293945 31.549999237060547 AB 6.084210470861506 1.1818590658239132
61140.3073 lsst_hardware_z 10.469685075688101 45.560001373291016 30.940000534057617 AB 6.1575584831897 1.181306183825362
61147.304 lsst_hardware_r 7.928709113905611 22.68000030517578 31.469999313354492 AB 16.461926055767258 1.1851994160444403
61147.3166 lsst_hardware_u -4.3985976379348735 2.6600000858306885 28.389999389648438 AB 16.502649041865343 1.1923161448755741
61149.3012 lsst_hardware_g -0.809456133145222 13.289999961853027 31.34000015258789 AB 12.646866501048718 1.1864037743912867
61149.3118 lsst_hardware_r 46.61948459531171 22.670000076293945 31.450000762939453 AB 12.724483873360871 1.1927899017320798
61151.2777 lsst_hardware_r -35.901239698437436 22.579999923706055 31.459999084472656 AB 9.730759318469781 1.1813474952615979
61151.2895 lsst_hardware_i -51.960727255494895 31.219999313354492 31.219999313354492 AB 9.81950789595165 1.1838339369817936
61153.2739 lsst_hardware_z 8.103081253911345 42.779998779296875 30.93000030517578 AB 6.605441631721401 1.1815123357479254
61153.2853 lsst_hardware_r -30.580255618236787 22.6299991607666 31.459999084472656 AB 6.622915757581815 1.1842848705218718
61155.2791 lsst_hardware_u 6.3940123313911705 2.549999952316284 28.290000915527344 AB 16.0833211943492 1.184019130402876
61155.2903 lsst_hardware_g -21.518923258442747 13.390000343322754 31.350000381469727 AB 16.11487036203049 1.189391733263417
