data/validation/pwv_sim_epoch_fit_epoch/3056945.ecsv
# %ECSV 0.9
# ---
# datatype:
# - {name: time, datatype: float64}
# - {name: band, datatype: string}
# - {name: flux, datatype: float64}
# - {name: fluxerr, datatype: float64}
# - {name: zp, datatype: float64}
# - {name: zpsys, datatype: string}
# - {name: pwv, datatype: float64}
# - {name: airmass, datatype: float64}
# meta: {SNID: '3056945', alt: 1024.0, c: 0.020926622673869133, dec: -19.629557, lat: -30.244573, lon: -70.7499537, ra: 285.46875, t0: 60070.93359375,
#   x0: 1.1472244675543054e-05, x1: 0.6175259947776794, z: 0.43445801734924316}
# schema: astropy-2.0
time band flux fluxerr zp zpsys pwv airmass
60051.3544 lsst_hardware_u -54.46882339218743 38.76046095277344 29.5 AB 16.09209891814332 1.094328386136914
60051.3718 lsst_hardware_y -62.199771439968224 157.0877799823229 30.079999923706055 AB 15.568121803844956 1.0579703458817171
60053.4048 lsst_hardware_i 564.5389335325509 121.85577164064654 31.350000381469727 AB 9.886042307967875 1.0191796193781315
60058.3894 lsst_hardware_g 1385.0403359898585 115.84820290101999 31.75 AB 10.090401377828801 1.0198161955828724
60058.4082 lsst_hardware_y 617.8857826134623 158.9897406168401 30.09000015258789 AB 10.06683092644285 1.0183602906436657
60060.3894 lsst_hardware_i 2380.9651931799194 127.10929997624932 31.350000381469727 AB 4.078460167576184 1.0181726306672674
60060.4069 lsst_hardware_z 1844.3366244366737 151.6068582165492 31.010000228881836 AB 4.084675426342799 1.0196393974894655
60062.3704 lsst_hardware_z 1728.4121780112157 155.76059372362442 31.010000228881836 AB 3.716808872141139 1.0241023710895865
60062.3892 lsst_hardware_r 4035.5165125914614 120.0336028461124 31.65999984741211 AB 5.138893793143966 1.0175355672517918
60064.3772 lsst_hardware_u 98.21176261771342 40.75934312666922 29.56999969482422 AB 11.615627731194785 1.0184680167641196
60064.3936 lsst_hardware_r 4541.873585781712 120.5464710410901 31.670000076293945 AB 11.619661302686259 1.018836572449072
60066.3734 lsst_hardware_i 5941.916998962193 185.42477820772527 32.099998474121094 AB 9.208420642651156 1.0180956513614146
60066.3922 lsst_hardware_z 4045.9690660095166 219.1783072370543 31.760000228881836 AB 10.523598815485729 1.0203217777279163
60070.3642 lsst_hardware_y 1026.4657979620845 162.11710549762998 30.09000015258789 AB 3.103973903351596 1.0178075975576335
60070.3834 lsst_hardware_r 5092.204265997176 122.31758604418066 31.670000076293945 AB 2.6924536360926408 1.0213195395325332
60072.3565 lsst_hardware_i 3162.52334130171 130.75357968717546 31.350000381469727 AB 10.610437249439904 1.0182028404327812
60077.3191 lsst_hardware_z 2548.8947217629557 153.59333484896365 31.010000228881836 AB 7.183775583198777 1.0328936855784985
60077.3383 lsst_hardware_r 4084.05062953533 119.8540976416649 31.670000076293945 AB 6.310089972959851 1.019524170611924
60080.3191 lsst_hardware_u 78.20191169562545 40.19400921983424 29.549999237060547 AB 3.817898212781257 1.025627458101119
60080.3359 lsst_hardware_r 3698.2474038863625 117.91495863746682 31.670000076293945 AB 4.218950068885172 1.0179635827928741
60082.3 lsst_hardware_i 2568.4969938795125 128.5316678187651 31.34000015258789 AB 8.312468271321842 1.0390585339152303
60082.319 lsst_hardware_z 1894.1246541461085 152.60248901177005 31.010000228881836 AB 8.088949593816618 1.0221386313462792
60085.3538 lsst_hardware_g 1090.4291013109894 113.85194122916108 31.739999771118164 AB 7.224905404319433 1.0292865520447325
60085.3718 lsst_hardware_r 3085.7177268322916 113.7191303978617 31.649999618530273 AB 7.391295675965929 1.0513684847631617
60095.2799 lsst_hardware_z 2297.6060665729588 212.6483199808996 31.760000228881836 AB 7.048410902870625 1.02437906736814
60095.3028 lsst_hardware_r 3039.9421008085956 152.47150902985567 32.41999816894531 AB 7.528187307029965 1.0176434876352571
60100.2704 lsst_hardware_z 1139.0940764376817 147.69844883930347 31.010000228881836 AB 6.318898717699269 1.0218416922134494
60100.2918 lsst_hardware_r 1016.6150838457979 104.6274736650443 31.65999984741211 AB 6.470162564951772 1.0180014262599648
60102.2474 lsst_hardware_z 912.4941406847109 149.87436294377827 31.010000228881836 AB 4.125076387514567 1.0366684115219855
60102.2698 lsst_hardware_i 1249.0549496172957 123.55360484496363 31.350000381469727 AB 3.89153941471841 1.019617313899965
60111.2274 lsst_hardware_z 596.7726977283663 149.05215084064164 31.010000228881836 AB 7.6938086230206935 1.0317565539789335
60111.2491 lsst_hardware_r 446.4609661837423 103.11201773095583 31.65999984741211 AB 7.606218069873057 1.0184171297696676
60118.2177 lsst_hardware_r 514.8961569007676 102.41372457339138 31.670000076293945 AB 3.2327914267458007 1.0239803912089114
60118.2373 lsst_hardware_u -14.187271381834798 40.365757250930315 29.559999465942383 AB 3.148383925409938 1.0175224105822585
60121.2394 lsst_hardware_i 613.1903413479367 120.5475871701868 31.350000381469727 AB 6.092669262747141 1.0192955491992763
60121.2581 lsst_hardware_z 811.6494359183934 148.24044794296233 31.010000228881836 AB 5.908481732336339 1.031733833733999
60123.2376 lsst_hardware_r 417.77959014757204 102.12026264803835 31.670000076293945 AB 6.171668766096441 1.0207854393146611
60123.2572 lsst_hardware_z 732.0109485260305 148.01542097246292 31.010000228881836 AB 6.006575792649935 1.0366293147298973
60128.2202 lsst_hardware_z 448.8278538524011 151.51631069478407 31.010000228881836 AB 6.845218898787575 1.0192657499125155
60128.2386 lsst_hardware_r 361.2573948359249 103.40586276796947 31.65999984741211 AB 6.914357893794035 1.0313523272284453
60130.1821 lsst_hardware_y 389.45676078148483 226.3687763777774 30.84000015258789 AB 3.69359496962442 1.02599860267345
60137.1594 lsst_hardware_r 284.7029506767081 101.4929937197681 31.65999984741211 AB 5.475396842424224 1.0289520500671931
60137.1833 lsst_hardware_u -61.80879561914705 40.29935322259077 29.559999465942383 AB 5.917080797093586 1.0175984861075
60141.1596 lsst_hardware_z 623.315402971252 147.47718117760573 31.010000228881836 AB 2.9011128574887963 1.0212489157753397
60141.1872 lsst_hardware_r 194.24030786473097 101.62752425655374 31.65999984741211 AB 3.153003758353477 1.0202244809426178
60143.1777 lsst_hardware_u 56.582969257427166 40.29999923706055 29.559999465942383 AB 2.1865513904714433 1.0187775843780749
60143.1981 lsst_hardware_g 92.7497569886791 110.16000366210938 31.739999771118164 AB 2.2893085477710198 1.0318010356151075
60145.1589 lsst_hardware_r 25.79038860423904 99.4000015258789 31.670000076293945 AB 3.2572476392582383 1.0178898872681994
60145.1802 lsst_hardware_i -76.2997469401982 116.08000183105469 31.350000381469727 AB 3.5424586435056247 1.0221579234891676
60148.149 lsst_hardware_i 60.22184523153491 116.11000061035156 31.350000381469727 AB 5.905597980834358 1.018206548419717
60148.1702 lsst_hardware_z 121.53787967103136 144.02000427246094 31.010000228881836 AB 5.474062776158826 1.0212009842814755
60151.1161 lsst_hardware_r -133.39185461126903 100.16999816894531 31.65999984741211 AB 7.460240307722234 1.0339067491963783
60151.1369 lsst_hardware_z 368.1217517064229 146.32000732421875 31.010000228881836 AB 9.226022593392148 1.019299837231216
60154.135 lsst_hardware_z -80.61808688488387 149.9600067138672 31.010000228881836 AB 4.175661428166026 1.0177920283147612
60154.1547 lsst_hardware_i 39.72125407190857 120.55000305175781 31.350000381469727 AB 4.203084819119443 1.021654063957084
60161.1036 lsst_hardware_r -4.971279965664614 100.29000091552734 31.65999984741211 AB 2.449855746625042 1.021979731610252
60161.1233 lsst_hardware_y 22.466572833869826 160.0800018310547 30.09000015258789 AB 2.433869701006818 1.0177167890474719
60163.0899 lsst_hardware_g -85.85208217697411 110.19000244140625 31.739999771118164 AB 2.9029121426484665 1.027670463810414
60163.1095 lsst_hardware_r -36.74927065224199 100.26000213623047 31.65999984741211 AB 2.785736287927042 1.0179304340780908
60166.0974 lsst_hardware_i -8.59351137856715 117.94999694824219 31.350000381469727 AB 3.7909056977569433 1.0188324383669276
60166.1176 lsst_hardware_z 81.72724888518866 146.4199981689453 31.010000228881836 AB 3.810217528584596 1.0196835491305787
60169.0814 lsst_hardware_r -73.52365681168777 143.0 32.41999816894531 AB 2.6382403645432855 1.022177591841645
60169.103 lsst_hardware_u 42.690558603185416 57.619998931884766 30.309999465942383 AB 2.480192881748956 1.0179326418013361
60177.0749 lsst_hardware_r 96.03837739433867 100.4800033569336 31.670000076293945 AB 3.186462284692905 1.0175514241395194
60177.0942 lsst_hardware_z -44.728633355345046 146.35000610351562 31.010000228881836 AB 2.4791421782893637 1.02295942986976
60180.0668 lsst_hardware_r -112.4523496408384 100.27999877929688 31.65999984741211 AB 2.5888955093349124 1.0175476110189299
60180.0871 lsst_hardware_y 106.8697184779467 159.67999267578125 30.09000015258789 AB 2.902452886441589 1.0236424581131247
60182.0388 lsst_hardware_z -53.97229785676753 146.25 31.010000228881836 AB 2.291306503906697 1.027031153700895
60182.0568 lsst_hardware_r 32.486867918691 100.43000030517578 31.670000076293945 AB 2.08425848481299 1.0180771692822028
60196.0137 lsst_hardware_g 153.49439047732375 112.0 31.739999771118164 AB 2.6709508504176607 1.0194144653481736
60196.0329 lsst_hardware_r 354.5149738966129 101.91000366210938 31.65999984741211 AB 2.6652267517610118 1.0187526604170267
60198.9925 lsst_hardware_y -168.2198202061834 159.80999755859375 30.09000015258789 AB 3.0801194484369576 1.026934690521324
60199.0111 lsst_hardware_i -66.50762380660595 117.80000305175781 31.350000381469727 AB 2.061087805123032 1.0179468107781364
60200.9942 lsst_hardware_y 96.88624830065991 159.9199981689453 30.09000015258789 AB 2.5010247143565483 1.0220779380288305
60201.0146 lsst_hardware_r -68.4969573734887 100.33999633789062 31.670000076293945 AB 1.4248920347355671 1.0177800248111195
60206.9824 lsst_hardware_y -94.45676130599776 277.95001220703125 31.280000686645508 AB 6.300720008752638 1.0198915491546612
60207.0406 lsst_hardware_z 18.36975624070154 253.60000610351562 32.20000076293945 AB 6.541294165034333 1.0544238619688893
60208.9909 lsst_hardware_y 386.045932763669 231.85000610351562 30.84000015258789 AB 2.0942931251533285 1.0175939386099035
60426.4033 lsst_hardware_y 77.64671130125494 78.06999969482422 30.81999969482422 AB 1.4267287196216394 1.0190919425868854
60429.3694 lsst_hardware_z 0.6151887018732924 67.06999969482422 30.989999771118164 AB 10.670020003076129 1.0218368131656894
60429.3882 lsst_hardware_r -56.088206381341905 85.04000091552734 31.65999984741211 AB 11.62837053964202 1.0176520308904917
60436.3556 lsst_hardware_r 41.957433134988555 24.229999542236328 31.520000457763672 AB 6.229600527826572 1.0194494174735624
60436.3741 lsst_hardware_u -1.6785658167208364 2.7899999618530273 28.459999084472656 AB 6.081174416854012 1.0185368757815947
60443.3161 lsst_hardware_u -1.7838313276317264 2.7200000286102295 28.40999984741211 AB 6.837053219894627 1.0339198094431377
60443.3385 lsst_hardware_g -7.160878252288638 15.210000038146973 31.450000762939453 AB 8.138304661281275 1.0187950503387855
60445.3134 lsst_hardware_r 1.465436042344425 24.270000457763672 31.520000457763672 AB 3.8818717975372885 1.0311101128991642
60445.3356 lsst_hardware_z -98.50084829161524 41.34000015258789 30.950000762939453 AB 4.222809654894815 1.0181578432537226
60447.3056 lsst_hardware_r -9.431728015125444 24.1299991607666 31.520000457763672 AB 8.146791672544571 1.033474285855824
60447.3274 lsst_hardware_u 1.5120526784769472 2.799999952316284 28.479999542236328 AB 8.096021916840916 1.018848125447968
60458.2908 lsst_hardware_z -41.996174664812855 87.62000274658203 31.739999771118164 AB 8.488104519064615 1.0215349937696858
60460.261 lsst_hardware_r -55.27404340186773 38.810001373291016 31.610000610351562 AB 7.207584517272441 1.0445774662714309
60460.2832 lsst_hardware_z -21.84013226867099 45.09000015258789 30.959999084472656 AB 7.0745402496340155 1.0227265202824198
60462.2772 lsst_hardware_r 32.51021002701216 35.650001525878906 32.279998779296875 AB 10.123097860064705 1.0230518302238099
60462.3 lsst_hardware_y -148.86926856934974 66.37999725341797 30.799999237060547 AB 9.669949433759117 1.017889414079907
60464.2627 lsst_hardware_g -30.040586588392113 15.260000228881836 31.459999084472656 AB 11.767491197446168 1.029999885988403
60464.2873 lsst_hardware_r 13.264710082008493 24.040000915527344 31.510000228881836 AB 11.66568348790309 1.0176371516468
60466.2662 lsst_hardware_i 16.136944488582554 44.290000915527344 32.0099983215332 AB 5.973715263047047 1.0231008357343727
60466.2906 lsst_hardware_z 48.129228273546865 58.5 31.700000762939453 AB 5.954403330547845 1.0181658064717454
60485.1957 lsst_hardware_i 30.47919639967766 98.36000061035156 31.34000015258789 AB 3.9391717482993593 1.0406406520692215
60485.2157 lsst_hardware_z 24.553562104232004 84.1500015258789 31.0 AB 4.483421087256588 1.0222895235821177
60487.203 lsst_hardware_z -40.603632247669886 52.720001220703125 30.969999313354492 AB 7.614528107894759 1.0273012535104262
60487.2271 lsst_hardware_r 5.001602336466695 61.209999084472656 31.649999618530273 AB 7.37808958178391 1.0175271799454035
60490.1928 lsst_hardware_i 57.74141682410228 31.729999542236328 31.260000228881836 AB 3.1899478923838025 1.0290154491560652
60490.2156 lsst_hardware_r 17.70029807927833 25.81999969482422 31.540000915527344 AB 3.3829477290346994 1.0177084596860229
60493.2043 lsst_hardware_u -0.9700245929278444 2.880000114440918 28.520000457763672 AB 6.76526189382952 1.0182130253722423
60493.2236 lsst_hardware_g 23.38703402792288 15.869999885559082 31.479999542236328 AB 6.841729771443742 1.0203161242925414
60495.1726 lsst_hardware_r 24.322712455511542 24.739999771118164 31.520000457763672 AB 3.728153090151508 1.035598080597641
60495.192 lsst_hardware_i 39.210385506448404 31.690000534057617 31.260000228881836 AB 3.6736784263382343 1.0204662295383984
60497.1985 lsst_hardware_i 12.776162973264602 31.59000015258789 31.260000228881836 AB 2.289498804397075 1.0175550241763842
60497.2183 lsst_hardware_z 18.820746203260782 41.65999984741211 30.950000762939453 AB 1.8419218127871237 1.0232898959928465
60501.1864 lsst_hardware_g -7.673118417451824 15.880000114440918 31.489999771118164 AB 7.965318799615821 1.0176286687184848
60501.2071 lsst_hardware_r 1.5766778587962014 24.790000915527344 31.530000686645508 AB 7.993186472604994 1.0231169552459234
60503.1885 lsst_hardware_i 0.744702843177634 31.68000030517578 31.260000228881836 AB 6.269804201171268 1.0179630687871517
60503.2096 lsst_hardware_r 18.33780238717398 24.700000762939453 31.520000457763672 AB 6.989056036442943 1.0291139741498394
60506.1789 lsst_hardware_z -72.7397017826903 63.4900016784668 31.709999084472656 AB 3.070569284161623 1.0177558117870809
60508.1723 lsst_hardware_r 61.99367066510996 63.90999984741211 31.649999618530273 AB 2.2396491376132515 1.0176368667686109
60508.1902 lsst_hardware_i 137.11046860400833 54.77000045776367 31.31999969482422 AB 2.198968805298853 1.0245632173786152
60511.1685 lsst_hardware_z 89.40062198264553 101.29000091552734 31.0 AB 6.353562210899862 1.0183350678616048
60511.1893 lsst_hardware_r -25.640707521935482 156.3000030517578 31.670000076293945 AB 6.412923229192594 1.0305333612361718
60514.137 lsst_hardware_i 110.26446425903974 76.02999877929688 31.34000015258789 AB 6.336535775112927 1.0220218992117625
60514.1565 lsst_hardware_z 64.42834841988291 67.16000366210938 30.989999771118164 AB 6.3096923409216545 1.0176923130518798
60516.1356 lsst_hardware_g 50.96882650793109 50.84000015258789 31.709999084472656 AB 9.447069522536784 1.0200641946321267
60516.1563 lsst_hardware_r 47.50390156773095 52.45000076293945 31.6299991607666 AB 9.269224336148046 1.0187080268324042
60520.1216 lsst_hardware_i 32.966308508295924 31.3799991607666 31.25 AB 5.3117835764299866 1.0214968416211512
60520.1416 lsst_hardware_r -2.417740314374733 24.299999237060547 31.510000228881836 AB 5.6752160998698296 1.0178846919325315
60531.1009 lsst_hardware_i 12.139169888253058 44.290000915527344 32.0099983215332 AB 3.81106554806048 1.018139422430278
60531.1215 lsst_hardware_u -10.126979509532967 3.9600000381469727 29.229999542236328 AB 3.8152649262082274 1.0210798678463846
60533.0823 lsst_hardware_g -10.044239893420194 20.170000076293945 31.56999969482422 AB 3.378254462675465 1.0237134735380198
60535.0774 lsst_hardware_i -4.946373683209115 39.630001068115234 31.299999237060547 AB 3.4100762182648614 1.0233554560026594
60535.0979 lsst_hardware_r -1.0184615361372775 39.7599983215332 31.6200008392334 AB 3.6777276103215817 1.0175866111104215
60539.0915 lsst_hardware_r -79.90310839940986 168.63999938964844 32.41999816894531 AB 2.665595913881828 1.018212668043353
60539.1247 lsst_hardware_i 56.08183407100309 101.41000366210938 31.34000015258789 AB 2.7184904580632594 1.0443013476137752
60543.0657 lsst_hardware_i 11.31758462609805 64.2300033569336 31.329999923706055 AB 3.0996604231938583 1.0187315150724774
60543.0872 lsst_hardware_z 17.709963498732897 58.91999816894531 30.989999771118164 AB 2.8473390141605615 1.0203687561944317
60546.0623 lsst_hardware_g 10.54691294223336 15.380000114440918 31.479999542236328 AB 4.253029261778444 1.0177551777079195
60546.0801 lsst_hardware_r 45.15397526928921 24.170000076293945 31.520000457763672 AB 4.268923095505068 1.0208664237955523
60549.0387 lsst_hardware_i -34.37908670197395 31.43000030517578 31.270000457763672 AB 3.6239144622569555 1.0236564556066914
60549.0551 lsst_hardware_r 19.84589160579116 24.25 31.530000686645508 AB 3.5617727136142103 1.0176493467469172
60553.0202 lsst_hardware_z -15.333668159174964 41.47999954223633 30.950000762939453 AB 1.8205701634315392 1.0295401489716527
60553.0369 lsst_hardware_u -0.014712474107116602 2.809999942779541 28.489999771118164 AB 1.8155240685528475 1.0191939007594577
60555.0246 lsst_hardware_g 6.794943792693248 15.5 31.479999542236328 AB 1.7740700240708684 1.0222732431620851
60555.0448 lsst_hardware_r -48.47640212896878 24.190000534057617 31.520000457763672 AB 1.4205663969184668 1.0177192097322556
60557.027 lsst_hardware_i 16.938515341337123 31.34000015258789 31.260000228881836 AB 1.4023037844816377 1.0188693033288723
60557.0471 lsst_hardware_z -9.732009917434343 41.369998931884766 30.950000762939453 AB 1.2096808842481193 1.01960880880645
60561.0128 lsst_hardware_g -39.70124450768748 17.059999465942383 31.520000457763672 AB 2.67886425903375 1.0200339872570203
60561.0323 lsst_hardware_r 18.45851678495313 25.299999237060547 31.530000686645508 AB 2.669087247186445 1.0184116682428406
60565.9926 lsst_hardware_y -79.30648193355971 56.16999816894531 30.06999969482422 AB 2.548395035750066 1.023451821586372
60566.0103 lsst_hardware_i -60.80733729649706 67.86000061035156 31.34000015258789 AB 1.4245654889066928 1.017546777790495
60572.9809 lsst_hardware_y -77.77573549353207 76.98999786376953 30.079999923706055 AB 3.5116435368976004 1.0196903267379183
60573.002 lsst_hardware_z 55.87411456915348 41.7400016784668 30.950000762939453 AB 3.9745459954628455 1.019114357810986
60576.9821 lsst_hardware_y -52.703474488917685 72.3499984741211 30.079999923706055 AB 4.553307401134842 1.0175367576746912
60577.0015 lsst_hardware_r 15.537433806860657 25.110000610351562 31.530000686645508 AB 4.472525668245655 1.024359812553926
