data/validation/pwv_sim_epoch_fit_epoch/30584857.ecsv
# %ECSV 0.9
# ---
# datatype:
# - {name: time, datatype: float64}
# - {name: band, datatype: string}
# - {name: flux, datatype: float64}
# - {name: fluxerr, datatype: float64}
# - {name: zp, datatype: float64}
# - {name: zpsys, datatype: string}
# - {name: pwv, datatype: float64}
# - {name: airmass, datatype: float64}
# meta: {SNID: '30584857', alt: 1024.0, c: 0.060381677001714706, dec: -34.590576, lat: -30.244573, lon: -70.7499537, ra: 27.949219, t0: 60864.7734375,
#   x0: 9.024577617766157e-06, x1: 0.8169851303100586, z: 0.4804370701313019}
# schema: astropy-2.0
time band flux fluxerr zp zpsys pwv airmass
[from data line 132]
61263.2854 lsst_hardware_i -33.671364038204 31.09000015258789 31.219999313354492 AB 7.748853249384149 1.166030133080152
61266.2661 lsst_hardware_r -42.81173436310598 22.809999465942383 31.469999313354492 AB 4.467724911427077 1.2098092956589175
61266.2858 lsst_hardware_i 30.42036951713451 30.829999923706055 31.239999771118164 AB 4.181866100675987 1.1367627864562655
61271.2308 lsst_hardware_g -12.956940329067129 13.569999694824219 31.329999923706055 AB 3.158436229236517 1.3181662696358016
61271.2542 lsst_hardware_r -14.095555957990735 22.860000610351562 31.459999084472656 AB 2.974221986484012 1.2024346013681066
61272.2453 lsst_hardware_i 50.49271506491973 31.65999984741211 31.219999313354492 AB 2.1808442118361846 1.229279465547194
61272.2609 lsst_hardware_r -8.873622246802013 22.549999237060547 31.469999313354492 AB 1.87835371109077 1.1657742194512148
61274.288 lsst_hardware_r -17.192881102019243 31.540000915527344 31.559999465942383 AB 1.916759381099487 1.0729131716201998
61274.3068 lsst_hardware_i 35.88508877406802 32.790000915527344 31.260000228881836 AB 1.918810811719135 1.0387391050042685
61278.2615 lsst_hardware_r -144.5977334325261 78.0199966430664 31.639999389648438 AB 2.464701375256416 1.11143574097462
61278.2789 lsst_hardware_z 87.2423910728071 57.31999969482422 30.979999542236328 AB 2.381473470267541 1.0690439040554576
61281.2586 lsst_hardware_z -90.01460137567632 69.69999694824219 30.989999771118164 AB 6.591053533125247 1.0972288218953299
61281.276 lsst_hardware_r 91.44230823497773 100.80000305175781 31.65999984741211 AB 6.401110989898881 1.0585014314682308
61286.2728 lsst_hardware_y -14.969761332407252 47.720001220703125 30.040000915527344 AB 1.3607733002048004 1.0406117513677526
61286.2914 lsst_hardware_g -38.07269628096007 35.369998931884766 31.68000030517578 AB 1.3338829062600108 1.017713305895227
61296.2716 lsst_hardware_r 28.18312554844361 22.149999618530273 31.510000228881836 AB 3.606882850960398 1.0115119002459634
61297.168 lsst_hardware_r -18.068454884068487 23.270000457763672 31.450000762939453 AB 1.1368680535887488 1.2732073395302441
61299.1714 lsst_hardware_z 8.596866050256363 43.56999969482422 30.940000534057617 AB 3.6559460837522733 1.2301299070498901
61299.1894 lsst_hardware_r 23.946747966220414 22.790000915527344 31.469999313354492 AB 3.4670790639402944 1.1578801282222957
61303.1811 lsst_hardware_z 5.7634169697519875 45.68000030517578 30.940000534057617 AB 7.131270286013077 1.1488614581357408
61303.2006 lsst_hardware_i 22.191801959482053 37.33000183105469 31.270000457763672 AB 6.851546626785127 1.0920104597019766
61309.1835 lsst_hardware_z 45.85500936840436 102.0199966430664 31.739999771118164 AB 3.7063716023368483 1.093808942699413
61311.2133 lsst_hardware_r -71.39230737058926 93.81999969482422 31.65999984741211 AB 3.889731720886547 1.0284627222791356
61311.234 lsst_hardware_i -6.9526042344481445 72.91999816894531 31.34000015258789 AB 3.7431736731906606 1.0092817453833935
61313.2093 lsst_hardware_z -12.791984671895046 50.709999084472656 30.969999313354492 AB 3.864668561553184 1.026676910819734
61313.231 lsst_hardware_r 54.00048282407155 57.97999954223633 31.649999618530273 AB 3.8202722140871135 1.0078544292537066
61315.0909 lsst_hardware_i 7.900177801347467 33.220001220703125 31.190000534057617 AB 6.598195798857683 1.4516950164331304
61315.111 lsst_hardware_z -4.654858296046578 44.4900016784668 30.920000076293945 AB 5.956105910314217 1.3162664995170141
61319.1127 lsst_hardware_r -12.067440777962094 23.290000915527344 31.459999084472656 AB 4.2684453068925485 1.2493620099202543
61319.1317 lsst_hardware_i -19.10335836169796 31.520000457763672 31.239999771118164 AB 5.116104517765959 1.1689945202252847
61323.1121 lsst_hardware_z -97.80705668835718 43.20000076293945 30.940000534057617 AB 3.8184620533520377 1.202980956687358
61323.1317 lsst_hardware_r 15.141909412664269 22.760000228881836 31.489999771118164 AB 3.5957023941868145 1.1319699021523106
61325.1113 lsst_hardware_u -1.100641678830909 2.6500000953674316 28.360000610351562 AB 6.857289414153306 1.184196882480978
61325.1327 lsst_hardware_r 25.122231084572817 22.68000030517578 31.479999542236328 AB 6.694357270418209 1.11278968340516
61326.1087 lsst_hardware_i -24.943235481236204 31.43000030517578 31.229999542236328 AB 6.201942029035227 1.1836896705860238
61326.1277 lsst_hardware_z 54.981683890106595 42.02000045776367 30.940000534057617 AB 6.543765120950135 1.1193098346718213
61328.112 lsst_hardware_r 19.997535674632275 23.170000076293945 31.489999771118164 AB 7.140706183867569 1.1517268038496078
61328.1305 lsst_hardware_u 1.0086773807747866 2.690000057220459 28.43000030517578 AB 6.728505699358593 1.0966664637324703
61330.1068 lsst_hardware_g -4.06316430070929 18.889999389648438 31.5 AB 7.922655124955951 1.1508378000444421
61330.1269 lsst_hardware_r -23.917706095183537 25.3700008392334 31.520000457763672 AB 6.9886036872029536 1.0919693261254615
61332.1088 lsst_hardware_i -7.880971614343624 36.33000183105469 31.270000457763672 AB 4.743904635309449 1.126818203161417
61332.1275 lsst_hardware_z -74.90646368975918 43.849998474121094 30.959999084472656 AB 4.194195637159205 1.0776453332888225
61337.112 lsst_hardware_r -105.23181223301488 88.43000030517578 31.649999618530273 AB 3.3537617902164865 1.0818586420053182
61337.1312 lsst_hardware_i 17.87052677751494 70.36000061035156 31.329999923706055 AB 2.964566638535955 1.0443211408316881
61340.1114 lsst_hardware_z 17.391948217111075 63.68000030517578 30.979999542236328 AB 4.532904414248422 1.0653958980527471
61340.1314 lsst_hardware_i -106.89238160941879 70.27999877929688 31.34000015258789 AB 3.642867609610981 1.0319738270852639
61343.1117 lsst_hardware_r 14.68591231694257 22.3799991607666 31.510000228881836 AB 6.297083097974873 1.049513849662479
61348.0956 lsst_hardware_i 9.230664784150608 30.149999618530273 31.260000228881836 AB 4.765499093802981 1.0538282341406489
61348.0996 lsst_hardware_z 0.1289589143197827 40.93000030517578 30.950000762939453 AB 4.673916142105233 1.0468874233368042
61348.1268 lsst_hardware_r -43.5692296105658 22.0 31.510000228881836 AB 5.1696303244959845 1.0136530048031342
61355.0216 lsst_hardware_y -45.00718304413034 50.290000915527344 29.989999771118164 AB 8.563263459889034 1.216315059877236
61355.0394 lsst_hardware_r 9.185820089506281 22.5 31.469999313354492 AB 8.13269749383983 1.1479294477048787
61358.0227 lsst_hardware_y -3.166264424308113 50.599998474121094 30.0 AB 7.25357351403408 1.1784049572655015
61358.0394 lsst_hardware_z 8.32856196688484 41.959999084472656 30.940000534057617 AB 6.924865588271124 1.122041413168424
61360.025 lsst_hardware_y 12.928915337746899 51.20000076293945 30.010000228881836 AB 7.593007671640465 1.150455707824313
61360.0434 lsst_hardware_z -15.224470607479383 42.52000045776367 30.940000534057617 AB 6.527776044908306 1.095969339045001
61362.0235 lsst_hardware_y -19.019902868248614 53.06999969482422 30.020000457763672 AB 8.62993339352457 1.1373882561482136
61362.0416 lsst_hardware_r 3.1522012197792106 37.93000030517578 31.59000015258789 AB 8.25159742340587 1.0869044486495554
61363.0335 lsst_hardware_z -178.88334010666662 70.94000244140625 31.709999084472656 AB 6.281029637486361 1.1003906162379749
61365.0263 lsst_hardware_y -84.29938557439482 56.470001220703125 30.040000915527344 AB 5.048827217113813 1.105017994553253
61365.0442 lsst_hardware_z 32.931523712620205 55.27000045776367 30.979999542236328 AB 4.09252353514441 1.0632692998557105
61367.0257 lsst_hardware_y 47.61492404386076 60.439998626708984 30.040000915527344 AB 8.33868539634827 1.0924042003948957
61367.0414 lsst_hardware_i 55.44795676082323 67.37999725341797 31.329999923706055 AB 8.001117360679208 1.0581155866008052
61369.0266 lsst_hardware_y -32.66790942587924 58.459999084472656 30.049999237060547 AB 6.771950554822893 1.0773639319334294
61369.0441 lsst_hardware_i -23.150095828772944 57.209999084472656 31.31999969482422 AB 5.412526772943934 1.0438817305581773
