data/validation/pwv_sim_epoch_fit_epoch/30616958.ecsv
# %ECSV 0.9
# ---
# datatype:
# - {name: time, datatype: float64}
# - {name: band, datatype: string}
# - {name: flux, datatype: float64}
# - {name: fluxerr, datatype: float64}
# - {name: zp, datatype: float64}
# - {name: zpsys, datatype: string}
# - {name: pwv, datatype: float64}
# - {name: airmass, datatype: float64}
# meta: {SNID: '30616958', alt: 1024.0, c: -0.08663357049226761, dec: -16.49037, lat: -30.244573, lon: -70.7499537, ra: 289.335938, t0: 61623.71484375,
#   x0: 6.873532731988205e-06, x1: 0.2653937041759491, z: 0.5375557541847229}
# schema: astropy-2.0
time band flux fluxerr zp zpsys pwv airmass
61515.4085 lsst_hardware_z -37.09544772957703 55.06999969482422 30.979999542236328 AB 4.856557158792265 1.0333100337855883
61522.3994 lsst_hardware_z 9.859676562976004 85.66999816894531 31.729999542236328 AB 1.4420816068012023 1.0300582905722875
61524.3972 lsst_hardware_i -29.969769167896214 39.540000915527344 31.290000915527344 AB 12.951249199626917 1.02975663509795
61524.4152 lsst_hardware_y -35.68344709018936 49.939998626708984 30.049999237060547 AB 12.980842380609216 1.0347835609716782
61526.3653 lsst_hardware_z 25.044465135042245 42.279998779296875 30.950000762939453 AB 9.28294128457761 1.0430271106266977
61526.3839 lsst_hardware_r 54.14245695056906 26.600000381469727 31.540000915527344 AB 9.148006863662621 1.031109880935823
61530.3711 lsst_hardware_r -7.981907282039376 24.450000762939453 31.520000457763672 AB 6.910950954460121 1.0317547052528746
61530.3905 lsst_hardware_z 40.70840619383792 41.68000030517578 30.950000762939453 AB 7.135790899701045 1.0310470770540094
61533.3627 lsst_hardware_g 16.81455394352721 15.619999885559082 31.489999771118164 AB 10.687487821408212 1.0318348889873366
61535.3592 lsst_hardware_i -16.36744590886573 31.540000915527344 31.270000457763672 AB 7.191079185415403 1.0311515692587152
61535.3777 lsst_hardware_z 5.284307402140122 41.689998626708984 30.959999084472656 AB 8.063359020974774 1.03131790253561
61539.2545 lsst_hardware_g -36.192545095121766 21.65999984741211 32.13999938964844 AB 8.502505647456472 1.2446941366500754
61539.2809 lsst_hardware_i 34.81001490223466 45.90999984741211 32.0 AB 7.792432845130416 1.140203072046006
61547.292 lsst_hardware_z -55.41687957868372 77.87999725341797 30.989999771118164 AB 4.540084112618768 1.0635006119978374
61547.3115 lsst_hardware_r -15.010221485415741 116.98999786376953 31.65999984741211 AB 4.422037558957879 1.039806609595607
61551.3056 lsst_hardware_i -34.43359803512791 60.0 31.329999923706055 AB 5.856728001352812 1.0360083731276342
61551.3255 lsst_hardware_z -9.93606843500987 58.0099983215332 30.979999542236328 AB 5.8557231987689216 1.0297587617636368
61553.3187 lsst_hardware_r -48.63832918653846 38.84000015258789 31.610000610351562 AB 8.137122746889165 1.0297439806240252
61553.3413 lsst_hardware_z 19.618000483240095 45.56999969482422 30.969999313354492 AB 9.39608428916537 1.038432597807895
61557.2361 lsst_hardware_r -26.496758548302125 24.350000381469727 31.5 AB 7.752045637601201 1.127078458505622
61557.2619 lsst_hardware_z -25.9100182356946 41.880001068115234 30.950000762939453 AB 6.463592547043488 1.0681270045792821
61560.289 lsst_hardware_r 8.466882445611308 23.93000030517578 31.510000228881836 AB 11.815262454565367 1.0318330637351587
61560.3137 lsst_hardware_u -0.25034347378906807 2.799999952316284 28.479999542236328 AB 12.458879255004334 1.0330531502252718
61562.2757 lsst_hardware_g 8.859494964198662 15.180000305175781 31.459999084472656 AB 6.0359745124811734 1.0359223991672495
61562.2961 lsst_hardware_r 15.059784500172078 24.030000686645508 31.520000457763672 AB 6.372076405925944 1.0297889226174206
61571.2332 lsst_hardware_r 35.448503954486725 57.900001525878906 31.6299991607666 AB 12.222681289805866 1.0536794215349885
61571.2536 lsst_hardware_i -20.435041240325326 49.47999954223633 31.309999465942383 AB 12.202966644505612 1.0343980880583425
61573.2325 lsst_hardware_z 38.57155322025227 67.12000274658203 30.989999771118164 AB 5.441534933007272 1.0477923491028645
61573.2523 lsst_hardware_r 103.26734952882049 95.69999694824219 31.65999984741211 AB 4.521055877141857 1.0323223831811525
61575.2284 lsst_hardware_z -214.8875454511708 134.47999572753906 31.760000228881836 AB 3.6045704535246728 1.046268817239001
61581.2161 lsst_hardware_z 0.3190359177799732 48.459999084472656 30.969999313354492 AB 4.583823946299116 1.0421136986451962
61581.2414 lsst_hardware_r -60.06930145001213 48.63999938964844 31.6299991607666 AB 4.502498325727688 1.0297701438730824
61584.0713 lsst_hardware_z -144.92907188247582 70.98999786376953 31.6299991607666 AB 12.194406237126309 1.752069861656157
61584.0974 lsst_hardware_r 2.1454756587869923 36.560001373291016 32.189998626708984 AB 10.580375924648076 1.4682221578002534
61588.2592 lsst_hardware_r -15.981500900131591 24.579999923706055 31.510000228881836 AB 8.604010465603457 1.0523710690779555
61588.271 lsst_hardware_z 6.819408286907609 42.31999969482422 30.950000762939453 AB 8.822343539564548 1.0703480181454983
61595.1974 lsst_hardware_g -3.937012994021293 15.741002163299868 31.469999313354492 AB 2.6580798253930094 1.0305963781814163
61595.2174 lsst_hardware_r 25.012083595008857 24.80357564229359 31.520000457763672 AB 2.2407187167573785 1.0327082459994832
61597.1081 lsst_hardware_r 48.421966507463104 34.80117116691525 31.549999237060547 AB 8.784000044952004 1.1917106707603535
61597.1205 lsst_hardware_i 19.37607335810703 37.20422906297383 31.260000228881836 AB 8.308192004808754 1.1467615691197857
61599.191 lsst_hardware_z 42.69430416040316 49.05981360299004 30.959999084472656 AB 6.339596282489921 1.029851839581414
61599.2105 lsst_hardware_r 19.63886767588413 50.69391019836923 31.6299991607666 AB 7.092722968360326 1.0348297298454558
61609.1375 lsst_hardware_r 1369.5268677950846 67.26352840016243 31.639999389648438 AB 6.056525414105379 1.0442285196733412
61609.1587 lsst_hardware_z 642.5999641138604 56.61756069957242 30.969999313354492 AB 5.978158347753694 1.0307169565092575
61610.1763 lsst_hardware_r 1559.9248376180815 60.52025039751145 31.6299991607666 AB 5.690209359367863 1.0326434019783188
61610.2027 lsst_hardware_y 310.87479393044913 51.28192092323583 30.049999237060547 AB 5.824493148663859 1.057220701304871
61618.1295 lsst_hardware_r 2406.089201968559 54.56120552556356 31.510000228881836 AB 4.295392972737828 1.0322982390622033
61618.1507 lsst_hardware_i 1752.7276935228037 51.99666922344415 31.260000228881836 AB 4.221038887164344 1.0311984252030155
61623.1225 lsst_hardware_u 1.7980821489675123 3.2919550773303503 28.469999313354492 AB 2.0591497057833164 1.0302616940210056
61623.1413 lsst_hardware_g 912.9209413145621 34.05711635799674 31.469999313354492 AB 2.1590459703350557 1.032871617127279
61625.1043 lsst_hardware_g 905.6506667554626 36.8562528098549 31.56999969482422 AB 4.556333324512413 1.0355303010255483
61625.1266 lsst_hardware_r 4995.1069084384735 80.51143925075625 32.290000915527344 AB 3.987646907198879 1.030044835680785
61625.1501 lsst_hardware_z 1401.5474087883235 55.99566224723817 30.950000762939453 AB 3.9933687651042975 1.0431997818976744
61628.1055 lsst_hardware_i 1802.9332306865426 65.80885205326071 31.31999969482422 AB 7.725891808980768 1.031092717652997
61628.1239 lsst_hardware_r 2508.8958693878267 74.851418253306 31.639999389648438 AB 7.707038374892231 1.0313638649601522
61630.0966 lsst_hardware_z 1431.4632814192375 80.15173025390533 30.989999771118164 AB 2.5199805577674996 1.0323558204700942
61650.0434 lsst_hardware_i 1644.3398939838485 59.8335757841171 32.0099983215332 AB 1.612683715730467 1.0317874060975476
61650.0617 lsst_hardware_u 7.137993563979589 4.892243317938553 29.200000762939453 AB 1.6594706103025476 1.0307270871452345
61652.0247 lsst_hardware_u 7.0582380404767315 3.601747097829258 28.479999542236328 AB 1.8685459054120999 1.0399105307923155
61652.0439 lsst_hardware_g 112.07756228851287 18.531997887588993 31.469999313354492 AB 1.5369944154946302 1.0301571149427817
61654.0289 lsst_hardware_r 503.7608989001816 34.95109687212396 31.549999237060547 AB 0.8728500093123274 1.033366230440798
61654.0481 lsst_hardware_i 703.3466739393816 41.86422950535576 31.270000457763672 AB 0.5987757909966496 1.0301518984888596
61672.9851 lsst_hardware_y 162.26192165348095 65.875072868229 30.06999969482422 AB 4.598513697311436 1.0304407747187263
61673.0059 lsst_hardware_g 5.762247483095375 16.788785418038998 31.479999542236328 AB 4.501758492615741 1.0334220054212206
61881.3466 lsst_hardware_u -0.0420808951524209 2.990000009536743 28.489999771118164 AB 11.087070353446565 1.133415493094108
61881.3643 lsst_hardware_y -14.359890554442055 47.90999984741211 30.040000915527344 AB 10.753575319263986 1.0878680140884838
61882.3823 lsst_hardware_r 39.97639791218044 25.260000228881836 31.520000457763672 AB 6.353934596763848 1.052411527414302
61884.4035 lsst_hardware_r 23.869209621673466 24.979999542236328 31.520000457763672 AB 10.19723659232734 1.0311870216231107
61884.4246 lsst_hardware_y 58.19054927988017 65.19000244140625 30.06999969482422 AB 10.066409353716798 1.0322757840078756
61890.4027 lsst_hardware_r -3.9284055489254515 24.850000381469727 31.530000686645508 AB 11.766634399695574 1.0304886280768555
61890.4264 lsst_hardware_y 60.984363320659206 68.47000122070312 30.06999969482422 AB 12.5433508269897 1.0458602690652892
61893.3261 lsst_hardware_r 13.477273594462382 24.860000610351562 31.520000457763672 AB 13.75084006158595 1.1002505800235467
61893.3443 lsst_hardware_z 16.99245895824114 42.310001373291016 30.950000762939453 AB 12.190980524502583 1.063947856304635
61894.2797 lsst_hardware_r 14.242493858892265 25.059999465942383 31.479999542236328 AB 11.588817244149801 1.258696344536744
61894.294 lsst_hardware_u -2.9183265965190417 2.759999990463257 28.3799991607666 AB 10.83650265596103 1.193546014919848
61909.3256 lsst_hardware_r -27.936830393346284 27.15999984741211 31.549999237060547 AB 7.689186908430062 1.0358946358735703
61909.3466 lsst_hardware_z -76.1238271571601 42.130001068115234 30.950000762939453 AB 8.39802471520396 1.0298427953569278
61911.3093 lsst_hardware_r 37.90654304765209 24.219999313354492 31.520000457763672 AB 6.992752415668043 1.0451763568743806
61911.3315 lsst_hardware_u -0.16467605161824406 2.930000066757202 28.56999969482422 AB 6.9092881486546425 1.030698612464331
61925.2329 lsst_hardware_r -70.48404952409756 70.12000274658203 32.36000061035156 AB 12.787593106337003 1.1150998261492024
61925.2591 lsst_hardware_i -2.43519526952084 62.27000045776367 32.04999923706055 AB 12.112243598801125 1.06057034269963
61927.2896 lsst_hardware_z -42.80963979041132 57.75 30.979999542236328 AB 6.000970363681541 1.0302979420862621
61927.3149 lsst_hardware_r 29.604988669337285 75.94000244140625 31.649999618530273 AB 6.348744097697709 1.036571957663204
61946.1241 lsst_hardware_u 0.5865787778873653 2.630000114440918 28.239999771118164 AB 7.010423142015573 1.336549167554048
61946.1366 lsst_hardware_g 9.5960046469926 15.470000267028809 31.389999389648438 AB 4.961418862748015 1.2645390245311623
61948.2457 lsst_hardware_i 17.098871403690566 31.420000076293945 31.25 AB 7.464608718571418 1.0308334632533094
61948.2692 lsst_hardware_r -5.525119580357259 24.3799991607666 31.510000228881836 AB 7.4325494196896384 1.0471329134530345
61957.2145 lsst_hardware_z 170.0905730053605 84.80999755859375 31.0 AB 4.482306252785338 1.0297839453481645
61957.236 lsst_hardware_r 55.12205058322656 124.66999816894531 31.65999984741211 AB 4.544875007213851 1.0388285730774516
61959.2089 lsst_hardware_i -183.89997836487169 138.05999755859375 31.350000381469727 AB 1.6188117181912007 1.0297784466865483
61959.2286 lsst_hardware_z -49.780911852210366 114.7300033569336 31.010000228881836 AB 1.658270981407707 1.0373378395919555
61963.1909 lsst_hardware_z 15.23342059844916 75.41999816894531 31.729999542236328 AB 6.046036912184478 1.03038420385741
61967.201 lsst_hardware_z -43.615764735615244 41.68000030517578 30.950000762939453 AB 3.167803213145443 1.033709646971918
61967.2234 lsst_hardware_u -1.596388047689221 2.9000000953674316 28.479999542236328 AB 3.0938588418327955 1.0546646810404434
61975.1607 lsst_hardware_r -20.28389846105008 24.34000015258789 31.510000228881836 AB 6.385773861579485 1.0299635260612072
61975.1843 lsst_hardware_g -7.457547648685729 21.969999313354492 32.209999084472656 AB 5.718560736088103 1.0368947104615711
61975.2063 lsst_hardware_r -16.270212927889176 24.530000686645508 31.510000228881836 AB 5.848043586545512 1.0615435807851719
61977.161 lsst_hardware_r 12.78348422246954 24.280000686645508 31.510000228881836 AB 9.410287341523095 1.029853607827425
61977.1835 lsst_hardware_i 2.058143328180911 31.479999542236328 31.239999771118164 AB 11.258817405506854 1.0406042243639817
61980.1585 lsst_hardware_z -42.06770616410436 42.29999923706055 30.950000762939453 AB 4.274039963296182 1.030882769728939
61980.1789 lsst_hardware_i 26.98854771584411 32.84000015258789 31.260000228881836 AB 4.3270543892650535 1.044005401945887
61982.1625 lsst_hardware_z -49.47159212636705 66.83000183105469 31.709999084472656 AB 3.829918381195973 1.0351130759989116
61984.1585 lsst_hardware_r 60.877249145824365 80.8499984741211 31.65999984741211 AB 1.8887187683505988 1.0360497906476132
61984.1783 lsst_hardware_i 16.730999806808175 67.69999694824219 31.329999923706055 AB 1.992796373311079 1.056485817527411
61989.1231 lsst_hardware_z 13.705356526301813 78.45999908447266 31.0 AB 2.8154781698143183 1.02989599261612
61989.1434 lsst_hardware_r -95.39227175122006 118.66999816894531 31.65999984741211 AB 2.782060734284106 1.0351211959385238
61991.0876 lsst_hardware_r -107.60866033767712 68.9800033569336 31.649999618530273 AB 4.014985948647403 1.0488469040353716
61991.1061 lsst_hardware_i -25.879382825233385 58.25 31.329999923706055 AB 4.020096923324373 1.0333553911381304
61993.0841 lsst_hardware_z -26.658906470924173 41.650001525878906 30.950000762939453 AB 7.842396154927006 1.0466063953727183
61993.1032 lsst_hardware_i 13.660987502645728 38.40999984741211 31.290000915527344 AB 7.7265810037373015 1.0321834176965714
61996.0948 lsst_hardware_u -2.596460949970352 2.890000104904175 28.540000915527344 AB 3.711872160896067 1.0322703576072492
61996.1147 lsst_hardware_g -1.302570707639905 15.399999618530273 31.479999542236328 AB 3.801265937116392 1.0308517795569876
62004.089 lsst_hardware_z 9.343702006606637 41.54999923706055 30.950000762939453 AB 2.83185442933298 1.0300461687125508
62004.108 lsst_hardware_u 0.5130241812486291 2.809999942779541 28.489999771118164 AB 2.8894679012524347 1.0390966110770241
62012.042 lsst_hardware_r 99.04904956516853 71.55999755859375 31.649999618530273 AB 4.286205068143711 1.0375708225959115
62012.0623 lsst_hardware_i -24.263371985190997 63.470001220703125 31.329999923706055 AB 4.259646370174334 1.0297706684816472
62014.0415 lsst_hardware_z -88.53136361898272 80.41999816894531 31.0 AB 1.7876460590867063 1.0343178741099555
62014.0593 lsst_hardware_i 29.843465291019907 92.4000015258789 31.34000015258789 AB 1.3076839779110105 1.0298075689022264
62022.0263 lsst_hardware_g 10.680312417637412 15.460000038146973 31.479999542236328 AB 2.692123446281581 1.031333206339515
62022.0443 lsst_hardware_r 2.0678318039997605 24.270000457763672 31.520000457763672 AB 2.6481799217327726 1.0310219668027145
62028.0138 lsst_hardware_i -43.42384725916202 31.559999465942383 31.260000228881836 AB 1.3287547159975859 1.0303086451260681
62028.0324 lsst_hardware_z 19.944798502666153 41.81999969482422 30.959999084472656 AB 1.3310746904623045 1.0327081066494894
62028.9926 lsst_hardware_y 44.438751678942374 47.810001373291016 30.049999237060547 AB 2.7316075184879978 1.0399521009472072
62029.0105 lsst_hardware_r 2.756700571238102 24.5 31.520000457763672 AB 2.5879144028382193 1.0304258024439603
62031.9945 lsst_hardware_y -22.47779727841375 47.7400016784668 30.049999237060547 AB 6.233179546985782 1.0331807636309933
62032.0137 lsst_hardware_r -18.54189165738609 24.469999313354492 31.520000457763672 AB 6.078373352713182 1.030232771646302
62033.9956 lsst_hardware_y 21.10846350101504 48.279998779296875 30.049999237060547 AB 3.5547879197300043 1.0307218633538542
62034.0152 lsst_hardware_z -43.308913281870645 41.810001373291016 30.950000762939453 AB 4.026157162852724 1.0323479904750574
62035.9829 lsst_hardware_y 10.800426061183517 67.18000030517578 30.06999969482422 AB 1.170290639400239 1.033521318281047
62036.004 lsst_hardware_u -3.668301365042429 3.0299999713897705 28.520000457763672 AB 1.5457219049761826 1.0304812699841217
