data/validation/pwv_sim_epoch_fit_epoch/30650978.ecsv
# %ECSV 0.9
# ---
# datatype:
# - {name: time, datatype: float64}
# - {name: band, datatype: string}
# - {name: flux, datatype: float64}
# - {name: fluxerr, datatype: float64}
# - {name: zp, datatype: float64}
# - {name: zpsys, datatype: string}
# - {name: pwv, datatype: float64}
# - {name: airmass, datatype: float64}
# meta: {SNID: '30650978', alt: 1024.0, c: -0.0301505196839571, dec: -43.605747, lat: -30.244573, lon: -70.7499537, ra: 81.437248, t0: 61256.80078125,
#   x0: 4.0228493144072685e-05, x1: -1.21825110912323, z: 0.2534637153148651}
# schema: astropy-2.0
time band flux fluxerr zp zpsys pwv airmass
61332.3743 lsst_hardware_z 6.158390848210196 52.38999938964844 30.969999313354492 AB 3.978808001422502 1.038265907386379
61334.3675 lsst_hardware_r 14.54752417270999 23.229999542236328 31.510000228881836 AB 2.5935499491828575 1.0372816754497498
61337.3619 lsst_hardware_r -35.430470067256124 22.299999237060547 31.489999771118164 AB 3.7315287660871563 1.0392300685351674
61337.3727 lsst_hardware_i -49.0130129603071 45.18000030517578 31.299999237060547 AB 3.7589976094952156 1.0493642421705343
61340.3565 lsst_hardware_z 82.65010816954 57.130001068115234 30.979999542236328 AB 3.1928290039071388 1.0415361291492164
61340.3664 lsst_hardware_i -7.597260756340117 63.939998626708984 31.329999923706055 AB 3.201404328028343 1.051479415818374
61345.1729 lsst_hardware_g -4.343195786156228 18.489999771118164 32.06999969482422 AB 5.89572746071381 1.3295634354763157
61345.1893 lsst_hardware_r 24.47022083713782 22.459999084472656 31.459999084472656 AB 5.544186065197947 1.2512738909605465
61348.2821 lsst_hardware_r -14.068584979473727 30.360000610351562 32.25 AB 5.2305007184677 1.0331002982737028
61348.2987 lsst_hardware_g -26.505859141781237 18.829999923706055 32.16999816894531 AB 5.858898911452928 1.0278770020092856
61358.3297 lsst_hardware_i 10.8327420126074 29.799999237060547 31.239999771118164 AB 6.305138867622543 1.0680340251753082
61358.3409 lsst_hardware_z -4.638991303437987 41.61000061035156 30.950000762939453 AB 6.241636164725842 1.0870300854346058
61362.3231 lsst_hardware_u -1.3972626692117998 2.559999942779541 28.3700008392334 AB 4.893425973126928 1.0748876382486388
61362.335 lsst_hardware_g -8.181714847104224 12.989999771118164 31.3700008392334 AB 4.057017943608867 1.0968866105647619
61363.3158 lsst_hardware_r 5.1350326050187105 21.34000015258789 31.459999084472656 AB 6.7115672432316655 1.0676583405419233
61363.3274 lsst_hardware_i 2.6822468399117687 29.860000610351562 31.229999542236328 AB 6.815021300674907 1.0873154322803629
61365.322 lsst_hardware_z -7.6448334424964 41.09000015258789 30.940000534057617 AB 4.491085540015558 1.0874299128366969
61365.3336 lsst_hardware_r 3.4347011052304572 21.690000534057617 31.459999084472656 AB 4.109073202677032 1.11161184977054
61367.3161 lsst_hardware_z 83.24923022835608 52.650001525878906 30.959999084472656 AB 7.055237637547178 1.0866052961633335
61367.3281 lsst_hardware_r 8.281466292004795 51.939998626708984 31.610000610351562 AB 7.091047692969921 1.111522073223683
61371.3223 lsst_hardware_r 6.356131239147982 59.84000015258789 31.6200008392334 AB 4.314561057022164 1.1237299276005115
61371.3342 lsst_hardware_z 102.43863217565486 52.43000030517578 30.959999084472656 AB 4.565971681903759 1.1560397540476461
61373.3112 lsst_hardware_y -75.56477022104123 49.119998931884766 30.030000686645508 AB 4.975353808203346 1.110342855785489
61373.3228 lsst_hardware_r -27.240621264017204 43.619998931884766 31.600000381469727 AB 5.09574172505332 1.1392011606580332
61375.2975 lsst_hardware_r 61.62743873307221 29.520000457763672 31.549999237060547 AB 7.543574025703405 1.0928492407334778
61375.309 lsst_hardware_i 2.5254243543009847 33.970001220703125 31.25 AB 7.795389788683089 1.1179391637290443
61380.2914 lsst_hardware_r -31.853310604960914 21.81999969482422 31.469999313354492 AB 5.63118601237506 1.1087922051147239
61380.3035 lsst_hardware_u 1.3341712493187199 2.5899999141693115 28.360000610351562 AB 4.972107129823137 1.1386939493468766
61382.2184 lsst_hardware_u 7.638122667700801 2.690000057220459 28.510000228881836 AB 5.311443186539774 1.0287513435095437
61382.2309 lsst_hardware_g 20.53376825769751 12.680000305175781 31.389999389648438 AB 5.337198749204276 1.0337398313391974
61386.2107 lsst_hardware_r -29.648821117691785 21.31999969482422 31.479999542236328 AB 12.913767207500406 1.0296417802185238
61386.2239 lsst_hardware_u -3.3135077784604974 2.640000104904175 28.459999084472656 AB 13.037070008612373 1.0361683364021914
61388.2139 lsst_hardware_g -13.93123537494304 12.579999923706055 31.3799991607666 AB 8.094947876640896 1.033397601273306
61388.2266 lsst_hardware_r -8.429139896125955 21.299999237060547 31.479999542236328 AB 8.065123109651328 1.042566813700484
61391.1998 lsst_hardware_r -0.7885041275401972 21.420000076293945 31.489999771118164 AB 8.754260460218905 1.0306202837498957
61391.2125 lsst_hardware_i -21.23981774176788 29.649999618530273 31.25 AB 8.820896813205945 1.0377525662595228
61393.1995 lsst_hardware_z -24.670145045988072 43.88999938964844 30.959999084472656 AB 5.287562753341634 1.0329961096654294
61393.2114 lsst_hardware_r 12.452452774983877 32.0099983215332 31.579999923706055 AB 5.395568981846158 1.0412136205801155
61404.1798 lsst_hardware_g -14.334401811933462 19.139999389648438 31.549999237060547 AB 9.671215025309309 1.0399155941192804
61404.1938 lsst_hardware_r -13.776690027934343 27.90999984741211 31.549999237060547 AB 9.802368506132439 1.054018118938972
61410.1751 lsst_hardware_r 28.902284697245353 21.34000015258789 31.479999542236328 AB 12.020560522162393 1.051299678341997
61410.1892 lsst_hardware_i 3.702269084099421 29.760000228881836 31.239999771118164 AB 12.337891950792827 1.0703317048820442
61412.1781 lsst_hardware_z 31.91863901199398 40.83000183105469 30.950000762939453 AB 8.517703954095019 1.0620026749352196
61412.1904 lsst_hardware_r -12.285980587114404 21.5 31.469999313354492 AB 8.629119744856837 1.0814562604520317
61414.1558 lsst_hardware_u 5.505014005343835 2.5399999618530273 28.3700008392334 AB 6.673596250987842 1.0427494142168503
61414.169 lsst_hardware_g -16.220855189924777 12.550000190734863 31.360000610351562 AB 7.946790754530679 1.0571406770468827
61416.1056 lsst_hardware_u -1.1196042347418746 2.6700000762939453 28.479999542236328 AB 5.825551600975181 1.0293403305901936
61416.1205 lsst_hardware_g 6.74485660276145 12.649999618530273 31.389999389648438 AB 5.922356511510349 1.0279192070659324
61421.1095 lsst_hardware_z -44.127255984586995 59.650001525878906 31.709999084472656 AB 3.876612522096683 1.028279183580022
61423.0969 lsst_hardware_z 20.910730100192307 46.0099983215332 30.969999313354492 AB 4.024614243962288 1.0277360173550276
61423.111 lsst_hardware_r -24.5081693089523 44.4900016784668 31.6299991607666 AB 4.056024650618567 1.0301014985697998
61425.0954 lsst_hardware_i 32.82701610899901 51.5 31.31999969482422 AB 7.86477220303115 1.0278732540065543
61425.1088 lsst_hardware_z 6.576567054762427 51.13999938964844 30.969999313354492 AB 7.910812766158063 1.0313967100597188
61433.0729 lsst_hardware_z -42.98568261454471 40.2400016784668 30.950000762939453 AB 11.993338105241714 1.0278242105846136
61433.0855 lsst_hardware_u 5.361340924620694 2.640000104904175 28.459999084472656 AB 12.831484244513454 1.0307861944059071
61435.0719 lsst_hardware_g 2.2279838401572034 12.779999732971191 31.40999984741211 AB 11.372679854738553 1.028395212328661
61435.0847 lsst_hardware_r 18.404862411494257 21.440000534057617 31.489999771118164 AB 13.178183543921586 1.0329484011591508
61439.0705 lsst_hardware_i 34.60209980923154 29.56999969482422 31.260000228881836 AB 8.001103982679913 1.0313691447494329
61439.0833 lsst_hardware_u 0.13585754545610013 2.7699999809265137 28.56999969482422 AB 8.047710425873975 1.0391852569162894
61441.0723 lsst_hardware_g 9.387394817425083 12.770000457763672 31.399999618530273 AB 6.212418491061995 1.0352592958303672
61441.0845 lsst_hardware_r -22.888962238271176 21.520000457763672 31.5 AB 6.430412751501558 1.0450291578821644
61444.0661 lsst_hardware_i -41.56712642129025 41.75 32.0 AB 10.553979988149 1.0365755150867655
61444.0804 lsst_hardware_r 11.822143227361599 30.290000915527344 32.2400016784668 AB 10.472623877395412 1.0492384534936032
61446.0592 lsst_hardware_u -0.4020434830921959 2.6700000762939453 28.479999542236328 AB 2.6925985196403395 1.0356148152462843
61446.0723 lsst_hardware_g -1.5669821805569335 12.739999771118164 31.389999389648438 AB 2.7208227163558716 1.046470275521489
61449.0586 lsst_hardware_r -47.0539116555945 24.309999465942383 31.510000228881836 AB 2.601494368763051 1.04132667617854
61449.0713 lsst_hardware_i -20.73928133147377 30.940000534057617 31.25 AB 2.625676891099923 1.0544887112851096
61451.0634 lsst_hardware_z -37.56250598298083 43.56999969482422 30.959999084472656 AB 1.8104223501963586 1.0516030883564695
61451.0751 lsst_hardware_r 67.43576048136131 34.650001525878906 31.59000015258789 AB 1.8332081334165915 1.0670594490201348
