data/validation/pwv_sim_epoch_fit_epoch/30692573.ecsv
# %ECSV 0.9
# ---
# datatype:
# - {name: time, datatype: float64}
# - {name: band, datatype: string}
# - {name: flux, datatype: float64}
# - {name: fluxerr, datatype: float64}
# - {name: zp, datatype: float64}
# - {name: zpsys, datatype: string}
# - {name: pwv, datatype: float64}
# - {name: airmass, datatype: float64}
# meta: {SNID: '30692573', alt: 1024.0, c: -0.0974205806851387, dec: -50.67416, lat: -30.244573, lon: -70.7499537, ra: 0.63981, t0: 60593.86328125,
#   x0: 3.228956483696471e-06, x1: -0.8793488144874573, z: 0.7330888509750366}
# schema: astropy-2.0
time band flux fluxerr zp zpsys pwv airmass
60483.4252 lsst_hardware_z 66.96502051227958 62.08000183105469 30.979999542236328 AB 3.0446302781018315 1.0715812681396681
60483.4368 lsst_hardware_y -82.62448846294394 58.41999816894531 30.059999465942383 AB 3.0740475321750913 1.0672232138319426
60486.4288 lsst_hardware_r -48.04468924459024 72.11000061035156 31.639999389648438 AB 6.210269262456254 1.0671788170104688
60486.4424 lsst_hardware_y -123.0776544004987 66.94999694824219 30.059999465942383 AB 6.206628094688799 1.0664004057195802
60491.31 lsst_hardware_r -46.444234058924465 51.18000030517578 32.97999954223633 AB 10.854217716480557 1.247324490517209
60491.3338 lsst_hardware_i 35.555498328521026 45.790000915527344 31.979999542236328 AB 10.127303282757174 1.1748611696934077
60498.444 lsst_hardware_u 11.16763998558821 11.510000228881836 29.280000686645508 AB 2.3535462965897618 1.0850835853341456
60500.3864 lsst_hardware_g -2.892604273755896 13.079999923706055 31.3799991607666 AB 10.451196191468208 1.0683381686794542
60500.399 lsst_hardware_r -18.89578044831785 21.899999618530273 31.479999542236328 AB 10.284291657866262 1.066153220574545
60505.4226 lsst_hardware_r -0.5136495553775638 22.040000915527344 31.479999542236328 AB 4.961089047318176 1.0828919631806264
60505.4343 lsst_hardware_u 1.5205294623212335 3.8499999046325684 28.65999984741211 AB 5.023090821162046 1.0955686190942138
60507.419 lsst_hardware_g -25.857861094655444 13.100000381469727 31.350000381469727 AB 2.984714845471417 1.084660614325944
60507.4304 lsst_hardware_i -44.974073173750384 31.5 31.229999542236328 AB 3.01878898022534 1.097541894282981
60509.4128 lsst_hardware_z 53.372734584171816 41.2400016784668 30.940000534057617 AB 3.0689212831394936 1.0839457070691367
60509.4236 lsst_hardware_r -18.277736751529492 22.110000610351562 31.469999313354492 AB 3.491628277196594 1.095842535016585
60510.2837 lsst_hardware_r -38.71376196418968 123.29000091552734 32.810001373291016 AB 3.3232271052946696 1.170356437856901
60510.3104 lsst_hardware_y 48.18444532863359 73.20999908447266 30.770000457763672 AB 3.61975233361031 1.115314230044773
60512.4012 lsst_hardware_z 0.598578634735315 68.38999938964844 30.979999542236328 AB 5.793568531785151 1.080839239174507
60512.413 lsst_hardware_r -66.9868270632314 97.66000366210938 31.639999389648438 AB 5.814562553423252 1.0929115273574084
60515.4028 lsst_hardware_i 69.83959238922864 62.810001373291016 31.309999465942383 AB 6.820000919188487 1.09058941699664
60515.4143 lsst_hardware_z -59.96316340149859 59.15999984741211 30.969999313354492 AB 6.845142057535275 1.1053923387218854
60517.4024 lsst_hardware_r 65.7109252454831 48.58000183105469 31.610000610351562 AB 3.203854700913458 1.0966471678635832
60517.4148 lsst_hardware_z 25.786144904973778 48.599998474121094 30.959999084472656 AB 3.277892870459525 1.1145504489831775
60518.3992 lsst_hardware_g -3.7820742561361222 35.13999938964844 31.649999618530273 AB 3.864506540344641 1.0960547975451593
60518.4113 lsst_hardware_i 28.652294965093823 38.09000015258789 31.270000457763672 AB 3.9069711105883282 1.113308637135732
60524.2163 lsst_hardware_i -79.08218928695175 55.33000183105469 32.40999984741211 AB 2.7973275378679383 1.2604359587868776
60524.2365 lsst_hardware_r -38.11469843044006 39.31999969482422 32.650001525878906 AB 2.6697030104988766 1.1944089227493682
60528.3917 lsst_hardware_z 30.386419828844684 42.43000030517578 30.940000534057617 AB 3.411708302003517 1.126534027407468
60528.403 lsst_hardware_r -2.1263656478903115 22.709999084472656 31.469999313354492 AB 3.628853512588401 1.14931093855897
60534.293 lsst_hardware_r 42.203729388469576 22.290000915527344 31.489999771118164 AB 3.8769995361465885 1.0685345529114463
60534.3051 lsst_hardware_z 11.963974467167022 41.25 30.950000762939453 AB 3.916459699144771 1.0661868509468524
60538.3279 lsst_hardware_z -75.26548735908551 49.16999816894531 30.969999313354492 AB 4.514313669454709 1.0789038843548397
60538.3401 lsst_hardware_r -4.392330026715478 43.529998779296875 31.610000610351562 AB 4.8459560121652405 1.0906945784751836
60540.3294 lsst_hardware_i 29.618220788875142 72.41999816894531 31.329999923706055 AB 2.9244650843594915 1.0851447437326498
60540.3407 lsst_hardware_z -50.52843543240323 65.16999816894531 30.979999542236328 AB 2.5881014591009324 1.0980489856177058
60542.3689 lsst_hardware_z 68.77062817191484 74.4800033569336 30.979999542236328 AB 2.1076234223014825 1.1586714800999682
60542.3787 lsst_hardware_r 134.976016821833 108.9800033569336 31.6200008392334 AB 1.3016656269852322 1.1833323881683928
60545.3594 lsst_hardware_r -6.331425493372213 59.06999969482422 31.6200008392334 AB 3.704196165595822 1.1556352430103438
60545.3706 lsst_hardware_z -28.43715201828007 52.72999954223633 30.959999084472656 AB 3.816345153991427 1.183576922127959
60547.07 lsst_hardware_g 6.799114086158568 19.18000030517578 31.93000030517578 AB 3.629171662728163 1.8109639035569676
60547.077 lsst_hardware_r -14.607688787713018 34.470001220703125 32.119998931884766 AB 3.6008218369324845 1.7386875117974332
60547.113 lsst_hardware_i -28.428963664032633 33.59000015258789 31.190000534057617 AB 2.75770742675188 1.456599723624392
60547.1314 lsst_hardware_r 14.788369886916799 23.559999465942383 31.440000534057617 AB 2.9082420699253424 1.3551920176725734
60548.3104 lsst_hardware_g -25.732735801585736 26.110000610351562 31.610000610351562 AB 3.2828709200717308 1.088064161764922
60548.3221 lsst_hardware_r 63.67326321576956 30.350000381469727 31.559999465942383 AB 3.322189528922158 1.1024050644876224
60550.3134 lsst_hardware_i 20.411650653220043 31.020000457763672 31.239999771118164 AB 7.662673414912763 1.09805329502816
60550.3242 lsst_hardware_z -104.73656784668522 42.209999084472656 30.940000534057617 AB 7.767372686732927 1.1137348815962929
60554.3075 lsst_hardware_r 13.689470866622754 22.549999237060547 31.479999542236328 AB 2.9759341629072176 1.104926050584363
60554.3192 lsst_hardware_u 1.0972087111670723 2.6600000858306885 28.389999389648438 AB 2.8909512917254454 1.1237905895920097
60556.2982 lsst_hardware_u -0.17079413830663692 2.680000066757202 28.420000076293945 AB 2.544490769124528 1.099607073951827
60556.3104 lsst_hardware_g -17.01292941981918 13.5600004196167 31.3799991607666 AB 2.590567631674177 1.117989339714095
60558.2919 lsst_hardware_r 7.063961851037497 22.450000762939453 31.489999771118164 AB 0.7689502513865988 1.0985003591237126
60558.3036 lsst_hardware_z 18.478025124803406 41.95000076293945 30.940000534057617 AB 0.7810304927623418 1.1157578468033456
60567.2919 lsst_hardware_z 49.06155902710841 52.88408190571797 30.969999313354492 AB 2.045402037777015 1.1394997424941589
60567.303 lsst_hardware_r 13.800435854691369 52.55761096326276 31.610000610351562 AB 2.088638628113395 1.164289661232972
60572.2847 lsst_hardware_z 251.76280131757733 92.57778897024704 31.719999313354492 AB 7.958459331295042 1.1533999030862379
60575.2764 lsst_hardware_r 305.745348003023 49.14889930190377 31.600000381469727 AB 2.021864875498437 1.1531548719572837
60575.2876 lsst_hardware_z 146.49088684069352 50.05134506938908 30.950000762939453 AB 2.049621613325213 1.1806576113624498
60579.2237 lsst_hardware_r 532.3118955252404 31.524188421137474 31.469999313354492 AB 3.6664819953139687 1.0859360238860605
60579.2353 lsst_hardware_i 546.4220074404545 38.61533911836997 31.229999542236328 AB 3.7466550510601726 1.0994781525169244
60581.2484 lsst_hardware_z 435.2233153888103 46.484039955481855 30.940000534057617 AB 5.219212369580761 1.1291497365094405
60581.2604 lsst_hardware_u 11.110709687171681 4.111315108971704 28.309999465942383 AB 5.272343449732774 1.1540223514663885
60583.2482 lsst_hardware_g 220.5031472298029 19.975151296099412 31.360000610351562 AB 4.801749103916869 1.1394753450206423
60583.2603 lsst_hardware_r 770.5693385809524 35.55210869553059 31.459999084472656 AB 5.5463010742152115 1.1667007834130287
60585.2408 lsst_hardware_i 964.2112190248649 43.574347369060376 31.239999771118164 AB 3.7317578787413863 1.1355672510432968
60585.2529 lsst_hardware_z 573.3899118632747 48.81769057850994 30.940000534057617 AB 3.094792029967324 1.161999510626029
60589.2405 lsst_hardware_g 199.21353409857093 19.318340061143342 31.3700008392334 AB 4.66926109880082 1.1585058034860465
60589.2511 lsst_hardware_r 960.5826796768738 38.07285970686881 31.469999313354492 AB 5.215341717507582 1.1853049357971777
60591.1606 lsst_hardware_r 978.9110455809753 38.03428176886111 31.489999771118164 AB 3.7607338042809646 1.0672532967097765
60591.1721 lsst_hardware_i 1143.4505208379226 45.44298371796117 31.25 AB 3.477978002347765 1.0715758454393853
60595.1639 lsst_hardware_r 921.5579326119145 55.858004671462886 31.6200008392334 AB 6.366988249803632 1.073087907270275
60595.1751 lsst_hardware_z 723.4124662117557 54.318623217218565 30.959999084472656 AB 7.011175927673044 1.081304122096398
60597.1862 lsst_hardware_r 942.2579139689497 77.01428396028992 31.6299991607666 AB 7.1991147607756325 1.0995491437903282
60597.1969 lsst_hardware_i 1115.6114276683077 68.59842328785663 31.309999465942383 AB 7.425707159918139 1.1154176587099147
60598.1823 lsst_hardware_z 681.8714906593975 65.83717366401858 30.979999542236328 AB 8.322032487707887 1.0980141819955431
60598.1935 lsst_hardware_i 1141.378989523884 74.04873134710118 31.31999969482422 AB 8.45532713315294 1.1143269444267718
60600.1821 lsst_hardware_z 1074.300145352149 97.8759598131167 31.729999542236328 AB 6.438132965706929 1.1052272551355204
60602.1762 lsst_hardware_r 603.9112736921868 74.06294188673003 31.639999389648438 AB 2.3852837932833326 1.1045963616485932
60602.1875 lsst_hardware_i 1007.445199388802 64.64286718408219 31.309999465942383 AB 2.5821316200531 1.1226659217622175
60604.1815 lsst_hardware_z 1297.9513793386466 74.38003861428587 31.700000762939453 AB 3.1368845582581524 1.121718061240176
60606.1671 lsst_hardware_r 455.7367479648486 31.62813201054537 31.479999542236328 AB 2.57741822238449 1.1072573181761316
60606.1782 lsst_hardware_g 30.367069646109535 14.974759690946653 31.3700008392334 AB 2.6042092253461817 1.1255766713792086
60608.1657 lsst_hardware_r 467.0906817230756 30.778026260089486 31.489999771118164 AB 2.7675016508643964 1.113533389564537
60608.1769 lsst_hardware_i 721.2845201071658 40.886444066557544 31.239999771118164 AB 1.4477490992381201 1.1334152655830794
60610.1628 lsst_hardware_z 539.3904609506145 47.75572704793201 30.950000762939453 AB 3.1478430949302285 1.117742776717347
60610.1735 lsst_hardware_i 639.4379947909949 39.973887262087906 31.239999771118164 AB 2.3318785893026637 1.1375017508793481
60612.1611 lsst_hardware_u -4.431553397820647 2.90674792601503 28.559999465942383 AB 6.286712728949426 1.1242835836633303
60612.1713 lsst_hardware_g 63.743809042786374 15.232697037575635 31.40999984741211 AB 5.881437428525377 1.1442485269504625
60614.1478 lsst_hardware_g 55.03006359167735 14.696992547586838 31.389999389648438 AB 5.141133313550326 1.1111359213767724
60614.1585 lsst_hardware_r 311.60429845941775 28.183903423194913 31.479999542236328 AB 5.2089263586001175 1.1295514168058371
60627.0541 lsst_hardware_y 198.1263286280167 74.22704192173103 30.790000915527344 AB 4.123350958210759 1.0662000409096364
60628.1573 lsst_hardware_z 397.6221346777973 86.53003588837018 31.709999084472656 AB 5.111317191684224 1.2230469850490664
60630.054 lsst_hardware_z 200.91815789205833 57.99084765585759 30.969999313354492 AB 3.990161087716339 1.0672446907970132
60630.0675 lsst_hardware_r 162.5251204252796 76.99207672263287 31.649999618530273 AB 4.180008601575935 1.072622171305346
60632.0535 lsst_hardware_u -0.9536994110845617 2.7359810526034614 28.440000534057617 AB 5.034777747987559 1.068690221386258
60632.0657 lsst_hardware_r 72.39172629521588 23.899066671579167 31.489999771118164 AB 5.067318156029006 1.0748748121393399
60636.0539 lsst_hardware_r 55.29858001191395 23.602979139390584 31.489999771118164 AB 7.334995603715313 1.0743048777593909
60636.0665 lsst_hardware_u 2.4146365083732926 2.8529610214187753 28.420000076293945 AB 7.39346881712319 1.0844175983068745
60860.3223 lsst_hardware_r 9.885697101784269 31.84000015258789 32.209999084472656 AB 8.223247143735021 1.1781437680558218
60860.3478 lsst_hardware_u 2.1709945686894385 3.5999999046325684 29.06999969482422 AB 8.034610024465659 1.1225049805406917
60863.3707 lsst_hardware_i -52.81073361205608 38.97999954223633 31.280000686645508 AB 1.6987797211991036 1.0815660364171575
60863.3841 lsst_hardware_z -54.80486239988066 41.150001525878906 30.950000762939453 AB 1.5520577315406534 1.0719864612920365
60867.4249 lsst_hardware_r -196.66500477253322 93.29000091552734 31.649999618530273 AB 9.923637456744695 1.0773193544327873
60867.4372 lsst_hardware_i 73.33353712321622 75.05000305175781 31.329999923706055 AB 10.018368531037677 1.0885784093559596
60870.4312 lsst_hardware_z -2.307148448762143 58.4900016784668 30.969999313354492 AB 7.46111983258036 1.0910063728869106
60870.4425 lsst_hardware_i 95.48181927993123 68.05999755859375 31.31999969482422 AB 7.627869732953458 1.1056486060231132
60877.418 lsst_hardware_g 9.99622284892391 13.640000343322754 31.3799991607666 AB 6.832284493509109 1.098217318627197
60877.4293 lsst_hardware_r 1.4020928612023913 23.0 31.479999542236328 AB 6.960846409768757 1.1147610056882342
60879.4227 lsst_hardware_i 9.454002672091516 30.59000015258789 31.229999542236328 AB 5.675906908571221 1.1129229232492592
60879.4349 lsst_hardware_z 36.98884088603095 46.7400016784668 30.950000762939453 AB 5.786688487286082 1.1346448014286437
60881.404 lsst_hardware_z -35.474170825826654 41.689998626708984 30.950000762939453 AB 6.793103315397774 1.0943380290612605
60881.4152 lsst_hardware_i -23.099008463885088 30.610000610351562 31.239999771118164 AB 6.830942503480918 1.1097299169004822
60884.1383 lsst_hardware_r 36.535005615525996 24.549999237060547 31.309999465942383 AB 7.078052818797066 1.9129872483235313
60884.1541 lsst_hardware_u -2.0976797216679013 2.1500000953674316 27.799999237060547 AB 6.434664704533557 1.7390985687928533
60886.4073 lsst_hardware_z 1.1445579191848763 42.45000076293945 30.950000762939453 AB 5.254855477272806 1.1190464192950076
60886.4194 lsst_hardware_u 0.9652487880728357 2.8499999046325684 28.450000762939453 AB 4.325778841456507 1.1419690711342416
60890.408 lsst_hardware_i 5.199806793909858 31.079999923706055 31.229999542236328 AB 3.1654356562777557 1.1409716410949498
60890.4192 lsst_hardware_z 32.769259685777506 43.150001525878906 30.93000030517578 AB 2.5086842705803623 1.1662874340215539
60894.392 lsst_hardware_z -17.706213268318077 56.56999969482422 30.969999313354492 AB 3.4366955259127625 1.1308639440318402
60894.4032 lsst_hardware_r 77.67373392827174 58.47999954223633 31.610000610351562 AB 3.5778660883977422 1.1542744666300921
60897.3357 lsst_hardware_i -72.83894705749238 84.18000030517578 31.329999923706055 AB 5.484774079036285 1.072501775329739
60897.3475 lsst_hardware_z -9.872001675568445 72.80999755859375 30.989999771118164 AB 5.51369670811234 1.0809756975778997
60899.2907 lsst_hardware_r -12.06340589377297 71.86000061035156 31.639999389648438 AB 3.0866164610155113 1.0696372164775945
60899.3012 lsst_hardware_z 41.97068996834647 56.630001068115234 30.969999313354492 AB 2.6879393044012057 1.0666073097058453
60904.3715 lsst_hardware_g 20.996823045188307 19.43000030517578 31.530000686645508 AB 5.087978530824195 1.1445877129125583
60904.3826 lsst_hardware_r -41.3525790962099 26.139999389648438 31.510000228881836 AB 4.560324097249232 1.1703141395849186
60906.3308 lsst_hardware_r -14.428385534068955 22.360000610351562 31.479999542236328 AB 2.9351099415870703 1.0886569807759663
60906.3415 lsst_hardware_i -15.930786438512076 30.530000686645508 31.239999771118164 AB 2.5850963873832224 1.1017992061303026
60908.316 lsst_hardware_i 0.8770076412948246 30.559999465942383 31.239999771118164 AB 1.5598443166247862 1.07972610749293
60908.3281 lsst_hardware_z -5.832075488922731 41.939998626708984 30.940000534057617 AB 1.6336142579837796 1.0917448817000086
