data/validation/pwv_sim_epoch_fit_epoch/31009471.ecsv
# %ECSV 0.9
# ---
# datatype:
# - {name: time, datatype: float64}
# - {name: band, datatype: string}
# - {name: flux, datatype: float64}
# - {name: fluxerr, datatype: float64}
# - {name: zp, datatype: float64}
# - {name: zpsys, datatype: string}
# - {name: pwv, datatype: float64}
# - {name: airmass, datatype: float64}
# meta: {SNID: '31009471', alt: 1024.0, c: -0.09507335722446442, dec: -44.20153, lat: -30.244573, lon: -70.7499537, ra: 223.340164, t0: 62214.8671875,
#   x0: 6.332548405163117e-05, x1: 0.6678545475006104, z: 0.20711228251457214}
# schema: astropy-2.0
time band flux fluxerr zp zpsys pwv airmass
[from data line 133]
62584.3113 lsst_hardware_r -18.012592593199493 68.30000305175781 31.649999618530273 AB 6.205369195048862 1.0310205795938427
62584.3248 lsst_hardware_i -79.92354629558906 58.47999954223633 31.31999969482422 AB 6.239965249525939 1.0327078804312715
62589.3125 lsst_hardware_r 32.75042132989925 23.010000228881836 31.5 AB 7.6452402085967535 1.033140568729291
62589.3266 lsst_hardware_i -7.584289877559509 30.559999465942383 31.25 AB 7.729768795009097 1.0405324591684002
62591.2865 lsst_hardware_i 80.10178451945897 30.1299991607666 31.239999771118164 AB 4.6915625856439656 1.0317362330296258
62591.2986 lsst_hardware_z 47.5946654812582 40.709999084472656 30.940000534057617 AB 4.22237248238456 1.0312303046488118
62594.2976 lsst_hardware_r 17.269500776441898 22.489999771118164 31.489999771118164 AB 5.951342682968435 1.0327410949158737
62594.3089 lsst_hardware_u 1.1296500918011736 2.6500000953674316 28.40999984741211 AB 5.961506106264129 1.0378666619540522
62596.2863 lsst_hardware_g -10.391075281080004 13.869999885559082 31.43000030517578 AB 7.142870940714666 1.031411860904151
62596.299 lsst_hardware_r 33.060742409132736 22.65999984741211 31.5 AB 7.150293024653647 1.0354489935057052
62598.2893 lsst_hardware_i -26.89517404593372 30.350000381469727 31.25 AB 8.269036087911722 1.0336295109889653
62598.3016 lsst_hardware_z 11.3130614244107 41.040000915527344 30.950000762939453 AB 8.730484943081807 1.040230944228032
62600.2891 lsst_hardware_r 24.246168176102927 22.56999969482422 31.489999771118164 AB 5.268888542328409 1.0359592100527741
62600.3015 lsst_hardware_g -5.482739533588526 13.760000228881836 31.399999618530273 AB 8.179969031049316 1.0443846913711514
62602.2804 lsst_hardware_r -1.9926915258915079 22.760000228881836 31.510000228881836 AB 3.55191735415971 1.0344386042596962
62602.2913 lsst_hardware_i -31.4827047706433 30.649999618530273 31.260000228881836 AB 3.558406913008314 1.0406727177836754
62606.226 lsst_hardware_r -71.3254586235014 59.459999084472656 31.649999618530273 AB 10.461700347311693 1.0406890722838078
62606.2374 lsst_hardware_z -89.56282183448033 51.029998779296875 30.979999542236328 AB 10.398578520874416 1.0342384896271128
62608.2707 lsst_hardware_r 76.83370689740904 103.8499984741211 31.65999984741211 AB 14.029416583790178 1.037883452144667
62608.282 lsst_hardware_i -43.343860449096596 81.2300033569336 31.34000015258789 AB 14.209380534229185 1.0464488806630217
62620.2096 lsst_hardware_r -34.26579736558603 22.799999237060547 31.489999771118164 AB 10.78214487798309 1.031356523098851
62620.221 lsst_hardware_u -0.347683835660707 2.6500000953674316 28.399999618530273 AB 10.774552778667005 1.031452496521827
62627.1987 lsst_hardware_u -0.10449501868580423 2.809999942779541 28.520000457763672 AB 3.3632295142506026 1.0310856412806508
62627.2101 lsst_hardware_r 0.2558848698392819 23.110000610351562 31.510000228881836 AB 2.4931096703920623 1.0336275582056644
62633.1973 lsst_hardware_r 0.2556620933340961 37.189998626708984 31.600000381469727 AB 12.069307028957164 1.0351331109200141
62633.2111 lsst_hardware_z -36.53522902059147 44.220001220703125 30.950000762939453 AB 11.790137644944744 1.0441373254761135
62637.1873 lsst_hardware_y -16.795673556949367 63.54999923706055 30.06999969482422 AB 5.548268990224285 1.0355756218921504
62637.2003 lsst_hardware_r 110.45210713874945 124.56999969482422 31.65999984741211 AB 5.58407404797914 1.0442401211741994
62639.1857 lsst_hardware_i 16.224064766336266 102.20999908447266 31.34000015258789 AB 7.662180377276696 1.0376733988728357
62639.1996 lsst_hardware_z 78.6947209297656 83.83999633789062 31.0 AB 7.73582232143247 1.0485696132067055
62642.1843 lsst_hardware_r -30.186319170710046 55.20000076293945 31.639999389648438 AB 7.843149010832087 1.0423366535243928
62642.1978 lsst_hardware_z -78.50212320290956 50.11000061035156 30.969999313354492 AB 7.878890251932263 1.0553851986736686
62644.1907 lsst_hardware_r -1.1184337898995724 32.65999984741211 31.579999923706055 AB 2.1070533529455457 1.0535266764727729
62644.2023 lsst_hardware_i -33.145584952630536 36.439998626708984 31.270000457763672 AB 2.1367467341999618 1.0683733670999809
62652.1803 lsst_hardware_i -39.9896133145044 30.90999984741211 31.239999771118164 AB 8.267994450914353 1.0681473355615296
62652.1958 lsst_hardware_z -6.96076825901252 42.08000183105469 30.940000534057617 AB 8.613139041319577 1.0943572887770252
62654.1332 lsst_hardware_z -8.46836176475192 57.83000183105469 31.690000534057617 AB 10.915073199029516 1.0325813445096137
62654.1466 lsst_hardware_r -18.84929417466753 32.5099983215332 32.25 AB 10.997365734129957 1.038826701167854
62655.1256 lsst_hardware_u 4.255893012978528 2.6700000762939453 28.420000076293945 AB 9.3854861416642 1.031485453529421
62655.1372 lsst_hardware_r 5.260876841075672 23.010000228881836 31.510000228881836 AB 9.329214069714851 1.0351225020025592
62657.1081 lsst_hardware_g -14.086062029043077 14.180000305175781 31.440000534057617 AB 9.260128144728487 1.0314339605211107
62657.1206 lsst_hardware_i -13.029230603133307 30.510000228881836 31.25 AB 9.26128700513373 1.0315630395099529
62675.0869 lsst_hardware_r -18.720897408863983 22.670000076293945 31.5 AB 3.319626761683761 1.0373833630261753
62675.1002 lsst_hardware_z 33.6841503317709 41.15999984741211 30.950000762939453 AB 3.3520508237293543 1.0475158824154231
62676.0428 lsst_hardware_i -8.15015277688173 30.450000762939453 31.260000228881836 AB 3.52189009817006 1.035850028873547
62676.056 lsst_hardware_r 24.53005293149519 22.6299991607666 31.5 AB 3.5070012172028457 1.0314709462361311
62680.0808 lsst_hardware_i 30.149308350299258 30.43000030517578 31.25 AB 7.218055535202533 1.0425443107102668
62680.0935 lsst_hardware_z 67.37542167857212 41.290000915527344 30.950000762939453 AB 7.584307174239191 1.0547677038090801
62686.0231 lsst_hardware_i -22.626346881451312 30.209999084472656 31.25 AB 8.158868922335802 1.0327682180171902
62686.0352 lsst_hardware_u 1.281658602713178 2.609999895095825 28.389999389648438 AB 8.144846131509906 1.0309931812037856
62688.0263 lsst_hardware_g -2.7018358622698133 16.149999618530273 31.489999771118164 AB 5.898630100985647 1.031108862775722
62688.0384 lsst_hardware_r 9.44325409393283 23.969999313354492 31.520000457763672 AB 5.927347440836041 1.0320695506258337
62694.0187 lsst_hardware_i -152.12269550059347 72.33999633789062 31.34000015258789 AB 9.981626619226379 1.0314261554354305
62694.0306 lsst_hardware_r -89.6873114631274 87.77999877929688 31.65999984741211 AB 9.99831990641894 1.0350763400195269
62694.9674 lsst_hardware_z 3.769144454949343 97.88999938964844 31.739999771118164 AB 6.2155164012625495 1.0552808728922394
62704.0044 lsst_hardware_i 40.53438943468102 30.290000915527344 31.239999771118164 AB 6.291306239398734 1.035605965333125
62704.0161 lsst_hardware_u -4.053852822651597 2.609999895095825 28.3700008392334 AB 6.356199760349513 1.043211340001288
62706.998 lsst_hardware_g 15.240495413604425 14.109999656677246 31.420000076293945 AB 5.084966978958954 1.0365320244527247
62707.0095 lsst_hardware_r 36.72495607920566 22.829999923706055 31.489999771118164 AB 5.382829889367721 1.04453361371948
62709.0006 lsst_hardware_i 8.743028006594738 30.389999389648438 31.239999771118164 AB 4.637414102889274 1.0417643722092047
62709.0125 lsst_hardware_r 15.921888411079227 22.739999771118164 31.479999542236328 AB 4.842635008851654 1.0527467410547076
