data/validation/pwv_sim_epoch_fit_epoch/31093907.ecsv
# %ECSV 0.9
# ---
# datatype:
# - {name: time, datatype: float64}
# - {name: band, datatype: string}
# - {name: flux, datatype: float64}
# - {name: fluxerr, datatype: float64}
# - {name: zp, datatype: float64}
# - {name: zpsys, datatype: string}
# - {name: pwv, datatype: float64}
# - {name: airmass, datatype: float64}
# meta: {SNID: '31093907', alt: 1024.0, c: -0.04729078337550163, dec: -42.809296, lat: -30.244573, lon: -70.7499537, ra: 268.027893, t0: 61967.796875,
#   x0: 6.190925085684528e-06, x1: -0.22971323132514954, z: 0.5616176128387451}
# schema: astropy-2.0
time band flux fluxerr zp zpsys pwv airmass
61862.3999 lsst_hardware_i 31.297266755105962 31.209999084472656 31.25 AB 10.829122209314537 1.0271467139214547
61862.4113 lsst_hardware_z 36.07633788680134 48.84000015258789 30.959999084472656 AB 10.813402875040703 1.0246433551839074
61864.4053 lsst_hardware_r 25.94104921490455 24.110000610351562 31.510000228881836 AB 8.368682790094097 1.0246843883590708
61864.4171 lsst_hardware_y 53.86302502747874 69.58000183105469 30.06999969482422 AB 7.965921159947051 1.0255450479494452
61866.3903 lsst_hardware_r -0.8810131724517959 23.479999542236328 31.510000228881836 AB 20.001190496049045 1.026680494456619
61866.404 lsst_hardware_y 0.4720831503841708 47.58000183105469 30.049999237060547 AB 19.8736326162531 1.024568089682887
61872.3969 lsst_hardware_z -18.338815808995033 64.91999816894531 31.0 AB 6.37734546829585 1.025956478168573
61872.4089 lsst_hardware_y -93.11888324481784 56.83000183105469 30.06999969482422 AB 6.4797550910719 1.0311513512208625
61876.3639 lsst_hardware_z 47.992744520235995 76.70999908447266 31.729999542236328 AB 17.510200759333426 1.026389259046508
61878.4045 lsst_hardware_g -7.157649205844425 28.8700008392334 31.649999618530273 AB 13.538796512457429 1.04024560218651
61878.4153 lsst_hardware_r -4.609185864494847 35.13999938964844 31.59000015258789 AB 13.704285667600736 1.0519168964800514
61880.3823 lsst_hardware_i -12.002826158269434 31.3700008392334 31.260000228881836 AB 4.8345538141736215 1.0286284711007705
61880.3938 lsst_hardware_z 9.429822500031593 41.59000015258789 30.950000762939453 AB 4.868162742300682 1.0357793068724854
61883.3836 lsst_hardware_i 34.21789646296239 30.649999618530273 31.25 AB 5.7991457799858575 1.034268910288186
61883.3948 lsst_hardware_u -1.0597761523965654 2.75 28.459999084472656 AB 5.934108450878102 1.0441246541134492
61885.3788 lsst_hardware_g 21.051032896169374 14.119999885559082 31.420000076293945 AB 15.160851677623054 1.034752702374455
61885.3898 lsst_hardware_r 3.1314735639106 22.969999313354492 31.489999771118164 AB 15.248627243060469 1.0446053942839848
61888.3626 lsst_hardware_r 27.413763259386595 23.09000015258789 31.5 AB 3.752180834182278 1.029687385889758
61888.3759 lsst_hardware_i 23.83332599655124 30.709999084472656 31.25 AB 5.240184409377158 1.0390662763562228
61889.3583 lsst_hardware_z -31.477810052336146 41.040000915527344 30.950000762939453 AB 11.66702545822068 1.028898711701512
61889.3648 lsst_hardware_u -0.006787711083851141 2.7300000190734863 28.459999084472656 AB 11.837701241989796 1.032597805477128
61891.3312 lsst_hardware_r 5.707447053696334 23.149999618530273 31.520000457763672 AB 10.01919842974276 1.0247198598560736
61891.3436 lsst_hardware_g -13.069742080739312 14.380000114440918 31.450000762939453 AB 9.127792843010944 1.0255947014619038
61895.3212 lsst_hardware_r -22.36581742212243 23.079999923706055 31.510000228881836 AB 8.546313598867513 1.0246456971935993
61895.3343 lsst_hardware_i -51.7590980707337 30.65999984741211 31.260000228881836 AB 6.858791420340157 1.0260100106468777
61899.326 lsst_hardware_z 104.47286837500052 96.86000061035156 31.739999771118164 AB 8.510528256980184 1.0268288029496024
61903.3076 lsst_hardware_y -196.13344191107817 56.06999969482422 30.059999465942383 AB 7.055925807407664 1.0249746960208692
61903.3205 lsst_hardware_r -129.1148558696529 89.29000091552734 31.65999984741211 AB 7.164110487969436 1.0291044297879934
61908.3082 lsst_hardware_i 99.29328197519028 33.04999923706055 31.270000457763672 AB 8.162839688067281 1.0297947461817427
61908.3201 lsst_hardware_z 53.91873254282345 42.22999954223633 30.950000762939453 AB 8.203832203768146 1.0380217887517686
61910.302 lsst_hardware_r -19.633369738438045 23.520000457763672 31.5 AB 7.425141804999169 1.0294110363231899
61910.3129 lsst_hardware_g -25.641696887972387 15.170000076293945 31.459999084472656 AB 7.409960852273657 1.0365756245749653
61926.2236 lsst_hardware_r 15.361217019636094 68.22000122070312 31.649999618530273 AB 8.402270124196315 1.0277691965624043
61926.2344 lsst_hardware_z 51.73141951985583 54.810001373291016 30.979999542236328 AB 8.354655514895272 1.0248596068321578
61928.2257 lsst_hardware_r 28.024284317427874 124.62000274658203 31.65999984741211 AB 4.0742852042639575 1.025407350066459
61928.2382 lsst_hardware_y -43.21525976252815 62.939998626708984 30.059999465942383 AB 4.07196686687398 1.0248238758911292
61947.1852 lsst_hardware_r 318.09813816575 29.633543423416373 31.520000457763672 AB 6.259865571295795 1.0247096028421507
61947.1975 lsst_hardware_i 229.68780691738178 35.16205359308205 31.260000228881836 AB 6.270298600404688 1.0278054748778398
61958.1391 lsst_hardware_r 2106.2821308835487 153.83454359358922 31.670000076293945 AB 1.8480549518560963 1.026697195475609
61958.1517 lsst_hardware_i 1542.3595078103676 115.89123347360801 31.350000381469727 AB 1.844211699324262 1.0245620551801455
61960.1365 lsst_hardware_z 2260.821454570204 113.76158921910807 31.75 AB 3.2466238191219148 1.0258435365070369
61964.1209 lsst_hardware_i 1732.3137459302102 55.75114878509518 31.290000915527344 AB 7.1041527423891155 1.027353975761291
61964.1328 lsst_hardware_z 1260.6945057422824 56.255520778003955 30.959999084472656 AB 6.686805592255595 1.0246538431008132
61974.113 lsst_hardware_u -2.0942801073180686 2.779930256668376 28.440000534057617 AB 6.5799749158289105 1.0248783015971201
61974.1255 lsst_hardware_g 355.67657955618733 24.339521244351 31.43000030517578 AB 5.965666673372903 1.0285632195470522
61976.1147 lsst_hardware_r 1691.211231792627 46.87710195592423 31.5 AB 5.445481121813688 1.0264808900685558
61976.1271 lsst_hardware_i 1511.8924102637106 49.63936617144122 31.25 AB 5.754616108080686 1.0324959375761524
61979.1064 lsst_hardware_g 299.0354534782653 23.254283829345017 31.489999771118164 AB 3.900497970832517 1.0264468344296098
61979.1185 lsst_hardware_r 1444.584476266126 45.063074777096034 31.510000228881836 AB 3.922481399957037 1.032231947357115
61981.1038 lsst_hardware_i 1386.1393260322225 53.04138568347458 31.290000915527344 AB 5.34279164952094 1.0274599326001808
61981.1157 lsst_hardware_z 996.8597248890704 55.187707639001545 30.959999084472656 AB 5.376989149050569 1.034036374817417
61983.1064 lsst_hardware_i 1194.3201383525152 71.39391009912157 31.329999923706055 AB 4.181681820105517 1.0314952688962267
61983.1189 lsst_hardware_z 1054.6789703267564 66.8189688198068 30.979999542236328 AB 4.221294828422073 1.04126660789883
61987.0558 lsst_hardware_i 1065.3161415132224 95.74283469085431 31.34000015258789 AB 2.2622874197298404 1.0283124635135636
61987.0678 lsst_hardware_z 891.0912341503899 82.78209020653159 31.0 AB 2.2547197937860934 1.0248726335391334
61992.0472 lsst_hardware_r 573.0005092462364 33.11276509157549 31.510000228881836 AB 3.3080800262797387 1.0263977742102819
61992.0588 lsst_hardware_i 848.433995200965 47.397412408760125 31.299999237060547 AB 3.340086337800643 1.0245663612885407
61994.0461 lsst_hardware_z 744.338119399332 48.73464704568896 30.950000762939453 AB 3.3834617172481294 1.0252914294691302
61994.0571 lsst_hardware_i 634.1247674039939 40.11369629992208 31.260000228881836 AB 3.3816297674685014 1.0247362931722732
62011.0147 lsst_hardware_g -5.444705336404609 54.72058751469345 31.719999313354492 AB 5.047198080644721 1.0253322662559108
62011.0255 lsst_hardware_r 220.5732473769499 59.787871826621625 31.649999618530273 AB 5.104892645742653 1.029056623644137
62013.0135 lsst_hardware_i 394.29630752007307 67.27460413437016 31.329999923706055 AB 2.7901802606405024 1.0264305066733914
62013.0239 lsst_hardware_z 491.51860202470573 63.797502619416726 30.989999771118164 AB 2.9628299220628764 1.031147304662254
62228.4059 lsst_hardware_i -22.11095692258198 66.69999694824219 31.329999923706055 AB 10.752929745314153 1.0250240850281593
62230.3994 lsst_hardware_i -12.271555271444786 53.790000915527344 31.31999969482422 AB 8.485261855078656 1.0252028016607317
62230.4099 lsst_hardware_y 23.28607110534254 55.36000061035156 30.059999465942383 AB 8.451733432361134 1.024711302736368
62234.3938 lsst_hardware_i -2.708044783552468 31.59000015258789 31.260000228881836 AB 8.672129989408266 1.0245900271040012
62234.4063 lsst_hardware_y -122.06920702177692 48.33000183105469 30.049999237060547 AB 8.684850918015949 1.0260929723553813
62236.4002 lsst_hardware_g -21.78054743253946 15.350000381469727 31.479999542236328 AB 4.505564981158649 1.0259156329842658
62236.4106 lsst_hardware_z 71.74439313317797 43.70000076293945 30.959999084472656 AB 4.508214227528711 1.0301546363961636
62238.383 lsst_hardware_r -23.50097139683955 23.200000762939453 31.510000228881836 AB 6.372150328894089 1.0245850108765668
62238.3937 lsst_hardware_i -8.630643201175141 30.799999237060547 31.260000228881836 AB 6.421854423692503 1.0256505368245163
62242.3825 lsst_hardware_z 3.9718841863769447 41.130001068115234 30.950000762939453 AB 16.41618181867461 1.025584036985086
62242.3938 lsst_hardware_r 46.47798700955733 23.440000534057617 31.520000457763672 AB 16.52518176606616 1.029927190156819
62244.3818 lsst_hardware_u -2.213904232408574 2.75 28.479999542236328 AB 13.329145402247919 1.0269976232108577
62244.3931 lsst_hardware_g 19.67716709145666 14.34000015258789 31.440000534057617 AB 13.443855136655493 1.0327855167239584
62246.3795 lsst_hardware_r 14.977262039927622 23.219999313354492 31.510000228881836 AB 4.83286834808182 1.0282698612940042
62246.3904 lsst_hardware_z 88.03542414965104 41.279998779296875 30.950000762939453 AB 4.863213917101993 1.0347263653408494
62248.3793 lsst_hardware_r -12.539094906698178 23.1200008392334 31.5 AB 6.243373884925562 1.0309827659539383
62248.3928 lsst_hardware_u 7.481380109560412 2.690000057220459 28.420000076293945 AB 6.269558471220338 1.041411647559543
62250.3702 lsst_hardware_g 4.730445839469808 14.350000381469727 31.43000030517578 AB 9.49148059246567 1.0290262195382216
62250.3814 lsst_hardware_r 43.63444146230872 23.100000381469727 31.5 AB 10.230409384334829 1.0362006871604201
62254.3312 lsst_hardware_i -15.634605433766938 76.33000183105469 31.34000015258789 AB 2.974809794569563 1.0257964808860562
62254.342 lsst_hardware_z 42.505627382247496 66.63999938964844 30.989999771118164 AB 3.774510391236492 1.0245685101077404
62257.3241 lsst_hardware_i -14.659520280595872 77.55999755859375 31.34000015258789 AB 10.104572039542063 1.0255325321772435
62257.336 lsst_hardware_z -182.91779713202334 71.30000305175781 30.989999771118164 AB 9.119788916470888 1.0246953838731334
62259.3187 lsst_hardware_z -2.9251439832032617 56.06999969482422 30.979999542236328 AB 12.79805076252223 1.0255190754917483
62259.3315 lsst_hardware_r -77.70562884323894 65.7300033569336 31.649999618530273 AB 12.792210993449958 1.0247910911818277
62261.3211 lsst_hardware_i -20.463720592749617 37.22999954223633 31.290000915527344 AB 8.600919458291191 1.0245593327128493
62261.3334 lsst_hardware_r 73.01071027210659 35.91999816894531 31.600000381469727 AB 6.8546308190302785 1.0263343917694596
62264.3067 lsst_hardware_z -36.70215989650604 41.25 30.959999084472656 AB 9.865843664353223 1.025182487073645
62264.3206 lsst_hardware_u -0.8955968546968464 2.9200000762939453 28.549999237060547 AB 9.86934648333955 1.02520024757468
62266.2949 lsst_hardware_g 16.35354263836391 14.569999694824219 31.469999313354492 AB 6.982731504624072 1.0268722800917753
62266.3069 lsst_hardware_r -20.277024320890245 23.239999771118164 31.520000457763672 AB 6.9671016652209365 1.0245737742971965
62270.3058 lsst_hardware_i 24.596776953279885 30.709999084472656 31.260000228881836 AB 6.80462107229762 1.0255259518929385
62270.3179 lsst_hardware_u -1.4603031884260924 2.799999952316284 28.520000457763672 AB 6.955547641884236 1.0302225641538496
62272.2965 lsst_hardware_g 21.621387969887433 20.360000610351562 32.20000076293945 AB 3.8480565898022805 1.0248502802589468
62272.3089 lsst_hardware_r -54.24620677411041 32.689998626708984 32.2599983215332 AB 3.891628101621087 1.0284429444030356
62277.2996 lsst_hardware_i -18.725547444361524 30.690000534057617 31.25 AB 6.8823556725002675 1.030678498315278
62277.3117 lsst_hardware_r 54.99656434883135 23.209999084472656 31.510000228881836 AB 7.022587201408209 1.0396132052418257
62280.2906 lsst_hardware_z 79.71232206878155 47.2599983215332 30.959999084472656 AB 6.980713239934342 1.0302241871236624
62280.3029 lsst_hardware_r -28.16281246422928 40.13999938964844 31.610000610351562 AB 7.448372903680267 1.0390662037219474
62283.2775 lsst_hardware_i -1.9771242938913942 96.04000091552734 31.34000015258789 AB 3.5974616053016106 1.0278461729433173
62283.2914 lsst_hardware_z -62.905277130638225 81.06999969482422 31.0 AB 3.6269675384892315 1.036276439568352
62285.2785 lsst_hardware_z 68.06147065373194 88.72000122070312 31.0 AB 8.581247518935587 1.0311107684866727
62285.2924 lsst_hardware_r 60.97094404987815 136.61000061035156 31.670000076293945 AB 8.95076434679315 1.042008286474618
62291.2766 lsst_hardware_z 38.307730592137034 42.720001220703125 30.950000762939453 AB 11.907854407597636 1.0425823584991145
62291.2895 lsst_hardware_g 31.17970663876155 25.649999618530273 31.610000610351562 AB 12.134431138797096 1.05783551031271
62302.2208 lsst_hardware_r 16.72543135648028 23.450000762939453 31.510000228881836 AB 11.903223237357574 1.0261399342549633
62302.233 lsst_hardware_g 24.163991454566386 14.670000076293945 31.450000762939453 AB 11.967318182914537 1.0316653605960808
62304.2233 lsst_hardware_r 32.29661900493385 23.700000762939453 31.520000457763672 AB 5.3304450625945545 1.0292918296103926
62304.2349 lsst_hardware_i -37.16940088743419 31.100000381469727 31.260000228881836 AB 5.338148959409844 1.036953257999484
62306.223 lsst_hardware_z -24.35461724472308 41.400001525878906 30.959999084472656 AB 3.5215082137395903 1.0322462886529338
62306.2363 lsst_hardware_i -14.460714143181209 31.229999542236328 31.260000228881836 AB 3.566491058174794 1.043240364130661
62308.2032 lsst_hardware_r 28.724929989250022 44.0099983215332 31.6200008392334 AB 3.0333129782540693 1.0258075678911294
62308.2171 lsst_hardware_z 45.51410044048041 46.439998626708984 30.959999084472656 AB 2.9790300645595753 1.0319667669731112
62310.1935 lsst_hardware_y -21.735313393865493 53.63999938964844 30.059999465942383 AB 3.164890796782485 1.0249551886811092
62310.2062 lsst_hardware_r -78.28669057215714 81.37000274658203 31.65999984741211 AB 3.168701449693166 1.0289383681861006
62314.191 lsst_hardware_r 26.376344999510373 125.0999984741211 31.670000076293945 AB 7.623601631325419 1.0271165803195876
62314.2038 lsst_hardware_z -74.90712777017569 82.9800033569336 31.0 AB 7.671890784982126 1.0340404508467238
62315.1848 lsst_hardware_r 177.03926423148317 95.19000244140625 31.65999984741211 AB 6.095626551449595 1.0259982413302606
62315.198 lsst_hardware_i -10.226425127369197 75.98999786376953 31.34000015258789 AB 6.026992600263477 1.0319751038506018
62323.1325 lsst_hardware_g -17.026966446827632 14.670000076293945 31.450000762939453 AB 5.040874113998648 1.0298707669569562
62323.1451 lsst_hardware_i 20.76724275289426 30.809999465942383 31.25 AB 4.9446142015053836 1.0252863287611385
62325.1332 lsst_hardware_z 34.767377783353126 41.06999969482422 30.950000762939453 AB 1.7310053286298968 1.0270996807535304
62325.1459 lsst_hardware_r -19.47242971974444 23.239999771118164 31.5 AB 1.7200088582801754 1.0245771307700542
62327.1294 lsst_hardware_u 1.2382594644822125 2.7300000190734863 28.450000762939453 AB 9.249005784404025 1.0265267241291927
62327.1408 lsst_hardware_g 12.985423389252539 14.539999961853027 31.440000534057617 AB 9.230504238778346 1.0245680405636866
62328.1287 lsst_hardware_r -7.658603294724824 23.350000381469727 31.510000228881836 AB 7.6546041134158225 1.0259258981056345
62328.1406 lsst_hardware_i -9.232439781813909 30.700000762939453 31.25 AB 7.635144252336913 1.0245994389304975
62330.1236 lsst_hardware_z 34.852624538684324 41.20000076293945 30.950000762939453 AB 7.169532186733311 1.0258309038107774
62330.1361 lsst_hardware_r 28.87052471867467 23.260000228881836 31.510000228881836 AB 6.663081379548801 1.0246559347274309
62332.1219 lsst_hardware_u -4.637445785264146 2.759999990463257 28.479999542236328 AB 6.485106258201335 1.025043138809484
62332.134 lsst_hardware_r -27.8485644339427 23.239999771118164 31.510000228881836 AB 7.100484122978747 1.0250446258089718
62334.1099 lsst_hardware_g 0.5835052106949312 17.010000228881836 31.510000228881836 AB 1.7453131004148217 1.0266547649498952
62334.1225 lsst_hardware_i 10.89045046592116 31.309999465942383 31.260000228881836 AB 1.7417532036463153 1.0245607080272443
62345.1122 lsst_hardware_y 31.106946158825455 70.94000244140625 30.799999237060547 AB 3.9129798540610476 1.029731540542381
62347.0484 lsst_hardware_u 0.5469230618654412 2.7200000286102295 28.450000762939453 AB 5.013627722084835 1.0445057754343408
62347.0615 lsst_hardware_g -14.202893107980653 14.260000228881836 31.43000030517578 AB 4.959326147457786 1.033192947387039
62348.0502 lsst_hardware_r 1.8122175789683528 22.989999771118164 31.5 AB 3.6659101670093177 1.0400482777528386
62348.0627 lsst_hardware_i 10.346582340129725 30.579999923706055 31.25 AB 3.633049329562056 1.030725393166056
62352.092 lsst_hardware_g -0.7524571241290512 14.229999542236328 31.43000030517578 AB 1.7423971581458706 1.029177293648452
62352.1037 lsst_hardware_i -26.500493092559218 30.549999237060547 31.239999771118164 AB 1.7888149392734196 1.036843900462785
62354.0455 lsst_hardware_r -5.533149064081893 22.920000076293945 31.5 AB 1.76628056258927 1.0312039871105985
62354.0571 lsst_hardware_z -34.0356284095024 40.939998626708984 30.950000762939453 AB 1.7701884707304598 1.0260970751021892
62356.0487 lsst_hardware_r 32.18119327251042 23.020000457763672 31.510000228881836 AB 3.4433571700333294 1.0270502595048705
62356.0592 lsst_hardware_u 5.080188677634395 2.7300000190734863 28.459999084472656 AB 3.4826112756960304 1.024699276882173
62358.0461 lsst_hardware_g -16.916635215580726 14.369999885559082 31.450000762939453 AB 3.2943578657774055 1.0261198772083493
62358.0579 lsst_hardware_r -8.643039593901099 23.139999389648438 31.520000457763672 AB 3.378024078354277 1.0245750920091832
62359.9753 lsst_hardware_r 13.307641374040811 25.110000610351562 31.510000228881836 AB 6.136630733664416 1.1056992312908858
62359.9783 lsst_hardware_i 26.215024743312853 32.869998931884766 31.260000228881836 AB 7.052555483741658 1.099099555907791
62362.0349 lsst_hardware_z 55.1679617880073 41.130001068115234 30.950000762939453 AB 3.202602373875993 1.0262010276772207
62362.0465 lsst_hardware_r -21.543071856389684 23.75 31.510000228881836 AB 3.4371646537186424 1.0245665559933357
62366.0331 lsst_hardware_r 89.89631574937567 60.38999938964844 31.649999618530273 AB 2.4316722248503266 1.0246169703361747
62366.0445 lsst_hardware_z -54.44376493695747 54.060001373291016 30.979999542236328 AB 2.951707567830968 1.025729491890757
62367.0276 lsst_hardware_r -83.01107829338451 70.76000213623047 31.65999984741211 AB 2.435079620606771 1.024865160188035
62367.0396 lsst_hardware_y -94.6968879997574 53.18000030517578 30.059999465942383 AB 2.4083193111376877 1.0252530060185985
62369.0292 lsst_hardware_z -64.06633123989239 67.1500015258789 30.989999771118164 AB 2.764459624585663 1.0246329223816395
62369.0392 lsst_hardware_r -48.925828690907835 91.52999877929688 31.65999984741211 AB 2.7723943393985917 1.0265592468767928
62371.0277 lsst_hardware_i -2.1298798406425306 72.19999694824219 31.34000015258789 AB 1.3515672496741102 1.0250794460933714
62371.0377 lsst_hardware_z -54.83037784742481 64.08999633789062 30.989999771118164 AB 1.353437699680321 1.0280575007066624
62380.017 lsst_hardware_r 13.914941795867497 23.200000762939453 31.5 AB 1.7591218274517832 1.0299308123254
62380.0279 lsst_hardware_u -0.6227959332263032 2.690000057220459 28.40999984741211 AB 1.8015971976079876 1.037388021655271
62382.0092 lsst_hardware_g 13.126572499832657 14.489999771118164 31.43000030517578 AB 1.724017524675578 1.0287523767333135
62382.021 lsst_hardware_r -9.557265901971144 23.299999237060547 31.5 AB 1.8056070643123816 1.036216392718727
62385.012 lsst_hardware_i 17.427423441436932 31.100000381469727 31.260000228881836 AB 0.8850789053920668 1.0355837426584245
62385.0235 lsst_hardware_z 13.291902121532637 41.689998626708984 30.950000762939453 AB 0.9155280195716295 1.046317736653291
