data/validation/pwv_sim_epoch_fit_epoch/31120103.ecsv
# %ECSV 0.9
# ---
# datatype:
# - {name: time, datatype: float64}
# - {name: band, datatype: string}
# - {name: flux, datatype: float64}
# - {name: fluxerr, datatype: float64}
# - {name: zp, datatype: float64}
# - {name: zpsys, datatype: string}
# - {name: pwv, datatype: float64}
# - {name: airmass, datatype: float64}
# meta: {SNID: '31120103', alt: 1024.0, c: -0.10129719972610474, dec: -26.610098, lat: -30.244573, lon: -70.7499537, ra: 45.878906, t0: 61748.0703125,
#   x0: 8.370620342768818e-06, x1: 0.17988595366477966, z: 0.4952317178249359}
# schema: astropy-2.0
time band flux fluxerr zp zpsys pwv airmass
[from data line 132]
62054.2079 lsst_hardware_g -61.607818606408074 22.760000228881836 31.600000381469727 AB 4.125174738661039 1.0665796962840455
62059.2065 lsst_hardware_r 20.022987020432826 22.43000030517578 31.5 AB 7.910785028283869 1.0432606941128046
62059.2257 lsst_hardware_i 15.204380119472415 30.040000915527344 31.260000228881836 AB 7.266826743130609 1.0177628491780006
62064.1001 lsst_hardware_r -18.68686284877027 23.93000030517578 31.440000534057617 AB 3.8293300761364066 1.4235427792331388
62064.1192 lsst_hardware_g -2.2948092316826423 13.850000381469727 31.350000381469727 AB 3.533073884630234 1.2953524783245587
62065.0976 lsst_hardware_r 29.75256762959209 23.8700008392334 31.43000030517578 AB 6.202658333841837 1.4217584811679027
62065.1162 lsst_hardware_i 14.456781143707566 32.369998931884766 31.219999313354492 AB 5.656052162114054 1.2969126370116681
62067.102 lsst_hardware_z 37.850555976285996 45.45000076293945 30.920000076293945 AB 4.188464960720306 1.3511177292646148
62067.1205 lsst_hardware_i -31.056627586727394 32.709999084472656 31.229999542236328 AB 3.857404842939509 1.2443241428837126
62070.1 lsst_hardware_z -12.56300664741996 48.04999923706055 30.93000030517578 AB 5.510303873117425 1.311977112647006
62070.1197 lsst_hardware_g -19.928462237196765 34.22999954223633 31.610000610351562 AB 5.086219033534802 1.2093728382820923
62075.103 lsst_hardware_r -82.23755067552935 88.12000274658203 31.610000610351562 AB 6.69102338279701 1.2233150086626299
62075.121 lsst_hardware_i -123.03730290929661 69.76000213623047 31.31999969482422 AB 6.257051199475048 1.1496648965503073
62079.1094 lsst_hardware_g -43.56036875981376 87.83999633789062 31.700000762939453 AB 4.390213540054556 1.1520854286357927
62079.1283 lsst_hardware_r 22.180546149969523 83.86000061035156 31.649999618530273 AB 4.021365081999901 1.093629030798686
62081.1095 lsst_hardware_i -37.27051089090786 40.91999816894531 31.280000686645508 AB 5.158884773197099 1.1329907993843773
62081.1273 lsst_hardware_z -50.253703286970186 47.720001220703125 30.959999084472656 AB 4.895371151621435 1.082328355432701
62083.1286 lsst_hardware_u 4.981888431776656 2.7899999618530273 28.530000686645508 AB 7.138752639485561 1.0668389209422249
62083.1469 lsst_hardware_g -12.03550460806329 13.6899995803833 31.43000030517578 AB 6.89475513697011 1.0340064692516662
62086.1365 lsst_hardware_r 11.111095043722448 22.100000381469727 31.479999542236328 AB 4.418230598959414 1.0373056657441102
62086.1544 lsst_hardware_z -42.620879905691524 40.439998626708984 30.950000762939453 AB 4.427324103018658 1.0154413080316094
62090.1147 lsst_hardware_g 0.8565972595869197 13.420000076293945 31.389999389648438 AB 6.123189582307623 1.0561775907386828
62090.1336 lsst_hardware_r 0.4146950249843999 22.079999923706055 31.489999771118164 AB 5.9606362026039905 1.0261478291550716
62091.1249 lsst_hardware_r 47.73918424971868 22.059999465942383 31.479999542236328 AB 3.2061271020351354 1.034234549043592
62091.1423 lsst_hardware_i 15.930133632918533 29.729999542236328 31.239999771118164 AB 2.8033501063321564 1.0140532126359763
62096.0153 lsst_hardware_y 25.455198120244635 73.52999877929688 29.940000534057617 AB 6.673810689970378 1.4039782665342124
62096.031 lsst_hardware_g 2.163521516948238 16.90999984741211 31.399999618530273 AB 6.075651445141222 1.3001608057226683
62098.0171 lsst_hardware_y 9.624127972498183 81.58999633789062 29.959999084472656 AB 10.480361896208638 1.3528284363248533
62098.0336 lsst_hardware_i 25.300770383702353 35.529998779296875 31.239999771118164 AB 9.78649068074803 1.255805297157386
62100.0274 lsst_hardware_z 76.75976257234626 90.4800033569336 31.700000762939453 AB 6.0910365890313924 1.2596497960978992
62103.0224 lsst_hardware_y -11.017813748963365 77.6500015258789 29.989999771118164 AB 7.6828790425013125 1.2433519691168677
62103.0398 lsst_hardware_r -48.555474924581056 69.80000305175781 31.610000610351562 AB 7.188504277973382 1.1671544533159832
62105.0242 lsst_hardware_y 72.6245333153275 73.87000274658203 30.010000228881836 AB 9.1386532468005 1.209083119753098
62105.0403 lsst_hardware_z -110.90449563152981 65.9800033569336 30.969999313354492 AB 8.654456248715414 1.145400628483346
62107.0255 lsst_hardware_y 8.09161172622098 75.55000305175781 30.020000457763672 AB 7.927144752439701 1.1804053693633336
62107.0415 lsst_hardware_z -78.26411644278352 65.93000030517578 30.979999542236328 AB 7.53917696885385 1.1233967861144076
62110.0306 lsst_hardware_y 110.83038845714232 62.619998931884766 30.030000686645508 AB 3.675615712590128 1.1320617152888544
62110.0514 lsst_hardware_r -9.535936252130439 22.290000915527344 31.489999771118164 AB 3.7036669435390386 1.0745648772352785
62114.0344 lsst_hardware_z 59.627287408773164 48.619998931884766 30.959999084472656 AB 7.8996306253942885 1.0893037266125605
62114.0556 lsst_hardware_g -25.684806362954834 13.470000267028809 31.420000076293945 AB 7.936073094262838 1.0444835554049163
62116.0364 lsst_hardware_y 19.164477040190043 56.45000076293945 30.049999237060547 AB 14.279321939171442 1.071431289518133
62116.0595 lsst_hardware_i 9.023455298716415 29.979999542236328 31.260000228881836 AB 13.986688694886748 1.0302004931171187
62118.0374 lsst_hardware_y 88.95353211431255 56.209999084472656 30.049999237060547 AB 8.837494265848052 1.0578335713021374
62118.0586 lsst_hardware_r -1.149414659315012 21.719999313354492 31.479999542236328 AB 8.092478340359506 1.02436434688095
