data/validation/pwv_sim_epoch_fit_epoch/31182882.ecsv
# %ECSV 0.9
# ---
# datatype:
# - {name: time, datatype: float64}
# - {name: band, datatype: string}
# - {name: flux, datatype: float64}
# - {name: fluxerr, datatype: float64}
# - {name: zp, datatype: float64}
# - {name: zpsys, datatype: string}
# - {name: pwv, datatype: float64}
# - {name: airmass, datatype: float64}
# meta: {SNID: '31182882', alt: 1024.0, c: 0.1140354797244072, dec: -34.772018, lat: -30.244573, lon: -70.7499537, ra: 161.015625, t0: 60735.8671875,
#   x0: 4.712174660753344e-06, x1: 1.0972142219543457, z: 0.6285536289215088}
# schema: astropy-2.0
time band flux fluxerr zp zpsys pwv airmass
60657.2553 lsst_hardware_r -137.6185907951568 67.83999633789062 31.540000915527344 AB 11.762945853052067 1.5002800654361412
60657.2801 lsst_hardware_i -34.89702020140899 51.75 31.270000457763672 AB 10.448228551393942 1.3242368252717291
60659.257 lsst_hardware_z -42.90855097387786 63.15999984741211 30.93000030517578 AB 15.131632824996824 1.4426438898922322
60659.2799 lsst_hardware_r -124.52957346664995 80.95999908447266 31.59000015258789 AB 13.569185033957318 1.2944116945655937
60661.2688 lsst_hardware_z 57.10600963399372 83.63999938964844 31.700000762939453 AB 6.993193046231183 1.3264781954154181
60664.263 lsst_hardware_r -17.389035321906125 58.79999923706055 31.56999969482422 AB 7.0701554177295005 1.3125694639802283
60664.2863 lsst_hardware_z 19.312766254576644 53.47999954223633 30.950000762939453 AB 6.453671035351218 1.1992698901172514
60666.2588 lsst_hardware_r -14.263287329347085 42.779998779296875 31.559999465942383 AB 8.746361359646388 1.3054270686039384
60666.2804 lsst_hardware_y -40.216042486488746 50.09000015258789 30.0 AB 8.047215619020218 1.201076958062719
60667.2601 lsst_hardware_g -48.88049279807317 41.31999969482422 32.310001373291016 AB 7.178671101846194 1.2834334508664231
60667.282 lsst_hardware_r -14.520578684858743 49.65999984741211 32.310001373291016 AB 6.6429691543663845 1.183778287086377
60669.2612 lsst_hardware_i 29.75167520138765 32.9900016784668 31.219999313354492 AB 10.001905119742348 1.2502381399677935
60669.2828 lsst_hardware_z -58.18845526867458 43.349998474121094 30.93000030517578 AB 9.284966142853246 1.1606207678566558
60671.2587 lsst_hardware_r 4.722135373857754 23.360000610351562 31.469999313354492 AB 7.614367859761893 1.2362491958862325
60671.2805 lsst_hardware_u 2.5099637846550817 2.6700000762939453 28.389999389648438 AB 7.037706124427064 1.1497171532656016
60673.2628 lsst_hardware_g -26.045056111942387 13.680000305175781 31.360000610351562 AB 10.395797863464853 1.1949192946511327
60673.2853 lsst_hardware_i -17.98942598074155 31.040000915527344 31.25 AB 9.723887383204447 1.1176882049660286
60675.2601 lsst_hardware_z 2.4884879588614495 43.43000030517578 30.93000030517578 AB 8.321803967606611 1.1840085320632583
60675.283 lsst_hardware_r 17.965500787100865 22.84000015258789 31.489999771118164 AB 7.790661649071805 1.1088010850912888
60679.2583 lsst_hardware_r 4.175902373449343 22.709999084472656 31.479999542236328 AB 3.0320318091038385 1.150931000197579
60679.2826 lsst_hardware_i 39.396015983347176 30.399999618530273 31.239999771118164 AB 2.9603815565118303 1.0822745149324264
60681.2637 lsst_hardware_z 88.33894250000345 42.04999923706055 30.950000762939453 AB 8.309701781910324 1.116995489996011
60681.2851 lsst_hardware_r 56.14363183196257 22.360000610351562 31.5 AB 7.935911254838232 1.0651276737882363
60683.2611 lsst_hardware_u 0.5396294075551937 2.6500000953674316 28.389999389648438 AB 9.8697769203429 1.1089636989149325
60683.2848 lsst_hardware_r -6.357751100260926 22.260000228881836 31.479999542236328 AB 9.391901495980987 1.0552698310090995
60685.2196 lsst_hardware_z -30.476711725877593 49.900001525878906 30.940000534057617 AB 8.945219153382153 1.2403386737296624
60685.2369 lsst_hardware_i -45.67977692633965 42.0 31.270000457763672 AB 8.492501141620105 1.1685856079653387
60687.2148 lsst_hardware_z 46.780943241297436 56.400001525878906 30.950000762939453 AB 6.3861166762453365 1.2372598423414387
60687.2326 lsst_hardware_r 128.41491447636042 69.04000091552734 31.6200008392334 AB 6.0059117875388 1.1643877059982142
60689.2193 lsst_hardware_y 36.482254424737704 77.44000244140625 30.760000228881836 AB 9.415265612818656 1.1941865888091645
60691.2153 lsst_hardware_r 75.05510008722176 81.75 31.6200008392334 AB 5.999907351331602 1.188375007691203
60691.2326 lsst_hardware_i 8.92693635462937 65.62000274658203 31.309999465942383 AB 5.710359541217131 1.128232259197273
60693.2233 lsst_hardware_z -52.40372699500471 57.060001373291016 30.969999313354492 AB 7.545195347125459 1.1402743459461173
60693.2421 lsst_hardware_r 13.094820711680798 67.41000366210938 31.639999389648438 AB 7.236035464248698 1.0876349713285283
60698.2162 lsst_hardware_i 51.18588128712112 31.760000228881836 31.25 AB 10.196596819446194 1.1201461238005617
60698.2334 lsst_hardware_z -55.06240521661382 41.849998474121094 30.950000762939453 AB 9.787139010345653 1.0762489633369752
60700.2205 lsst_hardware_r 36.85065459887473 22.309999465942383 31.489999771118164 AB 9.413090970712954 1.0937294039191257
60700.2392 lsst_hardware_u 0.008934906678648524 2.740000009536743 28.5 AB 9.089253290547646 1.0538061050662957
60702.2262 lsst_hardware_r 13.761195566023744 22.110000610351562 31.479999542236328 AB 11.601280804595582 1.0683152843933132
60702.2452 lsst_hardware_i 6.3819850320479725 29.93000030517578 31.25 AB 11.333703673073991 1.0355536915284331
60706.2311 lsst_hardware_g 28.672755855601842 13.428637055293484 31.40999984741211 AB 10.94194055739857 1.0401743352619213
60706.2487 lsst_hardware_r 49.22700483025146 22.15682464780517 31.5 AB 10.851374896949364 1.0186533791491361
60710.2111 lsst_hardware_z 116.65066158065918 42.31904831670145 30.950000762939453 AB 7.923048042473906 1.0552456354641768
60710.2293 lsst_hardware_i 80.99661436300548 31.59551713503952 31.25 AB 7.7539712111146795 1.0277988151393074
60712.1262 lsst_hardware_r 183.56355622246704 36.79202067515586 31.520000457763672 AB 5.306880878988527 1.3468671068876596
60712.1451 lsst_hardware_z 164.84998540496113 47.39291168939026 30.940000534057617 AB 4.899838884356387 1.2440349232455283
60715.1252 lsst_hardware_r 496.94767584350336 61.71448030886423 31.56999969482422 AB 7.304778545639665 1.3044247402927973
60715.1444 lsst_hardware_y 49.899091304203914 52.45745228891193 30.0 AB 6.778147013808476 1.2103833953229421
60717.1154 lsst_hardware_z 1083.2837476575178 97.08391350819917 31.700000762939453 AB 2.1903648089819785 1.3295082300345848
60717.1356 lsst_hardware_r 1399.0412230060122 126.56276458928689 32.36000061035156 AB 2.653525682716781 1.2249397265859345
60719.1301 lsst_hardware_i 711.4360103222963 88.35122879364943 31.299999237060547 AB 4.522718196581801 1.2251155385774843
60719.1488 lsst_hardware_z 516.2403918114676 75.61936714628983 30.979999542236328 AB 4.200685217102475 1.151924648199927
60721.115 lsst_hardware_r 877.8484488569145 97.09437751285881 31.610000610351562 AB 1.9056542584836127 1.2712836947855988
60721.134 lsst_hardware_z 636.1114165422025 72.47704259070339 30.969999313354492 AB 3.4186344440133984 1.1859963379057756
60728.1171 lsst_hardware_u 0.194697505648227 2.8679309295898334 28.329999923706055 AB 7.229556358938923 1.1775001195388939
60728.1373 lsst_hardware_g 233.07271730660096 20.893219696269174 31.389999389648438 AB 7.231666439964733 1.111566508000215
60730.1162 lsst_hardware_r 1452.1550105235779 44.41708917157452 31.489999771118164 AB 9.051064346865097 1.1608269348835694
60730.1368 lsst_hardware_i 1469.183653566694 48.08883513712979 31.25 AB 10.24545605060678 1.0982765722797234
60732.1091 lsst_hardware_z 1105.7358638506594 53.78115889642976 30.940000534057617 AB 6.658115102520844 1.1666917033709605
60732.1291 lsst_hardware_r 1389.065039461493 44.37841664832115 31.479999542236328 AB 5.906072936406856 1.1041452489076193
60734.1123 lsst_hardware_u 2.4634813109990277 2.6915306866914848 28.350000381469727 AB 6.016677406070317 1.1372606381382322
60734.1323 lsst_hardware_r 1528.6399506742753 44.26114815420678 31.479999542236328 AB 6.585795738226503 1.0825965597084664
60737.1102 lsst_hardware_i 1282.3455951469311 48.6294291357873 31.239999771118164 AB 6.540764400564976 1.118748721553917
60737.1307 lsst_hardware_z 1220.61979341072 53.14303138321111 30.940000534057617 AB 5.2587206096088135 1.0681943143629522
60739.1053 lsst_hardware_r 1391.7528682451762 43.16128276922814 31.489999771118164 AB 11.565838410987524 1.1171305150746977
60739.1257 lsst_hardware_z 1150.5074722674851 53.061659734432666 30.950000762939453 AB 10.957093856944445 1.067249401650433
60741.1043 lsst_hardware_g 210.76694032098715 29.3855232226884 31.59000015258789 AB 8.019392883335412 1.1047517403685647
60741.1254 lsst_hardware_r 1365.0794755472928 46.324559010142806 31.540000915527344 AB 9.073377727056227 1.0571951910347908
60743.0998 lsst_hardware_i 1426.3176174184111 56.217069209698735 31.290000915527344 AB 11.28265469297896 1.1021984753557412
60743.1186 lsst_hardware_z 984.966135420662 57.110872010769434 30.959999084472656 AB 10.907345954135263 1.0597115400777422
60750.0968 lsst_hardware_r 1217.2899909184803 103.80252087417423 31.649999618530273 AB 7.770009592285739 1.064956256295423
60750.1185 lsst_hardware_z 966.454181907934 75.0849886103857 30.989999771118164 AB 7.474192616801582 1.029763156463053
60752.0878 lsst_hardware_r 891.4849601749811 71.09165721087486 31.639999389648438 AB 8.539293804036145 1.0722704509855152
60752.1034 lsst_hardware_i 1182.4353630634741 64.21912273051433 31.329999923706055 AB 8.343985800144683 1.0434221152523764
60754.0853 lsst_hardware_z 975.222629460683 53.65105227851034 30.959999084472656 AB 5.342948195920746 1.0661197949924168
60754.1026 lsst_hardware_i 919.5072296015763 48.91467953275122 31.299999237060547 AB 5.25163128623844 1.036437988205731
60756.0874 lsst_hardware_u -4.359349543259664 2.8730599330206688 28.559999465942383 AB 5.526860826251169 1.0518671876389762
60756.1048 lsst_hardware_g 51.03436980888827 15.859440734808611 31.450000762939453 AB 5.352148166271548 1.0264956206888278
60758.0859 lsst_hardware_r 594.3089912329378 32.91148559416982 31.510000228881836 AB 5.725371117558328 1.0452048957251245
60758.1034 lsst_hardware_i 801.3544851887281 41.09962740804062 31.270000457763672 AB 5.597795744270185 1.0219773453307048
60760.0747 lsst_hardware_z 670.3660293052192 49.28033755609115 30.950000762939453 AB 7.303131064952811 1.055035427003003
60760.0917 lsst_hardware_u -0.8749059953001048 2.933300285748176 28.559999465942383 AB 8.361182514044698 1.0291319483100159
60762.0759 lsst_hardware_g 66.44666953963387 15.277425097508258 31.440000534057617 AB 7.418755141681652 1.0437313054713622
60762.0936 lsst_hardware_r 450.0326216148355 30.46601636775335 31.510000228881836 AB 8.273568797935722 1.0208191159105604
60763.9969 lsst_hardware_y 272.09810565026874 52.590076774223895 29.969999313354492 AB 8.527893438521446 1.2748495273851075
60764.013 lsst_hardware_u 0.5876063551911368 2.7872051864384555 28.389999389648438 AB 7.137514422277445 1.2003892402080723
60766.9964 lsst_hardware_y 185.6241999506163 51.626454442969575 29.989999771118164 AB 9.42696520249185 1.237134541009387
60767.0155 lsst_hardware_i 551.0097539169902 38.63683294777276 31.239999771118164 AB 8.985958934066707 1.1596780866471703
60770.991 lsst_hardware_y 165.56780856953537 53.51582865510719 30.0 AB 10.184442822260943 1.2125058422835815
60771.0084 lsst_hardware_g -15.038502725258573 35.59684570079051 31.649999618530273 AB 9.287522059646747 1.1466076616847836
60772.9898 lsst_hardware_z 516.9267983808018 58.58276489421823 30.959999084472656 AB 10.440701659684184 1.1947933466480727
60773.0085 lsst_hardware_i 408.32466754552456 54.09318452168055 31.299999237060547 AB 8.627466438084157 1.1288801358304617
60774.9874 lsst_hardware_y 240.58348987012633 58.57418671372205 30.010000228881836 AB 6.467736067798091 1.182725805577116
60775.0068 lsst_hardware_r 265.11296931909175 84.48640935480825 31.639999389648438 AB 6.353378151865727 1.1177161722066635
60779.9838 lsst_hardware_y 229.2297867067173 54.764559912812096 30.030000686645508 AB 12.992012102927427 1.146691271220426
60780.0028 lsst_hardware_z 379.65357410680247 59.48676815258112 30.979999542236328 AB 12.364065153617208 1.0919184115529736
60781.9826 lsst_hardware_y 183.47371199494447 50.66363912667093 30.020000457763672 AB 16.18334302734594 1.132969968310413
60782.0014 lsst_hardware_u -4.911068667569565 2.847763514111084 28.479999542236328 AB 14.458511656078848 1.0822239263532072
60789.9837 lsst_hardware_z 684.1503057315347 64.2418442676454 31.700000762939453 AB 14.659054659695336 1.072999773798769
60793.9824 lsst_hardware_y 510.0094586284997 83.55089501625125 31.229999542236328 AB 11.232038224881919 1.054065884356758
60794.022 lsst_hardware_i 448.2461907453399 55.64724640536071 32.43000030517578 AB 8.602798243264 1.0085343778738387
60794.9704 lsst_hardware_y 67.21484857274187 51.49723578143212 30.049999237060547 AB 12.050247771606204 1.07224509312824
60794.988 lsst_hardware_i 144.06573383639784 32.57400992843924 31.260000228881836 AB 11.789424441987716 1.0403198272214584
60796.9688 lsst_hardware_y 153.32876460103492 51.20843832631892 30.040000915527344 AB 9.927702966947281 1.0642906268168184
60796.9871 lsst_hardware_g -26.651723752525093 15.167131265654572 31.459999084472656 AB 9.610715221718726 1.0337807696362458
60801.9768 lsst_hardware_z 443.0485412405323 77.07750184473677 31.729999542236328 AB 4.1184755134865965 1.0294044191180125
61024.2548 lsst_hardware_z -135.00454214450514 46.58000183105469 30.90999984741211 AB 11.966689525093019 1.4651525158338754
61024.2787 lsst_hardware_r -32.10577217097949 24.1200008392334 31.450000762939453 AB 10.656280318744779 1.3048723064779832
61028.2566 lsst_hardware_r 43.48193733736405 23.860000610351562 31.43000030517578 AB 6.0099189769718695 1.372911245453311
61028.278 lsst_hardware_i 21.50172804356922 32.2400016784668 31.219999313354492 AB 5.483988270154096 1.2515520671317357
61030.2607 lsst_hardware_z 18.173567994316514 45.0099983215332 30.920000076293945 AB 7.059141442784879 1.3140620705109605
61030.2826 lsst_hardware_r 12.931668633977546 23.229999542236328 31.459999084472656 AB 6.466613614713377 1.2061577247041084
61034.257 lsst_hardware_i 19.60591792260129 32.2599983215332 31.219999313354492 AB 8.05900881115734 1.2746890089878222
61034.2805 lsst_hardware_z -15.862167377856402 42.869998931884766 30.940000534057617 AB 7.38827730590274 1.171425350741004
61036.2579 lsst_hardware_r -8.020831718829863 23.18000030517578 31.450000762939453 AB 7.812201086865592 1.2432221977347777
61036.2797 lsst_hardware_u -5.534229994898528 2.619999885559082 28.350000381469727 AB 7.2712197965246235 1.1548034299252956
61038.2571 lsst_hardware_g -26.1911785654418 13.59000015258789 31.360000610351562 AB 8.782428412786416 1.221917250674622
61038.28 lsst_hardware_r -12.96222069319745 22.600000381469727 31.479999542236328 AB 8.177290098366191 1.1357873186304261
61040.2635 lsst_hardware_i 19.711224530156052 40.58000183105469 31.270000457763672 AB 6.586734540039865 1.1737224092019816
61040.286 lsst_hardware_z 10.277404908159633 41.54999923706055 30.940000534057617 AB 6.188291796134264 1.102590965903655
61042.2637 lsst_hardware_r 108.11365789897307 70.95999908447266 31.6200008392334 AB 5.629447725156702 1.1534965627668943
61042.2852 lsst_hardware_z -22.97050725896603 53.709999084472656 30.969999313354492 AB 5.274396226839707 1.0907278334954937
61045.2611 lsst_hardware_z -35.30898116514633 59.4900016784668 30.969999313354492 AB 11.906303274724483 1.1351228215010478
61045.2841 lsst_hardware_i -92.20668701669214 62.29999923706055 31.31999969482422 AB 11.25143041157503 1.07436155180868
61056.2163 lsst_hardware_i -35.21523525110748 31.56999969482422 31.219999313354492 AB 6.031593863761512 1.187165830683935
61056.235 lsst_hardware_z -10.63354678440176 42.310001373291016 30.940000534057617 AB 5.726327239964639 1.1231028844072906
61058.2174 lsst_hardware_r -12.128550055231177 22.43000030517578 31.459999084472656 AB 7.7203316750827105 1.1626421879046345
61058.234 lsst_hardware_g 2.58867240369389 13.210000038146973 31.360000610351562 AB 7.409174207652763 1.1103213258883204
61060.2175 lsst_hardware_r -42.45842767995443 22.40999984741211 31.469999313354492 AB 11.211427720913877 1.1436342455879582
61060.2347 lsst_hardware_i -49.99679827358515 30.329999923706055 31.229999542236328 AB 10.764042776880185 1.094092099970881
61062.2164 lsst_hardware_z 27.088005312700833 42.41999816894531 30.940000534057617 AB 10.733087345186881 1.1297986679144085
