data/validation/pwv_sim_epoch_fit_epoch/31352560.ecsv
# %ECSV 0.9
# ---
# datatype:
# - {name: time, datatype: float64}
# - {name: band, datatype: string}
# - {name: flux, datatype: float64}
# - {name: fluxerr, datatype: float64}
# - {name: zp, datatype: float64}
# - {name: zpsys, datatype: string}
# - {name: pwv, datatype: float64}
# - {name: airmass, datatype: float64}
# meta: {SNID: '31352560', alt: 1024.0, c: 0.06209389865398407, dec: -34.772018, lat: -30.244573, lon: -70.7499537, ra: 166.640625, t0: 62262.37890625,
#   x0: 2.218556955789831e-05, x1: 0.889765739440918, z: 0.3282569348812103}
# schema: astropy-2.0
time band flux fluxerr zp zpsys pwv airmass
[from data line 132]
62529.2254 lsst_hardware_u 2.0850351872727915 2.759999990463257 28.3799991607666 AB 11.093896327147768 1.1021156692974137
62531.2088 lsst_hardware_g 5.679384782628714 13.350000381469727 31.360000610351562 AB 13.882583936129718 1.1341980339975262
62531.2273 lsst_hardware_r 7.586674579256933 22.200000762939453 31.479999542236328 AB 13.311816288100506 1.0838476052841968
62535.2105 lsst_hardware_r -28.289929899637205 22.40999984741211 31.479999542236328 AB 9.896971801870288 1.098260201062005
62535.2293 lsst_hardware_g -1.1932074589672736 13.34000015258789 31.3799991607666 AB 9.54321887088423 1.0568933906511166
62537.2284 lsst_hardware_i -20.62901969837632 29.920000076293945 31.239999771118164 AB 5.653555878691066 1.0488323317094201
62537.2467 lsst_hardware_z 27.911387630391435 40.349998474121094 30.940000534057617 AB 5.5261694864317725 1.0234910766326286
62539.2023 lsst_hardware_z 33.55198595535591 41.529998779296875 30.93000030517578 AB 5.482180650022348 1.091415618160946
62539.2201 lsst_hardware_i 9.019124294058669 30.040000915527344 31.229999542236328 AB 6.176474978953931 1.0537662043256297
62541.208 lsst_hardware_u 0.3730640621349633 2.609999895095825 28.389999389648438 AB 6.051223212474777 1.066420116161918
62541.2271 lsst_hardware_g 4.963398422967922 13.329999923706055 31.399999618530273 AB 5.5063462947289645 1.034152745746824
62543.1426 lsst_hardware_y 17.270837910247444 49.88999938964844 29.979999542236328 AB 2.702037961266109 1.2695558157867928
62543.1633 lsst_hardware_g 5.049347455327211 20.110000610351562 31.520000457763672 AB 2.385925792684753 1.1781864743104
62543.2185 lsst_hardware_i -20.235541677435638 30.110000610351562 31.25 AB 3.8554746545442935 1.0386049444289391
62543.239 lsst_hardware_r -3.2420290684124624 21.950000762939453 31.489999771118164 AB 3.7732776729180455 1.0151633763427694
62548.1185 lsst_hardware_i -106.75542803936116 63.34000015258789 31.270000457763672 AB 4.14613828595438 1.3270473549411224
62548.1374 lsst_hardware_z 54.46984060698192 59.060001373291016 30.959999084472656 AB 4.248580061904096 1.2289492766746812
62550.1221 lsst_hardware_r -8.029461565823858 114.86000061035156 31.600000381469727 AB 7.045504672856586 1.2767064732910367
62550.1427 lsst_hardware_z -55.7639036151987 75.8499984741211 30.979999542236328 AB 6.592660534634953 1.1838849278046724
62552.1169 lsst_hardware_g 33.68411035334132 106.37999725341797 31.649999618530273 AB 4.0747532119091465 1.2753531179684339
62552.1383 lsst_hardware_i 9.328605970286675 83.5199966430664 31.31999969482422 AB 4.5970357779335895 1.1798111370533413
62554.1208 lsst_hardware_z -47.67349321699755 59.189998626708984 30.959999084472656 AB 7.520760002892183 1.2299374468117557
62554.1428 lsst_hardware_r 127.33901128495755 68.51000213623047 31.6200008392334 AB 7.476874702962844 1.144492587990996
62556.1148 lsst_hardware_u -0.425577319352584 2.5999999046325684 28.290000915527344 AB 9.61574546880187 1.2323928828967472
62556.1339 lsst_hardware_g -36.46467012516864 22.200000762939453 31.540000915527344 AB 10.895137545059281 1.1561054271073092
62557.1138 lsst_hardware_r -5.170024071528347 23.049999237060547 31.459999084472656 AB 9.344797262163981 1.2245835751754535
62557.1334 lsst_hardware_i 38.39040600559907 31.0 31.229999542236328 AB 9.999193643265558 1.1485075254289228
62559.1153 lsst_hardware_z 10.452367737219136 42.959999084472656 30.93000030517578 AB 8.043032863554215 1.1950570727022347
62559.1349 lsst_hardware_r -13.161579439443907 22.6299991607666 31.469999313354492 AB 8.750468412843121 1.1263676154906672
62561.1361 lsst_hardware_r 8.387597443800262 22.6200008392334 31.479999542236328 AB 4.533788607848652 1.1072874851260597
62561.1559 lsst_hardware_i 13.181579199487874 30.3700008392334 31.239999771118164 AB 4.305457894562622 1.0614598088250702
62563.1285 lsst_hardware_z 2.6457929341791018 42.29999923706055 30.940000534057617 AB 5.455238104203637 1.1132003069490657
62563.1476 lsst_hardware_i -28.263650005682642 30.559999465942383 31.239999771118164 AB 5.301355579900871 1.067100559561367
62566.1061 lsst_hardware_r 15.873430878179045 22.8799991607666 31.469999313354492 AB 8.242993082887557 1.1578321588474292
62566.1258 lsst_hardware_u -1.1742446922821892 2.5899999141693115 28.350000381469727 AB 8.442093875096829 1.0984205068001252
62568.1062 lsst_hardware_g 16.88300735607447 13.640000343322754 31.3799991607666 AB 11.757147305192682 1.1392124644702022
62568.126 lsst_hardware_r 18.80158348995245 22.579999923706055 31.489999771118164 AB 12.446142519111326 1.0845051426801238
62571.0984 lsst_hardware_i -2.582708225232438 32.08000183105469 31.25 AB 8.547222221898032 1.1379606206760637
62571.1196 lsst_hardware_z 78.96047896405999 41.619998931884766 30.950000762939453 AB 8.156438229048952 1.0803706427280022
62572.1023 lsst_hardware_r -43.21105221983751 28.139999389648438 31.520000457763672 AB 8.8509960263308 1.1178322842044455
62572.1216 lsst_hardware_g 20.482219121530775 19.299999237060547 31.530000686645508 AB 8.531139140456586 1.0700483912270993
62575.1039 lsst_hardware_r -24.694173006899497 48.290000915527344 31.610000610351562 AB 9.90887461326933 1.0916865163352492
62575.1243 lsst_hardware_i -5.873894255156655 43.61000061035156 31.299999237060547 AB 9.403737095514835 1.0494266264873175
62578.0884 lsst_hardware_z 8.05638353246139 69.97000122070312 30.989999771118164 AB 8.892885005190339 1.1108122293589084
62578.1053 lsst_hardware_i -123.69872668197137 78.9800033569336 31.329999923706055 AB 8.517018657334493 1.0698764133196612
62580.0961 lsst_hardware_z 85.65148342346531 113.97000122070312 31.75 AB 5.592150070531086 1.0779528833368783
62582.0861 lsst_hardware_r -83.30592767065038 79.08999633789062 31.639999389648438 AB 5.75700653916485 1.0884867723888707
62582.1028 lsst_hardware_i 46.704104141799 65.52999877929688 31.329999923706055 AB 5.47618196559223 1.053584678815923
62584.0915 lsst_hardware_z 94.55696455817765 63.959999084472656 31.709999084472656 AB 5.836260100480697 1.0646062355516965
62587.0764 lsst_hardware_g -0.2549450956831069 13.619999885559082 31.389999389648438 AB 6.8929381609351354 1.0792700669522655
62587.0949 lsst_hardware_r 27.679103855581317 22.3799991607666 31.489999771118164 AB 6.704103321914928 1.0439005509949886
62589.0781 lsst_hardware_i 36.835273722887635 30.65999984741211 31.239999771118164 AB 7.232011694129145 1.0641049135507923
62589.0959 lsst_hardware_z 41.94857371650221 40.9900016784668 30.940000534057617 AB 7.1150618936942225 1.0343539005915603
62591.069 lsst_hardware_i 16.376816129663336 30.579999923706055 31.239999771118164 AB 5.1250498946799405 1.0715696816015765
62591.0849 lsst_hardware_u 2.110444854405794 2.549999952316284 28.329999923706055 AB 5.366464871047943 1.0424537183743212
62594.0724 lsst_hardware_g -6.664469148740471 13.739999771118164 31.40999984741211 AB 6.395176315967251 1.0494648313382156
62594.0907 lsst_hardware_r 1.4376337032167141 22.31999969482422 31.479999542236328 AB 7.196333842109891 1.0239033211444
62595.9933 lsst_hardware_y -60.16302866468672 50.220001220703125 29.959999084472656 AB 12.054860149246114 1.2937522630726743
62596.011 lsst_hardware_g 4.634275576878043 13.770000457763672 31.350000381469727 AB 9.26074879411712 1.2085805930332416
62597.9908 lsst_hardware_z -31.220865673572767 45.91999816894531 30.93000030517578 AB 14.446818699012866 1.2779611837982705
62598.0072 lsst_hardware_i 5.01691720627355 31.920000076293945 31.229999542236328 AB 12.850758881289796 1.2016418864778606
62599.9914 lsst_hardware_y 51.27334557370738 50.279998779296875 29.969999313354492 AB 11.202231836701491 1.2476498184624472
62600.0105 lsst_hardware_r -7.383340920331101 24.799999237060547 31.479999542236328 AB 9.444785201227837 1.167680682602193
62601.9888 lsst_hardware_y 39.64240091224955 50.41999816894531 29.989999771118164 AB 3.6389180553040243 1.2342288486050959
62602.0072 lsst_hardware_r -18.999870318132594 31.6299991607666 31.549999237060547 AB 1.998208596251176 1.1599508105173235
62605.9844 lsst_hardware_y 23.25573953531536 56.349998474121094 30.010000228881836 AB 13.642732081604802 1.2056143585723578
62606.0023 lsst_hardware_z -6.554216708521028 62.04999923706055 30.979999542236328 AB 12.922179954905102 1.1396727922481018
62607.9829 lsst_hardware_y -17.737178583823585 63.599998474121094 30.010000228881836 AB 17.01345249348994 1.1895023766685269
62608.0018 lsst_hardware_r 64.54075860527784 114.2300033569336 31.639999389648438 AB 14.944705856950335 1.1242960960654758
62615.977 lsst_hardware_y -38.3621558597319 49.08000183105469 30.010000228881836 AB 15.45202304907399 1.1333170952551639
62615.9958 lsst_hardware_i -27.867240240900234 30.549999237060547 31.239999771118164 AB 14.901256417705666 1.0825009051103778
62617.9737 lsst_hardware_y 20.032601646735806 50.09000015258789 30.020000457763672 AB 6.888246952135649 1.126681161666023
62617.9917 lsst_hardware_i 12.446651688650935 30.3799991607666 31.239999771118164 AB 6.511440677823933 1.0793933987274091
62619.9725 lsst_hardware_y -84.94040706266604 49.5 30.030000686645508 AB 12.02399636635365 1.1142271297665085
62619.9906 lsst_hardware_g 12.749433886437197 13.539999961853027 31.40999984741211 AB 11.220147307835102 1.0699186104433398
62621.9713 lsst_hardware_y -95.50273962686764 49.540000915527344 30.030000686645508 AB 12.657604487332351 1.1025787880951525
62621.9899 lsst_hardware_i 5.422818736954427 30.299999237060547 31.25 AB 12.163723321712633 1.060389096130471
62622.97 lsst_hardware_z -48.777985121104365 43.790000915527344 30.950000762939453 AB 10.31740183382036 1.0988428536445995
62622.9898 lsst_hardware_u -2.7748561861703647 2.75 28.510000228881836 AB 9.748387546115366 1.0554772137413777
62624.969 lsst_hardware_y -21.150636680164524 49.650001525878906 30.040000915527344 AB 11.905022653934914 1.0877381990392576
62624.9874 lsst_hardware_r -12.328881968286987 22.219999313354492 31.5 AB 11.547878376878309 1.0500696425813563
62626.9684 lsst_hardware_y 30.594564404594554 49.40999984741211 30.040000915527344 AB 7.245347264518508 1.0765479702610399
62626.9866 lsst_hardware_z 22.593263333500055 41.029998779296875 30.950000762939453 AB 7.397621452828459 1.04245687249215
62632.9654 lsst_hardware_y -31.63736627432694 52.72999954223633 30.049999237060547 AB 12.222410738971458 1.050336070378527
62632.9854 lsst_hardware_r 60.48463671486168 47.59000015258789 31.6299991607666 AB 11.894347744606941 1.0226125761970777
