data/validation/pwv_sim_epoch_fit_epoch/31424736.ecsv
# %ECSV 0.9
# ---
# datatype:
# - {name: time, datatype: float64}
# - {name: band, datatype: string}
# - {name: flux, datatype: float64}
# - {name: fluxerr, datatype: float64}
# - {name: zp, datatype: float64}
# - {name: zpsys, datatype: string}
# - {name: pwv, datatype: float64}
# - {name: airmass, datatype: float64}
# meta: {SNID: '31424736', alt: 1024.0, c: -0.06018396094441414, dec: -8.084014, lat: -30.244573, lon: -70.7499537, ra: 182.285156, t0: 61081.984375,
#   x0: 1.0243977761677392e-05, x1: 1.2857388257980347, z: 0.45522984862327576}
# schema: astropy-2.0
time band flux fluxerr zp zpsys pwv airmass
61059.3608 lsst_hardware_i 245.05196968517384 37.27943430707053 31.25 AB 6.699434660610732 1.0820374159106405
61065.3617 lsst_hardware_z 753.2944403112961 50.59171177350617 30.950000762939453 AB 10.529125198424566 1.0789880647403485
61067.3123 lsst_hardware_g 997.4601129351821 34.59559693883793 31.440000534057617 AB 13.122067044665569 1.1105964321502202
61067.3284 lsst_hardware_y 273.45987948352024 50.54074024061427 30.030000686645508 AB 12.869928087562998 1.0897791149253153
61069.3616 lsst_hardware_z 1137.9633822917817 53.397518160087685 30.940000534057617 AB 12.498093370470947 1.083101902546771
61069.3808 lsst_hardware_y 377.44059613906353 77.87238847012803 30.049999237060547 AB 13.076800358619257 1.1021555750116316
61071.3259 lsst_hardware_r 3343.5128955230607 77.76366462178314 31.6200008392334 AB 11.660755522943553 1.083235144610284
61071.3433 lsst_hardware_y 281.5650832692029 53.57720628151872 30.030000686645508 AB 12.42653793842232 1.078731545998248
61072.3257 lsst_hardware_z 1468.2988247315093 72.79471905372509 30.979999542236328 AB 10.666853941366679 1.0818310285361743
61072.342 lsst_hardware_r 3795.1028928958453 101.00883019552124 31.649999618530273 AB 12.722317018399478 1.078893912686523
61076.3338 lsst_hardware_r 4268.668368250963 127.56817225822152 31.649999618530273 AB 7.502007559921424 1.079425548190143
61076.3524 lsst_hardware_z 1715.3046673971478 90.18689189452903 30.989999771118164 AB 7.5784392111980425 1.091011583400844
61078.3272 lsst_hardware_z 1832.9350073588214 73.38260207157704 30.969999313354492 AB 3.9092785624315667 1.0791659247568508
61078.3451 lsst_hardware_i 2537.9565063227296 80.12310582529553 31.309999465942383 AB 5.165161990880032 1.0892370288654734
61080.2792 lsst_hardware_z 1841.941353605679 63.26049892988197 30.950000762939453 AB 5.838823567811398 1.1067810762603352
61080.297 lsst_hardware_r 4139.217234096481 75.56760767874462 31.59000015258789 AB 5.941692621158737 1.086232654690811
61082.3058 lsst_hardware_y 641.5270962901524 53.1908551143099 30.030000686645508 AB 4.018361380173959 1.0791893058074282
61082.3216 lsst_hardware_g 1681.7777682956005 45.975379321109244 31.540000915527344 AB 4.04332814688262 1.0808147946759208
61084.3065 lsst_hardware_r 3762.303654782642 65.50840998954813 31.510000228881836 AB 6.14829481401365 1.078648212984851
61084.3228 lsst_hardware_i 2485.9669957930737 58.90994661488559 31.25 AB 6.181497558427309 1.08447325586444
61086.2989 lsst_hardware_z 1880.5977140203297 60.10347715771473 30.950000762939453 AB 4.354211159425004 1.0786650271077804
61086.3157 lsst_hardware_r 3617.0730680435086 64.41873571016144 31.510000228881836 AB 4.3029271103558795 1.0834059027333487
61088.301 lsst_hardware_u -0.7468430937076089 3.519582668600603 28.399999618530273 AB 5.314661724520553 1.0794113583076124
61088.3172 lsst_hardware_r 3393.5005639316623 62.822338639987386 31.5 AB 5.342183372249245 1.0886862384856884
61090.3008 lsst_hardware_i 2406.1660726627865 57.566236564152106 31.260000228881836 AB 2.722539135117531 1.081266576912473
61090.3194 lsst_hardware_z 1850.4289321240817 59.50501454898778 30.950000762939453 AB 2.7749436191324497 1.0968156597361463
61092.3015 lsst_hardware_r 2997.1897659360407 59.641207929861984 31.5 AB 7.03315168670445 1.084846719545142
61092.3195 lsst_hardware_u 4.7203189670945545 3.549232755424488 28.450000762939453 AB 7.153195019714053 1.1042857540854298
61094.2789 lsst_hardware_u 3.2116902800359917 3.0180721471489877 28.329999923706055 AB 11.481726626307893 1.078636559119549
61094.2961 lsst_hardware_g 775.7687456623565 31.466624787986625 31.43000030517578 AB 12.030874400844288 1.0848888048013245
61097.1508 lsst_hardware_z 1405.1454723608692 62.31934121633257 30.90999984741211 AB 7.6395270437834215 1.4355965505559376
61101.2702 lsst_hardware_i 1707.9423262222056 95.0785244329658 31.329999923706055 AB 3.709664349027614 1.0810095237574397
61101.2878 lsst_hardware_z 1117.3544855734142 82.63182781341733 30.989999771118164 AB 3.8377882558010796 1.0949467206279828
61103.2689 lsst_hardware_r 1964.3719244790577 162.75007191868994 31.649999618530273 AB 6.37875820451758 1.083164918410185
61103.2864 lsst_hardware_z 1064.1785839998847 109.34341394570812 30.989999771118164 AB 6.480433793539994 1.0999944200871326
61105.2719 lsst_hardware_y 240.79636607872007 65.21573204595272 30.040000915527344 AB 8.49393068548613 1.0897105737452308
61105.2901 lsst_hardware_r 1443.4279110409846 123.64090085055687 31.6299991607666 AB 8.668350327232224 1.1140406538018575
61109.2378 lsst_hardware_z 879.8678836965285 55.2512918706094 30.950000762939453 AB 10.865841754499543 1.0786292844769343
61109.2559 lsst_hardware_r 1158.1063653595816 53.833507352507844 31.600000381469727 AB 10.240213223600538 1.0854294961020259
61113.2407 lsst_hardware_i 1079.776753631727 45.90759280695368 31.260000228881836 AB 12.125191658026534 1.0826386194255662
61113.2593 lsst_hardware_z 835.7543978066062 51.31936444949419 30.940000534057617 AB 11.976264211018819 1.1002623701928955
61114.2314 lsst_hardware_r 809.5072502694213 37.180148877950735 31.5 AB 9.867085146049222 1.0797860742010346
61114.2505 lsst_hardware_u 3.1095701091191272 3.486018598230616 28.389999389648438 AB 9.508434235215002 1.0929234753120693
61116.2299 lsst_hardware_g 136.19243672875828 19.21152470881122 31.440000534057617 AB 8.942071143247047 1.0812988473952612
61116.2505 lsst_hardware_r 670.9581801222757 35.9595349200267 31.5 AB 8.685685445981242 1.0994538539216763
61118.2303 lsst_hardware_i 958.3854699633652 44.11391153927718 31.25 AB 7.289387487196087 1.0846899277848423
61118.2506 lsst_hardware_z 765.8040493616354 50.96200050875166 30.940000534057617 AB 6.20272845634017 1.1074323257168666
61120.2287 lsst_hardware_r 529.5143778919922 34.09812852847064 31.5 AB 6.178679507110747 1.0876839832371816
61120.2481 lsst_hardware_g 99.61626153540048 18.930279287836186 31.440000534057617 AB 6.313367464717376 1.1122426716084293
61122.1991 lsst_hardware_u -3.9160192700906804 3.6110657394201344 28.43000030517578 AB 7.418208524746027 1.0787767795747998
61122.2195 lsst_hardware_r 523.7246723811187 33.492844760759525 31.510000228881836 AB 6.978351948559921 1.0847741253784786
61124.2086 lsst_hardware_z 694.2801918655359 49.765143712106166 30.940000534057617 AB 7.580337655327219 1.0815534375355604
61124.2271 lsst_hardware_i 745.5343271923184 42.16331801310075 31.239999771118164 AB 7.749437596700681 1.0974597410799336
61128.2046 lsst_hardware_r 550.552373804374 70.63918602295087 31.639999389648438 AB 7.137884142091842 1.08585747959107
61128.2246 lsst_hardware_i 679.0477876813212 63.919771661818196 31.309999465942383 AB 7.423010587560047 1.1094989979538268
61130.1778 lsst_hardware_i 679.7017992514092 107.8745813163127 31.329999923706055 AB 4.984680441232766 1.0787211284701006
61130.1955 lsst_hardware_z 572.7843183353713 92.02707692704948 30.989999771118164 AB 5.151432460437681 1.083352719462543
61135.1793 lsst_hardware_r 354.33345322596296 80.70701047717621 31.639999389648438 AB 7.9902284577021065 1.0819171263941145
61135.1982 lsst_hardware_i 600.284522326689 68.60774934958879 31.309999465942383 AB 8.116466998643084 1.0988988625295304
61139.1674 lsst_hardware_u -5.061501806701123 5.784983692698865 28.8799991607666 AB 8.618763310931877 1.0814345884038867
61139.1858 lsst_hardware_g 44.25179631159219 33.29141120829412 31.639999389648438 AB 8.762261454366849 1.0970310750717516
61142.1616 lsst_hardware_r 202.18465695452377 29.50059132876624 31.520000457763672 AB 6.820881406119665 1.0826795882729627
61142.1782 lsst_hardware_i 401.26166248376893 37.84154980095024 31.260000228881836 AB 7.135479249545596 1.0977660383916301
61145.9978 lsst_hardware_z 359.9256574796527 52.37883232324695 30.899999618530273 AB 24.030248194135147 1.6090337211149834
61148.1538 lsst_hardware_g 62.88347904876828 16.834717665472564 31.459999084472656 AB 12.784057038752872 1.0890552906706787
61148.1713 lsst_hardware_r 204.82088442619724 29.06997954428154 31.510000228881836 AB 14.340295081000786 1.111650781472929
61150.1482 lsst_hardware_i 309.20110468796724 36.66157560396611 31.25 AB 7.019227830632625 1.0889276808303794
61150.1659 lsst_hardware_z 345.90431386942606 46.326204171003845 30.950000762939453 AB 7.061389789132063 1.1117526793789574
61152.1246 lsst_hardware_z 358.43587704227656 45.92484927783428 30.950000762939453 AB 9.822872858440853 1.0790413246182313
61152.1413 lsst_hardware_i 315.729884829403 36.63296764220022 31.25 AB 11.06255335877134 1.087656411244847
61156.1199 lsst_hardware_r -33.80715903700859 60.869998931884766 31.6299991607666 AB 10.593258017245736 1.0809446956373199
61156.1378 lsst_hardware_i 4.844001234985819 54.58000183105469 31.309999465942383 AB 9.396257544339328 1.0951349119276605
61158.1371 lsst_hardware_z 185.80306245432092 112.44000244140625 31.739999771118164 AB 2.29821398956759 1.1011606258658846
61160.1134 lsst_hardware_z -30.76040648595327 96.30999755859375 31.0 AB 11.405936870356431 1.0832363236959428
61160.1313 lsst_hardware_r 130.7832640018217 143.7899932861328 31.649999618530273 AB 11.476991364602227 1.1006992773187136
61162.0675 lsst_hardware_i -90.63287357042938 89.93000030517578 31.329999923706055 AB 9.166499654607026 1.0912499588817888
61162.0866 lsst_hardware_z 109.36032434202988 77.29000091552734 31.0 AB 9.671857737759861 1.0793480224413496
61164.1114 lsst_hardware_i 12.213307927441013 60.77000045776367 31.31999969482422 AB 12.795428657181926 1.0902716988055492
61164.1295 lsst_hardware_z 40.185277702350156 58.040000915527344 30.969999313354492 AB 11.234801977495264 1.1148955023811913
61167.1129 lsst_hardware_g 33.91486583290928 35.77000045776367 31.649999618530273 AB 7.326696299217485 1.1016760092049447
61167.1317 lsst_hardware_r -12.060265882941009 44.06999969482422 31.59000015258789 AB 7.04411845830744 1.135781757224676
61169.0537 lsst_hardware_r -7.628579352754802 24.110000610351562 31.5 AB 9.690518001965106 1.0864519916622157
61169.0655 lsst_hardware_i -9.765858786358356 31.610000610351562 31.25 AB 9.617704567932451 1.0799028268616964
61174.0449 lsst_hardware_g -6.937952454276854 15.229999542236328 31.450000762939453 AB 6.9077093599396395 1.0830808832580856
61174.0645 lsst_hardware_r -20.7509946583959 24.299999237060547 31.510000228881836 AB 6.854756871190385 1.079036132520262
61176.0329 lsst_hardware_i -18.99037819700733 31.549999237060547 31.239999771118164 AB 5.712839131581363 1.087849020581046
61176.0506 lsst_hardware_z -17.08689015110271 41.93000030517578 30.940000534057617 AB 5.4746682865837695 1.0789118168367615
61180.0386 lsst_hardware_g -25.316059588106555 15.25 31.450000762939453 AB 7.551439903807459 1.0790982893204983
61180.059 lsst_hardware_r 0.9329858855938062 24.229999542236328 31.5 AB 7.781268274413744 1.083364883315523
61181.0121 lsst_hardware_i -19.96249648504885 32.5099983215332 31.25 AB 7.298229288078554 1.0950766046507365
61181.0268 lsst_hardware_r -13.457487189665859 25.34000015258789 31.520000457763672 AB 7.227920365563653 1.0824966538129652
61183.03 lsst_hardware_z -25.838101808880854 45.040000915527344 30.950000762939453 AB 1.2978950944557341 1.0791810652348124
61183.0514 lsst_hardware_g -19.027034670077057 30.020000457763672 31.6299991607666 AB 2.051873718385658 1.0837361188656645
61186.0003 lsst_hardware_z 21.540042453367143 70.95999908447266 30.989999771118164 AB 6.201397367400369 1.0929979938136705
61186.0196 lsst_hardware_r 25.042809557708196 90.2699966430664 31.649999618530273 AB 6.140950910163436 1.079743452973102
61189.9993 lsst_hardware_i -93.75529097457488 77.87000274658203 31.329999923706055 AB 10.30460417961218 1.0842956994383666
61190.0187 lsst_hardware_z -73.24413424434607 68.7699966430664 30.979999542236328 AB 10.40221880127152 1.0787419575271853
61196.9926 lsst_hardware_i -21.66979046934901 32.22999954223633 31.239999771118164 AB 4.639791776242585 1.079021343312229
61197.0128 lsst_hardware_r -1.3205166943596696 24.950000762939453 31.5 AB 4.795851175873539 1.0835021012987505
61428.359 lsst_hardware_i 88.4573344120471 75.36000061035156 31.329999923706055 AB 10.212176676738808 1.0790265131139614
61430.3571 lsst_hardware_z 33.83725661719151 106.87999725341797 31.739999771118164 AB 10.382610547139404 1.0786193971575868
61432.3567 lsst_hardware_i 4.736619393220522 71.7699966430664 31.329999923706055 AB 11.812904948042933 1.0789026347650865
61432.3747 lsst_hardware_y -24.531451441900423 67.62999725341797 30.049999237060547 AB 11.963041615375223 1.0881757632008027
61434.351 lsst_hardware_r 67.19850120156096 42.61000061035156 31.610000610351562 AB 12.470787196958762 1.0788655927006354
61434.3701 lsst_hardware_y -58.13569979343954 53.599998474121094 30.040000915527344 AB 12.628151826313132 1.0889466938470653
61436.3577 lsst_hardware_g -26.550287725423463 20.610000610351562 31.56999969482422 AB 12.50411281145407 1.0835844285065872
61436.3771 lsst_hardware_y -74.57846277936804 58.119998931884766 30.040000915527344 AB 13.065466125492224 1.1036187203456633
61440.3364 lsst_hardware_r -23.788406890519425 24.299999237060547 31.520000457763672 AB 8.947175586859789 1.0791865053304666
61440.3531 lsst_hardware_u -8.920704442236017 2.930000066757202 28.549999237060547 AB 9.037588365028626 1.0883852553123539
61442.3196 lsst_hardware_g 18.863263989628187 15.3100004196167 31.469999313354492 AB 3.5758759182614854 1.0792653492074582
61442.3386 lsst_hardware_r -16.997154237206257 24.280000686645508 31.520000457763672 AB 4.663929754327241 1.0820136694427465
61443.3237 lsst_hardware_i 28.81125729665417 31.8700008392334 31.260000228881836 AB 4.068242065070757 1.078608620685559
61443.3429 lsst_hardware_z -43.06222511748605 42.43000030517578 30.950000762939453 AB 5.161187047443622 1.0866800815756652
61445.279 lsst_hardware_r 2.9356371572948654 24.399999618530273 31.510000228881836 AB 5.85323475634364 1.108129953082333
61445.2967 lsst_hardware_u -0.17112819182321437 2.75 28.420000076293945 AB 5.95069729755666 1.0869846191536505
61450.313 lsst_hardware_z -51.52443233083217 42.220001220703125 30.950000762939453 AB 2.759166694555581 1.080331517053869
61450.3301 lsst_hardware_r -13.411377817621497 24.260000228881836 31.510000228881836 AB 2.8917240850623487 1.0925909641293936
61452.2566 lsst_hardware_u -0.7108236704581581 2.75 28.420000076293945 AB 5.0277462548302045 1.1135650619778905
61452.2728 lsst_hardware_g -29.367202988803367 15.1899995803833 31.450000762939453 AB 4.970015412963977 1.091391592350176
61454.2994 lsst_hardware_r -45.3507122470709 41.310001373291016 31.600000381469727 AB 5.304544905428954 1.0794759677307597
61454.3169 lsst_hardware_i 12.2031020563727 32.06999969482422 31.25 AB 5.358641498435179 1.0902627667213063
61456.2991 lsst_hardware_z 60.88152179276915 71.51000213623047 30.989999771118164 AB 3.9098885157365175 1.0813741631058866
61456.3173 lsst_hardware_r 177.58754423676965 103.18000030517578 31.649999618530273 AB 3.9952248374597654 1.0966853794838773
61458.2748 lsst_hardware_r -90.17133732249434 149.4600067138672 31.649999618530273 AB 10.228843678686573 1.0795423488086302
61458.2926 lsst_hardware_z -137.69092382070409 99.16000366210938 31.0 AB 12.046694597961038 1.0809057512750968
61460.2675 lsst_hardware_z -86.58153341534727 77.55999755859375 30.989999771118164 AB 10.69278453026696 1.0801156130105687
61460.2852 lsst_hardware_i -65.84765956613971 87.26000213623047 31.329999923706055 AB 10.683829780632932 1.0801475855155331
61462.2781 lsst_hardware_z -28.083610929672545 51.84000015258789 30.969999313354492 AB 6.991550001494951 1.0796232195949018
61462.2948 lsst_hardware_r -20.109814521881226 55.630001068115234 31.6200008392334 AB 7.175901838034908 1.0900104057774544
61466.2711 lsst_hardware_r -20.37498620566442 25.989999771118164 31.510000228881836 AB 3.6831453540576318 1.081052349297808
61466.2911 lsst_hardware_i 5.58254029764244 32.95000076293945 31.25 AB 3.739603494014898 1.0980532917729955
61468.2642 lsst_hardware_z 59.885600998963035 42.08000183105469 30.940000534057617 AB 6.348935853224286 1.0804553739497322
