data/validation/pwv_sim_epoch_fit_epoch/31514288.ecsv
# %ECSV 0.9
# ---
# datatype:
# - {name: time, datatype: float64}
# - {name: band, datatype: string}
# - {name: flux, datatype: float64}
# - {name: fluxerr, datatype: float64}
# - {name: zp, datatype: float64}
# - {name: zpsys, datatype: string}
# - {name: pwv, datatype: float64}
# - {name: airmass, datatype: float64}
# meta: {SNID: '31514288', alt: 1024.0, c: 0.05292600020766258, dec: -20.423615, lat: -30.244573, lon: -70.7499537, ra: 99.316406, t0: 61032.9765625,
#   x0: 3.58324710606753e-06, x1: 0.6158788800239563, z: 0.7031906247138977}
# schema: astropy-2.0
time band flux fluxerr zp zpsys pwv airmass
[from data line 133]
61407.1791 lsst_hardware_g 3.5306487835021647 18.989999771118164 32.15999984741211 AB 4.745369050668618 1.0171554124039615
61407.1993 lsst_hardware_r 3.612198550718039 31.219999313354492 32.2400016784668 AB 4.804019311848939 1.0159352837689855
61409.1796 lsst_hardware_i 29.15298226463311 29.899999618530273 31.25 AB 2.5861919754112566 1.0153875050692016
61409.2009 lsst_hardware_z -15.805078368100087 40.529998779296875 30.950000762939453 AB 2.5606845932847206 1.018704917100406
61411.1759 lsst_hardware_i 17.214644420097198 30.030000686645508 31.260000228881836 AB 6.932563247695485 1.0150908921144277
61411.1973 lsst_hardware_u 4.799750314776293 2.740000009536743 28.510000228881836 AB 6.955463815477812 1.019713211476001
61413.1636 lsst_hardware_g 4.403401943435536 13.600000381469727 31.43000030517578 AB 7.4969121523987425 1.0168176979800556
61413.1845 lsst_hardware_r -29.821648204170728 22.25 31.5 AB 6.992899738502686 1.016409845712594
61415.1608 lsst_hardware_i -20.94035814225344 29.899999618530273 31.260000228881836 AB 8.490889845043373 1.0159604959669009
61415.182 lsst_hardware_r 33.68407686808486 22.09000015258789 31.489999771118164 AB 7.824085033086957 1.0175244971068524
61418.1464 lsst_hardware_u -1.6643925509812996 2.700000047683716 28.489999771118164 AB 4.977584646879657 1.0183274645825813
61418.1655 lsst_hardware_g 0.5879979763237454 13.40999984741211 31.420000076293945 AB 5.050973583256947 1.0151350405152302
61420.1283 lsst_hardware_g 9.056769653309022 16.75 31.5 AB 5.654195559301023 1.0271795732588338
61420.1482 lsst_hardware_r 16.805764186326854 23.299999237060547 31.520000457763672 AB 5.600491419913862 1.0156857852582266
61422.1276 lsst_hardware_i -48.446058778602584 37.65999984741211 31.299999237060547 AB 1.5440104730276396 1.0232011086995625
61422.1474 lsst_hardware_z -22.34955430279345 43.720001220703125 30.969999313354492 AB 1.4356809916785083 1.0149143976519646
61426.1084 lsst_hardware_z -158.5388378785505 63.38999938964844 30.989999771118164 AB 13.001352178108641 1.0306264112650507
61426.1279 lsst_hardware_r -78.00093126593531 87.87000274658203 31.65999984741211 AB 12.117098516703006 1.0168905671755792
61428.1121 lsst_hardware_i -23.789029970188782 72.95999908447266 31.34000015258789 AB 8.56938116825035 1.0225483420574175
61428.1306 lsst_hardware_r -28.58084088994277 94.25 31.65999984741211 AB 7.903776322230672 1.0149528707598672
61430.1103 lsst_hardware_z -53.861967977292075 50.79999923706055 30.979999542236328 AB 7.961016153606099 1.0201308514236782
61430.1285 lsst_hardware_g -16.102994983015066 62.59000015258789 31.729999542236328 AB 7.926746768242235 1.0147967783185057
61432.1022 lsst_hardware_r 11.208541303786804 25.15999984741211 31.530000686645508 AB 11.730573289540747 1.021826941597626
61432.1208 lsst_hardware_i -9.78633227984106 36.08000183105469 31.290000915527344 AB 11.630956946448455 1.0148586713787844
61434.0966 lsst_hardware_z 73.66477945547905 40.470001220703125 30.950000762939453 AB 11.872695314687409 1.0219224750118274
61434.1133 lsst_hardware_r -7.931728866675272 21.860000610351562 31.489999771118164 AB 11.832546310039609 1.0150593042840876
61438.1018 lsst_hardware_r 22.645897104048604 21.920000076293945 31.510000228881836 AB 6.145829994656844 1.0151405359378132
61438.1192 lsst_hardware_z 22.534384383664307 40.459999084472656 30.959999084472656 AB 6.262837757881329 1.0175203505899588
61440.079 lsst_hardware_i -13.48963325336828 29.90999984741211 31.260000228881836 AB 9.910403741016486 1.022789463704138
61440.0966 lsst_hardware_r -19.216171257641527 22.040000915527344 31.510000228881836 AB 10.651632372575332 1.0151018001469525
61443.0783 lsst_hardware_r 24.80829871626225 21.790000915527344 31.5 AB 6.38227194340324 1.0182445432538574
61443.0979 lsst_hardware_i -44.76038030377575 29.670000076293945 31.260000228881836 AB 5.601230045137527 1.0152366936780703
61445.0752 lsst_hardware_z 15.31026431531352 40.47999954223633 30.959999084472656 AB 6.146206423109968 1.0172049192122086
61445.094 lsst_hardware_r -13.264323627615113 21.8700008392334 31.5 AB 6.061784739158653 1.0155444361130173
61447.0703 lsst_hardware_u 0.7572717217019843 2.700000047683716 28.489999771118164 AB 1.043341970366522 1.0169851063600248
61447.0866 lsst_hardware_g 0.503857272872685 13.239999771118164 31.420000076293945 AB 1.6481346428023884 1.0151737867584776
61450.0555 lsst_hardware_r 11.058613396259577 29.209999084472656 31.559999465942383 AB 2.5650570424413965 1.0202414487668796
61450.0737 lsst_hardware_z -5.348796377571939 42.0099983215332 30.959999084472656 AB 2.575712170083164 1.0147923711667861
61452.0527 lsst_hardware_r -17.365477049884124 46.349998474121094 31.6299991607666 AB 2.445006470791368 1.01875269616307
61452.0702 lsst_hardware_y 19.424076143598153 48.2400016784668 30.059999465942383 AB 2.4356676444546816 1.014861518522784
61454.0511 lsst_hardware_z -114.90578700888403 54.650001525878906 30.979999542236328 AB 4.4960625335240065 1.0170169727104257
61454.0686 lsst_hardware_r 80.65726479424211 68.63999938964844 31.649999618530273 AB 4.49216723705365 1.015370255126084
61456.0486 lsst_hardware_i 89.5526851966837 69.69999694824219 31.34000015258789 AB 3.3584668369454813 1.0160238502330907
61456.0657 lsst_hardware_z -100.63092897618742 63.220001220703125 31.0 AB 3.3818605165734583 1.0159805277108485
61458.0292 lsst_hardware_y -107.85031738947859 51.22999954223633 30.059999465942383 AB 4.8886799952994915 1.023271584573415
61458.0467 lsst_hardware_r -112.9312592622567 72.86000061035156 31.65999984741211 AB 5.607545557827359 1.015215996709941
61460.0267 lsst_hardware_y -4.87535900076381 47.95000076293945 30.059999465942383 AB 7.63179853135615 1.0211813114813875
61460.0437 lsst_hardware_g -12.164252493591448 29.360000610351562 31.65999984741211 AB 8.038457571686738 1.0149033706164539
61462.0263 lsst_hardware_y 59.8670344893056 47.36000061035156 30.049999237060547 AB 7.114180112479793 1.0182995532916765
61462.0451 lsst_hardware_z -1.3289577112081479 40.380001068115234 30.950000762939453 AB 6.519589774381155 1.0150907890358867
61464.0248 lsst_hardware_y -52.98998723159556 47.52000045776367 30.049999237060547 AB 5.0832290710425525 1.0166458142085104
61464.0443 lsst_hardware_u -2.7654964888284828 2.640000104904175 28.450000762939453 AB 5.610185386301223 1.016107835417926
61466.0243 lsst_hardware_z 3.0488698298058536 41.15999984741211 30.959999084472656 AB 2.4857407006951133 1.015313264860661
61466.0435 lsst_hardware_r -19.617561020739675 21.8700008392334 31.5 AB 2.926993072879867 1.0178485242424482
61468.0209 lsst_hardware_y 30.681560895764104 47.040000915527344 30.049999237060547 AB 3.8049809140049584 1.014999910371446
61468.0389 lsst_hardware_z -4.22428491938032 40.310001373291016 30.950000762939453 AB 3.855772119048612 1.018249679326218
61470.0041 lsst_hardware_y -139.5690650049763 81.86000061035156 30.079999923706055 AB 5.21084625714583 1.0184727846398782
61470.0221 lsst_hardware_u -2.170652354561035 2.9000000953674316 28.469999313354492 AB 5.2038148567065825 1.0149494243162076
61472.0024 lsst_hardware_y 25.001348583543596 72.62000274658203 30.079999923706055 AB 8.062566937035475 1.0168453697862876
61472.0206 lsst_hardware_i -15.348510826999393 30.020000457763672 31.25 AB 8.219380624061621 1.0156160415249749
61474.0006 lsst_hardware_y -72.88662501880093 81.0199966430664 30.079999923706055 AB 10.512144929567512 1.0157152451391382
61474.02 lsst_hardware_r -3.9827673777671 21.989999771118164 31.489999771118164 AB 10.479324575149988 1.0171468139462263
61476.0002 lsst_hardware_y 52.04280038481674 72.05000305175781 30.079999923706055 AB 7.4505340573981425 1.0148863010247946
61476.0202 lsst_hardware_g -35.316187432063415 13.59000015258789 31.420000076293945 AB 7.4858379466135 1.0199268278099574
61476.9997 lsst_hardware_z 88.85264684217614 60.0 30.979999542236328 AB 9.234591912248423 1.0147903200272992
61477.019 lsst_hardware_i -56.49317084815184 30.360000610351562 31.260000228881836 AB 9.377914857807047 1.0208643198048222
