data/validation/pwv_sim_epoch_fit_epoch/31591732.ecsv
# %ECSV 0.9
# ---
# datatype:
# - {name: time, datatype: float64}
# - {name: band, datatype: string}
# - {name: flux, datatype: float64}
# - {name: fluxerr, datatype: float64}
# - {name: zp, datatype: float64}
# - {name: zpsys, datatype: string}
# - {name: pwv, datatype: float64}
# - {name: airmass, datatype: float64}
# meta: {SNID: '31591732', alt: 1024.0, c: 0.1967649757862091, dec: -51.449459, lat: -30.244573, lon: -70.7499537, ra: 266.739136, t0: 60822.609375,
#   x0: 1.6283296083100213e-05, x1: 0.655642032623291, z: 0.37454506754875183}
# schema: astropy-2.0
time band flux fluxerr zp zpsys pwv airmass
[from data line 133]
61196.2478 lsst_hardware_z -18.07156358835452 53.47999954223633 30.969999313354492 AB 8.554022627106947 1.07492980140196
61198.2189 lsst_hardware_g -101.8982666231093 35.86000061035156 31.65999984741211 AB 4.237664195318181 1.0739138862945494
61198.2319 lsst_hardware_i 11.2107155224567 38.84000015258789 31.270000457763672 AB 4.278355001617242 1.0728071719200707
61223.1335 lsst_hardware_z 18.582958989221744 93.77999877929688 31.729999542236328 AB 9.528366335990885 1.0817854604893775
61225.128 lsst_hardware_g -34.229886331042906 56.72999954223633 31.700000762939453 AB 9.487047285040981 1.0818127754120626
61225.1418 lsst_hardware_r -14.289265468008226 56.439998626708984 31.6299991607666 AB 9.379789811761325 1.074893546685154
61231.1327 lsst_hardware_i -16.872414641579137 30.940000534057617 31.25 AB 9.675389793393995 1.0731553518876786
61231.1447 lsst_hardware_z -26.738242055598754 41.66999816894531 30.950000762939453 AB 9.664320867360713 1.073137750382431
61233.1269 lsst_hardware_i -5.256478679355247 30.940000534057617 31.25 AB 5.712327366723858 1.073207796854474
61233.1388 lsst_hardware_u 1.0864739134674604 2.7300000190734863 28.450000762939453 AB 5.7316587232192155 1.0730763960095886
61235.1274 lsst_hardware_g 5.550129082115354 14.010000228881836 31.40999984741211 AB 8.056836702908445 1.072707346524441
61235.1395 lsst_hardware_r 15.075747078070465 22.93000030517578 31.489999771118164 AB 8.083266741723483 1.0743786374183886
61237.1085 lsst_hardware_r -12.321502754294933 22.799999237060547 31.479999542236328 AB 4.1186195239856325 1.0750768791400764
61237.1218 lsst_hardware_i 33.98271498534578 30.68000030517578 31.239999771118164 AB 4.086488549033337 1.0727099485584295
61238.1077 lsst_hardware_z -78.19579469566186 41.47999954223633 30.940000534057617 AB 1.8265867570201564 1.0744627982471509
61238.1196 lsst_hardware_u -3.972926618159955 2.5899999141693115 28.34000015258789 AB 1.823600709633583 1.0727062997844605
61242.1105 lsst_hardware_g 16.21336853255441 25.68000030517578 31.600000381469727 AB 6.102316860984906 1.0727462179809977
61242.1237 lsst_hardware_r -10.436563666371917 30.540000915527344 31.549999237060547 AB 6.08912765551933 1.075469251217685
61244.1066 lsst_hardware_i 34.571681978135814 45.939998626708984 31.299999237060547 AB 6.890345257525147 1.0728447267458383
61244.1188 lsst_hardware_z -52.83093682290297 49.13999938964844 30.959999084472656 AB 6.913401018541413 1.07568088043277
61246.1054 lsst_hardware_i -32.13629780439055 70.87999725341797 31.31999969482422 AB 5.725254755729242 1.073418178063104
61246.1172 lsst_hardware_z 64.04111833853746 64.7699966430664 30.979999542236328 AB 5.717484259610823 1.0773477029603964
61248.1067 lsst_hardware_z -31.8582833759812 71.68000030517578 30.989999771118164 AB 3.280579803170177 1.0752473953360133
61248.1198 lsst_hardware_r 197.8149764472253 98.63999938964844 31.649999618530273 AB 3.2911875149274445 1.0820342514829955
61249.1009 lsst_hardware_i -67.49983172885052 91.37000274658203 31.329999923706055 AB 4.082254022298451 1.0742773742890661
61249.113 lsst_hardware_r -10.880903997599763 115.54000091552734 31.649999618530273 AB 4.1019624407431765 1.0794638001955728
61251.107 lsst_hardware_z -117.87413106966078 98.51000213623047 31.739999771118164 AB 5.611608627958067 1.0791555053765514
61253.0517 lsst_hardware_r 38.904988115331825 58.09000015258789 31.6200008392334 AB 4.083305852675017 1.081718182526827
61253.0628 lsst_hardware_g 49.60672166554925 65.8499984741211 31.700000762939453 AB 4.05987760845813 1.0758204990945397
61258.0448 lsst_hardware_z -46.601421703472354 41.400001525878906 30.940000534057617 AB 1.877102900766098 1.0777624310620024
61258.0567 lsst_hardware_i 21.70316710472006 30.520000457763672 31.239999771118164 AB 1.879814898603331 1.0735664755016168
61260.0476 lsst_hardware_u -2.789488229760047 2.6700000762939453 28.420000076293945 AB 3.5987812679113844 1.0744768912951983
61260.0591 lsst_hardware_g 20.429770648120197 13.75 31.399999618530273 AB 3.491329255297853 1.0727148469780374
61263.0478 lsst_hardware_z 12.889330568183391 41.349998474121094 30.950000762939453 AB 8.661374807191336 1.0728707297531377
61263.0583 lsst_hardware_u -1.1139558576112636 2.6700000762939453 28.420000076293945 AB 8.68846253036687 1.0733011845091407
61266.0445 lsst_hardware_g -17.903043498774917 13.859999656677246 31.420000076293945 AB 3.6118985134169095 1.0727349312197534
61266.0565 lsst_hardware_r 2.5435759007049117 22.690000534057617 31.489999771118164 AB 3.602776813149838 1.0748942531960433
61268.0316 lsst_hardware_r 4.018177346703412 22.899999618530273 31.489999771118164 AB 6.232472008877179 1.0731764113434659
61268.0437 lsst_hardware_i -1.2520867256058907 30.739999771118164 31.25 AB 6.243959344529163 1.0731525656595524
61270.0324 lsst_hardware_z 12.535352232254134 42.13999938964844 30.950000762939453 AB 2.5029118278497133 1.0727148088930518
61270.0434 lsst_hardware_i 9.410111842724673 31.969999313354492 31.260000228881836 AB 3.0917500425512965 1.0742392364888542
61274.0336 lsst_hardware_z 24.23258033504986 78.9000015258789 31.729999542236328 AB 3.227450274059667 1.0745631010686423
61276.0297 lsst_hardware_z -75.93943501345142 62.91999816894531 30.979999542236328 AB 3.2214328079733807 1.0750651786996097
61276.0407 lsst_hardware_r -52.23450060830166 79.31999969482422 31.649999618530273 AB 3.225484896466377 1.0803231762196195
61280.0136 lsst_hardware_z -6.959842638233588 60.689998626708984 30.979999542236328 AB 3.7621927788200837 1.073634086702521
61280.0235 lsst_hardware_i 129.13634168176242 66.9800033569336 31.329999923706055 AB 3.796257716568899 1.0769525437074892
61286.0094 lsst_hardware_r 15.321299857132882 22.889999389648438 31.489999771118164 AB 1.9117690684272572 1.078065264150709
61286.0213 lsst_hardware_i 9.288906432656205 30.860000610351562 31.239999771118164 AB 1.9004906169942488 1.085994638282428
