data/validation/pwv_sim_epoch_fit_epoch/31596290.ecsv
# %ECSV 0.9
# ---
# datatype:
# - {name: time, datatype: float64}
# - {name: band, datatype: string}
# - {name: flux, datatype: float64}
# - {name: fluxerr, datatype: float64}
# - {name: zp, datatype: float64}
# - {name: zpsys, datatype: string}
# - {name: pwv, datatype: float64}
# - {name: airmass, datatype: float64}
# meta: {SNID: '31596290', alt: 1024.0, c: -0.132233664393425, dec: -46.964977, lat: -30.244573, lon: -70.7499537, ra: 8.804348, t0: 62284.5,
#   x0: 1.381791578521342e-05, x1: 0.7989913821220398, z: 0.40103405714035034}
# schema: astropy-2.0
time band flux fluxerr zp zpsys pwv airmass
62327.3974 lsst_hardware_u -2.8524336644713877 3.3208405479954854 28.389999389648438 AB 10.022437900131077 1.0499280209652808
62327.4083 lsst_hardware_y 130.05606069700727 49.53187798757922 30.040000915527344 AB 9.895442620480999 1.0450540496521217
62328.3949 lsst_hardware_r 536.5468096442848 31.293334233301966 31.479999542236328 AB 9.576386543247692 1.0497929815556757
62328.4057 lsst_hardware_z 779.0896851157875 48.88521745784957 30.950000762939453 AB 9.53819352059486 1.0450142634498667
62334.4321 lsst_hardware_g 170.9755578408776 19.594278868298137 31.440000534057617 AB 2.889913107815322 1.05557962115435
62334.4432 lsst_hardware_i 690.5500771139372 54.712290833280484 31.299999237060547 AB 2.9224305284494725 1.066191363899844
62343.4158 lsst_hardware_z 538.4940659976825 67.95616888863992 30.979999542236328 AB 7.2051434950714945 1.0631628889131008
62343.4266 lsst_hardware_r 279.6306270805379 92.35131268804628 31.649999618530273 AB 6.532360217748082 1.0759350309236988
62345.4245 lsst_hardware_y 336.83860272933464 77.33078895649393 30.790000915527344 AB 3.8901381687628036 1.0805939357674454
62347.4159 lsst_hardware_r 284.3113041050114 59.74089968274971 31.6299991607666 AB 5.044379591794321 1.0762299778031565
62347.4278 lsst_hardware_i 400.74812011245643 55.42211776489433 31.309999465942383 AB 4.102474608167769 1.0943336882144052
62348.4075 lsst_hardware_i 444.28377732873753 48.326445009559045 31.290000915527344 AB 4.9106220084356025 1.0690759089482444
62348.42 lsst_hardware_z 490.82469661335494 51.84694220210935 30.959999084472656 AB 3.7998920855241876 1.0860972043228432
62351.4042 lsst_hardware_r 312.40021834512476 32.2800031004734 31.530000686645508 AB 2.9051664213333623 1.0751911255859965
62351.4155 lsst_hardware_z 359.23959972287963 46.705814162981966 30.940000534057617 AB 3.031065859891143 1.0920136399271563
62352.4085 lsst_hardware_g 54.11694381043407 19.383047283214687 31.479999542236328 AB 2.204052417588023 1.0852055231846494
62352.4201 lsst_hardware_i 458.6819718154998 38.00301092973621 31.239999771118164 AB 1.6148150089292346 1.1050285188840565
62356.3973 lsst_hardware_u 3.0441454951302704 2.640000104904175 28.40999984741211 AB 1.5186901301538607 1.0847786643956148
62356.4089 lsst_hardware_g 14.022139151757074 13.369999885559082 31.3799991607666 AB 1.5463000236675226 1.1045000169053734
62358.3415 lsst_hardware_r 57.758310040771285 22.06999969482422 31.489999771118164 AB 5.3414091667966614 1.0436686477498973
62358.3525 lsst_hardware_i -24.493644879385904 30.200000762939453 31.25 AB 5.340119065093019 1.0468768996457594
62360.152 lsst_hardware_g 38.05631353879903 23.440000534057617 32.40999984741211 AB 4.980407966998519 1.6038239481532373
62360.1695 lsst_hardware_r -29.484580105988776 41.380001068115234 32.599998474121094 AB 3.9999195088508976 1.4692982155690821
62362.3923 lsst_hardware_u 3.3446980045229746 2.5899999141693115 28.350000381469727 AB 3.896324379624225 1.104087384421713
62362.4044 lsst_hardware_r -20.250445892457424 22.489999771118164 31.469999313354492 AB 3.8732938942005646 1.1292402023908352
62367.3277 lsst_hardware_r 29.270884555780423 22.15999984741211 31.489999771118164 AB 2.816621105016795 1.0467791898232073
62367.3381 lsst_hardware_y -7.640862838022478 47.09000015258789 30.040000915527344 AB 2.4481745871529905 1.052638756165964
62369.323 lsst_hardware_z 13.965098466731037 52.68000030517578 30.979999542236328 AB 1.4900402212562296 1.0471118912552564
62369.3345 lsst_hardware_r 26.846273720049833 60.810001373291016 31.639999389648438 AB 1.9287974696740267 1.0539876883464627
62371.3394 lsst_hardware_i -78.64477758821678 73.20999908447266 31.329999923706055 AB 2.1324393603710186 1.0632072596165958
62371.3502 lsst_hardware_z 115.19324141652812 65.05000305175781 30.979999542236328 AB 2.1608611844839425 1.0759921247274151
62375.2984 lsst_hardware_z 83.99480190035108 55.099998474121094 30.979999542236328 AB 3.156164236287656 1.044309450339203
62375.3094 lsst_hardware_r -104.76766419381204 69.22000122070312 31.649999618530273 AB 3.150964130887116 1.0484574526021904
62378.1877 lsst_hardware_r -0.23625905578416834 35.209999084472656 31.559999465942383 AB 4.122434497615646 1.163789822179588
62378.2022 lsst_hardware_z -10.50363850502069 45.86000061035156 30.950000762939453 AB 4.038285685058651 1.1272255924795072
62380.3125 lsst_hardware_r 19.109132980119554 29.110000610351562 31.540000915527344 AB 1.6974107516377612 1.0608817197736007
62380.3237 lsst_hardware_y -45.03424873333918 47.59000015258789 30.030000686645508 AB 1.6560902853916866 1.0734663979203931
62382.3562 lsst_hardware_r 9.09548279314228 24.020000457763672 31.489999771118164 AB 1.167995199961864 1.1446257574146483
62382.3668 lsst_hardware_i 0.41048987684169547 31.809999465942383 31.229999542236328 AB 1.1908214469242389 1.173512142817678
62385.3064 lsst_hardware_r 13.195146831962507 22.3700008392334 31.489999771118164 AB 0.7482847099758707 1.0689781571083867
62385.3186 lsst_hardware_i -17.292444980846952 30.639999389648438 31.25 AB 0.7598540238747704 1.0855057483925292
62389.3029 lsst_hardware_u -0.8363939402427746 2.6500000953674316 28.420000076293945 AB 3.0998239147567483 1.0785122347660474
62389.3144 lsst_hardware_g 17.22605388347542 13.5 31.389999389648438 AB 3.0289457052905284 1.0965170889189797
62390.299 lsst_hardware_r 7.927351741095194 22.440000534057617 31.489999771118164 AB 2.6283630445238337 1.0769037330745017
62390.3104 lsst_hardware_z -8.988512742737376 41.880001068115234 30.950000762939453 AB 2.6672466767913416 1.0943298728629685
62393.2993 lsst_hardware_r -22.022140446078062 22.5 31.489999771118164 AB 1.7782589730648515 1.0895082036544221
62393.3105 lsst_hardware_u 5.3687269831273 2.6700000762939453 28.40999984741211 AB 1.7880297149485953 1.1095437263098762
62395.2995 lsst_hardware_g 0.440980044613263 13.529999732971191 31.389999389648438 AB 2.9574063517934155 1.0991351654337973
62395.3102 lsst_hardware_r -9.47033938228836 22.639999389648438 31.479999542236328 AB 2.9523526404280984 1.1201540307680415
62399.283 lsst_hardware_z 127.37463099092795 60.77000045776367 30.969999313354492 AB 7.518523317498784 1.08964106050707
62399.2964 lsst_hardware_r -36.144641585458444 80.48999786376953 31.6299991607666 AB 7.152682524006849 1.1141250037393846
62404.1094 lsst_hardware_r 23.52000135519973 72.58000183105469 31.610000610351562 AB 5.939448064819079 1.1853608431651126
62404.1192 lsst_hardware_i 15.960890114663501 60.13999938964844 31.299999237060547 AB 5.843806794711824 1.156960363237344
62411.2516 lsst_hardware_i 34.09039132462895 30.6200008392334 31.25 AB 4.0164666987634465 1.091876226386692
62411.2627 lsst_hardware_u -2.7619866505340522 2.609999895095825 28.3700008392334 AB 4.0877165389272525 1.1122281583367803
62413.1806 lsst_hardware_g 9.77114304719719 13.260000228881836 31.40999984741211 AB 2.344662185143686 1.0435407692947196
62413.193 lsst_hardware_r 22.40732595957892 22.030000686645508 31.489999771118164 AB 2.311516297445491 1.0439667131856718
62414.2486 lsst_hardware_i 45.89095808348052 30.399999618530273 31.239999771118164 AB 7.470997625250319 1.1009022103887005
62414.2597 lsst_hardware_r 10.80519229414634 22.280000686645508 31.469999313354492 AB 7.421340967359147 1.1231409424445413
62416.2448 lsst_hardware_u 1.6568364494395607 2.5899999141693115 28.350000381469727 AB 4.530882299670782 1.1039713217473348
62416.2564 lsst_hardware_g 5.964131343278906 13.300000190734863 31.3700008392334 AB 4.96301343108761 1.1279575979744567
62418.2514 lsst_hardware_r -19.097829312836595 22.34000015258789 31.479999542236328 AB 2.9053106136481133 1.1290067151482306
62418.2629 lsst_hardware_i 49.650562109054825 30.889999389648438 31.229999542236328 AB 2.99087706209808 1.1576841734461776
62420.2797 lsst_hardware_r 10.160749723734876 22.809999465942383 31.450000762939453 AB 5.05816183048453 1.2284546036392303
62420.2898 lsst_hardware_u 3.0730635355990414 2.559999942779541 28.270000457763672 AB 5.32978095449271 1.2682405602601707
62423.2015 lsst_hardware_r -5.0914716804306055 36.08000183105469 32.2599983215332 AB 8.64480969000534 1.0676558836614385
62423.2112 lsst_hardware_z -37.86868955678617 59.720001220703125 31.690000534057617 AB 6.804733719570762 1.0801164634239304
62425.2762 lsst_hardware_y -12.355261666020251 50.16999816894531 29.969999313354492 AB 9.234287019104226 1.268460539031476
62425.2868 lsst_hardware_g -0.4257877591789228 13.350000381469727 31.309999465942383 AB 9.587696513559736 1.3162831141981588
62427.2328 lsst_hardware_z 0.3804576817886462 54.560001373291016 30.969999313354492 AB 5.6826351387435885 1.1432915024716752
62427.2441 lsst_hardware_r 11.67575791711264 63.290000915527344 31.6200008392334 AB 5.9433981069850175 1.1740045643427195
62429.181 lsst_hardware_z -48.03458468314379 60.58000183105469 30.979999542236328 AB 2.3547647219546453 1.0631791957053107
62429.1918 lsst_hardware_r 47.75070449855744 82.97000122070312 31.639999389648438 AB 2.363593755033712 1.0759502697319732
62433.2204 lsst_hardware_z 13.218054380813367 57.810001373291016 30.969999313354492 AB 1.8352994699914618 1.1535508925150608
62433.231 lsst_hardware_r -137.75812362745702 76.75 31.6200008392334 AB 1.7983342433618246 1.1838935111020603
62435.2171 lsst_hardware_z 66.70908170302054 50.0 30.950000762939453 AB 1.4442872194653928 1.159371639146468
62435.2279 lsst_hardware_g -37.00892360250886 59.38999938964844 31.670000076293945 AB 1.517899073018418 1.191287696286528
62442.2104 lsst_hardware_r 5.978630744864095 22.510000228881836 31.450000762939453 AB 5.199311649424496 1.1964817971290982
62442.2224 lsst_hardware_i 2.8570771387053195 31.729999542236328 31.209999084472656 AB 5.458693562990047 1.2388524398272664
62451.0751 lsst_hardware_u 7.186326059005043 3.4200000762939453 28.6200008392334 AB 3.615756002152012 1.0438094694434215
62451.0866 lsst_hardware_r 19.26666704045384 24.209999084472656 31.510000228881836 AB 2.0236371583399104 1.043560201980186
62454.1576 lsst_hardware_z 8.476993153406069 47.7599983215332 30.950000762939453 AB 5.676221595659047 1.1396509695474164
62454.1692 lsst_hardware_i -2.3113087180858902 42.29999923706055 31.280000686645508 AB 4.7420231533820925 1.170580882098704
62458.1474 lsst_hardware_r -45.7363878315298 69.20999908447266 31.6200008392334 AB 5.35758112964083 1.141428736008699
62458.159 lsst_hardware_i 86.79171093864895 58.119998931884766 31.299999237060547 AB 5.586960950299336 1.1726842525684706
62460.0557 lsst_hardware_r 20.115090275137685 79.25 31.65999984741211 AB 6.890182665069833 1.0432820872765103
62460.0683 lsst_hardware_i -35.76313737982595 63.220001220703125 31.329999923706055 AB 6.971875661923292 1.044854041326703
62461.0755 lsst_hardware_r -119.07856131396125 79.16999816894531 31.649999618530273 AB 4.0768257057006805 1.0489709779238126
62461.087 lsst_hardware_z 68.7675752444992 57.70000076293945 30.979999542236328 AB 3.4499487841673124 1.0569696029920344
62463.0596 lsst_hardware_u -9.419836853167963 8.649999618530273 29.200000762939453 AB 7.118237349938826 1.0447127453648462
62463.0709 lsst_hardware_r -16.873947101002376 52.91999816894531 31.6299991607666 AB 7.158556759160775 1.0494494057776471
62466.0608 lsst_hardware_r 0.3267344454131271 21.93000030517578 31.479999542236328 AB 4.5952137135452675 1.048417456889178
62466.0742 lsst_hardware_u 2.6557309993432834 2.5299999713897705 28.329999923706055 AB 4.544606425299708 1.0577051416524776
62468.0974 lsst_hardware_g 1.4155106483862505 13.390000343322754 31.3799991607666 AB 4.203984932389568 1.0943127806655155
62468.1096 lsst_hardware_r 22.979984732913163 22.489999771118164 31.469999313354492 AB 4.307101290740055 1.117469849712147
62473.1023 lsst_hardware_i -0.8736387056139439 30.790000915527344 31.239999771118164 AB 7.4077005362118715 1.1315107274989227
62473.1148 lsst_hardware_z -1.9571367172036436 42.5 30.940000534057617 AB 7.616638240993202 1.1634255238899733
62695.3175 lsst_hardware_i -37.93469463584399 57.02000045776367 31.299999237060547 AB 7.13245488473867 1.169254899137487
62695.3483 lsst_hardware_z 9.62428845164848 53.93000030517578 30.969999313354492 AB 6.680979557947492 1.0983033960131054
62697.4378 lsst_hardware_z 14.35736278559766 64.0 30.979999542236328 AB 4.8261797086154665 1.0551909720940928
62707.4271 lsst_hardware_u 1.2037463730119553 3.4100000858306885 28.549999237060547 AB 6.6077729982127815 1.0721247715430626
62707.4394 lsst_hardware_g -1.7787786012040538 28.489999771118164 31.6200008392334 AB 6.737957305123477 1.089755346130273
62711.2482 lsst_hardware_i -36.635650666956046 45.040000915527344 31.969999313354492 AB 5.1910263704750434 1.2575160781189543
62711.2715 lsst_hardware_z 76.10762597739158 60.40999984741211 31.68000030517578 AB 4.917899948223891 1.1760387273806159
62716.4122 lsst_hardware_r -29.296530883223742 22.1200008392334 31.469999313354492 AB 3.025944147155407 1.0856054103641322
62716.4238 lsst_hardware_g -6.782807484750692 14.369999885559082 31.399999618530273 AB 2.342250964046968 1.1055306627030999
62722.3967 lsst_hardware_z 15.49884554870229 41.369998931884766 30.940000534057617 AB 4.131940397031136 1.086971342607279
62722.4075 lsst_hardware_g -10.050390681276866 13.239999771118164 31.3799991607666 AB 4.41094186444838 1.1056839566631969
62723.4012 lsst_hardware_r -19.706736411868263 22.34000015258789 31.479999542236328 AB 5.715270921463772 1.0990905618199562
62723.412 lsst_hardware_i 7.332422035337719 30.969999313354492 31.239999771118164 AB 5.825679033109495 1.120322890982595
62725.3887 lsst_hardware_z 35.249700704559345 83.04000091552734 31.729999542236328 AB 3.305933130779001 1.087269371813194
62731.3969 lsst_hardware_z -18.996660067003468 49.5099983215332 30.959999084472656 AB 2.737529735285094 1.1355903216060954
62731.4085 lsst_hardware_r -61.85747484868916 51.65999984741211 31.610000610351562 AB 2.8246904367345067 1.1657822685656238
62733.3771 lsst_hardware_r 23.107030648747813 34.77000045776367 31.579999923706055 AB 1.808582380813723 1.10498388930119
62733.3883 lsst_hardware_i 20.373810524333525 36.90999984741211 31.270000457763672 AB 1.8173760213248897 1.1282793862020113
62738.367 lsst_hardware_r 22.307266016696314 22.6299991607666 31.469999313354492 AB 2.147100716101506 1.1119112978259198
62738.3776 lsst_hardware_i -0.09766572696760067 31.1299991607666 31.229999542236328 AB 2.513200944245237 1.135140444555211
62740.386 lsst_hardware_z 33.65189412322305 42.63999938964844 30.940000534057617 AB 3.822757752148816 1.1717265140686026
62740.3966 lsst_hardware_u 2.7612033513014445 2.6500000953674316 28.360000610351562 AB 3.951719933354391 1.2049763480269526
62742.3622 lsst_hardware_g 0.3540661606593987 13.420000076293945 31.3799991607666 AB 7.881052323767945 1.1248468990581777
62742.3737 lsst_hardware_r -19.26279490421773 22.6200008392334 31.479999542236328 AB 8.113233312092682 1.1527481084694424
62747.3651 lsst_hardware_z -26.23471785305519 42.93000030517578 30.93000030517578 AB 1.1887487939691974 1.1665837036007825
62747.3771 lsst_hardware_i -26.345578619796207 31.700000762939453 31.219999313354492 AB 1.41491454719044 1.2036703931862527
62753.3498 lsst_hardware_z -60.110644278812835 74.63999938964844 31.709999084472656 AB 5.0902425840939385 1.1696777413566555
62755.302 lsst_hardware_z 20.01269406691309 68.2699966430664 30.979999542236328 AB 2.68870423121029 1.0800900768118467
62755.3127 lsst_hardware_r 60.33630574801987 98.79000091552734 31.639999389648438 AB 2.5956984087602004 1.0970830130009301
62758.0473 lsst_hardware_z 55.901833241605665 89.06999969482422 31.639999389648438 AB 2.030850813334037 1.7512366887042574
62758.0565 lsst_hardware_i 28.581036525669788 88.05999755859375 31.959999084472656 AB 1.9333294158373837 1.6587982975867728
62762.3269 lsst_hardware_r 6.440084056923622 38.470001220703125 31.56999969482422 AB 2.3224922724435664 1.1745577911885872
62762.3382 lsst_hardware_i 28.254184916095404 39.099998474121094 31.260000228881836 AB 1.799835163562839 1.2106514553112424
62764.283 lsst_hardware_r -42.110131512381614 26.34000015258789 31.520000457763672 AB 7.51068478294804 1.0885050410069623
