data/validation/pwv_sim_epoch_fit_epoch/31702996.ecsv
# %ECSV 0.9
# ---
# datatype:
# - {name: time, datatype: float64}
# - {name: band, datatype: string}
# - {name: flux, datatype: float64}
# - {name: fluxerr, datatype: float64}
# - {name: zp, datatype: float64}
# - {name: zpsys, datatype: string}
# - {name: pwv, datatype: float64}
# - {name: airmass, datatype: float64}
# meta: {SNID: '31702996', alt: 1024.0, c: 0.16169854998588562, dec: -2.537361, lat: -30.244573, lon: -70.7499537, ra: 137.460938, t0: 61121.265625,
#   x0: 2.5579786334502252e-05, x1: 0.5256208777427673, z: 0.30870023369789124}
# schema: astropy-2.0
time band flux fluxerr zp zpsys pwv airmass
[from data line 132]
61434.1756 lsst_hardware_u -1.3576410737858686 3.7699999809265137 28.59000015258789 AB 11.380796619779549 1.1794182724265039
61434.1928 lsst_hardware_r -9.892807380600967 31.75 31.549999237060547 AB 11.08845467063119 1.148685716669607
61436.1798 lsst_hardware_i 28.169646917962073 32.209999084472656 31.239999771118164 AB 11.984987886026143 1.1603241248936145
61436.1973 lsst_hardware_z -11.821766778467673 43.09000015258789 30.950000762939453 AB 11.739547059168542 1.1374427922845212
61442.173 lsst_hardware_i -57.83643862826596 32.369998931884766 31.25 AB 6.270048760014217 1.1459993164293747
61442.1906 lsst_hardware_z 59.57863330189782 43.130001068115234 30.950000762939453 AB 6.08342746732913 1.1308361801246931
61443.1761 lsst_hardware_r -17.97439441146914 24.420000076293945 31.5 AB 5.597382309491517 1.1394162462069246
61443.1939 lsst_hardware_g -17.63655774022295 15.079999923706055 31.43000030517578 AB 5.714083359234973 1.1288193123735624
61445.1733 lsst_hardware_r -3.1860213158896773 24.09000015258789 31.5 AB 6.461179638625377 1.1369311347220337
61445.1925 lsst_hardware_i -60.26264789639487 31.889999389648438 31.25 AB 6.430131484784549 1.1283571861460953
61450.1616 lsst_hardware_z -60.587469855624434 42.90999984741211 30.940000534057617 AB 2.163901938223774 1.1353105656997764
61450.1784 lsst_hardware_g 7.317982177611329 14.90999984741211 31.420000076293945 AB 1.7107982954111318 1.128370866490798
61452.1588 lsst_hardware_r 79.88969941264686 41.619998931884766 31.59000015258789 AB 3.9101566742193077 1.1333787461505027
61452.1759 lsst_hardware_i 9.228208533387217 40.060001373291016 31.280000686645508 AB 4.690690752766689 1.1284288728038225
61454.1643 lsst_hardware_z -11.082491034392321 90.8499984741211 31.729999542236328 AB 6.3472317442893775 1.128731193412456
61456.1254 lsst_hardware_r -219.62012546417373 147.63999938964844 31.6299991607666 AB 4.50469766559702 1.1599581989434842
61456.1425 lsst_hardware_z -58.93173204154834 99.22000122070312 30.989999771118164 AB 4.43629482586227 1.1376087253258236
61458.1257 lsst_hardware_r -208.14259510672062 121.36000061035156 31.6299991607666 AB 7.442319303131701 1.1508741190409848
61458.1432 lsst_hardware_i -34.20529785281565 96.08000183105469 31.31999969482422 AB 7.327776716371748 1.1328693712504634
61460.1226 lsst_hardware_z 11.13687903874771 55.0099983215332 30.969999313354492 AB 8.943746420247075 1.1476150239837992
61460.1403 lsst_hardware_i 5.549758862049418 55.36000061035156 31.309999465942383 AB 10.640418577514016 1.1313977363203391
61462.1213 lsst_hardware_z 15.0141784041674 46.310001373291016 30.950000762939453 AB 6.523744672637841 1.1425122018630143
61462.1382 lsst_hardware_g 2.940496940786276 38.060001373291016 31.65999984741211 AB 6.0788939240934114 1.129905933846359
61464.1242 lsst_hardware_r 19.03890375317458 24.06999969482422 31.489999771118164 AB 6.050641662909731 1.1346726043900106
61464.1416 lsst_hardware_i -20.10278191423708 31.959999084472656 31.239999771118164 AB 6.806940403071009 1.1283468454643069
61466.1225 lsst_hardware_z -57.58480211455612 43.15999984741211 30.950000762939453 AB 3.286323344853735 1.1321738670832802
61466.1406 lsst_hardware_u -0.4794864235178298 2.799999952316284 28.450000762939453 AB 3.86116676351221 1.128858598176307
61468.1142 lsst_hardware_g 8.505763931304863 14.640000343322754 31.420000076293945 AB 5.160081168140097 1.13400069624352
61468.1321 lsst_hardware_r -20.90591892246124 23.700000762939453 31.489999771118164 AB 6.02394770745807 1.1284146749113633
61470.087 lsst_hardware_r -0.8033818469312456 23.809999465942383 31.479999542236328 AB 8.448193820493266 1.160253683459097
61470.1059 lsst_hardware_i 15.468862148957685 31.760000228881836 31.239999771118164 AB 8.266147291245328 1.1361881184704474
61472.0866 lsst_hardware_z 9.735043404955851 42.849998474121094 30.940000534057617 AB 11.876108152932629 1.1521439830160842
61472.105 lsst_hardware_i -5.969797746750928 31.59000015258789 31.239999771118164 AB 11.66872353491338 1.1328491183049165
61474.0848 lsst_hardware_u -1.9416138300894692 2.740000009536743 28.399999618530273 AB 12.800709360745794 1.147051228598153
61474.1038 lsst_hardware_g 1.1848584258227586 14.699999809265137 31.420000076293945 AB 12.640484128718914 1.1305662270036594
61476.0868 lsst_hardware_r 27.166856548024167 23.579999923706055 31.489999771118164 AB 9.035722438208117 1.1386217211166463
61476.1054 lsst_hardware_i -43.4650743533612 31.469999313354492 31.239999771118164 AB 8.952342888842525 1.1285414180404896
61477.0839 lsst_hardware_z -37.53974795445198 42.38999938964844 30.940000534057617 AB 14.977292670801617 1.1387844184003864
61477.1026 lsst_hardware_u -3.1895881289251307 2.7300000190734863 28.43000030517578 AB 14.751282621637374 1.128550426259458
61481.0804 lsst_hardware_i -13.474769650559228 46.970001220703125 31.290000915527344 AB 9.232267907971986 1.132863109144374
61481.1005 lsst_hardware_z 16.412692060792168 50.439998626708984 30.959999084472656 AB 8.611291121130266 1.129053510047251
61487.1126 lsst_hardware_z 10.119834985394897 71.0 30.979999542236328 AB 7.041455890892913 1.1543370312939203
61487.1377 lsst_hardware_r 40.03727571288842 104.08999633789062 31.610000610351562 AB 8.990962070338695 1.2096007090459868
61489.0428 lsst_hardware_r 60.55307255560203 54.70000076293945 31.610000610351562 AB 11.821591936452084 1.148433529009961
61489.0629 lsst_hardware_i -66.14988054990724 51.939998626708984 31.299999237060547 AB 11.682983649717777 1.1305383829802491
61492.0284 lsst_hardware_z -38.59006625294955 43.15999984741211 30.950000762939453 AB 8.09314716507906 1.1577626958770464
61492.0461 lsst_hardware_u -0.6983026586057525 2.880000114440918 28.530000686645508 AB 7.961659424540943 1.1359599678317736
61494.028 lsst_hardware_g 0.6880069718832792 14.619999885559082 31.420000076293945 AB 6.844131896976958 1.1500165616069717
61494.0473 lsst_hardware_r -41.42774901361424 23.75 31.489999771118164 AB 5.68114107195193 1.1314760151268182
61505.0148 lsst_hardware_u -1.0602838479970604 2.75 28.420000076293945 AB 6.434327336238653 1.1329038359430676
61505.0318 lsst_hardware_g -4.200478312141032 14.770000457763672 31.420000076293945 AB 6.414562866064597 1.1284800749552881
61511.0095 lsst_hardware_r -165.34851108737917 76.43000030517578 31.6299991607666 AB 17.737581841932762 1.1285842105153587
61511.0279 lsst_hardware_i -54.438576419540325 67.2699966430664 31.31999969482422 AB 17.768983703816033 1.133286231441894
61517.9765 lsst_hardware_y 36.55338353524946 52.47999954223633 30.020000457763672 AB 7.41496415220277 1.1348566414105201
61517.9951 lsst_hardware_r 6.328469956914868 51.119998931884766 31.610000610351562 AB 7.378086266448474 1.128377793604477
61521.9711 lsst_hardware_z 17.163966969148184 47.66999816894531 30.950000762939453 AB 7.210897012527351 1.131342931951594
61521.9874 lsst_hardware_g 18.5640861326027 15.109999656677246 31.420000076293945 AB 7.030976674665442 1.1287941681179314
61523.9677 lsst_hardware_y 10.060495209709522 57.560001373291016 30.020000457763672 AB 12.081952551750117 1.130378140050377
61523.9858 lsst_hardware_i -9.491978764087978 32.13999938964844 31.229999542236328 AB 12.140399457579873 1.1298912918010295
61525.9666 lsst_hardware_y 15.190365380598656 56.75 30.030000686645508 AB 12.985208271449904 1.1289522058294128
61525.985 lsst_hardware_r 58.48364293059108 24.3799991607666 31.489999771118164 AB 13.123171602200657 1.1320886475328378
61527.9665 lsst_hardware_y 49.56982388411267 54.75 30.020000457763672 AB 14.873858419292963 1.1283389767140726
61527.9849 lsst_hardware_g -5.6742936465857605 15.350000381469727 31.440000534057617 AB 14.98083782599845 1.1358082698593
