data/validation/pwv_sim_epoch_fit_epoch/31755829.ecsv
# %ECSV 0.9
# ---
# datatype:
# - {name: time, datatype: float64}
# - {name: band, datatype: string}
# - {name: flux, datatype: float64}
# - {name: fluxerr, datatype: float64}
# - {name: zp, datatype: float64}
# - {name: zpsys, datatype: string}
# - {name: pwv, datatype: float64}
# - {name: airmass, datatype: float64}
# meta: {SNID: '31755829', alt: 1024.0, c: -0.019297214224934578, dec: 1.193748, lat: -30.244573, lon: -70.7499537, ra: 16.347656, t0: 60885.578125,
#   x0: 6.333806746028203e-06, x1: -0.03595137596130371, z: 0.5564548373222351}
# schema: astropy-2.0
time band flux fluxerr zp zpsys pwv airmass
60864.4145 lsst_hardware_r 278.47344083039957 31.46548663898872 31.5 AB 1.9333135793981042 1.198582504276568
60864.4333 lsst_hardware_y 73.09454737109304 52.55004978241337 30.0 AB 2.496939415380492 1.1779868290834212
60869.4022 lsst_hardware_z 608.0361743830717 65.5955656508624 30.969999313354492 AB 7.304707744026877 1.1965123249839478
60869.4225 lsst_hardware_y 83.15013261698444 55.87809370782905 30.010000228881836 AB 7.530408199991963 1.1763812018317148
60871.4211 lsst_hardware_y 541.0588064740613 82.1688400855495 30.760000228881836 AB 5.401836383982498 1.174759176639482
60878.4084 lsst_hardware_z 1137.0479145179481 54.79045853352104 30.940000534057617 AB 6.295925559548528 1.1737917612768172
60878.429 lsst_hardware_y 399.30288416819036 53.37486414277814 30.010000228881836 AB 5.919418516055642 1.1838837032111285
60880.3725 lsst_hardware_r 2184.142813975888 52.35722401089272 31.5 AB 5.983319471208785 1.1960260137011165
60880.3929 lsst_hardware_u 3.0128735452134916 3.3779351511929043 28.450000762939453 AB 6.293146290892697 1.1761791030544244
60882.3699 lsst_hardware_g 684.4609986540999 30.377324040241174 31.40999984741211 AB 8.516005979524227 1.1919944916051268
60882.3913 lsst_hardware_i 1828.016805845387 53.054323234198066 31.229999542236328 AB 7.931169612113132 1.174698041784221
60885.366 lsst_hardware_z 1396.6973504144355 56.944368194500804 30.940000534057617 AB 4.997503521825801 1.1867266050957694
60885.3836 lsst_hardware_r 2112.8196327114097 53.110293688290824 31.5 AB 5.520441353141974 1.1745619900302073
60887.3677 lsst_hardware_u -4.912906405939002 3.0304035908487905 28.43000030517578 AB 4.622139455231117 1.1799700774959239
60887.3886 lsst_hardware_g 563.4071611362377 28.1341721356992 31.440000534057617 AB 5.389707114807005 1.1743347322321211
60893.3311 lsst_hardware_z 2600.148319765122 89.08116150077072 31.700000762939453 AB 3.267090855634797 1.205716886075088
60893.3519 lsst_hardware_r 3899.290601163789 95.38883713646837 32.349998474121094 AB 3.0734765167575206 1.1795355699465988
60895.3711 lsst_hardware_i 1737.017427476641 77.75606311335218 31.309999465942383 AB 3.044643858760603 1.1757651510950387
60895.3922 lsst_hardware_z 1320.0898411535143 71.26558007187128 30.969999313354492 AB 1.6739688665054961 1.1956920475039259
60898.3286 lsst_hardware_z 1170.435842889414 85.39816650051407 30.979999542236328 AB 6.661566946258995 1.1889639669677239
60898.3474 lsst_hardware_r 1496.3872779428232 116.92911396810727 31.6200008392334 AB 6.343769773721456 1.174772180318788
60900.3281 lsst_hardware_y 844.4932776467546 90.02755507783904 30.760000228881836 AB 4.374783456641222 1.1835467914080318
60903.3116 lsst_hardware_r 1044.852604543875 49.79296325841513 31.56999969482422 AB 5.7372995773342454 1.193323307935157
60903.332 lsst_hardware_i 1141.5532247076474 52.14745788872265 31.270000457763672 AB 5.6680567069406305 1.175376382167823
60907.2854 lsst_hardware_u -3.12884483522638 2.83094996227255 28.31999969482422 AB 1.9358111815437216 1.2206901827916268
60907.3034 lsst_hardware_r 697.236439540061 36.275609946975166 31.479999542236328 AB 2.8976197667290644 1.1897432834034345
60911.3324 lsst_hardware_r 476.75041622577925 33.54533746325924 31.489999771118164 AB 3.66646270069189 1.178516390547348
60911.3526 lsst_hardware_u -1.1525086777890357 3.015815354148494 28.34000015258789 AB 3.8696996386279596 1.202143410570972
60913.2859 lsst_hardware_g 72.82172315861652 17.243002052047157 31.399999618530273 AB 2.647086339247161 1.1911739629866849
60913.3045 lsst_hardware_r 432.97594262919887 32.30408104349114 31.489999771118164 AB 3.2278102872005494 1.1754589538239437
60931.2319 lsst_hardware_g 87.94780274165592 34.432204700147594 31.600000381469727 AB 2.7844307607557632 1.1981199486900875
60931.2516 lsst_hardware_r 247.2859287517347 46.401159375690916 31.579999923706055 AB 4.196042745424529 1.1772857831445953
60933.2299 lsst_hardware_i 258.024030119227 36.4059211182592 31.239999771118164 AB 0.8962799492435 1.1930515131385715
60933.2476 lsst_hardware_z 360.11153255174133 48.334120067310934 30.940000534057617 AB 1.0353186915555457 1.176498513131302
60935.2284 lsst_hardware_r 175.32427994430617 27.506120036735187 31.489999771118164 AB 2.084746146105801 1.1880023626776834
60935.2465 lsst_hardware_u 5.056362191228369 3.5752533401803577 28.329999923706055 AB 2.071674395709762 1.1747515711424792
60937.2163 lsst_hardware_u 6.7926835657010285 3.714993075504557 28.40999984741211 AB 7.1352586808782865 1.1969232857656773
60937.2353 lsst_hardware_g 15.840867358811014 16.064227461797085 31.43000030517578 AB 6.936698442269695 1.1772413490303268
60939.2166 lsst_hardware_r 123.14642471814457 27.267070781442822 31.479999542236328 AB 3.8438200914874243 1.1890555036566584
60939.2363 lsst_hardware_z 342.4731091506747 47.539414345361934 30.93000030517578 AB 3.8024110383004492 1.1745503619133861
60942.2104 lsst_hardware_r 116.30093230637216 27.198369538810965 31.489999771118164 AB 4.546749055230992 1.1867276114227403
60942.2305 lsst_hardware_u 10.389672471374 3.4321399885511776 28.329999923706055 AB 4.545556867219505 1.174056874873742
60944.1811 lsst_hardware_u 5.535153898384033 3.315851301411835 28.31999969482422 AB 4.173145353038648 1.228268726213823
60944.2013 lsst_hardware_g -15.349759353302636 16.23534408261539 31.420000076293945 AB 4.03754910968092 1.191134558859586
60946.1808 lsst_hardware_r 117.40281078985043 27.82796636146146 31.489999771118164 AB 5.572765686136458 1.216650381763485
60946.1999 lsst_hardware_i 183.4394333677154 35.32997870264426 31.229999542236328 AB 5.3890850092196425 1.1862610311041564
60949.1766 lsst_hardware_z 243.4478197156 50.041354717597095 30.940000534057617 AB 5.775759074040672 1.2086970961683943
60949.1942 lsst_hardware_r 51.587369899748744 40.149147539364435 31.56999969482422 AB 5.591108684270836 1.183679196416048
60954.1741 lsst_hardware_r 382.46981291751104 152.80690478765314 31.6299991607666 AB 5.653686989332845 1.1910021043463463
60954.1919 lsst_hardware_z 238.73611571908853 103.35763983289422 30.979999542236328 AB 5.561249642392206 1.1757398821125171
60956.1738 lsst_hardware_r 34.5792147608342 148.07975979593945 31.6299991607666 AB 4.86630223678101 1.18497619402135
60956.193 lsst_hardware_y 86.941708457893 72.99816208367265 30.030000686645508 AB 4.84748468606463 1.1739619824982872
60958.1736 lsst_hardware_g 70.1934975118095 69.06730084837152 31.65999984741211 AB 4.117687912402587 1.1801914337641375
60958.1923 lsst_hardware_r 250.8866095425269 71.92307611078719 31.610000610351562 AB 4.007854640389187 1.1739468776771156
60960.1407 lsst_hardware_r 122.02791253608511 27.029277545361868 31.479999542236328 AB 7.359179698062415 1.2206977272026565
60960.1584 lsst_hardware_i 121.26281038520554 34.989431846246674 31.229999542236328 AB 7.191355675313354 1.1901291974039476
60964.1436 lsst_hardware_u 0.5579061745673008 2.8299999237060547 28.43000030517578 AB 9.429304241179272 1.195411239703674
60964.1597 lsst_hardware_g 2.6738925309705435 15.729999542236328 31.440000534057617 AB 9.286795321006434 1.1784027054252921
60966.1409 lsst_hardware_r 1.2948767827177439 25.030000686645508 31.489999771118164 AB 7.322414808836955 1.1915730208842508
60966.1583 lsst_hardware_z 16.101090462126873 43.560001373291016 30.940000534057617 AB 7.185858543380357 1.176113676321835
60971.0795 lsst_hardware_g 42.105473543945386 15.640000343322754 31.3700008392334 AB 5.769181252940059 1.320480945969343
60971.098 lsst_hardware_r -31.936116720150785 25.5 31.479999542236328 AB 6.657765131630478 1.2534623235678204
60973.1408 lsst_hardware_i 68.70438230712116 32.72999954223633 31.239999771118164 AB 5.16647048665068 1.175422236037666
60973.159 lsst_hardware_z 18.945014064989042 43.7400016784668 30.940000534057617 AB 5.153687491501549 1.176171048439904
60977.1081 lsst_hardware_z -18.904251162603472 45.189998626708984 30.940000534057617 AB 3.4694995260534682 1.1954173168897346
60977.1252 lsst_hardware_g -17.407711098196284 24.959999084472656 31.559999465942383 AB 3.396092731833406 1.1777675504884364
60980.1182 lsst_hardware_r 28.13190561008925 65.55000305175781 31.610000610351562 AB 6.393456266898361 1.177070807038555
60980.1372 lsst_hardware_z 34.89112134951277 56.900001525878906 30.959999084472656 AB 5.409058271841136 1.1750733057332567
60990.0834 lsst_hardware_i -29.808994030968304 32.72999954223633 31.239999771118164 AB 2.3725764413023653 1.1825926187179947
60990.1019 lsst_hardware_r -18.163612582418917 24.6299991607666 31.479999542236328 AB 2.2635372072911437 1.1738308767286523
60992.0873 lsst_hardware_u -4.328446027324991 2.7200000286102295 28.3700008392334 AB 4.155019212842847 1.1761152652292832
60992.1064 lsst_hardware_g 2.5671756161961086 15.109999656677246 31.420000076293945 AB 4.22949982256266 1.1758409292640146
60994.0582 lsst_hardware_g -23.007477900650787 15.300000190734863 31.420000076293945 AB 6.37875581280435 1.2008199948801965
60994.0756 lsst_hardware_r 12.399239720387191 24.670000076293945 31.489999771118164 AB 6.1965643513953275 1.1799608400257693
60996.062 lsst_hardware_i -4.505705785454158 32.66999816894531 31.239999771118164 AB 4.3901934502176125 1.1878229031971066
60996.0821 lsst_hardware_z -3.0761684380848915 43.58000183105469 30.940000534057617 AB 4.446479580749438 1.174220527034908
60998.0625 lsst_hardware_i -4.089570016290388 32.529998779296875 31.229999542236328 AB 5.554201101680161 1.1817449152510981
60998.084 lsst_hardware_u -1.0617638276385166 2.75 28.389999389648438 AB 5.219004128233746 1.1740631299102968
61005.0305 lsst_hardware_z 17.577100189443563 47.0099983215332 30.940000534057617 AB 5.815024350744605 1.1971228720009481
61005.0529 lsst_hardware_u -2.288728916437175 3.4600000381469727 28.559999465942383 AB 5.098311742584181 1.1756291489434283
61007.0269 lsst_hardware_y -27.810007733501752 62.369998931884766 30.010000228881836 AB 5.3544133526777005 1.194381742734263
61007.042 lsst_hardware_r -55.45425559751375 37.58000183105469 31.559999465942383 AB 4.488074379971202 1.1785909611268914
61010.0322 lsst_hardware_y 48.01778555714972 63.91999816894531 30.010000228881836 AB 8.645514741573981 1.1797381953478254
61010.0506 lsst_hardware_z 10.415526821253078 74.81999969482422 30.969999313354492 AB 9.802092077344016 1.1739735406124936
61012.0304 lsst_hardware_y 17.318926176402243 66.44999694824219 30.020000457763672 AB 7.901477253237417 1.1773048137786797
61012.0489 lsst_hardware_z 214.86374655497946 74.27999877929688 30.969999313354492 AB 7.7835225079018056 1.1747687878984483
61014.0313 lsst_hardware_y -64.65283343209916 61.5099983215332 30.010000228881836 AB 2.5735560164853055 1.174603384977374
61014.0501 lsst_hardware_r -36.164698933193755 84.12000274658203 31.6200008392334 AB 1.7761637421203957 1.1778274151992014
61016.0339 lsst_hardware_y 17.650087945197367 55.47999954223633 30.010000228881836 AB 6.22655716480338 1.1739361170443778
61016.0542 lsst_hardware_r 34.50156122049168 24.860000610351562 31.479999542236328 AB 5.4797208574726985 1.1859584152086557
61234.4137 lsst_hardware_g -1.617562247881584 16.43000030517578 31.450000762939453 AB 7.2659166690964305 1.1833419292250098
61234.4343 lsst_hardware_z -45.27881263085334 45.959999084472656 30.940000534057617 AB 7.54816891258839 1.1738683153762304
61236.415 lsst_hardware_i 7.246686827720963 33.029998779296875 31.239999771118164 AB 5.650839153401616 1.1779944034608332
61236.4337 lsst_hardware_y 102.27077467243984 50.349998474121094 30.010000228881836 AB 5.379838313859434 1.174573072181526
61239.4139 lsst_hardware_r -44.681759226507914 25.540000915527344 31.489999771118164 AB 2.208525819113339 1.1747477761241163
61239.4334 lsst_hardware_y 4.068916889637914 51.0099983215332 30.0 AB 2.51672548051123 1.1781043794084167
61245.3734 lsst_hardware_r 28.983000858555354 25.290000915527344 31.489999771118164 AB 6.08543082349163 1.195800908526456
61245.3937 lsst_hardware_z 0.10936220318123274 43.689998626708984 30.940000534057617 AB 6.305919071459125 1.1762031376002098
61247.3678 lsst_hardware_r -15.43022842328754 46.40999984741211 31.579999923706055 AB 8.618838707426592 1.1960088867329561
61247.3889 lsst_hardware_y 7.102036493100667 50.099998474121094 30.0 AB 7.839359843074837 1.1759039764612256
61250.375 lsst_hardware_z 55.65004335085854 88.56999969482422 31.709999084472656 AB 5.542221579490436 1.1791960807426458
61250.3942 lsst_hardware_r 80.07712884093799 121.47000122070312 32.369998931884766 AB 5.519157575948047 1.174288845946393
61252.3739 lsst_hardware_i -27.96188349868175 77.30000305175781 31.309999465942383 AB 4.6528397974881415 1.1765441160202652
61252.3953 lsst_hardware_z 15.628927322523483 68.6500015258789 30.969999313354492 AB 5.2599686945893325 1.1766171001037318
61257.3614 lsst_hardware_g 47.12554219492479 52.65999984741211 31.649999618530273 AB 2.3088763894141544 1.1759981609919292
61257.3808 lsst_hardware_i 41.04971214411058 53.93000030517578 31.290000915527344 AB 1.7504836702658118 1.1762027013376863
61259.3619 lsst_hardware_z -63.81926746080889 45.11000061035156 30.940000534057617 AB 5.037957895762458 1.1741666941646498
61259.3833 lsst_hardware_r -29.510526281216382 29.8700008392334 31.520000457763672 AB 3.740037952681015 1.1814688033319867
61262.3643 lsst_hardware_u 1.2124125032398667 2.75 28.3700008392334 AB 6.010918063502673 1.1750593265786768
61262.3851 lsst_hardware_g 4.322040281934449 15.5 31.40999984741211 AB 6.200845541302872 1.1924702964043985
61265.3234 lsst_hardware_g 21.681839617666434 21.809999465942383 32.16999816894531 AB 4.388346293749644 1.1895761164948884
61265.3427 lsst_hardware_r -31.201280190290557 35.2400016784668 32.25 AB 5.501522030887536 1.1748276394392714
61267.3255 lsst_hardware_i 33.10569122397616 32.65999984741211 31.239999771118164 AB 5.569660469284506 1.181640069859872
61267.3462 lsst_hardware_z -2.8779737079199226 43.599998474121094 30.940000534057617 AB 6.5282607214202155 1.174042032446761
61269.3219 lsst_hardware_r 20.185942528164425 24.6299991607666 31.489999771118164 AB 4.950205285402014 1.1801188696921523
61269.3408 lsst_hardware_u -0.2412497565577783 2.7799999713897705 28.40999984741211 AB 5.267082955740617 1.174050254832124
61273.3247 lsst_hardware_g 17.434102926150157 15.180000305175781 31.40999984741211 AB 1.6585115018275476 1.1740289064379663
61273.3453 lsst_hardware_i -62.09967702668881 32.5099983215332 31.229999542236328 AB 2.1532925847438107 1.1816669418267585
61275.3185 lsst_hardware_z -0.8342303803959392 47.439998626708984 30.940000534057617 AB 2.3625455640843893 1.1741301569209255
61275.3375 lsst_hardware_r -50.22753541568608 34.959999084472656 31.549999237060547 AB 2.3595559877974845 1.1797779938987423
61277.3265 lsst_hardware_y -88.94053573146212 73.23999786376953 30.760000228881836 AB 2.861294745499874 1.1763579877346337
61279.2495 lsst_hardware_z 45.556699821640734 71.81999969482422 30.959999084472656 AB 3.6216254369785115 1.2686684155693058
61279.2669 lsst_hardware_r -113.14396787438224 102.95999908447266 31.6200008392334 AB 3.1745017484196847 1.220962210930648
61287.2439 lsst_hardware_z 44.552844519321354 45.810001373291016 30.93000030517578 AB 2.0898582602735143 1.2235704099959062
61287.2627 lsst_hardware_r -41.157991245978316 30.729999542236328 31.530000686645508 AB 2.638484788802205 1.1903833921958964
61298.229 lsst_hardware_u -0.889179543134084 2.8399999141693115 28.440000534057617 AB 1.0384944370389142 1.1953892800447932
61298.2481 lsst_hardware_g -4.240234639285453 15.5 31.440000534057617 AB 1.125192513887077 1.1766719099491803
61304.2336 lsst_hardware_z -40.041346349371835 68.31999969482422 31.700000762939453 AB 3.77076071500173 1.175790681322799
61306.218 lsst_hardware_r 120.9790368171541 67.30999755859375 31.610000610351562 AB 2.348370605643117 1.182561782111515
61306.2374 lsst_hardware_i 16.95745003377467 57.0099983215332 31.299999237060547 AB 2.320985463430602 1.1738946961631638
61308.1797 lsst_hardware_i -2.9436583152102216 96.56999969482422 31.299999237060547 AB 7.7049720431880955 1.2406363486333967
