data/validation/pwv_sim_epoch_fit_epoch/32039397.ecsv
# %ECSV 0.9
# ---
# datatype:
# - {name: time, datatype: float64}
# - {name: band, datatype: string}
# - {name: flux, datatype: float64}
# - {name: fluxerr, datatype: float64}
# - {name: zp, datatype: float64}
# - {name: zpsys, datatype: string}
# - {name: pwv, datatype: float64}
# - {name: airmass, datatype: float64}
# meta: {SNID: '32039397', alt: 1024.0, c: 0.073736272752285, dec: -64.948082, lat: -30.244573, lon: -70.7499537, ra: 338.492645, t0: 61700.72265625,
#   x0: 3.4939437994733336e-05, x1: 0.5190197825431824, z: 0.26964327692985535}
# schema: astropy-2.0
time band flux fluxerr zp zpsys pwv airmass
61561.4184 lsst_hardware_u -2.471242395788762 2.700000047683716 28.389999389648438 AB 5.353524001349371 1.216710000306675
61561.4305 lsst_hardware_y -44.138776546387724 50.689998626708984 30.0 AB 5.343031300575003 1.214325295585228
61563.4243 lsst_hardware_r -20.219128814705826 22.760000228881836 31.459999084472656 AB 1.1124726442457926 1.2143793078276641
61563.4376 lsst_hardware_y -5.480909334905238 63.619998931884766 30.0 AB 1.1155407325965223 1.215185983220681
61572.4135 lsst_hardware_z 8.421820170281482 61.45000076293945 31.690000534057617 AB 8.5069715719225 1.2152816531317858
61574.4039 lsst_hardware_r 6.031090284671513 87.9000015258789 31.610000610351562 AB 5.721479608243614 1.2145795941643676
61574.4175 lsst_hardware_z -72.30118887149348 64.25 30.959999084472656 AB 5.969546451523633 1.2182747860252312
61576.3874 lsst_hardware_r -43.28951973902568 98.86000061035156 31.610000610351562 AB 4.629019286490974 1.2145141010099412
61576.402 lsst_hardware_i 102.7451749861089 77.58999633789062 31.299999237060547 AB 4.646365675141886 1.2151597093039541
61578.4035 lsst_hardware_z 31.769691298170265 60.2400016784668 30.950000762939453 AB 2.5558799542053396 1.2170856924787332
61578.4155 lsst_hardware_i -30.049027804238975 63.380001068115234 31.290000915527344 AB 2.5680555213474654 1.222883581594031
61580.4005 lsst_hardware_z 12.893114958426413 74.18000030517578 31.690000534057617 AB 4.742047364940807 1.2180176882914806
61582.4074 lsst_hardware_r -18.352310280598527 38.029998779296875 31.559999465942383 AB 6.613409038621239 1.2247053775224517
61582.4219 lsst_hardware_i 51.88419290319448 39.2400016784668 31.25 AB 7.187158572870713 1.2368905299800448
61587.4257 lsst_hardware_g -0.8993331278421349 13.8100004196167 31.329999923706055 AB 11.766583277827158 1.2580096163036876
61587.4365 lsst_hardware_r 4.70114051036888 25.149999618530273 31.459999084472656 AB 11.945222398657013 1.2747916187958537
61591.401 lsst_hardware_z -1.203826625399311 43.41999816894531 30.93000030517578 AB 5.029728796977482 1.2407339876604404
61591.4128 lsst_hardware_i 55.03697655837235 31.600000381469727 31.209999084472656 AB 5.323809310013602 1.2552453427679213
61593.3955 lsst_hardware_u -0.5188317387063711 2.680000066757202 28.389999389648438 AB 1.7926941755730534 1.2406903573952732
61593.4076 lsst_hardware_g 4.8034956850225035 13.369999885559082 31.350000381469727 AB 1.927768340576632 1.2556024797503031
61596.1588 lsst_hardware_u 0.03990978967706452 2.759999990463257 28.100000381469727 AB 14.716818816686379 1.631576365486295
61596.1702 lsst_hardware_g 15.997445817028566 16.59000015258789 31.309999465942383 AB 14.287543919205202 1.5714268551437829
61598.3132 lsst_hardware_i 1.2519896475225365 31.309999465942383 31.219999313354492 AB 9.340113650113192 1.2182756934930252
61598.3256 lsst_hardware_z 17.53142394670812 43.0099983215332 30.93000030517578 AB 9.382396905655916 1.2147463221435484
61607.0929 lsst_hardware_z -40.47993817566523 105.37000274658203 31.6299991607666 AB 10.603423325694399 1.8713024282065531
61611.3378 lsst_hardware_y -98.322064340313 50.130001068115234 29.979999542236328 AB 6.809542309895046 1.232217563428192
61611.349 lsst_hardware_r -54.819177377720564 39.810001373291016 31.549999237060547 AB 6.8619599019101365 1.2436531516352283
61617.343 lsst_hardware_r -1.6382509385337594 22.950000762939453 31.450000762939453 AB 4.919667310124637 1.2568875393122343
61617.3553 lsst_hardware_g 4.20444856325016 13.350000381469727 31.31999969482422 AB 5.044184153917728 1.2759857044355314
61619.3462 lsst_hardware_r -10.962863661563544 23.0 31.459999084472656 AB 1.8280758728288362 1.2699380846327448
61619.3584 lsst_hardware_i 18.663055266349392 32.13999938964844 31.219999313354492 AB 1.8630846529098446 1.2915664838194645
61622.236 lsst_hardware_g 6.7004423880180015 13.229999542236328 31.31999969482422 AB 1.2782596530445516 1.2246799071085521
61622.2475 lsst_hardware_i -29.512811496741715 31.450000762939453 31.209999084472656 AB 1.3365454934923302 1.218364169090547
61624.2379 lsst_hardware_z -13.849667958321444 43.459999084472656 30.93000030517578 AB 3.864704915623223 1.2203046781254256
61624.2496 lsst_hardware_r 8.555554485465485 22.81999969482422 31.459999084472656 AB 3.8591146370791187 1.215788281568638
61626.2393 lsst_hardware_y -22.047400445150544 49.61000061035156 29.989999771118164 AB 4.082509382690673 1.2172968714694516
61626.2508 lsst_hardware_g -6.369875031290566 13.489999771118164 31.360000610351562 AB 3.9126528336759527 1.214543794405076
61631.3126 lsst_hardware_r -68.26313116141664 75.9800033569336 31.600000381469727 AB 4.267572101339046 1.2686005057488248
61631.3243 lsst_hardware_i -17.792020872001473 63.869998931884766 31.280000686645508 AB 4.341171142609207 1.2890100883681517
61649.2368 lsst_hardware_u -1.6595180334521082 2.4800000190734863 28.219999313354492 AB 1.9998324115990518 1.2347820395774953
61649.248 lsst_hardware_g -17.791347864633767 13.180000305175781 31.31999969482422 AB 2.0839328236268804 1.2469306349300706
61651.2438 lsst_hardware_r 28.81667575017985 22.850000381469727 31.459999084472656 AB 0.9188848377829671 1.248484833944249
61651.2552 lsst_hardware_z -27.513933903621123 44.25 30.93000030517578 AB 1.560519427434818 1.264260945801905
61655.2175 lsst_hardware_z -56.47039912235518 43.68000030517578 30.93000030517578 AB 2.34016712966497 1.2320992258678325
61655.2296 lsst_hardware_g 13.940582672110082 13.180000305175781 31.31999969482422 AB 2.331629840780826 1.2445315403154968
61682.0747 lsst_hardware_r 1135.625067565662 40.78087169122045 31.459999084472656 AB 2.9199549222977073 1.223103150920782
61682.0867 lsst_hardware_i 931.5765195250766 43.86074353623186 31.219999313354492 AB 2.556209850626498 1.217242786012618
61688.074 lsst_hardware_i 4038.220938011544 80.37502735672452 31.280000686645508 AB 2.961354450242728 1.216078755831659
61688.0857 lsst_hardware_z 2903.3600374768666 74.41617086220707 30.950000762939453 AB 3.851790715619183 1.2143098094637237
61692.1579 lsst_hardware_r 9045.590907541471 125.77662414724423 31.59000015258789 AB 10.785100964158762 1.2893641066579535
61692.1681 lsst_hardware_i 6466.572471512814 103.52136750835093 31.280000686645508 AB 10.506300788840424 1.3101759307694754
61694.1647 lsst_hardware_z 9404.971992723687 127.77913453343861 31.700000762939453 AB 10.369976586973255 1.3147355419300482
61698.1394 lsst_hardware_r 10121.990274077976 101.99683318747144 31.440000534057617 AB 4.341243644908705 1.2854057377345158
61698.151 lsst_hardware_i 8364.15207421648 98.5654429009411 31.239999771118164 AB 4.387391029324347 1.3086272706275024
61702.1424 lsst_hardware_u 46.13838219778145 8.045780399745691 28.229999542236328 AB 3.770067602881977 1.3137268413213614
61702.1531 lsst_hardware_g 5955.092145179162 78.6205198412778 31.299999237060547 AB 3.786985952798587 1.3392223332326363
61707.1438 lsst_hardware_z 4419.100534458472 79.99859992928087 30.920000076293945 AB 3.8923818421239185 1.3505835677044407
61707.1544 lsst_hardware_u 44.84537671586693 6.362819710474863 28.15999984741211 AB 3.990341859832722 1.380741127969701
61709.0855 lsst_hardware_z 4320.444115931918 77.40142107702034 30.93000030517578 AB 6.3249464449807125 1.2486322070833509
61709.0962 lsst_hardware_r 8632.236547541766 96.25239156470192 31.450000762939453 AB 6.293462019206087 1.2633668612276028
61711.0875 lsst_hardware_u 15.049875344810147 5.31795940231865 28.170000076293945 AB 7.174097177833827 1.258613539970847
61711.1002 lsst_hardware_r 7926.920828536251 92.71472646607975 31.440000534057617 AB 7.183474316966518 1.2787671236255482
61926.4253 lsst_hardware_r -11.864753471451726 22.93000030517578 31.459999084472656 AB 5.346045814097267 1.2150104122948333
61926.4391 lsst_hardware_y 19.842460131799303 69.91000366210938 30.010000228881836 AB 5.343300682962251 1.214386518855057
61928.4279 lsst_hardware_y 112.98326679305563 78.7300033569336 30.75 AB 1.1119560643568116 1.2141467490702904
61947.3844 lsst_hardware_z 51.23495511751704 43.22999954223633 30.93000030517578 AB 6.559523416754238 1.2147265586581921
61947.3988 lsst_hardware_r 6.921245935285589 22.450000762939453 31.450000762939453 AB 6.584080019581444 1.2192740777002673
61950.1958 lsst_hardware_z 38.306650680872565 48.209999084472656 30.8799991607666 AB 9.756116420307594 1.5976391195798403
61954.3569 lsst_hardware_g -12.957282482687138 13.130000114440918 31.329999923706055 AB 7.9137893289561845 1.2141438062221823
61954.3694 lsst_hardware_i -13.56870403509045 31.209999084472656 31.219999313354492 AB 7.923065909282738 1.215567031187901
61960.3135 lsst_hardware_z 38.3196228296637 69.12999725341797 30.969999313354492 AB 2.1073574298618443 1.2226014870597395
61960.3253 lsst_hardware_r 20.88618376100956 97.83000183105469 31.6200008392334 AB 2.1327194571586614 1.2169583207753423
61962.3272 lsst_hardware_i 50.16919336883502 58.849998474121094 31.290000915527344 AB 10.336390165703088 1.2149738660832534
61962.3397 lsst_hardware_z 75.94841555681325 57.25 30.959999084472656 AB 11.411198084953156 1.2142801899391493
61964.292 lsst_hardware_z -79.88122141006565 50.150001525878906 30.950000762939453 AB 7.504702728533112 1.2302791358251004
61964.3046 lsst_hardware_r 37.37051194417047 49.599998474121094 31.59000015258789 AB 7.450667478337286 1.2214208980880799
61974.3809 lsst_hardware_z -105.48816015744131 44.0099983215332 30.920000076293945 AB 6.6185751958063745 1.281241871133209
61974.392 lsst_hardware_r -12.145339182891469 22.940000534057617 31.43000030517578 AB 6.733797063794092 1.302727232306847
61976.3482 lsst_hardware_r -1.0161944999003816 22.75 31.450000762939453 AB 6.847637697286238 1.241863927690649
61976.3594 lsst_hardware_u -0.4374773249252796 2.450000047683716 28.190000534057617 AB 6.9138696640862305 1.2558494182767432
61979.3439 lsst_hardware_i -26.57892165315682 31.510000228881836 31.209999084472656 AB 3.897445627095226 1.2463849143252628
61979.3565 lsst_hardware_z -23.937249215412056 43.720001220703125 30.920000076293945 AB 3.938683584325036 1.2635122573822777
61981.237 lsst_hardware_i 30.710291137180892 31.610000610351562 31.219999313354492 AB 5.572709001903751 1.2383797782008334
61981.2502 lsst_hardware_z -33.797749836374855 43.43000030517578 30.93000030517578 AB 5.407318066958622 1.2266359818428223
61990.2388 lsst_hardware_r -41.30972450383145 87.19999694824219 31.610000610351562 AB 3.7783183566516616 1.2188123731134393
61990.2514 lsst_hardware_i 81.33343396502838 69.4800033569336 31.299999237060547 AB 3.660813539860306 1.2148717499536412
61992.2376 lsst_hardware_z -130.20231100592113 53.25 30.950000762939453 AB 5.523183643085356 1.2170964396397874
61992.2492 lsst_hardware_r -44.39379293909368 60.54999923706055 31.600000381469727 AB 5.425390850671831 1.2144131730658827
61997.3179 lsst_hardware_u 0.18834051639297228 4.070000171661377 28.579999923706055 AB 6.063278972035223 1.2808842275970473
61997.3291 lsst_hardware_g 29.628509825434474 21.670000076293945 31.489999771118164 AB 6.143095018908143 1.3025150227383155
62011.1506 lsst_hardware_r -79.1692655811986 41.02000045776367 31.559999465942383 AB 6.4652506115997666 1.2433174253076473
62011.1616 lsst_hardware_i -38.77530338391013 40.75 31.25 AB 6.407034957393833 1.2321221071911217
62013.2748 lsst_hardware_r 32.266702218108506 58.599998474121094 31.579999923706055 AB 6.343261616505465 1.281941786487682
62013.286 lsst_hardware_i -77.83064422792451 52.2400016784668 31.260000228881836 AB 6.3720689977751785 1.303748132537121
62016.2364 lsst_hardware_r -30.18523661766822 92.77999877929688 31.610000610351562 AB 1.002827893649143 1.2390789460244767
62016.2493 lsst_hardware_i -74.89528160542123 74.18000030517578 31.299999237060547 AB 0.9589732232423949 1.2546531485944983
62017.0518 lsst_hardware_r -0.07736518973666193 101.52999877929688 31.559999465942383 AB 2.197665558350708 1.4286016630665492
62017.0589 lsst_hardware_i 1.1800120905339364 79.9800033569336 31.270000457763672 AB 2.0897650321852583 1.4044119839954692
62020.2114 lsst_hardware_i -28.11507593782155 59.790000915527344 31.290000915527344 AB 2.2632892254328407 1.2264934386377389
62020.2232 lsst_hardware_z 7.140519089995016 57.900001525878906 30.950000762939453 AB 2.3151749467255427 1.2367387535927046
62030.135 lsst_hardware_i -36.70386671726448 31.219999313354492 31.229999542236328 AB 0.6148573293033539 1.2167361397823626
62030.1463 lsst_hardware_z 28.429869190950082 43.0 30.93000030517578 AB 0.704332732489574 1.214366780154438
62033.2241 lsst_hardware_r 21.39957495585305 22.739999771118164 31.440000534057617 AB 7.497484303249999 1.289187419599358
62033.2368 lsst_hardware_z -68.26282238894586 44.5099983215332 30.920000076293945 AB 7.672395670184489 1.315530935361556
62035.2012 lsst_hardware_i 12.469642392526724 31.780000686645508 31.229999542236328 AB 2.8478946468602007 1.2599909951820376
62035.2128 lsst_hardware_r -9.197515047360387 22.799999237060547 31.450000762939453 AB 2.510736680198615 1.2785419122590018
62037.2035 lsst_hardware_u -2.233499006279467 2.5199999809265137 28.25 AB 4.791725710576219 1.272027000418428
62037.2157 lsst_hardware_g -1.436696413955122 13.25 31.31999969482422 AB 4.972684327330723 1.2940712163421382
62039.2067 lsst_hardware_r 11.65190461339351 26.899999618530273 31.469999313354492 AB 4.343907785366614 1.287274495589494
62039.2189 lsst_hardware_i 24.017502744867294 34.349998474121094 31.209999084472656 AB 4.078175435157703 1.3121542584162493
62041.2244 lsst_hardware_z 6.0568839669740475 51.15999984741211 30.93000030517578 AB 5.053578350646287 1.3381054767817109
62041.236 lsst_hardware_r 13.14374725678961 45.2599983215332 31.540000915527344 AB 5.118656102940733 1.3695400944321137
62043.177 lsst_hardware_i 13.82204495286253 55.54999923706055 31.280000686645508 AB 5.307636273002935 1.25664184508001
62048.0791 lsst_hardware_i -22.13301133322887 65.51000213623047 31.299999237060547 AB 3.4344919592294567 1.2194905761258863
62048.0917 lsst_hardware_z 67.13131703897723 60.56999969482422 30.959999084472656 AB 4.285346826435328 1.2151841277287192
62050.0763 lsst_hardware_r 37.8449152015919 55.720001220703125 31.59000015258789 AB 5.213085861324511 1.218295363711406
62050.0895 lsst_hardware_g 65.13318163211952 64.68000030517578 31.649999618530273 AB 9.369261544526559 1.2146313743385653
62052.0728 lsst_hardware_r -6.865460401173554 22.729999542236328 31.469999313354492 AB 4.317303252609939 1.2175136076161632
62052.085 lsst_hardware_i 4.628844178597529 31.56999969482422 31.229999542236328 AB 7.269266949365051 1.2145133018542633
62057.1561 lsst_hardware_i 40.53993235297222 32.2400016784668 31.219999313354492 AB 10.674637669210876 1.2846047979314303
62057.1678 lsst_hardware_r 0.026883772835117708 23.149999618530273 31.440000534057617 AB 10.438515427387534 1.307920740181576
62059.1387 lsst_hardware_z -22.99416624687653 44.290000915527344 30.93000030517578 AB 9.862885100832484 1.2645399990383013
62059.1502 lsst_hardware_u 1.3730809058750688 2.5799999237060547 28.280000686645508 AB 10.089096371903313 1.283804214652879
62064.1435 lsst_hardware_g -3.486872760035393 13.4399995803833 31.329999923706055 AB 3.4356788768159543 1.2971352416875752
62064.1541 lsst_hardware_r -9.198536665695382 23.200000762939453 31.440000534057617 AB 3.475133069657428 1.3200049644176557
62065.1403 lsst_hardware_i -10.261156666525345 32.029998779296875 31.209999084472656 AB 4.826060708983892 1.2961957185211557
62065.1518 lsst_hardware_z -11.222855212901266 44.58000183105469 30.920000076293945 AB 4.958713139459515 1.3210025013545164
62067.1425 lsst_hardware_i -69.33015661486056 33.31999969482422 31.209999084472656 AB 3.8043844844388963 1.3123092391993434
62067.1537 lsst_hardware_u 5.708866591613498 2.630000114440918 28.229999542236328 AB 3.804770753903926 1.3388829960073638
62070.1432 lsst_hardware_g 48.591955923801216 38.93000030517578 31.56999969482422 AB 4.883613562043805 1.3331065228509023
62070.1544 lsst_hardware_r 10.004119150123508 42.72999954223633 31.540000915527344 AB 5.110061033468422 1.36268294225787
62075.0836 lsst_hardware_y 45.50927850715937 53.2400016784668 29.989999771118164 AB 6.85697015832711 1.2487084285593377
62075.0947 lsst_hardware_r 162.11300342398695 72.95999908447266 31.600000381469727 AB 6.934552070001327 1.2640836220569356
62077.0859 lsst_hardware_i -61.57580366315069 63.86000061035156 31.290000915527344 AB 5.050427872417532 1.2591443212210252
62077.0975 lsst_hardware_z 73.08716531590866 60.290000915527344 30.959999084472656 AB 5.23440929617675 1.2775160989692687
62079.0881 lsst_hardware_r -26.554809963533437 69.91000366210938 31.59000015258789 AB 4.8923240313028105 1.2708985663859749
62079.0987 lsst_hardware_g 43.788473803831664 79.62999725341797 31.6200008392334 AB 4.949817626034923 1.2896307158890763
62081.0865 lsst_hardware_r 16.02771643029007 23.06999969482422 31.440000534057617 AB 5.831052171909836 1.2773855573937505
62081.0982 lsst_hardware_i -29.375566419703603 32.2400016784668 31.209999084472656 AB 5.940960955006665 1.2994227810600167
