data/validation/pwv_sim_epoch_fit_epoch/32040786.ecsv
# %ECSV 0.9
# ---
# datatype:
# - {name: time, datatype: float64}
# - {name: band, datatype: string}
# - {name: flux, datatype: float64}
# - {name: fluxerr, datatype: float64}
# - {name: zp, datatype: float64}
# - {name: zpsys, datatype: string}
# - {name: pwv, datatype: float64}
# - {name: airmass, datatype: float64}
# meta: {SNID: '32040786', alt: 1024.0, c: -0.03495289385318756, dec: -52.029728, lat: -30.244573, lon: -70.7499537, ra: 304.632355, t0: 62058.74609375,
#   x0: 5.162713782034227e-06, x1: -0.05701874941587448, z: 0.6053134799003601}
# schema: astropy-2.0
time band flux fluxerr zp zpsys pwv airmass
61895.4124 lsst_hardware_r -20.21400745588003 22.969999313354492 31.5 AB 7.387645065946328 1.0782391027786271
61895.424 lsst_hardware_y 75.03995764841012 54.529998779296875 30.049999237060547 AB 5.8565825898071555 1.076231467782819
61897.4102 lsst_hardware_g -11.486158084136694 13.890000343322754 31.399999618530273 AB 7.452863211632013 1.077340671929845
61897.4221 lsst_hardware_y 14.64036582468887 51.790000915527344 30.040000915527344 AB 7.862111545855945 1.076276692071223
61899.4123 lsst_hardware_z 164.02181729156135 57.72999954223633 30.979999542236328 AB 8.293497696181621 1.0762622726741589
61899.4232 lsst_hardware_y -12.902763684926883 57.54999923706055 30.049999237060547 AB 8.018479194386213 1.0771734543774838
61903.4176 lsst_hardware_y -37.32113729531772 80.52999877929688 30.790000915527344 AB 6.962858606484084 1.0786767786962175
61908.3963 lsst_hardware_g 10.350155108793265 24.469999313354492 31.600000381469727 AB 8.484653340152143 1.0767326573797136
61908.4087 lsst_hardware_r 11.43186495848901 29.700000762939453 31.549999237060547 AB 8.599500420166397 1.080610759005579
61926.3349 lsst_hardware_z 8.847878878558234 48.40999984741211 30.959999084472656 AB 5.649970161439189 1.076612019647007
61926.35 lsst_hardware_r 10.863031999096254 41.29999923706055 31.600000381469727 AB 5.709613295317653 1.0772855274184252
61928.3323 lsst_hardware_i 39.83247792102948 74.26000213623047 31.31999969482422 AB 3.5249173050860443 1.076310627507087
61928.3451 lsst_hardware_r 15.347070506487587 93.52999877929688 31.649999618530273 AB 2.5477342604468305 1.0774179280154583
61944.2966 lsst_hardware_z -3.4604287200126165 41.52000045776367 30.950000762939453 AB 2.828405909500558 1.0765310490360749
61947.2314 lsst_hardware_z 37.539849365873245 41.93000030517578 30.940000534057617 AB 6.539663424893579 1.1099225093166682
61947.2438 lsst_hardware_r -8.280109073113229 22.889999389648438 31.489999771118164 AB 6.53390899701857 1.0955581819279963
61950.129 lsst_hardware_u -2.90921023474814 2.6500000953674316 28.170000076293945 AB 6.785981527802265 1.3908074864838118
61950.1354 lsst_hardware_r -37.72383921521334 25.25 31.440000534057617 AB 6.620607698411999 1.3590026065847414
61955.1069 lsst_hardware_z -71.26093498067397 59.119998931884766 30.93000030517578 AB 12.761612960958013 1.4367949742127915
61955.1114 lsst_hardware_r 11.033882273046808 68.44000244140625 31.549999237060547 AB 12.448474453379164 1.4117117774301615
61958.246 lsst_hardware_y 103.17449640031212 62.779998779296875 30.049999237060547 AB 1.938349866330637 1.076861036850354
61958.2577 lsst_hardware_r -10.069830181011884 124.51000213623047 31.649999618530273 AB 1.7138051040583442 1.076454396686738
61960.2738 lsst_hardware_z -157.67813647441557 109.12000274658203 31.739999771118164 AB 2.2775156408646593 1.0845312575545996
61962.217 lsst_hardware_z 22.936096655106237 58.0099983215332 30.969999313354492 AB 8.998220030165761 1.084122895200694
61962.2297 lsst_hardware_r -18.261580964901174 73.69000244140625 31.639999389648438 AB 8.94886316831919 1.0781762853396615
61964.2107 lsst_hardware_z -34.997240293015984 48.33000183105469 30.959999084472656 AB 7.362665740024514 1.084659066002433
61964.2227 lsst_hardware_r -99.79506545665603 48.349998474121094 31.6200008392334 AB 7.365975540067724 1.078684302460437
61965.22 lsst_hardware_i 15.265026182633347 39.16999816894531 31.280000686645508 AB 7.112057845618101 1.0786740918530993
61965.2331 lsst_hardware_z -4.338180231893331 45.5099983215332 30.950000762939453 AB 6.971727012736867 1.0762298083597146
61974.213 lsst_hardware_r 16.029008976210985 22.81999969482422 31.469999313354492 AB 5.266904104607699 1.0763611310698817
61974.2245 lsst_hardware_u 2.153185728184822 2.559999942779541 28.309999465942383 AB 5.262383320638547 1.078946826265421
61976.2149 lsst_hardware_g 39.46606155677587 13.970000267028809 31.399999618530273 AB 5.8540209771040095 1.0776420409782335
61976.2269 lsst_hardware_r 4.091347149425053 22.940000534057617 31.479999542236328 AB 5.864426465804673 1.0825967261961735
61978.1946 lsst_hardware_r -31.8592783383623 22.790000915527344 31.479999542236328 AB 3.4167435849947596 1.0764222373309824
61978.207 lsst_hardware_i 33.404253878287136 30.649999618530273 31.229999542236328 AB 3.3137890483223646 1.0770711966378217
61979.1974 lsst_hardware_z -19.517845978656876 41.66999816894531 30.940000534057617 AB 3.4955593402540006 1.0762466217587687
61979.2094 lsst_hardware_r 50.87870496385999 22.860000610351562 31.479999542236328 AB 2.7866986952411663 1.0784437675081913
61981.1931 lsst_hardware_z 24.688289134755088 43.5 30.950000762939453 AB 5.1982856316915855 1.07630532257189
61981.2047 lsst_hardware_r -20.066210884518537 29.479999542236328 31.540000915527344 AB 5.274318407371377 1.0787030181758956
61983.1928 lsst_hardware_i -45.40113185120697 49.459999084472656 31.309999465942383 AB 4.8899558380137185 1.0769641753141106
61985.1942 lsst_hardware_z 66.64267133922526 66.2300033569336 30.979999542236328 AB 2.398830714295562 1.078853480681611
61985.1998 lsst_hardware_r -34.31395730174653 89.38999938964844 31.649999618530273 AB 2.4182339699175217 1.0812582025117468
61987.1508 lsst_hardware_r -175.96319436384124 116.13999938964844 31.649999618530273 AB 2.1735482817445524 1.082893771524314
61987.1617 lsst_hardware_i -109.58019341489326 89.98999786376953 31.329999923706055 AB 2.2119118434658 1.0781048790247603
61990.1935 lsst_hardware_r -99.50170375445326 89.2300033569336 31.649999618530273 AB 3.5692982222045826 1.0856080160808788
61990.2049 lsst_hardware_z -2.025311274524828 63.810001373291016 30.979999542236328 AB 3.6027127122614435 1.095077194131968
61995.1269 lsst_hardware_z 68.00918308616151 41.83000183105469 30.950000762939453 AB 3.649193730311337 1.084133609718163
61995.1372 lsst_hardware_r -21.50914160203408 22.799999237060547 31.489999771118164 AB 3.6481104500225183 1.0790033865784823
62005.0998 lsst_hardware_r 21.52188535373701 22.75 31.5 AB 2.562056699137909 1.084009604035502
62006.082 lsst_hardware_u -5.221549005842658 3.7899999618530273 29.170000076293945 AB 2.8141772737338684 1.0962903286847947
62006.085 lsst_hardware_g 18.625219552542486 13.75 31.40999984741211 AB 3.167146921916568 1.0933763827099776
62011.1156 lsst_hardware_y -59.506180748598524 69.93000030517578 30.780000686645508 AB 5.358256823989152 1.0768381351487972
62013.1074 lsst_hardware_r -80.17858469386961 73.4000015258789 31.649999618530273 AB 3.576173875472974 1.0764582979399913
62013.1184 lsst_hardware_i -80.32479874725956 62.25 31.329999923706055 AB 3.6083420912189386 1.0791034514934772
62024.0907 lsst_hardware_u 0.9806359602500676 2.619999885559082 28.3700008392334 AB 2.854582148878888 1.0800537831550843
62024.1022 lsst_hardware_g -8.060003034225707 13.619999885559082 31.399999618530273 AB 2.833574120926424 1.0867014845355414
62030.0584 lsst_hardware_r -7.94320967950667 22.511237418615032 31.489999771118164 AB 0.3753505151362234 1.0762738785268056
62030.0699 lsst_hardware_u 3.198293346644906 2.7474139472350005 28.469999313354492 AB 0.2993404476344178 1.0783804778155628
62031.1405 lsst_hardware_i -0.22056091693261506 31.68576741103832 31.239999771118164 AB 2.685492677818709 1.1738148223875366
62031.1512 lsst_hardware_z 39.51177307126188 43.449770783097634 30.940000534057617 AB 2.715229335906648 1.2015175171797248
62033.0385 lsst_hardware_r -4.479600088184748 22.912032691699785 31.489999771118164 AB 6.737005470152107 1.0774611584633216
62033.0512 lsst_hardware_z 77.58327410801893 42.15941555780041 30.950000762939453 AB 5.984209071110468 1.0763288595780092
62035.0447 lsst_hardware_r 115.25434730376114 24.62740517155764 31.489999771118164 AB 2.699832313603129 1.076273595217512
62035.0579 lsst_hardware_u -1.6183201946321957 2.9832451122874097 28.3799991607666 AB 2.7497108065106937 1.0789526413617259
62044.0309 lsst_hardware_r 1038.121917079866 80.53151025293884 31.639999389648438 AB 6.553033032566399 1.0781413602259045
62044.0429 lsst_hardware_z 571.2534573021213 62.30444680402163 30.979999542236328 AB 6.212976187987157 1.0835956376931646
62045.985 lsst_hardware_y 188.14913432895793 78.45862311386978 30.059999465942383 AB 2.7140117156437875 1.0858942580596642
62045.9874 lsst_hardware_r 1430.319563683559 90.81363680346392 31.649999618530273 AB 2.6983746525424093 1.084301504554429
62052.0253 lsst_hardware_r 1708.076897987903 47.00685281089523 31.5 AB 4.174460577605731 1.0863918224087785
62052.0362 lsst_hardware_u 6.485915354799611 3.3831273070888286 28.479999542236328 AB 4.257278567610037 1.0956835845090815
62054.0753 lsst_hardware_g 519.7459351491538 25.843752204867123 31.389999389648438 AB 3.749849552439106 1.1681774306660868
62054.0874 lsst_hardware_i 1461.9038203629007 48.99126580504645 31.229999542236328 AB 5.034839916505623 1.198771408691815
62055.0753 lsst_hardware_z 1108.754340384967 53.532593118768375 30.940000534057617 AB 6.379702374651663 1.1746287456204474
62055.0864 lsst_hardware_r 1679.9729168238466 48.019073530783295 31.479999542236328 AB 6.947891625374055 1.2035844136806886
62259.4113 lsst_hardware_r 46.6720800696366 59.349998474121094 31.6299991607666 AB 12.00702747533885 1.0798981420439067
62259.4253 lsst_hardware_y -23.228685121519817 64.29000091552734 30.049999237060547 AB 11.9646830128495 1.0763236714584055
62261.4121 lsst_hardware_g -31.07063099708951 34.849998474121094 31.65999984741211 AB 7.362956249688326 1.0777029334178192
62261.424 lsst_hardware_y -110.01651384497524 56.81999969482422 30.049999237060547 AB 5.856351403815563 1.0761889840245442
62264.4139 lsst_hardware_i 31.124359372488414 31.709999084472656 31.25 AB 11.350300339488056 1.0761978830108776
62264.4254 lsst_hardware_z -3.968714301092263 49.41999816894531 30.969999313354492 AB 11.440296426985403 1.0774943656214442
62266.4012 lsst_hardware_r 19.33137205134582 22.809999465942383 31.5 AB 8.444203862006962 1.0770439227916448
62266.4146 lsst_hardware_y 28.15766404430235 47.9900016784668 30.040000915527344 AB 8.422986592164971 1.0764887970049024
62270.413 lsst_hardware_z -57.29508275289826 41.900001525878906 30.950000762939453 AB 8.752024508038712 1.0786990211423815
62270.4255 lsst_hardware_y -87.09662081820562 51.689998626708984 30.040000915527344 AB 8.456032581609401 1.0850457231077408
62272.4095 lsst_hardware_u 1.1427756159147642 2.7300000190734863 28.459999084472656 AB 4.763911848975536 1.0794362195563905
62272.4226 lsst_hardware_y 51.83531105223595 49.45000076293945 30.040000915527344 AB 4.061846526763672 1.0868301445140043
62277.3898 lsst_hardware_g -1.799922452018433 19.25 32.150001525878906 AB 7.6252192443791325 1.077464920782695
62277.4016 lsst_hardware_r -21.74576777770044 31.8700008392334 32.22999954223633 AB 7.744952339765615 1.0821506692420868
62285.3259 lsst_hardware_z -79.15614810018282 71.73999786376953 30.989999771118164 AB 9.339154806381712 1.088680483739047
62285.3384 lsst_hardware_r -256.7044988910959 103.52999877929688 31.649999618530273 AB 9.209825659774026 1.080764606707357
62288.3389 lsst_hardware_y 68.36530162732993 73.08000183105469 30.790000915527344 AB 7.190951031579799 1.077565089647331
62291.3329 lsst_hardware_r -47.94103233369976 31.520000457763672 31.559999465942383 AB 12.976875424922662 1.0770531954121119
62291.3451 lsst_hardware_i 15.359213302376856 34.7400016784668 31.270000457763672 AB 12.899014420990847 1.076353005756941
62302.3209 lsst_hardware_i 21.144337307581406 30.719999313354492 31.25 AB 12.604492723083348 1.0773070703490042
62302.3339 lsst_hardware_z -28.33616703126863 41.689998626708984 30.950000762939453 AB 12.21440690178911 1.0824536424839544
62308.318 lsst_hardware_z -55.75967813695025 41.70000076293945 30.940000534057617 AB 3.2328379489804915 1.08272552017205
62308.3305 lsst_hardware_r -4.286447586057304 22.860000610351562 31.479999542236328 AB 3.2600268913018677 1.0918315014128122
62310.3075 lsst_hardware_y 104.27680298332251 71.73999786376953 30.780000686645508 AB 2.814208081316458 1.080171986175713
62312.2963 lsst_hardware_r -198.02115494017045 105.95999908447266 31.649999618530273 AB 4.322913159988637 1.078033206979724
62312.3083 lsst_hardware_i 56.15644517997444 82.73999786376953 31.329999923706055 AB 4.3390860782905145 1.083439791495582
62314.2447 lsst_hardware_r 107.64650998307347 112.68000030517578 31.649999618530273 AB 7.947151810269348 1.0903437039608546
62314.2585 lsst_hardware_i -35.65185694703714 89.36000061035156 31.329999923706055 AB 7.734339950775076 1.0811210442794035
62315.2777 lsst_hardware_r 115.48802187882863 99.7300033569336 31.649999618530273 AB 6.22219891647122 1.076225705521289
62315.2906 lsst_hardware_z -31.66911718492581 70.37999725341797 30.989999771118164 AB 6.205431504137864 1.0788614941562744
62323.2345 lsst_hardware_u -3.7923340526080933 2.7300000190734863 28.450000762939453 AB 4.705278576034673 1.0808450021519156
62323.2469 lsst_hardware_g -14.457451441596508 14.050000190734863 31.420000076293945 AB 4.726427337896697 1.076798451829467
62327.2272 lsst_hardware_r 19.651772521222522 22.979999542236328 31.489999771118164 AB 10.371795026859685 1.0792710745951806
62327.2397 lsst_hardware_u -0.70637327314361 2.680000066757202 28.40999984741211 AB 10.343467513743677 1.0763233625123494
62328.23 lsst_hardware_g 19.474504466795384 14.069999694824219 31.40999984741211 AB 8.943191155371949 1.0774929102857769
62328.241 lsst_hardware_r -16.186614219703195 22.93000030517578 31.489999771118164 AB 8.932384679371653 1.0761909252255002
62330.2134 lsst_hardware_r 31.68687766784092 22.989999771118164 31.489999771118164 AB 7.277969659594955 1.0818506084028445
62330.2255 lsst_hardware_i -33.72601500071505 30.850000381469727 31.239999771118164 AB 7.374932663719928 1.0772615634999085
62332.2129 lsst_hardware_z 65.16566084662921 41.7400016784668 30.950000762939453 AB 6.172218793921687 1.0795310527191406
62332.2256 lsst_hardware_r -4.424595512326365 23.030000686645508 31.489999771118164 AB 6.109713475788798 1.0763644088595108
62343.2086 lsst_hardware_r 84.28810552196211 114.91999816894531 31.649999618530273 AB 10.785519652351539 1.0772323555995444
62343.2208 lsst_hardware_z 3.28744541260494 76.62000274658203 30.989999771118164 AB 10.855539944533117 1.0818306938154303
62345.1956 lsst_hardware_i 36.58588809028484 62.040000915527344 31.31999969482422 AB 3.4201547301399624 1.076225429701837
62345.2071 lsst_hardware_r 6.832096802497809 76.0 31.639999389648438 AB 3.490618626415436 1.0783221397087202
62351.1906 lsst_hardware_z 42.82674672564737 41.54999923706055 30.940000534057617 AB 2.402152043525325 1.078286182706913
62351.2027 lsst_hardware_r -57.2780818987359 22.93000030517578 31.489999771118164 AB 2.46309068941309 1.0839875407253121
62352.1897 lsst_hardware_u -1.1603066612291775 2.700000047683716 28.43000030517578 AB 1.3000927492220784 1.0789151445828231
62352.2 lsst_hardware_g 8.273893207739222 13.920000076293945 31.399999618530273 AB 1.3008080669034356 1.0840067224195298
62354.1906 lsst_hardware_r 4.953351489727611 22.860000610351562 31.489999771118164 AB 1.7568470345304261 1.081746852807487
62354.2024 lsst_hardware_z 21.266305573620023 41.68000030517578 30.940000534057617 AB 1.755223080433814 1.089693050090836
62356.1337 lsst_hardware_r 10.687840708925732 22.899999618530273 31.489999771118164 AB 4.1550702369676 1.0874300541658204
62356.1457 lsst_hardware_i -66.76574372659437 30.770000457763672 31.25 AB 4.149609948923924 1.0802525031908863
62364.1304 lsst_hardware_i -25.450965694597045 33.15999984741211 31.260000228881836 AB 5.729711121746627 1.0778575554312513
62364.1425 lsst_hardware_z 26.791049916281693 42.56999969482422 30.950000762939453 AB 5.809686249964016 1.076199984556471
62366.1292 lsst_hardware_z -9.320144617658979 47.88999938964844 30.959999084472656 AB 2.9339174004660764 1.0768645257720963
62366.1398 lsst_hardware_r -34.49442495093759 46.58000183105469 31.6200008392334 AB 2.9281423633932215 1.0763250738442278
62369.1309 lsst_hardware_z -152.41543023702138 94.45999908447266 31.739999771118164 AB 1.890120541288376 1.0762762881019508
62380.112 lsst_hardware_i 60.332401118978005 30.579999923706055 31.239999771118164 AB 1.1762705830388909 1.0784876983852911
62380.1224 lsst_hardware_r -32.913289119201046 22.43000030517578 31.469999313354492 AB 1.1284562484592953 1.0833179985209234
62382.0953 lsst_hardware_z 60.56210605181768 41.58000183105469 30.940000534057617 AB 0.7054981109322186 1.0762747687753145
62382.1066 lsst_hardware_u -0.783164789112635 2.5899999141693115 28.350000381469727 AB 0.5877873021028025 1.0785088111978027
62385.0994 lsst_hardware_g -8.216373005013615 13.649999618530273 31.40999984741211 AB 1.407547497412427 1.0788560276538786
62385.1107 lsst_hardware_r -3.7841853927163833 22.520000457763672 31.489999771118164 AB 1.4250705230137402 1.0845285563270473
62390.0911 lsst_hardware_g 1.563642266317629 13.630000114440918 31.389999389648438 AB 2.815578248433947 1.081147450680214
62390.1031 lsst_hardware_r -31.50939463997818 22.6299991607666 31.489999771118164 AB 2.909794323748931 1.088893001683574
62396.0342 lsst_hardware_r 67.62036498292998 60.060001373291016 31.6299991607666 AB 1.7047501389588013 1.0813511823405064
62396.0389 lsst_hardware_z 16.787449884976727 53.619998931884766 30.969999313354492 AB 1.6836386235585374 1.0792555279221394
62399.0452 lsst_hardware_r -70.77987225465681 83.44000244140625 31.639999389648438 AB 6.0098412444194445 1.0762288454415163
62399.0579 lsst_hardware_i 11.48478605962997 67.5199966430664 31.31999969482422 AB 6.000890888831505 1.0778107325926591
62401.0398 lsst_hardware_z 47.29854609669008 61.2400016784668 30.979999542236328 AB 2.7540666723585043 1.0762276953334433
62401.0513 lsst_hardware_i -72.34545036106464 68.18000030517578 31.329999923706055 AB 2.7271727604137137 1.0775080049045354
62406.0468 lsst_hardware_z -115.82907697062485 41.470001220703125 30.940000534057617 AB 3.0263945425899066 1.0808551937821096
62406.0583 lsst_hardware_u -0.6121729170914506 2.680000066757202 28.43000030517578 AB 3.0464773751931067 1.088027633997538
62414.0258 lsst_hardware_r 8.730500841749977 22.760000228881836 31.479999542236328 AB 2.931055355386669 1.0812709970992047
62414.0369 lsst_hardware_i 59.25211759386686 30.899999618530273 31.239999771118164 AB 2.9538492516726778 1.0883748163865201
62416.0306 lsst_hardware_z 14.494645981993486 41.849998474121094 30.950000762939453 AB 4.191202758489997 1.0877294238911124
62416.0433 lsst_hardware_u -3.6589633495980847 2.640000104904175 28.3700008392334 AB 4.514147940558934 1.099469753531512
62418.0309 lsst_hardware_g -1.0835560289333719 13.960000038146973 31.40999984741211 AB 4.226465858221438 1.0925335034823416
62418.0416 lsst_hardware_r -0.4547540330453807 22.979999542236328 31.489999771118164 AB 4.360984687646992 1.1037673216015382
