data/validation/pwv_sim_epoch_fit_epoch/32138198.ecsv
# %ECSV 0.9
# ---
# datatype:
# - {name: time, datatype: float64}
# - {name: band, datatype: string}
# - {name: flux, datatype: float64}
# - {name: fluxerr, datatype: float64}
# - {name: zp, datatype: float64}
# - {name: zpsys, datatype: string}
# - {name: pwv, datatype: float64}
# - {name: airmass, datatype: float64}
# meta: {SNID: '32138198', alt: 1024.0, c: -0.012546450830996037, dec: -10.351558, lat: -30.244573, lon: -70.7499537, ra: 132.539062,
#   t0: 60645.24609375, x0: 1.852413688083082e-05, x1: -0.9751056432723999, z: 0.354668527841568}
# schema: astropy-2.0
time band flux fluxerr zp zpsys pwv airmass
60650.3377 lsst_hardware_u 17.95488503505157 4.938374380308411 28.530000686645508 AB 4.622695018421064 1.0688930038548041
60652.339 lsst_hardware_i 4435.011641109988 73.42702518223378 31.260000228881836 AB 7.8461594217180775 1.065161810310846
60658.3372 lsst_hardware_i 3743.6121266784085 77.56809766698683 31.309999465942383 AB 8.878991158942384 1.0630873430196468
60658.3552 lsst_hardware_z 2311.610757629753 76.60222161240586 30.979999542236328 AB 8.954283691035007 1.0717660818010597
60660.3313 lsst_hardware_r 3534.057733440571 110.41316564986697 31.649999618530273 AB 7.04470103173183 1.0630301843566472
60660.3509 lsst_hardware_y 437.6435132098766 72.79339094352575 30.049999237060547 AB 7.7385200698350225 1.072758200152661
60662.3045 lsst_hardware_r 9392.519733395242 174.8861512334736 32.84000015258789 AB 5.230481886973466 1.0691909008531209
60662.326 lsst_hardware_y 529.8266239917206 58.17437704122915 30.049999237060547 AB 5.15295239537686 1.063048905661572
60663.3183 lsst_hardware_z 1824.3105889072917 73.40026396583946 30.989999771118164 AB 4.595432292316751 1.062896332211729
60663.3404 lsst_hardware_y 403.80445345735257 58.82677927155039 30.049999237060547 AB 5.1792607120811995 1.0708326765157545
60668.2831 lsst_hardware_g 517.7914614108751 31.00144963496634 31.549999237060547 AB 6.787372651200109 1.0732013731754089
60668.3043 lsst_hardware_r 1668.9547153996093 49.4890620944722 31.540000915527344 AB 7.105880173582371 1.0629191389375672
60670.285 lsst_hardware_i 2185.2210588774415 55.670785138613994 31.260000228881836 AB 6.725512761821774 1.067654687557695
60670.3032 lsst_hardware_z 1670.265217999756 57.00774556631015 30.950000762939453 AB 6.3624230153034125 1.0629430888183198
60672.2747 lsst_hardware_r 1252.7041716731662 42.074947033614436 31.5 AB 7.708236440207996 1.0710594622923966
60672.2967 lsst_hardware_g 386.4626492690511 23.51201143670096 31.43000030517578 AB 7.387303237180524 1.0628703520954503
60676.2822 lsst_hardware_z 1545.8488706939827 55.974890657127254 30.950000762939453 AB 7.515502824490466 1.0629364535925223
60676.3041 lsst_hardware_i 1728.6653410858034 51.35776968323767 31.25 AB 7.606440521384556 1.0702036760457034
60678.2575 lsst_hardware_r 818.1275847569659 36.89999230680754 31.489999771118164 AB 4.712727771642589 1.0717240232662042
60678.2796 lsst_hardware_u 0.2337920431259385 2.9933749976645045 28.3700008392334 AB 4.648340008433034 1.0628421192255708
60680.2534 lsst_hardware_g 240.35241539750552 20.29183484299657 31.40999984741211 AB 11.144890651326481 1.0706289651919512
60680.2756 lsst_hardware_r 677.1230704412228 35.39866486327905 31.489999771118164 AB 11.05536702712602 1.062913857045093
60682.2577 lsst_hardware_i 1298.3329164512036 47.42448553433906 31.25 AB 10.138743032607739 1.064900799923789
60682.2792 lsst_hardware_z 1167.5635247163418 53.14790568903036 30.950000762939453 AB 9.964780298750052 1.0651822874131536
60684.2446 lsst_hardware_r 583.564667191591 33.30698412181382 31.489999771118164 AB 7.416917407189639 1.0690666869214989
60684.2691 lsst_hardware_g 195.78205184203105 19.830178565228675 31.420000076293945 AB 8.418608107592616 1.0636270508645116
60686.2463 lsst_hardware_r 584.770446530153 60.50899413279333 31.6299991607666 AB 6.816599448393973 1.0650936638115582
60686.2692 lsst_hardware_i 1183.6551321506772 57.299549620380446 31.299999237060547 AB 6.554426455241222 1.065587133025724
60688.2251 lsst_hardware_z 1039.6641753997683 75.6842131664538 30.989999771118164 AB 4.755871235088186 1.0764760604545465
60688.2437 lsst_hardware_i 1038.9648970934863 86.22294151869801 31.34000015258789 AB 4.703586210257764 1.0640594688112577
60690.201 lsst_hardware_r 386.60106269791595 117.74310189121353 31.649999618530273 AB 6.6895129715419115 1.1030609236609632
60692.2006 lsst_hardware_y 185.67694430624707 57.44218314570248 30.040000915527344 AB 3.3383531548182277 1.0943626142659373
60692.2205 lsst_hardware_r 515.0243171582242 87.77194074891837 31.649999618530273 AB 3.505928238614669 1.070730399658345
60697.1992 lsst_hardware_r 431.23400983138094 33.97700750753236 31.530000686645508 AB 10.479719100708788 1.0778831679823901
60697.2196 lsst_hardware_i 712.1431334363132 43.257061522021864 31.260000228881836 AB 10.107199045417847 1.0639156889913524
60699.098 lsst_hardware_z 419.0545742562065 51.35225870444763 30.90999984741211 AB 18.67797208978167 1.4374028581704723
60701.1814 lsst_hardware_u 13.292468279288801 4.791204352250267 28.530000686645508 AB 15.150270745909008 1.0863524125848996
60701.1981 lsst_hardware_g 78.01931027796893 17.14547509929187 31.450000762939453 AB 14.916877474977003 1.0691186149419123
60705.1739 lsst_hardware_z 442.25150998470093 46.80911885921236 30.950000762939453 AB 13.376511488323294 1.0818919029701723
60705.1923 lsst_hardware_u 5.046527582102317 4.493323911568566 28.530000686645508 AB 13.143416566904824 1.0660569849058987
60707.1732 lsst_hardware_g 92.03531047790469 17.10039925453127 31.450000762939453 AB 12.112706097823756 1.0764936098314526
60707.1924 lsst_hardware_r 293.9807119498455 29.9216663158123 31.510000228881836 AB 11.89579891992057 1.0638822089988436
60709.1692 lsst_hardware_i 546.7105187632267 39.465699036475414 31.260000228881836 AB 9.919765057800877 1.0750219515362642
60709.1872 lsst_hardware_z 459.2681754855256 46.38126412250157 30.959999084472656 AB 9.697503598639994 1.0638087867600323
60711.1499 lsst_hardware_z 386.3145802250823 46.53078261157041 30.950000762939453 AB 6.932612959736523 1.0924956074596612
60711.1685 lsst_hardware_i 550.8009521108452 39.180688539969594 31.260000228881836 AB 7.339402595045847 1.070820337765662
60713.146 lsst_hardware_z 20.601888466976433 46.310001373291016 30.959999084472656 AB 5.400455632490993 1.0901202326384611
60713.1651 lsst_hardware_g 22.079891086954884 33.040000915527344 31.65999984741211 AB 5.265133284265396 1.0692797084210797
60716.1543 lsst_hardware_z -1.5218207623938076 91.98999786376953 31.739999771118164 AB 3.7335947801148555 1.0712559443697989
60718.1338 lsst_hardware_z -27.967624453335855 84.98999786376953 30.989999771118164 AB 4.37377446355774 1.0880035978999283
60718.1505 lsst_hardware_r -116.92728485780816 125.58000183105469 31.649999618530273 AB 4.294306707446587 1.0699655431534967
60720.1335 lsst_hardware_i 5.721282589461517 84.5199966430664 31.329999923706055 AB 2.013210389962776 1.0812085875201976
60720.1501 lsst_hardware_z 59.49144851100274 72.88999938964844 30.989999771118164 AB 1.9029958466772512 1.0667017077787282
60722.1307 lsst_hardware_i 53.377138013934676 55.939998626708984 31.31999969482422 AB 3.739340736461211 1.0781376462646453
60722.1473 lsst_hardware_z 43.18914808471365 54.63999938964844 30.979999542236328 AB 3.7297343135974987 1.0653847122868558
60724.1285 lsst_hardware_g 90.12737197387793 36.900001525878906 31.670000076293945 AB 6.0072368982240185 1.0747680519246414
60724.1449 lsst_hardware_r 76.0108048860573 44.31999969482422 31.6200008392334 AB 5.947499117207328 1.064207166385641
60727.1182 lsst_hardware_i -14.484497695343027 30.950000762939453 31.25 AB 4.924288240991909 1.0768963932771343
60727.1358 lsst_hardware_r 27.327468840259375 23.139999389648438 31.510000228881836 AB 5.34521096491737 1.064517991519516
60729.1186 lsst_hardware_u -2.648307839913602 2.740000009536743 28.450000762939453 AB 7.068772898856906 1.0714185091293935
60729.1354 lsst_hardware_g 3.834092592419583 14.34000015258789 31.43000030517578 AB 8.46346619627407 1.0631827393095998
60731.1214 lsst_hardware_r 33.00841178043898 22.979999542236328 31.489999771118164 AB 8.191172850590608 1.0660037546317707
60731.1385 lsst_hardware_i 10.46569936305714 30.829999923706055 31.25 AB 9.205987333431203 1.0631493407869739
60733.1182 lsst_hardware_z 36.298467127610486 41.709999084472656 30.950000762939453 AB 7.0533877187385405 1.0649838017119946
60733.1355 lsst_hardware_r 23.19656002226477 23.18000030517578 31.5 AB 8.278173550488003 1.0636566188671104
60736.09 lsst_hardware_i 20.19345901686284 30.81999969482422 31.239999771118164 AB 3.1391623288257304 1.0809787633697419
60736.1075 lsst_hardware_u 2.469143835071647 2.630000114440918 28.3700008392334 AB 3.097453073800748 1.0661265742774488
60742.0961 lsst_hardware_z -132.76776697665443 66.93000030517578 31.709999084472656 AB 10.96200126132483 1.064091174929003
60744.0779 lsst_hardware_r -73.246417554091 73.91000366210938 31.639999389648438 AB 10.813823789738843 1.0712059227081403
60744.0963 lsst_hardware_i -43.30011067686046 61.7599983215332 31.31999969482422 AB 11.883612278822806 1.0629349086603535
60751.0456 lsst_hardware_i -16.518201304133886 50.470001220703125 31.309999465942383 AB 8.820420867093219 1.0853564914748584
60751.0658 lsst_hardware_z 36.706376386639256 53.0099983215332 30.969999313354492 AB 8.730706176074408 1.0665086182408805
60753.0418 lsst_hardware_g 21.464974198520437 14.029999732971191 31.440000534057617 AB 7.974645622244841 1.0831804981146433
60753.0615 lsst_hardware_r 95.90381619505504 35.31999969482422 31.59000015258789 AB 7.880758253544055 1.065915612341257
60755.0442 lsst_hardware_i -16.187247858331713 30.889999389648438 31.260000228881836 AB 4.272468995519202 1.0744295223234508
60755.0646 lsst_hardware_r -25.836556393101507 22.950000762939453 31.520000457763672 AB 4.185340670698378 1.0631461664312682
60757.0411 lsst_hardware_u 2.2267289180312737 2.809999942779541 28.520000457763672 AB 6.642119542543044 1.072289653319116
60757.0614 lsst_hardware_g -14.800799120097402 14.039999961853027 31.43000030517578 AB 6.319189964685552 1.0628823667894514
60761.0326 lsst_hardware_z -56.73595401079314 41.58000183105469 30.959999084472656 AB 5.866093907378723 1.0703248827476077
60761.0507 lsst_hardware_r 22.089927661615654 22.799999237060547 31.510000228881836 AB 6.688974520707285 1.0628667140954067
60763.0317 lsst_hardware_u 1.5674580879331104 2.8299999237060547 28.540000915527344 AB 6.937138925919678 1.0672521424491812
60763.0491 lsst_hardware_g 5.023996110592659 14.069999694824219 31.440000534057617 AB 7.1547336375746635 1.0628999164466506
60766.0213 lsst_hardware_r -15.2806890655735 22.579999923706055 31.489999771118164 AB 3.9112143693383437 1.0686378058301484
60766.0404 lsst_hardware_z 64.8698961259728 41.189998626708984 30.950000762939453 AB 3.9892780647202972 1.0628627170657985
60772.0176 lsst_hardware_i -14.043564890912219 52.400001525878906 31.309999465942383 AB 11.337719820376131 1.0632434967529978
60772.034 lsst_hardware_z -41.27112361554147 53.29999923706055 30.969999313354492 AB 11.360810403896098 1.0653922636935433
60773.9886 lsst_hardware_y -42.42679572972055 55.470001220703125 30.040000915527344 AB 9.901955455905615 1.0782528627119967
60774.0068 lsst_hardware_r -85.53761442301735 78.80999755859375 31.649999618530273 AB 8.591007657189303 1.064758958565942
60776.9851 lsst_hardware_y 1.9505648499197794 56.90999984741211 30.049999237060547 AB 5.817045083323772 1.0735196389007946
60777.0025 lsst_hardware_z 32.87074122043706 63.779998779296875 30.989999771118164 AB 5.216696482855144 1.063546683558643
60780.9822 lsst_hardware_y -86.22592484292952 48.7599983215332 30.040000915527344 AB 15.813497779726282 1.0674578014103357
60780.9996 lsst_hardware_u -5.2171662566317165 5.940000057220459 29.0 AB 15.799156480634606 1.0628724752214076
60782.9798 lsst_hardware_z 69.48385193783922 43.290000915527344 30.950000762939453 AB 11.974888082642408 1.0658082045874602
60782.9967 lsst_hardware_r 8.339113341821395 23.260000228881836 31.510000228881836 AB 11.934655721993918 1.0631736423316482
60784.9785 lsst_hardware_y 32.4893015871192 49.400001525878906 30.049999237060547 AB 9.623781505682123 1.0641459775550612
60784.9949 lsst_hardware_z -22.697373314699643 41.63999938964844 30.950000762939453 AB 9.624056598527446 1.06403913083279
60792.965 lsst_hardware_y -47.399612461948465 66.19999694824219 30.059999465942383 AB 1.0659990334131026 1.062810601608278
60792.9837 lsst_hardware_i 24.2229494506774 30.709999084472656 31.239999771118164 AB 1.1328535529698827 1.069486479084147
61014.3368 lsst_hardware_z -59.55025638899773 61.529998779296875 30.979999542236328 AB 4.3614801948762905 1.072187535102952
61016.3384 lsst_hardware_y 39.921340318056195 54.90999984741211 30.049999237060547 AB 4.657800599746135 1.0671402943459458
61019.3406 lsst_hardware_r -56.903243442331565 56.2599983215332 31.6299991607666 AB 9.55515468397734 1.063229474399923
61021.3423 lsst_hardware_z 32.25168283968066 45.81999969482422 30.959999084472656 AB 12.375783409105864 1.0629376800743677
61023.3293 lsst_hardware_u 1.6757504091669484 3.2899999618530273 28.549999237060547 AB 7.687112366757653 1.0632979274856702
61023.3484 lsst_hardware_y -64.91208486148689 58.349998474121094 30.040000915527344 AB 9.018636083662358 1.0665999744145653
61025.3287 lsst_hardware_i -13.65042359318405 30.760000228881836 31.25 AB 11.248966568390461 1.062816126446534
61025.3473 lsst_hardware_y 51.43146026895207 54.470001220703125 30.049999237060547 AB 11.421599372514338 1.0693200489911834
61027.3069 lsst_hardware_r -17.868261374208313 32.220001220703125 32.25 AB 7.469762522605651 1.0680243812704677
61027.3287 lsst_hardware_y 62.80738012468508 47.47999954223633 30.049999237060547 AB 7.422793738404201 1.0633486320490377
61029.2714 lsst_hardware_u 0.31731778048863357 2.640000104904175 28.3799991607666 AB 4.722375758636414 1.105425037133992
61031.2737 lsst_hardware_r 55.3615309770807 22.790000915527344 31.489999771118164 AB 5.086217311414926 1.0921074263599606
61033.2772 lsst_hardware_z 80.80253268369106 59.13999938964844 31.700000762939453 AB 5.953373052267885 1.0799769709329496
61033.298 lsst_hardware_r 22.741875895218996 22.829999923706055 31.489999771118164 AB 6.48038611665989 1.0643649694769008
61035.2922 lsst_hardware_u 5.411556009143514 3.799999952316284 29.18000030517578 AB 9.055561076542201 1.0644834931870202
61035.313 lsst_hardware_r 42.92993871067024 32.130001068115234 32.2400016784668 AB 9.069487906754459 1.0653066196927514
61037.2818 lsst_hardware_i 3.1462774368621935 30.65999984741211 31.239999771118164 AB 6.557388444707079 1.0667190117055183
61037.3043 lsst_hardware_z 10.571063252512099 41.470001220703125 30.940000534057617 AB 6.64099187507925 1.0640909910397773
61039.2814 lsst_hardware_r -15.068849216442313 22.75 31.489999771118164 AB 9.260617667949555 1.0644388124079949
61039.3018 lsst_hardware_u -5.943208645220477 2.680000066757202 28.420000076293945 AB 9.93905654250187 1.0651842324731606
61041.2867 lsst_hardware_g 5.1127827882265375 40.869998931884766 31.690000534057617 AB 7.519306215370836 1.0628520443231588
61041.3079 lsst_hardware_r -22.61882361228817 27.540000915527344 31.540000915527344 AB 7.625810701869406 1.0727116677337885
61047.2631 lsst_hardware_z 6.553796017958542 59.95000076293945 30.969999313354492 AB 9.945683376191091 1.0634251137333433
61047.2843 lsst_hardware_r -14.679605790933122 75.05999755859375 31.639999389648438 AB 10.08600661079532 1.0673964135245069
61050.2434 lsst_hardware_z -49.40204933290798 44.27000045776367 30.950000762939453 AB 7.635916321593929 1.068470899370645
61050.2655 lsst_hardware_r -43.56602744154705 35.40999984741211 31.59000015258789 AB 7.036919439490693 1.0632598405153466
61057.2041 lsst_hardware_z -7.041141583814914 41.95000076293945 30.940000534057617 AB 3.3611852401940645 1.0899962945175865
61057.2244 lsst_hardware_r 27.740866244232425 23.040000915527344 31.489999771118164 AB 3.5057562415833723 1.0683938160046933
61061.1989 lsst_hardware_r 30.097363217200044 23.239999771118164 31.489999771118164 AB 12.445260181380164 1.0821965375113185
61061.2185 lsst_hardware_i 10.385067580595052 30.959999084472656 31.25 AB 12.586856317920098 1.065584043394813
61063.1889 lsst_hardware_z -4.765347073269138 41.900001525878906 30.940000534057617 AB 9.504220184156434 1.0882694867354656
61063.2097 lsst_hardware_r -7.542416930240986 23.059999465942383 31.489999771118164 AB 9.799089087308017 1.0673420082390508
61065.1935 lsst_hardware_u -3.0127755073895393 2.609999895095825 28.34000015258789 AB 8.324169595717652 1.0759606534890005
