data/validation/pwv_sim_epoch_fit_epoch/32148462.ecsv
# %ECSV 0.9
# ---
# datatype:
# - {name: time, datatype: float64}
# - {name: band, datatype: string}
# - {name: flux, datatype: float64}
# - {name: fluxerr, datatype: float64}
# - {name: zp, datatype: float64}
# - {name: zpsys, datatype: string}
# - {name: pwv, datatype: float64}
# - {name: airmass, datatype: float64}
# meta: {SNID: '32148462', alt: 1024.0, c: -0.04428642615675926, dec: -33.868706, lat: -30.244573, lon: -70.7499537, ra: 55.371094, t0: 62060.39453125,
#   x0: 4.960858083569914e-06, x1: -0.24265716969966888, z: 0.6152915954589844}
# schema: astropy-2.0
time band flux fluxerr zp zpsys pwv airmass
[from data line 132]
62420.1926 lsst_hardware_r -21.559106832390654 22.3799991607666 31.459999084472656 AB 4.527309124192361 1.1718660373233032
62420.2111 lsst_hardware_i -32.17311589977916 30.540000915527344 31.239999771118164 AB 4.001182368195279 1.1114395467209106
62423.1781 lsst_hardware_g -44.91450928961612 21.219999313354492 31.510000228881836 AB 9.585940675833509 1.1965972632422304
62423.1951 lsst_hardware_r 13.797816466401022 25.979999542236328 31.5 AB 9.156304929222753 1.1348915380793458
62427.2146 lsst_hardware_z -9.9295157154273 69.27999877929688 31.719999313354492 AB 5.332220691277012 1.0582427568894002
62429.2071 lsst_hardware_r 78.73479867174946 75.01000213623047 31.639999389648438 AB 2.3495437255654323 1.0622207251171756
62429.2262 lsst_hardware_i 96.41189344754329 60.189998626708984 31.31999969482422 AB 1.1544749141676993 1.0307044840423831
62433.1861 lsst_hardware_i -63.41707307561763 68.18000030517578 31.329999923706055 AB 2.6717228929745005 1.0841931187890672
62433.2044 lsst_hardware_z -141.86164629677003 61.040000915527344 30.989999771118164 AB 2.549701016597635 1.047105140286503
62435.1847 lsst_hardware_i -115.25216640724238 52.470001220703125 31.309999465942383 AB 1.3808467874847596 1.0748677639995534
62435.2025 lsst_hardware_z -75.46543731275632 52.0099983215332 30.969999313354492 AB 1.3495221890168472 1.0412979853528381
62438.191 lsst_hardware_i 7.245765909043246 33.5 31.270000457763672 AB 2.1634901053778544 1.046681231435827
62438.2108 lsst_hardware_r 29.551979491019097 29.889999389648438 31.56999969482422 AB 3.3569425527205436 1.0198822885372423
62440.1871 lsst_hardware_u -4.568276080508139 2.640000104904175 28.43000030517578 AB 3.526434074647852 1.0440959510430354
62440.2058 lsst_hardware_g 1.1389754640351377 13.100000381469727 31.399999618530273 AB 3.3880052532996134 1.0194088320446055
62442.1222 lsst_hardware_z 81.74541843344991 43.150001525878906 30.93000030517578 AB 6.871040942582505 1.2136074670440828
62442.1446 lsst_hardware_r 2.6538492331711176 22.219999313354492 31.459999084472656 AB 4.409171831488777 1.1305568798689172
62454.1262 lsst_hardware_i 56.269869957977676 37.119998931884766 31.270000457763672 AB 5.43021995616532 1.0904238604056935
62454.145 lsst_hardware_z 46.948375879060976 43.95000076293945 30.959999084472656 AB 5.251970543714901 1.050674288553261
62458.1221 lsst_hardware_y -100.23110760172476 51.4900016784668 30.040000915527344 AB 5.943852995047519 1.0744330186120894
62458.1391 lsst_hardware_r -7.170728481641717 69.87999725341797 31.649999618530273 AB 4.861586435451474 1.0422524247939704
62460.113 lsst_hardware_z 185.4812359698397 92.23999786376953 31.729999542236328 AB 6.265228882432424 1.0827320284165598
62463.1101 lsst_hardware_i 37.9711607727222 61.709999084472656 31.31999969482422 AB 7.32880919476582 1.0708371120347486
62463.1274 lsst_hardware_z 4.779215118250736 57.45000076293945 30.979999542236328 AB 6.858805193032148 1.039212908035174
62466.1092 lsst_hardware_g -15.193876209488872 12.960000038146973 31.3799991607666 AB 3.8278327094270113 1.056196654704934
62466.1252 lsst_hardware_r -4.942534405382972 21.540000915527344 31.479999542236328 AB 5.368031327569081 1.0306785057493555
62468.128 lsst_hardware_r -49.097796578165784 21.690000534057617 31.489999771118164 AB 4.3584686951100675 1.0208182754235806
62468.145 lsst_hardware_i -18.067370354075905 29.530000686645508 31.25 AB 4.323996141892361 1.0071419585153016
62473.0365 lsst_hardware_z -69.10459999816212 45.33000183105469 30.93000030517578 AB 8.175880378591922 1.218245914431691
62473.0536 lsst_hardware_i -89.35202869983387 30.81999969482422 31.229999542236328 AB 7.64084117924012 1.1513955739771276
62477.0382 lsst_hardware_y 6.82909157304733 50.439998626708984 30.0 AB 6.311265555627682 1.1673117550481202
62477.0557 lsst_hardware_r 43.005016267130934 21.920000076293945 31.469999313354492 AB 5.024138468341789 1.1107978041878817
62483.043 lsst_hardware_y -7.365650913987016 50.970001220703125 30.040000915527344 AB 12.421807900939548 1.1007361897153904
62483.0656 lsst_hardware_r 18.05182807083548 33.060001373291016 31.579999923706055 AB 12.075638224323724 1.0510608603293345
62487.0423 lsst_hardware_y 141.44317998724762 53.939998626708984 30.040000915527344 AB 11.749396410140493 1.075804276897897
62487.0638 lsst_hardware_z -70.04764341179562 52.970001220703125 30.979999542236328 AB 11.306744238938416 1.0363335283619481
62491.0443 lsst_hardware_y -113.5075437082315 56.04999923706055 30.049999237060547 AB 4.609684038964592 1.0501017230970677
62491.0667 lsst_hardware_i -6.431532116752398 66.08999633789062 31.329999923706055 AB 4.4118620011538345 1.0192588659245867
62493.043 lsst_hardware_y 104.87696538307631 53.18000030517578 30.049999237060547 AB 5.103840965003822 1.0431080912892303
62493.066 lsst_hardware_g -31.487214562812113 42.40999984741211 31.700000762939453 AB 4.9610279879909465 1.014767256262424
62495.0443 lsst_hardware_y 17.5911763235246 52.810001373291016 30.059999465942383 AB 7.372544650821187 1.0330033138323684
62495.066 lsst_hardware_i -7.38560160030618 29.520000457763672 31.25 AB 7.230187622611768 1.010461328045994
