data/validation/pwv_sim_epoch_fit_epoch/3254508.ecsv
# %ECSV 0.9
# ---
# datatype:
# - {name: time, datatype: float64}
# - {name: band, datatype: string}
# - {name: flux, datatype: float64}
# - {name: fluxerr, datatype: float64}
# - {name: zp, datatype: float64}
# - {name: zpsys, datatype: string}
# - {name: pwv, datatype: float64}
# - {name: airmass, datatype: float64}
# meta: {SNID: '3254508', alt: 1024.0, c: -0.06903883069753647, dec: -28.971533, lat: -30.244573, lon: -70.7499537, ra: 102.832031, t0: 62168.76953125,
#   x0: 2.5394551975329015e-06, x1: 0.5907273888587952, z: 0.8083126544952393}
# schema: astropy-2.0
time band flux fluxerr zp zpsys pwv airmass
[from data line 132]
62465.2027 lsst_hardware_z 24.811121938728608 56.79999923706055 30.959999084472656 AB 6.949129002474573 1.1741368594195443
62468.2019 lsst_hardware_u -6.064224081337008 3.809999942779541 28.639999389648438 AB 3.715460260351443 1.1468649841603382
62468.2181 lsst_hardware_g 14.245721792936354 26.850000381469727 31.610000610351562 AB 4.234143489585489 1.0970704727516019
62473.2053 lsst_hardware_r -27.051358850874788 21.889999389648438 31.479999542236328 AB 6.985903292340803 1.0947999040240775
62473.2217 lsst_hardware_i -22.90574847894244 29.93000030517578 31.25 AB 6.659563259097266 1.057062119065019
62479.1462 lsst_hardware_g 9.959376555808223 18.649999618530273 32.08000183105469 AB 6.884295572687671 1.2562010077437236
62479.1684 lsst_hardware_i -34.39928659813902 43.63999938964844 31.979999542236328 AB 6.9953567048778025 1.1592752545682004
62485.1287 lsst_hardware_z 103.58796363746328 48.619998931884766 30.940000534057617 AB 9.939937146724356 1.2619864830747443
62485.1511 lsst_hardware_r -3.646943065448644 42.47999954223633 31.579999923706055 AB 9.147967753774866 1.1626742381920359
62487.1269 lsst_hardware_i 30.525406153434584 50.72999954223633 31.270000457763672 AB 11.680917241421628 1.2434003379436143
62487.1496 lsst_hardware_z -44.634901840013725 51.15999984741211 30.950000762939453 AB 10.779658447704628 1.1483501386875188
62489.1343 lsst_hardware_r -33.2621858760362 83.20999908447266 31.6200008392334 AB 4.062149497183064 1.1855963508742982
62489.1576 lsst_hardware_z 67.55904389765857 59.86000061035156 30.969999313354492 AB 3.8592437548318768 1.1058005028166649
62491.1315 lsst_hardware_z 55.00675956599134 70.12000274658203 30.969999313354492 AB 4.878174182475138 1.174968189913925
62491.1529 lsst_hardware_i 39.52928876436022 77.86000061035156 31.31999969482422 AB 4.577428842951849 1.1036597571915248
62493.1355 lsst_hardware_z -34.913755268982264 63.83000183105469 30.979999542236328 AB 5.425859986111821 1.140485546213482
62493.1569 lsst_hardware_r 142.547351576404 84.05999755859375 31.649999618530273 AB 5.1370111046254605 1.0792040135767775
62495.1363 lsst_hardware_u 12.527113782347016 8.449999809265137 29.1299991607666 AB 7.138549425166851 1.1202996586890306
62495.1594 lsst_hardware_g -50.93946222411667 55.43000030517578 31.709999084472656 AB 6.776990917727657 1.061558727714232
62497.1633 lsst_hardware_i 19.356757964140378 34.70000076293945 31.270000457763672 AB 5.10427132442121 1.0439783861371803
62497.1856 lsst_hardware_z -76.01774137047421 43.470001220703125 30.959999084472656 AB 5.628645022524271 1.0146273136591746
62499.1573 lsst_hardware_r -24.924724116896954 21.920000076293945 31.479999542236328 AB 7.414453048426249 1.0449023673648266
62499.1814 lsst_hardware_g -16.461221819022125 13.199999809265137 31.40999984741211 AB 7.176319133825433 1.0134612531881257
62501.1386 lsst_hardware_u 2.6729849904546987 2.700000047683716 28.469999313354492 AB 7.182615969490682 1.071033136177548
62501.1608 lsst_hardware_r -16.617574572945554 21.829999923706055 31.5 AB 6.920169186879743 1.0308992867126086
62503.035 lsst_hardware_y 42.52813543514268 89.9000015258789 29.8700008392334 AB 11.013779113889452 1.5951210457501377
62503.0562 lsst_hardware_u 0.29780116726389977 2.7200000286102295 28.170000076293945 AB 9.67727182329851 1.407944494175342
62507.0555 lsst_hardware_y 91.33160252663829 50.650001525878906 29.950000762939453 AB 13.167273890708579 1.33768444538184
62507.0794 lsst_hardware_r 2.49562521518147 22.530000686645508 31.450000762939453 AB 11.931430949079441 1.2100842747545073
62509.0375 lsst_hardware_z -33.618981749175894 70.93000030517578 30.940000534057617 AB 13.969586310382471 1.425467990855354
62509.0598 lsst_hardware_g -7.4925480981304515 14.40999984741211 31.360000610351562 AB 10.338081888341874 1.2800200443684715
62510.1295 lsst_hardware_r -20.66420921257101 21.799999237060547 31.489999771118164 AB 6.6633117380215765 1.0411424590658713
62510.1466 lsst_hardware_g -3.21713146904598 13.0600004196167 31.399999618530273 AB 6.516078720854776 1.0181373001335587
62512.035 lsst_hardware_y 108.99144687639384 87.68000030517578 29.950000762939453 AB 9.270549639881523 1.3835264610309712
62512.0521 lsst_hardware_r 10.777060083066157 29.780000686645508 31.510000228881836 AB 7.919472714504538 1.2773343087910545
62519.0558 lsst_hardware_y -184.31829904329632 80.05999755859375 30.760000228881836 AB 4.570960363654046 1.1720411188856528
62523.0357 lsst_hardware_y 46.48641768985422 66.44000244140625 30.010000228881836 AB 11.096973427783182 1.210138868896744
62523.0532 lsst_hardware_z -73.00510677842128 51.25 30.959999084472656 AB 12.33142799452156 1.141798888381626
62525.0349 lsst_hardware_y -111.03587804495938 68.7699966430664 30.010000228881836 AB 17.45777498283816 1.1901337866442718
62525.0516 lsst_hardware_u 3.0273733364145237 2.8299999237060547 28.389999389648438 AB 14.653220853795919 1.1290380902104187
62527.0341 lsst_hardware_y 60.22356423843264 66.08000183105469 30.010000228881836 AB 12.638946834079107 1.171484111727784
62527.0517 lsst_hardware_i -19.47160935544566 30.969999313354492 31.229999542236328 AB 13.288506498271772 1.111977894474777
62529.0337 lsst_hardware_y -111.57328350528978 66.05999755859375 30.020000457763672 AB 12.77048744058707 1.1526751006938414
62529.0518 lsst_hardware_r 23.294482232268344 22.219999313354492 31.469999313354492 AB 12.785747137438344 1.0963910650940363
62531.0342 lsst_hardware_y -37.73576657497109 61.209999084472656 30.030000686645508 AB 12.257216829891158 1.1323238383862253
62531.0532 lsst_hardware_g -12.117628985322304 13.149999618530273 31.3799991607666 AB 12.039878629376032 1.0790677826346038
62533.034 lsst_hardware_z -9.132463990334847 50.47999954223633 30.959999084472656 AB 9.47438448477912 1.1158806295011037
62533.0523 lsst_hardware_i 35.39935692080607 30.149999618530273 31.25 AB 8.678010575859346 1.0686547104069142
62535.032 lsst_hardware_y -30.00086227324018 60.95000076293945 30.049999237060547 AB 7.715886159211304 1.105797471821235
62535.0497 lsst_hardware_r 19.06254614589682 22.110000610351562 31.5 AB 8.211941904842375 1.062553135128728
62537.0323 lsst_hardware_y -44.984802459793194 55.88999938964844 30.040000915527344 AB 6.059921803063271 1.0902408041493141
62537.0512 lsst_hardware_r -26.44215864311592 21.950000762939453 31.489999771118164 AB 6.294666645106456 1.0490382576387398
62539.0315 lsst_hardware_y 33.05529150008869 53.959999084472656 30.040000915527344 AB 5.163046019373652 1.0787246841208988
62539.0499 lsst_hardware_z 15.806252552278787 40.689998626708984 30.940000534057617 AB 6.480252050655327 1.0418272076722435
62543.0316 lsst_hardware_y -55.1810902935905 52.97999954223633 30.049999237060547 AB 0.5512652012102127 1.0550530166701853
62543.0499 lsst_hardware_r -47.74809082047189 33.2599983215332 31.579999923706055 AB 1.0375413691591024 1.0258298121372027
62548.0274 lsst_hardware_y -28.348214535321855 56.04999923706055 30.059999465942383 AB 2.8708377741565636 1.038465463612401
62548.0466 lsst_hardware_z -7.949708928489037 59.33000183105469 30.989999771118164 AB 2.434527708611164 1.0143865452546517
