data/validation/pwv_sim_epoch_fit_epoch/32626390.ecsv
# %ECSV 0.9
# ---
# datatype:
# - {name: time, datatype: float64}
# - {name: band, datatype: string}
# - {name: flux, datatype: float64}
# - {name: fluxerr, datatype: float64}
# - {name: zp, datatype: float64}
# - {name: zpsys, datatype: string}
# - {name: pwv, datatype: float64}
# - {name: airmass, datatype: float64}
# meta: {SNID: '32626390', alt: 1024.0, c: 0.15311013162136078, dec: -37.732746, lat: -30.244573, lon: -70.7499537, ra: 178.945312, t0: 62624.05859375,
#   x0: 5.1260056708344555e-06, x1: 0.5812565088272095, z: 0.6072143316268921}
# schema: astropy-2.0
time band flux fluxerr zp zpsys pwv airmass
62505.2689 lsst_hardware_z -22.74989679870037 45.33000183105469 30.920000076293945 AB 3.7020711446773085 1.3273829848251375
62505.2911 lsst_hardware_r 23.86632146463127 23.649999618530273 31.469999313354492 AB 3.178388592701965 1.2178122900610995
62507.2673 lsst_hardware_u 1.5588997489918535 2.5899999141693115 28.25 AB 9.699528560425632 1.3058062143814821
62507.2894 lsst_hardware_g 17.745419890073233 14.109999656677246 31.3700008392334 AB 9.083743177752048 1.202401585477239
62510.3027 lsst_hardware_g -12.55807662693736 14.109999656677246 31.40999984741211 AB 8.52543290148808 1.128635830082817
62510.3203 lsst_hardware_r 53.082723884011685 23.0 31.5 AB 8.096086867551415 1.083753052714786
62517.295 lsst_hardware_g 5.248569063987833 14.460000038146973 31.420000076293945 AB 6.465701596685166 1.0981150809587577
62517.3121 lsst_hardware_r -7.660805361114663 22.700000762939453 31.489999771118164 AB 6.141768670542676 1.0619007859161749
62519.3605 lsst_hardware_y -57.59593295416918 75.12000274658203 30.809999465942383 AB 6.758872052330764 1.0096533670434713
62523.3072 lsst_hardware_r -18.015321001058965 77.7699966430664 31.649999618530273 AB 9.89397698020441 1.0433382874833335
62523.3257 lsst_hardware_i -72.79289141624857 63.459999084472656 31.329999923706055 AB 9.629054676664785 1.0221926408349071
62523.369 lsst_hardware_z -14.505197798297084 62.2400016784668 30.989999771118164 AB 9.034099290516648 1.0111477184528148
62531.3449 lsst_hardware_g 5.644019510659583 13.920000076293945 31.420000076293945 AB 11.473965033422138 1.0104398077354158
62531.3565 lsst_hardware_r 6.840927233528598 22.469999313354492 31.489999771118164 AB 11.563823027749445 1.0155953916126477
62533.3425 lsst_hardware_i 4.171729716313943 30.030000686645508 31.260000228881836 AB 11.83513942895294 1.0114351152819856
62535.344 lsst_hardware_r 6.02581307349111 22.100000381469727 31.5 AB 10.825535159754077 1.0146719617353102
62535.3549 lsst_hardware_g 12.139157826970747 13.539999961853027 31.420000076293945 AB 10.879767703124854 1.0225025252772284
62537.34 lsst_hardware_r 18.04341077296807 31.030000686645508 32.22999954223633 AB 7.103592560047688 1.0155243116579968
62537.3527 lsst_hardware_i -23.103168843954982 42.18000030517578 31.989999771118164 AB 7.131169892140725 1.0255142753393192
62539.3372 lsst_hardware_z 1.4700612518281497 40.369998931884766 30.940000534057617 AB 4.8730519043485705 1.0172324192356978
62539.3493 lsst_hardware_i -6.520702191615755 29.790000915527344 31.239999771118164 AB 4.8828019897215365 1.0275797316192008
62543.3014 lsst_hardware_g 9.427249256858678 13.380000114440918 31.420000076293945 AB 3.8947423479383874 1.0090006082741936
62543.3124 lsst_hardware_r -0.287202422947768 22.0 31.489999771118164 AB 3.8081330287936104 1.0105169241856469
62557.2662 lsst_hardware_i -18.45492898618616 34.16999816894531 31.270000457763672 AB 8.919155249393283 1.0090873889155751
62557.2772 lsst_hardware_z 28.59968032535466 42.349998474121094 30.950000762939453 AB 8.906456653611489 1.0115226182409411
62559.2725 lsst_hardware_r -25.175406957161705 22.829999923706055 31.5 AB 5.9724091770354635 1.0118154241645805
62559.2844 lsst_hardware_g 14.379775354482613 15.029999732971191 31.469999313354492 AB 6.030930802477363 1.018508917328985
62561.139 lsst_hardware_r -4.093064519636469 23.059999465942383 31.459999084472656 AB 4.938446026220829 1.21452130005021
62561.1589 lsst_hardware_i 16.23733983724371 31.049999237060547 31.229999542236328 AB 4.619967735221967 1.1424252559896062
62561.2696 lsst_hardware_r -37.70817837525167 22.09000015258789 31.5 AB 3.937638269456794 1.012919017202545
62561.2815 lsst_hardware_i -54.835854228433924 29.850000381469727 31.25 AB 3.962256790832333 1.0204769276498187
62566.109 lsst_hardware_r 17.897960991427997 23.420000076293945 31.440000534057617 AB 9.354454148658379 1.290981803568642
62566.1287 lsst_hardware_u -2.800081697493106 2.5399999618530273 28.260000228881836 AB 9.153656578564034 1.2008995380107623
62566.2564 lsst_hardware_r 1.4750131764356507 22.059999465942383 31.489999771118164 AB 7.875085284943864 1.0131333185313056
62566.2691 lsst_hardware_u 1.100601791274251 2.5399999618530273 28.34000015258789 AB 7.960103612216099 1.0215083236722617
62568.1091 lsst_hardware_g -4.556672222115776 13.8100004196167 31.34000015258789 AB 13.017446468039953 1.2629918469662476
62568.1289 lsst_hardware_r 37.491206065645066 23.149999618530273 31.479999542236328 AB 13.496834257083313 1.1793121329076064
62568.257 lsst_hardware_g -17.81633228763393 13.489999771118164 31.40999984741211 AB 10.063908599920673 1.0165564242344114
62568.2691 lsst_hardware_r 16.310537459466396 22.18000030517578 31.489999771118164 AB 10.162770358964515 1.0265424605014661
62571.25 lsst_hardware_i 21.899053993870865 30.020000457763672 31.25 AB 9.054432419577672 1.0173519572559182
62571.2615 lsst_hardware_z -23.49044035719891 40.70000076293945 30.950000762939453 AB 9.051247201348488 1.0271404455641577
62575.1064 lsst_hardware_r 100.86970659213645 47.66999816894531 31.59000015258789 AB 10.811654691685773 1.1920236705276823
62575.1269 lsst_hardware_i -27.21616127096892 43.279998779296875 31.290000915527344 AB 11.07112938346256 1.1238584289374236
62578.0923 lsst_hardware_z -67.80277397846852 68.30999755859375 30.959999084472656 AB 9.733585583703478 1.2157104332359308
62578.1093 lsst_hardware_i 95.55239498164278 75.05999755859375 31.309999465942383 AB 9.29499305980441 1.1526171757825145
62578.2161 lsst_hardware_z 63.09231210115539 65.0999984741211 30.989999771118164 AB 5.960865128161859 1.0103161234172642
62578.2302 lsst_hardware_i -42.82018220994708 74.30000305175781 31.34000015258789 AB 5.999645696914335 1.0168891011719212
62582.0884 lsst_hardware_r -53.61772190059606 90.5999984741211 31.6200008392334 AB 6.192703056021587 1.1877826972741126
62582.1052 lsst_hardware_i -21.699848261371248 73.80999755859375 31.31999969482422 AB 5.95740668011628 1.1313679838164519
62582.2013 lsst_hardware_y 11.448318276978103 54.16999816894531 30.06999969482422 AB 4.796714081361836 1.0094803398165637
62582.2142 lsst_hardware_r -14.203380340381274 87.0199966430664 31.65999984741211 AB 5.906688369204463 1.0138787073445164
62584.2019 lsst_hardware_i -13.592283486055392 44.959999084472656 31.299999237060547 AB 5.981913384765561 1.0109706582331388
62584.2144 lsst_hardware_z -26.277582583690275 47.97999954223633 30.959999084472656 AB 6.013491895734894 1.017281813871923
62587.0794 lsst_hardware_g 7.146955873897791 13.859999656677246 31.3700008392334 AB 7.299683850844804 1.1707592383071057
62587.0979 lsst_hardware_r -26.084039082564733 22.84000015258789 31.479999542236328 AB 7.164340570586705 1.1134549920613526
62594.0753 lsst_hardware_g -7.721770415948166 14.003943905261275 31.389999389648438 AB 7.003770639921324 1.1230740653311404
62594.0937 lsst_hardware_r -7.309872960340443 22.87354611768568 31.479999542236328 AB 7.542894576075457 1.0778771647860137
62594.1927 lsst_hardware_u -1.4881119953049673 2.632460817188134 28.399999618530273 AB 6.403783520000052 1.0215543209614035
62594.2045 lsst_hardware_g 5.966327372222528 13.807920275320262 31.40999984741211 AB 6.598276010592269 1.033564538000042
62596.1377 lsst_hardware_g 12.437019784934781 13.955180586064442 31.420000076293945 AB 7.116574455058824 1.0142627314271897
62596.1507 lsst_hardware_r -34.31974155600636 22.838747700557725 31.510000228881836 AB 7.094038948194913 1.0095880856064867
62598.1387 lsst_hardware_i 110.3189548639112 31.179333351248612 31.25 AB 10.295895342543481 1.0113514956167264
62598.1514 lsst_hardware_z 37.57496042824538 41.333006813373515 30.950000762939453 AB 10.298611639425 1.0090083252212605
62600.1401 lsst_hardware_r 149.948323558848 24.972576315849643 31.489999771118164 AB 6.97990771129982 1.0095325009111686
62600.152 lsst_hardware_g 11.51294587010244 14.605874355628794 31.43000030517578 AB 7.0076618215395365 1.0094586317400658
62604.0734 lsst_hardware_z 615.6388137083205 71.74639410197189 31.719999313354492 AB 8.09849986192996 1.0640520118157877
62606.0751 lsst_hardware_z 520.5525494752519 63.166874862829566 30.989999771118164 AB 11.463315986442502 1.05168036572867
62606.0928 lsst_hardware_r 741.2755665798841 80.32214769259173 31.65999984741211 AB 10.666268486863904 1.0282309898086202
62608.062 lsst_hardware_r 717.3179516899482 123.0082654532997 31.65999984741211 AB 15.572275350688727 1.0649408692456046
62608.0807 lsst_hardware_y 341.67148875928166 63.515184678782354 30.06999969482422 AB 15.137995830006373 1.0358793706808493
62608.1295 lsst_hardware_r 860.436857358567 125.87654724223626 31.670000076293945 AB 14.744759826568938 1.009361981555924
62608.141 lsst_hardware_i 823.9502566372939 100.92018796523543 31.350000381469727 AB 14.842918525198376 1.0127997901923107
62611.9901 lsst_hardware_z 1879.7577361533647 75.3246143260103 31.690000534057617 AB 9.078118309767987 1.2575312799235332
62615.9799 lsst_hardware_y 429.46814082654964 53.077928912962264 29.969999313354492 AB 17.218180542618995 1.2541086748734647
62615.9987 lsst_hardware_i 1373.2624374470372 48.40897846875337 31.229999542236328 AB 16.074282658800723 1.1761885394587015
62616.1223 lsst_hardware_r 1408.84808996504 44.189397072307486 31.5 AB 13.69585586327852 1.0143826093034332
62616.135 lsst_hardware_i 1452.5899800207058 48.026547598927124 31.260000228881836 AB 14.52814540369517 1.0236374703153157
62618.1009 lsst_hardware_z 1175.4901321124223 52.93394585525075 30.950000762939453 AB 4.505849846237978 1.0092054081948547
62618.113 lsst_hardware_i 1568.0958379863264 49.16451098708504 31.260000228881836 AB 4.475453127453102 1.0124886889776052
62622.9739 lsst_hardware_z 1350.817907247409 56.52417044883618 30.940000534057617 AB 10.995694521313581 1.1976141288099311
62622.9939 lsst_hardware_u 1.1738435546631927 2.837452506666094 28.479999542236328 AB 10.372980867115114 1.1294622024297305
62626.9713 lsst_hardware_y 502.19197455019076 54.244932858915845 30.010000228881836 AB 8.214514724616535 1.1668344779284852
62626.9897 lsst_hardware_z 1353.9678260600165 55.07740262376857 30.940000534057617 AB 8.036243990102898 1.11074554113378
62631.0922 lsst_hardware_z 1341.5874293933553 54.67454689700302 30.950000762939453 AB 7.735063893297885 1.0220075171167187
62631.1035 lsst_hardware_i 1437.7063773291368 50.27446212814353 31.270000457763672 AB 7.751496197470426 1.0336017331115976
62637.077 lsst_hardware_r 1239.391347044396 113.2845655726953 31.65999984741211 AB 5.187857695091947 1.02304430981896
62637.0896 lsst_hardware_i 1128.9480523182401 92.35731018283391 31.34000015258789 AB 5.543062885518422 1.0366678297209235
62644.0218 lsst_hardware_u 0.2410205740643898 2.7102757490027045 28.469999313354492 AB 1.3329088478985305 1.0092696980551081
62644.0339 lsst_hardware_r 624.6448798064057 34.10167276165436 31.5 AB 1.4380160545132619 1.009842734910705
62652.0167 lsst_hardware_i 1287.5637037306506 54.44030574406854 32.0 AB 8.92479856074863 1.011136754177605
62652.0288 lsst_hardware_z 1279.6094888033133 68.12107100702396 31.700000762939453 AB 9.024812857504132 1.0173388408865167
62655.0149 lsst_hardware_r 267.384742109122 27.93992039140568 31.489999771118164 AB 9.078203065687699 1.01389954663551
62655.0264 lsst_hardware_i 586.9384149121784 37.41586209291969 31.239999771118164 AB 9.23009070760829 1.0217812591448292
62868.2655 lsst_hardware_r 2.5590424041668642 24.309999465942383 31.43000030517578 AB 6.687173863253826 1.3861342907318095
62868.2889 lsst_hardware_g 21.855358353382243 14.300000190734863 31.360000610351562 AB 6.1584913832439545 1.2551273199546102
62879.3071 lsst_hardware_r 48.18696759498739 69.0199966430664 31.639999389648438 AB 6.010675973244316 1.090487454136217
62879.3263 lsst_hardware_y -61.85068029607428 51.66999816894531 30.059999465942383 AB 5.819409777467717 1.0527787090636889
62885.3636 lsst_hardware_r -24.681081639007765 25.1200008392334 31.540000915527344 AB 6.251904279237337 1.0090497827955351
62891.3531 lsst_hardware_r 0.11903403719712585 22.40999984741211 31.510000228881836 AB 9.830808932016593 1.0092369508443761
62891.3658 lsst_hardware_y -70.90396923242935 49.7599983215332 30.059999465942383 AB 9.668973688653132 1.0128999062753172
62895.3454 lsst_hardware_g -8.402071063845357 13.75 31.450000762939453 AB 11.693670731965268 1.0097434610605398
62895.3569 lsst_hardware_r 11.612637071695989 22.43000030517578 31.510000228881836 AB 11.690239629140862 1.013897626118028
62897.2348 lsst_hardware_z -37.53674224260021 42.849998474121094 30.940000534057617 AB 12.316127218904592 1.1552145340393252
62897.2531 lsst_hardware_r -49.48063961891072 22.790000915527344 31.5 AB 12.652780710470726 1.1021986027777484
62897.3476 lsst_hardware_i -7.456995204059348 29.969999313354492 31.260000228881836 AB 11.733623306669546 1.0121009177690867
62897.3589 lsst_hardware_z -21.75164847157086 40.869998931884766 30.959999084472656 AB 11.856271889241508 1.018580059213188
62908.1961 lsst_hardware_r -212.9417029640715 86.6500015258789 31.6200008392334 AB 3.2017033325425532 1.1858160490898344
62908.2227 lsst_hardware_z -8.135459745180166 64.76000213623047 30.979999542236328 AB 4.091403119071791 1.1031261920340916
62910.2968 lsst_hardware_r -33.10712397943054 54.84000015258789 31.649999618530273 AB 5.751367415445347 1.0090118272711135
62910.3077 lsst_hardware_i 48.66514627868827 48.7599983215332 31.31999969482422 AB 5.760123444075398 1.0105479726448066
62912.2937 lsst_hardware_z -44.10764724178108 59.81999969482422 31.709999084472656 AB 4.038369710961509 1.009066872077853
62914.2801 lsst_hardware_g 9.684789614737147 14.489999771118164 31.450000762939453 AB 4.450331544684071 1.009527004465181
62914.2916 lsst_hardware_r -20.78994006711626 22.8700008392334 31.5 AB 4.501127360266786 1.009409985483114
62917.215 lsst_hardware_r 49.450869920388136 22.389999389648438 31.5 AB 3.518012674506368 1.0660644468201115
62917.2361 lsst_hardware_u -4.287897144532658 2.75 28.520000457763672 AB 3.4111195844116833 1.0336726013368738
62917.2747 lsst_hardware_r -0.372786455969243 22.110000610351562 31.510000228881836 AB 2.731135091047546 1.0091643395914074
62917.2865 lsst_hardware_i 34.61940035284429 29.860000610351562 31.260000228881836 AB 2.7625207773630427 1.010000893557873
62919.2152 lsst_hardware_g 15.654837619351754 13.5600004196167 31.420000076293945 AB 8.553066436229185 1.0559341279295291
62919.2345 lsst_hardware_i -4.616174322722446 29.989999771118164 31.260000228881836 AB 8.337128045975636 1.0292750674043996
62921.1181 lsst_hardware_r 19.429585331629752 23.639999389648438 31.440000534057617 AB 10.977139245095842 1.4042499967075326
62921.208 lsst_hardware_u 3.2525927682454663 3.7799999713897705 29.15999984741211 AB 10.30957582950649 1.0589310104774277
62921.2884 lsst_hardware_g -17.35361836531671 13.40999984741211 31.40999984741211 AB 10.029417974799644 1.0152859828885847
62923.2183 lsst_hardware_u 1.616272127065726 2.7300000190734863 28.489999771118164 AB 5.702834054297736 1.0354042523008473
62923.2394 lsst_hardware_g -11.180995366296397 13.539999961853027 31.420000076293945 AB 5.598768733647167 1.0158646547079655
62927.1119 lsst_hardware_r -20.610996216458872 51.130001068115234 32.279998779296875 AB 3.909543317311853 1.3394963398738646
62927.1788 lsst_hardware_g 19.33424624578648 46.77000045776367 32.72999954223633 AB 4.218211561319988 1.0842802402501897
62927.2808 lsst_hardware_r -14.626993709834384 22.209999084472656 31.5 AB 3.4894027931128795 1.021587623630198
62932.2534 lsst_hardware_z -63.32823141202043 58.0099983215332 30.989999771118164 AB 9.800273197779116 1.0126951784080556
62932.2661 lsst_hardware_i -7.557534040235234 63.04999923706055 31.329999923706055 AB 9.899531801709024 1.020719362969749
62935.2602 lsst_hardware_z -188.91156386967256 110.77999877929688 31.75 AB 9.687914210581805 1.0226600385909508
62950.2043 lsst_hardware_r 7.879389917173854 22.649999618530273 31.520000457763672 AB 7.014343577850313 1.0127187984624355
62950.2161 lsst_hardware_i -18.351267012522634 30.360000610351562 31.270000457763672 AB 7.147489012053171 1.0200376778811873
62952.1921 lsst_hardware_z 41.79840139192627 40.7599983215332 30.959999084472656 AB 6.816471368612311 1.0102966308896422
62952.2025 lsst_hardware_u -2.7436549143497855 2.8499999046325684 28.579999923706055 AB 6.894998453315093 1.014567164996335
62954.0796 lsst_hardware_r 30.383190197326545 24.510000228881836 31.510000228881836 AB 7.791745011377453 1.1538197854845749
62954.0968 lsst_hardware_i 11.132070988312117 31.56999969482422 31.260000228881836 AB 7.600326125851848 1.1039096758641695
62954.191 lsst_hardware_g 12.11784918811102 14.109999656677246 31.469999313354492 AB 6.654756889138547 1.0117199953081457
62954.2026 lsst_hardware_r 2.4163434695381527 22.780000686645508 31.520000457763672 AB 6.680772667123199 1.0181000711861097
62958.0854 lsst_hardware_z 137.9796603693091 66.48999786376953 31.709999084472656 AB 9.545347173560955 1.105126640964941
62965.0665 lsst_hardware_z -169.51940267234866 73.80999755859375 30.989999771118164 AB 8.465720232215048 1.104584568735246
62965.084 lsst_hardware_r -88.1629212909754 105.69999694824219 31.65999984741211 AB 7.558237807822498 1.0659668299587473
62965.1824 lsst_hardware_z -34.72198067721023 102.11000061035156 31.75 AB 8.178123258718136 1.0265319306766418
62970.1313 lsst_hardware_i -80.66082097226654 30.139999389648438 31.260000228881836 AB 4.962639404282897 1.0090767393824516
62970.1435 lsst_hardware_z -37.92032239156805 40.61000061035156 30.950000762939453 AB 4.975787189671522 1.0104488979228705
62973.0589 lsst_hardware_r 10.052910690882625 22.81999969482422 31.5 AB 15.68553121759064 1.0722949971008093
62973.0817 lsst_hardware_z -34.29291036418247 40.900001525878906 30.950000762939453 AB 15.144912970480183 1.0355142026241964
62973.2049 lsst_hardware_r 34.376098549069894 32.52000045776367 32.2400016784668 AB 15.086199524027395 1.10280579861066
62973.2158 lsst_hardware_z 4.977688045059698 42.68000030517578 30.950000762939453 AB 15.136727081317797 1.1327059427276975
62977.1091 lsst_hardware_z -33.81161953776661 40.599998474121094 30.950000762939453 AB 7.065664655137287 1.0093806650196124
62977.1216 lsst_hardware_u 2.610520838375712 2.75 28.510000228881836 AB 7.068419364769637 1.009774194967091
62979.1216 lsst_hardware_g -0.0459636539501083 13.8100004196167 31.43000030517578 AB 4.613047287619993 1.0113005124673886
62979.1335 lsst_hardware_r 1.0307668414469566 22.5 31.5 AB 5.491012949089102 1.0175137494837585
62984.109 lsst_hardware_i -30.718391354801906 30.59000015258789 31.25 AB 2.3638146635813206 1.0116904188235911
62984.1212 lsst_hardware_z -16.37428468273547 40.81999969482422 30.950000762939453 AB 2.382721052167643 1.018474482653406
62988.1164 lsst_hardware_z -28.261669724568222 86.55999755859375 32.15999984741211 AB 9.069755721908711 1.023481932131884
62988.1328 lsst_hardware_r 106.03118917488182 53.79999923706055 31.639999389648438 AB 7.821855832009049 1.0424044909611812
62994.9716 lsst_hardware_z 23.945019443749317 43.029998779296875 30.940000534057617 AB 9.959544853665857 1.1411899228858595
62994.9922 lsst_hardware_g 15.40787291890239 40.290000915527344 31.670000076293945 AB 9.466573633817086 1.086363740396728
62995.0987 lsst_hardware_z 66.6317868323875 77.77999877929688 31.729999542236328 AB 8.759257125834708 1.0247941415453319
62998.9693 lsst_hardware_y 63.199854854505055 48.4900016784668 30.030000686645508 AB 8.67024873282476 1.1160775867702595
62998.9917 lsst_hardware_r -9.002715463942408 22.450000762939453 31.5 AB 8.254519806003726 1.0649619153662542
62999.077 lsst_hardware_i 4.928862450697612 29.959999084472656 31.260000228881836 AB 7.400079962506177 1.0162618396666756
62999.0912 lsst_hardware_z -34.62322392581052 40.75 30.950000762939453 AB 6.600540515357246 1.028215001159074
63009.962 lsst_hardware_y 39.57112219324816 49.0 30.040000915527344 AB 8.418191211611823 1.0643363804297088
63009.983 lsst_hardware_u -0.41129638671215213 2.640000104904175 28.43000030517578 AB 8.235106067698895 1.0327015091375116
63019.0153 lsst_hardware_z -35.60013853028271 60.720001220703125 30.989999771118164 AB 10.913393885349818 1.0124602944297816
63019.0279 lsst_hardware_i 56.448749391821075 65.87000274658203 31.329999923706055 AB 10.927257937420714 1.0202061405823433
63030.9929 lsst_hardware_i -41.08729578078403 29.899999618530273 31.25 AB 14.105769560825204 1.0185038853984045
63031.0053 lsst_hardware_z -62.15414456426439 40.72999954223633 30.950000762939453 AB 14.375531657137074 1.0298027620714978
