data/validation/pwv_sim_epoch_fit_epoch/32655495.ecsv
# %ECSV 0.9
# ---
# datatype:
# - {name: time, datatype: float64}
# - {name: band, datatype: string}
# - {name: flux, datatype: float64}
# - {name: fluxerr, datatype: float64}
# - {name: zp, datatype: float64}
# - {name: zpsys, datatype: string}
# - {name: pwv, datatype: float64}
# - {name: airmass, datatype: float64}
# meta: {SNID: '32655495', alt: 1024.0, c: -0.010288163088262081, dec: -60.623394, lat: -30.244573, lon: -70.7499537, ra: 359.15094, t0: 62721.07421875,
#   x0: 8.455260592743942e-06, x1: 1.250910758972168, z: 0.49344730377197266}
# schema: astropy-2.0
time band flux fluxerr zp zpsys pwv airmass
62676.4235 lsst_hardware_g -48.708149978439536 26.56999969482422 32.2599983215332 AB 4.579795850635562 1.1594419875027346
62676.4383 lsst_hardware_y 18.947495739282562 78.7699966430664 30.770000457763672 AB 4.529156589381027 1.1570697239328178
62678.4217 lsst_hardware_i -24.95536302341537 31.1200008392334 31.229999542236328 AB 6.776205072190739 1.1583916585886704
62678.4353 lsst_hardware_z -43.81635633465843 45.2400016784668 30.940000534057617 AB 6.773798361512732 1.15715599946126
62688.4308 lsst_hardware_r 2.165867645584428 22.719999313354492 31.469999313354492 AB 6.158221775264047 1.164510334281482
62688.4422 lsst_hardware_u -13.183951226440932 8.819999694824219 29.110000610351562 AB 6.2029661923045065 1.1726942418573258
62697.4181 lsst_hardware_r 347.61141448597584 92.01251970104168 31.6200008392334 AB 5.368769464095686 1.1730955328601802
62697.43 lsst_hardware_z 148.53174547511279 67.78086312416083 30.959999084472656 AB 5.451011059163947 1.1850882801284037
62707.4102 lsst_hardware_r 1867.4689756038354 48.767811281294186 31.459999084472656 AB 7.350026961357822 1.1944465688401436
62707.4203 lsst_hardware_u -10.94309369370932 3.78753750379359 28.309999465942383 AB 7.4038574415035 1.2093360188661233
62709.4167 lsst_hardware_g 883.3703141587617 31.76919838413317 31.309999465942383 AB 3.7286519530469824 1.2123726070710397
62709.4284 lsst_hardware_r 2277.595133252078 51.94912775262265 31.440000534057617 AB 3.7964905208501265 1.2336615194075529
62711.1848 lsst_hardware_g 4470.902015373727 73.24477501630305 32.9900016784668 AB 6.200555454972704 1.4906375803284009
62711.2034 lsst_hardware_r 11776.825807887348 120.29636100500271 33.15999984741211 AB 5.843714307068012 1.4064858535203206
62716.408 lsst_hardware_r 2898.040160066532 58.23018482203181 31.450000762939453 AB 3.415552205354763 1.2311253894105838
62716.4196 lsst_hardware_g 1112.7224966741087 36.00057256188081 31.34000015258789 AB 2.668557486110687 1.2556932724228782
62722.3357 lsst_hardware_z 1783.2832464729404 59.06183706693695 30.940000534057617 AB 5.732449538863505 1.1632405720096397
62722.3473 lsst_hardware_r 2905.7353832598906 58.112626040301535 31.459999084472656 AB 5.785001824423055 1.17097398780576
62723.3417 lsst_hardware_y 511.2888906860561 55.08180498729298 30.0 AB 5.989346525539946 1.1687670066425888
62723.3536 lsst_hardware_g 1141.0159025841826 47.64550982354338 31.610000610351562 AB 6.015598730763246 1.1792016068928395
62725.2861 lsst_hardware_r 3245.2848590381104 106.4671414648456 31.6299991607666 AB 3.3630933589709877 1.1607881125104798
62725.298 lsst_hardware_i 2263.92818860318 85.80402203948722 31.309999465942383 AB 2.9004191496939145 1.1575053974634
62735.3071 lsst_hardware_g 453.56559096522585 27.592531454691795 31.469999313354492 AB 2.145500626985381 1.167460550665423
62735.3182 lsst_hardware_i 1880.9502045585357 52.845420266607604 31.239999771118164 AB 2.1661197642464596 1.1765995460328407
62736.1108 lsst_hardware_g 345.71769922605125 23.195410439847368 31.270000457763672 AB 3.5160421933195574 1.520286322913884
62736.1248 lsst_hardware_r 3667.7525718684233 68.74192186782109 32.16999816894531 AB 3.429926382072094 1.4512064235549373
62736.1405 lsst_hardware_z 1269.890906812086 58.017099277730864 30.90999984741211 AB 3.039242075909568 1.3853042470055386
62738.3139 lsst_hardware_u 4.298963043281854 2.927978397172401 28.31999969482422 AB 2.8253399727928743 1.1805041669051006
62738.3247 lsst_hardware_g 344.39372756845756 22.43268884553011 31.360000610351562 AB 2.968133454082981 1.1932994320889119
62740.3216 lsst_hardware_r 1584.9917367606556 44.71151432644326 31.469999313354492 AB 3.597642138143145 1.1964887106512316
62740.3323 lsst_hardware_i 1462.3045205482624 49.240711798547295 31.219999313354492 AB 3.6635677847385546 1.2127672666721148
62744.3127 lsst_hardware_u 5.171965379852419 3.340346836152007 28.239999771118164 AB 7.166326499163149 1.1993350067634239
62744.3239 lsst_hardware_r 1091.5260542686253 39.892634605503076 31.440000534057617 AB 7.202505758296678 1.2170506519595603
62747.3095 lsst_hardware_g 137.99467407631582 17.81229711839638 31.329999923706055 AB 1.8464309464160855 1.2068176120366572
62747.3207 lsst_hardware_i 1105.0242067330328 46.003596389914904 31.219999313354492 AB 1.907727201212153 1.2260457591337743
62751.2965 lsst_hardware_y 359.4163300417636 52.73597046240394 29.989999771118164 AB 2.2324212719732945 1.203623815594174
62751.3094 lsst_hardware_g 108.95716415778143 27.93657248768243 31.549999237060547 AB 2.2252180786233517 1.2253403516648411
62753.2909 lsst_hardware_r 676.802069569867 74.27435636789984 31.610000610351562 AB 5.174682662028932 1.203414572564868
62753.3025 lsst_hardware_i 950.7170393323736 66.12134930959112 31.290000915527344 AB 4.406580042862032 1.2226914658329722
62757.2423 lsst_hardware_z 732.4026024571806 67.24449951054164 30.969999313354492 AB 2.778403910128218 1.1644609849657241
62757.254 lsst_hardware_r 354.02160359883396 86.86948682337561 31.6200008392334 AB 4.117248685785158 1.1728660944669884
62758.0295 lsst_hardware_i 664.2703922298897 57.76758979882014 31.209999084472656 AB 2.3060491636324434 1.647177974023174
62760.2429 lsst_hardware_r 420.72038969150344 55.04552573015116 31.600000381469727 AB 3.9031519662356717 1.1704773989108463
62760.2541 lsst_hardware_z 831.5660097081725 56.50280514202649 30.950000762939453 AB 4.802703247029166 1.180799028117437
62762.2739 lsst_hardware_y 329.4865415804852 52.68126817053436 30.0 AB 2.0113982639508667 1.2155912151192274
62762.2856 lsst_hardware_g 51.57587881955786 37.7241693413508 31.610000610351562 AB 2.038785436012921 1.2375025408274216
62764.2196 lsst_hardware_u 1.6467473785282363 2.9639061622464036 28.350000381469727 AB 6.771930969264114 1.1625299938653009
62764.2314 lsst_hardware_g 69.84945177669753 14.947685340352432 31.350000381469727 AB 6.849348317500708 1.1700287525624715
62771.2425 lsst_hardware_u -2.5178973526254502 2.556615867741599 28.209999084472656 AB 3.97665253778789 1.2045595328517438
62771.2545 lsst_hardware_g 74.15857145080984 14.690793983727788 31.309999465942383 AB 4.71061903030775 1.2248099402776922
62772.2392 lsst_hardware_r 200.11330358225803 26.66697718175327 31.440000534057617 AB 4.422579003399122 1.2036958049621682
62772.2512 lsst_hardware_z 587.6479145318311 49.10009570406097 30.920000076293945 AB 4.210448847124268 1.2237601706467223
62774.246 lsst_hardware_r 195.5752834427851 26.454220140884857 31.450000762939453 AB 4.647835402324132 1.2242421710323013
62774.2579 lsst_hardware_u -2.105416210642275 2.6058229302482094 28.209999084472656 AB 3.072704384563865 1.248221144710592
62776.0306 lsst_hardware_z 1505.240229151305 87.44033780442788 32.099998474121094 AB 6.907442108822751 1.387988836147144
62776.0379 lsst_hardware_u -1.306956560776717 4.453749101786703 29.06999969482422 AB 6.781750153919476 1.3608408054418817
62783.141 lsst_hardware_i 309.6091660476822 64.65860562125651 31.299999237060547 AB 4.063753494038755 1.1573798340642962
62783.1521 lsst_hardware_z 275.39941489886536 61.99462601914548 30.959999084472656 AB 4.065625869389278 1.157555945445056
62785.0154 lsst_hardware_z 830.7919557764162 97.74049826706086 31.700000762939453 AB 4.651643536192676 1.3535335216855509
62787.1783 lsst_hardware_i 112.0559687368569 61.87964968829483 31.299999237060547 AB 7.832312859210397 1.178677631182904
62787.189 lsst_hardware_r 88.23421361153524 76.20763563545049 31.6200008392334 AB 7.736998418300897 1.190857075312048
62789.177 lsst_hardware_z 379.90851466293054 53.600445855738116 30.950000762939453 AB 7.70263196194425 1.1830788391272142
62789.1892 lsst_hardware_g -42.25316132707982 58.63619260570818 31.639999389648438 AB 7.788444243082457 1.1984680308395246
62791.2281 lsst_hardware_i 255.81893997933565 44.878763949400124 31.25 AB 6.7956462603236645 1.2889461350133367
62791.2387 lsst_hardware_z 342.42031314233367 52.19784706714719 30.93000030517578 AB 6.942053414163753 1.3197192936009052
62796.1622 lsst_hardware_g 4.9093281349852615 13.199999809265137 31.360000610351562 AB 4.5034817897508805 1.1880970293499225
62796.1743 lsst_hardware_r 0.29041415930901343 22.540000915527344 31.459999084472656 AB 3.377309837038361 1.2046762393576278
62799.1594 lsst_hardware_i -52.890454654166966 31.34000015258789 31.229999542236328 AB 5.251726035766493 1.1950226112939533
62799.1701 lsst_hardware_r 4.722157476374673 22.530000686645508 31.450000762939453 AB 5.5471317937458196 1.2109878752174237
62801.1611 lsst_hardware_u -2.4556059312129657 2.700000047683716 28.420000076293945 AB 4.54727983799173 1.2053757025823009
62801.1723 lsst_hardware_g 16.573059966017542 13.319999694824219 31.360000610351562 AB 2.9373231497854655 1.224309753297172
62807.1472 lsst_hardware_i -8.075145212065921 35.79999923706055 31.239999771118164 AB 4.716213337844339 1.2092854712421381
62807.1579 lsst_hardware_z 42.58198730809006 45.709999084472656 30.93000030517578 AB 4.789313729119705 1.228029161312745
62817.0671 lsst_hardware_g -7.127203276698616 55.04999923706055 31.65999984741211 AB 5.256395509300867 1.1593924475987576
62817.0785 lsst_hardware_r -74.85755812992615 60.810001373291016 31.610000610351562 AB 5.291816690944119 1.1645296220672918
62819.0567 lsst_hardware_r -12.048115745017755 22.530000686645508 31.459999084472656 AB 4.398431254169409 1.1580914307977588
62819.0684 lsst_hardware_i -2.939782879358333 31.260000228881836 31.229999542236328 AB 4.430235158945935 1.1620796954480415
62822.0508 lsst_hardware_z -33.61540839074484 42.7400016784668 30.93000030517578 AB 4.481285171771667 1.158628445936699
62822.0629 lsst_hardware_i 43.52432746891718 31.15999984741211 31.219999313354492 AB 4.36465781654872 1.1634433737304555
62825.0521 lsst_hardware_u -2.0079039798165725 2.5399999618530273 28.280000686645508 AB 7.6865752531404175 1.1621234838629348
62825.0639 lsst_hardware_g 6.484189750652016 13.380000114440918 31.350000381469727 AB 7.616463423579097 1.1693649063838194
62829.058 lsst_hardware_g 12.107104091720814 13.4399995803833 31.360000610351562 AB 8.830935322773664 1.1734422628480752
62829.07 lsst_hardware_r 23.257915289385743 22.75 31.459999084472656 AB 8.898611186952044 1.1856383709742464
63040.3458 lsst_hardware_r -13.104939467722337 32.029998779296875 32.20000076293945 AB 4.415517513344217 1.2669155765997888
63040.3733 lsst_hardware_y 137.5681358296853 69.27999877929688 30.75 AB 4.223482756756052 1.2111213009552628
63044.4455 lsst_hardware_z -1.4878820718278172 64.87999725341797 30.969999313354492 AB 8.24779761201721 1.1595657068703045
63046.4202 lsst_hardware_u 0.5379800865986332 2.5799999237060547 28.329999923706055 AB 2.3328570570060565 1.1572668327438065
63046.4341 lsst_hardware_y 94.755120214834 50.560001373291016 30.010000228881836 AB 2.331705344119891 1.157940081503068
63048.4353 lsst_hardware_r 29.36041119358099 23.81999969482422 31.469999313354492 AB 10.911164686112201 1.1598162512255268
63063.3773 lsst_hardware_z -15.368998212848433 42.47999954223633 30.940000534057617 AB 3.8598213947511892 1.1570208017839296
63063.3888 lsst_hardware_i -15.61909182659674 30.950000762939453 31.229999542236328 AB 3.9578845860923324 1.1581792585131678
63066.4329 lsst_hardware_u 1.747587408097684 3.7899999618530273 28.56999969482422 AB 3.7503365003601896 1.2023520706471353
63068.4263 lsst_hardware_r 8.017308260751914 22.90999984741211 31.459999084472656 AB 7.481383566398498 1.2006714117153745
63068.4395 lsst_hardware_i 12.762210241602054 41.56999969482422 31.260000228881836 AB 7.664772033700965 1.2222567427365596
63070.4018 lsst_hardware_i 22.681662307021142 31.1200008392334 31.229999542236328 AB 6.059724689651137 1.1775029758855746
63070.4136 lsst_hardware_z 41.63990174796451 43.06999969482422 30.93000030517578 AB 6.080448462289417 1.190785500570755
63071.1955 lsst_hardware_i -15.240611744176894 33.5099983215332 31.190000534057617 AB 8.310131824516873 1.5091723579188292
63078.2549 lsst_hardware_r -241.27855952914746 86.02999877929688 32.349998474121094 AB 4.444753405619916 1.2381216107021749
63078.2689 lsst_hardware_y -9.06665226030596 72.91000366210938 30.739999771118164 AB 4.331237413452673 1.2122131020018676
63082.3966 lsst_hardware_z -52.747816468446125 64.69000244140625 30.959999084472656 AB 2.499759498566211 1.2140648366033078
63082.4092 lsst_hardware_r 108.08642608707964 87.83999633789062 31.600000381469727 AB 2.4144094399005374 1.2375240594057084
63084.397 lsst_hardware_i -49.78122906878692 52.790000915527344 31.280000686645508 AB 3.5222472077991007 1.2244196550865936
63084.4091 lsst_hardware_z 25.358837112395893 54.310001373291016 30.950000762939453 AB 3.613252163642495 1.248891812999307
63086.3438 lsst_hardware_i 43.346493564352805 40.41999816894531 31.260000228881836 AB 2.9684265774529335 1.1659177444826918
63086.3551 lsst_hardware_z 47.24111313264163 47.02000045776367 30.940000534057617 AB 2.9248917472279055 1.1746553201718495
63101.3139 lsst_hardware_u -2.7440383918266393 2.549999952316284 28.299999237060547 AB 2.380192472190972 1.1744370750942297
63101.326 lsst_hardware_r -17.046411591958925 22.540000915527344 31.459999084472656 AB 2.3883025226840773 1.1871274240828817
63107.3064 lsst_hardware_i 65.61954596459798 50.720001220703125 31.290000915527344 AB 8.25186972205192 1.183403086483855
63107.318 lsst_hardware_z -35.81534314132121 51.720001220703125 30.950000762939453 AB 8.377933209777892 1.198059923938905
63111.0379 lsst_hardware_i -41.47371808584894 117.7300033569336 31.940000534057617 AB 2.945715212531661 1.8399220565469463
63111.0483 lsst_hardware_r -392.0182257021357 143.5 32.22999954223633 AB 2.368879516341297 1.753426733043151
63112.3075 lsst_hardware_r -85.30783852905999 75.83000183105469 31.600000381469727 AB 1.9194126477576487 1.2026395036075492
63112.3191 lsst_hardware_i 9.67574548642581 61.869998931884766 31.290000915527344 AB 1.9273400602052453 1.2217686594008659
63114.3061 lsst_hardware_z 46.967132245181894 50.13999938964844 30.940000534057617 AB 2.276504767338432 1.2089240699234935
63114.3183 lsst_hardware_r -109.93336734743606 52.439998626708984 31.579999923706055 AB 2.3042130933716773 1.2304996270953732
63117.2979 lsst_hardware_z 36.877157341749296 45.34000015258789 30.93000030517578 AB 3.3849515781087445 1.2089112778959803
63117.3097 lsst_hardware_r 1.315795619123344 32.41999816894531 31.520000457763672 AB 3.443189011982897 1.2297103614224634
63122.296 lsst_hardware_r 2.7634407613325824 22.579999923706055 31.450000762939453 AB 3.362394516406596 1.229619497680372
63122.3086 lsst_hardware_u -0.8375077765700292 2.450000047683716 28.18000030517578 AB 3.3983672932288442 1.2562119187612397
63129.231 lsst_hardware_z 32.97069083855832 42.7599983215332 30.93000030517578 AB 6.809436517068241 1.1691357838496794
63129.2418 lsst_hardware_r -8.99822622899894 22.25 31.450000762939453 AB 6.8706691449360155 1.1786035071508734
63133.3193 lsst_hardware_z -56.879093628427476 44.869998931884766 30.920000076293945 AB 6.049763105900909 1.378156638966207
63133.3308 lsst_hardware_i -4.61415991258811 32.630001068115234 31.190000534057617 AB 6.37046694261199 1.4243372270189023
63143.2381 lsst_hardware_i -4.427924646114746 48.2400016784668 31.280000686645508 AB 3.224658087174657 1.2285581816076414
63143.2504 lsst_hardware_z 31.1719452364458 51.22999954223633 30.940000534057617 AB 3.448579375424227 1.2542569105014865
63145.1845 lsst_hardware_i 55.05770929863394 37.779998779296875 31.25 AB 5.648949535612063 1.1671383338041452
63145.1966 lsst_hardware_z 35.592418932204865 46.349998474121094 30.940000534057617 AB 5.580733076457485 1.1771215094827008
63147.186 lsst_hardware_i 32.97467755586936 30.979999542236328 31.229999542236328 AB 4.777762549353497 1.1724570673260115
63147.1979 lsst_hardware_u -0.8781517831997387 2.5399999618530273 28.290000915527344 AB 4.770506202663894 1.1842381967721707
63151.2198 lsst_hardware_r -17.393101645212695 22.3700008392334 31.450000762939453 AB 6.795322341013449 1.2355131529115362
63151.2322 lsst_hardware_u -1.687176742693151 2.5199999809265137 28.260000228881836 AB 6.945131352453393 1.262751154991526
63155.1791 lsst_hardware_r -13.804410645599997 22.540000915527344 31.459999084472656 AB 9.017712800441226 1.1878175408366027
63155.1908 lsst_hardware_i -52.05690340586935 31.530000686645508 31.229999542236328 AB 9.142875091114735 1.2037358175805237
63157.1812 lsst_hardware_z 0.7864264483112191 43.18000030517578 30.93000030517578 AB 6.995586816012548 1.1977035496097956
63157.1924 lsst_hardware_r 0.33434474805618153 22.559999465942383 31.459999084472656 AB 7.071971707959184 1.2150806176156213
63159.2192 lsst_hardware_g -27.02573297665386 13.15999984741211 31.329999923706055 AB 1.4463988345874261 1.2851166899932704
63159.2303 lsst_hardware_i 3.9703281721128247 31.940000534057617 31.219999313354492 AB 1.4835956146335636 1.3168982451070907
63161.1812 lsst_hardware_r -6.469465469022754 23.770000457763672 31.469999313354492 AB 3.3735854560069085 1.2146122253850256
63161.1919 lsst_hardware_z -3.899385616607264 43.599998474121094 30.93000030517578 AB 3.542530487802048 1.234331180418832
63163.1592 lsst_hardware_i 30.851974608201118 40.220001220703125 31.260000228881836 AB 3.3629873727858763 1.1902273483582537
63163.1699 lsst_hardware_r -37.097903943985614 39.61000061035156 31.559999465942383 AB 2.8393095424293704 1.2051825018277351
63166.1612 lsst_hardware_r -91.87388492385564 65.47000122070312 31.600000381469727 AB 4.346906926922015 1.2044073683459753
63166.1719 lsst_hardware_i -46.535244274042846 55.540000915527344 31.280000686645508 AB 3.0230343544930345 1.2222510867222511
63168.1607 lsst_hardware_z 12.73941289683173 61.150001525878906 30.959999084472656 AB 3.4817160360737414 1.2122966699421105
63168.1714 lsst_hardware_r 212.85589330372022 83.91999816894531 31.600000381469727 AB 2.6701102272087676 1.231600658306627
63170.1678 lsst_hardware_z 17.568272804981188 84.25 31.709999084472656 AB 4.273487943666676 1.2352906326538255
63181.069 lsst_hardware_r -20.641431781520755 22.270000457763672 31.459999084472656 AB 4.0160602161478405 1.1588689124651106
63181.0822 lsst_hardware_i -3.6337621098083663 30.8700008392334 31.229999542236328 AB 4.069601624266107 1.1646289108841286
63183.0709 lsst_hardware_z 55.91150886481848 42.58000183105469 30.93000030517578 AB 5.036939506437525 1.161588816705108
63183.0819 lsst_hardware_u -1.4450536772858187 2.5399999618530273 28.290000915527344 AB 5.118083211646266 1.167978825113251
63186.0546 lsst_hardware_r -25.09903803809954 22.510000228881836 31.469999313354492 AB 6.9212901003495375 1.1586657906335545
63186.0666 lsst_hardware_g 11.865893328998315 13.380000114440918 31.3700008392334 AB 6.962180692550109 1.1635308382625509
63187.0526 lsst_hardware_r 14.827657163943366 22.450000762939453 31.469999313354492 AB 4.321419939722095 1.1588683131464668
63187.0653 lsst_hardware_i -34.33865781446071 30.90999984741211 31.229999542236328 AB 4.272809263723184 1.1643325195784957
63189.0492 lsst_hardware_z -61.61232543154017 42.83000183105469 30.940000534057617 AB 5.479626521561735 1.1595048185282908
63189.0616 lsst_hardware_i 21.328359510721597 31.670000076293945 31.229999542236328 AB 5.486438824073669 1.1653851008758906
