data/validation/pwv_sim_epoch_fit_epoch/32671370.ecsv
# %ECSV 0.9
# ---
# datatype:
# - {name: time, datatype: float64}
# - {name: band, datatype: string}
# - {name: flux, datatype: float64}
# - {name: fluxerr, datatype: float64}
# - {name: zp, datatype: float64}
# - {name: zpsys, datatype: string}
# - {name: pwv, datatype: float64}
# - {name: airmass, datatype: float64}
# meta: {SNID: '32671370', alt: 1024.0, c: -0.043610844761133194, dec: -5.67919, lat: -30.244573, lon: -70.7499537, ra: 320.800781, t0: 61590.765625,
#   x0: 3.1712379895162546e-06, x1: 0.6725549697875977, z: 0.7386788725852966}
# schema: astropy-2.0
time band flux fluxerr zp zpsys pwv airmass
61543.4071 lsst_hardware_g 15.466765495337162 16.31999969482422 31.469999313354492 AB 8.809420938349142 1.1150224797505455
61543.432 lsst_hardware_y 4.899474451672751 65.62000274658203 30.040000915527344 AB 9.098619879473793 1.100595122713656
61547.3875 lsst_hardware_i -159.76301434608104 67.58000183105469 31.31999969482422 AB 4.730702711837348 1.1263577885327019
61547.411 lsst_hardware_z -101.94856509470745 61.08000183105469 30.979999542236328 AB 4.578664458568323 1.103292640618818
61553.4065 lsst_hardware_r 95.79497347505604 51.790000915527344 31.6200008392334 AB 10.269337971512037 1.1005613515713497
61553.4264 lsst_hardware_y 22.441013717162708 53.880001068115234 30.040000915527344 AB 9.73066540387281 1.1091183970979648
61557.3213 lsst_hardware_r 1.8966597293090595 25.19845587638758 31.479999542236328 AB 8.395363216121805 1.2238138799011007
61557.3424 lsst_hardware_u 2.1188102788577035 2.8210690705161947 28.40999984741211 AB 7.7654197556754 1.1607647961248246
61560.3923 lsst_hardware_g -15.169212197644672 15.670302144746243 31.43000030517578 AB 12.844265290447039 1.1011415226068018
61560.4149 lsst_hardware_r -19.069235555538746 24.860398824775324 31.5 AB 12.991394214344295 1.1168427616621286
61571.3138 lsst_hardware_z 291.31066225085385 51.50426538474259 30.950000762939453 AB 13.340761483941147 1.1402360242684741
61571.3368 lsst_hardware_r 374.4049285285155 44.69410812536506 31.59000015258789 AB 12.474657973082119 1.1090310024298844
61573.3152 lsst_hardware_z 600.443755367853 86.01438628979751 31.719999313354492 AB 4.3485334961944355 1.1283901384870414
61573.3388 lsst_hardware_r 1236.4944452857628 110.34534297318525 32.38999938964844 AB 3.6657375814317503 1.103916155821613
61575.3135 lsst_hardware_i 708.6750297631964 84.90230179114596 31.31999969482422 AB 3.4409318458631173 1.1228363014726523
61575.3391 lsst_hardware_z 521.5989401180286 72.87851166420658 30.989999771118164 AB 2.8482882389113358 1.1015682244081926
61579.3026 lsst_hardware_y 181.89524080384538 63.27385608609338 30.030000686645508 AB 3.004637996533421 1.1228094157450124
61579.3265 lsst_hardware_r 890.3118601534146 111.65455515414673 31.639999389648438 AB 2.9400670852246327 1.1021118650098585
61581.3184 lsst_hardware_i 1032.5455727730491 67.46765054748123 31.309999465942383 AB 4.436985928936314 1.1032018554013585
61581.3414 lsst_hardware_z 606.7078581864324 63.43634262177817 30.969999313354492 AB 4.002841261702976 1.1034203606642246
61584.175 lsst_hardware_u 4.018188978451703 2.630430255872219 27.969999313354492 AB 10.216309383473195 1.7614326523229649
61584.2165 lsst_hardware_r 1774.4195204609869 54.72289910342317 32.20000076293945 AB 8.313267418304859 1.3749460274227947
61584.2589 lsst_hardware_i 1096.5323339859808 47.094120919751916 31.239999771118164 AB 6.816616550936042 1.1867368647172991
61586.2853 lsst_hardware_i 1111.8946306933044 46.16739631800182 31.25 AB 3.891135507985386 1.1203691747444378
61586.3103 lsst_hardware_z 532.937146158303 49.589370493546745 30.940000534057617 AB 3.9432990425880785 1.1012494708059541
61590.31 lsst_hardware_g 174.99091314262802 19.887555948605637 31.43000030517578 AB 7.706766183025773 1.1010714615238189
61590.3315 lsst_hardware_r 867.0001901288874 38.03414103562429 31.489999771118164 AB 7.786736028402477 1.1151388820167523
61595.284 lsst_hardware_i 1134.647075160774 45.72010624408076 31.25 AB 2.313621104652037 1.101724335548589
61595.3047 lsst_hardware_z 687.439217631288 49.94556514873397 30.940000534057617 AB 1.8848968800639432 1.104216098455804
61597.1759 lsst_hardware_r 688.9459312753503 43.32185032426216 31.5 AB 11.01704264061566 1.408543791084361
61597.1974 lsst_hardware_g 119.5639328954439 25.89091367187854 31.520000457763672 AB 10.037429686778237 1.2851337022282172
61599.2702 lsst_hardware_z 578.58102280032 52.505229782620546 30.950000762939453 AB 6.854737068961856 1.1027864972186925
61599.2905 lsst_hardware_r 727.3927313479304 43.665112016863254 31.56999969482422 AB 6.849763593191466 1.1026368030249638
61606.2491 lsst_hardware_i 797.7277980341137 128.8905192068694 31.329999923706055 AB 3.218090193192648 1.1037236286244363
61606.2712 lsst_hardware_z 586.7425736866738 108.29981022483467 30.989999771118164 AB 3.130725692345171 1.1025623146135486
61609.219 lsst_hardware_r 395.67720231668847 84.12613215225225 31.6299991607666 AB 5.49427326861711 1.1252415685048847
61609.2393 lsst_hardware_z 501.2600932632734 67.43237109107451 30.979999542236328 AB 5.395520100613406 1.1046019143113686
61610.2649 lsst_hardware_y 169.60125743899906 53.040797373262514 30.030000686645508 AB 6.530696607880151 1.1048845929670772
61610.285 lsst_hardware_r 429.09383180647484 63.738418554694164 31.6299991607666 AB 6.642106381513431 1.125653550137854
61616.2232 lsst_hardware_r 214.78003533046177 29.21284946561607 31.510000228881836 AB 4.963726947379906 1.1030504327510904
61616.2413 lsst_hardware_i 475.20218133858026 38.42659017757279 31.25 AB 4.9574350886527725 1.1016522419228383
61618.215 lsst_hardware_z 807.7167967644368 65.64844943202812 31.700000762939453 AB 4.967811193641259 1.1044489092132634
61618.2355 lsst_hardware_r 424.34215981459363 40.55550654613573 32.2599983215332 AB 4.944326793652263 1.1015543708705053
61621.2207 lsst_hardware_u 0.3618318662735068 2.9112868487124253 28.469999313354492 AB 1.6802285112756632 1.100586361097969
61621.2406 lsst_hardware_r 150.25515750696033 27.971852663338474 31.5 AB 1.6408887905992833 1.1090208666398984
61623.2005 lsst_hardware_i 285.3936375574765 36.4641292810998 31.239999771118164 AB 1.7753731132359218 1.1049467018739205
61623.2204 lsst_hardware_z 307.47241065923356 45.82018312537689 30.940000534057617 AB 2.4793252581450043 1.101188211479016
61625.2092 lsst_hardware_r 106.44196410830476 27.248964069012793 31.510000228881836 AB 3.4118241139286414 1.1005884238479489
61625.2294 lsst_hardware_u 3.7636482821124 2.883321818115998 28.459999084472656 AB 3.437243970675176 1.1087883776371534
61628.2033 lsst_hardware_y 167.2424115100162 50.682426390284206 30.030000686645508 AB 8.219679054794156 1.1006656101939394
61628.2222 lsst_hardware_r 130.35830632028544 45.036133967622995 31.600000381469727 AB 7.118672532069639 1.109634084807696
61643.1221 lsst_hardware_i 139.46992607046258 48.16268634019714 32.0 AB 2.1346817962292857 1.1316067303419812
61643.1534 lsst_hardware_z 273.85587537483633 62.373092215597765 31.690000534057617 AB 2.3737683931696787 1.1016018531223946
61648.1137 lsst_hardware_r -0.5736476839326438 25.271606587450744 31.489999771118164 AB 3.752834576878082 1.1235471015053387
61648.1296 lsst_hardware_u -0.07935506467349429 2.835316354071225 28.3799991607666 AB 5.1428015308727115 1.1066928192108265
61650.129 lsst_hardware_g -2.8985316712334375 15.973337738061753 31.43000030517578 AB 3.3819693922257725 1.1037158745365587
61650.1467 lsst_hardware_i 70.81734031134938 33.333225365990046 31.239999771118164 AB 3.3590201512184215 1.1011977328876914
61654.0989 lsst_hardware_r 43.94894442844184 27.507838297850554 31.530000686645508 AB 1.4884290591491411 1.1213679501374745
61654.1169 lsst_hardware_y 133.3391211531826 48.90363867730939 30.030000686645508 AB 1.4411723185767515 1.104346604273373
61656.0954 lsst_hardware_g 44.12477362057937 32.53888649352963 31.639999389648438 AB 2.6094723975488563 1.118824809582188
61656.1131 lsst_hardware_r -20.963493703770535 36.239233629792906 31.579999923706055 AB 2.5926156283241606 1.1034754749198386
61673.0677 lsst_hardware_r 45.8256819501345 24.914743825934252 31.5 AB 4.8910666512026255 1.1029993199734274
61673.087 lsst_hardware_i 91.03699631916957 32.84384966189048 31.25 AB 5.560433482160383 1.1020943741069316
61677.0635 lsst_hardware_z 54.07373655754553 43.206124977219105 30.940000534057617 AB 3.7301436322457424 1.10093274600199
61677.0819 lsst_hardware_r 74.1966250473598 24.654155035895574 31.479999542236328 AB 3.7498852404847813 1.1048571716219155
61681.0342 lsst_hardware_g -11.789261187393981 15.359999656677246 31.450000762939453 AB 2.3041942323604028 1.1110797552163938
61681.0534 lsst_hardware_r 3.867524560533529 24.3799991607666 31.510000228881836 AB 3.1532665225797047 1.1008087004991114
61683.035 lsst_hardware_i 11.937930613279939 32.61000061035156 31.25 AB 2.9884738337213452 1.1060228844268487
61683.0537 lsst_hardware_r -5.760122569386337 25.920000076293945 31.520000457763672 AB 3.124772104324439 1.1007240430896066
61685.0291 lsst_hardware_z 3.1922979792827877 45.18000030517578 30.950000762939453 AB 4.2965896194685245 1.106322964415609
61685.0471 lsst_hardware_g -20.73390950608323 30.450000762939453 31.6299991607666 AB 4.806185077064335 1.1006320666546825
61687.027 lsst_hardware_r 43.766270252896604 63.16999816894531 31.6299991607666 AB 4.260131449344631 1.1042331387622164
61687.0444 lsst_hardware_i 64.92926263043162 56.09000015258789 31.309999465942383 AB 3.3512851721193844 1.1009478226410592
61690.0014 lsst_hardware_y -20.237315806232 63.0 30.040000915527344 AB 6.766687796022205 1.1203125490102988
61690.0199 lsst_hardware_z 68.7071508878362 76.61000061035156 30.979999542236328 AB 6.769276157615616 1.1036563393846281
61695.0015 lsst_hardware_y -8.069117739931775 51.97999954223633 30.020000457763672 AB 7.818910015125965 1.106527822505299
61695.0184 lsst_hardware_r -17.40458518351053 47.81999969482422 31.610000610351562 AB 7.765956727762374 1.100591453493971
61697.0048 lsst_hardware_z -121.88903069149637 44.56999969482422 30.950000762939453 AB 4.470672947159531 1.1019652322305968
61697.0224 lsst_hardware_g 8.034881053208531 15.529999732971191 31.450000762939453 AB 4.497040538025087 1.1024409899142196
61701.0002 lsst_hardware_y -133.24569868185088 62.09000015258789 30.040000915527344 AB 4.319817016298392 1.100660428383564
61701.0171 lsst_hardware_i 5.483460432298413 32.279998779296875 31.239999771118164 AB 4.354627353253474 1.1053055024439302
61909.4038 lsst_hardware_r 15.577009575683707 31.100000381469727 31.549999237060547 AB 10.686148616037833 1.1165132813747787
61909.4257 lsst_hardware_y -77.41931582435134 51.349998474121094 30.030000686645508 AB 9.771906353904063 1.1012666815068441
61911.4048 lsst_hardware_g -1.471062319978301 17.059999465942383 31.479999542236328 AB 7.848008247620844 1.1098866140037964
61911.4251 lsst_hardware_y -5.430744740197256 50.459999084472656 30.030000686645508 AB 6.9646821397401855 1.1006134860524586
61927.3984 lsst_hardware_z 27.119196908819212 50.130001068115234 30.950000762939453 AB 4.915734251974214 1.1060263813644053
61927.4193 lsst_hardware_r 30.857784318793154 24.780000686645508 31.489999771118164 AB 4.292528687514571 1.1296128125038347
61946.2158 lsst_hardware_z -7.300324420495208 46.130001068115234 30.90999984741211 AB 6.3321629311064145 1.4406285936728973
61946.25 lsst_hardware_r 5.80869458813637 24.479999542236328 31.469999313354492 AB 5.495259010221009 1.2489225023229564
61952.2553 lsst_hardware_g -8.08037016305722 15.039999961853027 31.399999618530273 AB 9.516699070078644 1.1758204855745618
61952.2755 lsst_hardware_r -0.9054613723849549 24.280000686645508 31.489999771118164 AB 9.25148958561314 1.131957614781982
61959.2886 lsst_hardware_r 31.93019475219329 127.61000061035156 31.639999389648438 AB 1.7645920671047377 1.101435880637583
61959.3098 lsst_hardware_z -71.92341373596491 84.76000213623047 30.989999771118164 AB 1.4591023156647365 1.1052409915400532
61963.2568 lsst_hardware_r -58.282303105419196 90.20999908447266 31.639999389648438 AB 8.446768207618275 1.1160425721897702
61963.2759 lsst_hardware_z 12.754802393285736 69.2300033569336 30.979999542236328 AB 8.32736635252813 1.1019650672717733
61966.2568 lsst_hardware_r 8.655472522180595 38.45000076293945 31.579999923706055 AB 5.931382132915991 1.1080999734558854
61966.2763 lsst_hardware_y -3.4074777995150862 49.040000915527344 30.020000457763672 AB 5.909277219006237 1.1006290219791834
61967.2738 lsst_hardware_g -38.10274147535027 23.829999923706055 31.56999969482422 AB 3.601279574947693 1.100635566915554
61967.2929 lsst_hardware_r 59.71932982380505 30.899999618530273 31.540000915527344 AB 3.177172081907639 1.1088315781436617
61977.2628 lsst_hardware_r -8.672943805243639 24.280000686645508 31.489999771118164 AB 11.609035333255983 1.1066763902055274
61977.2821 lsst_hardware_u -1.4718464923748849 2.690000057220459 28.350000381469727 AB 11.96177091857313 1.1285399319365808
61982.2219 lsst_hardware_r 76.36281440834598 38.310001373291016 31.579999923706055 AB 3.5288792491881895 1.1027747653713091
61982.2402 lsst_hardware_z -74.27561133914213 45.310001373291016 30.950000762939453 AB 3.5263767174140987 1.1019927241919059
61991.1851 lsst_hardware_r 83.37848779022237 101.1500015258789 31.639999389648438 AB 4.201411137467867 1.1110925081455922
61991.2028 lsst_hardware_z -113.22288563747621 72.79000091552734 30.979999542236328 AB 4.1559696891436415 1.1010892691966463
61993.1526 lsst_hardware_z 30.90590216997895 54.189998626708984 30.959999084472656 AB 9.477847160547551 1.1531630563995074
61993.1707 lsst_hardware_g 35.05971493111195 58.0 31.690000534057617 AB 8.294328520992037 1.121259262931512
61996.17 lsst_hardware_r 18.83872900578715 25.010000228881836 31.510000228881836 AB 2.5661713786897002 1.1125020427845522
61996.1902 lsst_hardware_z -24.71974562684679 42.84000015258789 30.950000762939453 AB 2.5830062583217237 1.1009083679581135
62000.1726 lsst_hardware_r -4.322362733758295 24.979999542236328 31.510000228881836 AB 3.4467580604684938 1.1028449425560454
62000.1908 lsst_hardware_u -3.0894978859864164 2.930000066757202 28.520000457763672 AB 3.5059202119235504 1.1019131100859771
62004.1666 lsst_hardware_g -21.556475146385022 15.630000114440918 31.459999084472656 AB 2.211473045157739 1.1012397934223948
62004.1852 lsst_hardware_r 15.914564739244907 24.729999542236328 31.510000228881836 AB 2.7507487878312364 1.1042379638702986
62010.0462 lsst_hardware_r 6.6055626326554435 34.79999923706055 31.510000228881836 AB 4.914536676083544 1.4041533360238696
62010.0572 lsst_hardware_i -38.831413938485234 38.119998931884766 31.229999542236328 AB 4.676291886222668 1.3360833960636194
62012.1269 lsst_hardware_z -22.799725670465794 50.959999084472656 30.969999313354492 AB 4.565191285107401 1.1119244828547703
62012.1443 lsst_hardware_r 48.29733573765918 53.900001525878906 31.6200008392334 AB 4.532872952853735 1.101347981012874
62014.1268 lsst_hardware_z 92.36499648834977 96.91999816894531 31.729999542236328 AB 1.4394893474156003 1.1072994980120001
62019.0916 lsst_hardware_z 173.13738857370416 80.98999786376953 30.989999771118164 AB 1.4829577934163916 1.133615334501
62019.1112 lsst_hardware_r -112.54231651657919 117.6500015258789 31.649999618530273 AB 1.4626489133025025 1.1088373845239767
62022.0948 lsst_hardware_i 15.924276262154724 42.040000915527344 31.290000915527344 AB 2.8858957907490588 1.1171209512577
62022.1144 lsst_hardware_r -2.4902774707434427 45.15999984741211 31.610000610351562 AB 2.780279169828909 1.1021191212323898
62028.0875 lsst_hardware_u 5.76575857080236 2.859999895095825 28.489999771118164 AB 1.1081283102478765 1.1081283102478765
62028.106 lsst_hardware_g 1.3514881101800724 15.279999732971191 31.459999084472656 AB 1.1274237047397235 1.1006414299446319
62029.0857 lsst_hardware_r -6.932860252667524 24.31999969482422 31.510000228881836 AB 3.986669933667514 1.1074083149076428
62029.1039 lsst_hardware_i -35.29429612148725 31.850000381469727 31.25 AB 3.9622935398637074 1.1006370944065853
62032.0676 lsst_hardware_i -46.683435741637005 32.04999923706055 31.25 AB 6.15279462765642 1.1169975118286997
62032.0879 lsst_hardware_z 124.12483785256492 42.560001373291016 30.950000762939453 AB 6.132903079494561 1.101851074289357
62034.0689 lsst_hardware_i 27.46455161003875 31.889999389648438 31.25 AB 4.358943472585813 1.1099932448652148
62034.0886 lsst_hardware_u -4.090777685445529 2.7200000286102295 28.399999618530273 AB 3.9899758540738555 1.1006829942276475
62036.0651 lsst_hardware_g 12.715626816511728 15.279999732971191 31.43000030517578 AB 1.509880958692639 1.1085763279683323
62036.0848 lsst_hardware_r -18.692938190668297 24.270000457763672 31.5 AB 1.4308283152577042 1.1006371655828493
62040.0614 lsst_hardware_z -48.15067400675062 47.56999969482422 30.950000762939453 AB 3.090586720839047 1.1037809717282312
62040.0805 lsst_hardware_g 85.90102792500534 39.369998931884766 31.65999984741211 AB 3.0844486366884047 1.1015887988172874
62042.0647 lsst_hardware_r -53.567283618339154 77.6500015258789 31.639999389648438 AB 3.7403029451309897 1.1008985857633524
62042.0855 lsst_hardware_i -127.82321370419218 66.62000274658203 31.31999969482422 AB 4.101570286471477 1.1068124634612366
62047.0344 lsst_hardware_i 54.76080467230559 84.61000061035156 31.329999923706055 AB 2.6737397292578398 1.1091287593713384
62047.0535 lsst_hardware_z 40.84721179614611 73.76000213623047 30.989999771118164 AB 2.5924252793271614 1.1006617376141359
62049.0363 lsst_hardware_g 73.96371381222271 67.31999969482422 31.700000762939453 AB 3.7640910706264545 1.104054870148583
62049.0548 lsst_hardware_r -5.185170061145684 77.27999877929688 31.639999389648438 AB 4.161256149453727 1.1012984383892659
62053.0297 lsst_hardware_u 0.4812549768340853 2.819999933242798 28.459999084472656 AB 2.645133935026134 1.1021391395942224
62053.0482 lsst_hardware_g -2.3153532515012847 15.300000190734863 31.450000762939453 AB 2.677352356334306 1.1026986640586105
62060.0029 lsst_hardware_y -5.660580292075596 50.97999954223633 30.030000686645508 AB 7.81819915480672 1.1060880671737874
62060.0208 lsst_hardware_u -2.161702625863583 2.799999952316284 28.440000534057617 AB 7.804113677373828 1.100695377735431
62066.0012 lsst_hardware_y -22.583524781262835 58.91999816894531 30.040000915527344 AB 4.358983900347279 1.10068402256102
62066.0191 lsst_hardware_r -44.17103903455578 25.739999771118164 31.520000457763672 AB 4.33908433961156 1.1062037832024372
