data/validation/pwv_sim_epoch_fit_epoch/32706619.ecsv
# %ECSV 0.9
# ---
# datatype:
# - {name: time, datatype: float64}
# - {name: band, datatype: string}
# - {name: flux, datatype: float64}
# - {name: fluxerr, datatype: float64}
# - {name: zp, datatype: float64}
# - {name: zpsys, datatype: string}
# - {name: pwv, datatype: float64}
# - {name: airmass, datatype: float64}
# meta: {SNID: '32706619', alt: 1024.0, c: -0.11969126760959625, dec: -26.777105, lat: -30.244573, lon: -70.7499537, ra: 139.21875, t0: 61400.52734375,
#   x0: 8.339349497529937e-06, x1: 0.5059887170791626, z: 0.4958384037017822}
# schema: astropy-2.0
time band flux fluxerr zp zpsys pwv airmass
[from data line 132]
61774.1521 lsst_hardware_i -35.60985119610071 33.439998626708984 31.200000762939453 AB 3.5176367810164293 1.4292074275333386
61776.1397 lsst_hardware_z -126.01104113278528 69.94999694824219 31.65999984741211 AB 12.001624925912106 1.486729628480905
61778.1332 lsst_hardware_z 44.45698514707807 52.790000915527344 30.90999984741211 AB 10.784538394224759 1.495913407743401
61778.156 lsst_hardware_r 89.31541365158604 49.18000030517578 31.559999465942383 AB 9.599168221359278 1.3255163132760044
61780.219 lsst_hardware_z -38.60044435261827 52.84000015258789 30.969999313354492 AB 7.626752184883805 1.0623327206719126
61780.2368 lsst_hardware_r -39.4978107880363 64.0 31.649999618530273 AB 7.414439754611838 1.0315861871481646
61782.2082 lsst_hardware_i -94.67553905736096 74.41999816894531 31.329999923706055 AB 6.734382292228364 1.073949972181857
61782.225 lsst_hardware_z -87.1246844450517 64.98999786376953 30.989999771118164 AB 5.310059332268805 1.0411881043664324
61783.215 lsst_hardware_r -118.26622217759284 98.97000122070312 31.65999984741211 AB 4.638724328446256 1.054015980105943
61783.2329 lsst_hardware_z -11.202341063974556 67.7300033569336 31.0 AB 4.5305091247922205 1.0258917895895128
61788.124 lsst_hardware_u 3.461472477595593 2.450000047683716 28.149999618530273 AB 5.359281555064108 1.3558362039248963
61788.1404 lsst_hardware_g -3.2563577423331656 13.4399995803833 31.329999923706055 AB 5.592107007009914 1.2587747905480955
61790.1215 lsst_hardware_r 37.75355576648977 23.25 31.43000030517578 AB 10.217649171795866 1.3364702490822231
61790.1391 lsst_hardware_i -82.15535091802963 31.670000076293945 31.219999313354492 AB 9.088851616363462 1.237757267651302
61796.1227 lsst_hardware_r -3.3395825722267043 23.059999465942383 31.450000762939453 AB 16.936394418079495 1.2378444752716649
61796.1393 lsst_hardware_z 30.471213151149602 42.779998779296875 30.93000030517578 AB 15.319869414955628 1.166006615161688
61798.1165 lsst_hardware_r 43.36359970963016 22.989999771118164 31.450000762939453 AB 15.318359129695594 1.2414838723286759
61798.1343 lsst_hardware_u 1.016849894047798 2.549999952316284 28.290000915527344 AB 13.784465746237611 1.1642613034914506
61800.1147 lsst_hardware_g -12.671052386410306 13.5 31.350000381469727 AB 15.63166432866255 1.223853147673717
61800.1341 lsst_hardware_r 8.169970505358275 22.469999313354492 31.469999313354492 AB 13.750170402025306 1.145195408339027
61804.1185 lsst_hardware_r 16.838162531079792 25.270000457763672 31.489999771118164 AB 8.468997939233214 1.1620734931598162
61804.1359 lsst_hardware_z -5.529295649723799 41.65999984741211 30.940000534057617 AB 8.264222152113186 1.1051749727007705
61806.1122 lsst_hardware_z 50.410349171664016 45.61000061035156 30.940000534057617 AB 7.2170652451307875 1.1652330733218046
61806.1322 lsst_hardware_i 3.2757114177006694 36.939998626708984 31.270000457763672 AB 6.944134215533286 1.1002642149889015
61809.1115 lsst_hardware_z -53.59294294333559 54.86000061035156 30.969999313354492 AB 9.783077021644234 1.1384385746814984
61809.1297 lsst_hardware_r 87.63843584373835 66.08000183105469 31.639999389648438 AB 9.41607207759554 1.0853636191107765
61811.1237 lsst_hardware_y 28.739866816200212 82.94999694824219 30.799999237060547 AB 3.7985142213462537 1.0867128538837574
61813.1108 lsst_hardware_r -134.71921312149672 102.66999816894531 31.639999389648438 AB 4.984720792239597 1.1066705427628567
61813.1302 lsst_hardware_i -95.15498669193305 81.63999938964844 31.34000015258789 AB 4.256888409016629 1.059674333240666
61815.118 lsst_hardware_z -27.306089285056903 52.220001220703125 30.969999313354492 AB 3.429745661185647 1.074173246358548
61815.1384 lsst_hardware_r 46.48166871794869 57.81999969482422 31.649999618530273 AB 1.803161845935526 1.0357046788831281
61817.1138 lsst_hardware_u -5.720809589746966 3.200000047683716 28.549999237060547 AB 3.3432294177983857 1.0713189760088735
61817.1318 lsst_hardware_r -9.971573734876294 30.239999771118164 31.56999969482422 AB 3.608991980550404 1.037439304506045
61819.1095 lsst_hardware_i -0.44883373861007475 30.5 31.25 AB 5.835371181245772 1.068749300594479
61819.1291 lsst_hardware_z 4.191877071185437 40.81999969482422 30.950000762939453 AB 5.750741866047765 1.0333149016616732
61821.1077 lsst_hardware_r 11.210761732473259 22.6200008392334 31.5 AB 3.3868187156690137 1.0610057326204976
61821.1281 lsst_hardware_u -1.8155772322357318 2.7799999713897705 28.530000686645508 AB 3.9814160759189283 1.0272192150464867
61823.0151 lsst_hardware_y 52.225496637495944 82.72000122070312 29.940000534057617 AB 6.991414590442761 1.4550290510806994
61823.0352 lsst_hardware_r -33.19810407220329 23.600000381469727 31.450000762939453 AB 6.374407409975752 1.3128445708351328
61825.013 lsst_hardware_z 55.768021649267304 71.20999908447266 30.940000534057617 AB 10.909100501729029 1.428032922306382
61825.0306 lsst_hardware_g -9.090512368539088 14.140000343322754 31.329999923706055 AB 9.793578361574786 1.3076847964181708
61829.0111 lsst_hardware_y 16.135869161549426 74.2300033569336 29.969999313354492 AB 6.811279629707997 1.3622559259415994
61829.0313 lsst_hardware_r 11.337435342612432 23.1299991607666 31.459999084472656 AB 6.2212441130791785 1.2442488226158357
61831.0095 lsst_hardware_y -131.49014089974298 77.83000183105469 29.959999084472656 AB 3.3019039648084245 1.3368032246187955
61831.0291 lsst_hardware_g 1.0205752539740123 14.489999771118164 31.3700008392334 AB 2.9781667726998036 1.228363280140154
61833.0088 lsst_hardware_y -62.716937622514514 68.45999908447266 29.979999542236328 AB 4.7982416491633195 1.307422792687553
61833.0286 lsst_hardware_z -36.979610576056416 43.65999984741211 30.93000030517578 AB 4.352299095447883 1.205650849404986
61837.0054 lsst_hardware_z 34.709594148127685 71.68000030517578 30.959999084472656 AB 10.123572242897003 1.2651302478001754
61837.0246 lsst_hardware_r 19.87576119135979 57.5099983215332 31.600000381469727 AB 9.360574300421906 1.1766906725860806
61839.0032 lsst_hardware_y -34.385848733725986 80.43000030517578 29.989999771118164 AB 12.892653086547531 1.2482398263616663
61839.023 lsst_hardware_z 106.46655177462976 68.01000213623047 30.969999313354492 AB 11.980143337591876 1.1618235307755356
61841.0035 lsst_hardware_y -2.2027206758658373 100.31999969482422 30.760000228881836 AB 8.976780770831565 1.2203621757106469
61841.0243 lsst_hardware_z 139.74622031499922 108.05000305175781 31.739999771118164 AB 8.397784360620138 1.1378469183926119
61847.9963 lsst_hardware_y -127.58646062775335 64.19999694824219 30.010000228881836 AB 6.609913472975422 1.1698961899072347
61848.0134 lsst_hardware_g -2.3560925104217563 13.920000076293945 31.389999389648438 AB 7.5286748147143046 1.1119821009842894
61849.996 lsst_hardware_z 78.79664975553649 55.13999938964844 30.959999084472656 AB 4.629434625216208 1.1507418904340563
61850.0154 lsst_hardware_i -50.82766976556342 30.489999771118164 31.229999542236328 AB 4.0033882679003305 1.0913371016538838
61851.9953 lsst_hardware_y 98.85954394806657 57.880001068115234 30.030000686645508 AB 6.617195359708988 1.1343925529865835
61852.0134 lsst_hardware_r 22.173982038364272 22.329999923706055 31.489999771118164 AB 6.618781295055863 1.0826205705886949
61853.9936 lsst_hardware_y -89.79593309961241 56.099998474121094 30.030000686645508 AB 10.090074058864449 1.1223247998440176
61854.0134 lsst_hardware_r 14.968255360743848 22.15999984741211 31.479999542236328 AB 9.05043792760102 1.0699181850811388
61857.9897 lsst_hardware_y -2.399603513065364 59.93000030517578 30.040000915527344 AB 8.350737805642103 1.1016804492931234
61858.0077 lsst_hardware_u -2.6228224474981254 2.6600000858306885 28.389999389648438 AB 6.883003662641597 1.0589236404063995
61859.9894 lsst_hardware_y -80.02861417553538 53.79999923706055 30.030000686645508 AB 10.150912872228094 1.0879863743009748
61860.0082 lsst_hardware_r 12.093348520073599 22.18000030517578 31.479999542236328 AB 6.255387205922058 1.0476865574902956
61861.9952 lsst_hardware_z 87.05469590265379 64.91000366210938 31.709999084472656 AB 8.306736491029433 1.0621293328966426
61863.9876 lsst_hardware_y 104.76195925782449 52.7599983215332 30.040000915527344 AB 6.662198637726502 1.0666344280702054
61864.0081 lsst_hardware_g -34.40193184641171 30.709999084472656 31.65999984741211 AB 5.256406391556327 1.0306679199130053
61867.9835 lsst_hardware_y 119.537283472906 58.61000061035156 30.059999465942383 AB 9.229174382577414 1.0528976535939094
61868.002 lsst_hardware_i 5.437185828474253 65.83000183105469 31.329999923706055 AB 7.766826787806949 1.0244220867628422
