data/validation/pwv_sim_epoch_fit_epoch/32849359.ecsv
# %ECSV 0.9
# ---
# datatype:
# - {name: time, datatype: float64}
# - {name: band, datatype: string}
# - {name: flux, datatype: float64}
# - {name: fluxerr, datatype: float64}
# - {name: zp, datatype: float64}
# - {name: zpsys, datatype: string}
# - {name: pwv, datatype: float64}
# - {name: airmass, datatype: float64}
# meta: {SNID: '32849359', alt: 1024.0, c: -0.02293405309319496, dec: -17.113819, lat: -30.244573, lon: -70.7499537, ra: 222.890625, t0: 60511.5625,
#   x0: 1.0939636134472567e-05, x1: 0.6859187483787537, z: 0.4430946111679077}
# schema: astropy-2.0
time band flux fluxerr zp zpsys pwv airmass
60364.3793 lsst_hardware_z -116.0147613230115 58.7400016784668 30.979999542236328 AB 11.01719714110098 1.0282271766584388
60364.3976 lsst_hardware_y 108.82484722649578 74.52999877929688 30.06999969482422 AB 11.014123896472631 1.027564737200457
60366.3697 lsst_hardware_r 184.2346627642997 93.48999786376953 31.65999984741211 AB 6.977644726681583 1.0299866745415283
60366.3873 lsst_hardware_y 49.122584496872484 57.310001373291016 30.059999465942383 AB 6.1282021950952945 1.0266141716152493
60368.3684 lsst_hardware_r 18.492305120393727 90.86000061035156 31.65999984741211 AB 4.86784801491163 1.0282194676900522
60368.387 lsst_hardware_y 74.78873299379522 57.47999954223633 30.059999465942383 AB 4.923156001496665 1.0276557197669074
60370.3769 lsst_hardware_z 84.3268736398852 95.5 31.739999771118164 AB 3.0974845521135492 1.0266770142902053
60371.3716 lsst_hardware_i -15.644083735988492 59.290000915527344 31.329999923706055 AB 6.1306748273480585 1.0264552116332277
60371.3902 lsst_hardware_y 72.22418538467365 54.75 30.059999465942383 AB 6.312322174525843 1.0332401153211677
60380.3444 lsst_hardware_r -11.168756382025158 24.200000762939453 31.520000457763672 AB 6.998422841192729 1.0264627223808755
60380.3647 lsst_hardware_z 13.28538786428379 41.619998931884766 30.950000762939453 AB 7.029504264110408 1.032611717092984
60383.2638 lsst_hardware_r 0.029621806842371447 24.43000030517578 31.489999771118164 AB 9.812882367793577 1.1279175135394917
60383.282 lsst_hardware_u 1.9500552679309457 2.6700000762939453 28.350000381469727 AB 9.414623677614056 1.082140652599317
60389.1812 lsst_hardware_z 19.69413915346359 74.63999938964844 31.65999984741211 AB 7.871064311762367 1.4851064739174278
60389.1976 lsst_hardware_r 51.63614711409138 68.77999877929688 32.29999923706055 AB 7.198337211160271 1.3581768322943908
60392.3167 lsst_hardware_r 109.69436136128321 75.18000030517578 31.649999618530273 AB 6.210242379753049 1.026656038973888
60392.3385 lsst_hardware_z -63.295592607530686 56.720001220703125 30.979999542236328 AB 7.056345815044384 1.0376979139771154
60395.2723 lsst_hardware_y -105.05329371554477 91.54000091552734 30.81999969482422 AB 7.31578836682842 1.0449882204730319
60397.3077 lsst_hardware_r -2.931586855022866 125.37000274658203 31.670000076293945 AB 7.636893652854163 1.0276152033443593
60397.3284 lsst_hardware_i 102.02489391142036 99.66999816894531 31.34000015258789 AB 7.798195319096443 1.041101239699583
60399.2896 lsst_hardware_i -7.8801398856844305 72.05999755859375 31.329999923706055 AB 4.6853239197280665 1.0267515300998338
60399.3084 lsst_hardware_z 83.0261277470266 65.8499984741211 30.989999771118164 AB 4.17939890026622 1.0300428589688773
60401.2864 lsst_hardware_r 22.035665888365042 43.52000045776367 31.6200008392334 AB 8.109355053974676 1.0265006397436298
60401.305 lsst_hardware_z -31.217805136045573 46.619998931884766 30.959999084472656 AB 9.07447253222847 1.0311510017304422
60413.2869 lsst_hardware_r 8.209897101133972 24.649999618530273 31.530000686645508 AB 7.31856818263251 1.043422894586899
60413.3044 lsst_hardware_i 44.70351029395169 32.060001373291016 31.260000228881836 AB 7.881399674631865 1.0686643626619479
60420.1419 lsst_hardware_z -119.1462522587281 80.05000305175781 31.709999084472656 AB 8.693437044960227 1.202411762788413
60420.1623 lsst_hardware_i 65.22981885502455 80.02999877929688 32.060001373291016 AB 8.274762560994965 1.1293520623713136
60423.2395 lsst_hardware_z 104.50726139890337 91.56999969482422 31.0 AB 8.28254462216019 1.0285468112625453
60423.2573 lsst_hardware_r -136.8545523332196 136.75 31.670000076293945 AB 8.830996904977058 1.0409819534354094
60426.241 lsst_hardware_y 28.80790281675252 92.05999755859375 30.81999969482422 AB 2.963713414572734 1.033913627968859
60429.2153 lsst_hardware_r 7.727556567011815 51.63999938964844 31.639999389648438 AB 10.084622739454101 1.0266075626146236
60429.2326 lsst_hardware_i -17.28214098892723 46.68000030517578 31.309999465942383 AB 10.174290222774507 1.0337624692922684
60432.2147 lsst_hardware_z -52.010990483361006 42.36000061035156 30.959999084472656 AB 12.1461105979434 1.0284598304778492
60432.2338 lsst_hardware_r -6.76092238067908 27.229999542236328 31.549999237060547 AB 12.338417929779075 1.0420961089340435
60443.1467 lsst_hardware_g 3.915164202561204 15.869999885559082 31.479999542236328 AB 6.54647094896044 1.0392323445275673
60443.1655 lsst_hardware_i 14.451554381801111 31.719999313354492 31.260000228881836 AB 6.396223985559656 1.027615913708542
60445.1427 lsst_hardware_z -74.98256355995754 42.56999969482422 30.950000762939453 AB 6.977387714414991 1.0378770167587656
60445.1631 lsst_hardware_r 9.198703732420332 26.8799991607666 31.540000915527344 AB 6.754169043514674 1.0268986344619215
60449.1347 lsst_hardware_r -39.803597425376196 71.70999908447266 31.649999618530273 AB 7.972572656345154 1.0353990462785914
60449.1542 lsst_hardware_i -111.86768410134535 60.209999084472656 31.329999923706055 AB 7.9048406068479125 1.0266026762140146
60458.1069 lsst_hardware_g 37.36954909075269 35.27000045776367 31.68000030517578 AB 9.941355620946085 1.0381532603327157
60458.1263 lsst_hardware_i 44.47372523222393 42.54999923706055 31.299999237060547 AB 9.336582998131204 1.0271645089439883
60460.1034 lsst_hardware_z -14.911961208569782 41.83000183105469 30.950000762939453 AB 9.037016005921624 1.0364342846458505
60460.1233 lsst_hardware_r -10.334970392244873 24.360000610351562 31.510000228881836 AB 9.102827104851112 1.0267118322638775
60462.1084 lsst_hardware_u 0.005660099676293364 2.799999952316284 28.469999313354492 AB 9.846747109563262 1.0295906009215112
60462.1274 lsst_hardware_g 0.14650752965748184 15.529999732971191 31.479999542236328 AB 10.86346726863762 1.0269383436817716
60464.1054 lsst_hardware_r 58.05994664480189 24.31999969482422 31.520000457763672 AB 11.912739740077855 1.0285415572858725
60464.1241 lsst_hardware_i -8.447062315401343 31.440000534057617 31.260000228881836 AB 11.964561323426288 1.027427229330591
60466.0822 lsst_hardware_i -0.5265358263964267 31.6200008392334 31.25 AB 4.2913178175874815 1.0409082675261754
60466.1014 lsst_hardware_z -36.15521125094204 41.66999816894531 30.950000762939453 AB 5.242895560735935 1.028018737399203
60468.0795 lsst_hardware_r -4.63808079368776 24.110000610351562 31.510000228881836 AB 3.114722009310955 1.0382406697703184
60468.0983 lsst_hardware_u -1.559582670115566 2.7699999809265137 28.450000762939453 AB 2.4786915657974755 1.0273304593502504
60485.0383 lsst_hardware_z 35.15225778264652 53.71333400719357 30.969999313354492 AB 5.258351287433005 1.0339551590941216
60485.058 lsst_hardware_g -24.152654663137422 72.01597436380672 31.729999542236328 AB 4.844049585205957 1.0264447921186874
60487.0315 lsst_hardware_r 72.44272293259394 26.107784238305744 31.520000457763672 AB 8.483058841948749 1.0349611226680986
60487.0509 lsst_hardware_z 109.88016731900815 42.16334287441742 30.950000762939453 AB 7.787789357103445 1.0265551241842654
60490.0374 lsst_hardware_r 405.8926182078706 31.22528361936984 31.510000228881836 AB 3.6287931873820125 1.02755010261419
60490.0569 lsst_hardware_u 5.8712904067835 3.500023653555969 28.459999084472656 AB 3.2197590167524734 1.0286770021574247
60493.0352 lsst_hardware_g 398.187040455166 24.585522975280988 31.469999313354492 AB 6.8043139697368185 1.0264981348290483
60493.0572 lsst_hardware_r 988.6083777392364 39.94415243782354 31.520000457763672 AB 6.524433505071593 1.0333008058712199
60497.0228 lsst_hardware_z 1862.0245364565812 72.51767801118673 31.700000762939453 AB 3.0799271138127438 1.0266423712709145
60497.0446 lsst_hardware_r 3920.8056463502603 71.48152769129278 32.27000045776367 AB 3.2770170235629164 1.0321855289714346
60499.0146 lsst_hardware_u -3.574424515261229 3.6421538461043594 28.520000457763672 AB 2.502808195581334 1.027109139460829
60499.0371 lsst_hardware_g 1124.3736900687948 37.452510816958124 31.489999771118164 AB 2.5142646121582324 1.0309644744882553
60501.0204 lsst_hardware_r 3180.5151573862754 60.385449216537765 31.530000686645508 AB 5.197556446802948 1.0268468449396668
60501.0442 lsst_hardware_z 1355.023181674255 55.75265587740279 30.950000762939453 AB 6.922707173083259 1.0408520783466033
60503.0022 lsst_hardware_r 3533.6684376575863 66.05513379868034 31.559999465942383 AB 5.866847576417004 1.0274689275686895
60503.0245 lsst_hardware_y 739.3491729619079 52.58454936691722 30.049999237060547 AB 5.9647908726046035 1.0300698030056303
60510.976 lsst_hardware_y 678.9664067894462 59.33103743457699 30.059999465942383 AB 5.6051462058360375 1.0289706656167
60510.9973 lsst_hardware_r 4695.631283544474 111.38303099391364 31.65999984741211 AB 5.633431416196965 1.027873388188231
60515.9606 lsst_hardware_y 707.5911767753573 71.06762075798524 30.06999969482422 AB 8.517391798629639 1.0297587182867933
60515.9799 lsst_hardware_z 2027.8170224799553 61.019349661749395 30.950000762939453 AB 8.451886249071256 1.0269294674002925
60519.9626 lsst_hardware_y 654.4773186277362 75.65977010603883 30.06999969482422 AB 5.4216545973827035 1.0264397193075925
60519.9839 lsst_hardware_u 7.865786648688941 3.41429892565182 28.479999542236328 AB 5.44914087816911 1.033600318317378
60727.3791 lsst_hardware_r -19.553844203087465 38.689998626708984 31.610000610351562 AB 5.370451695846922 1.031159722713736
60727.3957 lsst_hardware_y 198.42207543662644 69.08000183105469 30.06999969482422 AB 5.352398135197484 1.0264123245712382
60729.3802 lsst_hardware_g 27.292967819587854 19.559999465942383 31.56999969482422 AB 9.972943698045915 1.028138525571744
60729.3982 lsst_hardware_z -55.496952311678754 68.31999969482422 31.0 AB 9.96692464844673 1.0275180049945083
60731.3847 lsst_hardware_i 7.833136461040003 32.5099983215332 31.270000457763672 AB 8.313932972331086 1.0264114780655662
60733.367 lsst_hardware_r -19.7757050487393 24.729999542236328 31.520000457763672 AB 5.350886874747632 1.0290167066822369
60733.385 lsst_hardware_y -41.15538610947792 48.15999984741211 30.049999237060547 AB 5.136936434060291 1.0269764962135728
60738.3762 lsst_hardware_z 34.45484556620934 41.650001525878906 30.950000762939453 AB 7.09599155943733 1.0283424758559019
60738.3933 lsst_hardware_y 35.552520939893384 49.29999923706055 30.049999237060547 AB 7.090745707826825 1.0397623082290206
60740.3497 lsst_hardware_r -23.698349488339204 24.389999389648438 31.520000457763672 AB 7.394011746589771 1.0283028644169072
60740.3681 lsst_hardware_u -1.2894398586401825 2.819999933242798 28.479999542236328 AB 7.325798275638788 1.027497215980755
60742.3513 lsst_hardware_g -35.511923110003934 15.449999809265137 31.459999084472656 AB 8.347365500951014 1.0266099496926595
60742.3693 lsst_hardware_r 18.49971060234805 24.329999923706055 31.510000228881836 AB 8.392444275415476 1.0300953420375558
60749.2051 lsst_hardware_r 114.18791879474236 171.3699951171875 32.31999969482422 AB 14.374649664450011 1.4069803913001997
60749.2354 lsst_hardware_z 30.16598991587931 79.30999755859375 30.969999313354492 AB 11.281259452061866 1.2266238395195905
60751.3635 lsst_hardware_z 243.28244938385131 112.66999816894531 31.75 AB 9.25908586994469 1.0459092405239123
60751.3852 lsst_hardware_i -116.70448733114847 129.49000549316406 32.08000183105469 AB 9.76715169670492 1.0809552916263363
60753.315 lsst_hardware_r 7.917231221358221 96.70999908447266 31.670000076293945 AB 5.6541390481734854 1.0280252814860882
60753.335 lsst_hardware_z -104.11419074703694 72.8499984741211 31.0 AB 6.6849998494913505 1.0282505921079805
60755.3152 lsst_hardware_r 80.69127052549293 51.790000915527344 31.649999618530273 AB 4.032566843726781 1.0266862309787692
60755.3353 lsst_hardware_y 72.09669148841574 50.02000045776367 30.059999465942383 AB 6.117892440093364 1.0308882859105577
60761.3062 lsst_hardware_u 3.1592664024940893 2.890000104904175 28.549999237060547 AB 7.146438693953527 1.0266027931698254
60761.3243 lsst_hardware_r 2.6497754794336705 24.299999237060547 31.520000457763672 AB 7.187324224473822 1.0344078328318385
60768.2876 lsst_hardware_u -4.016291236731669 2.859999895095825 28.530000686645508 AB 6.10455722512943 1.026666199988145
60768.3056 lsst_hardware_g 7.829775183352042 15.3100004196167 31.459999084472656 AB 5.952909359584907 1.0347187391729125
60770.289 lsst_hardware_r -8.903429268750184 24.1200008392334 31.510000228881836 AB 7.059616489679935 1.0283990224842403
60770.3085 lsst_hardware_i -15.954588554136173 31.40999984741211 31.25 AB 7.160104444433123 1.0423794503469153
60772.2705 lsst_hardware_z -24.838240640883225 41.52000045776367 30.950000762939453 AB 8.211979962319965 1.0264974952899957
60772.2912 lsst_hardware_r -27.247278976061054 24.299999237060547 31.520000457763672 AB 8.25818779417534 1.0322734742719175
60774.2717 lsst_hardware_z -26.096740785689082 51.209999084472656 30.969999313354492 AB 5.439635854315075 1.0267338343365562
60774.2891 lsst_hardware_r 50.89575119641771 51.36000061035156 31.6299991607666 AB 5.2621146126003 1.0346273324027329
60779.2487 lsst_hardware_r 28.076603709720434 162.6199951171875 31.670000076293945 AB 6.757518445279487 1.026835437608158
60779.2673 lsst_hardware_z 28.220081183208354 106.83999633789062 31.010000228881836 AB 7.273678109858335 1.029609754385779
60781.2025 lsst_hardware_y -131.70207789731467 63.0099983215332 30.059999465942383 AB 18.08431837374055 1.0635331906457628
60781.2186 lsst_hardware_r 269.50114358624774 112.66000366210938 31.65999984741211 AB 17.07185299611121 1.041734183993972
60783.2512 lsst_hardware_i -4.360961308316383 55.40999984741211 31.31999969482422 AB 13.112855469716918 1.0276331161001484
60783.2691 lsst_hardware_z 12.0458948626555 54.41999816894531 30.979999542236328 AB 13.212073512708995 1.0384809206295142
60791.2259 lsst_hardware_u -2.7679421965492383 2.819999933242798 28.459999084472656 AB 6.102632000757803 1.026831711616894
60791.2429 lsst_hardware_r -13.85535155196331 24.829999923706055 31.520000457763672 AB 6.14009857709893 1.0347899405256327
60793.2143 lsst_hardware_i -38.59998788298895 31.899999618530273 31.260000228881836 AB 2.202971757116121 1.0264283084991406
60793.2324 lsst_hardware_z -36.41587773210889 41.959999084472656 30.950000762939453 AB 2.2001734985846597 1.0313716154152865
60796.2104 lsst_hardware_r -34.74047264077291 24.739999771118164 31.520000457763672 AB 9.409227422414986 1.026573163153979
60796.2286 lsst_hardware_u -1.0749794522081157 2.7899999618530273 28.440000534057617 AB 9.512620896035564 1.0342990663105194
60799.2106 lsst_hardware_g 0.9959999144500045 15.899999618530273 31.479999542236328 AB 9.821479398211022 1.0286964543818824
60799.2293 lsst_hardware_r 4.4287829893746595 24.81999969482422 31.520000457763672 AB 9.933103812059109 1.0423530942923667
60805.1879 lsst_hardware_z 135.17931639472417 79.83999633789062 31.0 AB 6.434370631437416 1.0268705125179745
60805.2053 lsst_hardware_r -49.967943208509176 114.41999816894531 31.65999984741211 AB 6.5287953454272 1.0352759678779133
60807.1709 lsst_hardware_i -168.77106709886863 137.1199951171875 31.350000381469727 AB 11.973401153787048 1.0270985334580356
60807.1917 lsst_hardware_z 15.907439513381478 114.06999969482422 31.010000228881836 AB 12.000777113551365 1.0300212096430663
60809.1551 lsst_hardware_r -66.57015879032541 126.23999786376953 31.670000076293945 AB 6.469207263501459 1.0312232619821666
60809.1752 lsst_hardware_z 30.952474259843616 85.23999786376953 31.0 AB 6.065444729155167 1.0266059711683098
60811.1514 lsst_hardware_y -54.239546117672354 51.9900016784668 30.059999465942383 AB 6.7584835740095315 1.0302566423795019
60811.1719 lsst_hardware_r -13.494086296336693 71.66000366210938 31.649999618530273 AB 5.534530287599167 1.0269415427262183
60813.1588 lsst_hardware_i 60.79568010401594 60.560001373291016 32.060001373291016 AB 8.232347146692122 1.0264772003356761
60813.179 lsst_hardware_z -47.424663506013424 66.63999938964844 31.719999313354492 AB 7.645333178066853 1.0321070777005539
60825.112 lsst_hardware_i -39.351028599411876 31.530000686645508 31.260000228881836 AB 12.460010075772429 1.0308888645151155
60825.1322 lsst_hardware_z -57.808302814303495 41.52000045776367 30.950000762939453 AB 12.331971622423621 1.026694645814255
60827.1202 lsst_hardware_r -3.104600080468256 24.469999313354492 31.520000457763672 AB 7.633782115631021 1.0265058873551922
60827.142 lsst_hardware_u 0.12379113945433173 2.869999885559082 28.510000228881836 AB 7.4286706783671 1.0329074914303233
60831.0955 lsst_hardware_y 104.73961381292304 70.80999755859375 30.809999465942383 AB 9.348610402197936 1.030954600251576
60843.119 lsst_hardware_z -99.019237953381 59.41999816894531 31.700000762939453 AB 5.680855087362209 1.0546957692943952
60843.1425 lsst_hardware_r -101.17288480403839 46.220001220703125 32.31999969482422 AB 5.829079498214587 1.1001030759086412
60845.0612 lsst_hardware_r -1.875992445091828 24.170000076293945 31.520000457763672 AB 3.8953293421788397 1.029013166603841
60845.0848 lsst_hardware_u -3.2967067604414693 2.819999933242798 28.489999771118164 AB 3.76525029679555 1.0286163903279744
60848.046 lsst_hardware_g 2.081417471087287 15.369999885559082 31.469999313354492 AB 3.074821558317659 1.0328591059178878
60848.0673 lsst_hardware_i -28.99496663136212 31.389999389648438 31.260000228881836 AB 3.035281856919758 1.0264734044368475
60850.0392 lsst_hardware_z -51.11498865464602 41.630001068115234 30.950000762939453 AB 4.213217627517221 1.0337915906066055
60850.0594 lsst_hardware_r 23.24754552821591 24.170000076293945 31.510000228881836 AB 3.489784656410452 1.026407251885427
60853.0442 lsst_hardware_u -0.7520550592448367 2.880000114440918 28.530000686645508 AB 7.809990776826738 1.0273600074752351
60853.0627 lsst_hardware_g 2.751743249953622 15.5600004196167 31.489999771118164 AB 7.7478215559086845 1.0285173975718418
60859.0272 lsst_hardware_r -15.070873381870733 42.79999923706055 31.610000610351562 AB 6.863869096115906 1.0275253137897424
60859.048 lsst_hardware_i -39.293514336877664 41.86000061035156 31.299999237060547 AB 6.513621645592628 1.0292113996591157
60862.0068 lsst_hardware_i -85.71127462358884 81.7699966430664 31.34000015258789 AB 5.923678843785423 1.0335302876708405
60862.0255 lsst_hardware_z 82.30752549694152 73.2300033569336 31.0 AB 5.864602505478283 1.0264465748627432
60865.9926 lsst_hardware_z -58.17247486802395 65.7699966430664 30.989999771118164 AB 8.298685575694067 1.0360406461540257
60866.0117 lsst_hardware_i 36.19815988673306 74.66000366210938 31.34000015258789 AB 8.392786374490436 1.0267451982249425
60870.9931 lsst_hardware_u -1.0283850602621756 2.9100000858306885 28.540000915527344 AB 6.471405429677159 1.027927848308019
60871.0134 lsst_hardware_g 20.531695579013157 15.850000381469727 31.479999542236328 AB 5.606225104895821 1.0284607227728573
60875.9733 lsst_hardware_z -46.68189751213551 42.2400016784668 30.950000762939453 AB 3.122412321069734 1.0305841475596955
60875.9919 lsst_hardware_r -14.424279491435595 24.770000457763672 31.520000457763672 AB 3.115629103936605 1.0265664263382552
60877.9737 lsst_hardware_y 121.13879873182982 47.880001068115234 30.059999465942383 AB 5.541898789308904 1.0280226537595742
60877.9924 lsst_hardware_z 56.14078839062906 41.880001068115234 30.959999084472656 AB 5.4482541142611325 1.0278108689063605
60879.9609 lsst_hardware_y -40.300043002366145 73.55000305175781 30.06999969482422 AB 5.833454666672521 1.0314201771067983
60879.9786 lsst_hardware_u -0.44940023428651255 3.0399999618530273 28.530000686645508 AB 5.655448950366961 1.0264127921535948
60881.9628 lsst_hardware_y 153.95943058727946 65.68000030517578 30.06999969482422 AB 8.510680150530636 1.028015117080554
60881.9838 lsst_hardware_i -10.453377905565613 32.290000915527344 31.260000228881836 AB 8.46561847202638 1.028629218958248
