data/validation/pwv_sim_epoch_fit_epoch/33153715.ecsv
# %ECSV 0.9
# ---
# datatype:
# - {name: time, datatype: float64}
# - {name: band, datatype: string}
# - {name: flux, datatype: float64}
# - {name: fluxerr, datatype: float64}
# - {name: zp, datatype: float64}
# - {name: zpsys, datatype: string}
# - {name: pwv, datatype: float64}
# - {name: airmass, datatype: float64}
# meta: {SNID: '33153715', alt: 1024.0, c: -0.036247044801712036, dec: -0.149208, lat: -30.244573, lon: -70.7499537, ra: 356.835938, t0: 61711.0,
#   x0: 2.3546391617942526e-06, x1: 0.8625898361206055, z: 0.8336637020111084}
# schema: astropy-2.0
time band flux fluxerr zp zpsys pwv airmass
61575.4077 lsst_hardware_i 12.128316872582682 65.1500015258789 31.299999237060547 AB 3.46584544736629 1.1918654640606243
61575.4278 lsst_hardware_y 59.07362288042015 54.58000183105469 30.010000228881836 AB 3.059161914220861 1.1651360958089012
61579.4013 lsst_hardware_i 76.64899809294221 65.37999725341797 31.299999237060547 AB 3.8952487105272176 1.1840861416132995
61579.4252 lsst_hardware_y 47.38901056086466 54.88999938964844 30.010000228881836 AB 3.2952668934993494 1.1597947711392345
61581.4207 lsst_hardware_z 244.34838501582541 90.05000305175781 31.719999313354492 AB 4.756578679012737 1.1593870683326462
61584.3398 lsst_hardware_z -37.81019562631948 49.06999969482422 30.93000030517578 AB 6.695561384477131 1.3288799016527413
61584.3592 lsst_hardware_y 46.02697849842562 50.70000076293945 29.989999771118164 AB 6.292732654750238 1.2521605123371282
61586.4175 lsst_hardware_u -5.843869265890078 3.0199999809265137 28.43000030517578 AB 5.211535839161906 1.1576903011836888
61586.4416 lsst_hardware_y -5.132784199423106 61.310001373291016 30.010000228881836 AB 5.326751465361829 1.1730779516304266
61590.3927 lsst_hardware_i 39.93057453600324 33.02000045776367 31.239999771118164 AB 7.334547539464178 1.1610501869716137
61590.4153 lsst_hardware_r 14.724019426077698 25.510000228881836 31.5 AB 7.368134426682673 1.1601229842311396
61597.2827 lsst_hardware_r -49.540804241524235 36.810001373291016 32.189998626708984 AB 12.634412787717464 1.4535540333887118
61597.3167 lsst_hardware_i -96.48978750963055 47.869998931884766 31.979999542236328 AB 10.94537579392098 1.2766519850610578
61599.3947 lsst_hardware_z 90.35522866019342 43.650001525878906 30.93000030517578 AB 7.097242627146723 1.1624025703685195
61599.4161 lsst_hardware_r -11.507737541722632 25.18000030517578 31.479999542236328 AB 7.248267920611477 1.187688983905532
61606.3298 lsst_hardware_i -42.36232508447921 85.73999786376953 31.309999465942383 AB 3.785848859144 1.1806795132212693
61606.3525 lsst_hardware_z -21.534634092743396 74.1500015258789 30.979999542236328 AB 3.031785558221148 1.1593826226467105
61609.2974 lsst_hardware_z 3.1147668851207486 81.7300033569336 30.969999313354492 AB 5.949585815770782 1.2325425945489752
61609.3194 lsst_hardware_r -207.12092520698567 107.01000213623047 31.6200008392334 AB 5.752362824487979 1.1841010342708889
61610.3444 lsst_hardware_i 71.54996068978798 74.25 31.309999465942383 AB 5.819987578795418 1.1584370180723365
61610.3654 lsst_hardware_r -0.5772055641462631 86.70999908447266 31.6299991607666 AB 5.888194414577917 1.1629087059732555
61616.3335 lsst_hardware_u 3.3348757936399878 2.75 28.3799991607666 AB 5.543395998478876 1.1576476972911927
61616.3513 lsst_hardware_g -13.683561627882634 15.380000114440918 31.420000076293945 AB 5.578194710344372 1.1646310899180956
61618.3256 lsst_hardware_r -37.198318864742625 34.91999816894531 32.2400016784668 AB 5.70087269221287 1.1578314683346778
61618.3449 lsst_hardware_i -43.91084860603439 46.08000183105469 31.989999771118164 AB 6.000362373020803 1.163894746241811
61621.2946 lsst_hardware_i -59.54138412456345 32.599998474121094 31.239999771118164 AB 2.1408054949289976 1.1729369892771424
61621.3157 lsst_hardware_z 0.7636976248749131 43.38999938964844 30.940000534057617 AB 2.1178226052547426 1.1581239182946095
61623.2847 lsst_hardware_i -5.59091408017271 32.83000183105469 31.239999771118164 AB 1.4280859055546546 1.178774994267152
61623.3042 lsst_hardware_u -2.265980989866347 2.7699999809265137 28.399999618530273 AB 3.246328403423746 1.1602317381786083
61625.2909 lsst_hardware_g 9.797816385888225 15.350000381469727 31.420000076293945 AB 3.5453574017771867 1.165501159393375
61625.3098 lsst_hardware_r -58.38969031699971 24.579999923706055 31.489999771118164 AB 2.987517992806029 1.1576535750992103
61628.2793 lsst_hardware_i -26.2001778397032 38.560001373291016 31.270000457763672 AB 7.792024078082849 1.1687013503442722
61628.2999 lsst_hardware_r 16.233056078534688 29.190000534057617 31.530000686645508 AB 6.509474011907528 1.157685747738245
61630.2964 lsst_hardware_z -52.23848090157944 72.81999969482422 31.709999084472656 AB 4.297245672097277 1.1576631659744818
61643.228 lsst_hardware_g -9.989842750499061 15.40999984741211 31.40999984741211 AB 2.9403261855418688 1.1818823014169768
61643.2438 lsst_hardware_r -36.172888187216024 24.739999771118164 31.479999542236328 AB 2.8886931645679246 1.163857036489897
61650.227 lsst_hardware_i -16.291456875771765 32.810001373291016 31.239999771118164 AB 2.529396655130498 1.1622285136148711
61650.2438 lsst_hardware_u 2.5257259993088597 2.700000047683716 28.31999969482422 AB 2.5368035431811538 1.1578290931908506
61652.1981 lsst_hardware_u 3.743274167429109 2.740000009536743 28.350000381469727 AB 1.7861622695534702 1.1907748463689802
61652.2166 lsst_hardware_g -20.69639860767601 15.729999542236328 31.43000030517578 AB 1.9037227592824613 1.1660204732232307
61654.2009 lsst_hardware_r -5.764647469689439 25.15999984741211 31.489999771118164 AB 0.7480781295701511 1.177612167760962
61654.2186 lsst_hardware_i 4.296933404818694 32.7400016784668 31.239999771118164 AB 0.46709956512591205 1.1607361320171763
61656.2055 lsst_hardware_z -50.68563798909006 64.1500015258789 31.700000762939453 AB 3.0072887073215226 1.1661807881032131
61677.1438 lsst_hardware_u 0.14329065701769128 2.8061011369882243 28.3799991607666 AB 4.671615047311247 1.1705374711379024
61677.163 lsst_hardware_r -2.18372082900841 25.292884284517015 31.5 AB 4.624587711177995 1.1581012236093393
61679.1363 lsst_hardware_i 13.091431608792696 33.0990681064164 31.239999771118164 AB 7.045145731615272 1.1728877466616079
61679.1556 lsst_hardware_z 10.56914238558328 43.50690577088991 30.940000534057617 AB 6.796017164681931 1.158576587244904
61681.1396 lsst_hardware_r -5.690377887973467 25.20032595512131 31.489999771118164 AB 3.6826882576150597 1.1642103082635575
61681.1582 lsst_hardware_u 0.37279954541903043 2.9220706056210335 28.420000076293945 AB 3.653813303842899 1.157735520862655
61685.1052 lsst_hardware_r 70.98624898740279 32.91258229966384 31.530000686645508 AB 9.7490806900855 1.1960472358584848
61685.1238 lsst_hardware_i 119.26457192599484 37.884781572240634 31.25 AB 9.499837241990026 1.1685874908134966
61687.1023 lsst_hardware_z 127.62434156702338 51.285200723343465 30.950000762939453 AB 6.61003823818129 1.1912125136382372
61687.1224 lsst_hardware_r 173.2633698694291 48.55865257466833 31.600000381469727 AB 6.72224507852238 1.1648655731730937
61690.1008 lsst_hardware_z 97.18678679287127 80.09334361047594 30.979999542236328 AB 6.84092864386711 1.1801996021450798
61690.1178 lsst_hardware_r 265.73446161395964 108.80870545049078 31.6299991607666 AB 6.710011986232774 1.1622254851228084
61691.1093 lsst_hardware_i 118.02482430192981 117.48352738705454 31.31999969482422 AB 6.102369767650687 1.1667639210319658
61691.128 lsst_hardware_z 271.3181127999048 99.232181931443 30.989999771118164 AB 6.749840023488054 1.1576942797377183
61693.1003 lsst_hardware_r 557.2795270430174 150.53011224970805 31.6299991607666 AB 7.256063052725028 1.1703327504395207
61693.1182 lsst_hardware_z 571.219606608727 101.67424568483575 30.989999771118164 AB 7.1817898496415395 1.158353201555087
61695.1072 lsst_hardware_g 71.9586805845869 97.51340020918431 31.690000534057617 AB 8.00386338203696 1.160456716338135
61695.124 lsst_hardware_r 512.9543708261169 97.64662771906188 31.6299991607666 AB 7.972827323900788 1.1584342695372023
61697.1053 lsst_hardware_i 598.8751010777803 48.4623691336857 31.270000457763672 AB 4.898362892724925 1.1589415152644789
61697.1216 lsst_hardware_z 389.8707333996044 52.931393502342544 30.950000762939453 AB 4.877678777089475 1.1594656575625992
61701.0728 lsst_hardware_z 471.04415670477823 48.91654215636082 30.940000534057617 AB 5.15747224753276 1.177303486282576
61701.0898 lsst_hardware_r 508.2304826615901 34.00471917288769 31.489999771118164 AB 6.200891341781523 1.1609981916835355
61706.0714 lsst_hardware_i 817.0564894379207 43.32517780617492 31.239999771118164 AB 3.222401371229518 1.164162345097369
61706.0871 lsst_hardware_z 567.7228682706645 49.230668802629154 30.940000534057617 AB 4.339410070620592 1.1576905479644588
61708.074 lsst_hardware_r 605.0662575011243 34.28285956963865 31.489999771118164 AB 5.99454486179707 1.1594116810902722
61708.0929 lsst_hardware_u -4.9153146073288045 2.7286220703390773 28.31999969482422 AB 6.960303518607665 1.160050586434611
61721.0515 lsst_hardware_z 532.9551853159338 83.94423431838496 30.979999542236328 AB 5.2292269630858526 1.1580829299074915
61721.0689 lsst_hardware_r 435.16410714165386 116.60048392622497 31.6299991607666 AB 5.217562521544001 1.1685470373000237
61723.0184 lsst_hardware_y 248.85231208197777 62.69564787418103 30.020000457763672 AB 7.127697239021172 1.1703135645926532
61723.0364 lsst_hardware_z 621.4511155144662 71.85439058770866 30.969999313354492 AB 7.023290560978461 1.1583216977975361
61725.021 lsst_hardware_y 306.19893818904904 56.34668374871321 30.010000228881836 AB 7.609318693859455 1.1630597927182966
61725.0396 lsst_hardware_i 620.1576266887375 40.670225261556595 31.239999771118164 AB 7.571297626853522 1.1579120821032955
61727.0212 lsst_hardware_y 201.67205763347295 57.924144492037726 30.010000228881836 AB 8.791563721358962 1.1597986506195497
61727.041 lsst_hardware_r 222.89336611328673 29.34460899579933 31.479999542236328 AB 8.803343401434647 1.1600391015001843
61730.0219 lsst_hardware_y 143.09148382383538 61.382425610802876 30.010000228881836 AB 5.30677681234045 1.1576738246815992
61730.0422 lsst_hardware_g 30.2187214077148 16.27131710596881 31.420000076293945 AB 4.541200090477734 1.1665040047464617
61946.35 lsst_hardware_u -2.142948019867688 3.8499999046325684 29.010000228881836 AB 4.7622467712047785 1.3228463253346607
61946.3726 lsst_hardware_y -127.67082362905037 70.08999633789062 30.729999542236328 AB 4.480725954960481 1.238225669204242
61952.4007 lsst_hardware_z 92.38911283110882 61.83000183105469 31.68000030517578 AB 11.2678675899773 1.1616358340182784
61957.3952 lsst_hardware_r -26.10700370310913 68.80000305175781 31.6200008392334 AB 5.712137065130554 1.158256924325222
61957.4167 lsst_hardware_z 5.190796374584672 54.099998474121094 30.959999084472656 AB 6.083860295586123 1.164041001738472
61959.3736 lsst_hardware_r 51.146894286074925 91.5999984741211 31.6299991607666 AB 1.846273971900263 1.1679734125577643
61959.3937 lsst_hardware_i 21.975408140300612 71.8499984741211 31.309999465942383 AB 1.833542438189453 1.1577221393461425
61961.3692 lsst_hardware_z 122.82247549582966 68.0999984741211 30.969999313354492 AB 9.305922489660718 1.1669599961954704
61961.3885 lsst_hardware_i -47.68383544473477 74.62000274658203 31.309999465942383 AB 11.074301079742254 1.157713462704351
61963.3805 lsst_hardware_z 19.93743854603707 102.8499984741211 31.729999542236328 AB 8.874201977952664 1.1579451284231876
61966.3713 lsst_hardware_r 5.1254493185655345 53.869998931884766 31.600000381469727 AB 4.238721807413 1.1581207124079236
61966.3939 lsst_hardware_i 33.83730096701734 50.189998626708984 31.290000915527344 AB 5.499910371049503 1.1654821722927535
61967.3928 lsst_hardware_z -27.309582636065123 66.30000305175781 31.690000534057617 AB 3.8361072460046826 1.1669358890705788
61975.3417 lsst_hardware_r 25.865253500842528 24.649999618530273 31.479999542236328 AB 5.912120260043484 1.1596940486550578
61975.3608 lsst_hardware_g -9.627091994997496 15.329999923706055 31.40999984741211 AB 5.81936324656507 1.1599288910832348
61977.3393 lsst_hardware_r 3.043037654454022 24.65999984741211 31.479999542236328 AB 8.29752317999543 1.158602259250002
61977.3583 lsst_hardware_i -23.20152698797191 32.540000915527344 31.229999542236328 AB 8.269304248471576 1.1614735121220436
61982.3287 lsst_hardware_u -0.33763030171579017 2.700000047683716 28.34000015258789 AB 3.914531500594563 1.1579455716995282
61982.3482 lsst_hardware_g -10.196837189750628 15.300000190734863 31.40999984741211 AB 4.571673247024002 1.163867934578412
61984.3324 lsst_hardware_r 2.847384595541156 42.41999816894531 31.579999923706055 AB 1.5962751705923717 1.158540102038562
61984.3521 lsst_hardware_i -7.257431431793429 40.95000076293945 31.270000457763672 AB 1.6710059301127402 1.1730473359863094
61989.2832 lsst_hardware_r 183.6815882558004 126.19999694824219 31.6299991607666 AB 4.9511399894143775 1.1780948578873043
61991.2598 lsst_hardware_r -89.31354572818749 134.14999389648438 31.6200008392334 AB 4.023656745592663 1.211579869193816
61991.2798 lsst_hardware_i 46.42960660875341 109.31999969482422 31.31999969482422 AB 3.9126386328109963 1.175319505200059
61993.2581 lsst_hardware_z -1.0094852562597612 70.73999786376953 30.969999313354492 AB 7.916851632066389 1.2031232296746155
61993.2781 lsst_hardware_i -64.90369013163567 76.9800033569336 31.309999465942383 AB 7.707628715689358 1.1707938655966823
62000.2799 lsst_hardware_r -3.5865860877137354 24.81999969482422 31.510000228881836 AB 3.4620462195863064 1.1579072614910024
62000.3001 lsst_hardware_i 10.377388575273812 32.72999954223633 31.25 AB 3.906379099677177 1.1646926355626646
62010.1343 lsst_hardware_r -13.1266948469679 35.5099983215332 31.450000762939453 AB 6.248229035929952 1.6021100092128082
62010.1569 lsst_hardware_g -26.982261819674484 29.389999389648438 31.5 AB 5.550857224836861 1.423296724317144
62012.2301 lsst_hardware_r -6.717385329595322 43.880001068115234 31.59000015258789 AB 3.245808447424409 1.166857440655869
62014.2166 lsst_hardware_z -6.012524359735817 55.560001373291016 30.959999084472656 AB 1.9509450177688623 1.1758583733413535
62014.233 lsst_hardware_i -39.90322143572924 55.81999969482422 31.290000915527344 AB 1.936080432036041 1.160777675964651
62019.195 lsst_hardware_r -92.37481270714797 168.1999969482422 31.6200008392334 AB 0.8267885892874997 1.1879146397808904
62019.2125 lsst_hardware_z 233.86910001754003 112.62000274658203 30.989999771118164 AB 0.46620605845883195 1.1655151461470799
62022.196 lsst_hardware_y -19.496302744284474 54.7599983215332 30.010000228881836 AB 3.834555816964323 1.1742629970797607
62022.2143 lsst_hardware_r 42.01424128595075 76.52999877929688 31.6200008392334 AB 3.585257543505708 1.1593395451918216
62029.1598 lsst_hardware_z -31.65379387257008 44.209999084472656 30.940000534057617 AB 3.825849482086824 1.2031603801310444
62029.1771 lsst_hardware_r 44.6889380952332 25.260000228881836 31.489999771118164 AB 3.5076188392471885 1.1740001135460425
62032.1782 lsst_hardware_u 4.211526780880644 2.799999952316284 28.399999618530273 AB 7.1203452458749705 1.1645333771806439
62032.1969 lsst_hardware_r 20.041333028967312 25.170000076293945 31.489999771118164 AB 7.068676297103846 1.157787120075974
62034.1424 lsst_hardware_g -15.360058531119696 15.9399995803833 31.43000030517578 AB 5.500023887769752 1.2115924414075894
62034.1618 lsst_hardware_i -42.69171944705139 33.029998779296875 31.239999771118164 AB 5.2966512259704555 1.1761188466684103
62036.148 lsst_hardware_z 56.829041489773736 43.68000030517578 30.940000534057617 AB 1.572958067766163 1.1889327798682319
62036.1676 lsst_hardware_r 2.427808067687519 25.200000762939453 31.5 AB 2.3188579474356796 1.1642801409718895
62040.1409 lsst_hardware_r -13.927744352117564 36.529998779296875 31.549999237060547 AB 4.585518161987844 1.1826219764846153
62040.1605 lsst_hardware_i -22.734794861240328 38.220001220703125 31.25 AB 4.523713728474339 1.161639270327909
62045.1377 lsst_hardware_z -34.0245078006921 88.02999877929688 30.979999542236328 AB 5.134473993076013 1.1691180037743527
62045.1569 lsst_hardware_r -60.01496205176931 126.33000183105469 31.6299991607666 AB 5.087972383761566 1.157936364078645
62047.1371 lsst_hardware_i -376.3617410978148 135.6699981689453 31.31999969482422 AB 2.1114141006524836 1.1646503887763642
62047.1562 lsst_hardware_z 100.94434283263345 113.95999908447266 30.989999771118164 AB 2.107693113176659 1.15780807315724
62049.1404 lsst_hardware_r -93.24373786906757 119.33000183105469 31.6299991607666 AB 5.0405508710590485 1.1594136563678088
62049.1603 lsst_hardware_z -126.92379307800907 82.30999755859375 30.979999542236328 AB 5.0847530855996155 1.1607037803114206
62053.1055 lsst_hardware_r -21.12526881616072 25.1299991607666 31.5 AB 3.767167528738008 1.1824747670639837
62053.1233 lsst_hardware_i -23.243738527066355 32.810001373291016 31.25 AB 3.7108636911926203 1.1627334141288985
62056.1052 lsst_hardware_z 38.60799710031032 44.060001373291016 30.940000534057617 AB 6.113573713398172 1.1718187483752047
62056.1242 lsst_hardware_r -9.765097993859735 25.09000015258789 31.5 AB 6.08386523568816 1.1584637072081547
62060.1015 lsst_hardware_i -26.425887709515308 32.540000915527344 31.239999771118164 AB 8.01696695111684 1.1647348379892986
62061.0178 lsst_hardware_r 49.60693586154064 25.56999969482422 31.440000534057617 AB 7.462895176877266 1.4223617757143547
62066.0732 lsst_hardware_u 0.09231849481530696 2.9000000953674316 28.389999389648438 AB 5.113940908900919 1.1777846404654353
62066.0909 lsst_hardware_g 14.935349973648528 16.110000610351562 31.440000534057617 AB 6.20492430155738 1.160847675761458
62078.0475 lsst_hardware_z -10.310523771967839 68.88999938964844 30.969999313354492 AB 4.679198099659895 1.1692149174561548
62078.0663 lsst_hardware_r 152.2388091904213 96.66000366210938 31.6200008392334 AB 4.6656133113789 1.1580077715013404
62080.0435 lsst_hardware_u -1.0467501006413078 2.740000009536743 28.3700008392334 AB 3.7762977031219953 1.1677465453142282
62080.0632 lsst_hardware_g 9.402097546476215 15.420000076293945 31.43000030517578 AB 3.7588613353495854 1.1577601648920695
62087.0198 lsst_hardware_y 32.104068479330735 52.689998626708984 30.010000228881836 AB 5.917256946574538 1.172701624424351
62087.038 lsst_hardware_u -0.5911719354318397 2.740000009536743 28.360000610351562 AB 6.125178588352272 1.1589193677408394
62089.02 lsst_hardware_y -5.347116205138536 53.61000061035156 30.010000228881836 AB 6.5321348327680555 1.166730441670884
62089.0382 lsst_hardware_i 11.507081395789351 32.29999923706055 31.239999771118164 AB 6.4681557371255405 1.157784439819586
62092.0203 lsst_hardware_y 90.4176314271089 57.130001068115234 30.010000228881836 AB 8.790758467005407 1.1606366183373662
62092.0405 lsst_hardware_r -5.176891235216109 24.799999237060547 31.479999542236328 AB 8.805759207173917 1.1595807004080947
62094.0217 lsst_hardware_y 17.40301146488437 55.650001525878906 30.010000228881836 AB 8.657513646988193 1.1581699824291514
62094.0427 lsst_hardware_g 23.110799183981488 15.729999542236328 31.43000030517578 AB 7.729617204590672 1.1641135864543755
