data/validation/pwv_sim_epoch_fit_epoch/33152099.ecsv
# %ECSV 0.9
# ---
# datatype:
# - {name: time, datatype: float64}
# - {name: band, datatype: string}
# - {name: flux, datatype: float64}
# - {name: fluxerr, datatype: float64}
# - {name: zp, datatype: float64}
# - {name: zpsys, datatype: string}
# - {name: pwv, datatype: float64}
# - {name: airmass, datatype: float64}
# meta: {SNID: '33152099', alt: 1024.0, c: 0.02037360705435276, dec: -15.713861, lat: -30.244573, lon: -70.7499537, ra: 287.050781, t0: 62609.1328125,
#   x0: 4.548673397726998e-06, x1: -0.3707992136478424, z: 0.6378860473632812}
# schema: astropy-2.0
time band flux fluxerr zp zpsys pwv airmass
62613.4154 lsst_hardware_z 1050.8379924135038 76.05968607600573 30.989999771118164 AB 6.256624882151321 1.033725713697038
62615.3477 lsst_hardware_i 2613.2883332203173 88.99543075493746 32.060001373291016 AB 10.091200024062594 1.093689546596862
62615.3644 lsst_hardware_y 558.3392177870123 54.200298235818266 30.049999237060547 AB 9.796530710762436 1.062876284123081
62617.4022 lsst_hardware_r 1179.2637033113215 45.08157413562006 31.559999465942383 AB 4.136237221032342 1.033413421869417
62617.422 lsst_hardware_y 485.3816562286811 62.3789767117959 30.059999465942383 AB 4.732064161603133 1.0423048814103817
62619.3953 lsst_hardware_g 121.32078860004009 19.63902824112069 31.479999542236328 AB 5.220113069502975 1.0333106270666705
62619.4136 lsst_hardware_y 343.7712434373639 51.40378609623304 30.040000915527344 AB 5.2048012292350805 1.040093501262652
62621.3688 lsst_hardware_r 867.2120438399721 38.72920704946312 31.520000457763672 AB 10.883405334506927 1.0401801906247659
62621.387 lsst_hardware_z 901.2711112265974 50.91217538258426 30.950000762939453 AB 11.826715340256952 1.0333220532610337
62624.3721 lsst_hardware_r 765.7786447482031 36.593339234551216 31.520000457763672 AB 11.873496917605923 1.0344794857533857
62624.3919 lsst_hardware_u 1.1858996665095713 2.826369117382316 28.459999084472656 AB 11.505965469655818 1.035640456314655
62626.3578 lsst_hardware_g 61.36866428250064 17.560656981518367 31.469999313354492 AB 6.930668558416088 1.038445013684689
62626.3772 lsst_hardware_r 605.239640768297 35.272634886894714 31.520000457763672 AB 7.200049375828356 1.0333763008006251
62630.2675 lsst_hardware_g 91.36590420084798 23.61369047014787 32.150001525878906 AB 10.502974479174693 1.221228767781252
62630.2962 lsst_hardware_i 1382.449205009072 58.32357069360369 32.0 AB 9.271026554815533 1.119655391421217
62632.3768 lsst_hardware_z 651.1388469592895 48.384051097329426 30.950000762939453 AB 7.898010694224873 1.0392119334506413
62632.3982 lsst_hardware_r 439.8593656826457 31.49452084741328 31.510000228881836 AB 8.068744940907981 1.061676965908945
62635.2961 lsst_hardware_r 314.65537881103353 49.04384128362296 31.610000610351562 AB 7.193042706289362 1.0872603569193762
62635.3149 lsst_hardware_y 140.23381430978202 50.37230337152746 30.040000915527344 AB 7.070238047257166 1.055771538023245
62643.3324 lsst_hardware_r 309.39320755694405 99.1672921999666 32.400001525878906 AB 4.37530132350663 1.033556091302614
62643.3556 lsst_hardware_z 999.1196330504911 87.21485813801381 31.729999542236328 AB 4.443846905240455 1.046390700186128
62653.2819 lsst_hardware_g 7.348121141646944 16.03174874447922 31.469999313354492 AB 6.307805334556939 1.0398624026635244
62653.3068 lsst_hardware_r 147.14138079949691 26.24246906315536 31.520000457763672 AB 7.068394049365294 1.0338443834087017
62673.2092 lsst_hardware_z 734.7642501320942 97.75275301513763 32.470001220703125 AB 3.0430076901633525 1.0583761023117568
62677.2244 lsst_hardware_g 35.47974095022826 16.14487508135375 31.469999313354492 AB 4.551452982289951 1.0355194105012782
62677.2483 lsst_hardware_r 60.349077833836255 25.689792142273255 31.520000457763672 AB 4.55451459578123 1.0361177491398015
62679.1981 lsst_hardware_i 93.03554530355099 33.13720750360253 31.25 AB 7.8324663006474164 1.0516906748100068
62679.2162 lsst_hardware_r 9.523377200165251 25.528419966125103 31.510000228881836 AB 7.487704562770453 1.0367431434121641
62681.2175 lsst_hardware_u -0.4827926971728276 2.810627539446045 28.450000762939453 AB 2.7937405554759045 1.0342080042481578
62681.2405 lsst_hardware_g 16.986149181661283 16.15095865396193 31.469999313354492 AB 2.8270175503005994 1.0376915026185975
62683.2015 lsst_hardware_r 56.144882516998074 25.65797725798776 31.520000457763672 AB 7.8106793423654635 1.038872902188909
62683.2229 lsst_hardware_i 97.40881961208935 33.006372294058664 31.25 AB 7.961217902566463 1.033521732125985
62687.2026 lsst_hardware_z 110.23238204073711 43.15014493157613 30.950000762939453 AB 3.721929884852694 1.0338694124590817
62687.2241 lsst_hardware_r 32.83137578181978 25.542191765635696 31.510000228881836 AB 3.7437823698900576 1.0376816288326487
62696.1608 lsst_hardware_z -206.803031288112 110.31999969482422 31.010000228881836 AB 7.824343184488393 1.0426549201436972
62696.1831 lsst_hardware_r 144.61262562018803 163.47999572753906 31.670000076293945 AB 7.492609868727786 1.0332971524666392
62698.1528 lsst_hardware_i 188.2875021062868 106.0 31.34000015258789 AB 3.0058015295663605 1.0448601823468708
62698.1721 lsst_hardware_r 0.21892615346779623 133.8000030517578 31.65999984741211 AB 3.1631685637643385 1.0339686406028727
62704.991 lsst_hardware_i -20.66456680765084 36.7599983215332 31.1200008392334 AB 6.05937573683141 1.8421288214931324
62705.0056 lsst_hardware_z -58.82684977983267 49.16999816894531 30.8799991607666 AB 6.949013441307124 1.645353511092628
62708.1205 lsst_hardware_i -24.707291774391386 31.549999237060547 31.239999771118164 AB 7.633401570988776 1.0499022184357665
62708.1392 lsst_hardware_u -1.7120506555624233 2.6600000858306885 28.350000381469727 AB 9.60847995093837 1.0357499812369564
62710.1177 lsst_hardware_g -4.927259131832845 15.300000190734863 31.440000534057617 AB 3.97898239363425 1.04710062990375
62710.1373 lsst_hardware_r 42.85658223942631 24.190000534057617 31.510000228881836 AB 3.8276071940166583 1.034488430815313
62712.119 lsst_hardware_i -24.932172610057446 31.540000915527344 31.25 AB 5.41409182039452 1.041171503922023
62712.1382 lsst_hardware_r 5.955780639022824 24.209999084472656 31.510000228881836 AB 5.745439484736698 1.0333524253123558
62717.1077 lsst_hardware_u -0.6809563703595616 2.7300000190734863 28.420000076293945 AB 1.9009906815396755 1.0395027650251132
62717.1256 lsst_hardware_g 2.5193034479005143 15.25 31.459999084472656 AB 1.471163978860172 1.0333021800598223
62721.0865 lsst_hardware_z 118.443951205551 49.560001373291016 30.969999313354492 AB 4.612497708475233 1.0482949337443712
62721.1046 lsst_hardware_r 57.613607948547646 51.220001220703125 31.639999389648438 AB 4.555718848958416 1.035390647490549
62724.0823 lsst_hardware_i 13.574410783445087 106.66000366210938 31.34000015258789 AB 8.43801509554422 1.0444165151782294
62724.1004 lsst_hardware_z 156.79864971331676 91.08999633789062 31.0 AB 7.738941965886064 1.0341340236368095
62730.0728 lsst_hardware_i -9.289017480074014 31.469999313354492 31.270000457763672 AB 4.080506866062387 1.0391121616355057
62730.0897 lsst_hardware_z -71.28539643166313 46.130001068115234 30.969999313354492 AB 4.141018638728324 1.033317189950923
62732.0909 lsst_hardware_g -1.315749630809109 15.239999771118164 31.469999313354492 AB 2.2510355044073136 1.0338101746293025
62732.1131 lsst_hardware_r 0.7676647163233817 24.049999237060547 31.510000228881836 AB 2.277244161936451 1.0468884780767502
62734.0589 lsst_hardware_r -46.87848927576826 24.040000915527344 31.520000457763672 AB 3.156901486467565 1.041194421658168
62734.0792 lsst_hardware_i -2.3111651659492884 31.40999984741211 31.260000228881836 AB 3.15467159184513 1.0333021918916245
62739.0525 lsst_hardware_g 1.207268141663509 15.25 31.479999542236328 AB 2.0764794161946 1.0366846810756865
62739.07 lsst_hardware_r 26.94324410797522 24.059999465942383 31.520000457763672 AB 2.071183176962338 1.0335245394023642
62741.0408 lsst_hardware_i -35.328785635992375 31.420000076293945 31.260000228881836 AB 3.6511105736645213 1.0404494629298089
62741.0578 lsst_hardware_z -51.197713715119754 41.66999816894531 30.950000762939453 AB 3.617108728314822 1.0334596366613777
62743.0427 lsst_hardware_i -5.120774078909902 31.3700008392334 31.260000228881836 AB 4.325173835344635 1.0361559167142924
62743.0605 lsst_hardware_u -0.8150483937348928 2.8299999237060547 28.5 AB 4.323887419886592 1.0337427338202358
62745.0213 lsst_hardware_u 3.2142882367863073 2.819999933242798 28.469999313354492 AB 1.8443911766220171 1.0479495321716006
62745.038 lsst_hardware_g -44.71053994302936 15.449999809265137 31.469999313354492 AB 1.8365142090267204 1.0358230169355445
62745.9907 lsst_hardware_r -8.538586356975792 25.18000030517578 31.510000228881836 AB 2.496121344857724 1.0922351275631814
62745.9989 lsst_hardware_i 13.956522962027753 31.940000534057617 31.25 AB 2.3467949155287067 1.0758534148206174
62752.0133 lsst_hardware_i -46.60706419854343 82.9800033569336 31.34000015258789 AB 2.492998989870557 1.0387495791127321
62752.0317 lsst_hardware_z -13.00993313701423 75.87000274658203 31.0 AB 2.479927447339405 1.0333031030580855
62754.0138 lsst_hardware_i -49.15627180908617 78.81999969482422 31.34000015258789 AB 3.3248352012094933 1.035666660121325
62754.0319 lsst_hardware_z 75.49076773376224 69.83999633789062 30.989999771118164 AB 3.315118866949777 1.0340358287429123
62756.0163 lsst_hardware_g 65.9649702508912 92.54000091552734 31.739999771118164 AB 2.1569642843924584 1.033523854524417
62756.035 lsst_hardware_r -46.691256569201634 86.9800033569336 31.65999984741211 AB 2.0808271063488486 1.0373016482297353
62758.9923 lsst_hardware_y 30.351172656194752 48.040000915527344 30.059999465942383 AB 2.3171006473833495 1.0399913139063508
62759.0102 lsst_hardware_i 50.477987408707634 31.799999237060547 31.270000457763672 AB 1.3341185488053973 1.0333326396221552
62760.9932 lsst_hardware_z 46.203759356732235 42.2400016784668 30.950000762939453 AB 6.395450945498406 1.0363159142530203
62761.0121 lsst_hardware_u -4.151514607415601 2.8499999046325684 28.489999771118164 AB 1.7408068183415881 1.033886751799013
62765.9821 lsst_hardware_y -6.897132897381223 67.33999633789062 30.06999969482422 AB 2.0581611876262373 1.0352489521534076
62766.0018 lsst_hardware_z 41.43064338402299 42.099998474121094 30.950000762939453 AB 2.6585059181434225 1.034773630156376
62985.3697 lsst_hardware_u 0.334932648858072 3.9700000286102295 29.219999313354492 AB 11.79921207975977 1.0420877366721417
62985.3927 lsst_hardware_g -6.425524095247725 27.1299991607666 32.66999816894531 AB 12.966383374362941 1.0333014602831367
62985.423 lsst_hardware_z -3.036967813281344 53.130001068115234 30.969999313354492 AB 12.236493715035925 1.0505006086782072
62989.3182 lsst_hardware_r 46.914727983768245 24.719999313354492 31.510000228881836 AB 13.821019172894509 1.1068917354623329
62989.3369 lsst_hardware_i -39.51385912756044 31.889999389648438 31.260000228881836 AB 12.35068154918562 1.068582933828138
62993.2643 lsst_hardware_z -102.54262131622578 140.77999877929688 32.470001220703125 AB 9.361710925429744 1.2663795638051734
62996.2845 lsst_hardware_r -107.08027491272958 107.08000183105469 31.6299991607666 AB 8.15394989329578 1.1484436469430677
63001.3087 lsst_hardware_r 54.847388617192806 38.689998626708984 32.290000915527344 AB 7.72677697165532 1.0615162758147163
63001.3288 lsst_hardware_i -8.5610528803983 32.7599983215332 31.260000228881836 AB 7.528345284348577 1.0400182286353716
63003.3194 lsst_hardware_z -44.48427646765493 41.83000183105469 30.950000762939453 AB 6.491857085722651 1.0430361641585582
63003.3399 lsst_hardware_r -8.897909250988059 24.239999771118164 31.510000228881836 AB 7.647488264795476 1.0334443601074967
63012.3069 lsst_hardware_r -0.06734313214704697 24.020000457763672 31.520000457763672 AB 5.890321000161248 1.0355697960902146
63012.3285 lsst_hardware_u -3.7710727152772017 2.8299999237060547 28.510000228881836 AB 5.877237844352428 1.03515021035973
63016.3038 lsst_hardware_r -10.799575783699359 24.040000915527344 31.520000457763672 AB 13.262410906270398 1.0335151497210482
63016.324 lsst_hardware_i 6.627538788381952 31.40999984741211 31.260000228881836 AB 13.265168990903643 1.0382136267282027
63018.2973 lsst_hardware_z 4.678167797925456 44.31999969482422 30.959999084472656 AB 7.04889829915653 1.0336638428716858
63018.3175 lsst_hardware_r -31.885119845749966 24.059999465942383 31.520000457763672 AB 7.158178001421302 1.0376176074731303
63021.2978 lsst_hardware_z -25.295159670573597 92.79000091552734 31.739999771118164 AB 12.486614954597718 1.0335960064232799
63037.2623 lsst_hardware_r 12.228559137552049 24.459999084472656 31.530000686645508 AB 3.6478339399054813 1.0359730979047137
63037.2888 lsst_hardware_i 8.584874277354167 31.8799991607666 31.260000228881836 AB 3.7223701148249444 1.0604036031217199
63043.2312 lsst_hardware_i -23.594166792775077 44.599998474121094 32.0099983215332 AB 6.116013259312859 1.0334012829027641
63043.2529 lsst_hardware_z 0.20867993235580992 59.119998931884766 31.700000762939453 AB 5.981964840970449 1.0398895855663537
63045.2187 lsst_hardware_i -19.429564322389055 31.670000076293945 31.260000228881836 AB 6.249355498165745 1.034875677609728
63045.2396 lsst_hardware_z 25.65524328192553 41.66999816894531 30.950000762939453 AB 6.279180686166829 1.0356130270345096
63047.2222 lsst_hardware_z 104.97012440641585 46.959999084472656 30.969999313354492 AB 3.4138619367979803 1.0333033153805118
63047.2411 lsst_hardware_r -46.5639470533495 43.27000045776367 31.6200008392334 AB 3.4311632618167933 1.039300278713722
63062.117 lsst_hardware_i -9.383128077684624 32.439998626708984 31.260000228881836 AB 7.131443005989528 1.1116824639109826
63062.1483 lsst_hardware_z -11.257351269490004 42.08000183105469 30.950000762939453 AB 7.355304341888095 1.0533158158224396
63064.1469 lsst_hardware_i 28.821644025716026 44.86000061035156 32.0 AB 1.677911831782957 1.0486948948643482
63064.1696 lsst_hardware_u 2.333787411986526 3.9200000762939453 29.18000030517578 AB 2.2489661502426137 1.034086665756432
63067.2044 lsst_hardware_i -15.496034771290164 31.889999389648438 31.25 AB 3.678276872815867 1.0569761128781228
63067.2231 lsst_hardware_r 2.494576138239821 24.709999084472656 31.510000228881836 AB 3.209726366360685 1.0889656883327177
63072.138 lsst_hardware_g -19.543879152443253 15.460000038146973 31.459999084472656 AB 5.751474995476013 1.0380786924422007
63072.157 lsst_hardware_r 42.65506348530493 24.34000015258789 31.520000457763672 AB 5.822270373796317 1.0334168217600845
63073.1254 lsst_hardware_i 29.278069763197617 32.59000015258789 31.260000228881836 AB 9.600296731188248 1.0456131058311005
63073.1452 lsst_hardware_z 27.800468504641596 42.08000183105469 30.950000762939453 AB 9.39646727571899 1.0340465615904249
63077.1027 lsst_hardware_i -27.435938838317973 59.36000061035156 31.329999923706055 AB 5.508795012464776 1.0593836562432262
63077.1224 lsst_hardware_z 116.62814782304125 57.099998474121094 30.979999542236328 AB 5.404279881513213 1.0392845925986949
63081.1321 lsst_hardware_i 9.449754964924377 109.79000091552734 31.34000015258789 AB 1.9251188708112228 1.0333896868590773
63081.1539 lsst_hardware_r 327.02592612770854 139.72000122070312 31.65999984741211 AB 2.0227875108027935 1.0435705128819228
63085.0991 lsst_hardware_g 2.1143053219417838 21.459999084472656 32.20000076293945 AB 2.9597582595626046 1.0402758805796748
63085.1193 lsst_hardware_r -36.48905295262748 51.34000015258789 32.34000015258789 AB 2.8826584107367146 1.0333034898240756
63094.0803 lsst_hardware_i -46.232924583079544 31.25 31.25 AB 6.006858418347951 1.036797379612442
63094.1026 lsst_hardware_r 9.362077926218689 24.010000228881836 31.520000457763672 AB 5.315253283403738 1.0344984981322962
63099.062 lsst_hardware_z -31.71394658475764 41.529998779296875 30.950000762939453 AB 3.1850358674223336 1.0395025676965841
63099.0793 lsst_hardware_u -0.6277425528474717 2.8399999141693115 28.510000228881836 AB 3.2152264463367484 1.0333364764058326
63100.0185 lsst_hardware_g 52.26243207500925 22.3799991607666 32.220001220703125 AB 3.323286725817693 1.0988493527447458
63100.0334 lsst_hardware_r -30.244484045560363 34.560001373291016 32.27000045776367 AB 3.2533991909515056 1.0693177291541514
63102.0521 lsst_hardware_i -27.193112198395482 32.40999984741211 31.260000228881836 AB 2.6399795090072007 1.040693607571578
63102.0701 lsst_hardware_z -54.33283403164598 41.959999084472656 30.950000762939453 AB 2.6434491315035484 1.0334046643876265
63108.037 lsst_hardware_i -13.736619252403893 90.61000061035156 31.34000015258789 AB 4.887009849959706 1.039789329778661
63108.0541 lsst_hardware_z -68.41598544890411 79.98999786376953 30.989999771118164 AB 4.314855990975953 1.0333746835051978
63110.0425 lsst_hardware_z 14.768388560826265 70.19000244140625 30.989999771118164 AB 1.344135193483275 1.0344806517316123
63110.0597 lsst_hardware_r 409.04507897115917 104.05000305175781 31.65999984741211 AB 1.3372274597771434 1.0347388133431596
63113.0252 lsst_hardware_r 8.14719213079811 24.190000534057617 31.520000457763672 AB 1.8608914429364907 1.0385887779748797
63113.0449 lsst_hardware_i -60.76065889898289 31.350000381469727 31.260000228881836 AB 1.6076327408755138 1.0334043759642721
63115.0121 lsst_hardware_z -12.61387121446781 41.810001373291016 30.950000762939453 AB 0.912931239288707 1.0443446016648699
63115.0314 lsst_hardware_u -0.2555356273350776 2.8299999237060547 28.489999771118164 AB 0.8746446783863001 1.033858957903428
63118.0111 lsst_hardware_g 3.0945589245926395 15.40999984741211 31.459999084472656 AB 2.7039118584990516 1.0388672974734614
63118.0296 lsst_hardware_r 89.56901421723522 24.239999771118164 31.520000457763672 AB 2.7003026445814413 1.033312023182413
63121.012 lsst_hardware_i 50.580380930236586 31.40999984741211 31.25 AB 2.280299059799961 1.0346184481851004
63121.0321 lsst_hardware_z 65.02193226057754 41.529998779296875 30.950000762939453 AB 2.188526457002006 1.0356211792272596
63123.0152 lsst_hardware_i -3.3805245176293632 31.489999771118164 31.260000228881836 AB 1.4466220014632245 1.033301429616589
63123.0338 lsst_hardware_u -1.9261468131421267 2.7699999809265137 28.440000534057617 AB 1.455221115383146 1.0394436538451044
63124.9935 lsst_hardware_y 64.28943165434612 48.18000030517578 30.040000915527344 AB 2.7519614708757123 1.0379537858468504
63125.0131 lsst_hardware_g 23.536226963585257 15.550000190734863 31.469999313354492 AB 2.6349162197210187 1.0335031259937315
63127.9808 lsst_hardware_y 63.93965292058828 73.19000244140625 30.06999969482422 AB 6.337366364781213 1.040917564945685
63128.0002 lsst_hardware_i -31.063763669307903 31.860000610351562 31.270000457763672 AB 6.096660009975025 1.0333322050805127
