data/validation/pwv_sim_epoch_fit_epoch/33184526.ecsv
# %ECSV 0.9
# ---
# datatype:
# - {name: time, datatype: float64}
# - {name: band, datatype: string}
# - {name: flux, datatype: float64}
# - {name: fluxerr, datatype: float64}
# - {name: zp, datatype: float64}
# - {name: zpsys, datatype: string}
# - {name: pwv, datatype: float64}
# - {name: airmass, datatype: float64}
# meta: {SNID: '33184526', alt: 1024.0, c: -0.12004648894071579, dec: -60.623394, lat: -30.244573, lon: -70.7499537, ra: 104.43396, t0: 60716.98828125,
#   x0: 2.0894829543336034e-06, x1: 1.0453760623931885, z: 0.8741385340690613}
# schema: astropy-2.0
time band flux fluxerr zp zpsys pwv airmass
[from data line 131]
61056.1824 lsst_hardware_r -10.068770057733563 21.93000030517578 31.459999084472656 AB 6.0074396773278345 1.1627115067165692
61056.194 lsst_hardware_i 25.490111016030156 30.68000030517578 31.229999542236328 AB 6.01643540838246 1.1686369947812285
61058.1618 lsst_hardware_i 40.45392002549504 30.530000686645508 31.219999313354492 AB 5.154138120752117 1.1596013545760993
61058.1751 lsst_hardware_z 72.2083276483867 42.310001373291016 30.93000030517578 AB 7.246594195215881 1.1620580813367327
61064.1591 lsst_hardware_z -5.873516056780686 42.2599983215332 30.93000030517578 AB 16.47139716473168 1.162194635076792
61064.1711 lsst_hardware_r -1.555107976037345 21.790000915527344 31.450000762939453 AB 13.411305260262633 1.1679778149586444
61068.1146 lsst_hardware_z -24.167201809552214 46.54999923706055 30.950000762939453 AB 14.414374234018917 1.1634112257324738
61068.1265 lsst_hardware_r -42.478666432730336 41.119998931884766 31.579999923706055 AB 13.726229230023813 1.1600610668527322
61070.1526 lsst_hardware_z -84.18305215190269 50.9900016784668 30.950000762939453 AB 14.022859759777358 1.166724333120672
61070.1659 lsst_hardware_r 92.55080130951974 57.15999984741211 31.600000381469727 AB 14.143241614836409 1.1763895680908631
61073.1537 lsst_hardware_z -36.37170561187808 59.70000076293945 30.959999084472656 AB 8.400345504175277 1.1730414742721547
61073.1656 lsst_hardware_r 12.180887627712151 82.81999969482422 31.6200008392334 AB 8.46861474628862 1.184118022831715
61075.156 lsst_hardware_i -88.37310963982004 54.630001068115234 31.280000686645508 AB 12.109703171369778 1.1798804668358531
61075.1678 lsst_hardware_z -69.67174347348332 54.61000061035156 30.950000762939453 AB 10.571586388881778 1.193080313616978
61077.1169 lsst_hardware_z 91.7369157410525 48.279998779296875 30.950000762939453 AB 5.012975905874265 1.1604110893227466
61077.1279 lsst_hardware_r -15.642741924770352 47.290000915527344 31.59000015258789 AB 4.57606577921863 1.1638997318911386
61079.0937 lsst_hardware_r 25.833281464628623 21.860000610351562 31.459999084472656 AB 10.009370149993963 1.160562749890599
61079.1055 lsst_hardware_u -0.2746390301852328 2.5199999809265137 28.299999237060547 AB 9.831595766498975 1.1596711967168396
61081.0908 lsst_hardware_g -0.7183164218357784 12.680000305175781 31.34000015258789 AB 3.970938526796272 1.16010376924052
61081.1033 lsst_hardware_r -3.3919334233266825 21.780000686645508 31.459999084472656 AB 3.970521970409013 1.1599820729131407
61085.0819 lsst_hardware_r 21.083711910753014 21.940000534057617 31.450000762939453 AB 2.913538981714244 1.1598483207461163
61085.0949 lsst_hardware_u 1.3704356146187202 2.5 28.270000457763672 AB 3.7003864296556173 1.1603898177507406
61087.087 lsst_hardware_g -2.7908001407034893 12.850000381469727 31.350000381469727 AB 3.648582277445855 1.1599986045291941
61087.0988 lsst_hardware_i -34.49150239581783 30.8799991607666 31.229999542236328 AB 3.6274854578207454 1.1631526692456238
61089.0831 lsst_hardware_z 18.405293516880178 42.599998474121094 30.93000030517578 AB 5.388328968672049 1.1602359164554923
61089.0955 lsst_hardware_r 17.11631846758769 22.049999237060547 31.459999084472656 AB 6.474006386935417 1.164075588768409
61091.0788 lsst_hardware_u 3.6160461711897423 3.680000066757202 29.139999389648438 AB 3.8519159664283964 1.1604486743608344
61091.0912 lsst_hardware_g 6.561073823146004 18.06999969482422 32.11000061035156 AB 3.70415975344487 1.164616476048378
61093.0818 lsst_hardware_r 18.030038199343462 21.790000915527344 31.450000762939453 AB 6.328288867468833 1.1629142954874505
61093.0944 lsst_hardware_i 3.704078481426847 30.65999984741211 31.229999542236328 AB 7.155753655708426 1.1696230231625262
61095.0779 lsst_hardware_z -13.235771906647186 43.650001525878906 30.940000534057617 AB 9.210461783025197 1.1635492304063872
61095.0907 lsst_hardware_r -2.3113980248845785 26.170000076293945 31.5 AB 9.099505089812723 1.1708563272330332
61100.0538 lsst_hardware_z 14.7951122678933 52.93000030517578 30.950000762939453 AB 4.424510726825367 1.160375223400306
61100.0667 lsst_hardware_i 12.948143073259187 52.880001068115234 31.290000915527344 AB 4.28536869572257 1.1646606048981032
61102.0519 lsst_hardware_z 107.35942473654137 59.2599983215332 30.959999084472656 AB 7.308858673798827 1.1611807457181846
61102.0644 lsst_hardware_r -30.482168502040004 81.5999984741211 31.6200008392334 AB 7.341035926068253 1.1662928442622866
61104.0521 lsst_hardware_y 95.73967261239792 73.9800033569336 30.760000228881836 AB 12.444681239286773 1.1630543214286704
61104.0658 lsst_hardware_g -19.036752864073428 79.37000274658203 31.68000030517578 AB 12.525751766839072 1.1706310062466423
61106.0529 lsst_hardware_r -11.639682532396924 40.81999969482422 31.56999969482422 AB 7.536119416369884 1.1659803119705667
61106.0659 lsst_hardware_i 50.84845566981458 44.279998779296875 31.270000457763672 AB 7.625863558946126 1.1749571504719005
61108.0482 lsst_hardware_z 15.207765156425344 42.41999816894531 30.93000030517578 AB 12.599441878243441 1.1663989889135025
61108.0624 lsst_hardware_r 8.824178391861945 21.959999084472656 31.450000762939453 AB 12.731547911238057 1.1766589516012407
61110.0494 lsst_hardware_u 1.4640121334598875 2.559999942779541 28.34000015258789 AB 8.338746517978695 1.1706242187148166
61110.0628 lsst_hardware_r 4.000837739239304 21.979999542236328 31.459999084472656 AB 8.549449960495581 1.182292129368447
61112.0494 lsst_hardware_i -78.89362396566763 31.1299991607666 31.229999542236328 AB 12.155928030743038 1.1748641782290012
61112.0634 lsst_hardware_z 40.852122595548195 43.22999954223633 30.940000534057617 AB 12.503308603225582 1.1889983615080988
61115.0467 lsst_hardware_r 11.442680865534852 22.190000534057617 31.440000534057617 AB 9.173481624497912 1.1798437278297886
61115.06 lsst_hardware_u 4.846880199208685 2.430000066757202 28.190000534057617 AB 9.319795087657782 1.1949476563370134
61117.0347 lsst_hardware_g -6.248119519088076 12.65999984741211 31.329999923706055 AB 9.130194979529323 1.1739996116149083
61117.0488 lsst_hardware_r -31.306878768329984 21.829999923706055 31.450000762939453 AB 8.144203091576667 1.1878942665659982
61121.0308 lsst_hardware_r -3.9889197843595556 21.969999313354492 31.459999084472656 AB 6.21871444567852 1.1803203427202051
61121.0446 lsst_hardware_g -1.281246247128029 12.800000190734863 31.34000015258789 AB 4.680405248252677 1.1962442329030718
