data/validation/pwv_sim_epoch_fit_epoch/33190233.ecsv
# %ECSV 0.9
# ---
# datatype:
# - {name: time, datatype: float64}
# - {name: band, datatype: string}
# - {name: flux, datatype: float64}
# - {name: fluxerr, datatype: float64}
# - {name: zp, datatype: float64}
# - {name: zpsys, datatype: string}
# - {name: pwv, datatype: float64}
# - {name: airmass, datatype: float64}
# meta: {SNID: '33190233', alt: 1024.0, c: -0.16629411280155182, dec: -56.064457, lat: -30.244573, lon: -70.7499537, ra: 115.327866, t0: 60382.73828125,
#   x0: 2.7108012135173694e-06, x1: -1.0857830047607422, z: 0.7863718271255493}
# schema: astropy-2.0
time band flux fluxerr zp zpsys pwv airmass
60282.3405 lsst_hardware_z -51.25518868697559 71.3499984741211 30.979999542236328 AB 4.897191153036687 1.1191874349898263
60282.3532 lsst_hardware_g 30.676197995027987 66.04000091552734 31.690000534057617 AB 4.902580823926636 1.1289332569680615
60284.3351 lsst_hardware_r -35.45143660784935 60.41999816894531 31.6200008392334 AB 4.763424445371967 1.1192256685554434
60284.3478 lsst_hardware_i -4.570424657335577 60.689998626708984 31.309999465942383 AB 4.832925420495147 1.1289903452654666
60290.3062 lsst_hardware_r -54.29368800237537 60.849998474121094 31.6299991607666 AB 11.736666455270559 1.1134476833207898
60290.3177 lsst_hardware_z -56.67930086760729 71.91999816894531 30.979999542236328 AB 11.764702326884665 1.1186189873905614
60293.3085 lsst_hardware_r 12.851301797881005 21.790000915527344 31.469999313354492 AB 9.234351598014246 1.1180405630334127
60293.3224 lsst_hardware_u -1.4894825213205476 2.609999895095825 28.3799991607666 AB 9.31799492369499 1.1282391538331387
60295.3121 lsst_hardware_g -10.176466246754897 12.760000228881836 31.360000610351562 AB 7.462946373487947 1.1241493313482127
60295.3253 lsst_hardware_r -5.273810669956375 21.860000610351562 31.459999084472656 AB 7.5917368405646855 1.1367002568690747
60301.2879 lsst_hardware_z 31.695027293942623 41.7599983215332 30.940000534057617 AB 7.495732480985669 1.1187660419381595
60301.3016 lsst_hardware_r 12.240959586004513 21.780000686645508 31.459999084472656 AB 7.6623966035203965 1.1292032131729228
60304.2884 lsst_hardware_r 70.44490792335374 75.12999725341797 31.6299991607666 AB 8.998815340617528 1.124851917577191
60304.3013 lsst_hardware_z -101.67034178329433 56.88999938964844 30.969999313354492 AB 9.691003831606551 1.1373527695336416
60308.2354 lsst_hardware_z -57.04689537744062 71.91000366210938 31.719999313354492 AB 9.991225524825522 1.1122576979971637
60312.2264 lsst_hardware_i -31.719659388826507 36.15999984741211 31.260000228881836 AB 3.958435586457874 1.1119201085555825
60312.2403 lsst_hardware_z 62.26283754803103 44.2599983215332 30.950000762939453 AB 3.951673833493388 1.1120511702528162
60314.2193 lsst_hardware_i -55.81309760109292 31.360000610351562 31.239999771118164 AB 12.966394678277734 1.1122076365044267
60314.2338 lsst_hardware_z 2.733675194261299 42.349998474121094 30.940000534057617 AB 13.020177831156081 1.1118853826777195
60316.2307 lsst_hardware_g 4.141298404035567 12.670000076293945 31.350000381469727 AB 9.687438473581226 1.1123053973034203
60316.2439 lsst_hardware_r -9.694514415638167 21.719999313354492 31.459999084472656 AB 9.848216793988662 1.1170844820767571
60318.2287 lsst_hardware_i -19.182472510022357 30.34000015258789 31.229999542236328 AB 7.745638352654763 1.1131589627643104
60318.2422 lsst_hardware_r 17.743840572093916 21.739999771118164 31.459999084472656 AB 7.73432488533922 1.1192134990723115
60324.2375 lsst_hardware_r -0.4005418869772355 21.8700008392334 31.469999313354492 AB 6.0913768474896886 1.1280327495351274
60324.25 lsst_hardware_u 2.2135133275124335 2.5999999046325684 28.3799991607666 AB 6.276945964027001 1.1412629025503638
60326.1849 lsst_hardware_i -35.0815985465168 30.049999237060547 31.229999542236328 AB 3.4257809621253057 1.1125675655075464
60326.1971 lsst_hardware_u 2.2097679765273632 2.4800000190734863 28.290000915527344 AB 3.4154342166336913 1.1114934804904395
60330.1819 lsst_hardware_i 8.397305126990483 42.459999084472656 31.290000915527344 AB 12.781950214201343 1.111473931669682
60330.1963 lsst_hardware_r -79.18184880334734 43.38999938964844 31.600000381469727 AB 12.802684590931445 1.1132769209505604
60332.1903 lsst_hardware_z -123.45331474718716 73.4800033569336 31.709999084472656 AB 9.715244955153196 1.1131230196385007
60334.1863 lsst_hardware_r -20.069042556036653 80.05000305175781 31.6299991607666 AB 8.60561965412433 1.1135636198401049
60334.2007 lsst_hardware_i -15.360568767288289 62.86000061035156 31.309999465942383 AB 8.673627441800127 1.1206237004909696
60338.1827 lsst_hardware_z -73.82756388970091 71.97000122070312 31.709999084472656 AB 10.736395845687934 1.1165330630752683
60340.1801 lsst_hardware_r -38.008779187941734 44.88999938964844 31.600000381469727 AB 11.527027542102655 1.1180434085453594
60340.192 lsst_hardware_z -81.03227130196208 47.4900016784668 30.950000762939453 AB 11.645330288821091 1.126458724010544
60346.153 lsst_hardware_u -1.6303311379106773 2.559999942779541 28.360000610351562 AB 4.3558381947287454 1.1134081356610777
60346.1668 lsst_hardware_g -17.573900668201723 12.649999618530273 31.350000381469727 AB 6.076840321097253 1.119896857147603
60348.1619 lsst_hardware_r 21.455151279328405 43.52405442922838 32.970001220703125 AB 9.709665513731512 1.120259846980803
60348.1867 lsst_hardware_i -19.710167281357133 60.98815406825762 32.7400016784668 AB 10.2928517747329 1.1440739282770918
60352.1085 lsst_hardware_i -23.833879635568998 30.284542989533108 31.239999771118164 AB 5.026685291235135 1.1141937916956965
60352.1194 lsst_hardware_u -6.002576320634852 3.0471728020615214 28.40999984741211 AB 5.009192490058784 1.1116716578026564
60354.1097 lsst_hardware_g 1.313317788876013 13.699321436751132 31.360000610351562 AB 3.5551578078971975 1.1123192807729714
60354.122 lsst_hardware_r -51.463948966788955 22.521347289651853 31.479999542236328 AB 3.5312333869469517 1.1116159665100627
60356.1048 lsst_hardware_i 65.90352416334981 32.410252735899675 31.25 AB 3.495679403409853 1.1122110733088937
60356.1162 lsst_hardware_r -9.793457725290738 25.075687007840767 31.5 AB 3.4890933744295713 1.1115892447606557
60359.1412 lsst_hardware_z 85.21726483686662 47.61992012663131 30.959999084472656 AB 3.469801812139056 1.1274131307719233
60359.1525 lsst_hardware_r -12.710055239302884 44.07872090997792 31.600000381469727 AB 3.4215164535511087 1.1389868354031654
60362.1444 lsst_hardware_i 334.2722496452653 57.806866356200544 31.309999465942383 AB 7.32439234830825 1.1390967882283436
60362.1556 lsst_hardware_z 215.21650552522442 55.75338298320495 30.959999084472656 AB 7.519961646847539 1.1538845311958374
60363.2039 lsst_hardware_z 143.5894215363857 61.51907603458603 30.950000762939453 AB 14.109229820263298 1.2686635133913766
60363.2259 lsst_hardware_r 157.6504795640314 84.0754426501798 31.579999923706055 AB 15.707690337217992 1.3475092152429613
60367.0826 lsst_hardware_g 421.3897315780445 71.30140883448217 31.700000762939453 AB 8.651614505806883 1.1114612674469273
60367.0962 lsst_hardware_r 493.5647489856823 67.31298350851544 31.6299991607666 AB 7.436295053488142 1.1135929098106612
60369.0759 lsst_hardware_i 588.7466787597447 46.639443775222155 31.270000457763672 AB 4.118888032260082 1.1114856728759581
60369.0894 lsst_hardware_r 569.945410253737 46.917762664101176 31.59000015258789 AB 4.509532346305384 1.1131899151580804
60375.0777 lsst_hardware_r 733.3780602072684 34.735088799202266 31.450000762939453 AB 7.175938650262765 1.1147955026041447
60375.092 lsst_hardware_i 927.1524006144742 42.54559354447678 31.229999542236328 AB 8.18853869926357 1.1229482582643562
60382.0534 lsst_hardware_i 2005.1365133544616 61.58346291471985 31.979999542236328 AB 14.44460465434335 1.113057014763597
60382.0733 lsst_hardware_r 1547.5644545994783 49.261557269282584 32.209999084472656 AB 14.597640659089985 1.1232626557982406
60382.1407 lsst_hardware_u -0.5639622531600361 3.65137655817981 28.920000076293945 AB 13.787529800180634 1.235737016029574
60382.1663 lsst_hardware_g 247.9969002687965 24.503524600740427 32.029998779296875 AB 14.674749389495213 1.317460143897703
60386.0363 lsst_hardware_z 505.13102573169255 49.08283385080028 30.940000534057617 AB 8.60991673264529 1.1118177598973997
60386.052 lsst_hardware_g 184.57214077726854 27.617755507997884 31.579999923706055 AB 7.752492590727721 1.1167520297792741
60390.0358 lsst_hardware_z 500.80243592824985 54.574812447047705 30.959999084472656 AB 5.868639648473561 1.1144397357526263
60390.0494 lsst_hardware_r 599.1416431831593 59.28633312186277 31.6200008392334 AB 4.380134100703308 1.1217690201562094
60393.0397 lsst_hardware_z 1079.4826448525503 87.95604181216204 31.719999313354492 AB 9.223659232947185 1.1207362372961345
60398.0273 lsst_hardware_g 79.21840781397417 30.4813009175082 31.610000610351562 AB 6.545619492136055 1.121593470208411
60398.0414 lsst_hardware_r 332.44134924133164 44.289690313769086 31.579999923706055 AB 6.55243457693746 1.1339007689669864
60400.0228 lsst_hardware_i 924.140478638279 52.81844801922973 31.969999313354492 AB 4.4112950660818555 1.1222765602311369
60400.035 lsst_hardware_z 749.622421232383 65.02688155725203 31.68000030517578 AB 3.977329044517236 1.1329269971089733
60402.0201 lsst_hardware_r 179.34970552096217 26.212490859067074 31.459999084472656 AB 7.0002857199283754 1.1243632701459003
60402.0305 lsst_hardware_u 1.9877412153296627 2.6026110929880892 28.309999465942383 AB 7.18484310394719 1.133926708060318
60649.3376 lsst_hardware_g 11.775959022367529 14.010000228881836 31.40999984741211 AB 4.766220958553599 1.1204092521283373
60649.3506 lsst_hardware_i -15.8413167613062 41.7599983215332 31.280000686645508 AB 4.834353888406511 1.1310414431552929
60653.3085 lsst_hardware_u 2.3931974984207867 2.630000114440918 28.40999984741211 AB 11.162848392416677 1.1124468974454464
60653.3213 lsst_hardware_g -1.250545929606388 12.9399995803833 31.3700008392334 AB 11.205794059295906 1.1172277227613068
60655.3035 lsst_hardware_r -18.20937513377123 21.809999465942383 31.459999084472656 AB 11.706652560156915 1.1125529090655033
60655.3166 lsst_hardware_i -38.09549050405878 30.3799991607666 31.229999542236328 AB 11.753442525860182 1.1176369323141733
60657.3092 lsst_hardware_z 50.67497104333255 48.34000015258789 30.959999084472656 AB 8.095172636172833 1.1166268751904826
60657.3207 lsst_hardware_r -15.760483898537833 21.93000030517578 31.469999313354492 AB 8.125503249355559 1.1239630094092297
60661.3102 lsst_hardware_i -62.59753782858728 55.09000015258789 31.299999237060547 AB 7.860053289877639 1.1242968957902693
60661.3215 lsst_hardware_z -30.11763150717947 54.040000915527344 30.959999084472656 AB 7.922979878128802 1.134812887618279
60664.3157 lsst_hardware_r 60.358227656227 46.33000183105469 31.610000610351562 AB 6.874027987685407 1.1374563686184604
60664.3291 lsst_hardware_z -9.172825651957664 47.83000183105469 30.950000762939453 AB 6.909112530870912 1.1550480686881666
60667.2934 lsst_hardware_r -3.1566549719061268 28.950000762939453 31.540000915527344 AB 6.806971690408292 1.12397363960842
60667.3057 lsst_hardware_i 4.298367809924971 33.709999084472656 31.260000228881836 AB 6.89518751696382 1.1354464019591317
60669.292 lsst_hardware_z 49.24936583767664 42.11000061035156 30.940000534057617 AB 9.634266541117562 1.1273422116917344
60669.3037 lsst_hardware_r -4.49563656209061 23.510000228881836 31.479999542236328 AB 9.728899993438729 1.1393711076968156
60671.2883 lsst_hardware_u -1.0418238191275728 2.5799999237060547 28.360000610351562 AB 6.8986206672883394 1.1289319097145751
60671.3008 lsst_hardware_r -10.065228236861461 22.049999237060547 31.469999313354492 AB 7.1812287344199435 1.1424768628763764
60673.2949 lsst_hardware_i 60.13963706657477 30.520000457763672 31.229999542236328 AB 10.645299767644333 1.141934074801362
60673.3081 lsst_hardware_z -32.49588428471579 42.369998931884766 30.940000534057617 AB 10.849962387137953 1.160568597201571
60675.2286 lsst_hardware_r -30.44318988123044 21.68000030517578 31.479999542236328 AB 7.775526494929143 1.1127343005195836
60675.2404 lsst_hardware_z 67.79049112653355 41.5099983215332 30.950000762939453 AB 7.769596117851697 1.1114556685274786
60677.297 lsst_hardware_g -4.234263929290176 12.65999984741211 31.329999923706055 AB 5.979352194127544 1.1602882653546334
60677.3087 lsst_hardware_r 43.46085986525664 21.84000015258789 31.450000762939453 AB 6.093673422563807 1.1808300402216465
60679.2273 lsst_hardware_g -13.096082766526745 12.739999771118164 31.360000610351562 AB 2.9125484384411835 1.1114476010078929
60679.2396 lsst_hardware_r 30.303016270177626 21.81999969482422 31.469999313354492 AB 2.9073936358585106 1.1129844524293266
60681.2331 lsst_hardware_i 9.675624650534209 30.219999313354492 31.239999771118164 AB 7.816193854057561 1.112717856152833
60681.2451 lsst_hardware_z 26.930082047950336 41.7400016784668 30.940000534057617 AB 7.843296851908642 1.1173848682555765
60683.2302 lsst_hardware_r -7.67720524399685 21.65999984741211 31.469999313354492 AB 8.936090075306947 1.1134274149215895
60683.2417 lsst_hardware_u -2.3353287730227867 2.5399999618530273 28.34000015258789 AB 9.030501006080573 1.1185360755658107
60685.2424 lsst_hardware_i -22.636490433474297 39.63999938964844 31.280000686645508 AB 8.115668918854055 1.1225897320697724
60685.2554 lsst_hardware_z 60.82894383439045 45.939998626708984 30.950000762939453 AB 7.54315732749433 1.1342240925485798
60687.2394 lsst_hardware_r 33.53781710513759 68.3499984741211 31.6299991607666 AB 5.753914887980632 1.1244703709166761
60687.2512 lsst_hardware_z -21.63391815210899 54.65999984741211 30.969999313354492 AB 6.654795170457735 1.135582128826884
60689.2349 lsst_hardware_y -52.25671428199807 53.04999923706055 30.020000457763672 AB 8.877725698383397 1.1252464576773251
60689.2474 lsst_hardware_r 135.47219888735378 81.36000061035156 31.6299991607666 AB 8.973869938039396 1.1374326829307921
60691.187 lsst_hardware_z 52.56899010981926 54.099998474121094 30.969999313354492 AB 5.708241612594953 1.1122840242780498
60691.1984 lsst_hardware_r -26.61086174921867 67.69999694824219 31.639999389648438 AB 5.705900382850973 1.1115570803781176
60693.1896 lsst_hardware_i -84.06104818129205 45.900001525878906 31.299999237060547 AB 6.918243978443241 1.1114537679240486
60693.2032 lsst_hardware_z -67.39150331740456 48.959999084472656 30.959999084472656 AB 6.935817211859845 1.1135316084544307
60696.1869 lsst_hardware_r -39.97847900926471 29.790000915527344 31.540000915527344 AB 12.785341072811779 1.1117687889401546
60696.1989 lsst_hardware_z -61.79750713835908 44.09000015258789 30.940000534057617 AB 12.821770172953771 1.1149365367785888
60698.1828 lsst_hardware_g -5.991918594922505 12.720000267028809 31.360000610351562 AB 9.706933525651422 1.1119584011055952
60698.196 lsst_hardware_i -5.821946678894005 30.940000534057617 31.239999771118164 AB 9.662279579050976 1.1160588598384034
60700.1832 lsst_hardware_z 40.35110242733155 41.599998474121094 30.950000762939453 AB 8.621158736640604 1.1132694649587558
60700.1985 lsst_hardware_r -5.214497402037731 21.739999771118164 31.479999542236328 AB 8.670278454038721 1.1205529504411917
60702.1737 lsst_hardware_u -0.7426643848510143 2.5999999046325684 28.389999389648438 AB 12.267360749716595 1.1122822331776765
60702.1856 lsst_hardware_g 9.870782766347387 12.649999618530273 31.350000381469727 AB 12.37430365208006 1.1163106587352176
60706.178 lsst_hardware_z 18.0726247936508 41.81999969482422 30.950000762939453 AB 11.444856883033873 1.1180439489116274
60706.1902 lsst_hardware_r 4.695110172514131 21.790000915527344 31.469999313354492 AB 11.55490796115196 1.1267035211498182
60708.1756 lsst_hardware_u 0.28696973704214324 2.690000057220459 28.469999313354492 AB 10.01896904942851 1.1198758228836654
60708.1894 lsst_hardware_r -20.019910498916875 21.940000534057617 31.479999542236328 AB 9.816219764879142 1.130987759990684
60710.1593 lsst_hardware_g -9.242713313454598 12.800000190734863 31.3799991607666 AB 11.428032092626845 1.1144135247204272
60710.1752 lsst_hardware_i -9.760703478689448 43.0099983215332 31.989999771118164 AB 10.139574622390281 1.1234052153439082
60710.1925 lsst_hardware_z -15.776000874433738 42.29999923706055 30.940000534057617 AB 10.373286654746066 1.140297532675175
60712.1534 lsst_hardware_z 19.958091785832476 43.61000061035156 30.950000762939453 AB 4.395916518673882 1.114253690678184
60712.1653 lsst_hardware_r -4.333034379857487 27.610000610351562 31.540000915527344 AB 4.426411022242979 1.1202795011371272
60715.1583 lsst_hardware_y 41.51197206122006 71.08999633789062 30.780000686645508 AB 6.278018530353001 1.1210747375630359
60717.1438 lsst_hardware_r -80.31553680303979 75.93000030517578 31.639999389648438 AB 2.3021590396872997 1.1159277943224424
60717.1561 lsst_hardware_i 84.50606051673633 60.560001373291016 31.309999465942383 AB 2.265849494435315 1.123422465529999
60719.1581 lsst_hardware_z 49.56376558263234 84.3499984741211 31.719999313354492 AB 4.205144400650843 1.129782442803316
60719.1693 lsst_hardware_r -359.85704753871863 118.56999969482422 32.380001068115234 AB 4.621871220765188 1.14197818784735
60721.1417 lsst_hardware_z 46.449348078147366 75.91999816894531 31.719999313354492 AB 3.3011467718719087 1.1209326899395275
60721.1538 lsst_hardware_r 41.59655076910259 94.37999725341797 32.380001068115234 AB 3.162747331257578 1.1308989265521732
60723.1482 lsst_hardware_i -40.28441653566782 45.099998474121094 31.280000686645508 AB 3.4375265949598397 1.130765327289469
60723.1596 lsst_hardware_z -30.217490945723963 49.040000915527344 30.950000762939453 AB 3.47150430136341 1.143509514585855
60725.1434 lsst_hardware_r -22.911041954475632 33.2400016784668 31.559999465942383 AB 3.493432004074272 1.1314148777094695
60725.156 lsst_hardware_z -1.970842710651558 45.59000015258789 30.950000762939453 AB 3.4935112924694502 1.1459144847374099
60728.0864 lsst_hardware_r 8.74012222246151 21.709999084472656 31.469999313354492 AB 6.8758205299108734 1.1122323730040236
60728.0986 lsst_hardware_u -0.7656785404465914 2.630000114440918 28.420000076293945 AB 6.790505323020326 1.1116940732649
60732.0786 lsst_hardware_i -44.79304664280702 42.880001068115234 31.979999542236328 AB 7.220155185372501 1.1117623341434841
60732.0911 lsst_hardware_z 3.1166468718484928 59.099998474121094 31.690000534057617 AB 6.340986965066047 1.1121774351519733
60737.0774 lsst_hardware_g -7.526429524168219 12.550000190734863 31.329999923706055 AB 6.994726587811556 1.1121718150513267
60737.0909 lsst_hardware_i -10.373993389431725 30.25 31.229999542236328 AB 6.4375971310826445 1.1167659174399591
60739.0761 lsst_hardware_z 53.75967422076094 41.90999984741211 30.940000534057617 AB 11.910456444885476 1.1131267705500445
60739.0882 lsst_hardware_r 6.978123997352026 22.600000381469727 31.489999771118164 AB 11.547740643978344 1.1182447363439325
60741.0698 lsst_hardware_y -86.27086785604118 48.380001068115234 30.020000457763672 AB 7.215321267145368 1.1129030232100647
60741.0826 lsst_hardware_g 1.6316363697176075 27.809999465942383 31.600000381469727 AB 7.242744866161125 1.1181676923879698
60750.0438 lsst_hardware_i -68.48239790636846 57.88999938964844 31.309999465942383 AB 8.667978163135682 1.1125629781973665
60750.0561 lsst_hardware_z -45.930663438032134 55.630001068115234 30.959999084472656 AB 8.710912740313582 1.1171298039324469
60752.0348 lsst_hardware_r -15.485310168005373 37.70000076293945 31.59000015258789 AB 8.538407850664521 1.1119166363673256
60752.0478 lsst_hardware_u -8.832272905409225 6.800000190734863 29.059999465942383 AB 7.767333807997807 1.115755772175197
60756.0318 lsst_hardware_z 81.73836957947634 42.08000183105469 30.950000762939453 AB 5.76269733216309 1.1137799250411848
60756.044 lsst_hardware_r 14.253908632975792 21.989999771118164 31.489999771118164 AB 4.385661324622536 1.1195765714780868
60758.0327 lsst_hardware_u -1.97871758984329 2.7300000190734863 28.5 AB 5.3054861820741674 1.1163569031192357
60758.047 lsst_hardware_g -5.2703581188155235 12.880000114440918 31.389999389648438 AB 4.746786251259164 1.1257200595871881
60760.0239 lsst_hardware_r 8.793259133110121 21.84000015258789 31.479999542236328 AB 8.239741896881954 1.114884795717385
60760.036 lsst_hardware_i 64.44979720854464 30.440000534057617 31.25 AB 8.355184310367918 1.1215012497138301
60764.0186 lsst_hardware_u -5.2916370177529375 2.640000104904175 28.43000030517578 AB 6.683517139011144 1.117520422307069
60764.0313 lsst_hardware_r -28.67099090439074 21.81999969482422 31.479999542236328 AB 6.6766820712612835 1.126295895961755
60767.0223 lsst_hardware_i 8.068361072943064 30.739999771118164 31.239999771118164 AB 8.84888030768117 1.125620798975696
60767.0349 lsst_hardware_z 66.63087726982582 42.459999084472656 30.940000534057617 AB 8.857789204849116 1.138045722250452
60769.0159 lsst_hardware_r 0.36871565464470846 25.3799991607666 31.5 AB 5.736766429762167 1.1248561626984643
60769.0278 lsst_hardware_z 11.962932108728285 42.5099983215332 30.93000030517578 AB 5.79462848269244 1.1362016632730276
