data/validation/pwv_sim_epoch_fit_epoch/3336642.ecsv
# %ECSV 0.9
# ---
# datatype:
# - {name: time, datatype: float64}
# - {name: band, datatype: string}
# - {name: flux, datatype: float64}
# - {name: fluxerr, datatype: float64}
# - {name: zp, datatype: float64}
# - {name: zpsys, datatype: string}
# - {name: pwv, datatype: float64}
# - {name: airmass, datatype: float64}
# meta: {SNID: '3336642', alt: 1024.0, c: -0.058866970241069794, dec: -49.702389, lat: -30.244573, lon: -70.7499537, ra: 43.541668, t0: 61711.1796875,
#   x0: 6.987473137084765e-06, x1: -0.4019455015659332, z: 0.5341454148292542}
# schema: astropy-2.0
time band flux fluxerr zp zpsys pwv airmass
61649.4138 lsst_hardware_i -53.46240657424219 35.290000915527344 31.260000228881836 AB 0.7268228798533226 1.0810454335944313
61651.4071 lsst_hardware_z 29.660619537004823 43.34000015258789 30.950000762939453 AB 1.2685399284572647 1.0797616074256757
61653.4021 lsst_hardware_u 1.8854620360967722 3.109999895095825 28.479999542236328 AB 1.1904173884201954 1.0802335648096149
61653.4134 lsst_hardware_g 24.273182209035244 24.90999984741211 31.59000015258789 AB 1.1235370178083628 1.0936440796326428
61655.3959 lsst_hardware_r 50.71843622026283 21.899999618530273 31.479999542236328 AB 2.1980876411095727 1.0794782767880038
61655.4067 lsst_hardware_i -9.17692136388326 33.59000015258789 31.260000228881836 AB 2.2096591978823494 1.0919986152124286
61672.3626 lsst_hardware_z -4.7796362909944765 42.40999984741211 30.950000762939453 AB 4.498690694877885 1.0951048429597285
61672.3742 lsst_hardware_r -11.331723710330934 26.110000610351562 31.520000457763672 AB 4.624648066442438 1.1130320256179151
61678.2292 lsst_hardware_u -4.565670939973583 2.569999933242798 28.350000381469727 AB 4.097454275982844 1.113589964936226
61680.3574 lsst_hardware_i 92.09815406605429 30.389999389648438 31.239999771118164 AB 2.755487172290319 1.1220933238592312
61680.369 lsst_hardware_r 9.42058833823922 22.09000015258789 31.469999313354492 AB 2.7860293900039412 1.1460425298245442
61682.3508 lsst_hardware_u 4.014269400740933 2.597629661471771 28.350000381469727 AB 2.6799173823169724 1.1199766172530357
61682.3629 lsst_hardware_g -7.165982872855783 12.92221007103897 31.350000381469727 AB 2.7092816091611245 1.144605665044835
61684.3504 lsst_hardware_r -10.050105409058155 22.099772607026107 31.469999313354492 AB 7.023881403380153 1.1296954408331568
61684.3621 lsst_hardware_i 16.118686038944492 31.171512179550867 31.229999542236328 AB 7.204435291381653 1.1554055930046465
61686.3456 lsst_hardware_z 12.263558909359611 42.292408246758995 30.940000534057617 AB 4.868685505234914 1.131024974113515
61686.3581 lsst_hardware_r -16.626108839760256 22.45814192426541 31.459999084472656 AB 4.988882641413184 1.1589474929717107
61688.3453 lsst_hardware_z 103.09332968066693 43.060682383444686 30.940000534057617 AB 3.4257196990273364 1.1419065663424455
61688.3569 lsst_hardware_g 31.272779650684008 13.537019249761284 31.350000381469727 AB 3.509161645177555 1.1697205483925184
61689.3269 lsst_hardware_z 122.87853279704449 43.20847248825363 30.93000030517578 AB 5.008154903724153 1.111523615533954
61689.3385 lsst_hardware_r 198.26492751580588 25.87902760998493 31.459999084472656 AB 4.946077155871129 1.1332517254830512
61692.3185 lsst_hardware_i 421.8816680513853 67.5466893196115 31.309999465942383 AB 5.582894280106213 1.111171156393461
61692.3301 lsst_hardware_r 598.5927524293984 81.9402618088982 31.6299991607666 AB 5.705648661557881 1.132822368277541
61694.325 lsst_hardware_z 967.3013383020882 91.87564687586416 31.719999313354492 AB 7.934955880563058 1.1335651257947226
61700.3164 lsst_hardware_z 849.996640128247 53.49646070295942 30.940000534057617 AB 2.9843911692238487 1.1506456120895832
61700.3275 lsst_hardware_g 800.1624478743721 41.37254419582636 31.59000015258789 AB 2.837140447573612 1.1787039665861065
61705.2936 lsst_hardware_i 1672.6983994075156 50.96637806391704 31.239999771118164 AB 3.513612179685938 1.1307787206326938
61705.3042 lsst_hardware_r 2214.5977708999017 51.92241135733266 31.459999084472656 AB 3.6624188559035855 1.1540629764938481
61707.3028 lsst_hardware_u -2.1667146457677378 2.994287354085478 28.299999237060547 AB 3.5516143308391457 1.1640184620655964
61707.3139 lsst_hardware_g 833.6627119517036 31.69311957515752 31.329999923706055 AB 3.6468015216119896 1.1943673105715313
61709.2959 lsst_hardware_r 2382.9559133604957 53.55797773470541 31.459999084472656 AB 3.994756962794146 1.160423228117399
61709.3065 lsst_hardware_i 1859.1281478204855 52.83213522172398 31.229999542236328 AB 4.082665451378737 1.1887219249901693
61711.2874 lsst_hardware_i 1900.250664659251 52.7536463607285 31.219999313354492 AB 3.5876962143641884 1.1530748204828676
61711.2979 lsst_hardware_z 1378.5321526480454 56.72938957615409 30.93000030517578 AB 3.576660941550049 1.179896945749961
61722.1502 lsst_hardware_r 4033.9642986921776 132.27834980615242 32.400001525878906 AB 5.333300196973546 1.0666600393947092
61722.1624 lsst_hardware_z 2542.32889277717 97.86671328674521 31.729999542236328 AB 5.306891814896848 1.0613783629793696
61724.2491 lsst_hardware_r 1599.3173434211628 88.35606592873135 31.6200008392334 AB 8.606283827142821 1.146587240493315
61724.2598 lsst_hardware_i 1602.9766597596351 73.84431177574302 31.299999237060547 AB 5.443473331663803 1.1728674539443358
61726.2342 lsst_hardware_i 1531.1545656435378 60.61501666237244 31.290000915527344 AB 6.115887897833176 1.1266949365044165
61726.2469 lsst_hardware_z 939.6752513527199 59.625018594725255 30.950000762939453 AB 6.6926096381284195 1.154163538421387
61728.2381 lsst_hardware_r 1215.8864542009685 52.73172979211607 31.579999923706055 AB 6.10435696320985 1.1464119373134607
61728.2518 lsst_hardware_g 228.32682766254192 43.127537694154135 31.639999389648438 AB 6.249267035234498 1.1807778999025975
61729.2401 lsst_hardware_r 1110.3359110813124 45.86665413330777 31.540000915527344 AB 5.69379543333779 1.157510760995688
61729.2522 lsst_hardware_i 1230.4795994267142 50.218700812281405 31.25 AB 5.130224842999803 1.1896173548985052
61731.1818 lsst_hardware_g 152.30893689537217 17.31552859630413 31.360000610351562 AB 3.977544065075051 1.073416290669469
61731.1944 lsst_hardware_i 1077.7137305531985 44.31579279042521 31.229999542236328 AB 4.0879411953775975 1.0860630168378316
61734.189 lsst_hardware_z 816.2338052231645 49.9216159317337 30.950000762939453 AB 6.464635800082704 1.089453551680894
61734.2006 lsst_hardware_r 660.7037999979686 33.65760374632993 31.469999313354492 AB 6.5796303625676265 1.105913162882196
61736.1404 lsst_hardware_u 4.492301937117049 2.800196530086665 28.309999465942383 AB 3.816569546275384 1.0601582072987177
61736.1525 lsst_hardware_g 102.32723849667389 15.874273013364641 31.350000381469727 AB 3.8287164588162024 1.0635323496711673
61738.2217 lsst_hardware_i 710.0347142620685 40.774579043150254 31.229999542236328 AB 5.808564686905438 1.1732103992943177
61738.2337 lsst_hardware_z 715.1651978144542 50.564659691388364 30.93000030517578 AB 6.017118467245504 1.2078928971684741
61740.1892 lsst_hardware_z 707.3275210462223 49.207302359091464 30.940000534057617 AB 8.663505800547679 1.1142056202877857
61740.2013 lsst_hardware_r 353.7765382845838 29.807561933412146 31.469999313354492 AB 8.794504097060416 1.1375635877713184
61742.1816 lsst_hardware_u 3.689175660742963 3.2518381838567265 28.360000610351562 AB 7.095094894086793 1.1105563003042809
61742.1936 lsst_hardware_r 357.4886954153994 28.774366769732485 31.459999084472656 AB 7.2401035596698105 1.1328857936478725
61744.1984 lsst_hardware_i 520.3106837463242 38.146862187039 31.229999542236328 AB 2.8381697219435003 1.1557242072453071
61744.21 lsst_hardware_z 647.3491575504582 49.90342672204825 30.93000030517578 AB 3.200018248034251 1.1860705144678467
61746.183 lsst_hardware_z 612.1929681025739 51.09747017868269 30.940000534057617 AB 4.563296822648959 1.1335505893803821
61746.1954 lsst_hardware_r 294.37431325747735 34.672289065014255 31.530000686645508 AB 4.7221180326881385 1.161747916849514
61750.1008 lsst_hardware_z 550.2999296083696 57.28869350691582 30.969999313354492 AB 11.323161983683974 1.0600143839310971
61750.1128 lsst_hardware_r 292.28869222356064 65.35007897765765 31.639999389648438 AB 11.233861058478917 1.0629318565089454
61752.1037 lsst_hardware_i 375.1149792322822 64.24529351589689 31.31999969482422 AB 12.640019047421925 1.061666050038938
61752.1156 lsst_hardware_z 494.0686846317565 61.589736427193245 30.969999313354492 AB 12.654386726592625 1.0670553068589577
61754.1004 lsst_hardware_r 196.8396204214476 65.20501254215083 31.639999389648438 AB 8.263510318592477 1.0623789448140013
61754.1126 lsst_hardware_z 462.9539793548826 57.603927330949965 30.969999313354492 AB 8.312846354259621 1.0686220754544906
61758.0991 lsst_hardware_z 429.4558591079189 46.11673889690324 30.950000762939453 AB 3.29094472262087 1.0669873735937112
61758.1121 lsst_hardware_r 230.06978135238163 25.26743790346867 31.479999542236328 AB 3.310894102884746 1.0770054007756649
61760.1038 lsst_hardware_u 14.336626421687686 4.272562592362198 28.399999618530273 AB 3.330763504213229 1.0744398400687836
61760.1176 lsst_hardware_g 25.136747251676404 13.649381963708032 31.3700008392334 AB 3.3757783586143812 1.0889607608433487
61764.0842 lsst_hardware_g 24.9915688876004 13.798381811431849 31.399999618530273 AB 6.487026649133338 1.067911210656516
61764.0981 lsst_hardware_r 122.46931389311776 24.771110026802422 31.479999542236328 AB 6.552881694529225 1.0793299064491761
61766.0847 lsst_hardware_i 186.27398112196443 33.125886420326566 31.239999771118164 AB 5.373263830395904 1.0721867365851014
61766.096 lsst_hardware_z 317.8170198381816 44.762536486913945 30.940000534057617 AB 5.451684669662723 1.0828651642988822
61774.0819 lsst_hardware_y 105.48027380664588 48.61732671604318 30.030000686645508 AB 2.4923923586081322 1.0921964761648257
61774.0943 lsst_hardware_g 9.309334579278387 21.861147444036966 31.540000915527344 AB 2.5546190014960164 1.1107039136939203
61995.4311 lsst_hardware_z 25.170939169301498 63.40999984741211 30.989999771118164 AB 4.977731422772932 1.0601820502160941
62009.2757 lsst_hardware_r 1.303407914928951 38.70000076293945 32.650001525878906 AB 3.205778137727707 1.2329915914337335
62009.2962 lsst_hardware_z -97.18901104558402 59.97999954223633 31.690000534057617 AB 3.535678684784028 1.1708514561748582
62009.3401 lsst_hardware_r 26.233095223507576 21.68000030517578 31.469999313354492 AB 2.9788670556689327 1.0879718976146577
62009.3564 lsst_hardware_y -4.006965788551113 47.209999084472656 30.030000686645508 AB 2.9514485342905075 1.071695183111941
62011.407 lsst_hardware_u -1.4431799433252703 2.890000104904175 28.469999313354492 AB 7.913121625206405 1.0678015867047146
62011.4173 lsst_hardware_g -11.21898141665502 21.079999923706055 31.559999465942383 AB 7.0306157723653815 1.0757579025882307
62016.4015 lsst_hardware_i -56.95450344883369 48.97999954223633 31.309999465942383 AB 1.2523080490140435 1.0738671279240048
62016.4122 lsst_hardware_z 17.157129746542832 54.63999938964844 30.969999313354492 AB 1.2945373375992528 1.0845048904767063
62026.2066 lsst_hardware_g 4.910834347692213 13.09000015258789 31.299999237060547 AB 2.8737067669775658 1.3242888327083029
62026.2308 lsst_hardware_r -29.315051959662267 22.5 31.450000762939453 AB 2.843199637420318 1.2278104091350157
62027.3221 lsst_hardware_i 46.78204795612516 30.950000762939453 31.25 AB 1.7296031512372727 1.0629538981279971
62027.3418 lsst_hardware_z -14.519599711583432 41.52000045776367 30.950000762939453 AB 1.5586625844986988 1.0599541547083977
62030.3946 lsst_hardware_u 0.4641094583967399 3.359999895095825 28.530000686645508 AB 0.7798405352778658 1.1140579075398083
62030.4053 lsst_hardware_r -1.9027190669466256 32.72999954223633 31.549999237060547 AB 0.7941182018749777 1.134454574107111
62031.3791 lsst_hardware_g 8.72457647051918 12.979999542236328 31.3799991607666 AB 1.8513915569393544 1.0943108404725452
62031.3912 lsst_hardware_i -80.32894818907297 31.040000915527344 31.239999771118164 AB 1.8703223459783207 1.1129006868517801
62035.3816 lsst_hardware_u -3.927350171242938 2.7699999809265137 28.440000534057617 AB 1.5612742212748703 1.115195872339193
62035.3948 lsst_hardware_g -0.8746594452251436 18.079999923706055 31.489999771118164 AB 1.5976378546219492 1.1411698961585353
62037.3816 lsst_hardware_r -6.114417023891277 22.110000610351562 31.469999313354492 AB 4.250671637320994 1.1252605260942405
62037.3923 lsst_hardware_i -29.449716284567078 34.38999938964844 31.25 AB 4.287552377882542 1.1477854043320952
62041.351 lsst_hardware_z 30.311741028322754 41.56999969482422 30.940000534057617 AB 5.177021929538997 1.0932366021622502
62041.3631 lsst_hardware_r 5.620132003193252 21.81999969482422 31.459999084472656 AB 5.306775523554556 1.1115411894129037
62044.3448 lsst_hardware_r 9.9838683203024 39.86000061035156 31.600000381469727 AB 4.5801767936306215 1.0959545667710089
62044.3564 lsst_hardware_z 61.208994108781084 43.40999984741211 30.940000534057617 AB 4.649134109511988 1.1140987561734934
62046.1364 lsst_hardware_r -30.95241872086106 177.3300018310547 33.06999969482422 AB 4.377921938085637 1.4040801597453731
62046.1547 lsst_hardware_i -47.0693230610822 119.7300033569336 32.470001220703125 AB 4.184602820701448 1.3119933596806546
62048.347 lsst_hardware_z -24.59715288905346 61.38999938964844 30.969999313354492 AB 8.48752212352261 1.1167792267792906
62048.3586 lsst_hardware_r 108.2001215427288 83.8499984741211 31.6299991607666 AB 8.66122350533517 1.1396346717546277
62054.3295 lsst_hardware_z 151.30698502274197 44.90999984741211 30.950000762939453 AB 5.042255733741878 1.1148033901706562
62054.3402 lsst_hardware_g 11.09682245150943 35.310001373291016 31.639999389648438 AB 4.964008382006352 1.1353441321987532
62055.3207 lsst_hardware_r 19.096444669958796 30.559999465942383 31.549999237060547 AB 5.838906672002228 1.1047376397582203
62055.3337 lsst_hardware_z 15.519528535597345 43.86000061035156 30.950000762939453 AB 6.246831930528211 1.1276887680347403
62059.3243 lsst_hardware_g -14.822338212749592 12.970000267028809 31.360000610351562 AB 7.951429230579392 1.130722522301684
62059.3359 lsst_hardware_r -7.657945563129963 22.260000228881836 31.459999084472656 AB 8.467441847247887 1.1563989002352948
62064.3204 lsst_hardware_i 0.07985389639082198 30.68000030517578 31.229999542236328 AB 2.6682215639689244 1.1519989482487465
62064.3311 lsst_hardware_z -25.68041399295363 42.650001525878906 30.940000534057617 AB 2.71500555483343 1.1791981851678006
62065.3176 lsst_hardware_r -29.717098205800728 22.010000228881836 31.459999084472656 AB 2.912224786077962 1.1518357756405915
62065.3288 lsst_hardware_u -0.7836109873595755 2.4700000286102295 28.239999771118164 AB 2.9127885829406286 1.180381703204361
62067.3154 lsst_hardware_g 17.491366780463675 12.899999618530273 31.34000015258789 AB 3.723521701827398 1.1596745502704047
62067.327 lsst_hardware_i 33.006520450352376 31.209999084472656 31.229999542236328 AB 3.8885547995077427 1.1907384299809358
62075.3022 lsst_hardware_r -8.388476493340253 69.30000305175781 31.6200008392334 AB 6.491011350709556 1.1823335793642178
62075.3138 lsst_hardware_y 67.78647747606131 52.65999984741211 30.0 AB 6.645061707337982 1.2173415438455946
62077.2864 lsst_hardware_z 177.75861748015316 88.97000122070312 31.729999542236328 AB 6.15601349224565 1.1555525263882238
62079.2876 lsst_hardware_r -13.349322004392334 74.31999969482422 31.6200008392334 AB 4.070401795176561 1.172350747458687
62079.2992 lsst_hardware_i -88.41270069652953 60.220001220703125 31.299999237060547 AB 4.70602249677144 1.2056419718456723
62081.2839 lsst_hardware_z 3.026199049237436 50.220001220703125 30.959999084472656 AB 6.1160380310201665 1.1770665956543815
62081.2959 lsst_hardware_r 62.6814411494681 54.400001525878906 31.600000381469727 AB 6.980660947971786 1.2124465389442964
62083.2457 lsst_hardware_i 75.7480262045307 38.38999938964844 31.280000686645508 AB 8.7220901876774 1.1070515553832598
62083.2563 lsst_hardware_z 6.682480679249034 45.72999954223633 30.950000762939453 AB 8.761299631616458 1.1258416386040466
62086.2514 lsst_hardware_g 13.664987248916619 13.430000305175781 31.3700008392334 AB 4.642834025382148 1.1323985427761336
62086.2617 lsst_hardware_r -2.2610207681036054 23.219999313354492 31.479999542236328 AB 4.736536833405758 1.1552528861965263
62088.2486 lsst_hardware_i -9.886821393650255 30.43000030517578 31.229999542236328 AB 8.288325362000371 1.1379591353058793
62088.2598 lsst_hardware_r -35.45905507256282 21.920000076293945 31.450000762939453 AB 6.683777717467211 1.1640156247768472
62091.2397 lsst_hardware_g -0.14407185831403935 12.859999656677246 31.350000381469727 AB 6.651116251803833 1.1364572835201363
62091.2521 lsst_hardware_r -20.69533139601963 22.079999923706055 31.459999084472656 AB 4.6895986000603616 1.1652624177066973
62098.1835 lsst_hardware_g -22.952398385177265 15.350000381469727 31.459999084472656 AB 8.427658144349966 1.0793619549629687
62098.1948 lsst_hardware_r -32.39053483461011 21.8799991607666 31.479999542236328 AB 8.448681317755414 1.092501894537338
62100.1868 lsst_hardware_i 3.1596943289091786 36.38999938964844 31.270000457763672 AB 5.080585397829727 1.0892414917092708
62100.1989 lsst_hardware_z 68.31853494605438 44.02000045776367 30.940000534057617 AB 5.210625971254478 1.1064466247000326
62103.22 lsst_hardware_z 61.04526397919953 52.13999938964844 30.950000762939453 AB 5.942207605482859 1.1669692862297987
62103.2326 lsst_hardware_r 13.718590991250766 55.709999084472656 31.59000015258789 AB 5.992549746385805 1.202357493255579
62105.1803 lsst_hardware_r -156.63032304173214 75.01000213623047 31.639999389648438 AB 8.549183250898587 1.0989020535233451
62105.1924 lsst_hardware_i -31.384380948220063 60.58000183105469 31.309999465942383 AB 8.647530842756192 1.1186612131245681
62107.1781 lsst_hardware_z -194.28468901465357 59.189998626708984 30.979999542236328 AB 7.044439322303776 1.103796899636686
62107.1902 lsst_hardware_i -7.010214098361627 65.2699966430664 31.309999465942383 AB 7.1850139428110475 1.1247565873767753
62112.1866 lsst_hardware_g -6.759779155461788 35.38999938964844 31.639999389648438 AB 5.068083133133361 1.1457179005613214
62112.1985 lsst_hardware_r -30.087348013514685 40.7400016784668 31.579999923706055 AB 5.214259318353609 1.1750443534317991
62116.1066 lsst_hardware_z 44.71620816025926 41.04999923706055 30.950000762939453 AB 13.311080407262763 1.061489665650938
62116.119 lsst_hardware_r -15.76060016546344 21.68000030517578 31.489999771118164 AB 13.297242262376438 1.0670231313092244
62118.0976 lsst_hardware_u 2.3416371263541635 2.5799999237060547 28.389999389648438 AB 7.828817933354027 1.0606238168380635
62118.1102 lsst_hardware_r -29.43411911712912 21.6200008392334 31.469999313354492 AB 7.8726101600104075 1.0651496952422952
62120.1018 lsst_hardware_i 4.092588359266834 29.969999313354492 31.239999771118164 AB 10.74231289117546 1.0637361487633552
62120.1141 lsst_hardware_z 43.43918605241487 41.290000915527344 30.940000534057617 AB 10.812738291608554 1.0711329855184704
62122.105 lsst_hardware_r 13.846551424490936 21.75 31.479999542236328 AB 4.377450629097263 1.0685396165412357
62122.1174 lsst_hardware_u -3.1941066657005193 2.690000057220459 28.469999313354492 AB 4.314331134880082 1.0788075352895936
62128.0805 lsst_hardware_z -6.22812362545219 42.349998474121094 30.950000762939453 AB 6.824576991049691 1.06398497976606
62128.0922 lsst_hardware_r 0.4023218330482822 27.760000228881836 31.540000915527344 AB 6.633287214342807 1.071094334626644
62131.0771 lsst_hardware_i 34.93725205961622 41.65999984741211 31.290000915527344 AB 6.8144941409755715 1.0664727322626975
62131.0886 lsst_hardware_z 12.23994165932692 46.4900016784668 30.959999084472656 AB 5.381003921558778 1.0748572127958276
62133.0799 lsst_hardware_r 14.279797372633148 55.91999816894531 31.6299991607666 AB 8.833959665460181 1.072147541168782
62133.0926 lsst_hardware_z -18.85237208547476 50.31999969482422 30.959999084472656 AB 8.132867841745664 1.0843823788994218
62137.0765 lsst_hardware_i 29.57583957623791 59.689998626708984 31.31999969482422 AB 7.436719225444528 1.0788728675707946
62137.0901 lsst_hardware_z -14.822573407145237 56.290000915527344 30.969999313354492 AB 7.587255532661027 1.0949337076784242
62139.0837 lsst_hardware_r 42.57281748018116 45.380001068115234 31.600000381469727 AB 4.6379361183755154 1.093659404203388
62139.0988 lsst_hardware_g 15.968061879342994 50.900001525878906 31.68000030517578 AB 4.773129789223095 1.1173056622713236
