data/validation/pwv_sim_epoch_fit_epoch/33374389.ecsv
# %ECSV 0.9
# ---
# datatype:
# - {name: time, datatype: float64}
# - {name: band, datatype: string}
# - {name: flux, datatype: float64}
# - {name: fluxerr, datatype: float64}
# - {name: zp, datatype: float64}
# - {name: zpsys, datatype: string}
# - {name: pwv, datatype: float64}
# - {name: airmass, datatype: float64}
# meta: {SNID: '33374389', alt: 1024.0, c: -0.005801725201308727, dec: 4.929937, lat: -30.244573, lon: -70.7499537, ra: 193.710938, t0: 62648.921875,
#   x0: 2.580142524176306e-06, x1: 1.118277668952942, z: 0.8034115433692932}
# schema: astropy-2.0
time band flux fluxerr zp zpsys pwv airmass
62532.3618 lsst_hardware_z -31.398082756010268 44.369998931884766 30.93000030517578 AB 14.174397876567168 1.223997226055525
62532.3807 lsst_hardware_y 19.83879223988654 68.9000015258789 30.0 AB 14.463917899776456 1.2224751006995174
62534.3636 lsst_hardware_u -1.6627772059476151 2.890000104904175 28.399999618530273 AB 11.975922350494026 1.2212540319178051
62534.3831 lsst_hardware_y -131.5518129920293 73.56999969482422 30.010000228881836 AB 11.544510904116759 1.227225566505449
62542.3306 lsst_hardware_g 16.719242040116566 15.09000015258789 31.389999389648438 AB 3.6145403590986747 1.2265845910634041
62542.3489 lsst_hardware_i -3.602268728674077 32.70000076293945 31.229999542236328 AB 4.185388677706867 1.2211793457615834
62545.3273 lsst_hardware_g -35.86190687173381 15.130000114440918 31.399999618530273 AB 6.973701710530244 1.2234564404439023
62545.3447 lsst_hardware_r 26.554428727399735 24.610000610351562 31.479999542236328 AB 6.8377887697582596 1.2222705302553103
62549.3403 lsst_hardware_r 60.165452715426134 90.16999816894531 31.610000610351562 AB 4.866171121804588 1.225812991197075
62549.3578 lsst_hardware_z 112.75820431409568 65.0199966430664 30.959999084472656 AB 4.944219202062243 1.2464156304436598
62553.3054 lsst_hardware_i -62.83612728679896 93.87000274658203 31.309999465942383 AB 7.932046807584946 1.2234834017714977
62553.3231 lsst_hardware_z 16.54820875326226 83.44000244140625 30.969999313354492 AB 7.916305154361653 1.2223594139141714
62555.3062 lsst_hardware_r 33.79321532425908 64.08999633789062 31.600000381469727 AB 13.406359307153842 1.2212579646689905
62555.3241 lsst_hardware_z 66.94330271919178 56.91999816894531 30.950000762939453 AB 13.55032749678218 1.225941146908729
62562.3054 lsst_hardware_r -13.192875821032938 24.670000076293945 31.479999542236328 AB 4.188629323636159 1.2262393726184926
62562.3244 lsst_hardware_g -11.521646784708969 15.079999923706055 31.3799991607666 AB 4.3458288728223184 1.2499987170150486
62567.2729 lsst_hardware_r 20.65450204677778 24.610000610351562 31.469999313354492 AB 11.826293653413494 1.2213670571712991
62567.2917 lsst_hardware_u 2.471512463967081 2.5999999046325684 28.25 AB 10.915655897091167 1.2262026395294505
62577.2724 lsst_hardware_r 160.02538286659336 76.30999755859375 31.600000381469727 AB 9.747086431507803 1.2338084090516206
62577.2935 lsst_hardware_i 93.13635596228825 64.81999969482422 31.280000686645508 AB 10.259180658286558 1.2708015184301447
62583.235 lsst_hardware_y 47.61618508269523 54.68000030517578 29.989999771118164 AB 7.933604654734632 1.2209302331078227
62583.2558 lsst_hardware_r 68.26118285351184 75.31999969482422 31.600000381469727 AB 7.534355935943539 1.233556242411691
62585.2062 lsst_hardware_z 8.248281729856364 68.72000122070312 31.68000030517578 AB 8.506698669054996 1.233227230790237
62590.0407 lsst_hardware_r -41.13865314860738 25.5 31.139999389648438 AB 16.68974706112423 2.835820184830805
62590.0691 lsst_hardware_g -9.486250387200851 14.760000228881836 31.110000610351562 AB 10.24815638403775 2.0724279846385745
62595.2179 lsst_hardware_u -3.1751259355458283 2.6600000858306885 28.280000686645508 AB 6.755901048747015 1.22834564522673
62595.2376 lsst_hardware_g -0.3850122047562441 15.539999961853027 31.389999389648438 AB 6.9089077606158105 1.2561650473846928
62597.2073 lsst_hardware_r 9.385655187788412 25.1299991607666 31.479999542236328 AB 16.95959003476778 1.2245191360842886
62597.2257 lsst_hardware_i -83.8914659167716 33.25 31.229999542236328 AB 18.48803448022686 1.2447060915772123
62601.1952 lsst_hardware_g 16.159034259921583 15.4399995803833 31.399999618530273 AB 6.0161691271689985 1.2238350487545004
62601.2123 lsst_hardware_r -33.361388039388196 24.989999771118164 31.469999313354492 AB 5.994474812285325 1.2409208140253916
62605.1899 lsst_hardware_i 60.132247255426606 59.29999923706055 31.290000915527344 AB 6.748621720980069 1.2277476183162903
62605.2073 lsst_hardware_z 17.42241124274776 59.060001373291016 30.959999084472656 AB 6.987382646588187 1.2505382812685792
62607.149 lsst_hardware_z -176.0260666079443 88.9800033569336 30.979999542236328 AB 20.54421115863233 1.2301922849480438
62607.1665 lsst_hardware_r 4.784356750307813 126.98999786376953 31.6200008392334 AB 20.38976340308606 1.2209439163524587
62615.0804 lsst_hardware_g 25.036050765993878 15.048575488991085 31.34000015258789 AB 12.39680199327746 1.3402672569628042
62615.091 lsst_hardware_r 4.025643110499045 24.97398984753817 31.459999084472656 AB 11.813534159522497 1.3029154251155286
62617.157 lsst_hardware_i 27.701107250607595 33.02862536325646 31.229999542236328 AB 10.610056811128441 1.2276369343328553
62617.1734 lsst_hardware_z 30.746169454284626 44.45732138839758 30.93000030517578 AB 8.018461903672215 1.2485440310906948
62624.1536 lsst_hardware_i 149.11380865698703 35.675407488061516 31.229999542236328 AB 14.10063047037369 1.2473742592718393
62624.1702 lsst_hardware_r 94.72319553883263 26.795415180004824 31.479999542236328 AB 14.848318405292153 1.2835313417627563
62626.1131 lsst_hardware_z 267.80249994401896 46.26143385088008 30.940000534057617 AB 11.296055598383763 1.2211291928418748
62626.1317 lsst_hardware_u -3.1379826190614653 2.8807043727545967 28.360000610351562 AB 10.586355232284237 1.2270478391520414
62630.0252 lsst_hardware_i 472.53200252968423 40.914807724781035 31.209999084472656 AB 12.771766772088954 1.4047644042224023
62630.0413 lsst_hardware_z 314.830380334471 49.008638746134736 30.920000076293945 AB 12.118505480964364 1.3331200338415643
62632.1136 lsst_hardware_g -9.959550619834571 35.4480798028717 31.600000381469727 AB 9.668159773702534 1.2257571820858997
62632.1316 lsst_hardware_r 344.3929071135918 44.121899968599486 31.549999237060547 AB 9.63083264807095 1.2471133244507793
62635.0713 lsst_hardware_i 571.1520201008668 91.76693377853059 31.299999237060547 AB 7.85677083653171 1.2314687831554203
62635.0903 lsst_hardware_r 617.8352278824524 106.98427542230229 31.610000610351562 AB 7.444847361022034 1.2209338043550046
62647.0363 lsst_hardware_g 72.40378486488594 18.167548318146327 31.420000076293945 AB 7.0219994133457515 1.2339502249318917
62647.0564 lsst_hardware_r 630.7792633030446 34.880973876887836 31.489999771118164 AB 6.382406223149739 1.2210457668164796
62651.0373 lsst_hardware_i 932.4826237253798 44.43531844972501 31.229999542236328 AB 11.80716715978509 1.2237731340791953
62651.0576 lsst_hardware_r 541.3583562198085 33.74518805271114 31.479999542236328 AB 13.353406138387244 1.2232874806144416
62656.0337 lsst_hardware_r 400.402996166574 32.40070842101011 31.479999542236328 AB 13.794706314577295 1.2209055262376187
62656.0533 lsst_hardware_i 933.7554068772558 43.498307735208 31.229999542236328 AB 14.141483331958273 1.2301844937003825
62657.9998 lsst_hardware_i 779.115785667626 43.53661032569211 31.219999313354492 AB 5.343372212601604 1.2426447006050243
62658.0214 lsst_hardware_z 601.7490314536151 50.215075259171876 30.93000030517578 AB 5.412324562112333 1.2222955198988863
62676.9609 lsst_hardware_y 223.52349675404403 54.2854470715827 29.989999771118164 AB 6.191989849524601 1.2274734561452025
62676.9812 lsst_hardware_g -9.624425095759957 16.83287116664889 31.420000076293945 AB 6.15672514321931 1.2213705028704203
62678.9594 lsst_hardware_y 188.05421817078346 57.11357541120225 30.0 AB 9.333241293534348 1.224620533616265
62678.979 lsst_hardware_i 328.9334836394676 37.674411294971215 31.229999542236328 AB 9.377490984644709 1.2223538107292362
62680.9614 lsst_hardware_z 324.34292394102107 50.14923275257181 30.940000534057617 AB 4.975353226394005 1.2214451455959097
62680.9823 lsst_hardware_u -2.9831693948333027 2.836034153455241 28.3799991607666 AB 4.921044894885545 1.2277035080795542
62898.3595 lsst_hardware_r 14.93953456766343 24.959999084472656 31.479999542236328 AB 14.43590819915044 1.2240736177911622
62898.3765 lsst_hardware_z 37.560942522120584 51.29999923706055 30.950000762939453 AB 13.98330345478103 1.221649313511502
62907.3344 lsst_hardware_i 12.666633511602708 92.19999694824219 31.309999465942383 AB 4.169425922782238 1.2243811441216392
62907.3542 lsst_hardware_z -192.0611747580649 80.70999908447266 30.969999313354492 AB 4.186235451590521 1.2224369839656946
62911.3407 lsst_hardware_i -109.73649176484012 45.33000183105469 31.270000457763672 AB 3.0013613279173454 1.2215552820176416
62911.3584 lsst_hardware_z 0.5074252189297059 50.369998931884766 30.940000534057617 AB 3.0076217420394276 1.2345291911911451
62915.2564 lsst_hardware_g -21.391776874820167 15.0 31.350000381469727 AB 6.365282303489311 1.3488625351746901
62915.268 lsst_hardware_r -16.74842870004623 24.770000457763672 31.459999084472656 AB 6.24360368226171 1.3065349060448255
62924.2995 lsst_hardware_i -35.907716304172965 32.79999923706055 31.229999542236328 AB 7.402991459114733 1.220809937189105
62924.3184 lsst_hardware_z 13.999288776109612 44.2400016784668 30.93000030517578 AB 7.462212485210435 1.2296634234506456
62928.3059 lsst_hardware_g -3.705674246166385 15.069999694824219 31.389999389648438 AB 7.411351300919109 1.2282141609842174
62928.3238 lsst_hardware_r 12.572602453674284 24.690000534057617 31.469999313354492 AB 7.60532522443849 1.2525239170682625
62933.2715 lsst_hardware_z 103.07295159364644 81.6500015258789 30.969999313354492 AB 12.089491214741086 1.2211607287617259
62933.2912 lsst_hardware_r 123.2926747251884 119.0 31.610000610351562 AB 12.150504590853835 1.2273236960458418
62936.2716 lsst_hardware_z 258.0419763740487 96.0199966430664 30.979999542236328 AB 10.828138956013914 1.221333466229616
62936.2906 lsst_hardware_r -3.2340432404661996 139.39999389648438 31.6200008392334 AB 10.84341974186332 1.2350722500342817
62938.2704 lsst_hardware_i 133.25859919211337 64.94999694824219 31.290000915527344 AB 18.550484549550912 1.2227863782882038
62938.2878 lsst_hardware_z -169.02301005232766 62.36000061035156 30.959999084472656 AB 18.68924812944256 1.2385187627198517
62947.2319 lsst_hardware_z 35.66745960363775 44.25 30.940000534057617 AB 6.99902336661578 1.221470046529832
62947.2508 lsst_hardware_r -5.44270717416336 25.15999984741211 31.5 AB 6.482825576505689 1.2256606468791773
62955.2123 lsst_hardware_g -19.941726468935993 15.789999961853027 31.43000030517578 AB 7.85193749115185 1.2210145383296864
62955.2305 lsst_hardware_r -22.086319039528394 25.360000610351562 31.5 AB 8.02744967752545 1.2268135014048065
62957.2105 lsst_hardware_i -55.68469451629936 34.5099983215332 31.239999771118164 AB 5.141485623987502 1.2208205209515766
62957.2284 lsst_hardware_z -13.89245101579386 44.54999923706055 30.940000534057617 AB 5.220514732578862 1.229754952513586
62961.2076 lsst_hardware_r -50.878301023243026 99.69999694824219 31.610000610351562 AB 9.024968554146367 1.222785008691139
62961.2248 lsst_hardware_i -85.81638927823965 81.9800033569336 31.299999237060547 AB 8.772530766790299 1.2382418509631368
62964.2178 lsst_hardware_z -1.4686939133116905 151.85000610351562 31.729999542236328 AB 11.399205801863147 1.239897661636251
62969.2 lsst_hardware_z -8.494556959028003 68.06999969482422 31.690000534057617 AB 11.97434809219945 1.2344688754844795
62971.1934 lsst_hardware_g 23.570161789543718 15.4399995803833 31.40999984741211 AB 12.208094682058292 1.233140876975585
62971.2092 lsst_hardware_r -21.391889741098407 27.079999923706055 31.489999771118164 AB 12.580402014358523 1.2579563376800071
62974.1886 lsst_hardware_i -17.80074465153586 33.13999938964844 31.239999771118164 AB 15.961182330055127 1.2373009558182269
62974.2076 lsst_hardware_z 90.24295229414446 44.86000061035156 30.93000030517578 AB 16.416278268212878 1.2725797107141765
62976.1594 lsst_hardware_z 20.94403855904879 44.380001068115234 30.940000534057617 AB 7.986123498478328 1.2208708976475227
62976.1771 lsst_hardware_i 19.19909072461883 33.220001220703125 31.239999771118164 AB 4.0173136872581185 1.2303234629073176
62978.1537 lsst_hardware_u -2.395606705079519 2.7799999713897705 28.399999618530273 AB 12.381596277410582 1.2208540219794988
62978.1718 lsst_hardware_g 14.211789322207524 15.300000190734863 31.40999984741211 AB 11.332149711040056 1.230484794075689
62985.1616 lsst_hardware_z -27.28084688361633 63.31999969482422 31.68000030517578 AB 10.144140325706546 1.2415568601317601
62992.1206 lsst_hardware_r 144.51952610487987 138.0800018310547 31.6200008392334 AB 4.425732815201635 1.22187492884895
62992.1392 lsst_hardware_i -139.41036501603278 110.80999755859375 31.309999465942383 AB 4.235200277371922 1.2369761799265702
62994.1369 lsst_hardware_z -39.06004692839098 101.61000061035156 31.719999313354492 AB 12.254843023956509 1.241373888164152
63000.0721 lsst_hardware_z -3.0523831351620494 44.33000183105469 30.93000030517578 AB 7.846767750658787 1.2312840051246687
63000.0882 lsst_hardware_u 3.825056590690309 2.740000009536743 28.3700008392334 AB 7.5065800999328145 1.2212440509652496
63004.0372 lsst_hardware_i -96.70498624151149 33.189998626708984 31.219999313354492 AB 9.180610599152091 1.2722869521865001
63004.0566 lsst_hardware_u -0.3019627470406121 2.6500000953674316 28.290000915527344 AB 10.301091542784853 1.2366256353883682
63014.056 lsst_hardware_z -78.88853646409984 63.79999923706055 31.690000534057617 AB 8.986950472540736 1.2209148156966922
63018.0365 lsst_hardware_i 124.12801912768752 77.23999786376953 31.299999237060547 AB 8.309263546129653 1.2219505214896549
63018.0587 lsst_hardware_z -68.17072061254102 72.12000274658203 30.969999313354492 AB 9.054061607069483 1.2270038768219926
63033.0016 lsst_hardware_r -46.4799810250079 25.450000762939453 31.489999771118164 AB 11.21419784398449 1.220836576258427
63033.0249 lsst_hardware_i -6.91576476548402 33.5 31.229999542236328 AB 11.325320482386939 1.2340759292868466
63036.9586 lsst_hardware_y -0.860772197092363 53.650001525878906 29.989999771118164 AB 4.608647764679426 1.2485330889752113
63036.9781 lsst_hardware_g -15.571075950614102 16.0 31.43000030517578 AB 4.385924139938415 1.2252610797174899
63044.9595 lsst_hardware_y 42.66913258890745 57.38999938964844 30.0 AB 7.906891931662413 1.2233458378023332
63044.979 lsst_hardware_i -3.669542976212862 49.7400016784668 31.280000686645508 AB 7.859366765709025 1.2231684221321961
