data/validation/pwv_sim_epoch_fit_epoch/33504136.ecsv
# %ECSV 0.9
# ---
# datatype:
# - {name: time, datatype: float64}
# - {name: band, datatype: string}
# - {name: flux, datatype: float64}
# - {name: fluxerr, datatype: float64}
# - {name: zp, datatype: float64}
# - {name: zpsys, datatype: string}
# - {name: pwv, datatype: float64}
# - {name: airmass, datatype: float64}
# meta: {SNID: '33504136', alt: 1024.0, c: -0.11388670653104782, dec: -47.161343, lat: -30.244573, lon: -70.7499537, ra: 232.074234, t0: 60068.4375,
#   x0: 3.220513371298555e-05, x1: -1.4241600036621094, z: 0.2791028916835785}
# schema: astropy-2.0
time band flux fluxerr zp zpsys pwv airmass
60005.3855 lsst_hardware_g -178.73258922720245 111.54000091552734 31.739999771118164 AB 3.161109363535479 1.047678967117567
60005.3981 lsst_hardware_y -18.078323036034465 163.41000366210938 30.079999923706055 AB 3.2114874160531004 1.0456613483282378
60008.3882 lsst_hardware_z 53.350245111630976 149.63999938964844 31.010000228881836 AB 10.199047936831311 1.045698694822076
60008.4011 lsst_hardware_y -14.27400341056392 163.17999267578125 30.079999923706055 AB 10.167179510818983 1.047263125577921
60010.3827 lsst_hardware_y 143.57020333212148 224.6999969482422 30.829999923706055 AB 9.323295873193924 1.0457010045642312
60014.3882 lsst_hardware_z -193.13111418604024 149.7100067138672 31.010000228881836 AB 6.919539548629603 1.0484150831256975
60014.4015 lsst_hardware_y -208.83546972832133 163.1999969482422 30.079999923706055 AB 6.9676472221478445 1.0557041245678553
60016.3593 lsst_hardware_r 2.5560219819200056 100.04000091552734 31.65999984741211 AB 13.49170900649178 1.0466396964037037
60016.372 lsst_hardware_z -49.84807559819586 145.8300018310547 31.010000228881836 AB 13.533461683656938 1.0458625721528023
60018.3657 lsst_hardware_g 55.132353414387616 111.66000366210938 31.739999771118164 AB 9.44206813148501 1.0457876539339523
60018.378 lsst_hardware_i -176.2948451423249 120.41000366210938 31.34000015258789 AB 10.165941410933845 1.0486928824022466
60021.3755 lsst_hardware_r 149.23639697697942 101.62999725341797 31.65999984741211 AB 7.548458239827887 1.0513539106275018
60021.3892 lsst_hardware_u 57.21823969160088 40.380001068115234 29.520000457763672 AB 7.56084415636882 1.0612455830400476
60023.367 lsst_hardware_g -74.09811166350968 111.6500015258789 31.739999771118164 AB 5.450712802690023 1.049829122243862
60023.3795 lsst_hardware_r -148.24775069873814 101.7699966430664 31.65999984741211 AB 6.020150783037483 1.0576512268161617
60026.3629 lsst_hardware_i -78.45576945161972 120.45999908447266 31.350000381469727 AB 6.3637002963628175 1.0519382256984573
60026.3757 lsst_hardware_z -194.7964793249666 149.67999267578125 31.010000228881836 AB 6.729169475506335 1.0613831980293904
60028.3671 lsst_hardware_r 34.2943750624739 101.69000244140625 31.65999984741211 AB 7.015223998923073 1.0586620386211534
60028.3795 lsst_hardware_g 297.042356194827 111.2300033569336 31.729999542236328 AB 7.949893214038126 1.0709811685353838
60030.3093 lsst_hardware_u -31.604293948953092 39.61000061035156 29.530000686645508 AB 7.299833633122328 1.0510541208915918
60030.3207 lsst_hardware_r 70.0342008644011 99.94999694824219 31.65999984741211 AB 7.268496439534642 1.0467304780435833
60032.3145 lsst_hardware_i 35.84334310528641 117.6500015258789 31.350000381469727 AB 7.846244600296408 1.0469104163355818
60032.3275 lsst_hardware_z -76.97896674651058 145.94000244140625 31.010000228881836 AB 7.743054688919508 1.0457934479902091
60037.3065 lsst_hardware_r 247.2874300222206 141.33999633789062 32.40999984741211 AB 6.030122232481847 1.0458975340355299
60037.3174 lsst_hardware_z -96.93859388512404 206.1999969482422 31.760000228881836 AB 6.047084418306209 1.0462385452244083
60039.2973 lsst_hardware_y -84.59918946794778 224.38999938964844 30.829999923706055 AB 7.242677395471194 1.0464784562160139
60041.2844 lsst_hardware_r 120.47976890286176 101.58999633789062 31.65999984741211 AB 8.389577680758407 1.0486972100948009
60041.2974 lsst_hardware_i 190.57383367666625 120.25 31.34000015258789 AB 8.773365617906252 1.045745094759126
60045.2946 lsst_hardware_r 60.03694069307609 99.99832812207227 31.65999984741211 AB 3.752757702726043 1.0460891642712378
60045.3057 lsst_hardware_i -101.71271720611958 117.48004644427996 31.34000015258789 AB 3.7630760014605733 1.049282275711657
60052.2737 lsst_hardware_r 2472.580643476808 149.36009502084534 32.40999984741211 AB 13.34244921601512 1.045871893708685
60052.2857 lsst_hardware_u 48.12221624714869 56.37450266869602 30.290000915527344 AB 13.365241854143347 1.0489124041864188
60055.0933 lsst_hardware_g 2190.7889858662743 111.7061878549676 31.540000915527344 AB 10.663787515466629 1.5233982164952327
60055.1043 lsst_hardware_r 2152.6691772675995 108.60326321588371 31.559999465942383 AB 10.127700030611004 1.4468142900872862
60059.2287 lsst_hardware_u 317.54547205062124 44.27549193542849 29.530000686645508 AB 13.358384821873509 1.0518413245569693
60059.2397 lsst_hardware_r 5823.039276584953 128.1615256177375 31.65999984741211 AB 13.299537231397888 1.0472076560155819
60061.2759 lsst_hardware_z 3568.520236625101 160.8770407269627 31.010000228881836 AB 2.8331641836798696 1.0577757445057228
60061.2878 lsst_hardware_i 5249.386620424217 139.86237476209416 31.34000015258789 AB 2.8586518156589804 1.0691544892600207
60063.2269 lsst_hardware_r 9021.257444303159 138.2461113243888 31.65999984741211 AB 10.92065958655967 1.0477797991454207
60063.2392 lsst_hardware_u 376.53231552023544 45.06533445803756 29.530000686645508 AB 10.980362397711236 1.045682407248229
60065.2299 lsst_hardware_y 1256.4863959226086 166.1325960535354 30.079999923706055 AB 9.601402477106674 1.0459233984393335
60065.2414 lsst_hardware_r 9718.076193543904 141.8061624949873 31.65999984741211 AB 9.568295250889648 1.0463252078686647
60067.2109 lsst_hardware_r 10237.151728580282 143.4795607018588 31.65999984741211 AB 12.480809328230022 1.0497778894970158
60067.2229 lsst_hardware_i 6904.7758277658095 145.15094875694118 31.34000015258789 AB 12.41611830974707 1.0461257914183342
60069.2181 lsst_hardware_z 4167.276113524075 158.73285260529727 31.010000228881836 AB 9.616871957276741 1.046032263943665
60069.2301 lsst_hardware_r 10448.391814288741 142.62477144733703 31.65999984741211 AB 9.597684960086355 1.0462592616373205
60071.2167 lsst_hardware_z 4342.35212243035 162.06582044099767 31.010000228881836 AB 7.136373570573591 1.045699109176298
60071.2283 lsst_hardware_r 10163.809958938438 142.95441249550854 31.65999984741211 AB 7.124804693665365 1.0470596573875988
60073.2039 lsst_hardware_i 7106.214940638589 145.91514157351196 31.350000381469727 AB 8.070058138806258 1.0466096496809085
60073.2166 lsst_hardware_z 3645.58480117792 161.42485773289317 31.010000228881836 AB 8.759953661351686 1.0459021743599604
60087.198 lsst_hardware_r 4600.507084691336 121.73799654844106 31.65999984741211 AB 2.105848086998925 1.0529240434994624
60087.2089 lsst_hardware_i 3708.1899572993384 134.77743880590927 31.34000015258789 AB 2.0459264755507443 1.061165184414258
60094.1817 lsst_hardware_z 2072.461243163819 156.164606279699 31.010000228881836 AB 13.078906230709837 1.0547505024765997
60094.1952 lsst_hardware_r 2319.982931800017 113.00643778346839 31.649999618530273 AB 13.223981741678408 1.066450140457936
60096.1316 lsst_hardware_z 2323.425652358109 156.5192946566542 31.010000228881836 AB 7.485374075403587 1.049842086311894
60096.1442 lsst_hardware_r 2456.546223557425 112.11174144147455 31.65999984741211 AB 7.533759756956007 1.0460649482027224
60113.0979 lsst_hardware_i 1554.238487548846 125.38501032356 31.34000015258789 AB 5.4066995944442855 1.0460530622554403
60113.1115 lsst_hardware_r 1074.5662958321473 106.1422012082127 31.65999984741211 AB 5.411090978706295 1.0465652076666616
60122.0495 lsst_hardware_r 938.8156127401487 103.71393515537912 31.65999984741211 AB 8.020219217138136 1.0565895683916393
60122.0615 lsst_hardware_g 527.4090292139682 111.0581474733814 31.729999542236328 AB 7.944660999274561 1.0494466557097015
60124.0877 lsst_hardware_i 1021.2818200254873 124.47781839464236 31.34000015258789 AB 4.105984126205758 1.0483809846050427
60124.1002 lsst_hardware_z 564.8882623736563 151.56465731684793 31.010000228881836 AB 4.132077364477887 1.0550433714994965
60126.0469 lsst_hardware_z 369.53933045294906 151.2928309636078 31.010000228881836 AB 8.432316000793815 1.0512362035564098
60126.0598 lsst_hardware_i 834.6815683529411 124.180072560543 31.34000015258789 AB 8.456376591493381 1.0464949168583777
60127.0511 lsst_hardware_z 892.5940852959167 213.85181307483032 31.760000228881836 AB 8.920250116148871 1.0481566843945136
60129.0451 lsst_hardware_r 797.3877774341123 103.40691737980018 31.65999984741211 AB 8.927767173430503 1.0483521810040515
60129.0572 lsst_hardware_i 879.6149501270576 121.33017051798716 31.350000381469727 AB 8.802204480429724 1.0457650564845014
60131.0482 lsst_hardware_z 732.6908195771024 213.57871175649416 31.760000228881836 AB 6.500684956662954 1.0461353325817522
60138.0265 lsst_hardware_r 74.17085708943975 101.4800033569336 31.649999618530273 AB 6.036487533042841 1.046608252853755
60138.0392 lsst_hardware_i -47.89496393655913 120.19999694824219 31.34000015258789 AB 6.0670691540646615 1.0459261844727035
60140.0254 lsst_hardware_z -247.95446862896813 151.3000030517578 31.010000228881836 AB 5.664131198073091 1.045911032789787
60140.0371 lsst_hardware_i 181.5553141784061 121.79000091552734 31.34000015258789 AB 5.6407124628419805 1.0464334784587426
60144.0183 lsst_hardware_r 142.40591345439015 100.0199966430664 31.65999984741211 AB 1.6772140324313527 1.045698986292733
60144.0304 lsst_hardware_i 0.46083828418362466 117.47000122070312 31.34000015258789 AB 1.693600751714228 1.0474801062040375
60146.0211 lsst_hardware_z 164.9427429100408 149.66000366210938 31.010000228881836 AB 5.858628328820258 1.0465106647292026
60146.0332 lsst_hardware_u -19.90283836706524 40.56999969482422 29.530000686645508 AB 5.869359385004032 1.0508521219271962
60159.9644 lsst_hardware_z 58.229046111145266 211.58999633789062 31.760000228881836 AB 10.987914738604609 1.0470996542617397
60162.0026 lsst_hardware_g 88.59228270172277 109.26000213623047 31.729999542236328 AB 1.286654440703972 1.0598471504975058
60162.0141 lsst_hardware_r -158.77750471452265 99.58999633789062 31.649999618530273 AB 1.2247949321904552 1.0715616204640903
60369.3845 lsst_hardware_r 116.01919354525215 69.97000122070312 31.649999618530273 AB 4.4248888938752495 1.049380765345909
60369.3965 lsst_hardware_y -69.02210553291982 60.88999938964844 30.059999465942383 AB 4.384066570709089 1.0460045501244473
60372.3816 lsst_hardware_g -48.187080943135314 43.040000915527344 31.690000534057617 AB 7.1618579773017705 1.0474380954006246
60372.3936 lsst_hardware_z -53.04379276331945 51.189998626708984 30.959999084472656 AB 7.123293546203146 1.045685027273078
60375.3925 lsst_hardware_i -17.94673545206098 32.52000045776367 31.260000228881836 AB 9.313429846394438 1.0463744116239724
60375.4046 lsst_hardware_y 60.493056736803595 78.8499984741211 30.06999969482422 AB 9.377468034445174 1.0505201405304625
60378.379 lsst_hardware_r 9.519585470908916 22.760000228881836 31.489999771118164 AB 9.687904508892553 1.0457394450545165
60378.3905 lsst_hardware_y -16.479814555774624 47.849998474121094 30.040000915527344 AB 9.733890655040627 1.0480259825622007
60381.3932 lsst_hardware_z 18.73050126461852 42.130001068115234 30.950000762939453 AB 14.928471958542408 1.0533283756438974
60381.4054 lsst_hardware_y 114.30451564738935 63.849998474121094 30.049999237060547 AB 15.058490768267061 1.0629773007553398
60388.3492 lsst_hardware_z 44.00404267619617 41.06999969482422 30.940000534057617 AB 5.441080413555819 1.0456913030536488
60388.3611 lsst_hardware_r -2.9137461195760803 22.56999969482422 31.489999771118164 AB 5.3530494169066 1.0473585241453158
60390.3616 lsst_hardware_u 2.0630919429788253 2.640000104904175 28.399999618530273 AB 6.515472074945672 1.0495565401152853
60390.3768 lsst_hardware_r -62.39610807807861 22.670000076293945 31.489999771118164 AB 6.079349690275337 1.0593508499717854
60394.3123 lsst_hardware_z -5.526323508999205 63.900001525878906 30.989999771118164 AB 6.712268549763523 1.0513107261820112
60394.3238 lsst_hardware_r -29.403212738198587 92.20999908447266 31.65999984741211 AB 6.634132827465006 1.046833498968793
60396.323 lsst_hardware_y 40.11227508851919 80.16000366210938 30.799999237060547 AB 7.683811933483706 1.0459858335806842
60400.315 lsst_hardware_z 22.81196161717672 54.79999923706055 30.979999542236328 AB 5.2339167016416415 1.0457376027256027
60400.3274 lsst_hardware_r 46.22297684498207 63.060001373291016 31.639999389648438 AB 5.291774938739537 1.047098676970448
60402.3084 lsst_hardware_z 53.82560893875656 43.779998779296875 30.950000762939453 AB 6.021249713184862 1.0458097634711008
60402.3204 lsst_hardware_r 0.812862428865294 34.380001068115234 31.579999923706055 AB 6.037114754084604 1.0467170006503967
60404.3131 lsst_hardware_i -34.99896926419979 31.079999923706055 31.25 AB 7.270496477793836 1.0463404299911976
60404.3261 lsst_hardware_z -29.976124645721598 41.529998779296875 30.950000762939453 AB 7.1590412909300865 1.0508684463750826
60414.2922 lsst_hardware_r 73.483128828872 22.670000076293945 31.5 AB 10.353485143705598 1.048029673418929
60414.3035 lsst_hardware_u -4.771142046541856 2.7200000286102295 28.459999084472656 AB 10.359907350613154 1.053585614828959
60416.2842 lsst_hardware_u 1.5288722190384034 2.799999952316284 28.530000686645508 AB 14.241009889789431 1.0472357503031742
60416.2954 lsst_hardware_g 11.760286468338444 14.010000228881836 31.43000030517578 AB 14.602512034845219 1.0519910213012105
60419.2753 lsst_hardware_r 32.9756997929732 37.560001373291016 31.600000381469727 AB 3.7418747710701696 1.0470443570675536
60419.2867 lsst_hardware_i -18.477738942683388 38.13999938964844 31.280000686645508 AB 3.758969448971939 1.0517051384393394
60421.281 lsst_hardware_z -25.740390179075696 54.52000045776367 30.979999542236328 AB 8.887194834484058 1.0515731049716879
60421.2928 lsst_hardware_r -151.5969664625958 67.58000183105469 31.639999389648438 AB 7.222071780776291 1.0599002209854844
60425.2691 lsst_hardware_z 47.824002133952405 86.51000213623047 31.0 AB 6.41401855288014 1.0510476940401705
60425.2806 lsst_hardware_r 7.907503050393501 129.97999572753906 31.65999984741211 AB 6.242356981667317 1.0588192259743565
60428.2639 lsst_hardware_r 122.03670491677188 107.41999816894531 32.400001525878906 AB 11.243202224865644 1.052734290717757
60428.2726 lsst_hardware_z -15.777265840437897 84.58000183105469 31.729999542236328 AB 11.284473122766407 1.0589783335929281
60431.2228 lsst_hardware_r 12.752118884753315 32.540000915527344 31.579999923706055 AB 8.467290146936632 1.0468414889939273
60431.2342 lsst_hardware_y 40.54558321395535 47.72999954223633 30.049999237060547 AB 8.44320956239569 1.0457497961392594
60444.2193 lsst_hardware_g 2.21274407233432 14.220000267028809 31.43000030517578 AB 6.800355569811105 1.0521979838791744
60444.2317 lsst_hardware_i -10.67942282895372 30.770000457763672 31.239999771118164 AB 6.901276438304731 1.0614082495085375
60446.1953 lsst_hardware_r 10.632062980341264 39.310001373291016 32.290000915527344 AB 7.166398647177736 1.0459096563709886
60446.2078 lsst_hardware_z 0.517835491765007 58.849998474121094 31.700000762939453 AB 7.188791375946103 1.0491777931862012
60448.1848 lsst_hardware_r 37.64652829939945 46.70000076293945 31.6200008392334 AB 8.762967373451046 1.0457209618470127
60448.1976 lsst_hardware_y 27.890466307981477 48.66999816894531 30.049999237060547 AB 8.779179136343473 1.0474680802191543
60457.2139 lsst_hardware_z -95.26402927455344 54.900001525878906 30.969999313354492 AB 7.659474529436714 1.0818466849486648
60457.2255 lsst_hardware_i 6.967931726565444 56.540000915527344 31.309999465942383 AB 7.723680894520464 1.1002002627428216
60461.1286 lsst_hardware_i -1.6693736470954277 30.770000457763672 31.25 AB 7.473434752793186 1.0517570135750602
60461.1406 lsst_hardware_r 0.4784428824798513 23.030000686645508 31.5 AB 7.5339974186925724 1.0469216849357412
60465.127 lsst_hardware_r 10.690232210328423 23.100000381469727 31.5 AB 8.720540922931145 1.047680219806713
60465.1396 lsst_hardware_i -25.02776883569362 30.639999389648438 31.25 AB 8.69221905443073 1.0457119377341484
60467.1354 lsst_hardware_z 1.3801975117493992 41.31999969482422 30.950000762939453 AB 5.575178422389837 1.04573810598784
60467.1478 lsst_hardware_r 5.4247531291146585 22.979999542236328 31.5 AB 5.547166122537697 1.0481513111804774
60484.1024 lsst_hardware_z 26.742016399405614 67.9800033569336 30.989999771118164 AB 3.961863959884327 1.0485282413350365
60484.115 lsst_hardware_r -125.81942156720305 99.05999755859375 31.65999984741211 AB 4.008297921398679 1.0553707007368822
60492.0467 lsst_hardware_r 0.3237147894729476 22.600000381469727 31.489999771118164 AB 9.058217064139813 1.0503295465231521
60492.0593 lsst_hardware_i 6.472373200248948 30.420000076293945 31.25 AB 8.971943799853685 1.0462399844346164
60494.0424 lsst_hardware_z -30.451876828485947 41.13999938964844 30.950000762939453 AB 8.881680314399373 1.0497819649429345
60494.0547 lsst_hardware_i 53.682225650434866 30.479999542236328 31.260000228881836 AB 8.809285486577838 1.0461091897135926
60496.0414 lsst_hardware_u -0.4610053199419127 2.6600000858306885 28.420000076293945 AB 6.031597762159456 1.0480014645244045
60496.0533 lsst_hardware_g 14.653784482959157 13.789999961853027 31.420000076293945 AB 6.488419565063423 1.0457462196059508
60498.0777 lsst_hardware_i 11.062235154995335 30.3700008392334 31.239999771118164 AB 1.996710790447159 1.0560416715309582
60498.0912 lsst_hardware_r 56.16250533027843 22.510000228881836 31.479999542236328 AB 1.857754350510686 1.068391268385327
60502.0245 lsst_hardware_r -5.841250359462717 23.670000076293945 31.510000228881836 AB 10.129636165269176 1.0481825502141118
60502.0366 lsst_hardware_g 26.81170196593038 15.59000015258789 31.469999313354492 AB 10.199303418993315 1.0457606294466641
60507.0237 lsst_hardware_z -20.520363783774858 53.880001068115234 30.969999313354492 AB 1.5686005278686606 1.0457336852457737
60507.0368 lsst_hardware_i 50.29912074806186 55.27000045776367 31.31999969482422 AB 1.5713568423921387 1.0475712282614258
60510.0143 lsst_hardware_r -104.94357229790695 96.05999755859375 31.65999984741211 AB 3.07286411509442 1.0457847243656562
60510.0217 lsst_hardware_i -23.680702043980244 77.98999786376953 31.34000015258789 AB 3.0342627536229076 1.0460570283691937
60512.0245 lsst_hardware_z 31.399773931199686 94.52999877929688 31.739999771118164 AB 6.274095573727102 1.048011510088046
60515.0203 lsst_hardware_g 19.355427950508655 13.8100004196167 31.420000076293945 AB 5.403432476206727 1.049583827810517
60515.0317 lsst_hardware_r 19.825760777502673 24.299999237060547 31.510000228881836 AB 5.439168490959171 1.0563543388928278
60522.0035 lsst_hardware_u 3.730855619667287 2.700000047683716 28.450000762939453 AB 3.8411252897116945 1.0506839178605045
60522.0149 lsst_hardware_g -3.121940982504586 13.859999656677246 31.40999984741211 AB 3.866207414059243 1.058147769841736
60526.0021 lsst_hardware_z -11.09462569953491 41.43000030517578 30.940000534057617 AB 0.8432327175908687 1.0566826034973293
60526.0129 lsst_hardware_u 3.665705802994002 2.609999895095825 28.360000610351562 AB 0.8872571977027921 1.0664149010850867
