data/validation/pwv_sim_epoch_fit_epoch/3357677.ecsv
# %ECSV 0.9
# ---
# datatype:
# - {name: time, datatype: float64}
# - {name: band, datatype: string}
# - {name: flux, datatype: float64}
# - {name: fluxerr, datatype: float64}
# - {name: zp, datatype: float64}
# - {name: zpsys, datatype: string}
# - {name: pwv, datatype: float64}
# - {name: airmass, datatype: float64}
# meta: {SNID: '3357677', alt: 1024.0, c: -0.008784576319158077, dec: -12.941632, lat: -30.244573, lon: -70.7499537, ra: 101.074219, t0: 62126.16796875,
#   x0: 3.917120733635918e-06, x1: 0.4021199941635132, z: 0.6779192090034485}
# schema: astropy-2.0
time band flux fluxerr zp zpsys pwv airmass
[from data line 134]
62496.222 lsst_hardware_r 43.286905352381446 48.83000183105469 31.6299991607666 AB 7.701260553460019 1.0482659555526637
62498.2065 lsst_hardware_i 29.751091227674962 33.7400016784668 31.270000457763672 AB 6.374245024012028 1.047318960609904
62498.2271 lsst_hardware_r 16.844860492523566 30.940000534057617 31.56999969482422 AB 6.360454727297547 1.0532733971926314
62500.1973 lsst_hardware_u -2.1059725923490378 2.6500000953674316 28.40999984741211 AB 9.745566793982936 1.0479104079551544
62500.2194 lsst_hardware_g 24.354955930252252 13.869999885559082 31.40999984741211 AB 9.460459108520219 1.0518633654125216
62502.1773 lsst_hardware_g 37.088075693775444 13.859999656677246 31.420000076293945 AB 7.38768136690844 1.0551283142938976
62502.1969 lsst_hardware_r -1.7548606355371215 22.65999984741211 31.5 AB 7.329524980717338 1.0472305857895083
62504.1749 lsst_hardware_i -12.280738354656135 30.459999084472656 31.25 AB 3.989193926741533 1.052951347709091
62504.1938 lsst_hardware_z -28.558935065726832 41.119998931884766 30.950000762939453 AB 3.9700651059438834 1.047234266933232
62506.1722 lsst_hardware_i 6.64037371837159 30.3799991607666 31.239999771118164 AB 11.826841243603306 1.0512903518810626
62506.1932 lsst_hardware_u 0.5051418472069146 2.6700000762939453 28.43000030517578 AB 11.922501957988239 1.0478863819167585
62508.1589 lsst_hardware_g -6.218048434823064 13.880000114440918 31.420000076293945 AB 8.394864714730986 1.056755376980235
62508.1802 lsst_hardware_r -9.994158130766861 22.700000762939453 31.5 AB 8.318168391296204 1.047243568122063
62511.1585 lsst_hardware_i -44.237108954264066 30.43000030517578 31.25 AB 8.710147364804005 1.0513153125895036
62511.1796 lsst_hardware_r -7.180810800061997 22.649999618530273 31.5 AB 8.019552108392102 1.0478965253354373
62513.1494 lsst_hardware_z 98.95701014738042 42.849998474121094 30.950000762939453 AB 7.526702825093532 1.0535698243412
62513.1666 lsst_hardware_g -26.652579811442823 19.670000076293945 31.549999237060547 AB 7.437492692552103 1.0472391850960439
62515.1236 lsst_hardware_z 42.100510890375446 47.68000030517578 30.959999084472656 AB 7.230092843415855 1.0755865580803117
62515.1428 lsst_hardware_r -18.20032445623472 46.72999954223633 31.6299991607666 AB 7.599513370371553 1.0543774548156297
62516.123 lsst_hardware_i -27.032402873770963 50.90999984741211 31.309999465942383 AB 5.797697855645831 1.072505731054124
62516.1414 lsst_hardware_z -44.57471541586934 51.36000061035156 30.979999542236328 AB 5.823052720673967 1.05343774721232
62518.1268 lsst_hardware_i 51.22054053409362 71.70999908447266 31.329999923706055 AB 1.5595981101720628 1.0612519037178252
62518.1467 lsst_hardware_z -66.75362822804492 64.69999694824219 30.989999771118164 AB 1.649107681284273 1.0482727076709015
62520.1226 lsst_hardware_z -20.747984829480632 77.0 30.989999771118164 AB 4.114143014551871 1.0599818828285463
62520.1421 lsst_hardware_r 48.08055737987331 115.02999877929688 31.65999984741211 AB 4.3588161491826956 1.0480442772740115
62522.1149 lsst_hardware_i -23.681086393800708 73.5999984741211 31.329999923706055 AB 13.445257908330586 1.0622784157644434
62522.1348 lsst_hardware_r 108.07215443005755 92.19000244140625 31.65999984741211 AB 12.499053701670466 1.048563669551919
62524.1108 lsst_hardware_z -20.274142362650156 49.880001068115234 30.959999084472656 AB 9.046735842355929 1.0608584729097277
62524.1286 lsst_hardware_g 73.3835444532313 57.63999938964844 31.709999084472656 AB 7.98282138229711 1.048807223740533
62526.1145 lsst_hardware_r 3.246567132613339 22.299999237060547 31.489999771118164 AB 8.256443266026476 1.0531625408426892
62526.1334 lsst_hardware_i -2.8948417634791346 35.2599983215332 31.270000457763672 AB 8.190525935231289 1.047214439537323
62530.1025 lsst_hardware_u 6.157272213158228 2.630000114440918 28.399999618530273 AB 12.317990871875281 1.0539006563890556
62530.1212 lsst_hardware_g 3.115096228424069 13.640000343322754 31.40999984741211 AB 12.004061933794903 1.0472007270169157
62532.1016 lsst_hardware_r -1.7786798662996106 22.34000015258789 31.489999771118164 AB 9.346988277279706 1.0510697689839787
62532.1188 lsst_hardware_z 31.662547873065577 41.0099983215332 30.950000762939453 AB 9.311807212600044 1.047329570644477
62534.1009 lsst_hardware_r -26.70259133177661 22.6299991607666 31.5 AB 6.41516013514134 1.0489429298500401
62534.119 lsst_hardware_u -5.269631255764665 2.700000047683716 28.450000762939453 AB 6.366860783514268 1.0484743982732205
62536.0747 lsst_hardware_u -1.4276339644852871 2.6700000762939453 28.43000030517578 AB 10.235686785165122 1.06446175077547
62536.0932 lsst_hardware_g -22.22554606105277 13.539999961853027 31.40999984741211 AB 11.008948904764988 1.0498377797862286
62538.0751 lsst_hardware_r 16.586065405258218 22.450000762939453 31.489999771118164 AB 5.004163640212609 1.0584102453918378
62538.0933 lsst_hardware_i -3.2600240166808443 30.350000381469727 31.25 AB 4.522624088446918 1.0479549135197799
62542.074 lsst_hardware_z 41.56146882271818 42.619998931884766 30.950000762939453 AB 2.733189748418026 1.0512268263146254
62542.0931 lsst_hardware_g -1.1311739578667426 22.760000228881836 31.59000015258789 AB 3.6842587293179974 1.047532395493784
62545.0618 lsst_hardware_r -2.585290365871035 58.54999923706055 31.6299991607666 AB 2.6173429739459655 1.0537160964656431
62545.0793 lsst_hardware_y 6.906656904713586 50.68000030517578 30.049999237060547 AB 2.602619166448176 1.0472263017596468
62547.0537 lsst_hardware_z 48.68968778522515 60.779998779296875 30.989999771118164 AB 1.8151637619092553 1.0556858015272248
62547.0706 lsst_hardware_r 57.336845150623446 80.55999755859375 31.65999984741211 AB 1.806455413525726 1.0475747819218437
62549.0538 lsst_hardware_i -4.994891239971201 79.33999633789062 31.329999923706055 AB 1.2281991802253411 1.0518405768415708
62549.0717 lsst_hardware_z -20.30698392954282 69.81999969482422 30.989999771118164 AB 1.3340439731746958 1.0472672823561657
62551.0527 lsst_hardware_r -14.185891732663128 83.79000091552734 31.65999984741211 AB 3.053654349327986 1.0496362805974
62551.0702 lsst_hardware_z -63.60553943297349 61.619998931884766 30.989999771118164 AB 3.04704769686804 1.0478456043105453
62553.0532 lsst_hardware_g -6.124872469972679 38.2400016784668 31.68000030517578 AB 3.308485614197983 1.0477627829193332
62553.0707 lsst_hardware_i 7.811345448370099 45.33000183105469 31.299999237060547 AB 3.3187807577143347 1.0498041199012025
62555.0254 lsst_hardware_y 147.67654281529062 48.790000915527344 30.040000915527344 AB 7.520042587437789 1.0616280916831777
62555.0429 lsst_hardware_z 29.701999956972465 41.04999923706055 30.940000534057617 AB 7.448147260986745 1.0491825976879252
62558.0245 lsst_hardware_y -80.63703626874911 48.45000076293945 30.040000915527344 AB 7.227664624837526 1.055030842473364
62558.0424 lsst_hardware_u 5.56238760991854 2.5899999141693115 28.389999389648438 AB 6.765388055172951 1.047327734429994
62560.023 lsst_hardware_z -44.93827432502822 42.220001220703125 30.950000762939453 AB 5.261487650338025 1.052297530067605
62560.0419 lsst_hardware_r -6.631876093783606 22.31999969482422 31.5 AB 5.8386060988566095 1.0472836051760737
62562.0208 lsst_hardware_y 11.648902047489106 48.779998779296875 30.049999237060547 AB 2.5366696035895573 1.0504895345644716
62562.0399 lsst_hardware_z 38.02927993823792 41.18000030517578 30.950000762939453 AB 2.548480526351718 1.04778724487685
62564.018 lsst_hardware_y 50.9238488254779 48.369998931884766 30.040000915527344 AB 3.829535338018359 1.0493075478072909
62564.0355 lsst_hardware_u -1.092150370472089 2.549999952316284 28.329999923706055 AB 3.8150900407739186 1.0480296794928696
62565.0187 lsst_hardware_y 99.52222960951038 47.779998779296875 30.040000915527344 AB 11.9255594044739 1.048170459632951
62565.0373 lsst_hardware_i -3.5266067716614837 29.979999542236328 31.239999771118164 AB 11.93632693315634 1.0495319557861902
62567.0166 lsst_hardware_y -70.99605052619216 48.22999954223633 30.040000915527344 AB 6.729512542575205 1.0474764639388598
62567.0354 lsst_hardware_r 8.449745094278239 22.09000015258789 31.489999771118164 AB 6.782114468401374 1.0512461394096526
62569.0046 lsst_hardware_y -37.15518156301182 63.77000045776367 30.059999465942383 AB 11.351645803229657 1.0492081986486732
62569.0239 lsst_hardware_g 3.6210071111234705 14.279999732971191 31.420000076293945 AB 11.478150232312755 1.0486159539843556
62572.9994 lsst_hardware_z -12.496065572842614 63.15999984741211 30.989999771118164 AB 9.533214367871327 1.0476059744913546
62573.0182 lsst_hardware_i -30.575519483920246 40.720001220703125 31.299999237060547 AB 9.63418187530166 1.0508106026506083
62575.9989 lsst_hardware_y -111.8978874658407 67.95999908447266 30.059999465942383 AB 8.102977192742612 1.0473473321080675
62576.0173 lsst_hardware_r 49.406202900580695 71.94000244140625 31.649999618530273 AB 8.564972075112516 1.0555795014928058
62576.9976 lsst_hardware_y 26.561422384514245 68.18000030517578 30.059999465942383 AB 6.821570468101468 1.0475384625462691
62577.0178 lsst_hardware_r 2.1612052925651084 76.12999725341797 31.649999618530273 AB 8.388996071494915 1.0583369553710473
