data/validation/pwv_sim_epoch_fit_epoch/33570156.ecsv
# %ECSV 0.9
# ---
# datatype:
# - {name: time, datatype: float64}
# - {name: band, datatype: string}
# - {name: flux, datatype: float64}
# - {name: fluxerr, datatype: float64}
# - {name: zp, datatype: float64}
# - {name: zpsys, datatype: string}
# - {name: pwv, datatype: float64}
# - {name: airmass, datatype: float64}
# meta: {SNID: '33570156', alt: 1024.0, c: -0.06619046628475189, dec: 4.031936, lat: -30.244573, lon: -70.7499537, ra: 213.398438, t0: 60776.4921875,
#   x0: 4.5101414631827733e-05, x1: 0.9443637728691101, z: 0.24082380533218384}
# schema: astropy-2.0
time band flux fluxerr zp zpsys pwv airmass
60720.3703 lsst_hardware_z 118.3440867452914 70.56999969482422 30.969999313354492 AB 2.947041332730448 1.2166544876583734
60720.3872 lsst_hardware_y 77.01599427644987 67.0199966430664 30.020000457763672 AB 3.1305600468577044 1.2084771460558776
60722.322 lsst_hardware_z 28.51886336900023 73.22000122070312 30.959999084472656 AB 6.402510792835449 1.3075243280126854
60722.3383 lsst_hardware_y 56.29281054356197 59.040000915527344 29.979999542236328 AB 4.4414448625029905 1.25995457199675
60724.3759 lsst_hardware_r -16.710472025630864 78.23999786376953 31.610000610351562 AB 5.480858205830209 1.2085018920302542
60724.3936 lsst_hardware_y 43.3075878189536 75.36000061035156 30.010000228881836 AB 5.5800929433241455 1.2149785952477694
60727.3728 lsst_hardware_r 34.41878068311623 34.599998474121094 31.549999237060547 AB 6.848081471147361 1.2087516018793607
60727.3894 lsst_hardware_y 47.884778219492325 54.779998779296875 30.0 AB 6.3438086432968115 1.2186352007357646
60729.3737 lsst_hardware_g -3.5478723017040226 17.450000762939453 31.469999313354492 AB 11.912909941055162 1.2108871850502458
60729.3917 lsst_hardware_z -53.65532786710329 50.459999084472656 30.950000762939453 AB 11.912934991871753 1.2281376280280158
60733.3395 lsst_hardware_z 48.88274804023296 43.790000915527344 30.93000030517578 AB 6.307228787137604 1.2129286129110777
60733.357 lsst_hardware_r 30.98579898524902 24.049999237060547 31.469999313354492 AB 6.286068799729793 1.2088593845634217
60736.3425 lsst_hardware_u -0.5367175093483519 2.630000114440918 28.299999237060547 AB 3.867382519615788 1.2085570373799337
60736.3604 lsst_hardware_g -4.6209680360166265 14.630000114440918 31.389999389648438 AB 3.8867894861121544 1.2146217144100482
60738.3444 lsst_hardware_r 7.785970890702451 23.959999084472656 31.459999084472656 AB 8.988465435457718 1.2091021570430538
60738.3631 lsst_hardware_z -50.61682803249139 44.16999816894531 30.93000030517578 AB 8.838107161911324 1.2228020008870428
60742.306 lsst_hardware_u -4.490643011076939 2.5399999618530273 28.229999542236328 AB 11.817099881006326 1.2209850057867737
60742.3268 lsst_hardware_g -1.2642734199631687 14.59000015258789 31.3799991607666 AB 11.656917043319298 1.2084924796529726
60749.1611 lsst_hardware_z 123.63890552139613 108.4000015258789 30.860000610351562 AB 20.522091586076808 2.0888156529252444
60749.1891 lsst_hardware_r 167.62979287643967 146.67999267578125 31.5 AB 17.437413510598503 1.6883085535516158
60751.3377 lsst_hardware_z -81.14036827260041 117.51000213623047 31.719999313354492 AB 10.97575849766167 1.2378209651135155
60753.3073 lsst_hardware_r 50.43246557415584 77.80152445521232 31.6200008392334 AB 6.657566417547351 1.2104666213722455
60753.3274 lsst_hardware_z 81.15863878067958 64.06407577968483 30.969999313354492 AB 6.764585173164946 1.229924576939081
60757.2698 lsst_hardware_z 378.01113712052046 49.612999475341454 30.940000534057617 AB 7.4693819731630615 1.216181596715831
60757.2893 lsst_hardware_g 796.5218285674176 36.44680079912721 31.549999237060547 AB 7.409277067202306 1.2085269105128236
60759.2808 lsst_hardware_i 1577.6119438484852 51.65582136079335 31.239999771118164 AB 7.952192588898689 1.2084633833569844
60759.2974 lsst_hardware_z 1145.2530828127965 54.398435827275335 30.940000534057617 AB 7.446134499083996 1.2144561874143114
60761.2788 lsst_hardware_r 3820.570776040984 66.58853856193137 31.479999542236328 AB 8.397557177567954 1.208571433566988
60761.2965 lsst_hardware_u 71.20135416978374 9.078616002005951 28.360000610351562 AB 8.474721758167748 1.2185516025979004
60766.2793 lsst_hardware_z 3689.8719600685286 73.52571461639387 30.940000534057617 AB 5.661956416880725 1.2152728948016152
60766.2978 lsst_hardware_r 8075.506226514265 92.99112793576047 31.479999542236328 AB 6.365405962329038 1.2397122705176749
60768.2447 lsst_hardware_r 9625.721036896846 100.8265984254602 31.479999542236328 AB 8.719197788223225 1.2124310350028689
60768.2637 lsst_hardware_u 217.9856267995597 14.999454986413522 28.329999923706055 AB 7.183815314688072 1.2094474202934589
60770.2463 lsst_hardware_g 9904.897176322693 100.77460078236814 31.389999389648438 AB 8.51283519317627 1.2092095444852835
60770.2646 lsst_hardware_r 10995.523094559949 106.55840806177147 31.479999542236328 AB 8.368619974147842 1.212492027549673
60774.2424 lsst_hardware_r 13421.611550298861 134.20291163764625 31.610000610351562 AB 8.966162205267022 1.2084862348729026
60774.2609 lsst_hardware_z 4395.794192405796 86.77637321087563 30.959999084472656 AB 6.417546321940643 1.218444336802856
60777.2197 lsst_hardware_z 4378.255046831541 117.4554503112639 30.979999542236328 AB 8.350504719328969 1.2127079345509817
60777.236 lsst_hardware_i 9813.537728047788 151.78732522481712 31.309999465942383 AB 8.264465441519622 1.2086969567121932
60781.1843 lsst_hardware_y 2191.1393352618725 89.76722917132932 30.739999771118164 AB 21.23191392505078 1.2445192898761717
60783.2236 lsst_hardware_r 12556.302414665115 123.79403690141747 31.59000015258789 AB 14.392583432271001 1.209740354474432
60783.241 lsst_hardware_i 9014.666686991615 104.96382927859496 31.280000686645508 AB 14.548855909943471 1.2237412622441342
60791.186 lsst_hardware_r 8321.93833410197 94.65776258550052 31.479999542236328 AB 7.760793230577208 1.2102601529165138
60791.2035 lsst_hardware_u 37.285956117970805 7.07706838834328 28.350000381469727 AB 7.760384728620292 1.2104481340297333
60793.1864 lsst_hardware_g 3789.415856667557 64.56026545274466 31.389999389648438 AB 2.68071382101616 1.208617592883751
60793.2038 lsst_hardware_i 5398.223642304202 79.81538462505979 31.229999542236328 AB 2.7567118360248424 1.2138757534235325
60796.1833 lsst_hardware_z 2080.7908959688903 62.21225677932936 30.93000030517578 AB 11.693567591662546 1.208585427845059
60796.2012 lsst_hardware_r 6452.828908925028 84.26011646717804 31.479999542236328 AB 11.700207785218845 1.2188245446644919
60799.1817 lsst_hardware_y 572.6598151285913 54.278733064256734 29.989999771118164 AB 11.0412970190937 1.2104694424265414
60799.1995 lsst_hardware_g 2215.4876335299455 49.256432132123095 31.3799991607666 AB 11.21292660384041 1.2266182836756574
60801.1801 lsst_hardware_r 5644.070601106307 87.45693773800716 31.579999923706055 AB 3.957081278972548 1.212588747386889
60801.1985 lsst_hardware_i 4498.804060500473 79.57920912316273 31.260000228881836 AB 4.039008561316842 1.2332850568906777
60805.1814 lsst_hardware_z 2405.904476641095 99.93589758678739 30.979999542236328 AB 7.723142322958071 1.2243408882305122
60805.1988 lsst_hardware_r 4707.583927081771 143.62709961779208 31.610000610351562 AB 7.827850402140822 1.2549995300567798
60809.1227 lsst_hardware_z 2454.913245743267 87.89108115558106 30.969999313354492 AB 7.529236525172815 1.2214194330567891
60809.1426 lsst_hardware_r 4012.731231964255 123.78577251574778 31.6200008392334 AB 7.582191355406028 1.208638366961641
60811.1307 lsst_hardware_y 1894.5741794026449 83.43915129288635 30.75 AB 8.083008820784036 1.2105749319731316
60822.0821 lsst_hardware_r 1955.9394746620778 49.313435706314515 31.469999313354492 AB 7.106989956549972 1.228007307212471
60822.1033 lsst_hardware_u 3.559348956419049 4.633226384794298 28.329999923706055 AB 7.476944541004681 1.2095353800492878
60843.0732 lsst_hardware_i 7.252406592495125 46.04999923706055 31.989999771118164 AB 7.283408823048269 1.2191846037910448
60843.1034 lsst_hardware_z -146.75298967649053 63.27000045776367 31.68000030517578 AB 6.9072893654721 1.276075319616061
60845.0499 lsst_hardware_r 5.592954225959499 24.280000686645508 31.479999542236328 AB 4.630955319779562 1.2086533524152907
60845.0736 lsst_hardware_u -0.27289968914891616 2.6600000858306885 28.309999465942383 AB 4.762053224509765 1.226227172527299
60848.0374 lsst_hardware_g -39.75336012837612 14.789999961853027 31.399999618530273 AB 3.732596362003936 1.2085140529381657
60848.0585 lsst_hardware_i -19.573008590466227 32.56999969482422 31.229999542236328 AB 3.6263405498661574 1.2181190963607764
60861.9995 lsst_hardware_i 16.98175935885556 68.29000091552734 31.299999237060547 AB 7.910012179944799 1.2084964626112253
60862.018 lsst_hardware_z 110.31066870154041 65.91000366210938 30.969999313354492 AB 6.94843925041122 1.216002202201198
60863.9628 lsst_hardware_y 16.919067442844806 61.54999923706055 29.989999771118164 AB 1.7616927207791238 1.23519209169439
60863.981 lsst_hardware_r 84.04775394585043 80.19000244140625 31.610000610351562 AB 1.7137002424640324 1.2135254874051924
60870.9644 lsst_hardware_y 68.25767995091265 54.84000015258789 30.0 AB 7.909196963440881 1.2118898253395294
60870.9824 lsst_hardware_u -3.771299589951083 2.7799999713897705 28.3799991607666 AB 7.808153284068968 1.2094569504566564
60875.9654 lsst_hardware_z -43.71964389644577 50.7599983215332 30.940000534057617 AB 3.760014695354797 1.20868407029889
60875.9839 lsst_hardware_r -45.214791879781586 24.93000030517578 31.469999313354492 AB 3.8993078355597928 1.2200587720772555
61086.3702 lsst_hardware_g 16.79928482978631 15.180000305175781 31.40999984741211 AB 4.9522797232410944 1.214910695674
61086.3876 lsst_hardware_y -4.512000192935499 57.9900016784668 30.010000228881836 AB 3.494719407842378 1.2084092004987477
61088.3715 lsst_hardware_i 30.27506355245935 32.709999084472656 31.229999542236328 AB 4.885567203245142 1.2105723107836563
61088.3889 lsst_hardware_y -56.8034677192841 57.09000015258789 30.0 AB 3.992917197281751 1.2099749082671973
61092.3737 lsst_hardware_g 4.07307923559984 14.920000076293945 31.399999618530273 AB 6.895221246368379 1.2087160171853124
61092.3906 lsst_hardware_y 20.696959344266048 57.400001525878906 30.0 AB 6.368586458807223 1.2190820958331872
61094.3441 lsst_hardware_r 13.033501201707859 24.1200008392334 31.469999313354492 AB 11.96293720949723 1.2188423035656817
61094.3621 lsst_hardware_i 25.00756809800304 32.560001373291016 31.229999542236328 AB 11.874632636943696 1.2085115057528992
61099.3551 lsst_hardware_i -39.22518070157462 32.400001525878906 31.229999542236328 AB 5.735827221261514 1.2088150097495287
61099.3753 lsst_hardware_z 7.304002386840857 44.0 30.93000030517578 AB 5.878664543847226 1.223447355639381
61101.3435 lsst_hardware_i -32.50859257634227 67.48999786376953 31.299999237060547 AB 3.8670507806266694 1.208453368945834
61101.3621 lsst_hardware_z 27.016973984694015 59.90999984741211 30.959999084472656 AB 3.8891794980473904 1.2153685931398095
61103.3416 lsst_hardware_z 37.526229148528 78.52999877929688 30.969999313354492 AB 8.95468754935615 1.2084326779905288
61103.3603 lsst_hardware_r -77.9820266874595 114.31999969482422 31.610000610351562 AB 8.78012368590092 1.2187986191633142
61109.3426 lsst_hardware_r -25.52146203963194 47.630001068115234 31.579999923706055 AB 10.26134190342274 1.2174817366133366
61109.3611 lsst_hardware_i -55.150674793738695 45.599998474121094 31.270000457763672 AB 10.352959952280136 1.2444583288493989
61116.3105 lsst_hardware_i -31.271645858829835 32.47999954223633 31.219999313354492 AB 9.715946771316913 1.20927833360096
61116.3283 lsst_hardware_r 1.1054739056032403 23.989999771118164 31.459999084472656 AB 9.815387015324907 1.2227202759669769
61118.3118 lsst_hardware_u -0.8433175947645272 2.559999942779541 28.239999771118164 AB 6.6686232589875045 1.2124769561795463
61118.3314 lsst_hardware_g 28.67199647784867 14.5600004196167 31.360000610351562 AB 6.793043748650387 1.2350988633909794
61122.271 lsst_hardware_i -19.298477123532646 32.540000915527344 31.229999542236328 AB 7.443538095605446 1.2156684787857885
61122.2906 lsst_hardware_z 29.69394920697455 43.900001525878906 30.940000534057617 AB 7.430198323741387 1.2085225932513202
61124.2834 lsst_hardware_u -0.012991276054328156 2.5799999237060547 28.25 AB 7.846899897736264 1.2083772701037558
61124.301 lsst_hardware_g -10.263891900064518 14.630000114440918 31.3700008392334 AB 7.466089353649241 1.2168673056228745
61128.2788 lsst_hardware_r 10.984067607955861 45.68000030517578 31.59000015258789 AB 9.641946149753167 1.209628170838435
61128.2981 lsst_hardware_y 19.670756862578312 50.70000076293945 29.989999771118164 AB 9.188942859188726 1.2260097210391896
61133.2848 lsst_hardware_i 50.91105059748158 116.52999877929688 31.309999465942383 AB 7.284730801382871 1.2264888966045906
61133.3025 lsst_hardware_z 57.67784918557031 100.94000244140625 30.969999313354492 AB 7.302668381430517 1.2595150709607652
61135.2445 lsst_hardware_z -81.2090634788559 70.94999694824219 30.969999313354492 AB 8.57802001217231 1.2099896575379763
61135.264 lsst_hardware_r 77.03621372831687 96.62999725341797 31.610000610351562 AB 8.317462907986542 1.2116339090978139
61137.2565 lsst_hardware_z 149.73873326578425 76.86000061035156 31.700000762939453 AB 9.684554384164693 1.2105692980205867
61139.2449 lsst_hardware_r 45.9083252845706 38.52000045776367 31.559999465942383 AB 8.957536190815143 1.2086268135488634
61139.2632 lsst_hardware_z -30.155701924602326 47.209999084472656 30.940000534057617 AB 6.295508202628944 1.2200597291916557
61148.2269 lsst_hardware_i 17.070391099502785 32.75 31.229999542236328 AB 14.401419237157738 1.210779859077802
61148.2462 lsst_hardware_z -10.658037012118744 44.36000061035156 30.93000030517578 AB 14.611157679752331 1.22986954649543
61150.2187 lsst_hardware_r -13.971127970084096 24.639999389648438 31.489999771118164 AB 3.290671210245475 1.2096202947754846
61150.236 lsst_hardware_u 0.45177588824114534 2.7699999809265137 28.389999389648438 AB 3.3184014372798614 1.2233738017621607
61156.2206 lsst_hardware_y 75.57291461531187 50.81999969482422 29.979999542236328 AB 7.285068628619659 1.2246214039648657
61156.2386 lsst_hardware_g 2.130941753814861 31.8799991607666 31.579999923706055 AB 7.421112770451199 1.25692806274405
61158.1927 lsst_hardware_z 75.84039040439792 66.08999633789062 30.959999084472656 AB 2.7486143765290003 1.2085805766863804
61158.2105 lsst_hardware_r -17.776256727872187 85.5999984741211 31.610000610351562 AB 2.581307918386679 1.2191795576275206
61162.1426 lsst_hardware_r -355.9093165126668 139.39999389648438 31.610000610351562 AB 9.281544155872416 1.241955060999877
61162.1611 lsst_hardware_z -25.389337950706256 93.02999877929688 30.979999542236328 AB 9.013854224406085 1.2162804242890413
61164.1821 lsst_hardware_z -24.347680397444663 66.66000366210938 30.969999313354492 AB 11.148876591791389 1.2102667658874524
61164.1999 lsst_hardware_i -101.42376517220374 73.58000183105469 31.299999237060547 AB 11.305121972193737 1.2261409754641122
61167.1867 lsst_hardware_z 10.492693421688669 49.439998626708984 30.950000762939453 AB 7.776555560115957 1.220011331172591
61171.1492 lsst_hardware_g -0.8131968307241106 14.899999618530273 31.399999618530273 AB 9.403108935096322 1.209014327881261
61171.1711 lsst_hardware_r 9.04866620955718 24.350000381469727 31.479999542236328 AB 9.478579017547077 1.215475140903033
61176.1118 lsst_hardware_r 33.096987880518874 24.260000228881836 31.469999313354492 AB 6.630308643774274 1.2294286378219008
61176.131 lsst_hardware_u 2.2739737947299803 2.680000066757202 28.34000015258789 AB 8.100122683182638 1.2106901850657856
61181.0969 lsst_hardware_u -4.232238535624169 3.75 29.06999969482422 AB 8.839250038315281 1.231321977848561
61181.1282 lsst_hardware_g 17.22987890686099 14.609999656677246 31.389999389648438 AB 8.631685203844302 1.2084117603029962
61186.0707 lsst_hardware_i -148.18592071500464 63.56999969482422 31.290000915527344 AB 6.545568019575873 1.255222708944491
61186.0909 lsst_hardware_z -16.280448401610844 61.02000045776367 30.959999084472656 AB 7.842239043039434 1.2210412284318675
61188.0717 lsst_hardware_r -116.83956680638761 109.95999908447266 31.610000610351562 AB 9.219273999992382 1.2417924346156968
61188.0941 lsst_hardware_z -70.56784712277836 80.12999725341797 30.969999313354492 AB 9.295539461608836 1.2131209737825561
61190.0724 lsst_hardware_z 94.98043772905176 84.9000015258789 30.969999313354492 AB 13.374032806347698 1.2312113055326195
61194.9836 lsst_hardware_z 111.72024189598949 67.66000366210938 31.649999618530273 AB 16.73759279139129 1.549777110314008
61195.001 lsst_hardware_r 7.374629101112232 24.729999542236328 31.43000030517578 AB 16.10358336416407 1.4302642318849002
61219.007 lsst_hardware_r -85.37630261194482 94.86000061035156 31.610000610351562 AB 8.733709794866108 1.2149839733177985
61219.0317 lsst_hardware_i -88.5602567646067 75.73999786376953 31.299999237060547 AB 8.68008666896967 1.2101898457957017
61224.0081 lsst_hardware_u -0.277577239836404 3.8299999237060547 29.100000381469727 AB 7.860515501705447 1.2084424774579707
61224.0311 lsst_hardware_g -13.894591784012967 52.439998626708984 32.36000061035156 AB 8.150898766173034 1.2200726623350515
61226.0146 lsst_hardware_r 22.938793233602187 24.56999969482422 31.489999771118164 AB 4.572695254124565 1.211149583929199
61226.0379 lsst_hardware_z 17.55541609835086 44.36000061035156 30.93000030517578 AB 4.661682936650852 1.2375054251793798
61231.9676 lsst_hardware_y -75.65476564458098 51.16999816894531 29.989999771118164 AB 7.110360678324409 1.2185708103384707
61231.9917 lsst_hardware_r -3.895558402483666 24.709999084472656 31.489999771118164 AB 6.986196323061878 1.208789051485845
61233.9664 lsst_hardware_z 189.43063669121057 65.38999938964844 31.690000534057617 AB 7.133115141668097 1.2146986107171753
61233.9895 lsst_hardware_g 23.755950596896657 21.350000381469727 32.150001525878906 AB 7.108631111023341 1.2097052205496743
61235.9686 lsst_hardware_y 47.31024853112191 51.279998779296875 30.0 AB 7.948453994403937 1.210071272761088
61235.9946 lsst_hardware_i -21.85683538623228 32.61000061035156 31.229999542236328 AB 7.828979234683751 1.2163568084752776
61238.9665 lsst_hardware_y 149.66474654575913 53.0099983215332 29.989999771118164 AB 2.4079430296431545 1.2085034025812569
61238.9869 lsst_hardware_r -15.368010200587614 25.709999084472656 31.479999542236328 AB 2.5212217247906685 1.216805851732948
