data/validation/pwv_sim_epoch_fit_epoch/33585064.ecsv
# %ECSV 0.9
# ---
# datatype:
# - {name: time, datatype: float64}
# - {name: band, datatype: string}
# - {name: flux, datatype: float64}
# - {name: fluxerr, datatype: float64}
# - {name: zp, datatype: float64}
# - {name: zpsys, datatype: string}
# - {name: pwv, datatype: float64}
# - {name: airmass, datatype: float64}
# meta: {SNID: '33585064', alt: 1024.0, c: 0.06682202965021133, dec: -37.356377, lat: -30.244573, lon: -70.7499537, ra: 218.671875, t0: 62995.98828125,
#   x0: 3.5113909620855702e-06, x1: -0.06792043149471283, z: 0.7091600894927979}
# schema: astropy-2.0
time band flux fluxerr zp zpsys pwv airmass
62917.301 lsst_hardware_i -41.45380405625902 31.729999542236328 31.25 AB 4.06741487649012 1.122458341410207
62917.322 lsst_hardware_z -52.29027629925283 41.869998931884766 30.950000762939453 AB 3.9082680457344647 1.0717371240588112
62917.3794 lsst_hardware_u -2.0259688217875134 3.2100000381469727 28.670000076293945 AB 2.724700375692949 1.0091482872936848
62917.391 lsst_hardware_y 64.76196040433803 57.209999084472656 30.06999969482422 AB 2.7220072483982563 1.0081508327400948
62921.3004 lsst_hardware_g -8.362959552007892 14.579999923706055 31.420000076293945 AB 10.862060361626892 1.0953522272603127
62921.3202 lsst_hardware_r 1.039003247062515 23.459999084472656 31.5 AB 10.451375969595233 1.0548510167386584
62923.3255 lsst_hardware_r -14.750516912070134 23.420000076293945 31.510000228881836 AB 6.778497665611591 1.0385318930000906
62923.3433 lsst_hardware_u -4.946140297449091 2.7699999809265137 28.489999771118164 AB 6.8965119704694615 1.019477729475546
62925.322 lsst_hardware_g -22.77769800668208 14.470000267028809 31.440000534057617 AB 5.418070759129634 1.0359599921853986
62925.3431 lsst_hardware_r 12.025166268610219 23.15999984741211 31.510000228881836 AB 4.803736723756638 1.0156428402678024
62925.3765 lsst_hardware_i -13.884169899170168 30.6299991607666 31.260000228881836 AB 4.812694601894296 1.0094444386270633
62925.3885 lsst_hardware_z -43.600854834157865 42.65999984741211 30.950000762939453 AB 4.817577466549921 1.014796545404421
62927.3007 lsst_hardware_r -30.25387922720541 23.559999465942383 31.5 AB 3.6403724910920165 1.0603026673083544
62927.3204 lsst_hardware_i 16.346093691533536 30.889999389648438 31.260000228881836 AB 3.5259967188458123 1.0312444705374055
62927.3635 lsst_hardware_z 80.48274010772919 40.84000015258789 30.959999084472656 AB 3.226040252313222 1.008137578847882
62927.3747 lsst_hardware_r 12.599030867683977 23.149999618530273 31.510000228881836 AB 3.234076083175491 1.0106487759923408
62929.2247 lsst_hardware_z 103.11701883108061 48.7599983215332 30.93000030517578 AB 7.245779300808025 1.2953541447127275
62929.2455 lsst_hardware_r -26.277896796715876 36.93000030517578 31.549999237060547 AB 6.701212489149547 1.1993936979058342
62935.2198 lsst_hardware_r -48.79537017948782 105.27999877929688 31.610000610351562 AB 12.487528875972329 1.2389445763676556
62935.2408 lsst_hardware_z -27.407178286424866 71.2699966430664 30.979999542236328 AB 11.67725416458656 1.1566886786498718
62937.2177 lsst_hardware_y -99.83455557879181 59.79999923706055 30.0 AB 9.058207065537971 1.2240820358835096
62937.2398 lsst_hardware_r -137.37303747197072 98.87000274658203 31.6299991607666 AB 8.45228795997168 1.1422010756718486
62939.2258 lsst_hardware_i -38.0976035837768 62.41999816894531 31.299999237060547 AB 13.200621069173792 1.1707954443867692
62939.2452 lsst_hardware_z -79.52263123759876 59.20000076293945 30.979999542236328 AB 12.489704050237474 1.1107307118453127
62941.2259 lsst_hardware_r -0.26549901052122754 37.130001068115234 31.56999969482422 AB 9.575468249483523 1.1517743774688347
62941.2484 lsst_hardware_g 63.10848236181894 31.940000534057617 31.639999389648438 AB 9.052364827208814 1.0892028428839733
62941.3546 lsst_hardware_z 17.73575382025943 44.15999984741211 30.959999084472656 AB 7.707087209090119 1.0221939996803766
62941.3662 lsst_hardware_r -17.899167589017672 36.04999923706055 31.59000015258789 AB 7.819987709312667 1.03462940618697
62946.2537 lsst_hardware_u 0.1882005246936435 2.799999952316284 28.510000228881836 AB 4.716362926522368 1.05193775544159
62946.2724 lsst_hardware_g -16.053700811998986 14.319999694824219 31.450000762939453 AB 4.6599001771687005 1.0269752456569787
62946.3154 lsst_hardware_i -9.480695442220993 43.040000915527344 32.0099983215332 AB 3.9814354978033366 1.0085967062199515
62946.3282 lsst_hardware_z 33.93800140488201 57.810001373291016 31.709999084472656 AB 3.9946434297759406 1.0130974967729804
62948.2508 lsst_hardware_r 19.933876995449438 23.209999084472656 31.520000457763672 AB 6.399454713748055 1.0478598445129583
62948.2685 lsst_hardware_z 73.65360712231747 41.13999938964844 30.959999084472656 AB 6.279780043081796 1.025381817299591
62948.3038 lsst_hardware_r 1.3915922340109312 22.90999984741211 31.520000457763672 AB 6.230448208707484 1.0080543968354336
62948.3152 lsst_hardware_u -2.8136168080555515 2.9000000953674316 28.610000610351562 AB 6.242652532618111 1.0098928306427337
62952.2984 lsst_hardware_i 34.44512480382591 30.3799991607666 31.260000228881836 AB 7.025934360844219 1.0084952611826488
62952.31 lsst_hardware_z 50.66907814008626 40.849998474121094 30.950000762939453 AB 6.986056483178535 1.012178568991373
62956.2968 lsst_hardware_r -3.683086067553563 22.81999969482422 31.510000228881836 AB 4.115246612544776 1.0111585108017795
62956.3079 lsst_hardware_i 71.49715175973743 30.489999771118164 31.260000228881836 AB 4.138909006036219 1.0175143012463046
62962.1589 lsst_hardware_r 82.74095659844855 92.89056184590277 31.6200008392334 AB 13.836642151260376 1.1858623715512993
62962.1765 lsst_hardware_i 45.92133653292384 72.68171144162194 31.31999969482422 AB 15.558770801661229 1.127202115602469
62962.2888 lsst_hardware_r 100.48070360415066 88.85082836219392 31.65999984741211 AB 14.828254252808106 1.015633852932062
62962.302 lsst_hardware_i -38.45314786789721 70.2123911544602 31.329999923706055 AB 17.263254976660622 1.0267801687182907
62968.1643 lsst_hardware_r -56.494672076844324 61.9549726454487 31.6299991607666 AB 7.026957956741116 1.1153901518636693
62968.1826 lsst_hardware_i 33.08637872915269 54.27930810787604 31.31999969482422 AB 6.968480606654342 1.0720739394852834
62968.2324 lsst_hardware_r 33.65716131629048 60.4629899231873 31.649999618530273 AB 6.926102937562815 1.0119100901047517
62968.2461 lsst_hardware_z 50.13132195132614 52.67335837434598 30.979999542236328 AB 6.947610101292196 1.0081785019106744
62970.2754 lsst_hardware_i 37.87745220104465 36.76602887520458 31.280000686645508 AB 7.205815979728049 1.0221740520218525
62970.2868 lsst_hardware_z 91.37083427933639 44.4255833263151 30.959999084472656 AB 7.290366606987966 1.0343513080534836
62973.288 lsst_hardware_g 10.488727698846333 15.599040934672827 31.459999084472656 AB 14.09177430925469 1.047404066393243
62973.302 lsst_hardware_r 121.09320683174418 26.383750591530003 31.510000228881836 AB 14.924489864977092 1.0722900154456059
62975.165 lsst_hardware_r 222.78518933384666 27.592648637454904 31.510000228881836 AB 10.055621729086221 1.0690646107895194
62975.1838 lsst_hardware_u 1.051971933843736 3.3030519657492143 28.559999465942383 AB 9.385151259816771 1.0381804490947757
62975.2253 lsst_hardware_g 40.33312861772959 15.96450803998968 31.469999313354492 AB 9.048748446643295 1.0083575368873987
62975.2373 lsst_hardware_r 213.5749827695592 27.479435244015143 31.520000457763672 AB 9.057867449921176 1.0088022701451014
62977.211 lsst_hardware_i 376.5180608519406 36.59865105728158 31.270000457763672 AB 8.059388331892846 1.010581609014777
62977.223 lsst_hardware_z 223.0305202921905 44.16219094490631 30.959999084472656 AB 8.053114695551136 1.0080884641110386
62979.1668 lsst_hardware_i 475.4567503222922 38.240967656364255 31.25 AB 4.249300443804411 1.0468835781730501
62979.1861 lsst_hardware_z 326.4546405769074 45.205784923917086 30.950000762939453 AB 4.104167515902338 1.0232280019701665
62979.2177 lsst_hardware_r 440.21842090544993 31.02714304456434 31.510000228881836 AB 4.496131221093525 1.0080823350296575
62979.2297 lsst_hardware_g 83.17203830344378 17.18809411634256 31.459999084472656 AB 4.46710969321441 1.0096303973814917
62984.2145 lsst_hardware_r 772.3317167695458 35.88869830505913 31.520000457763672 AB 2.1909879078232537 1.0092067746767635
62984.2266 lsst_hardware_i 899.2831668042229 42.50113084368117 31.260000228881836 AB 2.151852797461363 1.0143072342499944
62988.0554 lsst_hardware_z 678.5437065560365 57.03824169676412 30.93000030517578 AB 11.270339795601263 1.3417071185239597
62988.0762 lsst_hardware_r 833.8095362205223 57.05568719384116 31.579999923706055 AB 10.3656292345898 1.2340034803083095
62995.0591 lsst_hardware_i 1160.4788793108853 88.81752777898178 31.299999237060547 AB 10.912268508075451 1.225156921622969
62995.0782 lsst_hardware_z 724.6989134244931 77.07683407959593 30.979999542236328 AB 10.275200424751269 1.1526605569402761
62997.1789 lsst_hardware_r 1086.169318087894 61.06288526981307 31.649999618530273 AB 7.843694239019952 1.0091814005686777
62997.1908 lsst_hardware_z 894.3764381115608 56.593439033566376 30.979999542236328 AB 7.905555453179354 1.014128659342052
62999.0535 lsst_hardware_r 791.6932308629154 37.25531326484509 31.479999542236328 AB 8.834565170671992 1.2029363672763405
62999.0735 lsst_hardware_i 1226.3995431607134 46.39274044470131 31.239999771118164 AB 8.313877622292047 1.1330667969051793
63002.0551 lsst_hardware_z 877.3055642326938 51.13701793876662 30.940000534057617 AB 5.895127568761398 1.1661973429795052
63002.0762 lsst_hardware_i 1111.7154898700444 45.64277146915572 31.25 AB 5.581073679087238 1.1029244956449262
63010.1676 lsst_hardware_g 16.7422195230675 15.937958578217899 31.440000534057617 AB 8.047924880215865 1.0234749741690374
63010.1808 lsst_hardware_r 515.7572323895198 32.19434722329485 31.5 AB 8.196052587117803 1.0385047520264148
63013.0494 lsst_hardware_z 600.0091057751006 48.77620671723838 30.940000534057617 AB 6.3454603727688035 1.09492586669195
63013.0705 lsst_hardware_u -4.703223801253188 2.890176870872854 28.459999084472656 AB 6.097107028838455 1.0523896314321994
63017.1129 lsst_hardware_z 580.951739489455 52.4058774208865 30.969999313354492 AB 8.839367191902015 1.0081395063756384
63017.1254 lsst_hardware_r 378.10408652531305 50.5890966970336 31.639999389648438 AB 8.261050082292481 1.0094763954655623
63019.1118 lsst_hardware_z 547.4112165353501 66.0650176717423 30.989999771118164 AB 9.625732154306071 1.008114801592534
63019.124 lsst_hardware_i 538.7369421784338 72.65851105278021 31.34000015258789 AB 9.656342927026019 1.0108443042082862
63020.0512 lsst_hardware_z 495.6232540459493 79.85665368296715 31.0 AB 9.410853909878757 1.0526976604355553
63020.0718 lsst_hardware_r 297.78200998208314 111.00717234912871 31.670000076293945 AB 9.18316221621747 1.0255073805765063
63020.1163 lsst_hardware_z 487.1587227737242 77.7584760823655 31.0 AB 9.15475592173647 1.009233372476753
63020.129 lsst_hardware_r 325.19893152591806 109.59849746589013 31.670000076293945 AB 9.205269655491561 1.0147275019832696
63021.9671 lsst_hardware_y 208.23622262361923 69.14737037675859 29.969999313354492 AB 15.462460608951245 1.3154782830850114
63021.9876 lsst_hardware_g -140.4361135083272 131.81318265472743 31.670000076293945 AB 14.22587398306373 1.215678856867521
63030.9663 lsst_hardware_z 322.3460227271733 47.21488575459503 30.940000534057617 AB 16.676230902843376 1.2022371063977768
63030.9885 lsst_hardware_i 212.08626641945546 34.95002344568649 31.239999771118164 AB 15.612246820557273 1.1260591309140087
63035.9651 lsst_hardware_y 327.8699409309844 50.58041761722922 30.010000228881836 AB 7.1216728910434 1.156491213225625
63036.0163 lsst_hardware_r 151.9247958987714 35.257570827333225 32.25 AB 4.094091673527494 1.0394613253708391
63036.0591 lsst_hardware_i 176.7547519246414 33.356598264477455 31.260000228881836 AB 3.8911000080897233 1.0083182192509486
63043.9636 lsst_hardware_y 94.16246693835897 50.69069281504591 30.030000686645508 AB 8.351924209142023 1.0977337405225003
63043.9846 lsst_hardware_z 247.51649066614445 44.58235525782935 30.950000762939453 AB 8.071341089185665 1.054479957651744
63045.9634 lsst_hardware_y 238.8199994157589 53.24079682650658 30.040000915527344 AB 4.358640702426212 1.0853639433307283
63045.9843 lsst_hardware_z 261.55593696264947 51.197309271217804 30.969999313354492 AB 4.133439832114197 1.0462197423616089
63050.9981 lsst_hardware_z 250.92661949112636 137.69862256453337 32.5 AB 8.357865830327913 1.0163083545010383
63061.0047 lsst_hardware_i 73.91726462681613 31.637205914662122 31.25 AB 6.98201491894984 1.0093263345067005
63061.0164 lsst_hardware_z 53.537317575649055 41.9946296938037 30.950000762939453 AB 7.139253609749312 1.014338661105751
63066.0072 lsst_hardware_g 8.316151243914627 14.657565861113898 31.450000762939453 AB 1.6305042210855472 1.0172637336501282
63066.0192 lsst_hardware_r 43.946466288976794 23.844239488801414 31.5 AB 1.671040253619945 1.0280161511042416
63070.9592 lsst_hardware_y 197.10115549421553 115.34938932639767 30.84000015258789 AB 5.725432019089962 1.0090941490039
63070.9653 lsst_hardware_r 51.970926236022834 39.71288903893447 32.310001373291016 AB 5.725375073839831 1.0081512698070105
