data/validation/pwv_sim_epoch_fit_epoch/33586935.ecsv
# %ECSV 0.9
# ---
# datatype:
# - {name: time, datatype: float64}
# - {name: band, datatype: string}
# - {name: flux, datatype: float64}
# - {name: fluxerr, datatype: float64}
# - {name: zp, datatype: float64}
# - {name: zpsys, datatype: string}
# - {name: pwv, datatype: float64}
# - {name: airmass, datatype: float64}
# meta: {SNID: '33586935', alt: 1024.0, c: 0.03671523183584213, dec: -36.053589, lat: -30.244573, lon: -70.7499537, ra: 97.910156, t0: 61663.4765625,
#   x0: 1.2163934002640005e-05, x1: -0.7151732444763184, z: 0.42403385043144226}
# schema: astropy-2.0
time band flux fluxerr zp zpsys pwv airmass
61672.3132 lsst_hardware_r 3331.3158012637864 63.07267562307933 31.469999313354492 AB 6.1677246858517245 1.3996349514035684
61672.3306 lsst_hardware_i 2786.989299838128 63.02371322509998 31.229999542236328 AB 5.608207805330057 1.2933810017481346
61680.2838 lsst_hardware_u 2.5404496096254614 2.652828796656807 28.09000015258789 AB 5.3392446209675 1.45483504658515
61680.3034 lsst_hardware_g 365.53785914863977 23.62668065223962 31.309999465942383 AB 4.204793241468421 1.323337063589946
61682.2817 lsst_hardware_r 1549.3237591279285 45.9161643227615 31.40999984741211 AB 3.969120715286833 1.4295410463845968
61682.302 lsst_hardware_i 1786.806631634736 53.54778557511589 31.209999084472656 AB 3.418848936907033 1.3004370243084948
61684.282 lsst_hardware_z 1252.9241833128526 57.7314190884015 30.90999984741211 AB 8.178795213585909 1.388983053538507
61684.3001 lsst_hardware_r 1308.6878635776293 43.32811333852712 31.440000534057617 AB 7.327139322740483 1.2814164607800775
61689.2734 lsst_hardware_r 1102.3979536553347 61.110386039901 31.549999237060547 AB 5.7109289091877065 1.3561125340902835
61689.2938 lsst_hardware_z 1150.3935577416357 59.80381875940633 30.940000534057617 AB 5.6139644017690395 1.2450575297779798
61692.2672 lsst_hardware_y 464.8919358990481 57.267203865040976 29.950000762939453 AB 7.779945625021047 1.3438026815823556
61692.2862 lsst_hardware_r 863.600011716793 80.92019022770852 31.600000381469727 AB 7.134216808971518 1.2422997360100156
61696.2711 lsst_hardware_r 636.2639602572486 70.13274672063353 31.59000015258789 AB 6.444572022442476 1.2623421032158795
61696.2893 lsst_hardware_z 1021.7392456987243 61.93085568628882 30.950000762939453 AB 6.088770226297779 1.1831469956371687
61702.2502 lsst_hardware_r 395.54102495021027 30.339841708360787 31.440000534057617 AB 3.83496704440638 1.2853920041583309
61705.2429 lsst_hardware_g 61.93683253346186 15.429470377017388 31.309999465942383 AB 4.0362353180539055 1.2807346717603403
61705.2591 lsst_hardware_r 366.62183739824866 29.517770981199828 31.459999084472656 AB 3.9698646508262714 1.205485495468274
61707.2514 lsst_hardware_i 709.1235137955555 40.789275430668326 31.219999313354492 AB 3.2234998203588714 1.214886866969424
61707.2695 lsst_hardware_z 671.220740473151 48.94119569591532 30.93000030517578 AB 3.033267657028761 1.14693760664057
61709.248 lsst_hardware_r 310.298852192051 28.53485307741054 31.459999084472656 AB 4.59060574876109 1.2062289295831543
61709.2639 lsst_hardware_g 35.3826179698796 14.99728653026445 31.34000015258789 AB 4.360107964356417 1.147396832725373
61711.2553 lsst_hardware_r 309.0863232540524 27.941591666673947 31.450000762939453 AB 3.620457084867767 1.1579595676434127
61711.273 lsst_hardware_i 634.6823961119603 38.66595190619486 31.229999542236328 AB 3.4301891802263955 1.1044640361350015
61722.197 lsst_hardware_z 404.5445991907353 64.01783557601628 30.950000762939453 AB 5.355170903848533 1.2780837479352107
61722.2036 lsst_hardware_r 141.51338827506595 82.89977546027967 31.600000381469727 AB 5.4645954995441155 1.2455628239886294
61722.2952 lsst_hardware_z 364.29471243532186 58.744487719859414 30.979999542236328 AB 4.092377597931394 1.0170556316697306
61724.2144 lsst_hardware_y 124.10564077764543 77.83240776154197 30.760000228881836 AB 8.867700001475113 1.1773366969561405
61726.2119 lsst_hardware_r 198.5563307843383 64.46788506859437 31.610000610351562 AB 6.779163732812777 1.1665418835856056
61726.2299 lsst_hardware_i 367.47682634701425 56.63003067889904 31.299999237060547 AB 6.337525431988865 1.1102072259359745
61728.2143 lsst_hardware_z 302.91329896747305 50.81800577007649 30.950000762939453 AB 6.059867649633736 1.1400550567626375
61728.2323 lsst_hardware_r 191.73134804280826 46.16229372160268 31.600000381469727 AB 5.800397188214732 1.0901294637208792
61729.2142 lsst_hardware_u -3.3333989801714368 4.038429704337385 28.649999618530273 AB 5.574613691022153 1.1318629537455116
61729.2334 lsst_hardware_r 254.51853227443917 35.83645177241689 31.56999969482422 AB 5.321094493707116 1.081248563618436
61731.2111 lsst_hardware_i 351.0569035374673 35.80273468495912 31.229999542236328 AB 3.577658453565266 1.124784548790463
61731.2278 lsst_hardware_z 369.229988566014 45.185836924874536 30.940000534057617 AB 3.26731052040667 1.0815626119243782
61734.217 lsst_hardware_r 169.74785167147212 25.916429000643983 31.479999542236328 AB 6.767919389059276 1.0875653847114557
61734.2354 lsst_hardware_u 0.1526467508413587 2.672607634788433 28.43000030517578 AB 6.53201967092897 1.0506425227347351
61736.2363 lsst_hardware_r -24.22119999863015 21.450000762939453 31.479999542236328 AB 3.9447446328043987 1.0406466671133374
61736.2554 lsst_hardware_i -31.37315379151059 29.34000015258789 31.25 AB 4.463807682460231 1.0183978894544283
61740.2158 lsst_hardware_r -1.2566485176786202 21.489999771118164 31.469999313354492 AB 8.113558286595131 1.0562236866905654
61740.2337 lsst_hardware_g -1.7467396393786636 12.710000038146973 31.3799991607666 AB 7.846277785140413 1.0295601345151537
61746.1491 lsst_hardware_r 2.492047772514791 34.45000076293945 31.540000915527344 AB 5.452665782058533 1.197598458611582
61746.1705 lsst_hardware_z 80.80784942504242 44.2400016784668 30.940000534057617 AB 4.523836566620013 1.1237484226099228
61748.1517 lsst_hardware_y -12.480063835923554 49.68000030517578 30.010000228881836 AB 6.389277744254652 1.167026894746504
61748.1754 lsst_hardware_r 14.632484464402452 44.709999084472656 31.610000610351562 AB 6.6297357090862565 1.095733527656656
61750.1322 lsst_hardware_r -4.624646321127674 62.970001220703125 31.600000381469727 AB 11.734213491345464 1.2226747642198703
61750.1544 lsst_hardware_i -57.64423145587373 52.029998779296875 31.299999237060547 AB 10.933829892951445 1.1395341212038903
61752.1599 lsst_hardware_r -109.81365164318991 86.36000061035156 31.639999389648438 AB 11.430847983402055 1.1075508744515514
61754.1357 lsst_hardware_z -26.972875442140342 60.31999969482422 30.969999313354492 AB 9.178222750317909 1.1656659031744296
61754.1581 lsst_hardware_r 144.00432341424118 79.12999725341797 31.639999389648438 AB 8.651235857033472 1.0980343736015363
61758.1346 lsst_hardware_r -12.925938399683638 22.1200008392334 31.479999542236328 AB 3.85699551203403 1.1331606351917825
61758.1565 lsst_hardware_u -0.4153517889578967 2.6500000953674316 28.440000534057617 AB 3.722448529432227 1.0762409915235929
61760.1403 lsst_hardware_g -5.673086468555727 12.829999923706055 31.360000610351562 AB 4.601339048317823 1.1016553656114976
61760.1629 lsst_hardware_r 7.484282163672763 21.540000915527344 31.479999542236328 AB 4.370356939798038 1.0532249523551538
61764.1349 lsst_hardware_i 2.458958875313288 30.299999237060547 31.239999771118164 AB 6.929329831061543 1.0880203856426367
61764.1573 lsst_hardware_z 63.87979070267718 40.869998931884766 30.950000762939453 AB 6.619517621700022 1.0444998219645005
61768.0547 lsst_hardware_y 124.77241653860303 51.16999816894531 29.93000030517578 AB 11.387277349425684 1.375441158283191
61768.1479 lsst_hardware_r 31.189997429868168 31.1299991607666 32.220001220703125 AB 7.41424078716262 1.0421797990623338
61768.2306 lsst_hardware_u 0.16930829391706106 2.5799999237060547 28.40999984741211 AB 7.270269975828674 1.0197089625622717
61770.0531 lsst_hardware_y 42.50166889324577 51.130001068115234 29.940000534057617 AB 10.163781025786506 1.3508331281710737
61770.0744 lsst_hardware_g -15.076787040337319 13.069999694824219 31.31999969482422 AB 9.283025265000596 1.2369670336236025
61772.0557 lsst_hardware_y -5.240432188689209 50.36000061035156 29.950000762939453 AB 9.101170016161461 1.3036435279070082
61772.08 lsst_hardware_z -27.94733940952995 43.06999969482422 30.93000030517578 AB 8.562468080641699 1.190113243232261
61774.0641 lsst_hardware_y -32.4241508270146 70.06999969482422 30.739999771118164 AB 2.8119734604289692 1.234133623185852
61778.0521 lsst_hardware_y 49.582793584021495 52.349998474121094 29.979999542236328 AB 10.213299584434617 1.239064582140016
61778.0736 lsst_hardware_z 4.110791443385533 49.099998474121094 30.950000762939453 AB 9.740473875515667 1.1537769996761225
61780.0497 lsst_hardware_y -12.05630246440183 55.40999984741211 30.0 AB 11.134359833138543 1.2252615178422577
61780.0675 lsst_hardware_z -98.38865127125284 56.83000183105469 30.969999313354492 AB 10.517583879922784 1.155947817986824
61782.048 lsst_hardware_y 69.63853822217288 58.09000015258789 30.0 AB 4.457060700805786 1.2091042931992797
61782.0646 lsst_hardware_i 62.82027990659853 71.30000305175781 31.309999465942383 AB 4.341365451569257 1.1473711137282476
61783.0507 lsst_hardware_y 18.676303242980925 55.13999938964844 30.010000228881836 AB 2.5169810412776097 1.1872552081498158
61783.0702 lsst_hardware_r -16.743334067276653 76.75 31.639999389648438 AB 2.323204241123284 1.1216435684361057
61788.0461 lsst_hardware_z -41.486941445809684 44.439998626708984 30.940000534057617 AB 4.5023094335955625 1.1544383163065546
61788.064 lsst_hardware_i 58.272025509212355 30.229999542236328 31.239999771118164 AB 4.2949393276506775 1.1012664942694046
61790.0451 lsst_hardware_y -20.97224832682363 52.27000045776367 30.020000457763672 AB 9.35018500323137 1.1398031292033366
61790.0626 lsst_hardware_r 23.409964249591955 21.8700008392334 31.479999542236328 AB 8.958288276985224 1.0911435172941848
61792.0446 lsst_hardware_y -49.391804745131644 52.20000076293945 30.020000457763672 AB 12.146097153177681 1.1246386252942298
61792.0622 lsst_hardware_r 18.540821097137854 21.850000381469727 31.479999542236328 AB 11.658030427332463 1.0794472617900428
61798.0389 lsst_hardware_y -34.058162781994504 55.0099983215332 30.040000915527344 AB 12.169426644572463 1.0956866726805938
61798.0559 lsst_hardware_r -8.867475019259839 21.510000228881836 31.469999313354492 AB 12.377509331926905 1.0590231296746062
61800.0471 lsst_hardware_z -22.98695146856116 60.36000061035156 31.700000762939453 AB 11.878317513250826 1.06537569348927
61802.0381 lsst_hardware_y -10.979820173224677 53.650001525878906 30.049999237060547 AB 9.064648495546487 1.0725490736019037
61802.0559 lsst_hardware_g -3.882020940598817 14.050000190734863 31.43000030517578 AB 8.454436491842815 1.0409410535496937
61809.0908 lsst_hardware_r 80.961725216525 64.79000091552734 31.649999618530273 AB 8.49645439527581 1.0054479832681624
61809.1033 lsst_hardware_z -25.631061837495256 52.22999954223633 30.979999542236328 AB 8.527359632619333 1.009105227468372
61817.0844 lsst_hardware_r -25.30128297142985 21.309999465942383 31.489999771118164 AB 3.14367800462076 1.010612303242842
61817.0954 lsst_hardware_u -2.2178129561210085 2.619999885559082 28.450000762939453 AB 3.1901469054012614 1.0184570305633482
61837.0415 lsst_hardware_r -21.87091610944187 51.40999984741211 31.6299991607666 AB 8.168003699947423 1.0190896693633715
61837.0557 lsst_hardware_i 69.34009949238974 46.2400016784668 31.309999465942383 AB 9.66229733361092 1.034876544121127
62041.2818 lsst_hardware_z -4.198775422429651 49.220001220703125 30.899999618530273 AB 5.358739252608281 1.5713625841528165
62041.2999 lsst_hardware_r 0.27992854677772366 23.1299991607666 31.420000076293945 AB 5.368381047006984 1.4212719534944038
62048.2816 lsst_hardware_i -122.25663500176454 66.66000366210938 31.25 AB 9.363247845993653 1.4154569684041804
62048.3008 lsst_hardware_z 5.808867899109805 60.650001525878906 30.950000762939453 AB 8.94589011772109 1.2958328574852804
62050.2815 lsst_hardware_r 30.590516551650957 69.83000183105469 31.56999969482422 AB 6.066136091878444 1.3786672936087372
62050.3012 lsst_hardware_z 30.669181513120595 55.41999816894531 30.950000762939453 AB 5.870581261434907 1.2653932881380028
62052.3212 lsst_hardware_z 1.1278650423570773 50.5099983215332 30.959999084472656 AB 3.152235425161453 1.1590166100418984
62052.3414 lsst_hardware_r 31.495382831586813 52.38999938964844 31.6200008392334 AB 3.1257223877182256 1.0988009331092896
62055.2682 lsst_hardware_u -5.612224731158614 4.25 28.610000610351562 AB 7.488782175923906 1.37636136297076
62055.2878 lsst_hardware_g -51.564159454654494 28.440000534057617 31.56999969482422 AB 6.925955476604194 1.2641488435508452
62059.2732 lsst_hardware_z -36.1514283183392 44.56999969482422 30.920000076293945 AB 9.347211252987023 1.2829002543215788
62059.2918 lsst_hardware_u 3.58379310617612 2.559999942779541 28.299999237060547 AB 8.417151950722783 1.1974040757838798
62065.2698 lsst_hardware_i -12.0455716390312 31.600000381469727 31.219999313354492 AB 3.38798920266853 1.2208970099706415
62065.2885 lsst_hardware_z 68.23531454195883 42.54999923706055 30.940000534057617 AB 3.2521122816713026 1.1495624891023646
62067.2689 lsst_hardware_i -11.762829773407253 31.34000015258789 31.219999313354492 AB 3.5401806029134812 1.201690632353524
62067.2866 lsst_hardware_u -1.8158226472033339 2.5 28.280000686645508 AB 3.396337751334313 1.138055763878358
62070.2508 lsst_hardware_z 69.38079027495411 44.7599983215332 30.940000534057617 AB 4.104290176579666 1.245076272693986
62070.2682 lsst_hardware_g 24.425892963183653 13.079999923706055 31.3700008392334 AB 3.8540365217528447 1.1727466847812693
62075.2531 lsst_hardware_r 81.85227476495358 67.5 31.6200008392334 AB 5.947282075401519 1.178107314616168
62075.2712 lsst_hardware_i -85.75211655365217 53.900001525878906 31.309999465942383 AB 5.637935387396527 1.1187489606899015
62077.2566 lsst_hardware_z 53.28004352204791 84.0 31.729999542236328 AB 6.086240186753205 1.1467244817245794
62083.2948 lsst_hardware_g 38.167870123626535 42.150001525878906 31.709999084472656 AB 8.233119000494098 1.0291398750617622
62083.3135 lsst_hardware_i 24.64702182466312 40.79999923706055 31.309999465942383 AB 8.097470274535091 1.0121837843168864
62086.2065 lsst_hardware_r 12.268547425184966 22.299999237060547 31.440000534057617 AB 4.22164457813485 1.2479918936175745
62086.2262 lsst_hardware_u 3.3072960995435086 2.4700000286102295 28.25 AB 8.050507206915809 1.1666697238451416
62088.2045 lsst_hardware_g 5.1110209495373295 12.789999961853027 31.299999237060547 AB 4.984687343103605 1.2320037921659923
62088.2215 lsst_hardware_r 13.368598892854653 21.90999984741211 31.450000762939453 AB 8.369531309764811 1.1639706988060372
62090.2013 lsst_hardware_u -4.800910956108152 3.5299999713897705 29.010000228881836 AB 6.746124830196099 1.2219764817405832
62090.2103 lsst_hardware_g -5.296565103932409 18.1200008392334 32.08000183105469 AB 8.742538047159172 1.1851075026649278
62095.1972 lsst_hardware_g 5.34794554930461 12.859999656677246 31.329999923706055 AB 3.7629320674118643 1.183001959888456
62095.2136 lsst_hardware_i -32.6803482028723 30.40999984741211 31.229999542236328 AB 3.718402184936621 1.127500346664259
62096.2123 lsst_hardware_u 1.0236286681621143 2.509999990463257 28.299999237060547 AB 3.42804890009582 1.1232752662645424
62096.2285 lsst_hardware_g -22.150060552671714 12.729999542236328 31.360000610351562 AB 3.376359561118051 1.0815310109822383
62098.2107 lsst_hardware_r 7.529332066310546 22.0 31.489999771118164 AB 8.451452973796505 1.1123260033952764
62098.228 lsst_hardware_i -9.264782015123933 30.059999465942383 31.25 AB 8.076921286834848 1.070842830617371
62103.1915 lsst_hardware_r -22.132642054023854 52.52000045776367 31.610000610351562 AB 4.932441078008693 1.1282747414429797
62103.2077 lsst_hardware_z -15.920890509985863 48.43000030517578 30.959999084472656 AB 4.70152540577453 1.085384857046729
62105.2129 lsst_hardware_i -6.187163035446815 57.369998931884766 31.31999969482422 AB 8.113927317842025 1.0628670838147791
62105.23 lsst_hardware_z -3.4684543319124375 54.2400016784668 30.979999542236328 AB 7.969122277345242 1.035130188432444
62107.2107 lsst_hardware_i 61.2971402270786 68.30000305175781 31.329999923706055 AB 6.6626421057563805 1.0568090870842304
62107.2287 lsst_hardware_z 35.895483281929685 60.529998779296875 30.989999771118164 AB 6.4902987997649575 1.0298336349182067
62110.1487 lsst_hardware_z 112.22035615617825 56.56999969482422 30.959999084472656 AB 6.534506806105402 1.213351927602897
