data/validation/pwv_sim_epoch_fit_epoch/33645260.ecsv
# %ECSV 0.9
# ---
# datatype:
# - {name: time, datatype: float64}
# - {name: band, datatype: string}
# - {name: flux, datatype: float64}
# - {name: fluxerr, datatype: float64}
# - {name: zp, datatype: float64}
# - {name: zpsys, datatype: string}
# - {name: pwv, datatype: float64}
# - {name: airmass, datatype: float64}
# meta: {SNID: '33645260', alt: 1024.0, c: 0.013753212988376617, dec: -8.838267, lat: -30.244573, lon: -70.7499537, ra: 22.5, t0: 61673.94140625,
#   x0: 1.129953853022453e-05, x1: 0.22216925024986267, z: 0.4372670352458954}
# schema: astropy-2.0
time band flux fluxerr zp zpsys pwv airmass
61606.4176 lsst_hardware_z 20.17427938012739 60.540000915527344 30.979999542236328 AB 5.593082881636025 1.079398433252369
61606.4399 lsst_hardware_y -47.22886797552343 67.62000274658203 30.049999237060547 AB 5.58524061948092 1.0763097980403564
61609.3891 lsst_hardware_z 64.05798924110908 60.63999938964844 30.979999542236328 AB 5.631540871796938 1.0995881815477768
61609.4096 lsst_hardware_y -0.5347189558707744 53.58000183105469 30.040000915527344 AB 5.548360336859298 1.0792900523968874
61616.4096 lsst_hardware_r -47.86200187093084 23.860000610351562 31.5 AB 5.089789300453211 1.075591645776852
61616.4287 lsst_hardware_z 12.195347190737134 43.84000015258789 30.950000762939453 AB 4.085749788703863 1.0862985213906668
61618.3724 lsst_hardware_i -8.36017062210005 31.56999969482422 31.25 AB 5.614382757992115 1.0897305797962862
61618.394 lsst_hardware_z -18.850875834214865 42.029998779296875 30.950000762939453 AB 6.758776104550138 1.0757671568262526
61621.374 lsst_hardware_r -42.561827536959264 24.079999923706055 31.510000228881836 AB 2.0160272940030297 1.0810763932451086
61621.3941 lsst_hardware_u 8.345425413431844 2.8299999237060547 28.489999771118164 AB 2.2097926199546256 1.0753248758903287
61623.366 lsst_hardware_g -10.905667230495435 14.859999656677246 31.440000534057617 AB 2.827752845278079 1.0829461333802561
61623.3865 lsst_hardware_i -51.27600147775601 31.479999542236328 31.25 AB 3.0991218429977563 1.075181766341161
61625.3697 lsst_hardware_z -52.29469800630292 41.970001220703125 30.940000534057617 AB 2.7829769294875613 1.0774204140486106
61625.3902 lsst_hardware_r -4.003270186538117 23.709999084472656 31.5 AB 1.507882780912688 1.0770591292233487
61628.3594 lsst_hardware_u -2.8205279285435627 2.6600000858306885 28.3700008392334 AB 5.823343004859164 1.078396852751697
61628.3797 lsst_hardware_g -18.03172152327696 14.579999923706055 31.420000076293945 AB 6.465187084218535 1.0762755259228458
61630.3595 lsst_hardware_r -52.77434869366719 38.779998779296875 31.600000381469727 AB 5.007942876166238 1.0762054891474724
61630.3792 lsst_hardware_i -39.94804316882879 31.56999969482422 31.260000228881836 AB 4.876252517644126 1.0782205677488392
61643.2856 lsst_hardware_i 20.298048750495145 32.2400016784668 31.239999771118164 AB 2.484659447214444 1.1173285878423582
61648.2645 lsst_hardware_r 18.447830746085966 24.15713167611369 31.489999771118164 AB 5.625397650853934 1.1328584918145803
61648.2814 lsst_hardware_u -0.9465025587019646 2.761404790846662 28.389999389648438 AB 5.494755632660141 1.101374149661283
61650.2891 lsst_hardware_g -21.087254577407666 14.684719636022608 31.420000076293945 AB 3.1562166309785726 1.0856675907740319
61650.3057 lsst_hardware_i 42.090155327139826 32.571000323877165 31.25 AB 2.831656096195252 1.0759934501058588
61652.2651 lsst_hardware_r 254.902301367381 28.64310642669293 31.479999542236328 AB 2.4840854606405216 1.1099577572120294
61652.2834 lsst_hardware_z 207.50928637620413 43.825956445538196 30.940000534057617 AB 2.435105370680866 1.0858886825778666
61654.2689 lsst_hardware_r 576.3004247252854 34.13456725534994 31.489999771118164 AB 0.9655543203904215 1.0959753920436113
61654.2883 lsst_hardware_u -8.54365579245706 3.2481305732399246 28.389999389648438 AB 0.8743616021254697 1.0784601938026144
61656.2619 lsst_hardware_g 326.53576408317934 23.64813358978433 31.420000076293945 AB 3.07963379458544 1.098039147106765
61656.2805 lsst_hardware_r 1053.7176071304707 39.88424230089147 31.489999771118164 AB 3.030977271018326 1.0797603459171712
61673.2153 lsst_hardware_g 1554.1893853119352 41.63687692793879 31.43000030517578 AB 6.502921570056155 1.098296418638222
61673.2347 lsst_hardware_r 4109.98595797634 68.49018967101715 31.5 AB 6.555368368868706 1.0793987270014969
61677.211 lsst_hardware_i 2879.4843498999985 62.128331042726956 31.25 AB 5.028032705155765 1.090088391361708
61677.2302 lsst_hardware_z 2191.3842334490264 62.365971256273696 30.940000534057617 AB 4.9611765243065635 1.0765079343196349
61679.2057 lsst_hardware_i 2899.3535603446644 61.2758162532536 31.239999771118164 AB 5.186891712542058 1.0899121060185037
61679.2235 lsst_hardware_u 4.202675544794871 3.149940189877555 28.43000030517578 AB 4.536603098364448 1.0769384209767499
61681.1812 lsst_hardware_u 9.00133067999409 4.238705972989705 29.15999984741211 AB 3.223383413493816 1.1185830237688201
61681.1992 lsst_hardware_g 1014.4353799737273 34.50656916197702 31.43000030517578 AB 3.1677406173135916 1.0910702470653755
61683.1779 lsst_hardware_r 3291.486582363006 61.491410889089316 31.5 AB 6.9749689717151275 1.1145090234429786
61683.196 lsst_hardware_i 2633.8541829397745 59.747003473668315 31.25 AB 6.765702243390806 1.0886085669170844
61687.1791 lsst_hardware_z 1720.1533713609997 61.34396708220209 30.950000762939453 AB 3.579650315853939 1.095587731846886
61687.1968 lsst_hardware_r 2859.384664843502 67.17450158190765 31.600000381469727 AB 3.4962893410808955 1.0792126785928622
61691.1739 lsst_hardware_i 2114.539872004668 92.20175985238619 31.329999923706055 AB 6.938327663257597 1.088877536606866
61691.1929 lsst_hardware_z 1401.3034692442066 79.9212209688446 30.989999771118164 AB 6.993308008461857 1.0762246858209494
61693.1658 lsst_hardware_z 1488.727362305853 103.98269855149259 31.0 AB 6.685003635246456 1.0918005256613033
61693.1833 lsst_hardware_r 2226.129036822204 151.41503756237896 31.649999618530273 AB 7.178527606294548 1.0777491151478151
61695.1709 lsst_hardware_i 1824.631117251888 95.3406367600744 31.329999923706055 AB 7.02515197876441 1.0818328359983693
61695.1893 lsst_hardware_r 1687.3237249026588 116.43061687511889 31.649999618530273 AB 7.0132917924484675 1.0751772789445964
61697.1534 lsst_hardware_z 2364.970526855041 88.01270656087226 31.719999313354492 AB 4.067335928256794 1.093565852730567
61701.1431 lsst_hardware_g 175.85999091831061 20.233074427543634 31.43000030517578 AB 5.175649028969357 1.0928120695304273
61701.1621 lsst_hardware_r 1017.3798379306154 39.565298658026684 31.5 AB 5.182166845454091 1.0774669002070363
61704.1358 lsst_hardware_i 1233.1860631625063 47.02040824036778 31.25 AB 2.8014550792475825 1.0917595788178793
61704.1528 lsst_hardware_z 1045.4040577419494 52.55783256828224 30.950000762939453 AB 2.5820777311700995 1.0779617580726828
61706.1337 lsst_hardware_i 1107.2126728808396 46.01739535836264 31.25 AB 3.1138470672078684 1.088091925292943
61706.1519 lsst_hardware_u 2.4743964576604314 3.2155443891590547 28.459999084472656 AB 3.186014314323372 1.0762349896374412
61708.1432 lsst_hardware_g 75.72861630747991 18.09295422401134 31.420000076293945 AB 5.9891322777382525 1.0773758369739617
61708.1589 lsst_hardware_r 581.0861249588153 34.56952138871613 31.5 AB 5.933489607941155 1.0756870210190637
61712.1151 lsst_hardware_z 836.7609896476808 50.51674928493539 30.940000534057617 AB 4.388000114145971 1.0904572848275276
61712.1334 lsst_hardware_u 1.727991068352514 3.198245166784546 28.440000534057617 AB 4.2229238061264915 1.0769330713743044
61721.0907 lsst_hardware_r 439.80099921777327 113.58995483244273 31.649999618530273 AB 3.7072547078576408 1.0902621432774162
61721.1082 lsst_hardware_z 553.5241848522272 80.6183923375445 30.989999771118164 AB 3.6652560151883815 1.0771716345579434
61723.0912 lsst_hardware_r 340.0112955678761 113.03296006521165 31.649999618530273 AB 3.225835016021227 1.0844054176052533
61723.1081 lsst_hardware_i 652.9352723674078 92.0575149658111 31.329999923706055 AB 3.2480758413422173 1.075610842401927
61725.0842 lsst_hardware_z 596.0057107090531 56.88353350986065 30.969999313354492 AB 6.270540835265834 1.085776601298539
61725.1022 lsst_hardware_i 647.8038717988011 59.179386711241115 31.309999465942383 AB 6.236346118841447 1.0756957514172205
61730.0673 lsst_hardware_g 81.72439043142715 16.67491318880137 31.43000030517578 AB 4.200235653159268 1.0889903171271698
61730.0864 lsst_hardware_r 309.93370843850914 28.66057455483693 31.5 AB 3.4826520924742717 1.0762212893925438
61733.0676 lsst_hardware_i 418.7925801215712 37.36383434186798 31.25 AB 8.190542342164845 1.0814976684196538
61733.0871 lsst_hardware_z 358.12971607324937 46.14604496109854 30.950000762939453 AB 8.546192835784918 1.0752182221578284
61737.0637 lsst_hardware_r 234.71290392700175 28.083543675408766 31.5 AB 4.115703434146246 1.0775032989299884
61737.0835 lsst_hardware_i 409.467435658419 36.778534996369515 31.25 AB 4.141066455852242 1.0767203473354763
61739.0626 lsst_hardware_z 335.3067515890024 46.04130560269979 30.940000534057617 AB 5.3219367442983705 1.076008237828219
61739.0814 lsst_hardware_i 366.11953430952127 36.88003081741607 31.239999771118164 AB 5.303259858074612 1.0781174747052138
61741.0604 lsst_hardware_u 0.91705061329102 2.8863142892910165 28.450000762939453 AB 6.737968983106987 1.0753794195521074
61741.0795 lsst_hardware_g 21.785094428692396 16.257104323478526 31.43000030517578 AB 6.754866836095567 1.080087437815089
61747.0299 lsst_hardware_y -9.080965574258668 67.05999755859375 30.049999237060547 AB 4.021067837909014 1.0811259646645492
61747.0481 lsst_hardware_z 41.931121768052726 57.279998779296875 30.979999542236328 AB 3.271232439827566 1.0751791092284522
61751.0318 lsst_hardware_y 44.6842500633119 72.01000213623047 30.059999465942383 AB 14.322106044943506 1.0755763697083074
61751.051 lsst_hardware_i -6.362903431807021 72.11000061035156 31.329999923706055 AB 14.666625492784572 1.0793675006035575
61753.0339 lsst_hardware_y -57.53344186197204 64.26000213623047 30.049999237060547 AB 8.912414070621674 1.0753395355479818
61753.0519 lsst_hardware_g 127.7319165564778 72.44000244140625 31.709999084472656 AB 8.562400657184083 1.0838481844536814
61977.4075 lsst_hardware_z -32.99467689766268 42.130001068115234 30.93000030517578 AB 7.31525095555441 1.0768279129864196
61977.4276 lsst_hardware_y -48.52885090988358 48.72999954223633 30.020000457763672 AB 6.491404006484184 1.0775903065212789
61982.3713 lsst_hardware_g -6.041858981610833 14.720000267028809 31.420000076293945 AB 4.292855038698587 1.09511608130066
61982.3904 lsst_hardware_r 40.807362934779334 23.59000015258789 31.489999771118164 AB 4.87479540062077 1.078295756819341
61984.3755 lsst_hardware_i -42.92121532218075 31.309999465942383 31.239999771118164 AB 2.046363790201368 1.0847409436529913
61984.3947 lsst_hardware_r 45.076080865508565 23.579999923706055 31.5 AB 2.037093091318925 1.0753614770291704
61991.3353 lsst_hardware_z -27.41732712996936 66.22000122070312 30.979999542236328 AB 5.511553274875779 1.1125835093784164
61991.3597 lsst_hardware_r -83.5328257416078 88.12000274658203 31.649999618530273 AB 5.310457765166545 1.082073850132421
61993.3509 lsst_hardware_z 8.578522037801303 88.33999633789062 31.729999542236328 AB 5.857751924265928 1.0847688748640607
61996.3629 lsst_hardware_r 24.929854194690723 68.08000183105469 32.79999923706055 AB 3.7634731541228765 1.0752780440351075
61996.3836 lsst_hardware_z -118.29541422966521 79.88999938964844 32.150001525878906 AB 3.6909820558970843 1.0822407435558083
62000.327 lsst_hardware_i 14.519060646924604 31.520000457763672 31.260000228881836 AB 3.6724783052133 1.0894328997962919
62000.348 lsst_hardware_r -6.177160126836459 23.6299991607666 31.510000228881836 AB 4.450615841486538 1.0758725669877411
62010.2182 lsst_hardware_r 56.93047001694617 29.229999542236328 31.5 AB 5.376650460302371 1.3534109230498368
62010.2444 lsst_hardware_i 41.11560316210612 32.310001373291016 31.239999771118164 AB 4.873228194242516 1.2219729674630182
62012.3022 lsst_hardware_z 60.38117994260978 44.40999984741211 30.959999084472656 AB 3.341299079946383 1.082202131156542
62012.3204 lsst_hardware_r -10.56208828200169 23.360000610351562 31.5 AB 3.246282163059826 1.0752245640827467
62014.2774 lsst_hardware_z -78.54229171636366 50.61000061035156 30.959999084472656 AB 1.8299918716460069 1.1044006467386884
62014.2935 lsst_hardware_g 19.729426668071582 58.0099983215332 31.700000762939453 AB 1.6961346950042937 1.0848319123788255
62019.2633 lsst_hardware_z 137.08568670029297 82.08000183105469 30.989999771118164 AB 0.8959660309753883 1.105107654610408
62019.2813 lsst_hardware_r -11.392357971043102 120.43000030517578 31.649999618530273 AB 0.8961388488110373 1.083601993725559
62022.2369 lsst_hardware_r 32.513286243659024 86.05999755859375 31.6299991607666 AB 3.457062944611627 1.1416984625533775
62022.256 lsst_hardware_i -36.018166546181526 70.06999969482422 31.31999969482422 AB 4.745976674954458 1.1037155058033625
62029.2304 lsst_hardware_g 15.611713439401568 14.670000076293945 31.440000534057617 AB 3.7170876319379347 1.1146804174141378
62029.2485 lsst_hardware_r 18.645979010994523 23.600000381469727 31.510000228881836 AB 3.5927826749868044 1.088722022723547
62032.2189 lsst_hardware_r -36.584031707675095 24.0 31.489999771118164 AB 6.605059792527404 1.1210216891594373
62032.238 lsst_hardware_i 7.550724151535147 31.739999771118164 31.25 AB 6.518013021194947 1.0912461110321359
62034.2201 lsst_hardware_z 115.77328179246142 42.29999923706055 30.950000762939453 AB 3.6338376355952464 1.1087787740831712
62034.2393 lsst_hardware_i -26.945074306310385 31.360000610351562 31.25 AB 3.537217567930772 1.0844816253236909
62036.2254 lsst_hardware_u -3.3475914540568694 2.75 28.43000030517578 AB 2.1503671839996406 1.093221750889497
62036.2448 lsst_hardware_g 13.384468820254874 14.699999809265137 31.440000534057617 AB 2.110040841707862 1.0774676638507095
62040.2195 lsst_hardware_z -145.33442392646492 61.959999084472656 31.700000762939453 AB 3.6864600022304184 1.0876652248909575
62042.2095 lsst_hardware_z 33.28595581850647 47.869998931884766 30.959999084472656 AB 5.051652758795784 1.0926429903668127
62042.2278 lsst_hardware_r 1.9041257598118988 46.5 31.610000610351562 AB 4.98515637902498 1.077735718887728
62045.1818 lsst_hardware_r -13.942029340765586 93.01000213623047 31.639999389648438 AB 5.100894273734964 1.1242879157450802
62045.2006 lsst_hardware_i -72.91177325955282 74.01000213623047 31.31999969482422 AB 4.921837955753185 1.0934987682188815
62047.1801 lsst_hardware_z 16.979356368780646 94.5 30.989999771118164 AB 2.497988206042272 1.1168352635062317
62047.1997 lsst_hardware_i 145.8735367338804 111.88999938964844 31.329999923706055 AB 2.401293471634539 1.0883638638620547
62049.1919 lsst_hardware_z 196.96242736992806 121.33999633789062 31.739999771118164 AB 5.159900960623757 1.0908881523517455
62051.1808 lsst_hardware_r -12.717349264751533 74.83999633789062 31.639999389648438 AB 4.568283742039185 1.0979251933598355
62051.199 lsst_hardware_i -115.47458954782314 63.70000076293945 31.31999969482422 AB 4.345992369773229 1.0799732540335212
62053.1858 lsst_hardware_z 27.530794671201136 66.20999908447266 31.709999084472656 AB 3.7823061807995377 1.085933442664237
62056.1715 lsst_hardware_g -2.4717150214236807 15.0600004196167 31.440000534057617 AB 7.079685146942561 1.0923754277031195
62056.1908 lsst_hardware_r 8.888940309525657 24.030000686645508 31.5 AB 7.15811697857266 1.0772185069334326
62058.1685 lsst_hardware_i -32.18954526835635 31.3700008392334 31.25 AB 7.194220315487785 1.089593141481389
62058.1869 lsst_hardware_z -7.772823925378362 41.900001525878906 30.950000762939453 AB 7.17333856173368 1.076646772323446
62061.0653 lsst_hardware_u -0.6506140976544268 2.5199999809265137 28.149999618530273 AB 8.707381119721255 1.4489762236057115
62061.0981 lsst_hardware_g 2.12658419270776 20.989999771118164 32.130001068115234 AB 10.629407123796016 1.2518071101185728
62061.1259 lsst_hardware_r 10.963710016363772 24.059999465942383 31.479999542236328 AB 7.0851833586975985 1.1533438278896766
62066.1459 lsst_hardware_r -0.16374715051239916 24.209999084472656 31.510000228881836 AB 5.180860834623506 1.0904205913440685
62066.1642 lsst_hardware_i -20.514116597438598 31.770000457763672 31.260000228881836 AB 5.087319307506576 1.0769472478227236
62068.1261 lsst_hardware_z -4.4393191692784955 61.0 31.709999084472656 AB 4.885102966797729 1.1107766101671765
62069.1427 lsst_hardware_g 48.24224810579617 27.110000610351562 31.6200008392334 AB 2.74749688371281 1.0853951344668324
62069.1604 lsst_hardware_r 4.13172163578279 31.510000228881836 31.56999969482422 AB 2.6491040474452183 1.0757054875928065
62074.135 lsst_hardware_i 5.570020146759258 76.56999969482422 31.34000015258789 AB 4.1024763803010895 1.0807366649897496
62074.1524 lsst_hardware_z 14.843367066550949 68.45999908447266 30.989999771118164 AB 4.016488848741239 1.0752212150291096
62080.1165 lsst_hardware_r -16.17758512448529 60.4900016784668 31.6299991607666 AB 3.6520669279955142 1.0822275129261927
62080.1343 lsst_hardware_i 3.9751503644401547 57.439998626708984 31.31999969482422 AB 2.7043033299915415 1.075234086342351
62082.119 lsst_hardware_z 15.145383476293967 42.2599983215332 30.950000762939453 AB 6.034270200679962 1.0775482501214217
62082.1357 lsst_hardware_u 2.000098080747439 2.7799999713897705 28.459999084472656 AB 6.36268486778015 1.0758682563037114
62087.0885 lsst_hardware_r 5.042565338266713 23.479999542236328 31.489999771118164 AB 3.7405439325907435 1.090484602086969
62087.1058 lsst_hardware_i 47.749983094235226 31.209999084472656 31.239999771118164 AB 3.6016951161737816 1.0773572648531748
62089.0855 lsst_hardware_z -34.54301092526747 42.13999938964844 30.940000534057617 AB 4.569057488213304 1.087870830526977
62089.1033 lsst_hardware_i -45.392757136282405 31.290000915527344 31.239999771118164 AB 4.520511284333802 1.076312210555667
62092.0978 lsst_hardware_u -3.000072207073373 2.619999885559082 28.350000381469727 AB 5.878939589904713 1.0756617378799507
62092.1183 lsst_hardware_g 1.304627366314391 14.34000015258789 31.420000076293945 AB 6.0271426772783565 1.0800524472086444
62094.0681 lsst_hardware_g 2.1130731319659968 14.609999656677246 31.43000030517578 AB 7.1370765117712605 1.0919500483374998
62094.0877 lsst_hardware_r -17.59082755629923 23.420000076293945 31.5 AB 6.228593090688982 1.0769591234873315
62097.0703 lsst_hardware_i -18.512820811766527 32.220001220703125 31.25 AB 7.3860658809633915 1.0820621231771155
62097.0911 lsst_hardware_z -65.27764724572107 42.2599983215332 30.950000762939453 AB 7.414988406732149 1.075298322406093
62099.0685 lsst_hardware_r 19.714091579088958 36.220001220703125 31.59000015258789 AB 5.587790479685945 1.079627193859589
62099.0872 lsst_hardware_g -8.682240968159093 31.950000762939453 31.649999618530273 AB 5.495149270013099 1.0754769096806143
62104.0717 lsst_hardware_z -226.83254534802964 96.66999816894531 31.739999771118164 AB 5.296261226946251 1.075273825387592
62106.0615 lsst_hardware_r -68.44812804953244 100.69999694824219 31.649999618530273 AB 6.737001681647522 1.0753680621959918
62106.08 lsst_hardware_i -64.72089998826235 80.2699966430664 31.329999923706055 AB 6.8033051697448075 1.080003995620441
62108.0444 lsst_hardware_z 103.18053251258341 77.94000244140625 31.719999313354492 AB 3.764767480937761 1.0793484750394957
62111.0381 lsst_hardware_y 15.985840887677615 50.779998779296875 30.040000915527344 AB 5.744028138886079 1.0783363474700483
62111.0571 lsst_hardware_g 19.897045669644857 14.760000228881836 31.450000762939453 AB 4.856262085332907 1.0760011267563079
62117.0322 lsst_hardware_y -127.15304618631069 66.29000091552734 30.049999237060547 AB 11.49649784960835 1.0752932562884863
62117.0513 lsst_hardware_g -14.713655341885596 15.220000267028809 31.440000534057617 AB 12.239672010872402 1.0808611807551272
62119.0338 lsst_hardware_y 174.22317873864344 64.13999938964844 30.059999465942383 AB 8.155520793860347 1.0756767142668804
62119.0528 lsst_hardware_i 37.77248266662264 31.6200008392334 31.25 AB 8.350896385269662 1.086507984016704
