data/validation/pwv_sim_epoch_fit_epoch/33705393.ecsv
# %ECSV 0.9
# ---
# datatype:
# - {name: time, datatype: float64}
# - {name: band, datatype: string}
# - {name: flux, datatype: float64}
# - {name: fluxerr, datatype: float64}
# - {name: zp, datatype: float64}
# - {name: zpsys, datatype: string}
# - {name: pwv, datatype: float64}
# - {name: airmass, datatype: float64}
# meta: {SNID: '33705393', alt: 1024.0, c: 0.02924550510942936, dec: -23.480536, lat: -30.244573, lon: -70.7499537, ra: 328.359375, t0: 61921.76953125,
#   x0: 1.2943608039643073e-05, x1: -0.13430161774158478, z: 0.4130139648914337}
# schema: astropy-2.0
time band flux fluxerr zp zpsys pwv airmass
[from data line 132]
62360.1945 lsst_hardware_r 17.36716549361876 24.459999084472656 31.530000686645508 AB 2.7670514043005894 1.0164263760134404
62360.2215 lsst_hardware_i 1.4200912066214 31.489999771118164 31.270000457763672 AB 2.7385733060546498 1.007476614018043
62365.192 lsst_hardware_r 32.651507725500835 31.959999084472656 31.59000015258789 AB 4.4666717045969415 1.0098737744962563
62366.0692 lsst_hardware_r -8.664157925586387 44.45000076293945 31.540000915527344 AB 3.9310910881831593 1.3675738696062478
62366.0872 lsst_hardware_z -29.13854834140788 48.83000183105469 30.940000534057617 AB 3.2768204467074296 1.2587824239864638
62369.066 lsst_hardware_i -84.15946376528827 79.93000030517578 31.280000686645508 AB 4.180312330711524 1.3342841783311599
62369.0851 lsst_hardware_z 158.55525541812807 70.30000305175781 30.959999084472656 AB 3.002049825647753 1.228334625878786
62370.1856 lsst_hardware_r 80.08987196511083 125.44999694824219 31.670000076293945 AB 2.4955113124695902 1.0077784199776236
62384.1206 lsst_hardware_r -20.318793251301507 23.8700008392334 31.510000228881836 AB 1.5110913693811108 1.024063728049547
62384.1381 lsst_hardware_i 21.180606950458625 31.0 31.25 AB 1.5651625844879038 1.0107604678643227
62389.0614 lsst_hardware_z 8.044358333525091 42.380001068115234 30.940000534057617 AB 3.4462388882567856 1.1116899639538018
62389.0789 lsst_hardware_i -50.744351385019854 31.360000610351562 31.25 AB 3.310794489374782 1.067998222378962
62390.0632 lsst_hardware_u 1.045346121593688 2.740000009536743 28.40999984741211 AB 2.608363541783235 1.0990295822120373
62390.079 lsst_hardware_g 3.098153657350541 15.020000457763672 31.450000762939453 AB 2.511189929933111 1.0621881973633178
62391.1037 lsst_hardware_g 6.033834608434058 15.460000038146973 31.489999771118164 AB 3.1418187974652283 1.0218127644410857
62391.1224 lsst_hardware_i -8.6632335220881 31.229999542236328 31.270000457763672 AB 3.0217125018784956 1.0093402929030466
62396.0682 lsst_hardware_i 10.293457249365417 52.91999816894531 31.309999465942383 AB 0.31094611581307796 1.0516779565267573
62396.0919 lsst_hardware_z -18.035485119966737 52.45000076293945 30.969999313354492 AB 1.2750720721131286 1.0200576576896583
62400.982 lsst_hardware_y 73.96977127113212 81.7699966430664 29.979999542236328 AB 2.7004054636419177 1.3132138743598238
62400.9983 lsst_hardware_i 176.0675299437496 96.66999816894531 31.309999465942383 AB 2.3651246206009495 1.2256119293182213
62405.9878 lsst_hardware_z -21.41494012513204 55.54999923706055 30.950000762939453 AB 2.6704186655470195 1.2110742247378772
62406.007 lsst_hardware_i -18.690178655664074 32.119998931884766 31.239999771118164 AB 3.548534811910935 1.1365009539588773
62410.9904 lsst_hardware_y -127.14992711156631 59.4900016784668 30.030000686645508 AB 8.115452513163076 1.1465202514475739
62411.0115 lsst_hardware_z -40.43135091752592 42.029998779296875 30.940000534057617 AB 5.404009183737428 1.084616069926728
62413.9923 lsst_hardware_y 186.36661084474093 57.470001220703125 30.030000686645508 AB 3.5568908824635623 1.1141396656111393
62414.0108 lsst_hardware_r 21.529256553211663 23.860000610351562 31.5 AB 2.8962813882393967 1.0676551057929142
62416.0041 lsst_hardware_z 139.94999798288674 63.869998931884766 31.709999084472656 AB 4.1566659763705935 1.0702942175875414
62417.9953 lsst_hardware_y -31.32305916557485 54.81999969482422 30.040000915527344 AB 4.901699257784336 1.0777307906741183
62418.0152 lsst_hardware_g 21.470631876837725 15.15999984741211 31.459999084472656 AB 4.102682115702985 1.0401019433902863
62419.0419 lsst_hardware_g 14.647504088218462 15.289999961853027 31.469999313354492 AB 2.436663251644583 1.011063589894018
62419.0606 lsst_hardware_i -32.18544326825082 31.1200008392334 31.260000228881836 AB 2.4658440146220295 1.0074950008670194
62419.9978 lsst_hardware_y 10.334249258872317 51.779998779296875 30.049999237060547 AB 2.5416951262745924 1.0607707548880154
62420.0174 lsst_hardware_i -42.99406851873234 31.3700008392334 31.260000228881836 AB 3.5622541104598264 1.0296524069158377
62421.0414 lsst_hardware_z 11.167278350764756 41.45000076293945 30.950000762939453 AB 6.088439856034888 1.0090221836320044
62421.0599 lsst_hardware_r 4.917941278810018 25.389999389648438 31.530000686645508 AB 5.396903698009882 1.0083743772069846
62426.0286 lsst_hardware_r -134.14731277020684 82.0 31.65999984741211 AB 7.159274505074001 1.008751075087306
62426.0471 lsst_hardware_i 53.38653456729451 69.43000030517578 31.34000015258789 AB 6.5833550732483035 1.0086083915810795
62433.9969 lsst_hardware_y 67.25953100440682 81.62999725341797 30.09000015258789 AB 3.765485997172269 1.0133170067741075
62434.0139 lsst_hardware_r -25.48231572877633 25.030000686645508 31.530000686645508 AB 3.6534968071224596 1.0073980166697958
