data/validation/pwv_sim_epoch_fit_epoch/33800122.ecsv
# %ECSV 0.9
# ---
# datatype:
# - {name: time, datatype: float64}
# - {name: band, datatype: string}
# - {name: flux, datatype: float64}
# - {name: fluxerr, datatype: float64}
# - {name: zp, datatype: float64}
# - {name: zpsys, datatype: string}
# - {name: pwv, datatype: float64}
# - {name: airmass, datatype: float64}
# meta: {SNID: '33800122', alt: 1024.0, c: -0.011930174194276333, dec: -6.129201, lat: -30.244573, lon: -70.7499537, ra: 171.210938, t0: 62188.05859375,
#   x0: 3.2473889623333265e-06, x1: 0.887164831161499, z: 0.7317082285881042}
# schema: astropy-2.0
time band flux fluxerr zp zpsys pwv airmass
[from data line 133]
62551.267 lsst_hardware_r 115.87490177076256 154.9600067138672 31.649999618530273 AB 2.7642133380795046 1.0956057622193835
62551.2842 lsst_hardware_z 120.62403650541688 103.25 31.0 AB 2.796632890786299 1.1076504947335002
62553.2678 lsst_hardware_z 91.52351049307754 75.33999633789062 30.989999771118164 AB 5.784813792964051 1.098556187934303
62553.2849 lsst_hardware_i 78.98132612313258 84.91999816894531 31.31999969482422 AB 5.691347332498919 1.1150394773875434
62555.2695 lsst_hardware_z 90.41780373015092 51.56999969482422 30.959999084472656 AB 11.762779447050237 1.1039335025073738
62555.287 lsst_hardware_r 66.39408027726616 55.029998779296875 31.610000610351562 AB 12.001801548989715 1.1264361358706403
62558.2395 lsst_hardware_r -15.999084129484698 26.6200008392334 31.530000686645508 AB 6.0697386360545496 1.0941723295375345
62558.2576 lsst_hardware_y -36.27132685984424 48.40999984741211 30.030000686645508 AB 7.134417875750357 1.1008771539579811
62560.2393 lsst_hardware_g 0.2476244853012269 15.430000305175781 31.440000534057617 AB 5.78520553948434 1.0947325786298523
62560.2565 lsst_hardware_r -13.518255449648915 24.690000534057617 31.5 AB 6.036799045823528 1.1045282308706483
62562.2386 lsst_hardware_i -6.264849151123986 32.18000030517578 31.239999771118164 AB 3.7088633134400015 1.0962157576669955
62562.257 lsst_hardware_z 11.446372224476981 43.11000061035156 30.940000534057617 AB 3.876082249923289 1.1108374808721693
62564.2375 lsst_hardware_r 7.341561385064609 24.700000762939453 31.5 AB 6.1510038384796095 1.0983935425856446
62564.2555 lsst_hardware_u -0.42839926384098165 2.7699999809265137 28.399999618530273 AB 6.41590400325713 1.1158902534833763
62565.229 lsst_hardware_g -28.864965456296158 15.470000267028809 31.440000534057617 AB 11.88400890447164 1.095679050775304
62565.2466 lsst_hardware_i 32.122713169386 32.130001068115234 31.239999771118164 AB 12.057953306885564 1.108318700940812
62567.2346 lsst_hardware_z -29.46733258035566 42.7599983215332 30.940000534057617 AB 10.67539038781221 1.1020990274503488
62567.2521 lsst_hardware_r 23.52946877532382 24.719999313354492 31.489999771118164 AB 10.878814053288682 1.1229453746523892
62569.2333 lsst_hardware_u -1.4324160934819248 2.680000066757202 28.329999923706055 AB 9.742295658932415 1.1058433559771246
62569.25 lsst_hardware_g -29.15706389144335 15.539999961853027 31.43000030517578 AB 8.915356144752659 1.1285260942724884
62573.1995 lsst_hardware_g 7.633529930634073 15.640000343322754 31.440000534057617 AB 15.134784365185126 1.0941862612192832
62573.2187 lsst_hardware_r -15.507968215463421 24.799999237060547 31.5 AB 15.464308945210254 1.1024935084513015
62576.1999 lsst_hardware_i -71.32511456512407 59.58000183105469 31.309999465942383 AB 8.611539607580227 1.0960224350741128
62576.2189 lsst_hardware_z -95.46668489101215 58.119998931884766 30.969999313354492 AB 9.212266517508692 1.110982455078217
62577.2038 lsst_hardware_r 36.76196933795845 91.5999984741211 31.639999389648438 AB 9.434579915850891 1.0995159563185786
62577.2229 lsst_hardware_z -18.05798175202794 68.9000015258789 30.979999542236328 AB 9.23852148985125 1.1200244274536173
62579.2008 lsst_hardware_z 96.28098054141341 113.12999725341797 31.0 AB 6.847656027820416 1.1012781925061084
62579.2203 lsst_hardware_i 231.80313434470153 134.99000549316406 31.329999923706055 AB 7.559101092393889 1.1244897307291293
62581.1526 lsst_hardware_z -44.57100487242856 84.69000244140625 30.989999771118164 AB 5.746418541174756 1.106144088772784
62581.1715 lsst_hardware_r 146.32098456232256 124.27999877929688 31.639999389648438 AB 5.802033271727361 1.0947232588164832
62583.2015 lsst_hardware_y -77.68347471837983 72.73999786376953 30.780000686645508 AB 7.623835180390408 1.1130905106968638
62585.1344 lsst_hardware_r -18.67319890893934 32.2599983215332 31.549999237060547 AB 9.549805201512717 1.1145897760869385
62585.1524 lsst_hardware_i -81.06411270313774 37.54999923706055 31.260000228881836 AB 9.370605650966889 1.0978391015133138
62589.9872 lsst_hardware_z 141.21803348951954 69.83999633789062 30.850000381469727 AB 13.646099636927985 2.0386583791038273
62595.1478 lsst_hardware_z -80.67476475941456 42.63999938964844 30.940000534057617 AB 6.369112874526328 1.0959341902567565
62595.167 lsst_hardware_r -11.791068339901768 24.510000228881836 31.5 AB 5.152600269255357 1.1109530550356528
62597.139 lsst_hardware_u -3.0399450098230236 2.7799999713897705 28.440000534057617 AB 12.702384994093977 1.0948916083345952
62597.157 lsst_hardware_g -8.865526474449307 15.140000343322754 31.440000534057617 AB 12.867068042295202 1.1059883137609914
62599.1425 lsst_hardware_r 24.079344033475994 24.399999618530273 31.5 AB 8.132773649923957 1.098726513094293
62599.1593 lsst_hardware_i 24.455514303114352 32.27000045776367 31.25 AB 8.352092587921668 1.1150247096884944
62601.1315 lsst_hardware_z -87.70873210169809 43.18000030517578 30.940000534057617 AB 5.317348615701995 1.0959650879995868
62601.1484 lsst_hardware_r -21.87376791034975 24.360000610351562 31.489999771118164 AB 5.394380110237549 1.1084152895130321
62603.1295 lsst_hardware_z -80.17949675832365 47.790000915527344 30.959999084472656 AB 6.9145100129232375 1.0975412718925774
62603.1456 lsst_hardware_r -15.3981246710232 42.56999969482422 31.600000381469727 AB 7.002359002552348 1.1114855559606902
62607.0776 lsst_hardware_r 13.523969643251402 136.2899932861328 31.649999618530273 AB 18.439955160770353 1.1105061825215683
62607.0954 lsst_hardware_z 75.04719058190834 95.20999908447266 31.0 AB 17.50277557035967 1.0963445674004888
62609.1225 lsst_hardware_y -55.879952222352586 63.36000061035156 30.040000915527344 AB 12.478880981056925 1.104325750536011
62609.14 lsst_hardware_r -193.39648981899742 125.38999938964844 31.639999389648438 AB 13.192419678938313 1.1271718796085368
62615.0614 lsst_hardware_r 36.110378262533004 34.2599983215332 32.25 AB 10.181830229621474 1.1045595822978382
62615.0704 lsst_hardware_g -2.1515770553668436 21.299999237060547 32.18000030517578 AB 10.157076357554788 1.097884273637225
62617.1176 lsst_hardware_r 25.693668672423637 24.31999969482422 31.5 AB 11.037071277334963 1.1262317629933636
62617.1371 lsst_hardware_i -16.28930539618544 32.45000076293945 31.239999771118164 AB 10.27341793900514 1.1683189468163542
62619.0888 lsst_hardware_i -0.1305644102898391 31.959999084472656 31.239999771118164 AB 2.551110984314438 1.0993009125169944
62619.1066 lsst_hardware_z -1.333001416843062 42.970001220703125 30.940000534057617 AB 2.5873743732648427 1.1176563167450724
62626.0754 lsst_hardware_i -7.070891024836888 31.90999984741211 31.25 AB 9.951583126857038 1.10370799388421
62626.0929 lsst_hardware_z -67.29341999624202 42.869998931884766 30.940000534057617 AB 10.434100941453835 1.1260226203950323
62628.0759 lsst_hardware_r -6.134255414261167 24.010000228881836 31.489999771118164 AB 7.024406154976124 1.1097884753892289
62628.0947 lsst_hardware_g -27.501045930809937 15.010000228881836 31.420000076293945 AB 7.624370875379664 1.1394113241245853
62629.0732 lsst_hardware_r -0.028714684639243458 24.889999389648438 31.5 AB 11.382350772466621 1.1098235932592035
62630.0058 lsst_hardware_z -77.41230242082175 43.58000183105469 30.940000534057617 AB 10.21395034997771 1.122895423852139
62632.0453 lsst_hardware_r -17.795679398222553 45.08000183105469 31.610000610351562 AB 8.467122376733696 1.0954176973835499
62632.0639 lsst_hardware_z 29.985972725779572 49.0 30.959999084472656 AB 8.572983472696329 1.1085754490555597
62634.9998 lsst_hardware_y -65.49807812215039 61.66999816894531 30.030000686645508 AB 8.02438230499825 1.1121291192365679
62635.0185 lsst_hardware_r 123.93311881309512 105.66000366210938 31.639999389648438 AB 6.4562307591157895 1.0965376214989875
62638.0068 lsst_hardware_i 49.9118475069804 75.08999633789062 31.31999969482422 AB 9.949041407824499 1.0983403425412746
62638.0263 lsst_hardware_z -93.81215472897492 66.47000122070312 30.979999542236328 AB 9.96962129448118 1.094720686777334
62639.983 lsst_hardware_r 22.270166134672838 49.209999084472656 31.610000610351562 AB 10.777366487609338 1.1162375419797177
62639.9941 lsst_hardware_g -8.08883889992381 49.709999084472656 31.690000534057617 AB 10.647781391594956 1.1036829636273602
62642.9958 lsst_hardware_r -22.65427649134613 24.690000534057617 31.510000228881836 AB 6.187784349494515 1.096930393457755
62643.0148 lsst_hardware_i 1.6483349117344033 32.08000183105469 31.25 AB 5.040999381884787 1.0952741731417246
62644.9939 lsst_hardware_z 67.29658847861103 42.72999954223633 30.950000762939453 AB 8.645646298676796 1.0954949694218226
62645.013 lsst_hardware_i -16.290343075744705 32.220001220703125 31.25 AB 8.15224198003192 1.096652696153613
62650.963 lsst_hardware_y 50.698039592430476 49.29999923706055 30.030000686645508 AB 10.559959236047401 1.1046560213450227
62650.9832 lsst_hardware_r 42.10256520043064 24.850000381469727 31.510000228881836 AB 10.40881439578373 1.0942824217603102
62652.9675 lsst_hardware_z 88.97781132038716 62.7599983215332 31.700000762939453 AB 7.571508749524997 1.0974261401379521
62655.9631 lsst_hardware_y -67.23788070240231 49.38999938964844 30.020000457763672 AB 11.834211290215055 1.095760304649542
62655.9837 lsst_hardware_g -5.712458687908461 16.110000610351562 31.459999084472656 AB 11.847578066575865 1.0969979691273948
62657.9555 lsst_hardware_y -128.31794674806406 56.27000045776367 30.030000686645508 AB 5.452065846460772 1.0966273911754365
62657.9754 lsst_hardware_i -18.668372315406394 33.02000045776367 31.239999771118164 AB 4.711920375949595 1.0957954362673477
