data/validation/pwv_sim_epoch_fit_epoch/33899138.ecsv
# %ECSV 0.9
# ---
# datatype:
# - {name: time, datatype: float64}
# - {name: band, datatype: string}
# - {name: flux, datatype: float64}
# - {name: fluxerr, datatype: float64}
# - {name: zp, datatype: float64}
# - {name: zpsys, datatype: string}
# - {name: pwv, datatype: float64}
# - {name: airmass, datatype: float64}
# meta: {SNID: '33899138', alt: 1024.0, c: 0.1963704228401184, dec: -31.914005, lat: -30.244573, lon: -70.7499537, ra: 214.101562, t0: 60321.91796875,
#   x0: 8.34705507136533e-05, x1: -0.3205268085002899, z: 0.1831800937652588}
# schema: astropy-2.0
time band flux fluxerr zp zpsys pwv airmass
60336.3116 lsst_hardware_z 6159.673111750727 97.2023752121112 30.950000762939453 AB 15.471491409978661 1.3035576652793344
60336.3302 lsst_hardware_r 18349.340776095178 155.8450221726856 31.610000610351562 AB 14.360459303431233 1.2102530525126751
60340.3132 lsst_hardware_r 14631.685453332037 138.922442436782 31.600000381469727 AB 13.296223443184184 1.238009631581395
60340.3317 lsst_hardware_z 6176.881780724194 96.04695868892561 30.969999313354492 AB 12.508406558541632 1.1607114145169242
60346.3109 lsst_hardware_g 3063.2801399503674 56.833891168957166 31.43000030517578 AB 4.003135357387528 1.1773061855415528
60346.3286 lsst_hardware_r 10250.00779356022 104.58060255837273 31.5 AB 3.588784515800314 1.1170444372579391
60350.3274 lsst_hardware_r 8667.229168770924 96.32803646461862 31.510000228881836 AB 3.185595577861972 1.0903972541030196
60350.3498 lsst_hardware_u 11.545430876542722 4.218094522364731 28.489999771118164 AB 3.5707286488430294 1.0437166606449153
60352.3031 lsst_hardware_g 1896.154041574538 46.263263393801154 31.43000030517578 AB 7.014395368463737 1.1460650067610436
60352.322 lsst_hardware_i 8972.397030466744 99.71934740129898 31.25 AB 6.668667015433776 1.0902452886267755
60354.2998 lsst_hardware_z 6364.65441648433 89.69931246598479 30.940000534057617 AB 3.0398839245365363 1.1388176540471981
60354.3196 lsst_hardware_r 6999.566669645256 87.93130295286595 31.5 AB 2.815772978876099 1.082711988801414
60356.3196 lsst_hardware_g 1618.8490055871564 42.125828987844066 31.459999084472656 AB 5.390081163443071 1.0702214531051293
60356.3412 lsst_hardware_r 6634.7675141828195 84.70546945953673 31.520000457763672 AB 3.751541055034313 1.0318006156267736
60359.3181 lsst_hardware_i 12971.111313949661 121.98392912349081 32.0099983215332 AB 2.764964275789978 1.0565060120834178
60359.3385 lsst_hardware_z 10808.967922208014 118.69151418871813 31.709999084472656 AB 3.21815307075543 1.0246175868682716
60363.2711 lsst_hardware_i 11027.873056845 135.01992153857614 32.04999923706055 AB 12.331814821614348 1.1528831694118964
60363.2985 lsst_hardware_z 9086.990185602484 122.8915432965773 31.719999313354492 AB 11.847846736908846 1.0746346246629188
60365.3035 lsst_hardware_i 5237.479590695628 100.14064709669915 31.329999923706055 AB 9.478255736255154 1.0531395262505727
60365.3237 lsst_hardware_z 4338.760384204081 89.61752328198838 30.989999771118164 AB 9.204592402484353 1.022732489164928
60367.2286 lsst_hardware_z 4009.989212848535 93.64104005878988 30.950000762939453 AB 7.623636944951414 1.2943173319480052
60367.2496 lsst_hardware_r 4255.937996149224 116.64694597249942 31.6200008392334 AB 6.931783547563526 1.193163631510612
60369.2231 lsst_hardware_i 4354.183932218691 103.08074255771277 31.290000915527344 AB 4.592380954636158 1.2945400858734766
60369.2435 lsst_hardware_r 4116.760818060945 112.58897816861769 31.6200008392334 AB 4.214427233225263 1.1958083514306053
60372.2188 lsst_hardware_z 3152.5414911173275 74.4293878686807 30.93000030517578 AB 7.107972859930845 1.2733738552366376
60372.2388 lsst_hardware_g 1061.6240784060494 52.98001468602334 31.6299991607666 AB 6.592987465692752 1.1816801527708471
60375.2251 lsst_hardware_r 3233.104503425473 60.75339497696362 31.459999084472656 AB 11.66023631199192 1.2043210402800992
60375.2468 lsst_hardware_i 3530.0624545227047 65.90800580701662 31.239999771118164 AB 10.895437929871694 1.1249903643849972
60381.2237 lsst_hardware_r 22.152642184309308 23.739999771118164 31.479999542236328 AB 16.061907249901687 1.146842197013197
60381.2477 lsst_hardware_z 17.02728618577038 41.939998626708984 30.940000534057617 AB 14.928394516317962 1.078433431635408
60382.1954 lsst_hardware_g -0.581035602091351 14.460000038146973 31.350000381469727 AB 13.972662238920723 1.2533221723927634
60382.2152 lsst_hardware_r 7.017927135021277 23.760000228881836 31.479999542236328 AB 13.116873701144312 1.1674750184592333
60386.2632 lsst_hardware_i 12.073492478539206 30.6200008392334 31.25 AB 6.515446539977322 1.0265934674334016
60386.2828 lsst_hardware_z 49.70158415675437 40.689998626708984 30.950000762939453 AB 6.345361928044766 1.0077868486491766
60388.1586 lsst_hardware_r 15.106854230556577 42.5099983215332 31.530000686645508 AB 6.3338247846475015 1.3722200692515456
60388.1761 lsst_hardware_i -43.92935509777898 40.22999954223633 31.25 AB 6.708342313128018 1.2682175306425245
60390.1818 lsst_hardware_z 74.71961091934881 51.0099983215332 30.940000534057617 AB 5.803984792228915 1.214540369809837
60390.1997 lsst_hardware_r 5.336404331769785 53.61000061035156 31.610000610351562 AB 5.399136757717353 1.1448955838947952
60393.1896 lsst_hardware_z -14.722690036431818 95.88999938964844 31.729999542236328 AB 7.989753556647075 1.1514687165047341
60398.1626 lsst_hardware_z 78.60764994007226 108.87000274658203 31.719999313354492 AB 7.665943977736397 1.2030671653697853
60398.1812 lsst_hardware_r 23.84366203813695 142.35000610351562 32.38999938964844 AB 7.686985095952969 1.1338432936074732
60400.1798 lsst_hardware_z 45.28856072038959 51.529998779296875 30.959999084472656 AB 5.949427128981189 1.121158414959286
60400.1964 lsst_hardware_r 91.30933220986797 54.029998779296875 31.6200008392334 AB 5.652665467732623 1.0771085113819308
60402.1559 lsst_hardware_r 8.88500145278743 23.760000228881836 31.459999084472656 AB 7.391544201059803 1.1856348720471273
60402.1734 lsst_hardware_u 0.42599336084394746 3.140000104904175 28.440000534057617 AB 7.169017862608184 1.12402286964694
60414.1651 lsst_hardware_r -12.266644007164537 23.979999542236328 31.520000457763672 AB 11.218159664565912 1.0621245658555114
60414.1818 lsst_hardware_u 2.9287472303520103 2.930000066757202 28.59000015258789 AB 10.229592516275398 1.0332921733611513
60416.1667 lsst_hardware_g -30.992044076056313 19.790000915527344 31.559999465942383 AB 14.31604973342662 1.0487180231064845
60416.186 lsst_hardware_r 8.986461264171135 23.700000762939453 31.520000457763672 AB 13.961848544030222 1.0209761275342104
60419.1638 lsst_hardware_i 15.527205430056028 46.66999816894531 31.309999465942383 AB 6.7448254089666975 1.039851802605483
60419.1829 lsst_hardware_z 81.82134371329444 48.63999938964844 30.969999313354492 AB 3.2727374554313644 1.0156946533175497
60421.1626 lsst_hardware_r 59.96278590773316 80.91999816894531 31.65999984741211 AB 10.48506496804254 1.0334185854565878
60421.183 lsst_hardware_z 45.292052875031295 60.220001220703125 30.989999771118164 AB 9.361978438770903 1.0108490459181454
60427.0604 lsst_hardware_i 0.4070124692364319 75.77999877929688 31.280000686645508 AB 2.156775803800258 1.3196670225169842
60427.0789 lsst_hardware_z 122.50518411068175 67.76000213623047 30.959999084472656 AB 2.02444554901706 1.2229836180127225
60428.0392 lsst_hardware_u 4.508670780119377 4.75 28.549999237060547 AB 12.33080434521182 1.4465135016965007
60428.0566 lsst_hardware_g -48.648476689444536 42.130001068115234 31.579999923706055 AB 11.261899346149626 1.326099422566927
60431.0636 lsst_hardware_i 28.28855822345518 33.060001373291016 31.229999542236328 AB 10.445941437180073 1.2435644568071516
60431.0822 lsst_hardware_r -20.288884533804893 24.40999984741211 31.5 AB 9.78242063348139 1.1645738849382608
60434.0588 lsst_hardware_u -0.32705426603368765 2.819999933242798 28.43000030517578 AB 11.059871218078769 1.2275106790320498
60434.0791 lsst_hardware_g 6.244357452659398 15.15999984741211 31.440000534057617 AB 10.32777715849648 1.146490461451255
60444.0565 lsst_hardware_z 35.64637005168289 43.33000183105469 30.940000534057617 AB 7.351382412165347 1.1309819095638995
60444.0776 lsst_hardware_g 2.6884659442136356 18.649999618530273 31.510000228881836 AB 6.9814983960474875 1.074076676314998
60446.0709 lsst_hardware_z 28.18809675582456 63.2400016784668 31.700000762939453 AB 9.538574534545608 1.0768924114643645
60446.0922 lsst_hardware_r 25.81403904142741 49.529998779296875 32.34000015258789 AB 8.821767349137897 1.0365745078594555
60455.0637 lsst_hardware_i 179.52065773967897 78.33999633789062 31.34000015258789 AB 5.443341296212167 1.0427690419141777
60457.0261 lsst_hardware_u -2.9972860177914082 3.680000066757202 28.639999389648438 AB 7.912430036373613 1.115408639488767
60458.9703 lsst_hardware_y 9.198195128713548 50.54999923706055 29.950000762939453 AB 12.62037123583086 1.3362667410482763
60458.9933 lsst_hardware_g 0.2828508816434262 14.510000228881836 31.3799991607666 AB 11.635612323520498 1.2150172112484598
60460.9662 lsst_hardware_y -59.43570965510081 51.25 29.950000762939453 AB 9.110927938168292 1.3278977731923567
60460.9854 lsst_hardware_i -12.36895589906627 32.599998474121094 31.229999542236328 AB 8.417508361965032 1.2260292802784432
60464.9643 lsst_hardware_y -88.35935238137624 51.869998931884766 29.959999084472656 AB 14.973443588712822 1.2764630630096534
60464.9823 lsst_hardware_r 11.72970365176671 24.1200008392334 31.469999313354492 AB 13.912365356231902 1.1920627224190132
60466.9668 lsst_hardware_y 10.908169758730262 50.33000183105469 29.979999542236328 AB 5.411661339098473 1.2363859582128638
60466.9882 lsst_hardware_z -4.200950660662673 43.11000061035156 30.940000534057617 AB 5.010624208535258 1.1492257359024185
60482.9618 lsst_hardware_y -5.002831676654617 60.4900016784668 30.049999237060547 AB 9.551212318803463 1.0967794358491385
60482.9823 lsst_hardware_z -31.25702231379959 67.97000122070312 30.989999771118164 AB 8.940801563801372 1.0513436429751737
60483.9623 lsst_hardware_y 30.24462787810233 55.06999969482422 30.040000915527344 AB 4.994367315153611 1.0884926949117932
60483.983 lsst_hardware_r 10.443017132881318 73.5199966430664 31.649999618530273 AB 4.950384096065581 1.0453036979198835
60487.9616 lsst_hardware_z -31.494974660715545 43.720001220703125 30.950000762939453 AB 6.768566355646563 1.0651052514852049
60487.981 lsst_hardware_g -6.748568453854912 14.279999732971191 31.43000030517578 AB 6.5864504598760245 1.0315236553276121
60491.9609 lsst_hardware_y 46.40292558186295 51.65999984741211 30.049999237060547 AB 9.725371136894191 1.0457388319241065
60491.98 lsst_hardware_r 11.034818481020151 23.270000457763672 31.510000228881836 AB 9.479688787024653 1.0193213749488874
