data/validation/pwv_sim_epoch_fit_epoch/33949315.ecsv
# %ECSV 0.9
# ---
# datatype:
# - {name: time, datatype: float64}
# - {name: band, datatype: string}
# - {name: flux, datatype: float64}
# - {name: fluxerr, datatype: float64}
# - {name: zp, datatype: float64}
# - {name: zpsys, datatype: string}
# - {name: pwv, datatype: float64}
# - {name: airmass, datatype: float64}
# meta: {SNID: '33949315', alt: 1024.0, c: 0.01575358211994171, dec: -28.630989, lat: -30.244573, lon: -70.7499537, ra: 65.566406, t0: 60981.55859375,
#   x0: 5.287914079053117e-06, x1: 1.235756278038025, z: 0.5993595719337463}
# schema: astropy-2.0
time band flux fluxerr zp zpsys pwv airmass
[from data line 132]
61330.2172 lsst_hardware_g -7.899111987831272 13.149999618530273 31.360000610351562 AB 5.924262430042198 1.136985400641435
61332.1983 lsst_hardware_r -56.75181459089483 32.130001068115234 31.549999237060547 AB 3.0806791963479623 1.186816602657406
61332.2174 lsst_hardware_i -10.111682276196452 34.13999938964844 31.260000228881836 AB 2.5744556090335613 1.1189231187401893
61334.1918 lsst_hardware_i 14.400180638560101 41.7599983215332 31.280000686645508 AB 3.0266206336248787 1.1911139841105387
61334.212 lsst_hardware_z 69.21880733440271 46.36000061035156 30.959999084472656 AB 2.039088639866148 1.1187391952449046
61340.183 lsst_hardware_z 81.03330062909566 67.12000274658203 30.979999542236328 AB 2.8659364734051476 1.1612776525700412
61340.1996 lsst_hardware_i 1.4746629839789775 73.93000030517578 31.31999969482422 AB 2.6959930879921328 1.1069945955827405
61342.1899 lsst_hardware_z -14.05804082731083 53.900001525878906 30.969999313354492 AB 2.3112645252975113 1.119527500749245
61342.2084 lsst_hardware_r -21.348758874478943 62.029998779296875 31.649999618530273 AB 3.4882262043037224 1.0708292261868
61345.2071 lsst_hardware_r 41.98973471390575 31.25 32.25 AB 4.674761935424625 1.0564035860249237
61345.2263 lsst_hardware_i -1.0125986084000824 46.310001373291016 32.029998779296875 AB 5.035940023736455 1.0255800740757153
61355.1304 lsst_hardware_z -61.05424950747996 43.54999923706055 30.93000030517578 AB 3.3002192399416854 1.2085763818153148
61355.1476 lsst_hardware_r -42.04393854427975 22.43000030517578 31.459999084472656 AB 3.0836166877252853 1.141516542840061
61358.1111 lsst_hardware_i 70.24522220742173 32.290000915527344 31.219999313354492 AB 3.565124847417079 1.2621027869429433
61358.1289 lsst_hardware_u -2.343855362336113 2.5999999046325684 28.309999465942383 AB 5.8692774201226205 1.1803869585284057
61360.1154 lsst_hardware_g 3.3421334213039193 19.329999923706055 31.459999084472656 AB 7.025498900384766 1.214608655879804
61360.134 lsst_hardware_r -24.678106661780422 25.600000381469727 31.489999771118164 AB 6.723923492471388 1.1413407158873565
61362.1176 lsst_hardware_i 9.963375442584773 36.41999816894531 31.25 AB 6.510340603931921 1.181907522650273
61362.1346 lsst_hardware_r 30.672780916330478 33.439998626708984 31.559999465942383 AB 5.296772817008266 1.1216629397021052
61363.0972 lsst_hardware_z 68.36647317485533 47.720001220703125 30.93000030517578 AB 5.67078836634373 1.2634038913542027
61363.115 lsst_hardware_r -13.83937545703218 40.630001068115234 31.56999969482422 AB 5.312680286906234 1.1813832081179085
61365.1019 lsst_hardware_i 16.217665586512876 51.15999984741211 31.280000686645508 AB 4.0860677502524405 1.2139238711383502
61365.1193 lsst_hardware_z 70.90834846955008 51.75 30.959999084472656 AB 3.784594800318161 1.1449386780572262
61367.0989 lsst_hardware_r -75.25761259079508 87.54000091552734 31.610000610351562 AB 8.202263592201533 1.2030307410093182
61367.1165 lsst_hardware_z 150.2297893461691 62.91999816894531 30.969999313354492 AB 7.776795200537897 1.1359204236681244
61369.1064 lsst_hardware_g 37.12277780226768 99.98999786376953 31.68000030517578 AB 5.967945168727532 1.1518905942342272
61369.1236 lsst_hardware_i 91.08037467171431 74.33999633789062 31.31999969482422 AB 5.609640346050406 1.0981530555572663
61371.1047 lsst_hardware_z 39.149855971734944 49.209999084472656 30.959999084472656 AB 4.331638980683477 1.1388560485561925
61371.1228 lsst_hardware_r -7.343254289066018 47.560001373291016 31.6200008392334 AB 4.15609095881406 1.0860155370025635
61373.1249 lsst_hardware_r -1.88759478959755 22.200000762939453 31.489999771118164 AB 5.3537567497424225 1.0683120374629442
61373.1419 lsst_hardware_u 4.599693123303668 2.7300000190734863 28.5 AB 5.277027777340882 1.0367441605777343
61375.1242 lsst_hardware_g 6.007755648280806 13.25 31.399999618530273 AB 9.392074165049827 1.0583612543956984
61375.1414 lsst_hardware_r -22.979115852673996 21.940000534057617 31.5 AB 8.328150235672267 1.0295224454845098
61378.0245 lsst_hardware_y -64.24104157829066 81.5999984741211 29.920000076293945 AB 6.4475865802098875 1.4774488038975642
61378.0457 lsst_hardware_r -12.365319693927868 23.350000381469727 31.440000534057617 AB 4.592953831744691 1.3233635704219413
61380.0262 lsst_hardware_y -160.2324745646658 81.02999877929688 29.940000534057617 AB 4.599870410484619 1.4196400629035397
61380.0472 lsst_hardware_z -13.046074578124786 44.61000061035156 30.920000076293945 AB 4.040368157582591 1.282724426980028
61382.0283 lsst_hardware_y 4.740483840864486 73.66000366210938 29.959999084472656 AB 5.137796452097124 1.3652249208403882
61382.0495 lsst_hardware_u 1.5546917578466302 2.6600000858306885 28.290000915527344 AB 3.7711515542365697 1.2421447807105865
61384.0294 lsst_hardware_y -57.381749765291374 74.66999816894531 29.979999542236328 AB 9.597307125771492 1.3228541868739159
61384.0496 lsst_hardware_r -60.287412609799226 23.049999237060547 31.479999542236328 AB 9.020966569008818 1.215831963026965
61393.0381 lsst_hardware_y -59.65353302437092 61.9900016784668 30.020000457763672 AB 4.298181322975426 1.1619846777441
61393.0596 lsst_hardware_r -18.836034230470393 45.0099983215332 31.610000610351562 AB 4.505886632651591 1.094060126903385
61395.0385 lsst_hardware_y -121.8959284097907 92.36000061035156 30.790000915527344 AB 5.135035335992731 1.1411189635539403
61395.0594 lsst_hardware_z -48.807836208204684 76.58000183105469 31.729999542236328 AB 4.8231721434293595 1.0807825239235196
61406.0449 lsst_hardware_y -59.29203041855926 53.689998626708984 30.059999465942383 AB 7.22443862317461 1.0482361962210667
61406.0679 lsst_hardware_u -0.15844048250580528 2.680000066757202 28.479999542236328 AB 7.005721222149296 1.016348575611784
