data/validation/pwv_sim_epoch_fit_epoch/34003961.ecsv
# %ECSV 0.9
# ---
# datatype:
# - {name: time, datatype: float64}
# - {name: band, datatype: string}
# - {name: flux, datatype: float64}
# - {name: fluxerr, datatype: float64}
# - {name: zp, datatype: float64}
# - {name: zpsys, datatype: string}
# - {name: pwv, datatype: float64}
# - {name: airmass, datatype: float64}
# meta: {SNID: '34003961', alt: 1024.0, c: 0.14954674243927002, dec: -22.508005, lat: -30.244573, lon: -70.7499537, ra: 149.0625, t0: 60774.03125,
#   x0: 4.7510361604234925e-06, x1: 1.007599949836731, z: 0.6263879537582397}
# schema: astropy-2.0
time band flux fluxerr zp zpsys pwv airmass
60647.2246 lsst_hardware_u 1.4055183676503362 2.009999990463257 27.6299991607666 AB 8.567730927726949 1.9645126804760877
60647.2442 lsst_hardware_r 19.301492065517383 24.860000610351562 31.3700008392334 AB 7.24388103884262 1.6754668761056135
60665.3301 lsst_hardware_z 25.016868399928793 48.790000915527344 30.979999542236328 AB 6.171408593725831 1.0237338004521699
60665.3482 lsst_hardware_y 12.030502471389342 54.40999984741211 30.06999969482422 AB 6.617666317360049 1.0112570778361294
60668.3285 lsst_hardware_r -13.581311117876515 39.5099983215332 32.310001373291016 AB 6.808709298047335 1.0179218047064513
60668.3491 lsst_hardware_y 64.47038018680439 74.94000244140625 30.81999969482422 AB 6.48164233814906 1.00905150434328
60669.2507 lsst_hardware_i -44.59110926158903 32.08000183105469 31.229999542236328 AB 9.500324506259535 1.1875405632824418
60669.2718 lsst_hardware_z -38.82116642655823 42.369998931884766 30.940000534057617 AB 8.909740607032898 1.1137175758791122
60672.3324 lsst_hardware_g -21.30252425742442 14.050000190734863 31.459999084472656 AB 7.048608963809642 1.0101429236118926
60672.3561 lsst_hardware_y -2.6664136013700115 61.38999938964844 30.079999923706055 AB 6.890030753141987 1.0125201332105411
60674.3155 lsst_hardware_i 2.3032458257996207 29.93000030517578 31.25 AB 5.108429054210389 1.0155081363458687
60674.3356 lsst_hardware_y -5.8289097106550685 46.650001525878906 30.059999465942383 AB 5.904636521813686 1.008908418934383
60675.2526 lsst_hardware_z -5.123513370803508 42.099998474121094 30.940000534057617 AB 7.887183617435052 1.1221616962835645
60675.275 lsst_hardware_r -2.335591654233372 22.440000534057617 31.489999771118164 AB 7.484587579896857 1.0654217195582714
60676.3208 lsst_hardware_i -46.23813647155599 29.969999313354492 31.260000228881836 AB 7.180380568753139 1.0103414602534218
60676.3415 lsst_hardware_y -54.86234061439889 46.97999954223633 30.059999465942383 AB 7.2235225260302345 1.0109580210602513
60680.3004 lsst_hardware_r 11.966432668680724 22.170000076293945 31.489999771118164 AB 10.264121003534424 1.0146924030976645
60680.3228 lsst_hardware_i 37.82714532419563 29.8799991607666 31.25 AB 10.281169753121219 1.009103778289517
60686.2871 lsst_hardware_i 91.102812990094 40.619998931884766 31.299999237060547 AB 6.205186840711053 1.0129539122368745
60686.3092 lsst_hardware_z 59.06610256887622 40.529998779296875 30.950000762939453 AB 7.470599038606174 1.009540410622456
60688.2576 lsst_hardware_i -2.4431177579145116 66.94999694824219 31.34000015258789 AB 4.777714683070835 1.0350335101973214
60688.2763 lsst_hardware_z 61.75361911071279 60.439998626708984 30.989999771118164 AB 4.635739232699574 1.0161637949801785
60692.2423 lsst_hardware_r -122.8236607049106 82.2300033569336 31.649999618530273 AB 3.3465506581744062 1.0412416484674485
60692.2613 lsst_hardware_i -84.26905131976531 66.02999877929688 31.329999923706055 AB 2.1880011012419818 1.0192551713860163
60693.216 lsst_hardware_z 27.835065441636207 58.459999084472656 30.979999542236328 AB 7.226456041141928 1.087557345411146
60693.2344 lsst_hardware_r 116.36590692858137 70.54000091552734 31.649999618530273 AB 6.949050778840407 1.0494941772312334
60694.2533 lsst_hardware_z -32.943770203377156 73.20999908447266 31.719999313354492 AB 6.472673996065942 1.0214635448815268
60695.2454 lsst_hardware_z 7.745913831841873 47.09000015258789 30.959999084472656 AB 10.227074100736385 1.026642874425603
60695.2633 lsst_hardware_r -7.055372983067898 47.130001068115234 31.6299991607666 AB 11.966419976420816 1.012565946599794
60697.2419 lsst_hardware_i -26.02186654651445 33.93000030517578 31.270000457763672 AB 9.733411242181509 1.0245696044401589
60697.2622 lsst_hardware_z 19.833718271028708 42.27000045776367 30.950000762939453 AB 9.902140317566259 1.0107490839794755
60701.2196 lsst_hardware_g 23.82254491813053 19.540000915527344 32.20000076293945 AB 14.668281018483702 1.0384991340212895
60701.2401 lsst_hardware_r -4.105965988021498 31.690000534057617 32.2599983215332 AB 14.320636500191023 1.0166574258264252
60705.2209 lsst_hardware_u 3.2473076199527937 2.7899999618530273 28.540000915527344 AB 12.576381887057556 1.0237185093249943
60705.2387 lsst_hardware_g -27.168029846628365 13.859999656677246 31.450000762939453 AB 12.419900569330974 1.0113651015985743
60706.1131 lsst_hardware_r 36.105745555542555 23.8799991607666 31.43000030517578 AB 12.345897556433782 1.391047864165379
60706.1325 lsst_hardware_i 25.0501698220994 32.349998474121094 31.219999313354492 AB 11.544633513463529 1.268826954146783
60707.2064 lsst_hardware_r -22.300666524277744 22.549999237060547 31.510000228881836 AB 11.878081527139823 1.034135602223561
60707.2228 lsst_hardware_i -26.89587848753433 30.139999389648438 31.260000228881836 AB 12.681386233405078 1.017325499220249
60708.113 lsst_hardware_z -29.075865989167834 45.400001525878906 30.93000030517578 AB 8.076775844398984 1.3534605520567755
60708.1319 lsst_hardware_r -23.817921465535633 23.479999542236328 31.469999313354492 AB 8.938877406232582 1.243583389848722
60709.2014 lsst_hardware_z 15.232902912934671 41.029998779296875 30.959999084472656 AB 9.542966640683828 1.033534293214855
60709.2189 lsst_hardware_r 27.00212296177452 22.59000015258789 31.520000457763672 AB 9.200718117310128 1.016204784328485
60713.2059 lsst_hardware_r -15.045109951615851 30.059999465942383 31.579999923706055 AB 5.120630570064342 1.0177145125836073
60713.2225 lsst_hardware_z -25.611764606105005 40.7400016784668 30.959999084472656 AB 5.955452023572013 1.0096268123144234
60714.2033 lsst_hardware_r 40.675039534562195 41.209999084472656 31.6200008392334 AB 9.241643467362742 1.0176153570228748
60714.2209 lsst_hardware_y -27.405414088168623 47.709999084472656 30.059999465942383 AB 7.1604498800431955 1.0094026262615958
60715.1124 lsst_hardware_r 10.59745095204456 60.7599983215332 31.600000381469727 AB 7.4054800321775 1.2455255982806697
60715.1312 lsst_hardware_y 7.439951108595287 51.38999938964844 30.020000457763672 AB 6.516021355310525 1.1635752420197367
60716.1922 lsst_hardware_z 49.28631151647965 79.1500015258789 31.729999542236328 AB 3.2789058221897576 1.0224215223541577
60718.1866 lsst_hardware_i 211.5987195422553 85.87000274658203 31.34000015258789 AB 6.065106428686156 1.0225536296537385
60718.2031 lsst_hardware_z 99.78741284582976 73.08000183105469 31.0 AB 6.064723667929111 1.0114053590409324
60722.1758 lsst_hardware_z -57.22276474523958 82.01000213623047 31.729999542236328 AB 4.286910596400264 1.0224376347895847
60727.1639 lsst_hardware_r 23.490804829320492 24.889999389648438 31.540000915527344 AB 5.240245387086419 1.0208270234583932
60727.1812 lsst_hardware_y 9.099190645967289 46.810001373291016 30.059999465942383 AB 6.14096827206237 1.0104431545968524
60729.1631 lsst_hardware_g -11.546640790336578 14.100000381469727 31.440000534057617 AB 8.25819729130775 1.0170506839875304
60729.1805 lsst_hardware_r 29.408108620983423 22.6299991607666 31.5 AB 11.058622183423 1.0093053407444172
60730.1098 lsst_hardware_r 5.809243842302872 23.15999984741211 31.5 AB 8.588067537250508 1.1009166803440453
60730.13 lsst_hardware_i -34.01262852310981 30.670000076293945 31.260000228881836 AB 9.712827398925432 1.0554361850469538
60731.1516 lsst_hardware_i 25.147905225532206 30.440000534057617 31.25 AB 8.826548748529621 1.0220841935960192
60731.1687 lsst_hardware_z -34.85800970374554 40.79999923706055 30.950000762939453 AB 9.459840362347597 1.0109817370812768
60732.104 lsst_hardware_z 10.584368566718144 41.939998626708984 30.940000534057617 AB 6.300204274016127 1.1018356232338924
60732.1238 lsst_hardware_r -8.860913078532962 22.770000457763672 31.489999771118164 AB 6.033608384507792 1.0567973583327472
60740.1271 lsst_hardware_r -36.19316603413758 22.59000015258789 31.5 AB 7.819429186863117 1.0220140095233456
60740.1472 lsst_hardware_y -0.7271846454102513 46.54999923706055 30.059999465942383 AB 7.761551806793995 1.0100050065230186
60741.0037 lsst_hardware_y -26.87446895863101 82.0199966430664 29.90999984741211 AB 9.716782076919094 1.504553412599248
60741.0235 lsst_hardware_r -33.09430752817683 34.310001373291016 31.510000228881836 AB 8.686889563688277 1.3494197380486481
60744.1116 lsst_hardware_i 10.937957267258488 53.762416086529136 31.31999969482422 AB 11.482381603561896 1.0266487291951745
60744.1304 lsst_hardware_z 101.67437873284105 52.86995063683692 30.979999542236328 AB 10.660514069220136 1.0121381798740556
60751.9942 lsst_hardware_y -66.60694937460318 81.35477926499776 29.969999313354492 AB 8.982288803807048 1.3445533723235432
60752.011 lsst_hardware_r 266.3659369887723 28.788510390964678 31.469999313354492 AB 9.636204246287095 1.247405080425539
60753.1036 lsst_hardware_z 241.80275993745207 50.766666582675974 30.969999313354492 AB 8.301387602262087 1.0132395995234043
60753.1229 lsst_hardware_r 453.369054832557 53.66762927805836 31.649999618530273 AB 8.187451547605956 1.0090317199473136
60755.0865 lsst_hardware_r 537.1962534578417 32.594558229732165 31.520000457763672 AB 5.006237354549598 1.021681092765224
60755.1059 lsst_hardware_u -4.825500358523664 3.4874747087546027 28.700000762939453 AB 4.949475146627117 1.0100969686994117
60757.0833 lsst_hardware_g 96.05347003572254 17.429115772466286 31.450000762939453 AB 6.1080815823974834 1.019684747068387
60757.1027 lsst_hardware_r 681.1869949530718 34.98571426145087 31.510000228881836 AB 6.158251629990479 1.0095494475394229
60757.9904 lsst_hardware_y 205.4266385360151 72.69272831718612 29.989999771118164 AB 7.068733241023264 1.2694522432247706
60758.0084 lsst_hardware_u -5.226086526672791 3.1563666159225097 28.489999771118164 AB 5.535272096182436 1.1846489237415596
60763.0691 lsst_hardware_g 241.08800019829866 20.10366292995045 31.450000762939453 AB 6.850610301327575 1.01792129291643
60763.0871 lsst_hardware_i 1154.8219783800955 45.87781864655422 31.270000457763672 AB 6.951808018618349 1.0093979820124614
60766.9848 lsst_hardware_y 393.21549098396184 64.15968821670823 30.020000457763672 AB 9.089434191637316 1.1807015620226398
60767.0035 lsst_hardware_i 1390.4897202521338 48.42154619694484 31.25 AB 8.691607672148823 1.1158346035795306
60768.0512 lsst_hardware_u 9.104235431310164 2.9207771890780734 28.440000534057617 AB 6.31363130284543 1.0214992198107722
60768.0701 lsst_hardware_g 253.33213637845788 20.941559848980138 31.43000030517578 AB 6.236862300041581 1.0101817784323528
60770.0501 lsst_hardware_r 1576.7309661984586 50.26187748464233 31.56999969482422 AB 7.957419600483987 1.0178331543213048
60770.0698 lsst_hardware_i 1515.0412964611687 51.36174929801993 31.270000457763672 AB 7.892187399491973 1.0091235886404193
60770.9821 lsst_hardware_y 251.89906765984037 63.100971275926845 30.020000457763672 AB 9.642579314914201 1.149739686399849
60770.9991 lsst_hardware_g 298.8671810363248 41.38618720082976 31.670000076293945 AB 9.251966740264493 1.0975700504495514
60774.0441 lsst_hardware_z 1251.1638832391834 68.42370396177708 30.979999542236328 AB 7.796144464504883 1.0144625197794253
60774.0634 lsst_hardware_r 1609.2225183449077 87.40942649388325 31.65999984741211 AB 7.725000725654139 1.0089028178299304
60777.978 lsst_hardware_y 697.8059475521776 68.4928589574662 30.049999237060547 AB 8.569173914371696 1.1029129293984057
60777.9965 lsst_hardware_r 1518.1993252963575 103.54407413408603 31.65999984741211 AB 8.171281364490033 1.0600008256189437
60779.0397 lsst_hardware_r 1394.6567840888586 94.86663270077165 31.670000076293945 AB 5.0564929564428445 1.0102883029855834
60779.0578 lsst_hardware_z 1368.3409244986665 70.8522016909314 30.989999771118164 AB 5.914888718956513 1.010142382197338
60781.0355 lsst_hardware_g 146.4119261317791 53.95356545180073 31.729999542236328 AB 15.784026071325078 1.0099352840966218
60781.0526 lsst_hardware_r 1329.3997240003014 67.84169013447523 31.649999618530273 AB 16.774662261728594 1.010217540603966
60783.0177 lsst_hardware_r 1095.1289849995712 40.272925273730834 31.510000228881836 AB 10.867108164159916 1.0156175854355063
60783.0365 lsst_hardware_i 1398.3702019748853 46.50192665940377 31.260000228881836 AB 10.795588111125682 1.008933468329503
60785.017 lsst_hardware_z 1161.0353195306443 52.25032805270392 30.950000762939453 AB 7.019950741598645 1.0128337529358888
60785.037 lsst_hardware_r 1069.0597678902293 39.07526069403041 31.5 AB 6.995794481510573 1.009202896928819
60790.9975 lsst_hardware_u 2.4488631245591463 2.6489940636553633 28.43000030517578 AB 13.891507059292955 1.0145710677251647
60791.0155 lsst_hardware_r 793.6401517068831 35.73749694612772 31.5 AB 11.703261358637366 1.008901841261842
60792.9982 lsst_hardware_i 976.4020952210822 42.36613122530191 31.25 AB 1.053924723000009 1.011444071976976
60793.0161 lsst_hardware_z 928.545896010471 50.49279377095095 30.950000762939453 AB 1.5140259945145256 1.0093506630096838
60798.9738 lsst_hardware_y 178.4958176936626 50.6812801857424 30.049999237060547 AB 11.189583907966549 1.0157574353637027
60798.9914 lsst_hardware_g 56.50933348023606 27.091747043414045 31.6299991607666 AB 10.949057457062585 1.009036720768831
60800.9734 lsst_hardware_z 722.1384871561213 55.79543685841349 30.969999313354492 AB 6.80745571459172 1.012788174453875
60800.9913 lsst_hardware_i 685.2270508790014 52.3926588175253 31.309999465942383 AB 7.11198955863308 1.0089836695308445
60802.9733 lsst_hardware_y 188.85291381924458 53.953391312528126 30.059999465942383 AB 9.907780401998362 1.0105597472523054
60802.9927 lsst_hardware_r 374.47762617422563 73.08757607266932 31.65999984741211 AB 9.909299286713498 1.010268144741952
60806.955 lsst_hardware_y 308.0442098687241 118.89375179758048 30.84000015258789 AB 11.255983973612722 1.013869930968539
60806.9746 lsst_hardware_z 1276.9095931024358 91.29752819413194 31.739999771118164 AB 11.752716408783348 1.0089612026427435
60808.9545 lsst_hardware_y 428.3764004295231 77.5535324157738 30.079999923706055 AB 8.566965889287665 1.0114481569406926
60808.9778 lsst_hardware_z 616.0031534742348 57.46832710488678 30.979999542236328 AB 7.275014411141413 1.0107462248610308
60810.9533 lsst_hardware_y 210.15369317762006 71.35467007656216 30.079999923706055 AB 7.758554128448987 1.0100092161139926
60810.9744 lsst_hardware_r 206.86012891558218 26.692274971632813 31.510000228881836 AB 7.428670026043178 1.0115291429797355
61015.2388 lsst_hardware_z -30.08364136770752 93.94000244140625 31.649999618530273 AB 8.798015112106237 1.6503498615843628
61031.322 lsst_hardware_i 28.060440209816928 30.1299991607666 31.25 AB 6.247595313886711 1.0303895514931354
61031.3431 lsst_hardware_z 86.22996706713009 41.7599983215332 30.959999084472656 AB 6.588259060844711 1.012591689253183
61033.324 lsst_hardware_r 2.5673883309859526 22.290000915527344 31.5 AB 6.200466652501561 1.0223638988433144
61033.3448 lsst_hardware_y 23.180286745861576 48.58000183105469 30.059999465942383 AB 6.038473013387274 1.0099188315072618
61041.3256 lsst_hardware_r -18.773398007592895 22.15999984741211 31.5 AB 7.176949261097112 1.0093516182996887
61041.3456 lsst_hardware_y -63.8431914579206 47.81999969482422 30.059999465942383 AB 7.234836337921161 1.0123756576457306
61043.2549 lsst_hardware_r 1.8876676973560302 85.44999694824219 31.639999389648438 AB 4.793624174063837 1.0944763896793268
61043.2776 lsst_hardware_i 144.39223875722317 66.44999694824219 31.329999923706055 AB 4.566554666438955 1.046894696570141
61044.2989 lsst_hardware_i -6.580779556625318 71.41999816894531 31.34000015258789 AB 3.2484464446545864 1.0181089985336147
61044.3207 lsst_hardware_z 54.196121550334716 62.7599983215332 30.989999771118164 AB 3.270379297821402 1.008961116152222
61047.3076 lsst_hardware_r 12.407051690716669 71.12000274658203 31.65999984741211 AB 8.344590486399328 1.0096705436475755
61047.3274 lsst_hardware_z 37.93139510115518 58.029998779296875 30.989999771118164 AB 8.421014763118093 1.011563682166803
61048.2712 lsst_hardware_z 102.50058540568034 75.06999969482422 31.729999542236328 AB 9.220627859910142 1.0360256022370946
61050.2835 lsst_hardware_r 23.864251217835005 37.689998626708984 31.610000610351562 AB 6.749674901370991 1.017359997192099
