data/validation/pwv_sim_epoch_fit_epoch/34026435.ecsv
# %ECSV 0.9
# ---
# datatype:
# - {name: time, datatype: float64}
# - {name: band, datatype: string}
# - {name: flux, datatype: float64}
# - {name: fluxerr, datatype: float64}
# - {name: zp, datatype: float64}
# - {name: zpsys, datatype: string}
# - {name: pwv, datatype: float64}
# - {name: airmass, datatype: float64}
# meta: {SNID: '34026435', alt: 1024.0, c: -0.00037730648182332516, dec: -0.895283, lat: -30.244573, lon: -70.7499537, ra: 225.878906,
#   t0: 60755.53125, x0: 5.764868979342161e-06, x1: -1.341791033744812, z: 0.5786975026130676}
# schema: astropy-2.0
time band flux fluxerr zp zpsys pwv airmass
60729.3753 lsst_hardware_g -20.289170766656795 18.554978662386834 31.489999771118164 AB 11.234885947341777 1.15823566467441
60729.3932 lsst_hardware_z -102.73148443718884 52.14759216438755 30.959999084472656 AB 11.123225416283036 1.1467242697199007
60731.3792 lsst_hardware_i 18.408980272895633 32.80489722678521 31.239999771118164 AB 9.318059998339375 1.1503777775727624
60731.3983 lsst_hardware_y -109.10153349311238 71.5405599327247 30.030000686645508 AB 9.288774538682217 1.1467622887261997
60733.3754 lsst_hardware_r 30.94267171803312 25.0241210298835 31.489999771118164 AB 5.80392782852112 1.1494064419291257
60733.3935 lsst_hardware_y 63.65812076228834 54.27369669813634 30.020000457763672 AB 5.776517055643245 1.1469308161706036
60736.3759 lsst_hardware_g 44.79659447482763 16.613143457567514 31.43000030517578 AB 3.5133418476817546 1.1463714324763046
60736.3945 lsst_hardware_y 54.273513447586694 54.71701766643693 30.020000457763672 AB 3.5311721882928238 1.1513440457426878
60738.3807 lsst_hardware_z 362.4657705521037 46.35962693322421 30.940000534057617 AB 7.879195617957975 1.1471772314425588
60738.3978 lsst_hardware_y 216.5279024821891 58.54400784366285 30.010000228881836 AB 8.038407975346777 1.1591767794767929
60740.3762 lsst_hardware_u 36.66589498155103 5.801152583141156 28.3700008392334 AB 8.538035142845176 1.1474953992646422
60740.3937 lsst_hardware_y 170.7825047928963 52.18241701561127 30.010000228881836 AB 8.639120658331352 1.160717101270517
60742.3462 lsst_hardware_g 278.99533153703965 22.604366595616984 31.389999389648438 AB 9.402932906237368 1.1524261306170749
60742.3643 lsst_hardware_r 867.4040297057975 38.05741352188148 31.479999542236328 AB 9.336869068978098 1.1461554787759014
60749.2152 lsst_hardware_r 1940.3766210608792 133.9006685962676 31.5 AB 15.30061256950701 1.655104393910623
60749.2435 lsst_hardware_z 1021.1176467784347 89.01221526928187 30.940000534057617 AB 13.074417442923272 1.416973820626777
60753.3439 lsst_hardware_z 1481.6108584681126 79.2819453013942 30.979999542236328 AB 7.529579233538976 1.148852492148159
60753.363 lsst_hardware_r 2183.144391261493 101.42227502257168 31.6299991607666 AB 7.600297201018499 1.1668530284821617
60757.3112 lsst_hardware_g 448.800885687706 32.401069803241796 31.59000015258789 AB 7.078217425133227 1.1487193895431382
60757.3316 lsst_hardware_r 1881.410970139039 53.568959064839106 31.549999237060547 AB 7.101664413952763 1.1482076659584095
60761.3118 lsst_hardware_u 2.0812046237463067 2.7405579936059055 28.399999618530273 AB 7.963542779719072 1.1461220853767597
60761.3298 lsst_hardware_r 1584.3644119147675 46.63456397303381 31.489999771118164 AB 8.037622819499246 1.1540846894248196
60763.3143 lsst_hardware_i 1476.1497939024857 49.452420046907974 31.239999771118164 AB 8.564692587606489 1.1478256762483567
60763.3318 lsst_hardware_z 1170.1890861122317 55.215528314992845 30.940000534057617 AB 8.670314285298694 1.1617733197505793
60766.3137 lsst_hardware_r 1164.8201425031732 41.97006442045545 31.489999771118164 AB 5.876346276333669 1.1521306317458382
60766.3316 lsst_hardware_u -2.0807595078482235 2.794672635163101 28.350000381469727 AB 5.908924709617746 1.1729875354079893
60770.2834 lsst_hardware_r 839.0604132334344 37.95930167615767 31.479999542236328 AB 7.829368626307618 1.1463204430904272
60770.3029 lsst_hardware_i 1079.1349040350617 45.37122229140061 31.229999542236328 AB 7.944558808739041 1.1522202768294216
60774.2757 lsst_hardware_z 875.725760228854 59.778372767778855 30.959999084472656 AB 5.913924991095412 1.1461094943983356
60774.2931 lsst_hardware_r 871.0604300350005 56.88692797146154 31.600000381469727 AB 9.0013755262465 1.1530862367624364
60777.254 lsst_hardware_i 937.8554618775283 104.3045718463212 31.31999969482422 AB 6.794424327787485 1.1501353072852283
60777.2714 lsst_hardware_z 710.0907062358284 89.89693084332987 30.979999542236328 AB 6.842184331133458 1.146478607763649
60781.2101 lsst_hardware_y 289.1318873300096 60.912117311649375 30.010000228881836 AB 19.506078464743982 1.1962026859000807
60781.2264 lsst_hardware_r 326.13046119507266 101.3124576200775 31.6299991607666 AB 18.97867820020148 1.1667220205041893
60791.2209 lsst_hardware_u -0.11643293479756882 2.7500274786292493 28.34000015258789 AB 6.8198344389718475 1.1476372636048544
60791.2381 lsst_hardware_r 170.43106028798377 27.599885064803374 31.489999771118164 AB 6.829587184508223 1.1479262432991382
60793.2223 lsst_hardware_i 295.01187070971935 36.155081960770225 31.239999771118164 AB 2.4762654258089896 1.146153865220546
60793.2403 lsst_hardware_z 490.008614173227 48.42324262011323 30.940000534057617 AB 2.508421076538 1.1523698525499024
60796.2148 lsst_hardware_r 144.6373497926684 26.821408152916938 31.479999542236328 AB 10.49733693452245 1.1461226044898407
60796.2329 lsst_hardware_u 12.610439089660229 3.479863088681495 28.31999969482422 AB 10.570161270040964 1.1529827222529505
60799.2157 lsst_hardware_g 35.83031830933164 16.168305044000785 31.43000030517578 AB 10.93613343503921 1.1477086792526983
60799.2342 lsst_hardware_r 112.041412914108 26.795905419781416 31.489999771118164 AB 11.102636257142583 1.162620292904735
60801.2146 lsst_hardware_i 197.4569305162619 40.647487670090804 31.270000457763672 AB 2.729044777885725 1.14979767342984
60801.2342 lsst_hardware_z 358.56354031664796 49.26560010501911 30.940000534057617 AB 2.865641199269544 1.1701270719761308
60803.2159 lsst_hardware_r 74.49636600754215 66.5309169295909 31.6200008392334 AB 10.35561168152956 1.1547614152412522
60803.2355 lsst_hardware_z 425.5517517154301 59.15365430624722 30.959999084472656 AB 10.535626927301998 1.1814883430768657
60807.1659 lsst_hardware_i -29.660444575421202 129.98274614361497 31.329999923706055 AB 14.944924855252522 1.154769053160823
60807.1866 lsst_hardware_z 323.1306484660755 109.36474899036438 30.989999771118164 AB 13.391936737317254 1.1461447012224748
60809.1653 lsst_hardware_r 331.654429529179 171.27708946665777 32.38999938964844 AB 7.253901123991008 1.150986585496008
60809.1853 lsst_hardware_z 381.24791311964054 118.19624997589776 31.739999771118164 AB 6.796705069473034 1.1467522578304885
60811.1569 lsst_hardware_y 105.06248368735768 53.50900745764106 30.020000457763672 AB 7.779106812831706 1.1531436129308785
60811.1775 lsst_hardware_r 4.933773122115254 71.11043846407367 31.6299991607666 AB 6.18781002264274 1.1463153061583438
60813.1634 lsst_hardware_i 183.00494770497295 44.53184932155019 31.280000686645508 AB 8.958522227796568 1.1468376403760656
60813.1837 lsst_hardware_z 128.12832517042787 50.57243024805505 30.950000762939453 AB 8.538387351936006 1.1509587318104746
60822.1249 lsst_hardware_u 1.9889929955656118 2.906962214819444 28.399999618530273 AB 7.107099998270356 1.1548123270763726
60822.1455 lsst_hardware_r 53.71732011265606 25.568602514638616 31.5 AB 6.103966712039399 1.146141336678863
60825.1233 lsst_hardware_i 56.76577020816331 33.585031812975444 31.239999771118164 AB 14.004740210108077 1.1499324815854153
60825.1435 lsst_hardware_z 199.47267953221348 44.98057137378602 30.940000534057617 AB 13.82329512316593 1.1472883685469426
60843.1248 lsst_hardware_z -41.16204938268776 43.880001068115234 30.940000534057617 AB 6.37242558977141 1.1788054120125933
60843.1483 lsst_hardware_r 44.05578214736369 34.369998931884766 31.540000915527344 AB 6.528778895369814 1.235808990227157
60845.0955 lsst_hardware_u 0.7079137480152344 3.8399999141693115 29.149999618530273 AB 4.163707704700125 1.1504338480901086
60845.1171 lsst_hardware_r -5.864650536776861 33.97999954223633 32.2400016784668 AB 4.2765454718228195 1.1749558271372036
60859.0322 lsst_hardware_r -32.200357686360576 42.66999816894531 31.579999923706055 AB 7.67217394392673 1.1489877112510078
60859.0531 lsst_hardware_i -8.447513734475764 42.38999938964844 31.270000457763672 AB 7.37207064627312 1.1482230872253547
60866.0005 lsst_hardware_z -133.02613951486126 66.97000122070312 30.969999313354492 AB 9.496417445563278 1.1590537876377847
60866.0196 lsst_hardware_i 30.4507499516138 74.73999786376953 31.31999969482422 AB 9.387987861009034 1.1466361421704894
60869.0011 lsst_hardware_z 1.5551673336016345 49.599998474121094 30.950000762939453 AB 6.57172661175605 1.1512513772419775
60869.0202 lsst_hardware_r -39.202555300521034 50.13999938964844 31.600000381469727 AB 6.571343040817405 1.1464977680984132
60870.9976 lsst_hardware_u -0.7154115073116458 2.759999990463257 28.40999984741211 AB 7.310936462488688 1.1500004922119371
60871.0179 lsst_hardware_g -15.462279117495495 15.050000190734863 31.420000076293945 AB 6.215880501758687 1.1473000587735602
60875.9689 lsst_hardware_z -53.33287567253537 44.849998474121094 30.940000534057617 AB 3.712624229798141 1.1641969989957033
60875.9874 lsst_hardware_r 14.7726400169396 24.31999969482422 31.489999771118164 AB 3.53644292967922 1.1482268231324073
60879.9689 lsst_hardware_y 162.9703259903374 51.36000061035156 30.020000457763672 AB 6.558505359885766 1.1528397538908297
60879.9865 lsst_hardware_u -1.3764732900082968 2.799999952316284 28.420000076293945 AB 6.444810500039163 1.146134623656357
60881.9719 lsst_hardware_y -114.36461845052283 50.16999816894531 30.010000228881836 AB 9.430819915371869 1.1478602623383483
60881.9929 lsst_hardware_i -11.809326860224688 32.31999969482422 31.239999771118164 AB 9.484077112046576 1.1495154368882585
60884.9671 lsst_hardware_y 94.60820889638654 57.95000076293945 30.020000457763672 AB 5.091417783473112 1.1467802879605282
60884.9868 lsst_hardware_r -1.4863234657199782 25.510000228881836 31.5 AB 5.118935971963414 1.1507752423904711
60886.9672 lsst_hardware_y -44.98004913561415 59.56999969482422 30.030000686645508 AB 4.683100660698728 1.1461332992410007
60886.9851 lsst_hardware_g -14.583510492141984 25.639999389648438 31.579999923706055 AB 4.6434107596548575 1.1535468929251882
61097.2409 lsst_hardware_r 5.308585628739042 25.770000457763672 31.309999465942383 AB 10.774183494177692 1.9429864135453143
61097.2536 lsst_hardware_y 18.071384591167178 52.880001068115234 29.799999237060547 AB 11.420804401473712 1.757429860580954
61099.3912 lsst_hardware_z -14.81989108772741 45.52000045776367 30.940000534057617 AB 5.47909167247989 1.1468132992004234
61101.3788 lsst_hardware_z 51.249348652338206 53.689998626708984 30.959999084472656 AB 3.471530303242602 1.1460978221335762
61101.3968 lsst_hardware_y 58.059714187955514 58.04999923706055 30.020000457763672 AB 3.5095372473182427 1.1524627690068936
61103.3779 lsst_hardware_r -6.068602489237665 98.80000305175781 31.6299991607666 AB 7.885742792744471 1.146322392646077
61103.3966 lsst_hardware_y 18.136264779998978 62.790000915527344 30.020000457763672 AB 7.90800048133067 1.157127250042288
61107.3524 lsst_hardware_z 45.08727874915867 97.58000183105469 31.719999313354492 AB 9.343123130117291 1.1488976765492074
61109.3446 lsst_hardware_r -58.62876215289963 51.77000045776367 31.600000381469727 AB 9.648039147497784 1.1502078322419294
61109.3631 lsst_hardware_i 6.091569346911895 48.119998931884766 31.280000686645508 AB 9.715584887778279 1.14661846254725
61113.3438 lsst_hardware_u -2.4908006474290088 3.0399999618530273 28.459999084472656 AB 11.942444875461117 1.1463279780630808
61113.3625 lsst_hardware_g -2.4797349612880897 16.579999923706055 31.450000762939453 AB 11.97392794248601 1.1513392252390395
61114.3457 lsst_hardware_r -32.998678904293634 24.149999618530273 31.479999542236328 AB 10.348488057418948 1.1460965804879288
61114.3665 lsst_hardware_z 83.43106644318655 43.11000061035156 30.93000030517578 AB 10.454963837928123 1.1570558522100662
61116.3464 lsst_hardware_r -14.226337735066624 23.809999465942383 31.479999542236328 AB 10.082354143991966 1.1472865434674382
61116.367 lsst_hardware_u 3.771334248535596 2.640000104904175 28.31999969482422 AB 10.251659765495338 1.1639032431307015
61120.3449 lsst_hardware_i -20.07455527486435 31.8799991607666 31.229999542236328 AB 6.748008197588981 1.1524386020219108
61120.3653 lsst_hardware_z 32.16631486370569 43.529998779296875 30.940000534057617 AB 6.98262466041083 1.1779222032041887
61122.3105 lsst_hardware_z 122.1932581089084 43.13999938964844 30.940000534057617 AB 7.113040523700519 1.1493965458027824
61122.3308 lsst_hardware_r -32.035515973526074 23.780000686645508 31.479999542236328 AB 7.105882335255509 1.1475599281762725
61124.3198 lsst_hardware_g -10.150429491610655 14.479999542236328 31.389999389648438 AB 7.0635584730970855 1.1462163850867337
61124.3377 lsst_hardware_i 19.53573176213341 31.739999771118164 31.229999542236328 AB 7.6460217471920195 1.155599145649827
61126.3149 lsst_hardware_z 6.604608155751194 43.060001373291016 30.940000534057617 AB 7.946360990375973 1.1462888658625818
61126.3325 lsst_hardware_r 5.8544636443164855 23.809999465942383 31.479999542236328 AB 7.979947413634421 1.1558440633885314
61128.3146 lsst_hardware_y -30.864786478236358 48.58000183105469 30.010000228881836 AB 8.548667739762656 1.1476262236223034
61128.3325 lsst_hardware_g 3.197584294511336 14.520000457763672 31.389999389648438 AB 8.602992091983433 1.1617292165984108
61135.2823 lsst_hardware_r -20.581804120185787 111.81999969482422 31.6299991607666 AB 7.835066225800104 1.1465950574341617
61135.2991 lsst_hardware_z -87.84032069552721 81.5999984741211 30.979999542236328 AB 7.869125587832521 1.1492807927314652
61139.2792 lsst_hardware_z -3.8145079808615034 47.16999816894531 30.940000534057617 AB 6.068303745364855 1.1462606243605695
61139.2991 lsst_hardware_r 34.95817853153624 40.5099983215332 31.56999969482422 AB 9.111384937159025 1.1579325091704564
61146.0923 lsst_hardware_r -17.570455129579823 36.54999923706055 32.0 AB 35.748171468457414 2.236217407009722
61146.1188 lsst_hardware_i -2.0427415738415626 36.20000076293945 31.1299991607666 AB 28.216846966593955 1.770635477321408
61148.2656 lsst_hardware_z -15.113173456572119 43.06999969482422 30.940000534057617 AB 14.693824868815497 1.1504492058028537
61148.2865 lsst_hardware_r 6.875838936738748 24.25 31.489999771118164 AB 14.970928811026509 1.1739372928212746
61150.251 lsst_hardware_u -2.4541682937921623 2.819999933242798 28.459999084472656 AB 4.114127487030283 1.1465820485011702
61150.2692 lsst_hardware_r 2.3255742701180853 24.389999389648438 31.5 AB 4.1395320970996154 1.1580730443697345
61152.2546 lsst_hardware_i -8.550058488754836 32.150001525878906 31.25 AB 9.717428380113255 1.1503999502916131
61152.272 lsst_hardware_z -63.97819012068485 43.33000183105469 30.940000534057617 AB 9.822485655548084 1.1684162159652467
61154.2253 lsst_hardware_z -9.252009746578661 43.130001068115234 30.940000534057617 AB 9.241050849650374 1.148313246306353
61154.2424 lsst_hardware_r 15.703670370195848 24.329999923706055 31.489999771118164 AB 9.269226614496038 1.1472051751681394
61156.2225 lsst_hardware_y 35.03525568154667 49.79999923706055 30.010000228881836 AB 6.77044480641035 1.1472737471323458
61156.2405 lsst_hardware_g 34.86544977731054 29.6299991607666 31.600000381469727 AB 6.790923977634042 1.1486354090661701
61158.2289 lsst_hardware_r -186.6354587507023 73.79000091552734 31.6200008392334 AB 2.5028715198317437 1.146528410367267
61158.2468 lsst_hardware_i 24.166320272482388 62.16999816894531 31.299999237060547 AB 2.483112423640177 1.1574932635544468
61160.2241 lsst_hardware_z -21.02295330121636 84.62999725341797 30.979999542236328 AB 11.32512493484555 1.1466739163514958
61160.2423 lsst_hardware_r 39.69520499076979 124.3499984741211 31.6299991607666 AB 11.394451131853025 1.1585024789642646
61162.1761 lsst_hardware_z -136.85085592465387 104.91999816894531 30.989999771118164 AB 9.410858170257054 1.178198205978974
61162.1942 lsst_hardware_r 116.12781044185182 162.0399932861328 31.639999389648438 AB 9.059008420900753 1.1544550045750928
61164.2159 lsst_hardware_i -41.58395700294972 83.66000366210938 31.31999969482422 AB 10.952885759064028 1.1474797812921875
61164.2337 lsst_hardware_z -114.1313720712315 72.94999694824219 30.979999542236328 AB 11.07652465409106 1.161122139953987
61169.1239 lsst_hardware_u 1.597179744352452 2.569999933242798 28.209999084472656 AB 10.750886194334491 1.2675938760809413
61169.1403 lsst_hardware_g 3.0273724674778957 14.989999771118164 31.3799991607666 AB 9.23469100701758 1.2150909219759973
61171.193 lsst_hardware_r 7.726920939680968 24.34000015258789 31.489999771118164 AB 8.93420352651606 1.146451823966123
61171.2104 lsst_hardware_i -54.59359957399451 32.33000183105469 31.239999771118164 AB 8.694240881697672 1.1565848234083327
61174.1606 lsst_hardware_z 59.45744527742089 43.2599983215332 30.940000534057617 AB 7.2720284817748135 1.1552070662072778
61174.1817 lsst_hardware_r -35.74070031770696 24.239999771118164 31.489999771118164 AB 6.791168688846588 1.1460920916119461
61176.15 lsst_hardware_u 3.7226074106472273 2.7300000190734863 28.3799991607666 AB 7.891671622327497 1.160539944459926
61176.1746 lsst_hardware_r -42.95570843757881 24.280000686645508 31.489999771118164 AB 6.1592143254726 1.1460780261384895
61181.1554 lsst_hardware_g 45.13815729270333 21.1299991607666 32.16999816894531 AB 8.20110119802052 1.146926955880106
61181.1856 lsst_hardware_r 21.52069953407502 34.31999969482422 32.2400016784668 AB 8.672267234615052 1.159200298695372
61186.1127 lsst_hardware_z 21.53441657968131 55.91999816894531 30.959999084472656 AB 7.5269469639491176 1.1745713672139908
61186.1333 lsst_hardware_r -34.07805060711543 63.54999923706055 31.6200008392334 AB 6.68652273617347 1.1508975133262809
61188.1151 lsst_hardware_z -10.167314395500375 75.08000183105469 30.979999542236328 AB 8.845593179296802 1.1631286231816964
61188.1345 lsst_hardware_r -102.45851027216075 101.98999786376953 31.6299991607666 AB 8.307886200737528 1.1474980940245203
61195.0228 lsst_hardware_r -0.31889607402521947 35.09000015258789 32.18000030517578 AB 16.07810362473728 1.4184997500044245
61195.0543 lsst_hardware_z -113.4059414915746 73.23999786376953 31.700000762939453 AB 14.499581638680361 1.2624524184219204
61197.1209 lsst_hardware_g 16.385024991489725 26.579999923706055 31.579999923706055 AB 5.846026325754253 1.1462796717165202
61197.1436 lsst_hardware_r 42.85347894823072 38.16999816894531 31.559999465942383 AB 6.510762690354795 1.1611329422363539
61219.0561 lsst_hardware_i 122.8683195987077 84.8499984741211 31.309999465942383 AB 7.925027657367984 1.146146164924194
61219.0796 lsst_hardware_z 69.18896278299192 74.62999725341797 30.979999542236328 AB 8.0742794117442 1.1568564240624972
61224.0517 lsst_hardware_g 39.93596631178969 45.900001525878906 31.649999618530273 AB 7.372767748741822 1.1473636750733422
61224.0733 lsst_hardware_i -62.97174239485684 49.70000076293945 31.280000686645508 AB 7.367262518924417 1.1654755813999473
61232.0158 lsst_hardware_r -28.02060509516257 24.229999542236328 31.5 AB 5.6730641141089055 1.1470390795165435
61232.0403 lsst_hardware_u -2.7245260459488616 2.7300000190734863 28.389999389648438 AB 5.94678068220603 1.153408246104289
61234.0099 lsst_hardware_g 36.5534553469486 21.18000030517578 32.16999816894531 AB 6.5866828203461045 1.147172624733719
61234.0344 lsst_hardware_r -34.22850098598085 34.310001373291016 32.2400016784668 AB 6.597004473751295 1.1530536833636613
61236.015 lsst_hardware_i 7.80088979877283 31.959999084472656 31.229999542236328 AB 6.0838247243360035 1.1463773740976078
61236.0388 lsst_hardware_z -69.09942956050705 43.099998474121094 30.93000030517578 AB 6.249163166779962 1.1632121052515907
61239.0036 lsst_hardware_r -36.34307260254328 24.719999313354492 31.479999542236328 AB 2.5230167738273472 1.1460877952049122
61239.0226 lsst_hardware_u 0.6699960474935748 2.75 28.329999923706055 AB 2.5617015611123826 1.1546130834340667
61242.9685 lsst_hardware_y 77.81625958224537 55.61000061035156 30.010000228881836 AB 6.167456277864334 1.1589332185150643
61242.9891 lsst_hardware_g -76.1471607995402 47.4900016784668 31.649999618530273 AB 6.042977840545242 1.1463125843588824
61249.9683 lsst_hardware_z 40.20673099519549 66.4000015258789 30.969999313354492 AB 5.058596430544543 1.1466190129868061
61249.9871 lsst_hardware_r -36.121788429693815 82.83000183105469 31.6299991607666 AB 5.106671488432583 1.1504751311591286
61251.971 lsst_hardware_y -49.19488012514669 75.38999938964844 30.770000457763672 AB 4.647229318711444 1.1463318497068191
61251.9943 lsst_hardware_z -43.99782219099087 75.7300033569336 31.709999084472656 AB 4.691821728879715 1.1622050356402565
