data/validation/pwv_sim_epoch_fit_epoch/34046539.ecsv
# %ECSV 0.9
# ---
# datatype:
# - {name: time, datatype: float64}
# - {name: band, datatype: string}
# - {name: flux, datatype: float64}
# - {name: fluxerr, datatype: float64}
# - {name: zp, datatype: float64}
# - {name: zpsys, datatype: string}
# - {name: pwv, datatype: float64}
# - {name: airmass, datatype: float64}
# meta: {SNID: '34046539', alt: 1024.0, c: -0.01885394938290119, dec: -6.579593, lat: -30.244573, lon: -70.7499537, ra: 324.667969, t0: 63014.64453125,
#   x0: 7.738195304532513e-06, x1: 0.2780333459377289, z: 0.5121031403541565}
# schema: astropy-2.0
time band flux fluxerr zp zpsys pwv airmass
63008.4287 lsst_hardware_r 2723.4288880085837 58.483021519413555 31.530000686645508 AB 4.267637910386567 1.0934483810106843
63012.4036 lsst_hardware_g 990.7285721993563 35.746556846049465 31.469999313354492 AB 6.15498971156202 1.1002186220989132
63012.4238 lsst_hardware_y 483.52759600671965 53.50882923215539 30.030000686645508 AB 5.533839357254091 1.0930680847881402
63014.4049 lsst_hardware_i 2021.7458735432301 55.498188210758784 31.25 AB 10.25779823342287 1.0959576445125514
63014.424 lsst_hardware_z 1567.289709945747 58.99246005040103 30.950000762939453 AB 9.60845810696332 1.0940562799111913
63016.4071 lsst_hardware_r 2719.9842708020446 58.124375081285145 31.530000686645508 AB 14.118721128996501 1.0934079389481708
63016.4255 lsst_hardware_y 597.8542309536734 54.02206724069679 30.040000915527344 AB 14.020276754539063 1.0970697200288788
63018.4036 lsst_hardware_r 2545.691379896159 56.65754208696495 31.510000228881836 AB 6.780574112345297 1.093141431981938
63018.4242 lsst_hardware_y 612.7360658553597 53.63443096656843 30.020000457763672 AB 6.843682505340902 1.0998284460169918
63021.377 lsst_hardware_i 4026.7411779101108 103.90324679074789 32.060001373291016 AB 12.859977974046858 1.1018745586536594
63021.3971 lsst_hardware_z 1632.0706683391359 66.41692333357095 30.959999084472656 AB 12.72378331890132 1.0930381048387192
63033.3567 lsst_hardware_g 252.35390222832987 21.54648353863996 31.450000762939453 AB 7.3070489823196985 1.0944430438582384
63033.3771 lsst_hardware_r 1280.0207067173312 42.961509033015304 31.510000228881836 AB 7.672090443151438 1.0960129204502054
63034.3903 lsst_hardware_r 1124.600200179 41.67680889339633 31.5 AB 4.104053098020707 1.1092035400055964
63034.4063 lsst_hardware_i 1274.1947960726995 48.32807997213802 31.25 AB 4.194589490347795 1.1336728352291336
63037.358 lsst_hardware_z 722.3039888110518 51.355883318566065 30.940000534057617 AB 4.0453807791764165 1.0933461565341664
63037.3771 lsst_hardware_r 876.9578207034302 38.78295713097257 31.510000228881836 AB 4.208328086256403 1.103896146962121
63043.3364 lsst_hardware_u -1.757714204809369 3.3394132236437657 28.469999313354492 AB 5.962349293522334 1.0930730799662063
63043.3554 lsst_hardware_r 516.9277605814463 34.01564798567097 31.5 AB 5.973964668905529 1.0994352497832394
63047.3248 lsst_hardware_r 428.30711088844885 32.108169783924396 31.510000228881836 AB 3.8953341124916054 1.0931202785160026
63047.345 lsst_hardware_u 2.9626124369008657 3.0671704116624214 28.399999618530273 AB 3.855238728216443 1.099820861986368
63049.3258 lsst_hardware_y 315.3105721935156 52.635910858281704 30.030000686645508 AB 8.618636244819086 1.0934464760567641
63049.3462 lsst_hardware_r 334.1375902828616 53.558016873715175 31.610000610351562 AB 7.673333485277525 1.1057473139675085
63062.2646 lsst_hardware_u 1.497063506768549 5.212190033512638 29.209999084472656 AB 5.911874767875305 1.1022933422598806
63062.2881 lsst_hardware_r 356.2756700710789 39.75526973338308 32.25 AB 5.821837547848646 1.0931488612587232
63069.2659 lsst_hardware_r 381.7470227008691 38.97053414724362 32.2599983215332 AB 5.380684837734703 1.093061198436036
63069.2875 lsst_hardware_i 590.5689383806467 50.83609596949413 31.989999771118164 AB 5.399247787178768 1.101887303505871
63072.2475 lsst_hardware_z 456.33923365821187 46.351955337715125 30.940000534057617 AB 5.918069547078056 1.0955330520322206
63072.267 lsst_hardware_r 166.79315960933766 27.445595241527 31.510000228881836 AB 6.4663455228681626 1.0945066897204068
63073.2298 lsst_hardware_u -0.052981980586575966 3.3552501390539606 28.459999084472656 AB 11.236219893541064 1.1069622081218722
63073.2491 lsst_hardware_r 182.79820765185858 27.368449134314318 31.5 AB 10.999634548105062 1.0939648807145879
63077.3105 lsst_hardware_i 274.4211146779308 44.94502607555291 31.270000457763672 AB 5.24263907175238 1.186855865471137
63077.3293 lsst_hardware_z 376.02749975757337 48.97837519058473 30.93000030517578 AB 5.58110129523338 1.2558027327970704
63083.1153 lsst_hardware_r 20.10009453560374 133.15405117783533 31.559999465942383 AB 3.3287522994675665 1.4171939116444616
63083.1417 lsst_hardware_i 334.76764820045184 106.1790268388231 31.290000915527344 AB 2.594810791204349 1.2663791074691797
63085.2185 lsst_hardware_z 222.7971035086485 55.87293326942054 30.969999313354492 AB 3.472502396969482 1.0934719419448353
63085.2414 lsst_hardware_r 206.2452990565576 61.877713436862976 31.6299991607666 AB 3.458959104652282 1.0999445955010436
63094.2167 lsst_hardware_g 8.331181874730964 15.819999694824219 31.459999084472656 AB 4.920183614312718 1.0998510370655454
63094.2398 lsst_hardware_r -19.647868097882984 25.030000686645508 31.510000228881836 AB 5.03593698387493 1.1287542270256483
63099.1826 lsst_hardware_r -20.474210398430486 24.8799991607666 31.510000228881836 AB 1.900630697079087 1.0931541585961007
63099.2028 lsst_hardware_i 42.21746285389186 32.15999984741211 31.25 AB 1.9256995813530553 1.0996666496733922
63100.1354 lsst_hardware_z -8.703077941367226 61.20000076293945 31.690000534057617 AB 2.297476738259614 1.1389622762585874
63100.1574 lsst_hardware_r 0.3964414886526883 35.31999969482422 32.27000045776367 AB 2.2234145116226447 1.1055804972225474
63102.1479 lsst_hardware_z -76.1156936420178 43.040000915527344 30.950000762939453 AB 3.0543614799584744 1.110071408307641
63102.1652 lsst_hardware_r 22.89019348594615 24.850000381469727 31.510000228881836 AB 2.988847095361794 1.0957188508337616
63108.1135 lsst_hardware_z 110.32466284198392 81.05000305175781 30.979999542236328 AB 3.5715847101119995 1.1390797991108275
63108.1309 lsst_hardware_i -38.82989555974515 92.12000274658203 31.31999969482422 AB 4.578715988362279 1.1108220661979127
63110.1192 lsst_hardware_z -12.262674973469018 109.4800033569336 30.989999771118164 AB 1.2335178088057717 1.1193446540887222
63110.1361 lsst_hardware_r 62.68677762750901 166.44000244140625 31.649999618530273 AB 1.4302624262349994 1.100201866334615
63113.134 lsst_hardware_y -16.57902595801248 73.58000183105469 30.790000915527344 AB 1.5348098137468267 1.0962927241048763
63115.1276 lsst_hardware_r 10.995454368091302 24.420000076293945 31.5 AB 0.7205943887193569 1.0967951122060227
63115.1451 lsst_hardware_i 25.23211124698544 38.0099983215332 31.270000457763672 AB 0.7194412477535705 1.093375756464393
63118.0927 lsst_hardware_i 18.913681022604038 32.040000915527344 31.239999771118164 AB 2.8558434760546594 1.1268618214078623
63118.114 lsst_hardware_z 7.7147789498853285 42.400001525878906 30.940000534057617 AB 2.825463719741622 1.1004012929020985
63123.0945 lsst_hardware_g -23.019539434999526 15.3100004196167 31.440000534057617 AB 1.4009043516493351 1.1056861496837689
63123.1113 lsst_hardware_i 17.116962425552163 31.93000030517578 31.25 AB 1.3438708644603212 1.0943573814826228
63125.0909 lsst_hardware_z 41.18394459669898 42.54999923706055 30.950000762939453 AB 3.9738466241548798 1.1038462844874666
63125.1073 lsst_hardware_r 21.19167391622272 24.329999923706055 31.510000228881836 AB 3.9381289633245804 1.0939247120346056
63135.0606 lsst_hardware_r 7.144866415748444 70.9800033569336 31.6299991607666 AB 3.2888195233642783 1.1068807819484319
63135.0804 lsst_hardware_z 8.099670089458685 59.54999923706055 30.969999313354492 AB 3.2273177047046047 1.0938206082711153
63136.0635 lsst_hardware_z -72.35147586156246 77.12000274658203 30.989999771118164 AB 3.084183293275974 1.101494033312848
63136.0816 lsst_hardware_i -125.55273811601766 86.48999786376953 31.329999923706055 AB 3.0608323365165995 1.0931544058987857
63144.0186 lsst_hardware_i -33.400701290745765 32.08000183105469 31.239999771118164 AB 3.0658101118941556 1.1324444036916264
63144.0316 lsst_hardware_z 67.99715381603737 42.54999923706055 30.940000534057617 AB 3.0276266723051966 1.1120759126924504
63146.0358 lsst_hardware_r -15.870305431175652 24.31999969482422 31.5 AB 4.287761069282637 1.1018273337485311
63146.0543 lsst_hardware_u -0.5808236620657218 2.809999942779541 28.459999084472656 AB 4.807962785602554 1.0931535919064523
63148.0362 lsst_hardware_g 2.9500078358865647 15.329999923706055 31.450000762939453 AB 4.2645195586063425 1.0975471776106918
63148.0542 lsst_hardware_i 59.084373817590475 31.889999389648438 31.25 AB 3.813293272577844 1.0932606859447045
63150.0303 lsst_hardware_z 70.96829985246212 42.68000030517578 30.940000534057617 AB 3.725627520247208 1.0978177547138417
63150.0489 lsst_hardware_r 62.91099180329694 24.34000015258789 31.5 AB 3.5189097478781144 1.09328181893451
63152.0314 lsst_hardware_u -0.6839561519645171 2.75 28.40999984741211 AB 6.1713563343517315 1.0946002721446846
63152.0506 lsst_hardware_g -6.104712391649778 15.1899995803833 31.43000030517578 AB 5.2834570553969415 1.0953007629742297
63154.0291 lsst_hardware_r -9.345506864762909 24.3700008392334 31.5 AB 7.392374829304754 1.0936813950396231
63154.0466 lsst_hardware_i -19.79582975705422 31.84000015258789 31.239999771118164 AB 6.4812056796556545 1.095970747926665
63160.0059 lsst_hardware_y -3.35090727851812 50.43000030517578 30.030000686645508 AB 3.6654200054149797 1.09617305649653
63160.0239 lsst_hardware_i 37.07173654310904 32.959999084472656 31.260000228881836 AB 3.6690068578426054 1.0937023622344135
63162.0002 lsst_hardware_y 87.44031003570886 63.220001220703125 30.049999237060547 AB 4.3026834827052385 1.0962949188369293
63162.0176 lsst_hardware_r 39.032073434052165 40.060001373291016 31.59000015258789 AB 4.3248869689075145 1.0935238859437457
63164.0093 lsst_hardware_y -106.07884115181737 89.20999908447266 30.799999237060547 AB 3.9517662038989494 1.093132810372914
