data/validation/pwv_sim_epoch_fit_epoch/34183770.ecsv
# %ECSV 0.9
# ---
# datatype:
# - {name: time, datatype: float64}
# - {name: band, datatype: string}
# - {name: flux, datatype: float64}
# - {name: fluxerr, datatype: float64}
# - {name: zp, datatype: float64}
# - {name: zpsys, datatype: string}
# - {name: pwv, datatype: float64}
# - {name: airmass, datatype: float64}
# meta: {SNID: '34183770', alt: 1024.0, c: -0.00553349731490016, dec: -36.053589, lat: -30.244573, lon: -70.7499537, ra: 127.441406, t0: 59954.94921875,
#   x0: 3.715228430605574e-05, x1: -0.18455928564071655, z: 0.26246270537376404}
# schema: astropy-2.0
time band flux fluxerr zp zpsys pwv airmass
[from data line 132]
60314.2902 lsst_hardware_g 8.909105851200227 19.8799991607666 31.559999465942383 AB 10.641697576187207 1.0170789999223175
60314.3033 lsst_hardware_i -4.972629880373826 31.520000457763672 31.260000228881836 AB 10.337414025546904 1.0304354222416638
60316.1408 lsst_hardware_z -67.74778201523874 42.86000061035156 30.93000030517578 AB 9.75346231658776 1.220581372396007
60316.1644 lsst_hardware_r 20.680872192182033 21.899999618530273 31.459999084472656 AB 9.056868507519875 1.1337146592071945
60318.1452 lsst_hardware_u 1.1203366330316604 2.569999933242798 28.31999969482422 AB 7.556101186857919 1.1806408104465498
60318.1683 lsst_hardware_g -0.7270893633376758 13.020000457763672 31.3700008392334 AB 8.30587914841465 1.106872519695002
60320.1339 lsst_hardware_r -15.877862427565361 31.709999084472656 32.20000076293945 AB 5.878430413060267 1.2036098306839205
60320.153 lsst_hardware_i 29.699832407370128 43.45000076293945 31.989999771118164 AB 5.469650273189582 1.1351943699869418
60322.1318 lsst_hardware_z 24.17771146098706 43.2599983215332 30.940000534057617 AB 5.87579890330171 1.1901557430224246
60322.1491 lsst_hardware_r 0.049404009564273044 22.200000762939453 31.469999313354492 AB 5.616638671018062 1.1304116471926893
60322.2511 lsst_hardware_i 10.980754975290711 29.579999923706055 31.260000228881836 AB 4.544976426953524 1.0071969921226647
60322.2636 lsst_hardware_z -44.489538091515044 40.41999816894531 30.959999084472656 AB 4.573408406749522 1.01349770786693
60324.1268 lsst_hardware_u -1.3223215019402876 2.4600000381469727 28.219999313354492 AB 6.554309723004542 1.1883616631571279
60324.1433 lsst_hardware_r 4.51985755457568 22.079999923706055 31.459999084472656 AB 6.227363176476299 1.1314421263299708
60328.1311 lsst_hardware_r -18.66708438962119 34.43000030517578 31.559999465942383 AB 4.574417915266268 1.1353730243897413
60328.1491 lsst_hardware_z -49.54987673634929 43.380001068115234 30.940000534057617 AB 4.448731550060123 1.086646690293142
60330.1307 lsst_hardware_y 59.53083975706812 49.630001068115234 30.020000457763672 AB 13.346356576719124 1.1202560009556914
60330.1488 lsst_hardware_r 13.949625619291009 47.209999084472656 31.610000610351562 AB 12.803970750568636 1.0751206967002325
60332.1276 lsst_hardware_i -43.968200429743405 55.09000015258789 31.309999465942383 AB 8.632603511407462 1.113596944196009
60332.1461 lsst_hardware_z 89.5191801468191 53.25 30.969999313354492 AB 8.142169045406296 1.0693681436047147
60336.1253 lsst_hardware_r 3.7028065151121146 84.72000122070312 31.639999389648438 AB 12.004180772203766 1.0912891611094333
60336.1425 lsst_hardware_i 61.24260585194106 67.83000183105469 31.329999923706055 AB 11.609957365040197 1.0554506695491088
60336.2282 lsst_hardware_z 74.13426656746867 60.790000915527344 30.979999542236328 AB 11.069124674566106 1.0155470816752292
60336.24 lsst_hardware_r -94.27561252979736 85.87000274658203 31.65999984741211 AB 11.286036189563132 1.026656616898311
60338.2307 lsst_hardware_i -25.614331192895815 54.47999954223633 31.31999969482422 AB 10.80699640858933 1.0225828489439517
60338.2429 lsst_hardware_z -14.08759096627771 53.189998626708984 30.979999542236328 AB 10.976951608266518 1.0371106156932384
60340.1233 lsst_hardware_u 2.275615904966764 7.099999904632568 29.6200008392334 AB 9.530291863221368 1.0713309010731382
60340.1438 lsst_hardware_g 64.38076722675596 53.599998474121094 32.439998626708984 AB 9.421198574671578 1.0363214799990736
60344.1187 lsst_hardware_r -1.8806800228942362 21.799999237060547 31.479999542236328 AB 11.097722316304875 1.0589850725272036
60344.1378 lsst_hardware_i 18.61908231973858 29.6299991607666 31.239999771118164 AB 10.527809393258252 1.0299923583963106
60348.2625 lsst_hardware_z 15.648331586528947 42.2599983215332 30.93000030517578 AB 8.448737900587073 1.141721337917172
60348.2723 lsst_hardware_r -16.891674177522 22.389999389648438 31.450000762939453 AB 8.840611624855738 1.1754569372232189
60350.0398 lsst_hardware_y 72.49859321191599 50.83000183105469 29.969999313354492 AB 3.1454606832884835 1.2581842733153934
60350.0596 lsst_hardware_u -1.1871049095885506 2.5899999141693115 28.329999923706055 AB 3.0525160443644066 1.1740446324478486
60356.0323 lsst_hardware_y 35.53564707093722 50.41999816894531 29.989999771118164 AB 3.4394060807122644 1.2174888781282351
60356.0499 lsst_hardware_g 4.748155221465694 22.290000915527344 31.549999237060547 AB 2.761555304641341 1.1506480436005588
60359.0302 lsst_hardware_z -60.77192110027486 50.11000061035156 30.959999084472656 AB 7.4062648308499766 1.1924112213244924
60359.0486 lsst_hardware_i 30.771788802498904 43.119998931884766 31.290000915527344 AB 3.276710654319955 1.1288297835914065
60362.0288 lsst_hardware_y -33.80718955729381 54.33000183105469 30.010000228881836 AB 5.661521073522127 1.1669229282422795
60362.0491 lsst_hardware_r 49.31717137344634 73.83999633789062 31.639999389648438 AB 5.931160745272539 1.1043963774830163
60362.1609 lsst_hardware_z -62.47548262268736 56.63999938964844 30.989999771118164 AB 6.632222863166878 1.0185790536635635
60362.1724 lsst_hardware_r -133.74766026052976 75.4000015258789 31.65999984741211 AB 8.255825713749566 1.0306362399479303
60363.0245 lsst_hardware_y -60.9678352371821 56.349998474121094 30.010000228881836 AB 8.298825113903058 1.1725920940895431
60363.0404 lsst_hardware_r -124.88694825892453 84.61000061035156 31.639999389648438 AB 7.940074979631585 1.1208199006655573
60369.0212 lsst_hardware_y -11.186414938621056 49.36000061035156 30.020000457763672 AB 5.759897263372853 1.1291148764269252
60369.0404 lsst_hardware_r -23.646616800880295 21.979999542236328 31.469999313354492 AB 5.526792926684023 1.0792760800684829
60372.0288 lsst_hardware_z -141.4522555289892 84.0999984741211 32.45000076293945 AB 3.9868415093654237 1.087023950567688
60375.0166 lsst_hardware_y 45.54157604074486 49.189998626708984 30.030000686645508 AB 7.045880439934052 1.0967204358213172
60375.0387 lsst_hardware_g -12.093581622597561 12.970000267028809 31.389999389648438 AB 6.788534082873117 1.050816002921422
60379.0107 lsst_hardware_y -117.15328308390615 50.209999084472656 30.040000915527344 AB 8.7554717015584 1.0846719154557058
60379.0314 lsst_hardware_i -57.128654084368065 29.649999618530273 31.239999771118164 AB 8.407712916374983 1.0449556197333991
60382.0093 lsst_hardware_y -9.940607964639414 49.29999923706055 30.040000915527344 AB 14.791388476651667 1.0699337636445945
60382.0317 lsst_hardware_i 19.82029408577952 29.600000381469727 31.239999771118164 AB 14.22576055048279 1.032910550044121
60392.9983 lsst_hardware_y 45.677949000234356 57.439998626708984 30.059999465942383 AB 9.318990912104397 1.0374029736284414
60393.0177 lsst_hardware_z 32.30777478643875 61.040000915527344 30.989999771118164 AB 8.4384098606961 1.0163085463924004
60416.002 lsst_hardware_y 160.61404098107352 47.209999084472656 30.059999465942383 AB 13.481940654722868 1.0104887314287865
60416.0151 lsst_hardware_g 29.45920938859588 29.530000686645508 31.65999984741211 AB 13.58120976855451 1.0200698339007443
60419.0051 lsst_hardware_r 113.28621330400199 54.7599983215332 31.639999389648438 AB 7.0731200602825375 1.0184478128556569
60419.0165 lsst_hardware_i 7.818887683005785 47.939998626708984 31.309999465942383 AB 7.156920698309546 1.0303286950958497
