data/validation/pwv_sim_epoch_fit_epoch/34269163.ecsv
# %ECSV 0.9
# ---
# datatype:
# - {name: time, datatype: float64}
# - {name: band, datatype: string}
# - {name: flux, datatype: float64}
# - {name: fluxerr, datatype: float64}
# - {name: zp, datatype: float64}
# - {name: zpsys, datatype: string}
# - {name: pwv, datatype: float64}
# - {name: airmass, datatype: float64}
# meta: {SNID: '34269163', alt: 1024.0, c: -0.07147355377674103, dec: -22.831406, lat: -30.244573, lon: -70.7499537, ra: 306.5625, t0: 61602.6953125,
#   x0: 2.01181690882247e-05, x1: -0.8988852500915527, z: 0.3421728014945984}
# schema: astropy-2.0
time band flux fluxerr zp zpsys pwv airmass
61517.3495 lsst_hardware_r 37.134072394909246 83.2699966430664 31.610000610351562 AB 7.854256680525301 1.2668155936331131
61517.3702 lsst_hardware_z -30.720742054649754 60.29999923706055 30.969999313354492 AB 7.2660289588933775 1.1719401546602222
61527.3532 lsst_hardware_z -49.79529454960521 43.720001220703125 30.950000762939453 AB 10.16787912184975 1.135103537586025
61527.3713 lsst_hardware_u 4.035216585587021 3.0799999237060547 28.510000228881836 AB 9.65775878565828 1.083923544967259
61533.415 lsst_hardware_r -53.301451896855916 25.639999389648438 31.549999237060547 AB 10.69652654967926 1.0092967116134424
61539.3036 lsst_hardware_i -30.492935897094412 58.0099983215332 32.43000030517578 AB 7.926515370826748 1.198671561880807
61539.3273 lsst_hardware_y 66.18630711163111 68.69999694824219 30.780000686645508 AB 7.556606958729494 1.1138045484161685
61541.4238 lsst_hardware_r 32.564671077237904 25.8799991607666 31.549999237060547 AB 3.7862224691744255 1.0181666733168946
61543.39 lsst_hardware_g 59.92437862418481 55.16999816894531 32.45000076293945 AB 7.877561178026463 1.0089089623497007
61543.4165 lsst_hardware_y -2.29057156965574 47.13999938964844 30.049999237060547 AB 8.076518013531238 1.0167668502137521
61551.3439 lsst_hardware_z -5.052426323269085 63.02000045776367 30.989999771118164 AB 5.906482977754576 1.0217061023619474
61551.3676 lsst_hardware_r -7.023869239002122 79.87999725341797 31.65999984741211 AB 5.806728452414645 1.008988436562031
61553.3601 lsst_hardware_z 18.32756912722002 46.84000015258789 30.969999313354492 AB 9.178458065116404 1.009361224169664
61553.3819 lsst_hardware_r 29.548898815409363 43.040000915527344 31.6299991607666 AB 9.491529289688208 1.0123218099070186
61558.2326 lsst_hardware_u -3.506921727714398 3.8499999046325684 29.09000015258789 AB 13.62170454161585 1.294510695161187
61558.2634 lsst_hardware_r 36.25027496430451 34.75 32.25 AB 11.363205406442566 1.1528251541004737
61559.229 lsst_hardware_i 12.120508733747585 33.560001373291016 31.219999313354492 AB 12.12294897591713 1.2995835957746005
61559.2493 lsst_hardware_z 133.55162503020628 43.939998626708984 30.940000534057617 AB 11.178343117169524 1.1973802746281041
61560.355 lsst_hardware_u 0.9912452846318953 2.7899999618530273 28.469999313354492 AB 12.212960561816654 1.0095024435292583
61560.3767 lsst_hardware_g -15.4295083376959 15.359999656677246 31.459999084472656 AB 11.936234923687243 1.0223317993822314
61572.2365 lsst_hardware_r 13.67908525200383 66.94999694824219 31.6299991607666 AB 8.290695928556355 1.1158906988052604
61572.2548 lsst_hardware_i 23.604059838753813 55.20000076293945 31.31999969482422 AB 7.059165827498334 1.06957057992399
61573.2771 lsst_hardware_r 85.34056422226587 85.54000091552734 31.65999984741211 AB 4.513962880346061 1.0287648294333345
61573.3007 lsst_hardware_z -16.026418862150546 60.4900016784668 30.989999771118164 AB 3.874615688326253 1.010769309998153
61574.2713 lsst_hardware_r 102.44631781038349 106.33999633789062 31.670000076293945 AB 5.245143809296506 1.032508623877265
61574.2904 lsst_hardware_z 3.4168503708106788 70.41999816894531 31.0 AB 5.141892759527791 1.0145135336128492
61575.2754 lsst_hardware_z -114.77472558948182 83.06999969482422 31.0 AB 3.552399426769557 1.0246320815602685
61575.2983 lsst_hardware_i -31.088738231939406 98.29000091552734 31.350000381469727 AB 3.117462120730856 1.0097860946573345
61576.1347 lsst_hardware_i -280.56613546065284 129.7915351453551 31.209999084472656 AB 5.163117970185502 1.7254488036712161
61576.1581 lsst_hardware_z -41.43436767003325 105.57057244778554 30.950000762939453 AB 4.35364440009571 1.475228237452609
61578.1643 lsst_hardware_z 37.34573977993455 137.62855275014172 31.709999084472656 AB 3.617166589839119 1.3830173356083932
61579.2658 lsst_hardware_y -13.737812211972283 81.97616607840521 30.81999969482422 AB 3.8838402835209216 1.0232974728784952
61581.2618 lsst_hardware_r 81.24388927136494 75.6595175313491 32.38999938964844 AB 4.479886747248655 1.0218914016572673
61581.287 lsst_hardware_i 62.213022568382065 70.93510826911157 32.06999969482422 AB 4.415951412022427 1.0088222841964118
61585.1567 lsst_hardware_g 331.06608847955005 23.53430570418244 31.3700008392334 AB 6.478144146608955 1.3073953878120999
61585.1754 lsst_hardware_r 680.7964228209613 36.34927553355779 31.479999542236328 AB 7.12358791683286 1.210156785327728
61588.2871 lsst_hardware_z 998.8866227035727 52.2087704197606 30.950000762939453 AB 8.340025724772719 1.0127023394613976
61588.3031 lsst_hardware_r 1742.9372694755828 48.79695589370967 31.530000686645508 AB 7.97551677950389 1.025185596422759
61590.2762 lsst_hardware_u 46.294827935783 6.921347935476375 28.489999771118164 AB 7.0325801989283 1.0103918966888115
61590.2969 lsst_hardware_g 1868.066535996169 45.47094726293838 31.469999313354492 AB 7.165456564996147 1.0244171604550343
61595.2345 lsst_hardware_r 4981.605057358949 74.18211402069083 31.520000457763672 AB 2.1590973619609963 1.0136607333150218
61595.2568 lsst_hardware_i 3364.932352581699 66.21658556719525 31.260000228881836 AB 2.118886544902245 1.0089935928105929
61599.2338 lsst_hardware_r 6734.737615903238 93.68986329842593 31.6299991607666 AB 6.88496346416563 1.0095254346283915
61599.2565 lsst_hardware_z 2939.9000206166547 70.69716138321456 30.969999313354492 AB 6.311910319882992 1.0124164439622885
61605.1482 lsst_hardware_z 3088.3170729644453 127.80623238451155 31.0 AB 3.0942637589599267 1.1106474368126082
61605.167 lsst_hardware_r 7434.751654941849 189.37550870993925 31.65999984741211 AB 3.3828856364247692 1.0648050476628168
61609.1771 lsst_hardware_z 2865.9264725198104 75.56326047104409 30.979999542236328 AB 5.503251630525444 1.0308127615126095
61609.1954 lsst_hardware_r 6081.103724195743 101.09192160385936 31.649999618530273 AB 5.394563633385628 1.0141745824945565
61611.0619 lsst_hardware_i 3875.156834535711 71.68486044576657 31.190000534057617 AB 6.959943719372057 1.4808390892280971
61611.0814 lsst_hardware_r 4886.371471101185 73.70730173686357 31.469999313354492 AB 6.270464043927996 1.3341412859421267
61616.1919 lsst_hardware_g 1652.8173632508226 43.5864505654874 31.510000228881836 AB 4.927876341469617 1.0087771425731047
61616.2108 lsst_hardware_r 3815.3254013035184 66.13960023437414 31.540000915527344 AB 4.557505437853795 1.0127789861897323
61617.0675 lsst_hardware_r 3258.775235931172 62.89952375563349 31.459999084472656 AB 4.616186464018807 1.3185336943784083
61617.0862 lsst_hardware_i 3144.547194801575 65.33245685058132 31.229999542236328 AB 4.70558218268519 1.2184840143330518
61618.184 lsst_hardware_i 3126.244160678856 64.27654289616568 31.270000457763672 AB 4.632273493110403 1.009099987607102
61618.2015 lsst_hardware_z 1715.3389832212736 59.169535376031924 30.950000762939453 AB 4.649219676307561 1.0110296132016006
61619.0511 lsst_hardware_i 2925.989287819282 63.468020508354414 31.200000762939453 AB 2.627713742844522 1.3921662213741233
61619.0703 lsst_hardware_z 1779.1908645604206 61.31170791668631 30.93000030517578 AB 2.2168007302889166 1.2707370193683736
61621.1723 lsst_hardware_r 2658.966791752852 56.640990134114986 31.530000686645508 AB 1.2526137850413472 1.009900928547176
61621.1907 lsst_hardware_u 1.3118431974691214 3.2094009148578344 28.56999969482422 AB 1.2410942626974364 1.010114701055971
61623.1571 lsst_hardware_g 834.076964854645 31.95665170146749 31.479999542236328 AB 2.1170997407597847 1.0142200043561584
61623.1766 lsst_hardware_i 2665.5034928029513 59.617415185668804 31.260000228881836 AB 1.6210785879287477 1.0086561783233936
61626.0739 lsst_hardware_r 1733.4860476494848 53.904298552366456 31.559999465942383 AB 4.753597223717427 1.1670042284085336
61626.093 lsst_hardware_y 442.19738681211174 52.619454886640476 30.030000686645508 AB 4.2767083102168835 1.10461686876028
61643.1024 lsst_hardware_i 1156.4606626412194 46.39900690313091 31.260000228881836 AB 1.9162195404730913 1.014275262920784
61643.1334 lsst_hardware_z 894.2814825522087 51.59716506578324 30.950000762939453 AB 2.1814321501440777 1.0110925377261077
61650.0771 lsst_hardware_u 8.063647329259078 3.8489033980679044 28.43000030517578 AB 1.474002236615211 1.0186608407845272
61650.0981 lsst_hardware_g 135.8603427616648 20.129380332185693 31.469999313354492 AB 2.949717254385102 1.0088814893151268
61654.9851 lsst_hardware_z 1190.8027776948827 86.01995115763307 31.700000762939453 AB 2.511102332507085 1.2064873474569595
61656.0642 lsst_hardware_z 546.0608753973014 50.84599782686781 30.969999313354492 AB 2.2857392883046694 1.0160346517875254
61656.0834 lsst_hardware_g 171.93773777830597 37.565365968879824 31.690000534057617 AB 2.362922047459888 1.008718056546288
61679.0012 lsst_hardware_y -52.834969212721575 47.119998931884766 30.049999237060547 AB 6.178239730287139 1.0161717781691864
61679.0206 lsst_hardware_i -15.926020836363325 31.389999389648438 31.25 AB 6.128544283940417 1.0087170149270304
61681.002 lsst_hardware_y -18.305373101960367 47.33000183105469 30.049999237060547 AB 2.091329589968696 1.0124235549307872
61681.0212 lsst_hardware_g -4.165992316366444 16.219999313354492 31.510000228881836 AB 2.056358822406493 1.0088844952322942
61684.9968 lsst_hardware_z 49.188012584645485 87.36000061035156 31.739999771118164 AB 6.095159321975192 1.0101218338010787
61686.9879 lsst_hardware_y 41.08923882548625 74.0199966430664 30.079999923706055 AB 4.618959029210076 1.011377059165771
61687.0059 lsst_hardware_r 98.31043922923887 71.13999938964844 31.65999984741211 AB 3.9034670982186066 1.009038929357272
61690.9899 lsst_hardware_y 10.584739307302819 85.44000244140625 30.079999923706055 AB 5.018240785485082 1.0086409296990266
61691.0102 lsst_hardware_z 60.24561724248706 61.56999969482422 30.989999771118164 AB 5.83405381375132 1.01523602431949
61889.3332 lsst_hardware_i -27.323691814112863 33.9900016784668 31.219999313354492 AB 15.105472675344018 1.2557198521955235
61889.3435 lsst_hardware_z -8.699603916904941 44.4900016784668 30.93000030517578 AB 13.748961076680883 1.2063314000363432
61895.3503 lsst_hardware_i 35.79314363583864 32.849998474121094 31.25 AB 7.478628297205997 1.1206036032524438
61895.369 lsst_hardware_z 32.227503166187546 42.58000183105469 30.950000762939453 AB 7.164460769672288 1.0720827158987374
61899.3483 lsst_hardware_z -60.91743552949479 58.650001525878906 30.969999313354492 AB 8.53036648002114 1.0954273305751465
61899.3679 lsst_hardware_r 45.59539637831421 78.98999786376953 31.649999618530273 AB 8.1581868729322 1.0527371924552809
61903.3529 lsst_hardware_i 5.642175909833247 69.5199966430664 31.329999923706055 AB 6.523488324486712 1.0602987930900791
61903.3733 lsst_hardware_r 51.02364396803826 86.94999694824219 31.65999984741211 AB 6.3656713441655715 1.0288369379232665
61911.3705 lsst_hardware_u 2.9886939294108354 3.009999990463257 28.59000015258789 AB 7.102850201925069 1.0128360199527155
61911.3911 lsst_hardware_g -22.164325630080874 16.40999984741211 31.5 AB 7.256036315586871 1.008973971436678
61928.257 lsst_hardware_y 76.99598236246347 78.12000274658203 30.770000457763672 AB 4.308486381929451 1.1306384837113674
61943.2815 lsst_hardware_u -0.39267442111689427 2.809999942779541 28.489999771118164 AB 2.583252457870494 1.013735880651683
61943.3034 lsst_hardware_g 4.560779958787764 15.289999961853027 31.469999313354492 AB 2.017858719028554 1.008929359514277
61944.1507 lsst_hardware_z -38.63453070643307 47.38999938964844 30.899999618530273 AB 5.072276732541009 1.47449905015727
61944.168 lsst_hardware_u 3.1917947298629277 2.5799999237060547 28.190000534057617 AB 4.1559503583996635 1.3436994288237945
61948.2901 lsst_hardware_r -28.32030069764827 24.1200008392334 31.520000457763672 AB 7.187962986766804 1.0089785214439646
61957.2536 lsst_hardware_r 101.28575668745728 108.47000122070312 31.670000076293945 AB 4.447688390980708 1.009538107962633
61958.1804 lsst_hardware_r 125.69962473095494 136.6300048828125 31.639999389648438 AB 2.487943917801042 1.1143373773368819
61958.2018 lsst_hardware_y -62.46817550749476 64.79000091552734 30.059999465942383 AB 2.377436204237929 1.0621457353258568
61959.2452 lsst_hardware_z -19.284238286995215 104.22000122070312 31.010000228881836 AB 1.6086103147750932 1.0103807263701514
61959.2648 lsst_hardware_r 67.14105361333503 160.83999633789062 31.670000076293945 AB 1.6367490878726891 1.0100272063392095
61974.1582 lsst_hardware_r -27.68280314185877 24.770000457763672 31.510000228881836 AB 6.159485809955812 1.061980312061347
61974.1771 lsst_hardware_z 48.017808898414785 41.630001068115234 30.950000762939453 AB 5.507948520889652 1.0316925349360153
61977.2188 lsst_hardware_z -37.57907053435491 41.2599983215332 30.940000534057617 AB 10.174950379308838 1.0111249507412141
61977.239 lsst_hardware_r -5.621252095073005 24.520000457763672 31.510000228881836 AB 10.38116808014522 1.0259676411966847
61978.0686 lsst_hardware_i 34.937368460105596 34.650001525878906 31.200000762939453 AB 4.851978619590583 1.389157145398492
61978.0867 lsst_hardware_z 4.3664766232345835 45.11000061035156 30.93000030517578 AB 3.889315133260802 1.2744888476004812
61987.0819 lsst_hardware_z -20.801903224980794 162.32000732421875 31.739999771118164 AB 2.5986426213663583 1.1812011915301628
61989.162 lsst_hardware_r -252.89454024674856 138.94000244140625 31.670000076293945 AB 2.7198324777970546 1.0108396225707588
61989.1805 lsst_hardware_i -24.494382351448213 111.33000183105469 31.350000381469727 AB 2.8334908629945503 1.0094074619544562
61993.1411 lsst_hardware_z -5.592479212661676 47.779998779296875 30.969999313354492 AB 8.33446925483466 1.016223122611093
61993.1589 lsst_hardware_g -58.78160775273231 50.349998474121094 31.719999313354492 AB 8.301130038355014 1.0088879482687183
61996.1352 lsst_hardware_g 0.8213768346242654 15.779999732971191 31.5 AB 3.0822261290506945 1.0146968134923138
61996.1553 lsst_hardware_r 9.966435657697046 24.559999465942383 31.540000915527344 AB 2.9391552744473946 1.0086614034194736
62004.1235 lsst_hardware_u -0.17524710723593423 2.9100000858306885 28.559999465942383 AB 2.790162118900361 1.0100134367060132
62004.1426 lsst_hardware_g -29.28835994063237 15.390000343322754 31.469999313354492 AB 2.0389860054358455 1.0102325377881975
62012.0963 lsst_hardware_i -115.21491480091487 52.90999984741211 31.329999923706055 AB 3.1677705483864225 1.012067267855087
62012.1152 lsst_hardware_z -51.407477735143516 53.16999816894531 30.979999542236328 AB 3.1557629447318494 1.0089562608045834
62019.0691 lsst_hardware_z -151.03470516194858 90.68000030517578 31.739999771118164 AB 0.6737292240435474 1.0169497721404095
62022.0628 lsst_hardware_r -5.087765610120657 24.09000015258789 31.530000686645508 AB 2.587275527085913 1.0156135533211788
62022.081 lsst_hardware_i 24.638997829560275 31.219999313354492 31.270000457763672 AB 2.598218424799625 1.008755697476236
62023.9799 lsst_hardware_y 1.0228025977895439 65.95999908447266 30.020000457763672 AB 3.0335895710225813 1.1851502426185367
62023.9963 lsst_hardware_r 6.523896430508173 24.68000030517578 31.510000228881836 AB 2.8829840020506032 1.1261656258010169
62028.0478 lsst_hardware_z -7.1919385491138295 41.38999938964844 30.959999084472656 AB 1.1903415289781933 1.0147118240917512
62028.0655 lsst_hardware_u -1.8679459419283444 2.9200000762939453 28.56999969482422 AB 1.2042987549806468 1.0086958232546253
62029.0493 lsst_hardware_g 14.121913612531936 15.4399995803833 31.489999771118164 AB 2.6646632679433337 1.0123459512226143
62029.0659 lsst_hardware_r 68.22354644050873 24.110000610351562 31.520000457763672 AB 2.6681425139611945 1.0086859733959528
62030.9845 lsst_hardware_y -43.284922422498106 58.060001373291016 30.040000915527344 AB 1.6384658017607916 1.1045836865799237
62031.0022 lsst_hardware_i 13.080570898575512 31.739999771118164 31.260000228881836 AB 0.858132100189067 1.0627022912558106
62034.0361 lsst_hardware_z -20.527806728005046 41.29999923706055 30.950000762939453 AB 3.947296490047785 1.0121273051404578
62034.0561 lsst_hardware_i 20.8037010581219 31.34000015258789 31.270000457763672 AB 3.937954610862627 1.0091066503737327
62036.9883 lsst_hardware_z 66.38139946198139 48.220001220703125 30.959999084472656 AB 2.6523272756871346 1.0578982685716152
62037.0052 lsst_hardware_u 2.157976995102157 3.369999885559082 28.6200008392334 AB 2.9060323851212213 1.0315443596240932
62038.0184 lsst_hardware_r -5.988990778042466 28.290000915527344 31.549999237060547 AB 4.4263079781235115 1.0161016133734195
62038.0387 lsst_hardware_i 39.23738297640927 33.209999084472656 31.270000457763672 AB 4.397644225158008 1.0086725544152317
62047.0025 lsst_hardware_y -80.6350183167037 54.290000915527344 30.06999969482422 AB 2.4291054713764546 1.0112845426212511
62047.0214 lsst_hardware_i -53.37378293692382 70.36000061035156 31.34000015258789 AB 2.4787256141785448 1.0092531002355638
62049.004 lsst_hardware_y 42.09891532558712 49.619998931884766 30.059999465942383 AB 3.449347374342542 1.0091958671732415
62049.0234 lsst_hardware_g -62.668899860900474 53.97999954223633 31.729999542236328 AB 3.4620307081025223 1.0116241385353268
62051.0046 lsst_hardware_y 35.3337364453312 47.529998779296875 30.059999465942383 AB 4.599702772277395 1.008651449433122
62051.0236 lsst_hardware_i -44.38562064411391 31.43000030517578 31.260000228881836 AB 4.658947543454331 1.0146344081133187
