data/validation/pwv_sim_epoch_fit_epoch/34460953.ecsv
# %ECSV 0.9
# ---
# datatype:
# - {name: time, datatype: float64}
# - {name: band, datatype: string}
# - {name: flux, datatype: float64}
# - {name: fluxerr, datatype: float64}
# - {name: zp, datatype: float64}
# - {name: zpsys, datatype: string}
# - {name: pwv, datatype: float64}
# - {name: airmass, datatype: float64}
# meta: {SNID: '34460953', alt: 1024.0, c: -0.01782132126390934, dec: -1.193748, lat: -30.244573, lon: -70.7499537, ra: 10.371094, t0: 60548.65625,
#   x0: 4.876843541253784e-06, x1: 1.2683361768722534, z: 0.6195006966590881}
# schema: astropy-2.0
time band flux fluxerr zp zpsys pwv airmass
60493.4191 lsst_hardware_u 3.473812912409934 2.950000047683716 28.43000030517578 AB 8.131028565913057 1.161575509416151
60493.4371 lsst_hardware_z -17.40732842043034 47.27000045776367 30.950000762939453 AB 8.029699845362508 1.1470999779089297
60495.3797 lsst_hardware_r -11.45830510625581 26.479999542236328 31.5 AB 4.865744605877566 1.233239033298288
60495.4 lsst_hardware_y -8.895723254179876 49.459999084472656 30.0 AB 4.613380212057582 1.182918003091688
60497.4246 lsst_hardware_z 1.9664589463350204 43.630001068115234 30.940000534057617 AB 1.9105683249785175 1.1477757146303984
60497.4441 lsst_hardware_y -23.165437333238817 70.52999877929688 30.030000686645508 AB 1.878792780554151 1.147354369804243
60499.4232 lsst_hardware_u -1.2981772616806486 3.0299999713897705 28.479999542236328 AB 2.6524832143675066 1.146276237842509
60499.442 lsst_hardware_y -18.31158256085764 63.0099983215332 30.020000457763672 AB 2.6691681823870654 1.1490177281046343
60503.4166 lsst_hardware_r 0.7330932152697358 25.639999389648438 31.510000228881836 AB 7.00625280316452 1.1454988505909618
60503.4351 lsst_hardware_y 17.747147274418218 51.41999816894531 30.010000228881836 AB 7.413791688742971 1.1516867784915552
60506.4107 lsst_hardware_g -16.982664486456866 16.079999923706055 31.43000030517578 AB 3.8807096221672337 1.145427869588912
60506.4293 lsst_hardware_z -43.598999361604875 45.029998779296875 30.940000534057617 AB 3.3285034776912337 1.1536274075699622
60508.4127 lsst_hardware_i -27.09975899600641 32.72999954223633 31.239999771118164 AB 2.092679094264749 1.1468305763884088
60508.431 lsst_hardware_y -29.61219872071636 50.29999923706055 30.010000228881836 AB 2.5119130076115446 1.1610413716716175
60511.3747 lsst_hardware_z 18.2209968922863 57.959999084472656 30.959999084472656 AB 4.770150188593804 1.1563066068019887
60511.3932 lsst_hardware_r 20.378096878656216 74.31999969482422 31.6200008392334 AB 6.67134130627418 1.1456880141291739
60514.3849 lsst_hardware_z -47.5621434043213 96.87999725341797 31.719999313354492 AB 6.108051108455286 1.1457071246809447
60520.3675 lsst_hardware_r -38.744307235556 30.546738176927555 31.540000915527344 AB 5.4999121943138976 1.1458946164970967
60520.3897 lsst_hardware_y 60.4244790732595 49.060950335436935 30.010000228881836 AB 5.517521814084344 1.152484974221273
60527.2969 lsst_hardware_r 413.89992731062574 31.807834296419834 31.469999313354492 AB 3.3196016931244072 1.2198438362779547
60527.3148 lsst_hardware_i 303.1884253607562 37.679664790200164 31.229999542236328 AB 3.2797654803262746 1.1789236090317305
60529.352 lsst_hardware_z 310.73896887275527 47.60797632027462 30.940000534057617 AB 2.8166205106368 1.145899312708218
60529.3711 lsst_hardware_r 628.6030543307147 35.21489874972371 31.489999771118164 AB 2.9989420055503246 1.1581162407995074
60531.341 lsst_hardware_u -8.85936324179168 4.125605564271514 28.459999084472656 AB 5.854637139615569 1.1454600331852942
60531.3602 lsst_hardware_g 211.78956021873378 20.6120723809924 31.440000534057617 AB 5.890192055936416 1.1529238858733424
60535.3144 lsst_hardware_r 1247.2035598257955 42.90052045069239 31.5 AB 3.9028240919507975 1.151728533922132
60535.3335 lsst_hardware_u -6.726218020484032 3.408930071010772 28.489999771118164 AB 4.009495110754328 1.1455700316440935
60537.3033 lsst_hardware_g 542.2787665860756 37.43520200373433 31.6200008392334 AB 5.557659098437567 1.1567411183982448
60537.3254 lsst_hardware_r 1457.893469725625 51.17769909150665 31.559999465942383 AB 5.517016260168918 1.145440934323479
60539.3177 lsst_hardware_i 1300.1567740054136 63.800436455042416 31.299999237060547 AB 3.8099043653171267 1.1455774984040072
60539.3324 lsst_hardware_z 866.0727607674123 60.96728663152483 30.959999084472656 AB 3.8292935850333705 1.1488167959300164
60543.2922 lsst_hardware_z 2121.424394495802 138.9408072416311 31.739999771118164 AB 2.085708796684235 1.1520070680389907
60546.2867 lsst_hardware_r 1984.3979936910696 83.46421436168023 31.6299991607666 AB 3.6764617643970645 1.150092314201376
60546.3067 lsst_hardware_z 1134.1700130718104 68.01446301987785 30.969999313354492 AB 2.7484940610088056 1.146160992914431
60553.2467 lsst_hardware_g 198.88248561086482 22.51608863668764 31.40999984741211 AB 1.8499629253064933 1.1739584930554163
60553.2632 lsst_hardware_r 1552.0018884355836 45.97232843380393 31.489999771118164 AB 1.8992519422916574 1.1533918677884558
60555.243 lsst_hardware_r 1450.7823354129305 45.144431197134125 31.489999771118164 AB 0.8529729771155775 1.1711299456964452
60555.2609 lsst_hardware_i 1263.361626611167 48.54349315278893 31.239999771118164 AB 1.4835472247741397 1.15092880122121
60557.2373 lsst_hardware_z 1014.5374716253506 53.890680730380325 30.93000030517578 AB 2.090747949095024 1.1715061350924676
60557.2552 lsst_hardware_r 1327.8662564570243 44.056983547146714 31.489999771118164 AB 2.667289884959399 1.1510997129940583
60566.1824 lsst_hardware_i 952.3725729729059 52.73266286848818 31.270000457763672 AB 1.1061054717590482 1.2443297704237481
60566.199 lsst_hardware_r 1007.4208848242885 53.97692062483148 31.59000015258789 AB 1.0571511265242803 1.198018086532379
60568.21 lsst_hardware_z 1724.9358739780184 89.08373143527827 31.719999313354492 AB 3.7418798858270956 1.1673918113021304
60571.1884 lsst_hardware_z 747.0236998528198 115.11031062404281 30.989999771118164 AB 7.292385451418716 1.1912580543844131
60571.2073 lsst_hardware_r 680.5434078783544 168.64939316643427 31.639999389648438 AB 7.10156891741822 1.1602290947449783
60578.1782 lsst_hardware_i 510.25303617756396 40.36846200015386 31.229999542236328 AB 3.976016597739755 1.1743674109697382
60578.1985 lsst_hardware_r 420.18788972778424 32.02743002980548 31.489999771118164 AB 3.8978498736160905 1.1506567892593627
60582.1782 lsst_hardware_r 305.4791200636644 30.59653447937331 31.489999771118164 AB 4.885078007750196 1.1591579548564603
60582.198 lsst_hardware_i 421.9686335706632 38.86136471627126 31.239999771118164 AB 4.819629267450128 1.1459619015514495
60584.1751 lsst_hardware_z 517.7613447834607 48.849220108347104 30.940000534057617 AB 5.237219037417147 1.1566296460726917
60584.1937 lsst_hardware_r 235.93628828778458 29.957996742320187 31.489999771118164 AB 5.176849990438403 1.1457432660505504
60586.1733 lsst_hardware_u 7.223597278866609 2.8911568693150524 28.389999389648438 AB 2.5469044957974565 1.153228207288864
60586.1924 lsst_hardware_g 39.24656087674126 16.594083883938737 31.440000534057617 AB 2.543107552505244 1.1454579472285462
60588.145 lsst_hardware_g 3.142305227048723 16.456259557986964 31.420000076293945 AB 5.100565944566949 1.1850757306149975
60588.1623 lsst_hardware_r 203.29791434830608 28.945185966215753 31.489999771118164 AB 5.055637445076109 1.1586197880316509
60592.1414 lsst_hardware_z 325.17658617931073 48.689108236819564 30.950000762939453 AB 3.7306306827643896 1.1720485965328387
60592.1598 lsst_hardware_g 10.71954767522341 18.10131130333418 31.489999771118164 AB 3.637702139386172 1.1509894445140103
60594.1423 lsst_hardware_r 175.2712712790878 37.43353128039534 31.559999465942383 AB 7.027574758613925 1.1629281414221289
60594.1595 lsst_hardware_i 298.5749351609326 40.882252297393045 31.260000228881836 AB 6.9411823714245635 1.14793534257301
60596.1413 lsst_hardware_z 352.98272091816824 56.50119588098288 30.959999084472656 AB 9.653728901746115 1.1577065360264769
60596.1569 lsst_hardware_r 152.61963942874013 59.64514604923651 31.6200008392334 AB 9.545672568159395 1.1467650850744107
60599.1476 lsst_hardware_z 558.1589276743941 152.7384695820426 31.739999771118164 AB 7.3419156136770996 1.1471743146370468
60603.1079 lsst_hardware_i 156.75189459323622 52.103375632310616 31.290000915527344 AB 3.1576733260665675 1.1778700625675724
60603.1246 lsst_hardware_r 201.34473814362067 58.58649178296937 31.610000610351562 AB 3.0783287392968663 1.155275836483802
60609.0942 lsst_hardware_z 264.0023518707391 46.010129528090616 30.940000534057617 AB 4.987743589406433 1.1733106538241431
60609.1002 lsst_hardware_r 82.2370122772456 26.723293345988008 31.510000228881836 AB 4.909782194421289 1.164421248528706
60611.1058 lsst_hardware_u 1.404788687513816 3.1040863408306336 28.559999465942383 AB 3.439742615885974 1.1526000053228036
60611.1221 lsst_hardware_g -10.07147420030629 15.811641051907195 31.459999084472656 AB 3.3742601014961586 1.145499638393918
60613.102 lsst_hardware_r 118.85347256946494 26.64821473295004 31.520000457763672 AB 5.708248891258516 1.1513208735897138
60613.1186 lsst_hardware_z 158.93816372053394 45.68384460075683 30.950000762939453 AB 5.825210322194315 1.1454547875712524
60615.0868 lsst_hardware_i 154.1612127162848 34.48811557250668 31.25 AB 6.429079296474434 1.160658215099943
60615.1058 lsst_hardware_r 141.37284260478316 26.284043910690745 31.510000228881836 AB 6.490195329622482 1.1465088172448301
60617.0849 lsst_hardware_u -2.4807204152121654 2.736436924375667 28.34000015258789 AB 5.149840173073595 1.156725916273099
60617.1046 lsst_hardware_g -36.32644835739339 15.435239991780634 31.420000076293945 AB 5.1165399708192325 1.145600889072449
60622.087 lsst_hardware_z 237.18053041040704 45.73163925895939 30.950000762939453 AB 7.31106166390872 1.1464135998183904
60622.1057 lsst_hardware_r 81.25168765637154 30.092900346635396 31.540000915527344 AB 7.336479996808254 1.1487781194438336
60624.0538 lsst_hardware_i 66.55701752275903 46.91315671650254 31.280000686645508 AB 4.080760045445108 1.1724075978103163
60624.0722 lsst_hardware_z 193.92211137394628 51.43197373530498 30.950000762939453 AB 4.020195297864716 1.1511487919818792
60626.0559 lsst_hardware_z 117.22685785815132 74.77456949312214 30.979999542236328 AB 5.035111951272806 1.161703166931572
60626.0733 lsst_hardware_r -5.221953165851514 96.8127094352065 31.6299991607666 AB 5.033960573834875 1.147406820635905
60629.0554 lsst_hardware_i 151.08963295120867 96.10946807132194 31.31999969482422 AB 6.8830284979266 1.1536446446047954
60629.0735 lsst_hardware_r 138.73408900891724 119.6980384069584 31.6299991607666 AB 6.844162647193708 1.145466551831583
60633.0608 lsst_hardware_r -25.248137974363246 24.440000534057617 31.489999771118164 AB 7.64151941149062 1.1456121451955503
60633.0804 lsst_hardware_i -3.660364377673447 32.279998779296875 31.239999771118164 AB 7.5819403949289725 1.151891281229176
60640.0292 lsst_hardware_y 21.22674867063204 54.310001373291016 30.020000457763672 AB 5.5536635285092535 1.1506606295472104
60640.048 lsst_hardware_u -1.4140256876859447 2.799999952316284 28.399999618530273 AB 4.2128748625788495 1.1457369764969605
60642.0252 lsst_hardware_y -3.9700804895060884 65.54000091552734 30.020000457763672 AB 7.1091851683413445 1.1497024611209419
60642.0405 lsst_hardware_r 25.672433612768852 25.09000015258789 31.5 AB 7.088159631553038 1.1454994421666078
60644.0291 lsst_hardware_y 25.025253276898994 58.849998474121094 30.020000457763672 AB 8.458467031371358 1.1458749647374358
60644.0483 lsst_hardware_r -23.233260688389176 24.75 31.489999771118164 AB 9.558133005750602 1.1504041651020762
60646.0301 lsst_hardware_z 44.07553659973538 54.09000015258789 30.959999084472656 AB 7.687596229389274 1.145541455367687
60646.0494 lsst_hardware_g 0.4538227665010547 15.819999694824219 31.450000762939453 AB 7.668581662934417 1.1558068166871995
60859.4174 lsst_hardware_g 18.189927637771834 16.639999389648438 31.440000534057617 AB 8.1286775398786 1.1612396485540857
60859.4385 lsst_hardware_z -53.60382527788554 49.880001068115234 30.950000762939453 AB 8.022673806594847 1.146096258084978
60864.415 lsst_hardware_r -7.764299409566181 25.760000228881836 31.5 AB 1.6212114628522183 1.1506114001790053
60864.4338 lsst_hardware_y 86.86382426492962 51.290000915527344 30.010000228881836 AB 2.4520139656620255 1.1458009185337674
60869.3989 lsst_hardware_z -13.74582977706463 63.150001525878906 30.969999313354492 AB 7.092797268301904 1.1524258993124845
60869.4191 lsst_hardware_y 52.32752835842246 54.84000015258789 30.020000457763672 AB 7.349363207865707 1.1456528772978682
60871.4183 lsst_hardware_y 5.017667565376541 79.95999908447266 30.770000457763672 AB 5.270358556708429 1.1467064834279397
60876.3738 lsst_hardware_g -3.974426743516332 17.940000534057617 31.479999542236328 AB 3.173013682191775 1.1580341905809397
60876.3946 lsst_hardware_r 28.717187766233096 26.739999771118164 31.510000228881836 AB 5.370943915372216 1.1456587977401318
60878.3753 lsst_hardware_i -29.557628344107066 32.72999954223633 31.239999771118164 AB 6.194599223228573 1.1516800786853028
60878.3942 lsst_hardware_z 54.74353735962973 43.38999938964844 30.940000534057617 AB 6.159429298792099 1.1456206265771596
60880.3735 lsst_hardware_r -66.39559179907116 24.959999084472656 31.5 AB 5.803668037495603 1.1492411955436839
60880.3938 lsst_hardware_u 1.2131097505911852 2.859999895095825 28.469999313354492 AB 6.108660431559735 1.1467355794180092
60882.3672 lsst_hardware_g 12.666529825215353 15.630000114440918 31.420000076293945 AB 8.179307190296315 1.1497479885150852
60882.3886 lsst_hardware_i -50.52953521139964 32.68000030517578 31.229999542236328 AB 7.7864661749748825 1.146825334147881
60885.3636 lsst_hardware_z -6.52832429203918 43.33000183105469 30.940000534057617 AB 4.821380986439742 1.1473787176455508
60885.3811 lsst_hardware_r -39.78865453874834 24.850000381469727 31.5 AB 5.391258777430579 1.1470763356235274
60889.3651 lsst_hardware_r 23.346997705422844 24.719999313354492 31.489999771118164 AB 1.6475807549376251 1.1457446140039118
60889.3854 lsst_hardware_i 42.94132356027946 32.5099983215332 31.239999771118164 AB 2.1606871144710285 1.1581313817068226
60893.2919 lsst_hardware_r -97.17853536227841 59.0099983215332 31.600000381469727 AB 3.341509996004975 1.2284963220606524
60893.316 lsst_hardware_z -25.35894166379167 51.81999969482422 30.950000762939453 AB 3.220716160487857 1.173445285579739
60895.3334 lsst_hardware_z -49.541778485674854 62.86000061035156 30.969999313354492 AB 2.840331579807443 1.1487690919345424
60895.3538 lsst_hardware_i 26.19893007938648 69.29000091552734 31.309999465942383 AB 2.915882330354718 1.1470819552932456
60898.33 lsst_hardware_z 102.55381867069791 81.44000244140625 30.989999771118164 AB 6.4222108912581986 1.146686863098119
60898.3488 lsst_hardware_r 104.79362730340777 115.55000305175781 31.639999389648438 AB 6.201998085906323 1.1485181640567264
60900.3252 lsst_hardware_y -51.04605997494843 84.69000244140625 30.770000457763672 AB 4.165168510603729 1.1464818361144313
60903.3093 lsst_hardware_r -8.232002410479986 35.970001220703125 31.56999969482422 AB 5.5379105556339585 1.1501172819370988
60903.3296 lsst_hardware_i -18.776421377078222 38.529998779296875 31.270000457763672 AB 5.517528431146297 1.1463207668719257
60905.3223 lsst_hardware_z -53.354625216562106 43.31999969482422 30.940000534057617 AB 3.8507976427309423 1.1459002061392478
60905.3414 lsst_hardware_r -13.112664977322627 25.149999618530273 31.5 AB 4.510395471642773 1.1577981017308392
60907.2524 lsst_hardware_r -2.865657571468155 24.8799991607666 31.479999542236328 AB 1.9147899510374269 1.2323668228720366
60907.2705 lsst_hardware_u -1.9544571342526496 2.7300000190734863 28.360000610351562 AB 1.8181364216908649 1.18670857004571
60911.2959 lsst_hardware_z -88.386756002932 43.0 30.940000534057617 AB 3.577831886299703 1.146281741705952
60911.3176 lsst_hardware_r -13.196694949733395 24.389999389648438 31.489999771118164 AB 3.589783720518315 1.1511866554307797
60913.2571 lsst_hardware_u -2.880841621094162 2.740000009536743 28.3700008392334 AB 2.612944640333983 1.1809474477047115
60913.2728 lsst_hardware_g -13.62315277208915 15.170000076293945 31.40999984741211 AB 2.578849841285158 1.1580360773649414
60931.2016 lsst_hardware_u 0.5750326708939586 3.9700000286102295 28.610000610351562 AB 2.5921682103167325 1.1938140360684981
60931.2185 lsst_hardware_g -9.176305548163196 29.0 31.600000381469727 AB 2.7343770297257044 1.1642252468318357
60933.1968 lsst_hardware_r -7.901015808214504 25.040000915527344 31.489999771118164 AB 1.2216894408843897 1.1923768434827229
