data/validation/pwv_sim_epoch_fit_epoch/34565364.ecsv
# %ECSV 0.9
# ---
# datatype:
# - {name: time, datatype: float64}
# - {name: band, datatype: string}
# - {name: flux, datatype: float64}
# - {name: fluxerr, datatype: float64}
# - {name: zp, datatype: float64}
# - {name: zpsys, datatype: string}
# - {name: pwv, datatype: float64}
# - {name: airmass, datatype: float64}
# meta: {SNID: '34565364', alt: 1024.0, c: 0.20262596011161804, dec: -27.279613, lat: -30.244573, lon: -70.7499537, ra: 256.464844, t0: 61878.92578125,
#   x0: 1.9409594026487782e-05, x1: -0.20105819404125214, z: 0.3475661873817444}
# schema: astropy-2.0
time band flux fluxerr zp zpsys pwv airmass
61833.296 lsst_hardware_r 41.09995135089793 27.360000610351562 31.40999984741211 AB 11.607422557238177 1.6113587224597143
61833.3146 lsst_hardware_z -23.676689767569343 47.33000183105469 30.90999984741211 AB 10.370667034883978 1.4383228091791982
61835.2903 lsst_hardware_r -13.028459851892196 27.549999237060547 31.40999984741211 AB 12.547603287462142 1.6139607414226813
61835.3095 lsst_hardware_u 2.593235361821914 2.640000104904175 28.149999618530273 AB 10.234846789812057 1.4354623828628255
61837.2985 lsst_hardware_g 11.692987325473704 16.59000015258789 31.34000015258789 AB 14.332075600242781 1.4813514832292676
61837.3181 lsst_hardware_r -8.821703934911284 26.829999923706055 31.459999084472656 AB 12.774802948262733 1.3354615853223883
61839.2961 lsst_hardware_i -41.92461901680267 60.459999084472656 31.239999771118164 AB 12.652681305745048 1.455502278355579
61839.3166 lsst_hardware_z 51.979999363216635 57.29999923706055 30.940000534057617 AB 11.362798674201477 1.3109913092302454
61841.2959 lsst_hardware_r 71.80821351519857 88.69000244140625 31.549999237060547 AB 10.56545684871913 1.4139119235488966
61841.3153 lsst_hardware_z -3.2618167386357593 62.88999938964844 30.950000762939453 AB 9.582326587711824 1.2868228815835658
61844.2966 lsst_hardware_z -27.197884077469904 65.86000061035156 30.940000534057617 AB 11.212975768340604 1.3509609359446508
61844.3156 lsst_hardware_i 106.57178429852635 66.23999786376953 31.290000915527344 AB 10.308368646542599 1.2419721260894696
61848.3368 lsst_hardware_r 4.766615730848611 45.11000061035156 31.600000381469727 AB 7.291435505016799 1.1162353744316877
61848.3529 lsst_hardware_i -25.41988087443197 43.86000061035156 31.290000915527344 AB 7.013400354370078 1.0737535628022574
61850.334 lsst_hardware_z 11.213621617502174 44.220001220703125 30.950000762939453 AB 6.529825226161774 1.1083938427603268
61850.3494 lsst_hardware_u 4.656071670804953 3.640000104904175 28.6200008392334 AB 6.227215225625967 1.0693557914641043
61852.3357 lsst_hardware_g 10.723903557083625 16.329996231005584 31.469999313354492 AB 6.579369278478559 1.0889389735979078
61852.3523 lsst_hardware_r -4.5282807476127624 25.36097035794129 31.520000457763672 AB 6.378738571950374 1.0523366447167162
61854.3338 lsst_hardware_i 92.90423191599822 32.4873724937812 31.25 AB 7.150409580186097 1.0801222930794794
61854.3511 lsst_hardware_z 89.21145621740978 42.051887470672014 30.950000762939453 AB 6.899404268633443 1.0447047473009794
61856.3365 lsst_hardware_u 5.255092168403721 2.8572948594563417 28.450000762939453 AB 8.26441167953738 1.061933848252452
61856.3531 lsst_hardware_g -48.61182616613345 16.30931731058848 31.489999771118164 AB 8.032124807281235 1.0329489308589002
61858.3425 lsst_hardware_r 284.6282209303036 30.1095835580312 31.520000457763672 AB 9.160366922295461 1.0408325102028793
61858.3608 lsst_hardware_z 270.3124665349733 44.54650792840233 30.950000762939453 AB 8.962073962796433 1.0169440824710234
61860.2524 lsst_hardware_g 265.37963733085513 21.987976881793564 31.360000610351562 AB 6.186587554124783 1.3544059009632279
61860.2699 lsst_hardware_r 778.3786340574909 36.98183338555423 31.469999313354492 AB 5.71814594322553 1.2521258976789906
61862.2505 lsst_hardware_i 1223.6708562490028 48.23546379821713 31.209999084472656 AB 10.517568112603312 1.331337735772571
61862.2676 lsst_hardware_z 1095.6538956028235 54.835416477235 30.93000030517578 AB 9.767342440879542 1.236372460870828
61864.2547 lsst_hardware_r 2133.562068049705 52.022496541661376 31.459999084472656 AB 8.06180358149629 1.2746942179613077
61864.272 lsst_hardware_g 844.2052583677739 33.861286663361376 31.40999984741211 AB 7.702884673625276 1.1917820536810972
61866.2515 lsst_hardware_r 3159.334908954985 68.73284149426335 31.549999237060547 AB 18.433884052798952 1.2625947981369146
61866.268 lsst_hardware_i 2659.0673008543113 64.1206843953878 31.260000228881836 AB 17.311618111534766 1.1857272679133402
61872.2455 lsst_hardware_z 7619.405244816496 139.5145729351268 31.719999313354492 AB 8.324095740514602 1.2120263166435141
61876.204 lsst_hardware_z 8080.038802573909 121.75007329685 31.690000534057617 AB 23.678383692132087 1.3869989471130775
61876.2366 lsst_hardware_r 14268.62614916443 148.23048668232005 32.36000061035156 AB 19.68327526793233 1.203072903861804
61880.2375 lsst_hardware_i 5859.039813076805 83.35780530105687 31.239999771118164 AB 3.1208406750771998 1.155866916695259
61880.2542 lsst_hardware_z 4230.96994383684 76.93192278905464 30.950000762939453 AB 3.9417648000422596 1.1024373654152593
61883.2458 lsst_hardware_i 5995.802001225692 82.50044949471436 31.239999771118164 AB 4.8912598494451895 1.1030221598733818
61883.2642 lsst_hardware_u 9.23835980148686 3.8127408224776587 28.40999984741211 AB 5.930037206018868 1.0590612940859987
61889.2338 lsst_hardware_z 3529.5807730363404 70.39938758703948 30.940000534057617 AB 11.392368896784813 1.0912230744046754
61889.2481 lsst_hardware_u 7.937867717730536 3.340843027085924 28.43000030517578 AB 11.108953979995972 1.0584996646018077
61895.1499 lsst_hardware_z 2366.2573027621415 70.4871869278526 30.93000030517578 AB 12.007592866604943 1.4032343029581664
61895.1693 lsst_hardware_r 3554.659325080573 75.31005735819912 31.56999969482422 AB 11.772861062708058 1.2788942548159314
61897.1488 lsst_hardware_i 3720.1649638941635 83.85402874628728 31.25 AB 8.420264001671898 1.3719743648172764
61897.1677 lsst_hardware_z 2514.529604118481 74.3573957581716 30.940000534057617 AB 8.041914803363925 1.2582366668887581
61899.157 lsst_hardware_r 2812.6151720314424 133.99102538993571 31.600000381469727 AB 9.777949240873397 1.2865722685359733
61899.1767 lsst_hardware_z 2467.698288498439 93.126722062933 30.979999542236328 AB 9.16933786739364 1.1907200070202433
61903.1483 lsst_hardware_y 696.5946388135698 65.71684481390142 29.979999542236328 AB 8.903777003689429 1.2742891700868906
61903.1665 lsst_hardware_r 2320.3610172592817 112.01606118669969 31.6200008392334 AB 8.250245163283026 1.1877264946241535
61908.1557 lsst_hardware_i 2609.238157486037 59.404916106783475 31.229999542236328 AB 9.355500875216004 1.1762007637939527
61908.176 lsst_hardware_z 2221.79066395457 62.45589839756811 30.940000534057617 AB 8.162637268301339 1.1073988967984918
61910.1561 lsst_hardware_r 1222.6191803734437 43.04873137846158 31.5 AB 8.88607927167801 1.1540362690490922
61910.1761 lsst_hardware_g 308.95563700693174 22.59661545198733 31.450000762939453 AB 8.83752710080114 1.092176366731318
61918.1365 lsst_hardware_i 3689.2299299738092 74.9750684864074 31.989999771118164 AB 8.258051888697986 1.1460761763510694
61918.1643 lsst_hardware_u 4.127174857328156 4.160696465342908 29.219999313354492 AB 7.682697328695163 1.0681539560229631
61926.0324 lsst_hardware_z 1223.7307812451402 76.85321639291054 30.899999618530273 AB 17.525591857173815 1.7256958535963627
61926.0536 lsst_hardware_r 650.9140675649818 87.76793296442868 31.549999237060547 AB 14.235258080853956 1.4982247995496147
61928.0395 lsst_hardware_i 1229.7925804037443 139.245619028319 31.239999771118164 AB 7.177847467712087 1.5811397608588194
61928.0591 lsst_hardware_r 345.1730943735039 163.59570787926373 31.56999969482422 AB 5.381070258646978 1.4084727806955102
61944.0454 lsst_hardware_u 3.2062477187864133 2.8707682616904653 28.350000381469727 AB 3.684949493162393 1.2283164977207977
61944.0641 lsst_hardware_g 92.06262976428164 18.220910384864354 31.440000534057617 AB 3.453168974331012 1.151056324777004
61950.0704 lsst_hardware_r 57.145892946189356 26.770000457763672 31.520000457763672 AB 3.78823322456782 1.083280876342052
61950.0883 lsst_hardware_i -3.2024747989900217 32.560001373291016 31.25 AB 4.086560631779315 1.0459140805645988
61958.0829 lsst_hardware_y 143.72567135969257 96.13999938964844 30.829999923706055 AB 3.2379667427009995 1.0221930156900643
61959.9634 lsst_hardware_z 43.86699930042984 100.44999694824219 31.68000030517578 AB 4.584824128792141 1.475208192666607
61962.0534 lsst_hardware_i -77.703224859392 44.209999084472656 31.299999237060547 AB 6.975492338759467 1.0497091628641406
61962.0724 lsst_hardware_z -34.40237530411844 49.439998626708984 30.969999313354492 AB 6.764556640377968 1.0217077367468457
61963.9562 lsst_hardware_y 38.84456962262906 80.97000122070312 29.940000534057617 AB 7.106502724056162 1.4442888083440566
61963.975 lsst_hardware_i -26.740219596669604 33.709999084472656 31.219999313354492 AB 7.746354827828882 1.3129414962421833
61973.9614 lsst_hardware_y 102.9143589009605 71.02999877929688 29.989999771118164 AB 4.2335962217999485 1.2383764299336824
61973.9798 lsst_hardware_g 11.605522819316214 15.359999656677246 31.40999984741211 AB 3.9106046907894636 1.1597285559873853
61975.9635 lsst_hardware_y -124.44007751082499 62.08000183105469 30.010000228881836 AB 5.9108014230762045 1.203379883222735
61975.9821 lsst_hardware_i -10.97994067050708 32.400001525878906 31.25 AB 5.5643505468480035 1.1326730091461727
61977.9646 lsst_hardware_z 30.922639680775696 56.36000061035156 30.959999084472656 AB 5.114847166058993 1.1760973019219376
61977.984 lsst_hardware_u 2.214701816071782 2.9600000381469727 28.399999618530273 AB 4.8536919169717 1.1099226885367575
61978.9645 lsst_hardware_y 29.537392164742943 61.279998779296875 30.010000228881836 AB 4.807801186786992 1.165904418427045
61978.9829 lsst_hardware_r 41.49329483434523 26.649999618530273 31.510000228881836 AB 4.549363579959097 1.105242801949815
61980.9667 lsst_hardware_y -118.04512741201316 60.380001068115234 30.030000686645508 AB 6.006049074763449 1.1384795895675195
61980.985 lsst_hardware_z 58.53818298898453 47.310001373291016 30.959999084472656 AB 5.750559216509624 1.085147669488544
61982.9679 lsst_hardware_y 68.48053344344483 64.52999877929688 30.040000915527344 AB 5.1191380668654265 1.1171872258826814
61982.9876 lsst_hardware_z 75.37391514078405 69.0 30.989999771118164 AB 4.878046370793655 1.0664727526877251
61985.1295 lsst_hardware_z -20.319282074169614 85.29000091552734 30.989999771118164 AB 2.1406997722066254 1.1178588888807444
61985.1465 lsst_hardware_r 5.664962165871939 115.87999725341797 31.6299991607666 AB 2.2263079662128864 1.1771621764509643
61986.9814 lsst_hardware_z 158.25147257872501 103.31999969482422 31.739999771118164 AB 1.174071500662259 1.056770027599482
61989.9713 lsst_hardware_y 123.50323572476945 54.59000015258789 30.049999237060547 AB 3.552957720146712 1.0605843940736455
61989.9898 lsst_hardware_i -8.807871374389599 46.15999984741211 31.309999465942383 AB 3.394359637421164 1.029373658050391
61991.9735 lsst_hardware_y 91.92285843920659 52.20000076293945 30.049999237060547 AB 2.209931195456717 1.0461212759558423
61991.9927 lsst_hardware_r 9.080488475330847 24.299999237060547 31.530000686645508 AB 2.1811242717564427 1.01925664009803
62202.3023 lsst_hardware_z 10.675738938249676 58.65999984741211 30.920000076293945 AB 12.977564932194207 1.4552102413315047
62202.3234 lsst_hardware_r 106.95240254031393 55.459999084472656 31.56999969482422 AB 11.648463725855532 1.3072005078953577
62208.297 lsst_hardware_g -26.27735810182462 16.399999618530273 31.3700008392334 AB 18.775574071487025 1.3714809402108625
62208.3165 lsst_hardware_r 7.970689751708817 26.280000686645508 31.479999542236328 AB 17.238914310067944 1.2547658491542708
62211.295 lsst_hardware_i -35.74331942514039 34.689998626708984 31.219999313354492 AB 10.369916001532207 1.3306136871084955
62211.3157 lsst_hardware_z -39.5547194000459 44.849998474121094 30.93000030517578 AB 9.419197811793788 1.2187877263481492
62213.3353 lsst_hardware_r -4.620947960744552 25.43000030517578 31.520000457763672 AB 8.400860502147706 1.1229970928246107
62213.3532 lsst_hardware_i 5.431702768317234 32.369998931884766 31.260000228881836 AB 7.998851043697482 1.0746810484613034
62216.3362 lsst_hardware_z -10.54069233910848 42.869998931884766 30.959999084472656 AB 6.465080550654354 1.0966282650060633
62216.3532 lsst_hardware_r -1.8280403999420516 25.280000686645508 31.540000915527344 AB 6.2075581443234835 1.0572054744802981
62218.3308 lsst_hardware_u -0.9142171725822124 3.0 28.559999465942383 AB 6.78950674386175 1.0964670541590316
62218.348 lsst_hardware_g -0.5142272690665229 16.290000915527344 31.5 AB 6.35839492264777 1.0566944904479376
62222.3363 lsst_hardware_y 30.39398245608362 47.59000015258789 30.049999237060547 AB 8.244354464961505 1.058234784994203
62222.3528 lsst_hardware_g 12.00482142278278 16.040000915527344 31.489999771118164 AB 8.011635034638058 1.0305126902946276
62224.3403 lsst_hardware_r 19.691577905001367 77.19000244140625 31.65999984741211 AB 9.241734414257081 1.0411168968662043
62224.3568 lsst_hardware_i -52.59038071701785 60.88999938964844 31.329999923706055 AB 9.015113931382919 1.0189735716050659
62228.2568 lsst_hardware_i 44.348547241892746 84.56999969482422 31.290000915527344 AB 10.1280752460497 1.2820348412721139
62228.2736 lsst_hardware_z -108.92475439116211 74.77999877929688 30.979999542236328 AB 9.476702789346945 1.1995826315629043
62232.2535 lsst_hardware_g 41.590454862934344 29.959999084472656 31.579999923706055 AB 18.133785440660514 1.2420400986753777
62232.272 lsst_hardware_r -49.29985333631369 36.150001525878906 31.56999969482422 AB 16.967006734556954 1.1621237489422571
62234.2508 lsst_hardware_i -48.07692487518929 33.22999954223633 31.229999542236328 AB 10.579598768067408 1.2286500906503393
62234.2708 lsst_hardware_r 9.808850090866454 25.219999313354492 31.5 AB 9.878637162453998 1.146711995409501
62246.2421 lsst_hardware_r 12.29903279237478 24.510000228881836 31.5 AB 3.0739706936951747 1.1329478277693448
62246.261 lsst_hardware_z 12.217060667308132 42.220001220703125 30.950000762939453 AB 3.873159526927282 1.0796263489692772
62248.2585 lsst_hardware_u -7.096730646118902 2.819999933242798 28.469999313354492 AB 9.068904866681896 1.072735375760811
62248.2774 lsst_hardware_g -26.75350752851369 15.399999618530273 31.479999542236328 AB 8.769578753841051 1.0369609499634682
62250.2339 lsst_hardware_z -70.76854289314001 47.310001373291016 30.950000762939453 AB 9.043156069315431 1.1242113462599845
62250.2526 lsst_hardware_r -30.725422356652857 37.599998474121094 31.59000015258789 AB 9.100984110012742 1.073735737377624
62252.2445 lsst_hardware_i 152.9481307726105 54.20000076293945 31.309999465942383 AB 6.419715252525006 1.0799117280237385
62252.2633 lsst_hardware_z -59.45777618448318 52.88999938964844 30.979999542236328 AB 6.41206525301856 1.0420333288582593
62257.1489 lsst_hardware_z 69.66105771757087 97.97000122070312 30.940000534057617 AB 13.829256845096072 1.48265922862155
62257.1675 lsst_hardware_i -86.79756496727019 107.62999725341797 31.290000915527344 AB 13.023461082367398 1.34285558505249
62259.1523 lsst_hardware_z -125.49539061658493 62.619998931884766 30.93000030517578 AB 16.030734597377297 1.4109699069117014
62259.1709 lsst_hardware_g -30.588684275856536 61.54999923706055 31.6200008392334 AB 14.844479672923605 1.2891428287384807
62261.1496 lsst_hardware_r 35.30201943874285 25.34000015258789 31.450000762939453 AB 11.909989076841457 1.3906092816550473
62261.1685 lsst_hardware_i 0.7543546550618248 33.41999816894531 31.219999313354492 AB 11.738638330844083 1.2722053030068368
62264.1535 lsst_hardware_z -35.887166770828436 45.25 30.93000030517578 AB 12.89097352873741 1.3109909009190899
62264.1732 lsst_hardware_u 0.516802486052018 2.8299999237060547 28.440000534057617 AB 10.654845433246534 1.2088547121904325
62268.1371 lsst_hardware_r -12.834911919046 35.81999969482422 32.209999084472656 AB 17.501119655728484 1.3452482840773905
62268.1509 lsst_hardware_i -14.072019895525514 47.209999084472656 31.979999542236328 AB 16.369054792581185 1.2641254256210603
62270.1508 lsst_hardware_i 89.42470593862193 33.16999816894531 31.229999542236328 AB 7.6865499795285395 1.2369066104481907
62270.171 lsst_hardware_u 0.7046736706913479 2.75 28.3799991607666 AB 6.81050802836942 1.1520778192285341
62277.1585 lsst_hardware_i 49.708661297651986 34.63999938964844 31.260000228881836 AB 8.058982873342119 1.129579209943555
