data/validation/pwv_sim_epoch_fit_epoch/34615458.ecsv
# %ECSV 0.9
# ---
# datatype:
# - {name: time, datatype: float64}
# - {name: band, datatype: string}
# - {name: flux, datatype: float64}
# - {name: fluxerr, datatype: float64}
# - {name: zp, datatype: float64}
# - {name: zpsys, datatype: string}
# - {name: pwv, datatype: float64}
# - {name: airmass, datatype: float64}
# meta: {SNID: '34615458', alt: 1024.0, c: -0.029695136472582817, dec: -45.586655, lat: -30.244573, lon: -70.7499537, ra: 24.113924, t0: 62346.0,
#   x0: 3.957239759340422e-06, x1: 0.8702012896537781, z: 0.6749104261398315}
# schema: astropy-2.0
time band flux fluxerr zp zpsys pwv airmass
[from data line 132]
62781.3213 lsst_hardware_r -26.417095804126905 22.709999084472656 31.459999084472656 AB 5.577153193529231 1.1816002528663625
62781.3336 lsst_hardware_i 32.09255535100683 31.850000381469727 31.219999313354492 AB 4.406680189332409 1.2240778303701136
62787.2934 lsst_hardware_r -8.35962433048221 82.19000244140625 31.6299991607666 AB 6.094840917031313 1.1478943891449207
62787.305 lsst_hardware_i -82.21430874272993 66.4000015258789 31.299999237060547 AB 6.147648915423299 1.181861374320286
62789.304 lsst_hardware_z -26.229691564052672 73.63999938964844 31.700000762939453 AB 6.7859602832313755 1.1964666970139666
62791.3043 lsst_hardware_g -40.14243235171082 43.380001068115234 31.6299991607666 AB 6.588092791339619 1.2166938069790145
62791.3168 lsst_hardware_r 18.456124051084792 43.619998931884766 31.559999465942383 AB 6.856907116052699 1.2663386335569875
62793.27 lsst_hardware_r 39.23763314147994 30.850000381469727 31.549999237060547 AB 4.1748294763832385 1.1299610636187039
62793.2811 lsst_hardware_i -60.33229057003678 35.2599983215332 31.260000228881836 AB 4.277884964154775 1.1592137017852338
62794.0892 lsst_hardware_u 2.4818435027988843 3.819999933242798 29.18000030517578 AB 3.8153531095956197 1.164815481482516
62794.0999 lsst_hardware_g -3.1823469206353794 13.260000228881836 31.389999389648438 AB 3.6732039464656565 1.1357204750608816
62796.2456 lsst_hardware_r 10.713625261415398 22.059999465942383 31.469999313354492 AB 2.7625674499842137 1.0953513761710678
62796.2559 lsst_hardware_u 0.7433360187709871 2.5899999141693115 28.360000610351562 AB 3.0904256223909665 1.1162816046201793
62799.2771 lsst_hardware_r 16.60706852941543 22.440000534057617 31.450000762939453 AB 4.551773266067283 1.197835070017706
62799.2881 lsst_hardware_i -43.51247297924598 31.68000030517578 31.219999313354492 AB 4.704736447938401 1.2380885389311582
62801.2818 lsst_hardware_z 48.26693466742756 43.439998626708984 30.93000030517578 AB 4.05540777449844 1.2348048335231996
62801.2929 lsst_hardware_u -1.2812041965728689 2.5799999237060547 28.299999237060547 AB 4.03686731367475 1.2813417913581828
62803.2782 lsst_hardware_g 9.632446002231411 13.279999732971191 31.34000015258789 AB 3.265167631305217 1.2421383329844853
62803.2893 lsst_hardware_r 11.767470926628173 22.969999313354492 31.450000762939453 AB 3.3933327665969784 1.289831903679561
62807.23 lsst_hardware_z -12.707868257455832 41.84000015258789 30.940000534057617 AB 5.0623830229167295 1.125724488084663
62807.2421 lsst_hardware_r 7.417328477094892 22.219999313354492 31.469999313354492 AB 5.0686123365826194 1.1570193086986342
62809.1779 lsst_hardware_i 6.784549490214073 41.83000183105469 31.299999237060547 AB 4.902862607837611 1.0513643905297734
62809.1887 lsst_hardware_z 61.677126555022745 46.849998474121094 30.969999313354492 AB 4.973864804950401 1.062715932971384
62813.1804 lsst_hardware_r -27.55188689955667 117.19999694824219 32.400001525878906 AB 5.52512273266766 1.0659743527446954
62813.1908 lsst_hardware_i -73.79680219142654 93.86000061035156 32.08000183105469 AB 5.615717874179326 1.0808984600232885
62819.138 lsst_hardware_r -2.2396493606997074 43.650001525878906 31.6200008392334 AB 5.203879026987817 1.0421827521129159
62819.1497 lsst_hardware_z 64.40940656477386 47.20000076293945 30.959999084472656 AB 5.249540324347617 1.0505734280406158
62827.0602 lsst_hardware_u -0.6793127020964927 3.680000066757202 29.15999984741211 AB 4.676299321669068 1.0516809449386528
62827.0697 lsst_hardware_g 24.528855982462794 18.360000610351562 32.13999938964844 AB 4.681459372485986 1.0442693224372042
62829.0862 lsst_hardware_r 12.465351231425942 21.610000610351562 31.479999542236328 AB 8.211288995020844 1.0362991453898671
62829.0988 lsst_hardware_i 58.48469396039983 29.690000534057617 31.25 AB 8.260305000677619 1.0373792281493457
62831.0778 lsst_hardware_z -109.34657940748636 57.56999969482422 31.700000762939453 AB 4.455125154843322 1.0366381342224436
62831.0909 lsst_hardware_r -30.96632513159801 30.670000076293945 32.2400016784668 AB 3.746053100422961 1.0368501258235951
62833.1599 lsst_hardware_g 7.053956073163744 13.149999618530273 31.3700008392334 AB 4.79103104773759 1.1278542927484272
62833.1719 lsst_hardware_i 16.607668938405542 30.889999389648438 31.229999542236328 AB 3.7529783162338095 1.1592807813737056
62835.1571 lsst_hardware_z 135.10655231081176 42.08000183105469 30.940000534057617 AB 5.969217666208497 1.1343470314424715
62835.1682 lsst_hardware_r 31.095969582392446 22.420000076293945 31.469999313354492 AB 5.186900260667354 1.16437449730635
62838.1518 lsst_hardware_r -16.802318755690546 41.16999816894531 31.59000015258789 AB 7.383608544964655 1.1417050581006174
62838.1652 lsst_hardware_i -18.09668599517247 41.25 31.270000457763672 AB 7.635208545840191 1.1801498943146835
62840.1163 lsst_hardware_r -50.83810614633352 56.36000061035156 31.6299991607666 AB 4.015698232012064 1.0796822634913839
62840.1283 lsst_hardware_i -9.689774409178252 49.7400016784668 31.299999237060547 AB 2.836812275316436 1.1007840680287921
62842.1229 lsst_hardware_z 21.04488039966671 55.16999816894531 30.969999313354492 AB 6.234055044423801 1.1009044698181896
62842.1345 lsst_hardware_r 10.270927162712765 70.06999969482422 31.6299991607666 AB 5.021507073732926 1.125898447025163
62844.0824 lsst_hardware_z -49.4533873575678 81.7300033569336 31.729999542236328 AB 5.654462951555874 1.0514388604250953
62849.0777 lsst_hardware_r -1.741961496578621 22.079999923706055 31.479999542236328 AB 8.37900857651841 1.0606339970276468
62849.09 lsst_hardware_z 27.611112244343943 41.369998931884766 30.940000534057617 AB 7.968910026460999 1.077025277261927
62851.0752 lsst_hardware_r -4.394827817084741 22.06999969482422 31.489999771118164 AB 10.640150963990747 1.0641753074068878
62851.0875 lsst_hardware_u -0.5050636580463478 2.7100000381469727 28.479999542236328 AB 10.915150221570523 1.08164942846882
