data/validation/pwv_sim_epoch_fit_epoch/3464716.ecsv
# %ECSV 0.9
# ---
# datatype:
# - {name: time, datatype: float64}
# - {name: band, datatype: string}
# - {name: flux, datatype: float64}
# - {name: fluxerr, datatype: float64}
# - {name: zp, datatype: float64}
# - {name: zpsys, datatype: string}
# - {name: pwv, datatype: float64}
# - {name: airmass, datatype: float64}
# meta: {SNID: '3464716', alt: 1024.0, c: -0.09224175661802292, dec: -53.572231, lat: -30.244573, lon: -70.7499537, ra: 178.392853, t0: 60699.84765625,
#   x0: 3.698388313991658e-06, x1: -1.182023525238037, z: 0.6936860084533691}
# schema: astropy-2.0
time band flux fluxerr zp zpsys pwv airmass
60691.3502 lsst_hardware_r 1338.573679169791 75.52591991839682 31.639999389648438 AB 4.854883861635736 1.0951689288598545
60691.3629 lsst_hardware_z 605.7774207188046 63.72083542182997 30.979999542236328 AB 4.871750891303186 1.0908533119801134
60693.3609 lsst_hardware_z 636.4251661290691 59.48861824062296 30.979999542236328 AB 7.281132094614701 1.0903570955209005
60693.3729 lsst_hardware_y 301.066386236167 78.6445600786942 30.059999465942383 AB 7.290108885696007 1.0908709707503315
60698.3516 lsst_hardware_i 1236.2136019841917 48.172920073481286 31.260000228881836 AB 10.208662263481221 1.09014493710089
60698.3648 lsst_hardware_y 422.41830619290823 53.854798334753816 30.040000915527344 AB 10.359813448517745 1.0922888342577688
60700.3533 lsst_hardware_r 1120.4937606233266 40.846152572465876 31.5 AB 10.412465363620445 1.090786419584857
60700.3658 lsst_hardware_y 311.79688215002454 52.443393176047515 30.040000915527344 AB 10.451553760937479 1.0948812320493213
60702.3598 lsst_hardware_r 1114.5820466216685 39.70326883920669 31.5 AB 11.996749157081927 1.0946271927748952
60702.3729 lsst_hardware_y 353.65345183484686 58.158695551749155 30.040000915527344 AB 12.0936832116672 1.1028680315834756
60704.3396 lsst_hardware_i 1157.5912524915277 45.352866972396704 31.25 AB 12.60632047445743 1.0903942458174878
60704.3517 lsst_hardware_z 798.2432751133297 49.63631011072955 30.950000762939453 AB 12.712636330524761 1.0934817286667418
60706.3444 lsst_hardware_r 898.3036888773773 37.06467525132643 31.489999771118164 AB 12.59980492033161 1.0927844683722125
60706.3567 lsst_hardware_g 134.55708111627283 17.566510367522238 31.399999618530273 AB 12.779035579731175 1.0990355261002946
60708.3406 lsst_hardware_r 812.3911881653335 35.858944859132606 31.489999771118164 AB 10.794442632478537 1.0934126093320666
60708.3518 lsst_hardware_i 976.0498181736455 43.907507568490914 31.25 AB 10.825071568104999 1.0994105947040749
60710.3408 lsst_hardware_z 699.7010562597027 48.95831545687688 30.950000762939453 AB 9.186794636429138 1.0960582187030259
60710.3518 lsst_hardware_i 989.0979657684557 42.99774528121125 31.25 AB 9.201082801403706 1.1034678554551716
60712.343 lsst_hardware_u 0.25695402809562395 2.6945894034152835 28.43000030517578 AB 4.772857165987501 1.100899298257569
60712.355 lsst_hardware_g 58.315637002471085 15.428303561350164 31.389999389648438 AB 4.78112810090424 1.1114594577847736
60715.2853 lsst_hardware_y 222.5021581026691 50.936069978257336 30.030000686645508 AB 5.773413510549352 1.0948837986407736
60715.2968 lsst_hardware_g 84.47470390624746 15.427471014938755 31.3799991607666 AB 5.940670981014111 1.0909822287340623
60717.3275 lsst_hardware_z 1212.0753968007057 84.37367842425714 31.719999313354492 AB 4.075121987951545 1.0996011840128521
60719.3015 lsst_hardware_r 325.5053090802699 88.68002578249062 31.649999618530273 AB 6.217639062567212 1.0908138706258266
60719.312 lsst_hardware_z 563.6379788155083 65.37308964959517 30.979999542236328 AB 6.2358893770850665 1.0940156801903624
60721.2913 lsst_hardware_r 346.77533743502806 78.60736368093487 31.639999389648438 AB 3.6435988271913886 1.0902450111284825
60721.3027 lsst_hardware_i 540.6103287792015 65.73341582402784 31.31999969482422 AB 4.311417218774573 1.0925352470762302
60723.2912 lsst_hardware_z 448.63838255842546 58.28345043683616 30.969999313354492 AB 4.803280401844093 1.0909314814446696
60723.3027 lsst_hardware_i 491.4457742013058 58.77427134426357 31.309999465942383 AB 5.384537798672529 1.0947520176217402
60725.2755 lsst_hardware_r 171.08554868815887 48.54097633168328 31.610000610351562 AB 2.732926991993044 1.0902271834020323
60725.2859 lsst_hardware_z 418.5770168788414 51.832476872669666 30.959999084472656 AB 2.7516842989185437 1.0909641387326965
60728.2789 lsst_hardware_g 64.51782537827854 20.11162598924685 31.530000686645508 AB 10.431677213144734 1.0912176728419472
60728.2899 lsst_hardware_r 195.97690207584142 28.916213484425246 31.530000686645508 AB 10.228584699339414 1.0951668619973143
60730.279 lsst_hardware_i 185.1309103561258 34.34858702681505 31.25 AB 10.799606306918774 1.0928471196443503
60730.2909 lsst_hardware_z 346.35515109457344 45.04805352424568 30.950000762939453 AB 10.85401508972816 1.098871846356064
60732.2721 lsst_hardware_r 119.50903522820842 24.601542783948492 31.479999542236328 AB 7.085472230046182 1.0923553934575354
60732.2846 lsst_hardware_g 102.05384872896153 15.750974588930953 31.3700008392334 AB 7.1242508883918765 1.0983338343037696
60734.2705 lsst_hardware_r 138.69277645035888 24.371686613422956 31.479999542236328 AB 6.001831052968738 1.0937941960882187
60734.2822 lsst_hardware_i 225.50537830069237 33.59724584098952 31.239999771118164 AB 6.045897374085573 1.100387800901336
60737.2537 lsst_hardware_i 118.50771031375561 32.815050514996905 31.229999542236328 AB 6.434237744816407 1.0910881500430565
60737.2657 lsst_hardware_z 289.4175530917072 43.89208083117708 30.940000534057617 AB 6.431584497829178 1.0953592672998884
60739.2491 lsst_hardware_r 97.83519310037175 23.75470096395095 31.479999542236328 AB 11.869300896974924 1.091279446234995
60739.2617 lsst_hardware_u 1.145164901560202 2.7159883071490287 28.360000610351562 AB 11.286393537189019 1.096121094579704
60741.25 lsst_hardware_g 43.01296941149768 14.036885941268455 31.3700008392334 AB 10.604436380295063 1.0932408639479447
60741.262 lsst_hardware_r 78.74898378983058 23.59151324216879 31.469999313354492 AB 10.641548246080971 1.0996364266410483
60743.2467 lsst_hardware_i 121.8723077705472 37.1961701344332 31.270000457763672 AB 9.682708484556054 1.0941325644532056
60743.259 lsst_hardware_z 120.7577531660776 43.17137217497728 30.940000534057617 AB 8.52008753084197 1.1013912718019545
60756.2035 lsst_hardware_r 62.22532905681327 33.47926037247151 31.579999923706055 AB 5.190939430283334 1.0914889287436482
60756.2171 lsst_hardware_z 56.185479931648615 45.11311214856489 30.959999084472656 AB 6.326455685582811 1.0971525143000755
60760.2064 lsst_hardware_z 122.15099765860674 42.74509920464045 30.950000762939453 AB 8.060660139768318 1.0972856166305829
60760.219 lsst_hardware_u 5.465270990668969 3.5968240234221764 28.5 AB 7.212604695757852 1.106694494726741
60762.1882 lsst_hardware_r 50.734843323104684 23.620318359210298 31.489999771118164 AB 7.809858955656235 1.0917789779575195
60762.2001 lsst_hardware_g 11.830717365684245 15.125633661695021 31.40999984741211 AB 7.866260077661058 1.0968014609120111
60764.19 lsst_hardware_r 48.547184211425886 23.65231060082306 31.489999771118164 AB 7.4410449582867 1.094432263316179
60764.2013 lsst_hardware_i 71.47942564142019 31.95322054794687 31.25 AB 7.476364092549127 1.1011386065907736
60767.1535 lsst_hardware_i 42.44580079923423 31.63790248744179 31.239999771118164 AB 9.203001645383198 1.0913081519486776
60767.1655 lsst_hardware_z 27.271541613630724 42.608973459400936 30.940000534057617 AB 9.227481553411721 1.0902678033215243
60769.1458 lsst_hardware_r 79.19379115241902 23.380261856511403 31.469999313354492 AB 6.513756682044168 1.0918893120892064
60769.1577 lsst_hardware_u 2.636681442137746 2.7766186750407633 28.34000015258789 AB 6.4807819628991545 1.0901995311528683
60771.1821 lsst_hardware_r 52.94811352339272 30.230648880472312 31.540000915527344 AB 15.140950977587838 1.1010799925523844
60771.1943 lsst_hardware_i 80.55698782631035 35.09050081441749 31.260000228881836 AB 15.332059135159874 1.1119050790600862
60773.1891 lsst_hardware_z 156.21945139837388 69.97722751095503 31.709999084472656 AB 9.310799829096172 1.1121799517136577
60775.1428 lsst_hardware_r -109.86575823507874 73.35984558607116 31.639999389648438 AB 5.320062169674406 1.0902325261897448
60775.1537 lsst_hardware_z 91.0005480123737 57.336468857118675 30.969999313354492 AB 5.305576764441394 1.0920756989536138
60778.1335 lsst_hardware_r -96.26373303517298 108.99277483798116 31.649999618530273 AB 9.220429391045423 1.090207436127156
60778.1461 lsst_hardware_i 158.8237498846206 85.14886696555172 31.329999923706055 AB 9.184537906937088 1.0922595994573614
60780.133 lsst_hardware_z 1.1705443344646709 65.65166111543347 30.989999771118164 AB 11.545925177443973 1.0905585546127203
60780.1434 lsst_hardware_i 102.30128971604259 72.97150992173377 31.329999923706055 AB 11.540259207783345 1.0932244224813312
60782.1156 lsst_hardware_r 104.92795583307314 61.35141181408953 31.6299991607666 AB 15.540797579502238 1.0907226131667633
60782.1274 lsst_hardware_z 55.16351602033696 53.83339054306823 30.969999313354492 AB 15.984073051439134 1.0905419288694231
60784.1068 lsst_hardware_g -21.455160858704634 25.10876868858532 31.610000610351562 AB 9.954798932466794 1.0913853838527388
60784.1187 lsst_hardware_r -64.7765831878986 34.38560446616016 31.59000015258789 AB 9.919079769300879 1.090258367131766
60790.1042 lsst_hardware_i 7.91947367581377 30.600000381469727 31.25 AB 14.769421717232792 1.0903965830367925
60790.1152 lsst_hardware_z -2.7532025258746393 41.81999969482422 30.950000762939453 AB 14.636634124378526 1.0928978252289783
60792.1037 lsst_hardware_r -23.69062767196431 22.280000686645508 31.479999542236328 AB 4.8646761394415465 1.0911627072150611
60792.114 lsst_hardware_g 14.891030273833318 13.260000228881836 31.3700008392334 AB 4.872049482505531 1.0946580874022425
60795.1105 lsst_hardware_z -13.38522137201849 41.720001220703125 30.940000534057617 AB 11.4478188384298 1.0971123521424258
60795.1215 lsst_hardware_i -10.188271144219035 30.649999618530273 31.239999771118164 AB 11.613119237658164 1.1050115835822982
60797.0866 lsst_hardware_r 0.8045687290029462 22.149999618530273 31.479999542236328 AB 9.77242347862389 1.09057083366025
60797.0995 lsst_hardware_u 0.26274030116279046 2.6600000858306885 28.420000076293945 AB 9.724464151340353 1.0942757859722827
60802.089 lsst_hardware_i -69.81071106079618 45.88999938964844 31.299999237060547 AB 7.2862547098141395 1.0958009865494813
60802.1012 lsst_hardware_z -52.452730006780996 49.27000045776367 30.959999084472656 AB 7.3303971965765164 1.1040170483190657
60804.0958 lsst_hardware_r 67.27278236662494 73.37000274658203 31.639999389648438 AB 9.561968070534144 1.1040683631592567
60804.1076 lsst_hardware_z 9.060000275052461 58.099998474121094 30.969999313354492 AB 9.53347885277421 1.115635690369949
60806.0419 lsst_hardware_z -110.1403350025676 69.75 30.989999771118164 AB 8.332828646095763 1.092829986373252
60806.0534 lsst_hardware_r 10.945162856873868 100.51000213623047 31.649999618530273 AB 8.409725005035407 1.0903430399267624
60808.0788 lsst_hardware_z 34.03686571946124 69.5199966430664 30.989999771118164 AB 8.083175497585783 1.099502448096003
60808.0904 lsst_hardware_i 72.88199099630154 79.88999938964844 31.329999923706055 AB 7.115376202648793 1.1090338281826928
60810.088 lsst_hardware_z 137.61502504184952 81.6500015258789 31.719999313354492 AB 7.281365029901154 1.112125706197373
60812.08 lsst_hardware_r 0.12269086619691913 42.439998626708984 31.600000381469727 AB 9.874219070230533 1.109545928934437
60812.0925 lsst_hardware_i -101.72010912045928 43.939998626708984 31.290000915527344 AB 9.554273703407825 1.1238999768742088
60814.0828 lsst_hardware_z -14.307147646468446 42.040000915527344 30.940000534057617 AB 9.118367645527773 1.1185664957405905
60814.0948 lsst_hardware_u -1.3747153603319426 2.559999942779541 28.31999969482422 AB 9.103236844771523 1.1349490092182677
60818.0205 lsst_hardware_z 15.192250369937842 41.099998474121094 30.940000534057617 AB 1.364400836911897 1.0903576214000243
60818.0342 lsst_hardware_r 2.152942575244568 21.889999389648438 31.469999313354492 AB 1.5266741305866036 1.091521065720011
60826.0164 lsst_hardware_g -1.4479888512297592 13.949999809265137 31.40999984741211 AB 9.634647634937558 1.092735356123121
60826.0283 lsst_hardware_r 12.621167258010658 22.43000030517578 31.489999771118164 AB 9.762620601844185 1.0986209708081796
60827.9621 lsst_hardware_r -24.88829048350288 27.239999771118164 31.530000686645508 AB 10.536987095688172 1.1046507242236143
60827.9667 lsst_hardware_i -0.20668159101014308 33.0 31.25 AB 10.540696408071287 1.1010285066142076
60829.9986 lsst_hardware_z -15.100764263269543 45.5 30.950000762939453 AB 11.781847423367623 1.090911798459965
60830.0124 lsst_hardware_r -62.18802972414672 39.72999954223633 31.59000015258789 AB 12.334790946642288 1.0957359541008067
60841.9505 lsst_hardware_y -42.68175327000496 69.77999877929688 30.049999237060547 AB 10.574957005903025 1.0909609270268512
60841.9583 lsst_hardware_i -23.082110977857063 33.290000915527344 31.260000228881836 AB 10.569849253638113 1.0902277876557478
61056.3522 lsst_hardware_i 38.497758785914435 31.1299991607666 31.25 AB 4.827164791033095 1.0945951907104459
61056.3659 lsst_hardware_z 122.92317446114588 51.45000076293945 30.969999313354492 AB 4.896891017131026 1.0905406466775351
61058.3525 lsst_hardware_r -1.035396494433989 22.579999923706055 31.479999542236328 AB 7.3175597488998445 1.0923361320943181
61058.3651 lsst_hardware_y -45.72330372134952 52.83000183105469 30.040000915527344 AB 7.283619071157496 1.0901989329677437
61066.3542 lsst_hardware_r 32.83371018777021 22.020000457763672 31.459999084472656 AB 15.253668900024968 1.0914578297753188
61066.3679 lsst_hardware_y -110.30660349959592 51.599998474121094 30.030000686645508 AB 15.341314740010516 1.0971273607559457
61068.3546 lsst_hardware_u 3.271023763687427 2.640000104904175 28.360000610351562 AB 12.915696683483185 1.0933228945026292
61068.3661 lsst_hardware_z 16.141324375496286 43.529998779296875 30.950000762939453 AB 12.97477802374455 1.0994254664689591
61070.3481 lsst_hardware_g -7.272703996293711 13.149999618530273 31.3700008392334 AB 12.479927800851987 1.0929329218042243
61070.3595 lsst_hardware_r -13.878639203698157 22.190000534057617 31.469999313354492 AB 12.543219203656813 1.098676134626874
61073.3398 lsst_hardware_i 48.27761013263628 63.66999816894531 31.31999969482422 AB 10.777589790153574 1.0928955828376588
61073.3521 lsst_hardware_z 41.42227574424254 58.7599983215332 30.969999313354492 AB 10.812514193083434 1.0991957905897205
61075.3396 lsst_hardware_i -82.04118504909917 59.77000045776367 31.309999465942383 AB 9.145476789160316 1.0951355273811898
61075.3518 lsst_hardware_z -71.77298327701416 56.83000183105469 30.969999313354492 AB 9.196840709996122 1.1029591097336946
61079.2856 lsst_hardware_y 6.043698794217189 49.45000076293945 30.020000457763672 AB 8.270752723078171 1.0965532281177555
61079.2999 lsst_hardware_r -21.04999468205632 45.790000915527344 31.600000381469727 AB 8.922093559158512 1.091098411327295
61083.2983 lsst_hardware_g 12.99228064302887 15.640000343322754 31.459999084472656 AB 6.564470904228752 1.0902172977751834
61083.3098 lsst_hardware_r 27.635127217892297 23.600000381469727 31.5 AB 6.662209631324407 1.0920163307730328
61085.3324 lsst_hardware_z 10.026983356393115 41.68000030517578 30.940000534057617 AB 2.873515567480656 1.110036917646359
61085.3431 lsst_hardware_r -50.93213050051064 22.239999771118164 31.469999313354492 AB 2.726689127837573 1.122209744968666
61087.3343 lsst_hardware_u -2.360925883781579 2.609999895095825 28.3799991607666 AB 4.031347836153707 1.1180847767084496
61087.3445 lsst_hardware_g 12.283896104364786 13.130000114440918 31.360000610351562 AB 4.1376688276174765 1.1316443142357664
61089.2745 lsst_hardware_u -0.628189905364694 2.700000047683716 28.459999084472656 AB 5.161456704932364 1.0907558548039744
61089.2859 lsst_hardware_g -15.37957616017475 13.210000038146973 31.399999618530273 AB 5.161530152938401 1.0904833154678921
61091.2731 lsst_hardware_r -34.55639018947335 22.06999969482422 31.479999542236328 AB 2.995601034040119 1.0903006493321634
61091.2855 lsst_hardware_i 8.517332168633324 30.450000762939453 31.25 AB 2.9592473457221455 1.0913691114593935
61093.2753 lsst_hardware_z -33.21680045020176 41.36000061035156 30.940000534057617 AB 10.404960539661717 1.0905238348918347
61093.2869 lsst_hardware_u -5.460179479716518 2.5899999141693115 28.3700008392334 AB 10.127103758156508 1.0935609846112422
