data/validation/pwv_sim_epoch_fit_epoch/34670353.ecsv
# %ECSV 0.9
# ---
# datatype:
# - {name: time, datatype: float64}
# - {name: band, datatype: string}
# - {name: flux, datatype: float64}
# - {name: fluxerr, datatype: float64}
# - {name: zp, datatype: float64}
# - {name: zpsys, datatype: string}
# - {name: pwv, datatype: float64}
# - {name: airmass, datatype: float64}
# meta: {SNID: '34670353', alt: 1024.0, c: 0.18522422015666962, dec: -61.001064, lat: -30.244573, lon: -70.7499537, ra: 104.044586, t0: 61787.2109375,
#   x0: 9.103035941038932e-06, x1: 0.6434826850891113, z: 0.4785763621330261}
# schema: astropy-2.0
time band flux fluxerr zp zpsys pwv airmass
[from data line 132]
62149.1967 lsst_hardware_z -27.589338506942504 42.25 30.940000534057617 AB 6.002659870757114 1.1709841409936823
62151.1835 lsst_hardware_r -10.544523795857197 22.1200008392334 31.459999084472656 AB 7.0806227390288035 1.1673601086520162
62151.197 lsst_hardware_g 7.637572098864574 12.869999885559082 31.34000015258789 AB 7.08272099347214 1.1745805959323616
62153.1825 lsst_hardware_r -15.14629875406723 21.8700008392334 31.459999084472656 AB 3.6216665819600884 1.1692853794533218
62153.1968 lsst_hardware_i 3.4560721809268635 30.700000762939453 31.229999542236328 AB 3.617922691296073 1.1785404282413012
62155.1832 lsst_hardware_z 39.44355358243766 42.70000076293945 30.940000534057617 AB 6.801622167898328 1.1726934772238498
62155.1965 lsst_hardware_i -10.949529211076426 30.959999084472656 31.229999542236328 AB 6.861748142997399 1.183060024654724
62157.1633 lsst_hardware_r 21.123967531944906 21.8799991607666 31.459999084472656 AB 13.880541054149518 1.1660808905567246
62157.1768 lsst_hardware_u -0.8697084252396056 2.5 28.290000915527344 AB 13.479383001138977 1.1721202609686068
62159.1592 lsst_hardware_g 35.35386190355046 17.65999984741211 31.479999542236328 AB 9.097176258437365 1.1665040509194775
62159.1737 lsst_hardware_r -24.295832308553695 21.950000762939453 31.459999084472656 AB 10.205019314297216 1.1736090063881028
62161.1592 lsst_hardware_i -36.858786571348475 40.189998626708984 31.280000686645508 AB 9.144237881517174 1.1686175911968955
62161.1722 lsst_hardware_z 105.98705326173483 46.470001220703125 30.950000762939453 AB 9.071779299111736 1.176396200364613
62164.1552 lsst_hardware_r -165.49666619992402 67.0 31.6200008392334 AB 13.89117675690075 1.1707034376689678
62164.1667 lsst_hardware_z 47.58077187030152 54.31999969482422 30.959999084472656 AB 12.607612988924904 1.1785018684730701
62166.1531 lsst_hardware_r -47.54374322578561 83.94000244140625 31.6200008392334 AB 14.100245706378661 1.1726669980147062
62166.1658 lsst_hardware_i -95.32142371209113 65.77999877929688 31.299999237060547 AB 14.194902164167894 1.1824568808442244
62168.1573 lsst_hardware_z 58.52546456511176 55.72999954223633 30.969999313354492 AB 9.939565304525374 1.1797703625549405
62168.1697 lsst_hardware_i 25.76952072727293 57.59000015258789 31.299999237060547 AB 13.174316490395256 1.192137950447494
62170.1638 lsst_hardware_z 49.53677570692712 49.75 30.950000762939453 AB 8.924975674497622 1.1916385697402159
62170.1755 lsst_hardware_g 44.22495365263221 51.630001068115234 31.639999389648438 AB 11.021305312132284 1.2066572122219554
62172.1498 lsst_hardware_r -17.409250370287694 28.860000610351562 31.530000686645508 AB 7.5519005569374995 1.1828182975259833
62172.1638 lsst_hardware_i 21.588222388556005 35.72999954223633 31.25 AB 7.5983263395780245 1.1982221940040942
62174.1574 lsst_hardware_z 72.94300622520133 42.7599983215332 30.940000534057617 AB 5.932133932374355 1.1970405459825957
62174.1699 lsst_hardware_u 0.43243907887563116 2.5899999141693115 28.350000381469727 AB 6.032579613475993 1.2146541052000197
62178.1489 lsst_hardware_i 51.09973507683736 31.010000228881836 31.229999542236328 AB 2.6299209317899908 1.2001464550304186
62178.1617 lsst_hardware_z -6.046620731058619 43.060001373291016 30.93000030517578 AB 2.6585135967513054 1.2190356576620431
62180.0869 lsst_hardware_i 13.039043874607193 30.459999084472656 31.229999542236328 AB 3.963710539302372 1.164199296838366
62180.0994 lsst_hardware_z 44.62162892004648 42.11000061035156 30.940000534057617 AB 3.9691522035441618 1.1657975925819895
62184.0837 lsst_hardware_g 2.1172650043414416 12.710000038146973 31.34000015258789 AB 2.7264452224870936 1.1647742059113932
62184.0953 lsst_hardware_r 26.223238743071878 21.920000076293945 31.459999084472656 AB 2.7127667879868076 1.168163112492993
62186.0842 lsst_hardware_i 3.8400537431375286 31.0 31.239999771118164 AB 3.8200702661342114 1.166136942091339
62186.0954 lsst_hardware_z -9.001019202403834 42.7599983215332 30.940000534057617 AB 3.8863310922731786 1.1708755487642015
62188.0824 lsst_hardware_r -10.704114574838261 26.860000610351562 31.520000457763672 AB 3.644442721474637 1.1673734793715305
62188.0961 lsst_hardware_g 15.898604262562019 18.790000915527344 31.5 AB 5.399564301571682 1.1747121291355775
62192.0775 lsst_hardware_z 2.0327560390761614 49.540000915527344 30.950000762939453 AB 10.524797171240104 1.1700719478866153
62192.0904 lsst_hardware_i -3.928404801023948 46.31999969482422 31.280000686645508 AB 9.013793853740072 1.17865888901472
62194.0865 lsst_hardware_z -18.33719221671101 79.9000015258789 31.709999084472656 AB 7.856494099286556 1.1799638192147421
62196.0544 lsst_hardware_g -45.31580535760835 90.91000366210938 31.690000534057617 AB 4.492916269106719 1.1654776314154913
62196.0681 lsst_hardware_r 3.363790981545163 82.30000305175781 31.6200008392334 AB 4.319696322187747 1.170887395049874
62199.0513 lsst_hardware_i 17.42836181352179 38.939998626708984 31.270000457763672 AB 5.239404422817556 1.1669918530293761
62199.0641 lsst_hardware_z 9.079417832795471 47.02000045776367 30.950000762939453 AB 5.271907800778969 1.1734038210733322
62200.0713 lsst_hardware_r 21.6238063089032 31.030000686645508 32.220001220703125 AB 12.6366517523295 1.180995490871916
62200.1056 lsst_hardware_g -32.427024259497806 31.040000915527344 31.600000381469727 AB 12.683198179589837 1.2258048207589924
62202.0498 lsst_hardware_r -34.030808920293474 21.75 31.440000534057617 AB 7.586268891879633 1.1698780032712313
62202.065 lsst_hardware_i 27.747845211686176 30.6299991607666 31.219999313354492 AB 7.558426432721952 1.180266463573072
62204.0485 lsst_hardware_z -6.746106654407121 42.369998931884766 30.93000030517578 AB 12.674303635735045 1.1721899316286943
62204.0608 lsst_hardware_i -10.291951582425638 30.81999969482422 31.229999542236328 AB 12.84182750156253 1.181373703600426
62206.044 lsst_hardware_u 1.70524264584445 2.5899999141693115 28.34000015258789 AB 8.427902040556965 1.172781637231792
62206.0569 lsst_hardware_g 26.761730735937203 12.930000305175781 31.34000015258789 AB 8.4333363388013 1.1827961204489903
62208.0476 lsst_hardware_r -1.9098731679182557 21.780000686645508 31.450000762939453 AB 12.368050927462814 1.1794072721674065
62208.0609 lsst_hardware_i 0.24184247968275627 30.579999923706055 31.219999313354492 AB 12.549845666293315 1.1926676803319851
62216.032 lsst_hardware_i -52.345858518173635 44.81999969482422 31.989999771118164 AB 4.33196155939683 1.1851071200246495
62216.0466 lsst_hardware_z -64.82564878810805 61.36000061035156 31.690000534057617 AB 4.712940025726802 1.2021272862458128
