data/validation/pwv_sim_epoch_fit_epoch/34745150.ecsv
# %ECSV 0.9
# ---
# datatype:
# - {name: time, datatype: float64}
# - {name: band, datatype: string}
# - {name: flux, datatype: float64}
# - {name: fluxerr, datatype: float64}
# - {name: zp, datatype: float64}
# - {name: zpsys, datatype: string}
# - {name: pwv, datatype: float64}
# - {name: airmass, datatype: float64}
# meta: {SNID: '34745150', alt: 1024.0, c: -0.03130887448787689, dec: -6.129201, lat: -30.244573, lon: -70.7499537, ra: 42.890625, t0: 60593.1484375,
#   x0: 1.1941327942071082e-05, x1: -1.9922257661819458, z: 0.4272470772266388}
# schema: astropy-2.0
time band flux fluxerr zp zpsys pwv airmass
[from data line 132]
60964.2505 lsst_hardware_i 36.400612161394484 31.469999313354492 31.25 AB 7.999192476317285 1.0967939500657848
60964.2683 lsst_hardware_z 52.14246868984079 42.41999816894531 30.940000534057617 AB 8.068256283054899 1.105833899428431
60966.2476 lsst_hardware_r -31.567765373955112 23.649999618530273 31.5 AB 5.4937407031196095 1.097285093832146
60966.2655 lsst_hardware_u -1.0384372438948046 2.819999933242798 28.489999771118164 AB 5.672711047028281 1.108330200171531
60971.1168 lsst_hardware_r -4.077068213283065 24.530000686645508 31.440000534057617 AB 7.510407824161472 1.409214339837034
60971.1325 lsst_hardware_i -38.17562698851574 32.790000915527344 31.219999313354492 AB 6.425812426532848 1.3138929443564982
60973.1804 lsst_hardware_z -18.577522754714614 42.720001220703125 30.940000534057617 AB 5.197168379659534 1.1339688817032842
60973.1983 lsst_hardware_r -4.140446459137874 23.739999771118164 31.489999771118164 AB 5.095319764418443 1.1087025544075382
60977.1757 lsst_hardware_i -40.54164903033986 33.810001373291016 31.25 AB 2.3369378624559345 1.12352781848843
60977.1931 lsst_hardware_z 49.22222653197393 43.189998626708984 30.950000762939453 AB 2.3622901039142707 1.1036160261220607
60980.2327 lsst_hardware_r 37.9682406509649 49.15999984741211 31.610000610351562 AB 5.4692277845482655 1.114368510307822
60980.2512 lsst_hardware_z 19.591303012291874 49.22999954223633 30.950000762939453 AB 5.771328154515593 1.1450669265928228
60990.1959 lsst_hardware_u 1.0459062387260072 2.619999885559082 28.31999969482422 AB 0.8436580075569521 1.1046258691416722
60990.2141 lsst_hardware_g -9.832275816233222 21.260000228881836 31.530000686645508 AB 2.6078037963604292 1.1268056155957493
60992.1987 lsst_hardware_r 9.962760089578916 23.639999389648438 31.479999542236328 AB 4.705515258133277 1.1128753640712616
60992.2168 lsst_hardware_i 24.910823018609193 31.770000457763672 31.229999542236328 AB 7.632471371456382 1.1416882497223562
60994.2016 lsst_hardware_z -5.993546392426078 42.81999969482422 30.940000534057617 AB 4.240450962982053 1.1242910197919715
60994.22 lsst_hardware_r 28.32389732121346 24.040000915527344 31.489999771118164 AB 8.805908369188845 1.1611166098612082
60996.1806 lsst_hardware_r -11.34469212627739 23.360000610351562 31.489999771118164 AB 2.9240549529204682 1.1055376487931448
60996.2013 lsst_hardware_u -1.424421867267834 2.7100000381469727 28.399999618530273 AB 2.7149068247835775 1.1329420606960703
60998.1819 lsst_hardware_g -0.26212131152246354 14.479999542236328 31.40999984741211 AB 5.973506054792138 1.1123847401847557
60998.1999 lsst_hardware_i -40.55584843605766 31.75 31.229999542236328 AB 6.094373708002707 1.1406454729164714
61000.1832 lsst_hardware_z 3.406039451268597 42.63999938964844 30.940000534057617 AB 3.505755502221649 1.121243764036589
61000.2041 lsst_hardware_r 0.2744207861143143 23.8700008392334 31.479999542236328 AB 3.671936630023156 1.1623117794852305
61005.1123 lsst_hardware_g -44.99817328250148 16.81999969482422 31.469999313354492 AB 3.992911000860082 1.107347631391908
61005.1331 lsst_hardware_r -15.125520910880494 24.309999465942383 31.489999771118164 AB 5.729273732044698 1.0966341502964665
61007.0945 lsst_hardware_i -9.716694009455807 35.630001068115234 31.260000228881836 AB 4.365549310731752 1.1224415437260247
61007.1118 lsst_hardware_z 25.853403538107177 44.209999084472656 30.950000762939453 AB 4.262929098599926 1.1031473558008953
61012.1457 lsst_hardware_z -9.04783187132851 76.05000305175781 30.989999771118164 AB 7.210086643930319 1.11482112152658
61012.1643 lsst_hardware_i -15.866656035441082 89.44999694824219 31.31999969482422 AB 7.411749204882577 1.1460563632342693
61014.1474 lsst_hardware_z 82.89280384282749 73.45999908447266 30.989999771118164 AB 2.866211703538304 1.124923644888296
61014.1661 lsst_hardware_r -61.24939366249701 108.26000213623047 31.6299991607666 AB 3.015232533934535 1.1628729039758057
61016.0771 lsst_hardware_r 1.2214039732026354 23.09000015258789 31.479999542236328 AB 5.019198979664296 1.112842742567329
61016.0957 lsst_hardware_u -14.347476727704496 6.610000133514404 29.010000228881836 AB 6.24165565349199 1.0983673721535219
61019.0763 lsst_hardware_g 2.897953978891863 14.09000015258789 31.399999618530273 AB 8.152539640517414 1.1053291870360378
61019.0956 lsst_hardware_r 28.485258063878128 23.020000457763672 31.479999542236328 AB 10.088534402207388 1.0965798263268902
61021.1145 lsst_hardware_i -62.63873436855592 31.219999313354492 31.239999771118164 AB 13.744871167587634 1.1075046600440523
61021.1331 lsst_hardware_z -10.96637300709479 42.61000061035156 30.940000534057617 AB 13.45027661451685 1.1330444810791234
61025.1145 lsst_hardware_g -24.606141727395748 14.149999618530273 31.399999618530273 AB 11.321024224506488 1.1205992454345162
61025.1327 lsst_hardware_i -8.305938378269024 31.579999923706055 31.229999542236328 AB 11.768742467273166 1.1547333970322062
61027.0747 lsst_hardware_z 29.174220325854915 42.040000915527344 30.940000534057617 AB 4.396591976731201 1.0965437028883553
61027.0959 lsst_hardware_r -21.619665586455024 23.25 31.489999771118164 AB 4.297553108874197 1.1054798993885668
61029.0435 lsst_hardware_y 98.88698340802416 51.810001373291016 30.030000686645508 AB 5.9060668456369045 1.1106848792923187
61029.0627 lsst_hardware_u -2.145325185525998 2.759999990463257 28.440000534057617 AB 5.900567841559445 1.0975248252148149
61031.0447 lsst_hardware_z 134.08842299850065 45.619998931884766 30.950000762939453 AB 6.061435207608877 1.1043547687857787
61031.0631 lsst_hardware_r -10.73750307547797 23.239999771118164 31.489999771118164 AB 5.922537122607336 1.0965630665816213
61033.0444 lsst_hardware_y 41.28022365848164 52.11000061035156 30.030000686645508 AB 7.057999404977667 1.1007485035835414
61033.0632 lsst_hardware_z -48.018641498191286 42.529998779296875 30.950000762939453 AB 7.049755473530625 1.0969536525203254
61035.0398 lsst_hardware_y -39.31624197494214 59.88999938964844 30.040000915527344 AB 10.36770484281319 1.1002552098921652
61035.0601 lsst_hardware_z -60.51478886639474 42.83000183105469 30.940000534057617 AB 10.461400220975866 1.0975031704759641
61039.0398 lsst_hardware_y 70.01023158268978 69.13999938964844 30.049999237060547 AB 11.337902075563582 1.0966679958952692
61039.0604 lsst_hardware_r -134.34678897889972 67.95999908447266 31.6299991607666 AB 9.279801104689778 1.103271576042536
61041.0528 lsst_hardware_y 1.6775216595494509 82.4800033569336 30.790000915527344 AB 7.596240577920335 1.1017658847635703
