data/validation/pwv_sim_epoch_fit_epoch/34795418.ecsv
# %ECSV 0.9
# ---
# datatype:
# - {name: time, datatype: float64}
# - {name: band, datatype: string}
# - {name: flux, datatype: float64}
# - {name: fluxerr, datatype: float64}
# - {name: zp, datatype: float64}
# - {name: zpsys, datatype: string}
# - {name: pwv, datatype: float64}
# - {name: airmass, datatype: float64}
# meta: {SNID: '34795418', alt: 1024.0, c: -0.07444693148136139, dec: -1.342993, lat: -30.244573, lon: -70.7499537, ra: 351.5625, t0: 62052.5,
#   x0: 2.384282449293759e-06, x1: 0.17210602760314941, z: 0.8292917609214783}
# schema: astropy-2.0
time band flux fluxerr zp zpsys pwv airmass
61946.3468 lsst_hardware_u 1.367145083610127 2.740000009536743 28.290000915527344 AB 4.551038904813058 1.2589029035235684
61946.3693 lsst_hardware_y 55.76812869649402 49.45000076293945 29.989999771118164 AB 4.316290924761925 1.1937470579442508
61957.3927 lsst_hardware_r -119.46995845078027 99.66999816894531 32.380001068115234 AB 5.650729094975962 1.1451859275098213
61957.4143 lsst_hardware_z -95.8148054943814 77.4800033569336 31.709999084472656 AB 5.769754066250868 1.1628661201714883
61959.3688 lsst_hardware_r 84.39978117471863 95.5 31.6299991607666 AB 1.7627544348956468 1.1468799186048448
61959.3888 lsst_hardware_i -41.41612407748791 75.0199966430664 31.31999969482422 AB 1.710598479374108 1.145745799982658
61963.3791 lsst_hardware_z -167.9067853003377 109.30000305175781 31.729999542236328 AB 8.795837976034589 1.1462615463653598
61966.3328 lsst_hardware_g -16.44194599323399 45.38999938964844 31.649999618530273 AB 5.427224513181089 1.1620428969250753
61966.3537 lsst_hardware_r 89.12831684973001 49.79999923706055 31.600000381469727 AB 4.256184509282978 1.1452131062243986
61975.3382 lsst_hardware_r 22.124532011256534 24.530000686645508 31.479999542236328 AB 5.781586373519272 1.1441133984536818
61975.3573 lsst_hardware_g 1.859872984124946 15.270000457763672 31.40999984741211 AB 5.865815783127512 1.1539309737300023
61980.3033 lsst_hardware_i -0.17643312434527328 32.369998931884766 31.229999542236328 AB 4.264474607118108 1.1525607046265156
61980.3223 lsst_hardware_z -42.810205657682594 43.2400016784668 30.93000030517578 AB 4.232966704979593 1.14404505539989
61982.2951 lsst_hardware_r 13.613108562363065 24.549999237060547 31.489999771118164 AB 3.905194097843888 1.1551550279561886
61982.314 lsst_hardware_u 0.70338297828879 2.700000047683716 28.350000381469727 AB 3.8711995628776528 1.1442814679540811
61984.2981 lsst_hardware_y -31.5870099028351 50.279998779296875 30.010000228881836 AB 1.5530364800940262 1.1482709649493725
61984.3172 lsst_hardware_r -3.222707471899351 46.599998474121094 31.59000015258789 AB 1.5945620703691787 1.1446963893531528
61993.2544 lsst_hardware_z 31.421234141352844 67.81999969482422 30.969999313354492 AB 7.89435297648205 1.1686680942238417
61993.2744 lsst_hardware_i -92.75490239128455 72.36000061035156 31.309999465942383 AB 7.756512442464998 1.1477526549963004
61996.2834 lsst_hardware_z -7.0717285066992615 46.0 30.950000762939453 AB 4.112953676333049 1.144474066457892
61996.3049 lsst_hardware_g -1.5412098381646435 31.079999923706055 31.6200008392334 AB 3.9179480836988487 1.159213398204628
62000.2455 lsst_hardware_g -9.210131625955157 15.569999694824219 31.450000762939453 AB 2.810587417910997 1.1556295704962125
62000.2648 lsst_hardware_r 22.355731384054913 24.809999465942383 31.510000228881836 AB 3.4094356865146693 1.1442979313692463
62010.1287 lsst_hardware_r -26.09605002003661 49.06999969482422 32.22999954223633 AB 5.843534498776613 1.4983421791734906
62010.1517 lsst_hardware_g 28.518226211622153 40.9900016784668 32.279998779296875 AB 5.2597933034736535 1.3486649496086291
62012.1957 lsst_hardware_z -44.364256495832024 48.61000061035156 30.950000762939453 AB 4.127808341857184 1.1802730676297706
62012.2154 lsst_hardware_r 43.90321125965758 44.81999969482422 31.600000381469727 AB 3.210286772476758 1.1530512202849774
62014.1841 lsst_hardware_i 61.10674900046786 58.869998931884766 31.299999237060547 AB 1.8380778294712816 1.192782498034576
62014.2041 lsst_hardware_z -27.972230706504668 56.81999969482422 30.959999084472656 AB 1.79552729640581 1.1591525477119498
62019.1623 lsst_hardware_z -18.642640333594237 113.08310171505744 30.989999771118164 AB 0.8045625115235169 1.212603634549385
62019.1815 lsst_hardware_r -347.53935743265447 163.45813001766837 31.6299991607666 AB 0.759547873119739 1.1716897387115142
62022.1715 lsst_hardware_y 129.4914146017327 76.40777230247312 30.760000228881836 AB 3.8122215969713555 1.1747081417368017
62028.1659 lsst_hardware_r 49.5456622811096 26.76028602712035 31.510000228881836 AB 1.5704234130790031 1.1591266426956057
62028.1838 lsst_hardware_i 187.6184394204903 35.14581869678513 31.25 AB 1.2027229981096044 1.1454504743900993
62029.1564 lsst_hardware_z 100.29083334239303 44.928290947961614 30.940000534057617 AB 3.7068231126074758 1.1682392412882054
62029.1738 lsst_hardware_r 92.88403510195728 27.075970332653174 31.5 AB 3.436943718892177 1.1492232675742902
62032.1426 lsst_hardware_r 204.65834044466646 28.73830927218051 31.5 AB 8.778357948490507 1.1775128032851117
62032.1629 lsst_hardware_u 1.7924076034022092 3.1934797836572075 28.440000534057617 AB 8.576215897476006 1.1512471840359284
62034.1419 lsst_hardware_g 68.59372697586241 18.39777828973464 31.43000030517578 AB 5.3447980527234495 1.1695400553003772
62034.1613 lsst_hardware_i 368.289698988091 38.3383517222909 31.239999771118164 AB 5.218626286137712 1.1484652918435299
62036.1436 lsst_hardware_z 261.83837573680745 47.01791033661584 30.940000534057617 AB 1.518784732791048 1.1596727407414467
62036.1632 lsst_hardware_r 344.9707408191945 31.1001515238545 31.5 AB 1.549628822326955 1.1450459278281495
62038.1402 lsst_hardware_y 171.88743065252484 50.03408735602907 30.010000228881836 AB 6.29220522839752 1.1572935862419569
62038.1585 lsst_hardware_g 98.09326422785053 21.005150916785556 31.479999542236328 AB 6.234758681024859 1.144832662692776
62040.1366 lsst_hardware_r 519.3468759798333 43.52819896572534 31.56999969482422 AB 4.4966929759245176 1.1553187108956924
62040.1561 lsst_hardware_i 694.2955916413207 46.36800137974631 31.260000228881836 AB 4.459756933130993 1.1442364541611665
62042.139 lsst_hardware_z 501.8036216932743 57.8802711098596 30.959999084472656 AB 4.575607250736884 1.1487601106522174
62042.1585 lsst_hardware_r 683.0272588781406 64.27777280396181 31.610000610351562 AB 4.565364520165899 1.14463194688878
62045.1062 lsst_hardware_r 602.7776774424998 139.27829976017972 31.6299991607666 AB 5.354373146282224 1.1791609057696755
62045.1244 lsst_hardware_z 613.5822179825832 97.88661377623568 30.989999771118164 AB 5.20327845406535 1.1538908458158461
62047.1047 lsst_hardware_z 692.1672814239101 109.0072584160673 30.989999771118164 AB 2.461754766630006 1.1722641745857172
62047.1234 lsst_hardware_i 872.311954679873 129.58426123418562 31.329999923706055 AB 2.415249086866673 1.1501186127936538
62049.1065 lsst_hardware_z 577.810113873233 80.68681414270642 30.979999542236328 AB 3.989747042692436 1.1616675040595943
62049.1248 lsst_hardware_r 742.3534505405568 112.9009021895619 31.6299991607666 AB 3.9452674892917785 1.146102688861823
62051.1082 lsst_hardware_u 1.7608313908256217 8.523273606165931 29.1200008392334 AB 10.680352172819454 1.1537180080096898
62051.126 lsst_hardware_g 167.8976348868171 56.707264347217226 31.68000030517578 AB 5.694142738431255 1.144244638977363
62053.1011 lsst_hardware_r 582.0376981366263 34.228246471794264 31.5 AB 3.692221035838614 1.1553234010446023
62053.1189 lsst_hardware_i 781.2956987644495 43.60566320896407 31.25 AB 3.6006497669186626 1.1445167727014185
62056.1019 lsst_hardware_z 549.2676173048583 49.46934187395355 30.940000534057617 AB 5.982892698883921 1.148054119013207
62056.1208 lsst_hardware_r 530.8598525084441 33.342285840864875 31.510000228881836 AB 5.963996108519192 1.144757562657685
62058.1011 lsst_hardware_u 0.21723150640397923 2.754009869401642 28.350000381469727 AB 7.103620685967044 1.1457452719301684
62058.1201 lsst_hardware_r 455.83694673709965 32.43642620779531 31.5 AB 7.108059521003967 1.146461213065156
62060.071 lsst_hardware_g 35.398093301385956 16.84026357153387 31.420000076293945 AB 7.6279964547245855 1.169400039050183
62060.0885 lsst_hardware_i 692.2627108796262 42.085135430235404 31.239999771118164 AB 7.919218537688113 1.1496845127181388
62066.0689 lsst_hardware_u -1.8169812546188269 2.9475820263908514 28.43000030517578 AB 5.047888860092991 1.1522229765105303
62066.0866 lsst_hardware_g 28.11578144095013 17.08821964039359 31.450000762939453 AB 6.081643347508737 1.1440979521243
62069.0698 lsst_hardware_z 419.1231679624374 50.31528469577213 30.950000762939453 AB 2.4979215818425877 1.1462737660463118
62069.0875 lsst_hardware_r 227.63551644948086 39.53602793427507 31.56999969482422 AB 2.634456223271175 1.145415749248337
62074.0432 lsst_hardware_r 108.46369542819986 118.12098821796556 31.6299991607666 AB 4.734178577668457 1.1558993841462823
62074.0595 lsst_hardware_z 390.9551286380408 87.44339067517507 30.989999771118164 AB 4.767135784690193 1.1450286112146182
62076.0391 lsst_hardware_z 185.37520888593366 82.27795240220146 30.979999542236328 AB 10.175951275351977 1.1545213609430425
62076.0569 lsst_hardware_i 362.06067255189413 94.74882142847486 31.31999969482422 AB 7.559689031057354 1.144367095225152
62078.0441 lsst_hardware_z 349.00782137351644 67.05701477890776 30.969999313354492 AB 4.613018114054542 1.1468037573782934
62078.063 lsst_hardware_r 83.98895278871531 91.34995590840181 31.6299991607666 AB 4.604956388926462 1.1454403056840012
62080.043 lsst_hardware_u -0.5940302559980588 2.756309924768462 28.3700008392334 AB 3.638913681639575 1.1450626505745183
62080.0627 lsst_hardware_g 10.3365139334039 16.09219191381118 31.43000030517578 AB 3.662548217251644 1.1478643633159407
62082.0171 lsst_hardware_z 267.408311410659 49.277121475855054 30.950000762939453 AB 11.989623739270517 1.1607729440672396
62082.0361 lsst_hardware_r 119.48730781811426 26.67626988522105 31.5 AB 12.169093109102002 1.1455420417115696
62084.017 lsst_hardware_y 252.2875156841299 53.19851890778772 30.020000457763672 AB 14.074373447842172 1.1547730101605607
62084.0356 lsst_hardware_z 243.63808415628 45.8609772874033 30.940000534057617 AB 13.908753591471132 1.144282483872145
62087.0193 lsst_hardware_y 151.87814640406808 53.4070711324049 30.010000228881836 AB 5.886260044199314 1.1469160785622934
62087.0375 lsst_hardware_u 0.9977404835115543 2.784616274851814 28.360000610351562 AB 6.183714191046599 1.145132257601222
62089.0166 lsst_hardware_y 104.00128277540146 59.062184528587956 30.020000457763672 AB 6.406480776048765 1.1456852152333254
62089.0348 lsst_hardware_i 175.1557941960401 34.86228644750769 31.229999542236328 AB 6.39539733227527 1.1461627884241141
62092.0198 lsst_hardware_y 96.81227430979692 58.317972051795536 30.020000457763672 AB 8.672392309514297 1.1442408764614795
62092.04 lsst_hardware_r 36.604669492161904 26.060632987313866 31.489999771118164 AB 8.785253317434691 1.1561065031497317
62303.4113 lsst_hardware_r 36.005857670260916 26.200000762939453 31.5 AB 8.122610813489642 1.1603729733556631
62303.4305 lsst_hardware_y 78.85458385562603 49.65999984741211 30.010000228881836 AB 8.091588882211097 1.145373831749096
62305.4199 lsst_hardware_z 70.48458388080478 62.279998779296875 31.690000534057617 AB 5.623859268711904 1.1477263813697762
62307.415 lsst_hardware_g 4.9195937419486775 16.799999237060547 31.469999313354492 AB 4.361316379872918 1.1474128860491761
62307.435 lsst_hardware_y 0.9804954637083356 51.959999084472656 30.020000457763672 AB 4.125184551385203 1.1454603530318368
62309.4133 lsst_hardware_i 42.447819891428836 32.95000076293945 31.239999771118164 AB 2.4059109519994037 1.145671881904478
62309.4319 lsst_hardware_y -8.258930267533838 49.97999954223633 30.020000457763672 AB 1.8480268964447837 1.14641867025118
62311.4117 lsst_hardware_i -19.69525219665068 47.099998474121094 31.280000686645508 AB 4.434175737844962 1.1445495559074819
62311.4308 lsst_hardware_y -12.017695491155207 49.90999984741211 30.010000228881836 AB 4.498527506548675 1.1488535387457246
62313.4153 lsst_hardware_z 23.715714277354646 62.349998474121094 30.969999313354492 AB 6.180537538140377 1.1445439885445141
62313.4352 lsst_hardware_y -12.239694829972139 58.189998626708984 30.010000228881836 AB 6.734669207583992 1.1575906049074385
62318.3502 lsst_hardware_r 81.82837781988836 90.2300033569336 31.6200008392334 AB 10.299845789511563 1.1953630580295294
62318.3701 lsst_hardware_i -41.06930452938083 75.62999725341797 31.309999465942383 AB 10.026813611051253 1.1606899534323738
62320.3977 lsst_hardware_z 21.68453327534429 76.08000183105469 31.709999084472656 AB 7.421468092924246 1.144905472901177
62324.3944 lsst_hardware_g 2.0898800243252706 16.760000228881836 31.459999084472656 AB 1.6558239476090941 1.148282904028498
62324.4142 lsst_hardware_r 7.811507246806341 25.899999618530273 31.510000228881836 AB 1.8435730546448499 1.1696561624055304
62326.3715 lsst_hardware_i 78.20648684097142 32.709999084472656 31.25 AB 2.4650764574611954 1.1444180396757981
62326.3904 lsst_hardware_z -7.338001945519995 43.47999954223633 30.940000534057617 AB 2.4440347300562624 1.1492326316878978
62329.3715 lsst_hardware_i 39.83029014538576 32.41999816894531 31.239999771118164 AB 9.176270305235164 1.1445301284983795
62329.3948 lsst_hardware_u -4.3598688800009 2.740000009536743 28.3700008392334 AB 9.045371112472951 1.1615243804139317
62331.3293 lsst_hardware_u 0.7068041540876902 2.7699999809265137 28.3799991607666 AB 7.072999508888252 1.1679807635533588
62331.351 lsst_hardware_g -1.5952330374656698 15.609999656677246 31.43000030517578 AB 6.535878483041426 1.1466453479020045
62333.3321 lsst_hardware_r 33.21528902570301 24.68000030517578 31.489999771118164 AB 3.3552228613425896 1.157239432516414
62333.3521 lsst_hardware_i -14.031069222580665 32.33000183105469 31.239999771118164 AB 1.5836648967887572 1.1444732768108263
62335.3339 lsst_hardware_z -32.004628796973186 43.099998474121094 30.940000534057617 AB 1.7763425117092342 1.1504809013662385
62335.3518 lsst_hardware_u -1.023859688045579 2.7300000190734863 28.3799991607666 AB 1.795323706542307 1.144125569756117
62346.2962 lsst_hardware_r 66.5489397072131 112.47000122070312 31.639999389648438 AB 4.283490436082949 1.1577001178602564
62346.3179 lsst_hardware_i -116.00316044008451 93.44000244140625 31.31999969482422 AB 4.233839166087674 1.1442808556993713
62349.2919 lsst_hardware_z 182.12504036476275 72.43000030517578 31.709999084472656 AB 5.566592448270707 1.1536979167400427
62350.2699 lsst_hardware_z -35.49596438483465 46.70000076293945 30.950000762939453 AB 1.8103539141683518 1.1807297662927454
62350.2922 lsst_hardware_g 16.650517978788677 32.099998474121094 31.6200008392334 AB 1.6034424426098868 1.1510713873723248
62353.2578 lsst_hardware_r 49.73201946627517 24.709999084472656 31.489999771118164 AB 0.5765253261993327 1.1885078018224062
62353.2777 lsst_hardware_i -28.944259225864595 32.459999084472656 31.239999771118164 AB 0.34913290805407876 1.1570270358047348
62355.2673 lsst_hardware_z -37.27417463467506 75.0999984741211 32.130001068115234 AB 4.943355255153209 1.1630055887903092
62355.2874 lsst_hardware_u 7.550287939122995 2.7799999713897705 28.420000076293945 AB 4.789428032416828 1.1458190232859895
62361.2815 lsst_hardware_i -1.3052087890237338 32.349998474121094 31.25 AB 3.8902181896237598 1.1441818204775764
62361.3033 lsst_hardware_z 71.1223940429312 43.22999954223633 30.940000534057617 AB 4.185257620010592 1.1566810557376117
62363.2467 lsst_hardware_z 21.97824522286859 43.54999923706055 30.940000534057617 AB 5.051683768966932 1.1613956093877533
62363.2744 lsst_hardware_i -65.19023697706261 45.900001525878906 32.0 AB 5.3773325268178755 1.1441133035782713
62363.3043 lsst_hardware_u -1.503447401448719 2.859999895095825 28.469999313354492 AB 5.508149455047432 1.1646367385659018
62368.2271 lsst_hardware_r -1.17072655894597 58.310001373291016 31.610000610351562 AB 2.0913310256553026 1.1698117889276598
62368.2475 lsst_hardware_i 7.107481082101391 50.31999969482422 31.290000915527344 AB 2.065623791149683 1.1479939558075303
62370.2644 lsst_hardware_z -34.928940240009176 97.70999908447266 31.729999542236328 AB 2.0498677295899705 1.146031157057382
62373.2216 lsst_hardware_i -74.15923606448452 194.72000122070312 32.06999969482422 AB 3.93173495040524 1.1587214353569153
62373.2467 lsst_hardware_z -15.278663354831492 161.64999389648438 31.739999771118164 AB 3.8615907594459293 1.1441185401548357
62377.1866 lsst_hardware_z 7.075419496622265 55.79999923706055 30.950000762939453 AB 6.477503338575939 1.2012802531899864
