data/validation/pwv_sim_epoch_fit_epoch/34932478.ecsv
# %ECSV 0.9
# ---
# datatype:
# - {name: time, datatype: float64}
# - {name: band, datatype: string}
# - {name: flux, datatype: float64}
# - {name: fluxerr, datatype: float64}
# - {name: zp, datatype: float64}
# - {name: zpsys, datatype: string}
# - {name: pwv, datatype: float64}
# - {name: airmass, datatype: float64}
# meta: {SNID: '34932478', alt: 1024.0, c: -0.0013775244588032365, dec: -23.806295, lat: -30.244573, lon: -70.7499537, ra: 312.539062,
#   t0: 62988.36328125, x0: 3.138252525608915e-06, x1: 0.7496427297592163, z: 0.742046594619751}
# schema: astropy-2.0
time band flux fluxerr zp zpsys pwv airmass
62984.3439 lsst_hardware_r 837.3673844761672 39.0409673606984 31.479999542236328 AB 4.806969689614486 1.2935871070008131
62984.3622 lsst_hardware_i 1076.3504031492157 47.12276902434856 31.239999771118164 AB 4.23574016060727 1.201514795936253
62990.3521 lsst_hardware_r 887.6726506388832 44.863350839897564 31.559999465942383 AB 9.710885792281893 1.175474146440538
62990.3705 lsst_hardware_i 998.8806907468493 46.436021003136894 31.239999771118164 AB 9.158985164283596 1.1125962643255876
62995.3597 lsst_hardware_z 1274.7055278568632 93.64135904269993 31.729999542236328 AB 8.602047882847863 1.104455014810023
63002.3597 lsst_hardware_i 821.766058171564 43.64197894998343 31.270000457763672 AB 4.351825749182039 1.0594398480521074
63002.3795 lsst_hardware_u -2.003974425406129 3.3984020251638154 28.670000076293945 AB 4.541228440474857 1.028357889600381
63005.3562 lsst_hardware_g 40.89841795273587 17.138932261127387 31.479999542236328 AB 8.682581032415394 1.0507359054960137
63005.3763 lsst_hardware_r 449.85547815047875 32.006064009306314 31.530000686645508 AB 9.786864439206338 1.0227677332225247
63010.2387 lsst_hardware_r 251.1873799117909 30.692849514132668 31.399999618530273 AB 11.608355960154194 1.5561146531630763
63010.2583 lsst_hardware_u -1.7097438616212417 2.5216123540349566 28.1200008392334 AB 9.434566720300355 1.3884401790952312
63013.2608 lsst_hardware_r 303.78183601961103 29.570492522516993 31.469999313354492 AB 4.609466762350536 1.3169905035287246
63013.2806 lsst_hardware_i 429.3543746430838 39.270869710301945 31.239999771118164 AB 4.243022109891583 1.2122920313975951
63015.2391 lsst_hardware_i 478.06023057112884 39.83707975449099 31.200000762939453 AB 12.834353459236596 1.4305959863903797
63015.2582 lsst_hardware_z 289.58469409507353 48.872582005433266 30.93000030517578 AB 10.826597044427956 1.2998155567986018
63016.3641 lsst_hardware_z 230.92874469456737 45.307650308793804 30.959999084472656 AB 12.375654550837321 1.0096530961740104
63016.3841 lsst_hardware_r 225.74802394978036 28.20230348361979 31.530000686645508 AB 12.99965375495986 1.0071915720323752
63021.3629 lsst_hardware_i 230.82226959865474 63.8207819516029 31.329999923706055 AB 12.080479577883395 1.0066227462614017
63021.3842 lsst_hardware_z 321.31226634393033 58.51387053189339 30.979999542236328 AB 11.825320327543224 1.0129187826068253
63031.2564 lsst_hardware_r 44.26037183648315 25.929196388840484 31.5 AB 13.936775104225488 1.1190601496888848
63031.2769 lsst_hardware_i 160.95868461693095 34.37406638678604 31.25 AB 13.240157304052566 1.066779607674653
63033.3094 lsst_hardware_u 1.744313755056863 2.8415639831020676 28.510000228881836 AB 6.588464060723316 1.0144422183417137
63033.3307 lsst_hardware_g 7.124309268800195 15.706765767670692 31.479999542236328 AB 6.529164833615585 1.0066033455391723
63034.378 lsst_hardware_r 58.62153865676819 25.4159083631074 31.520000457763672 AB 3.871228724812364 1.0462780337330713
63034.3964 lsst_hardware_i 166.2219245138844 34.14101715713176 31.25 AB 4.009507303454932 1.0836506225553868
63040.2163 lsst_hardware_z 161.53429100692148 44.807513011322975 30.940000534057617 AB 3.6960145445955215 1.1727174652340004
63040.2308 lsst_hardware_r 59.92150305641348 25.147629227051453 31.5 AB 3.5690983558542873 1.122210933322545
63046.1447 lsst_hardware_z 217.02629009716483 73.80276657048461 31.649999618530273 AB 7.161969754114365 1.5146922285754736
63046.1638 lsst_hardware_r 133.55775468431582 56.472167428552076 32.27000045776367 AB 6.5410356915644945 1.361770095398576
63051.1524 lsst_hardware_z 228.304218216417 122.72678524719663 31.709999084472656 AB 11.778069668446756 1.3466422373527804
63061.1511 lsst_hardware_z 77.56185245986708 44.529710575659834 30.93000030517578 AB 9.042923271014232 1.2053882727261485
63061.1683 lsst_hardware_r 2.482036317135758 25.22497921104792 31.489999771118164 AB 8.304793696297658 1.1388650418893778
63062.2049 lsst_hardware_r 34.979969610086236 25.214948892308648 31.520000457763672 AB 6.678280602619893 1.0434813441593582
63062.231 lsst_hardware_u 5.536432925529285 2.949060666696779 28.559999465942383 AB 5.8189427527327116 1.0139002908783583
63070.1493 lsst_hardware_g 1.714760676503827 15.557121945066596 31.43000030517578 AB 6.501580354198864 1.120962130034287
63070.1685 lsst_hardware_r 45.03676106584003 25.259822974331453 31.510000228881836 AB 5.71766160899363 1.0708902654584604
63071.1401 lsst_hardware_g -0.2675941953532988 15.720662656051239 31.440000534057617 AB 7.07980862515841 1.1419046169610338
63071.1541 lsst_hardware_r 26.11779694392527 25.542602451436785 31.510000228881836 AB 6.815516844713305 1.0992769104376299
63073.1872 lsst_hardware_r 35.14639949004682 25.274273762746688 31.530000686645508 AB 11.166563947400485 1.0265430260989237
63073.2061 lsst_hardware_u -1.4987002402192555 2.973278778102882 28.579999923706055 AB 11.00063644746162 1.0108014530926395
63077.1717 lsst_hardware_z -45.583246535813814 50.880001068115234 30.979999542236328 AB 4.98084502388796 1.0321925238602505
63077.1897 lsst_hardware_i -66.99002556085176 49.189998626708984 31.31999969482422 AB 4.961681614490349 1.014140340212577
63082.0685 lsst_hardware_z -41.29560699632545 97.8499984741211 30.959999084472656 AB 1.943820146025849 1.3417994565295783
63082.0861 lsst_hardware_r 24.75211770045453 137.6999969482422 31.610000610351562 AB 2.3277460751620165 1.241299066877492
63085.1822 lsst_hardware_i 12.026129509381967 46.33000183105469 31.309999465942383 AB 2.823738668460421 1.0074586436797601
63085.2034 lsst_hardware_z -18.267499654650788 48.7599983215332 30.969999313354492 AB 2.8497983305433148 1.0096418755430834
63092.0756 lsst_hardware_i -16.405816441395142 32.529998779296875 31.239999771118164 AB 3.940446809869941 1.1677993064740138
63092.0903 lsst_hardware_r -5.453134638467879 24.649999618530273 31.510000228881836 AB 3.992582118012101 1.11771807806241
63095.0589 lsst_hardware_z 3.0444123391886557 44.040000915527344 30.940000534057617 AB 4.7238905780238545 1.20261980092257
63095.0775 lsst_hardware_u 1.5745317228061206 2.809999942779541 28.43000030517578 AB 4.416520200668305 1.132150782022124
63100.1039 lsst_hardware_i -10.418015278294089 31.809999465942383 31.270000457763672 AB 2.823564623147501 1.0392214292040858
63100.1312 lsst_hardware_z -44.31565060149169 41.439998626708984 30.950000762939453 AB 2.043525813969223 1.0114378126471715
63101.077 lsst_hardware_z 22.37575841822909 42.599998474121094 30.950000762939453 AB 2.313878611694007 1.086838239405358
63101.0952 lsst_hardware_r 30.41932467329785 24.760000228881836 31.530000686645508 AB 2.43719980389068 1.0488218628900183
63102.1253 lsst_hardware_r 24.097419401589754 25.450000762939453 31.540000915527344 AB 2.8112228964265173 1.0116861525601502
63102.1432 lsst_hardware_z 30.332429883420595 41.470001220703125 30.950000762939453 AB 2.7590708852137866 1.006592807447569
63107.0851 lsst_hardware_z 27.60011051178125 97.16000366210938 31.739999771118164 AB 5.174383387927805 1.0387546951139865
63109.0791 lsst_hardware_r -72.47344461158227 141.92999267578125 31.65999984741211 AB 3.9927790778041614 1.0395606190854836
63109.0981 lsst_hardware_z 59.906153092057316 92.29000091552734 31.0 AB 3.4057196334175295 1.0173919741351845
63110.0892 lsst_hardware_r 95.91333426931487 122.63999938964844 31.670000076293945 AB 1.126217346337203 1.0232138216267743
63110.1069 lsst_hardware_z 36.87744506049482 83.6500015258789 31.0 AB 1.0341441297875085 1.0099063767456138
63111.9743 lsst_hardware_z 80.09373996710703 64.52999877929688 30.93000030517578 AB 4.431042255715516 1.4303297126721235
63111.9928 lsst_hardware_i 65.59810520238365 33.290000915527344 31.219999313354492 AB 3.694992031798041 1.3031566313468477
63113.0834 lsst_hardware_r -32.934769378026125 48.880001068115234 31.6299991607666 AB 0.9837996480623121 1.020803785278335
63113.1027 lsst_hardware_y 22.305080676825302 49.4900016784668 30.059999465942383 AB 0.9354715649983759 1.0083228940965376
63116.9769 lsst_hardware_y -116.31443603386235 75.54000091552734 29.979999542236328 AB 3.2843068865859206 1.3167072911609998
63116.9933 lsst_hardware_r -41.53369350439777 24.93000030517578 31.489999771118164 AB 3.06482069461201 1.2278519125077327
63121.9802 lsst_hardware_y -29.157625450968816 66.26000213623047 30.010000228881836 AB 3.276578465491089 1.2252326691562452
63121.9971 lsst_hardware_u 6.7014510880077705 2.869999885559082 28.450000762939453 AB 3.0716702867902863 1.1550889486848872
63123.981 lsst_hardware_y 48.24348737104052 65.44999694824219 30.010000228881836 AB 2.7564439462913644 1.1970659870977303
63123.9974 lsst_hardware_r -2.7087333781020124 24.670000076293945 31.510000228881836 AB 2.62977232568087 1.135153521876229
63131.0053 lsst_hardware_z -15.462935169845357 42.439998626708984 30.950000762939453 AB 2.7093669246095944 1.063817914250217
63131.0206 lsst_hardware_r -15.789955649864106 26.010000228881836 31.540000915527344 AB 2.6461740250592802 1.0372407493536082
63132.9864 lsst_hardware_y -48.62746951465121 61.22999954223633 30.040000915527344 AB 2.797503598972631 1.095056210453796
63133.0047 lsst_hardware_i 35.66457034184301 39.209999084472656 31.280000686645508 AB 2.95966750975403 1.05438814027575
63136.9919 lsst_hardware_y 64.86966233354975 60.2400016784668 30.059999465942383 AB 4.54375930139874 1.0579183472406593
63137.0136 lsst_hardware_z 104.9035209106334 68.01000213623047 30.989999771118164 AB 4.8229039659472575 1.0252408785007456
63143.9975 lsst_hardware_y -5.666990525345051 48.900001525878906 30.059999465942383 AB 3.3693300271617965 1.022041464255348
63144.0112 lsst_hardware_i 10.282716479958783 31.479999542236328 31.260000228881836 AB 2.7885648036007584 1.011357259443561
63151.9899 lsst_hardware_y -65.1215254413743 81.5 30.079999923706055 AB 5.030276778766575 1.0110601032644742
63152.0084 lsst_hardware_u -2.1027653937695003 3.1500000953674316 28.549999237060547 AB 5.710170085369795 1.0066408259796908
63155.9927 lsst_hardware_y -40.70084434407593 73.63999938964844 30.079999923706055 AB 6.578341275891412 1.0067348787264314
63156.0113 lsst_hardware_z -15.524471268650526 41.7599983215332 30.950000762939453 AB 7.1554759628633064 1.0104701510350824
