data/validation/pwv_sim_epoch_fit_epoch/34977100.ecsv
# %ECSV 0.9
# ---
# datatype:
# - {name: time, datatype: float64}
# - {name: band, datatype: string}
# - {name: flux, datatype: float64}
# - {name: fluxerr, datatype: float64}
# - {name: zp, datatype: float64}
# - {name: zpsys, datatype: string}
# - {name: pwv, datatype: float64}
# - {name: airmass, datatype: float64}
# meta: {SNID: '34977100', alt: 1024.0, c: 0.05433854088187218, dec: 1.193748, lat: -30.244573, lon: -70.7499537, ra: 43.066406, t0: 60599.48046875,
#   x0: 3.0214243912746214e-05, x1: 1.262195348739624, z: 0.28718629479408264}
# schema: astropy-2.0
time band flux fluxerr zp zpsys pwv airmass
[from data line 132]
60971.2222 lsst_hardware_z 31.664664337927956 43.75 30.93000030517578 AB 4.024323447406246 1.174356338915548
60973.1782 lsst_hardware_z -68.20839601844463 44.130001068115234 30.93000030517578 AB 5.606227840917504 1.2225545920442606
60973.196 lsst_hardware_r 3.073823844698895 24.579999923706055 31.489999771118164 AB 5.4644526603268595 1.1909017457397806
60975.1759 lsst_hardware_u 2.2443374591186473 2.6600000858306885 28.299999237060547 AB 2.907989246179426 1.2156722157865567
60975.1937 lsst_hardware_r 1.7455758870692948 24.559999465942383 31.479999542236328 AB 2.8463675991942585 1.1870168962756247
60977.1737 lsst_hardware_i 15.69185342265762 34.790000915527344 31.239999771118164 AB 2.556767622672767 1.2091594337536138
60977.1912 lsst_hardware_z 8.103753628689043 44.29999923706055 30.940000534057617 AB 2.5055785740581897 1.1838311240526598
60980.1579 lsst_hardware_z 6.837208194227587 51.5 30.940000534057617 AB 5.656137679088789 1.2252888787425344
60980.1756 lsst_hardware_r 9.254760695285928 52.630001068115234 31.59000015258789 AB 5.306604187785756 1.192629326393023
60992.2006 lsst_hardware_r -21.5381050628679 24.520000457763672 31.479999542236328 AB 4.988254869427902 1.1941480326597407
60992.2187 lsst_hardware_i -19.866255700010264 32.88999938964844 31.219999313354492 AB 8.208005082176454 1.2288199237242334
60994.2035 lsst_hardware_z -30.679065412214214 43.90999984741211 30.940000534057617 AB 4.604249951150643 1.207936148093741
60994.2219 lsst_hardware_r -9.555175035175797 24.639999389648438 31.469999313354492 AB 9.435720118892275 1.252086003037516
60996.1841 lsst_hardware_r -6.848526863050041 24.579999923706055 31.479999542236328 AB 2.7654204451554785 1.186960631728512
60996.2047 lsst_hardware_u -0.9996726704079261 2.6700000762939453 28.309999465942383 AB 2.768834252525654 1.2216343492271133
60998.1849 lsst_hardware_g -1.1703546099098283 15.029999732971191 31.389999389648438 AB 6.3914741171611436 1.1951334539296254
60998.2029 lsst_hardware_i 25.675362423115406 32.97999954223633 31.219999313354492 AB 6.5458944422643 1.2302385795956028
61000.1851 lsst_hardware_z 10.479736768185472 43.709999084472656 30.93000030517578 AB 3.7412534979569076 1.2042661474112222
61000.206 lsst_hardware_r -3.7344376193604725 24.479999542236328 31.469999313354492 AB 3.934998817078816 1.2535170110152851
61005.1104 lsst_hardware_g -8.469093210993133 17.34000015258789 31.450000762939453 AB 4.262322196947795 1.1886559694021273
61005.1312 lsst_hardware_r 34.243466690051946 25.149999618530273 31.479999542236328 AB 6.128153668607266 1.1738820979054543
61007.0925 lsst_hardware_i -37.373890865423654 36.5 31.25 AB 4.591288450604146 1.2078100098046685
61007.1099 lsst_hardware_z -57.59875003850355 45.31999969482422 30.940000534057617 AB 4.545539840490896 1.1832207827743304
61010.1487 lsst_hardware_r -51.667721346873115 75.33999633789062 31.610000610351562 AB 9.670407391435319 1.1903993342212447
61010.1683 lsst_hardware_z 127.43270164333768 62.77000045776367 30.950000762939453 AB 9.453247689372159 1.2258239296362745
61012.1481 lsst_hardware_z -77.09154419950569 87.5199966430664 30.979999542236328 AB 7.73889363467651 1.1972714124213324
61012.1666 lsst_hardware_i 109.08067881784623 102.9000015258789 31.299999237060547 AB 7.991127194442693 1.2350786949806896
61014.1499 lsst_hardware_z -35.28377188182533 80.16999816894531 30.979999542236328 AB 3.076534863787805 1.209844940700022
61014.1686 lsst_hardware_r -162.24145612339137 118.51000213623047 31.610000610351562 AB 2.910053770121135 1.2560027781697523
61016.0743 lsst_hardware_r -14.51438450499924 24.18000030517578 31.469999313354492 AB 5.439992524343182 1.196983887857873
61016.0928 lsst_hardware_u -2.3520248735443063 6.300000190734863 28.899999618530273 AB 6.578024222931922 1.1773101460920992
61021.1189 lsst_hardware_i -10.066498948525268 32.040000915527344 31.229999542236328 AB 14.745641712731985 1.1907010426947662
61021.1374 lsst_hardware_z -9.167478668877916 43.7599983215332 30.93000030517578 AB 14.416380814350923 1.2238100847643267
61023.1161 lsst_hardware_r 20.91660269541137 23.969999313354492 31.479999542236328 AB 8.836454423438525 1.194344109584727
61023.1342 lsst_hardware_u 2.597428005228153 2.6600000858306885 28.31999969482422 AB 8.818593233223424 1.2291578832285237
61025.1173 lsst_hardware_g -21.57966481425165 14.850000381469727 31.3799991607666 AB 12.173219173207357 1.2050777971966908
61025.1355 lsst_hardware_i -49.385305613424634 33.150001525878906 31.209999084472656 AB 12.707592065715641 1.2469802523743574
61027.0771 lsst_hardware_z -13.319447590288988 43.27000045776367 30.93000030517578 AB 4.736938741521763 1.1734535806085995
61027.0983 lsst_hardware_r -0.6587752114030397 23.940000534057617 31.469999313354492 AB 4.810806583736529 1.1856578148454224
61029.0416 lsst_hardware_y -86.25080596587999 53.619998931884766 30.0 AB 5.584781286429585 1.1929045111630512
61029.0607 lsst_hardware_u 0.587654238875453 2.759999990463257 28.3700008392334 AB 6.218454332176851 1.1755112159124481
61031.0428 lsst_hardware_z -22.211488209657542 48.099998474121094 30.940000534057617 AB 6.390413686258253 1.1847995215855776
61031.0612 lsst_hardware_r -22.623712370976364 24.350000381469727 31.479999542236328 AB 6.3656902542027405 1.1736875891223453
61033.0425 lsst_hardware_y -150.24081136138062 56.599998474121094 30.010000228881836 AB 7.55301023509201 1.1800349289279917
61033.0612 lsst_hardware_z -4.4248432856522415 43.65999984741211 30.940000534057617 AB 7.555136409293738 1.1734918961340177
61035.0447 lsst_hardware_y -66.30289800619508 55.09000015258789 30.010000228881836 AB 11.370847577439992 1.1753421445490715
61035.065 lsst_hardware_z -12.129371755037482 44.310001373291016 30.93000030517578 AB 11.400340925427484 1.1763843695623342
61037.0416 lsst_hardware_y -110.06228305549429 60.880001068115234 30.020000457763672 AB 6.653710969991868 1.1744606325001583
61037.0632 lsst_hardware_i 19.368071794693762 43.09000015258789 31.270000457763672 AB 7.417666045316933 1.1786545622855296
61039.0422 lsst_hardware_y -182.74045509838902 64.95999908447266 30.020000457763672 AB 10.046129463669313 1.173407634604993
61039.0628 lsst_hardware_r -66.73671654036484 75.08999633789062 31.6200008392334 AB 9.831047572197482 1.1828602884281942
