data/validation/pwv_sim_epoch_fit_epoch/35124268.ecsv
# %ECSV 0.9
# ---
# datatype:
# - {name: time, datatype: float64}
# - {name: band, datatype: string}
# - {name: flux, datatype: float64}
# - {name: fluxerr, datatype: float64}
# - {name: zp, datatype: float64}
# - {name: zpsys, datatype: string}
# - {name: pwv, datatype: float64}
# - {name: airmass, datatype: float64}
# meta: {SNID: '35124268', alt: 1024.0, c: 0.007941280491650105, dec: -9.896853, lat: -30.244573, lon: -70.7499537, ra: 138.691406, t0: 61407.47265625,
#   x0: 4.5080701167278305e-06, x1: 0.4598694443702698, z: 0.6400803327560425}
# schema: astropy-2.0
time band flux fluxerr zp zpsys pwv airmass
[from data line 134]
61799.2106 lsst_hardware_i 41.79864217635277 31.139999389648438 31.239999771118164 AB 11.372921013354416 1.0710225792446773
61799.2285 lsst_hardware_z -110.12546147660298 41.86000061035156 30.950000762939453 AB 11.250042719579978 1.0657654743424625
61801.1827 lsst_hardware_z -19.76696434845767 41.959999084472656 30.950000762939453 AB 11.227060409859419 1.0955901839335858
61801.1998 lsst_hardware_r -9.068990392243382 23.260000228881836 31.5 AB 11.101600925990661 1.0750073521826922
61803.1135 lsst_hardware_u -0.39964529374364066 2.619999885559082 28.280000686645508 AB 7.854915040467605 1.305164504093205
61803.1219 lsst_hardware_g -9.224448152254656 14.449999809265137 31.3799991607666 AB 7.513250453225994 1.262024152277575
61805.1812 lsst_hardware_r 53.594496451063975 23.3799991607666 31.489999771118164 AB 9.6540183299815 1.0827442400091267
61805.1986 lsst_hardware_i 17.46428340527691 30.989999771118164 31.239999771118164 AB 9.697699484061681 1.0685875853625584
61807.1724 lsst_hardware_z 8.689719026122999 47.06999969482422 30.959999084472656 AB 5.921151214462372 1.086865232482577
61807.1902 lsst_hardware_r 10.57345185893107 39.040000915527344 31.600000381469727 AB 5.836252313710917 1.0701356522962946
61808.1762 lsst_hardware_z -48.375508191826555 51.25 30.959999084472656 AB 5.418302043776995 1.0792355430289802
61808.1947 lsst_hardware_r -22.73628908876733 56.099998474121094 31.6299991607666 AB 5.24608124818525 1.0669272418517897
61812.1657 lsst_hardware_r 94.34301545946622 135.5800018310547 31.649999618530273 AB 2.265844035468431 1.0788021117926656
61812.1825 lsst_hardware_z -42.990868140073424 91.5 31.0 AB 2.8818334370724177 1.0673457174342287
61814.1682 lsst_hardware_y -5.166740111430462 54.38999938964844 30.040000915527344 AB 4.331888243460787 1.071984222583724
61814.1864 lsst_hardware_r -35.44627284250221 82.93000030517578 31.639999389648438 AB 4.350297927671181 1.0657270768425338
61816.1596 lsst_hardware_i 19.600088271772684 43.5 31.290000915527344 AB 3.0467323433725757 1.0743693247273751
61816.1764 lsst_hardware_z -8.629724165564266 47.849998474121094 30.959999084472656 AB 4.044036710053066 1.0660905211036202
61818.1557 lsst_hardware_r 16.70165843578384 26.979999542236328 31.540000915527344 AB 3.258748768338209 1.0731335131739437
61818.1722 lsst_hardware_g 7.79586645660972 21.030000686645508 31.56999969482422 AB 4.48499102285332 1.0659092979925502
61820.1289 lsst_hardware_u 0.4272797149602763 2.809999942779541 28.5 AB 3.4176111686127815 1.0986748291725617
61820.1458 lsst_hardware_r 5.583014590685458 23.5 31.520000457763672 AB 3.251881113397495 1.0769006888389983
61822.127 lsst_hardware_i 4.026370046713786 31.360000610351562 31.25 AB 5.594730748685288 1.093076668580649
61822.1448 lsst_hardware_z -55.23675920166981 41.900001525878906 30.950000762939453 AB 5.477360875896144 1.073115600175571
61826.1312 lsst_hardware_g -18.297705134270135 14.4399995803833 31.420000076293945 AB 9.357274446703451 1.075291293851486
61826.1498 lsst_hardware_r -8.561224716289763 23.34000015258789 31.5 AB 9.280235963804543 1.06597905203077
61828.1206 lsst_hardware_i -24.321259916609307 31.010000228881836 31.239999771118164 AB 7.259177442143846 1.0802749272136383
61828.1395 lsst_hardware_z -13.84775708877873 41.720001220703125 30.950000762939453 AB 8.247675774188371 1.0671077466927639
61830.116 lsst_hardware_r -61.87313552395086 23.31999969482422 31.489999771118164 AB 4.425935460372821 1.0793648238928961
61830.1328 lsst_hardware_g -3.9784511421330033 14.430000305175781 31.43000030517578 AB 4.321586100896569 1.067541545777077
61832.1098 lsst_hardware_r 34.55705867913418 23.329999923706055 31.489999771118164 AB 6.242148568159308 1.080143375698098
61832.1284 lsst_hardware_i -58.36573105893763 30.8700008392334 31.239999771118164 AB 5.339295998284751 1.0671655420546147
61834.1176 lsst_hardware_z 9.144813061631043 42.31999969482422 30.940000534057617 AB 11.055033537010331 1.0694969561764267
61834.1361 lsst_hardware_i 10.271731391762374 32.25 31.25 AB 10.888948950029421 1.066106860852226
61836.1249 lsst_hardware_z 120.60959807484357 68.01000213623047 31.709999084472656 AB 7.7220696060456016 1.0657500491391239
61838.0864 lsst_hardware_y 84.30251801396618 55.5 30.030000686645508 AB 11.123975160859738 1.0886646272127278
61838.1055 lsst_hardware_r -41.41288861305104 85.98999786376953 31.639999389648438 AB 10.999905214742174 1.0701598165868587
61840.0851 lsst_hardware_i 78.34071129603787 102.69999694824219 31.329999923706055 AB 8.1526685481316 1.083363113235079
61840.1043 lsst_hardware_z -102.63278185016316 88.4800033569336 30.989999771118164 AB 8.05389500292511 1.068014189487483
61843.0707 lsst_hardware_r -34.331680150936904 72.48999786376953 31.639999389648438 AB 14.174031789762623 1.0915416205279769
61843.0869 lsst_hardware_i 26.58848645886572 60.41999816894531 31.31999969482422 AB 14.018319211494576 1.0735425954583073
61845.0836 lsst_hardware_z 79.74641206328559 45.75 30.950000762939453 AB 7.63519995737744 1.0719455206735882
61845.1004 lsst_hardware_i 30.58066776808815 41.2400016784668 31.290000915527344 AB 7.795391398079685 1.06574494470978
61847.0719 lsst_hardware_u 1.6946173262116138 2.6500000953674316 28.3799991607666 AB 7.358482529501268 1.0770612601728777
61847.0915 lsst_hardware_g 4.745449293609604 14.170000076293945 31.420000076293945 AB 8.570325399364647 1.0661266240851683
61849.0685 lsst_hardware_r -3.2570269376419354 22.950000762939453 31.489999771118164 AB 4.030561563023854 1.0751987096809141
61849.0875 lsst_hardware_i 13.499472713006014 30.739999771118164 31.239999771118164 AB 5.542723429324353 1.0659083517931447
61851.0715 lsst_hardware_z 31.6380706715217 41.459999084472656 30.950000762939453 AB 4.1898759964056715 1.0693232939209267
61851.0912 lsst_hardware_u -4.7254461125442315 2.690000057220459 28.43000030517578 AB 5.569144176626657 1.066409174052465
61853.0696 lsst_hardware_g -10.283150605590254 14.069999694824219 31.420000076293945 AB 4.444700480112523 1.0676890353588286
61853.0893 lsst_hardware_r 31.228037939897558 22.8700008392334 31.489999771118164 AB 5.854652592450889 1.0674744527753603
61861.0304 lsst_hardware_r 27.69197301284646 23.309999465942383 31.489999771118164 AB 4.072271532050397 1.0803691719270598
61861.0483 lsst_hardware_i 12.663910720514036 30.809999465942383 31.239999771118164 AB 5.550904802223182 1.0674816927352273
61863.038 lsst_hardware_z -60.781151657559725 60.75 31.700000762939453 AB 6.781221126325736 1.0697197817289879
61865.0265 lsst_hardware_z -164.24607663902867 50.31999969482422 30.969999313354492 AB 8.213749175841974 1.073797977035926
61865.0447 lsst_hardware_r 9.969068213155165 51.619998931884766 31.6200008392334 AB 8.316369653642742 1.0658140829582512
61870.0292 lsst_hardware_g 62.27880230608388 106.33000183105469 31.719999313354492 AB 6.050310888498456 1.066040153025893
61870.0512 lsst_hardware_r 30.522101842828715 99.9800033569336 31.649999618530273 AB 6.045131662150859 1.0718793673745926
61872.9905 lsst_hardware_i -2.318990605533526 31.639999389648438 31.260000228881836 AB 8.461958441842008 1.0891135442924234
61873.0003 lsst_hardware_r -59.82627118643182 38.400001525878906 31.600000381469727 AB 7.146089635720465 1.0776383993546412
61875.0085 lsst_hardware_u -3.3509295665702545 2.880000114440918 28.56999969482422 AB 12.139582305303513 1.0681080731427137
61875.0275 lsst_hardware_g -22.050552366546025 14.380000114440918 31.450000762939453 AB 12.159395687740751 1.0668944185084452
61877.006 lsst_hardware_r -22.781627822203035 22.950000762939453 31.5 AB 14.162363307828677 1.067005447738166
61877.0253 lsst_hardware_i 18.177809564118053 30.850000381469727 31.260000228881836 AB 14.266904405443697 1.0680819319066963
61879.0063 lsst_hardware_z 22.011979918988878 41.34000015258789 30.940000534057617 AB 9.786440938019085 1.0658288976278683
61879.0226 lsst_hardware_r -2.949848775082987 22.8700008392334 31.489999771118164 AB 9.798645675497003 1.0694098161558259
61885.9755 lsst_hardware_z 16.118400336776038 43.0 30.940000534057617 AB 14.566230550774574 1.0695521367775835
61885.9924 lsst_hardware_g -13.01990698994614 13.970000267028809 31.40999984741211 AB 14.47335246377887 1.0658629106546043
61886.9656 lsst_hardware_y 66.91838121753965 65.29000091552734 30.049999237060547 AB 6.488447221541038 1.0744685939210992
61886.9707 lsst_hardware_i -11.92346174099336 35.09000015258789 31.260000228881836 AB 6.617318113526847 1.0707634487907518
61889.9653 lsst_hardware_y -0.2968492296957011 59.380001068115234 30.049999237060547 AB 11.914991751353552 1.0691684813896853
61889.9839 lsst_hardware_r -14.155248431656528 24.049999237060547 31.5 AB 11.85651407748045 1.0662332803489116
61893.9782 lsst_hardware_y 55.05407312491096 80.2699966430664 30.799999237060547 AB 11.714842060427923 1.0678007529329983
