data/validation/pwv_sim_epoch_fit_epoch/35248767.ecsv
# %ECSV 0.9
# ---
# datatype:
# - {name: time, datatype: float64}
# - {name: band, datatype: string}
# - {name: flux, datatype: float64}
# - {name: fluxerr, datatype: float64}
# - {name: zp, datatype: float64}
# - {name: zpsys, datatype: string}
# - {name: pwv, datatype: float64}
# - {name: airmass, datatype: float64}
# meta: {SNID: '35248767', alt: 1024.0, c: -0.020976923406124115, dec: -31.03924, lat: -30.244573, lon: -70.7499537, ra: 165.058594, t0: 62479.84765625,
#   x0: 5.237813300993473e-06, x1: 0.9922821521759033, z: 0.6016284823417664}
# schema: astropy-2.0
time band flux fluxerr zp zpsys pwv airmass
[from data line 132]
62887.2248 lsst_hardware_g -19.683663718039373 13.539999961853027 31.3799991607666 AB 13.631514851181585 1.1531446290846858
62887.2449 lsst_hardware_i 27.488359834008914 30.450000762939453 31.239999771118164 AB 12.898532562329054 1.0920702359221122
62889.2176 lsst_hardware_u 1.2502510036012642 2.5899999141693115 28.329999923706055 AB 10.560046943038541 1.1593830129593967
62889.2369 lsst_hardware_g 3.436177890723531 13.569999694824219 31.399999618530273 AB 10.08282477946353 1.098745889516553
62895.231 lsst_hardware_r -0.751866528718201 22.469999313354492 31.489999771118164 AB 11.331349858773738 1.072959822498894
62895.2488 lsst_hardware_i 71.3336471179101 30.25 31.260000228881836 AB 10.95869939872297 1.0390675788928228
62897.2313 lsst_hardware_z 46.26158327825628 41.18000030517578 30.950000762939453 AB 11.2136143831562 1.060689971921699
62897.2495 lsst_hardware_r 21.206874424630087 22.209999084472656 31.510000228881836 AB 11.001637541611204 1.0299872870064166
62908.1197 lsst_hardware_r 19.77927011763276 87.69000244140625 31.559999465942383 AB 2.250480175186276 1.3991172988412943
62908.1368 lsst_hardware_z -109.49384509547748 68.83000183105469 30.959999084472656 AB 2.726588366895306 1.2906418051652826
62908.1913 lsst_hardware_r 43.53123045771209 84.0 31.649999618530273 AB 2.9234443255023037 1.0827571575934458
62908.2177 lsst_hardware_z -36.15314603113063 62.72999954223633 30.989999771118164 AB 3.828965367028744 1.0324603825437595
62912.1181 lsst_hardware_r -31.70697571606303 23.450000762939453 31.440000534057617 AB 1.9735680006892484 1.3365774596913589
62912.1374 lsst_hardware_i 43.74655720566948 31.780000686645508 31.229999542236328 AB 3.4658840863905795 1.2315845139676325
62914.1209 lsst_hardware_z 38.96629729298963 44.56999969482422 30.920000076293945 AB 3.0090128370503373 1.2879669714501178
62919.1149 lsst_hardware_i -10.495776336643498 32.189998626708984 31.219999313354492 AB 7.652589895652115 1.2479252958786773
62919.1354 lsst_hardware_z 5.970773763784971 42.86000061035156 30.940000534057617 AB 7.526470889312671 1.1604477794134915
62921.1055 lsst_hardware_r 24.447350733998668 23.5 31.459999084472656 AB 9.808335282632987 1.2679776287809947
62921.1246 lsst_hardware_u -4.779650679358477 2.700000047683716 28.399999618530273 AB 9.16792705424978 1.1807365135604762
62923.1032 lsst_hardware_g 17.907973554495452 13.930000305175781 31.360000610351562 AB 7.153188787348172 1.2517976061392122
62923.123 lsst_hardware_r -10.621436128086271 23.1299991607666 31.479999542236328 AB 6.652362370917072 1.165904985482547
62925.109 lsst_hardware_i 16.95849333105463 32.959999084472656 31.229999542236328 AB 6.316531662358703 1.1998920382502167
62925.1288 lsst_hardware_z -7.7668958172611156 42.4900016784668 30.940000534057617 AB 6.8072843703799055 1.127282684430322
62929.1128 lsst_hardware_r 42.32328475927121 48.279998779296875 31.600000381469727 AB 5.207515271632953 1.1438803452241393
62929.1322 lsst_hardware_i -37.075816116651076 43.40999984741211 31.290000915527344 AB 5.686705353039046 1.0870816617782608
62935.1185 lsst_hardware_z -29.007746473283518 117.4800033569336 31.739999771118164 AB 12.075933639421242 1.0805559972041556
62937.1033 lsst_hardware_r -20.759277177221627 77.8499984741211 31.639999389648438 AB 8.825532684230227 1.1057255398910286
62937.1237 lsst_hardware_i 4.051173863012422 64.3499984741211 31.31999969482422 AB 8.379167506323103 1.0574861183361652
62939.1187 lsst_hardware_z 83.01512185110464 65.19999694824219 31.709999084472656 AB 13.647158322244946 1.0565882761827114
62941.1033 lsst_hardware_g -19.612238417384294 14.029999732971191 31.420000076293945 AB 7.7164149395515915 1.0777743033768155
62941.1245 lsst_hardware_r 16.103799624759443 22.729999542236328 31.5 AB 7.668663832962209 1.0370533492105876
62943.0937 lsst_hardware_i -6.223645295388673 30.8799991607666 31.25 AB 8.719809470706714 1.0877666578146534
62943.1121 lsst_hardware_z 19.355221525284648 41.20000076293945 30.950000762939453 AB 8.4762198471618 1.0485504681814204
62946.091 lsst_hardware_i 3.4784359319357097 30.770000457763672 31.260000228881836 AB 5.26584772260175 1.0746628005309693
62946.1087 lsst_hardware_u 3.346446364960414 2.8399999141693115 28.559999465942383 AB 5.098109299968007 1.0404304693812259
62948.0843 lsst_hardware_g 7.07080181522814 14.130000114440918 31.450000762939453 AB 6.57281896408243 1.0775113055872836
62948.1011 lsst_hardware_r -16.689454008407434 22.799999237060547 31.510000228881836 AB 6.3681234520601455 1.043954664272155
62952.0764 lsst_hardware_u -3.147894920325358 2.680000066757202 28.420000076293945 AB 6.838033993951257 1.0706733810988398
62952.0942 lsst_hardware_g -11.640680705374377 14.010000228881836 31.43000030517578 AB 6.692666268683717 1.037461830519884
62956.078 lsst_hardware_z 95.88524296328778 42.9900016784668 30.959999084472656 AB 5.01491811071822 1.0461003933564874
62957.9971 lsst_hardware_y 25.92627459960466 51.77000045776367 29.969999313354492 AB 10.161618994762902 1.308784243180753
62958.0152 lsst_hardware_z -39.82922647326453 49.470001220703125 30.950000762939453 AB 9.453098434549588 1.215988993381765
62959.9946 lsst_hardware_y 51.77090525999126 55.88999938964844 29.969999313354492 AB 8.089979150516143 1.2918646094480488
62960.0122 lsst_hardware_z -66.95012664705993 60.5 30.959999084472656 AB 6.146381522410116 1.2051728475313954
62964.9989 lsst_hardware_z 65.80200095490453 91.0999984741211 31.719999313354492 AB 10.810431468567105 1.2036555227769192
62967.9748 lsst_hardware_y 86.21291851700025 76.16999816894531 29.979999542236328 AB 6.942389453787965 1.280608009429944
62967.9926 lsst_hardware_g 13.14660743386651 14.100000381469727 31.3700008392334 AB 6.4784140463457796 1.195647009476305
62969.9854 lsst_hardware_y -39.76242089032105 50.08000183105469 30.0 AB 5.836359007200858 1.203000929032435
62970.004 lsst_hardware_i 9.943786749834205 31.100000381469727 31.239999771118164 AB 5.707800325278063 1.133437099178169
62974.9707 lsst_hardware_y -34.72179740796384 67.5199966430664 30.020000457763672 AB 11.226732007585259 1.2075217274758272
62974.9888 lsst_hardware_i -24.71077091436869 31.459999084472656 31.25 AB 10.619601652446306 1.1385056983646826
62978.9703 lsst_hardware_y 40.19231966242871 60.72999954223633 30.020000457763672 AB 7.633792474994884 1.1651383798420112
62978.9904 lsst_hardware_r -12.524710819957136 22.760000228881836 31.489999771118164 AB 7.190159427280425 1.1008154264782484
62983.9683 lsst_hardware_y -34.743001186781115 55.720001220703125 30.030000686645508 AB 1.138637615429198 1.1254140009184068
62983.9871 lsst_hardware_z -3.1545999230416832 41.93000030517578 30.940000534057617 AB 1.1166390602556298 1.074983451509792
62987.9754 lsst_hardware_y -108.67468211228028 73.27999877929688 30.790000915527344 AB 9.979488170672186 1.0767682532015737
62988.0043 lsst_hardware_r -8.785947330914526 83.33000183105469 32.400001525878906 AB 9.010967901998145 1.0256928262710956
62989.9654 lsst_hardware_y -40.42734016162026 60.93000030517578 30.049999237060547 AB 11.918270387814603 1.087681532084381
62989.9865 lsst_hardware_r -86.26736028950174 85.44000244140625 31.65999984741211 AB 11.421187974532117 1.0438173029480766
62994.9681 lsst_hardware_z 19.33941766058005 42.529998779296875 30.950000762939453 AB 9.25277904310378 1.0522094359315926
62994.9886 lsst_hardware_g -25.8555163384812 36.7400016784668 31.690000534057617 AB 8.896251124565234 1.021579076505123
