data/validation/pwv_sim_epoch_fit_epoch/35266325.ecsv
# %ECSV 0.9
# ---
# datatype:
# - {name: time, datatype: float64}
# - {name: band, datatype: string}
# - {name: flux, datatype: float64}
# - {name: fluxerr, datatype: float64}
# - {name: zp, datatype: float64}
# - {name: zpsys, datatype: string}
# - {name: pwv, datatype: float64}
# - {name: airmass, datatype: float64}
# meta: {SNID: '35266325', alt: 1024.0, c: -0.010671332478523254, dec: -29.656013, lat: -30.244573, lon: -70.7499537, ra: 130.957031,
#   t0: 61864.05859375, x0: 1.100282391139969e-05, x1: 0.6481897234916687, z: 0.44206857681274414}
# schema: astropy-2.0
time band flux fluxerr zp zpsys pwv airmass
61724.2694 lsst_hardware_i -84.28106196617294 64.7699966430664 31.260000228881836 AB 6.281604310523297 1.3830040313789733
61724.2863 lsst_hardware_r 9.293640371874542 78.5199966430664 31.600000381469727 AB 5.8362907611135055 1.278393128164668
61726.3051 lsst_hardware_z -18.29566227218016 75.69999694824219 31.709999084472656 AB 4.3725744166913305 1.167576613268713
61728.2637 lsst_hardware_g -49.502829098383934 49.22999954223633 31.56999969482422 AB 7.171011991270111 1.347807911149349
61728.2811 lsst_hardware_r -67.74299958856946 52.029998779296875 31.56999969482422 AB 6.5105917419446735 1.248555324948638
61729.2623 lsst_hardware_i -4.877321510019264 43.810001373291016 31.239999771118164 AB 5.9006270679645265 1.3392760509849504
61729.2786 lsst_hardware_z -10.165929800928856 49.16999816894531 30.940000534057617 AB 5.3726869519591425 1.2474072443362185
61731.2677 lsst_hardware_i -48.68091391494242 33.5 31.229999542236328 AB 3.7469351667208346 1.2756247730544903
61731.2856 lsst_hardware_u -0.7091629971723545 3.440000057220459 28.549999237060547 AB 3.786582601412137 1.1907492457277071
61734.2668 lsst_hardware_g -2.5454786912880687 13.529999732971191 31.329999923706055 AB 8.140378932336723 1.2383158672503096
61734.2825 lsst_hardware_r -27.18197505102585 22.739999771118164 31.459999084472656 AB 7.615859451231083 1.1704702025457607
61736.2913 lsst_hardware_r -7.354238724020201 22.360000610351562 31.469999313354492 AB 4.923200058750515 1.1213727261598623
61736.3092 lsst_hardware_u -3.22521130214864 2.630000114440918 28.40999984741211 AB 4.107441189536847 1.0737004808618953
61738.2627 lsst_hardware_u -1.4881284891244073 2.549999952316284 28.290000915527344 AB 5.963506936899357 1.2068822538627588
61738.278 lsst_hardware_g -10.175779965590381 13.289999961853027 31.3700008392334 AB 5.655304089268225 1.1470235624306866
61740.2692 lsst_hardware_r 6.52097247398838 22.309999465942383 31.459999084472656 AB 8.891914490963842 1.158933136652179
61740.2856 lsst_hardware_i 23.954890632100682 30.350000381469727 31.229999542236328 AB 8.495281229699364 1.1059764009371902
61744.2329 lsst_hardware_z 71.08928632353275 44.06999969482422 30.93000030517578 AB 3.372467827957062 1.2719094203119223
61744.2533 lsst_hardware_i 16.59867648685015 31.200000762939453 31.229999542236328 AB 3.763732347500486 1.177853388186318
61748.2387 lsst_hardware_r 27.520016371716384 36.95000076293945 31.559999465942383 AB 6.585214787443432 1.1927756177165245
61748.262 lsst_hardware_y -10.607157441379904 47.68000030517578 30.020000457763672 AB 7.414204651193601 1.1110196780008668
61750.2455 lsst_hardware_z 40.20568457851671 51.2400016784668 30.959999084472656 AB 10.902811088201094 1.1461160630237746
61750.2677 lsst_hardware_r 38.857280814955125 50.189998626708984 31.6200008392334 AB 10.378037899654768 1.0813835469059196
61752.253 lsst_hardware_i 117.11484941685669 89.69000244140625 32.06999969482422 AB 11.678161398478396 1.105520083161744
61752.275 lsst_hardware_z 40.25590413383413 81.33999633789062 31.729999542236328 AB 11.171388243628758 1.053904551285732
61754.2467 lsst_hardware_r 67.1751743879268 83.41999816894531 31.639999389648438 AB 8.943488923473732 1.1079030991816388
61754.2684 lsst_hardware_z 20.742753508115197 59.9900016784668 30.979999542236328 AB 8.62594440883449 1.0560992987294404
61756.2519 lsst_hardware_z 81.22903390597969 55.38999938964844 30.969999313354492 AB 7.649562205413916 1.0799890167180455
61756.274 lsst_hardware_i -68.44526745123652 55.88999938964844 31.31999969482422 AB 7.30674311722882 1.036821897510209
61758.2506 lsst_hardware_z 101.57531112896031 47.31999969482422 30.959999084472656 AB 4.630341394771569 1.0704135455751185
61758.2725 lsst_hardware_r 21.445711062772986 43.900001525878906 31.6200008392334 AB 4.534252942289863 1.030980659911292
61760.2572 lsst_hardware_y 12.303525488515001 47.20000076293945 30.049999237060547 AB 5.645239995245915 1.046513006595671
61760.2795 lsst_hardware_g -29.637943189953297 21.34000015258789 31.59000015258789 AB 5.439921961690118 1.0160481811150368
61764.124 lsst_hardware_i 35.42807971280937 34.7599983215332 31.139999389648438 AB 10.449078402018197 1.7263356989828975
61764.1461 lsst_hardware_z 63.30941652859331 46.61000061035156 30.899999618530273 AB 9.550185748873698 1.4934416120838554
61766.1311 lsst_hardware_r 22.504879043019063 23.709999084472656 31.3799991607666 AB 7.747829300449253 1.583532635113025
61766.1528 lsst_hardware_g 9.309079699255316 13.239999771118164 31.270000457763672 AB 6.736931985685956 1.3967619314126276
61768.155 lsst_hardware_i 46.31869459587633 32.439998626708984 31.209999084472656 AB 9.678415399211346 1.3445355960932641
61768.1753 lsst_hardware_z -1.628890270926534 43.45000076293945 30.93000030517578 AB 8.720682667845193 1.231952345801845
61770.1297 lsst_hardware_z -3.8274614693641578 46.58000183105469 30.899999618530273 AB 10.022812681032743 1.4936014724733988
61770.1519 lsst_hardware_i -13.134907930278397 32.279998779296875 31.209999084472656 AB 8.931091187575296 1.3296250093159587
61772.156 lsst_hardware_g 7.092464952004265 13.239999771118164 31.31999969482422 AB 5.877487949304627 1.2743442234606934
61772.1773 lsst_hardware_r 21.287842482299446 22.399999618530273 31.469999313354492 AB 5.602946619952726 1.1761013056156018
61774.1452 lsst_hardware_r 11.768270572400302 25.399999618530273 31.469999313354492 AB 3.1818106926185306 1.3042434948393635
61774.1674 lsst_hardware_i -58.03805304143461 31.360000610351562 31.229999542236328 AB 3.056469268998182 1.194088788513419
61776.1416 lsst_hardware_z 45.1682007831799 66.76000213623047 31.68000030517578 AB 10.361584581364607 1.2935541808990196
61778.1355 lsst_hardware_z 40.64202439770596 50.43000030517578 30.93000030517578 AB 9.502272416986276 1.2971942823775675
61778.1583 lsst_hardware_r -25.25642814080162 47.560001373291016 31.579999923706055 AB 8.704739296632338 1.1865649422328906
61782.1197 lsst_hardware_i -145.58176759220856 79.91999816894531 31.290000915527344 AB 7.335113753041521 1.326142239980982
61782.1373 lsst_hardware_z -15.333604641324419 69.25 30.969999313354492 AB 8.549757671077318 1.2308893854128014
61783.1224 lsst_hardware_g -39.942477866594004 106.4000015258789 31.6299991607666 AB 3.9684235671609827 1.2940511632046683
61783.139 lsst_hardware_r 43.42910054129127 102.29000091552734 31.6200008392334 AB 5.9710027259692 1.210583779003014
61786.1317 lsst_hardware_i 24.25403696521946 47.66999816894531 31.280000686645508 AB 5.342483243346727 1.2066591176390122
61786.1495 lsst_hardware_r -20.35104674561335 55.470001220703125 31.610000610351562 AB 5.023836193823084 1.1383314638571944
61788.1353 lsst_hardware_u 1.301643398437043 2.549999952316284 28.299999237060547 AB 5.312537981500855 1.1695829118830507
61788.1522 lsst_hardware_g 25.22805846420389 19.479999542236328 31.520000457763672 AB 4.809837865251487 1.1127444454023105
61790.1239 lsst_hardware_r 2.1994287224690936 22.760000228881836 31.459999084472656 AB 9.090669548432551 1.1933144589698836
61790.1415 lsst_hardware_i 55.71366923273699 30.81999969482422 31.229999542236328 AB 8.361518529618058 1.1287908916122986
61792.1211 lsst_hardware_z -6.478326187078868 43.349998474121094 30.93000030517578 AB 13.135215372764657 1.1824206479365091
61792.1389 lsst_hardware_r -6.0060836777984 22.440000534057617 31.469999313354492 AB 11.445006291933005 1.1198636293476543
61794.1218 lsst_hardware_u 1.871653855883238 2.5 28.260000228881836 AB 15.047069002057707 1.1588113646262168
61794.1393 lsst_hardware_g -14.695567972119717 13.210000038146973 31.360000610351562 AB 15.591809856542044 1.1028039507161669
61796.1251 lsst_hardware_r -54.86576820493493 22.489999771118164 31.469999313354492 AB 14.857889435322994 1.128847396696778
61796.1417 lsst_hardware_z 41.12339701652422 41.560001373291016 30.940000534057617 AB 14.309479487373194 1.082370522096229
61798.1179 lsst_hardware_r 7.228503920890765 22.549999237060547 31.469999313354492 AB 14.009081418408712 1.1344763670412368
61798.1357 lsst_hardware_u 4.633818707947014 2.569999933242798 28.34000015258789 AB 12.835182617824515 1.083686475669074
61800.1227 lsst_hardware_g -0.777534606411707 13.3100004196167 31.3700008392334 AB 14.015406626049762 1.103408799935674
61800.1425 lsst_hardware_r 20.722944825227504 22.079999923706055 31.479999542236328 AB 12.680742042563713 1.0566991507927874
61804.1199 lsst_hardware_r 3.6728376656897614 24.719999313354492 31.5 AB 7.888544953791057 1.0822657624646193
61804.1374 lsst_hardware_z 38.373216735634344 40.970001220703125 30.940000534057617 AB 7.832536461823802 1.045930333306095
61809.114 lsst_hardware_z -106.89464690951317 54.220001220703125 30.979999542236328 AB 9.141501221671529 1.0646881548635714
61809.1324 lsst_hardware_r 45.34187764306548 66.29000091552734 31.649999618530273 AB 8.900013826783518 1.0321948208777831
61811.1257 lsst_hardware_y 83.69467463013237 81.33000183105469 30.809999465942383 AB 3.6052149529040194 1.0340004645040208
61813.0304 lsst_hardware_z -88.66631163818084 110.06999969482422 31.700000762939453 AB 3.5694319845360156 1.3558237469749095
61815.0206 lsst_hardware_y -71.91008589723883 80.9000015258789 29.950000762939453 AB 3.565042827229457 1.3854242017796394
61815.0383 lsst_hardware_r -29.09819965506544 23.610000610351562 31.450000762939453 AB 3.203530093375867 1.2759255574532977
61817.0205 lsst_hardware_y -40.05322295756371 72.08999633789062 29.969999313354492 AB 3.6945957405789738 1.3491311815150533
61817.0405 lsst_hardware_z -1.3251533417026202 43.880001068115234 30.93000030517578 AB 3.3844874514215 1.236794244992326
61819.0181 lsst_hardware_y 17.190333615383686 114.62999725341797 30.709999084472656 AB 4.8096012040770235 1.3296904607516014
61819.0373 lsst_hardware_u 1.3651017146818374 3.890000104904175 29.06999969482422 AB 4.421003189293011 1.2260697543683172
61821.0171 lsst_hardware_y -31.414536994741603 74.30999755859375 29.969999313354492 AB 4.820766380299241 1.3029098325133084
61821.0352 lsst_hardware_r 33.82419760431517 23.399999618530273 31.469999313354492 AB 4.47987997483897 1.2107783715781
61823.0301 lsst_hardware_y 53.72588466344029 50.29999923706055 29.989999771118164 AB 5.814143672572668 1.2091806598071406
61823.0508 lsst_hardware_r -26.024843641443674 22.549999237060547 31.469999313354492 AB 6.0291764101496526 1.1307002503914205
61827.0142 lsst_hardware_y -11.184757927829319 69.08000183105469 30.0 AB 8.406016005340652 1.2319816319901296
61827.034 lsst_hardware_i -45.55872689647657 31.1299991607666 31.229999542236328 AB 7.937795916606916 1.1505302629426266
61829.0135 lsst_hardware_y -52.73078850837017 64.93000030517578 30.010000228881836 AB 6.050695551734847 1.2101391103469694
61829.0337 lsst_hardware_r -26.297213179893227 22.579999923706055 31.469999313354492 AB 5.665113830187374 1.1330227660374748
61831.0118 lsst_hardware_y -81.01821728241366 64.19000244140625 30.020000457763672 AB 2.9230777418572544 1.193945774270297
61831.0315 lsst_hardware_g -20.90865893258098 13.970000267028809 31.399999618530273 AB 2.752496056544561 1.1226658739857494
61833.0196 lsst_hardware_y -64.1919042825479 49.279998779296875 30.010000228881836 AB 4.217828111140409 1.143636878543166
61833.0399 lsst_hardware_z 10.387960723746897 41.91999816894531 30.940000534057617 AB 3.984926715347906 1.084260040908212
61835.0287 lsst_hardware_y 0.6212700701073226 69.69999694824219 30.780000686645508 AB 5.648102085780955 1.0991020177954054
61837.0072 lsst_hardware_z -19.243154029400905 63.919210179403905 30.969999313354492 AB 8.99933191892321 1.148753117044111
61837.0265 lsst_hardware_r -35.438914086073076 56.080890798714556 31.6200008392334 AB 8.727202261553494 1.09049134843848
61839.0055 lsst_hardware_y 25.11770668502485 67.47487857439945 30.030000686645508 AB 11.716450528526218 1.1359570682904954
61839.0254 lsst_hardware_z -28.173402427530576 63.89578593900473 30.979999542236328 AB 11.156522483143062 1.0796982950878744
61841.0056 lsst_hardware_y 51.3456728592829 65.77520728077401 30.040000915527344 AB 8.29499645091034 1.1183636583441838
61841.0264 lsst_hardware_z 125.03232193155503 70.55709645873202 30.989999771118164 AB 7.917696886136404 1.0651610160721618
61844.0031 lsst_hardware_y 200.8329202209809 55.58900808370476 30.030000686645508 AB 10.446184682828118 1.1019061076942895
61844.0233 lsst_hardware_i 507.2342427478794 36.926892818553604 31.239999771118164 AB 9.974132410063877 1.0548707311433558
61848.0025 lsst_hardware_y 292.240293003018 53.57276902335476 30.030000686645508 AB 7.416328799536474 1.0757657092452095
61848.0198 lsst_hardware_g 591.3026558150749 27.77901035511226 31.389999389648438 AB 7.056961560189702 1.0416179424634247
61849.9995 lsst_hardware_z 934.6296874828269 54.62758750258987 30.950000762939453 AB 4.329303140520849 1.0701968870766903
61850.0191 lsst_hardware_i 1296.6584998606395 47.220891609480766 31.239999771118164 AB 3.810888174685558 1.0341623269160265
61851.9973 lsst_hardware_y 535.9757010898078 57.292592923702365 30.049999237060547 AB 6.146849500168584 1.06319285655424
61852.0155 lsst_hardware_r 2493.7524871754963 54.86163261481712 31.489999771118164 AB 6.369971499754675 1.0314629729186606
61853.9969 lsst_hardware_y 596.7626720675638 55.87794279225461 30.040000915527344 AB 9.455825707990254 1.0531436413710558
61854.0169 lsst_hardware_r 3058.356057806233 58.93040182181947 31.479999542236328 AB 8.446081359193787 1.0225280095876257
61855.9953 lsst_hardware_y 514.5078247996935 55.74387423711057 30.049999237060547 AB 6.381372022619499 1.0461265610851638
61856.0137 lsst_hardware_z 1709.1729680055014 57.027000267968475 30.950000762939453 AB 5.589111369517903 1.0199263436824593
61857.9917 lsst_hardware_y 676.6641500601937 58.491982044985434 30.049999237060547 AB 7.721923806018517 1.0429394659668154
61858.0098 lsst_hardware_u 9.459084186361897 4.234031661341821 28.40999984741211 AB 6.618478386671991 1.0182274441033832
61859.9914 lsst_hardware_y 716.121274745498 56.117787926260185 30.049999237060547 AB 8.97127445863844 1.0347490725072246
61860.0103 lsst_hardware_r 3794.4401690243526 65.57719736150241 31.469999313354492 AB 6.0202611484889275 1.0124608821070595
62088.2699 lsst_hardware_r 32.93236449722297 23.56999969482422 31.43000030517578 AB 7.908303786262332 1.403923981228889
62088.2863 lsst_hardware_u 2.6056859653929823 2.5399999618530273 28.25 AB 7.281379449346964 1.2974660458568381
62091.2699 lsst_hardware_r 21.623791404759878 23.260000228881836 31.440000534057617 AB 5.419738221657988 1.3474673405688444
62091.2873 lsst_hardware_i 9.758297291884082 31.639999389648438 31.219999313354492 AB 5.0460232598038655 1.2482946960840764
62096.2553 lsst_hardware_r 33.7444471145559 23.59000015258789 31.43000030517578 AB 4.3659972222108765 1.3536576753444223
62096.2713 lsst_hardware_z 1.344900281280628 44.31999969482422 30.920000076293945 AB 3.730292999525904 1.260234121461454
62098.2607 lsst_hardware_r -15.591854087121849 23.06999969482422 31.450000762939453 AB 11.273850664098099 1.287851343854021
62098.2768 lsst_hardware_u -3.050624468897863 2.630000114440918 28.350000381469727 AB 10.593020856463697 1.2079274982426413
62100.2766 lsst_hardware_g 8.101136075895797 13.369999885559082 31.34000015258789 AB 6.318177426705673 1.1856957512896922
62100.2946 lsst_hardware_r 18.389743305228816 22.360000610351562 31.459999084472656 AB 5.888744514445484 1.1217368431860089
62103.2701 lsst_hardware_i -34.67148292249186 42.310001373291016 31.270000457763672 AB 5.890649034822323 1.1789157507982078
62103.2871 lsst_hardware_z -33.694780771393 46.369998931884766 30.950000762939453 AB 5.558458366404984 1.1196223314621871
62105.2934 lsst_hardware_z 62.578959264138454 51.86000061035156 30.969999313354492 AB 7.59571801561918 1.0870177954899676
62105.3095 lsst_hardware_r -54.18966171644721 52.939998626708984 31.639999389648438 AB 7.356473464407915 1.0519266155016085
62107.2599 lsst_hardware_z -68.07055411617104 60.61000061035156 30.959999084472656 AB 7.320283866143192 1.1760777379961738
62107.2761 lsst_hardware_i 91.86991998741946 64.33000183105469 31.309999465942383 AB 6.974205468727567 1.1198647739184056
