data/validation/pwv_sim_epoch_fit_epoch/35506960.ecsv
# %ECSV 0.9
# ---
# datatype:
# - {name: time, datatype: float64}
# - {name: band, datatype: string}
# - {name: flux, datatype: float64}
# - {name: fluxerr, datatype: float64}
# - {name: zp, datatype: float64}
# - {name: zpsys, datatype: string}
# - {name: pwv, datatype: float64}
# - {name: airmass, datatype: float64}
# meta: {SNID: '35506960', alt: 1024.0, c: -0.09476141631603241, dec: -55.490841, lat: -30.244573, lon: -70.7499537, ra: 5.564516, t0: 60597.71875,
#   x0: 3.8751451136028615e-05, x1: 1.0753487348556519, z: 0.2573392689228058}
# schema: astropy-2.0
time band flux fluxerr zp zpsys pwv airmass
60491.3126 lsst_hardware_r 15.649704067294682 36.59000015258789 32.209999084472656 AB 11.512901936182166 1.3151590057325073
60491.3356 lsst_hardware_i -19.999317583726764 46.4900016784668 31.959999084472656 AB 10.714592506550217 1.2390393184793544
60500.4059 lsst_hardware_r -28.48443074144104 21.90999984741211 31.469999313354492 AB 10.725833074317414 1.1049775664206398
60500.4177 lsst_hardware_z 31.589113293813575 41.5099983215332 30.940000534057617 AB 11.51587927644748 1.1045612331436567
60505.4217 lsst_hardware_r -14.25584726471085 22.170000076293945 31.469999313354492 AB 5.079070395259743 1.110138879150405
60505.4334 lsst_hardware_u -0.13015187241923737 3.619999885559082 28.579999923706055 AB 5.119043176558098 1.1180001477604367
60507.4217 lsst_hardware_g 18.301739526127637 12.949999809265137 31.34000015258789 AB 3.089094775408917 1.1133879168892638
60507.4332 lsst_hardware_i -0.8608623988571225 32.04999923706055 31.229999542236328 AB 3.0805340495627758 1.122643604068067
60509.4137 lsst_hardware_z -22.89511012805064 41.77000045776367 30.940000534057617 AB 3.1134622466579236 1.1117853581281083
60509.4245 lsst_hardware_r -0.7460402470255926 22.31999969482422 31.469999313354492 AB 3.4561418819102303 1.119700393707418
60510.2869 lsst_hardware_r -105.073505250016 101.1500015258789 32.36000061035156 AB 3.4559838439228066 1.2301793464366897
60510.3122 lsst_hardware_y -9.067459359329892 52.38999938964844 30.0 AB 3.9506409039555366 1.1717754423711835
60512.4221 lsst_hardware_r -15.965526867033265 93.70999908447266 31.6299991607666 AB 5.625730926921861 1.1251461853843723
60512.4341 lsst_hardware_i 98.71004869212419 75.87000274658203 31.31999969482422 AB 5.695988006464724 1.1391976012929448
60515.4209 lsst_hardware_z -53.70119439733864 57.02000045776367 30.959999084472656 AB 6.951571396759447 1.132869651132116
60515.433 lsst_hardware_r -63.312587305676374 71.75 31.6200008392334 AB 7.103613979645348 1.149312620579274
60517.4206 lsst_hardware_z -3.1494565696711128 48.310001373291016 30.950000762939453 AB 3.5043097523752276 1.1393967818707218
60517.4309 lsst_hardware_r 57.88838696073152 48.279998779296875 31.600000381469727 AB 3.553936479680752 1.1545939777504677
60518.4175 lsst_hardware_i -19.40486467566163 37.810001373291016 31.270000457763672 AB 4.100058409558797 1.1389051137663326
60518.4292 lsst_hardware_z -58.01154462745676 47.630001068115234 30.950000762939453 AB 4.162597542467027 1.1562770951297296
60524.2234 lsst_hardware_i -0.9622543088416943 45.56999969482422 31.959999084472656 AB 2.944336465457277 1.311800608356875
60524.2426 lsst_hardware_r 4.982002432656917 32.16999816894531 32.20000076293945 AB 2.7902482630703127 1.2475029492117642
60528.3954 lsst_hardware_z 11.090503602977112 42.40999984741211 30.940000534057617 AB 3.537997771546223 1.1461576928501345
60528.4067 lsst_hardware_r -0.6038555437682654 22.450000762939453 31.459999084472656 AB 3.5186075169927653 1.1645234211460418
60530.2235 lsst_hardware_z -18.79275936592691 44.20000076293945 30.920000076293945 AB 4.2223065628849925 1.2557045540178418
60532.3949 lsst_hardware_i -0.5558134862770621 30.90999984741211 31.229999542236328 AB 7.003553450512185 1.16296240840985
60532.4066 lsst_hardware_z -62.702635876674464 42.849998474121094 30.93000030517578 AB 7.13156570603886 1.1856302088177657
60534.2916 lsst_hardware_r -26.45486580300433 22.350000381469727 31.479999542236328 AB 3.7886100680033388 1.1142970788245115
60534.3037 lsst_hardware_z -35.68786103760663 42.119998931884766 30.940000534057617 AB 4.073671680910847 1.1076783325235693
60538.3275 lsst_hardware_z -41.72445254756446 49.29999923706055 30.969999313354492 AB 4.653218119587408 1.1081729267890947
60538.3396 lsst_hardware_r 55.31422906338911 43.5099983215332 31.610000610351562 AB 4.977162116234739 1.115143027218974
60540.3331 lsst_hardware_i 72.20125374234296 70.76000213623047 31.31999969482422 AB 2.981679196299804 1.1144034122028732
60540.3444 lsst_hardware_z 37.938166600969836 64.08999633789062 30.979999542236328 AB 2.6771084975205843 1.1238910568936122
60545.3603 lsst_hardware_r -46.190555009356686 57.09000015258789 31.610000610351562 AB 3.75789447689448 1.1645464897537319
60545.3715 lsst_hardware_z -42.216349699950484 52.349998474121094 30.950000762939453 AB 3.8183330721429947 1.1864625408662695
60547.1137 lsst_hardware_i 69.03122263786538 47.68000030517578 31.93000030517578 AB 2.9089506950256365 1.547382789144361
60547.1321 lsst_hardware_r 32.16904904704784 33.22999954223633 32.18000030517578 AB 3.130260062037877 1.4393103205017443
60548.3655 lsst_hardware_i -26.850197030397368 35.31999969482422 31.239999771118164 AB 3.2307439092635466 1.1912040469232028
60548.3762 lsst_hardware_z 68.72438013955217 45.560001373291016 30.93000030517578 AB 3.9415376587141293 1.2166178435725379
60550.3668 lsst_hardware_r 23.263157644567414 24.260000228881836 31.479999542236328 AB 8.483310744166587 1.206815668847939
60550.3775 lsst_hardware_g -34.20642570524222 16.540000915527344 31.440000534057617 AB 9.255333839897258 1.234703020263775
60554.3107 lsst_hardware_r -31.10183924536494 22.309999465942383 31.469999313354492 AB 2.968216388455843 1.1285993872455675
60554.3224 lsst_hardware_u -3.2846838606061635 2.619999885559082 28.3700008392334 AB 3.027263183820438 1.1432622566749098
60556.3524 lsst_hardware_i 48.66180857996587 31.68000030517578 31.229999542236328 AB 2.4363843346583383 1.2116793906046692
60556.3636 lsst_hardware_z -2.2809627850256047 44.0099983215332 30.93000030517578 AB 2.486098247097235 1.2417556281026771
60558.3444 lsst_hardware_r 22.787743974414095 22.40999984741211 31.450000762939453 AB 1.0776904006248382 1.2054702467839353
60558.3555 lsst_hardware_u 0.018498929924099385 2.4800000190734863 28.229999542236328 AB 1.1020925372696944 1.2342613576515475
60560.3079 lsst_hardware_r 15.563424957522788 22.350000381469727 31.459999084472656 AB 3.2087074200332215 1.1459669357261506
60560.3197 lsst_hardware_u 0.33763078600697244 2.559999942779541 28.309999465942383 AB 3.262514436051545 1.1651837271612662
60567.2928 lsst_hardware_z -36.318867015178334 52.4900016784668 30.959999084472656 AB 2.043081347710596 1.1520594038122542
60567.3039 lsst_hardware_r -21.971557803377546 50.849998474121094 31.600000381469727 AB 2.0759440118754795 1.1713056301724285
60569.2104 lsst_hardware_r -17.10420453490685 87.45999908447266 31.639999389648438 AB 1.954330079275837 1.1068510926614141
60569.2221 lsst_hardware_i 45.51907840497303 69.91999816894531 31.31999969482422 AB 1.9579843467582998 1.1044379129969377
60570.2112 lsst_hardware_z -7.105031699408626 68.94999694824219 30.979999542236328 AB 1.5269890149260903 1.105779263720541
60570.222 lsst_hardware_r -52.226681307514866 100.75 31.639999389648438 AB 1.5203149756120489 1.104345018604311
60572.2888 lsst_hardware_z 158.68187255614026 88.80999755859375 31.719999313354492 AB 8.06327812440139 1.1685910325219404
60575.2774 lsst_hardware_r 127.81838045496629 48.13752971815683 31.59000015258789 AB 2.0017542917823934 1.1627965679828018
60575.2886 lsst_hardware_z 230.0153726315355 49.39045230840769 30.950000762939453 AB 2.0183706727782766 1.1843739889163483
60579.2751 lsst_hardware_r 1361.8538683505778 43.01097924911976 31.450000762939453 AB 4.522909702666411 1.1790692655543302
60579.2876 lsst_hardware_u 11.428444322737057 4.421369930653464 28.219999313354492 AB 4.6291742203906745 1.2067711731988202
60581.3055 lsst_hardware_g 2129.912533657805 46.99520981506854 31.299999237060547 AB 7.574327842364775 1.2730854276681312
60581.3174 lsst_hardware_r 2614.6024579251084 55.85286773603801 31.43000030517578 AB 7.852367454242437 1.3151759243361094
60583.2468 lsst_hardware_g 3310.9401469390814 59.518465705798256 31.350000381469727 AB 4.841018733088054 1.1484989382783388
60583.2589 lsst_hardware_r 4003.0048423436956 67.42949370385999 31.459999084472656 AB 5.559025386394878 1.16884469856915
60585.2459 lsst_hardware_i 3739.525390906448 68.24536234662447 31.239999771118164 AB 3.7400542335600524 1.1556753135758033
60585.258 lsst_hardware_z 2549.2510849593473 65.39887979740486 30.940000534057617 AB 3.0920685917555066 1.1776318110024782
60587.2524 lsst_hardware_i 4702.117686722238 74.5544016706639 31.229999542236328 AB 7.7958607999894065 1.1773557048991026
60587.2635 lsst_hardware_u 136.04065454303307 12.790143213412307 28.280000686645508 AB 7.957659086200746 1.2013978792513202
60589.2437 lsst_hardware_g 7414.949235692186 87.16055090224205 31.350000381469727 AB 4.803811403126843 1.1710662638401093
60589.2544 lsst_hardware_r 8370.321549776269 93.27508840582016 31.459999084472656 AB 5.249564575659294 1.1930828581043849
60591.1611 lsst_hardware_r 9451.302488523308 99.46948970633856 31.489999771118164 AB 3.8688741580293367 1.1045247756846297
60591.1726 lsst_hardware_i 6536.809905415882 85.87108280738597 31.25 AB 3.5642315317925735 1.105073852354185
60593.2357 lsst_hardware_z 3792.4750806357983 74.37592336988713 30.940000534057617 AB 4.2362236982170325 1.1767288050602869
60593.2473 lsst_hardware_g 8677.41931160971 94.63317604628358 31.350000381469727 AB 4.326588635492771 1.2018301765257697
60597.2447 lsst_hardware_z 3850.4617237562784 83.51677061953812 30.959999084472656 AB 7.716035093507792 1.222568146219758
60597.2563 lsst_hardware_r 11344.487801541889 127.69173669682941 31.59000015258789 AB 7.9905929847397745 1.2555928637241192
60602.1799 lsst_hardware_r 11836.08956155861 127.60585529477244 31.6299991607666 AB 2.51680881921273 1.1289091253524002
60602.1912 lsst_hardware_i 8071.285450600151 106.18570283887058 31.309999465942383 AB 2.473734163512784 1.1430863707560301
60610.2157 lsst_hardware_u 45.04837596291841 7.266454903524682 28.290000915527344 AB 3.31367192096606 1.2404561720611653
60610.2268 lsst_hardware_g 4689.337427805304 69.33252640102289 31.31999969482422 AB 3.402365583858169 1.2746920701310653
60612.1606 lsst_hardware_u 48.33091828968687 7.3791404226225445 28.530000686645508 AB 6.295068146350333 1.1386060404883527
60612.1709 lsst_hardware_g 4375.083936496546 67.13196671287152 31.399999618530273 AB 5.981538064289051 1.1536235418108103
60614.1687 lsst_hardware_r 6634.735792789368 84.08924394844509 31.479999542236328 AB 5.146921929976501 1.15899912103055
60614.182 lsst_hardware_i 4710.981044251624 75.06166317919947 31.239999771118164 AB 5.263198586665191 1.1841604739759692
60616.2077 lsst_hardware_u 24.848352044120965 6.002178649067453 28.34000015258789 AB 4.617257223637656 1.265869012648902
60616.2201 lsst_hardware_g 2850.086783063999 54.44269662515389 31.31999969482422 AB 5.944010056425913 1.308676806786859
60619.1581 lsst_hardware_r 4972.124462109533 74.83296447821706 31.469999313354492 AB 2.9392077571627113 1.164311658995561
60619.1697 lsst_hardware_i 3972.6207097752826 69.92525542326861 31.229999542236328 AB 3.673055276349146 1.1870263739144067
60627.0655 lsst_hardware_y 808.9073662364705 57.12916885484479 30.030000686645508 AB 4.28025966930627 1.1043931373458487
60627.0777 lsst_hardware_r 3756.5041253356458 90.06891694544697 31.6299991607666 AB 4.27194236675056 1.1058613426742323
60630.1531 lsst_hardware_z 2255.410186185524 74.47695761641837 30.959999084472656 AB 3.3785313639897754 1.2186964970654794
60630.1653 lsst_hardware_r 3173.5972510446836 99.07273981948575 31.600000381469727 AB 3.4789773295831856 1.2528954099516287
60632.053 lsst_hardware_u 8.616551487686793 4.302917469963002 28.420000076293945 AB 5.197317001278384 1.1043826964273056
60632.0653 lsst_hardware_r 2575.0833942879644 55.90206008736126 31.479999542236328 AB 5.2275143553671475 1.1062156746857665
60636.0581 lsst_hardware_r 2175.8833346250176 51.349514671321145 31.479999542236328 AB 7.557934145231177 1.107484275124542
60636.0707 lsst_hardware_u 19.69079947875018 4.659856575579386 28.3700008392334 AB 7.593307337429216 1.1142595388518879
60641.0985 lsst_hardware_g 452.13052752639095 24.950645067189527 31.350000381469727 AB 4.48591285274518 1.165172169544328
60641.1108 lsst_hardware_r 1704.565616575092 46.06652235986203 31.450000762939453 AB 4.540584870122032 1.1895689992461422
60860.3281 lsst_hardware_r -0.2510130263088468 31.889999389648438 32.20000076293945 AB 8.589805019917765 1.2313514381504602
60860.3528 lsst_hardware_u 0.2725054910973414 3.549999952316284 29.030000686645508 AB 8.415353250025559 1.173730360197435
60863.3948 lsst_hardware_z 122.40432477581358 59.20000076293945 31.690000534057617 AB 1.7182309026532734 1.1115240340616772
60870.4298 lsst_hardware_z -25.77992024663071 56.560001373291016 30.969999313354492 AB 7.619309447583385 1.1146674636212983
60870.441 lsst_hardware_i -90.49463385714276 63.22999954223633 31.309999465942383 AB 7.719223250082473 1.1241860118084137
60875.4389 lsst_hardware_z -142.4836417222634 85.93000030517578 31.709999084472656 AB 3.4879290803818312 1.1373681783853797
60877.4184 lsst_hardware_g -19.37936270840611 13.460000038146973 31.360000610351562 AB 7.023156926839149 1.1208804894608226
60877.4298 lsst_hardware_r -26.445304017530855 22.90999984741211 31.469999313354492 AB 7.096648355123596 1.1328355583244627
60879.4241 lsst_hardware_i -27.106740733885047 31.030000686645508 31.229999542236328 AB 5.775997654991117 1.1325485598021798
60879.4363 lsst_hardware_z 68.53316159868567 50.40999984741211 30.950000762939453 AB 5.860262511303128 1.1490710806476723
60881.4223 lsst_hardware_i -21.490833616310457 30.860000610351562 31.239999771118164 AB 6.981120392959904 1.1370828883394257
60881.4335 lsst_hardware_u -1.4603858853609881 4.630000114440918 28.770000457763672 AB 7.1101552675173325 1.1532163275512082
60884.1374 lsst_hardware_r 32.43692428744697 24.549999237060547 31.280000686645508 AB 7.548137399068637 2.0400371348834154
60884.1536 lsst_hardware_u 1.4650774234924977 2.059999942779541 27.709999084472656 AB 6.8614479120721015 1.8544453816411084
60886.4115 lsst_hardware_z -63.68886937071469 42.27000045776367 30.940000534057617 AB 5.375838193288771 1.140862292324208
60886.4236 lsst_hardware_u 1.2314220822760324 3.0399999618530273 28.489999771118164 AB 4.399350486273962 1.1594018938658484
60890.4108 lsst_hardware_i 24.0239105561744 31.010000228881836 31.219999313354492 AB 3.2178467878868053 1.1562510915870663
60890.422 lsst_hardware_z 52.59845538114174 43.41999816894531 30.93000030517578 AB 2.525676006234414 1.176557145761373
60894.3929 lsst_hardware_z 71.23237337983527 57.439998626708984 30.969999313354492 AB 3.530398813219074 1.1454276147360862
60894.4041 lsst_hardware_r 48.46703220973046 58.56999969482422 31.610000610351562 AB 3.656586121378519 1.163468034590397
60896.3869 lsst_hardware_i -104.19459744103438 80.0199966430664 31.31999969482422 AB 4.535854306831182 1.144646948224558
60896.3981 lsst_hardware_r -65.19351817919707 100.76000213623047 31.6299991607666 AB 4.429184951921795 1.1625157354125446
60897.3988 lsst_hardware_z -113.15278190573244 96.55000305175781 31.729999542236328 AB 6.07729663560171 1.1687108914618674
60899.2902 lsst_hardware_r 31.124064301141946 69.44000244140625 31.6299991607666 AB 3.2253579220903936 1.1157512486691668
60899.3007 lsst_hardware_z -40.63352661159706 55.77000045776367 30.969999313354492 AB 2.7879552034612605 1.1092659960721196
60902.2327 lsst_hardware_z -38.74972590885189 46.18000030517578 30.940000534057617 AB 5.11306355046234 1.1847221974425195
60902.252 lsst_hardware_i -22.430129980930417 37.810001373291016 31.270000457763672 AB 5.403709948277594 1.1497255209101265
60904.3706 lsst_hardware_g 11.870539225193376 19.270000457763672 31.520000457763672 AB 5.104238325319517 1.1530441803398692
60904.3817 lsst_hardware_r 9.572581607531612 25.920000076293945 31.510000228881836 AB 4.605018716863229 1.1725063569352587
60906.3341 lsst_hardware_r -0.16371291304726526 22.260000228881836 31.469999313354492 AB 2.656911602998119 1.1165839894928007
60906.3448 lsst_hardware_i -53.96520968130989 30.719999313354492 31.229999542236328 AB 2.632739691950405 1.1263057505670182
60908.3363 lsst_hardware_z -13.514857868084016 42.130001068115234 30.940000534057617 AB 2.1027215806879207 1.1232487076324364
