data/validation/pwv_sim_epoch_fit_epoch/35735687.ecsv
# %ECSV 0.9
# ---
# datatype:
# - {name: time, datatype: float64}
# - {name: band, datatype: string}
# - {name: flux, datatype: float64}
# - {name: fluxerr, datatype: float64}
# - {name: zp, datatype: float64}
# - {name: zpsys, datatype: string}
# - {name: pwv, datatype: float64}
# - {name: airmass, datatype: float64}
# meta: {SNID: '35735687', alt: 1024.0, c: 0.16151206195354462, dec: -28.122234, lat: -30.244573, lon: -70.7499537, ra: 86.132812, t0: 60876.6640625,
#   x0: 0.00017443365408685877, x1: 1.0308735370635986, z: 0.13089139759540558}
# schema: astropy-2.0
time band flux fluxerr zp zpsys pwv airmass
60932.3207 lsst_hardware_r 7863.600825177245 95.34808431209514 31.520000457763672 AB 2.1847773034843647 1.3409026003383648
60932.3372 lsst_hardware_i 6411.043866692649 88.3152870396002 31.239999771118164 AB 1.86262293742479 1.2470137943035862
60934.313 lsst_hardware_z -40.740857700383366 45.619998931884766 30.920000076293945 AB 3.5610362546437293 1.3555524380065351
60934.33 lsst_hardware_u -0.6792318124804468 2.75 28.360000610351562 AB 3.2668884047328146 1.2558515138642856
60936.2966 lsst_hardware_r 35.00670328697169 23.329999923706055 31.420000076293945 AB 2.8304679048488617 1.4348434799842151
60936.3131 lsst_hardware_g 23.650141328886317 13.34000015258789 31.31999969482422 AB 2.509482799091334 1.3200856386593025
60938.3002 lsst_hardware_r 22.564138148177832 23.030000686645508 31.420000076293945 AB 9.054335544893542 1.368241109919903
60938.3164 lsst_hardware_i 30.778051771981872 31.59000015258789 31.209999084472656 AB 8.157139913924109 1.2699231832784776
60940.3281 lsst_hardware_i -13.328376110788149 31.18000030517578 31.219999313354492 AB 2.296218621881915 1.1888779161488967
60940.3447 lsst_hardware_u 3.6755450506591827 2.5199999809265137 28.290000915527344 AB 1.701917179849411 1.1282182166720327
60941.3216 lsst_hardware_g -8.577905745770327 13.170000076293945 31.34000015258789 AB 2.4891961845384025 1.2049356278523933
60941.3375 lsst_hardware_r 30.237124038208588 22.25 31.469999313354492 AB 2.057485518501664 1.1430475102787023
60943.3066 lsst_hardware_r -30.98779403052666 22.850000381469727 31.450000762939453 AB 7.711768280085505 1.2498814068210733
60943.3216 lsst_hardware_i 34.447073927054305 31.280000686645508 31.229999542236328 AB 7.2959132854709035 1.1819710474356144
60945.2659 lsst_hardware_r -75.40363906280976 23.90999984741211 31.399999618530273 AB 5.712353159383771 1.4855931236749371
60945.2858 lsst_hardware_i 11.858744230856987 32.900001525878906 31.200000762939453 AB 5.092430735574034 1.3371224197385612
60947.257 lsst_hardware_z -78.49607224802216 47.09000015258789 30.889999389648438 AB 6.958976714951804 1.5163371691498702
60947.2753 lsst_hardware_r 17.280493262831943 23.1299991607666 31.40999984741211 AB 6.311166760384434 1.370503096717575
60950.2703 lsst_hardware_z 10.053528665178543 48.93000030517578 30.920000076293945 AB 4.886688648269848 1.349075477471143
60950.2897 lsst_hardware_r 16.69789341344843 35.209999084472656 31.540000915527344 AB 4.574590409994955 1.2388870440067583
60952.2725 lsst_hardware_i 35.85506135459816 50.06999969482422 31.270000457763672 AB 3.517149756549981 1.3016838477239012
60952.2925 lsst_hardware_z -51.719059336238494 50.880001068115234 30.950000762939453 AB 3.2411911413449412 1.2008859360301274
60955.2666 lsst_hardware_r -73.85284142219402 86.76000213623047 31.59000015258789 AB 5.66961418772894 1.2885486790293044
60955.286 lsst_hardware_z 4.169562888640543 60.93000030517578 30.959999084472656 AB 5.252172872460614 1.1936756528319576
60957.3062 lsst_hardware_i 36.25482892152085 57.439998626708984 31.309999465942383 AB 3.004532285946056 1.1044382732838924
60957.3256 lsst_hardware_r -42.85484632057767 68.37999725341797 31.639999389648438 AB 2.882952897769261 1.058061436010372
60959.265 lsst_hardware_i 20.562133379101162 49.56999969482422 31.270000457763672 AB 5.08822991251287 1.2395200761296536
60959.2839 lsst_hardware_z 85.60814983054505 51.119998931884766 30.959999084472656 AB 4.913774498340724 1.158909079797341
60961.2459 lsst_hardware_z 80.69873501311271 46.150001525878906 30.93000030517578 AB 7.6474176315842 1.3137071301841248
60961.2636 lsst_hardware_r -28.372609047850354 30.959999084472656 31.530000686645508 AB 6.828113951112659 1.2202139599903485
60963.2461 lsst_hardware_u -3.6182709797538495 2.5399999618530273 28.25 AB 8.079682051149524 1.2810658080149127
60963.2645 lsst_hardware_r -21.46435706359055 22.6200008392334 31.459999084472656 AB 7.517494366774511 1.192243767198326
60965.2683 lsst_hardware_z 107.73175507025981 42.0099983215332 30.93000030517578 AB 7.135829743825592 1.1560523946739893
60965.2875 lsst_hardware_i 9.980646015765556 30.09000015258789 31.239999771118164 AB 6.7940984755463605 1.095822334765542
60970.311 lsst_hardware_i 2.8074733159023912 29.559999465942383 31.25 AB 2.5485674017952986 1.0245497092644418
60970.3307 lsst_hardware_r -1.3880873179832138 21.479999542236328 31.489999771118164 AB 2.5120241200152886 1.0065543421992609
60972.2452 lsst_hardware_g -11.635734086481774 13.079999923706055 31.350000381469727 AB 1.6891935189760279 1.17101803741839
60972.2544 lsst_hardware_r 41.55517224813146 22.149999618530273 31.469999313354492 AB 3.402155394961435 1.1378446136993978
60974.2451 lsst_hardware_r -23.900345367566278 22.170000076293945 31.469999313354492 AB 1.511033460716398 1.1511174154771948
60974.2635 lsst_hardware_g 0.936193408242887 13.0 31.3799991607666 AB 1.5320256780998605 1.0943040557856147
60978.1788 lsst_hardware_g 10.118398321085301 30.8700008392334 31.479999542236328 AB 7.50342265940999 1.460188633772053
60979.1459 lsst_hardware_r 6.063216773866945 43.33000183105469 31.420000076293945 AB 6.555017717147548 1.784892502967338
60981.1558 lsst_hardware_y 20.920931414292536 77.12999725341797 30.6200008392334 AB 6.235656453621552 1.5988862701593725
60982.1844 lsst_hardware_r 2.0334974355641307 64.04000091552734 31.56999969482422 AB 4.865383183234066 1.3395878808463837
60982.2022 lsst_hardware_i -71.8060945606577 52.58000183105469 31.280000686645508 AB 4.480988725835895 1.23955428100578
60995.2018 lsst_hardware_i 47.45792331561114 30.25 31.239999771118164 AB 6.11870621778969 1.1062901101924594
60995.2205 lsst_hardware_z 29.536506978947198 40.790000915527344 30.940000534057617 AB 8.086421506144072 1.0607925365528998
60997.2061 lsst_hardware_r -38.78051036866865 21.809999465942383 31.469999313354492 AB 6.23396147914626 1.0806745987569901
60997.2243 lsst_hardware_u -0.010602131831256235 2.549999952316284 28.3700008392334 AB 4.746175159438958 1.0435167722616299
60999.2034 lsst_hardware_g 3.1137826800626978 13.180000305175781 31.399999618530273 AB 5.415946464647574 1.074184049977206
60999.2214 lsst_hardware_r 30.59511623569656 21.829999923706055 31.489999771118164 AB 5.121690822873415 1.0393041442519322
61001.2043 lsst_hardware_i -18.79561458679978 30.079999923706055 31.25 AB 3.9357568577984408 1.0604221629525639
61001.2218 lsst_hardware_z -13.61420711716944 40.63999938964844 30.950000762939453 AB 3.1889331703628754 1.0305442071568283
61004.2343 lsst_hardware_g 1.0363509680380887 13.010000228881836 31.399999618530273 AB 6.27037395551786 1.0088961996515777
61009.1282 lsst_hardware_z -86.78132200249112 67.1500015258789 31.690000534057617 AB 6.5236489902877075 1.240945214055109
61011.1228 lsst_hardware_r -111.18089879261879 61.34000015258789 31.59000015258789 AB 7.882862860326547 1.2406467791611175
61011.1386 lsst_hardware_z -28.554512863013475 52.75 30.959999084472656 AB 7.609782287995033 1.1714866896207876
61015.1435 lsst_hardware_g -3.0123815178442346 88.72000122070312 31.709999084472656 AB 6.062663812520226 1.1171298714795526
61015.1664 lsst_hardware_r 61.82898003678577 82.93000030517578 31.649999618530273 AB 5.652779100247652 1.0597636108452024
61017.1541 lsst_hardware_r 102.32125995897808 46.59000015258789 31.6200008392334 AB 3.9757918602938274 1.0745383406199533
61017.1759 lsst_hardware_g -16.237433715164066 53.20000076293945 31.719999313354492 AB 4.6152672712158305 1.0337123626666287
61020.1517 lsst_hardware_r 0.17984423598391056 21.950000762939453 31.479999542236328 AB 10.167575613426559 1.0619062765332619
61020.174 lsst_hardware_i 15.53664501381586 29.729999542236328 31.25 AB 10.354075825744504 1.025156022350941
61022.1499 lsst_hardware_z 42.00163293141125 58.040000915527344 31.700000762939453 AB 10.886562111561766 1.0546098885862938
61022.1701 lsst_hardware_i 27.174800964193604 29.790000915527344 31.25 AB 11.318427701766645 1.023242620097052
61024.153 lsst_hardware_u -1.4692105831188498 2.5899999141693115 28.399999618530273 AB 8.181082203306698 1.0395309857620465
61024.1729 lsst_hardware_g -5.4671761754660615 13.039999961853027 31.399999618530273 AB 8.087326632001636 1.0144618003297454
61028.032 lsst_hardware_z -98.00737593863401 82.05999755859375 30.920000076293945 AB 5.7290465262026204 1.5528676887068902
61028.0531 lsst_hardware_g -0.19393854365495156 14.109999656677246 31.309999465942383 AB 5.5876620140795605 1.3777985486572704
61030.0339 lsst_hardware_y 48.03412571920774 110.70999908447266 30.65999984741211 AB 6.682435220553549 1.4849856045674552
61030.0575 lsst_hardware_i -32.10521903235533 45.880001068115234 31.959999084472656 AB 5.899743562832432 1.3137790000369134
61032.0348 lsst_hardware_y -91.50462877758461 76.16999816894531 29.93000030517578 AB 7.961697994929747 1.4324753499330638
61032.0579 lsst_hardware_r -35.63685326259709 23.170000076293945 31.440000534057617 AB 6.251429176204509 1.2800250847090004
61034.0354 lsst_hardware_y -32.356283007102654 77.7699966430664 29.940000534057617 AB 7.910667623286923 1.3871063691542913
61034.0567 lsst_hardware_g 11.950962917944848 15.829999923706055 31.399999618530273 AB 8.924228825491653 1.2572878029715657
61038.0474 lsst_hardware_y 38.56090446831967 87.66999816894531 30.739999771118164 AB 10.288703279628992 1.2490079853874345
61040.0391 lsst_hardware_z 120.18371217550879 67.66000366210938 30.959999084472656 AB 9.540234348755922 1.2636350933251403
61040.0618 lsst_hardware_r 54.53311832941699 60.130001068115234 31.6200008392334 AB 8.73687169016975 1.162423472797618
61042.0392 lsst_hardware_y -112.38335924974217 75.36000061035156 30.0 AB 8.742999966851542 1.2355559695953382
61042.062 lsst_hardware_z -43.56343217305777 63.130001068115234 30.969999313354492 AB 7.809427092843692 1.1421743993043632
61045.0408 lsst_hardware_y 30.78567746273545 62.900001525878906 30.010000228881836 AB 12.088465645071983 1.191470946536867
61045.0644 lsst_hardware_i -2.263714058004457 47.91999816894531 31.299999237060547 AB 11.826629070896901 1.1088157763826085
61048.0413 lsst_hardware_y 123.21641774872096 61.630001068115234 30.020000457763672 AB 11.477311737920415 1.1574537855910059
61048.0635 lsst_hardware_r -18.778529189935362 22.1200008392334 31.479999542236328 AB 8.985785925268036 1.0889881749097874
61054.0393 lsst_hardware_y -93.11583884113713 62.18000030517578 30.040000915527344 AB 6.995137770589966 1.110339328665074
61054.0586 lsst_hardware_g -15.492347726791879 13.34000015258789 31.399999618530273 AB 6.918958345879376 1.0624528152143078
61056.0384 lsst_hardware_z -45.91185993141902 59.810001373291016 30.969999313354492 AB 3.2713132779001364 1.0975412904297714
61056.0534 lsst_hardware_i 32.342381558281524 30.690000534057617 31.239999771118164 AB 3.538556951816442 1.0619122070122053
61058.0393 lsst_hardware_y 35.036381200032196 59.380001068115234 30.049999237060547 AB 8.117144472658204 1.0812647352156302
61058.0557 lsst_hardware_r -0.9117135549706007 21.760000228881836 31.479999542236328 AB 4.0835046067314575 1.0470524632644762
61062.0401 lsst_hardware_y 63.58848786647621 57.54999923706055 30.049999237060547 AB 9.707451385960526 1.0557315264774907
61062.057 lsst_hardware_z 29.807246582026448 40.7599983215332 30.950000762939453 AB 11.104039778684271 1.0281518313596547
