data/validation/pwv_sim_epoch_fit_epoch/35862345.ecsv
# %ECSV 0.9
# ---
# datatype:
# - {name: time, datatype: float64}
# - {name: band, datatype: string}
# - {name: flux, datatype: float64}
# - {name: fluxerr, datatype: float64}
# - {name: zp, datatype: float64}
# - {name: zpsys, datatype: string}
# - {name: pwv, datatype: float64}
# - {name: airmass, datatype: float64}
# meta: {SNID: '35862345', alt: 1024.0, c: -0.13283151388168335, dec: -10.04835, lat: -30.244573, lon: -70.7499537, ra: 218.671875, t0: 62966.9140625,
#   x0: 2.085481999884665e-06, x1: 0.3553387224674225, z: 0.8748292326927185}
# schema: astropy-2.0
time band flux fluxerr zp zpsys pwv airmass
62918.3839 lsst_hardware_z 29.3096213514554 44.29999923706055 30.959999084472656 AB 5.565845388686955 1.064622300819999
62922.3564 lsst_hardware_i 27.60600478607598 32.029998779296875 31.260000228881836 AB 9.209374227089958 1.0708574682662741
62922.3749 lsst_hardware_y 0.8782697263746138 47.779998779296875 30.049999237060547 AB 9.155407155602768 1.0645822273956709
62924.3662 lsst_hardware_i 15.733844668201113 31.780000686645508 31.260000228881836 AB 5.536596075676106 1.0647300145530971
62924.3843 lsst_hardware_y -56.62263585653374 48.310001373291016 30.040000915527344 AB 5.393685595222682 1.0690621069764
62926.3721 lsst_hardware_g -17.681702278462634 15.5600004196167 31.459999084472656 AB 4.511299456884492 1.0659760457342506
62926.3918 lsst_hardware_y -56.769567219714176 50.189998626708984 30.040000915527344 AB 4.507719618539069 1.0800166800932516
62928.3456 lsst_hardware_r 0.5186261978590857 24.3799991607666 31.510000228881836 AB 6.3011550647296355 1.0675701809560574
62928.3641 lsst_hardware_i 33.7537345541007 31.639999389648438 31.25 AB 6.361068044355543 1.0652676193517154
62931.3566 lsst_hardware_z -7.169000951237755 59.60635944761514 31.700000762939453 AB 7.6471579320150145 1.0654347519352048
62933.3516 lsst_hardware_z -35.06297281342938 60.89428707884973 30.979999542236328 AB 8.653916747404367 1.0655564547687455
62933.3707 lsst_hardware_r -33.021459165529066 76.97072417601956 31.639999389648438 AB 8.778381426522625 1.0778955582665408
62936.3398 lsst_hardware_i 168.3386484504598 91.39887680347857 31.34000015258789 AB 7.136932996368924 1.0648165604429578
62936.3583 lsst_hardware_z 126.85447361922495 78.94531331377554 30.989999771118164 AB 7.114394769058857 1.0739384518360646
62938.338 lsst_hardware_i -108.36530872806672 86.27381493834032 31.34000015258789 AB 13.682449196626584 1.0655698139968652
62938.3582 lsst_hardware_z 89.0900962583676 76.6643901617285 30.989999771118164 AB 13.907456529533926 1.0791012204790575
62940.323 lsst_hardware_z 36.97244992688794 72.08227728224033 31.719999313354492 AB 8.836840567552747 1.0646795864521381
62942.3155 lsst_hardware_r 76.02474743215822 30.530604284784033 31.549999237060547 AB 8.558397107645458 1.0649408458465075
62942.3342 lsst_hardware_i 181.2593169461867 36.1891683791628 31.270000457763672 AB 9.403623903168583 1.068512677429958
62945.314 lsst_hardware_z 242.24630966119003 44.11307749603475 30.959999084472656 AB 5.092439360261329 1.064677114189527
62945.3335 lsst_hardware_u -1.5246176139347938 3.1525952458825595 28.59000015258789 AB 5.525477226364697 1.0737421737980368
62947.303 lsst_hardware_g 58.389070098180134 17.93870063079289 31.489999771118164 AB 6.169204524390903 1.0647727399814582
62947.3226 lsst_hardware_r 199.94294496136692 28.807783060160045 31.520000457763672 AB 6.18443402854123 1.0697245206194566
62949.3039 lsst_hardware_i 375.47917538785646 37.53703600988748 31.260000228881836 AB 6.4474914124121545 1.0647624263589377
62949.3232 lsst_hardware_z 286.86100125953766 45.2110153617577 30.959999084472656 AB 6.475728429162058 1.0742747891775053
62951.2403 lsst_hardware_i 447.2081774047317 39.01878220807329 31.25 AB 7.342013011482616 1.125112137328609
62951.2579 lsst_hardware_u -0.3184401523493049 3.076938096218959 28.479999542236328 AB 7.7524019845743615 1.0918876034611777
62953.2914 lsst_hardware_g 126.39258893781485 19.28238644428893 31.479999542236328 AB 8.07975791681493 1.0646202455395493
62953.3097 lsst_hardware_r 477.2401980078538 32.92856013693426 31.530000686645508 AB 7.859649366793804 1.0721602446517557
62955.2876 lsst_hardware_i 681.247788996816 40.52891590800931 31.260000228881836 AB 7.1616547731591895 1.0647717474217955
62955.3053 lsst_hardware_r 572.0426457236431 33.863252244332706 31.520000457763672 AB 6.717766853940264 1.0729971415470214
62959.2776 lsst_hardware_r 596.0501363142645 43.699218762024174 31.579999923706055 AB 6.328705880839964 1.0649008717550137
62959.2962 lsst_hardware_i 650.1225042624783 41.54504004422797 31.25 AB 6.189878930579129 1.0745384828711273
62961.2777 lsst_hardware_z 583.7734012921202 61.80339221545715 30.969999313354492 AB 7.385713514108857 1.0663750381329247
62961.2951 lsst_hardware_r 786.5830917091897 76.74446496548511 31.639999389648438 AB 7.4607879150041345 1.0787721103244603
62963.2844 lsst_hardware_z 1098.6544620113602 124.32672712965604 31.739999771118164 AB 8.590219132271013 1.0737773915338766
62964.2501 lsst_hardware_z 616.3464896662398 103.24108344332112 31.0 AB 9.228436179388185 1.066378111785092
62964.2691 lsst_hardware_r 810.7177494813182 153.96730977523393 31.65999984741211 AB 9.19353348729728 1.0662259770712994
62967.2539 lsst_hardware_r 662.2866775383632 89.16230743742956 31.649999618530273 AB 3.6787979669533195 1.064672380943465
62967.2702 lsst_hardware_y 368.6106022664318 57.188752412967716 30.049999237060547 AB 3.6590752823464525 1.0712101338901545
62969.2492 lsst_hardware_z 558.3127976668884 52.32862147140736 30.959999084472656 AB 13.017451420901736 1.0647496220490822
62969.2667 lsst_hardware_r 526.8867498220995 50.217218158593525 31.610000610351562 AB 12.738771813113804 1.0726935129564064
62971.2541 lsst_hardware_i 705.9086780029762 42.93136034878481 31.270000457763672 AB 9.967446951919468 1.0680170317793558
62971.2718 lsst_hardware_z 493.3578006739499 48.86401441367611 30.950000762939453 AB 10.140423875640986 1.083340038706704
62982.1311 lsst_hardware_r 464.9873149517798 41.99328585343019 32.2400016784668 AB 10.735572349636266 1.1979882848128551
62982.1526 lsst_hardware_u -2.478342722215182 2.8583623256991895 28.440000534057617 AB 9.847341431695934 1.132398968686285
62989.1469 lsst_hardware_r 81.1594806437578 65.61818848203401 31.6299991607666 AB 12.491177158236251 1.1038509330360773
62989.164 lsst_hardware_i 407.4928671853695 58.29814470207048 31.31999969482422 AB 12.250338440942233 1.07925365644933
62994.2019 lsst_hardware_r -33.01859715716716 137.74773657901645 31.649999618530273 AB 9.472103044094547 1.0756826714722958
62994.2218 lsst_hardware_z 198.04331019395414 94.23463382786893 30.989999771118164 AB 9.862154356876129 1.1025018145804901
63004.0839 lsst_hardware_u -7.172150109471363 3.927162095291558 29.1299991607666 AB 9.965650538579121 1.155571722933516
63004.1067 lsst_hardware_g 37.34876337665715 22.618284800412617 32.189998626708984 AB 9.485871469533462 1.1024955217960257
63008.129 lsst_hardware_r 34.99541976622755 25.444222487239955 31.510000228881836 AB 5.2844438858040075 1.0667562726831203
63008.151 lsst_hardware_z 99.84627625856307 43.71369323071506 30.950000762939453 AB 5.266331576622262 1.0670310154234144
63014.1183 lsst_hardware_g 30.66233264557627 18.14655108621173 31.510000228881836 AB 8.180029701412003 1.0650502513638294
63014.1394 lsst_hardware_r 84.11139319073641 26.185448118823064 31.520000457763672 AB 7.630203658241441 1.069554760056318
63016.0889 lsst_hardware_r 82.74232321776584 39.96233914972999 31.600000381469727 AB 13.041420134222749 1.0807806741068808
63016.1187 lsst_hardware_i 181.0889090149758 57.43464182158127 32.040000915527344 AB 12.87929755954071 1.0645880538280594
63016.1446 lsst_hardware_z 141.82222823456965 47.2173199540148 30.959999084472656 AB 12.99536545748446 1.0784237330213102
63021.1021 lsst_hardware_z 97.92886488012667 138.8630255729749 31.75 AB 12.36519214688472 1.064656964236615
63023.0895 lsst_hardware_r 91.31487504580443 108.3008358137447 31.649999618530273 AB 5.437627894666346 1.0662015479737934
63023.1108 lsst_hardware_z 192.48110758158833 73.9248487923773 30.989999771118164 AB 5.443598205793916 1.0673721972144934
63033.0784 lsst_hardware_r 69.6831411826565 24.78286036919825 31.510000228881836 AB 9.159918927526622 1.0655095155177383
63037.0385 lsst_hardware_r 23.68024092042683 24.862744454265503 31.510000228881836 AB 3.8094489397236577 1.0738908869734047
63037.0599 lsst_hardware_i 53.82527665711335 32.26902944182629 31.25 AB 4.001054951128412 1.064582248637213
63043.0354 lsst_hardware_z 43.07220955365454 43.18979149344488 30.959999084472656 AB 4.334113867483788 1.0660278431131727
63043.0565 lsst_hardware_r 23.594103598517954 27.17502644773557 31.530000686645508 AB 4.185477317326331 1.0675195606264953
63045.0326 lsst_hardware_z 100.39611496546539 46.97924815904069 30.959999084472656 AB 7.673537886555532 1.0652759675921608
63045.0539 lsst_hardware_g -13.301382034000644 36.43624773519181 31.670000076293945 AB 7.553845152803436 1.0690412047556517
63047.003 lsst_hardware_z -87.77193939971178 67.08756973816287 30.979999542236328 AB 3.8565598554018043 1.0822393308268468
63047.0236 lsst_hardware_r 134.2983408217994 81.82513444005632 31.649999618530273 AB 3.821216465230222 1.0663363932552594
63049.004 lsst_hardware_i 92.32304746167799 82.93982800879031 31.329999923706055 AB 9.455731520010088 1.0754315063986453
63049.0235 lsst_hardware_r 0.5087576485087476 99.39552824595441 31.649999618530273 AB 9.397904281045086 1.0649183321297173
63052.0061 lsst_hardware_z -6.253548597884759 62.90214266934357 30.979999542236328 AB 4.053379597448616 1.0680373099421063
63056.9957 lsst_hardware_r 29.139210094516812 25.00062824518999 31.520000457763672 AB 8.519701472937736 1.0665625279090392
63057.0146 lsst_hardware_i 7.0576245677849965 32.53290533720272 31.260000228881836 AB 8.728413068602986 1.0660331676715877
63066.963 lsst_hardware_y -86.02156267185161 59.560001373291016 30.049999237060547 AB 3.258224285495179 1.069234321271697
63066.989 lsst_hardware_r 31.328965766997456 25.290000915527344 31.520000457763672 AB 3.326292038734698 1.0666605506217466
63068.964 lsst_hardware_z -49.947773508260674 52.099998474121094 30.969999313354492 AB 5.724439373101049 1.0661690590906812
63068.9864 lsst_hardware_g 18.826105538076337 16.139999389648438 31.459999084472656 AB 5.845321398456002 1.0679637146996348
63071.9648 lsst_hardware_y -67.43244525879128 57.38999938964844 30.049999237060547 AB 5.238262696501397 1.0645793509808752
63071.9858 lsst_hardware_i 73.56261679594736 33.88999938964844 31.260000228881836 AB 5.262111411698959 1.0729696511594735
63072.9639 lsst_hardware_y 11.64606903500096 63.02000045776367 30.049999237060547 AB 8.815178658534002 1.0646351036876815
63072.9841 lsst_hardware_r 7.710932855677321 33.34000015258789 31.56999969482422 AB 8.827375397012334 1.073824633174665
