data/validation/pwv_sim_epoch_fit_epoch/35907527.ecsv
# %ECSV 0.9
# ---
# datatype:
# - {name: time, datatype: float64}
# - {name: band, datatype: string}
# - {name: flux, datatype: float64}
# - {name: fluxerr, datatype: float64}
# - {name: zp, datatype: float64}
# - {name: zpsys, datatype: string}
# - {name: pwv, datatype: float64}
# - {name: airmass, datatype: float64}
# meta: {SNID: '35907527', alt: 1024.0, c: -0.017052551731467247, dec: -29.82786, lat: -30.244573, lon: -70.7499537, ra: 354.023438, t0: 62363.1953125,
#   x0: 2.65319863170635e-06, x1: 0.7620988488197327, z: 0.7943872809410095}
# schema: astropy-2.0
time band flux fluxerr zp zpsys pwv airmass
62285.3613 lsst_hardware_r -135.72614484523953 81.05000305175781 31.59000015258789 AB 11.311623036237362 1.329319535753364
62285.3836 lsst_hardware_z -12.626859614469412 59.150001525878906 30.959999084472656 AB 9.818349351451854 1.2116183564449747
62291.3664 lsst_hardware_i 61.07457776200957 41.25 31.270000457763672 AB 14.503277976392583 1.2152905963124654
62291.3867 lsst_hardware_z -8.36065493665002 46.900001525878906 30.950000762939453 AB 13.270891172684253 1.1364496829530661
62302.3399 lsst_hardware_z -32.57898316650031 43.34000015258789 30.940000534057617 AB 13.476370759075651 1.1997926291771877
62302.3544 lsst_hardware_r 15.52637865129638 23.579999923706055 31.489999771118164 AB 12.83111952867548 1.1441033908761016
62306.3434 lsst_hardware_i 42.264872428790575 31.59000015258789 31.25 AB 2.925220332296517 1.1443777788211391
62306.3571 lsst_hardware_z -37.284348232764714 42.04999923706055 30.950000762939453 AB 2.837550399698282 1.1020326492452386
62310.3553 lsst_hardware_r -53.449506188245586 59.029998779296875 32.36000061035156 AB 3.6893371438684186 1.0786747003489272
62310.3777 lsst_hardware_i -82.73583082306797 43.45000076293945 32.0099983215332 AB 3.4075908047374455 1.0355058283787888
62312.3631 lsst_hardware_z -175.9154760387668 81.04000091552734 31.729999542236328 AB 3.8090100176329407 1.0508338554749819
62314.3669 lsst_hardware_z -25.707313797861136 64.54000091552734 30.989999771118164 AB 7.454333698300419 1.035324124763947
62314.3913 lsst_hardware_r 20.005144781284123 90.80000305175781 31.670000076293945 AB 7.250767690467515 1.0084049451301609
62315.3534 lsst_hardware_i -106.90023144106028 70.55999755859375 31.329999923706055 AB 5.302280898365372 1.0536600722073695
62315.3751 lsst_hardware_z -15.594568965099203 63.33000183105469 30.989999771118164 AB 5.290093745328037 1.0208594645557771
62323.2703 lsst_hardware_g 4.375366236934748 14.140000343322754 31.3700008392334 AB 5.662646425250254 1.2573413719007878
62323.2892 lsst_hardware_i -49.85043392183716 31.610000610351562 31.239999771118164 AB 5.278409359945005 1.1728061087124142
62325.2556 lsst_hardware_z -25.69168770871499 45.220001220703125 30.920000076293945 AB 2.123686197559465 1.3081584297887372
62325.2737 lsst_hardware_r 27.051300087287693 23.610000610351562 31.469999313354492 AB 1.9667725392880895 1.2147444784320898
62327.2497 lsst_hardware_u -2.2563518757598913 2.5399999618530273 28.209999084472656 AB 12.599866949358153 1.3107566699519826
62327.2696 lsst_hardware_g -4.011915692704869 14.140000343322754 31.3700008392334 AB 11.556969887288584 1.2086878798617995
62328.2622 lsst_hardware_r -7.272211077796201 23.330620009689728 31.450000762939453 AB 10.697152814145308 1.230005497879908
62328.2808 lsst_hardware_i 32.37508803604855 31.25367875833846 31.219999313354492 AB 10.028974160682786 1.1532748452674426
62330.2573 lsst_hardware_z -66.43281273047431 43.87093352563365 30.93000030517578 AB 7.660834600441752 1.2273700294432917
62330.2773 lsst_hardware_r 5.204047203954504 23.228620320506405 31.469999313354492 AB 7.1545300027434235 1.146375581275985
62334.2471 lsst_hardware_g -5.2390955175882095 14.380930232937578 31.3700008392334 AB 2.1140741224135486 1.224012808499594
62334.2676 lsst_hardware_i 58.145633875739975 32.06807251451976 31.239999771118164 AB 2.1282702506293387 1.1421843921087687
62343.2586 lsst_hardware_r 452.99871303616214 115.77934863689003 31.649999618530273 AB 11.703670872024054 1.095234032568225
62343.2763 lsst_hardware_z 271.3236052612544 77.08348880171437 30.989999771118164 AB 11.200419775014275 1.0549183512822689
62347.263 lsst_hardware_i 556.8442241260266 63.69359741163061 31.31999969482422 AB 4.669422822893155 1.0596069263954513
62347.2806 lsst_hardware_z 389.27322469417805 59.44948515650147 30.979999542236328 AB 4.5554406438634025 1.0298466066268688
62348.261 lsst_hardware_r 538.1775235274745 58.33822146549684 31.6299991607666 AB 3.796095985869911 1.0581452225421355
62348.2799 lsst_hardware_z 408.2226499940542 53.97197743905847 30.969999313354492 AB 3.6872634464005447 1.027116724083812
62351.262 lsst_hardware_r 625.171833489025 34.917025271860005 31.530000686645508 AB 2.418961398544328 1.0414586962733905
62351.2822 lsst_hardware_i 809.045409093404 42.510574462958 31.260000228881836 AB 2.3378113409944676 1.0151891181853374
62352.2619 lsst_hardware_z 502.4217121439616 47.06652485627544 30.950000762939453 AB 0.952886246002704 1.0372491792482263
62352.2812 lsst_hardware_i 830.7464265114997 41.774000523911674 31.25 AB 0.9949823162243892 1.0135643289212792
62354.151 lsst_hardware_g 95.75678183901297 17.80304142732184 31.280000686645508 AB 3.1132402934690697 1.4908964610754583
62354.1692 lsst_hardware_r 592.3195244884699 34.34427514160848 31.440000534057617 AB 2.199458688107625 1.3530967013888802
62356.1503 lsst_hardware_i 944.6836862305078 44.877904421336645 31.200000762939453 AB 5.506575892386617 1.4510081402863286
62356.168 lsst_hardware_r 670.1141004254034 34.871181129824556 31.459999084472656 AB 4.3664682075039005 1.3260184357850224
62360.1827 lsst_hardware_r 649.0843344485256 34.64052805241706 31.479999542236328 AB 3.235798393454987 1.1949401668398167
62360.2098 lsst_hardware_i 926.5244314743092 44.27232790382345 31.260000228881836 AB 2.9967755455231013 1.10168820986083
62362.1544 lsst_hardware_z 706.2910581929377 51.41465108976905 30.920000076293945 AB 4.012865344670788 1.3092545985875328
62362.1724 lsst_hardware_r 560.3693779546153 34.26987459992153 31.469999313354492 AB 2.8602114879952794 1.2160332278456458
62366.149 lsst_hardware_r 475.91889612112425 47.35608979560875 31.549999237060547 AB 3.472986787955359 1.2779688281703327
62366.1679 lsst_hardware_z 604.6985852325316 53.08251111726892 30.940000534057617 AB 3.722774735286335 1.188372441568313
62367.1476 lsst_hardware_r 589.2459221415011 55.00120871812087 31.579999923706055 AB 2.358618564549406 1.2708074162442922
62367.1655 lsst_hardware_y 247.7483563522259 52.83356082812147 30.010000228881836 AB 2.1582999805891574 1.1870204760561844
62369.1564 lsst_hardware_z 665.5009811528752 64.2404345738772 30.959999084472656 AB 2.099212438500167 1.2022980747423637
62369.1744 lsst_hardware_r 505.00126336782 78.28456243648075 31.6299991607666 AB 1.9389252432979727 1.1343166399949138
62371.1652 lsst_hardware_i 791.7038264563795 98.03201010770384 31.31999969482422 AB 2.512671388134781 1.1469457437566044
62371.1835 lsst_hardware_z 462.2750203108707 82.15699615484273 30.989999771118164 AB 2.061696697893399 1.0917112512011047
62376.1856 lsst_hardware_z 914.660843433112 83.51300448013777 31.719999313354492 AB 4.5411799602236265 1.0560883628427038
62380.1588 lsst_hardware_u 4.675235613427603 2.678707164962449 28.3799991607666 AB 1.4196550934358574 1.092042379566044
62380.177 lsst_hardware_g 31.241167564585872 15.253817400003726 31.420000076293945 AB 1.7268403923645643 1.0516689356666045
62382.165 lsst_hardware_r 250.26249279890462 27.99887446311117 31.489999771118164 AB 1.4905074180477509 1.0646481557483936
62382.1835 lsst_hardware_i 571.5880422211134 38.77501421991528 31.25 AB 1.3854806083077706 1.0320153506944034
62387.1687 lsst_hardware_u -1.3308844814135756 2.686761762113696 28.399999618530273 AB 2.624262456018207 1.0336828974960934
62387.1853 lsst_hardware_r 225.34356684257972 26.51281867187238 31.5 AB 2.5542129782516203 1.0138783281735857
62389.1666 lsst_hardware_i 369.9185053592485 36.16440322604257 31.25 AB 3.720959707692841 1.0289316179443748
62389.1832 lsst_hardware_z 330.08347387499765 44.52627254750287 30.940000534057617 AB 3.7971535160862446 1.0109567401720567
62390.0571 lsst_hardware_u 2.649844603654037 2.53650442608535 28.1299991607666 AB 3.45304665035968 1.4540164153384856
62390.0728 lsst_hardware_g 23.54492437600296 15.371827808065746 31.34000015258789 AB 3.145925156038971 1.3408788048754823
62396.0593 lsst_hardware_i 217.20630683832292 50.92046159200784 31.25 AB 0.40425304461905953 1.3228897015045584
62396.0826 lsst_hardware_z 298.7750511244376 53.283986777141024 30.940000534057617 AB 0.4032895869248399 1.2026528437096484
62399.0755 lsst_hardware_i 357.2080846257307 83.98270518942584 31.309999465942383 AB 6.6925136440384065 1.1979797089481168
62399.0935 lsst_hardware_z 308.92333123580386 73.84222476605453 30.979999542236328 AB 4.36371749599195 1.1310339529120406
62401.0626 lsst_hardware_i 28.594728235869603 106.47824624911631 31.309999465942383 AB 3.1450014117123968 1.2314022755334366
62401.0797 lsst_hardware_z 292.17315819040004 88.87482689109224 30.979999542236328 AB 2.9116212767044205 1.1597774454108984
62403.0738 lsst_hardware_g 54.166356471265544 100.36778553739792 31.690000534057617 AB 3.50586673191726 1.1613957813330145
62403.0906 lsst_hardware_r -63.99895414399387 96.79844642461123 31.639999389648438 AB 4.068207053562288 1.106719064241257
62404.0958 lsst_hardware_y 213.65653048094572 54.089452810221694 30.030000686645508 AB 5.438769993747261 1.085618948151466
62404.1031 lsst_hardware_r 0.43553451315327213 76.69174030269646 31.639999389648438 AB 5.394389663165051 1.0685839076559687
62406.1006 lsst_hardware_g 25.828879701832633 14.527119780798607 31.40999984741211 AB 3.530789860329758 1.0622910448528795
62409.0915 lsst_hardware_i 132.0431876510689 32.65240691308138 31.25 AB 4.101105491737897 1.0641856611710405
62411.1058 lsst_hardware_g 22.116860047136218 14.328151554591685 31.440000534057617 AB 4.64276735078795 1.02993323121715
62411.1255 lsst_hardware_i 71.65186294222266 31.940234643847297 31.25 AB 4.4332757516932695 1.0091107384495008
62413.9862 lsst_hardware_y 196.7137696158151 89.16472092962405 29.90999984741211 AB 4.8052896082975725 1.4995052736853691
62414.0046 lsst_hardware_r 39.08411475727045 25.074918915288116 31.440000534057617 AB 3.721289643343348 1.3582588350555151
62416.0148 lsst_hardware_z 264.1650419868534 64.66394584945868 31.68000030517578 AB 4.883899855757939 1.2655869022435027
62418.0047 lsst_hardware_y 95.37689042568984 51.3885700882108 29.959999084472656 AB 5.136155567309546 1.290815674116498
62418.025 lsst_hardware_g 15.48972235838468 14.497856036064935 31.3799991607666 AB 4.768738920894539 1.1921847302236348
62419.9915 lsst_hardware_y 82.39698785789359 74.82876190477658 29.969999313354492 AB 3.071178323782313 1.3369903822016236
62420.0109 lsst_hardware_i 120.00818881741583 33.727323365678316 31.229999542236328 AB 4.1974283745438 1.230556544867722
62422.9939 lsst_hardware_y 32.37861314367723 67.20366610346126 29.989999771118164 AB 8.939707198666815 1.275097304046044
62423.0154 lsst_hardware_g 6.996683050944207 27.391013913343325 31.59000015258789 AB 8.55900850673547 1.1758225767696124
62424.9956 lsst_hardware_y 46.10028338859707 69.05433199710379 30.010000228881836 AB 8.732524208329568 1.2384509714698722
62425.015 lsst_hardware_i -56.16433553876885 49.647622572783675 31.290000915527344 AB 9.023772459502968 1.1567456043459619
62427.0156 lsst_hardware_z 76.1007968454638 90.55745014215005 31.719999313354492 AB 5.964824349554565 1.1357604042184442
62428.9978 lsst_hardware_y 144.67256538328965 73.37160668255522 30.020000457763672 AB 2.756283473293811 1.1806318643414502
62429.0155 lsst_hardware_r 259.00078072878716 100.77280269371792 31.639999389648438 AB 3.3495389427370625 1.1187816214224995
62433.0083 lsst_hardware_y 71.6254101190563 51.00231992147432 30.030000686645508 AB 3.118231178006589 1.107818164315335
62433.0273 lsst_hardware_z 35.96072147603729 51.89938520484378 30.969999313354492 AB 3.03725483130702 1.0614205246574697
62435.0027 lsst_hardware_y 40.43798813296586 60.96563123696255 30.040000915527344 AB 4.299599162176701 1.108215519602217
62435.0196 lsst_hardware_u -1.7422054627250823 2.8244903974395776 28.450000762939453 AB 4.090041083243708 1.0661097160741857
62437.005 lsst_hardware_y 23.376638101737722 57.88990436659446 30.040000915527344 AB 3.913753302707305 1.0873550572441113
62437.0228 lsst_hardware_r 27.777634119687406 23.185206267686613 31.489999771118164 AB 3.7200703406873443 1.0490399043157104
62438.0098 lsst_hardware_y -54.47289997576046 51.374752234773844 30.040000915527344 AB 3.3364413881043973 1.069600786953608
62438.0282 lsst_hardware_r 41.99678122708128 23.131212584769305 31.5 AB 3.2543760296935607 1.0355460425414384
62440.0095 lsst_hardware_z 90.71729666452958 45.980824261915416 30.959999084472656 AB 4.902058397995072 1.0587599131738106
62440.0267 lsst_hardware_g -27.26576249935106 14.104996704650558 31.43000030517578 AB 4.762387114300081 1.0298166535409408
62442.0113 lsst_hardware_y -32.08454723403861 51.11417560944903 30.049999237060547 AB 9.185525381843371 1.045235022967919
62442.0302 lsst_hardware_i 47.60935244151533 31.030756368749486 31.25 AB 8.962470892429613 1.018809922977251
62655.3653 lsst_hardware_z -98.61544250488929 43.79999923706055 30.93000030517578 AB 13.074276320424097 1.2364063884145633
62655.3879 lsst_hardware_r 0.962458859742529 23.760000228881836 31.479999542236328 AB 12.31706821084068 1.1439647265571247
62657.3455 lsst_hardware_u -2.6874207333876705 3.640000104904175 28.989999771118164 AB 6.919097866224307 1.3134410249891908
62657.3648 lsst_hardware_g 16.414282966465677 20.579999923706055 32.13999938964844 AB 6.306425423198248 1.213357464780868
62675.3619 lsst_hardware_r 90.71580520178401 33.2400016784668 31.579999923706055 AB 3.7140833837754124 1.0654283946573184
62675.3826 lsst_hardware_z 40.847016521688225 43.45000076293945 30.959999084472656 AB 3.377280600683847 1.0294494820210873
62676.3551 lsst_hardware_r -60.36496815488597 27.760000228881836 31.549999237060547 AB 3.672699068001595 1.0744122090691974
62676.3766 lsst_hardware_y -60.831009433135016 47.29999923706055 30.049999237060547 AB 4.025618376824327 1.0341101280535154
62680.3581 lsst_hardware_i 42.65309377585245 30.549999237060547 31.239999771118164 AB 5.259765113929033 1.04635502341056
62680.3811 lsst_hardware_z -24.55778772704176 40.7400016784668 30.950000762939453 AB 5.2769388566751525 1.0152677731654427
62686.2759 lsst_hardware_z 33.88384952944526 44.029998779296875 30.93000030517578 AB 8.777168414252651 1.260227346890047
62686.2951 lsst_hardware_i -17.82049307196686 31.639999389648438 31.239999771118164 AB 8.193995875804035 1.1738127985584998
62688.2739 lsst_hardware_u -0.8160348759104405 2.5799999237060547 28.270000457763672 AB 5.604098667682377 1.242777646588345
62688.2932 lsst_hardware_g 21.806133754891974 13.970000267028809 31.3799991607666 AB 5.9336240326912 1.1603462680446908
62695.256 lsst_hardware_r -6.1210560199649136 72.37000274658203 31.600000381469727 AB 7.698762028233794 1.2368813840679795
62695.3015 lsst_hardware_i 56.37495303919255 56.41999816894531 31.31999969482422 AB 6.57843847357243 1.0784325366512182
62697.2528 lsst_hardware_z -45.685362349540796 71.62000274658203 30.969999313354492 AB 6.527114723801581 1.2261522047248545
62697.2717 lsst_hardware_r -164.68172482753164 103.06999969482422 31.6299991607666 AB 6.120616190471544 1.1493035753396947
62707.2464 lsst_hardware_u 2.019036783976123 2.569999933242798 28.290000915527344 AB 6.264828966455559 1.1423831083981042
62707.2657 lsst_hardware_g 1.0750235107129105 13.819999694824219 31.389999389648438 AB 6.452560578368101 1.0858022063666313
62709.2669 lsst_hardware_i -21.16333184787557 30.489999771118164 31.239999771118164 AB 2.065393378167742 1.0701520094133377
62709.288 lsst_hardware_r 20.130392047163788 22.56999969482422 31.489999771118164 AB 2.0024743375754115 1.03193730356888
62716.2663 lsst_hardware_r 1.929118542598566 22.760000228881836 31.5 AB 2.3922512137212957 1.0357560457733999
62716.2869 lsst_hardware_i 4.920024112360195 30.209999084472656 31.25 AB 2.331343391082138 1.0115750901426692
62719.1685 lsst_hardware_g 1.0474989480953785 18.860000610351562 31.420000076293945 AB 2.196393097101764 1.362385876419992
62719.1883 lsst_hardware_i 15.817806528916517 33.34000015258789 31.219999313354492 AB 2.0005737557277885 1.2475645725060263
62722.1649 lsst_hardware_z -4.029230207948043 51.150001525878906 30.93000030517578 AB 5.773408084872397 1.3326581071896582
