data/validation/pwv_sim_epoch_fit_epoch/36135233.ecsv
# %ECSV 0.9
# ---
# datatype:
# - {name: time, datatype: float64}
# - {name: band, datatype: string}
# - {name: flux, datatype: float64}
# - {name: fluxerr, datatype: float64}
# - {name: zp, datatype: float64}
# - {name: zpsys, datatype: string}
# - {name: pwv, datatype: float64}
# - {name: airmass, datatype: float64}
# meta: {SNID: '36135233', alt: 1024.0, c: 0.029330141842365265, dec: -22.508005, lat: -30.244573, lon: -70.7499537, ra: 238.710938, t0: 62541.2421875,
#   x0: 1.1832621892122173e-05, x1: 0.7398474216461182, z: 0.42884182929992676}
# schema: astropy-2.0
time band flux fluxerr zp zpsys pwv airmass
62550.2927 lsst_hardware_r 3360.360333508589 106.75285744982678 31.520000457763672 AB 7.736404583932509 1.57060439200783
62550.3109 lsst_hardware_i 2900.716038048611 86.29016670129657 31.260000228881836 AB 6.998790288401803 1.4091287639607104
62554.3189 lsst_hardware_z 1897.8122987137708 75.2752391290269 30.950000762939453 AB 14.286128133823341 1.2848392961438386
62554.3372 lsst_hardware_r 2912.631437337167 94.14410496640976 31.610000610351562 AB 11.221659914076092 1.1950013219824487
62557.2996 lsst_hardware_z 3177.4596686679592 95.3388949214907 31.690000534057617 AB 12.17955781240063 1.3532842013778477
62567.3904 lsst_hardware_r 1249.139119326405 43.65959597353426 31.520000457763672 AB 9.031581997519494 1.011186639020656
62569.389 lsst_hardware_r 1129.0146176676938 41.80842883438243 31.540000915527344 AB 7.642725035906051 1.009918297481295
62576.3735 lsst_hardware_i 1200.6464214281568 46.23078523512899 31.260000228881836 AB 7.607134884088263 1.0092384589171826
62576.3922 lsst_hardware_y 444.9778786903513 51.00120302074847 30.049999237060547 AB 7.78882230567239 1.012455778717326
62579.3629 lsst_hardware_z 1935.1027242346072 95.51436455056414 31.739999771118164 AB 6.596010509995551 1.0096449579053346
62583.3586 lsst_hardware_r 677.128784324578 104.8942730246017 31.670000076293945 AB 6.059160630271775 1.0089772499516012
62583.3779 lsst_hardware_y 407.0725666362789 61.91827254000991 30.06999969482422 AB 6.4434955490019705 1.0151233633717165
62590.1682 lsst_hardware_i 612.4321861937476 44.11989180321097 31.139999389648438 AB 11.888485478771749 1.7518275178699958
62590.183 lsst_hardware_z 1268.6450728750185 76.36865656871267 31.639999389648438 AB 10.704953675730897 1.575744809547867
62590.2146 lsst_hardware_r 373.1110686539372 31.092038715036797 31.450000762939453 AB 8.585404494326978 1.3204251759961516
62597.3271 lsst_hardware_u 1.024316902655735 3.2008978573953875 28.549999237060547 AB 16.87308688148246 1.0097447304188882
62597.3472 lsst_hardware_g 85.0873030356117 17.72128192524883 31.479999542236328 AB 18.41420314566981 1.0208372805508679
62601.3012 lsst_hardware_z 457.7857689824867 46.40955884070768 30.959999084472656 AB 5.271586451251849 1.0100275808309334
62601.3182 lsst_hardware_r 280.094786550089 29.47853977676512 31.520000457763672 AB 5.331146165881809 1.0102607856512809
62605.2994 lsst_hardware_i 456.6976859385561 37.69486881281603 31.270000457763672 AB 7.443006887733106 1.0089932518391016
62605.3166 lsst_hardware_z 410.69733246011947 46.215761944630906 30.959999084472656 AB 7.464866394692445 1.0143630023361945
62607.2613 lsst_hardware_r 154.51529358207807 76.50828682671303 31.65999984741211 AB 16.936050768119305 1.0252674207837176
62607.2782 lsst_hardware_z 455.8907792005684 59.91618701016115 30.989999771118164 AB 16.734691437426566 1.0124646939111785
62614.1239 lsst_hardware_r 19.172648226885123 39.22999954223633 31.489999771118164 AB 7.178448579320539 1.5125260386263248
62614.1498 lsst_hardware_z 44.77679919354342 52.849998474121094 30.940000534057617 AB 6.987119032948766 1.315965539683469
62617.2695 lsst_hardware_u -6.107034082891256 3.2100000381469727 28.610000610351562 AB 5.964161781536049 1.0092213517178696
62617.2889 lsst_hardware_r -19.746903148897104 26.40999984741211 31.549999237060547 AB 5.957465434039623 1.0177902222163364
62619.265 lsst_hardware_i 60.98915599914599 31.18000030517578 31.25 AB 2.729301812083483 1.0093571790249567
62619.2818 lsst_hardware_z -47.31000322048327 41.29999923706055 30.950000762939453 AB 2.8088283469435584 1.016586444785942
62627.1552 lsst_hardware_r -6.632449835784438 24.950000762939453 31.510000228881836 AB 4.003116368835044 1.1308504537776436
62627.1763 lsst_hardware_u -2.5222680509699877 2.930000066757202 28.540000915527344 AB 3.5222108723361307 1.0740630836560676
62628.2281 lsst_hardware_z -23.487698647028957 41.540000915527344 30.959999084472656 AB 6.891454360283593 1.0098725387219665
62628.2462 lsst_hardware_r 37.21988038440505 24.579999923706055 31.520000457763672 AB 6.893417250611986 1.0108020456192655
62633.1567 lsst_hardware_z -46.24974620105409 45.7400016784668 30.950000762939453 AB 13.973176277899451 1.0813896434546648
62633.1763 lsst_hardware_r 46.49940034772562 38.939998626708984 31.610000610351562 AB 12.18624664532155 1.043402589644519
62635.1852 lsst_hardware_y -79.42517207755367 50.619998931884766 30.049999237060547 AB 6.056091515204497 1.0249072472739498
62635.2045 lsst_hardware_r -55.12969232763368 63.41999816894531 31.649999618530273 AB 5.989808935307774 1.011279577124392
62643.1596 lsst_hardware_z -19.713210229078804 46.7400016784668 30.959999084472656 AB 5.084196307007129 1.0290333060784556
62643.182 lsst_hardware_r 34.81454764622493 64.04000091552734 32.380001068115234 AB 5.338574523911021 1.0115406790711212
62643.2059 lsst_hardware_i -1.7098782921316513 42.959999084472656 31.309999465942383 AB 5.336319793808318 1.0110336379320117
62644.0599 lsst_hardware_i 64.49283030477868 33.91999816894531 31.209999084472656 AB 2.679286196565803 1.368146142927074
62644.0803 lsst_hardware_z -15.781527181863076 44.18000030517578 30.93000030517578 AB 2.361111259360659 1.2468462908081681
62647.1591 lsst_hardware_r 2.0734965017138856 24.809999465942383 31.530000686645508 AB 5.922903282719537 1.018789624915923
62647.1815 lsst_hardware_u -2.624054525442282 2.950000047683716 28.559999465942383 AB 6.221307253888958 1.0090515374079894
62654.0463 lsst_hardware_g 6.867395531241803 15.619999885559082 31.3799991607666 AB 13.632849918634088 1.282488233173436
62654.0668 lsst_hardware_r 43.86458424355527 25.1200008392334 31.479999542236328 AB 12.54782683490597 1.184120304329721
62655.0412 lsst_hardware_i -7.8440400548929325 33.43000030517578 31.219999313354492 AB 11.660369983977906 1.2960166702888423
62655.0605 lsst_hardware_z 24.35103337009327 43.619998931884766 30.93000030517578 AB 10.77092478915424 1.1990676339822706
62656.1405 lsst_hardware_r 11.307227274514752 24.65999984741211 31.520000457763672 AB 10.899222552435823 1.0145811500122899
62656.1618 lsst_hardware_g 4.584946774425075 15.859999656677246 31.479999542236328 AB 10.91088159516891 1.0090910986584067
62658.1301 lsst_hardware_u 1.2241268449860963 2.740000009536743 28.40999984741211 AB 5.756652070347768 1.0179756092569
62658.1524 lsst_hardware_r 28.403328997303902 24.6299991607666 31.520000457763672 AB 5.682938741041543 1.00899973208603
62673.0435 lsst_hardware_g 22.19223912166691 15.430000305175781 31.459999084472656 AB 3.669906569507742 1.091097538132226
62673.0557 lsst_hardware_i 4.896764794046417 31.68000030517578 31.260000228881836 AB 3.572509484345764 1.0635634070692956
62674.9509 lsst_hardware_y -105.22805039826987 82.4000015258789 29.889999389648438 AB 8.631840996325613 1.5760162491003609
62674.9713 lsst_hardware_r 12.167468973590074 25.579999923706055 31.450000762939453 AB 12.52697459008061 1.3965412029075372
62677.0945 lsst_hardware_z 34.47562229585351 41.119998931884766 30.950000762939453 AB 5.194215122952054 1.0098273196070353
62677.1162 lsst_hardware_r -16.017749500442857 23.940000534057617 31.510000228881836 AB 5.22779624086614 1.0123376993398907
62677.9519 lsst_hardware_z -53.60631919814182 77.16000366210938 30.940000534057617 AB 7.241513043549819 1.4875745775576712
62677.9729 lsst_hardware_i -17.077209727204405 33.86000061035156 31.219999313354492 AB 8.253243753526824 1.3294172332454814
62679.9533 lsst_hardware_y 69.72126005010774 77.45999908447266 29.940000534057617 AB 10.112888486536148 1.429888792723386
62679.9726 lsst_hardware_r -69.44087845604311 24.8799991607666 31.459999084472656 AB 8.346973290343838 1.2979950171589314
62683.0766 lsst_hardware_z -19.007441712943262 41.08000183105469 30.950000762939453 AB 8.110725177039953 1.0102206896587171
62683.0978 lsst_hardware_r -55.87102798548665 23.920000076293945 31.510000228881836 AB 8.589666362119832 1.0114612821901663
62687.0549 lsst_hardware_r -32.67387403741117 24.360000610351562 31.520000457763672 AB 4.284206664582235 1.0151747556373776
62687.0762 lsst_hardware_u 1.1980723165514988 2.859999895095825 28.520000457763672 AB 4.278424579571194 1.0090227379987877
62689.0564 lsst_hardware_g -24.267321618055274 20.479999542236328 31.56999969482422 AB 3.1823068997633714 1.01154065472453
62689.0757 lsst_hardware_i 11.711599899744225 32.59000015258789 31.260000228881836 AB 3.204104429508337 1.009696774004728
62703.0109 lsst_hardware_i 0.7132878418529474 31.290000915527344 31.25 AB 5.663507064601036 1.015374849106008
62703.0296 lsst_hardware_z -7.64054223700854 41.189998626708984 30.950000762939453 AB 5.637013338050469 1.0089968833490794
62707.9945 lsst_hardware_g 7.029111813926337 15.460000038146973 31.459999084472656 AB 8.40984198447802 1.0172785755991314
62708.0139 lsst_hardware_i 6.817994615386058 31.229999542236328 31.25 AB 9.230289020049687 1.0091423855739454
62709.9978 lsst_hardware_z 97.73890587847478 58.54999923706055 31.700000762939453 AB 4.1767707051862235 1.0120802144909373
62710.0164 lsst_hardware_r -42.269124263765185 34.4900016784668 32.27000045776367 AB 4.54201191073261 1.0093359801628021
62711.9972 lsst_hardware_u -1.1901544719279948 2.759999990463257 28.43000030517578 AB 5.350624209477437 1.0102824450660737
62712.0145 lsst_hardware_g 6.419762995447697 15.630000114440918 31.469999313354492 AB 5.17533692665103 1.0100846255905986
62716.9797 lsst_hardware_z -80.49284101660808 42.56999969482422 30.950000762939453 AB 10.850362532458222 1.011641651434266
62716.9984 lsst_hardware_r 3.1194456617506954 25.940000534057617 31.530000686645508 AB 8.80231103284151 1.0095261671419777
62720.9805 lsst_hardware_y 1.397001643285098 54.27000045776367 30.06999969482422 AB 3.3948489290892248 1.0089953473454043
62720.9988 lsst_hardware_z -40.800294683217494 60.65999984741211 30.989999771118164 AB 3.3994220181067067 1.0137441405884813
62917.2893 lsst_hardware_i -52.62805969560468 36.400001525878906 31.190000534057617 AB 4.2512297650031705 1.5567518211790674
62917.3098 lsst_hardware_z 7.519222495137759 47.02000045776367 30.920000076293945 AB 5.031274112951664 1.382091597734181
62919.3145 lsst_hardware_u 0.0012163354898767464 2.7899999618530273 28.31999969482422 AB 14.632239222900056 1.3147847266510968
62919.3343 lsst_hardware_g 14.50948721743821 16.690000534057617 31.440000534057617 AB 11.325909098102604 1.2107121086188946
62921.2922 lsst_hardware_g -10.409992498967995 16.360000610351562 31.3700008392334 AB 14.188456590551057 1.4326709335639982
62921.3117 lsst_hardware_r -8.112954447175316 26.31999969482422 31.479999542236328 AB 12.892353396255448 1.2988686151881905
62933.3918 lsst_hardware_r -53.843392709703615 58.61000061035156 31.639999389648438 AB 8.630340456135452 1.010075835343705
62936.3877 lsst_hardware_z 32.6029049870006 63.560001373291016 30.989999771118164 AB 6.661077377045077 1.0092541480371329
62936.4051 lsst_hardware_y 32.803434219987395 71.3499984741211 30.079999923706055 AB 6.677846921432263 1.0117949880957975
62940.3746 lsst_hardware_r -143.00985953489075 63.93000030517578 31.649999618530273 AB 9.112702601909268 1.0096245150301157
62940.3926 lsst_hardware_y 76.23781912160403 52.380001068115234 30.059999465942383 AB 9.78970872879512 1.0111594486619162
62941.3104 lsst_hardware_i 16.42244785832258 43.08000183105469 31.290000915527344 AB 8.390626039585637 1.0876905312199163
62941.3312 lsst_hardware_z -8.342077482197585 47.43000030517578 30.959999084472656 AB 8.049259479487324 1.045641285562647
62942.3748 lsst_hardware_r 20.322523697546288 31.59000015258789 31.579999923706055 AB 8.894495717392207 1.008980078355023
62942.394 lsst_hardware_y -32.002839446208505 48.310001373291016 30.059999465942383 AB 9.200604817113048 1.0145115026037101
62943.2466 lsst_hardware_z -0.7499215249298937 45.599998474121094 30.93000030517578 AB 7.844560679665629 1.3295865558755302
62943.2639 lsst_hardware_r -4.543335508726821 26.09000015258789 31.5 AB 7.762569705478625 1.2334591693027475
62945.3754 lsst_hardware_g 24.721973207535285 16.15999984741211 31.520000457763672 AB 5.722816135241631 1.01002755651986
62945.3947 lsst_hardware_z 5.42651703072816 42.36000061035156 30.969999313354492 AB 5.730167799384327 1.021177580976197
62946.2462 lsst_hardware_u 3.3253589380501447 2.7799999713897705 28.360000610351562 AB 7.288238148236877 1.2830840452861894
62946.2645 lsst_hardware_g -6.735580605789813 15.720000267028809 31.440000534057617 AB 5.321430183839205 1.1936810641182605
62949.3558 lsst_hardware_z -31.90551569168326 41.41999816894531 30.959999084472656 AB 6.861046053681034 1.0089773608354462
62949.3757 lsst_hardware_r 18.994360307284566 24.459999084472656 31.530000686645508 AB 6.88176405160335 1.015009447139137
62951.2966 lsst_hardware_g -3.789643272928415 15.59000015258789 31.479999542236328 AB 6.696730622787936 1.058381196310372
62951.3133 lsst_hardware_i -15.551304458849797 31.540000915527344 31.260000228881836 AB 6.5176922117544445 1.0322059143357976
62953.3498 lsst_hardware_z 23.897966752134597 41.540000915527344 30.959999084472656 AB 7.924651004083701 1.0092739705058968
62953.3683 lsst_hardware_r -18.517109139486077 24.40999984741211 31.530000686645508 AB 8.11152367094301 1.0174272668971152
62955.3455 lsst_hardware_u 1.8930469283013267 2.990000009536743 28.6200008392334 AB 6.303978637333179 1.0094576074940997
62955.3642 lsst_hardware_g -20.141004149673808 15.609999656677246 31.5 AB 6.493949854984148 1.0184724136734713
62959.327 lsst_hardware_i 16.544180007777765 31.31999969482422 31.260000228881836 AB 5.8046797734159234 1.0090415645061868
62959.3456 lsst_hardware_z -62.80415603550895 41.36000061035156 30.950000762939453 AB 5.899981954267091 1.0133798533057337
62961.3241 lsst_hardware_r -40.36891028931224 55.560001373291016 31.639999389648438 AB 6.90845019107439 1.00897476136618
62961.3427 lsst_hardware_z 1.1580055750737384 48.790000915527344 30.969999313354492 AB 7.756488457487111 1.0148597447510976
62962.2555 lsst_hardware_y -10.725827973436733 53.290000915527344 30.040000915527344 AB 15.794713195294609 1.0818296709105897
62962.2756 lsst_hardware_r -166.7716336246828 81.31999969482422 31.649999618530273 AB 15.226608727122654 1.0429184059673051
62963.3081 lsst_hardware_z 73.78078284462018 67.87000274658203 30.989999771118164 AB 8.464420439434228 1.0106066768803272
62963.3264 lsst_hardware_i 162.70897046384064 78.48999786376953 31.34000015258789 AB 8.457603389611327 1.0100640990777858
62964.3094 lsst_hardware_z -174.96373946557136 77.94999694824219 31.0 AB 10.079435593709862 1.0095588535366604
62964.3292 lsst_hardware_r -92.0407399978636 116.62999725341797 31.670000076293945 AB 10.045921080540163 1.0120305324676537
62967.3062 lsst_hardware_y -67.61792915591997 86.20999908447266 30.81999969482422 AB 3.6117592518355153 1.0089887329071396
62968.2676 lsst_hardware_z 51.423685311936936 60.22999954223633 30.989999771118164 AB 6.095095484487647 1.0313190329082313
62968.2875 lsst_hardware_r 31.805086594254487 75.45999908447266 31.65999984741211 AB 5.879198093172635 1.0136548436504542
62969.2956 lsst_hardware_r 83.1235477211672 51.939998626708984 31.649999618530273 AB 12.292324605948151 1.009588146162592
62969.3134 lsst_hardware_i -27.816329892697784 47.279998779296875 31.31999969482422 AB 12.314179788338487 1.0111478466690516
62971.3008 lsst_hardware_z -58.93290377990447 42.52000045776367 30.959999084472656 AB 9.970304159372349 1.0092933298954647
62971.3179 lsst_hardware_r 3.5004734261400103 29.520000457763672 31.56999969482422 AB 9.960830676646863 1.0165150195577979
62973.1342 lsst_hardware_u 0.8815195548926679 2.5 28.09000015258789 AB 23.06134050798045 1.5794717484119754
62973.1582 lsst_hardware_g 5.756569097606639 15.239999771118164 31.360000610351562 AB 20.101997855755652 1.3729622431305655
62982.1788 lsst_hardware_u -0.5037900994308376 3.950000047683716 29.15999984741211 AB 7.342392990216422 1.1455186941936275
62982.194 lsst_hardware_g 4.229970507199571 15.420000076293945 31.440000534057617 AB 7.053501812279574 1.0991471132150958
62985.2653 lsst_hardware_r -14.042834350970915 24.239999771118164 31.520000457763672 AB 10.781438871246992 1.0098053125948432
