data/validation/pwv_sim_epoch_fit_epoch/3618435.ecsv
# %ECSV 0.9
# ---
# datatype:
# - {name: time, datatype: float64}
# - {name: band, datatype: string}
# - {name: flux, datatype: float64}
# - {name: fluxerr, datatype: float64}
# - {name: zp, datatype: float64}
# - {name: zpsys, datatype: string}
# - {name: pwv, datatype: float64}
# - {name: airmass, datatype: float64}
# meta: {SNID: '3618435', alt: 1024.0, c: -0.04008093476295471, dec: -52.222923, lat: -30.244573, lon: -70.7499537, ra: 80.467979, t0: 60613.30859375,
#   x0: 2.989908854067588e-06, x1: -1.803505778312683, z: 0.7569518685340881}
# schema: astropy-2.0
time band flux fluxerr zp zpsys pwv airmass
[from data line 132]
61024.1919 lsst_hardware_g 16.193464572165386 12.630000114440918 31.360000610351562 AB 8.591323286178746 1.0784782031703717
61024.2047 lsst_hardware_r 16.561705228476075 21.530000686645508 31.469999313354492 AB 8.618994108868486 1.0820502665461282
61026.1972 lsst_hardware_i 55.69942657896622 29.899999618530273 31.239999771118164 AB 9.277704603297554 1.0812125399589265
61026.2105 lsst_hardware_r 9.772114507277935 21.520000457763672 31.469999313354492 AB 9.227692311168038 1.0885563655972677
61028.2019 lsst_hardware_u -3.301206395787295 2.5999999046325684 28.399999618530273 AB 5.7087974851699075 1.0864242866981555
61028.2132 lsst_hardware_g 0.9236314380732225 12.710000038146973 31.3700008392334 AB 5.629759831971463 1.0952840140022964
61030.1975 lsst_hardware_r -11.222355417458356 21.579999923706055 31.469999313354492 AB 5.115256970549483 1.0871189367841987
61030.2111 lsst_hardware_i 24.5160918189712 30.1299991607666 31.239999771118164 AB 6.481493822889237 1.0985582750659724
61032.1982 lsst_hardware_z -72.96895504436414 41.290000915527344 30.950000762939453 AB 6.3297417431607315 1.0917112354537308
61032.211 lsst_hardware_r 8.8933052543172 21.68000030517578 31.479999542236328 AB 7.468501755844936 1.1043995202727679
61034.1748 lsst_hardware_i 6.093080090636954 30.040000915527344 31.239999771118164 AB 7.294814991807884 1.0810069389426094
61034.1877 lsst_hardware_u -1.1725074276567071 2.559999942779541 28.3700008392334 AB 7.242869476793674 1.087885468332828
61036.1744 lsst_hardware_g -50.78213912664385 18.989999771118164 32.13999938964844 AB 5.967772921005468 1.0832114450034127
61036.189 lsst_hardware_r 11.890056967214992 30.6200008392334 32.22999954223633 AB 6.0494254277933655 1.093170875124502
61038.1754 lsst_hardware_i -13.769133794348605 36.09000015258789 31.270000457763672 AB 7.662484128000892 1.08695427023201
61038.1898 lsst_hardware_r 1.0711864146613874 30.979999542236328 31.559999465942383 AB 7.761443613939114 1.0991210952261012
61040.1819 lsst_hardware_z -98.16789332557387 69.73999786376953 31.709999084472656 AB 7.218369503873494 1.0966833035359305
61042.1832 lsst_hardware_r 24.792204617348144 73.80999755859375 31.639999389648438 AB 5.207158810785437 1.1038352481879805
61042.1957 lsst_hardware_i 121.45676176613817 59.52000045776367 31.309999465942383 AB 5.284969321344374 1.120329844829926
61043.1744 lsst_hardware_z -92.5310282056515 57.75 30.969999313354492 AB 4.164852380648983 1.0973614212143816
61043.1879 lsst_hardware_r 51.959298710201026 79.98999786376953 31.6299991607666 AB 4.211480270439667 1.1131175552899872
61045.1825 lsst_hardware_z 186.59514780011042 75.80999755859375 31.709999084472656 AB 12.48715106185612 1.11320139027601
61048.114 lsst_hardware_u -1.9253811558764338 2.609999895095825 28.420000076293945 AB 6.2954806919113295 1.078855368201416
61048.1275 lsst_hardware_g -3.670700511278091 20.020000457763672 31.559999465942383 AB 7.967975285477999 1.0786483397154458
61054.106 lsst_hardware_r 10.608515803814207 21.420000076293945 31.469999313354492 AB 7.32892978282696 1.0782066177167948
61054.1187 lsst_hardware_i 9.262377156044682 29.84000015258789 31.239999771118164 AB 7.4157824027831145 1.0804928221636398
61056.0942 lsst_hardware_z -38.15804443446967 58.27000045776367 31.690000534057617 AB 4.073117202319562 1.0785428842366112
61056.1077 lsst_hardware_u 4.273323977965914 3.5799999237060547 29.100000381469727 AB 4.017966924036217 1.079010922869746
61058.0943 lsst_hardware_g 8.272879528158523 12.59000015258789 31.360000610351562 AB 4.255913673838716 1.0781971432867734
61058.109 lsst_hardware_r 7.810428465563869 21.479999542236328 31.469999313354492 AB 4.274785193523998 1.0809242540044246
61060.099 lsst_hardware_i -17.441568904946 29.75 31.229999542236328 AB 8.255340240479791 1.07951750504819
61060.111 lsst_hardware_z -58.60448934165898 41.04999923706055 30.940000534057617 AB 8.308807341170967 1.0843467981952295
61062.0954 lsst_hardware_i 34.83670559814438 29.93000030517578 31.239999771118164 AB 12.075683749443565 1.080034322078876
61062.1083 lsst_hardware_u -1.3989624352123402 2.559999942779541 28.3700008392334 AB 12.080921009378605 1.0859661568788557
61064.0928 lsst_hardware_g 1.7685463441870215 13.65999984741211 31.389999389648438 AB 14.024196025474579 1.0809948054399383
61064.1069 lsst_hardware_r -12.236520280938565 22.139999389648438 31.479999542236328 AB 14.146527948739312 1.0886969331029177
61066.0736 lsst_hardware_r 14.354757727246055 28.809999465942383 31.540000915527344 AB 12.836790060082679 1.0782235151890034
61066.0872 lsst_hardware_i 14.222537222738318 33.189998626708984 31.25 AB 14.802098076519666 1.0809448219264137
61068.0946 lsst_hardware_z -82.00526093752285 64.5 31.700000762939453 AB 13.473399858405482 1.0877267934208315
61073.0701 lsst_hardware_i -73.66070874626831 60.93000030517578 31.31999969482422 AB 7.247645433044124 1.0817381243349438
61073.0832 lsst_hardware_z 23.823140082229088 57.150001525878906 30.979999542236328 AB 7.298613891861323 1.0893453569942273
61075.0647 lsst_hardware_i -35.46254341034306 45.779998779296875 31.299999237060547 AB 10.398460347623871 1.0817644054745323
61075.0789 lsst_hardware_z 55.49443913332121 50.290000915527344 30.959999084472656 AB 10.617019287621922 1.0902296033840755
61077.0661 lsst_hardware_g -2.6766654555321265 12.710000038146973 31.360000610351562 AB 5.20291985482242 1.0852228022295134
61077.0781 lsst_hardware_r 5.742413864253817 26.489999771118164 31.520000457763672 AB 5.146401864339978 1.0941255469506013
61079.0644 lsst_hardware_i -40.6435679170577 29.93000030517578 31.239999771118164 AB 11.013601189247098 1.0876198547595803
61079.0777 lsst_hardware_r 3.735563867930286 21.559999465942383 31.459999084472656 AB 11.077602067412139 1.0989957159068569
61081.0634 lsst_hardware_u -2.136514431267429 2.569999933242798 28.3799991607666 AB 2.8364132157268376 1.0909281598949374
61081.0763 lsst_hardware_g 1.890555103828478 12.670000076293945 31.350000381469727 AB 2.8688237402020964 1.1033937462315755
