data/validation/pwv_sim_epoch_fit_epoch/36200858.ecsv
# %ECSV 0.9
# ---
# datatype:
# - {name: time, datatype: float64}
# - {name: band, datatype: string}
# - {name: flux, datatype: float64}
# - {name: fluxerr, datatype: float64}
# - {name: zp, datatype: float64}
# - {name: zpsys, datatype: string}
# - {name: pwv, datatype: float64}
# - {name: airmass, datatype: float64}
# meta: {SNID: '36200858', alt: 1024.0, c: -0.0129036670550704, dec: -12.941632, lat: -30.244573, lon: -70.7499537, ra: 96.503906, t0: 59862.66796875,
#   x0: 1.8241266351830498e-05, x1: -1.111562728881836, z: 0.3570134937763214}
# schema: astropy-2.0
time band flux fluxerr zp zpsys pwv airmass
59876.3605 lsst_hardware_r 3272.812182183752 61.668545994640645 31.5 AB 3.7710670629753045 1.0508755923018822
59878.355 lsst_hardware_g 912.0086993448225 34.30808663698176 31.450000762939453 AB 2.5217987889970046 1.0508954531172405
59878.3712 lsst_hardware_y 529.5159631570966 72.56403787551265 30.06999969482422 AB 2.493170678185496 1.0474406798384153
59880.3533 lsst_hardware_i 2774.898796751898 60.95172214120203 31.260000228881836 AB 3.5529580490174495 1.0492308745713175
59880.3707 lsst_hardware_z 1783.495516599369 80.25477607354838 30.989999771118164 AB 3.5181277491790803 1.0483098179912858
59884.3542 lsst_hardware_u 0.3032290158356309 3.5773955334348875 28.649999618530273 AB 5.31604872143148 1.0473940934748263
59886.34 lsst_hardware_i 2283.6910836485968 55.91565115069318 31.260000228881836 AB 5.135407880250437 1.0482563544091523
59886.358 lsst_hardware_y 511.2072883124817 54.95909831543048 30.059999465942383 AB 5.136008930149335 1.0495394847298454
59897.32 lsst_hardware_y 926.2294390040026 75.52274798327305 30.799999237060547 AB 6.1816513578639105 1.0475007949385298
59900.3092 lsst_hardware_g 251.48194817061088 26.822474418732064 31.579999923706055 AB 3.901867652322253 1.047340666305886
59900.3292 lsst_hardware_r 631.4274392819431 37.7003713384429 31.540000915527344 AB 3.9313924255419845 1.0549825373788575
59902.3037 lsst_hardware_i 1202.174346046667 45.02282458852373 31.239999771118164 AB 6.53723234327583 1.047339663279714
59902.3244 lsst_hardware_z 932.6770524869113 51.304089377291916 30.940000534057617 AB 6.634804050281759 1.0554890312252243
59906.3027 lsst_hardware_g 148.2629223734278 18.37224715041127 31.389999389648438 AB 6.771675777051009 1.0492621773466604
59906.3229 lsst_hardware_i 958.0010933344117 42.624638722861185 31.239999771118164 AB 6.828196555066187 1.064549287524935
59908.2919 lsst_hardware_z 738.8576440629138 48.81260766321655 30.950000762939453 AB 7.182506671420756 1.0477763196820942
59908.312 lsst_hardware_r 444.67080935716785 30.745059058131883 31.479999542236328 AB 7.090371527368384 1.058896584134916
59912.2902 lsst_hardware_r 461.45440222587644 30.076029104832227 31.489999771118164 AB 5.198514338102306 1.0510011297654396
59912.3093 lsst_hardware_i 713.2290181188635 40.78942485122062 31.239999771118164 AB 4.789390031883222 1.0678882993478138
59914.118 lsst_hardware_i 1427.1802365208114 67.680667758859 31.920000076293945 AB 14.953843600722122 1.6815454547970339
59916.2743 lsst_hardware_r 412.5918741503348 38.12640236021166 31.579999923706055 AB 6.5260628391667 1.0488678405675613
59916.2945 lsst_hardware_z 572.4065937974055 46.8823645618134 30.950000762939453 AB 6.526419679827145 1.0633117869955337
59918.2472 lsst_hardware_z 558.2905754530971 57.01948017480868 30.969999313354492 AB 2.823463234178365 1.0502001986899903
59918.2654 lsst_hardware_i 693.9834183913553 58.712893409319626 31.31999969482422 AB 3.3367815767172524 1.047929309620702
59920.2572 lsst_hardware_z 498.12619585496975 70.67357894845776 30.989999771118164 AB 4.809563301286153 1.0474928239760761
59920.2757 lsst_hardware_r 227.90752806557717 97.07493114962168 31.649999618530273 AB 4.8145972458852615 1.055832729360731
59922.2643 lsst_hardware_y 377.3224951828327 82.95126148733846 30.809999465942383 AB 7.0950275574999155 1.0517644310067817
59924.256 lsst_hardware_r 389.4878580248252 80.71475823510869 31.649999618530273 AB 10.034442194583585 1.0502870205759138
59924.2756 lsst_hardware_i 750.9680992305209 69.47225451243303 31.31999969482422 AB 10.030401496395111 1.0667235452935353
59927.2328 lsst_hardware_i 577.3373714958302 78.01060393355155 31.329999923706055 AB 8.200925860818602 1.047428133998438
59927.2524 lsst_hardware_z 454.5127155968222 83.86736858414517 30.989999771118164 AB 8.354684928840037 1.0528240096830743
59929.2315 lsst_hardware_r 339.90955179638286 80.38115510624988 31.649999618530273 AB 10.882031885031838 1.0473906341130625
59929.2502 lsst_hardware_u 5.056756916876945 23.368616776727222 29.489999771118164 AB 11.059639380221947 1.0551066385845735
59931.1907 lsst_hardware_g -109.25118086919892 80.87000274658203 31.719999313354492 AB 3.555786593639533 1.0682315021948665
59931.2099 lsst_hardware_i -66.61830274287317 73.56999969482422 31.329999923706055 AB 4.983906782611107 1.0510875464207117
59933.1978 lsst_hardware_z -135.38567008800146 81.80000305175781 31.0 AB 4.103892176283107 1.0554147171168238
59933.217 lsst_hardware_r -84.78095203762942 79.26000213623047 31.65999984741211 AB 5.164644154320346 1.0473827122936565
59937.2016 lsst_hardware_r 6.36899792695862 78.2699966430664 31.649999618530273 AB 6.759999647604243 1.0480348798642272
59937.224 lsst_hardware_i 145.62902226513157 74.04000091552734 31.329999923706055 AB 7.4216354132929805 1.0521421562684294
59939.2026 lsst_hardware_z 42.887757325824644 80.73999786376953 31.0 AB 7.410879316332997 1.0473260763613006
59939.2242 lsst_hardware_r -221.71652456162317 78.08999633789062 31.649999618530273 AB 7.764302199372393 1.056128161329276
59942.1727 lsst_hardware_r 63.2991403385622 79.37999725341797 31.649999618530273 AB 7.419029232279806 1.0558265531404245
59942.1929 lsst_hardware_z 29.60096330308094 82.8499984741211 31.0 AB 7.384367031532942 1.0473536673331383
59944.1724 lsst_hardware_z 230.76784961207656 80.58999633789062 31.0 AB 6.911742088072216 1.0522157317712222
59944.1951 lsst_hardware_i -77.2988439729875 73.23999786376953 31.34000015258789 AB 6.856494214545253 1.048073099135674
59948.1779 lsst_hardware_y -366.22786730383774 118.94999694824219 30.81999969482422 AB 2.6567072903760165 1.0473221906869974
59950.158 lsst_hardware_r 56.08074348819135 111.19000244140625 32.400001525878906 AB 8.439664007510432 1.0510930442241027
59950.1791 lsst_hardware_i -32.68829673397225 105.20999908447266 32.09000015258789 AB 7.074053463091452 1.0481632038956041
59952.1639 lsst_hardware_z 13.154626031674262 81.62000274658203 31.0 AB 7.3882374729129285 1.0474816833052356
59952.1849 lsst_hardware_r 94.74016851766736 78.25 31.649999618530273 AB 7.0835142213196285 1.0533106648802422
59954.1354 lsst_hardware_r -12.645848329123494 78.19999694824219 31.649999618530273 AB 8.720657840950423 1.0598328346303938
59954.1575 lsst_hardware_z 35.34131739514752 81.61000061035156 31.0 AB 8.785867186661683 1.0475994260725376
59956.124 lsst_hardware_g -64.61936498065903 80.25 31.719999313354492 AB 6.070858715101785 1.0662944714102687
59956.1437 lsst_hardware_i 10.6944756089639 73.0199966430664 31.329999923706055 AB 7.303253165868265 1.050072345919227
59958.1251 lsst_hardware_z 207.8907464977127 80.52999877929688 30.989999771118164 AB 7.734534937008387 1.05923513243062
59958.1443 lsst_hardware_r 108.67993294990738 78.0999984741211 31.649999618530273 AB 7.6785787988969645 1.048019763045957
59965.1152 lsst_hardware_r -49.77184847707042 78.0999984741211 31.649999618530273 AB 13.323066732847893 1.0521256205360414
59965.1353 lsst_hardware_i -14.142339596518797 73.94000244140625 31.329999923706055 AB 12.49463986894172 1.0476001650838827
59967.0972 lsst_hardware_z 131.43922738414614 82.66000366210938 30.989999771118164 AB 9.069106058692865 1.0625990812583177
59967.1145 lsst_hardware_r 182.54255833598012 80.05000305175781 31.649999618530273 AB 8.605136887757915 1.049705634256634
59972.1047 lsst_hardware_z 30.966807805978593 81.66999816894531 31.0 AB 13.071502399870875 1.0483620643919376
59972.1222 lsst_hardware_r 0.7749479824094422 79.05999755859375 31.649999618530273 AB 13.077937117666092 1.0491305697858964
59974.0998 lsst_hardware_i -51.96708093576911 74.69000244140625 31.34000015258789 AB 13.173050036343952 1.048211612509631
59974.1174 lsst_hardware_z 79.08408645645991 81.75 31.0 AB 13.31566592977626 1.0493796580874315
59976.0772 lsst_hardware_z 16.591659850403758 80.73999786376953 31.0 AB 8.573066957868926 1.058076761230352
59976.0951 lsst_hardware_r -11.998941879204915 78.19000244140625 31.65999984741211 AB 8.005523649644203 1.0480263112642962
59978.0857 lsst_hardware_y -46.82189399030108 116.05000305175781 30.829999923706055 AB 7.644562239386467 1.0492124951120578
59980.0768 lsst_hardware_r 26.562946041268965 77.3499984741211 31.65999984741211 AB 6.280224563826293 1.0507172501347692
59980.095 lsst_hardware_i -20.31283460599137 73.2699966430664 31.34000015258789 AB 6.492941878627199 1.047699313461794
59982.0644 lsst_hardware_z 28.40672563212659 81.55000305175781 31.0 AB 6.605271347645003 1.0550989853008363
59982.0836 lsst_hardware_r -38.62706998586016 78.27999877929688 31.649999618530273 AB 5.762237139906386 1.0473462334541528
59984.0638 lsst_hardware_u 12.240542741811456 23.549999237060547 29.479999542236328 AB 6.340136650953 1.0518392939699877
59984.0823 lsst_hardware_r 15.530401874613153 79.16999816894531 31.649999618530273 AB 6.236736248202452 1.0474574524622733
59986.0666 lsst_hardware_i 30.03560350391671 73.69000244140625 31.34000015258789 AB 1.0568852924933976 1.0483239799901447
59986.084 lsst_hardware_z -36.14869236690176 80.76000213623047 31.0 AB 1.736060309236022 1.0491375188010406
59988.056 lsst_hardware_r -46.73247716013397 80.19000244140625 31.649999618530273 AB 2.6127530758017254 1.0502122633355901
59988.0735 lsst_hardware_u -36.62821593457855 23.75 29.479999542236328 AB 2.606297867841924 1.0477579368208685
59990.056 lsst_hardware_g -25.718173347554142 82.5 31.729999542236328 AB 1.7947564475259323 1.0482369984576652
59990.073 lsst_hardware_r 15.392221008718115 79.29000091552734 31.649999618530273 AB 1.7895161178981955 1.049108086119417
59992.0519 lsst_hardware_i -123.62151231588665 74.56999969482422 31.329999923706055 AB 1.1942745714096155 1.047915681260265
59992.0694 lsst_hardware_z 116.89223589100254 81.62999725341797 31.0 AB 1.1989272242233588 1.0498487077262335
59994.0287 lsst_hardware_y -29.36642276466032 83.0199966430664 30.06999969482422 AB 6.316252556118284 1.0574968701819265
59994.0456 lsst_hardware_r 78.93896298012426 78.30999755859375 31.649999618530273 AB 3.065096326035768 1.0481052036710803
59996.0272 lsst_hardware_y 6.180874868233448 84.25 30.06999969482422 AB 4.2990426228315455 1.054332954710373
59996.0447 lsst_hardware_r -61.50525615682644 79.3499984741211 31.649999618530273 AB 3.17479947860792 1.0473853231235235
59998.0265 lsst_hardware_y 132.03820709961352 82.8499984741211 30.06999969482422 AB 7.4465563163004935 1.051315644029859
59998.0444 lsst_hardware_z -162.58807682096514 81.7300033569336 31.0 AB 7.504224608921615 1.0474908722671155
60000.0246 lsst_hardware_y 97.83814219909301 83.11000061035156 30.06999969482422 AB 10.01855269270292 1.0496126445995726
60000.0427 lsst_hardware_u 6.465724055569631 23.520000457763672 29.479999542236328 AB 9.388664109825001 1.0481831820058614
60002.0235 lsst_hardware_y 80.24110053802642 82.79000091552734 30.06999969482422 AB 8.319825388060174 1.048166978023329
60002.0415 lsst_hardware_r 26.77881730536941 79.0 31.649999618530273 AB 8.348231285300702 1.0495968926985009
60004.0197 lsst_hardware_z -83.71687929198352 114.04000091552734 31.75 AB 5.433718626825828 1.047800474399967
60006.0093 lsst_hardware_y 43.39036579437992 83.12999725341797 30.06999969482422 AB 5.592341889899519 1.0491870591725434
60006.0279 lsst_hardware_z 181.13655697996333 81.52999877929688 31.0 AB 5.590943386722425 1.048629581754753
60009.0073 lsst_hardware_y -4.7939843560222295 82.72000122070312 30.06999969482422 AB 5.386364149204078 1.0475910825032242
60009.0235 lsst_hardware_i -47.78806613811596 74.4000015258789 31.329999923706055 AB 5.381643727714624 1.0500768249199162
60013.004 lsst_hardware_y -2.2071521393160256 81.79000091552734 30.06999969482422 AB 10.827399529718324 1.0475594159205022
60013.0227 lsst_hardware_g 45.520906979545806 81.05000305175781 31.719999313354492 AB 10.901508143099923 1.0565695132795945
60242.3515 lsst_hardware_r 27.356784213756423 77.13999938964844 31.649999618530273 AB 3.869052553091247 1.0553400608513652
60242.37 lsst_hardware_z 129.98153983240718 80.55999755859375 31.0 AB 3.8727409996129074 1.0474416695670818
60244.3559 lsst_hardware_z -26.510649323376736 81.51000213623047 31.0 AB 3.207597578301258 1.049549297584531
60246.3503 lsst_hardware_z 85.5248663335609 80.41999816894531 31.0 AB 3.783827775207327 1.0496054854944041
60246.3681 lsst_hardware_y -180.51652815579374 82.12000274658203 30.06999969482422 AB 3.7667528735636466 1.0481642352928524
60250.2911 lsst_hardware_z -236.029255862718 82.30999755859375 30.989999771118164 AB 3.459242949779812 1.1153751080785428
60250.3081 lsst_hardware_y 114.36837982518979 83.76000213623047 30.059999465942383 AB 3.2459017762065 1.0811263826600976
60262.3124 lsst_hardware_g -94.04644158292554 82.08000183105469 31.719999313354492 AB 6.194318131134137 1.0478567965040577
60262.3309 lsst_hardware_r -3.5122938914163333 78.94999694824219 31.649999618530273 AB 6.221143159196619 1.0505286564085126
60264.3103 lsst_hardware_i 146.5089670678207 74.66999816894531 31.34000015258789 AB 5.010469399883373 1.0474073400246027
60264.3287 lsst_hardware_z -44.76138323296074 81.7300033569336 31.0 AB 5.075352265814087 1.052309039290836
60267.306 lsst_hardware_z 90.10211096391889 81.62000274658203 31.0 AB 6.560416700566353 1.0474042788483042
60267.3256 lsst_hardware_r -38.45877613299838 79.02999877929688 31.649999618530273 AB 6.5736947004403685 1.055887997500762
60269.2552 lsst_hardware_z 82.61560926680475 81.36000061035156 30.989999771118164 AB 3.5393909058954187 1.082824058503321
60271.2966 lsst_hardware_r 53.709153663845555 80.02999877929688 31.649999618530273 AB 6.773304597213534 1.047553230655528
60271.3158 lsst_hardware_z -53.85217936324379 82.70999908447266 30.989999771118164 AB 6.845027991507665 1.0568071521144031
60275.2903 lsst_hardware_z -43.789727549921025 80.44999694824219 31.0 AB 4.5867003283126095 1.0485284502648222
60275.3089 lsst_hardware_r -88.33683187600641 77.16000366210938 31.649999618530273 AB 4.046884211403088 1.0605042482712497
60277.2478 lsst_hardware_i 6.18999033654575 72.98999786376953 31.329999923706055 AB 5.249128759551642 1.0628994147112771
60277.2664 lsst_hardware_z -44.44669097312094 80.47000122070312 31.0 AB 5.286754763874513 1.0493062713610262
60279.2675 lsst_hardware_z 19.050851288658453 82.61000061035156 31.0 AB 8.169517986891314 1.0475979465985872
60279.2876 lsst_hardware_r 58.074334209761204 79.11000061035156 31.649999618530273 AB 8.112579460838225 1.052215234868771
60281.2645 lsst_hardware_z 20.951924747120657 81.66000366210938 31.0 AB 6.513469140642004 1.0473648118252146
60281.2838 lsst_hardware_g 159.9848660158727 82.11000061035156 31.729999542236328 AB 6.556040974179247 1.0532655991304363
60283.2666 lsst_hardware_r 38.7571185694044 79.0999984741211 31.649999618530273 AB 3.345165025823226 1.0480387528035093
60283.2854 lsst_hardware_z 41.29552709772154 81.56999969482422 30.989999771118164 AB 3.3703041864925583 1.0589006188906818
60285.2681 lsst_hardware_r 21.392219835467497 80.0999984741211 31.649999618530273 AB 4.75858712512309 1.0505187096689144
60285.2876 lsst_hardware_u 20.556011130071425 23.459999084472656 29.450000762939453 AB 4.851480005828135 1.0671975375776805
60291.2551 lsst_hardware_g 31.584908322049767 81.62000274658203 31.729999542236328 AB 11.039366185582018 1.0523704657370847
60291.2748 lsst_hardware_r 25.177760013111143 78.18000030517578 31.649999618530273 AB 11.225762429757445 1.07187648522462
60292.2591 lsst_hardware_i -16.233816992972887 30.6299991607666 31.25 AB 8.41538481444713 1.0573419794505754
60292.2769 lsst_hardware_z -38.02443778181755 41.810001373291016 30.950000762939453 AB 8.595506903054307 1.0790242157989338
60294.2325 lsst_hardware_z -30.59678748680335 41.04999923706055 30.950000762939453 AB 10.874185140940925 1.047411241345898
60294.2499 lsst_hardware_r -5.187747825214249 22.489999771118164 31.5 AB 10.951539908956864 1.0543669821471113
60300.1817 lsst_hardware_r 28.904418626896348 46.150001525878906 31.6200008392334 AB 4.084931042672845 1.0667008859307616
60300.1994 lsst_hardware_z 99.29673330071343 46.869998931884766 30.959999084472656 AB 3.8285762188062975 1.0512290551362706
