data/validation/pwv_sim_epoch_fit_epoch/36248719.ecsv
# %ECSV 0.9
# ---
# datatype:
# - {name: time, datatype: float64}
# - {name: band, datatype: string}
# - {name: flux, datatype: float64}
# - {name: fluxerr, datatype: float64}
# - {name: zp, datatype: float64}
# - {name: zpsys, datatype: string}
# - {name: pwv, datatype: float64}
# - {name: airmass, datatype: float64}
# meta: {SNID: '36248719', alt: 1024.0, c: -0.033114440739154816, dec: -38.873585, lat: -30.244573, lon: -70.7499537, ra: 240.46875, t0: 60414.703125,
#   x0: 8.028031970703593e-06, x1: 0.3261040449142456, z: 0.504271388053894}
# schema: astropy-2.0
time band flux fluxerr zp zpsys pwv airmass
[from data line 133]
60819.1847 lsst_hardware_r 27.5755321638884 23.719999313354492 31.520000457763672 AB 7.992332539061447 1.012670423498924
60823.0891 lsst_hardware_i 18.00947782653919 45.4900016784668 32.0 AB 8.753018559318923 1.1420704872439993
60823.102 lsst_hardware_z 41.038441065008406 42.66999816894531 30.940000534057617 AB 8.386613722275213 1.106170198585469
60824.2003 lsst_hardware_u 0.021546712870450013 2.8399999141693115 28.530000686645508 AB 8.953570964507618 1.0174512459667746
60824.2135 lsst_hardware_g -4.523252053016542 15.050000190734863 31.469999313354492 AB 9.197995572128306 1.0274028861562632
60826.1965 lsst_hardware_r -6.433263986463816 23.889999389648438 31.530000686645508 AB 7.934088474686698 1.018431227095398
60826.2088 lsst_hardware_i -1.6017439541848653 31.170000076293945 31.260000228881836 AB 7.38197022960225 1.0281295584404249
60830.1926 lsst_hardware_g -32.93775042595641 27.790000915527344 31.639999389648438 AB 11.731987937197333 1.023435993358302
60830.2044 lsst_hardware_r -28.77840303787907 31.3799991607666 31.56999969482422 AB 11.89284693792916 1.0350606560425635
60842.0301 lsst_hardware_g -15.677036725761768 14.869999885559082 31.420000076293945 AB 10.675937679196124 1.1650714091519963
60842.0425 lsst_hardware_i -0.8118738004797845 31.829999923706055 31.25 AB 9.910060048731973 1.1265272307300185
60844.1296 lsst_hardware_r 28.8957145451999 23.5 31.520000457763672 AB 5.943521558419905 1.011921606949861
60844.1434 lsst_hardware_u 0.5842510991152726 2.7899999618530273 28.5 AB 5.951197723937026 1.0162275192424555
60847.1767 lsst_hardware_r 25.698410954946922 23.530000686645508 31.5 AB 3.106571852525329 1.0622574294837286
60847.1897 lsst_hardware_i 3.2892887265253425 31.40999984741211 31.25 AB 3.255975342197982 1.0880452271337722
60851.1154 lsst_hardware_z 36.63239859795333 40.849998474121094 30.950000762939453 AB 5.255871319940691 1.0128545983505428
60851.1273 lsst_hardware_r 13.475043074639427 23.280000686645508 31.510000228881836 AB 4.0322885774260495 1.0178691347787578
60861.0949 lsst_hardware_y 70.9428850073859 51.119998931884766 30.059999465942383 AB 3.733892442136755 1.0152424277346503
60861.1081 lsst_hardware_r 135.88734105332261 62.86000061035156 31.649999618530273 AB 3.737170655655978 1.0235552076475951
60865.0507 lsst_hardware_i 66.27485014091445 97.36000061035156 31.350000381469727 AB 2.9047185816476824 1.0156358677089798
60865.063 lsst_hardware_z 15.191962702799065 82.58999633789062 31.010000228881836 AB 2.9141865909448335 1.0119581876707469
60872.0816 lsst_hardware_r 21.56126687088177 23.09000015258789 31.510000228881836 AB 3.9961389694318616 1.0266252972207464
60872.0945 lsst_hardware_u 5.774885044522659 2.7300000190734863 28.459999084472656 AB 3.920243745713293 1.0409569160152132
60875.0412 lsst_hardware_r -13.760423379402896 23.219999313354492 31.520000457763672 AB 1.6382919696544753 1.0116556185794114
60875.0534 lsst_hardware_i -7.742995622625102 30.600000381469727 31.260000228881836 AB 2.75072349595857 1.0139358608970308
60877.025 lsst_hardware_i 31.322098124409656 30.399999618530273 31.25 AB 5.67288484987612 1.013015151763593
60877.0368 lsst_hardware_z -10.238018206838282 40.790000915527344 30.950000762939453 AB 5.649205675984021 1.011692332320627
60879.0271 lsst_hardware_r 4.9592685826248335 23.350000381469727 31.520000457763672 AB 4.261658567363992 1.0117297328895465
60879.039 lsst_hardware_u -0.010901649484514084 2.7200000286102295 28.450000762939453 AB 4.271189740918144 1.012870321740168
60881.0205 lsst_hardware_g 10.790157555496174 14.369999885559082 31.450000762939453 AB 5.248497161339647 1.0118235057043947
60881.032 lsst_hardware_i 65.18003781066645 30.600000381469727 31.260000228881836 AB 5.21980059463682 1.0125049646909647
60883.0234 lsst_hardware_z 27.96374405270999 40.900001525878906 30.950000762939453 AB 4.519922076877818 1.011960612756704
60883.035 lsst_hardware_r 17.233918939674133 23.260000228881836 31.510000228881836 AB 4.666413222467529 1.0153205444881481
60886.0219 lsst_hardware_r -0.6446991430988758 25.049999237060547 31.520000457763672 AB 5.173986472843309 1.0134473373289323
60886.0328 lsst_hardware_i 11.460898876314946 31.549999237060547 31.260000228881836 AB 5.2208204139717145 1.0185144928169245
60888.0224 lsst_hardware_z 13.10824565440673 44.2400016784668 30.959999084472656 AB 3.709820656043639 1.015809420936079
60888.0338 lsst_hardware_r -61.610425031803494 35.849998474121094 31.59000015258789 AB 3.734284174742394 1.0230915547239436
60890.0103 lsst_hardware_r -107.03710873521749 65.4800033569336 31.649999618530273 AB 2.1745837946672144 1.0132408766018504
60890.0215 lsst_hardware_z 35.58607669385151 58.290000915527344 30.979999542236328 AB 2.2030564379285518 1.0182835396018266
60894.0103 lsst_hardware_z -65.1021503438615 64.80999755859375 30.989999771118164 AB 3.5007932296950517 1.0181163965957305
60894.0217 lsst_hardware_r 65.41703244104245 90.33999633789062 31.65999984741211 AB 3.543436139893222 1.0267853201661032
60896.0133 lsst_hardware_y 31.143348435392603 75.45999908447266 30.81999969482422 AB 5.728147733350731 1.0241942485950588
60897.0014 lsst_hardware_r -26.494108866987727 72.88999938964844 31.65999984741211 AB 3.371978611636283 1.0176997821839888
60897.0138 lsst_hardware_i -61.85854738204563 60.560001373291016 31.329999923706055 AB 3.2687786150685088 1.0270565401346383
60898.9972 lsst_hardware_z -0.7548544424640145 41.220001220703125 30.959999084472656 AB 6.565620356716869 1.0184519684669395
60899.0086 lsst_hardware_r -5.379613654280381 23.729999542236328 31.520000457763672 AB 2.2708496727735596 1.027301367461461
60901.0058 lsst_hardware_u -1.897229247079745 2.7899999618530273 28.479999542236328 AB 3.2007836977215463 1.0299084134889944
60901.0181 lsst_hardware_r 1.5949940711316541 23.780000686645508 31.510000228881836 AB 3.287561061275026 1.0447204262300809
