data/validation/pwv_sim_epoch_fit_epoch/36347145.ecsv
# %ECSV 0.9
# ---
# datatype:
# - {name: time, datatype: float64}
# - {name: band, datatype: string}
# - {name: flux, datatype: float64}
# - {name: fluxerr, datatype: float64}
# - {name: zp, datatype: float64}
# - {name: zpsys, datatype: string}
# - {name: pwv, datatype: float64}
# - {name: airmass, datatype: float64}
# meta: {SNID: '36347145', alt: 1024.0, c: -0.054960060864686966, dec: 1.193748, lat: -30.244573, lon: -70.7499537, ra: 175.605469, t0: 61776.31640625,
#   x0: 1.0420245676772336e-05, x1: -1.6390297412872314, z: 0.4523018002510071}
# schema: astropy-2.0
time band flux fluxerr zp zpsys pwv airmass
61784.3499 lsst_hardware_r 3265.164471758301 116.3042242070645 31.6200008392334 AB 8.115393642749035 1.1800489992606988
61784.3696 lsst_hardware_y 703.4235047154215 88.90037169450774 30.030000686645508 AB 8.04423593162405 1.1700990470010033
61785.3563 lsst_hardware_r 3163.836526101658 115.34639824795941 31.6299991607666 AB 6.3138445275077215 1.173140937849818
61787.3506 lsst_hardware_z 1525.8248527038231 73.68454354654502 30.959999084472656 AB 2.698521365641842 1.173270158974714
61787.3707 lsst_hardware_y 477.4479838571358 80.03878399351257 30.010000228881836 AB 2.695051716293731 1.1717616157798831
61789.3583 lsst_hardware_z 1314.8329837993303 58.87326196974033 30.940000534057617 AB 7.24332413792116 1.1701339443614078
61791.3515 lsst_hardware_r 1814.6411907611996 49.264360516118884 31.5 AB 13.184063168411967 1.170079268267195
61791.3706 lsst_hardware_y 436.33439085764564 63.971682119439336 30.020000457763672 AB 13.318310093122983 1.178854934038564
61793.3593 lsst_hardware_z 1105.59103374185 55.01245351563387 30.940000534057617 AB 11.08066304181049 1.174327747323794
61795.3595 lsst_hardware_g 229.91171624344167 22.09426710653173 31.420000076293945 AB 11.472565605866379 1.1786882471780527
61799.3306 lsst_hardware_i 1188.8793675022714 47.1937520928085 31.229999542236328 AB 12.933339758107111 1.1701026636204206
61799.3475 lsst_hardware_u -1.13912044530814 3.43351962366842 28.360000610351562 AB 13.547875149334274 1.1777347275573116
61801.3239 lsst_hardware_g 144.8345571566961 19.504518465518746 31.420000076293945 AB 12.615725048739518 1.170072811049849
61801.3426 lsst_hardware_r 672.6923317171724 35.97121068196977 31.489999771118164 AB 13.657540196739143 1.1782205777201273
61803.2295 lsst_hardware_i 4012.0275675028433 91.75629249984577 32.709999084472656 AB 14.315934191375186 1.3846536600614359
61805.3278 lsst_hardware_u 15.155644286593926 4.588726840203531 28.280000686645508 AB 9.19905500513969 1.1751600581431445
61805.3445 lsst_hardware_g 131.30575713972027 18.577468147335136 31.399999618530273 AB 9.91959750826437 1.193598288336006
61807.2937 lsst_hardware_g 87.88472469543564 18.14278577491951 31.40999984741211 AB 3.974705644881028 1.17464518504061
61807.3126 lsst_hardware_r 416.94721320936594 32.303578017196465 31.479999542236328 AB 3.935714485259161 1.170646783241868
61808.2996 lsst_hardware_i 739.4781467819869 42.85909527649935 31.229999542236328 AB 4.350727891277296 1.1707306804647954
61808.3178 lsst_hardware_z 591.1040638312503 50.7650782429738 30.93000030517578 AB 4.507198320349903 1.173978855336339
61810.2519 lsst_hardware_i 692.7928304294306 76.58857551558441 31.299999237060547 AB 6.486719333451119 1.225219291088167
61810.269 lsst_hardware_z 593.4363246384615 69.45493500956894 30.969999313354492 AB 6.297944289922648 1.192171556466357
61812.3047 lsst_hardware_r 173.96644271876053 143.18498005446853 31.6299991607666 AB 4.3638542408432635 1.1727638379046907
61812.3221 lsst_hardware_z 559.563419534842 99.50191599224762 30.979999542236328 AB 4.495677475968917 1.1888608954036783
61814.3067 lsst_hardware_r 328.22788009566057 123.16601105966531 31.6299991607666 AB 6.7137911297566735 1.1778580929397673
61814.3243 lsst_hardware_y 154.89114470198624 68.2868392999114 30.010000228881836 AB 6.844298448855851 1.2007541138343598
61818.2254 lsst_hardware_r 310.76161073167196 39.08630392478633 31.549999237060547 AB 5.689388988013542 1.2370926262260158
61818.2412 lsst_hardware_i 452.51680854381743 43.81940605002274 31.260000228881836 AB 5.548482443178335 1.201880741509441
61822.2705 lsst_hardware_u 18.517357030736324 5.745296017298244 28.40999984741211 AB 5.927117361852172 1.1704032967290778
61822.2875 lsst_hardware_g 6.379351041821288 16.380417694975105 31.43000030517578 AB 5.901513115660072 1.1803026231320144
61824.2666 lsst_hardware_r 211.21993654296267 28.957676746794 31.479999542236328 AB 12.507787117691548 1.170739176720684
61824.2845 lsst_hardware_z 273.5364460433817 47.02968936427362 30.93000030517578 AB 12.601718300321052 1.182889702783578
61828.27 lsst_hardware_g 31.09204169360816 16.344347271648513 31.40999984741211 AB 6.963703755644727 1.1792228080229272
61828.2884 lsst_hardware_r 211.13499586872186 28.833538621429916 31.479999542236328 AB 7.213332001971277 1.2049666465790874
61830.2659 lsst_hardware_i 266.59101975876683 37.40714161624816 31.239999771118164 AB 4.577452906351722 1.180541917432583
61830.2845 lsst_hardware_z 278.23368638606024 46.85958032347285 30.93000030517578 AB 4.682872202704121 1.20796359485059
61832.1855 lsst_hardware_z 289.3715255889714 47.11149877293966 30.93000030517578 AB 6.807846370300481 1.24168462364698
61832.2042 lsst_hardware_r 160.97376184925153 28.82108807715026 31.479999542236328 AB 6.510329788422661 1.1997290681696602
61834.2395 lsst_hardware_u 14.175089233613352 4.263199028576313 28.290000915527344 AB 12.678472648162698 1.1707888676851692
61834.2584 lsst_hardware_g 35.160085805898376 17.37097672530605 31.399999618530273 AB 12.215653064958955 1.1842610824002866
61838.2334 lsst_hardware_r 170.55450341310066 74.06891507450057 31.610000610351562 AB 10.368705786853825 1.172598901538466
61838.251 lsst_hardware_y 87.90870411813982 54.707015614967 30.0 AB 9.264118594503211 1.1886980938606801
61840.2299 lsst_hardware_z 188.39078349200753 101.96953009527475 30.979999542236328 AB 10.035198445983392 1.173650225152795
61840.2481 lsst_hardware_r 23.03785393143395 152.7190153281679 31.6200008392334 AB 10.276309012240327 1.1923201174463214
61845.2297 lsst_hardware_z 231.16486426221925 55.120455562872884 30.950000762939453 AB 9.94467415008975 1.185866223478372
61845.2506 lsst_hardware_i 251.74617144974758 53.89718989378562 31.280000686645508 AB 9.204285887021815 1.2232015531441995
61847.1962 lsst_hardware_r 202.60889059841026 38.35595180148864 31.559999465942383 AB 8.027969657217202 1.1701726779705854
61847.216 lsst_hardware_z 187.3739965533535 48.55487872000165 30.940000534057617 AB 6.9462979699392 1.1773386389727456
61849.197 lsst_hardware_r -11.824294332189172 25.100000381469727 31.489999771118164 AB 6.066764070926527 1.1704367982494617
61849.2165 lsst_hardware_u 0.3371552171170117 2.940000057220459 28.389999389648438 AB 5.861137230013582 1.1831717850140966
61851.1963 lsst_hardware_g -16.62396949969664 15.829999923706055 31.43000030517578 AB 5.566388767806656 1.1718713195382435
61851.216 lsst_hardware_r 12.315629070369225 25.25 31.489999771118164 AB 6.845809771130164 1.189369006132358
61853.1973 lsst_hardware_i 69.77294768030082 32.959999084472656 31.229999542236328 AB 7.0067818696430715 1.175535923100911
61853.2157 lsst_hardware_z 24.91833340262921 44.06999969482422 30.93000030517578 AB 7.097484510530024 1.197146830742723
61855.1343 lsst_hardware_r 8.813443220176849 25.25 31.479999542236328 AB 9.493709973101856 1.2133182776209837
61855.1543 lsst_hardware_u 5.745142356281844 2.690000057220459 28.299999237060547 AB 9.24914556177203 1.1818106451713184
61857.127 lsst_hardware_g -29.323927756495866 15.859999656677246 31.43000030517578 AB 8.89273179842072 1.217293091588892
61857.1446 lsst_hardware_i 22.920286111420637 32.939998626708984 31.239999771118164 AB 8.72233821879095 1.1867665044388793
61859.1862 lsst_hardware_z 96.70738650279591 43.79999923706055 30.93000030517578 AB 8.001629067239335 1.1800217375584918
61859.203 lsst_hardware_r 19.771203127975145 25.299999237060547 31.479999542236328 AB 8.176816711943397 1.2035497509208086
61865.176 lsst_hardware_z -64.61805572218023 49.290000915527344 30.940000534057617 AB 8.769821947511677 1.1870092193613715
61865.1942 lsst_hardware_r 39.56741841646842 38.65999984741211 31.559999465942383 AB 8.98995115660672 1.2190590760874256
61867.1727 lsst_hardware_z -122.56524033781582 70.76000213623047 30.969999313354492 AB 12.16051306882465 1.1899031844051615
61867.1907 lsst_hardware_r -21.450763449360995 92.68000030517578 31.600000381469727 AB 12.445214618051189 1.223597937081061
61870.1683 lsst_hardware_z -54.63986647550543 99.44999694824219 30.979999542236328 AB 5.86760254195944 1.1955586393098325
61870.185 lsst_hardware_r 215.2200061793869 150.61000061035156 31.610000610351562 AB 6.027115717055198 1.2296890064720887
61875.1602 lsst_hardware_i 74.19568521223258 43.400001525878906 31.270000457763672 AB 12.753625106026073 1.2051997958224756
61875.1774 lsst_hardware_z -35.48077605140846 49.43000030517578 30.950000762939453 AB 12.335857300092245 1.2460461919285095
61877.1252 lsst_hardware_z 46.97008294433463 44.08000183105469 30.940000534057617 AB 17.187173052645225 1.1718260757240897
61877.142 lsst_hardware_r 7.173122245926016 25.020000457763672 31.5 AB 17.31722611117372 1.1854618093629328
61884.1187 lsst_hardware_g -10.235307757086652 21.6200008392334 32.16999816894531 AB 10.77167145018775 1.180780646773116
61884.1374 lsst_hardware_r -20.100783533505705 34.95000076293945 32.22999954223633 AB 11.692803592851645 1.2086313827209196
61886.1163 lsst_hardware_i -64.12377423183823 32.81999969482422 31.229999542236328 AB 11.604364985704855 1.184118876092332
61886.134 lsst_hardware_z 8.834944664746525 44.349998474121094 30.93000030517578 AB 10.561359966731306 1.2128341716503566
61890.1189 lsst_hardware_r 3.731259786158761 25.010000228881836 31.489999771118164 AB 12.722546224162908 1.2045584381900474
61890.1369 lsst_hardware_i 37.34052974251445 33.4900016784668 31.229999542236328 AB 12.990176671461134 1.2473762887901991
61894.0791 lsst_hardware_y 48.18838656056167 73.5999984741211 30.760000228881836 AB 12.812653033434795 1.171960457964034
61894.1049 lsst_hardware_r 2.8842746652118674 77.9000015258789 32.349998474121094 AB 14.196366798553557 1.1990681024159429
61896.0905 lsst_hardware_i 169.37638643821955 91.43000030517578 31.309999465942383 AB 4.1868333702298095 1.1859317937627218
61896.1103 lsst_hardware_z 104.91065854587501 81.9000015258789 30.979999542236328 AB 4.436953011269952 1.2207597417227884
61898.084 lsst_hardware_r -251.07892353454255 116.62000274658203 31.6200008392334 AB 12.234081683719463 1.1846694764907004
61898.1008 lsst_hardware_z -24.299753933800456 81.80000305175781 30.969999313354492 AB 12.586716687565668 1.2119315101806014
61900.0764 lsst_hardware_r -38.59921968662958 100.30000305175781 31.6200008392334 AB 8.701280241939678 1.1822391633070215
61900.0937 lsst_hardware_i -81.26654943492088 79.08000183105469 31.299999237060547 AB 8.963355708549992 1.2086102421776495
61909.0056 lsst_hardware_r -23.806015163225073 25.030000686645508 31.479999542236328 AB 9.591316466360656 1.183188017561628
61909.0288 lsst_hardware_u 0.902445090929826 2.759999990463257 28.3700008392334 AB 9.549265851700412 1.1700619815022857
61911.0018 lsst_hardware_g -2.495982981938347 15.770000457763672 31.420000076293945 AB 7.888218589723826 1.1813868714718991
61911.0241 lsst_hardware_r 6.679858873548886 25.31999969482422 31.5 AB 7.768250200951591 1.1700640443255816
61918.9983 lsst_hardware_i -14.843511983876164 33.22999954223633 31.25 AB 10.314041676890954 1.1703545064696912
61919.0211 lsst_hardware_z 9.49697900670259 43.95000076293945 30.940000534057617 AB 11.085082430395024 1.178825164076676
61924.9544 lsst_hardware_y 29.168227580930107 70.9000015258789 30.010000228881836 AB 13.839553387951506 1.1930649472371988
61924.9669 lsst_hardware_r -103.3395570757843 85.29000091552734 31.6200008392334 AB 12.724427254087779 1.1781877087118313
61926.9598 lsst_hardware_y -59.76197648081969 59.099998474121094 30.010000228881836 AB 5.0726985768749 1.179697343459279
61926.9798 lsst_hardware_r -10.798477968930925 84.18000030517578 31.6200008392334 AB 5.031275279364187 1.1700640184567876
62150.3516 lsst_hardware_r 31.02432879108973 25.489999771118164 31.489999771118164 AB 8.102119855661874 1.1766645479491513
62152.3515 lsst_hardware_z 11.02872781807583 44.13999938964844 30.940000534057617 AB 5.240957478017059 1.1730860579013038
62152.3716 lsst_hardware_y -95.9094559216136 76.0999984741211 30.030000686645508 AB 5.187817285193978 1.1717702044557998
62154.3575 lsst_hardware_u 0.48899000619598504 3.430000066757202 28.600000381469727 AB 7.837486305920039 1.170006912707011
62158.3622 lsst_hardware_z -55.958452405166014 71.22000122070312 31.700000762939453 AB 10.4717939543656 1.1757693724726523
62160.3534 lsst_hardware_g -8.083345857056138 15.529999732971191 31.420000076293945 AB 8.506478171289196 1.1735636294762115
62160.373 lsst_hardware_y -61.45545481641471 61.209999084472656 30.010000228881836 AB 8.435637768653015 1.1942997584190138
62163.3222 lsst_hardware_i 31.988488781275912 32.900001525878906 31.239999771118164 AB 13.937121831376642 1.1726977476336433
62163.3396 lsst_hardware_u 1.6003191519618811 2.880000114440918 28.469999313354492 AB 12.852892692493892 1.1710530447354464
62165.3258 lsst_hardware_z 1.0615717970505518 65.69999694824219 30.979999542236328 AB 12.979323172681747 1.1700638405590769
62165.3431 lsst_hardware_r 45.733613165242915 78.44999694824219 31.6200008392334 AB 13.659049390062552 1.1757726959632053
62167.3202 lsst_hardware_i 126.72405925110608 99.91999816894531 31.309999465942383 AB 12.547580837389855 1.1700739794745174
62167.338 lsst_hardware_r -7.819804164101692 124.91999816894531 31.6200008392334 AB 13.564169318681317 1.1760415579218721
62169.3296 lsst_hardware_z 39.23368794869837 122.83000183105469 31.739999771118164 AB 9.89992259842719 1.1740198752952673
62173.2978 lsst_hardware_i -53.128968922045146 36.810001373291016 31.260000228881836 AB 4.032347971785168 1.171427982216622
62173.3168 lsst_hardware_z 87.65397132502332 45.400001525878906 30.940000534057617 AB 3.909124106939239 1.172942497018791
62175.298 lsst_hardware_i 31.809087918818626 33.130001068115234 31.239999771118164 AB 9.581389443413654 1.1701031255313739
62175.3165 lsst_hardware_u 6.144289480940475 3.180000066757202 28.489999771118164 AB 9.603502075571322 1.1762991212295144
62177.2933 lsst_hardware_g -6.252730455299996 15.369999885559082 31.43000030517578 AB 3.4022779805112213 1.1700388538469266
62177.3128 lsst_hardware_r 17.583762872854845 24.850000381469727 31.489999771118164 AB 3.47726571398614 1.1777360589284132
62179.2994 lsst_hardware_r 28.42460252855127 24.790000915527344 31.5 AB 7.061913548948349 1.1724261564385747
62179.3162 lsst_hardware_u -3.5195222031226665 2.7699999809265137 28.389999389648438 AB 7.238933484684149 1.1872780949389832
62181.1349 lsst_hardware_g 12.643667841267378 20.489999771118164 31.850000381469727 AB 3.736208315140164 1.992644434741421
62183.2387 lsst_hardware_r 11.502455790524897 24.799999237060547 31.479999542236328 AB 4.807922087702462 1.2077930258625438
62183.2566 lsst_hardware_i -32.476339213721836 32.61000061035156 31.239999771118164 AB 5.332823494298099 1.1811347717160725
62185.2745 lsst_hardware_z -27.134156926030194 43.72999954223633 30.940000534057617 AB 5.536701568328151 1.1700552764852485
62185.2912 lsst_hardware_r -11.264915252920355 24.90999984741211 31.489999771118164 AB 5.585508282366841 1.1779423804221736
62189.2689 lsst_hardware_r -2.3724250242944884 25.020000457763672 31.489999771118164 AB 11.18548647073171 1.1711324961503204
62189.2864 lsst_hardware_z -49.49850045447762 44.09000015258789 30.940000534057617 AB 11.315337401336299 1.1841907557388158
62191.2702 lsst_hardware_r 14.640379588057394 25.010000228881836 31.5 AB 11.617566949712334 1.1744307602590287
62191.2888 lsst_hardware_y 44.98649776897626 49.08000183105469 30.0 AB 11.817799468339722 1.1949643872398548
62193.2687 lsst_hardware_z 11.282812637856551 58.880001068115234 30.959999084472656 AB 7.628906850790146 1.1773761457074368
62193.2871 lsst_hardware_r 2.1704919330403203 65.54000091552734 31.600000381469727 AB 7.792591109643793 1.2012472646377483
62195.2404 lsst_hardware_r 34.90924071174312 142.08999633789062 31.6299991607666 AB 6.185686889889126 1.1706078328129557
62195.2577 lsst_hardware_i 146.58853770171132 113.93000030517578 31.31999969482422 AB 6.435474706270117 1.17346446551043
62198.2027 lsst_hardware_z -162.64254920958132 107.2300033569336 31.719999313354492 AB 6.559811781775524 1.1987412456988487
