data/validation/pwv_sim_epoch_fit_epoch/36440238.ecsv
# %ECSV 0.9
# ---
# datatype:
# - {name: time, datatype: float64}
# - {name: band, datatype: string}
# - {name: flux, datatype: float64}
# - {name: fluxerr, datatype: float64}
# - {name: zp, datatype: float64}
# - {name: zpsys, datatype: string}
# - {name: pwv, datatype: float64}
# - {name: airmass, datatype: float64}
# meta: {SNID: '36440238', alt: 1024.0, c: 0.040466196835041046, dec: -30.345182, lat: -30.244573, lon: -70.7499537, ra: 6.503906, t0: 60589.12109375,
#   x0: 5.8012338637374855e-06, x1: 0.43971630930900574, z: 0.577118992805481}
# schema: astropy-2.0
time band flux fluxerr zp zpsys pwv airmass
[from data line 133]
60890.2713 lsst_hardware_r -22.82922689860477 29.809999465942383 31.549999237060547 AB 2.528076015661479 1.094405201585056
60890.2913 lsst_hardware_z 23.30660162874749 40.9900016784668 30.950000762939453 AB 2.425393191506744 1.0501052929023282
60891.2469 lsst_hardware_z -47.593040811499165 67.41999816894531 31.700000762939453 AB 1.829081919140382 1.1625520672502427
60894.26 lsst_hardware_z 125.39523044196558 57.529998779296875 30.979999542236328 AB 4.496277711604083 1.095406296476551
60894.279 lsst_hardware_r 4.709146737892845 75.5999984741211 31.649999618530273 AB 4.447917772373085 1.052657790523164
60896.262 lsst_hardware_y 47.80630425521896 83.31999969482422 30.799999237060547 AB 3.592436275422337 1.0768693871170074
60897.2546 lsst_hardware_r -46.55854003864325 119.5199966430664 31.649999618530273 AB 4.591365016052009 1.088194588150029
60897.273 lsst_hardware_i 75.35572927738146 92.93000030517578 31.34000015258789 AB 4.3536836217468675 1.0486381939536022
60899.2595 lsst_hardware_z 5.316515563831657 65.41000366210938 30.989999771118164 AB 3.061576473039892 1.0642791910915037
60899.2769 lsst_hardware_r -193.976910647168 87.7699966430664 31.65999984741211 AB 2.991037000905248 1.0334113788685642
60902.2783 lsst_hardware_i -50.12981994981488 38.93000030517578 31.299999237060547 AB 4.79841895396399 1.0209402029710617
60904.2579 lsst_hardware_r 3.817685229733499 22.790000915527344 31.510000228881836 AB 3.693460033962524 1.0417317822486318
60904.2759 lsst_hardware_z -10.843642797930384 41.06999969482422 30.959999084472656 AB 3.6575057389328194 1.0175991483430122
60908.1524 lsst_hardware_z 32.13159857164368 46.08000183105469 30.90999984741211 AB 2.5307862706115203 1.4229891878614114
60908.1703 lsst_hardware_u 5.43388317831115 2.490000009536743 28.18000030517578 AB 2.284028418337393 1.3037932175840525
60910.1437 lsst_hardware_g 0.3489902269490299 14.050000190734863 31.290000915527344 AB 3.156607830565324 1.4482620518747422
60910.161 lsst_hardware_r -6.297415576492146 23.809999465942383 31.440000534057617 AB 2.902216049091037 1.3267273367273313
60912.1506 lsst_hardware_i -11.63925241409333 33.15999984741211 31.200000762939453 AB 4.888296281500925 1.3582373663520213
60912.1681 lsst_hardware_z 8.804765587476524 44.27000045776367 30.93000030517578 AB 4.781968587084055 1.2563189212060746
60932.1705 lsst_hardware_i -45.192276077000166 30.809999465942383 31.260000228881836 AB 0.9489862089743182 1.0620007934059328
60932.1894 lsst_hardware_r 33.17237913400643 22.969999313354492 31.510000228881836 AB 0.9209218857639865 1.0297300250808645
60934.1644 lsst_hardware_u -0.45517938451152784 2.6500000953674316 28.3799991607666 AB 3.396610942658814 1.0633238889675927
60934.182 lsst_hardware_g -0.5046513638326043 14.1899995803833 31.43000030517578 AB 3.0743161876275953 1.0324581398055286
60936.1703 lsst_hardware_r 7.819301532928448 23.0 31.510000228881836 AB 1.2775493245211351 1.0421175918872696
60936.1888 lsst_hardware_g 0.29730442916684624 14.130000114440918 31.440000534057617 AB 1.2312991183497863 1.017322323065008
60938.1663 lsst_hardware_r 20.710186469376627 22.8700008392334 31.489999771118164 AB 7.415729383635248 1.0397339884519206
60938.1842 lsst_hardware_i -15.781457210446273 30.3700008392334 31.25 AB 6.377681440025877 1.0164445676987108
60940.1721 lsst_hardware_z 8.50190733760034 40.7599983215332 30.950000762939453 AB 2.294162840157939 1.0238370367769445
60940.191 lsst_hardware_i -22.856289110209154 30.18000030517578 31.25 AB 2.2479485791816214 1.006469030302942
60941.1654 lsst_hardware_u 4.61230867425539 2.700000047683716 28.450000762939453 AB 1.4028006692984192 1.0289491461846596
60941.1813 lsst_hardware_g 5.66871040744106 14.020000457763672 31.43000030517578 AB 1.9674927978975767 1.011564420512624
60943.172 lsst_hardware_r 2.184907733882852 22.600000381469727 31.489999771118164 AB 6.364159838013195 1.015017518024433
60943.1913 lsst_hardware_i 66.5616330179479 30.030000686645508 31.25 AB 6.243105102500116 1.0022644248675736
60945.0781 lsst_hardware_r -9.80404151765983 24.780000686645508 31.469999313354492 AB 3.5162841723869156 1.25581577585247
60945.0984 lsst_hardware_i 22.060258316558766 32.06999969482422 31.239999771118164 AB 3.86271539249033 1.1665429648894918
60950.1014 lsst_hardware_r 24.87099583767528 51.970001220703125 31.6200008392334 AB 5.059845670661553 1.1112398983883351
60950.1213 lsst_hardware_i 78.36413201029663 46.779998779296875 31.309999465942383 AB 4.800748890744185 1.062112586447877
60952.1074 lsst_hardware_z 78.98614669064561 62.779998779296875 30.979999542236328 AB 2.269895373545532 1.0809025588312056
60952.1278 lsst_hardware_i -129.74779597677272 67.58000183105469 31.329999923706055 AB 1.8989306074601906 1.040177445087063
60955.0797 lsst_hardware_r -48.071202334909195 118.3499984741211 31.639999389648438 AB 4.65211738356816 1.1361869296776126
60955.1 lsst_hardware_z -58.451323964776506 78.12000274658203 30.989999771118164 AB 9.063751985725942 1.0790180935388025
60959.1001 lsst_hardware_r 27.390586531629317 22.719999313354492 31.489999771118164 AB 4.4326213907948855 1.0553860454273536
60959.1192 lsst_hardware_i 37.80765598967543 30.25 31.25 AB 4.305438206001899 1.0251043347623567
60961.1013 lsst_hardware_z -82.96817294950138 41.099998474121094 30.950000762939453 AB 5.447014421346907 1.0433561016498991
60961.1224 lsst_hardware_r 25.83520141633286 22.479999542236328 31.5 AB 5.3015262177103315 1.0154559395455147
60963.1069 lsst_hardware_u 3.8275765431685715 2.630000114440918 28.399999618530273 AB 6.366573506836167 1.0268666946509946
60963.1263 lsst_hardware_r 16.83401164594283 22.489999771118164 31.5 AB 6.19910028055074 1.0077106931266442
60965.009 lsst_hardware_y -2.975741735940329 50.97999954223633 29.950000762939453 AB 9.452000157417956 1.3381468333571114
60965.0287 lsst_hardware_g -24.418954794319554 13.890000343322754 31.350000381469727 AB 8.68727447987655 1.2302888304401844
60967.9949 lsst_hardware_y -26.550956537637425 70.9000015258789 29.940000534057617 AB 3.1061131508238926 1.377179302046433
60968.0138 lsst_hardware_z -2.4594665103457336 45.029998779296875 30.93000030517578 AB 3.7775723404535966 1.2635429837619345
60972.0105 lsst_hardware_z 17.053607643311665 73.19000244140625 31.700000762939453 AB 3.453979265118052 1.2260109202653904
60972.0296 lsst_hardware_r 48.05686604702717 23.209999084472656 31.479999542236328 AB 3.2619962099520223 1.1486913319665542
60974.0127 lsst_hardware_y 38.7585339222481 49.959999084472656 30.0 AB 4.641415296186992 1.1923229840567702
60974.0321 lsst_hardware_z -6.70296498988771 42.54999923706055 30.940000534057617 AB 4.3064914174784725 1.122529639414461
60976.0016 lsst_hardware_y -1.6943561145414332 68.5199966430664 30.0 AB 4.362839100842907 1.216744194713091
60976.0193 lsst_hardware_z 2.9326471181322007 43.54999923706055 30.940000534057617 AB 4.091388927953202 1.1465290536509567
60978.0033 lsst_hardware_y -14.532590094077785 66.16000366210938 30.010000228881836 AB 5.353648519431508 1.1860755512449461
60978.0208 lsst_hardware_i -72.55374021763588 39.65999984741211 31.280000686645508 AB 5.073222970081054 1.123699644516541
60979.0178 lsst_hardware_r -89.30097738174145 73.20999908447266 32.36000061035156 AB 5.195646932361928 1.1245380514824799
60979.0339 lsst_hardware_z -176.34475458817747 70.56999969482422 31.709999084472656 AB 4.986991853601043 1.0803708521666036
60982.0141 lsst_hardware_z -10.958932302383973 68.11000061035156 30.969999313354492 AB 3.1666027939278996 1.1110237274760189
60982.0311 lsst_hardware_i 90.80456544021666 70.62999725341797 31.31999969482422 AB 3.008709529194227 1.0680860973975899
60991.015 lsst_hardware_y -63.14168601044848 60.630001068115234 30.059999465942383 AB 5.660130303094453 1.0510919782908235
60991.031 lsst_hardware_r -10.01348125976987 22.479999542236328 31.489999771118164 AB 5.353942207979352 1.0261508783857707
