data/validation/pwv_sim_epoch_fit_epoch/36521977.ecsv
# %ECSV 0.9
# ---
# datatype:
# - {name: time, datatype: float64}
# - {name: band, datatype: string}
# - {name: flux, datatype: float64}
# - {name: fluxerr, datatype: float64}
# - {name: zp, datatype: float64}
# - {name: zpsys, datatype: string}
# - {name: pwv, datatype: float64}
# - {name: airmass, datatype: float64}
# meta: {SNID: '36521977', alt: 1024.0, c: 0.0036134980618953705, dec: -4.031936, lat: -30.244573, lon: -70.7499537, ra: 166.640625, t0: 61481.609375,
#   x0: 6.689489237771578e-06, x1: -1.9086973667144775, z: 0.5442569255828857}
# schema: astropy-2.0
time band flux fluxerr zp zpsys pwv airmass
61413.3394 lsst_hardware_u -3.6369053695565787 2.930000066757202 28.479999542236328 AB 9.860793083173764 1.1234383734437676
61413.359 lsst_hardware_y 34.849530657858175 55.97999954223633 30.030000686645508 AB 9.716017461339911 1.1133284589595407
61415.3386 lsst_hardware_r -2.6995576435533377 24.520000457763672 31.489999771118164 AB 7.615128011433655 1.1195287735032633
61415.3572 lsst_hardware_y 13.104534687387373 53.59000015258789 30.030000686645508 AB 7.5733078813543715 1.1132578898039103
61418.3503 lsst_hardware_z -23.4687562802731 64.47000122070312 31.709999084472656 AB 4.61769119892261 1.1133673776787485
61420.3537 lsst_hardware_g -19.583377493175878 16.040000915527344 31.459999084472656 AB 5.983275086659287 1.1160397463224958
61422.351 lsst_hardware_i -6.468180079271749 32.52000045776367 31.260000228881836 AB 2.5703820247851112 1.1175574020804833
61422.3707 lsst_hardware_y 10.137928346484484 71.87999725341797 30.040000915527344 AB 2.6177565642942158 1.138155027954007
61424.3493 lsst_hardware_i -27.070241123642028 32.369998931884766 31.25 AB 6.908931212651533 1.120155302399792
61424.3687 lsst_hardware_y 2.8352000622354643 59.2599983215332 30.030000686645508 AB 7.043684156497124 1.1436099293460356
61426.3182 lsst_hardware_z -22.996009023309597 56.060001373291016 30.969999313354492 AB 13.393240049190924 1.1144316898977304
61426.3362 lsst_hardware_g -113.06432154408732 52.2599983215332 31.690000534057617 AB 12.57890055679439 1.1155133663538164
61428.3182 lsst_hardware_r 101.0534656683189 115.72000122070312 31.639999389648438 AB 10.034966351887773 1.1133056860198705
61428.3389 lsst_hardware_i 40.21818742168326 92.43000030517578 31.329999923706055 AB 10.690152651308875 1.1205610745606787
61430.3208 lsst_hardware_z -79.3360707462618 116.68000030517578 31.739999771118164 AB 10.916767574090017 1.1139558749071445
61432.3235 lsst_hardware_r 11.371190303786435 71.27999877929688 31.6299991607666 AB 13.241564386868932 1.117431593828602
61432.3413 lsst_hardware_i 69.49322759908198 61.790000915527344 31.309999465942383 AB 12.464336120760944 1.1351165187991874
61438.2982 lsst_hardware_g -17.175487684496613 15.649999618530273 31.469999313354492 AB 9.400245054778091 1.113773110755715
61438.3163 lsst_hardware_r 30.973862280362177 24.770000457763672 31.520000457763672 AB 9.444442661799641 1.1247847552758605
61440.2972 lsst_hardware_i 15.030214128783895 31.950000762939453 31.260000228881836 AB 8.60822007230271 1.1151747907549663
61440.3173 lsst_hardware_r -15.471164591540711 24.350000381469727 31.510000228881836 AB 8.839704625349928 1.1322068043996159
61442.286 lsst_hardware_u 0.5982508366613976 2.890000104904175 28.510000228881836 AB 4.287071144539502 1.113524972607618
61442.3045 lsst_hardware_g 5.002670855254094 15.390000343322754 31.450000762939453 AB 3.8291874062765787 1.123917641994925
61443.2892 lsst_hardware_r -22.88781644170212 24.440000534057617 31.510000228881836 AB 4.70989647682572 1.1152523328053325
61443.3074 lsst_hardware_i 17.103536028769895 32.34000015258789 31.25 AB 4.180928493712645 1.1300570291810292
61445.2447 lsst_hardware_z 55.99426207120355 43.11000061035156 30.950000762939453 AB 6.003527621045722 1.1315312472913914
61445.2632 lsst_hardware_r 13.927993572684219 24.40999984741211 31.5 AB 5.898006586837956 1.115638068128239
61447.2723 lsst_hardware_u 2.3717674752005475 2.7799999713897705 28.440000534057617 AB 4.097550470636576 1.1135152327469255
61447.289 lsst_hardware_g -0.6929799802075665 15.029999732971191 31.43000030517578 AB 4.1331878386081575 1.1222086128763917
61450.2728 lsst_hardware_r -21.11038328339552 24.270000457763672 31.5 AB 3.697515614627277 1.1165401085967772
61450.2905 lsst_hardware_z 50.11056913993415 42.81999969482422 30.940000534057617 AB 3.9167675558940136 1.1328595693009753
61452.2238 lsst_hardware_r 23.721725518546847 24.65902975950364 31.5 AB 4.40397632060587 1.133876498611124
61452.2417 lsst_hardware_u 6.04821777129403 2.865084931294221 28.43000030517578 AB 4.490278183717572 1.11684571165715
61456.2374 lsst_hardware_r 10.139077718314692 124.86498761240227 31.649999618530273 AB 3.6764885251354147 1.1140874318592167
61456.255 lsst_hardware_i 114.09029208074472 99.47316003317802 31.329999923706055 AB 3.0134656971767138 1.1158228945359345
61458.2395 lsst_hardware_z -29.16360747642425 106.71505621573361 30.989999771118164 AB 9.017093731815619 1.1132214483722986
61458.2566 lsst_hardware_r 20.349025519614084 157.802163737276 31.639999389648438 AB 10.41541234701872 1.1202379507414595
61460.2433 lsst_hardware_z 96.23387503514887 92.980044043314 31.729999542236328 AB 9.284584360986447 1.1154663736392472
61462.2435 lsst_hardware_r 218.4040050552689 51.305950127939774 31.610000610351562 AB 6.179761536794092 1.118643855088534
61462.2609 lsst_hardware_z 110.01014482426594 51.23359575767112 30.959999084472656 AB 7.3668882675110705 1.1372603554492022
61464.2356 lsst_hardware_r 307.3982777234784 37.0050641337649 31.559999465942383 AB 5.894120720224288 1.1171041402936344
61464.2527 lsst_hardware_y 77.17984085204596 49.66174565003217 30.010000228881836 AB 6.212827571786943 1.1334174170914793
61466.2378 lsst_hardware_g 148.7688371448437 21.059327063468732 31.469999313354492 AB 3.5817546819275394 1.1228071103221855
61466.2548 lsst_hardware_r 587.4156833227246 35.21348115946974 31.510000228881836 AB 3.9910585438086303 1.1448819689640364
61468.2286 lsst_hardware_i 738.5481378504167 41.36203586410763 31.239999771118164 AB 6.267161207209537 1.1197024459773464
61468.248 lsst_hardware_z 691.6491390850018 49.07620365428351 30.93000030517578 AB 6.385709588609377 1.1426518007711257
61470.2348 lsst_hardware_r 1210.9754576994792 42.80440776972155 31.5 AB 8.91647095995982 1.1314361255341812
61470.253 lsst_hardware_u 24.505898517653794 5.009001043030686 28.360000610351562 AB 9.059853101319092 1.1624262214743242
61472.2029 lsst_hardware_u 14.379829894813664 3.9849726236836123 28.3799991607666 AB 11.971269738790578 1.1133475692899943
61472.2216 lsst_hardware_g 603.4489361753976 29.17426408337636 31.440000534057617 AB 12.1204275245458 1.1229723304447998
61474.2038 lsst_hardware_r 1849.4925389662449 49.43780998759284 31.510000228881836 AB 12.152804611587 1.1149362028978897
61474.2225 lsst_hardware_z 1162.1621005423042 54.3400790922852 30.940000534057617 AB 11.409517255522532 1.129729743434141
61477.1964 lsst_hardware_g 691.4083175824471 30.64517786711226 31.450000762939453 AB 15.408344659082612 1.1152536666967665
61477.2152 lsst_hardware_r 2122.567939293022 52.129040613341004 31.5 AB 15.65961823243531 1.130821651677916
61479.0259 lsst_hardware_i 1624.134445185211 56.23232345098608 31.1200008392334 AB 18.2848543900657 1.9293969173614935
61481.2049 lsst_hardware_r 4681.496169864065 83.21586265416694 32.310001373291016 AB 9.708972048730963 1.1316038052873167
61481.2268 lsst_hardware_z 2957.093116298278 81.10574530059337 31.690000534057617 AB 9.665765975930325 1.171075689950657
61485.1232 lsst_hardware_z 1432.6665250768367 114.07909887718058 30.989999771118164 AB 5.638427058119466 1.1506993996162174
61485.1431 lsst_hardware_i 1976.5162200789284 133.1377036927297 31.329999923706055 AB 5.859561204689599 1.1231488612135643
61492.1736 lsst_hardware_r 1556.2450858162752 56.3155238953056 31.600000381469727 AB 8.035609697295637 1.130025270327048
61492.1916 lsst_hardware_i 1535.501093221554 56.611276765725535 31.280000686645508 AB 8.271020793768749 1.159597269899331
61497.1438 lsst_hardware_r 947.5650599419884 38.353423690841566 31.5 AB 9.42723710035495 1.1161777291445596
61497.1624 lsst_hardware_u -1.550717220825276 3.0438308507161014 28.43000030517578 AB 9.554126234219469 1.1331466802134011
61499.1432 lsst_hardware_g 94.45933882041017 18.075002910589532 31.420000076293945 AB 6.607789589756147 1.1191423682757546
61499.1614 lsst_hardware_i 1167.4934183057285 46.03158795987786 31.239999771118164 AB 6.619220570121633 1.1395421617333237
61501.142 lsst_hardware_z 822.9277666142317 51.50395953346732 30.950000762939453 AB 13.064661851546997 1.1225865141387843
61501.1605 lsst_hardware_r 560.0713207536777 34.58021082287816 31.5 AB 13.230750376746627 1.1470588561920156
61503.1374 lsst_hardware_u 5.970981378983148 3.266456967320728 28.420000076293945 AB 8.389958741877113 1.1233793588909569
61503.1548 lsst_hardware_g 22.258863324369617 16.50801449471025 31.40999984741211 AB 8.633051042151859 1.1466397983997687
61505.1293 lsst_hardware_r 396.17896261935533 31.295774836847826 31.5 AB 5.430657243918536 1.1210522256115056
61505.1456 lsst_hardware_i 710.3992551168288 42.01823880056287 31.239999771118164 AB 5.557682061646291 1.1404467371151268
61511.1263 lsst_hardware_z 705.4913898775278 66.13097206006222 30.969999313354492 AB 18.972508667139834 1.1360783633017866
61511.1437 lsst_hardware_r 308.67377775347694 73.93898631202835 31.6200008392334 AB 19.51078241505407 1.1683103242547348
61513.0727 lsst_hardware_z 868.6981614692886 90.33206307255193 30.989999771118164 AB 12.68696951955949 1.11832838164112
61513.0909 lsst_hardware_r -37.40004703399216 123.18624511494792 31.649999618530273 AB 12.58069850406202 1.1133361508019486
61515.0926 lsst_hardware_z 636.6828831045929 88.16988073651751 30.989999771118164 AB 7.624464118076824 1.1152312215617002
61515.1104 lsst_hardware_i 379.57022376511014 101.78691159963728 31.329999923706055 AB 7.7196642157870805 1.1295416596284076
61520.0888 lsst_hardware_u 2.524605690537561 11.199665575869522 29.219999313354492 AB 15.030940328892436 1.1214330014095326
61520.1066 lsst_hardware_g 4.889513730344692 51.96895906999961 31.65999984741211 AB 15.295703330680173 1.1436039873405737
61522.0779 lsst_hardware_r 116.80270729598787 26.813525912644124 31.489999771118164 AB 4.581708975694677 1.1174899940718725
61522.0962 lsst_hardware_i 259.91346005822305 35.509628738055575 31.239999771118164 AB 5.06564769601787 1.1359864766536683
61524.0817 lsst_hardware_z 411.93392372576227 47.503574518112295 30.940000534057617 AB 9.533645594496136 1.1249803049732887
61524.0988 lsst_hardware_r 100.56650300375706 26.96485071243418 31.489999771118164 AB 10.122141858118507 1.1490247303751897
61526.0806 lsst_hardware_u 11.380139056803758 4.586583667483284 28.389999389648438 AB 11.252496520742865 1.129825445127051
61526.0984 lsst_hardware_r 87.74749537986101 26.7045844131542 31.489999771118164 AB 11.343892181329242 1.1588407581294558
61528.0831 lsst_hardware_i 140.3142646282118 34.852134553182275 31.25 AB 14.806782951641988 1.140921407645705
61528.1006 lsst_hardware_z 393.20239354337247 47.195990258616845 30.940000534057617 AB 15.469135083151949 1.176225912112835
61530.0744 lsst_hardware_r 86.91205973098248 26.605617112715848 31.5 AB 10.229756462320694 1.1360505436796506
61530.0938 lsst_hardware_u 14.038558713174098 4.707837496198812 28.43000030517578 AB 10.887425117181447 1.1729611201445214
61532.0454 lsst_hardware_u 13.358683523643249 4.757315404765563 28.5 AB 7.020644713703352 1.114918963586367
61532.0648 lsst_hardware_g -2.6830099748554135 15.818724164021223 31.440000534057617 AB 7.148400450271596 1.130539372176379
61533.0476 lsst_hardware_r 52.698600647401314 26.283565034215815 31.5 AB 11.480214760100317 1.1173320879931308
61533.0655 lsst_hardware_i 103.07683266014521 34.36205102694213 31.239999771118164 AB 11.60513953233691 1.135050976331325
61535.0458 lsst_hardware_z 214.02186185004336 45.769672955590366 30.950000762939453 AB 8.095609668087214 1.1198021534113305
61535.0634 lsst_hardware_r 124.18491464613433 26.55113347583059 31.5 AB 8.355652749443127 1.1400031038191927
61537.0456 lsst_hardware_z 183.82700884524485 46.724529157888576 30.950000762939453 AB 12.982634366610466 1.1243783282042883
61537.0634 lsst_hardware_r 167.35626686240812 31.812584752116447 31.549999237060547 AB 13.249720575069023 1.1492016631309827
61540.9928 lsst_hardware_r 94.67544846693798 95.793979039205 31.639999389648438 AB 7.936915373898661 1.12087492923297
61541.0112 lsst_hardware_z 363.580173349694 75.24315801485528 30.989999771118164 AB 5.836205983560786 1.1131955526318795
61542.9957 lsst_hardware_y 133.03346485196823 56.85614714642373 30.030000686645508 AB 8.28807161648084 1.1155875291386474
61543.0154 lsst_hardware_r 126.08612231787316 93.50485927274332 31.639999389648438 AB 8.11578794353818 1.114933661390477
61550.9629 lsst_hardware_y 110.07761164175966 50.346051341365516 30.020000457763672 AB 6.477123891954751 1.123135753763592
61550.9821 lsst_hardware_r 68.11103790782768 26.544476793100145 31.510000228881836 AB 6.429177190468787 1.1133095657252077
61552.9633 lsst_hardware_y 75.57813817514996 50.04986077361622 30.030000686645508 AB 7.170100918313564 1.118449622635973
61552.9843 lsst_hardware_r 87.71248883616492 26.602869275562913 31.510000228881836 AB 7.17858503768399 1.113779145523264
61554.9568 lsst_hardware_y 37.691101955977345 56.571412879825495 30.040000915527344 AB 10.814552131522756 1.1191712854727058
61554.9763 lsst_hardware_z 128.14147346816767 45.148014857574786 30.950000762939453 AB 10.619117029250004 1.1133483989568411
61561.9646 lsst_hardware_z 37.19491345609666 68.45999908447266 31.709999084472656 AB 4.796121978327191 1.1153772042621375
61777.3387 lsst_hardware_r -11.478837402883583 24.479999542236328 31.5 AB 7.734991051326748 1.1276456041684908
61777.3593 lsst_hardware_y -16.386344097309014 57.86000061035156 30.040000915527344 AB 7.678877724458922 1.1137820784149863
61779.3357 lsst_hardware_g 5.052075421476379 15.510000228881836 31.440000534057617 AB 8.244077142810294 1.1250105271302258
61779.3576 lsst_hardware_y 16.064659534148095 54.189998626708984 30.030000686645508 AB 8.169542123147762 1.1132188576236948
61784.3454 lsst_hardware_r 135.14341725761255 106.13999938964844 31.639999389648438 AB 7.6448056025830935 1.113159093712046
61784.3652 lsst_hardware_y -31.021986097848963 69.83999633789062 30.040000915527344 AB 7.716593247617029 1.1213533746446311
61785.3514 lsst_hardware_r -17.30076783873745 104.79000091552734 31.639999389648438 AB 5.959949610080568 1.114703792409084
61785.3709 lsst_hardware_y 35.49021912716365 88.19999694824219 30.040000915527344 AB 6.054093904693238 1.1300221940631334
61787.3461 lsst_hardware_z -21.559162820607238 58.2599983215332 30.969999313354492 AB 2.563951599731299 1.114761565100565
61787.3663 lsst_hardware_y 98.17921034366292 62.70000076293945 30.030000686645508 AB 2.601497925221412 1.1310860544440924
61791.3172 lsst_hardware_g 7.734368876127398 17.09000015258789 31.469999313354492 AB 13.467878375580332 1.1149828939134345
61791.3364 lsst_hardware_r -9.909924226663858 25.299999237060547 31.510000228881836 AB 12.612644476278355 1.1152420840849735
61793.3252 lsst_hardware_i 4.690466899965558 31.860000610351562 31.239999771118164 AB 10.030897173584362 1.1135234006143653
61793.3447 lsst_hardware_z -114.92867659052084 42.869998931884766 30.940000534057617 AB 10.492479772195978 1.1251385740384943
61795.3269 lsst_hardware_r 9.66223751907833 24.260000228881836 31.489999771118164 AB 10.935640969462666 1.1158817315778229
61795.3442 lsst_hardware_g -15.107022687862479 15.069999694824219 31.40999984741211 AB 11.030537908800422 1.1307573458534517
61799.3262 lsst_hardware_i 73.58032756130642 31.860000610351562 31.239999771118164 AB 12.420980674074935 1.1230712344135627
61799.343 lsst_hardware_u -4.655662704445099 2.7100000381469727 28.3700008392334 AB 13.20881323643413 1.1450659840145174
61801.2926 lsst_hardware_u -1.6876124365153757 2.75 28.40999984741211 AB 11.981799344111877 1.114067814422304
61801.3101 lsst_hardware_g 8.461247881240734 15.100000381469727 31.43000030517578 AB 12.000262144873561 1.115680749802302
61805.295 lsst_hardware_z 23.602254576854893 42.95000076293945 30.940000534057617 AB 8.586083045048872 1.114111121762397
61805.314 lsst_hardware_u 3.876017353161664 2.680000066757202 28.34000015258789 AB 8.775827975028562 1.1273343221146883
61807.2903 lsst_hardware_g -13.155671445767684 15.09000015258789 31.420000076293945 AB 4.115256871975786 1.1143397974480873
61807.3092 lsst_hardware_r -10.945642919505698 24.309999465942383 31.489999771118164 AB 3.861977170635077 1.12807862440049
