data/validation/pwv_sim_epoch_fit_epoch/36660829.ecsv
# %ECSV 0.9
# ---
# datatype:
# - {name: time, datatype: float64}
# - {name: band, datatype: string}
# - {name: flux, datatype: float64}
# - {name: fluxerr, datatype: float64}
# - {name: zp, datatype: float64}
# - {name: zpsys, datatype: string}
# - {name: pwv, datatype: float64}
# - {name: airmass, datatype: float64}
# meta: {SNID: '36660829', alt: 1024.0, c: -0.06798839569091797, dec: -51.642994, lat: -30.244573, lon: -70.7499537, ra: 292.93689, t0: 61148.48046875,
#   x0: 3.115114834839131e-06, x1: 1.0779609680175781, z: 0.7437986731529236}
# schema: astropy-2.0
time band flux fluxerr zp zpsys pwv airmass
61153.4023 lsst_hardware_z 777.4913589089751 48.88253370742185 30.950000762939453 AB 6.133962492462635 1.079542853302118
61153.4154 lsst_hardware_y 372.670853041202 52.27716334476734 30.040000915527344 AB 6.085639612202829 1.0745685012718358
61155.4101 lsst_hardware_u 1.8029715118160738 2.983791206217138 28.469999313354492 AB 15.695361136559884 1.0745340805495318
61155.4227 lsst_hardware_y 230.87715875810895 64.87375237254648 30.049999237060547 AB 14.154967056969387 1.0737966993516028
61157.4045 lsst_hardware_r 651.361365139122 34.05856842234772 31.489999771118164 AB 1.5043899733034223 1.0745642666453017
61157.4175 lsst_hardware_y 227.95078615200876 53.12121453308448 30.040000915527344 AB 1.7191899118217755 1.0738225557912402
61159.3997 lsst_hardware_r 615.5611886759909 33.02952377247135 31.479999542236328 AB 13.51735851386295 1.0744263980496742
61159.4124 lsst_hardware_y 313.510087668005 50.01057130508796 30.020000457763672 AB 13.457089069113376 1.0738609958196048
61161.4065 lsst_hardware_z 1143.9778486004136 90.9707201746449 31.729999542236328 AB 9.538421956813911 1.0738140729857208
61168.3916 lsst_hardware_z 1010.7490759845944 77.5639326018508 31.709999084472656 AB 11.371676094466146 1.074455238682197
61170.3842 lsst_hardware_r 733.4802502670285 53.64240702392665 32.31999969482422 AB 8.431369554942785 1.0741054254885
61170.396 lsst_hardware_z 924.4131589577376 68.52370343712022 31.700000762939453 AB 8.430623058409877 1.0776713611670699
61175.2484 lsst_hardware_u -4.967539176962995 4.529801754303286 29.389999389648438 AB 8.163907729936746 1.2581149221662022
61175.269 lsst_hardware_g 64.42214048254189 15.416175686054755 31.350000381469727 AB 8.532408702536157 1.193636023157604
61177.4064 lsst_hardware_i 401.75787506689494 36.36972818376504 31.239999771118164 AB 8.015177128642891 1.1020455284810875
61177.4185 lsst_hardware_z 316.45563654387644 46.26338104882775 30.940000534057617 AB 7.495935126632344 1.1187962875570663
61178.3239 lsst_hardware_i 274.1203467577892 36.0367756981722 31.239999771118164 AB 8.542424361658696 1.0863617246704573
61178.3353 lsst_hardware_z 193.2012263476361 45.13851699473517 30.940000534057617 AB 7.581226567397737 1.0788838016765712
61182.3264 lsst_hardware_i 230.24095557259915 34.94261872557756 31.239999771118164 AB 4.613418800904632 1.0779015889964092
61182.3389 lsst_hardware_u 2.4806468783810343 2.6555965409877387 28.3799991607666 AB 4.568401607369789 1.0740756130179492
61185.3265 lsst_hardware_g -11.078565636243134 14.29483462381011 31.399999618530273 AB 7.847011379926653 1.074933065743377
61185.3394 lsst_hardware_r 142.50768853634284 25.032635606052306 31.489999771118164 AB 7.868326836817402 1.0736857180101071
61187.3185 lsst_hardware_i 195.35566667363008 43.23563811853264 31.290000915527344 AB 4.328821655530175 1.0756618045714008
61187.3321 lsst_hardware_r 55.5210891165541 37.128353182191105 31.59000015258789 AB 4.321474188837515 1.0736137275071738
61194.1849 lsst_hardware_r 192.59338892489822 109.42651029545571 31.600000381469727 AB 12.452659855218203 1.3028066108336112
61194.1955 lsst_hardware_z 275.25496108964217 79.32842513210791 30.969999313354492 AB 12.081055081506625 1.2618168451944118
61196.3289 lsst_hardware_i 220.6313582748664 61.04780777948176 31.31999969482422 AB 6.819840794563397 1.0796012022421082
61196.3414 lsst_hardware_z 192.1520140431076 58.100153291164084 30.969999313354492 AB 5.617999291030417 1.088407999553897
61222.2152 lsst_hardware_y 385.6161414707518 89.24294517023448 30.799999237060547 AB 8.259359538331568 1.07887917684426
61223.2147 lsst_hardware_r 226.77069401053734 110.59344592575994 31.649999618530273 AB 8.851446346284824 1.0778016860011965
61223.2267 lsst_hardware_i -141.62189333787535 88.19321619780564 31.329999923706055 AB 8.942975972760586 1.0741238281766294
61225.2145 lsst_hardware_z 63.810201727852146 55.09908371001417 30.969999313354492 AB 7.802065219775686 1.0757512482455829
61225.2267 lsst_hardware_r 57.283563634978535 65.24386678311154 31.639999389648438 AB 7.783436341645614 1.0736267885850772
61233.196 lsst_hardware_g 23.048376909938685 14.295176673204152 31.40999984741211 AB 6.270958583356509 1.0748065101305468
61233.2079 lsst_hardware_i 53.51181792512046 31.802011712189888 31.239999771118164 AB 6.279354234356773 1.0736691860061451
61235.1917 lsst_hardware_z 28.16195756163793 42.382829873989415 30.940000534057617 AB 7.791510123469333 1.0745428387076725
61235.2041 lsst_hardware_r 72.02289760470461 23.760592309176605 31.489999771118164 AB 7.821111519076498 1.0737876782403322
61244.1842 lsst_hardware_z 21.879187287189875 47.02000045776367 30.950000762939453 AB 5.668811971245846 1.074486552755386
61244.1962 lsst_hardware_r 13.745397559249483 43.47999954223633 31.600000381469727 AB 5.7187010942218 1.0787457852811695
61246.1866 lsst_hardware_i 14.935584582895654 61.06999969482422 31.309999465942383 AB 6.32824412848948 1.076872990468728
61246.1997 lsst_hardware_z 35.135969648522384 58.560001373291016 30.969999313354492 AB 6.3869387882102 1.0842778691469082
61248.1357 lsst_hardware_r 27.21849310120581 100.37999725341797 31.649999618530273 AB 3.4367653533185725 1.0841531083023888
61248.1472 lsst_hardware_z -45.89428965412634 73.37000274658203 30.979999542236328 AB 3.3608133250137353 1.0774715442202731
61249.127 lsst_hardware_r 31.839340743666856 124.66000366210938 31.649999618530273 AB 4.029117667385049 1.088950720914878
61249.1389 lsst_hardware_y -0.5689960510384582 61.77000045776367 30.040000915527344 AB 3.997077681844006 1.0802912653632448
61251.1281 lsst_hardware_z -54.38209873890809 78.93000030517578 30.989999771118164 AB 5.990583944891834 1.0837291745994002
61251.1403 lsst_hardware_r -19.994651513821413 118.31999969482422 31.649999618530273 AB 5.948153044481923 1.0769298953481958
61256.1319 lsst_hardware_r 38.25716441755332 22.829999923706055 31.489999771118164 AB 1.429950072624438 1.0751504305446902
61256.1437 lsst_hardware_u -0.13454188595921535 4.0 28.700000762939453 AB 1.5053189779477512 1.0736301774367318
61261.1288 lsst_hardware_u -0.9000759375823016 2.740000009536743 28.469999313354492 AB 4.6477455130485 1.0736302871444907
61261.1404 lsst_hardware_g -5.345214166301185 13.930000305175781 31.420000076293945 AB 4.674068969640934 1.0751164967546714
61266.108 lsst_hardware_i 21.97517038040306 30.81999969482422 31.25 AB 3.9406750955778675 1.0743633113014748
61266.118 lsst_hardware_z 52.1823711326361 41.810001373291016 30.950000762939453 AB 3.934630042117878 1.0736909722663908
61268.1162 lsst_hardware_r -5.261339023520115 22.770000457763672 31.5 AB 5.519415311701131 1.0740599964391004
61268.1272 lsst_hardware_u 2.2520539839689158 2.75 28.479999542236328 AB 5.803170130535297 1.0771545485912384
61274.1094 lsst_hardware_r -2.9324561750997535 57.31999969482422 31.6299991607666 AB 2.9972249644253126 1.0765894268769083
61274.1199 lsst_hardware_i -9.499164054755012 50.93000030517578 31.309999465942383 AB 2.9935750798566243 1.0819824992704885
61276.1093 lsst_hardware_z -17.817310607713036 66.62999725341797 30.989999771118164 AB 3.0477198105787444 1.0789980152513625
61276.1213 lsst_hardware_r -131.89552673650348 88.62999725341797 31.649999618530273 AB 3.0979930820373753 1.0870151165043422
61278.0542 lsst_hardware_z 9.304214021790363 72.94999694824219 30.989999771118164 AB 2.2473926969290208 1.083864334183275
61278.0659 lsst_hardware_r -46.56679899436696 104.66000366210938 31.65999984741211 AB 2.2274179048117926 1.07721818634351
61280.0615 lsst_hardware_z -12.081218076519136 95.48999786376953 31.739999771118164 AB 3.7687511370308804 1.0767860391516801
61281.0544 lsst_hardware_r 82.1648545494695 86.08999633789062 31.649999618530273 AB 6.040996797784611 1.0787494281758234
61281.0654 lsst_hardware_z -42.56424500258695 61.75 30.989999771118164 AB 6.0183962468917604 1.074713615516386
61286.0563 lsst_hardware_r -37.2030233966203 22.510000228881836 31.479999542236328 AB 1.562553677650533 1.073920053368064
61286.07 lsst_hardware_u -0.9234412097498353 2.640000104904175 28.399999618530273 AB 1.6047389730742376 1.074601990897927
61296.0357 lsst_hardware_u 5.67596809500023 2.700000047683716 28.440000534057617 AB 2.329886477902497 1.0736804045633626
61296.0468 lsst_hardware_g -7.410373300966724 13.859999656677246 31.420000076293945 AB 2.640596841932607 1.0757090709573711
61296.982 lsst_hardware_g 35.2738439468156 25.350000381469727 31.600000381469727 AB 2.7220109184613017 1.1038162686379973
61296.9877 lsst_hardware_r 35.88945820559942 24.459999084472656 31.510000228881836 AB 2.7981848093941455 1.0971122561830333
61299.0363 lsst_hardware_z 84.53135783128893 41.86000061035156 30.950000762939453 AB 2.7076614514100243 1.0750376329050741
61299.0487 lsst_hardware_r -23.59197224095338 24.389999389648438 31.510000228881836 AB 2.8497562221712487 1.0802032556084498
61305.0216 lsst_hardware_z 117.83242534865724 56.77000045776367 30.969999313354492 AB 2.781642885945362 1.0755160017832306
61305.0337 lsst_hardware_r 85.44820994971418 67.11000061035156 31.6299991607666 AB 2.7679506289173696 1.081019577784474
61307.0226 lsst_hardware_i -34.26667040073859 63.2400016784668 31.31999969482422 AB 3.0586463748485073 1.0780003670753668
61307.0364 lsst_hardware_r -58.041752933778824 77.87000274658203 31.639999389648438 AB 3.10250365076406 1.0868181868626232
61309.0209 lsst_hardware_z -8.347034346571395 83.9800033569336 31.719999313354492 AB 3.5111111175902163 1.0799265259793054
61313.0254 lsst_hardware_z 50.98976507662177 41.95000076293945 30.950000762939453 AB 3.692286295104555 1.0915850096390216
61313.0374 lsst_hardware_r -22.937530524348627 23.229999542236328 31.5 AB 3.709504477786863 1.1049783724323072
61521.4066 lsst_hardware_z 56.50135150099957 55.5 30.969999313354492 AB 4.307490840621148 1.074857352619126
61521.4193 lsst_hardware_y 105.64465873935254 57.06999969482422 30.040000915527344 AB 4.825591087208706 1.0736658331758162
61523.4046 lsst_hardware_r 74.30652787743364 44.2599983215332 31.600000381469727 AB 5.3991622545382745 1.0741395114967223
61523.417 lsst_hardware_y -53.77357931155335 53.540000915527344 30.040000915527344 AB 6.4675379879603385 1.0739850527997905
61527.4095 lsst_hardware_g 13.040460770320216 15.420000076293945 31.459999084472656 AB 11.168753195564413 1.074607427411607
61527.421 lsst_hardware_z 5.510777481809078 45.400001525878906 30.959999084472656 AB 12.020782314074584 1.078822734043066
61529.3873 lsst_hardware_r -38.09970149325676 22.540000915527344 31.479999542236328 AB 9.577757124109333 1.0743016291157057
61529.4013 lsst_hardware_i -38.57798648051242 30.530000686645508 31.239999771118164 AB 9.62237608912751 1.074085736991462
61534.3902 lsst_hardware_u -2.070760261361334 2.7200000286102295 28.459999084472656 AB 8.216388206244273 1.0745644212841583
61534.4023 lsst_hardware_g -16.550991454766603 13.899999618530273 31.43000030517578 AB 8.311250202239098 1.0790328078207203
61536.3918 lsst_hardware_r 21.524117115381554 22.719999313354492 31.5 AB 8.183143190427351 1.0767293671614937
61536.4031 lsst_hardware_z -21.34192853241166 41.709999084472656 30.950000762939453 AB 8.229143443803732 1.0827820320794386
61540.3842 lsst_hardware_r 19.614969732777745 22.520000457763672 31.479999542236328 AB 8.220908512940643 1.0781755028010271
61540.3972 lsst_hardware_u 2.5850594540175322 2.619999885559082 28.3700008392334 AB 8.26163514569059 1.0865092360025326
61544.3689 lsst_hardware_i -45.92150554417837 65.6500015258789 31.329999923706055 AB 8.950724640219367 1.0763257143120395
61544.3815 lsst_hardware_z 37.56046410154832 60.08000183105469 30.979999542236328 AB 10.340235445131844 1.0829456125606276
61546.3602 lsst_hardware_z -101.33951445003792 103.7699966430664 31.739999771118164 AB 7.5460236293689364 1.07526401254454
61550.3325 lsst_hardware_i 28.7652312676426 61.58000183105469 31.31999969482422 AB 7.839513697799881 1.0739059859999838
61550.3455 lsst_hardware_r -36.55515825731694 70.5199966430664 31.639999389648438 AB 7.877250720675384 1.0743536812877719
61552.3302 lsst_hardware_z 8.990206125280299 67.63999938964844 31.709999084472656 AB 4.312963246855847 1.073633136171227
61554.3758 lsst_hardware_i 39.89415897573488 33.97999954223633 31.260000228881836 AB 8.948770121182834 1.1038098128630431
61554.3889 lsst_hardware_z 8.860016441486824 43.91999816894531 30.940000534057617 AB 9.153502166817088 1.1226699305172227
61559.2986 lsst_hardware_i 34.402598067654125 30.59000015258789 31.25 AB 10.034816504564585 1.076148583561445
61559.312 lsst_hardware_u 1.9537825740815966 2.6700000762939453 28.420000076293945 AB 10.203500556589484 1.0736006477892976
61563.3212 lsst_hardware_i 32.51351784942075 30.860000610351562 31.25 AB 3.537709832955793 1.0780770479828716
61563.3342 lsst_hardware_r -7.580045796651842 22.850000381469727 31.489999771118164 AB 2.527011045716298 1.0863413537506477
61574.31 lsst_hardware_z 130.45411338383013 77.93000030517578 30.989999771118164 AB 5.127671755826453 1.0914584410017631
61574.3223 lsst_hardware_r 54.94721171137982 115.95999908447266 31.649999618530273 AB 5.127625229548764 1.10521074028421
61576.3014 lsst_hardware_i -45.56093684166347 100.56999969482422 31.329999923706055 AB 3.947968423427138 1.0885942344008652
61576.3131 lsst_hardware_z 92.09913708923902 85.19999694824219 30.989999771118164 AB 3.9893864299939805 1.1005962976740569
61578.2829 lsst_hardware_i 71.6714282181813 70.2300033569336 31.31999969482422 AB 2.7541359160040897 1.0794183484240996
61578.2954 lsst_hardware_z -33.872654667936246 63.36000061035156 30.979999542236328 AB 2.1762564067837933 1.0881282033918966
61580.2795 lsst_hardware_z 22.476545604136383 51.540000915527344 30.959999084472656 AB 4.056501282919581 1.0805810556525552
61580.2909 lsst_hardware_r 14.316159913611346 57.25 31.6200008392334 AB 4.088878265353742 1.0889639838485121
61582.2391 lsst_hardware_r 23.676943257554495 35.970001220703125 31.579999923706055 AB 6.419879954026672 1.0751166608284406
61582.251 lsst_hardware_i -62.01891280661021 37.369998931884766 31.280000686645508 AB 6.188762088409959 1.073599113263936
61587.2145 lsst_hardware_r 10.472178054287296 23.079999923706055 31.489999771118164 AB 8.358317159962695 1.07960696977039
61587.2271 lsst_hardware_g -4.91267718648883 14.1899995803833 31.420000076293945 AB 8.246701041545187 1.0746987739030238
61589.2147 lsst_hardware_r -6.823510590046977 23.149999618530273 31.5 AB 7.2207070822525985 1.076913807942222
61589.2286 lsst_hardware_i 9.781302470099611 30.969999313354492 31.25 AB 7.196641822840897 1.0736716049691768
61593.2025 lsst_hardware_u -0.27980451008765017 2.7200000286102295 28.43000030517578 AB 2.4738341621244624 1.077453903364313
61593.2133 lsst_hardware_g -5.106012057055794 14.25 31.420000076293945 AB 1.9335246260932804 1.0741803478296001
61596.1299 lsst_hardware_r -37.46330807787365 28.049999237060547 31.520000457763672 AB 10.473966782496493 1.161172201086079
61596.1347 lsst_hardware_i 59.25995897925927 33.54999923706055 31.25 AB 10.365397280606754 1.1507305570003425
61598.1876 lsst_hardware_i 78.18614185811911 39.86000061035156 31.280000686645508 AB 6.310732435618186 1.078020573218031
61598.2005 lsst_hardware_z -34.52149973766637 45.83000183105469 30.950000762939453 AB 6.251217737085908 1.0740462586806252
61600.2116 lsst_hardware_z 27.266515731730337 53.689998626708984 30.969999313354492 AB 7.052589741087482 1.074953345523305
61600.2238 lsst_hardware_r -11.945973319404393 62.790000915527344 31.6299991607666 AB 7.077303382902122 1.0799547379809953
61608.1553 lsst_hardware_r 83.53903187240358 66.36000061035156 31.6299991607666 AB 5.626362769290999 1.0806766315303795
61608.1679 lsst_hardware_z -17.820803984828746 54.38999938964844 30.969999313354492 AB 5.841111233739426 1.0751830716172706
61611.1854 lsst_hardware_r 31.90197537327546 33.119998931884766 31.579999923706055 AB 6.293744960952211 1.0761297701893153
61611.1973 lsst_hardware_i 91.7774617805474 37.18000030517578 31.280000686645508 AB 6.318941798600468 1.0821032277764309
61612.1862 lsst_hardware_z -115.93987094280779 41.58000183105469 30.950000762939453 AB 11.601163587719457 1.0775324740716385
61612.1988 lsst_hardware_u 2.856215721290655 3.319999933242798 28.600000381469727 AB 11.756574132472746 1.0850886782370859
61617.1332 lsst_hardware_z 43.159495918192675 41.59000015258789 30.950000762939453 AB 3.9933645711449146 1.079287721931058
61617.1447 lsst_hardware_r 29.622639923125462 22.90999984741211 31.489999771118164 AB 3.976853492186072 1.0748252681583979
61622.1297 lsst_hardware_i -28.4372082441034 30.739999771118164 31.239999771118164 AB 2.15788755508409 1.0751806452835524
61622.1418 lsst_hardware_z -60.35049823677446 41.599998474121094 30.940000534057617 AB 2.1788939005871564 1.073611185310252
61624.1272 lsst_hardware_r 17.122987153303935 23.239999771118164 31.489999771118164 AB 2.804351575032579 1.0744642049933253
61624.1392 lsst_hardware_u -0.3006365968210868 2.690000057220459 28.43000030517578 AB 2.8998861886452585 1.0737667941169804
61626.1339 lsst_hardware_g -12.442848945596117 27.690000534057617 31.6299991607666 AB 4.7074602612388565 1.0737819938957247
61626.146 lsst_hardware_r -2.4222271407658758 32.0 31.56999969482422 AB 4.667018636138856 1.0767144159969675
61627.1263 lsst_hardware_i 36.78300484262115 40.75 31.290000915527344 AB 4.679549035500694 1.073619387159841
61627.1374 lsst_hardware_z -81.6033951513877 46.25 30.959999084472656 AB 4.680215166628484 1.0748408099123823
61631.1113 lsst_hardware_z -34.1282686931697 65.45999908447266 30.989999771118164 AB 3.923432951059263 1.0739323771147617
61631.1228 lsst_hardware_r -85.7929447516942 93.19999694824219 31.649999618530273 AB 3.8296194085406094 1.0741015052585559
61649.0549 lsst_hardware_u 1.0918077030817201 2.5799999237060547 28.350000381469727 AB 1.3764651341860692 1.0755034255912332
61649.0661 lsst_hardware_g -1.3426100066203759 13.710000038146973 31.399999618530273 AB 1.3926771830120424 1.0736301038252927
61651.0914 lsst_hardware_z -13.898258609630195 41.56999969482422 30.940000534057617 AB 0.7222233565970093 1.0844194543498638
61651.1049 lsst_hardware_r 13.36584190161932 22.690000534057617 31.479999542236328 AB 0.6147168034746779 1.096729354994965
61653.0522 lsst_hardware_r -30.107772043789673 23.829999923706055 31.510000228881836 AB 1.2859089183822852 1.0738279067909595
61653.0644 lsst_hardware_u -0.5540228244396317 3.0199999809265137 28.530000686645508 AB 1.28319630893544 1.0744038310930282
61655.0356 lsst_hardware_z -2.2675846489788314 43.68000030517578 30.950000762939453 AB 2.72220081853866 1.0765005708506812
61655.0478 lsst_hardware_g 49.046894716425136 26.90999984741211 31.6200008392334 AB 2.2466076164566617 1.0737331287826433
61671.023 lsst_hardware_g 2.846664247312929 13.819999694824219 31.399999618530273 AB 1.615017621472317 1.076678414314878
61671.0353 lsst_hardware_r -13.708616684110487 22.760000228881836 31.479999542236328 AB 1.6250356572161184 1.0833571048107455
61672.0233 lsst_hardware_i -10.53375558287059 30.6299991607666 31.239999771118164 AB 3.0274834327534133 1.0779716691307233
61672.0355 lsst_hardware_z -3.258230659980959 41.459999084472656 30.940000534057617 AB 3.051922073576276 1.0855138088479643
