data/validation/pwv_sim_epoch_fit_epoch/36777839.ecsv
# %ECSV 0.9
# ---
# datatype:
# - {name: time, datatype: float64}
# - {name: band, datatype: string}
# - {name: flux, datatype: float64}
# - {name: fluxerr, datatype: float64}
# - {name: zp, datatype: float64}
# - {name: zpsys, datatype: string}
# - {name: pwv, datatype: float64}
# - {name: airmass, datatype: float64}
# meta: {SNID: '36777839', alt: 1024.0, c: -0.0721902921795845, dec: -31.213543, lat: -30.244573, lon: -70.7499537, ra: 205.664062, t0: 60398.24609375,
#   x0: 3.080673375528012e-06, x1: 0.1579274982213974, z: 0.747330367565155}
# schema: astropy-2.0
time band flux fluxerr zp zpsys pwv airmass
60330.3041 lsst_hardware_r 23.337013151929476 24.709999084472656 31.459999084472656 AB 15.772031676171283 1.3087736848536455
60330.3218 lsst_hardware_i -44.05660440607992 32.41999816894531 31.229999542236328 AB 14.625665927334605 1.2178413695270123
60332.3111 lsst_hardware_z -15.177134928205483 72.7699966430664 31.690000534057617 AB 11.184523916822846 1.242345274146549
60334.3155 lsst_hardware_z 8.999745665638944 58.630001068115234 30.959999084472656 AB 11.737926447638669 1.1977475966978233
60334.3332 lsst_hardware_r 17.023979835139933 75.61000061035156 31.6299991607666 AB 11.097462076245183 1.1323940894127738
60336.3097 lsst_hardware_z 12.05147257111176 60.13999938964844 30.959999084472656 AB 14.251847183156507 1.1991793781755067
60336.3283 lsst_hardware_r 45.13805367657284 78.91999816894531 31.6299991607666 AB 13.433404924118436 1.130599376416196
60338.3212 lsst_hardware_z 120.36028085513932 81.72000122070312 31.719999313354492 AB 12.563597025360332 1.1358977465178186
60340.3111 lsst_hardware_r -43.64065539169691 97.06999969482422 32.369998931884766 AB 12.331984700848517 1.1516339925616714
60340.3295 lsst_hardware_z 27.65614333344618 81.0199966430664 31.729999542236328 AB 11.796588898463835 1.0954210138790783
60346.3016 lsst_hardware_g -16.17003506966847 15.710000038146973 31.43000030517578 AB 3.68461676955254 1.1286925316442151
60346.3189 lsst_hardware_r -3.871981190070144 24.68000030517578 31.5 AB 3.72171797123052 1.0809520683213825
60354.2978 lsst_hardware_z 23.32278261407696 41.83000183105469 30.940000534057617 AB 2.9303859713273113 1.079199351090343
60354.3175 lsst_hardware_r 6.9329638003327645 23.34000015258789 31.5 AB 2.6037741447882587 1.0403998980240778
60356.3169 lsst_hardware_g 22.731545181733363 20.770000457763672 32.209999084472656 AB 5.304441905977002 1.0329974500441728
60356.3383 lsst_hardware_r 34.09851271517238 32.939998626708984 32.27000045776367 AB 3.5591234681813497 1.0096565475562067
60362.2061 lsst_hardware_z 9.303270890886042 82.80999755859375 31.690000534057617 AB 11.011404460519797 1.3760098879113347
60362.2252 lsst_hardware_r 128.44613277511107 98.19999694824219 32.34000015258789 AB 10.225012990306046 1.262347282753833
60365.2231 lsst_hardware_i -9.805494908361212 79.35279449700393 31.290000915527344 AB 10.62115245853751 1.232330959656274
60365.2438 lsst_hardware_z 78.1630425155897 68.35177596279483 30.969999313354492 AB 9.812335569443157 1.1483131152069055
60367.2268 lsst_hardware_z -44.85535228990859 72.19726237223253 30.969999313354492 AB 6.903892877359158 1.191953305924896
60367.2477 lsst_hardware_r -18.202363934066767 98.73441631121749 31.639999389648438 AB 6.527190528081449 1.1181323084178296
60369.2207 lsst_hardware_i 205.01684969769533 77.15223283608952 31.309999465942383 AB 4.216139844432861 1.1945995025782568
60369.2411 lsst_hardware_r -69.33735949944301 89.19404475755175 31.639999389648438 AB 3.9286946910506493 1.1215762547606174
60372.2169 lsst_hardware_z 133.66729667361403 48.91267591443964 30.940000534057617 AB 6.579066101697316 1.1769349019136524
60372.2369 lsst_hardware_g 6.271623281809704 37.55274317466613 31.639999389648438 AB 6.204449107732232 1.109786985642541
60375.2232 lsst_hardware_r 115.31743020096948 26.215251771636154 31.479999542236328 AB 10.90899293370754 1.126263982418701
60375.2448 lsst_hardware_i 205.09581681012511 34.066536042292626 31.239999771118164 AB 10.350830232397985 1.0693927058870067
60382.1945 lsst_hardware_g 177.10507712019503 18.37869191577155 31.3799991607666 AB 12.937341784588483 1.1585333379232179
60382.2143 lsst_hardware_r 493.94529021817493 31.845630922067137 31.489999771118164 AB 12.27586029553306 1.0968342470227788
60386.179 lsst_hardware_z 483.7795018986314 48.09362777483639 30.940000534057617 AB 8.070081336879142 1.1756826034059782
60386.1963 lsst_hardware_g 201.5611567467267 20.120854324133344 31.40999984741211 AB 7.683044329363638 1.1167215595005286
60388.146 lsst_hardware_r 889.6216297435764 50.6619078465276 31.549999237060547 AB 6.149043278551843 1.3073335342939383
60388.1632 lsst_hardware_i 909.4840596777624 49.98429977350759 31.25 AB 5.753596642199999 1.2189823394491524
60390.1799 lsst_hardware_z 672.4955010392916 55.88170436641507 30.950000762939453 AB 5.385683814255763 1.1337287215344118
60390.1978 lsst_hardware_r 1057.8481276686798 62.105807720180685 31.6200008392334 AB 5.237268528369014 1.0832926370839695
60393.1876 lsst_hardware_z 1226.186041036291 104.34478233571157 31.729999542236328 AB 7.51976524528838 1.088243884991103
60396.1775 lsst_hardware_r 1941.885363401652 197.68292960212816 32.400001525878906 AB 7.765435292906117 1.0931074455104333
60396.1922 lsst_hardware_i 2374.2865445734965 159.20484350635996 32.09000015258789 AB 7.537439221107975 1.059521959672192
60398.16 lsst_hardware_z 725.2065085825984 73.80008226297316 30.969999313354492 AB 7.106469121469857 1.1275337087163937
60398.1785 lsst_hardware_r 1119.1639242255794 94.93796130252429 31.649999618530273 AB 7.313403630381658 1.077269579512679
60400.1737 lsst_hardware_z 659.6545975707314 55.912031924820226 30.959999084472656 AB 5.731853481346937 1.0757478499220077
60400.1898 lsst_hardware_r 1022.2920754719789 58.816690807903456 31.6299991607666 AB 5.5487178476352925 1.0438750536422792
60402.1489 lsst_hardware_r 755.8818993278886 35.869715818274095 31.479999542236328 AB 7.014507531459235 1.1280970619908708
60402.1662 lsst_hardware_u -2.55183527457685 3.0991318214576653 28.459999084472656 AB 6.744238245612912 1.08050438508638
60414.0717 lsst_hardware_z 512.9543489812453 50.81083656109984 30.920000076293945 AB 14.465085081050152 1.3270720257844175
60414.0901 lsst_hardware_g 64.65428975851846 17.730264918449958 31.43000030517578 AB 12.754853292025546 1.2286728920167176
60416.0704 lsst_hardware_r 337.8418012180843 38.911677718816584 31.530000686645508 AB 19.036608789480894 1.30243512020805
60416.0901 lsst_hardware_i 663.3520791270371 44.26305540422517 31.260000228881836 AB 17.14586314681432 1.2042325570174408
60419.0771 lsst_hardware_z 828.5106723332898 80.25901116941817 31.700000762939453 AB 8.271921940884525 1.2256514951673616
60421.0653 lsst_hardware_z 376.06821943126374 69.77186977856951 30.959999084472656 AB 11.744942379632977 1.2563003276308744
60421.0837 lsst_hardware_r 149.75103372574 89.38571652910962 31.6200008392334 AB 10.75769820518184 1.1746776812821405
60427.0585 lsst_hardware_i 314.29747687419535 71.22543077810825 31.290000915527344 AB 1.9655209823175395 1.2110418868252706
60427.077 lsst_hardware_z 333.3018366243648 65.69024494600828 30.969999313354492 AB 1.8778005966182247 1.139903235502767
60428.0279 lsst_hardware_u 1.163914490291233 2.656991295517775 28.18000030517578 AB 11.653300706795156 1.36256073742124
60428.0451 lsst_hardware_g 21.010187476503635 35.981333784218066 31.59000015258789 AB 10.701332384076133 1.261850371520651
60434.0574 lsst_hardware_u 1.3851830962968195 2.934275356459004 28.489999771118164 AB 10.28645235468592 1.1415333733109323
60434.0776 lsst_hardware_g 11.530922651252006 15.799854957879884 31.450000762939453 AB 9.771669257655295 1.0834537374049495
60444.0545 lsst_hardware_z 143.9401198310743 44.115259969040444 30.940000534057617 AB 6.978547841900916 1.0736227449078333
60444.0756 lsst_hardware_g 18.447246322279224 19.38119356684283 31.530000686645508 AB 6.724321413405131 1.0345109866777125
60446.0692 lsst_hardware_z 145.8941346925479 45.568022686337784 30.959999084472656 AB 9.166778826742917 1.035911269831949
60446.0903 lsst_hardware_r 9.730330863894936 35.894081426491816 31.600000381469727 AB 8.674979836097735 1.0114530371175252
60454.969 lsst_hardware_y 149.99340862554573 56.60919237970408 29.979999542236328 AB 7.346971500811929 1.2742991068965503
60454.9912 lsst_hardware_g 19.389563274182773 80.53551045970325 31.670000076293945 AB 6.760093993776256 1.1733897637242903
60456.9705 lsst_hardware_y 142.05534524537993 50.49102573079719 29.989999771118164 AB 7.953758075643989 1.2390478756309522
60456.9958 lsst_hardware_i 124.22315773178975 32.85739319028198 31.239999771118164 AB 7.297023334186025 1.1375382258366808
60458.968 lsst_hardware_y 11.04438106320706 50.638042161534024 29.989999771118164 AB 11.708991973668796 1.2251103294448127
60458.991 lsst_hardware_g 48.152360767298184 15.458799206044374 31.399999618530273 AB 10.823478282961242 1.135369588058454
60462.9631 lsst_hardware_z 60.01887323132415 45.05775573952173 30.93000030517578 AB 10.96750777327739 1.1985692337333906
60462.9823 lsst_hardware_u 0.7849094728886101 2.8039953642373847 28.34000015258789 AB 10.332800431929996 1.1282402655428567
60464.962 lsst_hardware_y 135.20713181151592 51.30093422756692 30.010000228881836 AB 13.756764635179916 1.1807705969770474
60464.98 lsst_hardware_r 42.66472695419208 23.996654107459452 31.479999542236328 AB 13.306235379398162 1.118515680971627
60482.9597 lsst_hardware_y 70.1791321735899 60.41773913553702 30.059999465942383 AB 9.696322053901346 1.049934711941818
60482.9802 lsst_hardware_z 14.38600158176316 63.56165694450257 30.989999771118164 AB 9.213396858426371 1.0202061649437253
60696.294 lsst_hardware_z -106.89955461301354 56.41999816894531 30.940000534057617 AB 16.300537990719835 1.358774475115224
60696.3105 lsst_hardware_r -31.788614002526067 55.5099983215332 31.59000015258789 AB 15.23273803794185 1.2625036706263189
60698.303 lsst_hardware_z -79.25250702539556 48.209999084472656 30.93000030517578 AB 11.46633326076745 1.2731764559992729
60698.3215 lsst_hardware_g -13.43683444173526 27.950000762939453 31.579999923706055 AB 10.705956458778326 1.1871434545259132
60702.3129 lsst_hardware_u 0.6254180486246228 2.7899999618530273 28.420000076293945 AB 13.939476797363564 1.1779175931522363
60702.3325 lsst_hardware_g -2.283486220871968 15.300000190734863 31.450000762939453 AB 13.222867219110377 1.1116635370847194
60704.3112 lsst_hardware_r 32.48325602486045 24.510000228881836 31.5 AB 12.871857953229407 1.1636279055517689
60704.3294 lsst_hardware_i -25.232102295339153 32.02000045776367 31.260000228881836 AB 12.254088644965107 1.1049674161375236
60706.3142 lsst_hardware_z 67.02767405558275 42.72999954223633 30.940000534057617 AB 12.222613456144689 1.134296641097364
60706.3328 lsst_hardware_r 62.18595608984185 24.010000228881836 31.510000228881836 AB 11.661826538607594 1.0820279314891839
60710.3146 lsst_hardware_i 19.676525816432385 31.700000762939453 31.260000228881836 AB 8.542223151502146 1.100624661169556
60710.3319 lsst_hardware_z 26.807680280367755 41.7400016784668 30.959999084472656 AB 8.193764095912227 1.0599953552279724
60712.3137 lsst_hardware_r 5.8164371564194965 23.56999969482422 31.5 AB 3.6806578258976166 1.0887104417355962
60712.3325 lsst_hardware_u -0.29974491684841725 2.8299999237060547 28.520000457763672 AB 3.367917572865955 1.048542208239712
60717.2952 lsst_hardware_i 165.84908115719813 58.43000030517578 31.309999465942383 AB 4.1275417002912445 1.1014120614519665
60717.3133 lsst_hardware_z 38.450692264377125 54.84000015258789 30.979999542236328 AB 3.9409866022707423 1.0589779933550294
60719.3293 lsst_hardware_z 23.75337397243852 61.34000015258789 30.989999771118164 AB 5.84060297175522 1.0246671880272316
60719.349 lsst_hardware_r -124.80660625425784 85.80000305175781 31.670000076293945 AB 5.601295381614718 1.0065522264724402
60721.319 lsst_hardware_i 93.86528759732671 98.7699966430664 32.09000015258789 AB 4.109888915429138 1.0310163475519944
60721.3389 lsst_hardware_z 22.525303997361235 87.72000122070312 31.739999771118164 AB 4.059131223473455 1.0097341351924116
60725.2249 lsst_hardware_r -59.68895309681752 66.41000366210938 31.59000015258789 AB 3.3876494248989766 1.2972458467239274
60725.2454 lsst_hardware_z -57.62349902117429 58.560001373291016 30.959999084472656 AB 3.13148964232673 1.196976355606828
60728.2115 lsst_hardware_r -9.090525820307038 26.75 31.469999313354492 AB 10.756162454533516 1.3279212906831501
60728.2314 lsst_hardware_y 5.361747384570127 49.529998779296875 29.989999771118164 AB 9.901424924629376 1.2223981388431329
60732.2203 lsst_hardware_i 26.55829781792663 32.47999954223633 31.219999313354492 AB 6.791105392654464 1.2232185270909544
60732.2396 lsst_hardware_z 30.369832117546725 43.060001373291016 30.940000534057617 AB 6.333164629827781 1.146377885750345
60734.2227 lsst_hardware_r 10.399992207960857 23.739999771118164 31.479999542236328 AB 6.292379336504489 1.1892421532775876
60734.2416 lsst_hardware_u 1.7652436773467572 2.7200000286102295 28.420000076293945 AB 5.9384135446351785 1.122184538055843
60739.2157 lsst_hardware_z -41.82679961577359 42.75 30.940000534057617 AB 12.6313652007608 1.1634305241559177
60739.2362 lsst_hardware_r 11.461352932615624 23.170000076293945 31.489999771118164 AB 11.911213222928179 1.0985417189299926
60741.217 lsst_hardware_u -1.237692789737315 2.6500000953674316 28.350000381469727 AB 11.028993066267798 1.1397120043678588
60741.2368 lsst_hardware_g -7.447407172661498 14.300000190734863 31.420000076293945 AB 10.488695005081649 1.0831046327758178
60743.2023 lsst_hardware_r -14.205749818027554 40.66999816894531 31.579999923706055 AB 10.503778415301785 1.1727548054822752
60743.2232 lsst_hardware_i 0.9516914255844842 38.72999954223633 31.270000457763672 AB 9.747940863698945 1.1042071662549777
60750.2141 lsst_hardware_z -82.2608023704217 83.16000366210938 30.989999771118164 AB 9.029739758672193 1.0786501264639872
60750.2341 lsst_hardware_r -73.1958858443411 122.19999694824219 31.65999984741211 AB 8.703793366618667 1.0395485349094673
60752.1729 lsst_hardware_r -47.46087653531573 105.79000091552734 31.6299991607666 AB 8.183416485482965 1.1919332648661891
60752.1909 lsst_hardware_z -13.749315036656165 75.87999725341797 30.989999771118164 AB 7.725433509790403 1.1270053018245623
60756.1641 lsst_hardware_z 9.143156827645456 45.79999923706055 30.950000762939453 AB 5.90821645580931 1.1833394109842728
60756.1811 lsst_hardware_r -56.13898821865925 32.810001373291016 31.56999969482422 AB 5.294136855911331 1.1235236054635418
60760.177 lsst_hardware_i -9.284097367875562 31.469999313354492 31.260000228881836 AB 8.114528032180923 1.1036170140784645
60760.1962 lsst_hardware_z -18.917596267685408 41.619998931884766 30.959999084472656 AB 7.790299028605506 1.0583926402561654
60762.159 lsst_hardware_z -6.889818131790396 42.880001068115234 30.950000762939453 AB 8.366999751285018 1.1419407330810725
60762.1762 lsst_hardware_r -6.00077813205399 23.56999969482422 31.510000228881836 AB 7.83538180143119 1.0912281418826224
60764.1589 lsst_hardware_u 2.4618911789190716 2.819999933242798 28.489999771118164 AB 7.211122878284642 1.124629269851023
60764.178 lsst_hardware_r -3.6003059945459563 23.469999313354492 31.510000228881836 AB 7.295108087744008 1.0737706165187988
60767.1785 lsst_hardware_z 50.54291032661438 58.86000061035156 31.700000762939453 AB 8.65629322763903 1.0556455155657354
60767.1974 lsst_hardware_i -24.1366490819214 43.56999969482422 32.0099983215332 AB 8.410987988226305 1.0257302424666226
60769.1759 lsst_hardware_u -6.727514291494061 2.680000066757202 28.40999984741211 AB 4.862391060394822 1.0503058776098546
60769.1945 lsst_hardware_g -2.9055445186166238 14.4399995803833 31.440000534057617 AB 4.7387819813925205 1.0226115626656622
60771.1492 lsst_hardware_y 63.23525291471069 48.47999954223633 30.020000457763672 AB 12.792093892054508 1.0975627535010304
60771.1673 lsst_hardware_r 23.087935908928742 31.790000915527344 31.56999969482422 AB 14.636577068384986 1.0561824988010289
60773.1503 lsst_hardware_i -90.96275021211585 45.869998931884766 31.299999237060547 AB 8.169834411641014 1.0810234087517054
60773.1697 lsst_hardware_z 10.509849839320081 48.209999084472656 30.969999313354492 AB 8.67931501474237 1.042143087621657
60775.1695 lsst_hardware_z 63.408578062799265 58.560001373291016 30.979999542236328 AB 5.112649953697197 1.0339726210793847
60775.189 lsst_hardware_r 73.77374594560304 77.20999908447266 31.65999984741211 AB 4.991547934920217 1.0116977201473265
60778.0908 lsst_hardware_r 13.156995259003919 154.02000427246094 31.610000610351562 AB 8.866851555076982 1.241638586392716
