data/validation/pwv_sim_epoch_fit_epoch/36797182.ecsv
# %ECSV 0.9
# ---
# datatype:
# - {name: time, datatype: float64}
# - {name: band, datatype: string}
# - {name: flux, datatype: float64}
# - {name: fluxerr, datatype: float64}
# - {name: zp, datatype: float64}
# - {name: zpsys, datatype: string}
# - {name: pwv, datatype: float64}
# - {name: airmass, datatype: float64}
# meta: {SNID: '36797182', alt: 1024.0, c: -0.06328162550926208, dec: -37.544327, lat: -30.244573, lon: -70.7499537, ra: 39.199219, t0: 61624.72265625,
#   x0: 6.057600460814657e-06, x1: 0.9182257056236267, z: 0.5664372444152832}
# schema: astropy-2.0
time band flux fluxerr zp zpsys pwv airmass
61600.407 lsst_hardware_g 30.694167928638972 14.752708798907664 31.389999389648438 AB 6.704370640028072 1.1235747678947665
61600.4296 lsst_hardware_r 177.41043847839396 25.268870002051045 31.489999771118164 AB 7.335432725925414 1.0692660946649777
61605.4333 lsst_hardware_z 327.77885720949706 62.26209638947433 30.979999542236328 AB 3.303171480260647 1.0402324567150705
61607.3474 lsst_hardware_z 467.062495795798 62.561380418665124 30.950000762939453 AB 5.361688455364161 1.2816785152264927
61611.37 lsst_hardware_r 1520.2081007648803 59.79656574572269 31.600000381469727 AB 6.29700503752102 1.144632520150452
61611.3907 lsst_hardware_i 1209.6496549185492 53.47388627891922 31.290000915527344 AB 6.731566751306943 1.0881937845630363
61617.3754 lsst_hardware_g 701.2788666385858 30.229917849392116 31.3799991607666 AB 4.9047854074259565 1.0857300293139915
61617.3956 lsst_hardware_r 1998.629905451228 49.95713363690257 31.479999542236328 AB 4.690499008816162 1.0474734922451652
61626.3697 lsst_hardware_i 1682.096922034104 51.02648122955989 31.25 AB 5.148783473861708 1.049558362545704
61626.3886 lsst_hardware_r 2090.9085562022437 50.58176490164229 31.489999771118164 AB 4.08370470561122 1.0251978340446577
61629.3511 lsst_hardware_g 466.51038075824704 25.512372626254 31.399999618530273 AB 3.3128656618673893 1.067948635121791
61629.3698 lsst_hardware_r 1853.911171156148 49.4550379339369 31.5 AB 3.237842285488862 1.0374928551633202
61631.3614 lsst_hardware_z 1197.1969206796389 59.469074790751684 30.969999313354492 AB 3.64531434043911 1.041518382982603
61631.3808 lsst_hardware_r 2136.6699600818993 62.76688721608464 31.6299991607666 AB 3.491515924215091 1.0198673650401902
61649.4073 lsst_hardware_i 773.9964847563215 41.88863129265295 31.25 AB 0.7743877678706508 1.038285275357297
61649.4186 lsst_hardware_z 813.860186398244 69.65128158858963 30.979999542236328 AB 3.570869274268428 1.0555073353011586
61651.2751 lsst_hardware_z 699.7751302667842 49.333987012939794 30.940000534057617 AB 1.4039291479677758 1.1037178836224653
61651.2938 lsst_hardware_r 572.5272175553345 32.508921468434124 31.479999542236328 AB 1.6716369874953585 1.062706285756744
61653.2732 lsst_hardware_u 7.404238241817639 2.961687687293097 28.34000015258789 AB 2.548878315017388 1.094879001296129
61653.2921 lsst_hardware_g 64.53199759974336 15.074409403630769 31.3799991607666 AB 1.908445560036053 1.0559942232873445
61655.2483 lsst_hardware_g 23.78104450238368 14.799918809523517 31.3700008392334 AB 2.1746793821284744 1.1497115422303528
61655.2655 lsst_hardware_r 454.30042363982454 30.440017736078815 31.479999542236328 AB 2.1174985769942065 1.1003803448783336
61672.251 lsst_hardware_r 153.2935343391752 25.611540801844868 31.489999771118164 AB 4.139699385021166 1.0393855425422236
61672.2674 lsst_hardware_u 1.0778842871731884 2.6618302357476074 28.459999084472656 AB 4.0544023035061345 1.02110998892005
61672.365 lsst_hardware_z 466.6798728309762 47.042408207535274 30.950000762939453 AB 4.2972409929199555 1.072701196435336
61672.3766 lsst_hardware_r 163.5891648273521 29.535358727438147 31.530000686645508 AB 4.151856626601816 1.0988108049760001
61678.2147 lsst_hardware_u -0.1413314190527825 5.294068323523603 29.56999969482422 AB 4.161282862675696 1.0731870696775492
61678.2346 lsst_hardware_g 45.472387835375926 23.7897997959014 32.59000015258789 AB 3.9266394919486034 1.0394122141347721
61680.2128 lsst_hardware_i 220.38358678730697 33.32668913130134 31.239999771118164 AB 3.540935541742139 1.0661454397417054
61680.2345 lsst_hardware_r 153.99215993137577 24.831834126882327 31.489999771118164 AB 3.4383307749732093 1.0325317642561227
61682.348 lsst_hardware_u 5.896823882127119 3.0806880343305956 28.3799991607666 AB 2.616914164131889 1.0956307993016072
61682.3601 lsst_hardware_g 20.930513942414343 13.595849533857475 31.3700008392334 AB 2.66502588941245 1.1279737116587683
61688.244 lsst_hardware_z 883.8583991198587 83.67407114665984 32.15999984741211 AB 2.659298993072903 1.0094131687504695
61688.3022 lsst_hardware_i 195.46738218844163 38.498680090793954 31.280000686645508 AB 2.9098555038897045 1.040162825340377
61689.3186 lsst_hardware_z 315.83703414890647 49.01926888643313 30.950000762939453 AB 4.829873218563597 1.0727290644424874
61689.3302 lsst_hardware_r 134.131884973005 24.76668947506641 31.469999313354492 AB 4.9542308199671465 1.098844238574652
61692.311 lsst_hardware_i 131.5279229951794 70.82590040778649 31.31999969482422 AB 5.396533319971887 1.0739369790988829
61692.3227 lsst_hardware_r 70.91972090289971 86.92528765113539 31.639999389648438 AB 5.52244786006364 1.1005642262723114
61694.3181 lsst_hardware_z 512.4363893634879 93.68164779110188 31.729999542236328 AB 7.770783047490356 1.1027340480343921
61696.3138 lsst_hardware_r -48.26847227402113 66.74383859347311 31.6299991607666 AB 6.8096881155524045 1.1057081807024565
61696.3253 lsst_hardware_i 180.64598736902067 57.050557368975014 31.299999237060547 AB 6.9377883711628545 1.1382753685255662
61698.3148 lsst_hardware_z 248.32813342651568 50.01588594774053 30.950000762939453 AB 1.3221168085801953 1.1232938050808796
61698.3267 lsst_hardware_r 72.54054179395578 48.57381520888119 31.600000381469727 AB 1.3334953397013865 1.160570356572138
61705.1117 lsst_hardware_g -3.9055692368432577 13.399999618530273 31.3799991607666 AB 4.889454171351716 1.1500088211724928
61705.1298 lsst_hardware_r -24.876120098242094 22.309999465942383 31.479999542236328 AB 3.9376651647822953 1.0983724309016165
61709.2889 lsst_hardware_r 4.768206774824876 22.350000381469727 31.469999313354492 AB 4.3148920288203145 1.1354979023211356
61709.2995 lsst_hardware_i -29.242622552121883 31.1299991607666 31.229999542236328 AB 4.032598985420465 1.1704524918984254
61724.2353 lsst_hardware_y -17.10854530080806 52.959999084472656 30.030000686645508 AB 8.008296871284683 1.100494279412489
61724.2468 lsst_hardware_r 18.14967725124358 82.33999633789062 31.6299991607666 AB 8.398635527651635 1.1320441471426925
61726.0265 lsst_hardware_z 64.88259169953648 46.09000015258789 30.93000030517578 AB 4.416166443482242 1.261761840994926
61726.0444 lsst_hardware_i -24.33278611248959 31.18000030517578 31.229999542236328 AB 4.557422146702252 1.1849771572288745
61729.2372 lsst_hardware_r 1.0155159871766481 31.729999542236328 31.549999237060547 AB 5.61192590105734 1.1445513241899465
61729.2494 lsst_hardware_i 2.073927529314525 36.33000183105469 31.25 AB 5.822000615050899 1.1870328833188164
61740.033 lsst_hardware_y 64.56294183182949 52.529998779296875 30.030000686645508 AB 8.111298302065562 1.10145501442556
61740.0505 lsst_hardware_g 8.144313414664765 13.199999809265137 31.3799991607666 AB 8.839587463562072 1.0632811046565047
61740.1809 lsst_hardware_z -29.63408989946233 41.38999938964844 30.940000534057617 AB 8.355397427885903 1.0759292312893884
61740.1929 lsst_hardware_r 15.393895514959945 22.040000915527344 31.469999313354492 AB 8.554630087890184 1.1037520273388166
61744.1845 lsst_hardware_g 0.29340845283906397 13.050000190734863 31.3700008392334 AB 2.7351054331819245 1.1103269688153956
61744.1956 lsst_hardware_i -16.559921901096907 30.84000015258789 31.229999542236328 AB 2.823067826604041 1.1425184283581833
61746.1862 lsst_hardware_z 4.204184337302594 44.970001220703125 30.940000534057617 AB 4.608163734035177 1.1304678389160296
61746.1986 lsst_hardware_r -6.446376137493949 30.649999618530273 31.530000686645508 AB 4.696500389704739 1.170905108378024
61748.0903 lsst_hardware_r -52.39543002838994 53.02000045776367 31.639999389648438 AB 6.302927278214238 1.0079039383089252
61748.103 lsst_hardware_y -51.53299278785419 48.91999816894531 30.059999465942383 AB 6.197952967246556 1.0100143350844828
61756.0872 lsst_hardware_u 3.075676596210136 2.6700000762939453 28.479999542236328 AB 9.806174701283965 1.012598712807913
61756.1004 lsst_hardware_g 8.001025132543457 13.020000457763672 31.40999984741211 AB 9.82767717159635 1.0218536180500493
61760.088 lsst_hardware_r 0.5249821944218896 21.59000015258789 31.489999771118164 AB 3.163759093009918 1.0205674493580381
61760.1002 lsst_hardware_u 2.5454359235943316 2.6600000858306885 28.459999084472656 AB 3.2027365832851493 1.03314083331779
61964.3501 lsst_hardware_z -37.95752507951775 53.880001068115234 30.93000030517578 AB 8.433858697329455 1.399113917937866
61964.3702 lsst_hardware_r 12.4872013406141 53.22999954223633 31.579999923706055 AB 7.76922246723425 1.2802893381875058
61965.4096 lsst_hardware_i 30.639308610272813 42.45000076293945 31.280000686645508 AB 6.64277572797087 1.1181712288803383
61965.4313 lsst_hardware_z 20.978787446816522 47.72999954223633 30.959999084472656 AB 7.335427582968664 1.0672817667639551
61978.3763 lsst_hardware_r -18.271494368015155 22.040000915527344 31.459999084472656 AB 3.248303112487622 1.1121786507033629
61978.398 lsst_hardware_i 4.6765230512629135 29.989999771118164 31.239999771118164 AB 3.095290184121465 1.063125599904333
61979.3772 lsst_hardware_z -91.24775471115956 41.540000915527344 30.93000030517578 AB 3.862182235614142 1.1026930008891198
61979.3981 lsst_hardware_r -4.234694405781336 21.84000015258789 31.479999542236328 AB 3.728148354451968 1.0580059182552586
61986.2194 lsst_hardware_r 74.3754669529137 79.25 31.350000381469727 AB 3.5873029748038974 2.2849063533782785
61986.2421 lsst_hardware_i 76.97972352835676 65.20999908447266 31.170000076293945 AB 2.8814059108043417 1.878667260508762
61994.3661 lsst_hardware_z 0.31288110466529684 47.83000183105469 30.959999084472656 AB 3.2366215937699403 1.0435945703640617
61994.3859 lsst_hardware_i 91.68498108015015 43.97999954223633 31.309999465942383 AB 3.1191244940573135 1.0207394237281564
61995.384 lsst_hardware_z 180.50052592829041 79.98999786376953 32.15999984741211 AB 4.581250836808214 1.020039150973162
62001.4082 lsst_hardware_r 1.6263587639579742 21.690000534057617 31.5 AB 1.8764700528431317 1.0095785793632344
62001.4204 lsst_hardware_z -83.9426002643165 42.9900016784668 30.959999084472656 AB 2.289251979944462 1.015414495428903
62009.2325 lsst_hardware_g 1.4952048772383044 13.300000190734863 31.299999237060547 AB 3.9540728750524154 1.3647283277907556
62009.2561 lsst_hardware_r -7.4914842909254915 22.6299991607666 31.459999084472656 AB 3.2192636548732354 1.2381783287973982
62013.2514 lsst_hardware_z 9.282797176295466 49.36000061035156 30.940000534057617 AB 6.040078367362176 1.2112456619041796
62013.2675 lsst_hardware_r -29.0176198934505 47.95000076293945 31.600000381469727 AB 5.530679400030213 1.1516650378351245
62016.2699 lsst_hardware_i -46.713589604579425 61.91999816894531 31.309999465942383 AB 1.3929999855160708 1.1194749414809035
62016.2879 lsst_hardware_z 20.07899003176953 57.0099983215332 30.969999313354492 AB 1.36178226008695 1.0756573934336098
62016.394 lsst_hardware_i -0.6058604884258267 50.25 31.31999969482422 AB 1.1980968742234577 1.0279681460518728
62016.4047 lsst_hardware_z 27.54719907429179 51.5099983215332 30.969999313354492 AB 1.2422316594201948 1.0412671076447566
62027.2366 lsst_hardware_g -6.0323596136408835 13.319999694824219 31.389999389648438 AB 1.3634855702023538 1.1288689693961809
62027.2548 lsst_hardware_r -13.210309769264054 22.1200008392334 31.489999771118164 AB 2.1796195934861164 1.082234157639581
62031.2473 lsst_hardware_g 19.705138481463006 13.15999984741211 31.389999389648438 AB 1.4832204278385004 1.0749272336067563
62031.2658 lsst_hardware_i 4.332668946972053 29.84000015258789 31.239999771118164 AB 1.6776540829334736 1.0425607972658868
62031.381 lsst_hardware_g -17.788607437506133 13.170000076293945 31.389999389648438 AB 1.8068971418302788 1.0705423966605123
62031.3931 lsst_hardware_i -27.536778338161607 31.270000457763672 31.239999771118164 AB 1.8398897561044243 1.0974042980889571
62033.366 lsst_hardware_r -2.2893360529973865 21.829999923706055 31.479999542236328 AB 5.441431118741334 1.0531122738032386
62033.3772 lsst_hardware_z 31.132602889103268 41.290000915527344 30.940000534057617 AB 6.405838206268624 1.0739041418723594
62035.2514 lsst_hardware_u -1.6874857389414482 2.6700000762939453 28.459999084472656 AB 1.7392928739437499 1.0477667915323794
62035.268 lsst_hardware_g 20.69121264840297 13.270000457763672 31.420000076293945 AB 1.5831789770337323 1.026372108287671
62035.3665 lsst_hardware_r 10.909676811288199 22.299999237060547 31.5 AB 1.6526164293917949 1.0636308475570684
62035.3782 lsst_hardware_u -2.139608619214908 2.7300000190734863 28.459999084472656 AB 1.5231368575484412 1.0879548982488867
62037.3654 lsst_hardware_g 3.105064798955961 13.069999694824219 31.3799991607666 AB 4.390296259519179 1.0721114186860021
62037.3775 lsst_hardware_r -20.604329334218907 22.09000015258789 31.469999313354492 AB 4.174164472790569 1.0993322288098262
62041.1928 lsst_hardware_i -45.78978535572947 38.810001373291016 31.260000228881836 AB 5.1193260086048715 1.1460108591225742
62041.2131 lsst_hardware_z -41.059340428362695 44.939998626708984 30.950000762939453 AB 4.0075442151040575 1.090117433554317
62044.3382 lsst_hardware_r -127.74807907581915 43.33000183105469 31.610000610351562 AB 4.424925961532402 1.0569090672449744
62044.3499 lsst_hardware_z -34.04234596880106 47.63999938964844 30.959999084472656 AB 4.5222272870379685 1.0796555606401452
62046.1134 lsst_hardware_y 18.446330183348717 82.76000213623047 30.670000076293945 AB 5.361645880177393 1.4950216228770365
62046.132 lsst_hardware_r -64.39681111218943 132.82000732421875 32.33000183105469 AB 4.265569611720998 1.361496843830513
62046.1637 lsst_hardware_i 37.72114496322437 124.68000030517578 32.4900016784668 AB 3.7723959756364835 1.2014956527228229
62046.2214 lsst_hardware_r 122.67906870776618 87.88999938964844 31.65999984741211 AB 3.3694621043428117 1.0477183160268926
62048.2131 lsst_hardware_z 14.460127716191804 66.25 30.989999771118164 AB 7.025139452262491 1.0522582965381002
62048.2337 lsst_hardware_r 95.27103238844008 95.9000015258789 31.65999984741211 AB 6.869876963776967 1.0251635088642324
62050.2121 lsst_hardware_i 76.26142743056697 61.529998779296875 31.329999923706055 AB 4.248492255150501 1.045246685019221
62050.233 lsst_hardware_z 91.89425135191516 56.720001220703125 30.989999771118164 AB 4.11576497366803 1.020753946140802
62052.2931 lsst_hardware_i -71.46769446355034 46.41999816894531 31.31999969482422 AB 2.7921938131983493 1.0252539934022886
62052.3034 lsst_hardware_z 22.911102280912004 48.81999969482422 30.969999313354492 AB 2.823756939555375 1.0371608850253895
62054.3315 lsst_hardware_z -34.79224560156612 45.040000915527344 30.950000762939453 AB 4.970615277892531 1.1003631142603423
62054.3421 lsst_hardware_g -56.01149438967779 35.779998779296875 31.639999389648438 AB 4.923668723269333 1.129217068578403
62055.2026 lsst_hardware_z -34.39830285992505 40.900001525878906 30.959999084472656 AB 6.389636114406464 1.0393032066374959
62055.2219 lsst_hardware_r -41.165081463691465 21.959999084472656 31.5 AB 5.602658959659392 1.0186652653926167
62059.1122 lsst_hardware_i -20.839951625853153 32.029998779296875 31.219999313354492 AB 9.821357646773153 1.2734062123052752
62059.1326 lsst_hardware_z -9.674684804853015 43.0099983215332 30.940000534057617 AB 9.242611126152811 1.184443971741148
62059.3177 lsst_hardware_g 21.010087762225922 13.359999656677246 31.389999389648438 AB 7.718824024302144 1.0999915480087286
62059.3294 lsst_hardware_r 13.979307470227512 22.450000762939453 31.469999313354492 AB 7.935631317087757 1.1320444104262135
62064.116 lsst_hardware_r 17.954093057159643 22.8799991607666 31.469999313354492 AB 3.1757700818651875 1.1957716028359664
62064.1359 lsst_hardware_g -15.804533898937992 13.529999732971191 31.399999618530273 AB 3.0330297786409943 1.1279396722354014
62064.3065 lsst_hardware_r -9.762282178071207 22.40999984741211 31.479999542236328 AB 2.5634112008970664 1.1062298849485668
62064.3176 lsst_hardware_i 31.754620420433096 31.020000457763672 31.229999542236328 AB 2.63748770001394 1.1376654349449058
62065.3033 lsst_hardware_z -42.95383844231713 41.810001373291016 30.940000534057617 AB 2.687490495871421 1.105015794087958
