data/validation/pwv_sim_epoch_fit_epoch/36900038.ecsv
# %ECSV 0.9
# ---
# datatype:
# - {name: time, datatype: float64}
# - {name: band, datatype: string}
# - {name: flux, datatype: float64}
# - {name: fluxerr, datatype: float64}
# - {name: zp, datatype: float64}
# - {name: zpsys, datatype: string}
# - {name: pwv, datatype: float64}
# - {name: airmass, datatype: float64}
# meta: {SNID: '36900038', alt: 1024.0, c: -0.04175044968724251, dec: -12.48276, lat: -30.244573, lon: -70.7499537, ra: 179.648438, t0: 60077.1953125,
#   x0: 5.059345744967901e-06, x1: 0.7809874415397644, z: 0.6102041006088257}
# schema: astropy-2.0
time band flux fluxerr zp zpsys pwv airmass
59963.3565 lsst_hardware_u 23.116762216795124 23.850000381469727 29.489999771118164 AB 6.482604259645271 1.0514320427613726
59965.3645 lsst_hardware_r 73.9947084296336 74.66000366210938 31.649999618530273 AB 11.853136958186086 1.0494454867948986
59967.3073 lsst_hardware_z -93.68678476275295 116.80999755859375 31.739999771118164 AB 9.878874428416257 1.0951177195472985
59972.3347 lsst_hardware_u 1.9065271310796739 23.739999771118164 29.489999771118164 AB 12.399602018367643 1.0504724751875218
59972.3521 lsst_hardware_r 103.27984299132473 74.58000183105469 31.649999618530273 AB 12.414093522965262 1.0509507945535577
59974.3299 lsst_hardware_i 28.8484661831951 73.06999969482422 31.329999923706055 AB 11.731431399925064 1.0502859419346955
59974.3486 lsst_hardware_z -35.8701545504439 83.06999969482422 31.0 AB 11.898731691088207 1.0517053754138288
59976.3349 lsst_hardware_r -41.95651472914542 75.31999969482422 31.649999618530273 AB 12.322743954927777 1.049488484450911
59976.3527 lsst_hardware_u -20.8558966500252 24.049999237060547 29.479999542236328 AB 12.411318201942692 1.057452347443358
59978.332 lsst_hardware_g -0.2565687469805271 79.55999755859375 31.729999542236328 AB 9.904825181542435 1.0499072696144196
59978.3509 lsst_hardware_r -49.17305896992367 75.62999725341797 31.649999618530273 AB 11.333627432779837 1.0605721419364094
59980.3194 lsst_hardware_i 58.282524822792325 73.12000274658203 31.329999923706055 AB 6.845889056752292 1.0493392177731902
59980.3379 lsst_hardware_z 137.21638717267936 83.08999633789062 31.0 AB 7.29590643606055 1.054702773554119
59982.326 lsst_hardware_r 83.02450452566478 75.41000366210938 31.649999618530273 AB 3.8969884357760005 1.0513930758872583
59982.3444 lsst_hardware_z -33.87609813314105 84.61000061035156 31.0 AB 5.092990022695646 1.0650334635499137
59984.2795 lsst_hardware_r 18.46720062649909 75.52999877929688 31.649999618530273 AB 5.628166137670555 1.0665465487342345
59984.2982 lsst_hardware_i 1.404384652769707 74.2300033569336 31.329999923706055 AB 5.72403308404716 1.0518252635147374
59986.309 lsst_hardware_z -70.94399838714139 83.11000061035156 31.0 AB 3.9987748933400584 1.049684970032828
59986.3251 lsst_hardware_i 105.94462842524433 73.02999877929688 31.329999923706055 AB 4.025883754406714 1.0572173724807548
59988.2974 lsst_hardware_z -4.5232286588764845 82.80000305175781 31.0 AB 5.981270184218971 1.0493456463542055
59988.3143 lsst_hardware_g -12.31492596551519 78.55999755859375 31.729999542236328 AB 6.005761701653034 1.053642403798778
59990.2991 lsst_hardware_r -28.725128026101643 74.54000091552734 31.649999618530273 AB 4.135631486099577 1.0498747161666118
59990.3166 lsst_hardware_i -92.62534291080921 72.95999908447266 31.329999923706055 AB 4.174107927307689 1.0591942298095214
59992.2984 lsst_hardware_z -21.20529828460856 83.08999633789062 31.0 AB 5.19802500753479 1.051274144511036
59992.3165 lsst_hardware_u 10.343037800527782 23.670000076293945 29.479999542236328 AB 5.253608875011453 1.0643813354742153
59994.3002 lsst_hardware_g 212.19506280184274 79.4000015258789 31.719999313354492 AB 2.681107688198391 1.0550349978154023
59994.319 lsst_hardware_r -114.10324254581833 75.38999938964844 31.639999389648438 AB 2.778118118028432 1.0741877691748407
59996.2757 lsst_hardware_r 17.452083782749536 75.38999938964844 31.649999618530273 AB 5.386586049163042 1.049334944642151
59996.2923 lsst_hardware_i 43.10150685003208 74.43000030517578 31.34000015258789 AB 6.825423385281751 1.0535499552800418
59998.2778 lsst_hardware_z 179.66235510723473 84.62999725341797 31.0 AB 11.181159916783189 1.0499891928802707
59998.2952 lsst_hardware_i -15.944074109927067 74.30999755859375 31.329999923706055 AB 11.710973655940196 1.0595768971671744
60000.275 lsst_hardware_u -16.32473936660927 23.8799991607666 29.5 AB 9.246345669224961 1.0507210987755637
60000.2924 lsst_hardware_g -78.45387479054476 78.22000122070312 31.719999313354492 AB 9.558511330440766 1.0620568144934184
60002.2653 lsst_hardware_r 0.7391896070302585 74.31999969482422 31.649999618530273 AB 6.300512395238278 1.0496771914097203
60002.2836 lsst_hardware_i 128.49302944267765 73.05000305175781 31.329999923706055 AB 6.255433695295439 1.0589865744532654
60004.2654 lsst_hardware_z 72.04006601516608 84.05999755859375 30.989999771118164 AB 4.082962096348057 1.0511809730996928
60004.2833 lsst_hardware_u -26.961685836042648 23.739999771118164 29.459999084472656 AB 4.144027628287824 1.0639124438812582
60006.2675 lsst_hardware_g 15.482037785320408 78.31999969482422 31.719999313354492 AB 6.121180742387013 1.0550728082252823
60006.2863 lsst_hardware_r 1.5639963789524642 74.0999984741211 31.639999389648438 AB 6.280909449621861 1.074271855693567
60009.2389 lsst_hardware_r 41.448015131497144 74.61000061035156 31.649999618530273 AB 8.29750733372217 1.0494317875702712
60009.2569 lsst_hardware_i -10.441237263985277 73.05999755859375 31.329999923706055 AB 8.211750383948237 1.0535989715099099
60011.241 lsst_hardware_z 0.22910163633372918 83.02999877929688 31.0 AB 11.325274162654944 1.0497218571042537
60011.2606 lsst_hardware_i -166.61292938924808 73.01000213623047 31.329999923706055 AB 10.497718123351024 1.060375568015255
60015.2386 lsst_hardware_r -7.725618409346582 75.16000366210938 31.649999618530273 AB 7.789099625052953 1.0525810304125611
60015.2576 lsst_hardware_i 28.340900771498173 74.08999633789062 31.329999923706055 AB 8.530181625451847 1.068855771295445
60019.2268 lsst_hardware_g -3.6832108019653402 78.33000183105469 31.719999313354492 AB 8.773261558456724 1.0521600909602176
60019.2451 lsst_hardware_r 151.37814022256282 74.12999725341797 31.649999618530273 AB 8.880001405903181 1.0669658850412345
60020.2295 lsst_hardware_i -52.44214550235304 73.08000183105469 31.329999923706055 AB 8.685496481565046 1.0552176505363824
60020.2483 lsst_hardware_z -32.14445448216443 82.56999969482422 30.989999771118164 AB 8.905331842362651 1.0745822609867648
60022.2265 lsst_hardware_i -4.075054852991827 73.18000030517578 31.34000015258789 AB 7.133750742454563 1.056969402889886
60022.2459 lsst_hardware_u -25.15376823743169 23.56999969482422 29.469999313354492 AB 7.268937667653106 1.0790777758623897
60025.1956 lsst_hardware_u -8.645167200178202 24.15999984741211 29.5 AB 5.0602569989613935 1.0493922749077178
60025.2146 lsst_hardware_g 81.8492785344737 79.56999969482422 31.729999542236328 AB 6.074751839717767 1.0544155937891546
60027.1995 lsst_hardware_r -18.26993021665886 74.5 31.65999984741211 AB 6.267565303661674 1.0501952586564467
60027.2191 lsst_hardware_i -79.63569166463726 73.25 31.34000015258789 AB 6.284480670633111 1.062465033074077
60029.1596 lsst_hardware_u 1.545483275446645 23.93000030517578 29.479999542236328 AB 8.327874470012015 1.0633025870100992
60029.1773 lsst_hardware_g 161.81361031847524 79.4800033569336 31.719999313354492 AB 7.734579223958561 1.051036720200926
60036.1826 lsst_hardware_i 84.91411549005514 73.05999755859375 31.329999923706055 AB 8.636822235800743 1.0532710043659443
60036.2001 lsst_hardware_z -47.86625624446035 82.97000122070312 31.0 AB 8.762946288773383 1.0686519864357786
60038.1821 lsst_hardware_i -25.646249452609432 72.88999938964844 31.329999923706055 AB 4.833716320888469 1.056434558165986
60038.1993 lsst_hardware_z 59.21924854569326 82.38999938964844 30.989999771118164 AB 4.940251165805758 1.0747854162527486
60040.1673 lsst_hardware_z -38.37149403844058 83.12000274658203 31.0 AB 14.568171315907659 1.051246306531053
60040.1859 lsst_hardware_r -18.088285830300972 74.23999786376953 31.649999618530273 AB 14.766445039822282 1.0648622657981022
60042.1688 lsst_hardware_i -40.822687477285136 73.08000183105469 31.329999923706055 AB 8.84978390721997 1.0548014192157293
60042.1871 lsst_hardware_r 92.78377032962875 74.04000091552734 31.639999389648438 AB 9.04461770301522 1.0730144580937482
60044.1728 lsst_hardware_z -28.47547636491758 115.52999877929688 31.75 AB 5.263841263438112 1.0625794025040767
60051.1105 lsst_hardware_z -75.74084301606193 84.90302287602235 31.0 AB 14.983166619618288 1.0542987453554091
60051.1274 lsst_hardware_r -39.80045749926369 75.67816895617914 31.649999618530273 AB 15.379444701463143 1.049290079925165
60053.1243 lsst_hardware_i 40.44415338239009 74.30473224842093 31.34000015258789 AB 9.57037144684104 1.049430779568625
60053.1429 lsst_hardware_u -2.0104501719289414 23.899736045341548 29.489999771118164 AB 10.049938800868302 1.0577769498861491
60056.1215 lsst_hardware_g 31.541207630377045 80.40071611919129 31.729999542236328 AB 9.608083952752096 1.0505230650286568
60056.1383 lsst_hardware_r 346.52737398520355 78.51224481766096 31.649999618530273 AB 10.809710782400757 1.0608936656182504
60058.1244 lsst_hardware_i 459.8245961617162 76.62138101568972 31.329999923706055 AB 9.518689611987801 1.0543519729716218
60058.1419 lsst_hardware_r 807.9581462608647 78.7059058279036 31.649999618530273 AB 10.436931357861347 1.071003730924715
60062.1116 lsst_hardware_r 1119.8537652153898 81.86094386159118 31.639999389648438 AB 2.439007772881847 1.0532637568224474
60062.1285 lsst_hardware_i 907.6404982412603 78.65906398678345 31.329999923706055 AB 2.2306931695631196 1.0679134299352682
60064.1139 lsst_hardware_z 898.9367412172429 88.05519370304184 31.0 AB 11.179064659010548 1.0586235472547867
60064.1317 lsst_hardware_r 1428.8654812514358 84.11393435919187 31.639999389648438 AB 11.312621157891371 1.0798092070721492
60066.1212 lsst_hardware_z 1554.685599601479 123.40856637376703 31.75 AB 9.546712158008354 1.072513653476574
60068.0419 lsst_hardware_z 870.9909134261749 86.40798946784268 30.989999771118164 AB 11.765155077962175 1.0773951536595399
60068.0595 lsst_hardware_r 1757.4105505918064 85.195303693708 31.649999618530273 AB 11.625409380911249 1.0574963051162445
60070.0835 lsst_hardware_i 1480.7918512494634 82.63552335365567 31.34000015258789 AB 3.7374810636749007 1.0505920066549264
60070.1003 lsst_hardware_r 1884.6305145226502 86.6278820934567 31.649999618530273 AB 3.853143724844541 1.061106705637051
60072.0841 lsst_hardware_z 1152.3932107260594 89.95237423409522 31.0 AB 10.924060127750653 1.0531583129780822
60072.1016 lsst_hardware_g 639.5793038614246 83.28385381040503 31.719999313354492 AB 11.08074719072441 1.068401413260051
60077.0407 lsst_hardware_r 2010.6439689577242 87.85693704865076 31.649999618530273 AB 7.465423694493835 1.0535951020125844
60077.0586 lsst_hardware_i 1604.7326754261303 84.30431283679059 31.34000015258789 AB 7.756471546019466 1.0494126901430023
60080.0282 lsst_hardware_z 1168.5047807857409 89.53667499459682 31.0 AB 5.553419207050469 1.0563856205155924
60080.0467 lsst_hardware_r 1970.457542691844 86.3020074043367 31.649999618530273 AB 5.324707661856749 1.0493068601550717
60085.0394 lsst_hardware_r 1652.5811837416156 84.71838907231452 31.649999618530273 AB 6.958412327704013 1.049798188740903
60085.0633 lsst_hardware_u 16.085103111279697 23.732435871638685 29.479999542236328 AB 7.471370442592812 1.06515759767041
60091.0147 lsst_hardware_z 1039.451672295451 88.2878257568899 31.0 AB 6.094715891997985 1.0494560296165558
60091.0355 lsst_hardware_g 199.86215136957824 79.70053936327858 31.719999313354492 AB 6.137901344494059 1.0551207777719815
60094.9929 lsst_hardware_r 978.9837358083304 81.00062780807765 31.649999618530273 AB 9.563351968065078 1.0528654068586665
60095.0136 lsst_hardware_i 902.8856861660764 79.5054399892969 31.34000015258789 AB 9.339622730069967 1.050133265503281
60099.9644 lsst_hardware_y 147.04706663433564 87.98853153690816 30.059999465942383 AB 12.603719842013563 1.0647131902694982
60099.986 lsst_hardware_z 649.3089575133635 88.0012688104665 30.989999771118164 AB 12.353366945898223 1.050233109109307
60101.9632 lsst_hardware_y 240.7728893159334 88.93475705544328 30.06999969482422 AB 4.623539393843275 1.0604448151015176
60101.9828 lsst_hardware_u -2.659996080245277 24.26430966053355 29.489999771118164 AB 4.735330086307156 1.04972956912166
60110.9532 lsst_hardware_y 187.3602616008365 88.03841754484046 30.06999969482422 AB 10.180664662480925 1.0511062390282127
60110.9736 lsst_hardware_r 394.4479642445538 77.77827546782886 31.649999618530273 AB 9.575585995107097 1.05130908737759
60329.3559 lsst_hardware_g 41.88904644638058 15.960000038146973 31.469999313354492 AB 10.295594295255757 1.0508657322468813
60331.3583 lsst_hardware_i 20.41243991668869 32.15999984741211 31.25 AB 9.34917608660472 1.0493098733539392
60333.3531 lsst_hardware_r -37.03013640559733 48.470001220703125 31.6200008392334 AB 7.623051734209258 1.0492965141893242
60333.3722 lsst_hardware_y 95.37478271763352 60.72999954223633 30.049999237060547 AB 7.431027526348372 1.0552189231081872
60335.3477 lsst_hardware_z -81.56536530023847 64.45999908447266 30.979999542236328 AB 14.68074843465585 1.0492931880177854
60335.3665 lsst_hardware_y -69.72126777882534 57.34000015258789 30.049999237060547 AB 14.751928561670208 1.0550594078138233
60337.3272 lsst_hardware_z -53.743006388805 70.91999816894531 30.989999771118164 AB 12.332893947550108 1.0540934997906075
60337.3452 lsst_hardware_r -21.637668809119322 99.5199966430664 31.649999618530273 AB 12.39043238072595 1.0493326410156432
60339.3362 lsst_hardware_y 166.83963311862658 81.37000274658203 30.799999237060547 AB 11.957459808360566 1.049321859668191
60341.3283 lsst_hardware_r -102.94571488265348 63.5099983215332 31.639999389648438 AB 10.238682782336644 1.0495830632841257
60341.347 lsst_hardware_i 4.637582905037801 56.20000076293945 31.31999969482422 AB 12.42062307570947 1.0531901986186663
60345.3256 lsst_hardware_z -32.55561109563605 42.0 30.950000762939453 AB 6.9261470119986095 1.049575240490781
60345.3444 lsst_hardware_r -17.526403092765374 25.489999771118164 31.520000457763672 AB 7.381165723295165 1.0589907780911383
60349.2523 lsst_hardware_r 9.28754521619158 24.0 31.489999771118164 AB 5.886823723214319 1.1150343258290216
60349.2714 lsst_hardware_u 4.710820092330254 2.7899999618530273 28.459999084472656 AB 5.684219046369575 1.0781902591748083
60353.2946 lsst_hardware_r -10.18495526346447 23.709999084472656 31.510000228881836 AB 5.983505896231864 1.0497378765319059
60353.3126 lsst_hardware_u 0.49602908857100253 2.7899999618530273 28.479999542236328 AB 5.998404341815062 1.0523516389149232
60355.2951 lsst_hardware_g -8.42709833724199 14.949999809265137 31.459999084472656 AB 4.193615897073407 1.0492783729124455
60355.3119 lsst_hardware_r 41.8088971959263 23.760000228881836 31.510000228881836 AB 4.139331526325791 1.0550547645690207
60357.2544 lsst_hardware_i 20.368670891319667 31.690000534057617 31.25 AB 4.794371947396546 1.0713680329377757
60357.2705 lsst_hardware_z -80.20251900433047 42.0 30.950000762939453 AB 4.715558723627318 1.0554267403437063
60360.2743 lsst_hardware_z -16.772487079084495 41.7400016784668 30.950000762939453 AB 2.8687307053983795 1.0499837877380758
60360.2914 lsst_hardware_r 2.3982146825232418 23.950000762939453 31.520000457763672 AB 2.8970426902478104 1.0514309304068994
60361.2793 lsst_hardware_z 0.2379051830905787 49.16999816894531 30.969999313354492 AB 5.401279696919034 1.0493015438405644
60361.2964 lsst_hardware_r 14.704310418044438 43.209999084472656 31.6200008392334 AB 6.8321461922380715 1.0556468158587873
60364.2761 lsst_hardware_i -71.96048617176947 91.5199966430664 31.34000015258789 AB 10.393115683684382 1.0500306310605143
60364.2933 lsst_hardware_z 56.10210440194105 77.70999908447266 30.989999771118164 AB 10.494765307322805 1.059658078772486
60368.2621 lsst_hardware_y 5.381775409759932 58.91999816894531 30.059999465942383 AB 5.744978444805027 1.0494708682852842
60368.2811 lsst_hardware_r 45.6590463107624 101.04000091552734 31.65999984741211 AB 5.816940131787431 1.0585557244464707
60371.2652 lsst_hardware_r -76.2459808169851 45.11000061035156 31.610000610351562 AB 6.157493612342454 1.0532381633256283
60371.2847 lsst_hardware_z -99.56487909933242 47.68000030517578 30.959999084472656 AB 6.2331225691455465 1.0711366293820215
60373.2433 lsst_hardware_u 6.995526770432797 4.579999923706055 28.790000915527344 AB 11.42521430098954 1.0493159415874562
