data/validation/pwv_sim_epoch_fit_epoch/36916023.ecsv
# %ECSV 0.9
# ---
# datatype:
# - {name: time, datatype: float64}
# - {name: band, datatype: string}
# - {name: flux, datatype: float64}
# - {name: fluxerr, datatype: float64}
# - {name: zp, datatype: float64}
# - {name: zpsys, datatype: string}
# - {name: pwv, datatype: float64}
# - {name: airmass, datatype: float64}
# meta: {SNID: '36916023', alt: 1024.0, c: 0.04946773871779442, dec: -34.953865, lat: -30.244573, lon: -70.7499537, ra: 335.917969, t0: 60819.15234375,
#   x0: 4.581663118814147e-06, x1: 0.21851661801338196, z: 0.6359870433807373}
# schema: astropy-2.0
time band flux fluxerr zp zpsys pwv airmass
60808.3554 lsst_hardware_z 844.9579483048286 68.1031266328228 30.950000762939453 AB 8.04274252926355 1.3078693437293356
60808.3745 lsst_hardware_i 1040.8406834581813 72.95430053889498 31.299999237060547 AB 7.440346047864666 1.2133636738201001
60810.3702 lsst_hardware_z 1965.931666592975 93.72159311007907 31.719999313354492 AB 9.276094485809839 1.20841484915291
60814.3682 lsst_hardware_z 2091.6342906809446 90.81930199611632 31.719999313354492 AB 9.629644204737716 1.1730117189463898
60819.4349 lsst_hardware_i 1504.2878528152394 57.47060200236235 31.309999465942383 AB 6.174845238588402 1.0105440554116802
60823.3255 lsst_hardware_u -0.5524305973494799 2.673628786433827 28.280000686645508 AB 9.792736484668463 1.2500700794215367
60824.3666 lsst_hardware_g 192.04872483136083 19.633122121783373 31.43000030517578 AB 9.306244873357535 1.0938014307850277
60824.3887 lsst_hardware_r 1355.6045318203255 42.67386601000392 31.510000228881836 AB 8.530251603371877 1.0479210012127365
60830.3748 lsst_hardware_r 949.3016590004459 39.07190487918439 31.510000228881836 AB 12.498314031142076 1.0438748877592983
60830.3977 lsst_hardware_i 1160.2751938813428 44.944436760102654 31.260000228881836 AB 11.812375238737221 1.01596535908463
60833.3445 lsst_hardware_z 858.3077516745547 51.510480220389425 30.950000762939453 AB 2.5493052937312006 1.0877422672725932
60833.3626 lsst_hardware_r 860.3190400060075 36.9762464856319 31.5 AB 2.4939381710291046 1.0505215547721587
60842.2412 lsst_hardware_i 1093.1112055651474 113.41798637861318 32.0099983215332 AB 10.76009166659725 1.4496912471276664
60842.2637 lsst_hardware_z 1257.2887660412966 102.88323426590222 31.709999084472656 AB 8.590450215706104 1.3015833660160765
60844.2691 lsst_hardware_z 712.802281295038 56.07752219506814 30.940000534057617 AB 6.333917243508696 1.2456081108178108
60844.2915 lsst_hardware_r 358.30265719736417 49.25364561297679 31.59000015258789 AB 5.846075996805614 1.1544003943009278
60847.2425 lsst_hardware_r 281.6323361944427 29.40190674910634 31.440000534057617 AB 3.9028698147625036 1.345971886916625
60847.2655 lsst_hardware_u -0.17054512074887682 2.6276843529532807 28.239999771118164 AB 3.940564642538587 1.2244432976116761
60849.2076 lsst_hardware_u -0.18480539140370136 2.408056628836829 27.959999084472656 AB 4.8523873075849915 1.5751094917501596
60849.2225 lsst_hardware_g -4.781018082378459 14.894130394239454 31.280000686645508 AB 4.624066319422096 1.446527524323909
60860.2717 lsst_hardware_z 693.2202235549765 64.87877530781225 31.700000762939453 AB 7.571297890242197 1.0855685554867538
60860.3062 lsst_hardware_r 308.87983892289145 36.33202329571431 32.2599983215332 AB 7.1585924647596775 1.0256475383811772
60861.2644 lsst_hardware_r 111.2508326506649 37.342041132672726 31.579999923706055 AB 4.30861384266034 1.096804542043434
60861.2835 lsst_hardware_i 223.3643517112653 39.45964679420945 31.280000686645508 AB 4.176091604271174 1.0552347705044718
60863.2635 lsst_hardware_z 635.6297078829587 75.60307744444479 31.719999313354492 AB 1.7241000631662444 1.0855913924858291
60867.2351 lsst_hardware_r 224.57168516968943 115.81167470783556 31.639999389648438 AB 9.407340802852564 1.1334145545605498
60867.2537 lsst_hardware_i 307.14596542497367 94.91222776407935 31.329999923706055 AB 9.40076755384982 1.0829649567156379
60870.2619 lsst_hardware_i 43.54544470988521 79.16269444627936 31.34000015258789 AB 6.524593466478874 1.049982855886526
60870.2816 lsst_hardware_z 315.57239070077117 71.57465242586748 31.0 AB 6.363354667851932 1.0226363467821507
60873.2631 lsst_hardware_g 61.873621264450456 50.93471519748565 32.439998626708984 AB 1.9159489916003736 1.0353682743044441
60873.2933 lsst_hardware_r 162.52741377026484 56.91234436349694 32.369998931884766 AB 1.7972664567030001 1.0072481543263592
60877.16 lsst_hardware_i 120.94809350009805 35.11606214209718 31.209999084472656 AB 7.832733899299825 1.3496956747788327
60877.1802 lsst_hardware_z 101.85018731736679 46.24053042324835 30.93000030517578 AB 7.758617874374234 1.2399735565358034
60879.1636 lsst_hardware_r 54.76636843106641 25.53780851059352 31.459999084472656 AB 7.51990079798564 1.2965346203423518
60879.1823 lsst_hardware_u 2.482041761037952 2.873576900208393 28.34000015258789 AB 6.388983534198691 1.2064170324213501
60881.1667 lsst_hardware_g 8.841483712067614 14.817616727013439 31.3799991607666 AB 7.296410909116414 1.2522802555764891
60881.1861 lsst_hardware_i 141.9111112789726 33.74182031841085 31.229999542236328 AB 6.893364791336303 1.1700029348387666
60883.1679 lsst_hardware_z 163.3801671013319 45.77973156770021 30.93000030517578 AB 3.825046829958567 1.2214093123869827
60883.1889 lsst_hardware_r 51.74990210194521 24.85947254734175 31.479999542236328 AB 3.4623734504525605 1.1414417968524926
60888.1652 lsst_hardware_z 128.18231850695756 45.75772661063896 30.940000534057617 AB 4.782828690206169 1.1766599889799296
60888.1851 lsst_hardware_r 54.59081079916293 27.67083731021487 31.520000457763672 AB 5.100602083289156 1.1117266964448902
60890.1682 lsst_hardware_z 112.47872728774138 48.08720735045643 30.950000762939453 AB 2.590317097520986 1.146665381815399
60890.1865 lsst_hardware_r 165.16727842509476 39.76561558335783 31.59000015258789 AB 2.4575613682167465 1.093586102221269
60894.1589 lsst_hardware_r 125.18357760424018 94.74814760879683 31.639999389648438 AB 3.0953064771854404 1.141337196602301
60894.1769 lsst_hardware_z 357.60043629966174 69.9851313840764 30.989999771118164 AB 3.0590747263612186 1.090320087808442
60896.1544 lsst_hardware_y 207.60061439718675 70.4820808475929 30.030000686645508 AB 4.9115092628018155 1.1382408488532598
60896.1734 lsst_hardware_r 73.28483194045525 145.09001213334355 31.649999618530273 AB 4.101137431762693 1.0856031849017784
60897.1602 lsst_hardware_i 29.02161182228471 115.6718406088782 31.329999923706055 AB 4.855954891070157 1.112645281693307
60897.1779 lsst_hardware_z 201.73393135601802 94.85287034381615 31.0 AB 4.4527426941127395 1.0695138576731962
60899.1525 lsst_hardware_r 33.71072963184021 81.68730248517274 31.639999389648438 AB 3.5764582829492135 1.1190420159415562
60899.1703 lsst_hardware_z 94.2207305675527 62.77045130403127 30.989999771118164 AB 2.927811977932459 1.0740651076148955
60904.1563 lsst_hardware_u -2.0626492518096833 2.859999895095825 28.530000686645508 AB 4.583046337946068 1.0748232499873518
60904.1748 lsst_hardware_g 14.492959526557296 14.680000305175781 31.459999084472656 AB 4.60119184157047 1.0407189297479105
60906.1627 lsst_hardware_r -30.999779153222317 23.579999923706055 31.510000228881836 AB 1.9188419014444367 1.0515642698695364
60906.1804 lsst_hardware_i -57.242560620895595 30.950000762939453 31.270000457763672 AB 2.4794141646974457 1.0258937306520015
60908.1612 lsst_hardware_z 9.003834852177361 41.38999938964844 30.950000762939453 AB 1.8409645801274472 1.0449141501054473
60908.1793 lsst_hardware_u 4.484011320021175 2.7100000381469727 28.440000534057617 AB 1.7660202887427308 1.0211160964109458
60912.0848 lsst_hardware_r -37.66540060273183 24.06999969482422 31.469999313354492 AB 4.683071865450688 1.2392357410560169
60912.103 lsst_hardware_u 0.49444649056931145 2.6500000953674316 28.34000015258789 AB 4.498737761474689 1.1644202825093022
60920.0917 lsst_hardware_r -3.1530753058128402 48.41999816894531 31.610000610351562 AB 3.302883249392847 1.1293839115721822
60932.0679 lsst_hardware_r 10.310602656473085 23.299999237060547 31.489999771118164 AB 1.2873118002413773 1.103725464625751
60932.0873 lsst_hardware_u -0.4315803514482263 2.700000047683716 28.43000030517578 AB 1.3388264513088135 1.0596172942692066
60934.0841 lsst_hardware_r 11.638436372012011 23.06999969482422 31.5 AB 3.799454409982781 1.0554040027729947
60934.1018 lsst_hardware_i -13.748341549106849 30.530000686645508 31.260000228881836 AB 3.7024895171653776 1.028469310323716
60936.0697 lsst_hardware_i 15.291147426319093 30.860000610351562 31.25 AB 1.1865498911275896 1.0731533534467195
60936.0869 lsst_hardware_z -25.47932717576288 41.20000076293945 30.950000762939453 AB 1.5622935242812426 1.041529016187495
60938.0669 lsst_hardware_r -21.61536326180209 23.1200008392334 31.489999771118164 AB 5.967671319415198 1.0675619533837564
60938.083 lsst_hardware_u 3.481346419639036 2.690000057220459 28.43000030517578 AB 5.806005903887898 1.0391681956664793
60940.0709 lsst_hardware_g -2.1450634096475727 14.130000114440918 31.420000076293945 AB 2.6913728834997674 1.0497797692831858
60940.0874 lsst_hardware_i -63.69849612318289 30.420000076293945 31.25 AB 3.3626699710870143 1.0260906182435074
60942.997 lsst_hardware_y -81.67547333295184 50.2599983215332 29.969999313354492 AB 5.585943361983768 1.2543285992477937
60943.0146 lsst_hardware_i -27.404072666209814 32.0099983215332 31.229999542236328 AB 5.1556216191228215 1.1782931365838365
60944.9989 lsst_hardware_z -50.91066578182065 44.400001525878906 30.93000030517578 AB 2.695769515220029 1.2201732869131092
60945.02 lsst_hardware_u -3.34439974763032 2.990000009536743 28.420000076293945 AB 3.536173552021231 1.14021073259498
60946.998 lsst_hardware_y -35.326854726227246 50.68000030517578 30.0 AB 4.549044105428484 1.2007507207149226
60947.0175 lsst_hardware_r -2.441438213565977 29.549999237060547 31.540000915527344 AB 3.8452899367969704 1.1308567601598776
60949.9996 lsst_hardware_y -27.87798955681292 54.279998779296875 30.020000457763672 AB 8.280631629847 1.1631461963963923
60950.0201 lsst_hardware_z -19.79976596467162 53.86000061035156 30.969999313354492 AB 5.479589576701207 1.1001719134054317
60952.0005 lsst_hardware_y -24.621123017573883 60.25 30.020000457763672 AB 2.7549215321826948 1.1414632410120964
60952.0211 lsst_hardware_z 44.86211585974629 71.93000030517578 30.989999771118164 AB 2.6058496922358922 1.0841895952719438
60957.0015 lsst_hardware_y 79.61432774250561 49.029998779296875 30.030000686645508 AB 4.283821314766088 1.0988383518704041
60957.0214 lsst_hardware_r 27.35760534099591 22.809999465942383 31.489999771118164 AB 4.0436057818489655 1.055220715513822
60959.0 lsst_hardware_z -4.380094521020417 43.63999938964844 30.950000762939453 AB 3.8112259704419857 1.0889217058405674
60959.0189 lsst_hardware_g 13.327049672991564 14.1899995803833 31.43000030517578 AB 3.5615548684338507 1.0499866947033758
60960.9999 lsst_hardware_y -26.458155005486937 50.25 30.040000915527344 AB 5.360917350663806 1.076507441690217
60961.018 lsst_hardware_i -41.56713634381197 30.59000015258789 31.25 AB 6.002295960070847 1.0425177525090485
60963.0019 lsst_hardware_y -58.061008363937376 50.22999954223633 30.040000915527344 AB 7.185184852586871 1.0610659393433726
60963.0216 lsst_hardware_r -15.440527469492027 22.809999465942383 31.5 AB 6.967032634664564 1.0297375491559893
60965.0028 lsst_hardware_y -4.310453626197271 50.0 30.049999237060547 AB 7.397766941063062 1.04950232062938
60965.0223 lsst_hardware_g -9.454476036574286 14.100000381469727 31.43000030517578 AB 7.218870543953749 1.022551189001398
61177.3796 lsst_hardware_r 85.02775036375296 41.31999969482422 32.66999816894531 AB 8.410883098063925 1.1542708475059504
61177.4002 lsst_hardware_i -23.081651462119332 54.20000076293945 32.43000030517578 AB 7.973182444494695 1.0934525243590019
61178.3552 lsst_hardware_z 94.61624272380361 43.869998931884766 30.93000030517578 AB 8.704489704000112 1.2419756304531508
61182.3589 lsst_hardware_u -5.042044889963227 2.6700000762939453 28.34000015258789 AB 5.021384756267368 1.1798366438597852
61182.3799 lsst_hardware_g 11.11766830688766 14.6899995803833 31.420000076293945 AB 4.621357045365793 1.1109921577126924
61185.357 lsst_hardware_r -28.12332210606039 23.790000915527344 31.489999771118164 AB 8.574560990047638 1.1569005158598118
61185.3762 lsst_hardware_z -36.17551992421722 42.18000030517578 30.940000534057617 AB 8.660043680748577 1.0989438281902515
61187.3558 lsst_hardware_r -24.515302629361457 23.899999618530273 31.489999771118164 AB 4.148927220495978 1.1425354930683418
61187.3762 lsst_hardware_u -1.605635419788723 2.7200000286102295 28.40999984741211 AB 5.361757740392563 1.0854309915264058
61189.3432 lsst_hardware_z -38.49382529299725 54.849998474121094 30.959999084472656 AB 9.93663056363539 1.1671387843430558
61189.3622 lsst_hardware_r -4.62187999205965 64.30999755859375 31.6299991607666 AB 9.41397722729464 1.107114278283937
61194.3231 lsst_hardware_z -35.25961906857116 62.619998931884766 30.959999084472656 AB 11.337529170921037 1.1916992953274568
61194.3372 lsst_hardware_r -4.329755494531673 84.94999694824219 31.6299991607666 AB 12.089667153983868 1.1408754647442296
61196.3807 lsst_hardware_r -11.274976436586996 75.88999938964844 31.649999618530273 AB 4.748642851224034 1.0323136633095726
61196.4011 lsst_hardware_z -73.49494506423595 61.15999984741211 30.989999771118164 AB 4.6538766218393866 1.011712309095519
61198.3564 lsst_hardware_z 22.396546793619354 51.9900016784668 30.959999084472656 AB 2.457228874693044 1.0632751513169316
61198.3751 lsst_hardware_i -15.26992105476283 50.16999816894531 31.309999465942383 AB 1.1543346852621788 1.0324997184813762
61220.2768 lsst_hardware_z 1.4270171147465929 66.55000305175781 30.979999542236328 AB 2.951902324328165 1.109216467572819
61220.2897 lsst_hardware_r 43.5458526549429 95.80999755859375 31.649999618530273 AB 2.9919082734792357 1.0771946979221365
61223.2768 lsst_hardware_z -116.45240880318426 106.58000183105469 31.739999771118164 AB 8.947346524435128 1.0880988932680167
61225.2664 lsst_hardware_z -16.806576882682105 69.33999633789062 30.979999542236328 AB 7.684779647546048 1.1004983026702058
61225.2863 lsst_hardware_r 87.3257657592077 89.38999938964844 31.649999618530273 AB 7.318638916246865 1.0563855248624228
61231.265 lsst_hardware_i -7.896410907356648 30.770000457763672 31.25 AB 10.327372218972506 1.06588628537233
61231.2846 lsst_hardware_z -83.46157098865022 41.0 30.950000762939453 AB 9.866179393438255 1.0330446894278629
61233.2691 lsst_hardware_i 3.835675181831361 30.469999313354492 31.25 AB 7.950699147545639 1.0482134670462138
61233.2883 lsst_hardware_u 2.4711814234901506 2.690000057220459 28.440000534057617 AB 7.760298491356874 1.0220556873398434
61235.2411 lsst_hardware_u -5.496512052603457 2.640000104904175 28.3700008392334 AB 7.221576785177202 1.0953538699630465
61235.2599 lsst_hardware_g -9.53875270576557 14.1899995803833 31.43000030517578 AB 6.572345649969797 1.0547395225628562
61238.2624 lsst_hardware_u -0.4215554462400906 2.5999999046325684 28.360000610351562 AB 1.9472895378876758 1.0373556980667722
61238.2812 lsst_hardware_g 7.584512541580557 13.979999542236328 31.40999984741211 AB 1.8885256562365782 1.0157914780295356
61242.168 lsst_hardware_i 1.0416183434949908 35.060001373291016 31.219999313354492 AB 8.183721245292821 1.306347255650226
61242.1866 lsst_hardware_z 47.98117186470958 44.439998626708984 30.93000030517578 AB 7.602841921560153 1.2143498344033254
61244.1609 lsst_hardware_r 14.859370003862221 41.40999984741211 31.530000686645508 AB 7.631034351409273 1.315695577829185
61244.1794 lsst_hardware_z 69.99201648522227 47.380001068115234 30.93000030517578 AB 6.567998719380582 1.2219532501173176
61246.1617 lsst_hardware_z 115.2661440363152 53.400001525878906 30.93000030517578 AB 7.244942519158605 1.2811569441482944
61246.1802 lsst_hardware_i 91.43072035930751 49.47999954223633 31.280000686645508 AB 7.022426002737342 1.1954591654657774
61248.165 lsst_hardware_z 85.91632095758544 64.80000305175781 30.959999084472656 AB 3.8431875806545706 1.237741571869427
61248.1837 lsst_hardware_r -35.58628192798255 88.0 31.6299991607666 AB 3.6035142305515473 1.1614872620633512
61251.1585 lsst_hardware_r -50.35825282734371 147.6699981689453 31.610000610351562 AB 6.845411310904196 1.229972385392902
61251.1777 lsst_hardware_i -46.716360928695934 114.7699966430664 31.31999969482422 AB 5.621797582062715 1.1538401317795095
61253.1856 lsst_hardware_r -105.41393431331188 103.80999755859375 31.639999389648438 AB 5.0692498465519344 1.1122874046191846
61253.205 lsst_hardware_z 70.69940465448727 72.77999877929688 30.989999771118164 AB 5.006935118698528 1.065758858811947
