data/validation/pwv_sim_epoch_fit_epoch/36920970.ecsv
# %ECSV 0.9
# ---
# datatype:
# - {name: time, datatype: float64}
# - {name: band, datatype: string}
# - {name: flux, datatype: float64}
# - {name: fluxerr, datatype: float64}
# - {name: zp, datatype: float64}
# - {name: zpsys, datatype: string}
# - {name: pwv, datatype: float64}
# - {name: airmass, datatype: float64}
# meta: {SNID: '36920970', alt: 1024.0, c: -0.14999961853027344, dec: -53.764561, lat: -30.244573, lon: -70.7499537, ra: 101.769234, t0: 62088.06640625,
#   x0: 3.689100228158227e-06, x1: 1.2135788202285767, z: 0.6934511661529541}
# schema: astropy-2.0
time band flux fluxerr zp zpsys pwv airmass
62077.3669 lsst_hardware_z 599.155058606832 79.66607474959831 30.989999771118164 AB 5.340749812876483 1.0910622702505353
62090.3074 lsst_hardware_u 0.5768477654210136 2.653898244913593 28.299999237060547 AB 5.331742116005356 1.0955306200939425
62090.3153 lsst_hardware_z 790.9050711519978 48.99707156168242 30.940000534057617 AB 5.2339285443505785 1.092521385364956
62095.2235 lsst_hardware_i 2180.8831201816092 63.26396872661988 31.969999313354492 AB 3.9278959801716855 1.1947972563259504
62095.2352 lsst_hardware_z 1316.579492272882 70.26904838640542 31.68000030517578 AB 3.8448715500211645 1.1682692781063473
62096.3389 lsst_hardware_u 5.094784404385709 3.0830224151447836 28.420000076293945 AB 5.31901887079313 1.1004866629227164
62096.351 lsst_hardware_g 196.13284563318948 25.9291121380793 31.540000915527344 AB 5.285829204959466 1.1106627641309839
62098.3427 lsst_hardware_r 939.7065218933743 38.03682303097026 31.489999771118164 AB 9.287675659075381 1.1079399159880765
62098.3549 lsst_hardware_i 1056.0736000078714 56.79134498757713 31.290000915527344 AB 9.394952733635312 1.121138375898695
62103.3402 lsst_hardware_g 129.53564189886401 18.06046881811882 31.399999618530273 AB 5.140957862551217 1.119851410456048
62103.3538 lsst_hardware_r 766.5937062484817 43.01501157348758 31.549999237060547 AB 5.228014397760068 1.1389182480052176
62105.3381 lsst_hardware_i 834.4266720318248 48.70143574565212 31.280000686645508 AB 8.094568376389867 1.124089484292441
62105.3497 lsst_hardware_z 657.522411331047 58.01211806913365 30.959999084472656 AB 8.315671894864941 1.1411131499677443
62107.3194 lsst_hardware_z 477.1128550673527 62.51113860695322 30.969999313354492 AB 6.815101330614665 1.1091403122097734
62107.332 lsst_hardware_i 854.6666625534345 68.00418896466101 31.309999465942383 AB 6.894378257370979 1.1232611484866157
62110.3112 lsst_hardware_r 467.66517178507894 63.26322587833179 31.6200008392334 AB 4.816690417525896 1.1091337096370364
62110.3228 lsst_hardware_z 529.7549339771234 56.1243263828974 30.959999084472656 AB 4.846096232422853 1.1219763228391968
62112.3117 lsst_hardware_y 154.25895731821976 50.97978065266449 30.030000686645508 AB 6.191718825515444 1.1152900916568982
62112.3254 lsst_hardware_r 589.484484441125 49.4230349205412 31.600000381469727 AB 6.269091047522972 1.1330365168123508
62114.2892 lsst_hardware_i 595.0615678292057 40.79464210172399 31.260000228881836 AB 10.148061973410432 1.1001205456567218
62114.3021 lsst_hardware_z 413.5217965953636 47.99571923302752 30.950000762939453 AB 11.150011356017448 1.110918510077211
62116.2936 lsst_hardware_r 334.4775991059502 29.117413279640708 31.479999542236328 AB 11.639284172570795 1.1079932259027554
62116.3062 lsst_hardware_g 73.74488665062026 17.630276423350193 31.43000030517578 AB 11.823708964958554 1.121705333065876
62118.2828 lsst_hardware_r 274.3441759117582 27.281703904672742 31.469999313354492 AB 8.655836056957925 1.1034273767554241
62118.295 lsst_hardware_i 442.7988003363199 36.41088676452897 31.239999771118164 AB 8.030557323250656 1.1149422422136233
62122.2896 lsst_hardware_u 1.9863635200748204 2.6943597353914277 28.34000015258789 AB 5.941374391993284 1.1214372200819578
62122.3013 lsst_hardware_g 33.453559189904276 13.269121059500524 31.34000015258789 AB 7.953835835209531 1.137942081435879
62124.2235 lsst_hardware_u -5.4776337196927765 2.967192767176433 28.510000228881836 AB 5.420382643081958 1.0922685426864724
62124.2354 lsst_hardware_g 26.62143117822157 13.99054824254298 31.389999389648438 AB 5.3982535635579465 1.090886847238142
62126.2217 lsst_hardware_r 148.1096745255628 25.390211190800287 31.489999771118164 AB 5.184898157996564 1.0914809117949877
62126.2333 lsst_hardware_i 246.18656437365652 34.29823930494884 31.260000228881836 AB 5.226630481635323 1.0911166239800487
62128.2182 lsst_hardware_z 233.89286464030394 44.36190596341398 30.940000534057617 AB 7.756927632642065 1.0911930459496133
62128.2314 lsst_hardware_r 137.2823907096119 24.891113371892914 31.479999542236328 AB 7.556452354632389 1.0916573757053438
62129.2223 lsst_hardware_z 256.4856595496933 44.37190509298354 30.950000762939453 AB 7.199094338363787 1.0909096105614178
62129.2348 lsst_hardware_r 134.0269271397353 24.76619269723607 31.479999542236328 AB 7.2149033583594075 1.0933052190971853
62131.2222 lsst_hardware_i 199.57489931442112 37.8683687251059 31.270000457763672 AB 5.469932803248163 1.0914761654691214
62131.2364 lsst_hardware_z 234.4586269197748 44.19633630583985 30.940000534057617 AB 5.571588592751624 1.0963377789751327
62133.2208 lsst_hardware_r 144.830503436371 51.58908310557803 31.6200008392334 AB 7.848936686019596 1.092367932364115
62133.2341 lsst_hardware_z 180.65179028994467 50.18789452512199 30.959999084472656 AB 7.883759188182125 1.0980930689019825
62135.2201 lsst_hardware_y 221.89292142939925 52.62316376945282 30.040000915527344 AB 7.290627576715087 1.0939223132012235
62135.2323 lsst_hardware_r 59.735303532748176 73.545496426949 31.639999389648438 AB 7.322479561517737 1.1004352503218946
62137.1975 lsst_hardware_r 125.08428687662115 83.26485575486869 31.639999389648438 AB 7.634262196735096 1.0909018703216145
62137.2114 lsst_hardware_i 185.00258748948858 66.00196111739216 31.31999969482422 AB 7.692186774615 1.0928078135019292
62139.2065 lsst_hardware_z 272.704829059696 54.08607554506447 30.959999084472656 AB 4.1344864339474885 1.0929843193305104
62139.2188 lsst_hardware_r 183.83655172403482 63.98059487312264 31.6299991607666 AB 3.7951013818395016 1.098755466658802
62141.2062 lsst_hardware_z 232.158856426291 48.9267438464469 30.959999084472656 AB 12.554122218037687 1.0949556028378984
62141.2196 lsst_hardware_r 116.98896505683241 47.44645706731174 31.610000610351562 AB 12.892029956508157 1.1031321758836408
62143.205 lsst_hardware_i 120.83568265669741 35.959544831374735 31.260000228881836 AB 8.668719213088727 1.0970747791295583
62143.2176 lsst_hardware_z 276.50957710235303 45.046050148412476 30.950000762939453 AB 9.673603926023581 1.105976058615501
62145.1839 lsst_hardware_r 51.1717067564522 23.104438890086954 31.479999542236328 AB 8.216628073480255 1.091475567678036
62145.197 lsst_hardware_u 3.9807709951820733 2.638341992779746 28.34000015258789 AB 8.243775664537512 1.0957610542141132
62147.1837 lsst_hardware_g 32.382471736349125 13.073242677984297 31.3700008392334 AB 7.4735036062178235 1.092697361827302
62147.1958 lsst_hardware_r 39.04394857900484 22.991637479911777 31.469999313354492 AB 7.477613322671052 1.0980611355154644
62149.1635 lsst_hardware_r 33.23948447109989 22.948209179140264 31.489999771118164 AB 5.403201242132739 1.0909680795799042
62149.1758 lsst_hardware_i 127.65983777532814 31.78077458063713 31.25 AB 5.760473946754724 1.0920502276664101
62153.1608 lsst_hardware_u 2.8287367887290715 2.774183814161826 28.3799991607666 AB 1.469694569303317 1.0912898231321622
62153.1734 lsst_hardware_r 55.058454120114554 22.813293242351925 31.469999313354492 AB 3.345621157181085 1.094950468722332
62157.1648 lsst_hardware_r 52.769906184100684 22.65227025030787 31.469999313354492 AB 13.065466043281512 1.0960501693118168
62157.1783 lsst_hardware_u 4.707279378362285 2.640127598693656 28.329999923706055 AB 12.708347215782684 1.1050736709376248
62159.1601 lsst_hardware_g -7.9328487180778415 17.747654976750667 31.5 AB 8.496679781179552 1.0964400956443061
62159.1746 lsst_hardware_r 67.51859669173783 22.755941072637864 31.469999313354492 AB 9.588145323549858 1.1065904677335734
62161.1564 lsst_hardware_i 54.80533018096069 40.88003912964392 31.290000915527344 AB 8.589310448355645 1.0973949723208951
62161.1694 lsst_hardware_z 137.7225931298621 46.87280728997714 30.959999084472656 AB 8.54246431427605 1.106823570131644
62164.1561 lsst_hardware_r 95.58084962428238 67.70815643216059 31.639999389648438 AB 13.110451235834972 1.102614272308175
62164.1677 lsst_hardware_z 14.122957148696193 54.97228175445549 30.969999313354492 AB 11.837544267262798 1.1131439927840139
62166.1517 lsst_hardware_r -68.02188097067605 85.44625053091625 31.639999389648438 AB 13.269003025639599 1.1034361014239247
62166.1644 lsst_hardware_i -8.694153894265106 67.43110817814345 31.31999969482422 AB 13.392230101817914 1.115492414844483
62168.155 lsst_hardware_z 200.24729543158418 55.89400777147727 30.979999542236328 AB 9.226077613123065 1.1113078310194007
62168.1673 lsst_hardware_i 175.71942603850488 58.027881783344036 31.309999465942383 AB 12.818880222463035 1.1257469239012061
62170.1 lsst_hardware_z 111.97479960814503 46.93523077057484 30.959999084472656 AB 7.9702285944319895 1.0918121362235602
62170.1141 lsst_hardware_r -7.861311880235028 42.784523141708036 31.610000610351562 AB 7.958409591844571 1.0912644274302972
62172.0932 lsst_hardware_u -0.18894455609368777 2.838134158547667 28.5 AB 6.7412623406187775 1.0921150784024372
62172.1057 lsst_hardware_g 5.444674029331306 13.291829442807169 31.389999389648438 AB 6.734284476407724 1.0909846327477681
62174.0969 lsst_hardware_r -1.2535044323280233 21.65999984741211 31.479999542236328 AB 6.005874033682122 1.0909192359558202
62174.1091 lsst_hardware_i -36.583269363384986 30.200000762939453 31.25 AB 6.016039932845633 1.0924681334425046
62178.0891 lsst_hardware_u -0.7419193971202486 2.5999999046325684 28.40999984741211 AB 1.769017887512902 1.0909761871803019
62178.1026 lsst_hardware_r -15.953013067173687 21.59000015258789 31.479999542236328 AB 1.8126284655220983 1.0939218259034993
62180.0846 lsst_hardware_i -34.943338371005204 29.940000534057617 31.239999771118164 AB 3.7243602830024627 1.091041266411873
62180.0971 lsst_hardware_z 29.888880101569956 41.380001068115234 30.950000762939453 AB 3.7341464295582543 1.0939080915630948
62182.082 lsst_hardware_r 56.69586272588116 21.670000076293945 31.479999542236328 AB 1.8796941941929535 1.0913649279231392
62182.0938 lsst_hardware_u 1.8639985204140521 2.609999895095825 28.399999618530273 AB 1.6323311839083594 1.094789526430834
62184.0814 lsst_hardware_g -6.5872991681328 12.600000381469727 31.350000381469727 AB 1.408061930247422 1.0923676728063785
62184.0934 lsst_hardware_r -15.439409602447487 21.579999923706055 31.459999084472656 AB 2.5613732620715863 1.0973003157637726
62186.0824 lsst_hardware_i -26.01964547281327 30.09000015258789 31.25 AB 3.186435457450182 1.094587510073632
62186.0941 lsst_hardware_z -17.04267266663803 41.29999923706055 30.950000762939453 AB 3.7028234723304476 1.1012114415853056
62188.0801 lsst_hardware_r -16.15381725728959 26.59000015258789 31.530000686645508 AB 3.509172359159238 1.0960455052033993
62188.0938 lsst_hardware_g 16.23731921205093 18.850000381469727 31.520000457763672 AB 5.06411817302768 1.1052200290326795
62190.0769 lsst_hardware_r -52.19968755979499 37.459999084472656 31.59000015258789 AB 7.862817361172705 1.0972393749892135
62190.089 lsst_hardware_i 77.65550166818755 37.84000015258789 31.280000686645508 AB 7.279465129588298 1.1057835304512778
62194.0571 lsst_hardware_r -55.629678439952514 72.66000366210938 31.639999389648438 AB 8.554361675905808 1.0932790179443808
62194.0715 lsst_hardware_z -7.326624450350674 55.86000061035156 30.969999313354492 AB 8.574895089662332 1.1006861035443594
62196.0558 lsst_hardware_g 72.03026319824035 90.26000213623047 31.709999084472656 AB 4.231502367936955 1.0948967896854789
62196.069 lsst_hardware_r 97.26582324792076 81.5 31.639999389648438 AB 4.129888772624707 1.1028476594231142
62200.0642 lsst_hardware_r 7.723725367515911 40.5099983215332 32.68000030517578 AB 11.855823710418873 1.1080209075157825
62200.0962 lsst_hardware_g -3.2111604872853428 27.600000381469727 31.600000381469727 AB 11.904006777699001 1.1513135816721312
62202.0466 lsst_hardware_r 29.763047507447958 21.600000381469727 31.459999084472656 AB 7.0616522471037895 1.0986908381553275
62202.0618 lsst_hardware_i 24.144258963309454 30.350000381469727 31.229999542236328 AB 7.18166733441955 1.1109679783044732
62204.0459 lsst_hardware_z -45.43492515078431 58.58000183105469 31.690000534057617 AB 11.846902668188841 1.101909328514251
62204.0584 lsst_hardware_i 22.667489852218793 30.290000915527344 31.239999771118164 AB 11.967105635913594 1.113089699887324
62206.0421 lsst_hardware_u -1.2941612690687612 2.5999999046325684 28.399999618530273 AB 7.905566551119767 1.1031664470426827
62206.055 lsst_hardware_g -7.568773164679983 12.779999732971191 31.3700008392334 AB 7.920648870855367 1.1153225352061067
62208.0464 lsst_hardware_r -17.262183158753658 30.520000457763672 32.209999084472656 AB 11.764631527806593 1.111968953478911
62208.0598 lsst_hardware_i -35.04567481606257 42.790000915527344 31.979999542236328 AB 11.84718108588236 1.12812389327555
62213.0297 lsst_hardware_g -13.688234581587164 12.819999694824219 31.3799991607666 AB 8.626603946341758 1.1089605278752743
62213.0445 lsst_hardware_r -33.61665483922496 21.899999618530273 31.489999771118164 AB 7.80684519222549 1.1258790297412264
62458.358 lsst_hardware_y -85.53916568583765 72.3499984741211 30.040000915527344 AB 4.088560493889885 1.1088624039839954
62461.336 lsst_hardware_i -43.843247037935605 60.7400016784668 31.309999465942383 AB 4.0358917854479435 1.098201846380331
62461.3487 lsst_hardware_z -36.40158962794055 61.880001068115234 30.969999313354492 AB 4.0566844776965745 1.1078288137171475
62466.3402 lsst_hardware_z -2.156898900400078 49.45000076293945 30.950000762939453 AB 5.675836626707856 1.1129091424917366
62466.3515 lsst_hardware_r 21.689263554094953 53.529998779296875 31.610000610351562 AB 5.745161933326299 1.126502339867902
62468.3358 lsst_hardware_y -8.657865846515437 48.59000015258789 30.020000457763672 AB 4.2428261025776 1.1140412505127557
62468.348 lsst_hardware_g -1.172755343157244 36.06999969482422 31.639999389648438 AB 4.303999541413635 1.1292140998068045
62473.3437 lsst_hardware_r 9.055986348587446 24.1200008392334 31.489999771118164 AB 6.926965709348182 1.1436349395189394
62475.3059 lsst_hardware_i -19.868173082963025 30.100000381469727 31.229999542236328 AB 3.4326680575756954 1.1038996835294517
62475.3173 lsst_hardware_z 0.09133173267204676 41.599998474121094 30.93000030517578 AB 3.4639675956005775 1.1147120178921965
62477.302 lsst_hardware_z 24.60785604024362 41.369998931884766 30.940000534057617 AB 4.589461674019485 1.1051842207463842
62477.31 lsst_hardware_r 12.09841012930515 21.59000015258789 31.469999313354492 AB 4.672028651263653 1.1127410252295689
62479.2894 lsst_hardware_u -3.2593061429855807 2.5399999618530273 28.350000381469727 AB 7.526427141594325 1.0998188711535788
62479.3017 lsst_hardware_g -3.641141951578622 12.619999885559082 31.350000381469727 AB 7.354560775678532 1.1098710896670236
62481.2878 lsst_hardware_r -3.269486534163444 21.579999923706055 31.459999084472656 AB 10.347552266510908 1.1025628413970068
62481.3 lsst_hardware_z 43.222468567449184 41.58000183105469 30.93000030517578 AB 9.243879494978598 1.1137204210817588
62485.2791 lsst_hardware_g 11.15434765798064 12.619999885559082 31.360000610351562 AB 9.012405666152382 1.104313753035077
62485.2905 lsst_hardware_r -9.4445184331624 21.59000015258789 31.459999084472656 AB 9.10072931326899 1.1152739402525464
62489.289 lsst_hardware_r -36.81902933541949 68.16999816894531 31.6299991607666 AB 4.901261589871162 1.1269210990105216
62489.3012 lsst_hardware_z -121.27283593911727 54.41999816894531 30.959999084472656 AB 5.591165135673385 1.1456523056498977
62491.2268 lsst_hardware_i -26.945416823055773 64.47000122070312 31.31999969482422 AB 6.43675804838903 1.0909759404049202
62491.24 lsst_hardware_z 14.066688070272532 58.88999938964844 30.979999542236328 AB 6.444125230777721 1.0922246153860544
62495.2296 lsst_hardware_i 8.960958484149883 46.5099983215332 31.299999237060547 AB 7.246466230215852 1.0923634792108967
62495.2432 lsst_hardware_r 82.68204874707986 52.75 31.6200008392334 AB 7.283196895302607 1.0982453222370503
62497.2285 lsst_hardware_z -36.37725090376875 44.79999923706055 30.950000762939453 AB 5.50543432849504 1.0937586825260832
62497.2399 lsst_hardware_g -16.41249567691828 35.68000030517578 31.649999618530273 AB 5.533463602762756 1.0996002986264108
