data/validation/pwv_sim_epoch_fit_epoch/37025308.ecsv
# %ECSV 0.9
# ---
# datatype:
# - {name: time, datatype: float64}
# - {name: band, datatype: string}
# - {name: flux, datatype: float64}
# - {name: fluxerr, datatype: float64}
# - {name: zp, datatype: float64}
# - {name: zpsys, datatype: string}
# - {name: pwv, datatype: float64}
# - {name: airmass, datatype: float64}
# meta: {SNID: '37025308', alt: 1024.0, c: -0.035150837153196335, dec: 0.447628, lat: -30.244573, lon: -70.7499537, ra: 59.0625, t0: 60568.36328125,
#   x0: 7.813150806702984e-06, x1: 0.7711021304130554, z: 0.5099219083786011}
# schema: astropy-2.0
time band flux fluxerr zp zpsys pwv airmass
[from data line 132]
61010.1866 lsst_hardware_z 50.554530613256624 54.849998474121094 30.959999084472656 AB 9.062920132141606 1.1734213934280109
61010.206 lsst_hardware_r 18.501938718903293 61.290000915527344 31.600000381469727 AB 9.294116262899824 1.201333453486696
61012.1841 lsst_hardware_i -62.06881317236028 92.97000122070312 31.309999465942383 AB 7.516445035785585 1.1764578203137608
61012.2017 lsst_hardware_z -42.5259836391863 81.02999877929688 30.979999542236328 AB 7.681001428813997 1.203623543621249
61014.1854 lsst_hardware_r 37.95800566872879 125.2300033569336 31.6200008392334 AB 2.8679307921800365 1.1850137561517955
61014.203 lsst_hardware_z 53.84145186578756 86.20999908447266 30.979999542236328 AB 2.8543353944765513 1.2184562887733636
61016.1546 lsst_hardware_u -0.9006413202491024 16.639999389648438 29.34000015258789 AB 5.263314135091669 1.1643212332909345
61016.1732 lsst_hardware_g -116.84078419855936 74.4000015258789 31.670000076293945 AB 4.7718034876054505 1.176480149804105
61019.1548 lsst_hardware_r 29.0599945499209 23.93000030517578 31.479999542236328 AB 8.741974621460194 1.1677764655971405
61019.1732 lsst_hardware_i 4.3165602232720515 36.540000915527344 31.25 AB 11.517731858123621 1.1871502636697198
61021.1541 lsst_hardware_z -2.791034840031425 43.08000183105469 30.93000030517578 AB 13.770135379384822 1.1712120589754313
61021.1726 lsst_hardware_r 9.093997598731788 23.860000610351562 31.469999313354492 AB 15.17773078843952 1.1950969124755528
61023.1512 lsst_hardware_u -4.2357461738540865 2.690000057220459 28.360000610351562 AB 8.402609345089319 1.1735078167786488
61023.1691 lsst_hardware_r 50.971809199205616 24.0 31.469999313354492 AB 9.109765479160174 1.1986533525210756
61027.115 lsst_hardware_r 10.332925707224073 23.639999389648438 31.479999542236328 AB 4.762310813131578 1.1643791719148113
61027.134 lsst_hardware_u -1.3940776275980329 2.619999885559082 28.309999465942383 AB 3.495077878354392 1.1684338916354007
61029.1136 lsst_hardware_g 1.4790305282058684 20.34000015258789 32.13999938964844 AB 3.9449083555233306 1.1638328276895573
61029.1332 lsst_hardware_r -19.7527968978726 33.38999938964844 32.220001220703125 AB 3.567622462686239 1.1720178918155726
61031.0779 lsst_hardware_r -65.00741368668496 23.649999618530273 31.469999313354492 AB 6.451388591881937 1.1866441309409739
61031.0968 lsst_hardware_i -8.68538685456468 31.81999969482422 31.239999771118164 AB 4.64499762085195 1.1672803537071412
61033.0805 lsst_hardware_z 37.596283690147395 43.04999923706055 30.940000534057617 AB 7.5446728050067895 1.1762514442000591
61033.0995 lsst_hardware_r 15.45081140957252 23.6299991607666 31.489999771118164 AB 7.165224445613075 1.1641937465791692
61035.0825 lsst_hardware_z 85.12803568043059 43.66999816894531 30.93000030517578 AB 11.32985322369578 1.1694728761040236
61035.1025 lsst_hardware_r -8.215549245964006 25.920000076293945 31.5 AB 8.842618089256717 1.164268346182583
61037.0837 lsst_hardware_i 34.451223592860046 39.43000030517578 31.270000457763672 AB 6.270098639188824 1.165662509609464
61037.104 lsst_hardware_z -3.6493985246949956 46.83000183105469 30.950000762939453 AB 6.267814501095921 1.166828638119005
61039.0847 lsst_hardware_r -112.85780897018535 71.19999694824219 31.610000610351562 AB 8.528086049247706 1.1639525100769157
61039.1053 lsst_hardware_z -82.1102135248695 60.91999816894531 30.959999084472656 AB 8.769939312503562 1.1714990231879459
61044.0455 lsst_hardware_z 87.92336734520207 63.470001220703125 30.959999084472656 AB 2.696446586523891 1.1822631092947018
61044.0664 lsst_hardware_i -27.135696809779805 64.93000030517578 31.299999237060547 AB 2.5827690764784226 1.1649837963366816
61047.0469 lsst_hardware_y -185.41276319124665 75.04000091552734 30.75 AB 11.543862820728593 1.171727854316747
61047.0686 lsst_hardware_r -46.16300841578562 33.47999954223633 32.220001220703125 AB 11.498890694605882 1.1640615184476906
61050.0462 lsst_hardware_y -16.283880269361486 54.0099983215332 30.0 AB 10.523758630868256 1.1665844840780668
61050.0678 lsst_hardware_r 24.722692129745887 23.93000030517578 31.479999542236328 AB 10.490778383009006 1.166462886810236
61055.0422 lsst_hardware_y -56.049107699769166 55.45000076293945 30.010000228881836 AB 6.970848005184917 1.1638447291401481
61055.0619 lsst_hardware_z 68.5755183181974 43.45000076293945 30.940000534057617 AB 7.014046140535314 1.171741754182311
61057.042 lsst_hardware_y 27.828044953017198 57.61000061035156 30.020000457763672 AB 3.1793682375973287 1.1641773114600336
61057.0634 lsst_hardware_u 1.3238230461734781 2.7899999618530273 28.420000076293945 AB 3.224704670292507 1.1789433032785046
61059.0417 lsst_hardware_y -7.130684557329528 57.90999984741211 30.010000228881836 AB 4.28240258503844 1.1657554335207343
61059.0615 lsst_hardware_r -23.07792236368448 23.829999923706055 31.459999084472656 AB 4.323213884397306 1.18355044402089
