data/validation/pwv_sim_epoch_fit_epoch/37198268.ecsv
# %ECSV 0.9
# ---
# datatype:
# - {name: time, datatype: float64}
# - {name: band, datatype: string}
# - {name: flux, datatype: float64}
# - {name: fluxerr, datatype: float64}
# - {name: zp, datatype: float64}
# - {name: zpsys, datatype: string}
# - {name: pwv, datatype: float64}
# - {name: airmass, datatype: float64}
# meta: {SNID: '37198268', alt: 1024.0, c: -0.09420198947191238, dec: -15.094787, lat: -30.244573, lon: -70.7499537, ra: 245.917969, t0: 61894.28125,
#   x0: 9.87727481050508e-06, x1: 0.26123642921447754, z: 0.4621987044811249}
# schema: astropy-2.0
time band flux fluxerr zp zpsys pwv airmass
[from data line 133]
62281.1857 lsst_hardware_y 55.25706181285519 53.84000015258789 30.049999237060547 AB 6.6298672432156325 1.0427598683887183
62281.2042 lsst_hardware_r -79.26533179961966 81.7300033569336 31.65999984741211 AB 6.552411415389779 1.035708751345891
62284.1927 lsst_hardware_i -12.79606396026466 134.33999633789062 31.350000381469727 AB 7.856354594717053 1.036071116080232
62284.2124 lsst_hardware_z 19.379758997035335 114.43000030517578 31.010000228881836 AB 7.313229161364039 1.039660114633975
62286.1441 lsst_hardware_z 86.15472498947753 94.01000213623047 31.739999771118164 AB 12.964594588347488 1.077688660710533
62286.1658 lsst_hardware_r 184.04375820971208 127.05999755859375 32.40999984741211 AB 12.594623710937428 1.0479509397534956
62287.1799 lsst_hardware_z -37.782513731088486 55.310001373291016 30.979999542236328 AB 8.131324276568943 1.0372248582905312
62287.1993 lsst_hardware_r 75.94656136841408 67.5199966430664 31.649999618530273 AB 8.095897976811077 1.0374701065946148
62290.1707 lsst_hardware_i 7.0309861644272384 34.61000061035156 31.280000686645508 AB 9.899883277406843 1.03757859950463
62290.1905 lsst_hardware_z 31.088471465555678 43.52000045776367 30.959999084472656 AB 9.93244386548882 1.0372587320801272
62303.1407 lsst_hardware_u 1.6455038085212055 2.819999933242798 28.479999542236328 AB 8.096374196615313 1.0360927607322417
62303.1628 lsst_hardware_g -4.771897150773732 15.470000267028809 31.469999313354492 AB 8.146905473029673 1.040971790197058
62305.1426 lsst_hardware_r 4.106793032103833 24.65999984741211 31.520000457763672 AB 6.073150823209705 1.0357846770681702
62305.166 lsst_hardware_i -85.7619962263635 31.579999923706055 31.260000228881836 AB 6.157997174064312 1.0476941826230894
62307.1448 lsst_hardware_z -20.024984160561804 45.31999969482422 30.959999084472656 AB 3.0692993547955028 1.0375096410575984
62307.1649 lsst_hardware_r -49.56895155122295 38.380001068115234 31.600000381469727 AB 3.133795762839621 1.052138916514897
62309.1361 lsst_hardware_z -44.72305511802123 59.619998931884766 30.979999542236328 AB 2.6978164737380506 1.036525395730689
62309.1567 lsst_hardware_r -34.463834468129555 74.72000122070312 31.639999389648438 AB 2.7548408592731666 1.0492633248041008
62311.1273 lsst_hardware_i 155.5389896351716 161.0399932861328 32.099998474121094 AB 3.7743097553855325 1.035902224615214
62311.1509 lsst_hardware_z -93.17205283016415 135.99000549316406 31.75 AB 3.8297207667615867 1.04892724079918
62313.1101 lsst_hardware_z 44.313435746210374 86.5999984741211 31.0 AB 5.07368052086989 1.0368556922758083
62313.1341 lsst_hardware_r 179.81539391890092 132.22999572753906 31.65999984741211 AB 6.262201669258688 1.0401464445243231
62320.1693 lsst_hardware_r 8.822373531282661 34.380001068115234 32.2400016784668 AB 7.50750103875122 1.1294145757645975
62320.1994 lsst_hardware_i -1.0946502269904705 50.77000045776367 31.989999771118164 AB 8.219561864233027 1.242752020597705
62326.1045 lsst_hardware_u -1.7944619987400183 2.859999895095825 28.520000457763672 AB 3.284803460501372 1.044120616815405
62326.1232 lsst_hardware_r 11.523447208236492 24.270000457763672 31.520000457763672 AB 3.3325017400756014 1.0653777941418163
62329.0512 lsst_hardware_g 8.4765401677012 15.109999656677246 31.450000762939453 AB 8.530188554768529 1.0454409798210895
62329.0721 lsst_hardware_i -25.36497875737395 31.309999465942383 31.260000228881836 AB 8.498512420895658 1.0357829050746339
62331.0534 lsst_hardware_z -92.76975207785915 41.66999816894531 30.950000762939453 AB 7.441517782357785 1.040068641108513
62331.0748 lsst_hardware_r -16.030380635499224 23.920000076293945 31.510000228881836 AB 7.417136098171031 1.0362505609143002
62333.0396 lsst_hardware_u -4.08836035470454 3.049999952316284 28.520000457763672 AB 4.589676605611618 1.04602053572141
62333.0589 lsst_hardware_g 1.8953272384988231 16.360000610351562 31.489999771118164 AB 4.011681166210241 1.0360746813559507
62335.0413 lsst_hardware_r 13.970556576327143 32.439998626708984 31.56999969482422 AB 2.2997223856940314 1.0407553412403219
62335.0635 lsst_hardware_i 59.40079119597755 35.54999923706055 31.270000457763672 AB 2.2673277253608752 1.0361768872088697
62344.0193 lsst_hardware_i 46.40699693931021 56.13999938964844 31.31999969482422 AB 4.6826576829161395 1.0393203158175874
62344.0387 lsst_hardware_z 18.626547055019262 56.220001220703125 30.979999542236328 AB 4.641369450584153 1.0361356067829341
62346.0183 lsst_hardware_r 7.992058768103736 24.420000076293945 31.530000686645508 AB 4.656107728195606 1.037399371290727
62346.0374 lsst_hardware_u 5.861837635697649 2.890000104904175 28.530000686645508 AB 4.6318611448941285 1.0371966959400165
62349.0034 lsst_hardware_g -11.477388178747345 15.5600004196167 31.469999313354492 AB 3.863512724072707 1.0405600423940304
62349.0233 lsst_hardware_i 15.36868536806432 31.600000381469727 31.25 AB 3.7511594330711837 1.0358741962226259
62350.001 lsst_hardware_z -61.30307972359272 41.65999984741211 30.950000762939453 AB 2.772056134199055 1.0403663479823813
62350.0189 lsst_hardware_r -24.743735604565618 24.389999389648438 31.510000228881836 AB 2.712565281591238 1.0357255752543864
62352.9976 lsst_hardware_u -5.693378313164794 2.7300000190734863 28.399999618530273 AB 1.213769220289642 1.0380010435772309
62353.0181 lsst_hardware_g 8.332843953940053 15.649999618530273 31.469999313354492 AB 0.920285921962481 1.0371366513476497
62354.9801 lsst_hardware_z -19.016312576778272 42.79999923706055 30.959999084472656 AB 3.269029111678233 1.0455316988309913
62355.0006 lsst_hardware_r 0.4725157752692653 24.610000610351562 31.520000457763672 AB 3.5751777514264975 1.0358330440175278
62356.9802 lsst_hardware_y -31.932146885675117 48.43000030517578 30.049999237060547 AB 3.5496871840727975 1.041396626381282
62356.9996 lsst_hardware_z 12.941209381985825 41.849998474121094 30.959999084472656 AB 3.5348103605354204 1.0357154029160065
62360.9832 lsst_hardware_y 100.51519885331167 48.09000015258789 30.059999465942383 AB 4.062339659681124 1.0359587707454505
62361.0041 lsst_hardware_u -4.976896001946637 2.990000009536743 28.559999465942383 AB 2.2281203146642543 1.0407724319179077
62362.9691 lsst_hardware_y 61.1498119546631 67.81999969482422 30.06999969482422 AB 4.649944143679638 1.0385134882589921
62362.988 lsst_hardware_i 27.59846123638462 33.93000030517578 31.270000457763672 AB 4.642700752899011 1.0363749657679582
62364.9703 lsst_hardware_y -70.2066321983821 69.66000366210938 30.06999969482422 AB 4.198951243151717 1.0363089736707787
62364.9887 lsst_hardware_r -16.64601199046411 52.900001525878906 31.639999389648438 AB 4.195415357672384 1.0384263085695433
