data/validation/pwv_sim_epoch_fit_epoch/37230530.ecsv
# %ECSV 0.9
# ---
# datatype:
# - {name: time, datatype: float64}
# - {name: band, datatype: string}
# - {name: flux, datatype: float64}
# - {name: fluxerr, datatype: float64}
# - {name: zp, datatype: float64}
# - {name: zpsys, datatype: string}
# - {name: pwv, datatype: float64}
# - {name: airmass, datatype: float64}
# meta: {SNID: '37230530', alt: 1024.0, c: 0.06799576431512833, dec: -0.74606, lat: -30.244573, lon: -70.7499537, ra: 323.085938, t0: 61193.640625,
#   x0: 1.2081926510235683e-05, x1: 1.174984335899353, z: 0.4250742793083191}
# schema: astropy-2.0
time band flux fluxerr zp zpsys pwv airmass
61188.4044 lsst_hardware_i 3004.491717587423 63.118016085251284 31.239999771118164 AB 10.80086098925326 1.1514777174043986
61188.4247 lsst_hardware_y 714.735708645232 55.63081369001146 30.010000228881836 AB 10.15233821346432 1.1540900945564732
61195.3323 lsst_hardware_z 5212.487631778795 120.51239515170897 31.709999084472656 AB 14.933554552123496 1.2380148851501502
61197.4 lsst_hardware_r 4662.28012442857 104.03489356341908 31.6299991607666 AB 5.077687897879715 1.1540199767908441
61197.4246 lsst_hardware_i 3323.9732941013012 89.95509585940701 31.309999465942383 AB 4.4947347981456955 1.1828249468804461
61218.2837 lsst_hardware_i 1823.3138484617723 69.07569848759137 31.290000915527344 AB 8.547161115446944 1.2002753988831545
61218.3072 lsst_hardware_z 1399.1815138639715 65.01778774850877 30.959999084472656 AB 7.805049040231944 1.1619843740110622
61219.3563 lsst_hardware_r 1551.1076542763979 89.0733363045566 31.610000610351562 AB 5.934953226042949 1.1699099597955744
61219.3782 lsst_hardware_z 1234.04559105369 70.92963051107687 30.950000762939453 AB 6.286014175672256 1.2121901733635512
61221.3075 lsst_hardware_z 1298.140533830496 82.23445574349111 30.979999542236328 AB 4.046506145369531 1.154824813176236
61221.3268 lsst_hardware_r 1331.9659207413229 115.37823748459981 31.6299991607666 AB 4.0813353178638465 1.1508876469126612
61224.3004 lsst_hardware_i 1467.5678629756562 100.81862779992439 31.31999969482422 AB 7.4246487104199375 1.1541502736546023
61224.3195 lsst_hardware_z 1210.0694438788883 88.55269793635723 30.979999542236328 AB 7.418561712456734 1.1511164341248683
61226.2998 lsst_hardware_r 989.1040741899993 83.89178820004284 31.6299991607666 AB 5.10997227221464 1.1518026084107882
61226.3179 lsst_hardware_z 1129.4121973837214 71.94901266279106 30.969999313354492 AB 5.128137982448854 1.1525200544889709
61232.2954 lsst_hardware_g 86.1196008525626 18.337435684409375 31.420000076293945 AB 9.836033487837433 1.1506151357358148
61232.3138 lsst_hardware_r 604.8599685704188 34.77315944110903 31.489999771118164 AB 9.909276849304794 1.1615609951125065
61234.295 lsst_hardware_i 1161.7647114150286 45.68332020326715 31.239999771118164 AB 7.027644248423664 1.1520728276104368
61234.3135 lsst_hardware_z 999.7284509169577 53.37248369103543 30.940000534057617 AB 7.121658751923869 1.167485041298995
61236.2634 lsst_hardware_z 1010.9987589632271 52.753639765473245 30.940000534057617 AB 6.173387861272434 1.1570943931910957
61236.2825 lsst_hardware_r 544.0534509548696 33.07200975776941 31.489999771118164 AB 6.207370630111687 1.1503652020221808
61239.2546 lsst_hardware_u -1.4887857428649052 3.1415496342038858 28.350000381469727 AB 2.1840766340458933 1.1575866617442128
61239.2746 lsst_hardware_r 429.9367182197689 31.851991246931046 31.479999542236328 AB 2.1708863197259047 1.1503923972934802
61243.2535 lsst_hardware_i 792.9447967781091 42.120255358956165 31.229999542236328 AB 5.656534831576085 1.1517700814285983
61243.2741 lsst_hardware_z 752.6596143294081 50.79900252450034 30.940000534057617 AB 5.662984859623747 1.1538665792013612
61245.244 lsst_hardware_r 361.27031002092673 49.78156866513025 31.59000015258789 AB 7.188243857105284 1.153626040299432
61245.2642 lsst_hardware_z 584.3845824246877 54.64534149429025 30.950000762939453 AB 6.824502841399288 1.1517824266095391
61247.2454 lsst_hardware_y 252.6989644588376 53.89970987938135 30.010000228881836 AB 11.63944024598275 1.1509194527908584
61247.266 lsst_hardware_r 328.30137347874705 69.74889664129577 31.610000610351562 AB 12.2623812917827 1.1556654899267436
61250.2109 lsst_hardware_r 488.2276290881796 141.54921062784078 31.6299991607666 AB 4.862567995437561 1.1732580517402145
61250.2336 lsst_hardware_i 542.0734584351577 111.38641736350245 31.31999969482422 AB 4.727548906899279 1.1520772284389618
61252.2142 lsst_hardware_z 654.0998865612587 104.13756901497095 30.979999542236328 AB 3.7189898896734768 1.1621843405229615
61252.2332 lsst_hardware_r 416.3119145281785 150.3182624578265 31.6299991607666 AB 3.6819966352810827 1.1506239485253382
61254.2154 lsst_hardware_z 608.8332543603168 71.74005884625207 30.969999313354492 AB 2.062902355237418 1.1562273826645968
61254.2357 lsst_hardware_r 399.10349183024886 91.43780532643159 31.6299991607666 AB 2.0551365196271045 1.150692340216744
61257.2052 lsst_hardware_i 1037.8200752483858 61.08175526024746 32.0 AB 1.928518707021333 1.1578059077574543
61257.2259 lsst_hardware_z 1044.8857510416096 72.21033265949319 31.690000534057617 AB 1.1537553956631064 1.150447858071686
61259.2024 lsst_hardware_r 274.618086595519 29.646058271345982 31.489999771118164 AB 3.248548464927902 1.1557585928765997
61259.2205 lsst_hardware_u -3.561108269344126 2.883077016869325 28.360000610351562 AB 3.666695306659495 1.1504560916151738
61262.2145 lsst_hardware_g 58.14181569777153 16.45005641299185 31.399999618530273 AB 5.163762077130186 1.1508272959951384
61262.2341 lsst_hardware_r 281.44970346502396 29.42262596013699 31.479999542236328 AB 5.39899772639842 1.1639533742370205
61265.1678 lsst_hardware_r 44.97402156391608 24.760000228881836 31.489999771118164 AB 3.5996690337791066 1.1765546768357924
61265.1886 lsst_hardware_i 35.358662821798596 32.45000076293945 31.239999771118164 AB 3.361281259389546 1.1540879860567423
61267.1643 lsst_hardware_z 58.27064967557984 43.52000045776367 30.940000534057617 AB 3.935757855799396 1.1735394277448814
61267.1839 lsst_hardware_r 9.387390423707703 24.6200008392334 31.489999771118164 AB 4.19930106386047 1.153654138423206
61269.1678 lsst_hardware_u 1.1696851565181179 4.019999980926514 29.209999084472656 AB 5.144464473688316 1.1621749973504734
61269.1865 lsst_hardware_r 6.455034433926923 34.880001068115234 32.25 AB 5.083231240095171 1.1506814600958677
61273.1676 lsst_hardware_i -7.403361302276161 38.7599983215332 31.260000228881836 AB 2.003437869580023 1.1536110573397447
61273.1892 lsst_hardware_z -65.89653879406386 46.099998474121094 30.940000534057617 AB 2.0170410926602718 1.1523754100134862
61275.164 lsst_hardware_r 14.99108523971923 57.95000076293945 31.6200008392334 AB 2.516371924187282 1.1526687441404504
61275.1847 lsst_hardware_z -18.37677074223141 52.83000183105469 30.959999084472656 AB 2.1859287415305304 1.152814665481514
61277.1637 lsst_hardware_y 108.14027146071703 57.130001068115234 30.020000457763672 AB 4.120543138948468 1.1508825450931388
61277.1818 lsst_hardware_r -41.43792932948345 92.77999877929688 31.6299991607666 AB 4.42863064868405 1.1541909431024369
61279.1165 lsst_hardware_r -148.4321785135014 161.0500030517578 31.6299991607666 AB 1.747097883699898 1.2017870223215121
61279.1343 lsst_hardware_i 65.84961606759707 128.57000732421875 31.31999969482422 AB 2.3215945696901916 1.1696181550981275
61285.1259 lsst_hardware_z 3.341440351228551 43.09000015258789 30.940000534057617 AB 3.5470819507084888 1.1603779349137109
61285.1441 lsst_hardware_r -0.9404574984793703 33.650001525878906 31.559999465942383 AB 3.5492481249965127 1.150485615882176
61287.1288 lsst_hardware_u -1.7835162631062988 2.700000047683716 28.3700008392334 AB 1.615513494367672 1.153938210262623
61287.1476 lsst_hardware_r 11.524079287018903 24.34000015258789 31.489999771118164 AB 1.611643211270442 1.15117372233603
61298.0884 lsst_hardware_g 7.265229935489336 15.300000190734863 31.440000534057617 AB 1.212590427796532 1.1624129360569797
61298.1067 lsst_hardware_i 15.862368559969134 32.189998626708984 31.25 AB 1.2095033274486986 1.1508119195515687
61300.0904 lsst_hardware_z 69.30103904366084 43.880001068115234 30.940000534057617 AB 1.3195480880418893 1.1558085442702681
61300.1086 lsst_hardware_r 0.5059062265028049 26.700000762939453 31.520000457763672 AB 1.475481962757742 1.1504732653072525
61306.067 lsst_hardware_i -2.5293839097319135 87.69000244140625 31.31999969482422 AB 1.5732773286960773 1.1619478055362462
61306.0862 lsst_hardware_z -179.32990094200014 78.33999633789062 30.979999542236328 AB 1.495738194666537 1.1505678420511822
61308.0672 lsst_hardware_r 92.13803409477958 134.14999389648438 31.6299991607666 AB 5.106183954663767 1.1568155764982528
61308.0861 lsst_hardware_z -105.79502461114447 92.25 30.979999542236328 AB 5.75834955709154 1.1504044665051525
61312.0626 lsst_hardware_z -37.87779006196622 51.11000061035156 30.959999084472656 AB 3.898943957916318 1.152851554676617
61312.0833 lsst_hardware_r -21.90710610401472 55.0 31.610000610351562 AB 3.913327707527914 1.152645553381973
61320.032 lsst_hardware_r -15.134408325027042 24.170000076293945 31.489999771118164 AB 4.467706495168218 1.1588379288867936
61320.0512 lsst_hardware_u -0.9849698833925484 2.759999990463257 28.420000076293945 AB 5.225014788327445 1.150314224960635
61322.0314 lsst_hardware_g 1.114366734138906 14.829999923706055 31.40999984741211 AB 4.433180319327376 1.1550756433891027
61322.0478 lsst_hardware_i -25.094619946415772 32.13999938964844 31.239999771118164 AB 4.079313830075451 1.1503987112443863
61327.0319 lsst_hardware_u 1.2578730166918255 2.859999895095825 28.469999313354492 AB 8.316783626948254 1.1503158543496894
61327.0499 lsst_hardware_g -4.827642045222729 15.329999923706055 31.43000030517578 AB 8.33363527163479 1.1574493432826098
61329.0008 lsst_hardware_z -93.19597018507142 47.0 30.950000762939453 AB 9.097112370631026 1.1657609052205964
61329.0195 lsst_hardware_r -27.4651788198406 26.100000381469727 31.510000228881836 AB 9.007472601149175 1.1515071293070067
61331.0021 lsst_hardware_y -53.424882291061 52.790000915527344 30.020000457763672 AB 6.11281454353143 1.1587175705679442
61331.0201 lsst_hardware_z -42.811647599321304 45.83000183105469 30.950000762939453 AB 6.052353419994128 1.1503459363902115
61333.0035 lsst_hardware_y -66.03401340230772 59.439998626708984 30.030000686645508 AB 3.4484254126648546 1.153769724864168
61333.021 lsst_hardware_z 29.15247538126816 57.47999954223633 30.969999313354492 AB 3.439527620193113 1.1509210708359086
61336.0023 lsst_hardware_y 216.65312787281403 65.08000183105469 30.030000686645508 AB 4.559525130048645 1.150959265442131
61336.0197 lsst_hardware_i -49.154437215198406 78.27999877929688 31.31999969482422 AB 4.508936322280025 1.153623211533843
61338.0036 lsst_hardware_y 53.0192865040765 65.94000244140625 30.030000686645508 AB 4.142921976246277 1.150358972509817
61338.0212 lsst_hardware_r 116.74989997698987 94.80999755859375 31.6299991607666 AB 4.193748181532668 1.1585739848146386
61547.3861 lsst_hardware_i -64.52830163430495 65.83000183105469 31.299999237060547 AB 4.997297785802469 1.1929572179046237
61547.4096 lsst_hardware_z 10.260115931594356 60.290000915527344 30.969999313354492 AB 4.80371113641134 1.1587306753424473
61551.401 lsst_hardware_r -15.161918554291697 76.58000183105469 31.6200008392334 AB 6.423397901930589 1.1568131651934068
61551.4272 lsst_hardware_y -17.411143430709235 58.90999984741211 30.020000457763672 AB 5.865161610462869 1.152291082605625
61553.4079 lsst_hardware_r -17.416120261994603 53.58000183105469 31.610000610351562 AB 10.742940274172524 1.150782718793029
61553.4279 lsst_hardware_y -47.35719233198397 55.63999938964844 30.020000457763672 AB 10.152532504658174 1.155776397456573
61557.359 lsst_hardware_u 0.17591923838821602 3.8399999141693115 29.06999969482422 AB 7.968323969473033 1.1925504500277764
61557.3802 lsst_hardware_y -27.995951067968388 68.97000122070312 30.760000228881836 AB 7.216210534443078 1.1606911831932678
61560.3909 lsst_hardware_g 11.30556326658053 15.100000381469727 31.40999984741211 AB 13.423222003188036 1.1504550580178576
61560.4135 lsst_hardware_r 18.897432928715435 24.459999084472656 31.479999542236328 AB 13.492917334174628 1.1596336499655904
61571.3114 lsst_hardware_z 0.7741096247497725 50.130001068115234 30.940000534057617 AB 14.2062435791375 1.214208852917735
61571.3344 lsst_hardware_r -47.32187870577303 41.58000183105469 31.579999923706055 AB 13.117258479160792 1.1695130598395695
61573.3124 lsst_hardware_z -81.50312138374785 58.310001373291016 30.959999084472656 AB 4.606773186041493 1.1987699931149125
61573.3359 lsst_hardware_r -31.17611429604004 74.73999786376953 31.6200008392334 AB 3.8840261199859407 1.1613174226299359
61575.3119 lsst_hardware_i -26.223345539880594 111.51000213623047 32.060001373291016 AB 3.6676904840573097 1.188493351930371
61575.3374 lsst_hardware_z -61.1683428898296 97.2300033569336 31.729999542236328 AB 2.9777302303459936 1.1554278847620747
61579.3036 lsst_hardware_y -7.604016154539131 61.16999816894531 30.020000457763672 AB 3.084060620495382 1.18359752609529
61579.3274 lsst_hardware_r 58.806105571414776 104.4800033569336 31.6299991607666 AB 3.0521905758507804 1.154820497862573
61584.2299 lsst_hardware_r 58.99526385967711 25.020000457763672 31.440000534057617 AB 8.546868589299335 1.4081088330325524
61584.2617 lsst_hardware_i -44.44870176699169 34.58000183105469 31.239999771118164 AB 7.22600951815305 1.2570616732072344
61586.2834 lsst_hardware_i 32.12553503902907 32.34000015258789 31.239999771118164 AB 4.124381985698974 1.1855930968592268
61586.3084 lsst_hardware_z 77.89276750127298 43.06999969482422 30.940000534057617 AB 4.115252594566279 1.154753446388293
61588.3106 lsst_hardware_r -15.819320065861051 24.18000030517578 31.5 AB 8.958025712126524 1.151232220032286
61588.3246 lsst_hardware_u -1.969063571404379 2.7799999713897705 28.440000534057617 AB 9.02404323790505 1.1516992167493814
61590.3076 lsst_hardware_g 7.845802326280455 14.739999771118164 31.399999618530273 AB 8.032450913595152 1.150671031457619
61590.3291 lsst_hardware_r 13.837595337538248 23.979999542236328 31.479999542236328 AB 8.092923047750176 1.1574822599342343
61595.286 lsst_hardware_i -42.10395655377979 32.15999984741211 31.239999771118164 AB 2.422322325510837 1.153486821671827
61595.3067 lsst_hardware_z 60.10558203422681 43.36000061035156 30.940000534057617 AB 2.01743675450162 1.1521626239301086
61597.1777 lsst_hardware_r 1.2159404797087192 34.61000061035156 31.469999313354492 AB 11.944923358881546 1.5295864979199727
61597.1987 lsst_hardware_g 41.869235683037644 23.34000015258789 31.469999313354492 AB 10.808523216782772 1.3823261315946378
61599.3067 lsst_hardware_r 8.800578482116011 29.790000915527344 31.530000686645508 AB 7.072092884472402 1.1593594892577708
61599.3291 lsst_hardware_i -14.848874917304864 32.34000015258789 31.229999542236328 AB 7.271813264507336 1.192100535165137
61606.2472 lsst_hardware_i -113.92844667650873 119.3499984741211 31.31999969482422 AB 3.372815320184823 1.1599731698446027
61606.2693 lsst_hardware_z -71.2394898769872 100.69000244140625 30.989999771118164 AB 3.257379387606533 1.1504076947224204
61609.2204 lsst_hardware_r 71.13107847676534 84.16999816894531 31.6200008392334 AB 5.792174446161049 1.185989375728297
61609.2407 lsst_hardware_z 22.051400809532318 65.47000122070312 30.969999313354492 AB 5.659777772276365 1.158445337847383
61618.2134 lsst_hardware_z 11.23517616994488 43.279998779296875 30.940000534057617 AB 5.174311768477602 1.16098390527157
61618.2338 lsst_hardware_r 2.981353729242202 24.440000534057617 31.5 AB 5.153737415696572 1.1503878160036989
61621.2192 lsst_hardware_u -0.529839348431245 2.7799999713897705 28.420000076293945 AB 1.6958182093413103 1.151659225359124
61621.2391 lsst_hardware_r -38.63363279464588 24.489999771118164 31.489999771118164 AB 1.8047623914138882 1.1538171921665774
61625.2112 lsst_hardware_r -8.474896805181983 24.469999313354492 31.489999771118164 AB 3.567635004784578 1.1508500015434122
61625.2314 lsst_hardware_u 1.8758751500004718 2.75 28.389999389648438 AB 3.5831963574343773 1.1558697927207668
61628.2053 lsst_hardware_y -1.2508997980373031 50.040000915527344 30.0 AB 8.41456866554714 1.1504873584213393
61628.2242 lsst_hardware_r -40.06807529588123 43.34000015258789 31.579999923706055 AB 7.521749684010305 1.1565991313188577
61648.1123 lsst_hardware_r 4.666066781562315 24.540000915527344 31.469999313354492 AB 3.9743575350924325 1.1890966994392438
61648.1282 lsst_hardware_u -2.0929722019993675 2.6700000762939453 28.31999969482422 AB 5.406482150083272 1.1645208536939844
61650.128 lsst_hardware_g 6.68701942097271 15.130000114440918 31.40999984741211 AB 3.579196493377318 1.1591287828716959
61650.1457 lsst_hardware_i 42.1801149616919 32.18000030517578 31.239999771118164 AB 3.532645480707845 1.1504490275861414
61652.1261 lsst_hardware_z 40.240724045082004 43.099998474121094 30.940000534057617 AB 1.6187098368199264 1.1562213120142333
61652.1456 lsst_hardware_r 3.7383321486890817 24.219999313354492 31.489999771118164 AB 1.6108991160498756 1.1506422257499112
61654.1293 lsst_hardware_y 80.31304409631586 48.9900016784668 30.010000228881836 AB 0.7419192326796419 1.1516014476983187
61654.149 lsst_hardware_g 11.57665019833337 16.649999618530273 31.450000762939453 AB 0.7531619954970359 1.153829177321605
61656.0935 lsst_hardware_g -12.696845559989567 31.8700008392334 31.610000610351562 AB 2.750608660668366 1.1833968137107556
61656.1112 lsst_hardware_r -3.1685392892226085 35.58000183105469 31.559999465942383 AB 2.711128510341304 1.1595103757964091
61673.0686 lsst_hardware_r -16.626295937701 24.100000381469727 31.489999771118164 AB 5.099089057184495 1.1563434251684543
61673.088 lsst_hardware_i 6.012643450632137 31.969999313354492 31.239999771118164 AB 5.76856657807148 1.1506066775848172
61677.0644 lsst_hardware_z 31.74327211534881 43.040000915527344 30.93000030517578 AB 3.911657487753362 1.1524081766925351
61677.0828 lsst_hardware_r -21.397998375329877 23.899999618530273 31.469999313354492 AB 3.887571285144766 1.1521859127599396
61685.0344 lsst_hardware_z -75.96867220889484 45.41999816894531 30.950000762939453 AB 4.501725804124709 1.1574543548486567
61685.0524 lsst_hardware_g -18.688631415375646 29.850000381469727 31.6200008392334 AB 4.935402657194916 1.1503764715789762
61687.028 lsst_hardware_r 117.61245984351241 60.849998474121094 31.6200008392334 AB 4.590658442083827 1.1582334911276766
61687.0454 lsst_hardware_i -19.94635398200638 54.29999923706055 31.299999237060547 AB 3.7825275936992253 1.1504037693723748
61690.0313 lsst_hardware_z 82.97553232092754 80.47000122070312 30.979999542236328 AB 7.077164705714343 1.151507436660439
61690.0492 lsst_hardware_r 31.920330217457977 109.30999755859375 31.6299991607666 AB 6.260045883086383 1.1530399170687557
61691.0429 lsst_hardware_z 10.274746393987193 109.83999633789062 31.729999542236328 AB 5.50930441159416 1.1515703351178475
61693.0006 lsst_hardware_y 8.397895984308636 62.540000915527344 30.020000457763672 AB 7.8146139952441045 1.170509491892021
61693.0181 lsst_hardware_r 45.53689647553758 97.37999725341797 31.6299991607666 AB 7.7100116431577055 1.1536896280053033
61695.0011 lsst_hardware_y -10.933188034800938 52.56999969482422 30.010000228881836 AB 8.253468840757396 1.1631429957614652
61695.018 lsst_hardware_r 33.4524594382879 48.29999923706055 31.600000381469727 AB 8.158604269642268 1.1513965804505142
61697.0029 lsst_hardware_z 16.392359621154835 46.119998931884766 30.940000534057617 AB 4.704897855224643 1.1564681331973723
61697.0204 lsst_hardware_g 26.6809213377734 14.989999771118164 31.40999984741211 AB 4.679454025875016 1.1504025303307188
