data/validation/pwv_sim_epoch_fit_epoch/3728225.ecsv
# %ECSV 0.9
# ---
# datatype:
# - {name: time, datatype: float64}
# - {name: band, datatype: string}
# - {name: flux, datatype: float64}
# - {name: fluxerr, datatype: float64}
# - {name: zp, datatype: float64}
# - {name: zpsys, datatype: string}
# - {name: pwv, datatype: float64}
# - {name: airmass, datatype: float64}
# meta: {SNID: '3728225', alt: 1024.0, c: -0.09222657978534698, dec: -5.529265, lat: -30.244573, lon: -70.7499537, ra: 68.554688, t0: 60639.31640625,
#   x0: 2.806883597988625e-06, x1: 0.7363333702087402, z: 0.775867760181427}
# schema: astropy-2.0
time band flux fluxerr zp zpsys pwv airmass
[from data line 133]
61005.2469 lsst_hardware_z 35.70954866786004 42.779998779296875 30.940000534057617 AB 6.011028071406642 1.1364434216170418
61007.1529 lsst_hardware_r -6.511492346844533 30.420000076293945 31.540000915527344 AB 4.8562904381792045 1.1505525223721709
61007.17 lsst_hardware_g -15.876369529276285 23.1200008392334 31.56999969482422 AB 3.5984559957353186 1.1212471943504316
61010.1911 lsst_hardware_z -1.031131422526264 51.45000076293945 30.959999084472656 AB 8.48528918477651 1.1013777051337263
61010.2104 lsst_hardware_r -13.458961447222062 55.38999938964844 31.6200008392334 AB 8.454950667170758 1.1079257448026678
61012.1889 lsst_hardware_i 37.733269799269415 78.27999877929688 31.329999923706055 AB 7.027947616313114 1.1013947756908684
61012.2066 lsst_hardware_z 14.48757363048245 69.91000366210938 30.979999542236328 AB 7.086556725024312 1.1092198675169895
61014.1914 lsst_hardware_r 107.3659155616509 115.19000244140625 31.649999618530273 AB 2.751238106455149 1.103290244534561
61014.2089 lsst_hardware_z 2.9789213814047866 79.63999938964844 30.989999771118164 AB 2.9216848908626667 1.1168520225008869
61016.1914 lsst_hardware_g 54.449359777198715 77.08000183105469 31.709999084472656 AB 4.546890646629168 1.106120008099751
61016.2104 lsst_hardware_r 73.04514569720628 76.13999938964844 31.6299991607666 AB 4.7677254693988145 1.1259683860660035
61021.1853 lsst_hardware_r 14.098715026754906 23.290000915527344 31.489999771118164 AB 14.123882740235777 1.1121167511996675
61021.2032 lsst_hardware_g -19.115705761011853 14.239999771118164 31.399999618530273 AB 14.432429461423078 1.1364117686159905
61025.1563 lsst_hardware_i 18.451587923150147 31.079999923706055 31.239999771118164 AB 11.229582439463622 1.1017751041418877
61025.1742 lsst_hardware_z 61.82691011934912 42.2599983215332 30.940000534057617 AB 11.449814307228019 1.1119448566129513
61029.1184 lsst_hardware_g 4.630792765952766 14.1899995803833 31.399999618530273 AB 3.658009453270151 1.1117161818220036
61029.1381 lsst_hardware_r 28.07535741557626 23.1299991607666 31.479999542236328 AB 3.386181345423973 1.1014658357075622
61033.1132 lsst_hardware_r -21.80438550480382 23.18000030517578 31.489999771118164 AB 6.834187206985697 1.1070497635505616
61033.1321 lsst_hardware_g 6.364699562131942 14.09000015258789 31.40999984741211 AB 6.870460884490327 1.1014325493151647
61035.1178 lsst_hardware_r 1.7379931619890323 24.600000381469727 31.5 AB 8.230273030555072 1.1022072023509946
61035.1371 lsst_hardware_i -78.45879799090766 31.649999618530273 31.239999771118164 AB 7.690115694105939 1.1047032780184507
61037.1224 lsst_hardware_z -26.517019915809595 44.40999984741211 30.950000762939453 AB 5.884265953822509 1.101578649701647
61037.1431 lsst_hardware_i -40.89727726479276 36.34000015258789 31.270000457763672 AB 6.8259743094390855 1.1135811916373
61039.089 lsst_hardware_r 28.72105662290117 58.939998626708984 31.6200008392334 AB 8.262445730840586 1.1137748258285913
61039.1097 lsst_hardware_z 78.57064023746523 52.779998779296875 30.959999084472656 AB 8.071284672181417 1.1016061516592728
61041.0925 lsst_hardware_y -26.6912659139708 55.709999084472656 30.030000686645508 AB 7.662172934557078 1.106281628307736
61041.1131 lsst_hardware_r 26.54802159957694 88.62000274658203 31.639999389648438 AB 7.636447511564165 1.1018681329817688
61044.0885 lsst_hardware_i -41.20450137886147 72.11000061035156 31.31999969482422 AB 2.5390840064773177 1.1039495680336164
61044.109 lsst_hardware_z -19.8475145526186 65.51000213623047 30.979999542236328 AB 2.537102008486056 1.103087829776546
61047.085 lsst_hardware_r 3.9857473388235873 22.84000015258789 31.489999771118164 AB 9.698735567450417 1.1022125427059342
61047.107 lsst_hardware_g -1.0863358478108471 24.34000015258789 31.59000015258789 AB 9.710424316719573 1.1062648748778612
61050.084 lsst_hardware_r -14.430319239228751 23.0 31.489999771118164 AB 9.341165355061044 1.1013252400814746
61050.1055 lsst_hardware_i 15.32527792606729 31.170000076293945 31.25 AB 9.44008604684033 1.1115246289759502
61055.047 lsst_hardware_y 57.41547477372182 51.58000183105469 30.030000686645508 AB 6.594714052001848 1.1120934320407838
61055.0668 lsst_hardware_z 47.83368542808716 41.91999816894531 30.940000534057617 AB 6.560214670740734 1.1014926198616017
61057.0479 lsst_hardware_y 55.31246394426512 49.619998931884766 30.030000686645508 AB 3.0422655073531746 1.1068821201939953
61057.0694 lsst_hardware_u 5.6841913425760024 2.7100000381469727 28.440000534057617 AB 3.0653768484311326 1.1018608369630316
61059.0461 lsst_hardware_y 49.712875303853636 49.630001068115234 30.030000686645508 AB 3.9825895546074315 1.1046639080805578
61059.0659 lsst_hardware_r -28.53289209218549 22.5 31.469999313354492 AB 4.043172133312479 1.1023576125178807
61061.048 lsst_hardware_z 72.27781718244674 69.5199966430664 31.709999084472656 AB 13.144354084465041 1.1019054037065945
61063.0372 lsst_hardware_y -68.38199857691181 60.189998626708984 30.040000915527344 AB 9.442718199897609 1.1036800015464536
61063.0569 lsst_hardware_g 14.904944917904183 14.640000343322754 31.40999984741211 AB 7.950419766460075 1.1029994126609248
61065.0372 lsst_hardware_y -102.60787308783932 58.4900016784668 30.040000915527344 AB 7.4753212667673345 1.101877597361602
61065.0574 lsst_hardware_i -2.9939907268752752 33.439998626708984 31.25 AB 7.6184109635036625 1.1059741784159876
61067.0363 lsst_hardware_y -9.782683278830982 61.060001373291016 30.030000686645508 AB 12.05579818704765 1.1013213934574588
61067.0545 lsst_hardware_i -147.26293663673195 46.13999938964844 31.290000915527344 AB 12.627915441099281 1.1077118807981825
61069.0342 lsst_hardware_y 124.01299717498277 66.41999816894531 30.049999237060547 AB 13.962694475368494 1.1014629018552828
61069.0532 lsst_hardware_z 43.32753000119616 58.36000061035156 30.969999313354492 AB 14.063977604656586 1.1111327508155946
