data/validation/pwv_sim_epoch_fit_epoch/37306932.ecsv
# %ECSV 0.9
# ---
# datatype:
# - {name: time, datatype: float64}
# - {name: band, datatype: string}
# - {name: flux, datatype: float64}
# - {name: fluxerr, datatype: float64}
# - {name: zp, datatype: float64}
# - {name: zpsys, datatype: string}
# - {name: pwv, datatype: float64}
# - {name: airmass, datatype: float64}
# meta: {SNID: '37306932', alt: 1024.0, c: 0.06481516361236572, dec: -44.597992, lat: -30.244573, lon: -70.7499537, ra: 155.2686, t0: 62886.87109375,
#   x0: 5.790114934605848e-06, x1: -0.1202797070145607, z: 0.5776827335357666}
# schema: astropy-2.0
time band flux fluxerr zp zpsys pwv airmass
62863.3425 lsst_hardware_r 103.67486509060778 24.32439555469878 31.5 AB 5.80670688526791 1.0367885165934847
62863.354 lsst_hardware_y -0.8152444352739939 55.85046992951908 30.059999465942383 AB 5.823859571263815 1.0333626327837613
62865.3436 lsst_hardware_r 194.61724778418304 27.18419577069215 31.5 AB 9.188757758971578 1.0344108474689713
62865.3552 lsst_hardware_y 143.66235189572535 60.956948299172225 30.059999465942383 AB 9.131248658303074 1.0329564183263122
62866.3442 lsst_hardware_g 76.824546289009 16.007495144647486 31.420000076293945 AB 6.045731947423878 1.033635142319008
62866.3573 lsst_hardware_z 320.2736714260099 56.510004697397186 30.979999542236328 AB 6.053901560256571 1.0333829121347977
62870.3392 lsst_hardware_r 663.6027057282168 34.402808341616485 31.489999771118164 AB 2.8143275709870785 1.0329702958293554
62870.352 lsst_hardware_y 82.60289721235652 51.792582732900264 30.049999237060547 AB 2.8235465831437985 1.0346451385649684
62874.3372 lsst_hardware_z 833.9475797692772 63.21671297229405 30.979999542236328 AB 9.08336646803966 1.033688620139556
62874.352 lsst_hardware_y 242.4307430562068 55.43407464128252 30.059999465942383 AB 9.048909945278835 1.0394673700350936
62879.3458 lsst_hardware_y 1191.6493471930385 77.68356836823274 30.799999237060547 AB 4.376975670610588 1.0445827144371156
62881.3293 lsst_hardware_r 1943.8932808144743 64.58621086130736 31.6299991607666 AB 6.194620532715997 1.037537983873377
62881.3425 lsst_hardware_i 1732.9048414792187 59.69931498531669 31.299999237060547 AB 5.6495806519695835 1.046347817996589
62883.326 lsst_hardware_z 1249.8677202918702 55.3432669331139 30.959999084472656 AB 2.767511342342036 1.0386606651687205
62883.3379 lsst_hardware_r 2029.9599787630373 53.251873321470924 31.56999969482422 AB 2.4082998439685315 1.0470868886819702
62885.3312 lsst_hardware_u -1.997174138673781 3.0574136429415875 28.540000915527344 AB 6.903800397930058 1.0460303633227361
62885.3437 lsst_hardware_r 1909.6238772522504 49.175714434552575 31.5 AB 6.5204561339006055 1.0586588229848095
62889.3365 lsst_hardware_r 1902.413888809398 47.637882598139434 31.489999771118164 AB 10.056777349233954 1.063280982130311
62889.3486 lsst_hardware_u -0.31736486020039145 2.8229745315404364 28.479999542236328 AB 10.081636327160028 1.0811696106769715
62891.277 lsst_hardware_r 1723.8744118657044 46.48890904438565 31.489999771118164 AB 9.635642779547835 1.0334606677860463
62891.2896 lsst_hardware_u -0.745375437759929 2.7218907463659265 28.459999084472656 AB 9.624035151142616 1.0334811835101738
62893.2763 lsst_hardware_r 1592.799828182046 45.374795290571484 31.5 AB 11.889992600751336 1.0329842113536825
62893.2873 lsst_hardware_i 1666.9274877598355 49.43619086516865 31.25 AB 11.914441630110778 1.0341349947294787
62895.2751 lsst_hardware_z 1140.7366391114065 53.660464205902784 30.950000762939453 AB 11.588837684327256 1.033057379597723
62895.2872 lsst_hardware_r 1408.4859064929099 43.9284689622514 31.5 AB 11.604692268876459 1.0358403667602725
62897.2642 lsst_hardware_r 1387.5503042706607 42.57805849131455 31.510000228881836 AB 11.853380154162457 1.0330493271112606
62897.2756 lsst_hardware_u 6.289602731892457 2.795585792496071 28.56999969482422 AB 11.86588674158015 1.0339515731689488
62906.2313 lsst_hardware_z 1066.0593353644356 72.0153327694273 30.989999771118164 AB 5.501634720455501 1.0345307860954258
62906.2434 lsst_hardware_i 943.1967809261248 80.81150717172484 31.34000015258789 AB 5.520061756914785 1.0329779041726823
62910.2684 lsst_hardware_y 629.1582985594002 72.94365325025777 30.799999237060547 AB 5.593403708758045 1.0510130201383696
62912.255 lsst_hardware_r 507.4383608397325 36.557674841734794 31.559999465942383 AB 3.547683322231436 1.0440504185495691
62912.2664 lsst_hardware_i 710.4734307204328 42.40690249567722 31.260000228881836 AB 3.410572567889766 1.0545988150555863
62917.2455 lsst_hardware_u 0.9881863878657932 2.9364397017883492 28.489999771118164 AB 3.456674218399882 1.0474770358787522
62917.2558 lsst_hardware_r 335.7653894658985 28.391434474894357 31.5 AB 2.8650091723119644 1.0580448719069235
62919.1908 lsst_hardware_u 2.987925676378826 2.801592116933157 28.440000534057617 AB 8.295124015807652 1.0362967902731959
62919.2019 lsst_hardware_g 6.370935968625258 14.417773243958143 31.40999984741211 AB 8.272080530378075 1.0332781609332649
62921.1901 lsst_hardware_r 268.6810241061451 26.914027646477482 31.489999771118164 AB 9.94258488235244 1.034608208361336
62921.2022 lsst_hardware_z 660.0394694624212 47.51234883371163 30.950000762939453 AB 10.097360850558687 1.032978092128766
62923.1918 lsst_hardware_r 167.31014983069616 26.42056970818416 31.489999771118164 AB 7.186570402590249 1.0331841142350098
62923.2045 lsst_hardware_u -2.7537293845002795 2.7625125177591032 28.459999084472656 AB 7.166221483275318 1.0339375967790099
62925.1797 lsst_hardware_g 14.057796032975077 13.803789231418005 31.389999389648438 AB 6.395554970858169 1.0344609738549404
62925.1916 lsst_hardware_r 212.71601727807473 25.891789119260324 31.479999542236328 AB 6.362347718642211 1.03298839972543
62927.1842 lsst_hardware_i 317.68776540580967 37.243968591376365 31.260000228881836 AB 4.002962174459343 1.032978067470477
62927.1963 lsst_hardware_z 559.3301309436534 46.67108327650576 30.950000762939453 AB 4.024777767079963 1.0346472408945921
62929.1839 lsst_hardware_r 212.20289625304514 47.12295962171562 31.6200008392334 AB 6.6581006972558034 1.0332248133544077
62929.1965 lsst_hardware_z 490.23928028133093 51.37390174906015 30.959999084472656 AB 6.700983709379713 1.0367422773079158
62932.1772 lsst_hardware_z 438.7317634850417 63.48277577111428 30.979999542236328 AB 9.71678764672506 1.0334259661499665
62932.1886 lsst_hardware_i 349.76409779392526 67.50813258500025 31.329999923706055 AB 9.748775762579392 1.0368740008947754
62935.1823 lsst_hardware_z 303.9238879787471 72.69902343700261 31.0 AB 11.311773777243927 1.0377774107563236
62935.1938 lsst_hardware_r 10.14091162886377 104.4761173901443 31.65999984741211 AB 11.39401511948185 1.0453224880258578
62937.1654 lsst_hardware_r 358.01362820749785 100.71752271118149 32.400001525878906 AB 8.50954063103915 1.033756707556892
62937.1776 lsst_hardware_y 223.88686730260522 74.35807760907673 30.799999237060547 AB 8.265892598644562 1.0381678722236394
62939.1722 lsst_hardware_g -12.438848169803075 44.99855246828677 31.709999084472656 AB 11.535964886523299 1.0382005027695
62939.184 lsst_hardware_r 133.94544242140762 46.641319574451266 31.6200008392334 AB 11.670675290302139 1.0462516228783378
62941.169 lsst_hardware_i 169.92115725942045 34.65232792223534 31.260000228881836 AB 8.197394490094421 1.0394540485141128
62941.1811 lsst_hardware_z 238.79878649593326 45.55010655993739 30.950000762939453 AB 8.190970539346885 1.0485001490443504
62943.1443 lsst_hardware_r 125.13776974972484 24.242607915867193 31.5 AB 6.350705730691294 1.0330970321186375
62943.1553 lsst_hardware_u -3.340075037096575 3.2525955815082215 28.540000915527344 AB 6.399393520217772 1.0355424604907466
62948.1356 lsst_hardware_z 292.99818395824013 44.01240723074002 30.959999084472656 AB 7.748397625738917 1.0338088893580943
62948.1487 lsst_hardware_r 96.64442225678046 24.19398831518301 31.510000228881836 AB 7.766280687927363 1.0387820261171736
62950.1365 lsst_hardware_u 4.036635512778298 2.9948433407193815 28.559999465942383 AB 8.797419762759873 1.0356606937147417
62950.1496 lsst_hardware_g 27.040836917002387 14.039493258402468 31.43000030517578 AB 8.887596215784427 1.04283909836131
62952.1273 lsst_hardware_r 102.90669521687775 23.91722209431558 31.5 AB 7.137670504172056 1.0344450006046457
62952.1389 lsst_hardware_i 112.98789198610305 32.23629707154606 31.25 AB 7.171998241322336 1.0394200349742515
62954.1228 lsst_hardware_z 243.8032415176848 43.53500008728245 30.959999084472656 AB 7.111739899922216 1.034723362865606
62954.1354 lsst_hardware_r 52.98844900263418 24.02661827355183 31.510000228881836 AB 6.835449240053917 1.0406144179519816
62958.1102 lsst_hardware_z 186.70931020436103 48.35137661512113 30.969999313354492 AB 8.86494913478889 1.0342555574538117
62958.1227 lsst_hardware_i 167.10574818435958 43.057104403079805 31.299999237060547 AB 8.910150938718987 1.0395291598412386
62960.1064 lsst_hardware_z 228.96214064555494 55.91892527173747 30.969999313354492 AB 6.20832047166239 1.0347200786103983
62960.1171 lsst_hardware_r 43.65689992653871 66.98376681962844 31.649999618530273 AB 6.236690110893432 1.039448351815572
62962.1153 lsst_hardware_y 224.51796620506954 79.72057034117688 30.809999465942383 AB 10.117276344213431 1.0417651976193683
62965.1023 lsst_hardware_r 27.931182799670356 86.90614870635757 31.65999984741211 AB 7.351569674742941 1.0387974671107731
62965.1163 lsst_hardware_i 56.34935900881796 69.28742745664263 31.329999923706055 AB 7.493270228373922 1.0491837340204315
62968.0575 lsst_hardware_i 19.44207646053559 29.68000030517578 31.239999771118164 AB 6.436318914092043 1.0361105785724474
62968.0712 lsst_hardware_z 19.557797108770618 40.38999938964844 30.940000534057617 AB 6.58838226884928 1.0330261093409556
62970.0956 lsst_hardware_u 0.39697542792174845 2.6500000953674316 28.450000762939453 AB 6.318001701447687 1.043291873088926
62970.1074 lsst_hardware_r -14.518645981170572 21.920000076293945 31.489999771118164 AB 6.522996624318823 1.0539377876912062
62973.111 lsst_hardware_r 36.38488912664293 22.020000457763672 31.489999771118164 AB 15.19979627578683 1.0685269789656824
62973.1224 lsst_hardware_u 1.623341441122945 2.680000066757202 28.450000762939453 AB 15.452474799131659 1.0866082484007107
62975.0917 lsst_hardware_g -29.15087922004397 13.220000267028809 31.40999984741211 AB 9.547843092798148 1.051814166102768
62975.1029 lsst_hardware_r 7.270117690582027 22.049999237060547 31.5 AB 9.712853995694518 1.0649086153342553
62979.0908 lsst_hardware_r 31.240471607977412 21.90999984741211 31.489999771118164 AB 4.828988984813279 1.0633611857557455
62979.1025 lsst_hardware_g 21.565503310065385 13.069999694824219 31.3799991607666 AB 4.872420833385769 1.0805989872223927
62984.0316 lsst_hardware_r -13.039085336745922 24.399999618530273 31.520000457763672 AB 1.5495835180547386 1.033055678703159
62984.0433 lsst_hardware_z 82.40678569977165 41.119998931884766 30.950000762939453 AB 1.664969039948443 1.035535839088904
62988.0797 lsst_hardware_r -26.33570874432014 54.599998474121094 31.6200008392334 AB 9.102125818776237 1.083586406997171
62988.0913 lsst_hardware_z -55.38593348313748 51.2400016784668 30.959999084472656 AB 9.897149587178637 1.1056208810849344
62990.0318 lsst_hardware_y -78.18427363214767 73.30999755859375 30.799999237060547 AB 11.408252430455502 1.037632673650962
62995.0212 lsst_hardware_r -49.73180246086618 55.04999923706055 31.639999389648438 AB 9.436781260475735 1.0392644762507348
62995.0343 lsst_hardware_i -20.950989689201272 52.16999816894531 31.31999969482422 AB 9.531106195948425 1.0491132220198474
63002.0016 lsst_hardware_g 4.211667779084911 13.010000228881836 31.399999618530273 AB 5.484304312413971 1.0389891659399395
63002.0148 lsst_hardware_i 45.00339690473484 29.920000076293945 31.25 AB 5.493914082851613 1.0487571027682758
63004.9912 lsst_hardware_z -120.00142428497195 57.470001220703125 31.700000762939453 AB 9.925732320683304 1.0378132409291678
63005.004 lsst_hardware_r 2.793622138851743 30.719999313354492 32.2400016784668 AB 8.505899648634895 1.0464506436704812
63009.9944 lsst_hardware_u -2.0780152481199994 2.5799999237060547 28.3799991607666 AB 8.375731572242994 1.0501167969211378
63010.0077 lsst_hardware_g 5.310007336103788 12.9399995803833 31.3700008392334 AB 7.926213628575568 1.0654109609958757
63012.9889 lsst_hardware_r -34.228837058250924 23.709999084472656 31.5 AB 6.099248190604154 1.0528046358925842
63013.0017 lsst_hardware_i 17.326863448641596 30.8799991607666 31.25 AB 6.2775419763540325 1.0684268532642385
63229.3419 lsst_hardware_z -19.38516031437924 57.540000915527344 30.979999542236328 AB 7.056483273614089 1.0361943133060652
63229.3546 lsst_hardware_y -50.99283364569095 60.029998779296875 30.06999969482422 AB 7.0523715091191965 1.0330874546428492
