data/validation/pwv_sim_epoch_fit_epoch/37351043.ecsv
# %ECSV 0.9
# ---
# datatype:
# - {name: time, datatype: float64}
# - {name: band, datatype: string}
# - {name: flux, datatype: float64}
# - {name: fluxerr, datatype: float64}
# - {name: zp, datatype: float64}
# - {name: zpsys, datatype: string}
# - {name: pwv, datatype: float64}
# - {name: airmass, datatype: float64}
# meta: {SNID: '37351043', alt: 1024.0, c: 0.06601660698652267, dec: -33.510056, lat: -30.244573, lon: -70.7499537, ra: 27.246094, t0: 60638.8125,
#   x0: 2.418138427255234e-05, x1: -0.4768446385860443, z: 0.3164151608943939}
# schema: astropy-2.0
time band flux fluxerr zp zpsys pwv airmass
[from data line 132]
60897.2636 lsst_hardware_r -0.41522843425171263 102.08000183105469 31.610000610351562 AB 5.1970687573295615 1.2618072855428375
60897.2826 lsst_hardware_i 20.323445742136265 78.48999786376953 31.309999465942383 AB 5.0335449630781675 1.1777129066631182
60899.2649 lsst_hardware_z -54.047585121838544 63.11000061035156 30.959999084472656 AB 3.5514633613792577 1.22919905213438
60899.2825 lsst_hardware_r -10.448233144403627 79.58999633789062 31.6200008392334 AB 3.3564166270837292 1.1579174196471007
60904.264 lsst_hardware_r 22.29117393872077 22.6299991607666 31.479999542236328 AB 4.176590614456103 1.1757591989460492
60904.2824 lsst_hardware_z 40.02272184553851 42.220001220703125 30.950000762939453 AB 3.900319624541623 1.1144566396290088
60906.2655 lsst_hardware_r 25.784590705629835 22.6299991607666 31.479999542236328 AB 2.782307343933687 1.150545784734286
60906.2822 lsst_hardware_u 0.5231981355396501 2.680000066757202 28.43000030517578 AB 2.6491272669290438 1.0999075220797359
60912.2608 lsst_hardware_r -33.76039269066244 22.280000686645508 31.469999313354492 AB 3.656488127826467 1.1137642789602398
60912.2783 lsst_hardware_u -4.218790570526229 2.559999942779541 28.350000381469727 AB 3.5115746025955334 1.0700582841835045
60920.2104 lsst_hardware_g 8.948535735595973 56.56999969482422 32.369998931884766 AB 2.655327040867459 1.2164589024360353
60920.2289 lsst_hardware_r -78.04040962823763 56.189998626708984 32.33000183105469 AB 2.487407707917082 1.1450396077568277
60936.1764 lsst_hardware_r -32.04970367725337 22.940000534057617 31.469999313354492 AB 1.4433706668329256 1.1766608697006553
60936.195 lsst_hardware_g 1.0274060947774684 13.569999694824219 31.3799991607666 AB 1.3389591485406476 1.1145608894622483
60941.1699 lsst_hardware_u 4.131984134966145 2.5999999046325684 28.34000015258789 AB 2.250101634963202 1.1507018802280538
60941.186 lsst_hardware_g 3.2451510490918483 13.569999694824219 31.389999389648438 AB 2.1619436697389163 1.1016273476376643
60945.1891 lsst_hardware_z 80.90129156127448 41.38999938964844 30.940000534057617 AB 4.2573145971080315 1.068156209026018
60945.2078 lsst_hardware_u 0.6793922935496848 2.619999885559082 28.399999618530273 AB 4.086712412639487 1.0350911594342067
60947.1027 lsst_hardware_r 15.716599052486103 28.940000534057617 31.469999313354492 AB 5.230393119925236 1.4100945258274267
60947.1219 lsst_hardware_g -4.513165532343383 22.219999313354492 31.5 AB 4.7765962422858275 1.2891137753560526
60952.1117 lsst_hardware_z 19.72151167571946 58.650001525878906 30.950000762939453 AB 2.668550993891811 1.27073856851991
60952.1323 lsst_hardware_i -0.5794802973404478 59.130001068115234 31.299999237060547 AB 2.145413158286709 1.178258942766156
60955.089 lsst_hardware_r -127.58412589979748 116.80000305175781 31.579999923706055 AB 10.7140900439334 1.3545992701442457
60955.1098 lsst_hardware_z -89.86729812374703 77.63999938964844 30.969999313354492 AB 9.687024441482208 1.2395160403674679
60959.1077 lsst_hardware_r 5.7504381025846625 22.979999542236328 31.469999313354492 AB 5.041080591550945 1.200257283702606
60959.1273 lsst_hardware_i 41.38652886964701 30.889999389648438 31.239999771118164 AB 4.989104111316889 1.129267567070263
60961.1081 lsst_hardware_z 6.004275839201852 42.869998931884766 30.940000534057617 AB 6.176974475313801 1.1768280840785021
60961.1298 lsst_hardware_r 30.107981939651335 22.68000030517578 31.479999542236328 AB 6.533424894983133 1.1059542776103484
60963.1114 lsst_hardware_u -1.32759540179707 2.559999942779541 28.309999465942383 AB 7.101343739621847 1.1453780225196528
60963.1312 lsst_hardware_r -2.645199082123165 22.450000762939453 31.479999542236328 AB 6.748582268736432 1.088115380918202
60965.1098 lsst_hardware_i -30.269137861984074 31.010000228881836 31.239999771118164 AB 7.7933363991690365 1.1327798249718626
60965.1288 lsst_hardware_z 87.79789094540853 41.540000915527344 30.950000762939453 AB 6.917064704936575 1.0807913601463397
60968.1084 lsst_hardware_r 3.921098844062287 22.6200008392334 31.479999542236328 AB 3.6304578274658614 1.1123578176840159
60968.1268 lsst_hardware_u 3.8026736986481415 2.700000047683716 28.459999084472656 AB 3.5623845808596575 1.0671147022045904
60974.1127 lsst_hardware_r -13.406727638128292 22.520000457763672 31.5 AB 2.4348577243958602 1.0624447362914193
60974.1314 lsst_hardware_g -32.06105294770116 13.430000305175781 31.420000076293945 AB 2.4584050796152663 1.0312101844023769
60976.11 lsst_hardware_r -18.537098248157744 25.030000686645508 31.520000457763672 AB 4.013989965055852 1.0570549416404105
60976.1283 lsst_hardware_i -14.469814554755903 31.190000534057617 31.260000228881836 AB 3.0513481464703553 1.0281111261444709
60978.1091 lsst_hardware_z -75.81560486062567 43.779998779296875 30.959999084472656 AB 6.292547668686319 1.048757944781053
60978.1275 lsst_hardware_i -33.86735581015066 36.04999923706055 31.280000686645508 AB 5.723043548036517 1.0225198406354894
60982.1205 lsst_hardware_z 57.233467893212456 84.5199966430664 31.739999771118164 AB 4.1490868881142005 1.0183474322458757
60991.021 lsst_hardware_y -46.66163907851555 50.630001068115234 30.0 AB 6.259746136054015 1.197464588436923
60991.0372 lsst_hardware_r 25.72164432339592 22.489999771118164 31.469999313354492 AB 6.090833245211273 1.1379417552940256
60993.034 lsst_hardware_r -9.35862450304553 22.5 31.469999313354492 AB 6.9073223375331665 1.130725981179974
60993.0545 lsst_hardware_i -26.187904160376615 30.31999969482422 31.25 AB 4.096909592134673 1.0758691155815843
60995.0246 lsst_hardware_y 20.653834361579896 49.68000030517578 30.010000228881836 AB 7.472991613825338 1.1434606230909028
60995.0423 lsst_hardware_z 61.93902344291657 41.45000076293945 30.940000534057617 AB 6.5045306364633735 1.0919138218001678
60999.0255 lsst_hardware_y -89.02795360846451 52.540000915527344 30.040000915527344 AB 8.298451621981025 1.1074569274988857
60999.0423 lsst_hardware_r 49.79777741120273 22.1299991607666 31.489999771118164 AB 6.987112753929811 1.066816207944207
61004.0272 lsst_hardware_y -18.107515069774504 52.65999984741211 30.040000915527344 AB 6.734846210397348 1.0698723130099044
61004.0439 lsst_hardware_g 1.0323700784489855 14.65999984741211 31.440000534057617 AB 5.348119421309423 1.0392769959793313
61006.0286 lsst_hardware_y 54.71817739547969 54.290000915527344 30.059999465942383 AB 5.170318919554636 1.0560831168981888
61006.0465 lsst_hardware_i -22.742709668385793 32.189998626708984 31.270000457763672 AB 3.7284374397995 1.0279673117727943
61009.0285 lsst_hardware_y -37.653306782115855 59.79999923706055 30.059999465942383 AB 5.823651918085534 1.0420156713838071
61009.0441 lsst_hardware_i -12.004694129700209 46.81999969482422 31.309999465942383 AB 5.0827472678171155 1.021144604282759
