data/validation/pwv_sim_epoch_fit_epoch/37514548.ecsv
# %ECSV 0.9
# ---
# datatype:
# - {name: time, datatype: float64}
# - {name: band, datatype: string}
# - {name: flux, datatype: float64}
# - {name: fluxerr, datatype: float64}
# - {name: zp, datatype: float64}
# - {name: zpsys, datatype: string}
# - {name: pwv, datatype: float64}
# - {name: airmass, datatype: float64}
# meta: {SNID: '37514548', alt: 1024.0, c: -0.07790333777666092, dec: -34.228867, lat: -30.244573, lon: -70.7499537, ra: 279.316406, t0: 61882.7890625,
#   x0: 3.528141613143082e-05, x1: -0.5681926608085632, z: 0.26830098032951355}
# schema: astropy-2.0
time band flux fluxerr zp zpsys pwv airmass
[from data line 132]
62325.0742 lsst_hardware_g -19.6340269863099 15.369999885559082 31.420000076293945 AB 2.2058932218951446 1.176999495897777
62327.0532 lsst_hardware_r 10.006066785466526 24.90999984741211 31.479999542236328 AB 10.425463060290026 1.2432479699833079
62327.0725 lsst_hardware_i -12.669581786728097 32.459999084472656 31.239999771118164 AB 9.769227516698642 1.1630955849708604
62328.0727 lsst_hardware_u 8.900164438172135 2.7100000381469727 28.360000610351562 AB 7.628938520271462 1.1527849276356505
62328.0916 lsst_hardware_g -22.40701924149919 15.270000457763672 31.440000534057617 AB 7.9559383403540815 1.0962871194479504
62330.0757 lsst_hardware_r -24.84539647137028 24.65999984741211 31.5 AB 7.007744042008524 1.1254406919713904
62330.0942 lsst_hardware_i -48.85688477379102 31.93000030517578 31.260000228881836 AB 7.428717739699746 1.0769379152942837
62332.0723 lsst_hardware_z -5.830672987956866 42.630001068115234 30.940000534057617 AB 7.02901327419304 1.1192993350449385
62332.092 lsst_hardware_r -14.016129849764384 24.209999084472656 31.510000228881836 AB 6.863034342280397 1.0698416745564838
62334.0735 lsst_hardware_z -4.205030854276735 42.599998474121094 30.950000762939453 AB 1.788729311384714 1.1007564993138104
62334.0939 lsst_hardware_g -3.7070259783362522 18.56999969482422 31.540000915527344 AB 1.793993727205902 1.0552904277681776
62343.0716 lsst_hardware_r -73.17502830916763 119.16000366210938 31.65999984741211 AB 8.98279692902873 1.0511932745781787
62343.0906 lsst_hardware_z 64.85067580768784 78.0 31.0 AB 7.642692298063615 1.0238148179457616
62345.0757 lsst_hardware_r -24.073066058858526 66.63999938964844 31.649999618530273 AB 4.634030265576364 1.03592330825105
62345.0961 lsst_hardware_y -106.39081865359546 50.7599983215332 30.059999465942383 AB 3.8503753223307484 1.0132566637712497
62347.0737 lsst_hardware_g -23.16346549246725 15.15999984741211 31.459999084472656 AB 4.949521154337396 1.0311502404869575
62347.0931 lsst_hardware_r 33.39681748062777 23.899999618530273 31.520000457763672 AB 5.259207996132523 1.0113861531024082
62347.9776 lsst_hardware_y 14.926994586771654 51.290000915527344 29.950000762939453 AB 5.402818882445286 1.3426488276454487
62347.9958 lsst_hardware_r 7.116621268519613 24.709999084472656 31.469999313354492 AB 5.074057263749839 1.243539889816969
62350.9789 lsst_hardware_y 5.334400211541332 51.15999984741211 29.969999313354492 AB 4.865899580587916 1.2877292468034358
62350.9981 lsst_hardware_r 1.2657671697362998 24.3700008392334 31.479999542236328 AB 4.561175696671465 1.1971589755043215
62351.9785 lsst_hardware_y -26.433863508711912 50.650001525878906 29.959999084472656 AB 12.632618489318073 1.2753564795461703
62351.9972 lsst_hardware_z -23.85083804606471 43.65999984741211 30.93000030517578 AB 12.718372581675515 1.1897634121213785
62353.9783 lsst_hardware_y -115.81827243874582 50.779998779296875 29.979999542236328 AB 1.2031108995244353 1.2489040479492408
62353.9967 lsst_hardware_u -2.299804053602259 2.619999885559082 28.290000915527344 AB 0.9381089746801275 1.1706850765558996
62355.9802 lsst_hardware_y 2.3645801927654513 49.619998931884766 29.989999771118164 AB 4.079177338509705 1.2150956450817045
62356.0003 lsst_hardware_r 3.2014516308358543 24.209999084472656 31.5 AB 4.383269591898305 1.1392513559189876
62357.9883 lsst_hardware_z -17.271159557008158 61.560001373291016 31.690000534057617 AB 2.5261797736622307 1.161506467065664
62361.9799 lsst_hardware_y 38.97867786390064 50.52000045776367 30.010000228881836 AB 6.1643497560292495 1.1526637642750448
62361.9989 lsst_hardware_i 16.318806804955972 32.06999969482422 31.25 AB 5.388376532057765 1.095940989571071
62363.9785 lsst_hardware_y 74.18387392114676 50.790000915527344 30.020000457763672 AB 6.89767973616863 1.1391081805849328
62363.9952 lsst_hardware_i 31.328793053912115 34.97999954223633 31.270000457763672 AB 6.6235706372370124 1.091497495836915
62365.9802 lsst_hardware_y 16.885203304995517 52.63999938964844 30.030000686645508 AB 3.935453456879537 1.1171537738640371
62365.9985 lsst_hardware_z -2.610222909553388 51.20000076293945 30.969999313354492 AB 3.7359994646532866 1.0712543267823043
62366.9796 lsst_hardware_y -56.97475941768744 59.63999938964844 30.040000915527344 AB 3.2154633641956014 1.1110792550782727
62366.9985 lsst_hardware_i 4.096221243765784 69.3499984741211 31.329999923706055 AB 3.0901087908713554 1.0655547554728813
62368.9872 lsst_hardware_z -3.9922211375168675 109.12999725341797 31.739999771118164 AB 3.5372117860259227 1.0780895416110707
62370.9804 lsst_hardware_y -110.35730209451064 62.290000915527344 30.049999237060547 AB 1.5136097635575705 1.0811498311125505
62370.9986 lsst_hardware_r -98.97497937311206 105.41999816894531 31.65999984741211 AB 1.4634433802725102 1.0453167001946502
62378.0505 lsst_hardware_r -18.207750848123876 23.8799991607666 31.510000228881836 AB 4.20701603540624 1.0065233651309862
62378.0603 lsst_hardware_z -20.419388602013136 41.16999816894531 30.950000762939453 AB 4.171599601701027 1.0127085274505583
