data/validation/pwv_sim_epoch_fit_epoch/37606724.ecsv
# %ECSV 0.9
# ---
# datatype:
# - {name: time, datatype: float64}
# - {name: band, datatype: string}
# - {name: flux, datatype: float64}
# - {name: fluxerr, datatype: float64}
# - {name: zp, datatype: float64}
# - {name: zpsys, datatype: string}
# - {name: pwv, datatype: float64}
# - {name: airmass, datatype: float64}
# meta: {SNID: '37606724', alt: 1024.0, c: -0.013988926075398922, dec: -15.094787, lat: -30.244573, lon: -70.7499537, ra: 204.785156,
#   t0: 60427.125, x0: 3.2957193569426206e-06, x1: 0.8807932734489441, z: 0.7273088097572327}
# schema: astropy-2.0
time band flux fluxerr zp zpsys pwv airmass
60351.3685 lsst_hardware_i -32.09784745350024 45.61000061035156 32.0099983215332 AB 4.624682001966751 1.036111123998376
60351.3812 lsst_hardware_y -101.15293026214535 50.869998931884766 30.049999237060547 AB 3.9118355160114753 1.0361334552949109
60353.3629 lsst_hardware_g 15.749161020287312 22.31999969482422 32.22999954223633 AB 5.7682044032288955 1.03614233936212
60353.3796 lsst_hardware_y -73.00737276084094 49.13999938964844 30.049999237060547 AB 5.145148185714963 1.0372759811934729
60355.3602 lsst_hardware_i -11.65342273490605 31.690000534057617 31.260000228881836 AB 4.2184455133490335 1.0356461089668139
60355.3772 lsst_hardware_y 42.2802982573002 48.4900016784668 30.049999237060547 AB 3.1001030097381856 1.038560472274099
60357.2957 lsst_hardware_z 61.78801609390515 42.47999954223633 30.950000762939453 AB 5.46753155948091 1.109182761593374
60357.3129 lsst_hardware_u -0.6118020539186267 2.7799999713897705 28.440000534057617 AB 5.294292694721283 1.0732399543323095
60360.346 lsst_hardware_g 9.273791154859937 15.510000228881836 31.479999542236328 AB 3.955939810110184 1.035721903419344
60360.3635 lsst_hardware_r 42.53225167447669 24.31999969482422 31.520000457763672 AB 3.9642637531876317 1.0385356730177615
60364.332 lsst_hardware_i 160.15890239399187 74.1500015258789 31.34000015258789 AB 10.283027253075986 1.0363517236949626
60364.3495 lsst_hardware_z -116.04794420330089 65.47000122070312 30.989999771118164 AB 10.490036586177503 1.037248179252871
60368.333 lsst_hardware_i 155.47839687670304 88.05000305175781 31.34000015258789 AB 5.469695553421748 1.0357800602985843
60368.351 lsst_hardware_r 281.4014100951289 105.58999633789062 31.65999984741211 AB 4.976690534504752 1.0445357402675521
60370.3212 lsst_hardware_z 133.7607187280868 89.55000305175781 31.739999771118164 AB 3.5218427187357926 1.0354554116092003
60376.1589 lsst_hardware_i 46.46535136487902 49.849998474121094 31.93000030517578 AB 18.153219423731706 1.5862652415004914
60376.1878 lsst_hardware_u -0.2187441976847052 3.75 29.010000228881836 AB 14.425864782246137 1.3455394457032654
60380.3039 lsst_hardware_g 23.82693829657975 15.25 31.450000762939453 AB 7.706198412361616 1.036615336610387
60380.3252 lsst_hardware_r -25.48795942072576 24.200000762939453 31.510000228881836 AB 7.936346221124102 1.051102075508104
60383.2058 lsst_hardware_r 38.98911808961629 24.479999542236328 31.479999542236328 AB 12.076133044987866 1.1655561533005259
60383.2243 lsst_hardware_i 21.89847197658877 31.93000030517578 31.239999771118164 AB 10.217866539378141 1.1102153028063202
60385.2877 lsst_hardware_z 40.80372778461307 41.65999984741211 30.940000534057617 AB 8.184248400681973 1.035980810212908
60385.3067 lsst_hardware_u 1.255103318098874 2.7300000190734863 28.40999984741211 AB 8.530760590059563 1.0463339372083358
60389.1511 lsst_hardware_i -39.08739904803169 46.7599983215332 31.239999771118164 AB 6.916556442425196 1.3534231929735745
60389.1671 lsst_hardware_z 31.19383312059515 50.470001220703125 30.940000534057617 AB 6.680769798676095 1.2605226035237915
60392.2658 lsst_hardware_z -17.366131511067067 64.37999725341797 30.979999542236328 AB 6.321606608668828 1.0355508743980062
60392.2845 lsst_hardware_r 193.88162597145092 89.36000061035156 31.649999618530273 AB 6.391257655519252 1.0437546525072312
60395.2085 lsst_hardware_i -356.5059935991826 122.8039791662711 31.34000015258789 AB 6.768460626226349 1.074358829559738
60395.2263 lsst_hardware_r -17.973704695554808 152.10904806916275 31.65999984741211 AB 6.613974418972 1.049837209360635
60397.2597 lsst_hardware_z 144.13538771309257 122.7861958121116 31.75 AB 8.286879101440448 1.0373510798573409
60399.2517 lsst_hardware_r 51.2065229319082 68.58258618764523 31.649999618530273 AB 4.689728025274428 1.0365185159187595
60399.2714 lsst_hardware_i 73.67115621588356 58.74929833882973 31.31999969482422 AB 4.737733115328789 1.0490994498070654
60401.2495 lsst_hardware_z 65.66016647335086 46.338172465931486 30.959999084472656 AB 8.866884161027693 1.037628822089376
60401.2676 lsst_hardware_r 101.6592969547512 40.693310843035 31.600000381469727 AB 8.301436704794787 1.0508147727588337
60405.113 lsst_hardware_r 267.05461690973993 29.694663267700616 31.459999084472656 AB 12.305503554586595 1.3182114145246147
60405.1353 lsst_hardware_z 148.34536681794643 46.70002835454717 30.93000030517578 AB 14.059246981248002 1.2056122266644944
60413.2378 lsst_hardware_g 137.52939826211326 20.41774591454928 31.5 AB 6.929630510187475 1.054136605466815
60413.2569 lsst_hardware_r 684.3928264612914 36.547142803198426 31.530000686645508 AB 7.607315503435117 1.0839720010594354
60415.2 lsst_hardware_r 868.0484512522629 37.774241146953635 31.530000686645508 AB 17.601718837534342 1.0353952257373142
60415.2191 lsst_hardware_i 892.7092286257372 43.48600016001172 31.270000457763672 AB 17.04730220764799 1.0418519301847513
60417.1959 lsst_hardware_z 638.3084622168191 50.40903258641626 30.950000762939453 AB 13.356976201025425 1.0354245117073972
60420.1145 lsst_hardware_z 715.5142905289428 66.71091977311977 30.969999313354492 AB 7.939189235813158 1.1341698908304512
60423.1867 lsst_hardware_r 1104.437872451967 164.61734037049516 31.65999984741211 AB 8.216471458488073 1.0366697245490155
60423.2085 lsst_hardware_z 651.5518175143787 111.92110434568278 31.0 AB 8.495870399790643 1.051859650834548
60426.1823 lsst_hardware_r 1075.65037273754 110.1393867383215 31.65999984741211 AB 3.6289145160676854 1.0380685147273474
60426.2036 lsst_hardware_y 392.03750571256546 61.14022728318625 30.049999237060547 AB 3.7930186641792063 1.055693470257462
60432.1548 lsst_hardware_r 807.8791198542829 37.43166970656165 31.530000686645508 AB 11.766998616844178 1.035417186576108
60432.1721 lsst_hardware_i 1080.3792908696669 45.844989719220486 31.270000457763672 AB 12.02433435086135 1.0414586440102795
60436.1539 lsst_hardware_z 678.4778615078814 48.889438529877445 30.950000762939453 AB 6.444252504564272 1.0376104290303143
60436.1739 lsst_hardware_r 718.2315048768335 35.490257478490264 31.510000228881836 AB 6.709526320587395 1.0528600775061296
60443.1073 lsst_hardware_u -3.5682692654545987 2.8544999834077647 28.489999771118164 AB 6.36214761322713 1.0401331247782772
60443.1276 lsst_hardware_g 68.79797553509772 17.09859326536256 31.479999542236328 AB 6.499894773605669 1.0356747567886662
60445.1084 lsst_hardware_r 395.7286837078596 37.20119866663889 31.559999465942383 AB 5.657291557279684 1.0370836951932245
60445.1261 lsst_hardware_z 522.1417330548343 48.44334833652304 30.950000762939453 AB 7.0288564906743805 1.0365133995463813
60447.0828 lsst_hardware_i 718.6829268931285 52.44789830157654 31.299999237060547 AB 8.83597601484951 1.0514429433402022
60447.1023 lsst_hardware_r 453.7358181766444 53.225216955713705 31.6200008392334 AB 8.883546212629899 1.0373127291720539
60452.1071 lsst_hardware_r 617.577019130713 206.22050266996624 32.41999816894531 AB 2.6689325457242044 1.0365457488734044
60452.128 lsst_hardware_i 602.1864628377729 166.67300270709788 32.099998474121094 AB 1.909961922100219 1.0504396656677475
60458.0692 lsst_hardware_u 2.569168879074456 2.8726583565987163 28.489999771118164 AB 10.05015419657994 1.0386146020337872
60458.0881 lsst_hardware_g 28.32175005068837 29.11874715898436 31.639999389648438 AB 9.842258501315365 1.0359181666472335
60460.0667 lsst_hardware_r 142.75999986091045 27.333009171372144 31.520000457763672 AB 9.516140802957676 1.037351153099436
60460.0857 lsst_hardware_z 295.7908077258397 45.247706271167885 30.950000762939453 AB 9.110308722053288 1.0366760038749758
60462.0723 lsst_hardware_r 94.45466682999455 26.801246672037756 31.510000228881836 AB 10.932602233200972 1.0353986930248542
60462.0915 lsst_hardware_u -1.5335011230112814 2.780904473806937 28.420000076293945 AB 9.958420385530653 1.0423572299390806
60466.0451 lsst_hardware_r 89.53664316930282 26.20660796289897 31.510000228881836 AB 4.423956289095869 1.039789162275745
60466.0645 lsst_hardware_i 228.70937579008825 34.763035816795785 31.260000228881836 AB 4.44217969461194 1.035634059981024
60468.0293 lsst_hardware_z 238.5646935741849 44.25889158035777 30.950000762939453 AB 2.4986638086694244 1.047547975545299
60468.0488 lsst_hardware_r 81.85954939334961 25.926355462796238 31.5 AB 3.108467617744581 1.036155872581527
60484.9891 lsst_hardware_i 155.50136086052797 45.48721663596154 31.299999237060547 AB 5.226993095837021 1.04241037608926
60485.0075 lsst_hardware_z 84.78840668060934 50.56726244234853 30.969999313354492 AB 5.275171717917997 1.0354301984921483
60486.9942 lsst_hardware_g 35.17701289315068 16.266415165386977 31.479999542236328 AB 7.986366544787979 1.0369211301983594
60487.0132 lsst_hardware_r -21.671534820258447 25.34173997143407 31.520000457763672 AB 8.524742686427333 1.037073319516707
60489.9966 lsst_hardware_i 68.23572502607118 33.13225346229136 31.260000228881836 AB 1.6238909230017262 1.0354246055271368
60490.0178 lsst_hardware_r 74.39332694262676 25.342970434476566 31.510000228881836 AB 3.5934297882982817 1.0444498730702751
60492.9694 lsst_hardware_z 181.14227334669485 43.80374138161027 30.950000762939453 AB 7.59907695370008 1.0409694457123397
60492.9905 lsst_hardware_u 1.7194142334031297 2.888266342095541 28.459999084472656 AB 7.559881861899578 1.0356002550547367
60498.9567 lsst_hardware_y 114.91944211725054 68.80542265859903 30.059999465942383 AB 2.7255119903130303 1.0388839299840025
60498.9784 lsst_hardware_u -1.3318845829358419 2.9384259392886243 28.469999313354492 AB 3.2263654168496387 1.0364445188647422
60502.9585 lsst_hardware_y 6.144004367266738 64.01603543477236 30.06999969482422 AB 6.0970932600153365 1.0354238362936803
60502.9811 lsst_hardware_r 72.13418006783539 31.446387911976668 31.56999969482422 AB 6.15414714130219 1.0435032102927229
60713.3729 lsst_hardware_u -5.801154630270896 3.6600000858306885 28.65999984741211 AB 4.926323024558207 1.0374482519865658
60714.3234 lsst_hardware_r -9.021637843135379 25.190000534057617 31.510000228881836 AB 8.9462124702472 1.0969545055787104
60714.3427 lsst_hardware_y 63.99255335196622 47.880001068115234 30.040000915527344 AB 8.713316965260127 1.0618766041731902
60716.3705 lsst_hardware_z 0.08266872682434265 59.939998626708984 31.709999084472656 AB 3.528443838695678 1.035822738076375
60718.3633 lsst_hardware_r 61.96504231953615 82.3499984741211 31.65999984741211 AB 6.416919112279061 1.036184693965458
60718.3812 lsst_hardware_y -42.34631104971689 56.40999984741211 30.059999465942383 AB 5.310741258826158 1.0375919098976432
60720.3638 lsst_hardware_z 247.9934855430773 67.86000061035156 31.0 AB 2.5563755749466743 1.0353890542514033
60720.3808 lsst_hardware_y -29.033922885359246 58.459999084472656 30.06999969482422 AB 2.691940773812661 1.0400621168019708
60722.2956 lsst_hardware_i 125.38798205788989 85.13999938964844 31.329999923706055 AB 5.4252861587636945 1.1111507553235878
60722.3122 lsst_hardware_z 17.21132793202206 74.58999633789062 30.989999771118164 AB 5.549066344347151 1.0756436554157238
60724.3448 lsst_hardware_z 65.90829783205571 66.6500015258789 30.989999771118164 AB 5.386887966857259 1.0367707394111934
60724.3631 lsst_hardware_r 118.45135129418769 84.94999694824219 31.65999984741211 AB 5.367567143733675 1.036960568700058
60729.3338 lsst_hardware_u -4.076971969834942 3.4000000953674316 28.65999984741211 AB 10.17411073550806 1.0360601563653775
60729.3513 lsst_hardware_g -20.483275179445158 17.889999389648438 31.530000686645508 AB 10.190335190288415 1.0376418970492527
60731.3373 lsst_hardware_r -33.769248940006804 24.209999084472656 31.510000228881836 AB 8.905387263240693 1.0355101468884527
60731.3548 lsst_hardware_i 6.77444508513671 31.520000457763672 31.260000228881836 AB 8.967148556495147 1.0426916926157148
60733.3336 lsst_hardware_z 22.12099877460923 41.5099983215332 30.950000762939453 AB 5.385829950697391 1.0357365289802676
60733.351 lsst_hardware_r 50.76418031467672 24.1200008392334 31.510000228881836 AB 5.428530465455597 1.0439481664337686
60736.3127 lsst_hardware_i 7.30020251452308 31.549999237060547 31.260000228881836 AB 3.5852274066299032 1.0365673745225596
60736.3311 lsst_hardware_u 0.5852517319484283 2.8299999237060547 28.489999771118164 AB 3.617749966274552 1.0372237389868504
60738.3145 lsst_hardware_g 11.739246199107795 15.239999771118164 31.450000762939453 AB 7.571806650790218 1.0353899426760862
60738.3332 lsst_hardware_r -12.481147661651255 24.219999313354492 31.510000228881836 AB 7.528477228457349 1.0409951919880185
60740.3133 lsst_hardware_i -27.212311003280448 31.3799991607666 31.260000228881836 AB 7.444971220634226 1.0355699441018613
60740.3316 lsst_hardware_r -5.006414930978464 24.110000610351562 31.520000457763672 AB 7.491305956475604 1.0437207880843753
60742.2991 lsst_hardware_u -0.029765751891178638 2.680000066757202 28.3799991607666 AB 10.070614858917798 1.0358938651381517
60742.32 lsst_hardware_g 0.582057451703252 15.210000038146973 31.450000762939453 AB 10.174608220546176 1.039639804551721
60749.12 lsst_hardware_i 159.61296182710933 126.80999755859375 31.200000762939453 AB 15.94538210448845 1.809233975547154
60749.1539 lsst_hardware_z -16.46618053028716 101.41999816894531 30.940000534057617 AB 14.443849307906737 1.4373419552101774
60749.1823 lsst_hardware_r 56.24811243924216 143.35000610351562 31.600000381469727 AB 12.802607494284604 1.2561838915079242
60751.2901 lsst_hardware_i -123.62254990485445 102.76000213623047 31.34000015258789 AB 8.193909446819884 1.0372037274455548
60751.3135 lsst_hardware_z 29.79058664694571 87.45999908447266 31.0 AB 8.52020930578146 1.0556572055236395
60753.2764 lsst_hardware_z -0.622441445531289 61.939998626708984 30.989999771118164 AB 5.791542806365469 1.0354367353454355
60753.2954 lsst_hardware_r 47.6945240896491 78.58999633789062 31.65999984741211 AB 5.737477810042438 1.0431777836440796
60757.2643 lsst_hardware_z -34.122688403536316 43.040000915527344 30.959999084472656 AB 6.347745160261342 1.0353804801296282
60757.2839 lsst_hardware_g -14.227090733555995 23.649999618530273 31.610000610351562 AB 6.419158163965486 1.0427482397604841
60759.2521 lsst_hardware_r -6.166494401809642 24.3700008392334 31.520000457763672 AB 6.7742084862538645 1.0360097092340073
60759.2693 lsst_hardware_i -19.520580116109652 31.790000915527344 31.260000228881836 AB 6.766435998548838 1.0375980062946273
60761.249 lsst_hardware_z -25.651952511372944 41.81999969482422 30.959999084472656 AB 6.524313647072661 1.0356053408051842
60761.2672 lsst_hardware_r 9.631927271750039 24.450000762939453 31.520000457763672 AB 7.188249886936864 1.0391398463226402
60766.2392 lsst_hardware_r -3.050999618056067 24.549999237060547 31.520000457763672 AB 4.400669276579156 1.0353703889685222
60766.2571 lsst_hardware_z -8.392478095151883 42.0099983215332 30.959999084472656 AB 4.841984138689576 1.0412122726735524
60768.2376 lsst_hardware_r -25.04681724093817 24.360000610351562 31.520000457763672 AB 7.400848676714824 1.0356631229659703
60768.2568 lsst_hardware_u 5.530014186767355 2.880000114440918 28.520000457763672 AB 6.220891478014735 1.0450449755179934
60770.2394 lsst_hardware_g -7.210198952934249 15.640000343322754 31.469999313354492 AB 7.287068271913259 1.0376497444342023
60770.2578 lsst_hardware_r -27.34492826040781 24.559999465942383 31.510000228881836 AB 7.1407137136524454 1.0512386466266237
60772.2375 lsst_hardware_i 15.406308706396805 37.029998779296875 31.280000686645508 AB 9.042025232515032 1.0393132451166704
60772.2538 lsst_hardware_z -70.834290125834 41.959999084472656 30.950000762939453 AB 8.422861060462631 1.052857632557829
60774.2364 lsst_hardware_r -75.5271675784603 65.70999908447266 31.649999618530273 AB 7.586968708473118 1.0419751934361543
60774.255 lsst_hardware_z -60.53396199655002 55.119998931884766 30.979999542236328 AB 5.310700378261114 1.0612910428179685
60777.2153 lsst_hardware_z -26.88481660466153 101.88999938964844 31.0 AB 7.016433706482403 1.0360820092018561
60777.2316 lsst_hardware_i -139.23947241662663 122.2699966430664 31.34000015258789 AB 7.168056192245563 1.0445254924947995
