data/validation/pwv_sim_epoch_fit_epoch/37647483.ecsv
# %ECSV 0.9
# ---
# datatype:
# - {name: time, datatype: float64}
# - {name: band, datatype: string}
# - {name: flux, datatype: float64}
# - {name: fluxerr, datatype: float64}
# - {name: zp, datatype: float64}
# - {name: zpsys, datatype: string}
# - {name: pwv, datatype: float64}
# - {name: airmass, datatype: float64}
# meta: {SNID: '37647483', alt: 1024.0, c: 0.13868623971939087, dec: -24.788561, lat: -30.244573, lon: -70.7499537, ra: 166.289062, t0: 61022.11328125,
#   x0: 5.875777293127956e-06, x1: 0.5229983925819397, z: 0.5740629434585571}
# schema: astropy-2.0
time band flux fluxerr zp zpsys pwv airmass
[from data line 132]
61453.1195 lsst_hardware_z 81.3225605323351 51.9900016784668 30.93000030517578 AB 3.145527454870821 1.3482758057740563
61459.1084 lsst_hardware_i 312.45570062641553 131.5 32.040000915527344 AB 8.64932299649901 1.3147365375639763
61459.1285 lsst_hardware_z -40.51524798025251 112.68000030517578 31.729999542236328 AB 9.474711462237144 1.2093575164002555
61461.1058 lsst_hardware_r -123.45590030879674 60.439998626708984 31.579999923706055 AB 9.877648128319416 1.297684255042443
61461.1255 lsst_hardware_g -68.79238163640346 61.939998626708984 31.65999984741211 AB 10.347967640641853 1.1985484454196442
61465.106 lsst_hardware_z 22.836297442624755 44.02000045776367 30.93000030517578 AB 5.08784966714096 1.2380702438595839
61465.1253 lsst_hardware_i 30.792851022549275 31.6299991607666 31.229999542236328 AB 4.678826250369844 1.1559793083063234
61467.0987 lsst_hardware_u -0.4039909385762513 2.5799999237060547 28.270000457763672 AB 7.215915984138103 1.2472415494145888
61467.1177 lsst_hardware_g 1.7818620803315242 14.09000015258789 31.3799991607666 AB 6.807147378541003 1.1639133758298712
61469.1042 lsst_hardware_r 34.46500169870326 23.6200008392334 31.469999313354492 AB 12.379655445467318 1.196217551982541
61469.1245 lsst_hardware_i 1.0652379243795271 31.350000381469727 31.229999542236328 AB 11.606448525936747 1.1219018423060338
61471.0984 lsst_hardware_z -1.3338551107969943 43.369998931884766 30.940000534057617 AB 8.729824154366547 1.197671032290667
61471.1171 lsst_hardware_u -5.417502890385244 2.700000047683716 28.40999984741211 AB 8.181428585841589 1.1280061472275733
61473.1023 lsst_hardware_g 12.082259421724322 14.0600004196167 31.3700008392334 AB 11.879080428048207 1.1602364045561564
61473.1227 lsst_hardware_r 1.9635521524797381 23.030000686645508 31.479999542236328 AB 11.25635834332274 1.0956959426980413
61475.1035 lsst_hardware_i 12.31848229796864 31.459999084472656 31.239999771118164 AB 8.58860892546412 1.1367610860492525
61475.1237 lsst_hardware_z 8.632312907663565 41.689998626708984 30.950000762939453 AB 8.121694459883606 1.0794862159253238
61478.1085 lsst_hardware_i -52.805588315060284 31.0 31.239999771118164 AB 14.25921082982921 1.0971577601530573
61478.1299 lsst_hardware_z -7.790215685273378 41.220001220703125 30.950000762939453 AB 11.694522592321325 1.0497462008008132
61480.0966 lsst_hardware_g -11.956149449078623 28.6299991607666 31.610000610351562 AB 8.018454747636103 1.1154041797652985
61480.1179 lsst_hardware_r 62.814245171194365 30.59000015258789 31.559999465942383 AB 7.774180538904182 1.0622158184005897
61486.0894 lsst_hardware_z 1.2005372463098654 131.97000122070312 31.75 AB 5.75216926432824 1.0899764902087368
61488.0895 lsst_hardware_r 195.76236143638798 101.52999877929688 31.649999618530273 AB 5.8950355065371625 1.0764566631938282
61488.1075 lsst_hardware_i -39.85686419372553 80.02999877929688 31.34000015258789 AB 5.72673012388078 1.0414761379511555
61491.0732 lsst_hardware_z 38.76011253840089 46.790000915527344 30.959999084472656 AB 6.906596229390577 1.096633253316986
61491.0901 lsst_hardware_r -11.108012553796868 40.77000045776367 31.610000610351562 AB 6.809880983629014 1.0577634333067745
61495.0699 lsst_hardware_r -5.562644211129535 23.31999969482422 31.5 AB 5.160468226168181 1.0775857224845247
61495.0877 lsst_hardware_z -1.6130855380404556 41.439998626708984 30.959999084472656 AB 5.378405968090145 1.0425793008170603
61498.073 lsst_hardware_r 2.3272684018867587 22.920000076293945 31.5 AB 6.378075107356321 1.053922436874676
61498.0905 lsst_hardware_u 0.7547666346863858 2.799999952316284 28.530000686645508 AB 7.2602734410829575 1.0269733163552248
61499.986 lsst_hardware_z 85.00317953254837 87.87999725341797 31.68000030517578 AB 12.64527598600113 1.383887932804501
61501.9773 lsst_hardware_y -25.232933062849977 70.5999984741211 29.940000534057617 AB 15.936128829002731 1.4077230536639487
61501.9959 lsst_hardware_g -20.50254820246277 14.479999542236328 31.360000610351562 AB 14.558311653629076 1.2859279367233396
61503.9758 lsst_hardware_y -79.04415539669715 82.44999694824219 29.950000762939453 AB 12.644877242442854 1.3787392501028046
61503.9938 lsst_hardware_i -11.495200268042685 32.79999923706055 31.219999313354492 AB 11.56901034727943 1.2674200643382374
61505.9752 lsst_hardware_y -8.740544211397113 71.91999816894531 29.969999313354492 AB 3.9811521941939874 1.3455520723932874
61505.992 lsst_hardware_i 4.452679813811082 32.709999084472656 31.229999542236328 AB 3.601389784847951 1.2483153500338398
61509.9731 lsst_hardware_y -54.26632900140409 72.31999969482422 29.989999771118164 AB 14.684462331677341 1.2913674689833872
61509.991 lsst_hardware_z 28.425997084856604 48.529998779296875 30.950000762939453 AB 13.618498410759612 1.2016145419119963
61518.9678 lsst_hardware_y -4.675334445960729 68.05000305175781 30.0 AB 11.510380066484565 1.1956869501797522
61518.9857 lsst_hardware_z -72.96894274264193 42.56999969482422 30.940000534057617 AB 10.855026058752369 1.1290852983932151
61520.9681 lsst_hardware_y -72.50662251015798 61.689998626708984 30.020000457763672 AB 15.729420702117041 1.1721753261880201
61520.9855 lsst_hardware_u 2.6564856576782705 2.7200000286102295 28.40999984741211 AB 15.169634669368714 1.1128776076126494
61522.9667 lsst_hardware_y 59.1514859419882 61.0 30.020000457763672 AB 1.2418528882111335 1.1568261650780747
61522.985 lsst_hardware_r -1.1531775775854844 22.889999389648438 31.479999542236328 AB 1.1010452841712572 1.0988475889932707
61524.9656 lsst_hardware_y 5.946486939852228 59.31999969482422 30.030000686645508 AB 12.737114610623209 1.141403743764308
61524.9835 lsst_hardware_r -16.553907997943128 22.8700008392334 31.479999542236328 AB 12.283449690522836 1.0884758254783196
61526.9655 lsst_hardware_z 23.74864331854645 49.779998779296875 30.959999084472656 AB 10.509655877664303 1.1238671003419445
61526.9846 lsst_hardware_g 15.780305944420741 13.739999771118164 31.40999984741211 AB 9.96807737831879 1.0728360527716283
61528.0781 lsst_hardware_i 38.24481730618497 30.290000915527344 31.260000228881836 AB 13.244141561686718 1.0203826441542407
61528.0958 lsst_hardware_z 4.53291856536829 41.27000045776367 30.950000762939453 AB 13.853827665869478 1.0439567209878662
61528.9654 lsst_hardware_y 86.0378780317154 53.7400016784668 30.030000686645508 AB 12.138814804493844 1.1078087889111425
61528.9849 lsst_hardware_i 64.24778124051566 30.440000534057617 31.25 AB 11.673314125431215 1.060607756995409
61530.9644 lsst_hardware_y -63.144837115459715 54.810001373291016 30.040000915527344 AB 7.835826364704904 1.0955111890257578
61530.9841 lsst_hardware_r 11.494865364316649 22.459999084472656 31.489999771118164 AB 7.490515585618023 1.0516940495555795
61539.9716 lsst_hardware_y -143.61258634054184 77.33000183105469 30.809999465942383 AB 6.785933150829196 1.032447482122304
