data/validation/pwv_sim_epoch_fit_epoch/37757870.ecsv
# %ECSV 0.9
# ---
# datatype:
# - {name: time, datatype: float64}
# - {name: band, datatype: string}
# - {name: flux, datatype: float64}
# - {name: fluxerr, datatype: float64}
# - {name: zp, datatype: float64}
# - {name: zpsys, datatype: string}
# - {name: pwv, datatype: float64}
# - {name: airmass, datatype: float64}
# meta: {SNID: '37757870', alt: 1024.0, c: -0.0441514328122139, dec: -1.044512, lat: -30.244573, lon: -70.7499537, ra: 338.203125, t0: 63141.21875,
#   x0: 5.03755866711986e-06, x1: -0.571175754070282, z: 0.6114619374275208}
# schema: astropy-2.0
time band flux fluxerr zp zpsys pwv airmass
63021.4136 lsst_hardware_z 60.7469873055243 53.54999923706055 30.959999084472656 AB 13.44084554831856 1.1580696218260627
63021.4329 lsst_hardware_y -75.69429717168624 54.06999969482422 30.010000228881836 AB 12.815364762062927 1.1475418406169127
63033.3629 lsst_hardware_g -23.77217687932515 16.049999237060547 31.440000534057617 AB 7.8710991459694295 1.1837129326971372
63033.3834 lsst_hardware_r 26.965609799115402 25.459999084472656 31.510000228881836 AB 8.08983685934737 1.1556909799067672
63034.4183 lsst_hardware_i 13.57053207522637 32.90999984741211 31.239999771118164 AB 4.154333613981424 1.155238416049338
63034.4332 lsst_hardware_z 56.65287215035531 46.380001068115234 30.940000534057617 AB 4.206149953499525 1.1731545054386923
63037.3934 lsst_hardware_r 22.268568643926677 25.030000686645508 31.5 AB 4.385669043603747 1.1475051462670338
63037.4128 lsst_hardware_g -20.227478889568836 15.65999984741211 31.43000030517578 AB 4.429606507130752 1.1576887310371284
63043.3756 lsst_hardware_r 38.75086491403569 24.899999618530273 31.5 AB 6.196154790769373 1.1474360723646986
63043.3949 lsst_hardware_i -13.823472090905893 32.68000030517578 31.239999771118164 AB 6.243846933255815 1.1562679506029288
63045.3646 lsst_hardware_z -36.77637018829631 43.400001525878906 30.940000534057617 AB 5.812734697092371 1.1480244303742753
63045.386 lsst_hardware_i -53.5572665146609 32.59000015258789 31.239999771118164 AB 5.9834875181277996 1.15344337698848
63047.3312 lsst_hardware_r 5.495046652592732 24.729999542236328 31.5 AB 4.175740029903742 1.1725489729459948
63047.3514 lsst_hardware_u -0.36935598531959135 2.759999990463257 28.399999618530273 AB 4.15190677123669 1.1511756297328426
63049.3317 lsst_hardware_y -119.5952439426553 50.7599983215332 30.010000228881836 AB 9.048824549988904 1.164210299130126
63049.3521 lsst_hardware_r 81.1279014574752 47.0099983215332 31.600000381469727 AB 7.952433239623613 1.1484487312619673
63065.3015 lsst_hardware_r -9.126038835462284 24.40999984741211 31.489999771118164 AB 2.0729551901447496 1.1516417723026386
63065.3236 lsst_hardware_u -2.2810187250279492 2.7200000286102295 28.3700008392334 AB 2.068330374185044 1.1490724301028021
63067.294 lsst_hardware_g 4.944456119248647 15.119999885559082 31.420000076293945 AB 3.741196420447333 1.152999898435113
63067.3087 lsst_hardware_r 23.224438066623073 24.299999237060547 31.479999542236328 AB 3.6974250335296626 1.147466842588149
63069.306 lsst_hardware_i 7.085385895792316 32.189998626708984 31.239999771118164 AB 5.539083099184586 1.147520840933206
63069.326 lsst_hardware_z -10.678029044816173 43.33000183105469 30.940000534057617 AB 5.59326040014588 1.158264733929567
63072.2863 lsst_hardware_r -15.747519514445457 24.450000762939453 31.5 AB 6.854543749330357 1.1495768810370681
63072.3046 lsst_hardware_g 2.3694324578556154 15.170000076293945 31.43000030517578 AB 6.190014782429128 1.1491186304226348
63077.3163 lsst_hardware_i -41.34252390516739 40.59000015258789 31.270000457763672 AB 5.199489012239871 1.1739645545811404
63077.335 lsst_hardware_z -9.92881866369136 44.540000915527344 30.93000030517578 AB 5.821525800376239 1.2129863454041339
63083.166 lsst_hardware_i 141.35613330066514 124.23999786376953 31.260000228881836 AB 2.865524331480289 1.416939672728015
63083.1944 lsst_hardware_z 34.76699170720705 99.44000244140625 30.969999313354492 AB 2.134609371797391 1.2736332767287535
63085.259 lsst_hardware_r -53.821827815588925 99.91000366210938 32.380001068115234 AB 4.8513687146865605 1.1475060527908607
63085.2795 lsst_hardware_z -19.175567078434778 83.58999633789062 31.719999313354492 AB 4.924193674130891 1.1556427303757082
63088.2073 lsst_hardware_r 17.261161175717053 24.770000457763672 31.479999542236328 AB 4.9981336078103595 1.1947729739786903
63088.2259 lsst_hardware_i -8.9412123223951 34.290000915527344 31.25 AB 5.241959221671236 1.1633932689723838
63100.1833 lsst_hardware_r -1.487381927524986 25.06999969482422 31.5 AB 2.9386692877861877 1.1777840236944073
63100.1979 lsst_hardware_g 10.802667945403394 15.640000343322754 31.440000534057617 AB 2.875439342100486 1.1581282172654168
63102.1833 lsst_hardware_r 15.67435483662935 24.93000030517578 31.489999771118164 AB 3.5018668825085046 1.1692051581787388
63102.2006 lsst_hardware_i -19.666046385336227 32.61000061035156 31.239999771118164 AB 3.4262503926912165 1.1515840324985183
63108.1462 lsst_hardware_i -8.86254642604897 80.66999816894531 31.299999237060547 AB 4.985225197210703 1.210079542984575
63108.1641 lsst_hardware_z 43.47576117864333 71.80000305175781 30.969999313354492 AB 4.81954473682055 1.1734475681095362
63110.1514 lsst_hardware_r -114.32748532298858 178.19370815408263 31.6200008392334 AB 1.5420515744987067 1.186193518845159
63110.1697 lsst_hardware_z -25.966220885056284 116.97422499551834 30.989999771118164 AB 1.7582650143570937 1.1590408796025669
63113.1615 lsst_hardware_y 5.148758004272039 54.885558050923954 30.010000228881836 AB 1.6226707848331994 1.1590505605951424
63113.1812 lsst_hardware_r -86.86992670883188 81.3017047792376 31.6299991607666 AB 1.72147270395238 1.1476484693015867
63115.1636 lsst_hardware_i 32.24417764041507 42.337174314253645 31.280000686645508 AB 0.6987410149436958 1.1525624988761993
63115.1824 lsst_hardware_z -6.985528285616726 49.38400326357021 30.950000762939453 AB 0.7652888730218181 1.1477898358027174
63118.128 lsst_hardware_z 56.360131698584425 45.141863463684146 30.93000030517578 AB 3.9319089014039914 1.1892951583406322
63118.1455 lsst_hardware_r 120.98310816026247 26.541286059374016 31.479999542236328 AB 3.8407841590662537 1.1616152911962863
63121.1259 lsst_hardware_u 14.041812941739737 4.613498402794486 28.309999465942383 AB 4.046371553701607 1.177897257463641
63121.1445 lsst_hardware_r 253.88321001787645 29.874156208983756 31.489999771118164 AB 3.9637045216503135 1.1545891411739917
63123.1272 lsst_hardware_i 384.4554263409291 38.18822177017604 31.229999542236328 AB 1.9817859977638987 1.1674733418344028
63123.1455 lsst_hardware_z 402.4015163057709 46.74124409821956 30.93000030517578 AB 1.9481843203691542 1.150332718812668
63125.1245 lsst_hardware_r 572.5173955833603 35.33871208824301 31.489999771118164 AB 4.189925184791245 1.163868106886457
63125.1432 lsst_hardware_u 13.565269097548939 5.372482335488413 28.3799991607666 AB 3.6609295333550125 1.1489474422078707
63128.1039 lsst_hardware_u 10.52223791701413 4.934194596713283 28.40999984741211 AB 6.63774406893725 1.1830579970776942
63128.1239 lsst_hardware_g 303.6482217934204 23.816480645231515 31.440000534057617 AB 6.483509176996186 1.1558430907409412
63136.1005 lsst_hardware_i 1353.0063740740286 81.27782158265867 31.309999465942383 AB 3.742312925561064 1.157267236354407
63136.1204 lsst_hardware_z 909.6478466387046 73.96024011515053 30.969999313354492 AB 3.764703666012263 1.1474839723684824
63142.073 lsst_hardware_r 1819.451556614035 73.94676514230332 31.610000610351562 AB 3.471996723982599 1.170796399926935
63142.092 lsst_hardware_i 1690.996510150073 71.20060608516252 31.299999237060547 AB 4.1351889565181885 1.1512218698548622
63146.0705 lsst_hardware_u 1.8916865162468457 2.812394586677739 28.360000610351562 AB 4.840976837734832 1.1600016384675809
63146.0896 lsst_hardware_r 1553.6993407698885 45.876929229614035 31.489999771118164 AB 9.234538278233826 1.1478962401852613
63148.0647 lsst_hardware_i 1184.0476435878506 48.186555365344994 31.239999771118164 AB 3.434695355312443 1.16037005247042
63148.0826 lsst_hardware_z 1065.465004638106 53.81144083315547 30.940000534057617 AB 3.862722748970762 1.148252898028511
63150.0675 lsst_hardware_r 1221.5445923041307 43.25122738438411 31.5 AB 3.4618866396307935 1.1529373799832945
63150.0855 lsst_hardware_u -1.2459675610192982 2.7830591758467853 28.40999984741211 AB 4.819938716224437 1.1476044562439134
63154.0344 lsst_hardware_r 958.7631646881501 39.79123078483741 31.479999542236328 AB 7.994823115581312 1.1803380584027527
63154.0519 lsst_hardware_i 985.0070683927286 45.1717245203308 31.229999542236328 AB 6.837948758410742 1.1567523556576196
63156.0382 lsst_hardware_z 869.5390594315609 51.960315228833664 30.940000534057617 AB 8.247410038835639 1.165986339137898
63156.0568 lsst_hardware_r 832.9911777689124 38.46799473068643 31.5 AB 7.509014434719424 1.1496615531989873
63158.0356 lsst_hardware_u -6.036748789704225 2.8440374972391735 28.389999389648438 AB 4.710670074282261 1.1624108758252982
63158.0528 lsst_hardware_r 810.0026652275193 36.97230741868591 31.5 AB 4.337024459607875 1.149058210215585
63162.0373 lsst_hardware_r 556.8411771922787 43.84183763735931 31.56999969482422 AB 4.5630762086098136 1.1512744313384164
63162.0556 lsst_hardware_z 674.8689344054949 53.17865553155048 30.950000762939453 AB 5.017521138839742 1.148108492383672
63164.0338 lsst_hardware_y 224.94838027732476 57.204778861904366 30.020000457763672 AB 4.152249724980526 1.150207680050007
63164.0506 lsst_hardware_r 740.6198024654144 79.9014203476766 31.6200008392334 AB 4.391670202915413 1.148224119985728
63167.0087 lsst_hardware_z 697.8598345137082 82.35685847760483 30.979999542236328 AB 4.1489995747211585 1.1652856550262372
63167.0267 lsst_hardware_i 513.1957031658185 90.14261548600393 31.31999969482422 AB 4.081014723362234 1.1496895642864777
63169.0082 lsst_hardware_y 209.9199080306034 63.456964852376416 30.020000457763672 AB 5.268606776545697 1.1594645194863682
63169.0251 lsst_hardware_r 304.61938780308043 99.19474678279329 31.6299991607666 AB 5.229331120186412 1.1482940536202046
63171.011 lsst_hardware_y 142.74065570165206 54.57747738579391 30.010000228881836 AB 4.825495869737844 1.1523572226239627
63171.0289 lsst_hardware_r 251.37789739102502 49.66478503597505 31.600000381469727 AB 4.7885767373856885 1.1476975483068965
