data/validation/pwv_sim_epoch_fit_epoch/37783084.ecsv
# %ECSV 0.9
# ---
# datatype:
# - {name: time, datatype: float64}
# - {name: band, datatype: string}
# - {name: flux, datatype: float64}
# - {name: fluxerr, datatype: float64}
# - {name: zp, datatype: float64}
# - {name: zpsys, datatype: string}
# - {name: pwv, datatype: float64}
# - {name: airmass, datatype: float64}
# meta: {SNID: '37783084', alt: 1024.0, c: -0.027315733954310417, dec: 3.882372, lat: -30.244573, lon: -70.7499537, ra: 119.355469, t0: 62579.875,
#   x0: 5.77122580149273e-06, x1: 0.6536474227905273, z: 0.5781047344207764}
# schema: astropy-2.0
time band flux fluxerr zp zpsys pwv airmass
62462.3414 lsst_hardware_r -43.9483528789338 98.05000305175781 31.6200008392334 AB 5.872567248750245 1.2137583014985005
62467.2928 lsst_hardware_z 39.04708985755167 61.849998474121094 30.959999084472656 AB 4.875726312118978 1.2762846180536285
62467.3121 lsst_hardware_y 75.30743230901682 54.970001220703125 30.0 AB 4.7619040802565165 1.233254536809716
62472.3346 lsst_hardware_r 19.4299835212754 24.829999923706055 31.489999771118164 AB 8.039195133822568 1.2072223048875164
62472.3544 lsst_hardware_y 107.56032752041313 74.87000274658203 30.010000228881836 AB 8.162173918248536 1.220968424569657
62474.2116 lsst_hardware_r 7.33369735275728 24.969999313354492 31.389999389648438 AB 7.0940911334292345 1.6209507902271756
62476.3361 lsst_hardware_g -7.3463684797382 15.25 31.389999389648438 AB 5.106720865006529 1.2135022550957115
62478.2953 lsst_hardware_r -34.435440607201976 24.209999084472656 31.469999313354492 AB 6.750574247630861 1.2159180296534227
62478.3147 lsst_hardware_i -36.11254123467278 32.540000915527344 31.229999542236328 AB 6.643672306969284 1.2068432891860643
62480.2992 lsst_hardware_z -78.32522544568386 43.470001220703125 30.93000030517578 AB 12.185422108566556 1.2091711345637488
62480.3189 lsst_hardware_r -21.558837850383405 23.799999237060547 31.469999313354492 AB 12.191469998287134 1.2093512546658822
62482.2996 lsst_hardware_u 1.2767122362234051 2.6600000858306885 28.329999923706055 AB 12.706773917748505 1.2071988521334975
62482.3175 lsst_hardware_g 2.163190109691602 14.609999656677246 31.389999389648438 AB 12.724747728676762 1.2118037961408652
62484.2965 lsst_hardware_r 1.6509532725906138 23.969999313354492 31.469999313354492 AB 8.733649018340826 1.2068885536295966
62484.3155 lsst_hardware_z -68.36168801167125 43.75 30.93000030517578 AB 8.759575515589978 1.2145553368968725
62486.2996 lsst_hardware_r 5.248113265397441 24.030000686645508 31.479999542236328 AB 12.78283957387581 1.2080970584998976
62486.3185 lsst_hardware_u -0.15703455746996847 2.7200000286102295 28.3700008392334 AB 12.949576362100666 1.2238971796677873
62492.226 lsst_hardware_z -128.10173062366147 139.36000061035156 31.719999313354492 AB 6.0765888456688835 1.2722288043133407
62492.2449 lsst_hardware_r 23.633751353964893 142.67999267578125 31.610000610351562 AB 5.883948862386348 1.2315098606173682
62494.2537 lsst_hardware_z -63.99215136487015 113.7300033569336 31.729999542236328 AB 6.794966468434123 1.2140191710148065
62504.2494 lsst_hardware_r 33.21719357486074 24.219999313354492 31.469999313354492 AB 4.140124276123851 1.2077375367922536
62504.2704 lsst_hardware_u 3.447167705163286 2.619999885559082 28.280000686645508 AB 5.351699153584182 1.225299355930134
62508.207 lsst_hardware_r -27.98497451452638 34.45000076293945 32.220001220703125 AB 9.799108071423332 1.2231048144069063
62508.2305 lsst_hardware_z -18.81268283772263 61.91999816894531 31.68000030517578 AB 10.447839158150932 1.2069124942030343
62511.2061 lsst_hardware_r -24.845086948263713 24.6299991607666 31.479999542236328 AB 9.246172896895565 1.2150562307015944
62511.2272 lsst_hardware_u 2.8664021535319955 2.700000047683716 28.329999923706055 AB 8.790261113197982 1.2070389444830771
62513.1878 lsst_hardware_g -27.231019983011297 14.930000305175781 31.389999389648438 AB 7.691420581760593 1.231119740978085
62513.2076 lsst_hardware_r 12.436959691986551 24.440000534057617 31.479999542236328 AB 7.575795419464118 1.2099332548121995
62516.1899 lsst_hardware_r 34.9085758847345 56.65999984741211 31.600000381469727 AB 7.38778862145314 1.2175499355532349
62516.2079 lsst_hardware_z 13.863828769884732 52.54999923706055 30.950000762939453 AB 7.304128809653523 1.2069947632245763
62518.1957 lsst_hardware_z 14.620442485874232 71.54000091552734 30.959999084472656 AB 3.712522490317649 1.2090281666253742
62518.216 lsst_hardware_i -72.51741082733797 79.41999816894531 31.299999237060547 AB 3.9382091702405835 1.2097714018760752
62524.1524 lsst_hardware_g 4.564459471996035 70.45999908447266 31.639999389648438 AB 9.534326825209197 1.2404796806153002
62524.1712 lsst_hardware_r -20.297695785375968 71.9000015258789 31.600000381469727 AB 10.564765942686837 1.2145154122933566
62528.1412 lsst_hardware_r -6.648963841207445 24.530000686645508 31.459999084472656 AB 13.651087747111164 1.241007977010106
62528.1598 lsst_hardware_u 2.204640297886126 2.5899999141693115 28.25 AB 13.364361011828073 1.2149419101661885
62532.1417 lsst_hardware_z -45.66191664973259 44.16999816894531 30.93000030517578 AB 11.097501111526762 1.2227977644787353
62532.1605 lsst_hardware_r 28.202872257965495 24.520000457763672 31.479999542236328 AB 10.984281304720447 1.2078270670721003
62538.1392 lsst_hardware_z 34.925446872485445 43.869998931884766 30.93000030517578 AB 4.779907007280931 1.210000930034832
62538.1587 lsst_hardware_r -13.933983540355989 24.239999771118164 31.469999313354492 AB 4.760805174062128 1.2084795466587455
62540.1004 lsst_hardware_r 22.433435548019343 24.559999465942383 31.459999084472656 AB 10.797714944927849 1.2582549606627826
62540.1213 lsst_hardware_u 3.103334084843823 2.5899999141693115 28.25 AB 10.390694345804155 1.220998160494005
62542.1062 lsst_hardware_g -23.288749043111945 21.5 31.510000228881836 AB 4.325523031425866 1.2351285277123234
62542.1256 lsst_hardware_i 14.037324985260556 34.61000061035156 31.239999771118164 AB 4.210950265174692 1.2116970765195862
62544.0929 lsst_hardware_z 84.05265852424382 50.84000015258789 30.940000534057617 AB 5.648026834422969 1.250439504318579
62544.1097 lsst_hardware_r 98.50685269088531 46.72999954223633 31.579999923706055 AB 5.5029056228777735 1.2218271005168393
62545.0973 lsst_hardware_y 120.37286767357863 74.70999908447266 30.739999771118164 AB 4.2285818918389975 1.2363672019411327
62547.0924 lsst_hardware_r 169.85547273056386 104.0999984741211 31.610000610351562 AB 1.8406173017403753 1.2353827183223165
62547.1092 lsst_hardware_i 157.06174109679344 86.88999938964844 31.299999237060547 AB 1.7905810868267604 1.2138161248401946
62551.0908 lsst_hardware_z 87.46115422351463 76.1208977667756 30.979999542236328 AB 4.125315607241606 1.2215616850561202
62551.1082 lsst_hardware_r -51.721249123120344 109.51233179953222 31.6200008392334 AB 4.01848161492846 1.2079604052891162
62553.091 lsst_hardware_i 91.92994397915528 53.86104567115611 31.290000915527344 AB 5.563835414619085 1.2154304408255483
62553.1081 lsst_hardware_z 52.51336679480864 54.67762474205428 30.959999084472656 AB 5.492597044155021 1.206854735596372
62555.0881 lsst_hardware_r 98.98712357963186 27.963315843685304 31.489999771118164 AB 7.977108231930507 1.2132022709296997
62555.1077 lsst_hardware_z -9.399540845819335 47.23836113310086 30.93000030517578 AB 7.957473441711822 1.2071257354218048
62560.0887 lsst_hardware_i 491.80130571108265 38.357427382786604 31.229999542236328 AB 6.3732059964006735 1.206875159096847
62560.1055 lsst_hardware_z 340.1927492770479 47.046626939231814 30.940000534057617 AB 6.2609078800013975 1.2124730825468697
62562.0522 lsst_hardware_z 497.3980899587783 48.96194338122276 30.93000030517578 AB 3.57265762622486 1.2340786273661002
62562.0701 lsst_hardware_r 856.7881784752847 36.62229737464351 31.479999542236328 AB 3.4688996444214295 1.2123367816011519
62565.0489 lsst_hardware_i 838.8554469121962 43.486097199973614 31.219999313354492 AB 13.122923819352422 1.2264414784441517
62565.0668 lsst_hardware_z 679.5257848791996 49.82939883587653 30.93000030517578 AB 12.939393692588807 1.2092891301484867
62567.0494 lsst_hardware_r 1390.6341046857733 43.64810051952866 31.469999313354492 AB 7.823575033513945 1.218878536588152
62567.0678 lsst_hardware_u 7.281236105749151 3.1221373136030808 28.299999237060547 AB 7.853854697410491 1.2071091804001792
62569.0474 lsst_hardware_g 518.2167940596245 27.0915946378265 31.3700008392334 AB 13.158638827029794 1.2153447444630172
62569.0654 lsst_hardware_r 1535.191871260752 46.0675758950939 31.459999084472656 AB 13.020412209012004 1.206804252013182
62576.0381 lsst_hardware_r 2212.8860442674563 111.27973300825691 31.6200008392334 AB 9.791396443683293 1.2086651578426484
62576.0587 lsst_hardware_z 1231.7019471558215 84.83672358100796 30.969999313354492 AB 9.416934657070355 1.2103640187745066
62577.0416 lsst_hardware_r 2331.9035080912245 112.9338820307376 31.6200008392334 AB 9.544714476166176 1.2069440210962727
62577.0608 lsst_hardware_i 1740.0997157488844 94.4783254575037 31.309999465942383 AB 9.938071423062679 1.213847314185188
62579.039 lsst_hardware_z 1260.8398769069813 80.3768532636254 30.969999313354492 AB 8.204450276202284 1.206803011870629
62579.0591 lsst_hardware_i 1783.4672547254193 92.58275213689664 31.299999237060547 AB 8.856699381670749 1.2173878328107584
62585.0036 lsst_hardware_z 2377.9018223864878 81.24626387388771 31.690000534057617 AB 9.987325724229148 1.2154467231628514
62592.9913 lsst_hardware_y 381.742660277431 54.51227902848832 29.989999771118164 AB 9.432926578173856 1.2088329660197166
62593.0141 lsst_hardware_i 1185.8256442750026 47.49556061991039 31.229999542236328 AB 9.398294182933395 1.2115367200412592
62594.9873 lsst_hardware_y 424.6769420029865 56.066289420242825 29.989999771118164 AB 7.535108362218859 1.2082271085094127
62595.0062 lsst_hardware_g 121.5105279699886 19.702087315795122 31.3799991607666 AB 6.1710163046727695 1.2100031969946607
62602.9805 lsst_hardware_y 222.35385622238286 60.236967210502755 30.010000228881836 AB 6.5327901186727315 1.2081911292914045
62602.9974 lsst_hardware_z 793.5381643306791 64.18799783636811 30.959999084472656 AB 6.610202160471767 1.2217547312385362
62828.3417 lsst_hardware_g -20.444804430322417 16.360000610351562 31.43000030517578 AB 8.028223438973983 1.2118987756017787
62830.3344 lsst_hardware_i 33.879382631060686 32.63999938964844 31.219999313354492 AB 6.7815465317495125 1.2133015025791856
62830.3539 lsst_hardware_y 119.58821564750058 67.55000305175781 30.010000228881836 AB 6.692887716755236 1.2070856769427505
62832.3333 lsst_hardware_r -36.62139582213107 24.139999389648438 31.479999542236328 AB 4.702126724532551 1.2102507495096972
62832.354 lsst_hardware_y -19.06629499906169 69.69000244140625 30.010000228881836 AB 4.75761365110155 1.2087944910696296
62834.2909 lsst_hardware_g 14.788902313060836 14.59000015258789 31.3700008392334 AB 6.358442262759346 1.2684117222694709
62834.3105 lsst_hardware_y 171.84249650118863 49.369998931884766 29.989999771118164 AB 5.51986053280441 1.2282050470722674
62837.3302 lsst_hardware_z 58.16375985186308 44.16999816894531 30.93000030517578 AB 7.865126308079345 1.2068321573402188
62837.35 lsst_hardware_y 55.15554566693733 62.279998779296875 30.0 AB 8.143597668355117 1.215462338560465
62839.3327 lsst_hardware_u 2.6463883942749464 2.950000047683716 28.440000534057617 AB 4.275577059929884 1.2079323065132692
62839.3515 lsst_hardware_y -18.38398458471031 66.66000366210938 30.010000228881836 AB 5.299534016535339 1.223251677279835
62845.2351 lsst_hardware_r -24.365265897949964 168.3699951171875 32.34000015258789 AB 12.745857567354527 1.3596064820816236
62845.2596 lsst_hardware_z 14.274372503677462 81.02999877929688 30.969999313354492 AB 11.775932086227675 1.271801937114526
62850.2953 lsst_hardware_z 13.715228045863366 63.4900016784668 30.969999313354492 AB 9.97583389817767 1.206796344874933
62850.314 lsst_hardware_i 87.136714210652 66.5 31.299999237060547 AB 10.03822519157857 1.214983543712698
62854.2835 lsst_hardware_y -39.43154981865804 49.68000030517578 30.0 AB 5.268460779625868 1.2068401740066128
62854.3037 lsst_hardware_g 27.38941154487116 20.770000457763672 31.510000228881836 AB 5.929081719411763 1.215556971108712
62856.2775 lsst_hardware_r 21.45691362810117 24.479999542236328 31.489999771118164 AB 6.514770657444045 1.2068860054546673
62856.2981 lsst_hardware_i 29.37931232702451 32.869998931884766 31.239999771118164 AB 7.459665722495354 1.215424150304742
62859.2488 lsst_hardware_i -14.604836948752158 32.25 31.229999542236328 AB 8.743385045496789 1.2195534283282994
62859.2676 lsst_hardware_z -118.63410010499274 43.5 30.940000534057617 AB 6.749865552331061 1.2071294579429617
62864.2475 lsst_hardware_g 30.248870692625516 14.890000343322754 31.420000076293945 AB 8.705044589043439 1.2093699067856958
62864.2699 lsst_hardware_i -24.314830938828887 32.540000915527344 31.239999771118164 AB 8.702192557338138 1.2105012425151873
62867.2486 lsst_hardware_z 8.268694039028212 62.0099983215332 31.68000030517578 AB 8.489201709316227 1.2067961821447348
62867.2716 lsst_hardware_r -13.199562613958017 34.380001068115234 32.22999954223633 AB 8.620172084763102 1.2190484660749406
62869.2515 lsst_hardware_y 12.842453887127201 48.900001525878906 29.989999771118164 AB 5.2750394148933095 1.2081626327197714
62869.2731 lsst_hardware_g -24.218510145680355 14.640000343322754 31.3799991607666 AB 5.345426844705043 1.2281279367501539
62873.2093 lsst_hardware_i 22.293598993400746 91.31999969482422 31.299999237060547 AB 10.648343117174864 1.2210469135205486
62873.2316 lsst_hardware_z -52.852680827561585 79.05000305175781 30.969999313354492 AB 10.451141630213835 1.2068292875535607
62880.1971 lsst_hardware_g -85.99975192033295 51.630001068115234 31.639999389648438 AB 9.62298882671837 1.2139253823415304
62880.2162 lsst_hardware_i -70.47339683141503 49.119998931884766 31.280000686645508 AB 9.510985549661813 1.2068885192079875
62888.1616 lsst_hardware_i 7.573714555250088 32.65999984741211 31.219999313354492 AB 12.64441588181248 1.2304204623959984
62888.1815 lsst_hardware_z -27.27604767217806 43.86000061035156 30.93000030517578 AB 11.7915078722136 1.2096025309377145
62890.1589 lsst_hardware_r -0.21872756977931748 24.389999389648438 31.479999542236328 AB 17.27588484536744 1.2262837056620841
62890.1808 lsst_hardware_u 1.483400058065113 2.690000057220459 28.350000381469727 AB 13.840466296528144 1.2076317571318091
62894.1416 lsst_hardware_z 0.013336496796635728 44.02000045776367 30.93000030517578 AB 14.673633733118049 1.2364727037625456
62894.1602 lsst_hardware_r -50.86004054082803 24.31999969482422 31.479999542236328 AB 14.389491605185377 1.2128360861842533
62898.1398 lsst_hardware_r 1.1956740508760928 44.68000030517578 31.579999923706055 AB 10.297775004558217 1.2225780606147711
62898.1582 lsst_hardware_i -60.77248225489079 43.040000915527344 31.270000457763672 AB 10.131576330902595 1.2078655616240577
62909.1274 lsst_hardware_z 22.689681398565643 50.31999969482422 30.950000762939453 AB 4.858499777884435 1.2081312390611472
62909.1442 lsst_hardware_r -53.41860121972923 49.9900016784668 31.59000015258789 AB 4.897453321053267 1.2089492276112652
62911.1287 lsst_hardware_i -21.929506954451128 32.439998626708984 31.229999542236328 AB 2.1323563054381847 1.2067664433719212
62911.1462 lsst_hardware_z 90.06338548505671 45.40999984741211 30.940000534057617 AB 2.140020991380179 1.2138519520023705
62915.0323 lsst_hardware_u 0.7737335375006509 3.3399999141693115 28.3799991607666 AB 5.11372582281078 1.4188372225139736
62915.0478 lsst_hardware_g 6.42022852330829 14.539999961853027 31.34000015258789 AB 6.2699228430321154 1.3428355187646863
62920.0932 lsst_hardware_z 12.6556348441087 44.20000076293945 30.940000534057617 AB 7.970172702548665 1.2101077032059313
62920.111 lsst_hardware_r -4.087393454943356 24.290000915527344 31.479999542236328 AB 7.95582001958621 1.2077146139789314
62922.0895 lsst_hardware_u -5.163413991888082 2.7100000381469727 28.360000610351562 AB 9.275495384770595 1.2091637837010294
62922.1083 lsst_hardware_r -4.678706771993801 24.190000534057617 31.469999313354492 AB 9.20440997190116 1.2087606253522651
62924.0852 lsst_hardware_i -30.054200567984594 32.849998474121094 31.239999771118164 AB 7.953064799746208 1.2086265415062054
62924.103 lsst_hardware_z -57.18180487628248 43.93000030517578 30.940000534057617 AB 7.923597124405797 1.2088328501324683
62926.0518 lsst_hardware_z -14.754122094046883 46.68000030517578 30.93000030517578 AB 4.667454938528119 1.2409318547100352
62926.0701 lsst_hardware_r -7.343685626267189 34.93000030517578 31.549999237060547 AB 4.527649646932635 1.215150200465012
62931.0503 lsst_hardware_r -95.64338740542406 116.22000122070312 31.610000610351562 AB 6.481680130236692 1.2218058680936272
62931.069 lsst_hardware_i 45.256721302204596 98.61000061035156 31.309999465942383 AB 6.362719544113053 1.2075763036843903
62936.0454 lsst_hardware_z 37.5106442692657 58.22999954223633 30.959999084472656 AB 8.7097725716114 1.2129194715021097
62936.0646 lsst_hardware_r -5.481501651937761 74.05999755859375 31.610000610351562 AB 8.64402790117104 1.2070557376395021
62938.0432 lsst_hardware_i 17.227874853662335 32.619998931884766 31.229999542236328 AB 12.634801921972029 1.2106166006360934
62938.0624 lsst_hardware_z -16.44988120002387 48.18000030517578 30.940000534057617 AB 12.579163421672785 1.2078895819802626
62940.0419 lsst_hardware_r 31.475660576270894 24.100000381469727 31.459999084472656 AB 11.68580515017409 1.2084596846095232
62940.0616 lsst_hardware_u -3.9780396558245585 2.630000114440918 28.290000915527344 AB 11.680194569777907 1.210006689089205
62945.038 lsst_hardware_i 41.98615838859156 32.5 31.239999771118164 AB 5.848170366646916 1.2068036249786764
62945.0566 lsst_hardware_z 16.48936561540256 43.970001220703125 30.940000534057617 AB 4.538884010640074 1.2168589840858108
62946.9999 lsst_hardware_y -100.50415320000666 52.09000015258789 30.0 AB 6.227103469648963 1.231362637155631
62947.0183 lsst_hardware_r 9.496450411750189 24.360000610351562 31.489999771118164 AB 6.3794130874838375 1.2108211604739665
62950.9944 lsst_hardware_y 82.03270521124048 54.470001220703125 29.989999771118164 AB 10.125289772166644 1.2234521232680662
62951.0119 lsst_hardware_z 31.702363193452058 43.959999084472656 30.93000030517578 AB 9.040775761789359 1.2084444522085223
62952.9938 lsst_hardware_y -34.033982294716964 54.77000045776367 30.0 AB 7.5716332175127405 1.2176959179017053
62953.0125 lsst_hardware_u 0.8129248158611868 3.130000114440918 28.520000457763672 AB 8.327388612135822 1.206867914802293
62954.9921 lsst_hardware_y -6.662351908758742 54.56999969482422 29.989999771118164 AB 8.102224543982011 1.2140892401261725
62955.0111 lsst_hardware_r -12.658163216018256 34.220001220703125 31.549999237060547 AB 7.214472291028802 1.206837117937195
62958.9871 lsst_hardware_y -52.14379252123884 63.630001068115234 30.0 AB 11.017475354074298 1.2098806154096173
62959.0052 lsst_hardware_z 27.62300266021357 69.2300033569336 30.969999313354492 AB 7.63748458981287 1.207937145990727
62960.9861 lsst_hardware_y -135.61796200764542 59.29999923706055 30.0 AB 11.284331761653423 1.207881587588939
62961.0046 lsst_hardware_i -169.62937131921026 69.62000274658203 31.299999237060547 AB 9.270474963368649 1.210205275724506
62962.9839 lsst_hardware_y 60.789621667196464 61.18000030517578 30.010000228881836 AB 13.673475673896988 1.2070511717776322
62963.0018 lsst_hardware_i -107.04357559445697 69.88999938964844 31.299999237060547 AB 12.930519821207033 1.2119521819455101
62963.984 lsst_hardware_y -94.15827865413767 58.7599983215332 30.0 AB 10.55342195289665 1.2067604645832481
62964.0027 lsst_hardware_g -67.09016728943267 88.62999725341797 31.65999984741211 AB 9.298673590709063 1.2149173399587008
62966.9822 lsst_hardware_y 66.78183663375329 53.380001068115234 30.0 AB 3.6056114546191167 1.207572912515473
62967.0002 lsst_hardware_i 5.237370374286665 32.86000061035156 31.229999542236328 AB 2.1561749467586613 1.2209371159448819
