data/validation/pwv_sim_epoch_fit_epoch/37812877.ecsv
# %ECSV 0.9
# ---
# datatype:
# - {name: time, datatype: float64}
# - {name: band, datatype: string}
# - {name: flux, datatype: float64}
# - {name: fluxerr, datatype: float64}
# - {name: zp, datatype: float64}
# - {name: zpsys, datatype: string}
# - {name: pwv, datatype: float64}
# - {name: airmass, datatype: float64}
# meta: {SNID: '37812877', alt: 1024.0, c: 0.010234948247671127, dec: -55.682144, lat: -30.244573, lon: -70.7499537, ra: 53.270271, t0: 61993.8828125,
#   x0: 1.4892394647658395e-05, x1: 0.41975167393684387, z: 0.38913536071777344}
# schema: astropy-2.0
time band flux fluxerr zp zpsys pwv airmass
62009.3473 lsst_hardware_r 2695.9998082143707 57.20387762449609 31.459999084472656 AB 3.1813164919494263 1.1609231815896215
62009.3628 lsst_hardware_y 502.7295435382673 52.54571131118704 30.010000228881836 AB 3.1325670062897997 1.1380806562360761
62016.4181 lsst_hardware_z 1535.5497832029666 71.31141417108759 30.979999542236328 AB 0.9494494935300424 1.1128534794257188
62020.4135 lsst_hardware_i 1883.7492223454474 77.14211369491139 31.309999465942383 AB 2.305749579285081 1.1168561779051007
62026.215 lsst_hardware_g 841.0987115242465 38.08249794426848 32.7599983215332 AB 3.314585010465187 1.4386219663477375
62026.2369 lsst_hardware_r 3620.6279255484023 75.33688580554089 32.939998626708984 AB 3.1018307033066 1.3377648231627086
62027.3283 lsst_hardware_i 2918.648716465941 70.13324221347827 31.989999771118164 AB 1.806126892797314 1.1223988976472172
62027.3849 lsst_hardware_r 866.8497337423535 38.81805337764319 31.5 AB 1.3450323980081489 1.111214373569555
62027.402 lsst_hardware_y 423.8254211665336 55.88983012832496 30.030000686645508 AB 1.3741608018277691 1.1229862177835215
62031.3992 lsst_hardware_i 1270.9313997724992 50.11305750180741 31.260000228881836 AB 1.8937140474341643 1.1311383060831246
62033.3852 lsst_hardware_z 1138.2572312363359 53.12158597674936 30.940000534057617 AB 6.595528637134253 1.122611325148656
62033.3983 lsst_hardware_r 678.6997437936435 37.06443588535217 31.510000228881836 AB 6.751165679302839 1.136464216699132
62035.3863 lsst_hardware_u 3.999918704809079 3.0016236931845643 28.459999084472656 AB 1.580594808340779 1.1289962916719851
62035.3995 lsst_hardware_g 193.38065297452417 29.87344217287346 31.59000015258789 AB 1.603328867476996 1.1452349053407116
62041.3689 lsst_hardware_r 454.82054964183527 30.317967856084202 31.459999084472656 AB 5.392652981725819 1.1279341103797988
62041.3801 lsst_hardware_u 2.172697458079821 2.8276524489779753 28.360000610351562 AB 4.564452692635379 1.1411131731588446
62044.3631 lsst_hardware_z 671.3485273891628 49.51064997081122 30.940000534057617 AB 4.7200051050341045 1.1304724519571534
62044.3748 lsst_hardware_r 354.3131501865395 29.775790869293964 31.459999084472656 AB 4.78499850921945 1.1450560784635258
62046.2384 lsst_hardware_r 382.35153835564057 82.50645608316684 31.6200008392334 AB 3.8020114264084164 1.1751831933878532
62048.369 lsst_hardware_r 355.7366508475591 82.43276775736555 31.6299991607666 AB 8.75978190105423 1.152602881717662
62048.3818 lsst_hardware_i 757.0167399330222 69.94034127780756 31.309999465942383 AB 9.40980049468627 1.174719951897309
62050.3542 lsst_hardware_i 676.9802126394775 60.26581859926182 31.299999237060547 AB 4.10176721144834 1.1393797809578723
62050.3659 lsst_hardware_z 582.7589953343721 59.17143528981556 30.959999084472656 AB 4.162779867757961 1.1563277410438781
62052.3513 lsst_hardware_r 479.9091051360397 54.0823394473168 31.600000381469727 AB 3.290414771655883 1.1427696590608531
62052.3629 lsst_hardware_z 550.763865245023 54.69517462573487 30.950000762939453 AB 3.32680511784096 1.1603784854694663
62054.3496 lsst_hardware_g 130.51133743522365 36.783770697620675 31.639999389648438 AB 5.00701941476177 1.148069799887971
62054.3617 lsst_hardware_i 652.7135243256463 44.86640228688248 31.270000457763672 AB 5.047835255309633 1.1678045703434663
62055.3402 lsst_hardware_z 541.5954185770412 49.4635523241143 30.950000762939453 AB 6.285206029979291 1.1389337736666714
62055.3514 lsst_hardware_r 380.69899330429655 36.32451091183466 31.540000915527344 AB 6.413946391236518 1.1549723393583164
62057.3368 lsst_hardware_u 0.5428281914120779 3.1025795762174653 28.469999313354492 AB 6.164793285845112 1.1416283862676133
62057.3484 lsst_hardware_g 69.73128406894408 18.47986017861664 31.440000534057617 AB 6.2584018336343155 1.1589633025248731
62059.3416 lsst_hardware_r 379.19099485122854 28.237620290086195 31.459999084472656 AB 8.453869082651265 1.1567701543001572
62059.3518 lsst_hardware_i 533.8795356311982 38.525999865903515 31.229999542236328 AB 8.594045803152769 1.1747855514932304
62064.3241 lsst_hardware_i -4.943400591636649 30.700000762939453 31.229999542236328 AB 2.655744213903046 1.1507521689476106
62064.3348 lsst_hardware_z 28.518620394819276 42.66999816894531 30.940000534057617 AB 2.944909337675049 1.1685375323094382
62065.3218 lsst_hardware_r -7.271844613461546 21.84000015258789 31.450000762939453 AB 2.8849420266868044 1.1514053387511771
62065.333 lsst_hardware_u -3.0643104227512756 2.490000009536743 28.270000457763672 AB 2.8611420404738785 1.1702411290666535
62070.319 lsst_hardware_z -28.83216422104725 42.439998626708984 30.940000534057617 AB 3.6862943777393675 1.1696024042958253
62070.3304 lsst_hardware_r -15.13629830071195 22.079999923706055 31.459999084472656 AB 3.756913089303631 1.192481539216915
62075.3064 lsst_hardware_r 19.20198781830167 63.86000061035156 31.6200008392334 AB 6.316998388889866 1.1715501463075577
62075.3179 lsst_hardware_y -78.71690246837093 52.0 30.0 AB 6.492147059925499 1.195020320271166
62077.2978 lsst_hardware_z 62.121563319237914 61.04999923706055 30.969999313354492 AB 5.596041098460845 1.1658418955126761
62077.3085 lsst_hardware_r -88.0758123348852 83.38999938964844 31.6200008392334 AB 5.695294468727506 1.1865196809848972
62079.3058 lsst_hardware_i 23.38240934993026 58.77000045776367 31.290000915527344 AB 4.549906599243755 1.1924276926472217
62079.3174 lsst_hardware_z 55.83691651253721 57.119998931884766 30.959999084472656 AB 4.685045076544726 1.2199579228916047
62081.3025 lsst_hardware_r -11.062969356296877 53.970001220703125 31.600000381469727 AB 6.941488316026947 1.1972211652340798
62081.3139 lsst_hardware_z 35.3345110609654 50.93000030517578 30.950000762939453 AB 7.040028304781299 1.2250629300663956
62083.2666 lsst_hardware_z 77.13290831776554 45.59000015258789 30.950000762939453 AB 8.894434034466082 1.1427048992933475
62083.2782 lsst_hardware_g -8.595366712104612 38.880001068115234 31.649999618530273 AB 9.017021566680539 1.1602927296921
62086.2724 lsst_hardware_r 2.7873143823206648 23.510000228881836 31.479999542236328 AB 4.774008573392423 1.1643923349737617
62086.2842 lsst_hardware_z -77.72431752378218 43.22999954223633 30.93000030517578 AB 4.8671067950589775 1.1870992183070679
62088.2528 lsst_hardware_i 26.991226114743576 30.31999969482422 31.229999542236328 AB 6.634542375614853 1.1425077278482612
62088.2639 lsst_hardware_r -13.731629763962559 21.809999465942383 31.459999084472656 AB 6.7466232612147 1.1592136187654123
62090.1847 lsst_hardware_z -3.2954833898991147 41.36000061035156 30.940000534057617 AB 6.098303494853365 1.1072390295079644
62090.1918 lsst_hardware_u -0.45513450715885034 2.559999942779541 28.360000610351562 AB 6.118217226922887 1.1064684378194931
62091.2943 lsst_hardware_i 2.0135005251678826 31.450000762939453 31.209999084472656 AB 4.677629110928551 1.2464536968700122
62091.3068 lsst_hardware_z 30.469861693044024 44.15999984741211 30.920000076293945 AB 4.825879861684231 1.2859582603916142
62096.2379 lsst_hardware_g 14.857902732454672 12.6899995803833 31.329999923706055 AB 3.5550794999436306 1.15256265195125
62096.249 lsst_hardware_r 13.973100078777632 22.0 31.450000762939453 AB 3.6044540306776933 1.1714500004908088
62098.2362 lsst_hardware_i -40.65301618921756 30.760000228881836 31.229999542236328 AB 8.844015362047234 1.1585666882587558
62098.2488 lsst_hardware_r 9.678605445856471 22.139999389648438 31.459999084472656 AB 8.939735599869435 1.1816710785870141
62100.2439 lsst_hardware_z -13.77908184483699 42.36000061035156 30.93000030517578 AB 6.205031095577842 1.1828118748718723
62100.2554 lsst_hardware_g -8.329761678618839 12.6899995803833 31.309999465942383 AB 6.485724896186968 1.2083700589094153
62103.2396 lsst_hardware_r -16.395126861973758 52.02000045776367 31.59000015258789 AB 5.986505650108516 1.1909888889103306
62103.2507 lsst_hardware_i 19.005120791426936 45.95000076293945 31.270000457763672 AB 6.044393975526786 1.2169920756095467
62105.2391 lsst_hardware_z -45.37307061133823 57.2599983215332 30.959999084472656 AB 9.221791025427555 1.2021105881760088
62105.2507 lsst_hardware_r -100.79683445222888 72.87999725341797 31.600000381469727 AB 9.522215099277435 1.231320918009931
62107.1817 lsst_hardware_z -2.5481420731160447 58.91999816894531 30.969999313354492 AB 7.156057522696073 1.1213880156452394
62107.1939 lsst_hardware_i -43.807681557646376 63.93000030517578 31.309999465942383 AB 7.233853831410543 1.133687832594892
62110.202 lsst_hardware_z 54.79911985188336 50.630001068115234 30.959999084472656 AB 6.012450685852781 1.1562405165101501
62110.2145 lsst_hardware_g -17.654768496811403 61.689998626708984 31.670000076293945 AB 6.330335521321353 1.1786139492313756
62112.2074 lsst_hardware_r -47.13475627572987 41.31999969482422 31.59000015258789 AB 5.210922053497763 1.1754180462408836
62112.2189 lsst_hardware_i -19.57370417067485 40.540000915527344 31.270000457763672 AB 6.266776893971389 1.199612728555013
62114.1186 lsst_hardware_i 34.89904732232644 30.459999084472656 31.239999771118164 AB 10.187819650035854 1.1073717010908537
62114.1303 lsst_hardware_z 38.56848471786532 41.97999954223633 30.940000534057617 AB 8.306379402065176 1.106582805905925
62116.1258 lsst_hardware_r 46.54800659460921 21.729999542236328 31.469999313354492 AB 12.975729141126987 1.1066641295621484
62116.1383 lsst_hardware_g -16.427617844235364 12.739999771118164 31.360000610351562 AB 13.011349623614413 1.109702102212301
62118.1652 lsst_hardware_i -31.761645861498224 30.34000015258789 31.239999771118164 AB 8.091970014333029 1.1352769126769358
62118.1783 lsst_hardware_z 96.68664066808557 42.04999923706055 30.940000534057617 AB 8.765159300472977 1.1533104342727603
62120.106 lsst_hardware_i -15.64593246325608 30.239999771118164 31.239999771118164 AB 11.1751170933161 1.1067659444511675
62120.1182 lsst_hardware_z 24.961520285501727 41.63999938964844 30.940000534057617 AB 11.17941135526718 1.1071117174669296
62122.1091 lsst_hardware_r -17.926104987016775 21.8700008392334 31.469999313354492 AB 4.461604186800425 1.1066401455475685
62122.1216 lsst_hardware_u -3.155133060889645 2.6500000953674316 28.420000076293945 AB 4.473472452749645 1.1095839072546914
62124.1058 lsst_hardware_g 9.958422563588792 12.970000267028809 31.389999389648438 AB 3.741730032738115 1.1068842695142027
62124.1198 lsst_hardware_r 23.36572676089524 21.959999084472656 31.479999542236328 AB 3.6621821956963143 1.1111551541933975
62126.1056 lsst_hardware_i -17.68136973778141 30.5 31.239999771118164 AB 4.335004682985649 1.1079412207321686
62126.1186 lsst_hardware_z 36.80911155069559 41.75 30.950000762939453 AB 4.543379497577318 1.1133914795563788
62128.0996 lsst_hardware_r -43.35835596694331 27.059999465942383 31.530000686645508 AB 6.839767666278452 1.107804184037504
62128.1114 lsst_hardware_g -2.824431770412603 21.09000015258789 31.549999237060547 AB 6.836238880859947 1.1124276764254633
62129.101 lsst_hardware_r 14.412568885786001 31.59000015258789 31.559999465942383 AB 6.693630455449409 1.109043236757477
62129.1138 lsst_hardware_i -10.090818543820447 35.18000030517578 31.260000228881836 AB 6.727511145876908 1.115488500394115
62131.1014 lsst_hardware_z 10.741577929046533 46.630001068115234 30.950000762939453 AB 5.64644056550379 1.1115040483275176
62131.113 lsst_hardware_i 78.59197219801467 40.810001373291016 31.280000686645508 AB 5.616806159890115 1.1188299705971048
62133.084 lsst_hardware_r -22.367583530935615 55.459999084472656 31.6200008392334 AB 8.305240347043155 1.1073653796057539
62133.0967 lsst_hardware_z -23.47690027857154 50.2400016784668 30.959999084472656 AB 8.339142974267407 1.1118857299023208
62135.0816 lsst_hardware_y -87.07662001772759 51.7599983215332 30.030000686645508 AB 8.319083945251046 1.1081030896105137
62135.0935 lsst_hardware_r 8.091297525248525 72.27999877929688 31.6299991607666 AB 8.307615760967435 1.1130991841585167
62137.0811 lsst_hardware_i -97.7173882307076 60.650001525878906 31.309999465942383 AB 7.646819536748607 1.109773118351542
62139.0852 lsst_hardware_r 19.14449862682606 46.029998779296875 31.600000381469727 AB 4.76323281220057 1.1146628004915633
62139.1002 lsst_hardware_g 10.976011397657933 51.7400016784668 31.68000030517578 AB 4.817620351218895 1.126862838715606
62141.084 lsst_hardware_r -27.13155416379016 21.809999465942383 31.469999313354492 AB 11.652802635710735 1.1175604330786166
62141.0984 lsst_hardware_i -46.12069488559213 30.420000076293945 31.239999771118164 AB 11.77176555274883 1.1307045963643092
62145.0712 lsst_hardware_u -1.7795611222218244 2.5999999046325684 28.3700008392334 AB 9.445275140605807 1.1162318835472311
62145.0847 lsst_hardware_g 11.362381735905174 13.0 31.360000610351562 AB 7.430261957453793 1.1277623066637026
62147.0738 lsst_hardware_r -35.20727190908852 21.93000030517578 31.469999313354492 AB 6.95992100834592 1.1225679045719226
62147.0868 lsst_hardware_i 14.966134589766488 30.469999313354492 31.229999542236328 AB 6.480611258662737 1.1362516452463816
62149.0709 lsst_hardware_z 59.2484245440588 42.06999969482422 30.940000534057617 AB 2.4649860326638193 1.124922319527143
62149.0835 lsst_hardware_u 0.8693150958104724 2.630000114440918 28.389999389648438 AB 3.5125363548156905 1.1389547194603216
62367.4268 lsst_hardware_i -90.96125639469716 43.119998931884766 31.280000686645508 AB 2.503119435154561 1.106962713169513
62369.4216 lsst_hardware_z 81.29653079236299 47.630001068115234 30.959999084472656 AB 1.6679442707917882 1.106920210679209
62375.3654 lsst_hardware_z -77.82024754808627 51.77000045776367 30.959999084472656 AB 3.093524769592691 1.1324678839265494
62375.3764 lsst_hardware_y 57.14139623525934 50.349998474121094 30.020000457763672 AB 3.6111911101810867 1.1214879224164866
62378.3912 lsst_hardware_r 26.0451414876139 40.47999954223633 31.59000015258789 AB 2.684552294819577 1.1082505689361126
62378.4082 lsst_hardware_y -71.941958070793 50.38999938964844 30.030000686645508 AB 2.701648514513483 1.1066282828427703
62393.3958 lsst_hardware_i -31.652392386109472 31.719999313354492 31.25 AB 1.34883671590537 1.119443985812604
62393.4075 lsst_hardware_r -26.566665887073114 33.22999954223633 31.559999465942383 AB 1.3580960155839936 1.1304905790099835
62395.401 lsst_hardware_u 1.3388524458361821 6.380000114440918 28.989999771118164 AB 4.796800860379452 1.129367648810215
62399.386 lsst_hardware_i -35.37461899918856 30.5 31.229999542236328 AB 6.554464720436859 1.1252299949247826
62399.3973 lsst_hardware_z -89.03247780381518 48.08000183105469 30.950000762939453 AB 6.5052706602452695 1.1377491972675837
62404.2968 lsst_hardware_i 107.46783068991866 78.47000122070312 32.04999923706055 AB 6.887888908010479 1.12186691590384
62404.3108 lsst_hardware_r 97.76982199018576 67.18000030517578 31.6299991607666 AB 6.876275813750859 1.112126122230448
62411.3557 lsst_hardware_z 30.64636416216942 42.81999969482422 30.940000534057617 AB 2.75755296433654 1.127679783670695
62411.3673 lsst_hardware_i 60.419854884255905 32.040000915527344 31.239999771118164 AB 2.755152257659498 1.1413223933966437
62416.3486 lsst_hardware_z -36.14541601350475 42.040000915527344 30.940000534057617 AB 4.085824685370758 1.1349513014918773
62416.3603 lsst_hardware_u 1.40318778663518 2.559999942779541 28.329999923706055 AB 4.142766480548788 1.1507684668191078
62418.3575 lsst_hardware_g 3.2033619875895294 12.729999542236328 31.34000015258789 AB 3.3461000579501214 1.1548895736136273
62418.3691 lsst_hardware_r -1.4060648581256856 22.31999969482422 31.459999084472656 AB 3.3905274946270767 1.1752261679816558
62420.3454 lsst_hardware_i 16.62303814945741 30.309999465942383 31.229999542236328 AB 4.982358286311162 1.144974902059327
62420.3567 lsst_hardware_z 51.770460997796505 42.189998626708984 30.940000534057617 AB 5.026461786903459 1.1625909071130933
62422.2969 lsst_hardware_i -72.54577925730155 30.270000457763672 31.239999771118164 AB 5.793804132354435 1.1085084436902617
62422.307 lsst_hardware_u -0.714882051289567 2.5799999237060547 28.3700008392334 AB 5.9115179317757445 1.1129308939646836
