data/validation/pwv_sim_epoch_fit_epoch/37833920.ecsv
# %ECSV 0.9
# ---
# datatype:
# - {name: time, datatype: float64}
# - {name: band, datatype: string}
# - {name: flux, datatype: float64}
# - {name: fluxerr, datatype: float64}
# - {name: zp, datatype: float64}
# - {name: zpsys, datatype: string}
# - {name: pwv, datatype: float64}
# - {name: airmass, datatype: float64}
# meta: {SNID: '37833920', alt: 1024.0, c: 0.12707985937595367, dec: -17.426323, lat: -30.244573, lon: -70.7499537, ra: 244.6875, t0: 60617.00390625,
#   x0: 0.001007901103362164, x1: 0.920436441898346, z: 0.05726192519068718}
# schema: astropy-2.0
time band flux fluxerr zp zpsys pwv airmass
60380.4021 lsst_hardware_z -24.507764323882977 72.52999877929688 31.729999542236328 AB 7.459745768463576 1.0256060725185365
60383.3117 lsst_hardware_u -4.53622410049174 2.7100000381469727 28.309999465942383 AB 9.691653435097527 1.1676690885659669
60383.3288 lsst_hardware_y 117.85379458690478 48.31999969482422 30.020000457763672 AB 9.241034654046471 1.1133776691622252
60385.3888 lsst_hardware_r 14.884058184606399 24.739999771118164 31.520000457763672 AB 9.272415077486645 1.02555837016884
60385.4079 lsst_hardware_z -93.95369780377487 61.36000061035156 30.979999542236328 AB 9.330873473735478 1.0293675230273749
60389.2514 lsst_hardware_u 8.413247745819186 7.039999961853027 29.399999618530273 AB 6.22633009045765 1.4023265969499215
60392.3814 lsst_hardware_r -1.9517455751327246 44.90999984741211 31.6200008392334 AB 7.043145905791685 1.0263984123858707
60392.4011 lsst_hardware_y -7.738430217540376 48.970001220703125 30.049999237060547 AB 6.971501782773878 1.0385849955715514
60397.3608 lsst_hardware_i 40.469937546715165 80.58000183105469 31.34000015258789 AB 9.035977668806844 1.0253300807133894
60397.3789 lsst_hardware_z 80.48891674288808 70.80000305175781 30.989999771118164 AB 9.365646526035555 1.0316103531394485
60399.3487 lsst_hardware_r -17.29332462225716 94.68000030517578 31.65999984741211 AB 4.269466007064861 1.0258618414316145
60399.3673 lsst_hardware_z 20.265118953420554 71.88999938964844 30.989999771118164 AB 4.274242364182262 1.0282035997551748
60401.3467 lsst_hardware_r -63.61859679208252 51.029998779296875 31.6299991607666 AB 9.30426651652072 1.0253953510850673
60401.3652 lsst_hardware_i -53.500932533367305 47.06999969482422 31.299999237060547 AB 9.232831036604168 1.0299039054747041
60405.2432 lsst_hardware_u -0.33864244403175336 2.819999933242798 28.420000076293945 AB 17.837984799138205 1.2008337312048878
60405.2641 lsst_hardware_g 29.99190482637105 15.420000076293945 31.440000534057617 AB 16.44737586277351 1.1265325933406514
60406.2148 lsst_hardware_g 11.245920243995045 15.279999732971191 31.3799991607666 AB 11.474542564565489 1.334637111319045
60406.2302 lsst_hardware_r 36.850646789200376 24.93000030517578 31.479999542236328 AB 10.802778246323305 1.247854251873492
60413.3411 lsst_hardware_z -38.56539199353989 41.77000045776367 30.959999084472656 AB 6.943506909813998 1.0361252336914828
60413.3582 lsst_hardware_u 0.5395277061589387 3.0 28.6200008392334 AB 7.093958531190572 1.0564870727547515
60423.3015 lsst_hardware_z -22.238876287766743 103.7699966430664 31.75 AB 9.14991172870991 1.0280799695179674
60426.2878 lsst_hardware_r -104.34986478164973 139.97000122070312 31.670000076293945 AB 2.743790059878808 1.0261954408148883
60426.3053 lsst_hardware_i 97.61425585271479 113.4800033569336 31.34000015258789 AB 2.0992519995877856 1.0358577242095803
60429.2637 lsst_hardware_i 17.096239985193844 54.209999084472656 31.31999969482422 AB 10.862065216222495 1.026627883452553
60429.2829 lsst_hardware_z -96.39981690436683 53.66999816894531 30.969999313354492 AB 10.851966300349847 1.0271943869833262
60432.2642 lsst_hardware_r -14.460720848338465 28.309999465942383 31.559999465942383 AB 13.022144669813512 1.0253118998855844
60432.2824 lsst_hardware_g 6.933911141275155 22.399999618530273 31.600000381469727 AB 13.036286113613555 1.030998295437763
60436.2481 lsst_hardware_r 35.277721235161536 24.389999389648438 31.520000457763672 AB 6.999684532640843 1.0257826756022486
60436.2677 lsst_hardware_i -37.58386999481313 31.549999237060547 31.260000228881836 AB 7.56374151765041 1.0288705050194396
60443.221 lsst_hardware_z -59.471231250084436 41.56999969482422 30.950000762939453 AB 6.913421847073412 1.0283239397699557
60443.2405 lsst_hardware_i -3.359847987978576 31.510000228881836 31.25 AB 6.88661611629114 1.025990035451713
60445.1965 lsst_hardware_r 13.394753221867184 24.6200008392334 31.520000457763672 AB 5.596586441457788 1.0434578990319359
60445.2143 lsst_hardware_u -4.144961695701908 2.7799999713897705 28.440000534057617 AB 5.445113174346287 1.0289167481640098
60447.204 lsst_hardware_y -98.57910401546681 47.959999084472656 30.049999237060547 AB 7.642670509505422 1.0317476219379578
60447.2214 lsst_hardware_r -14.892151490723897 33.279998779296875 31.579999923706055 AB 8.17427953874767 1.0253737504701108
60449.1879 lsst_hardware_i -65.87946091984166 51.18000030517578 31.309999465942383 AB 8.362669895969098 1.0409098700484047
60452.1752 lsst_hardware_r 28.087134206586867 131.8699951171875 31.65999984741211 AB 2.092088434450597 1.0460442172252984
60452.1936 lsst_hardware_z 3.46661746249697 88.41000366210938 31.0 AB 2.0595100826195285 1.0297550413097643
60454.14 lsst_hardware_r -50.7647994773289 169.19000244140625 31.649999618530273 AB 6.167143438456948 1.1002932093589561
60458.1586 lsst_hardware_i -31.621882736266652 47.439998626708984 31.309999465942383 AB 9.519608086044236 1.0463119925308972
60458.1782 lsst_hardware_z 77.746015295345 49.5099983215332 30.969999313354492 AB 9.057192189681489 1.0292263851910781
60460.1553 lsst_hardware_r 44.77050271810582 24.649999618530273 31.510000228881836 AB 8.530915036471136 1.0437391588345717
60460.1735 lsst_hardware_u -2.8408630606012455 3.450000047683716 28.6299991607666 AB 8.050672426562885 1.0288399267172608
60462.1604 lsst_hardware_g -17.471496848902486 15.739999771118164 31.469999313354492 AB 10.921150599203514 1.0336451966309286
60462.1794 lsst_hardware_r 4.053452016581726 24.59000015258789 31.520000457763672 AB 10.475082894300046 1.025460880499286
60464.1411 lsst_hardware_i 22.873973104702774 31.829999923706055 31.260000228881836 AB 11.220912205368068 1.0477123729908948
60464.1611 lsst_hardware_z -38.842800636038874 41.75 30.959999084472656 AB 11.03664285273649 1.0296096138010113
60466.1444 lsst_hardware_r 20.1130275806292 24.610000610351562 31.510000228881836 AB 5.831436484883143 1.0379915423430301
60466.1643 lsst_hardware_g -9.924334099128263 15.75 31.469999313354492 AB 5.79409726458818 1.0261850368985044
60468.1384 lsst_hardware_r -9.515300271117363 24.530000686645508 31.510000228881836 AB 3.160352933429955 1.0385080015652055
60468.1576 lsst_hardware_i -35.303598213652066 31.639999389648438 31.260000228881836 AB 3.119238694045805 1.0265155860177066
60485.0995 lsst_hardware_i 66.40821353210508 63.900001525878906 31.329999923706055 AB 5.307183843849635 1.0322582683836894
60485.1183 lsst_hardware_z 84.12523166629936 59.11000061035156 30.979999542236328 AB 5.406184365909698 1.025338818588624
60487.0847 lsst_hardware_z -69.35068411723543 45.130001068115234 30.959999084472656 AB 8.114586961146182 1.040331661685408
60487.1051 lsst_hardware_r 67.02192729401877 39.27000045776367 31.610000610351562 AB 8.008271987738787 1.0267015368895882
60490.0911 lsst_hardware_u 3.4168932723553826 2.75 28.440000534057617 AB 3.7988701879395856 1.0290857884165205
60490.1119 lsst_hardware_g 38.164762103780596 15.270000457763672 31.459999084472656 AB 3.767224113798462 1.0259324928645048
60493.0939 lsst_hardware_r -20.598256296969083 24.0 31.510000228881836 AB 6.555385175838279 1.0255608848308029
60493.1159 lsst_hardware_i 69.56862167932317 31.309999465942383 31.25 AB 6.608563524351383 1.031030764629195
60497.1 lsst_hardware_u 0.2655128080921956 2.7699999809265137 28.459999084472656 AB 2.673641542451895 1.0283236701738057
60497.123 lsst_hardware_r 12.441189446472318 24.139999389648438 31.510000228881836 AB 2.713447883960639 1.0482703820593962
60499.087 lsst_hardware_i 6.0899777089977745 31.3799991607666 31.260000228881836 AB 3.2266942345016094 1.0258671792607577
60499.1093 lsst_hardware_z -67.35170991394298 41.79999923706055 30.950000762939453 AB 3.2519770284616443 1.0389149763467984
60501.0645 lsst_hardware_z 59.28772331770668 58.83000183105469 31.700000762939453 AB 6.8303619471951125 1.0275341410884233
60501.0865 lsst_hardware_r 19.215712896244302 34.040000915527344 32.27000045776367 AB 7.522724625668566 1.0272619173164066
60508.0488 lsst_hardware_z -63.05236590317909 70.8499984741211 30.989999771118164 AB 2.248497350344115 1.0263986687511175
60508.0711 lsst_hardware_r -31.362825636326896 94.54000091552734 31.65999984741211 AB 2.261702496409559 1.0288650046216574
60514.0192 lsst_hardware_g -64.86093493355122 56.34000015258789 31.719999313354492 AB 6.402894047220921 1.0330580908713973
60514.0403 lsst_hardware_i 21.17746603685267 55.77000045776367 31.31999969482422 AB 6.354545052497267 1.0253124916630882
60516.0135 lsst_hardware_z 39.94220458511148 41.459999084472656 30.950000762939453 AB 9.481308887051465 1.0332350125741727
60516.0332 lsst_hardware_r 6.777369842976864 24.139999389648438 31.510000228881836 AB 9.403254292108906 1.0253621283922187
60520.0057 lsst_hardware_u -0.5427679820034377 2.759999990463257 28.43000030517578 AB 5.2726123374488765 1.0310825247602262
60520.0271 lsst_hardware_g 0.5231541328798848 15.479999542236328 31.459999084472656 AB 5.242511054777429 1.0254801808944065
60525.0005 lsst_hardware_r -1.2384438114853493 24.559999465942383 31.520000457763672 AB 0.3496848914023541 1.0269747177749018
60525.021 lsst_hardware_i 7.596818469075592 31.520000457763672 31.25 AB 0.3790643141233935 1.0272745640200365
60528.9802 lsst_hardware_y -26.00918793321331 47.790000915527344 30.049999237060547 AB 3.4634498595789895 1.031684207892463
60529.0003 lsst_hardware_u 3.4603443391413555 2.9100000858306885 28.540000915527344 AB 3.9449436400854334 1.025326482153459
60530.9808 lsst_hardware_y 4.932615173715969 67.41000366210938 30.799999237060547 AB 2.2340436279293208 1.0282890389763282
60530.9999 lsst_hardware_i 78.02914275693527 45.5 32.02000045776367 AB 2.1750427593036483 1.0259232385379418
60534.9667 lsst_hardware_y -65.35219226942989 67.91000366210938 30.06999969482422 AB 5.136668140853977 1.0299083991687172
60534.9846 lsst_hardware_g 78.41688406064681 50.54999923706055 31.719999313354492 AB 5.393799473609423 1.025355939537633
60538.9682 lsst_hardware_y -116.10862039512288 76.94000244140625 30.079999923706055 AB 3.5659219270093754 1.0255743247081768
60538.9879 lsst_hardware_r 68.79531503054726 79.19000244140625 31.65999984741211 AB 3.553735698535226 1.0296206572606768
60749.2722 lsst_hardware_z -19.19755152302962 70.19000244140625 30.950000762939453 AB 11.802487448071393 1.3566077526518843
60749.2897 lsst_hardware_y -78.93828324019583 57.13999938964844 29.989999771118164 AB 10.911331596209118 1.254176045541278
60753.3777 lsst_hardware_r 96.3737880531663 88.0199966430664 31.670000076293945 AB 6.455819595573473 1.0262400501646778
60753.4008 lsst_hardware_y 19.59818506653612 58.88999938964844 30.06999969482422 AB 6.482570481065853 1.0295650406023298
60759.3548 lsst_hardware_r -4.398249423892388 25.479999542236328 31.540000915527344 AB 6.833206849258338 1.028632673379247
60759.374 lsst_hardware_g -8.85666650400248 17.31999969482422 31.530000686645508 AB 6.806257290888753 1.0257854297890743
60763.3438 lsst_hardware_z -117.34297231078645 41.65999984741211 30.959999084472656 AB 9.080076323421707 1.0286707061767062
60763.3639 lsst_hardware_i 68.5541674137912 31.489999771118164 31.270000457763672 AB 9.110403140212071 1.0259462995734403
60766.3432 lsst_hardware_u -4.2568509475014675 2.859999895095825 28.520000457763672 AB 6.198092126018988 1.0260043247838087
60766.3624 lsst_hardware_g -21.624881468502664 15.399999618530273 31.469999313354492 AB 6.203990646056681 1.0281295349143242
60768.3455 lsst_hardware_r 7.360693701272165 24.1299991607666 31.510000228881836 AB 5.877301762501186 1.0253343192558817
60768.3642 lsst_hardware_i 24.72810546911637 31.3700008392334 31.260000228881836 AB 6.0138033554878625 1.032264915832584
60770.3273 lsst_hardware_i -5.927440510756901 31.209999084472656 31.25 AB 7.113575372454242 1.0275278596640303
60770.3461 lsst_hardware_z -19.483499482242152 41.43000030517578 30.950000762939453 AB 7.808493469359848 1.026251811317231
60772.3223 lsst_hardware_r -25.864915711588445 24.139999389648438 31.520000457763672 AB 8.60902853526479 1.0273508067302233
60772.3404 lsst_hardware_g 9.977882959937919 15.229999542236328 31.459999084472656 AB 8.36089323896313 1.0261912536315594
60777.3133 lsst_hardware_i 113.79670304331731 76.93000030517578 31.34000015258789 AB 6.863004141604736 1.0259751304861884
60777.3312 lsst_hardware_z -14.904841511943436 67.05000305175781 31.0 AB 6.822215993677366 1.0276356232238548
60781.2465 lsst_hardware_r -39.28335070569857 122.33999633789062 31.649999618530273 AB 17.86313563712584 1.0953099187323272
60781.2642 lsst_hardware_i -87.97453273107523 101.9800033569336 31.34000015258789 AB 17.546254921905824 1.0601753190412573
60783.3058 lsst_hardware_z 145.97077465126634 87.5199966430664 31.739999771118164 AB 13.223898254480487 1.025419727267102
60785.3012 lsst_hardware_g -29.302558165240868 40.18000030517578 31.700000762939453 AB 3.6922630358560453 1.025509927792444
60785.3184 lsst_hardware_r 43.57573713249323 43.04999923706055 31.6200008392334 AB 3.727609454383483 1.0326979903636568
60793.2846 lsst_hardware_i -20.173615235102158 31.31999969482422 31.260000228881836 AB 2.8276289003200783 1.0266110009633589
60793.3032 lsst_hardware_u 1.1583425770320175 2.8499999046325684 28.510000228881836 AB 3.010973297948153 1.0382666544648804
60796.2583 lsst_hardware_u -0.37553485642618245 2.7699999809265137 28.450000762939453 AB 9.276694997471546 1.0268172633324284
60796.2756 lsst_hardware_g 10.828950501560461 15.369999885559082 31.469999313354492 AB 9.41523163379032 1.0263790514583513
60799.2615 lsst_hardware_r -27.949237422265572 24.34000015258789 31.520000457763672 AB 9.469464421757895 1.0253701707341027
60799.2796 lsst_hardware_i -37.93035502452427 31.43000030517578 31.25 AB 9.524407020163466 1.0322881938073447
60801.2684 lsst_hardware_z 60.18787696272868 58.81999969482422 31.700000762939453 AB 2.7201309222307826 1.0288586984419528
60803.2496 lsst_hardware_z 9.254071185106197 49.72999954223633 30.979999542236328 AB 9.16507048635519 1.0253190307767137
60803.2677 lsst_hardware_r 84.42927072960428 51.7400016784668 31.639999389648438 AB 9.594074082383411 1.031620869073485
60805.2475 lsst_hardware_i -32.61166398629688 71.79000091552734 31.34000015258789 AB 6.3589178312626995 1.0256319082681773
60805.2662 lsst_hardware_z -6.99521279860362 64.66999816894531 30.989999771118164 AB 7.345163937377315 1.034530132024974
60807.2368 lsst_hardware_i 174.5623191093161 114.52999877929688 31.350000381469727 AB 11.536572186519487 1.0253135900210764
60807.2582 lsst_hardware_z 63.96239192309399 95.33999633789062 31.0 AB 10.884986758045565 1.0326005652079857
60809.2167 lsst_hardware_z 172.48788876527402 148.74000549316406 31.760000228881836 AB 6.9476943662172435 1.029440563967571
60811.2064 lsst_hardware_r -71.74353806564086 90.86000061035156 31.65999984741211 AB 5.519463647322219 1.032447371365922
60811.2269 lsst_hardware_i -118.58450862962874 75.05999755859375 31.34000015258789 AB 5.495958526753509 1.025301634242928
60813.2254 lsst_hardware_z -19.602458189131614 69.63999938964844 31.719999313354492 AB 8.187831245389072 1.0255941936981297
60816.192 lsst_hardware_g 34.583091322438776 22.530000686645508 32.25 AB 7.731902453421193 1.0329862997222703
60816.2144 lsst_hardware_r 1.8664592823334858 35.029998779296875 32.279998779296875 AB 7.034111533234308 1.0253308682621312
60822.1996 lsst_hardware_i 26.935723874475222 31.729999542236328 31.260000228881836 AB 5.137056927648706 1.025445947463769
60822.2175 lsst_hardware_z 19.27433722905049 41.869998931884766 30.959999084472656 AB 5.1625403347527765 1.0327834758774987
60825.1688 lsst_hardware_z -32.83578758587277 41.77000045776367 30.950000762939453 AB 12.796962305801305 1.0320130891775245
60825.191 lsst_hardware_i 10.582372850524717 31.729999542236328 31.260000228881836 AB 12.71505859839638 1.025407951483579
60827.1787 lsst_hardware_u -2.4456915550805465 2.9000000953674316 28.530000686645508 AB 7.632451970426266 1.0256259576613171
60827.2002 lsst_hardware_g 3.5723684691577473 15.729999542236328 31.469999313354492 AB 7.702343009197351 1.030379319647818
