data/validation/pwv_sim_epoch_fit_epoch/37847454.ecsv
# %ECSV 0.9
# ---
# datatype:
# - {name: time, datatype: float64}
# - {name: band, datatype: string}
# - {name: flux, datatype: float64}
# - {name: fluxerr, datatype: float64}
# - {name: zp, datatype: float64}
# - {name: zpsys, datatype: string}
# - {name: pwv, datatype: float64}
# - {name: airmass, datatype: float64}
# meta: {SNID: '37847454', alt: 1024.0, c: -0.027819298207759857, dec: -27.615883, lat: -30.244573, lon: -70.7499537, ra: 181.933594,
#   t0: 62947.84765625, x0: 2.6721272211288453e-06, x1: -0.2301812767982483, z: 0.7922210097312927}
# schema: astropy-2.0
time band flux fluxerr zp zpsys pwv airmass
62870.2429 lsst_hardware_r -58.071796958229214 48.83000183105469 31.469999313354492 AB 4.40769477705607 1.6843620573426163
62870.2665 lsst_hardware_i 24.150527591890654 44.63999938964844 31.219999313354492 AB 3.951614777916367 1.449912164347849
62872.2438 lsst_hardware_z -14.7786882497661 60.0099983215332 30.899999618530273 AB 11.296818421928801 1.6117589416362963
62872.2669 lsst_hardware_i -85.73808454652568 56.86000061035156 31.25 AB 10.617124289588402 1.4043815197868257
62874.2547 lsst_hardware_z -75.69602249064476 89.3499984741211 31.690000534057617 AB 12.968339656994253 1.4571168153926126
62879.2974 lsst_hardware_r -168.39762360458 74.25 31.6299991607666 AB 6.3348046578522395 1.146138799762175
62879.316 lsst_hardware_y 43.13127739604011 53.36000061035156 30.040000915527344 AB 6.019165472898743 1.0900664887082328
62881.2882 lsst_hardware_z -27.628996131284072 57.56999969482422 30.959999084472656 AB 6.4394484152932705 1.1595645405690163
62881.3054 lsst_hardware_r 39.60920110983504 62.150001525878906 31.6299991607666 AB 6.586189148040276 1.1038922534287294
62883.2945 lsst_hardware_i 10.153723448837313 37.709999084472656 31.280000686645508 AB 2.948623749903706 1.119872293924697
62883.3115 lsst_hardware_z 107.18073555044191 44.900001525878906 30.959999084472656 AB 2.844300174023158 1.0744358009342367
62885.3001 lsst_hardware_r 21.170895545222127 34.16999816894531 32.2599983215332 AB 7.18630736827542 1.0888344497387001
62885.3178 lsst_hardware_u 2.637291446296132 4.329999923706055 29.34000015258789 AB 6.931321647518187 1.0502002496239677
62893.304 lsst_hardware_i -32.43060263509931 30.700000762939453 31.260000228881836 AB 12.262096265789399 1.036671517468457
62893.3219 lsst_hardware_z -27.340070024361545 40.88999938964844 30.959999084472656 AB 12.053154370719428 1.0146891657918475
62895.2193 lsst_hardware_r -64.32535337256898 24.100000381469727 31.459999084472656 AB 13.793703198732207 1.303906718537843
62895.2365 lsst_hardware_i 1.959788380207476 32.279998779296875 31.239999771118164 AB 12.862876052719697 1.2148637411564784
62897.2205 lsst_hardware_z -4.703261476920402 45.0 30.93000030517578 AB 13.365064911420829 1.266670712524878
62897.238 lsst_hardware_r 10.138279962601718 23.81999969482422 31.479999542236328 AB 12.505368130264651 1.1848937019390537
62908.1833 lsst_hardware_r -38.15084792255567 99.26000213623047 31.600000381469727 AB 3.528631091164544 1.3069004041350163
62908.2095 lsst_hardware_z 133.10865281677636 72.80000305175781 30.979999542236328 AB 4.388732816999746 1.1787106939121927
62912.2144 lsst_hardware_g 14.177178997124798 24.510069619058225 31.59000015258789 AB 3.5377335505480723 1.1227335926842086
62912.2337 lsst_hardware_r -28.40223277154072 31.912077928282994 31.56999969482422 AB 3.5115054330617537 1.0713158212376641
62917.2109 lsst_hardware_r -19.457621691754767 23.19423499187213 31.489999771118164 AB 3.608851234899807 1.093591283302972
62917.2317 lsst_hardware_u 0.2117302338376322 2.791396534332061 28.489999771118164 AB 3.4581099353420055 1.0479121016187896
62919.2125 lsst_hardware_g -5.294063955978993 14.243740493179835 31.440000534057617 AB 8.71629559109083 1.0760858754433125
62919.2315 lsst_hardware_i 35.13707552923508 30.858664937743 31.260000228881836 AB 8.41622155913637 1.039039698658811
62921.2134 lsst_hardware_z -25.42700506898494 42.22193788597717 30.950000762939453 AB 8.95308652475884 1.0621135921180187
62921.2334 lsst_hardware_r 26.585845500985226 23.114956968880673 31.510000228881836 AB 8.66593914002919 1.0282929860610133
62923.2165 lsst_hardware_u -4.709041223085625 3.031955870405864 28.489999771118164 AB 5.789543886442585 1.0458305981832157
62923.2372 lsst_hardware_g 41.40504028546426 15.07842079282406 31.440000534057617 AB 5.602215466524696 1.017413063718986
62925.2113 lsst_hardware_r 90.86555313715633 24.75671264614784 31.489999771118164 AB 5.530749823986818 1.0453786209652554
62925.2317 lsst_hardware_i 215.89924674172175 33.318770785016156 31.25 AB 5.366557793898292 1.01745336883085
62929.1002 lsst_hardware_r 235.0072196942114 52.44942925530953 31.520000457763672 AB 6.748467884605875 1.4941808667343734
62929.1197 lsst_hardware_i 349.98804700396516 49.379599339443594 31.25 AB 6.063810566702678 1.3458187245770536
62932.0951 lsst_hardware_z 277.56700576954165 71.08657189336995 30.93000030517578 AB 10.67958814230646 1.467513944069228
62932.1141 lsst_hardware_i 504.1242394341908 76.38871290341932 31.280000686645508 AB 9.608864138552052 1.3292719918683091
62935.109 lsst_hardware_z 798.7581663574613 137.38270102325026 31.719999313354492 AB 14.628278595348485 1.3103666946162482
62937.0945 lsst_hardware_r 561.0823813655189 102.43468620192489 31.56999969482422 AB 10.823846288028856 1.3682596858286582
62937.1146 lsst_hardware_i 818.1689929162907 86.39858208637402 31.290000915527344 AB 9.934845425615602 1.2495089203390268
62939.1091 lsst_hardware_z 1038.9126741739592 77.260127779829 31.690000534057617 AB 16.294318878335016 1.2497080859251462
62943.0814 lsst_hardware_i 973.3202259231306 45.1912879024149 31.209999084472656 AB 9.373011396432348 1.346310168979109
62943.0997 lsst_hardware_z 682.7169508894177 50.43562432907131 30.93000030517578 AB 10.149796314297019 1.2420970830688391
62946.0818 lsst_hardware_i 1057.8922099825743 45.443710299344175 31.219999313354492 AB 5.106932872215107 1.293795141482046
62946.0991 lsst_hardware_u -0.35456229266723 2.8510367537965577 28.43000030517578 AB 5.912425605154073 1.2066174704396067
62948.0763 lsst_hardware_g 78.5450562855879 17.397897841960468 31.389999389648438 AB 7.737376575167519 1.2940199423292875
62948.0928 lsst_hardware_r 559.2592263408956 34.23324432136924 31.489999771118164 AB 7.383096377663544 1.2103436684694335
62950.0757 lsst_hardware_i 1038.871347206666 44.81287800255587 31.219999313354492 AB 13.111071192773109 1.2671782724974137
62950.0932 lsst_hardware_r 506.0178548318659 33.507265283020594 31.479999542236328 AB 10.554167641075551 1.1852844279274755
62952.0686 lsst_hardware_u 2.3948130557261504 2.726430241621534 28.329999923706055 AB 7.932859078741429 1.2760118084379601
62952.0868 lsst_hardware_g 35.99834682175407 16.715349209116813 31.399999618530273 AB 7.648826033990356 1.1891523386091392
62954.0702 lsst_hardware_r 446.567830179938 33.4345613658778 31.5 AB 8.343673062367147 1.2394661642535996
62954.087 lsst_hardware_i 915.8774806916117 43.9898028356057 31.25 AB 8.023496919897207 1.1666581407372785
62958.0753 lsst_hardware_z 1145.2284074315833 76.10335187952552 31.709999084472656 AB 10.139289272511405 1.169636830282498
62960.0654 lsst_hardware_r 421.26331640790613 75.10761619906413 31.610000610351562 AB 5.8495295053243614 1.1873199266557746
62960.0835 lsst_hardware_z 643.091092275899 62.18561171713142 30.969999313354492 AB 6.733500387527427 1.1222500645879045
62962.0686 lsst_hardware_r 299.0427159370524 124.79847213275252 31.6299991607666 AB 9.113024061597821 1.1539003359590365
62962.0869 lsst_hardware_y 326.09504651186023 65.38025668953375 30.040000915527344 AB 10.191166386694675 1.0966104433315649
62965.0605 lsst_hardware_z 400.2072819167217 82.99111163187685 30.979999542236328 AB 8.86923380170351 1.1535714120704312
62965.0778 lsst_hardware_r 496.90207501220135 114.47915594947119 31.649999618530273 AB 8.406602862183641 1.0990699490794353
62968.0798 lsst_hardware_z 396.5598030660117 49.279661842010675 30.950000762939453 AB 6.863935663850113 1.0735803024711994
62968.0976 lsst_hardware_r 230.74025274744304 40.082306969585616 31.600000381469727 AB 7.034822876451549 1.0392194519083437
62970.058 lsst_hardware_r 150.1570877695111 26.757554195611593 31.489999771118164 AB 6.408314028117734 1.1167228418781447
62970.0757 lsst_hardware_u -1.6687518317447678 2.7458613430460375 28.459999084472656 AB 6.187562521674379 1.0705125470024877
62973.0566 lsst_hardware_r 252.59657818706225 37.00592218411673 32.2599983215332 AB 16.029160734289757 1.0973240276768617
62973.0792 lsst_hardware_z 582.0725436850081 63.12267830309665 31.700000762939453 AB 15.314800453483008 1.0472016447388293
62975.0591 lsst_hardware_u 6.16078367043709 2.8444590123068463 28.510000228881836 AB 9.617007985217672 1.0772542736036272
62975.0782 lsst_hardware_g 14.192542038766812 15.021988248227965 31.459999084472656 AB 9.312743440770227 1.0396781155965569
62983.9635 lsst_hardware_y 56.19474895276744 80.98103500429413 29.959999084472656 AB 1.4361890589418738 1.3869522539274493
62983.9821 lsst_hardware_z 253.73709495321546 47.084920713606614 30.93000030517578 AB 1.3192629211517075 1.271272388486348
62987.9621 lsst_hardware_y 100.683359812603 103.76401687495772 30.729999542236328 AB 12.305562639856321 1.3236532061515711
62987.9898 lsst_hardware_r 196.47215045558164 83.4681086663246 32.36000061035156 AB 10.933833344052259 1.1838277765322929
62994.961 lsst_hardware_z 97.11219379378565 55.33282775058475 30.950000762939453 AB 10.729707652786109 1.2262523031755552
62994.981 lsst_hardware_g 2.645060065530353 14.973389361756066 31.399999618530273 AB 10.01752557181336 1.1450345468048495
62998.9596 lsst_hardware_y 89.81985275752321 62.33021830545204 30.020000457763672 AB 9.206891525304348 1.1844961972645345
62998.9815 lsst_hardware_r 25.059105632189535 23.848941915128794 31.5 AB 8.610334529725295 1.1087933204205023
63001.9581 lsst_hardware_y 136.78474843651173 63.57162952563404 30.020000457763672 AB 8.807792884443982 1.158564416772536
63001.9774 lsst_hardware_g 23.946855765597682 15.382716018562624 31.40999984741211 AB 7.97893952332237 1.0973648085989618
63004.9571 lsst_hardware_y 124.49188301635479 62.39058162281903 30.030000686645508 AB 10.145473590838101 1.133530251108525
63004.9754 lsst_hardware_z 44.67690015612734 43.02326571934563 30.950000762939453 AB 10.365761812962635 1.0815130484597262
63009.9582 lsst_hardware_y 69.23683867642742 53.822749793105224 30.030000686645508 AB 7.744654617861396 1.0903868900687155
63009.9788 lsst_hardware_u -3.059479611600067 2.8345770662317467 28.43000030517578 AB 8.328317381863473 1.0460958024447775
63012.9577 lsst_hardware_z 74.54408837642825 48.422536519245284 30.959999084472656 AB 6.430964776752766 1.0718274627921276
63012.9764 lsst_hardware_r 19.11750382340364 24.73343558244588 31.510000228881836 AB 6.005375400897968 1.0366010473357046
63014.9576 lsst_hardware_y 38.44738392990757 54.37605444611298 30.049999237060547 AB 10.076833549496616 1.060347269326196
63014.978 lsst_hardware_z 2.900707912633501 44.13979859839434 30.959999084472656 AB 9.053172979784993 1.026640544301306
63018.959 lsst_hardware_y -50.69157371961661 60.42681706977493 30.059999465942383 AB 9.919546245952922 1.038179569947174
63018.9797 lsst_hardware_i 18.36059586570667 69.96668875326654 31.34000015258789 AB 9.6345279688964 1.0130411617576782
