data/validation/pwv_sim_epoch_fit_epoch/3789170.ecsv
# %ECSV 0.9
# ---
# datatype:
# - {name: time, datatype: float64}
# - {name: band, datatype: string}
# - {name: flux, datatype: float64}
# - {name: fluxerr, datatype: float64}
# - {name: zp, datatype: float64}
# - {name: zpsys, datatype: string}
# - {name: pwv, datatype: float64}
# - {name: airmass, datatype: float64}
# meta: {SNID: '3789170', alt: 1024.0, c: 0.08149685710668564, dec: -19.471222, lat: -30.244573, lon: -70.7499537, ra: 147.480469, t0: 60687.96484375,
#   x0: 9.084541430249376e-05, x1: 0.954534649848938, z: 0.17633481323719025}
# schema: astropy-2.0
time band flux fluxerr zp zpsys pwv airmass
60668.3271 lsst_hardware_r 1175.5490568125629 43.54666249388151 31.559999465942383 AB 6.852877571062572 1.0246910502130868
60668.3477 lsst_hardware_y 78.47559381443133 51.50792360566688 30.059999465942383 AB 6.539579858399497 1.0175562855875049
60670.3201 lsst_hardware_z 2173.6102432215384 73.37530405745025 31.700000762939453 AB 6.134994058075633 1.0258043793460716
60672.3124 lsst_hardware_g 4760.7852778927145 70.12459541905254 31.440000534057617 AB 7.169535901216285 1.0275712540262043
60672.3355 lsst_hardware_y 807.5048077890349 53.289045880348354 30.059999465942383 AB 6.9312627691607 1.0175824369317625
60674.3165 lsst_hardware_i 7338.929611468013 89.86301422973457 31.25 AB 5.1976677373661575 1.0212363953890717
60674.3368 lsst_hardware_y 1412.8117364493319 57.93253467782315 30.049999237060547 AB 5.973794748413836 1.0180580137609854
60676.3214 lsst_hardware_i 9956.935201713002 103.01971184200683 31.25 AB 7.238228846457147 1.0178861103941403
60676.342 lsst_hardware_y 2244.618779107258 63.327572582073245 30.049999237060547 AB 7.302847241343175 1.0219289352494039
60678.3029 lsst_hardware_u 294.7644668963013 17.077644716754367 28.440000534057617 AB 4.780239051234138 1.022693325277407
60678.3235 lsst_hardware_g 14968.49189698353 122.376842156905 31.420000076293945 AB 4.719653067816964 1.0177149472381593
60680.2998 lsst_hardware_r 20071.247472602838 142.9607505226659 31.489999771118164 AB 10.365293443466863 1.021395665240045
60680.3222 lsst_hardware_i 14988.175049833038 124.64842236369101 31.25 AB 10.211696134569541 1.0184368080220947
60682.303 lsst_hardware_z 9569.953174820492 104.2426184439408 30.950000762939453 AB 8.509973832084052 1.0182541054852339
60682.3241 lsst_hardware_u 413.2457362885483 20.225345654503613 28.459999084472656 AB 8.521590847303704 1.0211408816245375
60684.2954 lsst_hardware_g 43525.40226569419 208.80529946182708 32.189998626708984 AB 7.660484249075334 1.0187943144065612
60684.317 lsst_hardware_r 49742.847949976924 224.18554517876916 32.2599983215332 AB 7.637538606481473 1.0203792393428823
60686.2889 lsst_hardware_i 18890.393393050686 141.9907219520178 31.299999237060547 AB 6.270935997167186 1.0191120255417963
60686.311 lsst_hardware_z 9134.150560102258 101.40043570747544 30.950000762939453 AB 7.5490958443211165 1.0201480870704212
60688.2586 lsst_hardware_i 19848.946006222348 155.7294667510141 31.329999923706055 AB 4.680842845969017 1.037765845464808
60688.2773 lsst_hardware_z 8955.853329175616 111.66005908182939 30.989999771118164 AB 4.723486541799823 1.0217362192947919
60692.2413 lsst_hardware_r 29448.105689633427 190.60902758502462 31.649999618530273 AB 3.41173372079565 1.046116226736197
60692.2603 lsst_hardware_i 19796.414760650383 155.95533792753017 31.329999923706055 AB 2.2917925164067605 1.0256017227999525
60694.2527 lsst_hardware_z 15569.179860951626 142.17222398386807 31.719999313354492 AB 6.547794796968979 1.0272662059882303
60695.2444 lsst_hardware_z 7317.7409850103395 96.64504251101842 30.959999084472656 AB 10.17902051103858 1.0323550214035069
60695.2622 lsst_hardware_r 26630.15652008637 168.9994146443073 31.6299991607666 AB 12.050673837351306 1.0198750691037144
60697.2255 lsst_hardware_i 15800.818715703197 128.47739739662313 31.260000228881836 AB 9.96810657301678 1.0492743761070293
60697.2453 lsst_hardware_z 6906.463390740551 90.84301517505696 30.950000762939453 AB 9.753000325914922 1.0266316132542024
60699.1258 lsst_hardware_i 13393.276242542473 117.80386650247236 31.190000534057617 AB 20.354929977846332 1.4348941404125997
60699.1513 lsst_hardware_u 90.90620257795392 10.2448133068613 28.280000686645508 AB 17.940753237837654 1.2671216619623522
60701.2185 lsst_hardware_g 11946.590136575263 110.21424430041299 31.450000762939453 AB 14.743513650623527 1.0436408048859296
60701.2388 lsst_hardware_r 18891.184609157517 138.72327666401665 31.520000457763672 AB 14.47005384373686 1.0234866207198177
60703.2181 lsst_hardware_i 11525.752895062633 110.5071207687329 31.260000228881836 AB 10.46940941589398 1.0372255951812006
60703.2354 lsst_hardware_r 16644.958359560518 131.114108556203 31.510000228881836 AB 10.292704734583731 1.0222510164785537
60705.2065 lsst_hardware_u 69.57646423384587 8.745433952432426 28.5 AB 12.858770191131036 1.0451310758020917
60705.2239 lsst_hardware_g 8474.352356486474 92.72894936055692 31.450000762939453 AB 12.632878097744666 1.0262845075074198
60707.2074 lsst_hardware_r 13836.126344603867 119.41572253390588 31.510000228881836 AB 11.613499773844415 1.0369659157859203
60707.2239 lsst_hardware_i 10377.478306329413 104.84271913595671 31.260000228881836 AB 12.74478517984706 1.0225823893966617
60709.2019 lsst_hardware_z 4829.354518821845 79.00881228955593 30.959999084472656 AB 9.466186468092966 1.0370114808938797
60709.2195 lsst_hardware_r 12859.67456514024 115.99530060374569 31.520000457763672 AB 9.243486219153484 1.0219819657057703
60711.2079 lsst_hardware_u 30.762615104803277 6.594882396368944 28.559999465942383 AB 6.9828937398599535 1.0259908521686445
60711.226 lsst_hardware_g 5041.231299545455 72.01489611768734 31.459999084472656 AB 5.442806664394799 1.0178543818217427
60713.1862 lsst_hardware_g 4949.784186794406 75.59255329403133 31.639999389648438 AB 5.230176071131248 1.0430104838231624
60713.2047 lsst_hardware_r 11929.684747374811 112.85652734736404 31.579999923706055 AB 5.040889412740248 1.0243628150254678
60714.1825 lsst_hardware_i 10175.449593857986 107.94468612431851 31.299999237060547 AB 9.497848161672923 1.0443316407058632
60714.2017 lsst_hardware_r 11783.791910727787 116.48741798946487 31.6200008392334 AB 9.220243419079543 1.024547383407609
60716.1905 lsst_hardware_z 11586.438834951437 133.11466351649403 31.739999771118164 AB 3.3055784368598573 1.0290806112779092
60718.1871 lsst_hardware_i 10320.540204940562 131.92322013774418 31.350000381469727 AB 6.114265696035247 1.0273199153237602
60718.2037 lsst_hardware_z 6232.905356355551 105.92573480456291 31.0 AB 6.088142222845712 1.0184813845166616
60720.1675 lsst_hardware_z 6369.200280385611 108.9050074815262 31.0 AB 1.255813817754604 1.0424575133546798
60720.1844 lsst_hardware_r 10040.722792049162 146.50043581140915 31.670000076293945 AB 1.3067807937063978 1.0251941373219648
60722.1752 lsst_hardware_z 12321.945549799964 136.25901473145845 31.729999542236328 AB 4.301209134807802 1.0281365208098008
60724.1634 lsst_hardware_r 8181.675719900262 102.54004314850548 31.6299991607666 AB 5.866965712074869 1.034251800224739
60724.1808 lsst_hardware_z 5764.831623297585 88.71218094367791 30.969999313354492 AB 6.611408306364297 1.0208304340869756
60727.1493 lsst_hardware_r 6390.314031657541 82.91417448990467 31.510000228881836 AB 5.290028652773979 1.0412588179002338
60727.1661 lsst_hardware_y 2158.204694527097 64.43810519391732 30.049999237060547 AB 5.130345743480903 1.024617607086142
60729.1484 lsst_hardware_g 1548.590096262889 42.369113360372396 31.440000534057617 AB 8.355548935036078 1.0357369531173668
60729.1654 lsst_hardware_r 5726.917855836148 79.34488571483286 31.510000228881836 AB 8.104669191647272 1.0217042788083546
60731.1522 lsst_hardware_i 5662.05211408729 80.51249908994569 31.25 AB 8.843632028284368 1.026836810250725
60731.1693 lsst_hardware_z 4405.268798713834 76.20984970178819 30.950000762939453 AB 9.56087228751257 1.0182243709909817
60733.1486 lsst_hardware_r 4907.089778141054 73.20823061877867 31.510000228881836 AB 7.989763907792229 1.0254132778634106
60733.1673 lsst_hardware_u 5.508090271081112 4.837720139970435 28.459999084472656 AB 6.752844176306122 1.0176843005509941
60736.1496 lsst_hardware_g 1265.3379569181625 38.47061588564851 31.43000030517578 AB 3.4323222851336785 1.0201329392347775
60736.1684 lsst_hardware_i 4468.546316113687 73.3886771211046 31.25 AB 3.9487333593475475 1.0182177689187153
60738.1313 lsst_hardware_r 3935.021805052078 67.17026495895206 31.5 AB 5.449048047364552 1.0283162950301097
60738.1493 lsst_hardware_z 3034.6184103844625 68.09514000788019 30.950000762939453 AB 5.475993241252404 1.0184262804740767
60740.1254 lsst_hardware_r 3679.3323964551632 65.64093096881696 31.5 AB 7.85307172211097 1.0286968459668688
60740.1453 lsst_hardware_y 1126.444755724111 55.858571318600745 30.049999237060547 AB 7.733869444787011 1.0181055919242192
60742.1259 lsst_hardware_z 2575.0541317429866 67.1729445633625 30.959999084472656 AB 11.732942077600162 1.0240999180343704
60742.145 lsst_hardware_r 4036.6752348221066 73.27160144072724 31.600000381469727 AB 11.699069771028432 1.0175463676529426
60744.1116 lsst_hardware_i 3787.3105516320775 80.08174588106125 31.31999969482422 AB 11.535094903721372 1.0313618666338067
60744.1304 lsst_hardware_z 2502.136410813965 71.87630833374317 30.979999542236328 AB 10.73431684589989 1.0191452160801213
60751.1097 lsst_hardware_z 47.947790173524346 56.77000045776367 30.979999542236328 AB 7.7654164169606235 1.019708012382132
60751.1291 lsst_hardware_i 83.41616844668499 60.7599983215332 31.329999923706055 AB 8.292370774198321 1.0186144875665868
60753.083 lsst_hardware_r -30.505696969962543 41.41999816894531 31.6200008392334 AB 7.529313894114664 1.0355859425467462
60753.1023 lsst_hardware_z 1.9735272036942222 47.22999954223633 30.969999313354492 AB 8.263596003867441 1.0205120103572016
60755.0854 lsst_hardware_r 1.1602961627213813 22.989999771118164 31.520000457763672 AB 5.036577582896872 1.0278729761014025
60755.1048 lsst_hardware_u 0.6605288768101721 3.0399999618530273 28.649999618530273 AB 4.988287860485542 1.018017930711335
60757.0823 lsst_hardware_g 3.6850646556535622 13.989999771118164 31.450000762939453 AB 6.1131487465370995 1.0259830064118298
60757.1016 lsst_hardware_r -32.433103008174875 22.649999618530273 31.510000228881836 AB 6.207955737690011 1.0176976619163953
60761.0691 lsst_hardware_r -12.035475051434943 22.65999984741211 31.510000228881836 AB 6.4263344060012 1.0278023840065893
60761.0861 lsst_hardware_u 2.0888102344350834 2.8399999141693115 28.579999923706055 AB 6.524148260902744 1.0185228726723592
60763.0674 lsst_hardware_g 11.657381010982203 13.920000076293945 31.450000762939453 AB 6.908131927497482 1.0248947026602269
60763.0852 lsst_hardware_i 8.74564749422725 30.31999969482422 31.270000457763672 AB 7.013047784469645 1.0176988791510215
60766.0559 lsst_hardware_z -8.758326411304525 40.810001373291016 30.950000762939453 AB 5.342614713768663 1.0274259064939737
60766.0723 lsst_hardware_r 15.471545463910548 22.329999923706055 31.489999771118164 AB 5.296515658966403 1.0185607036473852
60768.0518 lsst_hardware_u -1.0062117214493658 2.740000009536743 28.440000534057617 AB 6.3004323814802135 1.026337997390383
60768.0707 lsst_hardware_g 10.74802054861108 14.039999961853027 31.43000030517578 AB 6.241141010557971 1.017798599242983
60770.0513 lsst_hardware_r 42.71717787589903 31.670000076293945 31.56999969482422 AB 7.9893286011824705 1.0229177501407252
60770.071 lsst_hardware_i -39.258164886318184 34.560001373291016 31.270000457763672 AB 7.9489032851882016 1.0175898720077035
60772.0463 lsst_hardware_z -11.200392717381188 49.36000061035156 30.969999313354492 AB 11.105900655850586 1.0226427859899252
60772.0656 lsst_hardware_r -12.95250827941831 51.369998931884766 31.639999389648438 AB 10.993740541498301 1.0175934597665983
60779.0397 lsst_hardware_r -41.341356423984436 86.6500015258789 31.670000076293945 AB 5.094796146910007 1.0179412880939076
60779.0578 lsst_hardware_z 79.97383521750618 61.70000076293945 30.989999771118164 AB 5.97521341157697 1.020444609610959
60783.0167 lsst_hardware_r -14.895192481320473 22.360000610351562 31.510000228881836 AB 10.939561955386205 1.0223889677931033
60783.0353 lsst_hardware_i 4.972506755566321 30.09000015258789 31.260000228881836 AB 10.888080645267964 1.0175776303988753
60785.0164 lsst_hardware_z -40.736724187432145 40.54999923706055 30.950000762939453 AB 7.054542857679257 1.0198847560617692
60785.0364 lsst_hardware_r -19.573625960682214 22.18000030517578 31.5 AB 7.047012223482095 1.0186487747155384
60790.9981 lsst_hardware_u -4.074615789555452 2.6500000953674316 28.43000030517578 AB 13.692809348174563 1.0207088593495761
60791.0161 lsst_hardware_r 7.591361068686586 22.3700008392334 31.5 AB 11.806894451057216 1.0178357285394153
60795.974 lsst_hardware_y 42.0219851470706 47.91999816894531 30.049999237060547 AB 11.70117265843297 1.027410014789092
60795.9915 lsst_hardware_r -0.19297932849031124 22.540000915527344 31.5 AB 11.593199124464032 1.0182871431237621
60798.9732 lsst_hardware_y 88.13459249418982 48.599998474121094 30.049999237060547 AB 11.218505647674407 1.0222804490317483
60798.9909 lsst_hardware_g 39.37474496383594 26.5 31.6299991607666 AB 11.087962092509427 1.0175476258984517
60800.9724 lsst_hardware_z 30.066591125385095 50.16999816894531 30.979999542236328 AB 7.16981679485262 1.0200095025277414
60800.9902 lsst_hardware_i -56.24489320561164 46.619998931884766 31.309999465942383 AB 7.187051924534214 1.0180681244468934
60802.9717 lsst_hardware_y 56.393116974292056 52.66999816894531 30.059999465942383 AB 10.006092928092007 1.01844912667818
60802.9909 lsst_hardware_r 65.97131697651251 71.06999969482422 31.65999984741211 AB 10.017767285884913 1.019870938828207
60810.9544 lsst_hardware_y 8.22194296013238 70.11000061035156 30.079999923706055 AB 7.815708078908732 1.017670322774547
60810.9756 lsst_hardware_r -32.6848451482219 22.780000686645508 31.510000228881836 AB 7.2677411957892915 1.0231931853849487
61031.3204 lsst_hardware_i -39.02555065484042 30.1200008392334 31.25 AB 6.232833903763103 1.0365310408429864
61031.3413 lsst_hardware_z 3.9760450916398447 41.599998474121094 30.950000762939453 AB 6.693731532170874 1.020178550930266
61035.3358 lsst_hardware_r -33.73791361147236 22.3700008392334 31.5 AB 8.974805311761866 1.0183887335692243
61035.3567 lsst_hardware_y -122.09598320892944 65.5199966430664 30.06999969482422 AB 9.06040024934867 1.0207176532809856
61037.3217 lsst_hardware_z 16.21791293040094 40.70000076293945 30.950000762939453 AB 6.3352836515386866 1.0217100824974372
61037.3425 lsst_hardware_y -98.76404317834815 47.70000076293945 30.059999465942383 AB 5.701261117713427 1.0179611565968505
61039.3176 lsst_hardware_u 1.654076660297523 2.680000066757202 28.459999084472656 AB 9.532912947568784 1.021018880496478
61039.3394 lsst_hardware_y 11.391482049041922 46.91999816894531 30.049999237060547 AB 9.023819935603537 1.0184515182577178
61041.3266 lsst_hardware_r 2.078250903361507 22.329999923706055 31.5 AB 7.231927621885123 1.0175365887539587
61041.3467 lsst_hardware_y -5.065623848027379 48.5099983215332 30.049999237060547 AB 7.320591197772731 1.0243646440512213
61044.2982 lsst_hardware_i -104.91683556184424 103.5199966430664 32.09000015258789 AB 3.3230497890123116 1.024367999079011
61044.32 lsst_hardware_z 2.943457463327164 89.75 31.739999771118164 AB 3.3525893813034746 1.017580751103847
61047.307 lsst_hardware_r -129.9449655121173 72.18000030517578 31.65999984741211 AB 8.389602377446108 1.0177027670671757
61047.327 lsst_hardware_z -17.846580720341823 58.90999984741211 30.989999771118164 AB 8.41788810213636 1.0222913940172884
61055.2597 lsst_hardware_z -80.48712350831757 40.779998779296875 30.950000762939453 AB 5.688441138745571 1.0313866442787811
61055.2793 lsst_hardware_i 5.475358302359839 29.959999084472656 31.25 AB 5.664047731663537 1.018896875636542
61057.2456 lsst_hardware_r 14.587058557621868 22.170000076293945 31.479999542236328 AB 3.334233724747302 1.0411888387885735
61057.2642 lsst_hardware_u -3.0322227829043764 2.5999999046325684 28.399999618530273 AB 2.2778864767770903 1.0233859124419575
61059.2414 lsst_hardware_g 6.60509224649557 13.5 31.389999389648438 AB 6.180003103008247 1.0395878271293453
61059.261 lsst_hardware_r -14.162769972444076 22.18000030517578 31.479999542236328 AB 6.541111903248646 1.022048734882601
61061.2408 lsst_hardware_i 24.342146460893684 30.209999084472656 31.25 AB 12.205500775022443 1.033962862590585
61061.2608 lsst_hardware_z -26.209246656662454 40.70000076293945 30.950000762939453 AB 12.040087785413569 1.0196119562530004
