data/validation/pwv_sim_epoch_fit_epoch/38007161.ecsv
# %ECSV 0.9
# ---
# datatype:
# - {name: time, datatype: float64}
# - {name: band, datatype: string}
# - {name: flux, datatype: float64}
# - {name: fluxerr, datatype: float64}
# - {name: zp, datatype: float64}
# - {name: zpsys, datatype: string}
# - {name: pwv, datatype: float64}
# - {name: airmass, datatype: float64}
# meta: {SNID: '38007161', alt: 1024.0, c: -0.10354197770357132, dec: -40.620186, lat: -30.244573, lon: -70.7499537, ra: 205.488281, t0: 61082.54296875,
#   x0: 2.700521924857052e-06, x1: 0.4284088611602783, z: 0.7880952954292297}
# schema: astropy-2.0
time band flux fluxerr zp zpsys pwv airmass
61077.3763 lsst_hardware_r 888.9611453657086 77.57050542062215 31.649999618530273 AB 4.463763653277159 1.0192792631931462
61081.3733 lsst_hardware_g 178.55665587406827 33.15604532152696 31.65999984741211 AB 3.4634178933192943 1.0173805958197237
61081.3853 lsst_hardware_z 570.5777317720645 60.58072842977917 30.979999542236328 AB 3.851731097848847 1.0177200364229821
61083.3704 lsst_hardware_z 637.1098490665775 48.06621239410287 30.959999084472656 AB 6.273310450983351 1.017128646865376
61083.3809 lsst_hardware_y 144.05027788825524 51.8892935675449 30.059999465942383 AB 5.204031714836797 1.0179366984749452
61085.3699 lsst_hardware_u -2.4260764477009698 2.9198965026922075 28.489999771118164 AB 2.5090335533543175 1.0171414019881857
61085.3802 lsst_hardware_y 246.09437532925244 50.896889637507094 30.059999465942383 AB 2.623887424990485 1.019282286099052
61087.372 lsst_hardware_i 1004.0880484152765 43.31281036012699 31.260000228881836 AB 3.7308621306825485 1.0184337026430728
61087.3828 lsst_hardware_y 303.6154488771641 51.45771482878103 30.059999465942383 AB 3.262236939562753 1.022965487476561
61089.3602 lsst_hardware_z 558.6728484255572 47.199997722380324 30.959999084472656 AB 5.34605530650202 1.0172467086026327
61089.3716 lsst_hardware_r 527.0537977469776 32.621090019507655 31.510000228881836 AB 5.3720006341235695 1.020161538368141
61091.357 lsst_hardware_u 2.2921521105894422 2.9084033839801386 28.56999969482422 AB 3.8093537008596585 1.017546175993142
61091.3679 lsst_hardware_g 63.86758030679125 16.59921195906052 31.459999084472656 AB 3.8613122461462344 1.0209259893745828
61093.3596 lsst_hardware_r 387.852685335665 30.79336391558265 31.5 AB 9.54395773736586 1.0197353139798446
61093.3709 lsst_hardware_i 800.7305437158284 41.25339961497929 31.25 AB 9.576999859540416 1.0257865695049315
61095.36 lsst_hardware_z 509.7284637073908 46.035736834733896 30.950000762939453 AB 10.227761096104157 1.0224352978444675
61095.3719 lsst_hardware_r 362.16192422172344 30.224706972211134 31.5 AB 10.33590670079145 1.0308417587225513
61100.3546 lsst_hardware_i 659.6341462437515 38.690017574402475 31.25 AB 4.351629163838717 1.0278427313466116
61100.3671 lsst_hardware_z 414.8620763750081 45.690539257485575 30.940000534057617 AB 4.401864802110324 1.0397082496865246
61102.3396 lsst_hardware_z 1175.1509152606016 113.06408187772301 32.18000030517578 AB 6.080508213550646 1.021762428759981
61102.3524 lsst_hardware_r 741.5116808480062 125.91442217235665 32.40999984741211 AB 6.138720336480921 1.0305053443815724
61106.3434 lsst_hardware_r 104.11426766740851 91.45835587945822 31.65999984741211 AB 8.877054925081643 1.0322156889629817
61106.3553 lsst_hardware_i 434.12276146774246 77.6613522498812 31.329999923706055 AB 8.988749103031239 1.0452033840733999
61108.3484 lsst_hardware_z 291.5078641954535 56.30234573838505 30.969999313354492 AB 7.2576922007068845 1.0434090070383601
61108.36 lsst_hardware_r 282.20877313245416 61.0529895461748 31.639999389648438 AB 7.210794019157118 1.0596836512918268
61110.339 lsst_hardware_z 279.9700533776895 47.49947895665547 30.959999084472656 AB 6.94405186376791 1.0388159616682031
61110.3509 lsst_hardware_r 153.2177165212985 39.1540835633591 31.59000015258789 AB 7.070987331184078 1.054125696927891
61112.3392 lsst_hardware_i 239.68067777960664 35.688434120676966 31.25 AB 13.541070037683724 1.0455617355944626
61112.3515 lsst_hardware_z 286.0463806319899 44.85414823562043 30.940000534057617 AB 13.722241469626093 1.0636159725323484
61115.283 lsst_hardware_r 132.05105518103076 24.770890351520094 31.489999771118164 AB 7.635064809279099 1.01713842280881
61115.2959 lsst_hardware_z 210.00347185084064 43.35003497796199 30.950000762939453 AB 7.8363539092656325 1.0185350328858662
61117.2952 lsst_hardware_u -0.14727143659086542 2.717962229494249 28.43000030517578 AB 6.185723782485432 1.0201853407067782
61117.3073 lsst_hardware_g 22.06645568402412 14.229994933218435 31.40999984741211 AB 6.334236070082105 1.0271734167700366
61119.2893 lsst_hardware_r 159.87570249023383 34.16151911797323 32.2400016784668 AB 5.084312498583216 1.0200075229122842
61119.3019 lsst_hardware_i 375.6022238330731 46.59931053222585 31.989999771118164 AB 4.92482935825442 1.0272188051702245
61121.2827 lsst_hardware_z 203.1424358235248 42.83172121000498 30.950000762939453 AB 5.379508816309002 1.0195704934961387
61121.2952 lsst_hardware_r 100.86638656754018 24.094128407637324 31.5 AB 5.944498726041526 1.0263144336738121
61123.2811 lsst_hardware_u -1.4570735894240912 2.6213264856495404 28.360000610351562 AB 6.231760684087643 1.021195540141907
61123.2921 lsst_hardware_r 86.77539108514544 23.829200587919516 31.489999771118164 AB 6.195691222774094 1.0280745412385366
61127.2358 lsst_hardware_z 161.07539458857033 45.51183432385724 30.950000762939453 AB 7.843525278270358 1.0208935673916768
61127.2463 lsst_hardware_r 33.82779559873035 34.149594452240464 31.59000015258789 AB 7.794864631688083 1.0176063487843312
61132.2213 lsst_hardware_r -107.34061324129826 123.6273042670753 31.670000076293945 AB 8.701400954174337 1.021291191804506
61132.2333 lsst_hardware_i 177.00148838820778 95.54188718541069 31.34000015258789 AB 8.65876912665251 1.0175016110757238
61136.2262 lsst_hardware_z 80.83172271782202 61.85160385853916 30.989999771118164 AB 15.134963752552956 1.0171118760256084
61136.2389 lsst_hardware_r 0.6087930311633599 79.45090226388756 31.65999984741211 AB 15.184455396881734 1.0186352010430573
61138.2256 lsst_hardware_i 67.91084581516505 45.01494206763423 31.299999237060547 AB 9.359098029633806 1.0171827007535925
61138.2376 lsst_hardware_z 186.64887977959785 48.61791386675051 30.959999084472656 AB 9.413311236865415 1.020081408416278
61140.2126 lsst_hardware_r 40.971388581097635 29.907866702785828 31.559999465942383 AB 4.940229450990088 1.017345438836509
61140.2231 lsst_hardware_z 118.3892209411728 43.46282854673398 30.950000762939453 AB 4.894354300841798 1.0175372766822866
61147.2163 lsst_hardware_g 6.454990591365051 15.272930861520518 31.450000762939453 AB 13.609790553695209 1.0215515327533433
61147.2282 lsst_hardware_r -8.35778461470926 23.505911081917727 31.510000228881836 AB 13.675695759286477 1.0293829606046625
61149.2017 lsst_hardware_r 37.33147158582614 23.383212482494056 31.510000228881836 AB 9.111696745244071 1.0181804386237647
61149.213 lsst_hardware_i 91.0826255875587 31.492644526893855 31.260000228881836 AB 9.197234531518248 1.0226819594160281
61151.2008 lsst_hardware_z 123.68932517493052 41.764773612386556 30.950000762939453 AB 6.929486816076935 1.019579457225293
61151.2116 lsst_hardware_r 29.970937369325426 23.47573700486945 31.510000228881836 AB 8.185177129046314 1.0251547358217736
61155.2009 lsst_hardware_i 62.56821407939912 35.17906561401279 31.270000457763672 AB 13.029472575947054 1.0253035897004141
61155.212 lsst_hardware_z -10.633879319135316 43.37376864353837 30.950000762939453 AB 13.138052361429024 1.0344923119235452
61157.1861 lsst_hardware_r 109.6141560940175 56.081044916500424 31.639999389648438 AB 3.6588322798493658 1.0202390463156126
61157.1985 lsst_hardware_z -17.49513765984973 50.80142778482251 30.969999313354492 AB 3.6347446057291606 1.0274896411955976
61159.1892 lsst_hardware_y 117.81351273690296 55.62986953833549 30.059999465942383 AB 9.991361070290143 1.024790017124361
61159.2009 lsst_hardware_r -29.951083736383506 92.75480369478693 31.65999984741211 AB 10.091661875659812 1.0343173374892616
61161.1895 lsst_hardware_i 177.31608837121377 107.79173025560587 31.350000381469727 AB 9.859503905687442 1.0289967548117005
61161.2008 lsst_hardware_z 170.94051247578767 92.12832791700176 31.0 AB 10.069334724929229 1.03999670094376
61163.1378 lsst_hardware_i -4.775637595937262 95.50557465939372 31.350000381469727 AB 11.615075638928422 1.0207690334112642
61163.15 lsst_hardware_z 0.7276533591727373 81.42091208672825 31.0 AB 11.495782446473546 1.0173258802188978
61166.1321 lsst_hardware_r 98.08633868159676 58.43083278663661 31.649999618530273 AB 3.581237652212536 1.0197387899900443
61166.1447 lsst_hardware_z 106.43100300236581 51.79578150262479 30.979999542236328 AB 3.6413838384068016 1.0170989726009407
61168.1382 lsst_hardware_g 55.622073527798605 25.990651255358845 31.6299991607666 AB 9.988464469601611 1.0171552413036264
61168.1493 lsst_hardware_i 112.5209841934852 37.14025810545427 31.280000686645508 AB 9.98054569613479 1.0180594375615637
61170.1304 lsst_hardware_z 15.883634764120337 41.51883342909911 30.950000762939453 AB 7.1378218908439415 1.017387607674595
61170.142 lsst_hardware_r 1.7609374963790163 23.27757529778843 31.5 AB 7.108500569573058 1.017680825994749
61178.1238 lsst_hardware_u 1.0644205223415517 2.6500000953674316 28.40999984741211 AB 8.631628685889018 1.0185213207074333
61178.1355 lsst_hardware_r 13.15744526260537 22.719999313354492 31.489999771118164 AB 8.288023102099391 1.0236550487370335
61182.1069 lsst_hardware_g 5.072262102595307 15.90999984741211 31.479999542236328 AB 4.704146671827868 1.0173327577482414
61182.1186 lsst_hardware_i 27.055878596895216 30.950000762939453 31.25 AB 4.704468078885369 1.0205657847028784
61185.1064 lsst_hardware_z -106.58940632520194 47.27000045776367 30.969999313354492 AB 5.863563116204046 1.019041208933601
61185.119 lsst_hardware_r -19.244842834628784 46.88999938964844 31.6299991607666 AB 5.879678347104873 1.0253166530830529
61187.1039 lsst_hardware_y -25.84723606334486 76.37999725341797 30.809999465942383 AB 6.211884935722543 1.0201256189603822
61193.9962 lsst_hardware_r -91.69503150409811 44.689998626708984 31.600000381469727 AB 10.019760100762594 1.0938005677378522
61194.0033 lsst_hardware_i 60.74983994729825 46.529998779296875 31.299999237060547 AB 9.628346352495278 1.079058195002973
61196.0445 lsst_hardware_z 14.80118218477364 40.65999984741211 30.950000762939453 AB 9.735095135641386 1.0223434524774795
61196.0564 lsst_hardware_r 1.5272330694544725 22.40999984741211 31.489999771118164 AB 9.697585532664279 1.0179054825930807
61198.0889 lsst_hardware_g -1.5120365930504687 13.649999618530273 31.40999984741211 AB 4.4399332977384 1.029350841824878
61198.1021 lsst_hardware_i -22.156086544620564 30.360000610351562 31.239999771118164 AB 4.377384876223758 1.042731032925995
61221.9967 lsst_hardware_r 0.09420149952566316 74.58999633789062 31.65999984741211 AB 7.984260111268838 1.0172327826817222
61222.0084 lsst_hardware_i 44.9066288597048 61.91999816894531 31.329999923706055 AB 8.300248295594075 1.0201564966162833
61223.0063 lsst_hardware_z -109.37203233624147 70.4000015258789 31.719999313354492 AB 9.026630667189167 1.0204194740209322
61224.9997 lsst_hardware_g 11.782495755884568 13.779999732971191 31.420000076293945 AB 8.36684170473842 1.0199526651990254
61225.0123 lsst_hardware_r 17.73425471911593 22.510000228881836 31.5 AB 8.114111338226758 1.0271027010413618
61230.9926 lsst_hardware_i 4.9504347307622645 30.3799991607666 31.260000228881836 AB 8.208607841186385 1.0247949864152393
61231.0057 lsst_hardware_z 11.89955947250669 41.18000030517578 30.950000762939453 AB 8.478777167420162 1.0357234212411195
61232.993 lsst_hardware_i 11.391218292652175 30.399999618530273 31.260000228881836 AB 10.915566004322601 1.0290827045753326
61233.0056 lsst_hardware_u 2.8254818101814996 2.7100000381469727 28.450000762939453 AB 10.061559595205372 1.0416232305197006
61449.3687 lsst_hardware_z -68.21599892121318 41.040000915527344 30.959999084472656 AB 5.654377239806666 1.0171267707642033
61449.3797 lsst_hardware_y 21.696572346911765 48.709999084472656 30.059999465942383 AB 5.080028557344134 1.0181438134771288
61451.374 lsst_hardware_u -3.182293571025022 2.930000066757202 28.549999237060547 AB 4.120453788621338 1.0180872910300423
61451.3849 lsst_hardware_y 37.03947173466194 51.220001220703125 30.059999465942383 AB 3.0028592454984784 1.0222499559143756
61453.3684 lsst_hardware_i -3.808369977082073 30.270000457763672 31.25 AB 4.075020928554153 1.0180553191066524
61453.3793 lsst_hardware_y -47.91458767215757 47.65999984741211 30.049999237060547 AB 3.3731823609592975 1.022176473017969
61455.3598 lsst_hardware_z -55.69476880401752 47.439998626708984 30.969999313354492 AB 3.1532957391716323 1.0174656862075715
61455.3709 lsst_hardware_r -8.433225824112256 22.780000686645508 31.520000457763672 AB 3.157935531553807 1.0207468384820386
61457.3659 lsst_hardware_y -80.53423028825004 74.97000122070312 30.81999969482422 AB 5.806259252796255 1.0209555430222736
61459.3585 lsst_hardware_r 9.179506697960777 86.3499984741211 31.65999984741211 AB 10.020611550574168 1.0201172300289287
61459.3698 lsst_hardware_i -75.90862470412935 70.0 31.34000015258789 AB 10.102042654390662 1.0264564932488394
61461.3557 lsst_hardware_z -36.87689606399251 60.88999938964844 30.989999771118164 AB 8.783126911404388 1.021293826907487
61461.3683 lsst_hardware_r -5.329373552832905 78.4800033569336 31.65999984741211 AB 8.853861497129149 1.0295187787359477
61463.3557 lsst_hardware_z -142.5837345653175 49.369998931884766 30.969999313354492 AB 5.3264469250365485 1.0243167163531823
61463.3667 lsst_hardware_r 17.050922040698985 50.939998626708984 31.639999389648438 AB 5.371246097335025 1.032931941795197
61465.3587 lsst_hardware_i -25.638656934605162 33.599998474121094 31.270000457763672 AB 4.329971991227633 1.0306389744070534
61465.3707 lsst_hardware_z -38.751628749450354 42.560001373291016 30.950000762939453 AB 4.408940159466625 1.0431246434069303
61467.3495 lsst_hardware_r 7.3501299992011635 23.5 31.510000228881836 AB 6.07241196691033 1.0275967904293384
61467.3615 lsst_hardware_u 2.974499688980803 2.9700000286102295 28.489999771118164 AB 6.159625907684594 1.038781141326313
61469.3492 lsst_hardware_u 7.030532307229985 2.7100000381469727 28.459999084472656 AB 9.98276991504226 1.0318997241838843
61469.3606 lsst_hardware_g -23.739790519494594 13.979999542236328 31.43000030517578 AB 10.103305724874277 1.0441344244799666
61471.2912 lsst_hardware_g -9.386614507397901 13.649999618530273 31.420000076293945 AB 9.895521066441008 1.0222029732823616
61471.3028 lsst_hardware_r -15.089494204487842 22.309999465942383 31.5 AB 9.057058276982765 1.017913866217683
61473.3338 lsst_hardware_z 20.026373608799158 40.86000061035156 30.950000762939453 AB 7.063201610164463 1.0281225051185807
61473.346 lsst_hardware_r -12.675515105020098 22.399999618530273 31.489999771118164 AB 7.154123742522901 1.0397680026920866
61475.3382 lsst_hardware_u 1.3628717176264529 2.7100000381469727 28.459999084472656 AB 6.914668948668335 1.0372003423002503
61475.3515 lsst_hardware_r -27.485904785845914 22.579999923706055 31.489999771118164 AB 7.04547665910995 1.0539889036878314
61478.3394 lsst_hardware_i 22.411476987146745 30.3799991607666 31.25 AB 10.916237477001602 1.0484956275534612
61478.3508 lsst_hardware_z 29.21431090290364 41.349998474121094 30.950000762939453 AB 11.092646896631257 1.0658661720254878
61480.3376 lsst_hardware_r 8.171944707690868 22.479999542236328 31.489999771118164 AB 7.9590844209753095 1.0536251550139408
61480.3504 lsst_hardware_u 4.141789641528324 2.640000104904175 28.399999618530273 AB 8.115193497684114 1.0749312534186521
61482.2965 lsst_hardware_y 15.859413396577162 46.7599983215332 30.059999465942383 AB 6.271701142657488 1.020452512635452
61482.3085 lsst_hardware_g -24.458295124109412 13.880000114440918 31.440000534057617 AB 6.2599168061079205 1.027563494108291
61486.2724 lsst_hardware_r -0.21452365246548175 106.48999786376953 31.670000076293945 AB 5.359227982574003 1.017172570832536
61486.2855 lsst_hardware_i 25.368750729571175 83.19999694824219 31.350000381469727 AB 5.390621659989614 1.020419603424265
61488.2898 lsst_hardware_z -128.46187990191513 78.87000274658203 31.0 AB 6.278893586693527 1.025879190702312
61488.3023 lsst_hardware_r 32.70889291096289 115.12000274658203 31.65999984741211 AB 6.2631381889671625 1.036771757816108
61491.2372 lsst_hardware_r 9.444672422348612 64.9000015258789 31.65999984741211 AB 6.4379318195915705 1.0218939396177096
61491.2494 lsst_hardware_z -9.784699011729124 54.939998626708984 30.989999771118164 AB 6.411396681724444 1.017682012972134
