data/validation/pwv_sim_epoch_fit_epoch/38161299.ecsv
# %ECSV 0.9
# ---
# datatype:
# - {name: time, datatype: float64}
# - {name: band, datatype: string}
# - {name: flux, datatype: float64}
# - {name: fluxerr, datatype: float64}
# - {name: zp, datatype: float64}
# - {name: zpsys, datatype: string}
# - {name: pwv, datatype: float64}
# - {name: airmass, datatype: float64}
# meta: {SNID: '38161299', alt: 1024.0, c: -0.06407180428504944, dec: -60.056278, lat: -30.244573, lon: -70.7499537, ra: 356.388885, t0: 63021.14453125,
#   x0: 2.4548511649272273e-05, x1: -0.5260829329490662, z: 0.3141162097454071}
# schema: astropy-2.0
time band flux fluxerr zp zpsys pwv airmass
63036.4307 lsst_hardware_r 4078.6039980780447 67.45021755332057 31.479999542236328 AB 3.0127117386692537 1.1526763443448236
63036.4431 lsst_hardware_y 655.1069267100593 76.52247428973774 30.030000686645508 AB 3.018161715486277 1.1504698257944803
63040.3456 lsst_hardware_r 2927.0834726516855 58.903669309991436 31.450000762939453 AB 4.26201704549577 1.2437490466172816
63040.3731 lsst_hardware_y 507.81245999753054 53.356194205832495 30.0 AB 4.091930782602598 1.1934176544229234
63044.4455 lsst_hardware_z 2078.474287628503 77.68578561292084 30.969999313354492 AB 8.22452622864214 1.156293960959148
63046.4202 lsst_hardware_u 7.68554771862886 4.126042415536179 28.329999923706055 AB 2.319270102520445 1.150526714768307
63046.4341 lsst_hardware_y 601.6541401109906 55.47172995374061 30.010000228881836 AB 2.3230032915139436 1.1536185854233056
63048.4353 lsst_hardware_r 1735.2694298358472 47.34933244690099 31.469999313354492 AB 10.881591672070972 1.156672749750712
63051.4207 lsst_hardware_i 2209.634404544432 80.90265527163076 31.299999237060547 AB 6.640772169881475 1.1537130246493181
63051.4331 lsst_hardware_z 1777.2473814200612 73.53610150383541 30.959999084472656 AB 6.644751141945307 1.1603005442781904
63053.4277 lsst_hardware_r 1413.502293738699 91.33759183953944 31.6299991607666 AB 6.11760460092099 1.1603403861579005
63053.4403 lsst_hardware_z 1789.1283623715349 79.40864471164276 30.969999313354492 AB 6.115214123978733 1.1707680321597764
63061.4247 lsst_hardware_r 758.244037205642 36.8839423109418 31.479999542236328 AB 8.112578841376902 1.177357062822224
63061.4372 lsst_hardware_i 1423.3333783431758 52.82657267703992 31.25 AB 8.223847948729011 1.1935052534255337
63063.3773 lsst_hardware_z 1182.0834086424484 53.59759242591661 30.940000534057617 AB 3.839362764011767 1.1508881187085633
63063.3888 lsst_hardware_i 1318.7398995496633 47.686496967077105 31.229999542236328 AB 3.943785067851223 1.1540533752978608
63066.4329 lsst_hardware_u 8.105591010135086 4.350557049488275 28.56999969482422 AB 3.7687554114010777 1.2082571449856514
63068.4263 lsst_hardware_r 620.6883260833404 33.81708488729436 31.459999084472656 AB 7.516652274876304 1.2063316120809346
63068.4395 lsst_hardware_i 1145.7493373070117 53.15580070097039 31.260000228881836 AB 7.718719350462887 1.2308594084616309
63070.4018 lsst_hardware_i 1006.5640312910002 44.51540174913514 31.229999542236328 AB 6.068889456411702 1.1792838389918294
63070.4136 lsst_hardware_z 714.3541028765951 51.0103949185161 30.93000030517578 AB 6.101591342911202 1.1949260891870164
63071.1944 lsst_hardware_i 1868.8172889876248 64.20158494503603 31.940000534057617 AB 8.109471363866959 1.4728426015014455
63071.2079 lsst_hardware_z 759.2093643049775 52.65310540669084 30.920000076293945 AB 7.784956884624963 1.4112983444949625
63078.2549 lsst_hardware_r 1189.486494351326 92.46141797856056 32.349998474121094 AB 4.369734322423642 1.2172244450679843
63078.2689 lsst_hardware_y 447.31845024602444 75.65031365038092 30.739999771118164 AB 4.2664924422101675 1.1940924831262714
63080.379 lsst_hardware_i 819.3430220704287 78.53235168819737 31.299999237060547 AB 2.208718636239778 1.1848289510450307
63080.391 lsst_hardware_z 471.29886997407954 69.99411847379449 30.959999084472656 AB 2.2572761529784775 1.2021708608087045
63082.3966 lsst_hardware_z 470.98795128276316 68.5136371680997 30.959999084472656 AB 2.515268130407296 1.2215969550302552
63082.4092 lsst_hardware_r 469.9511107353341 90.85188201050393 31.600000381469727 AB 2.4348839078113995 1.248018404823885
63086.3438 lsst_hardware_i 753.9827200517336 48.89931131315 31.260000228881836 AB 2.966066193917841 1.1649906496142344
63086.3551 lsst_hardware_z 461.921522801591 51.516978839841805 30.940000534057617 AB 2.9278734813170146 1.1758528037417728
63092.1063 lsst_hardware_r 13.915229280298364 23.959999084472656 31.3799991607666 AB 6.038706442481001 1.6521768652478797
63096.3694 lsst_hardware_g -7.973917277489098 13.4399995803833 31.360000610351562 AB 5.1445551440599075 1.244449720382174
63096.3805 lsst_hardware_r 9.214412816917879 22.940000534057617 31.459999084472656 AB 3.0689653294238504 1.2712317553705974
63101.3139 lsst_hardware_u -4.072394850817619 2.549999952316284 28.299999237060547 AB 2.3825230494927383 1.1755870309997063
63101.326 lsst_hardware_r 3.447707184370103 22.540000915527344 31.459999084472656 AB 2.3954142861730183 1.1906623906087408
63107.3064 lsst_hardware_i 19.369310463970137 50.720001220703125 31.290000915527344 AB 8.272004167526264 1.1862905732864282
63107.318 lsst_hardware_z -60.1440103213166 51.720001220703125 30.950000762939453 AB 8.414799095395553 1.2033318136774729
63111.0379 lsst_hardware_i 82.53561268768512 117.7300033569336 31.940000534057617 AB 2.8443649824092017 1.7766177279257975
63111.0483 lsst_hardware_r -213.85172108293975 143.5 32.22999954223633 AB 2.2908666726287055 1.6956822151211735
63112.3075 lsst_hardware_r 63.06538036353908 75.83000183105469 31.600000381469727 AB 1.9289021661871193 1.208585317159849
63112.3191 lsst_hardware_i 35.49494009270118 61.869998931884766 31.290000915527344 AB 1.9408115420608574 1.2303084260288275
63117.2979 lsst_hardware_z 66.59722295610943 45.34000015258789 30.93000030517578 AB 3.404077552475925 1.2157419830271161
63117.3097 lsst_hardware_r 14.257014129777115 32.41999816894531 31.520000457763672 AB 3.4699016527192192 1.239250590256864
63122.296 lsst_hardware_r -3.1404419004034594 22.579999923706055 31.450000762939453 AB 3.3884506338140126 1.2391481564506845
63122.3086 lsst_hardware_u 0.8966279853021388 2.450000047683716 28.18000030517578 AB 3.4326600828533795 1.2688883034297678
63124.193 lsst_hardware_r 7.407269691757523 22.229999542236328 31.469999313354492 AB 1.2263589860006565 1.151961474130335
63124.2048 lsst_hardware_u -1.707917418139198 2.569999933242798 28.329999923706055 AB 1.1418369192970375 1.1504654098716702
63126.1976 lsst_hardware_g -9.602276153444636 13.210000038146973 31.3700008392334 AB 0.9418664395318407 1.1504883219035686
63126.2092 lsst_hardware_r -20.303608917773694 22.329999923706055 31.469999313354492 AB 2.015774081907133 1.151651541748641
63133.2673 lsst_hardware_g -0.39950438655991827 13.1899995803833 31.31999969482422 AB 5.0310081399771125 1.2420708900079283
63133.2792 lsst_hardware_i 29.221865647534628 32.150001525878906 31.209999084472656 AB 5.172948624645669 1.2705264950619548
63137.2474 lsst_hardware_r -45.45747936194083 71.7300033569336 31.600000381469727 AB 4.58549839761341 1.223479283409746
63137.2591 lsst_hardware_z 6.8033470241420275 58.310001373291016 30.950000762939453 AB 4.178727053570834 1.2481884961131582
63141.0743 lsst_hardware_z -27.206258767206844 84.05000305175781 31.709999084472656 AB 5.98799956729861 1.2341937583962472
63143.2176 lsst_hardware_r -38.79358261274152 55.209999084472656 31.59000015258789 AB 3.141990286513205 1.1999962902023698
63143.2292 lsst_hardware_i 45.355295205942795 48.4900016784668 31.270000457763672 AB 3.2019108234675677 1.2200079342608372
63145.1845 lsst_hardware_i -1.5136431481954442 37.779998779296875 31.25 AB 5.646056824201418 1.1665406661573179
63145.1966 lsst_hardware_z -118.75174630764178 46.349998474121094 30.940000534057617 AB 5.58877651183568 1.1788180788516514
63147.186 lsst_hardware_i -2.582659912177579 30.979999542236328 31.229999542236328 AB 4.780651665359799 1.1731660528490304
63147.1979 lsst_hardware_u 2.6844677085438056 2.5399999618530273 28.290000915527344 AB 4.782711038746043 1.1872679450755588
63149.1402 lsst_hardware_g -3.727461219424355 12.970000267028809 31.350000381469727 AB 3.5990002831461094 1.1506675032039355
63149.1506 lsst_hardware_r -5.007179106988665 22.09000015258789 31.459999084472656 AB 3.659433729326154 1.1528498792868092
63151.2202 lsst_hardware_r -5.571558675494481 22.450000762939453 31.440000534057617 AB 6.8566603495094185 1.2466655180926216
63151.2327 lsst_hardware_u -2.63570960089338 2.5 28.229999542236328 AB 7.026221178109276 1.277494759656232
63155.1786 lsst_hardware_r -6.10293531821351 22.59000015258789 31.459999084472656 AB 9.048068177877653 1.1907572478919517
63155.1903 lsst_hardware_i -49.3669158483366 31.6299991607666 31.229999542236328 AB 9.157265639777814 1.208973052680996
63159.1609 lsst_hardware_i -7.788220584716076 31.260000228881836 31.219999313354492 AB 3.9131140752618965 1.181852635234641
63159.1725 lsst_hardware_u 2.6914427685892535 2.559999942779541 28.299999237060547 AB 2.749408257720293 1.1978252647637935
63163.1592 lsst_hardware_i 54.945276932635146 40.220001220703125 31.260000228881836 AB 3.374405030270816 1.194268281816028
63163.1699 lsst_hardware_r -73.04901211856132 39.61000061035156 31.559999465942383 AB 2.8541595867690326 1.2114857996267536
63166.1612 lsst_hardware_r 142.07801468547396 65.47000122070312 31.600000381469727 AB 4.369257109674462 1.2105999842090405
63166.1719 lsst_hardware_i -92.0871032140778 55.540000915527344 31.280000686645508 AB 3.0442943971675622 1.2308467913076397
63168.1607 lsst_hardware_z 23.944545181176668 61.150001525878906 30.959999084472656 AB 3.502643651623454 1.2195834441585842
63168.1714 lsst_hardware_r -135.372888068019 83.91999816894531 31.600000381469727 AB 2.6912872653015536 1.2413686648069895
63170.1678 lsst_hardware_z 3.811081644109988 84.25 31.709999084472656 AB 4.30883798681827 1.2455088847571896
63181.069 lsst_hardware_r 13.877386473189091 22.270000457763672 31.459999084472656 AB 4.003208332045651 1.1551603901444671
63181.0822 lsst_hardware_i -34.94979232345109 30.8700008392334 31.229999542236328 AB 4.064934600088988 1.1632933130083911
63183.0709 lsst_hardware_z 30.649966364762726 42.58000183105469 30.93000030517578 AB 5.0265530442502415 1.159193553012451
63183.0819 lsst_hardware_u -0.5346614198797401 2.5399999618530273 28.290000915527344 AB 5.116404401163436 1.1675957099870915
63186.0546 lsst_hardware_r -16.049248728389326 22.510000228881836 31.469999313354492 AB 6.898347600781542 1.15482507755613
63186.0666 lsst_hardware_g 4.16987028713817 13.380000114440918 31.3700008392334 AB 6.952062176470192 1.1618398155763634
63187.0526 lsst_hardware_r -0.4214468294788894 22.450000762939453 31.469999313354492 AB 4.307579542928097 1.1551567559477536
63187.0653 lsst_hardware_i -10.368836999331245 30.90999984741211 31.229999542236328 AB 4.267560912354996 1.1629023536630547
63189.0492 lsst_hardware_z 13.100559357533545 42.83000183105469 30.940000534057617 AB 5.463813395785665 1.1561587153839983
63189.0616 lsst_hardware_i -10.910997475312154 31.670000076293945 31.229999542236328 AB 5.481224997478724 1.164277621866804
63193.0539 lsst_hardware_r -21.023496175967917 45.29999923706055 31.59000015258789 AB 7.967795332689462 1.1669865741379692
63193.0673 lsst_hardware_i -4.484077277021158 43.040000915527344 31.280000686645508 AB 8.05587673709738 1.1809538572304124
