data/validation/pwv_sim_epoch_fit_epoch/38166662.ecsv
# %ECSV 0.9
# ---
# datatype:
# - {name: time, datatype: float64}
# - {name: band, datatype: string}
# - {name: flux, datatype: float64}
# - {name: fluxerr, datatype: float64}
# - {name: zp, datatype: float64}
# - {name: zpsys, datatype: string}
# - {name: pwv, datatype: float64}
# - {name: airmass, datatype: float64}
# meta: {SNID: '38166662', alt: 1024.0, c: -0.0937030166387558, dec: -13.554784, lat: -30.244573, lon: -70.7499537, ra: 13.886719, t0: 63172.1640625,
#   x0: 1.1181104456037942e-05, x1: -0.11437336355447769, z: 0.43882104754447937}
# schema: astropy-2.0
time band flux fluxerr zp zpsys pwv airmass
63057.4113 lsst_hardware_r -34.23803668625584 56.959999084472656 31.639999389648438 AB 10.063672008875539 1.0559252947197333
63057.4316 lsst_hardware_y -134.3192699488583 52.29999923706055 30.059999465942383 AB 10.894090686263407 1.0452473673555835
63065.4205 lsst_hardware_r -19.030354881709354 23.690000534057617 31.5 AB 2.280457285396614 1.0457215569857223
63065.4398 lsst_hardware_y 57.93197052673859 59.36000061035156 30.049999237060547 AB 2.2609177189334475 1.0572446663238004
63069.3924 lsst_hardware_u 1.815559656185153 2.75 28.459999084472656 AB 5.5806952648744055 1.046985650743287
63069.4135 lsst_hardware_g 13.735455913758502 14.729999542236328 31.459999084472656 AB 5.585970748121112 1.0469441941938173
63077.4297 lsst_hardware_z -50.097816071649355 44.689998626708984 30.959999084472656 AB 4.131785446872846 1.0893185992282153
63079.2242 lsst_hardware_r -48.72960325112418 107.94999694824219 32.25 AB 7.385211479517365 1.660219890487231
63079.2777 lsst_hardware_z -75.03973647804871 56.81999969482422 30.950000762939453 AB 5.499094907975623 1.247172400742898
63083.3015 lsst_hardware_z 39.656439038881054 100.33000183105469 31.729999542236328 AB 1.7782807686309596 1.1222387180421518
63083.3285 lsst_hardware_r -59.35757850652197 136.39999389648438 32.400001525878906 AB 1.6637573353767614 1.0693673285763865
63085.3523 lsst_hardware_r 89.99385901489403 75.0199966430664 31.649999618530273 AB 4.454216829204796 1.045836306458041
63085.3745 lsst_hardware_i 44.62326303464796 63.41999816894531 31.31999969482422 AB 4.463771126524654 1.0491470839528334
63088.2886 lsst_hardware_z 7.365788013738899 45.15999984741211 30.950000762939453 AB 4.614278335463754 1.1203103697635823
63088.3062 lsst_hardware_r -5.986879472600116 33.45000076293945 31.579999923706055 AB 5.285800758888548 1.0827860892226455
63091.3464 lsst_hardware_u -6.604562439090077 2.890000104904175 28.549999237060547 AB 4.853706269313203 1.0451563887410462
63091.3643 lsst_hardware_g -10.279142159654691 15.270000457763672 31.469999313354492 AB 4.918038721780341 1.0533011718965573
63110.2412 lsst_hardware_r 64.93978085933362 119.7699966430664 31.649999618530273 AB 1.7501939832085596 1.0918808317391586
63110.2582 lsst_hardware_z 43.69937952772121 78.87999725341797 30.989999771118164 AB 1.747890809897781 1.0649212895396716
63115.2418 lsst_hardware_z 86.63322154415977 103.72000122070312 32.47999954223633 AB 0.4431465728552951 1.0684667217728634
63118.2226 lsst_hardware_r -7.924881198507864 23.709999084472656 31.489999771118164 AB 3.3789781334833693 1.0857898886514683
63118.2414 lsst_hardware_i 0.4323705651916848 31.440000534057617 31.25 AB 3.353424293998161 1.0591990821219712
63121.2245 lsst_hardware_z -88.28059478299322 41.689998626708984 30.950000762939453 AB 3.2576533805564205 1.0697198053490873
63121.2434 lsst_hardware_r -14.673731178169604 23.530000686645508 31.510000228881836 AB 3.1979428786038526 1.0506300866025908
63125.2056 lsst_hardware_g 4.715457061063339 14.850000381469727 31.440000534057617 AB 3.2208708001415918 1.0820697556398304
63125.2222 lsst_hardware_r 6.2694359178934524 23.729999542236328 31.510000228881836 AB 3.4222153395475146 1.0592907571858414
63132.1889 lsst_hardware_g -20.143841633714153 15.949999809265137 31.459999084472656 AB 2.1920440502406477 1.0780544509377492
63132.2076 lsst_hardware_r -24.3910749572093 23.760000228881836 31.5 AB 2.106469236423647 1.054992939777847
63135.1818 lsst_hardware_i 42.054977571286884 44.13999938964844 31.299999237060547 AB 3.6425344808547377 1.0763195629326585
63136.184 lsst_hardware_i -18.489024395258465 51.91999816894531 31.309999465942383 AB 4.23736070179313 1.0690956734687402
63136.203 lsst_hardware_z -12.654231549385218 52.040000915527344 30.969999313354492 AB 4.188325714310424 1.0502760181328143
63139.1166 lsst_hardware_i -206.5504975020403 163.16000366210938 32.060001373291016 AB 4.721470738201011 1.2345328116619194
63139.1373 lsst_hardware_r 56.9117467531146 140.9199981689453 31.6299991607666 AB 4.7527681634876595 1.1548926365189518
63148.1469 lsst_hardware_i 101.66396424125641 32.31003560718227 31.260000228881836 AB 3.769615103941278 1.0753941909303761
63148.1647 lsst_hardware_u 0.62207581542257 2.8226286167272057 28.469999313354492 AB 3.6927681136894948 1.0543235156857944
63150.1446 lsst_hardware_g 34.24727150755668 15.728954978125483 31.43000030517578 AB 4.764371482583142 1.070725481140767
63150.1631 lsst_hardware_r 210.09435650808155 27.415700642385524 31.5 AB 4.627114890579641 1.0513780710246856
63152.1471 lsst_hardware_i 340.8428695786288 36.23361658079434 31.25 AB 6.224462087744401 1.0607618412686617
63152.165 lsst_hardware_r 423.7522230249975 32.044679948155185 31.5 AB 6.079619753809053 1.0473074511298037
63154.133 lsst_hardware_u 13.29821540028716 4.8268946854633485 28.459999084472656 AB 6.571706030088833 1.0716922247885574
63154.1501 lsst_hardware_g 354.5591434511764 23.623825619972347 31.459999084472656 AB 6.517407821927281 1.0528930245439874
63156.1455 lsst_hardware_r 1324.8726966984523 43.42639039351022 31.510000228881836 AB 6.7343692870946485 1.0522452011085388
63156.1636 lsst_hardware_i 800.4518965645225 42.59356508619986 31.25 AB 6.688003778998528 1.04500059046852
63158.1286 lsst_hardware_z 773.1618058122654 49.97842442073591 30.950000762939453 AB 4.1342925701644715 1.063164556016696
63158.1458 lsst_hardware_r 1765.5524032518879 48.43246510874678 31.5 AB 4.0483988828907735 1.0486268907505025
63160.1338 lsst_hardware_u 25.466672203324393 5.878733307671291 28.510000228881836 AB 2.7794683360505834 1.0528289151706756
63160.1504 lsst_hardware_g 1176.3837198607966 37.76904629122807 31.450000762939453 AB 2.786637378700536 1.0452503295949376
63162.1354 lsst_hardware_r 3139.67467221746 63.48016469694743 31.559999465942383 AB 5.010985417273997 1.0483598627443071
63162.1516 lsst_hardware_z 1313.9033129428062 55.51377236241339 30.950000762939453 AB 5.068319429155942 1.0450502276688425
63164.1048 lsst_hardware_i 2231.164219752802 66.84118127063384 31.309999465942383 AB 4.87462663411443 1.0729972780353136
63164.1216 lsst_hardware_r 3991.9947641210124 81.60202834256839 31.639999389648438 AB 4.7566717219524355 1.0538376165614032
63167.1197 lsst_hardware_z 3478.309376002763 127.62408444618667 31.75 AB 3.9760675352946917 1.0494635409011766
63171.1135 lsst_hardware_z 1922.9306981405766 74.88331130443244 30.989999771118164 AB 5.697364852044685 1.0471493065481654
63171.1324 lsst_hardware_r 4774.865682950597 107.46696019268853 31.649999618530273 AB 4.8234978477002075 1.0460660758029112
63180.0807 lsst_hardware_i 2522.335543722176 57.774753060361746 31.25 AB 9.02580564882281 1.0517135456563516
63180.0985 lsst_hardware_u -0.6935644358296761 2.8321493894643885 28.459999084472656 AB 9.874970360509 1.0449704085194251
63182.0837 lsst_hardware_g 903.5873386469195 33.53713743250843 31.420000076293945 AB 3.6000317677833964 1.047053520769041
63182.1014 lsst_hardware_r 3064.8337676633505 59.504790348200785 31.489999771118164 AB 3.6463683608288298 1.0458035451707925
63188.0559 lsst_hardware_z 1275.818522941226 54.17861226048302 30.940000534057617 AB 6.817609819177632 1.053970753525282
63188.0756 lsst_hardware_u 9.170581525714043 3.5601882979429664 28.479999542236328 AB 6.7421061954149035 1.0450447485724101
63190.0564 lsst_hardware_g 490.2200420962286 29.77039315436328 31.540000915527344 AB 6.834935403257445 1.0497520201594541
63190.0744 lsst_hardware_r 1888.2778445851836 50.77126660301462 31.530000686645508 AB 6.967276216763213 1.0449869338210998
63196.0329 lsst_hardware_y 370.57355201536933 60.873982693973716 30.049999237060547 AB 5.066888031584814 1.0549423342880428
63196.0532 lsst_hardware_z 1160.2252871769904 75.2149774261614 30.989999771118164 AB 4.538518334597959 1.0450994015808392
63198.0278 lsst_hardware_y 441.3709467804211 62.6665935258388 30.059999465942383 AB 4.664902773569769 1.05463240232177
63198.0381 lsst_hardware_i 1386.1254416137638 82.7494472342423 31.34000015258789 AB 4.637615661414216 1.0478711317661902
63200.045 lsst_hardware_z 1923.2718824783772 88.63668381924505 31.729999542236328 AB 5.2204728130149665 1.0449305070086001
63203.025 lsst_hardware_y 383.44447615845246 71.59999624042179 30.06999969482422 AB 7.038290838551351 1.0476192317406325
63203.044 lsst_hardware_r 689.162316351751 35.60965859810901 31.5 AB 6.933233869963504 1.0457849182811154
63207.0281 lsst_hardware_y 387.0353328913068 69.15613859052905 30.059999465942383 AB 5.57128565997323 1.0449916051030645
63207.0473 lsst_hardware_u 4.570919828142989 3.6461832929132236 28.459999084472656 AB 4.824644138483063 1.0530708585579096
