data/validation/pwv_sim_epoch_fit_epoch/38239884.ecsv
# %ECSV 0.9
# ---
# datatype:
# - {name: time, datatype: float64}
# - {name: band, datatype: string}
# - {name: flux, datatype: float64}
# - {name: fluxerr, datatype: float64}
# - {name: zp, datatype: float64}
# - {name: zpsys, datatype: string}
# - {name: pwv, datatype: float64}
# - {name: airmass, datatype: float64}
# meta: {SNID: '38239884', alt: 1024.0, c: 0.0736793577671051, dec: -22.185358, lat: -30.244573, lon: -70.7499537, ra: 36.210938, t0: 60576.83203125,
#   x0: 4.888270420866427e-06, x1: 0.08235117048025131, z: 0.6193476319313049}
# schema: astropy-2.0
time band flux fluxerr zp zpsys pwv airmass
60498.3354 lsst_hardware_g -21.63871164864888 14.069999694824219 31.200000762939453 AB 2.547458501727844 1.721449601347794
60498.3551 lsst_hardware_r 38.38189988987518 24.540000915527344 31.40999984741211 AB 2.2152494377186494 1.505265756094583
60502.3802 lsst_hardware_r 4.978550904447966 23.510000228881836 31.459999084472656 AB 9.63101420929129 1.254487506501845
60502.4015 lsst_hardware_i 24.4287396562383 31.40999984741211 31.239999771118164 AB 8.999833915879405 1.1609318476415758
60520.4308 lsst_hardware_y -183.4568298601806 88.47000122070312 30.81999969482422 AB 3.84106258621206 1.012893926834807
60529.4117 lsst_hardware_u -4.131610764990476 2.799999952316284 28.530000686645508 AB 1.4155649538492225 1.011117824178016
60529.426 lsst_hardware_y 64.08686519580061 48.939998626708984 30.059999465942383 AB 1.8677834540768257 1.011070076187383
60531.4073 lsst_hardware_i -4.566206676494657 29.920000076293945 31.260000228881836 AB 5.256609852518582 1.0108865100997273
60531.4285 lsst_hardware_y 76.34094512785163 53.52000045776367 30.06999969482422 AB 5.046991946622497 1.0139272644389936
60535.3824 lsst_hardware_g 6.566089112771635 13.630000114440918 31.440000534057617 AB 3.5250772686644223 1.0168981014465375
60535.4031 lsst_hardware_y 108.977051017582 46.619998931884766 30.059999465942383 AB 3.5808984344319414 1.0102689898242183
60537.377 lsst_hardware_i -32.80071070739848 29.940000534057617 31.260000228881836 AB 4.953117852287875 1.0168585202808202
60537.398 lsst_hardware_z -38.04648094767759 40.5 30.950000762939453 AB 4.866758828864398 1.0102774049228085
60538.2463 lsst_hardware_i 0.22591116574361553 49.15999984741211 31.229999542236328 AB 6.396764303264035 1.5015878646159708
60538.2636 lsst_hardware_z -109.5186858298794 51.81999969482422 30.940000534057617 AB 4.663422487976718 1.3640723913643054
60539.3755 lsst_hardware_r 5.47021638673031 45.529998779296875 31.6299991607666 AB 2.4485194578032847 1.0145098229970104
60539.3959 lsst_hardware_y 54.72589378575091 48.09000015258789 30.059999465942383 AB 2.4682867749195543 1.0105575332321615
60541.3798 lsst_hardware_z 46.06323619679082 60.130001068115234 30.989999771118164 AB 1.6826895055108448 1.0109279095889725
60541.3993 lsst_hardware_r 157.0343010845489 82.75 31.65999984741211 AB 1.6697722809926538 1.0130576556909776
60543.3682 lsst_hardware_i 72.98079947971374 73.27999877929688 31.34000015258789 AB 1.9564249242800271 1.0128170444938143
60543.3877 lsst_hardware_z 46.31125597826215 64.7699966430664 30.989999771118164 AB 1.254969616987445 1.011053065045273
60546.3693 lsst_hardware_r 2.594439348880314 56.78572428672523 31.649999618530273 AB 1.9731280143320256 1.010435546963014
60546.3879 lsst_hardware_z -46.67564755440029 50.769517240705234 30.979999542236328 AB 2.2300105877870924 1.0141021317813061
60553.305 lsst_hardware_i 135.8444087105007 32.302893316155036 31.239999771118164 AB 1.6781098587780652 1.049474583350885
60553.3214 lsst_hardware_z 108.6969865027889 42.06719552865663 30.950000762939453 AB 1.5571203613774856 1.0271242489297399
60559.267 lsst_hardware_g 83.54935522565535 17.02262796650937 31.40999984741211 AB 2.181516771195274 1.0951389413630894
60559.2857 lsst_hardware_i 569.9060695570803 38.02977274847298 31.25 AB 2.0626273781266873 1.0545129745023964
60568.2789 lsst_hardware_r 1542.6190957821611 69.91626694719479 31.649999618530273 AB 4.104295892942581 1.0288174865331734
60568.2961 lsst_hardware_i 1270.7454085628613 60.64655331417024 31.31999969482422 AB 2.645142463374419 1.0146307876388259
60571.2722 lsst_hardware_i 1645.0673804324645 94.27846867741886 31.34000015258789 AB 5.7404270490407 1.0271856578760636
60571.2938 lsst_hardware_z 1134.515962677309 79.92715604594227 31.0 AB 5.640164266740813 1.0120517255950345
60574.1886 lsst_hardware_z 1171.9955680514372 69.91205226756081 30.959999084472656 AB 2.713262303606699 1.2298072764222998
60574.2108 lsst_hardware_i 1430.8395026313283 73.57907729798727 31.309999465942383 AB 2.4649734941667854 1.140267604563767
60578.2391 lsst_hardware_u -0.0746245916807061 2.6617455106033807 28.3799991607666 AB 3.1669329017387935 1.0456525099291636
60578.2572 lsst_hardware_g 270.6626064657629 20.613706149163004 31.420000076293945 AB 3.2680788383765877 1.0230863524084068
60579.1617 lsst_hardware_u 2.8113494353828132 2.509480361921502 28.15999984741211 AB 5.037058547679831 1.3001656823436862
60579.1778 lsst_hardware_g 234.72607135010725 19.877273888149045 31.34000015258789 AB 4.803662710736155 1.2164764387969835
60580.2528 lsst_hardware_r 1388.5508921881478 43.847239142116685 31.489999771118164 AB 3.556054335151867 1.0221239316348274
60580.2717 lsst_hardware_i 1487.1677025801873 48.351486715505395 31.260000228881836 AB 3.5131150087119973 1.0113078756545406
60582.2263 lsst_hardware_i 1370.676595686219 47.86962649150673 31.25 AB 3.992349638146211 1.0486865348427137
60582.2466 lsst_hardware_z 1279.8359385754557 52.87504308885345 30.950000762939453 AB 3.925983390510859 1.022791035693606
60586.22 lsst_hardware_g 116.96957330818877 17.820301399701016 31.420000076293945 AB 2.7092007774083133 1.0414662137654105
60586.2378 lsst_hardware_i 1233.9330864500005 46.2568894325835 31.25 AB 2.6812114252127097 1.0209277202142635
60588.2218 lsst_hardware_z 976.120390043946 52.131241098583565 30.950000762939453 AB 4.973604085820935 1.031725366993694
60588.2404 lsst_hardware_r 1019.4623776193041 39.28805149450003 31.5 AB 4.900205313353342 1.0152359074627089
60590.2162 lsst_hardware_u 3.9052891998672385 2.7734043331546303 28.510000228881836 AB 3.399231762750955 1.0318942866939405
60590.2339 lsst_hardware_g 87.66397857875053 16.932600599984145 31.440000534057617 AB 3.433564436270464 1.0158474663525192
60591.1893 lsst_hardware_i 1054.4303559005577 44.45147159419682 31.260000228881836 AB 3.4723770843603496 1.072272903045021
60591.2103 lsst_hardware_r 929.7162134974699 37.48321628107268 31.510000228881836 AB 3.2471962453295604 1.0359259588981715
60592.2165 lsst_hardware_r 901.989375047481 36.78219445810225 31.510000228881836 AB 2.7030060414197776 1.0254844292455685
60592.2345 lsst_hardware_i 1083.611758766844 43.58540283138766 31.260000228881836 AB 2.680501943148797 1.0127841095021435
60594.2048 lsst_hardware_z 912.6250390135594 51.987513851861024 30.959999084472656 AB 6.3270373859034414 1.032479991172372
60594.2216 lsst_hardware_r 725.5022069432013 40.404066626465884 31.56999969482422 AB 5.591928466507166 1.0167142666376665
60596.2018 lsst_hardware_z 866.216131755626 55.390357744219536 30.969999313354492 AB 8.354852641952967 1.0295567026437762
60596.2191 lsst_hardware_r 671.9684793652327 54.85974172371622 31.6299991607666 AB 6.3940624764147795 1.0149305518118699
60599.2466 lsst_hardware_i 744.5627807552995 84.44969034611115 31.34000015258789 AB 5.304000866433308 1.0159948024966234
60599.2647 lsst_hardware_z 763.534442780762 75.23018611347605 30.989999771118164 AB 6.384555434351159 1.03268183329578
60601.1831 lsst_hardware_z 624.7733950597022 78.60520753270394 31.0 AB 2.667760231084128 1.0357887460125388
60601.2018 lsst_hardware_r 353.6400787036896 111.48434820827364 31.670000076293945 AB 2.628960602924141 1.0171699898465567
60603.1874 lsst_hardware_y 551.5912065234002 75.15333966760531 30.809999465942383 AB 2.6170541895164856 1.0245546872700937
60605.1773 lsst_hardware_r 298.97957104704756 35.827380624496314 31.579999923706055 AB 3.3128429461621103 1.0294726370920169
60605.1943 lsst_hardware_i 519.2635725967018 43.11002643994607 31.290000915527344 AB 3.2857368741808957 1.0150561860306815
60609.1154 lsst_hardware_u 3.1916419799827027 2.8909288193920983 28.469999313354492 AB 4.822963363802976 1.1397313975115344
60609.1203 lsst_hardware_r 190.94620379495007 27.82959024473446 31.5 AB 4.778947992550704 1.1239734998747295
60611.1664 lsst_hardware_i 403.7998428265289 36.17827423699173 31.270000457763672 AB 2.9122026162408394 1.023741252486894
60611.1833 lsst_hardware_z 599.427491502008 46.63074121599714 30.959999084472656 AB 2.054900773564086 1.0125157790411856
60616.1101 lsst_hardware_r 146.55511754473713 26.23650757063411 31.5 AB 4.42171083783169 1.0984707281794528
60616.1291 lsst_hardware_i 263.5446012149695 35.08998748363861 31.260000228881836 AB 4.128074229871663 1.0562687269917403
60617.1487 lsst_hardware_r 136.92424413673535 25.696589816566274 31.510000228881836 AB 5.227613723101697 1.0250222986473916
60617.1662 lsst_hardware_i 312.3466606823295 34.414410796836364 31.260000228881836 AB 5.165272597515353 1.0127985485324222
60620.1588 lsst_hardware_z 436.40955533286825 45.161274807471955 30.950000762939453 AB 4.515689826043917 1.0124865080815957
60620.1771 lsst_hardware_r 102.88162211286605 25.225725015117774 31.5 AB 5.448854967082782 1.0109661797082947
60629.1391 lsst_hardware_y -1.2054107037863686 82.31613818901982 30.81999969482422 AB 5.900125381960864 1.0110167725764725
60631.1758 lsst_hardware_r 171.26435464207557 83.3564690533622 31.65999984741211 AB 5.930777319853314 1.0308270134882138
60631.196 lsst_hardware_i 149.98391666411516 68.06195970066675 31.329999923706055 AB 6.002557519515066 1.0623055516355182
60640.0979 lsst_hardware_g 0.6661802807363846 13.937385884050467 31.440000534057617 AB 3.8764562221063623 1.0155323465326889
60640.1185 lsst_hardware_i 128.58592423111227 31.937572383354873 31.260000228881836 AB 3.8516909082487087 1.0103679206703484
60642.0855 lsst_hardware_z 125.28912574077363 42.94736962977356 30.950000762939453 AB 5.107977467545136 1.0204220081995976
60642.0995 lsst_hardware_r 38.81230524068278 23.702384877038472 31.5 AB 5.083944062970863 1.0122001718153184
60644.0763 lsst_hardware_r 99.36421781920298 23.736813999764202 31.5 AB 8.51814121972242 1.023733020557913
60644.0961 lsst_hardware_u 4.309778082970907 2.77583390194516 28.489999771118164 AB 9.000900569817032 1.011536040212056
60646.0779 lsst_hardware_g -7.595895300558619 14.04642210698541 31.450000762939453 AB 6.748811326387892 1.0178784845626907
60646.0973 lsst_hardware_r 43.64121573917834 23.61439855596079 31.510000228881836 AB 6.614543465677515 1.0103366508947396
60650.0791 lsst_hardware_r 42.491134315734136 24.543404767961793 31.520000457763672 AB 4.525927417584377 1.0117195523825717
60650.0985 lsst_hardware_u -0.14439915962349995 3.030099306651236 28.59000015258789 AB 5.767549234043114 1.0118507428144343
60654.0659 lsst_hardware_z 216.44102481332823 51.01329401855191 30.979999542236328 AB 10.206743413578726 1.0125067866125315
60654.0845 lsst_hardware_r -11.159399459997285 52.16127697173272 31.639999389648438 AB 10.699890093087761 1.0110132371421012
60660.049 lsst_hardware_y 104.70527694410083 50.77000045776367 30.059999465942383 AB 11.056327749675422 1.0127083450710632
60660.0692 lsst_hardware_z -79.28506076240252 54.16999816894531 30.979999542236328 AB 11.048650955089496 1.0112718827595433
60663.0523 lsst_hardware_y 28.27103791959683 47.279998779296875 30.059999465942383 AB 5.24580402191964 1.0102655795704651
60663.0753 lsst_hardware_i -17.731570721322328 29.950000762939453 31.260000228881836 AB 5.199703431878152 1.0183017736851374
60665.0329 lsst_hardware_y -7.9079454050655364 68.04000091552734 30.079999923706055 AB 4.611202471987785 1.0137853076810972
60665.0543 lsst_hardware_r 10.022220193172714 22.59000015258789 31.510000228881836 AB 5.500721436393103 1.0109761875377878
60668.0336 lsst_hardware_y 32.1641556130002 102.12999725341797 30.829999923706055 AB 5.6711410562607245 1.0108084941201947
60668.0544 lsst_hardware_g -16.080173079269244 19.969999313354492 32.189998626708984 AB 7.279754863188024 1.0138934349844044
60670.0339 lsst_hardware_z 149.61009402300465 66.75 30.989999771118164 AB 6.421178398153727 1.0102546252601836
60670.0559 lsst_hardware_i 91.58366332257363 30.360000610351562 31.260000228881836 AB 6.4167901235372575 1.0180937088633066
60875.3692 lsst_hardware_r 10.098103669341077 28.639999389648438 31.520000457763672 AB 2.7479492486310235 1.2060343421685422
60875.3886 lsst_hardware_i -20.53696268406715 33.72999954223633 31.25 AB 3.06939634352226 1.1324444618683205
60886.3703 lsst_hardware_i -3.0634768657110225 30.649999618530273 31.25 AB 5.242514481574875 1.0981196002530764
60886.3899 lsst_hardware_z -43.793939559944384 41.04999923706055 30.950000762939453 AB 5.007044920410187 1.054947573433803
60894.369 lsst_hardware_z -54.379286000626955 73.13999938964844 31.719999313354492 AB 4.492764782634493 1.0532797521122288
60895.4243 lsst_hardware_z 13.435863439838803 54.349998474121094 30.979999542236328 AB 1.8851427694106218 1.0111618645149052
60898.3937 lsst_hardware_z 37.11980937926746 84.77999877929688 31.739999771118164 AB 6.125096598243727 1.0139489471502927
60898.4141 lsst_hardware_y 43.59566770140115 52.9900016784668 30.06999969482422 AB 6.078962058463915 1.0107457837051348
60899.3565 lsst_hardware_z -4.473659018446565 58.68000030517578 30.979999542236328 AB 3.277124087891186 1.0512868996362426
60899.3755 lsst_hardware_r -49.48359269935799 75.22000122070312 31.65999984741211 AB 3.0225230158553993 1.025540085115073
60903.3584 lsst_hardware_i 70.57709248620232 50.2400016784668 32.029998779296875 AB 5.590833909681784 1.0324716361370658
60903.3781 lsst_hardware_z 13.328671702399324 60.79999923706055 31.709999084472656 AB 4.945175953196134 1.014967613155346
60905.3896 lsst_hardware_g -12.484794427203992 15.75 31.479999542236328 AB 2.4494175776655402 1.010277408812349
60905.413 lsst_hardware_y 69.21585756572061 47.16999816894531 30.049999237060547 AB 2.4598615064436924 1.0192092423632453
60907.3295 lsst_hardware_r -26.11728999335306 22.329999923706055 31.479999542236328 AB 2.585834589011881 1.0606376493075804
60907.3476 lsst_hardware_i -52.25252291298864 30.020000457763672 31.239999771118164 AB 2.7101946359281537 1.0323240106379459
60911.3813 lsst_hardware_u -0.1947053953980767 2.680000066757202 28.469999313354492 AB 3.8521707830065344 1.0113338889489458
60911.4011 lsst_hardware_g -12.592530823555082 13.539999961853027 31.420000076293945 AB 3.889521896030363 1.022997539777849
60913.3146 lsst_hardware_r 1.9843349316008183 22.25 31.489999771118164 AB 2.8821022999023604 1.0578463203899284
60913.3329 lsst_hardware_i -38.43650642079003 29.940000534057617 31.25 AB 2.8151577718335057 1.0303127138587918
60931.2773 lsst_hardware_r -34.64656373218911 40.45000076293945 31.610000610351562 AB 3.6325030702871235 1.0385998771371332
60931.2933 lsst_hardware_i 8.444038709571984 39.279998779296875 31.290000915527344 AB 2.768075207032207 1.0207707963610977
60933.2575 lsst_hardware_z -13.11296849386121 41.15999984741211 30.950000762939453 AB 2.7514443116760363 1.0626072264454312
60933.2758 lsst_hardware_r 1.8669625446608047 22.940000534057617 31.5 AB 2.657058672313942 1.0333388665986292
60935.257 lsst_hardware_u -3.4734024290535115 2.619999885559082 28.399999618530273 AB 2.083267301471143 1.0533965792033422
60935.276 lsst_hardware_r -12.475830890805895 22.170000076293945 31.489999771118164 AB 2.041446509523331 1.0267984790962654
60940.1637 lsst_hardware_z -45.66189058022541 45.40999984741211 30.920000076293945 AB 4.600802182874656 1.3612176383662287
60940.1822 lsst_hardware_i -4.118728040751578 32.04999923706055 31.219999313354492 AB 2.763757140492381 1.2514182207346074
60942.2427 lsst_hardware_u -2.6058096783054316 2.6500000953674316 28.40999984741211 AB 4.0411220922819 1.0453881414888073
60942.2612 lsst_hardware_g 2.819918191615189 13.729999542236328 31.420000076293945 AB 4.124625578200416 1.022571058372518
60946.2462 lsst_hardware_z 51.826256325903955 40.720001220703125 30.950000762939453 AB 3.799532813792989 1.0265539517169762
60946.2641 lsst_hardware_r -24.469595990150648 22.40999984741211 31.5 AB 3.3946391625335646 1.0132747114671603
60951.2152 lsst_hardware_z -78.36961645668241 48.68000030517578 30.959999084472656 AB 3.436368760416588 1.050154713245095
60951.234 lsst_hardware_i -52.766224276957594 45.650001525878906 31.299999237060547 AB 3.326610713140701 1.025070707384855
60954.2195 lsst_hardware_z -13.154332070178564 70.80999755859375 30.989999771118164 AB 5.035066171890353 1.032057837911387
