data/validation/pwv_sim_epoch_fit_epoch/3832712.ecsv
# %ECSV 0.9
# ---
# datatype:
# - {name: time, datatype: float64}
# - {name: band, datatype: string}
# - {name: flux, datatype: float64}
# - {name: fluxerr, datatype: float64}
# - {name: zp, datatype: float64}
# - {name: zpsys, datatype: string}
# - {name: pwv, datatype: float64}
# - {name: airmass, datatype: float64}
# meta: {SNID: '3832712', alt: 1024.0, c: 0.243567556142807, dec: -6.129201, lat: -30.244573, lon: -70.7499537, ra: 13.710938, t0: 60181.47265625,
#   x0: 1.0804138563185013e-05, x1: 0.8610841631889343, z: 0.44519248604774475}
# schema: astropy-2.0
time band flux fluxerr zp zpsys pwv airmass
[from data line 133]
60596.1451 lsst_hardware_z 51.64595366837242 52.27000045776367 30.969999313354492 AB 9.331383896152401 1.1138847560264131
60596.1608 lsst_hardware_r -22.522991403065575 57.630001068115234 31.6299991607666 AB 9.150848014501333 1.1002582679453876
60599.1472 lsst_hardware_z 237.89301932994945 145.3800048828125 31.75 AB 7.06410463455393 1.1037663491490515
60601.1365 lsst_hardware_r -120.50382723675568 122.91999816894531 31.649999618530273 AB 4.16663953637927 1.1083453279959044
60601.1548 lsst_hardware_z -99.20742939932535 84.1500015258789 30.989999771118164 AB 4.091009412543044 1.0973737694589711
60603.136 lsst_hardware_r 26.08585024403385 59.75 31.6299991607666 AB 2.9255459871387717 1.1039796177882157
60603.1529 lsst_hardware_y -38.30225760490668 51.41999816894531 30.040000915527344 AB 2.9212891053261156 1.096854482600544
60605.1348 lsst_hardware_g -24.827985263985923 15.149999618530273 31.450000762939453 AB 5.239776826525019 1.1010633194111066
60605.1513 lsst_hardware_r -15.175604648145814 24.200000762939453 31.510000228881836 AB 5.295369523538694 1.0968796914048249
60607.1083 lsst_hardware_r 6.934414658309783 24.520000457763672 31.5 AB 5.064885406855537 1.1230759614595742
60607.1249 lsst_hardware_i 39.56453611858038 32.2400016784668 31.260000228881836 AB 4.993743119734612 1.104118315156711
60611.1105 lsst_hardware_u -3.333241759912179 2.9700000286102295 28.56999969482422 AB 3.2958208567653027 1.107094678120693
60611.1269 lsst_hardware_g 25.233412545937682 15.369999885559082 31.469999313354492 AB 3.170342163482195 1.0975105574020985
60613.1006 lsst_hardware_r -13.729641556956611 24.309999465942383 31.520000457763672 AB 5.504332188597946 1.1116494372610213
60613.1171 lsst_hardware_z -96.48052685589057 42.52000045776367 30.959999084472656 AB 5.517301523825055 1.0989545909420124
60615.0878 lsst_hardware_i -3.3473688142406 32.22999954223633 31.25 AB 6.095894481182352 1.1210840425162947
60615.1067 lsst_hardware_r 41.629197314561026 24.440000534057617 31.510000228881836 AB 5.997930304987151 1.1015482653787239
60617.0869 lsst_hardware_u 1.4508510246640702 2.7300000190734863 28.399999618530273 AB 4.931740458354392 1.114937556523354
60617.1065 lsst_hardware_g -9.848832737950122 15.109999656677246 31.440000534057617 AB 4.929580295936714 1.0988197929088397
60622.0865 lsst_hardware_z 59.669811703442 43.790000915527344 30.950000762939453 AB 7.035050117235871 1.102254911368853
60622.1052 lsst_hardware_r 6.160570320304792 28.469999313354492 31.540000915527344 AB 7.01078487583671 1.096906248093674
60624.0848 lsst_hardware_z 35.38266999883824 48.47999954223633 30.950000762939453 AB 2.200949346242567 1.1000163329828254
60624.1029 lsst_hardware_g -23.64135768617358 42.529998779296875 31.670000076293945 AB 2.171983737927696 1.0974233623213623
60629.0569 lsst_hardware_i 116.45633025879593 92.55999755859375 31.329999923706055 AB 6.656621445237976 1.111660227995654
60629.0749 lsst_hardware_r 21.745628432375533 116.66000366210938 31.649999618530273 AB 6.565132336018705 1.098368625494621
60631.0565 lsst_hardware_u 19.28120962648164 10.40999984741211 29.209999084472656 AB 7.188583196491202 1.1065317011454172
60631.0768 lsst_hardware_g 30.524616193078128 68.33000183105469 31.700000762939453 AB 7.137599296595153 1.096826630287489
60633.0593 lsst_hardware_r 56.222718690375025 24.030000686645508 31.5 AB 7.257224507443369 1.100510458207448
60633.0789 lsst_hardware_i 6.037397679178617 31.75 31.25 AB 7.141088992248705 1.0975596586274143
60640.0311 lsst_hardware_y -128.94685132979697 50.400001525878906 30.030000686645508 AB 5.417697401687837 1.1072908694880867
60640.0499 lsst_hardware_u -1.8327819034700419 2.7799999713897705 28.43000030517578 AB 4.009064302001877 1.097071322266441
60644.0272 lsst_hardware_y 145.78562664917519 61.31999969482422 30.049999237060547 AB 8.070266699057356 1.1017428940692637
60644.0464 lsst_hardware_r 33.023369717018866 24.290000915527344 31.5 AB 9.16703547567723 1.0970602531925837
60646.0286 lsst_hardware_z -3.4964854637947624 55.84000015258789 30.969999313354492 AB 7.378299558465333 1.0983225926638047
60646.0479 lsst_hardware_g 20.458322907433427 15.539999961853027 31.459999084472656 AB 7.2867895266017255 1.0991083866838234
60648.0298 lsst_hardware_y -39.57952789221158 63.189998626708984 30.049999237060547 AB 2.3895184376628475 1.0968640980779654
60648.049 lsst_hardware_i 24.64288107609463 32.209999084472656 31.25 AB 1.660383995039838 1.1028787745199855
