data/validation/pwv_sim_epoch_fit_epoch/38326455.ecsv
# %ECSV 0.9
# ---
# datatype:
# - {name: time, datatype: float64}
# - {name: band, datatype: string}
# - {name: flux, datatype: float64}
# - {name: fluxerr, datatype: float64}
# - {name: zp, datatype: float64}
# - {name: zpsys, datatype: string}
# - {name: pwv, datatype: float64}
# - {name: airmass, datatype: float64}
# meta: {SNID: '38326455', alt: 1024.0, c: 0.025902969762682915, dec: 0.596842, lat: -30.244573, lon: -70.7499537, ra: 108.105469, t0: 61435.3046875,
#   x0: 4.275974702047249e-05, x1: -0.5284164547920227, z: 0.246817484498024}
# schema: astropy-2.0
time band flux fluxerr zp zpsys pwv airmass
[from data line 132]
61777.1667 lsst_hardware_z -64.48453077396108 48.650001525878906 30.940000534057617 AB 9.584131385353771 1.194656451898255
61777.1875 lsst_hardware_g 4.139605620597713 31.290000915527344 31.600000381469727 AB 9.238292809371552 1.1694041530850066
61779.167 lsst_hardware_r 109.50082872017671 70.68000030517578 31.610000610351562 AB 8.91846030204573 1.185492529847897
61779.188 lsst_hardware_i -116.67973056687731 59.709999084472656 31.299999237060547 AB 8.753145823581336 1.1660366768017238
61781.1842 lsst_hardware_z -117.58435309592775 125.69999694824219 31.729999542236328 AB 7.982567989783109 1.165395102893052
61784.1578 lsst_hardware_g 155.9570945330425 95.97000122070312 31.68000030517578 AB 8.510490123342631 1.179568734682909
61784.1774 lsst_hardware_r -64.60330414033994 94.83999633789062 31.6299991607666 AB 9.228205179720087 1.1649567859269188
61785.157 lsst_hardware_i 48.9251867677339 59.189998626708984 31.299999237060547 AB 6.501485824240048 1.1773077487004373
61785.1759 lsst_hardware_z -40.928674922082 57.54999923706055 30.959999084472656 AB 7.028923670475788 1.164644989101659
61787.152 lsst_hardware_i 14.708835949077496 39.16999816894531 31.25 AB 1.8361916372727012 1.1767944695189283
61787.1731 lsst_hardware_z -7.645517514307072 47.54999923706055 30.940000534057617 AB 3.5537558554761537 1.1642115824655754
61789.1567 lsst_hardware_g -21.087075965757176 14.630000114440918 31.389999389648438 AB 5.02985447219933 1.1681036860657987
61789.1773 lsst_hardware_r 10.420298141642997 26.389999389648438 31.5 AB 6.759362751629731 1.1654073709706434
61793.1231 lsst_hardware_z -81.25558082981293 43.97999954223633 30.93000030517578 AB 9.79040778829722 1.1944984338322062
61793.1439 lsst_hardware_u 2.4472579321899204 2.630000114440918 28.299999237060547 AB 9.139525656815874 1.169335421803464
61795.1215 lsst_hardware_g -17.059857322031746 14.40999984741211 31.3700008392334 AB 9.385768519041681 1.1881847667869332
61795.1419 lsst_hardware_r -30.98707642016411 23.670000076293945 31.469999313354492 AB 9.109920972858216 1.1671903872976566
61797.1079 lsst_hardware_i 12.834353723288908 32.13999938964844 31.229999542236328 AB 13.672222801605951 1.2024117144939568
61797.1256 lsst_hardware_z -27.814566530552316 43.119998931884766 30.93000030517578 AB 12.933956848468362 1.1758142589516694
61799.1115 lsst_hardware_i -4.830667677236669 32.279998779296875 31.219999313354492 AB 13.63503654039901 1.1867905422925418
61799.1289 lsst_hardware_u 2.3847026762256918 2.5899999141693115 28.270000457763672 AB 11.651763460218774 1.1684089441005556
61805.1078 lsst_hardware_z 131.84320345430825 45.54999923706055 30.940000534057617 AB 12.274951162363967 1.1719356025457104
61805.1251 lsst_hardware_g -10.627714356336764 23.549999237060547 31.549999237060547 AB 11.927561984281404 1.1641188741246733
61807.1015 lsst_hardware_r -14.06576305182712 58.81999969482422 31.610000610351562 AB 5.121848332391062 1.1726738149410965
61807.1218 lsst_hardware_i -18.382608156205873 52.72999954223633 31.290000915527344 AB 5.075968815322318 1.1641240307290692
61808.1021 lsst_hardware_z -4.5164402682242235 62.27000045776367 30.969999313354492 AB 6.448991613262259 1.1699381583314
61808.1242 lsst_hardware_r 76.09973100961737 77.7300033569336 31.6200008392334 AB 6.437639743316354 1.1650079463097007
61812.0945 lsst_hardware_r -1.238044123119436 108.70999908447266 31.6299991607666 AB 1.9466153155123036 1.1677356421789191
61812.1118 lsst_hardware_z 15.669863942260278 75.12000274658203 30.979999542236328 AB 1.9195959861837244 1.164626716932337
61814.0975 lsst_hardware_r -14.361885107963527 62.52000045776367 31.610000610351562 AB 3.959982369691399 1.164472369052558
61814.1148 lsst_hardware_y -130.05834004506943 51.86000061035156 30.010000228881836 AB 3.9957809622744813 1.1681862190540802
61816.0636 lsst_hardware_u -0.9823190115931902 2.609999895095825 28.309999465942383 AB 2.0238548355427994 1.1890456806126606
61816.0828 lsst_hardware_g 0.3442337989771446 14.229999542236328 31.389999389648438 AB 2.0162215629537608 1.1682033100982632
61818.0583 lsst_hardware_r -3.4800290360836654 23.709999084472656 31.479999542236328 AB 1.348587283257213 1.1887936089830715
61818.0752 lsst_hardware_i -14.616436160987485 31.860000610351562 31.229999542236328 AB 1.3541494521074335 1.1696389135024259
61820.0581 lsst_hardware_z -21.70373557693276 43.400001525878906 30.940000534057617 AB 3.4546559092994724 1.1813145331431816
61820.0749 lsst_hardware_r -55.92582207580883 23.65999984741211 31.489999771118164 AB 3.396285908371035 1.1665406560509608
61822.0577 lsst_hardware_u 5.149322402669715 2.559999942779541 28.260000228881836 AB 3.628639108662826 1.1754263545405295
61822.0751 lsst_hardware_g 14.737014282094199 14.220000267028809 31.3799991607666 AB 3.7243307710348836 1.1645812292166615
61824.0546 lsst_hardware_r 24.94968340509519 23.459999084472656 31.469999313354492 AB 8.353118732719869 1.1731084520356276
61824.0727 lsst_hardware_z -80.20263958549592 43.09000015258789 30.93000030517578 AB 8.319555857373695 1.1641441065379827
61828.0532 lsst_hardware_g 14.017501431481312 14.329999923706055 31.389999389648438 AB 9.114804289991085 1.1664709866893912
61828.0708 lsst_hardware_r 28.81772327468093 23.670000076293945 31.489999771118164 AB 9.172207286333274 1.1653906722995073
61830.051 lsst_hardware_i 19.45092482656667 31.969999313354492 31.229999542236328 AB 4.420115370471218 1.165181328712592
61830.0687 lsst_hardware_z -37.39790793038707 43.439998626708984 30.93000030517578 AB 4.336215257488593 1.1668254981469475
61832.0472 lsst_hardware_r 28.882180815933967 24.68000030517578 31.489999771118164 AB 7.333240104863976 1.1647150549059972
61832.0634 lsst_hardware_u 1.254843383458749 2.799999952316284 28.40999984741211 AB 7.326328483176999 1.1669070200571268
61834.0152 lsst_hardware_y 90.75075301524993 51.880001068115234 30.0 AB 13.594728858345428 1.1878831629468678
61834.0342 lsst_hardware_g -20.40659779063825 28.3799991607666 31.59000015258789 AB 13.256432634062564 1.1678647373854782
61836.0125 lsst_hardware_y -75.05084240323744 56.099998474121094 30.010000228881836 AB 7.5767413281346805 1.1838658325210438
61836.031 lsst_hardware_z -23.151573836696286 56.18000030517578 30.959999084472656 AB 7.509075807760754 1.1666396034740547
61838.0202 lsst_hardware_y 12.164049297876073 83.01000213623047 30.770000457763672 AB 12.601495220703384 1.1699194820195786
61840.0112 lsst_hardware_z -12.95937007241121 71.44999694824219 30.969999313354492 AB 9.455248029411164 1.1728409207266128
61840.0302 lsst_hardware_r 50.577967481330134 98.3499984741211 31.6299991607666 AB 9.40914139222272 1.1640894973572864
61843.0054 lsst_hardware_y -53.98795906671635 55.689998626708984 30.010000228881836 AB 16.17558554356808 1.1708005701358162
61843.0225 lsst_hardware_z -42.65036254232735 50.849998474121094 30.950000762939453 AB 16.17692666151936 1.1640868310040318
61845.0028 lsst_hardware_y 35.963013775277936 54.95000076293945 30.0 AB 9.463894712096883 1.1687187311691027
61845.0218 lsst_hardware_i -66.62533475975195 32.0099983215332 31.229999542236328 AB 9.479817095709334 1.1646443870399281
61848.9987 lsst_hardware_y -61.16500810097386 57.0 30.010000228881836 AB 5.5605967210850356 1.165316020555416
61849.0172 lsst_hardware_g 17.62750678025842 14.609999656677246 31.389999389648438 AB 5.685714041159181 1.1670184813545117
61850.9987 lsst_hardware_z 99.39888729344817 47.959999084472656 30.950000762939453 AB 5.931888867674252 1.1641616879890888
61851.0189 lsst_hardware_i -59.20354129701933 31.93000030517578 31.239999771118164 AB 5.958363270174807 1.1719833340233212
61852.9954 lsst_hardware_y -29.17721996332358 56.459999084472656 30.020000457763672 AB 6.481255057746935 1.1640881981225304
61853.015 lsst_hardware_r -12.713405039906988 23.719999313354492 31.479999542236328 AB 5.625236979210988 1.1733911095559009
61854.9948 lsst_hardware_y 24.842780560761053 54.34000015258789 30.0 AB 9.570083384160814 1.164716030526671
61855.013 lsst_hardware_r -18.26790976985717 24.079999923706055 31.469999313354492 AB 8.795221865594515 1.176933208295784
