data/validation/pwv_sim_epoch_fit_epoch/38514008.ecsv
# %ECSV 0.9
# ---
# datatype:
# - {name: time, datatype: float64}
# - {name: band, datatype: string}
# - {name: flux, datatype: float64}
# - {name: fluxerr, datatype: float64}
# - {name: zp, datatype: float64}
# - {name: zpsys, datatype: string}
# - {name: pwv, datatype: float64}
# - {name: airmass, datatype: float64}
# meta: {SNID: '38514008', alt: 1024.0, c: -0.007541980594396591, dec: -13.401351, lat: -30.244573, lon: -70.7499537, ra: 15.820312, t0: 63172.23828125,
#   x0: 5.632107389857338e-06, x1: -1.3850139379501343, z: 0.5842590928077698}
# schema: astropy-2.0
time band flux fluxerr zp zpsys pwv airmass
63057.4108 lsst_hardware_r -5.4626659766337635 56.83000183105469 31.6299991607666 AB 10.053308753251402 1.062773799170213
63057.431 lsst_hardware_y 33.70218417217245 52.27000045776367 30.049999237060547 AB 10.933759247185044 1.0476461694231824
63065.4199 lsst_hardware_r -10.403299457784222 23.639999389648438 31.510000228881836 AB 2.26595303788455 1.0457842565520827
63065.4393 lsst_hardware_y -112.57190521195457 58.40999984741211 30.059999465942383 AB 2.2681950875976837 1.053137591455686
63067.3727 lsst_hardware_r 7.979554106745981 23.600000381469727 31.5 AB 2.945322306583937 1.0773927047403518
63067.3904 lsst_hardware_y -35.93114683523524 47.220001220703125 30.049999237060547 AB 4.974004708380499 1.0558651424122765
63069.4195 lsst_hardware_g -11.254024058877881 14.869999885559082 31.459999084472656 AB 5.24024516379804 1.048049032759608
63069.4389 lsst_hardware_z -34.761910522893146 54.06999969482422 30.979999542236328 AB 5.31517709009556 1.063035418019112
63079.2603 lsst_hardware_r -107.97374432555475 125.01000213623047 32.75 AB 6.111523806181583 1.3805373505671876
63079.3011 lsst_hardware_z -20.84026244497613 95.1500015258789 32.150001525878906 AB 5.647626521224542 1.1740410264998145
63083.3012 lsst_hardware_z -83.80753597900147 69.0999984741211 30.979999542236328 AB 1.8224936630066442 1.138761986778429
63083.3282 lsst_hardware_r -197.3062649724794 93.19999694824219 31.649999618530273 AB 1.6953566651253236 1.078699892974755
63085.3828 lsst_hardware_i -87.69242671867265 62.630001068115234 31.31999969482422 AB 3.1749653706608894 1.0518064337001776
63085.4051 lsst_hardware_z -30.008983669095922 60.66999816894531 30.979999542236328 AB 3.3060903139185003 1.0763180620461748
63088.2876 lsst_hardware_z 1.006616106396567 45.61000061035156 30.950000762939453 AB 4.852783754560326 1.1386165543313764
63088.3052 lsst_hardware_r 27.45813731984429 34.09000015258789 31.579999923706055 AB 5.296711158698613 1.0956445891261006
63091.3464 lsst_hardware_u -0.8674928244314885 2.890000104904175 28.549999237060547 AB 4.8569169967056665 1.0458477598419214
63091.3643 lsst_hardware_g 5.2597639317214675 15.270000457763672 31.469999313354492 AB 4.904847400104983 1.0504759736080636
63094.3444 lsst_hardware_r 13.114520939588209 23.190000534057617 31.510000228881836 AB 5.728552290438546 1.0461198485095957
63094.362 lsst_hardware_u -7.239647352718048 2.7899999618530273 28.5 AB 5.704654201729663 1.0545946885130015
63100.2453 lsst_hardware_i 20.030351523917247 31.780000686645508 31.239999771118164 AB 2.3071385349310605 1.168713851119622
63100.262 lsst_hardware_z -21.831737288223643 42.310001373291016 30.950000762939453 AB 1.9639639067279064 1.1192803419801898
63102.2798 lsst_hardware_r 16.40540317637353 23.40999984741211 31.510000228881836 AB 3.074652904596221 1.073364602756579
63113.2433 lsst_hardware_i 77.77390796344795 80.66000366210938 31.329999923706055 AB 1.7509255426635706 1.083717067875121
63113.2628 lsst_hardware_r -59.10964848186253 95.26000213623047 31.649999618530273 AB 2.382465055954196 1.0576981380484778
63115.2471 lsst_hardware_z -31.563207702726636 73.08999633789062 31.719999313354492 AB 0.4423006224948929 1.0694353153211191
63118.2347 lsst_hardware_r 5.084539961031101 23.440000534057617 31.489999771118164 AB 3.2511844827522127 1.075482792838972
63118.2537 lsst_hardware_i 44.84241545761044 32.439998626708984 31.260000228881836 AB 4.531302902613971 1.0537913727009236
63121.225 lsst_hardware_z -9.558145185899422 42.0099983215332 30.950000762939453 AB 3.2334909880986293 1.0778303293662097
63121.2439 lsst_hardware_r 14.573397582347376 23.469999313354492 31.5 AB 3.22222246045353 1.055082665505341
63123.226 lsst_hardware_u -1.2406595557796012 2.7699999809265137 28.459999084472656 AB 1.2947773269237952 1.0684450504116951
63123.2457 lsst_hardware_g 0.5125347548468232 14.84000015258789 31.450000762939453 AB 1.2754379453734845 1.0500312393306201
63125.2271 lsst_hardware_r 22.333328402679935 23.600000381469727 31.510000228881836 AB 3.4980005737606232 1.060642987799121
63125.2444 lsst_hardware_z 20.577710728629068 41.52000045776367 30.950000762939453 AB 3.4039817990351904 1.0480239529049231
63132.219 lsst_hardware_r 23.92795652159184 33.4900016784668 32.2599983215332 AB 2.0663415052343086 1.05130577727504
63132.2694 lsst_hardware_i -81.30569177956235 31.229999542236328 31.25 AB 1.825039466283318 1.0660277256327793
63135.1823 lsst_hardware_i 29.709261966060577 43.58000183105469 31.299999237060547 AB 3.6676131779009427 1.0853602499336945
63136.184 lsst_hardware_i 32.843702155862914 51.91999816894531 31.309999465942383 AB 4.272268294374991 1.0779029379021607
63136.203 lsst_hardware_z 66.75187644896016 52.040000915527344 30.969999313354492 AB 4.207312287785643 1.055037143257206
63144.153 lsst_hardware_r 23.06574428097106 63.408632456016356 32.36000061035156 AB 4.476888818151701 1.0942594117079139
63144.1742 lsst_hardware_i 0.8982797908996804 47.980530067821505 31.309999465942383 AB 6.750945479970032 1.0617476508470145
63146.1756 lsst_hardware_z -41.51061895328178 41.71176638238516 30.950000762939453 AB 4.722965781801973 1.0551166225751407
63146.1937 lsst_hardware_r -23.44712220820258 29.737221677871027 31.549999237060547 AB 4.705453796527282 1.0461407236373763
63150.1703 lsst_hardware_r 29.32064836514568 24.32284398976946 31.5 AB 4.044511810911897 1.0510230354485417
63150.1881 lsst_hardware_z 77.77934656824223 42.310656641072335 30.940000534057617 AB 4.0268377287934864 1.0457960599385758
63152.1471 lsst_hardware_i 206.22472968648657 33.84960577321982 31.25 AB 6.267382184684396 1.0680762084245226
63152.165 lsst_hardware_r 176.10753254230974 26.528897345786906 31.5 AB 6.100608979142072 1.0509231660881184
63154.1427 lsst_hardware_u 18.2997760189397 6.146299293771148 28.489999771118164 AB 6.552710057903707 1.0667099056479397
63154.1598 lsst_hardware_g 70.53853112789047 17.48400916793174 31.459999084472656 AB 6.5156082127369555 1.0507633188126595
63156.1455 lsst_hardware_r 532.3656494435103 32.7250380549343 31.510000228881836 AB 6.768629892749489 1.0575984207421076
63156.1636 lsst_hardware_i 452.84447096528106 37.72265976054172 31.25 AB 6.699103968192766 1.0467349950301197
63158.1296 lsst_hardware_z 508.4107257479241 47.35751571388633 30.940000534057617 AB 4.057924041960953 1.069563532409318
63158.1468 lsst_hardware_r 754.7048825772391 36.144139231734115 31.5 AB 3.9762530495388075 1.0521043524974796
63162.1354 lsst_hardware_r 1395.2600115223888 48.028138968273964 31.559999465942383 AB 5.030467305747863 1.0524357137448022
63162.1516 lsst_hardware_z 802.5163910262513 51.14991249005996 30.950000762939453 AB 5.072574451679581 1.045927582050156
63164.128 lsst_hardware_r 1744.7716811408857 66.43728618955011 31.6299991607666 AB 4.6306112361110685 1.0538686978840845
63164.1466 lsst_hardware_y 419.6237578490185 52.92166992224575 30.049999237060547 AB 4.594739456235366 1.045883255715778
63167.1192 lsst_hardware_z 2111.005250549579 121.70605865774061 31.75 AB 3.8989763313209584 1.054347304305289
63169.1128 lsst_hardware_r 2074.7956490574193 127.44128939112794 31.65999984741211 AB 6.330683082939213 1.0551138471565356
63169.1297 lsst_hardware_i 1716.409749104369 103.28479487980805 31.34000015258789 AB 5.848616862032541 1.0463577890746116
63171.1135 lsst_hardware_z 1119.0634880592454 70.31547304284068 30.989999771118164 AB 5.716627227508658 1.0506896420599996
63171.1324 lsst_hardware_r 2173.481325623038 94.75483532204736 31.649999618530273 AB 4.8227065264347715 1.045894462928402
63180.0807 lsst_hardware_i 1473.0200714203 48.352179973435206 31.25 AB 9.07045941929431 1.0569167349445712
63180.0985 lsst_hardware_u 1.0180975029068668 2.8532830411764403 28.459999084472656 AB 9.890563288020639 1.046620453758752
63182.0832 lsst_hardware_g 165.43856633838328 19.17747870075034 31.420000076293945 AB 4.7568403246918 1.050848378061397
63182.1008 lsst_hardware_r 1211.6182942000098 42.013103563259556 31.489999771118164 AB 3.4773475956512043 1.0457926154185222
63185.0822 lsst_hardware_i 1240.5167950468322 45.70622043652836 31.25 AB 5.638185611735768 1.0474058353586788
63185.1001 lsst_hardware_r 973.8383184066654 39.24107415523457 31.5 AB 4.397739971498588 1.0470809455949017
63190.0564 lsst_hardware_g 83.65842002183345 21.3519474763173 31.540000915527344 AB 6.864822131142438 1.0543422102815547
63190.0744 lsst_hardware_r 668.9730463138914 36.907518602244586 31.530000686645508 AB 6.974097848472628 1.0460100762632678
63194.0566 lsst_hardware_i 753.7794341487554 68.52910839670187 31.329999923706055 AB 7.889768983515345 1.0477780854601475
63194.0763 lsst_hardware_z 742.5848767498743 65.27176402353733 30.979999542236328 AB 7.898263964701193 1.0473299104536014
63196.0329 lsst_hardware_y 321.23399598481376 60.35408811016868 30.049999237060547 AB 5.095967212729536 1.0609967130398075
63196.0532 lsst_hardware_z 710.5657661771401 73.30710301249732 30.989999771118164 AB 4.547055995727942 1.047065396621517
63200.0445 lsst_hardware_z 1262.2158935804955 86.26111572674192 31.729999542236328 AB 5.162244283968181 1.0464715759108414
63205.0278 lsst_hardware_y 192.3122229596335 64.58500763741881 30.059999465942383 AB 2.2773322600387695 1.0473302081196196
63205.0468 lsst_hardware_z 534.239009702664 47.889829842571665 30.950000762939453 AB 1.5613198840093836 1.047514179140378
63207.0281 lsst_hardware_y 187.90932192026443 68.27749201169726 30.059999465942383 AB 5.576615780739462 1.0459913620343801
63207.0473 lsst_hardware_u -2.1694602254772413 2.989919785458661 28.459999084472656 AB 4.811953568102423 1.0503008988546159
