data/validation/pwv_sim_epoch_fit_epoch/38737248.ecsv
# %ECSV 0.9
# ---
# datatype:
# - {name: time, datatype: float64}
# - {name: band, datatype: string}
# - {name: flux, datatype: float64}
# - {name: fluxerr, datatype: float64}
# - {name: zp, datatype: float64}
# - {name: zpsys, datatype: string}
# - {name: pwv, datatype: float64}
# - {name: airmass, datatype: float64}
# meta: {SNID: '38737248', alt: 1024.0, c: 0.05191775783896446, dec: 2.537361, lat: -30.244573, lon: -70.7499537, ra: 220.078125, t0: 60005.84765625,
#   x0: 3.658509790395138e-05, x1: -0.3375788927078247, z: 0.26431480050086975}
# schema: astropy-2.0
time band flux fluxerr zp zpsys pwv airmass
[from data line 131]
60443.1522 lsst_hardware_g -20.294766365310007 14.84000015258789 31.399999618530273 AB 7.405990064971821 1.1925909927491252
60443.171 lsst_hardware_i 13.091921026132912 32.34000015258789 31.229999542236328 AB 7.026639862250917 1.1886390699908616
60445.1486 lsst_hardware_z 71.47454291368945 44.310001373291016 30.93000030517578 AB 8.072256896408424 1.1914330683603445
60445.1692 lsst_hardware_r 10.27353523079192 24.780000686645508 31.489999771118164 AB 6.36457629540543 1.1898628333156533
60447.1152 lsst_hardware_r -21.186570067117074 47.15999984741211 31.579999923706055 AB 10.400977803661597 1.2273988439533974
60447.135 lsst_hardware_y 26.03843019890777 50.5099983215332 30.0 AB 9.807304941588786 1.1977656254993634
60449.1013 lsst_hardware_z -40.821428543030365 63.709999084472656 30.959999084472656 AB 10.170818497021095 1.246627532728553
60449.123 lsst_hardware_r -23.118998059255386 78.30999755859375 31.610000610351562 AB 9.85547821027679 1.2052682169838622
60458.1129 lsst_hardware_g -69.62776285743996 37.4900016784668 31.6299991607666 AB 11.360300896336792 1.1915566285228179
60458.1324 lsst_hardware_i 56.60639556894511 43.38999938964844 31.270000457763672 AB 10.809963723300777 1.189356676901433
60460.1099 lsst_hardware_z 61.677226284207464 43.5 30.93000030517578 AB 10.494136803380004 1.1902612631432896
60460.13 lsst_hardware_r -6.6039802919377975 23.8799991607666 31.469999313354492 AB 9.763230714533186 1.1906862938981082
60464.0748 lsst_hardware_g 9.534239123293286 14.539999961853027 31.3799991607666 AB 13.960348689083485 1.2161818438938412
60464.0949 lsst_hardware_r -0.995652139845548 23.8799991607666 31.469999313354492 AB 13.860570008612086 1.1925721135402494
60466.0763 lsst_hardware_i 11.768367418797126 32.189998626708984 31.219999313354492 AB 5.042824420926095 1.2056481720416232
60466.0954 lsst_hardware_z -18.485249029323693 43.45000076293945 30.93000030517578 AB 6.066308956995043 1.189472344508832
60468.0727 lsst_hardware_r 12.579901214031004 23.829999923706055 31.459999084472656 AB 3.609791240247135 1.203263746749045
60468.0913 lsst_hardware_u 2.670252301015268 2.5799999237060547 28.270000457763672 AB 2.8881007801430743 1.1890081433276614
60485.0311 lsst_hardware_z 28.820622446964755 54.310001373291016 30.950000762939453 AB 6.097804684974979 1.1979185420028118
60485.0506 lsst_hardware_g 12.802806371244797 70.98999786376953 31.65999984741211 AB 5.672007818264222 1.1880416438737826
60487.0375 lsst_hardware_r 22.180177462601595 24.010000228881836 31.479999542236328 AB 9.874473029537041 1.1896955457273544
60487.057 lsst_hardware_z -86.5592120760555 43.58000183105469 30.940000534057617 AB 9.039473070399923 1.1910760370344242
60490.0448 lsst_hardware_r -23.27667417595922 23.979999542236328 31.469999313354492 AB 3.8106752305323788 1.1892874581636472
60490.0643 lsst_hardware_u -2.3909490944356504 2.5999999046325684 28.270000457763672 AB 3.8299171092585946 1.205482106520836
60493.0036 lsst_hardware_u 2.1440631957812606 2.640000104904175 28.309999465942383 AB 8.055311250967982 1.2043224236471617
60493.0236 lsst_hardware_g 22.751792959724693 14.699999809265137 31.389999389648438 AB 7.939140332904163 1.1888500049272481
60497.0161 lsst_hardware_z -20.103537788386188 43.56999969482422 30.93000030517578 AB 3.564517493246843 1.1881724977489476
60497.038 lsst_hardware_r -33.78619186145715 24.1299991607666 31.469999313354492 AB 3.591908051826964 1.1973026839423213
60501.0121 lsst_hardware_r -35.72247119190758 25.040000915527344 31.5 AB 5.977332355109322 1.1885333597566174
60501.0359 lsst_hardware_z -0.5434619767381712 44.15999984741211 30.93000030517578 AB 6.186543468047949 1.2077195642844947
60503.0098 lsst_hardware_r -34.21533461968028 29.1200008392334 31.520000457763672 AB 6.875931919057782 1.1894704046346065
60503.032 lsst_hardware_y -32.38260868497022 49.7599983215332 29.979999542236328 AB 7.004996625756166 1.2099832955589878
60505.9689 lsst_hardware_z -56.52062293664532 82.41000366210938 31.709999084472656 AB 5.044335314335459 1.2033242639160202
60505.9936 lsst_hardware_g -41.6709421189404 78.9800033569336 32.400001525878906 AB 5.097086345657592 1.1880397045274476
60507.9673 lsst_hardware_y -10.736285064079507 57.810001373291016 30.0 AB 2.363102510183303 1.1989358245475916
60507.9907 lsst_hardware_i 81.21087056436778 65.0 31.290000915527344 AB 2.392955428921609 1.1881605903285049
60510.9689 lsst_hardware_y 195.83233292955975 57.86000061035156 30.010000228881836 AB 6.560932416146509 1.1911642004622396
60510.9902 lsst_hardware_r 91.25627515842042 83.76000213623047 31.6200008392334 AB 6.472382848466453 1.1904327475567336
60513.9672 lsst_hardware_y 136.71564462971793 53.349998474121094 30.010000228881836 AB 6.566482581574908 1.1886112012987435
60513.9887 lsst_hardware_g -17.423505350349057 40.119998931884766 31.6299991607666 AB 6.739146059069649 1.1947604814637343
60515.9663 lsst_hardware_y 47.91256002643022 81.80999755859375 30.760000228881836 AB 9.77639041359588 1.1880411245103308
60515.9855 lsst_hardware_z 51.91206267948614 62.119998931884766 31.68000030517578 AB 9.833783888409943 1.1967244380309645
