data/validation/pwv_sim_epoch_fit_epoch/38808286.ecsv
# %ECSV 0.9
# ---
# datatype:
# - {name: time, datatype: float64}
# - {name: band, datatype: string}
# - {name: flux, datatype: float64}
# - {name: fluxerr, datatype: float64}
# - {name: zp, datatype: float64}
# - {name: zpsys, datatype: string}
# - {name: pwv, datatype: float64}
# - {name: airmass, datatype: float64}
# meta: {SNID: '38808286', alt: 1024.0, c: 0.012010660022497177, dec: -60.056278, lat: -30.244573, lon: -70.7499537, ra: 269.722229, t0: 62692.20703125,
#   x0: 9.60960451350548e-06, x1: 0.7466169595718384, z: 0.4679243862628937}
# schema: astropy-2.0
time band flux fluxerr zp zpsys pwv airmass
62594.4023 lsst_hardware_z 45.050773686630095 43.04999923706055 30.940000534057617 AB 7.082756741961351 1.1542954273079513
62594.4133 lsst_hardware_y -91.1554005969315 61.65999984741211 30.020000457763672 AB 7.227760873508532 1.1525078463126182
62606.3765 lsst_hardware_r 21.43923375424842 22.829999923706055 31.489999771118164 AB 10.916494988353524 1.1528464301702215
62606.3874 lsst_hardware_u 1.1736460376401405 2.7300000190734863 28.450000762939453 AB 10.852546029612782 1.1527888143343665
62608.3815 lsst_hardware_y -111.03590350959917 53.279998779296875 30.020000457763672 AB 16.825956276343764 1.1527391002188034
62608.3926 lsst_hardware_r -40.853439374237695 68.9000015258789 31.6200008392334 AB 16.8565597184724 1.1553502205944073
62614.3353 lsst_hardware_r 84.38482125642649 91.77999877929688 32.79999923706055 AB 6.525199501247457 1.1596403301833373
62614.3491 lsst_hardware_z 5.281757808885979 88.44000244140625 32.150001525878906 AB 6.470985660855951 1.1539190407803284
62616.3382 lsst_hardware_r 3.632821623646976 30.860000610351562 31.540000915527344 AB 18.028168119527514 1.155651802533815
62616.3521 lsst_hardware_z -64.33961758380798 44.33000183105469 30.940000534057617 AB 17.980084521028864 1.1525695205787734
62618.3757 lsst_hardware_z 60.24540630239256 42.88999938964844 30.940000534057617 AB 1.6245132026151587 1.160366573296542
62618.3885 lsst_hardware_i 0.0718699613276462 31.709999084472656 31.229999542236328 AB 1.6380220758324522 1.1700157684517516
62620.3243 lsst_hardware_z -52.945102289175225 42.349998474121094 30.93000030517578 AB 13.919897034345306 1.1568903107790482
62620.3363 lsst_hardware_r 0.6370131636853485 22.520000457763672 31.459999084472656 AB 13.116708500681641 1.1531510228005193
62623.3241 lsst_hardware_r 2.2278158203159584 22.719999313354492 31.479999542236328 AB 10.429395664222687 1.1540346338399785
62623.3369 lsst_hardware_i -1.6742173492453856 31.239999771118164 31.239999771118164 AB 10.201143864038405 1.1524979887066058
62625.3257 lsst_hardware_z -13.405329328187213 42.630001068115234 30.940000534057617 AB 10.497494445195715 1.1527263299995296
62625.3376 lsst_hardware_r -15.313952418763284 22.6299991607666 31.469999313354492 AB 9.559096093320269 1.1530875866490073
62627.3264 lsst_hardware_u 0.145121948736871 2.6700000762939453 28.389999389648438 AB 3.480585961803237 1.1525119078818666
62627.3379 lsst_hardware_r -3.8511254261630112 22.81999969482422 31.479999542236328 AB 3.540610194412993 1.1544213219475032
62631.3014 lsst_hardware_g -9.156310010721237 13.600000381469727 31.3799991607666 AB 7.849071544242046 1.1542752270944185
62631.3122 lsst_hardware_i 10.276105896046143 31.100000381469727 31.239999771118164 AB 7.837142968966783 1.1525210248480564
62633.3039 lsst_hardware_z 7.206891687789166 42.58000183105469 30.93000030517578 AB 10.291152807644636 1.1527259240164995
62633.3157 lsst_hardware_r -17.06143483629168 22.65999984741211 31.459999084472656 AB 10.27895044884743 1.1530812304731066
62637.3081 lsst_hardware_y 68.17190106890847 78.08999633789062 30.770000457763672 AB 4.353402165029293 1.1537539693975942
62639.3029 lsst_hardware_r -72.95868437602935 114.93000030517578 31.6299991607666 AB 9.139197895203901 1.1538177248021382
62639.3139 lsst_hardware_i 56.12742441084915 90.27999877929688 31.31999969482422 AB 9.108901217510784 1.1579111717174726
62642.2972 lsst_hardware_z -132.13430233527063 55.61000061035156 30.959999084472656 AB 7.646270626353495 1.154502585890662
62642.3103 lsst_hardware_r -31.589989440543317 65.30999755859375 31.610000610351562 AB 7.8463616958303 1.1604468972611137
62644.3033 lsst_hardware_z -36.69597584266066 46.15999984741211 30.950000762939453 AB 2.682893027487132 1.1595431777361997
62644.3163 lsst_hardware_r -27.508825023882025 39.4900016784668 31.579999923706055 AB 2.7224524066575717 1.1689361986507394
62652.2845 lsst_hardware_r 17.197786585010498 23.06999969482422 31.469999313354492 AB 8.11422413469329 1.161387042179383
62652.2939 lsst_hardware_i -4.670109613820269 31.65999984741211 31.229999542236328 AB 8.637205284140961 1.1684530957982904
62654.2916 lsst_hardware_z -4.184711019588442 42.68000030517578 30.940000534057617 AB 11.576771351568558 1.1713032968434682
62654.3032 lsst_hardware_r 0.12689418743228484 23.0 31.469999313354492 AB 11.229669337546362 1.1838566262304209
62655.2402 lsst_hardware_r -17.299341019586063 22.899999618530273 31.469999313354492 AB 10.79802842838563 1.1532658793533983
62655.2528 lsst_hardware_u -1.1520791096913727 2.609999895095825 28.34000015258789 AB 10.146595812088442 1.1527166068188484
62675.1988 lsst_hardware_g 421.25055698397756 24.41919255612842 31.3700008392334 AB 3.5628998923134305 1.1527933214991686
62675.2115 lsst_hardware_r 1190.4724604427608 41.791535372004795 31.459999084472656 AB 3.5977993700789095 1.156074238611704
62680.1937 lsst_hardware_r 2174.784411642925 52.693464036281945 31.459999084472656 AB 6.861688213857861 1.1545994330267033
62680.2062 lsst_hardware_i 1586.953217561932 50.46503769975178 31.229999542236328 AB 6.895300851529499 1.160255349062035
62682.1902 lsst_hardware_z 1364.641319806332 56.43250162735369 30.940000534057617 AB 3.5812739344728506 1.1552496562815646
62682.2039 lsst_hardware_r 2634.259887814626 56.92763873828355 31.479999542236328 AB 3.6030100157890956 1.1622612954158373
62686.1929 lsst_hardware_u 11.824185476519629 3.753543249291865 28.329999923706055 AB 8.929464249625338 1.1622114470542022
62686.2056 lsst_hardware_g 1214.278402618303 37.79690995877679 31.360000610351562 AB 9.001791460589557 1.1726299409141865
62688.1903 lsst_hardware_r 3509.569107040179 62.32952528569686 31.469999313354492 AB 5.645131056898065 1.1642246018419435
62688.2028 lsst_hardware_z 1813.421727268956 60.01152442273403 30.93000030517578 AB 5.698866070751108 1.1753066519267836
62697.1221 lsst_hardware_z 1997.948647753495 86.98208692697754 30.969999313354492 AB 7.349001752622412 1.154066885185748
62697.1345 lsst_hardware_r 3393.2768695549635 126.97389587990104 31.6299991607666 AB 7.960143238678503 1.1525303917005556
62699.1307 lsst_hardware_i 2502.032861676567 78.4132642827705 31.299999237060547 AB 1.8441468517879667 1.1525917823674792
62699.1428 lsst_hardware_z 1876.3184344566077 72.25635037033865 30.959999084472656 AB 1.847878552108255 1.1549240950676594
62704.1079 lsst_hardware_z 1636.4590797515837 57.76511108248918 30.940000534057617 AB 5.6312734227476575 1.1530437339687385
62704.119 lsst_hardware_i 2137.213660697242 54.493163797475106 31.229999542236328 AB 5.628567693466599 1.1527454187633441
62709.111 lsst_hardware_r 1850.3494159792042 48.730930362947774 31.459999084472656 AB 3.489861789306814 1.1536733187791122
62709.1229 lsst_hardware_i 1787.1023146790405 51.80314129056856 31.219999313354492 AB 3.513791122476998 1.1580109158992633
62716.0513 lsst_hardware_z 1003.6489641173752 52.83340426765512 30.93000030517578 AB 1.8491335541525953 1.1632209399156606
62716.0628 lsst_hardware_r 1165.7910559639495 40.79149464673645 31.459999084472656 AB 1.8203208192258171 1.1566772481179968
62718.0883 lsst_hardware_r 1078.7895402692966 40.62679857971606 31.489999771118164 AB 2.7616807510450077 1.1541467232896876
62719.0902 lsst_hardware_z 955.4137063013495 53.17333519091705 30.940000534057617 AB 2.289915332028977 1.1556474045062912
62719.1021 lsst_hardware_i 1151.486449631444 48.8192059426856 31.239999771118164 AB 2.295080686552121 1.161772050899702
62722.0482 lsst_hardware_r 783.7569014494026 69.71723334732562 31.6200008392334 AB 4.554401289370344 1.1559394135457726
62722.0603 lsst_hardware_z 949.1631480438747 63.143519245174915 30.959999084472656 AB 4.6911106512742045 1.1528430844829975
62723.0497 lsst_hardware_y 379.87846821868123 56.74336054704667 30.020000457763672 AB 3.716260362830952 1.1544766582266754
62723.0618 lsst_hardware_r 770.0401901335438 79.27549675402335 31.6299991607666 AB 3.7993765272377362 1.1525486204270396
62725.0476 lsst_hardware_i 1010.6191057126949 82.95508131660289 31.309999465942383 AB 3.8069044267498877 1.1536074020454206
62725.0587 lsst_hardware_z 924.0743145510811 73.97800156242928 30.979999542236328 AB 3.8034549841456218 1.1525621164077642
62733.0327 lsst_hardware_u 3.8614221083892093 2.662706774475224 28.34000015258789 AB 3.1999849554575084 1.152628529656014
62733.0436 lsst_hardware_r 402.34399432406303 30.09183476185217 31.459999084472656 AB 2.63586615535454 1.1532995648018114
62740.0358 lsst_hardware_i 574.7825846553086 38.90049026431218 31.229999542236328 AB 1.7402160880169724 1.156866270910402
62740.0467 lsst_hardware_z 640.9497910227047 49.25446797871132 30.940000534057617 AB 1.918719514610982 1.1630952806291508
62742.0309 lsst_hardware_r 230.1978572974102 27.807154235618903 31.469999313354492 AB 5.8981330121444655 1.1571206066299409
62742.0414 lsst_hardware_g 84.8742543665487 15.565386428622343 31.3799991607666 AB 5.989365002009313 1.1632093614312125
62744.0112 lsst_hardware_u 1.7211279589486947 2.844989175741826 28.280000686645508 AB 3.217632205279573 1.1529288284071326
62744.0223 lsst_hardware_r 258.4910436415081 27.437441347091006 31.450000762939453 AB 3.2381602467478783 1.1557978275126275
62748.0115 lsst_hardware_r 195.04659929368162 34.637304834352015 31.540000915527344 AB 2.0601991279782794 1.155845973899705
62748.0223 lsst_hardware_z 474.40220636799984 49.09545869498057 30.940000534057617 AB 2.067079066678251 1.1613891188378598
62751.0143 lsst_hardware_y 79.70630043614926 52.97340783359132 30.010000228881836 AB 2.966213567311877 1.1615128995837012
62751.0258 lsst_hardware_r 170.7270305969344 61.15377823552803 31.610000610351562 AB 3.0306573440721247 1.1704769118749152
62960.3949 lsst_hardware_r 7.084783834529447 22.940000534057617 31.469999313354492 AB 9.53215719073836 1.156172095707892
62960.408 lsst_hardware_y -27.48772521463728 50.70000076293945 30.010000228881836 AB 9.530792499267587 1.1527441414222752
62962.3986 lsst_hardware_g -37.796672172927856 42.36000061035156 31.649999618530273 AB 22.179464180571898 1.1533632781982672
62962.4101 lsst_hardware_y -136.60314973017577 52.41999816894531 30.020000457763672 AB 22.36554517730035 1.1525463022519593
62965.3919 lsst_hardware_i -10.28655016124404 67.94000244140625 31.309999465942383 AB 7.725688791363259 1.153087879307949
62965.4047 lsst_hardware_z 0.1579876799557212 62.779998779296875 30.969999313354492 AB 7.723770381690183 1.1528015495059973
62968.3932 lsst_hardware_r -53.39472848858659 60.97999954223633 31.610000610351562 AB 7.192868129645552 1.152518527422777
62968.4055 lsst_hardware_z 42.691173227477776 55.279998779296875 30.959999084472656 AB 7.184490255163823 1.1548306618708173
62970.4004 lsst_hardware_i 32.85358234642476 39.599998474121094 31.270000457763672 AB 7.7953397197716665 1.1549506955732523
62970.412 lsst_hardware_y 11.884100802677597 52.70000076293945 30.010000228881836 AB 7.85363776832959 1.160407471679904
62973.3633 lsst_hardware_u 2.47733860117196 4.309999942779541 29.31999969482422 AB 16.97892308070283 1.1547472949815747
62973.3714 lsst_hardware_g -6.492099102184022 15.270000457763672 31.450000762939453 AB 16.97969259919942 1.1528851574687318
62977.3672 lsst_hardware_z -43.58337890924897 42.70000076293945 30.940000534057617 AB 11.227417578236738 1.1524756290532476
62977.3788 lsst_hardware_u -0.8066334666220655 2.700000047683716 28.420000076293945 AB 13.06845088528493 1.1541848991949715
62984.3248 lsst_hardware_u 1.670428442529099 2.609999895095825 28.350000381469727 AB 3.359090892132655 1.1583072041836742
62984.3368 lsst_hardware_r -5.714504594390358 22.579999923706055 31.469999313354492 AB 4.1865911476429 1.1537546796737734
62990.328 lsst_hardware_g 61.868904936224766 40.689998626708984 31.65999984741211 AB 10.554651808110103 1.15257961849977
62990.3408 lsst_hardware_r -74.74832034314973 40.63999938964844 31.579999923706055 AB 9.48561805414543 1.1535588208740326
62995.3253 lsst_hardware_i 148.69823607884405 75.69000244140625 31.31999969482422 AB 9.54118861589381 1.1531879275895152
62995.3377 lsst_hardware_z -1.5311391878523626 67.95999908447266 30.979999542236328 AB 8.997356025411475 1.1571790007281637
62999.2624 lsst_hardware_z 84.5259813347374 65.54000091552734 31.700000762939453 AB 8.25070931686301 1.1748405415947516
62999.2725 lsst_hardware_r -10.04927632187373 52.709999084472656 32.31999969482422 AB 8.16142484692256 1.1656957979797982
63002.3049 lsst_hardware_i -9.925342596536362 31.610000610351562 31.229999542236328 AB 4.3008965599882805 1.1529781006604005
63002.3177 lsst_hardware_z 78.78963450617178 43.15999984741211 30.940000534057617 AB 4.3098663053330295 1.1567781803215538
63005.3024 lsst_hardware_r 15.258309804364687 22.760000228881836 31.479999542236328 AB 8.421948938493472 1.154205494020416
63005.3159 lsst_hardware_u -1.2735020545056361 2.640000104904175 28.3700008392334 AB 8.588419974253513 1.160087795799544
63010.2843 lsst_hardware_u 0.8540269488527298 2.5899999141693115 28.31999969482422 AB 7.824268928696044 1.1531857078120984
63010.2961 lsst_hardware_g -18.30391593629494 13.699999809265137 31.3799991607666 AB 8.32554887161257 1.156888608575359
63013.2423 lsst_hardware_g -9.675794904737248 13.710000038146973 31.3799991607666 AB 5.701093024066685 1.1601735905712098
63013.2544 lsst_hardware_r -17.883140591842633 22.90999984741211 31.479999542236328 AB 4.041337567785886 1.1546678765102532
63015.2814 lsst_hardware_z 40.92357832327127 42.459999084472656 30.940000534057617 AB 9.660838882602533 1.1564327127845837
63015.2918 lsst_hardware_r 14.84981418482484 22.93000030517578 31.479999542236328 AB 9.97698151676142 1.1621072789681628
63017.2677 lsst_hardware_z -3.474787801332249 42.7599983215332 30.940000534057617 AB 7.924455278785071 1.1537108529726883
63017.2803 lsst_hardware_r 10.062764815545234 22.93000030517578 31.469999313354492 AB 8.124222730540904 1.158506901398551
63019.2733 lsst_hardware_i 50.35191410036643 51.33000183105469 31.290000915527344 AB 11.451641893958525 1.1577255111923008
63019.2854 lsst_hardware_z -3.88253857875551 52.86000061035156 30.959999084472656 AB 11.497104578311276 1.1653651969771877
63020.2841 lsst_hardware_r -6.771368964591593 74.33000183105469 31.6200008392334 AB 10.18040343974351 1.166496460134082
63020.2963 lsst_hardware_z -20.655022405229364 58.630001068115234 30.959999084472656 AB 11.062807607618916 1.1781477750393465
63031.2291 lsst_hardware_g -9.476338948840818 13.829999923706055 31.3700008392334 AB 15.28676511223399 1.153631055183333
63031.2427 lsst_hardware_r -23.412084438918367 23.06999969482422 31.469999313354492 AB 15.352974078227547 1.1588462149094272
63036.2278 lsst_hardware_i 15.65953296983977 31.43000030517578 31.239999771118164 AB 3.997113679920177 1.1581920162032677
63036.241 lsst_hardware_z -5.650570970875061 42.7400016784668 30.940000534057617 AB 3.993794506813325 1.1669799864069323
63040.0893 lsst_hardware_z 2.504848300141101 44.720001220703125 30.920000076293945 AB 4.122030383154846 1.2881344947358895
63040.0998 lsst_hardware_r 10.401938548524345 23.450000762939453 31.440000534057617 AB 4.034703446778199 1.2608448271181871
63044.2009 lsst_hardware_z 32.3013711060418 42.959999084472656 30.940000534057617 AB 8.60360783508902 1.1559069170947267
63044.2131 lsst_hardware_g -12.872794036622642 13.9399995803833 31.3799991607666 AB 8.370758157851876 1.162443849167043
63051.1805 lsst_hardware_z -22.766420169027832 75.5199966430664 30.979999542236328 AB 8.88856268150734 1.1554216777131274
63051.192 lsst_hardware_r -22.787601773038663 115.29000091552734 31.6299991607666 AB 8.914118686435394 1.1611461099954923
63053.1882 lsst_hardware_i -166.49969596976354 74.05999755859375 31.309999465942383 AB 5.663926960671676 1.1622285145017117
63053.2023 lsst_hardware_z 13.170373444352988 66.4800033569336 30.969999313354492 AB 5.7046901332771345 1.1740461274495029
63061.1282 lsst_hardware_i 19.50630906820253 31.200000762939453 31.229999542236328 AB 8.667290767373457 1.153434427632541
63061.14 lsst_hardware_z -75.28338377651947 42.439998626708984 30.940000534057617 AB 8.645674253678399 1.152602886772217
63063.1288 lsst_hardware_i -31.979948394476104 31.260000228881836 31.229999542236328 AB 3.260741508910161 1.1526127638424042
63063.1408 lsst_hardware_u 0.9235301727150246 2.559999942779541 28.299999237060547 AB 3.245517182406986 1.1534490208465522
63066.1098 lsst_hardware_u -2.9436693032690235 2.5899999141693115 28.329999923706055 AB 3.301963307071442 1.1546672014470598
63066.1226 lsst_hardware_g -1.2382649973953577 13.670000076293945 31.3799991607666 AB 3.2993001506031074 1.1525268341650352
63070.1024 lsst_hardware_z -3.905213843562768 42.650001525878906 30.940000534057617 AB 7.420941363749792 1.1537084789536773
63070.1141 lsst_hardware_u 1.1656769952084374 2.680000066757202 28.399999618530273 AB 7.401063124463458 1.152544284740864
63071.0328 lsst_hardware_r -7.381477469610332 23.549999237060547 31.469999313354492 AB 7.576915695105441 1.2228063416706012
63071.0402 lsst_hardware_g -7.218121559482388 14.399999618530273 31.389999389648438 AB 7.57536691812308 1.2095428577555611
63076.1062 lsst_hardware_z -21.050030343269544 50.79999923706055 30.959999084472656 AB 4.22380488858958 1.15365104502276
63076.1177 lsst_hardware_r -4.390073934655647 51.9900016784668 31.600000381469727 AB 4.197798355443273 1.1577738000257252
63080.1151 lsst_hardware_z -289.4280973445684 101.55999755859375 31.729999542236328 AB 1.8544537024846985 1.162666898109529
63082.0494 lsst_hardware_r -97.7135495549363 83.44999694824219 31.6200008392334 AB 1.6501018480900822 1.1631357011913175
63082.0615 lsst_hardware_z -65.82249203251767 61.86000061035156 30.969999313354492 AB 1.7002424147529096 1.1563652786802832
63084.0479 lsst_hardware_r 21.21336137759877 22.690000534057617 31.469999313354492 AB 2.0127711794266356 1.1605445970170876
63084.0589 lsst_hardware_i 4.563997910164166 31.110000610351562 31.229999542236328 AB 2.0286385872636887 1.1552611544781826
63095.0372 lsst_hardware_i -32.05157713928325 30.989999771118164 31.229999542236328 AB 4.594202176641036 1.1531149575336808
63095.0487 lsst_hardware_z 43.302709388508404 42.41999816894531 30.940000534057617 AB 4.5177100683911515 1.1527466206105554
63096.0298 lsst_hardware_r 11.087678887738997 22.56999969482422 31.469999313354492 AB 2.728927405973766 1.1541245108791567
63096.0408 lsst_hardware_g -6.47070056138586 13.489999771118164 31.3700008392334 AB 2.6666908154707567 1.1525406009598085
63101.0337 lsst_hardware_r -22.969171024227172 23.760000228881836 31.489999771118164 AB 1.5443198143210166 1.152907662800311
63101.045 lsst_hardware_i 4.228711173653945 31.520000457763672 31.239999771118164 AB 2.5382172776134593 1.155836647364963
63107.0094 lsst_hardware_i -41.28950975031081 59.720001220703125 31.299999237060547 AB 5.703019955035601 1.152590936749313
63107.0207 lsst_hardware_z 49.07202707747198 57.90999984741211 30.959999084472656 AB 5.8043142414957 1.1534805726342805
63109.0149 lsst_hardware_r -30.67061653438022 84.93000030517578 31.6200008392334 AB 3.122864452799249 1.153412540276731
63109.0262 lsst_hardware_z -20.774280237116347 62.08000183105469 30.959999084472656 AB 3.240926939578722 1.1571295232057324
63119.0147 lsst_hardware_z -24.706690304856295 42.79999923706055 30.93000030517578 AB 3.7382736787345237 1.167298572594699
63119.0268 lsst_hardware_i 71.58268651387299 31.389999389648438 31.229999542236328 AB 3.791328004683043 1.1791093962989896
