data/validation/pwv_sim_epoch_fit_epoch/3893270.ecsv
# %ECSV 0.9
# ---
# datatype:
# - {name: time, datatype: float64}
# - {name: band, datatype: string}
# - {name: flux, datatype: float64}
# - {name: fluxerr, datatype: float64}
# - {name: zp, datatype: float64}
# - {name: zpsys, datatype: string}
# - {name: pwv, datatype: float64}
# - {name: airmass, datatype: float64}
# meta: {SNID: '3893270', alt: 1024.0, c: 0.01773952879011631, dec: 4.929937, lat: -30.244573, lon: -70.7499537, ra: 145.898438, t0: 62530.3359375,
#   x0: 4.532020241645e-06, x1: 1.0937933921813965, z: 0.638600766658783}
# schema: astropy-2.0
time band flux fluxerr zp zpsys pwv airmass
62490.311 lsst_hardware_z -26.612360317686306 65.02999877929688 30.959999084472656 AB 5.567427162993561 1.272554780112814
62490.3335 lsst_hardware_y 51.82355208361947 55.27000045776367 30.0 AB 5.986197046924157 1.2332503186905968
62494.3266 lsst_hardware_i -98.38199076632736 95.95999908447266 31.299999237060547 AB 7.480384972812928 1.2291808576676773
62494.3482 lsst_hardware_y 33.70416354041338 68.95999908447266 30.0 AB 7.313047630542271 1.2216918861580595
62496.3273 lsst_hardware_r 38.42586725529699 84.25 31.610000610351562 AB 10.459281536263624 1.2245968313152586
62496.349 lsst_hardware_y 24.010589758221506 62.29999923706055 30.0 AB 10.835607860656218 1.2239821366983816
62504.2898 lsst_hardware_u 4.250247946765122 2.909366516185964 28.229999542236328 AB 5.4059237314741795 1.2401752079546173
62504.3098 lsst_hardware_r 81.88538756997687 25.715889218706533 31.469999313354492 AB 5.772633851666796 1.2225407895944667
62506.2922 lsst_hardware_i 139.66442922322062 35.280732066930014 31.219999313354492 AB 12.33739799094743 1.2307245240109164
62506.3134 lsst_hardware_z 187.96969807915158 45.610995176528114 30.93000030517578 AB 12.398216360981767 1.2213687893064058
62513.2552 lsst_hardware_i 649.3801096491891 41.81001640380248 31.229999542236328 AB 7.324065879330512 1.2571884957868944
62513.269 lsst_hardware_z 567.3994313782842 49.3459652293356 30.93000030517578 AB 7.228195916496704 1.2352195354375535
62515.2679 lsst_hardware_r 932.7663016122958 38.83486613612983 31.469999313354492 AB 8.75814807737013 1.230451412279504
62515.2862 lsst_hardware_g 193.38938772065185 20.25401867561648 31.3799991607666 AB 8.712042308166614 1.22127154069366
62518.2355 lsst_hardware_i 1152.2454704398879 72.7244991521151 31.280000686645508 AB 4.162725342685697 1.2702854265137822
62518.2535 lsst_hardware_z 691.3453132777147 67.06355119044129 30.959999084472656 AB 2.667941595271957 1.2375453862877266
62520.2298 lsst_hardware_r 1418.9951851387073 132.74147309929995 31.600000381469727 AB 7.57044529202325 1.2708486305226177
62520.2487 lsst_hardware_z 882.0139608088282 90.1743935603342 30.969999313354492 AB 7.372943094415403 1.2366905752283224
62524.228 lsst_hardware_i 1354.7667091923643 90.55370520483464 31.290000915527344 AB 11.478419162316131 1.2517928836078847
62524.248 lsst_hardware_z 1114.3336545513373 79.52677331272234 30.969999313354492 AB 11.2481271410526 1.2264551877936554
62526.2338 lsst_hardware_r 1654.1811165764648 64.90551531469403 31.579999923706055 AB 10.632139089975675 1.2348593600436335
62526.2538 lsst_hardware_z 1034.7183473966738 59.59908128508219 30.940000534057617 AB 11.371608990359345 1.2214840119974948
62528.2126 lsst_hardware_r 1420.7796262878119 48.854778966973164 31.5 AB 13.70697572979417 1.260527471932515
62528.2303 lsst_hardware_i 1251.4494227580533 50.88110565751175 31.229999542236328 AB 13.329450993838202 1.2326200954484454
62530.2123 lsst_hardware_z 1052.4336558623254 54.17986494306908 30.93000030517578 AB 13.263251185506178 1.250561909531501
62530.2325 lsst_hardware_i 1379.9246080391233 48.97794881817773 31.229999542236328 AB 12.879350816726017 1.2258265371249457
62532.2113 lsst_hardware_u -1.883403462006329 2.80069403649121 28.350000381469727 AB 13.1462209930304 1.2431806512133148
62532.2279 lsst_hardware_g 268.9906669972015 21.869094343946994 31.399999618530273 AB 13.020365731074625 1.2252539897498078
62534.2122 lsst_hardware_r 1390.523634200241 44.451373414372 31.489999771118164 AB 12.935583374615007 1.2345666287192123
62534.23 lsst_hardware_i 1301.4806019323826 48.41355269929453 31.229999542236328 AB 12.826847040746777 1.221876008072926
62538.1768 lsst_hardware_r 1148.5569344923158 42.28442520949555 31.459999084472656 AB 6.94360995054354 1.2804198141609142
62538.1961 lsst_hardware_g 151.047273755671 20.149640663060545 31.399999618530273 AB 6.8168935492037015 1.2414101614757334
62540.1751 lsst_hardware_r 1060.162557019768 41.560671243827514 31.469999313354492 AB 11.475148932959698 1.2710621325830416
62540.1945 lsst_hardware_i 1166.5698444293264 47.04859397003168 31.219999313354492 AB 11.138701960319827 1.2361684625983829
62542.1761 lsst_hardware_z 923.0010397474346 54.14267970179217 30.93000030517578 AB 4.027695750857693 1.2570181797215165
62542.1961 lsst_hardware_i 1070.997342439447 46.7100744508747 31.229999542236328 AB 3.936014772332637 1.228660768638261
62547.1654 lsst_hardware_z 1658.462752030086 100.55835680332649 31.709999084472656 AB 3.5769873926381064 1.2514241606897731
62549.162 lsst_hardware_z 1031.4016668586926 112.49964578175135 30.979999542236328 AB 3.9015096725578404 1.2478175925024562
62549.1787 lsst_hardware_r 682.7020124408414 162.2704798221999 31.6200008392334 AB 5.20204342855522 1.2272347175453746
62551.1563 lsst_hardware_i 915.8694843968377 130.03491829590106 31.309999465942383 AB 3.7896067585274724 1.2482235700024613
62551.1743 lsst_hardware_z 812.4660594832594 108.52648594887525 30.979999542236328 AB 3.8696924873868093 1.2264297559263209
62555.1583 lsst_hardware_g 96.8482272109537 44.444082603686354 31.6200008392334 AB 9.48128362370903 1.2308160352719997
62555.1744 lsst_hardware_r 551.2499882527717 51.10779111060361 31.579999923706055 AB 13.360028298701694 1.2215069150342888
62560.1214 lsst_hardware_z 617.5199975811117 50.41407751587646 30.93000030517578 AB 6.791311685920452 1.2689296872048126
62560.139 lsst_hardware_u -0.9029846729163414 2.8391578500619485 28.34000015258789 AB 7.507529199636105 1.2373008624352202
62573.1155 lsst_hardware_z 362.7380254608032 51.566073173712354 30.940000534057617 AB 15.876554350553112 1.225539230826771
62573.134 lsst_hardware_g -21.460722267174003 32.03747929013446 31.59000015258789 AB 17.108259337826254 1.2220185241304469
62583.0763 lsst_hardware_i 193.6909755874623 48.45959328301683 31.270000457763672 AB 7.397443139924621 1.2371685483205517
62583.0945 lsst_hardware_r 155.13277491835902 54.718553028154815 31.59000015258789 AB 7.456470739990585 1.222372252457473
62593.07 lsst_hardware_u 6.578538457004522 2.811074072682147 28.34000015258789 AB 10.742103248575846 1.2216190199290196
62593.0882 lsst_hardware_g -21.163387697101367 15.119546508531705 31.389999389648438 AB 10.556053322772248 1.2264972876962332
62595.0607 lsst_hardware_r 57.82348531660008 25.95934657079597 31.459999084472656 AB 6.006156328464273 1.2227516955342062
62595.0805 lsst_hardware_z 194.27361243887154 46.08671011570003 30.920000076293945 AB 5.9493180645938715 1.224979697582815
62597.0572 lsst_hardware_r 107.34623632764182 25.875261403753434 31.469999313354492 AB 9.65096168044297 1.2220790174251908
62597.0747 lsst_hardware_u 3.873937633654118 2.6546252403065846 28.260000228881836 AB 9.671825043917643 1.2247725937296816
62599.0197 lsst_hardware_u -5.553072857735271 2.7750270049662356 28.280000686645508 AB 9.672939858299225 1.2585414539693023
62599.0389 lsst_hardware_g -7.256153977361636 15.729438380458769 31.399999618530273 AB 9.30766442873366 1.2300878099648007
62601.0504 lsst_hardware_i 105.26610571029657 37.54221645931964 31.25 AB 6.90098809412027 1.22130574181408
62601.0677 lsst_hardware_z 175.01157736549246 47.23430426362721 30.940000534057617 AB 6.965335161970059 1.2275340638798184
62609.0111 lsst_hardware_r 246.24738948300413 95.43427191267325 31.6200008392334 AB 13.167095582121977 1.2305696805721476
62609.0303 lsst_hardware_y 55.03894537328837 57.588807408092165 30.0 AB 13.067279306064952 1.2212410566415843
62614.9869 lsst_hardware_i -45.29533190806837 33.36000061035156 31.229999542236328 AB 11.908842570474334 1.2399017044292011
62614.9971 lsst_hardware_z -28.670307395387415 44.47999954223633 30.93000030517578 AB 11.80906451905763 1.2283728251579065
62619.0083 lsst_hardware_g -12.151330557357168 15.5600004196167 31.40999984741211 AB 1.8329913986916457 1.2219942657944305
62619.0246 lsst_hardware_i 22.901356368624402 33.130001068115234 31.229999542236328 AB 1.8500680559042115 1.233378703936141
62620.9679 lsst_hardware_y 28.78546551552723 56.06999969482422 29.989999771118164 AB 13.969621819169445 1.2437710478560122
62620.9854 lsst_hardware_z 47.297898725176104 44.27000045776367 30.93000030517578 AB 13.75385908622886 1.2249243657024367
62623.9673 lsst_hardware_y -29.746187588782785 54.02000045776367 29.989999771118164 AB 16.256784406985727 1.2335838226646225
62623.9853 lsst_hardware_u -4.109953506420931 2.759999990463257 28.329999923706055 AB 16.092674513899606 1.221633091258028
62625.9662 lsst_hardware_z -19.766360472206607 48.77000045776367 30.940000534057617 AB 12.711422886425247 1.2291365471438827
62625.9842 lsst_hardware_r 22.948988369452454 25.40999984741211 31.489999771118164 AB 12.609995194152186 1.2212479002617003
62854.3242 lsst_hardware_g -24.831555001262267 23.3799991607666 31.540000915527344 AB 6.138182899587414 1.251838796652664
62854.3427 lsst_hardware_y 40.75307961928817 51.68000030517578 30.0 AB 6.404623516851885 1.227605695975188
62862.3278 lsst_hardware_r -35.6953916554027 24.739999771118164 31.479999542236328 AB 7.3079522310449105 1.2232076600580102
62862.3478 lsst_hardware_y -38.55216099944839 52.86000061035156 29.989999771118164 AB 7.944176729766482 1.2243629128472249
62873.2931 lsst_hardware_r 122.00349811308203 87.81999969482422 31.610000610351562 AB 10.09642943792154 1.2258775232468757
62873.3136 lsst_hardware_z -66.6955404100084 64.37000274658203 30.969999313354492 AB 10.250564584394501 1.222427577766304
62875.2951 lsst_hardware_r -292.8108518849155 128.75 31.6200008392334 AB 9.170066994466975 1.2221324292936884
62875.3175 lsst_hardware_i 110.76526574202799 102.38999938964844 31.309999465942383 AB 9.33082983461621 1.2280100681662045
62880.2355 lsst_hardware_i -84.3971083309585 61.880001068115234 31.280000686645508 AB 10.211986055489028 1.293598005572287
62880.2553 lsst_hardware_z -139.70811011746338 60.290000915527344 30.959999084472656 AB 8.969263191018957 1.248143498338542
62886.2583 lsst_hardware_i -47.32711135300973 32.91999816894531 31.229999542236328 AB 14.489850481929171 1.2254005129366754
62886.2774 lsst_hardware_z -68.45056727022092 44.29999923706055 30.93000030517578 AB 14.487422540627897 1.2221805370138474
62888.2382 lsst_hardware_r -40.93084994862931 24.6200008392334 31.469999313354492 AB 11.786556940173407 1.2406902042287797
62888.2576 lsst_hardware_g 12.964932213964568 15.0600004196167 31.389999389648438 AB 11.960285206348587 1.222849690513453
62896.2087 lsst_hardware_r -5.653740040195484 25.010000228881836 31.489999771118164 AB 15.389830606023969 1.2533455986663384
62896.2264 lsst_hardware_i 40.60596317735048 33.04999923706055 31.239999771118164 AB 15.124561327983786 1.228973022317209
62926.1235 lsst_hardware_z 9.97126375834663 46.040000915527344 30.93000030517578 AB 5.180952522525516 1.2598060845046848
62926.1418 lsst_hardware_g 0.9486866796422346 20.059999465942383 31.489999771118164 AB 5.013105190691115 1.2315698785630884
62933.1171 lsst_hardware_z 113.50844779830646 113.52999877929688 30.979999542236328 AB 12.770077319021658 1.2382204755069117
62933.1358 lsst_hardware_r -13.009122942505611 167.2100067138672 31.6200008392334 AB 14.04747697923714 1.222423267566208
62938.1187 lsst_hardware_i 13.336338966453201 48.560001373291016 31.280000686645508 AB 16.01403452262984 1.2239636589379832
62938.1367 lsst_hardware_z -2.563712158607429 51.709999084472656 30.950000762939453 AB 17.116579541186624 1.222612824370473
62940.081 lsst_hardware_u 4.9027597291076725 2.6600000858306885 28.290000915527344 AB 12.2183478033822 1.2691750081419135
62940.1002 lsst_hardware_g -7.103565155242403 15.140000343322754 31.389999389648438 AB 10.973294236325335 1.2353835335013401
62942.0785 lsst_hardware_r 13.04423319930136 24.84000015258789 31.479999542236328 AB 10.310738068768279 1.262565121994524
62942.0988 lsst_hardware_i 7.804878525656762 32.880001068115234 31.239999771118164 AB 9.400526437464414 1.2308650188719117
62955.0636 lsst_hardware_i -74.28554383331891 35.689998626708984 31.25 AB 6.045172937233262 1.2305695546531201
62955.0831 lsst_hardware_r -27.267476177152048 30.010000228881836 31.530000686645508 AB 6.162624877391638 1.2211681120363516
62957.0574 lsst_hardware_z 53.24746840651309 51.72999954223633 30.950000762939453 AB 6.402835650560253 1.2313145481846641
62957.0769 lsst_hardware_g -20.735852413306816 45.779998779296875 31.639999389648438 AB 6.350078084430798 1.2211688623905381
62963.0215 lsst_hardware_i -40.52523818746795 90.69999694824219 31.299999237060547 AB 13.455627844073888 1.2618397190485195
62963.041 lsst_hardware_z 163.66837574818786 78.26000213623047 30.969999313354492 AB 13.147762507248531 1.2313329229777292
62969.0142 lsst_hardware_u 5.27907799043539 2.7300000190734863 28.34000015258789 AB 8.249014502380248 1.244977663546258
62969.0321 lsst_hardware_g -4.290422929528653 15.359999656677246 31.40999984741211 AB 8.040285720909994 1.2251086108935296
62971.0122 lsst_hardware_r 3.9274796213212895 24.979999542236328 31.479999542236328 AB 14.12178710617138 1.2397864102692049
62971.0291 lsst_hardware_i 4.45475246372865 33.060001373291016 31.229999542236328 AB 13.920185822985083 1.2236988108641451
62974.0135 lsst_hardware_z 23.43033598199274 44.54999923706055 30.940000534057617 AB 13.149178419685125 1.2288951794098248
62974.0315 lsst_hardware_r 5.682255233865324 25.149999618530273 31.5 AB 13.066593178414234 1.221176932562078
62976.0096 lsst_hardware_u 2.184649869193912 2.819999933242798 28.40999984741211 AB 8.542918402532168 1.2275630854664177
62976.028 lsst_hardware_g 3.7942675370237318 15.619999885559082 31.43000030517578 AB 8.52707978999764 1.221338459554931
62978.0062 lsst_hardware_r 6.210684300342545 25.229999542236328 31.489999771118164 AB 11.454407868347335 1.2259991474839944
62978.024 lsst_hardware_z -12.6488239729714 44.529998779296875 30.940000534057617 AB 11.388950062532121 1.2215862129873474
62991.9657 lsst_hardware_y 195.86322426630767 62.5099983215332 30.0 AB 8.504953552661894 1.22773845914665
62991.9834 lsst_hardware_r 120.84972929188572 88.02999877929688 31.610000610351562 AB 8.240331877086472 1.2212422196497181
62995.9618 lsst_hardware_y -226.39873282861484 60.220001220703125 30.0 AB 9.5018914348009 1.2232357501835809
62995.976 lsst_hardware_u -2.193189676913859 2.950000047683716 28.43000030517578 AB 9.501593979335567 1.2218604285655923
