data/validation/pwv_sim_epoch_fit_epoch/39040790.ecsv
# %ECSV 0.9
# ---
# datatype:
# - {name: time, datatype: float64}
# - {name: band, datatype: string}
# - {name: flux, datatype: float64}
# - {name: fluxerr, datatype: float64}
# - {name: zp, datatype: float64}
# - {name: zpsys, datatype: string}
# - {name: pwv, datatype: float64}
# - {name: airmass, datatype: float64}
# meta: {SNID: '39040790', alt: 1024.0, c: -0.11405128985643387, dec: -1.342993, lat: -30.244573, lon: -70.7499537, ra: 146.953125, t0: 60782.22265625,
#   x0: 4.636268394496569e-06, x1: 0.9078120589256287, z: 0.6319413781166077}
# schema: astropy-2.0
time band flux fluxerr zp zpsys pwv airmass
[from data line 132]
61065.2331 lsst_hardware_r 45.23789509571116 24.290000915527344 31.479999542236328 AB 9.976856976757357 1.156815279498018
61065.2524 lsst_hardware_i 57.35738326703375 32.16999816894531 31.229999542236328 AB 10.633739280533453 1.1420926649876166
61067.2145 lsst_hardware_z -76.3703487226864 43.380001068115234 30.93000030517578 AB 12.751616354563481 1.1769636360856057
61067.2316 lsst_hardware_i -58.67254826034839 32.040000915527344 31.229999542236328 AB 12.615763787984339 1.152387649050855
61069.2142 lsst_hardware_z 106.0607230226893 49.38999938964844 30.950000762939453 AB 12.411220980036903 1.1680233060971128
61069.2341 lsst_hardware_g -51.29164253431678 33.560001373291016 31.6299991607666 AB 12.06902448908065 1.1457028231070945
61071.2062 lsst_hardware_r 51.53514052531367 92.19999694824219 31.6299991607666 AB 12.100562572324884 1.1722511574061405
61071.2239 lsst_hardware_i 41.150839753911306 73.9800033569336 31.31999969482422 AB 12.319263572986445 1.1493279860355559
61072.2143 lsst_hardware_z 49.78402375803827 120.2300033569336 31.729999542236328 AB 14.481942952814704 1.1564353048329825
61074.215 lsst_hardware_z 37.739554665444295 99.0 30.979999542236328 AB 10.351924692706318 1.1499583084543787
61074.2322 lsst_hardware_r -60.38081353726897 145.74000549316406 31.6299991607666 AB 10.276380154889404 1.1411015458662368
61076.2116 lsst_hardware_i -61.270963597163764 72.5 31.309999465942383 AB 6.121366705777134 1.1481868273934852
61076.2293 lsst_hardware_z 130.49627956070253 66.33999633789062 30.969999313354492 AB 6.1141908070990505 1.1409200983577363
61080.1785 lsst_hardware_z 2.9716296555701036 45.209999084472656 30.940000534057617 AB 6.661460256914087 1.1779076252942293
61080.1976 lsst_hardware_g -35.90174324393694 28.649999618530273 31.600000381469727 AB 6.474216580107695 1.1509036347667045
61082.1887 lsst_hardware_i -1.0615128525474378 32.43000030517578 31.239999771118164 AB 3.1170475092426595 1.1544620404602441
61082.2058 lsst_hardware_r 49.95012260012029 25.649999618530273 31.510000228881836 AB 3.083791204604988 1.1421448905944398
61084.1628 lsst_hardware_z 49.514255645033586 43.599998474121094 30.93000030517578 AB 4.431021431869978 1.1875434323269418
61084.1789 lsst_hardware_u -3.2700219673813202 2.6700000762939453 28.31999969482422 AB 4.7352655020216305 1.1597515312323365
61086.1592 lsst_hardware_g -5.3980375599215344 15.1899995803833 31.40999984741211 AB 3.489781199574243 1.1836454040387483
61086.1756 lsst_hardware_r 38.93088360150943 24.469999313354492 31.489999771118164 AB 4.397771533004458 1.1570038234686657
61092.1599 lsst_hardware_g -13.14594516351389 15.270000457763672 31.420000076293945 AB 5.841125514002517 1.1561815450396735
61092.1772 lsst_hardware_r 10.553847238365533 24.510000228881836 31.489999771118164 AB 7.067038556786846 1.1426093058669111
61096.1853 lsst_hardware_z -47.54194790322741 42.900001525878906 30.940000534057617 AB 10.645780701195191 1.143283619992503
61096.2026 lsst_hardware_g -19.51595994276661 15.130000114440918 31.420000076293945 AB 10.848157562594302 1.158125073406032
61101.1258 lsst_hardware_i -33.89380990503134 116.94999694824219 31.31999969482422 AB 3.8809168018262747 1.169684832900045
61101.1436 lsst_hardware_z -13.137018087562588 98.80999755859375 30.989999771118164 AB 3.8021680531992974 1.147968716527653
61103.1228 lsst_hardware_z -19.379616183657276 92.0999984741211 30.979999542236328 AB 5.308714668271697 1.1657683274029271
61103.1407 lsst_hardware_r -90.7630240049935 136.33999633789062 31.639999389648438 AB 6.140263879094253 1.1460705305346084
61105.1264 lsst_hardware_i -42.77180520311066 67.62000274658203 31.309999465942383 AB 8.761978424114272 1.1539040944838812
61105.1451 lsst_hardware_r -1.2287693822822656 81.91000366210938 31.6299991607666 AB 8.701580987332074 1.1415402729576798
61107.1169 lsst_hardware_z -33.65698498721135 49.63999938964844 30.950000762939453 AB 11.940432991618488 1.1587028618746742
61107.1349 lsst_hardware_g 34.98618322380781 50.689998626708984 31.68000030517578 AB 13.122634797575873 1.1431696375383649
61109.1175 lsst_hardware_r 10.178039806352071 30.139999389648438 31.530000686645508 AB 12.899289828232666 1.1517908650722608
61109.1354 lsst_hardware_i 23.29594044576055 36.47999954223633 31.260000228881836 AB 12.019223149616687 1.1412821880372876
61114.1151 lsst_hardware_r -0.22494608866454346 24.010000228881836 31.489999771118164 AB 10.279954961856316 1.1434877599395235
61114.134 lsst_hardware_z -86.18167077758683 42.869998931884766 30.940000534057617 AB 11.383062907177074 1.1423903361695134
61116.1147 lsst_hardware_r 81.05913307238879 24.229999542236328 31.479999542236328 AB 8.687785642209448 1.1416275482535567
61116.1353 lsst_hardware_u -1.1415517510744355 2.7200000286102295 28.3700008392334 AB 9.435893388545585 1.1458859551945253
61118.0789 lsst_hardware_u 2.801898069065384 2.680000066757202 28.360000610351562 AB 8.783709976013348 1.1704850498840689
61118.0985 lsst_hardware_g -12.53983372256423 14.720000267028809 31.420000076293945 AB 9.33331896411198 1.1469516392149899
61120.08 lsst_hardware_r -23.130543501731864 24.040000915527344 31.489999771118164 AB 4.527313321708574 1.1605519922349588
61120.0993 lsst_hardware_i 66.87477292849663 31.940000534057617 31.25 AB 5.601751207823196 1.1432145322088154
61124.0672 lsst_hardware_z -11.776087751207902 43.65999984741211 30.940000534057617 AB 12.080757000065036 1.1631770652864466
61124.0852 lsst_hardware_g -11.505097197102105 18.940000534057617 31.5 AB 10.23253083676638 1.1448878802173785
61126.0657 lsst_hardware_r 34.5516861867967 50.33000183105469 31.600000381469727 AB 7.29476446382089 1.157837859978945
61126.0834 lsst_hardware_z -3.7004523681577206 50.599998474121094 30.950000762939453 AB 7.363768013254272 1.142998527474479
61128.0639 lsst_hardware_r 37.859035752293046 93.54000091552734 31.6299991607666 AB 7.851989029649222 1.153573314835831
61128.0823 lsst_hardware_y 1.490833892453053 58.220001220703125 30.020000457763672 AB 7.743418366933674 1.141535877189222
61130.0585 lsst_hardware_z -145.52811972833646 87.38999938964844 30.979999542236328 AB 5.5235718072648785 1.1535077388044082
61130.0767 lsst_hardware_r 41.91401791359537 124.88999938964844 31.639999389648438 AB 5.450803923957882 1.1415694629392752
61133.0586 lsst_hardware_i 37.71299788321586 75.66999816894531 31.309999465942383 AB 6.895215105249181 1.1461937589243538
61133.0777 lsst_hardware_z 40.83212436010777 67.61000061035156 30.969999313354492 AB 6.942296397548882 1.1412150408990502
61135.0576 lsst_hardware_r 108.61684439899209 59.369998931884766 31.6200008392334 AB 8.941902598369845 1.1435632958951933
61135.0753 lsst_hardware_z 103.18474716061507 52.40999984741211 30.959999084472656 AB 8.93706395214534 1.141934381363404
61139.0543 lsst_hardware_z -94.59795555994997 43.2400016784668 30.940000534057617 AB 8.753147264737859 1.1411442884737446
61139.0737 lsst_hardware_r 11.574259962651475 24.229999542236328 31.489999771118164 AB 8.785994519483067 1.1467222187226382
61142.0176 lsst_hardware_r -18.140773242574415 24.030000686645508 31.5 AB 5.809459904941359 1.1638317004890868
61142.0353 lsst_hardware_u 0.10731351599974927 2.869999885559082 28.510000228881836 AB 5.76635559798574 1.1453491215067264
61148.0126 lsst_hardware_i 26.758358485702583 32.5 31.25 AB 12.307794651753442 1.1502611824068638
61148.0316 lsst_hardware_z 23.140756006156117 43.41999816894531 30.950000762939453 AB 12.208148242573158 1.140948433885342
61150.0121 lsst_hardware_r -8.16304595898118 24.34000015258789 31.5 AB 7.979327818064168 1.1462492825374995
61150.0295 lsst_hardware_u 0.7813335299030062 2.740000009536743 28.399999618530273 AB 7.9081933935949005 1.1409888030002742
61152.0075 lsst_hardware_g -27.31197057579063 17.950000762939453 31.479999542236328 AB 10.550835407963794 1.1456676641049435
61152.0256 lsst_hardware_i 21.18833867443111 33.099998474121094 31.239999771118164 AB 10.696554913104638 1.1411788774549532
61154.0048 lsst_hardware_z -16.114288697685215 47.290000915527344 30.950000762939453 AB 10.116667103185051 1.1440311097122076
61154.0212 lsst_hardware_r 37.603885454794394 40.18000030517578 31.579999923706055 AB 10.08914379177519 1.1413704159483216
61158.0092 lsst_hardware_r -32.735724963938935 90.27999877929688 31.6299991607666 AB 1.7117655157232505 1.141177010482167
61158.0265 lsst_hardware_i -2.641686509148662 75.51000213623047 31.309999465942383 AB 1.7259320353401364 1.1506213568934243
61161.9709 lsst_hardware_y 42.24303350964118 57.18000030517578 30.030000686645508 AB 10.649098114670743 1.153748441459452
61161.9901 lsst_hardware_z 14.013084077800949 60.380001068115234 30.969999313354492 AB 10.555611028669315 1.1413939261104362
61163.9676 lsst_hardware_y -34.87900121070514 53.529998779296875 30.010000228881836 AB 12.591782729908454 1.1515119094566488
61163.9856 lsst_hardware_i -100.10974678381515 47.56999969482422 31.290000915527344 AB 12.423536858331019 1.141213628047401
61166.9676 lsst_hardware_y 25.473522211766998 51.310001373291016 30.010000228881836 AB 4.667785270046136 1.1450004750726415
61166.9858 lsst_hardware_r 16.20623754789044 24.700000762939453 31.5 AB 4.235134073330335 1.1413917459457945
61168.9596 lsst_hardware_y 70.41703052456262 64.25 30.020000457763672 AB 10.038499926670552 1.1466892502764976
61168.9713 lsst_hardware_g -10.209009378335189 16.040000915527344 31.43000030517578 AB 9.975230695391678 1.141330743179826
61170.9626 lsst_hardware_z 4.43837580747468 48.86000061035156 30.959999084472656 AB 8.58704111214111 1.142197540854098
61170.981 lsst_hardware_i 55.56030742945325 32.599998474121094 31.239999771118164 AB 8.590234686964626 1.1435095982470163
61173.9612 lsst_hardware_y 21.300300989744382 55.40999984741211 30.020000457763672 AB 8.241633040425196 1.1409210060115498
61173.9805 lsst_hardware_r 2.292637579994006 25.209999084472656 31.5 AB 8.352036500439699 1.1485725189694749
61175.9597 lsst_hardware_y -37.99421654933331 56.650001525878906 30.020000457763672 AB 8.391850245921264 1.1411273111124915
61175.9782 lsst_hardware_r -26.690753424003145 24.829999923706055 31.5 AB 8.322613990695151 1.1514407845456371
