data/validation/pwv_sim_epoch_fit_epoch/39041220.ecsv
# %ECSV 0.9
# ---
# datatype:
# - {name: time, datatype: float64}
# - {name: band, datatype: string}
# - {name: flux, datatype: float64}
# - {name: fluxerr, datatype: float64}
# - {name: zp, datatype: float64}
# - {name: zpsys, datatype: string}
# - {name: pwv, datatype: float64}
# - {name: airmass, datatype: float64}
# meta: {SNID: '39041220', alt: 1024.0, c: -0.053074873983860016, dec: -49.896984, lat: -30.244573, lon: -70.7499537, ra: 337.604645,
#   t0: 61964.66796875, x0: 4.149406848795208e-06, x1: 0.13520430028438568, z: 0.6619387865066528}
# schema: astropy-2.0
time band flux fluxerr zp zpsys pwv airmass
61926.4286 lsst_hardware_r -6.272961093363124 23.229999542236328 31.5 AB 4.668287880399801 1.060974518272682
61928.4316 lsst_hardware_y -192.47807393286544 79.38999938964844 30.809999465942383 AB 0.9630519249705405 1.0612142423918407
61947.3821 lsst_hardware_z 401.7619383903025 45.2952139334856 30.940000534057617 AB 5.73263147778955 1.0615984218128796
61947.3965 lsst_hardware_r 497.023871373337 32.48482652778456 31.479999542236328 AB 5.761733935287229 1.0669877657939313
61950.1693 lsst_hardware_i 707.7872497050514 42.72572712136232 31.139999389648438 AB 10.43416787546203 1.7682782486060298
61950.1906 lsst_hardware_z 1249.936058653416 90.45157686484183 32.08000183105469 AB 9.049697292959468 1.5759388108304229
61950.2167 lsst_hardware_r 2331.621264276999 62.98915575453077 32.61000061035156 AB 3.925015139652427 1.4027931163874685
61954.3587 lsst_hardware_g 290.36990800377407 22.092589227765778 31.3799991607666 AB 6.959361266912005 1.0609995452089804
61954.3712 lsst_hardware_i 994.4993870855702 43.369469507231706 31.239999771118164 AB 6.97923532788095 1.0640294740833098
61958.3772 lsst_hardware_r 1569.3085245375664 106.50464629470319 31.649999618530273 AB 1.5230261384498105 1.074445247583915
61958.3885 lsst_hardware_y 394.2320598538409 59.36754495414074 30.030000686645508 AB 1.6097379721328993 1.0855825371245809
61965.3228 lsst_hardware_z 968.1498925296323 54.66973653424657 30.950000762939453 AB 6.3859699406858965 1.0609245239333085
61965.3359 lsst_hardware_i 1395.2848997749006 54.398016368383004 31.280000686645508 AB 6.0549647684548225 1.0622745207815478
61974.3776 lsst_hardware_z 825.739252151531 50.836805086979034 30.93000030517578 AB 5.871500053804504 1.138549554742002
61974.3888 lsst_hardware_r 952.2383688757715 38.19418672540158 31.459999084472656 AB 5.975042485618458 1.1644986329406468
61976.3463 lsst_hardware_r 813.0235585178518 37.171615987406554 31.479999542236328 AB 6.028798546746593 1.0941558161064597
61976.3575 lsst_hardware_u 1.9092069497668362 2.565669481350238 28.280000686645508 AB 6.111418297484392 1.1108976546566394
61978.3374 lsst_hardware_g 103.95543666986423 16.705414510387993 31.3700008392334 AB 2.749231840821258 1.089739779674146
61978.3502 lsst_hardware_r 778.0774170955717 35.77541797197999 31.469999313354492 AB 2.788015487892242 1.1078940941355107
61979.3406 lsst_hardware_i 861.7654816253003 42.44622562376107 31.229999542236328 AB 3.428879383715304 1.0975633547062777
61979.3532 lsst_hardware_z 728.4073172529476 49.81600306907877 30.93000030517578 AB 3.4805438577006163 1.1175887373543667
61992.2347 lsst_hardware_z 534.3478118736921 58.15482949620636 30.979999542236328 AB 4.965896277228437 1.0643867275165444
61992.2464 lsst_hardware_r 420.128054885874 67.91357754478915 31.649999618530273 AB 4.720132602716723 1.061180890898766
61994.2382 lsst_hardware_z 838.2409596686782 71.72661108009878 31.700000762939453 AB 2.8805409101289947 1.0616244140524551
61997.2992 lsst_hardware_r 205.3180972549107 30.112233295779532 31.520000457763672 AB 5.271075888263086 1.109310955088737
61997.3104 lsst_hardware_u -1.910389343982776 4.1789251552674775 28.690000534057617 AB 5.347484175203999 1.1295115486595788
62009.0895 lsst_hardware_r 91.8618837310804 29.631651273630776 31.510000228881836 AB 1.8364123302973416 1.2484108295699128
62009.0942 lsst_hardware_z 316.0665968923652 47.15310319788834 30.940000534057617 AB 1.8187163560134836 1.231775385041303
62011.1525 lsst_hardware_r 125.90097816487885 40.92393576719037 31.600000381469727 AB 5.663269830435335 1.0890903520067952
62011.1634 lsst_hardware_i 271.8514322897361 41.2867674837652 31.280000686645508 AB 5.602554944435548 1.0774144123914515
62013.2293 lsst_hardware_z 544.3061007059254 78.06201527624222 31.719999313354492 AB 4.5085353738781775 1.0764081112279285
62016.2341 lsst_hardware_r 47.13759784895646 106.5413964284449 31.649999618530273 AB 0.7930158789790465 1.0903059747649586
62016.2469 lsst_hardware_i 189.76642910129533 84.84442554325345 31.31999969482422 AB 0.7996888466986436 1.1086259427430365
62017.0504 lsst_hardware_r -8.710721598751991 118.07861647198317 31.600000381469727 AB 2.0231091200655307 1.3188455802248924
62017.0575 lsst_hardware_i 250.34261609206337 92.97442791454685 31.299999237060547 AB 2.0539159297832064 1.287990758643315
62020.2648 lsst_hardware_z 157.8884993459416 61.308438198443916 30.969999313354492 AB 2.3160737129745432 1.1685538410567826
62020.2763 lsst_hardware_i 136.76816219206992 65.26455265472532 31.299999237060547 AB 2.330888477564803 1.200663707536815
62030.1321 lsst_hardware_i 119.66919205811755 31.914128547326527 31.25 AB 0.639067550876306 1.0639304398621312
62030.1435 lsst_hardware_z 119.31019159974417 42.82910086784228 30.950000762939453 AB 0.6338265113403331 1.061093489968546
62031.2177 lsst_hardware_u -1.7105243593840782 2.749152488592832 28.31999969482422 AB 1.571996916656783 1.1297815775217943
62031.228 lsst_hardware_g 24.590045565961276 14.078374597793331 31.360000610351562 AB 1.6057622657125918 1.1519786685330624
62033.2038 lsst_hardware_g 13.97252996362794 13.980499180219656 31.3799991607666 AB 6.940143322082476 1.114166531077617
62033.216 lsst_hardware_r 71.56516718604477 23.784438426221556 31.469999313354492 AB 6.622764519051501 1.1374760151803118
62035.2035 lsst_hardware_i 153.87934000138054 32.486969320372424 31.239999771118164 AB 2.5092276341854878 1.12345092195455
62035.2151 lsst_hardware_r 67.48150211779101 23.942811164329676 31.479999542236328 AB 2.32815349541424 1.147438883890705
62037.2067 lsst_hardware_u -0.17659542088338342 2.6365342924290593 28.360000610351562 AB 4.39604115684027 1.1409398278846512
62037.219 lsst_hardware_g 14.478509553176341 13.997984899105507 31.3700008392334 AB 4.482863111808275 1.1701548190571105
62039.2044 lsst_hardware_r 77.37368734698302 27.376749893053873 31.5 AB 3.8972664698797286 1.1479429955463119
62039.2166 lsst_hardware_i 103.34822158241722 34.42738874040118 31.229999542236328 AB 3.5733181497208437 1.1782759341792186
62041.222 lsst_hardware_z 108.1211073062427 52.692105636050975 30.950000762939453 AB 4.456966124419953 1.2100360518785505
62041.2336 lsst_hardware_r 105.26465540811213 50.03973663473453 31.56999969482422 AB 4.736999859749998 1.249455947180838
62043.1751 lsst_hardware_i 85.93532413916542 60.652958655572576 31.309999465942383 AB 4.689578676925051 1.111801488128272
62043.1876 lsst_hardware_z -22.88413633368255 59.14545819114921 30.969999313354492 AB 4.788236656680191 1.1351912415078689
62046.0051 lsst_hardware_y 49.88531114975845 57.51214664670945 30.0 AB 2.4216739730916914 1.1939230762982866
62046.0106 lsst_hardware_r 27.385307385380475 95.15416199941484 31.6200008392334 AB 2.4349068691616953 1.1784183274833875
62050.0786 lsst_hardware_r -60.4644779802033 54.75 31.6299991607666 AB 4.294753431663553 1.0635184626171121
62050.0919 lsst_hardware_g -47.996500883944485 63.93000030517578 31.719999313354492 AB 8.757685512107656 1.0608946713633522
62052.0757 lsst_hardware_r 5.265701636740317 22.299999237060547 31.489999771118164 AB 3.42179495248451 1.062669239902022
62052.0878 lsst_hardware_i -43.823090344498375 30.389999389648438 31.25 AB 5.752600535839231 1.0608760785319007
62054.1597 lsst_hardware_i -13.754409605223847 30.979999542236328 31.239999771118164 AB 5.111154452545148 1.1396955074798594
62054.1712 lsst_hardware_u -3.883118618848015 2.619999885559082 28.350000381469727 AB 4.50370253766649 1.166611200017223
62057.1533 lsst_hardware_i -9.095614086764405 31.18000030517578 31.239999771118164 AB 9.512751079815503 1.1435885890381858
62057.165 lsst_hardware_r -22.389646816834958 22.81999969482422 31.469999313354492 AB 9.730240983978405 1.1717534903634297
62059.1405 lsst_hardware_z -36.608409993287665 42.47999954223633 30.940000534057617 AB 8.87942190289945 1.1283217327770467
62059.1521 lsst_hardware_u 1.4474412921381343 2.6700000762939453 28.389999389648438 AB 9.040324241974355 1.1532864604654771
62064.1412 lsst_hardware_g -23.1550156823551 13.779999732971191 31.389999389648438 AB 3.1058013734160723 1.1598909648012221
62064.1518 lsst_hardware_r -52.03533876934724 23.15999984741211 31.469999313354492 AB 3.1618069863200526 1.1879049416355865
62065.1375 lsst_hardware_i 10.449910065369053 31.309999465942383 31.229999542236328 AB 4.3986361975407595 1.1575358414580947
62065.1491 lsst_hardware_z -22.043923187059743 43.29999923706055 30.93000030517578 AB 4.486453213603241 1.1879923774932453
62067.1402 lsst_hardware_i 11.244720220472866 32.560001373291016 31.229999542236328 AB 3.3847653390991583 1.178436883662341
62067.1513 lsst_hardware_u 2.316156672045768 2.740000009536743 28.34000015258789 AB 3.474284279941573 1.2109739560618937
62070.1404 lsst_hardware_g 3.114592728894791 42.63999938964844 31.639999389648438 AB 4.3793865525276345 1.2025775430281833
62070.1517 lsst_hardware_r -38.45610142428762 46.630001068115234 31.579999923706055 AB 4.398876916716918 1.239702278078981
62075.0813 lsst_hardware_y -26.00021873707411 52.59000015258789 30.040000915527344 AB 4.505810771904995 1.1016652254043657
62075.0924 lsst_hardware_r -15.924950295892137 75.70999908447266 31.6299991607666 AB 6.103491235537626 1.1199922750431157
62077.0831 lsst_hardware_i 141.52102049379903 63.119998931884766 31.31999969482422 AB 3.3642828723268994 1.1132329923596525
62077.0947 lsst_hardware_z 191.9071620347735 59.130001068115234 30.969999313354492 AB 4.640962233323022 1.1350796266075052
62079.0862 lsst_hardware_r 15.205522118085996 66.31999969482422 31.6200008392334 AB 4.333071807213319 1.1289431083972346
62079.0969 lsst_hardware_g 20.436895191877014 77.01000213623047 31.68000030517578 AB 4.389581249353088 1.151919502104617
62288.4232 lsst_hardware_i 79.48195520296358 54.13999938964844 31.309999465942383 AB 6.662242277724805 1.0645960814516842
62288.4376 lsst_hardware_y -71.7874656195108 70.97000122070312 30.059999465942383 AB 6.626567403422302 1.0609297796064903
62302.4029 lsst_hardware_g 8.08792590447636 13.449999809265137 31.40999984741211 AB 12.556566478350966 1.0608194715587973
62302.4161 lsst_hardware_r -24.789702857074897 22.219999313354492 31.489999771118164 AB 12.645730899787909 1.063172734897955
62306.4036 lsst_hardware_i -26.20969449689232 30.399999618530273 31.25 AB 3.0832214801109505 1.0626607048663415
62306.418 lsst_hardware_u 0.5019699975208797 2.75 28.479999542236328 AB 2.7886994881246676 1.069662581348783
62308.3882 lsst_hardware_g -8.068654665729943 13.390000343322754 31.399999618530273 AB 3.21091993078102 1.0608766291126717
62308.4012 lsst_hardware_r 28.52179596575427 22.190000534057617 31.479999542236328 AB 3.2338507807597487 1.0637083868515154
62310.3963 lsst_hardware_i -83.53808150727934 42.810001373291016 32.0 AB 3.500314548573988 1.0639253947033398
62310.4117 lsst_hardware_r -24.63477402669348 31.420000076293945 32.22999954223633 AB 3.5132978132160297 1.0730357281392642
62312.3966 lsst_hardware_z 22.99611892822757 86.56999969482422 31.729999542236328 AB 4.763352794669924 1.0666212639678874
62314.4078 lsst_hardware_r -32.420490793497876 97.83999633789062 31.649999618530273 AB 7.742515995094277 1.0792341871915188
62314.4219 lsst_hardware_i -112.37742011411949 77.37999725341797 31.31999969482422 AB 7.791319811113886 1.095722831114835
62323.4009 lsst_hardware_i 29.337159829554416 31.309999465942383 31.25 AB 5.488877948743371 1.1007844004431733
62323.4125 lsst_hardware_u -4.9285399389952325 3.1600000858306885 28.520000457763672 AB 5.487187451879642 1.119834173852988
62327.3138 lsst_hardware_r -25.0885936760064 22.360000610351562 31.489999771118164 AB 8.443250765910419 1.0659772871699038
62327.3255 lsst_hardware_i 33.88656586824166 30.309999465942383 31.239999771118164 AB 8.4020777112678 1.0617397752281292
62328.3102 lsst_hardware_z -18.985571100306682 41.41999816894531 30.940000534057617 AB 9.093188228928897 1.066430730222992
62328.3231 lsst_hardware_u -0.5931011211186749 2.609999895095825 28.3799991607666 AB 9.099840270456694 1.0616701496814185
62330.3182 lsst_hardware_g 5.865109024770981 13.380000114440918 31.3700008392334 AB 6.4755059234277255 1.0615583481029058
62330.3325 lsst_hardware_r -7.922498170455941 22.270000457763672 31.469999313354492 AB 6.474258433999337 1.0613538416392356
62332.3407 lsst_hardware_r 19.457590416779293 22.399999618530273 31.479999542236328 AB 3.9290511070953227 1.0659389872749112
62332.3531 lsst_hardware_i 7.598149150532905 30.559999465942383 31.239999771118164 AB 4.022406629798846 1.0742172866334214
62343.34 lsst_hardware_z 53.02081176402513 107.61000061035156 31.739999771118164 AB 7.758285665343486 1.0921010227116394
62345.3375 lsst_hardware_r 72.85560554283288 79.05999755859375 31.639999389648438 AB 3.3977276429696324 1.0960411751514942
62345.3492 lsst_hardware_i 32.850846280282965 64.88999938964844 31.309999465942383 AB 3.4825124721581777 1.114106895918372
62347.2406 lsst_hardware_r -49.29510637175326 55.36000061035156 31.6299991607666 AB 4.8597339838424825 1.0799408852983294
62347.2526 lsst_hardware_i -58.46247592913396 48.439998626708984 31.309999465942383 AB 4.72790030049144 1.0699027609168226
62348.2383 lsst_hardware_z 89.02747145019163 46.779998779296875 30.959999084472656 AB 3.4544489708021753 1.0795153033756797
62348.2503 lsst_hardware_r -47.020519855534836 44.369998931884766 31.610000610351562 AB 3.822529894291559 1.0696131218724194
62351.2371 lsst_hardware_u -3.988935210713789 2.680000066757202 28.420000076293945 AB 2.3889585842762826 1.0732872711087753
62351.2486 lsst_hardware_r 2.3593242630122364 24.139999389648438 31.510000228881836 AB 2.350660121692291 1.065817330171068
62352.2385 lsst_hardware_i -44.83293524943758 30.6299991607666 31.239999771118164 AB 1.6490175471432635 1.0702114962530644
62352.2501 lsst_hardware_z -5.839499581305917 41.4900016784668 30.940000534057617 AB 1.0341315013749852 1.0639212977108903
62356.2334 lsst_hardware_g 12.58686383014775 13.880000114440918 31.420000076293945 AB 3.3065416365697557 1.0666263343773406
62356.2455 lsst_hardware_r 7.069339521419958 22.719999313354492 31.5 AB 3.2919833150952833 1.0619301016436398
62362.3148 lsst_hardware_i 20.331816808066286 31.260000228881836 31.239999771118164 AB 3.8192687186214114 1.1370255190894347
62362.325 lsst_hardware_z 79.49180653282187 42.79999923706055 30.940000534057617 AB 3.9447806404972905 1.160229600146262
62364.2909 lsst_hardware_z -12.690246710723038 42.099998474121094 30.950000762939453 AB 5.016444387951914 1.1036876655681902
62367.2884 lsst_hardware_r 30.933901537244743 41.93000030517578 31.600000381469727 AB 2.7429092567617492 1.1128549576068176
62367.2986 lsst_hardware_i -68.90927589491864 41.310001373291016 31.290000915527344 AB 3.0526881377742336 1.1317779730370685
62369.2856 lsst_hardware_z 45.316569911326376 122.37000274658203 32.47999954223633 AB 1.1970974058809343 1.1174771583485967
62371.2968 lsst_hardware_z -5.026617325048318 74.7300033569336 30.979999542236328 AB 2.3205016493745285 1.1515660970387636
62371.308 lsst_hardware_r 74.93919959475248 110.27999877929688 31.6299991607666 AB 2.3672862820118388 1.1798577640130443
62380.2354 lsst_hardware_g 4.639328446165122 17.440000534057617 31.489999771118164 AB 1.7556862141831244 1.0876734419306915
62380.2452 lsst_hardware_r 22.995430401076025 26.3700008392334 31.520000457763672 AB 1.82758113542785 1.1006762170707252
62382.2413 lsst_hardware_i 28.70606740675412 30.770000457763672 31.239999771118164 AB 0.8147507738513396 1.1030019501591377
62382.2525 lsst_hardware_z -24.575554110071348 42.150001525878906 30.940000534057617 AB 1.3506801854484467 1.1218273965518661
62385.1441 lsst_hardware_i 27.348105873423176 30.530000686645508 31.25 AB 0.6682127708166271 1.0734341699865497
62385.1567 lsst_hardware_z -79.4581303501526 41.310001373291016 30.950000762939453 AB 0.7207241110407837 1.0653719305850462
62387.1459 lsst_hardware_r -29.16935739268424 22.3799991607666 31.479999542236328 AB 2.8456576573189607 1.0682900637518387
62387.1575 lsst_hardware_u -0.243166086021971 2.5999999046325684 28.3700008392334 AB 2.7677243415906165 1.0628741711177483
