data/validation/pwv_sim_epoch_fit_epoch/39104700.ecsv
# %ECSV 0.9
# ---
# datatype:
# - {name: time, datatype: float64}
# - {name: band, datatype: string}
# - {name: flux, datatype: float64}
# - {name: fluxerr, datatype: float64}
# - {name: zp, datatype: float64}
# - {name: zpsys, datatype: string}
# - {name: pwv, datatype: float64}
# - {name: airmass, datatype: float64}
# meta: {SNID: '39104700', alt: 1024.0, c: -0.005346172954887152, dec: -25.944481, lat: -30.244573, lon: -70.7499537, ra: 316.933594,
#   t0: 60506.17578125, x0: 2.7361459673813706e-06, x1: 0.39104652404785156, z: 0.7846564054489136}
# schema: astropy-2.0
time band flux fluxerr zp zpsys pwv airmass
60425.3364 lsst_hardware_z -3.3293471005136324 64.58000183105469 30.93000030517578 AB 4.568961664541124 1.4569393062950013
60425.3563 lsst_hardware_r -187.10339796502336 83.20999908447266 31.579999923706055 AB 4.2684954085981826 1.3150016662348067
60431.3518 lsst_hardware_r -63.51192044719775 57.02000045776367 31.600000381469727 AB 11.202117032083818 1.2489004913365944
60431.3714 lsst_hardware_y -6.465884310962949 52.369998931884766 30.020000457763672 AB 10.59196798216478 1.162930169319877
60442.3052 lsst_hardware_r -64.63672190415646 25.68000030517578 31.459999084472656 AB 9.342915345902773 1.3445945665831147
60442.3243 lsst_hardware_u -6.122258044986703 2.7100000381469727 28.309999465942383 AB 8.534819189582636 1.2363032070084212
60444.3569 lsst_hardware_g 13.437360525035311 15.949999809265137 31.450000762939453 AB 8.419063609814923 1.0959468380389121
60444.3757 lsst_hardware_i 3.728831181348818 32.04999923706055 31.25 AB 8.020144704626905 1.0534340680333063
60451.3155 lsst_hardware_i -37.82754511634741 77.33999633789062 32.04999923706055 AB 4.926341108203592 1.1678637131994958
60451.3366 lsst_hardware_z -4.766553741026875 74.5 31.719999313354492 AB 4.633671564556974 1.0991551113838003
60461.2373 lsst_hardware_r -75.11764383265864 44.4900016784668 32.22999954223633 AB 9.852357010012954 1.463801061313335
60461.2581 lsst_hardware_i -25.524752390477172 54.779998779296875 31.989999771118164 AB 8.2401355385642 1.314513200254967
60463.232 lsst_hardware_z 28.538755201857825 47.130001068115234 30.90999984741211 AB 13.616419023993096 1.462453711584537
60463.2523 lsst_hardware_u -6.163368927066111 2.630000114440918 28.239999771118164 AB 11.562242060591803 1.3165841562960376
60465.2343 lsst_hardware_g -26.57757926992268 15.239999771118164 31.34000015258789 AB 11.299082493616845 1.401132466579967
60465.2551 lsst_hardware_r -7.774206889439008 25.030000686645508 31.469999313354492 AB 7.8456674925136 1.2691832018086169
60467.2444 lsst_hardware_i 37.11746317146944 33.400001525878906 31.200000762939453 AB 5.178635836777181 1.2985546230634857
60467.2634 lsst_hardware_z 51.44803813713398 43.86000061035156 30.920000076293945 AB 4.585329507927639 1.2023414495047342
60484.2472 lsst_hardware_z 127.40894115367746 85.64205783290421 30.989999771118164 AB 4.490442424646422 1.097281687215058
60484.267 lsst_hardware_r 63.58005045145224 119.98647366387563 31.65999984741211 AB 3.951075107384638 1.052497364780167
60486.2492 lsst_hardware_i 430.85093233692993 95.1237442525769 31.329999923706055 AB 6.359290727207402 1.0784551826807354
60486.2671 lsst_hardware_r 41.169499080957245 110.08776893892106 31.65999984741211 AB 6.006576388339717 1.0427631419365269
60491.1316 lsst_hardware_i 614.3699122378802 42.75178684032782 31.149999618530273 AB 14.472725374637719 1.7102186557917018
60491.1479 lsst_hardware_z 424.30455321351405 51.35151333051025 30.899999618530273 AB 12.882180098956281 1.5310108070464037
60494.1462 lsst_hardware_i 677.2807713780002 43.514876321863106 31.200000762939453 AB 12.81134700316713 1.472357075496869
60494.1654 lsst_hardware_z 540.8929070314758 49.85826940350327 30.920000076293945 AB 11.604629596293675 1.3306789790303306
60496.147 lsst_hardware_r 558.7772237509982 34.892466053184954 31.440000534057617 AB 6.831993108173536 1.4213577894951877
60496.1652 lsst_hardware_u -1.7941804857915902 2.8227096094641926 28.229999542236328 AB 6.315640945073057 1.2987129231078194
60500.1516 lsst_hardware_i 984.7612220496239 45.12603386971134 31.219999313354492 AB 11.850896735889616 1.314672566197125
60500.1704 lsst_hardware_z 639.3464274992365 50.10664868388144 30.940000534057617 AB 11.039734534374727 1.2153167202951762
60502.1446 lsst_hardware_r 663.1411460921082 35.5374575390032 31.450000762939453 AB 7.08461462949855 1.324144532334163
60502.1649 lsst_hardware_g 104.53369193909117 18.387077669893866 31.389999389648438 AB 6.494403546072053 1.2154975755328565
60505.1498 lsst_hardware_r 710.6874274417522 41.6242159157805 31.530000686645508 AB 8.635676686358277 1.2487722963016887
60505.1686 lsst_hardware_i 995.111454576442 47.59036853386844 31.25 AB 7.461495323668527 1.1658586443232073
60512.1636 lsst_hardware_z 1010.0335572965165 159.6043159793609 31.75 AB 5.709881024328339 1.1177581124296911
60515.1521 lsst_hardware_z 560.2046556415 72.2714417912536 30.979999542236328 AB 6.287364461860742 1.1280818986024477
60515.1709 lsst_hardware_r 640.2007307810036 91.56608045255194 31.649999618530273 AB 6.282178513204261 1.0764066846355556
60517.1512 lsst_hardware_i 752.4614479107826 49.96478448171305 31.280000686645508 AB 3.565258948810075 1.1139983696321025
60517.1694 lsst_hardware_z 596.8012806766756 53.058101583892864 30.959999084472656 AB 3.4588341278256736 1.0675413974770598
60524.1755 lsst_hardware_g 29.758247455597818 16.508447237108488 31.469999313354492 AB 2.337730128182117 1.0254326694515263
60524.1878 lsst_hardware_r 225.22361060625437 29.395763663829037 31.520000457763672 AB 2.250276177544935 1.013067496924984
60526.0682 lsst_hardware_r 257.6883624887686 29.543315645198955 31.450000762939453 AB 3.075333159392928 1.3978787088149671
60526.0862 lsst_hardware_i 514.3500874659969 40.36878089982781 31.219999313354492 AB 3.0281594892372503 1.2821224285811519
60534.0698 lsst_hardware_r 93.13521902714523 33.162298552887485 31.530000686645508 AB 3.210733322266948 1.2529691013726194
60534.0889 lsst_hardware_z 347.0928342657768 47.74512337028773 30.950000762939453 AB 2.9897011626039816 1.1678520166421802
60536.0712 lsst_hardware_y 110.23587335137263 51.85574392773201 30.0 AB 4.512150993364774 1.2195002684769658
60536.0904 lsst_hardware_r 168.23629464941433 45.831166955896364 31.600000381469727 AB 4.131331492223819 1.1425669026661864
60538.0714 lsst_hardware_i 189.13247094435306 61.19972899885948 31.299999237060547 AB 4.691618410941726 1.1944038724393395
60538.0894 lsst_hardware_z 243.95384078350813 60.6126059274827 30.969999313354492 AB 4.530254658450767 1.1277706393952618
60540.0726 lsst_hardware_r -21.753226068605112 145.70923661521684 31.6299991607666 AB 2.8690284306923766 1.1675373429296159
60540.0902 lsst_hardware_z 364.0032909968331 101.38650669890099 30.989999771118164 AB 2.428955467935572 1.1087323829445106
60542.0739 lsst_hardware_r 103.2138591492431 143.529523062166 31.639999389648438 AB 3.4700637343325202 1.1429722445100527
60542.0915 lsst_hardware_i -165.26859002822533 111.64154729699597 31.329999923706055 AB 2.667142725536795 1.090298508139722
60544.0772 lsst_hardware_z 183.74835561000606 58.30122204670154 30.969999313354492 AB 2.444278113126692 1.114836083523989
60544.0942 lsst_hardware_i 199.93392928910953 60.87414653673041 31.31999969482422 AB 2.5447080480804494 1.070779738304418
60548.0735 lsst_hardware_z 180.95168653390945 44.43550364781895 30.950000762939453 AB 1.7785883944297296 1.0945159350338192
60548.0917 lsst_hardware_u -2.6797261385819597 2.9627185140521166 28.579999923706055 AB 1.552405261956195 1.0535495500211707
60550.0776 lsst_hardware_g -3.1010948278941854 15.885190292211414 31.469999313354492 AB 5.999072423219159 1.071262932717707
60550.0964 lsst_hardware_r 69.94353945788144 25.127065989941702 31.510000228881836 AB 5.153065075472441 1.0364169500145914
60556.0827 lsst_hardware_i 167.87955281991725 32.94364859856176 31.260000228881836 AB 1.6193457700090481 1.0325265271046002
60556.0996 lsst_hardware_u 3.066942928154293 2.8882094793146376 28.530000686645508 AB 0.9516503428348321 1.0137420429665323
60566.9799 lsst_hardware_z 91.58126835599548 85.77442040898895 30.969999313354492 AB 2.9036224260655197 1.2519211379984838
60566.9975 lsst_hardware_r 59.945826855338 90.42266443474794 31.6299991607666 AB 2.808633306661279 1.1728702561224718
60569.9833 lsst_hardware_y 45.32320122356742 77.13632928420013 30.010000228881836 AB 1.8865623176218687 1.197500545435334
60570.0158 lsst_hardware_z 52.2643825675853 82.76519980193268 30.989999771118164 AB 0.8856655831296345 1.0883755245836835
60571.9832 lsst_hardware_y 100.88503393226135 66.02146482033851 30.020000457763672 AB 7.253097518933948 1.1754155443388674
60571.9996 lsst_hardware_i 56.60889800632392 56.631427449311104 31.299999237060547 AB 6.904539310754215 1.118294934931135
60574.9845 lsst_hardware_y 42.900379676751726 62.94876638457555 30.030000686645508 AB 1.3078375134420128 1.1405559710252169
60575.0011 lsst_hardware_r 38.16762582508896 24.786377453190326 31.5 AB 1.636585494236542 1.0910569961576948
60580.9908 lsst_hardware_z 115.48649832246554 47.16308141491592 30.959999084472656 AB 4.079531562295291 1.0761569300404665
60581.0109 lsst_hardware_i 87.78089594294043 32.17028746231702 31.25 AB 3.5513034265724075 1.0377101107670121
60582.992 lsst_hardware_y -15.135897274877193 53.31962749211946 30.049999237060547 AB 3.378163199397051 1.061647768510618
60583.012 lsst_hardware_r 12.029440404362179 24.506779362397413 31.520000457763672 AB 6.250214470726298 1.0284468742967625
60790.3435 lsst_hardware_r 43.32540620857011 27.06999969482422 31.450000762939453 AB 21.940052057540523 1.406413593432085
60790.3615 lsst_hardware_i 49.12682411718621 34.720001220703125 31.219999313354492 AB 20.101864668042314 1.288581068464251
60795.346 lsst_hardware_i -84.09501118058544 34.150001525878906 31.229999542236328 AB 13.616676487399745 1.299239204942488
60795.3635 lsst_hardware_z 4.38298395115399 44.29999923706055 30.940000534057617 AB 12.678878696420334 1.209489676431658
60800.3478 lsst_hardware_g 0.06548417958954429 16.440000534057617 31.440000534057617 AB 8.133214421209777 1.2188090594617347
60800.3666 lsst_hardware_r 4.4223483837158915 25.84000015258789 31.510000228881836 AB 7.651638688242479 1.143429357412141
60802.3347 lsst_hardware_i -6.433837951418337 34.04999923706055 31.239999771118164 AB 7.455037679448113 1.2562200150726595
60802.355 lsst_hardware_z -9.052861529918154 44.0099983215332 30.940000534057617 AB 6.880980078069362 1.1656750936929292
60804.3503 lsst_hardware_r 26.70893048244085 42.22999954223633 31.59000015258789 AB 8.978298527210079 1.1628037593925957
60804.3713 lsst_hardware_g -11.942611491050956 16.34000015258789 31.479999542236328 AB 8.5146051743036 1.0958307817636552
60810.36 lsst_hardware_z -62.71110035189124 88.88999938964844 31.739999771118164 AB 8.335904744546097 1.0828662957321507
60812.3516 lsst_hardware_r -92.05160975741651 82.44000244140625 31.639999389648438 AB 8.067687016547719 1.0902279752091513
60812.3736 lsst_hardware_i 95.3262731336058 65.80999755859375 31.329999923706055 AB 7.724783823425002 1.0438897058682435
60814.3598 lsst_hardware_z -19.36109657518221 82.41999816894531 31.729999542236328 AB 8.750013252825715 1.0591526694027253
60819.4283 lsst_hardware_i -21.119193819776118 34.310001373291016 31.280000686645508 AB 6.17428492721182 1.011417911767686
60824.2388 lsst_hardware_r 0.8364344174222909 25.8700008392334 31.43000030517578 AB 13.479738279283703 1.5046589833997634
60824.2595 lsst_hardware_z 42.21765687029071 46.09000015258789 30.920000076293945 AB 11.222686658908161 1.3445710853324473
60826.2356 lsst_hardware_r -44.08448798071699 25.649999618530273 31.43000030517578 AB 10.617773460223688 1.4844842307198445
60826.2548 lsst_hardware_u 0.7832398621240465 2.680000066757202 28.270000457763672 AB 9.339894737459485 1.3396291935541431
60830.2685 lsst_hardware_z 95.37210594710886 61.88999938964844 31.68000030517578 AB 13.80426995315155 1.2070362395096008
60830.2902 lsst_hardware_r -33.298257589717736 34.459999084472656 32.25 AB 12.859201001733778 1.125260965783606
60833.2258 lsst_hardware_r -26.339970394710477 57.2599983215332 31.540000915527344 AB 5.624871024371945 1.408741751731505
60833.2462 lsst_hardware_z 9.703879767058712 52.15999984741211 30.940000534057617 AB 5.057133158831635 1.2768926041741282
60842.2263 lsst_hardware_i 68.58470546623404 109.58999633789062 32.04999923706055 AB 9.338912863356043 1.2520887821804123
60842.2501 lsst_hardware_z -69.95791973591102 69.51000213623047 30.979999542236328 AB 7.589120566922813 1.1498667525640627
60844.2568 lsst_hardware_z 65.89028280385806 47.66999816894531 30.950000762939453 AB 5.629175067084573 1.1106195259119214
60844.2789 lsst_hardware_r -14.77167171052879 41.86000061035156 31.610000610351562 AB 5.333108874770545 1.0571776545732547
60849.2015 lsst_hardware_u -1.760005412997942 2.619999885559082 28.260000228881836 AB 3.9541815836526917 1.2825412602057544
60849.2168 lsst_hardware_g 13.205575037020049 15.029999732971191 31.399999618530273 AB 3.771120896573251 1.206276176432967
60860.1349 lsst_hardware_g 123.70745986761357 54.7599983215332 32.2400016784668 AB 13.630986186174376 1.558197992227602
60860.1568 lsst_hardware_r -25.011480858599743 56.22999954223633 32.279998779296875 AB 11.98713523683542 1.3744744430942144
60861.1463 lsst_hardware_i -30.900850439809556 44.369998931884766 31.239999771118164 AB 5.256822425570311 1.4323766827167062
60861.1655 lsst_hardware_r -102.85353912462666 45.13999938964844 31.56999969482422 AB 4.7902983278073785 1.3010927759373059
60863.1591 lsst_hardware_z -48.52511908120794 55.5099983215332 30.940000534057617 AB 2.351969963662049 1.3066499798122493
60863.1781 lsst_hardware_r -42.65978967030055 63.04999923706055 31.610000610351562 AB 2.6629107390055617 1.2083999723213865
60865.1534 lsst_hardware_r 55.05702003944395 95.31999969482422 31.59000015258789 AB 4.126775342199079 1.308080302878931
60865.1728 lsst_hardware_i -40.0913853918412 77.91000366210938 31.309999465942383 AB 3.074969984837182 1.207686058062551
60867.1441 lsst_hardware_z -120.22546842238015 108.05000305175781 30.959999084472656 AB 9.967974118952878 1.3317266691987628
60867.1626 lsst_hardware_r 327.84012837436404 156.9600067138672 31.610000610351562 AB 9.177340795782657 1.2295472663160043
60870.1598 lsst_hardware_z -45.58001520510215 103.45999908447266 31.729999542236328 AB 9.060338729430287 1.2048055755985398
60872.154 lsst_hardware_r -43.08549157758922 41.09000015258789 31.56999969482422 AB 3.442492130164518 1.2063047324273388
60872.1712 lsst_hardware_z -1.4730142870627707 50.099998474121094 30.959999084472656 AB 3.4647651229239615 1.1394442564906557
60875.1755 lsst_hardware_r -12.695978281731216 24.5 31.510000228881836 AB 3.5162704472618964 1.1011572683823365
60875.195 lsst_hardware_i 30.66262724373108 31.59000015258789 31.260000228881836 AB 3.3770038828736557 1.0557536107358239
60879.1542 lsst_hardware_r 17.698252551277456 24.700000762939453 31.5 AB 6.567988628658343 1.1324118325273005
60879.1726 lsst_hardware_u -0.6502082792018254 2.8399999141693115 28.479999542236328 AB 5.733875495150657 1.0805041762218575
60881.1572 lsst_hardware_g -19.012554402693787 15.520000457763672 31.450000762939453 AB 6.104761283976663 1.106536393687994
60881.1761 lsst_hardware_i -38.16184434957124 31.760000228881836 31.25 AB 6.251642384460785 1.060724052506546
60883.1593 lsst_hardware_z 31.158752403972844 42.38999938964844 30.950000762939453 AB 3.4495473134041896 1.0863290319078933
60883.1798 lsst_hardware_r 10.131478584808967 24.40999984741211 31.520000457763672 AB 3.220205092035167 1.0438266100600218
60886.1587 lsst_hardware_r 32.95116336985938 24.75 31.520000457763672 AB 5.9208091695401235 1.0685934520669806
60886.1776 lsst_hardware_i 9.405053162539888 31.729999542236328 31.260000228881836 AB 5.009998206657524 1.034482388324907
60888.0447 lsst_hardware_r -69.46224685653074 33.119998931884766 31.43000030517578 AB 6.505572929593176 1.7132703146011963
60888.063 lsst_hardware_g -35.03834845648108 26.389999389648438 31.459999084472656 AB 5.744814961363357 1.5144836120380563
60890.0448 lsst_hardware_r -36.39896170280911 45.9900016784668 31.479999542236328 AB 2.5993751634562963 1.6460423198666758
60890.0644 lsst_hardware_i 74.30273291211294 44.0099983215332 31.229999542236328 AB 2.318839451170474 1.454425748172992
60894.0679 lsst_hardware_z -103.22150798665099 86.62999725341797 30.959999084472656 AB 3.1693079335989163 1.3477813878796157
60894.0856 lsst_hardware_r 48.80955778190455 123.54000091552734 31.610000610351562 AB 3.40527686132367 1.2456431134242962
60896.066 lsst_hardware_i -159.20567134899102 150.3800048828125 31.290000915527344 AB 5.182761596858939 1.3249497052046713
60896.084 lsst_hardware_r -114.64348613683154 178.55999755859375 31.6200008392334 AB 4.6949580383253515 1.226798546727426
60897.0772 lsst_hardware_z 35.87317649756155 150.0500030517578 31.729999542236328 AB 4.008125745439235 1.246695410712289
60901.0535 lsst_hardware_i -7.1941508658264715 33.84000015258789 31.219999313354492 AB 4.392980777389372 1.3178283417997216
60901.0714 lsst_hardware_z -25.642098104080635 44.310001373291016 30.93000030517578 AB 4.134752749651834 1.2218536494243009
60904.0722 lsst_hardware_r 11.731235902236124 24.829999923706055 31.5 AB 4.6169673968256015 1.1826753353948516
60904.0904 lsst_hardware_z 62.76413081378648 42.81999969482422 30.950000762939453 AB 4.526442283019782 1.1183303972871603
60908.0754 lsst_hardware_g -41.156618410466955 15.369999885559082 31.440000534057617 AB 3.5077700026343903 1.1311738157477225
60908.0943 lsst_hardware_r 34.98287585807122 24.309999465942383 31.510000228881836 AB 2.6450793272104143 1.0784137507737903
60912.0737 lsst_hardware_r 5.820084908885746 24.389999389648438 31.5 AB 4.612880715430414 1.1033180240610108
60912.0913 lsst_hardware_u -1.5470671000691931 2.740000009536743 28.40999984741211 AB 4.07654390402199 1.061047346179763
60919.0577 lsst_hardware_z -20.820803070155794 46.58000183105469 30.950000762939453 AB 1.4059622952765414 1.0948440975547369
60919.0772 lsst_hardware_g 6.4004633716709405 37.93000030517578 31.68000030517578 AB 1.3615216166305366 1.051368043729976
60920.0831 lsst_hardware_r 24.742034475112703 53.45000076293945 31.6299991607666 AB 1.651864028825854 1.0369516816232605
60920.1001 lsst_hardware_z 32.84390002327741 49.93000030517578 30.969999313354492 AB 2.9656228606446686 1.016320377191456
60937.9835 lsst_hardware_y -98.13379117098366 63.11000061035156 30.020000457763672 AB 7.204827971655109 1.166395980517259
60938.0 lsst_hardware_i -77.52922794198466 32.02000045776367 31.25 AB 6.9996813356628635 1.1110605294702958
60939.9848 lsst_hardware_y -72.46245058024282 62.90999984741211 30.020000457763672 AB 2.3308995534877734 1.1419447473611175
60940.002 lsst_hardware_i -10.656851316350137 31.760000228881836 31.239999771118164 AB 2.7838320231245635 1.0905583793906621
60940.9847 lsst_hardware_y -29.25062062142312 64.80000305175781 30.030000686645508 AB 1.2551157448313885 1.1331168325293015
60941.0001 lsst_hardware_g 9.31302963802856 15.640000343322754 31.459999084472656 AB 1.6326523754254132 1.0884349169502754
60942.9875 lsst_hardware_y 47.74658144293317 57.33000183105469 30.030000686645508 AB 4.984743466857132 1.1077207704126961
60943.0047 lsst_hardware_i -44.57289454437196 31.760000228881836 31.25 AB 4.678949155445826 1.0650919998738506
60944.9893 lsst_hardware_z 25.850554520018825 48.689998626708984 30.959999084472656 AB 2.3521633397195822 1.0881249065780643
60945.0098 lsst_hardware_u 0.6753504296708007 3.1500000953674316 28.520000457763672 AB 3.2606600156061205 1.0450275142159804
60946.9926 lsst_hardware_y 41.526266207124564 52.91999816894531 30.049999237060547 AB 4.017749928682532 1.0676040554515143
60947.0119 lsst_hardware_r 29.98795962518696 32.0099983215332 31.579999923706055 AB 3.517879052203207 1.0332521202868554
60949.9945 lsst_hardware_y -19.91265881347314 58.150001525878906 30.059999465942383 AB 7.321838870567735 1.0478731328930067
60950.0147 lsst_hardware_z -58.82393187881396 61.81999969482422 30.989999771118164 AB 5.096174503464446 1.019744773079429
