data/validation/pwv_sim_epoch_fit_epoch/39161050.ecsv
# %ECSV 0.9
# ---
# datatype:
# - {name: time, datatype: float64}
# - {name: band, datatype: string}
# - {name: flux, datatype: float64}
# - {name: fluxerr, datatype: float64}
# - {name: zp, datatype: float64}
# - {name: zpsys, datatype: string}
# - {name: pwv, datatype: float64}
# - {name: airmass, datatype: float64}
# meta: {SNID: '39161050', alt: 1024.0, c: -0.16079355776309967, dec: -57.399525, lat: -30.244573, lon: -70.7499537, ra: 26.335226, t0: 61676.66015625,
#   x0: 3.0674119060915476e-06, x1: -2.970355272293091, z: 0.7480694055557251}
# schema: astropy-2.0
time band flux fluxerr zp zpsys pwv airmass
61607.3114 lsst_hardware_z 49.26011780254813 173.1699981689453 33.20000076293945 AB 6.506904775490108 1.3405242635949954
61619.429 lsst_hardware_r -9.388412174981628 23.559999465942383 31.489999771118164 AB 1.3940588479639795 1.1280314346303273
61624.4209 lsst_hardware_z 22.151757367689825 43.15999984741211 30.940000534057617 AB 3.73313948390744 1.1312543890628606
61624.4326 lsst_hardware_r 14.311864383553164 28.520000457763672 31.530000686645508 AB 3.76364170443893 1.1404974861936152
61626.4242 lsst_hardware_u -0.6753031083444037 3.9000000953674316 28.65999984741211 AB 3.780535315229041 1.137858635132788
61626.4355 lsst_hardware_g -21.146080787580225 30.950000762939453 31.6200008392334 AB 3.8874101921801056 1.14918636972289
61627.4151 lsst_hardware_r 7.2580611668712285 22.219999313354492 31.479999542236328 AB 5.890928872052134 1.1328709369331027
61627.4259 lsst_hardware_i -73.55884334717665 33.79999923706055 31.260000228881836 AB 5.660292840787923 1.141917119287433
61629.426 lsst_hardware_z -85.11354712925022 46.189998626708984 30.950000762939453 AB 3.7256498244739857 1.1477074984260367
61631.4188 lsst_hardware_z -101.3641266975853 43.939998626708984 30.950000762939453 AB 4.770011015239033 1.145810957299792
61631.43 lsst_hardware_r -40.030308561518794 30.579999923706055 31.540000915527344 AB 4.756185728475416 1.1593854867495124
61651.3837 lsst_hardware_r -96.89304976752891 24.318464480829515 31.450000762939453 AB 1.3596339515950482 1.1715932370487276
61651.3958 lsst_hardware_z -85.69933605078545 43.38752234812 30.93000030517578 AB 1.4196671433396404 1.1928305363447476
61653.3775 lsst_hardware_r -109.50983617931725 24.107508186030838 31.459999084472656 AB 1.395152521887523 1.1704299680264454
61653.3892 lsst_hardware_u 27.696855623662334 5.9316393662068085 28.270000457763672 AB 1.1890626872404177 1.1906502208682421
61655.3708 lsst_hardware_g 274.62552397600007 21.41103319240344 31.350000381469727 AB 2.7814520972717407 1.168513694414679
61655.3824 lsst_hardware_r -54.65189587150379 23.489673533900277 31.459999084472656 AB 2.455580213420857 1.188136065523579
61672.3384 lsst_hardware_i 1004.3782516003437 46.358843419858694 31.229999542236328 AB 4.925293117236266 1.1927093152287216
61672.3505 lsst_hardware_z 549.4697147168588 50.15997019067415 30.93000030517578 AB 4.922422704888356 1.2182706855310867
61678.1324 lsst_hardware_z 1830.0865243356527 87.07169149681837 32.119998931884766 AB 5.3543710291176 1.2884505564572712
61678.1508 lsst_hardware_r 1581.8892381262333 50.83026070812733 32.20000076293945 AB 5.172339324933834 1.2357265250299831
61682.3296 lsst_hardware_z 636.8423286887139 49.550201860502845 30.93000030517578 AB 3.2818934424833546 1.2336785800144177
61682.3416 lsst_hardware_u 4.083231861088888 2.593798907135973 28.229999542236328 AB 3.0184695813346876 1.266313626626215
61684.3092 lsst_hardware_r 607.1797210327195 32.427778917634136 31.450000762939453 AB 6.868520276125636 1.199776460937817
61684.3208 lsst_hardware_g 42.900679240320336 14.038562073496237 31.329999923706055 AB 6.991249402661381 1.2254779186365061
61686.3068 lsst_hardware_r 490.65586414343204 31.064081554886652 31.450000762939453 AB 4.328870204378923 1.2061494021670174
61686.3179 lsst_hardware_i 787.6980172588967 42.030422498661316 31.219999313354492 AB 4.436708010587498 1.231734594831882
61688.2669 lsst_hardware_i 725.872602164967 49.497174847329156 31.270000457763672 AB 3.6856825912224096 1.1499789676201337
61688.2781 lsst_hardware_z 508.6447759580652 51.727661964889144 30.950000762939453 AB 3.754903228859105 1.1646421139421865
61689.3087 lsst_hardware_z 1069.9466014204138 76.06359869089734 31.690000534057617 AB 5.55587913845043 1.229244789745103
61692.2962 lsst_hardware_r 376.05838244320887 84.64120656516097 31.600000381469727 AB 6.143078955541876 1.2189858032626006
61692.3073 lsst_hardware_i 527.7555083637227 70.60249505927699 31.290000915527344 AB 6.285323218630639 1.246675679728391
61694.3026 lsst_hardware_z 685.4308857093545 91.73897856198279 31.709999084472656 AB 8.788549598343593 1.2487282748427584
61696.2976 lsst_hardware_z 290.1443856725855 56.97268088652288 30.940000534057617 AB 7.656556612968514 1.24998203302716
61696.3082 lsst_hardware_r 134.3532916987521 64.11590501588918 31.579999923706055 AB 7.866505191193859 1.2809116138504117
61698.2975 lsst_hardware_i 274.09459010354203 46.25609860560831 31.260000228881836 AB 1.6395814738076353 1.2651091618892134
61698.3087 lsst_hardware_z 378.9944775738246 52.50428185381773 30.93000030517578 AB 1.5361608239485205 1.300178437535777
61700.2984 lsst_hardware_i 213.9977436980637 39.37961372704593 31.229999542236328 AB 3.2826883267266984 1.2844324862469991
61700.309 lsst_hardware_z 358.03447143491593 49.44263537438389 30.920000076293945 AB 3.3370442824459468 1.3201638937572902
61705.2715 lsst_hardware_r 41.7722758327333 23.65184448356198 31.450000762939453 AB 4.088626099443697 1.2458676314294805
61705.283 lsst_hardware_i 105.21537139883091 33.732765265827155 31.209999084472656 AB 4.212402444113055 1.2789724800586153
61707.281 lsst_hardware_z 138.56205395903808 45.89523314173921 30.920000076293945 AB 3.3851400479690237 1.2899047559898225
61707.2911 lsst_hardware_u 0.7078454025243591 2.759794630953581 28.170000076293945 AB 3.4475911557072796 1.3245531750173094
61709.274 lsst_hardware_g 127.44481401894402 17.884247777488987 31.290000915527344 AB 4.882955345488065 1.2849882488126487
61709.2837 lsst_hardware_r 53.02773574975972 23.39699015326692 31.43000030517578 AB 5.006781396464915 1.3175740517012935
61720.1792 lsst_hardware_z 234.5949721399638 77.21635691755796 31.709999084472656 AB 0.8892358553809468 1.1496261866588107
61726.1782 lsst_hardware_g 301.98527934062304 60.85318289131001 31.65999984741211 AB 2.8938631044664644 1.1704987614119575
61726.1899 lsst_hardware_r -117.82915344061838 55.194902846044975 31.600000381469727 AB 2.862793176459021 1.190721920123398
61729.0783 lsst_hardware_i 6.688051574993612 31.20094372572342 31.229999542236328 AB 7.54836589055076 1.1320426255903158
61729.0915 lsst_hardware_z 58.099904164120964 42.34526049562751 30.940000534057617 AB 6.486027344605013 1.1252324437655077
61731.1776 lsst_hardware_g 188.29160227479252 19.198752878714174 31.31999969482422 AB 4.3985721868111005 1.1933185531231258
61731.1902 lsst_hardware_i 59.84276204252365 31.938096173742935 31.209999084472656 AB 4.568842403153036 1.2201475238758277
61734.0835 lsst_hardware_g 127.66121514175376 18.762672314445737 31.3700008392334 AB 5.769036362743078 1.1235828927340692
61734.0972 lsst_hardware_r 37.94693697175815 22.87689754392177 31.469999313354492 AB 5.738588944700556 1.1226819807690316
61738.1656 lsst_hardware_g 140.21323755858577 17.78522217632691 31.31999969482422 AB 6.101949575182826 1.2078683465110673
61738.1782 lsst_hardware_r 70.63513741480628 23.21119720475869 31.450000762939453 AB 5.392368672856737 1.2375387101108228
61740.1624 lsst_hardware_i 96.20307715070558 32.04862606692476 31.219999313354492 AB 9.889726425309174 1.2128185126897368
61740.1739 lsst_hardware_z 85.80440644466735 43.896692033036665 30.93000030517578 AB 9.653872639522582 1.2405387611824976
61742.1602 lsst_hardware_r 23.440452411097755 23.296166210473775 31.450000762939453 AB 7.894757845012948 1.2202419426820574
61742.1723 lsst_hardware_u 3.0543398513522972 3.4378730056717117 28.25 AB 7.984903569085946 1.2508454103897462
61744.1159 lsst_hardware_i 98.40817820456736 33.92590571804165 31.25 AB 4.31550845572346 1.1522874253189528
61744.1279 lsst_hardware_z 65.87429339755971 43.91835965997476 30.940000534057617 AB 2.9461819678366594 1.1687333426128896
61748.0721 lsst_hardware_i 24.633458651206837 45.42528426425528 31.290000915527344 AB 6.049547723072719 1.1259511225745669
61748.0852 lsst_hardware_r 62.95386636130699 50.02415015816309 31.600000381469727 AB 6.973602197076007 1.133274103693184
61754.0773 lsst_hardware_z -53.18422358229804 52.17291828856983 30.959999084472656 AB 8.761062318236752 1.1402379726596095
61754.0905 lsst_hardware_r -69.4634912788782 61.51190945447906 31.610000610351562 AB 8.97542581264878 1.1546523645897966
61986.1583 lsst_hardware_y -30.33221084017461 116.16999816894531 31.149999618530273 AB 3.0165867363727976 2.2773853939272457
61986.2051 lsst_hardware_r 41.56005136417587 83.70999908447266 31.479999542236328 AB 2.153836705702674 1.7416469318350467
61986.2296 lsst_hardware_i -68.1613476195808 65.9000015258789 31.219999313354492 AB 2.3949812782091975 1.5615199857929947
61990.4288 lsst_hardware_r -11.892890364370095 78.80000305175781 31.6299991607666 AB 2.0939648288273163 1.138849616838642
61992.4217 lsst_hardware_z -27.14805124653472 53.380001068115234 30.959999084472656 AB 5.630619533246388 1.1374223015109055
61992.434 lsst_hardware_r -51.044941766683806 63.84000015258789 31.6200008392334 AB 5.706877579010563 1.1497688282483254
61994.4263 lsst_hardware_z -32.78248821386609 78.5199966430664 31.719999313354492 AB 3.746488932969263 1.147235561795222
61995.4086 lsst_hardware_r -30.547329069728363 37.06999969482422 31.579999923706055 AB 4.997515592861755 1.1335447899884898
61995.4198 lsst_hardware_z 32.328048011696744 46.7400016784668 30.950000762939453 AB 5.325688531484832 1.1432605076532225
61997.4196 lsst_hardware_r 3.9713013684227323 27.549999237060547 31.520000457763672 AB 6.002462764278101 1.1489066445168152
61997.4313 lsst_hardware_y 138.12421905006403 69.01000213623047 30.020000457763672 AB 6.106532817775814 1.1640359927136512
62001.39 lsst_hardware_g 9.904461045295081 13.0 31.3700008392334 AB 2.0421001872667746 1.1319845827421144
62001.4014 lsst_hardware_r 16.729908928366086 22.15999984741211 31.479999542236328 AB 2.1760369740252288 1.141278133230015
62006.1449 lsst_hardware_i -77.49793872837652 35.02000045776367 31.139999389648438 AB 4.894222741690662 1.7906238879321912
62006.1575 lsst_hardware_z 16.135104812112363 48.5 30.8799991607666 AB 4.555834956991902 1.6848502059881292
62009.1896 lsst_hardware_u -4.901603581341109 2.490000009536743 28.15999984741211 AB 3.224786724277223 1.4338758222664396
62011.3844 lsst_hardware_r -13.044286592033176 22.270000457763672 31.459999084472656 AB 8.618941485261075 1.1524703358790884
62011.3956 lsst_hardware_u -0.15527617630006435 2.509999990463257 28.270000457763672 AB 8.644251867162184 1.1677739272070318
62016.3782 lsst_hardware_r -99.18118039332428 68.12000274658203 31.6200008392334 AB 1.3614148287364394 1.1622778845217183
62016.3897 lsst_hardware_i -29.36777712982919 55.9900016784668 31.299999237060547 AB 1.4105349270312662 1.1803639556746996
62020.3752 lsst_hardware_z -57.40052807697803 81.61000061035156 31.709999084472656 AB 2.437053200997501 1.1743419833742927
62027.1465 lsst_hardware_z 76.9828134091553 45.54999923706055 30.920000076293945 AB 2.3632676762790026 1.4052431552127262
62027.1654 lsst_hardware_r 30.116302565280954 22.940000534057617 31.450000762939453 AB 2.235707808649456 1.3274860813356493
62030.3544 lsst_hardware_z 15.650214703464064 43.209999084472656 30.93000030517578 AB 1.505655043093395 1.1855551520414638
62030.366 lsst_hardware_r -8.390357298481618 22.579999923706055 31.450000762939453 AB 1.4902445704675327 1.2086330660726137
62033.3396 lsst_hardware_g -4.074622692320618 12.960000038146973 31.34000015258789 AB 6.074571311634113 1.1741705444350714
62033.3524 lsst_hardware_r -7.275778231095653 22.270000457763672 31.450000762939453 AB 6.18381130408048 1.197368826426659
62035.3032 lsst_hardware_r 18.75571064220479 22.09000015258789 31.469999313354492 AB 2.2726389991243163 1.1365089177155223
62035.3158 lsst_hardware_i 39.05359979787248 30.829999923706055 31.239999771118164 AB 2.3757319323932795 1.1488528385540744
62037.3051 lsst_hardware_z 15.164931026274294 42.0 30.93000030517578 AB 4.997849759069045 1.1432366966989809
62037.3169 lsst_hardware_u -3.500305272637923 2.5399999618530273 28.31999969482422 AB 5.165483127879001 1.156883119345801
62041.3284 lsst_hardware_i -5.50511786711398 31.100000381469727 31.219999313354492 AB 4.47998912271791 1.1931259592661665
62041.3395 lsst_hardware_z -10.908442064783463 43.22999954223633 30.920000076293945 AB 5.803847280144457 1.2164844435432476
62044.3196 lsst_hardware_z -47.90850846705635 52.369998931884766 30.950000762939453 AB 5.303795653593684 1.191953476723429
62044.3317 lsst_hardware_r -23.62435110509715 47.540000915527344 31.579999923706055 AB 5.354027653649787 1.2173778202933814
62048.3151 lsst_hardware_z 167.16496930515513 89.02999877929688 31.709999084472656 AB 8.336610768757682 1.2048866554064976
62050.3106 lsst_hardware_z 40.51441476000331 55.130001068115234 30.950000762939453 AB 5.56394969078008 1.2069305186073929
62050.3212 lsst_hardware_r -101.4188412495547 67.72000122070312 31.600000381469727 AB 5.716206965844036 1.2314103760973798
62052.2663 lsst_hardware_r 22.541615411230694 49.650001525878906 31.600000381469727 AB 2.967152470352751 1.1454712921191934
62052.2789 lsst_hardware_i 49.15783206984001 44.810001373291016 31.280000686645508 AB 2.9861611599194844 1.1608764389994575
62054.3064 lsst_hardware_i -28.19720051151319 37.810001373291016 31.260000228881836 AB 5.5321513542084375 1.2220347590475615
62054.3179 lsst_hardware_z -49.88024353748003 46.16999816894531 30.940000534057617 AB 5.651989678095389 1.2513168543068809
62055.2984 lsst_hardware_g 29.29036848029788 27.350000381469727 31.579999923706055 AB 6.386469756693849 1.2100743227121358
62055.309 lsst_hardware_r 11.763390115264155 31.43000030517578 31.530000686645508 AB 6.523232984692294 1.235051447852023
62057.294 lsst_hardware_i 32.69629765511338 31.729999542236328 31.229999542236328 AB 6.1038873050244264 1.2124118194506754
62057.3047 lsst_hardware_r -10.194327320384058 23.56999969482422 31.469999313354492 AB 6.198727942252309 1.2380123711308275
62059.3029 lsst_hardware_u -0.2917824150897176 2.5299999713897705 28.280000686645508 AB 8.773069859603972 1.247651556236603
62059.314 lsst_hardware_g -15.25498082334852 12.970000267028809 31.31999969482422 AB 9.001915774663184 1.2798022569006353
62064.3004 lsst_hardware_r -10.976963077382056 22.6200008392334 31.440000534057617 AB 2.965043743430558 1.2799670811268835
62064.3115 lsst_hardware_i 16.50150486723563 32.099998474121094 31.209999084472656 AB 3.05194787404536 1.3168665092425413
62065.2403 lsst_hardware_r -1.5987043395921419 22.049999237060547 31.469999313354492 AB 2.9240515885135014 1.156704106219522
62065.2519 lsst_hardware_i -2.092521079407078 30.850000381469727 31.229999542236328 AB 3.3636930572175587 1.173654241876329
62067.2413 lsst_hardware_z 13.198404865955709 42.900001525878906 30.93000030517578 AB 1.7182358279150518 1.165695948383462
62067.252 lsst_hardware_i 19.92997241354297 31.200000762939453 31.219999313354492 AB 3.493297339890048 1.1830991216606621
62070.2801 lsst_hardware_g 6.974080296608185 13.0600004196167 31.329999923706055 AB 4.161478458859466 1.268099073293895
62070.2902 lsst_hardware_r 17.276157497041723 22.770000457763672 31.450000762939453 AB 4.27767947387397 1.2999101949020648
62077.2222 lsst_hardware_i 15.566214002618715 66.27999877929688 31.309999465942383 AB 5.408742875997781 1.1787605701203914
62077.2337 lsst_hardware_z 79.19840969060023 61.33000183105469 30.969999313354492 AB 5.450252730940812 1.2002979091428596
62079.2308 lsst_hardware_r -92.22754736801559 72.7300033569336 31.610000610351562 AB 5.262286558687066 1.2056329821146272
62079.2427 lsst_hardware_z -83.11661130094201 56.90999984741211 30.959999084472656 AB 5.330510359675118 1.233129456867762
62081.2238 lsst_hardware_r 3.2509610342686996 53.06999969482422 31.600000381469727 AB 5.553510078304023 1.202405473073962
62081.2353 lsst_hardware_i -7.465235555661139 47.04999923706055 31.280000686645508 AB 5.716476429653597 1.2283371621216053
62083.2263 lsst_hardware_z 12.606718361104456 46.63999938964844 30.940000534057617 AB 9.510812388748718 1.2199083828400596
62083.2374 lsst_hardware_i 6.263671340616836 39.7400016784668 31.25 AB 9.753569353535738 1.247751481748226
62086.1731 lsst_hardware_z -4.782960864607863 42.04999923706055 30.940000534057617 AB 3.866183612884549 1.1451117698288187
62086.1843 lsst_hardware_r -1.1898373449021318 22.0 31.459999084472656 AB 3.9214032685585845 1.158493296799637
62090.1478 lsst_hardware_r -36.60295943039014 30.969999313354492 32.209999084472656 AB 6.721409955093312 1.1325832965121494
62090.1565 lsst_hardware_i -4.80139363491244 43.130001068115234 31.979999542236328 AB 6.707703005279484 1.1395545560041596
62095.0435 lsst_hardware_u 3.0228899787547214 2.640000104904175 28.309999465942383 AB 4.5248176660729955 1.1674940223805785
62095.0515 lsst_hardware_g -5.286146725382285 13.619999885559082 31.3700008392334 AB 4.470337661988346 1.1562713269789848
62096.0789 lsst_hardware_r -15.723075122021516 22.989999771118164 31.479999542236328 AB 4.891864731648018 1.1287182121939823
62096.0905 lsst_hardware_z -7.562149287609362 41.86000061035156 30.940000534057617 AB 4.2848617996704315 1.1239964498763255
62098.0822 lsst_hardware_r 14.075091285894736 27.93000030517578 31.530000686645508 AB 8.449193297789561 1.1248593189566294
62098.0942 lsst_hardware_y 116.31127696030623 48.029998779296875 30.020000457763672 AB 8.865562115515203 1.1225072316428468
62100.0822 lsst_hardware_g 9.985560498369756 36.75 31.649999618530273 AB 4.930104067773109 1.1233717304663013
62100.0949 lsst_hardware_r -30.96053534534027 38.689998626708984 31.59000015258789 AB 3.991347420206695 1.1226103138985195
62103.1614 lsst_hardware_z 5.050455320445012 52.099998474121094 30.950000762939453 AB 6.042675853213948 1.1976762394055622
62103.1734 lsst_hardware_r -1.905381345564974 57.720001220703125 31.59000015258789 AB 5.371914473537154 1.223949526893745
62105.1617 lsst_hardware_z 83.66884398052738 56.75 30.959999084472656 AB 9.794773977294446 1.2097291861623443
62105.1734 lsst_hardware_r 31.429633947074603 73.45999908447266 31.600000381469727 AB 9.610907313805006 1.2374426000327836
62107.1589 lsst_hardware_i -27.685632497228514 63.72999954223633 31.299999237060547 AB 7.855552372526607 1.2156457372846254
62107.17 lsst_hardware_z 97.53036550147411 60.060001373291016 30.959999084472656 AB 7.943083336084651 1.242797652422986
62114.0754 lsst_hardware_g -14.781207508592686 13.199999809265137 31.3799991607666 AB 8.440969601041886 1.1283964442269767
62114.0872 lsst_hardware_r 42.78901535197869 22.309999465942383 31.479999542236328 AB 10.45420310239309 1.1363264241731619
62116.0787 lsst_hardware_i 21.914216990663547 30.850000381469727 31.239999771118164 AB 15.399879559889762 1.1339630398711307
62116.0912 lsst_hardware_z -1.089325753763567 42.439998626708984 30.940000534057617 AB 14.251050752916566 1.1451532720509374
62118.0761 lsst_hardware_r 7.682161278393174 22.3799991607666 31.469999313354492 AB 8.975862355117714 1.1361851082427485
62118.0883 lsst_hardware_u 1.5616557734894496 2.559999942779541 28.309999465942383 AB 8.490575930330015 1.147930993205721
