data/validation/pwv_sim_epoch_fit_epoch/39172249.ecsv
# %ECSV 0.9
# ---
# datatype:
# - {name: time, datatype: float64}
# - {name: band, datatype: string}
# - {name: flux, datatype: float64}
# - {name: fluxerr, datatype: float64}
# - {name: zp, datatype: float64}
# - {name: zpsys, datatype: string}
# - {name: pwv, datatype: float64}
# - {name: airmass, datatype: float64}
# meta: {SNID: '39172249', alt: 1024.0, c: 0.0002514025545679033, dec: -1.492246, lat: -30.244573, lon: -70.7499537, ra: 164.355469, t0: 60750.421875,
#   x0: 5.065079755784956e-06, x1: 1.0715513229370117, z: 0.6100517511367798}
# schema: astropy-2.0
time band flux fluxerr zp zpsys pwv airmass
[from data line 132]
61090.2559 lsst_hardware_g -3.3717011501725236 15.640000343322754 31.440000534057617 AB 2.887660476213212 1.1450261280956462
61092.241 lsst_hardware_r 0.6513626233163496 24.93000030517578 31.510000228881836 AB 6.346553784899049 1.140133618054262
61092.2579 lsst_hardware_z 26.03626432250157 43.630001068115234 30.940000534057617 AB 5.9450365548817725 1.1517668495089
61094.239 lsst_hardware_r 23.046521435462896 24.8799991607666 31.5 AB 13.316467836761248 1.1414604485987614
61094.2565 lsst_hardware_u 0.4484055322489113 2.680000066757202 28.309999465942383 AB 12.334961292064413 1.1565291165031564
61096.2193 lsst_hardware_g -32.55559872543299 15.539999961853027 31.43000030517578 AB 9.77479684059766 1.1394197104004267
61096.2367 lsst_hardware_r 2.1414486633061496 24.84000015258789 31.489999771118164 AB 9.864364335294903 1.1431421730906697
61099.243 lsst_hardware_r 40.86222422883552 66.91000366210938 31.610000610351562 AB 6.122420900249124 1.1567196851608201
61099.262 lsst_hardware_z -71.78220046877674 56.529998779296875 30.959999084472656 AB 6.491017274918475 1.1899933894375108
61101.2369 lsst_hardware_z 135.49010248865582 91.47000122070312 30.979999542236328 AB 3.886948591691315 1.1559125470929763
61101.2547 lsst_hardware_i -145.20075686398226 107.2699966430664 31.309999465942383 AB 4.048837443361862 1.1859512136385069
61103.2023 lsst_hardware_r -287.7243130342327 171.44000244140625 31.6299991607666 AB 7.357768255730567 1.1391497531708572
61103.221 lsst_hardware_z -67.87216556693048 116.22000122070312 30.989999771118164 AB 6.388255353009386 1.145464470684846
61105.2067 lsst_hardware_r 103.33518098734692 97.86000061035156 31.6299991607666 AB 8.89610989798855 1.140526909998532
61105.2243 lsst_hardware_y 50.541291801122235 58.11000061035156 30.010000228881836 AB 9.074552376197957 1.153887048217447
61107.2009 lsst_hardware_g 9.860829229885939 58.29999923706055 31.670000076293945 AB 12.242554647705475 1.1404070373494306
61107.2207 lsst_hardware_r 21.918438089855304 58.25 31.610000610351562 AB 12.469346089843832 1.1561391479024417
61109.2008 lsst_hardware_i 0.6517969023678084 39.25 31.270000457763672 AB 12.457581863901535 1.1428974187065628
61109.2193 lsst_hardware_z -114.77106815008634 46.72999954223633 30.950000762939453 AB 11.714188625360405 1.1616321119925037
61111.2019 lsst_hardware_r 40.923518363376665 27.6299991607666 31.520000457763672 AB 9.16872613696136 1.1477166991105843
61111.2198 lsst_hardware_u -3.972088072802837 3.799999952316284 28.6299991607666 AB 8.666616486979693 1.171164390132391
61116.1966 lsst_hardware_u 2.575516742991017 2.7300000190734863 28.3700008392334 AB 9.932122889020961 1.1567362346000647
61116.2148 lsst_hardware_g 34.88043243154924 15.479999542236328 31.40999984741211 AB 9.789349259245043 1.1882441293008488
61118.1959 lsst_hardware_r -21.519995977075045 24.950000762939453 31.479999542236328 AB 7.3364854211722825 1.1633673611373292
61118.2153 lsst_hardware_i 14.535044730198935 33.150001525878906 31.229999542236328 AB 8.083846107099756 1.2023717855352332
61120.1619 lsst_hardware_i -12.617829456131748 32.25 31.239999771118164 AB 5.8378939083125525 1.1394718103407715
61120.1805 lsst_hardware_z 11.91928617048934 43.130001068115234 30.93000030517578 AB 6.099014408366351 1.150757435540821
61122.1606 lsst_hardware_r 49.12555931217051 24.6299991607666 31.5 AB 8.549093900598287 1.1406396131552083
61122.1796 lsst_hardware_u 4.422929537437499 2.7699999809265137 28.399999618530273 AB 7.930145177452916 1.1559557126129523
61124.1769 lsst_hardware_i 19.480028700066406 32.400001525878906 31.229999542236328 AB 8.084232960072093 1.1595839770603265
61124.1948 lsst_hardware_z 98.25407154719505 43.7400016784668 30.93000030517578 AB 8.222589602709776 1.1923997006950957
61126.1434 lsst_hardware_z -45.407288874384776 48.97999954223633 30.950000762939453 AB 7.8602879296323 1.139172163714826
61126.161 lsst_hardware_r -29.01840694606119 42.27000045776367 31.579999923706055 AB 7.919569018098608 1.1477636258113924
61128.1517 lsst_hardware_y -120.23249217480537 80.33999633789062 30.770000457763672 AB 7.555748326709857 1.1446947268018164
61130.142 lsst_hardware_r 237.60184874167174 147.17999267578125 31.639999389648438 AB 5.789237021959613 1.1420866091851847
61130.1588 lsst_hardware_i 1.6997342903983141 121.38999938964844 31.31999969482422 AB 5.821132908482373 1.1572828843901337
61135.1372 lsst_hardware_z -75.89373954961877 55.90999984741211 30.959999084472656 AB 8.04652419882265 1.148464370163564
61135.156 lsst_hardware_r -68.86472201751232 68.70999908447266 31.610000610351562 AB 8.248421638622672 1.1742639831000814
61139.1346 lsst_hardware_r -5.735963619732697 30.1200008392334 31.530000686645508 AB 7.9672040496608965 1.1577714233322527
61139.1524 lsst_hardware_u 0.5582356608038075 4.25 28.639999389648438 AB 8.162769270029422 1.1891280166114682
61148.1211 lsst_hardware_r -0.5214029555030341 24.610000610351562 31.489999771118164 AB 13.281669471165383 1.175368979749149
61148.1389 lsst_hardware_g -5.991339998101287 15.180000305175781 31.399999618530273 AB 14.371776911742664 1.217259478690796
61150.0889 lsst_hardware_u 1.8783107588041141 2.7799999713897705 28.40999984741211 AB 7.832824408609383 1.1429218495052602
61150.1054 lsst_hardware_r -17.561535579089032 24.610000610351562 31.489999771118164 AB 7.919455035896602 1.15888810827227
61152.0896 lsst_hardware_i 4.130026586396279 32.369998931884766 31.239999771118164 AB 10.439090605560363 1.147404990718879
61152.1067 lsst_hardware_z -43.37479790501342 43.790000915527344 30.940000534057617 AB 10.761137364792647 1.1691805046494057
61154.0843 lsst_hardware_r 35.91101584889724 37.41999816894531 31.56999969482422 AB 10.431761381577777 1.1475453915161737
61154.1012 lsst_hardware_z -44.07858707375554 47.25 30.950000762939453 AB 10.662909565239508 1.1691145842047594
61156.0794 lsst_hardware_y 11.456193934703634 54.41999816894531 30.020000457763672 AB 12.559606405843063 1.1480444612287992
61156.0971 lsst_hardware_r -20.33799862531292 72.63999938964844 31.6200008392334 AB 11.48030894463959 1.171460096391795
61158.0877 lsst_hardware_i 155.4367785631479 94.4800033569336 31.309999465942383 AB 2.6985578342127208 1.1649289161290055
61158.1052 lsst_hardware_z -116.95191153596173 84.58000183105469 30.969999313354492 AB 2.7809603706889456 1.2001555221271434
61160.0809 lsst_hardware_r 91.07975594759765 114.30000305175781 31.6299991607666 AB 12.264468681428651 1.1628854856402455
61160.0985 lsst_hardware_z 30.43291599472749 79.06999969482422 30.979999542236328 AB 12.539800752892283 1.197117016982557
61162.0344 lsst_hardware_r 55.57086186177038 95.7300033569336 31.639999389648438 AB 10.032242878663638 1.1407189446630879
61162.0519 lsst_hardware_i 81.91669772822445 75.37999725341797 31.31999969482422 AB 9.58304730398817 1.1408389647604964
61164.048 lsst_hardware_i -42.11667120291284 55.81999969482422 31.299999237060547 AB 12.468751195727334 1.141513429985108
61164.0658 lsst_hardware_z -26.467077736520235 55.27000045776367 30.959999084472656 AB 12.633303722625266 1.15707254366893
61167.0469 lsst_hardware_r -10.45974926554935 24.639999389648438 31.5 AB 7.141638398445071 1.1459625157966489
61167.0641 lsst_hardware_u -0.2200725398909493 2.75 28.3799991607666 AB 7.282294447122424 1.1664735619289481
61171.0465 lsst_hardware_i 66.73160256430295 32.529998779296875 31.239999771118164 AB 8.897497534559676 1.1568337441325762
61171.0648 lsst_hardware_z -10.82191317190602 43.810001373291016 30.940000534057617 AB 9.15545454685444 1.1886341508412126
61173.9977 lsst_hardware_r -37.40481552683747 24.649999618530273 31.5 AB 8.300045070610354 1.1425749190947447
61174.0182 lsst_hardware_g 4.196597081425153 15.449999809265137 31.43000030517578 AB 6.713299338381526 1.1404891565289514
61175.9971 lsst_hardware_r 43.025843787686384 24.959999084472656 31.5 AB 8.252959992561317 1.1403841360455047
61176.0175 lsst_hardware_i 44.03220133835525 32.56999969482422 31.229999542236328 AB 6.0551107329731755 1.1426893249619128
61180.9595 lsst_hardware_y 100.14861068996957 78.87000274658203 30.760000228881836 AB 8.228485037538817 1.1616684758878328
61180.9746 lsst_hardware_r -55.72246476058642 38.279998779296875 32.27000045776367 AB 8.171247958345743 1.1451675970820725
61182.9713 lsst_hardware_z -98.38590468455845 70.30999755859375 31.700000762939453 AB 2.21872518005712 1.1436727732253196
61187.9612 lsst_hardware_y -32.51531977084135 58.939998626708984 30.030000686645508 AB 7.3720882423556855 1.1416761380394918
61187.9806 lsst_hardware_i -92.35912263062315 67.45999908447266 31.309999465942383 AB 7.380761905598796 1.140722832286047
