data/validation/pwv_sim_epoch_fit_epoch/39260317.ecsv
# %ECSV 0.9
# ---
# datatype:
# - {name: time, datatype: float64}
# - {name: band, datatype: string}
# - {name: flux, datatype: float64}
# - {name: fluxerr, datatype: float64}
# - {name: zp, datatype: float64}
# - {name: zpsys, datatype: string}
# - {name: pwv, datatype: float64}
# - {name: airmass, datatype: float64}
# meta: {SNID: '39260317', alt: 1024.0, c: -0.06264468282461166, dec: -2.985506, lat: -30.244573, lon: -70.7499537, ra: 4.746094, t0: 62406.13671875,
#   x0: 2.2410531875442297e-05, x1: -0.9914377331733704, z: 0.32672131061553955}
# schema: astropy-2.0
time band flux fluxerr zp zpsys pwv airmass
[from data line 133]
62768.1489 lsst_hardware_i -4.918407597871325 32.970001220703125 31.229999542236328 AB 4.203191027289077 1.1916058478422662
62768.1669 lsst_hardware_u -4.828683128379469 2.7300000190734863 28.350000381469727 AB 4.306183941008262 1.1544729064365316
62770.2213 lsst_hardware_i 23.77029588209928 32.65999984741211 31.239999771118164 AB 3.4651531180891153 1.1398529993715747
62770.2349 lsst_hardware_r 21.281222660133007 25.18000030517578 31.489999771118164 AB 3.5252006779136997 1.1589700858895933
62773.1447 lsst_hardware_z -19.489043016595023 43.290000915527344 30.93000030517578 AB 4.676649378961652 1.1699910884280493
62773.1638 lsst_hardware_u -0.691830750977853 2.75 28.3799991607666 AB 4.5491700130989035 1.140238118413962
62779.1223 lsst_hardware_z -33.19565689540502 47.31999969482422 30.940000534057617 AB 4.1878998708037045 1.1831896795602026
62779.1413 lsst_hardware_r -0.25624606177086573 39.93000030517578 31.579999923706055 AB 4.75782812328543 1.1478475568843016
62782.1665 lsst_hardware_i -29.648587151268906 74.33999633789062 31.31999969482422 AB 5.593775376789871 1.1268306953412532
62782.1818 lsst_hardware_r -19.38423679455691 90.0999984741211 31.639999389648438 AB 4.582493764351527 1.1335791624867533
62784.1508 lsst_hardware_z -106.91188701102685 149.4199981689453 31.739999771118164 AB 3.5089991293284455 1.1280235085842467
62786.1333 lsst_hardware_r 26.90911284475466 132.94000244140625 31.639999389648438 AB 6.82301392284532 1.135308342912225
62786.1522 lsst_hardware_i 73.7567884775924 104.94999694824219 31.329999923706055 AB 6.76594997790252 1.1267193968197369
62788.1054 lsst_hardware_i -72.56503576253776 64.83999633789062 31.299999237060547 AB 8.419843837890308 1.1666950654105246
62788.1238 lsst_hardware_z 17.109701653488422 61.439998626708984 30.969999313354492 AB 8.212917693023122 1.139206264059077
62790.1086 lsst_hardware_i -52.397319227868806 32.599998474121094 31.25 AB 8.876275339874338 1.1517160165920353
62790.1259 lsst_hardware_u 1.6027898648603522 4.630000114440918 28.81999969482422 AB 8.82462016933076 1.1325110104483087
62792.1042 lsst_hardware_g -14.875142190159345 15.59000015258789 31.450000762939453 AB 9.754871625140257 1.1501351913152458
62792.1225 lsst_hardware_r 0.8520044067470072 24.760000228881836 31.5 AB 9.944150931251665 1.1311311440720024
62795.107 lsst_hardware_i -0.7849350015506268 32.380001068115234 31.25 AB 3.0828476719643008 1.1368829767538908
62795.1255 lsst_hardware_r -7.780890653446723 24.700000762939453 31.510000228881836 AB 2.9603760708690454 1.1269037194019966
62798.1209 lsst_hardware_r 23.324547677014774 24.540000915527344 31.489999771118164 AB 3.4927864756431504 1.1267053147235968
62798.1449 lsst_hardware_i -42.24020368144389 32.470001220703125 31.239999771118164 AB 3.2678267321094916 1.1399064208980523
62802.0779 lsst_hardware_i 0.005648992435384618 32.47999954223633 31.25 AB 3.0957107220184903 1.1486867243108634
62802.0953 lsst_hardware_u -0.9492062024868824 2.950000047683716 28.549999237060547 AB 4.180792025002523 1.1310646654348968
62804.0757 lsst_hardware_g 11.5796117903924 15.770000457763672 31.469999313354492 AB 5.897063980670862 1.1443203067278516
62804.092 lsst_hardware_r 25.38113659323519 24.8799991607666 31.520000457763672 AB 6.7789796243988665 1.129829937399811
62808.0828 lsst_hardware_i -92.75828228604625 42.130001068115234 31.280000686645508 AB 3.420379128332662 1.128993248246237
62808.1002 lsst_hardware_r 49.72103589423915 42.790000915527344 31.600000381469727 AB 4.586784169141564 1.1278053034525608
62814.0603 lsst_hardware_z -174.21807096087284 116.04000091552734 31.739999771118164 AB 7.326699177140469 1.1325568739620193
62818.0497 lsst_hardware_i -45.5178740041036 32.099998474121094 31.239999771118164 AB 4.971482422653676 1.132327166075396
62818.0671 lsst_hardware_z -32.353919089391205 44.56999969482422 30.950000762939453 AB 4.912845653081599 1.1267348553595777
62821.0245 lsst_hardware_y 61.765826417012626 50.119998931884766 30.020000457763672 AB 7.465458501933216 1.1508928831345253
62821.0523 lsst_hardware_g -7.031027528215836 21.639999389648438 32.189998626708984 AB 6.717577638122001 1.1272994861758687
62821.0793 lsst_hardware_r 8.43831634387931 24.3799991607666 31.489999771118164 AB 6.788691786822626 1.1370390732472364
62828.028 lsst_hardware_z -20.28004707884107 46.47999954223633 30.950000762939453 AB 8.65953092157171 1.1290744940388715
62828.0478 lsst_hardware_u -3.4794691012875 2.799999952316284 28.420000076293945 AB 7.7048195499026075 1.128594345895901
62830.0232 lsst_hardware_y -89.44533625352136 60.040000915527344 30.020000457763672 AB 7.079721416106305 1.1287821135373572
62830.0412 lsst_hardware_r -3.0345891119665542 24.809999465942383 31.489999771118164 AB 7.063587760002777 1.1281583985949548
62832.0255 lsst_hardware_y 130.62846630733762 58.970001220703125 30.030000686645508 AB 5.498419429303097 1.1267830174298061
62832.0446 lsst_hardware_z -33.38505753602883 43.380001068115234 30.940000534057617 AB 4.13527109254473 1.1330544595519398
