data/validation/pwv_sim_epoch_fit_epoch/3939528.ecsv
# %ECSV 0.9
# ---
# datatype:
# - {name: time, datatype: float64}
# - {name: band, datatype: string}
# - {name: flux, datatype: float64}
# - {name: fluxerr, datatype: float64}
# - {name: zp, datatype: float64}
# - {name: zpsys, datatype: string}
# - {name: pwv, datatype: float64}
# - {name: airmass, datatype: float64}
# meta: {SNID: '3939528', alt: 1024.0, c: -0.042905036360025406, dec: -12.024699, lat: -30.244573, lon: -70.7499537, ra: 137.285156, t0: 61520.765625,
#   x0: 8.546423703191206e-06, x1: 0.8063822388648987, z: 0.49119633436203003}
# schema: astropy-2.0
time band flux fluxerr zp zpsys pwv airmass
[from data line 134]
61797.222 lsst_hardware_r 11.85709786749148 23.030000686645508 31.489999771118164 AB 11.410145420950242 1.0529202172516372
61799.1836 lsst_hardware_g -3.6777039271290963 14.149999618530273 31.40999984741211 AB 10.390479456668688 1.081947150171155
61799.2027 lsst_hardware_i 46.81290353736832 30.75 31.25 AB 10.195378402972878 1.059975921710545
61801.1827 lsst_hardware_z -30.06953549182367 41.959999084472656 30.950000762939453 AB 11.019723213555315 1.0753572299151322
61801.1998 lsst_hardware_r -14.964129784007532 23.260000228881836 31.5 AB 10.927234695788272 1.0581228523083444
61805.1719 lsst_hardware_r 5.382875412062104 23.1299991607666 31.489999771118164 AB 9.732640116818407 1.075192235618472
61805.1891 lsst_hardware_i 36.47593371851579 30.760000228881836 31.25 AB 9.55931551823776 1.0579730527627427
61807.1714 lsst_hardware_z 97.66586605189396 46.72999954223633 30.959999084472656 AB 5.729954776686404 1.0690214135608962
61807.1892 lsst_hardware_r 57.849056039404644 38.869998931884766 31.600000381469727 AB 5.668967274126698 1.0548551293149384
61808.1762 lsst_hardware_z -146.1467834926111 51.25 30.959999084472656 AB 5.329425771191385 1.0615328694734358
61808.1947 lsst_hardware_r -4.384412868191481 56.099998474121094 31.6299991607666 AB 5.174512901177991 1.0523719546833414
61810.1735 lsst_hardware_i -0.08674751376659864 83.37000274658203 31.34000015258789 AB 5.985277138544707 1.0593410864680801
61810.1925 lsst_hardware_z -79.4524320893618 72.19999694824219 30.989999771118164 AB 5.995482159826843 1.052085077180658
61812.1667 lsst_hardware_r -101.60945652957973 127.8499984741211 31.65999984741211 AB 2.862990209461142 1.0603667442448674
61812.1835 lsst_hardware_z 26.427143423203876 86.37999725341797 31.0 AB 2.841516378912675 1.052413473671361
61814.159 lsst_hardware_y 31.321708126626522 53.56999969482422 30.040000915527344 AB 3.9209811248204143 1.062236674519584
61814.1771 lsst_hardware_r 11.257245574147241 79.73999786376953 31.649999618530273 AB 4.248995880402245 1.052578405995488
61816.158 lsst_hardware_i 26.934188244892596 43.5 31.290000915527344 AB 2.926426081057314 1.0587010241992092
61816.1748 lsst_hardware_z -16.872148673754232 47.599998474121094 30.959999084472656 AB 4.014309017777469 1.0521515859979245
61818.1557 lsst_hardware_r 22.084660693168956 26.979999542236328 31.540000915527344 AB 3.2087150652256082 1.0566569918415833
61818.1722 lsst_hardware_g -21.863542519517015 21.030000686645508 31.56999969482422 AB 4.426822475116219 1.0520848788203008
61820.1289 lsst_hardware_u 1.372119690073163 2.809999942779541 28.5 AB 3.35336964812523 1.0780228187286425
61820.1458 lsst_hardware_r -4.5236363398724055 23.5 31.520000457763672 AB 3.1997424336241735 1.0596343195576245
61822.1274 lsst_hardware_i 38.140163910926475 30.940000534057617 31.25 AB 5.421076822896954 1.0726840114562364
61822.1453 lsst_hardware_z -6.248605164544099 41.470001220703125 30.950000762939453 AB 5.418660474980955 1.0563548972426522
61824.1264 lsst_hardware_r -6.576650020393516 23.25 31.489999771118164 AB 8.710278358597408 1.0674360733575254
61824.1431 lsst_hardware_u 0.8953671537603419 2.5899999141693115 28.329999923706055 AB 8.534428700157305 1.0547074118895547
61826.1213 lsst_hardware_g 9.308213193597727 14.25 31.420000076293945 AB 8.141561126711185 1.0670460192281916
61826.1399 lsst_hardware_r 42.549504103394185 23.020000457763672 31.489999771118164 AB 9.119319543547213 1.0537997450292893
61830.1155 lsst_hardware_r 2.6594565445504847 23.010000228881836 31.5 AB 4.306423520977589 1.0620688133615115
61830.1323 lsst_hardware_g 4.173769744557328 14.220000267028809 31.43000030517578 AB 4.272664472331669 1.0528126009852163
61832.1094 lsst_hardware_r 33.235411684416185 23.0 31.5 AB 6.235531222175742 1.0626331326134528
61832.128 lsst_hardware_i -1.1264906913162347 30.559999465942383 31.239999771118164 AB 5.109936702941464 1.052564334505683
61836.0881 lsst_hardware_r 53.876115314573404 47.15999984741211 31.610000610351562 AB 7.839591224859477 1.0740637381640756
61836.1074 lsst_hardware_z 60.20433523469501 47.77000045776367 30.959999084472656 AB 7.6512374569479045 1.056168608606453
61838.0874 lsst_hardware_y 36.24480651633226 54.2400016784668 30.040000915527344 AB 10.966750296728286 1.0682853465872637
61838.1065 lsst_hardware_r 32.10226003838171 81.5 31.649999618530273 AB 10.801984426648438 1.0540320958845109
61840.0855 lsst_hardware_i 105.07283836057177 97.87999725341797 31.34000015258789 AB 8.066145879757794 1.0645566688343255
61840.1048 lsst_hardware_z 21.296886102965303 83.33000183105469 30.989999771118164 AB 7.911166259995852 1.0528568352403318
61843.0625 lsst_hardware_r 50.439044760516005 70.13999938964844 31.639999389648438 AB 14.084659365446377 1.0834353358035675
61843.0786 lsst_hardware_i -75.30790257992248 58.849998474121094 31.31999969482422 AB 13.821751618639817 1.0633275384091716
61845.0749 lsst_hardware_z -79.78399713989295 45.02000045776367 30.950000762939453 AB 8.269579966695112 1.0617566266901484
61845.0916 lsst_hardware_i 8.391524586460323 39.83000183105469 31.290000915527344 AB 7.586292781653436 1.0527501142521594
61849.0681 lsst_hardware_r -22.01097335631504 22.649999618530273 31.489999771118164 AB 4.0157809409003065 1.0585487059749223
61849.087 lsst_hardware_i -28.850127816450463 30.459999084472656 31.25 AB 5.303819193479149 1.0520667535332502
61851.0715 lsst_hardware_z 14.050802228512211 41.459999084472656 30.950000762939453 AB 4.129225541596046 1.0538443288702983
61851.0912 lsst_hardware_u -3.036913671329008 2.690000057220459 28.43000030517578 AB 5.503773112045849 1.0538915769539507
61853.0686 lsst_hardware_g -10.832535917003105 13.8100004196167 31.420000076293945 AB 4.330164426980806 1.0530342106347084
61853.0882 lsst_hardware_r -11.26950407002891 22.510000228881836 31.489999771118164 AB 5.787955296023612 1.0549128729083133
61855.0615 lsst_hardware_i 36.50495309106622 30.360000610351562 31.239999771118164 AB 7.398988203938335 1.0535241934010466
61855.0783 lsst_hardware_z 13.363692740482724 41.15999984741211 30.940000534057617 AB 7.301110966356774 1.0532347369872126
61861.0314 lsst_hardware_r 8.178533714695622 23.059999465942383 31.489999771118164 AB 4.174185046997393 1.0615933486769666
61861.0493 lsst_hardware_i 25.3714677928967 30.559999465942383 31.239999771118164 AB 5.472847979123978 1.0524707652161496
61863.039 lsst_hardware_z -60.1701622745631 60.220001220703125 31.700000762939453 AB 6.583549324662236 1.05374724095274
61865.0265 lsst_hardware_z -43.94352704525914 50.31999969482422 30.969999313354492 AB 8.086560289282117 1.05717034863316
61865.0447 lsst_hardware_r 2.35491871909005 51.619998931884766 31.6200008392334 AB 8.209468570522684 1.0521137924928148
61867.0278 lsst_hardware_i -36.189605958703176 69.83000183105469 31.329999923706055 AB 11.222239001966392 1.0538468065640787
61867.048 lsst_hardware_z -36.74713536800739 65.66999816894531 30.989999771118164 AB 11.465171910980915 1.054074828627463
61875.0069 lsst_hardware_u -0.35208209544343094 2.880000114440918 28.579999923706055 AB 11.991148456238856 1.0535185781267664
61875.026 lsst_hardware_g 4.039624495161101 14.119999885559082 31.450000762939453 AB 11.978347893449822 1.0540145095208608
61877.006 lsst_hardware_r 25.932867621785316 22.950000762939453 31.5 AB 13.968567646041409 1.0524047047420635
61877.0253 lsst_hardware_i 23.370480337924363 30.850000381469727 31.260000228881836 AB 14.108940141781078 1.0562560465492103
61878.9814 lsst_hardware_y 6.512356152367843 48.279998779296875 30.049999237060547 AB 9.785107376412228 1.0623284525471548
61878.9992 lsst_hardware_z 20.65662980232231 41.209999084472656 30.950000762939453 AB 9.704567936712827 1.052651317369194
61881.9759 lsst_hardware_y 46.77631997308478 49.70000076293945 30.049999237060547 AB 9.652929133628398 1.0600916051537101
61881.9897 lsst_hardware_r -60.44995593712289 22.8700008392334 31.5 AB 9.768807343221484 1.0529568680378856
61883.9776 lsst_hardware_y 24.762561240486868 48.56999969482422 30.040000915527344 AB 10.152779363955473 1.0554921887883848
61883.9949 lsst_hardware_r 4.672992862770608 22.6299991607666 31.489999771118164 AB 10.113940341788108 1.0523205335979928
61893.9772 lsst_hardware_y 29.24893873575439 80.88999938964844 30.809999465942383 AB 11.690839044555632 1.0553680022167127
