data/validation/pwv_sim_epoch_fit_epoch/39743434.ecsv
# %ECSV 0.9
# ---
# datatype:
# - {name: time, datatype: float64}
# - {name: band, datatype: string}
# - {name: flux, datatype: float64}
# - {name: fluxerr, datatype: float64}
# - {name: zp, datatype: float64}
# - {name: zpsys, datatype: string}
# - {name: pwv, datatype: float64}
# - {name: airmass, datatype: float64}
# meta: {SNID: '39743434', alt: 1024.0, c: -0.08346176892518997, dec: -42.010422, lat: -30.244573, lon: -70.7499537, ra: 78.176468, t0: 60527.48828125,
#   x0: 2.7292096446363105e-05, x1: -0.7193756699562073, z: 0.29999834299087524}
# schema: astropy-2.0
time band flux fluxerr zp zpsys pwv airmass
60591.3646 lsst_hardware_r 479.3598518401393 31.220692848947305 31.489999771118164 AB 2.9368841789637123 1.021347306194923
60591.3762 lsst_hardware_y 191.3003496449483 51.12950712000114 30.059999465942383 AB 2.9250456114955723 1.0228028246968608
60593.3806 lsst_hardware_g -7.723971942348256 22.1200008392334 31.600000381469727 AB 4.813297175223947 1.0268732417632194
60600.3604 lsst_hardware_r -125.60641544618801 77.01000213623047 31.65999984741211 AB 6.656379735806966 1.0262952181637361
60600.3711 lsst_hardware_z -36.97484839618521 58.810001373291016 30.979999542236328 AB 6.622750306721825 1.033391894944
60602.3614 lsst_hardware_r 165.2420494400567 67.55000305175781 31.649999618530273 AB 0.7403722690090488 1.0302026006619418
60602.3721 lsst_hardware_y -1.928509443036506 61.34000015258789 30.06999969482422 AB 0.6325407908670807 1.0392236432660586
60608.363 lsst_hardware_r 15.481413548074089 27.5 31.559999465942383 AB 2.506296020747571 1.0472353580894478
60610.3514 lsst_hardware_g 8.972888992645485 14.220000267028809 31.450000762939453 AB 3.454056873521564 1.0403785763619169
60610.3621 lsst_hardware_i 24.05845400644627 33.04999923706055 31.270000457763672 AB 3.539568603202545 1.053051276519812
60612.3457 lsst_hardware_z 35.4477082964715 40.939998626708984 30.959999084472656 AB 5.053661677024692 1.0401334406610434
60612.3569 lsst_hardware_r -38.5295288884025 22.969999313354492 31.520000457763672 AB 5.081613279757888 1.0534024211770083
60616.3529 lsst_hardware_g -3.0119554366966117 14.609999656677246 31.440000534057617 AB 5.194303754547059 1.0634984653568453
60616.3642 lsst_hardware_r -23.302008694263673 29.270000457763672 31.549999237060547 AB 5.280808057260207 1.0832797136162113
60619.298 lsst_hardware_i -55.936967116247885 29.5 31.25 AB 3.373779899541225 1.0223575453155227
60619.3095 lsst_hardware_z -89.49264275615936 40.4900016784668 30.950000762939453 AB 3.388488688532017 1.0268147541006112
60621.2031 lsst_hardware_i 31.34791578262244 30.309999465942383 31.239999771118164 AB 5.7644574131420265 1.1137075390462932
60625.266 lsst_hardware_r 16.575127817164667 31.309999465942383 31.56999969482422 AB 4.1900579657233505 1.0219653574935001
60627.3356 lsst_hardware_r -13.177907271327616 21.770000457763672 31.469999313354492 AB 6.227391493990068 1.0860940037478581
60627.3458 lsst_hardware_y 64.03309411158692 49.36000061035156 30.020000457763672 AB 6.500379798168666 1.1082239274015706
60630.324 lsst_hardware_r 150.9653817441417 81.94999694824219 31.639999389648438 AB 4.045215463255822 1.0795157684317358
60630.3355 lsst_hardware_i -62.23178728324239 65.83000183105469 31.309999465942383 AB 3.524338645025612 1.1033383877359666
60632.3196 lsst_hardware_z -76.05028848158462 51.86000061035156 30.969999313354492 AB 6.772751197254986 1.0815204115541517
60632.3329 lsst_hardware_r -81.02720602746388 61.810001373291016 31.6299991607666 AB 6.939201030371734 1.1100057634762983
60634.3242 lsst_hardware_z 51.77802557979174 67.0199966430664 31.700000762939453 AB 4.544970026098644 1.1024790845600938
60636.325 lsst_hardware_r -23.385481446335916 33.459999084472656 31.56999969482422 AB 7.262994721645894 1.1173838033301375
60636.3371 lsst_hardware_z 16.96778321899758 44.70000076293945 30.940000534057617 AB 7.608738457599436 1.150587379386235
60641.301 lsst_hardware_i 25.236401840730363 30.219999313354492 31.229999542236328 AB 3.8403006640389 1.093531582944967
60641.3125 lsst_hardware_r 7.8151325555565245 21.979999542236328 31.459999084472656 AB 3.9210117602417043 1.1202890743547727
60643.2953 lsst_hardware_u -2.1748632986365717 2.5799999237060547 28.3799991607666 AB 6.367882811220884 1.0930267588026292
60643.3074 lsst_hardware_g 8.579852113345789 12.880000114440918 31.3700008392334 AB 6.5154441368887674 1.1212098954965917
60645.2668 lsst_hardware_g -12.818819713358836 12.819999694824219 31.389999389648438 AB 7.252976951884021 1.0534079302689112
60645.2784 lsst_hardware_r 13.33707444445823 21.729999542236328 31.489999771118164 AB 7.366982535099143 1.0711845584120538
60647.2958 lsst_hardware_i 12.310695975650326 30.34000015258789 31.229999542236328 AB 3.9457121919426017 1.119483303069186
60647.3068 lsst_hardware_z -33.468137790541725 42.34000015258789 30.93000030517578 AB 4.114817240384063 1.1497917542112381
60649.2863 lsst_hardware_i -45.798815247354185 30.389999389648438 31.239999771118164 AB 5.797871110231328 1.1095696179313108
60649.2978 lsst_hardware_u 3.4080179436962985 2.619999885559082 28.389999389648438 AB 4.921754750759296 1.1394929098245412
60653.2133 lsst_hardware_r 14.630564111642054 25.899999618530273 31.540000915527344 AB 9.548579638924931 1.0251490146646671
60653.2268 lsst_hardware_i 14.10412072044568 29.65999984741211 31.260000228881836 AB 9.677475804923793 1.0337342857315783
60655.1905 lsst_hardware_i 49.19959927183435 42.369998931884766 31.299999237060547 AB 12.971159580686937 1.0213511480855857
60655.2069 lsst_hardware_z 29.47003058342406 80.05999755859375 32.15999984741211 AB 13.014166898134647 1.0247375510342243
60657.1965 lsst_hardware_r 54.512040091064364 65.43000030517578 31.649999618530273 AB 7.77451001140403 1.0229618436057935
60657.2083 lsst_hardware_z -9.830208888505759 52.84000015258789 30.969999313354492 AB 7.815080689288383 1.02830009069584
60661.1883 lsst_hardware_z 39.072559699138786 53.68000030517578 30.979999542236328 AB 3.3860789740948847 1.0238610010869984
60661.2003 lsst_hardware_i -59.58034558682962 56.06999969482422 31.329999923706055 AB 3.453774715853661 1.030208714646815
60664.1938 lsst_hardware_z 19.97223500669621 44.939998626708984 30.959999084472656 AB 4.921942221079553 1.0314212533693838
60664.2065 lsst_hardware_g 41.88655200848093 42.689998626708984 31.700000762939453 AB 5.046477996125025 1.0430917726591618
60666.1937 lsst_hardware_r -27.752733993650754 26.440000534057617 31.549999237060547 AB 6.052033553412611 1.0357898116088045
60666.2059 lsst_hardware_i -28.870444732758493 33.02000045776367 31.270000457763672 AB 6.139012058216208 1.0487912287493826
60667.1948 lsst_hardware_z -35.03935249195321 40.41999816894531 30.950000762939453 AB 6.803794290431429 1.0394084211989452
60667.2086 lsst_hardware_u -5.737375868784029 2.990000009536743 28.510000228881836 AB 7.682884649555652 1.0559940415853375
60669.1813 lsst_hardware_r -15.794610897856364 21.350000381469727 31.489999771118164 AB 7.2632190912256185 1.0322937878375769
60669.1936 lsst_hardware_g 22.458721789852337 12.699999809265137 31.389999389648438 AB 7.317599147921106 1.0439296896553958
60671.1817 lsst_hardware_r -3.536540342939148 21.469999313354492 31.489999771118164 AB 6.356061919290913 1.037301006820135
60671.1939 lsst_hardware_i -7.188074987237134 29.790000915527344 31.25 AB 6.4472097435482905 1.050889933748614
60673.1366 lsst_hardware_i -8.307846278073344 29.510000228881836 31.260000228881836 AB 8.001388799150018 1.0217147525942816
60673.1492 lsst_hardware_z 0.25984966007948745 40.400001525878906 30.950000762939453 AB 8.07785166791523 1.0220816112925217
60675.1721 lsst_hardware_u 0.6371412733164145 2.6500000953674316 28.459999084472656 AB 7.220679314565095 1.038566074330149
60675.1843 lsst_hardware_g -37.13595197085389 12.819999694824219 31.399999618530273 AB 7.318744003956884 1.052628350993052
60677.1757 lsst_hardware_r -3.864346425736944 21.43000030517578 31.479999542236328 AB 4.93536478357002 1.0485902514667182
60677.1899 lsst_hardware_i -5.535489885132816 29.899999618530273 31.239999771118164 AB 5.0106473767484 1.0692802767282117
60679.1702 lsst_hardware_z 47.32689229552404 40.61000061035156 30.950000762939453 AB 2.693006515643006 1.0485424460647654
60679.184 lsst_hardware_u 0.8504442700531192 2.5799999237060547 28.399999618530273 AB 2.700215953621584 1.0685460837441962
60681.1755 lsst_hardware_g 0.8787934724012026 12.739999771118164 31.3799991607666 AB 7.169402022898367 1.0636305945995632
60681.1897 lsst_hardware_r -1.4642907272291157 21.59000015258789 31.469999313354492 AB 7.3140655638349354 1.0892130400349866
60683.1115 lsst_hardware_z 12.753958246447805 43.65999984741211 30.959999084472656 AB 5.966105437359917 1.0214767898687223
60683.1252 lsst_hardware_r -53.55581499298296 36.31999969482422 31.610000610351562 AB 7.459614130505821 1.022880824175492
60687.1019 lsst_hardware_r 46.818531709122794 71.8499984741211 31.65999984741211 AB 5.681343542410993 1.021395734837477
60687.1144 lsst_hardware_z 72.1558251003819 55.06999969482422 30.979999542236328 AB 5.689806131815568 1.022917144810134
60689.0912 lsst_hardware_g -53.02149765556396 121.36000061035156 32.4900016784668 AB 7.006117393262587 1.0219951463477468
60689.1049 lsst_hardware_r 18.611671590034703 110.2699966430664 32.40999984741211 AB 6.929642955271224 1.0219707435755419
60691.0926 lsst_hardware_i 46.226175312434485 47.380001068115234 31.31999969482422 AB 3.835203684660666 1.0213591703490454
60691.1065 lsst_hardware_z -18.896677136246225 50.2400016784668 30.979999542236328 AB 3.8414624984692685 1.0239121739106465
60693.0986 lsst_hardware_r -15.349152366378682 25.399999618530273 31.530000686645508 AB 3.9984965335362572 1.0230912898448863
60693.1125 lsst_hardware_g -21.787960522396443 29.709999084472656 31.649999618530273 AB 4.016714744467311 1.0299268575557208
60696.0981 lsst_hardware_r -15.900868009858845 21.219999313354492 31.479999542236328 AB 12.93558496490904 1.026226494637766
60696.1103 lsst_hardware_i 13.827169345400167 29.440000534057617 31.239999771118164 AB 13.026876293746414 1.0345085337967346
60698.0774 lsst_hardware_i 2.1448336819709883 29.360000610351562 31.25 AB 7.450739254173508 1.021558820069035
60698.0912 lsst_hardware_z 91.32578415106487 40.279998779296875 30.940000534057617 AB 8.480959100312585 1.0255192938638138
60700.0741 lsst_hardware_r 39.52492034592883 21.260000228881836 31.479999542236328 AB 6.9824258119497 1.021843334512993
60700.0875 lsst_hardware_u -5.127705442963207 2.609999895095825 28.440000534057617 AB 8.313790800889858 1.026393926035785
60702.0753 lsst_hardware_g 12.657943943202822 12.779999732971191 31.40999984741211 AB 11.667936600523651 1.0235032105722501
60702.0877 lsst_hardware_r -0.4404012709938305 21.450000762939453 31.489999771118164 AB 11.77446941310339 1.0297769296049843
60704.0757 lsst_hardware_i 28.4865217232015 29.59000015258789 31.260000228881836 AB 12.981671550504867 1.025948752674252
60704.0882 lsst_hardware_z -18.95475367981258 40.59000015258789 30.950000762939453 AB 11.935765817907408 1.0342951315344375
60706.0733 lsst_hardware_r 26.071345192538637 21.440000534057617 31.5 AB 9.27456753666257 1.027595982124258
60706.0852 lsst_hardware_g -3.9412282242422623 12.779999732971191 31.399999618530273 AB 9.2151725935545 1.036451042923658
60708.071 lsst_hardware_r 6.577039143723951 21.639999389648438 31.5 AB 6.89809103003568 1.0295658253784596
60708.083 lsst_hardware_i -17.52810248412727 29.760000228881836 31.260000228881836 AB 6.965137121341363 1.0395727046778154
60710.0631 lsst_hardware_z 1.982726225974416 41.130001068115234 30.959999084472656 AB 9.996236210937427 1.02802274955007
60710.0754 lsst_hardware_i -23.795687627618474 30.979999542236328 31.260000228881836 AB 10.04551566875238 1.0374919358380976
60712.0619 lsst_hardware_z -21.615167760535 43.529998779296875 30.959999084472656 AB 4.928728665586142 1.0308272446150604
60712.0747 lsst_hardware_g -40.57831555854312 32.36000061035156 31.670000076293945 AB 4.989863180472258 1.042305357291239
60715.061 lsst_hardware_r -40.84099124678249 55.84000015258789 31.639999389648438 AB 6.233743290427006 1.036797220861025
60715.0737 lsst_hardware_i -39.11275230391469 48.33000183105469 31.309999465942383 AB 6.2696963243101 1.050831122696778
60717.0602 lsst_hardware_z 23.803042663902396 77.91000366210938 31.729999542236328 AB 1.0506884944742503 1.0414026541414887
