data/validation/pwv_sim_epoch_fit_epoch/39877763.ecsv
# %ECSV 0.9
# ---
# datatype:
# - {name: time, datatype: float64}
# - {name: band, datatype: string}
# - {name: flux, datatype: float64}
# - {name: fluxerr, datatype: float64}
# - {name: zp, datatype: float64}
# - {name: zpsys, datatype: string}
# - {name: pwv, datatype: float64}
# - {name: airmass, datatype: float64}
# meta: {SNID: '39877763', alt: 1024.0, c: -0.045105963945388794, dec: -37.92165, lat: -30.244573, lon: -70.7499537, ra: 359.824219, t0: 61656.37890625,
#   x0: 7.792541118757298e-06, x1: -0.3427012860774994, z: 0.5105730891227722}
# schema: astropy-2.0
time band flux fluxerr zp zpsys pwv airmass
[from data line 132]
62035.0767 lsst_hardware_u 3.08383155740207 2.569999933242798 28.260000228881836 AB 3.1835577053348345 1.236093071378309
62035.1839 lsst_hardware_g -10.608000912523988 19.709999084472656 32.150001525878906 AB 2.307991695710137 1.0105042450569774
62035.2864 lsst_hardware_r -41.22834046471658 23.059999465942383 31.489999771118164 AB 1.8859235972643937 1.133367546432506
62039.2709 lsst_hardware_z 36.870026643757825 42.0099983215332 30.940000534057617 AB 3.536755706175715 1.1201126543707727
62043.1008 lsst_hardware_z 87.56145915520553 55.79999923706055 30.969999313354492 AB 4.138515785785328 1.086010834031445
62043.1213 lsst_hardware_i 23.760669060582043 57.79999923706055 31.31999969482422 AB 4.011924917500064 1.0474999784596317
62044.0824 lsst_hardware_r 71.79580291445897 83.08999633789062 31.639999389648438 AB 6.443810317391619 1.1261137070558445
62044.1677 lsst_hardware_z 17.251924095440717 87.16999816894531 31.729999542236328 AB 4.816269148088322 1.0088012039773022
62044.2449 lsst_hardware_r -61.15959764789429 79.52999877929688 31.639999389648438 AB 4.584841305901323 1.0887557768352536
62048.243 lsst_hardware_r -20.993187798122925 100.55000305175781 31.639999389648438 AB 7.515797343466837 1.1110510393791444
62048.2542 lsst_hardware_i 172.384843555054 79.31999969482422 31.309999465942383 AB 7.603061120594651 1.1434894150390156
62050.105 lsst_hardware_g 221.15404725245526 71.72000122070312 31.729999542236328 AB 8.753893412282583 1.0433308266198302
62050.1246 lsst_hardware_r 43.47872460891037 68.30999755859375 31.649999618530273 AB 8.194797962375631 1.0211056076888094
62052.1418 lsst_hardware_z -70.43142948248524 44.95000076293945 30.969999313354492 AB 3.54773768752624 1.0093855003986743
62052.154 lsst_hardware_r -17.911515135858192 40.43000030517578 31.6200008392334 AB 3.5495870013716098 1.0090025824105013
62057.0059 lsst_hardware_y -54.55603459472499 51.130001068115234 29.959999084472656 AB 9.413912173805059 1.2878862918048306
62057.0246 lsst_hardware_u -0.7832315662797433 2.5899999141693115 28.309999465942383 AB 8.734746574660866 1.2023740624712405
62059.1853 lsst_hardware_g 5.7458866223190785 13.449999809265137 31.399999618530273 AB 7.969458598155462 1.0523400109804115
62059.196 lsst_hardware_r 11.929231898066098 22.3700008392334 31.489999771118164 AB 8.13276568815311 1.0717224337027373
62064.1797 lsst_hardware_i 5.4873093372619435 30.40999984741211 31.25 AB 2.7581156636847277 1.066556714495425
62064.1909 lsst_hardware_z -25.766955665174745 41.65999984741211 30.950000762939453 AB 2.735940916521831 1.0901610771105714
62065.1769 lsst_hardware_r 23.287000024000395 22.31999969482422 31.489999771118164 AB 3.056372793850889 1.066424561706521
62065.1876 lsst_hardware_u -1.2182522892542471 2.6700000762939453 28.420000076293945 AB 3.040063554308711 1.0888479779042661
62067.0093 lsst_hardware_y 42.61847075370078 49.31999969482422 30.010000228881836 AB 3.295558258987112 1.1582666756830198
62067.0288 lsst_hardware_i 5.718052769399 31.40999984741211 31.25 AB 3.1157501872886355 1.1013609711165202
62067.1686 lsst_hardware_u -2.5632540022298542 2.740000009536743 28.450000762939453 AB 2.6195761682025087 1.0611657839661786
62067.1798 lsst_hardware_g -13.73585907554634 13.550000190734863 31.399999618530273 AB 2.406099396803024 1.0835845065545966
62070.1684 lsst_hardware_r 67.70420900419542 42.20000076293945 31.610000610351562 AB 2.5737578329477966 1.0766984136440734
62070.1795 lsst_hardware_z -1.8066950058858562 47.33000183105469 30.959999084472656 AB 2.6287292659011183 1.1021925643191273
62079.1532 lsst_hardware_r -33.91913565017377 70.6500015258789 31.639999389648438 AB 3.983609991309288 1.0979173150140435
62079.1651 lsst_hardware_i -39.61257540698118 57.900001525878906 31.309999465942383 AB 4.073377510634052 1.1299244134907218
62081.1515 lsst_hardware_z -18.620197657914023 47.83000183105469 30.959999084472656 AB 4.984939224347768 1.1073951403636744
62081.1631 lsst_hardware_r 26.74007154363278 49.5099983215332 31.610000610351562 AB 5.187047899900607 1.1403864790371785
62083.0607 lsst_hardware_i -5.182882023566366 30.040000915527344 31.270000457763672 AB 6.396137458126462 1.0088544886634798
62083.0718 lsst_hardware_u 2.67583873813047 2.7699999809265137 28.530000686645508 AB 6.410683513401386 1.00942398846351
62088.0642 lsst_hardware_i -70.97419294484361 29.899999618530273 31.25 AB 3.841775839288879 1.011171040346257
62088.0752 lsst_hardware_r 7.017810068561319 22.139999389648438 31.489999771118164 AB 3.9326262816609296 1.0169708512183477
62091.0593 lsst_hardware_g 2.273522994392109 13.600000381469727 31.420000076293945 AB 3.8114902624001825 1.0125497143922761
62091.0719 lsst_hardware_r -9.481956209264402 22.219999313354492 31.489999771118164 AB 3.9315721037342652 1.0206573478022496
62096.0475 lsst_hardware_g 13.255933880057581 15.670000076293945 31.479999542236328 AB 4.556514625258362 1.0134596586430142
62096.0609 lsst_hardware_r -38.859427728610235 23.40999984741211 31.5 AB 4.466699513116271 1.0229473292378117
62098.0502 lsst_hardware_i -21.999862518988426 34.15999984741211 31.280000686645508 AB 7.673291006353709 1.0186235240081358
62098.064 lsst_hardware_r 18.011202652654852 30.530000686645508 31.56999969482422 AB 7.808001839457039 1.031758160523712
