data/validation/pwv_sim_epoch_fit_epoch/40027946.ecsv
# %ECSV 0.9
# ---
# datatype:
# - {name: time, datatype: float64}
# - {name: band, datatype: string}
# - {name: flux, datatype: float64}
# - {name: fluxerr, datatype: float64}
# - {name: zp, datatype: float64}
# - {name: zpsys, datatype: string}
# - {name: pwv, datatype: float64}
# - {name: airmass, datatype: float64}
# meta: {SNID: '40027946', alt: 1024.0, c: -0.08482138067483902, dec: -1.193748, lat: -30.244573, lon: -70.7499537, ra: 224.472656, t0: 61961.125,
#   x0: 3.9923055207677596e-06, x1: 1.1134274005889893, z: 0.6720614433288574}
# schema: astropy-2.0
time band flux fluxerr zp zpsys pwv airmass
[from data line 132]
62251.2453 lsst_hardware_z 109.65992775249002 54.709999084472656 30.969999313354492 AB 14.596219752721014 1.1493086419465366
62253.2265 lsst_hardware_r -126.69941990688014 122.83000183105469 31.639999389648438 AB 3.256530500413137 1.1429430553349607
62253.2444 lsst_hardware_y -76.23127557724276 63.630001068115234 30.020000457763672 AB 3.3239616108837686 1.1533523979471785
62255.224 lsst_hardware_z -35.55999227010801 107.55999755859375 30.989999771118164 AB 11.974527521241296 1.1436624928758679
62255.2419 lsst_hardware_r -61.70912510873863 157.72000122070312 31.639999389648438 AB 12.050715800802958 1.1564986373131438
62258.2225 lsst_hardware_i -121.04275793388564 54.790000915527344 31.299999237060547 AB 9.064617675332071 1.1467425582354815
62258.242 lsst_hardware_z 146.44893181740562 54.849998474121094 30.959999084472656 AB 9.411581912479035 1.1675452068576426
62260.226 lsst_hardware_r -13.99299749614949 38.58000183105469 31.56999969482422 AB 10.991001662539682 1.1540724856539515
62260.2439 lsst_hardware_z -60.684199538041874 46.900001525878906 30.940000534057617 AB 11.275783159539387 1.1802159471990277
62265.1835 lsst_hardware_r 17.41889129913637 24.56999969482422 31.510000228881836 AB 8.743094202102133 1.1434860321870743
62265.2023 lsst_hardware_u 0.672772464061098 2.9200000762939453 28.520000457763672 AB 8.804379245544848 1.1461050827316908
62267.1881 lsst_hardware_g 21.92867655417999 15.300000190734863 31.440000534057617 AB 8.886455600134354 1.142915739061033
62267.2071 lsst_hardware_r -0.7647036696828805 24.6299991607666 31.510000228881836 AB 8.98896282658567 1.1542932928017136
62269.1575 lsst_hardware_i -7.276005243998181 32.349998474121094 31.239999771118164 AB 8.065698852047731 1.1529014940033921
62269.1762 lsst_hardware_z -1.8180335424891763 43.33000183105469 30.940000534057617 AB 6.8340837352546 1.1427596681212753
62276.1598 lsst_hardware_g -4.155903238111166 21.020000457763672 32.150001525878906 AB 8.798025384793913 1.1426006993238849
62276.1796 lsst_hardware_i 27.654083423865256 45.400001525878906 31.979999542236328 AB 9.265825401047614 1.1514633280784905
62278.1229 lsst_hardware_r -46.11008378088219 41.15999984741211 31.579999923706055 AB 5.439132317380712 1.1650290555577707
62278.1439 lsst_hardware_z 23.091768787221255 47.47999954223633 30.950000762939453 AB 5.70337982460498 1.1450270677785188
62281.113 lsst_hardware_r 263.59960376747756 100.93000030517578 31.6200008392334 AB 6.670985749192553 1.1675830487778827
62281.1346 lsst_hardware_y -12.666715697746438 59.13999938964844 30.020000457763672 AB 6.493018641816612 1.1455741189708055
62286.1001 lsst_hardware_i -89.9872691793703 61.18000030517578 31.299999237060547 AB 14.125624584893352 1.166442988017618
62286.121 lsst_hardware_z 3.3040976208623407 58.189998626708984 30.969999313354492 AB 13.9098224955956 1.1455484863574716
62287.1363 lsst_hardware_r -18.183750786454638 57.52000045776367 31.610000610351562 AB 9.366606282949242 1.1435706840651039
62287.1553 lsst_hardware_z 85.60557848322041 52.099998474121094 30.959999084472656 AB 9.45986575864285 1.1573942874125898
62290.1268 lsst_hardware_g 21.045204209318204 14.770000457763672 31.420000076293945 AB 10.359517331026955 1.143224277840017
62290.1446 lsst_hardware_i -19.189515404669688 32.06999969482422 31.239999771118164 AB 10.449614798042314 1.1546110417342619
62303.0904 lsst_hardware_r 11.859184630394425 23.950000762939453 31.489999771118164 AB 9.084256141787742 1.1430331729207603
62303.1107 lsst_hardware_u 1.5687933993986545 2.680000066757202 28.350000381469727 AB 9.183742713768519 1.156351386775185
62307.0929 lsst_hardware_i 5.734383371694865 44.290000915527344 31.280000686645508 AB 4.349585429803522 1.1497208061509816
62307.1154 lsst_hardware_z 33.84022027292522 49.79999923706055 30.950000762939453 AB 4.464953698622316 1.1799040824370797
62309.0578 lsst_hardware_z 164.2646966553167 68.9000015258789 30.979999542236328 AB 3.3779034225297453 1.145764064400308
62309.0806 lsst_hardware_r -165.1199540133875 87.54000091552734 31.6299991607666 AB 3.382245003104286 1.1452943178861676
62311.0638 lsst_hardware_z -213.81916828603002 109.3499984741211 31.729999542236328 AB 3.884887735965003 1.142614039989707
62313.0574 lsst_hardware_r 116.08147743874424 103.08999633789062 31.6299991607666 AB 4.43072370021829 1.1426508005979765
62313.08 lsst_hardware_z -104.42299152588335 70.45999908447266 30.979999542236328 AB 4.383346727838296 1.1528044344275346
62320.1029 lsst_hardware_g -35.21086007189852 25.469999313354492 32.560001373291016 AB 7.971527923267454 1.2384559176490089
62320.1348 lsst_hardware_r -7.869467759485423 42.72999954223633 32.619998931884766 AB 8.501889859994154 1.380251614263892
62326.0314 lsst_hardware_z 41.30705273050612 43.5099983215332 30.940000534057617 AB 2.8385274625925994 1.1441061920969051
62326.0567 lsst_hardware_r -16.667908705944637 24.290000915527344 31.489999771118164 AB 3.2982299857375006 1.168135288024615
62329.0045 lsst_hardware_u -1.6949537821953746 2.75 28.399999618530273 AB 11.064041645067912 1.1451088434142276
62329.0247 lsst_hardware_g -6.530086794696875 15.100000381469727 31.420000076293945 AB 11.196337564568257 1.1447027466074942
62331.0027 lsst_hardware_r -52.23991236088402 24.40999984741211 31.489999771118164 AB 7.944265875778171 1.1436769301101852
62331.0231 lsst_hardware_z 16.441804859122435 43.2400016784668 30.940000534057617 AB 8.04849698592123 1.1467137290715907
62333.0027 lsst_hardware_r 7.158377432731401 25.530000686645508 31.5 AB 5.017137511311762 1.14266070974475
62333.0241 lsst_hardware_u 1.2739495519604624 3.0199999809265137 28.440000534057617 AB 5.058030516415998 1.1516025916782144
62343.969 lsst_hardware_y -79.20135103855905 52.22999954223633 30.020000457763672 AB 4.99462875930244 1.143197244060876
62343.9913 lsst_hardware_i 26.78092043005788 49.08000183105469 31.290000915527344 AB 4.986336880292589 1.1492786294465533
