data/validation/pwv_sim_epoch_fit_epoch/40156904.ecsv
# %ECSV 0.9
# ---
# datatype:
# - {name: time, datatype: float64}
# - {name: band, datatype: string}
# - {name: flux, datatype: float64}
# - {name: fluxerr, datatype: float64}
# - {name: zp, datatype: float64}
# - {name: zpsys, datatype: string}
# - {name: pwv, datatype: float64}
# - {name: airmass, datatype: float64}
# meta: {SNID: '40156904', alt: 1024.0, c: 0.06302368640899658, dec: -30.0, lat: -30.244573, lon: -70.7499537, ra: 155.566406, t0: 61439.21484375,
#   x0: 5.397195994118853e-06, x1: 1.024751901626587, z: 0.5944706797599792}
# schema: astropy-2.0
time band flux fluxerr zp zpsys pwv airmass
[from data line 131]
61772.2762 lsst_hardware_u -6.208239100894003 2.569999933242798 28.34000015258789 AB 5.271994447599021 1.080252943296022
61774.2539 lsst_hardware_g -7.524034924442005 13.460000038146973 31.3700008392334 AB 3.1476773304210806 1.1267190062359196
61774.2756 lsst_hardware_r 5.402921753115954 22.260000228881836 31.479999542236328 AB 2.964972909749401 1.0691329341925138
61776.2523 lsst_hardware_i -22.488012317706325 43.63999938964844 31.989999771118164 AB 8.290488097953961 1.1149123316237173
61776.2748 lsst_hardware_z -44.95291721627253 58.290000915527344 31.700000762939453 AB 7.871730382401409 1.0593572199535362
61778.2618 lsst_hardware_r -12.46287095289122 22.200000762939453 31.489999771118164 AB 9.572879148341311 1.075604398690035
61778.2844 lsst_hardware_g 1.9034213864923775 13.34000015258789 31.40999984741211 AB 9.196550635080955 1.0333202960765118
61780.2151 lsst_hardware_z 70.67371380612975 53.91999816894531 30.950000762939453 AB 8.679721597348138 1.211067615089736
61780.2328 lsst_hardware_r 11.360397563364623 63.849998474121094 31.6200008392334 AB 8.130563989243644 1.1421604002543113
61782.2141 lsst_hardware_i -23.53320225916097 70.83000183105469 31.299999237060547 AB 6.10452311873696 1.1919404703186467
61782.2311 lsst_hardware_z -37.76850901236829 62.72999954223633 30.969999313354492 AB 5.769989026981403 1.1297643598769185
61783.2106 lsst_hardware_r 38.824940656377635 94.52999877929688 31.6200008392334 AB 5.287050690362582 1.1951513287058677
61783.2284 lsst_hardware_z -6.361070332816605 65.5999984741211 30.979999542236328 AB 4.9960493183078025 1.129667649369592
61786.2092 lsst_hardware_y -7.029940562511195 75.81999969482422 30.760000228881836 AB 5.8991088815392265 1.1680632726960385
61786.2261 lsst_hardware_r 70.22459006107273 97.5199966430664 32.380001068115234 AB 5.664902642082636 1.1116734538837552
61788.2079 lsst_hardware_i 2.3026390402588532 41.34000015258789 31.270000457763672 AB 7.184553260389693 1.1527870664368098
61788.2267 lsst_hardware_z -34.82272750187206 46.59000015258789 30.950000762939453 AB 7.3363089902869785 1.0948625495403908
61790.2111 lsst_hardware_r -34.495887463095166 23.8700008392334 31.469999313354492 AB 11.04566083529314 1.1239542951201436
61790.2282 lsst_hardware_g 10.731945321403993 16.1299991607666 31.450000762939453 AB 10.71444355930175 1.0775504752901526
61792.2105 lsst_hardware_r 2.9816401362266673 22.5 31.479999542236328 AB 10.539412756890634 1.1094118691463826
61792.2285 lsst_hardware_i -17.447353800748292 30.34000015258789 31.25 AB 10.115050213115715 1.064742127696391
61794.2126 lsst_hardware_z -16.824002949734986 41.79999923706055 30.940000534057617 AB 10.872175375022412 1.0889598732995205
61794.2304 lsst_hardware_i 38.48554591662751 30.219999313354492 31.239999771118164 AB 10.50053351963398 1.050263404644335
61802.2065 lsst_hardware_g 10.395344786332352 13.319999694824219 31.399999618530273 AB 11.922452668013198 1.0541048289654038
61802.2266 lsst_hardware_r 34.32765086463291 21.950000762939453 31.489999771118164 AB 12.853756090334919 1.0230488365325876
61804.1143 lsst_hardware_r 6.393281327030924 27.290000915527344 31.440000534057617 AB 10.319303503687493 1.4165948869673388
61804.1317 lsst_hardware_z 59.23634878303798 45.70000076293945 30.920000076293945 AB 9.729972008738136 1.3017555701034387
61806.1084 lsst_hardware_z 51.98636726627477 49.02000045776367 30.920000076293945 AB 8.74307221829262 1.4199061661863777
61806.1283 lsst_hardware_i -15.952195029707129 38.97999954223633 31.239999771118164 AB 8.150874060503265 1.2900354619630594
61809.1062 lsst_hardware_z -32.212003006887976 56.79999923706055 30.93000030517578 AB 11.872794290109482 1.376622363218646
61809.1244 lsst_hardware_r -16.544300797829806 64.30000305175781 31.579999923706055 AB 10.705722996922672 1.2667495855000186
61811.1194 lsst_hardware_y -53.76366161218317 84.5999984741211 30.739999771118164 AB 4.3366732836869915 1.2643362343110525
61813.1193 lsst_hardware_r 75.54864800493083 107.12999725341797 31.6200008392334 AB 5.587935683520758 1.2374324715763145
61813.1391 lsst_hardware_i 64.58731875278228 84.37000274658203 31.31999969482422 AB 4.635457252499947 1.1547265430125253
61815.1136 lsst_hardware_z -57.31077266603703 59.31999969482422 30.959999084472656 AB 3.9609034508540955 1.2385887012442822
61815.1339 lsst_hardware_r -97.15514234941176 68.55000305175781 31.6299991607666 AB 1.9199126072254868 1.1537936341500397
61821.1133 lsst_hardware_r -5.797041890452825 23.15999984741211 31.479999542236328 AB 3.7377431221626516 1.169354158718143
61821.134 lsst_hardware_u 3.399150482822369 2.7899999618530273 28.5 AB 4.277190395265809 1.1018716803673108
61823.1113 lsst_hardware_g -15.884558669100025 13.84000015258789 31.389999389648438 AB 7.087116371778761 1.1565137682406448
61823.1291 lsst_hardware_r -34.947954966578386 22.850000381469727 31.5 AB 7.08707189561832 1.1003346195810562
61825.1047 lsst_hardware_i 40.27584279699831 31.1299991607666 31.229999542236328 AB 8.957441796434665 1.1606662515626387
61825.1244 lsst_hardware_z -14.64004673805618 41.5099983215332 30.940000534057617 AB 8.482320490874969 1.0982719668806606
61827.1157 lsst_hardware_r 32.5648705491073 22.68000030517578 31.479999542236328 AB 6.327115761014008 1.1072360312105247
61827.1358 lsst_hardware_g -4.10058589466902 13.670000076293945 31.40999984741211 AB 5.639008085115719 1.058869230140967
61829.1037 lsst_hardware_r 6.299086003136418 22.969999313354492 31.479999542236328 AB 5.943737559385459 1.1268282969591847
61829.124 lsst_hardware_i 6.969342918987983 30.579999923706055 31.239999771118164 AB 5.638507857788973 1.0723164280490607
61831.1058 lsst_hardware_z -9.524314537384377 41.95000076293945 30.940000534057617 AB 3.219938161185224 1.1043574349554508
61831.1254 lsst_hardware_i -18.010684161941143 30.40999984741211 31.239999771118164 AB 3.578118744306694 1.0578325925518681
61833.1069 lsst_hardware_z 27.798431320330476 58.88999938964844 31.690000534057617 AB 4.904482981770984 1.0869864764563226
61833.1284 lsst_hardware_g -15.367805679085864 19.3700008392334 32.15999984741211 AB 5.679622041740651 1.0424353329084568
61835.1061 lsst_hardware_r 27.632980637728252 33.15999984741211 31.559999465942383 AB 7.658789157775678 1.0757733623620052
61835.126 lsst_hardware_i -13.803598694997651 34.77000045776367 31.270000457763672 AB 7.939677352334244 1.0375046631676423
61837.1143 lsst_hardware_z 23.61568918917378 68.29000091552734 31.719999313354492 AB 10.80962966483303 1.0479101343296577
61839.0189 lsst_hardware_y 80.37209246524645 58.40999984741211 29.940000534057617 AB 14.654685665387463 1.415364657657672
61839.0393 lsst_hardware_z 12.590445690389474 66.61000061035156 30.959999084472656 AB 13.263832943123317 1.2839073591794836
61843.9965 lsst_hardware_y -12.228584901773075 88.91000366210938 29.899999618530273 AB 13.701074587940747 1.4855636052387216
61844.0167 lsst_hardware_i 38.09533785648395 33.439998626708984 31.200000762939453 AB 12.67219824274666 1.3366416499699867
61848.0903 lsst_hardware_i -61.97710763972782 30.239999771118164 31.239999771118164 AB 8.377395477364269 1.037823215076356
61848.1087 lsst_hardware_r -11.706403023396817 22.399999618530273 31.5 AB 8.22090752146824 1.0147702541543884
61850.0918 lsst_hardware_u 0.5217597242768819 2.5799999237060547 28.360000610351562 AB 5.0360910961389 1.0277736930895713
61850.1089 lsst_hardware_g 18.114634630932958 13.670000076293945 31.40999984741211 AB 4.948437980864896 1.0098853022173258
61851.99 lsst_hardware_y -74.98404446889542 83.12999725341797 29.950000762939453 AB 7.675127282031171 1.368359294353926
61852.008 lsst_hardware_r -33.58794771753584 23.739999771118164 31.450000762939453 AB 7.788854292599926 1.2614891150353496
61853.9883 lsst_hardware_y 117.26121729904258 73.48999786376953 29.959999084472656 AB 12.073069770924956 1.3435919914224457
61854.008 lsst_hardware_r 15.707079573329283 23.489999771118164 31.459999084472656 AB 10.216493000642938 1.2343231848064442
61855.9878 lsst_hardware_y 140.37226950610358 105.81999969482422 30.729999542236328 AB 8.009244677511054 1.3129909307395171
61856.006 lsst_hardware_z -62.111516221467795 61.88999938964844 31.68000030517578 AB 6.685325583659124 1.2182085674964238
61857.9987 lsst_hardware_y 25.545600953027257 49.91999816894531 29.989999771118164 AB 9.135405973766245 1.2266680655849063
61858.017 lsst_hardware_u 0.22279646275692241 2.5799999237060547 28.31999969482422 AB 7.487887950613047 1.1519827616327765
61859.9842 lsst_hardware_y 78.46722926050406 78.48999786376953 29.979999542236328 AB 11.134300593237516 1.2717647736422062
61860.0029 lsst_hardware_r 6.727345249280679 23.43000030517578 31.450000762939453 AB 7.070683089552093 1.1846997636780943
61862.003 lsst_hardware_z -13.223291273556598 62.2400016784668 31.690000534057617 AB 9.012877297138525 1.163152021483936
61863.9953 lsst_hardware_y 114.06303389996434 49.83000183105469 30.010000228881836 AB 7.290054056375163 1.1716106000844009
61864.0164 lsst_hardware_g -33.92379192373577 29.260000228881836 31.6299991607666 AB 5.6222204087771805 1.102396158583761
61865.9807 lsst_hardware_y -6.410054187327127 71.56999969482422 30.0 AB 10.12982435271095 1.2092424916689684
61865.9984 lsst_hardware_i -42.85545810346094 50.59000015258789 31.290000915527344 AB 9.468065045994194 1.1407650888272454
61871.9839 lsst_hardware_y -46.84853498467834 53.47999954223633 30.030000686645508 AB 6.158102144380885 1.1345066588763715
61872.0011 lsst_hardware_g 25.140882098616956 61.52000045776367 31.709999084472656 AB 5.32912836861614 1.085270096281664
61877.9795 lsst_hardware_y 51.852244545136735 49.560001373291016 30.040000915527344 AB 12.34026392636555 1.098768046154873
61877.9996 lsst_hardware_r -10.729908500792698 22.1200008392334 31.489999771118164 AB 11.85746018641135 1.052943517496831
61879.9797 lsst_hardware_y -71.3298499912811 48.65999984741211 30.030000686645508 AB 9.921275300304673 1.084173893596839
61880.0007 lsst_hardware_z -48.495507408091164 40.93000030517578 30.950000762939453 AB 7.248052993207027 1.0413869243113545
61882.9725 lsst_hardware_y 26.127574863565584 52.880001068115234 30.040000915527344 AB 7.0328765061318 1.0817591016404533
61882.9917 lsst_hardware_u 1.27247130062623 2.559999942779541 28.34000015258789 AB 6.8288141152602595 1.0427262353428566
61884.9711 lsst_hardware_y -71.64520967784165 54.72999954223633 30.040000915527344 AB 14.784566308707175 1.0722972427485837
61884.9903 lsst_hardware_r 43.169932624626604 22.219999313354492 31.489999771118164 AB 14.114412905512081 1.036230765588127
61888.9739 lsst_hardware_z -123.15266915998724 59.66999816894531 31.700000762939453 AB 10.91603445190719 1.0451299979486044
61889.0 lsst_hardware_g -21.3259359805879 19.0 32.16999816894531 AB 8.701833046388554 1.0118410519056458
61890.9703 lsst_hardware_y 0.096314605332811 50.439998626708984 30.049999237060547 AB 11.762984661466179 1.0419864169958526
61890.9896 lsst_hardware_i 11.167767089943942 30.469999313354492 31.260000228881836 AB 11.641070603296974 1.016421077734827
