data/validation/pwv_sim_epoch_fit_epoch/402867.ecsv
# %ECSV 0.9
# ---
# datatype:
# - {name: time, datatype: float64}
# - {name: band, datatype: string}
# - {name: flux, datatype: float64}
# - {name: fluxerr, datatype: float64}
# - {name: zp, datatype: float64}
# - {name: zpsys, datatype: string}
# - {name: pwv, datatype: float64}
# - {name: airmass, datatype: float64}
# meta: {SNID: '402867', alt: 1024.0, c: 0.02172834426164627, dec: -63.823658, lat: -30.244573, lon: -70.7499537, ra: 353.345062, t0: 62320.6640625,
#   x0: 5.680707834561078e-06, x1: 0.15650883316993713, z: 0.5821341276168823}
# schema: astropy-2.0
time band flux fluxerr zp zpsys pwv airmass
[from data line 131]
62738.3134 lsst_hardware_u 2.5235436014118595 2.549999952316284 28.280000686645508 AB 2.990433498325456 1.2389587757183216
62738.3242 lsst_hardware_g -8.5357442686575 13.350000381469727 31.34000015258789 AB 3.0086888741541036 1.255363925237935
62740.3207 lsst_hardware_r 11.882874069986539 22.889999389648438 31.450000762939453 AB 3.794450579422493 1.2586633943241352
62740.3313 lsst_hardware_i -29.951574513981836 32.09000015258789 31.219999313354492 AB 3.8463094315119957 1.2782683388208693
62742.3086 lsst_hardware_z -16.43014604844582 43.75 30.920000076293945 AB 8.733085556060038 1.2478956247719128
62742.3193 lsst_hardware_r -21.08898158020596 22.799999237060547 31.440000534057617 AB 8.840789016276895 1.2658179498553024
62744.3117 lsst_hardware_u 1.7468544434322302 2.4600000381469727 28.190000534057617 AB 7.474172210706792 1.2619961520821275
62744.323 lsst_hardware_r 19.610577556195885 22.790000915527344 31.43000030517578 AB 7.679408197887394 1.2835916924303028
62747.3086 lsst_hardware_g -4.314649356657 13.180000305175781 31.309999465942383 AB 2.0274019648125807 1.2712976734990316
62747.3198 lsst_hardware_i 16.18529935121924 31.90999984741211 31.209999084472656 AB 1.9899267939328038 1.294261329386928
62751.2969 lsst_hardware_y -23.185515974596278 51.0 29.969999313354492 AB 2.3060157016323677 1.2698324348195857
62751.3099 lsst_hardware_g -15.910497193258365 26.209999084472656 31.530000686645508 AB 2.3742784559916883 1.2965343104391471
62757.2419 lsst_hardware_z 40.5058406000762 60.90999984741211 30.959999084472656 AB 2.8222437908138174 1.2164843925921627
62757.2536 lsst_hardware_r -64.00374389388634 82.6500015258789 31.610000610351562 AB 4.414914044064761 1.2287827560889977
62758.0291 lsst_hardware_i -42.81725620189846 49.02000045776367 31.219999313354492 AB 2.1972783679215717 1.5694845485154085
62758.0369 lsst_hardware_z 20.472205137966835 55.02000045776367 30.920000076293945 AB 2.1426259098694183 1.530447078478156
62760.2424 lsst_hardware_r -90.39292962475442 50.849998474121094 31.59000015258789 AB 4.0198471483965985 1.225314107416464
62760.2536 lsst_hardware_z 71.0670156550443 50.130001068115234 30.940000534057617 AB 5.07429783502911 1.2393465362766256
62762.273 lsst_hardware_y 14.809963580019343 50.779998779296875 29.959999084472656 AB 2.065703121076327 1.2818511455637984
62762.2847 lsst_hardware_g -64.8412404064854 37.810001373291016 31.56999969482422 AB 2.1023556724228114 1.3077062030415187
62764.2192 lsst_hardware_u -3.759129855125346 2.569999933242798 28.309999465942383 AB 7.0993722367923375 1.213360491675327
62764.2309 lsst_hardware_g 8.296955700796598 13.100000381469727 31.34000015258789 AB 7.156797027557419 1.2246750753028695
62765.2302 lsst_hardware_r 36.78879198367073 22.5 31.440000534057617 AB 3.9684201189104003 1.2269669542132535
62765.2431 lsst_hardware_i 12.910625907276152 31.709999084472656 31.209999084472656 AB 4.096843806428803 1.2438550166266524
62771.2416 lsst_hardware_u -3.3720243634391265 2.4200000762939453 28.15999984741211 AB 4.227685213888903 1.2685592760218753
62771.2536 lsst_hardware_g 3.0698860166336 13.020000457763672 31.290000915527344 AB 4.916320696013561 1.2928046709069103
62772.2382 lsst_hardware_r -0.42843772968189636 22.549999237060547 31.43000030517578 AB 4.73134419081787 1.2673243368260394
62772.2503 lsst_hardware_z 4.930242941164293 44.25 30.920000076293945 AB 4.499484691959962 1.2915636001320308
62774.245 lsst_hardware_r -19.377570394861927 22.489999771118164 31.43000030517578 AB 5.022969388630236 1.2919159950177554
62774.257 lsst_hardware_u 3.048154887125313 2.4200000762939453 28.149999618530273 AB 3.3312162744672333 1.320164970066275
62780.1825 lsst_hardware_z -36.02942238727342 50.5 30.940000534057617 AB 5.742581928489375 1.2197497724064092
62783.1406 lsst_hardware_i -91.71627468023432 61.81999969482422 31.290000915527344 AB 4.226061390666293 1.1991945112912463
62783.1517 lsst_hardware_z -11.045138661669572 58.900001525878906 30.959999084472656 AB 4.241323877294027 1.2031555606715598
62787.1774 lsst_hardware_i -78.26347436943497 59.869998931884766 31.280000686645508 AB 8.12180292768975 1.2360071416361718
62787.1881 lsst_hardware_r 44.923133692988685 75.27999877929688 31.59000015258789 AB 8.01430826356424 1.2516489557339123
62789.1626 lsst_hardware_z 83.0652403665101 71.81999969482422 31.700000762939453 AB 7.580643615479313 1.2246597117090976
62791.2285 lsst_hardware_i -70.2403449301904 42.5099983215332 31.229999542236328 AB 7.173938138902401 1.3707725497090668
62791.2391 lsst_hardware_z 22.165521911581465 49.93000030517578 30.920000076293945 AB 7.340923239882785 1.4059031389222991
62794.0157 lsst_hardware_z -6.459636534890002 44.75 30.93000030517578 AB 3.8172395691000114 1.278521682181538
62794.023 lsst_hardware_i -43.120610544780355 32.06999969482422 31.219999313354492 AB 3.7867608780232334 1.264677591391288
62796.1613 lsst_hardware_g 18.80761219127619 13.25 31.34000015258789 AB 4.708089257518254 1.2481678837534111
62796.1734 lsst_hardware_r -21.496652608825045 22.809999465942383 31.450000762939453 AB 3.5098655067746805 1.2687025146486421
62799.1589 lsst_hardware_i 37.54979784303472 31.799999237060547 31.219999313354492 AB 5.4978898509551435 1.257522838736309
62799.1696 lsst_hardware_r 9.35240178952302 22.719999313354492 31.440000534057617 AB 5.858697060569563 1.2771233760256275
62801.1602 lsst_hardware_u 0.521596537360608 2.640000104904175 28.34000015258789 AB 4.711098089964462 1.2695525955443367
62801.1714 lsst_hardware_g 24.69069717723894 13.3100004196167 31.329999923706055 AB 3.0496307047363675 1.2922164003120202
62803.1452 lsst_hardware_g 8.121695365560324 13.4399995803833 31.350000381469727 AB 3.6136729288692067 1.2529348496512707
62803.1554 lsst_hardware_r -5.163216057753914 23.09000015258789 31.459999084472656 AB 3.642526729139055 1.2707966260516286
62807.1468 lsst_hardware_i -55.68753280054612 36.349998474121094 31.239999771118164 AB 4.973499299192526 1.2752562305621862
62807.1574 lsst_hardware_z 27.762926851465455 46.439998626708984 30.93000030517578 AB 5.06026348991093 1.2975034589515204
62817.0464 lsst_hardware_r -95.43057849431067 49.13999938964844 31.579999923706055 AB 5.347213621363365 1.19892682093349
62817.0578 lsst_hardware_g -18.060220606138436 49.93000030517578 31.639999389648438 AB 5.376535013394628 1.2026921457868496
62819.0558 lsst_hardware_r -5.593934123001604 22.709999084472656 31.459999084472656 AB 4.6783106059288295 1.2044050302741778
62819.0675 lsst_hardware_i 2.0933176419941595 31.540000915527344 31.219999313354492 AB 4.725878386823741 1.2121781087955479
62822.0513 lsst_hardware_z -25.978233666200417 43.459999084472656 30.920000076293945 AB 4.593248604149132 1.2065270827817849
62822.0634 lsst_hardware_i -8.661851476136928 31.670000076293945 31.209999084472656 AB 4.504830053720894 1.215632477560789
62825.0526 lsst_hardware_u -1.4377815558179898 2.509999990463257 28.25 AB 7.968332730532869 1.2133900914471978
62825.0644 lsst_hardware_g -3.065570554696713 13.399999618530273 31.34000015258789 AB 8.157619302336819 1.2248064614889373
