data/validation/pwv_sim_epoch_fit_epoch/40340704.ecsv
# %ECSV 0.9
# ---
# datatype:
# - {name: time, datatype: float64}
# - {name: band, datatype: string}
# - {name: flux, datatype: float64}
# - {name: fluxerr, datatype: float64}
# - {name: zp, datatype: float64}
# - {name: zpsys, datatype: string}
# - {name: pwv, datatype: float64}
# - {name: airmass, datatype: float64}
# meta: {SNID: '40340704', alt: 1024.0, c: -0.11718213558197021, dec: -44.993881, lat: -30.244573, lon: -70.7499537, ra: 327.5625, t0: 62003.52734375,
#   x0: 6.322758274509349e-06, x1: -0.48263445496559143, z: 0.5563232898712158}
# schema: astropy-2.0
time band flux fluxerr zp zpsys pwv airmass
61926.4024 lsst_hardware_z 71.95273053909506 40.709999084472656 30.940000534057617 AB 4.753876226099842 1.0334513534999656
61926.4187 lsst_hardware_r 2.160086149105265 31.950000762939453 32.25 AB 4.559569232147039 1.0362657345788724
61926.4354 lsst_hardware_y -112.66621552918176 55.02000045776367 30.059999465942383 AB 4.604204562297335 1.0464101277948488
61947.3104 lsst_hardware_r 40.977009914363464 22.440000534057617 31.489999771118164 AB 5.814490092908567 1.0506215912019532
61947.3228 lsst_hardware_i 11.579197813976622 30.110000610351562 31.239999771118164 AB 5.780430432993919 1.0408001259779973
61950.159 lsst_hardware_i 38.998063244691046 34.970001220703125 31.149999618530273 AB 7.920799574557452 1.6222835790182515
61950.1752 lsst_hardware_z -95.69625017857793 47.369998931884766 30.899999618530273 AB 8.99969951150993 1.489215159311617
61958.3596 lsst_hardware_i -145.46502029891016 85.16999816894531 31.329999923706055 AB 1.6638897185631907 1.0578932193895458
61958.3718 lsst_hardware_r -107.67474704991416 108.62000274658203 31.649999618530273 AB 1.686298460954759 1.0741894856916043
61960.3012 lsst_hardware_z -172.4563404568936 110.41000366210938 31.75 AB 1.8005343515232273 1.0346907488879766
61962.3075 lsst_hardware_r -22.83017368102253 82.2699966430664 31.649999618530273 AB 8.78858590703307 1.033464946734839
61962.3196 lsst_hardware_i 89.4305788895168 66.55999755859375 31.329999923706055 AB 8.844741038176954 1.0359569017805763
61964.2887 lsst_hardware_z -46.32771013017028 49.619998931884766 30.969999313354492 AB 6.4593841118819535 1.0351300625328308
61964.3014 lsst_hardware_r 66.72436593201606 53.72999954223633 31.639999389648438 AB 6.303980446284958 1.0334394174237636
61965.3053 lsst_hardware_z 9.264161358674777 64.86000061035156 31.709999084472656 AB 6.226275215325456 1.0342220365143402
61974.3251 lsst_hardware_g 4.7851341746413825 14.111440749340012 31.40999984741211 AB 5.106965859900448 1.0697456765606301
61974.3366 lsst_hardware_r 6.327573615262521 23.10157322578907 31.479999542236328 AB 4.830669742932884 1.088192921253888
61976.2443 lsst_hardware_r -11.053425622461091 22.872922550054202 31.489999771118164 AB 5.667250428984735 1.0403874301683849
61976.2568 lsst_hardware_i -9.852746381075853 30.52115157951411 31.239999771118164 AB 6.14410221999476 1.03488331143587
61979.2378 lsst_hardware_g 3.951390716824997 14.039692171901999 31.420000076293945 AB 2.620591512821301 1.039401690757085
61979.249 lsst_hardware_r -3.9657936061266086 23.279194552984894 31.489999771118164 AB 2.6358381648383764 1.0347779624452635
61981.2321 lsst_hardware_i 205.5332684231887 34.81680588360982 31.260000228881836 AB 4.677916479963938 1.0395369955475418
61981.2453 lsst_hardware_z 130.80779759370142 42.268415391460586 30.950000762939453 AB 4.654577892353827 1.0343506427452949
61990.2206 lsst_hardware_z 751.4476061843536 75.42836962397858 30.989999771118164 AB 3.206578569448309 1.0343801836930029
61990.2316 lsst_hardware_r 1472.255521717287 111.11274594775807 31.65999984741211 AB 3.203843737250648 1.0334979797582735
61992.2205 lsst_hardware_i 1146.2989038656735 64.02145292337103 31.31999969482422 AB 4.798034440147715 1.0335579600727482
61992.2305 lsst_hardware_z 730.1267135768321 60.03220264094794 30.979999542236328 AB 4.793968821931261 1.0340186189121081
61994.2099 lsst_hardware_i 1342.2758031267258 54.458292583468165 31.290000915527344 AB 2.8034714164929455 1.0343322674224549
61994.2211 lsst_hardware_z 848.2936702441032 54.53150224887611 30.959999084472656 AB 2.7923328321089556 1.0335274663121885
61997.2937 lsst_hardware_r 2157.213665544422 53.058157036692435 31.510000228881836 AB 5.359245290495679 1.1304437244849384
61997.3048 lsst_hardware_u 10.705651808885783 4.712524390020051 28.6299991607666 AB 5.503614328548174 1.1603656606679684
62011.1468 lsst_hardware_r 1983.432750076955 60.32135001670806 31.610000610351562 AB 5.4164200799774935 1.041619246149518
62011.1578 lsst_hardware_i 1657.5579277206639 56.193945398791435 31.290000915527344 AB 5.387165772656934 1.0359934178186412
62013.2228 lsst_hardware_z 2406.4409285973175 92.22067734033907 31.719999313354492 AB 4.585296183801635 1.0759817397164462
62016.1373 lsst_hardware_r 1582.04339234052 120.44017349161497 31.65999984741211 AB 1.4547672389838853 1.039119456417061
62016.1494 lsst_hardware_z 1167.662839137033 84.72599402939971 31.0 AB 1.4482060356189632 1.0344328825849738
62021.0351 lsst_hardware_r 981.3368487525347 38.712736049712376 31.479999542236328 AB 2.8994528772598898 1.208105365524954
62021.0408 lsst_hardware_z 778.3762499667396 51.75840055072649 30.940000534057617 AB 2.852301451781517 1.1884589382422988
62027.0072 lsst_hardware_i 726.6181662839617 42.180747875236186 31.219999313354492 AB 1.753828420231501 1.2527345858796437
62027.0106 lsst_hardware_z 721.4769319192465 51.253392024722665 30.93000030517578 AB 1.734371879285268 1.2388370566323343
62030.1163 lsst_hardware_r 466.6825612218556 30.995708861647948 31.5 AB 1.2437719746683784 1.0336055191141071
62030.1278 lsst_hardware_i 579.8491429052599 39.2790697518559 31.25 AB 0.728784747430809 1.0342262262499655
62031.2013 lsst_hardware_i 640.3192924230825 39.24714762684704 31.229999542236328 AB 1.369524629848894 1.1315268216872296
62031.2134 lsst_hardware_u 5.408852719932271 3.381831991665608 28.280000686645508 AB 1.6053014278029312 1.1645980976744894
62033.1461 lsst_hardware_r 349.38542922629824 29.466690028653893 31.489999771118164 AB 7.5391430905146315 1.0488877730185207
62033.1582 lsst_hardware_u 5.425025202001248 3.7040205790449217 28.43000030517578 AB 7.537143510097899 1.0619683698239428
62035.1474 lsst_hardware_g 42.774888759623835 16.56752594583602 31.43000030517578 AB 3.57832914392967 1.0556840744230127
62035.1591 lsst_hardware_r 356.22179701036214 28.900197753976858 31.5 AB 3.6325418263464755 1.070546242844877
62037.1494 lsst_hardware_i 414.69272912010524 36.69659990928834 31.25 AB 3.731409557144682 1.0646974197673937
62037.1615 lsst_hardware_z 604.984336045879 47.97814189690579 30.950000762939453 AB 3.8089869932273204 1.0828420060820128
62039.1534 lsst_hardware_r 243.99202600594936 35.114505333956586 31.559999465942383 AB 3.117227563015925 1.0785010597450253
62039.1645 lsst_hardware_g 40.22257082693936 26.375425707674044 31.600000381469727 AB 3.179124696866472 1.0982697018193708
62041.164 lsst_hardware_r 183.01012788151922 55.329598371749725 31.6200008392334 AB 4.784980971743804 1.1084256058707849
62041.1766 lsst_hardware_i 322.17773171891514 52.33946567992292 31.290000915527344 AB 5.19475067082233 1.1381597233863059
62043.0663 lsst_hardware_i 300.5233992738588 67.36337730912383 31.329999923706055 AB 3.8496488541248914 1.0377344381682698
62043.0778 lsst_hardware_z 538.3142168160347 64.18710724690548 30.979999542236328 AB 3.852297784320742 1.0340119760182724
62048.0758 lsst_hardware_i 222.48069731540645 67.59330011426506 31.329999923706055 AB 2.901926136879272 1.0337562679615053
62048.0884 lsst_hardware_z 433.23382354165057 63.22635590183765 30.979999542236328 AB 3.6676682274700227 1.0374565384257692
62052.0527 lsst_hardware_u 17.086692642635313 5.120253122494252 28.520000457763672 AB 3.2284869943638133 1.0341085824355585
62052.0654 lsst_hardware_r 162.76856611019696 25.52879572837132 31.510000228881836 AB 3.3909561605897744 1.033828097740002
62054.1439 lsst_hardware_z 320.849817332403 46.30979161757642 30.940000534057617 AB 5.031368118459444 1.1455756189570683
62054.155 lsst_hardware_i 261.97997526365083 34.50365137950818 31.229999542236328 AB 5.3000507522415115 1.1781381340193045
62057.1324 lsst_hardware_r 129.9434850426542 25.437397512668472 31.479999542236328 AB 9.48619074463721 1.1368422575764643
62057.1435 lsst_hardware_i 225.75071274446861 34.179630858407975 31.229999542236328 AB 9.750321129574663 1.1678896186507004
62064.0857 lsst_hardware_z 221.35153062708392 44.501804329429504 30.950000762939453 AB 2.882043014709667 1.0794168594420321
62064.0969 lsst_hardware_r 53.49905842194623 25.179651685570096 31.5 AB 2.888248135093607 1.0995868534622495
62065.0828 lsst_hardware_u 2.0094353331946895 3.6931818114891026 28.440000534057617 AB 4.2645926746402 1.0791428471106745
62065.0944 lsst_hardware_r 89.77078533729029 25.102347521950787 31.489999771118164 AB 4.8270006300957 1.1000457224466045
62067.0862 lsst_hardware_i 225.66602925232917 34.49962714863905 31.25 AB 3.3936134847748134 1.094714027346714
62067.0979 lsst_hardware_z 272.75713456595025 45.42809667693986 30.940000534057617 AB 3.469810719700546 1.1192937805485632
62280.4308 lsst_hardware_g -3.166204677239601 20.979999542236328 31.579999923706055 AB 6.308950486047583 1.0335905338453588
62283.4139 lsst_hardware_i 19.259285974209213 62.060001373291016 31.329999923706055 AB 5.094400510094256 1.035447258149239
62283.4265 lsst_hardware_y -41.26401954970063 52.689998626708984 30.059999465942383 AB 4.39116597634748 1.0333978881796742
62285.4118 lsst_hardware_z 53.04641759016049 63.560001373291016 30.989999771118164 AB 8.412693538609558 1.034495957035996
62285.4253 lsst_hardware_y -16.607068260272964 55.15999984741211 30.059999465942383 AB 8.160571403340896 1.0336379231590478
62291.4203 lsst_hardware_z 42.36490593699515 62.560001373291016 31.709999084472656 AB 11.556157016050745 1.0365970801821405
62302.3959 lsst_hardware_g 11.753158499845824 13.579999923706055 31.40999984741211 AB 12.279534070890719 1.0393173145062153
62302.4091 lsst_hardware_r 19.93558650941307 22.399999618530273 31.489999771118164 AB 12.454792637040754 1.0490307684632
62306.3785 lsst_hardware_z -45.46851091823483 40.9900016784668 30.950000762939453 AB 3.01671823416219 1.0362574801038038
62306.3947 lsst_hardware_i 117.29140278406294 42.959999084472656 32.0 AB 3.0363919722218626 1.0460097510094262
62306.4119 lsst_hardware_u 1.898957473786736 2.759999990463257 28.489999771118164 AB 3.0913185085238415 1.0642592983212864
62308.3475 lsst_hardware_r 27.06747758683458 22.329999923706055 31.489999771118164 AB 3.5165375057281683 1.0348844925627334
62308.3601 lsst_hardware_u 1.9290929781352442 2.7100000381469727 28.469999313354492 AB 3.4558289462817036 1.033441670538835
62310.3295 lsst_hardware_y 104.6727108478225 49.04999923706055 30.049999237060547 AB 2.8008769122443207 1.040444618218544
62310.3425 lsst_hardware_r 55.72939708635973 45.2599983215332 31.6200008392334 AB 3.6206214169661513 1.034758907392487
62312.3273 lsst_hardware_i -105.86242052970752 72.27999877929688 31.329999923706055 AB 4.17568677886472 1.0385988754793483
62312.3414 lsst_hardware_z 5.689500367675244 63.95000076293945 30.989999771118164 AB 3.7504432252315514 1.0338444983639157
62315.3229 lsst_hardware_r 47.23205102164821 98.86000061035156 31.65999984741211 AB 5.616560159107503 1.036807708662134
62315.3343 lsst_hardware_i -73.45953131072932 78.95999908447266 31.34000015258789 AB 5.2250603434500835 1.033693128928284
62323.3438 lsst_hardware_i -32.55014149482471 30.989999771118164 31.260000228881836 AB 5.933446184531889 1.0426016841560164
62323.3556 lsst_hardware_z 112.95906289970809 41.68000030517578 30.950000762939453 AB 5.975990779983518 1.052744305697415
62325.3434 lsst_hardware_r -34.344108684241455 22.739999771118164 31.5 AB 1.5138237524716396 1.046482229947821
62325.3553 lsst_hardware_u 0.26041000191352287 2.740000009536743 28.469999313354492 AB 1.4964913624043474 1.0584013879207974
62327.2965 lsst_hardware_g -19.578257262304234 13.890000343322754 31.43000030517578 AB 8.211510328567483 1.034651336050839
62327.3092 lsst_hardware_r -1.244355021721669 22.639999389648438 31.5 AB 8.215990558060046 1.0335012652178481
62328.2864 lsst_hardware_i -11.074002819575036 30.25 31.239999771118164 AB 8.995702728496276 1.037247604946146
62328.2986 lsst_hardware_z -40.44134841950622 40.93000030517578 30.950000762939453 AB 8.795147236086292 1.0337198878836766
62330.2956 lsst_hardware_r -24.349456528169373 22.690000534057617 31.5 AB 6.30422097487425 1.033478848340041
62330.3061 lsst_hardware_g -12.949644236645415 13.90999984741211 31.40999984741211 AB 6.308722891216004 1.0342168674124597
62332.3346 lsst_hardware_r 4.113342849958145 22.639999389648438 31.489999771118164 AB 3.8897929522166566 1.0565782839105409
62332.347 lsst_hardware_i 8.56343309256076 30.59000015258789 31.239999771118164 AB 4.012138456479214 1.0727642931762602
62334.3822 lsst_hardware_i -42.18125192512719 31.43000030517578 31.239999771118164 AB 2.6704819039334597 1.1610790886667217
62334.3933 lsst_hardware_u 3.8949226805148784 2.630000114440918 28.329999923706055 AB 2.7514492996245106 1.1962823041845698
62343.2303 lsst_hardware_z -104.5664375819776 82.87000274658203 31.0 AB 10.666007833079675 1.0471157052265436
62343.2433 lsst_hardware_r -57.44242315279019 125.05000305175781 31.65999984741211 AB 10.411209922228032 1.038274389937059
62347.2346 lsst_hardware_r -27.162605604696775 55.11000061035156 31.639999389648438 AB 4.667475437087076 1.0372167637971281
62347.2465 lsst_hardware_i 68.9590067142677 48.400001525878906 31.309999465942383 AB 4.6518833854788575 1.033751863439746
62348.2323 lsst_hardware_z 121.4177817647308 46.40999984741211 30.959999084472656 AB 3.318486280262583 1.0370269625820572
62348.2442 lsst_hardware_r -56.51365500274462 44.31999969482422 31.6200008392334 AB 3.307827068153025 1.0336959587978203
62351.2153 lsst_hardware_r 0.48249128655808254 23.049999237060547 31.510000228881836 AB 2.3454821849170977 1.0418962841121333
62351.228 lsst_hardware_u -0.07223879526960221 2.700000047683716 28.440000534057617 AB 2.290766425004401 1.03553066752252
62354.2189 lsst_hardware_z 10.277663674218545 41.15999984741211 30.950000762939453 AB 2.2985404200771598 1.0358451645234257
62354.231 lsst_hardware_r -7.386525790524232 22.889999389648438 31.5 AB 2.339171912761372 1.0334313729893407
62356.2163 lsst_hardware_u 3.9831795701628954 2.75 28.479999542236328 AB 3.20828345771676 1.0349301476505677
62356.2278 lsst_hardware_g -24.12625480582802 14.300000190734863 31.440000534057617 AB 3.203548918341747 1.0334028768844346
62364.233 lsst_hardware_g -28.69188427573769 14.170000076293945 31.43000030517578 AB 4.611123467657768 1.0434176540493902
62364.2438 lsst_hardware_i 13.799669480767507 30.860000610351562 31.260000228881836 AB 4.661141393144938 1.052889404369762
62371.2401 lsst_hardware_z 55.501110124529 79.4000015258789 30.989999771118164 AB 2.2107614464294674 1.072144251420692
62371.2513 lsst_hardware_r 20.459576884576524 118.72000122070312 31.649999618530273 AB 2.083490012955257 1.0906421285754269
62378.1021 lsst_hardware_r 25.341004158761322 22.760000228881836 31.479999542236328 AB 3.4204925995384907 1.0904575116085604
62378.1091 lsst_hardware_z 29.176054250095575 41.349998474121094 30.940000534057617 AB 3.3653271392742394 1.0784576636033454
62382.1358 lsst_hardware_g -7.460857203156508 13.800000190734863 31.40999984741211 AB 1.4543344236006732 1.0388103025719095
62382.1485 lsst_hardware_r -3.499837522050195 22.510000228881836 31.489999771118164 AB 1.44783374759939 1.034166962570993
62385.1374 lsst_hardware_i 1.412901844455958 30.43000030517578 31.260000228881836 AB 0.6563586079026135 1.0348578760782239
62385.1501 lsst_hardware_z 59.81592611183754 41.02000045776367 30.950000762939453 AB 0.6758839287889749 1.0334616648149462
62387.1397 lsst_hardware_r -10.937100728209522 22.40999984741211 31.489999771118164 AB 2.6948696562581054 1.0335070589676338
62387.1513 lsst_hardware_u 2.936326776861785 2.5899999141693115 28.3700008392334 AB 2.721520734883058 1.0344054484542218
62389.1377 lsst_hardware_g 14.011071148886463 13.710000038146973 31.40999984741211 AB 3.7373264310145964 1.0334097693943305
62389.1498 lsst_hardware_i 11.123161984407036 30.239999771118164 31.25 AB 3.771691005977889 1.0355150560934994
62390.1197 lsst_hardware_r 28.587405747132102 22.459999084472656 31.489999771118164 AB 2.7028956170962517 1.0361877006311104
62390.1307 lsst_hardware_z 0.26780636417399367 40.869998931884766 30.950000762939453 AB 2.79065388519781 1.0335755130362259
62399.1958 lsst_hardware_z -23.78028633918841 68.3499984741211 30.979999542236328 AB 7.063343927297763 1.1365451429740154
62399.2097 lsst_hardware_r 6.062508325217731 95.37000274658203 31.6200008392334 AB 6.830848370912963 1.176177760014901
62401.152 lsst_hardware_z 7.198120959645086 95.4000015258789 31.739999771118164 AB 3.5910211844916895 1.0635860947255473
62406.0737 lsst_hardware_u 3.0504203508718404 2.7100000381469727 28.479999542236328 AB 2.9040003442736215 1.037142980097722
62406.0863 lsst_hardware_g -12.657574684300757 13.600000381469727 31.420000076293945 AB 3.3559258567343115 1.033652727947078
62411.0743 lsst_hardware_u -2.212254711156681 2.700000047683716 28.459999084472656 AB 5.014297606372798 1.0335028817175491
62411.0859 lsst_hardware_g 10.801562286513644 13.8100004196167 31.43000030517578 AB 4.701017896436847 1.0344411698617773
62418.0573 lsst_hardware_r -42.22304105626053 22.40999984741211 31.5 AB 3.5136112963265442 1.033415087154866
62418.0698 lsst_hardware_i 23.94966660633161 30.200000762939453 31.25 AB 3.5198837083071504 1.0352599142079855
62423.1363 lsst_hardware_z 69.66474650744766 45.970001220703125 30.940000534057617 AB 9.611114260854686 1.152780376721793
62425.143 lsst_hardware_y 110.47829029561835 74.31999969482422 30.75 AB 9.359598746781918 1.190094675087502
62427.1325 lsst_hardware_r 113.87669970546628 73.18000030517578 31.6200008392334 AB 7.163654159103971 1.173856373023373
62427.1435 lsst_hardware_i 75.95560711870502 62.04999923706055 31.290000915527344 AB 7.4154634849482415 1.21081970580991
62433.0847 lsst_hardware_z -18.705717168856527 54.029998779296875 30.969999313354492 AB 3.3966703462504184 1.0957001116936833
62433.0953 lsst_hardware_r 2.738599178989704 69.55999755859375 31.6299991607666 AB 3.465672865572104 1.117958988894227
62435.0747 lsst_hardware_u 1.3013454748119635 2.700000047683716 28.43000030517578 AB 2.3886846601153175 1.08733085203646
62435.085 lsst_hardware_g 23.679887745078627 14.0 31.40999984741211 AB 2.5460868989317538 1.1073152648296987
62437.08 lsst_hardware_r -31.510237318601366 23.06999969482422 31.479999542236328 AB 2.8837827264905775 1.1082946681360066
62437.0911 lsst_hardware_z -33.93865534443403 42.630001068115234 30.940000534057617 AB 4.303375306475648 1.1341584748682716
62438.0803 lsst_hardware_r -25.559124632573127 22.989999771118164 31.479999542236328 AB 2.712491797397869 1.1149135663218877
62438.0915 lsst_hardware_u 3.1063598299169586 2.630000114440918 28.350000381469727 AB 3.344993609924881 1.1422858087392878
