data/validation/pwv_sim_epoch_fit_epoch/40370145.ecsv
# %ECSV 0.9
# ---
# datatype:
# - {name: time, datatype: float64}
# - {name: band, datatype: string}
# - {name: flux, datatype: float64}
# - {name: fluxerr, datatype: float64}
# - {name: zp, datatype: float64}
# - {name: zpsys, datatype: string}
# - {name: pwv, datatype: float64}
# - {name: airmass, datatype: float64}
# meta: {SNID: '40370145', alt: 1024.0, c: -0.030416814610362053, dec: -46.964977, lat: -30.244573, lon: -70.7499537, ra: 193.891296,
#   t0: 63053.98046875, x0: 5.337252523139159e-06, x1: 0.8611219525337219, z: 0.596972644329071}
# schema: astropy-2.0
time band flux fluxerr zp zpsys pwv airmass
62895.3663 lsst_hardware_r 2.0374064479613327 23.579999923706055 31.520000457763672 AB 12.09490452549557 1.0473290107226645
62895.3779 lsst_hardware_y -23.83428591869581 62.400001525878906 30.06999969482422 AB 12.287779197775953 1.045101356391746
62897.3676 lsst_hardware_z 10.434470534094265 41.97999954223633 30.959999084472656 AB 12.12040290738539 1.0456134787104578
62897.3791 lsst_hardware_y -20.560547051739583 61.279998779296875 30.059999465942383 AB 12.3972705983488 1.045374514652418
62908.3345 lsst_hardware_r 13.283630225121586 104.87000274658203 32.400001525878906 AB 4.634897678401971 1.0462522976076774
62908.3399 lsst_hardware_z -172.4010134437663 82.04000091552734 31.729999542236328 AB 4.670126662826982 1.0452972218291137
62910.3611 lsst_hardware_r -139.56421179500808 58.06999969482422 31.639999389648438 AB 5.882643698084323 1.0515048168887877
62910.3723 lsst_hardware_y -26.68367623398601 50.88999938964844 30.049999237060547 AB 5.891131345492774 1.0596195237411308
62912.3485 lsst_hardware_g 41.32614316125394 28.850000381469727 31.639999389648438 AB 4.257715240049537 1.0480529821660398
62912.3593 lsst_hardware_r 2.9977037029379026 33.34000015258789 31.579999923706055 AB 4.272861152037233 1.053791516625497
62914.346 lsst_hardware_i -41.11659248932697 43.52000045776367 32.0 AB 4.298558983693599 1.0493247854738434
62914.3567 lsst_hardware_z 0.3419428775026003 41.22999954223633 30.950000762939453 AB 4.192152662756874 1.0558248741360023
62917.3536 lsst_hardware_r -8.305344306090769 22.3799991607666 31.5 AB 4.123425317281953 1.059983800847956
62917.3634 lsst_hardware_u 3.5411138319449695 2.7899999618530273 28.530000686645508 AB 4.0112543402277545 1.0699769285067475
62919.2972 lsst_hardware_i 49.85281121635072 30.110000610351562 31.25 AB 11.73364011961966 1.0487232533064896
62919.3091 lsst_hardware_u -2.1763315546941633 2.6500000953674316 28.43000030517578 AB 11.686968442378948 1.045392767331182
62923.3007 lsst_hardware_i -2.671281337163943 30.1200008392334 31.25 AB 6.84924157472467 1.045153851687386
62923.3137 lsst_hardware_r -20.796934616413143 22.170000076293945 31.489999771118164 AB 6.886223323086902 1.0464854855002637
62925.289 lsst_hardware_u 3.9738011010376146 2.5899999141693115 28.3799991607666 AB 5.717863378886008 1.046046293054732
62925.3023 lsst_hardware_g 33.01784646038024 13.289999961853027 31.399999618530273 AB 5.476029222013748 1.0453429840629471
62929.2937 lsst_hardware_z 43.19985836506497 40.880001068115234 30.940000534057617 AB 7.616502939969477 1.0456842889952946
62929.3059 lsst_hardware_r 27.91995256938446 22.0 31.479999542236328 AB 7.6602083707024295 1.0497390620716947
62932.2745 lsst_hardware_i 56.056426015759115 58.11000061035156 31.31999969482422 AB 10.115667797955656 1.0452949639662086
62935.2742 lsst_hardware_z -78.2566659044074 71.12999725341797 30.989999771118164 AB 9.8489858744856 1.0452624966288777
62935.2856 lsst_hardware_r -91.9586375955184 105.0199966430664 31.65999984741211 AB 9.881531701896412 1.0480213922202215
62937.2769 lsst_hardware_i 40.48863515643623 70.19000244140625 31.329999923706055 AB 8.36926227142233 1.046899337625276
62937.2895 lsst_hardware_r 1.8133988882209584 86.1500015258789 31.649999618530273 AB 8.397430023004258 1.0527932662883017
62939.2786 lsst_hardware_z 91.74715060187775 72.22000122070312 31.719999313354492 AB 11.440723247484005 1.0497440720109499
62943.2308 lsst_hardware_i 29.00740397188851 30.209999084472656 31.260000228881836 AB 6.189827220609846 1.0491232577304823
62943.2422 lsst_hardware_z 35.589340706011185 41.06999969482422 30.959999084472656 AB 6.169058750758892 1.0456031780947275
62946.2278 lsst_hardware_i 10.919662676884668 30.290000915527344 31.260000228881836 AB 5.941725962121093 1.0471078017630757
62946.2399 lsst_hardware_u 4.325414242981718 2.759999990463257 28.510000228881836 AB 5.945771035335002 1.0450887261651363
62952.231 lsst_hardware_g 7.037701444635884 13.670000076293945 31.43000030517578 AB 6.5879790565962555 1.045710961364485
62952.2436 lsst_hardware_r 9.323489703542883 22.469999313354492 31.510000228881836 AB 6.61496408342205 1.049994298955881
62954.2114 lsst_hardware_r -15.780550976728355 22.549999237060547 31.510000228881836 AB 7.101969786533568 1.0457401275940548
62954.2236 lsst_hardware_i -5.773912350927149 30.40999984741211 31.260000228881836 AB 6.919857288085352 1.045414101006238
62956.2122 lsst_hardware_z 16.465781726038596 41.060001373291016 30.950000762939453 AB 3.89003588498761 1.045099866114076
62956.2231 lsst_hardware_r 17.97476961052423 22.5 31.510000228881836 AB 4.045520457172012 1.046368045825335
62958.2128 lsst_hardware_z -53.996081701758975 44.52000045776367 30.959999084472656 AB 8.941054596468211 1.0454316979208729
62958.2243 lsst_hardware_g 3.4471035227306444 27.649999618530273 31.639999389648438 AB 8.947178340840626 1.0486408306808368
62960.2061 lsst_hardware_r -0.5925853473867497 58.65999984741211 31.639999389648438 AB 4.718955685071382 1.045288666534806
62960.2192 lsst_hardware_z 90.24522286160065 50.91999816894531 30.969999313354492 AB 5.7683850341367 1.0487972789339455
62962.2053 lsst_hardware_r 70.14459090225452 95.56999969482422 31.65999984741211 AB 14.559744327904827 1.046033790351642
62962.2172 lsst_hardware_y 22.137776932261172 55.619998931884766 30.049999237060547 AB 15.561557674697227 1.0504629185025878
62965.2019 lsst_hardware_z 0.8569045803721672 74.70999908447266 30.989999771118164 AB 8.361229018799632 1.047379308380262
62965.2127 lsst_hardware_r 133.61135385683625 109.7300033569336 31.65999984741211 AB 7.824906549237756 1.0525836089907614
62968.1909 lsst_hardware_i 35.0353182537346 46.09000015258789 31.309999465942383 AB 6.802385702000283 1.0465208772308128
62968.2019 lsst_hardware_z -110.86780178036861 48.77000045776367 30.969999313354492 AB 6.831822319961368 1.0510495876863644
62970.1953 lsst_hardware_r 10.095500854074523 29.06999969482422 31.559999465942383 AB 5.917368166685117 1.0504359236116125
62970.2058 lsst_hardware_z 45.30327123685317 43.150001525878906 30.959999084472656 AB 5.747191753606046 1.0573923469216773
62975.194 lsst_hardware_u 0.5181743307441925 2.759999990463257 28.489999771118164 AB 9.526619478969936 1.0589250796387413
62975.2065 lsst_hardware_g 2.569319403493792 13.979999542236328 31.43000030517578 AB 9.641640431351009 1.0717101574335586
62977.1295 lsst_hardware_u 4.577183372111903 2.7699999809265137 28.5 AB 7.73373841983593 1.0539300108797942
62977.1409 lsst_hardware_g -15.789924393191832 13.880000114440918 31.43000030517578 AB 7.686963522797831 1.0479126879964327
62979.143 lsst_hardware_r 25.006369532162733 22.540000915527344 31.489999771118164 AB 5.685098259437305 1.0457757202919853
62979.1544 lsst_hardware_i -25.015708927638062 30.280000686645508 31.239999771118164 AB 5.702186578225084 1.0453137631943326
62984.1396 lsst_hardware_z 16.82380332777201 40.97999954223633 30.940000534057617 AB 2.1821416643534053 1.0452121491334714
62984.1509 lsst_hardware_r 9.41396232103818 22.56999969482422 31.489999771118164 AB 2.1775496684458036 1.047696404368295
62988.1773 lsst_hardware_z 35.95755269652995 48.83000183105469 30.959999084472656 AB 8.50572866254417 1.0798182890116168
62988.1905 lsst_hardware_r 53.30879425149308 48.939998626708984 31.610000610351562 AB 8.764873166204357 1.1006307736804617
62995.1192 lsst_hardware_z -106.33983911607375 83.54000091552734 31.729999542236328 AB 8.896400024868678 1.0471280631908089
62997.1035 lsst_hardware_r -12.123329260434422 39.400001525878906 31.610000610351562 AB 8.186856381899728 1.045175077479858
62997.1159 lsst_hardware_i -0.5559588007693524 41.529998779296875 31.299999237060547 AB 8.13629825019453 1.0478843776411688
63002.1059 lsst_hardware_u 3.489561817933935 2.700000047683716 28.459999084472656 AB 5.733073247343261 1.049436801636941
63002.1173 lsst_hardware_g -2.343931949045873 13.789999961853027 31.43000030517578 AB 5.766469063938166 1.056516867705663
63005.1001 lsst_hardware_r -8.6740156093353 22.420000076293945 31.489999771118164 AB 8.424033930546692 1.050640300641892
63005.1137 lsst_hardware_z 39.960237535451206 41.619998931884766 30.950000762939453 AB 8.504042801193064 1.060343446289171
63010.0912 lsst_hardware_i -12.332399035567246 30.440000534057617 31.25 AB 9.124326534838927 1.0534754596000069
63010.1036 lsst_hardware_r -21.063129896855788 22.3700008392334 31.479999542236328 AB 9.251149433270605 1.0636969242784744
63013.086 lsst_hardware_u 3.8793514818485475 3.880000114440918 29.190000534057617 AB 6.491726205997908 1.0555652367476274
63013.0971 lsst_hardware_g 7.558386216394403 14.3100004196167 31.43000030517578 AB 6.54768930299177 1.0654156266732826
63019.0873 lsst_hardware_z -81.28176332399924 86.12000274658203 31.729999542236328 AB 10.260312145033058 1.0728616244087477
63022.0807 lsst_hardware_r -32.05325242750863 104.82062744552414 31.649999618530273 AB 10.225728035609642 1.0748461548939743
63031.0193 lsst_hardware_z 211.77132904433336 42.8005312723931 30.940000534057617 AB 14.542719828983357 1.046652979882929
63031.0306 lsst_hardware_u -1.4061253885070095 2.9826796742562296 28.389999389648438 AB 14.658052275875002 1.0514724920824452
63036.0145 lsst_hardware_g 171.12476530291127 19.236740950485185 31.420000076293945 AB 4.1949933474638526 1.0501485349125133
63036.0271 lsst_hardware_r 727.7014325337594 35.1575216741874 31.489999771118164 AB 4.18061923344564 1.058652629386027
63039.9539 lsst_hardware_y 646.1455295061702 94.51467495321674 30.809999465942383 AB 6.0180124560314185 1.056533085679673
63039.9598 lsst_hardware_r 1250.1085078981287 42.38960749175189 31.520000457763672 AB 8.980297599091555 1.052440291316861
63044.0029 lsst_hardware_z 863.4711347846383 51.73991720061401 30.950000762939453 AB 8.670582915260383 1.0567438044193032
63044.0173 lsst_hardware_i 1284.2101971069048 49.12911799395265 31.260000228881836 AB 8.749380557071122 1.0707845498802009
63046.0011 lsst_hardware_z 2017.9542749888255 81.68275384223439 31.719999313354492 AB 4.952248552520676 1.0597767745027116
