data/validation/pwv_sim_epoch_fit_epoch/40439316.ecsv
# %ECSV 0.9
# ---
# datatype:
# - {name: time, datatype: float64}
# - {name: band, datatype: string}
# - {name: flux, datatype: float64}
# - {name: fluxerr, datatype: float64}
# - {name: zp, datatype: float64}
# - {name: zpsys, datatype: string}
# - {name: pwv, datatype: float64}
# - {name: airmass, datatype: float64}
# meta: {SNID: '40439316', alt: 1024.0, c: -0.12071559578180313, dec: -49.896984, lat: -30.244573, lon: -70.7499537, ra: 330.069763, t0: 62453.546875,
#   x0: 2.1908138057468694e-06, x1: 0.281919926404953, z: 0.8577106595039368}
# schema: astropy-2.0
time band flux fluxerr zp zpsys pwv airmass
62283.4135 lsst_hardware_i -93.9981836075554 62.560001373291016 31.329999923706055 AB 5.291414060191007 1.065850349519792
62283.426 lsst_hardware_y -49.4547412306413 52.900001525878906 30.049999237060547 AB 4.527069729816896 1.0615710469730872
62285.4179 lsst_hardware_z 46.570937373560895 63.0 30.979999542236328 AB 8.425657778965265 1.062146959277886
62285.4314 lsst_hardware_y -101.14214009645387 62.06999969482422 30.059999465942383 AB 8.373644945476897 1.0610295166595156
62288.4172 lsst_hardware_i 79.35056787925652 54.400001525878906 31.309999465942383 AB 6.67293657692667 1.0609645563123469
62288.4315 lsst_hardware_y 39.300327855457944 56.06999969482422 30.049999237060547 AB 6.639374691162371 1.0625974778797858
62291.4214 lsst_hardware_z 94.26814246467403 62.900001525878906 31.700000762939453 AB 11.835854364428284 1.0620831267433852
62302.3973 lsst_hardware_g 6.033623966130659 13.430000305175781 31.399999618530273 AB 12.575491016555207 1.063976339603633
62302.4105 lsst_hardware_r -5.919221823742366 22.329999923706055 31.489999771118164 AB 12.725004288959138 1.0713988624197304
62308.3887 lsst_hardware_g -4.479632541412226 13.460000038146973 31.399999618530273 AB 3.2463234178999043 1.0678110030919041
62308.4017 lsst_hardware_r 3.4044842879697765 22.34000015258789 31.479999542236328 AB 3.287346717206976 1.0777008142958067
62310.3286 lsst_hardware_y -90.65053189513206 49.66999816894531 30.040000915527344 AB 2.7960145538111774 1.0730515109932452
62310.3415 lsst_hardware_r 25.411598018802877 46.130001068115234 31.6200008392334 AB 3.6703548465308375 1.0650286098022497
62312.3259 lsst_hardware_i 121.82702249672747 73.02999877929688 31.329999923706055 AB 4.307009581681973 1.070973600368491
62312.3399 lsst_hardware_z 36.88603455484207 64.66999816894531 30.989999771118164 AB 3.8398645508128473 1.0634534517240994
62314.3338 lsst_hardware_r -43.36503698972101 149.85000610351562 32.40999984741211 AB 7.658556552776572 1.0636884101078572
62314.3482 lsst_hardware_z 47.863179781002906 102.01000213623047 31.739999771118164 AB 7.638359095092983 1.060883207651803
62315.328 lsst_hardware_r 33.27636965848842 96.58999633789062 31.649999618530273 AB 5.757262329742878 1.0649599672732137
62315.3394 lsst_hardware_i -58.148929275833844 77.01000213623047 31.329999923706055 AB 5.395264889453304 1.061433186986682
62325.3429 lsst_hardware_r -35.103822393637984 22.579999923706055 31.5 AB 1.583216349342564 1.0681770039419076
62325.3548 lsst_hardware_u -6.589542310442566 2.7200000286102295 28.469999313354492 AB 1.561470523820472 1.077247688044748
62328.2931 lsst_hardware_i 53.58015490687823 30.34000015258789 31.239999771118164 AB 9.124722679555772 1.064697375170612
62328.3053 lsst_hardware_z 52.054366046819176 41.25 30.940000534057617 AB 9.10505810502543 1.061226504854523
62330.3007 lsst_hardware_r -10.090488651285003 22.43000030517578 31.479999542236328 AB 6.472848592491502 1.0611227200805742
62330.3112 lsst_hardware_g -6.997677134535147 13.579999923706055 31.389999389648438 AB 6.4741805355582995 1.061341071403
62332.3356 lsst_hardware_r 24.356108989433054 22.709999084472656 31.489999771118164 AB 4.031293650191431 1.0771659719950384
62332.348 lsst_hardware_i 58.67860993305639 30.809999465942383 31.239999771118164 AB 3.963806468194806 1.09060571418209
62334.3831 lsst_hardware_i -14.676998297128641 31.65999984741211 31.229999542236328 AB 2.6827927943020766 1.1664316496965552
62334.3943 lsst_hardware_u 1.9201969121272147 2.5999999046325684 28.299999237060547 AB 2.7537342435506047 1.1972757580654805
62343.2368 lsst_hardware_z -116.67165895614963 76.95999908447266 30.989999771118164 AB 10.865355345726028 1.0744391405815554
62343.2499 lsst_hardware_r -5.544545646652218 114.68000030517578 31.649999618530273 AB 10.742655736096713 1.0657484671100173
62345.2476 lsst_hardware_y 51.420564935463545 75.58000183105469 30.790000915527344 AB 2.707607133593464 1.0643109801861101
62348.2337 lsst_hardware_z 100.35285839972855 46.61000061035156 30.959999084472656 AB 3.414703158111219 1.0670947369097559
62348.2457 lsst_hardware_r 23.28796483012802 43.79999923706055 31.610000610351562 AB 3.399039758349931 1.0621999244843534
62351.233 lsst_hardware_u 2.1197573112858765 2.7100000381469727 28.450000762939453 AB 2.353598983319275 1.0636133087230284
62351.2445 lsst_hardware_r 8.018430248941435 23.1299991607666 31.5 AB 2.3816309878914943 1.0610176661233268
62352.2339 lsst_hardware_i -7.826516616228234 30.56999969482422 31.239999771118164 AB 1.5511566912649188 1.062436089907855
62352.2455 lsst_hardware_z -41.427297026848365 41.369998931884766 30.950000762939453 AB 1.663380659153926 1.0608858841268727
62354.2185 lsst_hardware_z -22.502732872915786 41.38999938964844 30.940000534057617 AB 2.413914286781351 1.0664520816352336
62354.2306 lsst_hardware_r 1.7447736594503576 22.799999237060547 31.489999771118164 AB 2.3677555272018243 1.0618928252951338
62356.2153 lsst_hardware_u 3.701828907726624 2.700000047683716 28.440000534057617 AB 3.3024909032031147 1.065319646194553
62356.2268 lsst_hardware_g 0.9595829372228695 13.960000038146973 31.420000076293945 AB 3.290820186134442 1.0615548987530459
62360.023 lsst_hardware_r 16.14419657049509 25.049999237060547 31.360000610351562 AB 4.030607538571903 1.8038073567115251
62360.0313 lsst_hardware_i -33.54171753686266 35.31999969482422 31.15999984741211 AB 3.873246004168281 1.7183877569513224
62362.2939 lsst_hardware_r -24.080088330217606 23.209999084472656 31.479999542236328 AB 3.8040370249640527 1.1368909219856702
62362.305 lsst_hardware_i -2.7437510293558605 31.75 31.239999771118164 AB 3.9509744218014142 1.1622791984118692
62367.2833 lsst_hardware_r 59.90471213045665 45.95000076293945 31.600000381469727 AB 2.761145005507744 1.1434496347480048
62367.2935 lsst_hardware_i 9.624396680875149 43.959999084472656 31.280000686645508 AB 3.1385941381466393 1.1677041501134642
62369.2838 lsst_hardware_z -19.254228524604343 89.19000244140625 31.719999313354492 AB 1.1918921326111218 1.157176827777788
62371.2396 lsst_hardware_z -42.633158458177014 77.02999877929688 30.989999771118164 AB 2.258672052243608 1.088254421702642
62371.2508 lsst_hardware_r 382.11947044626294 115.12000274658203 31.639999389648438 AB 2.100561252626032 1.1034774342911344
62376.0371 lsst_hardware_z -34.69147847891373 45.11000061035156 30.920000076293945 AB 4.8130319254682155 1.3650764146920016
62376.0432 lsst_hardware_g 17.402105450831268 13.890000343322754 31.329999923706055 AB 4.672481103610808 1.3349946010316596
62380.2311 lsst_hardware_g 19.77156594967164 15.670000076293945 31.450000762939453 AB 1.8756865951924073 1.1112436012001425
62380.241 lsst_hardware_r -7.11710362711908 26.18000030517578 31.510000228881836 AB 1.8566774492773086 1.129251362966432
62385.1384 lsst_hardware_i -31.3565075377016 30.469999313354492 31.260000228881836 AB 0.7075053101916123 1.064317879189593
62385.1511 lsst_hardware_z 17.100097466975235 41.15999984741211 30.950000762939453 AB 0.6432789028592198 1.0610786026543833
62390.1349 lsst_hardware_z -54.47694706144745 41.040000915527344 30.940000534057617 AB 2.865797775024497 1.0614065833424062
62390.1469 lsst_hardware_r -4.333944685555994 22.329999923706055 31.479999542236328 AB 2.8654734314895505 1.0612864561072408
62393.1164 lsst_hardware_r 28.270829035813627 27.139999389648438 31.540000915527344 AB 1.3656071545208055 1.064385934934377
62393.1285 lsst_hardware_y 18.577784630411326 47.439998626708984 30.040000915527344 AB 1.7921247122962694 1.0611613810103242
62396.0514 lsst_hardware_r -32.12019411205071 56.400001525878906 31.610000610351562 AB 0.4375118393139746 1.1314961361547111
62396.0574 lsst_hardware_i 2.176520221113913 50.11000061035156 31.299999237060547 AB 0.31089440968505794 1.1200038775775922
62399.1967 lsst_hardware_z 35.754048354806585 66.76000213623047 30.969999313354492 AB 7.185369933650808 1.1451701225038573
62399.2106 lsst_hardware_r -17.780364276814367 92.1500015258789 31.610000610351562 AB 6.897347372731431 1.1795378149177727
62401.1982 lsst_hardware_i -90.92639790676482 77.08999633789062 31.309999465942383 AB 2.604108637898463 1.1615114352803135
62401.211 lsst_hardware_z -27.928060199441312 68.69000244140625 30.969999313354492 AB 2.4970564758816605 1.1961947189846927
62406.0732 lsst_hardware_u -2.715287496125485 2.690000057220459 28.459999084472656 AB 2.9914352242024846 1.0683697229294589
62406.0859 lsst_hardware_g -21.422442783593322 13.489999771118164 31.399999618530273 AB 3.5185797002920935 1.0626137260225272
62411.0758 lsst_hardware_u 6.007041684449001 2.690000057220459 28.450000762939453 AB 5.191079948380344 1.0617333841346512
62411.0874 lsst_hardware_g 5.520522442806371 13.470000267028809 31.40999984741211 AB 4.79895328095335 1.061050215046619
62414.071 lsst_hardware_r -17.589240611026188 22.299999237060547 31.489999771118164 AB 2.9957319671284885 1.0611873776579062
62414.0837 lsst_hardware_u 1.0281474191952118 2.6500000953674316 28.40999984741211 AB 3.759173844311227 1.0616885813205952
62416.0577 lsst_hardware_u 2.712939312939872 2.609999895095825 28.3799991607666 AB 4.478748547524541 1.0628890056414289
62416.0687 lsst_hardware_g -10.098374723708671 13.470000267028809 31.389999389648438 AB 4.828588719990937 1.0609368239474732
62418.0564 lsst_hardware_r -4.47732503219295 22.319354557329444 31.479999542236328 AB 3.7672493652297807 1.0617951987675152
62418.0688 lsst_hardware_i -3.7073081240642893 30.399168543610028 31.239999771118164 AB 3.3063882864092644 1.0611002202845408
62420.1411 lsst_hardware_r 37.604661395465556 22.63563055546758 31.459999084472656 AB 5.164473393305587 1.1491077786779897
62420.1522 lsst_hardware_u -2.051364774945548 2.5630648864671266 28.290000915527344 AB 5.283292192514089 1.17667977561561
62425.144 lsst_hardware_y -46.7322308382112 73.70988066739461 30.75 AB 9.31327738370782 1.1919087997066478
62429.0805 lsst_hardware_r 102.18691768616101 78.51481959115662 31.639999389648438 AB 3.145769334722878 1.0874040621251877
62429.0916 lsst_hardware_i 153.13337346450646 64.34445054345444 31.309999465942383 AB 3.554185038743651 1.1022437707376804
62433.0842 lsst_hardware_z 135.5393590787662 55.72059140892378 30.969999313354492 AB 3.4338658710199974 1.1076986680709668
62433.0948 lsst_hardware_r 155.2348651583469 70.91508787079124 31.6299991607666 AB 3.491771483488049 1.1263778978993706
62435.0799 lsst_hardware_u 2.6297517455051715 2.954022203352535 28.389999389648438 AB 2.429883203485428 1.1095779307365246
62435.0902 lsst_hardware_g 102.83185098679597 16.778687684129714 31.399999618530273 AB 2.584081896461505 1.1280505932386284
62437.0805 lsst_hardware_r 311.09198304313213 29.491998254907056 31.479999542236328 AB 2.959730232054515 1.1200492836532903
62437.0916 lsst_hardware_z 367.22168664088457 46.0213376154968 30.940000534057617 AB 4.303181205537862 1.1422353226520603
62438.0812 lsst_hardware_r 415.49861662503304 30.146599999841197 31.469999313354492 AB 2.7059031255276516 1.1264817868632029
62438.0924 lsst_hardware_u 1.509840848865678 2.9439906783729093 28.350000381469727 AB 3.404057234491099 1.1501488572442695
62440.0801 lsst_hardware_g 139.51396618245343 17.852597320605607 31.389999389648438 AB 4.686499535087993 1.1352037630410965
62440.0909 lsst_hardware_r 520.3616948128106 31.61344987227748 31.479999542236328 AB 5.756552205294523 1.159543197762877
62646.4046 lsst_hardware_g 4.939761739940073 22.34000015258789 31.579999923706055 AB 8.451976862139318 1.076273635825684
62646.4173 lsst_hardware_y 12.273439316254361 48.060001373291016 30.040000915527344 AB 9.047153084119335 1.0670700105112148
62652.3912 lsst_hardware_r 24.686881619148913 22.3700008392334 31.489999771118164 AB 7.9456391980334 1.0737350267612702
62652.4082 lsst_hardware_z -14.145791061216228 41.20000076293945 30.940000534057617 AB 7.871100608827281 1.063662244436119
62655.4173 lsst_hardware_u 0.20739071057709868 2.6500000953674316 28.3700008392334 AB 11.442996446878922 1.0609119642943559
62655.4312 lsst_hardware_y -11.553813123195 50.119998931884766 30.030000686645508 AB 11.472974585739244 1.0641188362101839
62657.4094 lsst_hardware_i -35.339717686300375 30.190000534057617 31.239999771118164 AB 4.87989645396698 1.0608470552102132
62657.4244 lsst_hardware_y 124.79741495353399 47.529998779296875 30.040000915527344 AB 4.679831075936593 1.0635979718037711
62675.3989 lsst_hardware_z 8.909702688880108 42.81999969482422 30.950000762939453 AB 3.5329788171968795 1.0795412967600977
62675.4132 lsst_hardware_r 69.32958595184868 29.299999237060547 31.549999237060547 AB 3.6035510074519013 1.0964151138291789
62676.3298 lsst_hardware_i 23.17383814194906 31.739999771118164 31.25 AB 3.6861038927022713 1.070608159367491
62676.3434 lsst_hardware_r -65.63342222798853 25.360000610351562 31.530000686645508 AB 3.638850933578543 1.0633955435049036
62678.3336 lsst_hardware_u -2.822893213733078 2.6700000762939453 28.420000076293945 AB 5.755728513291403 1.065185252760487
62678.3461 lsst_hardware_g -0.10687864822058481 13.859999656677246 31.420000076293945 AB 5.7348073471960985 1.0613134722302189
62680.332 lsst_hardware_r 20.628468707430343 22.25 31.479999542236328 AB 5.767030162411724 1.0635698338498292
62680.3449 lsst_hardware_i -46.67393609142773 30.25 31.239999771118164 AB 5.375255460698481 1.0608882342129533
62682.4029 lsst_hardware_r 0.7736015643817602 22.520000457763672 31.469999313354492 AB 4.514647652443428 1.109704461886955
62682.416 lsst_hardware_u -1.1645519949799341 2.640000104904175 28.3700008392334 AB 4.623372779116635 1.1338280337897413
62686.4078 lsst_hardware_g 1.6118708470134533 13.789999961853027 31.389999389648438 AB 7.238082101653763 1.1395264519409958
62686.4198 lsst_hardware_i 17.053365164744037 31.65999984741211 31.229999542236328 AB 6.699638096635743 1.1676929144462853
62688.4045 lsst_hardware_z 90.87662753179974 42.38999938964844 30.940000534057617 AB 5.711986474279407 1.1442280597514365
62688.4167 lsst_hardware_r -3.4557296714890073 22.940000534057617 31.469999313354492 AB 6.1350749060492324 1.173840027943984
62695.0612 lsst_hardware_r 96.55769824378157 91.79000091552734 31.31999969482422 AB 15.55959787530179 2.494258122092782
62695.0821 lsst_hardware_i 231.01678452310654 77.20999908447266 31.139999389648438 AB 13.13209747659677 2.109517412106287
62697.3335 lsst_hardware_r -10.330918628898454 113.1500015258789 31.649999618530273 AB 3.942957668305097 1.0746682115849269
62697.3457 lsst_hardware_i 76.52708272807726 88.41000366210938 31.329999923706055 AB 4.008601774098664 1.0869310667293897
62707.3291 lsst_hardware_g -22.98480999440093 14.359999656677246 31.399999618530273 AB 5.936800371470704 1.1010726787061984
62707.3397 lsst_hardware_r -13.486305737702228 23.40999984741211 31.469999313354492 AB 6.15385230369323 1.1183738852691012
62709.238 lsst_hardware_r -11.46162354548105 22.6200008392334 31.479999542236328 AB 2.450789488941202 1.0718519523031718
62709.2497 lsst_hardware_i -9.282010009573009 30.40999984741211 31.229999542236328 AB 2.442416364626094 1.0648523606856972
62716.2369 lsst_hardware_g 6.656924541447856 13.920000076293945 31.40999984741211 AB 2.3474717191264483 1.0625249181320677
62716.2489 lsst_hardware_r 22.070886897710018 22.700000762939453 31.479999542236328 AB 2.391865634316365 1.060851109247353
62722.2208 lsst_hardware_z 134.30164177107693 69.88999938964844 31.709999084472656 AB 3.5966443873368443 1.0624457240489902
62723.2184 lsst_hardware_r -19.87109205424494 67.37999725341797 31.639999389648438 AB 4.783514399547849 1.0623539835762255
62723.2305 lsst_hardware_i 52.80148208399348 56.58000183105469 31.31999969482422 AB 4.918441196835551 1.060866259765015
62731.2973 lsst_hardware_r -1.7861515759313529 48.0099983215332 31.59000015258789 AB 3.9271346687708095 1.1686161787742328
62731.308 lsst_hardware_i -89.70927466663736 44.52000045776367 31.270000457763672 AB 3.9775765922380932 1.1983359470477046
62733.2932 lsst_hardware_z 71.88347228390691 45.29999923706055 30.940000534057617 AB 2.7920689782588095 1.172153223450382
