data/validation/pwv_sim_epoch_fit_epoch/40481463.ecsv
# %ECSV 0.9
# ---
# datatype:
# - {name: time, datatype: float64}
# - {name: band, datatype: string}
# - {name: flux, datatype: float64}
# - {name: fluxerr, datatype: float64}
# - {name: zp, datatype: float64}
# - {name: zpsys, datatype: string}
# - {name: pwv, datatype: float64}
# - {name: airmass, datatype: float64}
# meta: {SNID: '40481463', alt: 1024.0, c: 0.0035077203065156937, dec: -6.279288, lat: -30.244573, lon: -70.7499537, ra: 320.449219, t0: 60884.08203125,
#   x0: 3.829351739128133e-06, x1: -2.035160779953003, z: 0.684546947479248}
# schema: astropy-2.0
time band flux fluxerr zp zpsys pwv airmass
60811.4029 lsst_hardware_r -23.533030578104903 76.0199966430664 31.639999389648438 AB 5.004576421411545 1.118757769317037
60811.4248 lsst_hardware_y 23.52262684428184 58.220001220703125 30.049999237060547 AB 4.109310993367369 1.0980611899975459
60813.4175 lsst_hardware_z -77.26319478713177 88.79000091552734 31.729999542236328 AB 9.013038561474911 1.0990170176167433
60816.4142 lsst_hardware_g 21.43186699729455 31.59000015258789 31.639999389648438 AB 7.731261123078538 1.0967883562318823
60816.4349 lsst_hardware_y 49.316422560577045 72.47000122070312 30.049999237060547 AB 6.9828792625070255 1.0982247857153549
60822.4012 lsst_hardware_i 28.495458577437216 32.36000061035156 31.260000228881836 AB 5.413106923258212 1.0958260890243863
60822.4201 lsst_hardware_y -13.693933113093973 48.68000030517578 30.040000915527344 AB 4.662217491007911 1.0990611718547645
60827.3724 lsst_hardware_u -1.359262124369679 2.7100000381469727 28.360000610351562 AB 7.384275359973491 1.1038468305161244
60827.3927 lsst_hardware_g 12.665245715246936 15.510000228881836 31.440000534057617 AB 6.809406457268056 1.0952587926871389
60831.3603 lsst_hardware_r -40.75080548885075 24.770000457763672 31.510000228881836 AB 5.707145003993446 1.1048760191646032
60831.3809 lsst_hardware_i 3.290487389777356 32.16999816894531 31.25 AB 5.038290456112704 1.0952805339375444
60841.2988 lsst_hardware_i -171.17782862846767 85.88999938964844 31.309999465942383 AB 13.597101889240495 1.1621454606188457
60850.2975 lsst_hardware_u 0.8276334458247847 2.819999933242798 28.459999084472656 AB 3.8002138980871734 1.1172718242122568
60850.3183 lsst_hardware_g -15.777768401101214 15.119999885559082 31.43000030517578 AB 3.7421081149327744 1.0980901202913214
60853.2574 lsst_hardware_g 4.681807748043685 15.180942833613583 31.420000076293945 AB 8.48643740560068 1.1859743893791077
60853.2857 lsst_hardware_r 24.577264381097784 34.76658299428552 32.25 AB 8.019368053917745 1.1225319224408938
60853.3118 lsst_hardware_i -15.511883046306526 32.18444282126375 31.25 AB 7.458043335073479 1.0973358839216478
60859.2927 lsst_hardware_i -16.31080905264991 55.81587197557506 32.439998626708984 AB 7.049969923540477 1.098611005408484
60859.3123 lsst_hardware_z -27.897635045029492 60.20538569748677 31.690000534057617 AB 7.062264355335293 1.0962277159417508
60862.2917 lsst_hardware_r 20.059366918318634 42.75734243793393 31.600000381469727 AB 5.6159800216998494 1.09590789768755
60862.3143 lsst_hardware_g 45.32825601343249 31.723688093178193 31.6299991607666 AB 5.633238547221191 1.101227703293231
60869.2461 lsst_hardware_r 840.7655179044972 135.18979528206344 31.649999618530273 AB 7.689136697473489 1.1166332700368793
60869.267 lsst_hardware_z 198.13886416126604 95.68005999735358 30.989999771118164 AB 6.857031658046022 1.097827674999345
60871.2447 lsst_hardware_y 163.256231110321 55.84219898554607 30.030000686645508 AB 6.430981312809987 1.1115047638444455
60871.2669 lsst_hardware_r 665.8047965633821 80.17668223862577 31.6299991607666 AB 5.901767068804131 1.0959641724798757
60876.241 lsst_hardware_i 1003.108653224138 44.71822026191211 31.25 AB 3.2203332482802494 1.1019732798951463
60876.2633 lsst_hardware_z 623.9136631665949 49.43990380419679 30.950000762939453 AB 3.075663141096636 1.095646787780076
60878.2475 lsst_hardware_r 1043.4450403332817 40.48176790562881 31.5 AB 5.587596264028705 1.0960369289973921
60878.2681 lsst_hardware_g 162.9318109317349 20.345729145179263 31.420000076293945 AB 5.413779116849624 1.0995979993939757
60882.2111 lsst_hardware_i 1348.7067000530428 47.57763457769761 31.25 AB 11.181238322505154 1.115975579260439
60882.2375 lsst_hardware_z 1574.9926616730356 71.86385972257055 31.700000762939453 AB 10.958258879280633 1.0958258879280633
60882.2618 lsst_hardware_i 1247.4994566416342 47.44767992275694 31.25 AB 11.658137168422742 1.102806694370569
60885.2085 lsst_hardware_r 1091.1743465684121 40.66276112449817 31.510000228881836 AB 4.573333142754069 1.109224628366255
60885.2299 lsst_hardware_u -3.024201047310232 2.8843644991955752 28.459999084472656 AB 4.5145018663991925 1.0957085554142292
60889.2075 lsst_hardware_i 1250.9411130772141 49.41406543976227 31.270000457763672 AB 2.0866883073683637 1.1005740017765633
60889.2279 lsst_hardware_z 979.6069851271548 52.37330084759988 30.950000762939453 AB 1.9548522840800648 1.0956668570275936
60892.2123 lsst_hardware_r 1665.775968070172 94.31489612880542 32.380001068115234 AB 1.1006776137683858 1.095474111737632
60892.2339 lsst_hardware_z 1650.8889348263367 84.91900700866944 31.719999313354492 AB 1.0736833247246669 1.1023442758985422
60898.1779 lsst_hardware_r 533.7048236836899 124.05437796880454 31.649999618530273 AB 8.160860691331445 1.104435866651374
60898.1986 lsst_hardware_z 656.2133838887759 88.19346747080759 30.989999771118164 AB 8.193561203770484 1.0952860613936415
60900.1756 lsst_hardware_g 51.374205680564444 62.84582903656761 31.700000762939453 AB 3.3590963217444565 1.101884966949141
60900.1948 lsst_hardware_r 409.28670585877916 66.79458920703334 31.639999389648438 AB 3.313332797005213 1.0953166271093862
60903.1646 lsst_hardware_i 617.8916694693237 39.61698875988277 31.25 AB 5.8946845279173266 1.1041319649575887
60903.1843 lsst_hardware_z 574.2756674123069 48.74814446923977 30.950000762939453 AB 5.317435676541847 1.095305767864843
60905.1724 lsst_hardware_r 214.58764273637297 29.252058125726297 31.510000228881836 AB 3.4628821864733643 1.0964270775113554
60905.1901 lsst_hardware_g 11.234170313067013 16.044437150905008 31.459999084472656 AB 3.4283643101493144 1.097427756129742
60907.1441 lsst_hardware_r 244.86802762824115 28.323463878024224 31.5 AB 2.030887895107172 1.1143417805800668
60907.1627 lsst_hardware_i 419.6027410434589 37.65635760249101 31.25 AB 2.003749618680251 1.0980954205673386
60913.122 lsst_hardware_g 45.552623151411716 16.606958360777387 31.440000534057617 AB 2.1063141417063553 1.1223698801277204
60913.1384 lsst_hardware_r 143.33588392488636 26.73141064542048 31.510000228881836 AB 2.3794423225858172 1.1032110297130262
60931.0921 lsst_hardware_r 89.82696552778187 25.181856702778873 31.5 AB 2.883979123797601 1.101070582722755
60931.1119 lsst_hardware_i 93.56651221054977 33.13765786079108 31.25 AB 2.7846944593565963 1.095473823507709
60935.0864 lsst_hardware_u -1.2213092611278524 3.4278096165113263 28.3799991607666 AB 1.1273061676388172 1.0980254879598867
60935.1043 lsst_hardware_r 14.519687749797548 25.172206759665976 31.5 AB 1.2632676673586825 1.0961107742808525
60937.068 lsst_hardware_g 50.53720571165035 16.69561899755205 31.450000762939453 AB 6.163746836471602 1.1076744595681933
60937.0868 lsst_hardware_i 33.492038999448326 32.95121417892881 31.260000228881836 AB 6.09824167834886 1.0959518981037908
60939.0613 lsst_hardware_z 69.73536054488758 43.55956510061503 30.940000534057617 AB 4.3353416893068255 1.108972123799495
60939.081 lsst_hardware_r 9.189456994650444 25.216763199673103 31.5 AB 4.28786433914104 1.0960331459483763
60942.0589 lsst_hardware_u 2.112179806131368 3.3326782010438745 28.40999984741211 AB 3.372211730747203 1.1034724249827235
60942.0792 lsst_hardware_g 48.96642696392656 16.241136643026167 31.440000534057617 AB 3.3395392395345356 1.0952900096865559
60944.0644 lsst_hardware_r 41.75661053728239 25.57902141799238 31.5 AB 3.1997741754362767 1.0969400669990665
60944.0828 lsst_hardware_i 51.43699742252102 33.06248887610494 31.25 AB 3.266898997777599 1.0971031811863317
60946.064 lsst_hardware_z 117.46808794595691 43.97775654393973 30.950000762939453 AB 4.911677016864234 1.0956024351241178
60946.0836 lsst_hardware_r 20.06250475522211 27.755517760141508 31.520000457763672 AB 5.059605515346612 1.1003328473542104
60949.0351 lsst_hardware_r 95.47436438529877 51.764900329004035 31.610000610351562 AB 6.736970890832447 1.1078114817198719
60949.0535 lsst_hardware_z 212.39112497234728 51.439536810406814 30.959999084472656 AB 6.27214832546745 1.0960823077067834
60951.0332 lsst_hardware_z -5.733144449479959 74.41858565227147 30.979999542236328 AB 2.2118028176884863 1.104428837061894
60951.0515 lsst_hardware_i -30.53795406053255 83.38586103502641 31.31999969482422 AB 3.175146235935668 1.0954446216789195
60954.0291 lsst_hardware_z 32.93228170148771 75.4303728584133 30.989999771118164 AB 3.753102482756084 1.1012086114986464
60954.0484 lsst_hardware_r 9.079249635812472 109.86357866969671 31.649999618530273 AB 4.138137802691241 1.0953974727526583
60956.0285 lsst_hardware_y 154.78091778904792 52.765002732312986 30.040000915527344 AB 5.015371515975518 1.0982966201632582
60956.048 lsst_hardware_g 29.982162534845944 85.09016143735431 31.709999084472656 AB 5.198593091548853 1.0964026345131472
60960.0303 lsst_hardware_z 100.34802560023037 43.369522346576 30.940000534057617 AB 6.616129078492413 1.0952949389110858
60960.0478 lsst_hardware_r 67.95519635990372 25.189107885943468 31.5 AB 5.989044518843029 1.1020245990356439
60962.0028 lsst_hardware_y 42.39978266625171 49.893368673345364 30.030000686645508 AB 8.095511552093463 1.104749401547979
60962.0231 lsst_hardware_u -6.683726752103981 2.821754199421108 28.440000534057617 AB 8.016327723976364 1.0953137795357035
60964.0033 lsst_hardware_y 45.206924260491206 50.99545075463118 30.030000686645508 AB 8.586612814368587 1.1002013109009068
60964.0226 lsst_hardware_i -3.8614202444658305 32.87054847368474 31.25 AB 8.566028294266046 1.0955868384549001
60966.0039 lsst_hardware_y 22.472150629897012 50.58825615210652 30.030000686645508 AB 5.753928370438677 1.097100871445069
60966.0212 lsst_hardware_r 13.59027602511489 25.03598167998234 31.5 AB 5.768457012519191 1.0965605954793203
60968.9998 lsst_hardware_y -98.73323020857315 58.09000015258789 30.040000915527344 AB 3.702746966541734 1.0958655255388805
60969.0177 lsst_hardware_g 31.5128817184087 15.75 31.459999084472656 AB 3.644009379227113 1.09853068760294
61179.4189 lsst_hardware_z 6.424122957443055 43.849998474121094 30.950000762939453 AB 9.707523328376949 1.0973912874041316
61181.3756 lsst_hardware_r 26.738890761611415 36.060001373291016 32.2599983215332 AB 8.067265447045434 1.1440495564128816
61181.393 lsst_hardware_y -47.63595695371991 48.36000061035156 30.020000457763672 AB 7.978239131667686 1.1146684081966245
61186.3993 lsst_hardware_g 1.521171305528996 15.90999984741211 31.469999313354492 AB 6.075958563868096 1.0976019565005293
61186.4205 lsst_hardware_y 73.87764080468568 48.54999923706055 30.040000915527344 AB 5.569570261161658 1.0975964516510737
61188.4019 lsst_hardware_i 29.846619294604935 32.439998626708984 31.260000228881836 AB 10.272220212374977 1.0954308487531725
61188.4223 lsst_hardware_y -86.5154952179259 48.66999816894531 30.030000686645508 AB 9.67405195826359 1.1018491571514493
61195.3363 lsst_hardware_z -125.3519828095146 144.13999938964844 32.47999954223633 AB 13.806745258654887 1.146358789327071
61197.4015 lsst_hardware_r -26.910501973316606 80.81999969482422 31.639999389648438 AB 4.899097440859867 1.1049349564018796
61197.426 lsst_hardware_i 12.232310869451876 69.72000122070312 31.309999465942383 AB 4.333063683278847 1.140279916652328
61218.2531 lsst_hardware_r 107.30091368435417 67.91999816894531 31.610000610351562 AB 8.537218034559606 1.2018044251174895
61218.2716 lsst_hardware_i -76.61952910703668 55.75 31.299999237060547 AB 8.252766747869051 1.1505855675995516
61219.3249 lsst_hardware_z 163.65618952378708 60.220001220703125 30.969999313354492 AB 5.9300538354751895 1.0958412927253023
61219.3437 lsst_hardware_r 49.09751349588896 81.51000213623047 31.639999389648438 AB 5.578323612067107 1.1070848150964243
61221.3094 lsst_hardware_z -58.59921600799816 75.8499984741211 30.989999771118164 AB 3.852882920641664 1.095814255017538
61221.3287 lsst_hardware_r -2.865046189370282 113.05000305175781 31.649999618530273 AB 3.912424652833474 1.0995361913394632
61224.3018 lsst_hardware_i -116.70064653730375 100.2300033569336 31.329999923706055 AB 7.04628177647827 1.095702751298958
61224.3209 lsst_hardware_z -72.75528410779457 86.26000213623047 30.989999771118164 AB 7.085275094253942 1.0997710662404256
61226.2946 lsst_hardware_r -69.6078387894283 74.9800033569336 31.639999389648438 AB 4.890964403405274 1.09607583694439
61226.3127 lsst_hardware_z 40.49454605421169 61.29999923706055 30.979999542236328 AB 4.915011271481727 1.0982651855162788
61232.2633 lsst_hardware_u 1.5114036285090997 2.7300000190734863 28.389999389648438 AB 9.604446048919788 1.104414199210762
61232.2834 lsst_hardware_g 2.061227814972296 15.180000305175781 31.440000534057617 AB 9.50612785996047 1.0953337588893017
61234.2645 lsst_hardware_r 30.68249884003628 24.290000915527344 31.5 AB 6.869241140836583 1.099547722895622
61234.2829 lsst_hardware_i -16.439900671881038 31.899999618530273 31.25 AB 6.8284649796657915 1.0956514381450164
61236.2644 lsst_hardware_z -26.72575642539145 42.63999938964844 30.940000534057617 AB 5.905024063877747 1.0969764190744467
61236.2834 lsst_hardware_r -14.671094739151709 24.209999084472656 31.489999771118164 AB 5.855824206862064 1.0973669162543103
61239.2565 lsst_hardware_u -1.3728356825602366 2.7699999809265137 28.43000030517578 AB 2.0651349885422956 1.0968715913118023
61239.2765 lsst_hardware_r -8.232785804646216 24.299999237060547 31.5 AB 2.0674967527970445 1.0979316295775783
61243.2515 lsst_hardware_i -57.07546926640395 31.81999969482422 31.239999771118164 AB 5.386378534964605 1.0954789149632265
61243.2721 lsst_hardware_z 45.943716416946195 42.54999923706055 30.940000534057617 AB 5.4139871630986915 1.1018409164592082
61245.2415 lsst_hardware_r -26.833711715289773 45.84000015258789 31.610000610351562 AB 6.828866262904516 1.0964195230780598
61245.2617 lsst_hardware_z 77.14315412604985 47.72999954223633 30.959999084472656 AB 6.510823615749653 1.0987186526367014
61247.2196 lsst_hardware_y 144.7794163589608 73.61000061035156 30.780000686645508 AB 11.167248648239202 1.1069742664932256
61250.2131 lsst_hardware_r 258.7022362697355 208.32000732421875 32.400001525878906 AB 4.586708150919092 1.1053640561318454
61250.2358 lsst_hardware_i 49.72084706199818 163.2100067138672 32.08000183105469 AB 4.50016483869551 1.09533037329811
61252.2151 lsst_hardware_z -50.41564243860002 102.0 30.989999771118164 AB 3.519057485261586 1.0997054641442456
61252.2342 lsst_hardware_r -29.757971194770136 151.74000549316406 31.649999618530273 AB 3.506349815090368 1.0957343172157399
61254.2178 lsst_hardware_z 44.69293997820827 63.93000030517578 30.979999542236328 AB 1.9439760292064636 1.0961755721290147
61254.2381 lsst_hardware_r 93.00962322811608 83.87999725341797 31.639999389648438 AB 1.951452992604344 1.0992553119866746
61265.1698 lsst_hardware_r 34.069991882075534 24.940000534057617 31.510000228881836 AB 3.3505975122217175 1.1076355412305472
61265.1906 lsst_hardware_i 24.634414387964412 32.2400016784668 31.25 AB 3.335536307037401 1.0955941228567585
61267.1658 lsst_hardware_z 37.50819396341919 42.93000030517578 30.940000534057617 AB 3.7458545978456894 1.1061955253881697
61267.1854 lsst_hardware_r 2.255582010985305 24.760000228881836 31.5 AB 3.928484994684791 1.0955570517364046
61269.1625 lsst_hardware_u 3.986136290743172 4.090000152587891 29.25 AB 4.748202872706537 1.1042332262108228
61269.1812 lsst_hardware_r -2.0586450283334816 35.119998931884766 32.27000045776367 AB 4.842197435344053 1.0954165185055826
61273.1651 lsst_hardware_i 9.604533625816568 38.709999084472656 31.270000457763672 AB 1.931876973163438 1.096411449014437
61273.1868 lsst_hardware_z -11.043013435379702 45.709999084472656 30.950000762939453 AB 1.9046815629333482 1.0995948597710083
61275.1621 lsst_hardware_r 5.422996525536063 60.2599983215332 31.639999389648438 AB 2.3966113640714166 1.0958024907165935
61275.1828 lsst_hardware_z -0.5237198043360863 53.220001220703125 30.969999313354492 AB 2.06244205139175 1.100507119778542
61277.1622 lsst_hardware_y 20.685803398615185 58.06999969482422 30.040000915527344 AB 3.8475621029544578 1.095339372638521
61277.1804 lsst_hardware_r -58.37970949457595 97.58000183105469 31.639999389648438 AB 4.226312679011945 1.1027081263729201
