data/validation/pwv_sim_epoch_fit_epoch/40490090.ecsv
# %ECSV 0.9
# ---
# datatype:
# - {name: time, datatype: float64}
# - {name: band, datatype: string}
# - {name: flux, datatype: float64}
# - {name: fluxerr, datatype: float64}
# - {name: zp, datatype: float64}
# - {name: zpsys, datatype: string}
# - {name: pwv, datatype: float64}
# - {name: airmass, datatype: float64}
# meta: {SNID: '40490090', alt: 1024.0, c: -0.1191968321800232, dec: -27.953188, lat: -30.244573, lon: -70.7499537, ra: 165.410156, t0: 61854.8984375,
#   x0: 2.3917174245124355e-06, x1: -0.8175472021102905, z: 0.827941358089447}
# schema: astropy-2.0
time band flux fluxerr zp zpsys pwv airmass
[from data line 133]
62143.2758 lsst_hardware_z -73.666706782951 48.40999984741211 30.959999084472656 AB 10.668491745207431 1.1154648509409182
62145.2981 lsst_hardware_z -57.28881483430512 42.18000030517578 30.959999084472656 AB 7.850641446553808 1.049375631953723
62145.3153 lsst_hardware_r -27.446688824979873 25.780000686645508 31.530000686645508 AB 7.647544556692439 1.0234822358814373
62147.2919 lsst_hardware_u -2.5438441063731085 2.7300000190734863 28.479999542236328 AB 7.77539527298583 1.050729090944031
62147.3098 lsst_hardware_g 8.428757184593662 14.010000228881836 31.440000534057617 AB 7.574122997087133 1.0235301347415044
62151.2052 lsst_hardware_g 31.06151790337238 13.819999694824219 31.31999969482422 AB 8.098594566220395 1.3332665870223313
62151.2221 lsst_hardware_r 15.470987723738723 23.270000457763672 31.459999084472656 AB 6.691119454782936 1.2390961953301733
62153.2083 lsst_hardware_i 28.111015684220288 32.029998779296875 31.209999084472656 AB 3.963383054010007 1.282579058522207
62153.227 lsst_hardware_z 12.007564433809865 42.86000061035156 30.93000030517578 AB 3.821184874266366 1.1921333842345057
62155.2069 lsst_hardware_i 16.20918744752346 31.899999618530273 31.219999313354492 AB 7.312224668173771 1.2607283910644433
62155.2239 lsst_hardware_u -1.6141390407704528 2.569999933242798 28.309999465942383 AB 7.029892263783971 1.1824218878309014
62159.2098 lsst_hardware_i -5.1377168056032305 31.469999313354492 31.229999542236328 AB 10.878821538243296 1.1955843800615402
62159.2286 lsst_hardware_r 4.663291328474227 22.649999618530273 31.469999313354492 AB 10.354069407187799 1.1263095035693569
62161.2065 lsst_hardware_z -68.96405806088329 46.16999816894531 30.950000762939453 AB 9.198002765648743 1.1865711311186204
62161.2242 lsst_hardware_g 1.8739012581447387 17.610000610351562 31.5 AB 9.686596132269479 1.1229751095279086
62164.2013 lsst_hardware_r -21.993468231317195 68.83999633789062 31.6200008392334 AB 12.499006932335647 1.1745715072361527
62164.2201 lsst_hardware_i -18.046834873749223 55.4900016784668 31.309999465942383 AB 11.19222029382413 1.1106331331526988
62166.2007 lsst_hardware_z 108.62232245082967 70.25 30.979999542236328 AB 14.198163051704551 1.1562022029075367
62166.2184 lsst_hardware_r 103.12856094762192 100.9000015258789 31.649999618530273 AB 13.516359858728789 1.0999940204591696
62170.2119 lsst_hardware_r -34.438227743066825 74.25 31.649999618530273 AB 9.804996224754728 1.0883154015933143
62170.23 lsst_hardware_z 1.2078684657326726 59.040000915527344 30.989999771118164 AB 9.442548689425358 1.0490943659090435
62172.2032 lsst_hardware_r -37.81359393502819 40.099998474121094 31.600000381469727 AB 7.4888603671791625 1.096786814173842
62172.222 lsst_hardware_y -30.225351113674417 48.41999816894531 30.049999237060547 AB 5.683563197842066 1.053812706645614
62174.2085 lsst_hardware_g 4.9774195944848465 15.430000305175781 31.469999313354492 AB 6.290751723645999 1.070401858711247
62174.2274 lsst_hardware_r 7.575106007125343 24.239999771118164 31.530000686645508 AB 6.0860482049988365 1.0353063204897275
62176.2053 lsst_hardware_i 39.00987434361998 30.530000686645508 31.25 AB 5.959926868606503 1.0654776596042752
62176.2241 lsst_hardware_z 62.906291062903065 40.869998931884766 30.950000762939453 AB 5.48647261849625 1.0321325550566722
62178.1086 lsst_hardware_r -22.10910179178906 24.100000381469727 31.40999984741211 AB 2.4185230556442114 1.5066332693625364
62178.1272 lsst_hardware_i 28.86333001508045 32.90999984741211 31.209999084472656 AB 2.7462401630586646 1.3612094984181733
62180.1071 lsst_hardware_z -9.89858014285785 46.060001373291016 30.90999984741211 AB 5.023267995998712 1.4719839796826584
62180.1242 lsst_hardware_i -5.235737523928737 32.470001220703125 31.209999084472656 AB 4.6075211235217415 1.344934407255191
62182.1011 lsst_hardware_u -1.2135036684312055 2.450000047683716 28.100000381469727 AB 2.211784214365247 1.4765736062521946
62182.1207 lsst_hardware_g 29.37876906121456 13.9399995803833 31.31999969482422 AB 1.9790534633949033 1.332396855966048
62184.1008 lsst_hardware_r -46.693901868605316 23.93000030517578 31.40999984741211 AB 3.4267437722505165 1.4342340785813843
62184.1201 lsst_hardware_i -5.496456225260944 32.529998779296875 31.209999084472656 AB 3.0513379206205 1.3028769942871694
62186.1268 lsst_hardware_u -2.371149355964347 2.7200000286102295 28.389999389648438 AB 3.789826069804911 1.2378310516510325
62186.1451 lsst_hardware_g 4.075135060124435 14.029999732971191 31.40999984741211 AB 3.569243388072634 1.159849454529669
62188.1065 lsst_hardware_g -27.494903631935472 19.18000030517578 31.459999084472656 AB 6.02133072911655 1.318876514974603
62188.1252 lsst_hardware_r -5.7246954787807995 26.010000228881836 31.5 AB 6.148017302897889 1.2195422371233107
62190.0995 lsst_hardware_i 14.392948809500531 40.65999984741211 31.239999771118164 AB 8.737120533385875 1.3283682140765116
62190.1192 lsst_hardware_z -1.4988751892133219 47.18000030517578 30.940000534057617 AB 8.034261310676396 1.2220338140811358
62192.1031 lsst_hardware_i -36.48879387759621 70.55000305175781 32.02000045776367 AB 9.78628037033687 1.275542425017025
62192.1237 lsst_hardware_z 8.953380016017347 72.41000366210938 31.700000762939453 AB 9.02887898232065 1.1791281442189625
62194.1048 lsst_hardware_z 47.14920869763124 68.1500015258789 30.969999313354492 AB 8.290556179839355 1.2385980697451788
62194.1258 lsst_hardware_r 12.373155474968195 93.6500015258789 31.6299991607666 AB 8.962568903752592 1.1506331037972324
62196.1023 lsst_hardware_i 182.234757726619 104.56999969482422 31.309999465942383 AB 5.123689086907531 1.224444757296578
62196.1218 lsst_hardware_r -202.70112948223837 129.5800018310547 31.639999389648438 AB 4.737504565039657 1.1455007108842792
62199.102 lsst_hardware_z 93.0044957353131 58.369998931884766 30.959999084472656 AB 5.409781408145977 1.1896601835829006
62199.1215 lsst_hardware_g -201.47587645834017 65.86000061035156 31.690000534057617 AB 5.07963002099774 1.119724461809267
62202.1033 lsst_hardware_z -59.815456370613944 42.720001220703125 30.93000030517578 AB 8.322593052020233 1.1529798732884182
62202.1244 lsst_hardware_r -46.35408574810208 22.829999923706055 31.479999542236328 AB 7.858569459114481 1.0886455660021908
62204.099 lsst_hardware_u -1.9685075414467226 2.6600000858306885 28.3700008392334 AB 11.772551384345382 1.1488498264749365
62204.119 lsst_hardware_g 23.473528345055918 13.979999542236328 31.399999618530273 AB 11.155124019818663 1.088490622283674
62208.1009 lsst_hardware_r 28.157969411448242 23.309999465942383 31.489999771118164 AB 14.507480681974403 1.1079275775225508
62208.1225 lsst_hardware_u 0.08056789052547476 2.7899999618530273 28.5 AB 13.630577807451589 1.0561427093949782
62213.0845 lsst_hardware_i 20.812006582496114 31.3700008392334 31.25 AB 8.916870238500605 1.1160037845431898
62213.1041 lsst_hardware_z -19.531758859939004 41.619998931884766 30.959999084472656 AB 8.661670193928904 1.0658549429556272
62216.087 lsst_hardware_r 10.00804122270919 23.329999923706055 31.510000228881836 AB 5.324121503035742 1.0865554087828044
62216.1057 lsst_hardware_u -0.5632902619213842 2.9100000858306885 28.600000381469727 AB 5.129219661194401 1.046779522692735
62218.0801 lsst_hardware_g -21.00268328009484 24.450000762939453 31.600000381469727 AB 6.501325094950292 1.0902166173756873
62218.0971 lsst_hardware_i 24.96457384408032 33.38999938964844 31.270000457763672 AB 6.420212703507042 1.0524938858208266
62222.0839 lsst_hardware_y 49.08552686599038 74.30000305175781 30.809999465942383 AB 6.823185991369081 1.0568751535577967
62226.079 lsst_hardware_z -7.12801471302136 70.83999633789062 30.989999771118164 AB 5.00072462024385 1.0457209278195787
62226.0955 lsst_hardware_r 117.12287371308882 102.86000061035156 31.670000076293945 AB 5.280971665391654 1.0218763199983594
62229.9789 lsst_hardware_y 101.30539784742315 84.68000030517578 29.940000534057617 AB 8.740690910091217 1.4059338764824043
62229.9965 lsst_hardware_u -2.50538026257277 2.9100000858306885 28.309999465942383 AB 8.06479956663655 1.291349356172539
62231.9784 lsst_hardware_y -18.3751760886947 102.77999877929688 30.709999084472656 AB 11.37031313460148 1.370453868635449
62231.9968 lsst_hardware_r -43.92761439856779 33.75 32.220001220703125 AB 10.539028712105967 1.260008812757351
62233.9766 lsst_hardware_y -16.11090579864421 81.13999938964844 29.959999084472656 AB 11.815466593008471 1.3459550712545958
62233.994 lsst_hardware_r -20.03328360609092 23.690000534057617 31.459999084472656 AB 10.904013670274502 1.2464222753435832
62237.9745 lsst_hardware_y -16.92213060186935 76.36000061035156 29.979999542236328 AB 7.007359345855742 1.2922349420683075
62237.9926 lsst_hardware_i -29.331869044968492 32.09000015258789 31.229999542236328 AB 6.51292861554123 1.2020169699553176
62241.9715 lsst_hardware_y 36.10087680270672 68.05000305175781 30.0 AB 18.60989956334862 1.2497204441097032
62241.9892 lsst_hardware_r -21.870915301652808 23.459999084472656 31.479999542236328 AB 17.480812267207515 1.1711783105716609
62243.9711 lsst_hardware_y 133.14788912453105 67.33999633789062 30.0 AB 13.837068000988815 1.2250884703945306
62243.9897 lsst_hardware_g 10.97871167662787 14.630000114440918 31.420000076293945 AB 12.97660366903234 1.1491347061352526
62245.9706 lsst_hardware_y 122.98650880279261 63.189998626708984 30.020000457763672 AB 10.653656013420443 1.2026931095697504
62245.9889 lsst_hardware_z 70.91428902865731 42.619998931884766 30.940000534057617 AB 10.002948319181296 1.133264537671597
62249.9685 lsst_hardware_z -25.1140674647043 67.3499984741211 30.969999313354492 AB 11.215358921393237 1.166787812812918
62249.9878 lsst_hardware_r 53.708057551426066 60.9900016784668 31.6299991607666 AB 10.622026018202671 1.1034438143828253
62256.9647 lsst_hardware_y 58.21761613148023 61.970001220703125 30.030000686645508 AB 12.900279853702282 1.1149766511410788
62256.9841 lsst_hardware_i -25.182673441110367 30.700000762939453 31.25 AB 12.273005382276152 1.0655500418715187
62258.9651 lsst_hardware_y -35.138393093033464 55.06999969482422 30.040000915527344 AB 14.476380576045894 1.098276350507996
62258.9847 lsst_hardware_r -8.819608863072768 22.3799991607666 31.489999771118164 AB 13.900056283865059 1.0533404612853483
62260.965 lsst_hardware_y 8.27497461550271 55.0099983215332 30.040000915527344 AB 11.274263228209543 1.0843765728777093
62260.9829 lsst_hardware_g 4.055080343118512 13.640000343322754 31.420000076293945 AB 10.834393701620815 1.0466496354751307
62263.9632 lsst_hardware_z 50.777688191619355 48.16999816894531 30.959999084472656 AB 10.494627786778358 1.0694253858809466
62263.9811 lsst_hardware_i 5.949273384091633 30.229999542236328 31.25 AB 10.156816540926949 1.0361543368652575
62267.9671 lsst_hardware_y 59.603161493656934 48.79999923706055 30.059999465942383 AB 12.124793194076819 1.0410228551624483
62267.9966 lsst_hardware_r 27.602881910722495 22.260000228881836 31.510000228881836 AB 11.761465226719634 1.0076073927739706
