data/validation/pwv_sim_epoch_fit_epoch/40651923.ecsv
# %ECSV 0.9
# ---
# datatype:
# - {name: time, datatype: float64}
# - {name: band, datatype: string}
# - {name: flux, datatype: float64}
# - {name: fluxerr, datatype: float64}
# - {name: zp, datatype: float64}
# - {name: zpsys, datatype: string}
# - {name: pwv, datatype: float64}
# - {name: airmass, datatype: float64}
# meta: {SNID: '40651923', alt: 1024.0, c: -0.12144210934638977, dec: -42.010422, lat: -30.244573, lon: -70.7499537, ra: 66.882355, t0: 62838.48828125,
#   x0: 8.227920095327623e-06, x1: 0.5997040271759033, z: 0.49859803915023804}
# schema: astropy-2.0
time band flux fluxerr zp zpsys pwv airmass
62758.301 lsst_hardware_z 55.37090499972805 55.63999938964844 30.959999084472656 AB 1.8987523702660762 1.169422523259747
62758.3183 lsst_hardware_i 103.86106440967403 56.04999923706055 31.309999465942383 AB 1.7997953992513214 1.1193917689965085
62772.3883 lsst_hardware_z 31.427646889637753 44.029998779296875 30.959999084472656 AB 4.118808784364356 1.029702196091089
62774.3911 lsst_hardware_u -7.522292463677181 8.850000381469727 29.209999084472656 AB 3.3116296057167096 1.0362605353098295
62776.2331 lsst_hardware_g 2.7153002459094338 13.010000228881836 31.34000015258789 AB 4.123690465355225 1.2395552612474157
62776.2502 lsst_hardware_r 50.036613938261205 22.139999389648438 31.469999313354492 AB 4.318108614561482 1.1749156151449511
62781.3877 lsst_hardware_r -9.194612613764953 34.130001068115234 31.59000015258789 AB 4.102452203253486 1.0541407344391303
62785.1831 lsst_hardware_z -132.89455445046767 66.25 30.940000534057617 AB 5.26959438031236 1.3683111733186548
62785.1993 lsst_hardware_r 10.3922905103704 90.12999725341797 31.59000015258789 AB 4.95568058307248 1.2812549445614025
62787.3623 lsst_hardware_y -49.36033048558039 73.91000366210938 30.809999465942383 AB 5.6923049248442785 1.0429924127852066
62789.3571 lsst_hardware_r -4.496072713819835 59.130001068115234 31.639999389648438 AB 6.129100493079183 1.0432807443749836
62789.3693 lsst_hardware_i 46.08001316248396 51.880001068115234 31.309999465942383 AB 6.215001086821334 1.0590442339305333
62791.3665 lsst_hardware_z 71.75559245005505 48.27000045776367 30.959999084472656 AB 5.190081112914138 1.0630873663048501
62791.3773 lsst_hardware_r -4.534157591838585 49.810001373291016 31.6200008392334 AB 5.234504934557124 1.0818445664062806
62793.3329 lsst_hardware_r -7.290886710623706 31.649999618530273 31.579999923706055 AB 3.9180622552005313 1.0310690145264556
62793.3446 lsst_hardware_z -24.628267462209955 42.91999816894531 30.959999084472656 AB 3.984157551901942 1.0415644334195873
62794.2437 lsst_hardware_g 43.619434915871125 20.540000915527344 32.209999084472656 AB 1.198477196741681 1.0696709825884343
62794.2565 lsst_hardware_i 24.57590355440863 44.400001525878906 32.02000045776367 AB 1.2933049193819957 1.0506132570121816
62796.343 lsst_hardware_z 15.241372266717326 41.09000015258789 30.950000762939453 AB 3.289725194087251 1.049214679841781
62796.3538 lsst_hardware_r -11.986773917704719 22.770000457763672 31.489999771118164 AB 3.35167490349597 1.0645870524605148
62799.3405 lsst_hardware_u -0.44589284554154873 2.5899999141693115 28.389999389648438 AB 3.897545421172415 1.0568659342448503
62799.3512 lsst_hardware_g 3.8227685701472622 13.109999656677246 31.3799991607666 AB 3.930626695044124 1.0739906266343373
62801.3409 lsst_hardware_r -9.918540579149113 21.56999969482422 31.479999542236328 AB 3.255817605669626 1.0657922218351483
62801.353 lsst_hardware_i -66.22232903522193 30.309999465942383 31.239999771118164 AB 3.358798565870725 1.087752544676726
62803.3383 lsst_hardware_z -75.09941251235131 41.5099983215332 30.950000762939453 AB 3.7622568004592662 1.070546372131063
62803.3499 lsst_hardware_r 9.586242693112057 22.200000762939453 31.489999771118164 AB 3.874059795112738 1.092618161637512
62807.3308 lsst_hardware_r -25.33339800310179 21.670000076293945 31.469999313354492 AB 3.320541644970122 1.0765832632561363
62807.3428 lsst_hardware_u -2.8434094834778008 2.6500000953674316 28.3799991607666 AB 2.8331136317753693 1.1009152417766404
62813.2795 lsst_hardware_z 149.97406407939846 55.91906615344663 30.979999542236328 AB 5.3260268169825355 1.031975744426135
62813.2936 lsst_hardware_r 92.40896149026456 71.57401224503286 31.649999618530273 AB 6.2786142872865645 1.045593430950606
62817.3117 lsst_hardware_i 352.8025685945774 65.06128771939726 31.31999969482422 AB 4.014651685614558 1.0926699983528247
62817.3233 lsst_hardware_z 236.37049498665962 60.558960273644956 30.969999313354492 AB 4.137535127584337 1.1195386937926906
62819.2354 lsst_hardware_z 341.72767504178535 52.67993756908529 30.969999313354492 AB 7.349671578344699 1.0212132247248435
62819.2475 lsst_hardware_r 799.058645915409 63.76370345191131 31.649999618530273 AB 7.466474237024905 1.0233654381887205
62827.2209 lsst_hardware_u 12.346900952188381 4.468920948577084 28.459999084472656 AB 3.118546793654773 1.0220554833769873
62833.2991 lsst_hardware_g 1402.3746260842197 39.10838969890001 31.34000015258789 AB 4.128281912404488 1.1768751591403146
62833.3115 lsst_hardware_i 1804.3818666689938 52.85275334974257 31.219999313354492 AB 4.300493267712996 1.222570401377744
62838.2396 lsst_hardware_z 1450.1425573892502 56.12195427884662 30.950000762939453 AB 6.717259851281948 1.0653516943011547
62840.2695 lsst_hardware_r 3222.5259401273574 65.7321338674836 31.559999465942383 AB 3.6352278672434073 1.1439928251054465
62840.2819 lsst_hardware_i 2069.6505761256462 53.875460809923226 31.229999542236328 AB 3.779846854219253 1.1834210564243122
62842.2725 lsst_hardware_z 1517.665112507792 67.99616661410907 30.959999084472656 AB 5.3802684253388415 1.170132323910144
62842.2835 lsst_hardware_r 3074.8866903767425 82.16992954276485 31.600000381469727 AB 5.5203822393977955 1.2091517335226802
62844.1899 lsst_hardware_i 2107.625701348106 81.86884693524948 31.34000015258789 AB 6.240851700142194 1.0285281529632093
62844.2023 lsst_hardware_z 1430.4365006583496 72.66172801209954 30.989999771118164 AB 6.270752823354836 1.0384620060205076
62849.1925 lsst_hardware_g 773.5910597388234 61.89130563848354 31.719999313354492 AB 7.922520424079153 1.0424368979051517
62851.1298 lsst_hardware_g 1052.842767855187 37.23917850553061 32.13999938964844 AB 10.456846905733912 1.0253511877878745
62851.1414 lsst_hardware_r 4042.225513886836 70.34303950005611 32.2400016784668 AB 10.422630751648374 1.0216973919837726
62853.1303 lsst_hardware_i 1681.544337365299 48.97766485676506 31.25 AB 3.1027447276933415 1.023023402454186
62853.1428 lsst_hardware_z 1158.3067543028615 52.27945428013236 30.950000762939453 AB 3.0973012114913487 1.0212285901331553
62855.1326 lsst_hardware_r 1606.2359972757442 45.895874144818876 31.5 AB 3.1235014259398 1.0214196945518257
62855.1446 lsst_hardware_g 380.35213380238736 23.629003625533976 31.420000076293945 AB 3.104875073364707 1.0220969709044603
62858.1686 lsst_hardware_i 1231.5009405957992 46.11399231568775 31.239999771118164 AB 5.963770511940645 1.0431795423419927
62858.1814 lsst_hardware_z 899.7735566111364 50.33821144436691 30.950000762939453 AB 6.24111840350173 1.0597925629989746
62860.1254 lsst_hardware_z 926.91316897392 49.106773959431095 30.950000762939453 AB 6.4858232670586125 1.0213090728381906
62860.1389 lsst_hardware_i 1218.0105312432202 45.02574618001447 31.25 AB 6.4758860885194744 1.0246655203353598
62863.1234 lsst_hardware_u 6.5704127566625825 3.7765113296836783 28.450000762939453 AB 5.508873788298498 1.0222441618664868
62863.1363 lsst_hardware_g 183.3816613735152 18.979926594700558 31.399999618530273 AB 6.341684504493664 1.0274926287254285
62865.1093 lsst_hardware_g 188.99803485672828 20.517517932602058 31.479999542236328 AB 7.562748274204974 1.0212224930565867
62865.1224 lsst_hardware_r 759.0617478130748 36.20512758754878 31.5 AB 7.546568044809132 1.023552602856383
62866.1135 lsst_hardware_i 900.2641232482592 44.454705811823224 31.280000686645508 AB 7.627861241175104 1.021885088240979
62866.1273 lsst_hardware_z 746.0656946578279 49.36004766185203 30.959999084472656 AB 6.944278616977639 1.0270322586671534
62868.1117 lsst_hardware_r 698.7684053982587 47.147396292112504 31.610000610351562 AB 5.13677450563255 1.0227525148098655
62868.1252 lsst_hardware_z 740.061863623318 51.810417793287996 30.959999084472656 AB 4.742202086041776 1.0290678860829547
62870.1134 lsst_hardware_r 578.5228072070876 60.097654868973926 31.639999389648438 AB 2.3586227696696986 1.025488160725956
62870.1281 lsst_hardware_i 734.4609368894854 55.657898244633834 31.309999465942383 AB 2.609857544663427 1.0354865444192767
62872.1056 lsst_hardware_z 694.5920766112131 60.52053341124466 30.979999542236328 AB 8.786225277142982 1.0244435267124221
62872.1175 lsst_hardware_i 751.8089155176499 63.356219963075134 31.31999969482422 AB 8.868938992793616 1.0313119492376002
62874.1059 lsst_hardware_z 1339.1485778739866 92.25955029142983 31.739999771118164 AB 6.035647591637398 1.0272859851873477
62881.0785 lsst_hardware_i 467.70030265518324 36.453140740361334 31.25 AB 6.106610838763909 1.0234829194274548
62881.0909 lsst_hardware_z 498.4759220424226 46.930581609879155 30.950000762939453 AB 5.584562576860894 1.0298712317673115
62883.0765 lsst_hardware_r 276.4247159563451 27.110256822802416 31.5 AB 2.8175602824097665 1.0248468791160377
62883.0888 lsst_hardware_g 35.080259245223424 14.80008339736366 31.40999984741211 AB 2.1038872309671715 1.032329357687503
62887.0663 lsst_hardware_z 1574.6780447974072 79.14555566552998 32.13999938964844 AB 12.249111520990885 1.025173233727788
62887.0946 lsst_hardware_i 701.0542648719523 49.50058666833292 31.989999771118164 AB 13.273607010253984 1.0493246470463504
62889.069 lsst_hardware_u 6.681626337334484 3.8481499843611324 28.3700008392334 AB 7.631596168753002 1.0298355264493788
62889.0824 lsst_hardware_g 46.58586523263171 14.331282212118948 31.3700008392334 AB 7.60246427096312 1.0415047977208192
62893.0659 lsst_hardware_z 338.13983324225205 44.99536540842885 30.950000762939453 AB 11.810757956423137 1.03603139968624
62893.0779 lsst_hardware_u 10.465750610974492 3.81096485170474 28.420000076293945 AB 11.957787603887168 1.0489287371830849
63124.3763 lsst_hardware_g -5.414813697859387 12.770000457763672 31.399999618530273 AB 1.2232649149960497 1.0282417329751048
63124.388 lsst_hardware_y 50.05271205924581 46.790000915527344 30.049999237060547 AB 1.2205526834594769 1.022880941512237
63129.3955 lsst_hardware_z 10.297360214611311 43.560001373291016 30.959999084472656 AB 6.043100474794292 1.022492395836715
63140.3095 lsst_hardware_r -62.51701818304134 84.4800033569336 31.649999618530273 AB 4.627151573563581 1.0500343964213876
63140.3222 lsst_hardware_y -104.00102657333828 52.560001373291016 30.059999465942383 AB 4.646915104080717 1.0361784831456928
63143.3758 lsst_hardware_i -63.51483349811981 50.439998626708984 31.31999969482422 AB 1.9645169439460721 1.0320099517293204
63143.3883 lsst_hardware_z 33.713507247537585 65.56999969482422 30.989999771118164 AB 1.9869911924579624 1.0438162373372828
63145.381 lsst_hardware_r -93.4664897634517 45.41999816894531 31.6200008392334 AB 6.014296202039582 1.0417973674069338
63147.3759 lsst_hardware_g 6.4757500293798085 28.899999618530273 31.639999389648438 AB 4.160489963601919 1.0421851490078913
63147.3876 lsst_hardware_i -26.732180086505693 53.90999984741211 31.309999465942383 AB 4.238025965091434 1.0568643304467416
63149.3353 lsst_hardware_z -10.949740200360704 40.959999084472656 30.950000762939453 AB 3.064314973528659 1.021438324509553
63149.3481 lsst_hardware_r 24.319960177292838 23.799999237060547 31.510000228881836 AB 3.0752638934264267 1.0250879644754756
63151.3571 lsst_hardware_u -3.2428192205971187 2.5899999141693115 28.389999389648438 AB 5.7161156908442745 1.0345598668235327
63151.3684 lsst_hardware_g 15.223396880003714 14.0 31.420000076293945 AB 5.799152636706999 1.046054649918588
63153.3612 lsst_hardware_r -2.8333641622428116 21.549999237060547 31.479999542236328 AB 5.637837928840415 1.044044060896373
63153.372 lsst_hardware_i 34.14201644116141 31.5 31.25 AB 5.713156432219721 1.0579919318925408
63155.3567 lsst_hardware_z 62.96943849295727 40.970001220703125 30.950000762939453 AB 7.656196969116537 1.0451432624553323
63155.3686 lsst_hardware_r 23.35545255839649 22.780000686645508 31.489999771118164 AB 7.748285558389525 1.0610577172017897
63157.3605 lsst_hardware_u -2.6625545883859596 2.75 28.450000762939453 AB 6.796180520463044 1.0571542711200534
63157.3714 lsst_hardware_r 40.90632194658025 23.860000610351562 31.5 AB 7.028577924675785 1.074706104690572
63159.3451 lsst_hardware_g 27.94651973270315 12.75 31.3799991607666 AB 0.6837102129817294 1.0443638691166945
63159.3568 lsst_hardware_i 43.27936696517856 30.1200008392334 31.239999771118164 AB 0.6633933780461124 1.0597338307445885
63161.3447 lsst_hardware_z -73.1868088026448 40.849998474121094 30.950000762939453 AB 3.271445484394051 1.0505043032575632
63161.3549 lsst_hardware_r 14.068413163862282 21.760000228881836 31.479999542236328 AB 3.35597457718084 1.0652478488606452
63165.2819 lsst_hardware_r -4.800101958365649 63.709999084472656 32.79999923706055 AB 1.430225915079321 1.0215899393423722
63165.2965 lsst_hardware_i -14.763515371131382 52.08000183105469 32.040000915527344 AB 1.403640233939759 1.022316266525372
63166.3392 lsst_hardware_z 17.41159274651484 40.97999954223633 30.940000534057617 AB 3.23882622440549 1.0620263059586634
63166.35 lsst_hardware_r 26.22895099023814 21.799999237060547 31.479999542236328 AB 3.3496804994454794 1.0805420965953159
63168.3395 lsst_hardware_z -85.67104436088043 56.58000183105469 30.969999313354492 AB 3.8514255443372565 1.0714277293224315
63168.3489 lsst_hardware_r -15.904324214176576 64.33999633789062 31.6299991607666 AB 3.931007911301359 1.0891229898322938
63170.329 lsst_hardware_i -7.7782704863124685 67.94999694824219 31.31999969482422 AB 3.652790629510549 1.063145465780353
63170.3402 lsst_hardware_z -4.69363100456981 61.86000061035156 30.979999542236328 AB 5.1368038461815715 1.0826860251198018
63183.3187 lsst_hardware_g 28.23388591747182 12.779999732971191 31.350000381469727 AB 4.520923860653881 1.1131853150271176
63183.3297 lsst_hardware_r -11.167058577807587 21.950000762939453 31.459999084472656 AB 4.581553810942252 1.1423896798259312
63186.3137 lsst_hardware_i 34.08243428398188 30.450000762939453 31.239999771118164 AB 5.403498228807738 1.1211594888141272
63186.3244 lsst_hardware_z -44.760109628065344 42.27000045776367 30.940000534057617 AB 5.63996614979388 1.1508960615843034
63187.2643 lsst_hardware_i -18.13533327818915 29.579999923706055 31.239999771118164 AB 4.1908198752640455 1.039690686441359
63187.2778 lsst_hardware_z -41.7396057750947 40.849998474121094 30.950000762939453 AB 4.2781536571354986 1.0560300301482284
63189.301 lsst_hardware_u 1.6903249988146225 2.549999952316284 28.34000015258789 AB 6.953641375216393 1.1100074028599878
63189.313 lsst_hardware_g 2.211044935027509 12.899999618530273 31.350000381469727 AB 7.168188350658003 1.141476706980112
63191.1813 lsst_hardware_z -51.68732138780112 41.209999084472656 30.950000762939453 AB 3.274062505132899 1.0377377195351618
63191.1952 lsst_hardware_g 5.039037868426489 12.649999618530273 31.3700008392334 AB 3.246310973271186 1.0271781589785263
63193.3002 lsst_hardware_r -3.9851805792153456 21.850000381469727 31.459999084472656 AB 7.338209230635394 1.136165547611532
63193.3122 lsst_hardware_y -21.001178680182182 48.29999923706055 30.010000228881836 AB 7.60421038157696 1.1727351828676367
63195.2938 lsst_hardware_z -26.139622994526004 47.290000915527344 30.950000762939453 AB 7.7297818348168486 1.1335653079363401
63195.3067 lsst_hardware_r -12.632356181960324 22.170000076293945 31.459999084472656 AB 7.821861993095076 1.1726050510600656
63197.2647 lsst_hardware_r 1.804424850705504 78.72000122070312 31.639999389648438 AB 4.746240522556746 1.0793042689156898
63197.2768 lsst_hardware_i -47.559890446301765 64.01000213623047 31.309999465942383 AB 4.842715048740771 1.1044869445004133
63201.2946 lsst_hardware_z -47.77083094915779 57.560001373291016 30.959999084472656 AB 8.25173013551726 1.1872423579949056
63201.3067 lsst_hardware_i 25.090993988110665 60.650001525878906 31.290000915527344 AB 8.637844398214892 1.2336253068001115
63206.2722 lsst_hardware_i 45.417900789478715 36.459999084472656 31.260000228881836 AB 6.103258579849338 1.1582601049813472
63206.2837 lsst_hardware_r 4.347357037861249 34.68000030517578 31.549999237060547 AB 6.155602847704531 1.1971222963250758
63208.185 lsst_hardware_z -69.37609314633788 40.349998474121094 30.950000762939453 AB 4.508695463341908 1.024237951690502
63208.1978 lsst_hardware_u -5.331671477560085 2.640000104904175 28.459999084472656 AB 4.622431920209543 1.0316201350687324
63211.1943 lsst_hardware_g 18.022450654132303 12.760000228881836 31.389999389648438 AB 10.458145758863957 1.0354599761251442
63211.2066 lsst_hardware_r 28.357294108100177 21.559999465942383 31.489999771118164 AB 10.589973537672407 1.0485122314527136
63213.1846 lsst_hardware_i -45.612202636372096 29.510000228881836 31.239999771118164 AB 11.426777475693008 1.031965092556227
63213.1979 lsst_hardware_z -0.7677475686257864 40.70000076293945 30.950000762939453 AB 11.559727405331646 1.0446480771152495
63216.1265 lsst_hardware_i -3.1473695126985497 29.450000762939453 31.25 AB 10.475857100039489 1.0274385064990306
63216.1402 lsst_hardware_z -42.149198595770194 40.34000015258789 30.950000762939453 AB 10.417032809536233 1.0220407885523204
63220.1324 lsst_hardware_g 15.04999919356642 16.780000686645508 31.5 AB 3.0985140603748955 1.021516215404235
63220.1453 lsst_hardware_r 1.7315365171633565 23.479999542236328 31.510000228881836 AB 3.1457538030580547 1.022095297882562
63222.1724 lsst_hardware_z -18.515410053427598 62.209999084472656 31.700000762939453 AB 3.854808748247747 1.043603045210896
63224.1725 lsst_hardware_z -16.540386683131505 48.970001220703125 30.959999084472656 AB 6.726683943324155 1.0502785380436235
63224.1849 lsst_hardware_r -111.88653703553403 52.22999954223633 31.6299991607666 AB 6.91667982237261 1.0685569085094473
63229.1126 lsst_hardware_i -59.30739596950844 65.20999908447266 31.34000015258789 AB 7.659128067171716 1.0212170756228955
63229.125 lsst_hardware_z 37.36840029939478 59.70000076293945 30.989999771118164 AB 7.3675350983702526 1.023268763662535
