data/validation/pwv_sim_epoch_fit_epoch/40663003.ecsv
# %ECSV 0.9
# ---
# datatype:
# - {name: time, datatype: float64}
# - {name: band, datatype: string}
# - {name: flux, datatype: float64}
# - {name: fluxerr, datatype: float64}
# - {name: zp, datatype: float64}
# - {name: zpsys, datatype: string}
# - {name: pwv, datatype: float64}
# - {name: airmass, datatype: float64}
# meta: {SNID: '40663003', alt: 1024.0, c: -0.06123111769556999, dec: -17.89609, lat: -30.244573, lon: -70.7499537, ra: 322.558594, t0: 60133.4765625,
#   x0: 5.169123472467048e-06, x1: 0.6288853287696838, z: 0.6047571897506714}
# schema: astropy-2.0
time band flux fluxerr zp zpsys pwv airmass
60095.4046 lsst_hardware_r -21.648235528431876 87.70999908447266 31.65999984741211 AB 7.578648812238233 1.024141731383545
60095.4248 lsst_hardware_y 17.711010757503054 131.58999633789062 30.079999923706055 AB 7.477276639397762 1.0324402779119808
60111.3289 lsst_hardware_u 7.113667435608655 33.58066148723929 29.520000457763672 AB 6.730557819831481 1.0398966606321494
60111.3527 lsst_hardware_g 116.31895487947905 98.07877926069614 31.739999771118164 AB 6.7920486289503605 1.024789503066682
60118.3239 lsst_hardware_r 1234.8579752604307 95.56412384870382 31.65999984741211 AB 2.7866481481653356 1.0285364720098433
60118.3455 lsst_hardware_i 881.7593224074609 104.34791610794497 31.350000381469727 AB 3.566408205083507 1.02460912305782
60120.3429 lsst_hardware_z 1452.1097235810194 175.02939816838926 31.760000228881836 AB 3.7083032510174756 1.0252900560391158
60120.3678 lsst_hardware_u 52.74705696823453 47.7030312370152 30.280000686645508 AB 3.7837155219306626 1.043327885823846
60121.3386 lsst_hardware_g 582.8554486188372 100.62911577725122 31.739999771118164 AB 5.538631459699554 1.0248816887647594
60121.3578 lsst_hardware_r 1619.4268984189475 96.31135153660915 31.65999984741211 AB 5.646848514148415 1.035770569071295
60128.3163 lsst_hardware_z 2274.1661796379462 176.76951022586064 31.760000228881836 AB 6.575411179182897 1.0243137157310567
60130.27 lsst_hardware_r 2283.626880508965 99.14080657774255 31.65999984741211 AB 4.095234777742596 1.0482682878180707
60130.2898 lsst_hardware_i 1855.3034317966194 105.52761537145146 31.350000381469727 AB 4.119820748129351 1.0293118671153905
60137.2712 lsst_hardware_i 4604.783528318605 182.06587057990433 32.529998779296875 AB 7.779825563408419 1.0290093993001017
60137.2938 lsst_hardware_z 3527.8944301121755 217.08967220936813 32.20000076293945 AB 7.833406794417963 1.0246444466210893
60141.2903 lsst_hardware_u 3.3287129508089 33.753974304814655 29.540000915527344 AB 3.3104027611102316 1.027038784180635
60141.3169 lsst_hardware_g 254.09513715469916 98.96017160371308 31.729999542236328 AB 3.1129321682705804 1.0516662730643853
60148.2545 lsst_hardware_g 210.45022138930418 98.76255173953558 31.739999771118164 AB 5.271108859804854 1.0243118654887007
60148.2736 lsst_hardware_r 1161.5203979965447 94.63398025993007 31.65999984741211 AB 5.249615197232962 1.0282274404530336
60151.2179 lsst_hardware_i 1893.212401270537 146.56790531439822 32.099998474121094 AB 10.541376950688647 1.0418610984586931
60151.2388 lsst_hardware_z 2063.4053235869396 178.0376241656566 31.760000228881836 AB 10.336253546486086 1.0262024899711506
60159.1854 lsst_hardware_z 1408.7595823418708 174.15144219161314 31.75 AB 2.374455390239567 1.056017518452109
60161.2224 lsst_hardware_r 572.4025300930508 90.53386785527546 31.65999984741211 AB 1.0784981885770109 1.0240932354440457
60161.2437 lsst_hardware_i 758.6365152316797 100.64190617373579 31.34000015258789 AB 1.0401514114887989 1.0317682940992423
60163.2024 lsst_hardware_z 963.3663665513482 174.36051979112833 31.760000228881836 AB 2.888940541520133 1.0278183906502298
60166.198 lsst_hardware_g 15.952694931799256 97.91884951177724 31.739999771118164 AB 4.230795499355788 1.026144918592236
60166.2191 lsst_hardware_r 210.82734395840822 89.80400239361838 31.65999984741211 AB 4.752310802160232 1.0258630981457597
60169.199 lsst_hardware_i 405.2791845065288 99.87526056036184 31.350000381469727 AB 3.078068711707894 1.0241453041783044
60175.1141 lsst_hardware_z 933.8449769952897 172.45396735517988 31.75 AB 2.444150251379862 1.1146083079941604
60175.1315 lsst_hardware_i 427.9930714401034 98.73456209121585 31.329999923706055 AB 1.9884209532491741 1.0738063741051298
60177.1832 lsst_hardware_u -28.429273249798776 33.823660802181905 29.549999237060547 AB 1.7715440531951978 1.024408666072782
60177.2032 lsst_hardware_g 243.10548203542243 97.70432525924598 31.739999771118164 AB 1.7879243444408064 1.034279412518785
60180.1695 lsst_hardware_r 205.439743984316 88.66292060021989 31.65999984741211 AB 3.0494821473263167 1.0241180389543212
60180.1874 lsst_hardware_i 105.89707111717729 98.89782536384806 31.34000015258789 AB 3.074886952621431 1.0288777690504747
60182.1494 lsst_hardware_z 882.5578502313067 172.91953721548785 31.760000228881836 AB 2.2529050014559115 1.0284106823444512
60184.1201 lsst_hardware_r 151.85134852764781 88.22308100126827 31.649999618530273 AB 3.7011086869980043 1.0516505077660554
60184.139 lsst_hardware_z 472.2399422897529 122.11794277749225 31.010000228881836 AB 4.023000073030874 1.0315384802643268
60194.155 lsst_hardware_u 86.84583592609626 33.74311019484397 29.530000686645508 AB 2.066690557848326 1.0328288644919172
60194.1795 lsst_hardware_g -28.22114627292394 96.87789308792092 31.719999313354492 AB 2.4047056635643798 1.0630882685961007
60196.101 lsst_hardware_i 109.41615023630588 98.23073042246341 31.34000015258789 AB 2.638522632764908 1.0357979453408432
60196.1191 lsst_hardware_z 99.41160485013872 121.74399991387702 31.010000228881836 AB 2.5936789782994665 1.0251695566401053
60199.102 lsst_hardware_r -18.204491644273645 88.10785452098408 31.65999984741211 AB 3.2031660287999992 1.028964352328943
60199.1207 lsst_hardware_g 119.74825411249397 97.5444072923074 31.739999771118164 AB 3.105228590951147 1.024151909943995
60201.1004 lsst_hardware_r 18.336802180958376 88.29296105221015 31.65999984741211 AB 1.2832132937822072 1.0269814275968043
60201.1193 lsst_hardware_i 150.92162332649858 98.3631478462935 31.350000381469727 AB 1.2780490122532562 1.0246935355808828
60207.2076 lsst_hardware_r 122.82592496154759 86.81103450310344 31.59000015258789 AB 7.975051803772698 1.2743770859335732
60207.2293 lsst_hardware_u 23.812313133350347 28.527897651902308 29.1200008392334 AB 8.247079148220315 1.4147146664757384
60209.0791 lsst_hardware_g -61.39909952734511 97.66753852607184 31.739999771118164 AB 2.5920136404219987 1.0267433711315823
60209.1017 lsst_hardware_r 151.914978003256 88.25295945167731 31.65999984741211 AB 3.3337182845501747 1.0258646890604048
60211.0531 lsst_hardware_i 69.74057271788332 98.02968145472498 31.34000015258789 AB 3.179175235002019 1.0429794636126695
60211.0699 lsst_hardware_z 94.73431942853595 121.37188722807568 31.010000228881836 AB 3.1085543183539266 1.0285846749088559
60215.0637 lsst_hardware_r 1.9842364602442488 87.7699966430664 31.65999984741211 AB 4.597915549515411 1.0263395262967119
60215.082 lsst_hardware_z 85.58155792428916 120.91000366210938 31.010000228881836 AB 4.589141356940911 1.0248957098803493
60218.0608 lsst_hardware_r 96.51332052247959 87.72000122070312 31.65999984741211 AB 5.849731364309202 1.0247405385493915
60218.0813 lsst_hardware_i 57.4990703156881 97.68000030517578 31.350000381469727 AB 5.8759501020516 1.027623312705734
60223.043 lsst_hardware_r -77.11487023664321 87.73999786376953 31.65999984741211 AB 3.8911971720710774 1.0259115910107481
60223.0622 lsst_hardware_u -0.8319755499716907 33.849998474121094 29.549999237060547 AB 3.8934530310436513 1.02544744244162
60227.0205 lsst_hardware_i -61.24545884076464 139.77999877929688 32.09000015258789 AB 2.477620995055911 1.0323420812732962
60227.0413 lsst_hardware_z 8.312190353745935 173.25 31.760000228881836 AB 2.457865889266857 1.0241107871945239
60236.0081 lsst_hardware_y 40.124032225055714 131.6300048828125 30.079999923706055 AB 4.1553033512168565 1.025705356782044
60236.0273 lsst_hardware_z -397.36142725625484 120.83000183105469 31.010000228881836 AB 4.163052131547217 1.0256349178484863
60237.9954 lsst_hardware_y 219.62685434755815 131.67999267578125 30.079999923706055 AB 3.4820513464620535 1.0290256651121668
60238.0134 lsst_hardware_z 106.84167362116357 120.9000015258789 31.010000228881836 AB 3.4237671480250835 1.0241090227902938
60239.9966 lsst_hardware_y -175.79463659253625 131.82000732421875 30.09000015258789 AB 3.905443471957918 1.0259034557045728
60240.014 lsst_hardware_r 23.823239588814754 87.79000091552734 31.65999984741211 AB 4.049350106273135 1.0249573134905567
60242.0057 lsst_hardware_z 3.414894226524836 170.8800048828125 31.760000228881836 AB 3.7018504307607 1.024402849578646
60447.4091 lsst_hardware_g -7.404259773152648 16.690000534057617 31.5 AB 8.165444574765429 1.039566021231382
60447.4312 lsst_hardware_y 9.134136589343914 60.029998779296875 30.06999969482422 AB 8.468910338235364 1.0251366728080527
60458.399 lsst_hardware_z -38.93347953847083 67.79000091552734 30.989999771118164 AB 8.3450388946655 1.0257981473027056
60458.4222 lsst_hardware_y 37.85216818346748 57.689998626708984 30.06999969482422 AB 8.201214683556731 1.0271204830370526
60460.3983 lsst_hardware_z 59.06256273442926 51.09000015258789 30.969999313354492 AB 7.581771338752847 1.0245636944260603
60460.4203 lsst_hardware_y -103.94919491932579 50.439998626708984 30.049999237060547 AB 7.4618864958310445 1.0289655253840992
60462.3731 lsst_hardware_g -16.903484153481404 29.719999313354492 32.33000183105469 AB 9.00817641960539 1.0348278483176783
60462.3974 lsst_hardware_r -91.95271108096385 39.79999923706055 32.29999923706055 AB 7.82164516746555 1.024110660224622
60466.3769 lsst_hardware_r 18.062913021007365 24.479999542236328 31.520000457763672 AB 4.525538805955795 1.025889105173621
60466.3995 lsst_hardware_g 3.5264405245458503 15.600000381469727 31.459999084472656 AB 4.564213008210711 1.0267425783317436
60468.3727 lsst_hardware_r 9.340879258580083 34.52000045776367 32.27000045776367 AB 2.563688763049969 1.0254755052199875
60468.3947 lsst_hardware_i 56.20003376787599 44.540000915527344 32.0099983215332 AB 2.981302937583496 1.0270320735775953
60485.3066 lsst_hardware_i 34.497449902956525 94.58999633789062 31.34000015258789 AB 4.160979344696587 1.0382980273728362
60485.3291 lsst_hardware_z -38.82918663794585 84.55000305175781 31.0 AB 4.107374441619714 1.0247514096103074
60487.3253 lsst_hardware_r 108.32220656378924 89.48999786376953 31.65999984741211 AB 7.025166570789893 1.0244501014641212
60487.3489 lsst_hardware_z 16.53751668789186 69.81999969482422 30.989999771118164 AB 7.418923500464854 1.0304060417312297
60490.298 lsst_hardware_y -11.97013799947148 67.43000030517578 30.799999237060547 AB 3.6357779918740367 1.0336990523488625
60490.32 lsst_hardware_g 6.5219499983575355 38.29999923706055 32.38999938964844 AB 3.5886250122807293 1.024150973824409
60493.2986 lsst_hardware_r -6.073445624998539 24.100000381469727 31.510000228881836 AB 6.583984110322644 1.027864196444094
60493.3203 lsst_hardware_i 5.081741614338626 31.280000686645508 31.25 AB 6.612660639040916 1.024927380699201
60495.2681 lsst_hardware_z -13.103790627014478 41.70000076293945 30.950000762939453 AB 4.225408994628967 1.0518599302053908
60495.2883 lsst_hardware_r -3.972848965936613 24.100000381469727 31.520000457763672 AB 4.0383525352910645 1.0307397729127465
60497.2982 lsst_hardware_u 1.456733940788627 2.759999990463257 28.450000762939453 AB 1.522289999591255 1.0244212648662194
60497.3174 lsst_hardware_r 28.057587449608892 24.06999969482422 31.510000228881836 AB 1.5315435796412935 1.0279390880751096
60499.288 lsst_hardware_i -1.052593506998885 31.3700008392334 31.270000457763672 AB 2.1535503730076853 1.0255001776227073
60499.3084 lsst_hardware_z 70.79613064988746 41.54999923706055 30.959999084472656 AB 1.78839064428881 1.0263360942833917
60501.2875 lsst_hardware_r -25.173507426721898 24.049999237060547 31.520000457763672 AB 8.912194225519196 1.0243901408642755
60501.3088 lsst_hardware_u 0.21145646852994074 2.809999942779541 28.479999542236328 AB 8.779309369161117 1.0292273586355543
60503.2884 lsst_hardware_g 15.294816014999391 15.390000343322754 31.479999542236328 AB 6.394260583762663 1.0242014870278262
60503.3101 lsst_hardware_r -18.592063323696074 24.200000762939453 31.520000457763672 AB 6.307772120520134 1.0340610033639566
60508.2684 lsst_hardware_z 3.1553923303527265 47.599998474121094 30.969999313354492 AB 1.9238881474655023 1.0243891276383736
60508.2875 lsst_hardware_r 33.97149053670169 45.31999969482422 31.6200008392334 AB 1.9532156900249964 1.0280082579078929
60511.2507 lsst_hardware_z -58.25820419779055 75.25 30.989999771118164 AB 4.834968703396671 1.0272596395318707
60511.2697 lsst_hardware_r -197.8786708517409 111.2699966430664 31.65999984741211 AB 4.736479050609653 1.0246205041699565
60514.2369 lsst_hardware_i -93.39248079845292 112.69999694824219 31.34000015258789 AB 6.472435126620182 1.0304237624634125
60514.2598 lsst_hardware_z 39.07686302274974 97.6500015258789 31.0 AB 6.064329789764238 1.0243511933387413
60516.2404 lsst_hardware_r -16.490159821736892 69.3499984741211 31.649999618530273 AB 10.372627836139937 1.0258924753455803
60516.2614 lsst_hardware_z 76.67772797387134 56.7599983215332 30.969999313354492 AB 10.755039836234213 1.0261137103645412
60520.2194 lsst_hardware_u 2.1565878345088736 2.740000009536743 28.40999984741211 AB 4.64034165022296 1.03118703338288
60520.2403 lsst_hardware_g 11.210492632364904 15.65999984741211 31.469999313354492 AB 4.608530263427243 1.024117836317165
60529.2012 lsst_hardware_u -3.253832671286612 4.130000114440918 29.290000915527344 AB 3.369879325782967 1.0274283368326331
60529.2348 lsst_hardware_r -47.18842724388826 34.9900016784668 32.27000045776367 AB 3.195454350206893 1.0307917258731913
60531.2106 lsst_hardware_i 4.103363214002032 31.690000534057617 31.25 AB 4.5944910015414955 1.0241272781368616
60531.2307 lsst_hardware_z 38.989379728473104 41.880001068115234 30.950000762939453 AB 4.7223290168134655 1.0317520246481158
60535.1713 lsst_hardware_y -100.45260771542003 47.83000183105469 30.059999465942383 AB 2.4372195150948492 1.0371146872744041
60535.1913 lsst_hardware_g -11.667439907865234 28.40999984741211 31.65999984741211 AB 2.40716953989247 1.0250544527576169
60537.1564 lsst_hardware_r -73.32325616441766 52.7599983215332 31.639999389648438 AB 5.516687729367204 1.047803937201748
60537.1751 lsst_hardware_i -47.59040155132725 47.0 31.309999465942383 AB 4.990323314658377 1.0297819468960745
60539.1987 lsst_hardware_z 5.9315192274068735 68.13999938964844 31.0 AB 3.2053528677201473 1.0261507419870282
60539.2208 lsst_hardware_r -29.16247093894567 92.93000030517578 31.65999984741211 AB 2.5289353961274403 1.0430391735187932
60541.1827 lsst_hardware_z 96.96961766429428 112.55000305175781 31.010000228881836 AB 2.2287281735274913 1.024114037232621
60541.2005 lsst_hardware_r -29.902550897460156 169.52000427246094 31.670000076293945 AB 2.2446769562646423 1.0297864233350806
60546.1634 lsst_hardware_r 5.9346079750593965 39.43000030517578 31.610000610351562 AB 3.6745206681784794 1.0245898321901818
60546.1838 lsst_hardware_z 48.34165187338824 46.81999969482422 30.969999313354492 AB 3.9682194009314737 1.0280361142309518
60553.1197 lsst_hardware_r -61.64135552623876 24.280000686645508 31.510000228881836 AB 1.051357341827489 1.0395754863159088
60553.1373 lsst_hardware_i -39.83094368091116 31.360000610351562 31.260000228881836 AB 1.3347039881764464 1.0266953755203434
60555.122 lsst_hardware_z -30.52067544788589 41.560001373291016 30.950000762939453 AB 0.6608241973403639 1.0325378083443186
60555.1419 lsst_hardware_r 6.646214254329936 24.309999465942383 31.520000457763672 AB 1.4338733317566066 1.0241952369690048
60561.1004 lsst_hardware_z 71.9170665576166 41.709999084472656 30.959999084472656 AB 2.6610143980759844 1.0370282143709995
60566.0878 lsst_hardware_y -29.35115004191491 87.52999877929688 31.25 AB 1.3248406074604475 1.0360434857950713
60568.0866 lsst_hardware_r -110.91845784931718 113.93000030517578 31.670000076293945 AB 3.7168703095822972 1.0324639748839715
60568.1045 lsst_hardware_i 159.84930594213836 94.69000244140625 31.350000381469727 AB 3.687843782262887 1.0244010506285797
60577.0615 lsst_hardware_z 28.043595342412026 58.61000061035156 31.700000762939453 AB 4.6172725292080115 1.0328698521828374
60577.0811 lsst_hardware_r -31.139674450639355 33.97999954223633 32.2599983215332 AB 4.5166392645095 1.024258658517537
60580.062 lsst_hardware_r 21.728095856660634 24.079999923706055 31.510000228881836 AB 4.6000254795052165 1.0274029510508733
60580.0816 lsst_hardware_i -24.93626988247957 31.229999542236328 31.25 AB 4.603362016741473 1.024677132274141
60582.0592 lsst_hardware_z 49.442868486175385 41.310001373291016 30.950000762939453 AB 3.8226367174526055 1.0262571168604857
60582.0779 lsst_hardware_r 15.025171908587101 23.969999313354492 31.510000228881836 AB 3.809016672377996 1.0250773731449805
60584.0371 lsst_hardware_r -15.64009798384558 24.350000381469727 31.520000457763672 AB 5.174138391502158 1.0375079070603375
60584.0558 lsst_hardware_u -5.229641254214246 2.940000057220459 28.579999923706055 AB 5.013085903712899 1.0255379540147456
60586.0372 lsst_hardware_g 18.124032693048015 15.470000267028809 31.469999313354492 AB 2.484913365887308 1.032655505978934
60586.0556 lsst_hardware_i 24.448710362521673 31.489999771118164 31.260000228881836 AB 2.3625289633407514 1.024365788411946
60588.0401 lsst_hardware_z -86.8064465160412 41.459999084472656 30.950000762939453 AB 3.51277905281189 1.0274287957917199
60588.0578 lsst_hardware_r -15.513072910713664 24.25 31.520000457763672 AB 3.8660066170076384 1.0243564530921783
60590.0385 lsst_hardware_u -0.6155744385380371 2.9000000953674316 28.489999771118164 AB 4.682442906073206 1.025839173200326
60590.0567 lsst_hardware_g 9.50672290434483 15.979999542236328 31.479999542236328 AB 5.711667088383527 1.0252498812383901
60592.0273 lsst_hardware_r -22.036210546711228 27.729999542236328 31.549999237060547 AB 2.4681333265588763 1.0283888860661985
60592.046 lsst_hardware_i -1.3135796610409898 33.13999938964844 31.270000457763672 AB 2.481770839548213 1.0242554022071817
60596.0056 lsst_hardware_y -25.0717328416615 58.279998779296875 30.059999465942383 AB 7.58272173268931 1.03630386415669
60596.0245 lsst_hardware_z 59.45884034131753 68.7699966430664 30.989999771118164 AB 7.497006765616589 1.0251148722357044
60599.008 lsst_hardware_y -53.75055516146638 56.83000183105469 30.06999969482422 AB 7.289081020639566 1.0284901376628506
60599.0266 lsst_hardware_i -22.287609014056184 76.68000030517578 31.34000015258789 AB 7.257335392348941 1.0242276039444336
60601.0077 lsst_hardware_y 92.58181086527306 52.220001220703125 30.059999465942383 AB 4.190811888063081 1.0261118681239945
60601.0254 lsst_hardware_r 193.53815540677166 71.44000244140625 31.65999984741211 AB 4.168361449630836 1.024922903769621
60604.9964 lsst_hardware_z -22.832030106834186 64.94000244140625 30.989999771118164 AB 3.928502278376212 1.0262545136824237
60605.0143 lsst_hardware_i 34.80103315749392 32.349998474121094 31.270000457763672 AB 4.044438312926041 1.0248814223442613
60606.9982 lsst_hardware_y -36.57756401108714 73.04000091552734 30.06999969482422 AB 3.83320152451034 1.0243724009916242
60607.0151 lsst_hardware_r 31.158174989189945 25.1299991607666 31.530000686645508 AB 3.7167075656800495 1.0269984983918345
