data/validation/pwv_sim_epoch_fit_epoch/40666196.ecsv
# %ECSV 0.9
# ---
# datatype:
# - {name: time, datatype: float64}
# - {name: band, datatype: string}
# - {name: flux, datatype: float64}
# - {name: fluxerr, datatype: float64}
# - {name: zp, datatype: float64}
# - {name: zpsys, datatype: string}
# - {name: pwv, datatype: float64}
# - {name: airmass, datatype: float64}
# meta: {SNID: '40666196', alt: 1024.0, c: 0.005555367562919855, dec: -2.089372, lat: -30.244573, lon: -70.7499537, ra: 350.683594, t0: 60539.65625,
#   x0: 4.236519725350329e-06, x1: -0.688737154006958, z: 0.6567267775535583}
# schema: astropy-2.0
time band flux fluxerr zp zpsys pwv airmass
60485.4018 lsst_hardware_i -153.99336267032913 97.76000213623047 32.060001373291016 AB 5.035230286837038 1.1384411388044176
60485.4212 lsst_hardware_y -7.578148395180632 78.01000213623047 30.770000457763672 AB 4.705598796570085 1.1370987244777586
60487.4154 lsst_hardware_z -13.934543456574438 65.9000015258789 30.969999313354492 AB 8.168253579629921 1.1369799670056726
60490.3777 lsst_hardware_r 17.133425856556237 40.86000061035156 31.59000015258789 AB 4.677937163158641 1.1461318542591596
60490.3997 lsst_hardware_i 42.784760576414286 41.2599983215332 31.280000686645508 AB 4.648921645592614 1.1356375650824437
60495.3383 lsst_hardware_g 3.2214638957874415 16.049999237060547 31.440000534057617 AB 5.444536029752484 1.1872943293783131
60495.3589 lsst_hardware_r -10.812363224704137 25.440000534057617 31.510000228881836 AB 5.169145941386001 1.1517704860486273
60499.3787 lsst_hardware_i 2.207748360572611 32.65999984741211 31.25 AB 2.4483963895162932 1.1359711055596784
60499.4 lsst_hardware_u 2.7742650256713786 2.8399999141693115 28.440000534057617 AB 2.2995536449421903 1.1497768224710951
60501.3757 lsst_hardware_g -16.249978681503144 15.699999809265137 31.440000534057617 AB 10.37269567332656 1.1365261877275266
60501.3948 lsst_hardware_r 13.108626536399468 24.90999984741211 31.5 AB 10.513600928352899 1.1500748508681515
60508.3374 lsst_hardware_g -0.35179473147581747 15.27769396640732 31.399999618530273 AB 1.7968900691336782 1.1393152715631478
60508.357 lsst_hardware_r 21.113584075668232 24.623264055961627 31.479999542236328 AB 1.767867031479496 1.136648327140696
60514.3307 lsst_hardware_i 97.77022899112154 94.2131281228458 31.31999969482422 AB 5.926991799333292 1.135874242877212
60514.3524 lsst_hardware_z 64.49256155982944 82.7379234934661 30.979999542236328 AB 5.7654914883677115 1.1432662082823144
60516.3223 lsst_hardware_z 207.04516257501504 77.74227384953076 30.979999542236328 AB 9.520676699687714 1.1364805864659853
60516.3435 lsst_hardware_r 15.647640844152638 101.76703848411879 31.6299991607666 AB 8.15441386926848 1.1406901803509018
60520.2886 lsst_hardware_r 279.45264894108834 31.54902726143481 31.5 AB 5.081637336723673 1.1543709993503846
60520.3097 lsst_hardware_i 263.0907052937752 37.72919837674492 31.239999771118164 AB 5.015876578569563 1.137000244490437
60529.3093 lsst_hardware_i 906.5751905281679 44.48612186324339 31.25 AB 2.922880331793164 1.1416014835801969
60529.3304 lsst_hardware_z 762.3575584447856 50.595409285659485 30.940000534057617 AB 2.997098451860296 1.1673974754065033
60531.2952 lsst_hardware_i 1074.5885011020669 45.82331848850132 31.25 AB 5.4934968066202385 1.136977607441236
60531.3168 lsst_hardware_u 1.2377918970072408 3.2227953816442487 28.450000762939453 AB 5.611811777674284 1.1549314216246727
60535.2426 lsst_hardware_r 1295.5080411347592 44.60300673729034 31.510000228881836 AB 2.9156657267322768 1.1616198114471223
60535.2627 lsst_hardware_i 1204.478599477138 47.78890638056608 31.25 AB 4.1706572181952986 1.1399131447066069
60537.2408 lsst_hardware_z 3715.6887164135583 113.88833522247938 32.459999084472656 AB 5.103377504205145 1.1562452572540685
60541.2522 lsst_hardware_i 2822.0356268890105 151.5895519636029 32.06999969482422 AB 1.719814258751358 1.1370672785132947
60541.2728 lsst_hardware_z 2141.3875016150478 129.31496686375695 31.739999771118164 AB 1.8621088259942702 1.13919479540853
60543.245 lsst_hardware_i 1386.6203900228836 130.13573529416854 31.31999969482422 AB 2.273981609587008 1.1377493043297238
60543.2632 lsst_hardware_z 928.6473372241529 109.68592366495854 30.989999771118164 AB 2.0167341997012604 1.1372561276510866
60546.2441 lsst_hardware_g 197.88315362178665 58.238782729381434 31.68000030517578 AB 3.853174039305111 1.1357919054694505
60546.2629 lsst_hardware_r 1207.3693164191332 68.36598606273894 31.6200008392334 AB 3.691990829765433 1.1416174489070603
60549.2131 lsst_hardware_i 1122.9894428311418 46.133674918814535 31.25 AB 4.54259202523808 1.1498777433838958
60549.2291 lsst_hardware_r 954.4305467738858 39.2723327105065 31.510000228881836 AB 4.531615501588197 1.1375488666023421
60553.1826 lsst_hardware_z 874.6994893633916 51.91482647603203 30.940000534057617 AB 1.9093453939729863 1.1815256150822935
60553.2008 lsst_hardware_u 2.0310118433923727 2.7917492623349167 28.389999389648438 AB 1.751997935153552 1.1514938778531396
60557.1693 lsst_hardware_r 503.13047548105146 34.07443225773281 31.479999542236328 AB 2.5733828695952243 1.1867110304796975
60557.1892 lsst_hardware_i 737.7949926403033 42.58620681510089 31.239999771118164 AB 2.4771090128719897 1.152322381550003
60559.1552 lsst_hardware_z 706.7705614698826 50.943526891058255 30.93000030517578 AB 2.4474966244961083 1.2081928295673743
60559.1748 lsst_hardware_i 679.4740478631567 41.68034240486554 31.239999771118164 AB 2.6487235977069647 1.1652985471654045
60566.1524 lsst_hardware_r 317.9766762493562 49.76137198298106 31.600000381469727 AB 1.9782268472834428 1.1710681351389332
60566.1668 lsst_hardware_i 431.81901709160803 48.92500463634254 31.290000915527344 AB 1.0178169177087881 1.1497508248616641
60568.1719 lsst_hardware_z 766.6262051053 93.78595104894033 31.729999542236328 AB 3.415013648532618 1.1403651987531003
60571.1508 lsst_hardware_r 356.6473413770685 176.3359390852344 31.639999389648438 AB 8.541201867067414 1.1525421674010612
60571.1702 lsst_hardware_z 441.75039885412997 120.8211770327884 30.989999771118164 AB 6.945349708694004 1.13710616691898
60578.1214 lsst_hardware_r 179.6210024601061 38.64330682360388 32.2400016784668 AB 4.241835391864781 1.1679062202268875
60578.1546 lsst_hardware_i 496.9972137158983 50.68937359004338 31.989999771118164 AB 3.241369094737946 1.1361265666799671
60580.1471 lsst_hardware_z 266.0332773004515 46.14177863894454 30.940000534057617 AB 4.902945835070662 1.1366294461458561
60580.1662 lsst_hardware_u -5.655104402470397 2.9124515674136613 28.3700008392334 AB 4.920407083983176 1.139136939937841
60582.1065 lsst_hardware_r 135.6958466208656 26.898623282482994 31.489999771118164 AB 4.526831732050633 1.175266237957032
60582.1271 lsst_hardware_g 12.152771701515665 16.463893123908708 31.440000534057617 AB 4.755415459292436 1.1456071932767917
60584.1054 lsst_hardware_r 99.21853105086089 26.771215369462535 31.489999771118164 AB 5.291884568949877 1.1672416518527244
60584.1251 lsst_hardware_i 143.51557459496055 35.07891828504997 31.239999771118164 AB 5.00688585776761 1.1426028885822934
60586.1071 lsst_hardware_z 258.3290314317507 45.80092095090287 30.940000534057617 AB 2.4278871912321702 1.156136757729605
60586.1244 lsst_hardware_i 132.2275671792091 34.59052698029978 31.239999771118164 AB 2.3926572103690114 1.1393605763661958
60588.1058 lsst_hardware_u 7.030853940792632 3.196430554201123 28.350000381469727 AB 3.921830525739908 1.1508281486008856
60588.1264 lsst_hardware_g 47.970059769316116 16.398410981683327 31.43000030517578 AB 4.977101401477391 1.136324520885249
60590.1009 lsst_hardware_r 98.96343470690363 26.34756000013181 31.5 AB 10.353208942493847 1.1501755030214995
60590.1192 lsst_hardware_i 132.76113395998587 34.27364538480705 31.25 AB 10.068164156042728 1.136810721621716
60594.1044 lsst_hardware_g 2.2580261023384733 33.771856450031315 31.639999389648438 AB 6.596910230455519 1.1383796773866095
60594.1216 lsst_hardware_r 23.95490937514321 38.383127919821284 31.59000015258789 AB 6.58394465082457 1.1365018528998738
60596.104 lsst_hardware_i 64.60656667843351 59.643335963926205 31.309999465942383 AB 8.202916301116527 1.1364659194527313
60596.1232 lsst_hardware_z 182.26539214201458 59.045645029116 30.969999313354492 AB 8.220564494593464 1.1395293172433576
60601.0823 lsst_hardware_z 212.72536860928076 104.93144018498032 31.729999542236328 AB 4.308421196860919 1.1400453001616544
60603.0737 lsst_hardware_r 26.685161393983837 25.84004337844568 31.5 AB 3.344734868281652 1.1422299558721813
60603.0922 lsst_hardware_i 5.376166930220796 45.22868635045935 31.290000915527344 AB 2.9727114801449406 1.135706391650407
60605.0697 lsst_hardware_z 131.3786538340831 44.54592086629449 30.940000534057617 AB 4.916678778482091 1.1411578921857009
60605.0863 lsst_hardware_u 5.9165088930071725 2.9695457514599815 28.40999984741211 AB 6.04033213568483 1.135685410319328
60611.0432 lsst_hardware_z 137.1328923489582 44.922538557609066 30.950000762939453 AB 2.724985536698243 1.1505920633490119
60611.0593 lsst_hardware_i 103.42418573332364 33.82202903227332 31.25 AB 2.702678451584568 1.1377702655326347
60613.0418 lsst_hardware_u -0.19247538117222715 2.8849233678545714 28.489999771118164 AB 4.703295766638576 1.1462367066687569
60613.0583 lsst_hardware_g 9.722521932386142 16.09249950659285 31.450000762939453 AB 4.584247239972176 1.136285024263444
60615.0453 lsst_hardware_r 59.96464945477771 25.48166033978114 31.489999771118164 AB 7.54898006954657 1.1393110492203449
60615.0632 lsst_hardware_i 115.80327758109811 33.44205071801913 31.239999771118164 AB 7.514314461104289 1.1362370656911727
60617.045 lsst_hardware_z 176.00916966506895 44.23154827572466 30.940000534057617 AB 4.552410778116808 1.1369657288004018
60617.063 lsst_hardware_u -3.751699073411252 2.7572050009708344 28.3700008392334 AB 4.57517722216019 1.138033013409573
60622.0166 lsst_hardware_y 40.21773376162796 52.45510104230356 30.020000457763672 AB 10.270098033448342 1.146856285142591
60622.035 lsst_hardware_i 124.20282490698338 36.2789296286595 31.270000457763672 AB 10.428683939026278 1.1360222155802047
60624.0182 lsst_hardware_y -27.025952040923322 54.790000915527344 30.020000457763672 AB 7.736013534918619 1.1408927639738402
60624.0367 lsst_hardware_i -16.647037301327906 51.630001068115234 31.299999237060547 AB 7.176906947291706 1.1358860903125887
60626.0201 lsst_hardware_y -79.05342917374736 63.900001525878906 30.030000686645508 AB 5.766498522371503 1.1370774002313992
60626.0399 lsst_hardware_z 62.86368718859469 76.76000213623047 30.979999542236328 AB 5.941179648790282 1.1387569406852809
60629.0161 lsst_hardware_y 83.2112063749773 68.88999938964844 30.030000686645508 AB 7.48944635402693 1.1359837735993947
60629.034 lsst_hardware_i 40.76880987808823 78.52999877929688 31.31999969482422 AB 7.420470400979589 1.1400761130754122
60843.3903 lsst_hardware_r -31.74339309675981 104.43000030517578 32.369998931884766 AB 4.354715387489776 1.1769501047269664
60843.4181 lsst_hardware_y -170.95696548992908 78.18000030517578 30.780000686645508 AB 4.079204312879611 1.1405310411369003
60845.4316 lsst_hardware_z 45.50235556922778 49.97999954223633 30.959999084472656 AB 2.962336602259849 1.136083068939562
60853.3407 lsst_hardware_i 11.618623764756503 33.61000061035156 31.239999771118164 AB 8.895386328533318 1.2354703234074051
60853.3659 lsst_hardware_r -15.648592058281947 25.530000686645508 31.510000228881836 AB 8.433964914311755 1.1713840158766327
60859.376 lsst_hardware_u 5.046433230993593 2.859999895095825 28.450000762939453 AB 7.380152900223799 1.1395572958295022
60859.3986 lsst_hardware_g -8.401897470633347 16.020000457763672 31.450000762939453 AB 7.388562657658962 1.1376645865977306
60864.367 lsst_hardware_z -3.0706327271877982 51.560001373291016 30.959999084472656 AB 1.6366013934133568 1.1373185499748217
60864.3899 lsst_hardware_r 22.174155194583744 47.540000915527344 31.610000610351562 AB 1.7067167647407868 1.1402817870324282
60869.3239 lsst_hardware_z 126.87427888689976 75.5999984741211 30.969999313354492 AB 7.1270048264223975 1.1683614469544914
60869.3439 lsst_hardware_r 9.187449499455129 104.87000274658203 31.6299991607666 AB 6.848235794047644 1.1428964943337585
60871.3268 lsst_hardware_i -15.204277016345179 83.97000122070312 31.309999465942383 AB 5.456798315208201 1.1553873803705057
60871.3472 lsst_hardware_r 97.67743860025215 97.69000244140625 31.6299991607666 AB 4.121502512515279 1.1375938483343302
60876.3308 lsst_hardware_u 4.298749172469137 3.990000009536743 29.149999618530273 AB 3.8320778515732883 1.138889323597084
60876.3513 lsst_hardware_g 16.872942850388725 23.329999923706055 32.209999084472656 AB 3.1333199855927214 1.13732122889028
60878.3323 lsst_hardware_r 6.91518438856232 24.56999969482422 31.489999771118164 AB 5.425689520621677 1.136270056674549
60878.3516 lsst_hardware_i -7.0370997874615275 32.189998626708984 31.239999771118164 AB 4.935718821974224 1.1402399865950001
60880.3271 lsst_hardware_z -202.4858911608401 60.970001220703125 31.690000534057617 AB 5.938428399586022 1.1362151343319664
60880.3488 lsst_hardware_r -69.55282269157742 24.700000762939453 31.5 AB 5.753100273715111 1.1420924312563083
60882.325 lsst_hardware_u 0.060455475252411996 2.700000047683716 28.350000381469727 AB 9.88110688059257 1.1357594115623646
60882.346 lsst_hardware_g 8.121312494344984 15.300000190734863 31.420000076293945 AB 8.17692694033077 1.144266294476738
60885.2864 lsst_hardware_g -22.883145240484073 21.739999771118164 32.18000030517578 AB 4.8338017938547075 1.1584442707752136
60885.3083 lsst_hardware_r 28.68313346625639 34.849998474121094 32.2599983215332 AB 4.21018797011765 1.1378886405723376
60887.2924 lsst_hardware_i -16.161535650775555 32.189998626708984 31.239999771118164 AB 3.8812055869155793 1.1449265479236346
60887.3134 lsst_hardware_r 6.9128798040287744 24.6299991607666 31.510000228881836 AB 3.836961980041798 1.1357278745097945
60892.2933 lsst_hardware_r 16.694010251354705 50.650001525878906 31.610000610351562 AB 1.7269495967776223 1.1364625808243196
60893.2538 lsst_hardware_z -29.374739069521826 53.7599983215332 30.959999084472656 AB 1.4464919732827823 1.176966617805356
60893.2691 lsst_hardware_r 34.6585712383959 61.970001220703125 31.6200008392334 AB 1.4087449506308147 1.152347607877967
60895.2989 lsst_hardware_z -73.17431438948519 100.8499984741211 31.729999542236328 AB 2.967172045727217 1.1371379837993933
60898.2852 lsst_hardware_r 104.77846637517388 145.19000244140625 31.639999389648438 AB 7.632697599825817 1.135860351921696
60900.2456 lsst_hardware_i -143.34473090128296 74.81999969482422 31.31999969482422 AB 4.08208234059383 1.1582292125677054
60900.2641 lsst_hardware_r -155.05530100554319 87.3499984741211 31.6299991607666 AB 3.874492896563989 1.1395567342835262
60903.2357 lsst_hardware_u -1.70929005691307 3.2899999618530273 28.540000915527344 AB 5.156151637761154 1.1607725433951268
60903.2562 lsst_hardware_g 39.70649110160213 22.079999923706055 31.559999465942383 AB 5.173779178927195 1.1393897989929591
60905.2519 lsst_hardware_r -10.97328120943881 24.719999313354492 31.489999771118164 AB 3.4098204585153673 1.1387578064729045
60905.2702 lsst_hardware_i -42.008475374973536 32.40999984741211 31.239999771118164 AB 3.401070455016624 1.136689749622601
60907.2201 lsst_hardware_z 5.508406844716164 43.81999969482422 30.940000534057617 AB 2.0806621064505224 1.1684736651725136
60907.2374 lsst_hardware_r 19.58898076186217 24.850000381469727 31.5 AB 2.048463927918405 1.145299684807383
60911.2507 lsst_hardware_r -21.280801807136992 24.829999923706055 31.5 AB 3.22622920954295 1.1359962005432924
60911.2699 lsst_hardware_z -56.649911197734006 43.5 30.940000534057617 AB 3.2502915651921787 1.1471954699345905
60931.1653 lsst_hardware_z 13.596183613205941 43.47999954223633 30.940000534057617 AB 4.116542970434295 1.152420754583262
60931.1823 lsst_hardware_u -2.332144645302479 2.809999942779541 28.420000076293945 AB 2.4089498723934404 1.1380865538864422
60933.1593 lsst_hardware_g -21.486366819503665 15.930000305175781 31.450000762939453 AB 1.5795485835894512 1.153095449755044
60933.1767 lsst_hardware_r -14.589146197811653 25.25 31.510000228881836 AB 1.1087491092762993 1.1381513525505211
60935.1596 lsst_hardware_i 6.040877596026854 32.61000061035156 31.239999771118164 AB 0.6979002985681043 1.1466050907471592
60935.1768 lsst_hardware_z 33.60614318354347 43.20000076293945 30.940000534057617 AB 0.9265271528323379 1.1362622211534639
60937.1432 lsst_hardware_z 9.083506778522151 43.83000183105469 30.940000534057617 AB 8.633641810016819 1.1602797755700602
60937.1639 lsst_hardware_i 30.515967019398165 32.869998931884766 31.25 AB 8.520482954621327 1.1391019992809261
60944.1394 lsst_hardware_z 52.31405190230933 43.18000030517578 30.940000534057617 AB 3.2254809043893085 1.1427069807708934
60944.158 lsst_hardware_u 2.1007580767781953 2.7899999618530273 28.399999618530273 AB 3.2092534964444415 1.1357509129802201
60946.1416 lsst_hardware_g 44.75616471820192 17.8799991607666 31.489999771118164 AB 4.90257629336046 1.1379727556254422
60946.1601 lsst_hardware_r 44.06869335141962 26.06999969482422 31.510000228881836 AB 4.911670409475889 1.1373117650839508
60949.1062 lsst_hardware_r 36.28268673492995 42.7599983215332 31.59000015258789 AB 7.40059403360666 1.1671327165630545
60949.1234 lsst_hardware_i -1.806060881098725 41.5 31.280000686645508 AB 7.262494474311131 1.1446913821910523
60951.1025 lsst_hardware_z 76.24179772502372 60.75 30.969999313354492 AB 4.079270987572663 1.1641755101520157
60951.1214 lsst_hardware_i 17.545459246454804 63.38999938964844 31.309999465942383 AB 4.124381937987231 1.1418554645591648
60954.1154 lsst_hardware_z -81.88916514232922 157.3000030517578 31.739999771118164 AB 3.9132705152307277 1.1403410923450397
60956.1016 lsst_hardware_r -164.8235199140293 112.37999725341797 31.6299991607666 AB 10.9390492692396 1.1472722056920694
60956.1212 lsst_hardware_i 90.8676250628766 89.29000091552734 31.31999969482422 AB 10.302247095298178 1.1359535899102822
60958.1085 lsst_hardware_z 97.17609263061804 68.6500015258789 31.700000762939453 AB 3.6158224239237646 1.1381247793275935
60962.0721 lsst_hardware_r -17.44868299219119 24.790000915527344 31.489999771118164 AB 8.386388112737142 1.1647761267690475
60962.0909 lsst_hardware_i 81.93603498112044 32.38999938964844 31.239999771118164 AB 8.249670797473867 1.1422050001694664
60964.0726 lsst_hardware_z -17.215941613897964 43.4900016784668 30.940000534057617 AB 9.506806491659482 1.155795893782618
60964.0917 lsst_hardware_i -34.357285350561995 32.38999938964844 31.239999771118164 AB 8.876630818253327 1.138321469383602
60971.0271 lsst_hardware_z -13.21557819989016 43.970001220703125 30.93000030517578 AB 4.761719889178994 1.2095560777746541
60971.0373 lsst_hardware_u -0.8948035966359887 2.7799999713897705 28.40999984741211 AB 4.694231134801676 1.1843651153782455
60973.0738 lsst_hardware_g 7.308256574121701 15.399999618530273 31.43000030517578 AB 4.327826244944328 1.136111194857629
60973.0909 lsst_hardware_r 27.4455214870452 24.6200008392334 31.489999771118164 AB 5.179034124477756 1.1394596731644586
60977.0429 lsst_hardware_z -10.50541740869036 45.06999969482422 30.940000534057617 AB 2.7387055025145646 1.1487055585515733
60977.06 lsst_hardware_i -12.757180127795808 36.47999954223633 31.260000228881836 AB 2.6184775054847966 1.1368209141031296
60980.0548 lsst_hardware_z -119.79936688999 96.08999633789062 31.729999542236328 AB 4.78862032197511 1.136090230598798
60990.0175 lsst_hardware_y -72.42138942126554 52.540000915527344 30.020000457763672 AB 8.308195880405384 1.140087258311964
60990.0349 lsst_hardware_r 22.346155414224203 24.860000610351562 31.5 AB 7.8430326270245025 1.1359854136909358
60992.027 lsst_hardware_z 35.81656387487789 64.63999938964844 31.700000762939453 AB 5.676107372448943 1.135751491852653
60994.0177 lsst_hardware_y -41.45866239900043 56.099998474121094 30.020000457763672 AB 6.351380161108624 1.1359160906345278
60994.0375 lsst_hardware_g 16.60617133452032 15.800000190734863 31.440000534057617 AB 6.395642693940009 1.1420790524892874
