data/validation/pwv_sim_epoch_fit_epoch/40693520.ecsv
# %ECSV 0.9
# ---
# datatype:
# - {name: time, datatype: float64}
# - {name: band, datatype: string}
# - {name: flux, datatype: float64}
# - {name: fluxerr, datatype: float64}
# - {name: zp, datatype: float64}
# - {name: zpsys, datatype: string}
# - {name: pwv, datatype: float64}
# - {name: airmass, datatype: float64}
# meta: {SNID: '40693520', alt: 1024.0, c: -0.10064201056957245, dec: -7.933337, lat: -30.244573, lon: -70.7499537, ra: 346.992188, t0: 61260.68359375,
#   x0: 4.400127911598863e-06, x1: 0.7766331434249878, z: 0.6457735896110535}
# schema: astropy-2.0
time band flux fluxerr zp zpsys pwv airmass
61218.3492 lsst_hardware_z 40.45126850533285 73.7300033569336 31.709999084472656 AB 8.11583158968942 1.1271988319013084
61219.4038 lsst_hardware_z -51.281015926260245 53.900001525878906 30.969999313354492 AB 5.627561236722727 1.0842388870443997
61219.4244 lsst_hardware_r 68.91820451628216 53.34000015258789 31.610000610351562 AB 5.597330427486283 1.101547578224755
61221.3839 lsst_hardware_i -154.41728809207194 71.20999908447266 31.31999969482422 AB 4.377078170365517 1.0823635436116787
61221.4032 lsst_hardware_z 67.24536584860927 63.90999984741211 30.979999542236328 AB 4.424517176769959 1.0867489381291862
61224.3712 lsst_hardware_i -66.24064800990288 77.62000274658203 31.329999923706055 AB 7.106823217579562 1.0834810713998646
61224.3909 lsst_hardware_z -19.66837778609924 69.69999694824219 30.989999771118164 AB 7.000694971428186 1.0845663412060675
61226.3685 lsst_hardware_z -59.99055723127848 69.54000091552734 30.989999771118164 AB 4.927738113669609 1.0827020903038542
61226.3881 lsst_hardware_r 224.44571788337774 88.13999938964844 31.649999618530273 AB 4.584409436282494 1.0859026319138967
61232.3381 lsst_hardware_r -6.750757345788391 24.827166819022377 31.510000228881836 AB 10.217547273010245 1.0898426466505153
61232.3583 lsst_hardware_i 50.85580372850649 32.29142713333174 31.25 AB 10.166044958223802 1.082060115651682
61236.3304 lsst_hardware_g 68.21403839782091 16.761893225286258 31.440000534057617 AB 5.128469347875437 1.0875001267804425
61236.3509 lsst_hardware_r 103.39779988776789 26.998918213561353 31.5 AB 4.036716419719833 1.0823746935833654
61239.3282 lsst_hardware_i 271.2534659724684 36.27845062071589 31.239999771118164 AB 1.9516721231042897 1.0842622906134942
61239.3486 lsst_hardware_z 257.2901047286295 44.829742371467255 30.940000534057617 AB 1.7284443019724507 1.0840039523188778
61245.3249 lsst_hardware_g 279.1577346838933 22.28737693505386 31.440000534057617 AB 5.661482163821824 1.082190989930579
61245.3463 lsst_hardware_r 943.9930355299376 39.05325819048695 31.5 AB 5.51165334836784 1.0935820135650476
61247.2931 lsst_hardware_r 1416.0470841154595 69.0414501642356 31.6299991607666 AB 9.102932712607256 1.0934015910402695
61247.3128 lsst_hardware_i 882.5827899203119 58.40402768543927 31.299999237060547 AB 8.962202091843695 1.0823915569857372
61250.3076 lsst_hardware_z 1425.9691102052323 114.54917081455697 31.739999771118164 AB 4.003716252408787 1.0820854736239964
61252.2863 lsst_hardware_z 853.9801631500711 100.47083531452988 30.989999771118164 AB 3.9058735439195456 1.0877850567915555
61252.3071 lsst_hardware_r 1723.3277497564816 148.81825883172252 31.649999618530273 AB 3.666408474726898 1.082361231437988
61254.2984 lsst_hardware_i 1512.7713122045827 99.81974085405211 31.329999923706055 AB 1.4667471266894065 1.0820709160379245
61254.3181 lsst_hardware_z 820.4206592225412 87.47528064557127 30.989999771118164 AB 1.475411073399624 1.0903395049141205
61257.2793 lsst_hardware_i 1364.04670113273 54.981420065057286 31.280000686645508 AB 0.3927392925422281 1.084166439039967
61257.3007 lsst_hardware_z 923.9821565258363 55.19823350780687 30.950000762939453 AB 1.699097240388989 1.0845301534397802
61259.2777 lsst_hardware_g 892.4213814432577 37.45515665529303 32.220001220703125 AB 4.509936165818654 1.082882805887185
61259.2985 lsst_hardware_r 3391.3292816861 67.76906401214859 32.2599983215332 AB 4.5077030489221475 1.0861935057644814
61262.2573 lsst_hardware_r 1538.5794286815235 46.13923167107312 31.5 AB 4.669086899124458 1.088999859854101
61262.2773 lsst_hardware_i 1274.654215658284 47.685027569440955 31.239999771118164 AB 4.636269704998893 1.082102860310163
61265.2471 lsst_hardware_z 932.040483273565 51.798591430509354 30.950000762939453 AB 3.831871611012609 1.0905879404252854
61265.2675 lsst_hardware_u 4.215074492944321 2.983622037905947 28.479999542236328 AB 3.6790275862465163 1.0820669371313283
61267.2493 lsst_hardware_g 241.39185531978794 22.539500820946007 31.459999084472656 AB 4.702227520994965 1.085421656829523
61267.2689 lsst_hardware_r 1338.3442707185902 43.981427964650315 31.510000228881836 AB 5.0898200100386894 1.0829404276678063
61269.2465 lsst_hardware_i 1143.4515859312726 46.46270425611529 31.260000228881836 AB 4.582848416919811 1.0841846266667283
61269.2657 lsst_hardware_z 853.2340988425401 51.401155393117236 30.950000762939453 AB 3.8241641011496674 1.0836395866108437
61273.2451 lsst_hardware_i 1000.6582723744995 47.855890832670454 31.260000228881836 AB 1.518518224241656 1.0820794947090184
61273.2637 lsst_hardware_z 811.363472825869 52.38609024471054 30.950000762939453 AB 1.1539826178224786 1.088406147439263
61275.2384 lsst_hardware_z 784.839226372246 56.24207582745906 30.969999313354492 AB 2.2258011543362186 1.0821494956663686
61275.2568 lsst_hardware_r 1119.218355216634 59.19437218494058 31.6200008392334 AB 2.0832235288882983 1.0874193025646868
61277.2359 lsst_hardware_i 991.1113319209022 70.63675627141014 31.31999969482422 AB 3.6550130051509124 1.0820851173565316
61277.2537 lsst_hardware_r 896.7312786180494 83.3191179301351 31.639999389648438 AB 3.509389123273101 1.0890832078017278
61279.1937 lsst_hardware_z 1656.4773931025634 137.59882247008457 31.739999771118164 AB 2.5282597100515556 1.1080758407822742
61285.1888 lsst_hardware_g 53.56111932962865 43.98505707935991 31.68000030517578 AB 2.7461686181154095 1.0939458045872033
61285.2066 lsst_hardware_r 512.3603179471587 53.64946916681056 31.6200008392334 AB 2.7154127732019657 1.0829163602002305
61287.1716 lsst_hardware_r 443.9439303347885 32.2361849076235 31.510000228881836 AB 1.6626892839457357 1.1084595226304905
61287.1904 lsst_hardware_i 509.4057955426706 39.549023636459715 31.239999771118164 AB 1.6320383525081341 1.088025568338756
61298.155 lsst_hardware_z 410.93863744403166 46.92065011752442 30.950000762939453 AB 1.528544219813126 1.0923374605620244
61298.1729 lsst_hardware_i 393.1811564805642 36.67940996187185 31.260000228881836 AB 1.0978506325885253 1.0825150033740596
61300.1317 lsst_hardware_r 172.8082672964168 30.086342753311136 31.530000686645508 AB 0.785293905600783 1.1154742977283851
61300.1505 lsst_hardware_z 343.4070669793635 46.750448905718464 30.950000762939453 AB 0.6046789572438463 1.0914782621730077
61304.1418 lsst_hardware_i 283.5428939171715 49.876191615828866 31.299999237060547 AB 4.915901829326871 1.0896379982992068
61304.1612 lsst_hardware_z 231.14493395023868 53.225986033034005 30.959999084472656 AB 4.853623911043052 1.0820697605714085
61306.1396 lsst_hardware_r 157.8924902764026 90.06805331112515 31.649999618530273 AB 1.4667729592475596 1.0873038986271384
61306.1587 lsst_hardware_z 297.36619457193706 69.53989109289671 30.989999771118164 AB 1.49240642114836 1.0822381589186425
61308.1073 lsst_hardware_z 435.5242353083546 107.26779741055303 31.0 AB 5.646431627211903 1.1199533806040596
61308.1278 lsst_hardware_r 196.2402175327698 154.3464009019673 31.649999618530273 AB 6.0098847556204085 1.0922429434095369
61310.1071 lsst_hardware_i 305.0972455984778 106.76616595997258 31.329999923706055 AB 3.6253126559891293 1.1110650458913662
61310.1251 lsst_hardware_z 368.2469360203713 91.18896895108888 30.989999771118164 AB 4.230946000125813 1.089888201990163
61312.1065 lsst_hardware_r 78.2910411305643 71.32093738865306 31.639999389648438 AB 4.103716894426516 1.1039658065577054
61312.1242 lsst_hardware_z 182.76711609429918 59.48955417966973 30.969999313354492 AB 4.048807908800026 1.0866851913576452
61314.1079 lsst_hardware_g 4.284614776327011 15.809894081254697 31.440000534057617 AB 6.938355091330808 1.0957027569612268
61314.1262 lsst_hardware_r 40.66489915531362 26.73132917333583 31.510000228881836 AB 6.390354102283044 1.083263868164946
61316.0998 lsst_hardware_i 140.72448903200026 34.14796227416682 31.25 AB 3.938265859520737 1.0986421404652758
61316.1184 lsst_hardware_z 201.47616059170787 44.67766191047965 30.950000762939453 AB 3.889374104794917 1.0840957274351715
61318.0984 lsst_hardware_r 99.75093757146051 26.41101483246933 31.510000228881836 AB 3.866230118802604 1.0942418789507122
61318.1187 lsst_hardware_g 12.276409145204436 15.649070759527394 31.450000762939453 AB 3.8304899376052033 1.0824415224598707
61322.0982 lsst_hardware_z 151.99719889136475 44.2662888933538 30.950000762939453 AB 6.181084060176713 1.0859248173180325
61322.116 lsst_hardware_i 67.30218583134514 33.64114251340456 31.25 AB 6.228323639458036 1.0823710200066101
61324.0735 lsst_hardware_r 69.01829449918857 26.089470147560966 31.520000457763672 AB 3.423280123983869 1.1042839109625384
61324.0925 lsst_hardware_u 0.9125876190074849 3.1541794710646154 28.479999542236328 AB 4.561446343425261 1.0860586531964906
61327.072 lsst_hardware_g 10.929559354835362 15.513252159612243 31.440000534057617 AB 7.892155696927624 1.0961327356843922
61327.0894 lsst_hardware_r 40.37127803410197 25.79063099161734 31.5 AB 7.808778498096061 1.0836996574126159
61329.0761 lsst_hardware_i 126.1037410066126 33.89384604274289 31.25 AB 9.019399435494071 1.087766766089737
61329.0941 lsst_hardware_z 149.31545338177258 43.909682133191055 30.950000762939453 AB 8.364577534729024 1.082092824673871
61331.0727 lsst_hardware_r 64.60456838413 32.92659156454987 31.559999465942383 AB 6.239157376148853 1.086456473673158
61331.091 lsst_hardware_g 11.772361551691585 26.794738390885446 31.6200008392334 AB 9.367194980856327 1.082307956732037
61333.0676 lsst_hardware_r 3.574101478984157 54.408036882782746 31.6299991607666 AB 3.130194730539985 1.0862445565783638
61333.0833 lsst_hardware_i 67.97818136263056 50.138280059291226 31.309999465942383 AB 3.1327645798401296 1.0820982400645218
61338.0424 lsst_hardware_r 125.72993753994602 114.86957080117668 31.649999618530273 AB 4.174584085128285 1.0956673961973584
61338.0603 lsst_hardware_z 6.001086642075946 78.89113589878792 30.989999771118164 AB 4.1459983523950354 1.0833782685961084
61341.0414 lsst_hardware_g 35.34537160709628 16.016608257805984 31.469999313354492 AB 3.8606819754089376 1.0891523346085659
61341.0597 lsst_hardware_r 51.57791925564108 46.82513718099027 31.6200008392334 AB 2.838275522638298 1.0820722541510857
61344.0368 lsst_hardware_i -54.587629368564095 32.06999969482422 31.260000228881836 AB 5.055046648006009 1.0866978337198572
61344.0549 lsst_hardware_z -51.37731992938126 42.470001220703125 30.959999084472656 AB 4.40530925301346 1.082230455015897
61351.0122 lsst_hardware_y -11.749161019160377 56.630001068115234 30.040000915527344 AB 4.4475254811580704 1.0906589646032787
61351.0256 lsst_hardware_r 25.247873912992652 24.979999542236328 31.520000457763672 AB 4.253187330281744 1.0831316814876792
61356.0122 lsst_hardware_y -29.990084976408976 66.56999969482422 30.049999237060547 AB 5.79707148497908 1.0830586613692816
61356.0296 lsst_hardware_z -80.53877717437231 42.65999984741211 30.940000534057617 AB 5.639158182397083 1.084192873327966
61359.0155 lsst_hardware_y 137.12257491730847 62.18000030517578 30.049999237060547 AB 6.055160788795455 1.08245459301841
61359.0341 lsst_hardware_r -10.3687270110505 27.489999771118164 31.530000686645508 AB 6.111630491762544 1.0926959370236082
61571.4125 lsst_hardware_g -1.9871206380584705 16.290000915527344 31.459999084472656 AB 12.94566828206986 1.0878712842075513
61571.4321 lsst_hardware_y 73.16660920069462 49.7599983215332 30.040000915527344 AB 12.161780523474437 1.0822255810526669
61573.4006 lsst_hardware_i 35.46688674005287 52.02000045776367 31.309999465942383 AB 4.044546916267212 1.0931207881803275
61573.422 lsst_hardware_y 95.66247444526194 50.31999969482422 30.040000915527344 AB 3.8705840753885026 1.0821763491300567
61575.4024 lsst_hardware_i 39.36967948583392 66.05999755859375 31.31999969482422 AB 3.164937244451367 1.0873270615653585
61575.4224 lsst_hardware_y 90.3553316135967 53.560001373291016 30.040000915527344 AB 2.825470891648097 1.0823831029458206
61579.394 lsst_hardware_i -42.67772463706012 70.97000122070312 31.329999923706055 AB 3.56448183520106 1.085821897860366
61579.4179 lsst_hardware_y 45.14204652457373 55.7400016784668 30.049999237060547 AB 3.1269610558700407 1.0841818165398398
61581.3838 lsst_hardware_z -186.09862372264345 128.52000427246094 32.4900016784668 AB 4.845474950178961 1.0888707753211146
61586.3743 lsst_hardware_i -4.996609987179379 46.0 32.0 AB 3.871413763098248 1.0861536789763462
61586.3979 lsst_hardware_u -5.114645489235383 4.179999828338623 29.209999084472656 AB 4.406520231806079 1.0838370661161136
61588.3671 lsst_hardware_g -16.36042513405355 15.84000015258789 31.469999313354492 AB 7.530552904951338 1.0872089662818487
61588.3824 lsst_hardware_r -3.898146695439373 24.889999389648438 31.520000457763672 AB 7.995612499628685 1.082108901795973
61590.3855 lsst_hardware_i -21.21961387468499 45.380001068115234 32.0 AB 6.837447363957444 1.0833315953350937
61590.4082 lsst_hardware_r 34.70654451856046 35.130001068115234 32.2599983215332 AB 6.96826473758107 1.1009476623521628
61599.3574 lsst_hardware_i 12.493505635934513 45.0099983215332 32.0 AB 6.555122284971318 1.0824773960980876
61599.3807 lsst_hardware_z -29.936311846373197 60.0 31.690000534057617 AB 6.724575265635993 1.097471754809468
61606.3229 lsst_hardware_i -18.191255663930132 94.69999694824219 31.329999923706055 AB 3.5198789522010245 1.084541350239108
61606.3456 lsst_hardware_z -40.93190551256581 80.94999694824219 30.989999771118164 AB 3.2178167147971086 1.0848096805047143
61609.274 lsst_hardware_z 11.938175990342444 105.58999633789062 31.729999542236328 AB 5.842013609928659 1.1376482963737153
61616.3011 lsst_hardware_z -0.4393309005734119 42.279998779296875 30.950000762939453 AB 4.770746766321552 1.0827226703709247
61616.3214 lsst_hardware_u 1.043876627433177 2.7899999618530273 28.450000762939453 AB 4.8716408409592615 1.0864497861193714
61618.2854 lsst_hardware_g -11.583061363941543 15.25 31.450000762939453 AB 4.801855721370472 1.0870895494179085
61618.3046 lsst_hardware_r 5.547187439878262 24.219999313354492 31.510000228881836 AB 5.2669418918665025 1.0823410001266895
61621.2876 lsst_hardware_i -48.30816038838286 31.850000381469727 31.260000228881836 AB 1.0523759464177127 1.0826913028988814
61621.3087 lsst_hardware_z 20.383112155677498 42.349998474121094 30.950000762939453 AB 1.99959407503841 1.0870312992869855
61623.2793 lsst_hardware_i -10.083739495680163 31.959999084472656 31.25 AB 1.3480992855327039 1.0834633598816186
61623.2989 lsst_hardware_u -6.8400808441080985 2.819999933242798 28.469999313354492 AB 3.0472349812872106 1.0846825989394437
61625.2577 lsst_hardware_u 3.818769265988787 2.809999942779541 28.459999084472656 AB 3.4403081858479587 1.0940426190585797
61625.2761 lsst_hardware_g 4.77348523975666 15.369999885559082 31.450000762939453 AB 3.4492432969970963 1.0828232717845692
61630.2645 lsst_hardware_z 98.52258620758337 72.95999908447266 31.719999313354492 AB 3.6802280312711053 1.082420009197384
61648.1766 lsst_hardware_r -6.823351223384061 25.09000015258789 31.5 AB 4.365592436884535 1.1193826761242398
61648.1926 lsst_hardware_i 4.861266968036363 32.400001525878906 31.25 AB 4.276094394413399 1.0964344601059999
61650.1891 lsst_hardware_z -13.525959064828351 42.5099983215332 30.940000534057617 AB 2.7438152442387236 1.094388849659798
61650.2075 lsst_hardware_i 13.237263866168822 32.09000015258789 31.25 AB 2.708723300499408 1.0829117672572262
61652.1682 lsst_hardware_r 44.49360310236795 25.149999618530273 31.5 AB 1.6725059948479224 1.1150039965652816
61652.1859 lsst_hardware_u 1.5132080763892468 2.7899999618530273 28.40999984741211 AB 1.638346102539129 1.092230735026086
61654.1724 lsst_hardware_g -1.269563812674517 15.869999885559082 31.459999084472656 AB 0.736218727692057 1.100887817109618
61654.1902 lsst_hardware_r 69.9795450640081 24.850000381469727 31.510000228881836 AB 0.7296156000534365 1.0853337300906456
61656.1658 lsst_hardware_i -10.043650051488193 36.68000030517578 31.270000457763672 AB 2.8812372709119467 1.1023385063269044
61656.1851 lsst_hardware_z 18.291453557014023 44.540000915527344 30.950000762939453 AB 2.760630454144172 1.0851534804025833
61673.1115 lsst_hardware_i 43.90010983203023 32.34000015258789 31.25 AB 5.608895044266602 1.1139442675052462
61673.1301 lsst_hardware_z -56.48025280743945 42.68000030517578 30.950000762939453 AB 5.970780384094047 1.0908855756566467
61677.1071 lsst_hardware_r 35.02096032719547 24.739999771118164 31.5 AB 4.099237466139588 1.1041469236083685
61677.1274 lsst_hardware_u 2.6042126156874548 2.759999990463257 28.399999618530273 AB 4.329672558169466 1.0853349772938437
61679.1063 lsst_hardware_g -1.124275346675461 15.609999656677246 31.440000534057617 AB 6.939014767447291 1.0982929356516764
61679.1239 lsst_hardware_i 43.510185167877125 32.15999984741211 31.25 AB 6.89110397516307 1.084416278089027
61681.0993 lsst_hardware_z 21.61764945546206 42.47999954223633 30.940000534057617 AB 3.9212015913148877 1.1001220213171854
61681.1189 lsst_hardware_r 12.567091495964121 24.43000030517578 31.5 AB 3.9118757802320157 1.0842227772261683
61685.1002 lsst_hardware_r 69.7207659671885 31.959999084472656 31.559999465942383 AB 8.884095418759664 1.088637125112234
61685.1188 lsst_hardware_i -60.45968274329575 35.540000915527344 31.270000457763672 AB 8.807390397590487 1.0821219311451635
61687.0954 lsst_hardware_z 16.89753835504851 50.400001525878906 30.969999313354492 AB 6.141973728600255 1.0881663725152522
61687.1154 lsst_hardware_r -178.30967607079523 51.86000061035156 31.6200008392334 AB 6.116519335460668 1.0822505459381897
61690.072 lsst_hardware_r -118.21882220918974 116.5 31.649999618530273 AB 5.9779001130667515 1.1036123285661696
61690.0898 lsst_hardware_z 29.927154114215437 83.54000091552734 30.989999771118164 AB 6.279383302584033 1.0864924824957038
61691.0746 lsst_hardware_z -183.80116950081276 90.75 30.989999771118164 AB 5.227154684684386 1.0970853732612615
61691.093 lsst_hardware_i -45.863562439177336 106.44999694824219 31.329999923706055 AB 5.650515807009664 1.0836853074015655
61693.0711 lsst_hardware_z -17.05056284376384 82.01000213623047 30.989999771118164 AB 6.464272511285641 1.0949898384493335
61693.0891 lsst_hardware_r -186.57093305882836 121.30999755859375 31.649999618530273 AB 6.715722560586903 1.0831810581591779
61695.0663 lsst_hardware_y 0.31035393879255047 53.36000061035156 30.040000915527344 AB 7.134236675382359 1.0943199727041149
61695.0865 lsst_hardware_g -106.7548006898788 85.33000183105469 31.719999313354492 AB 7.450285082361262 1.0825100314610152
61697.0683 lsst_hardware_r 51.921949061716965 24.229999542236328 31.510000228881836 AB 4.130225587279091 1.0880228974457828
61697.0862 lsst_hardware_i -23.370829303255544 31.65999984741211 31.25 AB 4.565574321945211 1.0821247084347414
61701.069 lsst_hardware_z 51.8881970596375 42.459999084472656 30.950000762939453 AB 4.711782974928874 1.0827329177753489
61701.0859 lsst_hardware_r 3.09724388916561 24.40999984741211 31.510000228881836 AB 5.7970286218332365 1.0846718349393276
61704.0426 lsst_hardware_r -57.97835459791061 24.549999237060547 31.520000457763672 AB 2.385568611055188 1.0934615482300327
61704.0594 lsst_hardware_u -0.337905020098409 2.859999895095825 28.5 AB 2.377009651213825 1.0830845919868581
61706.0441 lsst_hardware_g 18.031640398059512 15.430000305175781 31.459999084472656 AB 2.877141549068813 1.0877661811221693
61706.0609 lsst_hardware_i 11.998830729660009 31.920000076293945 31.260000228881836 AB 2.957958145600505 1.082113826815377
61710.0066 lsst_hardware_u 6.050575242149434 7.409999847412109 29.06999969482422 AB 4.6984231753743435 1.1206733870898853
61710.0084 lsst_hardware_g 2.692652429678452 21.850000381469727 31.559999465942383 AB 4.6695747743976375 1.1174573196285102
61712.0441 lsst_hardware_r 7.536083562320769 25.030000686645508 31.5 AB 3.1787190499899696 1.0821171234006501
61712.0621 lsst_hardware_i -46.35763446634514 32.13999938964844 31.25 AB 3.2262900339641893 1.0882777345768173
61721.0132 lsst_hardware_y 27.26355884404222 69.38999938964844 30.049999237060547 AB 5.631714413166398 1.0830220025316761
61721.0317 lsst_hardware_z 118.06026195865493 68.4000015258789 30.979999542236328 AB 5.443275095615648 1.0848580160668955
61723.0135 lsst_hardware_y -103.22782470910282 70.05000305175781 30.059999465942383 AB 6.645188407612804 1.0821313732032423
61723.0316 lsst_hardware_z 83.98966439348237 61.70000076293945 30.979999542236328 AB 6.704510852747257 1.0879530795533072
