data/validation/pwv_sim_epoch_fit_epoch/40746453.ecsv
# %ECSV 0.9
# ---
# datatype:
# - {name: time, datatype: float64}
# - {name: band, datatype: string}
# - {name: flux, datatype: float64}
# - {name: fluxerr, datatype: float64}
# - {name: zp, datatype: float64}
# - {name: zpsys, datatype: string}
# - {name: pwv, datatype: float64}
# - {name: airmass, datatype: float64}
# meta: {SNID: '40746453', alt: 1024.0, c: 0.021945619955658913, dec: -26.443335, lat: -30.244573, lon: -70.7499537, ra: 297.421875, t0: 61189.58984375,
#   x0: 5.762242110497284e-06, x1: -0.0733957439661026, z: 0.5787537097930908}
# schema: astropy-2.0
time band flux fluxerr zp zpsys pwv airmass
61147.3482 lsst_hardware_g -3.093899756188255 16.75 31.450000762939453 AB 17.604480292747265 1.196444222695886
61147.3668 lsst_hardware_r -37.087417939935655 26.1299991607666 31.520000457763672 AB 16.58936836510077 1.1273972282981888
61151.343 lsst_hardware_r 6.669814188173559 25.829999923706055 31.510000228881836 AB 11.478266539545336 1.1730471680679955
61151.3624 lsst_hardware_g 8.220655261823394 16.450000762939453 31.479999542236328 AB 10.895845182108403 1.107639034472816
61153.3399 lsst_hardware_r -51.86113661609993 25.84000015258789 31.5 AB 6.530795519424913 1.1639790615202805
61153.3595 lsst_hardware_i 9.327531237360738 32.849998474121094 31.25 AB 6.188179138297358 1.1004467940066536
61157.3412 lsst_hardware_u -4.23728767688507 2.859999895095825 28.440000534057617 AB 2.493548591579921 1.1220407641727559
61157.3614 lsst_hardware_g -7.6605891545661216 16.239999771118164 31.479999542236328 AB 2.3415518004948592 1.0688763544559614
61159.3458 lsst_hardware_r 129.81261067503425 55.17228013750907 31.6200008392334 AB 12.396664097944043 1.0932445262458736
61159.3635 lsst_hardware_i 6.329502664875652 46.06308948786482 31.299999237060547 AB 12.004189107013177 1.053491906185336
61161.3522 lsst_hardware_z -182.26028277755 84.28243178654598 31.739999771118164 AB 9.4800511080305 1.0651742818011798
61163.3617 lsst_hardware_z 17.115726134685776 64.77979956110019 30.989999771118164 AB 11.79797058582343 1.0378685362501368
61163.3807 lsst_hardware_r 19.331116069877307 89.81293512144235 31.65999984741211 AB 11.292264388755749 1.0148221546422398
61166.3464 lsst_hardware_i 224.69768142204663 74.92680683863762 31.34000015258789 AB 3.1955287325355326 1.0497794784938974
61166.3649 lsst_hardware_z 2.7123926971162344 65.4043967114058 30.989999771118164 AB 3.1479921772001096 1.0225733887283124
61168.3514 lsst_hardware_i 299.01768184302983 63.92915997798976 31.31999969482422 AB 10.831644507041133 1.0328968061386967
61168.3712 lsst_hardware_z 245.6502738108141 61.42455020679251 30.979999542236328 AB 10.557219849608733 1.0113974899632345
61170.2309 lsst_hardware_r 463.8252615934603 42.7364629122866 31.459999084472656 AB 9.679043069970959 1.5611359790275738
61170.2489 lsst_hardware_z 185.54206410400926 54.106251042626326 30.920000076293945 AB 8.711772519741036 1.4051245999582316
61175.192 lsst_hardware_z 492.2581393383363 56.3339996597253 30.850000381469727 AB 12.261535743726204 1.8797387312166496
61175.2196 lsst_hardware_u 1.824643792847657 3.5238301310309774 28.079999923706055 AB 9.921000294964173 1.5380600943048173
61177.2509 lsst_hardware_i 1035.6056201390127 46.09244351695513 31.219999313354492 AB 8.15913173199309 1.2705794363269223
61177.2701 lsst_hardware_z 760.2758887413817 51.322562981733434 30.93000030517578 AB 7.57911528219111 1.1806701550822167
61178.2349 lsst_hardware_r 1307.3548728789142 44.27717363070945 31.459999084472656 AB 10.785795456619843 1.3499822214282984
61178.2535 lsst_hardware_u 14.858748976694724 3.5331767794598514 28.280000686645508 AB 9.860844435875947 1.2429374722223416
61182.2375 lsst_hardware_g 505.01808206957617 27.244010608040604 31.389999389648438 AB 6.09231115093761 1.269231489778669
61182.2573 lsst_hardware_i 1411.5113610813012 50.27875528326177 31.239999771118164 AB 5.0082850112287405 1.1772658204650297
61185.2327 lsst_hardware_z 1197.7293058192088 58.40329826323385 30.940000534057617 AB 6.902840773884001 1.2514592731017744
61185.2534 lsst_hardware_r 2005.1033857198192 55.36646486383203 31.559999465942383 AB 6.309268882409872 1.1607522550656815
61187.26 lsst_hardware_y 395.2428247804607 54.0007726074986 30.030000686645508 AB 3.919559309281222 1.1198740883660634
61187.2786 lsst_hardware_r 2256.352146091876 68.81011361650069 31.6299991607666 AB 3.7480073679581536 1.0708592479880439
61194.2098 lsst_hardware_z 2575.8790090208895 142.17198104842728 31.719999313354492 AB 11.58422301752047 1.2430312988254315
61194.2388 lsst_hardware_r 3747.0045035765306 192.0748745190375 32.38999938964844 AB 10.541637541159519 1.1264037834263874
61196.2599 lsst_hardware_z 1249.6262587212318 77.77933035632836 30.989999771118164 AB 6.551690333196862 1.0585026455518323
61196.2811 lsst_hardware_r 1841.2960851051632 96.8988581258734 31.65999984741211 AB 6.351344976013518 1.024809935487787
61198.2446 lsst_hardware_i 1521.30772246471 59.32392309623829 31.290000915527344 AB 4.29290114460441 1.0800204145929162
61198.2653 lsst_hardware_z 1265.6190497831756 59.36541778472446 30.959999084472656 AB 3.9465020027810316 1.039191258522171
61220.1424 lsst_hardware_z 530.0388143256321 105.07506976822641 30.979999542236328 AB 5.884173620773083 1.22565671670343
61220.1567 lsst_hardware_r 573.8135847360859 155.3487867121455 31.6299991607666 AB 5.772838636336924 1.1650532061224872
61225.1529 lsst_hardware_r 261.2248334735964 78.11841086094955 31.6299991607666 AB 9.858598534997006 1.1304651927373537
61225.1722 lsst_hardware_i 459.9723708397774 66.57032205408828 31.31999969482422 AB 8.288092404572357 1.0769117618605324
61231.1557 lsst_hardware_z 568.1312390340671 47.72200828535103 30.950000762939453 AB 9.724141315748865 1.0771886842643181
61231.174 lsst_hardware_r 187.36948130270417 28.13756514244202 31.530000686645508 AB 9.455828439386577 1.0411137020491936
61233.1553 lsst_hardware_u 3.3376441594051163 3.3325195854766734 28.489999771118164 AB 5.762489047440344 1.065877498139283
61233.1754 lsst_hardware_g -1.1609916915091987 16.45611321176444 31.469999313354492 AB 6.029997482787367 1.0308569079045264
61235.1568 lsst_hardware_r 129.11519416289548 27.608606316325048 31.520000457763672 AB 7.906685059214321 1.0520154421334293
61235.1751 lsst_hardware_z 405.1270479258373 46.37553987305069 30.950000762939453 AB 7.440049320395763 1.0242358645919132
61237.1579 lsst_hardware_r 217.1699366084021 27.28654427920123 31.510000228881836 AB 2.964317808388192 1.040659227097838
61237.1776 lsst_hardware_u 8.9400268528337 3.3937227439197435 28.459999084472656 AB 3.091069416590543 1.0157967192213417
61238.0612 lsst_hardware_i 170.54277379970924 37.544750882454224 31.190000534057617 AB 2.327335304266652 1.4206950682266672
61238.0808 lsst_hardware_z 401.1698621879268 49.36216309289772 30.920000076293945 AB 2.0746338878324266 1.2903289444381216
61242.0679 lsst_hardware_r 181.14138064555783 33.65279400042908 31.5 AB 7.42012753872287 1.3017767611794508
61242.0864 lsst_hardware_g 42.80540596976108 26.302795468416992 31.549999237060547 AB 6.814242400397002 1.207057581553555
61244.0651 lsst_hardware_r 135.46701478896026 46.790599820677265 31.549999237060547 AB 6.168586489093677 1.286462250071674
61244.0831 lsst_hardware_i 207.8586786730183 45.20028638186336 31.270000457763672 AB 5.775083898594252 1.1976325375119852
61246.0463 lsst_hardware_i 215.7102003156343 65.37219719537465 31.270000457763672 AB 6.438655892900121 1.3699267857234299
61246.0641 lsst_hardware_z 197.7619249298043 59.860046268953866 30.950000762939453 AB 5.932047462502546 1.2621377579792652
61248.0762 lsst_hardware_z 437.52043512458374 128.8608022640711 31.729999542236328 AB 4.06199746712657 1.1808990383389986
61249.0654 lsst_hardware_r 455.1976512528558 166.58946144806055 31.6200008392334 AB 5.431479632587794 1.215549339631733
61249.0833 lsst_hardware_i 169.6025270090931 127.81440273195285 31.31999969482422 AB 5.137272055966148 1.1441161180281685
61260.0736 lsst_hardware_g 25.100510372471554 15.890584757370044 31.450000762939453 AB 3.493321547378995 1.0842090463621958
61260.0928 lsst_hardware_r 78.37628122064662 26.042277861256025 31.520000457763672 AB 4.595622571327571 1.0444596753017206
61261.0753 lsst_hardware_i 118.18648496104299 33.80186589042685 31.25 AB 4.361908863153384 1.0737006432380296
61261.0929 lsst_hardware_r 137.05799819672166 26.109340457648273 31.520000457763672 AB 3.985258829719057 1.039813575331116
61263.0725 lsst_hardware_u -2.4385506235639283 2.860400155688834 28.469999313354492 AB 8.648373904458499 1.0677883658480327
61263.0897 lsst_hardware_g 11.993052321354718 15.891787306618316 31.479999542236328 AB 7.769756542456421 1.0363129766530739
61266.0726 lsst_hardware_r 68.498309293526 25.872349284710285 31.510000228881836 AB 3.527827465337001 1.0512000790634688
61266.0907 lsst_hardware_i 100.27372713566348 33.267010254041224 31.260000228881836 AB 3.7152259177517766 1.0239483466472512
61267.9671 lsst_hardware_y 211.8603156412785 76.61271106764988 29.920000076293945 AB 9.219446205991419 1.5246314215300232
61267.985 lsst_hardware_u 2.716362618340035 3.0586693943064387 28.350000381469727 AB 8.40536468541313 1.3785312735753
61269.9678 lsst_hardware_y -105.0386285067865 80.41000366210938 29.920000076293945 AB 4.938736502922492 1.4695340334516078
61269.9857 lsst_hardware_i -41.78037996757268 35.2400016784668 31.219999313354492 AB 4.64498458639479 1.337070980539663
61273.9711 lsst_hardware_z -37.957663219378475 81.33999633789062 30.950000762939453 AB 4.494821726582892 1.3613452643546278
61273.9887 lsst_hardware_i -94.0902285346796 57.40999984741211 31.280000686645508 AB 4.172144640645069 1.2566385303516685
61275.9713 lsst_hardware_y -82.63095624613914 80.27999877929688 29.979999542236328 AB 3.4305703993175345 1.3245445557210558
61275.9887 lsst_hardware_r -148.33447223736127 107.58999633789062 31.610000610351562 AB 3.1718872832701264 1.2294533867127981
61277.9729 lsst_hardware_y 64.41192340113335 86.73999786376953 29.989999771118164 AB 3.2474516813533065 1.282901638669992
61277.9903 lsst_hardware_r 12.056993201654652 135.5800018310547 31.6299991607666 AB 2.9909188480178566 1.1974851920530587
61279.9736 lsst_hardware_y 182.3868672245686 80.52999877929688 30.0 AB 5.104570809811948 1.2500479514661316
61279.9918 lsst_hardware_z 14.97792632959885 80.13999938964844 30.979999542236328 AB 4.690134717961805 1.1691723091017836
61280.9744 lsst_hardware_y 43.007455090764964 73.62000274658203 30.010000228881836 AB 6.627064393525758 1.2325600235943752
61280.9913 lsst_hardware_z 0.8967610127472283 61.0099983215332 30.969999313354492 AB 6.211811841564399 1.1607247290373712
61285.9776 lsst_hardware_y -36.81128860022406 62.939998626708984 30.020000457763672 AB 3.5117252087826785 1.1609008954653484
61285.9944 lsst_hardware_r 42.41599723786065 24.6299991607666 31.510000228881836 AB 3.7050300278033412 1.1059791127771168
61295.9918 lsst_hardware_z -0.0413246029695419 64.0199966430664 31.719999313354492 AB 2.786341903464664 1.049173266860459
61297.001 lsst_hardware_i 10.682701950646104 31.549999237060547 31.260000228881836 AB 1.4425332212236204 1.030380872302586
61297.0183 lsst_hardware_z -23.253699647783154 41.310001373291016 30.959999084472656 AB 1.4167030305124793 1.0119307360803425
61504.3294 lsst_hardware_r -17.03429650531817 27.559999465942383 31.450000762939453 AB 11.36843226407747 1.442694449756024
61504.3483 lsst_hardware_u 3.207074709041115 2.8299999237060547 28.31999969482422 AB 9.431752650651484 1.3107393462323478
61510.3408 lsst_hardware_r 28.764529088874667 26.65999984741211 31.489999771118164 AB 12.464800726112786 1.2608219219737298
61510.3605 lsst_hardware_u 3.8990117991973308 2.869999885559082 28.399999618530273 AB 11.576997054110663 1.1714347781852703
61512.3381 lsst_hardware_g 40.110659871073715 16.850000381469727 31.450000762939453 AB 18.356305504714246 1.2466293488659737
61512.3573 lsst_hardware_r -2.895399788025492 26.450000762939453 31.520000457763672 AB 17.117376683114397 1.162799435026169
61514.3363 lsst_hardware_i -22.28461452636799 58.310001373291016 31.290000915527344 AB 13.469850876316192 1.228702038097439
61514.3542 lsst_hardware_z -56.24313809688863 55.0099983215332 30.969999313354492 AB 12.581999940652594 1.1541001596635805
61519.3456 lsst_hardware_r -6.49251819582667 78.94999694824219 31.6299991607666 AB 10.539367698376969 1.136534407934324
61519.3648 lsst_hardware_i -29.75366782931055 66.3499984741211 31.31999969482422 AB 10.016622348094682 1.0815334824914626
61521.3448 lsst_hardware_z 5.510442426459656 68.75 30.979999542236328 AB 3.560868586159742 1.1215334129636985
61521.363 lsst_hardware_i 104.14701625818097 73.69000244140625 31.329999923706055 AB 3.497326010266956 1.0729639546760616
61523.3355 lsst_hardware_z -0.29249148714201734 55.68000030517578 30.969999313354492 AB 4.0204996478086805 1.1338126474363086
61523.3563 lsst_hardware_g -22.019154289112375 52.36000061035156 31.700000762939453 AB 3.842769905525066 1.0758034449958191
61525.3516 lsst_hardware_r -56.63381288877458 31.889999389648438 31.559999465942383 AB 11.224057334855962 1.0740553421657673
61525.3694 lsst_hardware_i -53.93485641332821 35.45000076293945 31.270000457763672 AB 10.857000171489817 1.0397433606100188
61527.3556 lsst_hardware_z -25.926426200315365 42.40999984741211 30.950000762939453 AB 9.549239312817477 1.0542811433679855
61527.3738 lsst_hardware_u 1.9452531183213002 3.049999952316284 28.540000915527344 AB 9.132581626867015 1.0258254036468866
61529.3483 lsst_hardware_g -4.702131101347304 15.979999542236328 31.479999542236328 AB 8.696818308124433 1.057846228751675
61529.3678 lsst_hardware_r 0.993729236444218 24.75 31.520000457763672 AB 8.55373323891547 1.0264993136355383
61531.3495 lsst_hardware_i -11.63267839344872 32.029998779296875 31.270000457763672 AB 3.1938380947006597 1.0455602667068942
61531.3683 lsst_hardware_z -21.278717242411815 41.75 30.959999084472656 AB 3.152806677313328 1.0196108480504482
61536.2363 lsst_hardware_r 0.4413984570232899 25.8700008392334 31.440000534057617 AB 11.198077875078946 1.4912213079384147
61536.2558 lsst_hardware_z -126.46725725062326 45.9900016784668 30.93000030517578 AB 10.608755830132697 1.3428804848269236
61540.2381 lsst_hardware_r 5.588792862481238 40.79999923706055 31.530000686645508 AB 9.02954107550981 1.3893739152961702
61540.2571 lsst_hardware_y 50.93600962850484 50.43000030517578 29.979999542236328 AB 9.098925293718475 1.2704004040236623
61542.2371 lsst_hardware_z -39.64383878039886 53.849998474121094 30.940000534057617 AB 9.437508825097446 1.3582406560466864
61542.2575 lsst_hardware_r -20.33113421732055 57.650001525878906 31.600000381469727 AB 7.938577954705448 1.24014444199731
61544.222 lsst_hardware_i -55.4165529062954 71.45999908447266 31.270000457763672 AB 11.303176254239801 1.4283710515046084
61544.2413 lsst_hardware_z 7.517807736690637 63.84000015258789 30.959999084472656 AB 10.411275835345618 1.2977325704686085
61550.2474 lsst_hardware_y 124.18652199141103 87.12000274658203 30.760000228881836 AB 6.553556543053831 1.1870592983644674
61552.2363 lsst_hardware_r -130.57864894475514 56.4900016784668 31.600000381469727 AB 6.011667262273442 1.2113784112588044
61552.2565 lsst_hardware_i 103.04225207617856 51.209999084472656 31.299999237060547 AB 3.966371774348474 1.1332490783852782
61558.2377 lsst_hardware_u -0.7805832777003356 2.819999933242798 28.450000762939453 AB 12.060760859617265 1.1413609217012872
61558.2686 lsst_hardware_r -51.71439422594974 24.149999618530273 31.510000228881836 AB 10.477940489114173 1.058894796023059
61559.2309 lsst_hardware_i 23.89075018902396 32.529998779296875 31.239999771118164 AB 10.762519083560464 1.1557274313878407
61559.2513 lsst_hardware_z 44.67910286814859 42.650001525878906 30.950000762939453 AB 9.548514821260799 1.0923407742442952
61561.2522 lsst_hardware_r 2.046622329607083 24.139999389648438 31.510000228881836 AB 6.6724478432069745 1.0766353922076513
61561.2716 lsst_hardware_u -0.6050775741875557 2.7300000190734863 28.43000030517578 AB 6.434592173112115 1.0389825624659623
61563.2555 lsst_hardware_g -2.9488887486666084 15.25 31.469999313354492 AB 4.095460385720969 1.0578029407802196
61563.275 lsst_hardware_r -50.85820429639394 24.079999923706055 31.530000686645508 AB 4.003240754076682 1.0264719882247904
61574.152 lsst_hardware_z -0.37023207769469246 90.66000366210938 30.959999084472656 AB 7.861586142450962 1.3432485720100744
61574.1749 lsst_hardware_r 117.71279383160025 112.7300033569336 31.6200008392334 AB 7.075158658806027 1.2174585070432207
61578.1666 lsst_hardware_z 124.78047245335596 121.77999877929688 31.729999542236328 AB 3.144561320989416 1.2056596540313433
