data/validation/pwv_sim_epoch_fit_epoch/40779673.ecsv
# %ECSV 0.9
# ---
# datatype:
# - {name: time, datatype: float64}
# - {name: band, datatype: string}
# - {name: flux, datatype: float64}
# - {name: fluxerr, datatype: float64}
# - {name: zp, datatype: float64}
# - {name: zpsys, datatype: string}
# - {name: pwv, datatype: float64}
# - {name: airmass, datatype: float64}
# meta: {SNID: '40779673', alt: 1024.0, c: -0.05100730434060097, dec: -62.132156, lat: -30.244573, lon: -70.7499537, ra: 15.794702, t0: 62098.39453125,
#   x0: 4.831364355691857e-06, x1: 0.7576864957809448, z: 0.6218245029449463}
# schema: astropy-2.0
time band flux fluxerr zp zpsys pwv airmass
61960.4062 lsst_hardware_z 58.66759664878647 86.94999694824219 31.719999313354492 AB 2.5785796526941622 1.191947451168334
61962.4115 lsst_hardware_z -120.53236561210228 54.47999954223633 30.950000762939453 AB 10.816192485064283 1.1840169840065857
61962.4245 lsst_hardware_y 55.36020311650624 52.15999984741211 30.0 AB 10.864019223996548 1.177969411305105
61978.4297 lsst_hardware_z -16.53344279074799 44.81999969482422 30.93000030517578 AB 3.6821696434417026 1.1891392357311736
61978.4415 lsst_hardware_u 17.610999855246583 13.09000015258789 29.200000762939453 AB 3.6985316105588826 1.2000102562310826
61986.1525 lsst_hardware_y 151.46960128607353 130.08999633789062 31.5 AB 2.522743758147527 1.9331369794233926
61990.4274 lsst_hardware_r 22.48855434716961 79.02999877929688 31.600000381469727 AB 2.2560399389759 1.2241128263569723
61992.4199 lsst_hardware_z -25.6072985523805 53.95000076293945 30.950000762939453 AB 6.078186759420312 1.2210506765500506
61992.4322 lsst_hardware_r 22.60223999200647 63.20000076293945 31.59000015258789 AB 6.198839338982694 1.2411745322664407
61994.3993 lsst_hardware_i 16.58396320214178 41.93000030517578 31.260000228881836 AB 3.6199436606497306 1.201607809681524
61994.411 lsst_hardware_z 7.23672470588467 48.470001220703125 30.940000534057617 AB 3.633185709155959 1.2161291076672667
61995.3866 lsst_hardware_z 41.61687074757986 46.209999084472656 30.940000534057617 AB 5.290854616193806 1.1918576195668418
61995.3982 lsst_hardware_r 19.552551365499323 37.130001068115234 31.559999465942383 AB 5.379328195578502 1.203429126527629
61997.3996 lsst_hardware_i 14.97494202667982 33.43000030517578 31.239999771118164 AB 5.969161577745812 1.2118074595322237
61997.4107 lsst_hardware_r -91.88859014870914 27.31999969482422 31.5 AB 6.050949885380733 1.2278713241438177
62001.3712 lsst_hardware_u -0.5381036389540396 2.619999885559082 28.3700008392334 AB 2.7918419347778363 1.192712564254122
62001.382 lsst_hardware_g 1.6141504596479057 13.09000015258789 31.350000381469727 AB 2.274068010291262 1.2036351501188753
62002.1594 lsst_hardware_z -52.233484022430716 81.87999725341797 32.09000015258789 AB 2.8430086922503026 1.5655334208426777
62002.175 lsst_hardware_r 5.781280533898936 40.470001220703125 32.599998474121094 AB 3.269888367679801 1.4863128943999095
62009.1425 lsst_hardware_z -33.33494670171152 48.630001068115234 30.899999618530273 AB 3.1065027499938633 1.5535102933791616
62009.1864 lsst_hardware_u 1.8918337380723846 2.619999885559082 28.239999771118164 AB 3.1516400929282797 1.3647402249978116
62009.2048 lsst_hardware_g 14.326150680014242 13.180000305175781 31.309999465942383 AB 2.99260985688841 1.3091031744918677
62016.3553 lsst_hardware_z -33.398868129985686 62.41999816894531 30.959999084472656 AB 1.2549230926412944 1.2224269106011472
62016.3674 lsst_hardware_r -6.525286659706892 78.73999786376953 31.610000610351562 AB 1.2550144057002899 1.242486005148377
62017.1738 lsst_hardware_z -80.91042030871938 68.31999969482422 30.950000762939453 AB 2.0029708025982473 1.3353138683988315
62017.1831 lsst_hardware_r 93.74712460222366 96.41000366210938 31.59000015258789 AB 1.9630922634818995 1.3087281756545996
62020.3482 lsst_hardware_i 13.529559056621126 60.54999923706055 31.280000686645508 AB 2.8792381488037284 1.2283439201381094
62020.3598 lsst_hardware_z -22.94533915642842 58.68000030517578 30.950000762939453 AB 2.8961148800281116 1.2486841966203412
62027.1442 lsst_hardware_z -46.426220791798855 44.58000183105469 30.920000076293945 AB 2.2477709831816557 1.3423535283258619
62027.1632 lsst_hardware_r 16.753570610735235 22.709999084472656 31.450000762939453 AB 2.1751598272021484 1.2896204509102855
62031.335 lsst_hardware_i 2.4440564248723677 31.540000915527344 31.219999313354492 AB 1.8877799672756792 1.2590795691033876
62031.3456 lsst_hardware_u -1.3286659651969175 2.509999990463257 28.239999771118164 AB 1.8925336164474615 1.2825664086162505
62033.3378 lsst_hardware_g 2.049008685017126 13.069999694824219 31.31999969482422 AB 6.714329561579318 1.2770954943565038
62033.3505 lsst_hardware_r -24.290356841977285 22.729999542236328 31.43000030517578 AB 6.72817149302228 1.3088554601735785
62035.3018 lsst_hardware_r -21.44153642835603 22.469999313354492 31.450000762939453 AB 2.4304142513569835 1.2200364365737044
62035.3144 lsst_hardware_i -41.79818609572172 31.690000534057617 31.219999313354492 AB 2.5557710883357183 1.2404648543936507
62037.3033 lsst_hardware_z 33.283564599616405 43.54999923706055 30.93000030517578 AB 5.499132398354463 1.2308046028211053
62037.3151 lsst_hardware_u 1.0757094630945505 2.5 28.239999771118164 AB 5.467539841300827 1.2520127871082514
62041.3067 lsst_hardware_r 22.625648025135458 22.530000686645508 31.440000534057617 AB 4.712668561668307 1.2570468289326668
62041.3178 lsst_hardware_i 24.83191015253631 31.850000381469727 31.209999084472656 AB 4.801178773404519 1.2813964076521822
62044.3056 lsst_hardware_z -25.938007892257488 78.6500015258789 31.700000762939453 AB 5.605660647430176 1.2721826115659676
62048.3129 lsst_hardware_z -62.89672442619864 90.33000183105469 31.700000762939453 AB 9.116789142008571 1.3181217584050364
62050.3088 lsst_hardware_z 150.17873052710692 56.13999938964844 30.940000534057617 AB 6.2397729800390405 1.321985800855729
62050.3194 lsst_hardware_r 27.416649074387237 67.94000244140625 31.56999969482422 AB 6.435529861331708 1.3542781694721608
62052.2644 lsst_hardware_r -23.126126394919314 49.7599983215332 31.579999923706055 AB 3.2020284872149527 1.2342394271675263
62052.2771 lsst_hardware_i -14.957262268299464 45.349998474121094 31.260000228881836 AB 3.2552354117178623 1.257940454726203
62055.2364 lsst_hardware_r 16.909295154729676 26.8700008392334 31.5 AB 6.631919514189752 1.2058035480345004
62055.2471 lsst_hardware_u 5.194808614350257 3.4600000381469727 28.530000686645508 AB 6.709550047186209 1.2199181903974925
62057.2353 lsst_hardware_g -13.838512118260615 12.979999542236328 31.31999969482422 AB 7.630634108115251 1.211211763192897
62057.2465 lsst_hardware_r 18.670321324573468 22.549999237060547 31.450000762939453 AB 7.731946719538859 1.2272931300855332
62059.2408 lsst_hardware_i 16.375860550051694 31.549999237060547 31.219999313354492 AB 8.727986510290142 1.2269178014817113
62059.2525 lsst_hardware_z -53.925916614313316 44.040000915527344 30.93000030517578 AB 9.103004042369971 1.2471576986395534
62064.2413 lsst_hardware_r 47.377200390258544 22.510000228881836 31.440000534057617 AB 2.2654853751350905 1.2518799273173071
62064.2524 lsst_hardware_g 20.82684778998785 13.0 31.309999465942383 AB 2.5370542469291633 1.2753823033450613
62077.2203 lsst_hardware_i 443.57044710247584 69.2936043145259 31.290000915527344 AB 5.803475182089012 1.2833158675634944
62077.2319 lsst_hardware_z 315.32364236174624 64.44808143195978 30.950000762939453 AB 6.0165732632503515 1.3130888832933985
62079.2073 lsst_hardware_z 369.0218141890474 59.60017989248091 30.950000762939453 AB 4.669137459900781 1.2662067687866523
62079.2187 lsst_hardware_r 708.39985595783 77.30876788406606 31.59000015258789 AB 5.45057032725351 1.2927531164547421
62081.2049 lsst_hardware_z 496.3016044325107 54.941805379487604 30.940000534057617 AB 6.885712506415588 1.272951426984441
62081.2159 lsst_hardware_r 801.4499020531566 61.42435278404132 31.56999969482422 AB 6.036536367351714 1.2995306305518963
62083.1672 lsst_hardware_g 238.81289522239243 20.17962374478716 31.34000015258789 AB 7.277763168708514 1.2150869302460792
62083.1797 lsst_hardware_i 813.9130210039261 45.658563658770035 31.25 AB 7.392104885171556 1.2341772911214524
62086.1713 lsst_hardware_z 755.2636864625624 50.5397202092188 30.93000030517578 AB 4.182678165716645 1.233828367468037
62086.1825 lsst_hardware_r 1222.3933774851528 41.74398715275422 31.450000762939453 AB 4.26333530180166 1.254414074676832
62090.0944 lsst_hardware_u 3.3216501066593374 3.354477580505029 28.25 AB 6.814140594779875 1.1760684492198612
62090.1033 lsst_hardware_g 437.00109046463194 24.45872682447162 31.329999923706055 AB 6.826790342279243 1.177963679737572
62091.1588 lsst_hardware_i 1244.0453189863308 47.377954211709984 31.219999313354492 AB 3.3737215277467314 1.2357954314090591
62091.1717 lsst_hardware_z 903.5251523416566 53.0005109655732 30.93000030517578 AB 3.3671080616803266 1.2602238394402778
62095.0301 lsst_hardware_i 1342.9971269830662 49.10394329330247 31.229999542236328 AB 5.450291718570207 1.199184096495095
62095.039 lsst_hardware_u 7.000468703297497 3.097993931289011 28.31999969482422 AB 5.417537016866247 1.1908637724606512
62096.078 lsst_hardware_r 1727.4880521957705 47.377866432245426 31.469999313354492 AB 5.249393626677091 1.1760711609001504
62096.0896 lsst_hardware_z 958.4716892983867 53.334481796354105 30.93000030517578 AB 4.508657340889257 1.1788880483434439
62098.0799 lsst_hardware_r 1796.9948359621476 50.699897987825096 31.530000686645508 AB 8.878825816948254 1.1775110495046532
62098.0919 lsst_hardware_y 353.6104865460937 51.92122476037451 30.0 AB 9.436058113851404 1.182463422788335
62100.0576 lsst_hardware_z 1112.2280788397277 56.1175072538464 30.940000534057617 AB 5.083463086528167 1.1760016393881834
62100.0706 lsst_hardware_g 426.3409041545227 42.624928888840195 31.6299991607666 AB 5.062175544127861 1.1766116551006107
62103.1045 lsst_hardware_r 1731.7937391860376 70.17133878962278 31.600000381469727 AB 6.052067521721514 1.2048710972967627
62103.1169 lsst_hardware_i 1317.510348121512 62.06214593886953 31.280000686645508 AB 6.11228420282491 1.221235604960047
62105.1033 lsst_hardware_z 1063.3236225579049 63.96351324690091 30.959999084472656 AB 10.764018546169737 1.210063446100851
62105.1155 lsst_hardware_r 1550.5276953808336 81.98613803554436 31.610000610351562 AB 10.91681470202626 1.227447379054191
62107.1042 lsst_hardware_z 1050.3283235799618 66.40087018563679 30.959999084472656 AB 7.976226858947042 1.218655845119906
62107.1162 lsst_hardware_g 132.06571664429933 92.98528333248092 31.65999984741211 AB 8.10342876273773 1.237698159483442
62114.0736 lsst_hardware_g 125.54019945640736 17.102409283027693 31.360000610351562 AB 8.724238129676888 1.203882861927729
62114.0853 lsst_hardware_r 881.5679852538088 37.926375573355905 31.459999084472656 AB 11.214509674069882 1.2189684428336829
62327.4011 lsst_hardware_u -3.126585464666679 2.549999952316284 28.309999465942383 AB 11.24109555565114 1.1921621446559791
62327.4121 lsst_hardware_y -96.85391202554389 48.63999938964844 30.0 AB 11.343731113952177 1.184002551686754
62328.3986 lsst_hardware_r -20.446805896999418 22.149999618530273 31.450000762939453 AB 10.853413081785014 1.191962339441548
62328.4094 lsst_hardware_z 12.089311516674389 42.599998474121094 30.93000030517578 AB 10.786880932234713 1.1839837112799698
62343.4195 lsst_hardware_z 78.7349018941363 63.209999084472656 30.969999313354492 AB 7.104147041353797 1.1819233098969273
62343.4303 lsst_hardware_r -114.1838853153319 85.47000122070312 31.6200008392334 AB 7.1265133856673115 1.1890072941995404
62345.4281 lsst_hardware_y 112.8648923972442 77.87000274658203 30.75 AB 4.290032013386322 1.1916755592739785
62347.4191 lsst_hardware_r 164.5800192401124 51.5099983215332 31.600000381469727 AB 4.499567723216207 1.1887893588417335
62347.4311 lsst_hardware_i -55.159486193965414 50.0 31.290000915527344 AB 4.5533283838128495 1.1997703352016644
62351.4228 lsst_hardware_z 12.558736476121158 44.81999969482422 30.93000030517578 AB 2.5902535055127904 1.202624857469491
62351.4346 lsst_hardware_r -3.9036646992247053 34.040000915527344 31.540000915527344 AB 2.589978382624259 1.217571910659371
62352.4263 lsst_hardware_i 4.041612619517301 33.81999969482422 31.239999771118164 AB 1.7901191288639287 1.210085035284314
62354.407 lsst_hardware_z -30.82381162271108 43.47999954223633 30.93000030517578 AB 3.4382081729930882 1.1947902836765047
62354.4181 lsst_hardware_r -8.01224880515069 23.100000381469727 31.459999084472656 AB 3.386363828031709 1.2066862435081516
62358.366 lsst_hardware_i -25.665948392635944 31.190000534057617 31.229999542236328 AB 6.015966329478354 1.17702409680993
62358.3781 lsst_hardware_z 9.90147682755061 43.060001373291016 30.93000030517578 AB 6.144769581079864 1.181686457899974
62360.1573 lsst_hardware_g -9.76937285258646 18.579999923706055 31.93000030517578 AB 5.301366597537277 1.700973239851533
62360.1741 lsst_hardware_r 63.97440906204351 23.790000915527344 31.3799991607666 AB 4.317125627767333 1.594309950551117
62362.396 lsst_hardware_u 5.83998249779899 2.5 28.260000228881836 AB 4.184911498130696 1.2063740265582867
62362.4081 lsst_hardware_r -3.978005059282043 22.399999618530273 31.450000762939453 AB 4.336392332563915 1.2227244699179234
62367.3828 lsst_hardware_g -9.468273604595602 13.109999656677246 31.350000381469727 AB 2.297569759420461 1.2069181016044268
62367.3946 lsst_hardware_r -56.78352401850683 22.459999084472656 31.450000762939453 AB 2.2628688459064334 1.2229519974273644
62369.3802 lsst_hardware_i 22.6777954098398 45.54999923706055 31.270000457763672 AB 1.3315318945353758 1.2104835404867051
62369.3909 lsst_hardware_z -25.09976942525795 46.349998474121094 30.93000030517578 AB 1.3482129118938362 1.2256481017216692
62371.3952 lsst_hardware_r -143.54057344061144 82.37999725341797 31.600000381469727 AB 2.837125521642867 1.242083409694068
62371.4068 lsst_hardware_z 22.238904128660728 62.45000076293945 30.950000762939453 AB 2.869704809527606 1.2650230590820393
62375.3022 lsst_hardware_z 81.52363969597016 53.650001525878906 30.959999084472656 AB 3.531146887649673 1.1760689051289908
62375.3132 lsst_hardware_r 4.257661910953791 63.52000045776367 31.610000610351562 AB 3.5433604913415104 1.1758939683655456
62376.1515 lsst_hardware_i -59.871338126607355 90.30999755859375 32.41999816894531 AB 5.789470818123268 1.4844796969546843
62376.1731 lsst_hardware_z 79.53427289029385 109.20999908447266 32.43000030517578 AB 5.997216066187136 1.3947014107411944
62376.2205 lsst_hardware_i -20.241120769033476 49.689998626708984 31.270000457763672 AB 5.02466275268618 1.2602088582584576
62378.1907 lsst_hardware_r 37.463508968681694 50.93000030517578 32.27000045776367 AB 4.618711248318937 1.3197574764222126
62378.2046 lsst_hardware_z -0.7372081792824378 47.79999923706055 30.93000030517578 AB 4.501554459144238 1.2834997388678417
62380.3683 lsst_hardware_g 6.675708262042367 25.3799991607666 31.549999237060547 AB 0.9951951237557108 1.237933190118019
62380.3794 lsst_hardware_r -9.074302778427375 29.719999313354492 31.510000228881836 AB 0.7995152070792133 1.2590790662664777
62385.3639 lsst_hardware_z -48.97570004659201 43.7599983215332 30.93000030517578 AB 1.0963105801771789 1.2553174582181437
62385.3754 lsst_hardware_r 4.606498616580536 22.6299991607666 31.440000534057617 AB 0.9384879282032396 1.2803382376578984
62387.3592 lsst_hardware_u 2.7273493547504755 2.4600000381469727 28.200000762939453 AB 3.6457131823710562 1.2568535448302884
62387.3708 lsst_hardware_r -5.254105761417885 22.530000686645508 31.43000030517578 AB 3.8218881500303974 1.2823693602607307
62390.3525 lsst_hardware_r 7.668602471473437 22.790000915527344 31.440000534057617 AB 4.021643392701801 1.2599133435782583
62390.364 lsst_hardware_u -0.0642360797829827 2.4800000190734863 28.200000762939453 AB 3.9402454056600473 1.285701133019376
62393.3513 lsst_hardware_g 4.562106887966512 13.149999618530273 31.309999465942383 AB 1.8863270480032561 1.2751196809395602
62393.3625 lsst_hardware_r -37.439149514155616 22.959999084472656 31.440000534057617 AB 1.9538565459333492 1.302571030622233
62395.3028 lsst_hardware_g 5.543010696894889 13.119999885559082 31.350000381469727 AB 3.2503136284019245 1.2027804224997871
62395.3134 lsst_hardware_r 5.544785638792045 22.6299991607666 31.459999084472656 AB 3.2667950431841812 1.2160795544797796
62399.2807 lsst_hardware_z 16.605304461372732 58.939998626708984 30.959999084472656 AB 8.222852516147965 1.191717755963473
62399.2941 lsst_hardware_r -80.32254861239255 74.80000305175781 31.600000381469727 AB 7.985375204592418 1.205339653523572
