data/validation/pwv_sim_epoch_fit_epoch/40845044.ecsv
# %ECSV 0.9
# ---
# datatype:
# - {name: time, datatype: float64}
# - {name: band, datatype: string}
# - {name: flux, datatype: float64}
# - {name: fluxerr, datatype: float64}
# - {name: zp, datatype: float64}
# - {name: zpsys, datatype: string}
# - {name: pwv, datatype: float64}
# - {name: airmass, datatype: float64}
# meta: {SNID: '40845044', alt: 1024.0, c: 0.09623747318983078, dec: -28.971533, lat: -30.244573, lon: -70.7499537, ra: 11.777344, t0: 62292.9140625,
#   x0: 7.278383112249342e-06, x1: 0.07888264209032059, z: 0.5255206227302551}
# schema: astropy-2.0
time band flux fluxerr zp zpsys pwv airmass
[from data line 132]
62751.1763 lsst_hardware_i -27.402901032226104 43.5099983215332 31.280000686645508 AB 2.667447119813883 1.1409098031710363
62753.1631 lsst_hardware_z -78.52591767692212 81.98999786376953 31.719999313354492 AB 3.8860341096390956 1.1688199442481677
62755.1578 lsst_hardware_z 62.60089947306079 77.19999694824219 30.979999542236328 AB 3.154159132055499 1.168207085946481
62755.1748 lsst_hardware_r 12.183673502919822 112.44999694824219 31.639999389648438 AB 2.7074275034776383 1.1111953636271859
62757.1617 lsst_hardware_i 31.285623365076138 87.83999633789062 31.329999923706055 AB 4.052703531187397 1.1349461464235417
62757.1792 lsst_hardware_z -108.89532734994297 74.72000122070312 30.989999771118164 AB 2.279868328734581 1.084618615002179
62758.1737 lsst_hardware_z 135.81006612566998 94.58999633789062 31.739999771118164 AB 0.9616466600613249 1.0916431672251683
62758.186 lsst_hardware_i 3.075760477575285 73.08000183105469 31.329999923706055 AB 0.9433402011214161 1.062918536474835
62767.172 lsst_hardware_r -10.335331427858483 23.059999465942383 31.5 AB 2.1034543354074957 1.0430352076400806
62767.1884 lsst_hardware_i 32.058878507426485 30.440000534057617 31.25 AB 2.0483689285702855 1.0201463848451309
62771.0923 lsst_hardware_i -48.68056424828688 32.650001525878906 31.209999084472656 AB 4.189714563812514 1.2667315385676536
62771.1122 lsst_hardware_z -62.89662934214518 43.29999923706055 30.93000030517578 AB 3.780606178048413 1.1756225482399834
62772.095 lsst_hardware_r -9.68949440040397 23.420000076293945 31.459999084472656 AB 5.69831126482282 1.2391224843772164
62772.1133 lsst_hardware_u -0.45779571394423724 2.609999895095825 28.329999923706055 AB 5.336474080115199 1.161007468886676
62774.0983 lsst_hardware_g 11.972503178357405 14.210000038146973 31.3700008392334 AB 4.571650266327246 1.1990427555773702
62774.1171 lsst_hardware_r 42.564031272405195 23.260000228881836 31.479999542236328 AB 4.335227207658599 1.1290389237994531
62780.0966 lsst_hardware_r 34.3627455131082 49.15999984741211 31.610000610351562 AB 3.9007534511059214 1.1426872720748438
62780.1173 lsst_hardware_z 41.10684295306987 48.34000015258789 30.959999084472656 AB 3.7267532907672076 1.0824145485818204
62781.0801 lsst_hardware_z 67.97532320689231 55.2599983215332 30.959999084472656 AB 5.372256197210996 1.1951626690124575
62781.0994 lsst_hardware_r 90.71144417976 63.04999923706055 31.6200008392334 AB 9.294094920617608 1.1245577463032468
62783.1031 lsst_hardware_z -188.03170206231545 69.11000061035156 30.979999542236328 AB 6.005407407308298 1.0978472454780412
62783.1229 lsst_hardware_i 98.28269216331205 77.08999633789062 31.329999923706055 AB 5.9185720893774425 1.05268964653657
62787.0977 lsst_hardware_y -46.28672516349461 54.619998931884766 30.040000915527344 AB 5.6540826957873325 1.0836073777341808
62787.1178 lsst_hardware_g 25.808299071753346 92.4800033569336 31.729999542236328 AB 5.475653804062545 1.0423529561336105
62789.0996 lsst_hardware_r 13.869106573423515 40.36000061035156 31.610000610351562 AB 6.613205326581517 1.0666460204163737
62789.1191 lsst_hardware_i -30.216364893947183 44.150001525878906 31.309999465942383 AB 6.397706058178504 1.0318880738997587
62791.1091 lsst_hardware_z -8.71766857506753 41.15999984741211 30.950000762939453 AB 7.160173210748907 1.0387349613020815
62791.1308 lsst_hardware_r 12.989863310746959 22.75 31.520000457763672 AB 6.478775598007726 1.012308687188707
62795.995 lsst_hardware_y 70.67153781496451 76.94999694824219 29.90999984741211 AB 5.264841993913088 1.4597528633772208
62796.015 lsst_hardware_z -155.19474824685943 45.45000076293945 30.920000076293945 AB 5.532836984700504 1.3179697438544011
62798.9982 lsst_hardware_y -136.44344416452495 79.2300033569336 29.969999313354492 AB 5.140393702429527 1.3737022187145789
62799.016 lsst_hardware_u -1.475981259359708 2.859999895095825 28.3799991607666 AB 4.571488602558218 1.2659312140743668
62800.9994 lsst_hardware_z 136.85810976475912 66.9000015258789 30.950000762939453 AB 6.250762477779521 1.3299494633573448
62801.0176 lsst_hardware_r 7.620600671971645 23.790000915527344 31.469999313354492 AB 5.2687589784699425 1.2305392709544436
62803.0016 lsst_hardware_y 121.1264343777116 73.01000213623047 29.989999771118164 AB 4.074479417775081 1.2847843444739586
62803.0209 lsst_hardware_z 50.15195187162496 43.369998931884766 30.940000534057617 AB 3.7115650402103593 1.1915136565683335
62807.0052 lsst_hardware_y -48.514960122828406 66.7699966430664 30.010000228881836 AB 10.663381235242696 1.2121611043815164
62807.0237 lsst_hardware_z 30.241581095134038 44.540000915527344 30.950000762939453 AB 9.884002923890554 1.139891929868591
62813.0117 lsst_hardware_z -135.2897163947259 105.80000305175781 31.739999771118164 AB 11.229542328904065 1.1255805875947944
62813.0352 lsst_hardware_i 52.769626665584596 106.43000030517578 32.08000183105469 AB 11.12161029847397 1.0642349811945762
62819.0188 lsst_hardware_y -147.7495776744241 55.040000915527344 30.049999237060547 AB 6.550582541040374 1.064270112273099
62819.0387 lsst_hardware_r 24.460219470935936 22.209999084472656 31.489999771118164 AB 6.2811257021917495 1.029763077072218
62822.0193 lsst_hardware_y -26.35051767635369 55.66999816894531 30.049999237060547 AB 3.665911466749811 1.0474032762142318
62822.0365 lsst_hardware_z -11.242234814297797 40.65999984741211 30.940000534057617 AB 3.5774325744884634 1.0221235927109895
