data/validation/pwv_sim_epoch_fit_epoch/4085439.ecsv
# %ECSV 0.9
# ---
# datatype:
# - {name: time, datatype: float64}
# - {name: band, datatype: string}
# - {name: flux, datatype: float64}
# - {name: fluxerr, datatype: float64}
# - {name: zp, datatype: float64}
# - {name: zpsys, datatype: string}
# - {name: pwv, datatype: float64}
# - {name: airmass, datatype: float64}
# meta: {SNID: '4085439', alt: 1024.0, c: -0.11136332154273987, dec: -3.134927, lat: -30.244573, lon: -70.7499537, ra: 172.96875, t0: 61055.0546875,
#   x0: 3.354719449022439e-06, x1: 0.1120876669883728, z: 0.7214998602867126}
# schema: astropy-2.0
time band flux fluxerr zp zpsys pwv airmass
61050.3366 lsst_hardware_i 1166.5775697298773 57.821745047407276 31.280000686645508 AB 7.832929476055293 1.1505759751348137
61050.3581 lsst_hardware_y 392.0493259023739 58.76902570253715 30.030000686645508 AB 7.6880809629694475 1.126555035908238
61057.3611 lsst_hardware_g 192.57176037275642 23.09203654738996 31.489999771118164 AB 2.5833670357058187 1.12320305900253
61059.3533 lsst_hardware_i 1068.849532141601 46.16739145746308 31.239999771118164 AB 6.949562339923161 1.1225568458618647
61059.373 lsst_hardware_y 266.59925597126454 76.96348654347183 30.030000686645508 AB 7.0269323160001065 1.135482316554915
61061.352 lsst_hardware_u 0.7223717383793179 3.0155299793614483 28.459999084472656 AB 12.693698800490637 1.1238666155551884
61061.3698 lsst_hardware_z 595.6158094960376 58.768666307508994 30.959999084472656 AB 12.841271045154972 1.13807424329291
61063.3535 lsst_hardware_r 668.9273078191562 36.75415659901829 31.489999771118164 AB 10.601362252954265 1.1277445085851034
61063.3726 lsst_hardware_y 373.2030108505946 65.63771177710358 30.020000457763672 AB 10.884228416792492 1.1495805256434894
61065.3216 lsst_hardware_i 936.2422504756104 43.86697683818176 31.239999771118164 AB 11.016861140383932 1.1241695041208093
61065.3414 lsst_hardware_z 583.5234620231554 48.949777601272736 30.940000534057617 AB 10.988944075960166 1.1239970074285883
61069.3265 lsst_hardware_r 557.6438789547249 33.792788139670506 31.489999771118164 AB 12.423652288964611 1.1226699057756777
61069.3457 lsst_hardware_z 566.1897353265934 48.565755532178024 30.93000030517578 AB 13.141271837815596 1.135478557414942
61071.3201 lsst_hardware_r 653.556435199563 62.64963867466459 31.6200008392334 AB 12.075379507862728 1.1224558010655075
61071.3375 lsst_hardware_y 236.62227296473915 52.86128835608416 30.010000228881836 AB 13.025439682811436 1.1326469289401249
61072.3199 lsst_hardware_z 457.4720503597809 72.39796625689345 30.979999542236328 AB 11.043590837109267 1.1231151059808062
61072.3362 lsst_hardware_r 553.9154755604573 97.20664917981428 31.639999389648438 AB 13.355318851745144 1.134081252094184
61074.2965 lsst_hardware_r 645.7227796141353 133.0071451259297 31.639999389648438 AB 10.58005234099853 1.1244011202506539
61074.3145 lsst_hardware_i 580.8336341699021 108.29765330353982 31.329999923706055 AB 10.604624580826725 1.1231332959994413
61078.3068 lsst_hardware_z 795.6635317498748 85.22087670039802 31.709999084472656 AB 4.207154907920759 1.1243816149985324
61080.251 lsst_hardware_r 273.3153360565552 41.440681216055815 31.579999923706055 AB 6.117779658868747 1.1568810221946007
61080.2689 lsst_hardware_z 289.08170705681687 49.79648637888522 30.950000762939453 AB 5.970747377713106 1.1323245548479273
61082.3001 lsst_hardware_y 179.163569008123 49.99621464962903 30.010000228881836 AB 4.290482195701629 1.1267022572745873
61082.3164 lsst_hardware_g 48.381711208345486 21.165846173512513 31.520000457763672 AB 4.419382927766703 1.143140953897233
61084.2721 lsst_hardware_g 57.924998338484876 16.818380016001857 31.43000030517578 AB 5.968459226028067 1.1232456238310145
61084.2898 lsst_hardware_r 174.70547353549168 28.343888953735203 31.489999771118164 AB 5.98079311768822 1.1241035838150963
61086.2695 lsst_hardware_i 374.44372844067044 36.500880635786004 31.25 AB 3.6659780805332236 1.12246726286994
61086.2877 lsst_hardware_z 214.7005018522144 46.1771075641858 30.940000534057617 AB 3.7719845660287183 1.1257975126186557
61088.2744 lsst_hardware_r 140.49926874923975 27.28142014483855 31.489999771118164 AB 5.025533648640989 1.122606176167028
61088.2918 lsst_hardware_u 5.069484938208608 2.9292297828430294 28.399999618530273 AB 5.586815809837225 1.1333433025331685
61090.2689 lsst_hardware_g 46.610099044731406 16.812778373586074 31.450000762939453 AB 2.836800802615541 1.1225962812091574
61090.2856 lsst_hardware_i 238.0750380703684 36.194308899369915 31.25 AB 2.8584325714331924 1.1326132031434144
61092.2695 lsst_hardware_z 264.7689417698174 45.1513269556827 30.940000534057617 AB 5.8752952233188935 1.124817209314402
61092.2862 lsst_hardware_r 122.64584197849051 26.679531850850687 31.489999771118164 AB 5.914054922346772 1.1393266827446022
61094.2725 lsst_hardware_u 1.9561977404199968 2.7221817423241967 28.280000686645508 AB 12.095973762814987 1.1306057230946212
61094.2898 lsst_hardware_g 16.550758374468316 16.270114274383708 31.40999984741211 AB 12.285215119121785 1.1525673251826425
61096.2227 lsst_hardware_g 41.32058889879257 16.29054244668686 31.420000076293945 AB 9.696964040008949 1.1348668111387075
61096.2401 lsst_hardware_r 85.05565047886894 26.434758811538014 31.489999771118164 AB 9.652178240783682 1.1229992135873974
61099.2473 lsst_hardware_r -13.85074776700237 59.875522540285715 31.6200008392334 AB 5.931803456643406 1.1234830878455897
61099.2659 lsst_hardware_z 45.43512803697757 53.6842843405777 30.959999084472656 AB 6.206915429476292 1.137874440919605
61101.2413 lsst_hardware_z 54.79334816775165 85.10765670598347 30.979999542236328 AB 3.7323264671907452 1.1232924760806817
61101.2591 lsst_hardware_i 350.6490271839715 100.04434726350392 31.31999969482422 AB 3.894541645924922 1.136318317231547
61103.2342 lsst_hardware_z 266.130760917974 112.88970718486546 30.989999771118164 AB 6.2318701526339915 1.1227920520030013
61103.2525 lsst_hardware_r 126.31494666795166 168.2664061878982 31.639999389648438 AB 6.477784767988734 1.135059535305543
61105.2461 lsst_hardware_y 382.25931211434516 86.04741144118914 30.770000457763672 AB 8.853655363766132 1.1340662692156076
61107.2342 lsst_hardware_r 102.20679709517586 62.718267221062725 31.6200008392334 AB 12.157951649722937 1.1283307280372712
61107.2516 lsst_hardware_i 125.93369498860721 55.22037373960478 31.290000915527344 AB 11.367143164892367 1.1481962792820573
61109.2315 lsst_hardware_z 118.5077862191428 47.43411942898911 30.950000762939453 AB 11.399166683998482 1.130561273858668
61109.2496 lsst_hardware_r 35.98676436546286 40.46610372640333 31.579999923706055 AB 11.638915435296088 1.1538434898058796
61111.2315 lsst_hardware_u 6.002484421775874 4.680523745249315 28.75 AB 8.406268517415217 1.1359822320831374
61111.2515 lsst_hardware_r 44.26612564779926 30.221117822144315 31.530000686645508 AB 9.32298038452331 1.1678420473948046
61113.2019 lsst_hardware_g 50.219511901210225 17.09809786950928 31.450000762939453 AB 12.473070926435861 1.1219817330606976
61113.2215 lsst_hardware_i 118.43123866514638 33.815945436483865 31.239999771118164 AB 12.640063874136167 1.1313803284151507
61114.2011 lsst_hardware_z 90.16463353487116 44.41294001696368 30.940000534057617 AB 11.647145818844512 1.122165795472747
61114.2197 lsst_hardware_r 67.67201532181943 26.029930082881716 31.489999771118164 AB 10.510650251984904 1.1322471455332035
61116.202 lsst_hardware_u 2.2279485232489633 3.1714942986513224 28.399999618530273 AB 9.612443192242056 1.123911823864922
61116.2201 lsst_hardware_g 21.629508192906265 16.92980347985328 31.43000030517578 AB 9.384444658352448 1.1386125525785546
61122.1928 lsst_hardware_u 1.030538230911056 3.002586240735898 28.399999618530273 AB 7.693240431188639 1.1279997699774533
61122.2133 lsst_hardware_r 113.02932817700534 25.93599711930448 31.489999771118164 AB 7.478692211269476 1.1524740472734871
61124.1817 lsst_hardware_i 58.018118486002635 33.233275174538534 31.239999771118164 AB 7.728803813227227 1.1245985905023248
61124.1995 lsst_hardware_z 182.647290724772 43.76927919668367 30.93000030517578 AB 7.851931486637743 1.1401643010606597
61126.1797 lsst_hardware_r 12.229323477253482 37.28081338059883 31.56999969482422 AB 7.644560633974512 1.1265193978742283
61126.198 lsst_hardware_z 135.60268198643936 47.108276663346 30.940000534057617 AB 7.763702691889383 1.1455957934025944
61128.1717 lsst_hardware_y 51.730638072805085 54.94343775448132 30.020000457763672 AB 7.3695064329470865 1.1250582310743096
61128.1885 lsst_hardware_r -58.92297039694336 78.94784446516742 31.6299991607666 AB 7.497436762341445 1.1400633730561363
61130.1714 lsst_hardware_i 169.65925797434892 116.98269901925978 31.31999969482422 AB 5.194807931756019 1.1283249200164671
61130.1891 lsst_hardware_z 95.01249998912668 100.11185083868907 30.979999542236328 AB 5.455922344270365 1.1486555340757023
61135.1734 lsst_hardware_r 28.22231261292394 73.96396512140274 31.6200008392334 AB 8.451632620701826 1.1455569273425945
61135.1923 lsst_hardware_i 105.52264172840552 62.23656888774526 31.299999237060547 AB 8.722393894172429 1.1821364632611586
61137.1421 lsst_hardware_i 88.86862116157835 45.09330458287225 31.290000915527344 AB 11.40177284947381 1.1229954544936285
61137.1597 lsst_hardware_z 112.71328442512419 49.36195512613015 30.950000762939453 AB 11.481802544473302 1.1350888958485554
61139.1384 lsst_hardware_r 48.51005782173755 30.91682134064075 31.540000915527344 AB 7.785936089698193 1.123592768554469
61139.1561 lsst_hardware_u -5.849522917060678 4.491411375853264 28.709999084472656 AB 7.7492949639526625 1.1371773371417804
61145.9903 lsst_hardware_i 87.37230163781113 35.29999923706055 31.190000534057617 AB 22.776297951080462 1.5257519491610545
61148.1254 lsst_hardware_r 27.639991169820657 24.440000534057617 31.5 AB 13.306117411934242 1.1308955815004456
61148.1432 lsst_hardware_g -21.84337077136284 15.199999809265137 31.420000076293945 AB 13.564723042939798 1.1539861935350328
61150.1164 lsst_hardware_r 5.2287271991389614 24.43000030517578 31.5 AB 7.733060073469121 1.128035603442933
61150.1333 lsst_hardware_i -50.820180352587734 32.36000061035156 31.239999771118164 AB 7.5070422762596785 1.1468282684512756
61152.1199 lsst_hardware_z 3.15199332749304 43.279998779296875 30.940000534057617 AB 10.328071738858219 1.1363681954292766
61152.1366 lsst_hardware_i -32.896144110820885 32.56999969482422 31.239999771118164 AB 11.823975763154452 1.1618902140376803
61154.1139 lsst_hardware_z -19.28313106445899 45.439998626708984 30.940000534057617 AB 10.403598998007896 1.1357640827519537
61154.1335 lsst_hardware_g 40.13960015995337 24.600000381469727 31.559999465942383 AB 11.285190690554494 1.1666088479407135
61156.114 lsst_hardware_r -55.17352872227479 69.58999633789062 31.6200008392334 AB 11.197879228014834 1.142640737552534
61156.1319 lsst_hardware_i 35.666642771045645 61.59000015258789 31.299999237060547 AB 10.461785231171314 1.1749534176966885
61158.0925 lsst_hardware_i 109.22152650925928 96.02999877929688 31.329999923706055 AB 2.5919981104898753 1.1266291410416729
61158.11 lsst_hardware_z 98.25913163650392 84.62000274658203 30.979999542236328 AB 2.634307845084906 1.1446876499499883
61160.0853 lsst_hardware_r -59.36814908705636 123.55999755859375 31.639999389648438 AB 11.887867563040546 1.1255851501245604
61160.1028 lsst_hardware_z -59.49191852061833 84.33999633789062 30.989999771118164 AB 12.05487697018642 1.1422634168935824
61162.0382 lsst_hardware_r -107.30274126649496 104.47000122070312 31.639999389648438 AB 10.015710261810117 1.1398759782029724
61162.0557 lsst_hardware_i 155.66197936370142 82.20999908447266 31.329999923706055 AB 9.446919294936977 1.124633249397259
61164.0834 lsst_hardware_z -51.944477939735854 55.849998474121094 30.969999313354492 AB 13.33185195148329 1.1324571630055884
61164.1008 lsst_hardware_i -90.31481264392413 58.529998779296875 31.309999465942383 AB 13.734448139029135 1.156244318645379
61169.0483 lsst_hardware_r 27.618705541365475 24.299999237060547 31.489999771118164 AB 9.990138317630802 1.1219516879726872
61169.0601 lsst_hardware_i 30.569097505666427 31.979999542236328 31.239999771118164 AB 10.03566043165886 1.1252422370674457
61174.0031 lsst_hardware_r -53.30691524679899 24.700000762939453 31.489999771118164 AB 6.71595540227388 1.1429630104137873
61174.0236 lsst_hardware_g 29.724717250427332 15.470000267028809 31.440000534057617 AB 6.630408461388693 1.1243220927362232
61176.0009 lsst_hardware_r 18.33665068147181 24.799999237060547 31.5 AB 5.9614900361238545 1.1387211758987692
61176.0214 lsst_hardware_i -38.52596320896097 32.290000915527344 31.239999771118164 AB 5.857952807391167 1.1230737744231867
61180.0053 lsst_hardware_u -2.136822882123575 2.7899999618530273 28.399999618530273 AB 7.846990027250741 1.125271929434506
61180.026 lsst_hardware_g 7.950078098795751 15.720000267028809 31.440000534057617 AB 7.850708209603036 1.1234288739921825
61180.9894 lsst_hardware_r 11.488759856764661 26.25 31.520000457763672 AB 8.148384997060969 1.1361912615004837
61181.0039 lsst_hardware_i 20.77061370893446 33.08000183105469 31.25 AB 7.577899935044134 1.1245955876889637
61183.0025 lsst_hardware_z -137.71777030930014 65.88999938964844 31.700000762939453 AB 1.3565937108598825 1.1230080387912935
61185.9945 lsst_hardware_z -51.17839482744438 70.01000213623047 30.979999542236328 AB 6.46296013432543 1.1229514886468372
61186.0137 lsst_hardware_r -133.38341542503238 88.3499984741211 31.639999389648438 AB 6.391352141215055 1.1252545620472814
61187.9952 lsst_hardware_i -118.18545275309067 72.23999786376953 31.31999969482422 AB 7.207170612721096 1.121956896317715
61188.0138 lsst_hardware_z 33.67208884227092 66.3499984741211 30.979999542236328 AB 7.980297194420581 1.1289145840176236
61189.9603 lsst_hardware_y -71.28624503208088 59.939998626708984 30.030000686645508 AB 10.776492620061202 1.1417590316322348
61189.9792 lsst_hardware_i 97.59896433495469 71.41999816894531 31.31999969482422 AB 10.63138698949591 1.1246574621280292
61196.9601 lsst_hardware_y 41.41770088721732 51.150001525878906 30.010000228881836 AB 4.836000428910643 1.124651262537359
61196.9796 lsst_hardware_i 24.677563993404394 32.61000061035156 31.239999771118164 AB 4.8307842036703015 1.1234381869000702
61418.3556 lsst_hardware_z -81.12891081928937 69.47000122070312 31.709999084472656 AB 4.667681086313743 1.1238848476215957
61420.359 lsst_hardware_g -7.2829924480791695 18.90999984741211 31.510000228881836 AB 6.017431498799512 1.1219225317049524
61422.3558 lsst_hardware_i -12.191664306936378 33.5 31.260000228881836 AB 2.5805157259529934 1.1219633591099971
61424.3498 lsst_hardware_i 21.91940216864509 32.41999816894531 31.25 AB 6.908483023437167 1.1219319585509393
61424.3692 lsst_hardware_y 73.54722684515114 60.880001068115234 30.030000686645508 AB 6.954238407977393 1.130954367861017
61426.3495 lsst_hardware_g -75.66335514099318 45.11000061035156 31.65999984741211 AB 12.676389700201325 1.1227317282889722
61426.3687 lsst_hardware_y -135.9156437210215 56.2599983215332 30.020000457763672 AB 12.815200184860265 1.1359314685944983
61428.3521 lsst_hardware_i -29.557653837819423 86.33000183105469 31.31999969482422 AB 10.598677909072446 1.1262907902630122
61428.3719 lsst_hardware_y -146.54310099891023 72.73999786376953 30.030000686645508 AB 10.725359572381418 1.147342701367289
61430.3257 lsst_hardware_z 33.527043883111894 114.69000244140625 31.739999771118164 AB 11.004156760393332 1.122873138815646
61432.3284 lsst_hardware_r 153.76435878200974 76.94999694824219 31.6299991607666 AB 13.249867820209088 1.1219510418196186
61432.3461 lsst_hardware_i -128.546840350815 66.2699966430664 31.309999465942383 AB 12.424534915385614 1.1298626758864743
61436.3238 lsst_hardware_z -19.065494530874748 43.310001373291016 30.950000762939453 AB 12.049788769497523 1.1232092439874648
61436.3411 lsst_hardware_g 0.1916187959366181 19.84000015258789 31.530000686645508 AB 13.067387075555402 1.1355950675791346
61438.328 lsst_hardware_r 1.4814977561616227 25.020000457763672 31.510000228881836 AB 9.435109000786335 1.1284890661759794
61438.3461 lsst_hardware_z -70.56917971916961 43.63999938964844 30.950000762939453 AB 11.272878748957197 1.1496778510448173
61440.2957 lsst_hardware_i 23.28167088497605 32.36000061035156 31.25 AB 8.735715787335604 1.1238056330191695
61440.3157 lsst_hardware_r 14.482521176456718 24.6200008392334 31.510000228881836 AB 8.737897603780743 1.1243273777114495
61442.2903 lsst_hardware_u 3.5288880512019127 2.940000057220459 28.559999465942383 AB 4.150120323509003 1.1237802121605749
61442.3087 lsst_hardware_g 6.7790993335279515 15.369999885559082 31.459999084472656 AB 3.7954829986520853 1.1236719705875853
