data/validation/pwv_sim_epoch_fit_epoch/40923680.ecsv
# %ECSV 0.9
# ---
# datatype:
# - {name: time, datatype: float64}
# - {name: band, datatype: string}
# - {name: flux, datatype: float64}
# - {name: fluxerr, datatype: float64}
# - {name: zp, datatype: float64}
# - {name: zpsys, datatype: string}
# - {name: pwv, datatype: float64}
# - {name: airmass, datatype: float64}
# meta: {SNID: '40923680', alt: 1024.0, c: -0.09075386077165604, dec: -25.778666, lat: -30.244573, lon: -70.7499537, ra: 238.007812, t0: 63065.453125,
#   x0: 4.002598294083991e-06, x1: -0.13980738818645477, z: 0.6715309619903564}
# schema: astropy-2.0
time band flux fluxerr zp zpsys pwv airmass
62914.3029 lsst_hardware_r -14.049449457251974 29.81999969482422 31.459999084472656 AB 7.184882870221589 1.4568873680746792
62914.323 lsst_hardware_i -49.50651907257239 36.290000915527344 31.219999313354492 AB 6.452519568193071 1.3137574199721207
62921.2918 lsst_hardware_g 16.64231025433135 16.420000076293945 31.360000610351562 AB 13.824967079333708 1.3943838300848477
62921.3113 lsst_hardware_r -7.588606373300118 26.489999771118164 31.479999542236328 AB 12.59740182019808 1.2712663300791924
62925.3162 lsst_hardware_g 24.47119381752482 16.18000030517578 31.43000030517578 AB 6.264558867778439 1.1951273654368177
62925.3368 lsst_hardware_r -20.535113532102276 25.459999084472656 31.510000228881836 AB 5.322665368926172 1.1201484440313931
62927.2964 lsst_hardware_r 25.75852363167467 26.010000228881836 31.489999771118164 AB 4.244820028523653 1.263339294203468
62927.3159 lsst_hardware_i 13.335617337469685 33.27000045776367 31.239999771118164 AB 3.976502314916549 1.1740196279738857
62929.3192 lsst_hardware_r 6.87761528694398 25.399999618530273 31.489999771118164 AB 8.36914937669533 1.1418445155461259
62929.34 lsst_hardware_u 1.9339002343449974 2.809999942779541 28.40999984741211 AB 8.099370293249065 1.081502242388712
62935.294 lsst_hardware_r -74.01887586380643 94.37999725341797 31.6200008392334 AB 10.134979449850801 1.1742532093443172
62935.3123 lsst_hardware_z -48.202232026963514 65.30000305175781 30.979999542236328 AB 9.577934660555945 1.1117311762620206
62937.3001 lsst_hardware_r -45.38102070527223 90.70999908447266 31.6299991607666 AB 8.485885346184835 1.1326595496776577
62937.3206 lsst_hardware_y 21.95094044524682 55.900001525878906 30.040000915527344 AB 8.01800761577775 1.0757372530727733
62939.3023 lsst_hardware_z -25.447865585949113 68.2300033569336 30.979999542236328 AB 11.71045574293598 1.1090496962719991
62939.3227 lsst_hardware_r 99.7124641826325 83.0999984741211 31.649999618530273 AB 11.211413226049096 1.0594629227835286
62941.3114 lsst_hardware_i -61.46742382844527 59.459999084472656 32.04999923706055 AB 8.213762957022729 1.0718263971756496
62941.3322 lsst_hardware_z 33.97442007116433 65.91999816894531 31.719999313354492 AB 8.049349120210787 1.0338455468535743
62943.2465 lsst_hardware_z 41.12359523070143 64.70999908447266 31.68000030517578 AB 7.657489790196135 1.297879625456972
62943.2639 lsst_hardware_r -8.014135674569587 36.9900016784668 32.25 AB 7.608003601595328 1.208898877372139
62948.2452 lsst_hardware_r 37.41639817299642 25.280000686645508 31.489999771118164 AB 7.980947137841717 1.2323408049166757
62948.2626 lsst_hardware_z -43.84679050772408 43.77000045776367 30.950000762939453 AB 7.109552335585432 1.158662375421345
62950.2452 lsst_hardware_r -27.238863330798818 24.989999771118164 31.489999771118164 AB 8.497273470523565 1.2070705137174862
62950.263 lsst_hardware_u -3.8342914986611256 2.9200000762939453 28.520000457763672 AB 7.472411552883621 1.1380029016384503
62954.2549 lsst_hardware_z 33.88196257846153 43.56999969482422 30.950000762939453 AB 8.995667850559244 1.128726478316038
62954.2751 lsst_hardware_r 8.645453038507918 24.700000762939453 31.530000686645508 AB 8.53121908005468 1.073649519261863
62956.2569 lsst_hardware_u 4.38039386914868 2.7799999713897705 28.440000534057617 AB 5.06837618421725 1.106149319995035
62956.2747 lsst_hardware_r -8.184542238652638 24.239999771118164 31.520000457763672 AB 4.878271173627205 1.0626884159954701
62958.2541 lsst_hardware_i -43.845314799053995 32.13999938964844 31.260000228881836 AB 8.680157858330853 1.0987541592823864
62958.2712 lsst_hardware_z -10.837399010874705 42.15999984741211 30.959999084472656 AB 8.363906196275076 1.058722303325959
62960.2542 lsst_hardware_r -27.93785171030359 52.68000030517578 31.6200008392334 AB 7.0173736296131395 1.0843504024744397
62960.2732 lsst_hardware_z 22.099253695641174 48.34000015258789 30.959999084472656 AB 6.685927814162414 1.0450027843329517
62965.2524 lsst_hardware_i 79.01647757147435 102.23999786376953 31.34000015258789 AB 5.427031613051178 1.0581071579355
62965.2714 lsst_hardware_z 27.993865542213676 86.83999633789062 31.0 AB 5.482513700959921 1.0274575901349177
62968.1534 lsst_hardware_r -6.504330518792824 79.47000122070312 31.559999465942383 AB 9.288920288466029 1.4744317918200045
62968.1713 lsst_hardware_i 11.715574057582629 68.62999725341797 31.280000686645508 AB 8.713634734018239 1.34055918984896
62970.1551 lsst_hardware_z 1.0077291759609819 46.619998931884766 30.90999984741211 AB 6.991757319578494 1.4162911518389927
62970.1742 lsst_hardware_r -13.317266959681596 31.190000534057617 31.510000228881836 AB 7.264460314535414 1.2897399581953686
62973.1337 lsst_hardware_u 2.702720039344299 2.509999990463257 28.110000610351562 AB 22.357063611841443 1.5291063273265468
62973.1578 lsst_hardware_g -8.944599037114903 15.079999923706055 31.360000610351562 AB 19.552999618963344 1.339582974191921
62975.1557 lsst_hardware_r -22.833173258469444 25.18000030517578 31.469999313354492 AB 12.501242774305359 1.3184183478491203
62975.1741 lsst_hardware_u -1.966169261074784 2.7899999618530273 28.399999618530273 AB 11.044495801336856 1.2199818625137782
62977.1466 lsst_hardware_g 19.454010342739707 15.180000305175781 31.3700008392334 AB 9.713017048849501 1.341391665356926
62977.1633 lsst_hardware_r 54.94857444198716 24.81999969482422 31.479999542236328 AB 8.996295761748275 1.2457655281795021
62979.1586 lsst_hardware_i 17.36513625229276 33.13999938964844 31.219999313354492 AB 6.811245279097095 1.241964768035209
62979.1773 lsst_hardware_z -24.34031837269681 43.529998779296875 30.940000534057617 AB 4.739739923885121 1.1611317794916416
62984.1584 lsst_hardware_r -14.664908963404322 24.780000686645508 31.489999771118164 AB 2.4561018004898436 1.1815282263330578
62984.1773 lsst_hardware_u 2.818428364965632 2.799999952316284 28.43000030517578 AB 2.4967348189069307 1.1153606517342434
62990.1695 lsst_hardware_y 30.36888732367794 73.23999786376953 30.790000915527344 AB 9.97953031129601 1.091414492139843
62997.1493 lsst_hardware_z -40.188611014963946 53.220001220703125 30.969999313354492 AB 8.478604463959128 1.0942605703170558
62997.1677 lsst_hardware_r 9.548376613912513 59.04999923706055 31.639999389648438 AB 8.204273809213555 1.0529887131198077
63002.1594 lsst_hardware_i 21.53847399056214 31.8700008392334 31.260000228881836 AB 7.046000030198306 1.043542658500934
63002.1782 lsst_hardware_z 63.62086403453848 41.619998931884766 30.959999084472656 AB 5.471109709497051 1.018575718536127
63005.0355 lsst_hardware_u 0.6743893412813957 2.319999933242798 27.90999984741211 AB 13.426947946025665 1.6420383937905914
63005.0544 lsst_hardware_g 8.853458156526886 15.510000228881836 31.31999969482422 AB 11.81916669826481 1.4573571761115858
63010.0429 lsst_hardware_r 3.182483807163921 25.84000015258789 31.43000030517578 AB 11.950013168893337 1.4397606227582331
63010.0636 lsst_hardware_i -28.4299470564498 33.97999954223633 31.219999313354492 AB 10.771284028583684 1.2977450636847812
63013.039 lsst_hardware_z 105.3085202147953 47.220001220703125 30.90999984741211 AB 8.22863128817037 1.406423328320364
63013.0597 lsst_hardware_u 11.13123653665847 3.0399999618530273 28.3700008392334 AB 7.381838648484223 1.2735725304340495
63015.0416 lsst_hardware_g 44.80375378181393 26.520000457763672 31.520000457763672 AB 12.708112449656108 1.34958183825864
63015.0597 lsst_hardware_r -15.446891377475247 31.809999465942383 31.530000686645508 AB 11.966418831981269 1.2450105427853573
63019.0438 lsst_hardware_i -7.044982633188349 67.45999908447266 31.290000915527344 AB 13.519133438963632 1.2709535996016896
63019.0633 lsst_hardware_z -3.2065235107775663 62.52000045776367 30.969999313354492 AB 12.592899573511222 1.1796719325063791
63020.0452 lsst_hardware_z 9.266383702708348 78.52999877929688 30.959999084472656 AB 11.213962117843058 1.2492925350611956
63020.0654 lsst_hardware_r 37.14024735355246 106.66999816894531 31.6299991607666 AB 10.393636539049236 1.1609758770230725
63022.0436 lsst_hardware_i -31.492979303941155 136.55999755859375 31.309999465942383 AB 11.690255790903016 1.2302402852856462
63022.0641 lsst_hardware_r 54.29345290004873 163.0 31.639999389648438 AB 10.894879430186222 1.1459649138565176
63031.0453 lsst_hardware_u 0.6225660954605684 3.869999885559082 29.1299991607666 AB 15.632082949037027 1.1267110463060197
63031.0651 lsst_hardware_g 3.140936541543504 21.81999969482422 32.20000076293945 AB 14.896087672852767 1.0731278490636633
63036.07 lsst_hardware_i -7.986871050142824 44.72904524685098 32.02000045776367 AB 4.040080967439091 1.0380475250357377
63039.9756 lsst_hardware_i 219.19194066052964 48.98434833976644 31.969999313354492 AB 11.127249032794165 1.3348827679325992
63043.953 lsst_hardware_y 160.69061931518598 75.50707381482808 29.950000762939453 AB 10.891515865293707 1.4167211219407585
63043.9735 lsst_hardware_z 187.98116641512343 47.512601734182084 30.93000030517578 AB 9.808533601650248 1.2821612551176795
63045.9535 lsst_hardware_y 46.6332051916717 79.91887123892235 29.959999084472656 AB 5.187050963369379 1.37308328687092
63045.9738 lsst_hardware_z 287.98946528935693 53.48177108395639 30.940000534057617 AB 4.872021858991377 1.2513754774804957
63047.9534 lsst_hardware_y 165.87743330988542 87.95732939379843 29.959999084472656 AB 9.998537737392517 1.3371647165209803
63047.9718 lsst_hardware_r 535.0885124862174 97.90221628317477 31.600000381469727 AB 9.614549314392992 1.234137643847328
63050.9644 lsst_hardware_z 871.8593064195703 132.8583552715019 31.729999542236328 AB 10.095609215116488 1.230321633235141
63052.9571 lsst_hardware_y 219.2824517057691 67.749574753123 30.010000228881836 AB 6.986635528066674 1.2392595500096433
63052.976 lsst_hardware_g 333.88728422922344 46.972608255403685 31.65999984741211 AB 7.556778689634082 1.1583637049155509
63060.9613 lsst_hardware_y 327.2716959260613 60.14604899778914 30.030000686645508 AB 9.71300228164495 1.1334606676885528
63060.981 lsst_hardware_i 1263.306865087036 46.88580143977244 31.25 AB 9.196443205909112 1.0781714649938388
63062.9625 lsst_hardware_y 426.6061682771609 60.80556793732832 30.040000915527344 AB 4.784529207730751 1.1126812111001747
63062.9818 lsst_hardware_i 1214.7962454286537 47.406419094887234 31.260000228881836 AB 4.509252199901028 1.0642558885770659
63065.9646 lsst_hardware_y 481.6825830744089 57.18020191614531 30.030000686645508 AB 2.2647980488018407 1.0848032804703402
63065.9843 lsst_hardware_g 289.70149289105296 22.99035009469547 31.450000762939453 AB 2.176925976868409 1.0441309293904997
63067.9661 lsst_hardware_y 512.9153889284086 55.34802464195015 30.049999237060547 AB 5.776638689178261 1.0686265072167962
63067.9855 lsst_hardware_i 1176.7218485118547 47.11948692938102 31.260000228881836 AB 5.606153486008929 1.0337734622918917
63070.9784 lsst_hardware_r 1088.3977171028787 42.29569262284271 31.530000686645508 AB 5.840436587755196 1.0322288032321514
63070.9998 lsst_hardware_i 1132.1011231655714 46.5545818736368 31.270000457763672 AB 5.7056656915122455 1.0101801218411128
