data/validation/pwv_sim_epoch_fit_epoch/40952852.ecsv
# %ECSV 0.9
# ---
# datatype:
# - {name: time, datatype: float64}
# - {name: band, datatype: string}
# - {name: flux, datatype: float64}
# - {name: fluxerr, datatype: float64}
# - {name: zp, datatype: float64}
# - {name: zpsys, datatype: string}
# - {name: pwv, datatype: float64}
# - {name: airmass, datatype: float64}
# meta: {SNID: '40952852', alt: 1024.0, c: -0.021664315834641457, dec: -0.149208, lat: -30.244573, lon: -70.7499537, ra: 167.34375, t0: 60019.02734375,
#   x0: 1.2676535104883477e-05, x1: 0.9288656115531921, z: 0.41642358899116516}
# schema: astropy-2.0
time band flux fluxerr zp zpsys pwv airmass
59952.3425 lsst_hardware_i 53.48650961988604 77.86000061035156 31.309999465942383 AB 10.243398330418488 1.1641989313250272
59952.3636 lsst_hardware_y 141.4641591777262 82.68000030517578 30.030000686645508 AB 10.148809540712696 1.1543669619767993
59954.3392 lsst_hardware_r -16.96356240358352 80.87000274658203 31.6200008392334 AB 7.932471856653085 1.1622385568098095
59954.3592 lsst_hardware_y -84.15939330412799 83.0 30.030000686645508 AB 7.878669193085692 1.1544119553228198
59956.3521 lsst_hardware_z -2.8156818948294324 83.3499984741211 30.979999542236328 AB 6.176986072556791 1.1543610675680818
59958.3494 lsst_hardware_z -51.240587825578636 83.37000274658203 30.979999542236328 AB 7.955375230188076 1.1545145941642911
59958.3677 lsst_hardware_y -68.58789035802687 82.9800033569336 30.030000686645508 AB 8.014487679102515 1.1644169328187322
59963.3492 lsst_hardware_u -20.903275263253033 22.950000762939453 29.389999389648438 AB 7.133733442474226 1.160271093923699
59963.3694 lsst_hardware_y -167.1556383053152 82.73999786376953 30.030000686645508 AB 7.333110970160322 1.1850534858048354
59965.3229 lsst_hardware_g 82.44785591055918 83.55999755859375 31.68000030517578 AB 13.855065636819111 1.1548775224488752
59965.3419 lsst_hardware_r -177.47813469789358 81.98999786376953 31.6200008392334 AB 13.003838133176485 1.1589873558980825
59967.2672 lsst_hardware_i 138.2335870857413 108.51000213623047 32.04999923706055 AB 11.65795974915069 1.2271536578053357
59967.2901 lsst_hardware_z -1.988993892488768 83.7699966430664 30.979999542236328 AB 11.194204825123006 1.178337350012948
59972.3278 lsst_hardware_u 2.450315993722393 22.889999389648438 29.3799991607666 AB 13.605333931026236 1.1628490539338663
59972.3452 lsst_hardware_r -75.31313649676646 81.80999755859375 31.6200008392334 AB 14.000581970939061 1.1856945104009944
59974.2906 lsst_hardware_g 68.71597340291359 82.29000091552734 31.690000534057617 AB 14.334763322462564 1.157935847797454
59974.3086 lsst_hardware_i 37.89186138996186 75.80999755859375 31.31999969482422 AB 12.930363112889609 1.1550381306317345
59976.2952 lsst_hardware_z -150.7058375354237 82.98999786376953 30.979999542236328 AB 11.308188768685302 1.1544858365171313
59976.3135 lsst_hardware_r 142.50518822048417 82.58999633789062 31.6299991607666 AB 11.417808939328577 1.1601106420776852
59978.2948 lsst_hardware_y 19.872914233996262 83.0 30.040000915527344 AB 10.88118808224411 1.1545027142964572
59978.3119 lsst_hardware_g 29.114621135709214 83.66000366210938 31.68000030517578 AB 10.851064169385932 1.1632787488621281
59980.2892 lsst_hardware_r -104.84511108666275 82.20999908447266 31.6299991607666 AB 6.523997325764969 1.1544854584613289
59980.3068 lsst_hardware_i 40.44352479028201 77.12000274658203 31.309999465942383 AB 7.636769308265276 1.1636095243433302
59982.2944 lsst_hardware_z 12.296548932370296 83.6500015258789 30.979999542236328 AB 4.232409611896725 1.1582949129438218
59982.3127 lsst_hardware_r 42.05230681154996 82.0199966430664 31.6200008392334 AB 4.325646713617312 1.177286987444325
59984.2476 lsst_hardware_z 48.73125347306549 84.66000366210938 30.979999542236328 AB 6.259454593946318 1.172768160244751
59984.2662 lsst_hardware_r -49.76475675414118 82.91999816894531 31.6299991607666 AB 6.1067725957659285 1.1564579536539703
59986.2713 lsst_hardware_i -4.9665328704486225 76.41000366210938 31.31999969482422 AB 4.259605631926227 1.1543646698987107
59986.2894 lsst_hardware_z -37.42474909849791 82.5199966430664 30.979999542236328 AB 4.295347087634557 1.1626853074892782
59988.271 lsst_hardware_r -73.85409157993008 82.18000030517578 31.6299991607666 AB 6.135828063778103 1.1551968490592333
59988.2878 lsst_hardware_z 41.16663202963698 83.56999969482422 30.979999542236328 AB 6.2127517945464295 1.1664401397881088
59990.2701 lsst_hardware_g -1.5026396360878096 83.41999816894531 31.68000030517578 AB 3.7994194227932643 1.1569486671112255
59990.2863 lsst_hardware_r -63.54567202882578 81.83000183105469 31.6200008392334 AB 3.915949435180365 1.1710375105204713
59992.2695 lsst_hardware_i -35.11007785635457 77.21356027550964 31.309999465942383 AB 5.089915096294575 1.159874309827856
59992.2867 lsst_hardware_z 82.70918359562864 83.48797808595195 30.979999542236328 AB 5.15433969397709 1.179257889947094
59996.2693 lsst_hardware_r 279.5396715181384 82.5947024810955 31.6299991607666 AB 6.035648680629862 1.170266346220041
59996.286 lsst_hardware_i 143.6057723094924 77.73808776727246 31.309999465942383 AB 6.138782018814561 1.1978111256223534
59998.2404 lsst_hardware_i 463.0641678680742 80.08218364932013 31.31999969482422 AB 13.471322197205035 1.1545198283563807
59998.258 lsst_hardware_z 350.88942747722393 85.1927299874735 30.979999542236328 AB 12.439061310510388 1.163925079348476
60000.237 lsst_hardware_r 1010.5755476054804 87.87129229652489 31.6299991607666 AB 9.947378076487851 1.154881355629377
60000.2547 lsst_hardware_u -48.351629252150694 22.97112273576288 29.3799991607666 AB 10.269659574464105 1.1660792068200414
60002.2376 lsst_hardware_g 892.3966398975085 88.96297286937141 31.690000534057617 AB 6.680949110711769 1.1570746641343554
60002.2552 lsst_hardware_r 1757.0373799508493 92.01668002270425 31.6200008392334 AB 6.962116559190423 1.1731927022171131
60006.2367 lsst_hardware_r 3084.2571782897326 97.90703192929294 31.6200008392334 AB 6.085180432642417 1.1644421175523683
60006.255 lsst_hardware_g 1614.2751407311484 92.11503975614947 31.670000076293945 AB 6.906651471263106 1.1904598916282285
60009.2326 lsst_hardware_r 3827.1496143813674 103.1226617075182 31.6200008392334 AB 9.207165747881193 1.1688175881704292
60009.2507 lsst_hardware_i 2447.417796857445 91.20726422787455 31.299999237060547 AB 9.330083344176785 1.1982127582418818
60011.2011 lsst_hardware_i 2737.9176816407044 92.58365771506331 31.309999465942383 AB 12.459848558767455 1.154357712450943
60011.2196 lsst_hardware_z 1924.9478754391687 93.54475485317414 30.979999542236328 AB 12.528218695461701 1.1613733929620162
60013.1993 lsst_hardware_r 4763.318548152492 107.5243707202208 31.6299991607666 AB 12.58402470862998 1.154497679690824
60013.2175 lsst_hardware_z 2097.8143242584288 94.66583136802171 30.979999542236328 AB 11.759607886960211 1.1643560401623996
60015.1983 lsst_hardware_g 2800.3855932487277 98.96491340601678 31.68000030517578 AB 9.234151953496156 1.1554967094408002
60015.2171 lsst_hardware_r 5019.426401264831 108.5197358689733 31.6200008392334 AB 8.657011846369986 1.1698664657256737
60019.1936 lsst_hardware_r 5058.202547889026 108.36007400114075 31.6200008392334 AB 9.049652317645595 1.1584172789135116
60019.2129 lsst_hardware_g 2400.830122696685 96.25014411826758 31.65999984741211 AB 9.82681907453636 1.179123959027641
60020.1981 lsst_hardware_r 4987.877421114583 108.22270290788535 31.6200008392334 AB 9.955776698332755 1.1640779536197317
60020.2165 lsst_hardware_i 3431.073939735373 95.9619453641817 31.309999465942383 AB 9.812535862897425 1.1899391678517417
60022.1951 lsst_hardware_z 2363.3197349951397 95.25778780576442 30.979999542236328 AB 7.345496195109881 1.1665690092815875
60022.2133 lsst_hardware_i 3303.359122928593 95.25761401186725 31.309999465942383 AB 8.108476410056634 1.194311066768293
60025.1897 lsst_hardware_u 11.505439082207394 23.244207241092504 29.389999389648438 AB 5.512437800007296 1.1697480742721051
60025.2087 lsst_hardware_g 1749.7282147898156 92.48387340895636 31.670000076293945 AB 6.969083854040589 1.201825195781951
60027.1587 lsst_hardware_g 1478.7421482085774 92.39183077352394 31.690000534057617 AB 6.233406796236658 1.1543345918956773
60027.1775 lsst_hardware_r 4095.4663416483263 104.29617788897173 31.6299991607666 AB 6.863487581327527 1.1627117705111851
60029.1304 lsst_hardware_z 1976.0400647125532 93.39552720389808 30.979999542236328 AB 9.113601907532656 1.1660435322570835
60029.1475 lsst_hardware_u 34.02137431688476 22.994900504765514 29.399999618530273 AB 9.120730643921021 1.155010212400298
60031.1748 lsst_hardware_g 1430.4404535947965 91.15188123394931 31.670000076293945 AB 8.417483802307784 1.171590025374547
60031.1923 lsst_hardware_r 3377.9003052201074 102.02169679711012 31.610000610351562 AB 8.636034104725235 1.2017859872982344
60036.1441 lsst_hardware_r 2819.4650665589884 96.68945450511221 31.6299991607666 AB 9.780270439537503 1.156743990483442
60036.1621 lsst_hardware_i 2392.4840864166067 90.04767322959029 31.309999465942383 AB 9.878160979766907 1.1728300361848292
60038.1443 lsst_hardware_z 1552.3559631283315 91.5182211612783 30.979999542236328 AB 6.833006242820255 1.1601521699257615
60038.1626 lsst_hardware_i 2048.7906071043285 89.38982062574179 31.309999465942383 AB 6.940861575532333 1.1816243744522552
60040.1473 lsst_hardware_z 2556.726037323918 128.52153354854798 31.729999542236328 AB 13.573978005086671 1.1680559336620333
60042.1413 lsst_hardware_r 1813.9941387771155 91.59634383078502 31.6200008392334 AB 8.706844765471757 1.1674503573976611
60042.1587 lsst_hardware_i 1843.418286699263 87.05882218162486 31.309999465942383 AB 8.979550204793183 1.1943273531679435
60046.1266 lsst_hardware_g 383.42674581642365 86.25937566330708 31.68000030517578 AB 7.330662552405346 1.163597230540531
60046.1432 lsst_hardware_r 1313.1139784015134 90.77310646640484 31.6200008392334 AB 7.470236576870806 1.1857518375985407
60051.0795 lsst_hardware_i 1514.1453057272388 85.0268146452734 31.31999969482422 AB 16.93973568214269 1.1584309431814737
60051.0978 lsst_hardware_z 1172.8158073553623 89.39636775695253 30.979999542236328 AB 16.461547519504755 1.1548856461656927
60053.1165 lsst_hardware_i 1490.785313564865 84.36548549044586 31.309999465942383 AB 10.695009549626914 1.1739319880678982
60053.1352 lsst_hardware_u 3.2814702603185157 22.455438406982246 29.34000015258789 AB 11.424917599545934 1.2085383825615839
60056.0856 lsst_hardware_u 11.33202746187801 22.72642397050869 29.3799991607666 AB 10.616854803698175 1.155261676136907
60056.1024 lsst_hardware_g 173.92316716848276 83.73376598740082 31.68000030517578 AB 10.6007624421981 1.1667138941446291
60058.0887 lsst_hardware_r 692.9047639365474 85.32816540038405 31.6200008392334 AB 10.5747515691681 1.1594486671967656
60058.105 lsst_hardware_i 1211.4812954141491 83.105916422145 31.309999465942383 AB 10.595261890893113 1.176989767928584
60060.0936 lsst_hardware_z 1815.78621229461 125.33175154468209 31.729999542236328 AB 11.457279475500867 1.1691101505613128
60062.0839 lsst_hardware_g 139.66932527627816 83.69080941504288 31.68000030517578 AB 2.743654803177805 1.164539390143432
60062.1017 lsst_hardware_r 536.0992557054869 84.12251628535182 31.6200008392334 AB 2.796220367443147 1.1897122539114227
60064.0839 lsst_hardware_i 1010.4924616967373 82.64065815869547 31.309999465942383 AB 12.37079508486581 1.1705899966754516
60064.1009 lsst_hardware_z 687.8578970710337 87.77741535391417 30.979999542236328 AB 12.624855141043488 1.1989985413403759
60066.08 lsst_hardware_i 828.6243136900082 82.34434998401306 31.309999465942383 AB 9.849728003587511 1.1725866670937513
60066.0986 lsst_hardware_z 686.711354929228 87.48665354835634 30.979999542236328 AB 10.837177986995224 1.2059733467235956
60068.035 lsst_hardware_z 809.8098300218384 87.28067891766777 30.979999542236328 AB 12.619619114781683 1.1573385101597289
60068.0525 lsst_hardware_r 394.1264524932503 84.58251342973024 31.6200008392334 AB 12.595952468030426 1.1551680546616312
60070.0767 lsst_hardware_i 600.4184690936487 81.60036480203526 31.309999465942383 AB 4.29249718783075 1.1840827146790722
60070.0936 lsst_hardware_r 457.9345189832772 83.98909410597453 31.610000610351562 AB 4.286751543152844 1.2205722747142989
60072.0556 lsst_hardware_z 1272.7863378333368 121.07012965939073 31.729999542236328 AB 11.977641124315383 1.1635932571142822
60077.0003 lsst_hardware_g 273.27539057662744 84.21086994071528 31.68000030517578 AB 8.241323932767967 1.1650572797692749
60077.0187 lsst_hardware_r 201.0907534726039 84.28478517148385 31.6299991607666 AB 8.173838793757263 1.1545649523287287
60080.0012 lsst_hardware_i 513.6468431489402 79.85811180467913 31.31999969482422 AB 6.067147385290307 1.1579077981373742
60080.0186 lsst_hardware_z 463.47405962136907 86.15145205681826 30.989999771118164 AB 6.112519696843808 1.1548853992430794
60090.9765 lsst_hardware_z 74.23123909652642 165.92999267578125 32.4900016784668 AB 6.73929687941912 1.1555061232358734
60094.9587 lsst_hardware_y -42.03817756370143 82.54000091552734 30.030000686645508 AB 10.522647240318967 1.1588499479991154
60094.9793 lsst_hardware_r 133.0376615525322 83.18000030517578 31.6200008392334 AB 10.496402914178564 1.1553235094442775
60099.9566 lsst_hardware_y 11.910076491609091 82.76000213623047 30.030000686645508 AB 14.20873969189858 1.1544781386876815
60099.9782 lsst_hardware_z 103.40728140734058 83.41000366210938 30.979999542236328 AB 13.653299519625227 1.1627416061225102
60101.9573 lsst_hardware_y 92.80563786671566 84.0199966430664 30.030000686645508 AB 5.186292310089196 1.1546476386097067
60101.9768 lsst_hardware_u 14.058561986714775 23.040000915527344 29.3700008392334 AB 5.11609256006479 1.166725783367113
60317.3362 lsst_hardware_u -1.9727958478357543 2.880000114440918 28.420000076293945 AB 10.224244342421116 1.1720122665264356
60317.3575 lsst_hardware_z 3.211441561769301 50.15999984741211 30.959999084472656 AB 10.159805694165279 1.1552235097974466
60319.337 lsst_hardware_r -15.213700655204022 25.0 31.489999771118164 AB 7.947362773591333 1.164846996324702
60319.3579 lsst_hardware_y 35.67191227078904 53.16999816894531 30.020000457763672 AB 7.867898231371302 1.1542995669175684
60321.3406 lsst_hardware_z -71.99251751331205 43.619998931884766 30.940000534057617 AB 6.140511236671769 1.1577860417330998
60321.36 lsst_hardware_y -119.74817815214217 54.029998779296875 30.020000457763672 AB 6.236228913715999 1.1554277878673416
60323.3401 lsst_hardware_u 0.40929177183915744 2.759999990463257 28.3700008392334 AB 7.929314830579063 1.1555399053598168
60323.3604 lsst_hardware_y -52.495362457223955 54.33000183105469 30.010000228881836 AB 7.951182222289053 1.1581078150637063
60325.3527 lsst_hardware_r 36.75279333666607 25.059999465942383 31.489999771118164 AB 5.133142481604342 1.1568948572468654
60325.3717 lsst_hardware_y 72.31783514348082 79.33999633789062 30.020000457763672 AB 5.285341719043282 1.1746944108112198
60331.3137 lsst_hardware_r 2.0521998681737696 24.440000534057617 31.489999771118164 AB 10.857296348659046 1.1575559836514788
60331.3333 lsst_hardware_i 1.8738874252562334 32.25 31.239999771118164 AB 10.944336946427915 1.1556239846289007
60333.3201 lsst_hardware_z 6.449862572932448 58.630001068115234 30.959999084472656 AB 9.03343153907424 1.1542846331554102
60333.3408 lsst_hardware_r 76.34990831168734 58.06999969482422 31.600000381469727 AB 8.207083792940566 1.1640565630315796
60337.3203 lsst_hardware_z 186.446470720205 85.48999786376953 30.979999542236328 AB 13.53768937211181 1.1570674677018642
60337.3384 lsst_hardware_r -37.73372707908832 120.33999633789062 31.6299991607666 AB 13.877863193648981 1.1739428469380706
60339.2903 lsst_hardware_r 57.10674487647961 97.48999786376953 31.6299991607666 AB 14.332599497649687 1.158462896789117
60339.3077 lsst_hardware_y 109.12668192940602 59.5099983215332 30.020000457763672 AB 12.904404471782957 1.154627399331883
60345.2957 lsst_hardware_i -22.91831275103749 32.88999938964844 31.239999771118164 AB 7.5807914886726575 1.1558433861566453
60345.3148 lsst_hardware_z -30.353386836336586 43.56999969482422 30.940000534057617 AB 7.711524593218629 1.1716081120052704
60349.2451 lsst_hardware_r 14.342998672921599 24.639999389648438 31.479999542236328 AB 6.284579168692257 1.1771814127170754
60349.2641 lsst_hardware_u -2.9135299805709955 2.7899999618530273 28.420000076293945 AB 6.128049022963642 1.1578012450099775
60353.2685 lsst_hardware_z 48.54079740869512 43.16999816894531 30.940000534057617 AB 6.132729117652542 1.1544685064448046
60353.2845 lsst_hardware_r 34.4906508587978 24.59000015258789 31.489999771118164 AB 6.188349401487736 1.1624951912625678
