data/validation/pwv_sim_epoch_fit_epoch/41081640.ecsv
# %ECSV 0.9
# ---
# datatype:
# - {name: time, datatype: float64}
# - {name: band, datatype: string}
# - {name: flux, datatype: float64}
# - {name: fluxerr, datatype: float64}
# - {name: zp, datatype: float64}
# - {name: zpsys, datatype: string}
# - {name: pwv, datatype: float64}
# - {name: airmass, datatype: float64}
# meta: {SNID: '41081640', alt: 1024.0, c: -0.08463035523891449, dec: -18.997131, lat: -30.244573, lon: -70.7499537, ra: 291.445312, t0: 60812.2734375,
#   x0: 4.329779743510834e-06, x1: -0.0824894979596138, z: 0.6503186821937561}
# schema: astropy-2.0
time band flux fluxerr zp zpsys pwv airmass
[from data line 132]
61247.176 lsst_hardware_y -61.52070750977943 56.47999954223633 30.059999465942383 AB 11.061359814512707 1.022574594195588
61250.1475 lsst_hardware_z -11.43306869304803 156.72000122070312 31.760000228881836 AB 4.187613765390223 1.020705337680425
61252.1402 lsst_hardware_r 52.95499818550512 111.05999755859375 31.65999984741211 AB 3.778530448540037 1.0212244455513613
61252.1622 lsst_hardware_i -94.36581003040526 88.44000244140625 31.34000015258789 AB 3.783288227359691 1.0225103317188353
61254.1418 lsst_hardware_z -107.2049823569351 74.70999908447266 31.729999542236328 AB 1.8658249506253137 1.0198551246927103
61254.1635 lsst_hardware_r 13.070370310503161 89.77999877929688 32.400001525878906 AB 1.871464871188506 1.0262099458171299
61257.1158 lsst_hardware_u -0.5397654594816845 2.7300000190734863 28.40999984741211 AB 2.454354454260483 1.0265686110535308
61257.1353 lsst_hardware_g 12.09895195937346 15.4399995803833 31.459999084472656 AB 2.094452437251681 1.0197772152488316
61259.1189 lsst_hardware_r 16.053818747334905 24.389999389648438 31.520000457763672 AB 2.770618817952154 1.0219914488944648
61259.1397 lsst_hardware_z 7.490216886607337 41.43000030517578 30.950000762939453 AB 2.66545137828573 1.021245738806793
61262.13 lsst_hardware_r -11.23522551339613 24.3700008392334 31.530000686645508 AB 4.490194426983366 1.0208080691838508
61262.15 lsst_hardware_u 5.0845065623754975 2.819999933242798 28.479999542236328 AB 4.5450745666438825 1.032971492419064
61265.0974 lsst_hardware_u -4.81210372808668 2.9100000858306885 28.549999237060547 AB 2.5226446229483126 1.024424212364797
61265.1169 lsst_hardware_g 10.021889905931513 15.5 31.489999771118164 AB 2.478397916048792 1.0199168378801615
61267.0911 lsst_hardware_r -24.656175124679457 34.18000030517578 32.27000045776367 AB 3.6911237959988212 1.0249088449449488
61267.11 lsst_hardware_i -35.41955138311253 44.15999984741211 32.0099983215332 AB 3.6719950946690716 1.019809783744419
61269.0794 lsst_hardware_z 21.623854147722483 41.70000076293945 30.959999084472656 AB 4.019339055231737 1.0292801677930186
61269.1001 lsst_hardware_r -19.511808046267536 24.420000076293945 31.530000686645508 AB 4.13475549229474 1.0199199536987518
61273.0859 lsst_hardware_z 54.7764981888454 47.380001068115234 30.969999313354492 AB 2.482957340671885 1.020428373850694
61273.1055 lsst_hardware_g -1.4501053226617449 42.5 31.700000762939453 AB 2.5352484362130316 1.0227931159709658
61275.0598 lsst_hardware_z 102.79879837329696 62.400001525878906 30.989999771118164 AB 2.208111142114557 1.0320687740661636
61275.0779 lsst_hardware_r -42.33322562773553 83.88999938964844 31.65999984741211 AB 2.197857328835497 1.0210719297725885
61277.0647 lsst_hardware_i -165.20800022137678 99.9800033569336 31.350000381469727 AB 4.29986517273393 1.0243871763511194
61277.0833 lsst_hardware_r 21.639063444363494 122.08000183105469 31.670000076293945 AB 4.2783402301142015 1.0198463034379615
61279.0597 lsst_hardware_z -101.45970031650204 115.73999786376953 31.75 AB 1.6464630621533338 1.024132114132283
61285.0472 lsst_hardware_r 9.271160889463928 24.229999542236328 31.520000457763672 AB 1.3759808735980672 1.0222740517073308
61285.0646 lsst_hardware_i -28.56990465538061 31.260000228881836 31.260000228881836 AB 1.476279245957324 1.0202344477935894
61287.0513 lsst_hardware_z -23.499869440192196 41.25 30.950000762939453 AB 1.5896640340072625 1.0198871047950786
61287.0702 lsst_hardware_r -8.543279393519187 24.059999465942383 31.510000228881836 AB 1.6063902449419991 1.0242658309938357
61298.0129 lsst_hardware_i -4.195366443957818 31.850000381469727 31.270000457763672 AB 1.3114867006715465 1.0218049868887045
61298.0307 lsst_hardware_u 4.8245521777977265 3.130000114440918 28.639999389648438 AB 1.3127796502991456 1.020559458641471
61299.9936 lsst_hardware_y 2.2233626444312042 48.060001373291016 30.049999237060547 AB 6.891086311374202 1.0302374073260356
61300.0122 lsst_hardware_g -6.61590062753143 21.719999313354492 31.59000015258789 AB 1.8076788688948258 1.0204227315240337
61304.0064 lsst_hardware_z 42.422023054453355 92.75 31.75 AB 3.9771893209791815 1.0197921335844056
61307.983 lsst_hardware_y 94.80460341290001 77.37000274658203 30.079999923706055 AB 4.589843982412193 1.0228824386016373
61308.0024 lsst_hardware_z 64.06931498624452 63.22999954223633 30.989999771118164 AB 4.467587568936589 1.020346595623293
61309.9836 lsst_hardware_y -5.922807178633238 77.73999786376953 30.06999969482422 AB 2.1506612034978034 1.0207219760314312
61310.0029 lsst_hardware_z 16.18858211022965 56.970001220703125 30.979999542236328 AB 3.184765867750948 1.0221233060447013
