data/validation/pwv_sim_epoch_fit_epoch/41147690.ecsv
# %ECSV 0.9
# ---
# datatype:
# - {name: time, datatype: float64}
# - {name: band, datatype: string}
# - {name: flux, datatype: float64}
# - {name: fluxerr, datatype: float64}
# - {name: zp, datatype: float64}
# - {name: zpsys, datatype: string}
# - {name: pwv, datatype: float64}
# - {name: airmass, datatype: float64}
# meta: {SNID: '41147690', alt: 1024.0, c: -0.023381954059004784, dec: -49.896984, lat: -30.244573, lon: -70.7499537, ra: 6.906977, t0: 62839.27734375,
#   x0: 9.424564304069765e-06, x1: -0.7133938074111938, z: 0.47178909182548523}
# schema: astropy-2.0
time band flux fluxerr zp zpsys pwv airmass
62695.319 lsst_hardware_i 30.69528705759734 81.01000213623047 32.04999923706055 AB 7.10811737411106 1.1652651432968952
62695.35 lsst_hardware_z -79.09801959217471 76.83999633789062 31.719999313354492 AB 6.729039530890243 1.103121234572171
62707.428 lsst_hardware_u -2.2933219618108778 3.5 28.549999237060547 AB 6.7809925220664065 1.0969373594962697
62707.4403 lsst_hardware_g -24.53127765885831 31.530000686645508 31.6200008392334 AB 6.835438773354284 1.116308949227009
62709.4359 lsst_hardware_r -41.043013244038164 26.989999771118164 31.510000228881836 AB 3.441514935394838 1.1181918399463369
62711.2489 lsst_hardware_i -11.694456204447155 31.799999237060547 31.219999313354492 AB 5.1761414145117435 1.2458620221064851
62711.2722 lsst_hardware_z 51.17120892630697 42.77000045776367 30.93000030517578 AB 4.923496951920376 1.1733320773532294
62716.4117 lsst_hardware_r 39.41188300490361 22.309999465942383 31.469999313354492 AB 2.9918553362469535 1.109464277965496
62716.4233 lsst_hardware_g 27.489324332361253 14.359999656677246 31.399999618530273 AB 2.3837245645168355 1.1305309767687148
62722.3915 lsst_hardware_z -2.943456192629899 41.70000076293945 30.940000534057617 AB 4.255557721576895 1.1034289684296184
62722.4023 lsst_hardware_g -3.8487197146091727 13.210000038146973 31.3700008392334 AB 4.302599911424032 1.1216370989113744
62723.4017 lsst_hardware_r -27.29041631684169 22.520000457763672 31.469999313354492 AB 5.853398146489378 1.1256534897094959
62723.4125 lsst_hardware_i -27.672753904157283 31.3700008392334 31.239999771118164 AB 5.97111533109843 1.148291409826621
62725.3891 lsst_hardware_z 33.49325344214685 84.45999908447266 31.719999313354492 AB 3.2827967966382148 1.1127496062272917
62731.3819 lsst_hardware_r 34.681017693642595 50.34000015258789 31.610000610351562 AB 2.724686080193855 1.1296376783556612
62731.3931 lsst_hardware_z 33.132189765965215 49.400001525878906 30.950000762939453 AB 2.8235327979337703 1.1539538715075692
62733.3767 lsst_hardware_r 13.786995620070218 34.7400016784668 31.56999969482422 AB 1.89357586595878 1.1301556943949747
62733.3878 lsst_hardware_i 7.537617832266027 37.029998779296875 31.260000228881836 AB 1.937836907276118 1.1543332284593406
62740.3804 lsst_hardware_z 32.436798986220616 43.369998931884766 30.940000534057617 AB 3.849228739063169 1.1845603136061453
62740.391 lsst_hardware_u 0.3726007050663307 2.630000114440918 28.34000015258789 AB 3.9737220794415733 1.2165076012372795
62742.3626 lsst_hardware_g -21.913687435930008 13.479999542236328 31.360000610351562 AB 8.111467072599163 1.1528520569356402
62742.3742 lsst_hardware_r 40.5708771178392 22.920000076293945 31.469999313354492 AB 8.338589779698586 1.1824991415313522
62751.3513 lsst_hardware_r 23.025887705395373 22.68000030517578 31.459999084472656 AB 2.8001855868966032 1.1871900453207758
62751.3614 lsst_hardware_i -37.09869800368966 31.530000686645508 31.219999313354492 AB 2.7898270772954397 1.2179105401464376
62753.2942 lsst_hardware_r -40.30696638900511 69.31999969482422 31.639999389648438 AB 4.022024387706282 1.086446350001697
62753.3057 lsst_hardware_i 20.774966246038957 58.34000015258789 31.309999465942383 AB 4.026266919840051 1.1016782889018746
62755.3015 lsst_hardware_z 3.563196662122264 68.19999694824219 30.979999542236328 AB 2.6875836270582094 1.103579370541285
62755.3122 lsst_hardware_r 70.69363694382666 98.29000091552734 31.6299991607666 AB 2.6081701383905793 1.1216328003403848
62762.3278 lsst_hardware_r -63.3007716408714 38.45000076293945 31.56999969482422 AB 2.2896903883658486 1.20658197173679
62762.3392 lsst_hardware_i 72.61922998754122 39.220001220703125 31.260000228881836 AB 1.8357904844552042 1.2447443673556846
62764.2825 lsst_hardware_r 39.404658216158815 26.649999618530273 31.510000228881836 AB 7.676595036376492 1.1125500052719552
62764.2946 lsst_hardware_i -7.282706978639869 33.369998931884766 31.239999771118164 AB 7.463804844585973 1.1353233380026833
62765.2905 lsst_hardware_z -14.317006918524765 42.900001525878906 30.940000534057617 AB 4.382344120651878 1.1325105943324985
62765.3016 lsst_hardware_r 19.913964792021154 24.700000762939453 31.5 AB 3.6530485577046967 1.1571265624658527
62767.2858 lsst_hardware_u -0.0005717333964211396 2.609999895095825 28.360000610351562 AB 1.9375510281809503 1.1340655710747352
62767.2979 lsst_hardware_r -16.3450348883679 22.579999923706055 31.469999313354492 AB 2.339301964973797 1.1614242275418107
62772.3003 lsst_hardware_r -16.274544363618276 22.579999923706055 31.450000762939453 AB 4.519389716007005 1.2059745739845908
62772.3127 lsst_hardware_u -2.3897557564103336 2.4800000190734863 28.209999084472656 AB 4.720503799304267 1.2476552925345648
62774.2473 lsst_hardware_r -35.25269406548297 22.18000030517578 31.469999313354492 AB 4.090789281645429 1.1001181340982664
62774.2593 lsst_hardware_u -0.6772783128753597 2.5199999809265137 28.290000915527344 AB 2.7443435700329495 1.1197593621351716
62776.032 lsst_hardware_z 52.43572308622436 45.9900016784668 30.90999984741211 AB 7.123006798192028 1.4309931289477054
62776.0391 lsst_hardware_u -2.032783591415347 3.0199999809265137 28.299999237060547 AB 6.942811805699061 1.3905554906764483
62783.1664 lsst_hardware_z -73.46044047497142 84.63999938964844 31.729999542236328 AB 3.7418963448298608 1.0607284356505011
62785.0654 lsst_hardware_z 96.40393545267544 94.94000244140625 31.719999313354492 AB 3.709420773515672 1.1863819105057642
62785.0759 lsst_hardware_r -25.895170542399814 134.8000030517578 32.380001068115234 AB 3.6764813705209773 1.1587984987983748
62787.2401 lsst_hardware_y 75.56966188199853 75.18000030517578 30.760000228881836 AB 6.713503290977276 1.153721136101955
62789.2402 lsst_hardware_r -62.91996222064153 55.58000183105469 31.610000610351562 AB 7.3977497609981 1.1673898944293173
62789.2509 lsst_hardware_i -9.883438932413576 48.47999954223633 31.290000915527344 AB 7.557060335822552 1.1969368569488228
62794.0296 lsst_hardware_i -66.2160341844423 44.459999084472656 31.979999542236328 AB 3.645804623319309 1.220659453693583
62794.0372 lsst_hardware_u 8.528798664527457 3.740000009536743 29.1299991607666 AB 3.5868847438252573 1.1968916335549493
62796.1851 lsst_hardware_r -4.570875471284027 22.040000915527344 31.479999542236328 AB 3.0586761407638634 1.0970861337032083
62796.1955 lsst_hardware_z -56.85721560692478 41.79999923706055 30.940000534057617 AB 3.1854099338853112 1.1131958531837538
62801.2201 lsst_hardware_r -25.75045013617618 22.540000915527344 31.469999313354492 AB 3.8178774258619876 1.2028599325337075
62801.2308 lsst_hardware_i 30.891760909315522 31.6200008392334 31.229999542236328 AB 3.7574671752870104 1.2379432255297969
62803.1662 lsst_hardware_r -5.5465424122945475 22.329999923706055 31.489999771118164 AB 3.13981187374087 1.0973886667702697
62803.1764 lsst_hardware_i -27.791010514136257 30.84000015258789 31.239999771118164 AB 2.4045607552556008 1.1132225718772728
62807.2063 lsst_hardware_r 9.1438021443406 24.200000762939453 31.479999542236328 AB 4.270779958240395 1.210881757368874
62807.2179 lsst_hardware_z 41.98685382533933 43.630001068115234 30.93000030517578 AB 5.437665506189203 1.2504692436910125
62809.157 lsst_hardware_z -6.762511194070595 48.72999954223633 30.959999084472656 AB 5.651920989006114 1.1082198017659048
62809.1688 lsst_hardware_i 17.559759358520704 44.59000015258789 31.290000915527344 AB 5.235887708209295 1.1293976937465116
62813.1642 lsst_hardware_z 55.98180584595382 59.967970148834475 30.969999313354492 AB 6.7699565211279324 1.14257655556152
62813.1731 lsst_hardware_r 34.51915927716031 81.02868539888021 31.6299991607666 AB 6.02222583419344 1.1634341143092857
62817.0704 lsst_hardware_g -48.2259908512562 55.581619304306386 31.709999084472656 AB 4.794545133342604 1.0609356739833642
62817.0818 lsst_hardware_r 81.36319092618109 61.30861753391259 31.639999389648438 AB 4.798925445223855 1.061415636212199
62819.0795 lsst_hardware_i 252.20371763364705 33.98818243685792 31.25 AB 4.044569657123964 1.0621243847489403
62819.0916 lsst_hardware_z 220.69908948362686 43.16193346626728 30.940000534057617 AB 3.0664847251133924 1.0671601618630215
62825.0729 lsst_hardware_g 433.8053421113866 24.61814462527194 31.389999389648438 AB 7.01351748040262 1.0659111143244693
62825.0866 lsst_hardware_r 1385.7045802292366 43.260298179849364 31.489999771118164 AB 6.220030859514284 1.0753237237678126
62829.0613 lsst_hardware_g 887.9829798661606 32.82618364750748 31.389999389648438 AB 8.031576516125762 1.0655726847858342
62829.0733 lsst_hardware_r 2352.4259936330754 53.328785233004176 31.479999542236328 AB 8.068311515806771 1.0733419603308196
62831.0568 lsst_hardware_i 1769.479604366534 51.7459451922664 31.239999771118164 AB 4.6234995602721565 1.0660593867356691
62831.0683 lsst_hardware_z 1261.8477932254032 55.09584561427141 30.950000762939453 AB 4.707528155950637 1.0737158418498118
62833.1004 lsst_hardware_i 1993.7417461528655 53.96519791725681 31.229999542236328 AB 4.344861350491447 1.123864808714808
62833.1125 lsst_hardware_u -0.7286679839616652 3.367587001138616 28.309999465942383 AB 4.366602604888628 1.1491059486549022
62835.0998 lsst_hardware_g 1258.1326967813081 40.58460050291779 31.489999771118164 AB 5.715111615574161 1.1334259831244256
62835.1121 lsst_hardware_r 3440.0028208934236 62.82012421838327 31.5 AB 5.835703261643732 1.1611414216502682
63048.439 lsst_hardware_r 28.041440270395324 25.399999618530273 31.510000228881836 AB 9.93644324225718 1.0607169955795304
63061.427 lsst_hardware_r -6.757379826061165 23.290000915527344 31.5 AB 7.282943635045539 1.0664729294253241
63061.4395 lsst_hardware_i 19.27342229909325 37.66999816894531 31.280000686645508 AB 7.342922789119999 1.075255936318641
63063.3805 lsst_hardware_z 15.411227163711684 41.2400016784668 30.950000762939453 AB 3.6686194724657595 1.0654267587025439
63063.392 lsst_hardware_i 22.454503498640026 30.149999618530273 31.239999771118164 AB 3.519821405107001 1.0614660449659232
63066.4357 lsst_hardware_u -2.585497013899576 4.980000019073486 28.84000015258789 AB 3.3963044119483277 1.0850812817726285
63068.4301 lsst_hardware_r -13.711783475751021 22.8700008392334 31.489999771118164 AB 6.7861928849847075 1.0849229232589461
63068.4432 lsst_hardware_i -53.90438265334536 51.279998779296875 31.299999237060547 AB 6.878168241264158 1.1020939338670337
63070.4219 lsst_hardware_z 27.424836296172227 41.689998626708984 30.950000762939453 AB 5.517877982516555 1.0819368593169716
63070.4327 lsst_hardware_u -4.752575929101857 4.260000228881836 28.760000228881836 AB 5.5840459009742895 1.094910960975351
63071.3041 lsst_hardware_r 3.1792323892996412 31.399999618530273 32.220001220703125 AB 5.94620211778255 1.1323942330570465
63071.3286 lsst_hardware_g 0.025811552653879053 18.639999389648438 32.13999938964844 AB 5.778077942305287 1.091954633337482
63078.2618 lsst_hardware_r 23.263687472521585 58.25 31.610000610351562 AB 4.2605546458854535 1.1887984688684503
63078.2741 lsst_hardware_y 42.75352711168661 50.560001373291016 30.010000228881836 AB 4.154314014951089 1.1564925574029847
63080.4085 lsst_hardware_z -29.847097094147703 82.45999908447266 31.729999542236328 AB 2.063277266540331 1.099242017336351
63082.3999 lsst_hardware_z 54.68517594615634 63.189998626708984 30.979999542236328 AB 2.2242018310519733 1.0948569190509343
63082.4125 lsst_hardware_r -43.618267627555774 86.77999877929688 31.639999389648438 AB 2.3398232967983095 1.114201569903957
63096.3727 lsst_hardware_g 1.4379276453994383 13.550000190734863 31.399999618530273 AB 4.5593594504552355 1.1115192776844731
63096.3838 lsst_hardware_r 1.890146211910088 22.690000534057617 31.479999542236328 AB 2.7395094568965908 1.1320287011969383
63101.3373 lsst_hardware_r 4.4702831465984785 22.219999313354492 31.479999542236328 AB 2.1868468890737383 1.0819725681901895
63101.3476 lsst_hardware_i -12.864927580824915 30.489999771118164 31.239999771118164 AB 2.208992182563154 1.0942827852855783
63107.3611 lsst_hardware_i 37.65123740947412 30.860000610351562 31.229999542236328 AB 8.040661548090371 1.1477641207751583
63107.3726 lsst_hardware_z -20.14349018270054 42.709999084472656 30.93000030517578 AB 8.277437868256424 1.176217961574899
63111.1159 lsst_hardware_y 49.677908678571924 84.97000122070312 30.65999984741211 AB 4.159721291105451 1.4233028853828988
63114.3607 lsst_hardware_z 68.22610000281708 51.36000061035156 30.950000762939453 AB 1.4861604267721527 1.1965864949856302
63114.3714 lsst_hardware_r -7.466704754351929 55.5099983215332 31.59000015258789 AB 1.5802475497346418 1.2307223907587692
63117.3002 lsst_hardware_z 1.7942358401408245 43.25 30.940000534057617 AB 3.0506099112595653 1.089503539735559
63117.312 lsst_hardware_r -16.601270400460777 31.520000457763672 31.549999237060547 AB 3.0969522142199186 1.1060543622213996
63122.2997 lsst_hardware_r 15.349206266375448 22.399999618530273 31.469999313354492 AB 3.002694535122685 1.1082098302723855
63122.3123 lsst_hardware_u -1.8763349796445037 2.559999942779541 28.309999465942383 AB 3.1255043871211106 1.1309948931142069
63124.2175 lsst_hardware_u 2.182268582624529 2.619999885559082 28.399999618530273 AB 0.643637333627137 1.0638633613671686
63124.229 lsst_hardware_g 13.652995070000191 13.34000015258789 31.399999618530273 AB 0.9216783218104789 1.0609246869760909
63126.2937 lsst_hardware_i 25.49535360505714 30.709999084472656 31.239999771118164 AB 1.2509707987455814 1.1165228400853087
63126.3049 lsst_hardware_z -25.259855213573413 42.20000076293945 30.940000534057617 AB 1.2635719226927775 1.1382676279793806
63133.3179 lsst_hardware_z -58.85416683531037 43.84000015258789 30.93000030517578 AB 5.36914005353559 1.225224977036633
63133.3294 lsst_hardware_i 15.29393919379372 32.20000076293945 31.209999084472656 AB 5.656140097923475 1.26677269830313
63137.3072 lsst_hardware_r -109.34896701274323 71.02999877929688 31.600000381469727 AB 4.651730967748119 1.225967926139362
63137.3186 lsst_hardware_z 89.226932346784 58.83000183105469 30.950000762939453 AB 4.809406018949526 1.2672450096041963
63143.2418 lsst_hardware_i -28.295562726274603 48.400001525878906 31.299999237060547 AB 2.8953466145729645 1.1073129800451151
63143.2542 lsst_hardware_z 6.310124704685861 50.70000076293945 30.959999084472656 AB 3.1326113470364456 1.1294794833373336
63145.2502 lsst_hardware_r -1.3409821030922229 40.79999923706055 31.59000015258789 AB 6.74775490600548 1.1324111442845362
63145.2622 lsst_hardware_z -19.09205022474613 46.43000030517578 30.950000762939453 AB 6.93682158111175 1.1591959194170867
63149.1572 lsst_hardware_r 15.857581730837635 21.8799991607666 31.479999542236328 AB 3.299633348065809 1.061487324454177
63149.1705 lsst_hardware_z 11.280968933533783 41.22999954223633 30.950000762939453 AB 3.686389032626604 1.06103493215771
63151.278 lsst_hardware_g -5.287399586034012 13.1899995803833 31.309999465942383 AB 6.816935639460289 1.2581434299746042
63151.2886 lsst_hardware_r 6.789485473501295 22.979999542236328 31.43000030517578 AB 7.033558217368381 1.3010049881837469
63155.2383 lsst_hardware_z -59.09071416049055 42.58000183105469 30.940000534057617 AB 8.30333637951924 1.1677159764468223
63155.2495 lsst_hardware_r 1.5207374796468545 22.530000686645508 31.459999084472656 AB 8.593105939335652 1.1988150026975999
63157.184 lsst_hardware_z -37.63648060165814 41.41999816894531 30.950000762939453 AB 6.31258344831493 1.0815700245549056
63157.1952 lsst_hardware_r 8.46047783960486 22.149999618530273 31.479999542236328 AB 6.368167852740848 1.094970830102987
63159.2225 lsst_hardware_g 26.311731513060295 13.25 31.360000610351562 AB 1.2719785462444948 1.1556437428023878
63159.2336 lsst_hardware_i 36.82247692229558 31.389999389648438 31.229999542236328 AB 1.3049066616140566 1.1843945192776757
63163.1817 lsst_hardware_r 38.91696154555414 37.90999984741211 31.59000015258789 AB 2.3831685602632566 1.0989940328636085
63163.1929 lsst_hardware_y -20.98086701640639 48.849998474121094 30.020000457763672 AB 2.5479137452707312 1.1169344978185445
63166.2154 lsst_hardware_z 4.649235825923328 57.63999938964844 30.959999084472656 AB 3.7300531406621746 1.1869699731621877
63166.2261 lsst_hardware_r -29.417014505399106 71.20999908447266 31.610000610351562 AB 3.681720912609974 1.2196176936185872
63168.1635 lsst_hardware_z 32.96525925816073 62.2400016784668 30.979999542236328 AB 3.143148864719171 1.0927623819859584
63168.1741 lsst_hardware_r -161.33510528143157 88.08000183105469 31.639999389648438 AB 2.268537719673979 1.1082255591955499
63170.1706 lsst_hardware_z -3.8613764956364647 83.91000366210938 31.719999313354492 AB 3.8306140659441197 1.111450476118996
63181.0728 lsst_hardware_r -66.97020913092902 21.8799991607666 31.469999313354492 AB 3.656442214023745 1.0610172309398747
63181.086 lsst_hardware_i -1.1007337400970714 30.110000610351562 31.239999771118164 AB 2.083257675489201 1.061532573497962
63183.0737 lsst_hardware_z 38.045488885586614 41.060001373291016 30.940000534057617 AB 4.606457872949775 1.0607237057049346
63183.0848 lsst_hardware_u -0.9827312883902579 2.569999933242798 28.3700008392334 AB 3.742404841971111 1.0626297407521614
63186.1519 lsst_hardware_r -31.1307269183502 22.56999969482422 31.459999084472656 AB 6.780045795792851 1.1632906712827311
63186.163 lsst_hardware_i -57.52235704382279 31.579999923706055 31.229999542236328 AB 6.9616674146747455 1.1933434608398963
63187.054 lsst_hardware_r 4.726381241307521 22.020000457763672 31.479999542236328 AB 3.968294718090791 1.0613961131639664
63187.0667 lsst_hardware_i -41.311974913578574 30.06999969482422 31.239999771118164 AB 3.904121653278106 1.0610467871393108
63189.0529 lsst_hardware_z -66.83765643326043 41.27000045776367 30.940000534057617 AB 5.002664196728898 1.06082294328937
63189.0653 lsst_hardware_i -22.586339405246076 30.65999984741211 31.25 AB 5.017555362719716 1.0617853942659035
63193.0571 lsst_hardware_r 82.0697596212424 45.97999954223633 31.6200008392334 AB 7.2384573358867685 1.0625128503705303
63193.0706 lsst_hardware_i -45.160962496930985 42.970001220703125 31.290000915527344 AB 7.294482174647022 1.068879954278928
63197.0536 lsst_hardware_z -31.38728181660171 55.939998626708984 30.969999313354492 AB 3.936097982916458 1.0654420237074234
63197.0649 lsst_hardware_r -127.46248264257858 74.70999908447266 31.639999389648438 AB 3.9224894465868516 1.0725976063952134
63199.0985 lsst_hardware_i 0.8024670502844624 62.58000183105469 31.309999465942383 AB 5.63453376200393 1.124096511123002
63199.1097 lsst_hardware_z 34.60078789727106 58.709999084472656 30.959999084472656 AB 5.74111695916191 1.1473437616151674
63201.1014 lsst_hardware_i -155.68950066039312 53.25 31.299999237060547 AB 10.124988548137942 1.141058063276252
63201.1139 lsst_hardware_z -48.53758724688637 53.72999954223633 30.959999084472656 AB 10.389381878925475 1.170854456678303
