data/validation/pwv_sim_epoch_fit_epoch/41177574.ecsv
# %ECSV 0.9
# ---
# datatype:
# - {name: time, datatype: float64}
# - {name: band, datatype: string}
# - {name: flux, datatype: float64}
# - {name: fluxerr, datatype: float64}
# - {name: zp, datatype: float64}
# - {name: zpsys, datatype: string}
# - {name: pwv, datatype: float64}
# - {name: airmass, datatype: float64}
# meta: {SNID: '41177574', alt: 1024.0, c: -0.06527955085039139, dec: -32.266235, lat: -30.244573, lon: -70.7499537, ra: 36.210938, t0: 60996.40234375,
#   x0: 4.555602112952933e-06, x1: 0.4595862329006195, z: 0.6369647979736328}
# schema: astropy-2.0
time band flux fluxerr zp zpsys pwv airmass
[from data line 132]
61274.3088 lsst_hardware_i -25.180030107409422 30.520000457763672 31.239999771118164 AB 1.9711203450171113 1.0771149426323012
61276.2652 lsst_hardware_i -67.09474715714542 47.25 31.290000915527344 AB 3.3881951436664774 1.1981947285532588
61276.2863 lsst_hardware_z -24.55750850749469 49.08000183105469 30.959999084472656 AB 3.1742911617147613 1.1224509058397318
61278.2629 lsst_hardware_r 66.70032802700499 76.54000091552734 31.6200008392334 AB 2.6271603377030064 1.1852742331166282
61278.2804 lsst_hardware_z -22.83261538773337 56.90999984741211 30.969999313354492 AB 2.491264748737313 1.1237943382019304
61281.2611 lsst_hardware_z 30.602716929379042 67.70999908447266 30.969999313354492 AB 6.978317333123402 1.1609245272206625
61281.2785 lsst_hardware_r -9.623466687955448 96.05000305175781 31.639999389648438 AB 6.6820391214365875 1.1054437721578119
61296.2732 lsst_hardware_r 19.779150643926297 22.059999465942383 31.5 AB 3.6434858173441924 1.0321489567547286
61297.2164 lsst_hardware_r -11.23199565207808 22.56999969482422 31.469999313354492 AB 1.4298032650350856 1.1646510440144602
61299.2677 lsst_hardware_u 6.567917947951455 2.690000057220459 28.469999313354492 AB 4.181492747643186 1.028488828640718
61299.2853 lsst_hardware_r -29.757542934552703 21.969999313354492 31.5 AB 4.033376652728943 1.0102805342062358
61303.2558 lsst_hardware_z 110.36838069432542 42.7599983215332 30.959999084472656 AB 7.1055746640299144 1.0297934295695528
61303.2729 lsst_hardware_i 46.418744632876056 33.36000061035156 31.270000457763672 AB 6.978930828778967 1.0114392505476764
61305.2522 lsst_hardware_z -66.04043283889328 47.16999816894531 30.969999313354492 AB 1.556423787606954 1.027342434063996
61305.2717 lsst_hardware_r 23.809217917507937 47.2400016784668 31.639999389648438 AB 1.662657526631819 1.0082823084482675
61307.1778 lsst_hardware_r -59.067343938798544 74.12999725341797 31.600000381469727 AB 4.662769003990602 1.2100088241833662
61307.1953 lsst_hardware_i 22.606277288477184 59.72999954223633 31.299999237060547 AB 4.406129721860639 1.1428166831437268
61309.1849 lsst_hardware_z 72.08382367987143 100.8499984741211 31.729999542236328 AB 3.932056634509312 1.1600412935245665
61311.2152 lsst_hardware_r 68.08792913249533 94.30000305175781 31.649999618530273 AB 3.983307655359435 1.0611542205418278
61311.236 lsst_hardware_i -162.87728993482438 73.56999969482422 31.329999923706055 AB 3.838824286307952 1.0271101769384403
61313.2115 lsst_hardware_z 33.169974170277904 51.689998626708984 30.969999313354492 AB 3.957553113670684 1.0576743806159414
61313.2336 lsst_hardware_r -66.63919650896997 59.20000076293945 31.649999618530273 AB 3.9749172353665334 1.0233422759517488
61317.2155 lsst_hardware_r -43.58122261748339 22.219999313354492 31.489999771118164 AB 2.691214309775263 1.0326662525917525
61317.2364 lsst_hardware_z -36.97432847092811 40.439998626708984 30.950000762939453 AB 2.6538608457966983 1.010096744149974
61319.2111 lsst_hardware_r -23.943411871169555 22.309999465942383 31.5 AB 4.869241353665419 1.0311819893404106
61319.2313 lsst_hardware_u 3.4947080434456477 2.6500000953674316 28.440000534057617 AB 4.818895655614503 1.0098272539007758
61321.2055 lsst_hardware_g -21.837118637676575 13.550000190734863 31.420000076293945 AB 4.25872037564815 1.0313752675638872
61321.2259 lsst_hardware_r -13.380956819527743 22.059999465942383 31.5 AB 3.3482705193910647 1.009782514016218
61323.1145 lsst_hardware_z 43.706146383437236 44.56999969482422 30.93000030517578 AB 4.126838398974742 1.3089992807066415
61323.1342 lsst_hardware_r 0.20494621151317655 23.1200008392334 31.479999542236328 AB 3.840018438898899 1.2096451217194908
61325.1137 lsst_hardware_u -1.4874393783758169 2.5799999237060547 28.270000457763672 AB 7.414771385314493 1.28285091514832
61325.1351 lsst_hardware_r 34.530834342142846 22.959999084472656 31.469999313354492 AB 7.143463621339979 1.1832150432873199
61326.1111 lsst_hardware_i 12.434425765305951 32.27000045776367 31.209999084472656 AB 6.6742065729034605 1.2821451489584978
61326.1301 lsst_hardware_z 2.4404487197043587 43.20000076293945 30.93000030517578 AB 7.02500943618798 1.1923636949682568
61328.1139 lsst_hardware_r -10.817087111703504 23.3700008392334 31.469999313354492 AB 7.688224228908513 1.240036165952986
61328.1324 lsst_hardware_u -3.5265613786600563 2.6500000953674316 28.3700008392334 AB 7.154533622787859 1.1623150812083438
61330.1077 lsst_hardware_g 9.394753633230422 19.06999969482422 31.479999542236328 AB 8.571007708880012 1.2436018681646834
61330.1278 lsst_hardware_r 47.05396729767674 25.690000534057617 31.510000228881836 AB 7.418827895088689 1.1591918586076075
61337.1129 lsst_hardware_r 49.3814402927808 87.83999633789062 31.6299991607666 AB 3.5478772618575816 1.1444765360830909
61337.1321 lsst_hardware_i -23.460342772302305 69.01000213623047 31.31999969482422 AB 3.115177972776966 1.088366834754696
61340.1134 lsst_hardware_z 3.861778757697442 65.95999908447266 30.979999542236328 AB 4.739423195733507 1.1169542862799964
61340.1334 lsst_hardware_i 71.77015806063119 72.5999984741211 31.329999923706055 AB 3.8262681444042252 1.0665555803217353
61342.1175 lsst_hardware_u -4.179089360662793 6.429999828338623 29.06999969482422 AB 3.270791068138606 1.0907484664757467
61342.1372 lsst_hardware_g -14.77851598374022 43.369998931884766 31.709999084472656 AB 3.034387220462578 1.0486305335085515
61343.1132 lsst_hardware_r -64.44995038865864 22.610000610351562 31.510000228881836 AB 6.568649238587257 1.0947748730978761
61345.154 lsst_hardware_u 1.7329051336574264 3.9600000381469727 29.31999969482422 AB 4.68775285718112 1.0151228780325443
61345.1652 lsst_hardware_g 15.225452340677949 13.520000457763672 31.440000534057617 AB 4.639486737054859 1.0065600123783391
61358.0241 lsst_hardware_y -68.84635364634984 51.40999984741211 29.969999313354492 AB 7.88670976125647 1.28013684749192
61358.0409 lsst_hardware_z 27.582142519240637 43.02000045776367 30.93000030517578 AB 7.304244677521613 1.1999580550380162
61360.0264 lsst_hardware_y -40.0994095777586 51.29999923706055 29.989999771118164 AB 8.022863960185239 1.2406490660080267
61360.0449 lsst_hardware_z -37.023204663174575 43.11000061035156 30.940000534057617 AB 6.950921890236454 1.1627828182290174
61362.0264 lsst_hardware_y -35.6040414484785 52.59000015258789 29.989999771118164 AB 9.204823603093457 1.2154256518169178
61362.0447 lsst_hardware_r -55.515540681205664 36.75 31.56999969482422 AB 7.53274934463639 1.1442730281993605
61363.0359 lsst_hardware_z 93.72045013451827 69.43000030517578 31.700000762939453 AB 6.553902871271263 1.1657600269070194
61365.0277 lsst_hardware_y -67.6021449739871 55.88999938964844 30.010000228881836 AB 5.37749463232505 1.176115617546077
61365.0457 lsst_hardware_z -23.947276504513027 55.45000076293945 30.969999313354492 AB 4.3169718558048995 1.115304475319842
61367.0271 lsst_hardware_y -72.87240004984969 60.0099983215332 30.020000457763672 AB 8.8458529181557 1.1580236188061004
61367.0429 lsst_hardware_i -21.141355838439022 69.37999725341797 31.31999969482422 AB 7.5507890235819595 1.1076681289330428
61369.0292 lsst_hardware_y -80.30927612056274 56.349998474121094 30.030000686645508 AB 7.07857144356971 1.1323902485314261
61369.0468 lsst_hardware_i -40.348093439932235 60.459999084472656 31.31999969482422 AB 5.600430670578049 1.0832903711747524
61371.0293 lsst_hardware_y 51.082585048037735 53.970001220703125 30.030000686645508 AB 5.415879830478805 1.1153539268864345
61371.0455 lsst_hardware_g -15.597353134558452 13.369999885559082 31.399999618530273 AB 3.944886878278875 1.073633369757473
61373.0291 lsst_hardware_y -44.06558515810619 53.400001525878906 30.040000915527344 AB 6.80550438269255 1.1005613254314233
61373.0447 lsst_hardware_i 6.557562506173079 30.1200008392334 31.239999771118164 AB 5.83188840405756 1.063630932711574
61375.0298 lsst_hardware_z -29.224841691681135 48.709999084472656 30.959999084472656 AB 8.152138767976897 1.0847822711878772
61375.0458 lsst_hardware_u 5.097374343171897 2.819999933242798 28.489999771118164 AB 8.733206323297525 1.0509484333778285
61378.0337 lsst_hardware_y -123.3083059326763 52.220001220703125 30.049999237060547 AB 4.636988271074098 1.0583106860831772
61378.0553 lsst_hardware_r -44.338017869964105 21.8700008392334 31.489999771118164 AB 3.5306983552462996 1.0243310348377288
61380.0359 lsst_hardware_y 21.808435176589022 52.13999938964844 30.049999237060547 AB 3.388557983905436 1.0444006731100126
61380.0574 lsst_hardware_z -25.488819362492364 40.43000030517578 30.950000762939453 AB 3.2963404198673882 1.0161084291503057
