data/validation/pwv_sim_epoch_fit_epoch/41222384.ecsv
# %ECSV 0.9
# ---
# datatype:
# - {name: time, datatype: float64}
# - {name: band, datatype: string}
# - {name: flux, datatype: float64}
# - {name: fluxerr, datatype: float64}
# - {name: zp, datatype: float64}
# - {name: zpsys, datatype: string}
# - {name: pwv, datatype: float64}
# - {name: airmass, datatype: float64}
# meta: {SNID: '41222384', alt: 1024.0, c: 0.009163579903542995, dec: -42.010422, lat: -30.244573, lon: -70.7499537, ra: 87.0, t0: 60323.765625,
#   x0: 2.886671116455347e-06, x1: 1.0645289421081543, z: 0.7676761746406555}
# schema: astropy-2.0
time band flux fluxerr zp zpsys pwv airmass
[from data line 132]
60671.1964 lsst_hardware_i -3.4878843697448123 29.549999237060547 31.25 AB 6.321661866807506 1.0295866232585515
60671.2086 lsst_hardware_z 10.79026392001244 40.70000076293945 30.950000762939453 AB 6.333498375013174 1.039769895343753
60673.1968 lsst_hardware_i 16.558690159707623 29.549999237060547 31.25 AB 9.615805747277454 1.0339576072341348
60673.2091 lsst_hardware_u -1.9349102331812416 2.5999999046325684 28.420000076293945 AB 9.409470185192845 1.0462910934442153
60675.1947 lsst_hardware_g 4.950245876085759 12.8100004196167 31.399999618530273 AB 7.206992973339246 1.0368981469350629
60675.209 lsst_hardware_r 6.90590334453733 21.579999923706055 31.489999771118164 AB 7.361805998934199 1.0530522484109721
60677.1862 lsst_hardware_r -19.843441926359855 21.350000381469727 31.479999542236328 AB 4.915334444587668 1.0342266330314906
60677.2003 lsst_hardware_i -44.388342005354396 29.559999465942383 31.239999771118164 AB 5.045042273549319 1.0488653375362402
60679.1793 lsst_hardware_z -46.53559305265329 40.369998931884766 30.950000762939453 AB 2.6249865922987614 1.0330525746945118
60679.193 lsst_hardware_u -0.35752094894678527 2.5799999237060547 28.399999618530273 AB 2.691578631967571 1.046628113532432
60685.1567 lsst_hardware_i 34.90590342230972 45.380001068115234 31.309999465942383 AB 8.37828941534332 1.028642039943927
60685.1691 lsst_hardware_z 27.199388039159565 48.06999969482422 30.959999084472656 AB 7.923869007393305 1.038514941991259
60687.15 lsst_hardware_z 91.66736567092032 55.0099983215332 30.979999542236328 AB 7.4008130171888755 1.0278906968317882
60687.1633 lsst_hardware_r -41.06873359450756 71.80999755859375 31.649999618530273 AB 7.430313074230336 1.0381882177211534
60689.1002 lsst_hardware_g 21.048591876339284 88.2300033569336 31.739999771118164 AB 6.9561947611588755 1.0281103696658107
60689.1137 lsst_hardware_r 71.44912547858448 79.38999938964844 31.65999984741211 AB 7.0148833246107 1.0224783778948645
60691.1025 lsst_hardware_i 9.65580488167512 50.09000015258789 31.31999969482422 AB 3.7928813006120414 1.024272562952212
60693.1086 lsst_hardware_r -27.364764911396936 34.38999938964844 31.59000015258789 AB 3.9894420244878517 1.0215586772902814
60693.122 lsst_hardware_g 6.881532519275491 33.380001068115234 31.68000030517578 AB 4.060782611212708 1.0228671564767526
60696.1069 lsst_hardware_r 8.264025440896074 21.229999542236328 31.479999542236328 AB 12.949757734241578 1.0215965394636777
60696.119 lsst_hardware_i -0.5803543356057288 29.329999923706055 31.25 AB 12.94252522178965 1.0246635438041007
60700.0904 lsst_hardware_u 0.4078163257708061 2.5899999141693115 28.43000030517578 AB 8.096224014707579 1.0214981408526016
60700.104 lsst_hardware_g 3.6152827164410595 12.710000038146973 31.399999618530273 AB 8.086213339747195 1.0231935474979224
60702.0988 lsst_hardware_r 14.883343450424029 21.350000381469727 31.489999771118164 AB 11.691257291955486 1.0232749409460398
60702.1109 lsst_hardware_i 33.0276311787494 29.549999237060547 31.260000228881836 AB 11.65077579467927 1.0290386676098984
60704.0904 lsst_hardware_z 46.24965877752505 40.369998931884766 30.950000762939453 AB 11.768640083395196 1.0224709021194784
60704.1019 lsst_hardware_u 1.1690909357235983 2.690000057220459 28.5 AB 11.945393321211974 1.026942341919874
60706.0869 lsst_hardware_g 26.926231896849703 12.729999542236328 31.399999618530273 AB 9.099770059747648 1.0229824694312728
60706.0998 lsst_hardware_r 21.137237104550493 21.3799991607666 31.489999771118164 AB 9.13566334140145 1.0289260985566553
60708.0856 lsst_hardware_i 16.921553058994025 29.559999465942383 31.260000228881836 AB 6.287309331117275 1.0244088523205337
60708.099 lsst_hardware_z -49.70872866528325 40.56999969482422 30.959999084472656 AB 6.271421695571825 1.0321911993809065
60710.0875 lsst_hardware_i -36.80983618091141 30.600000381469727 31.260000228881836 AB 10.79480579936576 1.028076742796739
60710.1017 lsst_hardware_z -14.355013902365748 41.02000045776367 30.959999084472656 AB 10.88724235935032 1.0393714165078523
60712.0707 lsst_hardware_z -46.26111505086405 61.0 31.709999084472656 AB 4.850559619302909 1.023037040066688
60712.0832 lsst_hardware_g -12.271115728795552 31.81999969482422 31.670000076293945 AB 4.87783913725833 1.028790594191144
60715.0699 lsst_hardware_r -101.93758365574044 56.2400016784668 31.639999389648438 AB 6.1785713378303395 1.0259289052562675
60715.0826 lsst_hardware_i 56.59212109266296 48.2400016784668 31.309999465942383 AB 6.169686840478352 1.034372444474967
60717.0673 lsst_hardware_z 6.884939351462368 78.38999938964844 31.729999542236328 AB 1.0495350083620798 1.0274449421067968
60719.0653 lsst_hardware_g 98.62665998628496 84.6500015258789 31.729999542236328 AB 2.5476038370055774 1.0295775450128626
60719.0782 lsst_hardware_r 88.0702674468406 76.55000305175781 31.649999618530273 AB 2.5862395974425314 1.0404611495678628
60721.0538 lsst_hardware_i 27.575921272940462 43.95000076293945 31.299999237060547 AB 1.7542380259859085 1.0260702043200869
60721.0656 lsst_hardware_z -12.664409515802832 48.68000030517578 30.969999313354492 AB 1.7824617654113188 1.0338605628563886
60723.0601 lsst_hardware_i -11.083969475015516 29.3799991607666 31.229999542236328 AB 1.2722989490558816 1.0338290485286905
60723.0738 lsst_hardware_u -0.3345262080667701 4.349999904632568 28.760000228881836 AB 1.2210100364962093 1.0477774912724094
