data/validation/pwv_sim_epoch_fit_epoch/41348869.ecsv
# %ECSV 0.9
# ---
# datatype:
# - {name: time, datatype: float64}
# - {name: band, datatype: string}
# - {name: flux, datatype: float64}
# - {name: fluxerr, datatype: float64}
# - {name: zp, datatype: float64}
# - {name: zpsys, datatype: string}
# - {name: pwv, datatype: float64}
# - {name: airmass, datatype: float64}
# meta: {SNID: '41348869', alt: 1024.0, c: -0.10168652981519699, dec: -43.406857, lat: -30.244573, lon: -70.7499537, ra: 88.004028, t0: 62028.0390625,
#   x0: 0.00014649540160090562, x1: 0.47619912028312683, z: 0.14169541001319885}
# schema: astropy-2.0
time band flux fluxerr zp zpsys pwv airmass
62075.3545 lsst_hardware_g 2250.7226846923418 49.41099885507076 31.450000762939453 AB 5.253751083129085 1.0348140797969232
62075.3673 lsst_hardware_r 5988.932155400291 84.65060473725924 31.579999923706055 AB 5.308943673318499 1.0453763263401592
62077.3473 lsst_hardware_i 4558.897183213973 89.65643154110052 31.329999923706055 AB 5.044414647724573 1.033726831051156
62077.3596 lsst_hardware_z 3429.2494543687885 82.45512324084217 30.979999542236328 AB 5.097504928294245 1.0431989893672875
62079.3555 lsst_hardware_r 6029.210816459538 105.16510463960275 31.649999618530273 AB 4.566229192653807 1.0445053433443705
62079.3654 lsst_hardware_z 3092.072482191105 91.1819264150859 30.989999771118164 AB 4.57781265983941 1.0556063012696564
62081.351 lsst_hardware_r 5559.137983783879 93.29403560579475 31.639999389648438 AB 5.2699858796453976 1.0454592586499964
62081.3622 lsst_hardware_i 3854.761201946129 86.38991638994149 31.31999969482422 AB 5.381812004368142 1.058543583878343
62083.3532 lsst_hardware_z 2828.5071387722696 71.63471972911164 30.969999313354492 AB 8.461961975290157 1.0540122867291042
62086.3496 lsst_hardware_z 42.972631038300676 43.119998931884766 30.959999084472656 AB 3.8397122651365767 1.0599619779533247
62086.3608 lsst_hardware_g 19.62033394567157 35.54999923706055 31.670000076293945 AB 3.958091622754139 1.077178288951822
62088.3438 lsst_hardware_r -32.491882540984925 22.290000915527344 31.489999771118164 AB 6.184305471647349 1.0595006804261347
62088.3546 lsst_hardware_i 7.984736043721322 36.83000183105469 31.270000457763672 AB 6.248136204257543 1.0759199628493286
62091.3386 lsst_hardware_r 33.79316202171841 21.6200008392334 31.469999313354492 AB 3.40158334685188 1.0636873006442016
62091.3502 lsst_hardware_g -1.8109582259864263 18.3799991607666 31.510000228881836 AB 3.4552578723201055 1.08255905767059
62096.3338 lsst_hardware_u 1.9163473812059082 2.6700000762939453 28.3799991607666 AB 5.119075638260926 1.0777001343708386
62096.3459 lsst_hardware_g -1.968229193101051 16.610000610351562 31.469999313354492 AB 5.291626696215444 1.1009886494077532
62098.3222 lsst_hardware_g 3.951461764113512 12.739999771118164 31.3700008392334 AB 10.003834352234406 1.0677210422905656
62098.3343 lsst_hardware_r 22.248236185033672 21.93000030517578 31.479999542236328 AB 9.111025789783353 1.0885552228977102
62100.3314 lsst_hardware_i 38.068102465997235 30.010000228881836 31.229999542236328 AB 5.67788464319811 1.0935833288132824
62100.3434 lsst_hardware_z 36.34028453385682 44.59000015258789 30.940000534057617 AB 5.713136141166188 1.120222772777684
62103.3168 lsst_hardware_r 5.828245604371073 21.520000457763672 31.459999084472656 AB 4.8504106058861565 1.0814136571843613
62103.3275 lsst_hardware_g -11.512349681823466 12.770000457763672 31.350000381469727 AB 4.9602212999461495 1.1025164036333104
62110.3051 lsst_hardware_r -13.36217243773394 61.380001068115234 31.6299991607666 AB 4.760454093917025 1.0956165923859664
62110.3168 lsst_hardware_z 109.7735588275142 52.56999969482422 30.969999313354492 AB 4.886931351760803 1.1219494580177474
62112.2971 lsst_hardware_y 40.388962751512985 69.23999786376953 30.790000915527344 AB 6.027613371962317 1.090543082102762
62114.2211 lsst_hardware_g -19.308042776331067 19.770000457763672 31.56999969482422 AB 9.558602592765297 1.027033694290934
62114.2331 lsst_hardware_r -12.453785889835382 27.610000610351562 31.559999465942383 AB 9.662080600700651 1.0281361260633217
62116.2272 lsst_hardware_i -33.51389625490849 29.350000381469727 31.239999771118164 AB 12.858081590009443 1.0280297093751558
62116.2405 lsst_hardware_z 18.199384112577025 40.38999938964844 30.940000534057617 AB 12.938214922882374 1.0335482134389433
62118.2192 lsst_hardware_r -31.9575752161663 21.200000762939453 31.479999542236328 AB 8.042839439472768 1.027510627847048
62118.2313 lsst_hardware_u 0.8381811267341822 2.5 28.350000381469727 AB 7.9891238148820936 1.0315201826832916
62120.2173 lsst_hardware_g -9.288899054287224 12.630000114440918 31.3799991607666 AB 10.685682036053324 1.0282886675149605
62120.2291 lsst_hardware_i -21.836271560945296 29.520000457763672 31.25 AB 10.730778063734421 1.0332693084524134
62122.2181 lsst_hardware_z -109.12133837684625 40.45000076293945 30.950000762939453 AB 4.939727392805592 1.0304695207856238
62122.2303 lsst_hardware_r 12.078661158818573 21.459999084472656 31.489999771118164 AB 4.987706011726065 1.0377361838669945
62124.2183 lsst_hardware_u 0.32212897300008225 2.759999990463257 28.559999465942383 AB 5.154565854057077 1.0333415233912566
62124.2303 lsst_hardware_g -12.788952169169734 12.819999694824219 31.40999984741211 AB 5.128417074349265 1.042308231156804
62126.2 lsst_hardware_g 22.420987868619505 18.1200008392334 32.16999816894531 AB 3.7010109139067695 1.0280585871963248
62126.2143 lsst_hardware_r -43.57480813722261 30.399999618530273 32.25 AB 4.932382715469693 1.0342231798992891
62128.1962 lsst_hardware_i 12.967660149833847 29.3700008392334 31.25 AB 6.724564129922834 1.0284960241536854
62128.2093 lsst_hardware_z -23.099288978395062 40.36000061035156 30.950000762939453 AB 7.333495834539995 1.0345137894632397
62129.2011 lsst_hardware_r 22.85869291607179 21.329999923706055 31.489999771118164 AB 6.822566797629285 1.0314431694053723
62129.214 lsst_hardware_z -35.578864406710444 40.59000015258789 30.950000762939453 AB 6.879966090551977 1.0399898354427628
62133.1954 lsst_hardware_z -30.890875768469673 49.15999984741211 30.969999313354492 AB 7.290680850920062 1.034359204216463
62133.2075 lsst_hardware_r -14.532184429541276 54.099998474121094 31.639999389648438 AB 7.31200496340896 1.0439755801554769
62135.201 lsst_hardware_y 72.16931054520919 73.08999633789062 30.799999237060547 AB 6.846713674884549 1.0429908865693578
62137.1377 lsst_hardware_z -13.212669295403053 84.45999908447266 31.739999771118164 AB 7.200322942382285 1.0340114098590412
62137.1914 lsst_hardware_r 35.81434972298433 86.54000091552734 31.65999984741211 AB 7.278660515024847 1.0393661719760512
62137.2053 lsst_hardware_i 112.41971350144404 67.66000366210938 31.329999923706055 AB 7.377188815543208 1.0534649879359723
62139.1848 lsst_hardware_i 8.797269836058009 52.16999816894531 31.31999969482422 AB 3.9251780893836488 1.0384526891089505
62139.1979 lsst_hardware_z 8.386781049177596 51.970001220703125 30.969999313354492 AB 3.976387110897056 1.0511663508561633
62141.1847 lsst_hardware_r -5.097746798898026 44.09000015258789 31.6200008392334 AB 11.734367803445913 1.0430703687562108
62141.1965 lsst_hardware_z 84.81616485843058 46.290000915527344 30.959999084472656 AB 12.078981770853828 1.0561089222368845
62143.1374 lsst_hardware_u -0.4438719047335073 2.609999895095825 28.440000534057617 AB 8.197424716708007 1.027611062830329
62143.1506 lsst_hardware_g -6.505230737442497 12.649999618530273 31.389999389648438 AB 8.168849128518579 1.027463571916053
62145.163 lsst_hardware_z -46.66340712155352 40.5 30.950000762939453 AB 6.621410214013763 1.0345953459396504
62145.1775 lsst_hardware_r 17.04075582976528 21.43000030517578 31.489999771118164 AB 7.851687415381655 1.046752088439096
62147.1571 lsst_hardware_u 0.8582068749256626 2.5199999809265137 28.360000610351562 AB 5.00377432241898 1.0343184998023813
62147.1699 lsst_hardware_g -9.495352576809344 12.630000114440918 31.3799991607666 AB 7.1263670513993285 1.0445899960519867
62149.1589 lsst_hardware_r 14.600751394573905 21.469999313354492 31.489999771118164 AB 5.081512077621696 1.039589213916059
62149.1712 lsst_hardware_i -36.812259457924526 29.770000457763672 31.25 AB 5.429519410397784 1.0518757030847647
62151.1544 lsst_hardware_z 42.709000815226574 40.630001068115234 30.950000762939453 AB 5.727381175546048 1.0403962171745773
62151.1679 lsst_hardware_r -5.969794930789007 21.479999542236328 31.489999771118164 AB 6.379102372027286 1.054484233742836
62153.1028 lsst_hardware_z -76.32286035032638 40.38999938964844 30.950000762939453 AB 2.0042430052340845 1.0296650425040044
62153.1164 lsst_hardware_r -33.32672032483788 21.270000457763672 31.479999542236328 AB 1.9861652736995827 1.0269727371766197
62157.1047 lsst_hardware_r 6.486590092728658 22.520000457763672 31.5 AB 13.028479351323313 1.0269966381304834
62157.1181 lsst_hardware_z -3.730467198857694 40.56999969482422 30.950000762939453 AB 12.969787213385631 1.0288310542361463
62159.099 lsst_hardware_r -25.123413059775526 30.09000015258789 31.56999969482422 AB 8.525274676062178 1.0270074800753395
62159.1136 lsst_hardware_y 42.080967432714424 46.95000076293945 30.049999237060547 AB 8.814201632718985 1.0291454107772107
62161.0916 lsst_hardware_z -44.723091382473456 45.38999938964844 30.959999084472656 AB 8.227610713059198 1.0271460077475447
62161.1059 lsst_hardware_r -7.32817287686968 42.560001373291016 31.6200008392334 AB 8.08252945164873 1.0284533854304003
62164.0979 lsst_hardware_i 8.015859831474906 56.91999816894531 31.329999923706055 AB 12.697451123755199 1.02850845439676
62164.1103 lsst_hardware_z 99.05841359158623 54.36000061035156 30.979999542236328 AB 12.67558800431158 1.0340876591798316
62166.089 lsst_hardware_r 61.943057474762725 82.95999908447266 31.65999984741211 AB 12.963139676159514 1.0276855332662496
62166.1014 lsst_hardware_z 22.427074466539622 59.59000015258789 30.989999771118164 AB 12.908486294337246 1.032128435048287
62168.0888 lsst_hardware_g -6.930916253409509 70.44999694824219 31.729999542236328 AB 7.842218267097088 1.0290724696566944
62168.1019 lsst_hardware_i -48.79176111560373 54.08000183105469 31.329999923706055 AB 7.883283564150572 1.0357296440593728
62170.0933 lsst_hardware_z 41.19878499720943 44.470001220703125 30.969999313354492 AB 7.542066272049324 1.0337143817412544
62170.1074 lsst_hardware_r -46.71572534015576 38.95000076293945 31.610000610351562 AB 7.616158553823423 1.0448958195191471
62172.0879 lsst_hardware_u -2.562684681536478 2.759999990463257 28.549999237060547 AB 6.375147189075908 1.0337517738083242
62172.1006 lsst_hardware_g 6.977968291143095 12.850000381469727 31.40999984741211 AB 6.418644540415766 1.0435971937916861
62174.0729 lsst_hardware_g -27.781777573034336 12.739999771118164 31.399999618530273 AB 6.360522171592117 1.0292384646174964
62174.0865 lsst_hardware_r 29.35806436804513 21.440000534057617 31.489999771118164 AB 5.718524862782866 1.0364183950309525
62178.0678 lsst_hardware_r 42.30817836741888 30.170000076293945 32.2400016784668 AB 1.0591312160329276 1.0317050566113557
62178.0795 lsst_hardware_u -3.2737549574034803 3.7300000190734863 29.209999084472656 AB 1.0633295338180486 1.039422809206317
62180.0692 lsst_hardware_g -16.474125768372836 12.630000114440918 31.3799991607666 AB 2.5630355302245094 1.035779159516876
62180.0795 lsst_hardware_i 71.58718871864518 29.610000610351562 31.25 AB 2.586771210289607 1.0443161930922866
62182.0573 lsst_hardware_z -34.726567338792975 40.41999816894531 30.950000762939453 AB 1.775762284782309 1.0319199717863297
62182.0686 lsst_hardware_r 46.27550105812418 21.3799991607666 31.479999542236328 AB 1.769563501546681 1.0394420685574512
62184.0561 lsst_hardware_u 1.9544964187344789 2.4600000381469727 28.309999465942383 AB 1.1552817592334672 1.0343491092144748
62184.0683 lsst_hardware_g -1.7220640015568613 12.59000015258789 31.360000610351562 AB 1.1770773839991768 1.0440482377108524
62186.0568 lsst_hardware_r 23.180052821225498 22.25 31.5 AB 3.0286879781649514 1.0387337659830065
62186.0691 lsst_hardware_i 46.8793893376626 30.06999969482422 31.25 AB 3.054759559257414 1.050648171713642
62188.0517 lsst_hardware_z -14.602261378752262 59.11000061035156 31.709999084472656 AB 3.4047075492726 1.0390237167812217
62188.0651 lsst_hardware_r 6.974884819774142 27.510000228881836 31.549999237060547 AB 3.3769961838397795 1.0523515686630662
62190.0506 lsst_hardware_z 12.29336765516625 44.599998474121094 30.959999084472656 AB 7.353335197911481 1.0428043959315723
62190.063 lsst_hardware_r 49.66104749998732 39.34000015258789 31.610000610351562 AB 7.56406012119233 1.0565067562249222
