data/validation/pwv_sim_epoch_fit_epoch/41354328.ecsv
# %ECSV 0.9
# ---
# datatype:
# - {name: time, datatype: float64}
# - {name: band, datatype: string}
# - {name: flux, datatype: float64}
# - {name: fluxerr, datatype: float64}
# - {name: zp, datatype: float64}
# - {name: zpsys, datatype: string}
# - {name: pwv, datatype: float64}
# - {name: airmass, datatype: float64}
# meta: {SNID: '41354328', alt: 1024.0, c: -0.07868201285600662, dec: -35.501846, lat: -30.244573, lon: -70.7499537, ra: 323.085938, t0: 61667.0546875,
#   x0: 1.624621172481912e-05, x1: -1.2113044261932373, z: 0.37485170364379883}
# schema: astropy-2.0
time band flux fluxerr zp zpsys pwv airmass
61527.3643 lsst_hardware_z -29.487927922524896 44.47999954223633 30.93000030517578 AB 11.124854219586613 1.240286622706813
61527.383 lsst_hardware_u 5.364108039176012 2.9700000286102295 28.450000762939453 AB 12.01740649284512 1.1638383148314995
61529.3573 lsst_hardware_g -4.221462759089224 15.279999732971191 31.389999389648438 AB 10.359809649411766 1.2475435603907798
61529.3772 lsst_hardware_r -24.133209286067625 24.549999237060547 31.479999542236328 AB 10.473810693592554 1.1650512451159682
61531.3566 lsst_hardware_i -6.9207121339045115 32.790000915527344 31.239999771118164 AB 3.781029328750143 1.225617286466821
61531.3759 lsst_hardware_z 71.50394661333662 43.130001068115234 30.950000762939453 AB 3.0321629180984426 1.1506167984435793
61534.3631 lsst_hardware_i -30.09221921402713 32.540000915527344 31.239999771118164 AB 9.0133683143071 1.1666658012888198
61534.3801 lsst_hardware_u -6.09818224059775 2.8399999141693115 28.479999542236328 AB 8.557790350457543 1.1126054626813706
61536.3605 lsst_hardware_g 8.83127065843468 14.949999809265137 31.420000076293945 AB 7.884700634061692 1.1565808257085353
61536.3804 lsst_hardware_r -8.322560453578783 24.010000228881836 31.510000228881836 AB 8.339316286721893 1.0972784587791964
61540.3578 lsst_hardware_i -36.054468057458365 31.899999618530273 31.239999771118164 AB 8.612176503308598 1.1298732662020299
61540.3763 lsst_hardware_r -4.552809234324606 23.920000076293945 31.5 AB 8.226015174219581 1.080900771874151
61542.3582 lsst_hardware_z -24.90686795951041 42.34000015258789 30.940000534057617 AB 8.234514708973222 1.1127722579693544
61542.3777 lsst_hardware_g -7.746746433240973 14.75 31.440000534057617 AB 7.773780639893853 1.066252530932196
61550.3615 lsst_hardware_r -17.585124241936786 75.44000244140625 31.649999618530273 AB 7.798006143723726 1.0555081351833304
61550.382 lsst_hardware_y 48.90013325141167 53.380001068115234 30.059999465942383 AB 8.091153171081942 1.0255813551312247
61552.3561 lsst_hardware_z 115.70960742144585 52.91999816894531 30.979999542236328 AB 3.8198438442735374 1.0553998464561256
61552.3764 lsst_hardware_r -7.481175123635107 57.16999816894531 31.649999618530273 AB 5.046639276128506 1.0257396902700215
61554.3424 lsst_hardware_r 31.254676517641933 47.08000183105469 32.33000183105469 AB 9.118285727350704 1.071468441635006
61554.3623 lsst_hardware_i -60.837537071653095 50.66999816894531 32.029998779296875 AB 8.833998215263168 1.0367122907970157
61559.2424 lsst_hardware_i -22.438023324738523 33.83000183105469 31.200000762939453 AB 13.558868917513308 1.4486486966252332
61559.2631 lsst_hardware_z -36.6169827996012 44.84000015258789 30.93000030517578 AB 11.540729899388776 1.3115956244333193
61561.2621 lsst_hardware_r 66.30665082421652 24.020000457763672 31.450000762939453 AB 7.963152445109266 1.287060803304077
61561.2818 lsst_hardware_u -3.422798969358191 2.5999999046325684 28.290000915527344 AB 7.393656935701786 1.195562426438418
61563.2635 lsst_hardware_g -18.25976681811677 14.479999542236328 31.3799991607666 AB 4.824475889172775 1.2522432659212948
61563.2835 lsst_hardware_r -17.967010071738464 23.700000762939453 31.489999771118164 AB 4.502307479650147 1.168216782472731
61572.2431 lsst_hardware_r -0.6002192332498787 65.12999725341797 31.59000015258789 AB 9.129647346403043 1.2326811305283374
61572.2615 lsst_hardware_i 31.99428763950078 53.63999938964844 31.290000915527344 AB 7.649899429734837 1.159075671171945
61576.2452 lsst_hardware_z 79.55736661498675 75.80999755859375 30.979999542236328 AB 3.8894073306836683 1.178608282025354
61576.2654 lsst_hardware_r 72.27705366063907 111.3499984741211 31.639999389648438 AB 3.9121103014598795 1.1127121028091622
61578.2533 lsst_hardware_z 17.704777468261696 75.80999755859375 30.979999542236328 AB 2.928154718680577 1.1322009545405807
61578.273 lsst_hardware_i -80.04391284439372 85.16000366210938 31.329999923706055 AB 2.7891190463635254 1.0799028347163007
61580.2606 lsst_hardware_z -119.47435052218454 86.86000061035156 31.729999542236328 AB 4.114475888110984 1.0964625950995295
61585.2475 lsst_hardware_z -0.7149341141645295 42.16999816894531 30.940000534057617 AB 2.9596307513289544 1.0950779790314333
61585.2667 lsst_hardware_u -2.3291951716407016 2.7100000381469727 28.43000030517578 AB 2.7192064688555653 1.0541602903103569
61587.2663 lsst_hardware_r 23.48755174137664 23.100000381469727 31.510000228881836 AB 8.533538268835029 1.045605897994843
61587.2853 lsst_hardware_i 33.24700027985531 30.530000686645508 31.260000228881836 AB 8.262238370048314 1.020995803029382
61589.265 lsst_hardware_z 3.977251850869324 41.20000076293945 30.950000762939453 AB 6.7518266999342655 1.0392222102407673
61589.2843 lsst_hardware_r -11.660824480335378 23.020000457763672 31.510000228881836 AB 6.563506334378235 1.016849038983445
61591.2613 lsst_hardware_u -0.26076898305481294 2.7200000286102295 28.450000762939453 AB 4.09148364504161 1.0366934911422998
61591.2809 lsst_hardware_g 24.568889736113636 14.380000114440918 31.450000762939453 AB 4.070267714821685 1.0151348348303069
61593.1569 lsst_hardware_z -41.00593553292618 45.779998779296875 30.920000076293945 AB 2.5116753139478276 1.3953751744154597
61593.1749 lsst_hardware_r 7.200606140278758 24.059999465942383 31.459999084472656 AB 2.8995181628828592 1.286197617721097
61600.1627 lsst_hardware_z 160.78773066867672 52.4900016784668 30.940000534057617 AB 9.39442630173706 1.2512138383427556
61600.1829 lsst_hardware_r 36.96897051014641 55.380001068115234 31.600000381469727 AB 8.479353005880037 1.1667228829812297
61605.1552 lsst_hardware_z -95.18932196540233 98.5999984741211 30.979999542236328 AB 3.4134803370076052 1.2228487340386083
61605.1743 lsst_hardware_r -278.532924385392 145.8800048828125 31.6299991607666 AB 3.6589290179869454 1.1491912009800127
61611.1583 lsst_hardware_g 20.03953793572773 23.030000686645508 31.549999237060547 AB 6.347426752824133 1.147920562948573
61611.1768 lsst_hardware_r -25.246985532729266 34.130001068115234 31.56999969482422 AB 6.406160571507023 1.094368664788729
61612.1566 lsst_hardware_i 19.939367534303237 31.829999923706055 31.239999771118164 AB 10.395123826219672 1.1445223040153782
61612.1758 lsst_hardware_z -4.821705153385637 42.06999969482422 30.950000762939453 AB 11.854940574302617 1.090117831490137
61617.1594 lsst_hardware_r -2.730613207830086 23.649999618530273 31.489999771118164 AB 4.058634837753596 1.0969283345279988
61617.1792 lsst_hardware_g -26.264870547872743 14.640000343322754 31.440000534057617 AB 3.823781465895744 1.0543999630210241
61619.1652 lsst_hardware_r 42.721830190725136 23.670000076293945 31.489999771118164 AB 1.9474816577788476 1.0709274994659597
61619.1839 lsst_hardware_i -31.68507179018463 30.940000534057617 31.25 AB 1.885103931591102 1.0380528257660253
61622.1586 lsst_hardware_z -47.318998704279025 41.720001220703125 30.940000534057617 AB 2.139031993259614 1.0676476133065205
61622.1778 lsst_hardware_i 40.232900963276755 30.790000915527344 31.239999771118164 AB 1.653769572301167 1.0351155261638851
61626.1636 lsst_hardware_r 20.822025088986365 30.09000015258789 31.56999969482422 AB 4.477577724371622 1.0397858285913784
61626.182 lsst_hardware_i 22.493374993579117 33.41999816894531 31.280000686645508 AB 3.845591699254064 1.017980684528562
61627.0807 lsst_hardware_g 30.12255925721767 36.150001525878906 31.59000015258789 AB 4.2454834337845435 1.2935659456991297
61627.0989 lsst_hardware_r 70.06631694435589 38.220001220703125 31.56999969482422 AB 4.530663955437742 1.2066754142678646
61629.0699 lsst_hardware_r 87.68069376619425 59.7400016784668 31.56999969482422 AB 4.368018861735403 1.3236420793137587
61629.0889 lsst_hardware_i 19.617818671705724 52.58000183105469 31.280000686645508 AB 3.37636589876664 1.2262830140798935
61651.0638 lsst_hardware_r 888.7992203046228 38.80153622489545 31.489999771118164 AB 1.599111509770207 1.1041046097377725
61651.0803 lsst_hardware_z 611.1199826507082 47.95850896330521 30.940000534057617 AB 1.4571387157780733 1.065874098709959
61653.0834 lsst_hardware_u 48.28934867968017 7.210707909517262 28.540000915527344 AB 1.5527859888821645 1.0500666027944365
61653.1017 lsst_hardware_g 792.9576592002721 33.125256919298515 31.479999542236328 AB 1.5110656393645625 1.0245670512134
61655.0617 lsst_hardware_g 1656.577845506653 47.171431102997026 31.600000381469727 AB 2.269294600352313 1.0823344675764062
61655.0798 lsst_hardware_r 2434.6630346303473 57.706439685976136 31.559999465942383 AB 2.2132936472083276 1.0469695587551218
61671.9931 lsst_hardware_y 705.5739153439235 55.589473484570185 30.010000228881836 AB 2.912227139489009 1.1434698538665973
61672.0105 lsst_hardware_i 3897.3774604712944 68.92969888141836 31.239999771118164 AB 3.075054355847487 1.0937415457397337
61673.9927 lsst_hardware_y 673.9071098657232 55.497656051159524 30.020000457763672 AB 3.431186850943365 1.127598033994807
61674.0094 lsst_hardware_i 3772.662824915083 68.01150509247438 31.25 AB 3.642784454801358 1.083302276408017
61679.996 lsst_hardware_y 352.2946307154468 52.63584187007791 30.030000686645508 AB 7.685796042301917 1.0765928060375287
61680.0168 lsst_hardware_i 2920.255973566298 61.36900277390348 31.239999771118164 AB 5.178897685494144 1.038844127274288
61683.9957 lsst_hardware_y 410.4360257973266 53.99511124296188 30.049999237060547 AB 3.513811002182789 1.0554097924057892
61684.0154 lsst_hardware_r 2414.559554919444 56.288215957220544 31.549999237060547 AB 3.5061231736764245 1.026432741744745
61685.9956 lsst_hardware_y 268.9822683507534 57.269601327127965 30.059999465942383 AB 4.705666029922771 1.0462460601622776
61686.0157 lsst_hardware_z 1613.5659227027563 61.68966494586985 30.969999313354492 AB 4.649526433307864 1.020304242551649
61891.3642 lsst_hardware_g -9.261033695199668 15.350000381469727 31.40999984741211 AB 11.188907956870422 1.2571806693112832
61891.3835 lsst_hardware_r -12.660368046186862 24.649999618530273 31.489999771118164 AB 10.439591585030291 1.1745054379288171
61897.3382 lsst_hardware_z -42.44658597676407 52.040000915527344 30.940000534057617 AB 7.872500593339744 1.3077243510531136
61897.3563 lsst_hardware_i -65.18412532014125 44.45000076293945 31.270000457763672 AB 7.285016492064226 1.2180264992583558
61899.3579 lsst_hardware_z 40.29029875346554 58.88999938964844 30.959999084472656 AB 9.215483753985394 1.1888645751126097
61899.3782 lsst_hardware_r -0.43052786040719726 77.2699966430664 31.6299991607666 AB 8.592269843068904 1.120000414043307
61903.3602 lsst_hardware_i 37.06164988686863 62.279998779296875 31.299999237060547 AB 7.047934174785483 1.141689413969248
61903.3813 lsst_hardware_r -106.93866257601259 75.01000213623047 31.639999389648438 AB 7.082131671322455 1.0835574772525176
61908.363 lsst_hardware_z 4.649198205954273 45.18000030517578 30.950000762939453 AB 7.670549423483971 1.0947371354028492
61908.3828 lsst_hardware_g 25.76718346237987 29.0 31.639999389648438 AB 8.430585719023565 1.0528580949576223
61910.3581 lsst_hardware_r 46.80906169100875 25.200000762939453 31.5 AB 8.338664091996161 1.0933443592613055
61910.3783 lsst_hardware_i 34.133452475175645 31.799999237060547 31.25 AB 7.544490002127249 1.0511916403544497
61918.3228 lsst_hardware_u -0.5319024625868634 4.039999961853027 29.260000228881836 AB 8.970208731201396 1.1305204513408997
61918.3365 lsst_hardware_g 4.90805841992684 20.90999984741211 32.20000076293945 AB 9.93082639325167 1.09275060033023
61928.2695 lsst_hardware_y -161.34554532174144 77.94000244140625 30.729999542236328 AB 4.677961067195185 1.2275965011883796
61944.2656 lsst_hardware_i 30.14827405340615 31.149999618530273 31.25 AB 4.1253762111002095 1.0925495913399068
61944.2859 lsst_hardware_z -33.62289531341816 41.33000183105469 30.950000762939453 AB 3.9684080504545505 1.0504686785665025
61955.1476 lsst_hardware_z -87.11537623643272 57.33000183105469 30.920000076293945 AB 13.402921587084437 1.539386093463036
61955.1611 lsst_hardware_r 8.439811197126515 62.5 31.549999237060547 AB 12.5544397821991 1.4288734991832805
61960.169 lsst_hardware_z -332.3693659727297 135.83999633789062 31.719999313354492 AB 3.3154695748562455 1.2923288149897663
61965.1709 lsst_hardware_u -12.136590276092601 4.659999847412109 28.68000030517578 AB 8.832150183290494 1.216968678372786
61965.1898 lsst_hardware_g -4.629862086408427 36.2599983215332 31.6299991607666 AB 8.314389727653612 1.1453905121440437
61976.1647 lsst_hardware_r 1.619731080573201 23.809999465942383 31.479999542236328 AB 6.230675696306448 1.1297689385868446
61976.1829 lsst_hardware_u 0.8919135260052584 2.6500000953674316 28.360000610351562 AB 6.32839991306921 1.0815004551088112
61979.1643 lsst_hardware_i 72.88645887879822 31.489999771118164 31.239999771118164 AB 4.097298541956963 1.1073779843126927
61979.1838 lsst_hardware_z 2.6876221476718687 41.540000915527344 30.940000534057617 AB 3.452716711790635 1.062374372858657
61981.1606 lsst_hardware_r 42.02121612082867 32.869998931884766 31.559999465942383 AB 6.096479511728082 1.1026867758043106
61981.1797 lsst_hardware_z 1.4307284275794525 43.36000061035156 30.950000762939453 AB 5.181767171871017 1.0597744497127901
61987.1781 lsst_hardware_i 3.1577461307655965 101.68000030517578 31.34000015258789 AB 1.660858679314507 1.035663279555918
61987.1967 lsst_hardware_z 171.96634018477735 89.62000274658203 31.0 AB 1.6252243910761432 1.0153421851785025
61990.0855 lsst_hardware_g -62.49446232806326 117.41000366210938 31.639999389648438 AB 5.724569821772935 1.301038595857485
61990.1063 lsst_hardware_r -121.63946810266258 115.04000091552734 31.6299991607666 AB 5.286837865563847 1.2015540603554196
61992.0862 lsst_hardware_i 16.231171029279476 52.709999084472656 31.280000686645508 AB 4.741639087951604 1.2684397221324903
61992.1057 lsst_hardware_z -33.5595416555853 56.779998779296875 30.959999084472656 AB 4.406730935456167 1.1822744416354647
61994.0833 lsst_hardware_i 35.58013350926578 32.959999084472656 31.229999542236328 AB 4.143843467740701 1.2557101417396064
61994.1032 lsst_hardware_u 2.928964043798523 2.740000009536743 28.389999389648438 AB 3.1957584092810163 1.171179480557421
61995.0758 lsst_hardware_g 0.748242877895903 14.869999885559082 31.389999389648438 AB 3.2132595198402165 1.2798006650762588
61995.0946 lsst_hardware_r -24.144796053712973 24.219999313354492 31.489999771118164 AB 2.9548811491960585 1.1936502319515487
62006.1229 lsst_hardware_u 2.5776999435185757 2.819999933242798 28.510000228881836 AB 2.9279854919002486 1.0404449482618592
62006.1291 lsst_hardware_g -4.185855596258179 14.770000457763672 31.459999084472656 AB 2.811183881302517 1.0318164365213862
62011.0808 lsst_hardware_r -41.516295956268856 41.900001525878906 31.610000610351562 AB 6.144534677810549 1.0972383353233124
62011.0985 lsst_hardware_y -126.75334293035927 48.459999084472656 30.040000915527344 AB 5.278998007402044 1.0584457157698335
62013.0767 lsst_hardware_z -160.17834037898737 57.25 30.969999313354492 AB 4.29416028757626 1.093821342621845
62013.0942 lsst_hardware_r -68.0177951270531 71.94000244140625 31.649999618530273 AB 3.5396921870601155 1.056309217266522
62023.9907 lsst_hardware_y 68.81107657346438 50.619998931884766 29.969999313354492 AB 3.3361435520186786 1.3120648474116459
62024.0075 lsst_hardware_r 32.079235187985056 23.829999923706055 31.469999313354492 AB 2.3397481713909856 1.2271406493309367
62027.0235 lsst_hardware_r -33.26088104356168 33.25 32.2400016784668 AB 1.5901399574536226 1.1358142553240163
62027.0298 lsst_hardware_g 15.83617946933224 20.34000015258789 32.16999816894531 AB 1.5637161254523404 1.1169400896088146
62030.9931 lsst_hardware_y -7.621849135320681 49.869998931884766 29.989999771118164 AB 1.7895099232946003 1.2067501590068956
62031.0113 lsst_hardware_i -9.838732902828756 31.719999313354492 31.239999771118164 AB 0.9438120818672667 1.139869664091329
62032.9923 lsst_hardware_y 77.6030788010127 50.45000076293945 29.989999771118164 AB 7.3138890505918415 1.187898172907559
62033.0091 lsst_hardware_g -9.583633124701796 14.390000343322754 31.399999618530273 AB 7.086082969520937 1.1296763156851317
62034.9926 lsst_hardware_y -36.67889792487161 49.720001220703125 30.010000228881836 AB 2.3656213135684867 1.1662882400501988
62035.0094 lsst_hardware_i -41.107274368059464 31.3799991607666 31.25 AB 2.8815841918581877 1.1128672213664474
62036.9931 lsst_hardware_z -57.490434305904 44.209999084472656 30.940000534057617 AB 2.918085173837102 1.1457699786024498
62037.0102 lsst_hardware_u 0.3431844672161557 3.180000066757202 28.520000457763672 AB 3.089040558377444 1.0962467232662982
62038.9943 lsst_hardware_y 5.198435553442035 49.84000015258789 30.020000457763672 AB 3.463307493928462 1.1249070219824482
62039.0134 lsst_hardware_r 30.431132809814148 32.470001220703125 31.559999465942383 AB 3.4955139686502923 1.0759013933824995
62040.995 lsst_hardware_y 70.52563626625026 52.34000015258789 30.030000686645508 AB 4.760437653823077 1.1074219107838779
62041.0152 lsst_hardware_z 37.431408502578286 51.380001068115234 30.959999084472656 AB 5.006614049572967 1.0610605170229874
62042.9949 lsst_hardware_y 125.83377859833263 59.029998779296875 30.040000915527344 AB 10.171819455355319 1.093538254130171
62043.0141 lsst_hardware_z 29.90584281254716 65.9000015258789 30.989999771118164 AB 3.512852093722278 1.0530658287451247
62043.9957 lsst_hardware_y -30.544407520818556 59.70000076293945 30.049999237060547 AB 3.145167634010633 1.0850394321576993
62044.0158 lsst_hardware_r 105.232954508323 91.2699966430664 31.65999984741211 AB 6.373502041641729 1.0456220452484717
62047.9963 lsst_hardware_z 14.651999265139757 59.029998779296875 30.979999542236328 AB 3.4471220561946505 1.0606529403674159
62048.0173 lsst_hardware_g 96.91330653411762 87.83999633789062 31.739999771118164 AB 2.8425409209427475 1.0282296693589248
62049.9964 lsst_hardware_y 84.99698821367767 50.029998779296875 30.049999237060547 AB 6.190236206948145 1.0506171430663527
62050.0158 lsst_hardware_i 53.45694777512034 30.6299991607666 31.25 AB 3.9831176328649494 1.0237183892563044
62051.996 lsst_hardware_y 69.40618473863384 53.029998779296875 30.059999465942383 AB 4.771119297240886 1.0424119067600799
62052.0139 lsst_hardware_r 33.13282978240669 23.18000030517578 31.520000457763672 AB 3.9170887172451647 1.020075186782595
