data/validation/pwv_sim_epoch_fit_epoch/41375035.ecsv
# %ECSV 0.9
# ---
# datatype:
# - {name: time, datatype: float64}
# - {name: band, datatype: string}
# - {name: flux, datatype: float64}
# - {name: fluxerr, datatype: float64}
# - {name: zp, datatype: float64}
# - {name: zpsys, datatype: string}
# - {name: pwv, datatype: float64}
# - {name: airmass, datatype: float64}
# meta: {SNID: '41375035', alt: 1024.0, c: -0.00044983584666624665, dec: -38.111038, lat: -30.244573, lon: -70.7499537, ra: 41.835938,
#   t0: 61738.76953125, x0: 2.9547582109872816e-06, x1: 1.0003470182418823, z: 0.7604085803031921}
# schema: astropy-2.0
time band flux fluxerr zp zpsys pwv airmass
61600.407 lsst_hardware_g -22.02620807083789 13.470000267028809 31.389999389648438 AB 6.839040484242007 1.1461438720030177
61600.4296 lsst_hardware_r -8.116111581474266 22.639999389648438 31.489999771118164 AB 7.44674829658968 1.0854922629043664
61612.3793 lsst_hardware_z 53.07218440178469 64.3499984741211 31.700000762939453 AB 7.605133404687744 1.1306646949916737
61626.3697 lsst_hardware_i -30.256384805613873 30.030000686645508 31.25 AB 5.215032811093746 1.063063017821651
61626.3886 lsst_hardware_r 7.813761740174345 21.719999313354492 31.489999771118164 AB 4.120576333988633 1.0344543097879413
61627.36 lsst_hardware_u -2.188703110235385 2.640000104904175 28.43000030517578 AB 5.491636613631534 1.0766507542082475
61627.3785 lsst_hardware_g -5.45794485971427 13.069999694824219 31.399999618530273 AB 5.430029285796307 1.0442364011146743
61631.3624 lsst_hardware_z 90.99450100508457 48.34000015258789 30.969999313354492 AB 3.6825185573420303 1.0521481592405801
61631.3819 lsst_hardware_r -11.465517518866209 42.599998474121094 31.6200008392334 AB 3.5279490258540256 1.0267604848236396
61649.4163 lsst_hardware_i 38.84221888541751 40.72999954223633 31.290000915527344 AB 0.6955568870145142 1.0417726715144997
61651.2751 lsst_hardware_z -23.89989889258434 41.66999816894531 30.940000534057617 AB 1.4298420619706562 1.1240896713605788
61651.2938 lsst_hardware_r -21.150223283781802 21.81999969482422 31.479999542236328 AB 1.6957996886400746 1.078067189218102
61655.2483 lsst_hardware_g -2.178669394256304 13.180000305175781 31.3700008392334 AB 2.2226110984518526 1.1750521271224403
61655.2655 lsst_hardware_r 16.495271424569353 22.079999923706055 31.479999542236328 AB 2.1559694096817967 1.1203721165850322
61671.3688 lsst_hardware_r -1.4411096943067307 30.59000015258789 31.559999465942383 AB 1.8920907643123963 1.061779329019302
61671.3813 lsst_hardware_i 54.21132379096814 34.560001373291016 31.270000457763672 AB 1.5414849135348292 1.087083860038508
61672.251 lsst_hardware_r -29.437196459018693 21.93000030517578 31.489999771118164 AB 4.187130834959994 1.051294514364336
61672.2674 lsst_hardware_u -2.8410365025414372 2.6500000953674316 28.459999084472656 AB 4.087450464159628 1.0294332396565478
61678.2152 lsst_hardware_u 3.2074567470742563 3.6600000858306885 29.1200008392334 AB 4.155566277707381 1.0887708856242528
61678.2351 lsst_hardware_g -18.579967813065338 18.610000610351562 32.150001525878906 AB 3.920586082548335 1.050532176459897
61680.3504 lsst_hardware_i -49.390920170840644 30.190000534057617 31.239999771118164 AB 2.6130658001912535 1.073568529248666
61680.362 lsst_hardware_r 35.7835459279471 22.270000457763672 31.479999542236328 AB 2.649060381383503 1.0994993281886798
61682.348 lsst_hardware_u -1.511018821474066 2.609999895095825 28.3799991607666 AB 2.5793884663941475 1.0799198100875644
61682.3601 lsst_hardware_g -13.247599074830536 13.319999694824219 31.3700008392334 AB 2.619032639264255 1.1085070425779862
61684.3485 lsst_hardware_r -34.39316442761621 22.100000381469727 31.479999542236328 AB 6.819398087672607 1.09329027457668
61684.3602 lsst_hardware_i 1.4925998094782604 30.719999313354492 31.239999771118164 AB 7.028734448760798 1.1236237045910822
61686.3314 lsst_hardware_i -10.960579744149442 30.219999313354492 31.25 AB 3.9787315655956617 1.06840267604574
61686.3428 lsst_hardware_z 77.71014877674456 41.58000183105469 30.940000534057617 AB 4.6848838944596 1.0927267674839682
61688.2909 lsst_hardware_z -34.91494261892323 43.880001068115234 30.959999084472656 AB 3.290244825927934 1.0209960412489067
61688.3017 lsst_hardware_i 17.869383827166253 35.88999938964844 31.280000686645508 AB 2.862314528032109 1.0315266483387986
61689.2045 lsst_hardware_r -48.524925245829344 53.5 31.6299991607666 AB 4.05223120950105 1.0514351866894267
61689.2762 lsst_hardware_z 124.03363980729051 63.619998931884766 31.709999084472656 AB 4.256188365973965 1.0132776587974919
61689.34 lsst_hardware_r 18.685005270968414 22.1299991607666 31.469999313354492 AB 4.862883329368655 1.1059548167770423
61696.3142 lsst_hardware_r 142.0810016174763 66.41000366210938 31.6299991607666 AB 6.646525430951943 1.0897134273065816
61696.3258 lsst_hardware_i -163.15489568349773 55.939998626708984 31.309999465942383 AB 6.921989997555677 1.1190370206750568
61698.1113 lsst_hardware_u -5.554740208179597 2.5299999713897705 28.25 AB 4.055374173317655 1.2563117017713892
61698.1318 lsst_hardware_r 25.72851121330142 22.56999969482422 31.469999313354492 AB 3.910461025613159 1.1718492734832617
61702.1171 lsst_hardware_r 9.171504811213085 22.670000076293945 31.469999313354492 AB 3.675466613461551 1.18563439143921
61702.1353 lsst_hardware_u 2.213459054327343 2.6700000762939453 28.420000076293945 AB 3.1736212914629762 1.12569700858857
61705.2955 lsst_hardware_i -13.80599682759688 30.66791099081059 31.239999771118164 AB 3.4432764236944804 1.1038795940352586
61705.3061 lsst_hardware_r -10.10564170780363 22.432310879151025 31.479999542236328 AB 3.520615660993376 1.1330326368954464
61707.3042 lsst_hardware_u 4.577540230790863 2.6304905693536895 28.329999923706055 AB 3.4878435342514122 1.1439303162516155
61707.3153 lsst_hardware_g 0.6371738196672315 13.357195136416935 31.350000381469727 AB 3.605871067576776 1.1818007541083004
61709.2977 lsst_hardware_r 40.023618182488505 22.40395585123319 31.469999313354492 AB 3.898687001201066 1.1406896185305009
61709.3084 lsst_hardware_i 38.6242173777296 31.601714923759726 31.229999542236328 AB 4.050240546685416 1.1765404638156618
61720.2472 lsst_hardware_z 409.610968161611 57.405254833326765 30.969999313354492 AB 2.5069907386396117 1.0863747242408652
61722.147 lsst_hardware_r 459.15164461522755 91.76821983431269 31.65999984741211 AB 5.079348924809465 1.015869784961893
61722.1591 lsst_hardware_z 337.68278039261855 65.82782489898939 30.989999771118164 AB 5.052738830232158 1.0105477660464317
61724.1214 lsst_hardware_r 648.82812201273 84.95670784259546 31.65999984741211 AB 4.342930076115293 1.034030970503641
61724.1397 lsst_hardware_i 849.0114136699322 69.96714584352787 31.329999923706055 AB 4.2690239359508215 1.0170396512092488
61724.2353 lsst_hardware_y 210.14003299584618 54.4171747502447 30.030000686645508 AB 7.889726826685495 1.084200470892606
61724.2468 lsst_hardware_r 605.3443386896408 86.0115977580551 31.6299991607666 AB 8.250826727493848 1.112121138629714
61728.2358 lsst_hardware_r 812.2839227214575 48.43346332938808 31.59000015258789 AB 5.8978677557133645 1.1119136080903953
61728.2495 lsst_hardware_g 221.12691186328902 42.53723876376157 31.639999389648438 AB 6.133763123358211 1.152385356342394
61729.2372 lsst_hardware_r 806.7426649082096 42.12814238574331 31.549999237060547 AB 5.507445605296076 1.1232425858042916
61729.2494 lsst_hardware_i 945.654584679724 47.49694104670941 31.25 AB 5.695035897841515 1.161146370363253
61731.1837 lsst_hardware_g 165.17885762109756 17.957046573828354 31.3799991607666 AB 3.7951170932671516 1.0308616306579252
61731.1963 lsst_hardware_i 997.9272177652375 43.1995065620885 31.229999542236328 AB 3.9173016257160334 1.047406851795731
61734.0312 lsst_hardware_y 293.361834951317 53.29890184916438 30.0 AB 7.38692132449796 1.1801764864062778
61734.0491 lsst_hardware_u -1.1107672771213886 2.7233450301599813 28.350000381469727 AB 5.818726118815064 1.12236728325377
61736.0322 lsst_hardware_y 316.405135483372 52.62607015603474 30.010000228881836 AB 5.662100729368197 1.1575387364547063
61736.0506 lsst_hardware_r 788.9156168232682 34.96373808989772 31.469999313354492 AB 3.9747009567208136 1.103776994368457
61736.1431 lsst_hardware_u -4.149259180952473 2.587198833838086 28.34000015258789 AB 3.6408049228623063 1.011334700795085
61736.1552 lsst_hardware_g 137.0945613835726 17.138313323029227 31.3700008392334 AB 3.6630899174853786 1.0175249770792718
61738.2236 lsst_hardware_i 1094.0028747863787 44.61320784962665 31.229999542236328 AB 5.8817250810083594 1.157022736502087
61738.2356 lsst_hardware_z 680.470705728829 49.89957714971092 30.93000030517578 AB 5.952526210277583 1.2007112880033963
61740.1813 lsst_hardware_z 727.6642092680204 48.2565077314543 30.940000534057617 AB 8.216956760406594 1.063408406937526
61740.1934 lsst_hardware_r 679.5872313072197 33.83529281851023 31.469999313354492 AB 8.450716265526665 1.0882034916815926
61742.1788 lsst_hardware_u -1.4017771561780565 2.6704901700001797 28.43000030517578 AB 6.828588768885327 1.0689895306022694
61742.1909 lsst_hardware_r 565.250508005543 33.244442693153545 31.469999313354492 AB 6.9896081309319715 1.0951003152129772
61744.196 lsst_hardware_i 987.3505877421644 43.67114498386505 31.229999542236328 AB 2.6722500172589987 1.1225582933241696
61744.2076 lsst_hardware_z 671.6577230641763 49.379785440816796 30.940000534057617 AB 2.8208565231237053 1.1583040746466737
61750.1029 lsst_hardware_z 554.3939963335484 58.74153649571531 30.979999542236328 AB 10.734646525229127 1.0107160321910518
61750.1149 lsst_hardware_r 540.8493951436138 71.08889276170305 31.65999984741211 AB 10.818439778214497 1.0161737492745802
61752.096 lsst_hardware_i 954.7815794812967 70.50576567904287 31.329999923706055 AB 12.108822311518871 1.0103314402602313
61752.108 lsst_hardware_z 542.1739620738592 63.02665084088102 30.979999542236328 AB 12.220056767623014 1.0153062467040335
61760.088 lsst_hardware_r 254.08846347369345 27.283728584470545 31.489999771118164 AB 3.1509343957191267 1.0164304502319763
61760.1002 lsst_hardware_u -2.092048963907779 2.6602403127644494 28.459999084472656 AB 3.181596015266912 1.026321295247391
61764.0873 lsst_hardware_g 25.304008362684748 14.310046686628203 31.40999984741211 AB 6.211595928193188 1.0244241656128483
61764.101 lsst_hardware_r 206.05443696577035 26.077806395817184 31.479999542236328 AB 6.2768672395078084 1.0399912583063757
61766.0827 lsst_hardware_i 444.9565516617395 35.70078545131117 31.239999771118164 AB 6.590990658799819 1.025236734793043
61766.0941 lsst_hardware_z 316.44798034262556 44.6069508622155 30.950000762939453 AB 5.213789140446611 1.0380864391133122
61768.0791 lsst_hardware_r 166.45315969669574 25.283073151433296 31.5 AB 8.474332862942266 1.0270673691604537
61768.0922 lsst_hardware_u 0.2656993188314598 2.774386260314549 28.5 AB 7.821909315080855 1.0429212420107807
61976.3807 lsst_hardware_u 3.6826223578897594 2.5199999809265137 28.290000915527344 AB 7.027015159470156 1.1366896084552178
61976.4009 lsst_hardware_g 39.19242950412329 13.100000381469727 31.3700008392334 AB 6.753146859466638 1.0840592117290258
61995.4331 lsst_hardware_z -88.48482841160931 70.91999816894531 31.0 AB 4.7036520858844755 1.0112843557281992
62001.4082 lsst_hardware_r 9.154943872474854 21.690000534057617 31.5 AB 1.8761279999011147 1.0093945480099253
62001.4204 lsst_hardware_z -51.585959733349966 42.9900016784668 30.959999084472656 AB 2.2831836985099305 1.012722864719419
62011.2823 lsst_hardware_y 39.47935176750717 48.220001220703125 30.010000228881836 AB 6.968579850781927 1.1455199754710017
62011.3009 lsst_hardware_g 0.4502401284432749 13.029999732971191 31.3799991607666 AB 7.636009288864897 1.094232352926031
62011.4089 lsst_hardware_u 2.5284918030277796 3.2699999809265137 28.600000381469727 AB 7.559754854823795 1.0232478146756625
62011.4192 lsst_hardware_g -48.06091382101124 26.360000610351562 31.6299991607666 AB 6.74547332923907 1.0340267232680418
62016.2699 lsst_hardware_i -23.575277895601605 61.91999816894531 31.309999465942383 AB 1.4205280925703367 1.141597717040185
62016.2879 lsst_hardware_z 32.188915446529066 57.0099983215332 30.969999313354492 AB 1.383355220325819 1.092697646386903
62026.2 lsst_hardware_g -4.928315017385878 18.81999969482422 32.060001373291016 AB 2.9126603911562254 1.3239365414346478
62026.225 lsst_hardware_r -30.406256082987074 31.989999771118164 32.209999084472656 AB 2.7690727967360624 1.2039446942330707
62027.2366 lsst_hardware_g 5.045538152610279 13.319999694824219 31.389999389648438 AB 1.3914344243251666 1.1520086305990065
62027.2548 lsst_hardware_r 30.019308126081043 22.1200008392334 31.489999771118164 AB 2.215575152297844 1.1000869673772808
62027.3175 lsst_hardware_i 31.07561240003661 53.04999923706055 32.45000076293945 AB 1.6209986012976927 1.0127021665748541
62027.3391 lsst_hardware_z -33.737969612091135 57.7599983215332 31.700000762939453 AB 1.4999881659769778 1.0096397796569292
62030.2662 lsst_hardware_u 0.49229051534621904 2.7200000286102295 28.5 AB 2.0973788669284064 1.0589702698338401
62030.3334 lsst_hardware_r -22.036272507975475 30.940000534057617 32.2400016784668 AB 1.1843586912921968 1.0101140224235134
62030.3918 lsst_hardware_u -5.253105286462386 3.1700000762939453 28.520000457763672 AB 0.7511552649637682 1.0730789499482403
62035.2514 lsst_hardware_u 0.8967383894335064 2.6700000762939453 28.459999084472656 AB 1.7612653213905263 1.0610032056569434
62035.268 lsst_hardware_g 3.1149972206396743 13.270000457763672 31.420000076293945 AB 1.5978431264054178 1.0358788501817944
62037.3654 lsst_hardware_g 13.918492804821462 13.069999694824219 31.3799991607666 AB 4.338069962678385 1.059357744243806
62037.3775 lsst_hardware_r -24.99959296113804 22.09000015258789 31.469999313354492 AB 4.11282047814105 1.0831763176564093
62041.3539 lsst_hardware_z -3.1382316790398015 40.91999816894531 30.940000534057617 AB 5.062070022285269 1.0583462308771208
62041.3659 lsst_hardware_r -0.7744000807077391 21.979999542236328 31.469999313354492 AB 5.15727018095703 1.081698952536808
62048.3437 lsst_hardware_z -37.15174863399126 64.80999755859375 30.979999542236328 AB 8.171493111173517 1.0751964619965153
62048.3554 lsst_hardware_r -125.01729784121004 90.8499984741211 31.639999389648438 AB 8.37315773883909 1.1017312814261961
62050.3352 lsst_hardware_r 101.49089000020837 73.12000274658203 31.639999389648438 AB 3.8488873303953888 1.0691353695542747
62050.3472 lsst_hardware_i 38.320848572518415 60.220001220703125 31.309999465942383 AB 3.9421678312855413 1.0950466198015392
62052.2931 lsst_hardware_i -40.71775930576323 46.41999816894531 31.31999969482422 AB 2.777926047904867 1.0200150722088799
62052.3034 lsst_hardware_z 67.50993214352229 48.81999969482422 30.969999313354492 AB 2.8032028073194266 1.029611388933094
62055.3226 lsst_hardware_r 4.752259168179251 30.600000381469727 31.559999465942383 AB 5.657335037917408 1.0711944656496186
62055.3355 lsst_hardware_z 33.4370916793609 43.61000061035156 30.950000762939453 AB 6.061422870487694 1.099777351081864
62057.3196 lsst_hardware_r -38.110731804754444 23.440000534057617 31.5 AB 5.407924602134527 1.076168207117746
62057.3302 lsst_hardware_u -0.13751235406999904 3.0399999618530273 28.5 AB 5.5197518879094805 1.100173116548368
62059.1122 lsst_hardware_i -20.38261496348527 32.029998779296875 31.219999313354492 AB 10.111983685716618 1.3110878665895864
62059.1326 lsst_hardware_z 14.172798211902036 43.0099983215332 30.940000534057617 AB 9.468046974796621 1.213333657598964
62059.3177 lsst_hardware_g -4.965578807081667 13.359999656677246 31.389999389648438 AB 7.604902552514133 1.0837568656647616
62059.3294 lsst_hardware_r -7.245755917180842 22.450000762939453 31.469999313354492 AB 7.795968013547373 1.1121209719753742
62064.318 lsst_hardware_i -2.371690974378211 30.729999542236328 31.239999771118164 AB 2.5798142891789233 1.1182146097217154
62064.3288 lsst_hardware_z 33.51530667966327 42.52000045776367 30.940000534057617 AB 2.657349647117379 1.1505338348033105
62065.3157 lsst_hardware_r -12.725551744957276 22.280000686645508 31.469999313354492 AB 2.798882429832455 1.1194037181035772
62065.3269 lsst_hardware_u 0.2912062111032474 2.509999990463257 28.270000457763672 AB 2.8135227346897547 1.1532406345223751
62067.1163 lsst_hardware_z 54.09384612495003 43.5 30.940000534057617 AB 3.6929199512765405 1.1912645004117872
62067.1354 lsst_hardware_i -51.92824189247078 31.360000610351562 31.239999771118164 AB 3.2113527722436914 1.1273838062993475
62067.3131 lsst_hardware_g 1.8665114313581568 13.289999961853027 31.3700008392334 AB 3.690625885097879 1.127511154081686
