data/validation/pwv_sim_epoch_fit_epoch/41554857.ecsv
# %ECSV 0.9
# ---
# datatype:
# - {name: time, datatype: float64}
# - {name: band, datatype: string}
# - {name: flux, datatype: float64}
# - {name: fluxerr, datatype: float64}
# - {name: zp, datatype: float64}
# - {name: zpsys, datatype: string}
# - {name: pwv, datatype: float64}
# - {name: airmass, datatype: float64}
# meta: {SNID: '41554857', alt: 1024.0, c: -0.008178622461855412, dec: -64.573555, lat: -30.244573, lon: -70.7499537, ra: 75.978264, t0: 60667.0546875,
#   x0: 4.646417503209767e-06, x1: -0.6352161169052124, z: 0.6322774887084961}
# schema: astropy-2.0
time band flux fluxerr zp zpsys pwv airmass
60591.3608 lsst_hardware_r -15.696089777398587 22.34000015258789 31.459999084472656 AB 3.499782900458233 1.2103693240387283
60591.3723 lsst_hardware_y -104.38636929123966 50.529998779296875 29.989999771118164 AB 3.466502933515273 1.2122052454301278
60593.3839 lsst_hardware_g 33.21592905069545 32.2599983215332 31.600000381469727 AB 5.764406317359579 1.2202384245045679
60597.3699 lsst_hardware_z -18.071415005051193 44.88999938964844 30.93000030517578 AB 7.16106016322855 1.218316300773281
60597.3813 lsst_hardware_r -17.50929882324283 35.33000183105469 31.540000915527344 AB 8.551142797863841 1.226497819544295
60600.3566 lsst_hardware_r -58.228613543255584 77.7699966430664 31.610000610351562 AB 7.825356343335603 1.2155893348870839
60600.3674 lsst_hardware_z 31.250600458791453 60.15999984741211 30.959999084472656 AB 7.882655966392477 1.2220382610518352
60602.3582 lsst_hardware_r 99.93071059263642 66.6500015258789 31.600000381469727 AB 0.7528468706151359 1.2195143692486157
60602.3689 lsst_hardware_y -26.16840809212764 59.099998474121094 29.989999771118164 AB 0.8789452720900865 1.2275771956565456
60604.3519 lsst_hardware_z -3.6758016281456674 49.150001525878906 30.940000534057617 AB 3.8134131464871475 1.2189919487973717
60604.3641 lsst_hardware_r 15.233822807015114 49.36000061035156 31.579999923706055 AB 3.85130910383559 1.2281612874309615
60606.3675 lsst_hardware_i -41.072302448398325 42.38999938964844 31.260000228881836 AB 4.45217904276234 1.236945464742269
60608.3588 lsst_hardware_r 9.886344869613975 27.520000457763672 31.510000228881836 AB 2.9481243029980817 1.2335248129698553
60608.37 lsst_hardware_z -28.913080244306975 60.369998931884766 30.959999084472656 AB 2.9897077658787112 1.2464040157915157
60610.3551 lsst_hardware_g 24.36470452999407 15.569999694824219 31.40999984741211 AB 4.132262577231342 1.2353550305624341
60610.3659 lsst_hardware_i 36.770614777307514 39.88999938964844 31.25 AB 4.159223502612737 1.2481727069134516
60612.3494 lsst_hardware_z 22.20017307955149 43.45000076293945 30.940000534057617 AB 5.951551313004531 1.2351033438721035
60612.3607 lsst_hardware_r -14.050507088847818 24.43000030517578 31.489999771118164 AB 6.062800878306567 1.2485174790582958
60614.3291 lsst_hardware_i -7.00828954885313 31.260000228881836 31.229999542236328 AB 6.681051512611976 1.2219945456552521
60614.3408 lsst_hardware_r -1.3897760830807935 22.350000381469727 31.459999084472656 AB 6.27709988429726 1.2319110084482066
60619.2793 lsst_hardware_r -13.626588793771273 22.209999084472656 31.450000762939453 AB 3.7029011802906546 1.2104940112097595
60619.2915 lsst_hardware_i 32.08704508021443 31.25 31.219999313354492 AB 3.7203984295389136 1.2111986205769658
60623.3398 lsst_hardware_u 0.7204757477608933 2.609999895095825 28.280000686645508 AB 13.370059631796995 1.261623933172573
60623.3514 lsst_hardware_g -12.337200694640755 16.219999313354492 31.399999618530273 AB 13.539010762212879 1.2812943939002726
60625.2603 lsst_hardware_r -19.20904057716137 33.900001525878906 31.540000915527344 AB 4.964151358727819 1.210768624079956
60625.2738 lsst_hardware_z -2.720344279148932 45.29999923706055 30.940000534057617 AB 4.964992532318013 1.2109737883702472
60627.3314 lsst_hardware_r -18.813402963370873 22.299999237060547 31.440000534057617 AB 7.501261395006909 1.2656084688724107
60627.3416 lsst_hardware_y -1.6206662575430455 49.95000076293945 29.969999313354492 AB 7.4986031731462175 1.283384745953085
60628.3284 lsst_hardware_z -16.02789083554659 53.18000030517578 30.940000534057617 AB 6.693203210924287 1.2651760842273871
60628.3392 lsst_hardware_r -22.7746772894594 48.77000045776367 31.559999465942383 AB 7.02886933314084 1.284007185228834
60632.3158 lsst_hardware_z 31.023103928949876 52.689998626708984 30.950000762939453 AB 7.936542228797335 1.2625241167305365
60632.3291 lsst_hardware_r -91.07035767378952 60.59000015258789 31.59000015258789 AB 8.067593400757422 1.285569819258676
60634.3283 lsst_hardware_z -63.33523845297032 69.56999969482422 31.68000030517578 AB 5.420173002566953 1.294756166632894
60636.3287 lsst_hardware_r -16.51638791722499 34.862221215808155 31.520000457763672 AB 8.369620383817296 1.3071574751846902
60636.3407 lsst_hardware_z 4.811485073313285 47.93811708592513 30.920000076293945 AB 8.834311415846143 1.3356314190161986
60643.2907 lsst_hardware_u 2.2175857608989515 2.7976729884391873 28.25 AB 7.677937295548267 1.2705506032679574
60643.3027 lsst_hardware_g 0.6340015545948073 13.282410223647798 31.309999465942383 AB 7.5095680174218735 1.2926914864090673
60645.263 lsst_hardware_g 24.21418167095308 14.183362547531607 31.329999923706055 AB 8.542120075706588 1.2392006783021925
60645.2746 lsst_hardware_r 149.25447036294224 25.491428269687628 31.450000762939453 AB 8.636656614622101 1.2540368972770912
60647.2916 lsst_hardware_i 283.17073822434037 35.85649620900487 31.209999084472656 AB 5.665186781870723 1.292339772307275
60647.3027 lsst_hardware_z 158.9105927651793 47.184029905617216 30.920000076293945 AB 4.667826343675142 1.3162710873951757
60649.2904 lsst_hardware_i 396.781954377221 37.41880171249385 31.209999084472656 AB 6.7311203560559445 1.301118625526278
60649.302 lsst_hardware_u 15.805892140265279 4.422814515716523 28.239999771118164 AB 5.747283344408927 1.3276237801822421
60651.2668 lsst_hardware_z 387.9915616352787 48.104043374863465 30.920000076293945 AB 8.1056104633888 1.2671451070291633
60651.2787 lsst_hardware_g 157.49803332024436 17.655683559533802 31.299999237060547 AB 8.199733389995751 1.2884390352099544
60655.1857 lsst_hardware_i 882.6021710737813 52.37271511044637 31.270000457763672 AB 15.372490484204343 1.2104323215908932
60655.1971 lsst_hardware_z 656.2161761448175 54.33240363524307 30.950000762939453 AB 15.394283336309007 1.2121482941975597
60657.1927 lsst_hardware_r 1296.716575235443 73.56751905249598 31.610000610351562 AB 9.214654045290748 1.2124544796435195
60657.205 lsst_hardware_z 676.3591209586108 59.77755329336928 30.950000762939453 AB 9.254976455932116 1.217760059991068
60664.1985 lsst_hardware_z 1013.6600522499214 57.647197432817194 30.940000534057617 AB 5.8880919329305295 1.226685819360527
60664.2113 lsst_hardware_g 315.7541352616347 48.87208866335161 31.610000610351562 AB 7.3126416723658245 1.239430791926411
60666.1969 lsst_hardware_r 1539.7451941462418 48.36800197060036 31.510000228881836 AB 7.057693743943588 1.2301348612497538
60666.2092 lsst_hardware_i 1324.2616851832015 50.816738854575924 31.239999771118164 AB 8.362581080298156 1.2434140332017756
60673.1317 lsst_hardware_i 1193.784658398406 46.6742799518612 31.229999542236328 AB 9.565994334992546 1.2105788831931847
60673.1448 lsst_hardware_z 1055.3821613207533 53.041946518158056 30.940000534057617 AB 9.550010538383184 1.2114178272790508
60675.1763 lsst_hardware_u -0.8723421058218386 2.615772702566031 28.350000381469727 AB 8.57906428709256 1.2340537133845833
60675.188 lsst_hardware_g 123.83912233703289 17.382504413786627 31.34000015258789 AB 8.673065708320118 1.2476959126878557
60677.1805 lsst_hardware_r 1012.8104743631404 38.354692059938245 31.440000534057617 AB 5.797955296286836 1.2450870357094128
60677.1947 lsst_hardware_i 1045.651248695202 45.251825674000415 31.219999313354492 AB 5.849468050165005 1.2653882427527414
60679.175 lsst_hardware_z 931.8089947099354 52.47217856961323 30.93000030517578 AB 3.237105337632744 1.2450405144741323
60679.1887 lsst_hardware_u 1.8889734974508294 2.501357241052993 28.25 AB 3.1861906266241182 1.2645286254626742
60681.1797 lsst_hardware_g 62.058665702935066 15.84187424944687 31.329999923706055 AB 8.46209193697809 1.259052512569274
60681.1939 lsst_hardware_r 707.7452549527986 35.510433854352534 31.440000534057617 AB 8.80377970548529 1.2829757658824381
60683.1066 lsst_hardware_z 834.7258792059446 53.991250071839914 30.940000534057617 AB 6.972318310097906 1.210471928836442
60683.1208 lsst_hardware_r 722.4594127750007 45.929082173289665 31.559999465942383 AB 6.957381059316987 1.2122280856052363
60687.0981 lsst_hardware_r 580.8412636351803 72.7023717007096 31.610000610351562 AB 6.973809230140919 1.210468080736111
60687.1106 lsst_hardware_z 720.2696903111088 60.738866155962306 30.959999084472656 AB 6.9851664216272855 1.212439387568199
60689.0953 lsst_hardware_g 114.54038173975876 88.92570673677176 31.649999618530273 AB 8.362062236160082 1.2106064428375756
60689.1089 lsst_hardware_r 519.0019863738637 82.34892574563612 31.610000610351562 AB 8.403643969226918 1.213697858062813
60691.0969 lsst_hardware_i 577.7311265485614 55.5105784614415 31.290000915527344 AB 4.502724036001457 1.2117126038755264
60691.1107 lsst_hardware_z 566.0442145181121 58.59895743132708 30.959999084472656 AB 4.554013589607886 1.2169998903281365
60693.1032 lsst_hardware_r 644.6068922760759 55.64071765445731 32.29999923706055 AB 4.7945238444830185 1.2159583678627994
60693.1171 lsst_hardware_g 82.24088061943186 46.77052946644563 32.349998474121094 AB 4.82580086721327 1.2249002772290805
60696.1024 lsst_hardware_r 194.68989235053616 26.97016741360651 31.440000534057617 AB 15.443840732954909 1.2201817755356623
60696.1146 lsst_hardware_i 425.13981409759367 37.12495685508316 31.219999313354492 AB 15.558415088189058 1.2298170174839165
60700.0695 lsst_hardware_r 195.23822133509347 25.988321451323205 31.450000762939453 AB 8.574542626501323 1.2111506134706704
60700.0833 lsst_hardware_u -2.6637689090669885 2.7221173305895636 28.290000915527344 AB 8.246046984022465 1.215588661453096
60702.0721 lsst_hardware_g 8.612961681730972 14.15652450726014 31.350000381469727 AB 13.83095141280017 1.213241352000015
60702.0845 lsst_hardware_r 161.24676354336827 25.847810395061106 31.469999313354492 AB 13.793492917713971 1.2192244771108403
60704.0712 lsst_hardware_i 315.29924650013794 35.326222450434834 31.229999542236328 AB 15.405636594155537 1.2150513916046641
60704.0838 lsst_hardware_z 396.9594440034913 47.29892506848858 30.93000030517578 AB 14.155697303276664 1.2224263647043752
60706.0685 lsst_hardware_r 98.60978853224393 25.291004646500276 31.459999084472656 AB 11.03611497346529 1.2163688938019717
60706.0805 lsst_hardware_g -1.3109523244179895 13.793680812673266 31.34000015258789 AB 11.0684525944321 1.2240478401362567
60708.0673 lsst_hardware_r 144.3512913730232 25.240871714188884 31.459999084472656 AB 8.165498127675045 1.2187310638320963
60708.0793 lsst_hardware_i 210.8487783426601 34.95055371252745 31.229999542236328 AB 8.224600628710895 1.2275523326434172
60710.0673 lsst_hardware_z 328.6760885827821 47.29480033376306 30.93000030517578 AB 11.865936092509077 1.2223472668049606
60710.0796 lsst_hardware_i 190.41564603591635 35.684708336477854 31.229999542236328 AB 11.917987645124425 1.2329484179619299
60712.0652 lsst_hardware_z 247.32580089047255 48.40073153008727 30.940000534057617 AB 5.8342257862537945 1.2249056868053316
60712.078 lsst_hardware_g 61.082823710294235 32.441865087554746 31.600000381469727 AB 5.907475348272442 1.236994907853516
60947.3838 lsst_hardware_z 67.00682289473575 44.529998779296875 30.93000030517578 AB 8.569054141669532 1.210318381591742
60947.3954 lsst_hardware_y 39.481969162643686 80.58999633789062 30.010000228881836 AB 8.638065003839678 1.211623106953246
60963.3665 lsst_hardware_z -6.3922232927375635 45.09000015258789 30.940000534057617 AB 7.139798038563309 1.2175298630490223
60963.3776 lsst_hardware_r 4.055541915391953 31.489999771118164 31.530000686645508 AB 8.639604460384946 1.2251282558685401
60965.3663 lsst_hardware_i 11.325101645312603 33.15999984741211 31.229999542236328 AB 5.970064293076735 1.2207888268849993
60965.378 lsst_hardware_z 46.109134960323864 64.80999755859375 30.959999084472656 AB 6.005821199967538 1.2302598863046896
60968.3612 lsst_hardware_r 17.341984403021556 22.6200008392334 31.459999084472656 AB 0.7982064001690743 1.22299244152565
60968.3726 lsst_hardware_u 10.841104456005203 7.710000038146973 29.020000457763672 AB 0.8006157369901344 1.2329811144611926
60972.2968 lsst_hardware_i 70.44644168044756 44.06999969482422 31.979999542236328 AB 3.892812471627501 1.2143850484706231
60972.3081 lsst_hardware_z -2.8023596539636157 60.869998931884766 31.68000030517578 AB 3.9611875716408678 1.2110328618300277
60974.3593 lsst_hardware_r -7.516868620235851 23.239999771118164 31.469999313354492 AB 2.948230127307547 1.2361983831612064
60974.3692 lsst_hardware_g 12.669520544124753 26.700000762939453 31.559999465942383 AB 2.963451401499916 1.2480317546851616
60976.3544 lsst_hardware_r 57.07533446138128 22.81999969482422 31.450000762939453 AB 4.1865948590308655 1.2368079347209695
60976.3662 lsst_hardware_i 17.682110453016485 39.77000045776367 31.25 AB 4.18166092085451 1.2513386461747618
60982.3255 lsst_hardware_r 75.07702077749 44.209999084472656 31.56999969482422 AB 5.879812160615187 1.2249608667948306
60982.3368 lsst_hardware_i 5.855542810946897 43.119998931884766 31.260000228881836 AB 6.03407785556158 1.2354997571405968
60991.333 lsst_hardware_z 56.604316127819644 44.880001068115234 30.93000030517578 AB 4.66404349490673 1.2627421866498378
60991.3441 lsst_hardware_r -24.080008352910802 30.459999084472656 31.510000228881836 AB 4.6846204851014885 1.2817019111084784
60993.1762 lsst_hardware_z 58.13754189666727 62.65999984741211 31.68000030517578 AB 5.199651168451085 1.2869892748115388
60993.1878 lsst_hardware_r -57.78511791097143 31.84000015258789 32.20000076293945 AB 5.13210973190024 1.2664058561135045
60995.3204 lsst_hardware_g -23.432125148644566 13.130000114440918 31.329999923706055 AB 6.09929733486093 1.2601528544947938
60995.3333 lsst_hardware_i 3.868522454600781 32.0 31.219999313354492 AB 6.280415519120842 1.2819300178082265
60999.3218 lsst_hardware_u -1.0545113784347744 2.4700000286102295 28.209999084472656 AB 6.198960212276997 1.2808651172141732
60999.334 lsst_hardware_g -7.470127636210231 13.260000228881836 31.309999465942383 AB 6.550514309382899 1.3053383768012552
61001.3188 lsst_hardware_r 16.533300538262505 22.34000015258789 31.43000030517578 AB 5.784650434164435 1.2854778742587634
61001.33 lsst_hardware_i -25.85873974905832 31.760000228881836 31.209999084472656 AB 5.888465569519445 1.3085479043376544
61009.2953 lsst_hardware_g -11.737752469694614 12.869999885559082 31.299999237060547 AB 7.470947226250423 1.282364244754117
61009.3064 lsst_hardware_i 6.991335452328163 31.920000076293945 31.209999084472656 AB 7.602520621488438 1.3047057871097139
61011.2956 lsst_hardware_z -25.47322108865872 49.47999954223633 30.940000534057617 AB 8.471179442758515 1.2935402401585803
61011.3089 lsst_hardware_r -20.481014681010226 22.719999313354492 31.43000030517578 AB 8.67269638800315 1.3228640006106085
61013.2935 lsst_hardware_r -147.71627597884404 76.55000305175781 31.59000015258789 AB 4.630794861282041 1.3004806537651414
61013.3069 lsst_hardware_y 21.513570564986193 54.0 29.959999084472656 AB 4.699629880301682 1.3313399094339045
61017.2154 lsst_hardware_r 77.7479461552371 52.56999969482422 31.59000015258789 AB 6.187835028123303 1.2156846813601776
61017.2291 lsst_hardware_i 67.58319036259198 46.77000045776367 31.270000457763672 AB 6.119252080628133 1.2243401521865012
61020.1914 lsst_hardware_i 22.7889518957436 33.86000061035156 31.239999771118164 AB 12.229314909384037 1.2108232583548553
61020.2034 lsst_hardware_z -9.420144449793844 44.61000061035156 30.93000030517578 AB 12.261585733608818 1.2140183894662198
61024.1892 lsst_hardware_g 15.383693668633004 12.850000381469727 31.329999923706055 AB 9.673502584748412 1.2128407840263928
61024.2024 lsst_hardware_r 4.032917264153041 22.209999084472656 31.450000762939453 AB 9.714459911822738 1.219041321141112
61026.1944 lsst_hardware_i -12.492747445921326 31.350000381469727 31.219999313354492 AB 10.434439404206127 1.2175541895223019
61026.2078 lsst_hardware_r 23.769819522656732 22.3799991607666 31.440000534057617 AB 10.393567330778545 1.227043218745069
61028.1996 lsst_hardware_u 4.232343266510559 2.5799999237060547 28.329999923706055 AB 6.364768524994415 1.2247790618975782
61028.2108 lsst_hardware_g 32.65654675345516 12.90999984741211 31.329999923706055 AB 6.314925100965479 1.2351327760922914
61030.1993 lsst_hardware_r 31.002697237842757 22.399999618530273 31.450000762939453 AB 5.935378202099636 1.2291960932138515
61030.2129 lsst_hardware_i -1.0237074029963518 31.520000457763672 31.219999313354492 AB 7.338252964634655 1.2437716889211279
61032.1327 lsst_hardware_r -13.86588439285208 22.059999465942383 31.459999084472656 AB 5.804694156393881 1.2145829097947092
61032.1459 lsst_hardware_i 27.17416813259853 30.829999923706055 31.229999542236328 AB 5.948341695417342 1.2108583603902985
61034.1729 lsst_hardware_i 7.896040848615016 31.56999969482422 31.219999313354492 AB 8.183540380558329 1.217758544762034
61034.1859 lsst_hardware_u -1.3264104339864085 2.509999990463257 28.25 AB 8.289346773665896 1.2270061464182374
61036.1723 lsst_hardware_g -7.522878826440821 20.40999984741211 32.119998931884766 AB 6.763510174941847 1.2207767598114156
61036.1874 lsst_hardware_r 26.94679100389512 22.329999923706055 31.459999084472656 AB 6.812593761827973 1.2335323828640583
61042.1799 lsst_hardware_r 70.9176033328383 73.63999938964844 31.600000381469727 AB 5.8204171854163835 1.2435017487714821
61042.1925 lsst_hardware_i -30.09681656710645 59.279998779296875 31.280000686645508 AB 5.80339087283746 1.2608757690116144
61054.1042 lsst_hardware_r 13.414609603564884 22.299999237060547 31.450000762939453 AB 8.357814420940867 1.211980049440381
61054.1168 lsst_hardware_i 76.30603308996051 31.290000915527344 31.219999313354492 AB 8.29727310672961 1.216965841409447
61058.0967 lsst_hardware_g 3.3156104586533437 12.90999984741211 31.31999969482422 AB 4.821052540814372 1.2129959846054528
61058.1114 lsst_hardware_r -39.43714002795095 22.329999923706055 31.450000762939453 AB 4.859056074994744 1.2202551670001809
61060.0731 lsst_hardware_r 29.44493340442633 22.139999389648438 31.440000534057617 AB 9.903621854596778 1.2105267354740188
61060.0878 lsst_hardware_i -17.41073429008104 31.040000915527344 31.219999313354492 AB 9.236816597344843 1.2119818399009143
61062.0977 lsst_hardware_i -2.150037865332884 31.329999923706055 31.219999313354492 AB 13.57992382492566 1.218522345676961
61062.1106 lsst_hardware_u -1.2444046294122975 2.5 28.25 AB 13.777173850266601 1.228048922586438
61066.0712 lsst_hardware_r -34.34912175160115 29.68000030517578 31.510000228881836 AB 14.469865423484315 1.2119322771878482
61066.0849 lsst_hardware_i 49.27817065340263 34.470001220703125 31.229999542236328 AB 16.65369723697208 1.2174496914021624
61068.0756 lsst_hardware_z -81.78742289651915 66.7699966430664 31.690000534057617 AB 14.220038925951942 1.2154918305797027
61070.0669 lsst_hardware_z 71.9174924413109 51.36000061035156 30.940000534057617 AB 13.421780537339535 1.2140914099809463
61070.0798 lsst_hardware_r 47.38178060455615 57.279998779296875 31.59000015258789 AB 13.72031795920833 1.2210490774892833
61073.0679 lsst_hardware_i -120.62754267086986 62.029998779296875 31.299999237060547 AB 8.16512130140124 1.2186748211046625
61075.0675 lsst_hardware_i 65.23010805355295 48.38999938964844 31.270000457763672 AB 11.733200538149408 1.221996237266038
61075.0816 lsst_hardware_z 3.199406076617386 53.09000015258789 30.950000762939453 AB 11.895483104926353 1.2342913727550042
61083.063 lsst_hardware_r -15.612050668624262 22.399999618530273 31.450000762939453 AB 2.4186149014770777 1.2377763057712783
61083.0741 lsst_hardware_i 27.450101208764565 31.479999542236328 31.219999313354492 AB 2.4563838699708347 1.25155428157488
