data/validation/pwv_sim_epoch_fit_epoch/41613475.ecsv
# %ECSV 0.9
# ---
# datatype:
# - {name: time, datatype: float64}
# - {name: band, datatype: string}
# - {name: flux, datatype: float64}
# - {name: fluxerr, datatype: float64}
# - {name: zp, datatype: float64}
# - {name: zpsys, datatype: string}
# - {name: pwv, datatype: float64}
# - {name: airmass, datatype: float64}
# meta: {SNID: '41613475', alt: 1024.0, c: -0.02647465094923973, dec: -14.015684, lat: -30.244573, lon: -70.7499537, ra: 284.0625, t0: 63001.6640625,
#   x0: 3.241724902137841e-06, x1: 0.4731076657772064, z: 0.7322382926940918}
# schema: astropy-2.0
time band flux fluxerr zp zpsys pwv airmass
62974.4027 lsst_hardware_z 129.33566005804582 42.854386493542684 30.959999084472656 AB 13.514875064795296 1.0439219901357764
62974.4211 lsst_hardware_y -5.498482186069971 65.05580569533994 30.06999969482422 AB 14.073087754833303 1.0427212799491203
62976.4048 lsst_hardware_u 0.6507559100029927 3.3465691394619586 28.610000610351562 AB 4.897149438429493 1.0419466890275517
62976.4226 lsst_hardware_y 191.17787217670372 68.832273161184 30.06999969482422 AB 4.54150260796804 1.0454656095691073
62985.3687 lsst_hardware_u 8.419177327761318 4.396519381588627 29.219999313354492 AB 11.988286995513057 1.04579415488628
62985.389 lsst_hardware_g 278.5288851327907 26.85427134268079 32.220001220703125 AB 13.02652170906037 1.0422468063415906
62989.3177 lsst_hardware_r 725.7608978807596 36.63774915710327 31.510000228881836 AB 13.726602663531873 1.09888277925764
62989.3364 lsst_hardware_i 900.9013233420657 42.77874467001024 31.260000228881836 AB 12.103872679983233 1.066044801830477
63001.308 lsst_hardware_r 937.3281475516965 40.50874672944567 31.540000915527344 AB 7.6627004851694265 1.0604835288789471
63001.3283 lsst_hardware_i 1119.5552918643896 47.08194020132569 31.260000228881836 AB 7.53744459508863 1.0442084407880807
63003.3024 lsst_hardware_z 605.5591758153979 49.40475035265468 30.950000762939453 AB 6.621640247092421 1.060650367946888
63003.3255 lsst_hardware_r 802.5031655897508 37.650092680234245 31.510000228881836 AB 6.4960710240263895 1.0432103780353925
63004.2957 lsst_hardware_u 0.7957861818957654 2.800280296828037 28.43000030517578 AB 8.447492201376525 1.0657054921837499
63004.3111 lsst_hardware_g 127.04496499989595 19.208799870469033 31.459999084472656 AB 8.381730514399752 1.0495201771043672
63014.2964 lsst_hardware_u -0.2859839298067514 2.8955163222223765 28.530000686645508 AB 8.280811316806284 1.0429233396481465
63014.3169 lsst_hardware_g 51.454416675369195 17.27017334923065 31.469999313354492 AB 8.173378470587892 1.0445212102988066
63016.291 lsst_hardware_r 489.2802403703138 32.62990785755407 31.510000228881836 AB 12.086584423286821 1.0429059269978274
63016.3113 lsst_hardware_i 894.5148385985087 42.04067077983813 31.260000228881836 AB 13.405282547791801 1.044458956040292
63018.285 lsst_hardware_z 1096.0523983584449 71.42405180949883 31.709999084472656 AB 6.266059731205343 1.0430684271232953
63018.3052 lsst_hardware_r 947.1081779355362 45.02528308642756 32.2599983215332 AB 7.169007484048993 1.0441822815044413
63023.2614 lsst_hardware_z 471.7046189621238 102.62445280654347 31.0 AB 6.1354986155582 1.04796719691839
63023.2831 lsst_hardware_r 206.44708579646965 150.1901965385374 31.670000076293945 AB 6.094024558447028 1.0419213903252165
63037.2634 lsst_hardware_r 140.96344573347582 26.809991084301018 31.520000457763672 AB 3.6987115382550093 1.0502978882382323
63037.2898 lsst_hardware_i 274.4345678777906 35.70105057483364 31.25 AB 3.819428425271059 1.0849107868970485
63043.2289 lsst_hardware_i 192.91479684875424 34.2212691811645 31.25 AB 6.136526665267747 1.041973058399586
63043.2511 lsst_hardware_z 124.82144501245902 44.21778568590095 30.950000762939453 AB 6.105764684690458 1.0538536672604608
63045.2181 lsst_hardware_i 155.5316635142833 34.165670930048314 31.260000228881836 AB 6.281781781252171 1.0417980482196063
63045.2391 lsst_hardware_z 91.13540985480935 43.848955994353325 30.950000762939453 AB 6.373065715920807 1.0484602641969185
63047.2089 lsst_hardware_z 170.09723936758297 49.077062090108996 30.959999084472656 AB 3.4687374907023085 1.0422889094658216
63047.2282 lsst_hardware_r 97.91806439635896 46.18736464358852 31.6200008392334 AB 3.4641079349488066 1.045189963275295
63052.1854 lsst_hardware_z 176.14716102530457 112.85065164044745 31.0 AB 3.765640485877738 1.0460112460771493
63062.0904 lsst_hardware_i 110.91440716528659 48.09483562935699 31.989999771118164 AB 7.524622146101673 1.1795619301531035
63062.1266 lsst_hardware_z 88.55418124351934 43.64677493709815 30.950000762939453 AB 7.5473541719816515 1.082627068755138
63067.1831 lsst_hardware_r -20.47921719472245 25.085184975872703 31.510000228881836 AB 3.577987984904818 1.0516277020392333
63067.1996 lsst_hardware_i 33.371580556219854 33.07806310169851 31.25 AB 3.6931854209591686 1.0710059219794592
63069.1481 lsst_hardware_z 95.97017588419695 42.55552775557763 30.950000762939453 AB 5.415508008549304 1.0424461999132444
63069.1683 lsst_hardware_u -0.676403588302215 2.8742624774790104 28.450000762939453 AB 5.732644564009865 1.0452764658135048
63072.1385 lsst_hardware_g 14.062104410941703 15.5851705926759 31.459999084472656 AB 5.8094373593059325 1.0427997413939927
63072.1576 lsst_hardware_r 15.192217185895428 24.9963853369935 31.510000228881836 AB 5.863775191388978 1.044119514136214
63073.1249 lsst_hardware_i 85.93129524087138 33.63832221614346 31.260000228881836 AB 7.6769324274424555 1.0479619271424285
63073.1447 lsst_hardware_z 18.545045842870753 43.02596601815293 30.950000762939453 AB 9.408439014504266 1.0417744862610145
63081.1033 lsst_hardware_r 198.18230040943456 186.54399450772632 32.40999984741211 AB 1.87163154579334 1.0477993258465164
63081.126 lsst_hardware_i 249.37500729750883 147.341099449588 32.09000015258789 AB 1.9374374017280847 1.0420999023190056
63085.0999 lsst_hardware_g -2.161532163824804 15.189301093637573 31.450000762939453 AB 2.9436980007173994 1.0438336931121655
63085.1201 lsst_hardware_r 64.58540903426055 36.73356373772879 31.59000015258789 AB 2.8845455028421485 1.0433610451563111
63094.0813 lsst_hardware_i -30.183650572867702 31.25 31.25 AB 6.1112081011066826 1.0421569067371559
63094.1037 lsst_hardware_r -16.044927001373473 23.969999313354492 31.510000228881836 AB 5.3823190600062905 1.0473815185041269
63102.0408 lsst_hardware_i -14.39958898087578 32.529998779296875 31.260000228881836 AB 3.1503789860286924 1.051733143200565
63102.0586 lsst_hardware_z 49.77278258217155 42.06999969482422 30.950000762939453 AB 2.611266681927796 1.0423178053798208
63108.0379 lsst_hardware_i 2.629239163594942 88.73999786376953 31.329999923706055 AB 4.904609933956735 1.043534028501433
63108.0551 lsst_hardware_z -70.45070059871458 77.70999908447266 30.989999771118164 AB 4.321979835523658 1.042697185892318
63118.0117 lsst_hardware_g -17.330933512756705 15.40999984741211 31.459999084472656 AB 2.739159634957505 1.0431582234049528
63118.0301 lsst_hardware_r -0.3006639668846749 24.280000686645508 31.510000228881836 AB 2.731965980210531 1.0433988466749322
63120.99 lsst_hardware_y 12.369806729062217 48.099998474121094 30.040000915527344 AB 3.1503794555019997 1.0508270365250165
63121.0071 lsst_hardware_i -36.806220508300655 31.540000915527344 31.25 AB 2.2025206231189833 1.0422432855170867
63122.992 lsst_hardware_y -31.570208041535906 48.209999084472656 30.049999237060547 AB 2.5746600468297856 1.045759564106594
63123.0106 lsst_hardware_i -73.81981022042136 31.59000015258789 31.260000228881836 AB 1.458792992173348 1.0419949944095344
63124.993 lsst_hardware_y -0.09995491430152217 48.209999084472656 30.049999237060547 AB 2.7866248303845795 1.04302863270789
63125.0126 lsst_hardware_g 8.905687481852409 15.609999656677246 31.469999313354492 AB 2.64759618008455 1.0440048028724567
63127.9819 lsst_hardware_y -44.29697434144029 68.66999816894531 30.06999969482422 AB 6.35002803190694 1.0440690614776291
63128.0013 lsst_hardware_i -14.259678665224437 32.0 31.260000228881836 AB 6.153239362273334 1.0429219258090396
