data/validation/pwv_sim_epoch_fit_epoch/41896095.ecsv
# %ECSV 0.9
# ---
# datatype:
# - {name: time, datatype: float64}
# - {name: band, datatype: string}
# - {name: flux, datatype: float64}
# - {name: fluxerr, datatype: float64}
# - {name: zp, datatype: float64}
# - {name: zpsys, datatype: string}
# - {name: pwv, datatype: float64}
# - {name: airmass, datatype: float64}
# meta: {SNID: '41896095', alt: 1024.0, c: -0.03212053328752518, dec: -37.544327, lat: -30.244573, lon: -70.7499537, ra: 302.167969, t0: 61678.0,
#   x0: 6.456931495153503e-06, x1: 0.7759585380554199, z: 0.5518754124641418}
# schema: astropy-2.0
time band flux fluxerr zp zpsys pwv airmass
61510.3559 lsst_hardware_r 7.145720829558296 25.239999771118164 31.479999542236328 AB 12.048210312967514 1.2251275199397527
61510.3765 lsst_hardware_u 2.4480693458612546 2.7200000286102295 28.350000381469727 AB 10.867931202608451 1.147717807192655
61517.3636 lsst_hardware_r -131.10212351053255 82.94999694824219 31.639999389648438 AB 6.997231924913418 1.128585794340874
61517.3855 lsst_hardware_z 0.7500144480682557 59.369998931884766 30.979999542236328 AB 6.534048220104252 1.074193123193334
61525.357 lsst_hardware_r 7.862430600299411 30.649999618530273 31.559999465942383 AB 11.492912327006254 1.088721998832295
61525.3751 lsst_hardware_i -82.47922939601483 34.58000183105469 31.270000457763672 AB 12.041782393013879 1.0529715278955822
61527.3599 lsst_hardware_z 3.473450984987437 42.189998626708984 30.950000762939453 AB 9.545266155461329 1.0707473135362773
61527.3785 lsst_hardware_u -2.1552305098923923 3.0199999809265137 28.549999237060547 AB 10.754041393715701 1.0395735058692757
61527.4161 lsst_hardware_g 25.87391944129538 17.649999618530273 31.530000686645508 AB 10.401221659219408 1.009272082597219
61527.4276 lsst_hardware_z 0.7209973502054543 58.91999816894531 30.989999771118164 AB 11.194226127381784 1.0080347705882076
61529.4152 lsst_hardware_i 21.848871243129228 31.360000610351562 31.260000228881836 AB 9.037779103705168 1.0083430886650864
61529.4267 lsst_hardware_y 79.72630640543403 61.54999923706055 30.06999969482422 AB 8.976161337024527 1.0085574535982613
61531.411 lsst_hardware_r 41.76545097745832 23.8799991607666 31.530000686645508 AB 2.684300325595168 1.008187915716495
61531.4251 lsst_hardware_y -28.120881219450258 56.70000076293945 30.06999969482422 AB 2.3681707003523043 1.0094504264076987
61536.3554 lsst_hardware_g 3.3565748375982327 14.850000381469727 31.459999084472656 AB 7.1080414760636685 1.0375945516478606
61536.375 lsst_hardware_r -12.03817068961505 23.56999969482422 31.520000457763672 AB 7.733166108574922 1.0175218563914372
61540.3925 lsst_hardware_r -11.289638941796808 23.329999923706055 31.510000228881836 AB 7.661563448910013 1.008056240810931
61540.4049 lsst_hardware_u 3.539721900002411 2.7799999713897705 28.489999771118164 AB 7.6935041912768325 1.01096188494785
61542.3958 lsst_hardware_g -8.554509171759571 14.59000015258789 31.459999084472656 AB 7.365593093733941 1.009665381076379
61542.4087 lsst_hardware_r 31.044761793473683 23.329999923706055 31.520000457763672 AB 7.396304118330607 1.0159409523478737
61544.2349 lsst_hardware_i 105.99253136766337 69.61000061035156 31.270000457763672 AB 11.023295049479163 1.3750471995192304
61544.2544 lsst_hardware_z 21.507721024052863 62.54999923706055 30.959999084472656 AB 9.583545408142959 1.2651545093258032
61546.2548 lsst_hardware_z 108.74936422217968 72.76000213623047 30.969999313354492 AB 7.408274679325665 1.23760018030833
61546.2706 lsst_hardware_i 16.528995327906287 84.19999694824219 31.31999969482422 AB 7.039578739720022 1.173719569786072
61550.3057 lsst_hardware_y -166.84920060002946 142.64999389648438 31.969999313354492 AB 7.700761092978778 1.0548987798601066
61554.3833 lsst_hardware_i -21.774983791328403 34.34000015258789 31.280000686645508 AB 8.28540449776354 1.021649170484006
61554.3964 lsst_hardware_z -30.02107361618515 42.959999084472656 30.959999084472656 AB 8.447843124672943 1.0357826293125105
61558.3332 lsst_hardware_z -17.2527883118788 40.90999984741211 30.959999084472656 AB 9.56928026646785 1.0088501827173022
61558.3417 lsst_hardware_r 29.4053141452745 23.110000610351562 31.510000228881836 AB 8.771531179871786 1.0079902528007347
61559.2373 lsst_hardware_i 20.626969265202842 32.060001373291016 31.239999771118164 AB 10.861179156709495 1.1659463776615073
61559.2579 lsst_hardware_z 13.182306510103873 42.33000183105469 30.950000762939453 AB 9.67606788370599 1.103985839017189
61561.3688 lsst_hardware_z -56.650872517988724 41.08000183105469 30.950000762939453 AB 5.391804732850711 1.0260332507803447
61561.38 lsst_hardware_r 14.65910890634667 23.209999084472656 31.5 AB 4.781076418434646 1.0393644387901404
61563.2586 lsst_hardware_g 1.024312609168565 14.619999885559082 31.440000534057617 AB 4.192518822060866 1.076937791436133
61563.3084 lsst_hardware_r 4.39525974784026 32.9900016784668 32.27000045776367 AB 3.31512520950384 1.0130252741035417
61563.3493 lsst_hardware_u 2.140293644468513 2.7699999809265137 28.489999771118164 AB 2.422312603890721 1.0146166095393578
61572.325 lsst_hardware_z -72.53095223233346 75.62999725341797 31.729999542236328 AB 6.596089276557175 1.0147829656241807
61574.1688 lsst_hardware_z -59.72474232447549 75.45999908447266 30.959999084472656 AB 7.457275486036242 1.2837451344527988
61574.2589 lsst_hardware_r -122.34666718946374 154.92999267578125 32.400001525878906 AB 5.189414648889829 1.028829232531708
61574.3392 lsst_hardware_i 62.86855422346111 86.4000015258789 31.34000015258789 AB 4.569267899111905 1.032564023753208
61578.2449 lsst_hardware_z 94.68800306244889 154.22999572753906 32.4900016784668 AB 2.5580120196223324 1.032358385534001
61587.1593 lsst_hardware_i -10.682471323784243 32.099998474121094 31.239999771118164 AB 9.868931221715377 1.1714444300963267
61587.1783 lsst_hardware_z 70.43094607867083 42.40999984741211 30.950000762939453 AB 8.266425797022857 1.1122622589479652
61591.1583 lsst_hardware_g 2.968319781827068 14.850000381469727 31.40999984741211 AB 4.195486163608826 1.1384536092826336
61591.177 lsst_hardware_i 17.36939862113103 31.399999618530273 31.239999771118164 AB 3.917861682030599 1.0882949116751663
61593.3041 lsst_hardware_r 43.95600260120004 23.700000762939453 31.5 AB 1.5770731011365082 1.0571375943267847
61593.3163 lsst_hardware_z 36.64778853417172 41.900001525878906 30.940000534057617 AB 1.6110388196067653 1.0809922743950562
61598.1537 lsst_hardware_r 37.147645264871535 39.41999816894531 31.59000015258789 AB 5.906143476344316 1.0982725115621985
61598.1719 lsst_hardware_i -24.329440114455846 38.880001068115234 31.290000915527344 AB 6.163215106939252 1.0596999839991836
61600.2184 lsst_hardware_z -45.30598156304991 51.689998626708984 30.969999313354492 AB 6.548050950419605 1.0088799050527735
61600.2306 lsst_hardware_r 103.20516660977992 59.97999954223633 31.649999618530273 AB 6.5362384960531665 1.0082249752893888
61608.0832 lsst_hardware_g 66.3004075047258 64.33000183105469 31.649999618530273 AB 6.454495193216204 1.248290715552386
61608.1041 lsst_hardware_r 35.70072837207122 73.44000244140625 31.6200008392334 AB 5.693778620259178 1.1639355293364815
61611.1927 lsst_hardware_r 10.775215758995035 34.97999954223633 31.600000381469727 AB 5.922278524822454 1.0081761118138408
61611.2046 lsst_hardware_i 2.1752816797825982 37.70000076293945 31.290000915527344 AB 5.912494837466694 1.008915120936256
61617.1869 lsst_hardware_g -10.763162307906049 14.819999694824219 31.459999084472656 AB 3.7178481614137517 1.0086403042359608
61617.1984 lsst_hardware_r 73.17511437244389 23.540000915527344 31.510000228881836 AB 3.6792902874640423 1.0126719293921536
61619.0627 lsst_hardware_i 15.439058261061849 32.40999984741211 31.229999542236328 AB 2.233000446751747 1.2067011330730868
61619.0824 lsst_hardware_z -9.19669657112064 42.7400016784668 30.940000534057617 AB 2.0842670605300513 1.1367695994160598
61619.1919 lsst_hardware_i 15.03347889913005 30.719999313354492 31.25 AB 1.9079128534803764 1.0121553599365392
61619.2033 lsst_hardware_z -36.128283921021065 41.15999984741211 30.950000762939453 AB 1.923039564998964 1.0195040768715515
61626.0822 lsst_hardware_r -78.93905004619685 32.20000076293945 31.56999969482422 AB 4.15970493781335 1.0865576676917763
61626.1021 lsst_hardware_y -11.949809301305024 47.77000045776367 30.049999237060547 AB 4.037948768246898 1.048545512398684
61626.1418 lsst_hardware_g -11.20700723499916 26.899999618530273 31.649999618530273 AB 4.3901633087121015 1.010568753803787
61626.154 lsst_hardware_r -56.56705475201833 31.270000457763672 31.59000015258789 AB 4.388649641514389 1.0080159957540946
61627.133 lsst_hardware_i -1.6773810276455952 38.939998626708984 31.299999237060547 AB 4.4328904573087184 1.013386525331567
61627.1442 lsst_hardware_z -35.63370780483736 44.849998474121094 30.969999313354492 AB 4.336645927503428 1.0089916071436547
61629.0651 lsst_hardware_r 28.960162013658564 65.91999816894531 31.6299991607666 AB 3.65755984449388 1.1083514680284485
61629.0841 lsst_hardware_i 70.6391256767511 58.349998474121094 31.31999969482422 AB 2.8915006390328264 1.0655327253529638
61629.1357 lsst_hardware_r -64.74849202197291 68.88999938964844 31.65999984741211 AB 3.1749288006429874 1.0098374047846652
61629.1472 lsst_hardware_z 54.83278414857286 56.66999816894531 30.989999771118164 AB 3.2101027254143295 1.0079870395900135
61631.1357 lsst_hardware_r -23.206007882948086 103.44000244140625 31.670000076293945 AB 3.0275220791223627 1.0085016919128456
61631.1472 lsst_hardware_i -73.690604505393 88.4000015258789 31.350000381469727 AB 3.0989523397809653 1.0083905872707735
61649.109 lsst_hardware_i 8.217858567332744 30.659065538574513 31.25 AB 1.085548574539263 1.0116948504555865
61649.1205 lsst_hardware_z 30.031854989046746 41.014409177616436 30.950000762939453 AB 1.044949461238039 1.0188002547007204
61653.06 lsst_hardware_r 52.42729929697994 25.78685662457967 31.530000686645508 AB 1.2167829209409227 1.0145494060096631
61653.0722 lsst_hardware_u 5.491415699492514 3.6520078359746164 28.579999923706055 AB 1.20722557958193 1.009245294341867
61654.9937 lsst_hardware_z 357.12049314022505 65.81124990841853 31.700000762939453 AB 2.307144295238015 1.1094262289263146
61655.099 lsst_hardware_r 233.68110696244977 34.71595056049374 31.579999923706055 AB 1.6298604593983474 1.015173129490948
61655.1109 lsst_hardware_i 192.5074633517723 37.56468567931626 31.280000686645508 AB 1.6739839076181686 1.0247835369559426
61671.0394 lsst_hardware_r 2138.891511854055 52.05289618432887 31.510000228881836 AB 1.5129501582395313 1.0086334388263543
61671.0521 lsst_hardware_i 1677.3662818387195 51.22171280373996 31.260000228881836 AB 1.3937671290540286 1.0132803555463676
61672.0392 lsst_hardware_z 1255.2758443974658 53.63600749390294 30.950000762939453 AB 2.876557066399768 1.0092002337971353
61672.0519 lsst_hardware_r 2234.821926128094 52.48088262303177 31.5 AB 3.0557456312274 1.0147483831837725
61674.0258 lsst_hardware_i 1774.0876727539976 52.28965629855 31.260000228881836 AB 3.4019748391467046 1.0080174342517212
61674.0384 lsst_hardware_u -2.486878249869792 3.3727375010339244 28.40999984741211 AB 3.2837152242144434 1.0107108187491554
61680.0262 lsst_hardware_i 1804.6927771826731 52.65289436369733 31.260000228881836 AB 5.042588579788632 1.012584932101668
61680.0385 lsst_hardware_r 2157.816932030882 52.601231989098764 31.510000228881836 AB 5.092802391258216 1.0209767899879267
61682.0258 lsst_hardware_u -0.49679235614783 3.2751459274537567 28.610000610351562 AB 2.44450857965354 1.0155128074445228
61682.0381 lsst_hardware_g 606.718458592025 28.788832470030844 31.5 AB 2.5124696988250554 1.0257071642478284
61684.0256 lsst_hardware_r 2156.7432271745247 55.523861632616054 31.56999969482422 AB 3.4909621723220923 1.0193334323153784
61684.0378 lsst_hardware_i 1823.290305635882 54.64725126913666 31.270000457763672 AB 3.533561296277998 1.031320334557606
61885.3301 lsst_hardware_r 34.19502024308769 24.649999618530273 31.479999542236328 AB 15.627670515161165 1.2217071412503844
61885.3484 lsst_hardware_u 0.6730674918618358 2.7100000381469727 28.360000610351562 AB 17.98100860628083 1.152628756812874
61891.3589 lsst_hardware_g 6.8151723681676435 15.109999656677246 31.459999084472656 AB 9.611607977626827 1.0799559525423401
61891.378 lsst_hardware_r -1.336738144410884 23.950000762939453 31.520000457763672 AB 9.295953642559507 1.0452035915064986
61891.4188 lsst_hardware_i -46.3835826397884 33.150001525878906 31.280000686645508 AB 9.232593341888455 1.0094678921811127
61897.3335 lsst_hardware_z -58.778152527958284 49.040000915527344 30.959999084472656 AB 6.609771355145406 1.1009863171725502
61897.3514 lsst_hardware_i -39.438741612760516 42.66999816894531 31.290000915527344 AB 6.52204436935152 1.0622222099921041
61897.4031 lsst_hardware_g 3.2509686043696697 14.720000267028809 31.450000762939453 AB 7.012635706115859 1.0092785683680383
61897.4151 lsst_hardware_y -8.771247973245439 47.599998474121094 30.049999237060547 AB 6.99386239577019 1.008051656928537
61899.3525 lsst_hardware_z -51.046299921410096 58.709999084472656 30.979999542236328 AB 8.193836407609323 1.0508960379132133
61899.3725 lsst_hardware_r -49.993833666764004 79.16999816894531 31.65999984741211 AB 7.99272303710974 1.0249708947306668
61903.3547 lsst_hardware_i -58.505541332985715 72.69999694824219 31.329999923706055 AB 6.3905477969111555 1.03248207398193
61903.3754 lsst_hardware_r -191.8233064820202 89.44999694824219 31.65999984741211 AB 6.658657092278067 1.014111649753012
61903.4145 lsst_hardware_y 63.58107893228521 79.5199966430664 30.809999465942383 AB 6.677211480566147 1.012516904655198
61908.3994 lsst_hardware_g 13.353412125532852 25.979999542236328 31.6299991607666 AB 7.929940162057963 1.0118161145872382
61908.4118 lsst_hardware_r 13.042409415997984 31.43000030517578 31.579999923706055 AB 8.085179561868198 1.0197401280418985
61918.3417 lsst_hardware_g 8.982030246769721 14.729999542236328 31.479999542236328 AB 9.219211027494133 1.0106013732522743
61918.3547 lsst_hardware_i 38.82352050247517 30.690000534057617 31.270000457763672 AB 9.089504938825893 1.0079850223261317
61926.3258 lsst_hardware_z -45.732783136992445 48.310001373291016 30.969999313354492 AB 6.445625476636332 1.0088234889284864
61926.3412 lsst_hardware_r 37.816591145673215 43.88999938964844 31.6299991607666 AB 5.248553821758553 1.0087714560919778
61944.1649 lsst_hardware_z -55.838967038919414 44.279998779296875 30.93000030517578 AB 4.2557444439582985 1.2399284562483206
61944.1826 lsst_hardware_u 0.3056202096830065 2.680000066757202 28.350000381469727 AB 3.6005918263017347 1.1687703396348414
61944.2935 lsst_hardware_z -3.471393869832706 40.91999816894531 30.950000762939453 AB 2.672776639484093 1.0091026829162193
61944.3062 lsst_hardware_u -3.4995086585957376 2.740000009536743 28.469999313354492 AB 2.7206380253375944 1.014532514109809
61947.1532 lsst_hardware_g -5.9726643069128045 14.630000114440918 31.360000610351562 AB 7.591679481123902 1.25627659790235
61947.1717 lsst_hardware_r 16.364774402128933 24.079999923706055 31.479999542236328 AB 7.218328474721403 1.1785346770885952
61950.1317 lsst_hardware_u 4.225047217677544 2.740000009536743 28.260000228881836 AB 6.570989600196981 1.326133118102317
61955.1439 lsst_hardware_z -29.776744658429152 55.959999084472656 30.959999084472656 AB 10.410029532938426 1.2013882900102408
61955.1574 lsst_hardware_r -110.30730521233973 66.12000274658203 31.6200008392334 AB 10.076234572766547 1.1522829834964023
61958.2429 lsst_hardware_y 1.0145915650556951 66.95999908447266 30.079999923706055 AB 1.814638987532491 1.0081327708513839
61958.2545 lsst_hardware_r -28.263207833762483 138.91000366210938 31.670000076293945 AB 1.59106209967717 1.008916994088283
61960.2137 lsst_hardware_r -6.792050707393498 139.67999267578125 31.670000076293945 AB 2.1787122537891377 1.0182087878440451
61960.2248 lsst_hardware_i 87.22400826771451 107.80000305175781 31.350000381469727 AB 2.1611236690740108 1.0115252371046153
61962.2212 lsst_hardware_z -37.60510848042374 62.09000015258789 30.989999771118164 AB 8.389195095448796 1.0107463970420236
61962.234 lsst_hardware_r 147.5822456326239 81.6500015258789 31.65999984741211 AB 8.366414574974359 1.008001756021007
61964.1545 lsst_hardware_z -18.245851475988534 49.029998779296875 30.959999084472656 AB 7.1196281004416155 1.091465292111231
61964.1739 lsst_hardware_r -11.721429295257888 49.630001068115234 31.6299991607666 AB 6.565741873615235 1.0527645975866224
61965.2237 lsst_hardware_i -17.170233100729195 39.16999816894531 31.299999237060547 AB 6.557539980878172 1.0081414357893546
