data/validation/pwv_sim_epoch_fit_epoch/41900754.ecsv
# %ECSV 0.9
# ---
# datatype:
# - {name: time, datatype: float64}
# - {name: band, datatype: string}
# - {name: flux, datatype: float64}
# - {name: fluxerr, datatype: float64}
# - {name: zp, datatype: float64}
# - {name: zpsys, datatype: string}
# - {name: pwv, datatype: float64}
# - {name: airmass, datatype: float64}
# meta: {SNID: '41900754', alt: 1024.0, c: 0.1079772561788559, dec: -4.031936, lat: -30.244573, lon: -70.7499537, ra: 193.007812, t0: 62970.38671875,
#   x0: 1.1020744430582697e-05, x1: -0.1458968073129654, z: 0.44199177622795105}
# schema: astropy-2.0
time band flux fluxerr zp zpsys pwv airmass
62894.3627 lsst_hardware_z 43.8421902539331 43.810001373291016 30.940000534057617 AB 13.215868592096276 1.1192063677595134
62894.3797 lsst_hardware_y 52.96137098740194 74.87999725341797 30.049999237060547 AB 13.701539958503531 1.112996219365869
62896.3617 lsst_hardware_u 2.6819648039436306 3.049999952316284 28.5 AB 12.759280881426585 1.1163789323887643
62896.3797 lsst_hardware_y -172.8612614425404 67.9000015258789 30.040000915527344 AB 12.079862340802919 1.1136079595116772
62898.3614 lsst_hardware_r -55.784076973682666 25.010000228881836 31.5 AB 13.157664511802015 1.114175046161399
62898.3784 lsst_hardware_z -11.216651906305547 54.439998626708984 30.969999313354492 AB 12.666927865396387 1.1149237861499735
62907.3373 lsst_hardware_i 108.38588198858747 90.13999938964844 31.329999923706055 AB 3.811270260692743 1.1140264804480176
62907.3571 lsst_hardware_z 65.27815398556932 78.55000305175781 30.989999771118164 AB 3.8100613384514057 1.1164742267934085
62909.3356 lsst_hardware_z 132.72161272160935 72.19999694824219 30.979999542236328 AB 6.849029635712851 1.113210830672548
62909.353 lsst_hardware_r 45.55832407513776 92.75 31.639999389648438 AB 6.91339014202555 1.1172553896666388
62911.3378 lsst_hardware_i 37.00961876682354 45.43000030517578 31.290000915527344 AB 2.6958307034508695 1.1134045238826693
62911.3554 lsst_hardware_z -61.587801332193585 49.70000076293945 30.959999084472656 AB 2.7516385913272705 1.1233470468778406
62913.2787 lsst_hardware_r 21.46705021940733 28.329999923706055 31.520000457763672 AB 5.293702928062504 1.1663135742802857
62913.2945 lsst_hardware_z -60.87323723654419 44.16999816894531 30.940000534057617 AB 5.582564063598541 1.1370556175433244
62918.314 lsst_hardware_r 21.686115143886777 24.68000030517578 31.520000457763672 AB 7.2155889656203644 1.1129872307086954
62918.3314 lsst_hardware_i -34.4891993119112 32.33000183105469 31.25 AB 7.2448242996320245 1.119237494149857
62922.2889 lsst_hardware_u -6.197736605757861 2.8299999237060547 28.459999084472656 AB 9.89285392840202 1.117415729864686
62922.3074 lsst_hardware_r -22.661722667681044 24.559999465942383 31.5 AB 10.020007762095851 1.113334195788428
62924.2966 lsst_hardware_i -7.234350400810494 32.08000183105469 31.25 AB 6.855083850769805 1.1130189723607413
62924.3156 lsst_hardware_z -11.724832949016788 42.810001373291016 30.940000534057617 AB 6.780156784702851 1.1196691907691934
62926.3057 lsst_hardware_r 6.597977574138653 24.459999084472656 31.5 AB 4.609118887820124 1.1167304687013708
62926.3229 lsst_hardware_u -2.2069470211639652 2.7799999713897705 28.43000030517578 AB 4.684017115247997 1.13295584501685
62928.3035 lsst_hardware_g 30.36423361676472 15.270000457763672 31.420000076293945 AB 6.787224811200917 1.118804056902799
62928.3213 lsst_hardware_r -11.011692128059233 24.670000076293945 31.489999771118164 AB 6.910305736301613 1.138435870889887
62931.2741 lsst_hardware_r -12.529109083227803 64.1500015258789 31.6299991607666 AB 8.676138900415626 1.11344370206177
62931.2903 lsst_hardware_i 58.36907916251954 53.599998474121094 31.299999237060547 AB 8.67473361322722 1.1158050803246438
62933.2744 lsst_hardware_z 144.8905857122489 77.08000183105469 30.979999542236328 AB 11.018768646229825 1.1130069339626085
62933.2941 lsst_hardware_r -43.64042890779515 112.95999908447266 31.639999389648438 AB 10.91341583812243 1.1222021427375248
62936.2686 lsst_hardware_z -213.09056187798467 97.58999633789062 30.989999771118164 AB 9.894369562239609 1.1132383361949771
62936.2877 lsst_hardware_r -10.19807302547602 140.89999389648438 31.639999389648438 AB 9.956098086283177 1.1238716620610165
62945.235 lsst_hardware_r 60.521133745230095 25.641106614339698 31.520000457763672 AB 5.45901709798217 1.113630578943731
62945.2539 lsst_hardware_i 32.42817369436516 33.13982198164223 31.25 AB 5.552943400581185 1.1167681304379882
62947.2338 lsst_hardware_z 56.30696808898508 44.2339870468617 30.950000762939453 AB 6.399829889118474 1.1130138937597596
62947.2527 lsst_hardware_r 132.60835102288655 26.85712614121228 31.520000457763672 AB 5.90273027626759 1.1195846699734464
62949.2365 lsst_hardware_u 0.8355009754208476 3.051491629933009 28.469999313354492 AB 6.611665216303702 1.1139813905204168
62949.2547 lsst_hardware_r 343.30052426181527 30.435430823621818 31.510000228881836 AB 6.875178331516821 1.1264321015018959
62951.2003 lsst_hardware_z 335.7172894519514 47.30447402734367 30.940000534057617 AB 8.267033098646252 1.1251491117585917
62951.2177 lsst_hardware_i 515.7164112963857 39.62125952475737 31.25 AB 7.249676893585343 1.1138640349669597
62953.2181 lsst_hardware_r 995.5061839413135 40.89007059537757 31.520000457763672 AB 8.465744349341232 1.1129862416417764
62953.2366 lsst_hardware_u 10.888180368501951 3.770030173006617 28.549999237060547 AB 8.58735990008605 1.1197983004545835
62957.2128 lsst_hardware_i 1482.7433150711572 50.3623022562702 31.260000228881836 AB 4.735208950030868 1.113511804827966
62957.2307 lsst_hardware_z 1084.1298301635413 54.33944327547833 30.950000762939453 AB 4.752356627392525 1.1241972782035623
62959.2074 lsst_hardware_r 2844.1231283666257 76.93500018200479 31.6200008392334 AB 7.002585082249082 1.113524607587578
62959.2254 lsst_hardware_z 1397.263877024552 64.08645400530608 30.959999084472656 AB 8.039709467434125 1.124356264238043
62963.2071 lsst_hardware_z 1983.022942788344 122.85443164540106 31.0 AB 11.391029166152848 1.1182201552166144
62963.2261 lsst_hardware_i 2916.0170134303835 149.6135738231282 31.329999923706055 AB 9.897232103106605 1.1389766026111314
62964.2159 lsst_hardware_z 4391.091923028637 170.0057565892125 31.739999771118164 AB 10.39652392241195 1.1288708157094047
62967.1957 lsst_hardware_r 4541.699344571503 95.12563838239876 31.6299991607666 AB 3.672688087527379 1.1179042474210774
62967.2121 lsst_hardware_i 3267.5684616004073 79.70592696973881 31.309999465942383 AB 3.17659375147784 1.1344977683849429
62971.1915 lsst_hardware_g 1196.1740307879584 37.168820619121604 31.450000762939453 AB 11.12022630249676 1.1232551820703798
62971.2073 lsst_hardware_r 3918.623624981606 68.5172981469258 31.510000228881836 AB 11.324059987244086 1.1438444431559682
62974.1862 lsst_hardware_i 3076.9606242758964 63.42599530282407 31.260000228881836 AB 14.527594917425738 1.126170148637654
62974.2052 lsst_hardware_z 2298.6334026262693 64.46180230367662 30.950000762939453 AB 14.898803976211065 1.1549460446675244
62976.1613 lsst_hardware_z 2407.754271395008 64.17494044235447 30.950000762939453 AB 7.235395997763963 1.1135947051760666
62976.179 lsst_hardware_i 2931.606581492832 63.176793358625034 31.25 AB 3.6012706332983657 1.124372254444657
62978.1566 lsst_hardware_u 1.769235508292394 2.9231170543407368 28.5 AB 11.335509052048552 1.113781287354316
62978.1748 lsst_hardware_g 749.2626995091304 31.444661303289582 31.459999084472656 AB 10.325702085001264 1.1256624970022473
62985.1581 lsst_hardware_z 3421.0930419600063 83.3440120313166 31.700000762939453 AB 9.387426138278828 1.1283303150069208
62989.1043 lsst_hardware_z 1430.4812108321169 75.52772454351998 30.979999542236328 AB 14.777022909560584 1.1184969844121093
62989.1233 lsst_hardware_r 1987.4667779668061 94.79084102189088 31.639999389648438 AB 14.776581870977031 1.1131554386964997
62992.1225 lsst_hardware_r 1457.8491884504565 148.0894726050924 31.639999389648438 AB 3.9069956196395283 1.1152223462339281
62992.1411 lsst_hardware_i 1625.0655268309752 122.58566116374841 31.31999969482422 AB 4.059968412663321 1.130884170561497
62994.1383 lsst_hardware_z 2603.7762361098125 112.0297150468333 31.729999542236328 AB 11.206074222031148 1.1343902639096166
63000.0702 lsst_hardware_z 1028.259255197104 53.69787227232792 30.940000534057617 AB 7.160830041738722 1.1216546208179696
63000.0863 lsst_hardware_u -5.707460504353844 3.184535371471869 28.450000762939453 AB 6.861085178410184 1.1133305676780205
63001.068 lsst_hardware_g 92.48881804238539 18.592134886728225 31.440000534057617 AB 7.2878114488481955 1.1212017613612608
63001.0875 lsst_hardware_r 633.1854729354266 36.240071177768016 31.5 AB 7.234367780995979 1.112979658614766
63014.052 lsst_hardware_z 1349.0724045547543 71.88145774429738 31.700000762939453 AB 8.256467272282345 1.112981434142756
63016.0412 lsst_hardware_g 185.876961082816 44.666842344211105 31.670000076293945 AB 10.730739279983014 1.1136189374804004
63016.0599 lsst_hardware_r 325.3557155845979 51.62345783324325 31.610000610351562 AB 12.130053068247857 1.1166907312541499
63018.0345 lsst_hardware_i 524.7851035982055 81.65063433154525 31.31999969482422 AB 7.574793417754997 1.113940208493382
63018.0568 lsst_hardware_z 615.0436535596021 75.55224732477929 30.979999542236328 AB 8.232869447296341 1.1181406284525794
63021.0352 lsst_hardware_i 580.6592213253158 87.51479875515561 31.31999969482422 AB 12.516143431384236 1.1130820111654562
63021.0567 lsst_hardware_z 632.1488908466745 77.40103649073951 30.979999542236328 AB 12.90827556854675 1.1249532065490218
63023.0018 lsst_hardware_z 464.90143082004363 66.28542116229706 30.969999313354492 AB 4.977053723546059 1.1271991069652298
63023.0239 lsst_hardware_g 32.09186250972419 94.44283873732974 31.700000762939453 AB 4.928809093868081 1.1132681284147148
63032.9987 lsst_hardware_r 469.102647859554 41.72137043037391 32.27000045776367 AB 10.192350706619765 1.1130361960872086
63033.022 lsst_hardware_i 828.8793004370262 54.10157623795215 32.0 AB 10.279789837505273 1.1230651679721713
63036.9615 lsst_hardware_y 123.87945083811756 51.48098460004038 30.020000457763672 AB 4.080241387013514 1.1296088740147463
63036.981 lsst_hardware_g 44.71840283981843 17.355158321688133 31.469999313354492 AB 4.055709176197902 1.114460959797912
63042.9583 lsst_hardware_y -123.40185448816376 54.279998779296875 30.030000686645508 AB 5.430192635122461 1.1175535367611569
63042.9799 lsst_hardware_i 17.617655077681626 35.25 31.270000457763672 AB 7.050084747664848 1.114006781032856
63044.9572 lsst_hardware_y -47.23578653142672 61.02000045776367 30.030000686645508 AB 7.899221929829232 1.1152367541760393
63044.9767 lsst_hardware_i -50.27380925662591 49.84000015258789 31.299999237060547 AB 7.219514317715192 1.1147820445811862
63046.9572 lsst_hardware_y 94.15478480061279 94.13999938964844 30.790000915527344 AB 2.7679325241720196 1.1134827452249674
63046.9763 lsst_hardware_z -81.26444984792094 88.4800033569336 31.729999542236328 AB 1.7914194696145105 1.1173094405076502
