data/validation/pwv_sim_epoch_fit_epoch/41948917.ecsv
# %ECSV 0.9
# ---
# datatype:
# - {name: time, datatype: float64}
# - {name: band, datatype: string}
# - {name: flux, datatype: float64}
# - {name: fluxerr, datatype: float64}
# - {name: zp, datatype: float64}
# - {name: zpsys, datatype: string}
# - {name: pwv, datatype: float64}
# - {name: airmass, datatype: float64}
# meta: {SNID: '41948917', alt: 1024.0, c: 0.08870583027601242, dec: -44.796005, lat: -30.244573, lon: -70.7499537, ra: 49.107883, t0: 60615.9296875,
#   x0: 3.3733120490327814e-06, x1: 0.9075120687484741, z: 0.7206846475601196}
# schema: astropy-2.0
time band flux fluxerr zp zpsys pwv airmass
[from data line 132]
60999.2552 lsst_hardware_i 33.508639961760906 30.559999465942383 31.229999542236328 AB 4.940777373719577 1.1376634075530627
61004.1596 lsst_hardware_r -34.22951830102689 21.469999313354492 31.489999771118164 AB 7.939971258029119 1.0329873596967531
61004.1728 lsst_hardware_g -4.627190108040056 12.75 31.3799991607666 AB 6.173493061452388 1.0368938322289012
61006.1606 lsst_hardware_r 17.69728540731359 23.75 31.510000228881836 AB 3.723587644951544 1.0343299013754288
61006.1734 lsst_hardware_i -16.15145373106787 30.5 31.25 AB 3.7565212633933456 1.0402274180388529
61009.22 lsst_hardware_z -1.060513566158777 46.790000915527344 30.950000762939453 AB 6.147740623843464 1.1183132349945244
61009.2315 lsst_hardware_i 20.700525705403265 39.099998474121094 31.270000457763672 AB 6.27055180438521 1.1472970093102137
61011.1863 lsst_hardware_r -9.213147889694953 62.43000030517578 31.639999389648438 AB 6.740309383677518 1.0667296977755094
61011.1979 lsst_hardware_z 20.455794102553867 52.869998931884766 30.969999313354492 AB 6.871364427327815 1.0847809967891093
61015.2075 lsst_hardware_i -57.25624274782566 59.22999954223633 31.309999465942383 AB 5.8632145156888384 1.1275412530170843
61015.2186 lsst_hardware_z 92.908397730193 56.84000015258789 30.959999084472656 AB 6.141024034766285 1.1571009533688152
61017.1218 lsst_hardware_z -43.10135753619011 44.68000030517578 30.959999084472656 AB 3.9401287008321013 1.0327765756533325
61017.135 lsst_hardware_r -36.754028442781404 37.869998931884766 31.600000381469727 AB 3.8327834465551582 1.0358874179878805
61020.1019 lsst_hardware_r -1.370907773871396 21.389999389648438 31.469999313354492 AB 11.032538652465055 1.0338158974666114
61020.1147 lsst_hardware_u -1.2613322277697006 2.5799999237060547 28.40999984741211 AB 11.038716412201776 1.0328623543580109
61022.1002 lsst_hardware_g -16.43027271747046 12.800000190734863 31.389999389648438 AB 12.415208005946827 1.0330940716410923
61022.1123 lsst_hardware_i 24.705667537555307 29.610000610351562 31.25 AB 12.283816515074898 1.0332664950293422
61024.105 lsst_hardware_z 9.364579042027174 40.41999816894531 30.950000762939453 AB 8.026883477785919 1.0329956807738658
61024.1196 lsst_hardware_r 15.886550747343602 21.440000534057617 31.479999542236328 AB 8.068722638532464 1.0375891409778024
61028.099 lsst_hardware_r -23.516868111447103 21.579999923706055 31.489999771118164 AB 3.1687984304895345 1.0339219415376542
61028.1116 lsst_hardware_i -6.182318873000348 29.75 31.25 AB 3.2051930280083383 1.0391850301550865
61030.1076 lsst_hardware_z 36.883701263239466 40.61000061035156 30.950000762939453 AB 3.224211801336568 1.0400683230117962
61030.1196 lsst_hardware_r -2.219168132589747 21.479999542236328 31.469999313354492 AB 3.2534697040356253 1.0495063561405242
61032.1041 lsst_hardware_u -0.1715546578393048 2.640000104904175 28.440000534057617 AB 4.460769009212725 1.041343632996512
61032.1167 lsst_hardware_r 6.46264238573551 21.670000076293945 31.479999542236328 AB 4.472203357369165 1.0520356051209516
61034.0859 lsst_hardware_g 6.314202764558568 14.319999694824219 31.440000534057617 AB 6.278433070031909 1.034892334451215
61034.0981 lsst_hardware_i 2.8183188044595635 30.15999984741211 31.25 AB 6.320071603671704 1.0409835871808981
61036.0862 lsst_hardware_z 35.5619883036734 42.08000183105469 30.950000762939453 AB 5.24577092908876 1.037277360045234
61036.0982 lsst_hardware_r -10.712022273645534 27.739999771118164 31.549999237060547 AB 5.269311738898434 1.0450836451604042
61038.0894 lsst_hardware_y -125.62871322301864 67.97000122070312 30.799999237060547 AB 7.818918412556019 1.0425224550074692
61040.0904 lsst_hardware_r -76.54050939624099 55.43000030517578 31.6299991607666 AB 7.808410346572784 1.047757174984607
61040.1034 lsst_hardware_i 102.80963573462647 48.290000915527344 31.309999465942383 AB 7.891741604140596 1.0618240242376489
61042.0834 lsst_hardware_z 37.52725840429654 54.91999816894531 30.969999313354492 AB 5.26996936190663 1.046407418596501
61042.096 lsst_hardware_r -61.64460410998308 72.31999969482422 31.639999389648438 AB 5.366490602325642 1.0594197221055455
61043.0833 lsst_hardware_z -89.59849370678246 56.34000015258789 30.979999542236328 AB 7.138445227851644 1.0487560172653891
61043.0972 lsst_hardware_r -61.089289077608484 76.77999877929688 31.649999618530273 AB 4.564725190412774 1.0644106774892799
61045.0851 lsst_hardware_i -14.925239307581595 47.83000183105469 31.299999237060547 AB 11.011690794271171 1.0562435216400272
61045.0988 lsst_hardware_z -39.24371153037229 51.099998474121094 30.959999084472656 AB 11.24248464819699 1.0745333867908426
