data/validation/pwv_sim_epoch_fit_epoch/42063539.ecsv
# %ECSV 0.9
# ---
# datatype:
# - {name: time, datatype: float64}
# - {name: band, datatype: string}
# - {name: flux, datatype: float64}
# - {name: fluxerr, datatype: float64}
# - {name: zp, datatype: float64}
# - {name: zpsys, datatype: string}
# - {name: pwv, datatype: float64}
# - {name: airmass, datatype: float64}
# meta: {SNID: '42063539', alt: 1024.0, c: -0.09320539236068726, dec: -8.838267, lat: -30.244573, lon: -70.7499537, ra: 115.664062, t0: 60038.24609375,
#   x0: 1.4720402624633188e-05, x1: -2.3307085037231445, z: 0.3908679187297821}
# schema: astropy-2.0
time band flux fluxerr zp zpsys pwv airmass
59902.3417 lsst_hardware_z 26.150737712687352 42.150001525878906 30.940000534057617 AB 6.27881319923822 1.0780003775840366
59904.3405 lsst_hardware_u 4.439443590174065 3.2300000190734863 28.520000457763672 AB 3.967681076323151 1.0758840537777485
59906.3397 lsst_hardware_i -27.78297382283288 31.420000076293945 31.239999771118164 AB 7.093652349347277 1.0743888450355756
59908.3385 lsst_hardware_r -19.785350705926287 23.06999969482422 31.489999771118164 AB 5.987680456172459 1.0737665950455324
59910.3338 lsst_hardware_g -0.689232862573145 14.039999961853027 31.420000076293945 AB 4.209019414060018 1.0737294423623063
59910.3538 lsst_hardware_y 42.06188269743944 67.04000091552734 30.059999465942383 AB 4.236500697695375 1.0809238044809317
59912.3275 lsst_hardware_i 39.37460872409582 30.610000610351562 31.25 AB 4.830891727518382 1.0737701105842394
59912.3467 lsst_hardware_z -58.77004375891025 48.27000045776367 30.959999084472656 AB 4.939975356124971 1.0797366994554114
59914.2012 lsst_hardware_r -25.55616141604623 66.88999938964844 32.9900016784668 AB 11.255918421565767 1.4504582225528515
59916.3378 lsst_hardware_r 8.977004717174061 23.270000457763672 31.5 AB 6.5463022693938955 1.0812128126748155
59918.2838 lsst_hardware_i 2.7671331506172256 47.060001373291016 31.299999237060547 AB 3.4781984770020107 1.09034435015737
59920.3031 lsst_hardware_r -60.540536830098034 83.20999908447266 31.649999618530273 AB 4.459329186926128 1.0740626679602092
59920.3217 lsst_hardware_z 41.8589878546364 59.540000915527344 30.979999542236328 AB 4.4730282134918395 1.077751557342879
59922.2992 lsst_hardware_y 20.012069414778683 57.779998779296875 30.049999237060547 AB 7.122315208689512 1.0738507664814945
59922.3196 lsst_hardware_r -18.4444634056817 100.5 31.649999618530273 AB 7.03347831378744 1.0798723085690616
59927.2948 lsst_hardware_r 42.096550764082565 83.77999877929688 31.639999389648438 AB 7.781552147338102 1.0745526555587712
59927.3132 lsst_hardware_z 2.3037223977731642 80.55999755859375 30.989999771118164 AB 7.848167946313639 1.0860010995821456
59929.2935 lsst_hardware_r 21.365004795927135 81.2300033569336 31.649999618530273 AB 11.384324137520162 1.0759612372427145
59929.3118 lsst_hardware_i -34.8117007140497 74.80999755859375 31.329999923706055 AB 11.538923758276981 1.0903776764704196
59931.2559 lsst_hardware_z 45.718672861607914 79.16999816894531 30.989999771118164 AB 5.81997003678779 1.0827179778223595
59931.2781 lsst_hardware_i 49.414443132383276 74.83999633789062 31.329999923706055 AB 5.790210541142052 1.073719348709739
59933.235 lsst_hardware_r -60.11011040769574 82.38999938964844 31.639999389648438 AB 5.501631171499119 1.1007665409161902
59933.2561 lsst_hardware_u 37.26927985784025 22.790000915527344 29.459999084472656 AB 4.635228844302076 1.078566367369741
59935.2485 lsst_hardware_g -28.63513561738664 118.23999786376953 32.470001220703125 AB 5.156916212216299 1.0799824528201205
59935.2682 lsst_hardware_r -166.2916513492128 115.8499984741211 32.400001525878906 AB 4.983362712370743 1.0737691687935236
59937.254 lsst_hardware_i -94.63350903620982 74.87999725341797 31.329999923706055 AB 6.0067969498453815 1.074641273173978
59937.2738 lsst_hardware_z 52.76860404704593 79.16999816894531 30.989999771118164 AB 5.97347564927747 1.0769487348457982
59939.2443 lsst_hardware_r -86.66871702745338 80.08999633789062 31.649999618530273 AB 7.889736081639169 1.076142137576099
59939.2654 lsst_hardware_g 46.52005272303485 81.95999908447266 31.719999313354492 AB 8.605067414524948 1.0756334268156185
59942.2454 lsst_hardware_r 20.593558532757125 83.7699966430664 31.649999618530273 AB 7.679071200092878 1.073770705459397
59942.2649 lsst_hardware_i -79.03722729328017 76.88999938964844 31.329999923706055 AB 7.762931219561467 1.0797970886478376
59944.2418 lsst_hardware_z 28.89907244939308 79.27999877929688 31.0 AB 7.190308832318425 1.0737012479663157
59944.264 lsst_hardware_i -66.63624540451448 74.81999969482422 31.329999923706055 AB 6.085281396494623 1.0833846677141097
59946.2145 lsst_hardware_r -29.125333724939043 82.44999694824219 31.649999618530273 AB 5.860256944909646 1.0830933239729503
59946.236 lsst_hardware_z -112.90611585901028 80.08000183105469 30.989999771118164 AB 5.905364781959678 1.0737026876290319
59948.2164 lsst_hardware_y 76.92087506979001 79.04000091552734 30.049999237060547 AB 2.832135655313262 1.077813899015576
59948.2366 lsst_hardware_r 68.49150871902258 83.58999633789062 31.639999389648438 AB 2.8016882408168904 1.0743356199208374
59950.2098 lsst_hardware_i 14.60163932068633 75.81999969482422 31.329999923706055 AB 7.571164103700052 1.0784877999620213
59950.2316 lsst_hardware_z -0.6232228624392832 79.98999786376953 30.989999771118164 AB 7.529149501414615 1.0744415984894204
59952.2174 lsst_hardware_r -44.35680184449936 82.62000274658203 31.649999618530273 AB 8.623096192938172 1.0738266172209063
59952.2412 lsst_hardware_z -4.470137729353856 79.8499984741211 30.989999771118164 AB 8.723518151048621 1.0825573978281413
59954.2084 lsst_hardware_r -250.30776758245275 117.37999725341797 32.38999938964844 AB 7.683492185253038 1.0744264548509754
59954.2309 lsst_hardware_i 17.45278405973724 107.6500015258789 32.06999969482422 AB 7.710900956203838 1.0789632746935722
59956.1914 lsst_hardware_z -70.6517443115504 79.9000015258789 30.989999771118164 AB 6.743042550481208 1.0798082444455859
59956.2103 lsst_hardware_i 13.347015046542262 75.73999786376953 31.329999923706055 AB 5.562709372479734 1.0737266558856795
59965.166 lsst_hardware_i -166.69678213072197 73.80999755859375 31.329999923706055 AB 12.868744416940423 1.0803932794386575
59965.1861 lsst_hardware_z -2.415493166881368 78.58000183105469 30.989999771118164 AB 12.348052011541236 1.0737436531774989
59972.1473 lsst_hardware_r -24.534153951174794 81.16999816894531 31.639999389648438 AB 12.765986696543155 1.080093634430297
59972.165 lsst_hardware_i -31.708693308202207 74.77999877929688 31.329999923706055 AB 12.77264823073792 1.0736926892012373
59976.1478 lsst_hardware_z 47.61070240684498 113.0999984741211 31.739999771118164 AB 9.092310389014724 1.0745506575683652
59978.1104 lsst_hardware_y -13.658406991190496 78.38999938964844 30.059999465942383 AB 8.03598340111881 1.1034144313502725
59978.1285 lsst_hardware_r -33.29347071293398 82.55000305175781 31.649999618530273 AB 8.10240300364018 1.081931275940645
59982.1115 lsst_hardware_r -55.746143521841965 81.2300033569336 31.649999618530273 AB 6.000971017514965 1.087608587850653
59982.1308 lsst_hardware_z -36.171146710829014 79.58000183105469 31.0 AB 5.356746897498817 1.0747168255531745
59988.0983 lsst_hardware_u 52.14833425277395 22.780000686645508 29.440000534057617 AB 3.6917202618774256 1.0844445213710585
59988.1152 lsst_hardware_g -138.73078466327584 85.1500015258789 31.709999084472656 AB 3.6632558652353744 1.0745049102398945
59992.0867 lsst_hardware_z -19.942305795420967 79.95999908447266 30.989999771118164 AB 2.5201024004123043 1.0850817655166005
59992.1035 lsst_hardware_u -20.470536476076937 22.920000076293945 29.459999084472656 AB 2.5433070021996955 1.0747124454678443
59994.0884 lsst_hardware_g 129.0243733286922 83.9800033569336 31.709999084472656 AB 3.553081818199118 1.0792806434220836
59994.1059 lsst_hardware_r -178.12916084829916 82.44000244140625 31.649999618530273 AB 3.532889162556638 1.0736905141364987
60000.059 lsst_hardware_u 17.797577367165133 22.510000228881836 29.450000762939453 AB 9.722911966873346 1.0913890239229236
60000.0775 lsst_hardware_g -65.87464774009666 82.06999969482422 31.719999313354492 AB 9.68068882727454 1.0762299974735454
60002.0572 lsst_hardware_r 62.38979025784386 82.37000274658203 31.639999389648438 AB 8.57100470128562 1.0872770139903107
60002.0757 lsst_hardware_i 4.38434198818383 75.81999969482422 31.329999923706055 AB 8.405371098067244 1.0748556391390336
60004.0623 lsst_hardware_z 207.6510887383674 113.08000183105469 31.739999771118164 AB 4.00071609227136 1.0785054838310038
60009.05 lsst_hardware_i -65.3922006007837 74.69999694824219 31.329999923706055 AB 5.604072894189033 1.0777063258055832
60009.0696 lsst_hardware_z -88.62877396530125 79.11000061035156 30.989999771118164 AB 5.640022793427358 1.074221851328936
60011.0435 lsst_hardware_i -91.5926511145296 74.84297393682002 31.329999923706055 AB 10.051673798904277 1.078312941058925
60011.0621 lsst_hardware_z -46.41279740602765 79.41519646162287 30.989999771118164 AB 10.018438597681552 1.0738835477639896
60013.0408 lsst_hardware_g 20.015672992076205 83.16680812621382 31.719999313354492 AB 11.100855757008542 1.0767946737054603
60013.0598 lsst_hardware_r -36.33936870363954 81.68261612001147 31.649999618530273 AB 10.874782444572723 1.074477071887418
60017.0397 lsst_hardware_u -41.61121271644106 23.328742391661375 29.459999084472656 AB 14.912836144871475 1.073831585589305
60017.0595 lsst_hardware_g -74.98777240320479 83.91606385007766 31.719999313354492 AB 14.006402769496114 1.0793528977263873
60019.009 lsst_hardware_y 125.2607094764809 78.33057584200749 30.059999465942383 AB 8.85195783955087 1.0892036224376611
60019.0281 lsst_hardware_r -116.59149663406762 81.79698167790544 31.649999618530273 AB 8.713372517747084 1.0752382688182958
60022.0065 lsst_hardware_y 275.248332452312 78.67768932238465 30.059999465942383 AB 7.363983850841735 1.0834964836079946
60022.0257 lsst_hardware_u 99.66270493485776 25.81411482573288 29.479999542236328 AB 7.32380204888667 1.073871268165201
60025.0022 lsst_hardware_y 542.7224313157461 80.29829185854783 30.06999969482422 AB 5.704289431979408 1.0803578469657968
60025.0197 lsst_hardware_r 1501.8115331259114 89.93652524809787 31.649999618530273 AB 5.6662539169040755 1.0736964218488858
60027.0011 lsst_hardware_y 488.7193820768718 81.8047559493485 30.059999465942383 AB 5.158841008043527 1.0775647014189786
60027.0202 lsst_hardware_r 2619.446888611414 97.14664239864561 31.649999618530273 AB 5.104992441309046 1.074169898223892
60028.9978 lsst_hardware_z 1607.4631311059143 89.43697270302258 30.989999771118164 AB 8.818728082361138 1.076461091552403
60029.0153 lsst_hardware_g 2312.265128379408 97.67845772016248 31.709999084472656 AB 7.947207843492072 1.0742857446256275
60030.9895 lsst_hardware_y 527.5100586690374 82.20500135017929 30.059999465942383 AB 6.734302034390234 1.077948250089151
60031.0075 lsst_hardware_i 2921.4859763122467 92.08537588650903 31.329999923706055 AB 7.415518537265337 1.0738827771672141
60035.9852 lsst_hardware_y 763.0534004958946 81.95729683004166 30.059999465942383 AB 8.390788196189176 1.0742500624588367
60036.0037 lsst_hardware_r 5527.735525868799 111.38513666670927 31.649999618530273 AB 8.46045033806861 1.0770326323604273
60037.9837 lsst_hardware_y 929.478262862577 82.44275981277427 30.059999465942383 AB 6.700814197947459 1.0737193763485893
60038.003 lsst_hardware_z 2528.55888009389 93.59383969334826 30.989999771118164 AB 5.507646146095839 1.079930616881537
60267.3431 lsst_hardware_r -85.03117617916834 83.79000091552734 31.639999389648438 AB 6.275215682447102 1.0775831512051426
60269.2804 lsst_hardware_g -99.05925243426789 83.2699966430664 31.670000076293945 AB 3.938696151613385 1.1811363909273511
60271.3444 lsst_hardware_z 128.77399383982785 79.47000122070312 30.989999771118164 AB 7.09331440712972 1.0737684540008658
60273.3377 lsst_hardware_y 13.904183487805186 78.5999984741211 30.049999237060547 AB 5.996050630618747 1.0738874595896386
60275.3291 lsst_hardware_r 6.383975384700146 80.05000305175781 31.649999618530273 AB 4.164065563945401 1.0744589250279282
60275.3492 lsst_hardware_z -93.97739784010253 78.66999816894531 30.989999771118164 AB 4.25777955440923 1.0774642482688899
60279.3315 lsst_hardware_z 211.5683266717344 79.0199966430664 30.989999771118164 AB 7.489435574584972 1.0746786590020048
60279.3514 lsst_hardware_y -34.17553699643108 77.6500015258789 30.049999237060547 AB 7.8268819405726555 1.0880744124985156
60281.3294 lsst_hardware_i -80.68224945051124 75.81999969482422 31.329999923706055 AB 6.610872575939404 1.0758311398905043
60281.3478 lsst_hardware_y 26.471185289529817 78.2699966430664 30.049999237060547 AB 6.600116064903877 1.0901499031341764
60283.3023 lsst_hardware_z -65.98139441388774 79.93000030517578 30.989999771118164 AB 3.338747965970172 1.076147611916252
60283.3217 lsst_hardware_r 19.737643674579694 82.31999969482422 31.639999389648438 AB 3.358518253758046 1.0750125112053848
60285.3048 lsst_hardware_u 49.3526267873223 22.799999237060547 29.459999084472656 AB 4.464200427064256 1.0738995494501993
60285.3238 lsst_hardware_g 16.34721454676191 82.91999816894531 31.719999313354492 AB 4.50985166725728 1.0785678413402295
60291.2945 lsst_hardware_r -67.94891550552579 82.41999816894531 31.639999389648438 AB 10.786471610366412 1.073850628230545
60291.3123 lsst_hardware_i 136.65420955639823 75.6500015258789 31.31999969482422 AB 10.866515851385515 1.0820708186728365
60292.2943 lsst_hardware_z -8.953903703502379 41.70000076293945 30.950000762939453 AB 7.768487869006438 1.0742567750821013
60292.3141 lsst_hardware_r 26.573193734642555 22.729999542236328 31.489999771118164 AB 7.836130099325198 1.086189081826715
60294.2937 lsst_hardware_u -1.4427541245979345 2.700000047683716 28.440000534057617 AB 11.386286152240821 1.0757411054357944
60294.3117 lsst_hardware_r 29.252427773413853 22.799999237060547 31.489999771118164 AB 11.534239401456746 1.0894496979900692
60296.2544 lsst_hardware_i -28.381948002696063 43.58000183105469 32.0 AB 5.683612434720217 1.084658861587999
60296.2789 lsst_hardware_z -27.836714727645433 41.439998626708984 30.940000534057617 AB 5.820918176582864 1.0737060089612596
60300.229 lsst_hardware_z -60.18076061427853 64.05000305175781 31.700000762939453 AB 5.25311788044371 1.1026310051657255
60300.2492 lsst_hardware_r -26.36542659173087 32.15999984741211 31.56999969482422 AB 5.128018569815935 1.0799617907650267
60302.2253 lsst_hardware_y -11.21523366105245 50.86000061035156 30.040000915527344 AB 7.625496224346124 1.0999633933423907
60302.2471 lsst_hardware_g -6.639037416752694 61.06999969482422 31.709999084472656 AB 7.663103159972806 1.0778175522123694
60305.2217 lsst_hardware_r 178.76042281719984 108.73999786376953 31.649999618530273 AB 5.549699486741762 1.0936445929138678
60305.2451 lsst_hardware_i 29.377290400556983 85.63999938964844 31.329999923706055 AB 5.437562884756048 1.075042088722034
60307.2464 lsst_hardware_z -25.615712396473544 68.61000061035156 30.989999771118164 AB 7.640684908150054 1.0737331236860204
60307.2674 lsst_hardware_r -33.89637448481168 97.69999694824219 31.649999618530273 AB 7.77301923089632 1.0811000448632442
60309.2458 lsst_hardware_z 99.2032118218094 56.93000030517578 30.969999313354492 AB 7.265532878365314 1.0738959998568052
60309.2667 lsst_hardware_r 46.03488573736285 69.76000213623047 31.639999389648438 AB 6.103782965264062 1.0852134350189262
60313.213 lsst_hardware_z -80.8071678163245 43.13999938964844 30.950000762939453 AB 2.816500099766483 1.0804642178062658
60313.2346 lsst_hardware_r -5.930138341489017 29.770000457763672 31.549999237060547 AB 2.8066230160302674 1.0738601598177218
60315.2101 lsst_hardware_u 2.3570055127329943 3.740000009536743 29.1200008392334 AB 7.5711541411081855 1.0787168704086514
60315.2314 lsst_hardware_g 9.238973473538184 20.729999542236328 32.18000030517578 AB 7.548580638595079 1.0742252225124636
60317.2073 lsst_hardware_r -4.036636335652106 22.8799991607666 31.489999771118164 AB 7.378674428755185 1.0771787487233786
60317.2293 lsst_hardware_i 83.13562530353511 30.729999542236328 31.239999771118164 AB 8.64868094586184 1.0751382597335786
60319.2104 lsst_hardware_z -64.70911516514352 41.529998779296875 30.940000534057617 AB 7.712080810795413 1.07413089590688
60319.2327 lsst_hardware_r -21.841889689923253 22.920000076293945 31.489999771118164 AB 7.821860954755615 1.0796840335545796
60323.1826 lsst_hardware_i 92.16188820617496 31.09000015258789 31.25 AB 8.596979419137796 1.0829248512518217
60323.2024 lsst_hardware_z -53.88405514362665 41.81999969482422 30.950000762939453 AB 8.505692521420176 1.0737477146273025
