data/validation/pwv_sim_epoch_fit_epoch/42123696.ecsv
# %ECSV 0.9
# ---
# datatype:
# - {name: time, datatype: float64}
# - {name: band, datatype: string}
# - {name: flux, datatype: float64}
# - {name: fluxerr, datatype: float64}
# - {name: zp, datatype: float64}
# - {name: zpsys, datatype: string}
# - {name: pwv, datatype: float64}
# - {name: airmass, datatype: float64}
# meta: {SNID: '42123696', alt: 1024.0, c: -0.08794023841619492, dec: -4.480799, lat: -30.244573, lon: -70.7499537, ra: 93.339844, t0: 60704.55078125,
#   x0: 8.466432430541277e-06, x1: 0.7863836884498596, z: 0.4928925037384033}
# schema: astropy-2.0
time band flux fluxerr zp zpsys pwv airmass
60603.3537 lsst_hardware_r 105.7999673814868 75.16000366210938 31.639999389648438 AB 2.822214190628175 1.1201855683371844
60603.3723 lsst_hardware_y 2.818487790084003 66.44999694824219 30.049999237060547 AB 2.7987118643950297 1.1105264986687962
60611.348 lsst_hardware_g -5.576486901430449 14.399999618530273 31.440000534057617 AB 3.9138986654633237 1.1109561922972817
60611.3658 lsst_hardware_y -43.62864110113365 59.560001373291016 30.049999237060547 AB 3.918007974812603 1.1135977190373465
60615.345 lsst_hardware_r 7.292471894078322 23.0 31.489999771118164 AB 2.885760819469577 1.110477483120624
60615.3619 lsst_hardware_y 69.13112437292999 56.279998779296875 30.030000686645508 AB 2.9024825392862836 1.1183467271844982
60620.3084 lsst_hardware_i -16.047287201140076 30.899999618530273 31.25 AB 6.443699840646228 1.1191836457917896
60620.3275 lsst_hardware_y 113.63896496577145 47.75 30.030000686645508 AB 6.437965430439675 1.1103769283269929
60622.3129 lsst_hardware_z -5.61289310380116 42.310001373291016 30.940000534057617 AB 8.901187463590796 1.1126484329488495
60622.3311 lsst_hardware_r 19.470450897175112 23.010000228881836 31.489999771118164 AB 8.892833005199966 1.1116041256499958
60624.3091 lsst_hardware_z -14.392147803707891 41.880001068115234 30.950000762939453 AB 2.2087475952478317 1.1119722748352903
60624.3264 lsst_hardware_g 2.565123504037179 13.710000038146973 31.399999618530273 AB 2.1644294940911313 1.1118644661428225
60626.3123 lsst_hardware_r -32.67516310770719 22.700000762939453 31.479999542236328 AB 4.511862759830021 1.1103390574209475
60626.3305 lsst_hardware_z -25.022779103236008 42.06999969482422 30.940000534057617 AB 4.492739763605553 1.1172495526528334
60629.3092 lsst_hardware_r 30.90451967979091 88.18000030517578 31.639999389648438 AB 5.326130192110628 1.1108543821698738
60629.3267 lsst_hardware_y 69.84098854786313 54.52000045776367 30.030000686645508 AB 5.373033030261799 1.1210459338626186
60631.3096 lsst_hardware_z -346.035124369551 104.05999755859375 31.729999542236328 AB 5.088670733819707 1.1128047673914148
60633.2958 lsst_hardware_r 169.4494682471754 78.02999877929688 31.6299991607666 AB 5.419435278255388 1.1104641646585727
60633.314 lsst_hardware_i 38.905920139433576 66.12000274658203 31.309999465942383 AB 5.409328209391354 1.1194029542785027
60635.1578 lsst_hardware_z -38.44338866609023 47.880001068115234 30.8799991607666 AB 6.654217024601472 1.5941744553737878
60635.1862 lsst_hardware_r 20.91231288024845 34.22999954223633 31.489999771118164 AB 5.049234315140549 1.3700269475353142
60640.3027 lsst_hardware_u -2.8765902341444094 2.799999952316284 28.459999084472656 AB 4.366550595360806 1.1276520357313724
60640.3231 lsst_hardware_g 0.565340062313756 15.109999656677246 31.43000030517578 AB 4.451498572484978 1.1626506229147835
60642.1839 lsst_hardware_g 1.0563419367391371 14.09000015258789 31.34000015258789 AB 5.65308397758084 1.2812973657254851
60642.201 lsst_hardware_r -1.9703919993390588 23.530000686645508 31.459999084472656 AB 5.280076659534088 1.2145552812913867
60644.2625 lsst_hardware_i -31.68694257415262 31.239999771118164 31.239999771118164 AB 8.660681741814983 1.110343813053203
60644.2818 lsst_hardware_r -25.694108652703136 23.280000686645508 31.489999771118164 AB 8.629165349395995 1.1175865759296193
60646.2661 lsst_hardware_u 0.15958518562113996 2.7200000286102295 28.420000076293945 AB 6.924102564276682 1.1117710544869994
60646.2845 lsst_hardware_g -6.869963046617359 14.170000076293945 31.399999618530273 AB 6.999436030220327 1.1254835883202594
60648.2649 lsst_hardware_r 49.65122349578238 23.079999923706055 31.489999771118164 AB 3.5516880409926554 1.1136436594787662
60648.285 lsst_hardware_i 29.49684156596136 31.299999237060547 31.239999771118164 AB 3.625298712321226 1.1331419188334733
60650.2555 lsst_hardware_z 61.212548565748826 42.40999984741211 30.940000534057617 AB 5.0910375654442515 1.1118837161767408
60650.2744 lsst_hardware_r -5.812067851834397 23.31999969482422 31.479999542236328 AB 5.165857312424057 1.1264407571791775
60652.2601 lsst_hardware_z 74.24845815534246 42.54999923706055 30.940000534057617 AB 7.503462747015878 1.1176955432496343
60652.2784 lsst_hardware_g 3.7493585868115558 14.270000457763672 31.399999618530273 AB 7.606707709760313 1.1397239670009938
60654.259 lsst_hardware_r 35.663665431161135 23.5 31.489999771118164 AB 10.633658783711125 1.121575654858256
60654.2774 lsst_hardware_z 29.13642601583103 43.060001373291016 30.940000534057617 AB 10.98230937459876 1.1474568357119173
60658.2372 lsst_hardware_z -68.50956013195658 100.43000030517578 31.729999542236328 AB 8.976452910969538 1.1134315974946292
60662.191 lsst_hardware_z 60.20660770252254 61.11000061035156 30.979999542236328 AB 5.844858591871243 1.121710323414389
60662.2094 lsst_hardware_r -8.86075739634491 76.91000366210938 31.639999389648438 AB 5.682840592070333 1.1107976137745657
60663.2032 lsst_hardware_z 78.27938742640708 54.04999923706055 30.969999313354492 AB 4.225008385529984 1.1117467903330878
60663.2224 lsst_hardware_g -5.981532846407271 61.959999084472656 31.700000762939453 AB 5.52956192557331 1.112867808920345
60665.2047 lsst_hardware_r 10.518794410209761 37.22999954223633 31.59000015258789 AB 4.032252497596231 1.11035453603062
60665.2221 lsst_hardware_z 57.589324560727114 46.61000061035156 30.959999084472656 AB 5.325691896577201 1.1158344581995958
60668.1979 lsst_hardware_r 15.759596888201724 23.389999389648438 31.489999771118164 AB 7.461537051765472 1.1103202378560262
60668.216 lsst_hardware_u 1.5657004263263345 2.799999952316284 28.450000762939453 AB 7.423939044441289 1.1173619532584405
60670.165 lsst_hardware_u 2.888574590678338 2.7100000381469727 28.40999984741211 AB 5.5150859119561755 1.1262172579041299
60670.1835 lsst_hardware_g -9.927141050592303 14.399999618530273 31.420000076293945 AB 6.141327693739969 1.1119550414158499
60672.1683 lsst_hardware_r 27.82743088866268 23.450000762939453 31.489999771118164 AB 7.836365354199037 1.1176047854243782
60672.188 lsst_hardware_i -11.716484510372076 31.350000381469727 31.239999771118164 AB 7.794904651950082 1.1103457358284587
60674.1675 lsst_hardware_z 12.080278482710657 42.40999984741211 30.940000534057617 AB 7.353870470004807 1.1143916457046754
60674.1884 lsst_hardware_r -9.045420480200244 23.43000030517578 31.489999771118164 AB 7.262979158124468 1.1113544482803976
60676.1672 lsst_hardware_u 0.552927626042369 3.8528735179714593 29.110000610351562 AB 7.781928587459853 1.1119217028846864
60676.1877 lsst_hardware_g -12.886271302309092 20.297603660819085 32.15999984741211 AB 7.792137264642185 1.1132443693560576
60678.1659 lsst_hardware_r 50.36164889475732 23.94600415782418 31.479999542236328 AB 4.256688181875653 1.1107543040969803
60678.1864 lsst_hardware_z 41.11080410223103 42.3975204179378 30.940000534057617 AB 4.209121117950685 1.1156885804781813
60680.1642 lsst_hardware_r 110.17109199768196 25.393374258226704 31.489999771118164 AB 12.630539324870416 1.1103282778665033
60680.1852 lsst_hardware_u 0.9998303732002797 3.5218535439196743 28.360000610351562 AB 12.66212807114069 1.1189661822483692
60682.1316 lsst_hardware_z 106.46834848859467 45.77300014432607 30.950000762939453 AB 8.998855242154384 1.1269699739704937
60682.1531 lsst_hardware_g 79.90072241452116 23.22838102409642 31.559999465942383 AB 8.835988777429206 1.111188880228359
60684.1296 lsst_hardware_r 653.8909674905997 57.269138534457795 31.610000610351562 AB 7.18759505332766 1.1230617270824468
60684.1506 lsst_hardware_i 362.88539332221063 51.160161946213684 31.290000915527344 AB 7.107636273026514 1.1105681676603927
60686.1302 lsst_hardware_z 593.9308789588079 67.49432072795388 30.979999542236328 AB 5.392775268510073 1.117499926127558
60686.1521 lsst_hardware_r 1256.0784446185771 89.93505412504774 31.6299991607666 AB 5.371534610490692 1.1105669324423801
60688.1318 lsst_hardware_z 1029.7094462934047 116.35105836200131 31.739999771118164 AB 5.495056346215269 1.1130355167541561
60692.1161 lsst_hardware_r 2232.197858489074 69.91854654271394 31.6200008392334 AB 2.3337377337949055 1.1158200974395915
60692.135 lsst_hardware_y 299.6095104455792 53.852420004437306 30.030000686645508 AB 1.4517554128416286 1.110470739042551
60694.1189 lsst_hardware_g 1329.4752362618774 44.2566628207023 31.59000015258789 AB 4.305296330703396 1.1116179526732237
60694.138 lsst_hardware_r 2544.5264218811853 62.35736792161214 31.579999923706055 AB 4.542026169125585 1.1129689216186405
60695.1179 lsst_hardware_i 1779.432192169802 51.082508722872525 31.239999771118164 AB 8.499401068554246 1.1111054406894916
60695.1387 lsst_hardware_z 1128.960202939663 55.75131552456772 30.950000762939453 AB 8.272738398801852 1.114849187898645
60697.1135 lsst_hardware_r 2794.6261196163723 57.59013348366837 31.479999542236328 AB 12.396196480174652 1.1108532429400033
60697.1332 lsst_hardware_u 14.479590746142314 4.515869168713151 28.360000610351562 AB 11.433635705398993 1.1148240742393714
60701.1055 lsst_hardware_z 1702.777269738584 56.962823612715226 30.950000762939453 AB 15.196817696364157 1.1104049951675692
60701.1229 lsst_hardware_r 3042.583321455835 59.97680236701207 31.489999771118164 AB 15.240174326287054 1.1152163079947597
60705.0749 lsst_hardware_g 1233.676308457144 37.5001814201013 31.40999984741211 AB 12.46547611509691 1.120433485743541
60705.0934 lsst_hardware_r 3015.1315147312735 60.08442445700645 31.5 AB 13.947188585197672 1.1105407381367294
60707.0739 lsst_hardware_i 2076.5581393845864 54.73458012925947 31.25 AB 9.075799253688114 1.11670075305817
60707.0907 lsst_hardware_z 1609.8805150723142 57.70871107396069 30.950000762939453 AB 8.470201757442908 1.1103122114973663
60711.069 lsst_hardware_g 1097.0427590901852 41.5467930957653 31.610000610351562 AB 6.6628624337402185 1.1130277609087857
60711.0883 lsst_hardware_i 2105.835421868513 56.810191254402405 31.270000457763672 AB 6.884165107525583 1.1116341643607845
60713.065 lsst_hardware_z 1487.6048524622088 64.4117923951873 30.969999313354492 AB 7.000145824305575 1.1123702247426464
60713.083 lsst_hardware_r 2779.739389449016 76.12024227606837 31.6200008392334 AB 6.953700710024328 1.1116879407454194
60714.0748 lsst_hardware_y 991.5398800007536 79.92148646195068 30.780000686645508 AB 11.021019442013346 1.1104488178152272
60716.0339 lsst_hardware_z 1374.9878353597019 76.89443928176595 30.979999542236328 AB 2.8334221548649112 1.1333688619459645
60716.0525 lsst_hardware_r 2450.8241395603795 101.37384252911085 31.639999389648438 AB 2.8978767719455534 1.1145679892098281
60718.0593 lsst_hardware_z 1285.17902393119 76.36568735419763 30.979999542236328 AB 2.2437113114884335 1.110381711393211
60718.0774 lsst_hardware_r 2280.5453723390756 108.0770125019286 31.639999389648438 AB 2.2160275717406828 1.1158245577747647
60720.0298 lsst_hardware_y 258.2884612216992 57.12313667910238 30.030000686645508 AB 2.8842426320112327 1.12468030103772
60720.0468 lsst_hardware_z 1110.5861745847383 64.50517807681743 30.969999313354492 AB 2.8135566711606264 1.1120044810594776
60722.0279 lsst_hardware_y 347.87775323318266 54.12693399806635 30.020000457763672 AB 3.1331380501053214 1.1209796243668724
60722.0459 lsst_hardware_i 1421.5025866081141 49.14451881928271 31.239999771118164 AB 2.6657128307376112 1.1107136794740047
60727.0195 lsst_hardware_y 281.1597119099132 62.01497851320631 30.040000915527344 AB 4.353391796945697 1.1165405993705304
60727.0369 lsst_hardware_g 276.33539827752463 21.015614281973285 31.40999984741211 AB 4.505602253098273 1.110301195933532
60729.0229 lsst_hardware_z 829.5960942108632 53.14211067615002 30.950000762939453 AB 7.874380270957817 1.1117556915958045
60729.0405 lsst_hardware_i 1060.6818301767116 45.4909711704064 31.25 AB 7.889296768308242 1.1121214329143387
60731.0164 lsst_hardware_y 252.80284330814854 61.070587480640114 30.040000915527344 AB 10.418554777639322 1.1121429096540696
60731.0349 lsst_hardware_r 802.1114634813289 36.90829905536126 31.479999542236328 AB 10.648042790388608 1.1120671321554683
60733.0153 lsst_hardware_y 267.1329748973014 60.908656151118855 30.040000915527344 AB 8.860760827589601 1.1108234340539194
60733.0335 lsst_hardware_r 737.6127782893033 35.60838968642835 31.489999771118164 AB 8.838946062995996 1.1139890431654162
60736.0135 lsst_hardware_y 234.1779963994515 57.71213074875114 30.030000686645508 AB 2.7042353050254087 1.1103409176864747
60736.0318 lsst_hardware_z 753.6441466090128 49.97234965565442 30.940000534057617 AB 2.7373279013040026 1.1185321897247942
60973.3641 lsst_hardware_i 36.98078519310817 33.869998931884766 31.260000228881836 AB 4.092601990332828 1.1104102352354603
60975.3546 lsst_hardware_r -44.3907786678083 23.579999923706055 31.489999771118164 AB 3.4129458300111573 1.1104427623266397
60977.3468 lsst_hardware_g 15.48702492748694 14.0 31.40999984741211 AB 3.9547335069663982 1.1107761933245197
60977.3653 lsst_hardware_y -110.16469230861186 57.939998626708984 30.040000915527344 AB 4.0146199159602665 1.114449870258368
60980.3449 lsst_hardware_r 15.50752631813592 22.920000076293945 31.469999313354492 AB 5.650742457290195 1.1104018453089615
60980.3636 lsst_hardware_y 27.321819599152224 59.68000030517578 30.030000686645508 AB 5.705574268884125 1.1191972411378523
60992.3102 lsst_hardware_u 7.689425744066949 3.890000104904175 28.649999618530273 AB 4.471040072320651 1.1103346550742674
60992.3279 lsst_hardware_g -13.894330303189001 20.979999542236328 31.540000915527344 AB 4.520316197412797 1.1168168492680546
60994.3108 lsst_hardware_r 20.835277180165637 23.43000030517578 31.489999771118164 AB 5.796382378193838 1.1110566184001989
60994.3286 lsst_hardware_i -60.77526570041586 31.56999969482422 31.239999771118164 AB 5.841966397169747 1.1222321311077186
60996.3042 lsst_hardware_i 14.325551751256805 30.959999084472656 31.239999771118164 AB 4.139401677002924 1.1108014697446047
60996.3243 lsst_hardware_z 2.4441011688595635 42.22999954223633 30.940000534057617 AB 4.2148609883010595 1.1234386588395837
61000.2974 lsst_hardware_g 10.892562392945461 13.800000190734863 31.399999618530273 AB 4.635560120698461 1.1119784397477568
61000.3172 lsst_hardware_r 45.24615765130749 22.850000381469727 31.479999542236328 AB 4.725081669951331 1.1278390428336749
61003.1805 lsst_hardware_i -9.684932462286989 57.369998931884766 32.400001525878906 AB 10.661126230658653 1.3592596129187986
61003.1977 lsst_hardware_r -22.941077295795047 23.40999984741211 31.450000762939453 AB 9.954707360913634 1.2715712374497172
61005.2713 lsst_hardware_z 34.662566422118815 42.31999969482422 30.940000534057617 AB 5.930618326374437 1.1106026828416549
61005.2903 lsst_hardware_u 3.964255345414498 2.619999885559082 28.350000381469727 AB 6.025426282672048 1.1153377459132563
61007.1909 lsst_hardware_g 17.952301068943914 19.799999237060547 31.479999542236328 AB 4.21179990175278 1.2542273325814168
61007.2082 lsst_hardware_r 4.877721512832749 26.389999389648438 31.5 AB 3.9444192853050595 1.1943134695112811
61010.2636 lsst_hardware_i 13.05753523302245 39.04999923706055 31.280000686645508 AB 8.649876529379513 1.1104414908002584
61010.2829 lsst_hardware_z 7.299970182167507 42.18000030517578 30.940000534057617 AB 8.647536626804154 1.1202681584978604
61014.2632 lsst_hardware_z -36.726962543628694 78.81999969482422 30.979999542236328 AB 3.549368974489626 1.1138187158439887
61014.2826 lsst_hardware_r 195.54846939130292 113.62000274658203 31.6299991607666 AB 3.6024884375469464 1.1326205525719126
61016.2588 lsst_hardware_i -65.82919994716453 73.5999984741211 31.31999969482422 AB 5.092898312382381 1.114419762009274
61016.2781 lsst_hardware_r -13.939624394883841 89.3499984741211 31.6299991607666 AB 5.134426495245755 1.1339907228194481
61019.2623 lsst_hardware_z 33.9732853484141 48.18000030517578 30.959999084472656 AB 10.38450321733234 1.1242898519279314
61019.2809 lsst_hardware_g -1.0561296592751845 42.97999954223633 31.649999618530273 AB 10.645390436724496 1.1528159229741988
61021.2276 lsst_hardware_g 31.92890888227015 18.43000030517578 31.520000457763672 AB 13.945779401749165 1.1105980251452707
