data/validation/pwv_sim_epoch_fit_epoch/4222206.ecsv
# %ECSV 0.9
# ---
# datatype:
# - {name: time, datatype: float64}
# - {name: band, datatype: string}
# - {name: flux, datatype: float64}
# - {name: fluxerr, datatype: float64}
# - {name: zp, datatype: float64}
# - {name: zpsys, datatype: string}
# - {name: pwv, datatype: float64}
# - {name: airmass, datatype: float64}
# meta: {SNID: '4222206', alt: 1024.0, c: 0.0021667112596333027, dec: -40.817047, lat: -30.244573, lon: -70.7499537, ra: 269.296875, t0: 62583.0,
#   x0: 8.135864145013502e-06, x1: -0.6723586916923523, z: 0.5017067790031433}
# schema: astropy-2.0
time band flux fluxerr zp zpsys pwv airmass
62596.3995 lsst_hardware_u 6.147153367761808 3.025156429323794 28.450000762939453 AB 8.455241624553711 1.018213105076314
62596.4121 lsst_hardware_y 450.3403088935462 56.399459189731026 30.059999465942383 AB 8.360083220790193 1.0175059450224166
62598.4041 lsst_hardware_r 1501.068164355418 45.229066608363176 31.520000457763672 AB 8.316978476094377 1.0173051771872519
62598.4167 lsst_hardware_z 1165.9681250862645 68.35488516578631 30.989999771118164 AB 8.49105927842142 1.0200083222321363
62602.396 lsst_hardware_r 1081.5956026534823 40.638197257913454 31.530000686645508 AB 4.512275416498582 1.0175387115793395
62602.4096 lsst_hardware_y 454.0351946341002 51.821446220529495 30.059999465942383 AB 4.5370130517171985 1.0216772058137022
62606.3798 lsst_hardware_r 800.3499831843932 36.35890737124296 31.530000686645508 AB 9.679383762618937 1.017276275629946
62606.3907 lsst_hardware_u -2.7489859722873495 2.9552501103934956 28.579999923706055 AB 9.61937897317818 1.0186423197858996
62614.3311 lsst_hardware_r 468.21409888732967 64.42348713921231 31.649999618530273 AB 5.759588172244226 1.027610961773034
62614.3454 lsst_hardware_z 700.5094760635614 60.508771025088954 30.979999542236328 AB 5.7266072268259025 1.019664758315441
62616.4024 lsst_hardware_r 428.98667724955027 38.08072113461561 31.56999969482422 AB 15.385102974200095 1.05044656305881
62616.4156 lsst_hardware_i 567.5883772092737 44.367356129237535 31.270000457763672 AB 15.62177736767393 1.071483115155824
62622.3332 lsst_hardware_u 7.628067628270663 3.8046125001014732 28.530000686645508 AB 9.98324862333203 1.0174529783257265
62622.3447 lsst_hardware_g 52.06529751083301 16.087633863798555 31.469999313354492 AB 9.060948524626852 1.0180841038906574
62623.3284 lsst_hardware_r 217.38029950569774 28.170189158327165 31.520000457763672 AB 9.077355159460218 1.0177167754832446
62623.3413 lsst_hardware_i 410.51395581230753 36.93108443968886 31.270000457763672 AB 9.066200166802044 1.0179497922978453
62625.3214 lsst_hardware_z 628.7543202471234 47.005924236941496 30.950000762939453 AB 9.165962417371661 1.0179878295614906
62625.3334 lsst_hardware_r 241.99778438199596 27.711465103150584 31.510000228881836 AB 8.452130931299076 1.017562790826074
62631.3176 lsst_hardware_i 268.9803458661304 35.35726178368833 31.260000228881836 AB 6.9199565905343166 1.017640675078576
62631.3303 lsst_hardware_z 446.61307163510037 45.81941513925472 30.959999084472656 AB 6.946982901497716 1.0216151325731935
62633.3072 lsst_hardware_z 355.9141106650489 45.15429762682993 30.950000762939453 AB 9.056587637037227 1.017270266436222
62633.3191 lsst_hardware_r 153.21394130516887 26.685167201628655 31.5 AB 9.079217784232421 1.0192778876488884
62642.2934 lsst_hardware_z 343.602424155319 61.57930279339344 30.989999771118164 AB 6.858885241138159 1.0189237526759503
62642.3065 lsst_hardware_r 186.44013112297128 76.8364908730899 31.65999984741211 AB 6.872258930203796 1.0251747490421117
62644.2994 lsst_hardware_z 289.7951520920224 48.4572820615594 30.959999084472656 AB 2.3698470236114457 1.0241344095123617
62644.3124 lsst_hardware_r 74.74708769161845 42.75511919633877 31.610000610351562 AB 2.41468396503601 1.0344581621660793
62646.2705 lsst_hardware_g 84.11874618924222 19.978146800862554 31.549999237060547 AB 5.430749966813355 1.0172801286528717
62646.2815 lsst_hardware_i 241.31291142624542 35.541896191138385 31.270000457763672 AB 5.504246013685901 1.0186445847479568
62654.2887 lsst_hardware_z 284.1348696240067 44.22832400644462 30.950000762939453 AB 10.236220980885768 1.0381738346712184
62654.3004 lsst_hardware_r 75.68614705834669 26.02936110779967 31.5 AB 9.985260419361374 1.052908780446177
62655.2368 lsst_hardware_r 174.904333456326 25.844306563779146 31.510000228881836 AB 9.509478875001404 1.018618082086794
62655.2494 lsst_hardware_u 1.197319812497132 2.7916335887789208 28.440000534057617 AB 9.544191652518748 1.0173598265191957
62657.2731 lsst_hardware_i 182.4781007591418 33.938000890807764 31.260000228881836 AB 6.3673386363598885 1.0309392651463085
62657.2844 lsst_hardware_z 157.19548472656354 44.14887785998906 30.950000762939453 AB 6.458657219138817 1.0426157801020475
62678.1998 lsst_hardware_u -2.6852437592129776 2.740000009536743 28.450000762939453 AB 6.247412875711018 1.020624533837951
62678.2124 lsst_hardware_g -4.575398329508085 14.819999694824219 31.450000762939453 AB 6.1220975707206975 1.0281751504317356
62680.1976 lsst_hardware_r 3.028020509170962 23.530000686645508 31.5 AB 6.0620821002357745 1.0221586275127768
62680.2097 lsst_hardware_i 13.542115682297649 30.989999771118164 31.25 AB 6.273718434275323 1.030421028870054
62682.1854 lsst_hardware_z -38.82603276205677 41.25 30.950000762939453 AB 3.159853987723708 1.0193077379753896
62682.1991 lsst_hardware_r 50.521117636279484 23.739999771118164 31.510000228881836 AB 3.181879053811319 1.0264125980036511
62686.1895 lsst_hardware_u 7.069962767040585 2.75 28.459999084472656 AB 7.886455501785798 1.0273727259263274
62686.2022 lsst_hardware_g -15.902713557849308 14.789999961853027 31.450000762939453 AB 7.998698537139864 1.039129397484873
62688.1351 lsst_hardware_u -3.938402446007977 2.7100000381469727 28.43000030517578 AB 4.939094565287355 1.0235758286724714
62688.1472 lsst_hardware_g -23.525511934455714 14.699999809265137 31.450000762939453 AB 4.974983225499398 1.0184898100517397
62694.1214 lsst_hardware_r -29.700699167629086 91.51000213623047 31.65999984741211 AB 7.220140491168568 1.022103693540374
62694.1328 lsst_hardware_i -87.25527486232893 75.83999633789062 31.34000015258789 AB 5.501125640400676 1.0180357116280712
62697.1171 lsst_hardware_z 96.35336444352072 84.5 31.0 AB 6.495602756916237 1.0203185166959685
62697.1296 lsst_hardware_r -84.35192361101743 127.23999786376953 31.670000076293945 AB 7.067602718757688 1.0173604028728498
62699.1269 lsst_hardware_i -175.0599942089934 61.52000045776367 31.329999923706055 AB 1.6276393175984134 1.0172745734990083
62699.1389 lsst_hardware_z 126.58767797980754 57.2400016784668 30.979999542236328 AB 1.630850946063286 1.0192818412895537
62707.1057 lsst_hardware_u -3.8998328060513816 2.619999885559082 28.3700008392334 AB 5.419413894003761 1.0172845502446912
62707.1176 lsst_hardware_g -16.04630375855756 14.350000381469727 31.43000030517578 AB 5.440547237120898 1.019465441059506
62709.1082 lsst_hardware_r 20.344887568599216 23.049999237060547 31.5 AB 3.084833912084441 1.018321053724988
62709.1201 lsst_hardware_i 29.954648513406088 30.530000686645508 31.25 AB 3.108757762002271 1.0230663982017125
62718.0916 lsst_hardware_r -21.38788990718602 25.469999313354492 31.530000686645508 AB 2.4339036595681103 1.0210755109361391
62722.053 lsst_hardware_r -26.908945087057642 74.87000274658203 31.65999984741211 AB 3.9336751202123197 1.0188668560880745
62722.065 lsst_hardware_z -56.812035817033724 61.86000061035156 30.989999771118164 AB 3.8758848503059635 1.0172926116288619
62723.0463 lsst_hardware_y 9.439403885141365 56.900001525878906 30.06999969482422 AB 3.3259917337499316 1.020242863113476
62723.0584 lsst_hardware_r 117.00636987353406 89.93000030517578 31.670000076293945 AB 3.385322847788691 1.0173772645495691
62725.0427 lsst_hardware_i -56.837256013569366 82.54000091552734 31.34000015258789 AB 3.3644976693958824 1.0195447483017825
62725.0537 lsst_hardware_z 73.66543311589125 71.3499984741211 31.0 AB 3.357185902799515 1.0173290614543986
62731.0354 lsst_hardware_z -31.142302894627615 41.06999969482422 30.959999084472656 AB 2.3926069798686678 1.0174811736630525
62731.0474 lsst_hardware_r -10.57408338828026 23.40999984741211 31.520000457763672 AB 2.942050112431302 1.018157212665483
62735.9802 lsst_hardware_z -4.239594193946893 43.5099983215332 30.950000762939453 AB 1.4638310142350395 1.0455935815964568
62735.9838 lsst_hardware_r -10.241335498202835 24.190000534057617 31.510000228881836 AB 1.4576936005429306 1.041209714673522
62738.0265 lsst_hardware_g 0.8134212045047171 14.569999694824219 31.450000762939453 AB 4.428244210581963 1.017811690072278
62738.038 lsst_hardware_r 25.83531185670309 23.299999237060547 31.510000228881836 AB 4.4133495513085155 1.021549574980271
62740.0325 lsst_hardware_i -1.5624196065823968 30.8700008392334 31.260000228881836 AB 1.5336586899524571 1.0215310989914235
62740.0434 lsst_hardware_z 3.781646822634909 41.220001220703125 30.950000762939453 AB 1.690527746377131 1.028405807387487
62742.0142 lsst_hardware_z 55.4439382045495 41.06999969482422 30.950000762939453 AB 5.2167465282481835 1.0176039263138952
62742.0259 lsst_hardware_r -1.1831102883331708 23.3799991607666 31.510000228881836 AB 5.201239960442487 1.0210021024569929
62744.0146 lsst_hardware_u -1.4132247200064902 2.680000066757202 28.40999984741211 AB 2.773801500939191 1.0188435265157727
62744.0256 lsst_hardware_r -11.417314729824355 23.40999984741211 31.5 AB 2.9149438592975176 1.0236852886031669
62747.0225 lsst_hardware_i -41.079301355550115 32.31999969482422 31.260000228881836 AB 1.845272818357339 1.0270535167109494
62747.0348 lsst_hardware_z 71.483472761842 41.9900016784668 30.950000762939453 AB 1.7640985381238146 1.0382139508330444
62748.0083 lsst_hardware_r -20.0536195587547 32.79999923706055 31.579999923706055 AB 1.8318397731972353 1.0204761746607318
62748.019 lsst_hardware_z 4.525416221189852 43.5099983215332 30.950000762939453 AB 1.8299897656772899 1.0264982558840499
62751.0109 lsst_hardware_y 54.014695580903336 52.11000061035156 30.049999237060547 AB 2.6005426096573254 1.0265637460405903
62751.0224 lsst_hardware_r -116.3450818281149 68.06999969482422 31.639999389648438 AB 2.662876387800967 1.0366428760295736
62962.4031 lsst_hardware_g 21.488620400172806 37.130001068115234 31.690000534057617 AB 19.802982697134038 1.0173679670073292
62962.4145 lsst_hardware_y 66.53170363847119 57.849998474121094 30.06999969482422 AB 19.815805974757588 1.0182665237709658
62965.3861 lsst_hardware_i 66.72385491604287 71.44000244140625 31.34000015258789 AB 6.827751297608932 1.0190673578520795
62965.3991 lsst_hardware_z -62.990254932460886 63.77000045776367 30.989999771118164 AB 6.8158579515600275 1.0172922315761235
62968.4109 lsst_hardware_z -64.41878754945972 64.76000213623047 30.989999771118164 AB 6.413703760379828 1.0234497563138514
62970.3851 lsst_hardware_r 55.904434996405 42.36000061035156 31.6200008392334 AB 6.872747282823579 1.0172805332775934
62970.396 lsst_hardware_i 16.694516353721546 41.63999938964844 31.299999237060547 AB 6.863752311724053 1.0191925624358233
62972.3665 lsst_hardware_z 10.579953516482904 41.779998779296875 30.959999084472656 AB 17.468218512815444 1.0192236022356032
62972.3781 lsst_hardware_i 20.43041940882478 32.209999084472656 31.270000457763672 AB 16.39878645994192 1.0172681512538604
62973.3663 lsst_hardware_u -0.9142673631917879 3.2300000190734863 28.690000534057617 AB 14.981617809553114 1.0184879201581578
62977.3626 lsst_hardware_z -64.84756338059456 41.08000183105469 30.959999084472656 AB 10.087918409818476 1.017337475778386
62977.3744 lsst_hardware_u -1.9986544296489988 2.9100000858306885 28.59000015258789 AB 9.936230406844686 1.0184738014395947
62990.324 lsst_hardware_g -16.04891418568449 42.41999816894531 31.709999084472656 AB 9.237228584799919 1.017661494979013
62990.3369 lsst_hardware_r -30.79076643688361 41.27000045776367 31.6200008392334 AB 8.371485678055441 1.0180160938048775
62999.2663 lsst_hardware_z 28.409822193330413 45.2400016784668 30.959999084472656 AB 7.282744949531753 1.037526586028822
62999.2763 lsst_hardware_r 51.49293758365509 38.880001068115234 31.610000610351562 AB 7.219392155817769 1.0283057861292046
63002.3107 lsst_hardware_i 10.562565719619819 30.8799991607666 31.260000228881836 AB 3.8165260647871055 1.0199161049672003
63002.323 lsst_hardware_z 23.040645830726355 41.31999969482422 30.950000762939453 AB 3.816286900030729 1.0266425179987164
63005.2991 lsst_hardware_r -8.79885954732341 23.190000534057617 31.510000228881836 AB 7.407067590970444 1.0187837962961168
63005.3126 lsst_hardware_u 1.8504900500093628 2.7699999809265137 28.489999771118164 AB 7.546980713897305 1.0251264213390088
63010.2876 lsst_hardware_u -3.5388719701033984 2.7200000286102295 28.450000762939453 AB 6.9139883861296205 1.0194615727115335
63010.2993 lsst_hardware_g -12.324720985442179 14.609999656677246 31.450000762939453 AB 7.349596082958117 1.0253581160682843
63013.2462 lsst_hardware_g -11.252808732422748 14.729999542236328 31.459999084472656 AB 5.033680073260323 1.0228977998903317
63013.2583 lsst_hardware_r -21.52148807297658 23.440000534057617 31.520000457763672 AB 3.56370199088232 1.01820056882352
63017.2638 lsst_hardware_z 66.64449672047222 41.11000061035156 30.950000762939453 AB 7.007558284557857 1.0181458181748146
63017.2764 lsst_hardware_r -29.89321625229391 23.360000610351562 31.5 AB 7.174903717062742 1.0230376022427865
63019.2694 lsst_hardware_i 78.26658609392989 49.849998474121094 31.31999969482422 AB 10.10758983390013 1.022207709739091
63019.2816 lsst_hardware_z -85.39283541365863 50.709999084472656 30.969999313354492 AB 10.187391961326272 1.030590992546906
63031.2242 lsst_hardware_g -2.0535576427675415 14.789999961853027 31.450000762939453 AB 13.37994038210008 1.0178729845644794
63031.2379 lsst_hardware_r -3.726058565849603 23.6299991607666 31.510000228881836 AB 13.503097641004974 1.0228844512540456
63036.2229 lsst_hardware_i -9.584549315509928 31.1299991607666 31.270000457763672 AB 3.510453293827325 1.0221644066273876
63036.2363 lsst_hardware_z -30.797553444375733 41.45000076293945 30.959999084472656 AB 3.526580359831405 1.0315660178913704
63040.0426 lsst_hardware_r 46.65960574357764 43.279998779296875 32.630001068115234 AB 4.2188730470251485 1.4062910156750497
63040.0516 lsst_hardware_i -6.273310138690285 47.66999816894531 31.959999084472656 AB 4.051030988423478 1.350343662807826
63044.2073 lsst_hardware_z -21.86715543271544 41.33000183105469 30.950000762939453 AB 7.63456254008891 1.0259210580186808
63044.2194 lsst_hardware_g -12.415530927704062 15.039999961853027 31.469999313354492 AB 7.540248878848627 1.0363178777966777
63046.1834 lsst_hardware_r -75.68708969126051 37.97999954223633 31.600000381469727 AB 5.900017168727694 1.0179024660302254
63046.1975 lsst_hardware_z 83.101916849384 44.56999969482422 30.959999084472656 AB 6.330857126022039 1.0231963892933467
63053.1317 lsst_hardware_z -46.87291565347641 69.36000061035156 30.989999771118164 AB 4.923779049062431 1.0262148914261007
63053.1433 lsst_hardware_r 33.89407228398154 100.5999984741211 31.65999984741211 AB 4.981797872572129 1.0199545224675073
63061.1237 lsst_hardware_i -28.02458787706981 30.790000915527344 31.260000228881836 AB 7.663218308228146 1.0191692216331458
63061.1356 lsst_hardware_z -71.24022900440382 40.959999084472656 30.950000762939453 AB 7.653692600968942 1.0172709886650861
63063.1254 lsst_hardware_i 25.58308934334877 30.65999984741211 31.25 AB 2.899566898933069 1.0175704154880045
63063.1374 lsst_hardware_u 3.4095369187581817 2.6700000762939453 28.40999984741211 AB 2.8852185030633826 1.0179830653835698
63066.1131 lsst_hardware_u -8.03863742992399 2.700000047683716 28.43000030517578 AB 2.902718397988809 1.0183190310432588
63066.126 lsst_hardware_g -8.030875516560453 14.479999542236328 31.440000534057617 AB 2.8369428273968937 1.0174939903390139
63068.1284 lsst_hardware_i 26.860474956493267 30.700000762939453 31.260000228881836 AB 6.026362208516123 1.0191860545724354
63068.1416 lsst_hardware_r -26.117987886110615 23.280000686645508 31.510000228881836 AB 5.991562638021028 1.02580613006495
63070.1063 lsst_hardware_z -80.38466999581625 41.08000183105469 30.959999084472656 AB 6.539919401337275 1.0175695349832385
63070.118 lsst_hardware_u 0.9938082973090303 2.8299999237060547 28.530000686645508 AB 6.5363754536812335 1.0179288228430965
63071.0357 lsst_hardware_r -4.52524351979993 23.959999084472656 31.510000228881836 AB 6.81767530655657 1.0918762502492905
63071.0431 lsst_hardware_g 18.874601168070107 15.170000076293945 31.459999084472656 AB 6.568536239219956 1.0768092195442551
63076.1028 lsst_hardware_z -108.94093137412058 50.72999954223633 30.979999542236328 AB 3.7435582463474444 1.018170462051389
63076.1144 lsst_hardware_r -61.450489174463335 54.84000015258789 31.649999618530273 AB 3.698541954583738 1.022544084761885
63082.0533 lsst_hardware_r 68.5738252508181 84.69999694824219 31.65999984741211 AB 1.4547529691250947 1.0256777690658718
63082.0653 lsst_hardware_z -67.88800389659431 61.369998931884766 30.989999771118164 AB 1.5316672087150605 1.0195255438529358
63084.0517 lsst_hardware_r -28.178208524421528 23.25 31.510000228881836 AB 1.7910575093162657 1.0232665259852975
63084.0628 lsst_hardware_i -54.76773897902118 39.0099983215332 31.290000915527344 AB 1.7851173996198777 1.0186119256034742
63086.0559 lsst_hardware_z -72.75930709472475 41.0099983215332 30.950000762939453 AB 3.439553928821955 1.0190264454341167
63086.0685 lsst_hardware_i -4.9241904671180805 30.690000534057617 31.260000228881836 AB 3.3543506638676517 1.0172919522445365
63095.0406 lsst_hardware_i 22.495359630289176 30.649999618530273 31.260000228881836 AB 3.9468381107891424 1.0173355671672153
63095.052 lsst_hardware_z -13.464715360751706 40.9900016784668 30.950000762939453 AB 3.995961075502188 1.0184252167620902
63096.0331 lsst_hardware_r -0.5485438283930145 23.139999389648438 31.510000228881836 AB 2.415769235529594 1.017916037303105
63096.0441 lsst_hardware_g -8.314039727370082 14.460000038146973 31.450000762939453 AB 2.943113585880068 1.0174982146516725
63101.0279 lsst_hardware_r -29.61293641251403 24.459999084472656 31.530000686645508 AB 1.3547125855526392 1.017306071754172
63101.0393 lsst_hardware_i 32.7598747559827 31.299999237060547 31.270000457763672 AB 1.356819548439882 1.019526273091959
63107.0262 lsst_hardware_z -14.16680636791053 64.06999969482422 30.989999771118164 AB 5.186520210267539 1.020817834033861
63107.0378 lsst_hardware_i 129.5083911896969 70.9800033569336 31.34000015258789 AB 5.278779159703259 1.0277496538726227
63109.0182 lsst_hardware_r 74.75391381762546 86.8499984741211 31.65999984741211 AB 2.7908359125235886 1.019793877901433
63109.0295 lsst_hardware_z 155.33876300898902 62.310001373291016 30.979999542236328 AB 2.902755729728395 1.0257087384199275
63112.0194 lsst_hardware_i -16.444976067109792 45.40999984741211 31.299999237060547 AB 1.8133001088903025 1.024463338356103
63112.031 lsst_hardware_z -24.85085037603758 49.619998931884766 30.969999313354492 AB 1.7976296662117346 1.0336155244149887
63114.009 lsst_hardware_r 0.38106969804543056 23.670000076293945 31.520000457763672 AB 1.4117432983211426 1.021706747473235
63114.0214 lsst_hardware_g -13.15868924928735 14.899999618530273 31.459999084472656 AB 1.4130415138117616 1.029913639804491
63117.0079 lsst_hardware_r 30.233700176347906 23.979999542236328 31.520000457763672 AB 2.4621032449872673 1.025876352078028
63117.0194 lsst_hardware_i 22.73897354248308 31.25 31.25 AB 2.485523663287004 1.0356348597029184
