data/validation/pwv_sim_epoch_fit_epoch/42243786.ecsv
# %ECSV 0.9
# ---
# datatype:
# - {name: time, datatype: float64}
# - {name: band, datatype: string}
# - {name: flux, datatype: float64}
# - {name: fluxerr, datatype: float64}
# - {name: zp, datatype: float64}
# - {name: zpsys, datatype: string}
# - {name: pwv, datatype: float64}
# - {name: airmass, datatype: float64}
# meta: {SNID: '42243786', alt: 1024.0, c: -0.04833422973752022, dec: -37.92165, lat: -30.244573, lon: -70.7499537, ra: 191.777344, t0: 61175.48828125,
#   x0: 6.9898911067145895e-06, x1: 0.7223193049430847, z: 0.5339835286140442}
# schema: astropy-2.0
time band flux fluxerr zp zpsys pwv airmass
61056.3019 lsst_hardware_g -36.89246475398801 14.279999732971191 31.389999389648438 AB 6.9370546470089005 1.1860240463342162
61056.3194 lsst_hardware_r -21.528319744272608 23.399999618530273 31.489999771118164 AB 6.5947243206406165 1.1280746357578886
61058.2983 lsst_hardware_i 40.80450254148463 44.91999816894531 31.969999313354492 AB 8.592706102709592 1.1791424889649202
61058.3161 lsst_hardware_z -123.05268127297313 59.7599983215332 31.68000030517578 AB 8.185175598356318 1.1219100981196368
61060.3006 lsst_hardware_r 4.703334367729949 23.59000015258789 31.479999542236328 AB 12.362019093805076 1.1523403410598827
61060.3195 lsst_hardware_u 2.2235686048573435 2.619999885559082 28.34000015258789 AB 11.815588851119658 1.098681664859412
61064.3024 lsst_hardware_z -173.41695070700334 42.22999954223633 30.940000534057617 AB 8.808488965958084 1.1145400899576863
61064.3215 lsst_hardware_r 3.6752997468499906 22.889999389648438 31.489999771118164 AB 8.386770501154544 1.070321347816687
61066.3005 lsst_hardware_u 2.0424197576851197 2.569999933242798 28.299999237060547 AB 13.41786516005617 1.1052152020144286
61066.319 lsst_hardware_g 27.909488517778694 14.020000457763672 31.399999618530273 AB 12.992846832830404 1.0646820037555131
61070.3731 lsst_hardware_r 54.92387305755864 24.770000457763672 31.520000457763672 AB 11.527202046268563 1.009497716148314
61077.2356 lsst_hardware_r -9.099709878093584 77.26000213623047 31.610000610351562 AB 5.312121355527538 1.221879552737789
61077.2556 lsst_hardware_z -73.15685349941172 61.0 30.969999313354492 AB 4.268615158336526 1.1477857376543974
61081.2117 lsst_hardware_u -3.673775048581701 3.9000000953674316 28.540000915527344 AB 5.580796490415841 1.2824503616428589
61081.2316 lsst_hardware_g -19.40596205158715 26.729999542236328 31.56999969482422 AB 5.1513285595535505 1.1938189014029013
61081.3506 lsst_hardware_z 95.6235818916713 42.900001525878906 30.959999084472656 AB 3.462007429297457 1.0108788756252156
61081.3625 lsst_hardware_g -0.28068633253533065 27.34000015258789 31.639999389648438 AB 3.4553169072691525 1.0162696786085743
61083.3499 lsst_hardware_i -2.7454649116529435 30.84000015258789 31.270000457763672 AB 6.254755563816683 1.0125605963602584
61083.3608 lsst_hardware_z -2.8256632526873724 41.18000030517578 30.959999084472656 AB 6.307921042693743 1.0188033663399407
61085.3493 lsst_hardware_r -2.9279127754655607 22.3799991607666 31.489999771118164 AB 2.4883550727213506 1.0149301815932907
61085.3602 lsst_hardware_u 2.0247267024647235 2.700000047683716 28.450000762939453 AB 2.52934315088355 1.022679935665052
61089.2996 lsst_hardware_g 1.4745263687014756 13.819999694824219 31.450000762939453 AB 5.009060279259485 1.01423645239372
61089.3114 lsst_hardware_r 6.913817526841573 22.3700008392334 31.510000228881836 AB 5.032070274969153 1.010050235842873
61091.2176 lsst_hardware_u -2.077484587575372 2.7100000381469727 28.420000076293945 AB 3.7853659836592977 1.147080601108878
61091.238 lsst_hardware_g -6.1436851938869745 13.869999885559082 31.40999984741211 AB 3.6010610519918385 1.0912306218157086
61093.2997 lsst_hardware_u 1.4845438075145387 2.609999895095825 28.40999984741211 AB 11.304735928283785 1.0102082952757951
61093.3102 lsst_hardware_g 19.181081548261552 13.510000228881836 31.40999984741211 AB 11.279322599480933 1.0094934418795725
61095.3391 lsst_hardware_i -2.2644694035619466 30.06999969482422 31.25 AB 10.323158769326083 1.0286299529345928
61095.3503 lsst_hardware_z -25.66078634954198 40.880001068115234 30.940000534057617 AB 10.55996034978844 1.04231564217528
61098.3329 lsst_hardware_r -8.174556355382045 22.31999969482422 31.5 AB 6.290864957402874 1.0307823951176265
61098.3441 lsst_hardware_u -0.04204473184202919 2.6500000953674316 28.420000076293945 AB 5.4348209945430375 1.0451578835659687
61100.2763 lsst_hardware_i 47.046231954590866 52.689998626708984 31.31999969482422 AB 3.9339170672108565 1.0113763991458264
61100.289 lsst_hardware_z -34.11597773932938 51.560001373291016 30.969999313354492 AB 3.919566244776643 1.0093953459948004
61102.2119 lsst_hardware_r 157.68906593335902 100.02999877929688 31.649999618530273 AB 5.633575003963686 1.082408416286093
61102.2556 lsst_hardware_z -85.0793316769394 93.5999984741211 31.739999771118164 AB 6.033546112714411 1.0196824639472282
61102.2894 lsst_hardware_r 156.80268391136408 95.16000366210938 31.65999984741211 AB 5.886495366909516 1.0099791879169888
61106.2179 lsst_hardware_i 77.55145389481724 74.36000061035156 31.329999923706055 AB 10.174941367319406 1.0507865574952484
61106.2393 lsst_hardware_z -65.43390382893645 67.01000213623047 30.989999771118164 AB 9.918923496333957 1.0241972374995238
61108.2857 lsst_hardware_r 1.5360670636948783 56.709999084472656 31.639999389648438 AB 7.88668575586321 1.0144952091411688
61108.298 lsst_hardware_i -49.17930492108882 50.45000076293945 31.309999465942383 AB 7.367069927130965 1.0232041565459673
61112.2711 lsst_hardware_z 73.21440867574393 40.970001220703125 30.950000762939453 AB 15.48051297838021 1.0127249102695277
61112.2832 lsst_hardware_g 6.033325431823326 17.690000534057617 31.530000686645508 AB 15.486160024608964 1.019989463287672
61115.2724 lsst_hardware_r 3.1564369069201876 22.34000015258789 31.489999771118164 AB 7.646142631254473 1.0180716957010152
61115.2854 lsst_hardware_z -50.607451403640184 40.81999969482422 30.950000762939453 AB 7.73964277600597 1.029595739885059
61117.1748 lsst_hardware_g 2.9220835251734045 13.859999656677246 31.40999984741211 AB 7.367338168154867 1.0743214166365997
61117.194 lsst_hardware_r 11.897165846915371 22.579999923706055 31.5 AB 7.151863788121361 1.0417105510336262
61121.2299 lsst_hardware_r 10.01988568058663 22.43000030517578 31.5 AB 5.804518870889467 1.0094083972273773
61121.2419 lsst_hardware_i 16.76224582691375 30.09000015258789 31.25 AB 5.788176371471384 1.0110351740561598
61123.2335 lsst_hardware_z -31.325866114141405 40.540000915527344 30.950000762939453 AB 5.983827941592047 1.0102697858504215
61123.2463 lsst_hardware_r 3.0865642382035445 22.520000457763672 31.5 AB 6.0109301109008415 1.0153598160305564
61125.1779 lsst_hardware_i 31.12358327509191 30.3799991607666 31.25 AB 7.621007795607273 1.0342919424031658
61125.1956 lsst_hardware_u -1.0017381564751662 2.799999952316284 28.530000686645508 AB 7.481067040502712 1.017670715374353
61125.2251 lsst_hardware_g -9.956039077378957 13.989999771118164 31.450000762939453 AB 6.581505494672133 1.0097430952243225
61125.2373 lsst_hardware_i -25.730559868671865 30.25 31.260000228881836 AB 6.609170502708779 1.0134951060968773
61127.0869 lsst_hardware_r 33.04680810519659 47.22999954223633 31.559999465942383 AB 10.367351993286167 1.278446891641668
61127.1055 lsst_hardware_z -61.23578172455822 48.5 30.940000534057617 AB 9.70293590430075 1.1958018984451988
61127.2141 lsst_hardware_r 23.92464719472519 40.0 31.610000610351562 AB 7.7434205681108885 1.0093969629066075
61127.2261 lsst_hardware_z -60.014807338721155 44.52000045776367 30.959999084472656 AB 7.77793787935395 1.011216192332014
61132.2077 lsst_hardware_z 98.82170795582351 84.5199966430664 31.0 AB 8.282182423128967 1.0100222467230449
61132.2193 lsst_hardware_r -128.53155627890155 127.55999755859375 31.670000076293945 AB 8.65131923874265 1.0140443343776182
61138.0725 lsst_hardware_g 8.629996997604929 14.180000305175781 31.3700008392334 AB 9.05846377007118 1.207580488367106
61138.0915 lsst_hardware_i -29.5832185930429 37.290000915527344 31.270000457763672 AB 8.469230848781304 1.1401253105830789
61138.2019 lsst_hardware_z -7.8965088980471405 46.25 30.959999084472656 AB 8.4698336169574 1.0135421161097806
61138.2138 lsst_hardware_i 67.4728695858779 42.0 31.299999237060547 AB 9.455473753600705 1.0212565258065278
61140.1897 lsst_hardware_z -87.69184717069777 41.77000045776367 30.950000762939453 AB 4.958670973616395 1.0109420945191427
61140.2012 lsst_hardware_r 4.727161055319594 27.940000534057617 31.549999237060547 AB 5.019929022782508 1.016145681208294
61147.0643 lsst_hardware_u 3.571415347038939 2.854009559505706 28.43000030517578 AB 16.784058441303443 1.1483804276057892
61147.0829 lsst_hardware_g 10.36117957129381 14.3817137335168 31.43000030517578 AB 16.02584008599466 1.0964461785006094
61149.1412 lsst_hardware_u 5.032823419049622 3.0563016552637223 28.420000076293945 AB 9.629217308314256 1.011844407956103
61149.1538 lsst_hardware_g 4.425173621338976 14.1088859675634 31.43000030517578 AB 9.546942804427474 1.0094039759386206
61151.0839 lsst_hardware_r 60.6567939412776 25.409355235323208 31.5 AB 7.493317799878594 1.0704739714112277
61151.1021 lsst_hardware_g 3.926683558324181 14.978347141649198 31.450000762939453 AB 7.283093670687978 1.0404419529554254
61151.1422 lsst_hardware_r 95.1211741037793 25.088965461170005 31.510000228881836 AB 7.293542029401222 1.0100459810831217
61151.1543 lsst_hardware_i 124.29608892541411 32.05160031101208 31.260000228881836 AB 7.359735093635961 1.0097736288174468
61153.1385 lsst_hardware_z 146.8158412286595 42.74681491163916 30.950000762939453 AB 5.446119539462813 1.0097561026166335
61153.1505 lsst_hardware_r 225.60869502876406 28.392325214170324 31.510000228881836 AB 5.493920716802377 1.0100511498464635
61155.1351 lsst_hardware_z 815.9376331881316 66.26154667116427 31.709999084472656 AB 14.12796894221656 1.0095252197658966
61157.1287 lsst_hardware_r 933.4516255125254 66.37556425401225 31.649999618530273 AB 4.546217903956584 1.0096162644115667
61157.1392 lsst_hardware_z 478.23622243785167 55.25286614625794 30.979999542236328 AB 4.518827136947198 1.0099818521766881
61159.1279 lsst_hardware_r 1310.6379708170684 104.19038784582675 31.670000076293945 AB 8.320014796930428 1.0094042823088174
61159.1399 lsst_hardware_y 163.50633375181553 57.94996146174671 30.06999969482422 AB 8.291926933706327 1.0116115452717633
61161.124 lsst_hardware_z 745.9827407196581 90.71300965687274 31.010000228881836 AB 9.862828950196485 1.0094669868168762
61161.1359 lsst_hardware_r 1782.037505664205 139.20525497403943 31.670000076293945 AB 9.435538134198602 1.0121524454073427
61163.128 lsst_hardware_i 1424.21248665244 92.07340585020273 31.350000381469727 AB 11.445953629949253 1.0112829836723214
61163.1402 lsst_hardware_z 816.9244615765858 78.37952600370305 31.0 AB 11.523713547481877 1.017299423758635
61166.1091 lsst_hardware_z 1139.8747282294398 58.93036253434783 30.969999313354492 AB 3.5674309149330776 1.0094121900305808
61166.1216 lsst_hardware_r 2361.1527695190834 72.19471318840466 31.649999618530273 AB 3.5762441961972042 1.0119059267711967
61168.1167 lsst_hardware_u 3.9558501784478977 4.791603183833377 28.6299991607666 AB 10.426854899441361 1.0121194815998011
61168.1286 lsst_hardware_g 1079.5536334168062 40.78505653763285 31.600000381469727 AB 10.076721250798595 1.0187252945254608
61169.9717 lsst_hardware_y 463.46076571640486 53.28315824268466 29.969999313354492 AB 9.823370807949988 1.2674772020063638
61169.991 lsst_hardware_z 1306.9971096521156 55.542063070192114 30.93000030517578 AB 9.214440204257183 1.1847306652711418
61175.0063 lsst_hardware_u 1.3165092776503944 3.001367627712505 28.34000015258789 AB 6.461263341091444 1.0968024683570605
61177.1093 lsst_hardware_i 1913.9199935974202 52.68335275937349 31.25 AB 8.741320627845424 1.022944984388434
61177.1214 lsst_hardware_z 1401.4217069119675 55.355840314154854 30.940000534057617 AB 8.890655357735927 1.0357240631099447
61182.048 lsst_hardware_i 1770.3802106974647 52.4076652244925 31.25 AB 5.137784083346027 1.013119858682973
61182.0606 lsst_hardware_z 1421.891644083837 55.28359579873423 30.950000762939453 AB 5.029076136609431 1.009601231941615
61185.041 lsst_hardware_z 1242.0118033644742 60.746246787367454 30.969999313354492 AB 4.781827731499533 1.0125985172936118
61185.0536 lsst_hardware_r 2214.78871729195 68.41847915059212 31.639999389648438 AB 4.9436681816769745 1.0094955957547296
61189.0709 lsst_hardware_z 1239.8604374675829 83.01816200567475 31.0 AB 9.842229309785296 1.0184689494021777
61189.0839 lsst_hardware_r 1512.5340398555184 118.30662972776021 31.65999984741211 AB 9.774559716311487 1.0302023309772028
61193.9881 lsst_hardware_r 1299.7849735217114 54.28313463251983 31.610000610351562 AB 9.48003170951788 1.036012426590665
61193.9992 lsst_hardware_i 1374.1271597019709 56.431714465215514 31.299999237060547 AB 9.368325953127398 1.0240472894655563
61196.022 lsst_hardware_i 1194.2570454076022 44.972067873986596 31.25 AB 10.204125226839746 1.009642997378603
61196.0341 lsst_hardware_z 898.1372882304635 49.92258585587628 30.950000762939453 AB 10.277048477356661 1.0102610076698992
61198.0256 lsst_hardware_i 1124.6855199350016 43.83497593187441 31.239999771118164 AB 4.57179070465986 1.0097268410711413
61198.0372 lsst_hardware_u 5.611972489607031 3.2689144422697294 28.389999389648438 AB 4.827783989518087 1.0131406364627003
61222.9965 lsst_hardware_z 1147.007471959239 75.83245800200856 31.719999313354492 AB 9.64046976082562 1.0366096517016796
61419.3014 lsst_hardware_r 21.985047007395128 23.850000381469727 31.479999542236328 AB 9.923977786740245 1.2122122703672937
61419.32 lsst_hardware_u 4.723069266251644 2.7699999809265137 28.450000762939453 AB 9.604990758542652 1.144905128561187
61425.3 lsst_hardware_r -45.934976104621384 43.40999984741211 31.59000015258789 AB 12.722916862620965 1.156628805692815
61425.319 lsst_hardware_z -15.998014126562563 41.970001220703125 30.940000534057617 AB 11.909109100896808 1.1016497399132055
61427.3031 lsst_hardware_z 62.61758883266104 57.880001068115234 30.969999313354492 AB 10.57068398298623 1.1298897956267728
61427.3203 lsst_hardware_i -52.74473292521191 60.869998931884766 31.31999969482422 AB 10.145508913411188 1.0857198259308931
61435.3102 lsst_hardware_r 28.28840297990277 33.56999969482422 31.59000015258789 AB 11.86707746383028 1.0620971931918
61435.3297 lsst_hardware_g 16.78049753303828 27.799999237060547 31.649999618530273 AB 11.560733194453183 1.0331769242998547
61435.3704 lsst_hardware_r 52.75489731238175 34.900001525878906 31.600000381469727 AB 11.487825435863558 1.0094010780578655
61437.3076 lsst_hardware_r -3.163009892462878 24.309999465942383 31.520000457763672 AB 10.498887733031458 1.0570768961972874
61437.3269 lsst_hardware_i 1.907115143449094 31.0 31.260000228881836 AB 10.06260963376011 1.0301606914168662
61439.3604 lsst_hardware_u 1.9065291453086086 3.009999990463257 28.6299991607666 AB 10.768956826813053 1.0094004399312366
61439.3729 lsst_hardware_y 87.25336222226989 50.15999984741211 30.06999969482422 AB 10.793409170436284 1.0116924174001392
61441.3621 lsst_hardware_r -32.36372378242843 22.56999969482422 31.510000228881836 AB 7.006061303534005 1.0101860695993758
61441.3725 lsst_hardware_y -45.79266168095871 48.18000030517578 30.059999465942383 AB 7.0935844517746585 1.013851994060218
61444.2115 lsst_hardware_i -20.564022671503523 32.689998626708984 31.219999313354492 AB 9.362211234635526 1.3163809809083873
61444.2302 lsst_hardware_r 31.773340154952326 23.399999618530273 31.469999313354492 AB 8.764681304326547 1.2246163550319447
61444.3513 lsst_hardware_i 26.04976778599299 29.90999984741211 31.25 AB 8.266042561261058 1.009736865661615
61444.3636 lsst_hardware_r 5.355433574638479 22.40999984741211 31.5 AB 8.388878024039792 1.0135065319756278
61446.3511 lsst_hardware_u 1.2885543934188854 2.759999990463257 28.520000457763672 AB 3.4389486761330024 1.0108361081101256
61446.3631 lsst_hardware_g -7.520286595697323 13.869999885559082 31.440000534057617 AB 3.4803047132338234 1.0162215382827429
61449.2252 lsst_hardware_i -18.806898310138514 31.8700008392334 31.229999542236328 AB 5.868528951082259 1.1896470608315826
61449.243 lsst_hardware_z -1.0923329945037183 42.47999954223633 30.940000534057617 AB 5.569041109252682 1.130004959604873
61449.3485 lsst_hardware_i 2.3594791737044276 30.15999984741211 31.260000228881836 AB 5.646607833379758 1.0128444544178938
61449.359 lsst_hardware_z 103.73947849573345 40.83000183105469 30.950000762939453 AB 5.669123758864155 1.0189851278627045
