data/validation/pwv_sim_epoch_fit_epoch/4225522.ecsv
# %ECSV 0.9
# ---
# datatype:
# - {name: time, datatype: float64}
# - {name: band, datatype: string}
# - {name: flux, datatype: float64}
# - {name: fluxerr, datatype: float64}
# - {name: zp, datatype: float64}
# - {name: zpsys, datatype: string}
# - {name: pwv, datatype: float64}
# - {name: airmass, datatype: float64}
# meta: {SNID: '4225522', alt: 1024.0, c: 0.14046162366867065, dec: 3.732834, lat: -30.244573, lon: -70.7499537, ra: 187.382812, t0: 60022.67578125,
#   x0: 1.7725587732700175e-05, x1: 0.5526184439659119, z: 0.36137762665748596}
# schema: astropy-2.0
time band flux fluxerr zp zpsys pwv airmass
59967.3083 lsst_hardware_z 62.076876095134644 100.94999694824219 30.959999084472656 AB 12.017327071709897 1.3345295149919818
59967.3218 lsst_hardware_y 137.4633972909732 102.83000183105469 29.989999771118164 AB 11.594494682563264 1.2861217421798565
59972.3639 lsst_hardware_r 32.634761023963485 88.23999786376953 31.610000610351562 AB 14.240287228498612 1.204082911090638
59974.3595 lsst_hardware_z 46.541416420876544 98.6500015258789 30.979999542236328 AB 13.746810594454452 1.2041001980544044
59974.3782 lsst_hardware_y 209.72674037436542 100.66000366210938 30.020000457763672 AB 12.967932332198234 1.2136576820026423
59978.3635 lsst_hardware_r 80.21762286331635 88.5199966430664 31.6200008392334 AB 12.886470089688997 1.210300240093513
59978.3826 lsst_hardware_y 77.19122580650608 103.93000030517578 30.010000228881836 AB 12.481231209153108 1.2349503175283418
59980.3259 lsst_hardware_i 40.58478038337458 89.02999877929688 31.299999237060547 AB 7.974264303873659 1.2107289291776395
59980.3443 lsst_hardware_z 94.76884039054579 102.91999816894531 30.979999542236328 AB 8.33444645389821 1.2041822581034187
59982.3313 lsst_hardware_r 55.574896648751306 88.38999938964844 31.610000610351562 AB 4.43494305472413 1.2048201724325265
59982.3497 lsst_hardware_z -143.33333938098227 101.8499984741211 30.979999542236328 AB 5.788030139668006 1.2082309027592222
59984.2848 lsst_hardware_r 75.06177680861258 87.68000030517578 31.600000381469727 AB 6.651752456282553 1.2598413692886525
59984.3036 lsst_hardware_i 46.21029265676676 88.97000122070312 31.299999237060547 AB 6.6115040947281845 1.2233897570852998
59986.3354 lsst_hardware_i 13.8918115041063 89.06999969482422 31.309999465942383 AB 5.366391752965912 1.2063373615748931
59986.3521 lsst_hardware_z 124.37740272341111 102.77999877929688 30.979999542236328 AB 5.451265208454647 1.2213667637830383
59988.3028 lsst_hardware_z 140.7383104782492 101.87000274658203 30.979999542236328 AB 6.907236706540478 1.211795913428154
59988.3196 lsst_hardware_g -88.13054454393101 91.13999938964844 31.65999984741211 AB 6.863307493343251 1.2040890339198687
59990.3045 lsst_hardware_r -50.94659644893918 86.56999969482422 31.6200008392334 AB 4.845217759949289 1.206779018667339
59990.3218 lsst_hardware_i -48.21964641707689 86.7699966430664 31.309999465942383 AB 4.791339590064742 1.2052421146793384
59992.3049 lsst_hardware_z -141.50059640759534 98.5999984741211 30.979999542236328 AB 5.926785203950046 1.2045903331086376
59992.3228 lsst_hardware_u -19.212526961361096 25.709999084472656 29.34000015258789 AB 5.986653635536231 1.2084891098885504
59996.3037 lsst_hardware_i 30.101854788651206 86.5346458780488 31.309999465942383 AB 7.807327048180974 1.204725970889602
59996.3221 lsst_hardware_z 67.86564461016559 98.69874064989 30.979999542236328 AB 7.900167203166639 1.2179555537597757
60000.3037 lsst_hardware_g 88.98682266985553 91.07514284621335 31.65999984741211 AB 10.89450331067101 1.2105003678523343
60000.3218 lsst_hardware_r 287.9164803320043 89.15000988193297 31.600000381469727 AB 11.102618466829714 1.2336242740921906
60002.2708 lsst_hardware_r 560.7178914772109 91.63519093535183 31.610000610351562 AB 7.146716472040554 1.2072835979571857
60002.2889 lsst_hardware_i 526.7211698805513 91.51018174568415 31.309999465942383 AB 7.239178851245674 1.2051907077545516
60004.2713 lsst_hardware_z 724.5280476965544 102.99814162367701 30.979999542236328 AB 4.686647632287713 1.20479373580661
60004.2892 lsst_hardware_u 36.97092988241159 26.091331905025783 29.350000381469727 AB 4.680586440205295 1.207945229525217
60009.2697 lsst_hardware_i 2490.1448296370145 101.33760145720487 31.299999237060547 AB 9.396824737776756 1.2051588916200404
60009.2891 lsst_hardware_z 1831.2640605447268 109.88215191004072 30.979999542236328 AB 9.515705722147802 1.22108420841557
60011.2734 lsst_hardware_i 2956.6321009099634 102.51730709771137 31.299999237060547 AB 11.981808200285949 1.2102836565945403
60011.2924 lsst_hardware_z 2047.8903078928256 108.61023323001119 30.969999313354492 AB 11.976034321702457 1.234748791652457
60013.2669 lsst_hardware_z 2850.245292066193 111.67371621762773 30.979999542236328 AB 11.47200470881354 1.2094891627636837
60013.2859 lsst_hardware_r 4999.072948073978 111.17707139739771 31.610000610351562 AB 11.630316778696685 1.2329066629949048
60015.2707 lsst_hardware_i 4355.918126344997 110.60533174465142 31.299999237060547 AB 9.730303066340419 1.2185218399992175
60015.2899 lsst_hardware_r 5595.107423247098 115.14280392010915 31.600000381469727 AB 10.00215163843449 1.2519512643157356
60019.2327 lsst_hardware_g 3532.7049297596395 106.89663301098707 31.670000076293945 AB 10.077946913793948 1.2042955881848822
60019.2509 lsst_hardware_r 6694.957114258532 118.24483917729918 31.6200008392334 AB 9.099409603327548 1.2097731554740352
60022.2329 lsst_hardware_i 5455.941932841893 114.90262653211529 31.299999237060547 AB 8.133991989621181 1.2047681240644432
60022.2521 lsst_hardware_u -9.830130021071469 26.58774026979913 29.31999969482422 AB 6.889412497744767 1.2191492652176195
60025.228 lsst_hardware_g 2889.357115342773 106.18936785481705 31.670000076293945 AB 6.910363959231112 1.2059095108088902
60025.2481 lsst_hardware_r 6342.138042755194 119.05475834616753 31.610000610351562 AB 7.126952560199559 1.2248253594328193
60027.2318 lsst_hardware_i 5372.20889199223 115.41155345114524 31.309999465942383 AB 7.189220601082333 1.2120409004606478
60027.2521 lsst_hardware_r 6275.782262253185 117.71685116001882 31.610000610351562 AB 7.586326028184169 1.241167496124041
60029.1649 lsst_hardware_u 30.05875345773343 25.597402782774633 29.309999465942383 AB 9.829181867190684 1.2527235134224226
60029.1827 lsst_hardware_g 2368.509263554631 101.64526868060763 31.65999984741211 AB 9.013935629815599 1.2207112917028233
60031.2116 lsst_hardware_r 5588.08498216587 114.94781853176782 31.6200008392334 AB 9.247657951067684 1.2059016714423652
60031.2301 lsst_hardware_i 5165.396111647304 113.74507434514025 31.309999465942383 AB 9.32377232375357 1.2225225948977583
60036.2113 lsst_hardware_z 2639.7580773831255 110.97202797302931 30.979999542236328 AB 10.359740293612598 1.2161222758192907
60036.2299 lsst_hardware_r 4131.279340915543 107.94456203985207 31.610000610351562 AB 10.616649433717718 1.2460612390662682
60038.2192 lsst_hardware_z 4667.229339678814 158.37195022910936 31.719999313354492 AB 6.796281723312676 1.2356875860568501
60040.1736 lsst_hardware_z 2168.5124219723316 108.57628085333846 30.979999542236328 AB 16.422860402477617 1.2046402407744163
60040.1922 lsst_hardware_r 3545.938170698232 104.18697306944419 31.610000610351562 AB 16.490282913069322 1.2087877813421288
60042.1746 lsst_hardware_i 3725.069269646997 105.89629011986477 31.309999465942383 AB 10.149813093697858 1.2041300753769084
60042.1928 lsst_hardware_r 2862.061835960889 103.51939261345422 31.610000610351562 AB 10.39801373683146 1.2138940056617373
60044.1909 lsst_hardware_z 1874.8175016427792 110.94857238384904 30.979999542236328 AB 6.022107863086951 1.217776521806535
60044.2083 lsst_hardware_r 2517.1263099938305 101.32074019021633 31.600000381469727 AB 6.120511377984121 1.2465823099190307
60046.1568 lsst_hardware_r 2331.378459907442 99.25393762298573 31.6200008392334 AB 7.589893223622152 1.2047449561305004
60046.1732 lsst_hardware_i 2861.823458038176 101.43777279427057 31.309999465942383 AB 7.846538864702636 1.2071598253388671
60053.1536 lsst_hardware_u -35.87780230083914 26.86142235855345 29.360000610351562 AB 11.35507883615156 1.206895768310736
60053.1707 lsst_hardware_g 324.1900127016875 93.16766232686336 31.65999984741211 AB 11.025807121297959 1.2234584022745183
60060.1501 lsst_hardware_g 379.3333718012228 90.5085938723075 31.65999984741211 AB 10.640957920542862 1.2214139027253055
60060.1691 lsst_hardware_r 949.8852344988951 91.91094947508634 31.600000381469727 AB 8.05302490962919 1.2568123151976887
60068.0713 lsst_hardware_r 768.5804578239138 91.83567010491231 31.600000381469727 AB 13.432023987702808 1.2277901268466915
60068.0896 lsst_hardware_z 1413.8677990138262 107.40048716793643 30.979999542236328 AB 14.284921075574744 1.2078739335876838
60070.112 lsst_hardware_r 605.9162026909677 90.29312287815918 31.610000610351562 AB 4.372299064280853 1.2100458664983909
60070.1316 lsst_hardware_y 526.1162808318445 101.67449306340795 30.0 AB 4.382157511629989 1.235280482489074
60072.1129 lsst_hardware_g -9.837787238844943 90.01002464201878 31.65999984741211 AB 12.566276181114509 1.2160127908955398
60072.1321 lsst_hardware_r 609.6483431388938 89.64334023183962 31.600000381469727 AB 12.252437187639933 1.2471308654526878
60077.0734 lsst_hardware_i 2003.0046675061917 132.32789103062947 32.060001373291016 AB 8.779044152631569 1.204464984068814
60077.0948 lsst_hardware_z 731.308022805721 103.72841816107642 30.979999542236328 AB 7.779628108206416 1.2116228072482413
60080.0342 lsst_hardware_z 629.686045059515 105.480739486757 30.979999542236328 AB 6.454151844306762 1.235126178223437
60080.0526 lsst_hardware_r 593.9415203616478 91.17772779395015 31.610000610351562 AB 6.123736848753181 1.21094262383891
60085.0472 lsst_hardware_r 307.2233261759613 90.93052259822369 31.6200008392334 AB 8.459116665096328 1.2058039530214641
60085.071 lsst_hardware_u -46.670944568368675 26.670372717559633 29.350000381469727 AB 8.525775390333616 1.2100163767149965
60094.9983 lsst_hardware_r 29.009191575881403 88.0999984741211 31.610000610351562 AB 11.157509518547032 1.2266728437508834
60095.019 lsst_hardware_i 64.32297700331011 88.62999725341797 31.299999237060547 AB 10.67274413048377 1.2061983025438878
60101.9962 lsst_hardware_u -73.34565035465009 26.170000076293945 29.3700008392334 AB 5.360946314063831 1.2082367171656143
60102.0157 lsst_hardware_g 52.91320924950311 89.63999938964844 31.670000076293945 AB 5.594690259958083 1.205146175046618
60110.9591 lsst_hardware_y 111.97063453255342 104.0 30.010000228881836 AB 11.130099298455088 1.2203387202954978
60110.9795 lsst_hardware_r -172.20655550733792 88.33999633789062 31.610000610351562 AB 11.046013740367695 1.2047130265424264
60120.9611 lsst_hardware_y -4.140697603213144 100.5 30.010000228881836 AB 7.77260323632674 1.2044478729830395
60120.9842 lsst_hardware_i -18.193708067060957 86.12999725341797 31.299999237060547 AB 7.4290943169627335 1.2223261003585817
60122.9624 lsst_hardware_y -34.83110079704235 108.33000183105469 30.010000228881836 AB 7.699788428189563 1.2068791538326618
60122.9831 lsst_hardware_r 39.59048378684665 89.62999725341797 31.600000381469727 AB 7.951594454667624 1.228820407412802
60331.3523 lsst_hardware_i -30.07832068825526 33.220001220703125 31.229999542236328 AB 10.952332327808413 1.224956081848611
60331.3735 lsst_hardware_y -0.4290051948337112 68.37999725341797 30.010000228881836 AB 10.758689514649594 1.205455407803878
60333.3596 lsst_hardware_r 46.51158550820172 48.59000015258789 31.579999923706055 AB 8.65403598496053 1.2104534381537697
60341.3587 lsst_hardware_i 15.777307612523357 60.90999984741211 31.299999237060547 AB 14.188705904193853 1.2045764414800793
60341.3763 lsst_hardware_z -72.8072404481318 65.95999908447266 30.969999313354492 AB 14.045658060607698 1.2166009580431094
60345.3316 lsst_hardware_z 59.09456385026272 44.529998779296875 30.93000030517578 AB 7.882917037120699 1.2071848448883153
60345.3504 lsst_hardware_r -24.475535448183045 26.389999389648438 31.489999771118164 AB 8.338185036884937 1.2053755022602117
60349.2841 lsst_hardware_u 2.612404477627895 2.700000047683716 28.31999969482422 AB 6.6867825156901946 1.2632858431985003
60349.3018 lsst_hardware_r -47.2700042484561 24.649999618530273 31.469999313354492 AB 6.68252027390077 1.2269947714300329
60351.3345 lsst_hardware_z -69.56285873287113 44.25 30.93000030517578 AB 5.340611426909675 1.2055556268419234
60351.3512 lsst_hardware_i 0.9911158770354337 33.02000045776367 31.229999542236328 AB 5.413014442104879 1.2192160464226425
60353.3344 lsst_hardware_u 3.6638395211935557 2.75 28.3799991607666 AB 6.7541104129860985 1.2083928458348276
60353.3518 lsst_hardware_g -7.2658345027396765 15.170000076293945 31.399999618530273 AB 6.8376245741191415 1.2277644005600732
60355.3005 lsst_hardware_g 18.43540896220758 15.25 31.40999984741211 AB 4.758612545227505 1.209688603807437
60355.3172 lsst_hardware_r -5.891345619458953 24.729999542236328 31.479999542236328 AB 4.716853802818241 1.2040469183965077
60357.2597 lsst_hardware_i -15.574046734741762 33.11000061035156 31.229999542236328 AB 5.691033674621378 1.270083765956045
60357.276 lsst_hardware_z 1.0522463071389159 44.150001525878906 30.93000030517578 AB 5.477978670052444 1.2335474580714831
60360.3042 lsst_hardware_r 50.70643118730867 24.739999771118164 31.489999771118164 AB 4.393780583394418 1.2041053941886593
60360.3232 lsst_hardware_g -0.6366260502139487 15.1899995803833 31.399999618530273 AB 4.40888701608474 1.2152389790751936
60366.3155 lsst_hardware_z 28.08501291897856 151.7100067138672 31.729999542236328 AB 8.00212809345685 1.2265050978577914
60368.2686 lsst_hardware_y -51.2196889721822 62.689998626708984 30.010000228881836 AB 6.634269593273395 1.2072917885305379
60368.2876 lsst_hardware_r 54.11881525752463 109.95999908447266 31.6200008392334 AB 6.586102184213966 1.2053627716350597
60376.1196 lsst_hardware_z 34.576362350029456 72.0199966430664 31.610000610351562 AB 19.762945223349856 1.9163913235464674
60376.1447 lsst_hardware_i 2.852192803209952 35.2599983215332 31.170000076293945 AB 18.568490485675888 1.615447364122246
60380.2706 lsst_hardware_u -2.8345435639977445 2.6700000762939453 28.290000915527344 AB 9.710122214304727 1.2174811306556126
60380.2912 lsst_hardware_g -0.8537676625119748 15.359999656677246 31.3799991607666 AB 10.001666118858855 1.253250007061997
60383.1673 lsst_hardware_g -12.715980701362254 15.399999618530273 31.350000381469727 AB 13.695908239914166 1.3447136219847338
60383.1845 lsst_hardware_r 5.983829473173558 25.31999969482422 31.469999313354492 AB 13.035700666008864 1.282200065509036
60391.246 lsst_hardware_z 86.5711238812758 67.33999633789062 30.959999084472656 AB 7.917901275470753 1.2246386629759112
60391.2659 lsst_hardware_i 6.983909784949281 73.94000244140625 31.290000915527344 AB 7.7732828383136825 1.2649425572911634
60395.1675 lsst_hardware_r -50.231118716523575 170.99000549316406 31.610000610351562 AB 8.447789901167523 1.242565684619659
60395.1856 lsst_hardware_i 121.07901379341162 136.8699951171875 31.309999465942383 AB 8.145318799133467 1.2148126471489138
60397.22 lsst_hardware_z 190.89767995314102 99.30999755859375 31.719999313354492 AB 8.017279977067366 1.213024002985816
60401.2076 lsst_hardware_i -33.726928392997415 39.060001373291016 31.25 AB 9.935659299450707 1.2116657682256962
60401.2257 lsst_hardware_z 61.83669507545229 47.369998931884766 30.93000030517578 AB 10.54089947633288 1.2362274600859515
60413.1677 lsst_hardware_z 15.358106770453798 44.290000915527344 30.940000534057617 AB 6.609275210194961 1.2066776594449697
60413.1864 lsst_hardware_u -3.937106654157866 2.799999952316284 28.389999389648438 AB 6.918214678461221 1.2253302654022709
60415.1576 lsst_hardware_g 11.978183930595376 15.390000343322754 31.40999984741211 AB 20.12028911794294 1.2048077316133496
60415.1759 lsst_hardware_r 4.222586509055005 25.010000228881836 31.479999542236328 AB 20.819899722553338 1.2185118548481246
60417.1568 lsst_hardware_i 52.15858283462146 43.290000915527344 31.260000228881836 AB 14.194281708657893 1.2066889151286146
60417.1747 lsst_hardware_z 23.96917756112977 48.65999984741211 30.940000534057617 AB 15.792029469258908 1.224188330950303
60423.1528 lsst_hardware_z -25.90738091715996 101.55999755859375 30.979999542236328 AB 11.584336890826847 1.2170232150260645
60423.173 lsst_hardware_r -36.65220011980362 153.86000061035156 31.610000610351562 AB 9.893429761072547 1.2514220359956418
60426.1503 lsst_hardware_i 60.40255458398407 68.58000183105469 31.290000915527344 AB 5.471730561557009 1.2244432025861838
60426.169 lsst_hardware_r 51.537064875801846 86.0999984741211 31.59000015258789 AB 4.432609384258184 1.2615039158329944
60429.1287 lsst_hardware_z 18.665069383355206 68.66000366210938 31.700000762939453 AB 12.650993361843986 1.2096663745697402
60432.1144 lsst_hardware_g 37.303826069676134 15.199999809265137 31.40999984741211 AB 15.998705639504612 1.2059931885650996
60432.1324 lsst_hardware_r -29.251219115637674 24.75 31.479999542236328 AB 13.852599275929263 1.2222971588846325
60436.1131 lsst_hardware_i 9.285701412293937 32.75 31.229999542236328 AB 8.03463259820485 1.212637452092948
60436.1299 lsst_hardware_z 46.18444138858487 44.279998779296875 30.93000030517578 AB 7.588219623954325 1.235799298184842
60445.0381 lsst_hardware_z -23.98483498110421 66.26000213623047 31.690000534057617 AB 6.425139666053624 1.2295153166633737
60445.0578 lsst_hardware_g -2.8307762685995694 41.25 32.34000015258789 AB 6.132016056946932 1.2076246481113302
60447.0369 lsst_hardware_r -37.2585875327942 65.30999755859375 31.600000381469727 AB 8.834479467216443 1.2230474573904142
60447.0578 lsst_hardware_i -60.88818364430527 58.900001525878906 31.290000915527344 AB 10.127075401200527 1.2050781882354162
60458.0375 lsst_hardware_i -41.960540323793786 32.90999984741211 31.239999771118164 AB 11.319707877061065 1.2042242422405387
60458.0571 lsst_hardware_u -1.6831532960697007 2.759999990463257 28.3700008392334 AB 11.727970492856109 1.2168784719313428
60459.9976 lsst_hardware_u 1.8877942080833672 3.8499999046325684 29.079999923706055 AB 11.158930643459941 1.2287766822192048
60460.0168 lsst_hardware_g 13.150646835053278 21.979999542236328 32.15999984741211 AB 10.69468187529108 1.2076539960241741
60462.0003 lsst_hardware_r 30.375119744716155 25.06999969482422 31.479999542236328 AB 13.128605382004096 1.217443410873262
60462.0201 lsst_hardware_i -62.54660839617338 32.9900016784668 31.229999542236328 AB 12.92825577629152 1.2042714813660362
60463.9975 lsst_hardware_z -67.31051317618846 44.27000045776367 30.93000030517578 AB 13.116719293374988 1.2145110456828692
60464.018 lsst_hardware_u 1.0780525069798872 2.740000009536743 28.34000015258789 AB 13.527313293826905 1.2039885742698062
60465.9984 lsst_hardware_g -7.634269575918081 15.630000114440918 31.399999618530273 AB 5.198614119242876 1.2089800277309015
60466.0193 lsst_hardware_r -0.05616519394089898 25.170000076293945 31.469999313354492 AB 5.321495222176949 1.2051169613716695
60467.9967 lsst_hardware_i -6.5775575535287745 33.060001373291016 31.229999542236328 AB 2.985921659692546 1.2066767668993923
60468.0162 lsst_hardware_z -24.981042158696738 44.09000015258789 30.940000534057617 AB 2.87109560653402 1.2060470920435553
60484.9582 lsst_hardware_y -19.019565388345583 55.04999923706055 30.0 AB 5.51017110621107 1.2041457836999714
60484.9767 lsst_hardware_i 40.50695485267892 33.77000045776367 31.239999771118164 AB 6.112866024760523 1.2103886261158714
60486.9608 lsst_hardware_y -65.47477257801535 53.27000045776367 30.0 AB 9.176710186470663 1.2047669931036384
60486.9821 lsst_hardware_g -5.6006535752794715 16.700000762939453 31.440000534057617 AB 9.349826193627358 1.2221462498750413
