data/validation/pwv_sim_epoch_fit_epoch/42266722.ecsv
# %ECSV 0.9
# ---
# datatype:
# - {name: time, datatype: float64}
# - {name: band, datatype: string}
# - {name: flux, datatype: float64}
# - {name: fluxerr, datatype: float64}
# - {name: zp, datatype: float64}
# - {name: zpsys, datatype: string}
# - {name: pwv, datatype: float64}
# - {name: airmass, datatype: float64}
# meta: {SNID: '42266722', alt: 1024.0, c: -0.011412560008466244, dec: -1.790785, lat: -30.244573, lon: -70.7499537, ra: 291.269531, t0: 62626.92578125,
#   x0: 5.10522014800413e-05, x1: -0.7947686314582825, z: 0.2282024472951889}
# schema: astropy-2.0
time band flux fluxerr zp zpsys pwv airmass
62613.4118 lsst_hardware_z 2382.6729211422016 78.38698973743037 30.979999542236328 AB 6.9010541871706295 1.140340263092598
62615.3571 lsst_hardware_i 9532.02223274252 120.37635310202253 32.040000915527344 AB 11.279881448631105 1.2210637274911211
62615.3702 lsst_hardware_y 966.6812088881967 58.907354563338444 30.0 AB 10.951459616366389 1.1873109761611482
62617.4121 lsst_hardware_r 8184.620591697539 95.92435919567762 31.540000915527344 AB 4.567015700264362 1.138078878686997
62624.3687 lsst_hardware_r 13432.207327093218 118.15187724980632 31.479999542236328 AB 13.130085735693296 1.1501224776694008
62624.3883 lsst_hardware_u 204.64077844337427 14.394529652927563 28.3799991607666 AB 12.64379705617315 1.1383458478315638
62626.3672 lsst_hardware_g 11485.029336105374 108.35526508825508 31.420000076293945 AB 7.676431562373541 1.146334885742334
62630.2829 lsst_hardware_g 9480.953193283489 98.08931658313729 31.34000015258789 AB 11.710617769814212 1.359144759248801
62630.3095 lsst_hardware_i 10665.447426767398 107.09964621926446 31.229999542236328 AB 10.281154402103413 1.2421853888969083
62632.3818 lsst_hardware_z 4941.999630930154 80.30145776198087 30.940000534057617 AB 8.672501405532849 1.1411186059911644
62632.403 lsst_hardware_r 13197.461760806998 116.69766630632365 31.479999542236328 AB 8.835416883551215 1.162554853098844
62635.3247 lsst_hardware_y 1463.9780376183412 59.80800698330938 30.010000228881836 AB 7.751705595553822 1.1694509459990814
62635.3506 lsst_hardware_g 7068.663280263151 85.21245382498287 31.389999389648438 AB 9.098896776704338 1.1408917308804536
62643.3441 lsst_hardware_r 9214.755795157136 118.35845665934035 31.6200008392334 AB 4.798483630518445 1.1384302800755504
62643.3672 lsst_hardware_z 2954.279995186471 79.91215533100183 30.969999313354492 AB 4.857548056814518 1.1546346700295977
62645.3122 lsst_hardware_g 3236.4875863067246 65.28334464655596 31.6299991607666 AB 8.267502332551711 1.1492751493283173
62645.3345 lsst_hardware_i 6071.451773783521 86.03217180315411 31.270000457763672 AB 7.791954552752606 1.1380654166629902
62647.3297 lsst_hardware_z 2803.291896688327 67.13568290954548 30.950000762939453 AB 6.479052678145248 1.1380735426216635
62647.3512 lsst_hardware_r 6537.166355552077 84.38774381677291 31.510000228881836 AB 6.618371661861275 1.1489729893426668
62651.2908 lsst_hardware_r 5041.404094176937 74.52932822953868 31.479999542236328 AB 13.324140401312938 1.1549384918791914
62651.3133 lsst_hardware_u 18.151811255439437 5.28721876795498 28.3700008392334 AB 14.659399425708532 1.138601499741114
62656.2912 lsst_hardware_i 4520.481944664735 73.53427946636143 31.239999771118164 AB 13.085758430760551 1.1420381324164293
62656.3158 lsst_hardware_z 2813.5577664578736 66.64837917762844 30.940000534057617 AB 13.706323487105378 1.1408863583065552
62673.2158 lsst_hardware_z 5365.307768063906 123.21103050730352 32.459999084472656 AB 3.4138492293003897 1.1790528349864635
62677.261 lsst_hardware_r 1667.4393715461533 46.75440185244326 31.489999771118164 AB 5.011894700661648 1.1423121824869717
62677.2875 lsst_hardware_z 1197.123032384991 54.704551805355685 30.940000534057617 AB 5.170340565319243 1.175077401208919
62681.2121 lsst_hardware_u 6.847182072956135 3.372821359658179 28.350000381469727 AB 3.167720286665428 1.1512005887335637
62681.2351 lsst_hardware_g 460.4095354133526 25.92631231024206 31.40999984741211 AB 3.1578889718443497 1.1381147183484313
62683.2102 lsst_hardware_r 1317.7969720705942 44.43277563794629 31.479999542236328 AB 8.783155331376259 1.1475998342426215
62683.2317 lsst_hardware_i 1618.9367283338458 50.76303687451599 31.229999542236328 AB 8.823694667520645 1.1381006923152703
62687.2061 lsst_hardware_z 874.5098491125444 50.6307835622306 30.940000534057617 AB 4.1123996144879325 1.142333226246648
62687.2274 lsst_hardware_r 1327.2156585310647 43.48291417778497 31.489999771118164 AB 4.113840084513229 1.139331187291607
62689.2082 lsst_hardware_u 4.5884627005718635 2.640000104904175 28.329999923706055 AB 2.5527759138023183 1.1389541554739673
62689.2285 lsst_hardware_g 9.811317917390884 14.710000038146973 31.40999984741211 AB 2.0564662991946943 1.1424812773303856
62696.1724 lsst_hardware_z -100.55313325894085 139.5800018310547 31.739999771118164 AB 8.370100559183806 1.1498707121946679
62696.1947 lsst_hardware_r 262.6522436876065 200.86000061035156 32.380001068115234 AB 8.301671853546198 1.1380987780760519
62698.1612 lsst_hardware_i -231.70861129376686 113.55999755859375 31.31999969482422 AB 3.3046768489817087 1.1565935248864148
62698.1804 lsst_hardware_r 57.65521669145608 140.5 31.639999389648438 AB 3.4766968629286237 1.140087510388137
62705.0138 lsst_hardware_z -56.850990933831824 51.41999816894531 30.84000015258789 AB 8.597396008279576 2.0419751424937633
62705.0405 lsst_hardware_r 43.86931171804351 25.06999969482422 31.3799991607666 AB 6.965951246549111 1.6561610159607973
62708.1488 lsst_hardware_u 1.7247284242685823 2.5899999141693115 28.290000915527344 AB 10.398149450654985 1.142319040279953
62708.1706 lsst_hardware_g 2.4792246556641984 14.670000076293945 31.399999618530273 AB 12.226062734909181 1.13952537743136
62710.1133 lsst_hardware_g 1.4612420351002695 14.630000114440918 31.3799991607666 AB 4.491882051665941 1.182074224122616
62710.1328 lsst_hardware_r 12.652830584042567 23.84000015258789 31.479999542236328 AB 4.259974708445803 1.1513445157961628
62712.1151 lsst_hardware_i 1.791758184631276 31.959999084472656 31.229999542236328 AB 6.075736195368478 1.1684108068016303
62712.1342 lsst_hardware_r 27.913589884013525 23.850000381469727 31.479999542236328 AB 6.326093746660928 1.1448907332659357
62717.1123 lsst_hardware_u 1.9567760311943851 2.5999999046325684 28.290000915527344 AB 1.9709132352139227 1.1529179498180302
62717.1302 lsst_hardware_g 14.090041408630519 14.550000190734863 31.399999618530273 AB 1.5301847841630336 1.1394487998731866
62721.1138 lsst_hardware_r -18.902076817782895 48.43000030517578 31.610000610351562 AB 5.024904810058685 1.142023820467883
62721.1329 lsst_hardware_i -48.947572703828236 45.25 31.290000915527344 AB 4.367872460434848 1.1388508066490999
62730.08 lsst_hardware_i -37.633594305916844 40.45000076293945 31.280000686645508 AB 4.483184040717133 1.1494361270106317
62730.0971 lsst_hardware_z -36.96121865741229 48.09000015258789 30.959999084472656 AB 4.601400115478173 1.1387490231957367
62732.0963 lsst_hardware_g 25.85770989593988 14.390000343322754 31.40999984741211 AB 2.492467687544073 1.1381130993351931
62732.1185 lsst_hardware_r 36.01675537016315 23.520000457763672 31.479999542236328 AB 2.512501090614088 1.1483969333194584
62734.0905 lsst_hardware_i -21.63703212811448 31.540000915527344 31.239999771118164 AB 2.8245479114720795 1.138127495304555
62734.1101 lsst_hardware_r 12.902656934990688 23.5 31.479999542236328 AB 2.8002262307869263 1.1457554135789387
62737.0539 lsst_hardware_z 49.589275113091134 42.97999954223633 30.940000534057617 AB 2.990300857705227 1.1576851946206839
62737.074 lsst_hardware_u 2.812065251926531 2.680000066757202 28.3799991607666 AB 2.9102957310121225 1.14006296386725
62739.048 lsst_hardware_g 13.228578580895805 14.390000343322754 31.399999618530273 AB 2.33654328747397 1.158281466091942
62739.0655 lsst_hardware_r -18.59377333736591 23.559999465942383 31.489999771118164 AB 2.303915521073573 1.1415411971133047
62741.0478 lsst_hardware_i 4.136338360527668 31.68000030517578 31.239999771118164 AB 4.031113771914448 1.1517467919755566
62741.0647 lsst_hardware_z -68.20239565440822 42.790000915527344 30.940000534057617 AB 3.988053975063969 1.1394439928754196
62743.0466 lsst_hardware_i 0.3411371787458345 31.670000076293945 31.239999771118164 AB 4.795605874120174 1.1474113827300332
62743.0645 lsst_hardware_u 0.23408431882389766 2.700000047683716 28.399999618530273 AB 4.699803357143999 1.1382425180779847
62745.0463 lsst_hardware_g -8.892468762522046 14.40999984741211 31.399999618530273 AB 1.463402770986239 1.1432834148329991
62745.0635 lsst_hardware_r -87.4177524148528 23.489999771118164 31.479999542236328 AB 1.4527070447089567 1.1381878125168112
62750.0231 lsst_hardware_z 34.97744151374569 53.36000061035156 30.959999084472656 AB 0.9819852203726718 1.151888821551521
62750.0435 lsst_hardware_r 29.924977036608375 56.150001525878906 31.6200008392334 AB 0.727712538856937 1.1385333072077242
62752.0204 lsst_hardware_i 31.049849389543624 81.30999755859375 31.31999969482422 AB 2.757520722465605 1.1489669676940022
62752.0389 lsst_hardware_z -10.399676738357911 74.56999969482422 30.979999542236328 AB 2.732116494387295 1.138381872661373
62754.0228 lsst_hardware_i -58.75639608662176 84.81999969482422 31.31999969482422 AB 3.687003839679537 1.1425779530551832
62754.0408 lsst_hardware_z -25.84367113444789 74.29000091552734 30.979999542236328 AB 3.6481936212919406 1.1384299429333842
62756.0192 lsst_hardware_g 25.24547926127061 97.76000213623047 31.700000762939453 AB 2.5449241637064124 1.1414775347416068
62756.038 lsst_hardware_r 37.83851301135076 93.04000091552734 31.639999389648438 AB 2.3472765518097027 1.139039937794348
62759.0189 lsst_hardware_i -7.476651637724683 31.81999969482422 31.25 AB 1.4493598061991744 1.13853873228529
62759.0363 lsst_hardware_r 16.84674056616518 23.639999389648438 31.489999771118164 AB 1.4737548684132604 1.141855528212662
62760.9886 lsst_hardware_z -62.33161037712372 45.58000183105469 30.950000762939453 AB 7.75924032107369 1.15737580923329
62761.0075 lsst_hardware_u 2.744921448013028 2.700000047683716 28.389999389648438 AB 2.0391985575976985 1.1404913633096747
62765.9871 lsst_hardware_y -1.4622394908314273 55.36000061035156 30.020000457763672 AB 2.278294801421656 1.144632096172067
62766.0068 lsst_hardware_z -63.78752505931819 42.880001068115234 30.940000534057617 AB 2.923608653238467 1.1382552669802228
62769.9922 lsst_hardware_y -2.263143348886423 51.38999938964844 30.020000457763672 AB 3.4343121504012255 1.138131615708774
62770.0194 lsst_hardware_r -38.72472055557554 23.719999313354492 31.469999313354492 AB 3.873171492090425 1.1534161679840456
62993.268 lsst_hardware_z 5.75714274333203 100.37000274658203 31.68000030517578 AB 11.017162602532597 1.5004647739234045
62996.2929 lsst_hardware_r 68.5941478095668 138.19000244140625 32.34000015258789 AB 8.83457548041296 1.2992022765313176
63001.3395 lsst_hardware_i 22.929296686208957 33.56999969482422 31.239999771118164 AB 8.75309161076771 1.1473445550882013
63001.3645 lsst_hardware_z -85.52808646898532 43.79999923706055 30.940000534057617 AB 8.686154177770415 1.1385704781453128
63003.3126 lsst_hardware_z 16.080694169739346 43.5099983215332 30.940000534057617 AB 7.388316674487359 1.1779841636619264
63003.3508 lsst_hardware_r 12.424035773318943 23.739999771118164 31.479999542236328 AB 8.42399059958581 1.1383771080521365
63003.3742 lsst_hardware_u -0.5264868837537491 2.7699999809265137 28.40999984741211 AB 8.486755299904504 1.1468588243114193
63004.3013 lsst_hardware_u -2.206249628915559 3.7100000381469727 29.059999465942383 AB 9.512532211218993 1.1967958328226873
63004.3157 lsst_hardware_g 1.3573989430896343 14.289999961853027 31.389999389648438 AB 9.255605829871048 1.167408765592312
63008.3437 lsst_hardware_r -30.81773661946394 23.479999542236328 31.479999542236328 AB 4.827291918486302 1.138288524697104
63008.3645 lsst_hardware_z -90.26276109471556 42.79999923706055 30.940000534057617 AB 4.8875878541934865 1.1507427062141031
63012.3112 lsst_hardware_r -33.66020470200111 23.549999237060547 31.479999542236328 AB 6.487519602021264 1.1458337291256537
63012.3329 lsst_hardware_u -4.277293769008134 2.690000057220459 28.3799991607666 AB 6.45154214998719 1.1383065606046707
63014.3271 lsst_hardware_g -3.3817571055120657 14.369999885559082 31.40999984741211 AB 8.948173033178069 1.138263384726102
63014.346 lsst_hardware_r 6.265750903775605 23.6200008392334 31.489999771118164 AB 10.40320322252845 1.1485733615819433
63016.3343 lsst_hardware_i -13.00198314898031 31.59000015258789 31.239999771118164 AB 14.087251686233735 1.1433838823304958
63016.3527 lsst_hardware_z -49.89665301947753 42.86000061035156 30.940000534057617 AB 14.286193568581483 1.1639395118609257
63021.3072 lsst_hardware_z 27.959723751953284 89.7699966430664 31.719999313354492 AB 13.667890804336894 1.1381846862086913
63023.2974 lsst_hardware_r 16.20740087156305 125.83000183105469 31.6299991607666 AB 6.974015215877098 1.1382275768856882
63045.2125 lsst_hardware_i 11.28949275202217 31.940000534057617 31.239999771118164 AB 7.044036395062751 1.1547600647643854
63045.2345 lsst_hardware_z -30.100178730968192 42.779998779296875 30.940000534057617 AB 6.866460858487431 1.1387165602798395
63047.2177 lsst_hardware_z 50.05671507847558 47.95000076293945 30.950000762939453 AB 3.7857719194424164 1.1442274647585573
63047.2365 lsst_hardware_r -2.834062189137327 44.08000183105469 31.59000015258789 AB 3.7761514670482668 1.138223546371048
63049.2188 lsst_hardware_i -56.421185771007735 61.66999816894531 31.309999465942383 AB 9.402077459438914 1.1403368659113298
63049.241 lsst_hardware_r -85.42782793055373 74.19999694824219 31.6200008392334 AB 9.423418672489179 1.1414254978285066
63062.1099 lsst_hardware_i -62.32717450570262 57.63999938964844 32.41999816894531 AB 8.334543641191265 1.3120960799513965
63062.1414 lsst_hardware_z -7.737174777876928 75.63999938964844 32.130001068115234 AB 8.271709012498166 1.2006544918470339
63067.2092 lsst_hardware_i 78.15419181914741 45.47999954223633 31.989999771118164 AB 3.415058913003347 1.1577779115165603
63067.2263 lsst_hardware_r 17.805765453017013 24.190000534057617 31.479999542236328 AB 3.4702955023990083 1.1881860884726119
63069.1802 lsst_hardware_u 1.4223921234338297 2.640000104904175 28.329999923706055 AB 6.224972381301783 1.1389227995307283
63069.2001 lsst_hardware_g 23.209520217087046 14.739999771118164 31.40999984741211 AB 6.259484608834945 1.1531843420845513
63072.1674 lsst_hardware_r -39.592700063889644 23.969999313354492 31.489999771118164 AB 6.680747663068278 1.1381656225678989
63072.1875 lsst_hardware_i -33.35973879651804 31.989999771118164 31.239999771118164 AB 6.775909526786645 1.1484592418282449
63073.121 lsst_hardware_i 19.440496551822452 33.209999084472656 31.239999771118164 AB 8.637739887551277 1.1789722087697094
63073.1408 lsst_hardware_z 47.14152468627193 43.400001525878906 30.940000534057617 AB 10.402777797883353 1.14942528957783
63077.1111 lsst_hardware_i 58.82377467913569 55.650001525878906 31.299999237060547 AB 6.1202351305404985 1.1769682943347113
63077.1308 lsst_hardware_z 13.613198421073752 55.43000030517578 30.969999313354492 AB 6.4181730368936725 1.1485121526226767
63081.1419 lsst_hardware_i 241.61621938994557 113.0 31.31999969482422 AB 2.0770882412140903 1.1381305431310085
63081.1637 lsst_hardware_r 105.25357459109225 143.1199951171875 31.639999389648438 AB 2.1840086647380126 1.1492262213048081
63083.0535 lsst_hardware_z -113.1397149569137 87.69000244140625 31.700000762939453 AB 2.8770158799207373 1.3077344908730624
63085.1283 lsst_hardware_r -22.57521074822369 39.16999816894531 31.579999923706055 AB 2.980277556240211 1.1382345854513853
63085.1476 lsst_hardware_i 38.11616481873762 43.470001220703125 31.280000686645508 AB 3.0615400468835188 1.1446435868208569
63094.0906 lsst_hardware_i 18.8696910647341 31.520000457763672 31.239999771118164 AB 5.886249327376828 1.143368058670108
63094.1128 lsst_hardware_r -26.10684252610687 23.59000015258789 31.489999771118164 AB 5.869609452632373 1.1391769922624693
63099.0884 lsst_hardware_u -0.26883462207731035 2.690000057220459 28.389999389648438 AB 2.7724450065236956 1.1384642260646953
63099.1111 lsst_hardware_g -21.809852783445788 14.300000190734863 31.389999389648438 AB 2.8556405014327577 1.1460381263901906
63100.0445 lsst_hardware_r -13.538470055436079 33.959999084472656 32.2400016784668 AB 3.5667785241366996 1.18471385876994
63100.0658 lsst_hardware_i -21.644717939493763 44.9900016784668 31.989999771118164 AB 3.546280965164591 1.1507672142232312
63108.0441 lsst_hardware_i 26.564739447989236 93.0 31.309999465942383 AB 4.806693668916643 1.1506148818471063
63108.0614 lsst_hardware_z -157.99260899238246 80.9800033569336 30.979999542236328 AB 4.690464858775566 1.1390152643942606
63113.0207 lsst_hardware_r -0.9915065943311708 23.59000015258789 31.479999542236328 AB 2.076843896830841 1.1632807487850116
63113.0403 lsst_hardware_i -4.6258935567839075 31.670000076293945 31.229999542236328 AB 2.026994665887592 1.1423442441483633
63115.0206 lsst_hardware_z -26.717751246282585 43.06999969482422 30.940000534057617 AB 0.9837366137430668 1.15575086791823
63115.0398 lsst_hardware_u -0.901098051937367 2.7100000381469727 28.399999618530273 AB 0.9791319930176883 1.139850981394282
63125.0216 lsst_hardware_g -9.874465046211798 14.449999809265137 31.40999984741211 AB 2.860894347278535 1.1381359291653104
63125.0394 lsst_hardware_r -3.391787994635339 23.579999923706055 31.479999542236328 AB 2.8766234797875434 1.1454566550786607
63127.9896 lsst_hardware_y 26.99446940191769 50.619998931884766 30.010000228881836 AB 6.975760345923952 1.1504985520840465
63128.0089 lsst_hardware_i 68.58565142284756 31.760000228881836 31.239999771118164 AB 6.717295178364783 1.1385246065025056
63134.9877 lsst_hardware_y -75.02647916675134 65.33999633789062 30.030000686645508 AB 3.4640167521375926 1.1390108515043462
63135.0057 lsst_hardware_z -4.888054808853122 65.9800033569336 30.979999542236328 AB 3.770874165678693 1.1411906079931484
63135.9886 lsst_hardware_y 40.133879672407346 64.16000366210938 30.040000915527344 AB 2.3998957338753253 1.1382904666604567
63136.0076 lsst_hardware_z 67.50345501627243 66.0999984741211 30.979999542236328 AB 3.5688139045353733 1.1440950751876218
