data/validation/pwv_sim_epoch_fit_epoch/42426450.ecsv
# %ECSV 0.9
# ---
# datatype:
# - {name: time, datatype: float64}
# - {name: band, datatype: string}
# - {name: flux, datatype: float64}
# - {name: fluxerr, datatype: float64}
# - {name: zp, datatype: float64}
# - {name: zpsys, datatype: string}
# - {name: pwv, datatype: float64}
# - {name: airmass, datatype: float64}
# meta: {SNID: '42426450', alt: 1024.0, c: 0.019060073420405388, dec: 3.732834, lat: -30.244573, lon: -70.7499537, ra: 11.25, t0: 62072.1953125,
#   x0: 4.690605848193293e-06, x1: 0.4297696650028229, z: 0.6297845244407654}
# schema: astropy-2.0
time band flux fluxerr zp zpsys pwv airmass
61957.4352 lsst_hardware_z -1.0562121249214875 56.900001525878906 30.959999084472656 AB 6.373936780784938 1.2087302480984095
61961.4072 lsst_hardware_i -57.66601856032143 66.9800033569336 31.299999237060547 AB 11.518857991759663 1.220261095917193
61963.4111 lsst_hardware_z -15.834337677033947 64.12000274658203 30.969999313354492 AB 9.242005807859107 1.2121060766397727
61963.4315 lsst_hardware_y 70.95079080982995 57.13999938964844 30.0 AB 10.607647697436397 1.209675869248078
61966.4144 lsst_hardware_i -150.19267609891205 53.54999923706055 31.290000915527344 AB 5.778711949535471 1.2081772840341776
61966.4338 lsst_hardware_y 15.103017850872792 54.560001373291016 30.0 AB 5.584062300812375 1.2165713073665305
61967.4266 lsst_hardware_z 97.56182853986992 72.61000061035156 31.700000762939453 AB 3.5088616958361145 1.2129498286003737
61975.3772 lsst_hardware_g 5.47255798623539 15.9399995803833 31.399999618530273 AB 6.4372954780949385 1.2128677302110105
61975.3969 lsst_hardware_r 31.98532772189603 25.549999237060547 31.479999542236328 AB 6.42731151712028 1.2090503230098346
61977.3749 lsst_hardware_i 28.48441660985619 32.9900016784668 31.219999313354492 AB 8.653001829446623 1.2109439515016034
61977.3939 lsst_hardware_z 26.52083207734827 43.86000061035156 30.920000076293945 AB 8.064248170329737 1.2099397104770797
61980.3746 lsst_hardware_i 10.39575034749492 33.040000915527344 31.219999313354492 AB 5.090618016030353 1.2083357965060675
61980.3938 lsst_hardware_u -2.911125243579818 2.619999885559082 28.239999771118164 AB 5.7105846264789095 1.2150180056338105
61982.3664 lsst_hardware_g 9.540611374082463 15.609999656677246 31.40999984741211 AB 4.781561222278083 1.2088895724620132
61982.3856 lsst_hardware_r -8.05506823209144 25.040000915527344 31.479999542236328 AB 5.4354322473716365 1.2129276981582455
61984.37 lsst_hardware_i -31.471102401131613 33.029998779296875 31.229999542236328 AB 1.6951161134927677 1.2084953280604334
61984.3892 lsst_hardware_r -16.9848412238565 25.149999618530273 31.479999542236328 AB 2.2590432378642573 1.2213245113701157
61993.2977 lsst_hardware_i 184.55041980076848 121.13999938964844 32.04999923706055 AB 7.069258705610134 1.2583603475141902
61993.3221 lsst_hardware_z -178.90068759194224 107.3499984741211 31.719999313354492 AB 6.853307577540107 1.217896675806079
61996.327 lsst_hardware_g -28.89732225109031 50.68000030517578 32.369998931884766 AB 4.054217917674798 1.2092517153533897
61996.3476 lsst_hardware_r 93.87217410256092 58.5 32.33000183105469 AB 4.245821707260624 1.213091916360178
62000.3208 lsst_hardware_i 1.654086809607403 33.02000045776367 31.239999771118164 AB 4.005074722656776 1.2082584576987032
62000.3417 lsst_hardware_r 18.489435073177077 24.969999313354492 31.489999771118164 AB 4.784516291078316 1.2172793006178135
62012.2699 lsst_hardware_i 10.271402979308764 40.599998474121094 31.260000228881836 AB 3.3297437682068094 1.218236080931788
62012.2896 lsst_hardware_z 62.61444163588527 47.0099983215332 30.940000534057617 AB 3.3064880762481885 1.2081805339355762
62014.249 lsst_hardware_i 75.1268596550512 52.58000183105469 31.280000686645508 AB 1.9993695833639247 1.2402395968144118
62014.2657 lsst_hardware_z -3.6652044923724247 53.560001373291016 30.950000762939453 AB 1.9991286441144978 1.2170020154917802
62019.2401 lsst_hardware_z 91.87782727040126 144.8800048828125 31.729999542236328 AB 0.516245080271563 1.2320884970681694
62022.2321 lsst_hardware_r -245.36281972335416 92.76000213623047 31.610000610351562 AB 3.788364739774386 1.2317882424888265
62022.2511 lsst_hardware_i 19.656374707241394 78.63999938964844 31.299999237060547 AB 5.209409846060455 1.2114906618745245
62029.1929 lsst_hardware_r 1.5945966371616715 25.459999084472656 31.469999313354492 AB 3.8036883000454793 1.275050550325407
62029.2098 lsst_hardware_g -3.500138086237299 15.609999656677246 31.399999618530273 AB 4.158270187097614 1.2370895042935257
62032.2144 lsst_hardware_r -3.5032837409130395 25.290000915527344 31.479999542236328 AB 7.287395413269081 1.21917166182276
62032.2335 lsst_hardware_i -6.562586174077275 33.34000015258789 31.239999771118164 AB 7.194018164956632 1.20826640325103
62034.1794 lsst_hardware_i -30.246314940892013 33.790000915527344 31.219999313354492 AB 5.6848668397776905 1.2746338205779575
62034.1985 lsst_hardware_z 106.14500509703831 44.77000045776367 30.93000030517578 AB 5.425766731733525 1.23312880266671
62036.1843 lsst_hardware_r -45.23244050957311 25.40999984741211 31.489999771118164 AB 2.4681584847921143 1.2494369043449742
62036.2037 lsst_hardware_u 0.749270592401131 2.7799999713897705 28.3700008392334 AB 2.4343232372510015 1.218939238347776
62040.1779 lsst_hardware_i 1.661915106230284 38.013223228392626 31.239999771118164 AB 4.922554492393314 1.2404589229047218
62040.1976 lsst_hardware_z 34.279676618978016 46.071819302283316 30.93000030517578 AB 4.812622997915874 1.2144909988011756
62042.1783 lsst_hardware_r 65.54948871436228 51.65966347408279 31.59000015258789 AB 4.933462575402576 1.2305456434178115
62042.1965 lsst_hardware_z 43.59288691461532 51.1660272333359 30.950000762939453 AB 4.8901959337692436 1.2114940997817398
62047.1753 lsst_hardware_z 86.48483755597586 118.6054274377696 30.979999542236328 AB 2.741966771129637 1.2172993434536672
62047.1948 lsst_hardware_i 154.4519274084386 140.02794429160832 31.309999465942383 AB 2.708368246712028 1.208194013403135
62049.1424 lsst_hardware_r -18.962815979523153 140.62944328380172 31.610000610351562 AB 5.474456122439002 1.2642355804951222
62049.1623 lsst_hardware_z 253.57746172928537 97.20339295177398 30.979999542236328 AB 5.349867675760894 1.2260496564136345
62051.1416 lsst_hardware_g -39.74259102298892 73.46497300989977 31.639999389648438 AB 6.245658617167965 1.2532255937064194
62051.1604 lsst_hardware_r 478.3840522330013 78.78617325908601 31.610000610351562 AB 6.065778309208471 1.2215435945240931
62053.1391 lsst_hardware_i 392.7729793859578 39.87042765054096 31.229999542236328 AB 3.8922277924007496 1.2469094321322278
62053.1573 lsst_hardware_z 361.9067085250137 51.498533138979525 30.940000534057617 AB 3.8548532577835495 1.2189259313149563
62056.1403 lsst_hardware_r 700.9314641417664 37.533610891886035 31.489999771118164 AB 7.292552377944384 1.230204941805477
62056.1581 lsst_hardware_g 138.0184781673521 20.44838720217888 31.420000076293945 AB 7.17518103590855 1.2115974450278282
62058.1395 lsst_hardware_r 968.8346791360045 39.942269901794965 31.489999771118164 AB 7.6095158839313415 1.2237227366279295
62058.1565 lsst_hardware_i 798.3076955475974 43.78946335551737 31.239999771118164 AB 7.483591631327676 1.2097137411723866
62061.0565 lsst_hardware_u 6.515277316473027 4.228899053310175 28.850000381469727 AB 8.85696994139678 1.507312787848329
62061.0847 lsst_hardware_g 660.2598328876901 32.537082864285125 32.119998931884766 AB 11.794263484061831 1.3478901526515703
62066.1073 lsst_hardware_g 367.72616858037406 24.7141740071469 31.420000076293945 AB 6.6222943619353085 1.239743094278109
62066.1259 lsst_hardware_r 1484.605501688015 46.48581002571284 31.489999771118164 AB 5.770284019859773 1.2150737578450745
62076.076 lsst_hardware_i 1454.0976416411306 126.91383129365502 31.309999465942383 AB 8.248443819626395 1.2475274865205912
62076.0931 lsst_hardware_z 1292.4180111529977 108.0535969292841 30.979999542236328 AB 6.670743505928838 1.220444001694327
62078.0851 lsst_hardware_r 1309.9323647794722 119.86397116008054 31.6200008392334 AB 5.4974081933595755 1.2234587967417452
62078.1045 lsst_hardware_z 1211.1098231641026 85.88103304984493 30.969999313354492 AB 5.458020798138586 1.2088639641504344
62080.0845 lsst_hardware_g 154.07427617154787 43.80435913147985 31.6200008392334 AB 4.064003386171805 1.2179830328184587
62080.1037 lsst_hardware_r 1346.8051752325173 66.90599707110488 31.59000015258789 AB 4.06447170463822 1.2081959041754475
62089.0547 lsst_hardware_i 861.4982047698151 44.230164724785915 31.219999313354492 AB 6.583459244361666 1.2239188035624513
62089.0726 lsst_hardware_z 926.5744238082088 52.518940527593195 30.93000030517578 AB 6.395489853525257 1.2094345411357805
62092.0603 lsst_hardware_r 619.3211936715489 35.06218130375959 31.469999313354492 AB 7.7990225264877076 1.2113104801566297
62092.0812 lsst_hardware_u -1.3623050268665602 2.6327960120483973 28.25 AB 7.84136286155981 1.2105538960339344
62094.0626 lsst_hardware_g 79.95704927394303 17.32414569335862 31.40999984741211 AB 7.944531769644403 1.2084776041442657
62094.0823 lsst_hardware_r 561.6020111130402 34.110947171642486 31.489999771118164 AB 7.962283595936362 1.2148430152731893
62097.0251 lsst_hardware_z 600.4645260615812 57.938102667951604 30.950000762939453 AB 9.401586299062158 1.2354252692591534
62097.0453 lsst_hardware_i 639.0784588517948 42.27898291886272 31.239999771118164 AB 8.273770849512923 1.2121113183107897
62099.0266 lsst_hardware_y 389.45700079420214 58.206263487808855 30.0 AB 7.699609385484459 1.224947136684169
62099.0464 lsst_hardware_r 366.3281917201504 45.4271376852748 31.56999969482422 AB 6.21947375070785 1.2090734352075914
62101.0286 lsst_hardware_y 330.3056045210356 63.270376612509125 30.0 AB 5.956142292676332 1.2165944528776906
62101.0485 lsst_hardware_r 205.83645532721619 76.91423397268082 31.610000610351562 AB 4.41011176866926 1.2082497996354136
62106.0291 lsst_hardware_y 188.0220404503334 70.3759821699258 30.010000228881836 AB 8.42081078738625 1.2086131643938498
62106.0471 lsst_hardware_r 409.83407700639253 103.93931078450836 31.6200008392334 AB 7.608906985935317 1.2129936476236656
62324.4341 lsst_hardware_r -10.299501275215375 28.56999969482422 31.520000457763672 AB 1.9744908167817592 1.2082554717687333
62326.4181 lsst_hardware_z -90.90769995221552 63.36000061035156 31.690000534057617 AB 2.8152096049855957 1.211667991098881
62326.4395 lsst_hardware_y -47.712029889832806 57.970001220703125 30.0 AB 2.8129349533674275 1.2105587232968416
62329.4189 lsst_hardware_u 1.34085126944073 2.7799999713897705 28.31999969482422 AB 10.643696744446245 1.2084124369262312
62329.4388 lsst_hardware_y -43.622526401040695 57.4900016784668 29.989999771118164 AB 10.62607506750573 1.2156126144950117
62331.4096 lsst_hardware_r -38.72271439960841 26.110000610351562 31.489999771118164 AB 7.18420334670471 1.209309152330044
62331.433 lsst_hardware_y 4.179895436341715 52.040000915527344 29.979999542236328 AB 8.36233412246506 1.2153230567111228
62333.4111 lsst_hardware_r -6.836807233344412 25.860000610351562 31.489999771118164 AB 4.2022271618458396 1.208230926350155
62333.4324 lsst_hardware_y -44.63767698779485 51.619998931884766 29.979999542236328 AB 3.524645724520212 1.2200579425459668
62335.3725 lsst_hardware_u -4.554517222410387 2.7200000286102295 28.299999237060547 AB 1.975220376062261 1.235542353666969
62335.3971 lsst_hardware_g -3.597695443309416 16.190000534057617 31.43000030517578 AB 2.227113189251371 1.2098944393597018
62344.3732 lsst_hardware_r -157.49604609267283 97.47000122070312 31.6200008392334 AB 3.0579673426363745 1.2096389804732495
62344.3942 lsst_hardware_i -50.592615954699625 77.87000274658203 31.299999237060547 AB 3.578993807313625 1.2128071187101406
62346.3727 lsst_hardware_z -49.50193740076495 72.5 30.969999313354492 AB 5.086043211222208 1.2083972228535944
62346.3935 lsst_hardware_r 67.67620722196422 95.51000213623047 31.610000610351562 AB 5.718113013580293 1.2166197901234665
62350.3555 lsst_hardware_r -19.098544149204873 44.970001220703125 31.579999923706055 AB 1.7113973296998195 1.2101807870593893
62350.3783 lsst_hardware_z 12.591547335905434 50.13999938964844 30.940000534057617 AB 2.2938509015417305 1.213142830255653
62355.3102 lsst_hardware_u -2.273128617225736 2.7200000286102295 28.329999923706055 AB 5.17090541693583 1.2503196784724342
62355.3328 lsst_hardware_g -2.1968194953501916 15.470000267028809 31.40999984741211 AB 5.112725296073332 1.2162537378654754
62361.327 lsst_hardware_z 93.5116672334182 44.13999938964844 30.940000534057617 AB 4.468963442272324 1.2095714838340828
62361.3475 lsst_hardware_r 47.54119669454563 24.940000534057617 31.479999542236328 AB 5.697719535103795 1.2126247591736226
62363.3258 lsst_hardware_u -6.276825435521857 2.7899999618530273 28.399999618530273 AB 5.688495523416359 1.208475485624691
62363.3442 lsst_hardware_g -2.5599103689784255 15.460000038146973 31.420000076293945 AB 6.737483349490674 1.2141797349956163
62365.3126 lsst_hardware_r -14.131918869903929 24.84000015258789 31.489999771118164 AB 5.065010968299504 1.2111456165230758
62365.333 lsst_hardware_z 33.14556706125352 44.029998779296875 30.940000534057617 AB 5.076642389404443 1.2105738662808916
62373.2757 lsst_hardware_z -55.682247897033584 90.7699966430664 30.969999313354492 AB 3.9774736275668743 1.2250945464785035
62377.2627 lsst_hardware_z -87.34798274281772 92.0 31.709999084472656 AB 7.408260811947731 1.227956375260688
62381.2385 lsst_hardware_r 17.29499408196027 24.829999923706055 31.469999313354492 AB 2.7393260731762616 1.2518818218491559
62381.2551 lsst_hardware_y 12.643030573687302 49.130001068115234 29.989999771118164 AB 3.570582148066777 1.2235004505083187
62386.241 lsst_hardware_r -10.969594573346345 25.110000610351562 31.479999542236328 AB 2.2983976801879473 1.2240711948453475
62386.2607 lsst_hardware_i -17.579917331948412 33.09000015258789 31.229999542236328 AB 2.3647416918585282 1.208968145121947
62388.2292 lsst_hardware_z -38.842235657695774 44.099998474121094 30.93000030517578 AB 3.881050684168178 1.233254109999421
62388.2463 lsst_hardware_r 14.164009539594062 24.920000076293945 31.479999542236328 AB 3.7128807545436984 1.213359723707091
62394.197 lsst_hardware_g 33.93898585827853 24.469999313354492 31.540000915527344 AB 1.2449908727483452 1.2660924129644187
62394.2148 lsst_hardware_r 14.560133559906618 29.81999969482422 31.520000457763672 AB 1.1163624337190874 1.230151442116801
62397.186 lsst_hardware_i 12.33001816858551 50.880001068115234 31.270000457763672 AB 1.5441262126602318 1.2735061547713253
62400.0906 lsst_hardware_z -68.31270586838141 138.5399932861328 31.639999389648438 AB 7.4050763614421395 1.904108089854591
62402.1914 lsst_hardware_i -29.785917213653793 142.22999572753906 31.309999465942383 AB 2.512401646223177 1.232576441319316
62402.2127 lsst_hardware_z 25.04193525099112 117.05999755859375 30.979999542236328 AB 2.4012036907459753 1.2105892063251702
62405.1779 lsst_hardware_i 126.06014381524912 75.62999725341797 31.290000915527344 AB 4.202618136294211 1.2418472700204892
62405.1975 lsst_hardware_z 122.98958705899766 69.08000183105469 30.969999313354492 AB 4.130942317020879 1.215221313106787
62412.1735 lsst_hardware_u 0.08536488612784522 2.700000047683716 28.299999237060547 AB 3.4768437725287007 1.2199451833434038
62412.1909 lsst_hardware_g -13.144319427663692 15.8100004196167 31.40999984741211 AB 3.493528471532329 1.2086939700838413
62415.1405 lsst_hardware_g 26.769014842612997 15.770000457763672 31.389999389648438 AB 5.458211888202985 1.2639870058941918
62415.1595 lsst_hardware_r -4.90830986304224 25.3799991607666 31.479999542236328 AB 5.362814917902896 1.2271887683989193
62417.1402 lsst_hardware_i 2.8134697935709614 33.81999969482422 31.229999542236328 AB 6.236408848409276 1.2519138509302974
62417.1596 lsst_hardware_z 3.4997233909226355 44.83000183105469 30.940000534057617 AB 6.067942374878453 1.2202183278905627
62421.1402 lsst_hardware_g -30.44292140555463 16.219999313354492 31.420000076293945 AB 7.411850181616732 1.2315112040569463
62421.1582 lsst_hardware_r -20.489039466329327 25.209999084472656 31.479999542236328 AB 7.307752906880373 1.212033321574628
62424.1367 lsst_hardware_i -36.92747407890449 39.529998779296875 31.260000228881836 AB 7.629409504079984 1.2247881478121714
62424.1539 lsst_hardware_r 13.142710732391485 37.900001525878906 31.559999465942383 AB 7.548512203746985 1.210020657827362
62426.1499 lsst_hardware_z 93.97850066961634 78.18000030517578 31.700000762939453 AB 7.7405561246253045 1.2094618944727038
62428.1396 lsst_hardware_r -48.92710244943997 105.33999633789062 31.6200008392334 AB 4.606977439702945 1.2117247342719468
62428.1568 lsst_hardware_i 132.22682265162905 86.88999938964844 31.309999465942383 AB 4.562798719596489 1.2090086697396634
62430.104 lsst_hardware_i -70.58112897036797 134.6699981689453 31.309999465942383 AB 3.37130959095184 1.2534690965583914
62430.1212 lsst_hardware_z -184.4163919933665 111.7300033569336 30.979999542236328 AB 3.302339791303128 1.2236553186859698
62434.1077 lsst_hardware_g 107.09174638290291 69.80000305175781 31.65999984741211 AB 5.541292273100371 1.2270807764754468
62434.1259 lsst_hardware_r 73.48373033924211 76.79000091552734 31.610000610351562 AB 5.299301876623758 1.210323795121621
62436.1079 lsst_hardware_i 5.3261680905238435 32.9900016784668 31.219999313354492 AB 5.163545111499898 1.2200232601795458
62436.1252 lsst_hardware_r 21.3743401543931 25.450000762939453 31.479999542236328 AB 4.493455272307896 1.2087304027728034
62439.1096 lsst_hardware_u 0.1606643300502942 2.759999990463257 28.360000610351562 AB 7.270223498381177 1.2117039163968628
62439.1271 lsst_hardware_g -11.180363431338806 15.510000228881836 31.40999984741211 AB 6.726537516440025 1.2091021464862537
62450.0859 lsst_hardware_i -41.804325874169095 33.189998626708984 31.229999542236328 AB 11.377799386803105 1.208989415237818
62450.1048 lsst_hardware_z -28.081237705079726 44.5 30.93000030517578 AB 11.41770460290696 1.2128430638312047
62452.0526 lsst_hardware_z 18.053563585599463 45.540000915527344 30.93000030517578 AB 5.569830746853725 1.2363664254948648
62452.0705 lsst_hardware_i 12.332131143411056 35.5 31.239999771118164 AB 5.546145482793362 1.2141520713950624
62457.0599 lsst_hardware_r -162.7858085215427 109.61000061035156 31.6200008392334 AB 4.613301621744951 1.212033266796703
62457.0802 lsst_hardware_i -122.5755444981357 91.91000366210938 31.309999465942383 AB 4.625055278326777 1.2098764706894
62459.0696 lsst_hardware_z -9.196572510875312 119.83999633789062 31.729999542236328 AB 5.695026467582338 1.2084723101446135
62462.0263 lsst_hardware_y 34.797641309998596 59.83000183105469 29.989999771118164 AB 5.755977985727825 1.2346585125971312
62462.0473 lsst_hardware_g -27.247173992916867 74.81999969482422 31.65999984741211 AB 5.3047720919415795 1.2114117588357114
62464.0269 lsst_hardware_y 207.59214184584968 56.65999984741211 29.989999771118164 AB 9.531531883431326 1.225552702309874
62464.0466 lsst_hardware_i 39.98463810752029 33.029998779296875 31.239999771118164 AB 9.10283615615028 1.209304245348102
62474.0262 lsst_hardware_y -69.50293561440371 73.9000015258789 30.010000228881836 AB 5.291597337241917 1.2082651757602276
62474.0323 lsst_hardware_i -2.250300918267624 38.9900016784668 31.260000228881836 AB 5.290828674749659 1.2093322685142078
