data/validation/pwv_sim_epoch_fit_epoch/42478660.ecsv
# %ECSV 0.9
# ---
# datatype:
# - {name: time, datatype: float64}
# - {name: band, datatype: string}
# - {name: flux, datatype: float64}
# - {name: fluxerr, datatype: float64}
# - {name: zp, datatype: float64}
# - {name: zpsys, datatype: string}
# - {name: pwv, datatype: float64}
# - {name: airmass, datatype: float64}
# meta: {SNID: '42478660', alt: 1024.0, c: 0.0548536479473114, dec: -8.234748, lat: -30.244573, lon: -70.7499537, ra: 323.085938, t0: 60929.87109375,
#   x0: 2.68937755033947e-05, x1: 0.6775673031806946, z: 0.30212274193763733}
# schema: astropy-2.0
time band flux fluxerr zp zpsys pwv airmass
60816.416 lsst_hardware_g -11.706010633211363 44.779998779296875 32.400001525878906 AB 7.728198645190231 1.0834429616136592
60822.4006 lsst_hardware_i 18.79158048170544 45.880001068115234 32.0099983215332 AB 5.334152979524248 1.0829118366795407
60822.4196 lsst_hardware_y -116.65223743550834 48.439998626708984 30.040000915527344 AB 4.603787306107513 1.080130753969698
60825.405 lsst_hardware_i -30.717142039755487 32.34000015258789 31.260000228881836 AB 13.92553574542571 1.079471001686704
60825.4243 lsst_hardware_y 136.81632025343 48.599998474121094 30.040000915527344 AB 13.853730069137093 1.0864179480570975
60827.3729 lsst_hardware_u 4.329578645893609 2.740000009536743 28.3700008392334 AB 7.313052454751378 1.0943041805748126
60827.3932 lsst_hardware_g 4.388433241181821 15.819999694824219 31.450000762939453 AB 6.728119556427273 1.080417442954795
60841.2988 lsst_hardware_i 14.196903338880098 85.88999938964844 31.309999465942383 AB 13.610226243727375 1.163267200318579
60843.2887 lsst_hardware_r -11.657911595637895 71.58000183105469 31.6200008392334 AB 5.155085893143508 1.1769826427010044
60845.3483 lsst_hardware_r 0.5275107881418767 33.93000030517578 31.579999923706055 AB 2.797821643678562 1.0796147573523727
60845.3692 lsst_hardware_i -1.7527613908387314 36.869998931884766 31.270000457763672 AB 2.76836182582385 1.0860579936539672
60850.297 lsst_hardware_u -8.533997661632798 2.8399999141693115 28.469999313354492 AB 3.834329587449441 1.1124747352367816
60850.3179 lsst_hardware_g -12.522742921617198 15.260000228881836 31.440000534057617 AB 3.7323779410852795 1.0869948377105307
60853.2911 lsst_hardware_r 6.276279012020174 24.3700008392334 31.5 AB 7.976750149172888 1.108754596095013
60853.3109 lsst_hardware_i -6.861811179198497 31.8700008392334 31.260000228881836 AB 7.421856646691636 1.0860988727140757
60859.2936 lsst_hardware_i 62.655732939368214 44.81999969482422 32.0 AB 6.960696259961158 1.086788039235151
60859.3135 lsst_hardware_z -39.78535656149678 42.02000045776367 30.940000534057617 AB 6.934260302004192 1.0794863217276172
60862.2898 lsst_hardware_r -3.483293579904229 43.029998779296875 31.610000610351562 AB 4.8576543703437585 1.0838140049852205
60862.3125 lsst_hardware_g 30.530536279401595 31.610000610351562 31.649999618530273 AB 5.511659994419316 1.0807176459645718
60864.2855 lsst_hardware_r 76.7011264184787 69.08999633789062 31.639999389648438 AB 1.7392823203787313 1.0831588481262533
60864.3055 lsst_hardware_i -33.16042327323456 57.290000915527344 31.31999969482422 AB 1.4120192425060745 1.080282493469784
60869.2869 lsst_hardware_z 42.14563739917622 133.63999938964844 31.75 AB 6.703097043281605 1.0795196011297588
60871.2452 lsst_hardware_y -11.758441027185034 55.38999938964844 30.030000686645508 AB 6.358886774474434 1.1038935449358873
60871.2674 lsst_hardware_r -44.280886500491135 79.68000030517578 31.639999389648438 AB 5.813469956953707 1.0826332616888508
60876.2506 lsst_hardware_i -10.696751298078413 31.809999465942383 31.25 AB 3.0900338460436383 1.0844126499539002
60876.2725 lsst_hardware_z 61.78785808472104 42.279998779296875 30.950000762939453 AB 3.0260758441230404 1.0802269791015138
60878.2468 lsst_hardware_r 24.41620129330825 34.40999984741211 32.25 AB 5.476448050508555 1.0834260943683773
60878.2674 lsst_hardware_g 7.689577714739912 21.600000381469727 32.189998626708984 AB 5.304451328990342 1.0803179842141868
60880.2409 lsst_hardware_r 25.663283386639446 24.610000610351562 31.520000457763672 AB 6.729274549240534 1.083677258453108
60880.2627 lsst_hardware_i 44.74023471052782 31.979999542236328 31.260000228881836 AB 6.3840170714285405 1.0805258869256615
60882.2415 lsst_hardware_z 37.50023283026284 42.18000030517578 30.950000762939453 AB 10.94462879133985 1.080906509987887
60882.2608 lsst_hardware_i 30.786348504491936 31.8799991607666 31.25 AB 11.538509527189223 1.0818028808540432
60887.2124 lsst_hardware_g 15.877566903831674 15.420000076293945 31.440000534057617 AB 3.490900736835319 1.090906480261037
60887.2333 lsst_hardware_r -0.41448973394132627 24.5 31.5 AB 3.4549279516626203 1.0796649848945687
60892.2214 lsst_hardware_r -15.688275562584247 58.810001373291016 31.6299991607666 AB 1.051449698896174 1.079517144657779
60892.243 lsst_hardware_z 71.92114520921066 52.18000030517578 30.969999313354492 AB 1.1618057027977562 1.087705748669637
60895.2098 lsst_hardware_z -145.1176246833894 93.51000213623047 31.0 AB 3.3477519059157888 1.0799199696502544
60895.2303 lsst_hardware_i -51.531088870016816 110.31999969482422 31.34000015258789 AB 3.361798106914485 1.084451002230479
60898.2178 lsst_hardware_z 57.37409140453454 122.25 31.75 AB 7.04056405990828 1.0821093385790685
60905.1791 lsst_hardware_r 22.411338437917678 25.428743804843418 31.510000228881836 AB 3.4231919175600867 1.0807804412418711
60905.1968 lsst_hardware_g 6.1990878139456695 16.11938164426785 31.469999313354492 AB 3.394982066968706 1.0813192696577256
60907.1436 lsst_hardware_r 153.45633505328286 27.560473366987292 31.5 AB 2.0040112176754565 1.108873270258933
60907.1622 lsst_hardware_i 135.92163009512032 34.176979353314984 31.25 AB 1.9670509497380613 1.087068775760375
60911.1708 lsst_hardware_u 6.785999287599433 3.764050289121953 28.420000076293945 AB 3.233155696288862 1.0794877258692397
60911.1921 lsst_hardware_g 599.3591065116912 29.07573515829821 31.440000534057617 AB 3.251146078958336 1.0885230029156563
60913.1482 lsst_hardware_r 2133.4335591133445 52.05877860065147 31.510000228881836 AB 2.3573235872666625 1.0853239352056456
60913.1659 lsst_hardware_i 1560.3254171661515 50.87065423171486 31.25 AB 2.3261295891011504 1.0794939697276078
60935.0864 lsst_hardware_u 24.790644349109858 6.198320584608944 28.3799991607666 AB 1.1155454319607445 1.08657022593579
60935.1043 lsst_hardware_r 7701.480144648695 91.31254310408652 31.5 AB 1.2441329150019287 1.0795079522793307
60937.0675 lsst_hardware_g 3907.237240651907 64.4143691586558 31.440000534057617 AB 6.160771668850615 1.100465317448857
60937.0863 lsst_hardware_i 6346.181003462222 84.35885668990356 31.25 AB 5.997534429638214 1.0831087941798692
60939.069 lsst_hardware_z 3591.1481424458225 72.89405399055913 30.950000762939453 AB 4.278897097514146 1.0923216791152328
60939.0888 lsst_hardware_r 7022.268208687936 86.23876406787569 31.5 AB 4.022285460218532 1.0800981364711417
60942.0678 lsst_hardware_u 8.652820128071967 4.802545529959072 28.440000534057617 AB 3.3163120958874486 1.0861877054054994
60942.0882 lsst_hardware_g 2887.768653119288 55.80935975767165 31.440000534057617 AB 3.98002006989551 1.0795714475303972
60944.0639 lsst_hardware_r 5595.599904142384 78.58097430994933 31.510000228881836 AB 3.2335747661332537 1.0850922034003077
60944.0823 lsst_hardware_i 4786.1234730694605 75.88738693393766 31.25 AB 3.1981366422781408 1.0795397948618197
60946.0629 lsst_hardware_z 2509.435774911773 65.1205427278668 30.950000762939453 AB 4.853411628936303 1.0825051029187946
60946.0825 lsst_hardware_r 5054.7764243954 76.1260314883877 31.530000686645508 AB 4.86096204646271 1.0805339463091381
60949.0638 lsst_hardware_z 2346.330547160981 68.8268964363413 30.959999084472656 AB 6.176587063536223 1.0796970743857357
60949.0826 lsst_hardware_r 4636.91213913794 84.8692487888689 31.6200008392334 AB 6.222400022379443 1.084293684197122
60951.0342 lsst_hardware_z 2131.864558708616 88.67896009264041 30.989999771118164 AB 2.269785370100088 1.0944878422081308
60951.0525 lsst_hardware_i 3895.6181442847655 104.29299484258905 31.329999923706055 AB 3.236880287011786 1.0811223403515222
60954.036 lsst_hardware_z 2365.195217319776 90.1567161820342 30.989999771118164 AB 3.7042603257927187 1.0854975313678297
60954.0552 lsst_hardware_r 3402.9266135248486 126.87740870255466 31.649999618530273 AB 4.0930361969664295 1.0795532532606216
60956.028 lsst_hardware_y 801.4050219051994 57.91987413294252 30.040000915527344 AB 4.98215527557061 1.0873913407695637
60956.0475 lsst_hardware_g 1147.5959267272176 92.24301670596049 31.719999313354492 AB 4.8879395255694496 1.0794919446918634
60958.0296 lsst_hardware_r 2371.8039259005945 54.424966759647546 31.510000228881836 AB 2.5986522963175527 1.0827717901323137
60958.0482 lsst_hardware_i 3255.9454761630445 64.65684372375308 31.25 AB 2.6225764636903732 1.080138576478737
60960.0298 lsst_hardware_z 2305.8789620867565 62.927177442595934 30.950000762939453 AB 6.559816828649767 1.0805166906028278
60960.0473 lsst_hardware_r 2094.9692953294393 51.48730721311163 31.5 AB 5.841473759920377 1.0815874883358205
60962.0033 lsst_hardware_y 814.8816556203288 55.02323293261589 30.030000686645508 AB 7.912420626484541 1.0954606001479237
60962.0236 lsst_hardware_u 1.3088012859815252 3.3790319424129502 28.459999084472656 AB 7.796177576527792 1.0807385307957431
60964.0038 lsst_hardware_y 763.330374739263 56.13081900816205 30.030000686645508 AB 8.50773265727573 1.0893848637085317
60964.023 lsst_hardware_i 2804.8036562643465 61.297251769683875 31.25 AB 8.427685199560273 1.0796765460795132
60968.9988 lsst_hardware_y 740.6950634881633 66.31088462945905 30.049999237060547 AB 3.67268003661575 1.083173428022701
60969.0167 lsst_hardware_g 337.27492795718075 24.469153699132537 31.469999313354492 AB 3.616410837498308 1.0798479658101179
60970.9963 lsst_hardware_z 1933.342148252651 80.74788444325738 30.979999542236328 AB 4.1214425577262865 1.0817434534714958
60971.0028 lsst_hardware_i 2265.986896331235 59.82723039721814 31.270000457763672 AB 4.2942201673698674 1.0798315628012491
60973.0014 lsst_hardware_y 733.822013438484 67.24178796624673 30.059999465942383 AB 3.9149417688403765 1.0794876200846626
60973.0194 lsst_hardware_r 1087.5854627295464 41.72956752250526 31.520000457763672 AB 3.915570892453343 1.0858488331817369
60975.003 lsst_hardware_y 673.2116155977274 63.69742116304271 30.040000915527344 AB 4.639336095573122 1.0804439060469038
60975.0204 lsst_hardware_r 1056.8797284073673 41.581586600445064 31.520000457763672 AB 4.675042089886033 1.0913221234609531
61186.3988 lsst_hardware_g -7.531767284835455 16.15999984741211 31.469999313354492 AB 6.042414841174079 1.086244278734554
61186.42 lsst_hardware_y -13.505222226420885 48.349998474121094 30.040000915527344 AB 5.5004774202606725 1.0796540343353846
61188.4014 lsst_hardware_i 14.788349051922284 32.439998626708984 31.260000228881836 AB 10.05191703228803 1.0816266534025858
61188.4218 lsst_hardware_y -26.693137870171913 48.38999938964844 30.040000915527344 AB 9.500885330908833 1.0814997673180924
61195.3374 lsst_hardware_z 237.07181826050842 100.44000244140625 31.729999542236328 AB 13.74926832594246 1.1427725824662311
61197.4027 lsst_hardware_r -95.74922768860658 116.87000274658203 32.400001525878906 AB 4.790906399122252 1.0842834444092202
61197.4272 lsst_hardware_i 102.71061157183085 100.31999969482422 32.06999969482422 AB 4.2254327553243325 1.1119559882432455
61218.2818 lsst_hardware_i 87.73103108359173 54.91999816894531 31.299999237060547 AB 8.042170501044001 1.126827868998739
61218.3052 lsst_hardware_z 21.7429343602207 53.29999923706055 30.969999313354492 AB 7.370248455543702 1.091646072064534
61219.3534 lsst_hardware_r -63.61851950408954 80.54000091552734 31.639999389648438 AB 5.501833087847576 1.093314737512593
61219.3754 lsst_hardware_z 99.85716372175247 60.599998474121094 30.969999313354492 AB 5.843287538782769 1.1272861076073522
61221.3104 lsst_hardware_z 106.11817916434231 75.58000183105469 30.989999771118164 AB 3.842823117263615 1.0820281901348114
61221.3297 lsst_hardware_r 184.4678320586604 112.98999786376953 31.649999618530273 AB 3.794124791754878 1.080793274962269
61224.3028 lsst_hardware_i 224.36765056083576 100.80999755859375 31.34000015258789 AB 6.978691298661732 1.0817719738541107
61224.3219 lsst_hardware_z 105.25522801728775 86.95999908447266 30.989999771118164 AB 6.929428267632301 1.08092163076627
61226.3018 lsst_hardware_r -5.573266953856428 76.72000122070312 31.649999618530273 AB 4.8112941336162836 1.0802793451846457
61226.3199 lsst_hardware_z -119.04575414571782 62.08000183105469 30.979999542236328 AB 4.834440078231356 1.0823171384633543
61232.2929 lsst_hardware_g 0.6197454551489815 15.260000228881836 31.459999084472656 AB 9.230687442256837 1.0795494347999537
61232.3114 lsst_hardware_r 34.13115923679421 24.229999542236328 31.5 AB 9.331157822326148 1.0872940832353934
61234.293 lsst_hardware_i 30.741815100884388 31.760000228881836 31.25 AB 6.590694685367482 1.0804417516995872
61234.3115 lsst_hardware_z -29.577011450192526 42.4900016784668 30.950000762939453 AB 6.6632325508301165 1.0923332050541175
61236.2655 lsst_hardware_z 57.07409557992117 42.25 30.940000534057617 AB 5.834415551142271 1.0841112186820776
61236.2845 lsst_hardware_r 37.60219305114017 24.200000762939453 31.5 AB 5.755351539032035 1.0798032906251473
61239.2575 lsst_hardware_u -0.15580784542976345 2.799999952316284 28.450000762939453 AB 2.058149012238305 1.0839970218951747
61239.2774 lsst_hardware_r -14.710802171913869 24.31999969482422 31.510000228881836 AB 2.040373080318802 1.0799910442338505
61243.2594 lsst_hardware_i -10.934764906789843 31.84000015258789 31.25 AB 5.295877343509248 1.0796162021288218
61243.2801 lsst_hardware_z 15.169942646001434 42.40999984741211 30.940000534057617 AB 5.342917721949562 1.0863268834868645
61245.241 lsst_hardware_r 17.113916757092326 45.45000076293945 31.610000610351562 AB 6.781218041696409 1.0840698137636804
61245.2612 lsst_hardware_z -4.607720580735562 47.22999954223633 30.959999084472656 AB 6.392777677974784 1.0800283283686578
61247.2435 lsst_hardware_y 122.31183446319017 51.38999938964844 30.030000686645508 AB 10.897442816878105 1.08054166847794
61247.264 lsst_hardware_r -13.203161110826082 67.87000274658203 31.6299991607666 AB 11.44198063781886 1.0830422765651726
61250.2486 lsst_hardware_i -43.91703100353941 114.2300033569336 31.329999923706055 AB 4.435017029125064 1.0802623381135221
61250.2689 lsst_hardware_z 162.56174538504396 96.8499984741211 30.989999771118164 AB 4.563047915086339 1.09346942609306
61252.2165 lsst_hardware_z 100.75878229094737 105.88999938964844 31.0 AB 3.481312522723615 1.0879101633511297
61252.2356 lsst_hardware_r 106.06396199559693 156.0800018310547 31.65999984741211 AB 3.4546020999173646 1.0795631562241763
61254.2183 lsst_hardware_z 88.04631419710839 66.06999969482422 30.979999542236328 AB 1.94518221057882 1.0830133404605315
61254.2386 lsst_hardware_r -81.79577272258204 87.38999938964844 31.639999389648438 AB 1.94265390409438 1.0805027508288556
61257.1993 lsst_hardware_i -17.656554629255613 36.189998626708984 31.260000228881836 AB 1.7846582891825464 1.0910892332479396
61257.22 lsst_hardware_z -23.17164684463563 45.029998779296875 30.950000762939453 AB 1.1812453752984458 1.079748971936422
61259.2005 lsst_hardware_r -2.3439168541562707 24.739999771118164 31.510000228881836 AB 3.046868237971629 1.0855502762881017
61259.2185 lsst_hardware_u -0.5437467081793849 2.799999952316284 28.43000030517578 AB 3.4282306820850623 1.0795310219644365
61262.2106 lsst_hardware_g -1.1022043013735592 15.6899995803833 31.450000762939453 AB 4.843087813459231 1.0795403317824979
61262.2302 lsst_hardware_r -2.42788103361177 24.799999237060547 31.510000228881836 AB 5.028960565144427 1.0878720599522853
61265.1703 lsst_hardware_r -17.93601202931362 24.959999084472656 31.520000457763672 AB 3.3583240340324108 1.099107849462639
61265.1911 lsst_hardware_i 6.765807678241668 32.130001068115234 31.260000228881836 AB 3.1460716416026404 1.0816818434253535
61267.1663 lsst_hardware_z -2.7960476219479937 42.810001373291016 30.950000762939453 AB 3.698981529073127 1.0972950249401148
61267.1859 lsst_hardware_r -25.674987023192184 24.93000030517578 31.510000228881836 AB 3.905839054194349 1.081575369801135
61273.1747 lsst_hardware_i 18.939774311664838 38.43000030517578 31.270000457763672 AB 1.8428726976344132 1.0800191625129734
61273.1964 lsst_hardware_z 2.332798262988507 45.439998626708984 30.950000762939453 AB 1.905389411850111 1.085073696953366
61275.1621 lsst_hardware_r -24.71562722000547 83.0199966430664 32.380001068115234 AB 2.3673936077247837 1.0824432574851361
