data/validation/pwv_sim_epoch_fit_epoch/42481535.ecsv
# %ECSV 0.9
# ---
# datatype:
# - {name: time, datatype: float64}
# - {name: band, datatype: string}
# - {name: flux, datatype: float64}
# - {name: fluxerr, datatype: float64}
# - {name: zp, datatype: float64}
# - {name: zpsys, datatype: string}
# - {name: pwv, datatype: float64}
# - {name: airmass, datatype: float64}
# meta: {SNID: '42481535', alt: 1024.0, c: -0.05493343994021416, dec: -48.141209, lat: -30.244573, lon: -70.7499537, ra: 48.013393, t0: 60673.2578125,
#   x0: 2.695362896285724e-06, x1: 0.4080590307712555, z: 0.7891437411308289}
# schema: astropy-2.0
time band flux fluxerr zp zpsys pwv airmass
[from data line 131]
60976.3215 lsst_hardware_u 3.0811211556156612 2.5299999713897705 28.309999465942383 AB 3.3804776140968085 1.1692097238551504
60982.2686 lsst_hardware_z 22.41135603612785 77.19000244140625 31.719999313354492 AB 5.791017716988297 1.092146860768825
60991.2538 lsst_hardware_g 5.583492170841092 18.850000381469727 31.510000228881836 AB 4.544639222008303 1.1084485907337327
60991.2655 lsst_hardware_r -20.979855337022663 27.229999542236328 31.520000457763672 AB 4.641052846974546 1.131964109018182
60993.1373 lsst_hardware_r -24.169901978146417 37.52000045776367 32.66999816894531 AB 5.356102243658638 1.0757745610401308
60993.1459 lsst_hardware_i 1.7823615499571728 42.279998779296875 32.0 AB 5.311186329726505 1.0667710428775306
60995.2426 lsst_hardware_z 43.31752253456887 41.75 30.940000534057617 AB 8.287427955269349 1.1079449138060626
60995.2551 lsst_hardware_i -14.820652794665895 30.6200008392334 31.229999542236328 AB 6.661334024355312 1.1331208206430468
60997.2432 lsst_hardware_u -0.5357926337783406 2.5 28.290000915527344 AB 5.0836866112733174 1.1195081724892457
60997.2547 lsst_hardware_g 26.565208621460748 12.760000228881836 31.329999923706055 AB 4.579302467732368 1.144825616933092
60999.2367 lsst_hardware_r -13.117315150447192 21.8700008392334 31.469999313354492 AB 5.504334257038234 1.1174422447040908
60999.2487 lsst_hardware_i -20.64012553671668 30.690000534057617 31.229999542236328 AB 5.625151793629505 1.143536592582528
61001.242 lsst_hardware_z 51.83418041313137 41.9900016784668 30.940000534057617 AB 3.4663199658120907 1.1406120321853452
61001.2536 lsst_hardware_u 1.8287213952904162 2.509999990463257 28.290000915527344 AB 3.3031198657912415 1.1702125174042912
61004.1601 lsst_hardware_r 11.633622786522023 21.489999771118164 31.479999542236328 AB 8.07420009716236 1.0511456470876184
61004.1733 lsst_hardware_g 7.622706860161273 12.710000038146973 31.3799991607666 AB 6.240239836902868 1.0561462024038026
61006.1611 lsst_hardware_r -34.209814401941934 23.809999465942383 31.5 AB 3.790932848946129 1.053036902485036
61006.1739 lsst_hardware_i -13.490539114861557 30.649999618530273 31.239999771118164 AB 3.854681316756029 1.059949033021672
61009.219 lsst_hardware_z -2.4785361644748383 46.81999969482422 30.950000762939453 AB 6.2193806260647575 1.1379344297986502
61009.2306 lsst_hardware_i 30.761550794552498 39.029998779296875 31.260000228881836 AB 6.364046249257945 1.1670368133361724
61015.2085 lsst_hardware_i -51.11762387948772 58.709999084472656 31.299999237060547 AB 6.145750820039059 1.1520762620749947
61015.2196 lsst_hardware_z -40.93662820050838 56.68000030517578 30.959999084472656 AB 6.310763748914294 1.1822891197442107
61017.1223 lsst_hardware_z -20.271973097224915 44.86000061035156 30.959999084472656 AB 4.01397999917622 1.0507342609422787
61017.1354 lsst_hardware_r 77.1116728136997 38.220001220703125 31.600000381469727 AB 3.9031630189503885 1.0549089240406455
61022.0992 lsst_hardware_g 3.3113655455139113 12.8100004196167 31.389999389648438 AB 12.438836629273126 1.0504295534924526
61022.1113 lsst_hardware_i 64.26977759316985 29.860000610351562 31.25 AB 12.621753743906558 1.0512287959943478
61024.1039 lsst_hardware_z -25.82120434499733 40.619998931884766 30.950000762939453 AB 8.179526485036634 1.0508523159181953
61024.1186 lsst_hardware_r 1.3800422182962717 21.469999313354492 31.479999542236328 AB 8.207528543835712 1.0561063473070158
61026.105 lsst_hardware_u 3.9597709217039117 2.619999885559082 28.440000534057617 AB 10.207651498387063 1.052516050701536
61026.1175 lsst_hardware_g -15.576761070386757 12.8100004196167 31.389999389648438 AB 10.267975482585722 1.0587360868794353
61028.1 lsst_hardware_r -23.95948375723057 21.610000610351562 31.489999771118164 AB 3.2632925973682094 1.0526750314090998
61028.1126 lsst_hardware_i -14.571721815850408 29.8799991607666 31.25 AB 3.2451170284462822 1.0591113017121616
61030.1086 lsst_hardware_z -0.627995930323371 40.97999954223633 30.950000762939453 AB 3.286388925980535 1.0601254599937209
61030.1207 lsst_hardware_r 2.631512007051289 21.6299991607666 31.469999313354492 AB 3.31917659480146 1.0707021273553097
61034.1027 lsst_hardware_i -29.099044043954855 30.239999771118164 31.25 AB 6.413768390825458 1.064040212488207
61034.1153 lsst_hardware_z -46.61086310466467 41.25 30.950000762939453 AB 6.543787954506224 1.0768565358960889
61036.0857 lsst_hardware_z -36.00005077605874 42.31999969482422 30.950000762939453 AB 5.32454723727978 1.0560387221896286
61036.0977 lsst_hardware_r -2.402623375922988 27.729999542236328 31.540000915527344 AB 5.350643543186264 1.064433986807831
61038.089 lsst_hardware_y 99.01785479061014 68.37999725341797 30.799999237060547 AB 7.963461584573378 1.061794877943117
61040.0894 lsst_hardware_r 24.021086247930313 54.689998626708984 31.6299991607666 AB 7.9827088481210025 1.0667792126313873
61040.1024 lsst_hardware_i -27.117525496658015 47.72999954223633 31.299999237060547 AB 8.07398821750314 1.0811808399455178
61042.0838 lsst_hardware_z 6.9901151592197115 54.70000076293945 30.969999313354492 AB 5.407922570880599 1.0666513946510054
61042.0965 lsst_hardware_r -131.12094650125277 71.44000244140625 31.639999389648438 AB 5.451990198405259 1.0806184427739474
61043.0843 lsst_hardware_z -20.091265181532567 56.25 30.979999542236328 AB 4.551656131892917 1.0697822743740333
61043.0981 lsst_hardware_r -54.80646850455938 76.38999938964844 31.639999389648438 AB 4.594203605411436 1.0864211895740914
61048.0822 lsst_hardware_r -8.24775532370302 21.8700008392334 31.479999542236328 AB 9.143969635227203 1.0833445453737578
61048.0961 lsst_hardware_u -1.741654802298493 2.5999999046325684 28.3799991607666 AB 6.312791906230432 1.1047938232814896
