data/validation/pwv_sim_epoch_fit_epoch/42555367.ecsv
# %ECSV 0.9
# ---
# datatype:
# - {name: time, datatype: float64}
# - {name: band, datatype: string}
# - {name: flux, datatype: float64}
# - {name: fluxerr, datatype: float64}
# - {name: zp, datatype: float64}
# - {name: zpsys, datatype: string}
# - {name: pwv, datatype: float64}
# - {name: airmass, datatype: float64}
# meta: {SNID: '42555367', alt: 1024.0, c: -0.1138421967625618, dec: -28.971533, lat: -30.244573, lon: -70.7499537, ra: 94.042969, t0: 59884.20703125,
#   x0: 9.33596863227183e-06, x1: 0.6407111287117004, z: 0.4730510711669922}
# schema: astropy-2.0
time band flux fluxerr zp zpsys pwv airmass
59842.2972 lsst_hardware_g 20.903579431463758 13.579999923706055 31.219999313354492 AB 10.493805369575062 1.5752522446197241
59842.3128 lsst_hardware_i 16.464408354662634 33.63999938964844 31.190000534057617 AB 9.243866554325562 1.435940435623619
59844.3005 lsst_hardware_z -44.35146729599102 47.279998779296875 30.899999618530273 AB 3.064230741286052 1.4927442412798115
59844.3166 lsst_hardware_r 31.818530922574393 23.579999923706055 31.420000076293945 AB 2.7948126627359486 1.3681060599185475
59850.266 lsst_hardware_u -2.159857393058594 2.240000009536743 27.899999618530273 AB 5.667909321445155 1.6778063016760043
59850.2833 lsst_hardware_g -8.686260364213007 13.430000305175781 31.260000228881836 AB 5.001549675552449 1.4999774100074825
59853.2686 lsst_hardware_r -10.032756250206512 23.979999542236328 31.389999389648438 AB 7.34404103211446 1.5609566825848158
59853.2893 lsst_hardware_i -0.832051032299155 32.97999954223633 31.200000762939453 AB 6.562161467339482 1.3871047667442977
59856.2241 lsst_hardware_i 8.119280254157726 44.75545202107982 31.1200008392334 AB 5.383500482952284 2.064357569995124
59856.2438 lsst_hardware_z -19.46878586459548 52.2824809783056 30.8799991607666 AB 4.567060413567121 1.7505022666029593
59860.2706 lsst_hardware_r 110.10691109527635 76.51985361726568 31.56999969482422 AB 5.124758621628857 1.3841969807226586
59860.289 lsst_hardware_y 136.89422053254978 53.2727618571666 29.979999542236328 AB 4.743095012574863 1.2708122745133668
59862.2593 lsst_hardware_z 177.61082831557187 66.77311473899321 30.940000534057617 AB 4.5890675801469305 1.427355718145283
59862.278 lsst_hardware_r 358.6517105624203 89.35754498972035 31.59000015258789 AB 4.173390147737906 1.301709816568847
59864.2666 lsst_hardware_i 502.33376233870246 65.48239082684788 31.270000457763672 AB 7.256999464278828 1.3378190550794382
59864.2851 lsst_hardware_z 180.4718162307331 60.320235182135065 30.959999084472656 AB 6.739010701107326 1.2351559202909321
59869.2559 lsst_hardware_u 1.6608421295403797 3.784279567285768 28.479999542236328 AB 7.978339622853582 1.319478982266059
59869.2758 lsst_hardware_g 939.328513496731 38.993991269296906 31.559999465942383 AB 7.501668300170891 1.214861463745134
59871.2627 lsst_hardware_z 929.3360738589673 52.5149528560412 30.93000030517578 AB 4.588879148363053 1.251398731487061
59871.2811 lsst_hardware_r 2152.531782128866 50.405798730123486 31.469999313354492 AB 4.3176898841938165 1.1699999686190452
59873.2598 lsst_hardware_u 2.5168708030715763 4.3343619343970685 28.31999969482422 AB 2.452396301215083 1.23868825720092
59873.2779 lsst_hardware_g 1212.7748233351167 37.885195089998426 31.3700008392334 AB 2.304548629062699 1.161469279662007
59879.2577 lsst_hardware_u 17.65523735986788 4.620991734676207 28.3799991607666 AB 3.871682973834576 1.1760586175424608
59879.2751 lsst_hardware_r 3303.489555317239 61.639340542530455 31.479999542236328 AB 3.6628605461836536 1.116045260872533
59881.2581 lsst_hardware_i 2140.8200888796755 55.21662646569212 31.239999771118164 AB 3.0567949953745703 1.1540156026079043
59881.2746 lsst_hardware_z 1668.6927293482345 57.478245117196174 30.950000762939453 AB 2.8930234637364665 1.1017544133556838
59883.2405 lsst_hardware_z 1601.2511850248147 58.63728625899411 30.940000534057617 AB 4.574740744396304 1.2019549609781306
59883.2587 lsst_hardware_r 3394.1313122805577 62.74295505811132 31.489999771118164 AB 4.306228974278975 1.133218151126046
59885.2572 lsst_hardware_y 1156.1142647732415 75.4885215777608 30.770000457763672 AB 3.477212165093884 1.1206570871012143
59887.1742 lsst_hardware_z 3293.0372768845905 94.05788489378547 31.65999984741211 AB 7.415892229817793 1.576731161548648
59896.1934 lsst_hardware_r 2621.156991662239 70.96650127705362 31.56999969482422 AB 5.281745803717145 1.256735662058965
59896.2105 lsst_hardware_i 1823.3121594966537 65.03506594552323 31.280000686645508 AB 7.893676909441242 1.1791727093313278
59898.1767 lsst_hardware_r 2053.6891016807663 50.69496330827957 31.420000076293945 AB 5.214762176559544 1.319636147589931
59898.1955 lsst_hardware_u 1.6103035151932155 2.9072402734566944 28.270000457763672 AB 4.59223919432796 1.219988273897178
59899.1848 lsst_hardware_i 1579.0210947853516 50.62907158457339 31.209999084472656 AB 6.974427733191996 1.2588462306465307
59899.2034 lsst_hardware_u -2.8121326032415515 2.9028398690492154 28.25 AB 6.514844869006235 1.1748690816037213
59905.2085 lsst_hardware_g 323.5046034420356 22.149737013166963 31.3799991607666 AB 3.4419150163970467 1.1033547095358378
59905.2254 lsst_hardware_r 1393.439547012079 43.1534196045667 31.479999542236328 AB 3.276994419029726 1.0624070089251827
59907.2065 lsst_hardware_i 1205.1547372052673 46.061818251169676 31.25 AB 8.491369554220118 1.0939667037129757
59907.2233 lsst_hardware_z 861.9434890600805 49.78032876898787 30.950000762939453 AB 7.9488561979457515 1.0556600415613422
59909.2256 lsst_hardware_u 12.989308322347929 3.498532433152671 28.34000015258789 AB 5.469507713434286 1.0417117823891604
59909.243 lsst_hardware_r 1035.5927181568338 38.68697001200802 31.479999542236328 AB 5.381965226229857 1.0181867052618365
59911.1851 lsst_hardware_u 3.3015060815411372 3.345118407536535 28.40999984741211 AB 3.7440482092372123 1.1241137537739385
59911.2025 lsst_hardware_g 171.15639791816022 18.861124416572626 31.3799991607666 AB 3.453209550105441 1.0767725444666856
59913.2099 lsst_hardware_z 684.7196850076798 49.59986016298633 30.950000762939453 AB 5.75332198886366 1.050035952340096
59913.2258 lsst_hardware_r 804.9671194458447 35.51821446346936 31.5 AB 5.632839372044057 1.0254888561539077
59917.1481 lsst_hardware_z 1367.9013162390042 81.56467510516404 31.709999084472656 AB 3.8688699598419194 1.2001147607109868
59919.1395 lsst_hardware_z 764.3879239731219 65.3832857026514 30.959999084472656 AB 6.504171764590032 1.2139178358697336
59919.1602 lsst_hardware_r 704.3388291919874 81.72123180221591 31.6299991607666 AB 6.175864120246099 1.133914278940017
59921.1499 lsst_hardware_r 501.8422207660156 97.97517330186896 31.6299991607666 AB 4.256544218314286 1.1504173563011582
59921.1716 lsst_hardware_z 706.959887282135 70.06379721897196 30.979999542236328 AB 4.798238910454378 1.0854516254845328
59923.1249 lsst_hardware_z 726.6282923235927 67.62859163950391 30.959999084472656 AB 11.324630284065586 1.2309380743549552
59923.1474 lsst_hardware_g 232.19291287792305 84.82093097943256 31.700000762939453 AB 8.484792021669383 1.1401736199331758
59926.1513 lsst_hardware_z 642.217805495998 79.56684184167123 30.989999771118164 AB 11.383438997623152 1.1029751628728588
59926.1714 lsst_hardware_r 326.4838252501097 71.81305293179426 31.649999618530273 AB 11.659234364611313 1.0557075665167794
59932.1376 lsst_hardware_i 425.1629792733284 70.84340086532787 31.31999969482422 AB 3.801969544496145 1.095668456627131
59932.1596 lsst_hardware_z 629.2569060531232 80.25382448841795 31.0 AB 3.5644001177288462 1.0471979780327128
59934.1588 lsst_hardware_u 7.272233563743191 22.77928071483194 29.489999771118164 AB 4.292465653602333 1.039337930654318
59934.1808 lsst_hardware_r 353.43516348394564 70.94028952592718 31.65999984741211 AB 4.78981278122315 1.01236003548485
59936.1571 lsst_hardware_i 785.078489588447 98.82372390844648 32.08000183105469 AB 4.987801489545652 1.0335627331127726
59936.18 lsst_hardware_z 837.9467153671135 111.80548761169891 31.75 AB 5.751781389385613 1.0086715477964954
59938.0339 lsst_hardware_y 136.42629090299297 73.6456828851412 29.8700008392334 AB 9.156797648177255 1.5875169292956406
59938.056 lsst_hardware_g 84.20957871926721 69.71560382099598 31.56999969482422 AB 9.982846519777477 1.3959419949348573
59941.0347 lsst_hardware_y 88.73075802665133 73.8615600163298 29.899999618530273 AB 8.453375230182134 1.5013098324976397
59941.0558 lsst_hardware_i 390.8090030442413 67.43215238852946 31.270000457763672 AB 8.543348692639395 1.3414658263328196
59943.0445 lsst_hardware_z 681.1782382838466 108.21992795224456 31.700000762939453 AB 11.534073438280926 1.3806096762096627
59945.0367 lsst_hardware_y 69.39598765634905 76.50743939205776 29.950000762939453 AB 9.583576045052398 1.3972977255075558
59945.0583 lsst_hardware_r 346.432382397452 69.31699356414103 31.59000015258789 AB 8.707018520781057 1.2635559178220297
59947.0379 lsst_hardware_y 188.8513736640736 76.545864411578 29.969999313354492 AB 7.632846401902899 1.351305019368487
59947.0605 lsst_hardware_z 360.6553519154816 77.22615290153982 30.969999313354492 AB 8.322821766831497 1.2256115696839815
59953.0394 lsst_hardware_y 102.06402559995163 77.43893647591159 30.0 AB 8.560273667009994 1.2484599417126934
59953.0617 lsst_hardware_r 212.4938974189022 69.12400446029397 31.6200008392334 AB 9.710355309646117 1.1533629982752953
59955.0383 lsst_hardware_z 375.2621592206137 76.98246658702298 30.969999313354492 AB 8.227178070183406 1.2272806439615742
59955.0553 lsst_hardware_g 91.08320585719092 71.9877342165921 31.68000030517578 AB 7.171874924068106 1.156754020010985
59957.0464 lsst_hardware_y 115.4897568488263 78.45450716091199 30.030000686645508 AB 2.63393421335059 1.1695977856796582
59957.0625 lsst_hardware_i 215.8811869199139 68.31021136022036 31.31999969482422 AB 2.2299151312630068 1.1149575656315034
59962.0379 lsst_hardware_y -125.24548823027058 78.9000015258789 30.030000686645508 AB 8.613986045484337 1.150602557334447
59962.0558 lsst_hardware_r -0.5376865674517673 68.98999786376953 31.639999389648438 AB 4.271926292032231 1.0953657159057002
59966.0377 lsst_hardware_y -24.468296909505924 78.58000183105469 30.049999237060547 AB 10.198252397448856 1.1156299628003672
59966.0553 lsst_hardware_z -95.94793168591863 75.87999725341797 30.989999771118164 AB 11.55608950185778 1.0700082872090537
59973.0352 lsst_hardware_z -114.71955969096852 75.77999877929688 30.989999771118164 AB 13.745491257265074 1.0722121146874997
59973.0525 lsst_hardware_r -102.75590009927468 68.87999725341797 31.649999618530273 AB 13.096006082431888 1.0390357094915812
59975.0369 lsst_hardware_y -176.61813233915998 79.83999633789062 30.06999969482422 AB 9.066320173112652 1.0570913532583817
59975.0553 lsst_hardware_z 72.82178570416912 76.91999816894531 31.0 AB 9.407274431473503 1.0270510870105818
59977.0383 lsst_hardware_y 83.01263124193206 79.63999938964844 30.06999969482422 AB 7.087345650059966 1.0444582674352751
59977.0575 lsst_hardware_z -15.295441417266218 76.4000015258789 31.0 AB 6.820651327293418 1.0180076607900623
60208.3101 lsst_hardware_g -82.04606728621503 67.61000061035156 31.549999237060547 AB 4.450231598424278 1.44113717565582
60208.3262 lsst_hardware_r -25.71025892405413 65.9800033569336 31.56999969482422 AB 4.08922855325884 1.3278871743006462
60210.3238 lsst_hardware_z 151.5995439022681 75.33999633789062 30.950000762939453 AB 2.6884883433103033 1.3093287386251478
60210.3409 lsst_hardware_r -102.21537695813967 68.19000244140625 31.600000381469727 AB 2.140737954747505 1.2199095572688303
60216.2576 lsst_hardware_z -57.21465723040351 73.44999694824219 30.899999618530273 AB 8.045159686633957 1.7576084372196101
60216.2769 lsst_hardware_r -15.934963183323843 65.4000015258789 31.520000457763672 AB 6.965229490208299 1.5400713790260094
60225.2631 lsst_hardware_z -12.418914611806587 74.88999938964844 30.940000534057617 AB 5.351050054445986 1.4458389771537388
60225.2815 lsst_hardware_r 18.74542841644965 67.16999816894531 31.579999923706055 AB 4.915239571755215 1.3174054065277983
60228.2649 lsst_hardware_u 0.1756017398281166 19.510000228881836 29.18000030517578 AB 5.69744500538096 1.3716388818250882
60228.2823 lsst_hardware_g 40.88893994726661 71.12999725341797 31.639999389648438 AB 5.3247567490269665 1.2665427351501208
60234.2351 lsst_hardware_u -2.4179318543398143 18.770000457763672 29.09000015258789 AB 7.747872157591272 1.4741004866041232
60234.2526 lsst_hardware_g -31.208581012881083 70.29000091552734 31.610000610351562 AB 8.156846780765449 1.344461312141989
60237.2326 lsst_hardware_r -68.999732519107 64.41000366210938 31.540000915527344 AB 1.5984351608432696 1.4280242651964887
60237.2516 lsst_hardware_i 29.224671797947117 64.37000274658203 31.280000686645508 AB 1.6533318124411027 1.300470749167097
60239.2461 lsst_hardware_r 107.10421603927709 67.30999755859375 31.579999923706055 AB 3.1330639699266065 1.3007011810803444
60239.2633 lsst_hardware_i 4.956006314027161 66.5 31.299999237060547 AB 3.4909803564354784 1.2127776121019553
60241.2612 lsst_hardware_r -26.819279541603837 68.13999938964844 31.610000610351562 AB 3.5485241519672073 1.1980836706883824
60241.2782 lsst_hardware_z 38.22316609682077 76.55999755859375 30.989999771118164 AB 3.3700743659779357 1.1341959948321525
60243.251 lsst_hardware_z 165.61195081761494 107.79000091552734 31.729999542236328 AB 1.7066389490865124 1.2190278207760803
60245.2586 lsst_hardware_z -86.01039851166325 75.45999908447266 30.979999542236328 AB 2.5685497440158085 1.1647431103122867
60245.2751 lsst_hardware_r 24.402476627103777 67.88999938964844 31.6299991607666 AB 2.501983472997878 1.1100192870443113
60247.2431 lsst_hardware_r -16.600920452970904 67.0999984741211 31.610000610351562 AB 6.050453886164585 1.205509839841221
60247.2604 lsst_hardware_y -17.461149988752442 78.23999786376953 30.040000915527344 AB 3.9896171247167103 1.1389143947235827
60249.2481 lsst_hardware_g -84.69633216695793 72.3499984741211 31.68000030517578 AB 5.727143511810359 1.1631669990983455
60249.2666 lsst_hardware_r -71.45171923253336 68.7300033569336 31.6299991607666 AB 5.533688940104806 1.1031342162478392
60251.2503 lsst_hardware_i -58.140431117959395 66.19000244140625 31.309999465942383 AB 6.051544964669725 1.1361736615197795
60251.2668 lsst_hardware_z 72.88455304489085 75.91999816894531 30.989999771118164 AB 5.782855728347635 1.0880767163737965
60263.193 lsst_hardware_i 93.93080169647811 65.48999786376953 31.290000915527344 AB 4.656893013374762 1.23497715271783
60263.2094 lsst_hardware_u -30.16992980070388 20.81999969482422 29.34000015258789 AB 8.779124611151419 1.1649581490379475
60265.2001 lsst_hardware_g 85.61905554760645 72.0999984741211 31.65999984741211 AB 2.9991436554372637 1.1798362137833451
60265.218 lsst_hardware_r 61.13551090280743 68.91000366210938 31.6200008392334 AB 6.4423436847293525 1.117411638603053
60268.2071 lsst_hardware_i -87.65389337826976 67.0199966430664 31.31999969482422 AB 5.754874821734205 1.1257763373296132
60268.225 lsst_hardware_r 97.7937665291729 68.80000305175781 31.639999389648438 AB 5.276520338079686 1.0768408853223848
60270.2045 lsst_hardware_z 110.3751887704838 106.66999816894531 31.729999542236328 AB 4.090292300929519 1.1169558440550298
60274.2055 lsst_hardware_z 194.45086043323917 76.58999633789062 30.989999771118164 AB 5.01867574553709 1.0843375755570706
60274.2231 lsst_hardware_r 51.35546042216437 69.73999786376953 31.649999618530273 AB 5.500262295578831 1.0471703561311023
60276.2216 lsst_hardware_z -28.960471573648537 107.58999633789062 31.75 AB 4.119114902131779 1.0404432690404477
60278.2093 lsst_hardware_r 15.205647423499766 69.26000213623047 31.649999618530273 AB 5.756578336445207 1.0524229872534583
60278.2258 lsst_hardware_z -35.555546321909716 77.08999633789062 31.0 AB 5.637668165687173 1.0263679641388184
60282.1373 lsst_hardware_i 7.105259773299267 65.41000366210938 31.280000686645508 AB 4.039121621057109 1.2539312736763413
60282.1602 lsst_hardware_z 76.93490973738798 75.3499984741211 30.979999542236328 AB 3.706608063206012 1.1550963917851484
60284.1405 lsst_hardware_r 90.31331796655913 68.06999969482422 31.610000610351562 AB 6.624569147959101 1.2125138003038078
60284.1607 lsst_hardware_g -9.70737874033405 72.81999969482422 31.690000534057617 AB 6.144615303068269 1.134530151969769
60286.1394 lsst_hardware_r 39.7338450980018 68.36000061035156 31.610000610351562 AB 4.416332040464561 1.193603254179611
60286.1606 lsst_hardware_i -85.28007124822686 67.1500015258789 31.309999465942383 AB 4.13514579581136 1.117606971840908
60290.123 lsst_hardware_g -113.9990109071264 71.70999908447266 31.649999618530273 AB 15.28530546708413 1.2175645584741221
