data/validation/pwv_sim_epoch_fit_epoch/42585245.ecsv
# %ECSV 0.9
# ---
# datatype:
# - {name: time, datatype: float64}
# - {name: band, datatype: string}
# - {name: flux, datatype: float64}
# - {name: fluxerr, datatype: float64}
# - {name: zp, datatype: float64}
# - {name: zpsys, datatype: string}
# - {name: pwv, datatype: float64}
# - {name: airmass, datatype: float64}
# meta: {SNID: '42585245', alt: 1024.0, c: -0.10408729314804077, dec: -6.729813, lat: -30.244573, lon: -70.7499537, ra: 323.085938, t0: 62754.2109375,
#   x0: 4.902326829589472e-06, x1: 1.4881134033203125, z: 0.6175814270973206}
# schema: astropy-2.0
time band flux fluxerr zp zpsys pwv airmass
62643.428 lsst_hardware_r -106.50759976406758 76.47000122070312 31.639999389648438 AB 4.333601697060658 1.0917019075201955
62645.4032 lsst_hardware_z 42.186386514791984 72.1500015258789 31.709999084472656 AB 7.303549070033583 1.0994905264000776
62645.4237 lsst_hardware_y -37.9595362085688 51.36000061035156 30.030000686645508 AB 6.680331178278326 1.0917209023592847
62647.4132 lsst_hardware_u -3.0560283733625724 3.9100000858306885 28.709999084472656 AB 6.0571760394237995 1.0920389494153486
62647.4326 lsst_hardware_y 8.49922919244336 57.09000015258789 30.040000915527344 AB 5.507303344371273 1.0964899145947584
62651.4062 lsst_hardware_r 22.659927622106725 24.989999771118164 31.510000228881836 AB 14.105279067203385 1.0917046586890298
62651.4238 lsst_hardware_y 136.36293763817278 48.880001068115234 30.030000686645508 AB 14.022560804376274 1.0979142502643497
62653.4035 lsst_hardware_z -19.335393119731357 60.459999084472656 31.690000534057617 AB 6.7938140586015425 1.0918434764988818
62656.377 lsst_hardware_r 44.753098146029004 24.829999923706055 31.5 AB 12.799924126913151 1.09672899725072
62656.3967 lsst_hardware_g 16.454870251102903 15.710000038146973 31.450000762939453 AB 12.74892162973853 1.0920314899771897
62677.35 lsst_hardware_r 2.8265597733815 25.459999084472656 31.510000228881836 AB 3.9458732984453246 1.0960759162348124
62677.3715 lsst_hardware_u -2.635945177931837 3.0399999618530273 28.43000030517578 AB 4.047945863736072 1.1187579254435196
62679.311 lsst_hardware_g 18.801567323547825 15.0600004196167 31.420000076293945 AB 7.445808427953096 1.0990123140890682
62679.3308 lsst_hardware_r -33.51464428771953 24.170000076293945 31.489999771118164 AB 7.340260264543098 1.0917320241753696
62681.3271 lsst_hardware_i 46.386506562965195 31.579999923706055 31.239999771118164 AB 2.114659251802497 1.091859688551696
62681.3488 lsst_hardware_z 62.659118076801725 42.279998779296875 30.940000534057617 AB 2.366690394143683 1.1038667883134448
62683.2954 lsst_hardware_z -4.408255179605989 42.470001220703125 30.940000534057617 AB 9.650536394589592 1.1031075492472726
62683.3174 lsst_hardware_r 7.039947102716312 24.1200008392334 31.5 AB 9.531413224790615 1.0917686463492782
62687.2953 lsst_hardware_u -0.5508585097108426 2.7699999809265137 28.43000030517578 AB 4.842519300083944 1.095035174421076
62687.3169 lsst_hardware_r -43.49512305670026 24.190000534057617 31.5 AB 4.903473580573975 1.0933051461703023
62696.2913 lsst_hardware_r 136.5586242652125 153.02999877929688 32.400001525878906 AB 6.808050836783217 1.0929604811018168
62703.2167 lsst_hardware_z 16.98680269073446 47.540000915527344 30.950000762939453 AB 6.299942446495488 1.1395391962549495
62703.2362 lsst_hardware_r 20.795426942219873 41.56999969482422 31.59000015258789 AB 6.1678427906713 1.1080454734202974
62705.0906 lsst_hardware_u 3.7544113129435646 3.740000009536743 28.959999084472656 AB 13.569321423339478 2.0965385180330607
62705.1143 lsst_hardware_r -4.810306051303892 36.650001525878906 32.11000061035156 AB 11.043517936931607 1.7131693522484557
62708.2328 lsst_hardware_i -24.522554280246215 31.850000381469727 31.239999771118164 AB 11.182096632526548 1.0982849438954843
62708.2569 lsst_hardware_z -37.51931043120652 42.29999923706055 30.940000534057617 AB 11.637297099161566 1.0924987888811084
62712.1898 lsst_hardware_u 2.8972291506197347 2.680000066757202 28.329999923706055 AB 5.537732945245052 1.144514404308164
62712.2097 lsst_hardware_g -5.801088896005015 15.479999542236328 31.440000534057617 AB 4.996755109820167 1.1103900244044815
62717.1896 lsst_hardware_r 53.2550394151938 24.68000030517578 31.5 AB 1.370736517454354 1.1194254940419388
62717.2082 lsst_hardware_i 13.376205354385688 31.969999313354492 31.239999771118164 AB 1.3501856809832955 1.0983072242271925
62721.1839 lsst_hardware_z -91.7369390938823 46.689998626708984 30.959999084472656 AB 3.6383601142926763 1.1119682500894488
62721.2039 lsst_hardware_r -37.59447053740108 40.95000076293945 31.600000381469727 AB 3.5810559947036125 1.0943432804431943
62724.1777 lsst_hardware_z 25.19765031534957 68.77599937800706 30.979999542236328 AB 8.249007778729375 1.1094459202756297
62724.1994 lsst_hardware_r 133.77961780192513 95.33135374101278 31.649999618530273 AB 8.161180543797771 1.0929176694667133
62730.1504 lsst_hardware_g 144.7641403859043 64.73981224527579 31.700000762939453 AB 4.7652740078626605 1.1254780368121542
62730.1688 lsst_hardware_i 294.6743690640436 58.02845455477273 31.309999465942383 AB 4.85654239653663 1.1015065539888023
62732.1818 lsst_hardware_z 299.6893302271259 48.08043868446763 30.959999084472656 AB 2.637916792775915 1.0919659703098064
62732.2021 lsst_hardware_r 489.74208334357377 44.402490693267104 31.59000015258789 AB 2.647569408258219 1.0975518326285498
62739.1456 lsst_hardware_z 562.9949873506954 49.06164141119303 30.950000762939453 AB 2.36695235961914 1.100311006253571
62739.1656 lsst_hardware_r 1250.8551708438058 42.750322999607626 31.520000457763672 AB 2.3492359330875745 1.0917369373809502
62741.1203 lsst_hardware_r 1479.0252292896257 45.1064284299499 31.510000228881836 AB 3.968748233694357 1.1255933162613099
62741.1391 lsst_hardware_u -7.059277444724551 4.195011174089528 28.479999542236328 AB 4.294717974675531 1.1012097370962899
62743.1226 lsst_hardware_g 1072.125080781451 39.30182775725713 32.189998626708984 AB 3.514589154316884 1.1136214050433726
62743.1415 lsst_hardware_i 2363.2542851363924 66.02318763870507 32.0 AB 4.511327233531309 1.0955363108848672
62745.1186 lsst_hardware_z 941.63201721374 51.61787216805843 30.940000534057617 AB 1.1224193487678469 1.1116731747453088
62745.137 lsst_hardware_r 1745.9552198003983 48.39869383018665 31.5 AB 1.423524897367468 1.0950191518211292
62746.0633 lsst_hardware_u 7.668981651260202 4.220121871158426 28.34000015258789 AB 1.6799063884467293 1.250861048731742
62746.0816 lsst_hardware_g 584.9583519785763 29.40243108766037 31.43000030517578 AB 1.6465364077315672 1.1845585667144158
62754.0961 lsst_hardware_z 1071.2755736250467 106.76758334842815 31.0 AB 3.883687945062176 1.1090705918646895
62754.1142 lsst_hardware_i 1659.350914395068 126.78241813890823 31.34000015258789 AB 3.857114293236305 1.0941650872023938
62756.0956 lsst_hardware_z 861.9624738577076 92.81550891703728 30.989999771118164 AB 3.442967648030846 1.1036037015885396
62756.114 lsst_hardware_r 1811.8524296355704 137.52211997499217 31.649999618530273 AB 3.3342384448238622 1.0923870734126833
62766.068 lsst_hardware_r 1196.8842063521076 43.65831042224233 31.5 AB 2.7832074266351867 1.1038998221655305
62766.087 lsst_hardware_u -1.6239358834397966 2.9714731808113095 28.43000030517578 AB 3.5551347570084117 1.0923191592609462
62770.1043 lsst_hardware_u -1.9504042673691475 3.918476708178148 29.079999923706055 AB 4.091635469780563 1.102420980676428
62770.1333 lsst_hardware_g 344.1122662168925 27.631316559409473 32.15999984741211 AB 3.2388210133417874 1.1486538645259916
62773.0655 lsst_hardware_r 979.5669557594829 39.073083297084715 31.5 AB 3.7093996150792505 1.0929554197694984
62773.0832 lsst_hardware_i 858.3558080670946 43.28676024289539 31.25 AB 3.7026876423498343 1.093743888051316
62775.0645 lsst_hardware_z 666.8380218463983 50.073033282031275 30.950000762939453 AB 6.275822045287907 1.0919537255459761
62775.082 lsst_hardware_r 757.0308181307217 37.631960474228 31.5 AB 6.295250992350702 1.0958426933417724
62782.0335 lsst_hardware_y 314.2554245633195 90.82718774950085 30.799999237060547 AB 5.005742888917188 1.0964281872559827
62786.0281 lsst_hardware_z 597.2674342845379 65.91956652141022 30.979999542236328 AB 6.622472144981227 1.0936292865958595
62786.046 lsst_hardware_r 359.9159835645139 88.13048761877127 31.639999389648438 AB 5.856353281624607 1.0931130716983746
62788.0283 lsst_hardware_u 1.0368298706043242 3.205345834075933 28.479999542236328 AB 7.887838094111922 1.0920571921470994
62788.0461 lsst_hardware_r 333.10531747153055 30.60093936020311 31.5 AB 7.888403224016292 1.0956115588911517
62795.0038 lsst_hardware_y 172.19518920798964 54.21731444129923 30.040000915527344 AB 3.6297648870344026 1.0935222596006435
62795.0203 lsst_hardware_g 29.319516930991288 16.656880453983586 31.469999313354492 AB 3.662753777223068 1.092761307908031
62798.0019 lsst_hardware_y 95.3345496780697 59.77745749936573 30.040000915527344 AB 3.075955370458511 1.0919259391049028
62798.0196 lsst_hardware_r 144.38791954726995 28.270256480974304 31.510000228881836 AB 3.110396098244253 1.0960782656134591
62800.0027 lsst_hardware_y 112.6421112758189 61.379777213091664 30.049999237060547 AB 4.236436997413321 1.0919355621917188
62800.0216 lsst_hardware_r 160.93399213070148 28.151756889577932 31.510000228881836 AB 4.308906841134388 1.1016934864621097
63008.4292 lsst_hardware_r 9.644122595135574 27.799999237060547 31.530000686645508 AB 4.233232105008273 1.0917426447474592
63016.4071 lsst_hardware_r 4.720322231027151 25.299999237060547 31.530000686645508 AB 14.09723322510493 1.0917438332199156
63016.4255 lsst_hardware_y 15.009322534116475 49.86000061035156 30.040000915527344 AB 14.041012545300397 1.0986922706078286
63021.3772 lsst_hardware_i -16.099767462837516 58.380001068115234 31.309999465942383 AB 12.734512069767012 1.097093436981881
63021.3971 lsst_hardware_z -112.46196458905992 54.02000045776367 30.959999084472656 AB 12.71198238481801 1.092024344206173
63033.3238 lsst_hardware_u 1.6109812942048027 3.940000057220459 29.18000030517578 AB 7.26877372366992 1.1198809146985291
63033.3453 lsst_hardware_g -1.1611229270034424 15.34000015258789 31.440000534057617 AB 7.322438985808628 1.0965428453908574
63034.3903 lsst_hardware_r -33.88808554096262 24.559999465942383 31.5 AB 4.1195908611790415 1.1134029354537949
63034.4063 lsst_hardware_i -8.058349965424735 32.47999954223633 31.25 AB 4.221928335538399 1.1410617123076754
63037.3585 lsst_hardware_z -8.180637047332757 42.400001525878906 30.940000534057617 AB 4.045288930173774 1.0933213324793982
63037.3776 lsst_hardware_r -7.36750450088151 24.479999542236328 31.510000228881836 AB 4.2304144743853485 1.107728325316928
63043.3364 lsst_hardware_u -3.031676773903384 2.819999933242798 28.469999313354492 AB 5.956199750953331 1.091945688881691
63043.3554 lsst_hardware_r 7.075175039423982 24.31999969482422 31.5 AB 5.986344899313688 1.1017136800160152
63045.324 lsst_hardware_i -32.058073895194696 31.920000076293945 31.25 AB 5.916327644256139 1.0920602933514787
63045.3435 lsst_hardware_z -35.41724060923723 42.61000061035156 30.950000762939453 AB 5.553298036575602 1.0967311220648963
63047.2956 lsst_hardware_z -103.14900585347509 42.52000045776367 30.950000762939453 AB 3.953855039622198 1.10651508839918
63047.3142 lsst_hardware_r -19.266280517663635 24.18000030517578 31.5 AB 3.908477025278959 1.0931274018400583
63049.3059 lsst_hardware_y 99.16175976204265 71.3499984741211 30.790000915527344 AB 8.524603715968567 1.0942423339746783
63062.2217 lsst_hardware_r -43.91588307603363 24.59000015258789 31.5 AB 6.6319198453561 1.1684486587031742
63062.2563 lsst_hardware_u -6.547287532647306 4.010000228881836 29.229999542236328 AB 5.935768757122717 1.1047401371901575
63062.2876 lsst_hardware_r -11.093273013640275 24.280000686645508 31.5 AB 5.840651439901712 1.0925273924245626
63065.2619 lsst_hardware_z -79.07294080861946 42.5099983215332 30.940000534057617 AB 2.0742392709823103 1.0943928619322776
63065.2842 lsst_hardware_r -47.06449596131106 24.280000686645508 31.5 AB 2.0517934665066133 1.094192587240217
63067.2666 lsst_hardware_u -1.660156578026661 2.7300000190734863 28.399999618530273 AB 3.074853600343747 1.0917932064186582
63067.2821 lsst_hardware_g -8.30229428897382 15.260000228881836 31.440000534057617 AB 3.0961631882147596 1.0959223130958975
63073.2298 lsst_hardware_u -0.39776612984533377 2.819999933242798 28.459999084472656 AB 11.179053595971634 1.1013303380101114
63073.2491 lsst_hardware_r -2.0847445713985535 24.389999389648438 31.5 AB 10.978619959496848 1.091874882013312
63077.3105 lsst_hardware_i 10.33663474798624 42.36000061035156 31.270000457763672 AB 5.29743145310256 1.1992600493751906
63077.3293 lsst_hardware_z -31.321664121126283 45.77000045776367 30.93000030517578 AB 5.660568715597718 1.2736836846706907
63083.1162 lsst_hardware_r 331.6465622629833 124.12999725341797 31.579999923706055 AB 3.2564374767844657 1.3791645980593488
63083.1426 lsst_hardware_i 57.36537630430064 98.36000061035156 31.299999237060547 AB 2.529373704499072 1.2419183491812138
63085.2107 lsst_hardware_z 35.950844735652865 53.2400016784668 30.969999313354492 AB 3.4671772395518463 1.0930571373114268
63085.2336 lsst_hardware_r -37.31379786084934 59.88999938964844 31.6299991607666 AB 3.504360788006782 1.0963118373241927
63094.1791 lsst_hardware_u -4.758794536120321 2.890000104904175 28.489999771118164 AB 5.345249017803625 1.096348890945262
63094.2022 lsst_hardware_g -2.739845884339053 15.850000381469727 31.469999313354492 AB 5.348020366394341 1.09310584903301
63099.1739 lsst_hardware_r 9.233476271693375 24.729999542236328 31.510000228881836 AB 1.9172178348265527 1.092639343556166
63099.1941 lsst_hardware_i 9.475513938762878 32.20000076293945 31.25 AB 1.8789012838638197 1.095569261728307
63100.1354 lsst_hardware_z 71.37810988490554 61.20000076293945 31.690000534057617 AB 2.277656322227512 1.129136406954067
63100.1574 lsst_hardware_r 46.61280865144596 35.31999969482422 32.27000045776367 AB 2.2125903458499887 1.1001982410060855
63110.1192 lsst_hardware_z -139.65968566780614 109.4800033569336 30.989999771118164 AB 1.225249358788799 1.111841523401814
63110.1361 lsst_hardware_r -83.14312972695453 166.44000244140625 31.649999618530273 AB 1.424722098243368 1.0959400755718214
63113.134 lsst_hardware_y 1.23449877812929 73.58000183105469 30.790000915527344 AB 1.5304007520532688 1.0931433943237634
63115.1276 lsst_hardware_r -11.931515964769046 24.420000076293945 31.5 AB 0.7184134295961838 1.093475539720219
63115.1451 lsst_hardware_i -55.96853610972186 38.0099983215332 31.270000457763672 AB 0.7193175521777552 1.093187769267105
63118.0927 lsst_hardware_i -1.0517717645632154 32.040000915527344 31.239999771118164 AB 2.8344178683172765 1.1184076818297815
63118.114 lsst_hardware_z -30.389295595898435 42.400001525878906 30.940000534057617 AB 2.814399127495411 1.0960920917157253
63121.093 lsst_hardware_r 1.4445225983769778 24.270000457763672 31.489999771118164 AB 3.2813435654727865 1.1071593641409654
63121.1108 lsst_hardware_u 1.3424885664756718 2.6700000762939453 28.34000015258789 AB 3.2133737022166393 1.0936352258029851
63123.0955 lsst_hardware_g 2.2028701252183773 15.289999961853027 31.450000762939453 AB 1.3405242437343514 1.0994662651094467
63123.1123 lsst_hardware_i -7.625411362479653 31.729999542236328 31.25 AB 1.3796295583931502 1.091911007830225
63125.0909 lsst_hardware_z 36.74899624668467 42.54999923706055 30.950000762939453 AB 3.955662977294565 1.0987952714707125
63125.1073 lsst_hardware_r 14.713774930500609 24.329999923706055 31.510000228881836 AB 3.9307188295452824 1.0918663415403562
63128.0679 lsst_hardware_r 40.896162716677 24.389999389648438 31.510000228881836 AB 6.148803504925309 1.1147551300667404
63128.0871 lsst_hardware_u -2.9044393110163185 2.869999885559082 28.510000228881836 AB 6.083819579268048 1.095854622504083
63135.0606 lsst_hardware_r 60.694136548173944 70.9800033569336 31.6299991607666 AB 3.272130772725908 1.1012640379388836
63135.0804 lsst_hardware_z -96.68277130083526 59.54999923706055 30.969999313354492 AB 3.221458085650491 1.09183463333327
63136.0635 lsst_hardware_z -33.58583994821791 77.12000274658203 30.989999771118164 AB 3.0714168142453353 1.0969345765161913
63136.0816 lsst_hardware_i 42.416335764044454 86.48999786376953 31.329999923706055 AB 3.057235405269081 1.0918697875961003
63142.0379 lsst_hardware_g 18.54805906156237 15.210000038146973 31.450000762939453 AB 2.226562642436601 1.1047197432080382
63142.0576 lsst_hardware_r 89.9452774476795 47.630001068115234 31.610000610351562 AB 3.1503992667240497 1.0923714517076033
63144.0186 lsst_hardware_i -6.350370013503244 32.08000183105469 31.239999771118164 AB 3.041155024603989 1.1233373440221586
63144.0316 lsst_hardware_z -62.502129298274134 42.54999923706055 30.940000534057617 AB 3.0100172685574496 1.1056078121423139
63146.0368 lsst_hardware_r 4.6210410080618045 24.350000381469727 31.510000228881836 AB 4.241263655937369 1.0965476768055147
63146.0553 lsst_hardware_u -1.1432287000371046 2.8299999237060547 28.479999542236328 AB 5.151684918525778 1.0919792101155692
63148.03 lsst_hardware_g -5.888361470260709 15.260000228881836 31.440000534057617 AB 4.387497679214115 1.0974231313692133
63148.0479 lsst_hardware_i 50.68530215586666 32.029998779296875 31.25 AB 3.6160554978930715 1.0918041962237535
63152.031 lsst_hardware_u -2.5272538031494367 2.7699999809265137 28.43000030517578 AB 6.255174890898948 1.0922254043824462
63152.0501 lsst_hardware_g 2.641331378695048 15.25 31.43000030517578 AB 5.249744838900691 1.0959801333821901
63154.0021 lsst_hardware_z 38.53251370147558 44.61000061035156 30.950000762939453 AB 7.467033150883241 1.1080739233363261
63154.0198 lsst_hardware_r -88.03332591178341 24.450000762939453 31.5 AB 7.3252319050109325 1.093998542129822
63156.004 lsst_hardware_y -6.572354923187254 50.209999084472656 30.030000686645508 AB 7.774937793348778 1.1006164152434275
63156.0228 lsst_hardware_z 72.81885776307082 42.47999954223633 30.950000762939453 AB 7.693377512180863 1.0918529004680213
63158.0031 lsst_hardware_y -9.010919365909048 50.90999984741211 30.030000686645508 AB 4.445465125002903 1.0971490580402872
63158.02 lsst_hardware_u -5.066146271336425 2.859999895095825 28.459999084472656 AB 4.473387324459328 1.0917801800665459
63160.0059 lsst_hardware_y -98.84754322821044 50.43000030517578 30.030000686645508 AB 3.6550301587750496 1.0930658900787669
63160.0239 lsst_hardware_i 4.454211217962695 32.959999084472656 31.260000228881836 AB 3.669376346903789 1.0938125040451796
63162.0002 lsst_hardware_y 7.73837743560812 63.220001220703125 30.049999237060547 AB 4.290318929999729 1.0931445136632216
63162.0176 lsst_hardware_r 4.066368449050861 40.060001373291016 31.59000015258789 AB 4.324731216002931 1.0934845046783643
63164.0093 lsst_hardware_y -69.39577217683087 89.20999908447266 30.799999237060547 AB 3.9497964260779894 1.0925879328032058
