data/validation/pwv_sim_epoch_fit_epoch/42641869.ecsv
# %ECSV 0.9
# ---
# datatype:
# - {name: time, datatype: float64}
# - {name: band, datatype: string}
# - {name: flux, datatype: float64}
# - {name: fluxerr, datatype: float64}
# - {name: zp, datatype: float64}
# - {name: zpsys, datatype: string}
# - {name: pwv, datatype: float64}
# - {name: airmass, datatype: float64}
# meta: {SNID: '42641869', alt: 1024.0, c: -0.059935327619314194, dec: -21.381943, lat: -30.244573, lon: -70.7499537, ra: 244.511719,
#   t0: 62287.703125, x0: 8.822395583396123e-06, x1: -0.10301842540502548, z: 0.484762966632843}
# schema: astropy-2.0
time band flux fluxerr zp zpsys pwv airmass
62205.388 lsst_hardware_u 3.7930985305245004 3.4200000762939453 28.65999984741211 AB 9.465971841182448 1.0193261014572115
62205.4061 lsst_hardware_z -63.85038847171165 64.94000244140625 31.0 AB 9.407204314087338 1.0120533231343176
62210.3892 lsst_hardware_u -4.484782812335521 3.0 28.549999237060547 AB 9.796376337885333 1.0125628008632708
62210.4078 lsst_hardware_y 200.39160451193203 68.5999984741211 30.079999923706055 AB 9.812579909441514 1.0143162479933343
62212.3932 lsst_hardware_r -11.892553186652314 25.260000228881836 31.540000915527344 AB 9.163678139130374 1.0120392584814875
62215.3764 lsst_hardware_r 13.01629936123106 24.81999969482422 31.540000915527344 AB 5.7774058669738935 1.0123958879043038
62215.3958 lsst_hardware_y -63.877020575380904 47.84000015258789 30.059999465942383 AB 5.704076531476396 1.0150204397905682
62217.3774 lsst_hardware_g -3.082102023761213 16.079999923706055 31.520000457763672 AB 5.764548107132181 1.01190119052656
62217.3976 lsst_hardware_z -2.504038221234457 42.5 30.969999313354492 AB 5.878724817283817 1.0191963968938245
62219.354 lsst_hardware_r -5.440845422093464 24.6299991607666 31.540000915527344 AB 6.913267128360603 1.0166569306412652
62219.3743 lsst_hardware_i 12.56697104881692 31.700000762939453 31.270000457763672 AB 6.88201200871364 1.0120605895167119
62221.3628 lsst_hardware_r -13.30116951842677 24.520000457763672 31.540000915527344 AB 7.590115167063567 1.0120153556084757
62221.3815 lsst_hardware_u -1.546539682532188 2.9800000190734863 28.600000381469727 AB 6.520161213712216 1.0160366533503005
62223.3587 lsst_hardware_z 95.09322718869561 49.220001220703125 30.979999542236328 AB 7.955472751476697 1.0119213599359809
62223.3779 lsst_hardware_i -1.299998265320947 33.36000061035156 31.280000686645508 AB 7.547489419115659 1.0170676364894768
62225.3456 lsst_hardware_z -100.49880530832321 66.47000122070312 31.0 AB 6.455228170811422 1.0132338105418772
62225.3641 lsst_hardware_r 216.57106898945432 95.72000122070312 31.670000076293945 AB 6.333557049726485 1.0133421055000909
62227.3516 lsst_hardware_y -116.98328998470633 84.23999786376953 30.81999969482422 AB 6.09364416816169 1.0119810957671163
62229.3405 lsst_hardware_r 16.169869873541295 90.41999816894531 31.65999984741211 AB 5.799528436659985 1.0120605139230687
62229.363 lsst_hardware_i -148.2777236775974 77.36000061035156 31.34000015258789 AB 5.836791167144861 1.017970990563766
62231.3444 lsst_hardware_z 33.097605036002356 47.189998626708984 30.959999084472656 AB 7.7253584109597675 1.0124978258138793
62231.366 lsst_hardware_r 28.92911019544742 44.849998474121094 31.6200008392334 AB 7.843846229341659 1.0245581229138991
62233.3261 lsst_hardware_r -17.415338205636875 27.809999465942383 31.559999465942383 AB 8.503967120493497 1.01262818601758
62233.3452 lsst_hardware_z -106.78279256662785 42.04999923706055 30.959999084472656 AB 8.240670948353888 1.014392484795072
62235.3258 lsst_hardware_g -15.775120369611294 15.720000267028809 31.479999542236328 AB 7.979724871221014 1.011927742894832
62235.3439 lsst_hardware_i -23.15884806115213 31.450000762939453 31.260000228881836 AB 7.290404976832048 1.0163676253773868
62237.3173 lsst_hardware_r -32.410231578435194 24.200000762939453 31.520000457763672 AB 3.622282025772198 1.0122347424262261
62237.3355 lsst_hardware_u -2.8413895549424195 2.9100000858306885 28.559999465942383 AB 4.256795699072748 1.0149122486911117
62241.2512 lsst_hardware_u -2.1398498999818854 2.859999895095825 28.5 AB 10.066058957953945 1.073102479437896
62241.2678 lsst_hardware_g -6.969673736398421 15.479999542236328 31.479999542236328 AB 9.811871862361636 1.0431133487042386
62243.3087 lsst_hardware_r -1.9438245907590042 24.25 31.540000915527344 AB 14.066252877460393 1.0120516505052894
62243.3266 lsst_hardware_i 22.35542020895574 31.389999389648438 31.270000457763672 AB 14.101250308074041 1.0191833023964856
62245.3035 lsst_hardware_z 14.140724792750683 41.2400016784668 30.950000762939453 AB 10.806649412577935 1.0120796752640655
62245.322 lsst_hardware_r -2.3737812659670294 24.15999984741211 31.520000457763672 AB 10.864215359640243 1.0197949336333145
62249.2806 lsst_hardware_i -90.17283508110057 31.200000762939453 31.260000228881836 AB 5.6796766252173905 1.0130822210388353
62249.2998 lsst_hardware_z 37.454182049316884 41.2599983215332 30.950000762939453 AB 5.7198794349205855 1.0137436228960504
62253.2854 lsst_hardware_y 0.1872453446963409 78.80999755859375 30.81999969482422 AB 2.716980821642371 1.0127281437444384
62253.3054 lsst_hardware_r -112.16898473945383 95.5 31.65999984741211 AB 2.0653715489355435 1.0240665476913693
62255.2649 lsst_hardware_r -106.29354710788145 153.42999267578125 31.670000076293945 AB 10.769397650184928 1.012899212319587
62255.2825 lsst_hardware_i -259.82774807223996 120.37000274658203 31.350000381469727 AB 10.746483163979867 1.0134367374556648
62258.2696 lsst_hardware_z -23.634427638663208 60.78360629138157 30.989999771118164 AB 8.073594294463136 1.0122994538854162
62258.2873 lsst_hardware_r -125.02494241277904 77.494445972861 31.65999984741211 AB 8.190591651924995 1.020380173405342
62262.2693 lsst_hardware_i 39.367767863472274 33.93201274221924 31.270000457763672 AB 2.6733364739326895 1.0158983370445334
62262.2878 lsst_hardware_z 46.47845913607329 42.91565437714756 30.959999084472656 AB 2.735324500535243 1.0312250708898183
62265.244 lsst_hardware_g 43.96911625693633 16.41855622373423 31.5 AB 8.44777686757097 1.0119218839362893
62265.2623 lsst_hardware_r 172.96270070126545 28.257665403761937 31.540000915527344 AB 8.763713361150774 1.0165345016510652
62267.2515 lsst_hardware_i 243.64834522375807 36.122107641203904 31.280000686645508 AB 8.010992049553963 1.014049626525818
62267.2695 lsst_hardware_z 196.44251032448 44.14530013155033 30.959999084472656 AB 8.107471859668516 1.0262622607175336
62269.2301 lsst_hardware_r 696.9730680999484 36.71380753566572 31.530000686645508 AB 6.699141045031473 1.0122096769123274
62269.2516 lsst_hardware_g 210.67584879615828 21.81388255652352 31.489999771118164 AB 7.131176932403436 1.0166578338264654
62271.2087 lsst_hardware_u 19.46389098555868 5.1325491577784 28.489999771118164 AB 6.600237123638512 1.018712320364024
62271.2307 lsst_hardware_r 1120.4485051471943 41.35668252793176 31.530000686645508 AB 6.5316679667319315 1.0119295548541192
62276.2092 lsst_hardware_i 1451.7277641386297 48.46042354003838 31.260000228881836 AB 7.493335564296654 1.0125216959233385
62276.2293 lsst_hardware_z 1031.6347914261535 51.75418003148432 30.950000762939453 AB 7.552888264018943 1.0150367240987976
62278.1934 lsst_hardware_r 2733.712684767579 62.690270529305174 31.600000381469727 AB 5.364589971160838 1.0163897824956984
62278.2138 lsst_hardware_z 1180.8974345702666 55.37539145081285 30.959999084472656 AB 4.83728825430604 1.0121261516891082
62281.1843 lsst_hardware_y 571.6958162729474 58.11606879463465 30.059999465942383 AB 6.4621417826613925 1.016899450436507
62281.2026 lsst_hardware_r 3456.1436225355865 101.4090928599682 31.65999984741211 AB 6.41846694951752 1.0118976745258337
62284.1692 lsst_hardware_r 3694.9508908349985 181.6344640466093 31.670000076293945 AB 7.71267372263741 1.0216815104831647
62284.1893 lsst_hardware_i 2447.0307746329536 143.55744354019745 31.350000381469727 AB 7.66141632909425 1.0121875586164235
62287.1827 lsst_hardware_z 1864.5141908500004 68.59001149358888 30.989999771118164 AB 7.946774947157238 1.012005723929607
62287.202 lsst_hardware_r 3670.071397780216 90.89951635588895 31.65999984741211 AB 7.8852753101026485 1.0164056857569796
62290.1729 lsst_hardware_i 2245.4714307268814 58.02138984032445 31.280000686645508 AB 9.647519392626538 1.0121899061998667
62290.1928 lsst_hardware_z 1755.0982316120287 59.24478777348274 30.959999084472656 AB 9.644343538951437 1.0158713042678866
62303.1424 lsst_hardware_u 6.091510741482192 3.3044275156104232 28.510000228881836 AB 7.9029787473155215 1.0118942922908087
62303.1644 lsst_hardware_g 398.0805796229763 25.282920241026854 31.479999542236328 AB 7.964530203441527 1.020352334215516
62305.1229 lsst_hardware_r 1607.5737528228958 47.42298950375543 31.540000915527344 AB 5.245195604510362 1.014806321006777
62305.1468 lsst_hardware_i 1511.0314360206019 49.67485183082915 31.260000228881836 AB 5.950290946957121 1.0137069673114896
62307.13 lsst_hardware_z 863.0933151599136 54.60038590143766 30.969999313354492 AB 3.035015830247852 1.0118968093735892
62307.1503 lsst_hardware_r 1405.755961994123 54.351134377915784 31.610000610351562 AB 3.0009547982038565 1.0181356397637833
62309.1323 lsst_hardware_z 991.0197737323927 66.82229923061756 30.989999771118164 AB 2.6540675731663903 1.0126807910333009
62309.1531 lsst_hardware_r 1297.5944442074563 82.2710521285127 31.649999618530273 AB 2.6886689538777913 1.0246126408121405
62311.1242 lsst_hardware_i 1251.840481516838 114.97450374399067 31.350000381469727 AB 3.7940373393204796 1.01219315410951
62311.1481 lsst_hardware_z 981.683640678197 100.7444576679733 31.010000228881836 AB 3.758063843219166 1.0250429848535059
62313.1129 lsst_hardware_z 968.6552675037839 91.8501502297137 31.0 AB 4.940718371906509 1.011923885695191
62313.1366 lsst_hardware_r 692.597094705231 136.23097119888473 31.670000076293945 AB 6.143874633729204 1.0199841676316432
62320.1549 lsst_hardware_r 503.55682998048655 32.92088485328791 31.5 AB 6.629137160680873 1.0727048454403996
62320.1853 lsst_hardware_i 730.164711738915 42.89424159322497 31.239999771118164 AB 7.74661796555455 1.1595431599079309
62324.122 lsst_hardware_z 611.3024502705651 48.807819266333894 30.950000762939453 AB 2.6438417188305894 1.0354471483670715
62324.1412 lsst_hardware_r 331.85684926531763 31.491993375068997 31.510000228881836 AB 1.9204725030724101 1.066929168373561
62326.1029 lsst_hardware_u 14.866101012227453 5.463959361999682 29.309999465942383 AB 3.198553611485389 1.0213582580581337
62326.1217 lsst_hardware_r 775.2955405549747 43.77284293113856 32.279998779296875 AB 3.2835895764912957 1.0425197089082323
62329.0544 lsst_hardware_g 118.2243132615394 24.34536092847622 32.220001220703125 AB 8.399341113300228 1.0162542181851009
62329.0752 lsst_hardware_i 1018.1298905291474 54.16731310283744 32.0099983215332 AB 8.342925167104445 1.0122145248086925
62331.0549 lsst_hardware_z 634.8172789284783 47.31486215078052 30.950000762939453 AB 7.2777867256634305 1.013642850437103
62331.0763 lsst_hardware_r 239.49220360279134 29.331310251056564 31.510000228881836 AB 7.278990761447734 1.013881153512081
62333.0374 lsst_hardware_u 11.440327974413426 4.615199945793109 28.549999237060547 AB 4.476959257992922 1.0201376886222786
62333.0567 lsst_hardware_g 82.0390632396212 18.05436536123561 31.5 AB 3.921162875934539 1.0120435865103985
62335.0385 lsst_hardware_r 263.4008019204089 36.13163803297004 31.579999923706055 AB 2.2472196505014943 1.0159986363506115
62335.0608 lsst_hardware_i 402.93648601476474 40.685337230396776 31.280000686645508 AB 2.223349117684969 1.0125693351633696
62344.0213 lsst_hardware_i 305.477056229101 58.37139721810166 31.329999923706055 AB 4.599284110251617 1.0130581740642328
62344.0407 lsst_hardware_z 283.8872278854408 58.12341115501639 30.979999542236328 AB 4.576492501152111 1.0138441517838086
62349.0011 lsst_hardware_g 30.177058032775538 17.160729641531848 31.479999542236328 AB 3.6666634906159232 1.015579039524318
62349.0211 lsst_hardware_i 283.0265545026815 35.30464840757576 31.260000228881836 AB 3.6531151308269245 1.0122937667688048
62349.9995 lsst_hardware_z 313.87425730497074 44.807155000260025 30.950000762939453 AB 3.9451319253737527 1.0150425193929038
62350.0173 lsst_hardware_r 167.17272890283567 27.92588932915835 31.520000457763672 AB 2.6674898098787447 1.012138042071237
62352.9965 lsst_hardware_u -1.0463500333309033 3.0008960884595486 28.420000076293945 AB 1.1876317573919846 1.0131215674068828
62353.017 lsst_hardware_g 64.04002490190209 17.104788072547148 31.479999542236328 AB 0.896526966654615 1.0141707767586143
62354.9828 lsst_hardware_z 304.94590592452187 45.16118972062164 30.959999084472656 AB 3.147689001775829 1.0165859624639344
62355.0032 lsst_hardware_r 142.4908041469963 27.971597559600067 31.530000686645508 AB 3.5564635806940195 1.012084115166198
62360.9661 lsst_hardware_y 53.0528423408158 65.60554582248814 30.079999923706055 AB 4.243040693305111 1.0167639499103647
62360.987 lsst_hardware_u -1.5077588366280146 3.3772725215979564 28.649999618530273 AB 3.8149629503400497 1.0121054873558675
62362.9668 lsst_hardware_y -107.4813579968874 68.55000305175781 30.079999923706055 AB 4.5176716682131115 1.0138970247911376
62362.9857 lsst_hardware_i -39.916764650890045 34.150001525878906 31.280000686645508 AB 4.515448030624719 1.0128865030562402
62364.9678 lsst_hardware_y 38.66187440933652 105.33000183105469 30.829999923706055 AB 4.102762073020698 1.0122362119381632
62364.9863 lsst_hardware_r -118.26944237156992 76.93000030517578 32.400001525878906 AB 4.0791170674085615 1.0150424023080362
62573.39 lsst_hardware_g 28.786514399636026 16.770000457763672 31.510000228881836 AB 14.399011907432108 1.014157762180033
62577.3781 lsst_hardware_r 13.520447500972866 24.729999542236328 31.520000457763672 AB 9.228703043499502 1.014551985433625
62577.3963 lsst_hardware_y 33.60225863013565 48.08000183105469 30.059999465942383 AB 9.151797333632453 1.012366961685006
62579.374 lsst_hardware_z 101.50810563341632 57.959999084472656 30.979999542236328 AB 6.626742102825728 1.0140127162519366
62579.394 lsst_hardware_y -54.69828614552128 52.06999969482422 30.059999465942383 AB 6.365005539164952 1.013092282705018
62581.3302 lsst_hardware_z 133.07793650378258 66.80999755859375 30.989999771118164 AB 4.136330409060216 1.0536408097969092
62581.3483 lsst_hardware_y 30.130424544119244 55.43000030517578 30.059999465942383 AB 5.986915215197263 1.0284587013437658
62583.3904 lsst_hardware_y 82.92102828779765 83.81999969482422 30.81999969482422 AB 6.449290358317057 1.0160362911881933
62590.1987 lsst_hardware_z 38.64209326653834 69.12999725341797 31.639999389648438 AB 10.809055974439998 1.594040526640695
62590.2159 lsst_hardware_r -17.0749926740575 25.489999771118164 31.420000076293945 AB 9.206002261765013 1.4341056592218377
62592.294 lsst_hardware_u -1.5018648714438914 2.7300000190734863 28.399999618530273 AB 5.417355904797226 1.0650982363818582
62592.3124 lsst_hardware_r 21.21854369783907 24.200000762939453 31.5 AB 5.235599033106284 1.0353001301355427
62595.3623 lsst_hardware_r 16.26209348622874 24.200000762939453 31.520000457763672 AB 7.8294394828577465 1.0188391796899854
62595.3815 lsst_hardware_u 1.850233068888142 2.809999942779541 28.469999313354492 AB 8.528095495297697 1.0382706431651432
62599.3256 lsst_hardware_r -20.800386542585006 24.09000015258789 31.510000228881836 AB 10.048092731229241 1.0123257921294857
62599.3429 lsst_hardware_i 9.099935392228607 31.229999542236328 31.260000228881836 AB 9.398645956271238 1.01427885423266
62601.319 lsst_hardware_r 13.679126751280426 24.110000610351562 31.520000457763672 AB 5.310523917622637 1.0125409061676223
62601.3354 lsst_hardware_g -0.6478063139159944 15.369999885559082 31.479999542236328 AB 4.815825997925203 1.0135380401820906
62603.3167 lsst_hardware_r -6.964775887529099 24.329999923706055 31.540000915527344 AB 6.706340166457705 1.0120486178914518
62603.3361 lsst_hardware_i -65.26774459693378 31.440000534057617 31.270000457763672 AB 6.907331287233999 1.0161949740312548
62605.3 lsst_hardware_i -23.76289448694801 31.3799991607666 31.270000457763672 AB 7.5131511833435285 1.0152907004518281
62605.3171 lsst_hardware_z -24.420151131264028 41.54999923706055 30.959999084472656 AB 7.421756198616142 1.0120001634383695
62613.315 lsst_hardware_i -59.113998728396005 66.48999786376953 31.34000015258789 AB 7.1338980802457055 1.0201484456235814
62613.3321 lsst_hardware_z -57.9504140387304 61.599998474121094 30.989999771118164 AB 7.174032577659001 1.037922319326622
62615.233 lsst_hardware_r 8.539027119948994 54.75 32.349998474121094 AB 8.58540700223114 1.0616087631306153
62615.2507 lsst_hardware_g 40.54319281344042 49.220001220703125 32.43000030517578 AB 8.740169412964342 1.0339317128901035
62619.2831 lsst_hardware_z -6.247491752419778 41.2599983215332 30.950000762939453 AB 2.83308802645096 1.0126610365009985
62619.3027 lsst_hardware_i -56.49955530558117 31.280000686645508 31.25 AB 2.968037408713092 1.0234611754183076
62621.265 lsst_hardware_r 21.82723026246021 24.329999923706055 31.530000686645508 AB 10.634472135491722 1.012421185785579
62621.282 lsst_hardware_u 0.42863882858248037 2.8399999141693115 28.5 AB 10.737136843276174 1.013957772910764
62628.2473 lsst_hardware_r -4.850753343826448 24.469999313354492 31.520000457763672 AB 6.90329647045062 1.0121888229198632
62628.2654 lsst_hardware_g -3.040420798443418 15.649999618530273 31.479999542236328 AB 7.505844468781946 1.014989110044888
62630.1372 lsst_hardware_z 7.011207015426147 44.66999816894531 30.93000030517578 AB 9.428091694474983 1.2405383808519714
62630.1541 lsst_hardware_i 6.301028989837366 32.790000915527344 31.239999771118164 AB 8.87081544192139 1.1672125581475514
62632.2574 lsst_hardware_z -76.22201455191586 41.540000915527344 30.950000762939453 AB 8.029968218624209 1.0164516732435707
62632.2774 lsst_hardware_g -3.141159160300133 15.800000190734863 31.479999542236328 AB 8.170713317350764 1.0342675085254132
62643.1825 lsst_hardware_r 90.82580347750849 65.61000061035156 32.380001068115234 AB 5.431059207243584 1.0249860104259407
62643.2051 lsst_hardware_i -19.634331076535023 61.84000015258789 32.060001373291016 AB 5.347108445525299 1.0123903651988575
62651.1643 lsst_hardware_g 12.466535508356253 22.690000534057617 32.25 AB 12.324517155981916 1.0217922196475264
62651.1901 lsst_hardware_r 14.115218853594149 34.900001525878906 32.27000045776367 AB 12.547668040896044 1.0119087129754873
62677.1182 lsst_hardware_r 30.147894185721302 24.170000076293945 31.510000228881836 AB 5.266184018822505 1.01188445887841
62677.1388 lsst_hardware_u 1.8928293741579787 2.700000047683716 28.389999389648438 AB 4.006081672523359 1.0190998912549882
62679.083 lsst_hardware_u -3.8183546043274434 2.740000009536743 28.43000030517578 AB 7.7224269019523115 1.026145223274021
62679.1027 lsst_hardware_g 9.891850086698158 15.260000228881836 31.459999084472656 AB 7.904641889260351 1.0134156268282501
62681.0914 lsst_hardware_r 11.37190550305884 33.9900016784668 32.2599983215332 AB 4.0179477342051335 1.0158303727132214
62681.1148 lsst_hardware_i -3.854556025347562 44.15999984741211 32.0099983215332 AB 3.9918301232259794 1.0128977729575932
62683.0771 lsst_hardware_z 25.686357785789664 41.22999954223633 30.950000762939453 AB 8.223277677485202 1.0216520906305382
62683.0984 lsst_hardware_r 24.90422620462402 23.969999313354492 31.510000228881836 AB 8.61343287416621 1.0120353512121276
62696.0554 lsst_hardware_z -14.503568221457995 81.4800033569336 31.0 AB 7.264570453318521 1.0137081427022303
62696.0758 lsst_hardware_r -82.93651816682411 122.55000305175781 31.670000076293945 AB 7.289689057486478 1.0134655871566343
62698.0411 lsst_hardware_y -141.10781553605793 74.94999694824219 30.809999465942383 AB 4.478034480764729 1.018062894666403
62710.0138 lsst_hardware_z 44.191854044371304 41.34000015258789 30.950000762939453 AB 4.567785856781087 1.0150635237291303
62710.0329 lsst_hardware_r 9.877147962176492 24.270000457763672 31.520000457763672 AB 4.555433638340455 1.012318586297879
62716.9999 lsst_hardware_r 49.383545605266335 25.610000610351562 31.530000686645508 AB 10.008086870344592 1.0131266181670064
62717.0184 lsst_hardware_i -36.25297722107842 31.969999313354492 31.260000228881836 AB 0.43730235242772025 1.013446934942573
62720.9793 lsst_hardware_y -34.10754413017006 54.95000076293945 30.06999969482422 AB 3.3842537076159815 1.0174381683926288
62720.9975 lsst_hardware_z 116.46365819594577 61.279998779296875 30.989999771118164 AB 3.437030763471022 1.011883443612666
62729.9675 lsst_hardware_y -26.136025738896922 71.98999786376953 30.079999923706055 AB 4.050274116217894 1.012399795755181
62729.9847 lsst_hardware_i -36.019954088194744 32.68000030517578 31.280000686645508 AB 4.064079565505575 1.0140762452396845
