data/validation/pwv_sim_epoch_fit_epoch/4278128.ecsv
# %ECSV 0.9
# ---
# datatype:
# - {name: time, datatype: float64}
# - {name: band, datatype: string}
# - {name: flux, datatype: float64}
# - {name: fluxerr, datatype: float64}
# - {name: zp, datatype: float64}
# - {name: zpsys, datatype: string}
# - {name: pwv, datatype: float64}
# - {name: airmass, datatype: float64}
# meta: {SNID: '4278128', alt: 1024.0, c: -0.09001859277486801, dec: -24.460293, lat: -30.244573, lon: -70.7499537, ra: 225.703125, t0: 62632.22265625,
#   x0: 4.7355132327076015e-06, x1: 0.739932119846344, z: 0.626700222492218}
# schema: astropy-2.0
time band flux fluxerr zp zpsys pwv airmass
62539.2986 lsst_hardware_i 28.84587974212821 35.02000045776367 31.190000534057617 AB 5.2246924074707675 1.4413938637067205
62539.3175 lsst_hardware_z -16.995365185915144 45.5099983215332 30.920000076293945 AB 4.717011572406306 1.3091900006678616
62541.3045 lsst_hardware_r -45.36111786971057 26.270000457763672 31.469999313354492 AB 7.422935503751445 1.3572747309840003
62541.3214 lsst_hardware_u -2.6975603160808967 2.7799999713897705 28.34000015258789 AB 6.892236954866235 1.2567901084730553
62543.3157 lsst_hardware_r -35.63509069132604 25.969999313354492 31.489999771118164 AB 4.762943418736878 1.258041050907812
62543.3342 lsst_hardware_i -15.102677468109981 33.220001220703125 31.25 AB 5.19519291136541 1.173922248642054
62546.305 lsst_hardware_z -4.484100480056641 45.2400016784668 30.93000030517578 AB 3.1819129051739377 1.2714089924775989
62546.3229 lsst_hardware_u -2.9523901557758983 2.7699999809265137 28.350000381469727 AB 3.129027091302862 1.1864359547407677
62548.2965 lsst_hardware_r 28.493914972683903 68.16999816894531 31.59000015258789 AB 6.393539048855106 1.2883056871402159
62548.3141 lsst_hardware_g -18.22393258834635 64.01000213623047 31.670000076293945 AB 6.13108981338993 1.200565871882105
62550.2965 lsst_hardware_r -6.264651814191874 86.23999786376953 31.600000381469727 AB 6.235594641070225 1.2585084295010291
62550.3147 lsst_hardware_i -8.904961334727549 66.73999786376953 31.309999465942383 AB 5.768551017320622 1.175456142092851
62557.3029 lsst_hardware_z -98.23526556641941 69.16999816894531 31.709999084472656 AB 10.333526272929094 1.1481695858810104
62561.2991 lsst_hardware_i -23.764503257380024 32.7400016784668 31.239999771118164 AB 4.6280096615176065 1.12448602774381
62561.3196 lsst_hardware_z 33.402579074636186 42.52000045776367 30.940000534057617 AB 4.415001833189644 1.0702602318749896
62566.2994 lsst_hardware_g -21.938862016053765 15.40999984741211 31.43000030517578 AB 7.800374087037456 1.0854959764872725
62566.319 lsst_hardware_r -36.33488686868679 24.360000610351562 31.510000228881836 AB 7.471115056784695 1.0451670068596783
62568.2032 lsst_hardware_u 1.0585096147516015 3.359999895095825 28.729999542236328 AB 17.126005574370012 1.5920800942986089
62568.2247 lsst_hardware_g -20.015037132917946 21.56999969482422 32.09000015258789 AB 15.120528656039314 1.4004595782133014
62571.2008 lsst_hardware_r -15.946339994312758 25.459999084472656 31.420000076293945 AB 13.632194789099495 1.533559612914432
62571.2209 lsst_hardware_i -20.808899068686944 33.75 31.209999084472656 AB 11.781109383994753 1.3689015987212698
62572.1982 lsst_hardware_z 28.940237071534824 47.79999923706055 30.899999618530273 AB 12.21557192625967 1.5323095742924926
62572.2202 lsst_hardware_r -19.13856888165194 25.25 31.450000762939453 AB 10.027228506037229 1.35503087919422
62575.2047 lsst_hardware_z 0.2180400069588652 51.81999969482422 30.920000076293945 AB 14.584830153009316 1.4071230248923603
62575.2265 lsst_hardware_r 51.25585300051285 42.529998779296875 31.549999237060547 AB 11.661623195687916 1.2677744410162435
62576.3355 lsst_hardware_r 9.717118697837302 24.100000381469727 31.520000457763672 AB 7.5583928755733565 1.0054731285474654
62576.3556 lsst_hardware_i -14.140836732680457 31.209999084472656 31.260000228881836 AB 7.631225964605054 1.0080546830824682
62582.2448 lsst_hardware_i 80.97482726091575 94.8499984741211 31.31999969482422 AB 6.472847505111067 1.1152070360564652
62582.263 lsst_hardware_r 295.81017302113054 115.44000244140625 31.649999618530273 AB 5.6423082727691325 1.068669590940679
62589.2569 lsst_hardware_r -17.21404605535409 24.0 31.520000457763672 AB 8.333362496166437 1.044019355570839
62589.2764 lsst_hardware_u -2.076649370367713 2.890000104904175 28.559999465942383 AB 8.069271499773336 1.0188474115875426
62591.1599 lsst_hardware_z 1.078361595324 46.38999938964844 30.90999984741211 AB 7.1224017357416844 1.4156326431288038
62591.1783 lsst_hardware_i -37.24705995798079 33.2599983215332 31.209999084472656 AB 6.164502835263427 1.292913292373698
62594.1464 lsst_hardware_r 9.923989862615574 25.030000686645508 31.420000076293945 AB 9.064285510483945 1.4582183897174763
62594.1652 lsst_hardware_u -0.36896809041487527 2.509999990463257 28.15999984741211 AB 8.29375076630197 1.3222927603813412
62596.1637 lsst_hardware_r -20.34777182339414 24.780000686645508 31.459999084472656 AB 9.14109769118909 1.2984206374644194
62596.1824 lsst_hardware_i -28.64095763062874 32.5099983215332 31.229999542236328 AB 8.89196360775898 1.2034191220308317
62598.165 lsst_hardware_z 16.699124446205683 44.34000015258789 30.93000030517578 AB 12.740040051983117 1.2608907414868487
62598.1844 lsst_hardware_u -3.063459340581049 2.6700000762939453 28.329999923706055 AB 12.020725165512925 1.172524889339953
62604.1529 lsst_hardware_i -5.727670010854171 42.39948806809943 31.260000228881836 AB 10.506205098840155 1.239061043597856
62604.1709 lsst_hardware_z 19.131508233585382 47.68419104626942 30.950000762939453 AB 11.513596753337188 1.1615230015976987
62606.1698 lsst_hardware_r 120.40986482845501 64.02448246115243 31.6299991607666 AB 11.343391861975508 1.1457971577753039
62606.1877 lsst_hardware_z 23.056590528599468 53.59962486423236 30.969999313354492 AB 10.808738411115728 1.0917917586985584
62607.2271 lsst_hardware_z 253.63417728570312 61.936499530279356 30.989999771118164 AB 16.64912432607209 1.0189962099959968
62607.2462 lsst_hardware_r 103.67846701529233 84.21916506595588 31.670000076293945 AB 16.410395426608247 1.006695524981719
62608.1569 lsst_hardware_i 240.8706890194301 94.48196491341004 31.31999969482422 AB 17.21932426968878 1.1732981922655206
62608.1754 lsst_hardware_r 113.48640003558545 118.35317713059386 31.649999618530273 AB 15.177759242416883 1.1105406630875099
62614.1295 lsst_hardware_r 772.3437569913158 45.301791719380205 31.549999237060547 AB 6.459445494040578 1.2203751169545773
62614.1554 lsst_hardware_z 321.72389001473994 51.82151301951787 30.959999084472656 AB 5.9976873462770115 1.1213774602742848
62616.1655 lsst_hardware_z 527.5967669688363 47.30489608178522 30.950000762939453 AB 15.252478442811684 1.0792038851733239
62616.1851 lsst_hardware_r 845.4892870814623 38.694180298030425 31.510000228881836 AB 13.213014083022406 1.0409412355322063
62620.1539 lsst_hardware_r 1305.6279799902563 44.015612444882336 31.510000228881836 AB 9.023700407805592 1.0808121221470346
62620.1722 lsst_hardware_z 758.7867083325211 48.89030774326658 30.950000762939453 AB 10.224393288550742 1.0441222679528959
62623.1571 lsst_hardware_g 521.1677951715536 28.19992761038222 31.5 AB 7.870505362438657 1.0563964067520903
62623.1768 lsst_hardware_r 1707.7273336582748 47.421567627930884 31.540000915527344 AB 8.113684662939512 1.0260745700840357
62625.0591 lsst_hardware_r 1542.1385538008192 47.375350627867434 31.43000030517578 AB 16.183321462094252 1.4809945819743102
62625.077 lsst_hardware_g 498.6652382015691 27.447684722947788 31.3799991607666 AB 14.788428432599252 1.345054732530856
62627.0618 lsst_hardware_r 1749.29643337441 48.43566155603348 31.459999084472656 AB 5.113807586002193 1.4141841087739109
62627.0812 lsst_hardware_i 1368.2297580609768 49.25307887572282 31.229999542236328 AB 4.656318177736228 1.2861277047493322
62630.0938 lsst_hardware_g 444.6082128373852 28.553936150670335 31.459999084472656 AB 10.228222347021196 1.185468514953778
62630.1087 lsst_hardware_i 1374.6725307030244 49.29454702825093 31.239999771118164 AB 9.660290053116793 1.1309166533735417
62631.0407 lsst_hardware_i 1327.6317513746053 51.72343215448452 31.190000534057617 AB 11.348935044292585 1.498934803772024
62631.0618 lsst_hardware_z 951.8518334915691 55.74202299952125 30.920000076293945 AB 9.758062591568134 1.3373621039632884
62633.0733 lsst_hardware_z 1945.613984049213 80.74165378354502 31.690000534057617 AB 14.180739163474195 1.2411482353922538
62637.04 lsst_hardware_y 346.13880023851897 75.3345044235396 29.950000762939453 AB 7.277129126423954 1.373820865853116
62637.06 lsst_hardware_r 1651.4128990540573 154.89726183091915 31.610000610351562 AB 6.268389656894549 1.253176660714663
62639.0738 lsst_hardware_z 2030.1639308269268 147.23669300398888 31.739999771118164 AB 9.732501780774376 1.1673398905454633
62644.0642 lsst_hardware_i 1068.95883723331 45.857683528229686 31.239999771118164 AB 2.188658310471407 1.1523297527928231
62644.0846 lsst_hardware_z 864.3961615832877 51.492043667753805 30.940000534057617 AB 2.8046935620166904 1.090118635233539
62649.0263 lsst_hardware_r 1727.2001587105533 55.0899141303869 32.22999954223633 AB 8.893001186025574 1.2580281773978743
62649.0579 lsst_hardware_u -1.6542388248561872 3.981605878756862 29.15999984741211 AB 8.32155455622275 1.1274546084980976
62652.0505 lsst_hardware_z 1437.6943347863642 71.01040353924084 31.690000534057617 AB 10.25982669886634 1.1249501602331449
62652.0778 lsst_hardware_u 2.119304545285254 3.9886672581644524 29.149999618530273 AB 9.696381104022391 1.056624742313189
62654.0501 lsst_hardware_g 111.79112534087174 18.360875676732007 31.43000030517578 AB 11.733804182474882 1.109684526430346
62654.0707 lsst_hardware_r 644.2134087542379 34.8262806790484 31.5 AB 11.231244616284146 1.0598179997751773
62655.0436 lsst_hardware_i 672.6130323707154 41.03054724711882 31.239999771118164 AB 10.080263406970078 1.1209322406349451
62655.0629 lsst_hardware_z 674.1643817934622 48.63445719142383 30.940000534057617 AB 9.58046469935526 1.0703831852248582
62657.045 lsst_hardware_i 600.0573244535088 40.15138764705728 31.239999771118164 AB 10.460778937983536 1.100980101527877
62657.0641 lsst_hardware_u 1.2646239069964305 3.115026582288779 28.420000076293945 AB 10.046378456468865 1.0567163497504197
62675.9534 lsst_hardware_y 217.78614873968903 70.14047545271711 30.0 AB 5.61767178379658 1.2537580234628913
62675.9718 lsst_hardware_g 30.16064423421582 16.31260059012289 31.440000534057617 AB 5.444597497052825 1.1710910551109728
62677.9562 lsst_hardware_z 343.4284392709449 58.59598043334396 30.950000762939453 AB 6.123283853460693 1.2137331721430022
62677.9773 lsst_hardware_i 218.6053244562106 35.531631417568 31.239999771118164 AB 6.963620412971678 1.132019899694818
62679.9566 lsst_hardware_y 93.02895280780218 61.77267362233539 30.010000228881836 AB 8.383238851993028 1.1882691498217803
62679.976 lsst_hardware_r 131.5397575862519 26.746934701044033 31.489999771118164 AB 7.14178503758384 1.1189051420608151
62685.959 lsst_hardware_y 129.87586819238084 57.31193227309753 30.030000686645508 AB 9.21095506240663 1.120792755441435
62685.9789 lsst_hardware_z 230.32294531762744 44.757889729266466 30.940000534057617 AB 8.79520618232363 1.0689794006794444
62687.9606 lsst_hardware_y 75.09925712418857 55.9461046616846 30.040000915527344 AB 7.204268420711862 1.1003082734955114
62687.9817 lsst_hardware_u 8.819710025195324 3.888182872274682 28.639999389648438 AB 6.894992792217498 1.052509966755822
62693.9647 lsst_hardware_y 45.13617336716757 62.5861480587574 30.059999465942383 AB 11.171277482608316 1.053645600811914
62693.9847 lsst_hardware_r 83.37352507870541 95.94265824158468 31.670000076293945 AB 10.858781477406248 1.0240430169032817
62912.3137 lsst_hardware_z -101.58901124834809 51.58000183105469 30.950000762939453 AB 4.871265467360753 1.2176895241814194
62912.3318 lsst_hardware_g -80.37246276883579 39.27000045776367 31.649999618530273 AB 4.555762595555652 1.1450235866932208
62917.293 lsst_hardware_i -28.628946221182186 33.779998779296875 31.229999542236328 AB 4.524846694098447 1.2519751055840758
62917.3137 lsst_hardware_z -29.063135697790976 43.779998779296875 30.940000534057617 AB 4.2263265272307216 1.1610255557613813
62919.3178 lsst_hardware_u -2.3050261148505657 2.8399999141693115 28.43000030517578 AB 12.543633406426064 1.1279992272139623
62919.3376 lsst_hardware_g 4.553121264401931 16.040000915527344 31.469999313354492 AB 10.040268374670895 1.0742850818179857
62921.2951 lsst_hardware_g 9.596675022823531 15.979999542236328 31.420000076293945 AB 11.818109824464704 1.1914217848442137
62921.3146 lsst_hardware_r 9.518319080641207 25.290000915527344 31.510000228881836 AB 11.110747624406002 1.1209107543096706
62923.3229 lsst_hardware_r 14.221529898837831 25.100000381469727 31.520000457763672 AB 7.114821009688876 1.0831453886667324
62923.3404 lsst_hardware_u 2.2362904308687885 2.880000114440918 28.5 AB 6.97101455889156 1.0470919352446955
62925.3192 lsst_hardware_g -25.124015734804136 15.770000457763672 31.459999084472656 AB 5.635854371959305 1.078942159846713
62925.3398 lsst_hardware_r 0.6543485959583923 24.709999084472656 31.520000457763672 AB 4.924334332161557 1.0392179660570975
62927.2992 lsst_hardware_r -2.014260641161644 24.989999771118164 31.510000228881836 AB 3.768311986284011 1.1179170293055163
62927.3188 lsst_hardware_i 34.22145551277833 32.040000915527344 31.260000228881836 AB 3.688556741053583 1.0675996356160877
62929.3232 lsst_hardware_r -18.32749101260116 24.530000686645508 31.510000228881836 AB 7.5765122340473905 1.048507090236318
62929.3442 lsst_hardware_u 2.0201328464232793 2.7799999713897705 28.450000762939453 AB 7.363640070885929 1.0199653813818435
62939.2134 lsst_hardware_i 95.27669461445203 74.79000091552734 31.270000457763672 AB 15.262443003423034 1.3689619771806933
62939.2323 lsst_hardware_z 60.26949151706658 68.83999633789062 30.959999084472656 AB 14.001421740606867 1.2552638093932194
62941.2128 lsst_hardware_r 38.29807386407161 39.52000045776367 31.530000686645508 AB 11.086026545003742 1.3364709517786142
62941.2343 lsst_hardware_g 10.745352321094483 34.0 31.600000381469727 AB 10.163862882534367 1.2187373055518893
62942.3387 lsst_hardware_i -61.583721645378255 33.849998474121094 31.280000686645508 AB 8.86299510717396 1.0049127072648842
62942.3574 lsst_hardware_r 15.045204341081181 29.309999465942383 31.56999969482422 AB 8.944169428130502 1.0099939129141864
62943.2489 lsst_hardware_z 19.704994685942783 43.459999084472656 30.950000762939453 AB 6.720641894088523 1.1390918464556818
62943.2663 lsst_hardware_r 4.129235665716067 25.260000228881836 31.520000457763672 AB 6.9216498768142305 1.0880816197046055
62946.2499 lsst_hardware_u 3.8263657874371533 2.869999885559082 28.510000228881836 AB 6.315987045789885 1.11029173270261
62946.2683 lsst_hardware_g 22.525699294232826 15.289999961853027 31.469999313354492 AB 4.872636866935965 1.0647081540338612
62952.2608 lsst_hardware_r 42.13536854833555 24.040000915527344 31.520000457763672 AB 7.252256893887482 1.047824727309029
62952.2786 lsst_hardware_i -28.528614377043283 31.15999984741211 31.270000457763672 AB 7.065122284213984 1.0228807071311794
62954.2594 lsst_hardware_z 11.281724110174128 41.79999923706055 30.959999084472656 AB 8.312310065083853 1.0411210001357631
62954.28 lsst_hardware_r 11.443643530256699 24.149999618530273 31.540000915527344 AB 8.128763073201835 1.0162224119517234
62956.2601 lsst_hardware_u -0.40984904961140683 2.819999933242798 28.5 AB 4.68991795388496 1.0321122257669542
62956.2781 lsst_hardware_r 36.78721227642928 23.969999313354492 31.520000457763672 AB 4.588356151213611 1.0133854897495864
62958.1487 lsst_hardware_z -1.4753770004432867 51.349998474121094 30.90999984741211 AB 12.30788296776791 1.4677577923520253
62958.1659 lsst_hardware_i -57.27710025664374 42.72999954223633 31.239999771118164 AB 11.205239105048742 1.3396185193434793
62960.1633 lsst_hardware_z -105.20464912852782 54.060001373291016 30.93000030517578 AB 7.895727990225062 1.3214791821740992
62960.1805 lsst_hardware_r 41.01834905069115 57.619998931884766 31.59000015258789 AB 5.57716717374821 1.2277748318653188
62962.1482 lsst_hardware_r 73.22179941339292 96.55999755859375 31.579999923706055 AB 16.055295528094753 1.3859889095385478
62962.1654 lsst_hardware_i -22.333755207579063 75.26000213623047 31.290000915527344 AB 14.809439886766805 1.2772263809199487
62968.1563 lsst_hardware_r 46.80385778437291 67.4800033569336 31.600000381469727 AB 7.807000740020499 1.2392064666699205
62968.1742 lsst_hardware_i -36.64031021176813 58.95000076293945 31.309999465942383 AB 7.553043381867021 1.1620066741333879
