data/validation/pwv_sim_epoch_fit_epoch/43099777.ecsv
# %ECSV 0.9
# ---
# datatype:
# - {name: time, datatype: float64}
# - {name: band, datatype: string}
# - {name: flux, datatype: float64}
# - {name: fluxerr, datatype: float64}
# - {name: zp, datatype: float64}
# - {name: zpsys, datatype: string}
# - {name: pwv, datatype: float64}
# - {name: airmass, datatype: float64}
# meta: {SNID: '43099777', alt: 1024.0, c: -0.12217042595148087, dec: 1.64151, lat: -30.244573, lon: -70.7499537, ra: 306.914062, t0: 62371.96484375,
#   x0: 4.5864884102334755e-06, x1: 0.42049574851989746, z: 0.6347617506980896}
# schema: astropy-2.0
time band flux fluxerr zp zpsys pwv airmass
62262.4036 lsst_hardware_g 19.416837246480515 31.209999084472656 31.600000381469727 AB 3.2116914960880214 1.1913907061441236
62262.4229 lsst_hardware_y 17.835602690641256 54.72999954223633 30.010000228881836 AB 2.769465985249857 1.1792488759846103
62267.4051 lsst_hardware_r 5.882650734765037 24.350000381469727 31.489999771118164 AB 8.97060149732155 1.1803423022791513
62267.423 lsst_hardware_z -50.04938354763486 46.33000183105469 30.950000762939453 AB 7.929693192229193 1.1815083352796234
62269.4018 lsst_hardware_z 19.726350851441865 43.650001525878906 30.940000534057617 AB 7.740621543798408 1.1796730826210426
62269.4191 lsst_hardware_y 16.549191065974238 49.810001373291016 30.0 AB 7.5935643832353685 1.1823377786275675
62271.4017 lsst_hardware_u 6.133824627504282 3.9200000762939453 29.18000030517578 AB 8.989864781607789 1.1789728899837542
62271.4208 lsst_hardware_y 22.864031950924446 71.30000305175781 30.760000228881836 AB 9.043704690042121 1.1876561528667549
62278.3669 lsst_hardware_z 24.17783823088115 43.36000061035156 30.940000534057617 AB 4.988492064478261 1.1849149796860476
62278.3864 lsst_hardware_r -5.172913076068176 23.920000076293945 31.479999542236328 AB 4.824167735707183 1.179310887151365
62281.3546 lsst_hardware_y 66.40557204883459 50.5 29.989999771118164 AB 8.754363462276014 1.1884423502156058
62281.3755 lsst_hardware_g -4.2236871167301775 14.40999984741211 31.3799991607666 AB 9.228066358398898 1.1790042619648522
62284.3622 lsst_hardware_r -11.588024698476154 95.80999755859375 31.6200008392334 AB 10.633065958211901 1.1793769433269847
62284.3815 lsst_hardware_i -54.24300129957478 75.41999816894531 31.309999465942383 AB 11.052803998987162 1.1845251311743015
62287.3289 lsst_hardware_r -101.52203569617755 99.02999877929688 31.6200008392334 AB 8.864017167645237 1.1995692666427153
62287.3505 lsst_hardware_z 80.79487272037339 73.16000366210938 30.969999313354492 AB 8.388488428555736 1.180355074901421
62290.3165 lsst_hardware_g 8.03795512031964 45.459999084472656 31.6299991607666 AB 11.41083637770643 1.2060601271191893
62290.3412 lsst_hardware_i -56.0952143919107 46.689998626708984 31.280000686645508 AB 12.493425404044716 1.1807879594582575
62301.2873 lsst_hardware_r 10.599844981263349 23.700000762939453 31.469999313354492 AB 14.989432155091219 1.204712311872737
62301.3077 lsst_hardware_z 25.48139310628505 43.15999984741211 30.93000030517578 AB 14.535703673781564 1.1825256369979238
62305.2926 lsst_hardware_g -9.481060226943995 14.4399995803833 31.399999618530273 AB 5.506116912149686 1.1853857722604275
62305.3132 lsst_hardware_r 13.85824496108215 23.68000030517578 31.479999542236328 AB 5.496131749251157 1.1794274140023941
62307.2968 lsst_hardware_i 1.9794186006283037 32.029998779296875 31.229999542236328 AB 4.266017777470931 1.1800607023731857
62307.317 lsst_hardware_z 33.24569510221931 43.47999954223633 30.940000534057617 AB 4.2873267946950175 1.1833637302497977
62309.2945 lsst_hardware_r -34.061198492071306 41.13999938964844 31.56999969482422 AB 2.358586879807364 1.179293439903682
62309.3149 lsst_hardware_z 29.52653581242039 47.369998931884766 30.940000534057617 AB 2.371636174962874 1.185818087481437
62311.294 lsst_hardware_z 3.741102957576833 59.459999084472656 30.969999313354492 AB 4.04944447941641 1.1790492005871045
62311.3143 lsst_hardware_i -172.10109974861854 63.33000183105469 31.299999237060547 AB 4.083889705554766 1.1903491976356249
62313.2971 lsst_hardware_z -68.549681727071 81.11000061035156 30.979999542236328 AB 6.5297268381778455 1.1813877221321294
62313.3186 lsst_hardware_r 29.587867770901035 121.36000061035156 31.6200008392334 AB 6.622547370010983 1.203042302826808
62318.2309 lsst_hardware_r 29.736236878988514 65.72000122070312 31.600000381469727 AB 9.459435619379507 1.2234929340204523
62318.2513 lsst_hardware_y -1.4685029036458406 53.31999969482422 30.0 AB 9.715247713645816 1.1907886558644163
62320.3001 lsst_hardware_g 1.7455759217681233 33.720001220703125 31.600000381469727 AB 7.748980659357327 1.2040056959846879
62320.3153 lsst_hardware_r 33.97010596931206 38.15999984741211 31.549999237060547 AB 7.963475656884296 1.2344241078178764
62324.278 lsst_hardware_i 47.119124601206444 32.060001373291016 31.229999542236328 AB 1.896003045274737 1.1895245748573275
62324.2986 lsst_hardware_z 24.640312432824512 43.83000183105469 30.93000030517578 AB 1.8286428844443046 1.2213343693065986
62326.26 lsst_hardware_r -8.71589465040512 23.93000030517578 31.479999542236328 AB 2.4794488630937837 1.1806899348065636
62326.2791 lsst_hardware_u -2.9258823244743497 2.7300000190734863 28.389999389648438 AB 2.514224235306956 1.1972496358604552
62329.2505 lsst_hardware_g -14.713699296987457 14.510000228881836 31.389999389648438 AB 8.953649473275654 1.1802081952515195
62329.2713 lsst_hardware_i 29.892249766749416 32.2599983215332 31.229999542236328 AB 9.079178625929393 1.1977808213627166
62331.2091 lsst_hardware_r -16.161213627612884 24.110000610351562 31.479999542236328 AB 7.873298992883855 1.1991317161391835
62331.2314 lsst_hardware_z 7.4538088739834905 43.36000061035156 30.940000534057617 AB 7.6289407299602985 1.180037235879491
62333.2061 lsst_hardware_r -10.55264477940241 24.040000915527344 31.479999542236328 AB 3.698337257774807 1.1958086679410902
62333.2255 lsst_hardware_u -0.5027423356530591 2.630000114440918 28.309999465942383 AB 3.352301959527802 1.1801802357077282
62335.2138 lsst_hardware_g 15.243290800608492 14.630000114440918 31.389999389648438 AB 2.411361080218071 1.1831997449548926
62335.2349 lsst_hardware_r -27.65359617222101 24.0 31.479999542236328 AB 2.4052487488057768 1.180490183462958
62344.1723 lsst_hardware_r 110.82606835809706 133.75808337324503 31.6200008392334 AB 3.7211944159946353 1.201031011079495
62344.1934 lsst_hardware_i -179.53620273455567 106.8808729117589 31.309999465942383 AB 3.638400024136885 1.1809791801363976
62346.1661 lsst_hardware_z 31.801238125390867 62.193912974144176 30.969999313354492 AB 4.935594327646679 1.2021419974782852
62346.1889 lsst_hardware_r 45.95164114713477 77.30875974660678 31.6200008392334 AB 4.895497391972467 1.1805861877747106
62349.1728 lsst_hardware_u 4.860927246357894 4.104681515676344 28.520000457763672 AB 5.3788275082174115 1.1851553394770686
62349.1925 lsst_hardware_g 113.43683328098665 26.264192388074747 31.549999237060547 AB 5.540572204732642 1.1793469997302344
62353.146 lsst_hardware_r 601.7807228015458 33.57344648699349 31.469999313354492 AB 2.435031671174494 1.20367358931018
62353.1629 lsst_hardware_u 4.021023143437436 3.4695760679521226 28.25 AB 2.4078796558842614 1.1843972729386432
62355.1582 lsst_hardware_g 204.7071644965177 21.427171280555996 31.43000030517578 AB 3.1475025163050376 1.1838650387305807
62355.1755 lsst_hardware_r 690.5074697047866 36.78311895074928 31.5 AB 3.3098625738861958 1.1792509393021096
62357.1721 lsst_hardware_i 670.641165137195 41.93362649334304 31.239999771118164 AB 4.466664829814436 1.1796548618476843
62357.1932 lsst_hardware_z 401.0681933478937 49.179933515285114 30.940000534057617 AB 4.526995220935265 1.1956145490629277
62361.1304 lsst_hardware_z 609.4820214058293 50.94427069565235 30.940000534057617 AB 3.9418838974173553 1.1948723544763127
62361.1491 lsst_hardware_r 1354.1665793624093 44.4671025491061 31.489999771118164 AB 3.957137381389358 1.1801781632536112
62363.1325 lsst_hardware_z 746.9871364622145 51.368903465604994 30.940000534057617 AB 4.030589081286958 1.1868636870691867
62363.1544 lsst_hardware_g 498.3603819466012 27.52966710157568 31.420000076293945 AB 3.992187435168172 1.1793759040378649
62365.1278 lsst_hardware_r 1649.9379502865752 54.49701424261871 31.559999465942383 AB 4.979340122721787 1.1862161810660972
62365.1475 lsst_hardware_z 866.0249997435525 53.6610508912889 30.950000762939453 AB 5.067263655825415 1.1791646732451322
62368.1086 lsst_hardware_r 3682.166765450302 127.54760730671782 32.36000061035156 AB 2.516678289335431 1.1984182330168718
62368.1281 lsst_hardware_y 649.7692100976137 81.65956723549692 30.75 AB 2.2109260534490423 1.1808925375612458
62370.1409 lsst_hardware_z 966.9696308547077 98.67775798546604 30.979999542236328 AB 2.3889809947650797 1.1811533079469114
62370.1587 lsst_hardware_r 1689.590655944334 144.0311425033067 31.6200008392334 AB 2.4174773656271644 1.196919106635556
62377.0822 lsst_hardware_u 3.703418076469862 2.7754821719557476 28.290000915527344 AB 6.725825437985033 1.2010402567830416
62377.0996 lsst_hardware_g 319.6842222402108 22.635066956765296 31.3799991607666 AB 5.899333210540019 1.1829225252983577
62379.0815 lsst_hardware_r 1263.720535041467 43.54314168947951 31.469999313354492 AB 4.642401411698713 1.1945709647343101
62379.0971 lsst_hardware_z 952.9022003171783 52.6636573619685 30.93000030517578 AB 3.930466058278772 1.1813252692317104
62381.0884 lsst_hardware_r 1250.0177641722146 42.27366321041501 31.469999313354492 AB 3.4565135696407463 1.1830960048971015
62384.0564 lsst_hardware_u 1.1832742817264026 2.70885973269138 28.309999465942383 AB 1.4218370734072376 1.212137317482726
62384.0749 lsst_hardware_g 181.30724641395204 19.478584515524656 31.389999389648438 AB 1.4109670494280215 1.1870998102177843
62386.0552 lsst_hardware_r 951.2095224887413 39.02570731126425 31.469999313354492 AB 2.6091790821294754 1.2047925575478569
62386.0737 lsst_hardware_i 984.0425777379302 44.11146672061957 31.229999542236328 AB 2.5139501565512847 1.1837781305374122
62388.0539 lsst_hardware_z 698.8872591362917 51.02429306715589 30.93000030517578 AB 3.0499088308379934 1.1985494488490935
62388.0715 lsst_hardware_r 868.4375739268808 37.6101202730723 31.469999313354492 AB 3.029628781393265 1.181832955487913
62394.0543 lsst_hardware_r 602.6083844806308 44.50503389350293 31.559999465942383 AB 1.401290108779721 1.1822738736804228
62394.0727 lsst_hardware_z 568.8272629468956 52.65820896436481 30.940000534057617 AB 1.4056312427327358 1.180128378422605
62398.0225 lsst_hardware_z 2514.9747137065137 180.8553383625031 32.720001220703125 AB 7.107663314232722 1.2046886973275799
62402.0318 lsst_hardware_z 474.70244341030224 70.3122940140968 30.969999313354492 AB 1.7739752431229205 1.182650162081947
62402.0508 lsst_hardware_r 271.4364553579007 96.50989567602645 31.6299991607666 AB 1.6436980388927722 1.180111072556735
62405.0288 lsst_hardware_u -0.10084769517010647 3.0563467867881924 28.389999389648438 AB 3.9329630413209453 1.1802429852918712
62405.0474 lsst_hardware_g 30.598877651510353 15.71794343516315 31.399999618530273 AB 3.4653105242469264 1.182195488016009
62408.0261 lsst_hardware_r 244.72782609913762 27.812158299770417 31.469999313354492 AB 4.011404164592735 1.1791022651589178
62408.0465 lsst_hardware_z 473.0556616846889 47.559428819053565 30.93000030517578 AB 4.0158295901720304 1.1875004332585655
62409.9945 lsst_hardware_y 176.6065914009731 53.4635862976607 29.989999771118164 AB 3.783711302899373 1.1976296590734459
62410.0136 lsst_hardware_r 204.9030711528693 27.296160645715716 31.459999084472656 AB 7.200577468129257 1.180825823266841
62414.9954 lsst_hardware_y 109.51806165307 54.66194354693829 30.0 AB 3.9428249226747285 1.1832024375336787
62415.0136 lsst_hardware_i 201.21317793611976 35.42215818506857 31.229999542236328 AB 4.013222254558057 1.1796366700476837
62416.9948 lsst_hardware_y 129.25799304857216 57.17190277772339 30.010000228881836 AB 5.293463171594864 1.1806981051885543
62417.0143 lsst_hardware_r 157.32934385844965 26.536091540740248 31.479999542236328 AB 5.3826028800045815 1.1820154553949123
62626.4015 lsst_hardware_r -4.450923882006657 24.3700008392334 31.489999771118164 AB 8.124638806823551 1.1983095793055962
62626.4199 lsst_hardware_z -75.18676639990223 45.209999084472656 30.940000534057617 AB 6.497667267595081 1.1813403513649527
62630.3366 lsst_hardware_i -3.418864744138001 33.59000015258789 31.209999084472656 AB 10.582975170423577 1.360891811280599
62630.3652 lsst_hardware_y 18.91661514235197 49.630001068115234 29.989999771118164 AB 9.723660142252495 1.2510740316192466
62632.423 lsst_hardware_r 34.85681567925411 26.020000457763672 31.5 AB 7.9278173926775946 1.1812288449195552
62635.3763 lsst_hardware_g -11.787569597367211 20.559999465942383 32.119998931884766 AB 9.738264714081778 1.1991952279059739
62635.3987 lsst_hardware_y 11.481871599669622 48.86000061035156 29.989999771118164 AB 9.603268053847069 1.18002843234722
62640.3196 lsst_hardware_z -109.40890796450833 97.08999633789062 31.709999084472656 AB 9.610495888347632 1.3141210663314182
62640.3512 lsst_hardware_r -54.39667953079127 129.47999572753906 32.369998931884766 AB 10.068888962151043 1.2188954437273671
62643.386 lsst_hardware_z 84.0083902679282 63.099998474121094 30.969999313354492 AB 4.893664586254566 1.179196285844415
62643.4061 lsst_hardware_r 129.28976860103623 74.5999984741211 31.610000610351562 AB 4.9926406593671695 1.191466230061372
62645.3571 lsst_hardware_i 15.147234764943748 41.689998626708984 31.260000228881836 AB 8.117884871601387 1.189404635530471
62645.3779 lsst_hardware_z 5.023482803575604 48.18000030517578 30.940000534057617 AB 7.824830360839924 1.1790301899809026
62647.371 lsst_hardware_r -2.655867018259891 26.59000015258789 31.510000228881836 AB 6.761434772521799 1.17908008937515
62647.3901 lsst_hardware_u -4.1804777324086775 3.509999990463257 28.549999237060547 AB 6.554270556354026 1.1865080659583682
62651.3677 lsst_hardware_g 12.999514685208654 14.479999542236328 31.399999618530273 AB 14.476379730024586 1.179947269197244
62651.3894 lsst_hardware_r -60.16947386805354 23.850000381469727 31.469999313354492 AB 15.45855095306493 1.1978111129270081
62653.3201 lsst_hardware_r 21.026484570761653 23.93000030517578 31.469999313354492 AB 8.258932115497092 1.2105137945325033
62653.3397 lsst_hardware_i 8.95880859765143 32.150001525878906 31.229999542236328 AB 7.939441908921623 1.1854336556807201
62656.3369 lsst_hardware_z -116.44168720113747 43.0099983215332 30.93000030517578 AB 14.267963052555555 1.1819054881175908
62656.3563 lsst_hardware_r -12.184138292372358 23.649999618530273 31.469999313354492 AB 14.223156074838545 1.1807368483179932
62677.3137 lsst_hardware_z -84.73397595988634 43.75 30.93000030517578 AB 4.7917901445108155 1.1919628891219045
62677.3351 lsst_hardware_r -8.093013330162501 24.75 31.469999313354492 AB 4.4438284095853415 1.228029221513986
62679.2686 lsst_hardware_u 1.5905204892820102 2.5399999618530273 28.239999771118164 AB 8.524447434347234 1.1855427334403459
62679.2913 lsst_hardware_g -0.5431200215302446 14.220000267028809 31.3700008392334 AB 8.450228667947547 1.1799797990990213
62681.2538 lsst_hardware_g -3.1679504777868583 14.329999923706055 31.3799991607666 AB 3.2423092249857963 1.1951010781372478
62681.2725 lsst_hardware_r 10.646672551632362 23.59000015258789 31.469999313354492 AB 3.2976432401381874 1.180258854738077
62683.2494 lsst_hardware_i 41.99729663369035 31.969999313354492 31.229999542236328 AB 9.106285931365623 1.1937973166446805
62683.2711 lsst_hardware_z 3.983044876196415 43.02000045776367 30.940000534057617 AB 9.661818616380248 1.1792772630758268
62687.2532 lsst_hardware_r -25.506704928988707 23.739999771118164 31.469999313354492 AB 4.692351958975914 1.1814566409507128
62687.2737 lsst_hardware_u -2.379859361725782 2.630000114440918 28.309999465942383 AB 4.721295439411344 1.181677865740664
62689.2499 lsst_hardware_g -2.3182486560144424 14.479999542236328 31.389999389648438 AB 2.124961937898814 1.1805344099437856
62689.2729 lsst_hardware_i -50.994220411308206 32.029998779296875 31.229999542236328 AB 1.8749279910838463 1.1845391119830555
62696.2131 lsst_hardware_r 23.961868576660876 124.22000122070312 31.6200008392334 AB 7.737781946859483 1.1947935837652166
62696.2343 lsst_hardware_z -24.85226108702584 83.43000030517578 30.979999542236328 AB 7.695850785722727 1.1795160537540421
62698.198 lsst_hardware_r 13.546474513488606 152.97000122070312 31.6200008392334 AB 3.7276671816622686 1.2092019079271004
62700.0614 lsst_hardware_z -5.842261107338211 95.93000030517578 31.540000915527344 AB 5.22494059548335 2.4048514554234504
