data/validation/pwv_sim_epoch_fit_epoch/4316147.ecsv
# %ECSV 0.9
# ---
# datatype:
# - {name: time, datatype: float64}
# - {name: band, datatype: string}
# - {name: flux, datatype: float64}
# - {name: fluxerr, datatype: float64}
# - {name: zp, datatype: float64}
# - {name: zpsys, datatype: string}
# - {name: pwv, datatype: float64}
# - {name: airmass, datatype: float64}
# meta: {SNID: '4316147', alt: 1024.0, c: -0.010868236422538757, dec: -27.447618, lat: -30.244573, lon: -70.7499537, ra: 158.554688, t0: 60057.16015625,
#   x0: 0.00019902330236924848, x1: -0.8171554207801819, z: 0.12319750338792801}
# schema: astropy-2.0
time band flux fluxerr zp zpsys pwv airmass
59926.234 lsst_hardware_g -31.883819690334853 60.97999954223633 31.420000076293945 AB 18.86209140554391 1.7376808683335783
59926.258 lsst_hardware_r 84.80284166357505 62.43000030517578 31.530000686645508 AB 15.652210202860413 1.4820063630034006
59928.2393 lsst_hardware_i -17.016953190199292 60.47999954223633 31.219999313354492 AB 12.989722519291975 1.6100512581033712
59928.2612 lsst_hardware_r 123.86973555997056 63.369998931884766 31.559999465942383 AB 11.530788500260215 1.4119845845805739
59932.2456 lsst_hardware_r 68.58347057258194 62.939998626708984 31.549999237060547 AB 7.494082704362612 1.4486217956532281
59932.266 lsst_hardware_i 67.6596760499677 62.13999938964844 31.280000686645508 AB 5.705719782413269 1.3067032594556895
59934.2452 lsst_hardware_z -60.219724229414346 69.9800033569336 30.940000534057617 AB 8.313813625850129 1.40912095353392
59934.2677 lsst_hardware_r 38.5625379190162 64.9000015258789 31.59000015258789 AB 6.817360333807794 1.266500356158415
59936.2467 lsst_hardware_u -8.668359887740447 18.299999237060547 29.18000030517578 AB 9.14431853854293 1.3596488794206159
59936.2673 lsst_hardware_g 18.748761506351112 67.19999694824219 31.649999618530273 AB 8.311980740310727 1.2405941403448846
59938.2482 lsst_hardware_r 49.48827145751059 63.720001220703125 31.56999969482422 AB 8.719784899859452 1.3152013423618054
59938.2682 lsst_hardware_z -68.68886918582398 70.6500015258789 30.969999313354492 AB 7.644021470015611 1.2107103326142672
59941.2419 lsst_hardware_r 83.81550749994793 90.69000244140625 32.34000015258789 AB 7.921317420589352 1.3039205630598647
59941.2637 lsst_hardware_u -29.323862472371527 28.06999969482422 30.100000381469727 AB 7.35928910500556 1.1946413059543948
59943.2452 lsst_hardware_g 28.492241589856647 67.13999938964844 31.6299991607666 AB 11.290968126405078 1.2556565267305586
59943.2674 lsst_hardware_r 51.873437568833864 65.01000213623047 31.6200008392334 AB 10.078495355750766 1.158447742040318
59945.2498 lsst_hardware_i -120.28327874190047 63.130001068115234 31.299999237060547 AB 8.498465125741694 1.2075439839583186
59945.2731 lsst_hardware_z 38.537891510731036 71.38999938964844 30.979999542236328 AB 7.928639417749019 1.1207705973755642
59947.2515 lsst_hardware_r -3.285780287063829 64.91999816894531 31.610000610351562 AB 5.141125838190145 1.17749188949654
59947.2726 lsst_hardware_z -38.85298099300135 71.1500015258789 30.979999542236328 AB 4.825406977992385 1.1060682253955652
59949.253 lsst_hardware_z -1.1915419978449528 70.68000030517578 30.979999542236328 AB 12.060311478038377 1.151269113632072
59949.2748 lsst_hardware_i -48.74388713792912 62.959999084472656 31.31999969482422 AB 11.307152552888885 1.0856256051547928
59951.2548 lsst_hardware_z 29.08497703319026 71.20999908447266 30.979999542236328 AB 10.574865910409766 1.1267837943963561
59951.2767 lsst_hardware_r 36.51351804578014 66.41999816894531 31.639999389648438 AB 9.987784364677369 1.06840267762639
59953.2769 lsst_hardware_y 36.0512596649463 104.5 30.81999969482422 AB 8.359666393057225 1.056669721883024
59955.2014 lsst_hardware_g -50.18754348538996 66.55000305175781 31.600000381469727 AB 9.029610447103122 1.317550162515047
59955.2194 lsst_hardware_r -29.991015092906554 64.9000015258789 31.59000015258789 AB 7.818183298549338 1.221591140398334
59957.2041 lsst_hardware_i 56.78859862731757 63.09000015258789 31.280000686645508 AB 6.662652242818763 1.2708113760661404
59957.2238 lsst_hardware_z 14.394650692472542 71.5 30.979999542236328 AB 5.198947245596076 1.1790778452364854
59962.2078 lsst_hardware_r -31.59057866045235 64.61000061035156 31.6200008392334 AB 7.431156073067812 1.1886363050413686
59962.2249 lsst_hardware_u 14.838511225832876 20.510000228881836 29.420000076293945 AB 7.485436364447307 1.1263634996911231
59964.2089 lsst_hardware_g -20.862903662327597 68.5999984741211 31.68000030517578 AB 11.72079159779187 1.162776944225384
59964.2269 lsst_hardware_i -142.1418406444127 63.33000183105469 31.31999969482422 AB 10.882259035085925 1.104050629193695
59966.2094 lsst_hardware_z -30.022223418012985 70.83999633789062 30.979999542236328 AB 10.843741157125413 1.1414464375921487
59966.2281 lsst_hardware_r 44.34759695123397 64.80000305175781 31.6299991607666 AB 10.320253407613642 1.0863424639593307
59968.2142 lsst_hardware_u -10.309001509037987 20.510000228881836 29.420000076293945 AB 10.978130708335149 1.1091261576414577
59968.2306 lsst_hardware_g -17.782542906797286 69.8499984741211 31.719999313354492 AB 10.59070092016538 1.0677186127800482
59975.2076 lsst_hardware_z 21.474364961415525 71.12000274658203 30.989999771118164 AB 11.104980747301386 1.0764812667023447
59975.2251 lsst_hardware_r -13.124845440887878 65.61000061035156 31.649999618530273 AB 11.088512871069852 1.0417618255420755
59977.2076 lsst_hardware_z -59.39508929066122 71.23999786376953 30.989999771118164 AB 9.441501596025871 1.064350848792936
59977.2249 lsst_hardware_r -4.9112605116100525 65.73999786376953 31.65999984741211 AB 10.770024224090488 1.0335833101869545
59983.1093 lsst_hardware_g -48.72031134257757 65.18000030517578 31.549999237060547 AB 12.208786466214898 1.4252749520345047
59983.1271 lsst_hardware_r 88.57470857553584 64.30000305175781 31.56999969482422 AB 11.238885258138998 1.3046852898556323
59985.1098 lsst_hardware_i 63.310803715029635 61.97999954223633 31.260000228881836 AB 4.835187991452607 1.3811534372156933
59985.127 lsst_hardware_r 104.7874323728038 64.83000183105469 31.59000015258789 AB 4.430027539404104 1.274339113837603
59987.1113 lsst_hardware_u -38.15541308990687 18.5 29.190000534057617 AB 6.017837996249014 1.3345294196294308
59987.1284 lsst_hardware_g -16.058936583955358 67.52999877929688 31.639999389648438 AB 5.011609442481675 1.2389129683527689
59989.1075 lsst_hardware_r 3.4331354759852357 63.349998474121094 31.579999923706055 AB 4.235422291308514 1.3241211831935797
59989.1265 lsst_hardware_i 2.915442015674702 62.150001525878906 31.290000915527344 AB 2.195788775071412 1.2219191847921045
59993.1045 lsst_hardware_u -5.499628785525478 18.81999969482422 29.229999542236328 AB 6.9800457369296875 1.2779285494195693
59993.1234 lsst_hardware_g 115.65320757833577 67.98999786376953 31.65999984741211 AB 6.492269759218767 1.1876465305439985
59995.1053 lsst_hardware_r 130.08046979126854 64.16000366210938 31.59000015258789 AB 3.9513261649018623 1.245133110444115
59995.124 lsst_hardware_z 18.12437988124056 71.25 30.979999542236328 AB 3.703551389607804 1.1637543972163096
59999.1033 lsst_hardware_g 68.1778288253999 67.9800033569336 31.65999984741211 AB 9.294003765810494 1.203431833717032
59999.1236 lsst_hardware_r -3.5616946749372334 65.30000305175781 31.6200008392334 AB 8.695321412703477 1.1272495754598575
60001.1013 lsst_hardware_i -44.42470339218535 62.31999969482422 31.299999237060547 AB 6.787924725218319 1.1887090173168444
60001.1203 lsst_hardware_z -60.69061225018835 71.08999633789062 30.979999542236328 AB 6.415751382533242 1.1204758567099722
60003.1035 lsst_hardware_r -130.80166976440867 65.06999969482422 31.6200008392334 AB 6.026100958942592 1.1587541503591177
60003.1226 lsst_hardware_z 55.28567975004971 71.22000122070312 30.979999542236328 AB 5.784398838408858 1.0980255957495935
60005.1223 lsst_hardware_i 54.83688997752884 63.029998779296875 31.31999969482422 AB 3.2329467493870903 1.0846388110222849
60005.1426 lsst_hardware_z -18.503342211562412 71.27999877929688 31.0 AB 3.53662749366586 1.0427402929727352
60008.123 lsst_hardware_r 18.911893119253197 65.66999816894531 31.639999389648438 AB 10.974154528711551 1.0642636404704937
60008.1432 lsst_hardware_z 28.32512856314305 71.47000122070312 30.989999771118164 AB 10.57061091445871 1.0294378426676232
60010.1129 lsst_hardware_y -167.7247685106227 104.30999755859375 30.809999465942383 AB 7.8071905719228045 1.0744826000444267
60012.0955 lsst_hardware_r -71.82171309215752 64.8499984741211 31.6299991607666 AB 11.36042312014307 1.1050189062221125
60012.1159 lsst_hardware_i -61.121538578188215 62.97999954223633 31.31999969482422 AB 10.810326240138401 1.0564955156625686
60014.1069 lsst_hardware_z -183.91391697849156 71.45999908447266 30.989999771118164 AB 8.058359172626519 1.0636693733667382
60014.1274 lsst_hardware_r -56.36680678733875 66.13999938964844 31.649999618530273 AB 7.803357582540756 1.0286524627657205
60016.1025 lsst_hardware_u 16.57979480247108 20.850000381469727 29.450000762939453 AB 13.702477672878427 1.061467013159689
60016.1227 lsst_hardware_r 15.025879122856912 65.45999908447266 31.649999618530273 AB 13.339081687982 1.0276444358145829
60017.9968 lsst_hardware_y 2.6791108149610907 67.8499984741211 29.889999389648438 AB 14.530655898460335 1.576188931483483
60018.0174 lsst_hardware_u 0.24822187079403468 18.030000686645508 29.149999618530273 AB 13.225571711567602 1.3976672254934335
60021.0897 lsst_hardware_r -82.88283024925522 92.41000366210938 32.400001525878906 AB 8.665939938014018 1.0597297386748727
60021.1089 lsst_hardware_u 11.899321249685332 30.100000381469727 30.260000228881836 AB 8.169258877333432 1.0278383086730238
60023.0836 lsst_hardware_g 17.470388953573174 70.0 31.719999313354492 AB 5.504354749928682 1.0610292997789965
60023.1019 lsst_hardware_r 102.84043949696526 66.23999786376953 31.65999984741211 AB 5.314656421420586 1.0299056433216043
60026.0838 lsst_hardware_i -73.84660058813661 63.400001525878906 31.34000015258789 AB 6.375841505801253 1.045219918983812
60026.0995 lsst_hardware_z -76.66396738277385 71.44000244140625 31.0 AB 6.237538503076985 1.022547295586391
60028.0798 lsst_hardware_r -57.88636005190915 65.3499984741211 31.649999618530273 AB 10.754810463268692 1.0427390404565444
60028.0974 lsst_hardware_g -13.721631180883323 69.97000122070312 31.739999771118164 AB 9.094878317259672 1.0187961708948783
60029.986 lsst_hardware_y -114.31245150818381 69.8499984741211 29.950000762939453 AB 8.465413309186154 1.3877726736370746
60030.0013 lsst_hardware_r 58.19870710310503 63.650001525878906 31.59000015258789 AB 7.081977007860757 1.2900559246816667
60031.9847 lsst_hardware_y 45.638223436221004 70.25 29.959999084472656 AB 10.285909473582477 1.358892391260639
60032.0016 lsst_hardware_g 53.455797507574125 66.54000091552734 31.639999389648438 AB 8.18192882707076 1.258758281087809
60036.982 lsst_hardware_y -295.63644508143136 73.01996640605093 29.979999542236328 AB 11.574832592530631 1.2911135072537232
60037.0007 lsst_hardware_z -87.01791404795078 71.95460757944159 30.969999313354492 AB 7.526072776019338 1.198419231850213
60038.9888 lsst_hardware_y -2163.8890286952296 109.4574031289291 30.75 AB 11.271547924030138 1.227436341503881
60040.9792 lsst_hardware_z 577.6844646216767 74.90196971632143 30.959999084472656 AB 14.1288028929348 1.2476314974555018
60040.9966 lsst_hardware_r 3910.139771518527 90.29481448221172 31.610000610351562 AB 13.235936682518565 1.1706139369276896
60044.9766 lsst_hardware_y 2882.1256160506828 87.25274261250414 30.0 AB 3.5814990791143697 1.2082650815117355
60044.995 lsst_hardware_u 809.6565716180725 34.993530648403286 29.3700008392334 AB 3.40354939995789 1.1370432293845958
60049.9743 lsst_hardware_y 5917.347274544434 97.71512467879639 30.030000686645508 AB 17.29056494560359 1.1619677951851881
60049.9928 lsst_hardware_i 28579.77869760224 177.01735160626268 31.31999969482422 AB 16.456810380741423 1.1020493014252466
60051.9729 lsst_hardware_y 6518.833714899199 101.49027231870438 30.040000915527344 AB 12.905069832936508 1.1472702878549592
60051.9902 lsst_hardware_r 46701.8372105671 225.33579902791735 31.639999389648438 AB 12.335112845861685 1.0942902123233174
60053.973 lsst_hardware_y 6728.457542332068 103.56972095497122 30.040000915527344 AB 10.292286154562435 1.1286020236374383
60053.9915 lsst_hardware_g 59464.8455586811 253.4166972568956 31.719999313354492 AB 9.641880523093205 1.077405403455801
60056.9711 lsst_hardware_y 13880.347857762628 148.24016254299997 30.799999237060547 AB 7.214915125871222 1.1093895788223782
60056.9897 lsst_hardware_r 113425.5204970983 349.86725736822746 32.400001525878906 AB 6.916272619456529 1.0632240767804042
60058.9696 lsst_hardware_y 6320.443672156326 100.90037746961121 30.049999237060547 AB 15.059430075518287 1.098273162068392
60058.9871 lsst_hardware_r 57323.33103427764 247.68965662466192 31.639999389648438 AB 14.496654817921875 1.057410314044664
60062.9672 lsst_hardware_y 6134.889795587833 100.36105214781676 30.049999237060547 AB 11.580011001293302 1.0767595891295088
60062.9851 lsst_hardware_z 14008.856933735577 135.03898633593352 30.989999771118164 AB 10.993345472282247 1.0412994574654817
60066.9767 lsst_hardware_z 21297.518640199007 173.53028858395552 31.75 AB 13.665985384712199 1.037279564678531
60070.9659 lsst_hardware_y 5657.974448998984 101.9605898946707 30.06999969482422 AB 4.34247039574956 1.037090410162231
60070.9849 lsst_hardware_i 20443.23724025348 155.20857152172618 31.34000015258789 AB 3.9249529077051935 1.0139813755108438
60290.2333 lsst_hardware_u 6.177939115598554 15.039999961853027 28.75 AB 22.444052735168253 1.7934079973766004
60290.2546 lsst_hardware_g -107.17703079315282 63.5 31.530000686645508 AB 19.03933614537414 1.5444291249720459
60293.2359 lsst_hardware_r 8.845676566935806 24.510000228881836 31.3799991607666 AB 13.363589482993094 1.6557132919421405
60293.2587 lsst_hardware_i 45.8859803531034 33.349998474121094 31.190000534057617 AB 11.732657156730578 1.436647386075696
60295.2352 lsst_hardware_z 51.61740477801387 47.75 30.899999618530273 AB 13.566933537774851 1.602835451239497
60295.2594 lsst_hardware_u 1.9045433356668606 2.509999990463257 28.18000030517578 AB 9.847277594759912 1.3900730653246631
60297.24 lsst_hardware_g -4.539845958305295 14.100000381469727 31.260000228881836 AB 7.666513020866494 1.5023541095172437
60297.2631 lsst_hardware_r -33.58894572900127 24.049999237060547 31.440000534057617 AB 5.746970601371334 1.3285489455866228
60301.2408 lsst_hardware_i -9.37147856442962 47.06999969482422 31.229999542236328 AB 9.54374673307391 1.4063358604639489
60301.2636 lsst_hardware_z -45.90414995971496 49.209999084472656 30.93000030517578 AB 8.46173658979021 1.2629457596701805
60303.2424 lsst_hardware_i -51.5991464677821 59.81999969482422 31.260000228881836 AB 9.020033962497333 1.3564810771346523
60303.2653 lsst_hardware_z 8.769251730153991 56.220001220703125 30.950000762939453 AB 7.762872210187893 1.2272183925363236
60308.2519 lsst_hardware_z -51.878460933199605 59.41999816894531 30.959999084472656 AB 10.666506450372207 1.2260352241807135
60310.2495 lsst_hardware_r 10.588570992404174 90.63999938964844 32.349998474121094 AB 8.529836312406205 1.2119550093784393
60310.2713 lsst_hardware_i 21.736850660272168 54.630001068115234 31.299999237060547 AB 7.981272574728023 1.128605528257024
60312.2531 lsst_hardware_z -33.428485236523656 49.869998931884766 30.950000762939453 AB 5.108602945638041 1.1738967360050652
60312.2761 lsst_hardware_r -35.209973698572746 45.79999923706055 31.610000610351562 AB 4.827750297183575 1.0982559917763577
60314.2484 lsst_hardware_z -22.923438702540995 44.22999954223633 30.940000534057617 AB 13.582559363180708 1.1709355256088012
60314.2732 lsst_hardware_g -1.579167289990165 22.479999542236328 31.56999969482422 AB 11.399170349393016 1.091456372021545
60316.2557 lsst_hardware_r -21.98236103653637 23.079999923706055 31.479999542236328 AB 10.656785898458695 1.1261133390410738
60316.2774 lsst_hardware_z -102.65664414525241 41.560001373291016 30.940000534057617 AB 10.141583679340778 1.0683785809155415
60318.2592 lsst_hardware_r -22.36590332584519 22.5 31.489999771118164 AB 8.742015918166214 1.0996707515828186
60318.2804 lsst_hardware_u -5.114062582088319 2.690000057220459 28.459999084472656 AB 8.340740694423252 1.0513096963686297
60320.2118 lsst_hardware_u -4.217176074310825 2.5399999618530273 28.239999771118164 AB 8.080385614936892 1.2625602523338895
60320.2278 lsst_hardware_g 3.7476187991807026 13.6899995803833 31.3700008392334 AB 7.60198302977996 1.1878098484031188
60322.2039 lsst_hardware_r -22.115172791118894 23.40999984741211 31.459999084472656 AB 6.513764212091205 1.27562456010664
