data/validation/pwv_sim_epoch_fit_epoch/43246283.ecsv
# %ECSV 0.9
# ---
# datatype:
# - {name: time, datatype: float64}
# - {name: band, datatype: string}
# - {name: flux, datatype: float64}
# - {name: fluxerr, datatype: float64}
# - {name: zp, datatype: float64}
# - {name: zpsys, datatype: string}
# - {name: pwv, datatype: float64}
# - {name: airmass, datatype: float64}
# meta: {SNID: '43246283', alt: 1024.0, c: -0.08683312684297562, dec: 0.298417, lat: -30.244573, lon: -70.7499537, ra: 198.808594, t0: 60428.1015625,
#   x0: 8.403664679850982e-06, x1: 0.7672598361968994, z: 0.49443235993385315}
# schema: astropy-2.0
time band flux fluxerr zp zpsys pwv airmass
[from data line 133]
60785.1858 lsst_hardware_i -19.68120764622017 37.720001220703125 31.260000228881836 AB 3.906168420431831 1.1648903065479255
60785.2067 lsst_hardware_z 37.584664982279556 46.33000183105469 30.940000534057617 AB 3.713250958018612 1.1903352966881269
60791.1841 lsst_hardware_r 8.731477486465804 24.809999465942383 31.489999771118164 AB 7.563255935620496 1.1804983120554253
60791.2016 lsst_hardware_u -5.397847101125775 2.7699999809265137 28.3799991607666 AB 7.774681949792391 1.213435259962915
60793.1553 lsst_hardware_u 1.2775835314043091 2.680000066757202 28.329999923706055 AB 2.40619679084809 1.1604984321440892
60793.1727 lsst_hardware_g -32.363716866099466 15.300000190734863 31.40999984741211 AB 2.6663459068964674 1.1729224268762641
60796.1475 lsst_hardware_r -28.702190360464375 24.549999237060547 31.479999542236328 AB 10.794557084630345 1.1606218641635377
60796.1663 lsst_hardware_z 35.58573217748353 44.0099983215332 30.93000030517578 AB 10.939080900475195 1.1750239071010629
60799.145 lsst_hardware_r 51.507572743445955 27.450000762939453 31.520000457763672 AB 11.746964989725502 1.1632194008838297
60799.1634 lsst_hardware_y 58.108887561063 49.02000045776367 30.0 AB 11.914297451258768 1.1821596432566726
60801.1459 lsst_hardware_z 51.423976460023546 51.13999938964844 30.950000762939453 AB 4.030786386414335 1.1679207204387787
60801.1633 lsst_hardware_r -0.2720039668693445 49.84000015258789 31.59000015258789 AB 4.257148996084765 1.1908386664728123
60803.1467 lsst_hardware_i 82.45663203801222 77.4000015258789 31.309999465942383 AB 11.451944145984339 1.174437918775955
60803.1661 lsst_hardware_z 23.79945177402479 72.27999877929688 30.969999313354492 AB 11.940943570699641 1.2071923945508407
60805.1125 lsst_hardware_z -119.08514869345235 93.62000274658203 30.989999771118164 AB 8.81413005703874 1.1597539548735185
60805.132 lsst_hardware_r 243.10731493825975 134.77000427246094 31.6299991607666 AB 8.144781376684037 1.1654826677821184
60807.0951 lsst_hardware_z -258.48158552118986 176.1199951171875 32.4900016784668 AB 14.185817463737243 1.1649362857552559
60811.0835 lsst_hardware_r -27.336616321458262 59.380001068115234 31.610000610351562 AB 6.221071857706663 1.1654312210016229
60811.1037 lsst_hardware_y -39.92090785041793 51.5 30.010000228881836 AB 6.301681436154616 1.1598898281160714
60813.0862 lsst_hardware_g -21.13348038727984 22.8799991607666 31.549999237060547 AB 9.928911697647774 1.1609141434617616
60813.1069 lsst_hardware_r -1.8701790641349447 35.939998626708984 31.56999969482422 AB 9.8275331394438 1.1632970098773436
60816.0791 lsst_hardware_i 15.83130539225079 32.279998779296875 31.239999771118164 AB 8.161731618702396 1.1605457795102467
60816.0992 lsst_hardware_z -29.587010329770642 43.18000030517578 30.940000534057617 AB 8.257650095381704 1.1635955982219404
60825.0462 lsst_hardware_u -0.5922225558537132 2.7300000190734863 28.360000610351562 AB 12.71746861794768 1.164763348257332
60825.0645 lsst_hardware_g 12.645050236389114 15.260000228881836 31.420000076293945 AB 12.68972909231401 1.1597266580436858
60827.0483 lsst_hardware_r -27.08311776215072 26.649999618530273 31.510000228881836 AB 8.49357606260176 1.1608003365589394
60827.07 lsst_hardware_z 20.372493890370617 43.81999969482422 30.940000534057617 AB 8.504361808935874 1.1641305633695758
60831.0373 lsst_hardware_r -16.208454201083367 76.12000274658203 31.6200008392334 AB 11.74216975570076 1.1608287506459594
60831.0582 lsst_hardware_y -49.169630135391586 55.7400016784668 30.020000457763672 AB 11.071006765851266 1.163572740245018
60843.0113 lsst_hardware_r -2.380207906228243 25.06999969482422 31.5 AB 6.9787061758912685 1.159510330509183
60843.0402 lsst_hardware_i 33.623814207102214 32.9900016784668 31.239999771118164 AB 7.08903799287189 1.1778745522757776
60845.0032 lsst_hardware_z 67.02402966625895 43.90999984741211 30.950000762939453 AB 4.589614491133072 1.1597745513307967
60845.0279 lsst_hardware_r -27.061665255270423 25.260000228881836 31.510000228881836 AB 4.636888646131187 1.169946672699206
60849.9959 lsst_hardware_r -8.22330054716508 25.299999237060547 31.5 AB 5.320056521408109 1.1596853452662035
60850.0138 lsst_hardware_z -35.50392644383113 43.959999084472656 30.940000534057617 AB 4.714290485710121 1.1695089272414094
60852.9624 lsst_hardware_y 39.35226710615585 51.70000076293945 30.010000228881836 AB 8.954621934842484 1.1712022411181695
60852.982 lsst_hardware_r -16.933362017818855 25.3700008392334 31.510000228881836 AB 8.91718118956091 1.1596819650027195
60858.9587 lsst_hardware_z -41.58101742425905 62.560001373291016 30.969999313354492 AB 8.480377429352457 1.1616955382674599
60858.9778 lsst_hardware_g -5.978473145504263 49.43000030517578 31.649999618530273 AB 8.47903897117732 1.1615121878325096
