data/validation/pwv_sim_epoch_fit_epoch/43355142.ecsv
# %ECSV 0.9
# ---
# datatype:
# - {name: time, datatype: float64}
# - {name: band, datatype: string}
# - {name: flux, datatype: float64}
# - {name: fluxerr, datatype: float64}
# - {name: zp, datatype: float64}
# - {name: zpsys, datatype: string}
# - {name: pwv, datatype: float64}
# - {name: airmass, datatype: float64}
# meta: {SNID: '43355142', alt: 1024.0, c: 0.06978422403335571, dec: -53.572231, lat: -30.244573, lon: -70.7499537, ra: 322.576538, t0: 60959.77734375,
#   x0: 9.955752360484667e-06, x1: -0.09265785664319992, z: 0.4612296521663666}
# schema: astropy-2.0
time band flux fluxerr zp zpsys pwv airmass
[from data line 131]
61266.2453 lsst_hardware_r -10.737976067565628 22.950000762939453 31.489999771118164 AB 2.851731548235826 1.1159192127708184
61268.239 lsst_hardware_i -3.458142139878568 31.010000228881836 31.239999771118164 AB 4.962270452591644 1.1149290462487544
61268.2501 lsst_hardware_z 28.68568976582577 42.369998931884766 30.940000534057617 AB 5.123808054725514 1.1295873136520094
61274.1564 lsst_hardware_z 11.789768708043562 69.30000305175781 31.709999084472656 AB 2.2147985684508726 1.0926485290828183
61276.2291 lsst_hardware_r -56.77622032022839 77.30999755859375 31.6299991607666 AB 2.9217208950870126 1.1308428183796977
61276.2404 lsst_hardware_i -68.32900979116191 65.23999786376953 31.309999465942383 AB 2.9525975298548577 1.1496161699629557
61278.2311 lsst_hardware_z -194.75053197832864 74.23999786376953 30.979999542236328 AB 2.851522738082044 1.1428185444186938
61278.2418 lsst_hardware_r -43.89917403282724 106.94000244140625 31.6299991607666 AB 2.872900413777906 1.162882175178266
61280.1357 lsst_hardware_z 12.211203436914467 73.0 30.989999771118164 AB 4.270208582224974 1.0949252774935831
61280.1455 lsst_hardware_i -49.571764357297724 84.80000305175781 31.329999923706055 AB 4.252656943900368 1.0904248574103508
61281.1378 lsst_hardware_z -44.3304149781609 94.16999816894531 31.739999771118164 AB 5.680544931911206 1.0924124869060012
61286.1375 lsst_hardware_r 3.7314501340200126 22.450000762939453 31.479999542236328 AB 1.523815601220772 1.0884397151576943
61286.1498 lsst_hardware_i 12.185681914023688 30.639999389648438 31.239999771118164 AB 1.5240441663765547 1.0886029759832534
61299.1135 lsst_hardware_r 56.018791199594475 23.09000015258789 31.5 AB 3.9185511011256904 1.0884864169793584
61299.1259 lsst_hardware_i 28.67311826915504 30.860000610351562 31.25 AB 3.4712203023506825 1.092122483107632
61305.144 lsst_hardware_r 11.082604704599461 72.08000183105469 31.6200008392334 AB 3.7970810433522093 1.1224834951894789
61305.1557 lsst_hardware_z -39.84487630697611 59.34000015258789 30.969999313354492 AB 3.8604123499981764 1.1399977409188433
61307.146 lsst_hardware_y 11.84117387554118 55.02000045776367 30.020000457763672 AB 3.9792468128338405 1.1332042753335727
61307.1577 lsst_hardware_r 8.61090723720878 87.08000183105469 31.6299991607666 AB 4.045478370575325 1.153242438458342
61309.1393 lsst_hardware_i 96.89966369548479 73.55000305175781 31.309999465942383 AB 3.2374522612684697 1.131317039464812
61309.1521 lsst_hardware_z 19.71104771388199 65.56999969482422 30.969999313354492 AB 3.284844952107807 1.152981731171739
61311.159 lsst_hardware_r 52.5929461670803 75.5 31.610000610351562 AB 5.089753722067955 1.1786611988810178
61311.1715 lsst_hardware_z -53.26801640520472 57.72999954223633 30.959999084472656 AB 5.454721710920697 1.2098079758073352
61315.0563 lsst_hardware_g -4.473665992144127 13.479999542236328 31.389999389648438 AB 5.305595914064344 1.088774043518301
61315.0687 lsst_hardware_i 16.889530993635347 30.399999618530273 31.239999771118164 AB 5.266251176626748 1.0883495069236369
61317.0535 lsst_hardware_z -45.03935251130509 41.52000045776367 30.940000534057617 AB 2.5634742953175635 1.0883700659429225
61317.0662 lsst_hardware_r 17.549624085034363 22.440000534057617 31.489999771118164 AB 2.5285539135312267 1.088798871909722
61319.0548 lsst_hardware_u -1.738020601345844 2.700000047683716 28.450000762939453 AB 4.111437296595767 1.0881136156135716
61319.0672 lsst_hardware_g 3.245238824863405 13.630000114440918 31.40999984741211 AB 4.14015004415355 1.0905175936135028
61321.0486 lsst_hardware_r 4.1773475057948675 22.440000534057617 31.479999542236328 AB 5.022074204176369 1.0880888753486384
61321.0605 lsst_hardware_i 5.105652831706055 30.579999923706055 31.239999771118164 AB 5.168758818320916 1.09011047523277
61323.1389 lsst_hardware_r 32.87567675478011 23.299999237060547 31.469999313354492 AB 3.848649885940516 1.210267259729722
61323.1504 lsst_hardware_g 11.206918410728715 13.829999923706055 31.360000610351562 AB 3.9181472479915764 1.244053738050862
61325.1399 lsst_hardware_r -37.777693292663066 23.049999237060547 31.459999084472656 AB 7.398145997757988 1.2286217716113905
61325.1515 lsst_hardware_i -7.013471784157175 32.099998474121094 31.219999313354492 AB 7.637052315519787 1.2657048833830664
61326.1339 lsst_hardware_z -34.76339119803337 43.63999938964844 30.93000030517578 AB 7.241683314277515 1.2191386050972248
61326.1454 lsst_hardware_i 41.51401250576115 32.150001525878906 31.219999313354492 AB 7.376697180667958 1.2543625643759064
61328.0828 lsst_hardware_z 9.900348057147127 42.560001373291016 30.940000534057617 AB 6.693828948221351 1.12466673264059
61328.0941 lsst_hardware_r -5.449260768374654 23.440000534057617 31.479999542236328 AB 7.080602792745402 1.1420327085073227
61330.0756 lsst_hardware_y 11.138242505714937 48.65999984741211 30.020000457763672 AB 7.350598527728335 1.122314455718503
61330.0864 lsst_hardware_g -5.786634290494915 21.8799991607666 31.549999237060547 AB 7.82316788470023 1.1383016613687404
61334.0833 lsst_hardware_z -70.6710399093014 54.150001525878906 30.969999313354492 AB 3.520192354197834 1.151989643851046
61334.0934 lsst_hardware_r 144.68445366069307 61.18000030517578 31.610000610351562 AB 3.176806367408743 1.172433535565275
61337.0809 lsst_hardware_z -65.9360067898579 57.75 30.959999084472656 AB 4.202304401091824 1.1633213253923516
61337.0916 lsst_hardware_r 11.328828302725672 75.5999984741211 31.610000610351562 AB 3.6799418945785964 1.1870780305092246
