data/validation/pwv_sim_epoch_fit_epoch/43485908.ecsv
# %ECSV 0.9
# ---
# datatype:
# - {name: time, datatype: float64}
# - {name: band, datatype: string}
# - {name: flux, datatype: float64}
# - {name: fluxerr, datatype: float64}
# - {name: zp, datatype: float64}
# - {name: zpsys, datatype: string}
# - {name: pwv, datatype: float64}
# - {name: airmass, datatype: float64}
# meta: {SNID: '43485908', alt: 1024.0, c: 0.010695966891944408, dec: -46.768478, lat: -30.244573, lon: -70.7499537, ra: 104.220779, t0: 59913.87109375,
#   x0: 5.267877582879782e-06, x1: -1.7033950090408325, z: 0.6006520390510559}
# schema: astropy-2.0
time band flux fluxerr zp zpsys pwv airmass
59905.349 lsst_hardware_g 431.36604935437333 28.37344330859483 31.530000686645508 AB 5.060928771771835 1.057021064507329
59913.3402 lsst_hardware_z 1126.6703900251075 54.21406423880774 30.950000762939453 AB 6.54969883125654 1.0704745985546722
59913.353 lsst_hardware_r 1834.5913801147856 53.04943298131871 31.56999969482422 AB 6.652499845945379 1.088402887019631
59915.3439 lsst_hardware_u -4.266085434350126 4.634076383334221 28.780000686645508 AB 7.1671282509170515 1.0828113387093294
59917.3311 lsst_hardware_g 270.8280019198606 20.53736963834831 31.389999389648438 AB 3.767530479901018 1.0727337942534634
59917.3419 lsst_hardware_r 1613.6131473410517 46.238390748850094 31.5 AB 4.7659632630123845 1.0881194664410807
59919.334 lsst_hardware_i 1426.8995553197406 60.0280536269264 31.299999237060547 AB 4.613600195272219 1.0843410765079542
59919.3462 lsst_hardware_z 1197.3283777519262 59.25367705037931 30.959999084472656 AB 4.70684938474957 1.1050887796560223
59921.2922 lsst_hardware_z 1349.6247910317732 67.20688608173644 30.979999542236328 AB 5.77215145994819 1.0481480769834708
59921.3039 lsst_hardware_r 1581.9250009302123 88.11295412647542 31.649999618530273 AB 5.865588136548754 1.0558480985026766
59923.2971 lsst_hardware_z 2364.929429541375 90.11961198434601 31.729999542236328 AB 10.590814326914483 1.0547831911873597
59926.2906 lsst_hardware_r 1129.0261522154258 70.05476508261815 31.639999389648438 AB 11.042450646397151 1.056137979665932
59926.303 lsst_hardware_z 1056.6313650183124 78.59128800955936 30.989999771118164 AB 10.697496159126253 1.0684496688155443
59928.2834 lsst_hardware_r 959.9023910707278 69.16135711033577 31.639999389648438 AB 8.614563664809031 1.0547475475423276
59928.2958 lsst_hardware_y 397.56748636818116 77.88847840271097 30.059999465942383 AB 8.804982403887681 1.0664660985059276
59930.2824 lsst_hardware_g 131.06503906572428 68.7298713972137 31.719999313354492 AB 7.480012125642153 1.0584797998573818
59930.2954 lsst_hardware_r 837.0131085657708 68.05027650812893 31.639999389648438 AB 7.130373262069346 1.0724784932043339
59932.2861 lsst_hardware_i 1709.6086313862907 96.2109232279119 32.08000183105469 AB 4.689738954184036 1.0678519847860275
59932.2994 lsst_hardware_z 1761.2730369906162 108.78725183155089 31.739999771118164 AB 5.231673424984123 1.0857097589203355
59934.2259 lsst_hardware_i 749.1464300155666 67.74016212447542 31.329999923706055 AB 6.164554495060585 1.044839744925523
59934.2384 lsst_hardware_z 720.2932947303037 77.16388232391763 30.989999771118164 AB 6.155195977388794 1.043253555489626
59934.2893 lsst_hardware_r 461.3072527204003 66.10625864013171 31.639999389648438 AB 5.792755890254779 1.0788929176324282
59934.302 lsst_hardware_u -12.594277747939442 20.975315120874473 29.450000762939453 AB 6.7449185522964346 1.0991176348120208
59938.2278 lsst_hardware_g 60.31066648226564 67.78960712550133 31.719999313354492 AB 6.8564422415908055 1.0432676966852619
59938.2408 lsst_hardware_r 498.4087427748741 64.92549296393754 31.639999389648438 AB 6.9840068556787225 1.0459667053745794
59941.2227 lsst_hardware_i 500.3978908539534 65.41849686894207 31.329999923706055 AB 6.318938266478237 1.0435183265360057
59941.2342 lsst_hardware_r 252.70854912617952 64.28056864806844 31.639999389648438 AB 6.254289048013303 1.0465969680123572
59945.2241 lsst_hardware_r 141.46930421396553 64.35602979565436 31.649999618530273 AB 7.365718137005189 1.0469493799231586
59945.2351 lsst_hardware_i 449.4453021449243 64.99619522103579 31.329999923706055 AB 7.4127360174366075 1.053340459694631
59949.2075 lsst_hardware_i 311.8540592408767 63.981444145931086 31.31999969482422 AB 11.720837204041226 1.044886235948045
59949.2195 lsst_hardware_z 604.4228884170958 74.95577167683042 30.989999771118164 AB 12.181687439068156 1.0502360064719507
59951.2082 lsst_hardware_z 542.3343787565145 74.99739868905516 30.989999771118164 AB 8.349408878446638 1.0471666653570197
59951.2201 lsst_hardware_r 168.9954480217621 63.89578308854914 31.639999389648438 AB 9.230684871138395 1.0543730815342396
59962.1625 lsst_hardware_i 161.48151671850727 63.41494877628085 31.329999923706055 AB 4.486147167744265 1.0432900390102942
59962.1753 lsst_hardware_z 387.1193239904613 74.14983322799566 31.0 AB 6.540052840412905 1.0459900584426856
59964.1625 lsst_hardware_i 152.55485698084985 63.39612143875997 31.329999923706055 AB 7.6206830251131805 1.0439291815223535
59964.1743 lsst_hardware_u 5.290036146336615 21.961342511921192 29.479999542236328 AB 9.356563916222582 1.0479239807611345
59966.1619 lsst_hardware_g 42.03762474947358 68.36092084118279 31.719999313354492 AB 10.750319396136662 1.0451409095991329
59966.1748 lsst_hardware_r 107.83464909820545 63.04590654636401 31.639999389648438 AB 10.23615732008884 1.051317960261784
59968.1665 lsst_hardware_i -49.01538803442768 62.83879507602168 31.329999923706055 AB 14.82890870294276 1.0495865544137832
59968.1795 lsst_hardware_r 51.62015548037059 63.08791692884438 31.639999389648438 AB 11.938042622149592 1.0592761865261455
59973.1513 lsst_hardware_z 277.33540972347066 73.31459026318332 30.989999771118164 AB 10.476501011961023 1.048733792781977
59973.1639 lsst_hardware_g 42.679791903588495 67.92202782475407 31.709999084472656 AB 10.547179933780365 1.057538094964609
59975.1568 lsst_hardware_r 84.38501171104932 62.83298948456734 31.639999389648438 AB 9.594368452240074 1.0561541626705644
59975.1685 lsst_hardware_i 208.30204061394969 62.66901397191742 31.31999969482422 AB 10.968004298485546 1.0676534895829404
59977.1563 lsst_hardware_z 121.09063323540062 73.36602710396875 30.989999771118164 AB 7.617023480742922 1.0605713562716441
59977.168 lsst_hardware_r 54.6148607846467 62.90222402707741 31.639999389648438 AB 9.340175602973952 1.0736862461508518
59979.1488 lsst_hardware_z 315.7385115901454 103.83801307487386 31.75 AB 10.874722766813369 1.0586762818159472
59983.0916 lsst_hardware_z 115.84682635245659 73.20187085794963 30.989999771118164 AB 8.871977311689378 1.0450119529267432
59983.1043 lsst_hardware_g -7.503117303258779 68.32531713383523 31.719999313354492 AB 8.932722759844333 1.0432681549644638
59989.0911 lsst_hardware_g 57.28660892194067 68.30734909868367 31.729999542236328 AB 3.3376575066889296 1.0434799281001264
59989.1022 lsst_hardware_r -16.334979976963787 63.134537683372685 31.649999618530273 AB 3.3453569311849316 1.0462414171024024
59993.0759 lsst_hardware_i 149.66283400648624 88.92113991132791 32.08000183105469 AB 4.8155135320499705 1.0432598372377622
59993.0897 lsst_hardware_u -6.925588923675252 21.52562521981097 29.479999542236328 AB 5.839996210125154 1.045657333952579
59995.08 lsst_hardware_g 61.39134742708029 68.01000213623047 31.729999542236328 AB 3.4472224197278165 1.0444018641873813
59995.0925 lsst_hardware_r 59.49839466073488 62.33000183105469 31.649999618530273 AB 3.357862847518383 1.0494414566678976
59999.0748 lsst_hardware_u 19.95005427789847 21.399999618530273 29.479999542236328 AB 8.287188483346833 1.0462080690992732
59999.0874 lsst_hardware_g -4.331434206639156 68.26000213623047 31.719999313354492 AB 8.16962534882351 1.0531826200341852
60001.0719 lsst_hardware_r 23.820532095156796 62.459999084472656 31.639999389648438 AB 6.785047368796016 1.0472907031481813
60001.0859 lsst_hardware_i 44.57635260290289 61.869998931884766 31.31999969482422 AB 6.044086009446506 1.056242913093015
60003.058 lsst_hardware_i -82.30027088045875 62.2599983215332 31.329999923706055 AB 5.814949627222281 1.0443672158447561
60003.0712 lsst_hardware_z 30.59095494534327 72.20999908447266 30.989999771118164 AB 5.774971774823737 1.0497562871754123
60005.0779 lsst_hardware_z 128.85478368440835 101.37999725341797 31.739999771118164 AB 3.036912632473386 1.0587725621638575
60010.0527 lsst_hardware_i 9.555272311916314 61.9900016784668 31.31999969482422 AB 6.759618517763802 1.050119390673281
60010.065 lsst_hardware_r -5.459907290486523 62.43000030517578 31.639999389648438 AB 6.7848009557319635 1.0594629849675146
60012.048 lsst_hardware_z 121.95886300721773 71.55000305175781 30.989999771118164 AB 11.40904933116449 1.0505812133027455
60012.0604 lsst_hardware_g 36.556092718320095 67.4000015258789 31.709999084472656 AB 11.429538964695304 1.0602704709128437
60014.0463 lsst_hardware_r -91.48515641115631 62.38999938964844 31.639999389648438 AB 7.5295657498926065 1.053086118866099
60014.0606 lsst_hardware_i 19.509650903655416 61.880001068115234 31.31999969482422 AB 7.695801171799693 1.0660850108120787
60016.0451 lsst_hardware_z -8.167576095364467 72.70999908447266 30.989999771118164 AB 11.08493945653997 1.0563792366460956
60016.0602 lsst_hardware_r -51.94823603893403 62.369998931884766 31.639999389648438 AB 11.137644872811409 1.0720441042250493
60018.0396 lsst_hardware_u 10.45129052462284 21.219999313354492 29.459999084472656 AB 9.99866188083479 1.0563477836399793
60018.0524 lsst_hardware_g 7.197692343111311 67.87000274658203 31.709999084472656 AB 10.302288297317308 1.0692012139813682
60021.0305 lsst_hardware_r 20.113704404725205 62.5 31.639999389648438 AB 8.188871334146665 1.0556070040794927
60021.0459 lsst_hardware_z -112.88375554641064 72.68000030517578 30.989999771118164 AB 7.421040831238397 1.071243714361371
60270.3557 lsst_hardware_g -104.00827543578563 67.44000244140625 31.719999313354492 AB 5.0670726803318 1.0626506844457917
60272.3496 lsst_hardware_r -32.20464769608612 62.09000015258789 31.639999389648438 AB 8.893420905790409 1.0620066759825084
60274.3456 lsst_hardware_z -102.66464408052849 72.0999984741211 30.989999771118164 AB 5.4238292081272395 1.0634959231622039
60276.3463 lsst_hardware_z -185.4128283335463 72.06999969482422 30.989999771118164 AB 4.0890487828887 1.0704316185573093
60278.346 lsst_hardware_r 56.24982984208923 62.56999969482422 31.639999389648438 AB 6.594924997103881 1.0770741461871438
60280.3383 lsst_hardware_r -77.38731902707374 62.25 31.6299991607666 AB 7.1849093205905525 1.0740978914811903
60280.3506 lsst_hardware_y 1.2404704608276387 75.5999984741211 30.049999237060547 AB 7.237220080555096 1.0922869230736287
60284.3296 lsst_hardware_r -50.36593399396027 62.4900016784668 31.6299991607666 AB 4.696210660966312 1.0770507794200588
60284.3423 lsst_hardware_i 5.139077039463498 61.869998931884766 31.309999465942383 AB 4.677130658148975 1.0967594461599193
60290.2858 lsst_hardware_g -64.30675574725615 67.68000030517578 31.719999313354492 AB 13.070541068393373 1.050285547591712
60290.2992 lsst_hardware_r 22.841998087891028 62.16999816894531 31.639999389648438 AB 11.193012583035705 1.0607814799907267
60293.289 lsst_hardware_i 5.343188209231699 29.639999389648438 31.239999771118164 AB 8.646265923297356 1.0589007461915299
60293.3015 lsst_hardware_r 2.323420884626837 21.510000228881836 31.479999542236328 AB 8.860474605119057 1.0724336851633238
60297.2886 lsst_hardware_r -50.28683299817399 21.559999465942383 31.479999542236328 AB 4.7013132298497355 1.0700001661108927
60297.3003 lsst_hardware_i 11.343322968500635 30.100000381469727 31.239999771118164 AB 5.327106545665029 1.0860563803597512
60301.2206 lsst_hardware_r -49.16718510975721 48.20000076293945 31.6200008392334 AB 7.029445698557975 1.0449988030709705
60301.2348 lsst_hardware_i -18.811514316066223 42.290000915527344 31.299999237060547 AB 7.031435904676029 1.0433171458825885
60303.2221 lsst_hardware_z -5.693821791630827 53.86000061035156 30.979999542236328 AB 6.9207840393863576 1.0435309225686977
60303.235 lsst_hardware_i -33.432531499817735 56.0099983215332 31.31999969482422 AB 6.991892618702243 1.0440855080192497
60304.234 lsst_hardware_z 146.4471319651822 81.08000183105469 31.729999542236328 AB 7.662859751228865 1.0444843932704784
60310.2209 lsst_hardware_g 46.033084381915536 45.900001525878906 31.709999084472656 AB 7.357723965268227 1.0454542369650037
60310.2335 lsst_hardware_r 11.757642178005 45.529998779296875 31.6299991607666 AB 7.4002609809593745 1.051760568180728
60314.1973 lsst_hardware_z -46.90111390955483 40.75 30.950000762939453 AB 11.957890170098553 1.0432486734705653
60314.2089 lsst_hardware_i 43.716038220453086 29.950000762939453 31.239999771118164 AB 12.068906564240606 1.0451079463318849
60316.2067 lsst_hardware_u 0.380290010235148 2.5299999713897705 28.3700008392334 AB 8.398803875028356 1.0462539863006362
60316.2196 lsst_hardware_g -8.53011941838808 12.569999694824219 31.360000610351562 AB 9.166131413895787 1.0534975956511932
60318.2095 lsst_hardware_r -34.38220120784266 21.440000534057617 31.479999542236328 AB 7.321223712778493 1.0503907765822786
60318.2208 lsst_hardware_i 32.81288910889533 29.8799991607666 31.239999771118164 AB 7.322491104490732 1.0589668613457799
60320.1852 lsst_hardware_z -14.709450710787413 40.75 30.950000762939453 AB 7.114663924712871 1.0435373786461286
60320.1997 lsst_hardware_u -5.294016707248439 2.5899999141693115 28.40999984741211 AB 7.133022250632897 1.0479977840197214
60322.1797 lsst_hardware_g -5.186837006009778 12.6899995803833 31.389999389648438 AB 5.505161297059257 1.0435335602424902
60322.1923 lsst_hardware_r 14.396814148793634 21.40999984741211 31.479999542236328 AB 5.391978253178251 1.0470877275809698
60326.1812 lsst_hardware_i -30.295080975515955 29.510000228881836 31.229999542236328 AB 3.2029802352801644 1.0470107007181186
60326.1934 lsst_hardware_u -3.7541794894635894 2.4700000286102295 28.309999465942383 AB 3.222198532058966 1.0543268360339093
60328.1635 lsst_hardware_z -20.648634773559245 42.43000030517578 30.950000762939453 AB 4.322420753834844 1.043558849308248
60328.1771 lsst_hardware_g 18.24370581187344 21.440000534057617 31.56999969482422 AB 6.076280752475776 1.0476346124958233
60330.1614 lsst_hardware_r 10.798704790237844 47.06999969482422 31.6200008392334 AB 12.453624452106302 1.0441247933687017
60330.1739 lsst_hardware_i 16.71714770758788 42.97999954223633 31.299999237060547 AB 12.06093653012531 1.048777089576114
60332.1699 lsst_hardware_z 48.53433414854015 73.55000305175781 31.719999313354492 AB 9.08461042589199 1.0495867242160872
60334.1664 lsst_hardware_z 137.36362944312603 58.470001220703125 30.969999313354492 AB 8.22500692887436 1.0507610095227637
60334.1795 lsst_hardware_r -40.268964877325125 81.69999694824219 31.649999618530273 AB 8.2446800633541 1.061227965420785
60336.1565 lsst_hardware_i -88.06050812840937 60.13999938964844 31.31999969482422 AB 11.530750807909165 1.0482500734462876
60336.1682 lsst_hardware_z -72.69547734475154 56.4900016784668 30.969999313354492 AB 11.577909773423919 1.055993229972995
60338.1606 lsst_hardware_i -54.751726433212994 48.470001220703125 31.309999465942383 AB 10.518028923188638 1.054306871137816
60338.1728 lsst_hardware_z 50.48078222622515 49.810001373291016 30.969999313354492 AB 10.28711059394853 1.0655985284548626
60340.1548 lsst_hardware_g 43.807441959198606 41.04999923706055 31.700000762939453 AB 9.569207463032704 1.0540516013694667
60340.167 lsst_hardware_r 6.618174058526713 43.31999969482422 31.6200008392334 AB 11.01235094981699 1.0652303104872225
60346.1468 lsst_hardware_u -1.7406399246541493 2.5299999713897705 28.360000610351562 AB 4.17107934263527 1.0612983357708234
60346.1607 lsst_hardware_g -14.454157709106862 12.640000343322754 31.360000610351562 AB 4.232840761657481 1.0776071185482454
60348.0843 lsst_hardware_r -39.84916584739821 21.270000457763672 31.469999313354492 AB 8.979096261735046 1.0482353040715682
60348.1087 lsst_hardware_g -1.2535794902791617 12.59000015258789 31.3700008392334 AB 8.99248637690746 1.0435447940941087
60348.1495 lsst_hardware_r -10.466516484836974 21.40999984741211 31.469999313354492 AB 9.141014706037959 1.0702093396079524
60350.0961 lsst_hardware_r 7.53798140180881 21.31999969482422 31.479999542236328 AB 3.5564803545991985 1.0433385712062189
60350.1095 lsst_hardware_i 49.023129834238624 29.579999923706055 31.25 AB 3.6742138897431964 1.0448001582207949
60352.0872 lsst_hardware_z 27.423000438945827 40.79999923706055 30.950000762939453 AB 4.699974479441753 1.0437043146175076
60352.099 lsst_hardware_i 28.8460958520628 29.790000915527344 31.25 AB 4.715056340159662 1.043712089463687
60354.0888 lsst_hardware_u -1.742527350662292 2.619999885559082 28.43000030517578 AB 3.327722193863003 1.0432821174196938
60354.0998 lsst_hardware_g 3.866625334946217 12.640000343322754 31.3799991607666 AB 3.32240178859507 1.0451638825339704
60356.086 lsst_hardware_r -23.6615157874408 26.059999465942383 31.540000915527344 AB 3.260794259988237 1.0434541631962357
60356.0988 lsst_hardware_i 41.94944125893709 31.549999237060547 31.260000228881836 AB 3.264664787521864 1.0468142756055396
60359.0836 lsst_hardware_z 28.806226023950295 65.23999786376953 31.719999313354492 AB 3.5420056503806308 1.0444543016234813
60363.1227 lsst_hardware_z 27.864953118080255 99.5199966430664 32.15999984741211 AB 7.185788474162918 1.0902287394580434
60363.1461 lsst_hardware_r -16.255238435895645 138.44000244140625 32.81999969482422 AB 8.68421304614254 1.1371608401666338
60365.0756 lsst_hardware_i -4.749269985496025 62.470001220703125 31.329999923706055 AB 9.29724904657118 1.0474298320316777
60365.0874 lsst_hardware_z -68.0339353007903 57.779998779296875 30.979999542236328 AB 8.052005116851614 1.0547211732457824
60367.078 lsst_hardware_g -68.67354971765894 66.4800033569336 31.719999313354492 AB 8.271452715220121 1.0518792796108758
60367.0916 lsst_hardware_r -44.77164961533957 62.43000030517578 31.639999389648438 AB 6.990691196565894 1.0634656114042587
60369.0537 lsst_hardware_r 1.637552130887259 21.280000686645508 31.469999313354492 AB 3.888801224466293 1.0439034224458206
60369.0659 lsst_hardware_i -55.889330494932395 37.060001373291016 31.280000686645508 AB 3.874255512086224 1.0480166395039492
60372.0515 lsst_hardware_z -34.62773895870083 57.18000030517578 31.690000534057617 AB 4.686816477110845 1.045444871002661
60372.0627 lsst_hardware_u 4.013818980361915 3.5899999141693115 29.1200008392334 AB 4.719996276414902 1.0508145547759564
60375.0572 lsst_hardware_g -12.684400643928926 12.539999961853027 31.360000610351562 AB 6.748543552233269 1.0525959580274413
60375.0706 lsst_hardware_r -19.06143223868222 21.299999237060547 31.459999084472656 AB 6.915825081261307 1.0643551656381054
60379.0483 lsst_hardware_i 33.26543613385933 59.29999923706055 32.75 AB 7.506232162432462 1.054061037378615
60379.0676 lsst_hardware_u 3.6415688165606275 3.5899999141693115 29.110000610351562 AB 7.721305149764015 1.0736461390169931
60382.0445 lsst_hardware_i -37.012876779893865 51.2400016784668 32.43000030517578 AB 13.725421940389039 1.0576186222784536
60382.0663 lsst_hardware_r 22.95173109076413 21.450000762939453 31.459999084472656 AB 14.071152705173265 1.0832018196997737
60386.0292 lsst_hardware_z 28.106147893676745 42.33000183105469 30.950000762939453 AB 8.066826898207351 1.0540738139562509
60386.0451 lsst_hardware_g 17.61322612910193 24.81999969482422 31.600000381469727 AB 7.396388853436795 1.069460505123862
