data/validation/pwv_sim_epoch_fit_epoch/43551699.ecsv
# %ECSV 0.9
# ---
# datatype:
# - {name: time, datatype: float64}
# - {name: band, datatype: string}
# - {name: flux, datatype: float64}
# - {name: fluxerr, datatype: float64}
# - {name: zp, datatype: float64}
# - {name: zpsys, datatype: string}
# - {name: pwv, datatype: float64}
# - {name: airmass, datatype: float64}
# meta: {SNID: '43551699', alt: 1024.0, c: -0.07843989133834839, dec: -9.594068, lat: -30.244573, lon: -70.7499537, ra: 81.035156, t0: 61704.3671875,
#   x0: 2.985408536326209e-06, x1: 0.5419856905937195, z: 0.7568200826644897}
# schema: astropy-2.0
time band flux fluxerr zp zpsys pwv airmass
[from data line 133]
62111.2408 lsst_hardware_r 21.65841270885166 58.90999984741211 31.6299991607666 AB 4.5632577697239505 1.0841238019538726
62113.2235 lsst_hardware_u -7.487916434471177 6.989999771118164 29.079999923706055 AB 5.839249769584795 1.073885015096279
62113.2414 lsst_hardware_r 46.22225402930005 37.189998626708984 31.59000015258789 AB 6.117642333219786 1.0915914470742496
62115.2188 lsst_hardware_i -24.880612983998446 31.18000030517578 31.25 AB 10.225882975122845 1.0743730799666784
62115.2371 lsst_hardware_z 9.473132168206675 42.56999969482422 30.950000762939453 AB 10.41362580894508 1.0931984052781354
62117.2273 lsst_hardware_r -17.101902526004842 23.100000381469727 31.5 AB 11.811665821223777 1.0874801658356685
62117.2463 lsst_hardware_u -1.5180468365152604 2.809999942779541 28.5 AB 12.1150337015168 1.1186550047568926
62119.22 lsst_hardware_g -7.461170199753338 14.010000228881836 31.399999618530273 AB 8.74865906064547 1.0852955744308694
62119.2381 lsst_hardware_r -5.96675203531008 23.049999237060547 31.479999542236328 AB 8.985793935088763 1.1131493230814473
62123.1544 lsst_hardware_z -11.034239702740765 42.099998474121094 30.950000762939453 AB 3.5425614869207283 1.0816981639457732
62123.1732 lsst_hardware_r -1.2486702888710652 23.149999618530273 31.510000228881836 AB 5.549885628721028 1.0697543617426808
62125.1559 lsst_hardware_u 3.4672684250671937 2.690000057220459 28.43000030517578 AB 4.480846086851981 1.0756397015788228
62125.1769 lsst_hardware_r -1.8614823849643765 22.799999237060547 31.5 AB 5.072482886584519 1.0689413219832504
62127.1513 lsst_hardware_i 25.27875240140858 30.90999984741211 31.260000228881836 AB 5.163703628390637 1.0750250440785503
62127.1697 lsst_hardware_z -41.255310121747506 41.61000061035156 30.950000762939453 AB 6.113617973504113 1.0688454745483458
62130.1471 lsst_hardware_r -10.68923370302881 36.7599983215332 31.59000015258789 AB 7.464215978237998 1.072560402089018
62130.1674 lsst_hardware_z 65.28168355947166 44.2599983215332 30.959999084472656 AB 7.5306195912321785 1.0696396370293326
62132.1299 lsst_hardware_y 68.35449419357947 71.2300033569336 30.799999237060547 AB 6.673328054662351 1.0816204959135054
62136.1298 lsst_hardware_z 3.966024504650047 75.16000366210938 30.989999771118164 AB 7.421912036983525 1.0730685322911722
62136.1504 lsst_hardware_r 15.211374740185239 113.06999969482422 31.65999984741211 AB 7.396163759499667 1.0694907808168528
62138.1221 lsst_hardware_z -55.176134132475056 64.18000030517578 30.979999542236328 AB 5.435929081235577 1.0744535417770573
62138.144 lsst_hardware_r 84.44373598446616 89.2300033569336 31.649999618530273 AB 4.937206622350423 1.0692959277384642
62142.1206 lsst_hardware_r 19.218263806235544 32.310001373291016 32.25 AB 9.175444395896042 1.0699498843689204
62142.1426 lsst_hardware_u -3.3525462649515165 5.28000020980835 29.40999984741211 AB 8.473756559711596 1.0728537530759565
62144.1238 lsst_hardware_g 16.41565672968112 13.960000038146973 31.43000030517578 AB 6.17228366841525 1.0688554032120612
62144.1424 lsst_hardware_r 48.272890652140006 22.84000015258789 31.5 AB 7.823864279024498 1.0763452984545379
62146.0892 lsst_hardware_r 10.251403601200021 22.610000610351562 31.489999771118164 AB 9.188715585606268 1.0842355506231707
62146.1092 lsst_hardware_i -2.58338068021079 30.420000076293945 31.239999771118164 AB 9.069218178084963 1.0700931951880943
62148.0852 lsst_hardware_z 19.31782715572712 41.68000030517578 30.940000534057617 AB 6.060803588270126 1.0826569072635135
62148.1059 lsst_hardware_r 7.901624324505692 22.600000381469727 31.489999771118164 AB 6.1401330242357375 1.0695077335988976
62150.086 lsst_hardware_u 3.501172792181707 2.7100000381469727 28.450000762939453 AB 7.322793470460134 1.0768813927147256
62150.1062 lsst_hardware_r 29.900090714134127 22.690000534057617 31.5 AB 7.335749051094343 1.0688318190035468
62152.0762 lsst_hardware_i -18.569859971643883 30.690000534057617 31.25 AB 3.609313495273366 1.080713674758094
62152.096 lsst_hardware_z -23.39117684689787 41.4900016784668 30.950000762939453 AB 3.993275667171642 1.0692932567068205
62154.0877 lsst_hardware_r -2.7312447595620153 22.530000686645508 31.489999771118164 AB 4.19942669913269 1.0699857823129346
62154.1079 lsst_hardware_u 3.610395799771405 2.6700000762939453 28.43000030517578 AB 4.232162365891747 1.0718405384048997
62156.0774 lsst_hardware_g 2.411955374771885 14.609999656677246 31.440000534057617 AB 8.839061914989044 1.0718886663621698
62156.0975 lsst_hardware_r 13.356917510867117 22.93000030517578 31.5 AB 8.236291021333097 1.0699260874685759
62158.0753 lsst_hardware_i 27.78876236222515 33.470001220703125 31.260000228881836 AB 11.561066502265163 1.0704691205801076
62158.0955 lsst_hardware_z 30.74941195533277 42.70000076293945 30.950000762939453 AB 11.9243185075858 1.0711668382754802
62160.0727 lsst_hardware_r -92.51091005359325 43.90999984741211 31.6200008392334 AB 13.876281418021243 1.0696071854023659
62160.0931 lsst_hardware_z -23.172201065775408 47.41999816894531 30.959999084472656 AB 13.919381465239097 1.0726538032152086
62163.0655 lsst_hardware_z -12.995492505558518 60.0099983215332 30.979999542236328 AB 12.190953743415209 1.0693819073171236
62163.0854 lsst_hardware_i -42.813243755428225 65.31999969482422 31.329999923706055 AB 12.191301631874794 1.0729260999655124
62165.0417 lsst_hardware_y 86.17777297980571 59.130001068115234 30.059999465942383 AB 13.710817000766333 1.0797619310731086
62165.0602 lsst_hardware_z 54.312186293950305 67.83999633789062 30.989999771118164 AB 13.511933384538548 1.0693486731636808
62167.0398 lsst_hardware_y 56.01188937674492 56.16999816894531 30.049999237060547 AB 9.149288661873975 1.07670357892015
62167.0566 lsst_hardware_r 72.93052105322268 79.58000183105469 31.649999618530273 AB 9.66948181610004 1.069041660154786
62171.0391 lsst_hardware_y 27.837685454039764 50.0099983215332 30.049999237060547 AB 9.682577111609795 1.070726209400619
62171.0576 lsst_hardware_g -1.1129375296961967 13.600000381469727 31.420000076293945 AB 10.377880068942995 1.0702523274949807
62173.0286 lsst_hardware_y -58.74864709777987 63.65999984741211 30.059999465942383 AB 5.678608887456291 1.073156739574073
62173.047 lsst_hardware_i -32.554754711187954 30.889999389648438 31.25 AB 5.031687036232294 1.0690553193128103
62175.0279 lsst_hardware_y -7.713822445155078 63.33000183105469 30.049999237060547 AB 7.214738568233026 1.0708331826691255
62175.0465 lsst_hardware_i -15.091657223751515 30.6299991607666 31.25 AB 10.662062376283185 1.0701927054561426
62177.0262 lsst_hardware_y 47.74621175758272 62.20000076293945 30.059999465942383 AB 2.674057756364464 1.0696231025457856
62177.0441 lsst_hardware_g 7.605501165919903 13.90999984741211 31.40999984741211 AB 2.785565846395716 1.0713714793829676
62179.024 lsst_hardware_y -35.92081254279675 64.38999938964844 30.059999465942383 AB 2.8111612272439537 1.069018086161959
62179.0419 lsst_hardware_i -26.683564765072656 30.649999618530273 31.239999771118164 AB 2.0816790383111945 1.0730304321192297
