data/validation/pwv_sim_epoch_fit_epoch/43569556.ecsv
# %ECSV 0.9
# ---
# datatype:
# - {name: time, datatype: float64}
# - {name: band, datatype: string}
# - {name: flux, datatype: float64}
# - {name: fluxerr, datatype: float64}
# - {name: zp, datatype: float64}
# - {name: zpsys, datatype: string}
# - {name: pwv, datatype: float64}
# - {name: airmass, datatype: float64}
# meta: {SNID: '43569556', alt: 1024.0, c: 0.039656348526477814, dec: -42.410164, lat: -30.244573, lon: -70.7499537, ra: 214.683792, t0: 60723.36328125,
#   x0: 5.644319874882437e-06, x1: 0.4300796389579773, z: 0.5836796164512634}
# schema: astropy-2.0
time band flux fluxerr zp zpsys pwv airmass
60723.3772 lsst_hardware_z 1472.8575102200357 68.662092535443 30.989999771118164 AB 3.379272462290683 1.024021958269904
60723.3888 lsst_hardware_y 557.1223887191456 62.559440301193156 30.06999969482422 AB 3.3782951878469976 1.0237258144990902
60725.3706 lsst_hardware_z 1402.517722530945 64.40158057936263 30.979999542236328 AB 3.1525372791662956 1.024243870312591
60725.3812 lsst_hardware_y 578.6583232743116 56.30594761564034 30.059999465942383 AB 2.1890379606698134 1.023512781143104
60730.3769 lsst_hardware_r 1623.9233052957563 46.314291302820116 31.520000457763672 AB 10.976958929991984 1.0253409966676823
60730.3884 lsst_hardware_z 1230.0449905865157 55.401348545190366 30.959999084472656 AB 11.05175291810264 1.0307948531951256
60732.3623 lsst_hardware_i 1540.5315890082165 48.61108775697711 31.260000228881836 AB 6.765022796414503 1.0235301908487031
60732.3736 lsst_hardware_z 1257.0921790507327 53.50502215260299 30.950000762939453 AB 6.952047435456165 1.0260945995286026
60734.3637 lsst_hardware_r 1351.121285120113 43.126470199997755 31.510000228881836 AB 4.856738498759422 1.0246824196971196
60734.3746 lsst_hardware_u 1.779329906258065 2.729636581412258 28.440000534057617 AB 4.89977760407443 1.0290947973902715
60737.3567 lsst_hardware_g 147.82685405639367 18.17929802366364 31.420000076293945 AB 6.045509541009764 1.0250100951186623
60737.3686 lsst_hardware_i 1204.2956772246564 45.99214253846838 31.25 AB 6.172250981225723 1.0303685350663563
60739.3533 lsst_hardware_z 1096.4376821967844 51.36754985496429 30.950000762939453 AB 9.944258601386785 1.0256659350779271
60739.3658 lsst_hardware_r 1021.3892822384536 39.22666043824293 31.5 AB 10.00655518473584 1.0320912992980367
60741.3549 lsst_hardware_u 1.432933019145207 2.721784831113064 28.440000534057617 AB 8.847471124704121 1.028775712174898
60741.3669 lsst_hardware_g 114.13076930248067 17.223026947739104 31.420000076293945 AB 8.919695327298921 1.0371738752673165
60743.3536 lsst_hardware_r 760.1905548863682 36.02790695499512 31.5 AB 7.022655135196569 1.0312395112808659
60743.365 lsst_hardware_i 970.7858828282865 42.61903588878015 31.239999771118164 AB 7.082251981272726 1.0404366066215258
60750.2991 lsst_hardware_r 411.47942624977037 103.40693029621978 31.65999984741211 AB 7.955404920684956 1.0250709658350807
60750.3113 lsst_hardware_i 699.8067607727514 83.59205453977003 31.34000015258789 AB 7.93505042529227 1.0234372861512127
60752.3085 lsst_hardware_r 429.0592762077797 90.89789090519504 31.65999984741211 AB 6.2358022862912685 1.023605102805492
60752.3216 lsst_hardware_z 781.6608627018561 70.84659374974889 31.0 AB 6.219184207739224 1.027172022859339
60754.3021 lsst_hardware_z 686.1420984011176 61.572177539751365 30.989999771118164 AB 4.90038182560228 1.0235250014312165
60754.3159 lsst_hardware_i 581.0696097187711 61.84307431381746 31.329999923706055 AB 4.906722029029952 1.0270659587357085
60756.3069 lsst_hardware_z 677.653753652945 51.117049971983754 30.969999313354492 AB 5.942755400822979 1.0256740422545703
60756.3204 lsst_hardware_r 251.89958106856076 41.699969006537145 31.610000610351562 AB 5.973549877300637 1.0328011775294303
60758.3014 lsst_hardware_y 271.04373765965994 49.25488973552025 30.059999465942383 AB 6.208667288300525 1.0256608956443598
60758.3147 lsst_hardware_g 50.18447305888481 18.955180105138066 31.540000915527344 AB 6.200954496029158 1.0326318894303343
60760.294 lsst_hardware_r 175.9916842451601 27.416759362483848 31.510000228881836 AB 6.528497035097291 1.0250427123720036
60760.3059 lsst_hardware_i 418.9006725172829 36.13819256807181 31.260000228881836 AB 6.582046660570594 1.0304305161880427
60762.2897 lsst_hardware_z 533.0355320815117 47.093301151256036 30.959999084472656 AB 7.885335945172734 1.0254012932604335
60762.3019 lsst_hardware_r 210.82239232214337 26.931820027657405 31.5 AB 7.575655417937323 1.0313562467694377
60764.2852 lsst_hardware_u 5.649979340370492 2.9290422009239183 28.559999465942383 AB 6.83380883343053 1.0257252248454465
60764.2986 lsst_hardware_r 218.26697987921224 26.663906531119725 31.510000228881836 AB 6.687849025779433 1.0328325587088425
60767.2937 lsst_hardware_i 306.93157961587593 34.69284571211217 31.25 AB 9.13203017579096 1.0353286608672227
60767.3065 lsst_hardware_z 477.9555517412295 46.434381135948115 30.950000762939453 AB 9.239951825099823 1.0479403243754937
60769.2832 lsst_hardware_r 158.05405629710347 25.787883914894252 31.5 AB 6.605174851287534 1.0316287252115057
60769.2958 lsst_hardware_u 0.3750794045895496 2.815858359187816 28.389999389648438 AB 7.12290980377141 1.0422118157518554
60775.2772 lsst_hardware_r 166.88149623334982 71.70174812346627 31.649999618530273 AB 4.186103839160039 1.040025798549078
60775.2884 lsst_hardware_z 486.8595582103412 59.22336481780568 30.969999313354492 AB 4.437272986282119 1.0525257132908763
60780.2149 lsst_hardware_z 393.7682442030583 83.92505936167396 31.0 AB 10.31674863694738 1.0258276461119002
60780.2259 lsst_hardware_i 288.03727847915667 94.09808181971941 31.34000015258789 AB 10.249080991777333 1.0235093031301223
60782.2174 lsst_hardware_z 378.2973242287252 63.59144265151162 30.989999771118164 AB 13.63672094664027 1.0238290915441417
60782.2306 lsst_hardware_r 114.81989508840175 80.55401450094028 31.65999984741211 AB 13.532652024197084 1.0242180753971253
60784.2171 lsst_hardware_y 235.82580698709188 70.58058594586774 30.809999465942383 AB 9.197330722230403 1.0234323556603224
60795.2017 lsst_hardware_g -20.75580817011452 14.49435099531523 31.440000534057617 AB 11.209461906954857 1.0261472840994332
60795.2132 lsst_hardware_i 141.12999697848736 32.764709860547875 31.260000228881836 AB 10.178514357860998 1.0323036874098375
60800.1875 lsst_hardware_y 125.26659342539021 48.06656168424491 30.059999465942383 AB 9.541280393790494 1.0259441283645692
60800.2 lsst_hardware_g 21.64735484546542 16.45381772971232 31.5 AB 9.6033683969971 1.0326202577416235
60802.1855 lsst_hardware_r 134.96918359097307 48.747862525996624 31.6299991607666 AB 6.569260154857606 1.0273699268651688
60802.1971 lsst_hardware_i 107.84323442999553 45.533481160812975 31.309999465942383 AB 6.606842463689964 1.0345147848203813
60804.1876 lsst_hardware_z -5.724559777754372 58.41999816894531 30.989999771118164 AB 7.914509572269425 1.0316096939871793
60804.1991 lsst_hardware_r -52.085334141456414 75.55000305175781 31.65999984741211 AB 7.944809765380884 1.0410775441663012
60806.1835 lsst_hardware_z -26.276030995029355 87.41000366210938 31.0 AB 8.041926172191452 1.0325385083381138
60806.1954 lsst_hardware_r 137.40853024232246 129.80999755859375 31.670000076293945 AB 8.117421621311221 1.0428565558500953
60808.137 lsst_hardware_z -247.32012926257647 127.55999755859375 31.75 AB 7.114867195887598 1.0263801494356026
60810.134 lsst_hardware_r 121.43842435592975 90.31999969482422 31.65999984741211 AB 7.084833254026141 1.0254869917172291
60810.1466 lsst_hardware_z -28.960446227149863 65.1500015258789 30.989999771118164 AB 7.129089209214758 1.0234366612103971
60812.1334 lsst_hardware_r -137.42616839571483 55.52000045776367 31.639999389648438 AB 8.07195374718522 1.0241971447658702
60812.147 lsst_hardware_y 3.997550532595325 49.38999938964844 30.059999465942383 AB 8.037747596643724 1.0239168912921943
60819.1151 lsst_hardware_r -7.479758738990941 22.93000030517578 31.5 AB 8.870268020263547 1.0240438721153946
60819.1271 lsst_hardware_u -1.003375663063662 2.690000057220459 28.440000534057617 AB 7.703589231654896 1.0238008148919915
60824.1092 lsst_hardware_r 24.44293798169594 22.790000915527344 31.5 AB 9.723473281760432 1.0234516821725248
60824.1211 lsst_hardware_z -60.04797136324678 40.83000183105469 30.950000762939453 AB 9.838967757413274 1.0256403374766483
60826.1091 lsst_hardware_r 46.787514157238256 22.81999969482422 31.5 AB 9.057380582170724 1.023972782126627
60826.1211 lsst_hardware_u -1.9726692597657305 2.759999990463257 28.5 AB 9.134001220605315 1.0279092078106842
60842.0104 lsst_hardware_i -23.952536710893185 30.790000915527344 31.25 AB 9.67446407963619 1.0555112280942855
60842.0178 lsst_hardware_u -0.564120188632091 2.7699999809265137 28.5 AB 9.570785751036468 1.0463496384216542
60844.0832 lsst_hardware_r 41.246216873505944 22.6200008392334 31.5 AB 5.7788063465185 1.0351336899662944
60844.0949 lsst_hardware_z -18.490224665203502 41.2599983215332 30.950000762939453 AB 5.382973713199713 1.0463889807295497
60847.0825 lsst_hardware_r -8.393562643828155 22.540000915527344 31.489999771118164 AB 3.538262652453066 1.0418912404160972
60847.0957 lsst_hardware_u 0.15947305013677432 2.640000104904175 28.399999618530273 AB 3.173235551867034 1.057745183955678
60849.0112 lsst_hardware_u 1.7096596914717759 2.7100000381469727 28.469999313354492 AB 3.349779098173145 1.0344677847052792
60849.0182 lsst_hardware_g 26.382315449370882 13.779999732971191 31.43000030517578 AB 3.323283764108519 1.0297305610746992
60851.0411 lsst_hardware_r -27.413938526741514 22.469999313354492 31.5 AB 5.216702844683149 1.0240207115127558
60851.0532 lsst_hardware_i -16.97148047718875 30.200000762939453 31.25 AB 4.876237132806561 1.0280913204314908
60861.0172 lsst_hardware_i -66.49325576932308 55.939998626708984 31.31999969482422 AB 3.8869602575827127 1.0247720162358573
60861.0294 lsst_hardware_r -113.43114411354239 65.33999633789062 31.649999618530273 AB 3.9037252151296955 1.0300066530685212
60863.014 lsst_hardware_z -75.78490655651089 94.55000305175781 31.739999771118164 AB 3.07632271958779 1.0254409065292633
60865.0033 lsst_hardware_z -46.809307746502995 67.37000274658203 30.989999771118164 AB 2.471918868817526 1.0240989617058627
60865.0155 lsst_hardware_r 51.84736095201942 96.95999908447266 31.65999984741211 AB 2.486830087261211 1.028359386854697
60871.9966 lsst_hardware_g -2.4064335562802976 14.050000190734863 31.43000030517578 AB 4.394311076467745 1.0284703720863813
60872.009 lsst_hardware_r 1.7439225610906448 22.809999465942383 31.5 AB 4.543894854997449 1.0370045883488215
60874.9978 lsst_hardware_u -1.9571855032257164 2.700000047683716 28.450000762939453 AB 2.144696841205321 1.034544442435336
60875.0108 lsst_hardware_g -5.151873303059725 13.970000267028809 31.43000030517578 AB 1.6796735936620268 1.0470148628094291
60876.9956 lsst_hardware_r -22.297702453789995 22.600000381469727 31.479999542236328 AB 5.702306144703392 1.0372229693876296
60877.0065 lsst_hardware_i 4.458246488435703 30.440000534057617 31.239999771118164 AB 5.852760622854077 1.048365164632856
61085.3779 lsst_hardware_u -1.4388129364126425 3.549999952316284 28.65999984741211 AB 2.619893831604546 1.026403068209405
61085.3881 lsst_hardware_y 120.0410838330381 58.11000061035156 30.06999969482422 AB 2.5856979726189055 1.0237347214169674
61087.38 lsst_hardware_i -60.349644893964125 31.440000534057617 31.260000228881836 AB 3.58046482928725 1.0241604202766734
61087.3908 lsst_hardware_y -9.216274183113704 62.27000045776367 30.06999969482422 AB 3.5262618526035077 1.023588346183892
61089.3823 lsst_hardware_r -8.199186457347817 23.65999984741211 31.520000457763672 AB 4.6438477613112825 1.0234375231540018
61089.395 lsst_hardware_y -92.72832502515381 75.7699966430664 30.079999923706055 AB 4.71410283766207 1.0256968750352633
61091.3701 lsst_hardware_g 6.171925255893057 14.25 31.459999084472656 AB 3.8549248538311853 1.0239750807059993
61091.3839 lsst_hardware_y -5.8766187762981446 48.369998931884766 30.059999465942383 AB 2.7652461865895295 1.0241652542924182
61093.3737 lsst_hardware_i 24.830367911939515 30.489999771118164 31.25 AB 9.562600111376724 1.023531627344917
61093.3861 lsst_hardware_z -14.497109279388114 43.189998626708984 30.959999084472656 AB 8.830316874517447 1.0264528057327535
61095.3745 lsst_hardware_r 6.508561421920785 22.670000076293945 31.5 AB 10.361065096986234 1.0244955600184016
61095.3856 lsst_hardware_y 79.30909447677243 47.88999938964844 30.049999237060547 AB 11.03230023768238 1.0287726063813853
61098.3626 lsst_hardware_u 6.185774443261131 2.680000066757202 28.440000534057617 AB 5.323759643479082 1.023799931438285
61098.374 lsst_hardware_r 23.16453815590416 22.56999969482422 31.489999771118164 AB 5.340959953888033 1.0271076834400064
61100.3635 lsst_hardware_i -99.02379632183418 42.72999954223633 32.0 AB 4.3477808526886665 1.025218515076911
61100.376 lsst_hardware_z -30.11640512747657 57.810001373291016 31.690000534057617 AB 4.288774257318478 1.031161913200195
61102.3629 lsst_hardware_r 74.60500968483271 82.2300033569336 31.65999984741211 AB 6.09439394249587 1.0270296498981917
61102.3744 lsst_hardware_z 105.17631485389076 59.5099983215332 30.979999542236328 AB 6.183838123059415 1.0338561284651273
61104.3585 lsst_hardware_y 1.592180327200846 54.619998931884766 30.059999465942383 AB 9.95502274730556 1.0275091858704195
61104.3712 lsst_hardware_r -78.60278714850429 90.79000091552734 31.65999984741211 AB 10.025107700070794 1.0356248753979282
61106.3573 lsst_hardware_i -78.01279189376186 70.80000305175781 31.329999923706055 AB 8.855771945606547 1.029740923907738
61106.3686 lsst_hardware_z -60.65191445589548 64.66999816894531 30.979999542236328 AB 8.927379572441781 1.0380673921443933
61108.3622 lsst_hardware_r -43.47451194581206 86.80999755859375 32.400001525878906 AB 7.076223477354897 1.037239900914406
61108.3743 lsst_hardware_z 134.48364120141025 75.62999725341797 31.729999542236328 AB 7.257017480366251 1.049827124017761
61112.3478 lsst_hardware_i -41.07013583516567 31.65999984741211 31.260000228881836 AB 13.407261846073805 1.0343912237066546
61112.36 lsst_hardware_z -29.964599829660948 41.63999938964844 30.950000762939453 AB 13.391529646980626 1.0458864141659345
61115.3364 lsst_hardware_r 33.56397408851794 22.459999084472656 31.489999771118164 AB 7.825090742827126 1.0320615593283047
61115.3492 lsst_hardware_u 0.6477086664887838 2.640000104904175 28.399999618530273 AB 7.903874450402644 1.0430715210033183
61117.319 lsst_hardware_g -0.8110968129476552 13.770000457763672 31.40999984741211 AB 6.296723736429278 1.025859194595842
61117.3327 lsst_hardware_r 0.0022693638073253697 22.459999084472656 31.489999771118164 AB 6.265272024877616 1.033304896901201
61119.3047 lsst_hardware_i 62.28140819063805 30.030000686645508 31.239999771118164 AB 4.9103238081755824 1.0237305969301747
61119.318 lsst_hardware_z 70.80621249330642 40.650001525878906 30.940000534057617 AB 4.925804247500564 1.0277258275233725
61123.3025 lsst_hardware_r 7.264880872322551 22.309999465942383 31.479999542236328 AB 6.156958645455852 1.0258178349643206
61123.3157 lsst_hardware_i -10.115126212800094 30.170000076293945 31.25 AB 6.22676292693368 1.032859050138277
61125.2945 lsst_hardware_z 20.893019174763467 40.70000076293945 30.940000534057617 AB 6.549078689470523 1.0250018816992845
61125.3068 lsst_hardware_i -15.29203170115489 30.1200008392334 31.239999771118164 AB 6.557509096944383 1.0305687721113117
61129.2871 lsst_hardware_r -18.148999711911763 58.869998931884766 31.649999618530273 AB 6.865578759252541 1.0261810439189478
61129.3004 lsst_hardware_i 19.818887386968658 49.630001068115234 31.309999465942383 AB 6.565213878450439 1.033647780595242
61132.2903 lsst_hardware_z 44.01443590431695 108.31999969482422 31.75 AB 8.155010617850653 1.0322798250443865
61134.2922 lsst_hardware_z -132.4196900775716 80.83999633789062 31.0 AB 7.084599119048784 1.0381125531612256
61134.3035 lsst_hardware_r 106.7096777538167 117.30000305175781 31.65999984741211 AB 7.2224615559138465 1.0500562004284835
61136.2349 lsst_hardware_z -47.58727891038694 64.87999725341797 30.989999771118164 AB 15.258769719248306 1.0281035184221277
61136.2476 lsst_hardware_r 89.16292830410472 86.12999725341797 31.65999984741211 AB 15.230584322513367 1.0239277735644448
61138.2336 lsst_hardware_i -11.60236288882067 46.2599983215332 31.309999465942383 AB 9.537043943131748 1.0262610505898564
61138.2458 lsst_hardware_z 3.0952567597467957 48.790000915527344 30.969999313354492 AB 9.49862158386503 1.023521595905143
61140.2686 lsst_hardware_g -30.046440985874355 27.93000030517578 31.639999389648438 AB 4.154467315179547 1.0323795357662986
