data/validation/pwv_sim_epoch_fit_epoch/43580700.ecsv
# %ECSV 0.9
# ---
# datatype:
# - {name: time, datatype: float64}
# - {name: band, datatype: string}
# - {name: flux, datatype: float64}
# - {name: fluxerr, datatype: float64}
# - {name: zp, datatype: float64}
# - {name: zpsys, datatype: string}
# - {name: pwv, datatype: float64}
# - {name: airmass, datatype: float64}
# meta: {SNID: '43580700', alt: 1024.0, c: -0.12577015161514282, dec: -19.15501, lat: -30.244573, lon: -70.7499537, ra: 55.371094, t0: 63123.52734375,
#   x0: 1.695757054825905e-05, x1: 0.5894201397895813, z: 0.36770886182785034}
# schema: astropy-2.0
time band flux fluxerr zp zpsys pwv airmass
63110.3958 lsst_hardware_z 1282.0114041886934 66.87182027091512 30.979999542236328 AB 0.6478014372256234 1.021097759977339
63110.4138 lsst_hardware_y 397.4092014238084 61.031607990258344 30.059999465942383 AB 0.6860820011087329 1.0204491836024783
63113.3924 lsst_hardware_y 1272.7598487214314 80.66456260908792 30.809999465942383 AB 2.3962408457773683 1.0198577814977272
63118.3767 lsst_hardware_r 5503.768351903619 79.87231817821028 31.56999969482422 AB 3.6473786073899497 1.0202933304275117
63118.3976 lsst_hardware_y 641.2606118582548 54.04390804135477 30.049999237060547 AB 3.6619093419654454 1.0224988855078496
63121.3526 lsst_hardware_u 48.882291942316705 7.055664300526616 28.420000076293945 AB 3.3993485824636656 1.0285472261614723
63121.373 lsst_hardware_r 5606.34534699652 77.04581745727003 31.5 AB 3.4370710613527042 1.0195242302863046
63123.373 lsst_hardware_z 2381.5420864937246 62.61046501892168 30.950000762939453 AB 1.5175327216620862 1.0195046836829602
63123.3909 lsst_hardware_y 610.2465683313234 53.2209096978747 30.049999237060547 AB 1.255009054094043 1.0265222990341347
63125.3531 lsst_hardware_r 5288.535636094541 76.07725797297068 31.489999771118164 AB 4.262973415552269 1.021744482126571
63125.3716 lsst_hardware_u 28.09325697441779 6.026397000455184 28.40999984741211 AB 4.203493104051874 1.020141512935855
63130.2317 lsst_hardware_r 4501.227948170123 70.60491343475015 31.43000030517578 AB 4.344497377449391 1.3157169525891554
63130.2686 lsst_hardware_i 3649.653531980225 67.40087077930147 31.219999313354492 AB 4.454987000657722 1.1458545495207944
63139.2594 lsst_hardware_y 788.4466162179393 82.19884271100167 30.790000915527344 AB 2.5898355068613212 1.1004966743036777
63139.2872 lsst_hardware_r 7340.572771425665 153.0411506795238 32.40999984741211 AB 2.4394122980280852 1.0462097060878135
63144.3202 lsst_hardware_r 2587.065751763403 79.30347083777306 31.649999618530273 AB 7.047804914692769 1.0202504249509856
63144.341 lsst_hardware_z 1388.7683312028228 64.55096209574299 30.969999313354492 AB 7.848419392458524 1.0326867621655953
63146.3089 lsst_hardware_z 1355.1011587694916 57.65161701446042 30.959999084472656 AB 4.664849544432784 1.0194164214232484
63146.3298 lsst_hardware_r 2163.6290840596416 61.9070928627641 31.6200008392334 AB 4.756445629338722 1.0277540253542723
63148.2975 lsst_hardware_i 2040.4714748746524 54.829096711805384 31.270000457763672 AB 2.7539971588111363 1.01974715828599
63148.3146 lsst_hardware_z 1397.2533668540327 55.008443447423346 30.959999084472656 AB 2.7719577403139666 1.0220140991110578
63150.2972 lsst_hardware_r 1564.1813283163028 44.863317975352814 31.489999771118164 AB 4.591170558700623 1.0193917534027952
63150.3155 lsst_hardware_u 5.15689376827524 2.9077880359145314 28.389999389648438 AB 4.620496474824477 1.025390817929326
63152.2963 lsst_hardware_g 506.83927491336794 25.373008415771896 31.40999984741211 AB 5.354078045236963 1.0198243895689454
63152.3138 lsst_hardware_r 1311.624513142996 42.56698967422937 31.489999771118164 AB 5.39894853939889 1.0280447869371676
63154.291 lsst_hardware_i 1614.4157647066415 50.02061576985371 31.239999771118164 AB 6.481499825625242 1.019852065292968
63154.3078 lsst_hardware_z 1206.1755682908763 53.325973776684854 30.950000762939453 AB 5.86127738164224 1.0276332268673205
63158.2723 lsst_hardware_r 936.1981022801587 37.788397239542476 31.5 AB 3.689884119272373 1.0194927572127328
63158.291 lsst_hardware_i 1438.4524441763901 48.654160857734134 31.25 AB 3.7423630364137606 1.0238089649134854
63160.2776 lsst_hardware_z 1098.0718373440945 52.878697244067766 30.950000762939453 AB 2.021669068083577 1.0205295649084187
63160.2951 lsst_hardware_i 1423.233867460435 47.96640734816352 31.25 AB 2.390399743232176 1.0306408780822376
63162.2604 lsst_hardware_r 820.327257627493 35.73749792398791 31.5 AB 3.6849738959468086 1.0195915783113143
63162.2782 lsst_hardware_u -5.1819083736210505 2.747786345596017 28.459999084472656 AB 3.7111970798494753 1.0228379641293914
63164.2503 lsst_hardware_y 336.9567253486905 50.436315248315246 30.049999237060547 AB 3.877906971025335 1.0205018344803514
63164.2666 lsst_hardware_r 813.4185065187265 41.263757271105064 31.56999969482422 AB 3.8779272860342853 1.0205071805353383
63167.2564 lsst_hardware_i 1169.4478710660878 71.58046132833712 31.329999923706055 AB 2.3266695692377177 1.0200217313624365
63167.2714 lsst_hardware_z 958.6672068444524 65.55957542097607 30.979999542236328 AB 2.3455829704078925 1.026962771632177
63171.2468 lsst_hardware_z 867.2237592757716 71.40860799760948 30.989999771118164 AB 5.0149790756796175 1.0203243232253676
63171.2658 lsst_hardware_r 661.2740491925889 98.62276729330375 31.65999984741211 AB 5.16592756673749 1.0312948062028355
63180.2279 lsst_hardware_i 692.1765177237993 39.717478216884984 31.260000228881836 AB 9.238166973429477 1.0222980789483007
63180.2465 lsst_hardware_z 513.5887160101119 46.82513963310037 30.950000762939453 AB 9.357215914317557 1.0365809144031857
63182.2292 lsst_hardware_r 387.58260059667924 29.952908294719837 31.489999771118164 AB 7.103099383491471 1.0260887516780746
63182.248 lsst_hardware_u -5.707847570686822 3.2860615140126015 28.3700008392334 AB 7.136854310221494 1.0451186981836347
63185.2064 lsst_hardware_u -3.5096172906025416 2.9361387906006855 28.399999618530273 AB 4.048817328689764 1.019853231407735
63185.2243 lsst_hardware_g 105.33430378848672 17.878847870020202 31.420000076293945 AB 7.618147500466543 1.0285064804194064
63190.1906 lsst_hardware_i 540.3380365074777 38.12209298162764 31.25 AB 5.129764450912138 1.0195467381775452
63190.2109 lsst_hardware_z 359.33483998390665 45.40155890064857 30.950000762939453 AB 5.063548897267944 1.0287061602454048
63192.1927 lsst_hardware_r -31.35504114581532 28.850000381469727 31.549999237060547 AB 3.8283932910315968 1.0213134029697828
63192.2125 lsst_hardware_z -15.506173026960266 42.119998931884766 30.950000762939453 AB 3.3127959789108523 1.0352487434096413
63194.1932 lsst_hardware_z -37.259541181344986 48.70000076293945 30.969999313354492 AB 7.9782299007426785 1.0240753766142408
63194.2143 lsst_hardware_i 1.5598280872786519 46.41999816894531 31.309999465942383 AB 7.9416216568934415 1.04386286086556
63200.1798 lsst_hardware_r -81.48424422043169 96.9000015258789 31.65999984741211 AB 4.60225113548184 1.0259142076418668
63200.1995 lsst_hardware_i 99.92411492778012 76.93000030517578 31.329999923706055 AB 4.697235282833165 1.0459995433863416
63203.1778 lsst_hardware_z -33.879295368593354 49.060001373291016 30.969999313354492 AB 6.577454419552433 1.0307236701872553
63203.197 lsst_hardware_r 82.44397397209428 53.709999084472656 31.6299991607666 AB 6.730042458626811 1.0544833099745696
63205.1587 lsst_hardware_r 53.49064613402843 29.579999923706055 31.559999465942383 AB 2.5560011681400745 1.021889522494571
63205.1771 lsst_hardware_u -2.4395865490424264 4.889999866485596 28.8700008392334 AB 2.4700772115760854 1.0353462062563494
63207.1612 lsst_hardware_g -9.032513522377645 13.460000038146973 31.399999618530273 AB 4.60329098896034 1.0262603921436495
63207.1793 lsst_hardware_i -10.282022933551426 30.139999389648438 31.239999771118164 AB 4.239702463233735 1.0445189611317407
63209.1624 lsst_hardware_z -38.41034063472498 40.790000915527344 30.950000762939453 AB 5.662077610711462 1.0316100288255747
63209.18 lsst_hardware_r -0.2147859141101399 22.329999923706055 31.489999771118164 AB 6.425299406842585 1.0535004766097578
63212.1019 lsst_hardware_u -0.09379954812109734 2.6700000762939453 28.450000762939453 AB 12.936410038643075 1.0304064920328873
63212.1217 lsst_hardware_g -15.756064694213359 13.529999732971191 31.420000076293945 AB 12.648361763119697 1.0199195056811532
63215.1455 lsst_hardware_r -54.49753469847443 21.950000762939453 31.489999771118164 AB 8.115189134502627 1.0311371516281547
63215.1638 lsst_hardware_i 11.463598871361597 30.059999465942383 31.25 AB 8.295450143638211 1.053788016184363
63217.1045 lsst_hardware_z -34.02559501292315 40.4900016784668 30.950000762939453 AB 9.784474246665333 1.020811084680731
63217.1241 lsst_hardware_r 7.2537972639416015 21.920000076293945 31.489999771118164 AB 9.86552069683199 1.021187340308668
63219.0863 lsst_hardware_r -42.91052240895491 23.600000381469727 31.510000228881836 AB 3.1662396499303744 1.0275550573118224
63219.1057 lsst_hardware_u 1.6699453541933593 2.9000000953674316 28.520000457763672 AB 3.1325384451044402 1.0194852826331837
63221.0865 lsst_hardware_g -14.874875643682097 29.049999237060547 31.649999618530273 AB 3.1739937105897544 1.0238689388999207
63221.105 lsst_hardware_i 4.7250728948091165 35.06999969482422 31.280000686645508 AB 3.160308654414642 1.0194544046498846
63225.0868 lsst_hardware_y 66.37202445220457 74.30999755859375 30.809999465942383 AB 6.168058236291064 1.0198087440649881
63227.0772 lsst_hardware_r 19.70002695425028 91.70999908447266 31.65999984741211 AB 6.612280766602641 1.0208075286148424
63227.0976 lsst_hardware_i -137.99460223824843 75.19000244140625 31.34000015258789 AB 5.164594319234137 1.0214783068105493
63230.0729 lsst_hardware_z -63.571912227134206 57.029998779296875 30.989999771118164 AB 8.578139752649264 1.019851358628323
63230.0949 lsst_hardware_r 8.48798186916169 77.5 31.65999984741211 AB 7.555133127708593 1.0240661184500697
