data/validation/pwv_sim_epoch_fit_epoch/43612716.ecsv
# %ECSV 0.9
# ---
# datatype:
# - {name: time, datatype: float64}
# - {name: band, datatype: string}
# - {name: flux, datatype: float64}
# - {name: fluxerr, datatype: float64}
# - {name: zp, datatype: float64}
# - {name: zpsys, datatype: string}
# - {name: pwv, datatype: float64}
# - {name: airmass, datatype: float64}
# meta: {SNID: '43612716', alt: 1024.0, c: -0.13121171295642853, dec: -8.838267, lat: -30.244573, lon: -70.7499537, ra: 315.351562, t0: 62426.3046875,
#   x0: 3.6851305753378265e-06, x1: 0.10752158612012863, z: 0.6941791772842407}
# schema: astropy-2.0
time band flux fluxerr zp zpsys pwv airmass
62271.4074 lsst_hardware_u 3.1837807561772986 2.9700000286102295 28.530000686645508 AB 8.22905019812046 1.0811930230852616
62271.4265 lsst_hardware_y 18.83122047363692 54.20000076293945 30.049999237060547 AB 8.224505506919128 1.0749933675677716
62276.4025 lsst_hardware_i -25.874786460319154 32.33000183105469 31.260000228881836 AB 7.745898828807851 1.0765668976800349
62276.4211 lsst_hardware_y -29.55671918217291 48.599998474121094 30.040000915527344 AB 6.462392240579684 1.0767513209613335
62281.3897 lsst_hardware_g 13.130715468885372 15.8100004196167 31.459999084472656 AB 8.405751292820929 1.0762805752651923
62281.4109 lsst_hardware_y 18.345206679782805 47.77000045776367 30.040000915527344 AB 8.506574144840828 1.0782829439524155
62284.3675 lsst_hardware_r 166.08793852984286 91.83000183105469 31.649999618530273 AB 9.764052454760735 1.0846938479645016
62284.387 lsst_hardware_i 103.27386192046276 72.16000366210938 31.329999923706055 AB 10.00854119041325 1.0751082630779059
62287.3768 lsst_hardware_z -38.37088003518385 69.7699966430664 30.989999771118164 AB 7.957972694308633 1.0754017154471125
62287.3988 lsst_hardware_r -45.21341848465373 92.0 31.649999618530273 AB 7.998232625671479 1.080842246712362
62301.3317 lsst_hardware_z 17.752260104002158 42.150001525878906 30.940000534057617 AB 13.22710966852439 1.0776088368996204
62301.3547 lsst_hardware_r -9.18331220465312 24.209999084472656 31.5 AB 12.833839444212687 1.077523147156936
62303.3255 lsst_hardware_u 1.6260417966510823 2.759999990463257 28.43000030517578 AB 6.99944797773007 1.0779575678943627
62303.3468 lsst_hardware_g 21.712690095740253 15.25 31.450000762939453 AB 7.153926284888737 1.07654735109869
62305.3271 lsst_hardware_r 14.795248553666935 24.25 31.510000228881836 AB 5.015403535651755 1.0755167609825238
62305.3466 lsst_hardware_i 41.14149292303598 31.81999969482422 31.25 AB 4.7547399647597555 1.0789470817502564
62307.3299 lsst_hardware_z 1.1071989179628159 42.099998474121094 30.950000762939453 AB 3.881370144062711 1.0751469663385702
62307.3507 lsst_hardware_r -28.50295140192355 24.229999542236328 31.510000228881836 AB 4.018743568172431 1.086146910316873
62309.2994 lsst_hardware_r 41.75294110753022 39.439998626708984 31.59000015258789 AB 2.1691351148624096 1.0845675574312048
62309.3198 lsst_hardware_z -86.96303887015678 45.5 30.950000762939453 AB 2.150053178798235 1.0750265893991175
62311.3002 lsst_hardware_z 75.09531068607065 57.09000015258789 30.979999542236328 AB 3.689399548809663 1.079876935111858
62311.3205 lsst_hardware_i -22.958997438042555 60.47999954223633 31.31999969482422 AB 3.670064708951352 1.0753717953659607
62313.3043 lsst_hardware_z -97.60943306253482 111.1500015258789 31.739999771118164 AB 5.948281900822742 1.07573594372416
62313.3258 lsst_hardware_r 56.108923041306646 166.0399932861328 32.400001525878906 AB 5.945291591783329 1.079555414178494
62318.2758 lsst_hardware_y 165.55878514989237 105.4800033569336 31.549999237060547 AB 8.87112009792863 1.083738253605322
62324.2839 lsst_hardware_i 4.172951157725099 31.6299991607666 31.25 AB 1.6902206588795472 1.0752039814755743
62324.3044 lsst_hardware_z 9.487736169105883 42.29999923706055 30.940000534057617 AB 1.6239584590922054 1.0862598388576248
62326.2659 lsst_hardware_r 32.88262174925641 24.290000915527344 31.510000228881836 AB 2.260894808956194 1.0766165756934256
62326.285 lsst_hardware_u 1.1009118234783675 2.819999933242798 28.479999542236328 AB 2.2615402121951944 1.0769239105691402
62329.2554 lsst_hardware_g -11.912648141512285 21.520000457763672 32.20000076293945 AB 8.153115095212176 1.0775516668415435
62329.2763 lsst_hardware_i 21.62079108061267 44.88999938964844 32.0 AB 8.160900291256075 1.0767306215924102
62331.2456 lsst_hardware_z 51.63384779566958 42.029998779296875 30.950000762939453 AB 6.995374000941267 1.0798802085456385
62331.2646 lsst_hardware_r -29.287544862975345 24.270000457763672 31.510000228881836 AB 6.705638427392518 1.0751815332332575
62333.2388 lsst_hardware_u -1.3858114077001527 2.700000047683716 28.3799991607666 AB 3.0931097277432147 1.0807511277928774
62333.2608 lsst_hardware_g -4.485396911300156 15.3100004196167 31.450000762939453 AB 3.535255999761073 1.0754448246288153
62335.2489 lsst_hardware_r -42.48684064141196 24.25 31.5 AB 2.0812552367815886 1.0750285313954486
62335.2667 lsst_hardware_i -45.70598298438361 31.770000457763672 31.239999771118164 AB 2.0258413802304895 1.0801606932713887
62344.2176 lsst_hardware_i -31.773516393317337 121.44999694824219 31.34000015258789 AB 2.4360977325865343 1.0763318406126072
62344.24 lsst_hardware_z -0.46758559508098946 101.61000061035156 31.0 AB 2.479289740730023 1.0788902266014027
62346.2057 lsst_hardware_r 47.47534214851023 78.77999877929688 31.649999618530273 AB 4.5033463416216515 1.0792490034242652
62346.2266 lsst_hardware_z -115.39058162528201 61.31999969482422 30.979999542236328 AB 4.425902050408007 1.0757276311451045
62349.2055 lsst_hardware_g 8.524498715434273 28.440000534057617 31.6200008392334 AB 5.010886698314089 1.0758747607758286
62349.2268 lsst_hardware_i 42.99922144551566 39.0099983215332 31.280000686645508 AB 4.822883049429058 1.0791459368478222
62353.1766 lsst_hardware_u -2.785834776819484 2.740000009536743 28.3799991607666 AB 1.8168479442366297 1.0870649845851394
62353.1953 lsst_hardware_g -12.199440726986472 15.680000305175781 31.459999084472656 AB 1.717167972777066 1.0756951176299565
62355.1645 lsst_hardware_g 4.062006186357988 15.930000305175781 31.479999542236328 AB 2.9494061581563713 1.0945346950110235
62355.1818 lsst_hardware_r 36.977709192915995 25.0 31.530000686645508 AB 3.0378253759367304 1.0788689961597195
62357.1779 lsst_hardware_i -43.13976148453511 32.220001220703125 31.260000228881836 AB 4.079532386024924 1.0780530418916339
62357.199 lsst_hardware_z -24.316251557649714 42.59000015258789 30.950000762939453 AB 4.071523984646869 1.0764345505686934
62361.1601 lsst_hardware_r 0.8187551717662104 24.809999465942383 31.520000457763672 AB 3.558873752681631 1.082382528187844
62361.1785 lsst_hardware_u 0.7589329066788181 2.9600000381469727 28.559999465942383 AB 3.1895370700123578 1.075004068086403
62363.1673 lsst_hardware_g 52.475366164442576 15.65999984741211 31.459999084472656 AB 3.8812024203346227 1.0758703867871442
62363.1856 lsst_hardware_i 6.135940275428146 32.060001373291016 31.25 AB 3.8996276456137426 1.077617311395853
62365.1596 lsst_hardware_z 25.58117709254328 44.349998474121094 30.959999084472656 AB 4.5707134498041695 1.0765596568589548
62365.1782 lsst_hardware_r 49.08566513340536 34.02000045776367 31.59000015258789 AB 4.753393862935782 1.0768090001364756
62368.1141 lsst_hardware_r -29.957714338291815 77.6500015258789 31.6299991607666 AB 2.348413867538936 1.1182923178756838
62368.1337 lsst_hardware_y -76.79737120482439 53.81999969482422 30.030000686645508 AB 2.024841442618561 1.0890635700516664
62370.1457 lsst_hardware_z 161.27336319583966 101.9800033569336 31.0 AB 2.169088528322792 1.0766488393395723
62370.1635 lsst_hardware_r 32.76443510759666 147.63999938964844 31.649999618530273 AB 2.165606804291377 1.0764344980323306
62373.0932 lsst_hardware_r 84.12409583986108 122.31999969482422 31.639999389648438 AB 4.327987446269771 1.1335745013804281
62373.1125 lsst_hardware_z 19.227031195123022 81.97000122070312 30.989999771118164 AB 4.283454829256988 1.0983217510915355
62377.1122 lsst_hardware_g 15.668640845299919 15.289999961853027 31.450000762939453 AB 5.4264626622888485 1.0859803199937659
62377.1284 lsst_hardware_i -10.088379984654077 38.599998474121094 31.280000686645508 AB 5.595503773898819 1.076058418057465
62379.1091 lsst_hardware_z 89.6705625776596 42.52000045776367 30.940000534057617 AB 3.5916051370483144 1.0838764119449698
62379.125 lsst_hardware_r 21.344785948841118 24.290000915527344 31.5 AB 5.055058425601891 1.0755443458727427
62384.0955 lsst_hardware_g 11.04666762731468 15.220000267028809 31.440000534057617 AB 1.6187947638147555 1.0838329055279288
62384.1145 lsst_hardware_r -9.589559004175733 24.149999618530273 31.5 AB 1.5871775009902345 1.0750807186657718
62388.0847 lsst_hardware_r 39.60175529501996 24.270000457763672 31.5 AB 2.7259436358012175 1.0837305734698717
62388.1036 lsst_hardware_u 1.3320908910449618 2.759999990463257 28.420000076293945 AB 2.693788863059984 1.0750787001702744
62391.0922 lsst_hardware_g -3.3775412877164444 15.520000457763672 31.459999084472656 AB 3.15298066586257 1.0755519924484291
62391.1108 lsst_hardware_i 24.52633059934318 31.850000381469727 31.260000228881836 AB 3.1686849379483846 1.0784259126852311
62394.0592 lsst_hardware_r 10.879662684403108 36.22239409990282 31.59000015258789 AB 1.284535772374509 1.093066888987056
62394.0777 lsst_hardware_z 20.585446737140774 44.9589132184091 30.950000762939453 AB 1.2832275080750355 1.0776632442368554
62402.0664 lsst_hardware_r 112.19998119662796 100.80476664230234 31.649999618530273 AB 1.4455336602006426 1.0750126377299443
62402.0871 lsst_hardware_z 143.27671213532835 70.5177214337896 30.989999771118164 AB 1.4072889672838567 1.0825299748337358
62405.0342 lsst_hardware_u 7.394322370101232 4.280213277221025 28.5 AB 3.5084027643566174 1.0874834213020836
62405.0528 lsst_hardware_g 88.12563323830304 18.107273880291622 31.450000762939453 AB 3.2024643482918154 1.0758257657820829
62408.0325 lsst_hardware_r 490.93490093769924 32.49415983903065 31.5 AB 3.679678455808639 1.0818341206807054
62408.053 lsst_hardware_z 353.94535419867486 45.19179437151778 30.950000762939453 AB 3.6486462924402283 1.0750547673357742
62410.0255 lsst_hardware_r 634.3580304952177 34.65844973889239 31.489999771118164 AB 6.599099031806958 1.083017934896313
62410.0438 lsst_hardware_u 2.145445314008758 4.525218936344914 28.3799991607666 AB 6.147178372063451 1.075057427783006
62412.0259 lsst_hardware_g 243.2197379188192 22.505553297300857 31.440000534057617 AB 2.2131590705393824 1.0790195769094622
62412.0451 lsst_hardware_r 769.8963199407132 37.242067108241734 31.5 AB 3.1016061499870027 1.0754528952800522
62415.0256 lsst_hardware_i 937.3567929205662 43.59630337569582 31.260000228881836 AB 3.6843412352428824 1.0757985941288801
62415.0447 lsst_hardware_z 595.5692857406116 48.11848533973365 30.950000762939453 AB 4.093863271497007 1.078136313434668
62417.0002 lsst_hardware_y 271.36665417273304 52.27524883718674 30.030000686645508 AB 4.98131379264139 1.0887522632952058
62417.0197 lsst_hardware_r 1173.1003438757716 42.171467912634405 31.510000228881836 AB 4.940054400082381 1.0759129696357141
62424.0038 lsst_hardware_y 832.4990373652095 87.68017046124392 30.799999237060547 AB 7.259725727016957 1.0752494288348986
62425.9965 lsst_hardware_z 979.6097106073146 84.19929524537993 30.989999771118164 AB 7.069782038044166 1.0755791933735228
62426.0151 lsst_hardware_r 1450.974547538779 96.33988808085553 31.639999389648438 AB 7.615358887301533 1.0783572482726613
62635.3842 lsst_hardware_g 20.029073335531294 16.229999542236328 31.450000762939453 AB 9.085402823516452 1.1148189484457318
62635.4044 lsst_hardware_y -67.13685967102725 47.86000061035156 30.030000686645508 AB 8.81223917944346 1.08658929462928
62640.3699 lsst_hardware_r 137.14957501372314 122.29000091552734 32.38999938964844 AB 9.138805583610882 1.1160309676313867
62640.3923 lsst_hardware_y -11.8310804560925 76.70999908447266 30.790000915527344 AB 10.347386903318409 1.0851436110658494
62643.4207 lsst_hardware_r -115.57557699324204 80.6500015258789 31.639999389648438 AB 4.236086009359899 1.0787994930458147
62645.3629 lsst_hardware_i 19.40846821370769 43.91999816894531 31.290000915527344 AB 7.5474934980374915 1.1045651248408614
62645.3878 lsst_hardware_z 23.417514512164832 69.22000122070312 31.709999084472656 AB 7.113298180809129 1.0785895649444892
62647.4061 lsst_hardware_u -2.4352000928099677 3.759999990463257 28.68000030517578 AB 6.021082178457884 1.0770524438240805
62647.4254 lsst_hardware_y 37.434762505154815 50.060001373291016 30.030000686645508 AB 5.498674493429299 1.0923072096601256
62651.3743 lsst_hardware_g 4.551880502876626 15.579999923706055 31.459999084472656 AB 13.280710075073118 1.0772219278975292
62651.3948 lsst_hardware_r 42.80417470725596 24.6200008392334 31.510000228881836 AB 13.914498092280297 1.0769040767969316
62653.3639 lsst_hardware_i 27.63720978428594 32.06999969482422 31.25 AB 7.205690994197548 1.0797738752543862
62653.3842 lsst_hardware_z 3.3249917637258166 42.5 30.950000762939453 AB 6.721113353423002 1.0754354931073304
62656.3684 lsst_hardware_r -6.677194443898894 24.5 31.510000228881836 AB 12.868112471389482 1.0751650141111933
62656.3891 lsst_hardware_g 17.41337691008882 15.5 31.450000762939453 AB 12.56563111493627 1.0812400391460888
62673.3031 lsst_hardware_i 45.758420593950916 51.279998779296875 31.309999465942383 AB 3.2008649384554158 1.0843650629965838
62673.3326 lsst_hardware_z -46.11428443270377 52.439998626708984 30.969999313354492 AB 3.186910785913188 1.0761742861030577
62677.3191 lsst_hardware_z 41.13774518854774 42.18000030517578 30.940000534057617 AB 4.310166871115089 1.0755251082009096
62677.3404 lsst_hardware_r 16.87220908273599 25.100000381469727 31.510000228881836 AB 3.9370732261646775 1.0888425608199155
62681.2947 lsst_hardware_r 0.6338328436284231 24.110000610351562 31.5 AB 2.0542578354535657 1.0763729816367476
62681.3156 lsst_hardware_i -20.039212545292354 31.649999618530273 31.239999771118164 AB 2.126294447237821 1.0781059435861686
62683.2861 lsst_hardware_z -44.865323460937255 42.06999969482422 30.950000762939453 AB 8.824434536489308 1.0775961089863608
62683.3082 lsst_hardware_r -42.97146636431001 24.030000686645508 31.5 AB 9.419233182536471 1.0772224591189927
62687.2857 lsst_hardware_u 0.13004156605008751 2.7699999809265137 28.440000534057617 AB 4.267864117756191 1.0750287450267484
62687.3074 lsst_hardware_r 0.5701132667802865 24.219999313354492 31.510000228881836 AB 4.839681256865481 1.0834905147736749
62689.2552 lsst_hardware_g 4.604738057930525 15.180000305175781 31.440000534057617 AB 1.7320736828949364 1.0883847826747257
62689.2783 lsst_hardware_i 41.55995275420754 31.719999313354492 31.25 AB 1.7153533050572247 1.0751757461836875
62696.2485 lsst_hardware_z 86.39332198697156 79.79000091552734 30.989999771118164 AB 7.051604001765445 1.0786392354516934
62696.2695 lsst_hardware_r -64.44164200016255 118.48999786376953 31.649999618530273 AB 6.743859319861138 1.0760905249499182
62700.0931 lsst_hardware_r -127.77983628816708 99.0 31.469999313354492 AB 4.525839694420027 1.849672240754728
62705.0624 lsst_hardware_r 13.20848096402683 37.2400016784668 32.040000915527344 AB 10.316117013559168 2.168580260361041
62705.081 lsst_hardware_u 0.7654756359708583 2.2100000381469727 27.799999237060547 AB 8.693721962052892 1.8260924828397465
62708.1995 lsst_hardware_g -16.362762211525446 15.390000343322754 31.43000030517578 AB 11.736749052335519 1.0926715229954864
62708.2217 lsst_hardware_i 25.745890237341392 31.860000610351562 31.25 AB 10.948626840471206 1.0761555140282628
62710.1866 lsst_hardware_z -12.481120623141821 42.61000061035156 30.940000534057617 AB 3.5960076023473873 1.1027879179189535
62712.1812 lsst_hardware_u 0.40671039438396395 2.6700000762939453 28.329999923706055 AB 5.3356710068287985 1.1026961522766827
62712.2015 lsst_hardware_g -3.670404293715962 15.4399995803833 31.440000534057617 AB 5.240277790714621 1.0806367563467794
62717.1538 lsst_hardware_g 12.31703358391028 15.670000076293945 31.440000534057617 AB 1.5207973783673363 1.1279090568855399
62717.1774 lsst_hardware_r 41.962153646738564 34.970001220703125 32.25 AB 1.3312334824518697 1.0898350245205646
62724.1506 lsst_hardware_r 33.34098600996463 104.25 31.649999618530273 AB 9.043225541605947 1.0995137288800203
62724.1684 lsst_hardware_z 106.80498265189289 73.94000244140625 30.989999771118164 AB 7.940668632151333 1.080865522360916
62730.1414 lsst_hardware_g 32.535125190569936 60.18000030517578 31.709999084472656 AB 4.568032901320556 1.0903961413082168
62730.1612 lsst_hardware_i -12.535547270008362 53.439998626708984 31.31999969482422 AB 4.5458984225641395 1.0762919475726003
