data/validation/pwv_sim_epoch_fit_epoch/43764624.ecsv
# %ECSV 0.9
# ---
# datatype:
# - {name: time, datatype: float64}
# - {name: band, datatype: string}
# - {name: flux, datatype: float64}
# - {name: fluxerr, datatype: float64}
# - {name: zp, datatype: float64}
# - {name: zpsys, datatype: string}
# - {name: pwv, datatype: float64}
# - {name: airmass, datatype: float64}
# meta: {SNID: '43764624', alt: 1024.0, c: -0.013163487426936626, dec: -8.084014, lat: -30.244573, lon: -70.7499537, ra: 30.761719, t0: 60588.20703125,
#   x0: 2.6596689624895427e-06, x1: 1.157379388809204, z: 0.7935213446617126}
# schema: astropy-2.0
time band flux fluxerr zp zpsys pwv airmass
60520.4259 lsst_hardware_y -75.57770153240217 74.47000122070312 30.790000915527344 AB 4.060469844733194 1.0808224598908285
60527.365 lsst_hardware_z 70.36775786763961 60.040000915527344 31.690000534057617 AB 2.9155799965445586 1.1209457887522332
60527.3859 lsst_hardware_y 58.59612148717413 67.44000244140625 30.780000686645508 AB 3.141691383015898 1.0917179682098508
60531.4132 lsst_hardware_i 0.6786485012142321 31.81999969482422 31.25 AB 5.6420798471121225 1.0850153552138697
60531.434 lsst_hardware_y -103.96980568896423 71.47000122070312 30.040000915527344 AB 5.490750769490315 1.1062256007837847
60535.358 lsst_hardware_u 0.660985127066115 4.010000228881836 29.260000228881836 AB 3.843804472456439 1.0982298492732683
60535.3773 lsst_hardware_g -24.106731613139683 20.610000610351562 32.20000076293945 AB 3.8146228123792314 1.0827768414360577
60537.3522 lsst_hardware_r -2.0875657519579796 23.5 31.489999771118164 AB 6.031542941990755 1.0986417016376602
60537.371 lsst_hardware_i 47.91815952820373 31.200000762939453 31.25 AB 5.907411350639099 1.0831337276566004
60541.3669 lsst_hardware_z 22.623513641710947 62.970001220703125 30.979999542236328 AB 2.8972295374377097 1.0810557975513841
60541.3866 lsst_hardware_r -273.1553114549454 87.41999816894531 31.649999618530273 AB 1.7622128644237895 1.0854406309970985
60546.3575 lsst_hardware_r -121.90050421751756 67.51000213623047 31.639999389648438 AB 2.1570703987915634 1.0806965925809435
60546.376 lsst_hardware_z -103.0580816866941 57.7400016784668 30.979999542236328 AB 2.3609889318667308 1.08751217497316
60549.2853 lsst_hardware_y -3.3304806934965274 48.529998779296875 30.010000228881836 AB 4.1933522629795705 1.1673060024995139
60549.303 lsst_hardware_g -13.62386451854589 18.59000015258789 31.520000457763672 AB 3.4727706855621583 1.124662606648219
60553.2841 lsst_hardware_r 36.85766923026436 23.343301213782272 31.479999542236328 AB 1.909982045207915 1.141878464652002
60553.3006 lsst_hardware_i -40.35579562695555 31.192028400830804 31.239999771118164 AB 1.6930548195407689 1.10965415011684
60555.2857 lsst_hardware_i 53.782334993366774 31.473301011193712 31.239999771118164 AB 1.4148683630150944 1.1264875501712535
60555.3065 lsst_hardware_z -55.32905324264489 41.962761644484914 30.940000534057617 AB 1.6948811831409416 1.0947076913553635
60557.2795 lsst_hardware_r 1.7818151500085184 23.4484010589233 31.479999542236328 AB 2.6462522818027816 1.1279847748519956
60557.298 lsst_hardware_u -0.47429523703374415 2.771987103046716 28.3799991607666 AB 2.042302250622721 1.0981595647924296
60559.2622 lsst_hardware_g 25.85830362729816 15.063618785195471 31.40999984741211 AB 2.2104495609764028 1.1556899064012973
60559.2809 lsst_hardware_i 125.34975897078444 32.37955735989966 31.239999771118164 AB 2.2164506428187574 1.1151017824008507
60566.2347 lsst_hardware_y 73.65367531934567 50.61648619220388 30.010000228881836 AB 1.4203865425532662 1.179886370665974
60566.2518 lsst_hardware_g 14.740234875434107 40.10081960674457 31.65999984741211 AB 2.3127200030471764 1.134613247611043
60568.2672 lsst_hardware_r 225.5053777107672 62.166589656597054 31.6299991607666 AB 4.49090332720109 1.099095283211231
60568.2843 lsst_hardware_i 556.612379401667 54.56440474500858 31.309999465942383 AB 4.379547055514767 1.084135751014465
60571.2592 lsst_hardware_i 767.6687798502526 102.49454764817393 31.329999923706055 AB 6.071757484152094 1.098861186164589
60571.2803 lsst_hardware_z 361.70356837505426 86.21866235112522 30.989999771118164 AB 5.974522674542155 1.0822920473786795
60574.1938 lsst_hardware_z 872.506776968283 104.66342733798986 31.719999313354492 AB 2.786393346960447 1.251186954180538
60574.2161 lsst_hardware_i 1647.2010682894906 112.00291192659813 32.060001373291016 AB 2.559217360147729 1.1700616573993092
60578.2209 lsst_hardware_r 632.879041400023 34.38355286064496 31.479999542236328 AB 3.4879326495129743 1.1306102591615697
60578.2353 lsst_hardware_u 9.392513183145628 2.8774313841080454 28.350000381469727 AB 3.434671952633057 1.105225341402893
60580.2271 lsst_hardware_g 118.86595623817301 18.713671184672364 31.420000076293945 AB 4.147472551657238 1.1093206423688837
60580.2463 lsst_hardware_r 657.8091768337431 34.90210131027991 31.489999771118164 AB 4.077885809415949 1.0874362158441029
60582.2218 lsst_hardware_i 933.1295968708379 43.96855854962925 31.239999771118164 AB 4.174822683275816 1.1090715768814017
60582.2418 lsst_hardware_z 625.4229021823054 48.77571252892499 30.940000534057617 AB 4.094049739519272 1.086747558436332
60584.2163 lsst_hardware_r 609.7157412924381 34.976773616065735 31.489999771118164 AB 3.7388862734483013 1.109132682719655
60584.2349 lsst_hardware_u 3.2943268700719046 2.8584717203239336 28.440000534057617 AB 3.664504898088556 1.0877936617701576
60586.2156 lsst_hardware_g 112.4222164264031 17.996456818152158 31.420000076293945 AB 2.8924084628076407 1.102254804969769
60586.2332 lsst_hardware_i 1004.2467498309986 44.38106610950983 31.25 AB 2.837535357166093 1.0852378979472992
60588.2107 lsst_hardware_z 664.0002450359839 49.077602549125686 30.950000762939453 AB 5.300467615402235 1.1015103107654087
60588.229 lsst_hardware_r 578.6996071953266 34.04251950598449 31.489999771118164 AB 5.252640500294597 1.084509394417329
60590.2052 lsst_hardware_u 6.7811806795955905 2.8094080492754165 28.440000534057617 AB 4.532009597354123 1.1015619843683038
60590.2226 lsst_hardware_g 86.67071149302036 17.470174541072947 31.450000762939453 AB 3.5661835845680665 1.0850457153858215
60592.2045 lsst_hardware_r 535.6448491405245 33.4479173407707 31.510000228881836 AB 3.7344196634640974 1.0957804176831272
60592.2223 lsst_hardware_i 967.8344278849348 44.100310900911964 31.260000228881836 AB 2.858257011326448 1.0825364264587825
60594.1795 lsst_hardware_i 845.8984657018325 46.98669658285357 31.270000457763672 AB 6.886199526034788 1.1259319041914304
60594.1994 lsst_hardware_z 644.5941242155197 50.44758097590227 30.959999084472656 AB 6.860012213281429 1.0953819799789382
60596.1792 lsst_hardware_r 565.011341860712 55.350882591208766 31.610000610351562 AB 8.936964134533458 1.1162833043386016
60596.1978 lsst_hardware_z 577.6716862499859 54.33466528760053 30.959999084472656 AB 8.706570935967182 1.0914593125195609
60599.1785 lsst_hardware_z 537.2279775959923 87.76896357250418 30.989999771118164 AB 7.227785287249139 1.104462287622433
60599.196 lsst_hardware_i 992.4805017102059 102.89343199354678 31.329999923706055 AB 7.107280064867253 1.086324809303449
60601.179 lsst_hardware_z 505.64975772670573 91.69020098195902 30.989999771118164 AB 2.832105003333847 1.0968294348880918
60601.1976 lsst_hardware_r 417.8924371699131 131.2321456157379 31.649999618530273 AB 2.794511175580091 1.0825843913662976
60603.1767 lsst_hardware_y 531.1825112283776 78.68450677801184 30.790000915527344 AB 2.732770045949726 1.0933995916043182
60605.1669 lsst_hardware_r 245.67221412757988 29.4381014338492 31.5 AB 3.602150059632765 1.0982164815953552
60605.1837 lsst_hardware_i 595.1657275637308 45.49125293455588 31.280000686645508 AB 3.4912955917333983 1.0839166692745728
60607.1675 lsst_hardware_z 455.60134781767795 47.486240732460786 30.950000762939453 AB 5.021494653525158 1.0917083818085234
60607.1852 lsst_hardware_r 270.9338132383175 29.05382550041068 31.510000228881836 AB 4.964596065578433 1.0813561212303293
60611.1434 lsst_hardware_g 38.23464325511596 16.073769240383626 31.459999084472656 AB 3.1642775975539545 1.1078756833356904
60611.1618 lsst_hardware_i 459.7474699231399 38.61923847521202 31.260000228881836 AB 3.1182828134718426 1.087330556217377
60615.1506 lsst_hardware_u 1.313518336782974 2.82613037278899 28.450000762939453 AB 4.241384824479068 1.0875345703792483
60615.1698 lsst_hardware_g 29.900724041025164 15.916175198977339 31.450000762939453 AB 3.8500063928058874 1.080703548857793
60617.1247 lsst_hardware_g 48.17694204537694 15.577085734191403 31.440000534057617 AB 4.908214909062744 1.1115036593461582
60617.1433 lsst_hardware_r 151.04933526918373 26.55364751814266 31.510000228881836 AB 5.553740495656676 1.088968724638564
60620.1354 lsst_hardware_i 247.2104715714308 35.442572083371886 31.25 AB 4.902559264086571 1.0887317930460962
60620.1539 lsst_hardware_z 319.7563255661513 45.011945735761614 30.950000762939453 AB 4.934669784196002 1.0807423968890342
60622.1287 lsst_hardware_r 98.57286897121807 29.20207032493713 31.540000915527344 AB 7.174446637545357 1.0897617737594527
60622.147 lsst_hardware_z 331.53418795447885 45.880519479671165 30.959999084472656 AB 7.090526688101175 1.080872970747028
60624.1184 lsst_hardware_g 27.760638545191565 38.11112690593863 31.670000076293945 AB 2.1992783584317017 1.094395202205284
60624.1368 lsst_hardware_i 136.5565740824823 42.73325833919987 31.280000686645508 AB 2.9672501862153013 1.0818850946343312
60631.1052 lsst_hardware_g -108.1826199121559 88.90367868640392 31.709999084472656 AB 6.050902561210345 1.0888630236863484
60631.1255 lsst_hardware_r -64.73030822590329 85.87144936358263 31.649999618530273 AB 5.036830060745724 1.0806908889654507
60633.0966 lsst_hardware_i 131.10595287230538 33.40998764482466 31.25 AB 6.316461379202063 1.091617266985743
60633.116 lsst_hardware_z 203.17699974565977 43.93752190031667 30.950000762939453 AB 6.245681694709416 1.081004158779683
60640.0689 lsst_hardware_u 0.5248056565119035 2.7666678589420997 28.399999618530273 AB 3.955745913741192 1.1012655661864275
60640.0906 lsst_hardware_g 1.6240692351252755 14.67554048741057 31.440000534057617 AB 4.140645238883743 1.0827811211097707
60644.0717 lsst_hardware_r -21.62865666784576 24.036721282163604 31.5 AB 9.078755282931771 1.0873194877557841
60644.0912 lsst_hardware_u -0.6984571637474675 2.8072702354838444 28.469999313354492 AB 9.597415590033915 1.0807190507418523
60646.0656 lsst_hardware_g 1.1427440411934202 14.756020606922307 31.440000534057617 AB 7.208709413838474 1.0877943282478206
60646.0847 lsst_hardware_r 46.11179885808036 23.933936299993015 31.510000228881836 AB 7.082329979672214 1.0806881125754475
60648.0663 lsst_hardware_i 125.73606327539102 32.331504451785015 31.25 AB 1.5803304201929038 1.0839028945081646
60648.0856 lsst_hardware_z 93.93494328668359 43.073768216230945 30.950000762939453 AB 4.053094544435113 1.081546242677875
60650.0671 lsst_hardware_r -10.636596507121205 24.8817139584512 31.520000457763672 AB 4.887632926483155 1.081514173033834
60650.0864 lsst_hardware_u -1.3540517162449455 3.0738907719754507 28.530000686645508 AB 6.049970745431829 1.0839651359469356
60652.068 lsst_hardware_g -8.861814829405771 27.147676923480855 31.6299991607666 AB 5.820396411418126 1.0806863211669533
60652.087 lsst_hardware_i 31.67044106346568 36.46619127368868 31.270000457763672 AB 6.783586491155652 1.0878105341816875
60663.0375 lsst_hardware_y 126.40129984662892 61.92877006478044 30.049999237060547 AB 4.97117379094619 1.0806899545535196
60663.0605 lsst_hardware_i 129.92545633164565 32.67534825483428 31.260000228881836 AB 5.905020465121447 1.0907449485334824
60880.414 lsst_hardware_u 2.0370972197745485 2.8299999237060547 28.479999542236328 AB 5.872079188170161 1.0974310495108464
60880.4331 lsst_hardware_y 4.584628092503606 50.72999954223633 30.040000915527344 AB 5.605674504818157 1.0826119587642695
60882.4143 lsst_hardware_i 27.149566725963886 31.59000015258789 31.25 AB 7.33723979039699 1.0913774711467479
60882.4333 lsst_hardware_y -4.206805297068084 52.68000030517578 30.040000915527344 AB 6.573201246311143 1.0810593574328946
60885.4064 lsst_hardware_r 21.481845918960428 23.760000228881836 31.489999771118164 AB 5.128217964682432 1.0911102052515813
60885.4298 lsst_hardware_y 64.05145650463766 49.599998474121094 30.040000915527344 AB 4.924922663235736 1.0807379116163565
60887.4122 lsst_hardware_g -1.040760327122967 14.729999542236328 31.43000030517578 AB 4.966356030512446 1.0833716118186263
60887.4312 lsst_hardware_y -68.36225639726725 51.029998779296875 30.030000686645508 AB 3.7643504435181954 1.0818394281455717
60895.3769 lsst_hardware_i 28.476155469442883 61.70000076293945 31.31999969482422 AB 1.530526801425926 1.093233429589947
60895.3979 lsst_hardware_z 39.94239881133349 57.2400016784668 30.979999542236328 AB 1.5134685270769501 1.0810489479121073
60898.3686 lsst_hardware_r -60.27540835578105 92.66000366210938 31.649999618530273 AB 5.90406559923082 1.0933454813390406
60898.3877 lsst_hardware_z 36.748825429260826 66.04000091552734 30.989999771118164 AB 6.5065325607763125 1.0814481111570369
60900.3603 lsst_hardware_y -81.74673759730042 78.0 30.790000915527344 AB 5.094043921846189 1.096397156475845
60900.3825 lsst_hardware_r -24.502129602493085 113.68000030517578 32.400001525878906 AB 4.765315925047978 1.0813878801167875
60903.3539 lsst_hardware_i 0.3693856165961586 54.400001525878906 32.029998779296875 AB 5.898271795439069 1.0944344004402033
60903.3733 lsst_hardware_z 34.578017323793475 64.44000244140625 31.709999084472656 AB 5.930624825156893 1.0816386695526794
60913.3185 lsst_hardware_r -21.26806827301739 23.350000381469727 31.489999771118164 AB 3.008792010779831 1.1044140502067163
60913.3368 lsst_hardware_i -20.521519802618677 31.110000610351562 31.25 AB 2.574792901274033 1.0857996491175288
60931.2674 lsst_hardware_r -48.412941516277925 44.81999969482422 31.600000381469727 AB 3.9302969582836855 1.1072558633502576
60931.2832 lsst_hardware_i -52.79856827082559 43.43000030517578 31.290000915527344 AB 3.8407070894165627 1.0890473788515773
60933.2615 lsst_hardware_z 51.68984074251332 42.33000183105469 30.940000534057617 AB 2.7247382558547475 1.1079174258016051
60933.28 lsst_hardware_r 25.156316340624397 25.010000228881836 31.510000228881836 AB 2.8240809490544825 1.0873001600569105
60935.2341 lsst_hardware_r 16.889174778327693 23.610000610351562 31.479999542236328 AB 2.0587562597473985 1.15250397074855
60935.2523 lsst_hardware_u 1.5021089939421923 2.680000066757202 28.389999389648438 AB 2.2049545807002007 1.1138947111392197
60937.2509 lsst_hardware_g 21.996558199266545 14.609999656677246 31.43000030517578 AB 6.129927785924597 1.1074346752042992
60937.2703 lsst_hardware_i -12.52767926640711 31.309999465942383 31.25 AB 5.999614327211601 1.086443809536258
60939.2507 lsst_hardware_z -87.04508057182746 42.22999954223633 30.940000534057617 AB 4.217267697738575 1.1001567907142624
60939.2691 lsst_hardware_r 10.307533042593361 23.469999313354492 31.489999771118164 AB 4.18666913664222 1.0839272845675652
60942.2172 lsst_hardware_r -35.45919172971699 23.549999237060547 31.479999542236328 AB 4.456939192268471 1.1469220772692925
60942.2374 lsst_hardware_u 0.7869058662354139 2.6600000858306885 28.3700008392334 AB 4.2675502170923085 1.1072083932609984
60946.2217 lsst_hardware_i -1.0832091006013922 31.579999923706055 31.25 AB 4.098029874840226 1.1148573679004679
60946.2413 lsst_hardware_z 20.965958453575002 42.02000045776367 30.940000534057617 AB 4.088724206095645 1.089842080700599
60949.2149 lsst_hardware_r -14.147290497843743 36.45000076293945 31.579999923706055 AB 4.684562848500138 1.1125245736508076
60949.2346 lsst_hardware_z -45.93059079658425 44.709999084472656 30.950000762939453 AB 4.58694083036954 1.088608072393565
60954.2074 lsst_hardware_z -173.98089870551124 82.88999938964844 30.989999771118164 AB 5.258652935105893 1.1032524777310833
60954.2269 lsst_hardware_r -149.2082251485565 122.66000366210938 31.649999618530273 AB 5.146725892549981 1.0845867994979372
60956.214 lsst_hardware_y 22.620640135101894 93.47000122070312 30.799999237060547 AB 3.5628663850146616 1.089839322461788
60958.206 lsst_hardware_r -52.3682460405531 70.9000015258789 31.6299991607666 AB 3.7693833157625245 1.0921527861007894
60958.2233 lsst_hardware_i 34.323217760228935 60.900001525878906 31.309999465942383 AB 2.8213528959455902 1.0815997300923188
60960.1782 lsst_hardware_i -13.11398512792514 31.649999618530273 31.239999771118164 AB 6.955564319680581 1.124525380418438
60960.1964 lsst_hardware_z 60.36892090935926 44.689998626708984 30.950000762939453 AB 6.662351508355709 1.0965028815595308
60962.1761 lsst_hardware_r -20.621106613861578 23.8700008392334 31.489999771118164 AB 9.253238860387286 1.1182161764818472
60962.195 lsst_hardware_u 3.3938962341501124 2.6500000953674316 28.350000381469727 AB 9.048023563240504 1.0922288222163814
60966.1756 lsst_hardware_z 6.800351826603221 42.34000015258789 30.950000762939453 AB 6.445861493979978 1.1019508494708912
60966.1929 lsst_hardware_r 29.474553550405044 23.780000686645508 31.5 AB 6.331293241181895 1.0853025383431998
60971.1109 lsst_hardware_r 10.794713337454539 24.229999542236328 31.469999313354492 AB 6.6011916380486575 1.2351373632797562
60971.1264 lsst_hardware_i -64.86655761363035 32.11000061035156 31.229999542236328 AB 5.55826625354853 1.1792644102295324
60973.173 lsst_hardware_z -21.783132027671634 42.02000045776367 30.940000534057617 AB 4.988390240545508 1.0857898983611298
60973.1908 lsst_hardware_r 4.827473558770181 23.729999542236328 31.5 AB 4.966752816982215 1.0808057630571508
60975.1706 lsst_hardware_u -1.92180749928052 2.690000057220459 28.3799991607666 AB 2.5777332332992438 1.0840300963585394
60975.1884 lsst_hardware_r 22.719280691956904 23.790000915527344 31.5 AB 2.586364227897285 1.08121828025666
60977.1425 lsst_hardware_g -12.342681658613765 23.950000762939453 31.579999923706055 AB 3.207326202515203 1.1062288580760644
60977.1595 lsst_hardware_i -26.02528189259546 34.15999984741211 31.260000228881836 AB 3.1031904441019034 1.0875667444281583
60980.1525 lsst_hardware_z 32.49446880287568 51.5099983215332 30.959999084472656 AB 4.9999600471517995 1.0867115946863046
60980.1702 lsst_hardware_r 26.256238330423525 56.4900016784668 31.6299991607666 AB 4.772360596447628 1.080738387570652
60992.1205 lsst_hardware_g -19.220628904989645 14.380000114440918 31.420000076293945 AB 3.66109655842043 1.0861907854985535
60992.1367 lsst_hardware_r 9.43116068984702 23.329999923706055 31.5 AB 5.403677325348317 1.0807354650696634
60994.1223 lsst_hardware_i 45.87181711102498 31.18000030517578 31.25 AB 4.546280148090211 1.082447654307193
60994.1397 lsst_hardware_z -33.52762191380975 41.900001525878906 30.950000762939453 AB 4.541850294844364 1.0820369969849588
61000.0973 lsst_hardware_r -16.074954632376137 23.170000076293945 31.479999542236328 AB 3.564679205370477 1.087123880869107
61000.1178 lsst_hardware_z -52.40429127009898 41.77000045776367 30.940000534057617 AB 3.5025380680825036 1.080863468008796
61007.0622 lsst_hardware_r -48.37145572800322 33.61000061035156 31.56999969482422 AB 4.291301369646584 1.103919062677167
61007.0803 lsst_hardware_i -10.59665357359457 36.2400016784668 31.270000457763672 AB 4.11877431995425 1.0856974747266583
61010.0702 lsst_hardware_z 91.0351957662894 63.84000015258789 30.979999542236328 AB 9.039107215472393 1.0869755144369777
61010.0896 lsst_hardware_r -32.365208287583805 80.80999755859375 31.639999389648438 AB 9.605747865191763 1.0807851104263342
61012.0732 lsst_hardware_z -88.78105049139351 101.4000015258789 31.739999771118164 AB 7.17758166395563 1.0824249093125258
61014.0658 lsst_hardware_r -183.09618477768518 91.19999694824219 31.649999618530273 AB 1.5462859412379908 1.083212568292813
61014.0852 lsst_hardware_z 13.610406222816449 65.8499984741211 30.979999542236328 AB 4.022945402814928 1.0820671724969546
61016.0694 lsst_hardware_r 9.546009956265218 23.18000030517578 31.489999771118164 AB 4.813955594410846 1.0808162537967771
61016.0879 lsst_hardware_u -5.4687575061722855 5.78000020980835 28.93000030517578 AB 6.1558315082689825 1.0860676620093477
61019.0394 lsst_hardware_z -30.608380164817834 46.029998779296875 30.959999084472656 AB 7.917240677664766 1.0921838429665838
61019.0581 lsst_hardware_g -11.722897841255538 14.5 31.420000076293945 AB 8.233956988227824 1.0812694527170188
61025.0351 lsst_hardware_y -81.02954195720066 63.130001068115234 30.049999237060547 AB 10.734193464320185 1.0835146869363825
61025.0532 lsst_hardware_g -7.2087562723035 15.0 31.440000534057617 AB 10.816554729043682 1.0815001805707425
61029.0357 lsst_hardware_y -64.43379033304302 69.5199966430664 30.059999465942383 AB 5.122640260517946 1.0807257933582166
61029.0549 lsst_hardware_u 0.3722714830361289 2.930000066757202 28.489999771118164 AB 5.818513015510824 1.0878266913785135
