data/validation/pwv_sim_epoch_fit_epoch/44052312.ecsv
# %ECSV 0.9
# ---
# datatype:
# - {name: time, datatype: float64}
# - {name: band, datatype: string}
# - {name: flux, datatype: float64}
# - {name: fluxerr, datatype: float64}
# - {name: zp, datatype: float64}
# - {name: zpsys, datatype: string}
# - {name: pwv, datatype: float64}
# - {name: airmass, datatype: float64}
# meta: {SNID: '44052312', alt: 1024.0, c: -0.048587534576654434, dec: -45.783966, lat: -30.244573, lon: -70.7499537, ra: 80.275421, t0: 61086.0859375,
#   x0: 5.4458885227442e-06, x1: 0.21695560216903687, z: 0.592051088809967}
# schema: astropy-2.0
time band flux fluxerr zp zpsys pwv airmass
60959.3822 lsst_hardware_i 22.621532570077875 53.689998626708984 31.31999969482422 AB 4.713035626094138 1.0420921932696354
60968.3631 lsst_hardware_r -23.197315788320754 22.040000915527344 31.489999771118164 AB 0.729464431794587 1.045077982513735
60968.3745 lsst_hardware_u 2.5617411995128405 9.979999542236328 29.25 AB 0.7180346922406383 1.0538669651306993
60974.3621 lsst_hardware_r 13.625786540158488 23.15999984741211 31.5 AB 2.524994989103069 1.0577741270460994
60974.372 lsst_hardware_g 28.72419936245017 33.099998474121094 31.65999984741211 AB 2.541672966327651 1.069427615565585
60976.3572 lsst_hardware_r -6.902975699687022 22.110000610351562 31.489999771118164 AB 3.589427197720257 1.05835978113517
60976.369 lsst_hardware_i -21.1276560903587 44.2400016784668 31.290000915527344 AB 3.591884459763928 1.0727647158257583
60979.2832 lsst_hardware_u -0.25885907063479685 4.510000228881836 29.6200008392334 AB 3.9772578212767353 1.046646795072825
60979.2951 lsst_hardware_g 19.044299469349042 17.850000381469727 32.130001068115234 AB 3.5776078018393864 1.0404055259322909
60982.3439 lsst_hardware_i -18.888773218326033 30.079999923706055 31.25 AB 5.173842788350433 1.0617366690643204
60982.3559 lsst_hardware_z -34.0460784085482 43.79999923706055 30.950000762939453 AB 5.256114289119664 1.0774957970076358
60991.3358 lsst_hardware_z -27.106437359234384 42.83000183105469 30.940000534057617 AB 3.9848898339491146 1.0844713114569169
60991.3469 lsst_hardware_r -35.60255270788348 30.18000030517578 31.540000915527344 AB 4.051326188639942 1.1045055039910732
60993.1793 lsst_hardware_z 39.834805843857836 42.189998626708984 30.940000534057617 AB 4.655633244831165 1.1553873296516108
60993.1908 lsst_hardware_r -6.314094702109818 21.760000228881836 31.469999313354492 AB 4.51460549666748 1.1260707952610636
60995.3241 lsst_hardware_g 6.493024290169696 12.930000305175781 31.3799991607666 AB 5.290278650334754 1.0832133603614633
60995.337 lsst_hardware_i 25.761702417178807 30.5 31.239999771118164 AB 4.401124456225598 1.106551572969838
60997.3235 lsst_hardware_z -137.623024461408 41.40999984741211 30.940000534057617 AB 4.993059635615009 1.0913791553256853
60997.3351 lsst_hardware_r -20.01968697520893 21.829999923706055 31.459999084472656 AB 4.080071403733477 1.1139619777211895
60999.3246 lsst_hardware_u 1.4734795196407908 2.549999952316284 28.329999923706055 AB 5.350628194500848 1.1036015526643206
60999.3368 lsst_hardware_g 1.1610516265092357 13.25 31.3700008392334 AB 5.669221619661261 1.1302088188981299
61001.3146 lsst_hardware_r -24.4645877367193 21.520000457763672 31.459999084472656 AB 4.927484487366808 1.0949965527481795
61001.3258 lsst_hardware_i 12.5204536273579 30.170000076293945 31.229999542236328 AB 5.0286693267976315 1.1174820726216959
61004.3244 lsst_hardware_z 17.37410771122012 41.91999816894531 30.93000030517578 AB 7.771760894040583 1.1332401420298313
61004.336 lsst_hardware_r -14.726495233205643 22.170000076293945 31.450000762939453 AB 6.490282436561075 1.1641762218046339
61006.3215 lsst_hardware_u -2.1015158471114006 2.609999895095825 28.3700008392334 AB 4.3821296919820645 1.1396215309752078
61006.3336 lsst_hardware_r -12.064842920775552 22.350000381469727 31.469999313354492 AB 4.579743098801911 1.1732401943902022
61009.2986 lsst_hardware_g 6.707553634925625 12.640000343322754 31.34000015258789 AB 6.419008819978102 1.1062011666844147
61009.3096 lsst_hardware_i 38.009031062304224 30.510000228881836 31.229999542236328 AB 6.572017116925217 1.1304589166621648
61011.2984 lsst_hardware_z 27.248710228927152 46.97999954223633 30.950000762939453 AB 7.311988192154309 1.11727224267004
61011.3117 lsst_hardware_r -4.997044517735397 21.959999084472656 31.459999084472656 AB 7.532394500512382 1.1496913508794928
61013.2968 lsst_hardware_r -36.98988900291035 77.87000274658203 31.6299991607666 AB 4.025966938402849 1.1260133611659993
61013.3102 lsst_hardware_y 125.89141962613459 53.130001068115234 30.010000228881836 AB 4.114034567800028 1.160653927673519
61015.2956 lsst_hardware_z 27.0503564350855 56.91999816894531 30.969999313354492 AB 4.916431142334434 1.1362873154988002
61015.3076 lsst_hardware_r -18.593276894816878 74.91000366210938 31.6200008392334 AB 5.075661278196458 1.1689685117910689
61020.2118 lsst_hardware_z -84.59249878130888 41.93000030517578 30.950000762939453 AB 9.918058735639871 1.0404831432839547
61020.2239 lsst_hardware_r -21.858414536190043 28.760000228881836 31.549999237060547 AB 10.00290501271017 1.046913028123448
61022.1907 lsst_hardware_i -8.780978915715343 29.540000915527344 31.25 AB 11.490124217492605 1.0378265987980508
61022.2016 lsst_hardware_u -1.4044966851817497 2.690000057220459 28.5 AB 11.518126030737951 1.0390106772172432
61024.1929 lsst_hardware_g -10.680867499071741 12.600000381469727 31.3799991607666 AB 8.27751381082772 1.0383395795088868
61024.2056 lsst_hardware_r 6.568348524881137 21.34000015258789 31.479999542236328 AB 8.314278841056133 1.0425351398238942
61026.1989 lsst_hardware_i -58.46784261361065 41.75 31.989999771118164 AB 8.818299505232673 1.0419416508743458
61026.2122 lsst_hardware_r -1.3743716194306423 30.239999771118164 32.22999954223633 AB 8.915516471591044 1.0504496667493963
61028.2029 lsst_hardware_u 3.8233270225680753 2.609999895095825 28.43000030517578 AB 5.419117258869749 1.0475097794208665
61028.2141 lsst_hardware_g -4.498944302356685 12.65999984741211 31.3799991607666 AB 5.414521669838105 1.0572140329665343
61030.1956 lsst_hardware_r -24.458860238376502 21.469999313354492 31.489999771118164 AB 5.121704861164717 1.0462423112824561
61030.2092 lsst_hardware_i -25.60943109216297 29.799999237060547 31.239999771118164 AB 6.24097172132753 1.0577918171741576
61032.1973 lsst_hardware_z 1.306904942914468 40.93000030517578 30.950000762939453 AB 6.143126418433203 1.0516951097269158
61032.21 lsst_hardware_r -37.348789694446126 21.56999969482422 31.479999542236328 AB 7.2387448851177405 1.0648344932506237
61034.1762 lsst_hardware_i 42.89407767420442 29.610000610351562 31.25 AB 7.020707221044741 1.0415578109280466
61034.1891 lsst_hardware_u -4.9012105160167865 2.569999933242798 28.399999618530273 AB 6.978996858723507 1.0494469099105548
61036.1941 lsst_hardware_r 7.781264132534197 21.479999542236328 31.479999542236328 AB 5.841193445461764 1.0591465902922113
61036.2068 lsst_hardware_z -4.8627689588478455 41.11000061035156 30.950000762939453 AB 5.946805413819406 1.0750800711957305
61038.1778 lsst_hardware_i -22.670293863993237 35.720001220703125 31.280000686645508 AB 7.424601989257724 1.0491542006228458
61038.1917 lsst_hardware_r -11.821643301459316 30.59000015258789 31.559999465942383 AB 7.516034028810101 1.0625622434169466
61040.1881 lsst_hardware_z -44.79562816592904 69.58000183105469 31.719999313354492 AB 6.948421689664693 1.0647698256391516
61042.1771 lsst_hardware_r -42.86946244985222 74.93000030517578 31.639999389648438 AB 4.972801646073034 1.0584933261117562
61042.1897 lsst_hardware_i 14.079049759584956 60.13999938964844 31.309999465942383 AB 4.9621465754975596 1.0740577003241465
61045.1819 lsst_hardware_z 116.55703058195536 75.66999816894531 31.719999313354492 AB 12.119530573487701 1.0746170042106493
61054.1075 lsst_hardware_r -12.286750963451741 21.25 31.479999542236328 AB 6.965216361549442 1.037932102356861
61054.1201 lsst_hardware_i -36.190236192074224 29.420000076293945 31.239999771118164 AB 7.135285696932961 1.0409383918886832
61056.0919 lsst_hardware_z 64.60114683477319 40.63698986067445 30.950000762939453 AB 3.8579901950884046 1.038489958301051
61056.1055 lsst_hardware_u 1.5251938987144542 2.576192306655389 28.389999389648438 AB 3.8639580473553155 1.0383494920672665
61058.0923 lsst_hardware_g -0.669450069211608 12.638338680258013 31.3700008392334 AB 4.114538141718583 1.0378454134742348
61058.107 lsst_hardware_r 17.40649744955412 21.41115082175757 31.469999313354492 AB 4.126179793092664 1.0401259876714555
61060.0976 lsst_hardware_i 33.65998636097421 30.233831139050864 31.239999771118164 AB 7.941868194766222 1.0389675817328887
61060.1101 lsst_hardware_z 92.14574317740615 41.09566332045691 30.940000534057617 AB 7.980655773113947 1.0440418332174157
61062.0934 lsst_hardware_i 82.30881253296927 31.340985572251466 31.25 AB 11.650068988539884 1.0392954530162333
61062.1063 lsst_hardware_u 1.5741518117327529 2.975921904540297 28.40999984741211 AB 11.646810467839009 1.045025613982863
61064.0907 lsst_hardware_g 74.60443845656617 15.772533679270913 31.40999984741211 AB 13.507129120771433 1.0401567718847524
61064.1049 lsst_hardware_r 253.2039959947934 26.754136717627954 31.479999542236328 AB 13.610045472477637 1.047739244348062
61070.0712 lsst_hardware_z 548.7310698420588 54.50302190448265 30.969999313354492 AB 11.656988521112654 1.0392019898916984
61070.0842 lsst_hardware_r 1019.764981492727 65.88110998655841 31.639999389648438 AB 13.088948305504868 1.0448728706780006
61073.0721 lsst_hardware_i 996.00635374714 68.88228035823275 31.329999923706055 AB 6.986109607077787 1.0427029264295204
61073.0852 lsst_hardware_z 693.1818836140408 62.654477201269756 30.979999542236328 AB 6.298119373062108 1.0515852577813227
61079.0629 lsst_hardware_i 1370.3390216283196 47.36415054601343 31.239999771118164 AB 10.454886715239173 1.04700683142949
61079.0762 lsst_hardware_r 1771.1931981855876 46.91344466848999 31.469999313354492 AB 10.521794869931814 1.0586460499482822
61081.0624 lsst_hardware_u 1.663062705940268 3.183283058390107 28.40999984741211 AB 2.7320388614523416 1.0507841774816697
61081.0753 lsst_hardware_g 492.72536216492983 26.51249931899609 31.360000610351562 AB 2.7658017161697055 1.0637698908345021
61083.0588 lsst_hardware_r 1903.0156726969713 48.55860045788531 31.479999542236328 AB 2.0837001669723825 1.0523738217032235
61083.0704 lsst_hardware_i 1524.8520503333602 49.4929843727685 31.25 AB 2.1601075997317163 1.0644419840991262
61332.3743 lsst_hardware_z 48.99739382092251 52.38999938964844 30.969999313354492 AB 4.026457682169841 1.0507000431878852
61334.3665 lsst_hardware_r -17.16116462319096 23.020000457763672 31.5 AB 2.6408897943372094 1.0488392365396826
61337.3609 lsst_hardware_r -7.963183253779181 22.729999542236328 31.489999771118164 AB 3.736507371499065 1.0509091186890915
61337.3717 lsst_hardware_i -42.112641161844685 42.02000045776367 31.290000915527344 AB 3.768767850415169 1.0615250728801207
61340.356 lsst_hardware_z 29.000672102597925 56.43000030517578 30.979999542236328 AB 3.2411441188418912 1.0538021411645193
61340.3659 lsst_hardware_i 55.38500471874776 62.650001525878906 31.31999969482422 AB 3.2513154309736425 1.0643184344940004
61345.1749 lsst_hardware_g -3.828390677618216 13.029999732971191 31.329999923706055 AB 5.7755301856447545 1.305843958015861
61345.1902 lsst_hardware_r 1.9883325675782262 22.40999984741211 31.459999084472656 AB 5.476035106337022 1.2393425611264055
61348.2832 lsst_hardware_r 39.17744799823723 21.489999771118164 31.489999771118164 AB 5.281594512222081 1.0410501666667449
61348.2994 lsst_hardware_g 5.462075508228968 13.319999694824219 31.420000076293945 AB 5.91538836720589 1.0377874328431385
61355.332 lsst_hardware_u -1.2602741642106206 2.5899999141693115 28.399999618530273 AB 2.099101629653035 1.0735262340537173
61355.3426 lsst_hardware_r -3.635717961812857 21.889999389648438 31.479999542236328 AB 2.665460162806399 1.0901677557490386
61358.3292 lsst_hardware_i -8.887953916462468 30.040000915527344 31.239999771118164 AB 6.407694576593773 1.0815587098647415
61358.3404 lsst_hardware_z 8.923846586555996 41.970001220703125 30.940000534057617 AB 6.374673699327596 1.1011383963139652
61360.3285 lsst_hardware_z 68.57845018345907 41.310001373291016 30.940000534057617 AB 5.301399478764559 1.0893939490410331
61360.3401 lsst_hardware_r 2.463829264182336 21.969999313354492 31.469999313354492 AB 4.425037643230495 1.111539222112659
61365.3153 lsst_hardware_z -78.95986621571026 41.40999984741211 30.940000534057617 AB 4.495063969943304 1.0901749760366952
61365.327 lsst_hardware_r -18.819785332682887 21.690000534057617 31.459999084472656 AB 4.594358874592062 1.112704982947944
61367.3161 lsst_hardware_z 45.01237512129461 52.650001525878906 30.959999084472656 AB 7.153035407845497 1.1016675209413587
61367.3281 lsst_hardware_r 29.644479021141155 51.939998626708984 31.610000610351562 AB 7.1922319254074 1.1273827066147057
61369.3163 lsst_hardware_i -98.39359579341075 64.11000061035156 31.309999465942383 AB 7.584073205298674 1.1131767511079809
61369.3283 lsst_hardware_z -21.406560080799952 59.900001525878906 30.969999313354492 AB 7.827912448492052 1.1413030724974742
61375.2966 lsst_hardware_r -14.172202183441726 29.489999771118164 31.549999237060547 AB 7.663719040056803 1.1063014685867774
61375.3081 lsst_hardware_i 52.926174111702984 33.88999938964844 31.25 AB 7.91985760716404 1.131785491425338
61380.284 lsst_hardware_r 5.365857778770121 21.75 31.469999313354492 AB 5.712912500988503 1.1084424720583048
61380.296 lsst_hardware_u 2.3615257517639434 2.5799999237060547 28.360000610351562 AB 4.957417694048427 1.135589896701129
61382.2111 lsst_hardware_u 1.763336614964292 3.7300000190734863 29.209999084472656 AB 5.120957762260329 1.0381021208717471
61382.2236 lsst_hardware_g -22.871589394770613 17.959999084472656 32.13999938964844 AB 5.138616640949867 1.0416818651834312
61384.2116 lsst_hardware_r -8.425125869354774 21.3799991607666 31.489999771118164 AB 9.69809588371735 1.0393044099146977
61384.2259 lsst_hardware_z -2.323766308001628 40.619998931884766 30.950000762939453 AB 9.817737531603232 1.0459608862108383
61386.2118 lsst_hardware_r 22.142006541031243 21.350000381469727 31.479999542236328 AB 13.066484524840348 1.0412993465097005
61386.2249 lsst_hardware_u -0.3182995729161872 2.630000114440918 28.450000762939453 AB 13.150255424272435 1.049145774519611
61388.1977 lsst_hardware_u -0.3462819798693358 2.609999895095825 28.43000030517578 AB 7.893291583093966 1.0385909977755219
61388.2101 lsst_hardware_g 14.037906773523217 12.600000381469727 31.3700008392334 AB 8.129131182927141 1.043087833566357
61391.1998 lsst_hardware_r 2.1363953222254097 21.420000076293945 31.489999771118164 AB 8.851269917110779 1.0420409987768993
61391.2125 lsst_hardware_i 4.272553031985627 29.649999618530273 31.25 AB 8.926171262112046 1.0501377955425937
61395.1958 lsst_hardware_z -43.39337281372414 70.0999984741211 31.719999313354492 AB 4.956978174955133 1.0459230921975946
61404.1789 lsst_hardware_g 24.21394276630488 19.020000457763672 31.540000915527344 AB 9.78103225583668 1.0517238984770623
61404.1929 lsst_hardware_r -14.095247595943706 27.889999389648438 31.540000915527344 AB 9.918256995683288 1.0664792468476654
61406.1847 lsst_hardware_i 1.8891497832501765 29.809999465942383 31.25 AB 7.4407110385845225 1.0631576821640225
61406.1964 lsst_hardware_r -5.4334239739846115 21.56999969482422 31.479999542236328 AB 7.5554829493063655 1.078886162196184
61408.1726 lsst_hardware_u 1.9588551959038778 2.5799999237060547 28.399999618530273 AB 3.993052991712882 1.0559907418140557
61408.1871 lsst_hardware_g 2.4130610431220183 12.710000038146973 31.3700008392334 AB 4.064601605629148 1.0732802127307686
61410.1761 lsst_hardware_r 16.516463810450443 21.420000076293945 31.469999313354492 AB 11.967648986290566 1.0659624259453444
61410.1901 lsst_hardware_i -33.3066003248353 29.920000076293945 31.239999771118164 AB 12.434129888870904 1.0862348116424307
61414.1029 lsst_hardware_z 70.02752257466474 40.599998474121094 30.950000762939453 AB 6.821933552891005 1.0411191992202984
61414.1154 lsst_hardware_i 12.119303631248407 29.540000915527344 31.239999771118164 AB 6.801317608511686 1.0379729276629817
61416.1056 lsst_hardware_u 1.19740679249143 2.6700000762939453 28.479999542236328 AB 5.877997614027087 1.038607229265325
61416.1205 lsst_hardware_g 3.9807809080445002 12.649999618530273 31.389999389648438 AB 5.983087621574088 1.0384600575499623
61419.1033 lsst_hardware_r -7.078692727215598 22.549999237060547 31.489999771118164 AB 6.991756877138143 1.0378659392090266
61419.1159 lsst_hardware_i 36.11966009341576 30.020000457763672 31.25 AB 7.150957531923966 1.0392826565144802
61421.1084 lsst_hardware_z 11.654426259956042 60.060001373291016 31.700000762939453 AB 3.9096939585055845 1.0387762094999893
61423.098 lsst_hardware_z -38.54394869771631 46.04999923706055 30.969999313354492 AB 4.06608087965318 1.0379937148900888
61423.112 lsst_hardware_r -6.544420871302065 43.939998626708984 31.6200008392334 AB 4.134094444983857 1.041858479078598
61427.0952 lsst_hardware_i -27.76795433937009 62.470001220703125 31.31999969482422 AB 11.580909985558815 1.039617877888208
61427.1081 lsst_hardware_z -73.46699740189338 57.72999954223633 30.979999542236328 AB 11.735238642351181 1.0457272766362053
61429.101 lsst_hardware_g 79.60886221634122 73.0199966430664 31.729999542236328 AB 13.568849811515177 1.044708630536656
61429.1141 lsst_hardware_r 41.38622658979668 67.20999908447266 31.639999389648438 AB 13.70581728331169 1.0548751709258963
61431.0905 lsst_hardware_i -32.70116535048915 37.65999984741211 31.290000915527344 AB 14.263004423720556 1.0420206088414692
61431.1051 lsst_hardware_r -1.003800582877456 38.16999816894531 31.610000610351562 AB 14.369324488582695 1.0516704919675064
61433.0724 lsst_hardware_z 67.44446095072297 40.45000076293945 30.950000762939453 AB 12.086334661306315 1.0381962486447802
61433.085 lsst_hardware_u -5.202578616741732 2.619999885559082 28.440000534057617 AB 13.018788204610411 1.0420032179134313
61435.0708 lsst_hardware_g -6.610575445606175 12.819999694824219 31.40999984741211 AB 11.48437359602796 1.0389259108800952
61435.0837 lsst_hardware_r 11.324647518336143 21.530000686645508 31.489999771118164 AB 13.1385539951427 1.0441719016226738
61439.07 lsst_hardware_i 0.7665543303006515 29.729999542236328 31.260000228881836 AB 8.041114622693408 1.042675651282859
61439.0829 lsst_hardware_u -0.6680902494184306 2.759999990463257 28.549999237060547 AB 8.248529927399169 1.051370840277776
61441.0642 lsst_hardware_g -13.659210874511574 12.739999771118164 31.389999389648438 AB 6.281975926059005 1.042507414088066
61441.0769 lsst_hardware_r 14.6279605624395 21.610000610351562 31.489999771118164 AB 6.230196582848811 1.0509187376185793
61444.062 lsst_hardware_i -7.189458292800835 29.690000534057617 31.25 AB 10.360386319364443 1.0459401991551127
61444.0764 lsst_hardware_r -29.653959610420372 21.450000762939453 31.479999542236328 AB 10.426192918504997 1.0581386588469213
61446.0609 lsst_hardware_u 5.468152250105793 3.7699999809265137 29.219999313354492 AB 2.727504017401409 1.0490400066928496
61446.074 lsst_hardware_g -17.14883113252331 18.0 32.130001068115234 AB 2.7598242420044348 1.061470862309398
61449.0586 lsst_hardware_r 12.663382620741007 24.309999465942383 31.510000228881836 AB 2.633268667603609 1.0540452987505635
61449.0713 lsst_hardware_i -32.72795675721866 30.940000534057617 31.25 AB 2.659615665427981 1.0681187411357351
