data/validation/pwv_sim_epoch_fit_epoch/44208775.ecsv
# %ECSV 0.9
# ---
# datatype:
# - {name: time, datatype: float64}
# - {name: band, datatype: string}
# - {name: flux, datatype: float64}
# - {name: fluxerr, datatype: float64}
# - {name: zp, datatype: float64}
# - {name: zpsys, datatype: string}
# - {name: pwv, datatype: float64}
# - {name: airmass, datatype: float64}
# meta: {SNID: '44208775', alt: 1024.0, c: 0.08356495201587677, dec: -38.873585, lat: -30.244573, lon: -70.7499537, ra: 346.289062, t0: 63080.765625,
#   x0: 2.5079226691112318e-05, x1: -0.32860541343688965, z: 0.3114728629589081}
# schema: astropy-2.0
time band flux fluxerr zp zpsys pwv airmass
63031.4293 lsst_hardware_i 15.884051201052106 31.59000015258789 31.260000228881836 AB 12.794983923883882 1.0110016335565954
63031.4428 lsst_hardware_z -0.7859292383786628 65.5199966430664 30.989999771118164 AB 12.785361448290631 1.0130830568562805
63036.425 lsst_hardware_r -20.4956841057134 22.520000457763672 31.5 AB 2.6309668918185367 1.0119103430071295
63036.4374 lsst_hardware_y -31.171317130680528 51.939998626708984 30.059999465942383 AB 2.6553639132189186 1.01682889104342
63040.259 lsst_hardware_r 16.509718990045332 33.470001220703125 32.18000030517578 AB 5.248327106502549 1.3878038227018235
63040.2823 lsst_hardware_u 3.6071844008825154 3.5899999141693115 29.0 AB 4.753829180144967 1.2579040829490369
63040.3304 lsst_hardware_r 32.390736873242666 22.690000534057617 31.479999542236328 AB 2.917101094968366 1.0936395007380375
63044.4237 lsst_hardware_i 12.004548264295186 30.18000030517578 31.25 AB 7.2980528831473 1.022398778838726
63044.4398 lsst_hardware_z -47.08332245631741 48.939998626708984 30.969999313354492 AB 7.420175137918711 1.0390946839264403
63046.4002 lsst_hardware_r 8.4726530866213 31.399999618530273 32.25 AB 2.345592987850478 1.012559027779138
63046.4132 lsst_hardware_u -1.958788526265905 3.740000009536743 29.18000030517578 AB 2.3702407346453818 1.018728109446439
63048.4091 lsst_hardware_g -6.4168009898637095 13.619999885559082 31.420000076293945 AB 9.890578295696017 1.0196472469789708
63048.4209 lsst_hardware_r 14.999681534498826 22.31999969482422 31.479999542236328 AB 9.66520016154725 1.0298561706496805
63051.4155 lsst_hardware_i -46.60514977234028 64.66000366210938 31.329999923706055 AB 6.519630722723274 1.0328673286071948
63051.4279 lsst_hardware_z -60.62979097994871 58.29999923706055 30.979999542236328 AB 6.035136769723069 1.0491328587088928
63053.4216 lsst_hardware_r -85.25481606811198 92.5 31.649999618530273 AB 5.5322745313498025 1.0478784982194602
63053.4343 lsst_hardware_z 2.3679341819669713 68.66000366210938 30.989999771118164 AB 5.619050187445032 1.0693277867538955
63063.3598 lsst_hardware_i 1037.8207825438399 42.99700219644191 31.25 AB 1.524775269496449 1.0148254705467215
63063.372 lsst_hardware_z 785.6453361842513 49.609132226106674 30.950000762939453 AB 1.5849296287907244 1.0225352443811124
63066.4064 lsst_hardware_r 2530.6818274608386 54.80978162815338 31.5 AB 3.075432202846158 1.0848085371591385
63066.418 lsst_hardware_u 14.878370631947574 4.609069012412662 28.420000076293945 AB 3.5210624579458307 1.1126464646568284
63068.4007 lsst_hardware_g 2213.3507412281833 47.77054765034273 31.399999618530273 AB 6.31055234046321 1.084287343722201
63068.412 lsst_hardware_r 3482.641533095712 62.91574601363497 31.479999542236328 AB 6.560717125193121 1.111232575405339
63070.3419 lsst_hardware_g 3074.8781463306564 56.33936029486946 31.43000030517578 AB 4.493159525071961 1.015403282502138
63070.3548 lsst_hardware_r 4607.485689339841 71.79779187737995 31.5 AB 4.616249932961819 1.024126441034236
63080.3828 lsst_hardware_i 6823.367968849353 112.50716608448921 31.31999969482422 AB 2.071394046429032 1.1207831435271711
63080.3948 lsst_hardware_z 4539.410274353228 95.90700219012136 30.979999542236328 AB 2.150152988428921 1.1570329982577154
63082.3289 lsst_hardware_z 4666.670029784144 100.27206516594275 31.0 AB 1.9123284186467546 1.0307195932339677
63082.3401 lsst_hardware_r 8795.894860936589 144.34843293025057 31.65999984741211 AB 1.9448980318006852 1.0445209622989717
63084.333 lsst_hardware_z 4561.713590995099 87.30619782313036 30.979999542236328 AB 2.8408493372223282 1.042258531450041
63084.3443 lsst_hardware_r 8698.323963059222 117.92408171277951 31.649999618530273 AB 2.7716606793489738 1.0596045796995024
63086.2489 lsst_hardware_z 8596.880262797438 112.3411833802689 31.719999313354492 AB 3.176188474336507 1.024576927205325
63089.2384 lsst_hardware_r 6567.950784732924 83.54341781445743 31.5 AB 6.659367739378007 1.026676767466609
63089.2504 lsst_hardware_z 3860.0728080584663 72.93014115763864 30.950000762939453 AB 6.767507105032798 1.01744074344626
63096.3041 lsst_hardware_z 2572.851584773509 65.43777416202661 30.950000762939453 AB 3.4831590625770485 1.0477241878709727
63096.3159 lsst_hardware_r 4474.381579194073 70.75347963873487 31.5 AB 3.594846287262416 1.0674326441281021
63101.3088 lsst_hardware_u 6.85062070742553 3.30329795123151 28.3700008392334 AB 2.1716746910155758 1.0804351696594905
63101.3209 lsst_hardware_r 3101.566678600171 60.2945637218178 31.479999542236328 AB 2.2408267517441334 1.1086341381541784
63107.2896 lsst_hardware_z 2439.62456721325 72.57958843648231 30.969999313354492 AB 6.500585274178836 1.0746545336714888
63107.2999 lsst_hardware_i 3190.4117123401597 78.89077088160343 31.309999465942383 AB 7.667908978801944 1.0972050576013657
63112.2568 lsst_hardware_z 4417.546303815046 112.19182841779006 31.739999771118164 AB 1.3167973766985592 1.0425949142506408
63114.2487 lsst_hardware_r 1537.5407813328352 67.05718039831036 31.6299991607666 AB 1.8458048834751648 1.0391095234425773
63114.2601 lsst_hardware_i 2530.121227375061 69.62860487168894 31.299999237060547 AB 2.467639033012978 1.0557497288988782
63117.2371 lsst_hardware_z 1908.9898677496383 60.641796317637606 30.950000762939453 AB 2.4971900649614116 1.034925946452666
63117.2478 lsst_hardware_r 1155.424832250344 45.16045619748935 31.559999465942383 AB 2.546496527837807 1.0492723391839331
63131.0561 lsst_hardware_r 684.6061123144552 36.034079828659074 31.5 AB 2.9276545783872576 1.167675572195536
63131.0631 lsst_hardware_i 1280.1644260078426 47.606125212238204 31.239999771118164 AB 2.9467625059663574 1.1447071985884654
63133.2622 lsst_hardware_g 158.47547667954467 19.01493676679597 31.3799991607666 AB 4.709036040639466 1.200621095645978
63133.2742 lsst_hardware_i 1227.4071730899345 46.84913733678864 31.229999542236328 AB 5.1085473080462025 1.2518392423229412
63141.0536 lsst_hardware_i 1103.0169375527132 73.2781299537829 31.31999969482422 AB 5.366245103010875 1.096102763215212
63141.0608 lsst_hardware_z 690.460931272369 66.09267651874585 30.979999542236328 AB 5.278488204276017 1.0800528322218048
63143.2125 lsst_hardware_r 595.7385511150551 60.58682727564273 31.6200008392334 AB 2.9264537948125158 1.1255591518509676
63143.2241 lsst_hardware_i 1015.4795329817829 58.00430872086393 31.290000915527344 AB 3.02871763446468 1.1613923312320624
63145.1775 lsst_hardware_i 965.0479746980003 47.5801725674087 31.270000457763672 AB 4.9844998828308364 1.0591797456077727
63145.1896 lsst_hardware_z 474.7553695085063 50.9607837721378 30.950000762939453 AB 5.166944604241574 1.0824226676948934
63147.1794 lsst_hardware_i 6.651465229183514 30.690000534057617 31.25 AB 4.451729867732199 1.0727059922246263
63147.1914 lsst_hardware_u -5.050766133448532 2.630000114440918 28.3700008392334 AB 4.311444192910888 1.09892375350349
63149.084 lsst_hardware_r 20.57549964868625 22.290000915527344 31.5 AB 3.2238762989535985 1.019085284954512
63149.0956 lsst_hardware_u 0.049053337105572456 2.630000114440918 28.420000076293945 AB 3.1927106300232766 1.013183676952367
63151.1631 lsst_hardware_r 38.094255828489636 22.540000915527344 31.489999771118164 AB 6.428447735001922 1.0626411662124013
63151.1737 lsst_hardware_i 29.86061918901831 30.760000228881836 31.239999771118164 AB 6.660385056073588 1.0834592326333075
63153.1623 lsst_hardware_z 33.76826854911494 41.290000915527344 30.940000534057617 AB 8.982547879832094 1.071306497554913
63153.1734 lsst_hardware_u -2.0325198108904106 2.640000104904175 28.389999389648438 AB 8.796743033334486 1.0950756919377376
63155.1631 lsst_hardware_g -2.8533141907562563 13.680000305175781 31.40999984741211 AB 8.430664408611934 1.0841555259427016
63155.1739 lsst_hardware_r 3.833365352148704 22.719999313354492 31.489999771118164 AB 8.403952285142863 1.1097744896306423
63157.1572 lsst_hardware_i -52.30568988603904 30.579999923706055 31.239999771118164 AB 6.613711102633461 1.0832086754326793
63157.1681 lsst_hardware_z 16.278691429810596 41.9900016784668 30.940000534057617 AB 6.483559762603094 1.1089010739607925
63159.1558 lsst_hardware_i 0.8868356010938278 30.760000228881836 31.239999771118164 AB 3.696528147193268 1.0922470640774598
63159.1674 lsst_hardware_u -1.3101205824853346 2.609999895095825 28.350000381469727 AB 2.5005344246338486 1.121609281037872
63161.156 lsst_hardware_g 28.615993614316256 16.780000686645508 31.479999542236328 AB 4.1620593504510595 1.1059012489572781
63161.1672 lsst_hardware_r 38.77210885568291 24.739999771118164 31.5 AB 3.2727717110706713 1.136773779462097
63163.1425 lsst_hardware_r -5.473222015996429 44.65999984741211 31.610000610351562 AB 3.1508665718944133 1.0868805008259446
63163.1531 lsst_hardware_i -37.857004348539824 43.380001068115234 31.290000915527344 AB 3.1458637074017153 1.1124971116264575
63166.1464 lsst_hardware_z -96.81437822445807 61.310001373291016 30.969999313354492 AB 3.9299492459646337 1.1164628539672257
63166.157 lsst_hardware_r -24.143348056714153 79.77999877929688 31.6200008392334 AB 4.103853038978686 1.1473960034423167
63168.1361 lsst_hardware_i -54.68330832107464 71.5999984741211 31.31999969482422 AB 3.1953274255699005 1.1039307049818279
63168.1472 lsst_hardware_z -39.77755702920474 64.87999725341797 30.969999313354492 AB 3.2802979087655135 1.1341354991697403
63170.1395 lsst_hardware_i -22.051018112698056 64.0999984741211 31.309999465942383 AB 4.124842986165503 1.1276224675138062
63170.1502 lsst_hardware_z -82.1395671303919 60.02000045776367 30.959999084472656 AB 4.353600246247216 1.1608052916270406
63172.0935 lsst_hardware_r -7.695346029698057 45.56999969482422 31.6200008392334 AB 5.820014774657363 1.0433250268281355
63172.1053 lsst_hardware_u -0.615462720763928 10.670000076293945 29.25 AB 5.770172883027363 1.0618321514541995
63181.044 lsst_hardware_g -5.155632655146282 13.989999771118164 31.43000030517578 AB 3.5290731940908895 1.0183445950341623
63181.0551 lsst_hardware_r 41.62585781888004 22.719999313354492 31.5 AB 3.557548388214356 1.0272035769627592
63183.0447 lsst_hardware_i -8.14263345946484 30.299999237060547 31.25 AB 4.491732368955732 1.0228241760117798
63183.0566 lsst_hardware_z -62.329869854322325 41.08000183105469 30.950000762939453 AB 4.528951232397776 1.0345976544598736
