data/validation/pwv_sim_epoch_fit_epoch/44240365.ecsv
# %ECSV 0.9
# ---
# datatype:
# - {name: time, datatype: float64}
# - {name: band, datatype: string}
# - {name: flux, datatype: float64}
# - {name: fluxerr, datatype: float64}
# - {name: zp, datatype: float64}
# - {name: zpsys, datatype: string}
# - {name: pwv, datatype: float64}
# - {name: airmass, datatype: float64}
# meta: {SNID: '44240365', alt: 1024.0, c: -0.039592444896698, dec: -9.140394, lat: -30.244573, lon: -70.7499537, ra: 196.875, t0: 61444.96484375,
#   x0: 3.1525958370302985e-06, x1: 1.462707281112671, z: 0.7402782440185547}
# schema: astropy-2.0
time band flux fluxerr zp zpsys pwv airmass
[from data line 134]
61853.2367 lsst_hardware_z 25.299037908097702 42.380001068115234 30.940000534057617 AB 6.375083431447438 1.0711425535896002
61853.2554 lsst_hardware_r -31.49311882904767 24.770000457763672 31.510000228881836 AB 6.574542442771912 1.0748277882518589
61855.1969 lsst_hardware_r 78.74508076199824 24.739999771118164 31.510000228881836 AB 8.13112876367562 1.1003873281769683
61855.2139 lsst_hardware_i -28.325046997665204 32.029998779296875 31.260000228881836 AB 7.048301906562624 1.0799236833344206
61857.1882 lsst_hardware_z -114.39459887652205 42.86000061035156 30.940000534057617 AB 7.9094269731614775 1.1056980857168728
61857.2058 lsst_hardware_i 6.570043277740805 32.209999084472656 31.25 AB 7.70136377857957 1.082310925925831
61859.2502 lsst_hardware_u -0.7484188474252006 2.759999990463257 28.399999618530273 AB 7.214457341855526 1.083617940273474
61859.2689 lsst_hardware_g -17.700896184456948 15.710000038146973 31.440000534057617 AB 7.5356988307657815 1.1099865710363799
61861.2458 lsst_hardware_r -15.279885538060684 24.959999084472656 31.510000228881836 AB 4.566468412973909 1.0847147740545464
61861.2639 lsst_hardware_i 23.561748494216513 32.540000915527344 31.239999771118164 AB 5.228310113964352 1.1108307607572987
61863.2138 lsst_hardware_i -17.115040030642778 31.950000762939453 31.239999771118164 AB 7.676456097372545 1.0707847813324793
61863.232 lsst_hardware_z -33.73841280401625 42.2400016784668 30.940000534057617 AB 7.6845569428792 1.0773246800615495
61865.2167 lsst_hardware_r -21.25042568550389 31.5 31.559999465942383 AB 7.610327986020776 1.0721792034405306
61865.235 lsst_hardware_g 18.09165987851199 15.819999694824219 31.450000762939453 AB 7.596788984379443 1.0848422959414665
61867.213 lsst_hardware_r -135.24389892727268 66.69000244140625 31.639999389648438 AB 9.297324361726542 1.0728197734575395
61867.231 lsst_hardware_i -59.15337887949279 57.119998931884766 31.31999969482422 AB 9.385905963475706 1.086436496206313
61873.1173 lsst_hardware_r 76.16207976643634 116.55999755859375 32.380001068115234 AB 8.536289563222757 1.1703968688863724
61873.1346 lsst_hardware_i 143.10535866276015 67.18000030517578 31.31999969482422 AB 9.526012208241664 1.1249534665049448
61875.2067 lsst_hardware_z -122.59817520743626 68.94000244140625 31.719999313354492 AB 10.729662117364418 1.083804254279234
61882.1917 lsst_hardware_g -30.05657799493293 22.43000030517578 32.220001220703125 AB 9.961666184039307 1.0883498507636082
61882.2118 lsst_hardware_r 23.187982523360596 35.40999984741211 32.2599983215332 AB 9.381428351155744 1.1211299242522847
61884.1595 lsst_hardware_r -59.74391386887775 24.579999923706055 31.510000228881836 AB 10.220678481888918 1.0709757403305946
61884.1776 lsst_hardware_i -22.10188073551656 31.899999618530273 31.25 AB 8.549387706207222 1.0796044584173716
61890.1589 lsst_hardware_i -11.423542650529644 32.13999938964844 31.25 AB 11.299398242568795 1.0777754905159096
61890.1767 lsst_hardware_z -17.815113902206704 42.83000183105469 30.940000534057617 AB 11.988869369952953 1.0974965476056593
61893.1034 lsst_hardware_g 37.09215405541499 28.34000015258789 31.639999389648438 AB 14.304419571466891 1.0865904190410993
61893.1232 lsst_hardware_r -8.321436633452853 32.810001373291016 31.579999923706055 AB 14.170331609245846 1.0722103215228393
61894.1667 lsst_hardware_i -23.76106078077822 42.38999938964844 31.290000915527344 AB 10.031151018536539 1.0988827319424372
61894.1797 lsst_hardware_r 51.856043851571144 41.349998474121094 31.59000015258789 AB 10.412035525346148 1.1225309175080747
61896.1658 lsst_hardware_z -37.09955087853167 94.23999786376953 31.729999542236328 AB 3.947177171811232 1.1062974672833068
61900.1176 lsst_hardware_i 116.30072043862059 97.19999694824219 31.34000015258789 AB 7.964790595098256 1.0712563006185278
61900.1373 lsst_hardware_z 55.33267645822792 82.30999755859375 30.989999771118164 AB 7.572357767265793 1.0826676183389672
61909.0826 lsst_hardware_g -13.166633044966074 15.289999961853027 31.440000534057617 AB 8.719499905960168 1.0713671247493652
61909.1028 lsst_hardware_r -9.033942922916351 24.329999923706055 31.5 AB 8.627471788573567 1.0749962252264404
61919.0473 lsst_hardware_z 19.332312740885424 42.2400016784668 30.950000762939453 AB 10.378459748340276 1.0743191085699957
61919.0668 lsst_hardware_u 4.9304078444983475 2.819999933242798 28.469999313354492 AB 10.333682615644822 1.0714863898846279
61924.9985 lsst_hardware_z 53.0784332299917 74.4000015258789 30.989999771118164 AB 12.02008204880566 1.112970560074598
61925.0131 lsst_hardware_r 58.70349908502272 97.08000183105469 31.649999618530273 AB 12.343666341181475 1.0900687794398036
61942.9935 lsst_hardware_z 3.4141652063549963 42.349998474121094 30.950000762939453 AB 5.655132109561761 1.0708449364820605
61943.0153 lsst_hardware_i -5.753269764450786 32.29999923706055 31.25 AB 3.3161661046883686 1.0786326201789072
61945.9601 lsst_hardware_y 0.4618148494660518 51.5 30.040000915527344 AB 5.465694646408079 1.085037317312328
61945.9745 lsst_hardware_u -1.3698179091866938 2.9200000762939453 28.479999542236328 AB 5.417940870524125 1.0738519167264828
61956.9582 lsst_hardware_y 12.62355309134236 65.56999969482422 30.049999237060547 AB 6.043674039705811 1.0708139687643181
61956.9812 lsst_hardware_z 89.80993245527061 60.38999938964844 30.979999542236328 AB 7.078677621625024 1.0822287101477932
