data/validation/pwv_sim_epoch_fit_epoch/44344801.ecsv
# %ECSV 0.9
# ---
# datatype:
# - {name: time, datatype: float64}
# - {name: band, datatype: string}
# - {name: flux, datatype: float64}
# - {name: fluxerr, datatype: float64}
# - {name: zp, datatype: float64}
# - {name: zpsys, datatype: string}
# - {name: pwv, datatype: float64}
# - {name: airmass, datatype: float64}
# meta: {SNID: '44344801', alt: 1024.0, c: -0.10982261598110199, dec: 3.284369, lat: -30.244573, lon: -70.7499537, ra: 346.113281, t0: 60862.9375,
#   x0: 2.626860697189223e-06, x1: -0.4762340784072876, z: 0.7970842719078064}
# schema: astropy-2.0
time band flux fluxerr zp zpsys pwv airmass
60843.3865 lsst_hardware_r 304.8231957220941 74.64607806690672 31.600000381469727 AB 4.551490541320133 1.230132578735171
60843.4143 lsst_hardware_y 51.67097308440094 56.19065756757221 30.0 AB 4.448772976964406 1.202371074855245
60845.429 lsst_hardware_z 607.5693710162105 73.73865118160369 31.700000762939453 AB 3.15865648364358 1.206553487306158
60853.3377 lsst_hardware_i 1679.8232788577996 62.389038602449716 31.979999542236328 AB 9.223044194721396 1.2809783603779716
60853.364 lsst_hardware_r 670.5432272320729 35.917277722505645 31.489999771118164 AB 8.80168854196284 1.2224567419392833
60859.3735 lsst_hardware_u -1.8008855220304856 2.882830968444126 28.360000610351562 AB 7.856431183196464 1.201748555747069
60859.3962 lsst_hardware_g 133.29779899409994 19.134152288698406 31.389999389648438 AB 7.824690932104066 1.2111587233347367
60862.3734 lsst_hardware_r 1480.0958342689116 50.960082354721884 32.2400016784668 AB 6.825572772885928 1.2021615557018168
60862.3942 lsst_hardware_i 961.5919345609864 45.54814439432297 31.229999542236328 AB 6.093724273518211 1.2182575516829688
60864.3299 lsst_hardware_i 1004.9063807709724 62.43352591789898 31.280000686645508 AB 1.6099569133297145 1.2288965689178384
60864.3598 lsst_hardware_z 1091.2409191617646 82.73276312287467 31.700000762939453 AB 1.753167832448486 1.2017601958975113
60864.3922 lsst_hardware_r 562.243128804229 54.1235725310481 31.579999923706055 AB 1.7508767469470192 1.2231063548358987
60869.3219 lsst_hardware_z 572.2095243794548 80.70064743468396 30.969999313354492 AB 7.4432886217340215 1.2202112494645938
60869.3419 lsst_hardware_r 583.775579715846 109.87155579346818 31.6200008392334 AB 7.313365610055806 1.2028561858644418
60871.3248 lsst_hardware_i 794.4078126557248 90.2063591990981 31.299999237060547 AB 5.682140181498413 1.2104683503990938
60871.3452 lsst_hardware_r 600.6036898674763 101.14336414003314 31.6200008392334 AB 4.382780041088508 1.201584658283347
60876.3297 lsst_hardware_u -4.80475028440094 2.747858708573636 28.34000015258789 AB 4.047390556156947 1.2015409102436776
60876.3502 lsst_hardware_g 27.20810387398353 17.35167124740564 31.43000030517578 AB 3.3000499431062056 1.2115832742007617
60878.3337 lsst_hardware_r 309.78014862252803 29.771852648939486 31.479999542236328 AB 5.270420734289985 1.203567192119202
60878.3531 lsst_hardware_i 559.0895488084495 40.500881804433305 31.229999542236328 AB 5.3715609818905214 1.2218275036524044
60880.2883 lsst_hardware_i 506.42012628651656 39.97711552666711 31.229999542236328 AB 7.234876059342206 1.2255058751338377
60880.3095 lsst_hardware_z 394.49322642238656 48.466460535950525 30.940000534057617 AB 6.211930242987649 1.2038624501914048
60882.2865 lsst_hardware_i 480.2595935935809 38.83351795427253 31.229999542236328 AB 12.883383656248427 1.2200944178530309
60882.3086 lsst_hardware_u 0.17122490883342395 2.674205607720783 28.299999237060547 AB 10.425404663472191 1.202191497171609
60885.2847 lsst_hardware_g 5.4390704731698385 15.849594725602698 31.40999984741211 AB 5.087226090370128 1.212350817898112
60885.3066 lsst_hardware_r 184.19924338476483 27.96641067727917 31.489999771118164 AB 4.445815722753698 1.201571816960459
60887.2883 lsst_hardware_i 697.4622822770158 52.712414767140814 31.979999542236328 AB 4.333605748056289 1.2049787746292715
60887.3093 lsst_hardware_r 283.0241989782329 38.989339509726484 32.2400016784668 AB 4.074258543380983 1.203651062817199
60889.28 lsst_hardware_z 245.44731156398967 46.95371294638648 30.93000030517578 AB 1.811471309077875 1.2068429774003164
60889.3024 lsst_hardware_g -12.837086793452656 15.33241596274851 31.389999389648438 AB 1.658398551693099 1.2030457393493648
60892.2947 lsst_hardware_r 131.00523170644942 52.21877468989901 31.600000381469727 AB 1.8219108275040827 1.2032432542679687
60898.2489 lsst_hardware_z 213.88365489514737 101.67770004205434 30.979999542236328 AB 7.893759872018507 1.2126833068443017
60898.2684 lsst_hardware_r 157.7622798531717 144.68554850069384 31.6200008392334 AB 7.93399059220433 1.2016191120675974
60900.2441 lsst_hardware_i -71.66926648057972 74.86821919878196 31.299999237060547 AB 4.25107110445091 1.211994612815655
60900.2626 lsst_hardware_r 12.485348886296046 87.13727066256186 31.6200008392334 AB 4.085611284590693 1.201650377820792
60903.2331 lsst_hardware_u -1.5748802171404808 4.510117206916845 29.209999084472656 AB 5.43538357270238 1.2150860275420285
60903.2533 lsst_hardware_g -10.255729916402968 21.906830934901055 31.520000457763672 AB 5.419076876214344 1.2017912126145285
60905.2495 lsst_hardware_r 32.47804912988531 25.638539378239514 31.479999542236328 AB 3.0200394505385963 1.2016072084371074
60905.2683 lsst_hardware_i 116.12587124786639 34.40578012870269 31.229999542236328 AB 3.622416750237871 1.2090507329806817
60907.2173 lsst_hardware_z 82.82615159630822 45.44947207249654 30.93000030517578 AB 2.172328813410887 1.2214387480522277
60907.235 lsst_hardware_r 19.33151404887307 25.573156397171573 31.489999771118164 AB 2.1668866474867547 1.2042719419155732
60911.217 lsst_hardware_g 54.34859994549917 16.86406731979542 31.399999618530273 AB 3.088323406996859 1.2092104177749057
60911.2362 lsst_hardware_r 31.135020740260757 25.400460755780355 31.479999542236328 AB 3.078369145776834 1.201627407108256
60931.1667 lsst_hardware_z 182.03620067836192 45.21483002236586 30.93000030517578 AB 2.534832007196957 1.2059143706931288
60931.1837 lsst_hardware_u 0.7572131098040784 2.93152235416275 28.350000381469727 AB 2.5492658459067536 1.2019169476222318
60939.141 lsst_hardware_u 2.9531211371470683 2.766964129463323 28.34000015258789 AB 5.4796371256009015 1.208832368321399
60939.1597 lsst_hardware_g 37.54367130372172 16.355080412567204 31.40999984741211 AB 5.4998785604233 1.2016339437235206
60944.1055 lsst_hardware_i 2.382340490930517 33.52103016314001 31.219999313354492 AB 4.659531914044134 1.2400617203044935
60944.1256 lsst_hardware_z -63.45289091545723 44.383230741670786 30.93000030517578 AB 3.5089589980933473 1.2104032418397197
60946.107 lsst_hardware_r -4.6108205695237645 27.338517304628585 31.5 AB 5.618209308542298 1.2273085214903439
60946.1262 lsst_hardware_g 29.94875010108862 18.777676776693966 31.469999313354492 AB 5.208393705720069 1.2056234345140109
60951.1001 lsst_hardware_z 189.3266565745474 61.99938848702254 30.959999084472656 AB 4.3488494792837535 1.2174830569104864
60951.119 lsst_hardware_i 24.924825228821838 64.62752143999273 31.299999237060547 AB 4.291955822247847 1.202565374684322
60954.113 lsst_hardware_z -94.88534519214245 153.47000122070312 31.729999542236328 AB 4.1030182174740615 1.201997427119983
60956.1026 lsst_hardware_r -13.203859477547367 107.30000305175781 31.6200008392334 AB 10.949279318729491 1.2036143034769144
60956.1222 lsst_hardware_i 59.78914195685228 85.83999633789062 31.309999465942383 AB 11.631446069003246 1.204312005625495
60958.1104 lsst_hardware_z 12.900788852492344 70.7699966430664 31.700000762939453 AB 3.8051477087750385 1.2020051728256413
60960.0681 lsst_hardware_r -38.50640307972931 24.670000076293945 31.469999313354492 AB 6.6544912199732495 1.228426961613399
60960.0866 lsst_hardware_g -8.086258157499762 15.140000343322754 31.399999618530273 AB 6.988516626781479 1.2065461905645232
60962.0706 lsst_hardware_r -31.106165665606603 24.75 31.469999313354492 AB 8.761031371952695 1.2168099127712078
60962.0895 lsst_hardware_i 19.1842187564942 32.79999923706055 31.219999313354492 AB 8.685781746905862 1.2024062221733172
60964.0711 lsst_hardware_z 5.395596381059002 44.279998779296875 30.93000030517578 AB 10.037052723939771 1.2103041991968853
60964.0903 lsst_hardware_i -38.17629947166633 32.84000015258789 31.229999542236328 AB 9.375128020876758 1.2015800428346977
60969.0714 lsst_hardware_r 42.61598856936799 24.530000686645508 31.479999542236328 AB 3.423695748938034 1.202140361284422
60969.0898 lsst_hardware_i 19.866380500165427 32.709999084472656 31.229999542236328 AB 3.259671371392278 1.2061688700806297
60971.0114 lsst_hardware_i 10.071065431362097 34.06999969482422 31.219999313354492 AB 5.1533337241579265 1.2941571381611061
60971.0209 lsst_hardware_z -69.19572505152932 44.459999084472656 30.93000030517578 AB 5.016766124366499 1.2656615892441498
60973.0411 lsst_hardware_r -29.785588775328314 24.799999237060547 31.479999542236328 AB 4.379860493986418 1.216149337710589
60973.0595 lsst_hardware_g -2.750999981590351 15.3100004196167 31.40999984741211 AB 4.597159301893579 1.2023956325789658
60975.0407 lsst_hardware_r -9.334180288734496 26.010000228881836 31.489999771118164 AB 5.188437529700072 1.2106488752508529
60975.0581 lsst_hardware_i -12.973124931280772 33.279998779296875 31.229999542236328 AB 3.514113910427023 1.2016461096265432
60977.041 lsst_hardware_z 39.7174408608807 45.939998626708984 30.93000030517578 AB 3.805289783282519 1.2059866205205532
60977.0581 lsst_hardware_i -73.2259113475415 37.040000915527344 31.25 AB 2.9111593441416272 1.2019236927472743
60980.0563 lsst_hardware_z 115.2405160586253 97.11000061035156 31.719999313354492 AB 4.9248690834496855 1.204124470280792
60990.0151 lsst_hardware_y -86.24153346014788 58.2400016784668 30.0 AB 7.906232741067012 1.201920453187445
60990.0325 lsst_hardware_r 39.54040308822256 24.989999771118164 31.479999542236328 AB 8.744121252591642 1.2061966046429522
61218.3449 lsst_hardware_z 167.73911627057532 76.77999877929688 31.690000534057617 AB 9.091437006195918 1.2626995841938773
61219.4004 lsst_hardware_z 2.4785011808852144 55.68000030517578 30.950000762939453 AB 6.240175165677078 1.2038536058024532
61219.421 lsst_hardware_r -44.92722282703387 55.380001068115234 31.579999923706055 AB 6.188122413543601 1.2244009524225066
61221.379 lsst_hardware_i -1.8260044695322444 72.37000274658203 31.299999237060547 AB 4.887649380827212 1.2026203110503701
61221.3982 lsst_hardware_z -4.6115313785624386 65.44999694824219 30.959999084472656 AB 4.909457174758702 1.2056623710114691
61224.3741 lsst_hardware_i 78.93086171528303 77.7699966430664 31.309999465942383 AB 7.840255261016587 1.201847974402788
61224.3938 lsst_hardware_z -57.15347857215304 70.7300033569336 30.969999313354492 AB 7.833093168525758 1.2084376995565809
61226.3718 lsst_hardware_z -3.470526288318635 72.19999694824219 30.969999313354492 AB 5.454906695522606 1.2016095224736445
61226.3915 lsst_hardware_r -29.387045438994207 92.16000366210938 31.610000610351562 AB 5.0062396766880655 1.2113091263283957
61232.3342 lsst_hardware_r -30.360165374810816 24.8799991607666 31.479999542236328 AB 11.370015962969433 1.2127801421808784
61232.3543 lsst_hardware_i -11.945991257374208 32.880001068115234 31.229999542236328 AB 11.27771672386954 1.2016426545770864
61236.3349 lsst_hardware_g -0.9377928940387605 15.180000305175781 31.389999389648438 AB 4.409200366646326 1.203877233214014
61236.3554 lsst_hardware_r -17.783142705653734 24.690000534057617 31.469999313354492 AB 4.4581705249351815 1.2045853890665175
61239.3324 lsst_hardware_i -7.068089520498752 32.459999084472656 31.229999542236328 AB 2.163580310373317 1.2019890613185094
61239.3528 lsst_hardware_z 64.87903144376325 43.630001068115234 30.93000030517578 AB 1.8716260509673408 1.2084102341336538
61243.3337 lsst_hardware_i -55.92440754911318 32.79999923706055 31.219999313354492 AB 5.269473769860557 1.203350940822233
61243.3542 lsst_hardware_u -0.06751903479355899 2.569999933242798 28.219999313354492 AB 5.376564690725963 1.2225022034392823
61245.2867 lsst_hardware_z 33.275781662216616 48.470001220703125 30.940000534057617 AB 7.284989774963112 1.2293612332942954
61245.3088 lsst_hardware_g -7.981827534332987 27.729999542236328 31.559999465942383 AB 6.3124492901882014 1.2046658950740843
61247.2886 lsst_hardware_r -75.86251516579418 60.06999969482422 31.600000381469727 AB 13.015456695902849 1.218295478555649
61247.3083 lsst_hardware_i -74.44670250950962 51.279998779296875 31.280000686645508 AB 10.367608908256958 1.202552842745549
61252.2921 lsst_hardware_z -101.70666650885133 127.0 31.729999542236328 AB 4.075920392930561 1.2034901876225175
61252.3129 lsst_hardware_r 169.55024968276155 186.33999633789062 32.369998931884766 AB 4.078046645269524 1.2052746106899361
61254.294 lsst_hardware_i -214.70487590615775 100.58999633789062 31.309999465942383 AB 1.6408848013556199 1.201673234240659
61254.3137 lsst_hardware_z -30.59083379705671 88.27999877929688 30.969999313354492 AB 1.6454487263849988 1.210037058255913
61257.2827 lsst_hardware_i 27.37914103845216 44.0 31.260000228881836 AB 0.3451072962500112 1.2021154005805903
61257.3041 lsst_hardware_z -44.974729280308836 49.650001525878906 30.940000534057617 AB 1.8625491417916689 1.2087933856949717
61262.2539 lsst_hardware_r -6.270270065612876 24.56999969482422 31.479999542236328 AB 5.267348525305202 1.2111631467705684
61262.2739 lsst_hardware_i 9.26985016168161 32.47999954223633 31.219999313354492 AB 5.222332455980702 1.2016411541603087
61265.2428 lsst_hardware_z -19.2543986916866 44.15999984741211 30.93000030517578 AB 4.282101250141944 1.2142350953874934
61265.2632 lsst_hardware_u 1.2369559054197758 2.7300000190734863 28.360000610351562 AB 4.0859338118577 1.2017452387816765
61267.2445 lsst_hardware_g -12.027900101095806 21.600000381469727 32.16999816894531 AB 5.2460173865358355 1.2074614208690737
61267.2641 lsst_hardware_r 46.43815190582322 34.95000076293945 32.2400016784668 AB 5.6498356479112966 1.2020926910449568
61269.2415 lsst_hardware_i -28.07620288664271 32.849998474121094 31.239999771118164 AB 5.098258739557222 1.2057371871242937
61269.2608 lsst_hardware_z -29.764262126471053 44.18000030517578 30.940000534057617 AB 4.13506911237511 1.2026667962990212
61273.248 lsst_hardware_i -18.01963236419222 36.47999954223633 31.239999771118164 AB 1.768674225462794 1.2021575024386026
61273.2665 lsst_hardware_z 56.576073223336955 45.63999938964844 30.93000030517578 AB 1.280211824702969 1.2149103911771948
61275.2248 lsst_hardware_z 61.10320062370934 87.41999816894531 32.13999938964844 AB 2.481436813865162 1.2059469369181088
61275.2607 lsst_hardware_r -52.64511030000724 50.02000045776367 31.59000015258789 AB 2.3245923530882315 1.2145205606521587
61279.1903 lsst_hardware_z -116.63970815224125 129.86000061035156 31.729999542236328 AB 2.8452872466261634 1.2358276733572449
61285.1928 lsst_hardware_g 4.493467098711118 46.68000030517578 31.639999389648438 AB 3.056119900639766 1.2095860288161613
61285.2105 lsst_hardware_r -4.498702987210195 52.150001525878906 31.59000015258789 AB 2.6367176571988185 1.2016486987347923
61287.1678 lsst_hardware_r -4.463113949656213 25.200000762939453 31.469999313354492 AB 1.8556433091103681 1.237095539406912
61287.1865 lsst_hardware_i -24.29886523445438 33.11000061035156 31.219999313354492 AB 1.8155324036538087 1.2103549357692058
61298.1248 lsst_hardware_i -27.30552014823471 33.59000015258789 31.229999542236328 AB 1.3208927441556748 1.2672459969516505
61298.1421 lsst_hardware_z 24.003965553176755 44.709999084472656 30.93000030517578 AB 1.6883258470680387 1.2292143043815353
61304.1472 lsst_hardware_i -53.89244111812542 47.27000045776367 31.280000686645508 AB 5.515221842602392 1.2049862011364745
61304.1666 lsst_hardware_z 72.41954304761664 51.0099983215332 30.950000762939453 AB 5.475590341538212 1.203162017477249
61306.143 lsst_hardware_r -92.28630076659026 86.5 31.6200008392334 AB 1.5997124347356662 1.2043004527495604
61306.1621 lsst_hardware_z 23.710170282283972 66.69999694824219 30.969999313354492 AB 1.6268076642726321 1.2035568416320335
61308.1034 lsst_hardware_z -75.53915225080401 109.6500015258789 30.979999542236328 AB 6.317888331374457 1.2522655342819298
61308.1239 lsst_hardware_r 18.815443142409187 157.6699981689453 31.6200008392334 AB 6.14648986193214 1.2160030061854668
61310.1043 lsst_hardware_i 342.0675821302301 119.2300033569336 31.299999237060547 AB 4.054470821481833 1.238479059635535
61310.1222 lsst_hardware_z -69.62342452295263 100.30999755859375 30.979999542236328 AB 3.90106816004904 1.2118254703752525
61312.1027 lsst_hardware_r -57.12547112345073 76.87999725341797 31.600000381469727 AB 4.567016800027039 1.2312507380271394
61312.1203 lsst_hardware_z -42.50935510970028 63.29999923706055 30.959999084472656 AB 4.502929338746284 1.2085426866980253
61314.105 lsst_hardware_g -8.916247934854217 15.279999732971191 31.389999389648438 AB 7.6818619330254245 1.2192141466022788
61314.1233 lsst_hardware_r 16.75499322981504 24.889999389648438 31.479999542236328 AB 7.591126976241454 1.2033172665834515
61316.1027 lsst_hardware_i -36.09905660260273 32.86000061035156 31.229999542236328 AB 4.298296314143988 1.2152378609399181
61316.1213 lsst_hardware_z -11.508717654212578 43.900001525878906 30.940000534057617 AB 4.25582704130714 1.2022110286179768
61320.1051 lsst_hardware_r 31.465062461015737 24.639999389648438 31.479999542236328 AB 9.474563951588246 1.2041386085475423
61320.1233 lsst_hardware_i -30.897126829990903 32.79999923706055 31.229999542236328 AB 9.95956518567684 1.2033183539037942
61322.0663 lsst_hardware_i -5.866961610117816 33.16999816894531 31.229999542236328 AB 3.913912960319639 1.2496529247508428
61322.0854 lsst_hardware_z -53.354285539271274 44.209999084472656 30.93000030517578 AB 6.8386603240934605 1.2163384699282849
61324.0701 lsst_hardware_r 3.3906699977457424 24.860000610351562 31.489999771118164 AB 3.8832742836685443 1.2309618397086408
61324.0891 lsst_hardware_u 4.0657546085338705 2.759999990463257 28.3799991607666 AB 5.070684938970946 1.2073059378502253
61327.0686 lsst_hardware_g 6.415490759273899 15.25 31.389999389648438 AB 8.787243744343254 1.220450520047674
61327.086 lsst_hardware_r -25.336226779872586 24.6200008392334 31.479999542236328 AB 8.684802804551161 1.2041321046171627
61329.0721 lsst_hardware_i 6.711123316381844 33.349998474121094 31.229999542236328 AB 9.978141780690624 1.2101073429305038
61329.0901 lsst_hardware_z 15.892406594870854 44.2599983215332 30.940000534057617 AB 9.344135473317808 1.2016635125151502
61336.0387 lsst_hardware_i 36.433247803830874 102.05000305175781 31.309999465942383 AB 4.865633691939343 1.22861781249652
61336.0566 lsst_hardware_z 4.5261145526650735 88.88999938964844 30.979999542236328 AB 5.2177265128431625 1.2071085049954395
61341.0395 lsst_hardware_g 22.22033794669815 15.279999732971191 31.43000030517578 AB 4.298565445187202 1.2099546195873152
61341.0578 lsst_hardware_r 98.22887052769549 47.36000061035156 31.600000381469727 AB 3.3111702420551 1.201658589023807
61344.0398 lsst_hardware_i 48.924355330004396 32.86000061035156 31.25 AB 5.584872462578741 1.2040255389842336
61344.0578 lsst_hardware_z 62.269593829242346 43.9900016784668 30.950000762939453 AB 5.031632879756677 1.2033320955234497
61351.0104 lsst_hardware_y 75.99963772142476 62.470001220703125 30.010000228881836 AB 4.822268499233843 1.2116759912644188
61351.0238 lsst_hardware_r -28.32267276894549 25.049999237060547 31.489999771118164 AB 4.8527204083105575 1.2027562148817796
61359.0184 lsst_hardware_y -31.986596237977583 55.470001220703125 30.0 AB 6.716156915099415 1.2040259196138605
61359.037 lsst_hardware_r 23.131030006043236 27.40999984741211 31.510000228881836 AB 6.814636649887875 1.2218449647180998
