data/validation/pwv_sim_epoch_fit_epoch/44427279.ecsv
# %ECSV 0.9
# ---
# datatype:
# - {name: time, datatype: float64}
# - {name: band, datatype: string}
# - {name: flux, datatype: float64}
# - {name: fluxerr, datatype: float64}
# - {name: zp, datatype: float64}
# - {name: zpsys, datatype: string}
# - {name: pwv, datatype: float64}
# - {name: airmass, datatype: float64}
# meta: {SNID: '44427279', alt: 1024.0, c: -0.045892827212810516, dec: -31.914005, lat: -30.244573, lon: -70.7499537, ra: 61.875, t0: 60906.51953125,
#   x0: 4.500659256032269e-06, x1: 0.6465838551521301, z: 0.6402303576469421}
# schema: astropy-2.0
time band flux fluxerr zp zpsys pwv airmass
[from data line 131]
61321.2326 lsst_hardware_r -12.065684723236124 22.06999969482422 31.469999313354492 AB 3.716411685452 1.1284650866757084
61325.2156 lsst_hardware_r -16.312060848943972 22.1200008392334 31.469999313354492 AB 6.316803091566088 1.148509653012016
61325.2338 lsst_hardware_u 1.348386995319585 2.630000114440918 28.40999984741211 AB 6.015819226213325 1.0937853138569682
61326.1917 lsst_hardware_u 2.083100646624736 2.5399999618530273 28.280000686645508 AB 7.907950683652447 1.2344599880821074
61326.2123 lsst_hardware_g 3.0853749021960057 13.0600004196167 31.360000610351562 AB 6.697168944348363 1.1504856891828927
61330.2097 lsst_hardware_y -46.83095357250855 48.09000015258789 30.020000457763672 AB 5.853954871561958 1.123276383298917
61330.2298 lsst_hardware_g 0.16649739539823086 13.020000457763672 31.3799991607666 AB 5.636920764605854 1.0707419060890595
61332.2085 lsst_hardware_r -16.298210785205256 30.239999771118164 31.549999237060547 AB 2.5711582489073646 1.1106515114070687
61332.2282 lsst_hardware_i 41.101431029678395 33.20000076293945 31.270000457763672 AB 2.489955933948834 1.0625700998359175
61334.1908 lsst_hardware_i -19.28111526746968 41.630001068115234 31.280000686645508 AB 2.9671084987762213 1.1492996121792982
61334.2109 lsst_hardware_z 4.148542680417998 46.13999938964844 30.959999084472656 AB 1.9853725088259828 1.0895170853757623
61337.1897 lsst_hardware_r 42.92747956496911 75.04000091552734 31.639999389648438 AB 2.778450846285875 1.126018580055066
61337.2077 lsst_hardware_z -23.697440578938842 56.459999084472656 30.979999542236328 AB 2.5827877828439827 1.0774710027514405
61342.1952 lsst_hardware_z 57.226401295592716 52.349998474121094 30.969999313354492 AB 2.2007289481792447 1.0748370931275104
61342.2141 lsst_hardware_r -83.81534890763224 59.900001525878906 31.649999618530273 AB 3.4132035729143704 1.0388161427151377
61348.166 lsst_hardware_r 6.411800715804798 22.309999465942383 31.489999771118164 AB 5.647198203151722 1.107293765323867
61348.1813 lsst_hardware_i 4.577093934438979 30.260000228881836 31.25 AB 4.957455666507417 1.069339013482954
61355.1448 lsst_hardware_z 56.28314904055642 41.790000915527344 30.940000534057617 AB 2.968696137160392 1.113261051435147
61355.1623 lsst_hardware_r 0.9419262940090366 22.010000228881836 31.479999542236328 AB 2.8452230040550037 1.0690968201609483
61358.1247 lsst_hardware_i 18.23915263187647 31.260000228881836 31.229999542236328 AB 3.2564412635797315 1.151296186522797
61358.1433 lsst_hardware_u 2.909546468934714 2.619999885559082 28.3799991607666 AB 5.469866015542655 1.0948308205846329
61360.1294 lsst_hardware_g 5.892208775792736 18.649999618530273 31.5 AB 6.514754042844344 1.1184127112180124
61360.149 lsst_hardware_r -49.319065636553276 24.3799991607666 31.5 AB 6.29029115420517 1.06833902555321
61362.129 lsst_hardware_i -17.739886269178005 35.720001220703125 31.260000228881836 AB 5.255883258649507 1.1038872688158587
61362.1466 lsst_hardware_r 12.480950259568612 33.09000015258789 31.56999969482422 AB 4.950252340386174 1.0619440824597608
61367.108 lsst_hardware_r -70.38330906050507 83.51000213623047 31.6299991607666 AB 7.743398736151598 1.1253713237875593
61367.126 lsst_hardware_z 0.9737669487540885 60.189998626708984 30.979999542236328 AB 7.108135958299541 1.0769902967120517
61369.1125 lsst_hardware_g -46.488905785337806 95.04000091552734 31.709999084472656 AB 5.5938875442350176 1.0968406949480427
61369.13 lsst_hardware_i -86.68461734969983 69.68000030517578 31.329999923706055 AB 8.13824864555151 1.0569611644077463
61371.1109 lsst_hardware_z 24.158168936382083 48.310001373291016 30.959999084472656 AB 4.154668821180485 1.0869694083800079
61371.1294 lsst_hardware_r 28.44360508480261 48.459999084472656 31.6299991607666 AB 3.77274479370051 1.0479846649168083
61373.1293 lsst_hardware_r -12.952618816595765 21.829999923706055 31.5 AB 5.268594606078042 1.0390680615477847
61373.1469 lsst_hardware_u -3.484412312307049 2.7100000381469727 28.510000228881836 AB 5.173907756462259 1.0166179767740882
61375.1273 lsst_hardware_g 9.815810835681406 13.130000114440918 31.399999618530273 AB 8.392731880095534 1.0338423109257338
61375.1449 lsst_hardware_r 31.959287367367246 21.799999237060547 31.5 AB 8.264748830827287 1.01337501501949
61378.0411 lsst_hardware_y 15.514645844012508 50.81999969482422 29.969999313354492 AB 5.739672706918927 1.2778966285023117
61378.063 lsst_hardware_r 0.8236966518169013 22.469999313354492 31.459999084472656 AB 4.105194076488705 1.1774542023487593
61380.0412 lsst_hardware_y 48.356436385496174 50.33000183105469 29.969999313354492 AB 4.046161968025274 1.2492652605440047
61380.0628 lsst_hardware_z 2.8768178666135933 42.400001525878906 30.93000030517578 AB 3.984232915316578 1.1577865355074524
61393.0463 lsst_hardware_y 22.614775153780432 50.95000076293945 30.030000686645508 AB 4.5482756449023745 1.0986173055319743
61393.0684 lsst_hardware_r 55.86042161095699 44.54999923706055 31.6200008392334 AB 4.270445366356115 1.0496363196157714
61395.0447 lsst_hardware_y -19.389288106153025 54.16999816894531 30.049999237060547 AB 4.877265199346948 1.0886347679060189
61395.0661 lsst_hardware_z -53.39311804259997 52.81999969482422 30.979999542236328 AB 4.688327208418095 1.044151491268112
61404.0446 lsst_hardware_y 38.431818765680084 52.52000045776367 30.049999237060547 AB 8.792898999487935 1.0391552801766337
61404.0662 lsst_hardware_z 28.67443966932684 40.2599983215332 30.950000762939453 AB 8.495037526787419 1.0129519989811189
61406.0461 lsst_hardware_y -80.27392649118212 52.060001373291016 30.059999465942383 AB 7.090433432091951 1.0290434373598234
61406.0693 lsst_hardware_u 1.1777398558044334 2.6600000858306885 28.479999542236328 AB 6.938589611448993 1.006637996042121
