data/validation/pwv_sim_epoch_fit_epoch/44481758.ecsv
# %ECSV 0.9
# ---
# datatype:
# - {name: time, datatype: float64}
# - {name: band, datatype: string}
# - {name: flux, datatype: float64}
# - {name: fluxerr, datatype: float64}
# - {name: zp, datatype: float64}
# - {name: zpsys, datatype: string}
# - {name: pwv, datatype: float64}
# - {name: airmass, datatype: float64}
# meta: {SNID: '44481758', alt: 1024.0, c: 0.05863358825445175, dec: -23.806295, lat: -30.244573, lon: -70.7499537, ra: 166.992188, t0: 60014.1953125,
#   x0: 8.456138384264739e-06, x1: 0.20965932309627533, z: 0.4937291443347931}
# schema: astropy-2.0
time band flux fluxerr zp zpsys pwv airmass
59934.2424 lsst_hardware_z -51.75865051398194 71.51000213623047 30.889999389648438 AB 10.043674182168886 1.7023176579947263
59934.2649 lsst_hardware_r 27.253385783062424 64.29000091552734 31.530000686645508 AB 7.896297885160775 1.4681226894414379
59941.2394 lsst_hardware_r -31.651505973243875 63.54999923706055 31.520000457763672 AB 9.263667314882246 1.5257206667386425
59941.2611 lsst_hardware_u -13.319100280408213 19.0 29.190000534057617 AB 8.259453368603383 1.3521799809443593
59943.2429 lsst_hardware_g 72.09029148153418 66.36000061035156 31.559999465942383 AB 12.995051394113185 1.4466002776429991
59943.265 lsst_hardware_r -10.08567263021066 65.33999633789062 31.579999923706055 AB 11.257286431337763 1.2939409691192831
59945.2475 lsst_hardware_i -21.325296225204713 63.56999969482422 31.260000228881836 AB 9.64013400559339 1.370481880547018
59945.2707 lsst_hardware_z 105.92409956035583 73.30999755859375 30.969999313354492 AB 8.732438101106089 1.2346787198423912
59949.2506 lsst_hardware_z 91.49571487853594 73.0 30.959999084472656 AB 13.340984693515685 1.2826636567172076
59949.2724 lsst_hardware_i 52.12254127553772 64.6500015258789 31.299999237060547 AB 12.329151230925286 1.1788829862239316
59951.2534 lsst_hardware_z -25.708845394616986 71.83999633789062 30.969999313354492 AB 11.616304043015576 1.2391825808177344
59951.2752 lsst_hardware_r -60.77476320359393 66.22000122070312 31.6200008392334 AB 10.925076761119536 1.1478935393873955
59953.2743 lsst_hardware_y 76.26671527308906 107.37999725341797 30.799999237060547 AB 8.982856816308177 1.1324594141543727
59955.3022 lsst_hardware_z -163.97045982668124 104.88999938964844 31.739999771118164 AB 7.7707495586739945 1.050101291712702
59965.3302 lsst_hardware_g 120.72234766312438 73.05000305175781 31.739999771118164 AB 12.124433993370328 1.0063023607395385
59965.349 lsst_hardware_r 74.49190215079284 68.76000213623047 31.65999984741211 AB 11.428814510850824 1.0140618003771718
59966.2075 lsst_hardware_z 60.38893849442419 73.12000274658203 30.959999084472656 AB 12.387575078580566 1.2645544179849495
59966.2262 lsst_hardware_r 57.875762170494454 66.0999984741211 31.610000610351562 AB 11.191285035988919 1.1780300037883074
59968.2123 lsst_hardware_u 7.803726588304364 20.0 29.299999237060547 AB 12.074452012912408 1.214000805641706
59968.2288 lsst_hardware_g 107.42597712282158 70.04000091552734 31.68000030517578 AB 11.574874413976776 1.14784553887116
59973.1949 lsst_hardware_r 4.78791588185457 66.2300033569336 31.59000015258789 AB 11.850191044479661 1.2315512145025889
59973.2131 lsst_hardware_i -128.4534169281978 65.4800033569336 31.309999465942383 AB 12.272084718869822 1.1551556389099726
59982.2872 lsst_hardware_z 46.8859036570389 75.13999938964844 31.0 AB 4.495828677538016 1.00686693535997
59982.3058 lsst_hardware_r -16.55489636688983 68.25 31.65999984741211 AB 3.695356597106725 1.0165343778575682
59983.232 lsst_hardware_z 130.89983415757382 105.08999633789062 31.75 AB 7.370875435125583 1.039860160139993
59984.2408 lsst_hardware_z -89.7834385074668 75.0 31.0 AB 5.440353586971773 1.0247095125358807
59984.2591 lsst_hardware_r 9.683942876543076 68.83000183105469 31.65999984741211 AB 5.346230916737941 1.0100250480313502
59985.2005 lsst_hardware_y 19.454201991461087 76.36683536567885 30.059999465942383 AB 3.5119873365360736 1.0928854322502173
59985.2199 lsst_hardware_r 96.89134400981769 67.84325363755622 31.649999618530273 AB 4.541702415972028 1.0507929856103038
59986.2787 lsst_hardware_i 16.10112004304871 66.70810440195133 31.34000015258789 AB 3.708163657609291 1.0074934655129733
59986.2965 lsst_hardware_z -128.46619298587214 74.97658382507528 31.0 AB 3.8777384695807364 1.0179127102193821
59987.1095 lsst_hardware_u 37.62198773089464 17.318617703483582 29.0 AB 7.093551128339286 1.5682132192349152
59987.1266 lsst_hardware_g -67.28630512051942 66.46442655923745 31.579999923706055 AB 5.684953801282423 1.4161638631443385
59990.264 lsst_hardware_g -102.81784480247143 73.11468169100938 31.739999771118164 AB 3.320256416282785 1.006595851533359
59990.2804 lsst_hardware_r 31.194687077972546 69.45299118869275 31.649999618530273 AB 3.344567785101962 1.0138126053658332
59993.1022 lsst_hardware_u 12.075313344600657 18.13275042616672 29.06999969482422 AB 8.277649911493564 1.4821217388529209
59993.121 lsst_hardware_g 151.47558204300256 68.77029960619858 31.610000610351562 AB 7.410652726123182 1.3398395816530795
59997.1008 lsst_hardware_r 1087.0298263936313 72.35380316151634 31.549999237060547 AB 8.583897962427343 1.4047208546295207
59997.12 lsst_hardware_u -13.277088506677146 19.75886481654925 29.229999542236328 AB 7.813943608167381 1.2801349292541582
59998.247 lsst_hardware_i 994.1433226810566 72.75957658398652 31.34000015258789 AB 11.74453511936861 1.0078262402204186
59998.2643 lsst_hardware_z 655.8058284400549 78.59492013365717 31.0 AB 10.865591924756737 1.0184105529725913
59999.1019 lsst_hardware_g 443.97972469830347 71.30648557069578 31.600000381469727 AB 10.494081601552685 1.3578712445399204
59999.1222 lsst_hardware_r 1557.2265444935347 76.63161464293039 31.600000381469727 AB 9.571066982887954 1.2399093576018076
60002.2287 lsst_hardware_g 838.6743934082846 78.153505928084 31.739999771118164 AB 5.800091612908126 1.0062470088464126
60002.2466 lsst_hardware_r 2240.1048166359055 82.83204046977811 31.649999618530273 AB 5.928811815085778 1.0130968840746921
60003.1021 lsst_hardware_r 2259.8697062284677 80.9481446317969 31.59000015258789 AB 6.714370541874563 1.2886849079937746
60003.1211 lsst_hardware_z 1272.291912774081 79.75875673478187 30.969999313354492 AB 6.112429134328671 1.19482561390386
60006.23 lsst_hardware_r 2994.775230597681 87.76765561121657 31.649999618530273 AB 5.25133256158658 1.0098069152464417
60006.2485 lsst_hardware_g 1100.606712633163 80.50357652836603 31.729999542236328 AB 5.339924514710061 1.0244459500642802
60008.1215 lsst_hardware_r 3057.9825457720453 86.83943690777787 31.6200008392334 AB 11.796366646728398 1.1412341359965557
60008.1417 lsst_hardware_z 1564.4094134889335 84.09911534725185 30.989999771118164 AB 11.178174831711198 1.0828941469325453
60009.2261 lsst_hardware_r 3327.0378350398905 89.316218174953 31.65999984741211 AB 7.90355758441731 1.0121952082498424
60009.2444 lsst_hardware_i 2298.6319872002628 81.17721922311121 31.329999923706055 AB 8.052822701694517 1.0292462553290675
60010.111 lsst_hardware_y 1128.8460475063591 112.60399228957853 30.780000686645508 AB 8.403455182493314 1.159097266550802
60014.1044 lsst_hardware_z 1927.4563991147872 84.12089881372658 30.979999542236328 AB 8.669173858717723 1.1436904826804228
60014.1247 lsst_hardware_r 3515.677694772385 88.57337241175999 31.639999389648438 AB 8.227632084191331 1.0843904864499603
60015.2054 lsst_hardware_g 1195.0407025830766 80.11803429722116 31.739999771118164 AB 8.044346929309626 1.0097929113322328
60015.2241 lsst_hardware_r 3292.873642961291 89.8545539115201 31.649999618530273 AB 7.5823087285025395 1.0246363146625053
60016.1011 lsst_hardware_u -10.846671915673934 21.066073016819622 29.399999618530273 AB 14.68060113094394 1.136379381205184
60016.1212 lsst_hardware_r 3284.132592935887 88.31483924060466 31.639999389648438 AB 14.120012652665299 1.0796973984565617
60018.0997 lsst_hardware_i 2470.8987609889573 81.39163572802664 31.309999465942383 AB 9.920767978536324 1.1233177556372511
60018.1202 lsst_hardware_z 2073.5630187597144 86.26004042587478 30.989999771118164 AB 9.497520036442245 1.0696409238602558
60020.1911 lsst_hardware_r 3047.2023854071485 88.09632591115896 31.65999984741211 AB 8.678700962819262 1.0094838566371784
60020.2098 lsst_hardware_i 2109.535032917048 82.1352419458652 31.34000015258789 AB 8.436626064778727 1.0239245178443843
60021.0865 lsst_hardware_r 2774.70208314746 85.23839443692842 31.6200008392334 AB 9.164012104301671 1.13955446318294
60021.1055 lsst_hardware_u -12.259545765674511 21.47629107696716 29.450000762939453 AB 8.824595081483741 1.0846022530629889
60023.0822 lsst_hardware_g 618.3767020556805 75.39304940716336 31.700000762939453 AB 4.214856294009918 1.135671715648442
60023.1004 lsst_hardware_r 2691.021959714699 85.42069402489024 31.649999618530273 AB 5.5101957488050575 1.0837242106018403
60026.0813 lsst_hardware_i 2141.7843335590806 79.61689351281892 31.31999969482422 AB 6.657424245684158 1.1129094359217917
60026.0969 lsst_hardware_z 1397.2975032726342 84.57557548766404 31.0 AB 6.5442659992832946 1.072830491685786
60028.0773 lsst_hardware_r 2024.866966027608 80.99048137924198 31.639999389648438 AB 11.439288579722861 1.1086730548287436
60028.0948 lsst_hardware_g 395.83659327658773 74.35288820195754 31.719999313354492 AB 9.435026588208334 1.0656030029035295
60030.0706 lsst_hardware_r 3649.1387134117645 113.12190373095257 32.38999938964844 AB 7.086111205960181 1.112259283351686
60030.0881 lsst_hardware_i 3642.662671314916 110.57907619343091 32.08000183105469 AB 6.8894369464441745 1.0682125663143236
60039.0689 lsst_hardware_r 962.8525293643041 73.74308846796193 31.639999389648438 AB 8.2758564803505 1.0573471930944842
60039.0864 lsst_hardware_i 1170.8857115063547 74.2379418518358 31.329999923706055 AB 7.198374984790759 1.0297122331857695
60042.1321 lsst_hardware_r 805.1559790928993 73.57998283356076 31.65999984741211 AB 7.550242096889792 1.0099982739468654
60042.1496 lsst_hardware_i 1052.873790197238 73.55199490173806 31.329999923706055 AB 7.655324587457211 1.0237812888608775
60042.9758 lsst_hardware_y 131.25736028938456 74.45167407592379 29.940000534057617 AB 12.841956277045792 1.4002278415038663
60042.994 lsst_hardware_z 923.0847476233347 78.59658761129937 30.959999084472656 AB 11.620809718576403 1.2823669960909738
60051.0724 lsst_hardware_i 707.1304682879754 71.65248342883906 31.34000015258789 AB 14.787707046568768 1.0121345190864122
60051.0905 lsst_hardware_z 916.0551712221519 79.96870606210581 31.0 AB 14.299216184359308 1.0061249997790138
60051.971 lsst_hardware_y 470.2138955116015 75.68929306981097 30.0 AB 14.348320456892884 1.2736514541647403
60051.9882 lsst_hardware_r 370.03164062728445 68.63659652027094 31.6200008392334 AB 13.411292418442498 1.1910561650481792
60053.1094 lsst_hardware_i 555.0014461238243 71.24507401166682 31.34000015258789 AB 9.306708033887299 1.0145393932289934
60053.1288 lsst_hardware_u 4.6785945250495224 22.143069189797487 29.489999771118164 AB 9.791490186543738 1.0352601169955316
60053.9705 lsst_hardware_y 475.02969193959416 76.03630886018438 30.010000228881836 AB 11.365298664205396 1.2475401471841419
60053.989 lsst_hardware_g -16.109429473569953 70.01472926830482 31.68000030517578 AB 10.451560973072507 1.1660567477720867
60056.092 lsst_hardware_u 33.13817498915662 22.44596371168371 29.520000457763672 AB 9.267737239243964 1.0091177307539614
60056.1087 lsst_hardware_g 0.6103875158443586 72.98365986014943 31.739999771118164 AB 9.350429118283756 1.0210121334662325
60056.9685 lsst_hardware_y 144.30009577893355 76.57250938364942 30.010000228881836 AB 7.944233237581062 1.217631416376804
60056.987 lsst_hardware_r 236.48385437377468 68.8617879976887 31.6200008392334 AB 7.485579019767365 1.1436513067479168
60058.0952 lsst_hardware_r 268.1371235574865 70.21016598046795 31.649999618530273 AB 9.17542578885185 1.0141393521803648
60058.1113 lsst_hardware_i 534.5216007690541 69.55916681637102 31.329999923706055 AB 9.328688891007907 1.0301114058091771
60058.9677 lsst_hardware_y 415.92663528554465 76.35790318286045 30.020000457763672 AB 16.44571113778882 1.1969294673879987
60058.9851 lsst_hardware_r 246.57921200978222 69.17942792342095 31.6200008392334 AB 15.470126956706746 1.1317396817723429
60060.1004 lsst_hardware_z 1444.807246951939 110.42800593352162 31.75 AB 10.032506542285716 1.0237251573760935
60060.9669 lsst_hardware_y 63.71639473884671 76.8012897677761 30.020000457763672 AB 7.448787681863857 1.1776739417966573
60060.9853 lsst_hardware_z 597.1518300417944 77.62158438818273 30.979999542236328 AB 6.6809103024543814 1.114181413792684
60062.9657 lsst_hardware_y 227.6174376931744 76.92086650522735 30.030000686645508 AB 12.325230499396389 1.1612603717907466
60062.9836 lsst_hardware_z 561.0841554618169 77.27912877108281 30.979999542236328 AB 11.891683862691295 1.1034061437463687
60064.9646 lsst_hardware_y 326.2342949056898 77.49026928824067 30.030000686645508 AB 13.120233053934657 1.1455717326407628
60064.9831 lsst_hardware_r 319.4748101330988 69.16077714184526 31.6299991607666 AB 12.327171690241933 1.090224789090115
60066.9742 lsst_hardware_z 965.1771690023648 109.67177875490862 31.739999771118164 AB 14.48155907751818 1.0992390975407562
60068.9639 lsst_hardware_y 80.33060886518108 77.74193770958279 30.040000915527344 AB 11.484835557008712 1.1128716625008441
60068.9848 lsst_hardware_g 148.4320129719759 72.10076770920924 31.719999313354492 AB 10.97661529441956 1.0616195458600086
60070.9638 lsst_hardware_y 132.53118084202492 77.57153646174592 30.049999237060547 AB 4.2471566575043 1.0978347382830347
60070.9827 lsst_hardware_i 361.23486185549393 67.91709929590506 31.329999923706055 AB 4.015617091828364 1.0551216356895197
60072.9639 lsst_hardware_y 300.1702859333126 77.36523609550305 30.059999465942383 AB 9.543428750524944 1.0836595856008642
60072.9824 lsst_hardware_i 342.7174156199594 67.98923838999785 31.329999923706055 AB 9.146639966836535 1.046007696432341
60077.0073 lsst_hardware_g -28.311295159742258 72.85866743265592 31.75 AB 7.143040455779109 1.0090227836297667
60077.026 lsst_hardware_r 185.2835880515616 69.62586165417808 31.65999984741211 AB 7.1343240630528735 1.0065118949027074
60077.9629 lsst_hardware_y 147.82279628774933 77.74426363452545 30.06999969482422 AB 7.642075607001676 1.0564107833842213
60077.9823 lsst_hardware_g -5.775661564871763 72.08946123342483 31.729999542236328 AB 7.410091225517855 1.0268024792865387
60090.9855 lsst_hardware_z 16.342601799883635 105.94999694824219 31.75 AB 5.9135781044672235 1.0062239415462704
60099.95 lsst_hardware_y -102.07924640061523 77.19000244140625 30.079999923706055 AB 12.387672803602099 1.0071278702115527
60099.9714 lsst_hardware_z 43.90415913808127 74.2699966430664 31.0 AB 11.69540775679072 1.0089206139398976
60301.2394 lsst_hardware_i 55.20664256285877 50.47999954223633 31.200000762939453 AB 11.397673928178975 1.6803293422052856
60301.2623 lsst_hardware_z -28.44812616332186 51.9900016784668 30.920000076293945 AB 9.714217165694864 1.449883159058935
60304.2452 lsst_hardware_z 59.429477379926915 63.52000045776367 30.920000076293945 AB 11.186215709542893 1.5290419012930256
60304.2656 lsst_hardware_r -58.467303290521 80.30000305175781 31.56999969482422 AB 10.906797875994174 1.3633497344992718
60308.2496 lsst_hardware_z 53.81911675899296 62.56999969482422 30.940000534057617 AB 12.578763961744224 1.3996491959843196
60310.2479 lsst_hardware_r -99.98244656889935 67.29000091552734 31.56999969482422 AB 9.658384773587324 1.372496980085138
60310.2699 lsst_hardware_i 53.06602796881675 57.40999984741211 31.290000915527344 AB 8.783455918217362 1.2420053914372622
60312.2513 lsst_hardware_z 9.131449289930725 53.59000015258789 30.940000534057617 AB 5.756783208249389 1.3145341471112924
60312.2746 lsst_hardware_r 35.70867588359714 50.630001068115234 31.59000015258789 AB 5.2279187309004085 1.1951805062069898
60314.2456 lsst_hardware_z -56.76303014507432 46.04999923706055 30.920000076293945 AB 15.23959688184592 1.3159989535498715
60314.2707 lsst_hardware_g -21.36678690384495 23.75 31.549999237060547 AB 12.4107810276811 1.1886203257260664
60318.2562 lsst_hardware_r -41.028984152044266 23.5 31.469999313354492 AB 9.560039808160898 1.2039088854856845
60318.2773 lsst_hardware_u -2.0902668222639997 2.690000057220459 28.399999618530273 AB 8.93412406745368 1.1250628469278026
60324.197 lsst_hardware_z 39.64183926181335 46.54999923706055 30.90999984741211 AB 8.870023385726675 1.4709823193576577
60328.2062 lsst_hardware_r -8.038713913475544 23.56999969482422 31.43000030517578 AB 7.674982737000494 1.3232728856897404
60328.2227 lsst_hardware_z 91.10101116650812 43.5 30.920000076293945 AB 7.372852978625583 1.23247201046871
