data/validation/pwv_sim_epoch_fit_epoch/44515652.ecsv
# %ECSV 0.9
# ---
# datatype:
# - {name: time, datatype: float64}
# - {name: band, datatype: string}
# - {name: flux, datatype: float64}
# - {name: fluxerr, datatype: float64}
# - {name: zp, datatype: float64}
# - {name: zpsys, datatype: string}
# - {name: pwv, datatype: float64}
# - {name: airmass, datatype: float64}
# meta: {SNID: '44515652', alt: 1024.0, c: -0.08420390635728836, dec: -18.524391, lat: -30.244573, lon: -70.7499537, ra: 13.535156, t0: 61367.3203125,
#   x0: 2.3062120046135047e-06, x1: -0.6464576721191406, z: 0.8406020402908325}
# schema: astropy-2.0
time band flux fluxerr zp zpsys pwv airmass
[from data line 134]
61690.1438 lsst_hardware_r 57.67699286963245 82.87000274658203 31.649999618530273 AB 6.27175825831298 1.0421665434218619
61690.1631 lsst_hardware_i -9.38688497305883 67.63999938964844 31.329999923706055 AB 6.204952186887347 1.025696700039234
61691.1503 lsst_hardware_z 32.16888522133656 71.51000213623047 30.989999771118164 AB 6.124780693743278 1.032628989461459
61691.1685 lsst_hardware_i -12.347017430030963 81.29000091552734 31.34000015258789 AB 6.702552473726878 1.0226659251948242
61693.1511 lsst_hardware_z 59.77578346689018 116.37000274658203 31.75 AB 6.28090020351294 1.0279004765380877
61695.134 lsst_hardware_r -28.201180547796817 90.6500015258789 31.65999984741211 AB 6.6419686903103425 1.037807607860991
61695.1515 lsst_hardware_i 49.083803613992345 71.91999816894531 31.34000015258789 AB 6.558187387398518 1.0247167792810183
61697.1416 lsst_hardware_z 90.56875582720825 67.12999725341797 31.709999084472656 AB 3.9382724952948207 1.027018209830234
61701.1319 lsst_hardware_g 4.3623704070816025 14.329999923706055 31.440000534057617 AB 4.985845106527153 1.026316407271954
61701.1506 lsst_hardware_r -11.212925171380448 23.020000457763672 31.5 AB 4.830612309896502 1.021973302987571
61704.113 lsst_hardware_r 10.318855628841431 23.290000915527344 31.520000457763672 AB 2.3717913638387422 1.0342489322310007
61704.1305 lsst_hardware_i -51.21057578762656 30.68000030517578 31.260000228881836 AB 2.602736453111393 1.0233564035824612
61706.1106 lsst_hardware_z 29.826742529448932 41.0099983215332 30.950000762939453 AB 3.8219561977931007 1.0315671249103033
61706.1282 lsst_hardware_i -12.337611481157932 30.3700008392334 31.25 AB 2.964961445212523 1.022518029157095
61708.106 lsst_hardware_u -3.260865737973698 2.630000114440918 28.3799991607666 AB 6.185236666535638 1.0308727777559397
61708.1238 lsst_hardware_g 3.661724813797184 14.109999656677246 31.420000076293945 AB 6.1338769210087705 1.0223128201681284
61712.0905 lsst_hardware_i 17.82178318928951 30.75 31.25 AB 4.2177707530215 1.0348664643056995
61712.1092 lsst_hardware_z 9.403769074561442 40.91999816894531 30.950000762939453 AB 4.0934292317127685 1.0231867767988316
61721.0799 lsst_hardware_r 106.21941695988083 95.47000122070312 31.65999984741211 AB 4.663269851548409 1.0249883362685397
61721.0973 lsst_hardware_z 9.709402456768055 68.70999908447266 30.989999771118164 AB 3.5172591361142924 1.0221124045474015
61723.0604 lsst_hardware_z 71.19348498129264 65.62999725341797 30.989999771118164 AB 3.9651482785851004 1.0349264690930313
61723.0785 lsst_hardware_r 125.68123201763407 94.01000213623047 31.65999984741211 AB 3.9455185919692646 1.0233923375330964
61725.0622 lsst_hardware_i -84.68231405783911 44.54999923706055 31.299999237060547 AB 6.167007992071479 1.028920748357437
61725.0793 lsst_hardware_z -80.59165761341237 49.630001068115234 30.969999313354492 AB 6.102073333992087 1.0220372387558976
61730.0554 lsst_hardware_g -19.321031972873314 14.130000114440918 31.440000534057617 AB 3.962809184381484 1.0249528022368932
61730.0743 lsst_hardware_r 2.189945850026869 22.780000686645508 31.5 AB 3.9543164049566992 1.022359565206251
61733.0338 lsst_hardware_z -17.180797718993702 42.22999954223633 30.959999084472656 AB 8.025852194937569 1.034259303471336
61733.0531 lsst_hardware_i -32.676421546638636 30.43000030517578 31.260000228881836 AB 7.769812475321172 1.0228372208505645
61735.0349 lsst_hardware_y 99.74406825969321 48.25 30.049999237060547 AB 4.977379315107113 1.0289156206939767
61735.0539 lsst_hardware_r 3.974107578251546 22.75 31.5 AB 4.383220106534224 1.0218884301837068
61737.0369 lsst_hardware_y -62.913257003098714 47.849998474121094 30.059999465942383 AB 4.59669499678937 1.0246756568856559
61737.0573 lsst_hardware_r -17.78781527919709 22.8799991607666 31.510000228881836 AB 3.9037800433671954 1.0228244655110557
61739.0372 lsst_hardware_y -27.355592322942897 48.599998474121094 30.059999465942383 AB 5.723968844270016 1.022715614949528
61739.0562 lsst_hardware_z 25.161729364872265 41.119998931884766 30.950000762939453 AB 5.058605098395612 1.0242683064329257
61741.0233 lsst_hardware_y 50.36282997772739 68.87000274658203 30.06999969482422 AB 7.164380319764588 1.025974555314931
61741.0402 lsst_hardware_u -1.4815857488371 3.25 28.559999465942383 AB 7.115416075711948 1.0218894263552991
61743.025 lsst_hardware_y -52.511144527036244 72.22000122070312 30.06999969482422 AB 4.603733196013377 1.023051821336306
61743.0441 lsst_hardware_r -14.389533023854476 26.5 31.540000915527344 AB 3.567990688199256 1.0238136838448975
