data/validation/pwv_sim_epoch_fit_epoch/44545075.ecsv
# %ECSV 0.9
# ---
# datatype:
# - {name: time, datatype: float64}
# - {name: band, datatype: string}
# - {name: flux, datatype: float64}
# - {name: fluxerr, datatype: float64}
# - {name: zp, datatype: float64}
# - {name: zpsys, datatype: string}
# - {name: pwv, datatype: float64}
# - {name: airmass, datatype: float64}
# meta: {SNID: '44545075', alt: 1024.0, c: -0.07336419075727463, dec: -19.15501, lat: -30.244573, lon: -70.7499537, ra: 359.121094, t0: 61994.41015625,
#   x0: 2.7580371511603983e-06, x1: -1.8232581615447998, z: 0.7819564342498779}
# schema: astropy-2.0
time band flux fluxerr zp zpsys pwv airmass
61946.3558 lsst_hardware_u -1.9061075241108063 2.7200000286102295 28.3799991607666 AB 4.1071275327333145 1.1396288850740877
61946.3785 lsst_hardware_y -82.68726223908408 47.810001373291016 30.030000686645508 AB 4.794836110552319 1.0789055564715513
61952.3938 lsst_hardware_z -8.541423345775508 82.27999877929688 32.45000076293945 AB 10.004301598832107 1.031371298848671
61957.4014 lsst_hardware_r -31.622344904680205 63.43000030517578 31.649999618530273 AB 5.106952259179851 1.0200304112875866
61957.4228 lsst_hardware_z 3.6724681036146594 51.060001373291016 30.979999542236328 AB 5.345117792253806 1.024116068832397
61959.3797 lsst_hardware_r -70.28446759299592 90.89598657348127 31.65999984741211 AB 1.4705666055722595 1.027290678010994
61959.3991 lsst_hardware_i 4.075999987770502 70.84831357025769 31.34000015258789 AB 1.4994102731015355 1.0196601653189634
61961.3753 lsst_hardware_z -16.620146478352762 65.71310543645802 30.989999771118164 AB 10.026732324498075 1.026540294292175
61961.3946 lsst_hardware_i -66.34010275616664 72.73334705992987 31.34000015258789 AB 9.763999281115108 1.0196145932904719
61963.3902 lsst_hardware_z -24.844086723655252 91.16337129424456 31.739999771118164 AB 7.833843791554481 1.019600272222563
61966.3663 lsst_hardware_r 37.46309555381088 43.07107305941215 31.6200008392334 AB 3.7447257056447367 1.0237085034565612
61966.3889 lsst_hardware_i 13.87883454540607 42.27655785763746 31.299999237060547 AB 4.8164283673961865 1.0204297388551242
61967.3856 lsst_hardware_z -42.70076843911907 61.22894838979135 31.700000762939453 AB 3.3771945071704716 1.020300455338511
61975.3478 lsst_hardware_r 126.0043180133992 24.986470968536494 31.489999771118164 AB 5.215590803552713 1.0211298316686117
61975.3668 lsst_hardware_g 206.9661161142677 20.071793300072652 31.43000030517578 AB 5.165842901055693 1.0211193716259523
61977.3459 lsst_hardware_r 130.28837730078726 26.91785821343377 31.5 AB 7.330137175950064 1.020200024488468
61977.3644 lsst_hardware_i 380.9018778139183 35.76984429492131 31.25 AB 7.281212991011108 1.0222594053272802
61982.3226 lsst_hardware_u 8.381239952539204 3.742089434931855 28.420000076293945 AB 3.4615386366274934 1.0237200226619165
61982.3421 lsst_hardware_g 146.02234331697628 19.371397359552223 31.440000534057617 AB 4.004472197938539 1.0198579391158356
61984.3259 lsst_hardware_r 516.6782519338478 49.019704654557565 31.6200008392334 AB 1.3845028269107462 1.0203926988655543
61984.3456 lsst_hardware_i 776.7704668488967 48.698470293723496 31.290000915527344 AB 1.4812781550972491 1.0223937571130215
61996.2937 lsst_hardware_z 599.9765472752771 49.9333506498202 30.959999084472656 AB 3.4272532349153493 1.0202688866034282
61996.3152 lsst_hardware_g 142.2337627923871 31.500133274817372 31.670000076293945 AB 3.461025350899638 1.023517773443631
62000.2741 lsst_hardware_r 452.8906988075525 32.238293271682146 31.520000457763672 AB 3.0621473846240805 1.0233879745861127
62000.2943 lsst_hardware_i 916.7344277681666 43.21090083047154 31.270000457763672 AB 3.41441577104127 1.0200659559463052
62010.142 lsst_hardware_r 275.01957171225746 36.489530432390005 31.520000457763672 AB 5.137880582667414 1.3174052776070293
62010.1646 lsst_hardware_g 46.726711838668514 28.208088728694726 31.59000015258789 AB 4.685000709875292 1.201282233301357
62014.2112 lsst_hardware_z 389.8066683210967 57.081982666223404 30.969999313354492 AB 1.6794346313350474 1.046648432927581
62014.2275 lsst_hardware_i 304.297922844254 58.39317914204527 31.31999969482422 AB 1.7439031954703328 1.0288514427553586
62019.189 lsst_hardware_r 12.403234111056786 134.46938980951006 31.65999984741211 AB 0.6881918312946003 1.059979717049827
62019.2064 lsst_hardware_z 307.7019855256859 89.41130463708731 31.0 AB 0.6411495620655233 1.0357828143223318
62022.1899 lsst_hardware_y 197.17294529636087 51.98862913542357 30.059999465942383 AB 3.417734026587521 1.0458982561663288
62022.2081 lsst_hardware_r 185.1156983428202 63.61854611542681 31.649999618530273 AB 3.3138928710938336 1.0270063906698175
62028.1705 lsst_hardware_r 43.86707274551813 25.157966243477084 31.520000457763672 AB 1.1215429330767348 1.0502157781444257
62028.1885 lsst_hardware_i 146.82193301102805 33.30924802514128 31.270000457763672 AB 1.0715182131620393 1.0294810694911505
62029.1866 lsst_hardware_r 51.03077800183175 24.667435116028383 31.510000228881836 AB 3.0783642386862002 1.0288077442275854
62029.2033 lsst_hardware_g 68.51344959898125 17.191207970995286 31.459999084472656 AB 3.0563268523699048 1.0203344617732328
62032.1723 lsst_hardware_u 0.5247330086681338 2.8435681776948063 28.479999542236328 AB 6.330296339020522 1.0343339787621015
62032.1909 lsst_hardware_r 96.02804333301519 24.560749709971642 31.510000228881836 AB 6.2546463076376915 1.021569812465494
62034.171 lsst_hardware_i 52.1488910829837 32.64835830958508 31.260000228881836 AB 4.542116800485959 1.0304257714353022
62034.1899 lsst_hardware_z 180.65125814697836 42.722139003630424 30.959999084472656 AB 4.5035123026471755 1.020279180482107
62042.1334 lsst_hardware_z 21.096455412175676 51.63672116905818 30.969999313354492 AB 4.171978030232112 1.0485650091692396
62042.1528 lsst_hardware_r -22.342771008459952 56.13533719944343 31.639999389648438 AB 4.08374487934997 1.0275079896882067
62045.1318 lsst_hardware_z 175.1476726020905 77.13937998415395 31.0 AB 4.559021366208118 1.0398634581075954
62045.1507 lsst_hardware_r 86.221041806966 109.99268486672563 31.670000076293945 AB 4.490472820310755 1.0236640167881417
62047.1321 lsst_hardware_i 6.590720407761191 105.62637829955871 31.34000015258789 AB 1.8734446258208979 1.0335771003564
62047.1512 lsst_hardware_z 110.13975811727641 86.82930617376427 31.0 AB 1.8585546838186129 1.0211371368446205
62049.1334 lsst_hardware_r 16.72833086894067 95.06227550613752 31.65999984741211 AB 4.484714365282202 1.0277202784949189
62049.1531 lsst_hardware_z 74.97425114949891 67.83057464083099 30.989999771118164 AB 4.458301762339829 1.0196813453804858
62051.1337 lsst_hardware_g 121.80854089329011 58.736599426732106 31.729999542236328 AB 5.0795250724049765 1.023994571596566
62051.1523 lsst_hardware_r -74.7472048159337 59.7252177834691 31.649999618530273 AB 5.056717272944637 1.0197050358831268
62056.1112 lsst_hardware_z 91.70976136112068 41.84584585412756 30.959999084472656 AB 5.396322152336097 1.0301929082699601
62056.1302 lsst_hardware_r 15.361832273498413 23.817305108788442 31.520000457763672 AB 5.960948679068327 1.0202008721217086
62058.0967 lsst_hardware_u 3.310074508539593 3.031101341130608 28.389999389648438 AB 6.444229529606983 1.0393918596140295
62058.1155 lsst_hardware_r 36.71452187784988 23.588216716204936 31.5 AB 6.345755249284763 1.0235089111749618
62060.0959 lsst_hardware_i 29.50586264045516 31.409181868981086 31.25 AB 7.114552242159401 1.0342798098723305
62061.0115 lsst_hardware_r 85.83092002269785 24.668758941763347 31.469999313354492 AB 6.672894250567151 1.2674464371585967
62066.0995 lsst_hardware_g 80.81162551415557 17.154579200698297 31.469999313354492 AB 5.458003439640302 1.0210782189400207
62066.1179 lsst_hardware_r -42.09872628686232 23.721495923618328 31.520000457763672 AB 5.4455575390255895 1.0209782274280441
62069.0797 lsst_hardware_z 33.03416118675257 43.99138119751436 30.959999084472656 AB 2.255923713291133 1.0270538189352327
62069.0977 lsst_hardware_r 65.63733069960676 33.83936876508942 31.600000381469727 AB 2.3363276826209165 1.0197480155476302
62074.0667 lsst_hardware_z 54.80228915674925 69.58284371180343 31.0 AB 4.28243651218811 1.0265939139847455
62074.084 lsst_hardware_r 141.74084218758964 92.46252670229445 31.670000076293945 AB 5.089072832494202 1.019752095480253
62076.0473 lsst_hardware_z -65.33057555740234 70.02811973063459 30.989999771118164 AB 6.882906318860721 1.0396877700250329
62076.0647 lsst_hardware_i 67.79698535697354 80.22892798078723 31.34000015258789 AB 6.76363452009726 1.0244050768795547
62078.0539 lsst_hardware_z 71.51754169435118 61.67572485140141 30.989999771118164 AB 4.197140725669303 1.0279551128261044
62078.073 lsst_hardware_r 108.59527527132444 85.21208567180321 31.65999984741211 AB 4.096629091644292 1.019759559809316
62080.054 lsst_hardware_u -1.048713792338362 2.774501345795007 28.479999542236328 AB 3.377130964024243 1.0242783158922513
62080.0739 lsst_hardware_g -25.801535973333035 33.824502203101616 31.68000030517578 AB 3.467924167747389 1.0197777399763461
62082.056 lsst_hardware_r 18.83631044935553 23.785004486182757 31.510000228881836 AB 7.8148675132638195 1.0210174435933916
62082.0724 lsst_hardware_i 47.26843873583963 31.299631486230027 31.260000228881836 AB 7.832174122946897 1.0204787130875437
62084.044 lsst_hardware_z -11.946455968693524 41.119998931884766 30.959999084472656 AB 8.80802053408424 1.0237717828888522
62084.0616 lsst_hardware_r 55.42280899536744 23.329999923706055 31.520000457763672 AB 8.715014187678994 1.019657679616048
62087.0462 lsst_hardware_u -1.137631015045432 2.700000047683716 28.420000076293945 AB 4.42788786358595 1.020074379677694
62087.0629 lsst_hardware_r -36.69866630951278 23.270000457763672 31.5 AB 4.445269362128963 1.0217835564025468
62089.025 lsst_hardware_y 16.223930503397497 49.0099983215332 30.049999237060547 AB 5.751846288357309 1.0271154086352339
62089.0433 lsst_hardware_i -7.458548210839837 30.760000228881836 31.25 AB 5.482552343298645 1.0197251638236793
62092.0137 lsst_hardware_y -38.24155031932495 71.9800033569336 30.06999969482422 AB 7.803651944981817 1.0295168519858595
62092.0338 lsst_hardware_r -6.477243021999229 23.790000915527344 31.510000228881836 AB 7.740854305724347 1.0198754025987282
62094.0151 lsst_hardware_y -111.34370098356197 75.30999755859375 30.079999923706055 AB 7.665513532928926 1.0246642872515608
62094.036 lsst_hardware_g 0.47744986329730077 15.270000457763672 31.469999313354492 AB 7.635858285491736 1.0198141282793638
62097.0176 lsst_hardware_z -35.56380794943399 64.37000274658203 30.989999771118164 AB 7.763040840124611 1.0203339548904198
62097.0378 lsst_hardware_i -80.74495413372436 32.959999084472656 31.270000457763672 AB 7.740670315385856 1.0227144925365292
62307.4205 lsst_hardware_g 22.424693829146253 15.470000267028809 31.479999542236328 AB 3.7305826009131695 1.0325919456326824
62307.4407 lsst_hardware_y 96.27905951457188 58.779998779296875 30.06999969482422 AB 3.7032051163861657 1.0205415532940012
62309.4228 lsst_hardware_i 7.578150268236527 31.1200008392334 31.260000228881836 AB 1.6973122805495278 1.0262897997882132
62309.4414 lsst_hardware_y -131.21133592367144 59.66999816894531 30.06999969482422 AB 1.6878491048966215 1.0196430355799164
62311.4213 lsst_hardware_i 15.860154082875141 30.940000534057617 31.260000228881836 AB 4.034105872108561 1.0238847391139017
62311.4403 lsst_hardware_y -86.29560404946949 58.59000015258789 30.06999969482422 AB 4.081503155058105 1.0197809165632503
62318.3789 lsst_hardware_i 78.52233498244085 60.77000045776367 31.329999923706055 AB 10.146403941493217 1.046021024896208
62318.4 lsst_hardware_y 3.522948760619109 52.59000015258789 30.059999465942383 AB 9.943945379126122 1.0251490081573322
62320.4165 lsst_hardware_z 136.27087447142907 66.87999725341797 31.709999084472656 AB 6.592632387466899 1.0198735161738144
62324.4049 lsst_hardware_g 11.691068717330905 22.31999969482422 32.2400016784668 AB 1.499690373318752 1.0197928531665132
62324.4245 lsst_hardware_r -12.236812256913426 34.45000076293945 32.27000045776367 AB 1.7620727742067273 1.0284471444786345
62326.3805 lsst_hardware_i -21.807518938761316 30.770000457763672 31.260000228881836 AB 2.105628059534292 1.0238061877802507
62326.3995 lsst_hardware_z 44.236647937817345 40.95000076293945 30.950000762939453 AB 2.224523279913649 1.0197997921364528
62333.3615 lsst_hardware_i -22.169247911463827 30.8799991607666 31.260000228881836 AB 1.4985116940955332 1.023748381959996
62333.3826 lsst_hardware_r 18.0653367640111 23.540000915527344 31.520000457763672 AB 3.4126641473325905 1.0201267877638274
62335.3597 lsst_hardware_u -0.2462949522744443 2.7100000381469727 28.440000534057617 AB 1.6274250327471445 1.02203791045456
62335.3842 lsst_hardware_g 1.7237474343564456 14.4399995803833 31.450000762939453 AB 1.9162564659001502 1.0222760554281942
62344.3411 lsst_hardware_z 111.35547432798766 105.16000366210938 31.75 AB 2.5534601093408074 1.0202277855793331
62344.3625 lsst_hardware_r 97.23559650852621 149.80999755859375 32.40999984741211 AB 2.559091848807515 1.023636739523006
62346.3257 lsst_hardware_i -26.810151374548624 74.83000183105469 31.34000015258789 AB 3.788485782367228 1.023915076315467
62346.3456 lsst_hardware_z -44.5931913455229 66.26000213623047 30.989999771118164 AB 4.308431877177453 1.0198880028037292
62350.2991 lsst_hardware_g -18.4263706035428 29.719999313354492 31.649999618530273 AB 1.4351261856774093 1.0366912008264455
62350.3233 lsst_hardware_r 10.440565724984154 34.650001525878906 31.59000015258789 AB 1.420094127247719 1.0205491392365929
62353.2882 lsst_hardware_i 17.54402875342743 30.8700008392334 31.260000228881836 AB 0.36046094600132156 1.0397911903884276
62353.3116 lsst_hardware_r 46.675828167003004 23.079999923706055 31.5 AB 1.572468579633844 1.0216363267788917
62355.2773 lsst_hardware_z 40.9691061749225 58.47999954223633 31.700000762939453 AB 4.442258727819046 1.0468383946786959
62355.297 lsst_hardware_u -4.521833096943356 3.9200000762939453 29.239999771118164 AB 4.304215153704246 1.0264424054938583
62357.2967 lsst_hardware_g -7.7231918907640384 14.470000267028809 31.450000762939453 AB 4.629925743435262 1.0233764767218547
62357.3179 lsst_hardware_r 17.756845527557473 23.149999618530273 31.510000228881836 AB 4.575162777074105 1.02029275831424
62363.2764 lsst_hardware_i 47.84441638517885 30.959999084472656 31.270000457763672 AB 4.820418870483998 1.025621036273191
62363.2985 lsst_hardware_u -0.7525934137939363 2.8399999141693115 28.540000915527344 AB 4.818578590861005 1.0198049927748605
62368.2584 lsst_hardware_i -6.584925835310965 47.709999084472656 31.309999465942383 AB 1.652406876895337 1.028735798845346
62368.2796 lsst_hardware_r 8.579080059690508 53.790000915527344 31.639999389648438 AB 1.5970880281979343 1.0196890842444912
62370.2822 lsst_hardware_z -3.808660410914486 129.0500030517578 32.5 AB 1.830668317011625 1.0202498515762353
62373.2361 lsst_hardware_i -81.99455632031817 149.8000030517578 32.09000015258789 AB 3.522671561282723 1.0369185550909479
62373.2617 lsst_hardware_z 23.405812309598215 122.41999816894531 31.75 AB 3.261481142381315 1.0202756441234564
62379.2005 lsst_hardware_g 0.3636736257334696 20.93000030517578 31.559999465942383 AB 4.153852609070725 1.0650904125822371
62379.2174 lsst_hardware_r 9.491177064807715 30.56999969482422 31.56999969482422 AB 4.325138065674091 1.039571701880565
62384.2077 lsst_hardware_z -29.675821503723803 41.560001373291016 30.950000762939453 AB 2.260979399530411 1.0351679814713821
62384.2269 lsst_hardware_u -1.0415533436510902 2.809999942779541 28.489999771118164 AB 1.7599808013793297 1.0216606819152456
62388.1868 lsst_hardware_i -19.171242318518974 31.1200008392334 31.25 AB 3.4059001841851995 1.047405299972384
62388.2055 lsst_hardware_z 72.54404171898203 41.25 30.950000762939453 AB 3.368705754534508 1.0274359907081019
62391.1953 lsst_hardware_i 30.479445604803047 31.020000457763672 31.260000228881836 AB 2.7515731089013196 1.0289780705791567
62391.2152 lsst_hardware_u -0.6948911182953662 2.75 28.450000762939453 AB 3.0783823307252263 1.0198384398625195
62402.1833 lsst_hardware_i -125.80589453896386 98.08000183105469 31.350000381469727 AB 1.9633087758324386 1.0201214682827133
62402.2044 lsst_hardware_z -68.01481217302991 83.41999816894531 31.0 AB 1.9707579621765698 1.0237703699618546
62405.1478 lsst_hardware_z 31.360960497780002 53.650001525878906 30.969999313354492 AB 3.0180373289869475 1.0379584990209278
62405.1669 lsst_hardware_i -47.09343626250167 54.939998626708984 31.329999923706055 AB 3.4723029986752088 1.0227696608763501
62410.1307 lsst_hardware_r 0.7843856589260698 23.549999237060547 31.510000228881836 AB 6.2143562041206675 1.0420943886172165
62410.1497 lsst_hardware_i 18.743223516152383 30.899999618530273 31.260000228881836 AB 6.217770818524262 1.0246257871778515
62412.1319 lsst_hardware_z 3.5407061246339686 41.189998626708984 30.950000762939453 AB 3.291769386819806 1.034496978887431
62412.1499 lsst_hardware_u 0.3178143539303222 2.740000009536743 28.459999084472656 AB 3.2349806611779117 1.0218686444533613
62415.133 lsst_hardware_g -29.53560242821359 14.630000114440918 31.440000534057617 AB 4.433999098991889 1.0265669037429852
62415.1519 lsst_hardware_r -33.55887710164266 23.350000381469727 31.510000228881836 AB 4.401837589232257 1.019651978047778
62417.1118 lsst_hardware_r 15.663531079470253 23.420000076293945 31.510000228881836 AB 9.589917612416953 1.0418255764492113
62417.1299 lsst_hardware_i -16.73556281679245 30.760000228881836 31.25 AB 5.104501835407927 1.0250346735984324
62419.1092 lsst_hardware_z 37.331010161654895 41.310001373291016 30.940000534057617 AB 3.2712592397169016 1.0383851147128715
62419.1279 lsst_hardware_i 15.059737127702629 30.700000762939453 31.25 AB 3.2203227691366028 1.023136701870247
62421.1127 lsst_hardware_u 2.3556862706876527 2.9100000858306885 28.510000228881836 AB 5.9628224799022504 1.02953726937493
62421.1303 lsst_hardware_g 24.906635316833476 15.300000190734863 31.459999084472656 AB 6.1763303540353 1.0203469843391006
62424.1091 lsst_hardware_r -15.39165467653871 38.150001525878906 31.600000381469727 AB 6.361876013848768 1.0261090344917367
62424.1279 lsst_hardware_i -16.2430159697441 38.349998474121094 31.290000915527344 AB 6.300467913977092 1.0196306806166568
62426.1077 lsst_hardware_z -105.59777637337513 79.12999725341797 31.729999542236328 AB 7.055341295317155 1.0236877521770855
62428.0998 lsst_hardware_z -67.93194573933006 71.06999969482422 31.0 AB 4.3270050642819635 1.025073257223217
62428.1172 lsst_hardware_r 54.09127227942441 95.56999969482422 31.670000076293945 AB 4.285994595844363 1.0196252160923904
62430.096 lsst_hardware_i 71.71772625866478 86.66000366210938 31.34000015258789 AB 2.7215643333261297 1.024106992784997
62430.1131 lsst_hardware_z 93.72770274713255 75.41000366210938 31.0 AB 2.777219849586575 1.019630968182313
62431.0352 lsst_hardware_z 51.978699923987634 75.43000030517578 30.979999542236328 AB 4.684619777565223 1.1201418190488475
62431.0465 lsst_hardware_i -2.40364129868819 85.68000030517578 31.329999923706055 AB 4.292169323781923 1.0903516636051565
62436.0803 lsst_hardware_r -41.049791520249705 23.260000228881836 31.5 AB 2.996050763947914 1.0237367000020985
62436.0979 lsst_hardware_i 29.300388565336032 30.649999618530273 31.25 AB 4.317691580143452 1.0196862741423567
62450.0435 lsst_hardware_r -16.730532531981535 24.020000457763672 31.520000457763672 AB 8.770302357203322 1.023014389035731
62450.0614 lsst_hardware_i 25.450343541406518 30.940000534057617 31.25 AB 8.835990884139877 1.0198512100807067
62452.0451 lsst_hardware_z -13.789440300184857 42.65999984741211 30.959999084472656 AB 4.595523228914988 1.0204714794038898
62452.0629 lsst_hardware_i 42.888537616948625 34.18000030517578 31.280000686645508 AB 4.6148261407027915 1.021544248080425
62457.0298 lsst_hardware_y -87.5809297049145 54.279998779296875 30.06999969482422 AB 3.573193336962526 1.0209123819892931
62457.0497 lsst_hardware_r -62.61030669313258 80.58000183105469 31.65999984741211 AB 3.9555524659162518 1.02171056849211
62459.0241 lsst_hardware_z -22.18876420613234 104.76000213623047 31.75 AB 5.857724251749686 1.0209837761590204
62462.0176 lsst_hardware_y 4.726040800513215 72.30999755859375 30.079999923706055 AB 4.80663736982219 1.0205174882849661
62462.0385 lsst_hardware_g -17.977450063593093 60.43000030517578 31.729999542236328 AB 4.777201988833483 1.022736456611886
62464.0188 lsst_hardware_y -42.80902203423894 71.8499984741211 30.06999969482422 AB 7.916353096698265 1.0196230160611395
62464.0384 lsst_hardware_i 34.93621096222883 31.450000762939453 31.260000228881836 AB 7.911892677692599 1.0256980265795685
