data/validation/pwv_sim_epoch_fit_epoch/44599151.ecsv
# %ECSV 0.9
# ---
# datatype:
# - {name: time, datatype: float64}
# - {name: band, datatype: string}
# - {name: flux, datatype: float64}
# - {name: fluxerr, datatype: float64}
# - {name: zp, datatype: float64}
# - {name: zpsys, datatype: string}
# - {name: pwv, datatype: float64}
# - {name: airmass, datatype: float64}
# meta: {SNID: '44599151', alt: 1024.0, c: -0.09916762262582779, dec: -44.20153, lat: -30.244573, lon: -70.7499537, ra: 272.028687, t0: 62612.69921875,
#   x0: 2.6202418853097097e-06, x1: 0.09677721560001373, z: 0.797920286655426}
# schema: astropy-2.0
time band flux fluxerr zp zpsys pwv airmass
62596.398 lsst_hardware_u 5.930359341733789 3.5081033675375024 28.40999984741211 AB 8.43210286821564 1.034391740204972
62596.4107 lsst_hardware_y 140.56588982923216 52.10764611774563 30.049999237060547 AB 8.478389532371528 1.0306819271056757
62598.403 lsst_hardware_r 437.4367615585977 32.360936231610765 31.510000228881836 AB 8.4356184322822 1.0310286225174565
62598.4156 lsst_hardware_z 405.787207183891 58.61436043143395 30.979999542236328 AB 8.377947244577108 1.0307830881335163
62600.402 lsst_hardware_z 427.76350742809706 46.16885224166225 30.950000762939453 AB 6.904133245348855 1.0304676485595305
62600.4129 lsst_hardware_y 145.5776571958968 52.96401596382671 30.049999237060547 AB 6.909596783506454 1.0312831020158886
62602.3971 lsst_hardware_r 720.0783436991363 35.00274389326966 31.530000686645508 AB 4.575899894798164 1.030434024612546
62602.4106 lsst_hardware_y 219.90368634943007 50.923850768166915 30.059999465942383 AB 4.614780757236129 1.032100812353621
62606.3935 lsst_hardware_u 2.818008542836677 3.1437051723306015 28.559999465942383 AB 9.711350269937922 1.0307465349306126
62606.4082 lsst_hardware_y 246.78494101049276 49.835766558029086 30.059999465942383 AB 9.78313558059848 1.035617739654038
62616.4034 lsst_hardware_r 659.5226251237191 40.96076561250941 31.579999923706055 AB 15.379937108022405 1.0543531394571046
62616.4165 lsst_hardware_i 988.9100754797515 47.89502668778287 31.270000457763672 AB 15.661173375156437 1.0719183259767704
62618.3723 lsst_hardware_z 603.8943532239741 47.71346593355878 30.950000762939453 AB 2.295008416328335 1.0340981148971171
62618.3851 lsst_hardware_i 829.4186763542626 43.195590726195974 31.25 AB 1.4587342562351147 1.041953040167939
62622.3327 lsst_hardware_u -4.38441096438258 2.8452741795229177 28.520000457763672 AB 10.16984051073677 1.032209135827127
62622.3442 lsst_hardware_g 53.865908042775395 16.357586358884184 31.459999084472656 AB 9.170405004596645 1.0303825847861399
62623.3277 lsst_hardware_r 843.6634381879104 43.38626786147086 32.2599983215332 AB 9.323674117326473 1.0329796274458756
62623.3405 lsst_hardware_i 1514.6073536056679 58.269554828807244 32.0099983215332 AB 9.1364988215434 1.0304031451981692
62625.3285 lsst_hardware_z 433.2886974522431 46.31222920376845 30.950000762939453 AB 9.40628161663217 1.0311832361877733
62625.3404 lsst_hardware_r 330.0259147485184 29.82484934946939 31.5 AB 8.532482521772211 1.0305967816936743
62627.3302 lsst_hardware_u 9.504118856737378 2.8171269948079596 28.530000686645508 AB 3.1676681726885043 1.0303873050950652
62627.3417 lsst_hardware_r 310.69957333786317 29.238284686823288 31.510000228881836 AB 3.148363553702 1.0319120136682705
62631.3187 lsst_hardware_i 575.4027590654033 38.22698973307569 31.260000228881836 AB 7.006735926282347 1.0304023421003452
62631.3314 lsst_hardware_z 359.253970534427 45.6682693635469 30.959999084472656 AB 7.0182327879753315 1.0320930570551958
62633.3216 lsst_hardware_r 226.9730144735305 27.293638826407005 31.5 AB 9.183309586678096 1.0310409146548323
62633.3334 lsst_hardware_u -3.9039249284289994 2.6839188509174488 28.420000076293945 AB 10.187595045829795 1.0350617267797497
62639.3066 lsst_hardware_r 74.48144147907297 125.19125149507592 31.65999984741211 AB 8.211904059158629 1.0313223308205164
62639.3176 lsst_hardware_i 222.9414533901759 99.0452498968658 31.34000015258789 AB 8.18793094546994 1.0353548087000979
62642.2954 lsst_hardware_z 338.2541858985899 60.54010321803853 30.979999542236328 AB 6.903091783091224 1.0307737469152671
62642.3085 lsst_hardware_r 91.07230092941943 73.87970792470261 31.649999618530273 AB 6.901748517123643 1.0349000625467033
62644.3004 lsst_hardware_z 220.7547984299576 47.94327692913886 30.959999084472656 AB 2.428689131234101 1.0337046738600815
62644.3134 lsst_hardware_r 129.54991863563558 42.08942358436604 31.610000610351562 AB 2.4626415998366005 1.041396172887806
62646.2854 lsst_hardware_i 186.5557919430542 35.35532963533458 31.270000457763672 AB 5.570044465923221 1.0309169842537889
62646.297 lsst_hardware_z 215.08399391203486 44.45734250710771 30.950000762939453 AB 7.552742450592107 1.034622253505768
62652.2869 lsst_hardware_r 75.03925439155923 24.46450756789334 31.5 AB 7.09795680891529 1.0381177080122446
62652.2962 lsst_hardware_i 125.62524768370314 32.97708096887018 31.25 AB 7.756829808719923 1.0452539831181678
62655.2373 lsst_hardware_r 83.04484918438375 24.256039536261174 31.5 AB 9.6341600467355 1.0342260123168432
62655.2499 lsst_hardware_u -1.4070106867422172 2.746905669002472 28.43000030517578 AB 9.641063716199486 1.0306521451234174
62657.2741 lsst_hardware_i 90.25468065753861 32.693199026194584 31.260000228881836 AB 6.431637226347534 1.0386731450511453
62657.2854 lsst_hardware_z 156.63976258087283 43.055183883261535 30.950000762939453 AB 6.4791143297709795 1.0479199390415903
62675.2184 lsst_hardware_r -16.990614232621656 23.793373820333688 31.5 AB 3.198278900079927 1.0349021653218913
62675.2311 lsst_hardware_z 49.42828280972648 42.74637260852068 30.940000534057617 AB 3.3258481070519488 1.0432669529374823
62678.1992 lsst_hardware_u -0.17016695795302708 2.88122170428374 28.440000534057617 AB 6.316551544927983 1.0311334313581342
62678.2119 lsst_hardware_g 23.538203266994294 15.778426632261379 31.440000534057617 AB 6.195259058442426 1.0357655581435175
62680.197 lsst_hardware_r 1.3010148493030875 23.74245105880011 31.5 AB 6.153666564767214 1.0319172551314502
62680.2091 lsst_hardware_i 37.64647743094871 31.770039725792813 31.25 AB 6.30613495114281 1.0372785510556477
62686.1901 lsst_hardware_u -1.3116893219854016 2.78660168992035 28.440000534057617 AB 7.955898594807689 1.0357894277838349
62686.2028 lsst_hardware_g -4.560184836077431 15.098427470625879 31.440000534057617 AB 8.01785524568842 1.0447510988702766
62688.1874 lsst_hardware_r 54.18461863807808 23.84863978069086 31.5 AB 5.059408701162025 1.0373663741575199
62688.2 lsst_hardware_z 67.41594372376332 42.11647501960298 30.950000762939453 AB 5.131229372063335 1.0471896677680275
62694.1291 lsst_hardware_r 16.97274719392995 88.17090933032217 31.65999984741211 AB 5.5195421341699875 1.0350435305981975
62694.1405 lsst_hardware_i 82.36268513857634 72.9699548277158 31.34000015258789 AB 5.489996563783379 1.0311143611939382
62704.1108 lsst_hardware_z -30.341189779104212 40.95000076293945 30.950000762939453 AB 5.050738333777025 1.0316577304349959
62704.1219 lsst_hardware_i 10.598472302714956 30.6200008392334 31.25 AB 5.043518528993619 1.0304110315296144
62709.1157 lsst_hardware_r 14.852454994021242 22.899999618530273 31.489999771118164 AB 3.1237078973649157 1.0313805516283014
62709.1276 lsst_hardware_i -33.6739348642998 30.469999313354492 31.239999771118164 AB 3.3098723962127283 1.0359538016315268
62716.107 lsst_hardware_g 1.9184885809038803 14.020000457763672 31.420000076293945 AB 1.7939645940610747 1.0351786463133725
62716.119 lsst_hardware_r 35.171656456576 22.899999618530273 31.489999771118164 AB 1.8236790816795294 1.0431454778663538
62718.0906 lsst_hardware_r -17.478296986043503 25.270000457763672 31.520000457763672 AB 2.4253658717773954 1.0312660499372384
62719.0925 lsst_hardware_z -100.83497741544578 42.61000061035156 30.950000762939453 AB 2.064386147857918 1.0325372530132968
62719.1045 lsst_hardware_i 21.101732581939082 33.97999954223633 31.260000228881836 AB 2.02917459525909 1.0384721572463176
62722.0525 lsst_hardware_r 4.06253365033499 71.56999969482422 31.649999618530273 AB 3.9438083049732175 1.0351202900192173
62722.0645 lsst_hardware_z -127.74533672713441 59.529998779296875 30.979999542236328 AB 4.161934987662745 1.0310326146150484
62723.0544 lsst_hardware_y -114.64494607631624 55.540000915527344 30.059999465942383 AB 3.3368903454822503 1.033092986217415
62723.0665 lsst_hardware_r -91.64523259171496 86.94000244140625 31.65999984741211 AB 3.4082470543389918 1.0304601827177602
62731.0343 lsst_hardware_z -36.58284665059642 41.08000183105469 30.959999084472656 AB 2.4214174204765184 1.0324773139224042
62731.0464 lsst_hardware_r 15.800605045332391 23.229999542236328 31.520000457763672 AB 2.959302108853649 1.0303976702136661
62738.0276 lsst_hardware_g 21.041553134052393 14.270000457763672 31.440000534057617 AB 4.489431921243387 1.030395207997105
62738.039 lsst_hardware_r 3.6797734704981004 23.010000228881836 31.5 AB 4.490107793620256 1.0320307518520384
62740.033 lsst_hardware_i -20.665517869807623 30.729999542236328 31.260000228881836 AB 1.5544368532704436 1.031877094608913
62740.0439 lsst_hardware_z 6.812778069160091 41.279998779296875 30.950000762939453 AB 1.7143430794951326 1.036483119404554
62742.028 lsst_hardware_r 0.25911682942752684 23.170000076293945 31.5 AB 5.113344970944936 1.0320086726767113
62742.0385 lsst_hardware_g -4.766541061146757 14.489999771118164 31.450000762939453 AB 5.189328410431445 1.036518208415349
62747.0215 lsst_hardware_i 48.26467382608874 32.06999969482422 31.260000228881836 AB 1.7681521032018424 1.0347634839513342
62747.0339 lsst_hardware_z 44.61578806068638 41.959999084472656 30.950000762939453 AB 1.7310111240902408 1.0427777855965306
62748.0163 lsst_hardware_r 27.983549748815765 32.16999816894531 31.56999969482422 AB 1.8505954024599187 1.0336596923067876
62748.027 lsst_hardware_z 47.268404487995014 43.40999984741211 30.950000762939453 AB 1.8467096870558661 1.0396188893164944
62751.0114 lsst_hardware_y -49.306854574296025 51.810001373291016 30.049999237060547 AB 2.606551166808465 1.0351672624338621
62751.023 lsst_hardware_r -21.03271692792323 65.58999633789062 31.639999389648438 AB 2.6932821009890966 1.042796283414615
62753.0086 lsst_hardware_i -66.68467832754764 63.099998474121094 31.329999923706055 AB 2.696966482927755 1.0365970915452118
62753.0201 lsst_hardware_z -66.81605382358825 59.06999969482422 30.979999542236328 AB 2.737138755859459 1.044975345835884
62960.3978 lsst_hardware_r 12.708532809596344 23.329999923706055 31.5 AB 8.461307062375056 1.036237023508707
62960.4109 lsst_hardware_y 137.74724036302004 53.189998626708984 30.049999237060547 AB 8.44441442583114 1.0312214227850574
62962.4025 lsst_hardware_g -6.084545630223729 40.0099983215332 31.700000762939453 AB 19.82485151891316 1.0319531267978326
62962.414 lsst_hardware_y -26.41257098855009 56.220001220703125 30.059999465942383 AB 19.97501798367549 1.0303792488774266
62965.3872 lsst_hardware_i 143.2921441234489 69.12999725341797 31.329999923706055 AB 6.932244908075436 1.0346634191157367
62965.4001 lsst_hardware_z 55.43322218539498 62.29999923706055 30.989999771118164 AB 6.905879784858948 1.0307283260983504
62968.4119 lsst_hardware_z 32.884177336226315 63.90999984741211 30.989999771118164 AB 6.420538802293545 1.0332376572728588
62973.3649 lsst_hardware_u -6.351453334435497 3.180000066757202 28.670000076293945 AB 15.223939294263406 1.0348853249673475
62975.3902 lsst_hardware_r 3.181164579008931 23.209999084472656 31.510000228881836 AB 10.013525494314745 1.0323222159087366
62975.4016 lsst_hardware_i -13.10934444207724 30.84000015258789 31.25 AB 10.065546134893935 1.0376851685457666
62977.3703 lsst_hardware_z 36.92748867470296 41.20000076293945 30.959999084472656 AB 10.315748599633947 1.0304413744514982
62977.382 lsst_hardware_u 1.5613165630754287 2.869999885559082 28.56999969482422 AB 11.575318003048025 1.031545687058662
62990.3245 lsst_hardware_g -15.328080354447868 41.86000061035156 31.709999084472656 AB 9.33458575110253 1.0324346428737499
62990.3374 lsst_hardware_r -19.72149499626306 40.86000061035156 31.6200008392334 AB 8.50791973326303 1.0303783297084277
62995.3224 lsst_hardware_i 69.3276638300343 85.5999984741211 31.34000015258789 AB 8.541501935253109 1.0303897785678477
62995.3349 lsst_hardware_z 54.655138808283624 74.9800033569336 31.0 AB 8.018172502858501 1.0321058732561226
62999.2805 lsst_hardware_r -31.741122798157072 39.52000045776367 31.610000610351562 AB 7.321754403458207 1.0438523564393463
62999.2977 lsst_hardware_i -57.307326834869095 39.380001068115234 31.299999237060547 AB 7.177354251361857 1.0332331751762551
63002.3096 lsst_hardware_i -6.766368775956152 30.81999969482422 31.25 AB 3.855763351525221 1.030746067372955
63002.322 lsst_hardware_z 28.352903789767844 41.33000183105469 30.950000762939453 AB 3.900007259976176 1.0344846843438134
63005.3083 lsst_hardware_r 26.334898587275195 23.010000228881836 31.510000228881836 AB 7.478414105279669 1.032324133661824
63005.3217 lsst_hardware_u 6.004608097618829 2.7699999809265137 28.5 AB 7.712916218816884 1.0389864913878046
63010.301 lsst_hardware_g -2.8013458789845997 14.369999885559082 31.440000534057617 AB 7.4266841604615 1.0348856185324065
63010.313 lsst_hardware_r 0.9783179298815661 23.170000076293945 31.5 AB 7.4931469013759004 1.0426698533884227
63013.2457 lsst_hardware_g 6.335105187098443 14.5 31.450000762939453 AB 5.144438958016156 1.0411034048872851
63013.2578 lsst_hardware_r 6.060337675014416 23.239999771118164 31.510000228881836 AB 3.6187266000307696 1.033921885723077
63017.2724 lsst_hardware_z -32.51694404274922 41.20000076293945 30.950000762939453 AB 7.099829841862906 1.0314522772682189
63017.285 lsst_hardware_r 9.947186096161543 23.18000030517578 31.5 AB 7.053946375085838 1.036532088815513
63031.2334 lsst_hardware_g 0.020010148983960353 14.670000076293945 31.440000534057617 AB 13.584503675445578 1.0312775612409109
63031.2469 lsst_hardware_r 2.525510638797311 23.5 31.510000228881836 AB 13.753659497548991 1.036603821039291
63036.2245 lsst_hardware_i 13.350816018390748 31.049999237060547 31.260000228881836 AB 3.557663154011494 1.0326034696240483
63036.2378 lsst_hardware_z -36.622020779227455 41.470001220703125 30.950000762939453 AB 3.5888550120746587 1.0394945726501545
63044.2068 lsst_hardware_z 49.070280083720604 41.2400016784668 30.950000762939453 AB 7.685997103970382 1.0342457248160373
63044.2189 lsst_hardware_g 19.624210712261473 14.880000114440918 31.459999084472656 AB 7.491641126951702 1.0416631155383644
63046.193 lsst_hardware_r 29.425339030437055 37.22999954223633 31.600000381469727 AB 6.255893030861792 1.0314036734262462
63046.207 lsst_hardware_z 17.82118769277514 44.369998931884766 30.959999084472656 AB 5.990669611571337 1.0372256498363255
63051.1786 lsst_hardware_z 60.37417181823719 84.04000091552734 31.0 AB 7.939075939408648 1.0312385533366868
63051.1902 lsst_hardware_r 69.20885827704603 129.6199951171875 31.65999984741211 AB 7.963489658517483 1.0354633369330017
63053.1854 lsst_hardware_i 17.269627089711108 79.44999694824219 31.34000015258789 AB 5.039914077580564 1.0358116210688064
63053.1995 lsst_hardware_z -19.529003276448904 69.66000366210938 30.989999771118164 AB 5.0782279473977825 1.046050799381581
63061.1248 lsst_hardware_i 13.523900002181508 30.780000686645508 31.25 AB 7.783046903541756 1.034819097685433
63061.1367 lsst_hardware_z 43.99090306359062 41.029998779296875 30.950000762939453 AB 7.758659217228731 1.0309368907844692
63063.1259 lsst_hardware_i -9.195949542687861 30.68000030517578 31.25 AB 2.9570457942739163 1.0322177482410668
63063.1379 lsst_hardware_u 2.547776333443676 2.6500000953674316 28.389999389648438 AB 2.936082807390977 1.0303852631658106
63066.1295 lsst_hardware_g 0.41389751897318044 14.420000076293945 31.440000534057617 AB 2.861380404736737 1.0303854536322425
63066.1417 lsst_hardware_r 19.831668297167038 23.25 31.510000228881836 AB 2.8651888534662104 1.0323144851256387
63068.1138 lsst_hardware_r -17.76945861999682 23.010000228881836 31.5 AB 5.859761243679851 1.0317692059537242
63068.1257 lsst_hardware_i -8.78645557269747 30.649999618530273 31.25 AB 6.045128440034838 1.0304196204604839
63070.1058 lsst_hardware_z 1.6102268900215688 41.189998626708984 30.950000762939453 AB 6.620373447050491 1.032537676461261
63070.1175 lsst_hardware_u 1.420624772136819 2.809999942779541 28.520000457763672 AB 6.59560836361683 1.0304028063766333
63075.0076 lsst_hardware_z 80.78916896136279 46.869998931884766 30.940000534057617 AB 5.247497456708618 1.1661105459352483
63075.0148 lsst_hardware_i 66.24160029431593 40.4900016784668 31.270000457763672 AB 5.153447101427647 1.1452104669839214
63076.111 lsst_hardware_z 8.197898227973067 50.15999984741211 30.979999542236328 AB 3.7516727907237564 1.031387708790036
63076.1226 lsst_hardware_r -117.69383288634964 53.349998474121094 31.639999389648438 AB 3.7869393851106605 1.0358149302819093
63080.1123 lsst_hardware_z -73.93039641537757 110.37000274658203 31.75 AB 1.6638900350945418 1.0361536284968604
63082.1045 lsst_hardware_r -66.24849902879642 86.41999816894531 31.65999984741211 AB 1.7521462664137681 1.0349357746100012
63082.1161 lsst_hardware_i -109.847618316126 68.36000061035156 31.329999923706055 AB 1.9673135102611785 1.0424233727705279
63084.0507 lsst_hardware_r 40.43004354034423 22.90999984741211 31.5 AB 1.7991840767322471 1.041998500037981
63084.0618 lsst_hardware_i -39.7915181710246 37.25 31.280000686645508 AB 1.79265264339767 1.0349192591538554
63086.0548 lsst_hardware_z 24.106493725883226 41.119998931884766 30.950000762939453 AB 3.4923909526465766 1.0357031294918673
63086.0674 lsst_hardware_i -47.00649614969501 30.610000610351562 31.260000228881836 AB 3.382796904658986 1.0311309402539643
63092.0194 lsst_hardware_r -4.906708641513473 23.059999465942383 31.5 AB 3.2697555042734168 1.0506926427613807
63092.0248 lsst_hardware_i 2.44282298063371 30.709999084472656 31.25 AB 3.285066740882142 1.0454227455867642
63095.093 lsst_hardware_u -0.9832902434314756 2.7100000381469727 28.440000534057617 AB 4.240500357683211 1.0545229363215942
63095.1043 lsst_hardware_g 4.15876706137252 14.3100004196167 31.420000076293945 AB 4.324983629159875 1.0694154983395872
63096.0473 lsst_hardware_g 15.697541690933694 14.3100004196167 31.440000534057617 AB 2.967354225066644 1.030390957254463
63096.0599 lsst_hardware_r -9.847284879182967 23.030000686645508 31.5 AB 2.9830772149651223 1.0323554889569277
63107.0272 lsst_hardware_z 24.009999848618122 62.31999969482422 30.989999771118164 AB 5.078024616352582 1.0315946401935159
63107.0388 lsst_hardware_i -19.215018422391704 67.80999755859375 31.329999923706055 AB 5.174155587177789 1.0362819121125153
63109.0172 lsst_hardware_r 26.48142786232108 88.02999877929688 31.65999984741211 AB 2.7159610981719986 1.0307252744485762
63109.0285 lsst_hardware_z -3.6386323519543775 62.66999816894531 30.979999542236328 AB 2.8035755089432746 1.0338938570165732
63112.0189 lsst_hardware_i 62.09785439775902 45.439998626708984 31.299999237060547 AB 1.720471115356729 1.0333159851992366
63112.0304 lsst_hardware_z -14.934601894556682 49.59000015258789 30.969999313354492 AB 1.7837552201623323 1.0395853638634283
63114.0181 lsst_hardware_r 13.050998094778631 23.280000686645508 31.510000228881836 AB 1.4253574697739566 1.035431299551273
63114.0304 lsst_hardware_g -13.195875983276677 14.579999923706055 31.450000762939453 AB 1.4437683993240946 1.0438137602053943
63119.0123 lsst_hardware_z -29.925351769731204 41.34000015258789 30.950000762939453 AB 3.3510101411041777 1.0403094555091357
63119.0245 lsst_hardware_i 7.912382279988225 31.06999969482422 31.25 AB 3.387785259318326 1.051236634045819
