data/validation/pwv_sim_epoch_fit_epoch/44593447.ecsv
# %ECSV 0.9
# ---
# datatype:
# - {name: time, datatype: float64}
# - {name: band, datatype: string}
# - {name: flux, datatype: float64}
# - {name: fluxerr, datatype: float64}
# - {name: zp, datatype: float64}
# - {name: zpsys, datatype: string}
# - {name: pwv, datatype: float64}
# - {name: airmass, datatype: float64}
# meta: {SNID: '44593447', alt: 1024.0, c: -0.10720118135213852, dec: -14.323464, lat: -30.244573, lon: -70.7499537, ra: 2.8125, t0: 60523.51953125,
#   x0: 1.6550117772583107e-05, x1: 0.0030548619106411934, z: 0.37169140577316284}
# schema: astropy-2.0
time band flux fluxerr zp zpsys pwv airmass
60487.4233 lsst_hardware_z 47.9348994824405 60.4900016784668 30.979999542236328 AB 7.438280275340591 1.0463923859239772
60487.4422 lsst_hardware_y 4.346990266409861 68.98999786376953 30.06999969482422 AB 7.395708107182737 1.0406230627807578
60490.425 lsst_hardware_i -45.650148558636964 39.56999969482422 31.290000915527344 AB 4.687914245118349 1.0417587211374109
60493.4118 lsst_hardware_u 1.7665752800179364 2.930000066757202 28.520000457763672 AB 6.750221828281032 1.0436604470762025
60493.4298 lsst_hardware_z 48.316425420612504 42.2400016784668 30.950000762939453 AB 7.287381536591463 1.0410545052273519
60497.4158 lsst_hardware_z 44.11597577755191 41.74047884153112 30.950000762939453 AB 1.490330786572616 1.0406732289130867
60497.4358 lsst_hardware_y -135.0732871325726 50.53035885373326 30.049999237060547 AB 1.701188963672044 1.049306993783836
60499.3892 lsst_hardware_i 51.68776518933723 32.14478888899729 31.260000228881836 AB 2.3054546452074587 1.0472992028501478
60499.4103 lsst_hardware_u -1.89047607229934 2.8876619518908746 28.5 AB 2.3054333812099217 1.0406711019607369
60501.384 lsst_hardware_g -19.70226970131313 15.331583442795926 31.450000762939453 AB 9.567002135134345 1.0471189334136963
60501.4031 lsst_hardware_r 94.73066854980925 26.54489601999065 31.510000228881836 AB 9.519663781945978 1.0406089142027704
60503.3846 lsst_hardware_i 426.9242107055754 36.537526497933406 31.260000228881836 AB 6.394408750351055 1.0436159318365295
60503.406 lsst_hardware_r 383.1470476122796 31.736404647499963 31.510000228881836 AB 6.380991277364038 1.0419078992049264
60508.3743 lsst_hardware_r 3565.984442422547 68.28880993028297 32.25 AB 1.6340851788715065 1.0422569441085403
60508.3894 lsst_hardware_i 1285.944387725869 46.83019205236554 31.239999771118164 AB 1.8917930160507084 1.0411629147224593
60511.3668 lsst_hardware_z 1379.7167464628042 67.89304308366732 30.979999542236328 AB 4.395275249669234 1.0420282716143277
60511.3853 lsst_hardware_r 3251.9191957891308 95.10895604347999 31.649999618530273 AB 6.193505097196213 1.042282821691646
60514.3776 lsst_hardware_z 3701.1936710948876 118.96604557625548 31.739999771118164 AB 5.58444956195846 1.042458383789147
60516.3319 lsst_hardware_z 2067.5715933589863 82.35579023805867 30.989999771118164 AB 9.095721177884961 1.0571502996147097
60516.3533 lsst_hardware_r 5049.922888025387 113.57907334538307 31.649999618530273 AB 7.417172171302118 1.0419815740532126
60520.3349 lsst_hardware_i 3727.0081665934886 68.73710520256967 31.25 AB 5.0068038880482 1.045352703898711
60520.356 lsst_hardware_r 5477.364584749534 78.85070665303678 31.540000915527344 AB 4.984351332508506 1.041045288232361
60527.2887 lsst_hardware_r 5041.663024947221 74.69678766398813 31.489999771118164 AB 1.3550839358328424 1.0752500978637909
60527.3065 lsst_hardware_i 4022.12166694938 68.83260371864176 31.239999771118164 AB 2.914134604112488 1.052414085992231
60529.3438 lsst_hardware_z 4696.020964350377 89.37597677191783 31.700000762939453 AB 2.663135575880343 1.046007688876804
60529.3629 lsst_hardware_r 9535.395962459888 102.98953813168383 32.25 AB 2.663261743063904 1.0648787457272708
60531.3056 lsst_hardware_i 3547.972785118996 67.56033989870049 31.260000228881836 AB 5.113561833632399 1.044934643477774
60531.3271 lsst_hardware_u 5.290010235051507 4.403751775825604 28.510000228881836 AB 5.049118303842441 1.0412700152283854
60535.2859 lsst_hardware_i 3171.7399385032936 64.34512368084533 31.260000228881836 AB 3.772795942063872 1.0512841357196439
60535.3052 lsst_hardware_r 3684.0046034960533 65.24460702206197 31.520000457763672 AB 3.5217159155403777 1.0410551063330673
60537.2731 lsst_hardware_z 1693.8165962759756 61.38625321892434 30.959999084472656 AB 4.815016480236377 1.058827153432958
60537.2927 lsst_hardware_g 1706.5582924201278 53.04102031419993 31.65999984741211 AB 5.016342611778558 1.0432059224189851
60539.2944 lsst_hardware_r 3242.7367646256257 86.02402801527614 31.649999618530273 AB 3.4541525121689785 1.0410345124077693
60539.3092 lsst_hardware_i 2894.7699836721936 75.78922261407118 31.31999969482422 AB 3.5176091647577685 1.042408998298442
60541.2841 lsst_hardware_z 1511.8583682382853 86.91263126842644 31.0 AB 1.5990605619215317 1.0422991169504823
60541.3055 lsst_hardware_r 2904.890063545559 127.29426014532916 31.65999984741211 AB 2.4434606034469626 1.04309951054327
60543.2854 lsst_hardware_z 3110.4270239015655 143.37214327058177 31.75 AB 1.8376485221484018 1.040767522455202
60553.2202 lsst_hardware_u 0.8338222475575867 3.6292460539361113 28.40999984741211 AB 1.7788017962153009 1.0712984469050746
60553.2374 lsst_hardware_g 372.30843147990004 24.31576090319346 31.450000762939453 AB 1.7262496535373828 1.0507225890159064
60559.1961 lsst_hardware_i 1293.9255885251719 48.276965207510024 31.25 AB 2.591261163147635 1.0844365612670581
60559.2139 lsst_hardware_u 3.4865939556503225 3.825067477451935 28.489999771118164 AB 1.9534628224887458 1.0578318533332558
60566.1739 lsst_hardware_i 1082.0429918039538 53.144131691493946 31.299999237060547 AB 0.9515681214502624 1.0904141957032565
60566.1904 lsst_hardware_r 642.9597701327476 50.95814428893794 31.6299991607666 AB 0.9400403594982495 1.0631936205447987
60568.2021 lsst_hardware_z 1685.5484053006905 91.22240576643745 31.729999542236328 AB 3.126504731508221 1.0464412121188924
60571.1797 lsst_hardware_z 533.4801489772607 109.71979396469136 31.0 AB 6.466680957909301 1.0595037204733664
60571.1984 lsst_hardware_r 472.7853669261288 156.90749577727064 31.65999984741211 AB 6.3909201884122036 1.0438842236779118
60574.1077 lsst_hardware_i 1547.2877455026478 82.02628876912677 32.029998779296875 AB 4.042124660512131 1.230791573868195
60574.1309 lsst_hardware_z 1317.7980603999588 85.66160880298418 31.719999313354492 AB 3.8629544851657673 1.1435343962796756
60580.1555 lsst_hardware_z 478.7491011961601 47.27795580868929 30.940000534057617 AB 4.561466249913379 1.059061526534982
60580.1747 lsst_hardware_u 6.334886625090134 3.325265172658891 28.420000076293945 AB 4.783452647789747 1.0434726735772304
60582.1496 lsst_hardware_g 114.36067119371748 18.5975279846977 31.450000762939453 AB 4.395500830225346 1.0595823616453226
60582.1682 lsst_hardware_r 374.51758361889057 30.73526683750873 31.510000228881836 AB 4.398921345859302 1.043965195599866
60584.1463 lsst_hardware_i 638.079678113826 39.46092433367483 31.25 AB 4.640635280291767 1.0570923189730677
60584.1647 lsst_hardware_z 391.72080089684835 46.54406052630574 30.950000762939453 AB 4.586893354731052 1.0430684149473683
60586.1452 lsst_hardware_i 552.1861688573435 39.1845256076678 31.25 AB 1.9030442160742649 1.0526172202300612
60586.1643 lsst_hardware_u 1.5960978578206144 3.2713736110028306 28.420000076293945 AB 1.8905748854820035 1.0413999828223108
60588.1376 lsst_hardware_g 100.59516961961143 17.75261849071139 31.440000534057617 AB 4.592254405425955 1.0547208096981981
60588.155 lsst_hardware_r 269.3404371667544 29.891980725783803 31.5 AB 4.4841369609816475 1.0425800885797831
60590.1336 lsst_hardware_i 460.408029643468 38.76038492969628 31.260000228881836 AB 5.262638584591054 1.053265002419861
60590.1519 lsst_hardware_r 317.001445022346 30.0495316077544 31.510000228881836 AB 5.197147171370468 1.041790826814874
60594.135 lsst_hardware_r 18.838707573157993 35.099998474121094 31.600000381469727 AB 6.266484131320962 1.0441819814465056
60594.1522 lsst_hardware_i 14.556711125935344 36.720001220703125 31.290000915527344 AB 6.249954237654277 1.040791713181395
60596.1129 lsst_hardware_i 43.38928548208128 54.06999969482422 31.31999969482422 AB 7.633643936782503 1.057804189951154
60596.1321 lsst_hardware_z 23.234060549523228 53.83000183105469 30.979999542236328 AB 8.709382990182256 1.0429982424074113
60605.0983 lsst_hardware_u 1.005448402414523 2.799999952316284 28.489999771118164 AB 5.565382371904474 1.0483907642280665
60605.1157 lsst_hardware_g -16.85059770744418 14.760000228881836 31.459999084472656 AB 5.546138512393826 1.0408116812949755
60607.1001 lsst_hardware_r 11.466833544674826 23.510000228881836 31.520000457763672 AB 4.735056766854545 1.0438837669432897
60607.1166 lsst_hardware_i 16.660153114935977 30.979999542236328 31.260000228881836 AB 4.700502926276179 1.040778565121303
60609.092 lsst_hardware_z -6.373539286087788 41.56999969482422 30.950000762939453 AB 4.43833000377382 1.045296750771087
60609.0981 lsst_hardware_r 21.748089180441713 23.59000015258789 31.520000457763672 AB 4.427661206031304 1.0424158224912345
60613.0764 lsst_hardware_g 2.0864808046807144 14.84000015258789 31.479999542236328 AB 4.389435735826031 1.0484321025060361
60613.0932 lsst_hardware_r 12.668311434414283 23.639999389648438 31.530000686645508 AB 5.223220154790203 1.040896802469023
60615.0785 lsst_hardware_i 5.426527828003514 31.079999923706055 31.260000228881836 AB 6.900501804242977 1.0437646110232148
60615.0974 lsst_hardware_r 2.50704393678159 23.65999984741211 31.520000457763672 AB 5.826337904594226 1.041192179525209
60617.0765 lsst_hardware_u 4.757267342492732 2.7100000381469727 28.43000030517578 AB 4.222207325170773 1.0423273036278342
60617.0961 lsst_hardware_g -6.465561511932885 14.609999656677246 31.450000762939453 AB 4.595489462537655 1.0423565551546798
60622.0571 lsst_hardware_i 11.087079158292314 33.630001068115234 31.270000457763672 AB 6.610198236401182 1.0449529552998837
60622.077 lsst_hardware_z -46.793527333458414 42.7599983215332 30.959999084472656 AB 6.700299053075139 1.040957905708204
60624.0465 lsst_hardware_i -62.63602152679226 47.060001373291016 31.309999465942383 AB 3.6308848642830043 1.0483282414561055
60624.0649 lsst_hardware_z 34.42048659448621 49.810001373291016 30.969999313354492 AB 3.62007752647672 1.0407007406861968
60626.0496 lsst_hardware_z 87.00486710939232 67.37000274658203 30.989999771118164 AB 4.549845751431886 1.0432435084968497
60626.0671 lsst_hardware_r -109.78336772804586 86.3499984741211 31.65999984741211 AB 4.539621214822506 1.041137828065479
60629.0481 lsst_hardware_i 18.8108971055546 75.88999938964844 31.329999923706055 AB 6.197342088504494 1.0411326482157908
60629.0661 lsst_hardware_r 201.41504237821943 96.9800033569336 31.65999984741211 AB 6.257903142919208 1.043476609996811
60631.0276 lsst_hardware_z 11.846568623686592 42.459999084472656 30.950000762939453 AB 7.946154471251121 1.0481670586005964
60631.0475 lsst_hardware_u -0.15642608084904003 8.800000190734863 29.190000534057617 AB 6.86388914850313 1.0406138793971766
60633.029 lsst_hardware_y -44.16262441625972 49.060001373291016 30.049999237060547 AB 7.810786550403332 1.0439320443820235
60633.0495 lsst_hardware_r -7.5021874643047495 23.6200008392334 31.510000228881836 AB 6.812626501941166 1.041473680484164
60635.0181 lsst_hardware_y -56.28480251363387 67.02999877929688 30.059999465942383 AB 4.9639954697593005 1.0471459697837677
60635.0391 lsst_hardware_z 22.26149318117014 41.369998931884766 30.950000762939453 AB 4.8318765113483275 1.0406798430644686
60640.0214 lsst_hardware_y -104.38404829029254 67.62999725341797 30.06999969482422 AB 5.011932742802671 1.0406837090537107
60640.0403 lsst_hardware_u -0.8159109442293337 3.0199999809265137 28.520000457763672 AB 5.043840676768465 1.0457348627519754
60850.4008 lsst_hardware_r 61.22295818102902 24.579999923706055 31.510000228881836 AB 4.211476343490246 1.0808588258845298
60850.422 lsst_hardware_y -39.05389190853187 47.43000030517578 30.040000915527344 AB 4.202214361082551 1.0523074359973
60859.4085 lsst_hardware_g 0.07371177975722952 15.229999542236328 31.459999084472656 AB 6.764052195704959 1.0443186962644513
60859.4297 lsst_hardware_z -18.921080381455173 42.349998474121094 30.950000762939453 AB 7.2905157175661275 1.0415022453665896
60862.407 lsst_hardware_i 67.6948924763432 31.420000076293945 31.260000228881836 AB 5.197271507675876 1.0416765448308143
60862.4258 lsst_hardware_y 35.74388535826204 47.650001525878906 30.049999237060547 AB 5.516196645899228 1.04290715052214
60864.4071 lsst_hardware_r 21.264757303002657 41.45000076293945 31.610000610351562 AB 1.5748605883795994 1.0407140845065914
60864.4259 lsst_hardware_y -5.273125251498525 47.470001220703125 30.049999237060547 AB 2.286303734276577 1.045725141458924
60871.3734 lsst_hardware_r 49.63583806007025 84.48999786376953 31.65999984741211 AB 3.9038648410104027 1.0456314024400035
60871.3963 lsst_hardware_y -20.18940330952105 55.560001373291016 30.059999465942383 AB 4.9672554942644 1.0413533530952621
60876.3649 lsst_hardware_g -2.4908446293081514 16.3700008392334 31.489999771118164 AB 2.8800217623931204 1.0430137663714334
60876.3856 lsst_hardware_r -6.227069627242285 24.8799991607666 31.520000457763672 AB 4.967290879342057 1.0421800953248481
60878.3674 lsst_hardware_i -28.6330402075462 31.0 31.25 AB 4.51770003362963 1.0408647646792788
60878.3864 lsst_hardware_z -4.671937595960518 41.41999816894531 30.950000762939453 AB 5.624084666350354 1.0449804285303521
60882.3352 lsst_hardware_u 4.689336915844423 2.7100000381469727 28.420000076293945 AB 7.505285466132993 1.0517987760264857
60882.3563 lsst_hardware_g 16.70952667772188 14.75 31.440000534057617 AB 7.42778405481195 1.0408890211339616
60885.3323 lsst_hardware_r -36.93097046456391 33.41999816894531 32.2599983215332 AB 3.875834613622943 1.0475228685467413
60885.3528 lsst_hardware_z 44.516284435062886 58.52000045776367 31.700000762939453 AB 4.3974090639277374 1.0406631977268
60887.3348 lsst_hardware_r -50.44190498442155 23.719999313354492 31.510000228881836 AB 4.109943246715261 1.0430445596942546
60887.3544 lsst_hardware_u -2.3765271155499343 2.759999990463257 28.459999084472656 AB 4.073506605974562 1.0418175462850543
60889.3191 lsst_hardware_g -9.888006629624433 14.8100004196167 31.450000762939453 AB 1.453193593137472 1.049237251362639
60889.3402 lsst_hardware_r -49.34005148124731 23.68000030517578 31.510000228881836 AB 1.476167222620724 1.0406536641667317
60893.2798 lsst_hardware_r -3.7405231437977875 83.0199966430664 32.380001068115234 AB 1.3752423841402288 1.0875780024833759
60893.3036 lsst_hardware_z -10.252186600150768 71.44999694824219 31.719999313354492 AB 2.849801010698662 1.0532712864477007
60898.294 lsst_hardware_r -13.39228754267793 126.20999908447266 31.65999984741211 AB 5.914332050628919 1.0496640430613042
60898.3151 lsst_hardware_z -34.903829656477356 85.97000122070312 31.0 AB 5.867314430383613 1.0406730100006407
60903.2799 lsst_hardware_g -27.57064399959625 25.270000457763672 31.6299991607666 AB 4.746328358191489 1.0500339275524109
60903.2986 lsst_hardware_r -74.17870195116704 31.93000030517578 31.579999923706055 AB 4.9993885795327575 1.04094291385826
60905.2915 lsst_hardware_i -33.75115275907955 31.1200008392334 31.25 AB 3.105037621128063 1.0412310033124705
60905.311 lsst_hardware_z -49.44097690140446 41.630001068115234 30.950000762939453 AB 3.4846492735438814 1.044089669975792
60907.2457 lsst_hardware_r 27.27290997594134 23.889999389648438 31.5 AB 1.9280821725297013 1.0799564073169228
60907.2637 lsst_hardware_u -1.0892626485466539 2.7899999618530273 28.479999542236328 AB 1.6883597973607958 1.0549501467497813
60911.2856 lsst_hardware_z -61.56633107416798 41.529998779296875 30.950000762939453 AB 2.989147714339233 1.0410614590646001
60911.3074 lsst_hardware_r -44.413435416473675 23.770000457763672 31.510000228881836 AB 3.2775378269059594 1.0535037077886271
60913.2274 lsst_hardware_r -3.0326956455054206 23.920000076293945 31.510000228881836 AB 2.6852397091698954 1.083413237510549
60913.2452 lsst_hardware_u -0.49002330576642233 2.8399999141693115 28.510000228881836 AB 2.6263187434694313 1.0572232446035952
60935.1895 lsst_hardware_z 18.049472971219494 41.869998931884766 30.950000762939453 AB 0.8670979970544092 1.0527292558329533
60935.2079 lsst_hardware_r 30.489301689166133 24.200000762939453 31.510000228881836 AB 0.850144384603556 1.041630857182089
60937.1742 lsst_hardware_i -8.950149761454139 31.729999542236328 31.25 AB 6.517316658256511 1.063906950062261
60937.1931 lsst_hardware_u 2.4125544930655085 2.8399999141693115 28.489999771118164 AB 6.40327564461198 1.0457030761059833
