data/validation/pwv_sim_epoch_fit_epoch/44613954.ecsv
# %ECSV 0.9
# ---
# datatype:
# - {name: time, datatype: float64}
# - {name: band, datatype: string}
# - {name: flux, datatype: float64}
# - {name: fluxerr, datatype: float64}
# - {name: zp, datatype: float64}
# - {name: zpsys, datatype: string}
# - {name: pwv, datatype: float64}
# - {name: airmass, datatype: float64}
# meta: {SNID: '44613954', alt: 1024.0, c: -0.13195785880088806, dec: -17.582775, lat: -30.244573, lon: -70.7499537, ra: 58.886719, t0: 61609.546875,
#   x0: 2.5401897216735284e-05, x1: 0.4546293318271637, z: 0.30916815996170044}
# schema: astropy-2.0
time band flux fluxerr zp zpsys pwv airmass
61648.3827 lsst_hardware_r 1082.8452270247524 39.709756539038096 31.489999771118164 AB 5.090978049533215 1.0474365468392384
61648.3994 lsst_hardware_y 589.4327448751516 51.432152052175596 30.049999237060547 AB 5.029993258064742 1.0314408594801248
61650.4126 lsst_hardware_z 1361.5819507658143 59.80092665908906 30.969999313354492 AB 2.2719966476381073 1.0252692453240555
61652.3928 lsst_hardware_r 914.4439952597967 37.28471689059083 31.5 AB 2.332681001504341 1.0289348288201468
61652.4119 lsst_hardware_y 437.12256434090074 57.557374719347614 30.059999465942383 AB 2.4375541453107346 1.0256188549694536
61654.3944 lsst_hardware_g 268.0411596461566 21.18018199463724 31.40999984741211 AB 0.730684331255376 1.0262420382800226
61654.4128 lsst_hardware_y 357.2620188074651 67.20877239679429 30.06999969482422 AB 0.7730468249352261 1.0273047507444866
61656.3893 lsst_hardware_i 1362.1611197635714 46.84806408872355 31.25 AB 2.3285077062198094 1.0261510273462253
61656.408 lsst_hardware_z 1053.6567297716776 56.09118696795375 30.969999313354492 AB 2.350200993519945 1.02756000591122
61673.3465 lsst_hardware_i 790.2058824490354 41.84842983031857 31.25 AB 6.060104191721235 1.0254850988613649
61673.3649 lsst_hardware_z 551.1049539080717 46.70522053657447 30.950000762939453 AB 6.034974954367764 1.0290689665560175
61677.3433 lsst_hardware_r -17.28947557613901 22.100000381469727 31.5 AB 7.084444314025548 1.0255667692271053
61677.3618 lsst_hardware_u 1.2572197445472937 2.630000114440918 28.420000076293945 AB 7.1689851774615505 1.0341622644379895
61679.3327 lsst_hardware_g 31.916434130870407 13.34000015258789 31.40999984741211 AB 4.5813107722390205 1.0252840221349
61679.3519 lsst_hardware_i 13.960014050222005 29.889999389648438 31.25 AB 4.324378905726428 1.0310050637510104
61681.3243 lsst_hardware_z 71.26882739394642 40.72999954223633 30.950000762939453 AB 3.318274969639298 1.0255305355845439
61681.3421 lsst_hardware_r 11.909602360864296 22.139999389648438 31.489999771118164 AB 2.9829165332997882 1.0285919080344097
61683.321 lsst_hardware_u 4.840010805859854 2.640000104904175 28.43000030517578 AB 7.086499187068415 1.025320001022688
61683.3397 lsst_hardware_g -21.244091679445773 13.34000015258789 31.399999618530273 AB 7.82970554299969 1.0302244135525909
61685.3173 lsst_hardware_r -0.6513151137848189 22.079999923706055 31.489999771118164 AB 4.744936339835663 1.0252671434391771
61685.3376 lsst_hardware_i -42.86255664560245 30.1299991607666 31.25 AB 3.7166282804049127 1.0323967445569202
61687.3179 lsst_hardware_z 1.170600785447592 40.7599983215332 30.950000762939453 AB 2.787200875963421 1.0259005739389762
61687.3372 lsst_hardware_r -9.392546612582208 22.290000915527344 31.5 AB 2.9990741271369616 1.0364269532785262
61691.2978 lsst_hardware_z -19.073261274817717 53.91999816894531 30.979999542236328 AB 5.470256892095666 1.0254328314479673
61691.3151 lsst_hardware_i -77.41192797020041 54.869998931884766 31.31999969482422 AB 5.447163644913965 1.0287372322782686
61693.2416 lsst_hardware_z -38.440855756280065 68.41999816894531 30.979999542236328 AB 6.821119201753868 1.0771322036667863
61693.2613 lsst_hardware_r -38.414474506804225 98.80000305175781 31.649999618530273 AB 6.653005027654469 1.0456315529632287
61695.3059 lsst_hardware_y -85.2033209844768 77.31999969482422 30.81999969482422 AB 5.58258026394803 1.0296322513160334
61697.2837 lsst_hardware_r -49.127137772484495 63.619998931884766 31.649999618530273 AB 3.7125290365431463 1.0252772815638558
61697.3013 lsst_hardware_i 89.94766118282477 55.08000183105469 31.31999969482422 AB 3.914451193084161 1.0301187350221477
61701.2765 lsst_hardware_z 2.706159343574427 41.650001525878906 30.950000762939453 AB 3.707280048546146 1.0254087952647255
61701.2939 lsst_hardware_r -11.542905316623521 26.56999969482422 31.540000915527344 AB 3.2840083686144634 1.032382385606458
61706.2766 lsst_hardware_i -3.0994738857753075 30.1299991607666 31.25 AB 2.2882409469386467 1.0300431901591927
61706.294 lsst_hardware_z -82.63736621122128 41.0099983215332 30.950000762939453 AB 3.0175760500546733 1.0455005803567512
61710.1646 lsst_hardware_u -1.5521982198549862 4.53000020980835 29.530000686645508 AB 5.353746485380903 1.16076675925655
61710.1965 lsst_hardware_g -21.52962621163978 19.299999237060547 32.150001525878906 AB 4.767166263495215 1.0745331372692422
61723.2226 lsst_hardware_r -31.761620862117166 105.52999877929688 31.65999984741211 AB 7.379719726048874 1.0266721933846514
61723.2414 lsst_hardware_z 17.486994968365114 73.54000091552734 31.0 AB 7.410375119349002 1.0387405549970565
61725.229 lsst_hardware_z -10.930848864437543 60.90999984741211 30.989999771118164 AB 7.730701982263185 1.032825916134026
61725.2475 lsst_hardware_i 64.78304882246805 67.12000274658203 31.329999923706055 AB 8.096122255047407 1.0525379946759499
61727.2142 lsst_hardware_r -99.63677385300386 50.31999969482422 31.6299991607666 AB 4.701638850586462 1.0275683205303858
61727.2342 lsst_hardware_z -116.07321840136103 48.68000030517578 30.969999313354492 AB 4.7695286533578685 1.0426338732883473
61730.2152 lsst_hardware_r 40.668424683296784 22.549999237060547 31.489999771118164 AB 3.3984149401517882 1.0327174474365057
61730.2359 lsst_hardware_u -0.9727191722835496 3.1600000858306885 28.510000228881836 AB 3.4597285851338784 1.0555193608828857
61733.1898 lsst_hardware_u 6.872864184986327 2.759999990463257 28.520000457763672 AB 7.9330850987008485 1.0254763571226535
61733.2092 lsst_hardware_g -20.439515685053603 13.829999923706055 31.43000030517578 AB 7.937698569162228 1.0343850621151722
61737.1985 lsst_hardware_z 6.26172127611155 40.91999816894531 30.940000534057617 AB 3.4011229736752413 1.0345621212700353
61737.2178 lsst_hardware_r 3.2720501859036366 22.59000015258789 31.489999771118164 AB 4.059600967397003 1.0570501151925538
61739.1912 lsst_hardware_u 0.6576778159812335 2.7100000381469727 28.469999313354492 AB 4.626034365130539 1.03313504767292
61739.2099 lsst_hardware_g -0.706212039428527 13.739999771118164 31.420000076293945 AB 5.771893599557969 1.0534254478280305
61741.1755 lsst_hardware_r -3.590776382023914 22.420000076293945 31.5 AB 6.486358912460021 1.0273792527852712
61741.1961 lsst_hardware_z 38.534655032719954 40.9900016784668 30.950000762939453 AB 6.573102085112011 1.0427702205301834
61743.1798 lsst_hardware_r -31.701497377496324 22.280000686645508 31.489999771118164 AB 3.8734525224631446 1.032782968260871
61743.1994 lsst_hardware_y 30.572688525098727 47.150001525878906 30.040000915527344 AB 3.828955154054881 1.0540342688717785
61745.1048 lsst_hardware_g 8.02799034996292 26.290000915527344 31.6200008392334 AB 5.5959514276169475 1.0673186014909302
61745.1268 lsst_hardware_r -24.117198913003048 30.139999389648438 31.56999969482422 AB 5.610843701620309 1.037604013244625
61747.1635 lsst_hardware_r -49.373103989316846 43.189998626708984 31.6200008392334 AB 3.8087456509985795 1.0293907164861025
61747.1831 lsst_hardware_i 48.80123960986626 41.27000045776367 31.299999237060547 AB 4.682470143591497 1.0467713952029278
61749.1462 lsst_hardware_z -44.45188742705519 54.959999084472656 30.969999313354492 AB 7.669588886077306 1.0254832044494893
61749.1607 lsst_hardware_r -1.8740064387844324 66.94999694824219 31.649999618530273 AB 7.686690664784144 1.030940271564397
61751.1704 lsst_hardware_z 36.88321784076054 94.36000061035156 31.739999771118164 AB 13.266576617874486 1.0446123321161014
61753.1597 lsst_hardware_r 72.643587563858 94.6500015258789 31.65999984741211 AB 7.388428487437645 1.0389409389633646
61753.1771 lsst_hardware_z -11.224209307934036 66.30000305175781 30.989999771118164 AB 8.069722579248037 1.0618056025326366
61755.1487 lsst_hardware_r 71.31518694802405 59.900001525878906 31.639999389648438 AB 10.544230206210337 1.034038077294329
61755.1657 lsst_hardware_y 168.92715435552995 50.36000061035156 30.049999237060547 AB 10.731996330925423 1.0526887826433247
61757.1081 lsst_hardware_g 9.307417667480477 13.5 31.420000076293945 AB 3.9637640842062134 1.0279915498262762
61757.1283 lsst_hardware_r 27.635282837020497 22.100000381469727 31.5 AB 2.999625929119663 1.0262440812385554
61759.1183 lsst_hardware_i 3.7441350921083076 30.0 31.25 AB 3.4663217261937693 1.025412565371934
61759.1401 lsst_hardware_z -20.67560818175533 40.72999954223633 30.940000534057617 AB 3.166921211382378 1.0359572166772582
61765.086 lsst_hardware_r -9.702472746819774 21.969999313354492 31.489999771118164 AB 7.749320435933226 1.0281022137224138
61765.1128 lsst_hardware_z 40.81475163471224 40.689998626708984 30.950000762939453 AB 7.682336132224966 1.02859730640669
61767.0992 lsst_hardware_r -29.436786951347333 22.1299991607666 31.5 AB 5.542891883866564 1.0258282326711716
61767.1255 lsst_hardware_u -2.9442988889552595 2.700000047683716 28.469999313354492 AB 6.446751329851563 1.0432058464908067
61769.0876 lsst_hardware_g -4.158195346664249 13.489999771118164 31.420000076293945 AB 7.6135235670998975 1.0252522982898788
61769.108 lsst_hardware_r 14.750534962609699 22.18000030517578 31.489999771118164 AB 7.58144065137965 1.0322024054795809
61771.0861 lsst_hardware_i 49.461959050699164 29.920000076293945 31.25 AB 7.102947303535369 1.0254749773926595
61771.1086 lsst_hardware_z -38.90201239462589 40.689998626708984 30.950000762939453 AB 7.183167003688206 1.037083500200064
61773.0571 lsst_hardware_y 88.0742294661917 47.220001220703125 30.049999237060547 AB 6.874780918315853 1.0321073303197787
61773.0853 lsst_hardware_r 17.265648628199873 34.099998474121094 32.27000045776367 AB 4.3307596173032366 1.0264287769871985
61773.109 lsst_hardware_z -6.904426736458009 41.15999984741211 30.950000762939453 AB 4.428103324889368 1.0430724515374525
61775.0527 lsst_hardware_y 86.63317060713585 48.810001373291016 30.049999237060547 AB 10.978656166954385 1.0313923779373757
61775.0736 lsst_hardware_g -44.78437058782366 29.190000534057617 31.649999618530273 AB 10.954013466940419 1.0253206783301765
61777.0533 lsst_hardware_y 41.4888118760167 50.290000915527344 30.049999237060547 AB 10.135490189724417 1.0280705149967724
61777.0751 lsst_hardware_z 25.69721647641601 48.709999084472656 30.969999313354492 AB 9.997447612539691 1.0266428026842978
61779.0624 lsst_hardware_y -136.80993774636732 73.48999786376953 30.809999465942383 AB 8.73565545891937 1.0253016452013617
61781.0544 lsst_hardware_z -42.87742639206149 60.779998779296875 30.989999771118164 AB 6.356601677619541 1.025258335099926
61781.0767 lsst_hardware_r 78.01877756741375 85.44000244140625 31.65999984741211 AB 6.406215144331721 1.0332605071502776
61785.036 lsst_hardware_y 111.80349017986745 74.19000244140625 30.06999969482422 AB 6.030215897049203 1.0264197271573112
61785.0553 lsst_hardware_u -5.787508971778014 2.9100000858306885 28.530000686645508 AB 6.082157693636197 1.027348117670064
61787.0345 lsst_hardware_y -50.87505951527701 75.77999877929688 30.079999923706055 AB 3.7057049900163546 1.0255641116281424
61787.0527 lsst_hardware_i 40.416984446624156 30.309999465942383 31.25 AB 2.8514812473071456 1.0285801234762904
