data/validation/pwv_sim_epoch_fit_epoch/44655500.ecsv
# %ECSV 0.9
# ---
# datatype:
# - {name: time, datatype: float64}
# - {name: band, datatype: string}
# - {name: flux, datatype: float64}
# - {name: fluxerr, datatype: float64}
# - {name: zp, datatype: float64}
# - {name: zpsys, datatype: string}
# - {name: pwv, datatype: float64}
# - {name: airmass, datatype: float64}
# meta: {SNID: '44655500', alt: 1024.0, c: -0.06510031968355179, dec: -52.222923, lat: -30.244573, lon: -70.7499537, ra: 330.960602, t0: 59874.91796875,
#   x0: 1.3466119736171063e-05, x1: 1.0487041473388672, z: 0.4057548940181732}
# schema: astropy-2.0
time band flux fluxerr zp zpsys pwv airmass
59844.1991 lsst_hardware_r -16.939080864394704 22.780000686645508 31.469999313354492 AB 2.603497413673003 1.1709005683259004
59844.2111 lsst_hardware_u -0.041976880575007924 2.6500000953674316 28.360000610351562 AB 2.6134523071674747 1.201449170057453
59846.1471 lsst_hardware_r -2.9298502401191646 22.290000915527344 31.469999313354492 AB 3.849812323004113 1.0956940416016259
59846.1588 lsst_hardware_u 4.93208463662608 2.5199999809265137 28.280000686645508 AB 3.891656066365155 1.1087339220413548
59853.081 lsst_hardware_r 377.58838805845727 31.075130349683 31.510000228881836 AB 6.173581822814077 1.0784804907961467
59853.0925 lsst_hardware_i 291.0367382517542 35.65151431916238 31.25 AB 6.789929932042669 1.0776526185656548
59855.0731 lsst_hardware_z 476.6745005550147 49.34878543615737 30.959999084472656 AB 3.0834513686017093 1.079073094873739
59855.084 lsst_hardware_r 900.822422224287 47.7650216849786 31.59000015258789 AB 3.850112921238872 1.0775574926501181
59856.0035 lsst_hardware_i 747.8987666429522 52.433444336402125 31.280000686645508 AB 2.799590402678612 1.1557411872899181
59856.008 lsst_hardware_z 550.8179840102686 54.01853371387733 30.950000762939453 AB 2.766521968194882 1.1465864342867509
59858.0773 lsst_hardware_r 1864.1720610911188 84.89441839780888 31.639999389648438 AB 4.0727039488351435 1.0775774437981593
59858.0894 lsst_hardware_z 732.8633798886121 65.45103337683032 30.979999542236328 AB 3.683364661777985 1.0797434029054744
59862.1351 lsst_hardware_z 1292.3062734998614 71.5873579270245 30.969999313354492 AB 3.5974543710341096 1.1398778108473098
59862.1458 lsst_hardware_r 3351.5593979047835 104.75879692093253 31.6299991607666 AB 3.617820143669548 1.161512206009968
59864.1408 lsst_hardware_i 2506.8924345952055 71.82160514526886 31.299999237060547 AB 6.9858299902479 1.1625289125360934
59864.1523 lsst_hardware_z 1548.3514273556445 66.01291902541702 30.959999084472656 AB 7.1900302109902094 1.1902052989555463
59867.1396 lsst_hardware_r 3986.7593583800112 67.38544010678828 31.469999313354492 AB 7.2629313889187195 1.1788080972074384
59867.1502 lsst_hardware_u 23.076235654247604 5.411885822981376 28.34000015258789 AB 7.411183650375807 1.2067874863221344
59873.1373 lsst_hardware_u 17.720811891234497 5.006998721016848 28.40999984741211 AB 3.2669843141384334 1.2169050089912217
59873.1479 lsst_hardware_g 2390.708729182919 50.37088277081234 31.3700008392334 AB 3.3376873805619085 1.2506947466507277
59879.0804 lsst_hardware_z 2215.052477850702 63.08733268604521 30.950000762939453 AB 3.2831202320669863 1.125576903742673
59879.0906 lsst_hardware_r 4304.3449986435035 70.14429156869596 31.489999771118164 AB 4.857783618859925 1.1435011853411654
59881.0794 lsst_hardware_u 14.304350753154857 4.208652441482964 28.5 AB 2.634298246785667 1.1330315039938352
59881.0901 lsst_hardware_g 1672.3763440194534 43.71064035916521 31.40999984741211 AB 3.3724814944394312 1.153379444062733
59883.0817 lsst_hardware_r 4154.937228987843 71.01623178024856 31.549999237060547 AB 4.794557096471401 1.1474349877876198
59883.0928 lsst_hardware_z 2081.7885310692373 63.40213877293316 30.950000762939453 AB 5.787142446558533 1.17136776572382
60094.4218 lsst_hardware_r -11.556726036839677 87.3499984741211 31.649999618530273 AB 13.75110790280729 1.0781166155986819
60094.4347 lsst_hardware_y 184.3096127317318 130.77000427246094 30.06999969482422 AB 13.784695975500012 1.0778977968878167
60096.4152 lsst_hardware_z -125.49861968663055 120.37000274658203 31.0 AB 6.705604018904921 1.0783314334493543
60096.4294 lsst_hardware_y 204.0070369822907 130.4499969482422 30.059999465942383 AB 6.774728556655655 1.077920215856084
60103.4159 lsst_hardware_r -35.44943295752631 87.16000366210938 31.649999618530273 AB 3.153806813788128 1.0791161291510611
60103.4306 lsst_hardware_y 126.11827724317274 130.50999450683594 30.059999465942383 AB 1.6172452837058955 1.0859461364481382
60119.1632 lsst_hardware_r -61.1329795593334 113.94999694824219 32.22999954223633 AB 6.329989912209797 1.7615927399470679
60119.179 lsst_hardware_i 32.4275821629537 130.88999938964844 31.979999542236328 AB 6.103019306217128 1.6213467273545614
60122.3419 lsst_hardware_r -110.75726461538038 87.29000091552734 31.649999618530273 AB 7.767828663169175 1.07886509210683
60122.3534 lsst_hardware_g 51.73475596445003 96.83000183105469 31.719999313354492 AB 7.757989986529107 1.0774986092401537
60126.4088 lsst_hardware_i 26.28678699873827 96.66999816894531 31.31999969482422 AB 11.007550224203113 1.134798992185888
60126.4209 lsst_hardware_z 48.99710170955604 119.8499984741211 30.989999771118164 AB 10.872307839925513 1.1584771273229104
60127.3966 lsst_hardware_z -288.94472156125397 120.05000305175781 30.989999771118164 AB 8.275738685960178 1.1193767243572008
60127.4079 lsst_hardware_r -131.42497988675478 86.43000030517578 31.6299991607666 AB 8.4034454485184 1.138087097738537
60131.3875 lsst_hardware_z 2.7224321107464067 169.75 31.739999771118164 AB 5.498470253624822 1.1221367864540452
60133.3 lsst_hardware_r -62.79346047706872 87.05999755859375 31.639999389648438 AB 1.4087969933175015 1.0836899948596166
60133.3127 lsst_hardware_z 207.59644008821343 120.41000366210938 31.0 AB 1.411154488295485 1.0786581221444562
60138.3039 lsst_hardware_r -37.988977185417745 87.08999633789062 31.649999618530273 AB 6.574495468179924 1.0777861423245778
60138.3164 lsst_hardware_i 91.69563201728448 97.12999725341797 31.329999923706055 AB 6.576967892311368 1.078191457755962
60140.378 lsst_hardware_i 11.707477047828453 96.48999786376953 31.31999969482422 AB 5.493142490986177 1.1487724140714544
60140.39 lsst_hardware_u 45.86595397238729 31.510000228881836 29.389999389648438 AB 5.636999897173458 1.1751094219665328
60142.3388 lsst_hardware_u 6.754333393939587 32.77000045776367 29.479999542236328 AB 0.9580100912404689 1.0982156185408507
60142.3515 lsst_hardware_g -38.502043604975064 96.05999755859375 31.709999084472656 AB 1.0225994160293697 1.1134373461893146
60147.2333 lsst_hardware_z 82.88240644775341 120.33000183105469 31.0 AB 5.6441685659496414 1.1099097519196977
60147.2457 lsst_hardware_r 100.57210650043885 87.08999633789062 31.649999618530273 AB 5.540789970450837 1.0958840922569577
60164.215 lsst_hardware_u -49.82058699026408 32.75 29.479999542236328 AB 3.3600945445615706 1.0839014659876034
60164.2265 lsst_hardware_r 167.4685531917709 87.05000305175781 31.639999389648438 AB 3.345116883585733 1.0790699624470106
60165.2156 lsst_hardware_i 157.94430247390116 97.2300033569336 31.34000015258789 AB 3.6011735237119926 1.0821646829575517
60165.2273 lsst_hardware_z -58.02172756474417 120.55999755859375 31.0 AB 3.5997118070694456 1.078242266607592
60168.2238 lsst_hardware_r 76.12463606875438 87.1500015258789 31.649999618530273 AB 2.919620094899869 1.0776156846333178
60168.2354 lsst_hardware_u -39.2122239466731 32.90999984741211 29.489999771118164 AB 2.930127483025577 1.0783760595076648
60176.2904 lsst_hardware_r 198.1428794827411 86.0999984741211 31.6200008392334 AB 1.850780472582192 1.171998188442549
60176.3017 lsst_hardware_i 180.90033018171042 95.94000244140625 31.309999465942383 AB 2.943211812448827 1.2008208129126183
60178.15 lsst_hardware_g -85.88358734984537 96.2300033569336 31.709999084472656 AB 2.216415656899746 1.108207828449873
60178.1613 lsst_hardware_r 97.20947540243503 87.11000061035156 31.649999618530273 AB 2.201559345145629 1.0956665619503794
60179.2352 lsst_hardware_z -34.94104018479236 120.3499984741211 31.0 AB 2.281347732065842 1.0956604812611104
60179.2465 lsst_hardware_r 60.05187952222159 86.91999816894531 31.639999389648438 AB 2.2867701020654 1.1081997102329195
60181.2435 lsst_hardware_z -115.42803361272732 120.0999984741211 30.989999771118164 AB 3.765205122103892 1.1113903051420944
60181.2547 lsst_hardware_r 149.32244152086616 86.56999969482422 31.6299991607666 AB 3.7068371244004927 1.128069727449937
60183.232 lsst_hardware_i 137.56826573945722 96.73999786376953 31.31999969482422 AB 3.151882832484219 1.103858101500427
60183.2429 lsst_hardware_z -100.2144031194306 120.05000305175781 30.989999771118164 AB 3.2051022778795737 1.1181889561156786
60185.1446 lsst_hardware_z -61.78787915646407 120.23999786376953 31.0 AB 5.685838926478561 1.0934305627843386
60185.1555 lsst_hardware_r -223.3407864806266 86.95999908447266 31.639999389648438 AB 5.64297142095503 1.085186811722121
60197.1414 lsst_hardware_i 121.80326323394947 97.23999786376953 31.34000015258789 AB 3.940449361271574 1.0780000076431444
60197.1545 lsst_hardware_z -14.634617753830371 120.54000091552734 31.0 AB 3.930631511907335 1.078066788784239
60198.1332 lsst_hardware_r -30.980549556167784 87.18000030517578 31.649999618530273 AB 2.913883519275195 1.0792161182500721
60198.1447 lsst_hardware_u 42.62630554638104 33.02000045776367 29.489999771118164 AB 2.9092764372665476 1.0775097915802028
60202.1378 lsst_hardware_z -15.866083508097526 120.55000305175781 31.0 AB 1.4521724829910607 1.0776790226278745
60202.1489 lsst_hardware_r 134.3199359146995 87.30999755859375 31.649999618530273 AB 1.4532252700044261 1.080197177902366
60204.1189 lsst_hardware_r -101.23546614379397 87.22000122070312 31.649999618530273 AB 1.1110298171775441 1.0786697254150914
60204.1314 lsst_hardware_u -22.55632965148447 33.060001373291016 29.5 AB 0.7715656389794687 1.0776056410327777
60208.1935 lsst_hardware_r 10.890761379178711 86.2300033569336 31.6200008392334 AB 5.068044723687082 1.1511306913280774
60208.2059 lsst_hardware_i 136.55039111759962 96.08000183105469 31.309999465942383 AB 5.098378593424437 1.178906719614324
60210.1987 lsst_hardware_z 150.5532000859782 119.72000122070312 30.989999771118164 AB 2.3440128847974635 1.1746984597019114
60210.211 lsst_hardware_r 0.8565285860144728 85.83000183105469 31.610000610351562 AB 2.3834307330515183 1.2068003711651991
60216.0783 lsst_hardware_z -242.72360108197623 120.1500015258789 31.0 AB 3.6714539596190354 1.0812970306891256
60216.0899 lsst_hardware_r -95.85230259049031 86.87999725341797 31.639999389648438 AB 4.000008584560756 1.0779515150739758
60222.0733 lsst_hardware_u -32.66185274170004 32.79999923706055 29.479999542236328 AB 3.0275233285300613 1.0779858744988646
60222.0855 lsst_hardware_g 66.4158866494067 96.4800033569336 31.719999313354492 AB 3.8620697595854696 1.0779623919016035
60224.0701 lsst_hardware_r 46.916259107484066 87.18000030517578 31.649999618530273 AB 4.873392491020942 1.0777073177837087
60224.0822 lsst_hardware_i 79.24578461474938 97.12000274658203 31.329999923706055 AB 4.395847558862593 1.0783386627897935
60225.0756 lsst_hardware_z 32.921641486285445 120.4000015258789 31.0 AB 5.970182346134737 1.0777475126157121
60225.0877 lsst_hardware_r 10.768121569220105 87.12000274658203 31.649999618530273 AB 10.262122235138355 1.080820688816278
60228.1401 lsst_hardware_u -13.18513963491675 31.530000686645508 29.389999389648438 AB 5.103646478346286 1.1536271424833378
60228.1512 lsst_hardware_g 48.97143579669332 94.27999877929688 31.670000076293945 AB 5.209444469981631 1.1786962372686398
60237.0038 lsst_hardware_z -95.76173690021176 120.37999725341797 31.0 AB 3.266657167178629 1.0924056963031865
60237.0086 lsst_hardware_u -25.971874310739032 32.779998779296875 29.479999542236328 AB 3.263738157845389 1.0885477054432673
60239.0839 lsst_hardware_g -51.12655835664518 96.11000061035156 31.709999084472656 AB 4.820957713107936 1.1097968952826212
60239.0951 lsst_hardware_r -37.22783950732625 86.61000061035156 31.6299991607666 AB 4.911221245151316 1.126082523345609
60241.0846 lsst_hardware_i -78.45656791938595 96.70999908447266 31.31999969482422 AB 3.4667750268249136 1.1183145247822301
60241.0962 lsst_hardware_z 35.57876398320195 119.86000061035156 30.989999771118164 AB 3.525687943265828 1.1373186913760736
60247.0812 lsst_hardware_i -70.14856754555719 96.61000061035156 31.31999969482422 AB 5.906358844624256 1.1398569658329216
60247.0918 lsst_hardware_r -110.08917668705506 86.33000183105469 31.6299991607666 AB 6.9676479848097745 1.1612746641349625
60249.0821 lsst_hardware_u -1.168952945046978 32.06999969482422 29.43000030517578 AB 4.754114891041064 1.1522799170368163
60249.0932 lsst_hardware_g 58.8010106715446 95.01000213623047 31.68000030517578 AB 6.393641453041321 1.1771049008359702
60251.0821 lsst_hardware_r 47.90279841182708 86.29000091552734 31.6299991607666 AB 3.448775832464085 1.1639800306446075
60251.0951 lsst_hardware_i -92.46168112548818 96.08999633789062 31.309999465942383 AB 4.810772874450873 1.1959163592436706
