data/validation/pwv_sim_epoch_fit_epoch/44655500.ecsv
# %ECSV 0.9
# ---
# datatype:
# - {name: time, datatype: float64}
# - {name: band, datatype: string}
# - {name: flux, datatype: float64}
# - {name: fluxerr, datatype: float64}
# - {name: zp, datatype: float64}
# - {name: zpsys, datatype: string}
# - {name: pwv, datatype: float64}
# - {name: airmass, datatype: float64}
# meta: {SNID: '44655500', alt: 1024.0, c: -0.06510031968355179, dec: -52.222923, lat: -30.244573, lon: -70.7499537, ra: 330.960602, t0: 59874.91796875,
#   x0: 1.3466119736171063e-05, x1: 1.0487041473388672, z: 0.4057548940181732}
# schema: astropy-2.0
time band flux fluxerr zp zpsys pwv airmass
59844.1991 lsst_hardware_r -4.4755526564034795 22.780000686645508 31.469999313354492 AB 2.603497413673003 1.1709005683259004
59844.2111 lsst_hardware_u -1.8501416886781537 2.6500000953674316 28.360000610351562 AB 2.6134523071674747 1.201449170057453
59846.1471 lsst_hardware_r -1.4525730413311946 22.290000915527344 31.469999313354492 AB 3.849812323004113 1.0956940416016259
59846.1588 lsst_hardware_u 2.608283887730019 2.5199999809265137 28.280000686645508 AB 3.891656066365155 1.1087339220413548
59853.081 lsst_hardware_r 387.73024043640095 31.075130349683 31.510000228881836 AB 6.173581822814077 1.0784804907961467
59853.0925 lsst_hardware_i 360.6608048173703 35.65151431916238 31.25 AB 6.789929932042669 1.0776526185656548
59855.0731 lsst_hardware_z 350.35820519801683 49.34878543615737 30.959999084472656 AB 3.0834513686017093 1.079073094873739
59855.084 lsst_hardware_r 966.8258797275993 47.7650216849786 31.59000015258789 AB 3.850112921238872 1.0775574926501181
59856.0035 lsst_hardware_i 839.3480284542114 52.433444336402125 31.280000686645508 AB 2.799590402678612 1.1557411872899181
59856.008 lsst_hardware_z 489.9421119518931 54.01853371387733 30.950000762939453 AB 2.766521968194882 1.1465864342867509
59858.0773 lsst_hardware_r 1744.6968564142392 84.89441839780888 31.639999389648438 AB 4.0727039488351435 1.0775774437981593
59858.0894 lsst_hardware_z 822.1082092197827 65.45103337683032 30.979999542236328 AB 3.683364661777985 1.0797434029054744
59862.1351 lsst_hardware_z 1250.2577516069439 71.5873579270245 30.969999313354492 AB 3.5974543710341096 1.1398778108473098
59862.1458 lsst_hardware_r 3073.9775456539987 104.75879692093253 31.6299991607666 AB 3.617820143669548 1.161512206009968
59864.1408 lsst_hardware_i 2354.1224080716092 71.82160514526886 31.299999237060547 AB 6.9858299902479 1.1625289125360934
59864.1523 lsst_hardware_z 1602.8949972607961 66.01291902541702 30.959999084472656 AB 7.1900302109902094 1.1902052989555463
59867.1396 lsst_hardware_r 3966.292450548658 67.38544010678828 31.469999313354492 AB 7.2629313889187195 1.1788080972074384
59867.1502 lsst_hardware_u 13.58259445558605 5.411885822981376 28.34000015258789 AB 7.411183650375807 1.2067874863221344
59873.1373 lsst_hardware_u 8.840435398718206 5.006998721016848 28.40999984741211 AB 3.2669843141384334 1.2169050089912217
59873.1479 lsst_hardware_g 2386.5321271164903 50.37088277081234 31.3700008392334 AB 3.3376873805619085 1.2506947466507277
59879.0804 lsst_hardware_z 2155.632223112503 63.08733268604521 30.950000762939453 AB 3.2831202320669863 1.125576903742673
59879.0906 lsst_hardware_r 4443.614411684316 70.14429156869596 31.489999771118164 AB 4.857783618859925 1.1435011853411654
59881.0794 lsst_hardware_u 7.515326435028141 4.208652441482964 28.5 AB 2.634298246785667 1.1330315039938352
59881.0901 lsst_hardware_g 1698.048864141616 43.71064035916521 31.40999984741211 AB 3.3724814944394312 1.153379444062733
59883.0817 lsst_hardware_r 4182.766424079027 71.01623178024856 31.549999237060547 AB 4.794557096471401 1.1474349877876198
59883.0928 lsst_hardware_z 2164.6202601255195 63.40213877293316 30.950000762939453 AB 5.787142446558533 1.17136776572382
60094.4218 lsst_hardware_r -78.85769952337112 87.3499984741211 31.649999618530273 AB 13.75110790280729 1.0781166155986819
60094.4347 lsst_hardware_y 169.93435160480794 130.77000427246094 30.06999969482422 AB 13.784695975500012 1.0778977968878167
60096.4152 lsst_hardware_z 9.068906182718194 120.37000274658203 31.0 AB 6.705604018904921 1.0783314334493543
60096.4294 lsst_hardware_y -105.1630115425356 130.4499969482422 30.059999465942383 AB 6.774728556655655 1.077920215856084
60103.4159 lsst_hardware_r 19.93579695506022 87.16000366210938 31.649999618530273 AB 3.153806813788128 1.0791161291510611
60103.4306 lsst_hardware_y 24.46426473647388 130.50999450683594 30.059999465942383 AB 1.6172452837058955 1.0859461364481382
60119.1632 lsst_hardware_r -81.31415100310244 113.94999694824219 32.22999954223633 AB 6.329989912209797 1.7615927399470679
60119.179 lsst_hardware_i -51.42254500381987 130.88999938964844 31.979999542236328 AB 6.103019306217128 1.6213467273545614
60122.3419 lsst_hardware_r 97.72141320549346 87.29000091552734 31.649999618530273 AB 7.767828663169175 1.07886509210683
60122.3534 lsst_hardware_g 11.668738827054124 96.83000183105469 31.719999313354492 AB 7.757989986529107 1.0774986092401537
60126.4088 lsst_hardware_i 142.72546096779396 96.66999816894531 31.31999969482422 AB 11.007550224203113 1.134798992185888
60126.4209 lsst_hardware_z -54.50637418618698 119.8499984741211 30.989999771118164 AB 10.872307839925513 1.1584771273229104
60127.3966 lsst_hardware_z -79.07393364510212 120.05000305175781 30.989999771118164 AB 8.275738685960178 1.1193767243572008
60127.4079 lsst_hardware_r -29.66797436153011 86.43000030517578 31.6299991607666 AB 8.4034454485184 1.138087097738537
60131.3875 lsst_hardware_z 75.52237868500632 169.75 31.739999771118164 AB 5.498470253624822 1.1221367864540452
60133.3 lsst_hardware_r 34.63797241830598 87.05999755859375 31.639999389648438 AB 1.4087969933175015 1.0836899948596166
60133.3127 lsst_hardware_z -52.19301142542618 120.41000366210938 31.0 AB 1.411154488295485 1.0786581221444562
60138.3039 lsst_hardware_r 0.20967392881733093 87.08999633789062 31.649999618530273 AB 6.574495468179924 1.0777861423245778
60138.3164 lsst_hardware_i -29.573659710946107 97.12999725341797 31.329999923706055 AB 6.576967892311368 1.078191457755962
60140.378 lsst_hardware_i 107.03751017180056 96.48999786376953 31.31999969482422 AB 5.493142490986177 1.1487724140714544
60140.39 lsst_hardware_u -19.247912533173235 31.510000228881836 29.389999389648438 AB 5.636999897173458 1.1751094219665328
60142.3388 lsst_hardware_u -76.07852080650129 32.77000045776367 29.479999542236328 AB 0.9580100912404689 1.0982156185408507
60142.3515 lsst_hardware_g -26.886081676995946 96.05999755859375 31.709999084472656 AB 1.0225994160293697 1.1134373461893146
60147.2333 lsst_hardware_z 14.855903556940035 120.33000183105469 31.0 AB 5.6441685659496414 1.1099097519196977
60147.2457 lsst_hardware_r -49.39976062863591 87.08999633789062 31.649999618530273 AB 5.540789970450837 1.0958840922569577
60164.215 lsst_hardware_u -22.710927088567733 32.75 29.479999542236328 AB 3.3600945445615706 1.0839014659876034
60164.2265 lsst_hardware_r 10.027236137698953 87.05000305175781 31.639999389648438 AB 3.345116883585733 1.0790699624470106
60165.2156 lsst_hardware_i -123.98756217305416 97.2300033569336 31.34000015258789 AB 3.6011735237119926 1.0821646829575517
60165.2273 lsst_hardware_z -12.546943579226538 120.55999755859375 31.0 AB 3.5997118070694456 1.078242266607592
60168.2238 lsst_hardware_r -105.55874833005045 87.1500015258789 31.649999618530273 AB 2.919620094899869 1.0776156846333178
60168.2354 lsst_hardware_u 19.99918726926498 32.90999984741211 29.489999771118164 AB 2.930127483025577 1.0783760595076648
60176.2904 lsst_hardware_r 37.79680076575254 86.0999984741211 31.6200008392334 AB 1.850780472582192 1.171998188442549
60176.3017 lsst_hardware_i -74.15857963576158 95.94000244140625 31.309999465942383 AB 2.943211812448827 1.2008208129126183
60178.15 lsst_hardware_g 31.626349229726088 96.2300033569336 31.709999084472656 AB 2.216415656899746 1.108207828449873
60178.1613 lsst_hardware_r -100.14994550620372 87.11000061035156 31.649999618530273 AB 2.201559345145629 1.0956665619503794
60179.2352 lsst_hardware_z 73.74676051545917 120.3499984741211 31.0 AB 2.281347732065842 1.0956604812611104
60179.2465 lsst_hardware_r -140.94509374404706 86.91999816894531 31.639999389648438 AB 2.2867701020654 1.1081997102329195
60181.2435 lsst_hardware_z -154.88243844920333 120.0999984741211 30.989999771118164 AB 3.765205122103892 1.1113903051420944
60181.2547 lsst_hardware_r 6.317628346962682 86.56999969482422 31.6299991607666 AB 3.7068371244004927 1.128069727449937
60183.232 lsst_hardware_i 74.145138574704 96.73999786376953 31.31999969482422 AB 3.151882832484219 1.103858101500427
60183.2429 lsst_hardware_z 162.99027804039093 120.05000305175781 30.989999771118164 AB 3.2051022778795737 1.1181889561156786
60185.1446 lsst_hardware_z -61.997252972614625 120.23999786376953 31.0 AB 5.685838926478561 1.0934305627843386
60185.1555 lsst_hardware_r 76.23138558525565 86.95999908447266 31.639999389648438 AB 5.64297142095503 1.085186811722121
60197.1414 lsst_hardware_i 99.06543631217217 97.23999786376953 31.34000015258789 AB 3.940449361271574 1.0780000076431444
60197.1545 lsst_hardware_z 13.618327705300498 120.54000091552734 31.0 AB 3.930631511907335 1.078066788784239
60198.1332 lsst_hardware_r -25.22922227035167 87.18000030517578 31.649999618530273 AB 2.913883519275195 1.0792161182500721
60198.1447 lsst_hardware_u 27.90584284960823 33.02000045776367 29.489999771118164 AB 2.9092764372665476 1.0775097915802028
60202.1378 lsst_hardware_z -14.531260098437345 120.55000305175781 31.0 AB 1.4521724829910607 1.0776790226278745
60202.1489 lsst_hardware_r 25.746816549017442 87.30999755859375 31.649999618530273 AB 1.4532252700044261 1.080197177902366
60204.1189 lsst_hardware_r 1.6541851790965376 87.22000122070312 31.649999618530273 AB 1.1110298171775441 1.0786697254150914
60204.1314 lsst_hardware_u 68.6435605967636 33.060001373291016 29.5 AB 0.7715656389794687 1.0776056410327777
60208.1935 lsst_hardware_r 116.91979024804422 86.2300033569336 31.6200008392334 AB 5.068044723687082 1.1511306913280774
60208.2059 lsst_hardware_i -155.6710790095063 96.08000183105469 31.309999465942383 AB 5.098378593424437 1.178906719614324
60210.1987 lsst_hardware_z -71.77621862702223 119.72000122070312 30.989999771118164 AB 2.3440128847974635 1.1746984597019114
60210.211 lsst_hardware_r 139.0660234582242 85.83000183105469 31.610000610351562 AB 2.3834307330515183 1.2068003711651991
60216.0783 lsst_hardware_z -81.0261525671608 120.1500015258789 31.0 AB 3.6714539596190354 1.0812970306891256
60216.0899 lsst_hardware_r -126.60597070208001 86.87999725341797 31.639999389648438 AB 4.000008584560756 1.0779515150739758
60222.0733 lsst_hardware_u 21.232056481180386 32.79999923706055 29.479999542236328 AB 3.0275233285300613 1.0779858744988646
60222.0855 lsst_hardware_g -25.281454472389136 96.4800033569336 31.719999313354492 AB 3.8620697595854696 1.0779623919016035
60224.0701 lsst_hardware_r 176.5279834028388 87.18000030517578 31.649999618530273 AB 4.873392491020942 1.0777073177837087
60224.0822 lsst_hardware_i 173.39973004054002 97.12000274658203 31.329999923706055 AB 4.395847558862593 1.0783386627897935
60225.0756 lsst_hardware_z -35.26009438033378 120.4000015258789 31.0 AB 5.970182346134737 1.0777475126157121
60225.0877 lsst_hardware_r -78.34426007610169 87.12000274658203 31.649999618530273 AB 10.262122235138355 1.080820688816278
60228.1401 lsst_hardware_u -31.27447657968253 31.530000686645508 29.389999389648438 AB 5.103646478346286 1.1536271424833378
60228.1512 lsst_hardware_g 90.08722982930134 94.27999877929688 31.670000076293945 AB 5.209444469981631 1.1786962372686398
60237.0038 lsst_hardware_z -71.5827090862043 120.37999725341797 31.0 AB 3.266657167178629 1.0924056963031865
60237.0086 lsst_hardware_u 3.274244278060883 32.779998779296875 29.479999542236328 AB 3.263738157845389 1.0885477054432673
60239.0839 lsst_hardware_g -167.2502281564594 96.11000061035156 31.709999084472656 AB 4.820957713107936 1.1097968952826212
60239.0951 lsst_hardware_r 64.5397130723285 86.61000061035156 31.6299991607666 AB 4.911221245151316 1.126082523345609
60241.0846 lsst_hardware_i 200.1883087520595 96.70999908447266 31.31999969482422 AB 3.4667750268249136 1.1183145247822301
60241.0962 lsst_hardware_z 122.80651392025952 119.86000061035156 30.989999771118164 AB 3.525687943265828 1.1373186913760736
60247.0812 lsst_hardware_i -2.2659349522269547 96.61000061035156 31.31999969482422 AB 5.906358844624256 1.1398569658329216
60247.0918 lsst_hardware_r -53.952362244049404 86.33000183105469 31.6299991607666 AB 6.9676479848097745 1.1612746641349625
60249.0821 lsst_hardware_u 21.323343889387516 32.06999969482422 29.43000030517578 AB 4.754114891041064 1.1522799170368163
60249.0932 lsst_hardware_g 179.53809653035276 95.01000213623047 31.68000030517578 AB 6.393641453041321 1.1771049008359702
60251.0821 lsst_hardware_r 23.02767491682895 86.29000091552734 31.6299991607666 AB 3.448775832464085 1.1639800306446075
60251.0951 lsst_hardware_i -20.936422652081518 96.08999633789062 31.309999465942383 AB 4.810772874450873 1.1959163592436706
