data/validation/pwv_sim_epoch_fit_epoch/4468773.ecsv
# %ECSV 0.9
# ---
# datatype:
# - {name: time, datatype: float64}
# - {name: band, datatype: string}
# - {name: flux, datatype: float64}
# - {name: fluxerr, datatype: float64}
# - {name: zp, datatype: float64}
# - {name: zpsys, datatype: string}
# - {name: pwv, datatype: float64}
# - {name: airmass, datatype: float64}
# meta: {SNID: '4468773', alt: 1024.0, c: -0.031236037611961365, dec: -44.399834, lat: -30.244573, lon: -70.7499537, ra: 57.592594, t0: 62004.11328125,
#   x0: 5.1660861270853535e-06, x1: 0.5805969834327698, z: 0.60507732629776}
# schema: astropy-2.0
time band flux fluxerr zp zpsys pwv airmass
62020.4111 lsst_hardware_i 988.0172453553205 69.9331854900881 31.329999923706055 AB 2.162566588401602 1.0338551874753683
62026.2921 lsst_hardware_i 2273.3591040746187 74.70034156237678 32.45000076293945 AB 3.1194086954070865 1.1385742112992376
62026.3103 lsst_hardware_z 2233.1066023363533 87.47016582152011 32.13999938964844 AB 3.0493679099566022 1.096599086561878
62027.38 lsst_hardware_r 2381.989846855768 69.58946098194477 33.029998779296875 AB 1.2375673144380936 1.0310197010036881
62027.399 lsst_hardware_y 637.9166988076983 72.71276073146277 30.799999237060547 AB 1.2629622671219976 1.037269673907602
62030.3997 lsst_hardware_u 6.198069633427517 5.865069611733275 28.93000030517578 AB 0.7304481142450124 1.0434973060643036
62035.3887 lsst_hardware_u 3.083222910211385 3.354411443284432 28.559999465942383 AB 1.4640812498966524 1.0457723213547518
62035.4019 lsst_hardware_g 40.07150893215227 36.09597729278178 31.670000076293945 AB 1.4840669599809184 1.060047828557799
62037.3867 lsst_hardware_r 274.4061217315889 27.80955265618863 31.479999542236328 AB 3.905036725522557 1.049036057897262
62037.3974 lsst_hardware_i 447.31826636976945 45.66257998040733 31.290000915527344 AB 3.999709734652824 1.0612828483324244
62041.3745 lsst_hardware_r 212.61112130740113 26.162137546286857 31.469999313354492 AB 4.995865790339794 1.0477906439472409
62041.3857 lsst_hardware_u -0.6295821888226276 3.5950187647479486 28.579999923706055 AB 4.241114713378667 1.0602786783446667
62044.3612 lsst_hardware_z 441.1884978381378 45.69143891630526 30.950000762939453 AB 4.361828913455807 1.0432709525715989
62044.3729 lsst_hardware_r 210.39281565934954 25.64965075633759 31.479999542236328 AB 4.411645725205257 1.0547027274666907
62048.3667 lsst_hardware_r 86.25181384319572 81.49423664602804 31.649999618530273 AB 8.05920072166452 1.060421147587437
62048.3795 lsst_hardware_i 214.7296323898053 66.59430577357959 31.31999969482422 AB 8.7000880204604 1.0792814812630174
62050.3716 lsst_hardware_z 368.9982295205132 57.609814783486115 30.969999313354492 AB 3.871072740440216 1.0752979834556156
62050.3828 lsst_hardware_r 181.39065058955256 69.41581039333808 31.639999389648438 AB 4.242766824095845 1.0951666391866925
62054.3515 lsst_hardware_g -18.145373948181206 35.5933943086793 31.670000076293945 AB 4.6187074799145815 1.0619549301407325
62054.3636 lsst_hardware_i 225.43226656843103 40.28173483229217 31.280000686645508 AB 4.745645955596386 1.0800901179165974
62055.3585 lsst_hardware_r 92.98901583865006 32.9139976290965 31.56999969482422 AB 5.943752885327905 1.0761819455600046
62055.3702 lsst_hardware_z 332.3638121337163 47.89231667804235 30.950000762939453 AB 6.052212569867413 1.0972435539871424
62057.3391 lsst_hardware_u 6.639192048498519 3.5745153958237417 28.549999237060547 AB 5.706071318124727 1.0566798737268013
62057.3507 lsst_hardware_g 5.181243936004881 16.387911941269355 31.469999313354492 AB 5.791481032508088 1.0724964875014977
62059.3462 lsst_hardware_r 106.30512127901619 24.219885370801695 31.479999542236328 AB 7.8613307150498715 1.0739889634277104
62059.3565 lsst_hardware_i 125.7191675279336 33.0224545249104 31.239999771118164 AB 7.9892197483773755 1.0918336462984712
62064.34 lsst_hardware_z 203.38791831820168 44.410242705675046 30.950000762939453 AB 2.71747644626089 1.0865559561219074
62064.3516 lsst_hardware_r 109.33667794929868 24.31477919489679 31.489999771118164 AB 2.7823653374225605 1.1097648091827006
62065.3381 lsst_hardware_u 5.730458435698639 2.8830316822417954 28.350000381469727 AB 3.507655837918902 1.0880669524370383
62065.3483 lsst_hardware_r 82.9663471344683 23.855142345529938 31.459999084472656 AB 3.459957715080651 1.108516688852615
62067.3354 lsst_hardware_i 94.62772217070226 32.39738186105016 31.239999771118164 AB 3.8981791349000883 1.0932539407965098
62067.3466 lsst_hardware_z 192.96604090447585 44.29079763104365 30.940000534057617 AB 4.005831280614908 1.1169712651588464
62070.3365 lsst_hardware_r 96.39505935021222 23.827133617219282 31.479999542236328 AB 3.4099818344282764 1.112615748902511
62070.3472 lsst_hardware_u 5.347628207692067 2.8924425105467466 28.469999313354492 AB 3.5214837764692923 1.1387788433121881
62075.3083 lsst_hardware_r -92.84166268598925 64.42488285387499 31.639999389648438 AB 5.938446799124418 1.0835922630845602
62075.3198 lsst_hardware_y 6.5407738492255385 52.03461320729174 30.030000686645508 AB 5.990465502938592 1.1059320928502014
62077.3025 lsst_hardware_z 116.37298772053553 63.41580073915108 30.989999771118164 AB 5.198400380587983 1.0830000792891632
62077.3131 lsst_hardware_r 138.79063421592636 86.40825622461992 31.639999389648438 AB 5.295882280861737 1.103308808512862
62079.3104 lsst_hardware_i 182.8812574469798 61.78073198196437 31.309999465942383 AB 4.291230417311866 1.1092272317711183
62079.3221 lsst_hardware_z 100.51767200260917 59.50314514367929 30.969999313354492 AB 4.383873265490137 1.1373882034481027
62081.3002 lsst_hardware_r 20.356352222109543 55.8547312426563 31.6200008392334 AB 6.357405114198965 1.0992314539983041
62081.3116 lsst_hardware_z 137.38850512097432 52.03885536970366 30.959999084472656 AB 6.505247471962775 1.1246321913149901
62083.2647 lsst_hardware_z 95.99708059239866 46.44345018021022 30.959999084472656 AB 8.206479625255072 1.0527876363380466
62083.2763 lsst_hardware_g 91.11889580195886 38.52058545458093 31.68000030517578 AB 8.3038857242241 1.0674289644644914
62086.2701 lsst_hardware_r 13.173208444899709 23.06999969482422 31.489999771118164 AB 4.388417998918939 1.0703458533948633
62086.2819 lsst_hardware_z 81.58268636333409 41.790000915527344 30.940000534057617 AB 4.469719515623788 1.0901754916155582
62088.3033 lsst_hardware_u 3.446458831630327 2.559999942779541 28.329999923706055 AB 6.809347167735951 1.1532307672405815
62088.314 lsst_hardware_g -8.559193818875343 13.180000305175781 31.350000381469727 AB 7.019253812927087 1.1863026316511074
62090.1856 lsst_hardware_z 11.787732344092108 40.599998474121094 30.940000534057617 AB 5.746164142780784 1.0358114723354275
62090.1928 lsst_hardware_u -1.7813817946263206 2.5899999141693115 28.40999984741211 AB 5.735536346967033 1.0328406639395213
62091.2925 lsst_hardware_i 26.964054835264445 30.799999237060547 31.229999542236328 AB 4.353298443638213 1.1459064079069674
62091.3049 lsst_hardware_z -10.824885668205305 43.06999969482422 30.93000030517578 AB 4.460733470258058 1.1832968950880185
62095.1212 lsst_hardware_z -83.16228222961502 58.630001068115234 31.690000534057617 AB 3.6032443349343817 1.0980479460410484
62095.1328 lsst_hardware_i -65.98978045828665 29.989999771118164 31.239999771118164 AB 3.1830679472728685 1.0769981212224222
62100.2486 lsst_hardware_z -56.48710839103896 41.380001068115234 30.93000030517578 AB 5.822888259125003 1.0997994634290307
62100.2601 lsst_hardware_g 8.009289609180945 12.75 31.34000015258789 AB 6.049496939418187 1.1255576047044507
62103.2377 lsst_hardware_r 0.4745841121720738 53.119998931884766 31.6200008392334 AB 5.527312787589793 1.0944090263518054
62103.2489 lsst_hardware_i -19.144762161148286 46.540000915527344 31.290000915527344 AB 5.52021255538828 1.1183574869101054
62105.2364 lsst_hardware_z -97.48992742066136 57.56999969482422 30.969999313354492 AB 8.370948460896608 1.1027948964820755
62105.248 lsst_hardware_r -28.792300044395244 75.31999969482422 31.6299991607666 AB 8.670456092729241 1.129406811609905
62107.2412 lsst_hardware_z -97.56052463784361 86.51000213623047 31.729999542236328 AB 7.096887667806266 1.126082765836266
62110.2617 lsst_hardware_r -57.480338022859144 58.880001068115234 31.600000381469727 AB 6.181268106981383 1.2135997592240937
62110.2728 lsst_hardware_z 79.26530176499617 52.959999084472656 30.950000762939453 AB 6.3961228876838 1.2579237356139064
62112.2097 lsst_hardware_r 18.222935610392327 40.68000030517578 31.600000381469727 AB 5.380981856790489 1.0879461902126646
62112.2212 lsst_hardware_i 9.80438492185701 40.02000045776367 31.280000686645508 AB 5.7083936897551375 1.1112310083232464
62114.1238 lsst_hardware_i -54.36883943410499 29.579999923706055 31.25 AB 9.513813931449592 1.034110209940173
62114.1355 lsst_hardware_z 10.878634667770944 40.40999984741211 30.950000762939453 AB 7.654030693594452 1.0311236283974168
62116.127 lsst_hardware_r -9.255700179003602 30.239999771118164 32.2400016784668 AB 12.240092348001683 1.0315553851168653
62116.1396 lsst_hardware_g 13.322997593449486 17.950000762939453 32.13999938964844 AB 12.155119764738751 1.0313403699161698
62118.1628 lsst_hardware_i 40.73921953866981 29.84000015258789 31.25 AB 7.512148116707721 1.046442363462681
62118.176 lsst_hardware_z -17.34079648688069 41.130001068115234 30.950000762939453 AB 8.063492579045171 1.0609858656638382
62120.1685 lsst_hardware_i -20.57354604694835 29.65999984741211 31.239999771118164 AB 10.891588939213017 1.0584122129825493
62120.1812 lsst_hardware_u -3.9680482802725825 2.5199999809265137 28.329999923706055 AB 11.08180859267167 1.0764799061339654
62122.1709 lsst_hardware_g 5.1253022587032415 12.859999656677246 31.389999389648438 AB 3.5731975881448013 1.0690194728929847
62122.1845 lsst_hardware_r 15.211523329505155 21.8700008392334 31.479999542236328 AB 3.654147897595169 1.0918768618312258
62124.1093 lsst_hardware_g 23.932670012280834 12.880000114440918 31.40999984741211 AB 3.4277463535699906 1.0310303607680131
62124.1233 lsst_hardware_r 13.387400902980541 21.540000915527344 31.5 AB 3.488769525413327 1.0325621976804418
62126.1069 lsst_hardware_i 13.082154454684572 29.90999984741211 31.25 AB 4.177323796240133 1.0309288737019084
62126.12 lsst_hardware_z -8.660501442789858 40.720001220703125 30.950000762939453 AB 4.225329516789115 1.0332563213535033
62128.1047 lsst_hardware_r -34.64051497770923 26.68000030517578 31.549999237060547 AB 6.385538109397868 1.0310896349746275
62128.1166 lsst_hardware_g -37.533693622725174 20.420000076293945 31.56999969482422 AB 6.394115562935937 1.0340330272657976
62129.0985 lsst_hardware_r -17.328381302388863 31.219999313354492 31.579999923706055 AB 6.224234463216471 1.0309291036383919
62129.1114 lsst_hardware_i 5.862164854054371 34.25 31.280000686645508 AB 6.283416982423619 1.0331168994448567
62131.099 lsst_hardware_z 105.92651767953112 45.720001220703125 30.959999084472656 AB 5.211406779845362 1.0314000850716307
62131.1106 lsst_hardware_i -42.788012323714334 40.7599983215332 31.290000915527344 AB 5.248655105933353 1.0349825202728469
62133.1082 lsst_hardware_z 4.90095477190694 71.01000213623047 31.729999542236328 AB 7.7739100907263285 1.0365213454301772
62137.1056 lsst_hardware_z -78.4528881585658 80.77999877929688 31.729999542236328 AB 7.22111110168705 1.0419750471936369
62141.0907 lsst_hardware_r 2.5286214289053737 21.40999984741211 31.479999542236328 AB 10.851358870626058 1.0391367662116366
62141.1051 lsst_hardware_i -0.8146818799498257 29.6200008392334 31.239999771118164 AB 10.963455158049578 1.0514822721914552
62143.0809 lsst_hardware_z 11.314668497789926 40.66999816894531 30.950000762939453 AB 10.057166335174776 1.036527410803615
62143.0926 lsst_hardware_i 8.673292924085251 29.700000762939453 31.239999771118164 AB 9.1744889122629 1.0447320833854128
62145.0694 lsst_hardware_u -4.17497261791173 3.740000009536743 29.200000762939453 AB 8.846674062780526 1.0337314866534824
62145.0829 lsst_hardware_g -16.687333463443167 18.1299991607666 32.13999938964844 AB 8.837599483308054 1.0413306278322956
62147.0709 lsst_hardware_r 4.028905406169458 21.43000030517578 31.479999542236328 AB 6.429656629075266 1.0370413917863333
62147.0839 lsst_hardware_i 13.671544556723921 29.6200008392334 31.25 AB 5.895100839886746 1.0467153479912548
62149.0679 lsst_hardware_z 50.04716938823597 40.63999938964844 30.950000762939453 AB 2.23437862647339 1.0385213230180896
62149.0806 lsst_hardware_u 2.425154363920159 2.640000104904175 28.440000534057617 AB 2.3185798459788893 1.048775232829985
62151.0695 lsst_hardware_g 4.687811336789655 12.899999618530273 31.399999618530273 AB 6.192128087198726 1.0436757268158985
62151.0823 lsst_hardware_r 0.9588038598419676 21.709999084472656 31.489999771118164 AB 6.273231546338746 1.0565442604359994
62395.4044 lsst_hardware_u -19.153962440540283 10.3100004196167 29.290000915527344 AB 4.418388043152442 1.0470113846333828
62399.3879 lsst_hardware_i 34.647840596664786 30.100000381469727 31.239999771118164 AB 6.0126673896654275 1.0422373703704173
62399.3991 lsst_hardware_z -23.41398614943162 50.54999923706055 30.969999313354492 AB 6.200749149607227 1.052699193527343
62409.2565 lsst_hardware_i 91.77115218104251 60.130001068115234 32.45000076293945 AB 2.7387213880021477 1.1076729577359548
62409.2739 lsst_hardware_z -79.63678232007074 75.0999984741211 32.13999938964844 AB 2.7665409596207455 1.0750806837900129
62411.373 lsst_hardware_i 22.808231796494685 31.270000457763672 31.25 AB 2.6271380380669216 1.0606128534787733
62411.3849 lsst_hardware_z 24.61466667118882 46.90999984741211 30.959999084472656 AB 2.2526528152599776 1.0780392336239173
62413.3465 lsst_hardware_g 16.956462361386702 13.109999656677246 31.40999984741211 AB 2.457807829396674 1.0399017683083027
62413.3578 lsst_hardware_r -13.456658675555524 21.790000915527344 31.479999542236328 AB 2.4643424474160294 1.049475100042315
62414.3695 lsst_hardware_i 15.355017011762975 30.219999313354492 31.239999771118164 AB 8.108952044924198 1.0669673743321313
62414.3809 lsst_hardware_r -61.77269682585068 23.6299991607666 31.489999771118164 AB 8.739769121787752 1.0852250024467154
62416.3514 lsst_hardware_z -3.220867166989289 40.93000030517578 30.940000534057617 AB 3.784748070634471 1.0513189085095753
62416.3631 lsst_hardware_u -0.4648886289454414 2.619999885559082 28.389999389648438 AB 3.8363105329222216 1.065641814700617
62418.3603 lsst_hardware_g 4.003386143198172 12.90999984741211 31.3799991607666 AB 3.043875846244773 1.0694650745135936
62418.372 lsst_hardware_r 4.546849150290649 22.360000610351562 31.479999542236328 AB 3.1069757175808177 1.0888933589651608
62420.3478 lsst_hardware_i 39.28740759178647 29.940000534057617 31.239999771118164 AB 4.577594832519741 1.059812428666954
62420.3592 lsst_hardware_z 7.439865392164371 41.439998626708984 30.940000534057617 AB 4.655105864996644 1.07620063923176
62422.3011 lsst_hardware_i -12.229052949820964 29.600000381469727 31.25 AB 5.373345106839094 1.031269752612061
62422.3112 lsst_hardware_u 2.839224951209888 2.5899999141693115 28.40999984741211 AB 5.475580154735497 1.0340225329580541
62423.29 lsst_hardware_g -5.408786982141735 12.779999732971191 31.389999389648438 AB 5.976765948431341 1.0310101687824151
62425.3445 lsst_hardware_i -14.44435486744562 30.020000457763672 31.25 AB 7.868045781676447 1.0745271245517978
62425.3566 lsst_hardware_r 14.72926157587604 21.809999465942383 31.469999313354492 AB 8.008894643181765 1.0959828454576483
62429.3344 lsst_hardware_r -83.90870419684015 54.27000045776367 31.6299991607666 AB 0.5838197218434452 1.0758348682635182
62429.3461 lsst_hardware_i 14.75240858467203 47.529998779296875 31.299999237060547 AB 0.5637635595224251 1.0968162636640721
62433.3316 lsst_hardware_z -20.526228353756462 57.7400016784668 30.969999313354492 AB 3.4359828930759697 1.0899232016098905
62433.3423 lsst_hardware_r 97.8410508231536 76.87000274658203 31.6299991607666 AB 3.954807742182841 1.1118379933041442
62437.3136 lsst_hardware_z -74.94691830407345 45.88999938964844 30.950000762939453 AB 3.0282984789669793 1.0775265158666791
62437.3247 lsst_hardware_r 1.563154040128083 42.970001220703125 31.600000381469727 AB 3.0909381910868077 1.0976992688083715
62438.3218 lsst_hardware_i -18.956812375311447 37.029998779296875 31.270000457763672 AB 3.3251844028507267 1.0973602341512017
62438.3316 lsst_hardware_r -53.11287761063445 36.599998474121094 31.579999923706055 AB 3.3725535357666168 1.1185915541513716
62440.3188 lsst_hardware_u -1.7633790294742995 4.329999923706055 28.75 AB 3.767915643184875 1.102374383611658
62440.3299 lsst_hardware_g 24.935054091227027 20.899999618530273 31.540000915527344 AB 3.856787153006842 1.1276605875951977
