data/validation/pwv_sim_epoch_fit_epoch/44705752.ecsv
# %ECSV 0.9
# ---
# datatype:
# - {name: time, datatype: float64}
# - {name: band, datatype: string}
# - {name: flux, datatype: float64}
# - {name: fluxerr, datatype: float64}
# - {name: zp, datatype: float64}
# - {name: zpsys, datatype: string}
# - {name: pwv, datatype: float64}
# - {name: airmass, datatype: float64}
# meta: {SNID: '44705752', alt: 1024.0, c: 0.05215366557240486, dec: -42.609806, lat: -30.244573, lon: -70.7499537, ra: 275.178558, t0: 61878.55078125,
#   x0: 9.295446860478005e-06, x1: 0.37735384702682495, z: 0.474591463804245}
# schema: astropy-2.0
time band flux fluxerr zp zpsys pwv airmass
61872.4039 lsst_hardware_z 1778.8283414355542 75.6150274939247 30.989999771118164 AB 6.432350695959156 1.0237706025718853
61872.4159 lsst_hardware_y 720.7737485331243 68.514575382047 30.06999969482422 AB 6.423703712454484 1.024881929313467
61876.3766 lsst_hardware_z 4002.864466254968 99.30568116361887 31.739999771118164 AB 16.49157459561351 1.0284201795321006
61878.4178 lsst_hardware_r 3703.2630728973413 70.84114248646134 31.600000381469727 AB 13.903618737256089 1.033969737900338
61880.3894 lsst_hardware_i 2513.1870611220866 58.64689796606711 31.260000228881836 AB 4.812787828136402 1.0239974102417877
61880.4009 lsst_hardware_z 1964.8372075739608 60.98270934035548 30.959999084472656 AB 4.827968327318093 1.0272273036847006
61888.378 lsst_hardware_i 2172.2717137700893 55.44635301765752 31.25 AB 5.146401880478027 1.0267818735366663
61888.3894 lsst_hardware_r 2600.9800418262307 55.63883575317871 31.5 AB 5.177539470621711 1.0331660510752383
61889.3654 lsst_hardware_u -0.38220060040848525 2.8537018891069654 28.469999313354492 AB 11.701759681209445 1.0240746512143621
61891.3318 lsst_hardware_r 2360.383742824934 53.02195200679724 31.520000457763672 AB 10.105133788718975 1.0305577266553438
61891.3442 lsst_hardware_g 476.6836728036033 25.768907915081524 31.459999084472656 AB 9.123404582532073 1.0251016384867497
61895.3293 lsst_hardware_r 1820.2942253011315 48.27121273753563 31.510000228881836 AB 8.576369442196308 1.026403308164594
61895.3424 lsst_hardware_i 1765.3468451520819 51.799296766607284 31.260000228881836 AB 6.848519055550331 1.0237076778062004
61899.3255 lsst_hardware_z 2368.1654858396964 104.68979581204236 31.739999771118164 AB 8.495380648792999 1.0243729115597622
61903.3229 lsst_hardware_r 1196.599856845855 96.49026805960163 31.65999984741211 AB 7.060494126121819 1.0237051074556331
61903.3349 lsst_hardware_i 1421.456536495738 84.03761067107216 31.34000015258789 AB 6.328961624017981 1.0259714892025096
61908.3168 lsst_hardware_i 1117.4271577434595 46.329204909743076 31.270000457763672 AB 8.121913355051936 1.0246854887307284
61908.3282 lsst_hardware_z 871.6324676402808 51.32769537588999 30.950000762939453 AB 8.158584187444303 1.0290415203839776
61910.3096 lsst_hardware_r 645.8673364814491 34.0931533723293 31.5 AB 7.295504806015642 1.0243258529279538
61910.3204 lsst_hardware_g 86.2204223724712 18.08782307866357 31.459999084472656 AB 7.344596479788933 1.0278631977873363
61926.2887 lsst_hardware_r 380.87314577641337 65.13014000629651 31.649999618530273 AB 6.39913714174246 1.0354730471137625
61926.3011 lsst_hardware_z 657.4079434910062 58.054930843905915 30.969999313354492 AB 6.697853617123872 1.0475626380643144
61950.1049 lsst_hardware_i 327.16733670996473 36.578854424897195 31.239999771118164 AB 4.452629614508209 1.1358266097125655
61950.1114 lsst_hardware_z 292.40533121451904 46.1383803722822 30.940000534057617 AB 4.424810630475936 1.1188833354204155
61958.1546 lsst_hardware_i 74.66181238975528 113.72000122070312 31.34000015258789 AB 1.8495574248391269 1.0275319026884038
61958.1665 lsst_hardware_r 138.6645113233585 135.74000549316406 31.670000076293945 AB 1.8432699066905875 1.0240388370503264
61960.137 lsst_hardware_z 111.90560596554675 108.41000366210938 31.75 AB 3.2651636797894357 1.0350265257151634
61962.19 lsst_hardware_i 52.782195569199146 55.66999816894531 31.31999969482422 AB 8.075210037543787 1.0351506265278536
61962.2015 lsst_hardware_z 1.9584492669176694 54.40999984741211 30.979999542236328 AB 8.177119060265802 1.0460798559021527
61964.1295 lsst_hardware_i -49.05994471306173 37.90999984741211 31.290000915527344 AB 6.735042452847662 1.0325068914376219
61964.1414 lsst_hardware_z 23.619155523915275 45.04999923706055 30.959999084472656 AB 6.698878298729909 1.0262286113562644
61965.139 lsst_hardware_i 11.548984461720298 30.75 31.25 AB 7.713174797756501 1.0261088608258928
61965.1527 lsst_hardware_u 4.49960146249397 3.6700000762939453 28.65999984741211 AB 7.687178895082689 1.0236946293015463
61974.1281 lsst_hardware_g 8.981982412755432 14.5 31.440000534057617 AB 5.937433395483225 1.0236954130143492
61974.1391 lsst_hardware_r 45.84107781905467 23.260000228881836 31.510000228881836 AB 5.947021218168114 1.0253484858910542
61976.1142 lsst_hardware_r -9.060170808635549 23.040000915527344 31.5 AB 5.481949116549678 1.024599548292881
61976.1266 lsst_hardware_i 34.09789189619291 30.59000015258789 31.25 AB 5.675597126829018 1.0239215455221031
61978.1149 lsst_hardware_z -16.261829967309318 40.970001220703125 30.950000762939453 AB 3.0932733931629968 1.0237542257696497
61978.1274 lsst_hardware_u -3.312176198750563 2.6700000762939453 28.40999984741211 AB 3.2329930805037335 1.0251266208493803
61981.1118 lsst_hardware_i 62.229484160597906 37.720001220703125 31.280000686645508 AB 5.323832441897901 1.0238139311342116
61981.1238 lsst_hardware_z -39.76978390820877 44.310001373291016 30.950000762939453 AB 5.33870139888483 1.0266733459393904
61983.1069 lsst_hardware_i 71.23925027205618 59.54999923706055 31.329999923706055 AB 4.1077366071443295 1.0238625640938008
61983.1194 lsst_hardware_z -70.37319355455026 57.11000061035156 30.979999542236328 AB 4.120769445831259 1.0271110283726965
61987.1121 lsst_hardware_z -81.09547307835696 113.66999816894531 31.75 AB 2.4426217685671774 1.028833317753813
61990.0528 lsst_hardware_r 17.39182596957579 76.69000244140625 31.649999618530273 AB 3.5302833956712263 1.0368954559441628
61990.0649 lsst_hardware_g 121.94396118245352 83.83000183105469 31.739999771118164 AB 3.380181147628827 1.0286613352491865
61992.0554 lsst_hardware_r 22.384223526930167 23.200000762939453 31.510000228881836 AB 3.403211740379624 1.0309638716690772
61992.0669 lsst_hardware_i -10.264227622410555 39.869998931884766 31.299999237060547 AB 3.3125771155295958 1.0255656704425993
61994.0538 lsst_hardware_z 16.754805113325922 41.06999969482422 30.950000762939453 AB 3.3948874759893033 1.0287537806028193
61994.0647 lsst_hardware_i 18.77175084900527 30.65999984741211 31.260000228881836 AB 3.381444117796383 1.0246800356958736
61995.0476 lsst_hardware_u -1.704425479661397 2.869999885559082 28.56999969482422 AB 2.6345239132959564 1.0307214058278389
61995.0582 lsst_hardware_g 3.8334704793385135 14.460000038146973 31.469999313354492 AB 2.6094558499137954 1.025729500752278
61997.0572 lsst_hardware_r -24.273423883615035 23.25 31.510000228881836 AB 3.790756141825244 1.0245286869797956
61997.0683 lsst_hardware_i -15.425815629948387 30.670000076293945 31.260000228881836 AB 3.788174613483684 1.0238309766172118
62011.0283 lsst_hardware_r -11.153259934942978 57.06999969482422 31.639999389648438 AB 5.058480319366816 1.0237248306333044
62011.0388 lsst_hardware_i -30.194228358690427 51.529998779296875 31.31999969482422 AB 5.120698868002612 1.0255755794116987
62013.0318 lsst_hardware_z 70.54976035853095 86.77999877929688 31.739999771118164 AB 2.8267722404625446 1.0251213927334704
62024.0099 lsst_hardware_r 34.90379966972361 23.5 31.520000457763672 AB 2.007215136754148 1.0282425460426798
62024.0208 lsst_hardware_i -4.864652506352135 31.010000228881836 31.260000228881836 AB 1.9923861900793114 1.035229888761712
62026.9783 lsst_hardware_y -45.209561824464764 67.9800033569336 30.079999923706055 AB 2.6342866688079365 1.0240181414219383
62026.9841 lsst_hardware_g 11.788298308414335 21.15999984741211 31.59000015258789 AB 2.6196746116468783 1.0237102820034694
62232.403 lsst_hardware_g 29.011978637117853 32.56999969482422 31.670000076293945 AB 19.803864007707052 1.027868877533962
62232.4155 lsst_hardware_y 53.02204013357618 62.15999984741211 30.059999465942383 AB 19.730265534304255 1.0240489371316595
62234.4019 lsst_hardware_i -10.450839512670752 32.25 31.260000228881836 AB 8.698277645821406 1.0260629497272813
62234.4144 lsst_hardware_y 54.435998302278236 56.630001068115234 30.06999969482422 AB 8.678188914966265 1.0236932504285465
62236.4078 lsst_hardware_g 13.280628157707238 16.5 31.510000228881836 AB 4.477914232481519 1.023737750572086
62236.4182 lsst_hardware_z 42.946682147103196 57.59000015258789 30.989999771118164 AB 4.787645929081322 1.0246067760910231
62238.3974 lsst_hardware_i 7.848500746783946 30.969999313354492 31.270000457763672 AB 6.382843416384209 1.0243279304127115
62238.4103 lsst_hardware_y -51.193628143517586 49.08000183105469 30.049999237060547 AB 6.43240282936666 1.0241456560707973
62242.3959 lsst_hardware_r -25.29573634615211 23.520000457763672 31.520000457763672 AB 16.48894862902361 1.0237608772385633
62242.4073 lsst_hardware_y 96.97778251443098 47.56999969482422 30.059999465942383 AB 16.526406745078315 1.0262193062920557
62244.4041 lsst_hardware_g 13.135912388927173 15.039999961853027 31.469999313354492 AB 13.291761633994795 1.0271179059046787
62244.4161 lsst_hardware_y 82.62551704187742 51.36000061035156 30.059999465942383 AB 13.348553988716887 1.034203750296043
62246.3866 lsst_hardware_r -53.55583016106853 23.329999923706055 31.510000228881836 AB 4.812329943007369 1.0238999878739083
62246.3975 lsst_hardware_z -16.470370409162133 41.130001068115234 30.950000762939453 AB 4.8252430934045645 1.0266474666818222
62248.3873 lsst_hardware_r 55.33023017867755 23.360000610351562 31.510000228881836 AB 6.187800801776217 1.0250643256483685
62248.4008 lsst_hardware_u 0.7922062846645906 2.740000009536743 28.43000030517578 AB 6.279006844914558 1.031162597185952
62250.3781 lsst_hardware_g 5.673632492888053 14.289999961853027 31.43000030517578 AB 10.115284470050616 1.0242375276607858
62250.3893 lsst_hardware_r -5.412658166104186 23.06999969482422 31.5 AB 10.159649383183876 1.0278277839919614
62254.3847 lsst_hardware_r 14.74754167980555 91.0999984741211 31.65999984741211 AB 5.16461399778706 1.0313414093963378
62254.3963 lsst_hardware_z -21.894778658444572 64.44000244140625 30.989999771118164 AB 5.224059032548501 1.0406492096710163
62257.3246 lsst_hardware_i -19.707536649871507 75.72000122070312 31.34000015258789 AB 10.157122538244796 1.0340669420457924
62257.3365 lsst_hardware_z 64.3230297046542 69.30999755859375 30.989999771118164 AB 9.141038960967048 1.0270830293221402
62259.328 lsst_hardware_z 81.41681159399727 57.90999984741211 30.979999542236328 AB 12.850014505300791 1.0285016979170496
62259.3407 lsst_hardware_r -13.632852646271383 69.54000091552734 31.649999618530273 AB 11.748791193551385 1.0242168244748833
62264.3242 lsst_hardware_u 5.140893898578536 4.139999866485596 29.299999237060547 AB 9.861179972615547 1.024804361924193
62264.336 lsst_hardware_g -28.16586899473845 22.239999771118164 32.2400016784668 AB 10.634432504451167 1.0237720822576333
62266.3109 lsst_hardware_r 15.934519934525028 23.149999618530273 31.520000457763672 AB 6.987246087345073 1.027536189315452
62266.3228 lsst_hardware_i 59.90865067714052 30.700000762939453 31.260000228881836 AB 6.963424819141874 1.024033061638511
62270.3208 lsst_hardware_u 2.211747462913336 2.799999952316284 28.520000457763672 AB 6.80285952246345 1.0238716969505137
62270.3337 lsst_hardware_g 14.953011571513041 14.510000228881836 31.459999084472656 AB 8.198681239548296 1.027371478280542
62272.3051 lsst_hardware_g 5.8205458548649975 14.300000190734863 31.440000534057617 AB 3.8460058383795044 1.0242359090225044
62272.3174 lsst_hardware_r -3.578103518514602 23.0 31.5 AB 3.8202752281164827 1.024133832348138
62277.299 lsst_hardware_i -41.69811874841851 30.579999923706055 31.25 AB 6.864414866671922 1.0236991822640527
62277.3112 lsst_hardware_r 38.73602377745368 23.1299991607666 31.510000228881836 AB 6.889229425865217 1.0260227010001068
62280.3065 lsst_hardware_r 86.27548836698789 38.040000915527344 31.600000381469727 AB 7.361956858408929 1.0274170481346632
62280.3194 lsst_hardware_i -47.56844717706092 38.25 31.280000686645508 AB 7.442692772893301 1.0354330513207002
62285.278 lsst_hardware_z -133.6560430003658 86.37999725341797 31.0 AB 8.509439568290691 1.0237330300913277
62285.2919 lsst_hardware_r -166.10122801684818 135.2100067138672 31.670000076293945 AB 8.827112888921327 1.027005571718589
62288.2875 lsst_hardware_i 10.428542533819945 53.380001068115234 31.31999969482422 AB 6.172763495106681 1.0287939158511135
62288.2994 lsst_hardware_r -21.083440717990733 61.9900016784668 31.639999389648438 AB 7.135603822102652 1.0369507588794473
62291.2771 lsst_hardware_z 7.492080056584589 42.54999923706055 30.950000762939453 AB 11.753604397019972 1.0277049333962718
62291.29 lsst_hardware_g -0.21435385353723574 25.719999313354492 31.6200008392334 AB 11.812864244866514 1.035943545107999
62302.2293 lsst_hardware_r -42.478820498416844 23.68000030517578 31.520000457763672 AB 11.874770537221274 1.023687115277696
62302.2414 lsst_hardware_g -3.7071903544167655 14.979999542236328 31.469999313354492 AB 11.89592910785403 1.0255111299874164
62304.2316 lsst_hardware_r 4.9669037159733564 23.6299991607666 31.520000457763672 AB 5.288519913069918 1.0244106369142698
62304.2431 lsst_hardware_i -25.867755443115964 30.950000762939453 31.260000228881836 AB 5.227411223022218 1.02842748874935
62310.2097 lsst_hardware_r 83.25245540448329 74.97000122070312 31.65999984741211 AB 3.256324337861081 1.023733090236651
62310.2225 lsst_hardware_i 3.096724365157315 61.79999923706055 31.329999923706055 AB 3.2815180575201706 1.026543709338948
62312.215 lsst_hardware_z 69.7734073514882 131.85000610351562 31.760000228881836 AB 4.512511792130312 1.0258039991203256
62314.1995 lsst_hardware_r -204.59089055870658 129.1699981689453 31.670000076293945 AB 7.622355540339518 1.0237762634768335
62314.2122 lsst_hardware_z -31.579849315502017 84.70999908447266 31.0 AB 7.482571702171017 1.0267914695138787
62315.1941 lsst_hardware_r 44.34059053069888 101.62000274658203 31.670000076293945 AB 5.9911269623027446 1.0236867940714423
62315.2072 lsst_hardware_i 125.12594681615315 80.4800033569336 31.34000015258789 AB 5.970785502769806 1.0259375416426892
62323.1852 lsst_hardware_z 85.85330968545976 41.16999816894531 30.950000762939453 AB 5.008538637141975 1.0258844031970726
62323.1972 lsst_hardware_i 37.867972564356585 31.030000686645508 31.260000228881836 AB 5.048508225820393 1.0319223736091065
62325.1863 lsst_hardware_u -5.204925663404404 2.7899999618530273 28.489999771118164 AB 1.9449353960612554 1.028703488748901
62325.1983 lsst_hardware_g -14.06549713082455 14.819999694824219 31.450000762939453 AB 1.9656762667207655 1.0368858059980302
62327.13 lsst_hardware_u -0.2091063327131695 2.740000009536743 28.450000762939453 AB 9.332394703007607 1.036855940634872
62327.1414 lsst_hardware_g -12.73823820763966 14.720000267028809 31.450000762939453 AB 9.317941617772401 1.029000399518413
62328.1293 lsst_hardware_r -20.967605245463876 23.420000076293945 31.510000228881836 AB 7.733421066583512 1.035194574203
62328.1412 lsst_hardware_i -2.409824377498102 30.790000915527344 31.25 AB 7.668122773964708 1.0277377676366128
62330.1328 lsst_hardware_z -39.49106117269112 41.150001525878906 30.950000762939453 AB 6.716611586531985 1.0292211699299518
62330.1453 lsst_hardware_r 5.076547287687341 23.459999084472656 31.510000228881836 AB 6.685911185513356 1.02451678852474
62332.1295 lsst_hardware_u -3.263789321693537 2.7699999809265137 28.479999542236328 AB 7.102173582444666 1.0281085093289906
62332.1417 lsst_hardware_r 2.2557968861079503 23.360000610351562 31.510000228881836 AB 7.068843211962991 1.0241731689311782
62343.1082 lsst_hardware_z -25.27599557588397 73.56999969482422 31.0 AB 7.5445472484239255 1.0248886861650188
62343.1209 lsst_hardware_r -153.84013187289167 109.68000030517578 31.670000076293945 AB 7.610853072005264 1.023824189945061
62345.1209 lsst_hardware_y 46.878808868897714 71.55000305175781 30.799999237060547 AB 3.8937830290143616 1.0246797444774636
62347.1127 lsst_hardware_r 69.3025103975953 36.2400016784668 31.600000381469727 AB 5.325591611361627 1.024152232954159
62347.1246 lsst_hardware_i -9.992969117113873 39.630001068115234 31.290000915527344 AB 5.345066721344677 1.027897446412438
62351.108 lsst_hardware_u 4.145307367497971 2.7699999809265137 28.5 AB 1.826407493412147 1.0256394740486576
62351.1178 lsst_hardware_r -20.213445558035808 23.059999465942383 31.510000228881836 AB 1.771996799396456 1.0300809762513914
62352.1074 lsst_hardware_i -8.678043346330135 30.479999542236328 31.25 AB 1.8477508212929872 1.0263856804849256
62352.1185 lsst_hardware_z 33.61134442064223 41.099998474121094 30.940000534057617 AB 1.8482438671708368 1.03225013525319
62354.1062 lsst_hardware_r 9.389656658583494 23.040000915527344 31.5 AB 2.014499544239137 1.0282430680931367
62354.1184 lsst_hardware_u -1.8204065632225443 2.700000047683716 28.43000030517578 AB 2.027152547359624 1.0362882580010007
62356.0559 lsst_hardware_r 35.04981879602144 23.1200008392334 31.510000228881836 AB 3.4864326675435158 1.0329150703763132
62356.0664 lsst_hardware_u -6.635399485684372 2.759999990463257 28.489999771118164 AB 3.51374132225263 1.0270093498400126
62358.054 lsst_hardware_g -7.658752099923423 14.40999984741211 31.459999084472656 AB 3.4086321556764463 1.0305766154728484
62358.0659 lsst_hardware_r 5.9119788390635035 23.100000381469727 31.510000228881836 AB 3.419731079172504 1.0252529093606668
62364.0441 lsst_hardware_g -19.461330372770416 25.34000015258789 31.6299991607666 AB 6.029690681374717 1.0272045453789254
62364.0561 lsst_hardware_i 5.25707642945834 34.29999923706055 31.280000686645508 AB 6.0313127793433825 1.0239340353137993
62367.0539 lsst_hardware_y -5.436706423731939 76.12000274658203 30.81999969482422 AB 2.395872986321066 1.023731513881669
62369.0287 lsst_hardware_z 79.43905171804563 68.76000213623047 30.989999771118164 AB 2.7526468325200955 1.0280020537234267
62369.0387 lsst_hardware_r 11.50324540864628 94.66999816894531 31.65999984741211 AB 2.746120407792462 1.024544363061483
62371.0338 lsst_hardware_i 28.576517566408974 77.73999786376953 31.34000015258789 AB 1.3522470454935596 1.0244295799193632
62371.0438 lsst_hardware_z 46.21270702707609 68.05000305175781 30.989999771118164 AB 2.224670260663087 1.0237783067938733
62380.0294 lsst_hardware_u -0.31870308496811334 2.680000066757202 28.420000076293945 AB 1.825987111345639 1.0258354558121567
62380.0409 lsst_hardware_g 13.668219943598679 14.430000305175781 31.440000534057617 AB 1.7635102951688753 1.031493641159662
62382.0163 lsst_hardware_g 2.5894153847684778 14.399999618530273 31.43000030517578 AB 1.7937673908776353 1.0240346665333788
62382.028 lsst_hardware_r -48.57161136307905 23.149999618530273 31.5 AB 1.8181169463235134 1.0274265766838786
62385.0196 lsst_hardware_i 24.67874218174521 30.84000015258789 31.260000228881836 AB 0.8987465261173105 1.0273345697664056
62385.031 lsst_hardware_z -20.515737869113348 41.150001525878906 30.950000762939453 AB 0.9055434953652021 1.0341189516922749
62387.0223 lsst_hardware_r 12.237502462531703 23.399999618530273 31.510000228881836 AB 2.4763946941053927 1.0318311225439136
62387.0341 lsst_hardware_u -1.7777897631779789 2.700000047683716 28.40999984741211 AB 2.499777096991645 1.0415737904131854
62389.0122 lsst_hardware_g -13.96954559840293 14.579999923706055 31.440000534057617 AB 3.2962321165456174 1.0290542015336044
62389.0235 lsst_hardware_i -13.758077406504619 30.940000534057617 31.25 AB 3.3308895996890113 1.0368527936775132
