data/validation/pwv_sim_epoch_fit_epoch/4472831.ecsv
# %ECSV 0.9
# ---
# datatype:
# - {name: time, datatype: float64}
# - {name: band, datatype: string}
# - {name: flux, datatype: float64}
# - {name: fluxerr, datatype: float64}
# - {name: zp, datatype: float64}
# - {name: zpsys, datatype: string}
# - {name: pwv, datatype: float64}
# - {name: airmass, datatype: float64}
# meta: {SNID: '4472831', alt: 1024.0, c: -0.05715562775731087, dec: -5.379379, lat: -30.244573, lon: -70.7499537, ra: 68.027344, t0: 61435.12890625,
#   x0: 7.523771260264638e-06, x1: 1.157414197921753, z: 0.5178086757659912}
# schema: astropy-2.0
time band flux fluxerr zp zpsys pwv airmass
[from data line 132]
61745.1165 lsst_hardware_g -33.39568924478903 26.59000015258789 31.579999923706055 AB 6.223595229382496 1.1886541899186684
61745.1373 lsst_hardware_r 59.544926740159795 30.809999465942383 31.549999237060547 AB 6.122950837470738 1.1395776730822145
61749.168 lsst_hardware_r -77.78659877042791 68.41999816894531 31.6299991607666 AB 10.751841128067143 1.1027058120320952
61749.1873 lsst_hardware_z 35.31058413694743 56.90999984741211 30.969999313354492 AB 10.718561409382579 1.1105207725008284
61753.1837 lsst_hardware_z 30.24955943500019 76.41999816894531 30.989999771118164 AB 8.494002101102701 1.1176318554082503
61753.2033 lsst_hardware_r -198.96087450081095 113.05999755859375 31.639999389648438 AB 8.729878825885905 1.148668266563935
61755.1579 lsst_hardware_r 117.04441974928164 66.36000061035156 31.6299991607666 AB 11.251347984782633 1.1035354169869462
61755.1748 lsst_hardware_y 124.84092391610982 52.0 30.040000915527344 AB 11.468451240696028 1.1139988872810316
61757.1195 lsst_hardware_g 0.8506870453695011 14.25 31.40999984741211 AB 4.332430641289582 1.1175659435828673
61757.1398 lsst_hardware_r 26.054001461695915 32.13999938964844 31.559999465942383 AB 3.3133492790622596 1.1035301512282534
61759.1295 lsst_hardware_i -53.07230231071805 31.219999313354492 31.239999771118164 AB 3.3921285247159214 1.1052878868414027
61759.1511 lsst_hardware_z -8.932427287687435 42.27000045776367 30.940000534057617 AB 3.3218255920584396 1.1049731699154892
61763.1526 lsst_hardware_g -6.419214981354299 14.029999732971191 31.389999389648438 AB 6.968100112514405 1.1136487314231107
61763.1777 lsst_hardware_i 4.413487788456952 31.559999465942383 31.229999542236328 AB 7.4489443460291245 1.1522401246806333
61765.1414 lsst_hardware_z 33.399701693311236 42.040000915527344 30.940000534057617 AB 7.66971381455882 1.1088208492929252
61765.1607 lsst_hardware_r -27.711884145964795 23.09000015258789 31.479999542236328 AB 7.8683353559450255 1.1308329054246946
61769.0993 lsst_hardware_g 0.15061247083746448 13.989999771118164 31.40999984741211 AB 8.20429079845901 1.1068058771852831
61769.1195 lsst_hardware_r -21.995557185783166 23.0 31.489999771118164 AB 8.227953266659938 1.103485171441719
61773.0994 lsst_hardware_r 7.695572799332513 34.70000076293945 32.25 AB 4.726973334793811 1.1028869189906239
61773.1206 lsst_hardware_z 54.761486475327075 60.209999084472656 31.690000534057617 AB 4.689963852584203 1.1095910220817906
61775.0905 lsst_hardware_g 54.18830030404367 28.559999465942383 31.610000610351562 AB 11.560566681185362 1.1035638159403087
61775.1139 lsst_hardware_i -35.76618964493482 36.060001373291016 31.260000228881836 AB 11.522863662909403 1.1086783511458695
61777.084 lsst_hardware_z 10.750303629192175 51.25 30.959999084472656 AB 9.693862510193131 1.1038645497985176
61777.1034 lsst_hardware_r -125.96474115471892 54.2400016784668 31.6200008392334 AB 9.70467122430693 1.105640941162293
61779.0916 lsst_hardware_y -36.09468914274658 77.22000122070312 30.790000915527344 AB 7.254990033061981 1.103336633421334
61781.0863 lsst_hardware_r 90.26444245575182 145.75 32.400001525878906 AB 6.337779184957766 1.1033738135372155
61781.1083 lsst_hardware_i 134.14844902589297 117.51000213623047 32.06999969482422 AB 6.456256078199892 1.1188382424746368
61784.0462 lsst_hardware_y 31.263318793767628 51.779998779296875 30.030000686645508 AB 7.4154736268950945 1.1170826086536503
61784.0665 lsst_hardware_z 51.98713769158814 50.45000076293945 30.959999084472656 AB 7.3105746324841245 1.1034135663141877
61791.0393 lsst_hardware_y -72.30047310323377 57.75 30.030000686645508 AB 13.272322049307922 1.1067569896229852
61791.0591 lsst_hardware_g 12.343098860007231 14.0600004196167 31.389999389648438 AB 13.16811478640952 1.1033962533127173
61793.0386 lsst_hardware_z -54.84685866616702 54.0 30.959999084472656 AB 9.46609827508176 1.104454830344991
61793.0594 lsst_hardware_i 44.77756031010138 31.309999465942383 31.239999771118164 AB 7.955060196447675 1.1054836293006596
61795.0372 lsst_hardware_y 142.21977907840787 60.630001068115234 30.040000915527344 AB 7.484573660659431 1.1032414190874975
61795.0579 lsst_hardware_r -27.367489787276185 23.040000915527344 31.479999542236328 AB 7.726215404736428 1.1077276022943878
61799.0355 lsst_hardware_y -73.56732863526796 59.630001068115234 30.030000686645508 AB 14.172053535054728 1.1030337621897712
61799.0546 lsst_hardware_z 70.61441668298359 42.36000061035156 30.940000534057617 AB 14.094531730779199 1.1139280590199274
