data/validation/pwv_sim_epoch_fit_epoch/44755088.ecsv
# %ECSV 0.9
# ---
# datatype:
# - {name: time, datatype: float64}
# - {name: band, datatype: string}
# - {name: flux, datatype: float64}
# - {name: fluxerr, datatype: float64}
# - {name: zp, datatype: float64}
# - {name: zpsys, datatype: string}
# - {name: pwv, datatype: float64}
# - {name: airmass, datatype: float64}
# meta: {SNID: '44755088', alt: 1024.0, c: 0.06973404437303543, dec: -57.58987, lat: -30.244573, lon: -70.7499537, ra: 306.257141, t0: 60537.34765625,
#   x0: 6.272072963509068e-06, x1: 1.1725142002105713, z: 0.5587329864501953}
# schema: astropy-2.0
time band flux fluxerr zp zpsys pwv airmass
[from data line 132]
60886.1958 lsst_hardware_i 36.27747545023983 31.18000030517578 31.239999771118164 AB 5.496154695829646 1.1250508563184374
60886.2094 lsst_hardware_z 37.34147875544856 42.34000015258789 30.940000534057617 AB 5.07656102405041 1.1281246720112024
60888.1968 lsst_hardware_r 15.163479488357865 25.3799991607666 31.5 AB 5.1901687812995245 1.1259721838159291
60888.2075 lsst_hardware_g -13.708096301188455 13.670000076293945 31.3700008392334 AB 5.300310166268322 1.1296483730324642
60890.196 lsst_hardware_r -23.801893463015237 42.75 31.600000381469727 AB 2.5537696069873044 1.127243260643105
60890.2076 lsst_hardware_i -13.02439379718868 41.63999938964844 31.280000686645508 AB 2.539354941038271 1.1326293224969988
60894.1907 lsst_hardware_z -30.705314177192786 105.38999938964844 31.739999771118164 AB 3.1786680357164636 1.1294568408325703
60896.1836 lsst_hardware_r -71.96127123133479 115.2699966430664 31.639999389648438 AB 4.287221616748502 1.1287360275780958
60896.1958 lsst_hardware_i -40.62077056870358 89.16999816894531 31.31999969482422 AB 4.3098656867778375 1.1356445453840287
60897.1935 lsst_hardware_z 126.4645403843904 101.94000244140625 31.729999542236328 AB 4.712695242882346 1.135954180350879
60904.1315 lsst_hardware_r -5.1402485232231445 22.75 31.489999771118164 AB 4.76716549126621 1.1267231130385749
60904.1423 lsst_hardware_u -1.8792685729313208 2.7300000190734863 28.459999084472656 AB 4.740705970031668 1.1249895515025317
60906.136 lsst_hardware_g 8.680293532995705 13.65999984741211 31.399999618530273 AB 2.0672381391096426 1.1250275586991252
60906.1474 lsst_hardware_r -10.53449658137494 22.670000076293945 31.479999542236328 AB 2.0618542415884615 1.125927230901549
60908.1342 lsst_hardware_i -53.515724410813355 30.899999618530273 31.239999771118164 AB 1.9691025812459684 1.1249871917230823
60908.1452 lsst_hardware_z -38.12897278194334 42.20000076293945 30.940000534057617 AB 2.010299386333868 1.1267441679591972
60910.1248 lsst_hardware_r 42.916273471708124 22.6299991607666 31.489999771118164 AB 2.6590463149445194 1.1250460397480515
60910.1357 lsst_hardware_g 0.4090762787113146 13.600000381469727 31.389999389648438 AB 2.460937268202675 1.1257718518767956
60912.1105 lsst_hardware_u -1.423911325830619 2.5799999237060547 28.34000015258789 AB 4.354463799555468 1.1264943214475405
60912.1214 lsst_hardware_r -7.986660664066751 22.440000534057617 31.469999313354492 AB 4.198396425215344 1.124972246842455
60932.0986 lsst_hardware_u 2.880116156787647 2.630000114440918 28.3700008392334 AB 1.3731296205928964 1.1364615109397032
60932.1108 lsst_hardware_g 14.093038091816618 13.569999694824219 31.3799991607666 AB 1.3914006206276093 1.1473103447767186
60934.0377 lsst_hardware_u -0.28799967722392705 2.6500000953674316 28.389999389648438 AB 2.8482065422458565 1.131812653385995
60934.0497 lsst_hardware_g 13.023586838017206 13.470000267028809 31.3799991607666 AB 2.9365704698397503 1.1267056413247922
60936.1417 lsst_hardware_z -7.966795567762142 43.310001373291016 30.940000534057617 AB 2.7334991126377073 1.2143487839351217
60936.1529 lsst_hardware_r -13.90551049386275 22.989999771118164 31.459999084472656 AB 2.815199378572919 1.2410871617514707
60941.0386 lsst_hardware_r -3.726657500369489 22.6299991607666 31.479999542236328 AB 1.6877761783941692 1.125184118929446
60941.0513 lsst_hardware_z 3.878323058054048 42.400001525878906 30.940000534057617 AB 1.5529043631727528 1.1258368993520922
60943.0449 lsst_hardware_r 2.831553482889778 22.760000228881836 31.479999542236328 AB 5.002811031159985 1.1256606235264799
60943.0559 lsst_hardware_u -3.2007806071401257 2.609999895095825 28.350000381469727 AB 5.066725678836016 1.1290334276540626
60945.051 lsst_hardware_g -35.42831757004414 15.920000076293945 31.440000534057617 AB 3.1619912887784345 1.1292826031351553
60945.0651 lsst_hardware_r -25.14956492582421 24.209999084472656 31.489999771118164 AB 3.186382689094157 1.1379938175336275
60947.0271 lsst_hardware_r 88.52374558418029 32.18000030517578 31.549999237060547 AB 3.8387536462044016 1.124991910383037
60947.0381 lsst_hardware_i 11.48777353069469 35.869998931884766 31.260000228881836 AB 3.858299724781433 1.1265931016224346
60952.0376 lsst_hardware_z -147.48756487383275 81.83000183105469 31.719999313354492 AB 2.7581395189515914 1.1322411818356286
60955.0293 lsst_hardware_r 36.52475875097255 80.61000061035156 31.6299991607666 AB 4.382100793772286 1.1321795100819754
60955.0413 lsst_hardware_z 17.690785533755214 59.380001068115234 30.969999313354492 AB 4.427498857942471 1.140911920101994
60957.0302 lsst_hardware_r -9.860393257476895 22.979999542236328 31.479999542236328 AB 4.486972312853851 1.1363738920740931
60957.0415 lsst_hardware_u -5.264371301412272 5.820000171661377 28.90999984741211 AB 4.4618130620411725 1.1462589754762165
