data/validation/pwv_sim_epoch_fit_epoch/44838781.ecsv
# %ECSV 0.9
# ---
# datatype:
# - {name: time, datatype: float64}
# - {name: band, datatype: string}
# - {name: flux, datatype: float64}
# - {name: fluxerr, datatype: float64}
# - {name: zp, datatype: float64}
# - {name: zpsys, datatype: string}
# - {name: pwv, datatype: float64}
# - {name: airmass, datatype: float64}
# meta: {SNID: '44838781', alt: 1024.0, c: -0.0411558635532856, dec: -30.691587, lat: -30.244573, lon: -70.7499537, ra: 203.027344, t0: 61413.91015625,
#   x0: 8.423130899377704e-06, x1: 1.0737377405166626, z: 0.49414360523223877}
# schema: astropy-2.0
time band flux fluxerr zp zpsys pwv airmass
[from data line 133]
61825.2416 lsst_hardware_i -56.75180183732262 31.520000457763672 31.239999771118164 AB 9.527266907367286 1.1411267106680185
61829.2224 lsst_hardware_u -2.2953996241158916 2.569999933242798 28.260000228881836 AB 6.1931067552049495 1.1708118324136967
61829.2428 lsst_hardware_r -28.690590760877434 23.489999771118164 31.489999771118164 AB 5.821800569756493 1.1039902472634426
61831.2173 lsst_hardware_i 93.18889632953582 31.969999313354492 31.229999542236328 AB 3.774956386950602 1.1694412598979562
61831.2383 lsst_hardware_z 23.81996627781868 42.25 30.940000534057617 AB 3.7129988148355686 1.1013443192116577
61833.2107 lsst_hardware_r -58.77765461727663 23.670000076293945 31.469999313354492 AB 6.540428253187217 1.173802629789522
61833.2307 lsst_hardware_u -1.2697700004024726 2.549999952316284 28.270000457763672 AB 6.170599705909135 1.1072974708534158
61835.216 lsst_hardware_g 6.840614871941623 14.350000381469727 31.389999389648438 AB 8.9074467116987 1.1354780375242672
61835.2365 lsst_hardware_r 2.9183367042677646 23.290000915527344 31.489999771118164 AB 8.48595745826779 1.0782208451486048
61837.2195 lsst_hardware_i -37.30583634520764 41.72999954223633 31.280000686645508 AB 11.94262600840584 1.1080901254203863
61837.2432 lsst_hardware_z 9.556955994477747 45.209999084472656 30.950000762939453 AB 11.354396246346903 1.0526650619314784
61839.2213 lsst_hardware_r -16.30303146822429 71.73999786376953 31.639999389648438 AB 10.984240081992866 1.08862637086153
61839.2422 lsst_hardware_z 14.29557687703184 54.91999816894531 30.979999542236328 AB 10.547759852743916 1.044694681596978
61841.2177 lsst_hardware_r -68.97860308761351 113.3499984741211 31.649999618530273 AB 8.021661393359873 1.0840082963999826
61841.2379 lsst_hardware_i -62.2744858167204 87.61000061035156 31.34000015258789 AB 7.71626894372142 1.0427390464488404
61844.2119 lsst_hardware_z 39.1528018132532 73.33999633789062 30.989999771118164 AB 9.997880174314105 1.0782873354523408
61844.2351 lsst_hardware_i 24.660161116815733 79.44999694824219 31.34000015258789 AB 9.502928917121922 1.0342761120071922
61848.1809 lsst_hardware_g 21.982383146713964 19.139999389648438 31.510000228881836 AB 7.15630455317144 1.1341960594077198
61848.1989 lsst_hardware_r 31.632629021805734 28.68000030517578 31.549999237060547 AB 6.864193820342676 1.0832499453460298
61850.1798 lsst_hardware_i 3.646470050035954 31.540000915527344 31.239999771118164 AB 5.9384814684663265 1.12046820159742
61850.1987 lsst_hardware_z 31.374420864495313 41.7599983215332 30.940000534057617 AB 5.676498247853792 1.0710374052554326
61852.1761 lsst_hardware_r 12.699753573998422 23.350000381469727 31.489999771118164 AB 7.68782415698079 1.1151875477034565
61852.1934 lsst_hardware_g 1.477105450413702 14.34000015258789 31.43000030517578 AB 7.317311739542142 1.0706824800881187
61860.1561 lsst_hardware_r -20.893047092065192 23.479999542236328 31.489999771118164 AB 5.557141814062685 1.1098191250811693
61860.172 lsst_hardware_i -8.87231966056454 30.899999618530273 31.239999771118164 AB 4.95989047358383 1.0697103825126462
61862.1563 lsst_hardware_z 7.106336814111864 41.970001220703125 30.940000534057617 AB 9.242387217593812 1.0942916430965917
61862.1745 lsst_hardware_u -0.8578886928774634 2.6600000858306885 28.389999389648438 AB 8.638698510434645 1.0534998183456885
61864.1577 lsst_hardware_g 31.00148809673544 20.809999465942383 31.549999237060547 AB 6.4043514882456485 1.0773423685280408
61864.1752 lsst_hardware_r 18.92648157769156 26.90999984741211 31.530000686645508 AB 4.743222651097197 1.0425810860748124
61866.1742 lsst_hardware_z -34.48754965441278 46.93000030517578 30.969999313354492 AB 14.404094822517607 1.0355208355512298
61866.1935 lsst_hardware_r -47.2189802196038 45.36000061035156 31.6299991607666 AB 13.920040705510058 1.0126611891102908
61872.089 lsst_hardware_r -83.8954776401115 131.57000732421875 31.610000610351562 AB 8.4072559949171 1.2397187473304563
61872.108 lsst_hardware_z -146.86080340421518 90.61000061035156 30.989999771118164 AB 7.949312988999058 1.1596231004727475
61883.049 lsst_hardware_i -53.59490348458864 33.22999954223633 31.209999084472656 AB 6.534773606680615 1.2916274094111109
61883.0682 lsst_hardware_z -61.786197955510005 43.84000015258789 30.93000030517578 AB 6.098476048836071 1.197971984449202
61885.0616 lsst_hardware_r -30.101026013662807 24.110000610351562 31.479999542236328 AB 16.45036755518568 1.2028199872179188
61885.0806 lsst_hardware_u 0.281495261989028 2.7699999809265137 28.43000030517578 AB 15.426982254615266 1.1318609845826422
61889.0534 lsst_hardware_r -7.627232152460715 24.09000015258789 31.479999542236328 AB 10.09976897734766 1.1913734306655124
61889.0789 lsst_hardware_i -59.0460877677441 31.440000534057617 31.239999771118164 AB 9.355360502592008 1.1042247908004887
61895.0544 lsst_hardware_r -25.08480442989307 52.31999969482422 31.6200008392334 AB 10.160666371442783 1.1283360767843178
61895.0734 lsst_hardware_i 59.79837972700526 46.900001525878906 31.309999465942383 AB 9.712916227594679 1.0765514397843863
61899.0614 lsst_hardware_z 140.7893166126883 141.42999267578125 31.75 AB 9.63321381183286 1.07906957790675
61903.0486 lsst_hardware_r 53.69047299781823 47.5099983215332 31.610000610351562 AB 8.003522887979132 1.0835705382269936
61903.0677 lsst_hardware_i 3.36632724586396 49.4900016784668 31.309999465942383 AB 7.682907522608212 1.0442871413184407
61909.9698 lsst_hardware_y -30.51261554330842 50.529998779296875 29.959999084472656 AB 9.948959210707937 1.3235865912250027
61909.9903 lsst_hardware_z 48.45076584374465 43.4900016784668 30.93000030517578 AB 9.118357545142707 1.2161593667108932
61911.9688 lsst_hardware_y -31.500341572338826 50.4900016784668 29.969999313354492 AB 7.254880413322449 1.2973677420104521
61911.9893 lsst_hardware_u 1.6703875225096254 2.6600000858306885 28.34000015258789 AB 6.600252801666015 1.1967820129947442
61917.9691 lsst_hardware_i 22.10595651815601 32.599998474121094 31.239999771118164 AB 7.792309287313634 1.213282878522948
61917.9846 lsst_hardware_z 3.3930583342384653 42.599998474121094 30.940000534057617 AB 7.418048875139306 1.151736812504647
61925.964 lsst_hardware_y -134.22619035478849 63.0 30.020000457763672 AB 13.44043915207493 1.1473907092340805
61925.9837 lsst_hardware_r -95.09840514221979 107.48999786376953 31.639999389648438 AB 12.71987803957501 1.0887743073826803
61927.9644 lsst_hardware_y 12.108877182924 95.16000366210938 30.790000915527344 AB 4.814308200130394 1.1280009840980305
