data/validation/pwv_sim_epoch_fit_epoch/44881316.ecsv
# %ECSV 0.9
# ---
# datatype:
# - {name: time, datatype: float64}
# - {name: band, datatype: string}
# - {name: flux, datatype: float64}
# - {name: fluxerr, datatype: float64}
# - {name: zp, datatype: float64}
# - {name: zpsys, datatype: string}
# - {name: pwv, datatype: float64}
# - {name: airmass, datatype: float64}
# meta: {SNID: '44881316', alt: 1024.0, c: -0.05696988105773926, dec: 0.0, lat: -30.244573, lon: -70.7499537, ra: 242.402344, t0: 62627.9921875,
#   x0: 2.3769465799853345e-06, x1: 0.24380259215831757, z: 0.830464780330658}
# schema: astropy-2.0
time band flux fluxerr zp zpsys pwv airmass
[from data line 132]
62996.1433 lsst_hardware_y 90.15869603712217 82.44000244140625 30.700000762939453 AB 9.9031562922275 1.398668575374919
62996.1811 lsst_hardware_r -138.8115797764223 85.68000030517578 31.610000610351562 AB 7.671519434884832 1.2354156586319858
63001.1869 lsst_hardware_z 42.544245902704 43.7400016784668 30.940000534057617 AB 7.738981249234431 1.1897583144257189
63001.2068 lsst_hardware_r 54.98664369607954 24.059999465942383 31.489999771118164 AB 7.583082735715009 1.1638081165967094
63004.1652 lsst_hardware_i 1.3773604100885852 32.459999084472656 31.229999542236328 AB 9.79403602950508 1.2191493159278293
63004.1871 lsst_hardware_z -85.44148667141233 43.290000915527344 30.940000534057617 AB 8.679028843978513 1.1764186843752644
63008.2109 lsst_hardware_r -6.751666462511991 24.059999465942383 31.489999771118164 AB 5.503618762096977 1.1573165307742816
63008.2316 lsst_hardware_u -0.39822801639335326 2.6600000858306885 28.329999923706055 AB 5.61083391745736 1.1725880705240042
63014.1655 lsst_hardware_r 21.776763793642857 24.09000015258789 31.489999771118164 AB 8.345220904417447 1.1693716674024817
63014.1865 lsst_hardware_i 2.415453780771245 32.08000183105469 31.239999771118164 AB 8.750653966799762 1.1567543634096211
63018.1675 lsst_hardware_z 19.827207335711947 52.689998626708984 30.959999084472656 AB 8.692656944593638 1.1591754826768421
63018.1889 lsst_hardware_r -103.39569226841287 57.16999816894531 31.610000610351562 AB 8.602140162513047 1.1593180812012192
63021.1692 lsst_hardware_i -71.07607027727943 109.29000091552734 31.31999969482422 AB 13.242221286183861 1.1566268919716884
63021.192 lsst_hardware_z 101.20689234763948 91.94000244140625 30.979999542236328 AB 13.37767115860057 1.1679475430941653
63023.1668 lsst_hardware_r 285.9842409833459 185.8800048828125 32.380001068115234 AB 6.314694345224358 1.15674928470862
63023.1877 lsst_hardware_z 130.86366612902486 125.20999908447266 31.729999542236328 AB 6.3521485745712845 1.1691788283768239
63037.1224 lsst_hardware_z -15.167326241916749 42.88999938964844 30.940000534057617 AB 4.384358709223317 1.1569500717026895
63037.1497 lsst_hardware_r 16.110751381123265 23.780000686645508 31.489999771118164 AB 3.5008865245366168 1.1694309735674744
63043.0844 lsst_hardware_r -36.926755621493434 25.489999771118164 31.510000228881836 AB 5.654806988233734 1.171576033473777
63043.1062 lsst_hardware_z -22.786083228330305 43.15999984741211 30.940000534057617 AB 5.671322413793583 1.1569208493926562
63045.0845 lsst_hardware_g 11.430891751307623 30.860000610351562 31.610000610351562 AB 8.26486609305375 1.1657074884419956
63047.0742 lsst_hardware_z 19.51096740406948 56.220001220703125 30.959999084472656 AB 3.780486650057536 1.1707313496953307
63047.0967 lsst_hardware_r 19.48766235068383 64.26000213623047 31.6200008392334 AB 4.107563950018705 1.1567344269272615
63049.0888 lsst_hardware_y -217.94026325210038 88.3499984741211 30.770000457763672 AB 10.158698905439573 1.1571150701009596
63052.0869 lsst_hardware_r -57.11354300194706 152.00999450683594 32.380001068115234 AB 4.268966295710439 1.1566924572914845
63052.1111 lsst_hardware_i 40.00691145880711 84.44000244140625 31.309999465942383 AB 4.3305520278949805 1.172161869778076
63057.041 lsst_hardware_i -72.90040360916001 45.060001373291016 31.979999542236328 AB 9.64970520109295 1.1783980462531842
63057.0614 lsst_hardware_z -17.176310616068314 60.779998779296875 31.690000534057617 AB 9.703958864687491 1.159004562228779
63067.0729 lsst_hardware_u -0.5695173097782443 2.75 28.420000076293945 AB 3.31214685520701 1.1757014217146105
63067.1028 lsst_hardware_g 19.25495136188642 14.430000305175781 31.3700008392334 AB 3.999533149448429 1.2399410389175383
63069.015 lsst_hardware_g -12.391135827011762 14.460000038146973 31.399999618530273 AB 7.1296267545503325 1.1697500827810225
63069.0376 lsst_hardware_r -30.24684943177757 23.639999389648438 31.479999542236328 AB 6.951560768465795 1.156665685268851
63072.0111 lsst_hardware_i -15.534590362529334 32.63999938964844 31.239999771118164 AB 6.053772985671823 1.1654197681532048
63072.0329 lsst_hardware_z 11.607793978435524 43.349998474121094 30.940000534057617 AB 5.977717453901039 1.1567536839129922
63073.0096 lsst_hardware_r -11.468159185330014 28.6200008392334 31.520000457763672 AB 10.6803038055107 1.164340767721064
63073.029 lsst_hardware_z 83.92253234561935 44.040000915527344 30.940000534057617 AB 10.599848420597686 1.1566625538526165
63081.0216 lsst_hardware_y -135.01956684366658 77.68000030517578 30.770000457763672 AB 2.5409894752197206 1.1622150366914408
63084.9753 lsst_hardware_y 22.49739541829078 50.150001525878906 30.010000228881836 AB 3.6078392520987075 1.1656992736990976
63084.9963 lsst_hardware_z 12.098090619498146 42.900001525878906 30.940000534057617 AB 3.655073081692372 1.1566686967380924
63092.9785 lsst_hardware_y 82.52365907353402 50.81999969482422 30.010000228881836 AB 5.1689302098049845 1.157266362880328
63093.0042 lsst_hardware_r 28.771421121918394 24.020000457763672 31.469999313354492 AB 4.746991024643401 1.178937296571067
63093.9732 lsst_hardware_y 8.792614837162953 58.529998779296875 30.020000457763672 AB 6.991704562971242 1.156800887321516
63093.992 lsst_hardware_g 27.842519835840175 14.9399995803833 31.420000076293945 AB 7.013050886595803 1.167285433854242
