data/validation/pwv_sim_epoch_fit_epoch/44967174.ecsv
# %ECSV 0.9
# ---
# datatype:
# - {name: time, datatype: float64}
# - {name: band, datatype: string}
# - {name: flux, datatype: float64}
# - {name: fluxerr, datatype: float64}
# - {name: zp, datatype: float64}
# - {name: zpsys, datatype: string}
# - {name: pwv, datatype: float64}
# - {name: airmass, datatype: float64}
# meta: {SNID: '44967174', alt: 1024.0, c: 0.027872491627931595, dec: -18.681826, lat: -30.244573, lon: -70.7499537, ra: 166.640625, t0: 62151.9453125,
#   x0: 2.8432032333824162e-06, x1: 1.3433291912078857, z: 0.7724126577377319}
# schema: astropy-2.0
time band flux fluxerr zp zpsys pwv airmass
62142.3429 lsst_hardware_r 751.2314437200445 68.2094068779019 31.649999618530273 AB 7.850917995323987 1.0287291542245867
62142.3652 lsst_hardware_y 235.06551294248985 76.94635587930742 30.079999923706055 AB 7.862753964455172 1.0201432324949948
62144.3432 lsst_hardware_g 211.67095664163526 30.86054221512617 31.639999389648438 AB 8.96289007130392 1.024876894873903
62144.3644 lsst_hardware_y 333.1422997981774 73.67879423393637 30.079999923706055 AB 8.957113731985936 1.0204823483198315
62146.3447 lsst_hardware_i 1088.4846137306574 44.4443382884385 31.260000228881836 AB 6.950795174037132 1.0217500317079347
62146.3651 lsst_hardware_z 716.270340218702 64.21164368110264 30.989999771118164 AB 6.96942031044787 1.02205899845254
62148.352 lsst_hardware_r 771.5716585360547 35.37610064978293 31.510000228881836 AB 5.412998998206169 1.020293854901894
62150.343 lsst_hardware_r 693.0366312111854 34.74203092596626 31.510000228881836 AB 7.024550464972334 1.0201452932308848
62150.3633 lsst_hardware_y 301.23975334921585 56.21518013640149 30.059999465942383 AB 7.077380681082785 1.0267738009646905
62152.3419 lsst_hardware_z 662.786329278693 48.58385551069509 30.959999084472656 AB 4.510112726490571 1.0203874946811247
62152.3622 lsst_hardware_y 353.55099006498386 54.07281723715906 30.059999465942383 AB 4.545256431033172 1.0300475368710917
62158.3226 lsst_hardware_i 1002.1338721589877 43.21263497145146 31.260000228881836 AB 9.57719251058295 1.020152589538022
62158.3433 lsst_hardware_z 598.4357639028309 47.87464397495776 30.950000762939453 AB 9.157903997317392 1.02807311886363
62160.324 lsst_hardware_r 478.59077379051706 31.580085394920435 31.5 AB 8.007667696878656 1.0211582487172703
62160.3452 lsst_hardware_g 53.2772371074374 16.053548274453778 31.420000076293945 AB 7.331370796402891 1.0344693933427664
62162.2766 lsst_hardware_i 948.3710710018569 42.334573341409026 31.260000228881836 AB 13.276841160784441 1.040165136315292
62162.2947 lsst_hardware_z 595.7413095693797 47.35475458902508 30.950000762939453 AB 12.414034438798339 1.0245138597671322
62163.3146 lsst_hardware_i 852.3971908824751 41.96557148751227 31.260000228881836 AB 12.09826287671501 1.0208643048447397
62163.3322 lsst_hardware_u 3.0332612795602096 2.8671966526347092 28.559999465942383 AB 12.246169951937777 1.0300709318626515
62165.309 lsst_hardware_z 1005.8855937712218 92.11631627634164 31.739999771118164 AB 11.29398696226319 1.0208330964218548
62167.293 lsst_hardware_r 439.1773408691036 112.71266963721183 31.670000076293945 AB 10.94020847248274 1.020422849246379
62167.3103 lsst_hardware_i 709.9124763927648 89.72416406691916 31.34000015258789 AB 11.029533784744004 1.023076667647795
62169.3035 lsst_hardware_z 983.8263092230054 104.88041825246275 31.75 AB 8.600995241766713 1.022507855173407
62171.2831 lsst_hardware_z 453.94127218993214 56.09603251015123 30.979999542236328 AB 8.137467949738687 1.0202975267939047
62171.3024 lsst_hardware_r 306.49446653781933 60.41889403416525 31.649999618530273 AB 7.944363051651056 1.0245833373078905
62173.2887 lsst_hardware_i 659.0238429318505 42.16524548509258 31.280000686645508 AB 3.8387139557988825 1.021206160095473
62173.3079 lsst_hardware_z 490.95769471297336 47.715126228604014 30.959999084472656 AB 3.4549522403033235 1.0327162577502447
62175.2895 lsst_hardware_i 575.5117411893759 38.28134303331857 31.260000228881836 AB 7.719682934769761 1.023559126858881
62175.3081 lsst_hardware_u 3.187842970712357 3.1491708406691985 28.56999969482422 AB 8.465717696034647 1.0385896942402495
62177.2621 lsst_hardware_u -1.2297407987896032 2.790984692494218 28.479999542236328 AB 3.4948526792067445 1.0211403007178217
62177.2809 lsst_hardware_g 35.04034726928958 15.292813264570086 31.440000534057617 AB 3.443318399058441 1.0222111916456469
62179.2604 lsst_hardware_i 415.4103799274089 36.49430607308515 31.260000228881836 AB 5.559636898475439 1.0203977055107716
62179.2777 lsst_hardware_r 194.0614933211556 26.417440245608276 31.510000228881836 AB 5.598915232797661 1.0231468285984193
62181.0798 lsst_hardware_u -1.2303319840141915 2.0069236277138427 27.59000015258789 AB 4.9599346527203085 1.950426524860542
62183.2303 lsst_hardware_r 124.21871423589718 25.712049389555297 31.5 AB 4.157342099482594 1.0292361451959136
62183.2481 lsst_hardware_i 397.26071746028157 35.247396605949234 31.25 AB 4.096487265785068 1.0206134576854733
62185.2676 lsst_hardware_z 256.74996208068876 44.413951289426144 30.950000762939453 AB 4.871544149799867 1.0266689462170342
62185.2844 lsst_hardware_r 108.10378602997707 25.669804856448124 31.510000228881836 AB 4.98941193558749 1.0429372775057462
62189.2421 lsst_hardware_g 5.487315953247987 14.483699262869685 31.43000030517578 AB 8.266545839423792 1.020561214743678
62189.2595 lsst_hardware_r 54.27815275578122 24.896620490646047 31.5 AB 9.776041008373422 1.0286960022841203
62191.2444 lsst_hardware_i 201.98153746544847 36.62240765626661 31.270000457763672 AB 8.526945310241379 1.0229061072746184
62191.2616 lsst_hardware_r 40.42467257732166 24.830588375323757 31.510000228881836 AB 10.243522004033506 1.035518542014743
62193.2378 lsst_hardware_z 309.2341079030166 80.00295437946961 31.729999542236328 AB 5.6770586473286 1.0224328946111747
62195.2326 lsst_hardware_r 197.01640112693008 125.12789734754799 31.670000076293945 AB 5.399675764415297 1.022536756296294
62195.25 lsst_hardware_i 239.81979206172727 99.502153600166 31.34000015258789 AB 5.691518139877481 1.0348214799777238
62198.1937 lsst_hardware_z 373.3177180080735 99.96043033262598 31.739999771118164 AB 5.580778116758176 1.0261141101830709
62203.2051 lsst_hardware_i 130.62547017101963 33.598493112834525 31.260000228881836 AB 10.968415396898054 1.0207924985479881
62203.2249 lsst_hardware_r 45.3245647731246 26.74603548177605 31.540000915527344 AB 11.130683998714666 1.03170950761666
62207.2085 lsst_hardware_r 16.721499155350536 23.99558627899434 31.510000228881836 AB 7.602227802418198 1.0273280814078645
62207.2264 lsst_hardware_i 180.14757441375812 32.58653642163714 31.25 AB 7.737789343217991 1.0456472085429718
62209.2064 lsst_hardware_z 130.06874303562248 42.475849266821044 30.950000762939453 AB 11.515194297481893 1.029889481932025
62209.2247 lsst_hardware_r 3.8207851151847545 23.970929976135654 31.5 AB 11.853044691380829 1.051003711532726
62210.1859 lsst_hardware_u -2.300965862576833 2.804914902499255 28.5 AB 10.388916799866644 1.0207729599475945
62210.2051 lsst_hardware_g 24.645757887532913 14.956277297530729 31.450000762939453 AB 10.534409656525646 1.031100455777414
62212.1924 lsst_hardware_r 9.869662718323324 23.870048023177734 31.520000457763672 AB 8.800420979038872 1.0257100152340417
62212.2112 lsst_hardware_z 84.28072283794607 42.62187618987684 30.950000762939453 AB 8.602117656395851 1.0435980293464886
62215.1912 lsst_hardware_r 27.746457896334885 24.012839102513208 31.520000457763672 AB 5.363605965807862 1.0308844652790252
62215.2096 lsst_hardware_u -0.4907828626083788 2.8894950960873924 28.559999465942383 AB 5.2023835810208015 1.0529542237556813
62223.1653 lsst_hardware_z -44.69823635942227 76.40689309258461 31.0 AB 7.4996074711050875 1.0276719688172284
62223.1841 lsst_hardware_i -109.41490116441993 91.36570678132442 31.34000015258789 AB 7.466283605999393 1.047556394069678
62225.1504 lsst_hardware_r -136.42793079949166 140.9133534348058 31.670000076293945 AB 6.50870437170232 1.0224166465130717
62225.168 lsst_hardware_z 23.127582750087 93.50945822453224 31.010000228881836 AB 7.028812640601099 1.0347267581084854
62227.1476 lsst_hardware_r -14.649009583824453 82.7389310652685 31.65999984741211 AB 5.066074059240033 1.0235871617537355
62227.1647 lsst_hardware_y 31.50593825240953 53.992137782777675 30.059999465942383 AB 4.998311525596963 1.0369940924475027
62229.1427 lsst_hardware_g -76.92172959540511 47.55457372601388 31.709999084472656 AB 6.423982419720241 1.0238645925361982
62229.1605 lsst_hardware_r 98.01444957257962 48.07434379483506 31.6299991607666 AB 6.5239796314321845 1.0383955483557525
62233.1309 lsst_hardware_r 1.8011013224473107 23.614588584180446 31.5 AB 10.426404042069512 1.023433960220153
62233.1494 lsst_hardware_u 1.6135564147385377 2.7202170653562656 28.450000762939453 AB 10.505132859684624 1.038193391061203
62235.1263 lsst_hardware_g -0.8982408053556962 14.458286848782588 31.450000762939453 AB 7.02569441237312 1.023855204367986
62235.1482 lsst_hardware_i 87.13210325087837 31.76507586482112 31.25 AB 7.182329374892549 1.0433366320297137
62237.1341 lsst_hardware_z 68.51617429681866 41.91464670682813 30.950000762939453 AB 3.0327619825629455 1.0336024933472123
62237.1492 lsst_hardware_r -3.5266589433621833 23.595547108025787 31.5 AB 3.1880238672015206 1.0524425421298005
62243.1239 lsst_hardware_r 16.93444811892308 23.06999969482422 31.510000228881836 AB 14.828974210862787 1.0402890897153765
62243.1427 lsst_hardware_i -14.454419644428246 30.989999771118164 31.260000228881836 AB 15.685756656240343 1.0695563326754332
62245.0964 lsst_hardware_i 35.4344568821618 30.639999389648438 31.270000457763672 AB 9.26531231530761 1.0226614034555568
62245.1146 lsst_hardware_z 65.20377647610981 41.36000061035156 30.959999084472656 AB 9.46749811643233 1.03597298497413
62247.1205 lsst_hardware_z -55.82598442213129 42.20000076293945 30.959999084472656 AB 7.352377870371284 1.0503396957673263
62247.1375 lsst_hardware_r -29.147482051969693 25.459999084472656 31.530000686645508 AB 7.785532656412513 1.0813239800572934
62249.0947 lsst_hardware_z 29.620686410953358 47.560001373291016 30.969999313354492 AB 4.652009578858582 1.0279548290484106
62249.1127 lsst_hardware_i 23.798126217106027 44.310001373291016 31.309999465942383 AB 4.7891673886802995 1.046984180724881
62251.0981 lsst_hardware_z 173.65809820401606 67.9800033569336 30.989999771118164 AB 14.022815875490835 1.0358497414951677
62251.1172 lsst_hardware_r 15.063361757191805 92.29000091552734 31.649999618530273 AB 14.1719381955262 1.0627625193495462
62253.0912 lsst_hardware_y 121.51516004933863 87.55000305175781 30.809999465942383 AB 4.611509588947929 1.0343766251215003
62260.0793 lsst_hardware_u 5.913935467229568 2.809999942779541 28.530000686645508 AB 11.425008657344092 1.0425229179071167
62260.0987 lsst_hardware_r -27.2447570861625 23.030000686645508 31.5 AB 12.66184802916674 1.074358154441198
62262.0546 lsst_hardware_g -11.194287147220797 14.109999656677246 31.43000030517578 AB 3.703381258546612 1.024944650535283
62262.0741 lsst_hardware_i 16.75410998234792 30.649999618530273 31.25 AB 3.7624429181026238 1.0428538600552233
62263.0532 lsst_hardware_z -50.77244132522412 57.90999984741211 31.700000762939453 AB 6.4477952825587 1.0257389886348551
62263.0719 lsst_hardware_r 17.689229908550477 32.470001220703125 32.25 AB 6.503305303347878 1.0435342271096846
62267.0518 lsst_hardware_r -11.07255826459289 23.020000457763672 31.510000228881836 AB 7.932202659632768 1.0332312826659042
62267.07 lsst_hardware_i 25.3495240823969 30.899999618530273 31.25 AB 8.038360264611862 1.0567520067412615
62269.0075 lsst_hardware_z -22.357379506393897 40.959999084472656 30.950000762939453 AB 7.256350365750324 1.0222131431842116
62269.026 lsst_hardware_r -21.820729151060252 22.899999618530273 31.510000228881836 AB 7.237322217229252 1.0210428955154252
62275.9929 lsst_hardware_i -27.821910449078388 33.310001373291016 31.270000457763672 AB 7.689790851574841 1.020859038619547
62276.0136 lsst_hardware_z -41.17714185487697 42.099998474121094 30.950000762939453 AB 7.162269053338449 1.023485902233531
62277.9894 lsst_hardware_r -23.78558739368541 52.65999984741211 31.639999389648438 AB 5.747378868172985 1.0204863047182147
62278.0109 lsst_hardware_z 18.954575870510606 50.33000183105469 30.969999313354492 AB 4.726247405533417 1.024938445222695
62280.9739 lsst_hardware_y 256.8731947876121 109.72000122070312 31.56999969482422 AB 4.768439784289742 1.0225389101407596
62283.9671 lsst_hardware_z 64.38565086238627 58.09000015258789 30.979999542236328 AB 6.58147639779848 1.022008058977184
62283.9863 lsst_hardware_i -45.85018802386555 62.810001373291016 31.329999923706055 AB 6.565456926677427 1.0213840894021886
62286.951 lsst_hardware_y -65.90941156837351 70.0 30.079999923706055 AB 9.824435001623891 1.0259077936883063
62286.9728 lsst_hardware_r -14.670750020589944 23.15999984741211 31.510000228881836 AB 9.257354931377682 1.0203096997210757
62289.9505 lsst_hardware_y -64.99952585951412 68.37000274658203 30.06999969482422 AB 9.709820524197617 1.0220863709681702
62289.9725 lsst_hardware_z 79.0374451273616 41.279998779296875 30.950000762939453 AB 9.403365573659464 1.0222531062827365
62508.3427 lsst_hardware_u 1.5524690104574355 4.010000228881836 29.229999542236328 AB 7.129766091145319 1.0273561533369016
62508.363 lsst_hardware_y -172.15011332077844 93.76000213623047 30.829999923706055 AB 7.092666910681602 1.0201239668737696
62511.345 lsst_hardware_r -24.65086183582361 23.06999969482422 31.5 AB 6.950031516116177 1.0218630929400374
62511.3658 lsst_hardware_y -9.20469057660492 70.87999725341797 30.06999969482422 AB 6.954555488842143 1.0220398734444396
62515.3411 lsst_hardware_g 5.906582673964192 14.25 31.440000534057617 AB 7.037080397001197 1.0202856820918536
62515.3606 lsst_hardware_y 28.45172445917982 52.099998474121094 30.059999465942383 AB 7.021499002413605 1.0246623863427369
62516.3334 lsst_hardware_i -60.65352010060663 30.420000076293945 31.25 AB 5.4712319410183134 1.021228547086946
62516.3531 lsst_hardware_y 38.842942992252944 47.54999923706055 30.049999237060547 AB 5.471698110068903 1.0223969561961141
62518.345 lsst_hardware_i 48.78741392994141 30.420000076293945 31.25 AB 2.349397450625705 1.0214771524459587
62518.3642 lsst_hardware_y -106.12130849685205 51.720001220703125 30.059999465942383 AB 2.3774038214850615 1.0336538354282876
62520.3293 lsst_hardware_z 117.72907960876616 87.16999816894531 31.729999542236328 AB 6.732967144328023 1.0201465370193974
62524.3298 lsst_hardware_z -10.217805632866476 93.91999816894531 31.739999771118164 AB 9.218687950917097 1.0218575570489494
62528.2756 lsst_hardware_z 39.30189455982733 42.900001525878906 30.950000762939453 AB 11.973432206907026 1.0389320555245907
62528.2922 lsst_hardware_r -38.14994498112282 31.040000915527344 31.56999969482422 AB 12.180196690233162 1.0247515303914871
62530.3027 lsst_hardware_i -17.181729330575504 30.549999237060547 31.25 AB 11.304483156822451 1.0201221095359339
62530.3201 lsst_hardware_u 0.3347781072981897 2.930000066757202 28.479999542236328 AB 11.336913634978343 1.0249138411564316
62532.2982 lsst_hardware_g -5.378455782328083 14.069999694824219 31.43000030517578 AB 10.95811181555795 1.0201183965330396
62532.3177 lsst_hardware_r 49.0322094750059 22.799999237060547 31.5 AB 11.013493506876031 1.0268273553715155
62534.3003 lsst_hardware_i 33.88009263602255 30.110000610351562 31.25 AB 8.743871065971355 1.021182022303224
62534.3184 lsst_hardware_r 22.11758889464694 22.59000015258789 31.489999771118164 AB 8.78899563509753 1.0316731646402422
62536.2819 lsst_hardware_u -0.6024802339488019 2.75 28.5 AB 8.158167951356264 1.0205363962166971
62536.3019 lsst_hardware_g 8.324276163866541 14.050000190734863 31.440000534057617 AB 7.91325782163403 1.0239281201165447
62538.2876 lsst_hardware_r -31.988730628110225 22.75 31.5 AB 3.8625433869137598 1.0207567090152643
62538.3061 lsst_hardware_i 0.41305690838898895 30.469999313354492 31.25 AB 3.319919819715666 1.0304709613457488
62540.285 lsst_hardware_z -65.95808272175303 40.81999969482422 30.940000534057617 AB 7.563120734878324 1.0214911851537445
62540.304 lsst_hardware_r -0.24221428722869684 22.799999237060547 31.489999771118164 AB 8.437799711685035 1.0335163472514046
62542.285 lsst_hardware_u -1.4949224801286571 2.7300000190734863 28.459999084472656 AB 3.578739811006369 1.0236669939949568
62542.3053 lsst_hardware_g -25.200198873631443 14.199999809265137 31.420000076293945 AB 3.0738904532335942 1.0408794356003006
62545.2533 lsst_hardware_r 15.578575050179449 22.709999084472656 31.489999771118164 AB 5.418574219182716 1.0214891309432501
