data/validation/pwv_sim_epoch_fit_epoch/44995028.ecsv
# %ECSV 0.9
# ---
# datatype:
# - {name: time, datatype: float64}
# - {name: band, datatype: string}
# - {name: flux, datatype: float64}
# - {name: fluxerr, datatype: float64}
# - {name: zp, datatype: float64}
# - {name: zpsys, datatype: string}
# - {name: pwv, datatype: float64}
# - {name: airmass, datatype: float64}
# meta: {SNID: '44995028', alt: 1024.0, c: 0.11192288994789124, dec: -11.567418, lat: -30.244573, lon: -70.7499537, ra: 214.453125, t0: 60506.4609375,
#   x0: 1.1446607725103194e-05, x1: -0.5834469795227051, z: 0.4350391924381256}
# schema: astropy-2.0
time band flux fluxerr zp zpsys pwv airmass
[from data line 132]
60796.1877 lsst_hardware_z 34.51056307519428 42.099998474121094 30.950000762939453 AB 10.191173546713765 1.0551234421342064
60796.2056 lsst_hardware_r -42.72393841397523 24.899999618530273 31.520000457763672 AB 10.193684437659764 1.0637350602366813
60799.1768 lsst_hardware_y -54.60508948643463 47.36000061035156 30.040000915527344 AB 9.696471016880276 1.054871965935935
60799.1947 lsst_hardware_g -12.894621063930815 15.880000114440918 31.469999313354492 AB 9.85225892951231 1.0616467659897244
60805.1775 lsst_hardware_z -19.135399896694924 90.20999908447266 31.0 AB 6.582892571956153 1.0610723036679808
60805.1949 lsst_hardware_r -12.022623488080638 133.11000061035156 31.649999618530273 AB 6.737497209853014 1.0789778268061556
60807.1299 lsst_hardware_z 53.986891082544346 109.48999786376953 31.0 AB 13.884626527698995 1.0656368495160522
60807.1502 lsst_hardware_i -115.87370870735408 133.3800048828125 31.350000381469727 AB 13.760810907888722 1.0550948577039319
60809.1285 lsst_hardware_z -116.40110573325077 77.19999694824219 30.989999771118164 AB 6.633503833242154 1.0622670812280592
60809.1484 lsst_hardware_r 99.56861535544597 114.06999969482422 31.65999984741211 AB 6.63394273318531 1.0548485821569553
60811.1352 lsst_hardware_y -31.382692362015796 72.55999755859375 30.799999237060547 AB 7.095786026607337 1.0559598238933499
60816.1143 lsst_hardware_z 30.247515566464635 42.15999984741211 30.950000762939453 AB 7.559790853117621 1.059041445685401
60816.135 lsst_hardware_r -17.819165653405665 24.469999313354492 31.520000457763672 AB 7.495910616488318 1.0554647446477496
60822.1176 lsst_hardware_u -0.8156111969433061 2.819999933242798 28.479999542236328 AB 6.465263469742739 1.0552660723193075
60822.1382 lsst_hardware_r 2.81171396117921 24.5 31.520000457763672 AB 5.711702801865358 1.0669432382064803
60825.0865 lsst_hardware_g -4.3918056489317046 15.329999923706055 31.459999084472656 AB 12.851589143773621 1.0610552115675809
60825.1064 lsst_hardware_i -15.866266355288614 31.700000762939453 31.260000228881836 AB 12.727412780151136 1.054903670132732
60827.0933 lsst_hardware_z -79.41917591382152 59.54999923706055 31.700000762939453 AB 7.883208270544038 1.055504097636054
60827.113 lsst_hardware_r -42.026557996412606 34.33000183105469 32.27000045776367 AB 7.880881678318461 1.0584047378886516
60843.0649 lsst_hardware_i 5.139483679829199 31.790000915527344 31.260000228881836 AB 6.342374464848951 1.0564901453127808
60843.0953 lsst_hardware_z 26.53392298590884 42.66999816894531 30.950000762939453 AB 5.891536620361502 1.0850807987773985
60845.045 lsst_hardware_r 13.490990622911475 34.61000061035156 32.279998779296875 AB 4.107346250947406 1.0553304858549346
60845.0688 lsst_hardware_u -1.3458354037116975 4.0 29.229999542236328 AB 4.082277690511489 1.0614346569191784
60848.0329 lsst_hardware_g -7.6601205008567375 15.4399995803833 31.459999084472656 AB 3.2576343911875076 1.0563587713951816
60848.0541 lsst_hardware_i -23.49607385449016 31.670000076293945 31.260000228881836 AB 3.1556601976685625 1.057645022121069
60850.0274 lsst_hardware_z -3.1020717377632607 41.900001525878906 30.950000762939453 AB 4.259556134879069 1.0563720341940774
60850.0474 lsst_hardware_r 5.698022219959011 24.329999923706055 31.510000228881836 AB 3.594160735733071 1.057106098745021
60858.9937 lsst_hardware_g 7.763035720428876 42.34000015258789 31.690000534057617 AB 7.745528236031671 1.061031265209818
60859.0119 lsst_hardware_r -9.509390934050698 46.790000915527344 31.6200008392334 AB 7.028116720443681 1.0548504183174772
60861.995 lsst_hardware_i 35.64984656242089 76.37999725341797 31.329999923706055 AB 6.868451257642146 1.056251474929573
60862.0135 lsst_hardware_z 53.77894089186901 70.0199966430664 30.989999771118164 AB 6.047995590557395 1.056664537398648
60863.9677 lsst_hardware_y -9.00542035221253 56.18000030517578 30.049999237060547 AB 1.5106468688329415 1.072458287049358
60863.9859 lsst_hardware_r -102.80272125538733 85.69000244140625 31.649999618530273 AB 1.5042858930843974 1.0576803607553824
60870.9604 lsst_hardware_y -22.576020213436692 60.4900016784668 30.049999237060547 AB 6.768386862777893 1.0614025032452723
60870.9785 lsst_hardware_u -1.8843388865578572 3.049999952316284 28.540000915527344 AB 6.808928742952146 1.0548574055026692
60875.9615 lsst_hardware_z -32.614841859014206 55.209999084472656 30.969999313354492 AB 3.295289841093489 1.0551399016226672
60875.98 lsst_hardware_r 6.46186837263235 25.6200008392334 31.520000457763672 AB 3.1789677923355395 1.0588323944717017
60877.9623 lsst_hardware_y 43.73184633795366 61.97999954223633 30.059999465942383 AB 5.709058794856341 1.0549538887939034
60877.981 lsst_hardware_z -1.4760809518058144 42.95000076293945 30.950000762939453 AB 5.657846332229291 1.0631718757712416
