data/validation/pwv_sim_epoch_fit_epoch/45025329.ecsv
# %ECSV 0.9
# ---
# datatype:
# - {name: time, datatype: float64}
# - {name: band, datatype: string}
# - {name: flux, datatype: float64}
# - {name: fluxerr, datatype: float64}
# - {name: zp, datatype: float64}
# - {name: zpsys, datatype: string}
# - {name: pwv, datatype: float64}
# - {name: airmass, datatype: float64}
# meta: {SNID: '45025329', alt: 1024.0, c: 0.008476114831864834, dec: -42.609806, lat: -30.244573, lon: -70.7499537, ra: 15.892857, t0: 62799.625,
#   x0: 8.718255597433088e-06, x1: 0.026866720989346504, z: 0.487417072057724}
# schema: astropy-2.0
time band flux fluxerr zp zpsys pwv airmass
[from data line 132]
63157.2485 lsst_hardware_r 30.82958113053005 22.350000381469727 31.479999542236328 AB 5.612263998156043 1.1140970715941372
63159.2749 lsst_hardware_z 22.09187770566118 43.43000030517578 30.93000030517578 AB 1.5207916475814554 1.2124302266133062
63159.2855 lsst_hardware_i -11.601160362941126 31.899999618530273 31.209999084472656 AB 1.6040999377842964 1.256147171327186
63161.238 lsst_hardware_r -3.2265789748860128 22.290000915527344 31.479999542236328 AB 2.71392333683662 1.1151200151357452
63161.2487 lsst_hardware_u 3.466229636198291 2.5899999141693115 28.34000015258789 AB 2.853245593246562 1.1433944604761646
63163.2338 lsst_hardware_g -7.271673083097166 21.809999465942383 31.549999237060547 AB 1.654961226023384 1.1182170446118018
63163.245 lsst_hardware_r 9.168771652639817 25.020000457763672 31.489999771118164 AB 1.5206091960172077 1.148496371615821
63165.0971 lsst_hardware_z 46.764143465558575 104.51000213623047 32.47999954223633 AB 2.414447765384438 1.0559963984623664
63166.221 lsst_hardware_z -22.724562406420088 56.959999084472656 30.969999313354492 AB 3.4361658329401594 1.1071905374384274
63166.2317 lsst_hardware_r 7.725661046858643 70.69000244140625 31.6200008392334 AB 3.662425680059143 1.1340534695956475
63168.2234 lsst_hardware_z 32.500892624117675 67.16999816894531 30.979999542236328 AB 3.6672887492211563 1.1264901702414856
63168.2336 lsst_hardware_r 7.488527041335345 96.56999969482422 31.6299991607666 AB 3.8081706266701874 1.1552163284301376
63170.2214 lsst_hardware_i -108.69768085337633 69.23999786376953 31.309999465942383 AB 4.347669307853047 1.1357547826157692
63170.232 lsst_hardware_z 36.92219007709563 63.2400016784668 30.969999313354492 AB 4.461635798435617 1.167254503820254
63172.2252 lsst_hardware_r -7.55961279378828 60.970001220703125 31.610000610351562 AB 5.147167608296052 1.1630045999652154
63172.2363 lsst_hardware_z -37.098075539034625 52.66999816894531 30.950000762939453 AB 5.302653612270193 1.2007820679957144
63181.1729 lsst_hardware_r 13.315941268874354 22.229999542236328 31.479999542236328 AB 0.820373105962007 1.0916475129234957
63181.1833 lsst_hardware_u -0.45991736971138114 2.5799999237060547 28.34000015258789 AB 0.7968779080508983 1.1149043834220334
63183.1698 lsst_hardware_g 3.8674087928158936 13.260000228881836 31.3799991607666 AB 4.619363658401397 1.0965848447243671
63183.1815 lsst_hardware_r -28.648530551550397 22.43000030517578 31.469999313354492 AB 4.771326815203611 1.1240536698754013
63186.1575 lsst_hardware_r -32.49542812756283 22.06999969482422 31.479999542236328 AB 6.318357248356241 1.0881212253196741
63186.1686 lsst_hardware_i 41.52807673162282 30.6299991607666 31.239999771118164 AB 6.123484786650603 1.1123833213207672
63187.1583 lsst_hardware_z -50.8863797713072 41.630001068115234 30.940000534057617 AB 2.973627579970123 1.0953596389981115
63187.1699 lsst_hardware_r -47.66248812086054 22.219999313354492 31.469999313354492 AB 2.705450155894979 1.1223217710344406
63189.0706 lsst_hardware_i -20.00236272356428 30.229999542236328 31.25 AB 4.840057858201222 1.0244773481455323
63189.0839 lsst_hardware_u -1.5556960679880347 2.890000104904175 28.530000686645508 AB 4.518512990818814 1.0232139924860726
63193.0753 lsst_hardware_i -7.781955389644748 43.34000015258789 31.309999465942383 AB 6.9864972620072 1.0234751528301913
63193.0885 lsst_hardware_r -39.180178227218235 46.939998626708984 31.6299991607666 AB 7.054528190512431 1.0276827431731534
63197.0592 lsst_hardware_z 9.08423299109319 57.52000045776367 30.979999542236328 AB 3.683812662739807 1.0230918337549242
63197.0704 lsst_hardware_r 4.079072926221025 78.68000030517578 31.65999984741211 AB 3.7255567751881014 1.0248184784123946
63199.1055 lsst_hardware_i 27.51217095050581 63.599998474121094 31.31999969482422 AB 5.3066224259550845 1.0598230691763504
63199.1166 lsst_hardware_z -22.09818389637723 58.4900016784668 30.979999542236328 AB 5.398187002038254 1.0778768681896078
63201.1079 lsst_hardware_i 10.412206338611163 52.650001525878906 31.309999465942383 AB 9.52525073866805 1.0722005221471267
63201.1205 lsst_hardware_z -24.75334152782723 52.75 30.969999313354492 AB 9.749772295478719 1.096270415428195
63206.1104 lsst_hardware_i -7.524943170237522 30.889999389648438 31.25 AB 5.778999129377521 1.1040563833746775
63206.1219 lsst_hardware_r -32.36495963474995 22.760000228881836 31.479999542236328 AB 5.901057038161668 1.1324955933012864
63208.0689 lsst_hardware_u -1.3608334857907392 2.5999999046325684 28.389999389648438 AB 3.1984449347214814 1.044560723292238
63208.0822 lsst_hardware_g -10.445675622087096 13.300000190734863 31.389999389648438 AB 3.0969814831045 1.0617008855346246
