data/validation/pwv_sim_epoch_fit_epoch/45078961.ecsv
# %ECSV 0.9
# ---
# datatype:
# - {name: time, datatype: float64}
# - {name: band, datatype: string}
# - {name: flux, datatype: float64}
# - {name: fluxerr, datatype: float64}
# - {name: zp, datatype: float64}
# - {name: zpsys, datatype: string}
# - {name: pwv, datatype: float64}
# - {name: airmass, datatype: float64}
# meta: {SNID: '45078961', alt: 1024.0, c: -0.037250373512506485, dec: -50.480045, lat: -30.244573, lon: -70.7499537, ra: 83.844337, t0: 62078.16015625,
#   x0: 1.2746451371279701e-05, x1: -0.059884436428546906, z: 0.41551473736763}
# schema: astropy-2.0
time band flux fluxerr zp zpsys pwv airmass
62057.3816 lsst_hardware_r 393.9443522775465 39.017262921947264 31.579999923706055 AB 6.269521449306532 1.0680615756910616
62070.3618 lsst_hardware_u 13.898405543734755 6.310919298767775 28.739999771118164 AB 3.302967844405546 1.0766451386121192
62075.353 lsst_hardware_g 2329.13430942372 52.1421630485873 31.549999237060547 AB 5.504373659736985 1.0805778774820483
62075.3658 lsst_hardware_r 4683.686290603764 75.10078387466446 31.559999465942383 AB 5.574142752977124 1.0939522943122764
62077.3458 lsst_hardware_i 3439.7603242504724 82.99743168465355 31.31999969482422 AB 5.282276439786891 1.0790983687278282
62077.3582 lsst_hardware_z 2340.840909645349 74.78683103343504 30.979999542236328 AB 5.331893712263025 1.091408374507965
62079.354 lsst_hardware_r 5180.064409471158 99.96602891907247 31.639999389648438 AB 4.730405402019126 1.0928930462885926
62079.3639 lsst_hardware_z 2274.6246705616604 84.84272045565483 30.989999771118164 AB 4.748821895570684 1.106092056421743
62081.35 lsst_hardware_r 4955.089276152236 88.6354065944212 31.6299991607666 AB 5.582806543221311 1.0946679496512375
62081.3612 lsst_hardware_i 3351.707360321834 81.36063094899212 31.309999465942383 AB 5.5564550031008855 1.1102732501408814
62083.3471 lsst_hardware_z 2240.8552581321023 65.31421562008936 30.959999084472656 AB 8.818601806187434 1.0979221006820812
62083.3584 lsst_hardware_i 3196.25423219748 73.38009529566625 31.299999237060547 AB 8.909154261719877 1.1145149975567539
62086.335 lsst_hardware_r 3685.045183954409 65.35801809189503 31.510000228881836 AB 4.039835564220305 1.0930291028734591
62086.3462 lsst_hardware_z 2150.57577102659 62.438649535675644 30.950000762939453 AB 3.969033658711969 1.1082042883460228
62088.3447 lsst_hardware_r 3248.311474070403 61.34947064730828 31.479999542236328 AB 6.5530737874014235 1.1144367428475297
62088.3555 lsst_hardware_i 2753.7080852929093 65.03447573614878 31.270000457763672 AB 6.63346827810039 1.1338454431622347
62090.254 lsst_hardware_r 2928.487583856351 57.97511733598173 31.469999313354492 AB 6.307390800893111 1.072514509955787
62090.2673 lsst_hardware_i 2467.2174702841203 58.01699879989264 31.239999771118164 AB 6.254473660566415 1.0669294258594648
62091.34 lsst_hardware_r 2666.0217565997327 56.438380399428816 31.459999084472656 AB 3.5839004671808925 1.120318995680179
62091.3516 lsst_hardware_g 822.2377776594107 35.64471730226826 31.510000228881836 AB 3.6480653756623798 1.1425793315223822
62095.1693 lsst_hardware_u 2.966298957484487 3.050150182162202 28.280000686645508 AB 3.6995611673662285 1.1852819118516111
62095.1818 lsst_hardware_g 523.3216578107455 26.55641294081766 31.34000015258789 AB 3.601943582777598 1.1540067545945358
62096.3181 lsst_hardware_r 1865.6383322149507 49.15545399155739 31.459999084472656 AB 4.981545909492714 1.1070102021094919
62096.33 lsst_hardware_u -0.5436644710965347 2.9862127471918853 28.31999969482422 AB 5.070918392565403 1.1268707539034228
62098.3213 lsst_hardware_g 389.94852790516273 23.95420323790271 31.360000610351562 AB 10.448098620001677 1.1210406244636992
62098.3334 lsst_hardware_r 1671.7861613095386 46.63424846845384 31.469999313354492 AB 9.56529192565045 1.1445159348669116
62100.3295 lsst_hardware_i 1743.148731581732 50.2064985894681 31.219999313354492 AB 5.978209428603586 1.1478896752311032
62100.3415 lsst_hardware_z 1318.5638336632437 55.93341613802377 30.93000030517578 AB 6.000832723390799 1.1766338673315293
62107.3147 lsst_hardware_z 947.7691352563346 68.2223217669867 30.969999313354492 AB 7.114771936412033 1.1576417894211843
62107.3273 lsst_hardware_i 1229.0535540967073 74.82973561712718 31.299999237060547 AB 7.304342906962886 1.1899092471198558
62110.2886 lsst_hardware_z 1029.198596946811 60.10454979378753 30.959999084472656 AB 5.923456441602482 1.1211589479373785
62110.3002 lsst_hardware_r 966.9916498213319 65.71545637508648 31.610000610351562 AB 5.003508746207379 1.143593793773552
62112.2958 lsst_hardware_y 608.1512899393231 74.47975386487076 30.770000457763672 AB 6.31351438492424 1.1458630421230358
62114.2155 lsst_hardware_g 184.47972267880294 22.43106574818682 31.549999237060547 AB 9.93796170447498 1.0658093559297757
62114.2276 lsst_hardware_r 593.7922352297896 36.89356183457615 31.549999237060547 AB 10.020029679618489 1.0686891723142584
62116.2193 lsst_hardware_i 1993.721685520564 60.51758685862611 31.989999771118164 AB 13.396534852292396 1.0676869315820117
62116.2327 lsst_hardware_z 1694.1004367864134 70.41551482948309 31.690000534057617 AB 13.453107620724492 1.0742076151891
62120.2183 lsst_hardware_g 89.795081555014 16.20859213247973 31.3700008392334 AB 11.13164392583274 1.0720809166643561
62120.2301 lsst_hardware_i 853.5395355296974 41.19112465423862 31.239999771118164 AB 11.227329619697837 1.0805709059613575
62122.2006 lsst_hardware_r 415.7969416617316 29.53579006654186 31.489999771118164 AB 3.5739884978968326 1.0670214951177288
62122.2129 lsst_hardware_z 696.9039750757096 48.5291601079446 30.950000762939453 AB 5.109708972614693 1.0721168637462637
62124.1995 lsst_hardware_r 351.6505089833633 29.076243630244686 31.489999771118164 AB 4.122577834526961 1.068394393882447
62124.2132 lsst_hardware_u 2.279372209773951 3.7588353836229893 28.5 AB 5.336080600086151 1.075822701630205
62126.1973 lsst_hardware_g 73.5137628880057 16.012631008099174 31.389999389648438 AB 4.045193824343563 1.0697325993239621
62126.2117 lsst_hardware_r 394.14377519226156 28.70351385571511 31.489999771118164 AB 5.1228213022773454 1.0788672451268542
62128.1887 lsst_hardware_i 691.6306878372478 38.39834038812893 31.239999771118164 AB 6.98823351709881 1.0684419356732417
62128.2018 lsst_hardware_z 507.7057487627155 46.83569609340252 30.940000534057617 AB 6.999167445285531 1.0754851058763943
62129.194 lsst_hardware_r 308.9984456103325 27.96796568438029 31.479999542236328 AB 7.206277292562492 1.0722430223654342
62129.2069 lsst_hardware_z 477.1672784616988 46.97761899524426 30.950000762939453 AB 7.185318280100382 1.081800403508037
62131.1946 lsst_hardware_z 980.6065692817036 70.07841904377014 31.709999084472656 AB 5.946175846641941 1.0761984579605939
62131.2064 lsst_hardware_i 592.3343331953369 43.21661377133365 31.280000686645508 AB 6.03518903198314 1.086638284476578
62133.1964 lsst_hardware_z 417.0959628801237 53.74820668166497 30.959999084472656 AB 7.666227344292884 1.082189066105715
62133.2085 lsst_hardware_r 322.07157860414657 56.91197228660082 31.6299991607666 AB 7.848303773468375 1.095290457535186
62135.2019 lsst_hardware_y 305.4951081878634 75.25938455042562 30.790000915527344 AB 7.201066441716856 1.0938882639703564
62137.1357 lsst_hardware_z 906.2583904223914 87.5719079698313 31.729999542236328 AB 7.437568886936059 1.067922683391829
62139.1828 lsst_hardware_i 868.1123702701773 78.4122785917341 32.060001373291016 AB 4.094338560479466 1.0848564270739824
62139.196 lsst_hardware_z 759.8716913802813 78.35748112115019 31.709999084472656 AB 4.168682929867887 1.1003518357840536
62141.1832 lsst_hardware_r 285.1201427848929 47.31904375432645 31.610000610351562 AB 12.428893253064654 1.091147130960842
62141.195 lsst_hardware_z 268.6529624535546 50.60316625352567 30.959999084472656 AB 12.414129359122766 1.106691669956265
62145.1565 lsst_hardware_z 329.2938175713981 45.208048338945964 30.950000762939453 AB 6.8883225974110465 1.076300405845476
62145.1709 lsst_hardware_r 201.3485799161603 26.671396699761747 31.479999542236328 AB 8.19505890640439 1.0895873566766685
62147.1019 lsst_hardware_i 345.83874004317335 35.4426120763109 31.239999771118164 AB 6.17327074708447 1.0706331507257145
62147.1155 lsst_hardware_r 299.9675925720839 26.2965210510566 31.469999313354492 AB 6.144920678716249 1.0661786551082242
62149.102 lsst_hardware_u -4.705817843901067 2.630000114440918 28.440000534057617 AB 3.502446508335318 1.0682533067309665
62149.1166 lsst_hardware_g 6.99534288650103 12.670000076293945 31.3799991607666 AB 3.2297150334810447 1.0656780796791834
62151.1009 lsst_hardware_r -12.538062307893963 21.450000762939453 31.479999542236328 AB 5.784447001280166 1.066929464261086
62151.1136 lsst_hardware_i 3.0226180764656196 29.809999465942383 31.25 AB 5.757357694935226 1.0657661756918273
62153.1013 lsst_hardware_z -18.929754985832567 40.849998474121094 30.940000534057617 AB 2.1722963309915686 1.0658961388574717
62153.115 lsst_hardware_r 6.0678242870877535 21.420000076293945 31.479999542236328 AB 2.2338867601946615 1.066803610408128
62155.1043 lsst_hardware_u -3.2262883163637084 3.7200000286102295 29.190000534057617 AB 4.1413176931539954 1.0659076489682762
62155.1168 lsst_hardware_g -0.3478665369848188 17.959999084472656 32.130001068115234 AB 4.154027829281661 1.0691790307655007
62157.1027 lsst_hardware_r -4.902091180055472 22.719999313354492 31.489999771118164 AB 13.505136230699593 1.066503690334012
62157.1161 lsst_hardware_z -66.04722606666327 41.130001068115234 30.940000534057617 AB 13.601417308814362 1.071455818250744
62159.0904 lsst_hardware_r -52.82146518039461 30.440000534057617 31.559999465942383 AB 8.878200093658945 1.0657037223557801
62159.1055 lsst_hardware_y 40.357262411222756 47.709999084472656 30.040000915527344 AB 9.064888645390093 1.0690252444074464
62161.0941 lsst_hardware_z 26.619592833221283 64.61000061035156 31.709999084472656 AB 8.555012259321474 1.0670423772150168
62161.1084 lsst_hardware_r 42.80275385257981 59.95000076293945 32.36000061035156 AB 8.443038259994996 1.0733244252337415
62164.0917 lsst_hardware_i 4.570178126470492 54.91999816894531 31.31999969482422 AB 13.126394677584448 1.068968172774498
62164.1042 lsst_hardware_z 48.80239838936463 53.4900016784668 30.979999542236328 AB 13.212817968925943 1.07600618664652
62166.0716 lsst_hardware_z 69.9611050010154 58.040000915527344 30.979999542236328 AB 11.8030079921967 1.0657183180566163
62166.0839 lsst_hardware_r -81.80771999279625 80.41000366210938 31.649999618530273 AB 13.34259109299448 1.0680908655935382
62168.0713 lsst_hardware_z -54.583631049174805 51.68000030517578 30.979999542236328 AB 8.647339943070476 1.066256466469849
62168.0843 lsst_hardware_g 15.613138040896665 69.72000122070312 31.719999313354492 AB 8.168487789372664 1.0705516859884228
62170.0744 lsst_hardware_r 10.39042014513361 30.5 32.2400016784668 AB 8.273179932864025 1.0686101695768568
62170.0874 lsst_hardware_z -33.531963377508205 63.27000045776367 31.709999084472656 AB 7.840402192131815 1.0757100294476745
62172.0715 lsst_hardware_r 49.17005678961494 30.549999237060547 32.2400016784668 AB 6.40866903989944 1.0696714441726585
62172.0841 lsst_hardware_u -1.9496047836495298 3.8499999046325684 29.260000228881836 AB 6.664601125332817 1.0773103818092813
62174.0715 lsst_hardware_g 17.136726392904333 12.779999732971191 31.389999389648438 AB 6.619652408763293 1.0724861126434109
62174.0851 lsst_hardware_r 21.950021078581905 21.65999984741211 31.479999542236328 AB 5.97571866513163 1.0828192797411749
62176.0636 lsst_hardware_i -6.8171883577964625 30.030000686645508 31.239999771118164 AB 6.51831633901555 1.071137227910806
62176.0774 lsst_hardware_z 28.83855711427759 41.45000076293945 30.940000534057617 AB 6.511476172698043 1.0807877791938325
62178.062 lsst_hardware_r 5.910470068435 21.520000457763672 31.479999542236328 AB 1.0976741658219016 1.0733450122117683
62178.0737 lsst_hardware_u -2.90203411778606 2.640000104904175 28.440000534057617 AB 1.10303185302866 1.082376501459148
62180.0637 lsst_hardware_g -9.769887211842816 12.720000267028809 31.3700008392334 AB 2.674468177978674 1.0784508261616348
62180.0744 lsst_hardware_i 41.67089651576535 30.09000015258789 31.239999771118164 AB 2.7163747965641862 1.0885819382437294
62182.0587 lsst_hardware_z 8.444903595916852 41.060001373291016 30.940000534057617 AB 1.855310753533446 1.0788258488346911
62182.0701 lsst_hardware_r 37.87215516219569 21.610000610351562 31.479999542236328 AB 1.8738440500716531 1.0898666440897555
62184.057 lsst_hardware_u -1.4261071786432504 2.4600000381469727 28.280000686645508 AB 1.3594625668436195 1.0820874769251414
62184.0692 lsst_hardware_g 13.355977745706841 12.670000076293945 31.350000381469727 AB 1.4003005080819428 1.0952682894657353
62413.3756 lsst_hardware_r 4.503663655285942 22.399999618530273 31.479999542236328 AB 2.0581641408909257 1.069315049170503
62413.3891 lsst_hardware_y 35.61767385043057 66.33000183105469 30.049999237060547 AB 2.032651416668985 1.0657964257636905
62422.3427 lsst_hardware_g 8.078991223768863 12.699999809265137 31.3700008392334 AB 5.887315741629073 1.073772515724061
62422.3549 lsst_hardware_y 68.84981936119556 47.27000045776367 30.030000686645508 AB 5.851606360828914 1.0678438567162065
62427.3745 lsst_hardware_r -24.94976095130596 28.270000457763672 31.540000915527344 AB 6.972812245402631 1.0705443570220683
62433.3736 lsst_hardware_z 15.762856873262308 78.72000122070312 30.989999771118164 AB 3.886714461959773 1.0812948843955412
62435.3714 lsst_hardware_i -7.869593249248366 60.34000015258789 31.31999969482422 AB 2.572090268393234 1.0843550878554478
62440.358 lsst_hardware_r 42.16567684734318 27.93000030517578 31.540000915527344 AB 5.1643406347834295 1.0846037246209717
62440.3687 lsst_hardware_i -35.437500744437244 49.68000030517578 31.299999237060547 AB 5.12996189731433 1.0967315654331693
62442.3585 lsst_hardware_i 74.82881851161632 33.43000030517578 31.260000228881836 AB 2.8239858987394246 1.0909738840020955
62451.3552 lsst_hardware_r -0.9261852955181051 26.110000610351562 31.5 AB 2.7757230642116246 1.121844221162625
62456.2379 lsst_hardware_z -8.215651073453733 45.79999923706055 30.959999084472656 AB 8.127071508006713 1.0833206488945233
62456.2522 lsst_hardware_g 46.09953636786157 33.47999954223633 31.65999984741211 AB 6.393328716970033 1.0723687962209931
62458.314 lsst_hardware_i -106.83508287231118 42.22999954223633 31.280000686645508 AB 4.977358020924591 1.0900517620742745
62458.3257 lsst_hardware_r -8.493481823808885 21.690000534057617 31.459999084472656 AB 5.0541775389008965 1.1051408612757063
62460.3203 lsst_hardware_z -48.79130719092639 80.9000015258789 31.719999313354492 AB 5.301051961637653 1.1052300983329597
62461.3114 lsst_hardware_r 52.97892758675496 79.58000183105469 31.639999389648438 AB 4.516561890627654 1.0967853061262736
62461.3248 lsst_hardware_i -51.661111891145474 63.619998931884766 31.309999465942383 AB 4.618526414641183 1.116530016835775
62465.1613 lsst_hardware_z -55.097965278224954 50.97999954223633 30.950000762939453 AB 9.014730795569236 1.1721650653045832
62465.1767 lsst_hardware_i 22.319559196890026 48.349998474121094 31.290000915527344 AB 6.766111129924556 1.137097831481355
62466.3172 lsst_hardware_r 14.182062104724146 47.95000076293945 31.600000381469727 AB 5.958361812471379 1.1271967106454495
62466.3293 lsst_hardware_z -20.84118072215952 48.560001373291016 30.950000762939453 AB 6.037645347693996 1.152002546783819
62475.2628 lsst_hardware_g 7.426495269471323 12.539999961853027 31.34000015258789 AB 3.4434511091379636 1.0849786874006975
62475.2755 lsst_hardware_r -1.2934373874494565 21.549999237060547 31.459999084472656 AB 3.5120899464305078 1.0998481003462013
62479.217 lsst_hardware_z 21.987448394174443 41.189998626708984 30.940000534057617 AB 5.918896101648929 1.0658916084369068
62479.2293 lsst_hardware_i 19.0001530509583 29.959999084472656 31.239999771118164 AB 5.839702200322741 1.0691019635356749
62481.2146 lsst_hardware_u -0.6055630489072003 2.5399999618530273 28.3700008392334 AB 10.156350050672193 1.0663394457107893
62481.2276 lsst_hardware_g 3.7906826939260085 12.609999656677246 31.3700008392334 AB 10.213681271230941 1.0708409804184253
62483.2165 lsst_hardware_r -10.67966496809525 21.520000457763672 31.479999542236328 AB 11.595817051329664 1.0683696465580712
62483.23 lsst_hardware_i -38.85101843419775 29.969999313354492 31.25 AB 11.617927770459419 1.0756344570372576
62485.222 lsst_hardware_z 106.53835418133089 62.18000030517578 31.700000762939453 AB 8.668343777075393 1.0739151068450414
62487.1998 lsst_hardware_r -24.86619295084284 54.279998779296875 31.6299991607666 AB 9.06043727730864 1.0666658228951602
