data/validation/pwv_sim_epoch_fit_epoch/4509669.ecsv
# %ECSV 0.9
# ---
# datatype:
# - {name: time, datatype: float64}
# - {name: band, datatype: string}
# - {name: flux, datatype: float64}
# - {name: fluxerr, datatype: float64}
# - {name: zp, datatype: float64}
# - {name: zpsys, datatype: string}
# - {name: pwv, datatype: float64}
# - {name: airmass, datatype: float64}
# meta: {SNID: '4509669', alt: 1024.0, c: -0.0312558114528656, dec: -11.567418, lat: -30.244573, lon: -70.7499537, ra: 87.1875, t0: 61039.4453125,
#   x0: 6.753467865635132e-06, x1: 0.4031263291835785, z: 0.5417767763137817}
# schema: astropy-2.0
time band flux fluxerr zp zpsys pwv airmass
60956.3646 lsst_hardware_i -56.1818874109199 64.83000183105469 31.31999969482422 AB 4.707731615491799 1.0694528885713115
60956.3837 lsst_hardware_y 144.6705991240621 66.12999725341797 30.059999465942383 AB 4.228656980538622 1.056833984514358
60962.3613 lsst_hardware_z 68.88274383600545 43.61000061035156 30.950000762939453 AB 5.7202181302991475 1.0592996537591013
60962.3793 lsst_hardware_y 13.044903657735924 63.709999084472656 30.059999465942383 AB 6.167966599253732 1.0559778461314384
60964.362 lsst_hardware_u -3.283944628493605 3.190000057220459 28.59000015258789 AB 7.738532389507112 1.0567915681228146
60966.3609 lsst_hardware_r 43.33095421805859 22.780000686645508 31.5 AB 6.875101796105052 1.055880483179889
60971.297 lsst_hardware_g 51.96132022703399 23.40999984741211 32.58000183105469 AB 3.5246067514281654 1.1118633285262352
60971.3111 lsst_hardware_z -29.439532749565704 41.43000030517578 30.950000762939453 AB 3.3743509341850464 1.0856111748362292
60973.3568 lsst_hardware_i -7.8712444381217805 30.780000686645508 31.260000228881836 AB 3.8819863752866715 1.0581944596665316
60975.3478 lsst_hardware_r -10.962852550880205 22.389999389648438 31.489999771118164 AB 3.2194482812861347 1.0568851391211254
60975.3652 lsst_hardware_y -59.11898073477068 53.97999954223633 30.040000915527344 AB 3.2908225499555708 1.0679287846682946
60977.3452 lsst_hardware_g 5.054711021802999 13.649999618530273 31.420000076293945 AB 3.736170123149056 1.0579056507264906
60977.3638 lsst_hardware_y -41.44879740533549 54.52000045776367 30.049999237060547 AB 3.7970295123381033 1.0722033638002928
60990.2923 lsst_hardware_i 44.06399642829399 39.279998779296875 31.280000686645508 AB 2.067458749122209 1.0564428968433457
60990.3111 lsst_hardware_r 22.988269354692186 39.5099983215332 31.600000381469727 AB 2.1111996588372985 1.0585107339370858
60992.3038 lsst_hardware_u -1.7035192132153145 3.7699999809265137 28.670000076293945 AB 4.261559660905684 1.0577214348239474
60992.3215 lsst_hardware_g -36.3908470532915 20.270000457763672 31.540000915527344 AB 4.3414496491333665 1.0707071087324826
60994.3029 lsst_hardware_r 16.435564344751597 22.59000015258789 31.5 AB 5.578669482501446 1.059911871279482
60994.3208 lsst_hardware_i 0.45658204003900726 30.649999618530273 31.25 AB 5.6179574931965 1.0763057972788492
60996.2959 lsst_hardware_i 18.883087634410956 30.610000610351562 31.25 AB 3.9569991543150698 1.0590830791074124
60996.316 lsst_hardware_z -13.15097071132939 41.90999984741211 30.940000534057617 AB 4.057103552341806 1.0771547995066524
60998.2948 lsst_hardware_i 55.14506649539125 30.40999984741211 31.239999771118164 AB 6.6221198656471385 1.0616625035105633
60998.3149 lsst_hardware_u -7.319954628315772 2.5899999141693115 28.350000381469727 AB 6.789350367725406 1.0832197148459564
61007.1882 lsst_hardware_g -14.494114188397955 27.950000762939453 32.27000045776367 AB 3.7463682090002104 1.1375611970648412
61007.2096 lsst_hardware_r -18.820270188051623 25.59000015258789 31.510000228881836 AB 4.274309742133005 1.0908025372291255
61010.2541 lsst_hardware_i 37.00143511429939 40.040535987402926 31.290000915527344 AB 8.205334617099396 1.0575020449489778
61010.2736 lsst_hardware_z -25.71150708557762 45.30524780307582 30.959999084472656 AB 8.347446303630361 1.0720752998722571
61012.2547 lsst_hardware_i -3.5014547588457874 64.3315853240256 31.31999969482422 AB 6.603622430427632 1.060457834663763
61012.273 lsst_hardware_z -0.8201216287199437 59.64335282686248 30.979999542236328 AB 6.712165637264488 1.0780474825899737
61014.2559 lsst_hardware_z 40.84239274910223 73.47562090783407 30.989999771118164 AB 3.3857069401215676 1.065329818324955
61014.2753 lsst_hardware_r -68.5432361004967 108.26911960857328 31.649999618530273 AB 3.458196196690366 1.0896246385790833
61016.2309 lsst_hardware_r 91.74710932408532 81.44690200167459 31.649999618530273 AB 4.480772257758433 1.055831345346212
61016.2499 lsst_hardware_i 109.67717815250131 67.07234376929641 31.31999969482422 AB 4.496770352901387 1.0648704312826427
61019.2422 lsst_hardware_z 586.7949767872193 68.91506661703048 31.709999084472656 AB 9.92207901955077 1.0652865599689467
61023.2169 lsst_hardware_i 766.4324364901387 41.30044008399421 31.25 AB 8.164674760709628 1.056915826629149
61023.2357 lsst_hardware_z 510.16458109757883 47.535977915275026 30.950000762939453 AB 8.309762993577463 1.0694675667410574
61025.2216 lsst_hardware_i 969.1856587523442 43.572051814511674 31.239999771118164 AB 11.028543817733214 1.062007173977719
61025.2393 lsst_hardware_u 4.9432453197783754 3.55083389375219 28.389999389648438 AB 11.224994708529762 1.0804928381154724
61027.1601 lsst_hardware_u 13.900256598470959 3.7447743879361473 28.420000076293945 AB 3.2409910501882333 1.082736431020568
61027.1798 lsst_hardware_g 636.266605909827 28.165656160378187 31.420000076293945 AB 3.549283501105281 1.06170610263388
61029.1567 lsst_hardware_r 1871.875473888689 48.43212184268395 31.479999542236328 AB 3.321997617223206 1.0797976977809869
61029.1751 lsst_hardware_i 1345.2560839240518 48.29415143777214 31.239999771118164 AB 4.0601527445353645 1.0612004036945542
61031.1556 lsst_hardware_z 1177.1272633223878 53.16995109628761 30.940000534057617 AB 3.7847194085975193 1.0741617488510575
61031.1736 lsst_hardware_u 9.512355646568647 3.7119569851928835 28.3700008392334 AB 3.8383525860658674 1.0589289153913735
61035.1556 lsst_hardware_i 1769.7892297461506 51.96293535348773 31.239999771118164 AB 7.369163197801241 1.0634096753563853
61035.1777 lsst_hardware_z 1242.1548451750073 54.52636724167088 30.940000534057617 AB 7.428983478117723 1.0557032084862474
61037.1602 lsst_hardware_i 1964.4661131370424 55.111530593430615 31.270000457763672 AB 6.528897824885561 1.0576111164922675
61037.1806 lsst_hardware_z 1483.492238710658 56.26812831211768 30.950000762939453 AB 6.469273105428861 1.0575747873461798
61039.1601 lsst_hardware_z 1450.776070443192 61.07953427517741 30.969999313354492 AB 8.31634650566485 1.0560887028866641
61039.1799 lsst_hardware_r 2715.764570230068 70.42639540009523 31.6200008392334 AB 9.856310374723302 1.0598183198627205
61041.1623 lsst_hardware_i 2223.3687827646672 78.61389572047896 31.31999969482422 AB 7.354395982520012 1.055784751883846
61041.1833 lsst_hardware_r 2555.6147338820506 93.02214536723477 31.649999618530273 AB 7.462967747081402 1.0663080972299732
61044.142 lsst_hardware_z 3097.3847981616077 110.35249930898075 31.739999771118164 AB 2.6590412050189602 1.0572728449379563
61047.1369 lsst_hardware_g 572.1751664637037 45.481284114842694 31.68000030517578 AB 8.441093089167722 1.0563690667238097
61047.1595 lsst_hardware_r 2132.724471029638 68.13777636184622 31.6200008392334 AB 8.435835786578771 1.0606666957140114
61050.1221 lsst_hardware_i 1609.2413027366188 49.99523659633057 31.25 AB 8.984886392816133 1.0587373618016402
61050.1405 lsst_hardware_z 1323.284803852781 54.00583424638941 30.950000762939453 AB 8.807949189013138 1.05621455249483
61055.1136 lsst_hardware_i 1482.7542280914126 47.65776637487205 31.25 AB 5.708634849261321 1.0567469061494152
61055.132 lsst_hardware_u 3.755891823754377 2.8227234728468065 28.450000762939453 AB 5.841430943199569 1.0577831127904092
61057.0884 lsst_hardware_u 3.468094318171131 2.7650485480612375 28.350000381469727 AB 2.1082055386415712 1.0698835517084857
61057.1066 lsst_hardware_g 207.07214220533714 19.187829612200208 31.389999389648438 AB 2.1726185425887428 1.0572353005297819
61061.0842 lsst_hardware_z 811.2249951872 50.08722806950197 30.950000762939453 AB 13.403564154844956 1.0637186515140697
61061.1039 lsst_hardware_u 4.979302642829522 3.0578100943633686 28.43000030517578 AB 13.289981584200525 1.055654118634865
61063.0845 lsst_hardware_g 92.94253402968064 17.404662440735574 31.399999618530273 AB 8.694178009265158 1.059834783738134
61063.1043 lsst_hardware_r 701.8383062671271 34.65700053951385 31.479999542236328 AB 8.817424081719226 1.0560737888695664
61065.0744 lsst_hardware_i 905.7371981781196 43.038392303631966 31.25 AB 7.205488408157891 1.0628609118139922
61065.0957 lsst_hardware_z 798.9717838456274 49.527826126975505 30.940000534057617 AB 8.380756625239307 1.0556881875931179
61067.0691 lsst_hardware_i 856.2629229207707 48.48736624469733 31.290000915527344 AB 12.115250160688714 1.0627412421656766
61067.0865 lsst_hardware_z 838.3187806866728 52.777934507513116 30.959999084472656 AB 11.992166939259372 1.0557104530130323
61069.07 lsst_hardware_z 796.1923677247789 60.1755208690518 30.969999313354492 AB 13.347020811121254 1.0588391800656802
61069.088 lsst_hardware_r 470.80539525390725 66.53641214819446 31.639999389648438 AB 12.270675772971941 1.0560870791782235
61071.0646 lsst_hardware_i 730.138949801306 75.13684364586156 31.329999923706055 AB 9.607101314670732 1.0588087633956833
61071.0829 lsst_hardware_r 663.01022112608 91.65131971884364 31.649999618530273 AB 9.607848887730112 1.0561557532955952
61072.0756 lsst_hardware_z 1242.34993262214 101.54707343524142 31.739999771118164 AB 8.576823349911065 1.0556415089585607
61074.0409 lsst_hardware_y 278.9682123030637 54.469952060785666 30.049999237060547 AB 7.473077160244288 1.0710378234892506
61074.0598 lsst_hardware_r 405.54277968419717 70.3933653155329 31.649999618530273 AB 8.333631112622454 1.0573661248014434
61076.0397 lsst_hardware_y 223.23386864555815 50.71220642096182 30.040000915527344 AB 5.9684175080110755 1.0667412882950984
61076.0577 lsst_hardware_z 605.4612481562053 48.18685716679013 30.950000762939453 AB 6.274367254188223 1.0563648832025068
61080.0372 lsst_hardware_y 294.5834579399192 51.35285443607786 30.040000915527344 AB 5.845310908896472 1.0603418023152287
61080.057 lsst_hardware_r 235.44033103370896 26.99578423639207 31.479999542236328 AB 6.276062509969879 1.055924374959881
61082.0337 lsst_hardware_y 225.1245582429549 51.323956475426456 30.049999237060547 AB 0.5923819527615709 1.0592435453939577
61082.0506 lsst_hardware_r 208.2521716402278 26.71832877913108 31.489999771118164 AB 1.0819320776350885 1.0558010028154203
61084.032 lsst_hardware_z 596.4873062663861 49.53303938228567 30.950000762939453 AB 3.4775669815989825 1.0575469786920373
61084.0484 lsst_hardware_g 22.55184394173571 14.498599058572998 31.40999984741211 AB 2.6174192607904936 1.0563693919041388
61086.0217 lsst_hardware_y 136.72955389405425 68.40561910681653 30.059999465942383 AB 2.2789833497861673 1.0598279413049916
61086.0396 lsst_hardware_i 286.8882662544809 35.02723496902889 31.25 AB 2.2968748079677472 1.0557916837360237
61088.0203 lsst_hardware_y 177.18463479387347 70.21650863492621 30.059999465942383 AB 1.5084106995854305 1.0578533338218203
61088.0372 lsst_hardware_r 143.3607731801255 25.84727123475518 31.489999771118164 AB 1.482172017393392 1.056305036745489
61090.0193 lsst_hardware_y 151.81603145298885 65.23322809621641 30.059999465942383 AB 6.394937185811174 1.0564032684911495
61090.0356 lsst_hardware_g 27.37999262045928 14.932531607495207 31.450000762939453 AB 6.215189885466052 1.0574546806407574
61092.0167 lsst_hardware_y 210.6103581553703 72.60678588682855 30.06999969482422 AB 4.096235883380315 1.0558669631087292
61092.0352 lsst_hardware_z 440.7734965464984 45.74864266762641 30.950000762939453 AB 4.260190645955635 1.0598148257865878
61324.3694 lsst_hardware_g -21.717539833433214 14.960000038146973 31.459999084472656 AB 4.643702387592202 1.0597221331794162
61327.3653 lsst_hardware_i -17.269495036489676 31.059999465942383 31.25 AB 5.711982846657191 1.057774601232813
61329.3638 lsst_hardware_u -5.019085463083203 3.109999895095825 28.549999237060547 AB 7.723309699142083 1.0564921388639938
61331.3624 lsst_hardware_r -5.765640752877639 22.790000915527344 31.5 AB 6.81732063919179 1.055789477580196
61336.3477 lsst_hardware_z 31.705091871642033 41.279998779296875 30.950000762939453 AB 3.475091426876034 1.0559111012714255
61336.3651 lsst_hardware_y -159.4383796479209 49.970001220703125 30.040000915527344 AB 3.475299585250964 1.059219623666859
61338.3464 lsst_hardware_r -47.60016828277843 64.72000122070312 31.639999389648438 AB 3.846854713912684 1.0556681432251551
61338.3629 lsst_hardware_y -49.591037774066805 53.29999923706055 30.049999237060547 AB 3.891094827223103 1.0611112154958011
61341.3163 lsst_hardware_i 42.989479791820585 68.69000244140625 31.329999923706055 AB 3.031426101837239 1.0642806677017809
61341.3336 lsst_hardware_r 12.88722278740919 83.7699966430664 31.649999618530273 AB 3.5847697726573102 1.055974599795856
61351.272 lsst_hardware_i -4.852463490163961 61.11000061035156 32.75 AB 5.596226921065769 1.0838399459780286
61357.3007 lsst_hardware_g -9.344274220560706 13.479999542236328 31.399999618530273 AB 4.2682500615704235 1.056497539992679
61357.3188 lsst_hardware_r -9.53719033031862 22.280000686645508 31.479999542236328 AB 4.297900491865794 1.0672710434232586
61359.3021 lsst_hardware_i 24.54741653289371 30.270000457763672 31.25 AB 5.559251206973259 1.0591067264189862
61359.3201 lsst_hardware_r -20.846337796448136 22.3700008392334 31.489999771118164 AB 5.670869156065923 1.0745709618618262
61364.2942 lsst_hardware_g 3.7472261912728206 13.510000228881836 31.399999618530273 AB 5.098700806394086 1.0626721147133233
61364.3148 lsst_hardware_r 30.35868483376719 22.479999542236328 31.489999771118164 AB 5.23317044301887 1.0861707021624885
61368.2673 lsst_hardware_z 87.6987454095857 68.62999725341797 30.989999771118164 AB 9.330118641850545 1.0558613299214108
61368.287 lsst_hardware_i 36.64867833893539 77.43000030517578 31.329999923706055 AB 9.430364088759003 1.0656581387027515
61370.2738 lsst_hardware_z -2.474267871305647 95.94000244140625 31.739999771118164 AB 5.657807714692022 1.060043913569659
61372.2535 lsst_hardware_r -13.91643816663351 61.209999084472656 31.639999389648438 AB 4.656675624257211 1.0556562415666022
61372.2732 lsst_hardware_i -17.558924223245636 53.4900016784668 31.31999969482422 AB 4.693396615238612 1.0632978285542845
61374.2663 lsst_hardware_z 2.2372600503115296 63.63999938964844 31.709999084472656 AB 6.40423655765583 1.0622386063453026
61376.2538 lsst_hardware_g 6.477906907172386 16.90999984741211 31.489999771118164 AB 7.291393044441456 1.058206140647495
61376.2729 lsst_hardware_r 8.881033696352299 25.739999771118164 31.520000457763672 AB 7.389557925694763 1.0736215113487317
61381.2286 lsst_hardware_z -17.492486884410127 41.459999084472656 30.950000762939453 AB 4.436718808300132 1.0556494765357536
61381.2475 lsst_hardware_i 42.72665129698145 30.709999084472656 31.25 AB 4.463741770006027 1.0624583711534497
61383.2302 lsst_hardware_u -0.638362273638515 2.759999990463257 28.5 AB 5.699820878583061 1.056614872522465
61383.2484 lsst_hardware_g -10.226187303006558 13.880000114440918 31.420000076293945 AB 5.920807989249354 1.0678223525405752
61385.2291 lsst_hardware_r 11.51972727979693 22.81999969482422 31.5 AB 10.069678119632325 1.058146847836946
61385.2461 lsst_hardware_i 25.749528696548403 30.780000686645508 31.25 AB 10.179012645302473 1.0710804067241222
61387.2191 lsst_hardware_z 93.13173242246035 41.349998474121094 30.950000762939453 AB 11.434685504090046 1.0565659971439174
61387.2385 lsst_hardware_u -0.7308233897791747 2.7100000381469727 28.440000534057617 AB 11.581312275677684 1.0688304439737912
61389.2225 lsst_hardware_g -9.389237251206232 13.829999923706055 31.399999618530273 AB 8.54743130988324 1.0603751122873182
61389.2403 lsst_hardware_r 38.269293484457016 22.799999237060547 31.479999542236328 AB 8.696143958347275 1.077214064409593
61390.1802 lsst_hardware_i 3.610510789951841 30.59000015258789 31.25 AB 10.970408795242873 1.066251215754475
61392.1349 lsst_hardware_z -18.407610333622934 44.88999938964844 30.950000762939453 AB 3.3532691509066916 1.1358992183734735
61394.1811 lsst_hardware_z 33.82953574986948 70.51000213623047 31.719999313354492 AB 3.933588906068162 1.0582935424257998
61396.166 lsst_hardware_r 30.634123717041703 120.12000274658203 32.400001525878906 AB 3.7371929411862603 1.0643735532879652
61396.1856 lsst_hardware_i 229.96526204897438 97.87999725341797 32.08000183105469 AB 4.026224766774947 1.0557128198688814
