data/validation/pwv_sim_epoch_fit_epoch/45151861.ecsv
# %ECSV 0.9
# ---
# datatype:
# - {name: time, datatype: float64}
# - {name: band, datatype: string}
# - {name: flux, datatype: float64}
# - {name: fluxerr, datatype: float64}
# - {name: zp, datatype: float64}
# - {name: zpsys, datatype: string}
# - {name: pwv, datatype: float64}
# - {name: airmass, datatype: float64}
# meta: {SNID: '45151861', alt: 1024.0, c: -0.0017148448387160897, dec: -1.342993, lat: -30.244573, lon: -70.7499537, ra: 215.859375,
#   t0: 61550.1328125, x0: 8.072406462417733e-06, x1: -0.2872718572616577, z: 0.5032978653907776}
# schema: astropy-2.0
time band flux fluxerr zp zpsys pwv airmass
[from data line 132]
61865.2827 lsst_hardware_r 30.67201869360431 24.290000915527344 31.489999771118164 AB 7.988324744600243 1.1516085648150278
61865.3011 lsst_hardware_i -3.797025143316392 32.279998779296875 31.239999771118164 AB 8.025374482912303 1.178036621344952
61867.2472 lsst_hardware_i 92.10220297184429 52.2599983215332 31.299999237060547 AB 9.916156530346818 1.142304678546223
61867.2663 lsst_hardware_z 63.09236870254913 53.04999923706055 30.959999084472656 AB 9.148083654732307 1.1435104568415384
61873.1851 lsst_hardware_r -61.63226658622261 93.69000244140625 31.6200008392334 AB 11.950303371640723 1.20872926887796
61873.2045 lsst_hardware_y 8.43769808410278 57.650001525878906 30.020000457763672 AB 11.596587641850018 1.1678335993806666
61877.2257 lsst_hardware_r 15.842144113090848 34.369998931884766 31.56999969482422 AB 15.16699992839256 1.1409478381438736
61877.2443 lsst_hardware_i 32.43844040884764 37.2599983215332 31.270000457763672 AB 15.221983043152548 1.1467517736290904
61879.2036 lsst_hardware_z 19.92127305155816 43.27000045776367 30.940000534057617 AB 10.445280148476412 1.1489061374334721
61879.22 lsst_hardware_r -24.845512738532335 24.540000915527344 31.489999771118164 AB 10.267245535680116 1.1409740927189342
61884.222 lsst_hardware_r 28.7640210908902 24.700000762939453 31.489999771118164 AB 9.218259462927877 1.1446514233767913
61884.2402 lsst_hardware_u -2.2911091413415567 2.759999990463257 28.3799991607666 AB 9.398780367363534 1.1629994886300086
61887.1145 lsst_hardware_i -58.478915325578754 33.7599983215332 31.219999313354492 AB 5.943877655462178 1.329429133406884
61887.1339 lsst_hardware_z 8.413104656653447 44.470001220703125 30.93000030517578 AB 5.567202958420716 1.2482517843992638
61890.2231 lsst_hardware_r 7.161161760103136 24.790000915527344 31.5 AB 11.420797453283022 1.1619786293560241
61890.2408 lsst_hardware_u -0.7703315960383317 2.7699999809265137 28.389999389648438 AB 11.812273952429985 1.1948184551705636
61893.1471 lsst_hardware_r -11.543597629985072 30.219999313354492 31.530000686645508 AB 13.297002921167609 1.1724976673648224
61893.1661 lsst_hardware_z -8.739268562610878 44.93000030517578 30.950000762939453 AB 12.980665949235112 1.1482996173328712
61894.1948 lsst_hardware_r -41.270384793205274 49.79999923706055 32.31999969482422 AB 10.478897989975668 1.1447134809258808
61894.2082 lsst_hardware_y -204.08831288025925 70.0199966430664 30.760000228881836 AB 10.639198585219356 1.1567699244584686
61900.1831 lsst_hardware_r 95.01473938055804 143.4600067138672 31.639999389648438 AB 7.229616654563125 1.147983378165992
61900.2007 lsst_hardware_z -48.68594822137699 100.87999725341797 30.979999542236328 AB 7.31306207711472 1.1694662170226098
61909.1272 lsst_hardware_r -6.235142634732754 24.15999984741211 31.479999542236328 AB 8.586658826306694 1.1448878435075591
61909.1464 lsst_hardware_z 30.564860103313677 43.2400016784668 30.940000534057617 AB 8.561738002740046 1.141565067032006
61919.0838 lsst_hardware_u -2.2024788407365357 2.690000057220459 28.350000381469727 AB 11.095413581977352 1.1606081152695977
61925.0269 lsst_hardware_r -65.37664112617153 85.69000244140625 31.600000381469727 AB 14.146205897797373 1.259866934641327
61927.0753 lsst_hardware_z -19.941356697066336 83.4800033569336 30.979999542236328 AB 4.942397211967187 1.14672789140781
61927.0975 lsst_hardware_r 73.06985245594005 124.12999725341797 31.6299991607666 AB 5.822336486572235 1.1416346052102422
61946.0143 lsst_hardware_g 15.981810693470702 15.140000343322754 31.420000076293945 AB 5.820849459846153 1.1553124961652967
61946.0281 lsst_hardware_r 61.17434272664346 24.420000076293945 31.489999771118164 AB 5.723273238067821 1.14381584932406
61957.0071 lsst_hardware_z -41.2236169771797 65.98999786376953 30.969999313354492 AB 6.532312509625686 1.140982069161134
61957.0298 lsst_hardware_r 40.19612332540458 92.6500015258789 31.6200008392334 AB 6.604475865988718 1.1500045039158484
61959.0034 lsst_hardware_i 24.605956340762805 66.13999938964844 31.309999465942383 AB 1.0672697251403467 1.1408548638588911
61959.0244 lsst_hardware_z 0.8839746973096364 61.220001220703125 30.969999313354492 AB 0.9522501687239175 1.1500605902467083
61961.001 lsst_hardware_i 78.27093216941427 45.040000915527344 31.290000915527344 AB 9.34239526565558 1.140963007468776
61961.0228 lsst_hardware_u 2.46807812539493 9.359999656677246 29.15999984741211 AB 9.431296022885283 1.1539459024503471
61962.9662 lsst_hardware_y 35.43530627172228 51.59000015258789 30.010000228881836 AB 12.290098505628292 1.1573233155269005
61962.9857 lsst_hardware_g -18.86251516623673 15.420000076293945 31.43000030517578 AB 12.12230591223112 1.1421053243104504
