data/validation/pwv_sim_epoch_fit_epoch/45176040.ecsv
# %ECSV 0.9
# ---
# datatype:
# - {name: time, datatype: float64}
# - {name: band, datatype: string}
# - {name: flux, datatype: float64}
# - {name: fluxerr, datatype: float64}
# - {name: zp, datatype: float64}
# - {name: zpsys, datatype: string}
# - {name: pwv, datatype: float64}
# - {name: airmass, datatype: float64}
# meta: {SNID: '45176040', alt: 1024.0, c: -0.10818395018577576, dec: -14.169522, lat: -30.244573, lon: -70.7499537, ra: 323.261719, t0: 63150.79296875,
#   x0: 3.865158748474438e-06, x1: 0.1243659183382988, z: 0.6810029745101929}
# schema: astropy-2.0
time band flux fluxerr zp zpsys pwv airmass
63012.4056 lsst_hardware_g 2.0844427251497772 16.309999465942383 31.489999771118164 AB 5.751084845272219 1.0444490910960718
63012.4259 lsst_hardware_y -83.01682974703986 48.880001068115234 30.049999237060547 AB 5.22641247241911 1.0424331771330348
63014.4014 lsst_hardware_i 8.891503271772528 32.099998474121094 31.260000228881836 AB 9.701213164561683 1.0438895083818167
63014.421 lsst_hardware_z 37.38917464269416 42.310001373291016 30.950000762939453 AB 9.162795355372634 1.0425892194768822
63016.4045 lsst_hardware_r 4.438177667287611 25.15999984741211 31.540000915527344 AB 13.460776995671948 1.0416139437957048
63016.423 lsst_hardware_y -6.468133500930137 48.38999938964844 30.049999237060547 AB 13.367581566376813 1.04575162358466
63021.3802 lsst_hardware_i -23.306904054586234 57.380001068115234 31.31999969482422 AB 12.1471804740412 1.0448513406912414
63021.4001 lsst_hardware_z 16.542899173550687 52.90999984741211 30.969999313354492 AB 12.145025126823947 1.04213361307911
63033.326 lsst_hardware_u -1.614701541292034 2.819999933242798 28.469999313354492 AB 6.90436215226551 1.064146854879209
63033.3474 lsst_hardware_g -0.7285697136620425 15.420000076293945 31.459999084472656 AB 6.928817397821985 1.0448735001428064
63034.3922 lsst_hardware_r 21.346915250336643 24.520000457763672 31.520000457763672 AB 3.93071651721204 1.0623558154627135
63034.4081 lsst_hardware_i 19.229246742665563 32.08000183105469 31.25 AB 4.023934562426366 1.0875498817368554
63037.3612 lsst_hardware_z -20.873893218458587 41.83000183105469 30.950000762939453 AB 3.86139089840276 1.0436191617304755
63037.3802 lsst_hardware_r 59.86053906620387 24.489999771118164 31.520000457763672 AB 4.028904430862585 1.0578485694670159
63043.3344 lsst_hardware_u -5.164468717460695 2.859999895095825 28.510000228881836 AB 5.634965692158641 1.0414549702116558
63043.3534 lsst_hardware_r -3.5196607691577535 24.350000381469727 31.520000457763672 AB 5.708578756533911 1.048375395280304
63045.3206 lsst_hardware_i 55.44339354178778 31.540000915527344 31.270000457763672 AB 5.655218191316332 1.0425486349653055
63045.34 lsst_hardware_z -37.438313669496615 41.689998626708984 30.950000762939453 AB 5.320668773112906 1.0438824353762814
63047.3218 lsst_hardware_r -5.547447410605837 24.219999313354492 31.520000457763672 AB 3.692285201671915 1.0414738598609168
63047.3419 lsst_hardware_u -2.5504747773621945 2.7899999618530273 28.459999084472656 AB 3.6888525002649972 1.047969460302556
63062.2255 lsst_hardware_r -3.9169454920294493 24.6299991607666 31.510000228881836 AB 6.352755895645886 1.1017135739251482
63062.2566 lsst_hardware_u 2.4910803594370066 4.039999961853027 29.260000228881836 AB 5.663515324306456 1.05318741502677
63062.2841 lsst_hardware_r 33.872446401422714 24.290000915527344 31.510000228881836 AB 5.602930740103745 1.041533737355469
63069.2559 lsst_hardware_r 17.53887444631771 24.6299991607666 31.530000686645508 AB 5.1302741165164365 1.0423325838206192
63069.2776 lsst_hardware_i -56.684378115560335 31.75 31.260000228881836 AB 5.1422139685791155 1.0453779159542824
63072.245 lsst_hardware_z -84.06426457543405 42.0099983215332 30.950000762939453 AB 5.637176142337241 1.0431488050216953
63072.2645 lsst_hardware_r -24.693963558713506 24.6299991607666 31.520000457763672 AB 6.160413662686722 1.0431949078832787
63073.2267 lsst_hardware_u -0.31680024703011517 2.9100000858306885 28.530000686645508 AB 10.716169554223741 1.0530654523697929
63073.2459 lsst_hardware_r 67.94251229131072 24.639999389648438 31.520000457763672 AB 10.576175944325554 1.0421161171892892
63077.1855 lsst_hardware_z -40.6773225965242 50.209999084472656 30.969999313354492 AB 5.369108835604307 1.0996075645085877
63079.125 lsst_hardware_z 28.984120018868133 72.0999984741211 30.959999084472656 AB 5.229404290277069 1.3073510725692672
63083.1107 lsst_hardware_r -24.67012388192849 162.17999267578125 32.34000015258789 AB 3.1487628836505874 1.3274717047430808
63083.1371 lsst_hardware_i -75.01076499995652 128.69000244140625 32.060001373291016 AB 2.4235811127368962 1.1963378590227378
63085.2076 lsst_hardware_z 16.154954391434703 51.380001068115234 30.969999313354492 AB 2.9430577343394093 1.043884275599223
63085.2306 lsst_hardware_r -27.233765816832587 57.33000183105469 31.639999389648438 AB 3.2913017466344074 1.0438083661824855
63094.182 lsst_hardware_u -4.031684747742018 5.070000171661377 29.729999542236328 AB 5.047273415764954 1.0443354884678158
63094.2051 lsst_hardware_g -19.160500693217475 27.68000030517578 32.68000030517578 AB 5.055474781362539 1.0434416473400492
63099.1847 lsst_hardware_r 12.11067556295959 24.860000610351562 31.520000457763672 AB 1.7788896525828466 1.0417077801578254
63099.2048 lsst_hardware_i 11.601868396609603 31.959999084472656 31.260000228881836 AB 1.8332653170537883 1.0517873304955756
63108.116 lsst_hardware_z 30.271986098703483 82.45999908447266 30.989999771118164 AB 3.3578069257257943 1.071583509087536
63108.1334 lsst_hardware_i -121.01545012814232 95.12999725341797 31.34000015258789 AB 4.331708337548097 1.0510666272485525
63110.1217 lsst_hardware_z -107.21215092609941 100.05999755859375 31.0 AB 1.1620626947956259 1.0570612748292534
63110.1386 lsst_hardware_r 7.330461131247082 151.77000427246094 31.670000076293945 AB 1.3574682945079426 1.044206380390725
63113.1319 lsst_hardware_y -9.90890556201807 71.86000061035156 30.799999237060547 AB 1.4610125113462649 1.043580365247332
63115.0996 lsst_hardware_g 8.625169057802971 15.699999809265137 31.479999542236328 AB 1.4016606981852093 1.067593042096002
63115.1191 lsst_hardware_r 1.0125212273820923 24.56999969482422 31.520000457763672 AB 1.3695376646197095 1.0474475446422251
63123.0872 lsst_hardware_g -0.6461563656503739 15.626306346864299 31.459999084472656 AB 1.2772372001167371 1.056004299393747
63123.104 lsst_hardware_i -4.353494271608557 31.820753533224337 31.25 AB 1.308689925504652 1.0438204789668213
63125.0889 lsst_hardware_z 115.17130331554583 42.57388733401722 30.950000762939453 AB 3.7782738657623303 1.049520518267314
63125.1052 lsst_hardware_r 30.30569804322238 25.128251001185586 31.510000228881836 AB 3.7507236237995647 1.0418676732776568
63128.07 lsst_hardware_r 177.4568828327237 27.845620593914333 31.520000457763672 AB 5.9286249651712035 1.0599448686241724
63128.0892 lsst_hardware_u 5.994831276630345 3.852418769056411 28.549999237060547 AB 5.848885186673728 1.0443194595894822
63135.0576 lsst_hardware_r 830.1841544666918 78.79926011011831 31.649999618530273 AB 3.114469490819622 1.0528970557198427
63135.0773 lsst_hardware_z 340.84170854621516 63.43234412840334 30.979999542236328 AB 3.085812950573774 1.0419763466398022
63136.0599 lsst_hardware_z 501.1152039796783 78.11079055257753 31.0 AB 2.936479761656128 1.0487427720200457
63136.078 lsst_hardware_i 741.0925754291972 87.91314903924079 31.34000015258789 AB 2.916265887928232 1.04152353140294
63142.0399 lsst_hardware_g 435.8421168230419 31.43818060358691 31.600000381469727 AB 2.077237262737961 1.0516325846034482
63142.0596 lsst_hardware_r 1465.4152108466865 60.43898469703224 31.6299991607666 AB 3.040311275812754 1.0417376309106576
63144.02 lsst_hardware_i 1087.629870750432 46.13586251767633 31.25 AB 2.8883688508675864 1.068183746622628
63144.0331 lsst_hardware_z 779.4503019690507 49.454543338495334 30.950000762939453 AB 2.9197542192242603 1.0528276279542992
63146.0388 lsst_hardware_r 1356.3559896444094 44.291415570519774 31.520000457763672 AB 4.053584022043262 1.044917689132994
63146.0573 lsst_hardware_u -0.27497398046998744 3.3394969515078023 28.510000228881836 AB 4.753430098742223 1.0418476928750078
63148.0269 lsst_hardware_g 340.9989916076949 24.391634282400116 31.469999313354492 AB 4.159992247188996 1.048913829346696
63148.0449 lsst_hardware_i 1231.0074060060886 47.150600223202915 31.260000228881836 AB 3.2975412648022475 1.0415480937459447
63152.0289 lsst_hardware_u 1.6915131255526756 2.974939427415693 28.469999313354492 AB 5.873051870455951 1.0424302219482782
63152.048 lsst_hardware_g 262.742744337148 22.966138855594636 31.450000762939453 AB 4.936575902212517 1.0439494374225697
63154.0041 lsst_hardware_z 823.1525867771182 51.10684185976988 30.950000762939453 AB 7.127114988902436 1.0544369358505212
63154.0219 lsst_hardware_r 1204.5178910151828 42.4357897437067 31.510000228881836 AB 7.063785908146413 1.0428817777775217
63156.0055 lsst_hardware_y 353.6680225084611 51.74751391208204 30.040000915527344 AB 7.430117231272627 1.0485876370136602
63156.0242 lsst_hardware_z 819.2201634977632 50.02517599663659 30.950000762939453 AB 7.3406764455770706 1.0414769135365909
63158.0061 lsst_hardware_y 437.0590582567174 52.090159227175114 30.049999237060547 AB 4.278970697581451 1.0448831624878396
63158.0231 lsst_hardware_u 1.9367267346817463 2.995022243509981 28.510000228881836 AB 4.221255382410707 1.0416422905392948
63160.0083 lsst_hardware_y 341.9619305629435 51.26335760630072 30.049999237060547 AB 3.4492668667860014 1.0421270557790427
63160.0264 lsst_hardware_i 1010.3332622762939 45.973852926843655 31.270000457763672 AB 3.5010613376988085 1.0440540768485513
63161.9987 lsst_hardware_y 336.4110228338533 69.32606754965123 30.059999465942383 AB 3.984642688732723 1.0433505480109249
63162.0162 lsst_hardware_r 877.8221702185335 51.002460860450554 31.610000610351562 AB 4.1260947796637035 1.0424037844157654
63164.0062 lsst_hardware_y 501.8246707135676 98.79985763810818 30.81999969482422 AB 3.7709769863079052 1.041586461864308
