data/validation/pwv_sim_epoch_fit_epoch/45389287.ecsv
# %ECSV 0.9
# ---
# datatype:
# - {name: time, datatype: float64}
# - {name: band, datatype: string}
# - {name: flux, datatype: float64}
# - {name: fluxerr, datatype: float64}
# - {name: zp, datatype: float64}
# - {name: zpsys, datatype: string}
# - {name: pwv, datatype: float64}
# - {name: airmass, datatype: float64}
# meta: {SNID: '45389287', alt: 1024.0, c: 0.06724253296852112, dec: -31.03924, lat: -30.244573, lon: -70.7499537, ra: 60.996094, t0: 61681.46875,
#   x0: 3.4070917895560125e-06, x1: 1.0052274465560913, z: 0.7177315950393677}
# schema: astropy-2.0
time band flux fluxerr zp zpsys pwv airmass
61622.3799 lsst_hardware_i -22.52979115681751 31.3700008392334 31.219999313354492 AB 1.80678537977313 1.2293147676632965
61622.4001 lsst_hardware_u -0.7503811839320521 2.5399999618530273 28.299999237060547 AB 1.6594908359773735 1.1476423485320701
61627.3501 lsst_hardware_u 1.8951517918944616 2.5399999618530273 28.239999771118164 AB 6.7282058379759535 1.314616224692449
61627.3681 lsst_hardware_g 9.502865436765296 13.529999732971191 31.350000381469727 AB 6.2545354238910775 1.2207743056666764
61629.3565 lsst_hardware_g 4.686355880181147 13.420000076293945 31.350000381469727 AB 3.8966640531553387 1.2500325778026173
61629.3754 lsst_hardware_r 3.0865248621252603 22.59000015258789 31.479999542236328 AB 3.5216012704989414 1.1678332848611976
61631.367 lsst_hardware_z 25.09104987894388 49.810001373291016 30.950000762939453 AB 4.127044076236607 1.1791554503533164
61631.3867 lsst_hardware_r -47.99020285773747 42.65999984741211 31.610000610351562 AB 3.953664184996329 1.1121418241902474
61649.3442 lsst_hardware_i -16.18067207384233 30.212893425049568 31.239999771118164 AB 0.9029679324990415 1.0938436493022914
61649.3619 lsst_hardware_u -3.6767994077307034 2.6386373755385564 28.43000030517578 AB 0.8482383658433226 1.054148756226167
61651.3328 lsst_hardware_u 0.6984827151521976 2.605164747949701 28.31999969482422 AB 1.6898743737976822 1.110116192345106
61651.3499 lsst_hardware_g 10.722164543107908 13.024353974508431 31.3700008392334 AB 1.079546496633101 1.0673607942322825
61653.3219 lsst_hardware_r 26.49476752245777 22.719712721543726 31.469999313354492 AB 2.0981999004711502 1.1264494812837242
61653.3386 lsst_hardware_i 81.05292060271175 31.09188761693394 31.229999542236328 AB 1.3034455987360032 1.0805766621645623
61655.3211 lsst_hardware_z 58.37715850142162 42.51074337076449 30.940000534057617 AB 2.008108463993374 1.1123713967557811
61655.3373 lsst_hardware_u 2.4382682947526297 2.724420595538783 28.389999389648438 AB 2.4797724753133936 1.0710218004520848
61672.2549 lsst_hardware_r 768.8210124492293 36.59468104482694 31.469999313354492 AB 4.684560361776911 1.1798166587890724
61672.2713 lsst_hardware_u 6.557094381556189 2.862865439168613 28.389999389648438 AB 4.456345906951248 1.1225052662345714
61678.1697 lsst_hardware_r 2441.5209753296344 64.21813094024967 32.560001373291016 AB 6.957452603969011 1.6554195829723624
61678.1979 lsst_hardware_u 2.8333121293987915 4.330803983933376 29.329999923706055 AB 5.902146764894478 1.3995526455110805
61680.2192 lsst_hardware_i 1155.289109806918 46.23861648812759 31.209999084472656 AB 4.122915693438086 1.2405342841697267
61680.2412 lsst_hardware_r 876.3403926989333 36.657822032976156 31.459999084472656 AB 3.841597311881509 1.1495765128694575
61682.2192 lsst_hardware_u -4.260190305528231 2.5781177739260333 28.299999237060547 AB 3.1902955987368755 1.2151192529944297
61682.2408 lsst_hardware_g 103.65755556793778 16.9505369363762 31.3700008392334 AB 2.9499024678230157 1.1325813346305422
61684.2191 lsst_hardware_r 773.9306068822038 35.50029736438198 31.440000534057617 AB 5.674320145145043 1.1920840641061017
61684.2402 lsst_hardware_i 1137.7313542474537 45.30573801809551 31.229999542236328 AB 5.33479729252748 1.117469060018518
61686.203 lsst_hardware_z 825.6401621147708 53.69317950478481 30.93000030517578 AB 5.131155891094556 1.239659164347696
61686.2216 lsst_hardware_r 776.7893507536414 41.356778717251046 31.530000686645508 AB 3.678728461513663 1.161092623308216
61688.2126 lsst_hardware_z 1533.5219098131572 77.53032214359726 31.700000762939453 AB 3.095768383077748 1.174418961713957
61689.2101 lsst_hardware_r 740.8474462605208 58.179727923220774 31.59000015258789 AB 4.224711067134208 1.1735308519817242
61689.23 lsst_hardware_z 710.7883100138323 55.24688790030387 30.950000762939453 AB 3.98673027436351 1.107425076212086
61692.2091 lsst_hardware_r 803.9378581146416 87.68784310738974 31.6299991607666 AB 7.2278538722566035 1.1472783924216832
61692.2273 lsst_hardware_y 420.91982883946224 55.59175179558953 30.030000686645508 AB 6.883134513998614 1.092561033968034
61694.2117 lsst_hardware_z 559.493035531027 70.44387238929649 30.979999542236328 AB 8.046617027704567 1.1210891017352236
61694.232 lsst_hardware_r 767.7091680567878 95.25995812044367 31.649999618530273 AB 7.6575929077049345 1.068451640533687
61696.2098 lsst_hardware_i 860.1440172103087 66.40371583614966 31.31999969482422 AB 5.551747327715166 1.1105345546353576
61696.2301 lsst_hardware_z 715.7062862643545 61.30374556515839 30.979999542236328 AB 5.313774159795853 1.0609865210906864
61700.1913 lsst_hardware_u 3.048768658870033 2.680957999468243 28.40999984741211 AB 3.2220814549820127 1.1337373170239313
61700.2099 lsst_hardware_g 35.342382283463316 14.430279672622925 31.399999618530273 AB 2.651918636632151 1.0814961304874267
61702.1918 lsst_hardware_r 360.83622001480774 29.361600401954423 31.479999542236328 AB 2.5742967813503776 1.1152590843064563
61702.2105 lsst_hardware_z 475.76932246704587 47.451279672228964 30.950000762939453 AB 1.4985365988823829 1.0677139999161973
61705.1856 lsst_hardware_r 325.27530921439876 28.11313381375233 31.479999542236328 AB 2.641917267799346 1.109466569154581
61705.2046 lsst_hardware_u -4.154927132302816 2.710255928097089 28.450000762939453 AB 2.5867973518274447 1.0628854039352624
61707.1916 lsst_hardware_g 23.679184760854298 14.298062418985785 31.389999389648438 AB 2.2120271140014665 1.0795642332849176
61707.2103 lsst_hardware_r 276.98397105355053 27.043783807727916 31.479999542236328 AB 3.3831171746869546 1.0421883785039652
61709.1896 lsst_hardware_i 459.0592990871044 36.72627092792963 31.239999771118164 AB 3.6151351324906975 1.0716274292250474
61709.2082 lsst_hardware_z 346.11070850176503 45.59129746715926 30.950000762939453 AB 3.51280617280935 1.036837713344154
61711.1754 lsst_hardware_z 421.25938574679657 45.759749885360435 30.93000030517578 AB 3.8782836813384254 1.0926281677244924
61711.1931 lsst_hardware_r 184.31107010182703 25.854757386269323 31.479999542236328 AB 3.7604225347031957 1.0532658874597565
61720.145 lsst_hardware_i 252.4968897498762 57.004622818226885 31.309999465942383 AB 3.301719835327736 1.1084556295863035
61720.1644 lsst_hardware_z 319.04281520154717 55.55585908911708 30.969999313354492 AB 3.0877936941725936 1.061340637318719
61724.1265 lsst_hardware_r 125.36450959114202 90.07616969547591 31.6299991607666 AB 4.732706265532009 1.1313918199570794
61724.145 lsst_hardware_i 110.35982724279566 71.9637482894201 31.31999969482422 AB 4.534571407583535 1.0800027169538426
61726.1182 lsst_hardware_z 220.43028222185995 51.43673785364681 30.950000762939453 AB 3.53620395856182 1.1407109543747807
61726.1362 lsst_hardware_u -4.680335090304309 8.898340047535742 29.15999984741211 AB 3.0003159971201767 1.0881552260840246
61728.1007 lsst_hardware_r 91.66533149448956 24.185392723420833 31.469999313354492 AB 5.285227167235452 1.1850285128329785
61728.1182 lsst_hardware_i 164.35778743394147 33.28083976170704 31.239999771118164 AB 5.008106269344767 1.1231456087338905
61729.1098 lsst_hardware_z 212.79351376361382 44.59531558527994 30.940000534057617 AB 6.5741583818384095 1.1414129952841323
61729.127 lsst_hardware_r 75.29485431614009 23.604942793237512 31.469999313354492 AB 5.884023694836975 1.090711263254506
61731.1072 lsst_hardware_u -6.2000962152783305 2.514793216369341 28.260000228881836 AB 4.307994488453767 1.1319946978507494
61731.1232 lsst_hardware_g 0.3045471650748539 13.240632903873646 31.360000610351562 AB 4.159226328196993 1.086527253970015
61734.1084 lsst_hardware_r 79.50696021136955 23.455712228391683 31.479999542236328 AB 5.700208468312296 1.1038893184822347
61734.1259 lsst_hardware_z 158.5643088561122 43.01703100946406 30.950000762939453 AB 8.153726083540437 1.0619020089046705
61736.1067 lsst_hardware_r 41.219301308621795 23.247510427352157 31.479999542236328 AB 4.184238107319027 1.0937754822425898
61736.1227 lsst_hardware_u -0.36575197581992086 2.6086570581598214 28.399999618530273 AB 4.027457392499206 1.0573760848445637
61738.1316 lsst_hardware_u 0.5111129783499986 2.6749706403777314 28.450000762939453 AB 5.252789529300075 1.0329969575811357
61738.1507 lsst_hardware_g 19.42313048803979 13.414875993747142 31.399999618530273 AB 5.131151941850831 1.0113965719810687
61740.1349 lsst_hardware_r 46.997129464819224 22.711368285752247 31.489999771118164 AB 8.33474052387628 1.0216229447039362
61740.1514 lsst_hardware_i 126.96803322713367 31.28601195449722 31.260000228881836 AB 8.149073834392187 1.0068872118277004
61742.1304 lsst_hardware_z 139.36829983818413 42.056339205338254 30.950000762939453 AB 6.59935221309608 1.020529119099854
61742.1477 lsst_hardware_r 25.470809607129574 22.565370032140425 31.5 AB 6.507426455257477 1.0058110527911923
61746.029 lsst_hardware_y 8.647012703269938 69.8266626022981 29.989999771118164 AB 6.9478439409479185 1.292722339582526
61746.0491 lsst_hardware_g -13.061997215426437 34.72097576392311 31.6200008392334 AB 5.3426039408983845 1.1950797317743587
61748.041 lsst_hardware_y 93.81273159151975 54.16786047987122 30.0 AB 5.9648090690307205 1.2063116628752975
61748.0611 lsst_hardware_i 115.54458107139449 47.5976312346025 31.290000915527344 AB 6.10104897046116 1.1309758032183508
61750.0526 lsst_hardware_z 185.41898370093102 81.86789061893347 31.719999313354492 AB 11.468788537157932 1.1409459348544557
61752.0441 lsst_hardware_y -21.979475148285296 57.976910438285934 30.020000457763672 AB 12.999228750808925 1.1513931577331706
61752.0663 lsst_hardware_r -79.86248631354117 88.96225280564575 31.639999389648438 AB 12.28284667972792 1.085440675126186
61754.0437 lsst_hardware_y 92.09080388568795 51.94708206917499 30.020000457763672 AB 8.71508480528815 1.1342600224751036
61754.0655 lsst_hardware_z 217.77795383933008 52.883837547771485 30.969999313354492 AB 8.247706654863123 1.0744002927788994
61756.0448 lsst_hardware_y 93.81552725615707 50.75469402722605 30.020000457763672 AB 12.165412163001085 1.113963723433903
61756.0677 lsst_hardware_u 3.170574061446323 2.576913610640524 28.3700008392334 AB 11.542861399021541 1.058144861372598
61758.044 lsst_hardware_y 79.35308774964473 52.15661478464519 30.030000686645508 AB 4.50935159203329 1.1007815432767705
61758.0652 lsst_hardware_r 15.300403080341244 22.61713545382664 31.489999771118164 AB 4.361942251362986 1.0524652554863039
61760.0449 lsst_hardware_y 100.96685259115219 50.31871568167618 30.040000915527344 AB 4.795447964801914 1.084350102275008
61760.068 lsst_hardware_r 32.445259304393794 22.407343493372395 31.489999771118164 AB 4.620918890989646 1.0383115193686878
61764.0442 lsst_hardware_z 169.85991668698216 46.062415055021674 30.959999084472656 AB 7.534280457206011 1.0614652658786208
61764.0656 lsst_hardware_g -6.879753061894832 13.034160570079681 31.40999984741211 AB 7.289810428644912 1.0262038987346787
61766.0435 lsst_hardware_y 98.31122162490225 53.87001881907476 30.049999237060547 AB 6.724064126894169 1.0521968745628931
61766.0678 lsst_hardware_i 77.63103865985343 30.717166895382125 31.25 AB 6.369533278137637 1.0173754387475278
61768.0454 lsst_hardware_y 13.168190582362648 51.84000015258789 30.059999465942383 AB 8.527061580181558 1.039505251759381
61768.0678 lsst_hardware_r -35.432929670343796 21.540000915527344 31.5 AB 8.240032392580082 1.0122268156232062
61770.0443 lsst_hardware_y -162.0890128695583 54.18000030517578 30.049999237060547 AB 7.7629284015822515 1.0328880552948334
61770.0652 lsst_hardware_g 4.211331578121924 13.010000228881836 31.399999618530273 AB 7.583598700760862 1.0099009489311
61990.3788 lsst_hardware_r -45.89873085930087 73.1500015258789 31.610000610351562 AB 1.6810248882846885 1.2007320630604918
61990.4002 lsst_hardware_z 84.99645736255124 55.2599983215332 30.969999313354492 AB 1.5719418615672733 1.1228156154051954
61992.3735 lsst_hardware_r -69.17942825534969 59.7599983215332 31.600000381469727 AB 6.1352629888432935 1.2000514403605465
61992.3927 lsst_hardware_i -94.96221910368297 50.54999923706055 31.299999237060547 AB 5.871802327511905 1.129192755290751
61994.3716 lsst_hardware_z 5.242788704134045 49.459999084472656 30.950000762939453 AB 3.682601714390346 1.1853232276348948
61994.3918 lsst_hardware_i -9.697087643957461 43.849998474121094 31.290000915527344 AB 3.3492699894506917 1.1152151800385222
61995.3698 lsst_hardware_z 13.222554625597938 67.55000305175781 31.700000762939453 AB 5.504297280482945 1.1816022784578772
61997.3715 lsst_hardware_r -38.93716496100354 29.1299991607666 31.540000915527344 AB 6.423773506579938 1.1546281129828664
61997.3909 lsst_hardware_i 22.47709479223977 33.5099983215332 31.270000457763672 AB 5.414400813745434 1.0948874282117638
62009.3132 lsst_hardware_z 20.94210732320768 61.56999969482422 31.68000030517578 AB 3.8134277894987263 1.265518071736303
62009.3314 lsst_hardware_r 18.887313758573256 31.56999969482422 32.209999084472656 AB 3.578870519658025 1.1823159959227039
62011.3358 lsst_hardware_r 12.206524300467638 22.360000610351562 31.469999313354492 AB 8.030381867022749 1.1458060736280962
62011.3531 lsst_hardware_i -37.59808740287249 30.459999084472656 31.239999771118164 AB 7.70919316672038 1.0937870131788947
62016.3258 lsst_hardware_r 3.1828938196615826 72.30999755859375 31.6200008392334 AB 1.8016054274938942 1.1336199008928074
62016.3436 lsst_hardware_z -54.06872209618831 54.41999816894531 30.969999313354492 AB 1.0859567784440372 1.083338709895124
62020.3171 lsst_hardware_z 94.77437819455317 57.88999938964844 30.969999313354492 AB 2.0725484100040306 1.126538067674429
62020.336 lsst_hardware_i -2.3129670611706645 60.25 31.31999969482422 AB 2.527425948191318 1.0755004034856672
62026.2532 lsst_hardware_r 14.077595492834035 37.869998931884766 32.22999954223633 AB 4.741884489419196 1.343944588404118
62026.2769 lsst_hardware_i 6.518346231867978 48.540000915527344 32.0 AB 4.345132100132785 1.2165558843115591
62030.2544 lsst_hardware_u 0.8473742883212839 2.5999999046325684 28.309999465942383 AB 2.5401468353680277 1.273256559081652
62030.2729 lsst_hardware_r -28.50396080035413 22.450000762939453 31.469999313354492 AB 2.3536494451355385 1.1870132529892605
62031.2364 lsst_hardware_g 5.160555195852479 13.140000343322754 31.280000686645508 AB 1.8730006234873278 1.3644977830165088
62031.2544 lsst_hardware_i -18.449114370477936 31.649999618530273 31.209999084472656 AB 2.0269995744679243 1.2590059468746488
62033.2587 lsst_hardware_z 60.16294553040343 43.08000183105469 30.93000030517578 AB 8.366211533522675 1.2124944251482137
62033.2764 lsst_hardware_r 28.295779537255033 22.1200008392334 31.469999313354492 AB 7.890478901801114 1.1435476669276976
62035.2552 lsst_hardware_u 0.2869436055991299 2.640000104904175 28.3799991607666 AB 1.8679021582353623 1.2039330700835416
62035.2719 lsst_hardware_g -26.960094469595074 13.100000381469727 31.3799991607666 AB 1.7469526897372967 1.1403085442149457
62037.2572 lsst_hardware_r -17.655136261306502 22.299999237060547 31.459999084472656 AB 4.600055168760457 1.1735333565441874
62037.2729 lsst_hardware_i -17.295846261196306 30.479999542236328 31.229999542236328 AB 4.501482472751395 1.119725336284083
62039.24 lsst_hardware_i 10.085875128866984 31.440000534057617 31.219999313354492 AB 3.6737408883375107 1.2229496965171474
62039.2578 lsst_hardware_z -24.354125353471986 42.349998474121094 30.93000030517578 AB 3.624231194936001 1.151219607687861
62046.1824 lsst_hardware_i 46.18842189250112 98.43000030517578 31.989999771118164 AB 4.155334441087452 1.4609168315083256
62046.2161 lsst_hardware_r -110.11030406994787 117.44999694824219 32.349998474121094 AB 4.105524480624847 1.2457026414699115
62048.2185 lsst_hardware_z -64.69081638576932 66.2300033569336 30.959999084472656 AB 8.148881900217091 1.2091824261481092
62048.2395 lsst_hardware_r -78.54986465286808 92.62000274658203 31.639999389648438 AB 7.551620551354339 1.1302001324051516
62050.218 lsst_hardware_i 115.16305468787665 64.77999877929688 31.299999237060547 AB 4.794978367517854 1.1882238597875943
62050.2393 lsst_hardware_z 59.29242981664407 59.20000076293945 30.969999313354492 AB 4.542213819302059 1.1140841253270253
