data/validation/pwv_sim_epoch_fit_epoch/45431188.ecsv
# %ECSV 0.9
# ---
# datatype:
# - {name: time, datatype: float64}
# - {name: band, datatype: string}
# - {name: flux, datatype: float64}
# - {name: fluxerr, datatype: float64}
# - {name: zp, datatype: float64}
# - {name: zpsys, datatype: string}
# - {name: pwv, datatype: float64}
# - {name: airmass, datatype: float64}
# meta: {SNID: '45431188', alt: 1024.0, c: -0.05732616037130356, dec: -19.15501, lat: -30.244573, lon: -70.7499537, ra: 356.308594, t0: 62703.23046875,
#   x0: 2.70071128232623e-06, x1: 0.8305180668830872, z: 0.7883984446525574}
# schema: astropy-2.0
time band flux fluxerr zp zpsys pwv airmass
62673.4127 lsst_hardware_i 124.46186638216739 54.16156671548241 31.329999923706055 AB 3.109315572578529 1.0307692930808627
62673.4165 lsst_hardware_y -1.4024578321217505 51.29500792417316 30.059999465942383 AB 3.119891623323642 1.0276887038123443
62677.4437 lsst_hardware_g -18.158759400058184 34.22616888031007 31.68000030517578 AB 4.24295948071263 1.0241479185066078
62679.3862 lsst_hardware_i 260.89350998932815 34.44338734231648 31.25 AB 7.47891280489192 1.04149834235071
62679.4144 lsst_hardware_y 114.4563080427934 47.344810562154834 30.049999237060547 AB 7.342446275861412 1.0205874450995727
62681.4089 lsst_hardware_u -5.644052031772294 2.9085136573491637 28.450000762939453 AB 2.4045288091566572 1.0205979665350389
62681.4298 lsst_hardware_z 169.27862684876337 44.151821209675155 30.950000762939453 AB 2.089271905228379 1.0226489991328336
62683.4051 lsst_hardware_r 285.5361272736005 29.040884940538323 31.5 AB 9.896152432168673 1.0202219002235746
62683.4275 lsst_hardware_y 10.976972127657431 48.08080494430404 30.049999237060547 AB 9.529619784951514 1.0242497619251412
62687.3834 lsst_hardware_i 615.8988837203707 39.41913916419779 31.260000228881836 AB 4.277891948756537 1.0243380900941867
62687.4053 lsst_hardware_z 387.03798869051815 45.4360733922742 30.950000762939453 AB 4.330917554393922 1.0200995279943288
62705.213 lsst_hardware_i 2920.669275958325 78.72566756018809 32.380001068115234 AB 7.079090090492909 1.446705173553959
62705.2438 lsst_hardware_z 1378.000332545707 71.10330946799229 31.68000030517578 AB 6.101327021983964 1.2474600331187824
62708.3209 lsst_hardware_i 930.2065999271683 43.03116677403753 31.25 AB 8.591810436953589 1.0277285211666973
62708.3513 lsst_hardware_u -3.165039354433695 2.6304187787024875 28.350000381469727 AB 7.290431891808781 1.0208782522137017
62712.2997 lsst_hardware_i 868.2012034639201 42.22166299859571 31.25 AB 4.573827599538966 1.0372667194782375
62712.3217 lsst_hardware_r 468.6898428338972 31.55737425005228 31.5 AB 4.570110853605283 1.0213679413578276
62721.2758 lsst_hardware_g 26.266885836556437 23.73531722184385 31.600000381469727 AB 3.290891079632521 1.036528332911369
62721.2955 lsst_hardware_r 302.9420742097508 28.907946293973396 31.510000228881836 AB 2.5811566663574332 1.0219704367259206
62724.255 lsst_hardware_i 1282.4100719789478 90.58057085217357 32.06999969482422 AB 7.1587090085682235 1.053215978897782
62724.2787 lsst_hardware_z 795.6308872633426 83.91030367393776 31.729999542236328 AB 6.801899296508507 1.0266630386036009
62730.2604 lsst_hardware_i 352.7971859641096 65.67407351622613 31.329999923706055 AB 3.654234529703539 1.0280586663957065
62730.2785 lsst_hardware_z 392.02391249926495 61.88105303787393 30.989999771118164 AB 3.570283686861251 1.0199353483391662
62732.2717 lsst_hardware_z 645.2084243428391 70.96331902232517 31.719999313354492 AB 2.5243714509234754 1.0201541527272078
62734.2494 lsst_hardware_r 123.9298254854902 29.51305794863423 31.549999237060547 AB 1.5181891339584748 1.0281190523420822
62734.2691 lsst_hardware_i 291.0606316314479 37.55157145332068 31.270000457763672 AB 1.0427050471145483 1.0197604372758418
62739.2287 lsst_hardware_g 8.975030201035741 15.169542434298515 31.469999313354492 AB 2.545783489721399 1.034380777295889
62739.2454 lsst_hardware_r 122.76834618141127 25.643451657888022 31.520000457763672 AB 2.5228602468953487 1.0223667081839858
62741.2133 lsst_hardware_i 190.31201378842613 33.979706248890366 31.25 AB 4.177598604657296 1.0462742258189164
62741.2286 lsst_hardware_z 226.3736638631334 43.665771729406835 30.950000762939453 AB 4.1149174275791145 1.0294585567057786
62743.212 lsst_hardware_i 145.57007237271168 33.77704949225335 31.260000228881836 AB 2.8907879787816357 1.040850208394732
62743.2289 lsst_hardware_u -2.005950092641434 2.8100540511099754 28.469999313354492 AB 2.8424711253015515 1.0252991915239456
62750.2031 lsst_hardware_z 135.5562008320587 46.172148031773915 30.959999084472656 AB 0.6467312392445665 1.030236940254188
62750.2236 lsst_hardware_r -16.956669815791074 37.542561044936036 31.610000610351562 AB 0.4107962681624503 1.0199783194598393
62752.1993 lsst_hardware_i 273.9276764201369 78.31625617070446 32.06999969482422 AB 2.6254052346726993 1.028864596717037
62752.2177 lsst_hardware_z 310.7305560088599 77.25267368657265 31.729999542236328 AB 2.4568701049737554 1.0200477894919235
62754.193 lsst_hardware_i 128.67074531582617 90.57135164861639 31.350000381469727 AB 3.89039722666806 1.0295460738783302
62754.2111 lsst_hardware_z 244.91033283865372 77.90198678769228 31.0 AB 3.7693440315048226 1.0202582302083698
62759.1676 lsst_hardware_r 78.33421936368421 69.39120272732916 31.649999618530273 AB 1.0504171253220538 1.0417359920549294
62759.1855 lsst_hardware_i -34.09564931563912 58.825331539104894 31.329999923706055 AB 1.0981630239341922 1.0251230095073256
62761.1782 lsst_hardware_z 122.92198040148737 66.9175227869572 31.719999313354492 AB 0.8357559705949957 1.0263069634812396
62766.1486 lsst_hardware_r 4.439827464184268 24.16365069817225 31.510000228881836 AB 3.53855911891467 1.0415951486981145
62766.1683 lsst_hardware_i 80.94631924222881 32.08744624128723 31.260000228881836 AB 2.2648666357406104 1.024015659880605
62768.1221 lsst_hardware_z 56.847002237438566 43.07403458758813 30.940000534057617 AB 3.968387315832537 1.076489088093431
62768.1416 lsst_hardware_i 82.34906284051647 32.091460740261844 31.239999771118164 AB 3.6609847385271195 1.043560664694858
62770.2039 lsst_hardware_r 12.949383102206966 24.157648365925226 31.5 AB 3.4918928541918097 1.03545305550813
62770.2167 lsst_hardware_i 92.48453046061304 32.1201526371779 31.239999771118164 AB 3.2589567970578557 1.0519550668359767
62773.1352 lsst_hardware_z 101.6736545348506 42.359866302802175 30.950000762939453 AB 4.131034895497578 1.0350660586301175
62773.1541 lsst_hardware_u -0.4504629840121939 2.7738997455934866 28.43000030517578 AB 4.078642689701045 1.0217467386834331
62775.1335 lsst_hardware_g 5.027627119854744 14.861832568101091 31.450000762939453 AB 6.17301986131099 1.0314151815055956
62775.1522 lsst_hardware_r 41.095955014451704 24.07492458026948 31.510000228881836 AB 6.200246584494555 1.0206167217274988
62782.1316 lsst_hardware_r 116.23509392891785 93.1094805069165 31.65999984741211 AB 5.0898630499438955 1.0210357171401996
62782.1603 lsst_hardware_i 14.722384052619327 75.16861433525744 31.34000015258789 AB 5.075514314815998 1.0261510896956318
62784.1252 lsst_hardware_z 131.93654653039724 115.05343011249451 31.760000228881836 AB 3.1914291218789113 1.0213390261233415
62786.1079 lsst_hardware_z -14.65599399463544 71.95959731147742 31.0 AB 5.944368685500356 1.0277558745065885
62786.1253 lsst_hardware_r 78.90372217105102 105.66437139591649 31.670000076293945 AB 6.173407920920619 1.0199765255548316
62788.0962 lsst_hardware_i 38.92943409884206 53.47663628611652 31.31999969482422 AB 7.458739135869081 1.0331021345433273
62788.1143 lsst_hardware_z 56.36254304949699 54.15937234204406 30.979999542236328 AB 7.369329740964369 1.0213311415553783
62790.0996 lsst_hardware_i 68.36766058532478 31.705694511581733 31.260000228881836 AB 7.952568841103028 1.0259172876074116
62790.1171 lsst_hardware_u 3.5322117476849626 2.9117685581830273 28.579999923706055 AB 7.905659372672463 1.0196903614952773
62792.0961 lsst_hardware_g 9.993037627654209 14.96042136676299 31.469999313354492 AB 8.994034154005128 1.0246984139683557
62792.1142 lsst_hardware_r -3.653601624898541 23.79611476777578 31.520000457763672 AB 8.639319892885434 1.0196494552649522
62795.077 lsst_hardware_r -15.713586888622084 23.5 31.520000457763672 AB 2.982806686512881 1.0331855512687498
62795.0943 lsst_hardware_i 11.53187706116762 30.850000381469727 31.260000228881836 AB 2.7367288230992863 1.0216439843581098
62798.0904 lsst_hardware_g 10.164332761879939 14.4399995803833 31.450000762939453 AB 3.1631602435491892 1.0203742721126416
62798.1121 lsst_hardware_r -19.871064003324445 23.139999389648438 31.510000228881836 AB 3.1728141130951397 1.0234884235790773
62802.0686 lsst_hardware_i 11.479400126281941 30.8799991607666 31.270000457763672 AB 2.679372062639848 1.024812416385484
62802.0859 lsst_hardware_u -0.0465544575697068 2.930000066757202 28.610000610351562 AB 3.7838756283195183 1.019637733311646
62804.0669 lsst_hardware_g 18.56712848402712 15.149999618530273 31.5 AB 5.236840922344201 1.022820492645352
62804.083 lsst_hardware_r 8.307787958771673 23.709999084472656 31.540000915527344 AB 5.226806600480025 1.0197320544605628
62808.0559 lsst_hardware_r -23.063728665918703 43.689998626708984 31.6299991607666 AB 3.078371788292416 1.022856471258553
62808.0765 lsst_hardware_i 19.298292275114203 42.040000915527344 31.309999465942383 AB 3.0455159467391097 1.0204157855888032
62814.0505 lsst_hardware_z -17.79900582129559 92.87999725341797 31.739999771118164 AB 6.391407439551293 1.0197698347906243
62818.0256 lsst_hardware_y 5.292955526251236 47.56999969482422 30.049999237060547 AB 5.100791213148843 1.024409542230023
62818.0435 lsst_hardware_i -10.412509294236855 30.809999465942383 31.260000228881836 AB 4.449268239228789 1.0196558357347973
62821.0302 lsst_hardware_y -70.80369778497038 47.630001068115234 30.059999465942383 AB 6.68760656358055 1.0199056842215535
62821.0517 lsst_hardware_g 13.230468404892928 14.630000114440918 31.450000762939453 AB 6.097305727241034 1.024814677669511
62824.0153 lsst_hardware_y 53.29269243222825 72.37000274658203 30.079999923706055 AB 5.716040309128762 1.0215727944350224
62824.0345 lsst_hardware_i -24.51772081434654 31.020000457763672 31.25 AB 5.730369069254403 1.0208495966603726
63037.4391 lsst_hardware_g -26.132815694067357 22.440000534057617 31.610000610351562 AB 3.6857868231349933 1.0197694797938743
63043.4061 lsst_hardware_i -19.071924312360846 30.950000762939453 31.260000228881836 AB 5.539983039372357 1.025922785068955
63043.4272 lsst_hardware_y 45.45185934306454 47.189998626708984 30.059999465942383 AB 5.919439188835307 1.0197138998855146
63045.398 lsst_hardware_i 39.011862939586635 31.059999465942383 31.260000228881836 AB 5.338510831880859 1.0277731783955062
63045.4176 lsst_hardware_y 0.26612808570006846 46.900001525878906 30.059999465942383 AB 5.12590681432447 1.0197427349451864
63047.3996 lsst_hardware_g 4.463715701128242 15.180000305175781 31.459999084472656 AB 4.169364656661379 1.0233662483112407
63047.4179 lsst_hardware_y 42.80481596215825 47.029998779296875 30.049999237060547 AB 4.675211337534512 1.0198606807928978
63049.3995 lsst_hardware_i -19.671663795473552 30.860000610351562 31.260000228881836 AB 7.533472621353603 1.0211647326974882
63049.4189 lsst_hardware_y -47.75154175946314 46.86000061035156 30.059999465942383 AB 7.538407006027607 1.0213259729071409
63057.3573 lsst_hardware_z 36.044739385328946 51.220001220703125 30.969999313354492 AB 8.256997523819217 1.0348195330112857
63057.3785 lsst_hardware_r 31.465584969856167 53.4900016784668 31.639999389648438 AB 9.756150785367861 1.0209094267712018
63062.3369 lsst_hardware_i -32.742180496376044 30.850000381469727 31.25 AB 3.7825520297932003 1.0425997877048512
63062.3524 lsst_hardware_z 51.78435378780718 41.119998931884766 30.950000762939453 AB 3.7641054226124755 1.0271811768624575
63065.3779 lsst_hardware_g -4.073327342998422 14.65999984741211 31.450000762939453 AB 1.8887959700239698 1.022352351839767
63065.399 lsst_hardware_r 0.8155849046426684 23.440000534057617 31.5 AB 1.925244297518881 1.039127943607372
63067.3259 lsst_hardware_r 3.3885049556642564 23.149999618530273 31.5 AB 3.3318817625145614 1.039345476882028
63069.3516 lsst_hardware_z -22.03304029977143 40.970001220703125 30.950000762939453 AB 4.414316991955425 1.019786768509647
63069.3732 lsst_hardware_u -3.371085729262694 2.740000009536743 28.459999084472656 AB 4.4678446866731525 1.025676007041587
63077.3775 lsst_hardware_i 37.04523521312344 31.09000015258789 31.25 AB 5.057372461527858 1.0547179273259348
63077.4035 lsst_hardware_z -17.896515030643542 42.459999084472656 30.940000534057617 AB 5.269176685083876 1.1106643284912439
63079.157 lsst_hardware_z -85.92356783950586 67.0 30.889999389648438 AB 7.488635233215594 1.8017407730890032
63079.1937 lsst_hardware_r -36.02708984465774 78.69000244140625 31.559999465942383 AB 6.456657377344006 1.4105204538162766
63083.2366 lsst_hardware_z -128.30427274401788 161.8800048828125 32.4900016784668 AB 1.2095429204778172 1.1359877158749163
63085.3095 lsst_hardware_z -90.86067719303476 56.31999969482422 30.979999542236328 AB 4.275872511848273 1.0196834288986343
63085.3329 lsst_hardware_r -49.80905961189667 69.9000015258789 31.649999618530273 AB 4.281469067603613 1.0280460383232624
63088.2542 lsst_hardware_i 16.24163871943377 33.619998931884766 31.270000457763672 AB 4.580607105356568 1.0602030101508084
63088.2739 lsst_hardware_z -24.052634243244842 42.689998626708984 30.959999084472656 AB 4.491938798852875 1.0335800273476472
63094.2968 lsst_hardware_i -12.301207363240689 30.860000610351562 31.260000228881836 AB 4.919062599648448 1.0215944894650728
63094.3148 lsst_hardware_r 7.5782589612824225 23.579999923706055 31.520000457763672 AB 4.982956921385867 1.033701259492971
63102.2247 lsst_hardware_i 34.63396662599564 31.040000915527344 31.25 AB 2.7145208378315737 1.0465958763005683
63102.2418 lsst_hardware_z -63.110286753230646 41.20000076293945 30.950000762939453 AB 2.6430377649387395 1.0282193211199142
63110.2073 lsst_hardware_z -96.47060499341552 91.3499984741211 31.0 AB 1.6912868274505868 1.0407918938161433
63110.224 lsst_hardware_r -114.73109151637483 138.05999755859375 31.670000076293945 AB 1.6530353992926046 1.0254031941854547
63115.2019 lsst_hardware_z -73.14473949242803 66.93000030517578 31.719999313354492 AB 0.7048171982395026 1.0319431892232835
63118.1878 lsst_hardware_g 1.534884987335985 15.050000190734863 31.450000762939453 AB 3.3437457434234297 1.038027394155408
63118.205 lsst_hardware_r -20.162486876648583 23.860000610351562 31.510000228881836 AB 3.3773902165840006 1.023761811635041
63123.1672 lsst_hardware_z -53.39613697709319 41.72999954223633 30.950000762939453 AB 0.9384782126578568 1.0468245539966148
63123.1849 lsst_hardware_i 7.290495613637569 31.290000915527344 31.260000228881836 AB 0.9143920006590104 1.027887963270082
63125.1714 lsst_hardware_u 2.4785281962770576 2.7899999618530273 28.469999313354492 AB 3.0762508129001684 1.035077662483233
63125.1913 lsst_hardware_g -29.221071253989454 15.199999809265137 31.479999542236328 AB 3.0543350308974047 1.0214028639719333
63132.1539 lsst_hardware_r 47.106487566270054 26.399999618530273 31.540000915527344 AB 1.4578535985356227 1.0334500934795805
63132.1646 lsst_hardware_g 7.54785623821671 17.969999313354492 31.530000686645508 AB 1.3827141279149675 1.0249919406340933
63144.0811 lsst_hardware_r 8.974274081141134 23.850000381469727 31.5 AB 3.0963584078337316 1.103936683522633
63144.0989 lsst_hardware_g -2.4277133563814597 14.739999771118164 31.440000534057617 AB 3.744854969212717 1.0644840731133363
63146.1143 lsst_hardware_r -6.251776717407929 23.639999389648438 31.510000228881836 AB 8.2299161319829 1.034829921766593
63146.1339 lsst_hardware_i -24.654472009564753 30.899999618530273 31.260000228881836 AB 4.0080619233229875 1.0214225084920967
63148.1105 lsst_hardware_z 17.241685011925266 41.380001068115234 30.950000762939453 AB 6.068321549678579 1.03316958366878
63148.1308 lsst_hardware_i 3.0064904952102185 30.920000076293945 31.260000228881836 AB 3.576451334215538 1.0207010252952107
63152.1006 lsst_hardware_r 21.198531525728225 23.290000915527344 31.5 AB 5.418518224652592 1.0321970139351542
63152.118 lsst_hardware_i 26.34257000256377 30.639999389648438 31.25 AB 5.325014810252505 1.0212590334510157
63154.0942 lsst_hardware_z 30.851610233300057 41.18000030517578 30.950000762939453 AB 6.40515043565017 1.0330887799435757
63154.1131 lsst_hardware_u 1.8420663963187323 2.7899999618530273 28.5 AB 6.330692403021461 1.021079419842171
63158.0941 lsst_hardware_i -27.347954296541584 30.93000030517578 31.260000228881836 AB 4.311413786171887 1.024697275382504
63158.1116 lsst_hardware_z 56.50505037436266 41.209999084472656 30.950000762939453 AB 4.2905508128431675 1.0196579742963126
63160.0778 lsst_hardware_z -40.85615022888482 41.380001068115234 30.950000762939453 AB 2.964752203327892 1.0331046966906148
63160.0952 lsst_hardware_i 24.864887131198987 31.020000457763672 31.260000228881836 AB 2.696567836510059 1.0215884463495093
63162.0804 lsst_hardware_z -10.566558073826842 43.2599983215332 30.959999084472656 AB 4.465612948243364 1.0264597053770201
63162.0986 lsst_hardware_g -3.89051473588311 28.09000015258789 31.649999618530273 AB 5.410089684896018 1.0197134454615058
63164.0745 lsst_hardware_r -17.916748586519766 61.43000030517578 31.649999618530273 AB 3.9249710276981986 1.0267625639252629
63164.0907 lsst_hardware_i -42.94912624508726 53.93000030517578 31.329999923706055 AB 4.619079186381878 1.0199644898532043
63167.0748 lsst_hardware_z -10.05955322872279 100.1500015258789 31.75 AB 2.7872153031453712 1.0220811526018962
63171.052 lsst_hardware_r 36.60127784303773 53.88999938964844 31.639999389648438 AB 4.360910953233176 1.0293259527694356
63171.0712 lsst_hardware_i 84.7108664621334 54.59000015258789 31.329999923706055 AB 4.2815413584006405 1.0200217649554832
63180.043 lsst_hardware_z 33.6842599758509 41.18000030517578 30.950000762939453 AB 8.720294053631026 1.0208128830705756
63180.062 lsst_hardware_i -29.171501398975515 30.899999618530273 31.260000228881836 AB 8.822472559956546 1.0215924687305675
63182.0237 lsst_hardware_y -5.769135139630789 48.720001220703125 30.049999237060547 AB 5.256729678220669 1.0279598490776178
63182.0417 lsst_hardware_u 1.7016567986465438 2.7100000381469727 28.420000076293945 AB 4.566785884904646 1.0199410128208093
63185.0246 lsst_hardware_y 38.21277487962551 49.41999816894531 30.049999237060547 AB 5.712925067350567 1.022523690181323
63185.0416 lsst_hardware_r 18.070219376614205 23.639999389648438 31.520000457763672 AB 5.703217563869777 1.0199190898399242
63188.0244 lsst_hardware_z -89.61234145498173 75.55999755859375 31.719999313354492 AB 7.747863908502903 1.0200821436631438
63190.0158 lsst_hardware_y 183.72695069779942 73.26000213623047 30.079999923706055 AB 7.651189721989018 1.020782441090299
63190.0363 lsst_hardware_g -8.280526698679248 20.969999313354492 31.579999923706055 AB 7.657087514554519 1.022217094324637
