data/validation/pwv_sim_epoch_fit_epoch/45431756.ecsv
# %ECSV 0.9
# ---
# datatype:
# - {name: time, datatype: float64}
# - {name: band, datatype: string}
# - {name: flux, datatype: float64}
# - {name: fluxerr, datatype: float64}
# - {name: zp, datatype: float64}
# - {name: zpsys, datatype: string}
# - {name: pwv, datatype: float64}
# - {name: airmass, datatype: float64}
# meta: {SNID: '45431756', alt: 1024.0, c: -0.07214655727148056, dec: 2.089372, lat: -30.244573, lon: -70.7499537, ra: 354.550781, t0: 62747.67578125,
#   x0: 4.605003245609216e-06, x1: 0.5602360367774963, z: 0.6340901851654053}
# schema: astropy-2.0
time band flux fluxerr zp zpsys pwv airmass
62673.4115 lsst_hardware_i 69.7961807149524 65.83000183105469 31.299999237060547 AB 3.6343255330537123 1.1974055899358371
62673.4153 lsst_hardware_y -87.75254436452545 56.119998931884766 30.0 AB 3.642152275192003 1.193691683571968
62677.4332 lsst_hardware_g -61.59982479909019 21.8700008392334 31.530000686645508 AB 4.876100649067022 1.188519820214581
62679.3962 lsst_hardware_i 7.0281707047070165 47.400001525878906 31.989999771118164 AB 8.589588506386802 1.1962798657967064
62679.4209 lsst_hardware_y 20.427685453011467 49.400001525878906 29.989999771118164 AB 8.471814504010622 1.1861133362282985
62683.3756 lsst_hardware_g -3.8590127501931173 15.920000076293945 31.40999984741211 AB 11.722800138861219 1.2085360967898164
62683.4042 lsst_hardware_r 17.460058060196808 36.0099983215332 32.2400016784668 AB 11.50267954593174 1.1858432521579114
62683.4354 lsst_hardware_y -81.88146556879107 52.2400016784668 29.989999771118164 AB 11.3054530113885 1.2067302011729257
62703.3018 lsst_hardware_z -96.52963942084993 57.279998779296875 30.950000762939453 AB 6.191110187264475 1.2478932098290705
62705.1966 lsst_hardware_i -82.82008094731681 65.12000274658203 32.27000045776367 AB 10.992314350444694 2.048575434156489
62705.2314 lsst_hardware_z -49.63183065165145 69.12999725341797 31.639999389648438 AB 7.762357529882954 1.5929319782235007
62708.3329 lsst_hardware_i -30.59574955331082 32.689998626708984 31.219999313354492 AB 10.014500680029206 1.1863647938748862
62708.362 lsst_hardware_u -0.6351677877381089 2.609999895095825 28.239999771118164 AB 8.62849507939898 1.199957594947012
62712.3069 lsst_hardware_i 25.402182828956615 32.529998779296875 31.229999542236328 AB 5.281768660391359 1.1955112404688453
62712.3292 lsst_hardware_r -11.302267496823571 24.600000381469727 31.479999542236328 AB 5.305122431251611 1.1858997275626715
62717.2687 lsst_hardware_z 56.16924199078877 44.14573561529866 30.93000030517578 AB 1.2126869417384218 1.2353347454041648
62717.2915 lsst_hardware_u 1.664440170379271 2.6541191849113352 28.25 AB 1.1633788528245692 1.1973024214318035
62721.2696 lsst_hardware_g 14.243080408441013 25.624346986340857 31.559999465942383 AB 3.7720139818862433 1.212119213309989
62721.2895 lsst_hardware_r 49.412840020895956 25.260979395363453 31.489999771118164 AB 3.610182533750326 1.1897778316215508
62724.2636 lsst_hardware_i 349.39899808472563 87.283388696343 32.040000915527344 AB 8.196240790647275 1.2086622364088146
62724.2875 lsst_hardware_z 253.12746378567573 83.57358482220229 31.709999084472656 AB 8.070623573302944 1.1868564078386683
62730.2286 lsst_hardware_z 432.5663760772644 79.02718225155077 30.969999313354492 AB 5.3532144059468125 1.2465763578235223
62730.2499 lsst_hardware_i 600.9789136762829 87.82175782715603 31.309999465942383 AB 5.125520894677196 1.2047765168088684
62734.243 lsst_hardware_r 1131.255208225018 43.80573382972897 31.510000228881836 AB 1.756984254193398 1.199647854925791
62734.2625 lsst_hardware_i 900.0521072420271 46.01409345359774 31.25 AB 1.1862479552099348 1.1862479552099348
62737.2477 lsst_hardware_z 751.501226667392 51.42745006920668 30.940000534057617 AB 3.0694197203773252 1.188699304348025
62737.2675 lsst_hardware_u 8.325626829185165 3.8302944580734923 28.399999618530273 AB 3.3266532137504923 1.187666266958405
62739.2215 lsst_hardware_g 440.51065384693607 26.493949194643644 31.43000030517578 AB 2.9819402738499603 1.21044865997573
62739.2381 lsst_hardware_r 1490.684158929666 46.44370050420528 31.5 AB 2.919325615281754 1.1913183494314443
62741.2192 lsst_hardware_i 1237.6767684782096 48.087376010186816 31.229999542236328 AB 4.761367266899278 1.2057146788805464
62741.2346 lsst_hardware_z 885.1648042983593 52.802813253115964 30.940000534057617 AB 4.727570234946172 1.1899744686695906
62743.2173 lsst_hardware_i 1209.6542064376802 48.792565327416895 31.239999771118164 AB 3.3369978641679223 1.201006969288437
62743.2344 lsst_hardware_u 3.5003053373371493 3.274148580832222 28.3799991607666 AB 3.31809639821167 1.1872959440165805
62745.1831 lsst_hardware_u 8.207511927045655 2.992355560030748 28.290000915527344 AB 2.072853860379522 1.2589455574731383
62746.1248 lsst_hardware_r 1548.1432328264573 46.99782765465106 31.420000076293945 AB 4.517858193741025 1.5465937788809352
62750.2112 lsst_hardware_z 922.6197793663132 56.584190580111205 30.940000534057617 AB 0.49840059437752376 1.189263697063091
62750.2318 lsst_hardware_r 1626.8770955217487 55.09072695545712 31.56999969482422 AB 0.4937381768486664 1.1875843099186203
62756.1737 lsst_hardware_z 1897.3422149936116 177.63042664910526 31.729999542236328 AB 3.2511401063027625 1.2126971892584362
62759.1615 lsst_hardware_r 1243.617613853661 91.51691692736819 31.610000610351562 AB 1.6647874959334579 1.2197734736354557
62759.1793 lsst_hardware_i 1101.3051873099134 78.70491483425914 31.299999237060547 AB 1.2262040219788333 1.1948394854848556
62763.1451 lsst_hardware_r 916.5540797985587 39.06563475825114 31.479999542236328 AB 9.179970009335577 1.2308889795300608
62763.1649 lsst_hardware_g 123.25197559476857 19.195324815504158 31.420000076293945 AB 8.906981145386498 1.198423242677049
62766.1413 lsst_hardware_r 754.1872729538272 37.09205557241095 31.479999542236328 AB 4.142470454140903 1.2218475432526505
62766.1607 lsst_hardware_i 797.2639262822296 43.49440073567708 31.239999771118164 AB 4.044120504369623 1.1943651814440706
62768.1139 lsst_hardware_z 707.3445904156918 51.769168757317665 30.93000030517578 AB 4.696839859394353 1.278631540669969
62768.1332 lsst_hardware_i 779.8048970548039 42.63557858835295 31.229999542236328 AB 4.313028419774363 1.2271514851406933
62775.1393 lsst_hardware_g 66.67935094016401 17.411338820682747 31.420000076293945 AB 7.085692155926861 1.1917071600717917
62775.1582 lsst_hardware_r 317.5131206534939 31.694982789994622 31.489999771118164 AB 7.0609961545555775 1.1860575847515706
62782.1208 lsst_hardware_r 674.2524212143343 149.3548110098797 32.380001068115234 AB 11.457563285426595 1.1912522368894045
62782.1496 lsst_hardware_i 809.7001471156244 124.62358700997363 32.060001373291016 AB 5.921216575652288 1.190393682489989
62784.1178 lsst_hardware_z 1119.4297693696392 159.6540785826461 31.739999771118164 AB 3.7434951114941466 1.1896070477710332
62786.1005 lsst_hardware_z 388.3991465911414 90.28436225861911 30.979999542236328 AB 6.953525544203718 1.2002805927939788
62786.1178 lsst_hardware_r 5.737474551006577 129.8780079886084 31.6200008392334 AB 6.853121795605922 1.1870132005495166
62788.1031 lsst_hardware_i 235.26028134505643 62.96797656709943 31.299999237060547 AB 8.612950402587673 1.1922551284598226
62788.1214 lsst_hardware_z 355.81349624422376 62.461370643881715 30.959999084472656 AB 8.571639211383525 1.1858936374354798
62790.1047 lsst_hardware_i 273.76729608770813 36.25558480292039 31.239999771118164 AB 9.163260395542283 1.1878740466090592
62790.122 lsst_hardware_u 6.436529563637156 4.400626510923501 28.75 AB 9.253454982807403 1.1873552159291567
62792.0698 lsst_hardware_u -6.1514294933016185 2.784879757514786 28.350000381469727 AB 7.255533104732268 1.2228426581009442
62792.0871 lsst_hardware_g 24.416611613146085 16.09371122547846 31.420000076293945 AB 10.332000493381889 1.1969301145973195
62798.0813 lsst_hardware_g 19.697238324490925 15.699094842008236 31.40999984741211 AB 4.355139932606868 1.1886298942705675
62798.1028 lsst_hardware_r 116.14560677993215 26.868040811080643 31.489999771118164 AB 3.6845040771796804 1.1885497023160259
62800.0732 lsst_hardware_i 169.08203166145046 35.071983403623975 31.239999771118164 AB 2.60173752394508 1.190181849929131
62800.0907 lsst_hardware_z 318.87552749303865 46.34566758927575 30.940000534057617 AB 2.7112394545329437 1.186191973690948
62802.0751 lsst_hardware_i 84.86965279594313 35.19121417327048 31.239999771118164 AB 3.213578852448123 1.186698246841995
62802.0924 lsst_hardware_u 4.600220502790834 3.3769711578386903 28.479999542236328 AB 4.469586986015203 1.1888253354059877
62804.0411 lsst_hardware_u 7.678230176596479 3.4307008859584114 28.469999313354492 AB 5.474086303559763 1.2153158247344484
62804.0585 lsst_hardware_g -12.474289515739905 16.158804167211777 31.450000762939453 AB 6.139177296787988 1.1929998633477448
62808.0468 lsst_hardware_r 96.39207017255531 47.547067379967174 31.59000015258789 AB 3.5516591167897444 1.1936678168735337
62808.0673 lsst_hardware_i 148.4143245123142 46.55659700544959 31.280000686645508 AB 3.566738140241525 1.1859478438041269
62814.0575 lsst_hardware_z 454.65989438570534 113.1159983519928 31.729999542236328 AB 7.380067901920685 1.1877791687640586
62818.0189 lsst_hardware_y 0.21675538620244528 56.05092171662673 30.010000228881836 AB 5.900527132601089 1.1941969505365488
62818.0369 lsst_hardware_i 117.71515243413191 34.30744850664481 31.239999771118164 AB 6.309285389533554 1.1858073028814937
62821.0206 lsst_hardware_y -39.15204980119329 57.48745849714815 30.0 AB 7.693395293079786 1.1876341868779499
62821.0418 lsst_hardware_g 15.77807860670334 15.700130275439555 31.399999618530273 AB 7.102249029292145 1.1895568259429101
62824.0215 lsst_hardware_y 142.63879178259407 55.71340545528884 30.010000228881836 AB 6.704515633385349 1.1858004303829766
62824.0406 lsst_hardware_i 96.86537704787361 34.367737524803296 31.229999542236328 AB 6.700681155856823 1.1949853446421632
63043.4147 lsst_hardware_i -2.5408894245371934 33.45000076293945 31.239999771118164 AB 6.407750779519245 1.186620514725786
63043.435 lsst_hardware_y 57.03982337623765 52.060001373291016 30.0 AB 6.909023034118482 1.1909370893102629
63045.4055 lsst_hardware_i 54.19609251188381 33.540000915527344 31.239999771118164 AB 6.169177782424192 1.1879986101113627
63045.4246 lsst_hardware_y -30.887650369621685 49.650001525878906 30.0 AB 5.997669539383157 1.188049430052788
63047.3667 lsst_hardware_u -0.04698542442693739 2.700000047683716 28.299999237060547 AB 4.430759632939419 1.2314507039853153
63047.3878 lsst_hardware_g 19.49291097955444 15.9399995803833 31.40999984741211 AB 4.846062080883506 1.1972976110891618
63057.3632 lsst_hardware_z 56.45195751931337 60.93000030517578 30.969999313354492 AB 9.540987896151739 1.1946145112043156
63057.384 lsst_hardware_r -62.93518524799845 69.0999984741211 31.6200008392334 AB 11.450531496558941 1.1859076688476082
63062.3428 lsst_hardware_i -1.7549024466368495 32.91999816894531 31.229999542236328 AB 4.519048609313228 1.2020344751464898
63062.3584 lsst_hardware_z 47.32409742357787 43.7599983215332 30.93000030517578 AB 4.4295320895052 1.1883385887335913
63065.3451 lsst_hardware_u -1.233290154089591 3.890000104904175 29.1200008392334 AB 1.8603210662942296 1.1914951321269616
63065.3669 lsst_hardware_g 8.689693743600394 21.860000610351562 32.16999816894531 AB 1.8871062742234248 1.186859291964418
63069.3455 lsst_hardware_z -28.23024089438591 43.599998474121094 30.93000030517578 AB 5.131197827032769 1.1862212746473226
63069.3671 lsst_hardware_u -2.6419963032798806 2.690000057220459 28.329999923706055 AB 5.194727519131284 1.1933672224054193
63077.3865 lsst_hardware_i 29.35607643891669 47.33000183105469 31.969999313354492 AB 6.005839191018966 1.2745613280084094
63077.4122 lsst_hardware_z 27.858561132421567 65.80000305175781 31.670000076293945 AB 6.611424256807023 1.3819385312955184
63079.1678 lsst_hardware_z -93.90100666514556 69.25 30.829999923706055 AB 9.739519003164055 2.1450322658658862
63079.2026 lsst_hardware_r -241.42811873478988 79.93000030517578 31.489999771118164 AB 7.52171448474472 1.6401470747371827
63083.228 lsst_hardware_z -259.25378093894045 194.11000061035156 32.459999084472656 AB 1.4749316440292606 1.375067375857602
63085.3016 lsst_hardware_z 96.80506157546691 68.4800033569336 30.969999313354492 AB 4.897729265826621 1.1862738412304104
63085.325 lsst_hardware_r -71.71113166503835 85.54000091552734 31.6200008392334 AB 4.898672086420258 1.1947980698585996
63091.3057 lsst_hardware_i 2.7426297854787616 32.86000061035156 31.239999771118164 AB 4.357378086697067 1.192277842036775
63091.3235 lsst_hardware_u -0.9516074715839966 2.799999952316284 28.40999984741211 AB 4.432632817474564 1.2144199499931692
63099.2587 lsst_hardware_z -92.17611558144681 43.84000015258789 30.93000030517578 AB 1.2581291223339077 1.1877546588000072
63099.2766 lsst_hardware_u 3.3039885593773595 2.6700000762939453 28.309999465942383 AB 1.2133649770918566 1.187826702977833
63113.2003 lsst_hardware_r -71.94731427881834 99.5 31.610000610351562 AB 1.809722646833152 1.2064817645554347
63113.2188 lsst_hardware_i 41.55529087639973 82.16000366210938 31.309999465942383 AB 1.9444625910097455 1.1885468160206267
63115.2077 lsst_hardware_z -10.510031596994088 75.02999877929688 31.700000762939453 AB 0.8062264736522889 1.1922018094673406
63118.1931 lsst_hardware_g -1.8499233371438983 15.75 31.420000076293945 AB 3.870111677969306 1.1982697354189353
63118.2103 lsst_hardware_r -4.943177064714074 25.1299991607666 31.489999771118164 AB 3.751328922913549 1.1865661625537083
63121.1609 lsst_hardware_r -20.537082957747533 25.260000228881836 31.479999542236328 AB 4.257890901459105 1.240192500242949
63121.1798 lsst_hardware_i 44.48887798726219 33.040000915527344 31.229999542236328 AB 3.2265163177882585 1.204598214593339
63123.1614 lsst_hardware_z 7.945967163370132 44.27000045776367 30.93000030517578 AB 2.052042268141612 1.2268088490285407
63123.179 lsst_hardware_i 1.7104754947327563 33.060001373291016 31.239999771118164 AB 1.0574178411197828 1.1987731784070743
63125.1657 lsst_hardware_u -1.4637470468902052 2.7100000381469727 28.309999465942383 AB 3.8521703472359405 1.2092195293196424
63125.1854 lsst_hardware_g 8.634167063158142 15.800000190734863 31.420000076293945 AB 3.5462452399211144 1.1888848097182034
63128.1422 lsst_hardware_g 1.6481365421257055 15.829999923706055 31.40999984741211 AB 9.183096230303914 1.2392006248301617
63128.1619 lsst_hardware_r -18.25457705735397 25.31999969482422 31.489999771118164 AB 8.918865950115466 1.2029762543992228
63132.1451 lsst_hardware_r -26.172052972376672 28.40999984741211 31.520000457763672 AB 1.6687313206560745 1.211566786535992
63132.1581 lsst_hardware_g 8.019032563005457 19.440000534057617 31.5 AB 1.6701605743287584 1.194963444547168
63136.139 lsst_hardware_z -39.25493957329975 60.189998626708984 30.959999084472656 AB 4.676744235674852 1.2043893561409476
63136.1587 lsst_hardware_i -40.80118801567609 62.380001068115234 31.299999237060547 AB 4.6072308627607095 1.1873541299556953
63146.1079 lsst_hardware_r 32.445907051058676 25.18000030517578 31.489999771118164 AB 9.596227203170619 1.2099389164902958
63146.1274 lsst_hardware_i 0.06108693678970553 33.0 31.239999771118164 AB 4.5025264239454446 1.189256847317867
63148.1046 lsst_hardware_z 59.30406306873218 43.900001525878906 30.93000030517578 AB 6.888376861368796 1.206687722057642
63148.1248 lsst_hardware_i -7.288925704373818 32.779998779296875 31.239999771118164 AB 6.573772347427543 1.1878164814957848
63150.1042 lsst_hardware_u -2.1085738661494813 2.759999990463257 28.3700008392334 AB 5.0401149954875315 1.2000273798779837
63150.1222 lsst_hardware_g 0.38649508019722906 15.399999618530273 31.40999984741211 AB 4.984449146820331 1.186773606385793
63152.1061 lsst_hardware_r 8.696908953366316 24.780000686645508 31.479999542236328 AB 6.207648152361048 1.1926699194392318
63152.1235 lsst_hardware_i -43.823716737222256 32.70000076293945 31.229999542236328 AB 6.196225216403098 1.1858804241920273
63158.0681 lsst_hardware_r 5.288086275391014 24.75 31.479999542236328 AB 4.615982695953778 1.2222642236467118
63158.0855 lsst_hardware_i -3.856936228652144 32.709999084472656 31.229999542236328 AB 5.032395111977365 1.1965511768358474
63160.0709 lsst_hardware_z 29.181866429087524 44.58000183105469 30.940000534057617 AB 3.513954779308566 1.2080635253316945
63160.0881 lsst_hardware_i 14.535898675936782 33.36000061035156 31.239999771118164 AB 3.240992060684389 1.18990071066889
63162.0743 lsst_hardware_z -14.384586007362401 46.209999084472656 30.940000534057617 AB 5.204154659675895 1.1968388799345768
63162.0925 lsst_hardware_g -41.52763932217594 28.829999923706055 31.579999923706055 AB 6.287096120080167 1.1860953565740475
63164.0676 lsst_hardware_r 60.896426866013805 65.27999877929688 31.610000610351562 AB 4.574998139684619 1.1981662522089793
63164.0838 lsst_hardware_i 13.857243346028868 57.54999923706055 31.299999237060547 AB 5.364450492523317 1.1868253302043281
63167.0814 lsst_hardware_z 307.2444330843042 137.25999450683594 31.729999542236328 AB 3.275389243448669 1.1858759027689836
63169.0414 lsst_hardware_r -40.470075273660925 116.12000274658203 31.6200008392334 AB 5.573310142026764 1.216083382506303
63169.0583 lsst_hardware_z 28.02560308539109 80.12000274658203 30.979999542236328 AB 6.112078375535874 1.1938430318775717
63180.0163 lsst_hardware_y -81.25893045984151 53.869998931884766 30.0 AB 15.432388167933464 1.2080462504905645
63180.034 lsst_hardware_z 1.0713431730972236 43.72999954223633 30.940000534057617 AB 14.747294508567034 1.189585747242642
63182.0176 lsst_hardware_y -15.892676296676472 53.2400016784668 30.0 AB 6.145490338594192 1.1991200660671595
63182.0356 lsst_hardware_u -2.251116158229318 2.7200000286102295 28.329999923706055 AB 5.9846928550034555 1.186556204213455
63190.0218 lsst_hardware_y 2.43405111797083 56.2400016784668 30.010000228881836 AB 8.877430575430871 1.1860426736566925
63190.0422 lsst_hardware_g 26.24681210499717 21.270000457763672 31.510000228881836 AB 8.002865301575605 1.1988413304735934
