data/validation/pwv_sim_epoch_fit_epoch/456139.ecsv
# %ECSV 0.9
# ---
# datatype:
# - {name: time, datatype: float64}
# - {name: band, datatype: string}
# - {name: flux, datatype: float64}
# - {name: fluxerr, datatype: float64}
# - {name: zp, datatype: float64}
# - {name: zpsys, datatype: string}
# - {name: pwv, datatype: float64}
# - {name: airmass, datatype: float64}
# meta: {SNID: '456139', alt: 1024.0, c: 0.05674368143081665, dec: -29.313198, lat: -30.244573, lon: -70.7499537, ra: 224.824219, t0: 62666.21484375,
#   x0: 9.795482100585819e-06, x1: -1.3523885011672974, z: 0.4644589424133301}
# schema: astropy-2.0
time band flux fluxerr zp zpsys pwv airmass
62539.2991 lsst_hardware_i 30.022447417312154 34.84000015258789 31.200000762939453 AB 5.083412251609199 1.3849372705651437
62539.3179 lsst_hardware_z -71.52783775371763 45.2599983215332 30.920000076293945 AB 4.762448537150708 1.2694784851794898
62546.3055 lsst_hardware_z -19.145059731922206 44.34000015258789 30.93000030517578 AB 3.1588112982279775 1.2355194126054672
62546.3234 lsst_hardware_u -5.487146401116194 2.75 28.360000610351562 AB 3.106294281842178 1.159930650426549
62548.296 lsst_hardware_r -68.7262441355437 67.9800033569336 31.600000381469727 AB 6.341191805474536 1.2555572330411493
62548.3137 lsst_hardware_g 35.17503450673674 64.41000366210938 31.670000076293945 AB 5.8083746663349896 1.1760422494140057
62552.3014 lsst_hardware_z 112.0187716031627 63.29999923706055 30.969999313354492 AB 4.316457912189848 1.1815122022417466
62552.3196 lsst_hardware_i -50.15685372212034 67.45999908447266 31.31999969482422 AB 4.052488586954393 1.1178764894361803
62554.3227 lsst_hardware_z 11.077202980450366 64.58000183105469 30.979999542236328 AB 12.2204168882183 1.0937208858853333
62554.3411 lsst_hardware_r -120.73882982447057 82.4000015258789 31.649999618530273 AB 9.88873125068755 1.0524685363794855
62557.3034 lsst_hardware_z -37.55291291868338 68.70999908447266 31.709999084472656 AB 10.131691793926004 1.1257435326584448
62559.3025 lsst_hardware_g 5.028938858984679 18.389999389648438 31.510000228881836 AB 6.887086890181444 1.11189649502445
62559.3216 lsst_hardware_r 20.640460406522788 26.510000228881836 31.530000686645508 AB 6.553829386309724 1.0641060864279468
62561.3005 lsst_hardware_i 28.500764696349027 31.770000457763672 31.25 AB 4.533282766152917 1.102050022159455
62561.3211 lsst_hardware_z -68.74874724112686 41.560001373291016 30.940000534057617 AB 4.325720910246106 1.054153992992837
62563.2966 lsst_hardware_i -20.939439889771087 31.989999771118164 31.239999771118164 AB 6.674016880065182 1.0977904235652902
62563.3199 lsst_hardware_u 1.1455016040681194 2.7100000381469727 28.389999389648438 AB 6.347952758858778 1.0463514664126226
62566.3014 lsst_hardware_g 4.601399372767408 14.949999809265137 31.43000030517578 AB 7.5929139633470735 1.0664205004700946
62566.3212 lsst_hardware_r 6.847311220406149 23.760000228881836 31.5 AB 7.364491164488305 1.0313330062652108
62568.2031 lsst_hardware_u 2.509751166756445 2.380000114440918 27.989999771118164 AB 16.31341838927713 1.520674735082123
62568.2247 lsst_hardware_g -0.8294647435450155 15.119999885559082 31.34000015258789 AB 14.60232870082051 1.3524640281089062
62571.2003 lsst_hardware_r -26.358106103075137 25.350000381469727 31.40999984741211 AB 12.995652282796744 1.4732211741869625
62571.2204 lsst_hardware_i 2.33205600642019 33.779998779296875 31.209999084472656 AB 11.39255676434132 1.327674868137301
62572.2156 lsst_hardware_z 29.42938847967256 45.5 30.920000076293945 AB 9.921056345775076 1.3406832899696048
62572.2384 lsst_hardware_r -4.694272031767643 24.40999984741211 31.479999542236328 AB 9.008512909778206 1.2173666094294873
62575.2205 lsst_hardware_z -34.45669718408208 48.959999084472656 30.93000030517578 AB 11.714098109686187 1.2648165102506062
62575.2432 lsst_hardware_r -44.00284751725197 37.779998779296875 31.56999969482422 AB 10.727372459296316 1.1637418593291728
62578.2493 lsst_hardware_i 32.45399787044569 61.650001525878906 31.309999465942383 AB 6.583372895989141 1.1158259145744307
62578.2669 lsst_hardware_z 133.26468962262726 57.0099983215332 30.979999542236328 AB 6.827956477316995 1.070212613999529
62580.242 lsst_hardware_z -28.77413110654549 73.58999633789062 30.979999542236328 AB 5.5722804492855795 1.1214088245694638
62580.2598 lsst_hardware_r -70.61599211786167 107.45999908447266 31.649999618530273 AB 5.347845185655445 1.0739004355544977
62584.2544 lsst_hardware_z 3.594363943030651 86.36000061035156 31.729999542236328 AB 6.482990550280091 1.061914914050793
62591.1603 lsst_hardware_z -62.249424220703894 45.400001525878906 30.920000076293945 AB 6.925760548467181 1.3631374400368412
62591.1788 lsst_hardware_i -30.777900643832826 32.619998931884766 31.219999313354492 AB 5.9370221498773486 1.2545655032494702
62594.1469 lsst_hardware_r -4.083866305258895 24.93000030517578 31.43000030517578 AB 8.79502916615397 1.3995908921314575
62594.1657 lsst_hardware_u 2.159622710813178 2.5399999618530273 28.190000534057617 AB 8.012201009216849 1.2805179813356
62598.1654 lsst_hardware_z -0.008317287974669917 43.7400016784668 30.93000030517578 AB 12.466998064519888 1.2266642897198974
62598.1849 lsst_hardware_u -2.7081535814728372 2.6600000858306885 28.34000015258789 AB 11.711819287253373 1.1475144433316224
62600.1653 lsst_hardware_g 8.279033248455072 15.0 31.399999618530273 AB 8.361920853080715 1.2025484796261905
62600.1828 lsst_hardware_r 21.41201911105108 24.229999542236328 31.489999771118164 AB 9.00040830389968 1.1360924363532685
62602.157 lsst_hardware_i -107.10365087814475 34.81999969482422 31.25 AB 3.6594260350454393 1.215083354193388
62602.1754 lsst_hardware_z -15.728681273432612 43.310001373291016 30.950000762939453 AB 3.7517678476744956 1.1426124098293147
62604.1534 lsst_hardware_i 32.20155264265068 41.61000061035156 31.270000457763672 AB 10.273479721736765 1.20681079399776
62604.1713 lsst_hardware_z 36.813139967078754 46.90999984741211 30.950000762939453 AB 11.152582737608311 1.1380186466947257
62606.1694 lsst_hardware_r -27.34974017567647 62.689998626708984 31.6200008392334 AB 11.151839959501016 1.1264484807576784
62606.1872 lsst_hardware_z -62.099597025449 52.54999923706055 30.969999313354492 AB 10.668655476423424 1.0776419673154973
62608.1651 lsst_hardware_i 24.488410370117645 88.9000015258789 31.329999923706055 AB 16.42005501010837 1.1228155778246973
62608.184 lsst_hardware_r 23.36252912420886 112.69000244140625 31.65999984741211 AB 14.653246974878984 1.0724372946081886
62614.1299 lsst_hardware_r -14.960694829839552 36.56999969482422 31.559999465942383 AB 6.440266021148736 1.1906023979569693
62614.1558 lsst_hardware_z 28.75410369800126 47.869998931884766 30.959999084472656 AB 6.022458401960889 1.1020556113199853
62616.1662 lsst_hardware_z -22.60969712806054 59.33000183105469 31.700000762939453 AB 14.876616547632443 1.0636474589726301
62616.1858 lsst_hardware_r -13.037608844763788 33.93000030517578 32.2599983215332 AB 12.997176844729914 1.0297852308392523
62618.1539 lsst_hardware_u -1.3638988465760449 2.740000009536743 28.40999984741211 AB 4.813735516797132 1.0789097161293535
62618.1718 lsst_hardware_g -30.50306686446356 15.170000076293945 31.459999084472656 AB 3.675508016742825 1.042820574557605
62620.1555 lsst_hardware_r 4.273662261379696 24.079999923706055 31.510000228881836 AB 8.679578965051535 1.0631852965918278
62620.1739 lsst_hardware_z -28.827986815947202 41.36000061035156 30.950000762939453 AB 10.04890583614251 1.0311505509791876
62623.1566 lsst_hardware_g -6.375279517181874 15.6899995803833 31.489999771118164 AB 7.767783380687078 1.0454620969969148
62623.1762 lsst_hardware_r 46.36586705100577 24.530000686645508 31.540000915527344 AB 8.02286284637803 1.0181944090840829
62625.1534 lsst_hardware_i 8.239605994916099 31.84000015258789 31.270000457763672 AB 10.496991938917436 1.0416352013744365
62625.1735 lsst_hardware_z -35.42745085859433 41.52000045776367 30.959999084472656 AB 9.35424825083754 1.0153865129810482
62627.0614 lsst_hardware_r -20.385365196237522 25.780000686645508 31.459999084472656 AB 4.959531372342357 1.3672665058837594
62627.0807 lsst_hardware_i 3.2859644339531555 33.720001220703125 31.229999542236328 AB 4.530113957688414 1.2536059287026329
62633.073 lsst_hardware_z 76.73764070578672 68.37000274658203 31.690000534057617 AB 13.861105151616979 1.212217862750184
62639.0733 lsst_hardware_z 185.70434524652086 141.65287685425176 31.739999771118164 AB 9.53399892344445 1.1463266710886677
62644.0637 lsst_hardware_i 11.811496483594638 33.33439460533918 31.239999771118164 AB 2.174406258850284 1.132699909107632
62644.0841 lsst_hardware_z 41.44563653541491 42.88112118589092 30.940000534057617 AB 2.78320569325526 1.0761202577349889
62649.0329 lsst_hardware_r 1195.397723879859 49.15266881691465 32.2400016784668 AB 8.437997465433599 1.1966244721596255
62649.0648 lsst_hardware_u 19.375854074452278 7.135486078039783 29.200000762939453 AB 8.068037008995281 1.0899070596413754
62652.0499 lsst_hardware_z 703.8113795218293 49.82838835560548 30.940000534057617 AB 10.121659254016246 1.1080996528468585
62652.0771 lsst_hardware_u 22.139216013934384 5.233287641112963 28.399999618530273 AB 9.557205573926895 1.046018067028965
62657.0455 lsst_hardware_i 1755.4866628795116 51.766233391367834 31.239999771118164 AB 10.300494551151344 1.083530725858997
62657.0646 lsst_hardware_u 7.482355536034162 3.964781984393837 28.40999984741211 AB 9.931084315462614 1.044031045805421
62674.9542 lsst_hardware_y 569.0109078407362 71.61217866422727 30.0 AB 6.872563331443336 1.2312008834545567
62674.9746 lsst_hardware_r 2620.1321920783193 56.71588411714481 31.489999771118164 AB 10.151213976907746 1.1477323005881528
62677.9568 lsst_hardware_z 1586.0329398825977 66.31307698280631 30.959999084472656 AB 5.906321411492019 1.1838687936444217
62677.9778 lsst_hardware_i 2170.7435034038235 55.3526214636651 31.25 AB 6.740135338785478 1.111301357022104
62679.9571 lsst_hardware_y 456.6142605524513 62.550845362798015 30.020000457763672 AB 8.159454654264787 1.1615708810967935
62679.9765 lsst_hardware_r 1850.044174030102 49.35833929091627 31.489999771118164 AB 7.057479555903114 1.099567061851087
62681.9642 lsst_hardware_y 425.08532588445667 54.09437578614795 30.020000457763672 AB 1.9606125350404948 1.119284035227685
62681.9835 lsst_hardware_r 1686.9307669471484 46.647715144770785 31.510000228881836 AB 1.7264213061207392 1.0689915208177951
62687.9653 lsst_hardware_y 400.544383975205 53.96031665229574 30.049999237060547 AB 7.029682140367694 1.073042787345922
62687.987 lsst_hardware_u 2.5447400163681335 3.8980322167000896 28.639999389648438 AB 6.760766545585982 1.032914016946304
62693.9653 lsst_hardware_y 508.62050427946417 63.401184096052084 30.059999465942383 AB 11.062712940431938 1.0411393514488088
62693.9854 lsst_hardware_r 676.056982943322 96.1451222244807 31.670000076293945 AB 10.777433265256535 1.0150950440566255
62910.3336 lsst_hardware_i -1.9033660047883931 60.27000045776367 31.309999465942383 AB 6.359207759544095 1.1362829910737238
62910.3545 lsst_hardware_r -42.224446492661876 67.80000305175781 31.639999389648438 AB 5.984427121873036 1.0774985815399778
62912.3132 lsst_hardware_z 11.481378350360616 50.5 30.950000762939453 AB 4.728003393637296 1.1919336286480773
62912.3313 lsst_hardware_g 6.383790242101005 38.25 31.649999618530273 AB 4.44233036882373 1.1260659997018327
62914.3066 lsst_hardware_r 20.97780155903243 26.93000030517578 31.5 AB 5.88187564099671 1.1967193572729826
62914.3268 lsst_hardware_i -19.14478650158822 33.20000076293945 31.25 AB 5.537628990070786 1.1230614818463711
62917.294 lsst_hardware_i -6.177138254808647 33.060001373291016 31.239999771118164 AB 4.419626240407913 1.2160204265807988
62917.3146 lsst_hardware_z -24.215527684314168 43.08000183105469 30.950000762939453 AB 4.117134135883558 1.1359178192533084
62919.3183 lsst_hardware_u -5.397009050363197 2.8299999237060547 28.440000534057617 AB 12.393319738654245 1.1077085101471853
62919.3381 lsst_hardware_g -14.56662952278777 15.739999771118164 31.459999084472656 AB 9.882313385106267 1.0596802814900965
62921.2955 lsst_hardware_g -6.2207439412713645 15.680000305175781 31.43000030517578 AB 11.538645636656192 1.1647648211165684
62921.3151 lsst_hardware_r 9.924952245268972 24.829999923706055 31.510000228881836 AB 10.924450146716929 1.101366079919037
62923.3223 lsst_hardware_r 14.510264977461942 24.68000030517578 31.520000457763672 AB 7.04131069513718 1.0699995990989535
62923.3399 lsst_hardware_u -0.8707289189243398 2.8499999046325684 28.5 AB 6.9514735471468265 1.037030328146357
62927.3017 lsst_hardware_r 0.9582408391710795 24.290000915527344 31.510000228881836 AB 3.68917114334877 1.093357711044338
62927.3215 lsst_hardware_i 29.279826046588994 31.40999984741211 31.260000228881836 AB 3.577907714709956 1.0496245587707975
62929.3248 lsst_hardware_r 29.226572983233346 24.1200008392334 31.510000228881836 AB 7.546213958301065 1.0350749548455258
62929.3461 lsst_hardware_u -2.486740627065848 2.759999990463257 28.450000762939453 AB 7.560283603875782 1.0106317687231605
62932.1987 lsst_hardware_i -20.720561642739327 63.59000015258789 31.229999542236328 AB 15.046569811396898 1.5974558541326809
62932.2204 lsst_hardware_z 116.49563235725819 59.83000183105469 30.940000534057617 AB 13.618342749855946 1.4062966886242614
62935.2037 lsst_hardware_r -59.15690661906332 110.79000091552734 31.549999237060547 AB 16.06093975788996 1.473480711733024
62935.224 lsst_hardware_z -69.48843482567666 74.95999908447266 30.959999084472656 AB 13.375651397003848 1.3266314852097776
62937.2015 lsst_hardware_y -7.798107341151007 62.689998626708984 29.90999984741211 AB 11.524487466006235 1.4466791806188226
62937.2228 lsst_hardware_r 78.1378443468939 104.62999725341797 31.59000015258789 AB 9.6286064779252 1.3011630375574594
62941.2123 lsst_hardware_r -19.115951261387462 39.400001525878906 31.540000915527344 AB 10.799430504577623 1.2987369323231488
62941.2338 lsst_hardware_g 15.061593271298284 33.97999954223633 31.610000610351562 AB 9.972506805793289 1.1928835892097087
62943.2494 lsst_hardware_z 95.74032055343326 43.47999954223633 30.950000762939453 AB 6.594043474912741 1.117634487273346
62943.2667 lsst_hardware_r 23.966735037780126 25.209999084472656 31.520000457763672 AB 6.7571809537604635 1.0722280155125916
62946.2504 lsst_hardware_u 3.0390416336905464 2.8499999046325684 28.510000228881836 AB 4.914490732715624 1.0918664147335688
62946.2688 lsst_hardware_g 0.5674188357356265 14.960000038146973 31.459999084472656 AB 4.778504465292947 1.0511448449830505
62950.2491 lsst_hardware_r -33.836358022003296 24.06999969482422 31.520000457763672 AB 7.523963013015564 1.068871269754786
62950.267 lsst_hardware_u -1.4434041322825892 2.940000057220459 28.600000381469727 AB 6.717051558832783 1.0357828155485966
62952.2603 lsst_hardware_r 46.33465847117825 23.850000381469727 31.520000457763672 AB 7.299756904619128 1.0376957040268855
62952.278 lsst_hardware_i 35.19637406117087 31.020000457763672 31.260000228881836 AB 7.036718413584451 1.0153384351952552
62958.1492 lsst_hardware_z 33.357019776764794 49.939998626708984 30.920000076293945 AB 11.74891235276137 1.4078984245370123
62958.1664 lsst_hardware_i 27.911001707978162 41.689998626708984 31.25 AB 10.79919557759132 1.295799805326508
62960.1638 lsst_hardware_z 54.24620455661899 53.380001068115234 30.940000534057617 AB 7.586299381337157 1.279812075803417
62960.181 lsst_hardware_r -195.7320692649344 57.18000030517578 31.59000015258789 AB 5.472890232843806 1.1967833441600275
62962.1487 lsst_hardware_r 174.49766786903905 96.16999816894531 31.59000015258789 AB 15.523219481950255 1.336537903650631
62962.1659 lsst_hardware_i -14.395561068629455 75.12000274658203 31.299999237060547 AB 14.436046675672477 1.2406898436399527
62965.1519 lsst_hardware_z -77.9314833292043 143.02999877929688 31.729999542236328 AB 8.681614879641394 1.2703562890900488
62968.1558 lsst_hardware_r 55.5099001905883 67.62999725341797 31.600000381469727 AB 7.631631900694757 1.2113701429674217
62968.1737 lsst_hardware_i -9.17694092920433 58.900001525878906 31.309999465942383 AB 7.419714214900397 1.1414944946000611
62970.1574 lsst_hardware_z 95.02416500459097 43.97999954223633 30.940000534057617 AB 5.815700244783682 1.18153257267132
62970.1765 lsst_hardware_r -44.54697386599072 29.799999237060547 31.540000915527344 AB 6.191823744055118 1.1151918130586913
62973.1482 lsst_hardware_u 2.901879187278751 2.7300000190734863 28.3799991607666 AB 17.362025346200948 1.1856067567741702
62973.1726 lsst_hardware_g -16.549686398181894 14.970000267028809 31.440000534057617 AB 15.067750209049814 1.1028410907375277
62975.1585 lsst_hardware_r -34.685261726978005 24.450000762939453 31.510000228881836 AB 10.68682170911895 1.1286114382848187
62975.1769 lsst_hardware_u 0.05974455421093008 2.869999885559082 28.520000457763672 AB 9.771632016689813 1.0778327836631165
62977.1499 lsst_hardware_g 13.57806172944598 15.329999923706055 31.440000534057617 AB 8.278013484105232 1.138888833198766
62977.1667 lsst_hardware_r -6.525808100457532 24.479999542236328 31.520000457763672 AB 7.381618478701592 1.089457380075506
62979.1651 lsst_hardware_i -44.52148886189188 44.650001525878906 32.0 AB 5.754877283889199 1.0799169232293486
62979.1843 lsst_hardware_z -19.385525769723493 58.84000015258789 31.700000762939453 AB 4.228283143943243 1.0413635524037215
62984.1613 lsst_hardware_r -10.243744959517924 24.309999465942383 31.510000228881836 AB 2.2126719579358376 1.058357122737167
62984.1803 lsst_hardware_u 2.363555610058583 2.8399999141693115 28.5 AB 2.2804457933880307 1.0271121690747393
62990.1732 lsst_hardware_y 81.06783225372226 73.2699966430664 30.809999465942383 AB 9.35270560722191 1.0163774839406954
62995.046 lsst_hardware_i 77.7145079993443 93.37999725341797 31.270000457763672 AB 12.69290649170122 1.4243288438199286
62995.0647 lsst_hardware_z -19.23150987164601 80.19999694824219 30.959999084472656 AB 11.570633202774175 1.2997060604071038
63005.0494 lsst_hardware_u -0.766576908796065 2.640000104904175 28.280000686645508 AB 10.025641446145507 1.2363089583375908
63005.0687 lsst_hardware_g -29.18737468868797 15.25 31.43000030517578 AB 9.406146525863702 1.1554279691919938
63010.0467 lsst_hardware_r -0.8749316259355202 24.399999618530273 31.479999542236328 AB 9.856745057486132 1.1875596454802566
63010.0674 lsst_hardware_i 19.07712745491298 31.899999618530273 31.25 AB 9.253318972415439 1.1148577075199324
63013.0438 lsst_hardware_z 21.684555266866376 43.41999816894531 30.940000534057617 AB 6.756501570680467 1.1667244984770173
63013.0646 lsst_hardware_u -0.9270533308697805 3.0 28.479999542236328 AB 6.36365932298751 1.0995048720120097
63015.0499 lsst_hardware_g 5.320589401495231 25.81999969482422 31.600000381469727 AB 10.854550810823103 1.1266627719670215
63015.0684 lsst_hardware_r 2.489311223294274 30.559999465942383 31.56999969482422 AB 10.401949641806166 1.0761658062546793
63019.0471 lsst_hardware_i 56.54371793193482 101.05999755859375 32.06999969482422 AB 11.692730807814737 1.1025763969053037
63019.0667 lsst_hardware_z -76.95239568026598 92.2699966430664 31.739999771118164 AB 11.12289853059354 1.0564561457561419
63020.049 lsst_hardware_z -35.47252413386335 82.06999969482422 30.989999771118164 AB 9.75441178977527 1.090213394034529
63020.0693 lsst_hardware_r -233.19721481159397 116.0199966430664 31.65999984741211 AB 9.36961252307274 1.046562511303537
63030.9503 lsst_hardware_z 9.861703425220666 67.4000015258789 30.940000534057617 AB 18.055685300219086 1.404838381654871
63030.9718 lsst_hardware_i 63.9865206900276 33.16999816894531 31.219999313354492 AB 17.59288235394979 1.269808719316479
63035.9522 lsst_hardware_y -28.39309952699271 71.9000015258789 29.969999313354492 AB 5.788164034981497 1.3029069296528177
63035.972 lsst_hardware_r -27.56698838672222 24.489999771118164 31.479999542236328 AB 7.315344233391794 1.2031816173341767
63043.9558 lsst_hardware_y 40.927678164353516 61.56999969482422 30.010000228881836 AB 9.074776430102713 1.1797425645270356
63043.9763 lsst_hardware_z 3.223918610448033 43.79999923706055 30.950000762939453 AB 8.480091197244517 1.1097659043680363
63045.9567 lsst_hardware_y 2.9004708608130234 62.900001525878906 30.030000686645508 AB 4.332390523120863 1.1556123027796381
63045.9772 lsst_hardware_z 12.702740938300243 50.9900016784668 30.959999084472656 AB 4.1780474331219075 1.0922999825155315
63047.9572 lsst_hardware_y -83.52558526902924 70.12999725341797 30.030000686645508 AB 8.509560637730077 1.1350368767396597
63047.9756 lsst_hardware_r -27.893016507630048 96.29000091552734 31.649999618530273 AB 8.496591529786883 1.082575209248504
63050.9677 lsst_hardware_z -86.45611205077884 103.68000030517578 31.739999771118164 AB 8.880593605124494 1.0818667782858788
63052.9595 lsst_hardware_y 56.96478101136592 57.81999969482422 30.040000915527344 AB 7.1271224053337745 1.0886643185336722
63052.9785 lsst_hardware_g -34.619661097984455 42.16999816894531 31.690000534057617 AB 6.834034380485961 1.0477898063810438
