data/validation/pwv_sim_epoch_fit_epoch/45674588.ecsv
# %ECSV 0.9
# ---
# datatype:
# - {name: time, datatype: float64}
# - {name: band, datatype: string}
# - {name: flux, datatype: float64}
# - {name: fluxerr, datatype: float64}
# - {name: zp, datatype: float64}
# - {name: zpsys, datatype: string}
# - {name: pwv, datatype: float64}
# - {name: airmass, datatype: float64}
# meta: {SNID: '45674588', alt: 1024.0, c: -0.060331664979457855, dec: -5.379379, lat: -30.244573, lon: -70.7499537, ra: 316.230469, t0: 59819.6328125,
#   x0: 1.8740915257248378e-05, x1: -0.751867949962616, z: 0.3527495563030243}
# schema: astropy-2.0
time band flux fluxerr zp zpsys pwv airmass
59843.0625 lsst_hardware_r 1724.6445638179978 47.34770296865614 31.5 AB 4.316414625782952 1.1067729809699876
59843.0828 lsst_hardware_i 2206.2791386368112 56.6881907179122 31.25 AB 4.334022828429913 1.1039518146751068
59845.061 lsst_hardware_z 1446.844779636575 57.24269974586411 30.940000534057617 AB 1.5191990545505867 1.104872039673154
59845.0805 lsst_hardware_i 2100.3361314151507 55.65294589457398 31.25 AB 1.5314245588651838 1.1050568073592875
59849.0338 lsst_hardware_r 1086.2514855310744 40.8346744950902 31.479999542236328 AB 3.4737332483469103 1.1169560284073665
59849.0535 lsst_hardware_u 4.397234226400974 3.38381914078036 28.309999465942383 AB 3.0905250960073163 1.103758962859756
59854.0299 lsst_hardware_i 2968.64107611693 73.36227322515855 32.0099983215332 AB 5.53060598613927 1.1083563825994296
59854.0501 lsst_hardware_z 2551.8950428904477 79.41373399474399 31.700000762939453 AB 5.346805423047206 1.1033440823456884
59857.0322 lsst_hardware_r 738.4270006834373 89.14077783021332 31.639999389648438 AB 2.98917481876768 1.1036274021663945
59857.0508 lsst_hardware_z 1102.9196735505989 73.40716822356912 30.979999542236328 AB 3.106211947488902 1.1065292219280065
59860.9992 lsst_hardware_y 305.7073697231879 61.574361458258 30.040000915527344 AB 5.089750997551129 1.1190364963468955
59861.0166 lsst_hardware_z 1016.3858237521579 74.78347408271834 30.979999542236328 AB 4.366503624417169 1.1051641671520769
59863.0005 lsst_hardware_y 324.78848738539693 55.53035585010187 30.040000915527344 AB 3.8623088455673527 1.1120958380556731
59863.0184 lsst_hardware_u 8.118699533443682 11.393867299003023 29.280000686645508 AB 3.7643793393808394 1.1031687035403457
59866.0011 lsst_hardware_y 270.9192437125055 52.94452237568229 30.030000686645508 AB 7.97489070522266 1.1060235592334229
59866.0192 lsst_hardware_r 500.67949656834753 32.97387885889413 31.510000228881836 AB 8.087640924391184 1.103738099541615
59871.9995 lsst_hardware_y 248.20525062884326 59.549945449405605 30.040000915527344 AB 2.5519226281317464 1.103136582766378
59872.0174 lsst_hardware_i 767.7134622143883 42.274854783754996 31.25 AB 3.3243675352327986 1.1118595953843078
60080.3917 lsst_hardware_i -182.39033873563707 99.29000091552734 31.329999923706055 AB 4.968184802816749 1.1281073575878178
60080.4121 lsst_hardware_y 10.407729701759449 133.5399932861328 30.059999465942383 AB 4.9782671556557085 1.1071016654534565
60082.3859 lsst_hardware_i 4.9347938086525795 99.04000091552734 31.31999969482422 AB 9.004096674620573 1.128615777716233
60082.4054 lsst_hardware_y 294.05772863636525 133.0800018310547 30.049999237060547 AB 8.790527620412456 1.1078635045050724
60085.4282 lsst_hardware_i -56.15350452985609 109.98999786376953 31.329999923706055 AB 7.028457156686679 1.1081233692484778
60095.3729 lsst_hardware_g 165.86022220381525 104.7699966430664 31.709999084472656 AB 7.8726100569416895 1.1061438386448292
60095.396 lsst_hardware_r 19.676223793459073 94.94999694824219 31.639999389648438 AB 8.180082259341027 1.1054165215325713
60100.361 lsst_hardware_i -104.42580556128583 109.7699966430664 31.329999923706055 AB 5.789071339387273 1.1053119502410067
60100.3824 lsst_hardware_z -203.3849605492681 136.86000061035156 31.0 AB 5.085033269545033 1.1054420151184854
60111.3164 lsst_hardware_u -40.405363951256994 51.86000061035156 30.219999313354492 AB 7.224665891665833 1.1162382280989596
60111.3409 lsst_hardware_g 81.40501166165538 148.32000732421875 32.459999084472656 AB 7.3545738725442575 1.103006842269744
60118.2935 lsst_hardware_g -62.366111734843486 104.73999786376953 31.709999084472656 AB 2.968075771329929 1.1205924130367213
60118.3218 lsst_hardware_r -65.30592350408703 134.3300018310547 32.38999938964844 AB 2.9343731953832926 1.1030095960593758
60120.3066 lsst_hardware_i -52.24082954585142 110.0 31.329999923706055 AB 4.429216434308315 1.1052317989540543
60120.3317 lsst_hardware_z -154.93505154959536 137.1199951171875 31.0 AB 4.458385668689656 1.107535875963149
60121.3101 lsst_hardware_r -58.76980925906827 95.05999755859375 31.639999389648438 AB 6.109647801543514 1.1033556106808657
60121.3312 lsst_hardware_g 43.327333917417405 104.8499984741211 31.709999084472656 AB 6.144881210981822 1.109017514389882
60128.3065 lsst_hardware_z 251.67879690557044 193.77999877929688 31.75 AB 7.11466620445769 1.1057061472465133
60130.2585 lsst_hardware_r 73.18828698374817 94.80999755859375 31.639999389648438 AB 4.446129470999227 1.1234692283005732
60130.2787 lsst_hardware_i 94.68287609321817 109.86000061035156 31.329999923706055 AB 4.418782644612961 1.105501756183791
60137.241 lsst_hardware_r -5.042010768506005 88.22000122070312 31.6299991607666 AB 7.937319491743643 1.1213807000509044
60137.2632 lsst_hardware_i 73.54842998183746 99.33000183105469 31.329999923706055 AB 8.361931983050702 1.1041283428323991
60141.2796 lsst_hardware_u 9.501579267297078 49.599998474121094 30.219999313354492 AB 3.6233011215572666 1.1113568350762264
60141.3065 lsst_hardware_g -174.9505711998503 142.3000030517578 32.439998626708984 AB 3.2920956318716765 1.1502779985575389
60148.2236 lsst_hardware_r -13.013493003680711 94.88999938964844 31.639999389648438 AB 5.430929117526504 1.108975265205269
60148.2456 lsst_hardware_g -4.334646930120045 104.70999908447266 31.709999084472656 AB 5.380459042407065 1.1035518571946055
60151.1911 lsst_hardware_r 12.351473113426694 94.44999694824219 31.6299991607666 AB 12.406544836405436 1.1392515976834063
60151.2106 lsst_hardware_i 111.25977301968061 109.81999969482422 31.329999923706055 AB 11.31381354728445 1.1128797292299963
60161.2105 lsst_hardware_r -29.787738035436284 94.81999969482422 31.639999389648438 AB 1.1854496381696578 1.1036421628485118
60161.2319 lsst_hardware_i 129.31198726601465 109.55999755859375 31.31999969482422 AB 1.1998333649133408 1.1182044407393668
60163.1614 lsst_hardware_i 153.7327517092689 109.75 31.329999923706055 AB 3.072242958537286 1.1339479423735062
60163.1841 lsst_hardware_z -17.914824429997953 136.99000549316406 31.0 AB 3.109953825000846 1.107993762247199
60166.1709 lsst_hardware_r 91.10165631044565 129.75 32.38999938964844 AB 4.6527552398204035 1.1117694718806221
60166.1907 lsst_hardware_g -21.200172575806835 143.5500030517578 32.459999084472656 AB 4.585649011382674 1.1030265421863392
60169.1656 lsst_hardware_r 0.3558050637412835 134.38999938964844 32.400001525878906 AB 3.611849182625368 1.109460661227267
60169.1849 lsst_hardware_i 153.03970704251086 155.69000244140625 32.09000015258789 AB 3.2678764005900978 1.1030806415494
60177.1526 lsst_hardware_r -100.44898766354036 94.83999633789062 31.639999389648438 AB 1.9463098629513966 1.1046026463969334
60177.1748 lsst_hardware_u 51.04645065891345 36.619998931884766 29.459999084472656 AB 1.9284166375604663 1.1068012077064089
60182.1175 lsst_hardware_i 15.382755728699898 109.77999877929688 31.329999923706055 AB 2.1318120660475723 1.1222032283107066
60182.1353 lsst_hardware_z -17.25879727429045 136.97999572753906 31.0 AB 2.3741074359045107 1.1062083261183264
60184.1093 lsst_hardware_r -116.35499269502174 94.6500015258789 31.639999389648438 AB 3.9576563001860556 1.1259068206593648
60184.1281 lsst_hardware_z -80.35566620770597 136.83999633789062 31.0 AB 4.317966339429759 1.1071708562640408
60194.1163 lsst_hardware_r -211.34626961287464 134.38999938964844 32.400001525878906 AB 1.7185705778907094 1.103061988376139
60194.1397 lsst_hardware_u -25.566490156817792 51.650001525878906 30.209999084472656 AB 2.2401927386689433 1.1159117004577552
60196.0917 lsst_hardware_i 48.32930109248793 99.19999694824219 31.329999923706055 AB 2.88273256296612 1.1095968294711778
60196.1097 lsst_hardware_z 134.9317828784545 123.20999908447266 31.0 AB 2.7744715232753263 1.1030233991288072
60199.0916 lsst_hardware_r -42.8087303962415 88.3499984741211 31.639999389648438 AB 3.285603795487806 1.1049617607155897
60199.1103 lsst_hardware_g -27.483798000255263 97.75 31.709999084472656 AB 3.471316966995337 1.1047233565105696
60201.0621 lsst_hardware_u -38.23479061922615 36.34000015258789 29.440000534057617 AB 1.3233195076292814 1.1270286793152149
60201.0795 lsst_hardware_r 165.01030897010332 94.83999633789062 31.639999389648438 AB 1.2792788046046588 1.1085604892588032
60207.1945 lsst_hardware_r -83.81308659354873 91.2300033569336 31.549999237060547 AB 9.07998196070636 1.4488562247816117
60207.2162 lsst_hardware_u 15.363673085265033 28.899999618530273 28.950000762939453 AB 9.62810234416959 1.6489770806102115
60209.0661 lsst_hardware_g -69.53430431520584 105.01000213623047 31.709999084472656 AB 2.7654533068092224 1.1043040059136358
60209.0887 lsst_hardware_r -205.76889896064827 94.94999694824219 31.639999389648438 AB 3.6104490114388033 1.1075563202940562
60211.0283 lsst_hardware_r -60.29150801584267 94.62000274658203 31.6299991607666 AB 3.1952492779744626 1.1374367053009902
60211.0462 lsst_hardware_i -37.101179776158894 109.75 31.329999923706055 AB 3.384250090532224 1.1134232901899077
60215.0348 lsst_hardware_z -23.896685264533826 136.8699951171875 31.0 AB 5.280150162392484 1.1138773987186654
60215.0553 lsst_hardware_r 28.0984603134384 95.01000213623047 31.639999389648438 AB 4.934756393593954 1.1031291653122859
60218.0287 lsst_hardware_u 30.58874677839997 36.63999938964844 29.459999084472656 AB 6.761375396616383 1.1119616368960845
60218.048 lsst_hardware_r -98.41401802928449 94.88999938964844 31.639999389648438 AB 6.30013550367611 1.1030614556028857
60223.0322 lsst_hardware_r 54.13575020180087 95.0 31.639999389648438 AB 3.7542794870180205 1.1032804487489898
60223.0512 lsst_hardware_u 40.32658222252562 36.84000015258789 29.469999313354492 AB 4.188209760210296 1.1080164272255464
60226.996 lsst_hardware_z 93.5609311787704 136.97000122070312 31.0 AB 3.4437879761425236 1.120477623602578
60227.0118 lsst_hardware_i -57.77441106430854 110.02999877929688 31.329999923706055 AB 2.65570231869382 1.1065426327890917
60237.9979 lsst_hardware_y 345.5289329522453 133.49000549316406 30.059999465942383 AB 3.732029064224411 1.1032258159011907
60238.0158 lsst_hardware_z -48.12839893402396 123.30000305175781 31.0 AB 3.68070755026491 1.1122762680227067
