data/validation/pwv_sim_epoch_fit_epoch/45707070.ecsv
# %ECSV 0.9
# ---
# datatype:
# - {name: time, datatype: float64}
# - {name: band, datatype: string}
# - {name: flux, datatype: float64}
# - {name: fluxerr, datatype: float64}
# - {name: zp, datatype: float64}
# - {name: zpsys, datatype: string}
# - {name: pwv, datatype: float64}
# - {name: airmass, datatype: float64}
# meta: {SNID: '45707070', alt: 1024.0, c: -0.02094927988946438, dec: -12.177298, lat: -30.244573, lon: -70.7499537, ra: 320.976562, t0: 61224.30078125,
#   x0: 1.3745192207247292e-05, x1: 0.8093946576118469, z: 0.40244588255882263}
# schema: astropy-2.0
time band flux fluxerr zp zpsys pwv airmass
61179.4209 lsst_hardware_z -68.75164240713183 43.709999084472656 30.959999084472656 AB 9.338125900239307 1.0542620265582057
61181.3772 lsst_hardware_r 54.96317923959047 36.220001220703125 32.27000045776367 AB 7.878426955524091 1.0965103626337858
61181.394 lsst_hardware_y -43.2602972926611 47.9900016784668 30.040000915527344 AB 7.59822486574915 1.0707003263227621
61186.3974 lsst_hardware_g 19.051414556208943 16.09000015258789 31.479999542236328 AB 5.870689298934067 1.0561959758202222
61186.4185 lsst_hardware_y 22.33549011540189 48.060001373291016 30.040000915527344 AB 5.3215107183295 1.0534863504677643
61188.3998 lsst_hardware_i 11.001054312714313 32.2400016784668 31.260000228881836 AB 9.811353601635874 1.053247720779633
61188.4202 lsst_hardware_y 52.757121841602164 48.0 30.049999237060547 AB 9.28742769786719 1.056339816827698
61195.3391 lsst_hardware_z -59.583679205465124 102.9000015258789 31.739999771118164 AB 13.2179045436654 1.0962846930136634
61197.3895 lsst_hardware_r 78.65286539525376 82.4566145725856 31.649999618530273 AB 4.686520149058997 1.0537820751894011
61197.4142 lsst_hardware_i -71.85282994129854 71.17831978039807 31.329999923706055 AB 4.774739546566587 1.0728948123511166
61218.2808 lsst_hardware_i 3387.365176344136 78.91174560197516 31.309999465942383 AB 7.818197297385093 1.0882286406604778
61218.3042 lsst_hardware_z 2261.5343303297936 70.12348609947243 30.969999313354492 AB 7.2571575866036735 1.0599032549443075
61219.3269 lsst_hardware_z 2164.466400972445 76.21078450914099 30.979999542236328 AB 5.692921925150381 1.0531396544028677
61219.3457 lsst_hardware_r 5230.860094900026 109.56762149197631 31.649999618530273 AB 5.3781236318444545 1.0637111613616732
61221.3109 lsst_hardware_z 2488.946811529675 91.14969766420609 30.989999771118164 AB 3.75582708843712 1.0530110292106596
61221.3302 lsst_hardware_r 5253.725690723486 137.57498912935367 31.65999984741211 AB 3.7245999358807174 1.056399329470529
61224.3038 lsst_hardware_i 3678.8000151275187 117.57197170490998 31.34000015258789 AB 6.758489065321406 1.052833481979656
61224.3229 lsst_hardware_z 2405.0252366752184 99.55257354653541 31.0 AB 6.800400877889156 1.0568928474158314
61232.2919 lsst_hardware_g 1515.082523799918 41.94518990316579 31.469999313354492 AB 8.968419263165854 1.0532494730670603
61232.3104 lsst_hardware_r 4125.463825774391 67.97169593202541 31.510000228881836 AB 9.097873384124455 1.06389211063844
61236.2664 lsst_hardware_z 1999.5882219179693 60.29826751939035 30.950000762939453 AB 5.60358800043523 1.0539003198110268
61236.2854 lsst_hardware_r 3424.992560146656 63.32030738222907 31.510000228881836 AB 5.6406189332045935 1.0546169829306522
61239.2585 lsst_hardware_u 1.8792666777902418 3.3839398464270416 28.469999313354492 AB 1.9901209277325997 1.0538103932923484
61239.2785 lsst_hardware_r 2987.3860138816553 59.4984336774872 31.510000228881836 AB 1.9930105672790748 1.0551542754499645
61243.249 lsst_hardware_i 2190.9013683357352 56.06640673349842 31.25 AB 5.316849437563632 1.0534151146790747
61243.2697 lsst_hardware_z 1614.1717445236613 56.75530624171893 30.950000762939453 AB 5.178242087559012 1.0561733869991525
61245.2395 lsst_hardware_r 2251.896258880812 65.85147438410077 31.6200008392334 AB 6.545004854222076 1.0547386421715852
61245.2597 lsst_hardware_z 1353.0455065619897 60.13234820315345 30.959999084472656 AB 6.223822626255972 1.054200258519488
61247.2408 lsst_hardware_y 438.8738426403663 54.218556311104294 30.049999237060547 AB 10.562459692267923 1.0528680176701009
61247.2614 lsst_hardware_r 2056.302950352282 83.06211157136231 31.639999389648438 AB 11.085768380937008 1.0576677630966487
61250.2161 lsst_hardware_r 1519.795074836332 158.0801105036538 31.65999984741211 AB 4.3509171191164 1.0604664546735347
61250.2389 lsst_hardware_i 2105.3051093555223 129.21642375970458 31.34000015258789 AB 4.372030733678402 1.0526558748824404
61252.2176 lsst_hardware_z 1400.090790113626 109.78955017423435 31.0 AB 3.379231765353941 1.0560099266731064
61252.2367 lsst_hardware_r 1406.3940262819024 159.44188987188065 31.65999984741211 AB 3.369998795575398 1.0531246236173117
61257.1975 lsst_hardware_i 2738.917969832159 73.39860493176035 32.02000045776367 AB 1.799302460052818 1.0600760762290757
61257.2183 lsst_hardware_z 2514.3445757007203 79.36127435772296 31.700000762939453 AB 1.1392796964264131 1.0525739197841903
61262.2101 lsst_hardware_g 155.30357354247727 20.370981780691615 31.459999084472656 AB 4.773459691044332 1.0532788373884228
61262.2297 lsst_hardware_r 682.8188735856272 36.51462192673414 31.520000457763672 AB 4.972178683927654 1.0650484489509808
61265.1715 lsst_hardware_r 1231.4418707631305 49.80182461921081 32.27000045776367 AB 3.2007373194770303 1.0635445487546205
61265.1923 lsst_hardware_i 2226.8270608364087 65.06897095733565 32.0099983215332 AB 3.188872504625359 1.052780622193912
61267.1672 lsst_hardware_z 874.7682745496977 52.00304161254626 30.950000762939453 AB 3.737375666739476 1.0625090737000784
61267.1869 lsst_hardware_r 607.6699879699353 34.31144850994617 31.520000457763672 AB 3.709270199772568 1.052772998989376
61269.1719 lsst_hardware_u -1.6842502923283231 3.4038702523273145 28.559999465942383 AB 4.650523939531473 1.0556576739251222
61269.1907 lsst_hardware_r 489.6614877198645 33.64714382806708 31.530000686645508 AB 4.649239021744005 1.0532143068211142
61273.1641 lsst_hardware_i 859.7950972772273 48.10289037050717 31.280000686645508 AB 1.8826988945357868 1.0543394966599515
61273.1858 lsst_hardware_z 788.7389212239552 52.699259807104106 30.950000762939453 AB 1.8028364664587762 1.0552159592969133
61277.1598 lsst_hardware_y 258.29936980327057 61.17956662123513 30.059999465942383 AB 3.7695440264928184 1.052749216112312
61277.178 lsst_hardware_r 245.83230420065308 105.90739782847814 31.65999984741211 AB 4.0957640475186 1.0567895538448857
61279.1195 lsst_hardware_r 586.7878500247018 167.07919801783703 31.65999984741211 AB 1.5842627106466327 1.079933681422381
61279.1373 lsst_hardware_i 648.5133489089377 135.46656700463078 31.34000015258789 AB 2.0979157329153773 1.0601780845188464
61285.1192 lsst_hardware_z 558.7553146061642 47.458593789794975 30.950000762939453 AB 3.105529540451626 1.0615380415148268
61285.1374 lsst_hardware_r 351.33238922466666 34.29703256859337 31.559999465942383 AB 3.239702521892399 1.0528199713672963
61298.0846 lsst_hardware_g 3.6267642147082086 15.65999984741211 31.479999542236328 AB 1.089633320776018 1.0608145261491848
61298.1028 lsst_hardware_i 58.75912558015992 31.6200008392334 31.260000228881836 AB 1.1065754387551665 1.0527116905870155
61300.0869 lsst_hardware_z -9.972694699275868 42.41999816894531 30.950000762939453 AB 1.3233101817452584 1.0558325918171536
61300.1051 lsst_hardware_r 64.87069740525553 26.829999923706055 31.540000915527344 AB 1.1758742635712673 1.0530217285712842
61306.063 lsst_hardware_i -169.27888880491682 94.16000366210938 31.34000015258789 AB 1.470553580536641 1.0606228492873138
61306.0822 lsst_hardware_z -30.591823547224173 82.37999725341797 31.0 AB 1.4676901900677695 1.0526107028934517
61310.0585 lsst_hardware_z 49.55861660242014 68.19000244140625 30.989999771118164 AB 2.9579094693407115 1.0563962390502541
61310.0787 lsst_hardware_i -17.66305989790017 78.22000122070312 31.329999923706055 AB 2.9489688127527103 1.0532031474116823
61314.0362 lsst_hardware_r 22.349747000521894 24.34000015258789 31.520000457763672 AB 6.475989276077804 1.0649692523459136
61314.0556 lsst_hardware_u 0.6786626637823416 2.7899999618530273 28.450000762939453 AB 6.053178904898984 1.0533068481016763
61316.0343 lsst_hardware_g -0.4119840121136866 15.40999984741211 31.459999084472656 AB 2.129426786934849 1.0617493432176088
61316.0518 lsst_hardware_r -17.5570893513711 24.3700008392334 31.520000457763672 AB 3.0615044089019463 1.052967982425658
61318.0353 lsst_hardware_i 12.633557839992342 31.68000030517578 31.260000228881836 AB 2.939691082725556 1.057157631115788
61318.055 lsst_hardware_z 72.72382953999383 41.90999984741211 30.959999084472656 AB 2.9487179020072225 1.0528628547989782
61320.035 lsst_hardware_r 4.5311740510917975 24.329999923706055 31.510000228881836 AB 4.111649326895935 1.0546296153118848
61320.0542 lsst_hardware_u 2.677383324175544 2.8499999046325684 28.5 AB 4.9130395052051234 1.05396106515117
61322.0285 lsst_hardware_g 1.166389308301628 15.5 31.469999313354492 AB 4.149541158438276 1.0550575027811533
61322.0448 lsst_hardware_i 52.304786672970344 31.719999313354492 31.260000228881836 AB 3.58013040669578 1.0529795313811119
61324.0294 lsst_hardware_z 14.487437787270618 42.189998626708984 30.959999084472656 AB 3.6646806142277164 1.0530691420193334
61324.0469 lsst_hardware_r 32.718559866071594 24.549999237060547 31.520000457763672 AB 3.2111544778956103 1.0553750475117036
61327.0036 lsst_hardware_y 80.09320158757349 48.619998931884766 30.049999237060547 AB 7.656166131245631 1.0623113091860341
61327.0217 lsst_hardware_u -5.425592943466646 2.9800000190734863 28.559999465942383 AB 7.712188263300375 1.0529782587279322
61329.0037 lsst_hardware_z -29.726919209650255 44.060001373291016 30.959999084472656 AB 8.273894375558815 1.0581216896689414
61329.0224 lsst_hardware_r -25.852503851502266 26.559999465942383 31.540000915527344 AB 8.221265370441596 1.0526026614595803
61331.0051 lsst_hardware_y 52.43677526873254 50.33000183105469 30.040000915527344 AB 5.550583949184279 1.0545757978184191
61331.0231 lsst_hardware_z -53.75778157164902 45.459999084472656 30.959999084472656 AB 5.534235321859965 1.0536383287691096
61332.9971 lsst_hardware_y -85.79561875384597 69.4000015258789 30.06999969482422 AB 2.394195511688353 1.0556805489717724
61333.0146 lsst_hardware_z -2.8295974644444777 59.880001068115234 30.989999771118164 AB 3.145953375389683 1.052950673714191
61335.9988 lsst_hardware_y -16.780705126213054 73.16000366210938 30.06999969482422 AB 4.010221289542052 1.0527357252910818
61336.0162 lsst_hardware_i -2.0909999833986914 73.7699966430664 31.329999923706055 AB 4.181504756196693 1.0564023889841958
61543.4095 lsst_hardware_g -13.232183583729007 16.68000030517578 31.5 AB 8.495914359156583 1.0637622319478193
61543.4344 lsst_hardware_y 31.912165626499476 71.45999908447266 30.059999465942383 AB 8.647996335640562 1.052579885058491
61551.3919 lsst_hardware_r 56.42238950613869 82.91999816894531 31.649999618530273 AB 5.91590484346209 1.0601980006204461
61551.4181 lsst_hardware_y -15.83254020879201 56.13999938964844 30.059999465942383 AB 5.2729159146775375 1.0532490674500272
61553.405 lsst_hardware_r -27.2667669256928 51.16999816894531 31.6299991607666 AB 9.893303359591858 1.0526283897991053
61553.425 lsst_hardware_y 103.0032873656815 52.060001373291016 30.049999237060547 AB 9.31811137033719 1.0588762920837715
61557.3246 lsst_hardware_r 9.50113575341918 25.18000030517578 31.5 AB 7.901963845279168 1.1538521068794112
61557.3457 lsst_hardware_u -6.9079838224770835 2.8299999237060547 28.440000534057617 AB 7.359033736269995 1.1007728963307817
61560.3948 lsst_hardware_g 4.196964416365402 15.600000381469727 31.450000762939453 AB 12.287208824455377 1.053565601239489
61560.4173 lsst_hardware_r 9.42078305906179 24.770000457763672 31.510000228881836 AB 11.929797369491892 1.069265695930079
61571.3166 lsst_hardware_z -4.64870545491383 48.029998779296875 30.959999084472656 AB 12.687589293329747 1.084409341310235
61571.3398 lsst_hardware_r 52.46035989449532 39.27000045776367 31.600000381469727 AB 11.91944577490524 1.058424346215431
61573.3187 lsst_hardware_z 51.74138250103754 57.209999084472656 30.979999542236328 AB 4.077279917167309 1.0735569721558833
61573.3423 lsst_hardware_r -21.36313410909983 74.56999969482422 31.649999618530273 AB 3.524678747161831 1.0543460206885198
61575.3167 lsst_hardware_i -102.02349913658135 115.51000213623047 32.09000015258789 AB 3.236465500740499 1.0693756817249296
61575.3424 lsst_hardware_z 90.6003769432642 99.41000366210938 31.739999771118164 AB 2.7163281978097356 1.052908404086725
61579.3002 lsst_hardware_y 86.77122979855505 61.40999984741211 30.049999237060547 AB 2.83405801226862 1.0763608098247703
61579.3241 lsst_hardware_r 138.9282017607017 107.3499984741211 31.65999984741211 AB 2.7762387619452467 1.0550692026648587
61581.3159 lsst_hardware_i -10.458730427616146 56.650001525878906 31.31999969482422 AB 4.2494212989007885 1.0563911165463489
61581.339 lsst_hardware_z -88.8741022843842 56.040000915527344 30.979999542236328 AB 3.8123391073197745 1.054030119757543
61584.1788 lsst_hardware_u 4.764594295176551 3.490000009536743 28.81999969482422 AB 9.330015425637212 1.590072503375086
61584.21 lsst_hardware_r 25.669417071604173 35.4900016784668 32.209999084472656 AB 8.14920801768327 1.3363738959795457
61586.2879 lsst_hardware_i -11.471844587346556 31.719999313354492 31.25 AB 3.7203990499327517 1.0680060427537523
61586.3129 lsst_hardware_z 36.46742247903481 41.86000061035156 30.950000762939453 AB 3.737033220162293 1.052833700566969
61588.3125 lsst_hardware_r 5.611053023272947 24.25 31.520000457763672 AB 8.315744204834827 1.0526258487132691
61588.3265 lsst_hardware_u 1.663169932074535 2.819999933242798 28.479999542236328 AB 8.261063872603023 1.05702155431291
61595.281 lsst_hardware_i 49.481543655919545 31.56999969482422 31.260000228881836 AB 2.215139219150167 1.0548281995953177
61595.3017 lsst_hardware_z -60.297751153310564 41.869998931884766 30.950000762939453 AB 1.8454672897857316 1.054351908085607
61597.175 lsst_hardware_r -2.4512140006708085 34.099998474121094 31.510000228881836 AB 10.400183462678433 1.3333568541895426
61597.1969 lsst_hardware_g -8.732769530430582 23.450000762939453 31.530000686645508 AB 9.531005878904159 1.2210888980488759
61599.2727 lsst_hardware_z -72.17974970720108 45.599998474121094 30.959999084472656 AB 6.552888146663004 1.0538861039477316
61599.293 lsst_hardware_r 14.618258193561083 34.52000045776367 31.579999923706055 AB 6.437028302335009 1.055250541366395
61606.2388 lsst_hardware_i -144.49258803488706 182.39999389648438 32.09000015258789 AB 3.1035362456340545 1.0626122730999958
61606.2609 lsst_hardware_z 69.03856155160543 152.02000427246094 31.75 AB 2.994154653656322 1.052611936599164
61609.2171 lsst_hardware_r 38.00396947721867 78.01000213623047 31.639999389648438 AB 5.268054103458336 1.0780281584812907
61609.2373 lsst_hardware_z -18.450680410051376 61.15999984741211 30.979999542236328 AB 5.16002768015906 1.0576355713782106
61610.2635 lsst_hardware_y 18.637977359686897 50.52000045776367 30.049999237060547 AB 6.239911598233849 1.0554951816808968
61610.2835 lsst_hardware_r -26.362253170627888 58.0 31.6299991607666 AB 6.340080462086606 1.0724994438106412
61616.2252 lsst_hardware_r -5.255298637179826 24.760000228881836 31.520000457763672 AB 4.74411852456759 1.0542485610150198
61616.2433 lsst_hardware_i 39.77299469318958 31.860000610351562 31.260000228881836 AB 4.742958471376479 1.0539907714169954
61618.2167 lsst_hardware_z 87.24861419845689 42.25 30.950000762939453 AB 4.697986697209843 1.0554901588878551
61618.2371 lsst_hardware_r 7.474422765245321 24.760000228881836 31.520000457763672 AB 4.714710030879952 1.05376271876624
61621.2108 lsst_hardware_u -3.6285176167323803 2.880000114440918 28.5 AB 1.6648277126797941 1.0545227000350528
61621.2308 lsst_hardware_r 4.00387041861047 24.81999969482422 31.520000457763672 AB 1.6663720234958304 1.0543877818059564
61623.1986 lsst_hardware_i -49.1486534596068 31.940000534057617 31.25 AB 1.6956054079349971 1.0579350540851642
61623.2185 lsst_hardware_z 42.19340158827139 42.029998779296875 30.950000762939453 AB 2.3829204917911126 1.0527592188164847
61625.2077 lsst_hardware_r -25.44444352771382 24.799999237060547 31.520000457763672 AB 3.4655693516136 1.0526979425227996
61625.228 lsst_hardware_u -5.9246917082891315 2.880000114440918 28.5 AB 3.281664725053649 1.0586015242108544
61628.2009 lsst_hardware_y 3.637419785840746 48.83000183105469 30.049999237060547 AB 7.735560754766317 1.0526123924977129
61628.2198 lsst_hardware_r -47.170367119811495 43.95000076293945 31.610000610351562 AB 6.863230321376543 1.0585959364591069
61643.1258 lsst_hardware_i -13.390770882527967 32.099998474121094 31.25 AB 2.3592994887700085 1.0759137290126966
61643.1571 lsst_hardware_z 66.32153650712267 42.11000061035156 30.950000762939453 AB 2.2898083585912543 1.0528661316229233
61648.1151 lsst_hardware_r 58.94971839321048 24.540000915527344 31.510000228881836 AB 3.578675196866101 1.0721016167963153
61648.131 lsst_hardware_u 5.046994727245509 2.7699999809265137 28.43000030517578 AB 4.918912790946819 1.0575274740461844
61650.1309 lsst_hardware_g -6.771344881825168 15.420000076293945 31.450000762939453 AB 3.2236668025792796 1.054807264845704
61650.1487 lsst_hardware_i 59.39296741580653 31.75 31.25 AB 3.225583070789525 1.0534809441367998
61652.0974 lsst_hardware_r -3.9298424924496596 24.549999237060547 31.510000228881836 AB 1.0070459186726461 1.0813915905209623
61652.1159 lsst_hardware_z 8.683877577261553 42.0099983215332 30.950000762939453 AB 1.0262062936418113 1.0604043333934199
61654.0999 lsst_hardware_r 33.498063053444255 26.809999465942383 31.540000915527344 AB 1.4040996076892958 1.0706739081318897
61654.1179 lsst_hardware_y -52.539929341922374 47.70000076293945 30.040000915527344 AB 1.3902246320352614 1.0557331720303214
61656.0968 lsst_hardware_g 8.048129757188118 32.560001373291016 31.65999984741211 AB 2.4885997603188494 1.0679921723705814
61656.1146 lsst_hardware_r 1.4327034280120896 35.9900016784668 31.59000015258789 AB 2.451822330366864 1.0547740720011383
61673.0662 lsst_hardware_r 51.33701220427513 24.18000030517578 31.510000228881836 AB 4.726834846335288 1.0556468799973613
61673.0855 lsst_hardware_i 6.548264725162065 31.579999923706055 31.260000228881836 AB 5.279020956672252 1.0533814140820617
61677.0609 lsst_hardware_z 47.10556947023803 41.849998474121094 30.940000534057617 AB 3.5586400634477657 1.0535534197166383
61677.0793 lsst_hardware_r -7.411950911570639 24.079999923706055 31.5 AB 3.571233851440024 1.0549394731378847
61681.0362 lsst_hardware_g 16.859680804748724 15.619999885559082 31.469999313354492 AB 2.157236078133236 1.0608053492438978
61681.0555 lsst_hardware_r -29.185773174940138 24.43000030517578 31.520000457763672 AB 3.113201435240178 1.05264630101127
61683.037 lsst_hardware_i 49.485461857639464 32.31999969482422 31.260000228881836 AB 2.924722478731653 1.0566193926054843
61683.0557 lsst_hardware_r -46.35511006004066 26.010000228881836 31.530000686645508 AB 2.976881003108724 1.0528935403591337
61685.0374 lsst_hardware_z 172.5290504951196 44.72999954223633 30.959999084472656 AB 4.086714520102906 1.0540466457730622
61685.0554 lsst_hardware_g -12.060238375467252 30.739999771118164 31.649999618530273 AB 4.695748134284766 1.0541582970656358
61687.0256 lsst_hardware_r 31.1097140057345 65.79000091552734 31.639999389648438 AB 4.070596676324096 1.0568860642150062
61687.0429 lsst_hardware_i -67.65736779839898 58.11000061035156 31.31999969482422 AB 3.478052595752484 1.0526793570663606
61691.0053 lsst_hardware_y -17.278870180069074 58.88999938964844 30.049999237060547 AB 6.000868172010183 1.0638894020051737
61691.0256 lsst_hardware_z -32.06962327134386 71.20999908447266 30.989999771118164 AB 5.950636158295168 1.0529304004768945
61693.0035 lsst_hardware_y -32.32796809375735 56.310001373291016 30.049999237060547 AB 7.153888282800311 1.0607520004152198
61693.0211 lsst_hardware_r -98.91902438660729 92.2699966430664 31.649999618530273 AB 7.149797419933713 1.0527954971372233
61695.0045 lsst_hardware_y 78.97458697460863 49.349998474121094 30.040000915527344 AB 7.452361891410857 1.056473191297227
61695.0214 lsst_hardware_r -62.76395675686382 47.91999816894531 31.6299991607666 AB 7.415274789876676 1.0527079485912374
61696.9966 lsst_hardware_z 5.682058824141121 59.130001068115234 30.979999542236328 AB 5.409753994731104 1.0579011788145474
61697.0141 lsst_hardware_g 5.78847582779439 15.920000076293945 31.469999313354492 AB 4.3005803221829435 1.052601857432392
61700.9981 lsst_hardware_y -133.49737448062413 68.16999816894531 30.059999465942383 AB 4.026260985716055 1.052961356185986
61701.015 lsst_hardware_i 28.627491847704533 32.33000183105469 31.260000228881836 AB 4.1195499155891575 1.0554829401969843
