data/validation/pwv_sim_epoch_fit_epoch/45712947.ecsv
# %ECSV 0.9
# ---
# datatype:
# - {name: time, datatype: float64}
# - {name: band, datatype: string}
# - {name: flux, datatype: float64}
# - {name: fluxerr, datatype: float64}
# - {name: zp, datatype: float64}
# - {name: zpsys, datatype: string}
# - {name: pwv, datatype: float64}
# - {name: airmass, datatype: float64}
# meta: {SNID: '45712947', alt: 1024.0, c: -0.04688882827758789, dec: -57.970295, lat: -30.244573, lon: -70.7499537, ra: 59.046242, t0: 59917.00390625,
#   x0: 3.2494403893792895e-06, x1: 0.12320995330810547, z: 0.7314654588699341}
# schema: astropy-2.0
time band flux fluxerr zp zpsys pwv airmass
59842.3826 lsst_hardware_i 11.043818030346312 30.959999084472656 31.239999771118164 AB 6.49378804973319 1.1334282144056609
59842.3957 lsst_hardware_u -1.634800134059577 5.070000171661377 28.829999923706055 AB 6.614338233018148 1.1414527553525933
59844.3822 lsst_hardware_g -6.513784744104122 13.050000190734863 31.350000381469727 AB 1.5904593532527709 1.1360423951805507
59844.3943 lsst_hardware_r -26.133681097698737 25.06999969482422 31.5 AB 1.60269171336695 1.1447797952621073
59850.3715 lsst_hardware_z -42.43832470920761 42.06999969482422 30.93000030517578 AB 5.419015756330777 1.1397057166687579
59850.3845 lsst_hardware_u -1.139572806588439 3.490000009536743 28.530000686645508 AB 4.6041427537845765 1.1510356884461441
59856.3067 lsst_hardware_i -22.298272876164994 52.630001068115234 32.41999816894531 AB 2.9719100190894747 1.1328035140422437
59856.3276 lsst_hardware_u 4.604773673563884 4.369999885559082 29.510000228881836 AB 2.984131851607341 1.1290699400710145
59860.3709 lsst_hardware_i -19.325725412103118 55.13999938964844 31.290000915527344 AB 5.055628775095039 1.1675817032549822
59860.3826 lsst_hardware_r -126.65643991352255 57.189998626708984 31.600000381469727 AB 4.746534825762726 1.1856456683838483
59864.37 lsst_hardware_r -78.83460624727884 65.77999877929688 31.610000610351562 AB 6.50868223831893 1.182823280528079
59864.3819 lsst_hardware_i -1.321521277094008 63.099998474121094 31.299999237060547 AB 7.121456365295883 1.204576516457355
59867.3449 lsst_hardware_i -19.441954656746866 40.7599983215332 31.270000457763672 AB 6.810431567910661 1.1586636064157418
59867.3561 lsst_hardware_z 17.790920785162882 46.959999084472656 30.940000534057617 AB 6.919791939807848 1.1738076853593515
59871.3402 lsst_hardware_g 10.745305259709284 16.989999771118164 31.469999313354492 AB 4.454920666352469 1.1666677141162003
59871.3516 lsst_hardware_r -5.364608942128856 24.860000610351562 31.5 AB 4.516221340189586 1.1840132850274192
59873.3394 lsst_hardware_i -30.773599373122277 30.860000610351562 31.229999542236328 AB 2.9399816859841734 1.173333119323252
59873.3501 lsst_hardware_r -31.584754496890678 22.3700008392334 31.459999084472656 AB 2.9986390525418165 1.1908812758307943
59875.338 lsst_hardware_u -5.199354108410158 2.5399999618530273 28.299999237060547 AB 3.8847811580608576 1.17961926912954
59875.3495 lsst_hardware_g 3.229837103178702 12.880000114440918 31.329999923706055 AB 3.9325539602152726 1.199924926835341
59877.3347 lsst_hardware_r -42.68326603411921 21.959999084472656 31.450000762939453 AB 4.3685832381195855 1.1831497440063212
59877.3465 lsst_hardware_i -14.71974986632202 30.989999771118164 31.219999313354492 AB 4.41366708593363 1.204767868413711
59879.3321 lsst_hardware_z -25.615991671299255 42.709999084472656 30.93000030517578 AB 3.727724880339908 1.1880248204413697
59879.3429 lsst_hardware_r -28.87721820647005 22.1299991607666 31.450000762939453 AB 3.705818821608667 1.2085505451491196
59881.3116 lsst_hardware_i -9.326257822067932 30.600000381469727 31.239999771118164 AB 3.5130153205164527 1.1649216272298701
59881.3232 lsst_hardware_u -1.8491683703178001 2.690000057220459 28.450000762939453 AB 3.5796848130572196 1.182194456095515
59883.3155 lsst_hardware_g -21.85540679875688 12.886633481117988 31.360000610351562 AB 4.021497830256919 1.178576026060668
59883.3253 lsst_hardware_r 17.76170518273545 22.17387800679363 31.469999313354492 AB 4.1273184928489846 1.195457926965601
59885.3242 lsst_hardware_i 4.530602778027792 31.271894459673995 31.219999313354492 AB 3.6075626620172168 1.2038585079035757
59885.3354 lsst_hardware_r -4.182206545946733 22.36289409972067 31.450000762939453 AB 3.171900888728263 1.2280702931128333
59887.3092 lsst_hardware_z 81.20122510224193 66.97100989526425 31.700000762939453 AB 6.761344693246359 1.1862008233765542
59898.218 lsst_hardware_u 3.9739740962931185 4.386821395315891 28.610000610351562 AB 8.48990391633525 1.129727733377944
59898.229 lsst_hardware_r 302.79591211749147 35.45186600100493 31.540000915527344 AB 8.36828832910087 1.1331466931754735
59899.2578 lsst_hardware_i 456.4428426497022 39.81807894542388 31.239999771118164 AB 6.767396281003045 1.1590115977441178
59899.2707 lsst_hardware_z 303.047128138258 47.226275208671915 30.93000030517578 AB 6.940989404956523 1.1768378102671895
59901.2619 lsst_hardware_r 510.6600664015444 30.97319858274137 31.450000762939453 AB 4.6871970067937765 1.1717992516984441
59901.2745 lsst_hardware_u 6.98106189528319 3.3381983401173074 28.290000915527344 AB 4.769720435584866 1.1924301088962166
59903.2952 lsst_hardware_r 546.2964509408688 33.217936240806 31.440000534057617 AB 6.086886208549643 1.2503018572852092
59903.3072 lsst_hardware_i 770.4572872013681 40.96574042164648 31.209999084472656 AB 6.279237395136743 1.2844478511802964
59905.2981 lsst_hardware_z 505.6667343806108 49.42145824003482 30.920000076293945 AB 5.730951646418117 1.2735448103151372
59905.3103 lsst_hardware_u 1.828070981710059 3.003912298145849 28.15999984741211 AB 5.90443347412715 1.3120963275838111
59907.2422 lsst_hardware_z 583.1015433020528 48.60316000624635 30.93000030517578 AB 8.781806901936045 1.1670950763420886
59907.2551 lsst_hardware_r 826.9857943963838 36.03469417763979 31.450000762939453 AB 10.448376432502638 1.1870906759139526
59909.1602 lsst_hardware_r 828.7207411104046 36.76080501525205 31.459999084472656 AB 5.905065305325122 1.1336455703185253
59909.1723 lsst_hardware_u 0.8453466870025514 2.9309544145033617 28.34000015258789 AB 5.2879108072862975 1.1297345407961041
59911.2397 lsst_hardware_i 1094.8240075831418 44.9357791299765 31.219999313354492 AB 4.7008471099248705 1.1796354102695454
59911.2513 lsst_hardware_z 604.380164278284 49.942367677948845 30.93000030517578 AB 5.292975961669754 1.2001305936822053
59913.2412 lsst_hardware_r 833.2322608025854 37.337712823395094 31.459999084472656 AB 6.506839791878989 1.1914743110835273
59913.2537 lsst_hardware_z 732.9442688325337 50.04500631378873 30.93000030517578 AB 7.36841044626795 1.2162605449210497
59915.2376 lsst_hardware_y 308.51004178362973 52.13555830285659 29.989999771118164 AB 7.527704534794825 1.1948737356817183
59915.2492 lsst_hardware_r 906.9464155719975 43.79777905145413 31.520000457763672 AB 7.675686827547319 1.2183629884995746
59919.2699 lsst_hardware_r 972.8258558174717 79.81987263075877 31.59000015258789 AB 6.799827043972057 1.304815218876562
59919.281 lsst_hardware_z 706.0253815887274 64.97142162492501 30.940000534057617 AB 6.992925139547771 1.3441040119579688
59921.1269 lsst_hardware_z 600.2871240084315 64.13059452147763 30.969999313354492 AB 4.195460873704934 1.1339083442445768
59921.1396 lsst_hardware_r 670.4386508584208 85.7527258136728 31.6299991607666 AB 4.180014145809238 1.1297335529214156
59923.1907 lsst_hardware_i 989.1977234484851 64.80807317959994 31.299999237060547 AB 11.224095517795913 1.1571630143094351
59923.2034 lsst_hardware_z 605.926294673141 60.51326015487466 30.969999313354492 AB 11.321072899972807 1.1741517056573614
59928.1226 lsst_hardware_r 572.0869159962899 76.97102969400474 31.6200008392334 AB 8.786081483048221 1.1294099744002462
59928.1358 lsst_hardware_u -20.211217828119388 24.68735741502663 29.399999618530273 AB 8.889738012818354 1.1297037359517423
59930.1692 lsst_hardware_r 451.62251329107664 79.33842389977079 31.6299991607666 AB 9.781032780722965 1.1544447070786148
59930.184 lsst_hardware_i 726.3147632534303 82.62042305160216 31.309999465942383 AB 9.986951432978122 1.1737272141006294
59932.1078 lsst_hardware_r 411.1775780653901 78.4321396705068 31.6299991607666 AB 3.444723719147621 1.130096906057506
59932.1216 lsst_hardware_i 644.6245980996622 81.57330329609286 31.31999969482422 AB 3.4852620446657108 1.1292565216542207
59936.1072 lsst_hardware_u 8.81637040223442 24.76182679450359 29.40999984741211 AB 4.848537602011435 1.1290547858444153
59936.1189 lsst_hardware_g 95.7621806302871 80.14165820396175 31.690000534057617 AB 4.801650889181655 1.1308645523272858
59938.11 lsst_hardware_r 447.19956570016103 75.7975911096648 31.6200008392334 AB 6.78227919527067 1.1300031981457297
59938.1228 lsst_hardware_z 437.7623256611334 91.89274499982359 30.989999771118164 AB 6.899331121914289 1.1346184470524672
59941.1033 lsst_hardware_r 384.9868264422668 76.80005383006223 31.6299991607666 AB 6.011553445767942 1.1303453674274666
59941.1159 lsst_hardware_u 16.533240688558784 25.53956187332435 29.420000076293945 AB 6.119647981108111 1.1353004726563443
59943.1027 lsst_hardware_g 30.73820067189391 81.90667077822812 31.700000762939453 AB 8.335546950853796 1.1318166877157565
59943.1141 lsst_hardware_r 257.48322622516025 75.99221559752945 31.6299991607666 AB 8.360413216370368 1.1374453934881796
59945.1057 lsst_hardware_i 418.6066945275822 76.57944872918046 31.31999969482422 AB 7.868661478344547 1.135701364855184
59945.1195 lsst_hardware_z 408.18454543190825 90.18934821666282 30.989999771118164 AB 7.939754865400965 1.145704466278736
59947.1075 lsst_hardware_r 244.57891413937182 73.99855888410914 31.6299991607666 AB 4.899126651072913 1.1403926096538444
59947.1214 lsst_hardware_z 410.0420874259168 89.94220701277538 30.979999542236328 AB 4.860837995399889 1.1529501886622133
59955.0748 lsst_hardware_g 65.32517657740064 81.88195061088918 31.700000762939453 AB 7.029883629618458 1.1338521983255576
59955.0872 lsst_hardware_r 42.6061777087966 75.12065180970275 31.6299991607666 AB 6.5993549126823865 1.141559403681437
59957.0688 lsst_hardware_i 258.6446978174129 77.09761551627322 31.31999969482422 AB 2.3590247080387226 1.1336014935313419
59957.081 lsst_hardware_z 119.42597044571536 91.7129698579823 30.989999771118164 AB 2.406935260951492 1.1409979904960852
59962.0735 lsst_hardware_r 79.88054080203031 74.78651840613735 31.6299991607666 AB 4.4697680212133575 1.1460943644136814
59962.0863 lsst_hardware_u 5.212974429050225 25.16721779267088 29.399999618530273 AB 4.555318000882934 1.159704175377535
60193.3487 lsst_hardware_z -161.83936970988 179.17999267578125 32.4900016784668 AB 1.0240762955492269 1.1625121130064064
60208.379 lsst_hardware_z 33.34292986595567 91.19999694824219 30.979999542236328 AB 3.611000953866791 1.1327149770331066
60208.3923 lsst_hardware_u -1.3101242402431075 25.1200008392334 29.3799991607666 AB 3.541523462975618 1.1404036267833257
60210.3858 lsst_hardware_g -107.82020631997635 81.5 31.690000534057617 AB 1.605197722773554 1.1396504954020519
60210.3975 lsst_hardware_r -13.798479042038922 74.25 31.6299991607666 AB 1.6110469921689383 1.149652943983543
60214.3686 lsst_hardware_i -72.23052121793303 75.72000122070312 31.31999969482422 AB 5.473086064702258 1.135652109151307
60214.3802 lsst_hardware_z -21.65681592440762 90.5199966430664 30.989999771118164 AB 6.444456774378026 1.1437833711845624
60216.3699 lsst_hardware_z -132.59217396524375 132.47000122070312 31.739999771118164 AB 7.891247251759944 1.139996713711017
60217.3142 lsst_hardware_r -50.35190231544268 104.37000274658203 32.380001068115234 AB 4.226168846788145 1.1346942802492
60217.3289 lsst_hardware_i 82.106773134123 106.5 32.06999969482422 AB 4.198716375182853 1.1295981638910961
60222.3795 lsst_hardware_z -128.50281161890555 128.91000366210938 31.729999542236328 AB 9.408635232447786 1.1671796591550219
60225.3457 lsst_hardware_r -104.74678496709141 75.61000061035156 31.6200008392334 AB 4.997429015059493 1.1402712994505357
60225.3569 lsst_hardware_i -65.03600143235657 77.72000122070312 31.309999465942383 AB 5.119848107755653 1.1500108058750342
60228.3461 lsst_hardware_z -36.63760906487684 91.2699966430664 30.979999542236328 AB 5.042828028419947 1.147466415249921
60228.3583 lsst_hardware_i -42.59539855050228 76.05999755859375 31.309999465942383 AB 5.090587435743438 1.1608431527833252
60234.2974 lsst_hardware_r -100.06880741425881 105.61000061035156 32.380001068115234 AB 6.11153684457575 1.1295870948773044
60234.3084 lsst_hardware_i 45.54155029650285 76.38999938964844 31.31999969482422 AB 6.141680732821729 1.1328901513159748
60239.3392 lsst_hardware_g 9.283013449200455 81.22000122070312 31.670000076293945 AB 3.793953141972342 1.1761156730476725
60239.3499 lsst_hardware_r 4.384535713819832 74.12999725341797 31.610000610351562 AB 3.7702507740962408 1.194219593220401
60241.3343 lsst_hardware_i 122.82967533306606 75.3499984741211 31.309999465942383 AB 4.201642531128844 1.17698562896368
60241.3455 lsst_hardware_z 312.85074435404704 90.06999969482422 30.979999542236328 AB 4.290939448139252 1.196191826828696
60243.335 lsst_hardware_i 123.16555875659944 75.76000213623047 31.299999237060547 AB 2.8482782378647515 1.1871123525415748
60243.3457 lsst_hardware_z -88.01916648326369 90.77999877929688 30.969999313354492 AB 2.879753718421602 1.2072751754142583
60245.3182 lsst_hardware_z 201.05637740399047 128.83999633789062 31.729999542236328 AB 3.353888382988457 1.1692812491534423
60247.3161 lsst_hardware_r -33.58635146215017 74.19000244140625 31.610000610351562 AB 5.278914231589638 1.1742010190935077
60247.3268 lsst_hardware_i 89.69204643014412 75.69999694824219 31.299999237060547 AB 5.308547674991083 1.1919276284011122
60249.3304 lsst_hardware_z -104.10715862947701 123.41999816894531 31.729999542236328 AB 6.570843410121942 1.209506088499744
60251.3045 lsst_hardware_r -88.13150589168022 74.2699966430664 31.610000610351562 AB 5.631293150856308 1.1731860730950643
60251.3164 lsst_hardware_g 140.5607287188123 80.86000061035156 31.65999984741211 AB 5.725806848463462 1.1928764267632213
60265.2629 lsst_hardware_z -48.33291228815211 90.36000061035156 30.979999542236328 AB 4.711835441473289 1.1683202185650996
60265.2749 lsst_hardware_r -8.174360953153661 73.83000183105469 31.610000610351562 AB 4.7753934945223335 1.1870721699934759
60270.2884 lsst_hardware_i 73.76702814687913 74.94000244140625 31.290000915527344 AB 3.916057786599255 1.2450374480497843
60270.2999 lsst_hardware_z 204.70244437256153 89.66999816894531 30.969999313354492 AB 5.745754539944575 1.2768343422099055
60272.2441 lsst_hardware_i 17.3711910685577 77.2699966430664 31.309999465942383 AB 8.8270973642202 1.1687649605058195
60272.2567 lsst_hardware_z -114.58839147334163 92.7300033569336 30.979999542236328 AB 10.555961000902574 1.1886674174767833
60274.242 lsst_hardware_r -73.1651845260395 74.36000061035156 31.6200008392334 AB 6.166362329994966 1.1736509954310475
60274.2544 lsst_hardware_z -14.722877612776434 90.98999786376953 30.979999542236328 AB 6.353988912190886 1.1943588180810867
60276.2412 lsst_hardware_z -29.956945315014547 90.95999908447266 30.979999542236328 AB 4.5861557160274575 1.1809336207100445
60276.2528 lsst_hardware_i -46.66574859894316 75.7300033569336 31.299999237060547 AB 5.318237779709792 1.2017032285106952
60278.2437 lsst_hardware_z -24.675588655177233 91.0199966430664 30.979999542236328 AB 6.522463921830928 1.1947728142568794
60278.2558 lsst_hardware_r -92.26714661676226 73.97000122070312 31.600000381469727 AB 7.330456260739072 1.2193548069596125
60280.2421 lsst_hardware_y -66.53474827830689 95.77999877929688 30.010000228881836 AB 7.5734938536163545 1.2021418815264056
60280.2536 lsst_hardware_g -53.61369193995266 80.43000030517578 31.649999618530273 AB 8.462835968532762 1.2267498353815591
60282.2701 lsst_hardware_r -32.50101058216719 73.20999908447266 31.579999923706055 AB 5.607877621399502 1.2858172473402096
60282.282 lsst_hardware_i 59.888328007951955 74.80000305175781 31.270000457763672 AB 5.771933586129691 1.3252564486751166
60287.1202 lsst_hardware_i -90.06309649185631 76.25 31.309999465942383 AB 6.985698576959069 1.1363478775045253
60287.1326 lsst_hardware_u -11.593806500140536 25.469999313354492 29.40999984741211 AB 6.197944665770413 1.1308742243833834
60293.1662 lsst_hardware_r -6.59418872038372 21.829999923706055 31.459999084472656 AB 9.020901260015522 1.1453045715729833
60293.1801 lsst_hardware_u -0.30810100211409175 2.5199999809265137 28.299999237060547 AB 9.24815333128016 1.1599920328963131
60295.1192 lsst_hardware_u 1.4181912887003822 2.6700000762939453 28.399999618530273 AB 10.809419607788785 1.1292159423127486
60295.1326 lsst_hardware_g -6.639448514723824 13.239999771118164 31.3700008392334 AB 10.59993968304015 1.1299772244019899
60301.1043 lsst_hardware_i -36.408574708802156 47.2400016784668 31.290000915527344 AB 4.82182126080304 1.1290999322803044
60301.1169 lsst_hardware_z -20.328165507293246 49.95000076293945 30.959999084472656 AB 4.848271224158172 1.1301331524843679
60306.1049 lsst_hardware_i -26.440028376516537 58.29999923706055 31.299999237060547 AB 6.037496922520888 1.1305468302580406
60306.1177 lsst_hardware_r 137.90414712371657 73.02999877929688 31.6200008392334 AB 6.0592145783253475 1.1358897541071076
60308.1068 lsst_hardware_u 5.768230107277216 6.230000019073486 28.969999313354492 AB 8.396919100296895 1.1331492325221004
60308.1198 lsst_hardware_g -1.729185768577884 41.369998931884766 31.65999984741211 AB 8.494763667265346 1.1408748070195196
60310.1052 lsst_hardware_r -22.223885407197574 21.860000610351562 31.459999084472656 AB 7.862935931959688 1.1350248799480462
60310.1191 lsst_hardware_i 22.5802460175171 30.5 31.229999542236328 AB 7.929900642573987 1.1447235440065806
60312.1058 lsst_hardware_z -54.159819554338746 42.22999954223633 30.940000534057617 AB 4.882959089115514 1.1386833997820829
60312.1174 lsst_hardware_r 14.432414196739902 22.0 31.459999084472656 AB 4.902345889405644 1.1481575945677491
60316.085 lsst_hardware_g -16.329162081526544 12.869999885559082 31.350000381469727 AB 9.971184391318516 1.133174981966647
60316.0974 lsst_hardware_r 8.98516573972787 21.950000762939453 31.459999084472656 AB 10.024241325955748 1.1404683186676365
60318.0885 lsst_hardware_i -1.2846738171300334 30.59000015258789 31.239999771118164 AB 7.47092051163329 1.138079139558731
60318.1007 lsst_hardware_r 29.910835045670524 22.079999923706055 31.469999313354492 AB 7.529965964305898 1.147860665290535
60320.0748 lsst_hardware_u -3.462528321965166 2.549999952316284 28.329999923706055 AB 7.027714904234362 1.133502403908768
60320.0877 lsst_hardware_g -3.329683670017765 12.960000038146973 31.350000381469727 AB 6.563563337221588 1.1413900247320425
60322.0725 lsst_hardware_r 23.32010358845968 22.209999084472656 31.469999313354492 AB 2.276948789668389 1.1350691872723937
60322.0859 lsst_hardware_i -2.7094089815850895 30.979999542236328 31.239999771118164 AB 3.726036538565018 1.1443601162668793
60324.0702 lsst_hardware_z -0.6898177226342608 42.43000030517578 30.940000534057617 AB 6.794238626980625 1.136873227689709
60324.0828 lsst_hardware_r 21.57616561370636 22.540000915527344 31.469999313354492 AB 6.78956441886631 1.1464501530442501
60326.0732 lsst_hardware_z -43.07574034040854 43.0 30.940000534057617 AB 3.152063244027038 1.1428800739764542
60326.0869 lsst_hardware_g 2.2534305855293515 19.520000457763672 31.5 AB 2.395915675132281 1.1563299590406977
60328.074 lsst_hardware_r 49.4761168616094 36.150001525878906 31.559999465942383 AB 4.194994660869645 1.1484483364231455
60328.0872 lsst_hardware_z 22.980668244871158 45.31999969482422 30.940000534057617 AB 4.533603243067446 1.1634070167402881
