data/validation/pwv_sim_epoch_fit_epoch/45737302.ecsv
# %ECSV 0.9
# ---
# datatype:
# - {name: time, datatype: float64}
# - {name: band, datatype: string}
# - {name: flux, datatype: float64}
# - {name: fluxerr, datatype: float64}
# - {name: zp, datatype: float64}
# - {name: zpsys, datatype: string}
# - {name: pwv, datatype: float64}
# - {name: airmass, datatype: float64}
# meta: {SNID: '45737302', alt: 1024.0, c: 0.08430436998605728, dec: -21.542267, lat: -30.244573, lon: -70.7499537, ra: 9.492188, t0: 61745.76953125,
#   x0: 3.912342438293165e-06, x1: 0.26633965969085693, z: 0.6784908175468445}
# schema: astropy-2.0
time band flux fluxerr zp zpsys pwv airmass
61586.4304 lsst_hardware_u 0.29819343247781654 3.25 28.56999969482422 AB 4.670977604370279 1.0189371251126433
61588.4064 lsst_hardware_r 2.915950598854556 23.40999984741211 31.510000228881836 AB 7.648821007934049 1.0374096036801983
61597.3302 lsst_hardware_i -75.20982504438194 45.130001068115234 31.989999771118164 AB 9.907653713535945 1.1620858825951903
61597.3605 lsst_hardware_y 102.63945136422127 67.25 30.790000915527344 AB 10.093731956186787 1.074458520497841
61606.3905 lsst_hardware_z -145.90699431614138 92.62000274658203 31.739999771118164 AB 4.7011254320603975 1.0126098110736619
61609.3511 lsst_hardware_r 20.9701632924308 78.02999877929688 31.65999984741211 AB 4.563872172922222 1.0347938795477876
61609.3723 lsst_hardware_z -36.06960218774462 60.689998626708984 30.989999771118164 AB 4.573475905643103 1.0161398049938388
61621.34 lsst_hardware_z 24.334981448747786 40.72999954223633 30.950000762939453 AB 1.928188419266295 1.0159053842288173
61621.3589 lsst_hardware_r 13.607754737159942 22.65999984741211 31.510000228881836 AB 1.8666555018513735 1.0122860639108369
61623.3302 lsst_hardware_u 2.897883765363269 2.7100000381469727 28.459999084472656 AB 2.784653252028938 1.0184029935495322
61623.3499 lsst_hardware_g -21.973025926783592 14.1899995803833 31.440000534057617 AB 2.6429433980829815 1.0120726545934766
61625.3343 lsst_hardware_r 15.186664516706564 22.459999084472656 31.489999771118164 AB 2.543959897035196 1.01373177805746
61625.3534 lsst_hardware_z -17.433177159852608 40.529998779296875 30.940000534057617 AB 2.4975455963616637 1.0134086412506766
61628.3099 lsst_hardware_r -13.561060278169418 22.670000076293945 31.5 AB 5.752721575970479 1.0234641795647998
61628.334 lsst_hardware_u -0.8884939269321499 2.6700000762939453 28.440000534057617 AB 5.465611129945688 1.0121502092492014
61630.3168 lsst_hardware_z -49.441404978013566 47.810001373291016 30.969999313354492 AB 3.714790301080049 1.0152474176223145
61630.3366 lsst_hardware_r 6.07697537367131 43.939998626708984 31.6299991607666 AB 4.743540878810282 1.0126394817071689
61643.2606 lsst_hardware_r -24.402416577878007 22.950000762939453 31.489999771118164 AB 2.294873234573449 1.0319834669245416
61643.274 lsst_hardware_i 20.899233580238697 30.639999389648438 31.25 AB 2.260786294539564 1.0194820012203036
61648.2302 lsst_hardware_z -57.39091748624493 41.38999938964844 30.950000762939453 AB 4.387074222470373 1.05674436287375
61648.246 lsst_hardware_r 25.963343676362204 23.020000457763672 31.5 AB 4.30702912502938 1.033108449275457
61650.2528 lsst_hardware_u -1.1415682790726258 2.700000047683716 28.440000534057617 AB 2.987087565161881 1.0210228952044484
61650.2696 lsst_hardware_g -26.567876460504582 14.25 31.440000534057617 AB 2.9497685403597265 1.0127670877604853
61652.228 lsst_hardware_g -5.497683857309997 14.399999618530273 31.43000030517578 AB 1.6934221044833067 1.0425336165503631
61652.2455 lsst_hardware_r -6.11399378554543 23.09000015258789 31.5 AB 1.6622490344368595 1.0225029943224477
61654.2287 lsst_hardware_i -27.768838171303173 30.6200008392334 31.25 AB 0.43377242148771816 1.0342279073818037
61654.2472 lsst_hardware_r -9.087703424380184 23.06999969482422 31.510000228881836 AB 0.4108553550211381 1.0173884152401274
61656.2233 lsst_hardware_z 17.269470773346146 42.29999923706055 30.950000762939453 AB 2.4863629697843788 1.0341532576829664
61656.2408 lsst_hardware_g -4.878440984851212 19.239999771118164 31.559999465942383 AB 2.4477712924233637 1.0179606830386543
61677.1712 lsst_hardware_r -11.477737376928255 23.31999969482422 31.510000228881836 AB 4.153361847293224 1.0281871140718466
61677.1895 lsst_hardware_i -51.8946679203236 30.639999389648438 31.25 AB 4.1072217599446 1.0147970087163398
61679.1672 lsst_hardware_z 44.25945233244354 40.97999954223633 30.950000762939453 AB 4.917361209366453 1.0266961497790523
61679.1852 lsst_hardware_i 53.58053873258671 30.459999084472656 31.25 AB 4.84163858555102 1.0143274677738092
61685.1471 lsst_hardware_i -67.15332327162072 33.72999954223633 31.270000457763672 AB 3.925356952784698 1.0306380936770605
61685.1652 lsst_hardware_z -79.5366565132778 42.279998779296875 30.959999084472656 AB 3.834147252277762 1.015937268754044
61687.1461 lsst_hardware_r -28.37855877568974 43.20000076293945 31.6200008392334 AB 3.5926766705115742 1.0259660656847807
61687.1652 lsst_hardware_z 18.707109756438754 45.86000061035156 30.969999313354492 AB 3.5572325370289644 1.0136731600851931
61690.1282 lsst_hardware_r -166.00823348216704 85.58000183105469 31.65999984741211 AB 6.251989300536108 1.037043453588871
61690.1472 lsst_hardware_i -50.79586706541721 69.80000305175781 31.34000015258789 AB 6.118504374590342 1.0184493771165544
61691.1353 lsst_hardware_z -61.519946610138284 73.11000061035156 30.989999771118164 AB 6.087981371558338 1.0258481564093758
61691.1532 lsst_hardware_i -94.57388618524419 83.62999725341797 31.34000015258789 AB 5.95411482350088 1.014041695742415
61693.1371 lsst_hardware_z 99.25352651241386 111.37999725341797 31.75 AB 6.286350805671837 1.0197527498217243
61697.141 lsst_hardware_z 152.98815036916963 66.7699966430664 31.719999313354492 AB 3.8595340179167104 1.0128238325533705
61704.0987 lsst_hardware_r 7.98249903708708 22.81999969482422 31.520000457763672 AB 2.342350251484846 1.0269337261268552
61704.1158 lsst_hardware_i 31.256995712454266 30.34000015258789 31.270000457763672 AB 2.3293561542163457 1.014785763318021
61706.0972 lsst_hardware_z -75.56299923373639 41.0099983215332 30.950000762939453 AB 3.872593610824261 1.0232324143448577
61706.1146 lsst_hardware_i -17.86163610332794 30.43000030517578 31.260000228881836 AB 3.8008266121409484 1.0132835542896639
61712.0751 lsst_hardware_i 5.743143951515532 30.639999389648438 31.25 AB 3.0759596251322106 1.028749038505756
61712.0933 lsst_hardware_z -14.626214473892317 40.7400016784668 30.950000762939453 AB 4.145882042254195 1.015069462724236
61725.0489 lsst_hardware_i 279.33554294965796 35.21488396319465 31.260000228881836 AB 6.066325660156315 1.0203508062609095
61725.0658 lsst_hardware_z 260.2607780786378 50.30500718649518 30.969999313354492 AB 6.066125950181618 1.0125679705408182
61727.0521 lsst_hardware_r 439.3510998976698 30.046737645025388 31.5 AB 6.62554959429705 1.0151765255951966
61727.0724 lsst_hardware_u 3.1169521560393814 2.927026157250785 28.40999984741211 AB 6.620942944361559 1.0127637390992825
61730.0333 lsst_hardware_y 302.99495214925656 49.46724557661263 30.059999465942383 AB 4.68549486620153 1.0218624646860108
61730.0537 lsst_hardware_g 85.5735285659444 17.334733143267794 31.440000534057617 AB 3.908758679041301 1.012325811466701
61733.0343 lsst_hardware_z 696.1061865936634 48.416241836217594 30.959999084472656 AB 7.862344308409267 1.0158505071375943
61733.0538 lsst_hardware_i 883.2270542751252 41.976496672888096 31.260000228881836 AB 7.631919454115312 1.0123699311260141
61735.0355 lsst_hardware_y 354.014887342648 50.688725244252566 30.059999465942383 AB 4.9299994769375735 1.0132564951059917
61735.0545 lsst_hardware_r 872.3142596503598 38.206620341675816 31.5 AB 4.36771464138479 1.0138613373688
61737.0201 lsst_hardware_y 224.45783861967263 74.85364931560171 30.079999923706055 AB 4.520478591492171 1.0176674001558952
61737.0403 lsst_hardware_r 991.8694934574189 39.87584794548229 31.510000228881836 AB 4.476836477146327 1.0121147294741033
61739.0209 lsst_hardware_y 514.2637513101952 82.56027875548594 30.079999923706055 AB 5.659679512838183 1.014506746643636
61739.0402 lsst_hardware_z 955.6442847579648 50.27338610173112 30.950000762939453 AB 5.662808363114663 1.0128888544675871
61952.4117 lsst_hardware_z 1.2416817762464765 57.90999984741211 31.690000534057617 AB 10.03954581043924 1.0350047227256949
61957.4425 lsst_hardware_z 77.62512692460267 60.88999938964844 30.989999771118164 AB 5.367718482896996 1.012968198319871
61959.4229 lsst_hardware_i 21.571594762505693 91.5 32.08000183105469 AB 2.1965138275433707 1.0128406828513281
61959.4438 lsst_hardware_y -115.46717269400871 72.33000183105469 30.079999923706055 AB 2.1687831610039248 1.0153479218184152
61975.3685 lsst_hardware_g -19.918384685865185 14.0600004196167 31.420000076293945 AB 5.135113706925631 1.017122746651056
61975.3884 lsst_hardware_r -39.28638977174712 22.709999084472656 31.489999771118164 AB 5.4300953959112634 1.0121805109112167
61977.3667 lsst_hardware_i -62.00497588517582 30.239999771118164 31.25 AB 7.3076496590604725 1.015233350800288
61977.3859 lsst_hardware_z -19.379049503847938 40.61000061035156 30.940000534057617 AB 6.772729256880578 1.0125552991038054
61980.367 lsst_hardware_i -8.924306364356525 30.1299991607666 31.239999771118164 AB 4.276032349109698 1.0125579798980804
61980.3861 lsst_hardware_u 2.7788073972685496 2.5799999237060547 28.360000610351562 AB 4.771353883089365 1.0151816772530562
61991.3075 lsst_hardware_i -94.65020833699272 77.1500015258789 31.34000015258789 AB 4.548751586031644 1.0322431738347149
61991.3296 lsst_hardware_z -88.12915227733436 67.94000244140625 30.989999771118164 AB 4.532102782179682 1.014744535612579
61993.2861 lsst_hardware_i 18.127121487141196 61.619998931884766 31.329999923706055 AB 7.15253831261058 1.0556862569810088
61993.3106 lsst_hardware_z -30.267890588695096 57.029998779296875 30.979999542236328 AB 5.780081621241578 1.0234761613530905
61996.3177 lsst_hardware_g 3.206719393866745 29.809999465942383 31.670000076293945 AB 3.430407142869123 1.0140633028139499
61996.3385 lsst_hardware_r -51.93059243445697 34.31999969482422 31.600000381469727 AB 3.547836409609496 1.013667545602713
62000.3133 lsst_hardware_i -34.25633528871475 42.970001220703125 32.02000045776367 AB 3.351849967364298 1.0124140957077092
62000.3341 lsst_hardware_r 14.911584558241891 32.220001220703125 32.2599983215332 AB 4.192771838192233 1.016470606050887
62010.1664 lsst_hardware_g 26.476007778149267 27.969999313354492 31.540000915527344 AB 5.168357236135004 1.3252198041371805
62010.1904 lsst_hardware_r 19.484732542842895 30.190000534057617 31.530000686645508 AB 5.159368441533384 1.1998531259379963
62012.2609 lsst_hardware_i 19.58003483490882 38.93000030517578 31.299999237060547 AB 2.8266695736913836 1.0216570249178218
62012.2805 lsst_hardware_z 59.75936773244785 44.06999969482422 30.959999084472656 AB 2.7550473478947115 1.0124197879263983
62014.2424 lsst_hardware_i -17.13419915260352 51.470001220703125 31.31999969482422 AB 1.70740266763553 1.0350508720195182
62014.2589 lsst_hardware_z 38.189978457757185 51.06999969482422 30.979999542236328 AB 1.6183186956225952 1.0190923775960927
62022.2047 lsst_hardware_y -127.79177286379992 51.47999954223633 30.049999237060547 AB 3.4860051591218078 1.0597370904762058
62022.2231 lsst_hardware_r 21.101450233386064 65.43000030517578 31.649999618530273 AB 3.2429583813511162 1.0319676631188914
62029.1995 lsst_hardware_r 47.5234024533634 23.40999984741211 31.510000228881836 AB 3.0891916822893357 1.0375699783774839
62029.2165 lsst_hardware_g -18.195838932907844 14.630000114440918 31.459999084472656 AB 3.4105829031329185 1.020114527357802
62040.1687 lsst_hardware_i 52.702002535147614 35.79999923706055 31.270000457763672 AB 4.1119902438683855 1.0385999353066855
62040.1882 lsst_hardware_z -15.207944966583492 42.93000030517578 30.950000762939453 AB 4.048417285198322 1.0188969677512554
62042.1709 lsst_hardware_r -1.510975886920954 50.869998931884766 31.6299991607666 AB 4.160792810754195 1.0292622908482856
62042.1889 lsst_hardware_z -28.86804107450517 48.130001068115234 30.969999313354492 AB 4.11571063272045 1.0153891363619012
62045.1691 lsst_hardware_r 26.219137266069406 99.7699966430664 31.65999984741211 AB 4.67541326875056 1.0230663607770207
62045.1876 lsst_hardware_i 124.56903942464055 79.70999908447266 31.34000015258789 AB 4.586679234979061 1.0129591950042098
62047.1465 lsst_hardware_i 64.01489877131397 98.5 31.34000015258789 AB 1.8963807901168084 1.0429703231771255
62047.1658 lsst_hardware_z -221.83902746327573 83.12999725341797 31.0 AB 1.843005434470169 1.021291397536056
62049.1496 lsst_hardware_r -21.639380828703636 100.31999969482422 31.65999984741211 AB 4.476342298241516 1.031712428289603
62049.1697 lsst_hardware_z -27.34708718591467 68.08999633789062 30.989999771118164 AB 4.789780540492054 1.0154294128666639
62051.1489 lsst_hardware_g 39.44874952643292 61.540000915527344 31.729999542236328 AB 5.076856104987975 1.0265953299382962
62051.1679 lsst_hardware_r 55.01910710906803 61.43000030517578 31.649999618530273 AB 4.0878388201756115 1.013932737538911
62053.1457 lsst_hardware_i -0.1828889115477273 30.770000457763672 31.260000228881836 AB 3.2208520938455854 1.02444405020544
62053.1641 lsst_hardware_z 144.459312140185 43.70000076293945 30.959999084472656 AB 3.1633270263020647 1.0133996560314158
62056.1322 lsst_hardware_r 52.20252582651571 23.049999237060547 31.520000457763672 AB 5.987304824357614 1.0297786712382309
62056.15 lsst_hardware_g 17.342821060287044 14.300000190734863 31.450000762939453 AB 5.891119978274886 1.0157103410818769
62058.1322 lsst_hardware_r 21.865107775350886 22.90999984741211 31.510000228881836 AB 6.262774626718325 1.0243055134335546
62058.149 lsst_hardware_i -64.21130308020791 30.420000076293945 31.260000228881836 AB 6.273674365073946 1.013858896786578
62061.0437 lsst_hardware_u -2.831288768589291 3.799999952316284 29.110000610351562 AB 7.312736948733958 1.2338701263330638
62061.0718 lsst_hardware_g 26.713403522810967 20.149999618530273 32.150001525878906 AB 6.567324125944487 1.124285116287827
62066.114 lsst_hardware_g 14.339029072704955 14.630000114440918 31.450000762939453 AB 5.447064270281217 1.0212288104767462
62066.1327 lsst_hardware_r 34.09822373430211 22.940000534057617 31.510000228881836 AB 4.905003710400739 1.012471738622325
62069.099 lsst_hardware_r -18.050376505792514 32.5099983215332 31.59000015258789 AB 2.344839210145035 1.0273493198634176
62069.1157 lsst_hardware_g -80.53023609424696 28.3700008392334 31.65999984741211 AB 2.320290381642387 1.0151481908891877
62076.0828 lsst_hardware_i 149.47817715545935 84.81999969482422 31.350000381469727 AB 6.788470852946631 1.0245330864328153
62076.1002 lsst_hardware_z 74.94405455564441 71.6500015258789 31.0 AB 5.694684877997386 1.0137400761900108
62078.075 lsst_hardware_r -17.096202741216842 86.43000030517578 31.65999984741211 AB 4.107078956648629 1.0267697391621573
62078.0941 lsst_hardware_z 86.3210420172239 62.63999938964844 30.989999771118164 AB 4.499435478261372 1.013957290875802
62080.0751 lsst_hardware_g -83.98598898945134 34.119998931884766 31.68000030517578 AB 3.3697690312778397 1.0217613800114735
62080.0942 lsst_hardware_r 49.00238484238562 45.79999923706055 31.6299991607666 AB 3.3630680785480718 1.0125148512864885
62082.0755 lsst_hardware_i 32.52726168961131 30.3799991607666 31.260000228881836 AB 7.855072608855116 1.0176282690576992
62082.0964 lsst_hardware_z -16.72506438751104 40.77000045776367 30.950000762939453 AB 5.668251796291874 1.0121878207664061
62084.0587 lsst_hardware_z 98.55259178703699 41.0 30.959999084472656 AB 8.848497991200373 1.0266865453617653
62084.0763 lsst_hardware_r 0.3903006421383656 22.8700008392334 31.510000228881836 AB 8.686038336168064 1.0144870750020363
62087.0588 lsst_hardware_u 1.4362630402604262 2.630000114440918 28.399999618530273 AB 4.455789465111202 1.0196314565471858
62087.0758 lsst_hardware_r -16.70104874307047 22.700000762939453 31.5 AB 4.443688039736264 1.012402583524808
62089.062 lsst_hardware_i -15.047468331652922 30.219999313354492 31.25 AB 5.341648258649949 1.0147508090139283
62089.0801 lsst_hardware_z 12.17809171612358 40.59000015258789 30.950000762939453 AB 5.356384810572192 1.0125491135297149
62094.0549 lsst_hardware_g 7.284530854895945 14.09000015258789 31.43000030517578 AB 6.713693055667108 1.012712489384502
62094.0747 lsst_hardware_r -2.307372814605341 22.719999313354492 31.5 AB 6.77874154167041 1.015110920458903
62097.0343 lsst_hardware_z 22.038586925376993 42.38999938964844 30.959999084472656 AB 7.760105580122376 1.0177743806925899
62097.0548 lsst_hardware_i -35.50792826949847 31.739999771118164 31.270000457763672 AB 6.90431251505962 1.0121399274440395
62099.0355 lsst_hardware_y -67.93708665173583 48.97999954223633 30.059999465942383 AB 6.379199047108384 1.0144230018460036
62099.0552 lsst_hardware_r -73.55008768420927 38.84000015258789 31.610000610351562 AB 5.250539360519129 1.0130635161950037
62101.0193 lsst_hardware_y 33.22471383960713 71.72000122070312 30.079999923706055 AB 4.952519617145713 1.0205593976912122
62101.0394 lsst_hardware_r -109.06759673522703 60.5099983215332 31.649999618530273 AB 4.942530378262754 1.0121913533202445
62104.0213 lsst_hardware_y -173.06407862274796 81.2699966430664 30.079999923706055 AB 5.67184893629746 1.0146420279601895
62104.0408 lsst_hardware_z -94.32585025784036 59.400001525878906 30.979999542236328 AB 5.667499438948176 1.01288246730772
62106.0226 lsst_hardware_y 38.99334333615892 72.37999725341797 30.079999923706055 AB 7.012730311525586 1.012619894810202
62106.0405 lsst_hardware_r -76.14453994541185 84.37999725341797 31.65999984741211 AB 7.076837535403142 1.0145033978215074
62108.0323 lsst_hardware_z 37.887692557633365 88.4000015258789 31.739999771118164 AB 4.434210042532864 1.0135337240075117
