data/validation/pwv_sim_epoch_fit_epoch/45823280.ecsv
# %ECSV 0.9
# ---
# datatype:
# - {name: time, datatype: float64}
# - {name: band, datatype: string}
# - {name: flux, datatype: float64}
# - {name: fluxerr, datatype: float64}
# - {name: zp, datatype: float64}
# - {name: zpsys, datatype: string}
# - {name: pwv, datatype: float64}
# - {name: airmass, datatype: float64}
# meta: {SNID: '45823280', alt: 1024.0, c: -0.11891082674264908, dec: -36.609226, lat: -30.244573, lon: -70.7499537, ra: 77.34375, t0: 63122.4765625,
#   x0: 2.4825098380802312e-06, x1: 0.6491373777389526, z: 0.8152738809585571}
# schema: astropy-2.0
time band flux fluxerr zp zpsys pwv airmass
63117.3302 lsst_hardware_r 723.2713721279133 45.60265330071644 31.549999237060547 AB 3.4432144783753786 1.2297194565626353
63117.3478 lsst_hardware_i 813.5619228767805 48.273726118306485 31.260000228881836 AB 3.3564480133976424 1.1604637593860698
63122.3281 lsst_hardware_u 1.6494435241090046 2.7289871973612194 28.34000015258789 AB 3.2776965821295194 1.1823235935177272
63122.3441 lsst_hardware_g 101.48187872195989 16.967014629738806 31.3799991607666 AB 3.2218254456491677 1.128485269929656
63124.3434 lsst_hardware_u 0.5263782916648408 2.761543544337248 28.420000076293945 AB 1.498113997216501 1.1148063975318125
63124.3624 lsst_hardware_g 106.03909910250327 16.493145526409997 31.389999389648438 AB 1.4148256899496212 1.0695419100034935
63129.3021 lsst_hardware_r 428.21497724744705 31.306633487710272 31.459999084472656 AB 7.956493534479579 1.209653140931901
63129.3189 lsst_hardware_g 84.06798502417976 15.630496397081513 31.3700008392334 AB 7.378376287185136 1.1474924241347315
63137.278 lsst_hardware_z 406.1055507917816 56.0441096466997 30.950000762939453 AB 4.075335233157665 1.2192172421002065
63137.2975 lsst_hardware_r 444.47919609875794 60.09932579848079 31.610000610351562 AB 4.353497180625907 1.1460592788591113
63140.3383 lsst_hardware_y 337.0154039913857 75.96181861868857 30.799999237060547 AB 4.350468375431745 1.036710298571816
63145.2788 lsst_hardware_z 279.54871404732006 52.13503522263002 30.950000762939453 AB 6.761729842811428 1.1361069464258908
63145.3001 lsst_hardware_r 227.84001653592344 49.39266365677399 31.6200008392334 AB 6.175558569580255 1.0800207361980159
63149.296 lsst_hardware_r 162.13865976167037 25.99659649848126 31.5 AB 2.972182744949507 1.0658715240988408
63149.3166 lsst_hardware_z 382.07879785242585 44.24099877431355 30.950000762939453 AB 2.8838572740493444 1.0329618317889504
63149.3503 lsst_hardware_r 193.92018299633892 26.95180896070772 31.520000457763672 AB 3.0223350686333346 1.0074450228777783
63149.3618 lsst_hardware_y 215.1343504071992 48.100192156717505 30.059999465942383 AB 3.0184913190660483 1.006163773022016
63153.2666 lsst_hardware_i 201.89081736848283 34.12451687228021 31.229999542236328 AB 6.401340299988364 1.1083612327917425
63153.2845 lsst_hardware_z 176.2289005035799 44.023418170197 30.940000534057617 AB 6.113957678960948 1.0670083209355352
63155.3654 lsst_hardware_z 200.8639662483214 44.09202204172441 30.950000762939453 AB 7.409047774894215 1.0127414659839455
63155.3772 lsst_hardware_r 137.70941569568268 30.30892011301476 31.559999465942383 AB 7.971514484210709 1.0219890364372703
63159.1958 lsst_hardware_u -3.1775561669735004 2.5066601930553554 28.190000534057617 AB 3.015542600055749 1.331022591704454
63159.2149 lsst_hardware_g 17.424679537989235 13.324088345783702 31.329999923706055 AB 1.3690784839860253 1.2325712212343238
63159.3664 lsst_hardware_i 126.79196171771022 34.1625217146406 31.260000228881836 AB 0.7372783853610652 1.0221049704635838
63159.3767 lsst_hardware_z 110.03870914148526 66.44173198368932 30.989999771118164 AB 1.3437035899441285 1.033618146110868
63161.2152 lsst_hardware_z 148.31516972789007 45.43026388325342 30.940000534057617 AB 2.954422686761097 1.2077353854927835
63161.2351 lsst_hardware_r 83.94851422765062 23.615147364956748 31.469999313354492 AB 2.832839325064538 1.1361655047050285
63166.1929 lsst_hardware_i 66.5047185784807 51.79602055440729 31.270000457763672 AB 3.009674760323172 1.2458122498755964
63166.2105 lsst_hardware_z 124.90927655963966 52.82083443983828 30.950000762939453 AB 3.579627925278941 1.1729754813726356
63170.1916 lsst_hardware_z 158.56531021377694 66.56175830430016 30.969999313354492 AB 4.031342382603452 1.2037451127508823
63170.2092 lsst_hardware_i 27.964058571496043 72.39094082080685 31.31999969482422 AB 4.361540493624755 1.1403217116975826
63181.2046 lsst_hardware_u 1.2896323324527512 2.6383613154651884 28.360000610351562 AB 0.7945208368436982 1.0740396577812752
63181.2234 lsst_hardware_g 13.549533341317096 13.76392528873517 31.389999389648438 AB 2.4403030392133838 1.0408628872737828
63187.2059 lsst_hardware_u -3.2053957688532835 2.608515192879773 28.34000015258789 AB 2.727621161102596 1.0425025936620236
63187.2235 lsst_hardware_r -11.783031701394254 21.912872283605665 31.479999542236328 AB 5.783061309190035 1.0212911804305567
63193.1149 lsst_hardware_r 19.151524998736125 40.6510079551477 31.549999237060547 AB 8.697797568435991 1.266469741681918
63193.2226 lsst_hardware_y 64.06362603692057 68.89247979868209 30.770000457763672 AB 6.226258334813525 1.0103188557140077
63193.325 lsst_hardware_g 10.581793723254268 13.168629717455177 31.350000381469727 AB 7.249714385023058 1.115340674618932
63197.2736 lsst_hardware_r -70.694602397571 76.31062593520302 31.649999618530273 AB 4.548760056298348 1.0344556384782186
63197.2857 lsst_hardware_i 120.87873860310798 62.25801840171252 31.31999969482422 AB 4.616352971432645 1.0525200573261844
63199.1308 lsst_hardware_z 68.60109732679938 67.72193113927675 30.979999542236328 AB 5.79430007510895 1.1378850014942
63199.2213 lsst_hardware_r 291.3372043540794 134.09027832600535 32.38999938964844 AB 5.071232174830664 1.0061968600853253
63199.3082 lsst_hardware_z 42.24980902534564 66.39127419748489 30.979999542236328 AB 4.997482987644743 1.114183186900556
63201.3036 lsst_hardware_z 170.6004666321172 59.22229277535444 30.969999313354492 AB 7.71068878533328 1.116574135058157
63201.3156 lsst_hardware_i 141.6540053153841 63.92409022731222 31.299999237060547 AB 8.069551627714041 1.1533972501377923
63204.1432 lsst_hardware_r 45.503181086747695 35.21507512739689 31.59000015258789 AB 3.442319658162423 1.071150189242534
63204.1646 lsst_hardware_z 72.33269143250334 46.08757819267092 30.959999084472656 AB 3.325774771396118 1.035341200528049
63208.1531 lsst_hardware_i 122.69439995761182 30.342648336736122 31.25 AB 3.833607670745099 1.0361101812824591
63208.174 lsst_hardware_z 50.51532363663315 40.894990180417764 30.950000762939453 AB 4.518966301509059 1.0148708778864879
63211.2034 lsst_hardware_g 4.938973924170511 13.014691295899432 31.399999618530273 AB 10.184402982367715 1.0083567309274966
63211.2155 lsst_hardware_r -15.466193040750777 21.857848588423455 31.5 AB 9.652088637260675 1.0147097896301718
63213.0458 lsst_hardware_y 92.28648686975895 52.16157551809694 29.950000762939453 AB 15.159087663732857 1.3463973411255759
63213.0663 lsst_hardware_z 46.84041357835908 44.193112358414005 30.93000030517578 AB 14.007554055574381 1.2378538401886163
63216.0475 lsst_hardware_y -43.14910865336321 50.849998474121094 29.959999084472656 AB 12.894265127916974 1.2900937700822974
63216.0684 lsst_hardware_u 0.19522477187796122 2.619999885559082 28.360000610351562 AB 11.947557523881834 1.1941464315167112
63216.1963 lsst_hardware_i -34.470912486622474 29.520000457763672 31.260000228881836 AB 10.405508535965017 1.01127931816735
63216.2089 lsst_hardware_u -0.1525492380963768 2.680000066757202 28.489999771118164 AB 10.60651795365912 1.020362070194247
63218.0474 lsst_hardware_y -26.631292984946967 51.56999969482422 29.969999313354492 AB 5.090331720486506 1.2627179461671953
63218.068 lsst_hardware_r 14.76877803253359 22.889999389648438 31.459999084472656 AB 4.724557790987072 1.1748978031673505
63226.0479 lsst_hardware_y 66.40157594131918 55.40999984741211 30.010000228881836 AB 11.154734990903421 1.168585720067406
63226.0687 lsst_hardware_r -86.01065399241313 74.37999725341797 31.639999389648438 AB 10.512125787671348 1.1046500236617731
63229.0505 lsst_hardware_y 61.045924925520396 56.56999969482422 30.030000686645508 AB 9.3573113886448 1.1329149934796903
63229.074 lsst_hardware_g -25.318918602660023 95.26000213623047 31.719999313354492 AB 8.793448109483837 1.0730914771473348
