data/validation/pwv_sim_epoch_fit_epoch/45858011.ecsv
# %ECSV 0.9
# ---
# datatype:
# - {name: time, datatype: float64}
# - {name: band, datatype: string}
# - {name: flux, datatype: float64}
# - {name: fluxerr, datatype: float64}
# - {name: zp, datatype: float64}
# - {name: zpsys, datatype: string}
# - {name: pwv, datatype: float64}
# - {name: airmass, datatype: float64}
# meta: {SNID: '45858011', alt: 1024.0, c: -0.04722209647297859, dec: -0.149208, lat: -30.244573, lon: -70.7499537, ra: 305.859375, t0: 61258.02734375,
#   x0: 9.19234418436354e-06, x1: 0.7139043807983398, z: 0.4764852821826935}
# schema: astropy-2.0
time band flux fluxerr zp zpsys pwv airmass
61164.4002 lsst_hardware_i 44.40652533574821 63.16999816894531 31.299999237060547 AB 10.552398975686769 1.1768037220571839
61164.4191 lsst_hardware_y -26.703295721959815 56.90999984741211 30.020000457763672 AB 10.31763510619468 1.1592848433926608
61169.384 lsst_hardware_g -88.18538428245263 67.69999694824219 32.400001525878906 AB 9.079521385251251 1.1805000988462142
61169.4061 lsst_hardware_y -141.70496813201416 73.20999908447266 30.760000228881836 AB 8.822288685134142 1.1589847744442467
61174.4056 lsst_hardware_r 5.183317489227383 24.100000381469727 31.479999542236328 AB 9.426305977483837 1.1570515305518245
61174.4246 lsst_hardware_y -85.23126791273855 52.52000045776367 30.0 AB 9.098206457168708 1.1683715285571672
61176.394 lsst_hardware_r -35.03143541267427 23.829999923706055 31.469999313354492 AB 5.162387965031173 1.156967271410052
61176.4163 lsst_hardware_y 16.283859102019637 48.95000076293945 29.989999771118164 AB 5.271629882994054 1.1656021262517402
61186.361 lsst_hardware_r 24.13303990250563 23.950000762939453 31.5 AB 6.646568737096829 1.158443352870907
61186.3818 lsst_hardware_g 8.389353606032019 14.609999656677246 31.40999984741211 AB 6.424565247931947 1.1602971370655495
61188.3647 lsst_hardware_r 45.22202624706972 41.63999938964844 31.59000015258789 AB 10.42574675896468 1.1568096265148051
61188.3843 lsst_hardware_i 17.862122894799036 32.040000915527344 31.239999771118164 AB 10.892984006743127 1.166314001935476
61195.2676 lsst_hardware_r 98.92112942220783 97.76000213623047 31.579999923706055 AB 14.99297184509822 1.3088583016235897
61195.2933 lsst_hardware_z 69.88117843055655 73.5999984741211 30.969999313354492 AB 14.662587180378761 1.2206870090019157
61197.3494 lsst_hardware_y 97.28163853204032 76.33999633789062 30.770000457763672 AB 6.342523964480284 1.1590869818129172
61197.3726 lsst_hardware_r 134.10819560770958 98.62000274658203 32.369998931884766 AB 6.371367037393372 1.182510586004777
61218.2127 lsst_hardware_z -14.520497009373884 58.41999816894531 30.950000762939453 AB 9.278976072296457 1.276864740924277
61218.2407 lsst_hardware_r 4.765438820907592 101.44000244140625 32.36000061035156 AB 8.671564306110229 1.197288886152956
61218.2662 lsst_hardware_i 17.35343287842595 58.29999923706055 31.299999237060547 AB 8.280722140915682 1.1626417570434335
61219.2842 lsst_hardware_i 108.4757221953908 71.38999938964844 31.299999237060547 AB 6.65516640377074 1.1573531511977195
61219.3041 lsst_hardware_z -6.592566112495935 65.05000305175781 30.959999084472656 AB 6.33293029360034 1.170993921587785
61221.2663 lsst_hardware_r -91.62527576686212 125.33999633789062 31.6299991607666 AB 4.04232457139911 1.1581485736030475
61221.2867 lsst_hardware_z -7.164777054210951 83.27999877929688 30.979999542236328 AB 4.032058723876561 1.1605829860042698
61226.2594 lsst_hardware_z -13.389395520504728 56.060001373291016 30.959999084472656 AB 4.542517165758263 1.1568379878841077
61226.2785 lsst_hardware_r -61.152609046422995 64.62000274658203 31.610000610351562 AB 4.606563511002169 1.1644988862866237
61234.2261 lsst_hardware_g 14.114418559125767 14.911227828481813 31.420000076293945 AB 7.986836161249834 1.1603151808111138
61234.245 lsst_hardware_r 163.08647797330045 26.869122042984937 31.5 AB 7.976618444890482 1.1578215277081905
61236.2243 lsst_hardware_i 231.07145008511318 35.91930469127114 31.229999542236328 AB 6.626412818806979 1.1585481725895497
61236.2441 lsst_hardware_z 242.9779065756057 45.317648444997786 30.93000030517578 AB 6.682672914235147 1.1596829352251883
61243.2124 lsst_hardware_g 1509.2288702220937 51.263657476949646 32.310001373291016 AB 5.860454158916736 1.1568778875619081
61243.2332 lsst_hardware_i 2299.140161678394 68.02679358038307 32.0 AB 5.892672491280927 1.1654811098262043
61245.2071 lsst_hardware_z 1111.8831008492439 58.34562925727319 30.950000762939453 AB 6.377336950512788 1.1568690330630444
61245.2265 lsst_hardware_r 2302.7780818964434 68.31908858068097 31.59000015258789 AB 7.256954771596347 1.1644041458409928
61247.2133 lsst_hardware_y 984.5679729891395 80.57393599573987 30.760000228881836 AB 11.62216172680863 1.1593082411759135
61250.1698 lsst_hardware_z 1528.937891352942 113.40640655880489 30.989999771118164 AB 4.870420989289681 1.171243524478422
61250.1897 lsst_hardware_r 3594.743600202845 173.83539806546415 31.639999389648438 AB 4.8553547935754695 1.157414730292069
61252.1757 lsst_hardware_i 2113.3800996439886 114.51421144628554 31.31999969482422 AB 4.249525939534733 1.1610726610750637
61252.1955 lsst_hardware_z 1601.0431614184 96.4114401037541 30.979999542236328 AB 4.261298116429481 1.1577254951924147
61254.1745 lsst_hardware_r 3779.8902106611085 96.04358692629805 31.6200008392334 AB 2.1229698733527043 1.158826350083354
61254.1944 lsst_hardware_z 1639.1857579178802 72.34984481849338 30.959999084472656 AB 2.1820158624683303 1.1594133169332255
61257.1604 lsst_hardware_g 1286.8129799599187 38.631813407377926 31.389999389648438 AB 2.3642425377392646 1.1621706723280014
61257.1817 lsst_hardware_i 2279.5730524524306 58.894276582787214 31.239999771118164 AB 1.8499811568623648 1.1576853297011045
61259.1657 lsst_hardware_z 1872.060634795243 59.93195203665597 30.940000534057617 AB 3.0753140589334107 1.1572932986452875
61259.1853 lsst_hardware_r 3328.611844210586 62.200316897264095 31.489999771118164 AB 3.285212467948987 1.1621186102464196
61262.1391 lsst_hardware_r 3095.1662778789846 60.51995755399509 31.479999542236328 AB 5.10983121313719 1.168941104118619
61262.1672 lsst_hardware_u -3.540604900143663 4.339770098931021 29.100000381469727 AB 4.761821785713154 1.1574676192789581
61262.1952 lsst_hardware_g 991.2377648216965 34.91806143232244 31.399999618530273 AB 4.886328131962658 1.1826530371833786
61265.1291 lsst_hardware_g 851.8394203545342 32.68069588670154 31.420000076293945 AB 3.9238619158826213 1.170952526374999
61265.148 lsst_hardware_r 2891.884615419986 58.67477204275467 31.489999771118164 AB 3.8959207742216804 1.1576053407284743
61267.1229 lsst_hardware_i 1961.6968002376402 54.890488631063356 31.229999542236328 AB 4.2386695850305 1.171820370924895
61267.1444 lsst_hardware_z 1679.4778577694356 58.36852112343199 30.940000534057617 AB 3.9136222079012386 1.1571916640748783
61269.1299 lsst_hardware_r 2433.956542945085 55.37280409568298 31.5 AB 4.944201271839422 1.1607014489019691
61269.1502 lsst_hardware_u -0.1425583603041057 3.145352915520079 28.459999084472656 AB 4.9415278951003145 1.1580801254043391
61275.1254 lsst_hardware_z 1260.07108992499 65.57034155253248 30.969999313354492 AB 2.52602416845165 1.1568693237699337
61275.1441 lsst_hardware_r 2159.16360206263 79.4459821472343 31.6200008392334 AB 2.5520945355816087 1.1640111906871646
61277.0969 lsst_hardware_r 1797.69446300243 122.20532739380474 31.6299991607666 AB 4.526763686100124 1.1703111908221624
61277.116 lsst_hardware_y 412.044146542092 64.37329490669718 30.020000457763672 AB 4.436389736704798 1.1574197069409857
61279.0792 lsst_hardware_z 945.726963251925 99.92452978158785 30.979999542236328 AB 1.9587445600884754 1.1878378169123562
61279.0991 lsst_hardware_r 1498.7159946211546 145.0994522329032 31.6299991607666 AB 1.6556447106330985 1.1630802322677194
61287.0599 lsst_hardware_z 746.1462913753775 51.48706563156404 30.93000030517578 AB 1.8444012496626156 1.183572994435903
61287.0788 lsst_hardware_r 683.6085512458247 36.22154971354828 31.469999313354492 AB 1.8142105834420885 1.1619623719740104
61298.0536 lsst_hardware_u 2.9831715847494555 3.0057147547148144 28.450000762939453 AB 1.3893713906934508 1.1591779662324557
61298.072 lsst_hardware_g 124.51633647764488 17.292340819916795 31.43000030517578 AB 1.3630996802746962 1.1584416546243876
61300.0237 lsst_hardware_g 94.32033511539056 21.500260732449195 31.5 AB 1.9290226924500116 1.1847214447720016
61300.0411 lsst_hardware_r 401.17848526203244 33.000450600926385 31.510000228881836 AB 2.079638628524483 1.1635969386059024
61304.0385 lsst_hardware_z 1144.8661824161366 89.74083452455874 31.719999313354492 AB 4.51862697290292 1.1586223007443386
61306.0287 lsst_hardware_r 350.5074253214792 97.75263192496985 31.6299991607666 AB 1.7412192779687528 1.1608128519791685
61306.0486 lsst_hardware_i 461.14988941659846 83.94838586906798 31.309999465942383 AB 1.614695172620768 1.1579025977920456
61308.0277 lsst_hardware_z 508.5277287600081 78.77224887968447 30.969999313354492 AB 5.076287947844323 1.1585730795034401
61308.0469 lsst_hardware_r 117.22755253346033 110.08425544663494 31.6200008392334 AB 5.126095249945229 1.1594003128645722
61310.0351 lsst_hardware_z 884.2375171828419 97.14792168936422 31.719999313354492 AB 3.6090854872036933 1.157252721420594
61311.9929 lsst_hardware_y 141.15319524186165 52.98437473882472 30.0 AB 4.450226927504963 1.181580740111127
61312.0104 lsst_hardware_r 210.57987333174088 28.01421513765954 31.479999542236328 AB 3.9709522014154106 1.1620598550696222
61313.9956 lsst_hardware_y 120.34612274697595 52.32253430915602 30.010000228881836 AB 3.7813108817625527 1.1706240797998053
61314.0147 lsst_hardware_r 191.60199018710946 28.028230687119663 31.489999771118164 AB 7.057790771658087 1.157489261444541
61315.9952 lsst_hardware_z 424.87994438733404 50.068619409797826 30.950000762939453 AB 2.904441456208419 1.1654672287076082
61316.0138 lsst_hardware_g 65.73671985439785 16.29428469239904 31.43000030517578 AB 2.281716241665099 1.1568613697811894
61317.9965 lsst_hardware_y 285.2268436185983 52.07390546934368 30.010000228881836 AB 3.7236835636698395 1.1604779318020537
61318.0146 lsst_hardware_i 286.7340002944492 36.480538360386646 31.239999771118164 AB 3.1679374842549013 1.15755457541071
61321.9953 lsst_hardware_y 112.13706170302046 56.36437177073376 30.020000457763672 AB 5.262381614063812 1.157033591717647
61322.0144 lsst_hardware_g 15.539051455242916 16.0609667641672 31.420000076293945 AB 4.612241220871233 1.162945340613019
61323.9968 lsst_hardware_y 270.74141990659126 54.5733875954338 30.020000457763672 AB 2.622208301832314 1.1572395138828204
61324.0159 lsst_hardware_z 347.15408571865845 46.861688813544944 30.940000534057617 AB 3.987051656889139 1.1693376645484372
61530.4038 lsst_hardware_z -1.532723530033403 43.63999938964844 30.940000534057617 AB 8.041831919157362 1.169834444914517
61530.4218 lsst_hardware_y -68.28180458335126 53.70000076293945 30.010000228881836 AB 6.325287815403475 1.1575765778292493
61533.4088 lsst_hardware_r 26.293014517315168 34.5 32.25 AB 12.266138953032257 1.1593704114397219
61533.4279 lsst_hardware_z 20.765863363010677 79.80999755859375 31.719999313354492 AB 12.304576418698208 1.1585321068997922
61541.3858 lsst_hardware_z -82.25550987251204 43.09000015258789 30.950000762939453 AB 5.296406117244422 1.1599662981263474
61541.4126 lsst_hardware_r -38.78944388632386 24.170000076293945 31.489999771118164 AB 5.178388383128409 1.1621158849031439
61543.3566 lsst_hardware_y 152.8431046695974 51.5 30.0 AB 8.312341433596108 1.186206412214928
61543.3793 lsst_hardware_g -58.727660373980775 44.91999816894531 31.65999984741211 AB 9.189248234347103 1.160551684054951
61547.34 lsst_hardware_r -11.138673437865583 94.36000061035156 31.6200008392334 AB 5.02844741308582 1.196679536669638
61547.3632 lsst_hardware_i 18.306340675307617 74.18000030517578 31.309999465942383 AB 4.920763781463826 1.164218560283211
61551.3513 lsst_hardware_z -6.234822981199612 62.91999816894531 30.969999313354492 AB 6.676935833045551 1.165055982035486
61551.3746 lsst_hardware_r -38.080847813466015 77.58999633789062 31.6299991607666 AB 6.64143516830025 1.1572964789022122
61553.3682 lsst_hardware_z 34.65013794687428 48.97999954223633 30.950000762939453 AB 10.493205433737035 1.1571261275945675
61553.3898 lsst_hardware_r 43.429631851388514 44.869998931884766 31.59000015258789 AB 10.915588741435506 1.1714518932641669
61557.2772 lsst_hardware_z 38.63597903258097 63.150001525878906 31.670000076293945 AB 7.870857605324374 1.3058245716010148
61557.2987 lsst_hardware_r 15.90176743694084 33.939998626708984 32.220001220703125 AB 8.394027552010552 1.2301344661243543
61560.3464 lsst_hardware_u 2.27092546615241 2.5999999046325684 28.299999237060547 AB 13.803709291959382 1.1568646741501627
61560.3683 lsst_hardware_g 24.461909305818068 14.489999771118164 31.389999389648438 AB 14.114834890278157 1.1687852349835235
61571.2689 lsst_hardware_i -82.73024474752481 48.130001068115234 31.270000457763672 AB 14.19709374444833 1.2086747611483444
61571.2905 lsst_hardware_z 103.73225189166895 50.4900016784668 30.950000762939453 AB 13.808461327323386 1.1714164034094416
61573.2682 lsst_hardware_r -84.87188935146659 82.54000091552734 31.610000610351562 AB 5.2563310649364166 1.1983428220084684
61573.2915 lsst_hardware_z -41.58978527746778 60.86000061035156 30.969999313354492 AB 5.1044284667639515 1.1648405743304633
61575.2673 lsst_hardware_z 118.17774681424153 77.51000213623047 30.979999542236328 AB 4.112460525270098 1.1896038545762506
61575.2898 lsst_hardware_i -31.167281919262763 89.45999908447266 31.31999969482422 AB 4.0191145958089525 1.1619296316302261
61579.2743 lsst_hardware_y 0.5020902438486947 83.27999877929688 30.760000228881836 AB 4.4104087989631 1.1655671061192592
61581.2715 lsst_hardware_r -35.68218632097192 80.93000030517578 32.36000061035156 AB 5.0974451030569465 1.1633354488633552
61581.2968 lsst_hardware_i 0.23365299645037932 72.68000030517578 32.040000915527344 AB 4.651630068055168 1.158538860062307
61586.2362 lsst_hardware_g -26.765775737664573 14.420000076293945 31.3799991607666 AB 3.954877544542242 1.1915571702655394
61586.2598 lsst_hardware_i 14.132275292315166 32.0 31.239999771118164 AB 4.043265573986946 1.161913570761132
61588.281 lsst_hardware_z 37.396208047394644 42.959999084472656 30.940000534057617 AB 9.558247936708634 1.1600988696318761
61588.2972 lsst_hardware_r 65.42043111661349 23.920000076293945 31.489999771118164 AB 9.261281559879961 1.1751652608496974
61590.2685 lsst_hardware_u 0.01981773493162348 2.5899999141693115 28.290000915527344 AB 8.028306305182968 1.1574001737451116
61590.2895 lsst_hardware_g 5.5180903373115315 14.4399995803833 31.389999389648438 AB 8.172316485397886 1.1723305817526732
61595.2433 lsst_hardware_r 8.116245393633172 23.860000610351562 31.479999542236328 AB 2.5337995820338213 1.1579113821702276
61595.2657 lsst_hardware_i -23.032750448273614 32.13999938964844 31.239999771118164 AB 2.4413027283669204 1.1625251087461526
61597.1529 lsst_hardware_z -1.6435693320012763 48.369998931884766 30.920000076293945 AB 10.311548891639532 1.380702819679473
61597.1658 lsst_hardware_r -12.898856526687112 34.13999938964844 31.510000228881836 AB 9.854117325881942 1.3154901313892902
61599.224 lsst_hardware_r 46.60311812923525 45.66999816894531 31.59000015258789 AB 7.8552460428393065 1.162133254192761
61599.2469 lsst_hardware_z 78.35206330928696 48.369998931884766 30.950000762939453 AB 7.942612761408977 1.158265520329981
61606.2037 lsst_hardware_z -94.18842782108989 95.23999786376953 30.979999542236328 AB 3.9801750774807374 1.1630004122374804
61606.2238 lsst_hardware_i -29.80875646655901 113.44999694824219 31.31999969482422 AB 3.3775032749633103 1.1572076090554968
61609.184 lsst_hardware_z 79.07569036939312 57.54999923706055 30.959999084472656 AB 6.237005624910991 1.1748538968516111
61609.2026 lsst_hardware_r -80.30602900892997 68.20999908447266 31.6200008392334 AB 6.147573724218519 1.1588263382127273
61610.2415 lsst_hardware_y 26.97995789303561 73.26000213623047 30.75 AB 7.358303468717315 1.1814241587450867
61616.1842 lsst_hardware_g 2.543434377903907 14.880000114440918 31.420000076293945 AB 5.590534442510693 1.1585399321335266
61616.2033 lsst_hardware_r -25.122842157945787 24.190000534057617 31.489999771118164 AB 5.665438903145129 1.1594656235651326
61621.1789 lsst_hardware_r -23.8046967379283 24.219999313354492 31.5 AB 1.4522743446341138 1.1568834396979133
61621.1972 lsst_hardware_u 4.138270675427542 2.7699999809265137 28.420000076293945 AB 1.406312940423189 1.164487668029138
61623.1651 lsst_hardware_g -12.132893482062775 14.880000114440918 31.40999984741211 AB 2.410916560492399 1.1585375110487262
61623.1848 lsst_hardware_i -8.355515476531831 32.040000915527344 31.229999542236328 AB 1.8790304279508063 1.159776007376282
61625.1734 lsst_hardware_z -76.1753053485555 43.400001525878906 30.93000030517578 AB 3.7940727061774626 1.1575235164907216
61625.1933 lsst_hardware_r 0.4974221855483586 24.049999237060547 31.469999313354492 AB 3.8616367621363876 1.1715834739624467
61628.136 lsst_hardware_r -48.45742699970911 47.529998779296875 31.59000015258789 AB 9.609901638593705 1.1701554506659004
61628.1544 lsst_hardware_y -62.699096214089856 50.040000915527344 30.010000228881836 AB 9.49801578454748 1.1575887610661157
61650.0841 lsst_hardware_u -1.5727848531093647 2.609999895095825 28.309999465942383 AB 3.3795352263360665 1.162617473654974
61650.1052 lsst_hardware_g 12.220774741040254 14.359999656677246 31.389999389648438 AB 3.366819064071039 1.1575460209395316
61652.0578 lsst_hardware_g 18.812087273074795 14.729999542236328 31.399999618530273 AB 1.778140582028636 1.1883318659132172
61652.0767 lsst_hardware_r -10.0052122657958 23.770000457763672 31.479999542236328 AB 1.7454053171374648 1.1641209318391272
61654.0617 lsst_hardware_i 18.48159516169564 33.099998474121094 31.239999771118164 AB 0.6702346279881296 1.174133654868652
61654.0801 lsst_hardware_r 18.94222133395952 26.43000030517578 31.520000457763672 AB 0.7048692577651999 1.1586891908469041
61656.0583 lsst_hardware_z -34.072802454512484 46.56999969482422 30.950000762939453 AB 2.6831539316884765 1.1715976704847435
61656.0772 lsst_hardware_g 60.41542061419068 34.20000076293945 31.6299991607666 AB 2.657149750808345 1.1577994556898061
61673.0294 lsst_hardware_g 11.494264460786107 14.319999694824219 31.3799991607666 AB 5.084692468375957 1.1582442980354708
61673.0495 lsst_hardware_r 15.560457154876003 23.610000610351562 31.469999313354492 AB 5.21122150979054 1.1604560963014445
61677.0268 lsst_hardware_i 44.99824746587977 31.729999542236328 31.229999542236328 AB 3.9513158994002846 1.1569059605417449
61677.0466 lsst_hardware_z -27.254805745083743 43.11000061035156 30.93000030517578 AB 3.958368211497129 1.1665705225690246
61678.9948 lsst_hardware_y 24.027907010953644 51.720001220703125 29.989999771118164 AB 3.644318884164498 1.1724350297593424
61679.0139 lsst_hardware_i -4.693089817410611 31.829999923706055 31.229999542236328 AB 7.032621649822108 1.1579508753823449
61680.9951 lsst_hardware_y -0.6418911921758866 51.880001068115234 30.0 AB 2.8930655351366363 1.1662451767548925
61681.014 lsst_hardware_g -12.954205850489865 14.859999656677246 31.40999984741211 AB 2.33516726078908 1.156930231181987
61682.9968 lsst_hardware_y 0.5790497905143231 50.77000045776367 30.010000228881836 AB 3.742963811001809 1.1607589024944232
61683.0161 lsst_hardware_i 64.2717727573916 32.86000061035156 31.239999771118164 AB 3.131037639807908 1.1578210741641
61686.9946 lsst_hardware_y 24.133193468177968 61.5 30.020000457763672 AB 5.294491323582132 1.1573080236617492
61687.0127 lsst_hardware_r -65.27406326920999 68.56999969482422 31.6200008392334 AB 4.587809294642324 1.1613237045038158
61689.9961 lsst_hardware_y 96.52449012192993 64.95999908447266 30.030000686645508 AB 6.037650483086618 1.1575804981235096
61690.0146 lsst_hardware_z 12.19566913217956 66.41000366210938 30.969999313354492 AB 7.169202203147308 1.1701954138817565
61690.9989 lsst_hardware_y 65.53736447731714 59.310001373291016 30.020000457763672 AB 5.90428253050823 1.1596731433497898
61691.0192 lsst_hardware_z 21.726014134913893 66.66000366210938 30.969999313354492 AB 6.661950043812862 1.1797326091398728
