data/validation/pwv_sim_epoch_fit_epoch/45890894.ecsv
# %ECSV 0.9
# ---
# datatype:
# - {name: time, datatype: float64}
# - {name: band, datatype: string}
# - {name: flux, datatype: float64}
# - {name: fluxerr, datatype: float64}
# - {name: zp, datatype: float64}
# - {name: zpsys, datatype: string}
# - {name: pwv, datatype: float64}
# - {name: airmass, datatype: float64}
# meta: {SNID: '45890894', alt: 1024.0, c: 0.08116542547941208, dec: -48.532253, lat: -30.244573, lon: -70.7499537, ra: 333.851349, t0: 63015.3984375,
#   x0: 2.0616928358530255e-05, x1: 0.7649819254875183, z: 0.3387766182422638}
# schema: astropy-2.0
time band flux fluxerr zp zpsys pwv airmass
63015.4208 lsst_hardware_z 3618.2819428859875 71.36259917069752 30.950000762939453 AB 8.433435857634636 1.0567773932961826
63015.434 lsst_hardware_y 1215.3602079655157 65.48325562751117 30.059999465942383 AB 8.344234630387984 1.0526346197032905
63019.4139 lsst_hardware_i 5335.541205807307 79.47005750481175 31.25 AB 7.955040626693415 1.0550451759540338
63019.426 lsst_hardware_y 828.8161278410049 56.048767066370495 30.040000915527344 AB 6.883011015139599 1.0523140805411124
63020.4226 lsst_hardware_r 6143.990820622221 81.40269518304375 31.489999771118164 AB 11.338916506728262 1.0523681945360965
63020.4355 lsst_hardware_y 1001.0930594832264 63.83803914827381 30.049999237060547 AB 11.294667251836751 1.0533122495418028
63022.4256 lsst_hardware_y 1841.2504338783863 87.30309353773158 30.799999237060547 AB 4.631055320225576 1.0525125727785398
63031.4046 lsst_hardware_r 3913.3187484736836 66.72315151925534 31.510000228881836 AB 13.058617478140995 1.053114312753306
63031.4159 lsst_hardware_i 4032.5244617042536 69.31857004663392 31.25 AB 13.108750601195156 1.0571573065479964
63036.4013 lsst_hardware_z 1752.1664755183695 60.181339731814084 30.940000534057617 AB 3.075323080740808 1.0566910138841397
63036.4149 lsst_hardware_r 2766.8342771186176 57.29013764171304 31.489999771118164 AB 3.1016670453340454 1.0655903273500114
63040.2427 lsst_hardware_r 2201.1441345688436 51.5113882028885 31.440000534057617 AB 4.092505863545687 1.2962932654757355
63040.2664 lsst_hardware_u 3.1191621378894974 2.675901626985761 28.280000686645508 AB 4.550572817349859 1.206301886723476
63044.3452 lsst_hardware_u 1.935666560741152 2.6876529316503692 28.440000534057617 AB 7.597550218775936 1.0552153081633244
63044.3585 lsst_hardware_g 468.7489307617631 25.686749312140545 31.40999984741211 AB 7.576295883716334 1.0522633171828242
63046.3322 lsst_hardware_r 1513.9978527226644 44.467114684332344 31.489999771118164 AB 2.0208939502075167 1.0588912497813368
63046.3447 lsst_hardware_z 1972.4283431417252 59.82556929552179 30.950000762939453 AB 2.299987257913606 1.0535901318889627
63048.394 lsst_hardware_y 600.028746567239 52.19159840367915 30.030000686645508 AB 10.450486598958252 1.0773697524699228
63048.4062 lsst_hardware_g 336.88354504953696 22.955321406947125 31.389999389648438 AB 10.607824579614684 1.0935901628468747
63051.3953 lsst_hardware_r 1429.061729090107 98.65817913656974 31.639999389648438 AB 6.921054095093936 1.0896151916917503
63051.407 lsst_hardware_i 2333.9283304323662 87.65614573188286 31.31999969482422 AB 7.032154854100824 1.1083568646791253
63061.2976 lsst_hardware_z 1422.058436642508 54.44254100278974 30.950000762939453 AB 6.38064022730555 1.0556982507123678
63061.3086 lsst_hardware_r 721.681929212965 35.13118012579019 31.489999771118164 AB 6.415362035546889 1.0526046245616127
63066.3451 lsst_hardware_r 648.4981969659751 33.63856993402232 31.489999771118164 AB 2.4089057992324094 1.0776494777359422
63066.3567 lsst_hardware_z 1003.2003889412154 52.88439475691127 30.950000762939453 AB 2.490517694201129 1.0930514348040943
63068.3418 lsst_hardware_r 558.2179379155509 33.155389806304235 31.489999771118164 AB 4.5563962609764666 1.0802267095724198
63068.3542 lsst_hardware_u 1.5415464370959555 3.1984265910379843 28.459999084472656 AB 4.7153363362120055 1.097610879006519
63070.3336 lsst_hardware_g 143.6720371736261 18.892178094895833 31.40999984741211 AB 4.7481390763144775 1.076980794173967
63070.3466 lsst_hardware_r 562.7658269144457 32.859665541007054 31.489999771118164 AB 4.85226115503641 1.0942893038984574
63071.166 lsst_hardware_r 534.2406957147558 32.869492306984576 31.459999084472656 AB 7.830894297052131 1.2630474672664727
63071.1783 lsst_hardware_i 1072.2997261027933 45.0130061223267 31.229999542236328 AB 6.7034418845667405 1.217792788052394
63080.3182 lsst_hardware_z 708.0802539640583 77.66886634752815 30.989999771118164 AB 1.4998281389042454 1.092638275063802
63080.3289 lsst_hardware_r 649.6146288766511 109.85747220390049 31.649999618530273 AB 1.492966934220906 1.1102877547503018
63082.2354 lsst_hardware_r 551.4950487786698 107.44874931219852 31.649999618530273 AB 1.6020721080935127 1.0580553273044664
63082.2465 lsst_hardware_i 781.6639150726829 88.61562179324837 31.34000015258789 AB 1.5895753120418483 1.05357104360722
63084.2307 lsst_hardware_z 36.324579633210206 53.849998474121094 30.969999313354492 AB 2.389226601842681 1.057647898115542
63084.2426 lsst_hardware_r 70.31152027554398 65.27999877929688 31.639999389648438 AB 2.364417903437877 1.0531928300391435
63086.2185 lsst_hardware_i -68.41555758764949 39.709999084472656 31.290000915527344 AB 3.2915397170212244 1.0617870054907175
63086.2306 lsst_hardware_z -18.075629809201125 45.54999923706055 30.959999084472656 AB 3.2711019215279835 1.0551941682348334
63089.2125 lsst_hardware_g 5.178755900477567 13.920000076293945 31.420000076293945 AB 6.786001131703485 1.0603126768286695
63089.2251 lsst_hardware_r -9.603679968780344 22.729999542236328 31.489999771118164 AB 6.823040456672084 1.0542398727861686
63096.2863 lsst_hardware_i 1.4619144017717014 31.350000381469727 31.239999771118164 AB 3.3264459633205914 1.1122757345030956
63096.297 lsst_hardware_z 41.068872896365505 42.869998931884766 30.940000534057617 AB 3.821334224240812 1.1339270695076593
63101.2491 lsst_hardware_z -52.31099321624788 41.689998626708984 30.940000534057617 AB 2.2451269380181853 1.0771439011761643
63101.2619 lsst_hardware_r 20.21101487205959 22.90999984741211 31.489999771118164 AB 2.084084208502641 1.0941989194098571
63107.2323 lsst_hardware_i 62.430981687954635 58.900001525878906 31.309999465942383 AB 5.728764840467703 1.076666845506851
63107.2431 lsst_hardware_z -47.72963462555605 56.90999984741211 30.969999313354492 AB 5.80579788050773 1.0906149647953658
63111.0012 lsst_hardware_y 68.63176147086037 85.73999786376953 30.6200008392334 AB 2.504755327732278 1.5857900143920722
63114.1444 lsst_hardware_r -36.78855671723715 48.04999923706055 31.6299991607666 AB 1.5224740043389666 1.0602186659742108
63114.1566 lsst_hardware_g 39.94680187948894 50.70000076293945 31.709999084472656 AB 1.5235005238912072 1.0543256220700397
63117.1414 lsst_hardware_r -37.93680976405766 22.459999084472656 31.489999771118164 AB 2.836585637258451 1.0572439945055725
63117.1533 lsst_hardware_i -1.3454671428236464 30.34000015258789 31.25 AB 2.7523618637990164 1.053031798679681
63122.1378 lsst_hardware_u -1.5576612153394904 2.6700000762939453 28.43000030517578 AB 3.7595040251849525 1.0534512154633842
63122.1488 lsst_hardware_g -14.38285726666851 13.569999694824219 31.40999984741211 AB 3.844169143594583 1.052236079451072
63124.1346 lsst_hardware_r -5.142603776940137 22.420000076293945 31.5 AB 1.445528452833209 1.0529526183075457
63124.1466 lsst_hardware_i -65.03695699300468 30.360000610351562 31.25 AB 1.4590651163600354 1.0524634164655222
63126.1184 lsst_hardware_i -13.052628047951103 30.3700008392334 31.25 AB 1.141881499008727 1.0564824971553373
63126.1303 lsst_hardware_z 10.883480499366673 41.15999984741211 30.950000762939453 AB 0.7502578828783556 1.052747263159526
63133.2098 lsst_hardware_i 10.556882177105575 34.560001373291016 31.25 AB 4.4601853476127005 1.1677915904029195
63133.2214 lsst_hardware_z -1.9739575950899968 44.59000015258789 30.940000534057617 AB 4.552613659350141 1.2018515468188076
63137.1667 lsst_hardware_r 89.30429293269577 82.5 31.639999389648438 AB 4.921009208422035 1.0990528662027033
63137.1787 lsst_hardware_z 20.995121051808336 62.59000015258789 30.969999313354492 AB 5.046092774462475 1.1206276171658494
63141.041 lsst_hardware_r -80.07742952533103 67.9000015258789 31.639999389648438 AB 5.4433298386935105 1.0911027639114377
63141.0506 lsst_hardware_i 92.76866923776699 60.060001373291016 31.31999969482422 AB 5.204334677061654 1.0784509510566551
63143.1608 lsst_hardware_r 37.28616698442804 52.93000030517578 31.6200008392334 AB 2.01652028962763 1.1176501535971985
63143.1728 lsst_hardware_g -46.8138441049598 57.459999084472656 31.68000030517578 AB 2.576880551825321 1.1433323457036535
63145.0716 lsst_hardware_u 2.153892649227502 2.6700000762939453 28.440000534057617 AB 3.9997173827146417 1.0544533721291731
63145.0831 lsst_hardware_r -37.31116653680159 22.239999771118164 31.489999771118164 AB 3.972924056696646 1.0522676116352827
63147.0766 lsst_hardware_i -17.766626145601105 30.209999084472656 31.25 AB 5.052228041367055 1.0523282735611446
63147.0876 lsst_hardware_z -6.761690793146017 41.06999969482422 30.950000762939453 AB 9.61877965467332 1.053074190351356
63149.0769 lsst_hardware_r 16.06248872458692 22.270000457763672 31.489999771118164 AB 2.5375393914166477 1.0523387025504483
63149.0885 lsst_hardware_u -1.4016436647697843 2.6500000953674316 28.420000076293945 AB 3.350723477312849 1.0549029732330666
63151.1557 lsst_hardware_r 3.4613093192994366 22.690000534057617 31.469999313354492 AB 6.960802640564639 1.1548726867433867
63151.1663 lsst_hardware_i -34.238496615280994 31.280000686645508 31.229999542236328 AB 7.125105978817163 1.183703507390159
63153.1395 lsst_hardware_i 46.41800972526423 31.100000381469727 31.239999771118164 AB 9.485105821937763 1.1298966592206674
63153.1507 lsst_hardware_z 24.710542868553755 42.7599983215332 30.93000030517578 AB 9.656776800211931 1.156038723090073
63155.1407 lsst_hardware_r 30.614849022413342 22.75 31.469999313354492 AB 8.962729908119455 1.1449090791721679
63155.1514 lsst_hardware_g 4.732324431652665 13.729999542236328 31.3799991607666 AB 9.10544973465938 1.1723755023166584
63157.142 lsst_hardware_r 10.434032180917658 22.729999542236328 31.459999084472656 AB 7.140219009954566 1.1617668418410034
63157.154 lsst_hardware_i -29.435747753478697 31.549999237060547 31.229999542236328 AB 7.338486131220998 1.1960048020460678
63159.1391 lsst_hardware_z -80.87823638063567 43.25 30.93000030517578 AB 3.939734948510331 1.1685984620853265
63159.1493 lsst_hardware_i 10.620413439438575 31.920000076293945 31.219999313354492 AB 3.9973793940319564 1.1983749557407173
63161.1365 lsst_hardware_z 23.662454465713008 43.970001220703125 30.940000534057617 AB 4.408751385504315 1.1765298246725773
63161.1476 lsst_hardware_g -12.69124240014072 17.969999313354492 31.469999313354492 AB 4.531916781396422 1.210447858278959
63163.1359 lsst_hardware_r -47.20258278829609 45.68000030517578 31.59000015258789 AB 3.3737012434256206 1.190753108065162
63163.1466 lsst_hardware_i -23.56125422232502 44.540000915527344 31.270000457763672 AB 3.5290507601494925 1.225577621166693
63164.9982 lsst_hardware_z -82.80342185371624 78.36000061035156 31.0 AB 3.877740310072074 1.0653132719981253
63165.0019 lsst_hardware_r 127.72928750737735 65.80000305175781 31.639999389648438 AB 4.17152760333509 1.0624486637240231
63168.0815 lsst_hardware_z -37.724133079449764 59.41999816894531 30.979999542236328 AB 2.6205282477140117 1.0981784170619222
63168.0918 lsst_hardware_r -82.93793994626783 81.76000213623047 31.6299991607666 AB 3.282864641738885 1.1162409526483799
63170.0816 lsst_hardware_i 23.09493496722557 60.52000045776367 31.309999465942383 AB 4.488225918127223 1.107520275910283
63170.0923 lsst_hardware_z -95.59081286013408 57.34000015258789 30.969999313354492 AB 5.608507404849122 1.1282453037314668
63172.0856 lsst_hardware_r -51.55845112402869 44.9900016784668 31.59000015258789 AB 6.148889221773592 1.1256547774411765
63172.0974 lsst_hardware_u -19.038492906110896 9.350000381469727 29.1299991607666 AB 6.449122592562492 1.152486539251461
