data/validation/pwv_sim_epoch_fit_epoch/45964058.ecsv
# %ECSV 0.9
# ---
# datatype:
# - {name: time, datatype: float64}
# - {name: band, datatype: string}
# - {name: flux, datatype: float64}
# - {name: fluxerr, datatype: float64}
# - {name: zp, datatype: float64}
# - {name: zpsys, datatype: string}
# - {name: pwv, datatype: float64}
# - {name: airmass, datatype: float64}
# meta: {SNID: '45964058', alt: 1024.0, c: -0.0447944700717926, dec: -30.691587, lat: -30.244573, lon: -70.7499537, ra: 226.933594, t0: 62196.48828125,
#   x0: 8.133258277550497e-06, x1: 1.3535279035568237, z: 0.5013320446014404}
# schema: astropy-2.0
time band flux fluxerr zp zpsys pwv airmass
[from data line 133]
62572.2384 lsst_hardware_r 22.141086409588972 24.40999984741211 31.479999542236328 AB 9.182685731673201 1.2409034772531353
62578.2554 lsst_hardware_i -118.19360990210538 60.65999984741211 31.309999465942383 AB 7.050026225354008 1.1132792228688295
62578.2733 lsst_hardware_z -58.20232145205366 56.34000015258789 30.979999542236328 AB 6.816711357271854 1.0679478861462859
62580.242 lsst_hardware_z 47.039520672865066 73.58999633789062 30.979999542236328 AB 5.654957318106673 1.1380473572362166
62580.2598 lsst_hardware_r 56.56991337491197 107.45999908447266 31.649999618530273 AB 5.411157324430903 1.0866141419252848
62589.2576 lsst_hardware_r -40.47745290232142 23.5 31.510000228881836 AB 8.266819272353239 1.0408989262595365
62589.2771 lsst_hardware_u -5.937856581432339 2.8499999046325684 28.549999237060547 AB 8.08787426501289 1.0156499249694395
62591.2506 lsst_hardware_g -19.95728999885413 14.680000305175781 31.43000030517578 AB 4.722364715573224 1.043443565281605
62591.2685 lsst_hardware_i -22.000601902158106 30.770000457763672 31.25 AB 4.64961942882883 1.0188713550627435
62594.1625 lsst_hardware_r -22.216508059211005 24.600000381469727 31.440000534057617 AB 8.363237695513046 1.3274980469068327
62594.1814 lsst_hardware_u -3.608250131977297 2.5999999046325684 28.260000228881836 AB 7.868368930814842 1.2263667286183129
62598.1788 lsst_hardware_z 0.9429936642298898 43.65999984741211 30.93000030517578 AB 12.153848849540141 1.190037094834076
62598.1992 lsst_hardware_u -0.09754945654561702 2.7200000286102295 28.399999618530273 AB 11.255629797120458 1.118016369219812
62602.1689 lsst_hardware_i 1.6527598534382175 34.560001373291016 31.25 AB 3.8813890816628014 1.1858811737435995
62602.1875 lsst_hardware_z -105.04559189071222 42.849998474121094 30.950000762939453 AB 3.697225732151061 1.12037143398517
62604.1643 lsst_hardware_i 21.74522321818289 41.20000076293945 31.270000457763672 AB 10.023529311462921 1.1824266575331046
62604.1828 lsst_hardware_z 29.67652374484565 46.52000045776367 30.950000762939453 AB 11.135076596564147 1.1180731249164904
62606.1694 lsst_hardware_r -3.3883054098287473 62.689998626708984 31.6200008392334 AB 11.320403455000555 1.1434750964647025
62606.1872 lsst_hardware_z 127.2091056058722 52.54999923706055 30.969999313354492 AB 10.797842015636252 1.0906911126905305
62608.1651 lsst_hardware_i 27.49083361454779 88.9000015258789 31.329999923706055 AB 16.664984072358397 1.1395640093242887
62608.184 lsst_hardware_r -202.30819204674745 112.69000244140625 31.65999984741211 AB 14.825170265489087 1.0850199630760118
62614.1346 lsst_hardware_r -6.511898318020762 37.88999938964844 31.559999465942383 AB 6.41116598920988 1.192165122813422
62614.1597 lsst_hardware_z 32.38896460547623 48.38999938964844 30.959999084472656 AB 6.044099749503814 1.1058640105212358
62616.1717 lsst_hardware_z -7.445635690671698 42.06999969482422 30.940000534057617 AB 13.530929922533053 1.0634040151312898
62616.1919 lsst_hardware_r 15.123519286522832 23.950000762939453 31.510000228881836 AB 12.990943086920414 1.028985591043201
62618.1537 lsst_hardware_u 0.23197173066750043 3.880000114440918 29.15999984741211 AB 4.919834248331017 1.092588340519519
62618.1715 lsst_hardware_g -46.461939316784196 21.530000686645508 32.209999084472656 AB 3.6947643871767433 1.0530144316855699
62620.1559 lsst_hardware_r 8.336828786625265 24.059999465942383 31.5 AB 8.911224544482039 1.0739973538801457
62620.1743 lsst_hardware_z -54.04936294429058 41.560001373291016 30.950000762939453 AB 10.146423814746754 1.0387589006173412
62623.1578 lsst_hardware_g 1.9539349554801033 15.25 31.479999542236328 AB 7.9021546231418975 1.0531057647117272
62623.1775 lsst_hardware_r 8.172863365600403 24.040000915527344 31.530000686645508 AB 8.177820547391404 1.0229948145348267
62625.1539 lsst_hardware_i 1.1309033679524576 31.450000762939453 31.260000228881836 AB 10.578170501341228 1.050220455505963
62625.1741 lsst_hardware_z 11.197761042850585 41.25 30.950000762939453 AB 9.435655097724077 1.0206041100096748
62627.1592 lsst_hardware_r 0.8071303257800084 24.18000030517578 31.520000457763672 AB 3.5382208677346143 1.0327054145258396
62627.1806 lsst_hardware_u 2.038382781111678 2.9200000762939453 28.579999923706055 AB 3.2837393137378275 1.0093978114876256
62631.0577 lsst_hardware_i -21.73214391726688 36.189998626708984 31.219999313354492 AB 9.793954818854223 1.3513563047746426
62631.0795 lsst_hardware_z -72.45181842845454 45.18000030517578 30.93000030517578 AB 9.029278504164102 1.230482216430104
62633.073 lsst_hardware_z -32.69086577950217 68.37000274658203 31.690000534057617 AB 14.126240985093943 1.235405219737981
62637.0396 lsst_hardware_y -25.738737972489997 71.29000091552734 29.950000762939453 AB 7.171970439837174 1.3626505371847024
62637.0595 lsst_hardware_r 46.53993256177204 142.5399932861328 31.610000610351562 AB 6.327107238616884 1.2479501456838036
62644.0738 lsst_hardware_i 17.825543098185406 32.06999969482422 31.239999771118164 AB 2.1931604936422207 1.1174391102117291
62644.095 lsst_hardware_z 9.519385830344948 41.97999954223633 30.940000534057617 AB 2.763372641999495 1.0639268385522094
62649.0392 lsst_hardware_r 32.36124212745698 42.459999084472656 32.68000030517578 AB 8.369682112579738 1.1914986280275806
62649.0714 lsst_hardware_u 4.994015387726129 4.829999923706055 29.649999618530273 AB 8.08465553802996 1.0866472497352098
62652.0558 lsst_hardware_z 48.7163520586291 59.81999969482422 31.690000534057617 AB 10.080136137491492 1.1062788309042162
62652.0835 lsst_hardware_u 3.8027804514572994 3.759999990463257 29.1299991607666 AB 9.198891274588043 1.0443791183683064
62654.0537 lsst_hardware_g 12.565632526535845 14.979999542236328 31.420000076293945 AB 11.589577990238666 1.09707370005963
62654.0745 lsst_hardware_r -44.803912283550666 23.8700008392334 31.5 AB 11.07494999523632 1.0506213630694714
62655.0482 lsst_hardware_i -10.635632908737062 31.56999969482422 31.239999771118164 AB 9.895208746272953 1.104622543678587
62655.0678 lsst_hardware_z 4.992332669970911 41.56999969482422 30.940000534057617 AB 9.439152709130589 1.0581713190920012
62657.0441 lsst_hardware_i -4.556067139637862 31.940000534057617 31.239999771118164 AB 10.466525064228161 1.1008703722564521
62657.0631 lsst_hardware_u -0.37735278004875894 2.7200000286102295 28.399999618530273 AB 10.064598229564528 1.0566784671056546
62674.9542 lsst_hardware_y -56.60154211198605 67.5 30.0 AB 7.009261421792475 1.2556899716575554
62674.9746 lsst_hardware_r -11.591760989477049 24.280000686645508 31.489999771118164 AB 10.315920911424792 1.1663546515016596
62675.9529 lsst_hardware_y 81.57732475119933 71.58000183105469 30.0 AB 5.5267401125772375 1.2485105676003962
62675.9713 lsst_hardware_g -6.987918554878269 15.510000228881836 31.43000030517578 AB 5.491942519967148 1.1684984085036485
62677.9568 lsst_hardware_z 119.62321241084693 53.79999923706055 30.959999084472656 AB 6.012174416678598 1.20508607269565
62677.9778 lsst_hardware_i 82.21268897643971 31.920000076293945 31.25 AB 6.836291575558561 1.1271554238977581
62679.9556 lsst_hardware_y -59.446878171893424 64.5999984741211 30.010000228881836 AB 8.262485402356697 1.1872239963152997
62679.975 lsst_hardware_r -13.46920968251569 23.940000534057617 31.479999542236328 AB 7.049402534909503 1.1189527833189687
62681.9642 lsst_hardware_y 6.0220141293699685 49.63999938964844 30.020000457763672 AB 1.9894777827476866 1.1357627684572902
62681.9835 lsst_hardware_r 23.43571907739631 23.700000762939453 31.510000228881836 AB 1.7462365826210207 1.081261041870601
62685.9652 lsst_hardware_y 40.301915194292114 49.349998474121094 30.030000686645508 AB 9.030969291043263 1.1000967556163117
62685.9857 lsst_hardware_z 13.17518659906553 41.650001525878906 30.950000762939453 AB 8.651501192107045 1.0532628673127644
62687.9663 lsst_hardware_y -193.87759694454755 50.20000076293945 30.040000915527344 AB 7.061948414012854 1.083231682280306
62687.988 lsst_hardware_u 3.077693323369249 3.319999933242798 28.6200008392334 AB 6.772496526113382 1.0397630346377944
