data/validation/pwv_sim_epoch_fit_epoch/4603922.ecsv
# %ECSV 0.9
# ---
# datatype:
# - {name: time, datatype: float64}
# - {name: band, datatype: string}
# - {name: flux, datatype: float64}
# - {name: fluxerr, datatype: float64}
# - {name: zp, datatype: float64}
# - {name: zpsys, datatype: string}
# - {name: pwv, datatype: float64}
# - {name: airmass, datatype: float64}
# meta: {SNID: '4603922', alt: 1024.0, c: -0.12372040748596191, dec: -5.379379, lat: -30.244573, lon: -70.7499537, ra: 149.238281, t0: 62523.89453125,
#   x0: 4.710160952239775e-06, x1: 1.0615334510803223, z: 0.6277371048927307}
# schema: astropy-2.0
time band flux fluxerr zp zpsys pwv airmass
62494.3308 lsst_hardware_i 104.25870238558372 76.74701156420475 31.31999969482422 AB 6.771455477892979 1.1115020071500696
62494.3524 lsst_hardware_y -29.360678860298965 66.14883675537978 30.049999237060547 AB 6.5935732789375265 1.1009013280356517
62496.3312 lsst_hardware_r -74.5940796925919 80.13670211512006 31.639999389648438 AB 9.451980174488664 1.106681257623807
62496.353 lsst_hardware_y 4.723747312368709 66.99642413884176 30.040000915527344 AB 9.712570358483768 1.1014169884595497
62498.334 lsst_hardware_g 90.35908907799447 53.88282448326947 32.41999816894531 AB 6.213442881038305 1.1023583573207318
62498.3541 lsst_hardware_y -15.359189681237877 86.49273944790367 30.790000915527344 AB 6.198708748132956 1.1036931713691536
62500.326 lsst_hardware_i 181.75893091487336 35.280926649561785 31.25 AB 10.28756060056099 1.1033814236774862
62500.346 lsst_hardware_z 131.3255214845326 46.128585756127045 30.950000762939453 AB 9.724029850069563 1.1025602188411547
62502.3292 lsst_hardware_r 388.8310069234422 30.653507044886915 31.489999771118164 AB 7.828488550334309 1.1009897530992319
62502.3502 lsst_hardware_y 166.2413434086746 50.76304648196571 30.030000686645508 AB 7.9158866686990255 1.10812672927836
62504.3262 lsst_hardware_r 576.9222263675732 34.140710148256986 31.489999771118164 AB 5.197146304821015 1.1008765186466642
62504.3477 lsst_hardware_y 190.48391140606586 50.88750758451343 30.010000228881836 AB 6.078725140622395 1.1106244261859768
62506.2946 lsst_hardware_i 699.8481137907893 39.71544588421323 31.239999771118164 AB 11.248353437569094 1.1150139293954842
62506.3158 lsst_hardware_z 478.11198290712366 46.49997299651814 30.940000534057617 AB 11.048869030016276 1.1013533941952498
62511.2931 lsst_hardware_g 505.5676832101218 25.62812221043932 31.420000076293945 AB 7.903221892529424 1.1048563888994745
62511.3177 lsst_hardware_r 1354.874675938976 43.5615803621373 31.489999771118164 AB 7.924559053080856 1.1032636684336528
62513.2523 lsst_hardware_i 1036.0257413190607 45.702994351533434 31.239999771118164 AB 6.75759771457204 1.1528785659936946
62513.2661 lsst_hardware_z 788.854600625713 50.23145742712786 30.940000534057617 AB 6.543125435165821 1.127299036941176
62516.2561 lsst_hardware_r 1873.3267980856042 55.80902801407929 31.56999969482422 AB 6.226632317252545 1.1301286800022767
62516.2747 lsst_hardware_i 1231.8810526624163 47.103235732842 31.239999771118164 AB 6.1084159501486885 1.1080691649804126
62518.2384 lsst_hardware_i 1435.154697589247 69.65552403771653 31.299999237060547 AB 3.7067198537687744 1.1534238731777122
62518.2565 lsst_hardware_z 928.2051903414736 63.73850127787312 30.959999084472656 AB 2.451890925303016 1.1215052831574852
62520.2325 lsst_hardware_r 2174.17829433706 123.6382403263129 31.6299991607666 AB 6.9233141844368715 1.1543987635232642
62520.2516 lsst_hardware_z 942.0255151739557 82.84382229246633 30.979999542236328 AB 7.1250574415832535 1.1207619717255628
62522.2378 lsst_hardware_y 443.6420153388972 69.7573448901722 30.030000686645508 AB 13.40263984202236 1.1332958327468436
62522.2583 lsst_hardware_r 2091.895412398067 141.39968556545142 31.649999618530273 AB 13.086246262665625 1.1080805201314394
62524.2252 lsst_hardware_i 1375.0580269853592 90.51406260240039 31.309999465942383 AB 10.501897667511365 1.1466518539660286
62524.2451 lsst_hardware_z 1066.0493462240133 78.96433860734268 30.979999542236328 AB 10.153850185684009 1.115399141598386
62526.2304 lsst_hardware_r 1901.2865371020073 67.16302625966703 31.610000610351562 AB 9.716416252626347 1.127608702264135
62526.2503 lsst_hardware_z 1065.6795731629838 58.57015985819322 30.959999084472656 AB 10.314699483790982 1.1059857374390545
62530.2153 lsst_hardware_z 973.0403947883437 52.16047587244262 30.940000534057617 AB 12.056515539602668 1.1344194650506292
62530.2355 lsst_hardware_i 1264.3612255114647 46.93872701540837 31.239999771118164 AB 11.674724849273348 1.1088424408665245
62532.2141 lsst_hardware_u -3.0305641159947605 2.998767462201845 28.40999984741211 AB 11.903187262667341 1.127480480803308
62532.2308 lsst_hardware_g 284.4703710485022 22.425299844969192 31.420000076293945 AB 11.671141897623826 1.1082302238675534
62534.2098 lsst_hardware_r 1354.2371619348019 43.317696490198124 31.5 AB 11.661320337368934 1.1257368433416506
62534.2275 lsst_hardware_i 1118.4863787033619 45.87399807891751 31.25 AB 11.611847543109514 1.1066279941970374
62540.2096 lsst_hardware_i 1009.0832537600779 43.56877124138065 31.239999771118164 AB 7.900425319074007 1.1077303713137592
62540.2275 lsst_hardware_z 825.839769102991 50.47482608460143 30.940000534057617 AB 7.920691211660586 1.100860488069574
62542.179 lsst_hardware_z 868.1783133381415 50.83137431487933 30.940000534057617 AB 3.691540417039577 1.1408314448744599
62542.1991 lsst_hardware_i 869.6624895242711 42.983910987018845 31.239999771118164 AB 3.5761533580139617 1.112103252207108
62544.1855 lsst_hardware_g 174.26748103956436 28.12500718643341 31.59000015258789 AB 6.642708062213525 1.121510731422172
62544.2016 lsst_hardware_r 862.6705840635553 41.54961016245296 31.549999237060547 AB 6.555270152813401 1.1056904564511527
62545.1801 lsst_hardware_i 906.4390801358293 51.30595308130599 31.280000686645508 AB 4.562861700403323 1.125243329322655
62545.1968 lsst_hardware_r 828.5508738710788 49.67444066164661 31.59000015258789 AB 4.478482358434992 1.1070965597762896
62547.1683 lsst_hardware_z 1201.459148406289 91.8937103500745 31.719999313354492 AB 4.410394493833465 1.1354315181927739
62549.1648 lsst_hardware_z 737.1394144333156 94.60046913716533 30.989999771118164 AB 3.5150998463797434 1.1320772452108674
62549.1816 lsst_hardware_r 643.7360614789925 137.57819348647368 31.649999618530273 AB 4.681102900237059 1.1105819454892194
62551.1587 lsst_hardware_i 549.7915248725396 122.4770364847427 31.329999923706055 AB 3.48896898638954 1.1331500442967002
62551.1767 lsst_hardware_z 668.4829357183634 103.61744580302013 31.0 AB 3.41183010070864 1.1100797464482317
62553.161 lsst_hardware_i 724.3333101319494 71.50749211647677 31.309999465942383 AB 5.677138221522491 1.121410019066171
62553.1786 lsst_hardware_z 511.88957286778117 66.4070588023511 30.969999313354492 AB 6.839995075775558 1.1047395745418005
62555.1612 lsst_hardware_g -1.570004637855375 44.41897411735899 31.65999984741211 AB 8.917431040622988 1.11457438872893
62555.1773 lsst_hardware_r 348.88076091354765 50.35071678849889 31.600000381469727 AB 12.200635688549827 1.102732799037403
62558.1539 lsst_hardware_i 412.2993816251573 37.570651257760225 31.239999771118164 AB 6.087082171011423 1.113626449142229
62558.1714 lsst_hardware_r 245.97768834766995 29.66221278367611 31.5 AB 7.620986481669096 1.1019355815021827
62560.1526 lsst_hardware_u 0.11797201521992937 3.0570559104183004 28.399999618530273 AB 6.742315697598732 1.109663544700252
62560.1714 lsst_hardware_g 35.2279279807373 16.129396500037632 31.43000030517578 AB 6.671554400458214 1.1009165677323784
62562.1227 lsst_hardware_g 39.69681273318155 16.071636448507412 31.420000076293945 AB 3.3587312137448384 1.1441119156619184
62562.1405 lsst_hardware_r 201.35798202374826 28.301936271523964 31.5 AB 3.71789251562496 1.1163445561741405
62565.1228 lsst_hardware_i 275.6192700515934 36.08480898667851 31.229999542236328 AB 11.692937421408372 1.1293341359633344
62565.1415 lsst_hardware_u -0.037148473806734555 2.8409510309877932 28.309999465942383 AB 11.396759138845374 1.1076016170572545
62567.1232 lsst_hardware_g 15.427646514267693 15.519464144005191 31.420000076293945 AB 8.132830952228911 1.1208421929753185
62567.1429 lsst_hardware_r 153.93262320757972 27.10382306336969 31.489999771118164 AB 9.472038847797286 1.1034313772795596
62569.1217 lsst_hardware_i 241.24130955049105 35.5000540451362 31.239999771118164 AB 11.411503363842566 1.1159848773989112
62569.1397 lsst_hardware_r 162.82754503753193 26.96836010031592 31.479999542236328 AB 10.572878048253544 1.1024898903288367
62576.1099 lsst_hardware_r 113.10079800809127 84.19130255241241 31.639999389648438 AB 8.02284623691854 1.1088298858972294
62576.13 lsst_hardware_i 121.62899883860773 71.480963616712 31.31999969482422 AB 9.573754642870245 1.1008533510391239
62577.1155 lsst_hardware_z 426.6687985992642 80.71005917125171 30.989999771118164 AB 8.41324994701707 1.1034735207909416
62577.1337 lsst_hardware_r 238.5811733685284 109.71346379204023 31.639999389648438 AB 9.033757093351786 1.1018456585884173
62579.1212 lsst_hardware_z 173.97957949259953 139.95955349724082 31.75 AB 8.918243560626308 1.1008478396082466
62581.0789 lsst_hardware_g 26.894003234637683 100.48847090725354 31.700000762939453 AB 4.499472365608037 1.1296691854401297
62581.0999 lsst_hardware_r 9.414696271073336 96.39653576521043 31.639999389648438 AB 5.41998573689133 1.1061195381410875
62583.0791 lsst_hardware_i 128.34186213045228 47.218116867793995 31.290000915527344 AB 6.709997362549089 1.1213855544341509
62583.0974 lsst_hardware_r 188.70997111044903 54.05353520486588 31.6200008392334 AB 6.736456970413 1.1043372082644263
62593.0742 lsst_hardware_u 6.935471352056625 2.877175259004352 28.459999084472656 AB 9.559372518576852 1.1024744855638848
62593.0925 lsst_hardware_g -7.024077782020457 14.673977094167782 31.40999984741211 AB 9.375788598251207 1.1026880113985535
62595.0641 lsst_hardware_r 90.44462360079024 25.06843176700742 31.479999542236328 AB 5.3655557432654 1.1046299224399887
62595.0839 lsst_hardware_z 93.00275001402265 43.89873754690683 30.940000534057617 AB 6.6099906641321695 1.101665110688695
62597.0548 lsst_hardware_r 80.63788206228195 25.11479299259656 31.489999771118164 AB 8.722270470414685 1.1070978575128152
62597.0723 lsst_hardware_u 1.664217644872448 2.6308239888955374 28.329999923706055 AB 8.67448312260024 1.1008460148396033
62599.0543 lsst_hardware_g 8.802994588062802 15.15329668047821 31.420000076293945 AB 8.312759362870697 1.1040254150834237
62599.0734 lsst_hardware_r 61.293052510207474 25.087811550002918 31.489999771118164 AB 8.312366763121686 1.1017783502050083
62603.0461 lsst_hardware_r 112.40217291079564 49.68438733670845 31.6200008392334 AB 6.8545987281126886 1.1027790255580885
62603.0635 lsst_hardware_z 72.12131786704637 51.390886162138536 30.969999313354492 AB 6.950293064846553 1.1020840505584006
62605.0397 lsst_hardware_z 106.85538284105893 70.95343167551859 30.989999771118164 AB 5.521385260553407 1.103173878232449
62605.0594 lsst_hardware_i 206.6048927321496 77.59051756464193 31.329999923706055 AB 6.319868563972215 1.1025590655917434
62609.0144 lsst_hardware_r 15.690490675501586 97.63999938964844 31.639999389648438 AB 11.918478831796099 1.1138765263360841
62609.0336 lsst_hardware_y 65.15778467841875 56.56999969482422 30.040000915527344 AB 11.786441053046048 1.1015365470136493
62613.0113 lsst_hardware_g 13.055462854420862 14.609999656677246 31.43000030517578 AB 10.256364042279705 1.1069611500517742
62613.0291 lsst_hardware_r -17.9193132278097 23.610000610351562 31.489999771118164 AB 10.190782643370035 1.1008533183339073
62614.9883 lsst_hardware_i -4.302129167295434 31.90999984741211 31.239999771118164 AB 10.815700472297188 1.1262150904399075
62614.9985 lsst_hardware_z 35.367794851514404 42.63999938964844 30.940000534057617 AB 10.702286884845595 1.1133718475782155
62617.0041 lsst_hardware_r 40.736024636474625 23.540000915527344 31.5 AB 12.813227884280133 1.1045886107138045
62617.0214 lsst_hardware_u -2.6144888573289666 2.740000009536743 28.43000030517578 AB 12.773383755382682 1.1011537720157485
62620.9999 lsst_hardware_z -118.01851583050197 42.54999923706055 30.940000534057617 AB 12.434483402122492 1.1017780464111575
62621.0173 lsst_hardware_r 31.35032627541915 24.030000686645508 31.5 AB 11.914684464335005 1.1032115244754634
62625.9696 lsst_hardware_z -25.79841701949669 44.72999954223633 30.950000762939453 AB 11.525181899264078 1.112227740043338
62625.9876 lsst_hardware_r 4.349390704709818 23.959999084472656 31.5 AB 11.395498171927345 1.1014399934203891
62627.9675 lsst_hardware_y -75.27290405980045 50.970001220703125 30.030000686645508 AB 4.002621307542369 1.109169030355358
62627.9849 lsst_hardware_z 65.25691177041229 42.47999954223633 30.940000534057617 AB 4.261730341068681 1.1009852334303971
62628.9684 lsst_hardware_y 14.61579485778876 50.599998474121094 30.020000457763672 AB 10.867065738323996 1.1064098899560333
62628.987 lsst_hardware_u -0.11229365356379638 3.0299999713897705 28.40999984741211 AB 10.814250532852416 1.1009485407410495
62631.9607 lsst_hardware_y 66.16249831362828 61.08000183105469 30.040000915527344 AB 8.311082573755787 1.1060796611333226
62631.9781 lsst_hardware_r -12.8528562232898 50.220001220703125 31.6200008392334 AB 8.283217561255558 1.1008939154832373
62634.9684 lsst_hardware_y -88.02171603846698 84.18000030517578 30.790000915527344 AB 7.939671891675263 1.100846497898344
62637.9577 lsst_hardware_z 7.14329860124812 70.75 30.979999542236328 AB 10.476697503907047 1.1009753047279496
62637.9789 lsst_hardware_i 124.91383211900147 64.52999877929688 31.309999465942383 AB 11.616459182422442 1.1081235507414167
62859.331 lsst_hardware_r 5.823555538186708 23.829999923706055 31.489999771118164 AB 6.755728073116477 1.111931981091207
62859.3515 lsst_hardware_y 27.843690643707863 55.970001220703125 30.040000915527344 AB 6.587213709508317 1.1009730840299707
62862.3312 lsst_hardware_r 18.06271811197889 23.8700008392334 31.489999771118164 AB 6.609260097975337 1.1053044551000495
62862.3512 lsst_hardware_y -101.2189652660818 53.81999969482422 30.030000686645508 AB 7.093797107412234 1.101421523528619
62864.3286 lsst_hardware_z 33.9315819135766 42.54999923706055 30.950000762939453 AB 7.72296707720224 1.1037277579785494
62864.3495 lsst_hardware_y 14.84603869371657 52.77000045776367 30.030000686645508 AB 7.547274286722329 1.102542990853543
62869.3291 lsst_hardware_r 21.926230692986103 23.3700008392334 31.489999771118164 AB 5.053150888157064 1.1009443091231506
62869.349 lsst_hardware_y 18.99826611463787 49.97999954223633 30.030000686645508 AB 6.052630079341266 1.1111349909296009
62871.2945 lsst_hardware_i 138.08043754796552 58.2400016784668 32.029998779296875 AB 11.333012521871545 1.1158566925601299
62871.3285 lsst_hardware_z -11.309125889374988 85.29000091552734 32.45000076293945 AB 11.10515087544044 1.1019018877878344
62875.2995 lsst_hardware_r 46.655327772251994 110.83000183105469 31.649999618530273 AB 8.259908065598212 1.1032824664645853
62875.322 lsst_hardware_i 39.97311664559186 87.27999877929688 31.329999923706055 AB 8.258788887303353 1.1036243501964391
62880.2683 lsst_hardware_z -60.09286324389923 60.7400016784668 30.979999542236328 AB 7.854943744663361 1.1177569393205224
62880.2878 lsst_hardware_i 163.1606628341616 62.5099983215332 31.31999969482422 AB 7.919927508004326 1.1024781636338021
62882.2658 lsst_hardware_z 44.71942343574953 45.849998474121094 30.950000762939453 AB 4.9645627377940516 1.114379963590135
62882.285 lsst_hardware_g -11.543366984293197 33.7599983215332 31.649999618530273 AB 4.856024955654793 1.1016390552755881
62884.239 lsst_hardware_g -29.204455289139332 16.049999237060547 31.459999084472656 AB 7.652703394028268 1.1477333491018793
62884.2572 lsst_hardware_r 16.06320387149674 25.18000030517578 31.520000457763672 AB 8.173863410046863 1.1179716526917385
62886.2607 lsst_hardware_i 27.984083028921994 31.600000381469727 31.239999771118164 AB 13.162136875120094 1.1088573610042172
62886.2799 lsst_hardware_z 53.35828814539984 42.36000061035156 30.940000534057617 AB 13.045254630719626 1.100826662695657
62888.2421 lsst_hardware_r 20.619359193734855 23.40999984741211 31.489999771118164 AB 10.672633555040623 1.1234351110569076
62888.2616 lsst_hardware_g 4.155737367815413 14.350000381469727 31.40999984741211 AB 10.815299434833952 1.1044848196518255
62892.231 lsst_hardware_z -38.77703588624143 43.11000061035156 30.950000762939453 AB 15.87430081679686 1.1236851997449466
62892.2505 lsst_hardware_i 34.16577009338316 31.940000534057617 31.25 AB 14.101379672902816 1.104582761022447
