data/validation/pwv_sim_epoch_fit_epoch/46074193.ecsv
# %ECSV 0.9
# ---
# datatype:
# - {name: time, datatype: float64}
# - {name: band, datatype: string}
# - {name: flux, datatype: float64}
# - {name: fluxerr, datatype: float64}
# - {name: zp, datatype: float64}
# - {name: zpsys, datatype: string}
# - {name: pwv, datatype: float64}
# - {name: airmass, datatype: float64}
# meta: {SNID: '46074193', alt: 1024.0, c: 0.014329111203551292, dec: -32.089951, lat: -30.244573, lon: -70.7499537, ra: 177.714844, t0: 60726.7109375,
#   x0: 4.564633793390342e-06, x1: -0.7349424958229065, z: 0.6369916796684265}
# schema: astropy-2.0
time band flux fluxerr zp zpsys pwv airmass
60673.2665 lsst_hardware_g 13.815623461616392 14.390000343322754 31.309999465942383 AB 12.580316772599177 1.4460134221378367
60673.289 lsst_hardware_i 12.97894127520916 32.91999816894531 31.219999313354492 AB 11.276514642240407 1.2961511083034951
60675.2638 lsst_hardware_z -11.634569320122182 46.81999969482422 30.90999984741211 AB 10.01193434007112 1.424793423887877
60675.2867 lsst_hardware_r 3.879408499436804 24.360000610351562 31.469999313354492 AB 8.989895055078744 1.278818616001066
60677.2683 lsst_hardware_u -1.8438233433341342 2.490000009536743 28.15999984741211 AB 6.52608165357593 1.3551771967002
60677.2901 lsst_hardware_g 7.596411131781953 14.239999771118164 31.3700008392334 AB 6.0183321016923035 1.2342764769672487
60679.2639 lsst_hardware_r -25.064451024935163 24.350000381469727 31.440000534057617 AB 3.757426290378824 1.3483587166431186
60679.2883 lsst_hardware_i 48.8385863080485 32.290000915527344 31.219999313354492 AB 3.1960155068006824 1.217491066366407
60681.268 lsst_hardware_z -47.45112334283 44.709999084472656 30.93000030517578 AB 9.74192185729891 1.2914611388376815
60681.2894 lsst_hardware_r -10.79991926999815 23.579999923706055 31.479999542236328 AB 8.986784168755605 1.1895672655430118
60683.2649 lsst_hardware_u 2.897490878181184 2.5999999046325684 28.270000457763672 AB 11.379542050953926 1.2786002304442614
60683.2886 lsst_hardware_r 22.677596959939507 23.34000015258789 31.469999313354492 AB 10.424641499426011 1.1713080336433719
60685.3007 lsst_hardware_i -4.894701393195706 31.239999771118164 31.25 AB 7.983615207493806 1.1129575103383558
60685.3182 lsst_hardware_u 0.8899729422837848 2.740000009536743 28.469999313354492 AB 7.667595050230534 1.0690020053300318
60687.2937 lsst_hardware_g -17.0939021307233 59.630001068115234 31.690000534057617 AB 7.619248598928674 1.1174649619548265
60687.3115 lsst_hardware_r 102.07703533302274 51.84000015258789 31.6200008392334 AB 7.319359488372248 1.0717008377723043
60689.2955 lsst_hardware_i -68.84170674100012 64.30000305175781 31.31999969482422 AB 9.159776489635366 1.0971544146333185
60689.3149 lsst_hardware_r 44.61050751467319 79.77999877929688 31.649999618530273 AB 8.760510800770321 1.0537058937659756
60691.3048 lsst_hardware_z 39.028722926170964 82.91000366210938 31.739999771118164 AB 6.064628067965587 1.0627579195593664
60693.3057 lsst_hardware_r -37.23178917115878 70.94000244140625 31.649999618530273 AB 7.625951266751028 1.050551214595816
60693.3236 lsst_hardware_i -40.229815483788045 59.900001525878906 31.329999923706055 AB 7.465601286289385 1.0238421896375198
60698.2205 lsst_hardware_i 3.8334716855569697 34.66036373258193 31.219999313354492 AB 11.895749809422727 1.297541223588349
60698.2378 lsst_hardware_z 31.30436140573167 44.92595874734934 30.93000030517578 AB 10.986129473817154 1.211427095665572
60700.2244 lsst_hardware_r 3.3779284794117075 23.823655601370824 31.469999313354492 AB 10.740893051244054 1.2482637000748487
60700.2431 lsst_hardware_u 3.9845637290030265 2.9511017296137667 28.40999984741211 AB 10.071123059179117 1.167880835227235
60704.2095 lsst_hardware_i 133.29614468168214 34.13875403826338 31.219999313354492 AB 13.46611349853459 1.268393736125707
60704.2276 lsst_hardware_z 89.05086235276882 44.618457105188234 30.940000534057617 AB 12.561134560221145 1.1855719264012405
60706.2341 lsst_hardware_g 51.59247067170283 15.516432963211155 31.399999618530273 AB 12.051299773467075 1.1417982352324794
60706.2518 lsst_hardware_r 171.58255493925364 26.999084205524813 31.489999771118164 AB 12.56186407442 1.0901635790492858
60708.213 lsst_hardware_r 410.9044989188446 29.72181393792802 31.479999542236328 AB 12.550398778136277 1.2006791301941007
60708.2316 lsst_hardware_i 367.819922292973 36.02485999977964 31.25 AB 11.827941234180617 1.1321312499814042
60710.214 lsst_hardware_z 382.6060351617134 46.877695779862385 30.940000534057617 AB 8.869755411570761 1.1746853506699018
60710.2323 lsst_hardware_i 513.3649824073368 37.675926756004294 31.25 AB 8.419959343792938 1.1133830537246803
60712.2309 lsst_hardware_g 159.46986086515912 19.077809747134495 31.40999984741211 AB 4.7868586773164274 1.101989489463936
60712.2506 lsst_hardware_r 736.6476325281537 34.85594501056434 31.5 AB 3.9124385089486324 1.056559143653425
60717.2239 lsst_hardware_z 1592.7230084242678 91.55039250909437 31.729999542236328 AB 4.04373570468288 1.084887060816369
60719.2314 lsst_hardware_r 1485.4554009420813 108.38636095931948 31.65999984741211 AB 5.292102619376653 1.0567297562652953
60719.2507 lsst_hardware_i 1308.5642339173314 85.54995224234052 31.34000015258789 AB 5.4524864382109435 1.0261894174801023
60721.2181 lsst_hardware_z 1109.401472529948 76.23218309810326 30.989999771118164 AB 3.55234845734732 1.0729739356179702
60721.2386 lsst_hardware_r 1782.1821558779986 104.18815811915762 31.65999984741211 AB 3.228691740835501 1.0352518607888994
60723.2295 lsst_hardware_z 2208.440069362768 95.68641635025537 31.739999771118164 AB 4.827460263170661 1.0408495608388662
60725.2175 lsst_hardware_r 3348.372347938228 88.61924369050134 32.380001068115234 AB 2.7357326209476063 1.0520699734447916
60725.2377 lsst_hardware_z 2179.9240248730125 81.14797996771118 31.719999313354492 AB 2.665970702534971 1.0221300498552455
60728.2209 lsst_hardware_r 1450.0996179299843 44.99091505957484 31.520000457763672 AB 8.368942008358431 1.0332027170812879
60728.2412 lsst_hardware_y 610.0230195669984 50.48422906460948 30.059999465942383 AB 8.18811180140556 1.010878000173526
60730.12 lsst_hardware_r 1267.0909842331162 42.874150042126786 31.440000534057617 AB 10.628666771492943 1.3791522627369734
60730.1406 lsst_hardware_i 1238.8950810605804 47.894873848133614 31.219999313354492 AB 11.81313888242653 1.2576980852892181
60732.1134 lsst_hardware_z 1009.2402140908357 55.05645161161325 30.90999984741211 AB 7.935899356148755 1.3870110586199196
60732.1335 lsst_hardware_r 1210.009244392841 41.631943917420095 31.450000762939453 AB 6.797573046849649 1.2660780493294188
60737.1139 lsst_hardware_i 1044.6686502736388 45.58008379227781 31.219999313354492 AB 7.451810730603739 1.2982248659588396
60737.1345 lsst_hardware_z 971.7212568356933 52.33732814585343 30.93000030517578 AB 6.001173349827706 1.1978389919815782
60741.1076 lsst_hardware_g 63.36116911441115 28.246283418603614 31.530000686645508 AB 9.264126869328788 1.273011204103443
60741.1288 lsst_hardware_r 693.5832819453832 40.26047279861187 31.520000457763672 AB 10.060120093346287 1.1768516389174832
60743.1041 lsst_hardware_i 949.9733828001288 52.254727683560596 31.260000228881836 AB 12.97607541072262 1.2628169345260687
60743.123 lsst_hardware_z 878.5245067625399 55.28775112422393 30.940000534057617 AB 12.114797083347886 1.1781670354086011
60750.1017 lsst_hardware_r 488.1305073653047 119.93977832246902 31.6200008392334 AB 8.814614418685572 1.1868071384807088
60750.1236 lsst_hardware_z 527.1443790511049 84.17277216013765 30.989999771118164 AB 7.934317757300864 1.1119108373052922
60752.0912 lsst_hardware_r 264.58107781855364 78.38645828551181 31.6200008392334 AB 9.69292238343823 1.2078031691770637
60752.1068 lsst_hardware_i 561.7374694900924 68.66639637054564 31.309999465942383 AB 9.247481483322353 1.1475793731048745
60754.0887 lsst_hardware_z 508.27617627334945 52.5628411868184 30.950000762939453 AB 6.0474173667090705 1.1952795678109507
60754.1061 lsst_hardware_i 549.5691961373407 46.52489207249706 31.290000915527344 AB 5.866412918101051 1.1318384329985394
60756.0923 lsst_hardware_u 0.9609830669150838 2.9667519996074447 28.459999084472656 AB 6.049200622768554 1.1601842391194006
60756.1098 lsst_hardware_g 30.77331903123219 15.95382463047928 31.43000030517578 AB 5.765481113985739 1.1046393755241768
60758.0908 lsst_hardware_r 164.62062521407137 27.40102506585155 31.5 AB 6.299248023238457 1.146273049948616
60758.1084 lsst_hardware_i 382.4497068312313 36.584908728337105 31.260000228881836 AB 5.99266939469597 1.093802307952716
60760.0782 lsst_hardware_z 347.7245669969903 47.598575940335984 30.940000534057617 AB 8.20411972032609 1.1719612952229719
60760.0953 lsst_hardware_u 0.12094013501111134 2.9728605827088637 28.510000228881836 AB 9.058756116681732 1.1147980576568877
60762.0809 lsst_hardware_g 29.926609719966574 15.241210224792484 31.420000076293945 AB 8.124959863295764 1.14281800808237
60762.0987 lsst_hardware_r 147.2568493381876 26.334519680145927 31.510000228881836 AB 8.876148974682957 1.090681640994042
60764.0768 lsst_hardware_i 331.5412806314525 35.18641977646172 31.25 AB 5.682957276158805 1.1382989035871416
60764.0952 lsst_hardware_z 426.2994213694125 45.828165176087076 30.950000762939453 AB 6.440630838357385 1.085804580785192
60767.0787 lsst_hardware_i 243.88253543068672 34.55151245481063 31.25 AB 9.63938476333695 1.1076039369947348
60767.0965 lsst_hardware_u 7.357747439967998 3.0027310945301466 28.479999542236328 AB 9.202845507299484 1.0644049858084066
60769.0735 lsst_hardware_g 21.77207151572576 18.725855552715423 31.489999771118164 AB 5.423680673389719 1.1068736068141818
60769.0916 lsst_hardware_r 94.24291616220196 27.08258276133609 31.510000228881836 AB 6.379506170215844 1.0632510283693073
60771.0727 lsst_hardware_i 185.84952357856912 40.16434930196309 31.280000686645508 AB 8.635460984903963 1.094331490383107
60771.0908 lsst_hardware_r 89.06883595670502 37.78795042498157 31.59000015258789 AB 9.794515734755931 1.0541182853548985
60773.0789 lsst_hardware_z 643.1767759180067 75.0621266032577 31.719999313354492 AB 8.061173446988278 1.0669513959659769
60778.0849 lsst_hardware_r 127.49570342246862 126.39407157246434 31.65999984741211 AB 7.427327225116615 1.0324694665671028
60778.1021 lsst_hardware_z 235.56832808897929 85.3832523144331 31.0 AB 7.303988417767465 1.0130007167251436
60780.0696 lsst_hardware_z 451.77161793497373 93.63275315515666 31.739999771118164 AB 11.423261446624972 1.0480056373050433
60782.0799 lsst_hardware_z 252.84459555799265 51.82870204436339 30.979999542236328 AB 14.970877205830307 1.0246948538393215
60782.0995 lsst_hardware_r 2.426584116961668 57.209131776811375 31.649999618530273 AB 14.343498930556349 1.006891070565075
60793.9919 lsst_hardware_y 177.64831239275819 68.85025005443485 30.760000228881836 AB 12.327418814879422 1.1483389673851347
60794.0327 lsst_hardware_i 219.31612010440497 44.98302652640311 31.989999771118164 AB 8.968303743967585 1.0457138894000975
60796.9733 lsst_hardware_y 105.35261389062413 51.156560658133735 30.0 AB 11.118222143732668 1.1870832952949153
60796.9916 lsst_hardware_g 13.573984084499267 16.361298167891974 31.440000534057617 AB 10.4806961760858 1.122771337246729
60799.9724 lsst_hardware_y 98.71394926663339 50.3878571120291 30.0 AB 12.020645977958836 1.1593148622503828
60799.9921 lsst_hardware_i 58.93858925774218 38.49234037780167 31.270000457763672 AB 11.375972854371264 1.0980403807216297
60801.9809 lsst_hardware_z 322.25276891863916 77.73318103151138 31.719999313354492 AB 4.645119309980408 1.1139820080691654
60803.9684 lsst_hardware_y 70.02315886330172 58.177773939273784 30.040000915527344 AB 9.97946849225614 1.1356221020660935
60803.9876 lsst_hardware_r 181.9002261914549 86.64058342582028 31.649999618530273 AB 9.490404041065753 1.081897405502252
60805.9674 lsst_hardware_y 28.908470939495402 61.394578638752854 30.040000915527344 AB 8.423551955656604 1.1216322884552907
60805.9851 lsst_hardware_z 91.38349698694572 74.79494642603025 30.989999771118164 AB 8.082787419526186 1.0750293606392265
60807.9675 lsst_hardware_y 88.5932786222765 59.27291279070559 30.030000686645508 AB 8.622247665901032 1.1055108555305342
60807.9857 lsst_hardware_z 67.48765842390311 68.95820026522954 30.989999771118164 AB 8.254261539345263 1.0620511501988243
60809.9668 lsst_hardware_y -43.62391602023246 49.810001373291016 30.030000686645508 AB 7.148081657036211 1.092811750043791
60809.9873 lsst_hardware_r -80.58929580201783 49.290000915527344 31.6299991607666 AB 6.832509584722264 1.0486815079385445
60811.9646 lsst_hardware_y 10.532997408987068 49.400001525878906 30.040000915527344 AB 11.3204769370842 1.0846745334595569
60811.9838 lsst_hardware_r -9.677866202869694 22.399999618530273 31.5 AB 10.902368692126199 1.045289423981419
60813.965 lsst_hardware_z -13.221990130968091 43.2599983215332 30.950000762939453 AB 10.382630047498226 1.071147224543302
60813.986 lsst_hardware_g -2.018387233854744 13.75 31.440000534057617 AB 9.932828005037253 1.0333241097568016
60817.9615 lsst_hardware_y -62.02440053960721 50.619998931884766 30.049999237060547 AB 2.0004862357326143 1.055944172991961
60817.9812 lsst_hardware_i 16.879392985268392 30.09000015258789 31.25 AB 1.9247847983699264 1.0251849791584162
60822.9635 lsst_hardware_y -174.47249393864132 48.34000015258789 30.049999237060547 AB 6.631309601336685 1.0304264783368324
60822.9835 lsst_hardware_g 26.436424148705818 13.579999923706055 31.420000076293945 AB 6.496281244780287 1.0096015610817137
61042.269 lsst_hardware_r -39.611479536664056 75.80999755859375 31.56999969482422 AB 6.598124207930423 1.3551292273424573
61042.2905 lsst_hardware_z 72.43659751836525 56.54999923706055 30.950000762939453 AB 5.961246224991862 1.235662176119366
61043.2652 lsst_hardware_r -222.46891008008447 82.2699966430664 31.579999923706055 AB 5.968121630498496 1.3621183682525382
61043.2885 lsst_hardware_i 143.4970865792068 62.68000030517578 31.290000915527344 AB 5.392638354270524 1.232227516399693
61045.2653 lsst_hardware_z -26.192096322336692 61.7599983215332 30.940000534057617 AB 13.797435145929162 1.326974174904225
61045.2884 lsst_hardware_i -116.45604798708551 62.08000183105469 31.290000915527344 AB 12.580767083460742 1.2081015732653309
61048.2789 lsst_hardware_z -115.25230960899022 80.66000366210938 31.709999084472656 AB 10.803024988815718 1.2138230324512043
61058.2952 lsst_hardware_i -48.13900732754395 30.559999465942383 31.229999542236328 AB 7.807876044192761 1.0730631910933188
61058.3129 lsst_hardware_z 38.536067417712815 40.90999984741211 30.940000534057617 AB 7.537490693497609 1.0395821934346086
61060.2972 lsst_hardware_r -0.6314603185229095 22.649999618530273 31.489999771118164 AB 11.58835441671546 1.0575406710616941
61060.3159 lsst_hardware_u -1.377623980740604 2.630000114440918 28.399999618530273 AB 11.047123392969116 1.0274880499432664
61062.2975 lsst_hardware_g 3.7216761496223643 13.829999923706055 31.420000076293945 AB 9.942100748437246 1.0469777536265046
61062.3157 lsst_hardware_i 12.064059139753818 30.139999389648438 31.25 AB 9.613186273213028 1.021158516381248
61064.2202 lsst_hardware_u -2.036910089875066 2.5199999809265137 28.229999542236328 AB 13.01402806354622 1.2878800656651284
61064.2379 lsst_hardware_g 1.1541992784912964 13.699999809265137 31.360000610351562 AB 12.024647506002673 1.2022243057391195
61066.2222 lsst_hardware_r -7.609359165151386 23.579999923706055 31.450000762939453 AB 17.708020618679463 1.2490668419749922
61066.2401 lsst_hardware_i -14.244189396618713 31.6200008392334 31.219999313354492 AB 16.501835808622506 1.1715061627589456
61068.2245 lsst_hardware_z -28.689471249678014 43.900001525878906 30.93000030517578 AB 12.2392964104015 1.2129323873944404
61068.2434 lsst_hardware_g -2.7284922187028378 13.90999984741211 31.3799991607666 AB 11.50415108861267 1.1404174492230779
61070.2329 lsst_hardware_r -91.57610267615163 54.45000076293945 31.610000610351562 AB 14.2000361068524 1.1578004109517095
61070.2522 lsst_hardware_i -77.02381579821981 45.040000915527344 31.290000915527344 AB 13.711071397132999 1.097983695466106
61073.209 lsst_hardware_i 63.973344428317255 75.43000030517578 31.299999237060547 AB 12.666329681378905 1.2211747384973275
61073.2275 lsst_hardware_z 91.06026568679542 65.80999755859375 30.979999542236328 AB 12.046085049539055 1.1480115362183412
61077.2321 lsst_hardware_r 39.22742187729856 77.58999633789062 31.639999389648438 AB 4.76038659045748 1.1006250064639083
61077.252 lsst_hardware_z 27.614585075364648 60.720001220703125 30.979999542236328 AB 3.9211880500935905 1.055217451586048
