data/validation/pwv_sim_epoch_fit_epoch/4614413.ecsv
# %ECSV 0.9
# ---
# datatype:
# - {name: time, datatype: float64}
# - {name: band, datatype: string}
# - {name: flux, datatype: float64}
# - {name: fluxerr, datatype: float64}
# - {name: zp, datatype: float64}
# - {name: zpsys, datatype: string}
# - {name: pwv, datatype: float64}
# - {name: airmass, datatype: float64}
# meta: {SNID: '4614413', alt: 1024.0, c: 0.03475352004170418, dec: -6.880079, lat: -30.244573, lon: -70.7499537, ra: 94.746094, t0: 61346.58984375,
#   x0: 1.614181303279243e-05, x1: 1.0978080034255981, z: 0.37601110339164734}
# schema: astropy-2.0
time band flux fluxerr zp zpsys pwv airmass
61336.3555 lsst_hardware_z 1973.6065458628445 61.40685787702916 30.950000762939453 AB 3.605701147910721 1.0949870625061027
61336.3728 lsst_hardware_y 737.5002390838893 74.17541212955507 30.049999237060547 AB 3.565243795078052 1.0892615408747264
61338.3532 lsst_hardware_r 5110.205166714999 93.9227404118578 31.6299991607666 AB 4.012872594471053 1.093028671092533
61338.3697 lsst_hardware_y 716.172863361294 70.30785089709113 30.040000915527344 AB 4.024681955600733 1.0894203615267997
61341.3487 lsst_hardware_r 5785.407348385105 112.49616067809848 31.639999389648438 AB 3.647810788984599 1.0912604259919525
61341.3655 lsst_hardware_y 818.7067229656313 69.43811333254258 30.049999237060547 AB 3.686787434673874 1.0902010600056813
61351.3034 lsst_hardware_z 2807.5318939789004 66.49630100584122 30.940000534057617 AB 6.360395781091938 1.1052267568290894
61351.3111 lsst_hardware_y 756.6740709128001 54.10821562737198 30.030000686645508 AB 6.359991669580486 1.0975911070119446
61357.309 lsst_hardware_g 1556.8101263628635 41.11592282534877 31.389999389648438 AB 4.41955955436475 1.089970911736707
61357.327 lsst_hardware_r 4019.005349962443 67.42577701663801 31.479999542236328 AB 4.446247903631632 1.0921758544906983
61359.3104 lsst_hardware_i 3483.404079151352 66.6892455963308 31.25 AB 5.7389715557922685 1.0892644987584972
61359.3284 lsst_hardware_r 3738.2143277353293 65.12123121788653 31.489999771118164 AB 5.800800631699959 1.0964905736941513
61361.3062 lsst_hardware_z 1926.6199351562586 60.69029738498242 30.940000534057617 AB 4.072773781863642 1.0893410315917464
61361.3266 lsst_hardware_u 3.7058168127585494 3.213006706171047 28.34000015258789 AB 4.154813560545037 1.0995933731758734
61364.304 lsst_hardware_g 939.4962915879107 33.20856172476545 31.399999618530273 AB 5.265708473820462 1.0905851171185876
61364.3246 lsst_hardware_r 2750.3731791576074 57.668102832802404 31.479999542236328 AB 5.362915358355157 1.1061358594063575
61368.2976 lsst_hardware_i 2380.0084075362706 93.16212996540891 31.329999923706055 AB 10.106241342773057 1.0924878937850202
61368.318 lsst_hardware_z 1626.7132283961766 79.6938387561817 30.979999542236328 AB 10.386859897842104 1.1116867532475587
61372.294 lsst_hardware_i 2217.4840600794114 75.96068657044918 31.31999969482422 AB 3.859662505988094 1.0973523366232407
61372.313 lsst_hardware_r 1834.0150067086645 82.42853227572523 31.6299991607666 AB 3.9298442286520903 1.1206513805238396
61374.2751 lsst_hardware_z 3151.5170785375426 85.59063141379204 31.709999084472656 AB 6.599503659206084 1.0901063196574303
61376.2616 lsst_hardware_g 405.5326900799881 26.50129847402622 31.5 AB 7.50755069253765 1.08928745569187
61376.2806 lsst_hardware_r 1444.40441113632 45.74569804893407 31.520000457763672 AB 7.532983149888876 1.095454353526644
61379.2666 lsst_hardware_i 1774.2229302903881 52.37053636718737 31.239999771118164 AB 3.485499184929246 1.0920053840309203
61379.2859 lsst_hardware_z 1597.2904347733722 56.722186710367 30.940000534057617 AB 3.523877021092365 1.108922042669299
61381.2562 lsst_hardware_i 1575.553269373036 51.614645810753274 31.25 AB 4.947963113783696 1.0901598708419051
61381.2753 lsst_hardware_u 2.1545678188489292 2.903318557519667 28.43000030517578 AB 4.986361387279086 1.1028723001999639
61385.2539 lsst_hardware_i 1596.5286317987927 49.77367871983082 31.25 AB 10.248832301609538 1.0940256513248183
61385.275 lsst_hardware_r 922.1273201258279 37.15722550693676 31.489999771118164 AB 10.831545336540328 1.1166541584062195
61387.2279 lsst_hardware_z 1289.0053987346628 54.91626152840333 30.950000762939453 AB 11.8213507600417 1.0897765162518276
61387.2472 lsst_hardware_u -7.278999007412304 3.2306255255054235 28.420000076293945 AB 11.820013178038193 1.0932815222715195
61389.2309 lsst_hardware_g 150.26875262445984 18.956346471382915 31.399999618530273 AB 8.793029098917735 1.0894547382171684
61389.2485 lsst_hardware_r 656.8737609510066 34.86830260715208 31.479999542236328 AB 8.857879428444187 1.0981091587608829
61390.1885 lsst_hardware_i 1261.307082286674 47.11247996995044 31.239999771118164 AB 11.489281527988368 1.116511687817236
61392.1495 lsst_hardware_i 1248.8618754108718 51.07398033197541 31.260000228881836 AB 3.6036016612800665 1.1958855070621743
61394.2034 lsst_hardware_z 1055.0815443437407 58.051864567997924 30.969999313354492 AB 4.211052990388316 1.0914883444858152
61394.2254 lsst_hardware_r 529.7861704285775 48.147785520420676 31.600000381469727 AB 5.405367932807735 1.0918832305439319
61396.195 lsst_hardware_i 1024.4420688647995 77.49978129037554 31.31999969482422 AB 3.9476323154530295 1.0929214605351687
61396.2153 lsst_hardware_r 783.6125764408856 89.38147050909186 31.649999618530273 AB 5.177025623456735 1.0901678917888273
61405.1755 lsst_hardware_z 630.0038529582188 48.87990229679603 30.950000762939453 AB 7.176292841597999 1.0906634509819277
61405.197 lsst_hardware_u -6.44280336344609 3.9424764535366132 28.56999969482422 AB 7.135273836326537 1.0926912459918128
61407.1733 lsst_hardware_g 145.74550694482554 17.73455591740747 31.40999984741211 AB 5.049977584146082 1.0897664186763234
61407.1936 lsst_hardware_r 327.7765819228762 30.769583263114498 31.489999771118164 AB 5.052957418291074 1.0938715727286212
61411.1641 lsst_hardware_i 673.2578440310224 40.1803683175422 31.25 AB 8.738781641433098 1.0894651619381759
61411.1855 lsst_hardware_u 0.3035125004869495 2.8487397428701597 28.440000534057617 AB 7.379472646111758 1.0957714226908823
61413.1684 lsst_hardware_g 94.37114667286514 16.822268916258295 31.43000030517578 AB 7.4808914154347335 1.0900322621936083
61413.1893 lsst_hardware_r 402.67373568999295 30.211651445383186 31.489999771118164 AB 7.493073535075927 1.104358663975812
61415.1337 lsst_hardware_r 410.7300379058138 30.13569452219118 31.5 AB 9.022083685920071 1.0999187669515478
61415.1549 lsst_hardware_i 673.5191003425016 39.72728916072633 31.25 AB 9.040152261555395 1.0892843371690406
61418.1215 lsst_hardware_z 13.026608795343408 42.33000183105469 30.950000762939453 AB 3.5240678604433278 1.1040312846000222
61418.1399 lsst_hardware_u -3.4385237641026545 2.7699999809265137 28.469999313354492 AB 5.406570875940787 1.0906941448337275
61420.1236 lsst_hardware_g 3.164314862586225 17.790000915527344 31.5 AB 5.925960517751691 1.0968415191803602
61420.1433 lsst_hardware_r 5.228462023331147 24.940000534057617 31.510000228881836 AB 5.995004397932146 1.089225139297557
61422.1157 lsst_hardware_i 51.088793792001425 40.45000076293945 31.290000915527344 AB 2.213174982972865 1.098895224912048
61422.1353 lsst_hardware_z 103.82913789702579 46.31999969482422 30.959999084472656 AB 1.7386459606670945 1.0893202907118573
61424.1155 lsst_hardware_i 33.23620367286614 58.40999984741211 31.309999465942383 AB 4.26295351103955 1.0947726610412523
61424.1353 lsst_hardware_z 45.49478031533699 56.97999954223633 30.969999313354492 AB 4.7096271328750365 1.0894349139197206
61426.1136 lsst_hardware_z -62.01691762588105 74.29000091552734 30.979999542236328 AB 13.867345555200254 1.0926339242442749
61426.1332 lsst_hardware_r 109.9758054728158 107.38999938964844 31.649999618530273 AB 12.988233209888461 1.0901046225846402
61428.1158 lsst_hardware_i -110.25972222650634 79.33000183105469 31.329999923706055 AB 9.287301752386437 1.089792412151149
61428.1343 lsst_hardware_r -4.885842020787923 101.16999816894531 31.649999618530273 AB 8.436644273865408 1.0927352051461974
61430.0915 lsst_hardware_z -38.83013531827173 71.12000274658203 31.719999313354492 AB 8.70202567871183 1.1011157077507359
61432.0782 lsst_hardware_g 7.3569713672084545 13.850000381469727 31.399999618530273 AB 12.656601554513264 1.1102282065362512
61432.0958 lsst_hardware_r 8.537041572551361 22.799999237060547 31.489999771118164 AB 12.531330076004929 1.093420691874085
61434.0734 lsst_hardware_i -95.84713804826667 31.1200008392334 31.239999771118164 AB 14.076610965426928 1.1093554232348435
61434.0907 lsst_hardware_z -16.94111074942748 42.0099983215332 30.940000534057617 AB 12.602539392698537 1.0932112589086171
61438.0756 lsst_hardware_g -19.275909988273547 13.9399995803833 31.43000030517578 AB 7.342889291549024 1.0959536256043318
61438.0948 lsst_hardware_r -17.00310627037821 22.889999389648438 31.5 AB 6.65341587673782 1.089235887051189
61440.0752 lsst_hardware_i 29.733580094513204 30.690000534057617 31.25 AB 10.535200178931216 1.0927213980480972
61440.0928 lsst_hardware_r 18.14802320653173 22.68000030517578 31.5 AB 11.41198723847875 1.0896145547994127
61442.0642 lsst_hardware_u 1.5190697426768958 2.819999933242798 28.520000457763672 AB 5.151938859093302 1.0963127094112572
61442.084 lsst_hardware_g -9.005468500997619 13.930000305175781 31.43000030517578 AB 4.7632470942878955 1.0892401313258393
61443.0664 lsst_hardware_r 4.508896467219538 22.799999237060547 31.489999771118164 AB 6.674549007806865 1.093053497648376
61443.0858 lsst_hardware_i -30.405558965218166 30.860000610351562 31.25 AB 5.998843634671154 1.0898566806869516
61445.0635 lsst_hardware_z 0.5823919291233655 41.61000061035156 30.950000762939453 AB 6.56927424193648 1.0917554067977255
61445.0819 lsst_hardware_r -25.850510012917752 22.600000381469727 31.5 AB 6.604802773231379 1.090261269929247
61450.0586 lsst_hardware_r -27.024578522361722 31.309999465942383 31.549999237060547 AB 2.727150167383319 1.0893349979562004
61450.0767 lsst_hardware_z 1.0242559935928868 43.86000061035156 30.950000762939453 AB 2.790515249512963 1.0941766760605003
61452.0301 lsst_hardware_y -5.338715549372825 53.56999969482422 30.040000915527344 AB 3.0979309643865136 1.1024665353688965
61452.0475 lsst_hardware_r -89.00316880248027 53.650001525878906 31.6299991607666 AB 2.617287181376355 1.0905363255734812
61454.0369 lsst_hardware_z 269.788741245377 89.0199966430664 31.729999542236328 AB 3.8501462419990946 1.0927567385049264
61456.0262 lsst_hardware_y -15.133450892497603 58.79999923706055 30.049999237060547 AB 4.055706005603436 1.0961367582711987
61456.043 lsst_hardware_i -66.12813545033472 72.88999938964844 31.329999923706055 AB 3.610017865807586 1.0892686545056836
61460.017 lsst_hardware_y 2.1741432257477697 61.849998474121094 30.040000915527344 AB 8.204083528900144 1.0948997102495854
61460.0338 lsst_hardware_g 2.81403913227288 13.979999542236328 31.40999984741211 AB 8.288902753805257 1.0892119255985881
61462.0224 lsst_hardware_y -19.396996479378622 49.40999984741211 30.030000686645508 AB 7.613483991372283 1.0899112185680573
61462.041 lsst_hardware_z -2.5940529137641595 41.70000076293945 30.940000534057617 AB 7.622443147066958 1.0924840284356088
61468.0117 lsst_hardware_y 90.08117224261352 57.90999984741211 30.040000915527344 AB 4.118125791267138 1.0892111416179338
61468.0294 lsst_hardware_z 8.593216937367025 41.90999984741211 30.940000534057617 AB 3.9818608246031197 1.0954225102071855
61470.0094 lsst_hardware_y 235.818612202155 58.540000915527344 30.040000915527344 AB 5.567494627271649 1.089387156392824
61470.0275 lsst_hardware_u 2.1624594253591702 2.619999885559082 28.31999969482422 AB 5.603155807751764 1.098227324137939
61701.3535 lsst_hardware_g -12.58158888816798 26.360000610351562 31.6200008392334 AB 3.607764193202518 1.0969738589781133
61701.3715 lsst_hardware_y 153.14566750163647 60.68000030517578 30.049999237060547 AB 3.574787215478058 1.089292973406889
61704.3516 lsst_hardware_i -21.81571125292777 31.139999389648438 31.239999771118164 AB 2.614844918858885 1.092781884317985
61704.3691 lsst_hardware_y 19.243757021502734 60.91999816894531 30.040000915527344 AB 2.6069115658665245 1.0896182093485995
61706.3539 lsst_hardware_i -8.923687734688988 31.31999969482422 31.25 AB 3.615022083681643 1.0898468747909686
61706.3713 lsst_hardware_y -22.133489796233217 77.7699966430664 30.059999465942383 AB 3.6804963127956802 1.0921354043903089
61708.3004 lsst_hardware_g 6.81000541564806 13.59000015258789 31.360000610351562 AB 5.116581846097834 1.149664497494257
61708.3176 lsst_hardware_y -78.11305896761722 47.72999954223633 30.020000457763672 AB 4.962354217100612 1.1163901500788778
61712.3035 lsst_hardware_z 107.68993714505136 59.529998779296875 31.690000534057617 AB 5.38307388656456 1.1214737263676167
61721.3111 lsst_hardware_r -36.12527679041757 56.150001525878906 31.6200008392334 AB 4.031179340369822 1.0903183015403164
61721.3282 lsst_hardware_g 53.377956993824455 43.52000045776367 31.68000030517578 AB 4.02173788178925 1.0911832907088803
61723.3016 lsst_hardware_r 74.90788034936247 94.16999816894531 31.639999389648438 AB 6.449694553042109 1.0918423191674704
61723.3204 lsst_hardware_i 52.14104472671037 74.5999984741211 31.31999969482422 AB 6.450780280162703 1.090364866917642
61727.3012 lsst_hardware_r -5.782622243567108 67.45999908447266 31.639999389648438 AB 4.966807218285425 1.0892519211123415
61727.3218 lsst_hardware_z 56.4236350179555 56.380001068115234 30.969999313354492 AB 5.013964503603829 1.0971876079224019
61730.3047 lsst_hardware_g 8.722674746522449 26.260000228881836 31.600000381469727 AB 4.573377402133317 1.0916284525918738
61730.3251 lsst_hardware_r 19.10898694810223 31.450000762939453 31.549999237060547 AB 4.599094483146791 1.1092847282071372
61733.2916 lsst_hardware_i -31.70013919055892 30.969999313354492 31.239999771118164 AB 9.471521929159454 1.0899543829944818
61733.3124 lsst_hardware_z -22.806622382031417 42.08000183105469 30.940000534057617 AB 10.275458814602718 1.1038593584405534
61735.2954 lsst_hardware_r -7.807235478398944 22.860000610351562 31.489999771118164 AB 5.727094369163374 1.0939311796441793
61735.3156 lsst_hardware_g 3.352578726970651 13.899999618530273 31.399999618530273 AB 5.802443157528775 1.1150681873413826
61737.297 lsst_hardware_r -26.532020704547577 22.829999923706055 31.489999771118164 AB 3.873332700579198 1.0993375687547393
61737.316 lsst_hardware_i 22.728771001438435 31.139999389648438 31.239999771118164 AB 3.9485471402804015 1.1245684170352879
61739.2614 lsst_hardware_i -57.22265875235946 30.989999771118164 31.25 AB 6.632306202319503 1.090481125011372
61739.281 lsst_hardware_z 67.11651348308907 41.95000076293945 30.940000534057617 AB 6.5920016912293065 1.0920238037322365
61741.2605 lsst_hardware_r 8.765148710113305 22.989999771118164 31.489999771118164 AB 7.510953869222251 1.089451915614079
61741.2808 lsst_hardware_u 1.9203847814154005 2.700000047683716 28.40999984741211 AB 7.551879193347979 1.0950968583637377
61743.2648 lsst_hardware_g 0.2792735588544305 13.979999542236328 31.40999984741211 AB 4.7516410578117565 1.0900759481100093
61743.2838 lsst_hardware_r 0.6969889343845 22.989999771118164 31.489999771118164 AB 4.82876115704177 1.1024568851693537
61747.2644 lsst_hardware_r 20.440521555490196 22.84000015258789 31.479999542236328 AB 7.074592316192929 1.0950816236818939
61747.284 lsst_hardware_g -18.72273944898143 13.869999885559082 31.3799991607666 AB 7.1166711424007625 1.1168223378556652
61749.2339 lsst_hardware_r -14.493450685675866 51.25 31.6200008392334 AB 10.264167686158478 1.0905405531405576
61749.2519 lsst_hardware_i -106.85415939421101 44.5 31.290000915527344 AB 10.129882576692266 1.0912294060855612
61751.2572 lsst_hardware_z 63.77411004104328 64.62999725341797 30.979999542236328 AB 13.68384551699305 1.097942913143507
61751.2764 lsst_hardware_i -54.29006452285467 71.12000274658203 31.31999969482422 AB 13.638311332782505 1.12218688969686
61753.228 lsst_hardware_r 88.41648252918515 115.80999755859375 31.649999618530273 AB 8.421614115693163 1.0894127029408849
61753.2457 lsst_hardware_z -8.815878062746467 78.63999938964844 30.989999771118164 AB 8.500800969401864 1.0935850303690948
61755.2312 lsst_hardware_g -56.435101285740295 83.81999969482422 31.719999313354492 AB 11.325002467810213 1.0898657371125524
61755.2494 lsst_hardware_r 25.399098528728857 82.7699966430664 31.639999389648438 AB 11.430147468312741 1.100791140576126
61757.1939 lsst_hardware_i -20.230143526802507 46.20000076293945 31.290000915527344 AB 3.700294259099399 1.1032481392663
61757.2137 lsst_hardware_z -2.9413707600166386 49.439998626708984 30.959999084472656 AB 5.210832673340504 1.0900563433528252
