data/validation/pwv_sim_epoch_fit_epoch/46354420.ecsv
# %ECSV 0.9
# ---
# datatype:
# - {name: time, datatype: float64}
# - {name: band, datatype: string}
# - {name: flux, datatype: float64}
# - {name: fluxerr, datatype: float64}
# - {name: zp, datatype: float64}
# - {name: zpsys, datatype: string}
# - {name: pwv, datatype: float64}
# - {name: airmass, datatype: float64}
# meta: {SNID: '46354420', alt: 1024.0, c: -0.0028496934100985527, dec: -35.136116, lat: -30.244573, lon: -70.7499537, ra: 33.398438,
#   t0: 61749.85546875, x0: 1.2482589507184141e-05, x1: 0.005733627360314131, z: 0.41929924488067627}
# schema: astropy-2.0
time band flux fluxerr zp zpsys pwv airmass
61593.3451 lsst_hardware_z -21.518226608947348 46.13999938964844 30.90999984741211 AB 2.251285633115996 1.441899423430494
61593.3648 lsst_hardware_r -27.51196066497308 23.399999618530273 31.440000534057617 AB 2.0451585781725883 1.3118400116566544
61598.3914 lsst_hardware_z -9.259914060639106 42.310001373291016 30.940000534057617 AB 8.928342116453617 1.1375133286346817
61598.4104 lsst_hardware_u -3.620385961047669 2.630000114440918 28.389999389648438 AB 8.414989892634576 1.0851750457972242
61600.405 lsst_hardware_g -11.434982751962384 13.479999542236328 31.40999984741211 AB 6.40278248967671 1.085033467154162
61600.4275 lsst_hardware_r -11.830691184246298 22.290000915527344 31.5 AB 7.183954161902237 1.0416056491086323
61605.4317 lsst_hardware_z 5.401705320798205 58.95000076293945 30.989999771118164 AB 3.1320334175247124 1.019376214003161
61608.3859 lsst_hardware_z -114.46105968868217 76.7300033569336 31.719999313354492 AB 5.789326576236874 1.0787397542715562
61612.3774 lsst_hardware_z 111.25481070269187 63.61000061035156 31.709999084472656 AB 7.241587994547115 1.073424197820584
61617.3743 lsst_hardware_g 16.828279746694907 13.15999984741211 31.389999389648438 AB 4.139772969331674 1.052796923493835
61617.3944 lsst_hardware_r -12.543127169506322 21.790000915527344 31.489999771118164 AB 4.680031235072238 1.0240768566897678
61619.3755 lsst_hardware_i -18.527096412448763 29.989999771118164 31.25 AB 1.9653608869816912 1.041802749526473
61619.3941 lsst_hardware_z -9.014424590823621 40.43000030517578 30.950000762939453 AB 1.9204032006630891 1.01878153881331
61622.3734 lsst_hardware_i 20.170431947093853 29.75 31.239999771118164 AB 2.054478855099603 1.0330503356883156
61622.3933 lsst_hardware_u 2.4198079984327414 2.5999999046325684 28.40999984741211 AB 1.5070008427731794 1.0125992560209502
61624.3671 lsst_hardware_g 0.27462893231008345 13.119999885559082 31.399999618530273 AB 4.419591027858415 1.034185334704254
61624.3854 lsst_hardware_r -8.919931001092626 21.639999389648438 31.479999542236328 AB 3.1243684936840856 1.0144602501274156
61626.3682 lsst_hardware_i 30.991067394949347 29.719999313354492 31.25 AB 5.055047298367242 1.0259194895887627
61626.3869 lsst_hardware_r 55.6396179432615 21.68000030517578 31.489999771118164 AB 4.000764347799345 1.0096141523719746
61629.3501 lsst_hardware_g 3.9571156254198288 13.140000343322754 31.40999984741211 AB 3.2394156878122655 1.0389402462515283
61629.3688 lsst_hardware_r 2.6947635459526293 21.799999237060547 31.5 AB 3.161686323969613 1.0169463891828925
61631.2678 lsst_hardware_r 155.1088199389296 62.900001525878906 31.579999923706055 AB 4.548716101443405 1.2751919919944132
61631.2866 lsst_hardware_z -43.658431855739174 52.540000915527344 30.950000762939453 AB 4.35579428353195 1.1898368177187206
61649.2666 lsst_hardware_g -14.057915209615487 13.180000305175781 31.3700008392334 AB 1.8279657486314824 1.096340912813764
61649.2851 lsst_hardware_i -8.022603931102243 29.920000076293945 31.239999771118164 AB 1.7165163880660614 1.0561011411399066
61651.2731 lsst_hardware_z 33.01276487982915 41.130001068115234 30.950000762939453 AB 1.3841507024165434 1.068842241248296
61651.2918 lsst_hardware_r -0.9458985246317346 21.84000015258789 31.489999771118164 AB 1.612369848001121 1.036393924474447
61653.2722 lsst_hardware_u 2.8218799894768902 2.559999942779541 28.350000381469727 AB 2.4456520009131255 1.0597943092213458
61653.2911 lsst_hardware_g -2.311243361955144 13.069999694824219 31.389999389648438 AB 2.371958579347834 1.0300174767378596
61655.2463 lsst_hardware_g -1.5294491206994303 13.369999885559082 31.389999389648438 AB 2.080432131793524 1.1066128360603853
61655.2635 lsst_hardware_r 27.256726169124786 22.1200008392334 31.489999771118164 AB 2.0761372073271107 1.0661437216674654
61672.1775 lsst_hardware_r -9.115745217793558 22.610000610351562 31.459999084472656 AB 4.368840400352705 1.1788560173642668
61672.1942 lsst_hardware_i -20.42505680429264 30.68000030517578 31.229999542236328 AB 4.325778255609967 1.122703933456857
61674.1748 lsst_hardware_z -74.01951971073134 42.88999938964844 30.940000534057617 AB 3.9484670231507453 1.1685888688849442
61678.1755 lsst_hardware_r -17.545354867969625 39.15999984741211 32.66999816894531 AB 4.75229779414635 1.1296839113677384
61678.2029 lsst_hardware_u -2.061415406712756 2.6600000858306885 28.43000030517578 AB 4.476387978198871 1.0618038295786743
61680.2118 lsst_hardware_i 23.033903008353654 29.979999542236328 31.25 AB 3.47769463081839 1.0375757830441978
61680.2334 lsst_hardware_r -1.3180147479078383 21.979999542236328 31.489999771118164 AB 3.382173364069823 1.0137649648765854
61682.2133 lsst_hardware_u -2.163493837251836 2.640000104904175 28.43000030517578 AB 2.677296885010893 1.0283123458096444
61682.2346 lsst_hardware_g 3.4722866289680594 13.350000381469727 31.420000076293945 AB 2.637815918950253 1.0092717860984053
61684.1128 lsst_hardware_r 3.43938968834104 26.850000381469727 31.479999542236328 AB 4.601078494255215 1.3326802300521983
61684.1338 lsst_hardware_g -22.750261762644303 19.190000534057617 31.489999771118164 AB 5.299175581317425 1.2238280788261953
61686.0907 lsst_hardware_z -165.80121442459435 48.439998626708984 30.90999984741211 AB 13.40137419827895 1.4457234202897207
61686.1112 lsst_hardware_r 15.18319645280736 35.22999954223633 31.530000686645508 AB 11.914285019823478 1.310137914887074
61688.1101 lsst_hardware_z -28.417001489199755 50.72999954223633 30.93000030517578 AB 4.067615346368906 1.2861347005803876
61688.1313 lsst_hardware_i 44.54373706353023 44.83000183105469 31.270000457763672 AB 3.7166992253921802 1.1885830589676403
61689.1081 lsst_hardware_z -85.30347008964743 53.90999984741211 30.950000762939453 AB 5.38548947380333 1.2822593985246022
61689.1281 lsst_hardware_r -0.4447851999693479 58.43000030517578 31.600000381469727 AB 5.242294200228457 1.1904384679952595
61694.1123 lsst_hardware_r 10.447738783407523 102.22000122070312 31.6200008392334 AB 9.334496442643806 1.1990874937027023
61694.1311 lsst_hardware_i 25.64257319391678 79.12999725341797 31.31999969482422 AB 8.9282535748735 1.1318899466323171
61696.1094 lsst_hardware_z 19.63344907205151 55.83000183105469 30.959999084472656 AB 10.37910761325146 1.1888104321834752
61696.1287 lsst_hardware_r -81.45227440029184 67.12999725341797 31.6299991607666 AB 6.891630236621013 1.122628659618442
61698.1094 lsst_hardware_u -2.008060118297624 2.5799999237060547 28.31999969482422 AB 3.7567061924679 1.1681300349714747
61698.1299 lsst_hardware_r -1.405684983521202 22.360000610351562 31.479999542236328 AB 3.708852289684484 1.1039346035373998
61702.1151 lsst_hardware_r -0.788403978714438 22.549999237060547 31.479999542236328 AB 3.4552054398820555 1.1145823999619533
61702.1333 lsst_hardware_u -0.4717599968105719 2.700000047683716 28.459999084472656 AB 3.087238409407662 1.0700072470003161
61705.1097 lsst_hardware_g 15.146269851211759 13.489999771118164 31.399999618530273 AB 4.657277188200921 1.1068550712670087
61705.1277 lsst_hardware_r 27.69554686089013 22.219999313354492 31.489999771118164 AB 3.947448275898515 1.0647196968033756
61707.1151 lsst_hardware_i 12.710225331745674 30.459999084472656 31.25 AB 3.157634006415668 1.0799021909766306
61707.1337 lsst_hardware_z 33.5609669409513 40.880001068115234 30.950000762939453 AB 2.9869985163058543 1.0442225192468584
61709.1142 lsst_hardware_r -3.909297314878752 22.15999984741211 31.479999542236328 AB 5.295339146236301 1.0699816419954813
61709.133 lsst_hardware_g 5.796308061488081 13.34000015258789 31.40999984741211 AB 3.900802224636337 1.0370336899206
61711.1171 lsst_hardware_r -13.366666088022377 22.0 31.479999542236328 AB 5.867038065891202 1.053801179324672
61711.1358 lsst_hardware_i 2.970071262144141 29.739999771118164 31.239999771118164 AB 4.002614893614766 1.0263115111832732
61720.0228 lsst_hardware_y 12.618797462333685 56.56999969482422 29.969999313354492 AB 8.070882443487893 1.2857524536271059
61720.0401 lsst_hardware_i 72.97516233993153 61.9900016784668 31.290000915527344 AB 7.920430353627279 1.2040788010987047
61724.0256 lsst_hardware_y 172.3715690138878 54.767534876119676 29.989999771118164 AB 6.798199342970741 1.2193532743770668
61724.0439 lsst_hardware_g -43.14366243161493 61.41640414299513 31.670000076293945 AB 6.018168531772181 1.148943973228884
61726.0251 lsst_hardware_z 46.49850405783438 46.30134084855568 30.940000534057617 AB 4.194339892936154 1.1983828265531868
61726.0429 lsst_hardware_i 40.905892095757906 31.977374592619643 31.229999542236328 AB 4.2525619182740675 1.1344702996601788
61729.0269 lsst_hardware_y 226.474636457805 52.25186236294123 30.010000228881836 AB 8.69685136474127 1.1604569716774369
61729.0444 lsst_hardware_r 354.96733645002246 28.705828533528063 31.469999313354492 AB 7.3653039518057275 1.1062336965764084
61731.0268 lsst_hardware_y 82.53960961881117 53.10704704934499 30.020000457763672 AB 5.360202602503403 1.1422914443267773
61731.0436 lsst_hardware_z 441.80060173263473 45.78772179087932 30.940000534057617 AB 4.9076707558211154 1.0941189958357185
61734.0293 lsst_hardware_y 409.96202087111266 53.11820830090884 30.030000686645508 AB 6.9614133932479545 1.1101847369823705
61734.0472 lsst_hardware_u 4.263579393608366 4.082754503283493 28.399999618530273 AB 5.542187160557102 1.0673789228780448
61736.0302 lsst_hardware_y 494.8607268340055 54.700284884291435 30.030000686645508 AB 5.329936939488679 1.0934886268634185
61736.0486 lsst_hardware_r 1986.7795252975386 49.37847249367635 31.479999542236328 AB 3.889054201376422 1.054229927182667
61740.0315 lsst_hardware_y 593.1366131783144 57.753394776079155 30.040000915527344 AB 7.965632553986222 1.0659929814635292
61740.049 lsst_hardware_g 1470.7389400027996 40.642431962957104 31.389999389648438 AB 8.636238450051136 1.036120667459295
61958.4239 lsst_hardware_y 10.159256139028804 74.70999908447266 30.790000915527344 AB 1.8880374484977471 1.087161678597551
61960.3482 lsst_hardware_r -22.361014793620676 83.0 31.559999465942383 AB 3.0313060490932853 1.3854232399877906
61960.3676 lsst_hardware_i 47.72030902239464 64.0 31.280000686645508 AB 2.7367378521071886 1.270930891071694
61962.3831 lsst_hardware_r -39.4639223779825 64.72000122070312 31.610000610351562 AB 10.779806851063848 1.1782712022732191
61962.4031 lsst_hardware_z 23.961174483879528 53.290000915527344 30.959999084472656 AB 10.179696286513266 1.1127580702705386
61964.3487 lsst_hardware_z -68.91092871030527 53.47999954223633 30.940000534057617 AB 7.916243641153452 1.3141901899984048
61964.3688 lsst_hardware_r 31.557941945185686 55.040000915527344 31.600000381469727 AB 7.361592779906536 1.213982978216777
61965.4076 lsst_hardware_i -81.96519963162025 42.75 31.290000915527344 AB 6.438281607359913 1.080611213051345
61965.4292 lsst_hardware_z -21.232068833911757 47.369998931884766 30.959999084472656 AB 7.100022731393363 1.0400677845738464
61974.3523 lsst_hardware_r 2.05103826282133 22.610000610351562 31.459999084472656 AB 5.272211707619686 1.1709520727639502
61974.3706 lsst_hardware_z -52.07367615777786 41.939998626708984 30.93000030517578 AB 5.028687134055978 1.1120288511687408
61976.3787 lsst_hardware_u 3.433929107233699 2.549999952316284 28.329999923706055 AB 6.701779269943627 1.0780631014145623
61976.3988 lsst_hardware_g -4.393471358492714 13.119999885559082 31.3799991607666 AB 6.406077551894461 1.0406233839984504
61978.3753 lsst_hardware_r 16.31722919734651 21.959999084472656 31.459999084472656 AB 3.1696501964811543 1.0735479073602554
61978.397 lsst_hardware_i 24.930632363687685 29.84000015258789 31.239999771118164 AB 3.0507143078338905 1.03531028546399
61979.3761 lsst_hardware_z -44.6138999385472 41.150001525878906 30.940000534057617 AB 3.733867335604159 1.066184605050563
61979.397 lsst_hardware_r -9.657324529947914 21.790000915527344 31.479999542236328 AB 3.6347823655391025 1.031631702612801
61981.3723 lsst_hardware_u 3.0395797388550325 2.5399999618530273 28.34000015258789 AB 5.080397266911757 1.0628816765392985
61981.3931 lsst_hardware_r -9.212299078759102 21.729999542236328 31.479999542236328 AB 4.821703957319895 1.0296369336745037
61986.3691 lsst_hardware_r -129.3026583277998 64.70999908447266 31.639999389648438 AB 1.9685949676279153 1.044347462932581
61986.3861 lsst_hardware_y 23.243382712371204 49.2400016784668 30.049999237060547 AB 2.129323823708621 1.0219936758860673
61990.3723 lsst_hardware_r -125.65851131743122 80.62999725341797 31.65999984741211 AB 2.5413068683980624 1.0251338718830425
61990.3933 lsst_hardware_z -93.10275571533616 57.849998474121094 30.979999542236328 AB 1.4111509865896625 1.0079649904211876
61992.366 lsst_hardware_r 69.82008788399004 66.30999755859375 31.65999984741211 AB 5.24455915892584 1.0260982474175837
61992.3848 lsst_hardware_i 110.57898780782114 55.459999084472656 31.329999923706055 AB 5.250143496360189 1.009642980069267
61994.3644 lsst_hardware_z 26.5585012064356 47.540000915527344 30.969999313354492 AB 3.1735162340064877 1.0218470217902182
61994.3841 lsst_hardware_i -65.16494221811588 44.130001068115234 31.309999465942383 AB 2.9688624002679833 1.0071337367336406
61997.2715 lsst_hardware_i -16.91621019608714 33.380001068115234 31.219999313354492 AB 5.859293771752955 1.2466582493091394
61997.2903 lsst_hardware_r -67.44335966921585 26.350000381469727 31.510000228881836 AB 5.489872702082416 1.168058021719663
62009.2315 lsst_hardware_g -0.2790283014520949 18.850000381469727 32.06999969482422 AB 3.676561386825386 1.2830435829089692
62009.2552 lsst_hardware_r 41.36502631224892 31.8799991607666 32.220001220703125 AB 3.0594564388874135 1.1767140149566975
62011.2803 lsst_hardware_y -43.33396642732172 47.66999816894531 30.030000686645508 AB 6.622781718016895 1.0845758586195033
62011.2988 lsst_hardware_g 6.859936577023349 13.170000076293945 31.399999618530273 AB 7.323987315193233 1.0476808099170178
62016.2679 lsst_hardware_i -20.13042038404259 63.470001220703125 31.31999969482422 AB 1.3708453847988336 1.0816770527081803
62016.2858 lsst_hardware_z 19.95178939965121 58.20000076293945 30.979999542236328 AB 1.2737205803465461 1.046606886069471
62020.2477 lsst_hardware_z 35.11658577265577 89.7300033569336 31.729999542236328 AB 2.0792292256517375 1.1046998453830184
62030.2641 lsst_hardware_u -0.9112335282792696 2.759999990463257 28.530000686645508 AB 2.040682760510796 1.024010752117151
62030.2836 lsst_hardware_r -22.27284431999196 21.940000534057617 31.5 AB 2.0146776935256194 1.0082210401729088
62031.2452 lsst_hardware_g 2.470138097602302 13.34000015258789 31.40999984741211 AB 1.456164340151137 1.0460324502731904
62031.2636 lsst_hardware_i 66.19131704604504 29.790000915527344 31.25 AB 1.638857992010325 1.0216257612531896
62033.2522 lsst_hardware_z -45.96669686836168 40.72999954223633 30.950000762939453 AB 7.095412218152173 1.0283206113264018
62033.2698 lsst_hardware_r -17.85059520324627 21.950000762939453 31.5 AB 6.980097571248317 1.0116083436591763
62035.1768 lsst_hardware_r -15.624185968940008 22.959999084472656 31.479999542236328 AB 2.7094022190773437 1.206189079166152
62035.1941 lsst_hardware_i 34.831216891884324 31.049999237060547 31.25 AB 2.5383028053698684 1.14209350072869
62037.1792 lsst_hardware_z -42.12014098392428 42.72999954223633 30.940000534057617 AB 4.520418585861733 1.175050321253185
62037.1968 lsst_hardware_u 1.2083062407524396 2.6500000953674316 28.399999618530273 AB 4.234505480353823 1.1171363884324308
62039.1811 lsst_hardware_g -8.63849825818448 20.459999084472656 31.520000457763672 AB 3.90369273465061 1.1489615858283417
62039.1991 lsst_hardware_r 16.817715977486067 25.6299991607666 31.510000228881836 AB 3.7184119117885444 1.0961760659721882
62041.1908 lsst_hardware_i 62.24224448809088 38.5 31.270000457763672 AB 5.051021394053984 1.1035458667027365
62041.2111 lsst_hardware_z -16.422859898066566 44.56999969482422 30.959999084472656 AB 4.005473404069576 1.057899875620885
62046.1848 lsst_hardware_i -37.75681870668803 74.4000015258789 31.329999923706055 AB 3.123933198758432 1.0844479977175765
62046.2182 lsst_hardware_r 96.64975600945549 93.73999786376953 31.65999984741211 AB 3.3454795850295804 1.02653561983101
62048.212 lsst_hardware_z 91.67806826251561 67.30999755859375 30.989999771118164 AB 6.869960782482406 1.0274118817270204
62048.2326 lsst_hardware_r -132.67661355567 97.83999633789062 31.670000076293945 AB 6.765284892557667 1.0092419034148683
62050.2109 lsst_hardware_i 57.24682453745248 61.97999954223633 31.329999923706055 AB 4.203723445235844 1.0224927808417985
62050.2318 lsst_hardware_z 30.91328817090686 56.810001373291016 30.989999771118164 AB 4.106775778709432 1.0068711685465968
62054.1144 lsst_hardware_i -33.91599668673151 31.899999618530273 31.229999542236328 AB 5.265971113166186 1.2538026459919491
62054.1349 lsst_hardware_z -45.32372655375098 42.70000076293945 30.940000534057617 AB 5.204063534569699 1.1672665871932038
62057.1076 lsst_hardware_g 18.291863547236385 13.630000114440918 31.350000381469727 AB 9.003177101624349 1.2470925895684295
62057.1277 lsst_hardware_r 7.128864434900491 22.719999313354492 31.479999542236328 AB 9.701770044031566 1.163700377117856
62059.1104 lsst_hardware_i 18.630515262893667 31.649999618530273 31.229999542236328 AB 9.399128615754085 1.209876677562098
62059.1307 lsst_hardware_z -18.492939362623126 42.310001373291016 30.950000762939453 AB 8.891224753093926 1.1352915198672815
62067.1144 lsst_hardware_z -87.15318879643401 42.5 30.950000762939453 AB 3.4675229280038855 1.1185557832270598
62067.1333 lsst_hardware_i 0.2227481078388079 30.950000762939453 31.25 AB 3.0914082016858573 1.0714524570438808
62075.1114 lsst_hardware_r 118.95613485167681 87.63999938964844 31.65999984741211 AB 5.7472089559921615 1.0715740750762266
62075.1298 lsst_hardware_i -57.95288250708634 69.55000305175781 31.34000015258789 AB 4.800395807631285 1.0387094682746478
62077.1231 lsst_hardware_z 81.74940170557808 94.88999938964844 31.75 AB 4.167426772251898 1.0405559980652852
62079.1163 lsst_hardware_g 200.88706383265688 81.8499984741211 31.729999542236328 AB 3.9820708921609773 1.042608891297223
62079.1358 lsst_hardware_r 51.51960962638106 76.54000091552734 31.65999984741211 AB 3.7465261550891618 1.0184236914953815
62081.1147 lsst_hardware_i -67.74710694518625 39.0099983215332 31.290000915527344 AB 4.764337473629684 1.0368525513883504
62081.133 lsst_hardware_z -70.55311739229269 45.95000076293945 30.969999313354492 AB 4.509693440908303 1.0160399776745077
62086.0234 lsst_hardware_y -7.2181605950154974 51.2400016784668 29.969999313354492 AB 6.444006528388944 1.271947994747386
62086.0414 lsst_hardware_u 3.0005460752463513 2.5 28.260000228881836 AB 5.934701324078436 1.1905118002167068
62088.0234 lsst_hardware_y -10.347732786257154 52.290000915527344 29.979999542236328 AB 7.580427301016556 1.2449890865968476
62088.0398 lsst_hardware_r 23.070383575005636 22.579999923706055 31.459999084472656 AB 7.168385925762476 1.1756270480954272
62090.0798 lsst_hardware_z -85.82146014985095 57.790000915527344 31.690000534057617 AB 6.274963064909806 1.0533763748380098
62090.0881 lsst_hardware_u -0.04239684862805145 3.680000066757202 29.149999618530273 AB 6.0051775659047655 1.0398125736383301
62096.0264 lsst_hardware_y 39.07935844077176 52.43000030517578 30.010000228881836 AB 5.4543214033892005 1.1458658410481515
62096.0425 lsst_hardware_g 1.0746930643666963 15.020000457763672 31.43000030517578 AB 4.941770133384712 1.0986594338340139
62098.0285 lsst_hardware_y 41.085989903606375 51.119998931884766 30.020000457763672 AB 8.70324973987846 1.1222276807201659
62098.0454 lsst_hardware_i 13.935025082131776 33.02000045776367 31.260000228881836 AB 8.158831708207279 1.0785447750339516
62100.0367 lsst_hardware_z 9.807457126615914 67.18000030517578 31.709999084472656 AB 5.153090417440532 1.0860043029379414
62103.0309 lsst_hardware_y 158.51725090622833 54.84000015258789 30.040000915527344 AB 6.6514733019810865 1.0804569892488973
62103.0486 lsst_hardware_r 41.08944988411593 65.69000244140625 31.649999618530273 AB 5.736086204487927 1.0460629533124057
62105.0309 lsst_hardware_y -34.22540809939562 60.0 30.049999237060547 AB 8.035130430909895 1.0686198068371797
62105.0473 lsst_hardware_z 24.25357396488356 59.689998626708984 30.979999542236328 AB 8.670432867331579 1.0395786979734918
