data/validation/pwv_sim_epoch_fit_epoch/46354260.ecsv
# %ECSV 0.9
# ---
# datatype:
# - {name: time, datatype: float64}
# - {name: band, datatype: string}
# - {name: flux, datatype: float64}
# - {name: fluxerr, datatype: float64}
# - {name: zp, datatype: float64}
# - {name: zpsys, datatype: string}
# - {name: pwv, datatype: float64}
# - {name: airmass, datatype: float64}
# meta: {SNID: '46354260', alt: 1024.0, c: -0.06111535429954529, dec: 2.388015, lat: -30.244573, lon: -70.7499537, ra: 40.957031, t0: 62818.3125,
#   x0: 3.3803022711633282e-06, x1: -0.14739057421684265, z: 0.7197340130805969}
# schema: astropy-2.0
time band flux fluxerr zp zpsys pwv airmass
62721.4016 lsst_hardware_z 3.6034338084172544 62.0099983215332 31.68000030517578 AB 1.69444337332176 1.2103166952298288
62721.4234 lsst_hardware_y -82.1564366426367 70.55000305175781 30.75 AB 2.2489534385026504 1.1905523761263368
62724.3987 lsst_hardware_z 6.2131732503576425 50.47999954223633 30.950000762939453 AB 7.265791944570432 1.2033109295708573
62724.4185 lsst_hardware_y -69.69985765254819 50.06999969482422 30.0 AB 5.875714079384131 1.1896164830877267
62732.4079 lsst_hardware_r -49.65870550625964 68.58999633789062 31.610000610351562 AB 2.2196570140077845 1.1903773761214431
62732.4273 lsst_hardware_y -131.65258007774767 76.55999755859375 30.010000228881836 AB 2.6725236462615087 1.206284651889645
62734.3961 lsst_hardware_g 30.186833062247857 34.70000076293945 31.6200008392334 AB 1.308117607966755 1.1891978254243225
62734.416 lsst_hardware_y -27.1668501391217 52.029998779296875 30.0 AB 1.3194618482477933 1.1995107711343576
62737.3585 lsst_hardware_r 25.598207418721465 25.780000686645508 31.489999771118164 AB 3.8842544741232583 1.2094829438341144
62737.3789 lsst_hardware_i -8.902545473402926 33.619998931884766 31.239999771118164 AB 4.5582738627669475 1.1908753451450704
62739.322 lsst_hardware_z -40.12551089233344 44.959999084472656 30.93000030517578 AB 3.519493818680692 1.2813691087429704
62739.3388 lsst_hardware_r -7.320980654893819 24.770000457763672 31.479999542236328 AB 2.9863555286474885 1.2353925242612334
62741.3192 lsst_hardware_u 2.6854822506368414 2.619999885559082 28.25 AB 3.8810024624861037 1.2728771605398832
62741.3369 lsst_hardware_r -1.4032238273038127 24.65999984741211 31.479999542236328 AB 3.695029735880764 1.2278565803768602
62743.3219 lsst_hardware_i -52.52483412047555 33.209999084472656 31.219999313354492 AB 3.840836650390782 1.2497299296282371
62743.3376 lsst_hardware_z -19.44942727981916 44.349998474121094 30.93000030517578 AB 3.1848035450519308 1.216502500019836
62746.2586 lsst_hardware_g -23.191919861770103 14.920000076293945 31.299999237060547 AB 4.383690431568838 1.5107057574115064
62746.2813 lsst_hardware_r 27.211233277462288 25.06999969482422 31.450000762939453 AB 3.985163060013624 1.3699426125863265
62749.2941 lsst_hardware_r 42.850158741395276 24.93000030517578 31.459999084472656 AB 2.3709923425002355 1.2833517415422495
62749.3114 lsst_hardware_i 14.52500790207582 33.18000030517578 31.229999542236328 AB 2.111255314036447 1.2356156734509054
62752.3609 lsst_hardware_z 25.42672437123841 44.150001525878906 30.940000534057617 AB 3.4768529267493746 1.1943843788216657
62752.3696 lsst_hardware_r 20.148216170343165 24.65999984741211 31.479999542236328 AB 3.5469177093155713 1.202480859752143
62754.3492 lsst_hardware_i -38.81203459714812 60.7599983215332 31.299999237060547 AB 4.217750469798385 1.1908942502960145
62754.3676 lsst_hardware_z 1.329528687031232 55.970001220703125 30.959999084472656 AB 4.364489581567167 1.2067713128757143
62759.2768 lsst_hardware_y -58.447327441925154 89.2300033569336 30.739999771118164 AB 3.1043849924806812 1.2534528906382294
62761.267 lsst_hardware_r 46.71736862979624 72.94999694824219 31.600000381469727 AB 2.5021329244866104 1.2656211049501667
62761.2838 lsst_hardware_i -17.18008930362037 63.439998626708984 31.299999237060547 AB 2.4375469220466717 1.224897950777222
62763.2593 lsst_hardware_i 73.63507083139231 41.2599983215332 31.25 AB 7.067749224772357 1.272379355465567
62763.2793 lsst_hardware_z -88.20097271775248 48.470001220703125 30.940000534057617 AB 6.795072805054711 1.2230702974494374
62766.2529 lsst_hardware_r -8.231541102869286 24.31999969482422 31.469999313354492 AB 2.0207875089139566 1.2669514162469948
62766.2712 lsst_hardware_u 7.427822578492116 2.7799999713897705 28.420000076293945 AB 1.9792661943294563 1.2229015720297902
62769.2345 lsst_hardware_z 101.48431361322677 45.18000030517578 30.920000076293945 AB 7.722777738536796 1.3008609329369771
62769.2532 lsst_hardware_r 26.439724213798282 24.540000915527344 31.469999313354492 AB 7.393558167823782 1.2440086653657514
62770.2664 lsst_hardware_u 1.7683707025858808 2.609999895095825 28.270000457763672 AB 3.8128188336033206 1.212471539199779
62770.28 lsst_hardware_g 3.170894262474798 14.75 31.3799991607666 AB 3.8275362881129684 1.1963543305208277
62775.2906 lsst_hardware_z 14.441345925812458 43.36000061035156 30.940000534057617 AB 5.652315316637041 1.1904205798666938
62775.3091 lsst_hardware_r -5.315795272960498 24.1200008392334 31.479999542236328 AB 5.390716984158192 1.2052579335575029
62777.2814 lsst_hardware_u -4.179783915887078 2.7699999809265137 28.40999984741211 AB 3.221088329646762 1.189471318185658
62777.2987 lsst_hardware_r 11.37077462475974 24.360000610351562 31.489999771118164 AB 3.8671681441291614 1.1996178712014243
62779.2704 lsst_hardware_r 31.683527896294482 24.469999313354492 31.479999542236328 AB 7.887912364368218 1.1893118104791636
62779.291 lsst_hardware_u -0.4654926324919126 2.7699999809265137 28.399999618530273 AB 7.930041860563187 1.1974694509331838
62782.2242 lsst_hardware_y 21.779822085778907 74.83999633789062 30.739999771118164 AB 4.128802931066309 1.2294202276127966
62784.2156 lsst_hardware_r 79.03342257303522 112.37074270972117 31.6200008392334 AB 3.2735749332553703 1.236166505099991
62784.2343 lsst_hardware_i -39.11466748258467 88.27095076567993 31.309999465942383 AB 3.1668202302161648 1.2040378544640382
62788.2071 lsst_hardware_z 57.82291518236401 81.96804401392386 30.969999313354492 AB 10.030713150154968 1.2309133820290792
62788.2245 lsst_hardware_r -8.062182825934965 112.57990238917374 31.6200008392334 AB 7.5770361966562145 1.2027041581993991
62792.2489 lsst_hardware_r 36.31685938924243 41.14243157823691 31.579999923706055 AB 5.919211995174397 1.1925880446959833
62792.2671 lsst_hardware_z 68.2984683963309 48.32635008062667 30.940000534057617 AB 6.2261175806135585 1.2113658408703847
62795.2496 lsst_hardware_g 73.79027954079321 16.893587812440668 31.420000076293945 AB 2.1748874038366566 1.1996620935895825
62795.2676 lsst_hardware_r 156.08439972482546 28.011141367410122 31.489999771118164 AB 2.4304069299033144 1.2264458855693765
62798.201 lsst_hardware_z 169.20783155936007 46.24447683359354 30.940000534057617 AB 2.8122546346948543 1.1986593598187913
62798.2175 lsst_hardware_r 244.14214047272063 29.556639816499725 31.489999771118164 AB 1.5534137019037737 1.1894438758834407
62800.1738 lsst_hardware_u 6.378295511288122 4.17165470569133 28.440000534057617 AB 1.555665398344914 1.232047569966933
62800.1898 lsst_hardware_r 418.7902003667361 31.43401508624439 31.489999771118164 AB 1.4677470389466074 1.205046830005425
62802.1766 lsst_hardware_i 510.66733364267054 40.321067660790966 31.239999771118164 AB 2.467611572579927 1.216371133378209
62802.1933 lsst_hardware_z 306.8093349611937 47.69772928672621 30.940000534057617 AB 2.4103405357117462 1.1958031432341198
62804.1679 lsst_hardware_r 665.1992574024125 35.53915131247836 31.5 AB 6.314819478430178 1.222065438994162
62804.1839 lsst_hardware_u 0.8754645631747238 4.168688626662371 28.540000915527344 AB 6.251093421760552 1.1993655836071666
62808.1552 lsst_hardware_y 258.11632832063333 52.148212555619345 29.989999771118164 AB 4.789728606719253 1.2254385280393476
62808.175 lsst_hardware_g 281.0505510063176 35.89362426016623 31.610000610351562 AB 4.3107845806834755 1.1974401613009653
62821.1853 lsst_hardware_z 639.6300817397738 54.2443865800765 30.93000030517578 AB 6.706863668710434 1.2076098194118507
62821.2038 lsst_hardware_r 933.4189424454427 51.565463882265256 31.549999237060547 AB 6.855683693582535 1.242121698317889
62828.1023 lsst_hardware_g 61.21534512180419 17.547421846262843 31.389999389648438 AB 8.357953844373549 1.2221911010270043
62828.123 lsst_hardware_r 606.2152609416572 35.34277617371497 31.479999542236328 AB 8.226629226240506 1.1952532383481176
62830.1006 lsst_hardware_i 887.4550915836339 43.654908829990966 31.219999313354492 AB 6.289911052444963 1.2156179257757092
62830.1202 lsst_hardware_z 563.308870837472 49.97422041280651 30.93000030517578 AB 6.114555503143863 1.1933750677031205
62837.1473 lsst_hardware_z 490.35769853853 51.24350270510445 30.940000534057617 AB 7.856280590347253 1.2162052619351362
62837.1676 lsst_hardware_r 304.2108535172333 37.880717131227144 31.530000686645508 AB 7.995260317030866 1.2617454471905627
62839.1587 lsst_hardware_y 334.3199668093378 78.11068838351038 30.739999771118164 AB 4.032078668783225 1.2522955722597575
62841.0701 lsst_hardware_z 402.8622361870248 83.92477158805454 30.969999313354492 AB 4.076513629552075 1.2163856065895478
62841.0892 lsst_hardware_r 374.52134908545725 110.4848707652702 31.6200008392334 AB 6.268962671239649 1.194012317549342
62845.066 lsst_hardware_r 317.67628639287625 113.57096692859476 31.610000610351562 AB 8.913853421792528 1.2062319973557176
62845.0873 lsst_hardware_z 339.45479260957137 81.26337549467348 30.969999313354492 AB 10.946218195308443 1.1898063255770048
62852.0409 lsst_hardware_y 97.6289751948795 57.198168347116805 30.0 AB 12.326436292639958 1.2150057951379352
62852.07 lsst_hardware_z 514.3779770363865 65.85299823073932 31.690000534057617 AB 12.966464310136482 1.1894383846137917
62852.1002 lsst_hardware_r 172.3068459555046 26.82617961300114 31.479999542236328 AB 11.657959379037742 1.2069842763336605
62856.0426 lsst_hardware_z 283.5003469576462 52.24999426121511 30.950000762939453 AB 5.240220473910732 1.1986779581953637
62856.0633 lsst_hardware_r 78.33711092954009 26.758827159120848 31.489999771118164 AB 5.321579125268948 1.1892018380831555
62862.0436 lsst_hardware_y 39.81099732853358 57.08561149141014 30.010000228881836 AB 7.704661572364705 1.1893121710901409
62862.0652 lsst_hardware_u -1.0313039448522392 2.922740949215713 28.389999389648438 AB 7.688604568549781 1.1982085274554535
62864.042 lsst_hardware_y 378.6535295275522 61.239007922914546 30.010000228881836 AB 9.706516719563167 1.1892326292040145
62864.061 lsst_hardware_i 216.9068118380128 35.47654092810195 31.239999771118164 AB 9.865385853489915 1.1994390095428467
63085.4353 lsst_hardware_z -126.70140563872427 110.76000213623047 31.729999542236328 AB 3.9245201324809647 1.1892485249942317
63088.3609 lsst_hardware_z -55.46822361073574 51.630001068115234 30.940000534057617 AB 6.661306495200867 1.3004649314658074
63088.3868 lsst_hardware_y -92.1917879972344 51.33000183105469 29.989999771118164 AB 6.384420641293509 1.2277732002487518
63091.4154 lsst_hardware_i 14.767693856070156 34.11000061035156 31.239999771118164 AB 5.327472606512526 1.189389233081866
63094.408 lsst_hardware_g -30.606506678694902 27.139999389648438 32.619998931884766 AB 5.731571504241363 1.1893077769863283
63094.4272 lsst_hardware_y -14.422703792766853 60.02000045776367 30.0 AB 5.7198556960213045 1.1966225305481828
63108.3468 lsst_hardware_i 7.402105748541091 51.0099983215332 31.280000686645508 AB 3.1491921632108983 1.2042416098445166
63108.366 lsst_hardware_z -37.922234115916964 51.119998931884766 30.950000762939453 AB 3.1072502517693206 1.1899854158815295
63110.309 lsst_hardware_r 126.90992899277691 94.94000244140625 31.600000381469727 AB 1.9668856810592739 1.2728592014620765
63110.3271 lsst_hardware_z -59.495306751909496 66.5 30.959999084472656 AB 1.9182002648782337 1.2270591811151343
63118.3463 lsst_hardware_z -22.636895076515025 46.119998931884766 30.940000534057617 AB 5.268780174604715 1.1893408972019675
63118.3667 lsst_hardware_r 3.0503342283168164 33.70000076293945 31.540000915527344 AB 5.200905821167808 1.2015492251744966
63121.3445 lsst_hardware_u -1.9918074733903375 2.680000066757202 28.329999923706055 AB 3.916294308950991 1.1909663382516953
63121.3651 lsst_hardware_r -43.88000514298401 24.440000534057617 31.479999542236328 AB 3.998922706360012 1.2099614845264788
63123.267 lsst_hardware_g 4.671919279586623 14.770000457763672 31.3700008392334 AB 2.5993632655909233 1.294503618321906
63123.2836 lsst_hardware_i -61.18363364616177 32.54999923706055 31.229999542236328 AB 2.6054969309897915 1.2448623654989375
63125.2668 lsst_hardware_z -31.436578188223308 44.689998626708984 30.93000030517578 AB 5.159495913058097 1.2767869124122984
63125.2846 lsst_hardware_r 8.268436036267552 24.3700008392334 31.469999313354492 AB 4.977036452578662 1.2302141680593215
63132.3336 lsst_hardware_i -102.51630990549593 65.11000061035156 32.7400016784668 AB 2.169980226101572 1.2078932513784146
63132.3819 lsst_hardware_z -179.18493786055504 79.33999633789062 32.11000061035156 AB 1.8974835583404501 1.3438268826773727
63136.2486 lsst_hardware_z -47.47755319332081 50.939998626708984 30.950000762939453 AB 4.117764474158693 1.2436618768223175
63136.2671 lsst_hardware_i -11.921166119756704 46.90999984741211 31.280000686645508 AB 4.62436997771079 1.2085116889352647
63139.2298 lsst_hardware_y -59.29435253435097 87.31999969482422 30.739999771118164 AB 4.718173984815628 1.2729459017444027
63144.2809 lsst_hardware_z 234.50735200472369 88.33999633789062 31.709999084472656 AB 7.910507258073635 1.1906540789313853
63144.3077 lsst_hardware_r -155.68896169145836 107.7699966430664 32.36000061035156 AB 8.41764787970371 1.2185508722654321
63148.2123 lsst_hardware_g 11.576197039521094 14.890000343322754 31.3799991607666 AB 3.8904840399675105 1.2526377375803033
63148.2306 lsst_hardware_i -21.593453790301496 32.47999954223633 31.239999771118164 AB 3.784427934811624 1.2140926404958434
63150.2118 lsst_hardware_z -52.42978531570331 44.06999969482422 30.93000030517578 AB 4.464958397519498 1.2402662215331939
63150.2298 lsst_hardware_r -15.284334426520752 24.190000534057617 31.469999313354492 AB 4.346091081470292 1.2072475226306367
63154.2057 lsst_hardware_r 33.18985888129755 24.649999618530273 31.469999313354492 AB 8.104180676818578 1.229645055151514
63154.2238 lsst_hardware_i -1.4064586871997273 32.75 31.229999542236328 AB 7.612721145911994 1.2012499178275549
63156.2529 lsst_hardware_z 18.91861147505075 43.52000045776367 30.940000534057617 AB 7.264203703639417 1.192971731814329
63156.2699 lsst_hardware_r -13.778993015601998 24.479999542236328 31.489999771118164 AB 7.411078643653838 1.2104825671214532
63158.2446 lsst_hardware_u 0.6647797482839605 2.7100000381469727 28.34000015258789 AB 2.7711272148410178 1.191455628022465
63158.2619 lsst_hardware_r 1.4079535705328388 24.889999389648438 31.479999542236328 AB 4.443099120671764 1.206926599240655
63160.2504 lsst_hardware_i 35.90523294066722 32.81999969482422 31.239999771118164 AB 2.379829768898788 1.199813344541927
63160.2679 lsst_hardware_z -13.22851359380098 44.33000183105469 30.93000030517578 AB 2.430795348645169 1.2257141013422788
63162.1742 lsst_hardware_z 50.65564256289239 45.90999984741211 30.93000030517578 AB 4.003218794884043 1.2523103633632624
63162.1924 lsst_hardware_r -27.862956750575595 28.729999542236328 31.510000228881836 AB 3.957411756210359 1.2140541229809876
63164.1767 lsst_hardware_y 1.67568252187421 71.91999816894531 30.739999771118164 AB 5.641819278659741 1.2332294681758333
63167.1736 lsst_hardware_r -58.40716892020073 101.30999755859375 31.6200008392334 AB 2.459384905693806 1.2229661390817006
63167.1917 lsst_hardware_i 61.613181048687565 81.33999633789062 31.309999465942383 AB 2.5130539637814167 1.197833157188237
63169.1728 lsst_hardware_z -7.108649561824895 115.75 30.979999542236328 AB 6.326458747846764 1.2148355785405354
63169.19 lsst_hardware_r 107.8198475583058 168.0 31.6200008392334 AB 6.0978683771821105 1.1947234281311943
63171.1569 lsst_hardware_r -168.4320908953683 126.87999725341797 31.610000610351562 AB 5.687156659067596 1.2347278895066427
63171.1759 lsst_hardware_z 59.29760497361161 88.9800033569336 30.979999542236328 AB 5.344800242712217 1.2029258958052929
63180.2002 lsst_hardware_g 7.184155674781134 15.329999923706055 31.399999618530273 AB 10.64212186452066 1.2048139776429483
63180.2179 lsst_hardware_i -10.356721064256154 33.20000076293945 31.229999542236328 AB 11.158130954887813 1.2353086155681223
63182.2019 lsst_hardware_z -6.328524096669237 44.130001068115234 30.93000030517578 AB 4.124448492077214 1.2150982496544869
63182.2192 lsst_hardware_r 10.690906472590246 24.799999237060547 31.459999084472656 AB 8.670823403617652 1.2516526024709709
63190.1814 lsst_hardware_i -52.76994034892724 32.77000045776367 31.229999542236328 AB 6.100037331661224 1.2173293417805042
63190.2019 lsst_hardware_z -26.58075916953015 44.779998779296875 30.93000030517578 AB 6.523780808604593 1.2642169385578308
63196.1031 lsst_hardware_r -48.24471744560349 111.86000061035156 31.6200008392334 AB 4.376204406416469 1.2087571153643717
63196.1217 lsst_hardware_z 41.116337045980245 81.1500015258789 30.979999542236328 AB 4.318076796873038 1.1914674997118662
63200.1495 lsst_hardware_g -65.37573411184212 111.43000030517578 31.670000076293945 AB 6.331166456570344 1.2100853319132203
63200.1687 lsst_hardware_r 25.52446843521188 108.77999877929688 31.610000610351562 AB 5.59381435128187 1.2481549314872151
63205.0707 lsst_hardware_z 45.49955629674214 43.689998626708984 30.93000030517578 AB 1.8174073468051062 1.221375905111468
63205.0896 lsst_hardware_r -24.898012781896448 24.18000030517578 31.489999771118164 AB 4.45587351260047 1.196368240730492
63207.0725 lsst_hardware_u 1.8882536012371716 2.640000104904175 28.290000915527344 AB 5.329301850606224 1.2095555720846793
63207.0919 lsst_hardware_g 16.312724142567273 14.890000343322754 31.389999389648438 AB 6.862211281954657 1.1913561253391791
63209.0732 lsst_hardware_r 22.870990412345897 24.209999084472656 31.469999313354492 AB 6.455592072056124 1.201711107977685
63209.0933 lsst_hardware_z 12.726567939365612 43.529998779296875 30.93000030517578 AB 7.28317362815849 1.189380848887069
63212.0712 lsst_hardware_r 8.314788214090244 24.06999969482422 31.479999542236328 AB 16.238995677543823 1.1957803190326999
63212.0898 lsst_hardware_u -1.227056215180949 2.680000066757202 28.350000381469727 AB 14.790688535714763 1.1893445268344949
63215.1172 lsst_hardware_g 6.462899144074061 14.829999923706055 31.389999389648438 AB 9.518192556826131 1.2246739115949543
63215.1352 lsst_hardware_r -11.587851138349194 24.540000915527344 31.469999313354492 AB 9.987420336900579 1.2688328610589812
63217.0406 lsst_hardware_y 70.11444051579376 55.75 30.0 AB 12.34728805551761 1.2167013472565762
63217.0598 lsst_hardware_i 13.73916642022961 32.27000045776367 31.229999542236328 AB 13.039749103002421 1.1940979932848175
63221.0415 lsst_hardware_y -8.138434208917738 58.369998931884766 30.0 AB 5.4024680391615645 1.2005484531470143
63221.0617 lsst_hardware_g 19.82567070402144 34.380001068115234 31.610000610351562 AB 5.136650586068707 1.1892688989549454
63223.0425 lsst_hardware_y 198.6594447446999 61.11000061035156 30.010000228881836 AB 5.853875685342216 1.1947497827081446
63223.0611 lsst_hardware_z 93.42783477124391 61.689998626708984 30.969999313354492 AB 5.825408205061973 1.1895264087114392
63225.054 lsst_hardware_y 234.59854298170225 90.37999725341797 30.760000228881836 AB 8.477801556447425 1.1893104825505612
63227.0436 lsst_hardware_z -68.60902044314867 78.69000244140625 30.969999313354492 AB 7.70554727789512 1.1894488909651713
63227.0655 lsst_hardware_r -42.80948958983187 107.0999984741211 31.6200008392334 AB 7.720657875788046 1.1978833832340345
63230.0418 lsst_hardware_y 80.6855189185831 59.7599983215332 30.010000228881836 AB 10.036647270628373 1.1894933211612544
63230.0608 lsst_hardware_z 88.7567405796779 58.86000061035156 30.959999084472656 AB 10.276030553180025 1.2014182390529944
