data/validation/pwv_sim_epoch_fit_epoch/46498058.ecsv
# %ECSV 0.9
# ---
# datatype:
# - {name: time, datatype: float64}
# - {name: band, datatype: string}
# - {name: flux, datatype: float64}
# - {name: fluxerr, datatype: float64}
# - {name: zp, datatype: float64}
# - {name: zpsys, datatype: string}
# - {name: pwv, datatype: float64}
# - {name: airmass, datatype: float64}
# meta: {SNID: '46498058', alt: 1024.0, c: 0.0028043873608112335, dec: -24.460293, lat: -30.244573, lon: -70.7499537, ra: 87.890625, t0: 61791.6015625,
#   x0: 5.434332183005727e-06, x1: -0.7144993543624878, z: 0.5929058194160461}
# schema: astropy-2.0
time band flux fluxerr zp zpsys pwv airmass
61671.3236 lsst_hardware_g -24.01931894942884 30.579999923706055 31.56999969482422 AB 2.5866818724734073 1.239871478717339
61671.3412 lsst_hardware_r -14.115307473387512 35.209999084472656 31.559999465942383 AB 2.0493660907044435 1.1636411984694484
61672.2997 lsst_hardware_r -17.659827213427544 27.1299991607666 31.459999084472656 AB 6.10629632179266 1.3636720858585583
61672.3168 lsst_hardware_i 33.50716968318908 34.540000915527344 31.229999542236328 AB 5.542734342478031 1.260643507699558
61680.2709 lsst_hardware_u 0.40587260682723225 2.430000066757202 28.110000610351562 AB 5.142205741031043 1.4141507709951304
61680.2902 lsst_hardware_g -7.183146452617135 13.420000076293945 31.31999969482422 AB 4.7248693932007795 1.2866415394378867
61682.2682 lsst_hardware_r 15.588049688104046 23.399999618530273 31.420000076293945 AB 3.8194784064148175 1.3934616586701267
61682.2882 lsst_hardware_i 9.613774319726188 32.0099983215332 31.219999313354492 AB 3.4730958357820376 1.2675532247381134
61684.271 lsst_hardware_z 30.626264586267958 44.529998779296875 30.920000076293945 AB 7.943194670458068 1.3366755861098978
61684.2888 lsst_hardware_r 17.877040332270663 22.549999237060547 31.450000762939453 AB 7.354949237529837 1.2364722730506872
61686.2675 lsst_hardware_z -6.86549686910107 44.529998779296875 30.90999984741211 AB 5.0303607229447005 1.324243784558977
61686.2866 lsst_hardware_r 19.571139134241005 22.670000076293945 31.450000762939453 AB 4.601205754061147 1.2209107785409024
61688.3087 lsst_hardware_i 0.362522650392673 30.920000076293945 31.239999771118164 AB 3.104671447693961 1.116687868966446
61688.3278 lsst_hardware_z -27.068131756250764 41.029998779296875 30.950000762939453 AB 2.962615547576789 1.0678336758754532
61689.2622 lsst_hardware_r 54.89406647058005 51.52000045776367 31.559999465942383 AB 5.37770531318032 1.3065896691266217
61689.2822 lsst_hardware_z 42.193463740324916 48.7599983215332 30.940000534057617 AB 4.952526801659446 1.203773984604281
61692.2581 lsst_hardware_y 20.9099556844373 53.5 29.979999542236328 AB 7.3469372932425765 1.2829156665198544
61692.2769 lsst_hardware_r 139.37416087438663 75.63999938964844 31.6200008392334 AB 6.889657964680963 1.1913639918175625
61694.2637 lsst_hardware_i 33.164282085283794 67.97000122070312 31.290000915527344 AB 8.924315842583342 1.2258815933218112
61694.2812 lsst_hardware_z 61.26207012041903 60.959999084472656 30.969999313354492 AB 8.395966607439169 1.15335812820411
61696.2628 lsst_hardware_r -19.584228087051294 71.52999877929688 31.610000610351562 AB 6.240635719796319 1.2050467235908895
61696.2808 lsst_hardware_z -65.36390501401802 56.31999969482422 30.959999084472656 AB 5.806168219485897 1.1358474533156453
61698.2634 lsst_hardware_r -53.5098254952236 54.66999816894531 31.610000610351562 AB 1.431563822587952 1.1795362449227837
61698.2818 lsst_hardware_i -88.36438699364832 48.29999923706055 31.299999237060547 AB 1.3798559944683764 1.1154858483984138
61700.2447 lsst_hardware_i 6.182675386466015 36.470001220703125 31.239999771118164 AB 2.99000715894175 1.2385255749847666
61700.2625 lsst_hardware_z -76.56367236774469 45.439998626708984 30.940000534057617 AB 3.369417335358167 1.16186804667523
61702.2457 lsst_hardware_r 41.81982101120071 22.5 31.450000762939453 AB 1.8896809941156425 1.2082359297428984
61705.2396 lsst_hardware_g 10.806062295890293 13.119999885559082 31.329999923706055 AB 3.7293859668280867 1.199063087156725
61705.2558 lsst_hardware_r 10.000757558548315 22.229999542236328 31.469999313354492 AB 3.7485580526785522 1.1372764804728142
61706.3425 lsst_hardware_i -52.99968159748791 29.510000228881836 31.25 AB 3.4167360957812694 1.0052180334749248
61706.36 lsst_hardware_y -20.365337045323127 48.689998626708984 30.059999465942383 AB 3.4365201832831156 1.0113361339856137
61707.2485 lsst_hardware_i -15.127913664278449 30.75 31.229999542236328 AB 3.7450332043463637 1.1435215891133212
61707.2664 lsst_hardware_z 48.21378732986798 41.45000076293945 30.940000534057617 AB 2.8946601951238664 1.090130628341818
61709.1794 lsst_hardware_i -12.708868962557037 33.70000076293945 31.170000076293945 AB 5.057278329169717 1.5187022009518671
61709.1976 lsst_hardware_z -32.07145077788406 45.43000030517578 30.90999984741211 AB 4.678493010992495 1.3711878695755113
61720.1932 lsst_hardware_z -6.281338470608161 52.720001220703125 30.950000762939453 AB 0.9066864997437253 1.2235985151737183
61720.2109 lsst_hardware_i 62.78297728502418 50.119998931884766 31.290000915527344 AB 2.6982992598674294 1.1509060609372699
61721.299 lsst_hardware_r 54.96121350912581 60.97999954223633 31.649999618530273 AB 3.7013280094405934 1.0051355792909349
61721.3165 lsst_hardware_g -95.96042680635912 49.59000015258789 31.709999084472656 AB 3.718295334198383 1.009834650002984
61722.1895 lsst_hardware_z 64.22751078484039 62.650001525878906 30.959999084472656 AB 5.089057530725347 1.2154424482267367
61724.2041 lsst_hardware_y -43.31277797632875 78.45999908447266 30.770000457763672 AB 4.29860406434814 1.1366956538599289
61726.2016 lsst_hardware_r -55.06690168180998 66.77999877929688 31.6299991607666 AB 2.6329898983312954 1.1270556745371885
61726.219 lsst_hardware_i 11.366958855905436 56.27000045776367 31.309999465942383 AB 6.013400277245402 1.0791691466182025
61728.2049 lsst_hardware_z -14.108293439685385 46.81999969482422 30.959999084472656 AB 5.890698155414029 1.1011508351891635
61728.2223 lsst_hardware_r 50.01576148300405 43.72999954223633 31.610000610351562 AB 5.640408353452294 1.0601939200123562
61729.2044 lsst_hardware_u -1.7997058828607468 3.490000009536743 28.59000015258789 AB 5.6564506121361875 1.0951501669189134
61729.2229 lsst_hardware_r -51.501153926704255 31.0 31.559999465942383 AB 5.181725886419818 1.053803183354876
61734.2105 lsst_hardware_r -18.924703157614704 21.940000534057617 31.489999771118164 AB 6.525436240998892 1.0515145213711303
61734.2282 lsst_hardware_u -2.278111127511379 2.6500000953674316 28.450000762939453 AB 6.372216893432179 1.0254063552162493
61736.2307 lsst_hardware_r -24.59468277558592 21.809999465942383 31.489999771118164 AB 3.8517282624274913 1.0172713079744835
61736.2498 lsst_hardware_i 26.79066213217041 29.559999465942383 31.25 AB 3.8025517411706007 1.006276648305164
61740.2129 lsst_hardware_r -19.288460928476834 21.829999923706055 31.489999771118164 AB 7.818539135429025 1.0241733213818476
61740.2303 lsst_hardware_g -2.456206045283504 13.140000343322754 31.399999618530273 AB 7.667749540934365 1.0097558765112635
61742.1223 lsst_hardware_z 74.10378166127599 44.47999954223633 30.93000030517578 AB 8.373123986701911 1.2789505564741666
61742.1392 lsst_hardware_r 16.080341684609326 22.8700008392334 31.459999084472656 AB 7.732583050051573 1.1964021391211161
61748.1426 lsst_hardware_y 19.885766247811137 49.540000915527344 30.020000457763672 AB 6.159717585167535 1.1236942995136885
61748.1659 lsst_hardware_r 5.491635616707622 46.16999816894531 31.6200008392334 AB 5.826981431260497 1.0638192757401548
61752.1536 lsst_hardware_r 55.99115310257519 95.63999938964844 31.649999618530273 AB 10.989978967810224 1.0666948219237857
61752.1772 lsst_hardware_z -38.141490282839634 65.55999755859375 30.989999771118164 AB 11.401345698098764 1.0276111489949316
61754.1311 lsst_hardware_z -6.391984958385934 63.869998931884766 30.979999542236328 AB 8.726230414937824 1.109050200802705
61754.1533 lsst_hardware_r -30.86603891657062 86.01000213623047 31.649999618530273 AB 8.312472718749818 1.056323497929165
61756.1566 lsst_hardware_z -4.548077490630427 48.93000030517578 30.969999313354492 AB 9.778626856646031 1.041110125807403
61756.1794 lsst_hardware_i -18.95674629220283 47.709999084472656 31.31999969482422 AB 8.699473482498378 1.0145158580173037
61758.1316 lsst_hardware_r 37.25918065684916 22.280000686645508 31.489999771118164 AB 3.5749709829139755 1.0792365231438417
61758.1533 lsst_hardware_u -5.703164318071267 2.700000047683716 28.479999542236328 AB 3.392316697405697 1.0378024313291954
61760.0326 lsst_hardware_y -61.67382537849833 86.990270194169 29.8799991607666 AB 7.174017100417631 1.594226022315029
61760.0549 lsst_hardware_r 10.981653303081515 23.818551860582748 31.43000030517578 AB 6.183323621485544 1.3959679314023015
61768.0376 lsst_hardware_y 117.69831267208882 72.61582473434898 29.950000762939453 AB 9.752809579615297 1.3636478718701477
61768.0596 lsst_hardware_r 83.47715626311509 24.088316309549295 31.459999084472656 AB 10.156220734285185 1.2357754741479814
61772.0387 lsst_hardware_y 127.84723149639588 72.50812556079646 29.989999771118164 AB 9.07130465025316 1.2884308331818843
61772.0622 lsst_hardware_z 223.54004486690593 45.482891950085225 30.940000534057617 AB 8.408862104555853 1.176174296608894
61774.0503 lsst_hardware_y 370.8897536570917 82.38217248774595 30.760000228881836 AB 2.6721783744367174 1.203006583876969
61775.142 lsst_hardware_i 510.46323498638685 39.57043815859901 31.270000457763672 AB 11.444638974484661 1.0066530894964079
61775.1635 lsst_hardware_z 476.41127842222124 45.667302518316404 30.950000762939453 AB 11.418002369840261 1.007278229442041
61776.0394 lsst_hardware_z 452.2747709364946 65.25872344659736 30.959999084472656 AB 11.569607488443712 1.2278485377575752
61776.0613 lsst_hardware_r 695.5140891238157 45.82635883350284 31.579999923706055 AB 11.19545390048028 1.1394477439761461
61778.0403 lsst_hardware_y 258.6186713079098 67.23006913869548 30.010000228881836 AB 12.118269534800863 1.1989976783220404
61778.0614 lsst_hardware_z 614.9348678495685 56.06529732279763 30.959999084472656 AB 8.888835258694693 1.1214780795728858
61780.0394 lsst_hardware_y 178.40175636317215 74.51118440364894 30.030000686645508 AB 13.654443313691763 1.1799893400857044
61780.0568 lsst_hardware_z 724.3630293650916 65.54425248013614 30.979999542236328 AB 10.110951422341861 1.1188393739450975
61782.0382 lsst_hardware_y 184.46361385995186 73.78125744416165 30.020000457763672 AB 5.972183731478097 1.1634124152230094
61782.0545 lsst_hardware_i 1251.2854191211165 83.42902676301546 31.31999969482422 AB 4.376866474277962 1.109471856597709
61783.0406 lsst_hardware_y 328.91247936640815 66.13192234910325 30.030000686645508 AB 4.244441868958758 1.144877324840521
61783.0594 lsst_hardware_r 1812.3286805104467 83.00554334022176 31.639999389648438 AB 2.229945762059552 1.0888407041306407
61786.0399 lsst_hardware_y 511.11147074040366 63.045508336385936 30.040000915527344 AB 3.181707444385674 1.1204181510293771
61786.0573 lsst_hardware_g 407.9459658600329 25.313327041738667 31.389999389648438 AB 3.585370344472009 1.0742682680065945
61790.0389 lsst_hardware_y 449.61570039965426 61.521382939128515 30.040000915527344 AB 9.780503564267063 1.0923868463440487
61790.056 lsst_hardware_r 1855.7613490332308 47.89776384193308 31.489999771118164 AB 8.68770425892 1.054439679448164
61801.0641 lsst_hardware_u -1.548149684447233 2.6958794681062987 28.440000534057617 AB 9.129425165990655 1.0095571343570338
61801.0817 lsst_hardware_g 165.361111480599 18.389333310233884 31.399999618530273 AB 9.200012310094428 1.0051362733633156
62030.3163 lsst_hardware_i -57.53625989219694 33.45000076293945 31.190000534057617 AB 1.5382038523952812 1.3861855083165644
62030.3332 lsst_hardware_z -43.497156361124524 44.83000183105469 30.920000076293945 AB 1.42567554179343 1.2790151391688656
62031.2981 lsst_hardware_z -46.58009153160889 46.970001220703125 30.899999618530273 AB 2.88216973862909 1.5129499940310185
62031.3147 lsst_hardware_i 13.742136852971116 32.93000030517578 31.200000762939453 AB 2.7424247187593345 1.3781028737484093
62033.3032 lsst_hardware_u 4.455257271484031 2.430000066757202 28.110000610351562 AB 9.330393423752014 1.4230391596980405
62033.3183 lsst_hardware_g 22.545525387887587 13.550000190734863 31.309999465942383 AB 8.780514858536757 1.3182306806258564
62041.2684 lsst_hardware_z 73.21380740644065 49.66999816894531 30.899999618530273 AB 5.303273072527651 1.5356597782469492
62041.2863 lsst_hardware_r -27.871247312430594 27.469999313354492 31.459999084472656 AB 4.664231538742076 1.3859642052525
62044.2591 lsst_hardware_r -30.631962533279292 63.54999923706055 31.510000228881836 AB 7.289584940125244 1.5464786663160832
62044.2783 lsst_hardware_z -107.00323948695033 54.2599983215332 30.93000030517578 AB 6.520286465190638 1.3845945422454626
62048.2691 lsst_hardware_i 102.85411426928512 68.91000366210938 31.260000228881836 AB 9.078359122071557 1.3723898899579074
62048.288 lsst_hardware_z -5.3472873556569 62.02000045776367 30.950000762939453 AB 8.318471980284409 1.2578017661275285
62050.2708 lsst_hardware_r -57.51884155854056 74.55999755859375 31.579999923706055 AB 5.829941897411745 1.3249867948663054
62050.2903 lsst_hardware_z 75.9095813961745 57.33000183105469 30.959999084472656 AB 5.366262022209967 1.2196050050477196
62054.2477 lsst_hardware_i 10.232027998841538 44.0 31.239999771118164 AB 5.072228616755622 1.4089523935432282
62054.2664 lsst_hardware_z -27.898339369779602 49.65999984741211 30.940000534057617 AB 5.451244435823523 1.2861764300014609
62055.2581 lsst_hardware_u 0.14967452360962563 3.859999895095825 28.56999969482422 AB 7.219667613715215 1.3190823758672114
62055.2775 lsst_hardware_g 32.861612295061285 27.450000762939453 31.59000015258789 AB 6.568367129122813 1.2156889004483502
62057.259 lsst_hardware_r 32.23261032677768 22.8799991607666 31.440000534057617 AB 7.363872779332473 1.2817323492158694
62057.2779 lsst_hardware_i -22.378759001875018 31.309999465942383 31.229999542236328 AB 6.845819650415891 1.1900599131535665
62064.2654 lsst_hardware_g -0.3939291491953075 13.239999771118164 31.3700008392334 AB 2.309203343268737 1.1638152087032694
62064.2845 lsst_hardware_r 17.770880473308054 22.100000381469727 31.479999542236328 AB 2.178046029303503 1.1018782610303823
62065.264 lsst_hardware_i 7.645319132565983 30.93000030517578 31.229999542236328 AB 3.243057322225632 1.1588555734237453
62065.2825 lsst_hardware_z 54.17982615421597 41.5 30.940000534057617 AB 3.180849883688765 1.099878936268591
62067.2645 lsst_hardware_i -18.89605131422558 30.530000686645508 31.229999542236328 AB 3.3597692769262335 1.1378762509346017
62067.2822 lsst_hardware_u -5.2578207017152145 2.569999933242798 28.360000610351562 AB 3.2532062893185563 1.0864542878721661
62068.3316 lsst_hardware_z 24.567388042331526 57.130001068115234 31.700000762939453 AB 3.830357165313561 1.0099821134643812
62070.2479 lsst_hardware_z -33.84902752143998 44.38999938964844 30.950000762939453 AB 3.68467415759063 1.1680691575814328
62070.2652 lsst_hardware_g -2.7053534629227873 13.210000038146973 31.389999389648438 AB 3.653147374973039 1.1101260730754505
62075.1923 lsst_hardware_y 17.74685672590415 77.16000366210938 30.68000030517578 AB 6.195885720834437 1.3945275086279874
62077.1588 lsst_hardware_z -0.269973607545244 71.55000305175781 30.90999984741211 AB 6.4760560790490045 1.6562803271225075
62077.1767 lsst_hardware_r 202.7436350750316 95.70999908447266 31.559999465942383 AB 5.5344066971371655 1.4754483330144401
62079.1687 lsst_hardware_i 69.53692586132252 76.80000305175781 31.239999771118164 AB 5.517870552272967 1.497894958201009
62079.1864 lsst_hardware_z -2.1680906771558512 68.0199966430664 30.950000762939453 AB 5.091025897236686 1.3590565662667966
62081.1672 lsst_hardware_r 67.75533317698721 66.94999694824219 31.549999237060547 AB 8.002015463630737 1.4632925781534425
62081.1847 lsst_hardware_z -1.7855687606116755 58.54999923706055 30.940000534057617 AB 7.292412804817491 1.334262703287438
62083.188 lsst_hardware_i -19.724485121123074 39.279998779296875 31.25 AB 7.66496885869783 1.2818209555078772
62083.2061 lsst_hardware_z -16.175040143587335 47.400001525878906 30.940000534057617 AB 7.152289007889805 1.1934903020966676
62086.1927 lsst_hardware_r 40.910121682485794 22.399999618530273 31.450000762939453 AB 4.125471138338267 1.2164447910180287
62086.2116 lsst_hardware_u 0.7001746599869827 2.569999933242798 28.34000015258789 AB 7.805869460870197 1.1413480386309536
62088.1931 lsst_hardware_g -13.59205542328741 12.9399995803833 31.31999969482422 AB 4.818764044340496 1.1907493211170452
