data/validation/pwv_sim_epoch_fit_epoch/46531705.ecsv
# %ECSV 0.9
# ---
# datatype:
# - {name: time, datatype: float64}
# - {name: band, datatype: string}
# - {name: flux, datatype: float64}
# - {name: fluxerr, datatype: float64}
# - {name: zp, datatype: float64}
# - {name: zpsys, datatype: string}
# - {name: pwv, datatype: float64}
# - {name: airmass, datatype: float64}
# meta: {SNID: '46531705', alt: 1024.0, c: -0.032316628843545914, dec: -35.869247, lat: -30.244573, lon: -70.7499537, ra: 45.0, t0: 60910.23046875,
#   x0: 2.1859077457852857e-06, x1: -0.9037196636199951, z: 0.8595201969146729}
# schema: astropy-2.0
time band flux fluxerr zp zpsys pwv airmass
[from data line 132]
61319.2347 lsst_hardware_u 1.5703729973271414 2.609999895095825 28.40999984741211 AB 4.896904874905329 1.0351405457101575
61321.2085 lsst_hardware_g -3.4098937494309745 13.270000457763672 31.399999618530273 AB 3.441499984527575 1.0704510060738959
61321.2291 lsst_hardware_r 14.847251998377303 21.850000381469727 31.479999542236328 AB 3.2940755590303348 1.035330191418649
61321.3402 lsst_hardware_g 7.301110898213125 13.239999771118164 31.399999618530273 AB 4.720604942690712 1.0665623458404494
61321.3524 lsst_hardware_r -10.17305018002586 22.190000534057617 31.479999542236328 AB 4.827782915461155 1.0937432975670944
61326.1863 lsst_hardware_u -3.662766489452409 2.640000104904175 28.40999984741211 AB 7.177744124286662 1.0895179302195905
61326.2067 lsst_hardware_g -6.38372522380885 13.329999923706055 31.40999984741211 AB 6.703926323040367 1.0484714299408302
61334.1148 lsst_hardware_r 2.3795433886851027 48.310001373291016 31.56999969482422 AB 3.4254972567927653 1.2675290496922926
61334.1347 lsst_hardware_z 30.1685335225076 48.900001525878906 30.950000762939453 AB 3.0871064178777825 1.180387363450779
61337.1158 lsst_hardware_r 44.27795759756142 82.16000366210938 31.600000381469727 AB 3.7950236710553513 1.2242011842114036
61337.1351 lsst_hardware_i 63.78803901404085 65.41000366210938 31.309999465942383 AB 3.2701326730212825 1.1498356796839952
61340.1153 lsst_hardware_z 1.1917809584277865 66.52999877929688 30.969999313354492 AB 5.067653405722543 1.1920618039885809
61340.1354 lsst_hardware_i -3.630863863124768 72.44999694824219 31.31999969482422 AB 4.075487039301412 1.123239422866719
61342.12 lsst_hardware_u 10.027523365738206 6.650000095367432 29.030000686645508 AB 3.4580029621099975 1.154720490463998
61342.1397 lsst_hardware_g 95.96257006129771 45.279998779296875 31.690000534057617 AB 3.17488389036926 1.0966783731845458
61343.1157 lsst_hardware_r 15.668399312154943 22.709999084472656 31.489999771118164 AB 6.960800118637309 1.1601333531062181
61345.1571 lsst_hardware_u 0.5321598949459161 3.940000057220459 29.299999237060547 AB 4.819280876413603 1.0448116658590547
61345.1661 lsst_hardware_g 19.93394229107529 13.359999656677246 31.43000030517578 AB 4.748670031878945 1.032001745523093
61355.1413 lsst_hardware_z -14.713598061124618 40.54999923706055 30.940000534057617 AB 2.927568350844515 1.0289017165573506
61355.1586 lsst_hardware_r -16.968526337892513 21.690000534057617 31.489999771118164 AB 3.0097678983409817 1.0127079065744633
61358.1202 lsst_hardware_i 13.486821232825509 30.0 31.25 AB 3.006353628132225 1.0470539410125295
61358.1386 lsst_hardware_u -2.7514142893181384 2.640000104904175 28.440000534057617 AB 5.111783176852852 1.0227827948684323
61360.1258 lsst_hardware_g 9.772267718121654 18.559999465942383 31.520000457763672 AB 5.999274761712293 1.0311723432005662
61360.1452 lsst_hardware_r -36.66296307495016 24.309999465942383 31.510000228881836 AB 5.912801786396786 1.012538300917038
61363.1036 lsst_hardware_z -113.06159592277768 45.790000915527344 30.950000762939453 AB 4.729405968039555 1.0519726337183404
61363.1217 lsst_hardware_r 89.08451195013943 42.2599983215332 31.610000610351562 AB 4.541847902054816 1.0262903405389527
61365.0306 lsst_hardware_y 92.95774748183612 53.95000076293945 29.979999542236328 AB 5.731570511586236 1.2653171834175934
61365.0487 lsst_hardware_z 27.429930358241428 54.27000045776367 30.959999084472656 AB 4.5785186127468025 1.185581618250498
61369.0321 lsst_hardware_y 8.476581509439509 55.029998779296875 29.989999771118164 AB 7.582598191549329 1.2084142779169293
61369.0497 lsst_hardware_i -22.99649495045822 63.540000915527344 31.299999237060547 AB 5.9381970342944195 1.1433535140802238
61371.0313 lsst_hardware_y -9.395706915635772 52.7400016784668 30.010000228881836 AB 5.796607198478489 1.1895356450808243
61371.0475 lsst_hardware_g -4.96543378321265 13.229999542236328 31.3799991607666 AB 4.1892416847521465 1.1330440907192432
61373.032 lsst_hardware_y -63.25317954312649 52.83000183105469 30.0 AB 7.1799115270357206 1.1664537301585163
61373.0476 lsst_hardware_i -11.421823640398737 30.56999969482422 31.229999542236328 AB 6.016249622518995 1.116601637438695
61378.0373 lsst_hardware_y -29.88639779075879 50.939998626708984 30.030000686645508 AB 4.842459135237267 1.107354021321122
61378.059 lsst_hardware_r -21.571786367786682 21.770000457763672 31.479999542236328 AB 3.665996447656387 1.0584658431230276
61380.0375 lsst_hardware_y -41.854430681295966 51.45000076293945 30.030000686645508 AB 3.4970183321404513 1.092818228793891
61380.059 lsst_hardware_z 65.28638358980672 40.79999923706055 30.950000762939453 AB 3.5004620771490713 1.0489061584081685
61382.0381 lsst_hardware_y 26.341537629984494 49.95000076293945 30.030000686645508 AB 3.885442199545835 1.078690227525218
61382.0593 lsst_hardware_u -1.9882163004721523 2.5799999237060547 28.399999618530273 AB 3.1098820384846912 1.0399204275151466
61384.0374 lsst_hardware_y 16.035341366139978 52.54999923706055 30.049999237060547 AB 7.690861149048217 1.0685832990446646
61384.058 lsst_hardware_r -2.0122590579481376 21.780000686645508 31.5 AB 7.558389888718863 1.0341091411899161
61386.0388 lsst_hardware_y -29.831961439085298 52.9900016784668 30.059999465942383 AB 14.048776438179425 1.0554789340246493
61386.0593 lsst_hardware_r 13.859673251626782 21.75 31.5 AB 13.935976577368507 1.0258418891566219
61388.0404 lsst_hardware_z -20.69794022219039 45.09000015258789 30.959999084472656 AB 8.701064320644395 1.0437102343835738
61388.0621 lsst_hardware_g -11.705131817024878 14.319999694824219 31.440000534057617 AB 8.039449863450859 1.0176518814494757
61408.08 lsst_hardware_r 16.815149439787046 21.75 31.489999771118164 AB 7.101853656936388 1.0301997471500006
61408.0932 lsst_hardware_i 6.731598450482561 29.959999084472656 31.25 AB 4.468887730238913 1.0492809885510481
