data/validation/pwv_sim_epoch_fit_epoch/46719564.ecsv
# %ECSV 0.9
# ---
# datatype:
# - {name: time, datatype: float64}
# - {name: band, datatype: string}
# - {name: flux, datatype: float64}
# - {name: fluxerr, datatype: float64}
# - {name: zp, datatype: float64}
# - {name: zpsys, datatype: string}
# - {name: pwv, datatype: float64}
# - {name: airmass, datatype: float64}
# meta: {SNID: '46719564', alt: 1024.0, c: -0.08570708334445953, dec: -23.806295, lat: -30.244573, lon: -70.7499537, ra: 45.351562, t0: 61266.5390625,
#   x0: 1.3087781676388258e-05, x1: -1.4086623191833496, z: 0.41079244017601013}
# schema: astropy-2.0
time band flux fluxerr zp zpsys pwv airmass
[from data line 133]
61672.2466 lsst_hardware_r 20.477083087766324 22.329999923706055 31.479999542236328 AB 4.206802455014964 1.0862805444175885
61672.2625 lsst_hardware_u 1.2141212375279837 2.6600000858306885 28.43000030517578 AB 4.104641773336215 1.0524722495733885
61677.3075 lsst_hardware_z -3.546522690262958 40.439998626708984 30.950000762939453 AB 5.951432642372883 1.0071242061777217
61677.3272 lsst_hardware_r -20.32274416743762 22.18000030517578 31.5 AB 6.018497242218356 1.0170675525506303
61678.1687 lsst_hardware_r -0.6329992113276754 23.469999313354492 31.440000534057617 AB 5.688405306476186 1.3478302631595267
61678.1984 lsst_hardware_u 3.8579815283340713 2.630000114440918 28.350000381469727 AB 5.025654586708465 1.1902787818599898
61680.206 lsst_hardware_i 49.9245856289678 30.93000030517578 31.239999771118164 AB 5.19290298712675 1.1409630116727882
61680.2268 lsst_hardware_r 23.164394306606606 22.299999237060547 31.479999542236328 AB 3.6265416305203106 1.0813392860291646
61681.2843 lsst_hardware_r 17.44794599082285 22.049999237060547 31.489999771118164 AB 2.679557418360155 1.007226194096036
61681.3042 lsst_hardware_z -11.91602132318344 40.38999938964844 30.950000762939453 AB 3.232352533777837 1.0094792422792802
61682.2073 lsst_hardware_u -2.294802785385599 2.5899999141693115 28.34000015258789 AB 2.5089386549831043 1.1192291397694145
61682.2278 lsst_hardware_g 6.293075121706312 13.479999542236328 31.399999618530273 AB 2.8012166791140896 1.0668930761218267
61684.2084 lsst_hardware_r -74.069699711195 22.469999313354492 31.469999313354492 AB 5.358774533186966 1.1003643805313916
61684.2286 lsst_hardware_i 7.786892719048716 30.209999084472656 31.239999771118164 AB 4.968324557093841 1.054547450918646
61685.2815 lsst_hardware_g -42.8560225753368 13.619999885559082 31.43000030517578 AB 4.429131457838419 1.0066207858723677
61685.299 lsst_hardware_r 8.614076500842984 22.149999618530273 31.489999771118164 AB 4.717468456857073 1.0124771333932765
61686.2068 lsst_hardware_z -28.163268099965723 43.540000915527344 30.950000762939453 AB 4.407237963558321 1.090225841325776
61686.2255 lsst_hardware_r -39.47886519614233 29.260000228881836 31.549999237060547 AB 3.3268179358391197 1.0502976908726502
61687.2817 lsst_hardware_i -17.385085671264427 33.29999923706055 31.280000686645508 AB 2.593655830306852 1.0074406021778413
61687.2993 lsst_hardware_z 13.170989825672216 40.66999816894531 30.950000762939453 AB 2.761110462674043 1.0165779631235925
61689.2008 lsst_hardware_r 27.909794490425202 52.54999923706055 31.6200008392334 AB 4.2228524868129 1.0847760808698634
61689.2201 lsst_hardware_z -14.056298902616563 48.369998931884766 30.959999084472656 AB 3.763984067356384 1.0455511298212177
61694.2046 lsst_hardware_z -30.975443917016946 71.8499984741211 30.989999771118164 AB 7.955935559902574 1.048661885511263
61694.2241 lsst_hardware_r 107.30202634187643 105.2300033569336 31.670000076293945 AB 7.2813292901673075 1.022156143773048
61695.2644 lsst_hardware_r -30.356234279025255 91.66999816894531 31.670000076293945 AB 6.214776855695892 1.0088377559162207
61695.2826 lsst_hardware_y 63.91301526762495 54.95000076293945 30.06999969482422 AB 6.193064739602816 1.0211714971315085
61696.2038 lsst_hardware_i -197.37538780644417 62.56999969482422 31.329999923706055 AB 6.0583150384479545 1.0410668527519684
61696.2233 lsst_hardware_z 62.60285383257264 57.619998931884766 30.979999542236328 AB 5.169144083068426 1.0177984903899384
61698.0947 lsst_hardware_u -1.3702549595322306 2.4200000762939453 28.079999923706055 AB 4.807517835478142 1.498369280186569
61698.1145 lsst_hardware_r 5.888315619445742 23.510000228881836 31.440000534057617 AB 4.400008472276404 1.3451569771558611
61705.0992 lsst_hardware_g -9.793657087496841 13.869999885559082 31.329999923706055 AB 5.615636599001076 1.3208082945514092
61705.1168 lsst_hardware_r 17.842556360533504 23.31999969482422 31.469999313354492 AB 5.182472329183673 1.2253155997597052
61706.1803 lsst_hardware_u -2.0517706577845227 2.680000066757202 28.450000762939453 AB 2.1810422558699614 1.0354687082779868
61706.1973 lsst_hardware_g -12.594665073013225 13.770000457763672 31.43000030517578 AB 2.115435471056487 1.0167104154388755
61707.105 lsst_hardware_i 24.910170416344204 31.989999771118164 31.229999542236328 AB 3.7686064480138257 1.2567607096533433
61707.123 lsst_hardware_z -29.905624266768175 42.650001525878906 30.940000534057617 AB 3.4978332248148045 1.1749523764913687
61711.1095 lsst_hardware_r -40.53923763582017 23.15999984741211 31.459999084472656 AB 6.479719292904259 1.1853145047993352
61711.1278 lsst_hardware_i 12.636099238400014 31.06999969482422 31.229999542236328 AB 4.368812964587841 1.1202084524584208
61720.1342 lsst_hardware_i 57.510351730286715 60.06999969482422 31.31999969482422 AB 2.7266979953116666 1.047655479756686
61720.1533 lsst_hardware_z 49.502818730641785 56.34000015258789 30.979999542236328 AB 2.9909464891845734 1.0219634928870893
61722.112 lsst_hardware_r 65.098090170514 101.2699966430664 31.649999618530273 AB 3.8390999780623076 1.081639738372869
61722.1232 lsst_hardware_z 46.1358047100992 69.33999633789062 30.989999771118164 AB 3.6530971521047824 1.057642487581351
61725.2038 lsst_hardware_z 86.7532532665259 80.8499984741211 31.739999771118164 AB 5.653903673650927 1.0243816294813854
61726.1227 lsst_hardware_z -7.001899542847168 47.04999923706055 30.959999084472656 AB 3.2234633719327146 1.0398268941718434
61726.1409 lsst_hardware_u 10.66539182862 9.619999885559082 29.260000228881836 AB 2.818175938871143 1.0182191089771329
61728.1042 lsst_hardware_r 16.605709649831873 22.389999389648438 31.489999771118164 AB 4.7044138985348765 1.062784118046962
61728.1218 lsst_hardware_i -13.606668220317667 30.1299991607666 31.25 AB 4.6031458260725415 1.0333118190858166
61729.1057 lsst_hardware_z 44.87971018002815 41.15999984741211 30.950000762939453 AB 6.087909985083317 1.0546096521104802
61729.1227 lsst_hardware_r 19.183415582001455 22.260000228881836 31.5 AB 5.947891827468829 1.0286614292454666
61734.0189 lsst_hardware_y 22.304706082539383 80.69999694824219 29.979999542236328 AB 8.293429263864267 1.3277984732411572
61734.0363 lsst_hardware_u 3.928955324578273 3.049999952316284 28.40999984741211 AB 7.736100851488717 1.2316017063503177
61736.0207 lsst_hardware_y 6.360958402312696 73.0199966430664 29.979999542236328 AB 6.237474619479954 1.2844881835831043
61736.0387 lsst_hardware_r -2.681560991966216 23.270000457763672 31.459999084472656 AB 5.788025024329697 1.1959347123983048
61737.116 lsst_hardware_i -43.142608757431894 29.799999237060547 31.239999771118164 AB 3.8991689047015847 1.0141760633002215
61737.1366 lsst_hardware_z 24.38624969717041 40.33000183105469 30.950000762939453 AB 4.288917478149587 1.0065912328925297
61738.0305 lsst_hardware_z 81.91159762943623 77.63999938964844 31.700000762939453 AB 7.471693553415598 1.2078717855447552
61743.1416 lsst_hardware_i 16.5803764930421 30.3799991607666 31.260000228881836 AB 3.250122090636382 1.013077694624015
61743.1608 lsst_hardware_r 36.06912944838408 22.219999313354492 31.489999771118164 AB 3.3058935613863185 1.0317214828388626
61748.0349 lsst_hardware_y -123.0278016142391 56.11000061035156 30.040000915527344 AB 5.421092029594611 1.097016936848825
61748.0546 lsst_hardware_i -30.904005728251935 51.119998931884766 31.31999969482422 AB 5.659261751029884 1.0531798178151828
61765.0579 lsst_hardware_y -11.3445254834378 46.81999969482422 30.059999465942383 AB 9.61903531065951 1.006754441431833
61765.0837 lsst_hardware_r -2.1494549302598167 21.93000030517578 31.489999771118164 AB 7.610475517102552 1.0145609754510285
