data/validation/pwv_sim_epoch_fit_epoch/46742645.ecsv
# %ECSV 0.9
# ---
# datatype:
# - {name: time, datatype: float64}
# - {name: band, datatype: string}
# - {name: flux, datatype: float64}
# - {name: fluxerr, datatype: float64}
# - {name: zp, datatype: float64}
# - {name: zpsys, datatype: string}
# - {name: pwv, datatype: float64}
# - {name: airmass, datatype: float64}
# meta: {SNID: '46742645', alt: 1024.0, c: -0.02862175740301609, dec: -44.993881, lat: -30.244573, lon: -70.7499537, ra: 302.0625, t0: 60559.16796875,
#   x0: 2.024092270747972e-05, x1: -1.3262219429016113, z: 0.3414459824562073}
# schema: astropy-2.0
time band flux fluxerr zp zpsys pwv airmass
60431.4199 lsst_hardware_g 68.44636657334925 43.25 31.709999084472656 AB 11.52610540648756 1.0342338570893985
60434.4199 lsst_hardware_i 19.56106811952874 32.709999084472656 31.270000457763672 AB 5.686051739601063 1.0337805989911484
60442.3695 lsst_hardware_r -65.35454378006581 32.220001220703125 32.2400016784668 AB 6.396519043930432 1.0429673966949995
60442.3851 lsst_hardware_y -25.408064586744622 46.790000915527344 30.040000915527344 AB 6.8067543148987175 1.0353002912540819
60444.3998 lsst_hardware_i 19.549272972583225 30.450000762939453 31.25 AB 7.886532537808438 1.0348195863898928
60444.4132 lsst_hardware_z 156.97458354158366 41.060001373291016 30.950000762939453 AB 7.920647644291862 1.0403652772712604
60446.3958 lsst_hardware_r 5.337879920111094 22.719999313354492 31.489999771118164 AB 7.551833857666696 1.0351950091043094
60446.4061 lsst_hardware_u -1.6153146615224825 2.609999895095825 28.3700008392334 AB 7.585340653156695 1.0394318648625727
60456.3278 lsst_hardware_r -11.893984488477107 99.73999786376953 31.65999984741211 AB 4.2357545827761784 1.045564137765159
60461.3314 lsst_hardware_y -24.53362846600995 47.5099983215332 30.049999237060547 AB 7.0356085502469945 1.0358669832519132
60461.3462 lsst_hardware_g -43.241818658753296 24.829999923706055 31.6200008392334 AB 6.905905953840909 1.0337795672079502
60463.3203 lsst_hardware_r -29.9118797086786 23.010000228881836 31.489999771118164 AB 9.897110882384752 1.0381675590575845
60463.3329 lsst_hardware_i -61.10118565871686 30.549999237060547 31.239999771118164 AB 9.768308205679286 1.0341758727097312
60465.3253 lsst_hardware_z 13.305177766196667 41.13999938964844 30.950000762939453 AB 6.539720735621206 1.0345613186665683
60465.3387 lsst_hardware_r -6.354124863720446 22.690000534057617 31.5 AB 5.376922718144371 1.03410646073781
60467.329 lsst_hardware_u -2.085578120119154 2.569999933242798 28.34000015258789 AB 3.4036092412293883 1.0337461628638993
60467.3411 lsst_hardware_r -14.95249837404926 22.540000915527344 31.479999542236328 AB 2.579754454654032 1.036011293325136
60484.2895 lsst_hardware_r 169.3537330045213 141.80999755859375 31.670000076293945 AB 3.8824106572168655 1.0345738116584293
60484.3025 lsst_hardware_z 23.23842017731105 94.83000183105469 31.0 AB 3.536411832862455 1.0395096510471649
60491.1042 lsst_hardware_g 1.839448465811606 20.239999771118164 32.04999923706055 AB 12.355686953671478 1.4532682843650646
60491.1126 lsst_hardware_r 73.06374706432449 34.540000915527344 32.189998626708984 AB 11.93059146253299 1.3989905561131557
60492.2357 lsst_hardware_z 25.4107586594705 41.279998779296875 30.950000762939453 AB 8.61053430632908 1.041177062433988
60492.2477 lsst_hardware_r 8.047432206655667 23.219999313354492 31.510000228881836 AB 8.537830527601585 1.0355684674909367
60494.2317 lsst_hardware_u 2.2143427224846555 2.7899999618530273 28.5 AB 7.541066681518069 1.04029061684621
60494.2437 lsst_hardware_g -20.521986754860826 14.5 31.450000762939453 AB 7.514286545519809 1.0351445132159076
60498.3145 lsst_hardware_u 0.04103596756074943 2.6700000762939453 28.3799991607666 AB 1.4598653913671613 1.1028950325110762
60498.3257 lsst_hardware_g -19.235345152369298 14.550000190734863 31.40999984741211 AB 1.4813013192537632 1.1278944055231699
60500.2195 lsst_hardware_u 3.105552038376199 2.799999952316284 28.510000228881836 AB 10.05817929003945 1.038067217218878
60500.231 lsst_hardware_g -25.911231458979916 14.550000190734863 31.450000762939453 AB 9.979840418309069 1.034323265906419
60502.2154 lsst_hardware_r -13.615732049282274 23.260000228881836 31.510000228881836 AB 7.377089381543824 1.0374437194248902
60502.2276 lsst_hardware_i -3.164932394433597 30.75 31.25 AB 7.375646722294202 1.0340174852508344
60505.2078 lsst_hardware_z -33.854718797023054 42.220001220703125 30.950000762939453 AB 6.638006168025807 1.0371884637540323
60505.2193 lsst_hardware_r 28.845164425494556 23.239999771118164 31.5 AB 5.915952213952269 1.0340314116586882
60507.2141 lsst_hardware_z 10.982514557810628 65.79000091552734 31.709999084472656 AB 1.7726207082652308 1.034000024265155
60510.1217 lsst_hardware_i -7.254681500777604 71.69000244140625 31.309999465942383 AB 3.6888681571328594 1.1438942034625643
60510.1254 lsst_hardware_r -8.363429233586197 89.87999725341797 31.639999389648438 AB 3.629642836804237 1.134263386501324
60515.1933 lsst_hardware_r 50.44040383049585 72.66999816894531 31.649999618530273 AB 6.087817485658111 1.0338924953353053
60515.2065 lsst_hardware_i 2.499482744666686 59.97999954223633 31.31999969482422 AB 6.052678034719489 1.0349554199494702
60517.1891 lsst_hardware_z 72.85814748408139 45.689998626708984 30.959999084472656 AB 3.3374479403417054 1.0337990522483342
60517.2006 lsst_hardware_r 73.24490936226535 42.310001373291016 31.610000610351562 AB 3.158872252446085 1.0348475847489222
60518.1916 lsst_hardware_u -1.4265707861732804 3.9100000858306885 28.690000534057617 AB 3.369490369083248 1.0338502794425717
60518.2035 lsst_hardware_g -45.04468215187346 25.239999771118164 31.610000610351562 AB 3.3629582345400446 1.0366169744279614
60524.1377 lsst_hardware_i -5.516192703243813 30.729999542236328 31.25 AB 1.932156902199925 1.0493723840868567
60524.1426 lsst_hardware_r 3.1045479034544647 23.1299991607666 31.5 AB 1.9771986425783021 1.0452151414510849
60526.1854 lsst_hardware_g -2.921485084366763 14.329999923706055 31.440000534057617 AB 1.6937391930129941 1.0382545114505481
60526.1978 lsst_hardware_r -1.0197530316093193 23.149999618530273 31.5 AB 1.6661255875150578 1.0463422153116755
60530.0373 lsst_hardware_r 39.480081345977965 24.020000457763672 31.469999313354492 AB 6.907848294496854 1.2429403756666806
60530.043 lsst_hardware_i -17.769837854492597 32.29999923706055 31.229999542236328 AB 4.725286098001154 1.2207412955011627
60532.1357 lsst_hardware_i 9.276532254779697 30.670000076293945 31.260000228881836 AB 8.514134787485514 1.036539418978027
60532.1468 lsst_hardware_u 2.021082489197101 2.759999990463257 28.489999771118164 AB 8.493601929170929 1.0339033196057166
60536.1314 lsst_hardware_i -44.92328520608757 43.85926680495182 31.299999237060547 AB 3.433774200338961 1.034580958222043
60536.1429 lsst_hardware_r 32.96176828487766 47.589492747199166 31.6299991607666 AB 3.463016736093331 1.0338906511698256
60540.1265 lsst_hardware_r 221.933896383668 117.23360152999605 31.670000076293945 AB 1.9132904622699534 1.0337919558394992
60540.1375 lsst_hardware_i 371.5251358293738 93.01578180013281 31.34000015258789 AB 1.8626043489501085 1.0347801938611714
60544.1143 lsst_hardware_i 1059.011562632342 61.730759565523975 31.31999969482422 AB 2.425745265356747 1.0338818392570046
60544.1254 lsst_hardware_z 869.8507384657992 60.407306226482554 30.979999542236328 AB 2.258885300434514 1.0345249830247374
60548.1055 lsst_hardware_u 37.96186918827209 6.923606863483007 28.559999465942383 AB 1.4692287537391786 1.0337581380750598
60548.117 lsst_hardware_g 2041.0043438217385 47.6263577860358 31.450000762939453 AB 1.5205886822004404 1.0351182315861942
60550.1111 lsst_hardware_r 4013.170970443032 67.57982625119864 31.5 AB 5.1721707258050404 1.0350033970293742
60550.121 lsst_hardware_i 2931.1077762362743 61.886326981742826 31.25 AB 5.182183759512693 1.0388260518217285
60554.1084 lsst_hardware_z 2958.4417139686943 68.27688391104607 30.950000762939453 AB 3.0322497865157243 1.037997359526099
60554.1188 lsst_hardware_r 5544.125187234841 78.42643928066181 31.5 AB 3.0380075064431975 1.0443477162059807
60556.059 lsst_hardware_z 3144.7966000201377 69.48270289018693 30.950000762939453 AB 1.5918448685449813 1.0424655327733996
60556.072 lsst_hardware_i 4376.927767015548 73.43757392454386 31.260000228881836 AB 1.560736936400336 1.0358873471683645
60560.0555 lsst_hardware_r 6327.614195649236 82.89310719024093 31.5 AB 2.3730661138365474 1.038162353847466
60560.0675 lsst_hardware_i 4983.75908825763 76.1490043595591 31.260000228881836 AB 2.378151095819893 1.0342785281907334
60567.0432 lsst_hardware_i 4734.93728705361 92.56250458000763 31.329999923706055 AB 1.228442897990996 1.03549555885726
60567.054 lsst_hardware_z 3005.6712844892536 80.15599224239982 30.989999771118164 AB 1.2219804540927046 1.0337515297225053
60572.0402 lsst_hardware_z 2186.7903810959006 72.69939497636408 30.979999542236328 AB 6.474413800521433 1.0337559956125553
60572.0517 lsst_hardware_i 3808.589050159673 86.03525450426905 31.329999923706055 AB 5.744936301551046 1.0351858312603244
60579.0221 lsst_hardware_g 670.8974331388772 29.10825391489081 31.40999984741211 AB 3.2186501875105327 1.033744673878607
60579.0336 lsst_hardware_r 2237.2762534566564 51.650892837163916 31.489999771118164 AB 3.2117933954905644 1.0354778416992574
60581.0316 lsst_hardware_i 2590.3462811023683 58.35294819473198 31.25 AB 3.532469867002829 1.0366749426273894
60581.0436 lsst_hardware_z 1786.9048540853557 58.493392666411175 30.940000534057617 AB 3.5446153032078755 1.0432754565376003
60583.0321 lsst_hardware_r 1550.0454178120071 45.719861778174035 31.5 AB 6.327720952852945 1.0394755771363613
60583.0434 lsst_hardware_g 521.3318222510568 25.873931144937014 31.43000030517578 AB 6.016030472309418 1.047389456340284
60587.0276 lsst_hardware_z 1672.162030201677 57.656550695087596 30.950000762939453 AB 2.877070737843735 1.0435512288152828
60587.0406 lsst_hardware_i 2042.4393464104407 54.8259486533054 31.260000228881836 AB 2.9253901995822176 1.055240400246088
60589.0256 lsst_hardware_u 2.5290618655633037 3.3806791560008005 28.440000534057617 AB 4.028427440088221 1.0462089183452075
60589.0371 lsst_hardware_g 274.5309074652026 22.383016601340344 31.440000534057617 AB 4.096599718331335 1.0574144250371267
60794.3635 lsst_hardware_i -46.43419620578779 31.139999389648438 31.239999771118164 AB 12.510441528970016 1.0979207988213797
60794.3856 lsst_hardware_y 145.82777191079373 47.15999984741211 30.040000915527344 AB 13.237188447679744 1.0625878745879787
60795.4146 lsst_hardware_i -2.794888317416193 31.5 31.260000228881836 AB 11.842955312704493 1.036627888546938
60795.427 lsst_hardware_y 115.02812385223591 69.1500015258789 30.06999969482422 AB 12.411124533807614 1.0338009107458586
60800.4062 lsst_hardware_i -14.595939006746281 30.719999313354492 31.260000228881836 AB 6.96989772683806 1.0349411955955792
60800.4191 lsst_hardware_y 59.4723824984759 48.88999938964844 30.059999465942383 AB 5.719754493331948 1.0338462708236689
60802.3958 lsst_hardware_u -1.7678688147867654 2.7899999618530273 28.520000457763672 AB 7.1620968122535205 1.0365078963197647
60802.4094 lsst_hardware_z -7.073463221009242 41.34000015258789 30.950000762939453 AB 7.143758959242242 1.0337293496877642
60804.4151 lsst_hardware_r 15.991389272252441 23.219999313354492 31.510000228881836 AB 7.9646321529302835 1.0350399159103683
60804.4268 lsst_hardware_y 28.728992915583486 58.779998779296875 30.059999465942383 AB 7.73518723593094 1.0399086582026518
60806.4016 lsst_hardware_z 42.17491084111422 52.75 30.979999542236328 AB 7.8566494699174525 1.0337696670944017
60806.4163 lsst_hardware_y 14.343635229875929 50.880001068115234 30.059999465942383 AB 7.884005423252152 1.037369134638441
60810.3908 lsst_hardware_z -67.55008433116978 95.76000213623047 31.739999771118164 AB 7.861434047072946 1.0337757773806953
60810.4042 lsst_hardware_r -195.2093876786768 132.13999938964844 32.40999984741211 AB 7.905623264785335 1.0368710426631695
60812.3994 lsst_hardware_i -53.20493501186201 73.83000183105469 31.34000015258789 AB 7.566315692151353 1.037144616487887
60812.4122 lsst_hardware_r 30.565389322722087 87.04000091552734 31.65999984741211 AB 7.623309302510999 1.0447421441964704
60824.3376 lsst_hardware_u -1.455495548163467 2.740000009536743 28.489999771118164 AB 8.823299055610548 1.0358416360190827
60824.3492 lsst_hardware_g -24.77144093370678 14.050000190734863 31.440000534057617 AB 8.813426216625906 1.0337319382221766
60830.3397 lsst_hardware_g -0.7044801767465347 13.90999984741211 31.420000076293945 AB 12.497490799511478 1.0341324616889929
60830.3526 lsst_hardware_r 50.077077744425836 22.670000076293945 31.5 AB 12.443954110060627 1.0382074178258491
60833.3139 lsst_hardware_i -41.95657358979608 41.779998779296875 31.299999237060547 AB 3.3552206594697846 1.0355619319351188
60833.3254 lsst_hardware_z 49.195828071631105 45.84000015258789 30.959999084472656 AB 3.412296346952927 1.0337159487890355
60842.1275 lsst_hardware_z 88.03727097049325 63.619998931884766 30.90999984741211 AB 12.265803186058317 1.5723372883038478
60842.1376 lsst_hardware_i 63.04538679708265 63.97999954223633 31.239999771118164 AB 11.668591202774662 1.4925289335859124
60844.3218 lsst_hardware_z -27.424505037692782 44.380001068115234 30.959999084472656 AB 4.852767956113441 1.0425410507789765
60844.3339 lsst_hardware_g -7.433124416021729 34.0 31.670000076293945 AB 4.661821503546115 1.0528052176029945
60847.3221 lsst_hardware_r -2.7993865451255266 23.469999313354492 31.510000228881836 AB 3.119457316465461 1.049321292750581
60847.3334 lsst_hardware_i -9.084617035859011 31.1299991607666 31.25 AB 3.5412856636347296 1.0614569242817218
60860.0415 lsst_hardware_r -9.82258132703869 42.869998931884766 31.399999618530273 AB 15.695034427610588 1.9867132186848846
60860.0548 lsst_hardware_z 0.5737262663204229 53.63999938964844 30.8799991607666 AB 15.436792640758608 1.8099182366934703
60861.2292 lsst_hardware_y -0.7308711570425734 48.459999084472656 30.049999237060547 AB 3.7659327294119382 1.0390213076043273
60861.2416 lsst_hardware_r 31.527262741918292 41.52000045776367 31.6200008392334 AB 3.7326558591380095 1.0345020626739219
60863.2182 lsst_hardware_i 16.433912297971865 56.5 31.31999969482422 AB 1.8762368023642888 1.0423537790912716
60863.2309 lsst_hardware_z 99.44659905613443 54.630001068115234 30.979999542236328 AB 1.8646556377561918 1.0359197987534399
60867.2102 lsst_hardware_z -5.16125784559127 85.62000274658203 31.0 AB 8.636108692488182 1.0404950231913472
60867.2229 lsst_hardware_r 48.02725103652861 129.8699951171875 31.65999984741211 AB 8.590844959141709 1.0350415613423745
60870.2089 lsst_hardware_i 9.752117309478486 61.720001220703125 31.329999923706055 AB 6.6990812892943845 1.0370094875069538
60870.221 lsst_hardware_z 112.62185742043455 57.900001525878906 30.989999771118164 AB 6.764323803361851 1.0339050520996333
60875.2107 lsst_hardware_i 11.43846259327063 30.760000228881836 31.25 AB 2.5987717826954753 1.0337198817404436
60875.2236 lsst_hardware_z -17.93656015833811 41.20000076293945 30.950000762939453 AB 2.5921659198910567 1.0357270681814232
60877.2064 lsst_hardware_r 11.225656715160625 23.190000534057617 31.5 AB 6.372905889044586 1.033723582975602
60877.2197 lsst_hardware_g -24.833260601399328 14.5 31.440000534057617 AB 5.886153263590825 1.036264181847509
60879.1933 lsst_hardware_u 6.085712604270814 2.799999952316284 28.510000228881836 AB 5.565195126626233 1.0343427788974644
60879.2052 lsst_hardware_r -30.743736626767237 23.270000457763672 31.510000228881836 AB 5.539420157935771 1.0340365854434044
60881.1975 lsst_hardware_i -5.514133522594879 30.65999984741211 31.25 AB 6.097433699113599 1.0338137841833839
60881.2104 lsst_hardware_z -65.71430401241474 41.18000030517578 30.950000762939453 AB 5.652606782152138 1.0368901737415643
60888.1921 lsst_hardware_r 39.839196898590096 25.690000534057617 31.530000686645508 AB 4.792525794590905 1.037230991146176
60888.2029 lsst_hardware_g -24.423765696393122 15.699999809265137 31.459999084472656 AB 4.80488732947983 1.0434065862062605
60891.1891 lsst_hardware_z -50.38514456913967 51.150001525878906 30.969999313354492 AB 1.2626781738634318 1.0398118368351073
60891.2005 lsst_hardware_i -73.88122409632383 49.9900016784668 31.309999465942383 AB 1.271762084527903 1.0480116065330884
60894.1334 lsst_hardware_z -30.872863603886923 73.91999816894531 31.0 AB 2.7990255881127015 1.0424676305820118
60894.145 lsst_hardware_r -189.94368297815214 110.23999786376953 31.670000076293945 AB 2.700096704687724 1.0363728395679597
60896.1352 lsst_hardware_y -252.04287721823394 93.02999877929688 30.81999969482422 AB 4.492185555082653 1.0382355243734103
60902.1083 lsst_hardware_i 60.42818707461087 30.610000610351562 31.25 AB 3.7665153644602007 1.0448273046885599
60902.1144 lsst_hardware_z 4.616003312391751 41.150001525878906 30.950000762939453 AB 3.7522162673993122 1.0406442453728333
60904.1258 lsst_hardware_r 20.736389348529755 23.030000686645508 31.510000228881836 AB 4.432313348684474 1.0342179393368143
60904.1366 lsst_hardware_u -6.507780766312989 2.809999942779541 28.530000686645508 AB 4.4137960023410985 1.033998751134101
60906.1335 lsst_hardware_g -27.300726803500478 14.180000305175781 31.440000534057617 AB 1.897523251385283 1.0343544570102388
60906.145 lsst_hardware_r 10.798475784748877 22.90999984741211 31.510000228881836 AB 1.872852319079028 1.038166473990592
60908.117 lsst_hardware_r 7.170320172620177 22.860000610351562 31.510000228881836 AB 2.5134997321164505 1.0339365413890462
60908.1283 lsst_hardware_i 0.7745950489165963 30.530000686645508 31.260000228881836 AB 1.852443401178713 1.034403016014172
60910.1086 lsst_hardware_z 41.13399083458652 41.06999969482422 30.950000762939453 AB 2.3844560598479627 1.0343589891976848
60910.1197 lsst_hardware_r 23.25629534135566 22.81999969482422 31.510000228881836 AB 2.3868536306012906 1.033941360451068
60912.113 lsst_hardware_u 0.042350985355703925 2.6500000953674316 28.399999618530273 AB 3.9900665407618474 1.0338299108075781
60912.1238 lsst_hardware_r 34.699691003394214 22.68000030517578 31.489999771118164 AB 3.9829579142531233 1.0361493013145482
60932.0962 lsst_hardware_u 1.5213479909944658 2.7200000286102295 28.459999084472656 AB 1.3291657112974726 1.055521708396109
60932.1084 lsst_hardware_g -0.042159922149304224 14.039999961853027 31.420000076293945 AB 1.3534193333142102 1.0709549620688765
60934.0395 lsst_hardware_u 4.80099525907895 2.75 28.489999771118164 AB 2.636941164599684 1.03517711250969
60934.0515 lsst_hardware_g -9.385600392121958 14.210000038146973 31.440000534057617 AB 2.722735557598554 1.0337539293545555
60936.0463 lsst_hardware_r -12.896016407671574 22.8700008392334 31.510000228881836 AB 1.157816695695528 1.033764906871007
60936.0578 lsst_hardware_i 45.85462256401418 30.520000457763672 31.25 AB 1.1932879390521933 1.035990107699777
60940.0418 lsst_hardware_u -0.8337042567521256 2.6600000858306885 28.40999984741211 AB 2.632240039850606 1.0345838812422545
60940.0534 lsst_hardware_g 15.558591206189902 14.170000076293945 31.43000030517578 AB 2.667354427699668 1.0387905472494083
60941.0362 lsst_hardware_r 6.406213127678793 22.84000015258789 31.5 AB 1.5511290891043412 1.0340860594028942
60941.0489 lsst_hardware_z 37.99756349449152 41.2599983215332 30.950000762939453 AB 1.3963489085547804 1.037920397835725
60943.0258 lsst_hardware_i 13.304970010029278 30.600000381469727 31.25 AB 4.541004041504871 1.0337301001263126
60943.0394 lsst_hardware_r 20.221063081153247 23.040000915527344 31.5 AB 4.54772704823626 1.0362434410381878
60945.032 lsst_hardware_u -3.184534516410286 3.069999933242798 28.510000228881836 AB 3.233459184811533 1.035590643155183
60945.0433 lsst_hardware_g 2.0862494430392795 16.459999084472656 31.479999542236328 AB 2.9142119533265816 1.040789983330922
60950.0335 lsst_hardware_z -63.78616164439356 56.2400016784668 30.979999542236328 AB 5.204699972266185 1.0433396757073639
60950.0459 lsst_hardware_r -33.25490415637915 68.9000015258789 31.649999618530273 AB 5.098823022358523 1.0542926900715477
60952.0335 lsst_hardware_z 98.6820252357466 84.18000030517578 31.729999542236328 AB 2.538435689502555 1.0476416382594118
