data/validation/pwv_sim_epoch_fit_epoch/46808356.ecsv
# %ECSV 0.9
# ---
# datatype:
# - {name: time, datatype: float64}
# - {name: band, datatype: string}
# - {name: flux, datatype: float64}
# - {name: fluxerr, datatype: float64}
# - {name: zp, datatype: float64}
# - {name: zpsys, datatype: string}
# - {name: pwv, datatype: float64}
# - {name: airmass, datatype: float64}
# meta: {SNID: '46808356', alt: 1024.0, c: -0.06810732185840607, dec: -46.768478, lat: -30.244573, lon: -70.7499537, ra: 33.701298, t0: 60577.58203125,
#   x0: 2.2283571909828035e-06, x1: 0.4821740686893463, z: 0.8523340225219727}
# schema: astropy-2.0
time band flux fluxerr zp zpsys pwv airmass
[from data line 132]
60961.3215 lsst_hardware_r -59.01446554934069 32.209999084472656 31.549999237060547 AB 6.133124113017104 1.1591068486683682
60961.3322 lsst_hardware_i 13.541231958728174 35.689998626708984 31.239999771118164 AB 6.209160624324661 1.1908251157407053
60963.3054 lsst_hardware_i -20.829648498654688 31.420000076293945 31.239999771118164 AB 6.4157569443963975 1.1320592185146678
60963.3164 lsst_hardware_z -26.736154322081298 43.0 30.940000534057617 AB 6.624943059205934 1.1600997652122556
60965.3069 lsst_hardware_i -30.18849531538724 30.899999618530273 31.229999542236328 AB 6.212954867560574 1.1492702307733211
60965.3182 lsst_hardware_u 1.724692400909067 2.559999942779541 28.309999465942383 AB 6.394666783065286 1.1812080751921592
60968.3019 lsst_hardware_g 12.82931891579252 13.15999984741211 31.360000610351562 AB 1.4657408119479574 1.1577731531974387
60968.3121 lsst_hardware_r -14.004059030682953 22.530000686645508 31.459999084472656 AB 1.451957891232589 1.1876956165501749
60970.2844 lsst_hardware_r -19.16012039291552 22.229999542236328 31.479999542236328 AB 3.2342395929294114 1.1276986028345228
60970.295 lsst_hardware_i -60.94634659253421 31.020000457763672 31.239999771118164 AB 2.7801055058665494 1.1538899443275663
60972.2072 lsst_hardware_z -25.225365180532176 40.72999954223633 30.950000762939453 AB 2.5694711579593177 1.043157652598681
60972.2164 lsst_hardware_u 0.6533179580485304 2.619999885559082 28.43000030517578 AB 1.880771233723761 1.046035168923115
60974.2955 lsst_hardware_r -30.295903319977842 22.329999923706055 31.469999313354492 AB 1.573583338758197 1.1870128278286625
60974.3056 lsst_hardware_i 14.21349954101312 31.209999084472656 31.219999313354492 AB 1.7016500247550221 1.2209878197237662
60976.2902 lsst_hardware_z 56.514241472900956 42.95000076293945 30.93000030517578 AB 2.645493863380821 1.1875182867829965
60976.3004 lsst_hardware_r -17.9170025514448 22.450000762939453 31.450000762939453 AB 3.5222074724612074 1.2219280043228362
60982.2465 lsst_hardware_z -115.42038110669141 79.9000015258789 31.719999313354492 AB 5.074631073821315 1.1164690773491703
60991.2327 lsst_hardware_r 13.993632528401461 25.100000381469727 31.489999771118164 AB 7.804775015756144 1.1411184914903896
60991.2439 lsst_hardware_g 48.09282050103602 17.969999313354492 31.469999313354492 AB 8.12313868922637 1.1713249732121658
60995.1811 lsst_hardware_g -9.81499233707335 12.770000457763672 31.360000610351562 AB 5.8789779788676375 1.0679665709893071
60995.1928 lsst_hardware_i 71.4874945963457 30.09000015258789 31.239999771118164 AB 6.017860441146565 1.0836808621770775
60997.1834 lsst_hardware_z 40.16928122266015 41.029998779296875 30.940000534057617 AB 5.954287262880086 1.077942930596078
60997.1961 lsst_hardware_r -12.921897800238742 21.760000228881836 31.469999313354492 AB 6.344240323465933 1.0981419054854704
60999.1749 lsst_hardware_u -0.027677517337333032 2.6500000953674316 28.43000030517578 AB 5.498098445329454 1.073829874903774
60999.1879 lsst_hardware_g -0.07844845106089265 13.039999961853027 31.3799991607666 AB 5.559217375295121 1.0933655964786926
61001.1842 lsst_hardware_r 0.6663133394013817 21.81999969482422 31.479999542236328 AB 4.002995711781073 1.0964107674011925
61001.1959 lsst_hardware_i -0.002071233655301229 30.34000015258789 31.239999771118164 AB 4.110219625855781 1.1191884617714858
61004.1356 lsst_hardware_z -52.21981354971579 40.86000061035156 30.940000534057617 AB 8.055837098330079 1.0494495487158404
61004.148 lsst_hardware_r -25.961114714453583 21.639999389648438 31.469999313354492 AB 8.148075553979611 1.0589824289540528
61006.0867 lsst_hardware_z 44.59817643859063 41.59000015258789 30.950000762939453 AB 4.007970256277926 1.0476071242721654
61006.0999 lsst_hardware_r -18.14014058699894 26.190000534057617 31.540000915527344 AB 3.975455251861209 1.0430387437377726
61009.1625 lsst_hardware_z 80.15962758821922 47.72999954223633 30.959999084472656 AB 5.812336260385284 1.0966672189406197
61009.1743 lsst_hardware_i -72.52685193254187 43.56999969482422 31.290000915527344 AB 4.998783027549301 1.1197154545394246
61011.1633 lsst_hardware_z 25.3639161875741 53.56999969482422 30.969999313354492 AB 7.196166212187497 1.108324492982647
61011.1755 lsst_hardware_r 50.65625510914074 63.9900016784668 31.6200008392334 AB 7.164699686113278 1.1348221566663568
61013.1922 lsst_hardware_y -7.253493831023909 76.12999725341797 30.760000228881836 AB 4.339441289604994 1.1972523905653543
61015.1843 lsst_hardware_r 44.52566776015759 73.11000061035156 31.6200008392334 AB 6.184831836004514 1.1893907376931756
61015.1969 lsst_hardware_i 12.60545807325519 59.08000183105469 31.290000915527344 AB 6.4113298314035445 1.2329480445006815
61017.0996 lsst_hardware_i 37.74526077931947 29.790000915527344 31.239999771118164 AB 4.000337553724924 1.0491542048890918
61017.112 lsst_hardware_z -7.604595307893088 40.97999954223633 30.940000534057617 AB 4.046369444705836 1.0585200849422887
61020.0786 lsst_hardware_z -13.852800941800279 40.70000076293945 30.950000762939453 AB 10.34478192067277 1.043732621309555
61020.0899 lsst_hardware_r -31.50957823762584 21.65999984741211 31.479999542236328 AB 11.160406431141725 1.0482946043106
61022.0778 lsst_hardware_u -1.027052505376075 2.6600000858306885 28.459999084472656 AB 12.027279589891107 1.045214181792918
61022.0894 lsst_hardware_g -5.77850016150621 13.0 31.399999618530273 AB 12.66177606453932 1.0513514584449126
61024.0794 lsst_hardware_r 4.193513718288481 21.75 31.479999542236328 AB 8.048570715939391 1.0485310873711342
61024.0909 lsst_hardware_z 18.95344171651313 41.06999969482422 30.950000762939453 AB 8.222791997098774 1.0567444774057573
61026.0829 lsst_hardware_r -10.636871979016798 21.770000457763672 31.489999771118164 AB 11.512494454463397 1.054627948253809
61026.0952 lsst_hardware_u -0.5959461052504276 2.5999999046325684 28.399999618530273 AB 10.303127145124428 1.0665303061590954
61028.0765 lsst_hardware_g 2.3703947600456066 13.149999618530273 31.40999984741211 AB 4.319366943980508 1.0538897020815325
61028.0887 lsst_hardware_r 8.857511359332907 22.010000228881836 31.489999771118164 AB 3.2598356788201355 1.0653638037430955
61030.0822 lsst_hardware_i -69.77953391485235 29.93000030517578 31.239999771118164 AB 4.767916500754795 1.0642274842650485
61030.0954 lsst_hardware_z -43.18633453907607 41.150001525878906 30.940000534057617 AB 3.351007244078991 1.0809700787351584
61032.0818 lsst_hardware_r -42.55499836799206 22.030000686645508 31.479999542236328 AB 5.226415024567282 1.0700547729062584
61032.0934 lsst_hardware_u 2.5270050723150623 2.640000104904175 28.40999984741211 AB 4.623080374369066 1.0862075516393626
