data/validation/pwv_sim_epoch_fit_epoch/47065011.ecsv
# %ECSV 0.9
# ---
# datatype:
# - {name: time, datatype: float64}
# - {name: band, datatype: string}
# - {name: flux, datatype: float64}
# - {name: fluxerr, datatype: float64}
# - {name: zp, datatype: float64}
# - {name: zpsys, datatype: string}
# - {name: pwv, datatype: float64}
# - {name: airmass, datatype: float64}
# meta: {SNID: '47065011', alt: 1024.0, c: 0.017143715173006058, dec: -34.590576, lat: -30.244573, lon: -70.7499537, ra: 282.480469, t0: 60843.79296875,
#   x0: 1.0876484491664024e-05, x1: -1.162562370300293, z: 0.4444515109062195}
# schema: astropy-2.0
time band flux fluxerr zp zpsys pwv airmass
[from data line 132]
61194.1739 lsst_hardware_r -48.69103053770584 133.63999938964844 31.6299991607666 AB 11.363302908475035 1.1973134562175156
61196.1723 lsst_hardware_i -115.0906523725605 65.62000274658203 31.299999237060547 AB 9.573136931122912 1.181990360875309
61196.1971 lsst_hardware_z 24.98693842561434 60.349998474121094 30.969999313354492 AB 8.961680889194273 1.1020153780840074
61198.1674 lsst_hardware_i 122.16757553247089 39.220001220703125 31.260000228881836 AB 5.2973691950363495 1.179836862978813
61198.1869 lsst_hardware_z 53.2235758685039 47.20000076293945 30.950000762939453 AB 5.012502920644529 1.1150458817984141
61220.1459 lsst_hardware_z 41.82474630589364 108.52999877929688 31.0 AB 5.247990774255321 1.0682932873801054
61220.1603 lsst_hardware_r -55.515886756804676 156.58999633789062 31.65999984741211 AB 5.178747808980455 1.0421763157432824
61223.0765 lsst_hardware_r 252.69359342147553 124.7699966430664 31.59000015258789 AB 11.008520222990455 1.282359294043445
61223.0962 lsst_hardware_i -14.873592390404328 99.11000061035156 31.309999465942383 AB 10.436838164165508 1.1913518822173972
61233.0761 lsst_hardware_i -25.95000439660659 32.380001068115234 31.239999771118164 AB 9.644503236617203 1.1640335814875673
61233.0953 lsst_hardware_z 22.46647352584429 42.459999084472656 30.940000534057617 AB 7.826929809765466 1.104095050044404
61237.0753 lsst_hardware_g -7.462780563490599 15.210000038146973 31.420000076293945 AB 4.378319368513871 1.130253467186513
61237.0949 lsst_hardware_r -8.375022730943364 24.18000030517578 31.5 AB 4.133284439544704 1.0782012363492122
61238.0753 lsst_hardware_i 94.00291814337237 32.13999938964844 31.239999771118164 AB 1.8540943599961357 1.1219935612686038
61238.0956 lsst_hardware_z -47.67492700288776 42.0099983215332 30.940000534057617 AB 1.8202114077261553 1.0707125927800913
61242.0779 lsst_hardware_r -64.4574727413297 30.739999771118164 31.549999237060547 AB 6.1899303225967905 1.0859526881748756
61242.097 lsst_hardware_g -20.330312824482384 25.549999237060547 31.610000610351562 AB 5.921330867385733 1.0474052241837972
61246.0544 lsst_hardware_i 7.823017089959446 62.83000183105469 31.309999465942383 AB 5.260334625141253 1.1192201330087772
61246.0725 lsst_hardware_z 82.44852198142915 59.9900016784668 30.979999542236328 AB 5.044998010327125 1.0734038319844945
61248.0853 lsst_hardware_z -79.63292914255658 133.3300018310547 31.75 AB 3.1758248433173852 1.0399470097639203
61249.0714 lsst_hardware_r 19.63237234491573 152.52999877929688 31.65999984741211 AB 4.7061651796074235 1.058993064718142
61249.0897 lsst_hardware_i 103.31151227147717 119.91999816894531 31.350000381469727 AB 3.9139640012303074 1.0299905266395546
61251.0828 lsst_hardware_z 99.27075725184955 114.76000213623047 31.75 AB 4.952960572235299 1.031866785882354
61253.0755 lsst_hardware_g 0.12302446964369358 73.0199966430664 31.729999542236328 AB 3.9235932102263167 1.0343618823505745
61253.0948 lsst_hardware_r 81.59784225258537 71.86000061035156 31.65999984741211 AB 4.096139720667016 1.0134778690310142
61255.9801 lsst_hardware_y 100.35385116638109 50.38999938964844 29.959999084472656 AB 12.038058975038448 1.317314496630142
61255.9997 lsst_hardware_r 24.769787977219554 24.40999984741211 31.479999542236328 AB 13.108506785191745 1.2181306350171213
61259.98 lsst_hardware_y -59.6604729455906 50.2599983215332 29.979999542236328 AB 4.278927789967213 1.2591253918491063
61259.999 lsst_hardware_z 12.156856676296211 43.63999938964844 30.940000534057617 AB 3.896631754880982 1.1764896479702878
61260.9794 lsst_hardware_y 86.36192949824049 50.02000045776367 29.979999542236328 AB 4.251811794635915 1.2486965623012967
61260.9984 lsst_hardware_u -4.185370483608848 2.7300000190734863 28.389999389648438 AB 3.999117217546773 1.1685637278242829
61262.9795 lsst_hardware_z -5.485677867828501 44.59000015258789 30.940000534057617 AB 9.454471829530966 1.22292999993938
61262.9983 lsst_hardware_r -18.99673680391314 24.239999771118164 31.5 AB 8.952902980758374 1.1496873711205793
61265.9795 lsst_hardware_y -85.7134273919126 51.040000915527344 30.0 AB 5.972414489757155 1.18854019696721
61265.9971 lsst_hardware_z 3.7926503263632427 42.91999816894531 30.940000534057617 AB 5.929754828000041 1.1272405217584238
61267.9799 lsst_hardware_y 27.59072363630523 49.970001220703125 30.010000228881836 AB 7.06755241879284 1.1663269297749337
61267.9983 lsst_hardware_u -4.580843849205368 2.809999942779541 28.420000076293945 AB 6.739873842585113 1.1079851787909867
61269.9806 lsst_hardware_y 40.284157010288844 49.77000045776367 30.020000457763672 AB 3.8805406262050273 1.1449555583698539
61269.999 lsst_hardware_i 2.3745821629339003 32.63999938964844 31.260000228881836 AB 3.758055891164793 1.0919026341732578
61273.9817 lsst_hardware_z -46.76529330975249 61.189998626708984 30.969999313354492 AB 3.686584821715131 1.1085806109502725
61273.9991 lsst_hardware_i 61.263295313573096 53.040000915527344 31.309999465942383 AB 3.5293574676058848 1.0669695573958438
61277.9814 lsst_hardware_y -6.463630249034828 62.7400016784668 30.049999237060547 AB 2.695688755416918 1.0817370607613828
61277.9991 lsst_hardware_r -26.974372688227785 109.73999786376953 31.65999984741211 AB 2.6887369387707154 1.0467442014420123
61279.9813 lsst_hardware_y 118.22858530543465 59.88999938964844 30.049999237060547 AB 4.328861604300228 1.0699114197479558
61279.9999 lsst_hardware_z 19.590159511150457 65.0199966430664 30.989999771118164 AB 4.180752658957159 1.037021619485839
61280.981 lsst_hardware_y -20.10354872375022 54.650001525878906 30.049999237060547 AB 5.6857348204388565 1.0649105329368858
61280.9982 lsst_hardware_z -27.627074542847502 56.040000915527344 30.979999542236328 AB 5.519463998609755 1.0355467164371022
