data/validation/pwv_sim_epoch_fit_epoch/47073318.ecsv
# %ECSV 0.9
# ---
# datatype:
# - {name: time, datatype: float64}
# - {name: band, datatype: string}
# - {name: flux, datatype: float64}
# - {name: fluxerr, datatype: float64}
# - {name: zp, datatype: float64}
# - {name: zpsys, datatype: string}
# - {name: pwv, datatype: float64}
# - {name: airmass, datatype: float64}
# meta: {SNID: '47073318', alt: 1024.0, c: -0.10235387831926346, dec: -15.404094, lat: -30.244573, lon: -70.7499537, ra: 328.183594, t0: 62289.6953125,
#   x0: 2.5314273259836216e-06, x1: 0.7327216863632202, z: 0.8090043067932129}
# schema: astropy-2.0
time band flux fluxerr zp zpsys pwv airmass
62284.4089 lsst_hardware_i 1897.147112604139 103.8953684598718 32.09000015258789 AB 9.659094900450764 1.039954231314705
62284.4303 lsst_hardware_z 1384.550388041251 98.48414425548965 31.739999771118164 AB 9.0860782766332 1.0356373829997603
62287.4072 lsst_hardware_r 810.2034473859967 89.5184046819304 31.65999984741211 AB 7.673212156820035 1.036920561732437
62287.4289 lsst_hardware_y 357.3247768606369 59.92644485716777 30.059999465942383 AB 7.52865393154708 1.0376716803565762
62290.3967 lsst_hardware_z 603.1459063343289 59.10422648364657 30.979999542236328 AB 11.156992217939566 1.03782756050412
62290.4191 lsst_hardware_y 261.590403560958 53.5579500592976 30.049999237060547 AB 11.127453676958012 1.0370413492039354
62301.3643 lsst_hardware_r 419.7136343084897 31.63369000517239 31.520000457763672 AB 12.411660404559703 1.0389587029033966
62301.3872 lsst_hardware_u 4.868213392144567 2.8490934004369852 28.440000534057617 AB 12.85170288292891 1.0364276518491056
62305.3633 lsst_hardware_i 648.6309971500607 40.17626958777467 31.25 AB 4.56023580644472 1.0355738636590777
62305.3834 lsst_hardware_z 466.29186900931427 46.71821301402643 30.950000762939453 AB 4.869806157095315 1.039446351567791
62307.3417 lsst_hardware_z 450.2400582534148 46.55764877011775 30.950000762939453 AB 3.8586914731076214 1.0428895873263841
62307.3625 lsst_hardware_r 269.1085182927408 29.633856992771133 31.520000457763672 AB 3.830215064433719 1.0351932606577618
62309.343 lsst_hardware_z 831.9368042624395 65.24275439037844 31.700000762939453 AB 2.1665232003825796 1.0386847145262068
62309.3644 lsst_hardware_r 484.694424210914 40.9428084157251 32.27000045776367 AB 2.164195480447323 1.0361612577947605
62311.3418 lsst_hardware_i 468.71318282239906 60.32018060230802 31.31999969482422 AB 3.5406963097107584 1.0368830250269288
62311.3637 lsst_hardware_z 357.88678217350116 57.166065119713416 30.979999542236328 AB 3.549411860522505 1.0378144374228069
62313.3466 lsst_hardware_r -97.70271372811273 106.07596321549559 31.65999984741211 AB 5.604223747693472 1.0351992637818124
62313.367 lsst_hardware_z 620.1729040288217 73.25212349084848 30.989999771118164 AB 5.680118415247513 1.0429890589877717
62318.3026 lsst_hardware_y 151.7639265352977 54.89915342788347 30.049999237060547 AB 9.205179347847944 1.051179553254323
62318.3224 lsst_hardware_r 261.19552770042475 75.00329225445809 31.649999618530273 AB 9.054184702249245 1.0369860789977845
62324.3255 lsst_hardware_z 251.39620391945363 44.265128370508656 30.950000762939453 AB 1.5481676179973198 1.0367772429247077
62324.3458 lsst_hardware_r 65.21012031764911 26.439296509678165 31.510000228881836 AB 1.671369887599066 1.0510658553186298
62326.305 lsst_hardware_u -1.6814724611546727 2.8265243597062724 28.459999084472656 AB 1.7614714216052925 1.0357534819317675
62326.3251 lsst_hardware_r 89.70051676069144 26.00062276204447 31.520000457763672 AB 1.8035886802742684 1.0389335715866221
62329.3004 lsst_hardware_i 182.22381821492934 33.61044325791332 31.25 AB 7.953455583729218 1.03526919410732
62329.3222 lsst_hardware_z 283.18050582646697 43.60123997540517 30.950000762939453 AB 7.940515530353255 1.0421763793529728
62333.2787 lsst_hardware_g 10.66157628075103 22.41579407418328 32.220001220703125 AB 3.365275522415291 1.038104580061785
62333.3013 lsst_hardware_r 88.95366200858834 35.681469540655605 32.27000045776367 AB 3.0249995110404138 1.0369056824864307
62335.2831 lsst_hardware_i 133.70851826388432 33.146502409867146 31.25 AB 1.941885789914592 1.035350312301733
62335.3061 lsst_hardware_z 120.89257334844041 43.44977859506816 30.950000762939453 AB 1.8762800808281135 1.0423778226822853
62346.2432 lsst_hardware_z 90.79479269569022 66.99941424297249 30.989999771118164 AB 4.284623653915483 1.0381094299584726
62346.2647 lsst_hardware_r -47.998072027835875 88.33012202958734 31.65999984741211 AB 4.350889629360897 1.0365430921645973
62349.2446 lsst_hardware_i 23.91368014051279 40.69353035992845 31.290000915527344 AB 4.633161766234429 1.0353819731612564
62349.2636 lsst_hardware_z 41.015811809341926 46.77496146899432 30.959999084472656 AB 4.576564031179899 1.0396359370403934
62350.2229 lsst_hardware_r -12.343834375651914 29.27598512185971 31.559999465942383 AB 1.8612379747353256 1.043977549631855
62350.2412 lsst_hardware_z 62.55250588171419 44.34113785566555 30.959999084472656 AB 1.8437338605934908 1.0354662014846205
62353.1872 lsst_hardware_u 2.1157699072558676 2.851483421263125 28.420000076293945 AB 1.8231720093804074 1.0805049443184276
62353.2061 lsst_hardware_g 67.68329193682715 16.490024395443566 31.479999542236328 AB 1.7786089865635002 1.0522238137823903
62355.1996 lsst_hardware_r 21.067730958137933 25.40539091460897 31.530000686645508 AB 2.9631534357013467 1.0534096053448723
62355.2178 lsst_hardware_i 131.84097270919628 32.79725241237713 31.270000457763672 AB 3.2679858563072606 1.038499821929112
62357.2206 lsst_hardware_z 130.3346456980711 42.7608877215657 30.950000762939453 AB 3.4455510841972044 1.0357108541961988
62357.2404 lsst_hardware_r 38.12122384087956 25.298535265114992 31.520000457763672 AB 3.482927499615598 1.0389045487294848
62361.1951 lsst_hardware_u 1.3882842326453402 3.0528214380225505 28.59000015258789 AB 3.1435475037407223 1.0422902863861812
62361.2163 lsst_hardware_r -4.949454243652836 25.557829932122306 31.540000915527344 AB 3.633306462443449 1.0352283585649185
62363.2005 lsst_hardware_i 70.02851301309738 32.7341485557167 31.270000457763672 AB 3.663313935429441 1.0366647146599055
62363.2203 lsst_hardware_z 53.61278195494352 42.65781125779766 30.959999084472656 AB 4.513893373070255 1.0372394867458745
62365.1941 lsst_hardware_r 59.81441367323198 32.40188053249907 31.59000015258789 AB 4.570506253350575 1.0369838351334504
62368.1602 lsst_hardware_y 100.81570822011359 90.83041906137612 31.239999771118164 AB 1.93313877408122 1.0582393727008184
62373.1195 lsst_hardware_z 119.47733926346973 89.42451061898906 30.989999771118164 AB 4.176802373706163 1.109081883618206
62373.1431 lsst_hardware_r -46.1910168001106 131.39787106790214 31.65999984741211 AB 3.8200726516136134 1.0630013871478379
62377.142 lsst_hardware_i 81.08113870080317 40.89482271284224 31.290000915527344 AB 5.463450910715449 1.0506636366760478
62377.1612 lsst_hardware_z 7.385357745178862 47.5520796357383 30.959999084472656 AB 5.392569807220884 1.0370326552347853
62379.1357 lsst_hardware_r 22.105881314394765 24.94474270024163 31.520000457763672 AB 4.883499338334813 1.0515717782805367
62379.1528 lsst_hardware_u 1.1239443752230016 2.834762354112427 28.469999313354492 AB 4.773522892574053 1.0382490160024764
62384.1227 lsst_hardware_r 31.817831432969403 24.479999542236328 31.510000228881836 AB 1.5669259476824557 1.0508641017263438
62384.1404 lsst_hardware_i 34.58140616513994 31.579999923706055 31.25 AB 1.551351260297002 1.037693150700336
62388.1188 lsst_hardware_u 2.0575668268615064 2.819999933242798 28.469999313354492 AB 2.648236692383783 1.0442573708137945
62388.1375 lsst_hardware_r -4.686272022429458 24.309999465942383 31.510000228881836 AB 3.4170175947473003 1.0354598771961516
62391.1015 lsst_hardware_g -9.422502612165474 15.739999771118164 31.479999542236328 AB 3.214589240109387 1.0531867442409328
62391.1201 lsst_hardware_i 32.55199134934395 31.6200008392334 31.270000457763672 AB 3.1914836817144487 1.0382185041361252
62394.0978 lsst_hardware_z 18.775272901338198 44.22999954223633 30.959999084472656 AB 1.1048316689905004 1.0483931700052194
62394.1164 lsst_hardware_r 10.399246999269934 34.0099983215332 31.59000015258789 AB 1.0938478733955508 1.0364951421941417
62398.0914 lsst_hardware_r -64.01868119580567 155.47999572753906 32.40999984741211 AB 5.859413974261002 1.0443347149942375
62400.0193 lsst_hardware_i -58.28225579409913 110.69000244140625 31.31999969482422 AB 4.6559024337088015 1.1938211368484106
62400.0298 lsst_hardware_z -73.90184892782104 132.85000610351562 31.739999771118164 AB 4.5061713919996995 1.155428562051205
62402.0768 lsst_hardware_r 34.36695074761927 109.95999908447266 31.65999984741211 AB 1.43430799594509 1.0475773555291346
62402.0975 lsst_hardware_z 5.270223024569919 74.36000061035156 30.989999771118164 AB 1.3464823884830666 1.0357556834485127
62405.0728 lsst_hardware_g 4.729404067870898 32.619998931884766 31.65999984741211 AB 3.111668633042689 1.0439213731585557
62405.0919 lsst_hardware_i 28.485250331206117 43.939998626708984 31.299999237060547 AB 3.903307189469793 1.0353599972066712
62408.0609 lsst_hardware_z -25.630736369631258 41.529998779296875 30.950000762939453 AB 3.5369177134167353 1.0471224079392625
62408.0771 lsst_hardware_r -49.11478775481984 24.079999923706055 31.520000457763672 AB 3.512556434337698 1.0368405089920147
62412.0605 lsst_hardware_r -15.479185023593653 24.059999465942383 31.510000228881836 AB 3.082217957443401 1.0393586098277006
62412.0782 lsst_hardware_i -55.15990373548013 31.280000686645508 31.25 AB 3.016870552481308 1.0353021799869426
62415.0621 lsst_hardware_z 102.1451292017747 41.72999954223633 30.950000762939453 AB 3.922417807750336 1.0357358057652994
62415.0808 lsst_hardware_r -47.18919836025945 24.3700008392334 31.520000457763672 AB 3.941452592914842 1.0382945385589712
62417.0387 lsst_hardware_r 26.734875076277678 24.270000457763672 31.510000228881836 AB 4.744097771669972 1.0450130010837542
62417.0561 lsst_hardware_u -2.86962815572922 2.740000009536743 28.420000076293945 AB 4.766445124687802 1.035845946905966
62419.0397 lsst_hardware_g -6.048931816985276 15.399999618530273 31.459999084472656 AB 2.4967909864984765 1.0403295777076986
62419.0583 lsst_hardware_i 34.44670544154746 31.399999618530273 31.260000228881836 AB 2.4947687829648006 1.0352453625969158
62421.0274 lsst_hardware_z 46.61159208342331 42.09000015258789 30.950000762939453 AB 6.4136487944086475 1.0453343320688855
62421.0459 lsst_hardware_r -29.677128322395294 25.56999969482422 31.530000686645508 AB 5.599254805331804 1.0357003108128193
62424.0287 lsst_hardware_y -52.89572030884036 49.81999969482422 30.049999237060547 AB 6.963306495686153 1.0388472424719815
62424.0461 lsst_hardware_g 19.312113648393876 46.119998931884766 31.709999084472656 AB 6.112283798216659 1.0353661045509712
62426.0303 lsst_hardware_r 167.28534280291848 84.95999908447266 31.65999984741211 AB 7.301469004651584 1.0361347656845747
62426.0486 lsst_hardware_i -67.7965842911293 72.1500015258789 31.34000015258789 AB 6.7485483521770595 1.0373604414997841
62428.0076 lsst_hardware_y 41.53355341464113 57.68000030517578 30.059999465942383 AB 4.247874360697317 1.045930981786983
62428.0256 lsst_hardware_z 93.87031577906312 68.0 30.989999771118164 AB 4.196109269361174 1.035948467932644
62430.0091 lsst_hardware_y 6.692682068172739 57.060001373291016 30.059999465942383 AB 3.4484553112868572 1.0406765852389672
62430.0277 lsst_hardware_z -37.852905006092975 66.58999633789062 30.989999771118164 AB 3.4353698547535516 1.0352176750801723
62430.9987 lsst_hardware_y 61.3534768721634 71.69999694824219 30.06999969482422 AB 3.8674960124610047 1.0465656139256299
62434.0105 lsst_hardware_y -45.71906894050613 49.119998931884766 30.049999237060547 AB 3.7344064784617825 1.0356809203249464
62434.0275 lsst_hardware_r -18.0098144509534 24.68000030517578 31.520000457763672 AB 3.7366202547726144 1.0376618313725374
62435.9999 lsst_hardware_y 74.06283625325031 69.31999969482422 30.06999969482422 AB 4.874382814012434 1.0371027263856243
62436.0157 lsst_hardware_g -1.2511273996816996 16.530000686645508 31.479999542236328 AB 4.438760858685344 1.0357223750529698
62647.4158 lsst_hardware_u 2.912724492048148 4.079999923706055 28.790000915527344 AB 5.802452021933138 1.0395554533173732
62647.4351 lsst_hardware_y 28.618877028198682 63.619998931884766 30.06999969482422 AB 5.20349148941699 1.0354520077109957
62651.4145 lsst_hardware_r -36.24909186421723 25.09000015258789 31.530000686645508 AB 13.387021021757427 1.0358531651304397
62651.4322 lsst_hardware_y 89.31834345100368 52.58000183105469 30.059999465942383 AB 13.273005947994434 1.037642649258826
62653.401 lsst_hardware_z -98.18542069722156 59.40999984741211 31.700000762939453 AB 6.464650521392241 1.0387205593796114
62681.3246 lsst_hardware_i 20.484186645880122 31.399999618530273 31.25 AB 2.0137895865731017 1.0387051381421544
62681.3463 lsst_hardware_z -21.550215011259123 41.619998931884766 30.950000762939453 AB 2.21762099559135 1.0362714932669859
62683.326 lsst_hardware_r -48.05608150341855 24.110000610351562 31.510000228881836 AB 9.051073089515587 1.0361253608283154
62683.347 lsst_hardware_g 27.070920544457852 15.239999771118164 31.450000762939453 AB 8.980723375392193 1.038634160608195
62687.2999 lsst_hardware_u -4.082873108518436 2.8299999237060547 28.5 AB 4.662755486508848 1.0441147593368831
62687.3217 lsst_hardware_r -4.0620728866874884 24.079999923706055 31.520000457763672 AB 4.581392401745933 1.035225940966167
62689.3025 lsst_hardware_i -5.966535869676578 44.68000030517578 32.0099983215332 AB 1.557216331477753 1.038836778837727
62689.323 lsst_hardware_z 4.593847416100455 59.13999938964844 31.700000762939453 AB 1.5479112025234205 1.0359117969037446
62696.287 lsst_hardware_r 35.04448656923249 104.22000122070312 31.65999984741211 AB 6.501397643905761 1.037236382244059
62703.221 lsst_hardware_z -137.05364869587441 46.54999923706055 30.950000762939453 AB 6.163027138885351 1.0967216191627993
62703.2396 lsst_hardware_r 18.311590365282267 40.939998626708984 31.600000381469727 AB 5.9661306015226065 1.0626763328179858
62705.1071 lsst_hardware_u 2.8844421780145195 3.0299999713897705 28.489999771118164 AB 11.69826548579248 1.8171357206776404
62705.1231 lsst_hardware_r 17.493721793073565 25.809999465942383 31.389999389648438 AB 10.424541102973132 1.6109006919796225
62708.2293 lsst_hardware_i 21.949273498952987 31.649999618530273 31.25 AB 10.6899925674691 1.0580746361288793
62708.2538 lsst_hardware_z -61.7536034481363 41.540000915527344 30.940000534057617 AB 11.02002790318954 1.03740691946682
62712.2172 lsst_hardware_g -19.367428236746466 15.539999961853027 31.459999084472656 AB 4.76839636625506 1.0596436369455688
62712.2393 lsst_hardware_r 16.98574296549835 24.399999618530273 31.520000457763672 AB 4.675720661970578 1.0390490359934619
62717.2169 lsst_hardware_i 6.710112589474151 31.739999771118164 31.25 AB 1.6459036484399623 1.0450181894856903
62717.2384 lsst_hardware_z -17.09083607155969 41.65999984741211 30.940000534057617 AB 1.5447384969474847 1.035289693570301
62721.1949 lsst_hardware_z 66.12530206662595 45.790000915527344 30.959999084472656 AB 3.4753001036467333 1.0566701609891678
62721.2143 lsst_hardware_r -3.1652777319089123 39.9900016784668 31.610000610351562 AB 3.221757435937783 1.0392765922379945
62724.1748 lsst_hardware_z 32.66014660382564 67.58999633789062 30.989999771118164 AB 7.900032964896205 1.0745663845611577
62724.1964 lsst_hardware_r 195.54837231677854 93.94999694824219 31.65999984741211 AB 7.641625077126734 1.0462246819724443
62730.1769 lsst_hardware_i 4.598150957336926 79.75 32.08000183105469 AB 4.622408520754005 1.0491961536098975
62730.1992 lsst_hardware_z -31.018905002555037 77.62999725341797 31.729999542236328 AB 4.58421539063101 1.0357858159964866
62732.1854 lsst_hardware_z -25.21123479426295 44.869998931884766 30.959999084472656 AB 2.510686448845466 1.0386898361078947
62732.2057 lsst_hardware_r 25.046198904647106 39.52000045776367 31.610000610351562 AB 2.500409833819656 1.0359383374477238
62734.1737 lsst_hardware_u -5.145262645530227 2.7899999618530273 28.440000534057617 AB 1.8120388119383497 1.0425000356342984
62734.1931 lsst_hardware_g 0.4041488437010121 15.890000343322754 31.479999542236328 AB 1.808386362387874 1.035236921508181
62739.1562 lsst_hardware_z 42.438602489444065 42.369998931884766 30.959999084472656 AB 2.2575391729770007 1.0455604043120035
62739.1764 lsst_hardware_r -7.900899026935342 25.020000457763672 31.530000686645508 AB 2.2573645392896484 1.035488320775068
62741.1461 lsst_hardware_u -2.9743831276268367 2.880000114440918 28.5 AB 4.09493241409717 1.0499826702813257
