data/validation/pwv_sim_epoch_fit_epoch/47151659.ecsv
# %ECSV 0.9
# ---
# datatype:
# - {name: time, datatype: float64}
# - {name: band, datatype: string}
# - {name: flux, datatype: float64}
# - {name: fluxerr, datatype: float64}
# - {name: zp, datatype: float64}
# - {name: zpsys, datatype: string}
# - {name: pwv, datatype: float64}
# - {name: airmass, datatype: float64}
# meta: {SNID: '47151659', alt: 1024.0, c: -0.12065967917442322, dec: -19.629557, lat: -30.244573, lon: -70.7499537, ra: 286.875, t0: 62183.921875,
#   x0: 2.981345233093551e-05, x1: 1.0488569736480713, z: 0.28844231367111206}
# schema: astropy-2.0
time band flux fluxerr zp zpsys pwv airmass
62245.4092 lsst_hardware_r 728.1937058616685 37.92329393959834 31.549999237060547 AB 9.881372847116785 1.0186982316615243
62249.3887 lsst_hardware_u 1.8489949797493004 2.819999933242798 28.450000762939453 AB 5.81032813480511 1.022885065689533
62249.408 lsst_hardware_y 76.06627351045356 47.40999984741211 30.049999237060547 AB 5.724727853040777 1.0176087906098437
62253.3942 lsst_hardware_r -45.16737692124602 56.93000030517578 31.649999618530273 AB 1.424642920591598 1.0176020861368558
62253.4112 lsst_hardware_y -21.01355004088349 50.349998474121094 30.059999465942383 AB 1.4303402890538697 1.0216716350384785
62255.3782 lsst_hardware_z -99.35586904302242 91.33000183105469 31.739999771118164 AB 12.763618077500656 1.0199471054419575
62258.3754 lsst_hardware_r -83.3984989172197 96.73999786376953 31.670000076293945 AB 10.555513686090018 1.01828223867355
62258.3949 lsst_hardware_i 48.99374201382181 81.98999786376953 31.34000015258789 AB 10.555327372694991 1.0203970649980658
62260.3743 lsst_hardware_z -44.36249082134484 55.5099983215332 30.979999542236328 AB 8.42656058032952 1.0176493429673854
62260.3934 lsst_hardware_r -35.84259656240679 62.849998474121094 31.649999618530273 AB 9.11189305940721 1.0223914118345974
62262.3751 lsst_hardware_z -8.241465969276252 43.59000015258789 30.959999084472656 AB 2.6932397548439426 1.0178532709160781
62262.393 lsst_hardware_g -21.051044943757383 27.25 31.649999618530273 AB 2.747651664278171 1.0257215732256355
62267.3598 lsst_hardware_g -23.29997938260096 15.619999885559082 31.5 AB 6.9817433257546035 1.0176726660964366
62267.3787 lsst_hardware_r 6.2313423958947975 24.43000030517578 31.540000915527344 AB 7.791862241210926 1.0252450317382797
62269.3299 lsst_hardware_r 6.8807771466309 24.15999984741211 31.520000457763672 AB 7.117911092920544 1.0257095025463254
62269.3519 lsst_hardware_i -24.102123660639172 44.290000915527344 32.0099983215332 AB 6.291648804896896 1.0175721825807693
62271.3303 lsst_hardware_z 24.138788194291696 41.47999954223633 30.959999084472656 AB 7.466613143246309 1.0219371061517204
62271.3523 lsst_hardware_r 10.125387563956144 24.219999313354492 31.530000686645508 AB 7.777137375237679 1.0181498167490786
62278.3172 lsst_hardware_r 28.933251470797938 24.18000030517578 31.530000686645508 AB 4.291706024370449 1.019286551328965
62278.3384 lsst_hardware_z -29.83744499193696 41.439998626708984 30.950000762939453 AB 4.326466063143454 1.0196314222420397
62284.2977 lsst_hardware_z -47.62038770650701 164.42999267578125 32.5099983215332 AB 8.005474826092518 1.0205098838169673
62286.268 lsst_hardware_r -57.451797586979 126.87000274658203 31.65999984741211 AB 12.036320058409391 1.041504475778179
62286.2882 lsst_hardware_i 186.41282237386437 103.2300033569336 31.350000381469727 AB 11.868797013183942 1.02258446408822
62301.2549 lsst_hardware_g -3.5335124250681105 15.380000114440918 31.459999084472656 AB 12.657700691131112 1.019124866102002
62301.2737 lsst_hardware_r -36.309488325672916 24.239999771118164 31.520000457763672 AB 12.674309735345338 1.0189853597404765
62305.2444 lsst_hardware_u 1.9371327387828614 2.819999933242798 28.479999542236328 AB 5.5025575089748955 1.0189921312916472
62305.265 lsst_hardware_g 6.516471469403239 15.670000076293945 31.489999771118164 AB 5.198696013450391 1.0197520622695941
62309.2512 lsst_hardware_z -9.987243328510896 49.08000183105469 30.969999313354492 AB 2.587473103275403 1.0187904727927564
62309.2694 lsst_hardware_r -18.459145161417204 50.79999923706055 31.6299991607666 AB 2.658507115405007 1.0296309509701809
62311.2584 lsst_hardware_z 269.3797649498043 95.5199966430664 31.739999771118164 AB 3.851903599279326 1.0251240450510797
62318.1833 lsst_hardware_i -183.82493347255505 46.099998474121094 31.309999465942383 AB 7.718175177169783 1.0381682280165154
62318.2033 lsst_hardware_r -20.955169351315742 50.689998626708984 31.639999389648438 AB 7.590039705280623 1.021253310123535
62320.2636 lsst_hardware_u -3.9615680537175995 6.510000228881836 29.030000686645508 AB 6.899832437301402 1.062534350306254
62320.2787 lsst_hardware_g 1.425395530445612 30.600000381469727 31.6299991607666 AB 7.053602417508562 1.0949823289492082
62326.194 lsst_hardware_i 92.1772028607901 31.829999923706055 31.270000457763672 AB 2.6108106179915787 1.017661515490773
62326.2131 lsst_hardware_z -16.849121211870294 41.72999954223633 30.959999084472656 AB 2.173227511760704 1.022334475719489
62329.1806 lsst_hardware_i 14.618606836408507 31.709999084472656 31.270000457763672 AB 5.9789129092211715 1.0185107804985016
62329.2015 lsst_hardware_u 1.88324602209348 2.869999885559082 28.510000228881836 AB 5.971265779075254 1.0205983470623858
62331.1759 lsst_hardware_g -24.893293807009783 15.90999984741211 31.489999771118164 AB 7.3898511107822245 1.0183300030934976
62331.1968 lsst_hardware_r -0.793560470375025 24.790000915527344 31.530000686645508 AB 7.4221468249922316 1.0209514420310735
62333.1561 lsst_hardware_i 52.32306334400568 31.709999084472656 31.260000228881836 AB 2.8775226957168747 1.0250325748390328
62333.1765 lsst_hardware_r 0.5048687946886824 24.729999542236328 31.530000686645508 AB 3.1028645733089135 1.017582872282992
62335.1647 lsst_hardware_z -36.201618242005495 42.310001373291016 30.950000762939453 AB 2.540892971960614 1.018393976737721
62335.1847 lsst_hardware_g 8.92142416074719 18.18000030517578 31.530000686645508 AB 2.1624246885593026 1.0204127511880312
62344.1377 lsst_hardware_z -40.978589256088675 72.04000091552734 31.0 AB 3.2011268143464506 1.019061460993697
62344.159 lsst_hardware_r 80.43412384365921 105.72000122070312 31.670000076293945 AB 3.2548899611598783 1.0199420168146895
62346.1161 lsst_hardware_i -13.829894385379017 50.52000045776367 31.31999969482422 AB 3.7073178994463607 1.0285962126507209
62346.1361 lsst_hardware_z -1.6768014628616965 51.36000061035156 30.979999542236328 AB 4.185379435299747 1.0180927840670755
62349.1203 lsst_hardware_i -36.13527306503244 31.420000076293945 31.260000228881836 AB 4.1348236135557155 1.0204821554577883
62349.1426 lsst_hardware_u 5.347683488058759 2.8399999141693115 28.5 AB 4.206660876159605 1.0189731633814143
62350.1116 lsst_hardware_g 22.960523129441448 15.489999771118164 31.479999542236328 AB 1.5756920001829269 1.023730590265031
62350.1305 lsst_hardware_r 10.156531888908287 24.260000228881836 31.520000457763672 AB 1.8460542696194024 1.0175769974934694
62357.1025 lsst_hardware_g -10.38897278779378 21.809999465942383 32.22999954223633 AB 3.9699058439094306 1.0189696724613528
62357.1233 lsst_hardware_r 10.369921875906261 34.220001220703125 32.279998779296875 AB 3.960121486582467 1.019861315112771
62361.0874 lsst_hardware_i 2.2371540426967877 31.31999969482422 31.260000228881836 AB 2.519207881116067 1.020541981412221
62361.1053 lsst_hardware_z 13.64127810468384 41.36000061035156 30.950000762939453 AB 2.6053918420499214 1.0179300027544136
62363.0854 lsst_hardware_i 33.37246449931754 32.11000061035156 31.270000457763672 AB 3.6866074332400225 1.0191975579155017
62363.1034 lsst_hardware_z -29.55256770995349 41.61000061035156 30.950000762939453 AB 3.690292992144761 1.0186909872267917
62365.0793 lsst_hardware_g -15.35022049700177 35.529998779296875 31.700000762939453 AB 3.990756474524139 1.0194154095470054
62365.0992 lsst_hardware_r -30.060654373911674 39.09000015258789 31.6200008392334 AB 4.155228118676868 1.0190626900495077
62372.0645 lsst_hardware_z 6.571350958715478 72.19999694824219 31.0 AB 2.617823239251412 1.0182120728321322
62372.083 lsst_hardware_r 126.50906553195918 107.83000183105469 31.670000076293945 AB 2.569953020950102 1.0201262363600683
62373.0366 lsst_hardware_i -119.26488514247777 69.44000244140625 31.329999923706055 AB 4.4714239338187936 1.0342139317263312
62373.0491 lsst_hardware_z 31.37504094520077 62.66999816894531 30.989999771118164 AB 4.29083966618538 1.0235374705646354
62377.0375 lsst_hardware_i 35.306406072199835 31.350000381469727 31.260000228881836 AB 5.017484614605124 1.0239764519602292
62377.0566 lsst_hardware_u -7.044046248549722 2.819999933242798 28.489999771118164 AB 5.698441202050693 1.017578786080481
62379.0209 lsst_hardware_u -0.653321667855858 2.799999952316284 28.469999313354492 AB 2.90668304367418 1.0334873044174862
62379.0385 lsst_hardware_g 8.311515468860181 15.390000343322754 31.469999313354492 AB 2.773873121874502 1.0204315592426128
62381.0236 lsst_hardware_r -23.62991713021517 24.149999618530273 31.510000228881836 AB 1.7274279887521582 1.0260932514120333
62381.0425 lsst_hardware_i 10.31130780206965 31.229999542236328 31.260000228881836 AB 1.3272002919996255 1.017791634969038
62384.0272 lsst_hardware_z 93.91511010689536 41.349998474121094 30.950000762939453 AB 1.4247419711381055 1.0194933603850487
62384.0459 lsst_hardware_u 4.442614048630199 2.799999952316284 28.469999313354492 AB 1.2007311142711061 1.0186478169850317
62386.0125 lsst_hardware_g -19.460520883085028 15.510000228881836 31.479999542236328 AB 2.663075272087092 1.0242597200334969
62386.0305 lsst_hardware_r 27.871159391084554 24.309999465942383 31.520000457763672 AB 2.6242355738997345 1.0176386132427473
62388.0145 lsst_hardware_i -51.818593728221785 31.440000534057617 31.260000228881836 AB 2.676624680449455 1.020184734004366
62388.0309 lsst_hardware_z 25.856271397139526 41.459999084472656 30.950000762939453 AB 2.668674191626148 1.0178333375556614
62391.0139 lsst_hardware_i 26.694059231955897 31.799999237060547 31.260000228881836 AB 2.2802639084636285 1.0179749591355485
62391.0334 lsst_hardware_u 1.514840090591397 3.0799999237060547 28.59000015258789 AB 2.237614754140229 1.021159043532335
62393.9929 lsst_hardware_y -41.925870173781796 50.310001373291016 30.059999465942383 AB 2.317059006926044 1.0228335816334126
62394.01 lsst_hardware_g 34.52990671810657 40.0 31.700000762939453 AB 1.3221778539707376 1.0175817244515681
62401.9816 lsst_hardware_y 97.56467366661036 72.01000213623047 30.079999923706055 AB 1.135550294618606 1.0184307575054763
62402.0036 lsst_hardware_z -39.24879388689572 56.86000061035156 30.979999542236328 AB 1.5319140597736869 1.0212760398491245
62404.9828 lsst_hardware_y -96.55323301351086 76.83000183105469 30.079999923706055 AB 3.184851109887573 1.0176597874757256
62405.0032 lsst_hardware_u 0.3753606268717323 2.930000066757202 28.489999771118164 AB 3.3861526931160344 1.026210534331559
