data/validation/pwv_sim_epoch_fit_epoch/47208351.ecsv
# %ECSV 0.9
# ---
# datatype:
# - {name: time, datatype: float64}
# - {name: band, datatype: string}
# - {name: flux, datatype: float64}
# - {name: fluxerr, datatype: float64}
# - {name: zp, datatype: float64}
# - {name: zpsys, datatype: string}
# - {name: pwv, datatype: float64}
# - {name: airmass, datatype: float64}
# meta: {SNID: '47208351', alt: 1024.0, c: -0.07658328860998154, dec: -21.061817, lat: -30.244573, lon: -70.7499537, ra: 198.105469, t0: 61183.14453125,
#   x0: 9.564268490999743e-06, x1: -0.11653997749090195, z: 0.468606561422348}
# schema: astropy-2.0
time band flux fluxerr zp zpsys pwv airmass
61072.3638 lsst_hardware_r -48.26046816150943 62.380001068115234 31.65999984741211 AB 11.955060759804974 1.0182029945325655
61072.3828 lsst_hardware_z -9.878466594796862 68.02999877929688 31.0 AB 11.45368602981519 1.0125924216877171
61074.3737 lsst_hardware_z -32.56754696873208 63.900001525878906 30.989999771118164 AB 10.812411837246277 1.012745808852561
61076.3737 lsst_hardware_z 104.61350313750006 66.04000091552734 30.989999771118164 AB 6.9921183197813015 1.0126778086702843
61080.3105 lsst_hardware_r -3.396598577896795 46.20000076293945 31.6200008392334 AB 5.714101543017496 1.054797460522866
61080.3287 lsst_hardware_y 24.308112583824386 49.189998626708984 30.049999237060547 AB 5.61819046718007 1.029302517689756
61082.3575 lsst_hardware_r -0.9781114566809069 27.940000534057617 31.549999237060547 AB 4.55306033732257 1.0126913561660609
61082.3761 lsst_hardware_y -97.90381306549297 48.2599983215332 30.059999465942383 AB 4.056418641192794 1.0199481130290944
61086.3434 lsst_hardware_r -46.00096162414854 23.780000686645508 31.520000457763672 AB 4.0850505908472945 1.012592325921124
61086.3613 lsst_hardware_g 3.816543794899704 15.109999656677246 31.479999542236328 AB 4.143190584956696 1.0174829530836875
61088.3444 lsst_hardware_r -26.784094385572146 23.850000381469727 31.520000457763672 AB 4.200475156425572 1.0131392080139145
61088.362 lsst_hardware_i 38.778757607721886 31.170000076293945 31.260000228881836 AB 4.0824480301831025 1.0216336411869924
61090.3322 lsst_hardware_z -32.44260398122731 41.33000183105469 30.959999084472656 AB 2.5458423833449477 1.0125988929446261
61090.3497 lsst_hardware_i 2.6759988523369387 31.200000762939453 31.270000457763672 AB 3.238624829218325 1.0171027990217607
61092.3322 lsst_hardware_u 6.110421224332269 2.809999942779541 28.510000228881836 AB 6.581120062211944 1.0129215394728899
61092.3503 lsst_hardware_g -9.163593420919259 14.90999984741211 31.459999084472656 AB 5.788001752732358 1.0210366928745296
61094.3168 lsst_hardware_g -5.396128863926969 14.779999732971191 31.450000762939453 AB 11.155348704518651 1.0130634976632154
61094.3345 lsst_hardware_r 4.841558534012651 23.549999237060547 31.510000228881836 AB 9.995019706970856 1.015066320951678
61097.1908 lsst_hardware_r -16.063740290924265 49.189998626708984 32.27000045776367 AB 9.230955295072144 1.3213033165249088
61099.3261 lsst_hardware_r 14.271167119549697 23.610000610351562 31.520000457763672 AB 5.387176787535782 1.0176485076809032
61099.3448 lsst_hardware_i -3.291995743567112 31.079999923706055 31.260000228881836 AB 4.900871795231856 1.0344848116584393
61101.3159 lsst_hardware_z -23.79478472772594 60.470001220703125 30.989999771118164 AB 3.4388248604045244 1.0152761305167743
61101.3346 lsst_hardware_i 53.109203424759116 65.18000030517578 31.329999923706055 AB 3.2929974612800494 1.0290617066500154
61103.3075 lsst_hardware_z 25.559975522573172 109.68000030517578 31.75 AB 7.212847554917602 1.0141799149209227
61107.31 lsst_hardware_z -13.3125099742472 91.25 31.739999771118164 AB 10.004204211741534 1.021532084248652
61109.2771 lsst_hardware_r 24.070642632932227 45.720001220703125 31.6299991607666 AB 9.584993383570463 1.0128648597015257
61109.2953 lsst_hardware_z 2.071244424079086 47.380001068115234 30.969999313354492 AB 8.732361880293919 1.0158240195774195
61111.2807 lsst_hardware_r -32.51718892754363 29.139999389648438 31.56999969482422 AB 8.089967502001802 1.0129764391671356
61111.2991 lsst_hardware_i 9.327387475166278 33.619998931884766 31.270000457763672 AB 7.715748458059171 1.0215475252296213
61113.2808 lsst_hardware_z -65.30313961129931 41.34000015258789 30.950000762939453 AB 11.052764931003303 1.0143796254926436
61113.2991 lsst_hardware_i 29.359939741750956 31.450000762939453 31.260000228881836 AB 10.862605360964452 1.0262909357507484
61114.2646 lsst_hardware_u -5.067134631161826 2.7200000286102295 28.440000534057617 AB 8.810742294540582 1.0127289993724806
61114.2842 lsst_hardware_g -39.081153322094806 14.739999771118164 31.450000762939453 AB 8.848876915078682 1.0171122890895037
61116.2668 lsst_hardware_r 11.227094054149992 23.729999542236328 31.510000228881836 AB 8.002199432526536 1.0129366370286754
61116.2859 lsst_hardware_i 26.5429771855097 31.06999969482422 31.25 AB 8.073007902045966 1.0218997344361982
61118.2652 lsst_hardware_z 19.358702671688654 40.849998474121094 30.950000762939453 AB 5.740985974054083 1.0137711414539958
61118.2848 lsst_hardware_u -1.777718530677687 2.7200000286102295 28.440000534057617 AB 5.763595839025714 1.025672530375932
61122.2612 lsst_hardware_i -2.2095411684962554 31.049999237060547 31.260000228881836 AB 6.239441710531985 1.0164992332996254
61122.2812 lsst_hardware_z -22.974878901512543 41.45000076293945 30.950000762939453 AB 6.346571292210524 1.0335032637607042
61124.2408 lsst_hardware_i -11.555256392206495 30.709999084472656 31.239999771118164 AB 7.11129392743403 1.012584124938693
61124.2588 lsst_hardware_u -1.943050504610105 2.700000047683716 28.420000076293945 AB 6.669302609088265 1.0182141387921015
61126.2386 lsst_hardware_g -8.095929924916833 15.050000190734863 31.459999084472656 AB 6.380712460694557 1.0128115016975487
61126.2559 lsst_hardware_r -39.71593340316472 23.84000015258789 31.510000228881836 AB 7.149010538404312 1.0198909405082535
61128.2376 lsst_hardware_i -79.64277790896656 48.72999954223633 31.31999969482422 AB 6.818065980125805 1.0136880731676785
61128.2551 lsst_hardware_r 2.9981459774568786 51.61000061035156 31.639999389648438 AB 8.131830460773156 1.0235154764975651
61135.2187 lsst_hardware_i -44.98628188802858 77.56999969482422 31.34000015258789 AB 7.179007595128419 1.0137454829552957
61135.2352 lsst_hardware_z -114.48936114544325 69.12999725341797 30.989999771118164 AB 7.196430096048687 1.0228497791323437
61139.1993 lsst_hardware_g 32.77620200309407 33.13999938964844 31.68000030517578 AB 8.051770707957726 1.01257845228506
61139.2186 lsst_hardware_r 33.47113024701749 36.619998931884766 31.600000381469727 AB 7.6204324522078455 1.018683600241669
61146.0329 lsst_hardware_u 2.3886253487582927 2.5999999046325684 28.170000076293945 AB 23.587290221468525 1.5042115249913497
61146.0429 lsst_hardware_g 11.568202257105987 15.529999732971191 31.350000381469727 AB 23.587314942388467 1.4195685807144873
61148.1838 lsst_hardware_r -0.2907316792442634 24.479999542236328 31.530000686645508 AB 13.079499968367882 1.0139147262300683
61148.203 lsst_hardware_i -36.96863172867861 31.56999969482422 31.260000228881836 AB 13.232458853983427 1.0257720041847618
61152.1794 lsst_hardware_u 0.576357202746776 2.8399999141693115 28.520000457763672 AB 9.423437787060823 1.0165520805890855
61152.1975 lsst_hardware_g 13.983213245162258 15.329999923706055 31.469999313354492 AB 9.587975265004822 1.0314086989032725
61154.1605 lsst_hardware_g -14.720280911554152 19.581514063344127 31.559999465942383 AB 9.85991994888232 1.0126500063041897
61154.1782 lsst_hardware_r 12.403822822701542 24.23979383802155 31.520000457763672 AB 8.065032565086053 1.0190413046059117
61158.1742 lsst_hardware_z -60.36662577766342 90.77345396537777 31.729999542236328 AB 2.276722019019615 1.024396858951458
61160.1594 lsst_hardware_r 294.74982176174245 149.09360437882955 31.670000076293945 AB 10.598839509964101 1.0175537163944028
61160.177 lsst_hardware_i 244.1603717864049 121.03362983834435 31.34000015258789 AB 11.294796647138034 1.0329661903305827
61162.1153 lsst_hardware_z 274.1589527640376 94.86190368839819 31.010000228881836 AB 9.049693026956522 1.020018938838851
61162.1328 lsst_hardware_r 438.09766093267274 145.4409239873101 31.670000076293945 AB 7.599765222459962 1.0128068796312863
61164.1501 lsst_hardware_z 710.2238134900559 92.33270499309491 31.75 AB 10.268813851721804 1.0185294437335652
61167.1452 lsst_hardware_r 1373.0851766962987 57.645471117806586 31.6200008392334 AB 6.259100562667395 1.020782913183049
61167.1635 lsst_hardware_z 555.8460923866164 52.24212574008176 30.959999084472656 AB 6.394361410328601 1.0401845912040888
61171.1227 lsst_hardware_u 26.026998840596665 5.386265405731001 28.479999542236328 AB 7.959997793591328 1.01446476691412
61171.1388 lsst_hardware_g 1027.4514679730405 34.67761153771761 31.459999084472656 AB 7.92026733571813 1.024481611139326
61174.088 lsst_hardware_r 2906.684659085601 58.49064173470722 31.520000457763672 AB 6.275911913702603 1.016671296566145
61174.1076 lsst_hardware_i 1734.9210313742021 51.85931221454616 31.260000228881836 AB 6.20112904907896 1.0128150668138889
61176.0815 lsst_hardware_z 1486.0663592609399 55.42648088804229 30.950000762939453 AB 5.138793276872532 1.0172303215465
61176.1015 lsst_hardware_r 3268.1946289470243 61.089093211998915 31.510000228881836 AB 5.471843546685769 1.012741726204912
61180.0759 lsst_hardware_r 3470.5667050570987 63.68752329564436 31.5 AB 7.3222425634127575 1.0147466307997088
61181.0372 lsst_hardware_r 10905.88492866977 111.68095438719448 32.70000076293945 AB 6.950646943841253 1.0506079270197544
61181.0642 lsst_hardware_u 13.98315819566868 5.274006720390364 29.239999771118164 AB 7.2389842095309245 1.0194795150029765
61183.0659 lsst_hardware_g 1698.4445836312907 48.78844946515253 31.639999389648438 AB 1.9392372183244933 1.015484666603964
61183.0856 lsst_hardware_r 3719.531901230197 68.77657565265645 31.56999969482422 AB 2.5863097242747 1.0132457293926347
61188.0413 lsst_hardware_z 1848.9184288336596 90.47835131058173 31.0 AB 7.228621242720396 1.0222912236912114
61188.0597 lsst_hardware_r 3423.6584991293416 131.1328372057663 31.670000076293945 AB 7.415323989885709 1.0131377419860146
61197.0267 lsst_hardware_r 2081.7422714025247 51.86730341555522 31.510000228881836 AB 4.495643916943158 1.0159264623426216
61197.0478 lsst_hardware_u 5.718766053174203 3.1650532639961724 28.40999984741211 AB 4.3728920456314055 1.0133381845277871
61218.971 lsst_hardware_y 515.4252920539958 56.68526329931143 30.059999465942383 AB 6.471018005926609 1.0141866634161287
61218.9923 lsst_hardware_r 508.6211367959625 90.92900751214007 31.65999984741211 AB 6.5453636088578815 1.0147063962262637
61223.9531 lsst_hardware_y 252.91926736352528 68.65778537007841 30.079999923706055 AB 7.366906035754571 1.015868084266678
61223.9761 lsst_hardware_u 9.640771028032354 4.470874740534752 28.579999923706055 AB 7.4011731854527465 1.013859340472979
61225.9537 lsst_hardware_y 420.96051911480953 71.17976609615404 30.079999923706055 AB 5.49635033597888 1.0136503969961277
61225.9794 lsst_hardware_r 332.3924660393632 30.390422814185225 31.520000457763672 AB 4.9866158975247465 1.0176767137805605
61436.3687 lsst_hardware_g -21.40882349288076 23.1299991607666 31.6200008392334 AB 11.803090944551888 1.0173251307927647
61438.3749 lsst_hardware_z 24.75974676163973 44.619998931884766 30.969999313354492 AB 9.962478016909188 1.0130389218200826
61440.3744 lsst_hardware_u 4.3730099751346865 4.460000038146973 28.860000610351562 AB 8.486718192024895 1.0125737581957859
61442.3687 lsst_hardware_r -8.691693859597155 24.670000076293945 31.540000915527344 AB 4.457449634611666 1.0125772951318501
61443.3568 lsst_hardware_z -43.9862658958657 41.310001373291016 30.959999084472656 AB 4.819966785689083 1.0141427143630788
61443.3758 lsst_hardware_y -30.935340388314934 48.959999084472656 30.059999465942383 AB 4.465072599817292 1.013963461533363
61445.3089 lsst_hardware_u -1.3682610703369005 2.759999990463257 28.440000534057617 AB 5.8070055069649715 1.058899618337887
61445.3265 lsst_hardware_y -0.45571168200450757 46.970001220703125 30.049999237060547 AB 5.628060688519677 1.0325295947382869
61447.3441 lsst_hardware_i -2.7271330909204625 31.079999923706055 31.260000228881836 AB 4.543618349121771 1.0147668004738828
61447.3616 lsst_hardware_z 31.984295108030203 41.220001220703125 30.950000762939453 AB 4.535354958546591 1.0131475390476024
61450.35 lsst_hardware_r -9.910318140691832 23.829999923706055 31.520000457763672 AB 2.531685648686125 1.01267425947445
61450.3667 lsst_hardware_u -0.13882946978837982 2.859999895095825 28.510000228881836 AB 2.4717671901732574 1.0186553431581526
61454.3299 lsst_hardware_i 20.234091502462675 31.149999618530273 31.260000228881836 AB 4.995800487312924 1.0132955706734719
61454.3507 lsst_hardware_z -43.34323479566481 41.310001373291016 30.950000762939453 AB 5.316314200704122 1.015856216695055
61456.3302 lsst_hardware_r -19.49772104812824 84.62000274658203 31.670000076293945 AB 3.662677321233604 1.0125818516979967
61456.3476 lsst_hardware_z -77.25703983371548 60.689998626708984 30.989999771118164 AB 3.8335953398848126 1.017048639870396
61458.3294 lsst_hardware_r -44.958004263973216 108.87999725341797 31.670000076293945 AB 11.328176087012535 1.0128007230230252
61458.3483 lsst_hardware_i -142.4062228896883 82.22000122070312 31.34000015258789 AB 9.584787910997806 1.021043214040087
61460.3064 lsst_hardware_i -65.64125810196037 86.22000122070312 31.350000381469727 AB 10.082711785958383 1.015685684089693
61460.3247 lsst_hardware_z 15.479066332197727 74.93000030517578 31.0 AB 10.030955311236541 1.0129038164125825
61462.316 lsst_hardware_r 76.23118312796834 66.98999786376953 31.65999984741211 AB 6.627096607808521 1.0125949792923437
61462.3339 lsst_hardware_z 131.0105324263864 57.15999984741211 30.989999771118164 AB 6.6699820443270585 1.018628901088469
61464.3179 lsst_hardware_g 20.391908587907267 32.2599983215332 31.670000076293945 AB 5.321910204659357 1.0137937336240173
61464.3362 lsst_hardware_r -40.859006768677986 36.279998779296875 31.600000381469727 AB 4.859322665145205 1.024579129227812
61466.3045 lsst_hardware_i 69.08331909298329 31.860000610351562 31.270000457763672 AB 3.427567764908441 1.0125754106081066
61466.321 lsst_hardware_z 51.46674551900121 41.630001068115234 30.950000762939453 AB 3.5025286846312307 1.0174375263997382
61468.2973 lsst_hardware_r 17.59516023172046 33.20000076293945 32.2599983215332 AB 7.373133461321049 1.0125844209738446
61468.316 lsst_hardware_g -27.334386554822828 14.920000076293945 31.450000762939453 AB 7.327965651022264 1.0177023333133117
61470.302 lsst_hardware_r -22.175396169622587 23.520000457763672 31.510000228881836 AB 7.228329120326955 1.0139331070734963
61470.3189 lsst_hardware_i -30.37020290274041 30.90999984741211 31.25 AB 7.288187675073739 1.0237656517872817
61472.3003 lsst_hardware_z 47.019717107025976 41.150001525878906 30.950000762939453 AB 9.68336517285338 1.0152938582284015
61472.3185 lsst_hardware_i 6.467207672193087 31.09000015258789 31.25 AB 9.95517086429602 1.0286038433920461
61474.2802 lsst_hardware_r 42.77598249232397 23.690000534057617 31.520000457763672 AB 9.593781607659148 1.0126164717691795
61474.3001 lsst_hardware_u -1.1255188667934581 2.799999952316284 28.5 AB 8.783185678169488 1.0179862862968931
61477.2781 lsst_hardware_i 29.382707497957853 31.06999969482422 31.260000228881836 AB 15.301828541472139 1.0128742249772085
61477.2979 lsst_hardware_z 45.10300341163363 41.439998626708984 30.959999084472656 AB 14.050465679344478 1.022186583197736
61479.1109 lsst_hardware_r 53.503020293900164 56.970001220703125 32.91999816894531 AB 14.482853506965808 1.6051929628114407
61479.1261 lsst_hardware_g -27.31155878718993 16.280000686645508 31.360000610351562 AB 14.325333514361855 1.4589773152755894
61481.2788 lsst_hardware_r 42.15601159523544 23.649999618530273 31.510000228881836 AB 8.032346272441137 1.016752692714068
61481.3007 lsst_hardware_i -4.840980543787593 31.239999771118164 31.260000228881836 AB 8.374888396629435 1.036496088691742
61485.1931 lsst_hardware_z -60.32922382506442 71.5999984741211 30.989999771118164 AB 5.681102787147177 1.0719061862541843
61485.2111 lsst_hardware_i 23.42741761625618 81.45999908447266 31.34000015258789 AB 5.927826399111595 1.0404715255801602
61489.249 lsst_hardware_y -61.28131187049088 61.93000030517578 30.079999923706055 AB 7.1844122918756375 1.0136141026689698
61489.2688 lsst_hardware_r 26.079316873809475 112.66000366210938 31.670000076293945 AB 6.721220777766357 1.0253578608339218
61492.2477 lsst_hardware_z -98.95273861959011 66.91000366210938 31.729999542236328 AB 7.788560448809761 1.0162084698138114
