data/validation/pwv_sim_epoch_fit_epoch/47256677.ecsv
# %ECSV 0.9
# ---
# datatype:
# - {name: time, datatype: float64}
# - {name: band, datatype: string}
# - {name: flux, datatype: float64}
# - {name: fluxerr, datatype: float64}
# - {name: zp, datatype: float64}
# - {name: zpsys, datatype: string}
# - {name: pwv, datatype: float64}
# - {name: airmass, datatype: float64}
# meta: {SNID: '47256677', alt: 1024.0, c: -0.09089135378599167, dec: -56.446381, lat: -30.244573, lon: -70.7499537, ra: 340.359131, t0: 60872.3046875,
#   x0: 2.8447034091600905e-06, x1: 0.3866339325904846, z: 0.771743655204773}
# schema: astropy-2.0
time band flux fluxerr zp zpsys pwv airmass
60830.4389 lsst_hardware_z 105.15601449220487 62.38999938964844 30.969999313354492 AB 12.408804648584487 1.1132300821098524
60833.4041 lsst_hardware_u 0.974061252827607 3.619999885559082 29.079999923706055 AB 1.2436893962059248 1.12229453710867
60833.4189 lsst_hardware_y -87.72785056119635 67.81999969482422 30.770000457763672 AB 1.0337647973668649 1.115172381194029
60842.2781 lsst_hardware_z 30.39855428509177 58.30101707472387 30.950000762939453 AB 8.819816654826004 1.3363358567918189
60842.3428 lsst_hardware_i -53.361294733858664 78.07925438252452 32.04999923706055 AB 7.772714037547414 1.1636234945241086
60842.3669 lsst_hardware_y -11.724967808604346 51.88879937389956 30.020000457763672 AB 7.492089969814052 1.1325910763135378
60844.4311 lsst_hardware_r -45.38960275015907 38.46303104474235 31.579999923706055 AB 5.504816211329978 1.1234318798632608
60849.2402 lsst_hardware_g 53.054568567496126 14.848689801010732 31.260000228881836 AB 4.474149013610143 1.4186758663846244
60856.3788 lsst_hardware_u 6.314633243945067 3.0826841108901664 28.350000381469727 AB 4.547276657197469 1.1143465096873677
60856.3908 lsst_hardware_r 474.02269290271767 30.83369804225111 31.469999313354492 AB 4.576979367300949 1.1188378978938969
60860.1115 lsst_hardware_z 396.9373447535304 59.56070365701739 30.780000686645508 AB 20.700673773686663 2.3397862356876304
60860.1263 lsst_hardware_g 71.26593203547178 38.740413388272266 31.209999084472656 AB 18.53592430817093 2.1187949294918185
60860.1802 lsst_hardware_r 681.7491981378515 47.11589628965393 31.450000762939453 AB 12.255325562895024 1.5933768893327007
60860.1971 lsst_hardware_z 396.3384493390864 54.06682934092965 30.899999618530273 AB 11.433492966570507 1.4874932575739144
60861.3977 lsst_hardware_u 6.138754730104933 3.3017091655337163 28.420000076293945 AB 4.556626218515343 1.134641626490094
60861.4095 lsst_hardware_g 182.88627515300445 19.42029947593626 31.3799991607666 AB 4.82769244312781 1.148539042774261
60863.3086 lsst_hardware_g 264.0259995332751 59.80949802899502 31.68000030517578 AB 1.6983364022537721 1.1335467393651073
60863.3206 lsst_hardware_r 927.2774021579505 60.54608027399951 31.610000610351562 AB 1.6576389227751436 1.123378724419779
60867.312 lsst_hardware_r 936.7868819576311 116.3526153585386 31.639999389648438 AB 9.611780345618035 1.1218231028965961
60867.3243 lsst_hardware_z 705.938661176397 79.05086773402331 30.979999542236328 AB 9.537692762841697 1.1157479908568066
60875.3484 lsst_hardware_g 131.74063231215828 21.800276510800558 31.510000228881836 AB 2.5373319302235564 1.124828518329931
60875.3606 lsst_hardware_r 685.7511616622053 36.626597625163456 31.510000228881836 AB 2.574021958415076 1.1358067108284946
60877.3398 lsst_hardware_i 961.2456278589509 43.71734232670252 31.229999542236328 AB 4.786770435336134 1.12260094637339
60877.3502 lsst_hardware_z 673.9643550756052 48.82874486005159 30.940000534057617 AB 4.711378842323687 1.1309118680563495
60881.3434 lsst_hardware_g 90.27043927301533 16.147334131538724 31.389999389648438 AB 6.267109961929096 1.1349519270656196
60881.3553 lsst_hardware_i 875.3348118566033 42.808773595124855 31.239999771118164 AB 6.35046309404403 1.1490757871579542
60888.3812 lsst_hardware_r 377.484942505881 29.646802580679537 31.459999084472656 AB 7.780869947209269 1.239074240150106
60888.3924 lsst_hardware_g 57.64045036231071 15.114814473871172 31.34000015258789 AB 7.999831870171738 1.2718502158489229
60890.3443 lsst_hardware_z 463.2805235251228 47.38443513119087 30.940000534057617 AB 2.628908926457483 1.1698337641372714
60890.356 lsst_hardware_r 283.08903858609114 28.847681239434603 31.459999084472656 AB 2.665830559129774 1.1919653740799345
60894.2321 lsst_hardware_r 244.6046375580768 91.69103903078808 31.639999389648438 AB 3.5757292188319005 1.1262730491359862
60894.2435 lsst_hardware_z 378.4608861206859 67.90333948335876 30.979999542236328 AB 3.5529733926319733 1.1188118167204701
60896.2302 lsst_hardware_r 154.63111438136357 116.80767537275008 31.639999389648438 AB 3.7913178817989976 1.12360313604475
60896.2415 lsst_hardware_y 161.9042697523528 61.93849391408028 30.030000686645508 AB 3.738330724056565 1.1171701827587792
60897.2328 lsst_hardware_z 272.5314133213337 75.52026656357856 30.979999542236328 AB 5.0035844224172425 1.120184568739518
60897.2433 lsst_hardware_r -68.55540899019029 109.57035474329903 31.639999389648438 AB 5.203309786954124 1.115453086865132
60904.3099 lsst_hardware_r 134.13335804588664 27.58834028297982 31.5 AB 4.929558796158972 1.176622686303484
60904.322 lsst_hardware_u 1.6438836956735647 3.4331203468782667 28.540000915527344 AB 5.016083957791014 1.2009778031423017
60906.2943 lsst_hardware_u 4.132625390487441 2.7863625090842867 28.43000030517578 AB 3.112501747665338 1.1595424225259712
60906.3054 lsst_hardware_g 13.190701702579126 14.507750464130895 31.389999389648438 AB 3.161830045375791 1.1783949482734795
60908.2946 lsst_hardware_r 125.26117676265127 24.774562664814212 31.459999084472656 AB 1.6952751032281108 1.1688865340575345
60908.3048 lsst_hardware_i 215.66901321626312 34.567167658570256 31.219999313354492 AB 1.7650454717907151 1.1877829554446266
60910.2872 lsst_hardware_z 189.09783509276036 44.59987860333142 30.93000030517578 AB 2.218401196543174 1.1656368490463058
60910.2975 lsst_hardware_r 87.06630045537474 24.401796369042433 31.459999084472656 AB 2.369084398058595 1.1841474832015637
60920.0538 lsst_hardware_z 280.44778767262073 75.91355924275652 31.68000030517578 AB 1.9596561882815202 1.38393798607452
60932.1441 lsst_hardware_r 20.303923990850954 22.878126505501335 31.479999542236328 AB 1.8902066873749146 1.11681340465283
60932.1557 lsst_hardware_i 17.412870433486688 31.837776351070637 31.239999771118164 AB 1.8779585012855404 1.1136342170105993
60934.135 lsst_hardware_z 66.26668869645866 42.77418854924306 30.940000534057617 AB 3.5783645753258875 1.118471944777835
60934.1463 lsst_hardware_u -0.4063576312058949 2.7116962373571774 28.31999969482422 AB 3.5547993011726833 1.1143571477030354
60936.2207 lsst_hardware_r 26.951105715917343 23.092727307255245 31.459999084472656 AB 1.6254642928730476 1.1733380362412846
60936.2319 lsst_hardware_i 88.92046301098581 32.4410746089998 31.219999313354492 AB 1.6659774568416374 1.1951057796568418
60938.1994 lsst_hardware_i 87.2441995035824 32.0535026854607 31.239999771118164 AB 7.1382213131529095 1.1487321070410217
60938.211 lsst_hardware_z 60.69118500972486 43.51092253498881 30.93000030517578 AB 6.792327619082048 1.1660648273102643
60940.2076 lsst_hardware_i 89.58891609880095 32.14025375374536 31.229999542236328 AB 2.64081778663515 1.169538435179268
60940.2183 lsst_hardware_u 2.99683214719818 2.672563804149634 28.290000915527344 AB 2.575095691385273 1.1895580050273968
60943.2062 lsst_hardware_i 12.06537457281535 32.2945734055982 31.219999313354492 AB 7.399877906879894 1.181853129467741
60943.2177 lsst_hardware_r 4.721431948146156 23.314557231309106 31.450000762939453 AB 7.283395806974803 1.2058768703168867
60945.2209 lsst_hardware_u 3.143701754483676 2.5304072233140174 28.229999542236328 AB 4.152611086548862 1.226768415524186
60945.2335 lsst_hardware_g -6.141628613816919 13.527931226327656 31.329999923706055 AB 4.22201278892488 1.26180896261951
60947.1709 lsst_hardware_g 22.85589935693666 20.14900275304657 31.520000457763672 AB 4.623399184200781 1.1436980047497292
60947.1827 lsst_hardware_r 31.370709588362995 26.88018252869601 31.510000228881836 AB 4.658763761947739 1.160098882410666
60950.1832 lsst_hardware_i 64.8924967581781 51.45663911571919 31.290000915527344 AB 5.334459058471551 1.17464600524172
60950.195 lsst_hardware_z 161.69109429309634 53.88530227502949 30.950000762939453 AB 5.504165057403927 1.1979465447048596
60952.1812 lsst_hardware_i 190.58253440140584 64.20554367830863 31.299999237060547 AB 2.6465294812333795 1.1810469979472127
60952.1925 lsst_hardware_z 194.27193681377972 61.26498074152815 30.959999084472656 AB 2.6506339875935865 1.2044686402272056
60957.0772 lsst_hardware_g 156.20303085254412 52.45248663961763 31.68000030517578 AB 3.304217317750594 1.1162896343752007
60957.0888 lsst_hardware_r -23.23419137299422 57.68477350066847 31.6200008392334 AB 6.427779073776466 1.1134852304728835
60963.1605 lsst_hardware_i 67.66965149055272 31.290000915527344 31.229999542236328 AB 7.355231221940662 1.200119310126868
60963.1707 lsst_hardware_z 34.98629370059773 43.34000015258789 30.93000030517578 AB 8.057917502758713 1.2241114294244022
60965.1573 lsst_hardware_i -44.581855791876905 31.299999237060547 31.219999313354492 AB 7.712938672016371 1.205146667502558
60965.1684 lsst_hardware_u -2.1042717383923604 2.5399999618530273 28.270000457763672 AB 7.997849395316336 1.2322551549567142
60968.1392 lsst_hardware_u -4.340252891368601 2.5999999046325684 28.31999969482422 AB 3.907431685723557 1.1843094622318318
60968.1507 lsst_hardware_g -8.32295614509929 13.460000038146973 31.34000015258789 AB 4.0454024405511895 1.208785589805983
60974.1408 lsst_hardware_g 12.190548688238847 13.460000038146973 31.350000381469727 AB 3.138709087658341 1.224463883351363
60974.1506 lsst_hardware_r 10.015280123540364 22.889999389648438 31.450000762939453 AB 3.0046611789231155 1.2508997414334369
60976.1385 lsst_hardware_i -16.539709645388964 34.38999938964844 31.229999542236328 AB 3.5957655244563105 1.232622587369737
60976.1501 lsst_hardware_z 26.040511921456567 45.40999984741211 30.93000030517578 AB 3.637378672362103 1.2656154044405368
60978.1399 lsst_hardware_i 56.365635688089135 42.220001220703125 31.260000228881836 AB 6.968272422128607 1.2515419015093365
60978.1501 lsst_hardware_z -30.44455722714374 49.41999816894531 30.93000030517578 AB 7.115009619488672 1.2829083338421696
60982.0862 lsst_hardware_i -44.22474959757306 56.779998779296875 31.299999237060547 AB 4.662181475041148 1.1586897875174753
60982.0978 lsst_hardware_z -84.45729622176924 55.880001068115234 30.959999084472656 AB 4.704091330509774 1.178281204936906
61194.3576 lsst_hardware_r 62.93529248119365 116.27999877929688 32.369998931884766 AB 12.747717064368187 1.2048122737415647
61194.3856 lsst_hardware_y -159.38969399078425 76.25 30.760000228881836 AB 12.403203064116376 1.1535180715290745
61198.418 lsst_hardware_z -42.12049010006307 47.63999938964844 30.950000762939453 AB 1.011973891426555 1.1156349744712313
61198.4311 lsst_hardware_y 75.9933817462033 51.470001220703125 30.020000457763672 AB 1.0045541116677517 1.1131821350091153
61220.1761 lsst_hardware_r 32.69641672812858 141.50999450683594 32.22999954223633 AB 10.692684496117064 1.7357080007221413
61220.205 lsst_hardware_z -62.13327389532458 102.55000305175781 31.68000030517578 AB 9.448309183852466 1.5254791212290724
61222.4161 lsst_hardware_y -56.22273885072067 57.349998474121094 30.020000457763672 AB 11.078594980667347 1.1421231938832317
61222.4295 lsst_hardware_r 168.70130489689856 100.08000183105469 31.6299991607666 AB 10.900356851604776 1.1606001758522972
61223.4201 lsst_hardware_i -70.03542716005308 73.62000274658203 31.309999465942383 AB 8.467569501960364 1.1507977034466383
61223.432 lsst_hardware_z 100.3331623689894 67.41999816894531 30.969999313354492 AB 8.613136935727848 1.169151206152823
61225.4077 lsst_hardware_z -55.12351742823325 56.7599983215332 30.969999313354492 AB 7.2118696471233275 1.1418714311318108
61225.4198 lsst_hardware_r 47.73738669525939 68.83999633789062 31.6200008392334 AB 6.645594652676135 1.1582735778084454
61231.3224 lsst_hardware_r -19.952239869065522 22.75 31.479999542236328 AB 8.854547920908335 1.117880852718584
61231.3348 lsst_hardware_u 4.453532535745472 2.6700000762939453 28.3799991607666 AB 8.88822085727676 1.1138354005651865
61242.3419 lsst_hardware_i 16.34358949250089 30.84000015258789 31.229999542236328 AB 4.651314787393444 1.1235059872931026
61242.3536 lsst_hardware_z -17.174547678500335 42.279998779296875 30.93000030517578 AB 4.659997148969333 1.1334515523680881
61244.3363 lsst_hardware_r 17.453134475858402 22.489999771118164 31.469999313354492 AB 4.995420904297905 1.123407999467295
61244.3481 lsst_hardware_u -0.7518248359136422 2.5999999046325684 28.350000381469727 AB 5.12160661255756 1.1334122517416452
61248.3392 lsst_hardware_z -119.77819703422668 61.470001220703125 30.969999313354492 AB 2.8958424828741482 1.1354760748428236
61248.351 lsst_hardware_r 186.2338780529384 80.44000244140625 31.6299991607666 AB 2.9013033475082515 1.1496380983390244
61249.338 lsst_hardware_y 74.01414025191583 82.12000274658203 30.770000457763672 AB 3.5327109903982667 1.137108228984716
61251.3311 lsst_hardware_r -4.757741607071848 112.70999908447266 31.6299991607666 AB 5.004746450977355 1.1355712634811628
61251.3434 lsst_hardware_i 83.4835139664376 88.12000274658203 31.309999465942383 AB 5.496915301298513 1.150443581205542
61253.2382 lsst_hardware_r -139.05262345404708 82.25 31.6299991607666 AB 5.083707192062561 1.1364472113403639
61253.2507 lsst_hardware_i 126.34695093854849 66.27999877929688 31.309999465942383 AB 4.965179978455798 1.1250407806168725
61256.3364 lsst_hardware_z -7.695313832018823 47.189998626708984 30.940000534057617 AB 2.1409000826043227 1.1601698424517646
61256.3485 lsst_hardware_r 55.46403792015622 43.68000030517578 31.579999923706055 AB 2.2144721371501093 1.1810518064800584
61258.2353 lsst_hardware_u -3.845276298859431 3.009999990463257 28.450000762939453 AB 2.499772637180702 1.1264042524189264
61258.2472 lsst_hardware_g 2.642124604926467 18.40999984741211 31.5 AB 2.5599609637685337 1.1186196040063507
61260.2382 lsst_hardware_r -8.344278907755001 22.610000610351562 31.479999542236328 AB 3.4737850723553807 1.1205758297920583
61260.2492 lsst_hardware_z 22.524561961913296 42.02000045776367 30.940000534057617 AB 3.4579973995015334 1.1154830320972688
61263.2343 lsst_hardware_g 10.214795295510447 13.619999885559082 31.389999389648438 AB 7.224235645506353 1.1182450305205645
61263.247 lsst_hardware_r -6.798810259491283 22.56999969482422 31.479999542236328 AB 7.233078227149341 1.113923751614375
61268.3172 lsst_hardware_u 2.1383888936471895 2.630000114440918 28.350000381469727 AB 5.68670912023471 1.1838678297563927
61268.3279 lsst_hardware_r -37.59352512698366 22.920000076293945 31.459999084472656 AB 5.810051381613514 1.2064477691531783
61274.2585 lsst_hardware_z 63.32894235773545 47.36000061035156 30.950000762939453 AB 2.0018008028368426 1.1265057978822974
61274.27 lsst_hardware_r -41.01805557634804 38.34000015258789 31.579999923706055 AB 2.04427680423502 1.1373943643740836
61276.2953 lsst_hardware_z -0.2493197005234634 56.779998779296875 30.959999084472656 AB 3.700329523988946 1.1837582119343344
61276.3051 lsst_hardware_r 116.62785889211227 66.12999725341797 31.610000610351562 AB 3.755354073414028 1.2042824393631302
61278.29 lsst_hardware_z 4.328527320994523 70.2300033569336 30.969999313354492 AB 2.606141098117075 1.1840713757914925
61278.3011 lsst_hardware_r 118.76261812065157 99.18000030517578 31.6200008392334 AB 3.265553668929866 1.2076007404364064
61281.2856 lsst_hardware_r -55.219955105954874 98.1500015258789 31.6200008392334 AB 7.263277344073625 1.1916779891835316
61281.2963 lsst_hardware_z 56.50646186931255 68.9000015258789 30.969999313354492 AB 8.496850177233892 1.2155722714211576
61286.2425 lsst_hardware_r 21.07824868705247 34.68000030517578 31.56999969482422 AB 0.8019825557904274 1.1435112487506096
61286.2543 lsst_hardware_y 8.710312320589022 48.97999954223633 30.010000228881836 AB 1.4602927930299117 1.1598830762747512
61297.0397 lsst_hardware_r 16.661438904391176 23.40999984741211 31.450000762939453 AB 1.835994979260161 1.3114249851858295
61297.0482 lsst_hardware_g -11.13993672918589 13.569999694824219 31.329999923706055 AB 1.502702140116362 1.2821690615327321
61299.1396 lsst_hardware_i 10.406686901334844 30.969999313354492 31.25 AB 3.55961295456523 1.1166537383938873
61299.1511 lsst_hardware_z 35.7696288393378 42.150001525878906 30.950000762939453 AB 3.561066431752312 1.1135582327303646
61303.2338 lsst_hardware_z -23.102215094987123 68.11000061035156 31.700000762939453 AB 7.041211263313311 1.2098301139714025
61305.2012 lsst_hardware_z 30.000707217478553 56.79999923706055 30.969999313354492 AB 2.6174183342645243 1.1580216056916377
61305.2136 lsst_hardware_r -24.054520746186768 67.06999969482422 31.610000610351562 AB 2.571630789701321 1.1789711356791852
61307.2029 lsst_hardware_i 157.59685985969458 69.58000183105469 31.309999465942383 AB 4.4385724744736175 1.169584314749115
61307.2136 lsst_hardware_r -42.07027313855676 86.06999969482422 31.6200008392334 AB 4.6296172388636 1.189623273369535
61309.2073 lsst_hardware_z 43.818736141750016 96.30999755859375 31.719999313354492 AB 4.014212122718802 1.1879296047503236
61311.1844 lsst_hardware_z -32.748756219666106 57.72999954223633 30.959999084472656 AB 5.293159941542274 1.1573964886754242
61311.1955 lsst_hardware_r 30.424731484547117 76.75 31.6200008392334 AB 5.371002156708954 1.1758100133267801
61313.1786 lsst_hardware_i -30.775091636811503 45.779998779296875 31.280000686645508 AB 4.8605767493087235 1.1568899575878113
61313.1912 lsst_hardware_z -105.60177501506534 49.70000076293945 30.950000762939453 AB 4.970228134103652 1.1779420063840254
61315.1824 lsst_hardware_i -3.1857893598203044 30.979999542236328 31.229999542236328 AB 5.338885539961547 1.1719219009209114
61315.1937 lsst_hardware_u -1.6605888232670276 3.5399999618530273 28.559999465942383 AB 5.3932590250522905 1.1936390317341847
61317.1821 lsst_hardware_g -4.085854831986387 13.239999771118164 31.360000610351562 AB 2.628740675697189 1.1813679914750304
61317.1946 lsst_hardware_r -8.226649797365326 22.520000457763672 31.450000762939453 AB 2.6870891470502563 1.2075900593439843
61319.0787 lsst_hardware_g -18.476251123218077 13.260000228881836 31.3799991607666 AB 4.233088494871059 1.1196918892246368
61319.0913 lsst_hardware_r 43.35492135509151 22.270000457763672 31.479999542236328 AB 3.8111160030123843 1.114578671187156
61321.0748 lsst_hardware_i -3.70581555510102 30.6200008392334 31.239999771118164 AB 6.029501082048183 1.1188534203095533
61321.0857 lsst_hardware_z -48.3043966262413 41.95000076293945 30.950000762939453 AB 10.345863759168482 1.1146157896104518
61323.1639 lsst_hardware_g 1.258559170906704 13.449999809265137 31.3799991607666 AB 3.745905445978086 1.1779576874144924
61323.1755 lsst_hardware_r -0.6152055181763098 22.770000457763672 31.469999313354492 AB 4.172735947127183 1.2014788215167522
61328.1603 lsst_hardware_g 18.522426877264497 13.34000015258789 31.360000610351562 AB 7.469686093484782 1.1981051008729526
61328.1715 lsst_hardware_r -25.061939900414135 22.700000762939453 31.459999084472656 AB 8.024097747070368 1.2243054237216022
61332.1558 lsst_hardware_z 7.337898441674785 47.779998779296875 30.950000762939453 AB 4.6912542453825505 1.2126281868123936
61332.1669 lsst_hardware_g -45.06707838493581 35.72999954223633 31.610000610351562 AB 3.2203011319499555 1.2409638273410233
61334.1428 lsst_hardware_z -31.952304817696017 54.220001220703125 30.959999084472656 AB 3.236011522150352 1.1957180153283724
61334.1539 lsst_hardware_r -33.79914867195711 59.779998779296875 31.600000381469727 AB 3.310434726066298 1.221262196040012
61337.1403 lsst_hardware_i 34.293689390041315 62.88999938964844 31.290000915527344 AB 3.4113867985343416 1.2083190643883261
61337.1514 lsst_hardware_z 40.48852298558051 60.47999954223633 30.959999084472656 AB 3.4853969902432818 1.2359563795188944
61340.0822 lsst_hardware_i -2.555772517688606 59.400001525878906 31.309999465942383 AB 3.279834941832656 1.1298736665898799
61340.0933 lsst_hardware_z -71.21268200420093 56.81999969482422 30.969999313354492 AB 4.8029399197388 1.1414282694354037
61342.146 lsst_hardware_g -19.52601846129728 49.15999984741211 31.639999389648438 AB 3.623029174728652 1.2593080204131568
61342.1557 lsst_hardware_r 118.41265625885445 53.2400016784668 31.579999923706055 AB 3.7058844649607012 1.290050289496647
61343.0855 lsst_hardware_g -15.890321576930988 13.729999542236328 31.40999984741211 AB 6.851372212522346 1.1418953687537243
61343.0967 lsst_hardware_r 1.1958811001651943 22.940000534057617 31.489999771118164 AB 6.941601228723078 1.156933538120513
