data/validation/pwv_sim_epoch_fit_epoch/47310737.ecsv
# %ECSV 0.9
# ---
# datatype:
# - {name: time, datatype: float64}
# - {name: band, datatype: string}
# - {name: flux, datatype: float64}
# - {name: fluxerr, datatype: float64}
# - {name: zp, datatype: float64}
# - {name: zpsys, datatype: string}
# - {name: pwv, datatype: float64}
# - {name: airmass, datatype: float64}
# meta: {SNID: '47310737', alt: 1024.0, c: -0.014010257087647915, dec: -5.079716, lat: -30.244573, lon: -70.7499537, ra: 186.855469, t0: 61461.12109375,
#   x0: 3.2708016664725707e-06, x1: 0.24175363779067993, z: 0.7296871542930603}
# schema: astropy-2.0
time band flux fluxerr zp zpsys pwv airmass
61428.3585 lsst_hardware_i 14.849483966772574 73.85497025151834 31.329999923706055 AB 10.439180873463167 1.1101378075677386
61430.363 lsst_hardware_z -74.83732072913394 106.08965775207344 31.739999771118164 AB 10.570007582517404 1.1047826059595032
61432.3577 lsst_hardware_i 47.48713224910439 72.73543687100101 31.31999969482422 AB 12.134536596439151 1.104729832010238
61432.3757 lsst_hardware_y -17.81205226090594 70.35329304974515 30.049999237060547 AB 11.609820186372641 1.1056971606069181
61436.3588 lsst_hardware_g 27.415574286252628 21.458764719938017 31.559999465942383 AB 12.749778200701627 1.1038769004936473
61436.3781 lsst_hardware_y 7.258514200433303 60.03999145708734 30.040000915527344 AB 13.136369475412852 1.1151811658940556
61438.3628 lsst_hardware_z 94.55297243286024 44.72976168123469 30.950000762939453 AB 10.940156315054828 1.1074433825185155
61438.3818 lsst_hardware_y 95.93099840152891 67.55637956101847 30.040000915527344 AB 10.711241488606756 1.1261950886980083
61440.3349 lsst_hardware_r 243.85596280196708 29.28688388311932 31.520000457763672 AB 9.236402751943205 1.1050531707210283
61440.3516 lsst_hardware_u 8.468484402868745 3.3285725734311864 28.510000228881836 AB 9.248904197590317 1.1048304767369244
61442.3274 lsst_hardware_g 75.95782981709411 17.91429435339537 31.459999084472656 AB 3.645798308600958 1.105876487025391
61442.3464 lsst_hardware_r 335.4607225919016 30.748695606993603 31.510000228881836 AB 4.905835928347868 1.1049180018801343
61443.3316 lsst_hardware_i 546.3119697688658 38.86139179256103 31.260000228881836 AB 4.048128429166782 1.1037841660986454
61443.3508 lsst_hardware_z 241.6533889150246 46.20412823455154 30.950000762939453 AB 5.308641141117051 1.1084493691323474
61445.2857 lsst_hardware_r 533.2113586094706 33.190610431947036 31.5 AB 6.054651904362517 1.1454127704053163
61445.3034 lsst_hardware_u 6.895754259710093 3.2805402979725438 28.420000076293945 AB 6.114419254409111 1.1182697186976565
61447.3332 lsst_hardware_i 829.2255709270205 41.8563182423148 31.25 AB 4.186028709682836 1.10507621691735
61447.3511 lsst_hardware_z 385.7395503047145 47.89322385627844 30.940000534057617 AB 5.025839928771862 1.1184066600883238
61452.2628 lsst_hardware_u 2.2101240296824614 3.181999819402369 28.440000534057617 AB 5.24985271058451 1.1531801670696278
61452.2791 lsst_hardware_g 203.01564487990981 20.838150460783908 31.440000534057617 AB 5.079604682607335 1.1247187281586835
61456.3007 lsst_hardware_z 732.365702101144 77.31322280436702 30.989999771118164 AB 4.002010220784967 1.1034954652899724
61456.3188 lsst_hardware_r 1272.629286109853 108.74334490970472 31.639999389648438 AB 4.019452998622193 1.1109599222283564
61458.3025 lsst_hardware_z 669.6529052521711 98.53376366966687 30.989999771118164 AB 12.370865902080528 1.1048375370260364
61458.3187 lsst_hardware_r 1059.4760899666726 143.35343261502933 31.639999389648438 AB 12.429105629802322 1.1158438451174792
61460.2959 lsst_hardware_i 1147.8779368951264 98.09031443169832 31.329999923706055 AB 10.957831076153024 1.1044808946607558
61460.3144 lsst_hardware_z 858.86023768651 84.57206883395006 30.979999542236328 AB 11.065282669762075 1.1170659221753954
61462.3048 lsst_hardware_r 959.3113451747678 66.47153799997358 31.6299991607666 AB 7.330047484570584 1.1129741094094419
61462.3229 lsst_hardware_z 656.3645839231519 60.08753312639392 30.969999313354492 AB 7.465561688364079 1.136541412011176
61464.274 lsst_hardware_y 318.2436248326547 51.455331741525406 30.020000457763672 AB 6.032191487543808 1.1038198458404602
61464.2937 lsst_hardware_g 114.64441414988819 32.04151971222346 31.6200008392334 AB 5.807645632750917 1.1085937738488987
61466.2784 lsst_hardware_r 761.3144906123833 37.8739466500236 31.510000228881836 AB 3.853963079509021 1.1041819538274342
61466.2983 lsst_hardware_i 1095.9719222729623 46.545168579719046 31.25 AB 3.8870476705011536 1.1173690752428758
61468.2716 lsst_hardware_z 582.5661780218861 49.799394764786356 30.93000030517578 AB 6.345001085099059 1.1038944097948316
61468.2904 lsst_hardware_r 622.8237423203407 35.80712601470905 31.489999771118164 AB 6.47812898386399 1.114836480802637
61470.2711 lsst_hardware_u 1.3371635426462363 2.8090076777442974 28.399999618530273 AB 8.61964661268714 1.1053308899672505
61470.29 lsst_hardware_r 598.6669027219525 35.174175481703415 31.5 AB 8.737852259948346 1.1203811078277146
61472.2691 lsst_hardware_i 906.9336346028574 43.87183850023374 31.25 AB 10.958741228057125 1.1069435583896086
61472.2876 lsst_hardware_z 608.4102058234071 49.44273157545527 30.940000534057617 AB 11.13046320341637 1.1242892124663
61474.2674 lsst_hardware_r 532.4010983238203 33.69467470927997 31.510000228881836 AB 10.504507883907253 1.1092698206296105
61474.2877 lsst_hardware_u 3.055819944278125 2.8220376061819765 28.420000076293945 AB 10.730602903719374 1.1324875759182382
61476.2406 lsst_hardware_u -4.659771003263229 2.691543388761768 28.34000015258789 AB 8.16910000056382 1.1039324325086242
61476.2597 lsst_hardware_g 56.91879258565256 17.114688716233175 31.440000534057617 AB 8.85824715558747 1.1078117208980272
61477.2373 lsst_hardware_r 437.93310614084703 32.460524296727286 31.510000228881836 AB 15.499389780117516 1.1040499890861235
61477.2554 lsst_hardware_i 747.1302890042786 41.836925163414946 31.25 AB 16.7867579388111 1.1069165160988503
61479.0658 lsst_hardware_z 469.8368222168908 57.90421872111193 30.829999923706055 AB 21.398253507116582 2.2122774367657363
61481.2529 lsst_hardware_z 994.8320030942551 68.32912729182728 31.700000762939453 AB 8.79227295318341 1.112945943440938
61481.272 lsst_hardware_r 744.7288403286449 44.19172860403007 32.25 AB 8.992055646578049 1.1382348919719047
61489.2368 lsst_hardware_y 52.99412004148016 58.39694105657794 30.040000915527344 AB 7.921684298501882 1.1188161193670842
61489.257 lsst_hardware_r 215.67935221867077 95.13148020842125 31.6299991607666 AB 7.471144808709099 1.1514736412086746
61492.2144 lsst_hardware_i 295.0403961020792 45.940255440680396 31.290000915527344 AB 8.497956941654156 1.1068891466204613
61492.2326 lsst_hardware_z 341.0528838976121 50.9216913153703 30.959999084472656 AB 8.566033058702647 1.1237580538791299
61494.2075 lsst_hardware_r 130.54503510647697 32.22989560202319 31.559999465942383 AB 7.520428729252515 1.1061622959284931
61494.224 lsst_hardware_g -11.386106130789557 26.15296358875062 31.600000381469727 AB 7.233224924283388 1.119809824174294
61497.2097 lsst_hardware_r 117.1531501120612 27.20310532405972 31.510000228881836 AB 9.472296058830665 1.113383543333157
61497.2263 lsst_hardware_i 295.7347332449309 36.06615075861502 31.25 AB 9.668995582249025 1.134769843781671
61501.178 lsst_hardware_r 61.40694484119191 26.616045026205104 31.510000228881836 AB 15.088044999225533 1.1034919183226455
61501.1949 lsst_hardware_u 4.310223047615104 2.7900900221348897 28.3799991607666 AB 15.245665571332585 1.1101482248112273
61503.1769 lsst_hardware_g -16.475073902087544 16.37491393335404 31.450000762939453 AB 9.226297790532442 1.1040643546708147
61503.1947 lsst_hardware_r 39.67653833613729 26.548774087847107 31.5 AB 9.283542575647617 1.1146939254329737
61505.1869 lsst_hardware_z 102.27694625680569 45.28465483456349 30.950000762939453 AB 5.46175448387401 1.112524677595195
61505.2039 lsst_hardware_u -2.487727139564877 2.8516936005222195 28.399999618530273 AB 5.618588202620973 1.1338466707831911
61511.1633 lsst_hardware_r 96.78514905346866 58.46107569240708 31.6299991607666 AB 18.492172171253653 1.1073156988774644
61511.1793 lsst_hardware_z 159.88164768721444 54.778972225724615 30.969999313354492 AB 19.13869099576265 1.1219116592861627
61513.1154 lsst_hardware_r 74.3709150768519 114.70326566513316 31.649999618530273 AB 12.667468711946363 1.12101493026074
61513.1343 lsst_hardware_i 203.0746244717132 95.12779903489616 31.329999923706055 AB 13.001483661166542 1.105537002451734
61515.1555 lsst_hardware_z 261.88189183273414 108.74355989463591 31.0 AB 7.234916978638149 1.1092953905789025
61515.1731 lsst_hardware_i 119.0233263197317 130.74390508670874 31.329999923706055 AB 3.5417259481767234 1.1283873988615607
61518.1618 lsst_hardware_z 254.41400055848476 89.48804039136596 31.719999313354492 AB 6.019352746563468 1.1240096627726939
61524.1214 lsst_hardware_r 53.64838413376349 25.447037966230383 31.510000228881836 AB 9.750898290767754 1.1045421715867478
61524.1405 lsst_hardware_g 40.906209966775926 16.151502426690158 31.450000762939453 AB 9.116843699327408 1.1179795455810917
61526.1196 lsst_hardware_r 15.784632562500391 25.360051174451673 31.5 AB 10.783056445221087 1.1059166980842796
61526.1365 lsst_hardware_i 128.70796213171178 33.53410446907402 31.25 AB 10.432506481924957 1.1196579744667294
61530.1161 lsst_hardware_u 0.9869482570812664 2.8688551713898383 28.440000534057617 AB 10.323927792294498 1.110438068116935
61530.1336 lsst_hardware_g -15.573305001307764 15.705154393611425 31.450000762939453 AB 9.619932480994112 1.1305929168202278
61532.1079 lsst_hardware_r 63.73996643714138 25.251955276087738 31.510000228881836 AB 7.373171210692482 1.1084975134469641
61532.1265 lsst_hardware_i 97.98145488718417 33.340456895577745 31.25 AB 6.957861921620653 1.128118995020373
61533.1106 lsst_hardware_z 66.06442962268801 43.71032263150517 30.950000762939453 AB 11.465946570667146 1.1126585706615377
61533.1283 lsst_hardware_u -3.01311755379203 2.8682963607116907 28.459999084472656 AB 11.207901794315543 1.1352648057042838
61535.1076 lsst_hardware_g 11.38961177066568 15.507231002845026 31.440000534057617 AB 8.27971687133324 1.1149632199479882
61535.1258 lsst_hardware_r 43.57218200262981 25.242807529220407 31.5 AB 8.076849055455604 1.1404623011762929
61538.9758 lsst_hardware_i -32.614896052911185 49.19271130796989 31.25 AB 9.72644870873171 1.335011489508859
61538.9894 lsst_hardware_z -6.70606339082431 52.96808415068973 30.940000534057617 AB 9.224654733313768 1.2675872205909355
61541.0464 lsst_hardware_z 138.63277498175242 107.63969395532469 31.729999542236328 AB 5.658837709976172 1.1130679996019222
61543.0393 lsst_hardware_r 59.782291381865825 118.60551097768425 31.639999389648438 AB 8.11108556052312 1.1146066616235608
61543.0577 lsst_hardware_i 178.70029616451038 95.74072070828511 31.329999923706055 AB 9.197505138310374 1.1039214008774203
61547.0413 lsst_hardware_z 95.1221691817325 83.13646326673815 31.719999313354492 AB 5.028669485956386 1.105607069099912
61551.0312 lsst_hardware_g 20.27966202476138 15.359999656677246 31.440000534057617 AB 6.277496639729128 1.105274149757898
61551.0503 lsst_hardware_r 6.96093323136614 24.40999984741211 31.5 AB 5.777471959492378 1.1054717932537546
61553.0365 lsst_hardware_i -3.900160011582894 32.119998931884766 31.25 AB 7.776762631749932 1.1035173481500022
61553.0598 lsst_hardware_z 8.982846729750339 42.720001220703125 30.940000534057617 AB 8.261851353261344 1.1163406850483009
61556.9777 lsst_hardware_u 1.6855572796747902 2.859999895095825 28.459999084472656 AB 7.91249421139722 1.1498211453022362
61556.9898 lsst_hardware_g 9.73068710085613 15.75 31.450000762939453 AB 7.739809335502337 1.1284165819365
61560.002 lsst_hardware_r -28.598017662548614 24.950000762939453 31.510000228881836 AB 12.535269727996646 1.1075190453243982
61560.0215 lsst_hardware_i -22.2650228892542 32.369998931884766 31.25 AB 12.46689896062427 1.104120355197519
61561.9919 lsst_hardware_z -73.2137878681714 43.08000183105469 30.950000762939453 AB 4.775920548028418 1.1106791972159114
61562.0106 lsst_hardware_u 0.3831609263257389 2.8299999237060547 28.440000534057617 AB 4.88149597580831 1.1034746483884283
61570.961 lsst_hardware_y 15.218672859144574 58.68000030517578 30.030000686645508 AB 14.45843688244537 1.116481612544044
61570.9797 lsst_hardware_z -65.99192445295537 66.06999969482422 30.979999542236328 AB 14.260579873672793 1.1042728723612198
61572.9618 lsst_hardware_y 10.74510504268698 56.619998931884766 30.040000915527344 AB 7.947555411991332 1.110730640018427
61572.9808 lsst_hardware_i 99.94804907904765 68.2699966430664 31.31999969482422 AB 8.016496903845225 1.1034787024805726
61574.9614 lsst_hardware_y -29.18970865781707 57.15999984741211 30.040000915527344 AB 6.652746108460118 1.1073145986118704
61574.9816 lsst_hardware_i -142.2696567020911 64.68000030517578 31.31999969482422 AB 7.029448287199654 1.1043909327886337
61576.9563 lsst_hardware_y -48.025628222327086 58.34000015258789 30.030000686645508 AB 4.75947684233085 1.1071125476463084
61576.9758 lsst_hardware_g 7.000176445359251 39.77000045776367 31.65999984741211 AB 6.018250313523715 1.104299883211789
61578.9562 lsst_hardware_y 47.8191204824699 58.900001525878906 30.040000915527344 AB 6.004356874935526 1.1047574746895277
61578.9755 lsst_hardware_i -20.13764102954683 33.02000045776367 31.25 AB 10.077291681482707 1.1062094658454038
61795.3634 lsst_hardware_g -5.040062674175686 17.3700008392334 31.479999542236328 AB 10.734335978338827 1.1048291597912852
61797.3592 lsst_hardware_z -18.34610461619036 43.36000061035156 30.940000534057617 AB 12.093903188438833 1.1044324241367538
61797.3766 lsst_hardware_y -64.15662869281772 64.79000091552734 30.030000686645508 AB 11.610186636988411 1.105732060665563
61799.3587 lsst_hardware_u 0.8271204605629551 2.880000114440918 28.420000076293945 AB 12.799424963291289 1.1035176172683512
61799.3782 lsst_hardware_y 33.286384489356735 64.94999694824219 30.040000915527344 AB 13.064330483944769 1.1098743083803218
61801.3583 lsst_hardware_r 2.694057190658384 24.6299991607666 31.5 AB 12.718984491399222 1.1036394222263326
61801.3758 lsst_hardware_y -85.59615802925393 55.029998779296875 30.030000686645508 AB 13.216791445135868 1.1123294690299148
61803.2672 lsst_hardware_r 21.839134179666377 25.1299991607666 31.469999313354492 AB 11.581357697969883 1.2617232484987346
61805.361 lsst_hardware_g 5.085277477766727 15.600000381469727 31.450000762939453 AB 9.262509999558548 1.1092826346776705
61805.3835 lsst_hardware_z 119.04920801570391 63.9900016784668 30.979999542236328 AB 8.657419813048852 1.136218887466205
61807.3323 lsst_hardware_r -15.903963714578907 24.3700008392334 31.5 AB 3.740870820522901 1.104316109379454
61807.3507 lsst_hardware_i -0.1262562088989459 31.959999084472656 31.239999771118164 AB 4.8312033095342315 1.1063824372979156
61810.2889 lsst_hardware_z 94.91745289020042 59.91999816894531 30.969999313354492 AB 6.014849128500533 1.1406161432049051
61810.3092 lsst_hardware_g -97.97655046226743 79.58999633789062 31.690000534057617 AB 6.093321859910321 1.1130371467550135
61812.3367 lsst_hardware_z -157.62361112891438 78.47000122070312 30.989999771118164 AB 4.892209084813183 1.1062089507774298
61812.3531 lsst_hardware_r -95.47220673924015 115.3499984741211 31.639999389648438 AB 4.95848435156948 1.1198654737890628
61814.3464 lsst_hardware_y 22.601561583800613 92.0999984741211 30.790000915527344 AB 6.200538275091623 1.1184232097928666
61816.3062 lsst_hardware_z -14.398209575199097 60.099998474121094 30.979999542236328 AB 4.421402357015981 1.1047751855115593
61816.3229 lsst_hardware_r -77.02676175103234 71.61000061035156 31.639999389648438 AB 4.4043224082546475 1.1049941229156728
61818.2577 lsst_hardware_i 5.222572330789991 39.470001220703125 31.260000228881836 AB 5.1738582240972075 1.1599495317919943
61818.2751 lsst_hardware_z -54.32671740778313 46.529998779296875 30.950000762939453 AB 4.97195781062548 1.1274280749717642
61820.2971 lsst_hardware_r 41.45666994212524 26.65999984741211 31.530000686645508 AB 2.8355790175570887 1.1042332698583504
61820.3153 lsst_hardware_z -75.15507617528041 43.2599983215332 30.950000762939453 AB 2.9075869731927133 1.106422821573254
61822.3027 lsst_hardware_g 17.378542422090657 15.59000015258789 31.450000762939453 AB 7.165251081169406 1.1039172793851875
61822.3195 lsst_hardware_i -83.06851278258887 32.4900016784668 31.25 AB 7.211201981452774 1.1132406702186137
61824.2982 lsst_hardware_z -61.67366594265809 42.47999954223633 30.940000534057617 AB 12.163088995971266 1.1041293569327428
61824.3151 lsst_hardware_r -44.68418751140718 24.34000015258789 31.489999771118164 AB 12.240960354791529 1.1142326920436492
