data/validation/pwv_sim_epoch_fit_epoch/47361919.ecsv
# %ECSV 0.9
# ---
# datatype:
# - {name: time, datatype: float64}
# - {name: band, datatype: string}
# - {name: flux, datatype: float64}
# - {name: fluxerr, datatype: float64}
# - {name: zp, datatype: float64}
# - {name: zpsys, datatype: string}
# - {name: pwv, datatype: float64}
# - {name: airmass, datatype: float64}
# meta: {SNID: '47361919', alt: 1024.0, c: -0.030238088220357895, dec: -41.41119, lat: -30.244573, lon: -70.7499537, ra: 208.300781, t0: 60497.8046875,
#   x0: 4.577837863778591e-06, x1: 0.1825610250234604, z: 0.6359424591064453}
# schema: astropy-2.0
time band flux fluxerr zp zpsys pwv airmass
60352.3762 lsst_hardware_i -42.696290197401304 31.139999389648438 31.260000228881836 AB 5.2228113236039775 1.0201467524455976
60352.3872 lsst_hardware_y -29.63519044356716 61.86000061035156 30.06999969482422 AB 5.2915054377060935 1.020082014722943
60354.377 lsst_hardware_g 8.042068076975593 14.880000114440918 31.450000762939453 AB 2.5788570092556404 1.019714119911301
60354.3881 lsst_hardware_y 76.0965125781191 60.88999938964844 30.06999969482422 AB 2.5801064185273557 1.0215209021191154
60356.3705 lsst_hardware_i 36.89387009189453 30.40999984741211 31.25 AB 3.614801055736537 1.0197139723274486
60356.3822 lsst_hardware_y -90.78297566096813 49.439998626708984 30.059999465942383 AB 3.540126723324595 1.0213868215016142
60359.3703 lsst_hardware_u 1.0682607253150451 2.880000114440918 28.579999923706055 AB 3.133238875244979 1.0204604831846857
60359.3818 lsst_hardware_z 4.879506126544997 41.83000183105469 30.959999084472656 AB 2.2055814785687184 1.024541390578896
60365.3654 lsst_hardware_i -31.26932544452894 67.68000030517578 31.329999923706055 AB 8.810982767446076 1.0245328799355902
60365.3768 lsst_hardware_z 15.153884872449465 61.150001525878906 30.979999542236328 AB 8.3602950724352 1.0321351941278025
60367.3567 lsst_hardware_z -5.655774611429839 61.68000030517578 30.979999542236328 AB 5.319723928400342 1.0230238323846812
60367.3704 lsst_hardware_r 0.36163827210266647 83.9000015258789 31.649999618530273 AB 5.363135252447683 1.0313721639322466
60369.3558 lsst_hardware_i 16.385642787906455 65.5199966430664 31.329999923706055 AB 4.388414687044251 1.0252307260689693
60369.3677 lsst_hardware_r 35.92888332392751 78.48999786376953 31.65999984741211 AB 4.400484679632243 1.0336853509951438
60372.3503 lsst_hardware_z 28.273211599847706 45.9900016784668 30.959999084472656 AB 7.404506966724908 1.0267993713607488
60372.3626 lsst_hardware_g -63.81330567773691 38.439998626708984 31.690000534057617 AB 7.568754973631233 1.0365317685060575
60375.3488 lsst_hardware_g 2.4696806847437944 15.380000114440918 31.450000762939453 AB 8.87147572121517 1.0315669443273454
60375.3608 lsst_hardware_r -18.42681667920766 23.459999084472656 31.5 AB 8.972302400221203 1.0432909767699075
60381.3436 lsst_hardware_g 5.05954632599182 13.770000457763672 31.420000076293945 AB 13.357313105455816 1.0423592887319815
60381.3572 lsst_hardware_r 13.903987579263438 22.6299991607666 31.489999771118164 AB 13.59202382462562 1.0604684266697186
60386.3158 lsst_hardware_u -1.7930307068942726 2.619999885559082 28.399999618530273 AB 6.213545114765537 1.029300681628747
60386.3289 lsst_hardware_g -1.9942105873588323 13.789999961853027 31.420000076293945 AB 6.477614174066964 1.041193877100348
60388.2705 lsst_hardware_g 1.5208813204231093 13.640000343322754 31.40999984741211 AB 5.103572283153884 1.0220260567369226
60388.2816 lsst_hardware_r -9.0126977925592 22.290000915527344 31.489999771118164 AB 5.091221163601669 1.0197738935606748
60390.2905 lsst_hardware_i 99.00264718452631 39.849998474121094 31.290000915527344 AB 5.396620635463437 1.0217485938303474
60390.3029 lsst_hardware_z -65.53024661386715 44.97999954223633 30.959999084472656 AB 5.945692290385685 1.0279254788161436
60396.3058 lsst_hardware_r -70.12125138567195 114.31999969482422 31.65999984741211 AB 7.669026751645109 1.0460616647692702
60396.3133 lsst_hardware_y 44.8367312476878 60.77000045776367 30.059999465942383 AB 7.739547746253742 1.0560649157991708
60398.2441 lsst_hardware_z 12.068510089974763 93.66000366210938 31.739999771118164 AB 6.682061120450554 1.0217218838609086
60402.2332 lsst_hardware_i 19.881977936954154 34.209999084472656 31.270000457763672 AB 7.311400545976985 1.0217161187782149
60402.2447 lsst_hardware_z -18.727362785255913 42.459999084472656 30.950000762939453 AB 7.333377650443344 1.0197285198419335
60414.2125 lsst_hardware_g -4.267578290674776 14.270000457763672 31.459999084472656 AB 10.29921989197724 1.0197247417799247
60414.2229 lsst_hardware_r -22.217607331361226 22.90999984741211 31.510000228881836 AB 10.24326942750375 1.02112741019842
60419.2076 lsst_hardware_z -63.314434725006464 68.25 31.719999313354492 AB 3.2533532898038375 1.0207132262509426
60421.2021 lsst_hardware_z 42.11509012345105 59.38999938964844 30.989999771118164 AB 9.417530663383612 1.020704564394257
60421.2136 lsst_hardware_r 10.012862156546992 79.54000091552734 31.65999984741211 AB 8.606717462125808 1.0251177126105053
60428.2032 lsst_hardware_z -151.54491030093752 53.27000045776367 30.969999313354492 AB 10.072933969310808 1.0308658629983087
60428.2082 lsst_hardware_r -57.25065146164664 63.79999923706055 31.649999618530273 AB 10.113822179131587 1.0351209926785876
60431.1952 lsst_hardware_i -12.798950889481382 33.7400016784668 31.280000686645508 AB 8.199156622721972 1.0310162367459255
60431.206 lsst_hardware_r 0.9074117840767191 29.969999313354492 31.56999969482422 AB 8.253283162015395 1.041160989279096
60444.1311 lsst_hardware_z 41.89241036711363 40.86000061035156 30.950000762939453 AB 7.125802462426085 1.0197320320686067
60444.1433 lsst_hardware_i -28.676665805468506 30.420000076293945 31.25 AB 7.132857923003445 1.021838417907734
60448.116 lsst_hardware_r -22.872375076191357 52.02000045776367 31.6299991607666 AB 8.17079471512118 1.0199256931101814
60448.1274 lsst_hardware_i -39.16710707533185 46.75 31.309999465942383 AB 7.653736695991818 1.0204982261322424
60457.1667 lsst_hardware_i -102.17911640479447 50.45000076293945 31.309999465942383 AB 8.24148437061553 1.0914427718998185
60457.1829 lsst_hardware_z 29.36093262562661 52.060001373291016 30.959999084472656 AB 8.5556973523535 1.1305594880438774
60459.1087 lsst_hardware_u 6.23741321617892 2.7799999713897705 28.520000457763672 AB 12.398026284787914 1.0245244321692317
60459.1211 lsst_hardware_g -2.3222401663895025 20.309999465942383 31.56999969482422 AB 12.592917219478439 1.032947172724594
60461.0956 lsst_hardware_r -27.06278717907072 22.649999618530273 31.5 AB 7.461220055565565 1.0214319689101348
60461.1091 lsst_hardware_i 19.9621301519276 30.389999389648438 31.260000228881836 AB 7.65361742781989 1.0279751201405656
60463.0972 lsst_hardware_z 6.238710970002114 40.790000915527344 30.950000762939453 AB 9.30876533461312 1.024235609243893
60463.1097 lsst_hardware_u 1.5198360832630615 2.5899999141693115 28.3700008392334 AB 9.384272836226895 1.0325436360485114
60465.0959 lsst_hardware_g -11.369934754939914 14.070076716962562 31.440000534057617 AB 9.232285205756718 1.0265223300355228
60465.108 lsst_hardware_r 44.97026219596939 22.750309396942356 31.5 AB 9.393440302664505 1.0358983929786707
60484.0256 lsst_hardware_z 602.4309293609766 64.08580697132797 30.989999771118164 AB 4.155559314153134 1.019956878972359
60484.0377 lsst_hardware_r 965.6166851440552 88.69740390383218 31.65999984741211 AB 4.118274427716976 1.0232373259747356
60486.0157 lsst_hardware_u 2.5104609779422438 3.640632181762586 28.43000030517578 AB 4.151688003184757 1.0197366963774581
60486.0288 lsst_hardware_g 323.95785874129143 25.49717272855516 31.520000457763672 AB 4.170052718839131 1.0219047669104486
60488.0132 lsst_hardware_r 1306.0012151348965 42.73662550271772 31.489999771118164 AB 7.376737433074913 1.019825451577177
60488.0253 lsst_hardware_i 1153.2077603843097 44.46177012354102 31.25 AB 7.33094928452095 1.0226258810142195
60494.0123 lsst_hardware_i 1369.150020642138 47.19232539295186 31.260000228881836 AB 8.090504146953158 1.0241144489814125
60494.0239 lsst_hardware_z 935.5150746788543 50.91846878144257 30.950000762939453 AB 8.149626457389667 1.0315982857455275
60496.0025 lsst_hardware_z 923.7869936170505 51.118811725030255 30.950000762939453 AB 5.82893760211328 1.0222619435484532
60496.0144 lsst_hardware_r 1541.411114135422 45.495456138611374 31.489999771118164 AB 5.874508932860829 1.0285704913378548
60501.9946 lsst_hardware_z 1022.7333403653502 51.34378207842687 30.950000762939453 AB 10.892364139006677 1.0263631197876744
60502.0067 lsst_hardware_r 1375.2548861253167 44.73866782668646 31.520000457763672 AB 9.990899529128097 1.0356483392897373
60504.9954 lsst_hardware_z 917.6804681104386 55.37491644307249 30.959999084472656 AB 6.5998730830440495 1.0328709277306216
60505.0072 lsst_hardware_r 1368.6326344987808 55.523922007790404 31.610000610351562 AB 5.558656970736025 1.0448930675903427
60715.3729 lsst_hardware_i -75.25008543478224 31.15999984741211 31.260000228881836 AB 6.768123078860024 1.0228128472196094
60715.3848 lsst_hardware_y -47.79994618243089 59.97999954223633 30.06999969482422 AB 6.709742804145047 1.019872747248057
60717.3695 lsst_hardware_g 23.413514637963832 44.5 31.709999084472656 AB 4.530667833843822 1.022031995001999
60717.3804 lsst_hardware_z 44.50303412708426 46.61000061035156 30.969999313354492 AB 3.890349252536288 1.0197953390369547
60719.3875 lsst_hardware_i 17.945650959552193 68.77999877929688 31.34000015258789 AB 5.1057854803539025 1.0211570960707805
60721.3713 lsst_hardware_r 72.83779092697493 77.2699966430664 31.65999984741211 AB 4.150310744762197 1.0197323697204512
60721.3823 lsst_hardware_y -45.19105501095828 55.0 30.059999465942383 AB 2.936037146185961 1.021230311716856
60723.3691 lsst_hardware_z -9.61667984825505 58.779998779296875 30.989999771118164 AB 4.2144864819286925 1.019839439063233
60723.3807 lsst_hardware_y -132.22081310026093 54.099998474121094 30.059999465942383 AB 3.3743336961098866 1.0225253624575414
60728.3618 lsst_hardware_r -43.1408365482066 27.559999465942383 31.549999237060547 AB 9.54686238407234 1.020863729683999
60728.3733 lsst_hardware_y 21.558832781612825 47.2400016784668 30.049999237060547 AB 9.626417128366052 1.0254778692765243
60730.3623 lsst_hardware_g -8.943015754372768 14.949999809265137 31.469999313354492 AB 10.336336814742051 1.0228089533842222
60730.3737 lsst_hardware_r 16.712937614630643 23.309999465942383 31.520000457763672 AB 10.390373736847112 1.0292169288221993
60734.3566 lsst_hardware_r 2.638803758704842 22.5 31.5 AB 4.89838382417395 1.025302736614135
60734.3675 lsst_hardware_u 0.2559761278761787 2.700000047683716 28.459999084472656 AB 4.956999165904282 1.0329233519283774
60737.3562 lsst_hardware_g 41.579961307049125 13.8100004196167 31.420000076293945 AB 6.0983256415512495 1.0304126682429597
60737.3681 lsst_hardware_i -40.458616006921886 30.3700008392334 31.25 AB 6.151514034245982 1.0415114906449543
60739.3528 lsst_hardware_z 6.630427568581544 40.880001068115234 30.950000762939453 AB 9.984445641824697 1.0320462706786488
60739.3653 lsst_hardware_r -24.97194755199437 22.59000015258789 31.5 AB 10.10544096496755 1.0445530012973272
60741.3402 lsst_hardware_r -38.9743819245407 22.420000076293945 31.489999771118164 AB 8.831270485723064 1.0268919169445423
60741.3523 lsst_hardware_u -1.356107578293593 2.640000104904175 28.40999984741211 AB 8.913650299203388 1.0364709650236499
60743.3386 lsst_hardware_g 12.577352068358131 13.65999984741211 31.40999984741211 AB 7.01563570050155 1.029503251678668
60743.351 lsst_hardware_r -8.278582169845661 22.450000762939453 31.489999771118164 AB 7.16314350446511 1.0407259855871047
60750.292 lsst_hardware_r 67.04743162096206 106.33999633789062 31.670000076293945 AB 7.836708396714834 1.0197408453760357
60750.3042 lsst_hardware_i 55.906710056723156 84.45999908447266 31.34000015258789 AB 7.842999844172566 1.021556475958654
60756.2896 lsst_hardware_r 7.213145391295465 35.88999938964844 31.610000610351562 AB 5.379865763104516 1.0221566072492312
60756.3032 lsst_hardware_z 10.188584717812983 44.209999084472656 30.969999313354492 AB 5.956767442685411 1.0295732170338372
60758.2862 lsst_hardware_r 48.37027685134283 24.860000610351562 31.540000915527344 AB 6.259557405137694 1.0229567182128632
60758.2982 lsst_hardware_y 68.03792928885832 47.13999938964844 30.049999237060547 AB 6.208320821170671 1.0299138721251853
60760.2859 lsst_hardware_r -17.100797134549605 22.719999313354492 31.510000228881836 AB 7.28080331496916 1.0254652556294592
60760.2978 lsst_hardware_i 41.126106601579785 30.43000030517578 31.260000228881836 AB 6.625815121823646 1.0340449131493845
60762.2892 lsst_hardware_z -17.401224616173774 41.0 30.959999084472656 AB 7.837936725730345 1.0313979374151696
60762.3014 lsst_hardware_r -10.89626764820181 22.670000076293945 31.5 AB 7.83841706297805 1.043267577148809
60764.2366 lsst_hardware_z 1.0748223814676932 40.959999084472656 30.959999084472656 AB 6.693830534614591 1.023938996728726
60764.2481 lsst_hardware_r -47.46954521799674 22.68000030517578 31.510000228881836 AB 6.539835901656107 1.0202552108667546
60769.2335 lsst_hardware_r -4.144368382654208 22.43000030517578 31.489999771118164 AB 5.612342248965505 1.0204258634482737
60769.245 lsst_hardware_z 2.3953020241208716 40.72999954223633 30.940000534057617 AB 5.609962213880308 1.0199931297964195
60771.226 lsst_hardware_r 5.055531069433748 22.65999984741211 31.5 AB 15.157230435638098 1.0208722398391248
60771.2376 lsst_hardware_u 1.0892740691918275 2.7200000286102295 28.469999313354492 AB 15.166749708149675 1.01981910356036
60773.2245 lsst_hardware_z -67.4568119418258 46.939998626708984 30.969999313354492 AB 9.394522450650761 1.0201088515980992
60773.237 lsst_hardware_r -46.14336483185621 45.66999816894531 31.6299991607666 AB 9.39763509113127 1.020446839199139
60775.2299 lsst_hardware_i 114.87239979511132 59.810001373291016 31.329999923706055 AB 5.018532183237308 1.0201651002650716
60775.2418 lsst_hardware_z 42.6748425067764 56.5 30.979999542236328 AB 4.998451281145142 1.023853191549599
60778.2115 lsst_hardware_r -30.832758285050993 133.67999267578125 31.670000076293945 AB 12.462232497369648 1.0200243499357877
60778.2231 lsst_hardware_z 41.33329705741604 86.37000274658203 31.0 AB 12.473118924388116 1.0204003619501476
60780.2068 lsst_hardware_z -10.193082367307241 79.44000244140625 31.0 AB 10.097399069702307 1.01993929996993
60780.2182 lsst_hardware_i -89.63177052811453 91.4000015258789 31.34000015258789 AB 10.251362717789016 1.0205099599604144
60784.2095 lsst_hardware_y 16.932186764150426 68.55000305175781 30.809999465942383 AB 9.165414440306519 1.021026487965815
60790.1967 lsst_hardware_g -3.80128450103348 14.350000381469727 31.450000762939453 AB 13.005861393253053 1.0221385599517756
60790.2087 lsst_hardware_r -45.409176268330995 23.139999389648438 31.510000228881836 AB 13.060620505988554 1.0283953154321697
60792.1877 lsst_hardware_i -35.07657638721044 30.329999923706055 31.239999771118164 AB 3.6336237145708585 1.0210393297002762
60792.2002 lsst_hardware_z 27.695451328973277 40.84000015258789 30.940000534057617 AB 3.6528375667607436 1.0264383749239883
60795.1932 lsst_hardware_g 9.777752137711715 14.329999923706055 31.440000534057617 AB 11.303381380997152 1.0271754806588755
60797.1878 lsst_hardware_z 23.739903904673696 41.029998779296875 30.950000762939453 AB 8.055929975840565 1.0272145331004865
60800.1869 lsst_hardware_y -9.483683523151015 47.2599983215332 30.059999465942383 AB 9.574217076388033 1.0325945940884418
60800.1995 lsst_hardware_g -46.801446034566005 17.010000228881836 31.520000457763672 AB 9.580539032372124 1.0454538446499482
60802.1408 lsst_hardware_z -56.977678566496905 67.95999908447266 31.719999313354492 AB 6.246944143992147 1.0210205628971094
60804.1419 lsst_hardware_r 6.595661539905498 79.43000030517578 31.65999984741211 AB 7.751127842266108 1.0198852424034353
60804.1523 lsst_hardware_i -51.28047152925324 65.41000366210938 31.34000015258789 AB 7.7553548108758505 1.0204414224836647
60812.1238 lsst_hardware_r 62.09406184784913 53.08000183105469 31.639999389648438 AB 8.696462185323597 1.0197540085979642
60812.1374 lsst_hardware_y 90.90082003459393 49.290000915527344 30.059999465942383 AB 8.208800621797014 1.0224257352386132
60814.1262 lsst_hardware_g -16.887132059582644 14.270000457763672 31.450000762939453 AB 7.655206689514651 1.0206942252686202
60814.1383 lsst_hardware_r -4.219443982245232 29.100000381469727 31.559999465942383 AB 7.69039285297489 1.0253857137299853
60819.1 lsst_hardware_z -13.368651191204913 40.75 30.950000762939453 AB 8.873825553596552 1.019979948689259
60819.1125 lsst_hardware_r 16.473839703262705 22.780000686645508 31.5 AB 8.879952664755429 1.0206842143397046
60823.0303 lsst_hardware_i 8.683425066540705 30.700000762939453 31.25 AB 7.544706322085954 1.0747062173121975
60824.1002 lsst_hardware_r 10.561612933300388 22.649999618530273 31.5 AB 9.76801749808314 1.0210115499198653
60824.1125 lsst_hardware_z -3.591340000305486 40.84000015258789 30.950000762939453 AB 9.851985315950925 1.0262484704115546
60826.1015 lsst_hardware_r -3.3522268245129734 22.6200008392334 31.5 AB 8.969610340264367 1.0233829398643939
60826.1136 lsst_hardware_u 1.4017740096579372 2.7100000381469727 28.459999084472656 AB 9.156361218708588 1.030734846383706
60830.0492 lsst_hardware_g -30.434738512954276 38.34000015258789 31.690000534057617 AB 11.796373598080045 1.0280810747110167
60830.0622 lsst_hardware_r -26.60276452448817 40.279998779296875 31.610000610351562 AB 11.745703016047472 1.0216468026889172
60842.0048 lsst_hardware_i -17.0774433277313 30.440000534057617 31.260000228881836 AB 9.503195493122956 1.037806649898761
60842.0131 lsst_hardware_u 6.523325643512643 2.7699999809265137 28.520000457763672 AB 9.429402388418112 1.030479469801444
60844.0826 lsst_hardware_r 23.871765543096046 22.639999389648438 31.5 AB 5.819946495560057 1.0495214887400919
60844.0944 lsst_hardware_z -138.73440601212542 41.45000076293945 30.950000762939453 AB 5.467516633385687 1.0670407168980653
60847.0245 lsst_hardware_r 51.636721576622946 22.489999771118164 31.5 AB 4.023803670449623 1.0198894061633044
60847.0362 lsst_hardware_i -20.030981452561353 30.09000015258789 31.25 AB 4.019773593682936 1.02072206026906
60861.0027 lsst_hardware_r 71.89746710111531 65.69000244140625 31.649999618530273 AB 3.8650672374317634 1.0220989653396455
60861.0144 lsst_hardware_i 104.63848311481969 57.290000915527344 31.31999969482422 AB 3.8951589670775864 1.0281081208193243
60863.0004 lsst_hardware_z -126.18786420404483 89.36000061035156 31.739999771118164 AB 3.070065432367568 1.0233551441225226
60865.0038 lsst_hardware_z -18.961214850441962 65.05000305175781 30.989999771118164 AB 2.497806025275902 1.028326893896971
60865.0161 lsst_hardware_r 20.296705555174253 92.83999633789062 31.65999984741211 AB 2.4976557318789006 1.038850257618343
60869.9975 lsst_hardware_i -37.330457339196776 30.3799991607666 31.25 AB 8.987044955600782 1.0341030556459938
60870.0096 lsst_hardware_u 2.8611542000601875 2.640000104904175 28.399999618530273 AB 7.295226563093345 1.0469738534607442
