data/validation/pwv_sim_epoch_fit_epoch/47468498.ecsv
# %ECSV 0.9
# ---
# datatype:
# - {name: time, datatype: float64}
# - {name: band, datatype: string}
# - {name: flux, datatype: float64}
# - {name: fluxerr, datatype: float64}
# - {name: zp, datatype: float64}
# - {name: zpsys, datatype: string}
# - {name: pwv, datatype: float64}
# - {name: airmass, datatype: float64}
# meta: {SNID: '47468498', alt: 1024.0, c: 0.07677379995584488, dec: -13.708317, lat: -30.244573, lon: -70.7499537, ra: 5.625, t0: 60522.30078125,
#   x0: 1.2776054288426772e-05, x1: 0.7138149738311768, z: 0.4152500033378601}
# schema: astropy-2.0
time band flux fluxerr zp zpsys pwv airmass
60490.425 lsst_hardware_i -40.57388740699365 39.56999969482422 31.290000915527344 AB 4.717942515820582 1.0484316701823515
60493.4225 lsst_hardware_u -1.9969138587403121 2.9800000190734863 28.510000228881836 AB 7.320209449011191 1.0457442070015988
60493.4406 lsst_hardware_z -12.331572171323186 49.83000183105469 30.969999313354492 AB 7.31538158892751 1.04505451270393
60495.3708 lsst_hardware_r 52.68768461193611 35.04937006260714 32.2599983215332 AB 5.057734630909274 1.104228505401973
60495.3909 lsst_hardware_y 14.986163258410455 67.54169119021161 30.790000915527344 AB 4.479537728189892 1.0681885566891896
60499.4158 lsst_hardware_u 7.395302909607359 3.2610355763677856 28.530000686645508 AB 2.1260666968885955 1.0438952685214054
60499.4352 lsst_hardware_y 67.2452430249361 50.689557777783705 30.049999237060547 AB 2.4254502593211105 1.050471112421169
60503.4126 lsst_hardware_r 1060.812142700205 39.20447512789707 31.520000457763672 AB 6.4112780821430855 1.044862790440529
60503.4312 lsst_hardware_y 204.71692631477111 50.53296091703526 30.040000915527344 AB 6.802788690278863 1.056196976107487
60506.3805 lsst_hardware_u 5.134813841351939 2.8960875512969615 28.399999618530273 AB 3.611785547853494 1.0489212626873652
60506.4 lsst_hardware_g 696.6415654440013 29.855642546138675 31.440000534057617 AB 3.654160450587988 1.0440458430251394
60508.3813 lsst_hardware_r 4503.49932161443 75.27453381136459 32.25 AB 1.9107512670947895 1.0458408686889926
60508.4023 lsst_hardware_i 1707.2944119686042 51.41408044675801 31.239999771118164 AB 1.947053363796278 1.0459593681419703
60516.3618 lsst_hardware_r 5056.167080880523 115.59289289906991 31.649999618530273 AB 7.487164926920407 1.0450609398762956
60516.3834 lsst_hardware_z 2392.0188663954978 84.34360363626516 30.989999771118164 AB 7.010111474362698 1.0472622183921865
60527.2897 lsst_hardware_r 4181.572049113433 68.56358511028422 31.489999771118164 AB 1.3175076828507302 1.0911036710979132
60527.3075 lsst_hardware_i 3317.699003164515 65.79863812480217 31.239999771118164 AB 2.876032704767633 1.0630973526740881
60529.3445 lsst_hardware_z 2506.653369357694 64.50182094557891 30.950000762939453 AB 2.578909291198035 1.045786411678035
60529.3637 lsst_hardware_r 3919.731109857591 66.89880367676749 31.5 AB 2.6277181947397823 1.0597774530105997
60531.3333 lsst_hardware_u 6.494968708909244 3.2241250197174187 28.510000228881836 AB 5.032976625523307 1.0442582389217734
60531.3525 lsst_hardware_g 994.1524536647512 35.283279104416735 31.450000762939453 AB 5.37714914643183 1.054136276501045
60535.3105 lsst_hardware_r 3153.3747465073834 60.52843075935933 31.520000457763672 AB 3.5406544731358642 1.0449031940787559
60535.3295 lsst_hardware_u 6.65776072005941 3.105861441256486 28.540000915527344 AB 3.509405805362598 1.0463344679077513
60537.2736 lsst_hardware_z 1952.3518880898969 62.91903977265879 30.959999084472656 AB 4.829625374769511 1.071939934473313
60537.2932 lsst_hardware_g 820.1698297409976 43.80971071425597 31.65999984741211 AB 5.057625771299618 1.0506805147772906
60539.2944 lsst_hardware_r 2785.2489985519273 83.22260683981627 31.649999618530273 AB 3.4732660364491608 1.0467950682486924
60539.3092 lsst_hardware_i 2503.2298305945274 73.67368345574044 31.31999969482422 AB 3.522934133141496 1.0439870004865373
60541.2974 lsst_hardware_z 1640.7298320829063 85.83040361842205 31.0 AB 2.4669538482485702 1.044213269099924
60541.3187 lsst_hardware_r 2711.9189251664593 122.12078752913311 31.65999984741211 AB 2.541842287630257 1.0492641022209523
60543.2961 lsst_hardware_z 3295.3773258276497 138.1135216152402 31.75 AB 1.884501179876912 1.0439003904594444
60549.2403 lsst_hardware_r 1283.1723959874791 43.073059699731544 31.520000457763672 AB 4.236071026772617 1.0727398877573842
60549.258 lsst_hardware_y 382.28631521691403 51.34368737267652 30.049999237060547 AB 3.8673016654725982 1.0525179167574883
60555.2396 lsst_hardware_r 871.9491509637778 37.82722071568709 31.520000457763672 AB 0.7896025211903331 1.054208973551264
60555.2574 lsst_hardware_i 1425.6710145692484 48.714204590900266 31.260000228881836 AB 1.299755661221187 1.0445397759613075
60557.2339 lsst_hardware_z 1139.1567319659223 53.76832226692891 30.940000534057617 AB 1.9106086794040433 1.054419800995368
60557.2518 lsst_hardware_r 727.1217629975977 36.16863838841151 31.5 AB 2.4347189267946767 1.044570150930859
60559.1956 lsst_hardware_i 1326.7280427892977 47.38522064274034 31.25 AB 2.490796178646093 1.1053011664726395
60559.2134 lsst_hardware_u 3.102567098139179 2.8241989310451396 28.469999313354492 AB 1.9907886812488746 1.0721418263615994
60566.1746 lsst_hardware_i 1998.590602484532 74.49914005350813 32.040000915527344 AB 0.9843624756023173 1.1096617855545146
60566.1911 lsst_hardware_r 1034.9415763219497 70.39586525071014 32.369998931884766 AB 0.9678375353018016 1.0770704278606713
60571.1918 lsst_hardware_z 925.0747097365419 108.53587136498487 31.0 AB 6.470247980260059 1.0581377783654375
60571.2108 lsst_hardware_r 771.4891857568763 155.60350890318406 31.65999984741211 AB 6.254168209548895 1.0453231170898316
60574.1089 lsst_hardware_i 719.734412300973 60.08179056344209 31.270000457763672 AB 4.11326553811995 1.267961016683011
60574.1321 lsst_hardware_z 767.451714536835 63.255678038577905 30.969999313354492 AB 3.9611437132851113 1.1693700843666481
60582.1491 lsst_hardware_g 78.29126944561003 17.263493824283703 31.440000534057617 AB 4.478867213859389 1.0744124133678368
60582.1677 lsst_hardware_r 340.18688310065073 29.859516383724365 31.510000228881836 AB 4.430288062804852 1.0526791824972161
60586.1457 lsst_hardware_i 569.2694448348296 38.484005354443894 31.25 AB 1.930757589117315 1.0639736898148926
60586.1648 lsst_hardware_u 0.07117168068307689 2.8860879781919593 28.420000076293945 AB 1.906815530513286 1.047413090092499
60588.1483 lsst_hardware_g 57.38123402747376 16.617203138828852 31.440000534057617 AB 4.551184465247934 1.0552859463795168
60588.1658 lsst_hardware_r 310.5656290728569 29.116785963458035 31.5 AB 4.5074482475261615 1.044902520435001
60590.1449 lsst_hardware_i 452.1584915264815 37.99912065056895 31.25 AB 5.2439859732466845 1.0534675675320624
60590.1633 lsst_hardware_r 217.33957545878513 29.03900269066788 31.510000228881836 AB 5.213825657189096 1.0442619068376198
60592.1336 lsst_hardware_z 418.76696729257816 47.049746854778164 30.959999084472656 AB 3.288591791024073 1.0590425218660018
60592.1519 lsst_hardware_g 34.88197323336204 18.53211050457827 31.520000457763672 AB 3.259974354146603 1.0458692185263403
60594.1355 lsst_hardware_r 53.36819766463532 34.709999084472656 31.59000015258789 AB 6.3254712804288475 1.0522284422238426
60594.1527 lsst_hardware_i -26.685450275059225 36.470001220703125 31.280000686645508 AB 6.284585943725527 1.0442113389923613
60596.1129 lsst_hardware_i 44.49797787962878 54.06999969482422 31.31999969482422 AB 7.7315633361508596 1.0713730113144682
60596.1321 lsst_hardware_z -1.7392530123367498 53.83000183105469 30.979999542236328 AB 8.773608214515113 1.0506895790007043
60599.112 lsst_hardware_i 32.500007969747244 112.45999908447266 31.34000015258789 AB 7.3024732074872984 1.0618175466489548
60599.13 lsst_hardware_z -156.70437472509823 92.56999969482422 31.0 AB 6.7012349817134895 1.0470679658927327
60601.1103 lsst_hardware_z 46.37365286921066 75.55999755859375 30.989999771118164 AB 4.4708661841067405 1.0577133491568103
60601.1278 lsst_hardware_r -0.2874723179482912 111.01000213623047 31.65999984741211 AB 3.864182610032306 1.0456925699167345
60603.1113 lsst_hardware_i 57.295091240848606 45.529998779296875 31.309999465942383 AB 2.7841245152501077 1.0519362148302212
60603.1281 lsst_hardware_r 49.4029621184201 52.189998626708984 31.639999389648438 AB 2.8155490377415093 1.0442140083106104
60605.0994 lsst_hardware_u -1.4570261269043898 2.7699999809265137 28.459999084472656 AB 5.61563318311749 1.057690830572145
60605.1168 lsst_hardware_g -16.613007734928402 14.869999885559082 31.450000762939453 AB 5.573168081702295 1.045720627019851
60607.1006 lsst_hardware_r -6.7513326146617 23.729999542236328 31.520000457763672 AB 4.785008514923958 1.0517658017197402
60607.1171 lsst_hardware_i -5.7632745496315 31.190000534057617 31.260000228881836 AB 4.726687651171135 1.0442257044452337
60609.092 lsst_hardware_z 46.83485665651903 41.56999969482422 30.950000762939453 AB 4.476757212725931 1.0543469648436525
60609.0981 lsst_hardware_r -32.749792038426776 23.59000015258789 31.520000457763672 AB 4.458477320628452 1.0496709407012756
60611.0801 lsst_hardware_i 8.342694040927903 31.25 31.270000457763672 AB 2.5371344152092856 1.0608227520038824
60611.0976 lsst_hardware_u 2.3210987776882166 2.9800000190734863 28.639999389648438 AB 3.0625107943639343 1.0468929333513903
60613.0759 lsst_hardware_g -3.2271338858643106 14.949999809265137 31.469999313354492 AB 4.3977720267543745 1.0594275454409992
60613.0927 lsst_hardware_r -7.650605743631229 23.809999465942383 31.530000686645508 AB 5.283940137274817 1.0466356615380443
60615.078 lsst_hardware_i 9.532011904568591 31.190000534057617 31.260000228881836 AB 6.951925637338687 1.0523520952665213
60615.0969 lsst_hardware_r 3.018616348947196 23.670000076293945 31.520000457763672 AB 5.895229505396676 1.0440193929272013
60617.077 lsst_hardware_u 1.9061231607977864 2.7100000381469727 28.420000076293945 AB 4.271271504777157 1.0491946707878057
60617.0966 lsst_hardware_g 17.30992662582985 14.579999923706055 31.450000762939453 AB 4.629332548131005 1.0440141059496062
60624.0582 lsst_hardware_i 59.78537153911805 45.900001525878906 31.309999465942383 AB 3.640729147683314 1.0489999465087678
60624.0767 lsst_hardware_z -45.07603292457307 48.91999816894531 30.969999313354492 AB 3.601284833351315 1.043951541216924
60626.0599 lsst_hardware_z 22.23033514046778 69.33999633789062 30.989999771118164 AB 4.567792048463836 1.045560411665542
60626.0774 lsst_hardware_r 88.10972948678891 89.33000183105469 31.649999618530273 AB 4.564460987157137 1.0450371443323132
60629.0492 lsst_hardware_i 142.16190757186652 79.37000274658203 31.329999923706055 AB 6.225225189521465 1.0465494854897757
60629.0672 lsst_hardware_r -98.28223807707553 100.7300033569336 31.65999984741211 AB 6.259872110254965 1.0445306374528918
60631.0281 lsst_hardware_z -16.124046574734255 43.11000061035156 30.950000762939453 AB 8.015326435931856 1.0580008715247031
60631.048 lsst_hardware_u 14.712587622153377 8.890000343322754 29.190000534057617 AB 6.860978765600527 1.0450047621051217
60633.029 lsst_hardware_y 41.75409166575949 49.060001373291016 30.049999237060547 AB 7.872885258516192 1.0522316990833023
60633.0495 lsst_hardware_r 33.838907944332746 23.6200008392334 31.510000228881836 AB 6.828541823315566 1.043906719830026
60635.0322 lsst_hardware_y 4.23069707156459 48.09000015258789 30.040000915527344 AB 4.833203265722726 1.0468276512286605
60635.053 lsst_hardware_z -24.812586850701997 41.209999084472656 30.950000762939453 AB 4.66474557498913 1.045086944099872
60642.0217 lsst_hardware_y 13.583894603860074 73.37000274658203 30.06999969482422 AB 6.422144837125271 1.0441945971154116
60642.0369 lsst_hardware_r -21.161764669363563 24.6200008392334 31.520000457763672 AB 6.476307241757152 1.046140519344756
60853.3927 lsst_hardware_r -10.661866000807063 24.780000686645508 31.510000228881836 AB 7.908221637446176 1.099675071547726
60853.4139 lsst_hardware_y -6.567454506929984 47.630001068115234 30.040000915527344 AB 7.63288969856174 1.0640645490560046
60862.4075 lsst_hardware_i 27.10598996808955 31.559999465942383 31.260000228881836 AB 5.140568792401021 1.0479550405818878
60862.4263 lsst_hardware_y 0.5894187198392141 47.72999954223633 30.049999237060547 AB 5.50191628881358 1.0442050272942835
60864.4065 lsst_hardware_r -13.898224618384173 41.40999984741211 31.610000610351562 AB 1.6266323552135065 1.0458976725369038
60864.4254 lsst_hardware_y -62.48193085026924 47.22999954223633 30.049999237060547 AB 2.2639796521508893 1.0452352964686544
60869.3949 lsst_hardware_z 21.042126362998733 64.08000183105469 30.989999771118164 AB 6.398877929997286 1.045198257152543
60869.4151 lsst_hardware_y 20.898357518362452 54.38999938964844 30.059999465942383 AB 6.423279365923598 1.0464775767226455
60871.3734 lsst_hardware_r -73.1330619021014 84.48999786376953 31.65999984741211 AB 3.9382248020255504 1.0548345525712857
60871.3963 lsst_hardware_y 60.012108339871354 55.560001373291016 30.059999465942383 AB 4.979729128756769 1.043968370808547
60880.3651 lsst_hardware_r -15.371415137242089 23.729999542236328 31.510000228881836 AB 5.305088015757844 1.0451316027891733
60880.3855 lsst_hardware_u 1.102559553852496 2.859999895095825 28.530000686645508 AB 5.565405459059873 1.0466698874530769
60882.3616 lsst_hardware_g 3.592222556438321 14.529999732971191 31.440000534057617 AB 7.449548656433001 1.044622135612742
60882.383 lsst_hardware_i -60.44153906945362 30.809999465942383 31.25 AB 7.093839126965135 1.04815698483755
60885.3323 lsst_hardware_r -20.9696930200797 33.41999816894531 32.2599983215332 AB 3.913089683449158 1.0575918063376102
60885.3528 lsst_hardware_z 175.61657542496562 58.52000045776367 31.700000762939453 AB 4.414746560001624 1.0447661806066122
60887.3343 lsst_hardware_r 26.80721700748645 23.6200008392334 31.510000228881836 AB 4.13102187434829 1.0511060279924407
60887.3539 lsst_hardware_u -0.2842032595344572 2.75 28.450000762939453 AB 4.129098073946587 1.0439317564334873
60889.3302 lsst_hardware_g -3.256749007293762 14.829999923706055 31.440000534057617 AB 1.4521833429504483 1.0501506638185718
60889.3513 lsst_hardware_r -6.293157132568638 23.739999771118164 31.510000228881836 AB 1.483258160891935 1.0440578326315828
60893.2807 lsst_hardware_r -25.96947551856188 58.33000183105469 31.6200008392334 AB 1.3723772310817894 1.1058640057065185
60893.3046 lsst_hardware_z 2.9997061582988804 50.459999084472656 30.969999313354492 AB 2.929724565116746 1.0641934490071725
60895.3255 lsst_hardware_z 68.42697233670356 64.61000061035156 30.989999771118164 AB 2.6401278740296883 1.0447676588958006
60895.346 lsst_hardware_i -19.72102585355538 72.52999877929688 31.329999923706055 AB 2.6508716382144235 1.0473613742451298
60898.3223 lsst_hardware_z -32.57197038290026 83.36000061035156 31.0 AB 5.888456819290725 1.0439909259424487
60898.3411 lsst_hardware_r -190.52949820022943 120.05999755859375 31.65999984741211 AB 5.6657396979785135 1.0492110551812062
60900.2858 lsst_hardware_r -11.162383387596186 84.61000061035156 31.649999618530273 AB 3.616954389750861 1.0638101146326062
60900.3052 lsst_hardware_y 147.2201788923432 55.4900016784668 30.059999465942383 AB 3.805934094727599 1.0472165719694393
60903.2795 lsst_hardware_g 24.95217917288378 25.729999542236328 31.6200008392334 AB 4.82583621940135 1.0615565814785195
60903.2981 lsst_hardware_r 16.59636548110345 32.61000061035156 31.579999923706055 AB 5.049038817441069 1.0467040823925513
60905.2921 lsst_hardware_i 58.47679299069828 30.90999984741211 31.25 AB 3.496560295748443 1.0469527047678548
60905.3115 lsst_hardware_z 17.827864844986976 41.349998474121094 30.950000762939453 AB 3.5026410265844676 1.044706890339115
60907.2571 lsst_hardware_r -26.468961840321242 23.6200008392334 31.510000228881836 AB 1.6839874949959326 1.0774646728846276
60907.2753 lsst_hardware_u -3.8282979552583174 2.7699999809265137 28.469999313354492 AB 1.7204391591376886 1.0546753465978167
60911.2857 lsst_hardware_z 41.72368540459316 58.59000015258789 31.700000762939453 AB 2.9672943071353095 1.0440866668315658
60911.3075 lsst_hardware_r 40.98230723495137 33.31999969482422 32.2599983215332 AB 3.257821378133107 1.0504583119517756
60931.205 lsst_hardware_u -0.6013761976288711 4.119999885559082 28.719999313354492 AB 2.3292343111203655 1.0593849201578374
60931.222 lsst_hardware_g -27.486862385656014 28.209999084472656 31.639999389648438 AB 2.5047474588445766 1.0465518630269819
60933.1901 lsst_hardware_r 40.03704249624805 24.34000015258789 31.520000457763672 AB 1.0766890643033604 1.0713324022924524
60933.2085 lsst_hardware_i 62.30446081623722 31.670000076293945 31.260000228881836 AB 0.8121017801680905 1.0512644403470428
