data/validation/pwv_sim_epoch_fit_epoch/47775937.ecsv
# %ECSV 0.9
# ---
# datatype:
# - {name: time, datatype: float64}
# - {name: band, datatype: string}
# - {name: flux, datatype: float64}
# - {name: fluxerr, datatype: float64}
# - {name: zp, datatype: float64}
# - {name: zpsys, datatype: string}
# - {name: pwv, datatype: float64}
# - {name: airmass, datatype: float64}
# meta: {SNID: '47775937', alt: 1024.0, c: 0.025583915412425995, dec: -43.406857, lat: -30.244573, lon: -70.7499537, ra: 92.358871, t0: 60373.70703125,
#   x0: 2.223502059880165e-05, x1: 0.5693222880363464, z: 0.3279387354850769}
# schema: astropy-2.0
time band flux fluxerr zp zpsys pwv airmass
60245.3692 lsst_hardware_z -140.84153916891592 75.37000274658203 31.0 AB 3.425518674118818 1.0306961558955372
60251.3672 lsst_hardware_i -17.105486344568035 64.41000366210938 31.31999969482422 AB 5.091742948653494 1.039873981140303
60261.3587 lsst_hardware_z -203.2750770869139 74.30999755859375 30.989999771118164 AB 4.433587157320056 1.0606033508330712
60263.349 lsst_hardware_u 2.177738828184028 21.93000030517578 29.459999084472656 AB 5.8154250659287845 1.055032138349669
60263.3598 lsst_hardware_g -33.773056801810604 70.18000030517578 31.709999084472656 AB 5.885766152502396 1.070301467343872
60265.3479 lsst_hardware_g -52.16381810383265 69.73999786376953 31.719999313354492 AB 3.376257759642313 1.0607711450936732
60268.3406 lsst_hardware_i -84.7608896011815 64.5199966430664 31.31999969482422 AB 5.335647733346321 1.0620141783767716
60268.3528 lsst_hardware_r 161.21078152948962 64.73999786376953 31.6299991607666 AB 5.43524422623125 1.0815150930203183
60270.3324 lsst_hardware_u 1.7970926556406583 21.899999618530273 29.459999084472656 AB 4.762212761908334 1.0582695026462963
60270.3442 lsst_hardware_g -161.97064828462652 70.08000183105469 31.709999084472656 AB 5.194610714746532 1.076045720299644
60272.3435 lsst_hardware_r 43.13152617172382 64.41000366210938 31.6299991607666 AB 9.083123907282141 1.0844657826977255
60272.3552 lsst_hardware_i -15.358085425534217 64.05000305175781 31.309999465942383 AB 9.29161962447169 1.1084103971773691
60274.3237 lsst_hardware_i 51.107395173835 64.4000015258789 31.31999969482422 AB 5.54382142888654 1.0612892787097785
60274.3362 lsst_hardware_z -8.789713398340409 75.0199966430664 30.989999771118164 AB 5.5137377562452095 1.0811250502441587
60276.323 lsst_hardware_i -51.29343501755947 63.66999816894531 31.31999969482422 AB 3.7450751160177957 1.0682664525472967
60276.3355 lsst_hardware_z 51.08714908776913 74.13999938964844 30.989999771118164 AB 4.154549830976172 1.0900038911127303
60278.3245 lsst_hardware_z 4.739934192613587 75.0999984741211 30.989999771118164 AB 6.286994830814489 1.079744933160282
60278.3366 lsst_hardware_r -8.451076688549167 64.3499984741211 31.6299991607666 AB 6.748662577624109 1.1035039915447937
60280.323 lsst_hardware_i -84.31423132019663 63.630001068115234 31.31999969482422 AB 7.077847850432763 1.086976556927365
60280.3345 lsst_hardware_r 44.46349296479598 63.7599983215332 31.6299991607666 AB 7.365986352028371 1.1110084995517384
60282.3191 lsst_hardware_z -31.505645936618134 106.04000091552734 31.739999771118164 AB 3.8557678594188625 1.0899697129097663
60290.2181 lsst_hardware_r -11.325237706304584 64.6500015258789 31.649999618530273 AB 12.931147273397412 1.028710429259381
60290.2302 lsst_hardware_u -11.015220838351299 22.1299991607666 29.479999542236328 AB 12.86389575025371 1.026996048161085
60293.2204 lsst_hardware_g -14.81175956479495 12.579999923706055 31.3799991607666 AB 8.286124830254252 1.0270031601525313
60293.2326 lsst_hardware_r 6.6114610586569365 21.239999771118164 31.479999542236328 AB 8.301049128696205 1.028657704009739
60301.2124 lsst_hardware_r 86.95170942406386 71.16000366210938 32.380001068115234 AB 6.963197653519531 1.0291834096027095
60301.2266 lsst_hardware_i -9.075412491483268 62.56999969482422 32.04999923706055 AB 7.027330651629084 1.036708807498574
60303.2004 lsst_hardware_i -51.05027655859944 57.83000183105469 31.329999923706055 AB 6.900355797298578 1.0275267362516318
60303.2128 lsst_hardware_z -78.132456150914 54.79999923706055 30.979999542236328 AB 6.776544121415148 1.031633738750165
60304.2043 lsst_hardware_r 132.8502293417964 79.91000366210938 31.65999984741211 AB 7.26523459043801 1.0292158365828035
60304.2171 lsst_hardware_z 59.194086920980496 57.93000030517578 30.979999542236328 AB 7.588705120303969 1.0357885921386996
60306.1983 lsst_hardware_y -49.86694649747287 51.79999923706055 30.059999465942383 AB 6.196082132659806 1.0290358534622888
60306.2128 lsst_hardware_r -16.69762896879011 77.70999908447266 31.649999618530273 AB 6.18723225698616 1.0366043571913985
60308.206 lsst_hardware_i -3.0521841119323425 49.459999084472656 31.31999969482422 AB 9.631713398871643 1.035668107405553
60308.219 lsst_hardware_z -103.97772064642211 50.31999969482422 30.969999313354492 AB 9.403707103419825 1.0468628319189242
60310.196 lsst_hardware_r 4.462168559204418 43.060001373291016 31.6200008392334 AB 7.2300623536073445 1.0328557219581154
60310.2092 lsst_hardware_g -22.94294269343699 44.619998931884766 31.700000762939453 AB 7.338322445590865 1.042601935589818
60312.1962 lsst_hardware_r 15.993694559812406 28.399999618530273 31.549999237060547 AB 3.9180434922402454 1.0364508940520456
60312.2086 lsst_hardware_i -68.40254603086635 34.0099983215332 31.260000228881836 AB 3.5722004789224093 1.047412543299343
60314.1903 lsst_hardware_z -29.939702639459984 40.529998779296875 30.950000762939453 AB 11.949389816118169 1.0361416406660695
60314.2022 lsst_hardware_i -2.9849341962394518 29.639999389648438 31.239999771118164 AB 11.754043917605575 1.0464316864104675
60316.1825 lsst_hardware_r 1.7339475636180914 21.239999771118164 31.469999313354492 AB 8.180077091927977 1.0345797333804354
60316.1961 lsst_hardware_u -0.44302460280600886 2.5199999809265137 28.350000381469727 AB 8.270804026665449 1.045778919129502
60318.1868 lsst_hardware_g -17.624427445904796 12.609999656677246 31.3799991607666 AB 7.832488279475093 1.0420970513643095
60318.2004 lsst_hardware_r -7.308660188290083 21.360000610351562 31.479999542236328 AB 7.9453070581858745 1.057048767137082
60320.1675 lsst_hardware_i -48.04917703229917 29.420000076293945 31.25 AB 7.019726003550131 1.032211450379884
60320.181 lsst_hardware_z -19.120461580151634 40.459999084472656 30.950000762939453 AB 7.10953976735838 1.0417925708042368
60324.1482 lsst_hardware_r 4.59534146151277 21.219999313354492 31.469999313354492 AB 5.672483706337713 1.0287420577326285
60324.1622 lsst_hardware_i -71.0485046947294 29.5 31.239999771118164 AB 5.699065069350909 1.0355973959267528
60326.1546 lsst_hardware_z -15.408948345771103 40.349998474121094 30.940000534057617 AB 1.4952082867535346 1.0342094323039674
60326.1681 lsst_hardware_i -18.35488979118778 29.440000534057617 31.229999542236328 AB 3.190818198483024 1.0450848403787403
60332.1001 lsst_hardware_r -35.363812123211744 64.94999694824219 31.649999618530273 AB 8.541760972179729 1.02987231398357
60332.1133 lsst_hardware_i 1.0569042415562573 54.0099983215332 31.31999969482422 AB 8.76995918617096 1.0270375453459244
60334.1024 lsst_hardware_z -10.839595267814447 57.279998779296875 30.979999542236328 AB 8.202440988668242 1.0276494488887986
60334.1163 lsst_hardware_r 6.050129131279906 79.6500015258789 31.649999618530273 AB 8.214554340803247 1.0276328352616548
60336.0998 lsst_hardware_z 27.710402023548426 54.689998626708984 30.979999542236328 AB 11.63921599924632 1.0272313484860838
60336.1126 lsst_hardware_r 76.1965347102258 72.31999969482422 31.649999618530273 AB 11.67389982145623 1.0279939962536306
60338.0968 lsst_hardware_i 31.145095029113712 42.189998626708984 31.299999237060547 AB 11.83052035164406 1.027044044764655
60338.1084 lsst_hardware_z -29.641323569084086 47.16999816894531 30.959999084472656 AB 11.768928277759816 1.028303038685873
60340.0972 lsst_hardware_r 13.85928841558748 21.260000228881836 31.479999542236328 AB 9.138482932540532 1.0272382785702303
60340.1097 lsst_hardware_u -2.202277636972679 4.010000228881836 28.75 AB 9.169065628893758 1.030676017261415
60346.0883 lsst_hardware_i 49.990759632851805 29.299999237060547 31.239999771118164 AB 4.438593299710758 1.0288016610625135
60346.0995 lsst_hardware_z 66.78698285089432 40.380001068115234 30.950000762939453 AB 4.539580946151328 1.0339160976657928
60348.064 lsst_hardware_r -4.194315066904398 37.12178212113085 32.65999984741211 AB 10.256384092813782 1.0276852156692355
60348.0943 lsst_hardware_g -0.4633784629160754 12.674355977406229 31.3700008392334 AB 8.865393190400413 1.0340761310355193
60350.0872 lsst_hardware_r 77.0945447246086 23.10164768384985 31.479999542236328 AB 3.5289201109841954 1.0331066438597107
60350.101 lsst_hardware_i 134.86794087332783 30.739906090498547 31.25 AB 3.6098846370232156 1.0435706009221535
60352.0812 lsst_hardware_z 196.1765061195058 42.73094613697349 30.950000762939453 AB 2.131018890212951 1.032803985563679
60352.093 lsst_hardware_i 213.6951863452023 33.21760597438571 31.25 AB 4.693003879053087 1.0412507450982167
60354.0666 lsst_hardware_r 655.9060397576995 34.39850340667309 31.489999771118164 AB 2.5889250928290024 1.0288482287040677
60354.0795 lsst_hardware_u 8.415897263423204 3.342052660521601 28.440000534057617 AB 2.635323441260131 1.0350838339592137
60356.0637 lsst_hardware_g 944.4954559686091 37.39890866685318 31.59000015258789 AB 2.471359420175849 1.029733091739937
60356.0758 lsst_hardware_r 1430.5403914929975 47.11330064168881 31.549999237060547 AB 2.4870811551985503 1.0362838146660627
60362.0643 lsst_hardware_r 4673.642801909138 96.02205648969137 31.649999618530273 AB 5.656605824866534 1.0400562307270116
60362.0761 lsst_hardware_z 2272.03789805417 71.14817819094738 30.979999542236328 AB 5.594935333491845 1.0519267372017571
60363.0477 lsst_hardware_r 10419.78627184609 145.420090278935 32.400001525878906 AB 7.368362692333074 1.0310449440051876
60363.0702 lsst_hardware_i 3761.923645114367 84.17541108205822 31.31999969482422 AB 7.498311625591308 1.0483483573004275
60365.0515 lsst_hardware_z 2982.2924383838017 76.90196405297256 30.979999542236328 AB 9.24066146635286 1.0364811664834725
60365.0642 lsst_hardware_i 4377.688658663556 88.92192145757404 31.329999923706055 AB 9.298078793423453 1.0477692320507224
60367.0526 lsst_hardware_u 111.3115615138514 14.065642050645584 29.260000228881836 AB 8.111065581013756 1.0417500104050548
60367.0661 lsst_hardware_g 5397.208178628167 93.30120865262876 31.709999084472656 AB 8.336710035708336 1.0564164019145075
60369.0472 lsst_hardware_r 6290.434775720234 82.9556901302785 31.469999313354492 AB 4.027098181369428 1.0418052467648244
60369.0594 lsst_hardware_i 4973.688425195282 76.26149885214532 31.239999771118164 AB 4.063284892418851 1.0548506989664723
60612.3684 lsst_hardware_r -41.74351802790031 31.670000076293945 31.59000015258789 AB 5.047374385709886 1.0326756569003381
60619.3056 lsst_hardware_i 17.25177817302529 29.489999771118164 31.25 AB 3.4118830878875728 1.0339039660265372
60619.3171 lsst_hardware_z 9.015310700079208 40.33000183105469 30.950000762939453 AB 3.3946720604159695 1.0286885031563544
60621.2525 lsst_hardware_u 0.035019982461483565 2.690000057220459 28.459999084472656 AB 5.485580126237606 1.095582210153148
60621.2614 lsst_hardware_y -29.83116100503956 47.459999084472656 30.040000915527344 AB 5.6002078207655845 1.0787609774171318
60625.2885 lsst_hardware_z -126.06008960454022 70.08999633789062 32.13999938964844 AB 4.240833600857363 1.0343496587456984
60625.2985 lsst_hardware_r -14.502227786027131 36.810001373291016 32.66999816894531 AB 3.795993094313583 1.0294218560850394
60627.3553 lsst_hardware_y -6.920351236432258 57.369998931884766 30.049999237060547 AB 6.049727903556577 1.0587707620674511
60630.3374 lsst_hardware_i -41.675083500454605 62.709999084472656 31.31999969482422 AB 3.3390203195607775 1.0471798822551637
60630.3503 lsst_hardware_z 5.576457603757497 61.650001525878906 30.979999542236328 AB 3.374304001961848 1.063191493331815
60634.3403 lsst_hardware_z 16.189686916873704 47.439998626708984 30.959999084472656 AB 3.8842775061028423 1.0645258775232143
60634.353 lsst_hardware_i -10.71265327485645 50.58000183105469 31.309999465942383 AB 4.003635700368455 1.0856335789854963
60636.349 lsst_hardware_z -28.391872342493244 49.11000061035156 30.959999084472656 AB 7.2025596974446255 1.088397279587675
60641.3234 lsst_hardware_r -7.420648313203688 21.729999542236328 31.479999542236328 AB 3.761185233071633 1.0678359665189927
60641.3351 lsst_hardware_u 5.164858220652734 2.9000000953674316 28.489999771118164 AB 4.174720556164509 1.0879223131074989
60645.3231 lsst_hardware_i 4.1767996235705365 30.010000228881836 31.25 AB 7.109826369468072 1.0858841343212022
60645.3352 lsst_hardware_z -88.06581598591843 41.959999084472656 30.950000762939453 AB 7.414335098814435 1.1110530998860277
60647.3096 lsst_hardware_z -11.952254664620277 41.18000030517578 30.940000534057617 AB 3.82442351070561 1.0718926107314568
60647.3216 lsst_hardware_r 12.442426910598138 21.65999984741211 31.469999313354492 AB 3.8648355272893338 1.0935634597376092
60649.3092 lsst_hardware_u 3.662250759934948 2.609999895095825 28.40999984741211 AB 4.673511308309635 1.0804557411420577
60649.3213 lsst_hardware_g 7.590282874054446 12.829999923706055 31.3700008392334 AB 4.826140885502774 1.1043800653324425
60651.3066 lsst_hardware_r 9.993494236783532 21.600000381469727 31.479999542236328 AB 5.987441228880155 1.085664774048945
60651.3187 lsst_hardware_z 20.455682305097277 41.5099983215332 30.950000762939453 AB 6.154667039314016 1.1107836437324137
60653.2838 lsst_hardware_r 3.1216769863719405 21.510000228881836 31.479999542236328 AB 9.808546561587386 1.058095637711692
60653.2951 lsst_hardware_u -0.17652981014833208 2.640000104904175 28.440000534057617 AB 10.812171940057407 1.0749822966849347
60655.2726 lsst_hardware_g -14.17729322655775 12.569999694824219 31.3700008392334 AB 12.882439065057111 1.0509985096043548
60655.2861 lsst_hardware_r 14.515969414967774 21.420000076293945 31.469999313354492 AB 13.327618315429937 1.0692675704859849
60657.2197 lsst_hardware_z -0.07291309765208881 51.43000030517578 30.969999313354492 AB 7.924972860310639 1.0273271505210548
60657.2311 lsst_hardware_r -10.190589708227606 61.65999984741211 31.639999389648438 AB 7.92432203089178 1.0275202806278863
60659.219 lsst_hardware_i -43.42338442020497 64.55999755859375 31.329999923706055 AB 10.670110717539547 1.0269933178446695
60659.2329 lsst_hardware_z 23.75481169763896 58.5099983215332 30.979999542236328 AB 10.6948684626769 1.0294281396777536
60661.2121 lsst_hardware_i 22.72208232115509 56.939998626708984 31.329999923706055 AB 4.880115840145092 1.0270324461898668
60661.2258 lsst_hardware_z -106.20472876266709 54.439998626708984 30.979999542236328 AB 4.850466823943402 1.0288765093565868
60669.2058 lsst_hardware_g 8.875168714610309 12.670000076293945 31.389999389648438 AB 7.222666935363254 1.0295054309921148
60669.2182 lsst_hardware_r 10.484143047882482 21.299999237060547 31.479999542236328 AB 7.591695612332779 1.036078920798789
60671.2044 lsst_hardware_i -45.4441891371465 29.56999969482422 31.25 AB 6.213006897815521 1.0312044643677212
60671.2166 lsst_hardware_z 58.87328658504129 40.66999816894531 30.950000762939453 AB 6.295339341806547 1.038977748613376
60673.2053 lsst_hardware_i 0.34074793207889503 29.540000915527344 31.25 AB 9.623210148773758 1.0347537794380384
60673.2176 lsst_hardware_u 0.6033474159738051 2.630000114440918 28.450000762939453 AB 9.383625495261752 1.044753256106337
60675.1952 lsst_hardware_g -1.5613709316898332 12.75 31.399999618530273 AB 7.174342871857899 1.032059123610974
60675.2096 lsst_hardware_r -15.307139959675444 21.450000762939453 31.489999771118164 AB 7.286041900999765 1.0423452133144364
60677.2023 lsst_hardware_i -13.903506705095074 29.479999542236328 31.239999771118164 AB 4.957962367400954 1.0407141829137185
60677.2151 lsst_hardware_r -26.955588830871925 21.440000534057617 31.479999542236328 AB 5.7425365985282655 1.0540632522996076
60679.1968 lsst_hardware_u 2.2223108668302243 3.619999885559082 29.139999389648438 AB 2.6429832157241724 1.0406811454485492
60679.2095 lsst_hardware_g -18.632113459940292 17.809999465942383 32.119998931884766 AB 2.7647136808405173 1.053893398033234
60681.2024 lsst_hardware_r 20.934414608167707 21.459999084472656 31.479999542236328 AB 7.115767191741545 1.0519280348498108
60681.2158 lsst_hardware_i -13.021591249466109 29.940000534057617 31.239999771118164 AB 7.497429307532109 1.0703604983687502
60683.1833 lsst_hardware_i 18.77781854565802 48.29999923706055 32.029998779296875 AB 6.915747371840376 1.0385564456885983
