data/validation/pwv_sim_epoch_fit_epoch/47882729.ecsv
# %ECSV 0.9
# ---
# datatype:
# - {name: time, datatype: float64}
# - {name: band, datatype: string}
# - {name: flux, datatype: float64}
# - {name: fluxerr, datatype: float64}
# - {name: zp, datatype: float64}
# - {name: zpsys, datatype: string}
# - {name: pwv, datatype: float64}
# - {name: airmass, datatype: float64}
# meta: {SNID: '47882729', alt: 1024.0, c: -0.07436315715312958, dec: -7.933337, lat: -30.244573, lon: -70.7499537, ra: 191.601562, t0: 62225.109375,
#   x0: 3.3230687402334754e-06, x1: -1.467326283454895, z: 0.7248128056526184}
# schema: astropy-2.0
time band flux fluxerr zp zpsys pwv airmass
[from data line 133]
62565.272 lsst_hardware_i 36.035914276304325 31.780000686645508 31.239999771118164 AB 11.132276786442233 1.0801044747518338
62565.2905 lsst_hardware_z 60.74746430633643 42.29999923706055 30.940000534057617 AB 11.23986358788533 1.0832907367769455
62567.2773 lsst_hardware_r 21.349365997772445 24.3799991607666 31.5 AB 10.456802624532141 1.0803040058404019
62567.2961 lsst_hardware_u 0.27825046045646723 2.690000057220459 28.360000610351562 AB 9.818187273010963 1.0917588427678153
62569.2731 lsst_hardware_g -8.768365401635451 15.350000381469727 31.43000030517578 AB 8.305970844658038 1.080627203728481
62569.2921 lsst_hardware_r 20.060470837640654 24.5 31.5 AB 7.871428589893579 1.0932539708185527
62573.2667 lsst_hardware_i 75.50959011793435 32.2599983215332 31.25 AB 16.347167263460644 1.0823071546252927
62573.2852 lsst_hardware_z -37.641409097449866 42.9900016784668 30.940000534057617 AB 16.718577166634105 1.097835912531227
62576.2658 lsst_hardware_r -18.62247322141874 50.540000915527344 31.6200008392334 AB 8.155578890368446 1.086746395918287
62576.2848 lsst_hardware_g 63.86036399077735 38.060001373291016 31.65999984741211 AB 8.337642051598099 1.1087044238733277
62577.2405 lsst_hardware_z -133.78016042406662 59.09000015258789 30.969999313354492 AB 8.943360219244711 1.079887731366524
62577.2587 lsst_hardware_r -12.788977937072348 75.04000091552734 31.639999389648438 AB 8.562235504512008 1.0838272790521528
62579.2386 lsst_hardware_i -223.8240556249758 114.4000015258789 31.329999923706055 AB 7.334697003752648 1.079624213983806
62579.2573 lsst_hardware_z -5.995042414263518 96.25 30.989999771118164 AB 6.102586292667102 1.0865138800000773
62581.1974 lsst_hardware_r 46.27225474709554 152.3699951171875 31.649999618530273 AB 5.85925293029468 1.105519420810317
62581.217 lsst_hardware_z 61.269500090188785 102.63999938964844 31.0 AB 6.1587195001829365 1.0848545887234293
62583.2396 lsst_hardware_y -49.705242847827705 75.86000061035156 30.790000915527344 AB 6.995821383682773 1.0823999355870146
62583.2598 lsst_hardware_r -17.463128955260892 75.5 31.639999389648438 AB 6.755863669523166 1.1002437983046158
62590.05 lsst_hardware_r 13.289347912193207 37.40999984741211 32.099998474121094 AB 9.186571984783289 1.8748106091394465
62590.0741 lsst_hardware_g -14.758836972757898 15.4399995803833 31.280000686645508 AB 7.767384846121771 1.5701202438086772
62593.2437 lsst_hardware_z 14.476811610773863 60.90999984741211 31.690000534057617 AB 9.545886200642506 1.1176762065343944
62593.2637 lsst_hardware_i -41.000289465733744 46.529998779296875 31.989999771118164 AB 9.193915406851463 1.1637867603609446
62595.214 lsst_hardware_u 0.3013473235515057 2.7699999809265137 28.40999984741211 AB 5.977406541142444 1.0868011892986262
62595.2337 lsst_hardware_g 10.91517609457903 15.760000228881836 31.440000534057617 AB 6.104621295026265 1.10993114455023
62597.2039 lsst_hardware_r 33.94215390719268 24.969999313354492 31.510000228881836 AB 15.098291354220233 1.083713131942308
62597.2224 lsst_hardware_i 2.266716106258246 32.56999969482422 31.25 AB 16.34564257147328 1.101334704422688
62599.2051 lsst_hardware_z -172.9193527823711 60.459999084472656 31.690000534057617 AB 9.233435164742277 1.0884206481032153
62599.2238 lsst_hardware_u -1.3594675700309762 3.880000114440918 29.1200008392334 AB 10.296298048684033 1.1115911237243448
62601.1919 lsst_hardware_g -19.063563793691994 15.890000343322754 31.450000762939453 AB 5.318116401847227 1.0831194301114515
62601.2089 lsst_hardware_r 35.78482601625042 25.059999465942383 31.5 AB 5.244116234213278 1.0980142868954823
62603.1876 lsst_hardware_i 39.81814707328852 37.0099983215332 31.280000686645508 AB 7.0444365754102884 1.0837594731400444
62603.2056 lsst_hardware_z -112.18792780139854 44.900001525878906 30.959999084472656 AB 7.155046610039688 1.1007764015445674
62605.186 lsst_hardware_i 93.62824686341914 55.83000183105469 31.31999969482422 AB 5.9881231841757 1.0862808497369967
62605.2035 lsst_hardware_z 69.12207319227862 55.790000915527344 30.979999542236328 AB 6.08067690334788 1.1054771208704444
62607.1452 lsst_hardware_z 40.72426185699522 89.06999969482422 31.0 AB 18.126013863856056 1.0853900517279076
62607.1627 lsst_hardware_r 8.783132740025295 129.4199981689453 31.65999984741211 AB 18.029740307616485 1.0796251681207476
62609.1626 lsst_hardware_r -28.485270655651195 159.8800048828125 31.65999984741211 AB 12.717198149511958 1.0802920616303058
62609.1807 lsst_hardware_i 34.11535107834206 129.0399932861328 31.34000015258789 AB 14.074439818833113 1.0910418464211715
62613.1663 lsst_hardware_z 48.93656626450402 69.27999877929688 31.709999084472656 AB 11.065460501833666 1.0879422379150199
62617.1531 lsst_hardware_i -32.56187176598129 31.809999465942383 31.25 AB 9.357094172931928 1.0861818030798556
62617.1696 lsst_hardware_z 40.71411230318219 42.470001220703125 30.940000534057617 AB 7.078422703540737 1.1038332502825023
62619.151 lsst_hardware_i -111.30669068273335 31.81999969482422 31.239999771118164 AB 2.2737065232276925 1.088852992207371
62619.1671 lsst_hardware_u -2.950784611450032 2.680000066757202 28.34000015258789 AB 2.5048988836516854 1.1082397450068293
62621.1484 lsst_hardware_g -24.708262816418273 15.329999923706055 31.43000030517578 AB 11.42439314974093 1.0914938399924456
62621.1653 lsst_hardware_r -20.794523476409626 24.610000610351562 31.5 AB 11.673541971072073 1.114233132514575
62624.1219 lsst_hardware_r 15.129996608854466 24.43000030517578 31.520000457763672 AB 14.334113937744965 1.0803522714610314
62624.141 lsst_hardware_i -15.808712070227479 31.920000076293945 31.260000228881836 AB 12.379407362021718 1.0922845865815254
62626.1164 lsst_hardware_z -11.98693091886979 42.31999969482422 30.950000762939453 AB 9.98740982598625 1.0803428815878975
62626.1351 lsst_hardware_u 0.9606821168170345 2.8499999046325684 28.479999542236328 AB 9.382568142038267 1.0918426852643117
62628.1179 lsst_hardware_g 2.399662484921133 15.34000015258789 31.450000762939453 AB 7.201230385755208 1.0829732138890453
62628.1356 lsst_hardware_r 26.33339847749751 24.440000534057617 31.5 AB 6.805433768110374 1.098536524311602
62630.0285 lsst_hardware_i 7.822136712829468 33.7400016784668 31.239999771118164 AB 10.791235152858285 1.1873069685722353
62630.0446 lsst_hardware_z 16.3010375090535 43.5099983215332 30.940000534057617 AB 10.17755734313504 1.1419312406393693
62635.0669 lsst_hardware_i -30.82631601200835 89.16000366210938 31.329999923706055 AB 6.9441168845811685 1.0867162573679274
62635.0859 lsst_hardware_r -0.17664944075222339 106.58999633789062 31.649999618530273 AB 6.597565932646398 1.07962132754813
62640.0072 lsst_hardware_g -41.21164876983906 61.72999954223633 31.670000076293945 AB 9.569872212797444 1.1686728257914325
62640.0213 lsst_hardware_r -115.4223133494782 70.98999786376953 31.6299991607666 AB 9.243728997031873 1.1328099261068472
62643.0413 lsst_hardware_i -33.22456663010002 31.75 31.239999771118164 AB 4.956970121802088 1.0898431927743069
62643.0617 lsst_hardware_z -30.160202040843387 42.130001068115234 30.940000534057617 AB 5.36711143314705 1.079720657129275
62645.0386 lsst_hardware_i -6.445079740193304 32.060001373291016 31.25 AB 8.058741906261211 1.0874883651969403
62645.058 lsst_hardware_u -2.7636604614097764 2.819999933242798 28.469999313354492 AB 8.96089504083951 1.0796259085348807
62647.0402 lsst_hardware_g -4.374790544937016 15.510000228881836 31.469999313354492 AB 6.162407717033457 1.0828814685293702
62647.0603 lsst_hardware_r 8.460169231002745 24.469999313354492 31.520000457763672 AB 5.648577507431283 1.0806710471306658
62651.0323 lsst_hardware_i 12.265657656803837 31.93000030517578 31.260000228881836 AB 10.432203472890478 1.0815243341225955
62651.0526 lsst_hardware_r -10.772530343842089 24.510000228881836 31.510000228881836 AB 11.806852965874636 1.0818080415864917
62653.027 lsst_hardware_u -0.6420270211934542 2.7699999809265137 28.43000030517578 AB 7.35394415537737 1.0814623757907897
62653.0452 lsst_hardware_g -4.712711316254233 15.4399995803833 31.459999084472656 AB 7.926079917841544 1.081074778518965
62656.0019 lsst_hardware_g -20.994796289611813 15.520000457763672 31.440000534057617 AB 12.280578177303784 1.0937133600092683
62656.0205 lsst_hardware_r -0.668569742232659 24.6299991607666 31.510000228881836 AB 12.140451516990641 1.0808726357078882
62658.0043 lsst_hardware_i -49.191799056457356 32.290000915527344 31.25 AB 4.7969173208396905 1.0865660163859086
62658.0258 lsst_hardware_z -20.781369706321158 42.45000076293945 30.950000762939453 AB 4.754898929907089 1.079779481840264
62672.9582 lsst_hardware_y 34.773785769897536 54.13999938964844 30.040000915527344 AB 4.758006537986668 1.090952278657903
62672.972 lsst_hardware_i -27.99533365756219 32.439998626708984 31.25 AB 5.595559711523936 1.0816159236193177
62676.9653 lsst_hardware_y -22.126156464188963 48.7400016784668 30.030000686645508 AB 5.456733457890969 1.080291706448867
62676.9855 lsst_hardware_g 28.84486946681874 16.309999465942383 31.469999313354492 AB 5.4311561124307435 1.0837386236517272
62678.9565 lsst_hardware_y 89.08052690780264 58.93000030517578 30.040000915527344 AB 8.288560207620428 1.0812810915948639
62678.9761 lsst_hardware_i -5.24811605767637 32.619998931884766 31.25 AB 8.23063966123917 1.0817927265593652
62680.957 lsst_hardware_z 32.92435858217859 53.040000915527344 30.969999313354492 AB 4.0551057191619275 1.0798257728995013
62680.9779 lsst_hardware_u 1.9802565074624328 2.940000057220459 28.489999771118164 AB 4.29822291710285 1.085866842215457
62682.9582 lsst_hardware_y -52.84603719192601 78.93000030517578 30.790000915527344 AB 8.083151996365315 1.07986533617278
62682.9807 lsst_hardware_r 23.56723402320656 36.630001068115234 32.27000045776367 AB 8.50663640687282 1.0931169888039682
