data/validation/pwv_sim_epoch_fit_epoch/47892282.ecsv
# %ECSV 0.9
# ---
# datatype:
# - {name: time, datatype: float64}
# - {name: band, datatype: string}
# - {name: flux, datatype: float64}
# - {name: fluxerr, datatype: float64}
# - {name: zp, datatype: float64}
# - {name: zpsys, datatype: string}
# - {name: pwv, datatype: float64}
# - {name: airmass, datatype: float64}
# meta: {SNID: '47892282', alt: 1024.0, c: 0.0984899252653122, dec: -55.299438, lat: -30.244573, lon: -70.7499537, ra: 115.748665, t0: 60336.30859375,
#   x0: 4.787121804129509e-06, x1: 0.6464045643806458, z: 0.624599814414978}
# schema: astropy-2.0
time band flux fluxerr zp zpsys pwv airmass
60282.3405 lsst_hardware_z -89.41113043512759 71.3499984741211 30.979999542236328 AB 4.863500063920292 1.1114877878999205
60282.3532 lsst_hardware_g 201.17178342413604 66.04000091552734 31.690000534057617 AB 4.8678291349338085 1.1209308723366154
60284.3351 lsst_hardware_r -2.9811331055653287 60.41999816894531 31.6200008392334 AB 4.730648209186148 1.1115244852411061
60284.3478 lsst_hardware_i -23.30701717803363 60.689998626708984 31.309999465942383 AB 4.798663006535951 1.120986510900181
60290.3062 lsst_hardware_r 119.16257179140216 60.849998474121094 31.6299991607666 AB 11.65882680200431 1.106063100830514
60290.3177 lsst_hardware_z 125.31051396625284 71.91999816894531 30.979999542236328 AB 11.683969028326851 1.1109426520127368
60293.3085 lsst_hardware_r 35.094669493443504 21.790000915527344 31.469999313354492 AB 9.171154714125587 1.1103890588758247
60293.3224 lsst_hardware_u -1.982940615490916 2.609999895095825 28.3799991607666 AB 9.252048025111778 1.120254187790043
60295.3121 lsst_hardware_g 2.449171434590479 12.760000228881836 31.360000610351562 AB 7.410690367972882 1.1162779691919236
60295.3253 lsst_hardware_r 1.062036660406095 21.860000610351562 31.459999084472656 AB 7.537133998774603 1.128524648890025
60297.3118 lsst_hardware_i -32.726251928465295 30.149999618530273 31.239999771118164 AB 5.450688198444031 1.1205416703440487
60297.3241 lsst_hardware_z -65.65666592240703 41.619998931884766 30.940000534057617 AB 5.476001645659441 1.1334348652529953
60303.2925 lsst_hardware_z 5.274786833698393 51.939998626708984 30.969999313354492 AB 7.4905936318832325 1.118054674145482
60303.3042 lsst_hardware_g 43.89719355233356 51.97999954223633 31.68000030517578 AB 7.538989488684605 1.129352031860493
60304.2884 lsst_hardware_r 5.4810478578866455 75.13426272303631 31.6299991607666 AB 8.935676157566185 1.1169595196957731
60304.3013 lsst_hardware_z -72.36925653432318 56.89960128936191 30.969999313354492 AB 9.621230224403616 1.1291640197641089
60306.2903 lsst_hardware_r -103.84403919457624 75.7399179032153 31.639999389648438 AB 6.938998544398951 1.1234060864368722
60306.3031 lsst_hardware_y 105.76240041006037 52.22609597750392 30.030000686645508 AB 7.059328663495904 1.1379284289123481
60308.2354 lsst_hardware_z 92.21126979924777 72.2908701634682 31.719999313354492 AB 9.930281662271064 1.1054732169439185
60310.2266 lsst_hardware_g 5.090760604592723 46.678152166872486 31.690000534057617 AB 7.783673293127741 1.106375613958734
60310.2392 lsst_hardware_r 83.86797514646408 46.70435985170911 31.6200008392334 AB 7.773128360192942 1.1043681507634324
60312.2264 lsst_hardware_i 110.65395343593818 38.18065313720994 31.260000228881836 AB 3.9340813428866515 1.1050790289007448
60312.2403 lsst_hardware_z 237.46068432485717 45.71628818983316 30.950000762939453 AB 3.925979452300141 1.1048204452793402
60318.2278 lsst_hardware_i 592.6226832209279 38.24541530592278 31.239999771118164 AB 7.713325588692693 1.1055757463994973
60318.2413 lsst_hardware_r 531.3505085638478 32.18459486103682 31.469999313354492 AB 7.698082244481679 1.110994695407949
60322.2437 lsst_hardware_i 920.6239518618016 42.499920892050255 31.25 AB 4.953984895755551 1.1207054151959017
60322.2563 lsst_hardware_z 747.5949419725071 49.35493005608093 30.950000762939453 AB 5.164296122892325 1.134013202216145
60324.2375 lsst_hardware_r 1098.2243732702173 39.742634137266144 31.469999313354492 AB 6.048283780135169 1.1200525518768831
60324.25 lsst_hardware_u 0.7743922905781236 2.8388857358617026 28.3799991607666 AB 6.231500433789355 1.133000078870792
60326.1849 lsst_hardware_i 1146.1766934681664 45.48035684410869 31.229999542236328 AB 3.4050120013847667 1.1058225714916745
60326.1971 lsst_hardware_u -4.022176344675256 2.7857468758222654 28.290000915527344 AB 3.393631130705317 1.1043980465494379
60328.1866 lsst_hardware_g 295.5159264239294 26.494526045108614 31.530000686645508 AB 6.40644175830007 1.1045589238448397
60328.1993 lsst_hardware_r 1339.6665802107468 42.610415160678485 31.459999084472656 AB 6.410830719396773 1.1053156412753058
60330.1819 lsst_hardware_i 1445.0608350582152 56.57572507325233 31.290000915527344 AB 12.701730399499692 1.1044982956086689
60330.1963 lsst_hardware_r 1550.849379278851 59.16055857071374 31.600000381469727 AB 12.717949947485245 1.1059086910856735
60332.1903 lsst_hardware_z 2260.458550929478 86.8252732464112 31.709999084472656 AB 9.651058363828328 1.1057688486746546
60336.1769 lsst_hardware_z 1163.2326700770209 66.02060698811123 30.969999313354492 AB 12.011416937117051 1.1052095083839601
60336.1884 lsst_hardware_r 1683.0362238547132 86.97920899905193 31.6299991607666 AB 12.26513763094002 1.1090638964589943
60338.1827 lsst_hardware_z 2458.1842240046344 86.15195371243813 31.709999084472656 AB 10.663506665997664 1.108952942126458
60346.153 lsst_hardware_u 2.604195797278601 2.595219612654304 28.360000610351562 AB 4.326970231260195 1.1060291137716174
60346.1668 lsst_hardware_g 85.32641144075487 16.44096763940803 31.350000381469727 AB 6.034907513269583 1.1121690879096082
60348.1625 lsst_hardware_r 1953.9957580402336 53.99764260086551 32.220001220703125 AB 9.682215516549954 1.112898335235627
60348.1873 lsst_hardware_i 2191.412857793244 63.65381908789164 31.979999542236328 AB 10.246109841831016 1.1365203551539182
60350.1579 lsst_hardware_z 972.8176477053694 52.05119995520202 30.940000534057617 AB 3.879111521545016 1.1134607056054202
60350.1721 lsst_hardware_r 907.6122624532213 36.87443001164045 31.459999084472656 AB 3.6317621439328103 1.1253717328718191
60352.1085 lsst_hardware_i 960.92029674592 43.344424538244766 31.239999771118164 AB 4.996991617957774 1.107612017723102
60352.1194 lsst_hardware_u 3.3331076545809935 2.6149653330376865 28.40999984741211 AB 4.978069808656666 1.1047647156361855
60354.1097 lsst_hardware_g 61.41511610037185 14.902889679842842 31.360000610351562 AB 3.5334774574533125 1.1055360455086802
60354.122 lsst_hardware_r 691.8818074373319 34.73602445608008 31.479999542236328 AB 3.5085715466218734 1.104482123805421
60359.1412 lsst_hardware_z 888.8816515428614 54.39030088458363 30.959999084472656 AB 3.4452893020545545 1.1194484897826995
60359.1525 lsst_hardware_r 584.5979180973145 49.698645566032255 31.600000381469727 AB 3.3968183071942497 1.1307650822883655
60362.1444 lsst_hardware_i 671.9843866076192 61.3335941283606 31.309999465942383 AB 7.271512604239323 1.1308728777977173
60362.1556 lsst_hardware_z 595.6281905150366 60.4807045395786 30.959999084472656 AB 7.4647897670440075 1.1454187993674072
60363.2034 lsst_hardware_z 1950.0184995053737 112.96303307605785 32.150001525878906 AB 13.936639899353514 1.257743808978417
60363.2254 lsst_hardware_r 1288.7938240104672 147.97539308217526 32.779998779296875 AB 15.58583566773717 1.3358906032173798
60365.1398 lsst_hardware_z 690.9209275487525 64.4682470053952 30.969999313354492 AB 9.878852305794474 1.135174065589713
60365.1518 lsst_hardware_i 503.41187056488116 69.84447884987485 31.309999465942383 AB 9.996505675994905 1.1520582771854875
60367.0826 lsst_hardware_g 17.979688341086007 68.51093931253963 31.700000762939453 AB 8.596925987443722 1.1044355071227803
60367.0962 lsst_hardware_r 321.05245082503797 66.62743373109176 31.6299991607666 AB 7.386920522099924 1.1061990224401819
60375.08 lsst_hardware_r 311.94007054693606 35.606077072328276 32.209999084472656 AB 7.094177097712009 1.108234289373882
60375.0943 lsst_hardware_i 700.9188847577543 49.51213312466229 31.979999542236328 AB 8.11157663073785 1.1168355542803043
60382.1403 lsst_hardware_u -2.1522612100480063 3.4046510776366063 28.93000030517578 AB 13.728001770019908 1.2254591397643153
60382.1659 lsst_hardware_g 2.548926415113397 18.521013821372566 32.029998779296875 AB 14.619590593755762 1.3064481779293942
60390.0358 lsst_hardware_z 393.58362253876214 52.403871271374875 30.959999084472656 AB 5.829371898918089 1.1069828900337753
60390.0494 lsst_hardware_r 155.48613991750784 55.071338493053965 31.6200008392334 AB 4.349693660966298 1.1139731076403285
60400.0226 lsst_hardware_i 153.0387608309282 32.124111102369554 31.219999313354492 AB 4.2329471829931995 1.1143244602472986
60400.0348 lsst_hardware_z 161.0748817914963 44.03723206636214 30.93000030517578 AB 4.299078777014183 1.124628211635957
60402.0201 lsst_hardware_r 104.19696243643374 23.116780381582615 31.459999084472656 AB 6.951229969863259 1.1164840940994634
60402.0305 lsst_hardware_u 0.8927578465105839 2.5640085210096024 28.309999465942383 AB 7.133390166170001 1.1258062996520024
60651.3357 lsst_hardware_z 54.328270090043674 42.400001525878906 30.940000534057617 AB 7.007120701079073 1.1150733133481485
60651.3475 lsst_hardware_r 37.46456224222582 26.469999313354492 31.520000457763672 AB 6.98148424365578 1.1253198329554772
60653.3085 lsst_hardware_u -0.26221212039356595 2.630000114440918 28.40999984741211 AB 11.089756468707023 1.1051628350896088
60653.3213 lsst_hardware_g -5.513446941432438 12.9399995803833 31.3700008392334 AB 11.12942275738629 1.1096134354323322
60655.3045 lsst_hardware_r 0.30457241222630616 21.649999618530273 31.469999313354492 AB 11.658327093398178 1.1054738377961482
60655.3176 lsst_hardware_i 33.3423169604887 30.1200008392334 31.229999542236328 AB 11.7013482007532 1.1105360519537995
60661.3102 lsst_hardware_i 59.85324837675208 55.09000015258789 31.299999237060547 AB 7.804989950060388 1.116420671578392
60661.3215 lsst_hardware_z 64.14070836681687 54.040000915527344 30.959999084472656 AB 7.866163724855649 1.126675077860961
60664.3157 lsst_hardware_r 59.43779239889944 46.33000183105469 31.610000610351562 AB 6.824523663030598 1.1292648091058073
60664.3291 lsst_hardware_z 157.91157358188278 47.83000183105469 30.950000762939453 AB 6.858379493112135 1.146566646939696
60666.2915 lsst_hardware_y -1.3773515252456934 48.349998474121094 30.030000686645508 AB 7.456268139441461 1.1128758417076807
60666.3033 lsst_hardware_g 40.07392484489545 31.360000610351562 31.6299991607666 AB 7.620415051843915 1.1221619906998035
60667.2934 lsst_hardware_r 13.027606129277483 28.950000762939453 31.540000915527344 AB 6.759330931701543 1.1161071522197938
60667.3057 lsst_hardware_i 1.6110886476268622 33.709999084472656 31.260000228881836 AB 6.845688462755893 1.12729527875001
60669.292 lsst_hardware_z 66.03855408199341 42.11000061035156 30.940000534057617 AB 9.566220735956055 1.119379912936585
60669.3037 lsst_hardware_r -14.155386751897233 23.510000228881836 31.479999542236328 AB 9.658638578209688 1.1311426515967584
60671.2883 lsst_hardware_u 1.4732394054642424 2.5799999237060547 28.360000610351562 AB 6.849714211585372 1.1209285622199194
60671.3008 lsst_hardware_r 4.512415510570803 22.049999237060547 31.469999313354492 AB 7.129152477435597 1.1341919410461256
60673.2949 lsst_hardware_i 20.726191970783734 30.520000457763672 31.229999542236328 AB 10.568155198433148 1.1336586843294205
60673.3081 lsst_hardware_z -38.90994848229433 42.369998931884766 30.940000534057617 AB 10.76997445744762 1.1520126708267648
60675.2286 lsst_hardware_r 5.967524430670516 21.68000030517578 31.479999542236328 AB 7.728533534261642 1.106009266626149
60675.2404 lsst_hardware_z -37.53314177100368 41.5099983215332 30.950000762939453 AB 7.720201961123432 1.104389739403875
60677.297 lsst_hardware_g 28.529065051759094 12.65999984741211 31.329999923706055 AB 5.935278649714944 1.1517358311219168
60677.3087 lsst_hardware_r -4.048208530378525 21.84000015258789 31.450000762939453 AB 6.0483352857630965 1.1720444309200846
60679.2273 lsst_hardware_g 7.646835470720644 12.739999771118164 31.360000610351562 AB 2.894191966823457 1.1044426509534275
60679.2396 lsst_hardware_r -7.284447282138841 21.81999969482422 31.469999313354492 AB 2.8882185935834905 1.105644020895201
60681.2331 lsst_hardware_i -10.525537400350851 30.219999313354492 31.239999771118164 AB 7.764824109889839 1.105404829804113
60681.2451 lsst_hardware_z -65.31145842065894 41.7400016784668 30.940000534057617 AB 7.789798385805731 1.10976328034083
60683.227 lsst_hardware_r -7.537512221729168 21.59000015258789 31.469999313354492 AB 8.920645659977502 1.1052714236126258
60683.2385 lsst_hardware_u 2.019245532450182 2.5399999618530273 28.350000381469727 AB 8.912995901309554 1.109202402004798
60685.2424 lsst_hardware_i -28.880292096550708 39.63999938964844 31.280000686645508 AB 8.059113513083998 1.1147667764458669
60685.2554 lsst_hardware_z 43.88145092926414 45.939998626708984 30.950000762939453 AB 7.489116189621345 1.1260982166185016
60689.2349 lsst_hardware_y 8.885030807969427 53.04999923706055 30.020000457763672 AB 8.815361506007154 1.117341833346563
60689.2474 lsst_hardware_r -25.103931847061762 81.36000061035156 31.6299991607666 AB 8.909240664189635 1.1292409608690321
60691.187 lsst_hardware_z -89.00845799886439 54.099998474121094 30.969999313354492 AB 5.673406875560803 1.1054962734919724
60691.1984 lsst_hardware_r 46.37192782790851 67.69999694824219 31.639999389648438 AB 5.669385739349381 1.1044437226609616
60693.1896 lsst_hardware_i -58.202413338574864 45.900001525878906 31.299999237060547 AB 6.874545929707123 1.1044334371768212
60693.2032 lsst_hardware_z 14.43569706114719 48.959999084472656 30.959999084472656 AB 6.889794066401683 1.1061426843200795
60696.1869 lsst_hardware_r -37.45016699201242 29.790000915527344 31.540000915527344 AB 12.702855985291034 1.104596172634003
60696.1989 lsst_hardware_z 34.69801825952092 44.09000015258789 30.940000534057617 AB 12.735638858267773 1.107446857240676
60698.1828 lsst_hardware_g 22.16742121108161 12.720000267028809 31.360000610351562 AB 9.643995917437529 1.1047487089804775
60698.196 lsst_hardware_i -21.487554969161867 30.940000534057617 31.239999771118164 AB 9.596872777496497 1.108503930406757
60700.1832 lsst_hardware_z 13.72778254144882 41.599998474121094 30.950000762939453 AB 8.56411641142839 1.1059034622195751
60700.1985 lsst_hardware_r 8.082355484884387 21.739999771118164 31.479999542236328 AB 8.61029370265571 1.1128004785338559
60702.1737 lsst_hardware_u 2.3339936850888696 2.5999999046325684 28.389999389648438 AB 12.187301703726765 1.1050232753401728
60702.1856 lsst_hardware_g -6.675075065998345 12.649999618530273 31.350000381469727 AB 12.290409137908386 1.1087423669741283
60704.1785 lsst_hardware_r 12.741939929120333 21.739999771118164 31.479999542236328 AB 10.661833906037197 1.108029989888509
60704.19 lsst_hardware_i -15.025919450714104 30.190000534057617 31.239999771118164 AB 10.700641560069302 1.1144179920921997
60706.178 lsst_hardware_z 29.41727395914104 41.81999969482422 30.950000762939453 AB 11.366531783625824 1.1103923981464197
60706.1902 lsst_hardware_r -30.115787925603048 21.790000915527344 31.469999313354492 AB 11.473419936189888 1.1187577335273646
60708.1756 lsst_hardware_u -0.09807616252441474 2.690000057220459 28.469999313354492 AB 9.949839136568073 1.112148788528282
60708.1894 lsst_hardware_r -1.0503731990125573 21.940000534057617 31.479999542236328 AB 9.746316487965588 1.122933768488239
60710.1593 lsst_hardware_g 0.022595176676797116 12.800000190734863 31.3799991607666 AB 11.351583300065315 1.106958560673373
60710.1706 lsst_hardware_i 10.155841992398667 30.280000686645508 31.239999771118164 AB 9.878697893712797 1.112434660478342
60712.1538 lsst_hardware_z -4.784253329148458 43.209999084472656 30.950000762939453 AB 4.338494106454254 1.1069469569112742
60712.1658 lsst_hardware_r 5.60793477836855 27.3799991607666 31.540000915527344 AB 4.350328296726936 1.1128531136372464
60715.1583 lsst_hardware_y 2.302807735086353 71.08999633789062 30.780000686645508 AB 6.234498039902111 1.1133032214110914
60717.1438 lsst_hardware_r 3.400614092478505 75.93000030517578 31.639999389648438 AB 2.2865883267716587 1.1083801874801542
60717.1561 lsst_hardware_i -83.57334369336309 60.560001373291016 31.309999465942383 AB 2.2500165292564223 1.115572381567403
60719.1581 lsst_hardware_z 42.45567088480433 84.3499984741211 31.719999313354492 AB 4.1752732897941085 1.1217570687905363
60719.1693 lsst_hardware_r 73.61157920893865 118.56999969482422 32.380001068115234 AB 4.588370156658016 1.1337006996498895
60721.1417 lsst_hardware_z -27.814420475180587 75.91999816894531 31.719999313354492 AB 3.278274511613135 1.113166217865241
60721.1538 lsst_hardware_r 1.7934972308101123 94.37999725341797 32.380001068115234 AB 3.140228059853105 1.1228467436900256
60723.1482 lsst_hardware_i -28.27454463523566 45.099998474121094 31.280000686645508 AB 3.4130574276199055 1.122716259085543
60723.1596 lsst_hardware_z 46.0808746672069 49.040000915527344 30.950000762939453 AB 3.4462935846060128 1.1352051335513016
60725.1429 lsst_hardware_r -27.371900006756853 32.81999969482422 31.56999969482422 AB 3.444219865947066 1.1228710712715928
60725.1555 lsst_hardware_z 6.270675023436238 45.16999816894531 30.950000762939453 AB 3.442990080560179 1.1369257283082594
60728.0864 lsst_hardware_r 30.300571638537946 21.709999084472656 31.469999313354492 AB 6.833772409073038 1.10543067115384
60728.0986 lsst_hardware_u -3.289239399129453 2.630000114440918 28.420000076293945 AB 6.746840262098162 1.1045455346618362
60730.1461 lsst_hardware_i -7.184886735432631 30.420000076293945 31.239999771118164 AB 10.528118597881356 1.1426219446365702
60730.1577 lsst_hardware_z 24.6252510307825 42.150001525878906 30.940000534057617 AB 10.751836540903353 1.1606876438542664
60732.0789 lsst_hardware_i -47.44263945361132 30.34000015258789 31.229999542236328 AB 7.059110442142026 1.1048273855606259
60732.0913 lsst_hardware_z 27.71242689198536 41.810001373291016 30.940000534057617 AB 6.308993598055706 1.1049670613676874
60737.0778 lsst_hardware_g 6.604996631322006 12.550000190734863 31.34000015258789 AB 6.933195068007736 1.1049943662238566
60737.0914 lsst_hardware_i 26.327385206439097 30.010000228881836 31.229999542236328 AB 6.361390117649041 1.109415786126446
60739.0761 lsst_hardware_z -11.133432146698421 41.90999984741211 30.940000534057617 AB 11.831796714957576 1.105775393921269
60739.0882 lsst_hardware_r 15.659795593830562 22.600000381469727 31.489999771118164 AB 11.46863409786312 1.1105843219363898
60743.0693 lsst_hardware_r 63.19596331229418 44.4900016784668 31.610000610351562 AB 11.94447916903896 1.107020938301551
60743.0819 lsst_hardware_i -30.063548967481257 41.709999084472656 31.290000915527344 AB 12.088869750559587 1.1133606327647436
60750.0438 lsst_hardware_i -41.262968980891316 57.88999938964844 31.309999465942383 AB 8.611168667287933 1.105271296019501
60750.0561 lsst_hardware_z 27.167692840362456 55.630001068115234 30.959999084472656 AB 8.651578480298053 1.1095204899335973
60754.0318 lsst_hardware_g -13.75941633084844 12.75 31.3799991607666 AB 5.275621320407319 1.1050735903660072
60754.0442 lsst_hardware_i -0.46506499634306653 30.219999313354492 31.239999771118164 AB 4.216614916037335 1.1090517927504826
60756.0318 lsst_hardware_z 30.21044817823112 42.08000183105469 30.950000762939453 AB 5.72437180253906 1.1063725942286549
60756.044 lsst_hardware_r 9.566738215168979 21.989999771118164 31.489999771118164 AB 4.355437263211983 1.1118609389781053
60760.0239 lsst_hardware_r -27.448954414352347 21.84000015258789 31.479999542236328 AB 8.184418810778936 1.1073992617867947
60760.036 lsst_hardware_i 18.010580972414626 30.440000534057617 31.25 AB 8.297171770515675 1.1137143316128577
60762.0281 lsst_hardware_z -3.0933416831331497 41.63999938964844 30.950000762939453 AB 7.781008686429842 1.1121552269898127
60762.0398 lsst_hardware_r -2.5322809960465786 21.81999969482422 31.479999542236328 AB 7.8266775035420695 1.1209793044316747
60764.0186 lsst_hardware_u -0.17826372031333296 2.640000104904175 28.43000030517578 AB 6.637897637534367 1.1098925935014547
60764.0313 lsst_hardware_r 11.820828667721072 21.81999969482422 31.479999542236328 AB 6.629640978110204 1.1183604888849872
60771.0167 lsst_hardware_g 20.287431989796822 33.869998931884766 31.649999618530273 AB 9.090950547512897 1.1223395737670243
60771.0289 lsst_hardware_r 69.99686079005485 35.939998626708984 31.579999923706055 AB 9.199156760123294 1.1356983654473203
