data/validation/pwv_sim_epoch_fit_epoch/48116055.ecsv
# %ECSV 0.9
# ---
# datatype:
# - {name: time, datatype: float64}
# - {name: band, datatype: string}
# - {name: flux, datatype: float64}
# - {name: fluxerr, datatype: float64}
# - {name: zp, datatype: float64}
# - {name: zpsys, datatype: string}
# - {name: pwv, datatype: float64}
# - {name: airmass, datatype: float64}
# meta: {SNID: '48116055', alt: 1024.0, c: -0.013558131642639637, dec: -25.944481, lat: -30.244573, lon: -70.7499537, ra: 192.832031,
#   t0: 60810.71875, x0: 3.7785697105858666e-06, x1: 1.3241828680038452, z: 0.687747061252594}
# schema: astropy-2.0
time band flux fluxerr zp zpsys pwv airmass
60685.2888 lsst_hardware_i -31.618599121770284 33.9900016784668 31.209999084472656 AB 9.193452898002441 1.3864353638972164
60685.3058 lsst_hardware_u -2.355168400585647 2.740000009536743 28.350000381469727 AB 9.198858864612928 1.2790108031348346
60687.2823 lsst_hardware_g 5.810742131418594 70.37000274658203 31.59000015258789 AB 8.17214913885221 1.3939700023628505
60687.2997 lsst_hardware_r 102.28680855506785 59.45000076293945 31.579999923706055 AB 8.833464825207962 1.282566763896229
60689.2847 lsst_hardware_i 13.696693632726738 66.51000213623047 31.270000457763672 AB 9.415462638254802 1.3399296940188519
60689.3035 lsst_hardware_r -33.294907568942456 81.33000183105469 31.600000381469727 AB 10.25805537299465 1.23432400605583
60693.2988 lsst_hardware_r 56.06396448522204 73.94000244140625 31.610000610351562 AB 8.766603930430154 1.2055285932934754
60693.3162 lsst_hardware_i -38.788409910272556 61.79999923706055 31.309999465942383 AB 8.242438773545006 1.1381832807739882
60696.2979 lsst_hardware_z 25.170686257317875 53.70000076293945 30.959999084472656 AB 14.097522255996864 1.175087293156365
60696.3145 lsst_hardware_r -10.765807487544706 52.9900016784668 31.610000610351562 AB 13.362251145666436 1.117431940597628
60700.2942 lsst_hardware_r 20.126462540815098 24.950000762939453 31.5 AB 11.251761416129854 1.1481389200132504
60700.3113 lsst_hardware_z -33.94433451467317 42.720001220703125 30.950000762939453 AB 10.735619962449109 1.0954714247397048
60704.3036 lsst_hardware_r -21.946894256475755 23.700000762939453 31.510000228881836 AB 12.064084572929634 1.0871319621761981
60704.3213 lsst_hardware_i -16.100430369163533 31.139999389648438 31.260000228881836 AB 11.62482332091456 1.049171779865935
60706.3076 lsst_hardware_z 57.80567768642434 41.939998626708984 30.950000762939453 AB 11.459943910354568 1.0652485508788407
60706.3258 lsst_hardware_r 49.3607971736094 23.600000381469727 31.510000228881836 AB 11.066124602181134 1.0331792453545396
60710.3105 lsst_hardware_i 54.41016482636995 31.149999618530273 31.260000228881836 AB 8.036063488965176 1.0397623792935697
60710.3275 lsst_hardware_z -43.10159328004109 41.2400016784668 30.959999084472656 AB 7.8434096986223905 1.0179636208465226
60712.3106 lsst_hardware_r -7.586651948239138 23.450000762939453 31.510000228881836 AB 3.521356907558504 1.031521613345624
60712.3293 lsst_hardware_u -3.3524727032932207 2.8499999046325684 28.549999237060547 AB 3.371516089912532 1.0116318625497411
60715.1938 lsst_hardware_r 21.59083892307763 59.0099983215332 31.530000686645508 AB 8.445386886068807 1.4910640688680803
60715.214 lsst_hardware_i -14.016464310944405 50.38999938964844 31.260000228881836 AB 7.137204504367341 1.3381003976565964
60717.215 lsst_hardware_z 2.4516398248470024 86.12000274658203 31.700000762939453 AB 4.805819701761774 1.2985192385197983
60719.2223 lsst_hardware_r 205.04073144446122 102.36000061035156 31.610000610351562 AB 6.130827875134982 1.2309251522824887
60719.2409 lsst_hardware_i 112.73876432694465 78.56999969482422 31.31999969482422 AB 5.754983587027245 1.153226288229347
60721.21 lsst_hardware_z 118.28034472063796 75.41000366210938 30.969999313354492 AB 3.9307109466966894 1.2655218759487088
60721.23 lsst_hardware_r 58.527643438153234 101.83999633789062 31.6299991607666 AB 3.641975632157565 1.1736950151973664
60723.2222 lsst_hardware_z 108.16603244321577 103.44999694824219 31.729999542236328 AB 5.350909003799273 1.1830442192790582
60725.2112 lsst_hardware_r -15.99281917026142 58.290000915527344 31.600000381469727 AB 3.160102510172989 1.206568141591392
60725.231 lsst_hardware_z 51.74641708292208 53.959999084472656 30.969999313354492 AB 2.9544089182844417 1.1310185356796176
60730.2138 lsst_hardware_g 7.860245087134311 14.539999961853027 31.40999984741211 AB 9.556894284313355 1.1428957527281962
60730.234 lsst_hardware_r -50.34907726354883 23.489999771118164 31.5 AB 9.113284058789999 1.0836891680587428
60732.2104 lsst_hardware_i 7.532315775687751 31.469999313354492 31.239999771118164 AB 6.286549416631169 1.1359181021437996
60732.2292 lsst_hardware_z 47.665027513816945 41.72999954223633 30.940000534057617 AB 6.004442511772246 1.0820765023918266
60734.2142 lsst_hardware_r 41.77033653932102 23.549999237060547 31.489999771118164 AB 5.8406957691382235 1.1072758891222263
60734.2326 lsst_hardware_u -0.23359912818261175 2.759999990463257 28.459999084472656 AB 5.609303105022177 1.0622338918739131
60737.2134 lsst_hardware_g 7.186456908587826 14.390000343322754 31.40999984741211 AB 5.677914896924247 1.0873933315739315
60737.234 lsst_hardware_i -18.77487453444603 30.799999237060547 31.25 AB 5.449478876179527 1.0443115749876926
60739.2107 lsst_hardware_z -4.628495489059972 41.79999923706055 30.950000762939453 AB 11.7331555983256 1.080600073524185
60739.2309 lsst_hardware_r 8.810565941514238 23.06999969482422 31.510000228881836 AB 11.272348959689811 1.0404364824228545
60741.2124 lsst_hardware_u -3.383008987349808 2.680000066757202 28.40999984741211 AB 10.313459267821306 1.0644961098015306
60741.2319 lsst_hardware_g -11.720536754574791 14.239999771118164 31.43000030517578 AB 9.993221517658602 1.0308666719268182
60743.2074 lsst_hardware_r -17.342569959376384 38.09000015258789 31.600000381469727 AB 9.595637398782955 1.0635329483545195
60743.2285 lsst_hardware_i 25.36973222613239 37.16999816894531 31.290000915527344 AB 9.070472400919627 1.0281262403279132
60750.0872 lsst_hardware_r -12.293676103627991 154.66000366210938 31.530000686645508 AB 11.414911402288316 1.598465899916678
60750.1086 lsst_hardware_z 222.42997625095617 102.7300033569336 30.950000762939453 AB 10.018438522258975 1.4065408054837596
60752.1643 lsst_hardware_r -58.53483551068601 91.38999938964844 31.639999389648438 AB 6.8189686312297 1.1094518822419828
60752.1819 lsst_hardware_z 5.225547113859637 67.66000366210938 30.989999771118164 AB 7.339034195549012 1.0654811549867904
60754.1639 lsst_hardware_g 91.46764196281431 52.25 31.700000762939453 AB 5.301676040776977 1.0953876117307804
60754.1808 lsst_hardware_i -45.22551970198995 49.099998474121094 31.309999465942383 AB 5.5794000490141045 1.056621172384901
60756.168 lsst_hardware_z 8.698417374453179 43.38999938964844 30.959999084472656 AB 5.076259325804454 1.071977332330021
60756.1851 lsst_hardware_r 30.546578231758517 30.979999542236328 31.579999923706055 AB 4.982480917025331 1.0394605529259517
60758.1715 lsst_hardware_u 0.7150802566143439 2.940000057220459 28.59000015258789 AB 6.273441686676369 1.0535189028383003
60758.1875 lsst_hardware_g 2.0091446136906743 14.979999542236328 31.489999771118164 AB 6.066290807089302 1.0281848825575086
60762.1554 lsst_hardware_z 34.64735658559208 41.9900016784668 30.959999084472656 AB 7.800428999730214 1.063791571924295
60762.1724 lsst_hardware_r -0.7929263409033832 23.770000457763672 31.520000457763672 AB 7.383801595132327 1.0339045407419827
60764.0644 lsst_hardware_i -9.064558814800131 34.459999084472656 31.190000534057617 AB 7.171943120242973 1.4535758249377273
60764.0824 lsst_hardware_z 27.469908572950214 45.720001220703125 30.920000076293945 AB 6.577066047634974 1.324285925226009
60767.0684 lsst_hardware_i -17.729695203478354 33.81999969482422 31.209999084472656 AB 11.837263207721596 1.3621053698294219
60767.0857 lsst_hardware_u 0.1612703100932856 2.7100000381469727 28.34000015258789 AB 10.839973267078136 1.258705674300759
60769.0631 lsst_hardware_g 1.5800401982663348 19.65999984741211 31.420000076293945 AB 6.802340385696353 1.3610124821321237
60769.081 lsst_hardware_r 16.773230324950582 26.760000228881836 31.479999542236328 AB 6.1449580565982185 1.2547559331469273
60771.0632 lsst_hardware_i -34.422415973025345 39.689998626708984 31.239999771118164 AB 10.448497251084417 1.3248305897402093
60771.081 lsst_hardware_r 0.687806773644633 37.310001373291016 31.559999465942383 AB 9.68393122219572 1.2277048478283923
60773.0713 lsst_hardware_z -102.25305125495781 74.95999908447266 31.700000762939453 AB 9.388780999631793 1.248508111653164
60775.0799 lsst_hardware_i 16.783143859340836 73.41999816894531 31.299999237060547 AB 6.715076321178269 1.184369032352091
60775.0988 lsst_hardware_z -103.17444367894068 65.80000305175781 30.979999542236328 AB 5.678207940318588 1.1174641708840045
60778.0797 lsst_hardware_r 126.42318405736128 155.3671941224816 31.639999389648438 AB 8.86682925315587 1.153633782612005
60778.0964 lsst_hardware_z -15.233029250162028 101.08259198115077 31.0 AB 8.092516694985525 1.1007231630829757
60780.0639 lsst_hardware_z 254.5948948838064 112.01754100075061 31.729999542236328 AB 13.016183368565036 1.1941452631711043
60782.0758 lsst_hardware_z 1.536581058398391 55.090200260621835 30.969999313354492 AB 16.496684495149985 1.129632646906295
60782.0949 lsst_hardware_r 123.97182301346045 63.09451091767968 31.639999389648438 AB 15.314480321238962 1.0768036038511921
60790.0711 lsst_hardware_r 365.61111358146513 31.099391848364064 31.5 AB 14.81015299583476 1.081447488697111
60790.0893 lsst_hardware_i 444.5324283520426 37.14622059645893 31.260000228881836 AB 14.05014019831559 1.0442965771433481
60794.0751 lsst_hardware_z 495.73616848705615 46.236045834213 30.940000534057617 AB 8.906295218531794 1.0500230156250705
60795.0507 lsst_hardware_g 149.81675560293783 19.269737019981065 31.440000534057617 AB 11.654187943530369 1.0987606483529575
60795.0716 lsst_hardware_i 750.2038527168223 41.33949251165852 31.260000228881836 AB 11.199969344743455 1.0514264088442573
60797.0504 lsst_hardware_z 564.6682945881324 48.26004665220767 30.940000534057617 AB 9.116823412229262 1.0853361205034835
60797.07 lsst_hardware_r 971.172208199453 38.48132736154055 31.510000228881836 AB 8.774740978217594 1.04461202121638
60800.0528 lsst_hardware_y 360.88294847388994 50.32577893223915 30.040000915527344 AB 9.57980933538858 1.061406114329289
60800.0717 lsst_hardware_g 309.30530501465245 36.82965745035218 31.670000076293945 AB 9.292516829117886 1.0296607688915274
60801.9666 lsst_hardware_z 1431.0534860190269 105.25023669769467 31.690000534057617 AB 5.362750313062134 1.406684527339897
60803.9565 lsst_hardware_y 204.43476402406478 80.97307799723636 29.940000534057617 AB 13.268875006642613 1.4428179205831144
60803.9753 lsst_hardware_r 1298.9642379441195 106.95187187925804 31.600000381469727 AB 11.546189401796669 1.3113219082108654
60805.9566 lsst_hardware_y 273.6127913472483 97.52309789863274 29.959999084472656 AB 12.934286493252237 1.3998145555467163
60805.9744 lsst_hardware_z 864.0237286210385 101.27024956252913 30.969999313354492 AB 9.64185662640629 1.2847814639432737
60807.9562 lsst_hardware_y 330.24054608374644 88.70362338945579 29.959999084472656 AB 10.991277276153534 1.3638230515338716
60807.9745 lsst_hardware_z 771.3879299901207 89.63897027435986 30.969999313354492 AB 9.730719512651511 1.2548211200977872
60809.9566 lsst_hardware_y 831.7595891259518 102.59342433024582 30.729999542236328 AB 10.475012387642076 1.3255314631624404
60809.9765 lsst_hardware_r 2520.524156788464 86.24750501050914 32.34000015258789 AB 7.959016572050247 1.2184033125555698
60813.9555 lsst_hardware_z 1630.9013885151305 94.53350877429047 31.700000762939453 AB 11.326521867821173 1.2686042786434313
60813.9768 lsst_hardware_g 181.58112283503453 19.93948816701414 31.420000076293945 AB 11.231094308612139 1.1708712193505553
60822.9578 lsst_hardware_y 638.6907714628531 80.05614009337756 30.770000457763672 AB 7.6165870758626575 1.150150942030624
60822.9779 lsst_hardware_g 194.20076710532797 24.93923258766182 32.16999816894531 AB 7.0221715513626535 1.0891309114172396
60823.9556 lsst_hardware_y 293.7589335320785 62.01948173897489 30.020000457763672 AB 10.888964495862684 1.148271663520793
60823.9754 lsst_hardware_z 710.2894516162071 49.60426596852754 30.940000534057617 AB 9.633066889973753 1.088543634100675
61056.2909 lsst_hardware_g -10.68972313988551 15.0 31.3799991607666 AB 5.954038389549652 1.2746817361485017
61056.308 lsst_hardware_r -67.11125724515932 24.3700008392334 31.489999771118164 AB 6.966260961285165 1.1923935061466329
61058.2876 lsst_hardware_i 11.712466735990054 32.779998779296875 31.209999084472656 AB 9.311335863372761 1.2630678056664082
61058.3051 lsst_hardware_z 14.922634157558726 43.310001373291016 30.93000030517578 AB 8.562275965873761 1.1818186288300567
61060.2902 lsst_hardware_r 5.671118109667517 24.59000015258789 31.469999313354492 AB 14.487363474004622 1.22294932776234
61060.3086 lsst_hardware_u -2.720922115994379 2.7300000190734863 28.3799991607666 AB 12.605262272555288 1.1479418320747934
61062.2921 lsst_hardware_g 6.347099053629961 20.969999313354492 32.15999984741211 AB 11.213935368020879 1.1903758152986492
61062.3101 lsst_hardware_i -60.52341291389454 44.75 31.989999771118164 AB 10.559030086646214 1.1247369073973386
61064.2942 lsst_hardware_z -65.74966816915655 43.20000076293945 30.93000030517578 AB 9.017962972863769 1.1605383145053518
61064.3128 lsst_hardware_r -12.683920234737545 23.989999771118164 31.489999771118164 AB 8.545389851593384 1.1006781325510802
61066.2946 lsst_hardware_u 1.5604662305180743 2.5899999141693115 28.280000686645508 AB 13.876573704857684 1.1397128417607232
61066.3129 lsst_hardware_g -11.554232876279189 14.819999694824219 31.420000076293945 AB 13.249188824249346 1.086088107570239
61068.2991 lsst_hardware_i -6.288555005042161 31.729999542236328 31.239999771118164 AB 12.969556675662206 1.1085091175779664
61068.317 lsst_hardware_z 96.43867997531945 41.90999984741211 30.950000762939453 AB 12.45069292601729 1.0641617885484864
61070.3092 lsst_hardware_r 12.402126394790569 33.27000045776367 32.2400016784668 AB 11.895086791318517 1.0691732318833778
61070.3289 lsst_hardware_g 16.63303768143987 20.6200008392334 32.189998626708984 AB 11.490978044441988 1.0336401946965899
61073.3069 lsst_hardware_r -2.8597490231534217 87.62999725341797 31.649999618530273 AB 8.836341891414486 1.0569786951452733
61073.3258 lsst_hardware_i 54.0111801414118 67.91000366210938 31.329999923706055 AB 8.559115804154166 1.0267858607402778
61077.2196 lsst_hardware_r -116.01684589441258 89.43000030517578 31.56999969482422 AB 5.881268568602374 1.3597784829723034
61077.2388 lsst_hardware_z -12.963740603210812 69.18000030517578 30.959999084472656 AB 5.388701215678255 1.2471920727537933
61079.1977 lsst_hardware_i -22.359673722165088 59.060001373291016 31.239999771118164 AB 13.477323214592568 1.486852117963362
61079.2156 lsst_hardware_r -53.84839482319552 62.029998779296875 31.559999465942383 AB 9.557447871914617 1.3500014650459236
61081.1969 lsst_hardware_u -7.235619095510772 3.2899999618530273 28.350000381469727 AB 4.647076110938569 1.4473866624601022
61081.2164 lsst_hardware_g -10.09526755900913 25.40999984741211 31.520000457763672 AB 5.7076520989459425 1.3104971909412007
61083.21 lsst_hardware_i -34.71876294608043 32.93000030517578 31.209999084472656 AB 7.763748167565763 1.3161869633079388
61083.23 lsst_hardware_z 46.80368164774085 43.66999816894531 30.93000030517578 AB 7.144404560126209 1.2110528692721618
61089.2088 lsst_hardware_z 23.703864194334933 44.09000015258789 30.93000030517578 AB 6.525425854144516 1.2335398590065279
61089.2287 lsst_hardware_r 17.475193384234284 23.709999084472656 31.479999542236328 AB 6.075374265909197 1.1505119571845024
61091.2081 lsst_hardware_u -4.047053670590078 2.7300000190734863 28.3799991607666 AB 4.3607363089580655 1.2113156413772403
61091.228 lsst_hardware_g 15.087998115414678 14.539999961853027 31.420000076293945 AB 3.7427809804679364 1.1341760546872535
61093.2103 lsst_hardware_r -10.529371488932775 23.760000228881836 31.469999313354492 AB 9.54809320925523 1.178776939414226
61093.231 lsst_hardware_i 2.3653015213991164 31.3700008392334 31.239999771118164 AB 8.97532464256668 1.1080647706872444
61095.2091 lsst_hardware_z -65.46529403722602 43.220001220703125 30.940000534057617 AB 9.694527110299854 1.162273961191686
61095.2285 lsst_hardware_r -11.146703708767038 23.450000762939453 31.489999771118164 AB 9.201680395964264 1.099758622680084
61100.2089 lsst_hardware_i 14.958358510008436 56.099998474121094 31.299999237060547 AB 3.9716162448417194 1.1168774591793198
