data/validation/pwv_sim_epoch_fit_epoch/48141309.ecsv
# %ECSV 0.9
# ---
# datatype:
# - {name: time, datatype: float64}
# - {name: band, datatype: string}
# - {name: flux, datatype: float64}
# - {name: fluxerr, datatype: float64}
# - {name: zp, datatype: float64}
# - {name: zpsys, datatype: string}
# - {name: pwv, datatype: float64}
# - {name: airmass, datatype: float64}
# meta: {SNID: '48141309', alt: 1024.0, c: -0.025751983746886253, dec: -17.426323, lat: -30.244573, lon: -70.7499537, ra: 318.515625,
#   t0: 61212.9609375, x0: 2.1661921040581983e-05, x1: -1.6078951358795166, z: 0.3316698670387268}
# schema: astropy-2.0
time band flux fluxerr zp zpsys pwv airmass
61176.4029 lsst_hardware_r -49.372392428588846 25.329999923706055 31.510000228881836 AB 4.655276271908689 1.040672788057084
61176.4253 lsst_hardware_y 44.16554669927789 50.220001220703125 30.049999237060547 AB 3.852915237083711 1.0267595568511172
61179.4213 lsst_hardware_z 14.884110777528004 43.5099983215332 30.959999084472656 AB 9.111840484679194 1.0261081626890864
61181.3726 lsst_hardware_r 0.24436762610812293 35.75 32.279998779296875 AB 7.480453884787543 1.0629671113282635
61181.3847 lsst_hardware_y -72.26785154413174 47.380001068115234 30.049999237060547 AB 7.50507320431846 1.0457117464565222
61186.3959 lsst_hardware_g -5.54938685229287 16.1371588845511 31.489999771118164 AB 5.665649691985251 1.0273163539411538
61186.417 lsst_hardware_y 0.7601370112811947 47.54109560709929 30.049999237060547 AB 5.151530110678301 1.0286601658702679
61188.3989 lsst_hardware_i -10.599085231600002 32.01042667669578 31.270000457763672 AB 9.532315849273152 1.0260098861875522
61188.4192 lsst_hardware_y 20.982091143652298 47.66332443941675 30.049999237060547 AB 9.063842328958842 1.032975363719738
61195.3179 lsst_hardware_z 792.8768629080274 112.88156843216352 31.739999771118164 AB 13.209611735387643 1.0961878540631353
61218.2564 lsst_hardware_r 6651.776157497031 106.87352449010457 31.6299991607666 AB 7.752627141725433 1.093151035212304
61218.275 lsst_hardware_i 5241.060243411667 91.28313016956375 31.31999969482422 AB 7.614160182945632 1.0575222476313377
61219.3279 lsst_hardware_z 3308.1685434968235 83.2940268838106 30.979999542236328 AB 5.573483267974454 1.0291090816386226
61219.3466 lsst_hardware_r 6498.678095078727 116.17810160220051 31.649999618530273 AB 5.303017386416305 1.0440038165993317
61221.3125 lsst_hardware_z 3228.492057758264 98.01507540288095 31.0 AB 3.591766244875549 1.0262189271072997
61221.3318 lsst_hardware_r 5949.498442929066 143.64208460937851 31.65999984741211 AB 3.671377074776899 1.0349924800273167
61224.306 lsst_hardware_i 4243.853304753634 118.98671203973069 31.350000381469727 AB 6.594381569407878 1.026469398029556
61224.3251 lsst_hardware_z 2647.2745281168827 99.25505625266722 31.0 AB 6.669096920628522 1.0362176694575247
61226.2915 lsst_hardware_r 4358.679714241944 96.34074068098977 31.649999618530273 AB 4.094418357593701 1.0262771862375857
61226.3097 lsst_hardware_z 2307.6520718470124 74.70989658508572 30.979999542236328 AB 4.621120536143461 1.0295467385860089
61232.2675 lsst_hardware_u -7.528651572618598 3.465744010070162 28.489999771118164 AB 8.945927473038372 1.028306924369329
61232.2875 lsst_hardware_g 752.5061122012996 31.214097109079322 31.479999542236328 AB 8.93712074117252 1.027255257606037
61234.2681 lsst_hardware_r 2054.7592493458496 50.93145224666125 31.520000457763672 AB 6.412560843886461 1.0265298434758785
61234.2865 lsst_hardware_i 2669.3176769946253 59.96774937107683 31.260000228881836 AB 6.415406987017199 1.0289070573388188
61236.2692 lsst_hardware_z 1812.7802074437375 59.34462564828102 30.950000762939453 AB 5.462106613607157 1.0260367453004897
61236.2881 lsst_hardware_r 1666.6137792002658 47.474471211374734 31.510000228881836 AB 5.501209238812637 1.0329454515913508
61239.2459 lsst_hardware_u 40.14716633849017 7.3453846909343135 29.239999771118164 AB 2.0305059300073944 1.0294073155934262
61239.2658 lsst_hardware_r 2625.195633840746 61.975602668029126 32.27000045776367 AB 1.9458614703787402 1.026614097364031
61245.2385 lsst_hardware_r 999.4435281113105 56.11456536284911 31.6299991607666 AB 6.418064650908408 1.026452391125132
61245.2586 lsst_hardware_z 1582.3856516803332 61.48057548822176 30.969999313354492 AB 6.078464207796968 1.0299426793403597
61247.2245 lsst_hardware_y 1034.4873421182667 78.98325295834647 30.809999465942383 AB 10.455267763757119 1.0291968529751725
61250.2166 lsst_hardware_r 803.4332249698474 162.39997010814218 31.65999984741211 AB 4.23596171019293 1.0290618779317182
61250.2394 lsst_hardware_i 1221.7097518126723 133.55251151136653 31.350000381469727 AB 4.224729817896704 1.0275814377890478
61252.2192 lsst_hardware_z 1038.4591290016767 103.24717329977659 31.0 AB 3.284755402877106 1.0264860633990955
61252.2384 lsst_hardware_r 504.4767280562828 151.21409557175863 31.670000076293945 AB 3.2940646508749767 1.0293952033984302
61257.1958 lsst_hardware_i 907.5023229621851 46.407442065607235 31.270000457763672 AB 1.7305549646514806 1.0298878980270665
61257.2165 lsst_hardware_z 792.6885658497731 51.42663227847567 30.950000762939453 AB 1.0464740402807216 1.0265839757505544
61259.1974 lsst_hardware_r 518.2892102641205 32.95346342751633 31.520000457763672 AB 2.8865642846765396 1.027094778832275
61259.2155 lsst_hardware_u 7.6823679429963505 3.8047714730766673 28.479999542236328 AB 3.276489798591808 1.0278108846944554
61265.1733 lsst_hardware_r 496.83088790286394 32.46052381899456 31.530000686645508 AB 3.013958577374475 1.03023707994342
61265.1941 lsst_hardware_i 789.2872250456237 42.105294776128574 31.260000228881836 AB 3.022982192443556 1.0264795220523577
61267.1698 lsst_hardware_z 434.8394510491362 47.23509046322585 30.950000762939453 AB 3.7095590144327644 1.0292418074728222
61267.1896 lsst_hardware_r 380.7990090605956 32.24504366415229 31.530000686645508 AB 3.6562175980734573 1.026666928205955
61269.1591 lsst_hardware_u 24.193851530761556 6.240965798964024 28.559999465942383 AB 4.410260789052557 1.0322033364922507
61269.178 lsst_hardware_r 414.5392824631894 32.12827599295074 31.530000686645508 AB 4.520717986243403 1.0260173592367012
61273.1619 lsst_hardware_i 1409.0642947130732 66.24189161928469 32.029998779296875 AB 1.8380834972975475 1.0264799873217876
61273.1836 lsst_hardware_z 904.5860787812233 70.06603587179687 31.709999084472656 AB 1.7558618042005272 1.0307377776345918
61275.1346 lsst_hardware_z 453.018361728704 57.73265774732766 30.979999542236328 AB 2.2710796213709368 1.0387222417369075
61275.1534 lsst_hardware_r 368.5137465675612 66.80023139343608 31.649999618530273 AB 2.2366046366227734 1.0271826567979851
61277.1461 lsst_hardware_y 248.98259294131034 88.24287888319039 30.81999969482422 AB 3.6043656706133684 1.0277632365592724
61279.1215 lsst_hardware_r 464.025846241003 156.9570184472747 31.670000076293945 AB 1.5142175250238472 1.040878174960319
61279.1394 lsst_hardware_i 764.7244077515385 129.8033694421967 31.350000381469727 AB 2.05061458580731 1.0282205845599082
61285.1177 lsst_hardware_z 9.912356674645418 41.689998626708984 30.950000762939453 AB 2.998144130432049 1.0307918965471332
61285.1359 lsst_hardware_r -27.874893753329705 25.34000015258789 31.530000686645508 AB 3.135127959343563 1.026060533249407
61287.1029 lsst_hardware_r -23.48036535437939 24.260000228881836 31.510000228881836 AB 0.9832502854918952 1.0377311720231084
61287.1211 lsst_hardware_u 2.8663083986802667 2.799999952316284 28.469999313354492 AB 0.9297408071701251 1.027054191847694
61298.0842 lsst_hardware_g -3.9010571829875964 15.670000076293945 31.489999771118164 AB 1.080852397392545 1.0297101277157814
61298.1023 lsst_hardware_i -21.57610388378545 31.469999313354492 31.270000457763672 AB 1.0683009619419959 1.0262257079175872
61300.064 lsst_hardware_r 2.94336012978753 27.020000457763672 31.549999237060547 AB 0.33148552267644343 1.0410432536268703
61300.0826 lsst_hardware_z 21.98070642869577 42.04999923706055 30.959999084472656 AB 0.34472743926542593 1.028014232399646
61304.0564 lsst_hardware_z 52.46226887328157 58.119998931884766 30.979999542236328 AB 4.075461646332514 1.0378053593920058
61304.0777 lsst_hardware_r 9.660942750274268 70.12000274658203 31.649999618530273 AB 4.0124673443010455 1.026403362358776
61306.0615 lsst_hardware_i -12.31200589691759 93.37999725341797 31.34000015258789 AB 1.4059919327954244 1.0301565022313526
61306.0806 lsst_hardware_z 83.16474811059742 81.69000244140625 31.0 AB 1.3886779519525918 1.0262430978834278
61308.0578 lsst_hardware_r 78.33921792346524 119.01000213623047 31.65999984741211 AB 4.635468324015993 1.029265411298052
61308.0766 lsst_hardware_z 15.914803580998306 82.18000030517578 31.0 AB 4.545859466919202 1.0264623212974262
61310.0575 lsst_hardware_z -67.88204603979655 66.37000274658203 30.989999771118164 AB 2.876378286340074 1.0272779594071695
61310.0776 lsst_hardware_i 58.77927958213715 75.91000366210938 31.329999923706055 AB 2.8792903930335907 1.0283179975119967
61312.0332 lsst_hardware_r -15.003936766181958 24.229999542236328 31.510000228881836 AB 3.5481026161365454 1.0390772987514603
61312.0524 lsst_hardware_z 17.830572916621428 47.25 30.959999084472656 AB 3.48134772101806 1.0271734811590074
61314.0373 lsst_hardware_r 24.970459584308724 24.290000915527344 31.520000457763672 AB 6.2704272618129995 1.031518207191018
61314.0566 lsst_hardware_u -1.7213763645724782 2.799999952316284 28.469999313354492 AB 5.863894775741133 1.026053329088525
61316.0226 lsst_hardware_g 6.490385175288743 15.539999961853027 31.479999542236328 AB 2.1093932498557337 1.0387688361075509
61316.0398 lsst_hardware_r 43.644498738744154 24.309999465942383 31.520000457763672 AB 2.100098497767383 1.027696842558418
61318.0229 lsst_hardware_i 40.16585792540038 31.520000457763672 31.260000228881836 AB 2.8447436955762573 1.0338883138565353
61318.0425 lsst_hardware_z 45.248113659833 41.63999938964844 30.959999084472656 AB 2.8736697977365333 1.026066340539034
61320.0236 lsst_hardware_r -42.96928241537855 24.43000030517578 31.530000686645508 AB 4.011264142710854 1.0299818058058428
61320.0427 lsst_hardware_u -4.951887789967184 2.8499999046325684 28.510000228881836 AB 4.342982040400082 1.0262851161805906
61322.027 lsst_hardware_g -12.62673402352215 15.670000076293945 31.489999771118164 AB 3.960996715197786 1.0266969194395505
61322.0433 lsst_hardware_i -0.5199335325501957 31.6299991607666 31.270000457763672 AB 3.077071146979238 1.0277458740754142
61324.0047 lsst_hardware_y 12.62217176812168 48.31999969482422 30.059999465942383 AB 3.6090465941658425 1.035297359198463
61324.0237 lsst_hardware_z 46.396486052061675 41.709999084472656 30.959999084472656 AB 3.5137390126003685 1.026308737007215
61327.0052 lsst_hardware_y -31.26480220705363 47.95000076293945 30.059999465942383 AB 7.4574169939681845 1.029615186419051
61327.0233 lsst_hardware_u -3.927030927686069 3.009999990463257 28.579999923706055 AB 7.410786638032662 1.0262470677560247
61332.9956 lsst_hardware_y -125.87641470856185 75.61000061035156 30.079999923706055 AB 2.3848359339124596 1.027024267251243
61333.0131 lsst_hardware_z 121.75934500898964 60.709999084472656 30.989999771118164 AB 3.057632204836459 1.0276891706029607
61543.4118 lsst_hardware_g -55.80222417023365 28.520000457763672 32.689998626708984 AB 8.167314214564264 1.0300993291723195
61547.3783 lsst_hardware_i 94.51703668346167 140.27000427246094 32.84000015258789 AB 4.396216131974362 1.0513071658766908
61547.415 lsst_hardware_z -20.051474563559243 61.65999984741211 30.989999771118164 AB 4.305322434208912 1.0260539643014566
61551.3895 lsst_hardware_r 8.69023399623276 82.76000213623047 31.65999984741211 AB 5.672416134325804 1.0303492615026286
61551.416 lsst_hardware_y 10.69571313229563 55.97999954223633 30.059999465942383 AB 5.710893429712559 1.0280019374257576
61557.3259 lsst_hardware_r -5.458061092407096 24.959999084472656 31.510000228881836 AB 7.483798332090196 1.0983511078847057
61557.3471 lsst_hardware_u 8.622832071302733 2.8399999141693115 28.459999084472656 AB 7.06691161923861 1.0569056598684312
61560.3878 lsst_hardware_g -4.183131612420689 22.059999465942383 32.209999084472656 AB 11.992798332043565 1.026890577505617
61560.4104 lsst_hardware_r -13.496808255465238 34.779998779296875 32.2599983215332 AB 12.133585649584937 1.0413754151469714
61571.3181 lsst_hardware_z 1.8694806061277123 47.22999954223633 30.969999313354492 AB 12.222039531618265 1.0446187633861765
61571.3414 lsst_hardware_r -29.72158767366167 38.36000061035156 31.600000381469727 AB 11.593575925091786 1.0275260059462579
61573.3202 lsst_hardware_z 64.46474104771673 57.220001220703125 30.979999542236328 AB 4.002997618024235 1.0369340834601364
61573.3439 lsst_hardware_r -24.823780349643798 75.33000183105469 31.65999984741211 AB 3.4414173972237725 1.0260636246939971
61575.3109 lsst_hardware_i 183.20246245709149 118.2300033569336 32.09000015258789 AB 3.1563221962396484 1.040574366187966
61575.3362 lsst_hardware_z -189.86917006370095 101.51000213623047 31.75 AB 2.6290925621481938 1.0262543343237134
61579.2982 lsst_hardware_y -14.606967191848947 60.56999969482422 30.059999465942383 AB 2.7687352914108634 1.0424455163445328
61579.322 lsst_hardware_r 174.8104510619829 106.27999877929688 31.65999984741211 AB 2.7656382816601877 1.0268458966560103
61581.2834 lsst_hardware_r 76.04939878668485 60.84000015258789 31.639999389648438 AB 4.616164057120147 1.0542195962592524
61581.3115 lsst_hardware_i -45.25108357488845 75.83999633789062 32.06999969482422 AB 4.132005167816831 1.0284802641264719
61581.3369 lsst_hardware_z 43.3473168463586 54.349998474121094 30.979999542236328 AB 3.7098506734001817 1.0291799537821846
61588.3148 lsst_hardware_r -6.7909769286583295 34.16999816894531 32.27000045776367 AB 8.015360620358244 1.0279398038292074
61588.3287 lsst_hardware_u -6.024278665290599 3.9800000190734863 29.239999771118164 AB 8.086811742195493 1.036383199725986
61590.2992 lsst_hardware_g 3.5572384265001737 15.289999961853027 31.459999084472656 AB 7.15575455525137 1.026037216668847
61590.3209 lsst_hardware_r -34.04094015510606 24.09000015258789 31.510000228881836 AB 7.219391972640105 1.034482102473954
61595.2795 lsst_hardware_i 24.038072430024627 31.3700008392334 31.260000228881836 AB 2.1558429009554243 1.026591857597821
61595.3001 lsst_hardware_z 25.5631393402741 41.40999984741211 30.950000762939453 AB 1.787875167173065 1.0298820087403062
61597.1584 lsst_hardware_z -98.00185912794083 48.11000061035156 30.920000076293945 AB 10.00749425543213 1.341936876356992
61597.1713 lsst_hardware_r 64.8895089501881 34.099998474121094 31.530000686645508 AB 9.891494687161238 1.2665166052703334
61599.2749 lsst_hardware_z -29.148996719037264 45.029998779296875 30.959999084472656 AB 6.3848930828370465 1.0260427591135408
61599.2951 lsst_hardware_r 4.753730465606632 33.900001525878906 31.59000015258789 AB 6.304736812226946 1.033563411840483
61606.2367 lsst_hardware_i 107.88234832906451 128.10000610351562 31.350000381469727 AB 3.0459111627867346 1.0319292476973692
61606.2588 lsst_hardware_z 33.478859453772216 106.75 31.010000228881836 AB 2.8940704929714145 1.026266132259367
61609.1922 lsst_hardware_z -7.020153698161225 58.459999084472656 30.979999542236328 AB 5.812476446134003 1.0798841516272073
61609.2133 lsst_hardware_r 119.31050265164976 102.7699966430664 32.400001525878906 AB 5.120978985647279 1.0458625836541577
61609.2358 lsst_hardware_z -177.94861950106167 58.54999923706055 30.979999542236328 AB 5.033741182532206 1.0281859127880943
61616.2268 lsst_hardware_r -33.81606637794493 24.729999542236328 31.530000686645508 AB 4.6172519857586485 1.0260559968352552
61616.2448 lsst_hardware_i 16.90188387742565 31.709999084472656 31.260000228881836 AB 4.639541878873613 1.0310093064163586
61618.2194 lsst_hardware_z -3.3639344130348636 41.84000015258789 30.959999084472656 AB 4.605545166499413 1.0261909907529887
61618.2399 lsst_hardware_r -34.49782397016474 24.81999969482422 31.530000686645508 AB 4.618879095619636 1.031345114573995
61621.2098 lsst_hardware_u -0.8129758568399225 2.9000000953674316 28.520000457763672 AB 1.5387002032016144 1.026370341212861
61621.2298 lsst_hardware_r -9.114882365612921 24.809999465942383 31.520000457763672 AB 1.5376442650902906 1.0302474137958395
61623.1959 lsst_hardware_i -24.10244078807457 31.68000030517578 31.260000228881836 AB 1.6680756590245132 1.028882441958065
61623.2158 lsst_hardware_z -55.08612778326585 41.58000183105469 30.950000762939453 AB 2.3477457985558132 1.0268981076241939
61625.1822 lsst_hardware_z -32.32036655838062 41.66999816894531 30.950000762939453 AB 3.4084030686772464 1.0337369666917797
61625.2022 lsst_hardware_r -25.596513037630082 24.719999313354492 31.520000457763672 AB 3.3834238368792446 1.0260572666805576
61628.1861 lsst_hardware_y 65.24914124098657 68.69999694824219 30.809999465942383 AB 7.685945103991534 1.0274297502244474
61643.1289 lsst_hardware_i -10.258438688540833 44.779998779296875 32.0099983215332 AB 2.2242342882164925 1.037100227642132
61643.1603 lsst_hardware_z -47.589082264478265 58.79999923706055 31.700000762939453 AB 2.203457689861847 1.0266945825246414
61648.1165 lsst_hardware_r -33.651604407286854 24.450000762939453 31.510000228881836 AB 3.455993506899879 1.0360210362927442
61648.1324 lsst_hardware_u 1.4467691899019541 2.799999952316284 28.459999084472656 AB 4.782126158559846 1.027162488414086
61650.1197 lsst_hardware_g -15.69912270956868 15.470000267028809 31.459999084472656 AB 2.9901858711601794 1.0300921643773944
61650.1374 lsst_hardware_i 26.094429871013755 31.440000534057617 31.25 AB 3.157590123565761 1.0261355544274802
61652.0985 lsst_hardware_r 18.940628747598826 24.440000534057617 31.520000457763672 AB 0.9776950917069174 1.0428747644873786
61652.117 lsst_hardware_z -34.61160222899952 41.720001220703125 30.950000762939453 AB 0.9968675837930155 1.0287591164011312
61654.1019 lsst_hardware_r -17.964506396596356 26.670000076293945 31.549999237060547 AB 1.350819075422797 1.0345818805893263
61654.1199 lsst_hardware_y 25.765509903011335 47.16999816894531 30.049999237060547 AB 1.345617921292551 1.0263404980302937
61656.0988 lsst_hardware_g 41.85272375282862 32.86000061035156 31.68000030517578 AB 2.3948383579912913 1.0328515057466754
61656.1167 lsst_hardware_r 35.645427901693836 36.31999969482422 31.600000381469727 AB 2.4103131812556073 1.0261018225864655
61673.0634 lsst_hardware_r 4.491350289132687 24.270000457763672 31.520000457763672 AB 4.609155196407027 1.027376891984626
61673.0827 lsst_hardware_i -0.6325540529190278 31.510000228881836 31.260000228881836 AB 4.555463508309069 1.0279346013483213
61679.0359 lsst_hardware_i 65.34944861368307 31.299999237060547 31.25 AB 6.277820252720697 1.0329184735668129
61679.054 lsst_hardware_u -1.3977497165601764 2.759999990463257 28.440000534057617 AB 5.885504299216918 1.0260940228185451
61683.0251 lsst_hardware_i -9.0969481836057 32.290000915527344 31.260000228881836 AB 2.8444242963385507 1.032833804044499
61683.0437 lsst_hardware_r 15.471589017645156 26.030000686645508 31.530000686645508 AB 2.914869341602817 1.0260613698807217
61685.0255 lsst_hardware_z -15.043308661134146 44.86000061035156 30.959999084472656 AB 4.000752122648269 1.0293971755173728
61685.0435 lsst_hardware_g -2.500780289513074 31.93000030517578 31.670000076293945 AB 4.4424229820744285 1.026319275054737
61690.0049 lsst_hardware_y -149.26611587134033 57.029998779296875 30.059999465942383 AB 6.34580989583525 1.0336036966911393
61690.0236 lsst_hardware_z -70.08583578307268 69.52999877929688 30.989999771118164 AB 6.345004979029327 1.026118699608527
61691.0071 lsst_hardware_y 67.66148914569075 79.7300033569336 30.809999465942383 AB 5.898767614663142 1.0304424167460045
61691.0274 lsst_hardware_z 38.83434574419959 95.41000366210938 31.739999771118164 AB 5.886686104714672 1.0263597079094537
61693.0051 lsst_hardware_y -9.718369029698538 55.060001373291016 30.059999465942383 AB 6.901096467960261 1.0287348772114675
61693.0227 lsst_hardware_r 29.303083398724496 88.69000244140625 31.65999984741211 AB 6.934322686290655 1.02648334343421
61695.006 lsst_hardware_y -39.95598811190417 48.25 30.049999237060547 AB 7.264485350044464 1.026685638579769
61695.023 lsst_hardware_r 47.52165347810139 48.220001220703125 31.6299991607666 AB 7.287477444279839 1.0280704583875364
61696.9955 lsst_hardware_z -61.19265071410259 63.02000045776367 30.989999771118164 AB 5.2569795872145635 1.028193028108637
61697.013 lsst_hardware_g 23.082401871590395 16.239999771118164 31.479999542236328 AB 4.19570741446679 1.0267239482360921
