data/validation/pwv_sim_epoch_fit_epoch/48286795.ecsv
# %ECSV 0.9
# ---
# datatype:
# - {name: time, datatype: float64}
# - {name: band, datatype: string}
# - {name: flux, datatype: float64}
# - {name: fluxerr, datatype: float64}
# - {name: zp, datatype: float64}
# - {name: zpsys, datatype: string}
# - {name: pwv, datatype: float64}
# - {name: airmass, datatype: float64}
# meta: {SNID: '48286795', alt: 1024.0, c: -0.10663431137800217, dec: -55.107937, lat: -30.244573, lon: -70.7499537, ra: 54.813831, t0: 60556.4765625,
#   x0: 3.6498472076135335e-06, x1: 0.1472628116607666, z: 0.6971449851989746}
# schema: astropy-2.0
time band flux fluxerr zp zpsys pwv airmass
60545.425 lsst_hardware_r 1076.795580917096 68.1237084213947 31.6299991607666 AB 3.7448047281098615 1.10141315532643
60547.3232 lsst_hardware_i 1050.2484766055265 50.20677450066636 31.260000228881836 AB 3.3395232056762194 1.2241653979751537
60558.4092 lsst_hardware_r 1157.5469572793913 41.3969345266635 31.5 AB 0.8286542324815571 1.1053635826788224
60567.3933 lsst_hardware_z 642.5057278518408 49.8205613308756 30.950000762939453 AB 1.3277352839217043 1.1100692125032448
60567.4041 lsst_hardware_g 91.27060869370446 25.57560467935602 31.56999969482422 AB 1.3330959634866666 1.1185254902699895
60569.3108 lsst_hardware_z 573.0300864779729 61.11519681789102 30.959999084472656 AB 1.2499363170710895 1.1319323677347424
60569.3217 lsst_hardware_r 727.7481117098836 75.36473677291217 31.6299991607666 AB 1.2597647196657145 1.119956781448154
60570.3258 lsst_hardware_z 1933.8178831310347 112.71947224242332 32.16999816894531 AB 2.2120490635768246 1.114008257634795
60570.3425 lsst_hardware_r 2169.1714982363883 149.37926504300665 32.83000183105469 AB 1.6561350036616498 1.1043354103100576
60572.3847 lsst_hardware_i 869.5352998082644 68.50039852775826 31.309999465942383 AB 6.6222016267614014 1.1136613532305266
60572.3964 lsst_hardware_z 674.6322975908677 66.20729557622644 30.969999313354492 AB 6.305889632891421 1.1244453696311378
60575.3811 lsst_hardware_z 548.6629954231091 52.812801128182365 30.950000762939453 AB 1.5698717314575217 1.1174789878686833
60575.3923 lsst_hardware_r 506.29426016462776 52.32419610751822 31.600000381469727 AB 1.6292153721710345 1.129047381961909
60579.3785 lsst_hardware_i 492.9557895243828 38.806919217873656 31.229999542236328 AB 6.354560524764778 1.1257636455825164
60579.3898 lsst_hardware_r 395.3836258686075 32.84367077056016 31.5 AB 6.477021668254099 1.1399193361940463
60583.374 lsst_hardware_g 63.15989463797124 14.63093591273475 31.350000381469727 AB 4.7403021205526095 1.133388301154235
60583.3853 lsst_hardware_r 258.6507196289931 28.59224476560013 31.469999313354492 AB 4.898644514135806 1.149511794939597
60585.3542 lsst_hardware_r 223.54496998411787 26.53571045767834 31.469999313354492 AB 3.241737058209534 1.1178403648998394
60585.3664 lsst_hardware_i 397.2193992556152 36.014112639609806 31.229999542236328 AB 3.279107930273039 1.1307268725079445
60587.3599 lsst_hardware_z 357.24854463250114 45.56129391544755 30.940000534057617 AB 8.58403432608071 1.1294782008000934
60587.3721 lsst_hardware_i 296.87148996229837 35.6300017626363 31.239999771118164 AB 8.709417000527475 1.1459759211220362
60589.3518 lsst_hardware_u 5.118972527188057 2.7707152628716085 28.360000610351562 AB 4.05516573134094 1.1264349253724835
60589.3635 lsst_hardware_g 35.61975164382468 14.460970854362383 31.360000610351562 AB 4.108834093077797 1.1413428036327213
60591.2746 lsst_hardware_g 36.37381654100863 14.221035555586685 31.3799991607666 AB 2.8708137584905518 1.1096719311285752
60591.2866 lsst_hardware_r 182.85396332892407 24.939663170560355 31.479999542236328 AB 2.861315577795897 1.1038316380618132
60593.3414 lsst_hardware_z 316.7427545694319 44.95065781418656 30.940000534057617 AB 4.865357469565003 1.1270228097208717
60593.3532 lsst_hardware_u 1.625844810516862 2.783870407526312 28.40999984741211 AB 4.976735330304727 1.1422390016765498
60595.3307 lsst_hardware_g 10.467806710767718 13.809698673287395 31.3700008392334 AB 5.908162499396469 1.1214481175697188
60595.3409 lsst_hardware_r 86.19234979552134 24.5313632031539 31.479999542236328 AB 6.180132532268976 1.1329645022338737
60597.3466 lsst_hardware_i 120.3421519215211 33.47716823831528 31.219999313354492 AB 6.762004503816393 1.1487634357239065
60597.3582 lsst_hardware_z 212.80623576074714 45.19465188878762 30.93000030517578 AB 6.862362053604821 1.1689238110841322
60598.3437 lsst_hardware_i 225.13561249569955 49.29335339760819 31.290000915527344 AB 8.407480635647211 1.1484975539617275
60598.3558 lsst_hardware_z 212.12229846355407 52.03773771712561 30.950000762939453 AB 8.542341304342845 1.1695562386860592
60602.3361 lsst_hardware_i 128.00073813427494 57.77591713626442 31.309999465942383 AB 0.602312615150009 1.1538555845785612
60602.3464 lsst_hardware_r 127.06488037041679 69.33622660494103 31.6200008392334 AB 0.8488991979939011 1.1725127044128063
60604.336 lsst_hardware_z 504.2364061026344 70.52413994386661 31.700000762939453 AB 3.6785374665176738 1.1631739024563716
60606.3272 lsst_hardware_g 52.72407494475383 33.82667273604322 31.6200008392334 AB 3.6077955467350606 1.1572720278219921
60606.3379 lsst_hardware_r 41.07949105083413 36.446022308488075 31.559999465942383 AB 4.199657134479992 1.1773639289262663
60612.3122 lsst_hardware_g 52.729960624396874 14.23478861347408 31.3799991607666 AB 5.207529946701885 1.1596770842227468
60612.3229 lsst_hardware_r 75.98538548010164 23.582471691474563 31.479999542236328 AB 5.250186853436283 1.1802150957482933
60614.3086 lsst_hardware_r 112.98463942901155 23.32660957769008 31.469999313354492 AB 6.388370648927944 1.1630021206859538
60614.3202 lsst_hardware_i 117.46710011627086 32.48993450618732 31.229999542236328 AB 6.4859263235139695 1.1860883249340677
60616.3131 lsst_hardware_z 129.65186143749148 44.05440180100018 30.940000534057617 AB 5.676352775373927 1.1825734948695683
60616.3243 lsst_hardware_u 2.732092061285409 3.0881457041479314 28.360000610351562 AB 5.800035181705444 1.2083406628553008
60627.2528 lsst_hardware_y 41.77963286639647 51.22900400996589 30.010000228881836 AB 6.573915848585161 1.1320674786611262
60627.2642 lsst_hardware_r 8.626874100685555 60.10069734315978 31.610000610351562 AB 6.660772315013298 1.1480131532253186
60628.2544 lsst_hardware_i 40.01164281794085 59.527187977231335 31.299999237060547 AB 5.159501173358815 1.1377069842027872
60628.2661 lsst_hardware_z 55.12156021840747 57.662140035047464 30.959999084472656 AB 5.211323989715472 1.1555255617545725
60630.2602 lsst_hardware_r 110.31214022566411 82.55518197171493 31.6299991607666 AB 4.639747663616528 1.1547884839132923
60630.2728 lsst_hardware_z 105.99406070553499 60.755653111250695 30.959999084472656 AB 4.776445047860537 1.178253927852722
60632.2575 lsst_hardware_r 69.0478432199829 60.951983666551435 31.6200008392334 AB 6.038819971969576 1.1595276443873994
60632.2694 lsst_hardware_i 103.8571181414958 51.761924198738306 31.290000915527344 AB 6.191853921209244 1.1825542248298786
60634.2983 lsst_hardware_i 44.4656804853795 44.03163561378473 31.25 AB 5.341710678856428 1.2757085626261693
60634.3103 lsst_hardware_z 87.08179089115814 50.347040793969434 30.93000030517578 AB 5.4339494297408075 1.3191599028321215
60636.2074 lsst_hardware_z 2.554292726073017 43.31862947993051 30.950000762939453 AB 6.8191990762093715 1.1117957244982575
60636.2196 lsst_hardware_r -5.59521581169433 28.042944002891407 31.530000686645508 AB 6.9301638845681515 1.1223240386355235
60641.2387 lsst_hardware_g -1.5469782244335146 13.053987710742652 31.350000381469727 AB 4.539668380695226 1.1701684187896635
60641.2513 lsst_hardware_r 38.95460070174432 22.913979080821512 31.450000762939453 AB 5.278932637920659 1.1969464072074654
60643.2342 lsst_hardware_i 32.81796340025093 30.739999771118164 31.229999542236328 AB 6.387994412950455 1.1720373823528893
60643.2453 lsst_hardware_z 53.749209474045806 42.86000061035156 30.93000030517578 AB 6.514362807314299 1.1956981505670348
60651.2054 lsst_hardware_z -25.763215959359453 42.70000076293945 30.940000534057617 AB 5.158814340349108 1.1591538794176806
60651.2169 lsst_hardware_r -13.885684405711439 22.229999542236328 31.459999084472656 AB 5.859040310905419 1.1812581271989688
60653.1252 lsst_hardware_r -8.304365619186944 33.650001525878906 31.579999923706055 AB 8.190654155389112 1.1019311388926558
60653.1382 lsst_hardware_y -20.882961578800103 48.08000183105469 30.030000686645508 AB 8.213308139937423 1.101964419490771
60655.1208 lsst_hardware_z 9.769674123927167 48.06999969482422 30.959999084472656 AB 13.839146201737577 1.1017843693331033
60655.1346 lsst_hardware_r 11.501502561861653 48.540000915527344 31.610000610351562 AB 13.001730589160115 1.1023008673806274
60657.1257 lsst_hardware_i 32.78616364305055 53.29999923706055 31.299999237060547 AB 7.866485936243537 1.1017487305663696
60657.1385 lsst_hardware_z 8.582980324533832 53.02000045776367 30.969999313354492 AB 7.886485059110598 1.1052463119768678
60661.1045 lsst_hardware_z -13.917012883453983 51.63999938964844 30.959999084472656 AB 4.263881154536111 1.1017780761072276
60661.117 lsst_hardware_g 59.96369272789526 64.91000366210938 31.700000762939453 AB 4.265038085475807 1.1020770246704568
60666.1025 lsst_hardware_r 1.9634259466476454 21.700000762939453 31.469999313354492 AB 4.736146429201885 1.1019419332717275
60666.1155 lsst_hardware_u -2.3917042774488038 2.5899999141693115 28.389999389648438 AB 4.742150929391485 1.1059550501943594
60667.1107 lsst_hardware_g -18.134019009524724 12.899999618530273 31.3799991607666 AB 6.820335342986707 1.105044611630991
60667.1232 lsst_hardware_r -7.379072763934948 21.860000610351562 31.469999313354492 AB 6.864116446396697 1.112138115099881
60669.1056 lsst_hardware_i -49.28658047631501 30.170000076293945 31.239999771118164 AB 8.270102073774254 1.1051976711986657
60669.1177 lsst_hardware_z 3.6098620687735457 41.54999923706055 30.940000534057617 AB 8.404320605941795 1.1121116752638422
60671.1057 lsst_hardware_r 3.3646151862532196 21.93000030517578 31.479999542236328 AB 5.932607931084329 1.1079322580462128
60671.1196 lsst_hardware_u -1.1157416555267592 2.6700000762939453 28.440000534057617 AB 5.982159526872359 1.1180909962381451
60673.1055 lsst_hardware_g -2.2587944821545003 12.899999618530273 31.3700008392334 AB 8.166966736122586 1.11121493093113
60673.118 lsst_hardware_i 32.032346570072754 30.510000228881836 31.239999771118164 AB 8.24458382739521 1.1217756780854076
60675.1032 lsst_hardware_z -34.48538054613773 41.5099983215332 30.940000534057617 AB 7.658418009464225 1.1135164267734212
60675.1174 lsst_hardware_r 42.673779670262554 21.780000686645508 31.469999313354492 AB 7.749979443404093 1.1269598232710172
60677.0873 lsst_hardware_r 8.982181738818918 21.760000228881836 31.469999313354492 AB 5.574689964511056 1.1068579300131156
60677.0999 lsst_hardware_u 4.924881453015848 2.5399999618530273 28.329999923706055 AB 5.649493614848584 1.115233403710918
60681.0905 lsst_hardware_i -35.93209215784652 32.650001525878906 31.25 AB 9.595234148570444 1.1165146836700897
60681.1032 lsst_hardware_z 45.33723203116882 43.040000915527344 30.950000762939453 AB 9.697442253940139 1.129492051163583
60683.0845 lsst_hardware_r -32.522027113988486 37.63999938964844 31.579999923706055 AB 6.569853947816389 1.1160567295271329
60683.0963 lsst_hardware_z -34.03236315552979 45.209999084472656 30.950000762939453 AB 6.51876007422045 1.1278131616298355
60685.0714 lsst_hardware_z 11.592888327370812 48.720001220703125 30.959999084472656 AB 9.97961310380902 1.1103263355372743
60685.0854 lsst_hardware_i -81.68079243763101 45.77000045776367 31.290000915527344 AB 9.517326404017943 1.1219513610646532
60687.0714 lsst_hardware_z -18.75582994120335 53.650001525878906 30.969999313354492 AB 4.479393914571032 1.1142770931768737
60687.0842 lsst_hardware_r 81.98392313951315 67.83999633789062 31.6299991607666 AB 6.5033636280334735 1.1264811850284604
60689.0694 lsst_hardware_y -141.37737756456917 52.119998931884766 30.030000686645508 AB 7.308504879869748 1.1171667502093776
60689.082 lsst_hardware_g 31.16318625330831 86.05999755859375 31.700000762939453 AB 7.52344285990299 1.1302683449200746
60919.3893 lsst_hardware_z 69.00216681884284 41.369998931884766 30.940000534057617 AB 0.7811545570970857 1.1034555250341411
60919.3997 lsst_hardware_y -130.92341100205712 47.7599983215332 30.020000457763672 AB 0.6852880476244632 1.1014541349455038
60932.4042 lsst_hardware_y -10.677874342961811 60.029998779296875 30.040000915527344 AB 1.3689536148534291 1.1179694690512973
60934.3932 lsst_hardware_r 27.300930977143498 24.3799991607666 31.510000228881836 AB 4.736924998132642 1.113348087934654
60934.4051 lsst_hardware_i 54.471431419152324 46.119998931884766 31.299999237060547 AB 4.804237244929875 1.1242364847729818
60936.3948 lsst_hardware_z -32.71853484966274 44.619998931884766 30.940000534057617 AB 1.8796146646164944 1.119373497538359
60938.3838 lsst_hardware_r 8.951767299542176 21.860000610351562 31.469999313354492 AB 6.531204182720696 1.1145399629216204
60938.3956 lsst_hardware_u 4.727162162713544 4.739999771118164 28.780000686645508 AB 6.3698430019193815 1.125778609429329
60940.3902 lsst_hardware_g 10.901283040681083 14.8100004196167 31.420000076293945 AB 1.5761836983311648 1.125845498807975
60940.4013 lsst_hardware_i -40.114400250859774 52.27000045776367 31.299999237060547 AB 1.5956526297608402 1.1397518784006002
60943.3836 lsst_hardware_u -0.2234819453441682 2.9800000190734863 28.459999084472656 AB 7.3237268478427735 1.1276379918922859
60943.3958 lsst_hardware_g 34.01632549606277 27.209999084472656 31.59000015258789 AB 7.41669548822025 1.1436252246590726
60947.3605 lsst_hardware_i 7.165520042242075 30.06999969482422 31.239999771118164 AB 7.710356398586673 1.115583650233187
60947.3728 lsst_hardware_z -45.093836613938805 41.630001068115234 30.940000534057617 AB 7.842379104646012 1.1277778354355168
60950.3724 lsst_hardware_r 7.591010656681372 21.989999771118164 31.469999313354492 AB 2.7964712150260698 1.137547612891769
60950.3841 lsst_hardware_u 1.8324101365998384 4.619999885559082 28.75 AB 2.4183253194798673 1.155342934698559
60952.3753 lsst_hardware_g 7.028026785625435 14.010000228881836 31.389999389648438 AB 2.2149386003057905 1.1498707853631618
60952.3865 lsst_hardware_i -52.36393994617132 40.06999969482422 31.270000457763672 AB 2.2426280017820166 1.1695074538865848
60959.3445 lsst_hardware_z 2.1220472727292017 47.290000915527344 30.950000762939453 AB 4.910064016927745 1.1331788638190041
60959.3557 lsst_hardware_r -48.29791396037844 45.86000061035156 31.59000015258789 AB 5.008925255095575 1.149099622641711
60961.3466 lsst_hardware_i -34.88045743324891 34.88999938964844 31.260000228881836 AB 6.273880088887412 1.1435470117662996
60961.3573 lsst_hardware_z -110.73493663161302 44.029998779296875 30.940000534057617 AB 6.336850378902569 1.1609496877378314
60963.3426 lsst_hardware_r 23.349333499691678 24.09000015258789 31.489999771118164 AB 6.717804955101631 1.1457313738092605
60963.3547 lsst_hardware_z 43.89061445101602 42.93000030517578 30.940000534057617 AB 6.872213522985918 1.1661655392815065
60965.3463 lsst_hardware_g 5.093541568772667 13.069999694824219 31.360000610351562 AB 5.676360566638107 1.1608099318278091
60965.3579 lsst_hardware_i 15.258130477747601 31.200000762939453 31.229999542236328 AB 5.779874170426345 1.1834708058068482
60968.3383 lsst_hardware_z 28.70847278392377 42.400001525878906 30.940000534057617 AB 0.6138617908802146 1.1611509285249964
60968.349 lsst_hardware_r -25.264325519324977 22.06999969482422 31.459999084472656 AB 0.7572468774243326 1.1819670303204648
60970.3682 lsst_hardware_u -12.666619771744877 5.309999942779541 28.790000915527344 AB 3.942068760980346 1.2442089724295602
60972.2263 lsst_hardware_u -2.0920778129419717 2.5799999237060547 28.3799991607666 AB 1.6544362350961863 1.113348745017622
60972.2361 lsst_hardware_g 0.42302308239640135 12.75 31.3700008392334 AB 1.493960301583516 1.107047277942583
60976.3145 lsst_hardware_r -4.8529952721926515 21.8700008392334 31.459999084472656 AB 3.3786096486761754 1.157718897319078
60976.3257 lsst_hardware_u 2.948229900446713 2.5299999713897705 28.309999465942383 AB 3.3795942987034255 1.1789282437337532
60982.2723 lsst_hardware_z 141.86368553623592 75.13999938964844 31.709999084472656 AB 5.971506740795681 1.1224285092815005
60991.2717 lsst_hardware_r -13.749375641855995 27.690000534057617 31.520000457763672 AB 4.733826644214621 1.1545918644425905
60991.283 lsst_hardware_i -36.348307691981525 33.84000015258789 31.239999771118164 AB 4.819065220841956 1.1753817611809652
