data/validation/pwv_sim_epoch_fit_epoch/4841950.ecsv
# %ECSV 0.9
# ---
# datatype:
# - {name: time, datatype: float64}
# - {name: band, datatype: string}
# - {name: flux, datatype: float64}
# - {name: fluxerr, datatype: float64}
# - {name: zp, datatype: float64}
# - {name: zpsys, datatype: string}
# - {name: pwv, datatype: float64}
# - {name: airmass, datatype: float64}
# meta: {SNID: '4841950', alt: 1024.0, c: -0.045344822108745575, dec: -62.696659, lat: -30.244573, lon: -70.7499537, ra: 116.452705, t0: 62567.46875,
#   x0: 5.460496558343238e-06, x1: 0.8100746870040894, z: 0.5913223624229431}
# schema: astropy-2.0
time band flux fluxerr zp zpsys pwv airmass
62460.3575 lsst_hardware_r 24.363477538499907 61.5099983215332 31.610000610351562 AB 5.931984858229661 1.1860806834636997
62475.3292 lsst_hardware_z -32.86613581498186 42.779998779296875 30.93000030517578 AB 3.711638196934105 1.188675163149236
62475.3418 lsst_hardware_y -4.198471847968841 51.79999923706055 30.0 AB 4.863385441227961 1.1947882179653508
62481.3093 lsst_hardware_z 54.436765700794325 42.95000076293945 30.93000030517578 AB 9.839241240972502 1.1876089569566328
62481.3224 lsst_hardware_r -27.44136957748724 22.309999465942383 31.459999084472656 AB 9.889514285950197 1.193004990514223
62483.3113 lsst_hardware_u 1.4271053701048966 2.640000104904175 28.389999389648438 AB 11.92435503570497 1.1902137711975949
62483.3233 lsst_hardware_g 4.104642706244444 13.0600004196167 31.360000610351562 AB 11.980371948315055 1.1970197280626522
62485.3032 lsst_hardware_r -17.574316754902142 22.280000686645508 31.459999084472656 AB 9.823332867545746 1.1891536830744223
62485.3163 lsst_hardware_i 40.181982620551004 31.25 31.219999313354492 AB 9.876912927055207 1.195966438517074
62487.2916 lsst_hardware_i -21.586984983874714 31.450000762939453 31.229999542236328 AB 8.400636251805544 1.1872851744478712
62487.3083 lsst_hardware_z -13.125418242627761 61.0 31.68000030517578 AB 7.900298520806125 1.1943457456148947
62487.3252 lsst_hardware_r -25.9783105289528 22.25 31.450000762939453 AB 8.002303156449447 1.20794039872434
62489.315 lsst_hardware_z -53.238521840317055 53.84000015258789 30.950000762939453 AB 5.781432213756075 1.2034621593995787
62489.3273 lsst_hardware_r -79.70697022275039 53.20000076293945 31.59000015258789 AB 5.9374642956431005 1.2161950626061246
62491.2936 lsst_hardware_z 67.9015493225245 59.02000045776367 30.959999084472656 AB 7.0628282610512585 1.1922062052695892
62491.3053 lsst_hardware_i 3.9762886800983934 63.380001068115234 31.299999237060547 AB 7.3983907239031295 1.1999011851172139
62493.2941 lsst_hardware_z 72.77219127500288 55.41999816894531 30.959999084472656 AB 8.113091658566018 1.1957393748808056
62493.3063 lsst_hardware_r 3.7766201694636115 69.05000305175781 31.600000381469727 AB 8.175711159704205 1.2055014980395833
62499.2947 lsst_hardware_z 9.401914016574143 43.810001373291016 30.940000534057617 AB 8.465116713668456 1.210282139875393
62499.3077 lsst_hardware_r 4.2283122958536365 27.360000610351562 31.510000228881836 AB 8.56288337244187 1.2260422439960088
62503.295 lsst_hardware_i 32.288574273033284 31.049999237060547 31.219999313354492 AB 6.359700589595777 1.2236468553609114
62503.3074 lsst_hardware_z -61.12693104592223 43.130001068115234 30.93000030517578 AB 6.4311541205761005 1.2420550656148517
62505.2321 lsst_hardware_r -19.903530723163506 22.260000228881836 31.459999084472656 AB 3.098644408062237 1.1860461515341398
62505.2449 lsst_hardware_z 19.241780342329104 43.02000045776367 30.940000534057617 AB 3.1018499529254533 1.187955172983928
62507.229 lsst_hardware_r -20.615051804598863 22.139999389648438 31.450000762939453 AB 8.32415129561276 1.1861285465457831
62507.2421 lsst_hardware_u -0.5552490139164177 2.5199999809265137 28.280000686645508 AB 8.33742421630777 1.1888103541593087
62509.229 lsst_hardware_g -11.639882517775106 12.850000381469727 31.34000015258789 AB 9.558087488313166 1.1867872094754823
62509.2409 lsst_hardware_r -23.31673625508924 22.170000076293945 31.459999084472656 AB 9.604710350955575 1.1905066903356667
62510.2474 lsst_hardware_z 72.41333677556844 43.15999984741211 30.93000030517578 AB 8.28683274611415 1.1955755089073616
62510.2597 lsst_hardware_r 25.076498834152645 22.280000686645508 31.450000762939453 AB 9.531511523466035 1.2053506963873912
62512.2423 lsst_hardware_u 2.1291357763714456 2.5199999809265137 28.290000915527344 AB 7.653218805670332 1.1958154383859894
62512.254 lsst_hardware_r -13.350890788627725 22.09000015258789 31.450000762939453 AB 7.3944752717909825 1.2051297468625803
62514.2426 lsst_hardware_i 3.3653385718087536 30.8700008392334 31.229999542236328 AB 5.302041781363244 1.2000094563628616
62514.255 lsst_hardware_z -45.686816643675186 42.790000915527344 30.93000030517578 AB 5.454830733232821 1.211646098008179
62517.1796 lsst_hardware_r -81.76278073635082 55.459999084472656 31.600000381469727 AB 6.1418221500150185 1.1902179448699226
62517.1924 lsst_hardware_z -35.484997027218604 50.5099983215332 30.950000762939453 AB 6.134116947104854 1.1865403447178013
62519.1816 lsst_hardware_r -56.70094912211704 75.69000244140625 31.610000610351562 AB 7.381151137452446 1.1876349376431956
62519.1946 lsst_hardware_y -37.49350238487626 52.58000183105469 30.0 AB 7.383528978714012 1.1860773171343197
62521.1835 lsst_hardware_z 12.080342211425224 60.369998931884766 30.959999084472656 AB 10.54855247477574 1.1862969494799525
62521.1971 lsst_hardware_r 59.293019592800874 83.52999877929688 31.610000610351562 AB 10.57430933726454 1.1869687948736598
62523.1917 lsst_hardware_i 57.26197044882796 55.369998931884766 31.290000915527344 AB 11.545194611904401 1.1869834587883024
62523.2058 lsst_hardware_z 70.03119064367962 54.61000061035156 30.959999084472656 AB 11.667861834075284 1.1920273628151388
62525.1869 lsst_hardware_r -65.05569484795303 69.05999755859375 32.34000015258789 AB 13.596523175253287 1.1871236765355158
62525.2006 lsst_hardware_z 27.287547867658116 70.06999969482422 31.700000762939453 AB 13.41483799846909 1.1921651187264313
62529.1814 lsst_hardware_z 12.978559936178291 42.2400016784668 30.93000030517578 AB 12.727793134795801 1.188624685729903
62529.1911 lsst_hardware_r 4.171468986447034 21.799999237060547 31.450000762939453 AB 12.65186951797677 1.1929348635613135
62531.1798 lsst_hardware_u -2.526890742625169 2.4800000190734863 28.25 AB 14.672632738572618 1.1900910648529985
62531.1912 lsst_hardware_g 3.9001797538677048 12.720000267028809 31.309999465942383 AB 14.735024422677226 1.1963645859357144
62533.1763 lsst_hardware_r -24.038497550523786 21.959999084472656 31.450000762939453 AB 13.322130055618947 1.1909646035775923
62533.1891 lsst_hardware_i -25.060999555989216 30.920000076293945 31.229999542236328 AB 13.34122294789772 1.1987800294633588
62537.1788 lsst_hardware_u -2.3158955120348663 2.467699630357915 28.209999084472656 AB 8.255705056588349 1.1992598861981911
62537.1893 lsst_hardware_r 37.97632034115313 22.035133324955748 31.440000534057617 AB 8.236833985875352 1.2086330133345802
62539.1734 lsst_hardware_i 16.031198472270237 31.376429322823647 31.219999313354492 AB 6.036724274142516 1.1993094813037863
62539.1855 lsst_hardware_z 54.155703474617574 43.268053970299476 30.920000076293945 AB 5.972500355035756 1.210355731084356
62541.1553 lsst_hardware_z 84.11589273448537 43.24960655356548 30.940000534057617 AB 6.6717052732243 1.1913759416471965
62541.1677 lsst_hardware_r 68.0243076773773 22.838015895250983 31.459999084472656 AB 6.793861535824463 1.1991283525018064
62546.1412 lsst_hardware_r 466.5555270710398 54.850492647395704 31.600000381469727 AB 2.1047939086542513 1.1911680297986709
62546.1538 lsst_hardware_i 352.40972086413296 49.235030234104315 31.280000686645508 AB 2.2588150966895997 1.1989464419796176
62550.1516 lsst_hardware_z 1030.9369689059076 92.57216919742777 31.709999084472656 AB 6.704753735806311 1.2064696021724408
62550.1652 lsst_hardware_r 1923.9572168739635 130.6232796310394 32.36000061035156 AB 6.810248990955394 1.221788480616302
62552.1474 lsst_hardware_i 944.5336157429875 66.25308982188962 31.290000915527344 AB 4.697473491206106 1.2077060930792345
62552.1597 lsst_hardware_z 572.8829447115239 62.377538022630766 30.959999084472656 AB 4.760104818589859 1.221740553173596
62554.152 lsst_hardware_r 1432.9485607516856 63.5703586067172 31.59000015258789 AB 7.945296491239379 1.2189153400009274
62554.1641 lsst_hardware_z 768.8575714006518 56.56137260908413 30.940000534057617 AB 7.952667347035422 1.2356857201142697
62556.1425 lsst_hardware_g 546.1829093617372 32.17433612635231 31.520000457763672 AB 11.17320270141098 1.2141266337377914
62556.1551 lsst_hardware_r 1612.8779893412836 50.59311101796491 31.530000686645508 AB 11.500162822930807 1.2304025844790452
62557.0799 lsst_hardware_g 450.23454427639257 25.35985840108478 31.31999969482422 AB 10.624809860813308 1.1871848627008679
62557.0928 lsst_hardware_r 1518.385591354558 44.983228859921525 31.450000762939453 AB 9.109822728012038 1.186213448095581
62561.0799 lsst_hardware_r 1838.3551796085799 47.778845959166794 31.450000762939453 AB 4.51825790192598 1.1861279522021344
62561.0938 lsst_hardware_u 2.512087125470918 3.339628080879849 28.270000457763672 AB 4.850634065064504 1.188589577325221
62563.0722 lsst_hardware_g 532.5134609250462 26.254861030105836 31.31999969482422 AB 7.468086415350249 1.1861322628080975
62563.0848 lsst_hardware_i 1549.3952364174525 49.363514434941195 31.219999313354492 AB 6.862901181741964 1.1875586055964638
62566.0743 lsst_hardware_z 1183.1608643889 54.05337684535391 30.93000030517578 AB 6.248959588220226 1.187037216783428
62566.0866 lsst_hardware_r 1916.815794872582 48.2966590827605 31.440000534057617 AB 8.532134164964921 1.1911952017356089
62568.074 lsst_hardware_u 6.483104406907194 2.620743872557744 28.209999084472656 AB 11.141995686763142 1.1883739066852521
62568.0869 lsst_hardware_g 439.62982136682933 24.24522814707896 31.309999465942383 AB 12.306955535624471 1.1943089411552503
62572.0674 lsst_hardware_z 1244.3160570157866 55.01710592793915 30.93000030517578 AB 9.21062059816825 1.1899514144311076
62572.0815 lsst_hardware_r 1843.8680914034173 50.81968626731841 31.510000228881836 AB 9.307278621986278 1.1980021395271305
62578.0356 lsst_hardware_z 1106.4897781579148 65.77565778862117 30.959999084472656 AB 9.08363820163762 1.1862407054048474
62578.0484 lsst_hardware_i 1324.7608171367167 70.31333734903421 31.290000915527344 AB 8.243609736480302 1.1889535929155985
62580.0309 lsst_hardware_z 1026.1686295657012 69.12515243913046 30.959999084472656 AB 5.604880508302875 1.1863017867157206
62580.0449 lsst_hardware_r 1407.5804083792725 92.49216116856795 31.610000610351562 AB 4.454602932847137 1.18969187203253
62584.0276 lsst_hardware_r 1027.533768940038 38.77051811653313 31.450000762939453 AB 5.56514842745496 1.18761170026785
62584.041 lsst_hardware_i 975.0889401718293 44.18820205477255 31.219999313354492 AB 5.646659835371107 1.1930403201713728
62587.0237 lsst_hardware_z 825.6347726536767 50.92486417236565 30.93000030517578 AB 6.516351585637793 1.188916376938978
62587.0364 lsst_hardware_r 816.5899162387719 36.31670774234454 31.450000762939453 AB 6.540839420102577 1.1951832294011286
62589.0272 lsst_hardware_u 3.869502102652027 2.696054834835611 28.200000762939453 AB 7.754256395862329 1.1929625224403584
62589.0405 lsst_hardware_r 718.4577841399904 34.51611287344962 31.440000534057617 AB 7.815065076033071 1.2023177040050879
62591.0206 lsst_hardware_i 748.2982447472727 40.62414568258429 31.209999084472656 AB 7.095870119223172 1.1923494193110324
62591.0328 lsst_hardware_z 685.537179210547 50.079818482971234 30.920000076293945 AB 7.140535369417683 1.200459867648466
62594.0197 lsst_hardware_r 493.4683652902771 31.31377712603272 31.440000534057617 AB 7.628940323264539 1.1967903872090768
62594.0329 lsst_hardware_u 0.24224597112267882 2.848734266422243 28.239999771118164 AB 7.555011401169959 1.207932113065786
62596.0172 lsst_hardware_g 60.03340433868036 14.237704289843842 31.299999237060547 AB 9.219251031777159 1.1989402473213029
62596.0286 lsst_hardware_r 455.2154993226798 30.086091199197543 31.43000030517578 AB 9.304997779689112 1.2091086352453122
62600.0172 lsst_hardware_r 328.07320707305905 30.253160676210026 31.459999084472656 AB 9.781396613443986 1.2086243189724437
62600.0301 lsst_hardware_g 59.6149292225891 17.213439715839698 31.40999984741211 AB 9.867202078170616 1.2237125355317011
62827.2866 lsst_hardware_z -12.240046702994878 61.099998474121094 31.68000030517578 AB 3.6017055819802937 1.2312120266568918
62840.3351 lsst_hardware_r -2.4876492263656345 22.889999389648438 31.469999313354492 AB 4.837904644036971 1.1908199813021756
62840.3468 lsst_hardware_g -2.6166614172970895 19.690000534057617 31.5 AB 4.874668855624968 1.197756383707351
62844.3081 lsst_hardware_z 77.46735873083261 58.189998626708984 30.959999084472656 AB 7.852970143821029 1.1862940660630732
62844.3207 lsst_hardware_i 63.12835466759075 61.2599983215332 31.299999237060547 AB 7.768879772078124 1.1893569767420746
62849.3204 lsst_hardware_z 39.36667992889918 71.93000030517578 31.690000534057617 AB 8.653329046472967 1.1964781831321454
62851.3111 lsst_hardware_r -43.43427215858522 42.31999969482422 31.579999923706055 AB 12.628041359017637 1.1940219131446628
62851.3229 lsst_hardware_i 1.3599592903377167 41.16999816894531 31.260000228881836 AB 12.727705492597778 1.2026528068927826
62853.3201 lsst_hardware_z -19.33128601395819 63.06999969482422 31.690000534057617 AB 8.412018983306602 1.2050452177404345
62855.2916 lsst_hardware_r -29.223842698021496 23.530000686645508 31.479999542236328 AB 5.106152736494158 1.1897369585245499
62855.3043 lsst_hardware_g -7.944472441362258 15.539999961853027 31.440000534057617 AB 5.251623327230557 1.1966784384711306
62858.2919 lsst_hardware_r 14.074419227110766 22.290000915527344 31.459999084472656 AB 8.107114539383856 1.1939785772288447
62858.3043 lsst_hardware_i -40.126202032120304 31.270000457763672 31.229999542236328 AB 8.145647145522496 1.2031086545340073
62863.2919 lsst_hardware_u -1.0337530060204312 2.559999942779541 28.31999969482422 AB 7.56258911794934 1.2042339359791943
62863.3039 lsst_hardware_g -1.0493448361858073 12.869999885559082 31.329999923706055 AB 7.531434017871456 1.2168409119784511
62866.2948 lsst_hardware_z 17.68923397434265 43.290000915527344 30.93000030517578 AB 6.205485426111743 1.2157685732790353
62866.3065 lsst_hardware_u -0.2572261667293665 2.5199999809265137 28.270000457763672 AB 6.262038930526675 1.2311701018484493
62868.2953 lsst_hardware_g -20.19685386402774 12.930000305175781 31.34000015258789 AB 6.2972037626219315 1.223193453194716
62868.3075 lsst_hardware_r -12.544721206150202 22.329999923706055 31.450000762939453 AB 6.45070567338418 1.2411568124777155
62870.225 lsst_hardware_z 1.4468905375671355 68.02999877929688 31.700000762939453 AB 3.0854047978629335 1.1866941530242052
62870.2362 lsst_hardware_r -27.038572040183762 41.5 31.579999923706055 AB 3.1068705290928857 1.1862434805152764
62872.2211 lsst_hardware_i -42.344290334726374 53.790000915527344 31.290000915527344 AB 8.30735416814197 1.1864682640971143
62872.2352 lsst_hardware_z -40.07499414290689 53.70000076293945 30.950000762939453 AB 8.318450433728765 1.1868382560874269
62879.1989 lsst_hardware_y 92.42303041906554 71.7300033569336 30.760000228881836 AB 6.063898014182836 1.1869825161521825
62883.1827 lsst_hardware_z -2.549106320872061 43.119998931884766 30.940000534057617 AB 3.6650399712898754 1.188340439218549
62883.1979 lsst_hardware_r -9.528571078383436 24.530000686645508 31.489999771118164 AB 3.6362315419899938 1.186114453187999
62883.247 lsst_hardware_g -67.15260668662468 21.510000228881836 31.520000457763672 AB 3.8935105104306476 1.2141924668702644
62883.2589 lsst_hardware_r 12.43229109304668 27.829999923706055 31.510000228881836 AB 2.754033426072715 1.2294792080681762
62908.2477 lsst_hardware_z 196.99337894323816 95.05000305175781 32.130001068115234 AB 5.032106493804118 1.3567591148729234
62912.1447 lsst_hardware_i 12.703977447577715 31.3799991607666 31.229999542236328 AB 3.258167682952278 1.1941970737760335
62912.1568 lsst_hardware_z 46.191893148937574 43.61000061035156 30.93000030517578 AB 3.4379494215321347 1.203131906047991
62917.1383 lsst_hardware_r -5.377960633142512 22.15999984741211 31.469999313354492 AB 4.672409026788544 1.1991553846795673
62917.1495 lsst_hardware_i -8.54354330835275 31.1200008392334 31.229999542236328 AB 4.688429966689657 1.2091892967734674
62919.0792 lsst_hardware_g 6.095161324308122 12.819999694824219 31.34000015258789 AB 6.571175129686364 1.1903224580538654
62919.0921 lsst_hardware_i 27.600935568338855 31.030000686645508 31.229999542236328 AB 7.285545964577704 1.1866193191217402
62921.0826 lsst_hardware_z -21.31497574940201 42.63999938964844 30.940000534057617 AB 9.403285486932717 1.1873834691808296
62921.0945 lsst_hardware_r 19.807562274477217 22.010000228881836 31.459999084472656 AB 9.265972942757765 1.1861710615862298
62923.0809 lsst_hardware_u 5.420224316564501 2.4700000286102295 28.239999771118164 AB 7.6092860516928695 1.186664144881127
62923.0928 lsst_hardware_g 17.874345333785953 12.729999542236328 31.329999923706055 AB 6.79424928402068 1.1864403062944477
62925.0782 lsst_hardware_r -29.660892119162035 25.420000076293945 31.5 AB 6.558459808450313 1.1863358109949038
62925.0896 lsst_hardware_i 13.959437219976595 32.2400016784668 31.239999771118164 AB 6.183282530705565 1.1867535205998878
62927.0757 lsst_hardware_z -9.326454756775739 45.16999816894531 30.950000762939453 AB 3.40826340618472 1.1861705589970024
62927.0883 lsst_hardware_r -56.89268974604595 34.529998779296875 31.559999465942383 AB 3.46113102169541 1.187623592026333
62929.079 lsst_hardware_z 7.724704230193734 48.400001525878906 30.940000534057617 AB 5.319386317554716 1.186811114821169
62929.092 lsst_hardware_r -9.763145961983945 47.09000015258789 31.579999923706055 AB 5.413795218600239 1.1908920410471269
62932.0735 lsst_hardware_i 19.63787744285343 58.65999984741211 31.299999237060547 AB 7.658410460611492 1.1873504590095145
62932.0859 lsst_hardware_z -43.849030756996946 56.58000183105469 30.959999084472656 AB 8.687784571578245 1.1919034945230302
62935.0772 lsst_hardware_r -66.81259358551598 82.38999938964844 31.610000610351562 AB 11.934392738043536 1.1916517961101882
62935.09 lsst_hardware_z 13.819860454817128 60.88999938964844 30.959999084472656 AB 13.435744268987667 1.1998342801382094
62937.0719 lsst_hardware_g -86.68014887140512 58.349998474121094 31.65999984741211 AB 9.201772308245525 1.1917335919848129
62937.0845 lsst_hardware_r 28.339161849277584 59.20000076293945 31.600000381469727 AB 9.486464095069014 1.199805745582053
62939.0747 lsst_hardware_i 21.725098163186832 30.959999084472656 31.219999313354492 AB 15.552273101286396 1.1966201845028732
62939.0877 lsst_hardware_z 49.06957109264745 45.86000061035156 30.93000030517578 AB 15.728260537747921 1.2074744669403021
62941.0719 lsst_hardware_r -19.213727873782986 22.079999923706055 31.450000762939453 AB 9.342113040597527 1.1985263052425879
62941.0862 lsst_hardware_g 5.746968812771282 12.75 31.31999969482422 AB 8.902724580926144 1.2115709875718002
62943.0341 lsst_hardware_u -1.9162466653630563 2.630000114440918 28.3799991607666 AB 9.203584231369673 1.1861817542685729
62943.0475 lsst_hardware_r 2.0661415278381936 22.15999984741211 31.459999084472656 AB 8.086323595363178 1.1884661368846257
62952.0265 lsst_hardware_i -11.580482279482872 31.31999969482422 31.229999542236328 AB 6.523523453066673 1.1897545699165684
62952.0382 lsst_hardware_z -4.085736852348469 43.31999969482422 30.940000534057617 AB 6.561809899131557 1.1959556316764686
62954.0255 lsst_hardware_r -2.3334160575620406 34.52000045776367 32.25 AB 7.7464206798703 1.191757027672354
62954.0391 lsst_hardware_g 9.321733155542601 23.790000915527344 32.220001220703125 AB 7.804114821398925 1.2006330494459885
62956.0241 lsst_hardware_r -5.976176845575354 43.72999954223633 32.29999923706055 AB 7.145107460882509 1.1939688287555124
62956.038 lsst_hardware_i 7.31123819903073 49.34000015258789 32.0 AB 7.21002100793075 1.2043800230402886
62958.0221 lsst_hardware_z -61.76221891136208 47.47999954223633 30.950000762939453 AB 9.340324412086034 1.1961484349124094
62958.0347 lsst_hardware_i -10.36069121695812 41.13999938964844 31.270000457763672 AB 9.326291468864694 1.2064019664795977
