data/validation/pwv_sim_epoch_fit_epoch/48498497.ecsv
# %ECSV 0.9
# ---
# datatype:
# - {name: time, datatype: float64}
# - {name: band, datatype: string}
# - {name: flux, datatype: float64}
# - {name: fluxerr, datatype: float64}
# - {name: zp, datatype: float64}
# - {name: zpsys, datatype: string}
# - {name: pwv, datatype: float64}
# - {name: airmass, datatype: float64}
# meta: {SNID: '48498497', alt: 1024.0, c: -0.051083311438560486, dec: -1.342993, lat: -30.244573, lon: -70.7499537, ra: 153.28125, t0: 61050.13671875,
#   x0: 3.8778792703307445e-06, x1: -2.072683811187744, z: 0.6807592511177063}
# schema: astropy-2.0
time band flux fluxerr zp zpsys pwv airmass
[from data line 132]
61447.2122 lsst_hardware_u -1.979792252151431 2.75 28.389999389648438 AB 4.255225231613005 1.1490774287626777
61450.1955 lsst_hardware_g -6.486279131677813 15.220000267028809 31.420000076293945 AB 1.4938398146177985 1.1581649938889766
61450.2125 lsst_hardware_r -52.3283343916767 24.459999084472656 31.489999771118164 AB 2.515366543177007 1.1433484287168214
61454.2409 lsst_hardware_z -19.308790497109353 85.08999633789062 31.719999313354492 AB 6.1176065011379315 1.1592047563305177
61456.2334 lsst_hardware_r 296.5254431738178 149.02999877929688 31.6299991607666 AB 3.816895990840646 1.1566351487395898
61456.251 lsst_hardware_i 22.350327562481162 119.83999633789062 31.309999465942383 AB 3.2291967721162735 1.1856064516398017
61458.1597 lsst_hardware_i 2.8326383661578123 117.06999969482422 31.31999969482422 AB 7.5791076098745656 1.1806996146760325
61458.1775 lsst_hardware_z 56.38491584106011 97.12999725341797 30.989999771118164 AB 9.23023221219495 1.1536348221715975
61460.1562 lsst_hardware_i 119.14281864297993 64.36000061035156 31.309999465942383 AB 11.020046451433277 1.176936253268061
61460.173 lsst_hardware_z -113.85047194569336 60.540000915527344 30.969999313354492 AB 11.229321463487778 1.1526119028470903
61462.1561 lsst_hardware_g -15.464862315065151 42.56999969482422 31.649999618530273 AB 6.205520475103475 1.1676583827459732
61462.1761 lsst_hardware_r 4.6005162016696 45.13999938964844 31.600000381469727 AB 8.010601775961927 1.1453943558122504
61464.1612 lsst_hardware_i -17.235546318108902 34.41999816894531 31.25 AB 7.009316163312283 1.1535437209905561
61464.179 lsst_hardware_r 3.759584949838406 29.290000915527344 31.530000686645508 AB 6.975465814551791 1.1415695843794271
61466.1585 lsst_hardware_u -6.5642861832308474 2.809999942779541 28.420000076293945 AB 3.8635822512963305 1.1507318693362116
61466.1771 lsst_hardware_g -17.59726174726683 15.460000038146973 31.420000076293945 AB 4.43550684635699 1.1408930220196671
61470.2001 lsst_hardware_z -24.156923910809585 43.5 30.940000534057617 AB 9.072792685824709 1.1631785494647062
61470.2186 lsst_hardware_r -0.11546130812950789 24.889999389648438 31.489999771118164 AB 9.361887079891677 1.1987562951758677
61472.1227 lsst_hardware_i -5.680495792221873 32.459999084472656 31.239999771118164 AB 12.147206437978348 1.1783203638900024
61472.1418 lsst_hardware_u -0.06414215919845823 2.7200000286102295 28.3700008392334 AB 13.202956955828354 1.151035870784042
61474.1218 lsst_hardware_g -16.86455539725541 15.140000343322754 31.40999984741211 AB 13.070525930925696 1.1701630222109225
61474.1403 lsst_hardware_r 36.28009758097682 24.3799991607666 31.489999771118164 AB 12.04674010995119 1.1475635960325763
61476.1213 lsst_hardware_i 9.156329032281828 32.52000045776367 31.229999542236328 AB 9.253362157665121 1.1624826831237438
61476.1396 lsst_hardware_r 20.328284963261545 24.579999923706055 31.489999771118164 AB 9.41165078825902 1.1443432170051702
61477.119 lsst_hardware_u 3.8086999670827955 2.7699999809265137 28.399999618530273 AB 15.16854726277885 1.1618733661001397
61477.1375 lsst_hardware_g 36.016267901649044 15.289999961853027 31.420000076293945 AB 16.015913719192643 1.1439938370851888
61481.1229 lsst_hardware_z 14.975837892095225 69.76000213623047 31.709999084472656 AB 8.790468958675792 1.146283877076751
61481.1439 lsst_hardware_r -32.945139659752925 65.0199966430664 32.349998474121094 AB 9.399237335810096 1.1413767256600176
61487.2076 lsst_hardware_r 277.69028756105155 125.4000015258789 31.600000381469727 AB 9.066043797902088 1.325057555963489
61487.2345 lsst_hardware_z 47.09943369990836 88.44000244140625 30.940000534057617 AB 9.605099643123713 1.4937946567843674
61492.1401 lsst_hardware_g 3.9567602492821146 34.9900016784668 31.639999389648438 AB 8.519832888972738 1.1632759269487791
61492.1579 lsst_hardware_r 50.993278339330466 40.2400016784668 31.579999923706055 AB 8.78214071386507 1.1972381233116063
61494.0643 lsst_hardware_r 25.637516316522273 24.579999923706055 31.489999771118164 AB 5.867213534932306 1.1752055152593501
61494.082 lsst_hardware_i -49.20835783918989 32.4900016784668 31.25 AB 5.792987653117267 1.150772279125436
61497.0645 lsst_hardware_z 28.96144092679186 43.56999969482422 30.940000534057617 AB 10.085638538930974 1.1617168599267775
61497.0831 lsst_hardware_r 3.8895040557265457 24.3799991607666 31.5 AB 9.926484397994605 1.1438787417864984
61499.0616 lsst_hardware_u 1.811281089158611 2.75 28.389999389648438 AB 5.632393323130566 1.1582931155326968
61499.0801 lsst_hardware_g -32.195529382213735 15.079999923706055 31.420000076293945 AB 5.652611346722561 1.142711188690497
61505.0516 lsst_hardware_g 6.435314795672939 14.930000305175781 31.43000030517578 AB 6.53665519355459 1.1511235702306224
61505.0685 lsst_hardware_r 11.600048799903282 24.149999618530273 31.5 AB 6.463301177808469 1.1412203015464764
61511.046 lsst_hardware_i -22.7256281496921 68.61000061035156 31.309999465942383 AB 19.027529064955896 1.1433095427343365
61511.0641 lsst_hardware_z 53.05694165851315 64.70999908447266 30.979999542236328 AB 19.030039668644985 1.1419736761701247
61513.0421 lsst_hardware_r 92.37601090975207 109.43000030517578 31.6299991607666 AB 12.987268702398472 1.14261684393696
61513.0584 lsst_hardware_z 17.609057861799794 79.79000091552734 30.979999542236328 AB 13.024754132214262 1.1418962526872778
61515.0878 lsst_hardware_z -7.259757392599266 76.69999694824219 30.979999542236328 AB 8.094867671328068 1.1813013748745813
61515.1056 lsst_hardware_i 16.84909097371586 89.47000122070312 31.309999465942383 AB 8.390746791527553 1.225493068551528
61518.0106 lsst_hardware_r -45.57279766140913 59.54999923706055 31.610000610351562 AB 6.982192002103017 1.1571894762134687
61518.0281 lsst_hardware_z 23.18653138688981 55.029998779296875 30.969999313354492 AB 6.892472050349021 1.1427617144146378
61520.0102 lsst_hardware_r 25.605169970709763 24.260000228881836 31.489999771118164 AB 15.105944300385852 1.151557876711285
61520.0281 lsst_hardware_u -3.446910523086701 2.7200000286102295 28.3799991607666 AB 15.003543352789055 1.1411129576586638
61522.0039 lsst_hardware_g 50.79946995880188 15.210000038146973 31.43000030517578 AB 5.256899954205506 1.1524077356679956
61522.021 lsst_hardware_r 36.60854452532004 24.459999084472656 31.5 AB 5.299262254320432 1.141467367651143
61526.0034 lsst_hardware_r 26.94243007004331 24.530000686645508 31.489999771118164 AB 12.190810262467851 1.1441577621237171
61526.0225 lsst_hardware_u 3.863222328589922 2.740000009536743 28.3799991607666 AB 12.215433147226257 1.1417715429236905
61530.0399 lsst_hardware_z -16.20447888557543 43.779998779296875 30.940000534057617 AB 11.741674470304119 1.1687619231359085
61530.0567 lsst_hardware_r -48.31068935280579 24.889999389648438 31.479999542236328 AB 10.8624636588037 1.2035304037231955
61532.0396 lsst_hardware_u 3.1933746353639827 2.799999952316284 28.420000076293945 AB 7.598300990654728 1.1778485491636534
61532.0591 lsst_hardware_g 1.9356813345724309 15.34000015258789 31.40999984741211 AB 7.64680212907497 1.2252527045464814
61532.9663 lsst_hardware_z 22.198394784689523 47.68000030517578 30.950000762939453 AB 11.394701600551706 1.1615788780337462
61532.9842 lsst_hardware_r -17.628411504747877 24.959999084472656 31.489999771118164 AB 11.241635749081063 1.1442062544654934
61534.9644 lsst_hardware_y 45.13541349409416 53.77000045776367 30.010000228881836 AB 9.010870359127736 1.1569207856450916
61534.9819 lsst_hardware_z -36.89671141119237 43.84000015258789 30.940000534057617 AB 8.899117999007773 1.1426705186193853
61540.963 lsst_hardware_y -170.85456559611336 58.470001220703125 30.020000457763672 AB 8.371892426898608 1.1438574158900559
61540.9805 lsst_hardware_r -201.058778133497 81.08999633789062 31.6299991607666 AB 8.34994886373846 1.1414830982554285
61542.9689 lsst_hardware_y -221.1630854246131 82.0999984741211 30.780000686645508 AB 8.503210385415425 1.1407580339972239
