data/validation/pwv_sim_epoch_fit_epoch/4853295.ecsv
# %ECSV 0.9
# ---
# datatype:
# - {name: time, datatype: float64}
# - {name: band, datatype: string}
# - {name: flux, datatype: float64}
# - {name: fluxerr, datatype: float64}
# - {name: zp, datatype: float64}
# - {name: zpsys, datatype: string}
# - {name: pwv, datatype: float64}
# - {name: airmass, datatype: float64}
# meta: {SNID: '4853295', alt: 1024.0, c: -0.07111747562885284, dec: -36.609226, lat: -30.244573, lon: -70.7499537, ra: 101.953125, t0: 62179.625,
#   x0: 3.409013660058842e-06, x1: -0.943964958190918, z: 0.7172812223434448}
# schema: astropy-2.0
time band flux fluxerr zp zpsys pwv airmass
[from data line 132]
62495.1633 lsst_hardware_g -113.53310713675468 53.900001525878906 31.709999084472656 AB 6.718426090644743 1.0515203021707935
62499.1597 lsst_hardware_r -45.61042861533047 21.59000015258789 31.479999542236328 AB 7.4694205284448705 1.0401885382538236
62499.1844 lsst_hardware_g 22.508657629357653 12.84000015258789 31.389999389648438 AB 7.116752828334503 1.0143604373338801
62501.1399 lsst_hardware_u -0.5395218030485833 2.690000057220459 28.469999313354492 AB 7.16370077752394 1.0640871591999612
62501.1623 lsst_hardware_r -7.056226223773319 21.6299991607666 31.489999771118164 AB 6.964463598556604 1.0297129590532421
62503.0544 lsst_hardware_y -54.74375415767724 51.380001068115234 29.940000534057617 AB 9.745097972097204 1.3686935354069107
62503.0762 lsst_hardware_u 0.374324586821311 2.4800000190734863 28.219999313354492 AB 8.587517943647063 1.2484276909740846
62507.0546 lsst_hardware_y 70.46529367776424 50.290000915527344 29.959999084472656 AB 12.758736518297711 1.3027094668468155
62507.0784 lsst_hardware_r 29.83975068792952 22.18000030517578 31.450000762939453 AB 11.585717635276499 1.1920280165247787
62509.0543 lsst_hardware_z -20.131830937548717 44.560001373291016 30.93000030517578 AB 10.446276778604776 1.2754527369255961
62509.0775 lsst_hardware_g 8.093965804767796 13.390000343322754 31.3700008392334 AB 9.960873158065693 1.1747698028146827
62509.2104 lsst_hardware_u -2.527650555005487 2.7100000381469727 28.520000457763672 AB 8.199047159999397 1.0183254250759979
62509.2236 lsst_hardware_g -28.328201266196672 12.84000015258789 31.389999389648438 AB 8.263700440402298 1.0318984098151653
62510.0503 lsst_hardware_y -9.762364373800477 50.97999954223633 29.969999313354492 AB 10.789420282380494 1.2819747847771235
62510.0678 lsst_hardware_i 5.781106233444859 31.549999237060547 31.219999313354492 AB 10.110237640920644 1.2016089582838692
62512.0498 lsst_hardware_y 4.442582532849358 51.709999084472656 29.989999771118164 AB 7.7942713261737255 1.257140536479633
62512.0674 lsst_hardware_r 14.593591466181447 28.270000457763672 31.530000686645508 AB 7.32750136184959 1.181855058362837
62517.0479 lsst_hardware_y -137.62430659010522 53.79999923706055 29.989999771118164 AB 4.034309622970335 1.2048109968554084
62517.0653 lsst_hardware_z 85.83503129248452 53.09000015258789 30.959999084472656 AB 3.7946179358208636 1.1418394450675886
62519.1624 lsst_hardware_i -9.369557689380844 66.19999694824219 31.329999923706055 AB 4.434903068723964 1.007302951274536
62519.1745 lsst_hardware_r -28.314634050249527 83.44999694824219 31.65999984741211 AB 6.321917640180241 1.012262645203924
62525.0431 lsst_hardware_y -22.37033544486127 52.59000015258789 30.020000457763672 AB 14.778371662595717 1.1429742773522857
62525.0601 lsst_hardware_u 4.769714944202177 2.569999933242798 28.34000015258789 AB 14.1757364098154 1.0951588697323393
62527.0428 lsst_hardware_y 45.5171418932646 52.06999969482422 30.020000457763672 AB 13.472540800226914 1.1271105955376024
62527.0608 lsst_hardware_i 26.316396372576307 30.100000381469727 31.229999542236328 AB 12.870704145263373 1.0807997770721203
62529.0419 lsst_hardware_y 26.201644368183988 49.880001068115234 30.020000457763672 AB 12.945760783773844 1.114093010651789
62529.0605 lsst_hardware_r -11.919783876137862 21.68000030517578 31.469999313354492 AB 12.435279906638785 1.069885563678808
62531.0423 lsst_hardware_y 40.7317637848563 49.04999923706055 30.020000457763672 AB 12.345252376463012 1.0986741758076815
62531.0619 lsst_hardware_g 1.5531316333100849 12.819999694824219 31.3700008392334 AB 11.679852738187245 1.056872721679474
62531.1518 lsst_hardware_r -7.521353538814041 21.329999923706055 31.479999542236328 AB 12.250705230867993 1.0195822226335327
62531.1645 lsst_hardware_u -0.993465931829875 2.549999952316284 28.3799991607666 AB 12.421767654647235 1.0331097824829283
62535.0378 lsst_hardware_y 59.061558059305376 51.400001525878906 30.040000915527344 AB 7.555231918973903 1.0833815262912947
62535.0558 lsst_hardware_r 1.0543219452353598 21.739999771118164 31.489999771118164 AB 8.112008388769068 1.0487066854683518
62537.0359 lsst_hardware_y -46.59946737737299 51.189998626708984 30.040000915527344 AB 5.975441472721856 1.0755902209921442
62537.055 lsst_hardware_r -33.590940772313594 21.549999237060547 31.489999771118164 AB 6.146900710910065 1.0415533540090478
62537.0995 lsst_hardware_i 46.66183621178641 29.270000457763672 31.25 AB 6.19559465034467 1.0066499106929208
62537.1125 lsst_hardware_z 45.28523324895823 40.04999923706055 30.950000762939453 AB 6.244228673916331 1.0071336570832792
62543.0322 lsst_hardware_y -46.00913466941766 52.61000061035156 30.049999237060547 AB 0.5347330078417724 1.0515890026386872
62543.0505 lsst_hardware_r -70.88483639405102 32.720001220703125 31.579999923706055 AB 1.033395400421384 1.02646674985983
62546.0913 lsst_hardware_z -81.33479803472162 69.58999633789062 31.719999313354492 AB 3.2159581279512826 1.0080320116867503
62550.0796 lsst_hardware_z -49.5098011971092 61.040000915527344 30.989999771118164 AB 4.5678417493379735 1.00779740746566
62550.0927 lsst_hardware_r 190.66042382134702 89.37000274658203 31.670000076293945 AB 5.626393535499405 1.0140386654950717
62554.0758 lsst_hardware_r -4.354776438419072 35.279998779296875 31.59000015258789 AB 5.388700818047076 1.0105866788029587
62554.0904 lsst_hardware_z 38.1017132505729 44.93000030517578 30.959999084472656 AB 6.275617945078608 1.0208406580038403
62559.0604 lsst_hardware_r 2.137011163747489 21.239999771118164 31.479999542236328 AB 7.8731820217589625 1.0097706838218496
62559.0731 lsst_hardware_i 8.992569450920463 29.31999969482422 31.25 AB 7.894799176583068 1.0176988948221808
62561.0592 lsst_hardware_z 32.028779922800915 40.11000061035156 30.940000534057617 AB 3.7203060563431007 1.0119151520041074
62561.072 lsst_hardware_r 0.20647162640211242 21.270000457763672 31.479999542236328 AB 3.769346858907847 1.0215032137961646
62566.0422 lsst_hardware_r -10.670573030048953 21.190000534057617 31.469999313354492 AB 5.267119587713451 1.0101878764314252
62566.0568 lsst_hardware_z 68.44361794477683 40.189998626708984 30.940000534057617 AB 5.368733419980601 1.020089952494869
62572.0368 lsst_hardware_i 30.79179710314194 33.150001525878906 31.260000228881836 AB 7.506338801701564 1.0170616566410973
62572.0503 lsst_hardware_z -8.248171413152257 42.06999969482422 30.950000762939453 AB 8.041989420243908 1.0303637950344533
