data/validation/pwv_sim_epoch_fit_epoch/48708193.ecsv
# %ECSV 0.9
# ---
# datatype:
# - {name: time, datatype: float64}
# - {name: band, datatype: string}
# - {name: flux, datatype: float64}
# - {name: fluxerr, datatype: float64}
# - {name: zp, datatype: float64}
# - {name: zpsys, datatype: string}
# - {name: pwv, datatype: float64}
# - {name: airmass, datatype: float64}
# meta: {SNID: '48708193', alt: 1024.0, c: -0.08104182034730911, dec: -21.381943, lat: -30.244573, lon: -70.7499537, ra: 37.792969, t0: 60626.47265625,
#   x0: 4.337248345533366e-06, x1: -0.9543206691741943, z: 0.6499870419502258}
# schema: astropy-2.0
time band flux fluxerr zp zpsys pwv airmass
[from data line 133]
60964.2458 lsst_hardware_i 28.039773387068735 30.31999969482422 31.260000228881836 AB 7.222417155239269 1.0151329498913644
60964.2638 lsst_hardware_z 3.5663826622493118 41.06999969482422 30.950000762939453 AB 7.495401605859403 1.0282228184909328
60966.243 lsst_hardware_r -39.27514275030888 22.6299991607666 31.510000228881836 AB 5.147530062032256 1.0163777991672083
60966.261 lsst_hardware_u -9.448824081147794 2.819999933242798 28.549999237060547 AB 5.297308727074348 1.0311063215716494
60971.121 lsst_hardware_r 73.55440981178748 23.469999313354492 31.479999542236328 AB 6.233023976232879 1.170960731961841
60971.1366 lsst_hardware_i -24.378271068116508 31.309999465942383 31.239999771118164 AB 5.417443547617701 1.1181129402396273
60973.1837 lsst_hardware_z -0.5515747905072395 40.779998779296875 30.950000762939453 AB 4.683001078455463 1.0224335087507153
60973.2017 lsst_hardware_r 29.925320951838525 22.600000381469727 31.5 AB 4.634907631422712 1.0131314724957656
60975.1827 lsst_hardware_u -0.8517520978419381 2.6600000858306885 28.43000030517578 AB 2.507447850275388 1.0191151296633694
60975.2008 lsst_hardware_r -21.14307408786222 22.579999923706055 31.5 AB 2.5130568203012995 1.0124788263762161
60977.1653 lsst_hardware_i 63.18428511463199 32.689998626708984 31.270000457763672 AB 2.932974162941073 1.0295351885360344
60977.1826 lsst_hardware_z 9.318769757549566 41.5099983215332 30.950000762939453 AB 2.149890877567147 1.0160164827819074
60980.1642 lsst_hardware_z -47.02665081030322 48.83000183105469 30.969999313354492 AB 4.730404049785125 1.0227532088469156
60980.1821 lsst_hardware_r -72.3024786186204 51.720001220703125 31.6299991607666 AB 4.483759739558811 1.0132408736903644
60990.1279 lsst_hardware_r 17.9110300631682 22.5 31.489999771118164 AB 2.833617479752419 1.0316568494244245
60990.1466 lsst_hardware_u 1.4005519736571694 2.630000114440918 28.40999984741211 AB 2.9376853250359325 1.0162656797864158
60992.1312 lsst_hardware_g -7.1428432256398136 13.699999809265137 31.420000076293945 AB 5.1147433217427025 1.0229486643485406
60992.1477 lsst_hardware_r -21.990437142729952 22.329999923706055 31.5 AB 5.068329103903344 1.0136658207806688
60994.1343 lsst_hardware_i 14.815712063099893 30.15999984741211 31.260000228881836 AB 4.256031517336759 1.0169931342328822
60994.1518 lsst_hardware_z -48.77705780798077 40.70000076293945 30.959999084472656 AB 4.236536754829736 1.0124154347895415
60996.1752 lsst_hardware_r -5.17592976459426 22.290000915527344 31.5 AB 2.420312599399044 1.0269704463337328
60996.1963 lsst_hardware_u -1.9330217740789808 2.6500000953674316 28.420000076293945 AB 2.523924721407311 1.0560354482875778
60998.1109 lsst_hardware_u -0.6062923047894883 2.640000104904175 28.43000030517578 AB 4.55077176590987 1.0265091672948445
60998.1315 lsst_hardware_g -2.5182038656930916 13.609999656677246 31.43000030517578 AB 4.886373947906946 1.013612808776009
61000.1106 lsst_hardware_r -17.819170582143286 22.09000015258789 31.489999771118164 AB 3.3289291339749534 1.021927592931487
61000.1316 lsst_hardware_z 24.569094227540063 40.29999923706055 30.950000762939453 AB 2.8807160321005894 1.0125539655889595
61010.1413 lsst_hardware_r -49.460787789681326 64.6500015258789 31.639999389648438 AB 8.419208854003024 1.0315972292929698
61010.1611 lsst_hardware_z -40.08440724378429 55.439998626708984 30.969999313354492 AB 8.693426136331453 1.061598013961589
61012.0869 lsst_hardware_z -121.49233183486342 88.26000213623047 31.739999771118164 AB 6.658558084068944 1.016077770998348
61014.0779 lsst_hardware_r 62.011506793220036 83.7699966430664 31.65999984741211 AB 1.5219560305102007 1.0180307896385075
61014.0976 lsst_hardware_z -65.73351116409322 61.81999969482422 30.989999771118164 AB 3.7837725645717297 1.012425766474776
61019.0636 lsst_hardware_g 12.369972458729132 13.390000343322754 31.40999984741211 AB 7.368787784372413 1.0184330942985196
61019.0828 lsst_hardware_r -18.5364822131696 21.93000030517578 31.489999771118164 AB 7.73533940244036 1.0124016799468225
61021.1089 lsst_hardware_i -22.897768909257596 30.079999923706055 31.25 AB 12.734705862506845 1.0289839901830957
61021.1277 lsst_hardware_z -75.93188184489397 41.31999969482422 30.940000534057617 AB 12.416902614854134 1.055432764389735
61023.0448 lsst_hardware_y 114.01487261395705 48.459999084472656 30.059999465942383 AB 8.093344532299398 1.0244739914303034
61023.063 lsst_hardware_r 7.534133104169734 22.149999618530273 31.5 AB 8.008050746307278 1.0136773096591492
61027.0474 lsst_hardware_y -17.32428730785653 47.880001068115234 30.049999237060547 AB 4.093301741891423 1.0153926801591127
61027.0658 lsst_hardware_z 44.35272333642866 40.400001525878906 30.950000762939453 AB 4.065100188078586 1.0127935691257766
61029.0494 lsst_hardware_y 7.178606500246318 48.0 30.059999465942383 AB 5.500578928479571 1.0129979610459616
61029.0686 lsst_hardware_u 4.0723575484907695 2.690000057220459 28.459999084472656 AB 5.5470326323783645 1.01524276044445
61031.0326 lsst_hardware_z 36.206380016648936 61.209999084472656 30.989999771118164 AB 4.637152397169292 1.0173655983257954
61031.051 lsst_hardware_r 0.733720273512001 22.65999984741211 31.5 AB 5.520373027928616 1.012417109902546
61035.0345 lsst_hardware_y -62.704312531913466 74.94000244140625 30.079999923706055 AB 9.560263579991553 1.012739786016121
61035.0548 lsst_hardware_z -0.1475984390457789 41.7400016784668 30.950000762939453 AB 9.66308814684774 1.0164716927206319
61037.0349 lsst_hardware_y 49.427916212774264 77.58000183105469 30.079999923706055 AB 5.753961632318501 1.0124272666836074
61037.0564 lsst_hardware_i -51.938720500021326 38.540000915527344 31.290000915527344 AB 6.31369983282185 1.0209734529144074
