data/validation/pwv_sim_epoch_fit_epoch/48806630.ecsv
# %ECSV 0.9
# ---
# datatype:
# - {name: time, datatype: float64}
# - {name: band, datatype: string}
# - {name: flux, datatype: float64}
# - {name: fluxerr, datatype: float64}
# - {name: zp, datatype: float64}
# - {name: zpsys, datatype: string}
# - {name: pwv, datatype: float64}
# - {name: airmass, datatype: float64}
# meta: {SNID: '48806630', alt: 1024.0, c: -0.02564929984509945, dec: -20.582914, lat: -30.244573, lon: -70.7499537, ra: 76.289062, t0: 60654.625,
#   x0: 2.139876148447887e-06, x1: -0.4156341254711151, z: 0.8669375777244568}
# schema: astropy-2.0
time band flux fluxerr zp zpsys pwv airmass
60578.3675 lsst_hardware_r 7.063454957530123 28.93000030517578 31.549999237060547 AB 4.318133395413207 1.0282086027652688
60578.3849 lsst_hardware_y 2.174485117175024 48.630001068115234 30.059999465942383 AB 3.2742903936102397 1.0165972761532438
60580.3499 lsst_hardware_z 10.46301403863911 57.79999923706055 31.690000534057617 AB 4.9359116422203515 1.0425963230121669
60582.3827 lsst_hardware_g -13.874986396854515 14.720000267028809 31.459999084472656 AB 3.2226548720039863 1.0146099557667017
60584.3728 lsst_hardware_i 23.529268030420184 29.90999984741211 31.260000228881836 AB 2.428951437396256 1.0153064389283502
60584.3921 lsst_hardware_y 13.415956891652595 69.0199966430664 30.079999923706055 AB 2.122275797020361 1.0170244624513531
60586.3727 lsst_hardware_i -22.00842618060747 30.020000457763672 31.260000228881836 AB 2.416820021087187 1.0145469898917738
60586.3914 lsst_hardware_y -55.48958282865183 77.87999725341797 30.079999923706055 AB 1.9649726396476968 1.0193529169882023
60588.3584 lsst_hardware_g 9.494392894455572 13.199999809265137 31.420000076293945 AB 6.294764191640016 1.016309052131502
60588.3777 lsst_hardware_y -54.18680240752295 47.900001525878906 30.059999465942383 AB 5.846447542116129 1.0158018490341636
60592.3523 lsst_hardware_u -1.971722081639882 2.7699999809265137 28.559999465942383 AB 3.0450797362485025 1.0150265787495008
60592.3707 lsst_hardware_z 12.304536710453053 41.40999984741211 30.959999084472656 AB 3.051622109029446 1.017207369676482
60596.3326 lsst_hardware_i -27.584169672421474 29.75 31.25 AB 5.129063517325965 1.0179406292654976
60596.35 lsst_hardware_z -43.36876243622148 40.41999816894531 30.950000762939453 AB 5.479121947258696 1.014652212455314
60599.351 lsst_hardware_z -89.68528276133938 53.75 30.979999542236328 AB 4.971083833310732 1.0169628354142233
60599.37 lsst_hardware_y 37.904541954346946 54.08000183105469 30.059999465942383 AB 5.049457480384999 1.0307820115102528
60601.3301 lsst_hardware_z -32.837391477792046 62.880001068115234 30.989999771118164 AB 3.8557761379623776 1.014677931042731
60601.3478 lsst_hardware_r 20.850358102374432 85.66000366210938 31.65999984741211 AB 3.9230558575492758 1.0179619921850822
60603.3242 lsst_hardware_i 20.430880568333805 56.130001068115234 31.329999923706055 AB 2.3600883962143158 1.0147280814966153
60603.341 lsst_hardware_r 126.45248725296922 66.62999725341797 31.65999984741211 AB 2.554731874982846 1.0173485929446524
60605.3311 lsst_hardware_z 8.47046690003927 66.6500015258789 31.719999313354492 AB 3.156175396659693 1.0157455617216808
60607.3086 lsst_hardware_r -95.8669659848699 30.610000610351562 31.579999923706055 AB 3.857735879993849 1.0156613914286445
60607.326 lsst_hardware_i -57.642453841300174 34.13999938964844 31.270000457763672 AB 3.8482127163792357 1.0158509524517318
60609.2458 lsst_hardware_z 32.89931172729644 58.77000045776367 31.700000762939453 AB 3.318474389760838 1.0900794579163515
60609.2755 lsst_hardware_r 33.25000671997976 22.139999389648438 31.5 AB 3.4127858022374324 1.0362972146777294
60613.293 lsst_hardware_r 1.4596519181242407 22.049999237060547 31.520000457763672 AB 3.4669304279288005 1.0154543601450594
60613.3096 lsst_hardware_z 39.727390808883875 40.599998474121094 30.959999084472656 AB 3.4814683821371344 1.0158444921861016
60620.248 lsst_hardware_g -7.5673307413068525 13.523690902287708 31.43000030517578 AB 4.76503829207882 1.0332946529499774
60620.2675 lsst_hardware_r -27.785697922639724 22.154904102315957 31.510000228881836 AB 5.091062720978583 1.0177375999823914
60624.2802 lsst_hardware_i -24.943101198415746 29.888295359234046 31.25 AB 1.6867076599364743 1.0160379458475408
60624.2964 lsst_hardware_z -12.517810067374484 40.71396938072512 30.950000762939453 AB 1.993827304443847 1.0256313294464234
60626.2657 lsst_hardware_z 82.01111162917752 46.37840576180267 30.959999084472656 AB 4.521989421298162 1.0145055536863958
60626.2837 lsst_hardware_r -38.523266995780915 37.6774976333686 31.600000381469727 AB 4.56967074519407 1.0202435242675805
60629.2627 lsst_hardware_i 58.21713220231757 72.44334346535186 31.34000015258789 AB 6.020981235406844 1.015053681672685
60629.2816 lsst_hardware_r -123.24417880375088 87.7619669732694 31.65999984741211 AB 6.081966675366688 1.0246548047369382
60631.2622 lsst_hardware_z 103.8588250197874 89.85925936028308 31.739999771118164 AB 4.065648646472312 1.016412161618078
60633.249 lsst_hardware_g 119.09600443785126 61.88221291054338 31.729999542236328 AB 4.9896172482655325 1.0146482347221306
60633.2703 lsst_hardware_r 146.29790797409223 60.99812129730235 31.649999618530273 AB 4.537409380073771 1.0243422549315258
60635.1168 lsst_hardware_i 272.14289402937277 36.40841479778772 31.209999084472656 AB 5.091519461129419 1.3295520201408588
60635.135 lsst_hardware_z 146.829102164513 45.688937175480724 30.93000030517578 AB 5.162599389198573 1.229385471312567
60640.2389 lsst_hardware_z 396.5340779957434 44.40665949662273 30.950000762939453 AB 3.8370693436090937 1.0168911688009965
60640.2571 lsst_hardware_i 509.22097182594104 37.188809295195405 31.25 AB 4.5180497523700085 1.0297744881847484
60642.1564 lsst_hardware_u 3.761519109187665 2.8307477432261203 28.420000076293945 AB 5.491987317176067 1.0883843276210992
60642.1734 lsst_hardware_g 101.68695330479093 16.222858094809613 31.40999984741211 AB 4.6249646304739525 1.053762731937461
60644.231 lsst_hardware_r 410.55837598353776 30.041295894666508 31.489999771118164 AB 7.7909571540483125 1.0182482993004998
60644.2501 lsst_hardware_i 641.7111273574758 38.91090334726459 31.25 AB 7.97259710597226 1.0340592874153385
60646.2186 lsst_hardware_z 471.78472061072307 45.99945773149655 30.950000762939453 AB 6.407532231895326 1.0155826838915167
60646.2385 lsst_hardware_u -0.08238579861030369 2.7829786421192844 28.479999542236328 AB 6.479344427083158 1.0275907937093052
60648.2168 lsst_hardware_g 60.10784091696305 15.38677139187533 31.40999984741211 AB 2.700334172868573 1.0167877898403739
60648.2352 lsst_hardware_r 448.6328323198661 30.988419749084983 31.489999771118164 AB 2.752682631678986 1.0297138807365513
60650.2128 lsst_hardware_i 704.5383770725613 40.14752245762824 31.25 AB 4.326464913473299 1.01739327771271
60650.2319 lsst_hardware_z 521.325649746877 46.945913563979296 30.950000762939453 AB 4.346794852371853 1.0320025765365275
60652.219 lsst_hardware_i 773.526541728119 40.36207351570659 31.25 AB 5.625973049929849 1.0248140716664722
60652.2373 lsst_hardware_z 588.1562645609076 47.25801635026432 30.950000762939453 AB 5.787795095976633 1.0460815909831294
60656.1943 lsst_hardware_r 519.1917599079462 64.32203359367712 31.649999618530273 AB 11.251539090997925 1.0165369373445485
60656.2131 lsst_hardware_i 809.3452383616008 58.54715176799303 31.31999969482422 AB 11.194505699487141 1.0294508310446369
60658.2069 lsst_hardware_z 1146.701540642124 96.04350545731344 31.739999771118164 AB 8.195375532761929 1.0287120098119846
60660.1991 lsst_hardware_z 410.06792054368924 68.72461170808573 30.989999771118164 AB 8.787713189421108 1.026502076054314
60660.2178 lsst_hardware_r 500.72627394347995 95.23145705043228 31.65999984741211 AB 8.81080530917399 1.0496968320369313
60665.1624 lsst_hardware_g 8.516209976562106 14.109681734521713 31.450000762939453 AB 3.5631352817236235 1.0147287035309163
60665.1817 lsst_hardware_r 256.0651329479053 34.43949155510118 31.579999923706055 AB 3.918953098484484 1.0233589498586058
60668.1337 lsst_hardware_r 162.00798877597694 26.213296623843434 31.5 AB 6.462046378999554 1.0191296580056362
60668.1538 lsst_hardware_i 415.1190957190088 37.167167260316994 31.260000228881836 AB 6.464524531299405 1.0146797255218027
60672.1346 lsst_hardware_g 16.07258367213368 13.925155044124072 31.43000030517578 AB 7.2382632983932815 1.0148876506481204
60672.1542 lsst_hardware_r 163.82179437073745 25.24029774565922 31.5 AB 7.205390887881128 1.0180700654018586
60674.1217 lsst_hardware_i 324.43657595921485 35.17945515902491 31.25 AB 7.551820010492253 1.0170116504602476
60674.1386 lsst_hardware_z 314.2779102036788 44.34206633982718 30.950000762939453 AB 6.805727631108513 1.0148335703423692
60676.1193 lsst_hardware_i 323.2484698843564 34.54185640721585 31.25 AB 7.03910311132386 1.015914379736833
60676.1408 lsst_hardware_u -2.7441839033176145 2.675340496976908 28.469999313354492 AB 7.080927811641972 1.0169619100928105
60678.1203 lsst_hardware_g -20.6550929072672 13.470313048848526 31.389999389648438 AB 4.283982799166971 1.014620829928823
60678.1414 lsst_hardware_r 60.143706023151715 23.939337029455032 31.489999771118164 AB 3.8934754974217998 1.0200354984075974
60680.1191 lsst_hardware_i 284.8784645533697 33.921117102085404 31.25 AB 10.622061497811798 1.014523543248501
60680.1397 lsst_hardware_r 48.53596211415754 23.95442462895806 31.489999771118164 AB 11.56268646654534 1.0225678944545955
60684.0951 lsst_hardware_z 270.6122232891184 50.3661648627554 30.969999313354492 AB 6.651445397957714 1.0167296542277169
60684.1175 lsst_hardware_r 111.33738380269462 49.692033352689485 31.6299991607666 AB 6.707260948794801 1.016405659765845
60686.0817 lsst_hardware_i 196.2249300435221 59.05750973732497 31.329999923706055 AB 6.32927766666662 1.0208512365591322
60686.0995 lsst_hardware_z 266.91741698261865 56.57829595490629 30.979999542236328 AB 5.746355016027477 1.0145400805133258
60692.0723 lsst_hardware_i 84.18669156323664 31.45479598332562 31.25 AB 2.7863799033246544 1.0171125765010673
60692.0919 lsst_hardware_r 46.317277799094434 39.36568307977175 31.610000610351562 AB 2.101669520634627 1.0152992853307377
60694.0743 lsst_hardware_u -2.2190929167264044 2.689366760580193 28.479999542236328 AB 3.7026896881514113 1.0149221375046698
60694.0954 lsst_hardware_g 15.336780515706199 13.589749631162618 31.420000076293945 AB 3.9565178818173177 1.018714641501262
60697.0493 lsst_hardware_y 82.47107909450295 48.591684529345486 30.059999465942383 AB 11.042888474503938 1.0224896735651794
60697.0686 lsst_hardware_z 61.06208021705516 41.7176035171507 30.950000762939453 AB 10.957697270912892 1.014601599158601
60701.0454 lsst_hardware_y 60.11106747000277 49.461789204488916 30.059999465942383 AB 12.149181915944386 1.0181731918270547
60701.0623 lsst_hardware_r 26.27406294984798 22.45684991180459 31.5 AB 12.116104270151085 1.0145508362534752
60703.0471 lsst_hardware_y 55.476735906814085 47.803836051286126 30.059999465942383 AB 11.834746245577882 1.01548032882572
60703.0663 lsst_hardware_r 45.15835891566372 22.33783896221675 31.5 AB 11.832489946360164 1.016653392114804
60705.0439 lsst_hardware_z 37.38729513398583 42.932342068631165 30.959999084472656 AB 11.46628038934482 1.014984543626168
60705.062 lsst_hardware_g 24.369000588053876 14.053028258357324 31.420000076293945 AB 11.44188162712234 1.0171164181986199
60707.0283 lsst_hardware_y 241.020574129926 78.49534189307954 30.079999923706055 AB 8.731404543528631 1.0185365463433809
60707.047 lsst_hardware_i 68.95760987195747 31.22061914304743 31.260000228881836 AB 8.242265059518289 1.0146407541466913
60711.0268 lsst_hardware_y 122.81626141545718 68.1394370287106 30.079999923706055 AB 5.653386776695911 1.0151225695099646
60711.0456 lsst_hardware_g -1.6206762616078991 27.08024781492549 31.65999984741211 AB 6.125114321015963 1.017108861166423
60942.3782 lsst_hardware_r 3.669552120103257 21.899999618530273 31.479999542236328 AB 3.8400171767015427 1.0220966666759497
60942.397 lsst_hardware_y 69.49753458538031 62.20000076293945 30.06999969482422 AB 3.784524226731609 1.0146177551558428
60944.3808 lsst_hardware_z -13.28483250604034 41.029998779296875 30.950000762939453 AB 3.263780112363268 1.0174406751275977
60946.3338 lsst_hardware_g 13.36423547323678 13.369999885559082 31.399999618530273 AB 5.043267900036163 1.0662300000077154
60946.3518 lsst_hardware_y -96.40188027343692 46.93000030517578 30.040000915527344 AB 4.923490709444937 1.037343315131933
60949.3736 lsst_hardware_i -3.403592843011737 30.06999969482422 31.25 AB 4.261406973548166 1.0152854782412688
60951.3708 lsst_hardware_i 22.918704574222268 29.780000686645508 31.239999771118164 AB 2.942918262714186 1.0147994009359262
60951.3896 lsst_hardware_y 106.56792463694201 68.22000122070312 30.06999969482422 AB 2.65938523579171 1.0180439222095188
60954.3549 lsst_hardware_z 19.08405470698435 55.20000076293945 30.979999542236328 AB 6.3549160269276594 1.016854354598648
60954.3759 lsst_hardware_y -136.5049884386852 51.9900016784668 30.059999465942383 AB 5.922057213487603 1.0158773845934648
60956.3507 lsst_hardware_i -18.17412992275959 66.05999755859375 31.34000015258789 AB 4.465309541316754 1.016383051892848
60956.3697 lsst_hardware_y -126.7260379331667 53.0 30.059999465942383 AB 4.54746343651158 1.015663364318956
60960.3506 lsst_hardware_r -23.14657224903635 43.83000183105469 31.6200008392334 AB 5.630014391615081 1.014508404651785
60960.3703 lsst_hardware_y 23.414032887745606 50.09000015258789 30.059999465942383 AB 5.668812939611431 1.021070446329098
60962.3494 lsst_hardware_z -43.72057162516531 41.709999084472656 30.959999084472656 AB 5.4800993641523625 1.0148332155837707
60962.3674 lsst_hardware_y 20.35251600396867 47.599998474121094 30.059999465942383 AB 5.5235605705722515 1.0228815871430095
60964.3298 lsst_hardware_i -2.678517262509453 29.93000030517578 31.260000228881836 AB 7.156146910680914 1.0160651584098686
60964.3472 lsst_hardware_u -2.515584562851315 2.8399999141693115 28.540000915527344 AB 7.416951641624654 1.0154875259509517
60966.3259 lsst_hardware_g 3.6665717374004365 13.199999809265137 31.399999618530273 AB 6.209063998044512 1.0156039471203062
60966.3444 lsst_hardware_r -16.754020691147062 21.899999618530273 31.489999771118164 AB 6.534698176102775 1.0162827645571966
60971.2752 lsst_hardware_u 0.8650564175789955 2.5999999046325684 28.399999618530273 AB 3.838661441043772 1.0491729254646454
60973.318 lsst_hardware_r -27.901506404707966 21.809999465942383 31.5 AB 3.8485285340677926 1.0146620324907123
60973.3365 lsst_hardware_i -29.0486838027454 29.81999969482422 31.260000228881836 AB 3.74634101052861 1.0222404867511206
60975.3123 lsst_hardware_z 91.63078359782303 40.470001220703125 30.950000762939453 AB 3.2098085587445366 1.0146383937867984
60975.3297 lsst_hardware_r 19.081747580938103 21.889999389648438 31.489999771118164 AB 3.1767670490680415 1.0213043076893504
60980.3009 lsst_hardware_g -2.4286443497684047 13.229999542236328 31.40999984741211 AB 5.49450411697511 1.0149321070700899
60980.3208 lsst_hardware_r 3.957902409752101 21.829999923706055 31.479999542236328 AB 5.616798665763561 1.024900918270828
60990.2719 lsst_hardware_r 44.68764377798232 35.5 31.59000015258789 AB 1.6613903753141561 1.0146928187993625
60990.2892 lsst_hardware_i 73.22563463546986 36.7599983215332 31.280000686645508 AB 1.814552074868718 1.0216113774244449
60992.2806 lsst_hardware_z -32.80348369309306 40.939998626708984 30.950000762939453 AB 4.581782861844894 1.0196089745223609
60992.299 lsst_hardware_u -0.29529048394352475 3.5799999237060547 28.65999984741211 AB 4.199517750512553 1.036214360745803
60996.2713 lsst_hardware_r 12.533058152714927 21.979999542236328 31.489999771118164 AB 4.102811919537561 1.020599979984468
60996.2904 lsst_hardware_i -13.804732683887636 29.950000762939453 31.25 AB 4.189562400256684 1.039163885966933
60998.2516 lsst_hardware_z -77.45607724796685 40.380001068115234 30.950000762939453 AB 5.321136490185001 1.0149030116698456
60998.2724 lsst_hardware_i 21.70172656690581 29.860000610351562 31.239999771118164 AB 5.396858097452406 1.025531229919697
61000.2557 lsst_hardware_u 0.37704925064606276 2.6500000953674316 28.440000534057617 AB 3.3688283897742997 1.0179779582315571
61000.2746 lsst_hardware_g 29.360001215484438 13.520000457763672 31.420000076293945 AB 3.4129657294371465 1.0331884145622037
61003.1445 lsst_hardware_r 2.3281493845311947 22.959999084472656 31.469999313354492 AB 10.235037508447862 1.1585960503110553
61005.2607 lsst_hardware_z -53.84002442419177 40.619998931884766 30.950000762939453 AB 5.5322455986459165 1.032906198402897
