data/validation/pwv_sim_epoch_fit_epoch/48822780.ecsv
# %ECSV 0.9
# ---
# datatype:
# - {name: time, datatype: float64}
# - {name: band, datatype: string}
# - {name: flux, datatype: float64}
# - {name: fluxerr, datatype: float64}
# - {name: zp, datatype: float64}
# - {name: zpsys, datatype: string}
# - {name: pwv, datatype: float64}
# - {name: airmass, datatype: float64}
# meta: {SNID: '48822780', alt: 1024.0, c: -0.0575471967458725, dec: -21.542267, lat: -30.244573, lon: -70.7499537, ra: 64.6875, t0: 61381.37890625,
#   x0: 2.248436766773014e-06, x1: -1.1483052968978882, z: 0.8495948314666748}
# schema: astropy-2.0
time band flux fluxerr zp zpsys pwv airmass
61287.3584 lsst_hardware_r -70.68300738664963 33.91999816894531 31.579999923706055 AB 2.1894364907708193 1.0832091481858785
61287.3777 lsst_hardware_y -6.078642398561263 47.63999938964844 30.049999237060547 AB 2.461633154895276 1.0458345851918327
61304.3755 lsst_hardware_i -12.822368446811415 29.68000030517578 31.260000228881836 AB 3.4855555891913235 1.0118457331276067
61304.3955 lsst_hardware_z 83.73729853494024 44.720001220703125 30.969999313354492 AB 3.514135952526174 1.0178771254511112
61306.3667 lsst_hardware_r -22.456471973056193 21.709999084472656 31.5 AB 1.7722164607450552 1.012116767986896
61306.387 lsst_hardware_y -124.9582889004275 48.02000045776367 30.059999465942383 AB 1.4686151914968393 1.0161082966999881
61308.3635 lsst_hardware_r 21.3698507740214 63.7599983215332 31.649999618530273 AB 5.940826374753992 1.01189343804371
61308.3826 lsst_hardware_y 47.12285233099203 49.900001525878906 30.049999237060547 AB 6.549517258429619 1.0166900432210393
61310.3584 lsst_hardware_z -7.732584645213398 86.69000244140625 31.739999771118164 AB 5.0290096176157935 1.0118731624983162
61310.3773 lsst_hardware_y -39.404594316490844 74.83000183105469 30.809999465942383 AB 5.777350102453427 1.0167810810372842
61312.3627 lsst_hardware_z 110.29797833919282 55.18000030517578 30.979999542236328 AB 7.006008634867237 1.0129413192897039
61312.3808 lsst_hardware_y -139.63389122503557 51.849998474121094 30.049999237060547 AB 7.194875003220205 1.0232589840553312
61316.3395 lsst_hardware_i -40.241744224341446 35.439998626708984 31.290000915527344 AB 2.9350976114322616 1.0121026246318143
61316.3568 lsst_hardware_z 67.36156825852753 43.15999984741211 30.959999084472656 AB 2.942652657914971 1.014707813074128
61320.3311 lsst_hardware_r 30.470662070860143 21.790000915527344 31.5 AB 4.837425277065987 1.011872530414026
61320.351 lsst_hardware_i 9.883649066162528 29.780000686645508 31.260000228881836 AB 3.6625310727027256 1.0173697424174237
61322.3296 lsst_hardware_z -16.318960424385896 40.40999984741211 30.959999084472656 AB 2.7456201332295698 1.0119303909442807
61322.3486 lsst_hardware_i 41.003200981233796 29.770000457763672 31.260000228881836 AB 2.9505940809134197 1.0193795408234305
61324.3219 lsst_hardware_u 2.88142820023568 2.7100000381469727 28.510000228881836 AB 4.558651178584351 1.011834384119048
61324.3389 lsst_hardware_g -9.878693731812472 13.270000457763672 31.43000030517578 AB 4.392051552263184 1.0166786000609223
61327.316 lsst_hardware_r 22.27853312180078 21.770000457763672 31.489999771118164 AB 5.082269016708248 1.0119338322243807
61327.3346 lsst_hardware_i 3.5658382733190885 29.65999984741211 31.25 AB 5.503320879534348 1.0191334962100644
61329.3165 lsst_hardware_z 20.41557641787835 40.380001068115234 30.959999084472656 AB 7.127283554735573 1.012997781082842
61329.3347 lsst_hardware_u 4.8093807603728544 2.700000047683716 28.5 AB 7.475711045038174 1.0235325347472715
61331.3164 lsst_hardware_g 16.51283288444072 13.279999732971191 31.420000076293945 AB 6.180378198445982 1.0149515324797025
61331.3334 lsst_hardware_r -10.998839837989616 21.940000534057617 31.5 AB 6.685304649698625 1.0275204072544333
61333.312 lsst_hardware_i 19.823365334816014 29.799999237060547 31.260000228881836 AB 1.1819842840812915 1.0154504158768565
61333.3302 lsst_hardware_z 18.594725451860924 40.63999938964844 30.950000762939453 AB 1.285881540798909 1.0299411620340797
61338.2994 lsst_hardware_z 30.92564308655766 86.06999969482422 31.739999771118164 AB 3.8559874038707784 1.015981223573892
61341.2709 lsst_hardware_r 138.98551683860467 78.37999725341797 31.670000076293945 AB 2.2912496542127654 1.012147831789184
61341.2891 lsst_hardware_i 32.791749407072665 63.75 31.34000015258789 AB 2.254713682015194 1.014951015987033
61351.2003 lsst_hardware_u -2.0809912669692863 2.8200776241138246 28.469999313354492 AB 5.527509567896635 1.0501086806739708
61351.2093 lsst_hardware_r -71.7678227454139 22.819111672579997 31.5 AB 4.800417470247304 1.036769908264059
61357.2435 lsst_hardware_r 32.09567140596414 22.06788164246016 31.489999771118164 AB 6.782406649482773 1.0141410994317046
61357.2616 lsst_hardware_u 1.6599612062930469 3.0518107321295393 28.3799991607666 AB 4.549597921191483 1.0266882626428802
61359.2451 lsst_hardware_g 152.48841362985752 17.579944218967793 31.40999984741211 AB 7.498559172007618 1.0177197573300243
61359.2622 lsst_hardware_r 64.00232649215698 22.93351858377944 31.489999771118164 AB 4.673268111736275 1.0334135064466754
61361.2325 lsst_hardware_r 96.27580478899124 23.891436769433092 31.489999771118164 AB 5.9575576819448 1.0141099095454162
61361.2515 lsst_hardware_i 269.2082979460579 33.366274440740426 31.25 AB 4.144855697848825 1.0275227941615368
61364.2307 lsst_hardware_z 178.73097270109417 48.31891865043623 30.969999313354492 AB 4.998480173169471 1.0172607366873838
61364.2501 lsst_hardware_r 205.1871283078222 39.913235204937166 31.610000610351562 AB 4.545167600224349 1.0353456948119246
61366.1401 lsst_hardware_z 267.82111256143094 59.11295811684463 30.969999313354492 AB 4.555142239709693 1.0894863046423566
61366.16 lsst_hardware_r 352.42126469672405 73.35925652184604 31.649999618530273 AB 4.405236531074922 1.0490323538041566
61368.2138 lsst_hardware_i 477.3113995681873 80.28771746047126 31.34000015258789 AB 7.680397578085328 1.0142709307679705
61368.2345 lsst_hardware_z 444.19555554418776 70.83048699460149 30.989999771118164 AB 7.891536247480167 1.0297785446908543
61370.2147 lsst_hardware_r 461.8539482293096 84.22778803279577 31.65999984741211 AB 5.387614957338734 1.017491021215963
61370.2335 lsst_hardware_z 426.87988534548515 63.328049841522166 30.979999542236328 AB 5.462051270114625 1.0350675137605883
61372.2142 lsst_hardware_g 139.0091557784416 52.815869325705265 31.719999313354492 AB 3.9296119577852444 1.0209436107520422
61372.2332 lsst_hardware_r 601.9576666958609 56.29221926494452 31.6299991607666 AB 4.076657507465453 1.0420903648938666
61374.1983 lsst_hardware_r 609.5761016009307 36.5979213103997 31.56999969482422 AB 4.481648930224991 1.0146363890027146
61374.2167 lsst_hardware_i 766.3481352740038 44.18374428498093 31.280000686645508 AB 5.604963662826881 1.028245030788274
61376.1934 lsst_hardware_z 647.4521537836465 46.570572812331584 30.950000762939453 AB 6.438244237437932 1.0148823115525925
61376.2125 lsst_hardware_r 537.5414511780181 31.855233955427703 31.5 AB 6.48650431892099 1.029603860146189
61379.1973 lsst_hardware_u -0.5792253417498989 2.762532649567034 28.469999313354492 AB 2.496708226253589 1.0227520555418539
61379.2146 lsst_hardware_r 461.30647430916446 31.697574002239765 31.489999771118164 AB 2.7773449089740834 1.0428404802304552
61381.1807 lsst_hardware_i 836.8403673692668 41.01087285322645 31.260000228881836 AB 4.116797154757807 1.015323204889298
61381.1986 lsst_hardware_z 585.6839260582428 47.0848109112309 30.950000762939453 AB 4.128646048650615 1.0293308523186708
61383.1792 lsst_hardware_r 420.1494632226685 30.734415303885786 31.510000228881836 AB 6.131876768461581 1.0174855668235123
61383.1986 lsst_hardware_u 0.337294478291994 2.80479978235439 28.510000228881836 AB 6.309984931364386 1.0358246696539923
61387.1608 lsst_hardware_r 317.18680582322526 29.080114999003438 31.5 AB 10.451155106992656 1.0138385901918674
61387.1793 lsst_hardware_i 706.5539948986242 39.93272483046448 31.260000228881836 AB 11.36159968975399 1.026295080597443
61389.1624 lsst_hardware_z 483.061052779747 46.228180529454356 30.950000762939453 AB 8.008212968053922 1.0172320024449513
61389.1808 lsst_hardware_r 297.0481463251874 28.139082213269702 31.489999771118164 AB 8.23673896326774 1.034034837845978
61394.1166 lsst_hardware_r 225.1039422254102 58.34947113052573 31.649999618530273 AB 3.4096497800941217 1.015028463436603
61394.136 lsst_hardware_z 511.2336078516808 54.25413422718758 30.979999542236328 AB 3.0748646051502995 1.0123011045762302
61396.1117 lsst_hardware_y 311.6971576645556 54.38160534417776 30.06999969482422 AB 3.9508595902988892 1.0147755797000573
61396.1324 lsst_hardware_r 320.0447532826825 80.37083009842726 31.65999984741211 AB 3.555626866264214 1.0126865496207382
61405.0961 lsst_hardware_r 125.28399595270913 33.8875532697833 32.2599983215332 AB 7.585778705756265 1.012145662731372
61405.1179 lsst_hardware_i 482.11919505162035 47.66465519000704 32.0099983215332 AB 7.574312339831767 1.0167544586659618
61407.0791 lsst_hardware_z 317.80970080021535 43.23461468442046 30.950000762939453 AB 7.182537748623816 1.0160134499184963
61407.1008 lsst_hardware_r 149.97788272588411 23.371238539381597 31.489999771118164 AB 5.152117266661334 1.012352953119091
61411.0777 lsst_hardware_i 156.7747839712938 32.027054252732384 31.25 AB 9.948873475539958 1.0125049333950713
61411.0979 lsst_hardware_z 249.65124399821048 42.67546759987131 30.950000762939453 AB 8.710770041889978 1.0149061159162645
61413.0789 lsst_hardware_r 42.44235972314243 23.043872227134063 31.5 AB 8.012607920071064 1.0118206743365403
61413.1 lsst_hardware_u -6.969667103401029 2.736036133837825 28.5 AB 5.8098195102454815 1.0192665807448213
61415.0547 lsst_hardware_y 171.82772117288496 48.03323579657346 30.049999237060547 AB 9.24469222196388 1.0174655758269735
61415.0762 lsst_hardware_g 46.26254530250848 14.45151307447779 31.40999984741211 AB 9.127560445511735 1.0119620583367872
61418.051 lsst_hardware_z 119.88326262056714 43.60569945461998 30.950000762939453 AB 2.138215576862548 1.0150560535782474
61418.0697 lsst_hardware_i 73.53656642079731 31.755855626045 31.260000228881836 AB 2.0501535265709245 1.0121715756953322
61420.0517 lsst_hardware_y 42.718363377500154 48.47434260524878 30.059999465942383 AB 6.000563377491108 1.0128387842840896
61420.0707 lsst_hardware_r -5.24344866021019 28.520706027440855 31.559999465942383 AB 6.038407558607141 1.0138360575230256
61422.0345 lsst_hardware_y 32.386245688984324 76.8643299760718 30.079999923706055 AB 3.678909664573444 1.0181484311550122
61422.0537 lsst_hardware_r 71.7730483450619 43.42696203811663 31.6299991607666 AB 2.77416310086051 1.0118220482759295
61424.0334 lsst_hardware_y 287.2695945887575 75.00604922655336 30.079999923706055 AB 4.782400916343361 1.0156412883128985
61424.0526 lsst_hardware_z 179.0790934983336 53.46382239064584 30.979999542236328 AB 3.7011413905243398 1.012070382970834
61426.0334 lsst_hardware_y 113.52169267571404 73.0672422721952 30.079999923706055 AB 12.111319729343165 1.0133935554308684
61426.0519 lsst_hardware_z 157.75642906036163 59.26883471602301 30.979999542236328 AB 12.084024067030434 1.013052178317485
61430.0406 lsst_hardware_z 178.89449528552998 83.55366953606155 31.729999542236328 AB 6.766063296300966 1.012946909807393
61656.3909 lsst_hardware_i -4.703940567139033 29.850000381469727 31.260000228881836 AB 2.298812674813757 1.019504475488492
61656.4097 lsst_hardware_z -66.90227371227402 48.939998626708984 30.979999542236328 AB 2.319768257666419 1.01196812170994
61673.3681 lsst_hardware_z 18.906350317194082 40.58000183105469 30.950000762939453 AB 6.011232667825934 1.0119068542759972
61673.3898 lsst_hardware_y 111.02139966373203 49.900001525878906 30.059999465942383 AB 6.574326056152589 1.0210959161531836
61677.345 lsst_hardware_r 11.666760073981457 21.729999542236328 31.5 AB 6.9960590653900745 1.0135299013024364
61677.3634 lsst_hardware_u -1.06424126187371 2.619999885559082 28.43000030517578 AB 7.033078254399458 1.012949651369404
61679.3343 lsst_hardware_g 7.239280366285095 13.100000381469727 31.399999618530273 AB 4.2507358715407895 1.0157277217485308
61679.3536 lsst_hardware_i 9.579898085842462 29.520000457763672 31.25 AB 4.249337090327012 1.012088305260165
61681.3382 lsst_hardware_z 16.68811116042618 40.459999084472656 30.950000762939453 AB 2.936066501153503 1.0124367245356907
61681.3554 lsst_hardware_r 25.073589129503393 21.850000381469727 31.489999771118164 AB 2.940242778436073 1.01387682015037
61683.3368 lsst_hardware_u -0.08766374322260771 2.5999999046325684 28.40999984741211 AB 7.690470301175798 1.0119039869968156
61683.3554 lsst_hardware_g 11.671192735477133 13.130000114440918 31.399999618530273 AB 7.724388745403527 1.0163669401846747
61685.3336 lsst_hardware_r 8.168865442244561 21.8700008392334 31.5 AB 3.642627316779501 1.0118409213276391
61685.3538 lsst_hardware_i -28.149578767955774 29.799999237060547 31.25 AB 3.6674176611222937 1.018727128089526
61687.3326 lsst_hardware_z 20.106267490885358 40.34000015258789 30.950000762939453 AB 2.7525265918176576 1.0122063956181242
61687.3519 lsst_hardware_r -12.011137312933828 21.760000228881836 31.489999771118164 AB 2.950338371097491 1.0213495399598245
61691.3168 lsst_hardware_i -44.386629381613886 53.150001525878906 31.31999969482422 AB 5.336188908133895 1.011839565420032
61691.3355 lsst_hardware_z -14.168266309580849 50.11000061035156 30.969999313354492 AB 5.584497695353118 1.017490697887058
61693.2638 lsst_hardware_r 96.09510105983404 92.26000213623047 31.649999618530273 AB 6.6771974653835215 1.050093960796318
61693.2797 lsst_hardware_z -24.201461327414773 63.40999984741211 30.979999542236328 AB 6.568356590348146 1.0285556827980185
61695.3156 lsst_hardware_y 29.61632295920011 53.209999084472656 30.06999969482422 AB 5.4964377102958695 1.0133394663238093
61695.334 lsst_hardware_r -31.079758163091576 82.94000244140625 31.65999984741211 AB 5.0026067028601915 1.0247568398341151
61697.2983 lsst_hardware_r -68.16485675892758 63.40999984741211 31.649999618530273 AB 3.845303283091275 1.0119219166029672
61697.3157 lsst_hardware_i -61.14678243548132 54.369998931884766 31.329999923706055 AB 3.859256315663545 1.0155937672798803
61704.2887 lsst_hardware_u 4.303354373023567 2.799999952316284 28.559999465942383 AB 1.4177760245710305 1.012697160407879
61704.3054 lsst_hardware_r -2.4298606558037115 22.079999923706055 31.5 AB 1.3964276628274375 1.0212781541881462
61706.276 lsst_hardware_i 60.80322043330503 29.889999389648438 31.25 AB 2.2619625747307315 1.0118374299848112
61706.2935 lsst_hardware_z 56.74806076771454 40.65999984741211 30.950000762939453 AB 2.909085413329032 1.0168664421773488
61710.1625 lsst_hardware_u -4.955682537534296 3.609999895095825 29.030000686645508 AB 5.567636712980957 1.2103558071697733
61710.1947 lsst_hardware_g 13.342834320691125 19.040000915527344 32.130001068115234 AB 4.838312180151789 1.0982020534505081
61721.2443 lsst_hardware_i -36.03143504464549 63.38999938964844 31.329999923706055 AB 6.969816284460662 1.0132387838576284
61721.2612 lsst_hardware_z -53.339599070864445 57.939998626708984 30.979999542236328 AB 4.194781508267567 1.0231174410408699
61725.2273 lsst_hardware_z 124.23649571769955 58.88999938964844 30.989999771118164 AB 7.543449109071348 1.0120001487885821
61725.2459 lsst_hardware_i -92.51241981652316 64.20999908447266 31.329999923706055 AB 7.591183281379454 1.0196350948795416
61727.2304 lsst_hardware_r -101.58337245268194 51.52000045776367 31.639999389648438 AB 4.614625674213517 1.0140920062000225
61727.2498 lsst_hardware_z 57.567379631804535 48.75 30.969999313354492 AB 4.690734844774648 1.0278809783663783
61730.2136 lsst_hardware_r 26.210485151009152 22.299999237060547 31.5 AB 3.3374733699470402 1.0119944520369735
61730.2344 lsst_hardware_u -1.6794753165841807 3.130000114440918 28.530000686645508 AB 3.364721866004864 1.0212632130730752
61733.211 lsst_hardware_g -9.980028973572917 13.640000343322754 31.43000030517578 AB 7.686735311576958 1.013078789005297
61733.2302 lsst_hardware_r -23.62327811180665 22.31999969482422 31.5 AB 7.746843439854386 1.0247034454894968
61735.2144 lsst_hardware_i -30.349562558568106 30.010000228881836 31.25 AB 5.378079692396934 1.0169065345512525
61735.2346 lsst_hardware_z -30.031051058323545 40.880001068115234 30.950000762939453 AB 5.460520586680913 1.0355951423992222
61737.2 lsst_hardware_z 0.6115443319731684 40.41999816894531 30.950000762939453 AB 3.241777880251246 1.0130555875785143
61737.2192 lsst_hardware_r -5.434302848300423 22.170000076293945 31.489999771118164 AB 3.9417496159613643 1.0246294816639887
