data/validation/pwv_sim_epoch_fit_epoch/48832698.ecsv
# %ECSV 0.9
# ---
# datatype:
# - {name: time, datatype: float64}
# - {name: band, datatype: string}
# - {name: flux, datatype: float64}
# - {name: fluxerr, datatype: float64}
# - {name: zp, datatype: float64}
# - {name: zpsys, datatype: string}
# - {name: pwv, datatype: float64}
# - {name: airmass, datatype: float64}
# meta: {SNID: '48832698', alt: 1024.0, c: 0.04358864948153496, dec: -6.579593, lat: -30.244573, lon: -70.7499537, ra: 161.894531, t0: 61881.8203125,
#   x0: 8.38340333567472e-06, x1: 0.5862571597099304, z: 0.495442658662796}
# schema: astropy-2.0
time band flux fluxerr zp zpsys pwv airmass
[from data line 133]
62189.2378 lsst_hardware_g 6.392509696396853 15.239999771118164 31.440000534057617 AB 8.864704310694117 1.0944079395918664
62189.2555 lsst_hardware_r 1.5188912007404725 24.3700008392334 31.5 AB 10.323478921556092 1.1109972383182198
62191.2335 lsst_hardware_i 5.676144375415439 38.2400016784668 31.280000686645508 AB 9.16481551771383 1.095090873188413
62191.2508 lsst_hardware_r 10.955466629080217 24.15999984741211 31.5 AB 11.00493496231112 1.112012088110456
62193.2412 lsst_hardware_z -84.87521482323834 88.38999938964844 31.729999542236328 AB 6.130338410784838 1.1067923589416853
62195.1628 lsst_hardware_z -177.54252164328986 104.58000183105469 30.989999771118164 AB 6.912757707557184 1.1323108448087116
62195.1809 lsst_hardware_r 140.64082964459516 154.9199981689453 31.649999618530273 AB 6.730082158028793 1.1050281986227517
62197.1591 lsst_hardware_i 12.34797514410676 108.4800033569336 31.31999969482422 AB 3.7642439148220608 1.1289909267149396
62197.1781 lsst_hardware_z 189.6225751951134 91.45999908447266 30.989999771118164 AB 4.272213665791085 1.1022460060951824
62201.2038 lsst_hardware_g -67.92086838938108 35.970001220703125 31.649999618530273 AB 8.53114993684743 1.0937371713906963
62201.2213 lsst_hardware_r 28.495124133414677 38.91999816894531 31.579999923706055 AB 8.69570268442072 1.109145750563882
62203.1942 lsst_hardware_i 15.789976884402016 32.7599983215332 31.25 AB 11.709617090981011 1.091958510838906
62203.2143 lsst_hardware_r 33.126317786194434 26.610000610351562 31.520000457763672 AB 11.941392486624903 1.1072650762237644
62205.1923 lsst_hardware_u 0.31334988507043426 2.7699999809265137 28.43000030517578 AB 11.918552136989838 1.093445150182554
62205.2106 lsst_hardware_g 0.7003612488854069 15.210000038146973 31.43000030517578 AB 11.17882763803386 1.109423410299847
62207.1987 lsst_hardware_r -27.574456117038466 24.549999237060547 31.5 AB 8.775385071813448 1.1021814580159655
62207.2168 lsst_hardware_i -13.891318454259551 32.279998779296875 31.239999771118164 AB 8.341548236320804 1.12723624815146
62209.196 lsst_hardware_z 33.414400433471634 42.52000045776367 30.940000534057617 AB 12.304359384212168 1.1050661802696198
62209.2144 lsst_hardware_r 15.960346104532737 24.3700008392334 31.489999771118164 AB 12.757517363930056 1.1329608978949754
62210.1905 lsst_hardware_u -1.6280123285139756 2.7899999618530273 28.43000030517578 AB 11.395543853425718 1.1021723723793713
62210.2096 lsst_hardware_g 0.4555356829380694 15.359999656677246 31.43000030517578 AB 10.408060195043952 1.1290405375108505
62212.1202 lsst_hardware_g 5.780655601961981 15.100000381469727 31.440000534057617 AB 8.587907217107217 1.1252990457008953
62212.1417 lsst_hardware_r 9.533873998833723 24.170000076293945 31.510000228881836 AB 9.029777744832224 1.0981791115636808
62215.1203 lsst_hardware_i 56.86644219097748 32.04999923706055 31.260000228881836 AB 5.582748829576027 1.1124152890907513
62215.1394 lsst_hardware_r -14.07881179278261 24.280000686645508 31.510000228881836 AB 5.089182283859581 1.0942124884669064
62217.1611 lsst_hardware_z -10.463824988314197 42.33000183105469 30.950000762939453 AB 5.468295700737229 1.0942609836884687
62217.1813 lsst_hardware_g 25.59136775037749 15.25 31.459999084472656 AB 5.286260154322625 1.1140695794146733
62219.1615 lsst_hardware_r -39.91718986601693 32.869998931884766 31.579999923706055 AB 5.930409362205174 1.098223955963921
62219.1797 lsst_hardware_i -15.748864585430097 36.150001525878906 31.280000686645508 AB 6.619078724260858 1.1198847346689549
62221.1505 lsst_hardware_z 60.266515847128744 57.029998779296875 30.979999542236328 AB 8.609145223635789 1.0944408356759125
62221.1677 lsst_hardware_r -62.464100752693405 67.97000122070312 31.639999389648438 AB 8.198111447181182 1.1104288932227258
62223.1517 lsst_hardware_z 155.35429006760617 127.45999908447266 31.75 AB 8.023028983913148 1.0991454448689124
62225.1468 lsst_hardware_r 212.88350897435132 140.8699951171875 31.649999618530273 AB 6.993989267588397 1.099626214703904
62225.1645 lsst_hardware_z 89.42458294000794 93.29000091552734 31.0 AB 7.173551155177734 1.1218022031658257
62227.1441 lsst_hardware_r -139.26063138020032 77.93000030517578 31.639999389648438 AB 5.356628026578701 1.1021868367445888
62227.1613 lsst_hardware_y 75.67507822283898 53.720001220703125 30.020000457763672 AB 5.487167558859042 1.1256498000941213
62229.1323 lsst_hardware_g -36.30098296931385 46.959999084472656 31.68000030517578 AB 6.84119428988297 1.0967846556926606
62229.1503 lsst_hardware_r -59.52686935905823 47.56999969482422 31.610000610351562 AB 6.9469149782503266 1.1166429541089535
62231.1348 lsst_hardware_i 6.236257294490226 31.5 31.239999771118164 AB 7.771413824993812 1.1038417439979766
62231.1529 lsst_hardware_z 12.12311340561284 44.04999923706055 30.940000534057617 AB 7.947370008491474 1.1302256470952559
62233.1343 lsst_hardware_r -34.56791755517336 24.040000915527344 31.489999771118164 AB 11.274025019235232 1.1096117272302646
62233.1528 lsst_hardware_u 1.14638918840345 2.7300000190734863 28.389999389648438 AB 11.640643564444439 1.1409785569749717
62235.1298 lsst_hardware_g -20.949599503683075 14.989999771118164 31.440000534057617 AB 7.697106947166728 1.110853939553576
62235.1515 lsst_hardware_i -56.96253102444992 32.130001068115234 31.239999771118164 AB 7.938914579293202 1.1503172613624868
62237.1249 lsst_hardware_z -5.0475070328649325 42.529998779296875 30.950000762939453 AB 4.370247905234164 1.1115980936624237
62237.1401 lsst_hardware_r 23.014892969685178 24.030000686645508 31.5 AB 3.4060794590515893 1.1372552450923503
62243.0994 lsst_hardware_g 38.326825053296965 21.059999465942383 32.189998626708984 AB 15.647448387308284 1.1012091855570247
62243.1184 lsst_hardware_r -18.040244242799254 34.060001373291016 32.25 AB 16.0534524019887 1.127045790715657
62247.0952 lsst_hardware_r -2.0217144787434695 29.59000015258789 31.549999237060547 AB 7.759626360383441 1.1085180514833488
62247.1144 lsst_hardware_z 9.849327234721025 44.220001220703125 30.950000762939453 AB 7.98426294804361 1.1406089925776586
62249.0912 lsst_hardware_z 27.4298563337316 53.18000030517578 30.969999313354492 AB 5.190686567025535 1.1103666649608075
62249.1093 lsst_hardware_i 89.84500335600102 51.849998474121094 31.299999237060547 AB 5.2911583301439755 1.1413812932414336
62251.0867 lsst_hardware_z -37.53988127772163 80.16000366210938 30.989999771118164 AB 15.071907698001846 1.1116342493916542
62251.1059 lsst_hardware_r 25.81128548886085 109.3499984741211 31.6299991607666 AB 15.49183203007435 1.1459161952838082
62253.0942 lsst_hardware_y -90.34140887228357 87.26000213623047 30.790000915527344 AB 5.071166387619374 1.1328418156192448
62255.0818 lsst_hardware_r 52.94509686178113 91.02999877929688 31.6299991607666 AB 9.506776045384502 1.1205204992055282
62255.1 lsst_hardware_i -33.74760754942386 72.43000030517578 31.309999465942383 AB 10.189398597373474 1.1578862042469855
62258.0082 lsst_hardware_i 43.59506974247539 31.75 31.239999771118164 AB 9.714656538649699 1.1057812117145658
62258.026 lsst_hardware_z -59.095393633844914 42.400001525878906 30.950000762939453 AB 9.599561395284676 1.0923280997498162
62260.056 lsst_hardware_r -7.646670974708486 23.90999984741211 31.510000228881836 AB 12.090071918141831 1.1042506166481607
62260.0735 lsst_hardware_u -1.5202320113607308 2.7799999713897705 28.450000762939453 AB 12.371561378359395 1.1298229569277773
62263.0493 lsst_hardware_z 58.2023317672619 42.66999816894531 30.940000534057617 AB 6.963288898024273 1.1058983400340305
62263.0681 lsst_hardware_r 18.195113106484662 24.43000030517578 31.5 AB 7.1978464027214875 1.1352174753917652
62265.038 lsst_hardware_u 1.4619599364178275 2.8499999046325684 28.489999771118164 AB 10.002522182349095 1.0999941915540754
62265.0553 lsst_hardware_g 4.766236246725513 15.069999694824219 31.440000534057617 AB 10.014153217234552 1.1218349555803855
62270.9956 lsst_hardware_u 2.2755722030572834 2.819999933242798 28.469999313354492 AB 7.093307686915084 1.0908865053952557
62271.0162 lsst_hardware_r -23.141636743426577 24.260000228881836 31.510000228881836 AB 6.44398220374548 1.0958066297978624
62275.9665 lsst_hardware_y 12.33600309134224 49.41999816894531 30.030000686645508 AB 8.270147741018677 1.0985363392985041
62275.987 lsst_hardware_i -2.4724684514610438 35.47999954223633 31.260000228881836 AB 8.188909824244542 1.0904975795780496
62277.9632 lsst_hardware_y 121.19883706234208 55.77000045776367 30.030000686645508 AB 6.076681331246294 1.0968738865066743
62277.9818 lsst_hardware_r 11.459032441485647 62.459999084472656 31.6299991607666 AB 6.009778113368501 1.0905059178676286
62283.9556 lsst_hardware_z 67.90135894049156 65.83000183105469 30.979999542236328 AB 7.240398436860375 1.0921073097568093
62283.9753 lsst_hardware_i -1.612809170257717 62.25 31.31999969482422 AB 7.080259524370739 1.092843453501175
