data/validation/pwv_sim_epoch_fit_epoch/4883667.ecsv
# %ECSV 0.9
# ---
# datatype:
# - {name: time, datatype: float64}
# - {name: band, datatype: string}
# - {name: flux, datatype: float64}
# - {name: fluxerr, datatype: float64}
# - {name: zp, datatype: float64}
# - {name: zpsys, datatype: string}
# - {name: pwv, datatype: float64}
# - {name: airmass, datatype: float64}
# meta: {SNID: '4883667', alt: 1024.0, c: 0.03297620639204979, dec: -40.423901, lat: -30.244573, lon: -70.7499537, ra: 347.695312, t0: 61592.140625,
#   x0: 1.0149590887900337e-05, x1: 0.840438723564148, z: 0.4573690891265869}
# schema: astropy-2.0
time band flux fluxerr zp zpsys pwv airmass
61572.4091 lsst_hardware_z 759.3480651669664 63.92762066941882 31.709999084472656 AB 7.1453114743501125 1.0207587820500161
61574.4249 lsst_hardware_z 660.3875402813878 62.01684216139618 30.979999542236328 AB 4.976143767087665 1.015539544303605
61574.4388 lsst_hardware_y 217.147744298171 62.857323032416765 30.06999969482422 AB 4.991835333806424 1.0187419048584538
61576.4098 lsst_hardware_i 2621.9774226147038 112.3640096158099 32.09000015258789 AB 3.8827630171591365 1.0163857642753291
61576.4235 lsst_hardware_y 639.1507511861988 80.73428496013094 30.81999969482422 AB 3.6827589631572555 1.0159335070778925
61578.4213 lsst_hardware_i 1479.2091415564653 76.76352901652078 31.329999923706055 AB 1.6468472531260692 1.016572378472947
61578.4344 lsst_hardware_y 398.3810845481566 58.648569558593415 30.059999465942383 AB 1.6461979064395955 1.022059958468292
61580.4155 lsst_hardware_z 1324.0760444616305 65.7179662713406 30.979999542236328 AB 3.9581355189134375 1.0164920972234601
61580.4301 lsst_hardware_y 565.2749563437775 56.28506678555992 30.059999465942383 AB 4.063819571126093 1.022773381994822
61582.4122 lsst_hardware_r 3315.6632226944093 71.89646871011706 31.6200008392334 AB 5.492092427081444 1.0170541531632304
61582.4266 lsst_hardware_i 2129.947323305212 61.86608016606911 31.299999237060547 AB 5.954250986049637 1.0240642640686184
61587.422 lsst_hardware_g 1295.1303982732848 39.265594079706176 31.40999984741211 AB 9.688581534574848 1.0314316750789403
61587.4328 lsst_hardware_r 3615.076990075821 64.0287191122615 31.489999771118164 AB 9.811171051004203 1.0433346266709407
61589.4229 lsst_hardware_i 2580.4944259925746 58.721034130538804 31.25 AB 7.266155855780956 1.0380222651115651
61589.4348 lsst_hardware_z 1979.8554751039435 61.877454967536664 30.950000762939453 AB 7.375321987715194 1.0536174268164562
61593.4142 lsst_hardware_g 1138.8103212029168 36.576405625906276 31.420000076293945 AB 1.6401653361271948 1.0406039988117977
61593.4258 lsst_hardware_r 3593.304091224156 64.17178892641303 31.489999771118164 AB 1.7094038500610853 1.056546288989597
61600.3294 lsst_hardware_r 3473.4579780380395 69.00883426703 31.600000381469727 AB 6.222816129514512 1.0226485011527546
61600.3413 lsst_hardware_g 946.8644215262608 41.937902337153716 31.649999618530273 AB 5.797777460171818 1.0171539403810206
61607.1581 lsst_hardware_i 2169.3206965898635 103.250723413834 31.239999771118164 AB 9.512843935613947 1.606334021351824
61607.173 lsst_hardware_z 1557.4976118349996 88.48158150316948 30.940000534057617 AB 9.27164290416292 1.4784361816484624
61608.4015 lsst_hardware_z 1430.923708483311 72.85186933933021 30.979999542236328 AB 5.816694424813734 1.0870802083471915
61608.4136 lsst_hardware_r 2491.8419148454113 95.71257131532164 31.639999389648438 AB 5.919135039854171 1.1155024810090313
61611.3957 lsst_hardware_i 1743.5013257099658 59.027420292424004 31.290000915527344 AB 6.758891571810654 1.0922578493553095
61611.4078 lsst_hardware_r 1922.32323679188 61.86884043285074 31.600000381469727 AB 7.017377367020964 1.1217932007068436
61622.3369 lsst_hardware_z 992.0001528113836 51.14619252409964 30.950000762939453 AB 2.165748987716179 1.042896783811964
61622.3501 lsst_hardware_i 1221.9776766422583 45.777601582420736 31.25 AB 2.134911986019724 1.0621452666764795
61627.2354 lsst_hardware_r 621.6491936787484 39.08202919215936 31.56999969482422 AB 4.732802650719792 1.0412061710966432
61627.2463 lsst_hardware_i 953.8376857554352 46.215632331610905 31.280000686645508 AB 4.747202795928351 1.0297619947783843
61629.3279 lsst_hardware_r 542.244472449379 42.83389616761387 31.59000015258789 AB 2.6596032185687353 1.057146029242293
61629.3386 lsst_hardware_g 55.816977454720366 21.533118013767954 31.530000686645508 AB 3.337271809332999 1.0758162985089588
61649.2992 lsst_hardware_i 479.8969751413267 37.27234006670313 31.229999542236328 AB 1.6888523802365942 1.1092626471174054
61649.3089 lsst_hardware_z 404.9611516758554 47.486420383332664 30.940000534057617 AB 1.7210792721698347 1.1352765647558276
61651.2487 lsst_hardware_r 247.70702163249388 27.67888955444806 31.5 AB 0.8018055290936253 1.0328109005070314
61651.26 lsst_hardware_z 390.6714024814184 46.199933667277755 30.950000762939453 AB 1.257784695758724 1.0458298468060345
61653.244 lsst_hardware_r 265.9462653618601 27.356511601332333 31.489999771118164 AB 1.8283831709098297 1.033568779485247
61653.2572 lsst_hardware_u -0.38916841155805176 2.8219324217677655 28.399999618530273 AB 2.419699825081437 1.0494577815880168
61655.2795 lsst_hardware_r 237.84215137460276 27.568350481788443 31.479999542236328 AB 2.193650223921081 1.1012300320888961
61655.2906 lsst_hardware_i 363.8171551646623 36.79838107200152 31.239999771118164 AB 2.2555044221050307 1.1298235542352801
61672.2182 lsst_hardware_z 56.51788397468444 41.4900016784668 30.940000534057617 AB 4.115287711401708 1.0702031149621873
61672.2305 lsst_hardware_r 14.496483402092304 22.75 31.489999771118164 AB 4.24051155730863 1.0952677289647774
61680.1874 lsst_hardware_r 10.68125002891568 22.469999313354492 31.5 AB 4.805777003026739 1.0552097642597913
61680.1991 lsst_hardware_i 55.580236235346604 30.549999237060547 31.25 AB 4.912839976936558 1.0753334255662492
61684.1799 lsst_hardware_g -19.31587917907109 15.770000457763672 31.459999084472656 AB 5.049122350888087 1.0606285791173378
61684.1915 lsst_hardware_r 12.493539486331096 23.860000610351562 31.489999771118164 AB 5.201202875231081 1.0818934737868766
61689.1648 lsst_hardware_z -82.96254116666073 82.83000183105469 31.729999542236328 AB 4.675529426529486 1.0582909521342345
61692.1621 lsst_hardware_r -70.94931360928337 98.95999908447266 31.649999618530273 AB 8.915622622308135 1.0675261571312873
61692.1724 lsst_hardware_i 45.717795428055474 78.5199966430664 31.329999923706055 AB 8.891190555951379 1.0876074074558262
61694.1699 lsst_hardware_z 50.987631603452506 87.7300033569336 31.729999542236328 AB 8.302874526617002 1.0940790222518078
61696.153 lsst_hardware_g -28.72128023290022 63.91999816894531 31.709999084472656 AB 6.544985358334452 1.0708126455431894
61696.1642 lsst_hardware_r 27.545680192207442 59.08000183105469 31.6299991607666 AB 6.725667877957253 1.0935452622552577
61700.1592 lsst_hardware_i -0.6112821691357319 30.84000015258789 31.25 AB 4.125691413774476 1.107419517856615
61700.1699 lsst_hardware_u -1.767613666092567 2.680000066757202 28.40999984741211 AB 3.2188816076857867 1.136009037475381
61702.1587 lsst_hardware_g -4.448747136065815 13.670000076293945 31.389999389648438 AB 3.181902474650807 1.1200923962511518
61702.1694 lsst_hardware_r 5.430212683437798 22.850000381469727 31.479999542236328 AB 2.787508837928523 1.1509119892355586
61705.1426 lsst_hardware_r -3.6538524674906516 22.790000915527344 31.479999542236328 AB 3.9795956562130046 1.100349029367651
61705.1536 lsst_hardware_i -17.802633960129835 31.260000228881836 31.239999771118164 AB 4.272296394300914 1.1284956357384317
61707.148 lsst_hardware_z 54.851920809794585 42.22999954223633 30.940000534057617 AB 3.2585462502838003 1.1281101783915644
61707.1586 lsst_hardware_u 1.8160452908466247 2.619999885559082 28.34000015258789 AB 3.3598973306370694 1.159985268647274
61709.1394 lsst_hardware_g 1.6872644391865401 13.770000457763672 31.389999389648438 AB 4.216416310299679 1.1196007196759636
61709.1496 lsst_hardware_r -0.7433915744909204 22.979999542236328 31.479999542236328 AB 4.276360404069958 1.1487872139879003
61720.0422 lsst_hardware_i 10.293464997227696 58.81999969482422 31.329999923706055 AB 3.5616600970987076 1.0196564835668247
61720.0542 lsst_hardware_z 59.48515648709594 55.81999969482422 30.979999542236328 AB 3.5453923173033988 1.0273521638086385
61724.0474 lsst_hardware_g 1.264587971272408 59.36000061035156 31.719999313354492 AB 5.502606459144522 1.030933294453306
61724.0588 lsst_hardware_r -16.379888703734885 63.72999954223633 31.639999389648438 AB 5.5718370303453915 1.0434151742219835
61947.3907 lsst_hardware_z -12.466212063407477 40.47999954223633 30.950000762939453 AB 5.493260068482286 1.0172703830522751
61947.4051 lsst_hardware_r -9.175371823904227 22.170000076293945 31.489999771118164 AB 5.484245593090087 1.0156010357574234
61950.2088 lsst_hardware_z 69.47209584080827 85.12000274658203 32.06999969482422 AB 4.68654186463672 1.7104167389185108
61950.232 lsst_hardware_r 13.145426861113531 41.470001220703125 32.59000015258789 AB 4.162097318739945 1.4921477003130776
61954.3755 lsst_hardware_i -30.389952979562022 29.81999969482422 31.25 AB 6.591982887469177 1.0162619112725162
61954.387 lsst_hardware_z 59.85038526819142 40.4900016784668 30.950000762939453 AB 6.555964085641144 1.015693671603152
61955.163 lsst_hardware_r 18.784528010899514 88.94999694824219 32.11000061035156 AB 19.16481839550639 2.186204864737646
61955.1805 lsst_hardware_z 79.55229199768843 84.66000366210938 31.6200008392334 AB 14.578698323153471 1.895080754783518
61958.4364 lsst_hardware_y 21.699672519901267 56.61000061035156 30.049999237060547 AB 1.8643980263681632 1.0735497272753338
61960.3698 lsst_hardware_i 74.33001718638735 80.37000274658203 31.350000381469727 AB 2.166646287666119 1.0156154473434933
61960.3823 lsst_hardware_z -82.57609099158952 69.70999908447266 31.0 AB 2.2073508968479922 1.0187773370069604
61962.3319 lsst_hardware_i -39.380972205483374 68.19999694824219 31.329999923706055 AB 8.749692160633515 1.0272003006144252
61962.3445 lsst_hardware_z -20.895567945270933 62.45000076293945 30.989999771118164 AB 9.558439014109696 1.0192769005199975
61964.3193 lsst_hardware_r -10.361751090506619 58.720001220703125 31.649999618530273 AB 6.305457676907912 1.0336815863783462
61964.3307 lsst_hardware_z -52.42482266712388 51.63999938964844 30.979999542236328 AB 6.246555082154388 1.024025423303998
61965.3305 lsst_hardware_z 23.021325117391967 46.7400016784668 30.959999084472656 AB 6.21479830943192 1.0223809680331652
61965.3436 lsst_hardware_i 13.847352758784886 42.68000030517578 31.299999237060547 AB 5.795141139841627 1.0166914280423907
61974.3971 lsst_hardware_r 8.934901566195602 22.6299991607666 31.479999542236328 AB 5.563012528874843 1.0821402575256225
61974.4091 lsst_hardware_u 4.378320611138063 2.5799999237060547 28.31999969482422 AB 5.679839899143196 1.1092354065312364
61976.4053 lsst_hardware_g -5.215522947098173 13.65999984741211 31.3799991607666 AB 6.969428158850211 1.1134161129243887
61976.417 lsst_hardware_r -30.194722019539473 22.81999969482422 31.459999084472656 AB 7.026727777879534 1.146098153299549
61978.4029 lsst_hardware_i 17.965149365978785 30.93000030517578 31.229999542236328 AB 3.2876059015238037 1.121411905010962
61978.4146 lsst_hardware_z 7.599300092171138 42.63999938964844 30.940000534057617 AB 3.3796329701048844 1.155627618432171
61990.3393 lsst_hardware_z -54.33989578954572 71.83999633789062 30.989999771118164 AB 2.649893913565525 1.0567872038147657
61990.3505 lsst_hardware_r -139.1611050917926 103.4800033569336 31.649999618530273 AB 2.754902318369133 1.0763439415390244
61992.3353 lsst_hardware_z 24.14401657584993 56.529998779296875 30.979999542236328 AB 5.429929074862539 1.0591022690432923
61992.3465 lsst_hardware_r 113.53814557129633 70.94999694824219 31.639999389648438 AB 5.523654148133673 1.0792075705824375
61994.2441 lsst_hardware_z -35.67696895532633 66.01000213623047 31.709999084472656 AB 2.782105080856528 1.0275549698454398
61995.2285 lsst_hardware_r 19.70928988704968 36.34000015258789 31.59000015258789 AB 3.6532868027345504 1.0404766134906396
61995.2391 lsst_hardware_z -33.97192947875714 44.22999954223633 30.959999084472656 AB 3.6105752142566754 1.0294849254165306
61997.3221 lsst_hardware_u 2.749303004769537 4.269999980926514 28.780000686645508 AB 5.009999883979573 1.0598314460345322
61997.3333 lsst_hardware_g -52.7309296408652 21.399999618530273 31.56999969482422 AB 5.087125290024577 1.080107284056317
62002.0517 lsst_hardware_g -17.563714172899342 14.010000228881836 31.149999618530273 AB 4.087376861230966 1.9019901634392584
62002.0625 lsst_hardware_r -22.209799492773246 25.170000076293945 31.3700008392334 AB 4.049259694444051 1.7605476932365438
62006.1097 lsst_hardware_i 9.119163739491675 32.72999954223633 31.219999313354492 AB 3.7344682091047727 1.2963152591627791
62006.1155 lsst_hardware_u -3.363035116800254 2.690000057220459 28.350000381469727 AB 3.637640421342236 1.2676545682040607
62009.0994 lsst_hardware_z -16.133332498030608 45.369998931884766 30.93000030517578 AB 1.8485448942158764 1.3073160496576213
62009.105 lsst_hardware_g -8.83430139212174 30.219999313354492 32.25 AB 1.7915890347747716 1.2787930298178243
62011.2538 lsst_hardware_r -2.5068496904320563 29.959999084472656 31.56999969482422 AB 6.189100381387983 1.024911743440271
62011.2651 lsst_hardware_y 125.81855142586694 47.33000183105469 30.049999237060547 AB 6.287894430884564 1.034874001133075
62013.28 lsst_hardware_r 31.51455285748379 55.540000915527344 31.6299991607666 AB 5.102213058941907 1.062444587827148
62016.2417 lsst_hardware_r -21.13336070336228 108.72000122070312 31.670000076293945 AB 0.8187991262199282 1.0260640679447721
62016.2545 lsst_hardware_i 12.289396257831925 85.87999725341797 31.34000015258789 AB 1.3413544987686992 1.0382000764463615
62027.0321 lsst_hardware_g -14.148654798560106 13.989999771118164 31.290000915527344 AB 1.9830902323364474 1.4164930230974626
62027.0387 lsst_hardware_r 17.75416346446877 23.989999771118164 31.43000030517578 AB 1.9230249089078866 1.3735892206484905
62030.2329 lsst_hardware_r 1.0682236330872974 22.75 31.5 AB 1.8760377213668513 1.0613074041298423
62030.2442 lsst_hardware_u 0.28021404977720676 2.7300000190734863 28.459999084472656 AB 1.8926422754102386 1.0821282306519373
62031.2238 lsst_hardware_u 3.3799447099548967 2.680000066757202 28.43000030517578 AB 1.4621952855428382 1.0514347690863348
62031.2342 lsst_hardware_g -13.906198047348433 13.819999694824219 31.40999984741211 AB 1.4690038674290773 1.068236965770831
62033.2193 lsst_hardware_r -9.179831547962934 22.489999771118164 31.489999771118164 AB 6.139644297117764 1.0528413439282798
62033.2321 lsst_hardware_z 18.16235382246615 41.459999084472656 30.950000762939453 AB 6.258749002319646 1.0744326060461564
62035.218 lsst_hardware_r -0.6554474598626044 22.770000457763672 31.510000228881836 AB 2.262867435381403 1.0592708884172746
62035.2302 lsst_hardware_u -0.28963059189813595 2.7899999618530273 28.510000228881836 AB 2.295588484704294 1.081421969004496
62039.2109 lsst_hardware_r -0.5702767354615296 25.600000381469727 31.510000228881836 AB 3.2918587738521676 1.0656713414866195
62039.2231 lsst_hardware_i -1.0976998004379959 31.959999084472656 31.239999771118164 AB 3.3717650872918457 1.0894232915322446
62041.2295 lsst_hardware_z -28.380597246031876 48.66999816894531 30.959999084472656 AB 4.118828203123554 1.117728141960102
62041.2411 lsst_hardware_r 7.812446447666832 43.06999969482422 31.59000015258789 AB 4.365370820758421 1.150927163552541
62043.1816 lsst_hardware_i 13.125385678659681 60.20000076293945 31.329999923706055 AB 4.37220062918001 1.039144534564445
62048.1859 lsst_hardware_z 134.08328186052023 92.37000274658203 31.729999542236328 AB 6.7330539068999515 1.064935374756639
62050.1784 lsst_hardware_r 70.29950404327704 66.43000030517578 31.639999389648438 AB 4.762994516006967 1.061490095497885
62050.19 lsst_hardware_i -87.29394439768626 54.86000061035156 31.309999465942383 AB 4.976231299781055 1.0829665505509503
62052.1324 lsst_hardware_z 2.5321485288704566 44.650001525878906 30.969999313354492 AB 3.5790239543207734 1.0193503299515647
62052.1446 lsst_hardware_r 6.868541198981044 38.470001220703125 31.610000610351562 AB 3.6074320182211475 1.027002543679985
62057.1608 lsst_hardware_i -49.738426302138244 30.40999984741211 31.25 AB 8.849582276302382 1.0640353825060505
62057.1724 lsst_hardware_r 9.05368300130157 22.510000228881836 31.489999771118164 AB 8.878982301723815 1.0861140430243197
62059.1652 lsst_hardware_u -1.3425745745134066 2.630000114440918 28.3799991607666 AB 8.501729846279147 1.0825057897538306
62059.1763 lsst_hardware_g -3.187145739333803 13.699999809265137 31.389999389648438 AB 8.405187512913278 1.1074514708041714
62065.1569 lsst_hardware_z -22.345545966277516 41.9900016784668 30.950000762939453 AB 4.161017375853399 1.1002161226476466
62065.1672 lsst_hardware_r 25.0803797900504 22.81999969482422 31.479999542236328 AB 3.2429240638872034 1.1264064132990284
62067.1597 lsst_hardware_u 4.935611756704607 2.7699999809265137 28.43000030517578 AB 3.2376731119699755 1.1208838885129402
62067.1709 lsst_hardware_g -12.98245499942589 14.300000190734863 31.399999618530273 AB 2.564906591590913 1.153414993407943
62070.1473 lsst_hardware_g 75.95005345473346 42.15999984741211 31.670000076293945 AB 3.9942210756306533 1.1100197523750361
62070.1586 lsst_hardware_r -6.091366079196512 45.810001373291016 31.600000381469727 AB 4.315260794407289 1.140848855097451
62075.1379 lsst_hardware_i -145.5417095250462 66.38999938964844 31.31999969482422 AB 5.175113919498657 1.1210037733128
62075.15 lsst_hardware_r -110.92189439800703 83.6500015258789 31.6299991607666 AB 5.319500660528608 1.1564131870714367
62077.0901 lsst_hardware_i 74.34777641247844 65.30000305175781 31.329999923706055 AB 4.18789016932443 1.0407281732913594
62077.1017 lsst_hardware_z -4.550939685932715 59.70000076293945 30.989999771118164 AB 4.2261359054585546 1.0567100947136483
62079.1439 lsst_hardware_r -29.756536787699222 70.9800033569336 31.6200008392334 AB 4.179495806387369 1.1723690901507344
62079.1559 lsst_hardware_i -72.70673006213894 58.11000061035156 31.290000915527344 AB 4.370027434590223 1.2171365722428378
62081.0917 lsst_hardware_r -1.4616643676476413 22.450000762939453 31.479999542236328 AB 4.815700472030402 1.0581631448100202
62081.1034 lsst_hardware_i 16.60864972993793 30.59000015258789 31.239999771118164 AB 4.914806835549077 1.0790311029782693
62083.0486 lsst_hardware_z 1.5964992635073678 40.81999969482422 30.959999084472656 AB 6.350511803018295 1.019752999280167
62083.0595 lsst_hardware_i -25.14523219218058 30.290000915527344 31.260000228881836 AB 6.604773555836375 1.0266487392491774
62086.0434 lsst_hardware_u -2.5881964771701367 2.609999895095825 28.389999389648438 AB 4.5861394584934265 1.02131712910694
62086.0547 lsst_hardware_g -28.706443654582984 13.770000457763672 31.40999984741211 AB 4.717575921831988 1.0294764695761092
62091.0495 lsst_hardware_g -22.165330716560412 13.850000381469727 31.420000076293945 AB 3.836335331655112 1.0379695161401907
62091.0621 lsst_hardware_r 24.60341734109006 22.670000076293945 31.489999771118164 AB 3.9903541401080855 1.0546030102697286
