data/validation/pwv_sim_epoch_fit_epoch/48843546.ecsv
# %ECSV 0.9
# ---
# datatype:
# - {name: time, datatype: float64}
# - {name: band, datatype: string}
# - {name: flux, datatype: float64}
# - {name: fluxerr, datatype: float64}
# - {name: zp, datatype: float64}
# - {name: zpsys, datatype: string}
# - {name: pwv, datatype: float64}
# - {name: airmass, datatype: float64}
# meta: {SNID: '48843546', alt: 1024.0, c: -0.05525479093194008, dec: -24.95302, lat: -30.244573, lon: -70.7499537, ra: 226.582031, t0: 63054.515625,
#   x0: 8.391186546614566e-06, x1: 0.9835149645805359, z: 0.49487611651420593}
# schema: astropy-2.0
time band flux fluxerr zp zpsys pwv airmass
62910.3196 lsst_hardware_i 76.55685823381627 65.2699966430664 31.290000915527344 AB 6.981128848132296 1.2247594470407537
62910.3393 lsst_hardware_r 25.042998509130136 71.68000030517578 31.6200008392334 AB 6.375134266231836 1.1447196048897506
62912.3129 lsst_hardware_z -182.9371264440081 90.26000213623047 32.13999938964844 AB 4.901095806461314 1.230658080718472
62912.331 lsst_hardware_g -123.091845345934 68.94000244140625 32.84000015258789 AB 4.573953360735873 1.1547957148922885
62914.3061 lsst_hardware_r 14.744154760044575 27.68000030517578 31.5 AB 6.068060942369543 1.237159456801701
62914.3263 lsst_hardware_i -17.86214393989111 33.900001525878906 31.25 AB 5.668874180902741 1.1520540944796187
62917.292 lsst_hardware_i 48.72235368447775 34.040000915527344 31.229999542236328 AB 4.62122986656547 1.2674793929142814
62917.3126 lsst_hardware_z 28.7640705774639 44.119998931884766 30.940000534057617 AB 4.2639003293764794 1.1726898595644883
62919.3178 lsst_hardware_u -0.6869582282463089 2.8399999141693115 28.43000030517578 AB 12.613995560815775 1.1343266168310762
62919.3376 lsst_hardware_g -36.20498632671329 16.040000915527344 31.469999313354492 AB 10.08129464413619 1.0786747960770586
62921.2951 lsst_hardware_g -8.246080993750814 15.979999542236328 31.420000076293945 AB 11.90092913341902 1.1997710666125767
62921.3146 lsst_hardware_r -13.189172690191235 25.290000915527344 31.510000228881836 AB 11.171099295265732 1.126999348812405
62923.3229 lsst_hardware_r -3.4817550831314326 25.100000381469727 31.520000457763672 AB 7.1459274069225485 1.087880961167545
62923.3404 lsst_hardware_u -0.5000541877578817 2.880000114440918 28.5 AB 6.992357667447027 1.0502978096052613
62925.3192 lsst_hardware_g -26.626898880221006 15.770000457763672 31.459999084472656 AB 5.659743289866346 1.0835155144761839
62925.3398 lsst_hardware_r -9.372222301978159 24.709999084472656 31.520000457763672 AB 4.937640927820888 1.04202615338628
62927.2992 lsst_hardware_r 19.92550733546415 24.989999771118164 31.510000228881836 AB 3.788492167453885 1.1239037332372466
62927.3188 lsst_hardware_i 79.3565962987772 32.040000915527344 31.260000228881836 AB 3.702785841734639 1.0717180439174063
62929.3232 lsst_hardware_r -4.375357147784402 24.530000686645508 31.510000228881836 AB 7.600170112952958 1.051781083995738
62929.3442 lsst_hardware_u 1.5387577836039792 2.7799999713897705 28.450000762939453 AB 7.375226122676639 1.0215702088339815
62935.2033 lsst_hardware_r 1.3511510649037834 111.30999755859375 31.520000457763672 AB 17.020095981037528 1.5614766955080301
62935.2235 lsst_hardware_z 48.660708109589294 75.54000091552734 30.950000762939453 AB 14.00665284692831 1.3885157716905387
62937.202 lsst_hardware_y -139.86716213744688 63.720001220703125 29.90999984741211 AB 12.096085229860277 1.5210099626783817
62937.2233 lsst_hardware_r -70.07213847632316 109.26000213623047 31.59000015258789 AB 10.004443656212858 1.35195184543417
62939.2134 lsst_hardware_i 43.093447973405524 74.79000091552734 31.270000457763672 AB 15.414630329494864 1.3826123909941577
62939.2323 lsst_hardware_z 120.55221310508317 68.83999633789062 30.959999084472656 AB 14.116062875987494 1.2655416848102348
62941.2128 lsst_hardware_r 42.20641379143522 39.52000045776367 31.530000686645508 AB 11.191260044230505 1.3491573290211412
62941.2343 lsst_hardware_g 24.844278608371276 34.0 31.600000381469727 AB 10.240439780572748 1.227919554807061
62943.2489 lsst_hardware_z -26.775534069425017 43.459999084472656 30.950000762939453 AB 6.7601417932078665 1.1457867446115026
62943.2663 lsst_hardware_r 20.40338648192005 25.260000228881836 31.520000457763672 AB 6.952965264385469 1.0930043907543705
62948.2481 lsst_hardware_r -28.85660757372418 24.530000686645508 31.520000457763672 AB 7.106069111655634 1.1053578240957493
62948.2656 lsst_hardware_z 34.343291877031206 42.20000076293945 30.959999084472656 AB 6.53478830803358 1.0628840534631232
62950.2486 lsst_hardware_r 32.723964276145246 24.399999618530273 31.520000457763672 AB 7.6405486427115115 1.0893671206860314
62950.2665 lsst_hardware_u -2.780930901180173 2.950000047683716 28.59000015258789 AB 6.840061378359397 1.0506334277160034
62952.2603 lsst_hardware_r 14.428497342092646 34.099998474121094 32.27000045776367 AB 7.400217064838917 1.0519766010551086
62952.278 lsst_hardware_i -30.06380246749392 44.16999816894531 32.02000045776367 AB 7.106493640833581 1.0254064052185772
62956.2601 lsst_hardware_u -1.3470262723713116 2.819999933242798 28.5 AB 4.700886077788315 1.0345259854287843
62956.2781 lsst_hardware_r -14.782316845360974 23.969999313354492 31.520000457763672 AB 4.592999470307354 1.014411014368601
62958.1487 lsst_hardware_z 29.55713000755514 51.349998474121094 30.90999984741211 AB 12.447221249844313 1.484374366447357
62958.1659 lsst_hardware_i -10.327456570114002 42.72999954223633 31.239999771118164 AB 11.312139478716112 1.3523987660608405
62960.1633 lsst_hardware_z 45.93811435595792 54.060001373291016 30.93000030517578 AB 7.968878802526248 1.3337221667012786
62960.1805 lsst_hardware_r -90.74944436968701 57.619998931884766 31.59000015258789 AB 5.620118134887357 1.2372301892982625
62962.1482 lsst_hardware_r 131.61646040154648 96.55999755859375 31.579999923706055 AB 16.219303281727964 1.400147037441967
62962.1654 lsst_hardware_i -6.436569285221134 75.26000213623047 31.290000915527344 AB 14.936194199659372 1.2881581888451377
62965.1514 lsst_hardware_z 171.73799198639114 147.0399932861328 31.719999313354492 AB 9.205935344773652 1.3226918598812718
62968.1563 lsst_hardware_r -73.83011942067971 67.4800033569336 31.600000381469727 AB 7.868733479314022 1.249005314176829
62968.1742 lsst_hardware_i 79.44028683413615 58.95000076293945 31.309999465942383 AB 7.601357668522704 1.1694396413111852
62970.1579 lsst_hardware_z 18.81977015806328 43.779998779296875 30.940000534057617 AB 5.992713832235892 1.2149855711771087
62970.177 lsst_hardware_r 5.187896429398296 29.690000534057617 31.540000915527344 AB 6.39630719672234 1.1395523243759735
62973.138 lsst_hardware_u 1.4237795837841571 3.8499999046325684 29.09000015258789 AB 18.686023895740682 1.2734971645703457
62973.1622 lsst_hardware_g 4.813674414136402 21.649999618530273 32.18000030517578 AB 17.08357218861517 1.1631500287287349
62975.158 lsst_hardware_r -40.01231358372347 24.899999618530273 31.5 AB 10.93409720097053 1.158457085444777
62975.1764 lsst_hardware_u -4.863586538153134 2.880000114440918 28.5 AB 9.831907191825024 1.0997659051258417
62977.1494 lsst_hardware_g 45.88385391814657 15.399999618530273 31.43000030517578 AB 8.459075883719207 1.1703204044990603
62977.1662 lsst_hardware_r -10.10152828940523 24.610000610351562 31.510000228881836 AB 8.14493098158814 1.1132277703257212
62979.1615 lsst_hardware_i -2.4473705513663595 32.099998474121094 31.25 AB 5.9346548990893275 1.1109945053754533
62979.1802 lsst_hardware_z 41.79047852303703 42.060001373291016 30.950000762939453 AB 4.294401650503984 1.0644637653071098
62984.1608 lsst_hardware_r -13.046684191023143 24.489999771118164 31.510000228881836 AB 2.2573937859851667 1.0771293264870172
62984.1798 lsst_hardware_u -0.4552664190573575 2.8399999141693115 28.5 AB 2.325606589732692 1.0403071302763829
62990.1727 lsst_hardware_y -20.754598197663007 73.4800033569336 30.809999465942383 AB 9.489630845033401 1.0272850054613925
62995.0451 lsst_hardware_i 230.63521306273424 101.16000366210938 31.25 AB 13.446198989673336 1.5075340821070335
62995.0638 lsst_hardware_z 39.56357367400052 86.41000366210938 30.950000762939453 AB 12.115154864657764 1.3596747070432567
63002.0441 lsst_hardware_z -111.56483750814039 65.2300033569336 31.670000076293945 AB 6.849093136860649 1.3636820581106741
63002.0648 lsst_hardware_i 91.26471935523351 47.15999984741211 31.979999542236328 AB 6.287972482867474 1.242314033955838
63005.0383 lsst_hardware_u -1.3228729104003505 2.569999933242798 28.170000076293945 AB 11.031009738443467 1.3476006521696626
63005.0572 lsst_hardware_g 20.590593876706798 15.59000015258789 31.399999618530273 AB 10.046027236001121 1.2393832178313011
63010.0462 lsst_hardware_r 34.50892856149675 24.989999771118164 31.469999313354492 AB 10.180408841233342 1.2265552820763062
63010.0669 lsst_hardware_i -26.52463576348179 32.4900016784668 31.239999771118164 AB 9.483410680943399 1.1425796001136623
63013.0424 lsst_hardware_z 43.31612682815875 44.689998626708984 30.93000030517578 AB 6.9851091927784985 1.2064265506605052
63013.0631 lsst_hardware_u -1.0072308222784185 3.0299999713897705 28.440000534057617 AB 6.5145920608520544 1.1280190573311972
63015.0444 lsst_hardware_g -13.757241638019472 26.270000457763672 31.59000015258789 AB 11.303054537104996 1.1751980179980432
63015.0626 lsst_hardware_r 17.216698566354484 31.200000762939453 31.559999465942383 AB 10.742751375134272 1.112777229659669
63019.0471 lsst_hardware_i 186.74027489261763 73.08000183105469 31.31999969482422 AB 11.949609323759333 1.1267989838448134
63019.0667 lsst_hardware_z -16.980563895324455 66.52999877929688 30.989999771118164 AB 11.305242601843766 1.073775238813104
63020.0481 lsst_hardware_z 65.41979229380098 84.69999694824219 30.989999771118164 AB 9.958185618686034 1.1152944834031484
63020.0683 lsst_hardware_r -129.32785276419526 118.69000244140625 31.65999984741211 AB 9.566836216034833 1.0643713977731852
63022.047 lsst_hardware_i -118.54552339228928 114.37000274658203 31.329999923706055 AB 10.501588679621962 1.1027219474576788
63022.0676 lsst_hardware_r -50.52978607751978 142.08999633789062 31.65999984741211 AB 10.041032354687784 1.0549149733518948
63030.9498 lsst_hardware_z 256.5626698575383 69.61735279049306 30.93000030517578 AB 19.016292657278964 1.4807505897639925
63030.9714 lsst_hardware_i 139.0301070950788 35.8426897661369 31.219999313354492 AB 18.256953549480485 1.32143554932547
63035.9517 lsst_hardware_y 20.66122896464068 75.22989575570176 29.950000762939453 AB 6.5693055966350595 1.360715075079143
63035.9716 lsst_hardware_r 922.308746406078 39.228056327865545 31.469999313354492 AB 7.933879527938276 1.244139803659758
63043.9558 lsst_hardware_y 1013.2611813338924 91.48935501928548 30.760000228881836 AB 9.347699801091208 1.215223253234833
63043.9763 lsst_hardware_z 2290.7149687024894 78.1511791334368 31.700000762939453 AB 8.673200045334337 1.1350375212005892
63045.9563 lsst_hardware_y 462.5206429735718 68.2998164819984 30.010000228881836 AB 4.497607089584994 1.1892139316723613
63045.9767 lsst_hardware_z 1429.9700215975645 62.379600643418684 30.959999084472656 AB 4.523754062300742 1.1165168397286898
63047.9567 lsst_hardware_y 276.8109287512615 75.69401050057499 30.020000457763672 AB 8.714336185338441 1.1658754679695553
63047.9752 lsst_hardware_r 3150.9715453838326 114.88157728253302 31.639999389648438 AB 8.563042315858201 1.1049799749477849
63050.9668 lsst_hardware_z 3132.5073930005756 123.6646334881912 31.739999771118164 AB 9.081965283859946 1.1055680676660748
63052.96 lsst_hardware_y 506.5135877450112 60.24839685922605 30.040000915527344 AB 7.212550285278125 1.109395552493559
63052.979 lsst_hardware_g 1630.2769170877036 57.944319381141156 31.690000534057617 AB 6.945668586148523 1.0627058910338003
63060.9643 lsst_hardware_y 442.8336461806229 55.66592130923782 30.049999237060547 AB 8.900557867832587 1.049078621098036
63060.984 lsst_hardware_i 2092.8623978276505 54.473956505457025 31.260000228881836 AB 8.624806445210876 1.0213519385649377
