data/validation/pwv_sim_epoch_fit_epoch/49002916.ecsv
# %ECSV 0.9
# ---
# datatype:
# - {name: time, datatype: float64}
# - {name: band, datatype: string}
# - {name: flux, datatype: float64}
# - {name: fluxerr, datatype: float64}
# - {name: zp, datatype: float64}
# - {name: zpsys, datatype: string}
# - {name: pwv, datatype: float64}
# - {name: airmass, datatype: float64}
# meta: {SNID: '49002916', alt: 1024.0, c: -0.04205027595162392, dec: -2.537361, lat: -30.244573, lon: -70.7499537, ra: 319.921875, t0: 62651.78515625,
#   x0: 1.3320475027753354e-05, x1: -0.5960726737976074, z: 0.40788328647613525}
# schema: astropy-2.0
time band flux fluxerr zp zpsys pwv airmass
62640.3776 lsst_hardware_r 5664.522297677149 139.53080802550207 32.369998931884766 AB 11.33635508815745 1.187923618165928
62640.3996 lsst_hardware_y 992.0749682143664 81.5083407360808 30.770000457763672 AB 10.978824920405925 1.1482625096515546
62643.4256 lsst_hardware_r 4005.420755770405 98.44533732906459 31.6299991607666 AB 4.386805190323926 1.1317136898609825
62651.3715 lsst_hardware_g 4257.131330271463 68.53446356842419 32.189998626708984 AB 14.147605940038824 1.1459262870596427
62651.3928 lsst_hardware_r 4631.835241665732 72.5934573869734 31.5 AB 14.624807889809608 1.1313745877533719
62653.362 lsst_hardware_i 3369.6172349676017 65.26098959719958 31.239999771118164 AB 7.685798511424075 1.1510281317028954
62653.3827 lsst_hardware_z 2409.7021743258683 63.7959420552175 30.940000534057617 AB 7.041414055575448 1.1328189927189352
62656.3751 lsst_hardware_r 4240.337121293766 69.32819915752977 31.489999771118164 AB 13.199139613510916 1.132584487172723
62656.3952 lsst_hardware_g 1603.3144642392967 42.64938055218136 31.420000076293945 AB 13.17755808538144 1.1336752842569258
62673.307 lsst_hardware_i 3365.917451601134 99.69711662510207 32.04999923706055 AB 3.4033119785544175 1.1515831192942987
62673.3366 lsst_hardware_z 2745.0519147150876 94.24350384406617 31.719999313354492 AB 3.818506613830254 1.1309067418422194
62677.3525 lsst_hardware_r 1041.630602995579 41.823744739002635 31.5 AB 4.125909077740857 1.1457675861540844
62677.3734 lsst_hardware_u 14.215861125915042 4.342771105196253 28.3799991607666 AB 4.276655977352156 1.1806628414251075
62679.2734 lsst_hardware_u 16.238371409064587 4.090167481066635 28.290000915527344 AB 8.410043067124173 1.182680785701648
62679.2961 lsst_hardware_g 231.25812686723526 21.2622098905698 31.40999984741211 AB 7.681837572460274 1.144748911774126
62681.2929 lsst_hardware_r 866.3761149292677 37.44030373931567 31.479999542236328 AB 2.228133599523514 1.142339707523041
62681.3137 lsst_hardware_i 1342.6761809240813 47.72553174764289 31.229999542236328 AB 2.2169987879634694 1.13097757325008
62683.2934 lsst_hardware_z 1019.7242646626095 53.101623067087566 30.940000534057617 AB 9.96759870493643 1.1371073444869442
62683.3155 lsst_hardware_r 768.0958802397607 36.03894298714355 31.479999542236328 AB 9.864784042697687 1.1315096541964114
62687.2879 lsst_hardware_u 6.264997921487816 5.118954715865464 29.139999389648438 AB 4.515118740004234 1.1337397966113063
62687.3096 lsst_hardware_r 1254.1935570156427 48.19566085887182 32.25 AB 5.053369354467457 1.1332330222497686
62689.2925 lsst_hardware_i 929.1601645637644 44.470830823478984 31.25 AB 1.696025649200633 1.1309350850415423
62689.313 lsst_hardware_z 896.3879945563255 51.52472816858535 30.940000534057617 AB 1.7008177943152811 1.1390040477584338
62696.2564 lsst_hardware_z 609.9080164676121 79.92831142680058 30.979999542236328 AB 7.149568072169504 1.1382849979572525
62696.2773 lsst_hardware_r 296.0166642422844 113.81855101735148 31.639999389648438 AB 7.082056454527959 1.1310479045800461
62703.2106 lsst_hardware_z 485.9198439041916 51.879756663139915 30.940000534057617 AB 6.511867178224078 1.1767548548857605
62703.2305 lsst_hardware_r 323.13588487793425 44.84822154479452 31.579999923706055 AB 6.468849520407278 1.1448446905816287
62705.0919 lsst_hardware_u 2.5055167543416053 2.672020233872711 27.530000686645508 AB 13.10031201660816 2.042137492846167
62705.115 lsst_hardware_r 269.30436823253035 30.372337023306542 31.3700008392334 AB 10.85523038011081 1.6953350585836027
62708.1966 lsst_hardware_g 49.36537433429237 17.232889670529747 31.389999389648438 AB 12.778373555680993 1.1774951443503747
62708.2188 lsst_hardware_i 445.40337289146134 38.73124876552943 31.239999771118164 AB 11.499447678916995 1.1427454714217424
62710.1851 lsst_hardware_z 424.79143748222765 47.79566371194247 30.93000030517578 AB 3.8201592602508874 1.1913178566270959
62717.184 lsst_hardware_r 239.50402016424476 28.977059684530907 31.479999542236328 AB 1.4290920541126069 1.1557558059948296
62717.2025 lsst_hardware_i 443.902155879999 37.72252718186366 31.229999542236328 AB 1.3651991009341944 1.1357729625076494
62721.1857 lsst_hardware_z 415.6757556969814 50.71931804423404 30.950000762939453 AB 3.747392787211646 1.1404116820485837
62721.2054 lsst_hardware_r 221.96913803761888 44.13692928905638 31.59000015258789 AB 3.7130474093821553 1.130934791425602
62724.1487 lsst_hardware_r 37.558082694210505 99.22000122070312 31.6200008392334 AB 9.755536652089 1.1869373087536932
62724.1664 lsst_hardware_z 33.944911174739865 71.12000274658203 30.979999542236328 AB 9.490791336222372 1.1535216144174987
62730.1469 lsst_hardware_g 207.40240493057527 90.13999938964844 32.43000030517578 AB 4.95579816534184 1.158257595514609
62730.1679 lsst_hardware_i -85.3058846186252 56.7599983215332 31.309999465942383 AB 5.014024646570945 1.1352080253358616
62732.1759 lsst_hardware_z -37.92761526824497 45.83000183105469 30.950000762939453 AB 2.738615840417475 1.1309195115113975
62732.1961 lsst_hardware_r -49.03345031899994 38.029998779296875 31.579999923706055 AB 2.736683371678827 1.1394538864073394
62734.1648 lsst_hardware_u 1.3532632775309534 3.799999952316284 29.100000381469727 AB 1.9907403698455028 1.1317455200940891
62734.1842 lsst_hardware_g -16.585545226145516 21.6200008392334 32.18000030517578 AB 1.9854644632900933 1.1347672680264782
62741.1183 lsst_hardware_r -33.69800778031468 24.479999542236328 31.489999771118164 AB 4.050610985647124 1.1560237788133634
62741.1371 lsst_hardware_u 5.944909323432505 2.7699999809265137 28.420000076293945 AB 4.429214623704373 1.1356960573600956
62743.1216 lsst_hardware_g -5.151799084127495 15.1899995803833 31.420000076293945 AB 3.5714380208024967 1.1445082585491095
62743.1405 lsst_hardware_i -26.018125172301268 32.119998931884766 31.25 AB 4.6467522477336916 1.131675095342364
62745.1173 lsst_hardware_z -21.998345494785106 42.90999984741211 30.940000534057617 AB 1.2415736730180242 1.1432538425580332
62745.1356 lsst_hardware_r -25.381279129074144 24.31999969482422 31.489999771118164 AB 1.4709987742920647 1.1315375186862036
62746.0584 lsst_hardware_u 0.2674566997566672 2.7899999618530273 28.309999465942383 AB 2.000137440829829 1.2862620198262567
62746.0766 lsst_hardware_g 10.37494202260045 15.699999809265137 31.420000076293945 AB 1.6901173050040386 1.2194208549812686
62750.0999 lsst_hardware_i -74.01892829486833 43.540000915527344 31.280000686645508 AB 1.5048924564512351 1.1475318979103273
62750.1194 lsst_hardware_z -44.47854435823288 48.400001525878906 30.959999084472656 AB 1.4787530901176664 1.132276485541858
62752.0963 lsst_hardware_r 59.36919407668224 85.62000274658203 31.6299991607666 AB 2.6571584084560156 1.1453269001965585
62752.1181 lsst_hardware_z 24.957356497306847 65.70999908447266 30.969999313354492 AB 2.6547842820132628 1.1312197778623378
62754.0941 lsst_hardware_z -163.19108054498997 102.55999755859375 30.989999771118164 AB 4.005042813303697 1.1418511228235773
62754.1122 lsst_hardware_i -103.83740881251134 120.06999969482422 31.329999923706055 AB 3.9631168049695775 1.1312955340319457
62763.0684 lsst_hardware_i 31.317669243939385 31.959999084472656 31.239999771118164 AB 6.275526421865976 1.142996388592226
62763.0879 lsst_hardware_z 31.919001189311707 42.810001373291016 30.940000534057617 AB 6.296527505237188 1.131248204318575
62766.0622 lsst_hardware_r -17.11356224632404 24.170000076293945 31.489999771118164 AB 2.863369320097325 1.1410118828838298
62766.0812 lsst_hardware_u -0.75129251081543 2.690000057220459 28.3700008392334 AB 2.896886282869794 1.1310439366987972
62770.1062 lsst_hardware_u 0.07730696717676631 3.7100000381469727 29.059999465942383 AB 4.2512559775346155 1.1560179408657778
62770.1352 lsst_hardware_g 13.201432856111323 20.989999771118164 32.130001068115234 AB 3.466167552291502 1.2223466153606428
62773.0327 lsst_hardware_g 12.081651278404511 14.75 31.399999618530273 AB 3.9306833393534357 1.153397727649865
62773.0533 lsst_hardware_r 7.70969753800188 24.010000228881836 31.489999771118164 AB 3.8492424565031467 1.1336583501788626
62775.0324 lsst_hardware_i 20.759016631696372 32.220001220703125 31.239999771118164 AB 6.981617165750039 1.1466107269903032
62775.052 lsst_hardware_z -6.430761967349991 42.900001525878906 30.940000534057617 AB 6.505962179135817 1.1319966672896096
62782.035 lsst_hardware_y 150.5750574496095 87.13999938964844 30.790000915527344 AB 5.2023834988243856 1.1314448670779438
62784.0306 lsst_hardware_r 135.293419162329 106.19000244140625 31.639999389648438 AB 2.714979761533922 1.131241567305801
62784.0488 lsst_hardware_i -220.7888618941702 85.0199966430664 31.31999969482422 AB 2.7462907180259357 1.1354564710691575
62785.9998 lsst_hardware_y -2.571535220466124 55.41999816894531 30.020000457763672 AB 6.198126592753226 1.1498240595036262
62786.0173 lsst_hardware_z 20.813766462938446 61.119998931884766 30.969999313354492 AB 6.883974573512191 1.1339111470123853
62790.0034 lsst_hardware_y 80.14850263608315 50.119998931884766 30.020000457763672 AB 8.883625654007052 1.1356383531451248
62790.0218 lsst_hardware_i 23.93581471356808 32.20000076293945 31.25 AB 8.840637820433976 1.1312275817618465
62791.9978 lsst_hardware_y 103.80047743301195 59.86000061035156 30.030000686645508 AB 6.504222817873028 1.1357285597904099
62792.0158 lsst_hardware_r -2.5061198935285884 24.459999084472656 31.5 AB 5.984701712319675 1.1311453858534144
63003.4001 lsst_hardware_u -0.12595070185738028 3.0 28.479999542236328 AB 8.419397073330018 1.156192951569626
63003.4195 lsst_hardware_y 68.77660815418287 49.31999969482422 30.020000457763672 AB 7.607074302444671 1.1353842242454733
63008.4273 lsst_hardware_r 21.12293324007558 26.299999237060547 31.510000228881836 AB 4.412189280072347 1.1320562617247845
63014.4054 lsst_hardware_i -68.24094886775127 32.400001525878906 31.25 AB 10.555109603343555 1.130985385028572
63014.4245 lsst_hardware_z -7.880586186195415 44.20000076293945 30.940000534057617 AB 10.010090554304092 1.1404478073413442
63018.3705 lsst_hardware_u -3.7581205353041818 2.7200000286102295 28.3700008392334 AB 7.643482353306283 1.1419118837652402
63018.39 lsst_hardware_r -29.42717002859293 24.440000534057617 31.489999771118164 AB 7.015068146798526 1.131097734085541
63021.3762 lsst_hardware_i -100.2535935845493 59.119998931884766 31.299999237060547 AB 13.204997624228817 1.1324798031113241
63021.3966 lsst_hardware_z -53.12941455261312 54.689998626708984 30.959999084472656 AB 13.178613901679777 1.1340832065470312
63033.3211 lsst_hardware_u 0.2664581334832495 2.680000066757202 28.34000015258789 AB 7.485806245907032 1.1519726458518882
63033.3428 lsst_hardware_g 29.501377490324785 14.890000343322754 31.40999984741211 AB 7.566361562018086 1.1327312492261068
63034.3884 lsst_hardware_r 10.53146277283142 24.31999969482422 31.489999771118164 AB 4.31271193915869 1.1655978213942404
63037.3527 lsst_hardware_z -63.5196598840488 43.04999923706055 30.940000534057617 AB 4.195719446301992 1.1339782287302682
63037.3719 lsst_hardware_r 42.74679177833384 24.229999542236328 31.489999771118164 AB 4.263435356162895 1.1522798259899716
63043.3384 lsst_hardware_u -1.1159134100572596 2.75 28.40999984741211 AB 6.178840073380145 1.1351554070939147
63043.3574 lsst_hardware_r -19.9613511934893 24.139999389648438 31.489999771118164 AB 6.262608796065 1.155001161171426
63045.2934 lsst_hardware_g 2.5603402310953407 15.039999961853027 31.43000030517578 AB 6.211102206843343 1.1455547159233375
63045.3124 lsst_hardware_i -13.961440951300808 32.0099983215332 31.25 AB 6.125297219278187 1.1319211948710126
63049.3044 lsst_hardware_y 59.35779165991837 72.2699966430664 30.770000457763672 AB 8.908622387760866 1.131253636541025
63065.2609 lsst_hardware_z 61.659073067606656 42.689998626708984 30.940000534057617 AB 2.1241708054929203 1.1312319560606685
63065.2832 lsst_hardware_r -27.248380636047873 24.18000030517578 31.489999771118164 AB 2.146768690784594 1.1386679760172884
63067.2602 lsst_hardware_u 1.7469873326145438 2.700000047683716 28.360000610351562 AB 3.1869169580013623 1.1309813537592817
63067.2756 lsst_hardware_g -7.348258863955381 14.84000015258789 31.40999984741211 AB 3.239874917869012 1.136997690075105
63072.2124 lsst_hardware_i -2.8663021610521477 32.150001525878906 31.239999771118164 AB 6.277640050190717 1.1551989787350079
63072.2344 lsst_hardware_z -6.503958813603079 42.81999969482422 30.940000534057617 AB 6.139557453044026 1.1335962801041406
63073.2308 lsst_hardware_u -0.4834630623678936 2.7899999618530273 28.440000534057617 AB 11.371424303572699 1.1340332890896823
63073.2501 lsst_hardware_r 43.14472363524968 24.290000915527344 31.5 AB 11.951213450918292 1.1321725512427334
63083.1073 lsst_hardware_r 3.084400821546336 173.0500030517578 32.310001373291016 AB 3.4087518474962297 1.4454071438146556
63083.1337 lsst_hardware_i 85.39944889491093 137.8699951171875 32.040000915527344 AB 2.6400511694840127 1.2944599997470032
63085.2112 lsst_hardware_z 97.77614475729942 53.11000061035156 30.959999084472656 AB 3.5760203158891284 1.1309958302321843
63085.2341 lsst_hardware_r -13.267928662622149 59.290000915527344 31.6200008392334 AB 3.644954486280052 1.1439338276849205
63094.1787 lsst_hardware_u -0.7565943689679134 2.8299999237060547 28.450000762939453 AB 5.480462859456386 1.131917769289283
63094.2017 lsst_hardware_g -0.4667374452326592 15.640000343322754 31.450000762939453 AB 5.484853157517628 1.1368749419665514
63099.1749 lsst_hardware_r 2.809634647753634 24.600000381469727 31.5 AB 1.9488559852388518 1.1311924070265176
63099.195 lsst_hardware_i 4.169078473643077 32.34000015258789 31.239999771118164 AB 1.9461633341885165 1.1430090059838587
63100.1384 lsst_hardware_z 72.80081292757696 43.54999923706055 30.940000534057617 AB 2.3282327030271373 1.1516877215187853
63100.1605 lsst_hardware_r -2.412559843394409 24.65999984741211 31.510000228881836 AB 2.27154918611708 1.1325186020775668
63102.12 lsst_hardware_r 0.7704353465974666 26.09000015258789 31.510000228881836 AB 3.3957598631630583 1.1736497222913798
63102.1376 lsst_hardware_z -53.33620165805737 43.45000076293945 30.940000534057617 AB 3.1554744730171564 1.1457786757506014
63108.113 lsst_hardware_z -95.62051701001982 85.87000274658203 30.979999542236328 AB 3.609813169385188 1.156898700227606
63108.1304 lsst_hardware_i -37.56413562424743 98.48999786376953 31.31999969482422 AB 4.681203943182617 1.137088525124315
63110.1183 lsst_hardware_z 120.15543935724688 107.88999938964844 30.989999771118164 AB 1.160892332311295 1.1429855585605135
63110.1351 lsst_hardware_r 166.4510160377886 162.52000427246094 31.639999389648438 AB 1.4714652932019132 1.131896379386087
63113.1359 lsst_hardware_y 87.37288832397664 74.2300033569336 30.770000457763672 AB 1.5835376158717378 1.1310982970512413
63115.0962 lsst_hardware_g 20.056319721993532 15.0600004196167 31.43000030517578 AB 1.522256120007307 1.1534427884124319
63115.1155 lsst_hardware_r -1.7055606634128893 24.229999542236328 31.5 AB 1.4815943652469605 1.1343796581996763
63118.0913 lsst_hardware_i 15.104969914519437 32.0 31.229999542236328 AB 2.9168489189017053 1.148968849357102
63118.1125 lsst_hardware_z -12.035474557825044 42.779998779296875 30.940000534057617 AB 2.830317004577899 1.1321268018311597
63121.0867 lsst_hardware_r 8.00257782948357 24.149999618530273 31.479999542236328 AB 3.585684696710382 1.1446718904103375
63121.1045 lsst_hardware_u -0.2799225743535095 2.6700000762939453 28.34000015258789 AB 3.5173318757028422 1.132066905600833
63125.0924 lsst_hardware_z -25.351114581866042 43.08000183105469 30.940000534057617 AB 4.076870185418791 1.1324639403941086
63125.1087 lsst_hardware_r 10.12704890655986 24.100000381469727 31.489999771118164 AB 4.0765778526258325 1.132382736840509
63128.0665 lsst_hardware_r -25.254333390971563 24.270000457763672 31.489999771118164 AB 6.314433351042962 1.1459085098302104
63128.0856 lsst_hardware_u -4.151564667063669 2.809999942779541 28.459999084472656 AB 6.333549455548213 1.1320016899997645
63135.0611 lsst_hardware_r -41.14139213823826 71.2699966430664 31.6299991607666 AB 3.2987340002429177 1.1342676868366082
63135.0809 lsst_hardware_z -13.150661737108326 59.93000030517578 30.969999313354492 AB 3.3578649579904494 1.1322144341195644
63142.0374 lsst_hardware_g -15.258276261417265 15.119999885559082 31.440000534057617 AB 2.2515863006555037 1.1372126607961683
63142.0571 lsst_hardware_r 15.697780628559535 47.189998626708984 31.610000610351562 AB 3.308034944819344 1.1311454760879958
63148.0305 lsst_hardware_g -13.989629260597583 15.09000015258789 31.43000030517578 AB 4.480505757593744 1.1321555925694868
63148.0484 lsst_hardware_i -26.543421324860923 31.989999771118164 31.239999771118164 AB 3.8921128913790013 1.1334050353454241
63152.0011 lsst_hardware_y -32.12300909916457 50.540000915527344 30.010000228881836 AB 6.631057458757252 1.1457550684677758
63152.0197 lsst_hardware_u 3.279170728157691 2.690000057220459 28.350000381469727 AB 6.547026669172135 1.1321159725353858
63154.0011 lsst_hardware_z 60.25368639482901 45.54999923706055 30.950000762939453 AB 7.740985786019822 1.1401267803895412
63154.0188 lsst_hardware_r -14.883661041472902 24.360000610351562 31.5 AB 7.640739862600622 1.1311235917988465
63160.0017 lsst_hardware_y 19.850203412121804 55.04999923706055 30.020000457763672 AB 3.7899607393394787 1.131219004876971
63160.0197 lsst_hardware_i 15.354188883970103 33.13999938964844 31.25 AB 3.7541025081439408 1.135656703078736
63162.0017 lsst_hardware_y 66.62019036971242 59.41999816894531 30.020000457763672 AB 4.496528916458256 1.1310599714396317
63162.0191 lsst_hardware_r -62.64368595714683 40.79999923706055 31.579999923706055 AB 4.468985273590272 1.1393206561096934
