data/validation/pwv_sim_epoch_fit_epoch/49113852.ecsv
# %ECSV 0.9
# ---
# datatype:
# - {name: time, datatype: float64}
# - {name: band, datatype: string}
# - {name: flux, datatype: float64}
# - {name: fluxerr, datatype: float64}
# - {name: zp, datatype: float64}
# - {name: zpsys, datatype: string}
# - {name: pwv, datatype: float64}
# - {name: airmass, datatype: float64}
# meta: {SNID: '49113852', alt: 1024.0, c: -0.09623531997203827, dec: -28.801123, lat: -30.244573, lon: -70.7499537, ra: 26.71875, t0: 61004.2421875,
#   x0: 2.4263758339524247e-06, x1: -1.1150823831558228, z: 0.8234091997146606}
# schema: astropy-2.0
time band flux fluxerr zp zpsys pwv airmass
[from data line 132]
61307.1809 lsst_hardware_i 40.80352229844351 62.970001220703125 31.309999465942383 AB 4.255051025392195 1.1105444409217031
61309.1723 lsst_hardware_z 9.035003118681313 108.73999786376953 31.739999771118164 AB 3.7851614041884765 1.119925461074553
61311.2122 lsst_hardware_r -90.02122860612184 99.23999786376953 31.65999984741211 AB 3.877927416916352 1.0247771196431672
61311.2327 lsst_hardware_i 3.626000545967643 78.36000061035156 31.34000015258789 AB 3.7831994229126473 1.0060585722981001
61313.0918 lsst_hardware_r -37.144968726481714 24.139999389648438 31.40999984741211 AB 5.765850968248958 1.499863684268442
61313.1112 lsst_hardware_i -2.5536392131023242 46.849998474121094 31.25 AB 5.211990593967591 1.351219286789187
61315.0735 lsst_hardware_i -66.5545982204321 34.40999984741211 31.15999984741211 AB 7.911321743032304 1.627007042268854
61315.0931 lsst_hardware_z 44.34620574341667 46.040000915527344 30.90999984741211 AB 6.560472143965308 1.4428662022577485
61317.0945 lsst_hardware_u 0.05746085917443109 2.490000009536743 28.15999984741211 AB 2.9209074400479906 1.3909083047847575
61317.115 lsst_hardware_g -1.9890215014563482 13.899999618530273 31.350000381469727 AB 2.6554726646918607 1.2645107927104098
61319.0979 lsst_hardware_r 2.4026022021654736 23.780000686645508 31.450000762939453 AB 4.572615566077662 1.3314419778931366
61319.1163 lsst_hardware_i -21.31656974914548 31.969999313354492 31.229999542236328 AB 4.208058968665698 1.230666495028062
61321.0912 lsst_hardware_z 23.125750036631057 45.599998474121094 30.920000076293945 AB 12.162830130479362 1.339285197751423
61321.1108 lsst_hardware_u -2.5333977923707818 2.6600000858306885 28.34000015258789 AB 11.868818906873402 1.2308541553881092
61323.0992 lsst_hardware_z -1.4090316226996316 44.58000183105469 30.93000030517578 AB 3.9715035349121535 1.261462213312489
61323.1182 lsst_hardware_r -20.090641167383204 23.34000015258789 31.479999542236328 AB 3.7284382809134278 1.1751749151859165
61325.0978 lsst_hardware_u -1.5093878792255933 2.630000114440918 28.31999969482422 AB 7.1638465202487165 1.2409047482279054
61325.1183 lsst_hardware_r 31.056436026634557 23.18000030517578 31.479999542236328 AB 6.690181893725706 1.1542590934209251
61326.0968 lsst_hardware_i 2.791021987840167 32.08000183105469 31.219999313354492 AB 6.446267237207412 1.232516599956804
61326.1152 lsst_hardware_z 77.33579271245746 42.720001220703125 30.93000030517578 AB 6.030471650186443 1.1555948357165242
61328.1015 lsst_hardware_r 29.91895102348338 23.459999084472656 31.469999313354492 AB 7.361968925711319 1.1874143428566644
61328.1195 lsst_hardware_u 1.1677858209187635 2.7200000286102295 28.420000076293945 AB 6.961229992582326 1.1227790310616654
61330.0958 lsst_hardware_g -20.810726251607424 19.350000381469727 31.489999771118164 AB 8.194111695796332 1.1883992258922966
61330.1152 lsst_hardware_r 24.519621789114986 25.889999389648438 31.520000457763672 AB 7.712144558909616 1.119202490136705
61332.0994 lsst_hardware_i -9.819041603823715 36.63999938964844 31.260000228881836 AB 4.850060536493539 1.15349465748224
61332.1176 lsst_hardware_z -23.377492316425926 44.13999938964844 30.950000762939453 AB 4.626159416314805 1.096679434922514
61334.1022 lsst_hardware_r 14.62567132325452 51.439998626708984 31.6200008392334 AB 2.940772882381724 1.1256546918209784
61334.1215 lsst_hardware_z -87.85410957020052 49.0 30.969999313354492 AB 2.88900903513133 1.0734822239224635
61337.1052 lsst_hardware_r -57.45637172425817 93.55000305175781 31.639999389648438 AB 3.3894036268658905 1.0933560086664162
61337.1239 lsst_hardware_i 55.429970728554125 74.19999694824219 31.329999923706055 AB 3.259911346111209 1.051584305197164
61343.109 lsst_hardware_r 17.66631140748617 22.739999771118164 31.520000457763672 AB 6.293190874587531 1.0488651457645886
61348.0921 lsst_hardware_i 24.757149844831883 43.04999923706055 32.0099983215332 AB 4.711582637348751 1.0549303414160194
61348.0974 lsst_hardware_z -18.3530444014347 41.0099983215332 30.959999084472656 AB 4.653480116843423 1.0452365260108107
61355.0098 lsst_hardware_y 66.20929946516893 73.44000244140625 29.989999771118164 AB 8.31212095506431 1.2721985034017613
61355.0272 lsst_hardware_r 3.492733352178726 23.270000457763672 31.469999313354492 AB 8.572522133113994 1.1898018227777922
61358.0123 lsst_hardware_y -98.22687699429592 73.33000183105469 30.0 AB 7.429132938932189 1.2190564100531418
61358.0287 lsst_hardware_z 33.71179775258612 43.56999969482422 30.940000534057617 AB 7.033307436868592 1.1524501842346295
61360.0142 lsst_hardware_y -85.15932085373507 71.33999633789062 30.020000457763672 AB 7.685552622075369 1.1871107152130833
61360.0319 lsst_hardware_z 21.921259498754804 43.11000061035156 30.950000762939453 AB 7.381287812389136 1.1234836852951502
61363.0252 lsst_hardware_z 151.0661424548148 79.37999725341797 31.719999313354492 AB 6.415677110317036 1.1188833467591621
61365.0196 lsst_hardware_y -97.30398913848897 66.48999786376953 30.040000915527344 AB 5.106559435942144 1.1193072356713896
61365.0372 lsst_hardware_z 85.98956123411294 58.22999954223633 30.979999542236328 AB 4.924229644660968 1.072700064189297
61373.0265 lsst_hardware_y -26.22129463664495 57.470001220703125 30.049999237060547 AB 6.474032646390007 1.0499282611655363
61373.042 lsst_hardware_i -18.98547004302772 30.100000381469727 31.25 AB 5.501040937613678 1.02593079776458
