data/validation/pwv_sim_epoch_fit_epoch/49162801.ecsv
# %ECSV 0.9
# ---
# datatype:
# - {name: time, datatype: float64}
# - {name: band, datatype: string}
# - {name: flux, datatype: float64}
# - {name: fluxerr, datatype: float64}
# - {name: zp, datatype: float64}
# - {name: zpsys, datatype: string}
# - {name: pwv, datatype: float64}
# - {name: airmass, datatype: float64}
# meta: {SNID: '49162801', alt: 1024.0, c: -0.06721791625022888, dec: -31.213543, lat: -30.244573, lon: -70.7499537, ra: 91.054688, t0: 61066.1484375,
#   x0: 9.834933298728519e-06, x1: 1.108019232749939, z: 0.46306112408638}
# schema: astropy-2.0
time band flux fluxerr zp zpsys pwv airmass
60932.3349 lsst_hardware_r 2.9050126227929 34.59000015258789 31.530000686645508 AB 1.9563438555268846 1.3225986628912298
60932.3518 lsst_hardware_i -28.91838215694151 37.06999969482422 31.25 AB 1.810275840641465 1.2321786776912977
60938.3118 lsst_hardware_r -40.432249140702126 23.200000762939453 31.420000076293945 AB 8.92803545304749 1.3653170056911794
60938.3282 lsst_hardware_i 1.6995961821197547 31.8700008392334 31.209999084472656 AB 8.31435591230723 1.2680766515976425
60940.3401 lsst_hardware_i 19.135366233288686 31.399999618530273 31.219999313354492 AB 1.849376157583512 1.1877817325520308
60940.3573 lsst_hardware_u -0.7372145728322146 2.5199999809265137 28.290000915527344 AB 1.7598123102042307 1.1262798785309314
60943.3169 lsst_hardware_r 15.015852802639932 22.979999542236328 31.459999084472656 AB 7.761901618013774 1.2559711356009344
60943.3321 lsst_hardware_i -31.912138681408095 31.389999389648438 31.229999542236328 AB 7.299724150384145 1.1870113529813233
60947.2693 lsst_hardware_z -102.56869308536014 47.0 30.899999618530273 AB 6.85860529438508 1.5030912326067187
60947.2877 lsst_hardware_r 30.13735949059411 23.229999542236328 31.420000076293945 AB 6.174785523212337 1.3621852025617334
60952.2827 lsst_hardware_i -12.339256340388664 50.529998779296875 31.260000228881836 AB 3.5635947590563752 1.3083413525677374
60952.3031 lsst_hardware_z -39.13452639178987 51.279998779296875 30.950000762939453 AB 3.167854341267554 1.2055387085025415
60955.2657 lsst_hardware_r 125.58493497287876 87.2699966430664 31.56999969482422 AB 5.998279608955074 1.3632453656716077
60955.285 lsst_hardware_z 5.881005985751785 61.380001068115234 30.959999084472656 AB 5.507222660356627 1.251641513717415
60961.244 lsst_hardware_z 52.532552840531665 47.849998474121094 30.90999984741211 AB 8.14460441635334 1.4000781153214124
60961.2617 lsst_hardware_r 34.38339998189706 31.489999771118164 31.510000228881836 AB 7.146538407896221 1.2880513802156002
60968.2473 lsst_hardware_r 45.47167824880299 22.520000457763672 31.440000534057617 AB 1.4146195857002193 1.2628652751379406
60968.2656 lsst_hardware_u -0.32291089248414984 2.5899999141693115 28.350000381469727 AB 1.4203438153808394 1.180014247062453
60970.316 lsst_hardware_i -24.2000855302643 29.610000610351562 31.25 AB 2.5642479021731654 1.0347358539941485
60970.3362 lsst_hardware_r -10.331296268174517 21.40999984741211 31.489999771118164 AB 3.2322201593779973 1.0115175880176286
60976.2428 lsst_hardware_r -44.78567693388868 22.25 31.469999313354492 AB 3.133382123322222 1.1838229796570323
60976.2597 lsst_hardware_i 25.949246107823054 30.440000534057617 31.239999771118164 AB 2.486075841878145 1.1241581921223125
60979.2291 lsst_hardware_z -48.49107521993253 45.900001525878906 30.940000534057617 AB 4.59563494682309 1.2067840903732565
60979.2443 lsst_hardware_r 14.453014133948486 32.95000076293945 31.559999465942383 AB 4.379520214031011 1.14774820521025
60981.1691 lsst_hardware_y 143.12389251045988 76.0199966430664 30.639999389648438 AB 5.53741437605286 1.5720125978856982
60982.1835 lsst_hardware_r -22.04732971947914 64.58999633789062 31.549999237060547 AB 5.222692817276648 1.4234649270307342
60982.2013 lsst_hardware_i -48.32004638395481 53.2599983215332 31.270000457763672 AB 4.7804423339233315 1.3054184418139052
60991.2044 lsst_hardware_z -33.9117309285247 42.61000061035156 30.93000030517578 AB 3.9850734047895426 1.173806599348908
60991.2222 lsst_hardware_r 0.7584407138924892 21.809999465942383 31.459999084472656 AB 7.594976073514174 1.1137689463787976
60995.2095 lsst_hardware_i -46.54633748342489 30.329999923706055 31.239999771118164 AB 8.303371916528377 1.119052818938947
60995.2288 lsst_hardware_z -76.95264404995281 40.959999084472656 30.950000762939453 AB 8.109117738593975 1.0692402081477645
61001.2098 lsst_hardware_i 3.173208067784329 30.020000457763672 31.25 AB 3.288479582362316 1.0750764177065995
61001.2279 lsst_hardware_z 53.49605265944228 40.599998474121094 30.950000762939453 AB 3.2129797585018984 1.0400797707586398
61004.2332 lsst_hardware_g 4.324572724187853 12.880000114440918 31.399999618530273 AB 6.348673061811846 1.021562925629471
61004.2522 lsst_hardware_r 12.42225582638613 21.40999984741211 31.489999771118164 AB 6.5476956923928755 1.0054043289662764
61006.2382 lsst_hardware_i -68.16090382235059 29.520000457763672 31.25 AB 3.829391955714662 1.01128308689645
61009.1873 lsst_hardware_i 16.08673126775437 38.779998779296875 31.280000686645508 AB 4.828130648879589 1.0765862900727492
61009.2043 lsst_hardware_z 1.3808264503158436 44.369998931884766 30.959999084472656 AB 4.650518120788591 1.0429509129375623
61013.1516 lsst_hardware_r 106.34044102698658 85.55000305175781 31.6299991607666 AB 3.679612385211375 1.1473093754231798
61013.1727 lsst_hardware_y 100.45884303906719 53.369998931884766 30.040000915527344 AB 3.9750187188997033 1.085354038244033
61015.1426 lsst_hardware_g -46.52422098065492 89.19000244140625 31.690000534057617 AB 6.251618295219316 1.1598549712837323
61015.1654 lsst_hardware_r -97.44462182200311 83.37999725341797 31.649999618530273 AB 5.8911783398501765 1.0899497391027153
61017.1607 lsst_hardware_r -17.150819550909528 70.01000213623047 32.369998931884766 AB 4.025717680020349 1.088031805410905
61017.1823 lsst_hardware_g 19.295801148747294 55.52000045776367 31.709999084472656 AB 4.655341543583789 1.0432137912792803
61020.1563 lsst_hardware_r 20.254905946823623 21.81999969482422 31.469999313354492 AB 10.347117295102551 1.0788361271090254
61020.1787 lsst_hardware_i -35.55267522502391 29.709999084472656 31.25 AB 10.46277814422596 1.035918628141184
61022.1535 lsst_hardware_z -4.694413056010031 41.099998474121094 30.950000762939453 AB 11.073130725920183 1.0727352400219765
61022.1736 lsst_hardware_i 0.019839652048495575 29.809999465942383 31.260000228881836 AB 11.486986078129693 1.035376635101168
61024.1546 lsst_hardware_u 1.4022637289379434 2.5399999618530273 28.350000381469727 AB 8.337093712737163 1.0588883865480154
61024.1746 lsst_hardware_g 11.303441819939751 12.930000305175781 31.389999389648438 AB 8.180489487057228 1.0264125829137367
61026.1327 lsst_hardware_g -6.964873377883859 13.010000228881836 31.3700008392334 AB 10.301889905328967 1.0968695165604685
61026.1545 lsst_hardware_r 42.07542979916383 21.670000076293945 31.479999542236328 AB 9.834487019569227 1.0487882072698218
61028.1339 lsst_hardware_i 17.68141890245821 30.1200008392334 31.239999771118164 AB 3.9101447289866025 1.0801504776206083
61028.1572 lsst_hardware_z 16.220851367378522 40.54999923706055 30.950000762939453 AB 3.3572960995265273 1.0354035773404864
61030.0328 lsst_hardware_y -3.881282757506813 85.87999725341797 29.889999389648438 AB 7.188579418288012 1.5974620929528915
61030.0564 lsst_hardware_i -52.388772700912554 32.66999816894531 31.200000762939453 AB 6.011455246405114 1.3944456614256842
61032.0538 lsst_hardware_y 51.51117751449113 51.40999984741211 29.920000076293945 AB 6.721805248821049 1.3745086051709594
61032.0778 lsst_hardware_r 13.472932499862472 22.770000457763672 31.440000534057617 AB 6.028881348543463 1.2368416080987734
61036.052 lsst_hardware_y -25.63447589132095 72.54000091552734 30.709999084472656 AB 8.275958468060656 1.3163605007254107
61036.0742 lsst_hardware_z 67.42381989439811 61.959999084472656 31.690000534057617 AB 7.543881019333847 1.2036507410187425
61038.0618 lsst_hardware_y -68.02605883723004 71.57631425235773 30.739999771118164 AB 10.131466666694395 1.2350175738032743
61040.0534 lsst_hardware_z -2.700487707106199 53.94679269144164 30.950000762939453 AB 9.39794984689301 1.2492982038829314
61040.0769 lsst_hardware_r 54.66671085920651 57.281360967650734 31.610000610351562 AB 8.636884594428292 1.1507151833408036
61042.0523 lsst_hardware_y -96.12646655702673 56.95672476868079 29.989999771118164 AB 8.441060594700922 1.228326629030984
61042.076 lsst_hardware_z 78.95027350096616 62.25598515652856 30.969999313354492 AB 7.959119089449599 1.1352870515570939
61045.0536 lsst_hardware_y 118.97234523683657 51.21426250255475 30.0 AB 12.691669684476297 1.187080361453146
61045.0781 lsst_hardware_i 436.1820429893777 54.849377884292224 31.299999237060547 AB 11.655967067734753 1.1042553235502586
61048.0508 lsst_hardware_y 178.39696888562764 51.73046392498001 30.010000228881836 AB 9.824191800135747 1.1661107807514464
61048.0735 lsst_hardware_r 1242.0712386279893 40.384741658606266 31.479999542236328 AB 9.016596035574693 1.0945791848952586
61056.0434 lsst_hardware_z 1349.5364353240045 59.99103502615628 30.950000762939453 AB 3.7266758362425016 1.117695384641974
61056.0587 lsst_hardware_i 1893.9540685086242 52.41568883246056 31.239999771118164 AB 3.598702520647613 1.0772139551440882
61058.0438 lsst_hardware_y 540.1934105448123 56.71967237016528 30.030000686645508 AB 4.293774908675909 1.100967925301515
61058.0604 lsst_hardware_r 3217.3700261828344 60.188354656887455 31.469999313354492 AB 4.1403652548933385 1.0616321166393177
61060.0383 lsst_hardware_y 392.83504257098997 66.8443041583028 30.040000915527344 AB 9.807447893702069 1.10107380502989
61060.0555 lsst_hardware_r 3289.674982448722 62.18165144611632 31.479999542236328 AB 8.76455537680647 1.0604957350307802
61064.0379 lsst_hardware_y 645.3211219139615 63.10891139523629 30.049999237060547 AB 15.746572349835228 1.074814671842956
61064.055 lsst_hardware_u 18.290819450371053 4.485266467235492 28.520000457763672 AB 13.538624062558862 1.0415127365611863
61066.0371 lsst_hardware_y 648.8624949439305 64.78157016926515 30.049999237060547 AB 11.570382900628955 1.0646366967568721
61066.0544 lsst_hardware_r 3723.02393542509 68.0964111726903 31.549999237060547 AB 12.314766311327038 1.0339854165681788
61070.0368 lsst_hardware_y 646.3157951767754 60.94052584458077 30.059999465942383 AB 11.297808592418262 1.0445378649774575
61070.0529 lsst_hardware_z 1927.7012428097692 66.85745446593295 30.969999313354492 AB 11.416320802554745 1.0216708899295768
61299.3299 lsst_hardware_i 50.29153258998913 32.29999923706055 31.209999084472656 AB 3.495714927491709 1.3239672746465254
61299.3467 lsst_hardware_z 87.443620631097 43.47999954223633 30.93000030517578 AB 5.1501612830145795 1.2337193156100603
61303.3088 lsst_hardware_z -48.251527894568014 45.779998779296875 30.90999984741211 AB 9.178235173048407 1.390641692886122
61303.3251 lsst_hardware_i 38.50554722317871 32.25 31.209999084472656 AB 8.400888761963763 1.2884798714668348
61305.3239 lsst_hardware_z -16.81674504001077 68.56999969482422 31.690000534057617 AB 2.4156111753311813 1.2656013842117173
61307.315 lsst_hardware_r -58.60959437769222 65.02999877929688 31.579999923706055 AB 5.768846536091776 1.2839631729563112
61307.332 lsst_hardware_i 9.306985497446743 52.11000061035156 31.280000686645508 AB 5.219429407303044 1.2016183118647172
61309.3167 lsst_hardware_z 29.74195988153569 83.77999877929688 31.709999084472656 AB 4.300078971035756 1.246761081773122
61311.2843 lsst_hardware_z -19.605916409960656 60.86000061035156 30.93000030517578 AB 4.801233714450062 1.4098124299165766
61311.3051 lsst_hardware_r 124.48600313581579 75.94000244140625 31.59000015258789 AB 4.811123611452706 1.2784208002088677
61315.2798 lsst_hardware_i 84.50021430334147 43.380001068115234 31.239999771118164 AB 4.961801319001706 1.3648195073584668
61315.2978 lsst_hardware_z 5.481352077254417 48.7599983215332 30.940000534057617 AB 3.9962096312192976 1.259408975881323
61317.2704 lsst_hardware_r 6.705168842869341 25.280000686645508 31.440000534057617 AB 3.8256641956872386 1.3919098401625636
61317.2888 lsst_hardware_u -2.121172248734364 2.9000000953674316 28.329999923706055 AB 3.490183455931763 1.2779873511284374
61321.2922 lsst_hardware_z 24.265338664827663 42.9900016784668 30.93000030517578 AB 4.159417329292826 1.208430368765638
61321.3124 lsst_hardware_u 3.321848653887734 2.609999895095825 28.3799991607666 AB 4.005031816383055 1.1323245169300675
61326.2518 lsst_hardware_i -98.5033679907032 32.209999084472656 31.200000762939453 AB 7.526565533715964 1.3514706928713387
61326.2697 lsst_hardware_z -41.57932890418524 43.4900016784668 30.93000030517578 AB 6.991104422388012 1.2496760571509287
61328.271 lsst_hardware_u -5.6009549085735895 2.569999933242798 28.31999969482422 AB 7.737206377859375 1.217690648073556
61328.2896 lsst_hardware_g 18.96697694143771 12.989999771118164 31.360000610351562 AB 7.269028368836589 1.1445486331028367
61334.2523 lsst_hardware_r 29.54395292135929 41.619998931884766 31.56999969482422 AB 2.4314373840385364 1.2283088578117753
61334.2712 lsst_hardware_z -87.5035618930146 45.7599983215332 30.950000762939453 AB 2.280333458086299 1.1515381684565986
61337.2406 lsst_hardware_r -44.43312397197779 69.12999725341797 31.600000381469727 AB 2.1583466948835945 1.245080297021006
61337.2579 lsst_hardware_i 101.59298156848698 55.0099983215332 31.299999237060547 AB 3.472790332584379 1.1702090304115313
61340.2418 lsst_hardware_z -86.19317617799565 61.650001525878906 30.969999313354492 AB 3.765809417733632 1.2020778605805225
61340.2601 lsst_hardware_i -80.87021358557811 65.12000274658203 31.309999465942383 AB 3.7200764174984866 1.133708782252688
61342.2519 lsst_hardware_z -73.1516050576711 53.61000061035156 30.969999313354492 AB 2.984176743020747 1.142778941672484
61348.1708 lsst_hardware_r 63.42864453786715 33.060001373291016 32.15999984741211 AB 6.980739565947797 1.5110916154010674
61348.186 lsst_hardware_i -28.855346725175902 32.61000061035156 31.209999084472656 AB 6.464714774829017 1.3902612418987135
61360.2049 lsst_hardware_r 14.414254527783852 22.010000228881836 31.459999084472656 AB 6.268989820930018 1.1356522727447875
61360.2225 lsst_hardware_z -83.39886185575516 41.29999923706055 30.940000534057617 AB 8.349121014966817 1.0854291491116508
61363.2068 lsst_hardware_i -13.175232614850126 37.220001220703125 31.270000457763672 AB 5.880642481860865 1.10512426250626
61363.2227 lsst_hardware_z -8.722727555309202 43.47999954223633 30.950000762939453 AB 5.6604867680749855 1.0662225692137415
61365.2044 lsst_hardware_r -45.78435217982403 51.25 31.6200008392334 AB 3.48234061212733 1.0968001927960094
61365.2206 lsst_hardware_z -43.980542417085104 47.869998931884766 30.959999084472656 AB 3.469864136000403 1.0593118180477656
61367.213 lsst_hardware_r -19.4316732872804 74.30000305175781 31.649999618530273 AB 6.580343081749552 1.0636616959103777
61367.23 lsst_hardware_i 30.08121715584902 58.79999923706055 31.31999969482422 AB 6.408491194488977 1.03373876672045
61369.2148 lsst_hardware_z -77.64219234886096 61.16999816894531 30.979999542236328 AB 6.52903821881266 1.049600228086612
61369.2317 lsst_hardware_i 81.82924397723131 67.19999694824219 31.329999923706055 AB 6.375863594183106 1.0241528542579883
61371.2336 lsst_hardware_g -138.12746324467514 68.06999969482422 31.739999771118164 AB 3.8592000635254875 1.0160468804121325
61371.2516 lsst_hardware_r -51.89868912529868 65.29000091552734 31.65999984741211 AB 4.407470579724393 1.0033320741490441
61375.2049 lsst_hardware_z -54.20586100576828 40.849998474121094 30.950000762939453 AB 8.029212788266332 1.0386744009917315
61375.2209 lsst_hardware_u 0.09380070501352843 3.259999990463257 28.6299991607666 AB 7.750907143839837 1.0178472940038628
61378.1473 lsst_hardware_i 4.515456514136266 30.8700008392334 31.229999542236328 AB 3.752074906250236 1.165180344573373
61378.1685 lsst_hardware_z 56.95302352850383 41.529998779296875 30.950000762939453 AB 4.04587958321802 1.097882388824934
61380.1464 lsst_hardware_r 18.323083430350973 22.200000762939453 31.469999313354492 AB 6.125309476665381 1.1487827225553977
61380.1682 lsst_hardware_u 1.193392280034562 2.680000066757202 28.459999084472656 AB 5.640341514123854 1.0846810604084334
61382.1325 lsst_hardware_i 7.343987628981627 31.149999618530273 31.229999542236328 AB 4.36614732471504 1.1800398174905513
61382.155 lsst_hardware_z 18.223101477304628 41.77000045776367 30.940000534057617 AB 4.088187197692873 1.1049154588359116
61384.1328 lsst_hardware_r 14.784127388435861 22.399999618530273 31.469999313354492 AB 8.691320711154031 1.1582764929795253
61384.1545 lsst_hardware_u -2.9047273607907593 2.640000104904175 28.40999984741211 AB 8.178619576681536 1.091647033726907
61386.15 lsst_hardware_r -23.309853749093797 22.06999969482422 31.479999542236328 AB 12.743658355509318 1.0892015688469503
61386.1719 lsst_hardware_i -13.83546621082426 29.889999389648438 31.25 AB 13.25232502076393 1.04349015911527
61391.1542 lsst_hardware_g 1.5089953813147021 21.030000686645508 31.579999923706055 AB 9.849591588971888 1.0505670725798086
61391.1765 lsst_hardware_r -6.661671693732495 25.100000381469727 31.530000686645508 AB 8.673800964571521 1.0185997120405597
61393.1339 lsst_hardware_r -31.03664305631046 40.63999938964844 31.610000610351562 AB 3.916068784969565 1.081786957173913
61393.1551 lsst_hardware_i 12.764146407996728 38.880001068115234 31.290000915527344 AB 3.612993601108577 1.0397103888082235
61395.0513 lsst_hardware_y -140.74747306030943 54.709999084472656 29.940000534057617 AB 6.364850733527406 1.4375180456662908
61395.0728 lsst_hardware_z 98.43891742566095 54.4900016784668 30.950000762939453 AB 5.582440261524592 1.294754114658311
61404.0514 lsst_hardware_y 23.95672065627085 50.68000030517578 29.979999542236328 AB 10.609999305975759 1.2772872358720562
61404.0733 lsst_hardware_z -46.82019128449715 42.599998474121094 30.940000534057617 AB 10.064070054892072 1.1766369572843156
61406.0525 lsst_hardware_y 36.22143055143781 50.290000915527344 29.989999771118164 AB 8.569075742806307 1.2436650048048536
61406.0761 lsst_hardware_u 2.5033525545733504 2.619999885559082 28.3799991607666 AB 7.899120248240466 1.1463991797602404
61410.0513 lsst_hardware_y 63.23308248964302 50.9900016784668 29.989999771118164 AB 12.759644336009584 1.1994401519091555
61410.0731 lsst_hardware_z 47.42766929338569 42.130001068115234 30.940000534057617 AB 11.832590636666636 1.120775812139866
61412.0398 lsst_hardware_y 169.27253415552042 68.73999786376953 30.0 AB 12.047665954856488 1.2261631423191173
61412.0634 lsst_hardware_u 5.267765806709697 2.7100000381469727 28.40999984741211 AB 11.00724324496418 1.1340950719897154
61414.0474 lsst_hardware_y -41.384804263161946 51.77000045776367 30.010000228881836 AB 9.987141841820538 1.1712260161431336
61414.0643 lsst_hardware_i -10.303158846920757 30.6299991607666 31.239999771118164 AB 9.463871429548963 1.1144345925576493
61419.0459 lsst_hardware_y 11.916991312480501 52.91999816894531 30.030000686645508 AB 7.505914910360336 1.128921212312147
61419.0627 lsst_hardware_g -0.2543951714978071 16.950000762939453 31.489999771118164 AB 7.097372183256303 1.0822877028334874
61421.0455 lsst_hardware_z -76.21229029644202 46.119998931884766 30.950000762939453 AB 3.7645184601616184 1.1135157761329937
61421.0633 lsst_hardware_i 35.36142044547911 34.2400016784668 31.260000228881836 AB 3.621237466647475 1.068448024385175
61423.0389 lsst_hardware_y 168.09458497154915 62.72999954223633 30.040000915527344 AB 8.14574810169211 1.1168758823161218
61423.0563 lsst_hardware_r 82.62929034113974 47.16999816894531 31.6200008392334 AB 4.18010608599561 1.0718220733322077
61427.0382 lsst_hardware_y -120.6237708510764 67.06999969482422 30.049999237060547 AB 9.980917561480398 1.0888273703433162
61427.0551 lsst_hardware_z 8.225581657748789 62.58000183105469 30.979999542236328 AB 11.362061499934436 1.0520427314754106
61429.0429 lsst_hardware_y -0.3418436810051076 54.15999984741211 30.040000915527344 AB 13.795956402219895 1.065365952524803
61429.0621 lsst_hardware_u 1.975478028976325 10.260000228881836 29.280000686645508 AB 13.37280189872404 1.0317524851942552
61431.0391 lsst_hardware_y 0.7143068027145573 55.93000030517578 30.059999465942383 AB 11.461498594168122 1.061921764774143
61431.0555 lsst_hardware_r -19.978360547975324 21.68000030517578 31.5 AB 12.311892649170845 1.033382610268239
61433.0462 lsst_hardware_z 1.093865010244355 60.9900016784668 31.709999084472656 AB 12.136864988376889 1.0392041260704588
61435.0369 lsst_hardware_y 90.42422846487284 53.91999816894531 30.059999465942383 AB 11.296708151084646 1.045539719048988
61435.0537 lsst_hardware_g -1.4465920286101317 13.149999618530273 31.43000030517578 AB 11.455129581150153 1.0215405049961863
