data/validation/pwv_sim_epoch_fit_epoch/49224477.ecsv
# %ECSV 0.9
# ---
# datatype:
# - {name: time, datatype: float64}
# - {name: band, datatype: string}
# - {name: flux, datatype: float64}
# - {name: fluxerr, datatype: float64}
# - {name: zp, datatype: float64}
# - {name: zpsys, datatype: string}
# - {name: pwv, datatype: float64}
# - {name: airmass, datatype: float64}
# meta: {SNID: '49224477', alt: 1024.0, c: 0.0211904626339674, dec: -32.442867, lat: -30.244573, lon: -70.7499537, ra: 219.550781, t0: 62482.484375,
#   x0: 4.05696273490162e-05, x1: -0.638046145439148, z: 0.25258851051330566}
# schema: astropy-2.0
time band flux fluxerr zp zpsys pwv airmass
62533.3129 lsst_hardware_r 1215.41392022787 43.06031118902701 31.469999313354492 AB 12.825108669459492 1.295727285255556
62533.3302 lsst_hardware_i 1631.6433525750451 51.97572308023197 31.239999771118164 AB 11.86378463058997 1.2102197929807172
62535.3226 lsst_hardware_z 983.4933819274494 53.531382638890946 30.93000030517578 AB 11.479505434958297 1.2196669607903092
62535.3424 lsst_hardware_r 1161.5235001015412 42.407170499958845 31.5 AB 12.158157550277819 1.1426481830404212
62537.3177 lsst_hardware_u 6.85633129556551 3.504251631471092 28.25 AB 7.953366568942232 1.2171657249822416
62537.3373 lsst_hardware_r 1088.516639413595 41.60275698654737 31.489999771118164 AB 7.869330014955987 1.141447602797919
62539.3138 lsst_hardware_i 1403.8902270932294 49.60298688268369 31.229999542236328 AB 4.469658759479258 1.210305648383189
62539.3333 lsst_hardware_z 839.5588356088463 51.19085457905015 30.93000030517578 AB 4.142223969085422 1.1366464894245516
62541.3173 lsst_hardware_r 975.9991261094349 40.58816527696499 31.479999542236328 AB 6.414250750843727 1.1738037790911833
62541.3346 lsst_hardware_u 1.3567192224854228 3.0834737549139746 28.399999618530273 AB 7.379269680525307 1.1157748089954223
62543.3276 lsst_hardware_r 1033.0999533598642 40.50037355456806 31.510000228881836 AB 4.272968968533082 1.120337957140294
62543.347 lsst_hardware_i 1282.9899952657615 48.201747313604756 31.25 AB 4.742068619043758 1.0704443835313318
62546.315 lsst_hardware_z -58.079614770874784 43.11000061035156 30.940000534057617 AB 2.8441435123439076 1.1340285136937898
62546.3333 lsst_hardware_u -0.09271511646349472 2.7300000190734863 28.399999618530273 AB 2.7501106460314024 1.0830049800596229
62552.3004 lsst_hardware_z -51.9749767073581 63.59000015258789 30.979999542236328 AB 4.099435966775458 1.1283886503648384
62552.3185 lsst_hardware_i -30.11987558870319 68.37000274658203 31.31999969482422 AB 3.911664080098039 1.0792782341850562
62557.3072 lsst_hardware_z -1.9525384596776503 65.29000091552734 31.709999084472656 AB 9.665296170420865 1.0739217967134294
62561.3027 lsst_hardware_i -48.13814609160208 31.31999969482422 31.25 AB 4.3672087190733 1.0603881799376715
62561.3234 lsst_hardware_z -27.36760897545896 41.20000076293945 30.940000534057617 AB 4.256019204635307 1.0269077583870931
62563.2208 lsst_hardware_g -12.325184843758956 14.6899995803833 31.34000015258789 AB 7.064269361833222 1.3572300603915957
62563.2412 lsst_hardware_i -3.8219783784209027 32.439998626708984 31.219999313354492 AB 6.486293656028066 1.2427238655714528
62566.2214 lsst_hardware_z -14.998703715509473 45.189998626708984 30.920000076293945 AB 10.314729046114639 1.303681628679825
62566.2436 lsst_hardware_r 17.72706798585886 24.139999389648438 31.469999313354492 AB 9.335875234881726 1.1954255710719857
62568.2211 lsst_hardware_u -2.1796605370083917 2.5899999141693115 28.25 AB 13.771142663659454 1.2753124500413882
62568.2434 lsst_hardware_g 0.1465704779605154 14.520000457763672 31.389999389648438 AB 12.659109108142943 1.1745232168498985
62571.2158 lsst_hardware_r 26.86579628319229 24.1299991607666 31.469999313354492 AB 10.741686997147104 1.2603299336667342
62571.2364 lsst_hardware_i -32.07573093591441 31.959999084472656 31.239999771118164 AB 10.105028043411464 1.1700148255590446
62575.2186 lsst_hardware_z -110.53180309245349 47.689998626708984 30.940000534057617 AB 11.116632862092821 1.1972034744593867
62575.2412 lsst_hardware_r -70.14630859041132 36.900001525878906 31.579999923706055 AB 10.262330795096936 1.11747490554766
62578.2534 lsst_hardware_i 27.932293549702774 61.9900016784668 31.31999969482422 AB 6.727881037009038 1.0662815315667378
62578.2712 lsst_hardware_z 9.727850948727143 57.27000045776367 30.979999542236328 AB 6.540890130403833 1.0347872378427199
62580.2464 lsst_hardware_z -15.264759344973491 106.5 31.739999771118164 AB 5.330652413684231 1.0695530525048782
62580.2645 lsst_hardware_r 154.45055022666511 157.88999938964844 32.40999984741211 AB 5.158566832284827 1.0366200346208374
62582.2479 lsst_hardware_i 4.111288412090253 92.0199966430664 31.34000015258789 AB 6.10683114929803 1.0554799624309088
62582.2663 lsst_hardware_r 163.8698718680674 114.31999969482422 31.670000076293945 AB 5.411290631287203 1.026615562756062
62584.1713 lsst_hardware_r -40.81571873361659 76.0 31.579999923706055 AB 7.76347843402598 1.3091869197345665
62584.1897 lsst_hardware_i -58.73645408635254 64.80999755859375 31.290000915527344 AB 7.182187199337715 1.2157743883770993
62589.1825 lsst_hardware_r 4.419367475223761 23.790000915527344 31.479999542236328 AB 7.8410726483990185 1.1885215210790752
62589.2003 lsst_hardware_i 12.71309730130141 31.459999084472656 31.239999771118164 AB 7.369571003521495 1.1255549451731952
62591.1751 lsst_hardware_z 15.400038767305501 43.4900016784668 30.93000030517578 AB 5.5921925001510076 1.1964468335796374
62591.1938 lsst_hardware_i -6.211355157001161 31.59000015258789 31.229999542236328 AB 5.347047648473509 1.1287835441151592
62594.1606 lsst_hardware_r 27.723458270448123 23.809999465942383 31.459999084472656 AB 7.622999072282118 1.2238409106613877
62594.1795 lsst_hardware_u -1.3042094241895936 2.619999885559082 28.31999969482422 AB 7.3341639625929504 1.1488352071730812
62596.1774 lsst_hardware_r 36.80426348250799 23.829999923706055 31.489999771118164 AB 8.405825113160507 1.1375748706784228
62596.1969 lsst_hardware_i 40.806546855902546 31.25 31.239999771118164 AB 8.006613935784499 1.082755220309844
62598.1768 lsst_hardware_z 14.786940988064222 42.38999938964844 30.940000534057617 AB 11.403780310183391 1.122281245927754
62598.1972 lsst_hardware_u 1.8525058203894809 2.7100000381469727 28.420000076293945 AB 10.980766571912698 1.0696767397508837
62602.1661 lsst_hardware_i 67.72821381519297 33.63999938964844 31.260000228881836 AB 3.2606238342637544 1.1216134731593823
62602.185 lsst_hardware_z 16.546505379482905 41.91999816894531 30.950000762939453 AB 3.5384278234946653 1.0724675157086276
62604.1624 lsst_hardware_i 9.240072751965625 40.63999938964844 31.280000686645508 AB 9.441245179446025 1.1163713076154338
62604.1808 lsst_hardware_z 90.53167110896713 45.869998931884766 30.959999084472656 AB 10.418154556830077 1.0697172472145198
62606.1767 lsst_hardware_r 35.92897880165309 63.58000183105469 31.639999389648438 AB 10.561497785426736 1.0668179581239128
62606.1951 lsst_hardware_z -48.59760512437351 52.79999923706055 30.979999542236328 AB 10.239446323585835 1.0342875074329125
62608.1641 lsst_hardware_i 96.13740317165129 90.26000213623047 31.329999923706055 AB 15.886774045901062 1.0828445980302446
62608.183 lsst_hardware_r 70.63623712523955 115.06999969482422 31.65999984741211 AB 14.298132184115637 1.044637837203875
62616.1697 lsst_hardware_z 46.5073755098211 41.349998474121094 30.950000762939453 AB 13.012744955072263 1.0315976710105514
62616.1897 lsst_hardware_r 7.168594074795641 23.6299991607666 31.510000228881836 AB 12.74319157208054 1.0103620671619855
62618.156 lsst_hardware_u -2.4062055947046335 2.7300000190734863 28.43000030517578 AB 4.73949487265811 1.0441332563226973
62618.174 lsst_hardware_g 12.050414163858822 14.979999542236328 31.459999084472656 AB 3.5811254803971178 1.0196584592422686
62620.0799 lsst_hardware_r -31.73235955284557 24.729999542236328 31.469999313354492 AB 10.792875347788687 1.2712581019980984
62620.0998 lsst_hardware_u 0.7497754936748985 2.6700000762939453 28.31999969482422 AB 10.416284451605607 1.1808284374635563
62623.0599 lsst_hardware_r -34.88089595550461 24.860000610351562 31.469999313354492 AB 11.245242849309394 1.3387193868225469
62623.0791 lsst_hardware_i 51.1957045648719 32.779998779296875 31.239999771118164 AB 10.370448611739716 1.2345772156832995
62625.0738 lsst_hardware_r -5.441232916018379 24.780000686645508 31.479999542236328 AB 13.49473355107773 1.2338230114968056
62625.0923 lsst_hardware_g 3.9749536789056856 15.300000190734863 31.440000534057617 AB 13.628629014183788 1.1578140356965243
62631.0558 lsst_hardware_i -29.662117628809455 35.33000183105469 31.239999771118164 AB 8.967982927624767 1.241501062867691
62631.0775 lsst_hardware_z -57.038261195585264 44.220001220703125 30.940000534057617 AB 8.302963305505655 1.1522291570227108
62639.0834 lsst_hardware_z 214.76867136373747 125.30999755859375 31.75 AB 9.202053267256389 1.07375183981983
62644.0713 lsst_hardware_i -10.532372740336967 31.440000534057617 31.25 AB 2.097864896816333 1.0703392330694448
62644.0924 lsst_hardware_z 13.117879839847888 41.369998931884766 30.950000762939453 AB 2.6644147615191427 1.032785617230755
62649.0353 lsst_hardware_r 37.575744950519805 34.09000015258789 32.25 AB 7.926349910550798 1.129230318132368
62649.0674 lsst_hardware_u 4.185730009142132 3.9200000762939453 29.219999313354492 AB 7.725244293409145 1.0509940651993992
62652.0533 lsst_hardware_z -32.85311876926347 41.7400016784668 30.950000762939453 AB 9.68143725538053 1.0622890967363083
62652.0807 lsst_hardware_u -3.8287383626863956 2.680000066757202 28.399999618530273 AB 9.325294185836771 1.020161271834238
62654.0522 lsst_hardware_g -5.845078932595412 14.5 31.420000076293945 AB 11.257528704871046 1.0538290386024494
62654.0729 lsst_hardware_r -7.685360486059074 23.239999771118164 31.5 AB 10.82082119607805 1.0227780396109907
62656.9668 lsst_hardware_y 1.3598220901976241 51.43000030517578 29.940000534057617 AB 15.733037293782502 1.3403793140749516
62656.9872 lsst_hardware_i -18.122967298334533 32.7400016784668 31.219999313354492 AB 14.596744149790924 1.2302182143633513
62674.9638 lsst_hardware_y -53.408521560928065 49.470001220703125 30.020000457763672 AB 10.127319636618155 1.1308281129215028
62674.9848 lsst_hardware_r -7.978933777408805 23.399999618530273 31.5 AB 9.167929655969298 1.0744297114248058
62677.9649 lsst_hardware_z 18.29922597410768 43.43000030517578 30.950000762939453 AB 6.970985705241966 1.1034842226036545
62677.9866 lsst_hardware_i 11.983254474214235 30.8799991607666 31.25 AB 6.710358909689279 1.0539554843625998
62679.9638 lsst_hardware_y 146.35436216115363 49.52000045776367 30.030000686645508 AB 6.958523011443489 1.0919898014505038
62679.9837 lsst_hardware_r 2.7081424419836746 23.139999389648438 31.489999771118164 AB 6.755689862794285 1.0493053023405872
62681.9632 lsst_hardware_y 31.060649862327942 49.689998626708984 30.030000686645508 AB 1.7642049186820923 1.0801254604172654
62681.9825 lsst_hardware_r -20.89214092196577 23.440000534057617 31.510000228881836 AB 1.5770237835821663 1.0420862006045994
62685.9632 lsst_hardware_y -113.50041964914944 50.790000915527344 30.049999237060547 AB 8.680642274236185 1.0568963807917366
62685.9835 lsst_hardware_z 28.256040148681883 41.08000183105469 30.950000762939453 AB 8.418288779536887 1.0251828264673797
