data/validation/pwv_sim_epoch_fit_epoch/4945818.ecsv
# %ECSV 0.9
# ---
# datatype:
# - {name: time, datatype: float64}
# - {name: band, datatype: string}
# - {name: flux, datatype: float64}
# - {name: fluxerr, datatype: float64}
# - {name: zp, datatype: float64}
# - {name: zpsys, datatype: string}
# - {name: pwv, datatype: float64}
# - {name: airmass, datatype: float64}
# meta: {SNID: '4945818', alt: 1024.0, c: -0.02679385617375374, dec: -37.732746, lat: -30.244573, lon: -70.7499537, ra: 191.601562, t0: 60814.41796875,
#   x0: 4.078498914419028e-05, x1: 1.1180179119110107, z: 0.25180742144584656}
# schema: astropy-2.0
time band flux fluxerr zp zpsys pwv airmass
60702.3094 lsst_hardware_u -1.2690665090791156 2.759999990463257 28.479999542236328 AB 12.774816545658203 1.0754419586085588
60702.3289 lsst_hardware_g 22.962701314581558 14.130000114440918 31.450000762939453 AB 12.283050960625516 1.0418783330094026
60702.3672 lsst_hardware_r -61.174041431058164 24.149999618530273 31.530000686645508 AB 11.10624565351611 1.010301614983727
60702.3802 lsst_hardware_y -87.38851131704541 68.0 30.079999923706055 AB 10.594921236147549 1.009040117728338
60704.3702 lsst_hardware_z 109.12681457327099 63.0 31.719999313354492 AB 11.642878382192691 1.0089513672959962
60708.3113 lsst_hardware_u -0.7793805902971715 2.799999952316284 28.530000686645508 AB 8.759348859579164 1.0436078863676364
60708.3294 lsst_hardware_r 36.55887664856358 22.860000610351562 31.520000457763672 AB 8.539342286429335 1.0226757229256846
60710.3596 lsst_hardware_i -4.4001611963448335 30.200000762939453 31.260000228881836 AB 8.422151802795891 1.0091646526495857
60710.3731 lsst_hardware_y 61.41537337466154 48.529998779296875 30.059999465942383 AB 8.415130056713368 1.0132606931623562
60715.3497 lsst_hardware_r 16.546626383326416 22.34000015258789 31.510000228881836 AB 6.667853542734041 1.0097963415634965
60715.3633 lsst_hardware_i -20.694780848015615 30.200000762939453 31.260000228881836 AB 6.70503524749639 1.0153631610357574
60717.3485 lsst_hardware_z 63.4805075789242 51.689998626708984 30.979999542236328 AB 4.511522492233607 1.0109854324333012
60717.3601 lsst_hardware_g -12.124400363136912 49.619998931884766 31.719999313354492 AB 4.518627193494458 1.0167927978160347
60719.3586 lsst_hardware_r -84.69548471248108 87.0199966430664 31.65999984741211 AB 5.706468802676306 1.0196495671716799
60719.3696 lsst_hardware_i 24.845271652915812 68.76000213623047 31.329999923706055 AB 5.741984862054549 1.029983233350094
60721.35 lsst_hardware_z 109.92215905604384 63.2599983215332 30.989999771118164 AB 4.17112806092204 1.0173483075419611
60721.3606 lsst_hardware_r -152.82003032614963 86.41000366210938 31.65999984741211 AB 4.134574957038884 1.026267442020201
60723.3525 lsst_hardware_z 1.9405553720227087 84.95999908447266 31.739999771118164 AB 4.290491904213761 1.0237394188054787
60728.3317 lsst_hardware_i 21.989512421258656 31.790000915527344 31.260000228881836 AB 11.322795614820373 1.0179166282932866
60728.3434 lsst_hardware_r -46.169342967137425 26.229999542236328 31.530000686645508 AB 9.597735143553276 1.0282277787238692
60730.2217 lsst_hardware_g 2.5652097477391527 13.710000038146973 31.399999618530273 AB 9.302403596765316 1.101006461920383
60730.2424 lsst_hardware_r -37.496765867823 22.450000762939453 31.489999771118164 AB 8.841930758358329 1.0575839672696805
60730.3332 lsst_hardware_u 1.0143535814251958 2.9000000953674316 28.559999465942383 AB 10.148328976394998 1.023567338931717
60730.3441 lsst_hardware_g 2.71658150197187 14.619999885559082 31.459999084472656 AB 10.391779878239765 1.035295629214409
60737.2801 lsst_hardware_z 7.048335406310293 40.31999969482422 30.940000534057617 AB 5.944441063430278 1.0089574647972184
60737.2928 lsst_hardware_i -33.311343146790236 29.860000610351562 31.25 AB 6.084272982901695 1.010634605357202
60739.2766 lsst_hardware_u 1.5172754195541998 2.640000104904175 28.43000030517578 AB 10.463910794188525 1.0089262834275752
60739.2881 lsst_hardware_g -3.0292694038153325 13.579999923706055 31.40999984741211 AB 10.413042739058955 1.0108768798232166
60741.2759 lsst_hardware_r 7.91556269980099 22.200000762939453 31.5 AB 9.768338925480425 1.0092910092539653
60741.288 lsst_hardware_i 13.051077920151897 29.93000030517578 31.25 AB 9.81965136183539 1.0130401425564557
60743.2085 lsst_hardware_r -58.501974116545824 37.56999969482422 31.59000015258789 AB 9.307184292117068 1.054877512424013
60743.2297 lsst_hardware_i 46.923643290678704 36.7400016784668 31.290000915527344 AB 9.041270363072247 1.026600472700386
60752.2281 lsst_hardware_r 42.74410100978942 85.55999755859375 31.670000076293945 AB 5.96561368500712 1.0111209635605287
60752.2413 lsst_hardware_i -117.90287743231117 70.05999755859375 31.34000015258789 AB 5.952693781605852 1.0089311494247206
60756.1706 lsst_hardware_z -0.5388249434807907 43.0 30.959999084472656 AB 5.106617443819332 1.0590064689506669
60756.1879 lsst_hardware_r -7.0293650554960125 30.690000534057617 31.579999923706055 AB 4.942950285823483 1.033549458614396
60756.2309 lsst_hardware_z -20.818985154858197 43.150001525878906 30.969999313354492 AB 5.861544523174182 1.0089440475950682
60756.2419 lsst_hardware_g 26.90474032444999 29.6200008392334 31.68000030517578 AB 5.787692963772801 1.0109507360302064
60758.2181 lsst_hardware_r 15.098437136887442 22.700000762939453 31.520000457763672 AB 6.0031037347682865 1.0094622462545815
60758.2307 lsst_hardware_i -1.7441580298745656 30.809999465942383 31.270000457763672 AB 5.983565262076988 1.0094868848403422
60760.1728 lsst_hardware_i -10.144663894848854 30.559999465942383 31.260000228881836 AB 7.631368509418516 1.0388232197407132
60760.1917 lsst_hardware_z 54.31591671180034 40.869998931884766 30.959999084472656 AB 7.491958915911654 1.0191754748893558
60762.2154 lsst_hardware_g 37.298902774644844 14.180000305175781 31.469999313354492 AB 7.705265181280141 1.0089827823588138
60762.2283 lsst_hardware_r -6.684367673745268 22.809999465942383 31.530000686645508 AB 7.773774683189009 1.0119906291849436
60764.2148 lsst_hardware_i 61.41741463606589 30.280000686645508 31.260000228881836 AB 6.497628959148886 1.0095756617695597
60764.2262 lsst_hardware_z -63.83549632324814 40.849998474121094 30.959999084472656 AB 6.526485506687253 1.0135343472440796
60769.0764 lsst_hardware_g -16.554330841086216 18.010000228881836 31.450000762939453 AB 6.177707557250268 1.232255496791942
60769.0946 lsst_hardware_r 12.118518819408804 25.299999237060547 31.489999771118164 AB 6.968705129809584 1.161450854968264
60771.2019 lsst_hardware_i -11.960095805816318 32.88999938964844 31.270000457763672 AB 13.822248545432803 1.0112853779216044
60771.2142 lsst_hardware_r 0.37131672301977786 22.81999969482422 31.510000228881836 AB 15.16668768354553 1.0178529607318891
60773.2075 lsst_hardware_z -9.451361893611855 68.33000183105469 31.719999313354492 AB 8.454638989395473 1.0169974726618451
60775.0927 lsst_hardware_i 64.84899307788481 66.3499984741211 31.309999465942383 AB 5.677819134815557 1.1170579010687394
60775.1124 lsst_hardware_z -44.5359832733846 60.529998779296875 30.979999542236328 AB 5.436643584578616 1.0708026624912528
60782.1887 lsst_hardware_r 40.56673917917042 66.12999725341797 31.65999984741211 AB 13.951635251877672 1.0213620409139452
60782.199 lsst_hardware_z -36.95059907732561 54.36000061035156 30.979999542236328 AB 14.09626793438483 1.0315726207943625
60797.1267 lsst_hardware_g 1872.5901803148076 44.190850919479885 31.450000762939453 AB 7.575779057554446 1.0100140953098986
60797.1383 lsst_hardware_r 2314.6665424131384 53.368376582795875 31.510000228881836 AB 7.523491721480828 1.0147226167532475
60799.9748 lsst_hardware_y 614.8642678032561 55.734847555905084 29.959999084472656 AB 13.610042628193849 1.3166973954620855
60799.9945 lsst_hardware_i 3175.523048436603 67.31539148933028 31.25 AB 12.610220170053699 1.2203832546262954
60800.1126 lsst_hardware_r 5105.974128459673 78.67032783248791 31.59000015258789 AB 9.347865534766523 1.0090528426993224
60800.1246 lsst_hardware_i 3477.387324787333 67.4573044823283 31.280000686645508 AB 9.385626428010593 1.012018304754478
60806.0968 lsst_hardware_i 7174.121232218229 127.2378277888776 31.350000381469727 AB 7.880607881292199 1.0091053052426546
60806.1084 lsst_hardware_z 4520.861947460405 105.09119160014986 31.010000228881836 AB 7.866507736268936 1.012094916213477
60809.9702 lsst_hardware_y 1404.2091114653435 62.268469180603155 30.0 AB 7.93383404629394 1.2078915066674738
60809.9908 lsst_hardware_r 12406.91985191461 123.86714212194296 31.6200008392334 AB 7.472161509399861 1.1352992923879253
60810.1004 lsst_hardware_z 4512.586916787522 87.76268148317543 30.979999542236328 AB 6.704403959931829 1.013438736290862
60810.1132 lsst_hardware_r 12640.658361941183 137.13895423015822 31.65999984741211 AB 6.7395600191315985 1.0221779604344634
60813.9689 lsst_hardware_z 4221.741586047286 77.22903035682184 30.940000534057617 AB 11.140150895754433 1.1712912307596317
60813.99 lsst_hardware_g 9353.569283393 97.49385168692267 31.43000030517578 AB 10.729916377478308 1.1069757946433827
60817.9654 lsst_hardware_y 1302.4972043761888 59.20487091209844 30.010000228881836 AB 2.183752339408187 1.146326687353379
60817.9854 lsst_hardware_i 8795.554113580154 98.31485001039066 31.239999771118164 AB 2.0704666261383227 1.0914426073475607
60818.091 lsst_hardware_g 8145.117602042613 90.96014188568611 31.40999984741211 AB 2.634045627291102 1.0218720912806551
60818.1028 lsst_hardware_r 11383.657408596175 108.0095399495506 31.489999771118164 AB 2.635610487016751 1.0340458328712814
60827.9895 lsst_hardware_z 6119.269702744295 95.41744521902098 31.709999084472656 AB 9.913375377716704 1.0357721635896502
60848.9894 lsst_hardware_i 4006.253103718003 68.50102446128854 31.25 AB 9.261337453975868 1.011467922455408
60848.999 lsst_hardware_z 2429.8954027720038 62.840705104082275 30.950000762939453 AB 8.785303127266788 1.0163567588694913
61056.3019 lsst_hardware_g -9.885694655394955 14.279999732971191 31.389999389648438 AB 6.925841904462662 1.1841070105082223
61056.3194 lsst_hardware_r -55.767596085392604 23.399999618530273 31.489999771118164 AB 6.585158664264294 1.126438362002103
61058.2983 lsst_hardware_i -25.719648790320566 44.91999816894531 31.969999313354492 AB 8.578965176620086 1.1772568769590872
61058.3161 lsst_hardware_z -62.58256869020238 59.7599983215332 31.68000030517578 AB 8.173475331087632 1.1203063881146769
61060.3006 lsst_hardware_r -18.12995749938265 23.59000015258789 31.479999542236328 AB 12.343151500695425 1.1505815758845523
61060.3195 lsst_hardware_u 0.9454191756408021 2.619999885559082 28.34000015258789 AB 11.799737011111292 1.0972076692599606
61064.3024 lsst_hardware_z 1.7390820688394903 42.22999954223633 30.940000534057617 AB 8.796129353358419 1.1129762253956814
61064.3215 lsst_hardware_r 5.730305501472895 22.889999389648438 31.489999771118164 AB 8.37662952336411 1.0690271541797751
61066.3005 lsst_hardware_u -5.077003042724398 2.569999933242798 28.299999237060547 AB 13.399511433803209 1.103703425213394
61066.319 lsst_hardware_g -8.714880142500663 14.020000457763672 31.399999618530273 AB 12.977540470001836 1.0634277436802422
61077.2356 lsst_hardware_r 65.81982846017151 77.26000213623047 31.610000610351562 AB 5.303099820547715 1.2198044440592788
61077.2556 lsst_hardware_z -18.637399689800343 61.0 30.969999313354492 AB 4.262157024113879 1.1460492132600315
61081.2117 lsst_hardware_u -1.9978097566061794 3.9000000953674316 28.540000915527344 AB 5.570678734053161 1.2801253314561076
61081.2316 lsst_hardware_g 17.966363553889202 26.729999542236328 31.56999969482422 AB 5.142904082701862 1.191866531332985
61081.3506 lsst_hardware_z -0.6837524431705927 42.900001525878906 30.959999084472656 AB 3.4609635478100502 1.0105740704606323
61081.3625 lsst_hardware_g 24.45433761274629 27.34000015258789 31.639999389648438 AB 3.454865834489008 1.0161370101438258
61083.3499 lsst_hardware_i 116.80130813768898 30.84000015258789 31.270000457763672 AB 6.253290074563747 1.0123233534085918
61083.3608 lsst_hardware_z 47.67452291090115 41.18000030517578 30.959999084472656 AB 6.30745149288375 1.018727528528426
61085.3493 lsst_hardware_r -2.1549476168464885 22.3799991607666 31.489999771118164 AB 2.4879467890283316 1.0147636541361604
61085.3602 lsst_hardware_u -3.5651080357169285 2.700000047683716 28.450000762939453 AB 2.529342339306453 1.0226796075230942
61089.2996 lsst_hardware_g 3.2807537429904703 13.819999694824219 31.450000762939453 AB 5.005634778840674 1.0135428557510855
61089.3114 lsst_hardware_r -13.577718352752099 22.3700008392334 31.510000228881836 AB 5.029378888709593 1.0095100137915762
61091.2176 lsst_hardware_u 2.4878433529079977 2.7100000381469727 28.420000076293945 AB 3.7796465958603354 1.1453474532910108
61091.238 lsst_hardware_g -4.367426705320503 13.869999885559082 31.40999984741211 AB 3.596343053939421 1.0898009254361882
61093.2997 lsst_hardware_u -0.9686709329639195 2.609999895095825 28.40999984741211 AB 11.298575610635353 1.0096577999763507
61093.3102 lsst_hardware_g -5.474852108111154 13.510000228881836 31.40999984741211 AB 11.274738237068519 1.0090831438541623
61095.3391 lsst_hardware_i 19.159152510065557 30.06999969482422 31.25 AB 10.324159868864701 1.0287297054419697
61095.3503 lsst_hardware_z 38.74607962520789 40.880001068115234 30.940000534057617 AB 10.562930259564624 1.04260878564486
61098.3329 lsst_hardware_r 41.89757567753897 22.31999969482422 31.5 AB 6.291675783769752 1.0309152521333365
61098.3441 lsst_hardware_u 0.7587725409933374 2.6500000953674316 28.420000076293945 AB 5.436534071019735 1.045487321349949
61100.2763 lsst_hardware_i -56.73891154241306 52.689998626708984 31.31999969482422 AB 3.9315575364936874 1.0107697839987266
61100.289 lsst_hardware_z 19.517993341372613 51.560001373291016 30.969999313354492 AB 3.9178630592699966 1.0089567292151846
61102.2119 lsst_hardware_r -134.95336782771525 100.02999877929688 31.649999618530273 AB 5.626419752821302 1.0810336402244078
61102.2556 lsst_hardware_z -91.07297704563263 93.5999984741211 31.739999771118164 AB 6.028797045986686 1.018879861303292
61102.2894 lsst_hardware_r 13.5810172458723 95.16000366210938 31.65999984741211 AB 5.884404703250246 1.0096204809694445
61106.2179 lsst_hardware_i 51.64536563726866 74.36000061035156 31.329999923706055 AB 10.163834754345668 1.0496395553464606
61106.2393 lsst_hardware_z 123.87661242567866 67.01000213623047 30.989999771118164 AB 9.910485861899716 1.0233259935705052
61108.2857 lsst_hardware_r -5.287456000691881 56.709999084472656 31.639999389648438 AB 7.885298181053565 1.0143167199709031
61108.298 lsst_hardware_i 22.777859137749363 50.45000076293945 31.309999465942383 AB 7.367134563374172 1.0232131338019683
61112.2711 lsst_hardware_z 17.235189041599117 40.970001220703125 30.950000762939453 AB 15.476966867630802 1.0124929260519817
61112.2832 lsst_hardware_g -12.169069984838492 17.690000534057617 31.530000686645508 AB 15.485374289590416 1.0199377111787837
61115.1118 lsst_hardware_g -8.44490281043156 13.960000038146973 31.329999923706055 AB 9.632744050200657 1.3179141091839286
61115.2032 lsst_hardware_r -70.43504611710864 32.209999084472656 32.22999954223633 AB 8.153022279662158 1.0357428261268717
61115.2854 lsst_hardware_z 26.167836845870657 40.81999969482422 30.950000762939453 AB 7.740504629944552 1.0297103913191432
61117.1748 lsst_hardware_g 4.882476107500858 13.859999656677246 31.40999984741211 AB 7.35827348958769 1.0729995853187788
61117.194 lsst_hardware_r 9.400008519777506 22.579999923706055 31.5 AB 7.1445372555306115 1.0406433989557369
61121.2299 lsst_hardware_r -45.86957757894473 22.43000030517578 31.5 AB 5.80185957200715 1.0089459439763404
61121.2419 lsst_hardware_i -5.13897579403507 30.09000015258789 31.25 AB 5.786471119943702 1.010737313527307
61123.2335 lsst_hardware_z 69.98589046321456 40.540000915527344 30.950000762939453 AB 5.981820365217675 1.009930839982724
61123.2463 lsst_hardware_r -12.651233422594698 22.520000457763672 31.5 AB 6.010008701965473 1.0152041726293117
61125.1779 lsst_hardware_i 31.418750784350607 30.3799991607666 31.25 AB 7.613689780720736 1.0332987714165287
61125.1956 lsst_hardware_u 3.1252362613723386 2.799999952316284 28.530000686645508 AB 7.475428508543462 1.016903689919085
61125.2251 lsst_hardware_g 20.394460570351203 13.989999771118164 31.450000762939453 AB 6.579031852891915 1.0093635858993426
61125.2373 lsst_hardware_i -15.099883187977643 30.25 31.260000228881836 AB 6.607816969545346 1.0132875461259978
61127.0869 lsst_hardware_r -20.254047677027234 47.22999954223633 31.559999465942383 AB 10.348623568832085 1.2761374016152687
61127.1055 lsst_hardware_z 45.52066588511861 48.5 30.940000534057617 AB 9.687018875696229 1.19384026402747
