data/validation/pwv_sim_epoch_fit_epoch/49621328.ecsv
# %ECSV 0.9
# ---
# datatype:
# - {name: time, datatype: float64}
# - {name: band, datatype: string}
# - {name: flux, datatype: float64}
# - {name: fluxerr, datatype: float64}
# - {name: zp, datatype: float64}
# - {name: zpsys, datatype: string}
# - {name: pwv, datatype: float64}
# - {name: airmass, datatype: float64}
# meta: {SNID: '49621328', alt: 1024.0, c: 0.08045356720685959, dec: -6.129201, lat: -30.244573, lon: -70.7499537, ra: 209.882812, t0: 60828.86328125,
#   x0: 9.736914282422897e-05, x1: -1.2285327911376953, z: 0.17097733914852142}
# schema: astropy-2.0
time band flux fluxerr zp zpsys pwv airmass
[from data line 133]
61148.223 lsst_hardware_i -41.30015317438921 32.34000015258789 31.25 AB 13.077883160003482 1.0995130554682662
61148.2424 lsst_hardware_z 108.6662873354103 43.099998474121094 30.950000762939453 AB 13.31717570115166 1.1200394480885059
61150.2163 lsst_hardware_r -4.542801103638134 25.030000686645508 31.520000457763672 AB 2.9772414379222223 1.0987482241071063
61150.2337 lsst_hardware_u 0.5123134654555109 2.9200000762939453 28.510000228881836 AB 3.0337848643703724 1.1154646068095864
61152.1898 lsst_hardware_u 0.18617477402904078 2.8299999237060547 28.450000762939453 AB 10.052589217156823 1.0954112691682645
61152.2075 lsst_hardware_g -1.580125062675708 15.760000228881836 31.450000762939453 AB 10.193369036597334 1.097004846814177
61154.1912 lsst_hardware_r 19.352761264142174 24.889999389648438 31.510000228881836 AB 8.667866272631725 1.0945081737036682
61154.2089 lsst_hardware_z -13.326486153322254 42.72999954223633 30.950000762939453 AB 8.857158389759748 1.101088810263505
61156.1883 lsst_hardware_r -24.877027520264146 48.540000915527344 31.610000610351562 AB 7.009771820466628 1.0946639491638734
61156.2063 lsst_hardware_y 37.984863166756256 50.16999816894531 30.030000686645508 AB 7.07152584166677 1.1033742926613777
61158.1951 lsst_hardware_z 46.118671524846455 65.1500015258789 30.979999542236328 AB 2.464264045720733 1.0991365056738327
61158.2129 lsst_hardware_r 5.9727688768008 85.86000061035156 31.6299991607666 AB 2.4007445824284996 1.1168851279034657
61160.1898 lsst_hardware_i 208.87910595379412 122.06999969482422 31.329999923706055 AB 12.043786527855069 1.0992366657103516
61160.208 lsst_hardware_z 56.93091094131055 104.68000030517578 30.989999771118164 AB 12.355932055504141 1.117669734632256
61162.1387 lsst_hardware_r 103.27616704915397 151.2899932861328 31.649999618530273 AB 8.33091174162112 1.1137086237183442
61162.1571 lsst_hardware_z 222.09698315881232 100.80000305175781 31.0 AB 8.176575590404696 1.0974778207334832
61164.1787 lsst_hardware_z -8.688884580324595 66.58000183105469 30.979999542236328 AB 10.072483719005682 1.0991261594455544
61164.1966 lsst_hardware_i -6.837246287302726 74.75 31.31999969482422 AB 10.334669187183849 1.1169998941348065
61167.1566 lsst_hardware_r -9.240175128872806 46.33000183105469 31.610000610351562 AB 6.709486496571444 1.094532870566304
61167.1746 lsst_hardware_z 20.923941048912443 48.040000915527344 30.959999084472656 AB 7.038578738108204 1.1020020204488021
61171.1532 lsst_hardware_g -8.699942938609325 15.5 31.450000762939453 AB 8.486552786869664 1.0960290309789054
61171.1751 lsst_hardware_r -3.088926480593305 24.639999389648438 31.5 AB 8.667668880422662 1.1138099306634033
61174.1141 lsst_hardware_i -19.911086734734713 31.969999313354492 31.25 AB 6.817618332214007 1.1047237224069735
61174.1349 lsst_hardware_z 71.68984257586881 42.47999954223633 30.950000762939453 AB 6.8318370044513 1.0945533251457356
61176.1076 lsst_hardware_r 5.314763884790699 24.5 31.5 AB 6.006202012142419 1.1057072923677709
61176.1268 lsst_hardware_u -2.844504693837028 2.7699999809265137 28.420000076293945 AB 7.293107824126631 1.0948557439109223
61181.0922 lsst_hardware_u -1.4860126570318322 2.7699999809265137 28.420000076293945 AB 7.958247941391509 1.1074656194533132
61181.124 lsst_hardware_g -1.5402015447565787 15.270000457763672 31.440000534057617 AB 7.810081532041923 1.0954343165237799
61183.0766 lsst_hardware_g 14.449439081000786 26.43000030517578 31.59000015258789 AB 2.208503877207442 1.1203097111299165
61186.0741 lsst_hardware_i 38.46771431975208 64.80000305175781 31.31999969482422 AB 5.793918900846055 1.1125392327287955
61186.0943 lsst_hardware_z -4.420355216045469 61.36000061035156 30.979999542236328 AB 7.03348448729588 1.0962840645748166
61188.0764 lsst_hardware_r -63.27675429805787 122.18000030517578 31.649999618530273 AB 8.208218658387512 1.1042446625633424
61188.0984 lsst_hardware_z -4.883332596901435 87.70999908447266 30.989999771118164 AB 8.305969635759876 1.0945109057170364
61190.0675 lsst_hardware_z 340.9302077804944 87.16000366210938 30.989999771118164 AB 11.964279740739252 1.1075985688519951
61194.9785 lsst_hardware_z 167.12538249918734 78.98999786376953 32.11000061035156 AB 14.456993099599645 1.3386104721851522
61194.9991 lsst_hardware_r 6.578604824565546 24.760000228881836 31.479999542236328 AB 13.382729895158848 1.2391416569591525
61197.0726 lsst_hardware_u -2.6896558824722643 2.75 28.420000076293945 AB 4.651023213745786 1.0945300942294758
61197.0956 lsst_hardware_g 17.578459428223223 15.220000267028809 31.440000534057617 AB 5.632863279813787 1.1044829960419191
61219.0105 lsst_hardware_r 20.009593046946478 135.6999969482422 32.38999938964844 AB 7.959826526055318 1.094698507967037
61219.0351 lsst_hardware_i -179.09212273299113 107.9800033569336 32.06999969482422 AB 7.956874455011875 1.1040991380682925
61224.0055 lsst_hardware_u 0.6977992067859747 2.8499999046325684 28.450000762939453 AB 7.2755405956009005 1.0951641639137653
61224.0285 lsst_hardware_g -0.22427021365449867 35.90999984741211 31.649999618530273 AB 7.347610211120836 1.1114779464180369
61225.9679 lsst_hardware_y 27.23105905185071 49.439998626708984 30.020000457763672 AB 5.43412112157208 1.109004310524914
61225.9935 lsst_hardware_r 2.292967525967582 25.190000534057617 31.520000457763672 AB 5.363199019971365 1.094530412239054
61231.971 lsst_hardware_y -1.1991408140668172 49.43000030517578 30.030000686645508 AB 6.459734690020465 1.095520171291523
61231.9951 lsst_hardware_r 18.99583937079202 25.440000534057617 31.520000457763672 AB 6.411533504345161 1.1005035194551447
61233.9618 lsst_hardware_z 3.761280771126 51.709999084472656 30.959999084472656 AB 6.453949423044751 1.0968798147002095
61233.985 lsst_hardware_g 11.770924439867116 16.239999771118164 31.469999313354492 AB 6.475620681865781 1.0976868598484202
61235.9627 lsst_hardware_y -11.414717493704602 80.76000213623047 30.790000915527344 AB 7.108970493081199 1.0949090128347267
61235.9888 lsst_hardware_i -27.29044766182911 46.43000030517578 31.989999771118164 AB 7.139442989679824 1.1042083295890845
