data/validation/pwv_sim_epoch_fit_epoch/49643944.ecsv
# %ECSV 0.9
# ---
# datatype:
# - {name: time, datatype: float64}
# - {name: band, datatype: string}
# - {name: flux, datatype: float64}
# - {name: fluxerr, datatype: float64}
# - {name: zp, datatype: float64}
# - {name: zpsys, datatype: string}
# - {name: pwv, datatype: float64}
# - {name: airmass, datatype: float64}
# meta: {SNID: '49643944', alt: 1024.0, c: -0.0886886864900589, dec: -3.882372, lat: -30.244573, lon: -70.7499537, ra: 55.371094, t0: 60676.2890625,
#   x0: 2.8464040260227237e-06, x1: -0.6297067999839783, z: 0.7717371582984924}
# schema: astropy-2.0
time band flux fluxerr zp zpsys pwv airmass
[from data line 132]
60994.2267 lsst_hardware_r 2.6603469232917925 23.729999542236328 31.489999771118164 AB 8.26527361706681 1.1325395474192113
60996.2216 lsst_hardware_u -6.162454643278184 2.640000104904175 28.34000015258789 AB 6.537401406559147 1.132965784909203
60996.2416 lsst_hardware_r 2.17030829584413 23.75 31.469999313354492 AB 6.700501983213394 1.1663527198143364
61005.1971 lsst_hardware_r -20.565656440426537 23.469999313354492 31.489999771118164 AB 5.273592548163048 1.133050035414248
61005.2155 lsst_hardware_i 40.05869369702407 31.549999237060547 31.229999542236328 AB 6.1502748538873035 1.1630992253703554
61010.1852 lsst_hardware_z 71.83507183916761 56.15999984741211 30.959999084472656 AB 8.771513882110558 1.135213884506449
61010.2046 lsst_hardware_r 64.57388880409955 64.77999877929688 31.610000610351562 AB 9.04810704684957 1.169043838218233
61016.1551 lsst_hardware_u 39.465873842778784 16.559999465942383 29.360000610351562 AB 5.037583275741143 1.1219561861338851
61016.1737 lsst_hardware_g 95.19596616303207 72.5199966430664 31.68000030517578 AB 4.655173142417151 1.1420001167102818
61019.1509 lsst_hardware_r -14.570420711713684 23.290000915527344 31.479999542236328 AB 8.421727932907656 1.124946961072308
61019.1693 lsst_hardware_i 40.9433316726373 34.5099983215332 31.25 AB 11.12433245633522 1.1480515448113782
61021.1493 lsst_hardware_z -36.64340621806453 42.349998474121094 30.940000534057617 AB 13.330622555632115 1.128510350315522
61021.1679 lsst_hardware_r -13.159780964094931 23.360000610351562 31.469999313354492 AB 14.67246014648788 1.155311822558101
61023.1488 lsst_hardware_u -1.6079431756050386 2.7100000381469727 28.40999984741211 AB 8.083677398899408 1.1340737091610213
61023.1668 lsst_hardware_r 2.220839671164335 23.459999084472656 31.479999542236328 AB 8.84664665652884 1.1640324548064263
61025.1202 lsst_hardware_g 11.153073646907684 14.130000114440918 31.389999389648438 AB 11.280447361829015 1.1174251045573553
61025.1384 lsst_hardware_i 53.71222795284969 31.399999618530273 31.229999542236328 AB 11.509147262427915 1.1285305501403913
61029.0811 lsst_hardware_u 1.2791029069263795 2.680000066757202 28.389999389648438 AB 6.165130506896353 1.12836980222308
61029.0998 lsst_hardware_g -1.507938906216385 14.109999656677246 31.389999389648438 AB 3.6805408071595043 1.1172904043993706
61031.0799 lsst_hardware_r -31.45455814554538 23.09000015258789 31.479999542236328 AB 6.13939345715257 1.1244996868830643
61031.0989 lsst_hardware_i -23.662340866398687 31.149999618530273 31.239999771118164 AB 4.334965177564091 1.1168752604510712
61033.0815 lsst_hardware_z -29.933304121429305 42.540000915527344 30.950000762939453 AB 7.205651476634637 1.1198463713784501
61033.1005 lsst_hardware_r 23.03310312177402 23.40999984741211 31.489999771118164 AB 6.91641591831842 1.117985277348811
61035.0797 lsst_hardware_z 11.553743974032301 42.790000915527344 30.940000534057617 AB 10.812137097892144 1.1182848526548261
61035.0996 lsst_hardware_r 9.937712383670359 25.56999969482422 31.510000228881836 AB 8.438447803857454 1.1198382487838816
61037.0822 lsst_hardware_i -73.97577757733288 38.88999938964844 31.280000686645508 AB 7.122675805037331 1.1168736888517663
61037.1025 lsst_hardware_z -71.46817935997366 46.0 30.950000762939453 AB 5.970076162285052 1.125579970264904
61039.082 lsst_hardware_r -90.0962943658243 94.27999877929688 32.380001068115234 AB 9.335352864644149 1.1174264291558251
61039.1028 lsst_hardware_z 29.08219424985344 81.26000213623047 31.719999313354492 AB 8.461352851966813 1.1313355494056936
61041.0601 lsst_hardware_y -139.28634645240805 81.5999984741211 30.780000686645508 AB 7.7179663006071575 1.119623275239819
61044.0479 lsst_hardware_z 14.391202456339403 57.709999084472656 30.969999313354492 AB 2.5226361903951546 1.1219195865666687
61044.0689 lsst_hardware_i 59.36767135248464 61.33000183105469 31.309999465942383 AB 2.4798477101983227 1.1175519198730612
61047.0415 lsst_hardware_y -80.74455327113063 60.650001525878906 30.030000686645508 AB 10.980632802400974 1.1208063082448982
61047.0632 lsst_hardware_r 15.404223423935688 23.1200008392334 31.479999542236328 AB 10.93683425702764 1.1182857113525193
61050.0429 lsst_hardware_y -58.76843115968648 55.47999954223633 30.030000686645508 AB 10.091347402939451 1.1172057793497052
61050.0644 lsst_hardware_r 17.101645567841484 23.34000015258789 31.489999771118164 AB 10.198022844481867 1.123460213478465
