data/validation/pwv_sim_epoch_fit_epoch/4964128.ecsv
# %ECSV 0.9
# ---
# datatype:
# - {name: time, datatype: float64}
# - {name: band, datatype: string}
# - {name: flux, datatype: float64}
# - {name: fluxerr, datatype: float64}
# - {name: zp, datatype: float64}
# - {name: zpsys, datatype: string}
# - {name: pwv, datatype: float64}
# - {name: airmass, datatype: float64}
# meta: {SNID: '4964128', alt: 1024.0, c: -0.0015209706034511328, dec: -13.86195, lat: -30.244573, lon: -70.7499537, ra: 32.519531, t0: 61332.0234375,
#   x0: 8.739130829806953e-06, x1: 0.5315597653388977, z: 0.4868432283401489}
# schema: astropy-2.0
time band flux fluxerr zp zpsys pwv airmass
61250.418 lsst_hardware_r 2.709625467645519 76.7300033569336 31.649999618530273 AB 4.80642091597341 1.0481019624146524
61250.4375 lsst_hardware_z 102.16792880709129 69.54000091552734 30.989999771118164 AB 4.798496033860707 1.0431513117088496
61252.4202 lsst_hardware_z 99.55098964423156 59.939998626708984 30.979999542236328 AB 3.6474948445477087 1.0445039526207494
61254.4148 lsst_hardware_z 36.57084852102343 57.84000015258789 30.979999542236328 AB 1.9416968768134708 1.0444846029120338
61254.4347 lsst_hardware_y 17.221541835243848 62.349998474121094 30.059999465942383 AB 1.262212710324208 1.04516647280503
61262.3982 lsst_hardware_g 15.783881058423416 14.039999961853027 31.43000030517578 AB 5.425012198793315 1.043271576691022
61262.4174 lsst_hardware_y 78.72124921959282 47.7400016784668 30.049999237060547 AB 5.215603524737616 1.0473449964330932
61265.398 lsst_hardware_i -7.771765047987296 30.690000534057617 31.260000228881836 AB 4.620685698754057 1.0433385715504504
61265.4174 lsst_hardware_z -15.309998960882673 42.31999969482422 30.950000762939453 AB 4.928835403826204 1.053207465470847
61267.3694 lsst_hardware_z 26.294793738564582 41.36000061035156 30.950000762939453 AB 5.864782982256676 1.0495316718426406
61267.3887 lsst_hardware_r -34.98075330105095 22.8700008392334 31.5 AB 5.152683523955091 1.0430181553837774
61269.3659 lsst_hardware_u 3.253963771575345 2.759999990463257 28.489999771118164 AB 4.646088825500673 1.048246111004794
61269.3871 lsst_hardware_r 1.1804473664419828 22.760000228881836 31.5 AB 4.032082568635437 1.0433421201859892
61273.358 lsst_hardware_i -42.90530976110758 30.43000030517578 31.239999771118164 AB 1.9682883416411185 1.0465443794449654
61273.3777 lsst_hardware_z 92.49557121895262 41.130001068115234 30.940000534057617 AB 1.147980315479293 1.043618468617539
61275.3493 lsst_hardware_r -57.94318105014331 39.470001220703125 32.689998626708984 AB 2.11362871584729 1.0483836064220013
61275.3694 lsst_hardware_u -4.73495458116548 3.869999885559082 29.219999313354492 AB 2.092601808395516 1.043171390027675
61279.3101 lsst_hardware_i 12.535468281338977 69.18000030517578 31.329999923706055 AB 3.264910282362228 1.0815736359415506
61279.3269 lsst_hardware_z -16.84659918560687 61.68000030517578 30.989999771118164 AB 3.180201265651784 1.0580685146895146
61285.299 lsst_hardware_z -71.50978607364411 53.290000915527344 30.979999542236328 AB 2.802608331094071 1.0729398619597654
61285.3157 lsst_hardware_r 14.808760176007528 58.119998931884766 31.639999389648438 AB 2.7678437983828994 1.053079441363183
61287.2846 lsst_hardware_r -5.30403631401289 31.219999313354492 31.559999465942383 AB 2.4237308079303066 1.0882574906519373
61287.303 lsst_hardware_z 17.776394786070046 43.66999816894531 30.950000762939453 AB 2.4452316595548274 1.0603396781938803
61302.2409 lsst_hardware_r 51.74610796511275 38.27000045776367 32.279998779296875 AB 6.463197538840679 1.0936653289255276
61302.2702 lsst_hardware_u -3.4282920712544134 3.680000066757202 29.110000610351562 AB 5.8679269656250606 1.0523070101995178
61304.2575 lsst_hardware_z -6.5136628692835306 45.46031412832409 30.959999084472656 AB 4.124258072580527 1.059312861108012
61304.2767 lsst_hardware_r -8.000542637298473 36.46830596420136 31.600000381469727 AB 3.944219013555381 1.0450569256494717
61306.2506 lsst_hardware_i 76.94946880200406 51.06676880380045 31.309999465942383 AB 1.8561280063873937 1.0609477029936518
61306.268 lsst_hardware_z 17.521770631035274 51.228766199586964 30.969999313354492 AB 1.7938716545198303 1.0464978052619331
61308.2212 lsst_hardware_z 135.23695890559983 68.22777692661104 30.979999542236328 AB 6.5618214479476284 1.1006535745287593
61308.2397 lsst_hardware_r 106.68681449596774 97.10704031224397 31.649999618530273 AB 6.495294986034154 1.0678660067461374
61310.2416 lsst_hardware_z 180.45598790949205 82.92727704744246 30.989999771118164 AB 3.528574527288948 1.0587841150096864
61310.2598 lsst_hardware_i 195.46119645606169 96.98957528876903 31.34000015258789 AB 4.0141522031401635 1.0452614017377952
61312.2184 lsst_hardware_r 712.4625193812292 94.98079761324517 31.649999618530273 AB 5.01215767564408 1.0844327228553985
61312.2368 lsst_hardware_z 418.73812637664923 68.13470897163839 30.989999771118164 AB 4.884154476284791 1.0580732893220712
61314.2185 lsst_hardware_r 1167.3381135220666 62.265179363844226 31.6299991607666 AB 4.528059217313778 1.0749952638738312
61314.2364 lsst_hardware_y 228.37933996589612 51.849988725113896 30.040000915527344 AB 4.452172959104427 1.0531871059228262
61316.2209 lsst_hardware_g 478.78023974454567 25.77985270617372 31.43000030517578 AB 3.442887642416103 1.063850951692784
61316.2393 lsst_hardware_r 1379.2162422556405 46.08809169628019 31.540000915527344 AB 3.4074498862089038 1.0472377675632436
61318.2056 lsst_hardware_i 1189.6052156854773 46.28820178420564 31.239999771118164 AB 6.829518240877678 1.078203116570611
61318.2243 lsst_hardware_z 825.0004968627906 50.570751524880066 30.950000762939453 AB 7.084038375466682 1.0542377442252147
61324.208 lsst_hardware_z 1295.2330456870511 56.130755272180465 30.950000762939453 AB 4.097705403004389 1.0541625184593035
61324.2253 lsst_hardware_r 2807.0183591584255 58.05419490225533 31.510000228881836 AB 3.758427154856342 1.0440075430156506
61327.2052 lsst_hardware_u 10.881008583083828 3.679862984432796 28.450000762939453 AB 8.605241954689582 1.049803825142233
61327.2222 lsst_hardware_g 1205.4176844325596 37.45621656886048 31.440000534057617 AB 6.571600933932606 1.0431112593543819
61329.1804 lsst_hardware_g 1203.8428762634999 37.284949502266116 31.450000762939453 AB 8.118957368118126 1.0706552717358644
61329.1984 lsst_hardware_r 3105.6280685494944 60.95275773529544 31.510000228881836 AB 7.962579417299408 1.0507841268581726
61331.1818 lsst_hardware_i 2258.1948812138007 57.879373467916416 31.270000457763672 AB 6.190623964196415 1.0615834629505607
61331.1998 lsst_hardware_z 2020.6956072398425 59.4077176873168 30.959999084472656 AB 6.113806733919521 1.0464666059085161
61336.166 lsst_hardware_z 1788.6758961269206 73.12581968300962 30.979999542236328 AB 5.131493950287669 1.0642205143868517
61336.1827 lsst_hardware_i 2360.4143375405874 79.58005809231977 31.31999969482422 AB 3.426577130986935 1.048417276181755
61338.1669 lsst_hardware_z 1793.213709716083 93.40775224380921 31.0 AB 4.856625516811202 1.056937000394168
61338.184 lsst_hardware_r 3038.2226453322173 135.8001548648634 31.65999984741211 AB 4.787944294660147 1.045003392734273
61341.1735 lsst_hardware_y 1154.9409043388275 83.37435281962841 30.809999465942383 AB 2.1442575843130207 1.0459793094209857
61356.1191 lsst_hardware_u 4.769417916951332 3.220791338681176 28.40999984741211 AB 3.538876389932878 1.0555932557592478
61356.1378 lsst_hardware_g 180.24229675817148 19.381544854934347 31.43000030517578 AB 4.374512759190096 1.0440364580405956
61357.1167 lsst_hardware_r 982.134606216363 38.22936413763157 31.5 AB 3.766804051974837 1.055274983043798
61357.1346 lsst_hardware_z 916.84482488695 50.64891182751003 30.950000762939453 AB 5.220842820581257 1.0441685641162515
61359.1211 lsst_hardware_r 837.3118127475909 37.270104196656796 31.510000228881836 AB 4.4002741303062685 1.0476843167395877
61359.1391 lsst_hardware_u 9.930425297337816 3.2438767519748657 28.469999313354492 AB 4.3734562187112065 1.0430789566429717
61361.1077 lsst_hardware_z 893.4491949362359 51.45071106125631 30.950000762939453 AB 3.265871848041711 1.0535070477553905
61361.1285 lsst_hardware_g 78.40211178263701 27.89578773684658 31.610000610351562 AB 2.8515628379989777 1.0431910876162347
61368.1057 lsst_hardware_z 1572.2557321135162 107.76004928699761 31.75 AB 8.293816171788817 1.0438600652527754
61370.0984 lsst_hardware_r 435.3243467821266 68.85599101911258 31.639999389648438 AB 3.7715139440601537 1.0443790776213648
61370.1169 lsst_hardware_z 777.2093684253741 63.1060048760359 30.979999542236328 AB 3.682740610371745 1.044749109325471
61372.0717 lsst_hardware_i 667.7417629341446 39.15841015662076 31.25 AB 4.026630207047211 1.0594536591074328
61372.0908 lsst_hardware_r 407.8208143129096 29.489773880359845 31.489999771118164 AB 3.9906857560177036 1.0451381290313757
61374.0749 lsst_hardware_u 5.965611217463431 3.1091910845422217 28.479999542236328 AB 5.220301438395484 1.0512614284641415
61374.0953 lsst_hardware_g 76.69405062538152 15.856479226017685 31.440000534057617 AB 5.269162106472725 1.0430197828787025
61376.0731 lsst_hardware_r 299.66129052745356 28.58606787346134 31.5 AB 6.55670345501088 1.0486530915651149
61376.0923 lsst_hardware_i 509.08384026763144 38.09496240749577 31.260000228881836 AB 6.6160712853736365 1.0430508096127442
61379.0652 lsst_hardware_z 548.5731172286443 47.42466023310042 30.950000762939453 AB 1.526042384298559 1.0484660833380688
61379.0848 lsst_hardware_r 206.40873844932509 27.75926392683923 31.510000228881836 AB 3.9015354123359964 1.0430983189562995
61381.0658 lsst_hardware_u 3.1492265129886627 3.4036900652803284 28.469999313354492 AB 4.642469670427071 1.0453069902453298
61381.0821 lsst_hardware_g 33.88685654279227 15.624211786285173 31.43000030517578 AB 4.709412622697255 1.0434637174313974
61383.0664 lsst_hardware_r 210.87760304519188 27.279394818789775 31.5 AB 5.577129056085623 1.0434942726866356
61383.085 lsst_hardware_z 551.6165661435049 46.79211507795579 30.950000762939453 AB 6.386394775023418 1.0462638884376505
61385.0412 lsst_hardware_y 237.82617678474955 51.50496651332669 30.049999237060547 AB 10.206959262526054 1.0543744019412797
61385.0593 lsst_hardware_r 201.88277992338445 26.958507376344084 31.5 AB 10.460092896742974 1.0438519955500742
61387.0429 lsst_hardware_z 475.3522874909267 48.41068863612538 30.959999084472656 AB 11.957926575641505 1.0487569352428434
61387.0615 lsst_hardware_g 36.87090419464026 16.04340076696416 31.459999084472656 AB 11.901845869848508 1.043015149403953
61389.0438 lsst_hardware_y 106.75183786422106 51.72489664638149 30.049999237060547 AB 8.026326615743283 1.0453698347101372
61389.0624 lsst_hardware_i 327.06135682914856 36.41527617630554 31.260000228881836 AB 8.016548870505131 1.043937480483459
61392.0351 lsst_hardware_y 249.8602151512913 70.12045968992142 30.06999969482422 AB 3.70555331425099 1.0455850209511823
61392.0528 lsst_hardware_g -31.402150839192696 43.99376380295361 31.700000762939453 AB 4.254520256614808 1.0436058764002718
61394.0347 lsst_hardware_y 421.2145251679046 104.83159248522617 30.829999923706055 AB 4.8417538357022 1.0438563785202903
61394.0565 lsst_hardware_z 827.76048240645 85.10925914375487 31.739999771118164 AB 5.487874968569893 1.047054608837566
61396.0461 lsst_hardware_y 374.7936761253001 90.03313218593308 30.81999969482422 AB 5.739159833842753 1.0448133686223835
61616.4194 lsst_hardware_r 19.56988320574788 23.350000381469727 31.510000228881836 AB 3.963184322578769 1.046247181250995
61616.4381 lsst_hardware_z -3.539307795887318 57.970001220703125 30.979999542236328 AB 3.9139026218277118 1.0435682233909378
61618.4159 lsst_hardware_z 2.7266369740400607 41.27000045776367 30.950000762939453 AB 6.562219790308256 1.0453694790014518
61618.4366 lsst_hardware_y -49.16984389099247 62.779998779296875 30.059999465942383 AB 7.007210946794854 1.0446310453144116
61621.4143 lsst_hardware_u -1.0425932660717396 2.759999990463257 28.459999084472656 AB 2.094719512857534 1.0434468308132174
61621.4327 lsst_hardware_y -52.23575825476727 56.040000915527344 30.059999465942383 AB 1.5530749966692288 1.0464289702431637
61623.3942 lsst_hardware_i -15.220199662523598 30.739999771118164 31.25 AB 3.0178867843353636 1.0498823393060928
61623.4158 lsst_hardware_y 80.74811938028125 47.279998779296875 30.040000915527344 AB 3.0202928544663514 1.0431289179334067
61625.3979 lsst_hardware_r 13.553315032922177 22.989999771118164 31.5 AB 1.4629099470194604 1.0449356764424718
61625.4178 lsst_hardware_y -26.523986579551064 47.470001220703125 30.049999237060547 AB 1.991622418912008 1.0447398595446797
61628.3949 lsst_hardware_g 3.238646082300751 14.020000457763672 31.40999984741211 AB 6.2841258263035416 1.0434991547289527
61628.4136 lsst_hardware_y -151.94733135502457 47.189998626708984 30.040000915527344 AB 6.282972147359229 1.046435333356152
61630.396 lsst_hardware_i 8.709799219556565 30.81999969482422 31.260000228881836 AB 4.649543663896254 1.043083267279025
61630.4162 lsst_hardware_z 27.127254749828243 42.279998779296875 30.950000762939453 AB 4.729377204245152 1.0516543398673552
61648.2734 lsst_hardware_r 0.8932731278006587 23.100000381469727 31.479999542236328 AB 5.670038090389808 1.1441331968702635
61648.2904 lsst_hardware_u 4.5704540784504415 2.630000114440918 28.360000610351562 AB 5.402581931133069 1.1001354687527036
61650.299 lsst_hardware_g -16.965348841095157 13.819999694824219 31.399999618530273 AB 2.805472303881895 1.074036294355806
61650.3159 lsst_hardware_i -23.87323676991106 30.399999618530273 31.25 AB 2.7255904043016823 1.0535379240335057
61652.2754 lsst_hardware_r -5.144531523301097 23.110000610351562 31.479999542236328 AB 2.4772507175151057 1.109382318636411
61652.2935 lsst_hardware_z 75.68707785509314 41.75 30.940000534057617 AB 2.4834935737205828 1.0740979919500826
61656.2705 lsst_hardware_g -24.17170609550214 14.0600004196167 31.40999984741211 AB 3.0758586261895515 1.0960092500601188
61656.2892 lsst_hardware_r -44.20655262940243 22.850000381469727 31.489999771118164 AB 3.007967566770611 1.0647044658500187
61677.2217 lsst_hardware_i -56.50744550079962 30.969999313354492 31.239999771118164 AB 4.994239909935169 1.0798745706011152
61677.241 lsst_hardware_z -20.736693617318796 41.380001068115234 30.950000762939453 AB 4.862986239109863 1.0546108155802645
61679.2152 lsst_hardware_i 2.5105606361364208 30.93000030517578 31.239999771118164 AB 4.553015877090652 1.081669151770687
61679.2332 lsst_hardware_u 0.633451867875378 2.6500000953674316 28.389999389648438 AB 4.454424914328843 1.0568866452852623
61681.2174 lsst_hardware_g 9.614915438199098 14.3100004196167 31.43000030517578 AB 3.4970342732004216 1.0695112082575395
61681.2362 lsst_hardware_r -26.286364621073744 23.040000915527344 31.5 AB 3.403719761248807 1.0496398924520258
61683.2044 lsst_hardware_i -41.49718348098542 31.229999542236328 31.239999771118164 AB 6.650962688777716 1.0814573477687344
61683.2235 lsst_hardware_r -24.849557425952888 23.290000915527344 31.5 AB 7.11259015974356 1.0556720088672376
61685.2018 lsst_hardware_z 75.55541905997174 42.7599983215332 30.950000762939453 AB 4.869570840171381 1.0766439443954539
61685.2217 lsst_hardware_g 21.346187488977083 17.6200008392334 31.510000228881836 AB 4.340165174198883 1.0523738551299264
61687.2039 lsst_hardware_r 9.58979564850908 38.779998779296875 31.600000381469727 AB 3.398440470705339 1.0655645288584177
61687.2222 lsst_hardware_i 10.575250699681273 38.16999816894531 31.290000915527344 AB 3.164344866215251 1.048085520137718
61690.201 lsst_hardware_z -93.26791824883549 56.2599983215332 30.969999313354492 AB 6.572580431364225 1.059182493236607
61690.2192 lsst_hardware_r 103.01407027023055 70.06999969482422 31.649999618530273 AB 5.749841094088285 1.0454256534705972
61691.1832 lsst_hardware_i 91.51881315496207 72.80999755859375 31.31999969482422 AB 7.048175387615664 1.0803457062560273
61691.2023 lsst_hardware_z -46.356739808975405 64.87000274658203 30.979999542236328 AB 6.809329291188561 1.0550556695364985
61693.1744 lsst_hardware_z -46.945758851714906 82.47000122070312 30.989999771118164 AB 7.237768034776453 1.0863169954137162
61693.192 lsst_hardware_r 34.81238858465103 122.16000366210938 31.65999984741211 AB 6.907522821555658 1.0600863753154786
61695.1815 lsst_hardware_i -60.50401445527703 85.4800033569336 31.329999923706055 AB 6.94561642348582 1.0663007366702468
61695.1992 lsst_hardware_r 30.199179891117556 105.02999877929688 31.649999618530273 AB 6.7866949868103115 1.0488131338278204
61697.1808 lsst_hardware_z -58.38795712974628 53.52000045776367 30.969999313354492 AB 2.752894955494707 1.0604031543008752
61697.1982 lsst_hardware_g -22.489821988950954 62.849998474121094 31.719999313354492 AB 2.705671568428985 1.046276708595895
61704.1675 lsst_hardware_z -32.77845847543632 41.470001220703125 30.950000762939453 AB 1.3693219472725129 1.0544060168939549
61704.1845 lsst_hardware_r -17.416607066142777 23.270000457763672 31.520000457763672 AB 1.2599786785321352 1.0441812253028744
61708.1509 lsst_hardware_g -2.617654589238975 14.350000381469727 31.420000076293945 AB 5.868740865740805 1.0602485643359931
61708.1667 lsst_hardware_r 17.332627472654448 23.309999465942383 31.510000228881836 AB 5.4424478984707845 1.0470272986668625
61710.0696 lsst_hardware_i 23.185324668698428 32.70000076293945 31.219999313354492 AB 5.310265015028331 1.2870769577931724
61710.0891 lsst_hardware_r 2.022276592174768 23.709999084472656 31.479999542236328 AB 6.536710533596507 1.1962868141399738
61721.116 lsst_hardware_z -52.64175396049541 73.01000213623047 30.989999771118164 AB 3.5794201350889114 1.0595747600046115
61721.1358 lsst_hardware_r -29.479194853152546 103.58000183105469 31.65999984741211 AB 4.5621667130051655 1.0449305343573752
61723.1162 lsst_hardware_i 27.28527757770254 86.58000183105469 31.329999923706055 AB 3.135020814584857 1.05387707020249
61723.1341 lsst_hardware_z 209.67661425353572 74.51000213623047 30.989999771118164 AB 5.211822508629452 1.0437910161145805
61725.1186 lsst_hardware_i 10.993577618347526 58.939998626708984 31.31999969482422 AB 6.075782367277152 1.0479853445735223
61725.1369 lsst_hardware_z -40.17141729409742 56.619998931884766 30.979999542236328 AB 6.074278420131254 1.0430930315051736
61727.1069 lsst_hardware_u -4.6480681473947625 2.619999885559082 28.3799991607666 AB 5.8622606120860015 1.0524704869095156
61727.1266 lsst_hardware_g 2.1283419727499107 13.960000038146973 31.420000076293945 AB 4.866011516245229 1.043201096847514
61730.0946 lsst_hardware_r -33.792802362908816 23.020000457763672 31.5 AB 3.5114252814177855 1.0562265848750578
61730.1148 lsst_hardware_i -0.43113006423521055 30.75 31.25 AB 3.420644889440349 1.0438342659260607
61733.0952 lsst_hardware_z -20.838357591526755 41.119998931884766 30.950000762939453 AB 8.35851456216727 1.0489664792512785
61733.1146 lsst_hardware_u 0.6446033449856171 2.619999885559082 28.389999389648438 AB 8.293413001285646 1.0430654007401856
61735.1012 lsst_hardware_g 13.03538111782219 13.989999771118164 31.420000076293945 AB 3.7581880369560574 1.0438203088410871
61735.1186 lsst_hardware_r 6.346399715325429 22.75 31.5 AB 3.670659304112465 1.04515153990642
61737.0751 lsst_hardware_r 7.531824593256912 22.59000015258789 31.5 AB 4.044708831737857 1.0566115025438498
61737.095 lsst_hardware_i 6.219177349091973 30.18000030517578 31.239999771118164 AB 3.9727930099933415 1.044006572352954
61739.0715 lsst_hardware_z 78.94139694580309 41.369998931884766 30.950000762939453 AB 5.216260338982249 1.0548021513538397
61739.0903 lsst_hardware_i 44.70662760918531 30.459999084472656 31.25 AB 5.2724795306621735 1.0438142074099823
61741.0697 lsst_hardware_u 3.9826878103172314 2.700000047683716 28.40999984741211 AB 6.619302856634825 1.0516289027116705
61741.0889 lsst_hardware_g -1.819048933743697 14.109999656677246 31.420000076293945 AB 6.62744838552933 1.0431450764211956
61749.0614 lsst_hardware_i 138.63223432799745 65.80999755859375 31.329999923706055 AB 8.00374062766987 1.0442385788903237
61749.0772 lsst_hardware_z 78.07008013522555 60.52000045776367 30.989999771118164 AB 7.561790348688486 1.044085653943871
61753.0426 lsst_hardware_y 7.706527373404663 54.70000076293945 30.059999465942383 AB 8.276906256193369 1.047709652682705
61753.0607 lsst_hardware_g -29.110761528419165 79.43000030517578 31.729999542236328 AB 8.240527329801031 1.0431047252912697
61755.0454 lsst_hardware_y 38.960998505175205 49.470001220703125 30.049999237060547 AB 10.443690800197466 1.0441265978721037
61755.0656 lsst_hardware_i -37.716170596739424 30.829999923706055 31.260000228881836 AB 10.464708656086458 1.0458276624418912
61757.0337 lsst_hardware_z -6.869614499257555 59.619998931884766 30.979999542236328 AB 3.7057503123264794 1.0466003847563805
61757.0534 lsst_hardware_u -0.6146267384440183 2.9800000190734863 28.520000457763672 AB 4.245153000679293 1.0436120707219698
61759.0348 lsst_hardware_y -24.457550367359907 71.25 30.059999465942383 AB 5.013116493067626 1.0440367566265965
61759.0569 lsst_hardware_r -6.888188918253722 23.1299991607666 31.5 AB 5.663848293222036 1.046922050503149
