data/validation/pwv_sim_epoch_fit_epoch/49666122.ecsv
# %ECSV 0.9
# ---
# datatype:
# - {name: time, datatype: float64}
# - {name: band, datatype: string}
# - {name: flux, datatype: float64}
# - {name: fluxerr, datatype: float64}
# - {name: zp, datatype: float64}
# - {name: zpsys, datatype: string}
# - {name: pwv, datatype: float64}
# - {name: airmass, datatype: float64}
# meta: {SNID: '49666122', alt: 1024.0, c: 0.12112497538328171, dec: -38.873585, lat: -30.244573, lon: -70.7499537, ra: 46.054688, t0: 62349.6171875,
#   x0: 2.5188300401994834e-05, x1: -1.016004204750061, z: 0.3109131455421448}
# schema: astropy-2.0
time band flux fluxerr zp zpsys pwv airmass
62360.384 lsst_hardware_r 5722.073829730075 78.29496988524248 31.479999542236328 AB 3.1639311674979083 1.044977678968841
62369.4207 lsst_hardware_z 5482.415658007467 102.46289475124867 31.719999313354492 AB 1.534573006687374 1.01314238997846
62375.3597 lsst_hardware_z 2577.96280857285 73.06150826258471 30.969999313354492 AB 2.7773049948630497 1.0257189443049548
62375.3706 lsst_hardware_y 1045.7538904581652 58.058827796249574 30.059999465942383 AB 2.7970287622602914 1.0175330487820136
62380.4124 lsst_hardware_i 2697.5920469846087 63.568816684685586 31.280000686645508 AB 0.6982644291673089 1.0269853107007854
62382.4078 lsst_hardware_z 2288.3005492989773 63.89434587270745 30.950000762939453 AB 1.1800987163950496 1.0278113366771697
62385.4099 lsst_hardware_g 270.5612178373205 26.4132964953857 31.549999237060547 AB 0.7492380660229939 1.0394054095116678
62387.4089 lsst_hardware_i 1903.221902675561 57.0937077255867 31.280000686645508 AB 2.345961959185561 1.0454375932199471
62389.3936 lsst_hardware_i 1751.840960460214 50.750962614586044 31.239999771118164 AB 2.3707841504363625 1.0329464020491015
62389.4048 lsst_hardware_u 0.8425378306713777 5.411488120877084 28.8700008392334 AB 2.3639861323818585 1.0474019195311737
62393.3893 lsst_hardware_i 1393.691828891596 47.932721879578125 31.25 AB 1.2652746654559865 1.0410213222812368
62393.401 lsst_hardware_r 722.6902347577203 36.680048853501326 31.520000457763672 AB 1.2829212301880366 1.0586614469988829
62395.3958 lsst_hardware_u 4.91347326722755 3.9333799687757343 28.690000534057617 AB 4.469068412669514 1.059104608421561
62399.3808 lsst_hardware_i 1099.4536773761436 47.969779566896506 31.270000457763672 AB 6.256789986180366 1.0524162461684015
62399.3921 lsst_hardware_z 844.7371659200617 52.33629499327996 30.950000762939453 AB 6.235003116734384 1.07231973802294
62409.181 lsst_hardware_z 632.0152344934592 49.93003507265244 30.93000030517578 AB 5.19912964074031 1.2343124221280362
62411.359 lsst_hardware_z 618.5928639201659 48.538020375565196 30.950000762939453 AB 2.6009209990426525 1.0716608978338082
62411.3706 lsst_hardware_i 1021.5700016712088 44.06364013246379 31.25 AB 2.6345164849359333 1.0966490155135893
62413.3232 lsst_hardware_u 3.122112279745856 2.810427137645558 28.469999313354492 AB 2.732013841020017 1.027845688871338
62413.335 lsst_hardware_g 136.11202850210958 17.70379240618561 31.40999984741211 AB 2.4980287697577084 1.0414238895599117
62414.3449 lsst_hardware_r 471.6039430175243 30.88795010637017 31.479999542236328 AB 8.061941905421252 1.060781829660691
62414.3572 lsst_hardware_i 906.8395505179012 42.14854367568377 31.239999771118164 AB 8.244571303065145 1.0848120135612034
62416.3425 lsst_hardware_z 17.728772229346564 41.38999938964844 30.940000534057617 AB 3.8385565828292156 1.0662657174525598
62416.3542 lsst_hardware_u -1.6802968019377467 2.5999999046325684 28.3700008392334 AB 3.924988114765809 1.090274476323836
62418.3514 lsst_hardware_g -13.281999648885664 13.130000114440918 31.3799991607666 AB 3.1211962649439107 1.0964389689498515
62418.3631 lsst_hardware_r 6.401622830150448 22.3700008392334 31.479999542236328 AB 3.212206564536917 1.1268923222371223
62420.3397 lsst_hardware_i -25.167299068158087 30.239999771118164 31.239999771118164 AB 4.75445579508219 1.0824031405991699
62420.3511 lsst_hardware_z -5.3249592208297445 41.79999923706055 30.940000534057617 AB 4.873473899180384 1.1091832487465239
62422.2812 lsst_hardware_z 25.666266914805693 40.290000915527344 30.950000762939453 AB 5.643928741978472 1.0152472628352822
62422.2945 lsst_hardware_i -42.642141943594325 29.68000030517578 31.25 AB 5.439548209327015 1.0240755963590238
62425.3244 lsst_hardware_r 22.65395894090749 22.079999923706055 31.489999771118164 AB 7.562623265806671 1.0789361706971663
62425.3355 lsst_hardware_i -22.06933207780767 30.530000686645508 31.239999771118164 AB 8.067348585654093 1.1042464614384688
62427.3249 lsst_hardware_z 3.4287832831630882 61.709999084472656 31.700000762939453 AB 6.720196452241752 1.0919454778056985
62429.3119 lsst_hardware_z 60.775760530227686 57.810001373291016 30.979999542236328 AB 1.3683009876759802 1.0757083236446385
62429.3231 lsst_hardware_r 22.169577834812767 66.08000183105469 31.6299991607666 AB 1.273945611326909 1.1006009601096407
62433.3101 lsst_hardware_i 15.897827932700277 65.27999877929688 31.31999969482422 AB 3.5395902252695794 1.0956222323366032
62433.3208 lsst_hardware_z 42.70995961371623 60.7599983215332 30.969999313354492 AB 3.5202629974423334 1.1230998848618297
62435.3111 lsst_hardware_i -50.848380666042 51.029998779296875 31.299999237060547 AB 1.4573815450470018 1.1116564035442726
62435.3218 lsst_hardware_z -1.19789421920987 52.369998931884766 30.959999084472656 AB 1.5535346019647214 1.1420249463104009
62438.3036 lsst_hardware_r -17.764874488502638 36.349998474121094 31.56999969482422 AB 3.3435668686999467 1.1134706783704102
62438.3142 lsst_hardware_i 57.35074684526262 37.689998626708984 31.260000228881836 AB 3.489120859199112 1.1438490413722364
62440.3002 lsst_hardware_z 7.7703575611353255 42.540000915527344 30.940000534057617 AB 3.823057918238577 1.1189983662339662
62440.3104 lsst_hardware_u -4.486363508671667 4.289999961853027 28.719999313354492 AB 3.9462578625669877 1.1490608160439642
62442.3057 lsst_hardware_g -9.531403742913183 13.609999656677246 31.360000610351562 AB 3.5066734014686753 1.1514908279778926
62442.3177 lsst_hardware_r -19.926505491319475 22.920000076293945 31.459999084472656 AB 3.659132741079863 1.1935846714408036
62458.2324 lsst_hardware_y 38.65768409952131 73.06999969482422 30.790000915527344 AB 4.873554824938324 1.0750686207330997
62465.0543 lsst_hardware_z -33.7323271271947 59.20000076293945 31.690000534057617 AB 5.885301633963224 1.1382461336356684
62465.0647 lsst_hardware_i 19.260495291724304 42.709999084472656 31.989999771118164 AB 5.762389651155753 1.1092184121570265
62466.1436 lsst_hardware_r -28.38077821692711 32.869998931884766 31.579999923706055 AB 5.260379093745135 1.011141442677948
62466.1556 lsst_hardware_z -24.054148021394667 43.849998474121094 30.959999084472656 AB 5.291664570094017 1.0130657590199497
62468.1843 lsst_hardware_r -19.36007535274388 26.3700008392334 31.530000686645508 AB 3.4402148496950242 1.040728519835915
62468.1969 lsst_hardware_u 2.5572512135751606 3.569999933242798 28.6200008392334 AB 3.4309784394885057 1.059816239545461
62477.1988 lsst_hardware_r 25.124927068427645 21.959999084472656 31.469999313354492 AB 4.513680338232305 1.1179855527325722
62477.2103 lsst_hardware_u -0.25916421119566796 2.5899999141693115 28.360000610351562 AB 4.900522579129288 1.152025054843699
62485.1041 lsst_hardware_z 41.70199443868203 66.73999786376953 31.719999313354492 AB 7.87685880754567 1.0131948476944106
62487.0964 lsst_hardware_r 62.2869817529575 62.720001220703125 31.649999618530273 AB 9.679624505572482 1.0125130235953932
62487.1094 lsst_hardware_i 23.617206768138477 52.630001068115234 31.31999969482422 AB 9.85146278775347 1.0184144852949286
62489.1006 lsst_hardware_z -30.618118213943983 57.41999816894531 30.989999771118164 AB 3.1006795661104785 1.0164496200985014
62489.1151 lsst_hardware_r 94.37029181961522 77.6500015258789 31.65999984741211 AB 3.145556776701336 1.0272883006862625
62491.1074 lsst_hardware_z -95.12954270200731 82.56999969482422 31.739999771118164 AB 3.1781834284388455 1.0252204607867244
62495.0881 lsst_hardware_i -21.27157918263164 41.83000183105469 32.0 AB 6.188240041338202 1.018766109616529
62495.1012 lsst_hardware_r 28.0555507491571 47.04999923706055 32.34000015258789 AB 6.240576038875534 1.0297555445527582
62499.0844 lsst_hardware_r -15.409619601403419 21.690000534057617 31.5 AB 7.68158657065221 1.024211542753628
62499.0961 lsst_hardware_i -80.65340311564557 29.809999465942383 31.25 AB 7.771945132095289 1.0362593509460385
62501.0817 lsst_hardware_z 35.839528303098184 40.43000030517578 30.950000762939453 AB 7.726360928695774 1.0266907087496735
62501.0941 lsst_hardware_r 18.820638766075387 21.649999618530273 31.479999542236328 AB 7.781189735782818 1.0406138061896113
62503.0778 lsst_hardware_u -2.0248057242882203 2.559999942779541 28.3799991607666 AB 6.982103949053094 1.028191235379898
62503.0899 lsst_hardware_g 21.32262122043197 12.920000076293945 31.3799991607666 AB 5.2820798806257026 1.0422929072321447
62725.4317 lsst_hardware_g -3.417814351908746 43.09000015258789 31.709999084472656 AB 3.1028147835069486 1.0111829178774479
62735.4247 lsst_hardware_g 46.42695006985697 33.029998779296875 31.670000076293945 AB 1.7169556027537745 1.0156495727615849
62736.3569 lsst_hardware_z -122.896066347452 41.060001373291016 30.950000762939453 AB 2.0900115824764947 1.0418801507858895
62736.377 lsst_hardware_y -7.204453022802692 46.72999954223633 30.059999465942383 AB 2.299998509826217 1.021011472251946
62747.417 lsst_hardware_u -9.694265511771482 11.520000457763672 29.309999465942383 AB 0.8857405461731809 1.0371669158936545
62751.4027 lsst_hardware_r 14.591545458835352 22.540000915527344 31.5 AB 2.1410265361188334 1.033189304436643
62751.4148 lsst_hardware_u -6.124198975805353 11.270000457763672 29.309999465942383 AB 2.1385118234848903 1.0490614782854502
62753.3946 lsst_hardware_g 3.831606951313606 13.4399995803833 31.40999984741211 AB 3.6961938581653837 1.030321872702841
62753.4058 lsst_hardware_r -25.438892491650158 24.8700008392334 31.520000457763672 AB 3.754113578334451 1.0439451009202931
62755.4077 lsst_hardware_i 72.16066905830519 58.47999954223633 31.31999969482422 AB 2.6292368298011115 1.055035678234855
62758.1931 lsst_hardware_i 102.62607422858925 68.54000091552734 31.260000228881836 AB 1.2386823730556775 1.4130799958806093
62758.2159 lsst_hardware_z 33.58369965398136 62.220001220703125 30.950000762939453 AB 1.5633403225954472 1.278718824289207
62762.3927 lsst_hardware_y 1.5017177842594482 72.19999694824219 30.799999237060547 AB 1.7962881167720741 1.0620021383094156
62764.3778 lsst_hardware_g -51.52682231988384 23.59000015258789 31.600000381469727 AB 5.906053633259468 1.0468323476280408
62764.3897 lsst_hardware_r 21.847568002140225 29.079999923706055 31.549999237060547 AB 6.361340924961584 1.0664444132374826
62767.3697 lsst_hardware_z -26.669002143736297 41.0099983215332 30.950000762939453 AB 1.878602208978525 1.0469638913124513
62767.3824 lsst_hardware_r 3.5166715508160102 22.65999984741211 31.489999771118164 AB 1.5190209683584266 1.068103341163783
62772.3512 lsst_hardware_g 20.11027285428199 12.869999885559082 31.3799991607666 AB 4.951959126919314 1.0402729114898663
62772.3633 lsst_hardware_r -13.708325132023983 21.649999618530273 31.469999313354492 AB 4.985741363330215 1.0583752827745507
62774.3565 lsst_hardware_i -50.11517620858956 29.84000015258789 31.239999771118164 AB 3.4160760616989823 1.05613728913254
62774.3686 lsst_hardware_r -31.09928734279178 21.860000610351562 31.469999313354492 AB 3.456660382108326 1.0785772683265533
62776.1438 lsst_hardware_r -9.008400825821951 41.709999084472656 32.619998931884766 AB 6.209611333521872 1.414167919271696
62776.155 lsst_hardware_i 63.95318738682079 46.150001525878906 31.959999084472656 AB 5.90722032422835 1.342651789732938
62781.3565 lsst_hardware_z -43.70971452126765 41.65999984741211 30.950000762939453 AB 3.9383095025041706 1.093974861806714
62781.3686 lsst_hardware_r -15.089287177789046 22.459999084472656 31.479999542236328 AB 4.050198509181377 1.1250551414392713
62785.1321 lsst_hardware_r -41.73021377364347 142.82000732421875 32.34000015258789 AB 5.9310129742433215 1.3329117479008399
62785.1487 lsst_hardware_z 14.710152262404849 68.93000030517578 30.959999084472656 AB 5.518739099274648 1.2475485869809317
62787.3231 lsst_hardware_i 67.98885842835767 67.08999633789062 31.329999923706055 AB 5.636069438291573 1.059660528938486
62787.3342 lsst_hardware_r -73.43277455437799 83.94000244140625 31.639999389648438 AB 5.89103456931806 1.0808576666842915
62789.3298 lsst_hardware_z 23.072701474763033 73.68000030517578 31.719999313354492 AB 6.158576625003413 1.0831123153364342
62791.3349 lsst_hardware_r 62.376393586754716 44.560001373291016 31.610000610351562 AB 5.417089419957064 1.10788364788212
62791.345 lsst_hardware_i -35.72518912668287 42.2599983215332 31.280000686645508 AB 5.5638483142605235 1.1357883058506544
62793.3119 lsst_hardware_z -10.566066659265617 43.290000915527344 30.959999084472656 AB 4.062277046378368 1.0690202753627285
62793.324 lsst_hardware_r 21.780544382913032 31.59000015258789 31.56999969482422 AB 4.1594362465060275 1.094588485922639
62794.1347 lsst_hardware_i 17.682402071425816 54.310001373291016 32.41999816894531 AB 4.070416973341049 1.2026049753812935
62794.1502 lsst_hardware_z -53.244834784308345 73.5 32.130001068115234 AB 3.8644548888076775 1.14774424972013
62796.3155 lsst_hardware_r 12.679107316745283 22.81999969482422 31.489999771118164 AB 2.671862437133513 1.0938674642827828
62796.3261 lsst_hardware_z 8.113558035775295 42.290000915527344 30.940000534057617 AB 2.7061386013206277 1.1207476519705792
62799.3122 lsst_hardware_r 11.530143829124226 22.149999618530273 31.479999542236328 AB 4.198193516316714 1.1057091917782789
62799.3233 lsst_hardware_u -2.035980081524129 2.549999952316284 28.31999969482422 AB 4.312777720905437 1.1362122692235888
62803.3068 lsst_hardware_r 14.477524498029169 22.540000915527344 31.489999771118164 AB 3.39598202627959 1.1202315771991946
62803.3174 lsst_hardware_i -48.99845490257407 31.360000610351562 31.239999771118164 AB 3.478576907435955 1.1517830939029705
62807.3006 lsst_hardware_z -57.98043912113062 41.95000076293945 30.940000534057617 AB 3.4021381553877905 1.1336681624084606
62807.3117 lsst_hardware_r 5.84322566118436 22.280000686645508 31.459999084472656 AB 3.5038066483909103 1.1692346991294975
62810.2423 lsst_hardware_z 27.7901298401378 46.689998626708984 30.969999313354492 AB 4.349392908794719 1.0339695492201877
62813.2456 lsst_hardware_z -134.30526037901012 85.94999694824219 31.729999542236328 AB 4.984811360084098 1.0491762781247864
62819.1706 lsst_hardware_r -84.91271722479522 52.13999938964844 31.639999389648438 AB 4.0963068327991765 1.0117252293580479
62819.182 lsst_hardware_i -29.21790890657619 46.119998931884766 31.309999465942383 AB 4.090962401154184 1.0114461186305053
62822.2428 lsst_hardware_z 33.85710934289571 43.90999984741211 30.950000762939453 AB 5.880169263616653 1.0899462636648671
62822.2543 lsst_hardware_i 42.47400453887749 36.459999084472656 31.270000457763672 AB 4.5071215470590245 1.118531219024451
62827.1573 lsst_hardware_i 62.71248190981113 41.65999984741211 32.0 AB 4.2259061673767615 1.0111839283852668
62827.1747 lsst_hardware_z 4.376607308784888 40.220001220703125 30.950000762939453 AB 3.8425141277259107 1.0162692747227036
62829.2353 lsst_hardware_g -10.128414135151013 13.020000457763672 31.360000610351562 AB 8.602104212686422 1.1188394939599295
62829.2477 lsst_hardware_r -42.4524391161169 22.270000457763672 31.459999084472656 AB 8.74195424339281 1.1559736296897345
62831.229 lsst_hardware_i -25.2256880347759 30.299999237060547 31.229999542236328 AB 5.877809238958418 1.1165697462007442
62831.2412 lsst_hardware_z 51.060384832295725 42.029998779296875 30.93000030517578 AB 6.0639864069105665 1.1525934818469732
62833.1917 lsst_hardware_i 26.1999371615785 29.8700008392334 31.25 AB 3.540929632746588 1.050253487393097
62833.2042 lsst_hardware_z 16.650483228709515 41.209999084472656 30.940000534057617 AB 3.614034758298166 1.0719367516824527
62835.1871 lsst_hardware_r -11.113682235640647 21.709999084472656 31.489999771118164 AB 4.681285479590991 1.05158041473403
62838.1755 lsst_hardware_i 38.96439643780697 38.0 31.290000915527344 AB 6.6859728471786735 1.046468527340192
62838.1866 lsst_hardware_z -52.37528504284697 44.61000061035156 30.959999084472656 AB 6.800820012229067 1.0645177364131477
62840.1971 lsst_hardware_r -35.03448041798618 55.900001525878906 31.6200008392334 AB 2.629734170518437 1.0979718884597351
62840.2087 lsst_hardware_z -82.78068620172255 52.06999969482422 30.959999084472656 AB 2.9799444031634943 1.1284462380623475
62842.206 lsst_hardware_r -14.149287945150904 75.0199966430664 31.6200008392334 AB 4.601461528233865 1.1365375090319114
62842.2177 lsst_hardware_i -181.22708134947396 62.650001525878906 31.299999237060547 AB 4.954026819520698 1.1747287245435003
62844.1631 lsst_hardware_z -64.41185461178347 61.93000030517578 30.989999771118164 AB 5.762595541456948 1.0524808075351715
62844.1772 lsst_hardware_i 55.803305558950306 69.26000213623047 31.329999923706055 AB 6.567816972586204 1.0780167373961764
62851.0977 lsst_hardware_u 3.2284198222708667 2.6600000858306885 28.479999542236328 AB 10.216526222730652 1.011986116064779
62851.11 lsst_hardware_g 1.5532723181853763 12.800000190734863 31.389999389648438 AB 10.260333387078251 1.0167271199266068
62853.0937 lsst_hardware_r 24.522009989300876 21.559999465942383 31.5 AB 3.9438728522523325 1.0123309995083514
62853.1078 lsst_hardware_i 14.532616142375964 29.559999465942383 31.25 AB 3.9126234600988186 1.0186912892424782
62855.0991 lsst_hardware_z -31.608496137676422 40.36000061035156 30.959999084472656 AB 3.4170945830469153 1.0167402677055042
62855.1115 lsst_hardware_r 14.827213308423907 21.670000076293945 31.5 AB 3.3976256581001887 1.0258273467655277
62858.0872 lsst_hardware_r -21.522146266018375 21.6299991607666 31.489999771118164 AB 4.357503140457334 1.0148675895793806
62858.0997 lsst_hardware_u -3.0766149967804575 2.6600000858306885 28.469999313354492 AB 4.391260717589549 1.0227297688664425
62860.088 lsst_hardware_g 3.801442032817755 12.989999771118164 31.399999618530273 AB 6.130147652518717 1.0182546659222984
62860.1012 lsst_hardware_i -17.650741326662207 29.760000228881836 31.25 AB 6.2362857028522765 1.0290475975170323
62863.0746 lsst_hardware_z -24.992084191283872 40.349998474121094 30.950000762939453 AB 6.393390941250153 1.0153611870699024
62863.0859 lsst_hardware_r 10.522622622457716 21.809999465942383 31.5 AB 5.510857135412326 1.02261219807243
62865.0746 lsst_hardware_y 74.22743476751846 46.7599983215332 30.059999465942383 AB 8.613671780399057 1.0184153048405211
62865.0874 lsst_hardware_g 8.216719251772846 18.190000534057617 31.540000915527344 AB 7.59319751773243 1.0289001706522112
62866.0776 lsst_hardware_r 26.205780657772113 29.25 31.56999969482422 AB 7.688373130060242 1.0225260180955096
62866.0914 lsst_hardware_i 32.591874960163246 33.54999923706055 31.280000686645508 AB 7.6865473868989564 1.0363418345556097
62868.0786 lsst_hardware_z -16.134146576153682 45.7599983215332 30.959999084472656 AB 7.380414934749767 1.0282948543678851
62868.0911 lsst_hardware_r -8.664029235456205 42.869998931884766 31.610000610351562 AB 5.314778919669775 1.0429826658823085
