data/validation/pwv_sim_epoch_fit_epoch/49743867.ecsv
# %ECSV 0.9
# ---
# datatype:
# - {name: time, datatype: float64}
# - {name: band, datatype: string}
# - {name: flux, datatype: float64}
# - {name: fluxerr, datatype: float64}
# - {name: zp, datatype: float64}
# - {name: zpsys, datatype: string}
# - {name: pwv, datatype: float64}
# - {name: airmass, datatype: float64}
# meta: {SNID: '49743867', alt: 1024.0, c: -0.10928098112344742, dec: -5.379379, lat: -30.244573, lon: -70.7499537, ra: 207.597656, t0: 62669.44921875,
#   x0: 2.193594444612148e-06, x1: 0.7390033006668091, z: 0.8573007583618164}
# schema: astropy-2.0
time band flux fluxerr zp zpsys pwv airmass
62540.3674 lsst_hardware_u -1.9326531411193046 2.880000114440918 28.389999389648438 AB 9.097985204493634 1.1109894519525536
62540.386 lsst_hardware_y -78.60597267700588 68.41000366210938 30.040000915527344 AB 7.322180315511098 1.1010797466933895
62542.3691 lsst_hardware_i -31.141871481805087 32.45000076293945 31.239999771118164 AB 3.766816583251596 1.1054487404993636
62542.387 lsst_hardware_y 30.79408294944168 64.19000244140625 30.040000915527344 AB 4.204397678199651 1.1010119618190726
62544.3672 lsst_hardware_u -0.3282522527209051 2.9700000286102295 28.510000228881836 AB 6.8339896996156835 1.1035022928492948
62544.3847 lsst_hardware_y 74.2003188394883 54.709999084472656 30.040000915527344 AB 5.71146789072985 1.101607539680439
62545.3572 lsst_hardware_r -12.865663798175081 24.719999313354492 31.5 AB 6.198770347695966 1.108044511892271
62545.3753 lsst_hardware_y 29.674126082692958 48.709999084472656 30.030000686645508 AB 5.417474643679534 1.1008330492617884
62549.3718 lsst_hardware_z 4.398529479298803 55.869998931884766 30.969999313354492 AB 4.478022735989271 1.1018078946888774
62549.3893 lsst_hardware_y 2.6279403390267033 59.79999923706055 30.040000915527344 AB 3.6736983838054584 1.1132419344865025
62551.3384 lsst_hardware_r 162.41823149564013 103.05999755859375 31.649999618530273 AB 3.432373470182663 1.1100520588112641
62551.3575 lsst_hardware_i 30.833833906725392 80.66000366210938 31.329999923706055 AB 3.5155519936528545 1.100903547072919
62553.3428 lsst_hardware_z -83.53437444029436 75.88999938964844 30.989999771118164 AB 6.253167526686154 1.10341901801682
62553.3604 lsst_hardware_i -81.71143701445175 86.44000244140625 31.329999923706055 AB 6.2951531136804935 1.1016747464513041
62555.3527 lsst_hardware_z -112.70543207170039 88.83999633789062 31.729999542236328 AB 10.811972803258026 1.1011837656727574
62558.3374 lsst_hardware_r 20.89951650783918 28.760000228881836 31.540000915527344 AB 7.373683602738948 1.1010016951344133
62558.3553 lsst_hardware_i 59.817497676483136 33.939998626708984 31.260000228881836 AB 7.252698564481409 1.1054679060292512
62560.338 lsst_hardware_z 86.37123835530357 42.58000183105469 30.950000762939453 AB 5.26261790371318 1.1010236735631083
62560.3558 lsst_hardware_u 1.7632299615860232 2.930000066757202 28.469999313354492 AB 5.314649252925295 1.1099356242730394
62562.339 lsst_hardware_g 22.043566568679434 15.279999732971191 31.450000762939453 AB 3.5287127254473476 1.102722726702296
62562.3579 lsst_hardware_r 16.536297721390675 24.420000076293945 31.5 AB 3.5769939269141213 1.1178106021606629
62564.3381 lsst_hardware_i 6.516853709284933 31.729999542236328 31.229999542236328 AB 7.9864447999902985 1.1049697070305833
62564.3561 lsst_hardware_z 64.48276413052244 42.70000076293945 30.940000534057617 AB 8.389156271525701 1.1225329251269751
62565.3073 lsst_hardware_z -21.324547930382526 42.720001220703125 30.940000534057617 AB 10.76303201224288 1.104845031196874
62565.3259 lsst_hardware_i 37.40826873780613 31.93000030517578 31.239999771118164 AB 10.729880702372153 1.1012724168089247
62567.3129 lsst_hardware_u 2.0439519848378804 2.680000066757202 28.360000610351562 AB 9.836251658867475 1.1009907833968646
62567.3319 lsst_hardware_g 21.557502383947106 15.119999885559082 31.43000030517578 AB 9.92947006964396 1.1062243838729904
62569.3083 lsst_hardware_r 5.168836316288667 24.219999313354492 31.489999771118164 AB 7.926506770271617 1.1009037180932801
62569.3262 lsst_hardware_i 37.520638453141586 31.979999542236328 31.239999771118164 AB 7.963661347319447 1.1060640760165898
62573.304 lsst_hardware_z -20.718169107205497 42.65999984741211 30.940000534057617 AB 15.129931095261572 1.1012596557373726
62573.3232 lsst_hardware_u 0.9309491710326525 2.740000009536743 28.399999618530273 AB 15.325646585260381 1.112650398232949
62576.3035 lsst_hardware_g -11.071576827296312 29.709999084472656 31.6299991607666 AB 8.549223836146972 1.1039565913457836
62576.3224 lsst_hardware_r -15.94893023351993 24.389999389648438 31.5 AB 8.687449100194955 1.1212625888931376
62577.2769 lsst_hardware_r 79.047471658751 65.70999908447266 31.6299991607666 AB 8.718367577267363 1.103590832565489
62577.298 lsst_hardware_i 22.602869945128237 54.97999954223633 31.299999237060547 AB 8.859649779293168 1.1027008251033876
62579.2748 lsst_hardware_z 5.38465633297942 80.0199966430664 30.989999771118164 AB 6.189289194261633 1.1022122511447965
62579.294 lsst_hardware_i -54.72541239831611 93.5 31.329999923706055 AB 6.068274428443368 1.1033226233533395
62581.2416 lsst_hardware_z -78.73478424045862 143.63999938964844 31.739999771118164 AB 6.420866641860798 1.1280840927400306
62583.2781 lsst_hardware_r 7.491620721061772 86.87000274658203 31.639999389648438 AB 6.772615443834752 1.1015666638566557
62583.2977 lsst_hardware_i -61.19295780855056 73.08000183105469 31.31999969482422 AB 6.890187444277366 1.1145263167083868
62585.2375 lsst_hardware_z 119.84566589913902 68.69999694824219 31.700000762939453 AB 7.830151940035686 1.1185931342908122
62590.1001 lsst_hardware_g 0.9898399278086678 14.65999984741211 31.139999389648438 AB 11.070043566037954 1.853657663435692
62590.1187 lsst_hardware_r -41.964462415889976 25.969999313354492 31.3799991607666 AB 9.668973596177617 1.6164347054072359
62593.2787 lsst_hardware_i 9.830128668658887 32.40999984741211 31.239999771118164 AB 8.887803974326287 1.125038477762821
62593.2971 lsst_hardware_u -0.6777106916975832 2.7100000381469727 28.34000015258789 AB 10.223076711253478 1.1599228514229147
62595.2599 lsst_hardware_g 4.409051160495707 15.479999542236328 31.43000030517578 AB 7.071590564519968 1.1096317329093432
62595.2795 lsst_hardware_r -6.775165462192784 24.75 31.489999771118164 AB 7.333594085742626 1.1350555774249855
62601.2304 lsst_hardware_r 5.879663028462169 24.809999465942383 31.510000228881836 AB 5.361442853713932 1.101968248913524
62601.2473 lsst_hardware_i 36.72871152353613 32.31999969482422 31.239999771118164 AB 5.386412401624475 1.11320179146276
62603.223 lsst_hardware_z -67.7327367430493 42.95000076293945 30.950000762939453 AB 7.568316157005926 1.101446775623888
62603.2406 lsst_hardware_r -19.246115804968362 25.15999984741211 31.520000457763672 AB 7.538646488087927 1.1119630982368032
62605.2286 lsst_hardware_z -72.25016366410848 74.18000030517578 31.719999313354492 AB 7.301504386678101 1.1065260553418943
62607.1811 lsst_hardware_r -60.80657456101088 107.05999755859375 31.639999389648438 AB 18.954825857409944 1.114356102847985
62607.199 lsst_hardware_z -94.91905764135213 75.56999969482422 30.989999771118164 AB 18.811489603149237 1.1019989613451742
62613.1907 lsst_hardware_z 0.2721186772478355 51.060001373291016 30.959999084472656 AB 10.142976032856506 1.1008222306117328
62615.113 lsst_hardware_r -9.14630439359863 25.15999984741211 31.469999313354492 AB 10.99648638054077 1.2163582081235715
62615.1321 lsst_hardware_i -8.334063250557534 32.63999938964844 31.229999542236328 AB 11.213517213480529 1.1606293530370826
62617.1917 lsst_hardware_z 39.33599811957404 42.790000915527344 30.950000762939453 AB 7.092820797992868 1.1040268967223703
62617.2082 lsst_hardware_r -16.240549469944266 25.010000228881836 31.510000228881836 AB 7.173971123158704 1.1183700566138075
62619.1842 lsst_hardware_u 0.3994832885893567 2.7200000286102295 28.360000610351562 AB 2.4548588626287646 1.1030594754566456
62619.2029 lsst_hardware_g -11.452970360028829 15.510000228881836 31.43000030517578 AB 2.519575174600746 1.1185683350058806
62621.1815 lsst_hardware_r -49.73772778914051 34.9900016784668 32.25 AB 12.125609549563444 1.1044114624918318
62621.1997 lsst_hardware_z 71.95026634614982 42.900001525878906 30.940000534057617 AB 12.423543395552004 1.121477731405239
62626.1521 lsst_hardware_u 1.8571609325415748 2.8499999046325684 28.469999313354492 AB 9.425553427572703 1.1009552842835688
62626.1703 lsst_hardware_g 5.2611639527494605 15.539999961853027 31.450000762939453 AB 10.112729413124711 1.1058810665563683
62632.1537 lsst_hardware_r 20.472456606570898 34.56999969482422 31.56999969482422 AB 8.578612465803463 1.1057406587572536
62632.1741 lsst_hardware_z 48.818535084677904 44.959999084472656 30.950000762939453 AB 8.788471337910314 1.127859774291736
62638.119 lsst_hardware_z 62.33608498317406 93.96847326245756 30.989999771118164 AB 9.41543060411742 1.1009946039251908
62638.1418 lsst_hardware_r -318.06778215038884 142.92139991497254 31.639999389648438 AB 8.84879182709799 1.1090448788466853
62643.0798 lsst_hardware_z 53.56078739184385 43.625946520293034 30.940000534057617 AB 5.580554435934145 1.1177875685396386
62643.0983 lsst_hardware_r 53.14372300289259 25.448327492485483 31.5 AB 5.091975281419942 1.1028753046176551
62645.0737 lsst_hardware_u -1.1429819008661852 3.852767707875173 29.1200008392334 AB 9.284118532347874 1.1185684978732378
62645.092 lsst_hardware_g 89.41013667498987 22.375027031003434 32.18000030517578 AB 9.547413757524751 1.1032370877657576
62647.0779 lsst_hardware_r 234.41870437546686 27.582322805116206 31.5 AB 5.78270555287513 1.1086829626857684
62647.0963 lsst_hardware_z 152.19596324136052 44.50443603265675 30.950000762939453 AB 7.0563957444944485 1.1008417698119264
62651.0726 lsst_hardware_r 319.39081106651287 30.0144772606816 31.510000228881836 AB 12.055382929565868 1.1047821599675465
62651.0923 lsst_hardware_u -1.7723840836455615 2.8842770724321167 28.479999542236328 AB 13.320316417878944 1.1015353663741352
62653.0658 lsst_hardware_g 20.88974776717712 17.006406298203604 31.420000076293945 AB 8.091077813595584 1.1055902273189138
62653.0837 lsst_hardware_r 360.5331749200678 31.052171376127628 31.489999771118164 AB 8.083363844574997 1.1009757347555158
62672.9852 lsst_hardware_i 764.8627422993508 42.24570854654589 31.25 AB 6.110397887353267 1.1367829625166521
62673.0 lsst_hardware_u 3.8476180102899407 2.894587707525654 28.450000762939453 AB 4.349815570105772 1.1153373256681467
62677.0041 lsst_hardware_g 78.3470187441849 17.205050941446085 31.450000762939453 AB 5.591714351958565 1.1034826375395144
62677.0256 lsst_hardware_r 379.3266119376369 31.930067031414026 31.5 AB 5.515940723765324 1.1029675512428163
62678.9943 lsst_hardware_i 640.035527461203 40.84854072033423 31.25 AB 8.474659481126263 1.1059192850223494
62679.0144 lsst_hardware_r 382.62897842771383 31.317898835807156 31.5 AB 9.102775780734124 1.1012310404952554
62680.9985 lsst_hardware_u -0.38916403507889685 2.895530328774106 28.469999313354492 AB 4.323665235620654 1.1015707606676826
62681.0194 lsst_hardware_g 22.011282947891505 17.00011714837243 31.450000762939453 AB 5.109291711277374 1.1054287562261735
62683.0027 lsst_hardware_r 356.3303049181238 30.311437586385882 31.5 AB 8.998475125047504 1.1011013031965096
62683.0231 lsst_hardware_i 607.5242783333172 40.10295688752553 31.239999771118164 AB 9.046494032939254 1.1129010035908662
62686.9655 lsst_hardware_y 242.25205535621734 51.08851244666613 30.020000457763672 AB 5.446314879670636 1.111492832585844
62686.9858 lsst_hardware_z 386.29911664378 47.32127596718999 30.950000762939453 AB 5.394589876977716 1.1009367095872888
62695.9608 lsst_hardware_y 203.9336682372161 67.11421946789736 30.040000915527344 AB 9.513042223196566 1.1009828393261227
62695.9808 lsst_hardware_r 159.47683716118487 82.26983625925284 31.639999389648438 AB 9.570301713159363 1.1070118231566963
62907.3752 lsst_hardware_z 5.02718577268171 68.52999877929688 30.979999542236328 AB 4.337887555872394 1.1026658759208205
62909.3696 lsst_hardware_r -44.21842734440845 90.41999816894531 31.639999389648438 AB 6.809117956585481 1.1027209301064234
62909.3859 lsst_hardware_y -19.878321217438582 67.81999969482422 30.040000915527344 AB 5.630798163181676 1.1017018515323178
62911.3728 lsst_hardware_z -72.27889039871961 52.47999954223633 30.969999313354492 AB 2.6631323346825626 1.1008090667283683
62911.3895 lsst_hardware_y -4.831577401862668 66.45999908447266 30.040000915527344 AB 2.796837253015364 1.1059063871156214
62913.3082 lsst_hardware_z 87.54791822426219 44.849998474121094 30.940000534057617 AB 5.911032491402096 1.1800038244746933
62913.324 lsst_hardware_y 62.51999464430104 48.869998931884766 30.010000228881836 AB 5.680913187729237 1.1427151592059361
62915.2762 lsst_hardware_r -39.87821420930639 35.45000076293945 32.220001220703125 AB 6.050391339617295 1.2765211961848821
62915.2821 lsst_hardware_y -10.436996290828422 49.599998474121094 29.979999542236328 AB 5.956774570812878 1.2508319745525494
62920.3448 lsst_hardware_r 7.061699135615513 24.510000228881836 31.510000228881836 AB 10.837550267309558 1.101190543672436
62920.3619 lsst_hardware_g 8.330825951113495 15.380000114440918 31.450000762939453 AB 10.830626394693883 1.1041144210983296
62922.3304 lsst_hardware_r 17.777954044625567 24.540000915527344 31.510000228881836 AB 9.94040865129529 1.104489850143921
62922.348 lsst_hardware_i -36.7504729777966 32.060001373291016 31.25 AB 9.469935880603973 1.1011553349539505
62928.3373 lsst_hardware_r 21.63013332694724 24.299999237060547 31.5 AB 6.523539521087207 1.1028185823995054
62928.3558 lsst_hardware_i 54.48224003802439 31.989999771118164 31.239999771118164 AB 6.688626248930413 1.1176894528374972
62931.3084 lsst_hardware_i 86.6810714489605 46.619998931884766 31.290000915527344 AB 7.872687027702351 1.1031966407710423
62931.3285 lsst_hardware_z -19.083559513590586 48.279998779296875 30.950000762939453 AB 7.901601877038873 1.1025747403947357
62933.3127 lsst_hardware_r -64.10034573990475 97.55000305175781 31.639999389648438 AB 10.697061891529586 1.1008038993083922
62933.3317 lsst_hardware_z 75.19616361925063 68.58999633789062 30.979999542236328 AB 10.570981652241226 1.1074889106591121
62936.3045 lsst_hardware_r 103.74134586875527 132.00999450683594 31.649999618530273 AB 8.688645414027201 1.1008039293078933
62936.3232 lsst_hardware_i -75.06439586368472 108.16999816894531 31.329999923706055 AB 8.829277716024778 1.1072583039911006
62940.3161 lsst_hardware_z 31.34800578790597 69.47000122070312 31.709999084472656 AB 9.216209132978587 1.1103866425275406
62942.3068 lsst_hardware_r 33.46539171851293 28.3799991607666 31.540000915527344 AB 8.96257976567378 1.1072431608714077
62942.3255 lsst_hardware_i 13.713334789448396 34.02000045776367 31.25 AB 9.074928923992942 1.1286523131637265
62945.2729 lsst_hardware_i -25.656979305871403 32.06999969482422 31.260000228881836 AB 5.491723297515878 1.1021286344815622
62945.2926 lsst_hardware_z -13.985381117932326 42.70000076293945 30.950000762939453 AB 5.276955250782712 1.1035807425826576
62947.2725 lsst_hardware_r -44.42529811285655 24.670000076293945 31.520000457763672 AB 5.8329231495876535 1.1009669969021618
62947.2927 lsst_hardware_g 11.210313059830197 15.489999771118164 31.459999084472656 AB 6.410611022702381 1.106915870791956
62949.2736 lsst_hardware_r 6.455983554326389 24.559999465942383 31.510000228881836 AB 6.719368864836798 1.101039509210901
62949.2941 lsst_hardware_i 50.556046804806016 32.22999954223633 31.25 AB 6.693766184170184 1.1128455834031894
62951.2327 lsst_hardware_i 67.17524440019244 32.369998931884766 31.25 AB 7.3028452278448555 1.1221479318027865
62951.2502 lsst_hardware_u -3.4658449467175707 2.859999895095825 28.489999771118164 AB 7.846040397975902 1.1050761123909723
62955.2501 lsst_hardware_r -29.595853799250474 24.770000457763672 31.520000457763672 AB 7.405611299721145 1.1010424174429
62955.2687 lsst_hardware_i 35.4935434451472 32.349998474121094 31.25 AB 7.454063869150441 1.1054658151122203
62957.2495 lsst_hardware_z -79.32597618671818 42.68000030517578 30.950000762939453 AB 4.673317084356499 1.1008127554231837
62957.2685 lsst_hardware_u 2.0918299716079 2.8399999141693115 28.469999313354492 AB 5.1569784680699176 1.1093457195044998
62959.2481 lsst_hardware_z -35.926535883821735 48.400001525878906 30.959999084472656 AB 7.851393575971572 1.101370306992318
62959.2671 lsst_hardware_r 7.458522922339592 38.939998626708984 31.579999923706055 AB 6.6346685295812735 1.1131527250671152
62961.2404 lsst_hardware_i -55.31037556016066 67.16999816894531 31.31999969482422 AB 7.776576115208555 1.100978213573651
