data/validation/pwv_sim_epoch_fit_epoch/49856137.ecsv
# %ECSV 0.9
# ---
# datatype:
# - {name: time, datatype: float64}
# - {name: band, datatype: string}
# - {name: flux, datatype: float64}
# - {name: fluxerr, datatype: float64}
# - {name: zp, datatype: float64}
# - {name: zpsys, datatype: string}
# - {name: pwv, datatype: float64}
# - {name: airmass, datatype: float64}
# meta: {SNID: '49856137', alt: 1024.0, c: 0.0636620819568634, dec: -22.993395, lat: -30.244573, lon: -70.7499537, ra: 201.972656, t0: 61536.89453125,
#   x0: 8.26930108414344e-06, x1: 0.21819302439689636, z: 0.49834802746772766}
# schema: astropy-2.0
time band flux fluxerr zp zpsys pwv airmass
[from data line 133]
61837.2338 lsst_hardware_z 47.83462709609249 46.029998779296875 30.950000762939453 AB 11.645289945170795 1.0792669087275966
61838.2962 lsst_hardware_y -94.26077101078687 48.41999816894531 30.059999465942383 AB 7.255682389360489 1.0077336651889568
61838.3142 lsst_hardware_r -30.324332313717672 38.27000045776367 31.610000610351562 AB 7.29355388274693 1.0129935948259625
61847.2793 lsst_hardware_r 5.807147408540173 40.380001068115234 31.610000610351562 AB 6.396150435985352 1.008697435102563
61847.2993 lsst_hardware_z 18.817866638118907 45.43000030517578 30.959999084472656 AB 6.2524129861600075 1.0201913933688689
61849.262 lsst_hardware_g 25.899298420630753 20.110000610351562 31.56999969482422 AB 5.0171469362516685 1.007998982638294
61849.2819 lsst_hardware_r -20.51838627431581 26.8700008392334 31.540000915527344 AB 5.052690381774251 1.0117521789696138
61850.1691 lsst_hardware_i -39.62050919008278 32.220001220703125 31.229999542236328 AB 6.18910825465524 1.1677562744632528
61850.1873 lsst_hardware_z -32.68958881511099 42.5099983215332 30.940000534057617 AB 5.870146559556998 1.1075748225579243
61852.1679 lsst_hardware_r -62.81184438766621 34.099998474121094 32.22999954223633 AB 7.890807063106384 1.1520267264919297
61852.1849 lsst_hardware_g 6.23799102499682 20.989999771118164 32.18000030517578 AB 7.549704601840368 1.0991380676018734
61855.209 lsst_hardware_r 19.367833169620962 23.920000076293945 31.510000228881836 AB 6.745187456487148 1.0348157030625011
61855.2263 lsst_hardware_i -55.915107194131764 31.110000610351562 31.260000228881836 AB 6.618134324472554 1.0165584441870699
61859.2451 lsst_hardware_u -2.0509676805551793 2.7100000381469727 28.420000076293945 AB 6.499292873340115 1.0083718773283175
61859.2646 lsst_hardware_g 14.84150821128203 14.880000114440918 31.440000534057617 AB 6.809422019022832 1.0184978527499282
61862.1526 lsst_hardware_z -26.08708938888042 42.34000015258789 30.940000534057617 AB 9.334860463450811 1.1131481592476729
61862.1707 lsst_hardware_u 1.7876440794919597 2.7100000381469727 28.40999984741211 AB 8.7564595163622 1.0678609166295367
61864.1572 lsst_hardware_g 13.933180485205334 21.09000015258789 31.549999237060547 AB 6.495329030895951 1.0861451516227119
61864.1746 lsst_hardware_r 25.084086744185154 27.31999969482422 31.530000686645508 AB 4.806189925751235 1.0499595687058951
61866.1725 lsst_hardware_z -52.968893916490885 47.54999923706055 30.969999313354492 AB 14.211824771752658 1.044372778641412
61866.1916 lsst_hardware_r -22.458165815845792 46.61000061035156 31.6299991607666 AB 13.978376689093896 1.0204684398520645
61867.2355 lsst_hardware_i -30.794253448700164 51.68000030517578 31.329999923706055 AB 8.786341997621449 1.0132728265960869
61867.2554 lsst_hardware_z -78.60735617670176 51.59000015258789 30.979999542236328 AB 8.254944891729172 1.0318681114661465
61872.0736 lsst_hardware_r 14.566266602908206 140.11000061035156 31.579999923706055 AB 8.393641978141643 1.3484303752185458
61872.0918 lsst_hardware_z -40.84184192494608 95.12000274658203 30.979999542236328 AB 8.450490190094833 1.2433133762599526
61880.0546 lsst_hardware_u 0.061409390526835 2.630000114440918 28.229999542236328 AB 8.981370040665512 1.3299822361417906
61880.0729 lsst_hardware_r -24.668981293717415 24.950000762939453 31.479999542236328 AB 8.318245370113283 1.2289341135792302
61884.1816 lsst_hardware_i -38.383791931530396 31.18000030517578 31.260000228881836 AB 7.984189605793287 1.0096983377544466
61884.1994 lsst_hardware_r 0.7303486150326775 24.18000030517578 31.520000457763672 AB 8.072444885421339 1.0212252111100621
61886.1793 lsst_hardware_u 2.838943422380701 2.8399999141693115 28.510000228881836 AB 6.485215505135484 1.0109849183733557
61887.0817 lsst_hardware_r 40.82634228975127 24.420000076293945 31.489999771118164 AB 4.596308062105345 1.1210507468549624
61891.0511 lsst_hardware_r -33.4133508738454 25.670000076293945 31.489999771118164 AB 12.024535955513485 1.1920233908811386
61891.0704 lsst_hardware_g -3.505373435241159 16.270000457763672 31.459999084472656 AB 11.225485518303081 1.122211888263829
61894.1765 lsst_hardware_i 35.93411528981083 38.900001525878906 31.290000915527344 AB 9.417703262066617 1.0257166896123526
61894.1875 lsst_hardware_r 28.569219047146433 36.22999954223633 31.59000015258789 AB 9.671261860792175 1.0399206301927069
61896.162 lsst_hardware_z 19.008145657304045 82.37000274658203 31.739999771118164 AB 3.5005600797894183 1.0172104067578704
61898.1446 lsst_hardware_r -68.17701715320904 139.63999938964844 31.670000076293945 AB 9.92429812625092 1.0101580870528697
61898.1636 lsst_hardware_i -65.82580619986689 112.4800033569336 31.350000381469727 AB 10.121003162894958 1.0236159962472455
61899.0561 lsst_hardware_z -74.46020927604994 145.88999938964844 31.75 AB 9.796325355457888 1.1004119131087564
61900.1421 lsst_hardware_z 91.32019653746727 88.98999786376953 31.0 AB 7.114437211262222 1.0114714357579504
61900.1604 lsst_hardware_r -132.7920498153603 135.64999389648438 31.670000076293945 AB 7.196728466233211 1.0260275822121723
61911.9526 lsst_hardware_y 114.25768920670605 83.08000183105469 29.93000030517578 AB 8.366958772477215 1.4344177562965428
61911.9725 lsst_hardware_u 0.02757482959255736 2.680000066757202 28.260000228881836 AB 7.3874132522148575 1.297858969117157
61919.0716 lsst_hardware_u 3.0275852937068617 2.7899999618530273 28.489999771118164 AB 9.696582690833548 1.0079083925818517
61927.0303 lsst_hardware_i 124.3338334640562 92.19999694824219 31.34000015258789 AB 4.497911177443477 1.0161135211378551
61927.964 lsst_hardware_y -69.51430577923253 97.44000244140625 30.780000686645508 AB 5.017270260217718 1.1395117556704544
61942.9896 lsst_hardware_z 20.97187778034012 41.15999984741211 30.950000762939453 AB 5.3536763213464775 1.0140498761904388
61943.0116 lsst_hardware_i -13.304983528983158 31.030000686645508 31.260000228881836 AB 3.1162984208761535 1.007804157023496
61956.9538 lsst_hardware_y -121.71739057054151 74.4000015258789 30.079999923706055 AB 5.699872360813795 1.0125905775117774
61956.9771 lsst_hardware_z -119.72779508240232 60.970001220703125 30.989999771118164 AB 6.578569566424762 1.0082871586212978
61958.9538 lsst_hardware_y -41.97160672956133 76.02999877929688 30.079999923706055 AB 1.6779666282051457 1.0100120153722787
61958.9753 lsst_hardware_i -100.60105939011889 61.33000183105469 31.329999923706055 AB 1.4393653200893226 1.0091956670214357
61962.955 lsst_hardware_y -30.678395239139746 80.80000305175781 30.079999923706055 AB 10.479373954092788 1.0077290079904593
61962.9746 lsst_hardware_g 28.375049652729356 15.850000381469727 31.479999542236328 AB 10.761816143263841 1.014030024099293
