data/validation/pwv_sim_epoch_fit_epoch/49945675.ecsv
# %ECSV 0.9
# ---
# datatype:
# - {name: time, datatype: float64}
# - {name: band, datatype: string}
# - {name: flux, datatype: float64}
# - {name: fluxerr, datatype: float64}
# - {name: zp, datatype: float64}
# - {name: zpsys, datatype: string}
# - {name: pwv, datatype: float64}
# - {name: airmass, datatype: float64}
# meta: {SNID: '49945675', alt: 1024.0, c: 0.11667488515377045, dec: -36.053589, lat: -30.244573, lon: -70.7499537, ra: 328.535156, t0: 60941.04296875,
#   x0: 4.229374489185846e-06, x1: -1.009292721748352, z: 0.6573402285575867}
# schema: astropy-2.0
time band flux fluxerr zp zpsys pwv airmass
[from data line 132]
61258.1787 lsst_hardware_z 39.508677534762256 41.38999938964844 30.940000534057617 AB 1.7042831139106884 1.0524055661466711
61260.1606 lsst_hardware_r 9.987103096692092 23.600000381469727 31.5 AB 4.09793378514903 1.0769865401180105
61260.1787 lsst_hardware_u -2.29051838626581 2.7100000381469727 28.43000030517578 AB 3.4233473215697643 1.043517866711641
61261.1584 lsst_hardware_g 5.097116103606676 14.630000114440918 31.440000534057617 AB 4.694686955313136 1.0758377439846776
61261.1775 lsst_hardware_r 1.4296180374298184 23.420000076293945 31.510000228881836 AB 3.9555421948693845 1.0412061581651446
61268.0871 lsst_hardware_z 23.994347805365937 44.31999969482422 30.940000534057617 AB 6.406881845592436 1.2499200479126849
61268.1071 lsst_hardware_r -6.333345423278014 24.09000015258789 31.5 AB 5.980683143999987 1.1669246159149271
61270.0861 lsst_hardware_z -21.650472444718922 44.869998931884766 30.940000534057617 AB 3.1995671483055483 1.2293025255232153
61274.0853 lsst_hardware_z -32.76919658833457 49.77000045776367 30.950000762939453 AB 3.228046844760002 1.1871092561404808
61274.1039 lsst_hardware_r 93.98974720551543 48.189998626708984 31.610000610351562 AB 3.0540427289754626 1.1240495874035565
61280.0847 lsst_hardware_z 121.70466021651099 90.58999633789062 30.989999771118164 AB 3.968148225767177 1.1325162609809762
61280.1036 lsst_hardware_i -76.0651932980028 106.0999984741211 31.34000015258789 AB 3.789608474691122 1.0823072017586564
61281.0824 lsst_hardware_z 30.87912266238437 78.13999938964844 30.989999771118164 AB 6.33471805853104 1.1311996533091144
61281.1002 lsst_hardware_r -12.047734086194591 113.4800033569336 31.649999618530273 AB 5.410232929126357 1.0838349134324574
61286.0913 lsst_hardware_u -3.626517484182718 2.690000057220459 28.40999984741211 AB 0.5989383461677888 1.0733662117690366
61286.1085 lsst_hardware_g -6.489485152141398 14.279999732971191 31.43000030517578 AB 0.593079065900166 1.0423182177507313
61296.0627 lsst_hardware_g -1.336880252386303 14.270000457763672 31.43000030517578 AB 2.663706328623925 1.076136280627785
61296.0808 lsst_hardware_r 33.36065830225436 23.040000915527344 31.510000228881836 AB 2.595043333896771 1.0429190531083177
61298.9934 lsst_hardware_y -76.93475566782196 51.31999969482422 29.969999313354492 AB 3.3856506729714133 1.29602552238283
61299.011 lsst_hardware_i 29.70441585211225 32.599998474121094 31.239999771118164 AB 3.059165457258863 1.211550676142124
61305.1947 lsst_hardware_z 24.62341780422419 64.5999984741211 30.979999542236328 AB 2.475256935262034 1.120786477365648
61305.207 lsst_hardware_r -25.198141666971825 82.01000213623047 31.6299991607666 AB 2.629406372238357 1.1598616551558696
61306.9946 lsst_hardware_y -73.49990883472346 61.13999938964844 30.010000228881836 AB 3.0035058750953993 1.1894287671159576
61307.0116 lsst_hardware_i -82.61813242128913 84.23999786376953 31.31999969482422 AB 3.183441755949227 1.130617410660315
61310.9966 lsst_hardware_y -40.11391564955057 49.06999969482422 30.020000457763672 AB 4.908834327193494 1.1434064196265483
61311.0923 lsst_hardware_r 18.007862627102476 95.41000366210938 32.380001068115234 AB 4.60119315761797 1.0049564612030075
61311.1799 lsst_hardware_z -5.2574041241250935 59.0099983215332 30.969999313354492 AB 5.120181248109542 1.1254176202457096
61312.997 lsst_hardware_y 17.168686579370018 49.34000015258789 30.020000457763672 AB 9.598543057046765 1.1252688226306482
61313.0166 lsst_hardware_z -34.00937466451905 41.88999938964844 30.950000762939453 AB 3.592900997978867 1.0754505356881947
61316.9977 lsst_hardware_y -6.1597602673578375 49.22999954223633 30.030000686645508 AB 2.396669096088669 1.0938283631789458
61317.0439 lsst_hardware_r 76.47727921382074 32.27000045776367 32.25 AB 2.334262564207405 1.0184391641395405
61317.0821 lsst_hardware_u 3.3412277405012882 2.759999990463257 28.5 AB 2.3630402833333304 1.005691708043693
61320.9982 lsst_hardware_z -119.47528074887067 44.630001068115234 30.959999084472656 AB 4.760204335950538 1.0682684775473474
61321.0172 lsst_hardware_g -1.3475363047565723 14.210000038146973 31.440000534057617 AB 4.755527556620655 1.036175521651739
61322.9999 lsst_hardware_y 33.08100862527028 49.11000061035156 30.049999237060547 AB 3.2426326610947607 1.0547147679271711
61323.0207 lsst_hardware_i -23.426707423225427 30.65999984741211 31.270000457763672 AB 2.460387257538665 1.0251613573077771
61324.999 lsst_hardware_y 65.73252497757247 51.290000915527344 30.049999237060547 AB 5.6101773716629 1.0470167259205663
61325.0182 lsst_hardware_r -29.693611536305173 22.920000076293945 31.510000228881836 AB 6.253017654840899 1.0220689203728177
61325.9994 lsst_hardware_y -2.8867455672280387 50.70000076293945 30.049999237060547 AB 5.140527610464713 1.0421396696443035
61326.0197 lsst_hardware_g -3.1819160290670747 14.430000305175781 31.450000762939453 AB 5.887732610342125 1.0181104289023215
61337.087 lsst_hardware_z 21.41489837322861 61.189998626708984 30.979999542236328 AB 3.319168733136628 1.0706995913343962
61337.0977 lsst_hardware_r -13.304518704567498 83.80000305175781 31.639999389648438 AB 3.3944488024096957 1.0949834846482889
