data/validation/pwv_sim_epoch_fit_epoch/49973994.ecsv
# %ECSV 0.9
# ---
# datatype:
# - {name: time, datatype: float64}
# - {name: band, datatype: string}
# - {name: flux, datatype: float64}
# - {name: fluxerr, datatype: float64}
# - {name: zp, datatype: float64}
# - {name: zpsys, datatype: string}
# - {name: pwv, datatype: float64}
# - {name: airmass, datatype: float64}
# meta: {SNID: '49973994', alt: 1024.0, c: -0.023941723629832268, dec: -18.839405, lat: -30.244573, lon: -70.7499537, ra: 33.925781, t0: 62495.3046875,
#   x0: 3.3336033597518694e-06, x1: 0.9426271319389343, z: 0.7238632440567017}
# schema: astropy-2.0
time band flux fluxerr zp zpsys pwv airmass
62344.4197 lsst_hardware_i 10.633315676777192 61.529998779296875 31.329999923706055 AB 3.19081028612517 1.030235253551688
62344.4377 lsst_hardware_y 155.62739634569203 63.16999816894531 30.06999969482422 AB 3.157312282962873 1.0212055576818542
62350.4071 lsst_hardware_z -19.83940662653522 44.79999923706055 30.959999084472656 AB 1.926220824476485 1.027409098307308
62350.4261 lsst_hardware_y -69.27095226271787 49.75 30.059999465942383 AB 1.2290559145738786 1.0206692716186214
62353.4012 lsst_hardware_u -1.441438019850121 3.049999952316284 28.56999969482422 AB 1.4770972720918207 1.025940109110485
62353.4247 lsst_hardware_y 22.240786696938788 48.290000915527344 30.059999465942383 AB 1.123360485907808 1.0212368053707344
62355.3886 lsst_hardware_r -40.57910335783795 22.610000610351562 31.5 AB 3.28457082730783 1.031127532444577
62355.4118 lsst_hardware_z 3.325706569871411 40.77000045776367 30.950000762939453 AB 3.1513185072350214 1.0206975110480783
62357.4006 lsst_hardware_z -26.75557091402753 40.5099983215332 30.950000762939453 AB 3.8839797022542273 1.021562257299902
62357.4209 lsst_hardware_y 12.63450212341309 47.56999969482422 30.059999465942383 AB 3.4146978457626407 1.0235137791720168
62361.3913 lsst_hardware_u -2.113453376022273 2.75 28.520000457763672 AB 4.542662260591113 1.0212054538608721
62361.4137 lsst_hardware_y -52.625751322157285 46.90999984741211 30.049999237060547 AB 4.614699377810022 1.0253938067534536
62363.3719 lsst_hardware_g 3.7247020104615993 13.75 31.440000534057617 AB 5.741439961042808 1.0272137334880977
62363.3918 lsst_hardware_i -48.74546749116927 30.1299991607666 31.260000228881836 AB 5.031330451968556 1.0206573591578367
62365.3616 lsst_hardware_z 14.912002318154377 57.959999084472656 31.709999084472656 AB 4.614706123597835 1.0308737012393243
62365.3834 lsst_hardware_r 20.451459065373832 31.829999923706055 32.2599983215332 AB 3.9874123052433705 1.0207775501423029
62368.3487 lsst_hardware_y -130.68436291771346 67.62999725341797 30.799999237060547 AB 2.7161077243092433 1.0352335374066484
62368.3685 lsst_hardware_g 25.045963881160983 19.209999084472656 32.16999816894531 AB 2.710057714605684 1.0221489997255533
62370.3596 lsst_hardware_r 108.33147509160766 67.66000366210938 31.649999618530273 AB 1.9773834728429864 1.0234462658665446
62370.3802 lsst_hardware_i -62.60216555556258 51.91999816894531 31.31999969482422 AB 1.2698632614272847 1.021680129877802
62377.316 lsst_hardware_i -16.428320899222115 54.540000915527344 31.31999969482422 AB 7.300945726394019 1.0446587260239935
62377.335 lsst_hardware_z 7.117190025534516 53.09000015258789 30.979999542236328 AB 7.185873863680112 1.026357912351949
62381.2777 lsst_hardware_y -25.641936707295077 47.83000183105469 30.030000686645508 AB 3.187446016388669 1.0956246511604946
62381.2948 lsst_hardware_g 9.3051286739998 16.920000076293945 31.489999771118164 AB 2.7520230336135683 1.0601693869456255
62384.2796 lsst_hardware_g 1.6654210627463775 13.65999984741211 31.399999618530273 AB 2.4967496168653414 1.0731784297723368
62384.2964 lsst_hardware_r -8.618704731766138 22.360000610351562 31.489999771118164 AB 1.7811989724353552 1.045304561288354
62388.2696 lsst_hardware_r -43.73850837927506 22.459999084472656 31.479999542236328 AB 4.606817847319928 1.0713529877488206
62388.2874 lsst_hardware_u -0.8559165317696421 2.5899999141693115 28.3700008392334 AB 4.484132824718528 1.0428215871438438
62394.2569 lsst_hardware_z -8.562276044185282 41.16999816894531 30.950000762939453 AB 2.7163722548241123 1.0644091907617994
62394.2748 lsst_hardware_r 0.8481950642619803 22.40999984741211 31.489999771118164 AB 2.523847212150691 1.0383353862386278
62400.1577 lsst_hardware_i -11.096082720046637 111.87999725341797 32.02000045776367 AB 6.415789178641433 1.4092892210085524
62400.1836 lsst_hardware_z -15.492891319228795 96.22000122070312 31.709999084472656 AB 5.600463675153361 1.2484314924550517
62402.2634 lsst_hardware_r -71.73438104220797 112.29000091552734 31.65999984741211 AB 1.7931000678560503 1.0286452248911275
62402.283 lsst_hardware_z -81.18790951989382 74.72000122070312 31.0 AB 1.74833783427227 1.0207285205442853
62405.2433 lsst_hardware_z -29.336445342348508 60.599998474121094 30.989999771118164 AB 3.1363342327279327 1.040013562306442
62405.2614 lsst_hardware_i -30.812276484149496 63.130001068115234 31.329999923706055 AB 3.2230823062598555 1.024718834122531
62408.2515 lsst_hardware_r -11.298704767002873 40.0 31.610000610351562 AB 4.684916897465944 1.0256696119387403
62408.2721 lsst_hardware_z 31.0692610296227 45.29999923706055 30.959999084472656 AB 4.649308753266574 1.0208538578496467
62410.2173 lsst_hardware_r -32.223653789090406 22.829999923706055 31.5 AB 4.463635700246645 1.0573577401981866
62410.2361 lsst_hardware_u 3.3759464605871834 2.740000009536743 28.479999542236328 AB 4.342375103562921 1.033222319567645
62412.2176 lsst_hardware_g 20.006834669863718 13.949999809265137 31.40999984741211 AB 3.4025080581778715 1.0485386928129035
62412.2379 lsst_hardware_r 31.509320367384625 22.639999389648438 31.489999771118164 AB 3.3394459960191494 1.0273637889614367
62415.2067 lsst_hardware_i 42.20581347107789 30.559999465942383 31.239999771118164 AB 5.107901229021461 1.0525244650774384
62415.225 lsst_hardware_z 2.8248443396775262 40.95000076293945 30.950000762939453 AB 4.845468368859686 1.0309507167786567
62417.203 lsst_hardware_r 26.721529008884044 22.989999771118164 31.5 AB 4.345717916646399 1.0499016508912788
62417.2213 lsst_hardware_u 2.9948267155707424 2.7699999809265137 28.5 AB 3.2944574491056846 1.0295179528458593
62421.2039 lsst_hardware_z 37.961348230094565 40.939998626708984 30.940000534057617 AB 6.293448831484276 1.035333762582551
62421.2221 lsst_hardware_r -14.772085978215273 22.6299991607666 31.489999771118164 AB 5.625058163027432 1.0227378478231695
62424.1775 lsst_hardware_r -2.565358487257813 33.869998931884766 31.59000015258789 AB 7.093507992143088 1.0599982056401622
62424.1953 lsst_hardware_y 102.50495169737803 47.61000061035156 30.049999237060547 AB 6.724788554828228 1.0357513946239185
62428.1791 lsst_hardware_i -63.779191187608724 60.95000076293945 31.329999923706055 AB 2.6998906569747865 1.0416914630473517
62428.1961 lsst_hardware_z -75.5792330334688 57.099998474121094 30.979999542236328 AB 2.666178790687766 1.0261440549168732
62430.1776 lsst_hardware_r -47.6646012318323 111.95999908447266 31.65999984741211 AB 2.6177368171971125 1.0371382001575047
62434.175 lsst_hardware_z 24.121005896582613 56.97999954223633 30.979999542236328 AB 4.735358250464327 1.02942570662268
62434.1924 lsst_hardware_r 8.318754089162121 74.88999938964844 31.65999984741211 AB 4.686887499184572 1.0211269266002445
62436.1664 lsst_hardware_y -56.62083021741707 48.310001373291016 30.049999237060547 AB 3.6362339802974954 1.0320437030175678
62436.1834 lsst_hardware_g 102.54220777564498 47.41999816894531 31.709999084472656 AB 2.4463496365244772 1.0219737384958651
62439.2118 lsst_hardware_r -19.433351116754768 22.700000762939453 31.5 AB 5.279731522266105 1.0338225028913461
62439.2307 lsst_hardware_i -23.129175809943938 32.83000183105469 31.260000228881836 AB 5.436854620413519 1.0585776130086069
62441.1492 lsst_hardware_i -8.738894376862756 30.3799991607666 31.239999771118164 AB 4.789707758721806 1.035425925142527
62441.1678 lsst_hardware_z -52.07721659518776 40.70000076293945 30.940000534057617 AB 4.553902838604137 1.0226212444935645
62450.1283 lsst_hardware_z 34.96983300036742 40.849998474121094 30.950000762939453 AB 9.090444580680188 1.0319301387585358
62450.1458 lsst_hardware_r 28.02995030972539 22.520000457763672 31.5 AB 9.001806575407018 1.0217907915859572
62452.1148 lsst_hardware_z 15.549970839965715 41.650001525878906 30.950000762939453 AB 3.581973090571422 1.0402128911201323
62452.1315 lsst_hardware_g -6.893085765245871 20.709999084472656 31.559999465942383 AB 4.371044336126696 1.0255852501470426
62455.1159 lsst_hardware_r 58.958640787050555 50.650001525878906 31.639999389648438 AB 4.329564598137988 1.030848713842378
62455.1329 lsst_hardware_z -90.85947569686479 48.45000076293945 30.969999313354492 AB 4.2741637274341775 1.0215903423736485
62457.1074 lsst_hardware_i 138.64294641045691 61.86000061035156 31.329999923706055 AB 3.2040609479613 1.0335680477294515
62457.1272 lsst_hardware_r 31.150595560760678 73.94000244140625 31.65999984741211 AB 2.766120885246356 1.0216512964898823
62459.1157 lsst_hardware_z -46.939214907595115 100.16999816894531 31.739999771118164 AB 4.563288297956359 1.02384749785873
62464.097 lsst_hardware_z -25.069376197101207 48.50761513322618 30.969999313354492 AB 8.117327406177763 1.0266434324844864
62464.1161 lsst_hardware_r 37.892512727179884 52.537042656232856 31.639999389648438 AB 8.159409572263064 1.0206491563519127
62467.0978 lsst_hardware_u -0.6285752621283637 2.9567012168855102 28.459999084472656 AB 3.9121446440762377 1.0222706645670983
62467.1173 lsst_hardware_g -10.941944288471113 14.070847710891115 31.420000076293945 AB 3.9065056864638317 1.0222440629239387
62474.0379 lsst_hardware_i 421.58466508109143 37.34976631591973 31.260000228881836 AB 4.6890055176586305 1.0654409265301732
62476.0642 lsst_hardware_u -2.7590211186505487 3.129073190009441 28.479999542236328 AB 3.518545605094313 1.026663114845396
62476.0842 lsst_hardware_g 59.61925332293918 16.0117117601528 31.420000076293945 AB 5.358172236635308 1.02066903993303
62478.0636 lsst_hardware_r 496.3124047623557 31.80218328406194 31.5 AB 2.9822488714753663 1.023948110377808
62478.0825 lsst_hardware_i 540.2924186829879 38.50737427606351 31.25 AB 2.9692395062296306 1.0210589773829541
62480.0674 lsst_hardware_z 503.22692215520954 45.80296796150874 30.950000762939453 AB 7.526346359754677 1.0210176279667649
62480.0849 lsst_hardware_r 588.8166447090001 34.16708431050201 31.5 AB 9.415514891636017 1.023425531699567
62482.0446 lsst_hardware_y 142.33131858689478 50.16515214091804 30.049999237060547 AB 13.980233111460608 1.02891031124096
62482.0645 lsst_hardware_z 579.6783897738509 47.86359568457293 30.959999084472656 AB 13.857654364103121 1.0207214292594802
62484.0453 lsst_hardware_y 347.2897199550999 52.094569381894665 30.059999465942383 AB 8.096868820877667 1.0249201039085654
62484.064 lsst_hardware_r 1139.1211032665472 56.80463663762686 31.6299991607666 AB 8.064157872495676 1.020779477531098
62486.0469 lsst_hardware_y 283.7778571390808 54.599887296334686 30.059999465942383 AB 10.216603014961807 1.021958279074988
62486.0662 lsst_hardware_r 1118.2005626852097 72.7435215464449 31.649999618530273 AB 10.229061378721333 1.022507996480092
62488.0408 lsst_hardware_z 1392.8387198106893 106.2683525373867 31.739999771118164 AB 3.665705967303127 1.0221557245877475
62490.0337 lsst_hardware_y 107.05121009134575 79.95124644098253 30.079999923706055 AB 4.9065302440805265 1.0227264708872508
62490.0529 lsst_hardware_i 1146.194768361108 77.0329917932165 31.34000015258789 AB 5.376998010290719 1.0217573416232408
62492.0332 lsst_hardware_y 313.5623330878459 73.00683485852821 30.079999923706055 AB 4.640688457638481 1.021278269726848
62492.0519 lsst_hardware_r 1193.2911225753676 67.7066176931305 31.649999618530273 AB 5.60508092885542 1.0233229543918123
62494.0345 lsst_hardware_y 513.7948302299305 74.22646375538969 30.079999923706055 AB 6.7907211466308715 1.020649470936472
62494.0555 lsst_hardware_g 182.66268785066697 19.94266923601499 31.459999084472656 AB 6.597679012218132 1.02861047351715
62712.4046 lsst_hardware_u 0.344100269411186 2.569999933242798 28.350000381469727 AB 4.9111502639252285 1.0374756300871886
62712.4272 lsst_hardware_y 130.69127817108298 47.95000076293945 30.049999237060547 AB 3.878317114884931 1.021954443974893
62717.4123 lsst_hardware_r -3.910695748922932 31.690000534057617 32.2400016784668 AB 2.017098080568067 1.0223507757567496
62717.4337 lsst_hardware_z -1.2181297880051425 74.91999816894531 31.729999542236328 AB 1.4939274035526173 1.0228876436512273
62721.3916 lsst_hardware_z 82.83347203141233 57.779998779296875 31.700000762939453 AB 1.438217024880015 1.0272978749142965
62721.4134 lsst_hardware_y -78.82059446482211 66.26000213623047 30.809999465942383 AB 1.4290387583344795 1.020741970238914
62724.3909 lsst_hardware_z 51.55913188737865 47.02000045776367 30.969999313354492 AB 6.185504274422683 1.0232148450975938
62724.4106 lsst_hardware_y -95.67945067872186 46.77000045776367 30.049999237060547 AB 6.178188727656624 1.021610372493861
62730.3575 lsst_hardware_z -79.41907952996625 57.189998626708984 30.979999542236328 AB 4.654858377671339 1.035333269055013
62730.3808 lsst_hardware_i -117.89157038287658 59.29999923706055 31.329999923706055 AB 3.9008428982468213 1.0212744579243342
62732.3764 lsst_hardware_z 14.444607536037985 49.20000076293945 30.969999313354492 AB 1.946857725226459 1.0210792265173736
62732.3974 lsst_hardware_r 64.96448165099947 51.81999969482422 31.639999389648438 AB 1.8878315757013568 1.0250669189328634
62734.3673 lsst_hardware_y 0.8644680836877373 47.27000045776367 30.049999237060547 AB 1.8757144611557528 1.0219092678593042
62734.3867 lsst_hardware_g 14.754021494102524 28.420000076293945 31.649999618530273 AB 1.1249332149341345 1.0226665590310313
62737.3506 lsst_hardware_r 50.48798881655016 22.809999465942383 31.510000228881836 AB 3.307350489525184 1.0256145405148256
62737.371 lsst_hardware_i 9.331074209014746 30.399999618530273 31.260000228881836 AB 3.278493467400159 1.0208604911723989
62739.3148 lsst_hardware_z -15.962083173621943 41.27000045776367 30.950000762939453 AB 2.9050524842735705 1.0598513258933129
62739.3314 lsst_hardware_r -39.70158798816201 22.350000381469727 31.5 AB 2.8556938134552783 1.0369258581900067
62741.3106 lsst_hardware_u 3.453213846607931 2.6500000953674316 28.420000076293945 AB 3.2287397334074566 1.057736194400477
62741.3281 lsst_hardware_r 15.304084171347176 22.260000228881836 31.489999771118164 AB 3.157737040937894 1.0347016681572478
62746.2511 lsst_hardware_g -30.503023024480765 19.3799991607666 32.119998931884766 AB 3.4298743161356655 1.1818662395873076
62746.2738 lsst_hardware_r 2.6537731959404054 32.08000183105469 32.2400016784668 AB 3.2218352717891663 1.107413590211675
62752.2957 lsst_hardware_r -33.02412406924812 48.06999969482422 31.6299991607666 AB 2.904019119764343 1.0371496856301226
62752.3122 lsst_hardware_z -14.59917852088339 46.16999816894531 30.959999084472656 AB 2.867880181806152 1.0242429220736258
62754.2775 lsst_hardware_z 14.794742098277457 57.95000076293945 30.979999542236328 AB 3.68442069680619 1.0538960803221367
62754.2966 lsst_hardware_i -19.266626778637594 62.029998779296875 31.329999923706055 AB 2.86129084512385 1.0310338760881088
62759.2704 lsst_hardware_y 68.50753040520938 76.44000244140625 30.809999465942383 AB 2.580657851215297 1.0445188280691424
62761.2593 lsst_hardware_r -42.78745496729391 56.099998474121094 31.6299991607666 AB 2.089109064205061 1.0524920765128987
62761.276 lsst_hardware_i -47.50902888845547 49.20000076293945 31.31999969482422 AB 2.052453976740686 1.0323349702777664
62763.25 lsst_hardware_i 23.360893709396567 35.31999969482422 31.270000457763672 AB 5.92832383003322 1.058629255363075
62763.2698 lsst_hardware_z -21.76905293470373 43.68000030517578 30.950000762939453 AB 5.720297600115793 1.0330108532940485
62766.2447 lsst_hardware_r 9.46314086842414 22.799999237060547 31.5 AB 2.291824644028827 1.0539547684653232
62766.2627 lsst_hardware_u -5.996530952370221 2.740000009536743 28.489999771118164 AB 1.599116497570448 1.032020972939947
62769.2284 lsst_hardware_z -37.92527472976431 41.529998779296875 30.950000762939453 AB 6.3455106318853725 1.0679231951336576
62769.247 lsst_hardware_r 0.2608944920716978 22.549999237060547 31.489999771118164 AB 6.1723946068268605 1.0397071207455544
62775.2177 lsst_hardware_i 10.278382927104955 30.520000457763672 31.25 AB 4.452084502659542 1.0578582268759182
62775.2359 lsst_hardware_z -85.62340481692591 40.790000915527344 30.940000534057617 AB 4.3661775761929125 1.0340878858885458
