data/validation/pwv_sim_epoch_fit_epoch/50132379.ecsv
# %ECSV 0.9
# ---
# datatype:
# - {name: time, datatype: float64}
# - {name: band, datatype: string}
# - {name: flux, datatype: float64}
# - {name: fluxerr, datatype: float64}
# - {name: zp, datatype: float64}
# - {name: zpsys, datatype: string}
# - {name: pwv, datatype: float64}
# - {name: airmass, datatype: float64}
# meta: {SNID: '50132379', alt: 1024.0, c: -0.028156939893960953, dec: 2.388015, lat: -30.244573, lon: -70.7499537, ra: 109.511719, t0: 62940.734375,
#   x0: 8.134763114766867e-06, x1: 0.3711412847042084, z: 0.5015226602554321}
# schema: astropy-2.0
time band flux fluxerr zp zpsys pwv airmass
62818.3452 lsst_hardware_r 10.916765560731232 92.1500015258789 31.6200008392334 AB 4.98644390907008 1.18949064524085
62820.3009 lsst_hardware_z -17.245720629188394 69.66999816894531 30.959999084472656 AB 6.601145281865184 1.248719077217703
62820.3182 lsst_hardware_y 44.53652716630068 57.56999969482422 30.0 AB 6.3705478382386 1.2123600301139177
62821.338 lsst_hardware_r -3.122572467185655 71.87999725341797 31.610000610351562 AB 4.747953766374895 1.188994870437587
62821.3584 lsst_hardware_y 147.0511819234263 77.01000213623047 30.020000457763672 AB 4.732240829569592 1.1893787821726596
62824.2448 lsst_hardware_r -2.183037951576653 27.829999923706055 31.450000762939453 AB 7.675847922423049 1.442602585263561
62828.3407 lsst_hardware_g 7.84083240416419 15.989999771118164 31.420000076293945 AB 7.872030264917595 1.1901471952201172
62830.333 lsst_hardware_i 24.079804527341352 32.18000030517578 31.229999542236328 AB 8.135196379775131 1.188965088936407
62830.3524 lsst_hardware_y 84.11143366618599 64.23999786376953 30.0 AB 6.735912416037476 1.207477353417133
62832.3313 lsst_hardware_r 17.585656900688114 23.729999542236328 31.479999542236328 AB 4.61307412928344 1.191085496845807
62832.3521 lsst_hardware_y 67.83833759831603 63.400001525878906 30.010000228881836 AB 4.77085105408651 1.2156583142022581
62834.2567 lsst_hardware_u -2.0548857239675735 2.640000104904175 28.309999465942383 AB 6.361966146947236 1.2654333459865212
62834.2747 lsst_hardware_g 13.622796449489908 14.279999732971191 31.3799991607666 AB 6.0054020912374995 1.2216447719079504
62837.2949 lsst_hardware_r -3.3165048149994965 23.649999618530273 31.469999313354492 AB 7.753012606474287 1.188717339300443
62837.314 lsst_hardware_z -36.42007240895806 43.36000061035156 30.93000030517578 AB 7.768818821966319 1.1890139257657943
62839.2973 lsst_hardware_r 14.557224502794233 23.549999237060547 31.479999542236328 AB 4.2731217121562155 1.1867035534800876
62839.3163 lsst_hardware_u -0.5122070013403047 2.690000057220459 28.3700008392334 AB 4.237410570734222 1.1941974365620167
62841.2937 lsst_hardware_g 25.192162732163847 30.979999542236328 31.610000610351562 AB 5.148633202062266 1.1866627950590067
62841.3131 lsst_hardware_r 20.360088192259656 23.59000015258789 31.469999313354492 AB 5.174751712129025 1.1962669391733283
62845.2339 lsst_hardware_r 12.451004127146247 127.5199966430664 31.610000610351562 AB 11.722453905113193 1.2454795904285707
62845.2586 lsst_hardware_z -30.51722563816357 85.36000061035156 30.979999542236328 AB 11.15668135359826 1.2003207567280332
62852.2364 lsst_hardware_r 3.5845583849290525 40.16999816894531 31.56999969482422 AB 10.103705471466023 1.2041600355314663
62852.2565 lsst_hardware_z -23.57420842327843 47.7400016784668 30.950000762939453 AB 8.371393120965868 1.1877264740844704
62854.2394 lsst_hardware_r 23.220956356400073 26.110000610351562 31.510000228881836 AB 6.113732520239264 1.1947884542191978
62854.263 lsst_hardware_y 54.8384187771602 49.380001068115234 30.0 AB 5.200178571254834 1.1873231511512834
62856.2347 lsst_hardware_g -5.181930824057896 20.889999389648438 32.15999984741211 AB 7.045317577551028 1.1941216233137335
62856.2565 lsst_hardware_r -40.77283353461917 24.190000534057617 31.479999542236328 AB 6.369291339826456 1.1870825346801708
62859.2469 lsst_hardware_i -36.96975833459307 32.04999923706055 31.239999771118164 AB 8.575310483711364 1.1868394284521562
62859.2657 lsst_hardware_z -25.67132942132713 43.470001220703125 30.940000534057617 AB 6.675013998753638 1.198028237885786
62862.2087 lsst_hardware_z -4.008933281469653 43.7599983215332 30.93000030517578 AB 6.094796166685817 1.2046837311234255
62862.2315 lsst_hardware_r 31.387212493500503 24.049999237060547 31.479999542236328 AB 5.996960244773284 1.187105506957718
62864.2071 lsst_hardware_u -1.8070652420264581 2.7899999618530273 28.440000534057617 AB 8.444432322188659 1.1998767109074149
62864.229 lsst_hardware_g -5.87251969904321 14.819999694824219 31.43000030517578 AB 8.480392015815038 1.1866912038922566
62869.2127 lsst_hardware_r -10.335182479780933 39.189998626708984 31.559999465942383 AB 4.0946881731758245 1.1870381716700462
62869.2326 lsst_hardware_y -14.361285637928724 50.130001068115234 29.989999771118164 AB 4.193594461175122 1.1927174235424125
62871.206 lsst_hardware_z 19.962806629646046 59.900001525878906 30.959999084472656 AB 13.48574424352121 1.187316988673746
62871.2261 lsst_hardware_r 143.62627080835108 71.95999908447266 31.610000610351562 AB 14.042563553136738 1.1919417339532523
62873.2083 lsst_hardware_i 291.960221664216 101.97000122070312 31.309999465942383 AB 9.404764932920461 1.1867835237924762
62873.2306 lsst_hardware_z 5.472360804710127 88.83000183105469 30.979999542236328 AB 10.558701140679688 1.2015819521295483
62875.1645 lsst_hardware_z -66.13764913883398 103.66999816894531 30.979999542236328 AB 7.797679169245697 1.2183873701946402
62875.1834 lsst_hardware_r -114.57890854440343 153.57000732421875 31.6200008392334 AB 8.97755941468495 1.193625981676577
62880.1585 lsst_hardware_z -40.0680996942136 50.560001373291016 30.950000762939453 AB 8.893331876387736 1.2061208213721755
62880.1777 lsst_hardware_g 69.39922424666342 47.189998626708984 31.639999389648438 AB 9.411957486852359 1.1886035848774843
62882.1574 lsst_hardware_r -10.225530583846647 25.239999771118164 31.5 AB 5.2287209235822125 1.2005099221847613
62882.1755 lsst_hardware_z 51.254974593104 44.63999938964844 30.940000534057617 AB 6.150624173342329 1.1874364927539562
62884.158 lsst_hardware_r 3.504271156250983 24.25 31.489999771118164 AB 5.2045598696840125 1.1943227283997504
62884.1771 lsst_hardware_u -4.449530779880927 2.7699999809265137 28.40999984741211 AB 7.38644462258563 1.1866727644928317
62890.1574 lsst_hardware_r -20.39802305061352 24.25 31.489999771118164 AB 16.798932466402203 1.1867284573717596
62890.1793 lsst_hardware_u -4.521802163651782 2.7100000381469727 28.360000610351562 AB 13.580131347488717 1.1962238579598146
62892.12 lsst_hardware_u -4.465022823776004 2.759999990463257 28.389999389648438 AB 16.642427647455566 1.2150122394229195
62892.1404 lsst_hardware_g -9.873021115508333 14.859999656677246 31.399999618530273 AB 15.65377919674649 1.1910807834693924
62894.1065 lsst_hardware_r -7.0770364081421375 24.360000610351562 31.469999313354492 AB 15.19025132842762 1.230502952949835
62894.1242 lsst_hardware_z -8.105732483304843 43.70000076293945 30.940000534057617 AB 14.733516217884397 1.2010202745371426
62896.1069 lsst_hardware_r 5.356643255117011 30.739999771118164 31.520000457763672 AB 15.52087806553205 1.2188533112558544
62896.1233 lsst_hardware_y -7.7760206119463655 49.59000015258789 29.989999771118164 AB 15.254055249343837 1.1960916040494647
62898.1053 lsst_hardware_z -27.143293972886234 50.06999969482422 30.950000762939453 AB 9.277300874202934 1.2122172792355583
62898.1232 lsst_hardware_r 81.9958767210198 47.029998779296875 31.59000015258789 AB 9.089774414778676 1.191632723489601
62909.0952 lsst_hardware_r -15.904742049654471 37.97999954223633 31.559999465942383 AB 5.365815652222613 1.1903094154112426
62909.111 lsst_hardware_z -10.82871353376475 48.47999954223633 30.940000534057617 AB 5.355936394512453 1.1869111123573302
62913.0901 lsst_hardware_z -20.75463866897967 43.570186947692655 30.940000534057617 AB 3.7268421118127297 1.1876488565368801
62913.1075 lsst_hardware_r 49.96566651507487 24.075052982599463 31.479999542236328 AB 3.690562688808528 1.1894808838016213
62918.0573 lsst_hardware_g 48.94648192038726 15.410933201233222 31.389999389648438 AB 3.8837113805861887 1.2026977178589489
62918.0746 lsst_hardware_r 198.11598475602602 27.682515786129933 31.479999542236328 AB 3.733778250975383 1.1883129296301445
62920.0588 lsst_hardware_i 300.4280801729068 37.11523370027408 31.229999542236328 AB 8.53312393162566 1.195115396586227
62920.0775 lsst_hardware_z 241.83969169403952 46.43215775577352 30.940000534057617 AB 8.536546662128037 1.1866203311270556
62922.0572 lsst_hardware_r 699.4770150204165 36.11328561536482 31.479999542236328 AB 10.710742425318243 1.1919587230253075
62922.0744 lsst_hardware_u -0.6809692892355317 3.415396856616466 28.399999618530273 AB 10.65308828657307 1.1867532439554107
62924.051 lsst_hardware_g 366.32712383080195 25.747896728312313 31.450000762939453 AB 9.336121135159544 1.1925049348779593
62924.0684 lsst_hardware_i 783.070485699028 42.79361510793706 31.239999771118164 AB 9.218867335738816 1.1866985049544483
62926.0513 lsst_hardware_z 664.0271264457032 53.45491322239998 30.940000534057617 AB 4.5263399184403745 1.1889519092304635
62926.0695 lsst_hardware_r 1481.667829704366 52.94550949223978 31.559999465942383 AB 4.3955660782273895 1.18831199735804
62928.0578 lsst_hardware_y 788.2271373566208 79.1661331294206 30.760000228881836 AB 7.445631465767169 1.1867281752873067
62931.0138 lsst_hardware_z 1207.2641150450163 84.6849724398772 30.969999313354492 AB 6.219098545429227 1.214509545390411
62931.0329 lsst_hardware_r 2584.4672067363267 112.35580271369615 31.6200008392334 AB 6.116510932249324 1.191760264775474
62933.0116 lsst_hardware_y 459.8339970616413 64.63731838157854 30.0 AB 9.54610935347425 1.2092867182003895
62933.0302 lsst_hardware_z 1337.0425083727016 81.15869423974263 30.969999313354492 AB 9.404508338570118 1.1899921977186028
62936.0089 lsst_hardware_y 465.44873578830334 59.415433394017924 29.989999771118164 AB 9.666953149214708 1.2017594665856097
62936.0274 lsst_hardware_z 1535.0193971054828 66.46256468898655 30.950000762939453 AB 9.594132799262578 1.1876131459135455
62940.006 lsst_hardware_y 567.1556468689448 56.24969964614282 30.0 AB 11.297097191621974 1.1935392010165624
62940.0246 lsst_hardware_r 2790.449967875912 58.302234335470196 31.469999313354492 AB 11.233349766807994 1.186686742903517
62942.0047 lsst_hardware_y 592.310543862473 55.714864825720156 30.0 AB 9.409442720573962 1.1905412438253888
62942.0243 lsst_hardware_g 919.7938674160703 33.41869472701544 31.389999389648438 AB 9.402355826854333 1.1877535178618632
62946.9979 lsst_hardware_y 439.174065151818 58.08089038570025 30.020000457763672 AB 6.039186671267186 1.187452729071081
62947.0164 lsst_hardware_r 2576.2020472060026 55.80939221602395 31.5 AB 6.045981845543278 1.1904663649664673
62948.9951 lsst_hardware_y 405.30023677131476 60.934185387194745 30.010000228881836 AB 6.600566085711873 1.1868675531728374
62949.0157 lsst_hardware_r 2440.920630839375 54.11571009083063 31.489999771118164 AB 5.628224487813226 1.193938160333735
62950.9929 lsst_hardware_y 459.9040206760355 59.49464096840196 30.010000228881836 AB 9.76901935606259 1.1866166518822483
62951.0104 lsst_hardware_z 1432.9320741199733 57.25476750770105 30.940000534057617 AB 8.873570076490227 1.1940750977604144
62952.9928 lsst_hardware_y 366.2160524605751 59.03131135982874 30.010000228881836 AB 7.42450879481357 1.1873198317887315
62953.0115 lsst_hardware_u 4.581242321478209 3.3018097987471293 28.520000457763672 AB 8.369736291573089 1.2007655719343535
63182.3396 lsst_hardware_r -1.2439208310927614 24.100000381469727 31.469999313354492 AB 4.337974260777095 1.1961875805256728
63182.3582 lsst_hardware_y -110.62205075781483 63.40999984741211 30.0 AB 4.286270381289378 1.1866750778761466
63185.3405 lsst_hardware_r 2.0870115784457806 23.790000915527344 31.469999313354492 AB 6.624595779332762 1.1894239448193393
63185.3593 lsst_hardware_y -62.03678570871964 74.86000061035156 30.020000457763672 AB 6.564342962196266 1.1882059815424268
63188.3408 lsst_hardware_u -4.510833314735363 2.930000066757202 28.3700008392334 AB 4.380120900218601 1.1867566223215231
63190.34 lsst_hardware_r -17.317508504564156 24.110000610351562 31.479999542236328 AB 5.93505712534577 1.1867740702551028
63194.3355 lsst_hardware_z 99.93253706850737 44.11000061035156 30.940000534057617 AB 9.96986792001462 1.1885161733342813
63194.3554 lsst_hardware_y -160.8903618730354 75.58000183105469 30.010000228881836 AB 10.096745550170464 1.2068304175669204
63196.3375 lsst_hardware_r 21.8114085034847 24.139999389648438 31.479999542236328 AB 6.084621503727377 1.1930630399465447
63198.1352 lsst_hardware_i 321.3721102803411 178.1699981689453 32.5 AB 12.444368859584632 2.924359665427078
63198.1506 lsst_hardware_r -10.447484269764105 111.81999969482422 31.31999969482422 AB 10.03562775547931 2.4030237067894187
63200.3147 lsst_hardware_z 34.3165238500186 114.5199966430664 31.729999542236328 AB 6.88813402019036 1.1870976338113501
63205.2972 lsst_hardware_z -94.44385091169393 53.68000030517578 30.950000762939453 AB 3.582641659815246 1.1866326226271862
63205.3161 lsst_hardware_r 51.40732867638777 57.5099983215332 31.600000381469727 AB 3.5959401621981937 1.1958232491721856
63207.2995 lsst_hardware_z -9.99066168599839 46.02000045776367 30.940000534057617 AB 4.936980261264616 1.1882975596753138
63207.3191 lsst_hardware_g -3.2559220277187406 29.43000030517578 31.56999969482422 AB 5.045801360418947 1.2056873023701782
63209.2967 lsst_hardware_r 8.49445051811465 25.299999237060547 31.489999771118164 AB 7.878915469805898 1.1895395893115106
63209.3168 lsst_hardware_z -22.333462662024214 43.849998474121094 30.93000030517578 AB 7.906727553504889 1.210321465463226
63215.2652 lsst_hardware_u 2.9912747600483276 2.609999895095825 28.290000915527344 AB 9.688088589091203 1.1870307693441684
63215.2843 lsst_hardware_g 18.592457202450465 14.630000114440918 31.399999618530273 AB 9.732351628044693 1.1920421386493107
63217.2225 lsst_hardware_r 28.513280741034627 24.079999923706055 31.469999313354492 AB 10.444478848447767 1.2291478324707086
63217.241 lsst_hardware_i -2.8634871926821885 32.279998779296875 31.229999542236328 AB 10.140917192444526 1.1993515563089796
63219.2272 lsst_hardware_z 38.534132338922596 43.91999816894531 30.93000030517578 AB 6.182700303092268 1.2105140094160831
63219.2456 lsst_hardware_r 15.459338804830626 23.920000076293945 31.479999542236328 AB 6.159208414819809 1.190587815168449
63221.2276 lsst_hardware_u -0.05800201636399654 2.6700000762939453 28.329999923706055 AB 7.093520500901056 1.2022916103222128
63221.2469 lsst_hardware_g 0.42381573176295656 14.529999732971191 31.389999389648438 AB 7.00624778957399 1.1874996253515238
63223.2206 lsst_hardware_r 1.8905494510498706 36.08000183105469 31.549999237060547 AB 8.10086597065472 1.2042763549491726
63223.2403 lsst_hardware_z 49.39955760338209 45.880001068115234 30.940000534057617 AB 7.986299511390845 1.1878629400052767
63230.2033 lsst_hardware_r -142.79704298456315 144.36000061035156 31.6299991607666 AB 11.17810781761653 1.2019470771630676
63230.2232 lsst_hardware_i 159.3809457539049 117.70999908447266 31.31999969482422 AB 10.668693729973338 1.1872572590666832
