data/validation/pwv_sim_epoch_fit_epoch/50161375.ecsv
# %ECSV 0.9
# ---
# datatype:
# - {name: time, datatype: float64}
# - {name: band, datatype: string}
# - {name: flux, datatype: float64}
# - {name: fluxerr, datatype: float64}
# - {name: zp, datatype: float64}
# - {name: zpsys, datatype: string}
# - {name: pwv, datatype: float64}
# - {name: airmass, datatype: float64}
# meta: {SNID: '50161375', alt: 1024.0, c: -0.0772373229265213, dec: -37.1689, lat: -30.244573, lon: -70.7499537, ra: 338.027344, t0: 62770.52734375,
#   x0: 2.3367771686994336e-06, x1: 0.2724166214466095, z: 0.8360411524772644}
# schema: astropy-2.0
time band flux fluxerr zp zpsys pwv airmass
62642.3604 lsst_hardware_z -23.251253410313083 57.150001525878906 30.950000762939453 AB 8.492666048122278 1.2073164073528329
62642.3803 lsst_hardware_r 71.25915671603569 66.69000244140625 31.6200008392334 AB 7.999570299276666 1.1362219017508226
62644.3606 lsst_hardware_i -12.050603166017774 48.45000076293945 31.280000686645508 AB 2.815793036966736 1.1849733979870538
62644.3804 lsst_hardware_z -25.332994733854783 50.61000061035156 30.959999084472656 AB 2.201934106419414 1.1198173112829113
62646.3461 lsst_hardware_i 59.531649945997046 36.68000030517578 31.239999771118164 AB 8.927945858528803 1.221542104809781
62646.3656 lsst_hardware_z -39.9434195869572 44.90999984741211 30.940000534057617 AB 8.520014475861593 1.1481854535384979
62655.4255 lsst_hardware_u -0.8827030323732216 3.059999942779541 28.5 AB 10.821585436655097 1.0088175106418475
62655.4389 lsst_hardware_y -77.75216241704014 70.11000061035156 30.06999969482422 AB 10.882966303330175 1.0070604228868145
62657.4195 lsst_hardware_i 38.08727359919823 30.389999389648438 31.25 AB 4.439569387492067 1.0089930426118334
62657.4347 lsst_hardware_y 18.146852453641827 52.779998779296875 30.059999465942383 AB 4.431467609989199 1.0071517295429997
62676.2731 lsst_hardware_g 10.700695718775174 16.040000915527344 31.43000030517578 AB 4.44858912521733 1.185500099991294
62676.2946 lsst_hardware_r 49.153188913930805 25.59000015258789 31.510000228881836 AB 3.8206225385959875 1.1154559501521395
62676.3912 lsst_hardware_y 35.4930518946975 46.83000183105469 30.059999465942383 AB 3.915043452986431 1.0088801390649424
62676.4042 lsst_hardware_g 7.0898248455839346 19.690000534057617 31.56999969482422 AB 3.9354575360576 1.0154709162837312
62678.2546 lsst_hardware_r -3.608723415737485 23.549999237060547 31.450000762939453 AB 7.142215311476988 1.2399141203033168
62678.2748 lsst_hardware_i 7.079401514547898 31.5 31.229999542236328 AB 6.652423815512083 1.1596659662707371
62680.2521 lsst_hardware_z -18.158664261801192 43.4900016784668 30.920000076293945 AB 7.084606858251966 1.2266655455375455
62680.2716 lsst_hardware_r -45.072269381422416 23.010000228881836 31.469999313354492 AB 6.6661719092671445 1.152054595760207
62682.2694 lsst_hardware_r -11.18166667370485 23.200000762939453 31.479999542236328 AB 3.9884471730003286 1.1415132149399911
62682.2884 lsst_hardware_i 28.046583419563152 30.889999389648438 31.239999771118164 AB 3.7898042444751745 1.089519918873596
62682.4109 lsst_hardware_r -10.931568245204664 22.469999313354492 31.489999771118164 AB 4.215125727008406 1.0393603074857634
62682.424 lsst_hardware_u 0.8190851604710554 2.7300000190734863 28.43000030517578 AB 4.864964941859837 1.060386509895827
62686.2726 lsst_hardware_z -51.28175624316029 41.93000030517578 30.940000534057617 AB 7.661498467952425 1.1014230114939985
62686.2916 lsst_hardware_i -35.0545991972872 30.600000381469727 31.25 AB 7.341232997631246 1.060182395498772
62686.4157 lsst_hardware_g 2.7402014725200865 13.869999885559082 31.420000076293945 AB 6.741882841102501 1.0652927695832457
62686.4276 lsst_hardware_i -42.324562188761334 31.100000381469727 31.25 AB 6.264027642025458 1.090723949508147
62688.2701 lsst_hardware_u -2.6665330757845123 2.6500000953674316 28.389999389648438 AB 4.89860204617106 1.0940892003062226
62688.2893 lsst_hardware_g 3.969084309949427 14.029999732971191 31.43000030517578 AB 4.70525168566395 1.054595073365099
62695.249 lsst_hardware_r 130.33667173563373 107.76000213623047 32.38999938964844 AB 7.42836223675692 1.0989785338925677
62695.2939 lsst_hardware_i 91.40442821141096 85.11000061035156 32.08000183105469 AB 6.240730736714322 1.0230706125761184
62697.2594 lsst_hardware_z -20.817815154833646 76.87999725341797 30.989999771118164 AB 5.72974847949061 1.0642177710792364
62697.2786 lsst_hardware_r 166.11452637670342 115.12999725341797 31.65999984741211 AB 5.579207359481614 1.0340003446196753
62707.3824 lsst_hardware_z -25.154481847058445 42.18000030517578 30.93000030517578 AB 6.921189783573277 1.1223854347803903
62707.3948 lsst_hardware_r -28.973675437926087 24.040000915527344 31.479999542236328 AB 7.23013026658325 1.1614667094912852
62709.3439 lsst_hardware_r 9.452966610575555 22.920000076293945 31.479999542236328 AB 2.68021858386331 1.0494199623582978
62709.3557 lsst_hardware_u 0.11264645779689643 2.569999933242798 28.309999465942383 AB 2.70624510835333 1.0707907313452023
62716.1877 lsst_hardware_z 91.72089381675622 42.0099983215332 30.940000534057617 AB 2.5237311760894596 1.1092104938312097
62716.2084 lsst_hardware_r 41.37202954243699 23.1200008392334 31.489999771118164 AB 2.3828228975389782 1.062574313283727
62716.2445 lsst_hardware_g 11.257136617889904 14.140000343322754 31.43000030517578 AB 2.2814099827630296 1.0163691636900933
62716.2565 lsst_hardware_r 3.1232581482867663 22.770000457763672 31.5 AB 2.3396905101501146 1.009684112698291
62719.1651 lsst_hardware_g 11.741483929969192 18.860000610351562 31.489999771118164 AB 2.3975997453058415 1.1521382726121296
62719.1849 lsst_hardware_i -7.252109211350553 32.439998626708984 31.239999771118164 AB 1.7641529336732427 1.095463658684549
62722.1616 lsst_hardware_z 44.641033901509424 49.54999923706055 30.950000762939453 AB 4.916358733785262 1.1371247215878943
62722.1798 lsst_hardware_r -33.17201554408512 50.150001525878906 31.6200008392334 AB 4.111420199843035 1.0881090908675495
62723.1764 lsst_hardware_y -47.94419713974471 72.44000244140625 30.790000915527344 AB 4.58388315552319 1.089671114625164
62725.1532 lsst_hardware_r 112.38227914657563 114.94000244140625 31.639999389648438 AB 3.575640698419339 1.1377728145161239
62725.1717 lsst_hardware_i 140.02443626473715 90.05999755859375 31.34000015258789 AB 2.964343939699301 1.087899176597742
62733.1615 lsst_hardware_u 2.8160813999236907 2.7200000286102295 28.440000534057617 AB 1.9703754503362314 1.063486952009662
62733.1787 lsst_hardware_r 3.6744390637523425 23.149999618530273 31.5 AB 2.2190202615697756 1.0360780957486988
62735.2808 lsst_hardware_u -2.029428931049852 2.9522967129484328 28.479999542236328 AB 1.9053660476344803 1.0631634228407776
62735.2916 lsst_hardware_g -23.393049367945682 17.24419148160265 31.489999771118164 AB 1.9362978358871041 1.0855715768382195
62736.058 lsst_hardware_r 25.481233276930954 24.77666529021883 31.40999984741211 AB 3.209997368155981 1.4719694454458239
62736.0659 lsst_hardware_u -0.4982202560059546 2.4737611945088696 28.110000610351562 AB 3.013070789221625 1.4130945195083244
62742.0867 lsst_hardware_r -9.789089185875705 24.06565853324905 31.479999542236328 AB 6.0195237315334715 1.2101572253040986
62742.1068 lsst_hardware_i 79.70189658524885 32.53801754230344 31.25 AB 5.670720444255858 1.1377279318364564
62742.2391 lsst_hardware_g 33.86545364020189 14.9559288362424 31.450000762939453 AB 5.462469015658186 1.0292627608563616
62742.2493 lsst_hardware_r 11.624790089886293 23.30716649710474 31.5 AB 5.542080455778427 1.0425119600793367
62744.0853 lsst_hardware_z 38.594311386697875 44.36230230926254 30.93000030517578 AB 4.003759033061655 1.1937859264707018
62744.1047 lsst_hardware_r 28.038557173788547 24.147654306989516 31.479999542236328 AB 3.7288812103797246 1.127572183362481
62744.2388 lsst_hardware_i 28.20471717431701 32.16533000917076 31.25 AB 4.309988833687684 1.0355571440864209
62744.2495 lsst_hardware_z 44.66900417271762 42.11654798379422 30.950000762939453 AB 4.453338044822536 1.0513073760204288
62747.0723 lsst_hardware_i 178.9629069230999 35.560082507446644 31.229999542236328 AB 1.6975785405697519 1.2132782898652188
62747.0907 lsst_hardware_u 0.6676656037883498 3.3926722971520173 28.489999771118164 AB 0.6712372000208182 1.1454559727317717
62753.0848 lsst_hardware_z 197.4649853833016 69.71809175111144 30.979999542236328 AB 2.8756070898918837 1.114288461595925
62753.1022 lsst_hardware_r 347.959978360301 92.78757698861529 31.649999618530273 AB 2.692550324205905 1.072729212831038
62753.1385 lsst_hardware_i 484.48836064782364 76.10925210952414 31.34000015258789 AB 3.3792677500512354 1.0203616577075847
62753.1509 lsst_hardware_z 281.64051436019105 67.23583453564123 30.989999771118164 AB 3.3606255431539958 1.0117540961350433
62755.0675 lsst_hardware_r 502.08114461838994 126.0936032160373 31.6299991607666 AB 2.7589037603445763 1.1498626397657306
62755.0839 lsst_hardware_i 605.1858997369038 99.85947287116639 31.329999923706055 AB 2.958373834174162 1.1022257206310804
62757.1436 lsst_hardware_r 604.1544265771062 96.34054902817375 31.670000076293945 AB 3.725055009542751 1.0100702771328214
62757.1557 lsst_hardware_i 571.5245678094185 77.56644726350223 31.350000381469727 AB 3.6574889440448675 1.0071103104299772
62767.0744 lsst_hardware_r 619.4350552075502 33.58655932977801 31.5 AB 1.464725935621605 1.0532545078774724
62767.0922 lsst_hardware_u -0.6615489144260197 2.897841257620335 28.520000457763672 AB 1.3369112897116069 1.028393299778159
62767.2085 lsst_hardware_i 800.437502957015 42.303597356761145 31.239999771118164 AB 2.1661049975637874 1.095652502561349
62767.2196 lsst_hardware_z 688.1290065153395 48.433131207338896 30.940000534057617 AB 2.2223334077073433 1.1253270694778177
62770.9981 lsst_hardware_y 224.25014709385243 52.37972339026667 29.969999313354492 AB 2.74804339968533 1.2519559907452613
62771.0178 lsst_hardware_i 789.5415068431448 42.561804991303546 31.219999313354492 AB 3.659601176834897 1.1704793337247463
62771.9985 lsst_hardware_y 280.4913335833034 51.855679457584046 29.989999771118164 AB 5.30553274862592 1.2374420404958115
62772.0182 lsst_hardware_g 63.24136453750363 16.27193977681037 31.3799991607666 AB 5.481438078575869 1.1595201125178118
62773.9984 lsst_hardware_y 249.06035804373272 51.5086870644883 29.989999771118164 AB 10.438516323347963 1.214028008414266
62774.0181 lsst_hardware_i 831.7964399048257 42.097122630139744 31.239999771118164 AB 3.9019061798567907 1.1418820670232552
62780.0792 lsst_hardware_z 461.66624405003637 56.97642392610255 30.979999542236328 AB 3.816163482392351 1.0107703568778852
62780.0908 lsst_hardware_r 491.0725600003969 61.38065265774476 31.649999618530273 AB 3.434166893211467 1.0073332368257175
62782.9997 lsst_hardware_y 263.2831994655174 59.494498035474564 30.040000915527344 AB 5.159801923597268 1.1232425637320806
62783.0205 lsst_hardware_z 556.3727315776018 70.503581145807 30.989999771118164 AB 4.247888194174215 1.0722928673922036
62787.001 lsst_hardware_y 249.75072465783904 52.03639903552854 30.040000915527344 AB 6.251592220694337 1.0912187503392667
62787.0195 lsst_hardware_r 278.8982105617225 50.56883002296338 31.6299991607666 AB 5.9705268667415075 1.0537463584083142
62789.158 lsst_hardware_z 814.6354530076184 75.08812801335259 31.709999084472656 AB 6.873631144381583 1.1209291803027654
62791.1525 lsst_hardware_r 148.86202947818487 26.839054807428226 31.5 AB 7.173239949473488 1.1208187421052325
62791.1635 lsst_hardware_g -12.63635684217049 26.55456671185908 31.59000015258789 AB 7.390952523378477 1.154836331777887
62793.1496 lsst_hardware_r 154.73226805427203 26.18764038754919 31.489999771118164 AB 4.283562206848693 1.1282428990821842
62793.1602 lsst_hardware_i 389.86333904901176 36.769805506427716 31.239999771118164 AB 4.449669558879281 1.16219821318481
62799.1329 lsst_hardware_r 83.38924906201252 25.399696735861376 31.489999771118164 AB 4.941938547055475 1.1273098613212769
62799.144 lsst_hardware_i 306.6816984830052 35.443537686208536 31.239999771118164 AB 5.096411571310526 1.1628341957242656
62807.0934 lsst_hardware_z 224.26367051398222 46.986156913342015 30.959999084472656 AB 5.930089813812982 1.0819686447583363
62807.1059 lsst_hardware_r 40.56970442977045 36.41090388373051 31.579999923706055 AB 6.098692854455792 1.11273094501246
63013.3647 lsst_hardware_u 2.8730723027743834 2.759999990463257 28.450000762939453 AB 4.112207425540539 1.135968902083022
63013.3861 lsst_hardware_g -21.65933166025717 14.359999656677246 31.43000030517578 AB 5.3913919813834825 1.0800604960952538
63031.3478 lsst_hardware_u -0.11648432362486161 3.1600000858306885 28.540000915527344 AB 12.682211374078616 1.0585490369199575
63031.3628 lsst_hardware_g 28.460349027994372 17.010000228881836 31.510000228881836 AB 12.403275334153046 1.0354398692812727
63036.4107 lsst_hardware_z -89.9839399852631 40.68000030517578 30.950000762939453 AB 2.9457866145486986 1.0109082410942687
63036.4243 lsst_hardware_r 12.709826479998473 22.719999313354492 31.5 AB 2.668200979858283 1.0199220131334819
63040.2206 lsst_hardware_z 14.001407115787703 47.470001220703125 30.899999618530273 AB 4.647371554637271 1.5099081807404156
63040.2354 lsst_hardware_r -10.205941033195039 24.1299991607666 31.43000030517578 AB 4.35194928166056 1.3974683269983066
63044.2858 lsst_hardware_z -63.3134421228709 42.29999923706055 30.940000534057617 AB 8.038495469734865 1.1191000236301123
63044.3586 lsst_hardware_i -58.364845827457984 43.02000045776367 32.0 AB 7.268588828429519 1.0095262261707665
63044.4255 lsst_hardware_z -0.8399864226445197 41.439998626708984 30.950000762939453 AB 7.453636307613194 1.0478156052032326
63046.2478 lsst_hardware_r 20.266363659933305 27.5 31.5 AB 3.47245200410196 1.236775022237522
63046.2683 lsst_hardware_z -20.461193320428993 42.88999938964844 30.940000534057617 AB 3.1968669472114217 1.1562951251329856
63046.3896 lsst_hardware_r 12.853291741076857 22.520000457763672 31.5 AB 2.3578745974052473 1.0143577532394676
63046.4027 lsst_hardware_u -1.783971920446027 2.690000057220459 28.450000762939453 AB 2.3771684399172535 1.0253044813099623
63048.2581 lsst_hardware_r -21.479712761694437 50.16999816894531 31.600000381469727 AB 9.50287462668831 1.1728565384483567
63048.2772 lsst_hardware_i 8.975961769578307 44.22999954223633 31.290000915527344 AB 9.112865936811378 1.1126820435666849
63048.3964 lsst_hardware_y -53.99826280664355 46.88999938964844 30.049999237060547 AB 9.937169395546809 1.0244504531491556
63048.4086 lsst_hardware_g -3.006226341037317 13.800000190734863 31.40999984741211 AB 10.078087950564923 1.0389781392334974
63051.2704 lsst_hardware_z -86.78854862826489 93.08999633789062 31.729999542236328 AB 7.70551629753706 1.1089467219597122
63053.2668 lsst_hardware_z 60.25161836709097 75.31999969482422 30.989999771118164 AB 4.92307323576601 1.1040756303579298
63053.2853 lsst_hardware_r -49.86850750899636 108.7699966430664 31.65999984741211 AB 4.79174316564351 1.0630207422118751
63068.1698 lsst_hardware_r -12.048389191784608 24.010000228881836 31.450000762939453 AB 8.235106692853638 1.3291362517045784
63068.189 lsst_hardware_u 0.6582014672229551 2.6600000858306885 28.34000015258789 AB 7.6518867390392415 1.2311140426154175
63070.3306 lsst_hardware_g -17.959657614527192 14.170000076293945 31.440000534057617 AB 4.826912516424521 1.0191781218146896
63070.3437 lsst_hardware_r -25.74956484613594 22.940000534057617 31.510000228881836 AB 4.64914574637539 1.0326654133550146
63071.1632 lsst_hardware_r 18.207746725026613 23.850000381469727 31.450000762939453 AB 8.183819768158507 1.3199709303481462
63071.1755 lsst_hardware_i 60.541256777931316 32.209999084472656 31.229999542236328 AB 6.914419084607351 1.2556261106110411
63078.2146 lsst_hardware_r 17.63787281820264 62.0099983215332 31.639999389648438 AB 3.4167001624663307 1.0677188007707283
63078.2297 lsst_hardware_i -126.05585768378249 52.439998626708984 31.31999969482422 AB 3.3344381168098516 1.0420119115030786
63084.1583 lsst_hardware_z 123.65731808169167 59.810001373291016 30.969999313354492 AB 2.4688396774630346 1.178396886741037
63084.1791 lsst_hardware_r -56.101353609800505 72.51000213623047 31.6299991607666 AB 1.7885735467514665 1.1121817059289874
63084.2387 lsst_hardware_z 52.94990132086545 56.290000915527344 30.979999542236328 AB 2.273721004600087 1.0151673198348419
63084.2506 lsst_hardware_r 34.28963164981521 70.23999786376953 31.65999984741211 AB 1.285836887447554 1.009093103745383
63086.1652 lsst_hardware_i -46.28587170827541 38.709999084472656 31.260000228881836 AB 4.3906657030620755 1.1365947975827273
63086.221 lsst_hardware_z -162.74699969710582 79.80999755859375 32.15999984741211 AB 3.1796046693269093 1.0256789255893255
