data/validation/pwv_sim_epoch_fit_epoch/5019034.ecsv
# %ECSV 0.9
# ---
# datatype:
# - {name: time, datatype: float64}
# - {name: band, datatype: string}
# - {name: flux, datatype: float64}
# - {name: fluxerr, datatype: float64}
# - {name: zp, datatype: float64}
# - {name: zpsys, datatype: string}
# - {name: pwv, datatype: float64}
# - {name: airmass, datatype: float64}
# meta: {SNID: '5019034', alt: 1024.0, c: -0.007747036404907703, dec: 2.388015, lat: -30.244573, lon: -70.7499537, ra: 132.363281, t0: 60700.4140625,
#   x0: 3.2154155494156125e-06, x1: -0.17504188418388367, z: 0.7348772287368774}
# schema: astropy-2.0
time band flux fluxerr zp zpsys pwv airmass
60652.3351 lsst_hardware_i 21.163495691459243 33.22999954223633 31.239999771118164 AB 8.771206031652433 1.1913083165047673
60652.3537 lsst_hardware_y -179.5409827491019 74.52999877929688 30.010000228881836 AB 8.735024314844035 1.18663585684027
60654.3357 lsst_hardware_r -26.5543007455685 24.459999084472656 31.489999771118164 AB 10.061873715458338 1.1879425874213638
60656.332 lsst_hardware_g -6.072899662246365 15.149999618530273 31.399999618530273 AB 11.926023248446048 1.1872990557290153
60656.351 lsst_hardware_y -25.81100343493162 64.2300033569336 30.010000228881836 AB 12.423553797076996 1.189900595138611
60658.3321 lsst_hardware_i 62.47796450310677 54.0 31.290000915527344 AB 9.798373023166855 1.1862537025361197
60658.3502 lsst_hardware_z -20.08061537049926 61.63999938964844 30.959999084472656 AB 9.968782995542183 1.1932176794008633
60660.3352 lsst_hardware_r -117.33034935218495 105.5199966430664 31.6200008392334 AB 8.626845390891411 1.1875618855905214
60660.3548 lsst_hardware_y 86.9019500697349 86.87000274658203 30.010000228881836 AB 8.68626927631928 1.2040850119655226
60663.3232 lsst_hardware_z -28.050518048121223 71.73999786376953 30.969999313354492 AB 5.201791548898734 1.1865400430882147
60663.3449 lsst_hardware_y 92.41090575097506 61.9900016784668 30.010000228881836 AB 5.8358919485105485 1.2018724408273251
60668.2775 lsst_hardware_g -3.529539589268437 29.91168044470192 32.27000045776367 AB 7.598644118929266 1.205942567676423
60668.2998 lsst_hardware_r -10.699525164549367 28.562190547362686 31.520000457763672 AB 7.928559478438299 1.1871174324515208
60670.2793 lsst_hardware_i -28.70362144092887 32.951285118128666 31.239999771118164 AB 7.523944846020781 1.1970796461589883
60670.298 lsst_hardware_z -42.20600494409018 44.17638968022396 30.940000534057617 AB 7.111341577110104 1.1863605250215168
60672.2791 lsst_hardware_r 13.48236281396378 24.311923391253387 31.489999771118164 AB 8.575004338015148 1.1923252306572647
60672.3 lsst_hardware_g 20.501325890505917 14.875282108499041 31.40999984741211 AB 8.307743666952657 1.1868205238503795
60674.2835 lsst_hardware_r -23.458857111707125 24.381054253495588 31.489999771118164 AB 6.661349735942641 1.1870889665762525
60674.305 lsst_hardware_i 20.194803991764434 33.07985006364481 31.239999771118164 AB 5.962027352018816 1.1920081343588536
60676.2866 lsst_hardware_z 57.16205339294183 44.52705167360053 30.93000030517578 AB 8.389281996768624 1.18636622636343
60676.3085 lsst_hardware_i 108.86993732552591 34.209204682795374 31.229999542236328 AB 8.535021242959187 1.2007508709057717
60680.2495 lsst_hardware_g 64.21870024148271 16.75953616448427 31.389999389648438 AB 13.913078344672684 1.1998170355875029
60680.2717 lsst_hardware_r 198.62262515479114 28.355137371443465 31.479999542236328 AB 12.337893447997484 1.1862598661621837
60682.2527 lsst_hardware_i 332.7488156722677 37.816639979025254 31.229999542236328 AB 11.329538845831811 1.191642266193196
60682.2742 lsst_hardware_z 306.52343542229806 46.104698808931545 30.93000030517578 AB 11.090728786935685 1.187232341152794
60684.2504 lsst_hardware_r 819.6092755389388 44.66686834071374 32.22999954223633 AB 9.436981922382378 1.1895855190195872
60684.2744 lsst_hardware_g 239.36971484555914 25.56571836295377 32.150001525878906 AB 9.410442191202836 1.1897895555296911
60686.2517 lsst_hardware_r 617.5846433086841 62.89784995887055 31.600000381469727 AB 7.299361815770763 1.1868237736335328
60686.2741 lsst_hardware_i 609.4958192638337 55.57503213656289 31.280000686645508 AB 7.298970798798005 1.1934873492338798
60688.2295 lsst_hardware_z 503.08827094363573 85.60479209547943 30.979999542236328 AB 5.297680509144682 1.1977572934986844
60688.2481 lsst_hardware_i 735.7570016954514 99.72978013608281 31.309999465942383 AB 5.248564008635444 1.1864513158825531
60692.1962 lsst_hardware_y 338.2244443981522 60.672452771453024 29.979999542236328 AB 3.7793346496908744 1.234874905960096
60692.2161 lsst_hardware_r 952.9688801804007 98.28043652813557 31.610000610351562 AB 3.955044826325393 1.2005599998964058
60695.1992 lsst_hardware_r 859.5451311652561 53.38412625351021 31.579999923706055 AB 10.924491824253897 1.2129339553205658
60695.2197 lsst_hardware_z 816.9851196669673 54.6847853577322 30.950000762939453 AB 11.695445015588108 1.1899723604125596
60697.1928 lsst_hardware_r 788.4701061075809 40.637513603731755 31.510000228881836 AB 11.805318848870451 1.2145077388822816
60697.2131 lsst_hardware_i 1052.5671539423058 48.263233248396865 31.239999771118164 AB 11.311583213953345 1.1906929698898256
60699.1026 lsst_hardware_z 710.4271065143017 54.519601842761034 30.889999389648438 AB 21.18326872291218 1.6318672461992283
60699.1171 lsst_hardware_i 1084.1271633963504 47.418406961422235 31.190000534057617 AB 19.567241931549294 1.5067081395691218
60701.1781 lsst_hardware_u 1.4807697635118702 2.8710078660057796 28.420000076293945 AB 17.039737901516187 1.2213260791186
60701.1947 lsst_hardware_g 146.132530988624 19.101607120448392 31.43000030517578 AB 16.75151673218511 1.197021418111029
60703.1813 lsst_hardware_r 734.7177473078768 36.963143774654014 31.489999771118164 AB 12.835888266164902 1.2068341732009122
60703.197 lsst_hardware_i 1066.1731380709218 46.35507736941671 31.239999771118164 AB 12.730464506514604 1.1905047855219393
60705.1788 lsst_hardware_z 640.3005848500103 51.16719010218107 30.940000534057617 AB 14.743851287723945 1.2027941987048414
60705.1972 lsst_hardware_u -2.4309945107074373 2.813510816422439 28.399999618530273 AB 14.51629996746402 1.1876216941392475
60709.1731 lsst_hardware_i 939.3714950916104 44.749835340414236 31.239999771118164 AB 11.032714536770394 1.196769034497136
60709.1911 lsst_hardware_z 592.7872782963375 50.49653034585435 30.950000762939453 AB 10.804573484319462 1.1863922936526923
60713.1421 lsst_hardware_z 633.8576559788264 54.85739870281167 30.950000762939453 AB 6.073888426976551 1.2277922836014732
60713.1612 lsst_hardware_g 69.54636148409871 37.03689656394952 31.6200008392334 AB 5.8975193293532335 1.1977901284990657
60714.1384 lsst_hardware_r 518.1919369192092 64.13749245422383 31.59000015258789 AB 10.513856143748555 1.2298466055638888
60714.1575 lsst_hardware_i 827.5206558180022 60.17711118446473 31.280000686645508 AB 10.418817733034427 1.19885138075726
60716.15 lsst_hardware_z 1001.1901180595779 113.98215177067352 31.729999542236328 AB 4.204339429504937 1.2012398370014106
60718.1624 lsst_hardware_r 260.59832313784995 153.10051408841366 31.6299991607666 AB 4.776591556813867 1.1873699855360318
60718.1785 lsst_hardware_i 703.8851292214214 126.31341703897242 31.31999969482422 AB 7.063403665940609 1.188191712337232
60720.1297 lsst_hardware_i 733.4397802257279 97.25320622174566 31.309999465942383 AB 2.3789962109529776 1.2150133865949835
60720.1462 lsst_hardware_z 442.9143631733874 84.10784671045762 30.979999542236328 AB 2.1046880650315987 1.1938105870854219
60722.1274 lsst_hardware_i 608.0706409605693 62.83123573784122 31.290000915527344 AB 4.178523737140691 1.209851244919468
60722.144 lsst_hardware_z 359.2459715077228 61.11828393199918 30.959999084472656 AB 4.153016330026019 1.1912560286915794
60724.1256 lsst_hardware_g -6.103829036612876 36.692428318733086 31.6200008392334 AB 6.863443782895458 1.2045355884337412
60724.142 lsst_hardware_r 209.13504138300655 48.1278577491898 31.59000015258789 AB 6.758943584933138 1.1891174498474908
60727.1226 lsst_hardware_i 349.91883981735856 37.65031814074056 31.229999542236328 AB 5.466940818039632 1.198189834462222
60727.1402 lsst_hardware_r 154.89644357607705 27.972232543745218 31.489999771118164 AB 5.988395575851209 1.1867021205551072
60729.122 lsst_hardware_u -1.2457558050955266 2.765575233784119 28.360000610351562 AB 7.849172555754015 1.1934879709712136
60729.1388 lsst_hardware_g 5.032957154596386 15.776180933433613 31.40999984741211 AB 9.27247957537703 1.1861941378247904
60731.1248 lsst_hardware_r 123.31863939728235 26.96413477247253 31.479999542236328 AB 9.105649959318555 1.188184244707843
60731.1419 lsst_hardware_i 292.33074547911383 36.54423373468003 31.239999771118164 AB 10.244181391327423 1.187731175806078
60733.1211 lsst_hardware_z 331.2450711898234 46.48581291534643 30.940000534057617 AB 7.737353823882031 1.1874847598330247
60733.1383 lsst_hardware_r 72.41593872601995 26.66420548941202 31.489999771118164 AB 9.257792717182424 1.1885345466100619
60738.0868 lsst_hardware_g 15.274593029112303 15.355797647721792 31.3799991607666 AB 5.462703892213271 1.2053184037538933
60738.1055 lsst_hardware_r 32.33021320240203 25.919885811314973 31.469999313354492 AB 5.364032268650296 1.1882663323574587
60740.0836 lsst_hardware_i 182.7049509207163 36.89235115708746 31.239999771118164 AB 8.55328375176124 1.2023170862751602
60740.1016 lsst_hardware_r 69.55788036811312 28.453988309619703 31.5 AB 8.500220510003679 1.1876239535213784
60742.0912 lsst_hardware_z 285.3755738392568 74.68687200013568 31.700000762939453 AB 12.280721019051548 1.190059614388883
60744.0819 lsst_hardware_r -62.54644762143207 89.4618247013627 31.6200008392334 AB 11.970722337732816 1.1927782321375864
60744.1002 lsst_hardware_i 46.75348709748081 75.41901472731108 31.299999237060547 AB 13.266553837564603 1.1862613526681756
60753.0378 lsst_hardware_g 41.96199233324112 15.723138054171915 31.40999984741211 AB 8.213560621270869 1.2181773261061726
60753.0575 lsst_hardware_r -41.83664423404892 36.63538306952805 31.56999969482422 AB 8.604488479576043 1.1926383958015214
60755.0398 lsst_hardware_i 79.83974055555367 34.17554684335014 31.239999771118164 AB 4.413230524728808 1.2061302335963024
60755.0602 lsst_hardware_r 33.004886482298716 25.231250728274812 31.489999771118164 AB 4.664162165156367 1.1877919819587106
60757.0366 lsst_hardware_u 0.2296325682102688 2.999460672527703 28.440000534057617 AB 7.421281929318521 1.203060941746241
60757.0569 lsst_hardware_g 33.66593377862123 15.670037243876763 31.420000076293945 AB 7.108067968131703 1.18705209888639
60759.0314 lsst_hardware_r 26.98865711142733 24.822610755227863 31.489999771118164 AB 10.25201582944712 1.2027235839333055
60759.0491 lsst_hardware_i 82.54019417001845 33.40412393699482 31.239999771118164 AB 12.316550291500564 1.1878624983765853
60763.0278 lsst_hardware_u -0.6865969032393081 2.9703501315274075 28.43000030517578 AB 7.765436637105816 1.194682559554741
60763.0451 lsst_hardware_g 25.937846983457543 15.705821825503843 31.420000076293945 AB 8.03948619851191 1.1862314870910564
60766.0253 lsst_hardware_r 55.161287266535716 24.718914595702884 31.479999542236328 AB 4.6659254469150895 1.1902871038048697
60766.0444 lsst_hardware_z 18.263411118594295 44.21421925712592 30.940000534057617 AB 6.172770233979165 1.187071198842147
60768.0226 lsst_hardware_r -6.471010034562019 26.556372083734143 31.489999771118164 AB 7.408156678715804 1.188728606982683
60768.0415 lsst_hardware_u 3.6625202890145725 2.8799952437372607 28.329999923706055 AB 7.4115105948867726 1.187980059288603
60770.022 lsst_hardware_g 46.28599882344728 34.64047716826059 31.600000381469727 AB 9.055948995769961 1.1868871554088951
60770.0407 lsst_hardware_r -51.411925967991486 40.48447858823368 31.559999465942383 AB 9.115303680956123 1.190453660827494
60772.0205 lsst_hardware_i 48.21838635490389 61.77009239653498 31.299999237060547 AB 12.677463993925652 1.1862324589235362
60772.0369 lsst_hardware_z 56.042172206520796 61.07681375240821 30.959999084472656 AB 12.738919178513914 1.191592589658947
60773.9832 lsst_hardware_y 171.44829173441897 61.80846918248285 29.989999771118164 AB 11.020929378552072 1.2134023831347702
60774.0014 lsst_hardware_r -70.46745099299527 90.04708026528259 31.610000610351562 AB 9.589128176354711 1.1916894999612317
60776.9812 lsst_hardware_y 129.49767534118214 61.280504692120736 30.0 AB 6.526734053900168 1.2041019086294413
60776.9986 lsst_hardware_z 89.27638164790612 67.28318161683386 30.969999313354492 AB 6.420907869929272 1.188451782875264
60778.9797 lsst_hardware_y -49.65949801915234 56.901011822605426 30.0 AB 5.7687557959933775 1.1992008722572243
60778.9976 lsst_hardware_z 18.412530087600306 60.00837126795652 30.959999084472656 AB 5.763311580002988 1.1868434060961672
60780.9787 lsst_hardware_y -60.873724558993246 52.89592564992592 30.010000228881836 AB 17.796604995510634 1.1946368693319587
60780.9962 lsst_hardware_u 0.6715583856059781 5.6363227972457555 28.889999389648438 AB 17.67313671253604 1.186216072659521
60782.9769 lsst_hardware_z -57.435954789327475 48.93432661589587 30.950000762939453 AB 13.445216993701855 1.19163493695842
60782.9938 lsst_hardware_r 35.18450521182954 25.116351058414818 31.5 AB 13.372809824735404 1.186268945687519
60784.9741 lsst_hardware_y 5.333154858107908 56.072162606210114 30.010000228881836 AB 10.81630174131965 1.1898685498866546
60784.9905 lsst_hardware_z 54.2553991105709 44.67820405282561 30.940000534057617 AB 10.815465799999767 1.1865785587595057
60790.9701 lsst_hardware_y -91.41766678564939 55.43000030517578 30.0 AB 15.975530360876578 1.1861843154794014
60790.9876 lsst_hardware_u -4.901581567091875 2.799999952316284 28.3799991607666 AB 16.094969666823303 1.1936346534280111
60792.969 lsst_hardware_y -46.67367360427257 54.47999954223633 30.0 AB 1.2480594534496892 1.186650300403793
60792.9876 lsst_hardware_i -9.31540300003608 32.88999938964844 31.229999542236328 AB 1.263795607392715 1.1990470658374905
61016.3436 lsst_hardware_y 102.53662081000724 96.25 30.760000228881836 AB 5.1183630305980925 1.188313432143122
61019.3362 lsst_hardware_r -57.0424707919709 64.68000030517578 31.600000381469727 AB 10.753377493645383 1.1879669123826868
61019.3551 lsst_hardware_z -98.80153465340895 77.95999908447266 30.969999313354492 AB 10.771775985130418 1.1887190713772762
61021.3383 lsst_hardware_z -13.894154417438651 47.83000183105469 30.950000762939453 AB 13.768385744725741 1.186196954013389
61023.3322 lsst_hardware_u 5.396508990204235 3.2899999618530273 28.459999084472656 AB 8.547638761166363 1.1862384365776513
61023.3513 lsst_hardware_y -51.30663453787279 65.91000366210938 30.010000228881836 AB 10.120071472118296 1.1934984832280402
61025.3326 lsst_hardware_i -59.71982855810275 32.779998779296875 31.239999771118164 AB 12.558878437261969 1.1865827199664507
61025.3512 lsst_hardware_y 55.289611896365216 61.15999984741211 30.010000228881836 AB 12.804095216022695 1.198757453048495
61027.3128 lsst_hardware_r -29.208273915852487 24.200000762939453 31.479999542236328 AB 8.289490186336304 1.188670397753924
61027.3326 lsst_hardware_y -9.779549338369451 49.29999923706055 30.0 AB 8.295800031435427 1.1883965282354432
61029.3075 lsst_hardware_g -7.356445969768226 14.640000343322754 31.399999618530273 AB 5.120447335866282 1.1885903750850237
61029.3292 lsst_hardware_y 82.46691912292955 48.959999084472656 30.0 AB 5.2895119386271015 1.1894562488478442
61031.2677 lsst_hardware_r 4.4954511175451675 24.239999771118164 31.459999084472656 AB 5.713953970683166 1.2352491964941432
61031.292 lsst_hardware_i 1.4744480425022877 32.33000183105469 31.229999542236328 AB 7.248554820882404 1.195933809747963
61033.2706 lsst_hardware_z -38.84137585930482 44.279998779296875 30.93000030517578 AB 6.84833479440058 1.218113355559282
61037.2858 lsst_hardware_i -14.309566646430362 32.470001220703125 31.229999542236328 AB 7.265110422674817 1.1885175121958507
61037.3083 lsst_hardware_z -27.03698531785313 43.93000030517578 30.940000534057617 AB 7.473630628660508 1.1900054076737712
61039.2859 lsst_hardware_r 22.26804296332981 34.20000076293945 32.22999954223633 AB 10.323488810522115 1.1866079092554156
61039.3062 lsst_hardware_u -2.75102696291062 3.799999952316284 29.100000381469727 AB 11.137414231062065 1.192336254552099
61041.2921 lsst_hardware_g 5.113142672117333 40.709999084472656 31.6200008392334 AB 8.440879553976034 1.187453908866224
61041.3133 lsst_hardware_r 3.1787801089473957 24.290000915527344 31.469999313354492 AB 8.571040017544428 1.206059964659052
61044.2499 lsst_hardware_r 263.2110322411116 130.5 31.6299991607666 AB 3.142870846762003 1.203511828226825
