data/validation/pwv_sim_epoch_fit_epoch/50280847.ecsv
# %ECSV 0.9
# ---
# datatype:
# - {name: time, datatype: float64}
# - {name: band, datatype: string}
# - {name: flux, datatype: float64}
# - {name: fluxerr, datatype: float64}
# - {name: zp, datatype: float64}
# - {name: zpsys, datatype: string}
# - {name: pwv, datatype: float64}
# - {name: airmass, datatype: float64}
# meta: {SNID: '50280847', alt: 1024.0, c: -0.07004992663860321, dec: -39.644398, lat: -30.244573, lon: -70.7499537, ra: 20.742188, t0: 61374.83984375,
#   x0: 3.425503472949695e-06, x1: 0.7794374823570251, z: 0.7156184911727905}
# schema: astropy-2.0
time band flux fluxerr zp zpsys pwv airmass
61244.4329 lsst_hardware_z -46.53837574090494 42.869998931884766 30.959999084472656 AB 5.181825028556908 1.0160441232464525
61249.4299 lsst_hardware_r 52.0131817736937 58.40999984741211 31.639999389648438 AB 3.67855652199027 1.0218212561084083
61251.4338 lsst_hardware_z 33.262362242666335 103.80000305175781 31.75 AB 3.8916640041716306 1.0295407418443467
61253.4308 lsst_hardware_r -116.64707391965865 77.19999694824219 31.649999618530273 AB 6.918375189610874 1.0319900341259522
61256.4258 lsst_hardware_z 9.038919579448143 48.560001373291016 30.959999084472656 AB 1.5457279088734128 1.0354323381981108
61256.4371 lsst_hardware_r -18.765881824808744 54.130001068115234 31.6299991607666 AB 1.5480366682531597 1.0501096675544328
61258.4139 lsst_hardware_z 81.40645763452436 42.2400016784668 30.950000762939453 AB 2.956061669653059 1.028791764380415
61258.4247 lsst_hardware_g -2.191411279552572 26.3700008392334 31.6200008392334 AB 3.004647615032704 1.0406306678707944
61260.4161 lsst_hardware_r 2.6603821128547187 23.15999984741211 31.510000228881836 AB 1.4515609928262585 1.0368292805901846
61260.428 lsst_hardware_z 18.585259584373187 44.900001525878906 30.959999084472656 AB 1.920743754628534 1.0528469329228776
61261.417 lsst_hardware_r 15.411325397361514 22.229999542236328 31.489999771118164 AB 3.468407430941465 1.0412511050559787
61261.4273 lsst_hardware_u -0.8597345771648713 4.78000020980835 28.84000015258789 AB 3.5255409167453213 1.0560254355984189
61263.4135 lsst_hardware_g -6.3041519354062086 13.539999961853027 31.40999984741211 AB 6.287540013122147 1.0438061003467678
61263.4259 lsst_hardware_r -13.406774747720375 24.1299991607666 31.510000228881836 AB 5.19924228983023 1.0627869428151393
61266.4096 lsst_hardware_i -52.94211881184991 30.219999313354492 31.25 AB 3.6549336540943136 1.0498157846027039
61266.4207 lsst_hardware_z 10.487417825142412 43.2599983215332 30.950000762939453 AB 4.48894618110676 1.0681185392861898
61268.4124 lsst_hardware_r 2.005089294537865 22.209999084472656 31.479999542236328 AB 5.139037645566219 1.0630475555807455
61268.4237 lsst_hardware_u 3.452101054630354 5.300000190734863 28.8700008392334 AB 5.041812059629615 1.0848828130030732
61271.192 lsst_hardware_u -0.505841419612821 2.450000047683716 28.1299991607666 AB 3.453919062230054 1.4254721676558209
61271.2084 lsst_hardware_g -8.264273150493294 13.449999809265137 31.309999465942383 AB 3.146925940291871 1.3229326075846592
61272.216 lsst_hardware_r -66.0101376336652 46.7400016784668 32.68000030517578 AB 2.2706804973950065 1.269363922889224
61272.2323 lsst_hardware_i -4.588169011477485 31.290000915527344 31.229999542236328 AB 2.1331508427380985 1.1989606610237555
61274.3908 lsst_hardware_g -12.954778023711865 13.289999961853027 31.399999618530273 AB 1.2894784554967795 1.0544287199973665
61274.4024 lsst_hardware_r -7.412181043231971 22.190000534057617 31.479999542236328 AB 1.347565631976275 1.0748280215164707
61278.3821 lsst_hardware_r 21.54205601967991 68.9800033569336 31.639999389648438 AB 2.182536381543909 1.0579857232287178
61278.3929 lsst_hardware_z -75.96339372774912 55.56999969482422 30.969999313354492 AB 2.245986460441347 1.077642444034233
61286.3791 lsst_hardware_r -75.88837442324004 37.209999084472656 31.579999923706055 AB 1.2960555610936564 1.0949497840836298
61286.3911 lsst_hardware_y 9.943835076137272 48.900001525878906 30.020000457763672 AB 1.3472835782012453 1.1253934942513535
61297.1297 lsst_hardware_z -37.655108611360234 64.01000213623047 31.670000076293945 AB 2.3212510839026654 1.3682588175082024
61297.1474 lsst_hardware_r 3.141791525550469 32.869998931884766 32.209999084472656 AB 2.147531153159406 1.2710418662349137
61299.3498 lsst_hardware_z -41.39631297067694 42.060001373291016 30.940000534057617 AB 4.621235747516757 1.109940133905873
61299.3614 lsst_hardware_r -23.074923427634555 22.700000762939453 31.479999542236328 AB 4.776798193704104 1.142228166835032
61305.3355 lsst_hardware_z -20.06087893296686 46.61000061035156 30.950000762939453 AB 1.6922181587757819 1.1153192676063812
61305.3475 lsst_hardware_r -15.014956242678783 22.700000762939453 31.469999313354492 AB 1.7271428472204922 1.1498953709856805
61307.3356 lsst_hardware_i -3.2821657012733887 61.790000915527344 31.309999465942383 AB 4.6833723077874 1.130566640383368
61307.3471 lsst_hardware_r -14.995348763998257 64.94000244140625 31.610000610351562 AB 4.760738063742432 1.1664187342259356
61309.3332 lsst_hardware_z -48.19958868077748 100.3499984741211 31.729999542236328 AB 3.907803401595199 1.1395227648509239
61311.3311 lsst_hardware_z -20.13657906566164 63.380001068115234 30.969999313354492 AB 4.3638236039224285 1.1498371447689857
61311.3432 lsst_hardware_r 153.34772619037224 87.0999984741211 31.6200008392334 AB 5.648540922359433 1.1914239448132888
61313.3113 lsst_hardware_r 57.607882227822266 56.189998626708984 31.6200008392334 AB 4.18405002740915 1.1092391377012591
61313.3224 lsst_hardware_i 1.1968694744644024 49.310001373291016 31.290000915527344 AB 4.29594535136774 1.1398859970461666
61315.3112 lsst_hardware_z 3.250919371425141 45.38999938964844 30.950000762939453 AB 3.5734174553523714 1.1233923518962001
61315.3222 lsst_hardware_i -7.495323296993548 38.41999816894531 31.270000457763672 AB 3.6956960784405988 1.1562901637713714
61317.3135 lsst_hardware_u 0.7303884209976189 3.5 28.549999237060547 AB 3.053621909389617 1.1460393730116782
61317.3245 lsst_hardware_g -2.5456463277124928 20.290000915527344 31.5 AB 3.113367965551391 1.182890564419082
61319.3142 lsst_hardware_r -33.506443686790114 22.829999923706055 31.469999313354492 AB 6.675297264563312 1.1659568451392937
61319.3248 lsst_hardware_i 28.163813888453127 31.8700008392334 31.229999542236328 AB 6.891837030524691 1.2046209159888177
61321.2566 lsst_hardware_i -6.217034637803586 30.219999313354492 31.25 AB 3.942577797696019 1.0457766041634002
61321.2679 lsst_hardware_z -26.336817127211557 41.38999938964844 30.950000762939453 AB 3.9693129956656756 1.0633987307553445
61323.3002 lsst_hardware_g -9.494150511112602 13.529999732971191 31.3799991607666 AB 3.2266496866600276 1.1557803122271504
61323.3108 lsst_hardware_r -32.00439753886724 22.84000015258789 31.469999313354492 AB 3.3347368398712494 1.1927879244822497
61326.2964 lsst_hardware_i -18.884351609580506 31.309999465942383 31.239999771118164 AB 6.250117454018339 1.170433980153247
61326.3084 lsst_hardware_u 0.2843509497227804 2.640000104904175 28.350000381469727 AB 6.449622334447692 1.2154765294601069
61328.2966 lsst_hardware_g 4.736375949201563 13.5 31.360000610351562 AB 6.700660066432753 1.1907345219345018
61328.3081 lsst_hardware_r -26.28725171622122 22.969999313354492 31.450000762939453 AB 7.0497134424957855 1.2372983284085506
61330.2445 lsst_hardware_g -5.093024852296527 13.380000114440918 31.399999618530273 AB 5.611829174948363 1.0654697503224535
61330.2566 lsst_hardware_r 24.119396859435014 22.389999389648438 31.479999542236328 AB 6.698359782773938 1.0896071220453742
61332.242 lsst_hardware_i 40.869013158723476 33.54999923706055 31.260000228881836 AB 2.6022894387318014 1.0709010035937898
61332.2526 lsst_hardware_z -22.016549522340217 42.220001220703125 30.950000762939453 AB 3.9605928474502035 1.092878821040343
61334.287 lsst_hardware_z -6.882437803370438 48.08000183105469 30.950000762939453 AB 2.406985814550449 1.2172888475473649
61334.2973 lsst_hardware_r 37.340059048342475 26.90999984741211 31.5 AB 2.929734348619668 1.2627258165159119
61340.2703 lsst_hardware_i 20.30109604346976 69.02999877929688 31.290000915527344 AB 3.981249021495472 1.2159889093116563
61340.2809 lsst_hardware_z 13.24667038345669 64.58999633789062 30.950000762939453 AB 4.139048388252463 1.2626428212377547
61342.2302 lsst_hardware_r -146.4226866533826 54.85267605485751 31.6200008392334 AB 3.625745610721508 1.1044561945640985
61342.2413 lsst_hardware_z -71.38400808557222 50.68448850445095 30.959999084472656 AB 3.7209744591864173 1.134212901601153
61348.0779 lsst_hardware_r 110.2619027399316 32.46089566003756 32.2400016784668 AB 4.282779719347625 1.058129640357578
61355.1748 lsst_hardware_r 469.3308051714425 29.436779919948012 31.479999542236328 AB 0.8115558484554015 1.0629415172958763
61355.1864 lsst_hardware_u -1.30704295507622 2.8547238843041978 28.360000610351562 AB 0.848775181832685 1.0853902580976318
61358.1771 lsst_hardware_g 113.43545971806573 17.45174507522532 31.389999389648438 AB 4.358694347243375 1.0830399670128898
61358.1888 lsst_hardware_i 601.8306259597528 39.04835037026237 31.239999771118164 AB 4.463658171091789 1.110178619903389
61360.1785 lsst_hardware_z 496.4001949340335 46.81767004013309 30.940000534057617 AB 6.065295647724163 1.098321177230186
61360.1905 lsst_hardware_r 692.0841983328635 35.10895552839271 31.469999313354492 AB 6.2257807016537825 1.1294616215620383
61362.1603 lsst_hardware_r 950.3485062676314 48.311644688843764 31.59000015258789 AB 5.1875484964563805 1.07130951447269
61362.1728 lsst_hardware_y 99.9247657656925 50.55198833047507 30.020000457763672 AB 5.9828804311185015 1.097759440581027
61363.0862 lsst_hardware_z 1064.268244915446 74.3330084224713 31.709999084472656 AB 4.504646735314933 1.0139320770502351
61365.0832 lsst_hardware_r 1147.9751608700185 74.15905335789729 31.649999618530273 AB 3.923016746277856 1.0135248224968083
61365.0962 lsst_hardware_i 1005.8464626377335 63.63780345379632 31.31999969482422 AB 3.3277801544996866 1.014103353496589
61367.0807 lsst_hardware_z 669.0170742406945 63.444415738612385 30.979999542236328 AB 6.903968795425718 1.0132530887078497
61367.0935 lsst_hardware_r 1235.7415039865252 87.11274333681195 31.65999984741211 AB 6.965209463962005 1.0148188918134609
61369.0778 lsst_hardware_z 646.8390804785153 61.57609495763916 30.979999542236328 AB 5.2168503588421755 1.0132101820170607
61369.0905 lsst_hardware_g 344.8065926808299 86.67077477712947 31.739999771118164 AB 5.198260897918346 1.015632471629567
61373.1057 lsst_hardware_i 1159.5339600218872 45.54824233934661 31.25 AB 5.187705668072726 1.0347129183045343
61373.1183 lsst_hardware_r 1044.3633976686892 39.27956858467388 31.489999771118164 AB 5.259509031148554 1.0510784614349635
61375.1541 lsst_hardware_r 998.8740565489888 38.79572618018697 31.479999542236328 AB 9.334243062244619 1.1428752422959465
61375.1662 lsst_hardware_i 1105.7429946262516 45.91809390863529 31.229999542236328 AB 9.609815304462302 1.1831348099227197
61378.1194 lsst_hardware_r 915.871493831437 37.660647301081504 31.479999542236328 AB 2.799487568935278 1.07672598805203
61378.1309 lsst_hardware_i 1161.9975252981037 45.4250897873882 31.239999771118164 AB 3.5506251082676497 1.102022639195401
61380.1108 lsst_hardware_z 772.1159480869247 48.85897803399931 30.940000534057617 AB 5.576495077952354 1.0706527940774841
61380.1215 lsst_hardware_r 820.0870880913495 36.87644696170917 31.479999542236328 AB 5.722471318445956 1.0928046058332772
61382.0682 lsst_hardware_u 6.810612466048223 2.6866857128319066 28.40999984741211 AB 3.0501484386223576 1.0228532658022662
61382.0799 lsst_hardware_g 128.91965379883572 17.658065128987463 31.399999618530273 AB 3.059325115781523 1.033381224719312
61384.0694 lsst_hardware_r 694.903971367919 35.04383581503855 31.489999771118164 AB 7.509093714710837 1.028361231814686
61384.0823 lsst_hardware_z 722.8324081911996 48.200727432309904 30.950000762939453 AB 7.8769171347929765 1.0427248275511938
61386.0692 lsst_hardware_r 716.9217766917832 34.341931515588975 31.5 AB 14.030883139668305 1.0336206224662723
61386.0807 lsst_hardware_u 0.5216288226883996 2.8400097622132443 28.520000457763672 AB 14.238580715288748 1.04800760926093
61388.0723 lsst_hardware_g 97.8198218955858 17.60886148283757 31.450000762939453 AB 8.247166393845303 1.043945113144975
61388.085 lsst_hardware_r 562.188305782126 33.878912149770585 31.489999771118164 AB 7.86907433341477 1.063484232824773
61607.3069 lsst_hardware_z 36.21450916930651 108.36000061035156 32.150001525878906 AB 6.214110152909387 1.2314923014089156
61611.4392 lsst_hardware_y -23.63258614579107 63.58000183105469 30.06999969482422 AB 6.25984238115599 1.022098519251529
61612.4369 lsst_hardware_r 31.753052727085947 38.65999984741211 31.610000610351562 AB 6.21757643306009 1.0224034915139373
61619.4324 lsst_hardware_r -10.621655520043342 24.8799991607666 31.520000457763672 AB 1.2660754371330236 1.0359269906994992
61622.4293 lsst_hardware_g 34.48290128813606 16.969999313354492 31.5 AB 1.1463337706257384 1.042121609659762
61624.4242 lsst_hardware_z 14.172027854915267 42.439998626708984 30.950000762939453 AB 3.440546408593748 1.0425898207859843
61624.4359 lsst_hardware_r 1.4490434591162151 34.33000183105469 31.579999923706055 AB 3.4980849845039534 1.060025752879986
61626.4182 lsst_hardware_u 2.7492140428058343 2.990000009536743 28.540000915527344 AB 3.4997064843213335 1.0418893969399623
61626.4294 lsst_hardware_g -4.588036532322019 20.75 31.56999969482422 AB 3.5823370726724058 1.0582975103906664
61627.4089 lsst_hardware_r 3.765075851504566 21.989999771118164 31.5 AB 5.377194907581293 1.0340759437656333
61627.4198 lsst_hardware_i -21.28057174305569 30.90999984741211 31.260000228881836 AB 5.195152895046732 1.0477619284127426
61649.3766 lsst_hardware_u -4.066949643207339 2.6700000762939453 28.43000030517578 AB 0.699847701693301 1.0764127685618574
61649.3872 lsst_hardware_g 10.809220714258723 13.4399995803833 31.389999389648438 AB 0.6840699255140712 1.0994962638867414
61651.3767 lsst_hardware_r -0.9563158231754967 22.239999771118164 31.469999313354492 AB 1.2508427046601318 1.0880046720731793
61651.3888 lsst_hardware_z 27.214299533835685 41.939998626708984 30.940000534057617 AB 1.317612860740868 1.1172522844043538
61653.3596 lsst_hardware_i 51.878237381767896 30.360000610351562 31.239999771118164 AB 1.3213831695544829 1.0649874427197121
61653.3715 lsst_hardware_r -32.35534167733168 22.3700008392334 31.469999313354492 AB 1.3658896068515836 1.088575100100614
61655.3546 lsst_hardware_u 2.797690638499957 2.6600000858306885 28.420000076293945 AB 2.5014522521277183 1.0658083732970427
61655.3661 lsst_hardware_g -4.934362386218372 13.479999542236328 31.399999618530273 AB 2.606729305959024 1.0887077708307213
61671.3083 lsst_hardware_r -46.123233829171824 30.020000457763672 31.559999465942383 AB 2.202512346053494 1.0612386329107377
61671.32 lsst_hardware_g 24.103414431604797 26.219999313354492 31.610000610351562 AB 2.2681363498623974 1.0835046257304446
61678.1265 lsst_hardware_z -48.06800755529655 43.20000076293945 30.940000534057617 AB 4.871133268992014 1.178785174395217
61678.1455 lsst_hardware_r -6.17680368537296 22.649999618530273 31.479999542236328 AB 4.673684289977631 1.119624121211602
61680.3153 lsst_hardware_g 1.4678256060252575 13.479999542236328 31.3799991607666 AB 3.5966421173109144 1.1330088312217723
61680.3267 lsst_hardware_r -39.28701023414307 22.649999618530273 31.459999084472656 AB 3.711287112865362 1.1689706901775512
61682.3139 lsst_hardware_i 27.168194962371047 31.190000534057617 31.229999542236328 AB 3.000253614615458 1.1451349674106157
61682.325 lsst_hardware_z -56.64907346367069 43.16999816894531 30.93000030517578 AB 3.19192747850818 1.1821953624104369
61684.3125 lsst_hardware_r -1.5436934184264044 22.790000915527344 31.469999313354492 AB 6.600648120739462 1.1580084422349932
61684.324 lsst_hardware_g 9.124972286867735 13.619999885559082 31.360000610351562 AB 6.854373771637904 1.1988235889238583
61686.3101 lsst_hardware_r 4.387876495957647 22.81999969482422 31.469999313354492 AB 4.233649266476095 1.1682255150316347
61686.3211 lsst_hardware_i -53.82741329660776 31.649999618530273 31.229999542236328 AB 4.1354783271461315 1.2088507241000093
61688.2613 lsst_hardware_i -83.31904331106294 43.45000076293945 31.299999237060547 AB 3.402694323738749 1.060249581555523
61688.2725 lsst_hardware_z -24.06111816697768 47.13999938964844 30.959999084472656 AB 3.4606845704512312 1.081238670209716
61689.3035 lsst_hardware_z -5.03163142279862 71.95999908447266 31.700000762939453 AB 5.294831149134695 1.1737165882738452
61692.2455 lsst_hardware_y -151.58155279893458 79.31999969482422 30.799999237060547 AB 6.630291303091467 1.0524271909668996
61694.2988 lsst_hardware_z 101.99518988200154 96.31999969482422 31.719999313354492 AB 8.47176549692984 1.207033457959229
61696.2444 lsst_hardware_z -48.83496735509538 52.61000061035156 30.969999313354492 AB 5.4197355368018325 1.0689813682054898
61696.2555 lsst_hardware_r -54.14807553628957 63.86000061035156 31.6299991607666 AB 5.5908236866944865 1.0916912251295068
61700.2835 lsst_hardware_z -5.942073376079255 45.45000076293945 30.93000030517578 AB 3.429341923374522 1.2113535582389694
61700.294 lsst_hardware_i 7.634203744342814 36.7400016784668 31.239999771118164 AB 3.168110763882098 1.2568127596477627
61707.2763 lsst_hardware_z -60.58305792951276 44.040000915527344 30.93000030517578 AB 3.3110793805536396 1.2634492675732534
61707.2865 lsst_hardware_u 2.5258093352340754 2.5 28.209999084472656 AB 3.466303331870233 1.315401934806236
61709.2708 lsst_hardware_g -19.405734737450878 13.380000114440918 31.329999923706055 AB 4.800403552386585 1.2632640927333119
61709.2805 lsst_hardware_r 13.961212715727108 23.139999389648438 31.440000534057617 AB 4.987383096781572 1.3124692359951506
61711.2212 lsst_hardware_u -3.1217249646117167 2.509999990463257 28.290000915527344 AB 4.786886841035229 1.1074988353367339
61711.2332 lsst_hardware_r -2.8062384223128487 22.459999084472656 31.459999084472656 AB 4.9817721654773806 1.1405156056493404
61724.1795 lsst_hardware_r 90.53248241922249 78.76000213623047 31.639999389648438 AB 4.294375614898892 1.0927164414500998
61724.1906 lsst_hardware_y -120.71897328594034 52.83000183105469 30.030000686645508 AB 4.414695845015441 1.12024424064676
61726.161 lsst_hardware_u -15.714892434190253 13.109999656677246 29.329999923706055 AB 2.9189255098697644 1.0662741588565348
61726.173 lsst_hardware_g -45.68909878029272 56.70000076293945 31.690000534057617 AB 2.5179699746963107 1.0903843129562267
61728.0841 lsst_hardware_g -26.61079073649729 13.15999984741211 31.40999984741211 AB 4.544803996804528 1.0145784120558572
61728.0956 lsst_hardware_r 8.095098971171486 21.75 31.5 AB 4.485243045767133 1.013213541710469
61729.0823 lsst_hardware_i -9.565380506610929 29.6200008392334 31.25 AB 6.648115414988368 1.014334201905409
61729.0954 lsst_hardware_z -51.52985806638181 40.400001525878906 30.950000762939453 AB 5.844929852344281 1.0133959172994766
61731.0842 lsst_hardware_i 11.200716483818864 29.469999313354492 31.239999771118164 AB 3.900609799508361 1.0132331282816223
61731.0961 lsst_hardware_u 2.307803702871575 2.5199999809265137 28.350000381469727 AB 3.8589114111671194 1.0145685319225266
61736.0797 lsst_hardware_i 22.967327842848558 29.68000030517578 31.25 AB 3.737305632824952 1.0139190539406868
61736.0906 lsst_hardware_r -19.405317944855824 21.780000686645508 31.489999771118164 AB 3.891837264213041 1.017717692051641
61740.1109 lsst_hardware_g 8.48991512516734 13.220000267028809 31.389999389648438 AB 9.297163277966801 1.0472431954005013
61740.1244 lsst_hardware_r 14.90747208791636 22.1200008392334 31.479999542236328 AB 9.511340712761895 1.0692506234836752
61742.109 lsst_hardware_i 26.39234225164597 30.31999969482422 31.25 AB 6.891224660123347 1.0524724807020558
61742.1196 lsst_hardware_z 39.33536643108174 41.31999969482422 30.950000762939453 AB 7.011638965963945 1.070484790383388
61744.1196 lsst_hardware_i 17.54954920276968 33.220001220703125 31.260000228881836 AB 4.027877340817866 1.081260974672656
61744.1316 lsst_hardware_z -22.80749496336996 43.09000015258789 30.950000762939453 AB 2.8412480161910487 1.1087797136355313
61748.0659 lsst_hardware_i -28.851874660521162 48.58000183105469 31.309999465942383 AB 5.476114442332246 1.0226489045408658
61748.0789 lsst_hardware_r 33.296860307523666 55.65999984741211 31.639999389648438 AB 5.529036703539887 1.0344960777485532
