data/validation/pwv_sim_epoch_fit_epoch/50333285.ecsv
# %ECSV 0.9
# ---
# datatype:
# - {name: time, datatype: float64}
# - {name: band, datatype: string}
# - {name: flux, datatype: float64}
# - {name: fluxerr, datatype: float64}
# - {name: zp, datatype: float64}
# - {name: zpsys, datatype: string}
# - {name: pwv, datatype: float64}
# - {name: airmass, datatype: float64}
# meta: {SNID: '50333285', alt: 1024.0, c: 0.13914698362350464, dec: -2.985506, lat: -30.244573, lon: -70.7499537, ra: 226.582031, t0: 61489.87890625,
#   x0: 5.654374223692256e-06, x1: 1.426621675491333, z: 0.583043098449707}
# schema: astropy-2.0
time band flux fluxerr zp zpsys pwv airmass
[from data line 132]
61879.2336 lsst_hardware_r -4.152625867887027 25.209999084472656 31.5 AB 10.18058383364741 1.1313959751782126
61879.2516 lsst_hardware_z -27.834262184563936 43.18000030517578 30.940000534057617 AB 10.901340709655502 1.12381093876384
61884.256 lsst_hardware_u 1.577428063359503 2.7799999713897705 28.43000030517578 AB 9.549951305010762 1.1303501110641632
61884.2737 lsst_hardware_g -1.4037338267919046 15.270000457763672 31.43000030517578 AB 9.75551675979258 1.1509123551605542
61887.1192 lsst_hardware_i 15.876735315417006 34.5 31.190000534057617 AB 6.520938031551677 1.45670457534947
61887.1385 lsst_hardware_z -16.80772347902824 45.689998626708984 30.920000076293945 AB 6.061777617680075 1.334948273300806
61890.2284 lsst_hardware_r -6.351397739680949 24.420000076293945 31.5 AB 11.05753369897154 1.1246188511247543
61890.246 lsst_hardware_u 3.711670659652691 2.759999990463257 28.40999984741211 AB 11.20821430307023 1.136102002237112
61893.1804 lsst_hardware_z 47.25174595530283 44.310001373291016 30.950000762939453 AB 13.248267683485553 1.148760132101759
61893.1998 lsst_hardware_r 28.098608338896355 24.559999465942383 31.510000228881836 AB 12.991800517228285 1.1282174941146748
61898.222 lsst_hardware_z 87.25187464474965 81.29000091552734 30.979999542236328 AB 10.171562176326217 1.1339534198803114
61898.2416 lsst_hardware_r -101.89222202286525 118.47000122070312 31.6299991607666 AB 10.365792594844175 1.1614984138992857
61900.2182 lsst_hardware_z 268.45700046182947 108.45999908447266 30.989999771118164 AB 7.0406573548599045 1.1355898959451458
61900.2362 lsst_hardware_r -91.80252998827783 156.17999267578125 31.6299991607666 AB 7.202001945702411 1.1616132170487758
61907.1347 lsst_hardware_g -38.55731781651354 15.130000114440918 31.40999984741211 AB 9.456841522512894 1.1614174421262382
61907.1544 lsst_hardware_i -20.661519961160113 32.029998779296875 31.239999771118164 AB 9.212279380054857 1.1338190006221363
61909.1605 lsst_hardware_z 69.74510624627618 42.779998779296875 30.940000534057617 AB 8.444397253212884 1.1259196337617179
61909.1789 lsst_hardware_r -29.52018599868935 24.34000015258789 31.5 AB 9.422026646270716 1.1253764358327885
61911.155 lsst_hardware_u 0.28827785145419316 2.7899999618530273 28.440000534057617 AB 7.995279230049779 1.1259370835163751
61911.1734 lsst_hardware_g 5.76609256203849 15.15999984741211 31.440000534057617 AB 8.427558942069599 1.125362569463475
61927.118 lsst_hardware_r 70.31485667291894 134.3800048828125 31.639999389648438 AB 5.732582505870087 1.124035785464723
61927.1376 lsst_hardware_z -69.07799350602149 90.44000244140625 30.989999771118164 AB 6.386907960402324 1.1296264521404888
61943.0804 lsst_hardware_u 3.888060288698005 2.700000047683716 28.3799991607666 AB 3.3341275258303456 1.1239895019092805
61943.1039 lsst_hardware_g 7.432598364965992 14.720000267028809 31.40999984741211 AB 2.929885783200779 1.1389992677986929
61946.0162 lsst_hardware_g -14.132165461842003 14.699999809265137 31.389999389648438 AB 5.9654429788115415 1.1877831642951235
61946.0301 lsst_hardware_r 9.682858982176427 24.010000228881836 31.479999542236328 AB 5.820732567639545 1.1579706699548167
61948.0451 lsst_hardware_i 6.884589143101384 31.90999984741211 31.239999771118164 AB 8.573707784234308 1.1314940767509645
61948.0674 lsst_hardware_r -12.093043262310802 23.90999984741211 31.489999771118164 AB 8.475936205011958 1.1240797760946277
61957.0513 lsst_hardware_r 9.89613887317301 103.87000274658203 31.6299991607666 AB 6.998594501079214 1.1269273524361356
61957.0743 lsst_hardware_i 122.72959610839312 82.69999694824219 31.31999969482422 AB 7.153481608604541 1.150802076645992
61959.0095 lsst_hardware_i 109.8424097975908 71.76000213623047 31.309999465942383 AB 1.068561447283466 1.13676749711007
61959.0305 lsst_hardware_z -103.74405934681037 64.37999725341797 30.969999313354492 AB 0.9470206970266127 1.1240601745127141
61961.0058 lsst_hardware_i -45.84597375019557 45.7400016784668 31.290000915527344 AB 9.302126883135482 1.1349478165142477
61961.0275 lsst_hardware_u 12.330574422697502 10.3100004196167 29.219999313354492 AB 9.214314446390448 1.1238339366252528
61963.0056 lsst_hardware_g -20.4284762813884 21.350000381469727 32.189998626708984 AB 10.91857900453077 1.130346188159886
61963.0262 lsst_hardware_r -4.549030455245141 34.2599983215332 32.25 AB 10.880216664381527 1.124047385131621
61974.9735 lsst_hardware_y -2.0035408279329276 70.5 30.770000457763672 AB 6.3130575551326515 1.1298537011423089
61975.0015 lsst_hardware_r -36.6673139929444 34.529998779296875 32.2400016784668 AB 7.021354826890931 1.1266012986400382
61976.975 lsst_hardware_y 34.408348501225795 49.06999969482422 30.020000457763672 AB 9.23205294298062 1.1258601149976366
61976.9985 lsst_hardware_z -60.41385498243034 43.0 30.940000534057617 AB 9.291450227506344 1.12794539939379
61979.9706 lsst_hardware_y -32.95398527348248 52.0099983215332 30.020000457763672 AB 5.030515729317183 1.1245773720040648
61979.9983 lsst_hardware_z -58.23988390409693 46.599998474121094 30.940000534057617 AB 5.004763784325741 1.134159828752
61981.9683 lsst_hardware_y -147.22715925798747 88.3499984741211 30.780000686645508 AB 4.590728794494512 1.1239848513411848
61981.9909 lsst_hardware_r 37.82840920373226 98.51000213623047 32.369998931884766 AB 4.540509182891688 1.1323906849011947
