data/validation/pwv_sim_epoch_fit_epoch/50338072.ecsv
# %ECSV 0.9
# ---
# datatype:
# - {name: time, datatype: float64}
# - {name: band, datatype: string}
# - {name: flux, datatype: float64}
# - {name: fluxerr, datatype: float64}
# - {name: zp, datatype: float64}
# - {name: zpsys, datatype: string}
# - {name: pwv, datatype: float64}
# - {name: airmass, datatype: float64}
# meta: {SNID: '50338072', alt: 1024.0, c: -0.08636310696601868, dec: -19.31304, lat: -30.244573, lon: -70.7499537, ra: 197.226562, t0: 60376.23828125,
#   x0: 2.0079062859316838e-05, x1: -2.3031044006347656, z: 0.3424610495567322}
# schema: astropy-2.0
time band flux fluxerr zp zpsys pwv airmass
60351.3415 lsst_hardware_z -43.090733296049166 41.44562728103798 30.950000762939453 AB 4.537873465181827 1.0206069081094915
60351.358 lsst_hardware_i -8.729159824577899 31.40516089159544 31.260000228881836 AB 4.562878666886312 1.018329223207354
60353.3414 lsst_hardware_u -4.508139982201308 3.493856426521727 28.510000228881836 AB 5.6492562156939945 1.018863090482269
60353.3588 lsst_hardware_g -128.1953012859171 19.481875032405885 31.479999542236328 AB 5.690800783188585 1.019856771180755
60355.3401 lsst_hardware_r -251.06303906814284 28.783345420774783 31.520000457763672 AB 4.116487057489595 1.0181763684119702
60355.3569 lsst_hardware_i -74.32734005870144 31.978087184614193 31.260000228881836 AB 4.169010283083559 1.0213156009513962
60357.2835 lsst_hardware_z 99.15369856409411 43.11234011688334 30.950000762939453 AB 4.748182236218097 1.0688086069145815
60357.3005 lsst_hardware_u 11.406641411374663 3.595385394474813 28.469999313354492 AB 5.116793159839669 1.041374409247923
60360.3333 lsst_hardware_g 22.322557239013754 16.113302960845292 31.479999542236328 AB 3.675928970994334 1.0183098862350988
60360.3511 lsst_hardware_r 464.8744651973553 32.68220070565443 31.520000457763672 AB 3.986678999584583 1.0260621553890616
60361.3348 lsst_hardware_i 617.0299688701875 39.721768749577414 31.270000457763672 AB 5.808471804113029 1.019179143871273
60361.3517 lsst_hardware_z 789.309199644704 49.03242583418722 30.950000762939453 AB 5.8371320943790455 1.0287205923417322
60364.31 lsst_hardware_z 1432.11855844547 76.89068822167864 30.989999771118164 AB 10.090896649849519 1.0192138559540957
60364.3274 lsst_hardware_i 1432.8877074018753 84.7021983601082 31.34000015258789 AB 10.103095886951156 1.0194078033399243
60366.3234 lsst_hardware_z 4029.2333221945432 125.6807775944624 31.75 AB 6.720031890808083 1.0198864608905878
60368.3111 lsst_hardware_r 4898.937366230186 124.85076693690863 31.65999984741211 AB 5.388390051435039 1.0182623992885225
60368.3288 lsst_hardware_i 3023.7104783013438 102.53306105760431 31.34000015258789 AB 5.406595516078668 1.0257248180760137
60371.3011 lsst_hardware_z 2961.179237339174 72.99177562333689 30.969999313354492 AB 6.2040180445156805 1.018095268843599
60371.3197 lsst_hardware_r 5893.335100083139 93.67045234121196 31.6299991607666 AB 6.244274661614818 1.025079973998985
60376.1351 lsst_hardware_z 3069.893380012325 71.1188696314951 30.899999618530273 AB 17.835873004680902 1.5559968306980037
60376.1548 lsst_hardware_i 8798.300640378817 103.22438524278118 31.959999084472656 AB 15.891533628576328 1.3870588835276598
60376.1862 lsst_hardware_u 32.211789127693535 6.334614704357774 28.350000381469727 AB 12.979497135894913 1.2082099216583195
60380.281 lsst_hardware_u 29.37349965317892 5.719885971016883 28.43000030517578 AB 8.137247347391513 1.0187051992477951
60380.3006 lsst_hardware_g 3085.990028029782 57.91784231744441 31.450000762939453 AB 7.6705013703935085 1.0293902396018935
60383.2072 lsst_hardware_r 5025.996662514804 74.86249637451908 31.5 AB 11.19933257640369 1.0798006662127935
60383.2258 lsst_hardware_i 4247.759864108052 71.53101401272156 31.25 AB 9.709052675992934 1.0464032630266673
60385.2733 lsst_hardware_z 2453.4005320088636 63.68384121744812 30.940000534057617 AB 8.062439682622587 1.0205619851420995
60385.2927 lsst_hardware_u 0.7758697393859282 2.9238925198183243 28.420000076293945 AB 8.333806525430186 1.0350626001900496
60389.1388 lsst_hardware_i 3151.513165194172 72.65380378196303 31.260000228881836 AB 6.520851078235636 1.2657750394504315
60389.1547 lsst_hardware_z 1897.7534284367443 66.01380383533002 30.950000762939453 AB 6.096071030669061 1.1912205238239495
60392.2524 lsst_hardware_z 3657.734748893931 109.44133043205704 31.739999771118164 AB 6.2322133334199545 1.019876992745564
60395.1952 lsst_hardware_i 2700.183494534479 132.35616682281562 31.34000015258789 AB 7.062130242965814 1.0434075709873156
60395.2128 lsst_hardware_r 2030.5109049061066 157.45752198317953 31.670000076293945 AB 6.460136949206414 1.0254185633660975
60399.2363 lsst_hardware_r 1511.887550895149 74.62125631115025 31.649999618530273 AB 3.8447461573627373 1.021090516296761
60399.2567 lsst_hardware_i 2249.349252372944 72.7056547288303 31.31999969482422 AB 4.6934650926846135 1.0375738018535499
60401.2156 lsst_hardware_i 2038.0672511730504 59.0073438688583 31.280000686645508 AB 8.702761074576891 1.0180850951950973
60401.2336 lsst_hardware_z 1552.122573860232 59.14513015121272 30.959999084472656 AB 8.69460751265467 1.0224739827899951
60413.2126 lsst_hardware_u 10.912310204236583 5.134802889267231 28.59000015258789 AB 6.788145494102933 1.0313195828172186
60413.2331 lsst_hardware_g 210.1779518503501 21.662327127755546 31.489999771118164 AB 6.961756951495937 1.0587284197593527
60417.1835 lsst_hardware_z 673.3277900752796 50.634434703167415 30.959999084472656 AB 13.153548287421454 1.019654906001663
60420.1022 lsst_hardware_z 555.8217583219213 65.07512796544334 30.979999542236328 AB 7.621854280876526 1.0888363258395037
60423.1634 lsst_hardware_z 265.5433611812246 105.75699785085628 31.0 AB 9.741011704947432 1.0186590135107247
60423.1821 lsst_hardware_r 553.8603416498105 159.19588387464538 31.670000076293945 AB 8.137588531028392 1.028436376366133
60429.1602 lsst_hardware_z 342.09414809036605 50.30804923914772 30.969999313354492 AB 10.680155960929334 1.0243034465129914
60429.1769 lsst_hardware_g 2.3871178735782346 46.36799377855336 31.700000762939453 AB 11.50411461788258 1.0401236808308292
60432.1414 lsst_hardware_r 361.00192423606984 30.224425589611087 31.530000686645508 AB 11.602667209293893 1.019297830913985
60432.1593 lsst_hardware_i 537.2078117325165 39.56040065179079 31.270000457763672 AB 11.68549830671895 1.029990375418695
60436.1398 lsst_hardware_z 361.57311634934933 44.89464613071526 30.950000762939453 AB 6.327221061251474 1.023490951350934
60436.1601 lsst_hardware_r 314.1401358723297 29.631457280068048 31.510000228881836 AB 6.440862690250678 1.043110994966065
60447.0844 lsst_hardware_i -29.220344999938096 45.459999084472656 31.299999237060547 AB 8.602539641087677 1.018936312510335
60447.104 lsst_hardware_r 14.482055012624304 48.47999954223633 31.6299991607666 AB 8.71888878090828 1.0205488233602642
60454.0998 lsst_hardware_z 59.31717494319912 71.2699966430664 31.0 AB 5.917550404904228 1.0305132184775458
60454.108 lsst_hardware_r 100.34793280786366 106.44000244140625 31.65999984741211 AB 5.937536475326103 1.03933304699818
60460.044 lsst_hardware_g 37.539118327503395 14.800000190734863 31.459999084472656 AB 9.33983000276409 1.0205512609898753
60460.063 lsst_hardware_r 14.761949937640434 23.559999465942383 31.520000457763672 AB 9.291642203004004 1.0187924895703522
60462.0322 lsst_hardware_i 5.86199307851371 31.079999923706055 31.25 AB 10.87311025325482 1.0238494251248282
60462.0525 lsst_hardware_r -13.388819393172657 23.799999237060547 31.510000228881836 AB 10.886313648743245 1.018078523215491
60464.029 lsst_hardware_u -6.226808836257449 2.75 28.450000762939453 AB 11.543774048346659 1.0225155089880784
60464.0475 lsst_hardware_g -19.94201910188227 15.029999732971191 31.450000762939453 AB 11.707569236957468 1.01810851964961
60466.0307 lsst_hardware_r 20.085841056941558 23.829999923706055 31.510000228881836 AB 4.499472748011978 1.019440997208351
60466.0501 lsst_hardware_i -0.9789915960204149 31.110000610351562 31.25 AB 4.327968405332565 1.0197852038956143
60468.0277 lsst_hardware_z 57.36244006122901 41.20000076293945 30.950000762939453 AB 2.4356599015410936 1.018784858952691
60468.0471 lsst_hardware_r 17.45696896731439 23.719999313354492 31.510000228881836 AB 3.0622005696920134 1.0207335232306711
60484.9663 lsst_hardware_y -109.45751878304459 48.290000915527344 30.049999237060547 AB 5.1496500205150735 1.0259629473731506
60484.9849 lsst_hardware_i 4.580855903467801 43.34000015258789 31.299999237060547 AB 5.112162689990596 1.0181900793342267
60486.9687 lsst_hardware_y 9.574068962062805 47.31999969482422 30.049999237060547 AB 7.844848109733363 1.0212429737123059
60486.9901 lsst_hardware_g 5.6687688252893045 15.680000305175781 31.479999542236328 AB 7.821773918943689 1.018990870107307
60489.9704 lsst_hardware_y -37.614392019194916 47.380001068115234 30.049999237060547 AB 1.6920586425566138 1.0182900557010715
60489.9922 lsst_hardware_i -30.174369607370114 31.729999542236328 31.260000228881836 AB 1.5709167958547399 1.0233985640747492
60492.9529 lsst_hardware_z 12.980012441563886 58.84000015258789 30.979999542236328 AB 7.420803620537974 1.0209773382991794
60492.9739 lsst_hardware_u 3.5604853423569867 2.9200000762939453 28.510000228881836 AB 7.438980592830315 1.0190384373740158
60496.9546 lsst_hardware_y 77.86795271732413 71.68000030517578 30.079999923706055 AB 4.09301733326606 1.018036894233568
60496.9811 lsst_hardware_z -42.492325201225626 41.68000030517578 30.950000762939453 AB 4.124859691483859 1.029349227396309
60707.3709 lsst_hardware_r 21.945043219748854 25.40999984741211 31.549999237060547 AB 12.01079326138414 1.0191593772918235
60709.3672 lsst_hardware_r 23.952591857435287 24.850000381469727 31.540000915527344 AB 10.8127465376411 1.0187249423064915
60709.3852 lsst_hardware_y 16.006371649375584 77.1500015258789 30.079999923706055 AB 10.41765671418706 1.0202552890740613
60711.3563 lsst_hardware_z -31.581577578876892 41.41999816894531 30.959999084472656 AB 7.096907866821681 1.0204037191691944
60711.3745 lsst_hardware_y -6.085854735687615 49.779998779296875 30.06999969482422 AB 7.01535509374479 1.0186866060616926
60713.3605 lsst_hardware_u 0.38424014178396837 2.8299999237060547 28.479999542236328 AB 4.86935284217951 1.0181073320118237
60713.3786 lsst_hardware_y 62.86077234038379 50.20000076293945 30.059999465942383 AB 4.499334031769179 1.022246783823964
60714.3092 lsst_hardware_r 16.60135108685797 24.079999923706055 31.510000228881836 AB 8.662282628441547 1.06281329537952
60714.3282 lsst_hardware_y -38.2118080172734 47.11000061035156 30.049999237060547 AB 8.459084951892024 1.035214769343069
60718.343 lsst_hardware_z -51.90434739063495 61.7599983215332 30.989999771118164 AB 6.3011668997871935 1.0186447904815616
60718.36 lsst_hardware_r -5.052981380874894 83.86000061035156 31.65999984741211 AB 6.322739458555112 1.020016045153008
60720.3424 lsst_hardware_i -75.42582404543953 79.76000213623047 31.350000381469727 AB 2.5143209299169857 1.0180467374904445
60720.3609 lsst_hardware_z 0.5584375292102318 68.12999725341797 31.0 AB 2.48929670998658 1.0230336833398048
60722.2834 lsst_hardware_i 76.4719992640084 83.61000061035156 31.329999923706055 AB 4.8621062734034535 1.0703591135725818
60722.2998 lsst_hardware_z 138.47834417727208 73.26000213623047 31.0 AB 5.137516487776018 1.043185858291484
60724.3322 lsst_hardware_z 10.245689754820425 90.33999633789062 31.739999771118164 AB 4.996975402842979 1.0180249369141243
60724.3509 lsst_hardware_r -59.466440660914905 114.52999877929688 32.40999984741211 AB 5.314534940933161 1.023584291649125
60727.3116 lsst_hardware_r -13.24891929315821 32.959999084472656 31.600000381469727 AB 6.627372235992744 1.0208259547648824
60727.331 lsst_hardware_i 20.77317266201585 35.630001068115234 31.290000915527344 AB 6.609301105645182 1.0187223940676418
60729.3141 lsst_hardware_z -12.015186033760077 41.56999969482422 30.959999084472656 AB 11.260812587785871 1.0184329011292277
60729.3309 lsst_hardware_u 5.893578208300444 3.369999885559082 28.670000076293945 AB 11.191929368544029 1.0203700933166677
60731.3151 lsst_hardware_g -5.870427279774966 15.0 31.459999084472656 AB 9.162507607931953 1.0180564008813282
60731.3323 lsst_hardware_r 11.336846170627812 23.799999237060547 31.510000228881836 AB 9.21511232965285 1.0239013699614279
60733.3097 lsst_hardware_i -8.844393213358368 31.110000610351562 31.260000228881836 AB 6.288550907100646 1.0180590751336644
60733.3291 lsst_hardware_z 9.505021925730656 41.310001373291016 30.950000762939453 AB 6.307347542812303 1.0254182316391323
60736.2997 lsst_hardware_i -23.210864803222112 31.100000381469727 31.260000228881836 AB 3.5469487584728188 1.0180192561988477
60736.3183 lsst_hardware_u 0.33881254250852316 2.809999942779541 28.5 AB 3.5628394341996885 1.0236818678414046
60738.3014 lsst_hardware_g 15.557880814876635 14.949999809265137 31.450000762939453 AB 7.478118722663635 1.0188172646680702
60738.3202 lsst_hardware_r 7.857513795443137 23.760000228881836 31.5 AB 7.380549874561571 1.0291859682149656
60742.2967 lsst_hardware_u 1.4961804359007287 2.6700000762939453 28.389999389648438 AB 9.751395237885157 1.02091033724151
60742.3178 lsst_hardware_g -15.459248118836099 14.949999809265137 31.450000762939453 AB 9.89599973990663 1.0379512007593985
60744.2809 lsst_hardware_z 30.504709257191692 45.560001373291016 30.969999313354492 AB 9.605451178083293 1.0181467714003012
60749.1105 lsst_hardware_i 74.31798989634325 220.77999877929688 32.43000030517578 AB 14.10015134815858 1.5918883825186554
60749.1375 lsst_hardware_z -35.913805978791856 144.35000610351562 31.719999313354492 AB 13.328001853787475 1.360000189161987
60751.2721 lsst_hardware_i -31.791469127886767 100.9000015258789 31.350000381469727 AB 8.065083347856726 1.020896626310978
60751.2981 lsst_hardware_z 107.00089334160504 86.26000213623047 31.0 AB 8.502019099251854 1.0441534048820207
60753.2618 lsst_hardware_z -61.12354892084655 59.33000183105469 30.989999771118164 AB 5.743641539455865 1.0191592014176138
60753.2809 lsst_hardware_r 5.4247836482087415 74.4800033569336 31.65999984741211 AB 5.7845248149117445 1.0306809078063333
60755.2629 lsst_hardware_i 70.13322489344071 41.459999084472656 31.309999465942383 AB 4.59869496500718 1.0217051688529968
60755.2822 lsst_hardware_r 10.106176065030061 43.439998626708984 31.6299991607666 AB 4.7563413646840145 1.0378226848535574
60757.2536 lsst_hardware_z -19.916289906636365 73.37000274658203 32.15999984741211 AB 6.2251203956958365 1.0200377522510042
60759.2398 lsst_hardware_r -32.36391560752458 23.8700008392334 31.520000457763672 AB 7.231277286591109 1.018131261751652
60759.2573 lsst_hardware_i -19.2809725163341 31.170000076293945 31.260000228881836 AB 6.657234893693491 1.0248469368097741
60763.2398 lsst_hardware_u 5.414680658434408 2.9200000762939453 28.56999969482422 AB 6.885805983140389 1.0211026889805574
60763.2568 lsst_hardware_g -34.1372981893209 15.399999618530273 31.479999542236328 AB 8.222007944683558 1.0338572122452683
60766.2374 lsst_hardware_r 17.201801747275926 24.219999313354492 31.530000686645508 AB 4.325529926248504 1.0243193573624085
60766.2554 lsst_hardware_z 30.66700055636494 41.779998779296875 30.959999084472656 AB 4.862550045115474 1.0418261773565507
60770.2174 lsst_hardware_z -22.85652742856835 41.5099983215332 30.950000762939453 AB 7.179617674895253 1.0197837708766666
60770.235 lsst_hardware_g -31.758161145293663 15.4399995803833 31.459999084472656 AB 7.22090047633099 1.0311643863762838
60772.2166 lsst_hardware_r 56.34876424789801 36.290000915527344 31.600000381469727 AB 8.847593331304012 1.0217603693162174
60772.2347 lsst_hardware_i -35.49518987007173 37.220001220703125 31.280000686645508 AB 8.998223901576964 1.0365622234704999
60774.1979 lsst_hardware_z 23.129626163635198 56.130001068115234 30.979999542236328 AB 8.092055736273796 1.0180607330029308
60774.2172 lsst_hardware_r -75.9309899191248 69.02999877929688 31.649999618530273 AB 7.662091940036151 1.0254405701333178
60777.2046 lsst_hardware_z 155.32923644061543 136.72999572753906 31.760000228881836 AB 6.647146848812472 1.0226379767403804
60779.1962 lsst_hardware_r -0.22107895396051241 153.85000610351562 31.670000076293945 AB 5.695663370030315 1.0211399524952383
60779.2126 lsst_hardware_z -94.40759829909386 102.16000366210938 31.010000228881836 AB 6.801310212307024 1.0333196919336105
60783.1839 lsst_hardware_g -18.474552229649174 52.90999984741211 31.719999313354492 AB 13.164944810186347 1.0205383573787865
60783.2013 lsst_hardware_r 10.606800829298642 52.86000061035156 31.639999389648438 AB 13.324816020493996 1.032931474456899
60791.1584 lsst_hardware_z -37.35001157800224 41.369998931884766 30.950000762939453 AB 8.82674552485546 1.0192546795445103
60791.1765 lsst_hardware_r 28.971499739608593 24.219999313354492 31.520000457763672 AB 6.60992626363262 1.030078245829272
60796.1391 lsst_hardware_r -6.769114127675456 24.040000915527344 31.520000457763672 AB 9.476165856311628 1.0181579631801616
60796.1581 lsst_hardware_z 35.312113233872445 41.45000076293945 30.950000762939453 AB 9.568196355881819 1.0261442294922989
60801.1394 lsst_hardware_z 95.9705869754077 47.20000076293945 30.969999313354492 AB 3.6415881959343857 1.0228222626910548
60801.1571 lsst_hardware_r -4.813608413637264 45.2400016784668 31.6200008392334 AB 3.6467989341043534 1.0384070239245484
60803.1206 lsst_hardware_r -107.63231267256378 78.87999725341797 31.65999984741211 AB 10.49008995742657 1.0182246698896595
60803.1385 lsst_hardware_i -85.42420456830655 66.0199966430664 31.329999923706055 AB 10.082440409326162 1.0257849638138328
60807.1013 lsst_hardware_z -95.21122128095442 131.0 31.760000228881836 AB 12.364696861220327 1.0183969521101568
60811.0744 lsst_hardware_r 40.428745111223094 57.84000015258789 31.649999618530273 AB 5.140788558313827 1.0252869083195026
60811.0946 lsst_hardware_y -12.929004770357107 49.66999816894531 30.059999465942383 AB 5.447402680259763 1.0180158251279692
60813.0767 lsst_hardware_g -21.98202732271379 21.350000381469727 32.220001220703125 AB 8.575875709271015 1.0208565640748226
60813.0975 lsst_hardware_r 16.627657512350577 46.689998626708984 32.34000015258789 AB 8.565245205279462 1.0190250482169412
60816.0714 lsst_hardware_i -2.2863076588064 31.049999237060547 31.260000228881836 AB 7.252326600622495 1.019730961842308
60816.0916 lsst_hardware_z -58.11325636137455 41.2599983215332 30.950000762939453 AB 7.308614349788396 1.0197117965475686
60825.0526 lsst_hardware_u -4.660030580008517 2.819999933242798 28.510000228881836 AB 11.114024985889898 1.0183273763872287
60825.071 lsst_hardware_g -23.094268066259012 15.029999732971191 31.469999313354492 AB 11.100770943312678 1.0213240356346485
60827.038 lsst_hardware_r -5.6014300752928134 25.59000015258789 31.530000686645508 AB 6.943256803357796 1.0210671769643818
60827.0599 lsst_hardware_z -27.958487595745154 41.619998931884766 30.950000762939453 AB 7.48259021269652 1.0191950346465468
60831.0302 lsst_hardware_r -38.87235099122344 65.83999633789062 31.65999984741211 AB 10.36709081795769 1.019814160536219
60831.0512 lsst_hardware_y -28.619320246444534 51.72999954223633 30.06999969482422 AB 9.709586438435496 1.0199056141072464
60843.0014 lsst_hardware_r -3.9758360501210412 23.920000076293945 31.520000457763672 AB 6.166513692600952 1.0186971959142541
60843.0306 lsst_hardware_i 2.3643418011980684 31.239999771118164 31.260000228881836 AB 6.208746958455326 1.0267765979640195
60844.9959 lsst_hardware_z -56.472890333000315 41.470001220703125 30.959999084472656 AB 6.231931885326012 1.0187056616799282
60845.0206 lsst_hardware_r -20.375979092043305 24.260000228881836 31.530000686645508 AB 4.0920889417700765 1.0236193467281636
60849.9673 lsst_hardware_y -32.92021127946817 47.45000076293945 30.049999237060547 AB 4.702936276506439 1.025722197711444
60849.987 lsst_hardware_r 14.591958864631788 24.3700008392334 31.520000457763672 AB 4.655917996626678 1.018057870982625
60852.9679 lsst_hardware_y -86.87923860109159 47.41999816894531 30.059999465942383 AB 7.8258532723472785 1.0206747159830378
60852.9878 lsst_hardware_r -4.786460933039676 24.3700008392334 31.530000686645508 AB 7.85065468015099 1.0189039169566503
60858.9538 lsst_hardware_z 24.065478455973526 66.27999877929688 30.989999771118164 AB 7.424789526421097 1.019795283365227
60858.9728 lsst_hardware_g -91.03037393355682 44.790000915527344 31.709999084472656 AB 7.440710771958679 1.0192754482135178
