data/validation/pwv_sim_epoch_fit_epoch/50346672.ecsv
# %ECSV 0.9
# ---
# datatype:
# - {name: time, datatype: float64}
# - {name: band, datatype: string}
# - {name: flux, datatype: float64}
# - {name: fluxerr, datatype: float64}
# - {name: zp, datatype: float64}
# - {name: zpsys, datatype: string}
# - {name: pwv, datatype: float64}
# - {name: airmass, datatype: float64}
# meta: {SNID: '50346672', alt: 1024.0, c: 0.04510156810283661, dec: -25.944481, lat: -30.244573, lon: -70.7499537, ra: 75.058594, t0: 60274.3671875,
#   x0: 1.3791386070148179e-05, x1: 0.6015952229499817, z: 0.4020400047302246}
# schema: astropy-2.0
time band flux fluxerr zp zpsys pwv airmass
[from data line 132]
60610.1808 lsst_hardware_i -10.704925960308454 32.29999923706055 31.219999313354492 AB 2.617874010688855 1.298763359032277
60610.1979 lsst_hardware_u -1.51631755693901 2.619999885559082 28.350000381469727 AB 2.5050060641046104 1.2109278427834083
60612.1773 lsst_hardware_g -3.0873712939750932 13.5600004196167 31.360000610351562 AB 6.671795641451891 1.2874943345140664
60612.1945 lsst_hardware_r -14.051118220252006 22.799999237060547 31.479999542236328 AB 6.236578563568885 1.2018072771522774
60614.1909 lsst_hardware_i -25.5572158449609 31.440000534057617 31.229999542236328 AB 5.3067080306027075 1.1938153118974257
60614.2084 lsst_hardware_r 28.90481171071393 22.360000610351562 31.479999542236328 AB 5.555746505658667 1.1289299478097605
60616.171 lsst_hardware_z 9.697227305150506 43.970001220703125 30.93000030517578 AB 4.631113783319056 1.262227795943928
60616.1898 lsst_hardware_u -4.427495374675039 2.690000057220459 28.40999984741211 AB 4.37808126662657 1.1759552153173702
60619.1268 lsst_hardware_g 4.126637745397636 13.390000343322754 31.260000228881836 AB 3.8151509400845542 1.5167073473915735
60619.1429 lsst_hardware_r -1.4844556698482483 23.270000457763672 31.43000030517578 AB 3.486037066412114 1.385088563570083
60623.1999 lsst_hardware_z -55.53542788563802 42.650001525878906 30.950000762939453 AB 9.584636002264832 1.0835402647922954
60623.2178 lsst_hardware_g -9.29766273738834 18.059999465942383 31.530000686645508 AB 9.410196889608809 1.0463137270236993
60627.1973 lsst_hardware_r 46.93983297265421 60.93000030517578 31.6299991607666 AB 4.301414001880741 1.0646185962909185
60627.2165 lsst_hardware_y 23.630829135750535 49.459999084472656 30.040000915527344 AB 7.4184290248476605 1.0314117518036372
60628.196 lsst_hardware_z 22.990586112562447 57.52000045776367 30.969999313354492 AB 4.050215755098387 1.0616555059232735
60628.2147 lsst_hardware_r 1.4002072537156178 75.62999725341797 31.649999618530273 AB 7.798215653477245 1.03014737826631
60630.2054 lsst_hardware_i 25.68393321862648 74.29000091552734 31.329999923706055 AB 2.609446888247199 1.0355632865572302
60630.2236 lsst_hardware_z 183.1287320285446 64.97000122070312 30.989999771118164 AB 5.93192598109104 1.0143945929786737
60632.1132 lsst_hardware_r 42.46122648063179 58.7599983215332 31.56999969482422 AB 6.000340338586188 1.3453677889205762
60632.1304 lsst_hardware_i -16.506264214673486 57.70000076293945 31.280000686645508 AB 6.004584808291707 1.2463247258361236
60634.0997 lsst_hardware_i -6.270591859123094 33.16999816894531 31.200000762939453 AB 4.738396314292156 1.4014777622869434
60634.1167 lsst_hardware_u 0.9476156976978317 2.509999990463257 28.219999313354492 AB 4.198094673570754 1.2905301793946369
60636.1224 lsst_hardware_r -23.895052281767168 22.950000762939453 31.459999084472656 AB 8.461858771317228 1.2319357628850731
60636.1394 lsst_hardware_z -95.7233347148379 42.709999084472656 30.940000534057617 AB 7.654901820527965 1.1598336091709038
60641.1221 lsst_hardware_r 0.030718769553796977 22.510000228881836 31.459999084472656 AB 4.52405186380059 1.173757294076211
60641.1384 lsst_hardware_i -63.89683238071778 30.6200008392334 31.239999771118164 AB 4.6838939601926635 1.117318905124977
60643.1199 lsst_hardware_z -46.21080349458788 42.869998931884766 30.940000534057617 AB 5.83211860584515 1.161275400228019
60643.1366 lsst_hardware_u -0.7948341488236145 2.619999885559082 28.3799991607666 AB 5.838765386028497 1.1065602930026528
60645.1246 lsst_hardware_g -6.8913307732657145 13.5600004196167 31.389999389648438 AB 7.124447016527251 1.126246399661834
60645.1419 lsst_hardware_r 9.65374274134769 22.360000610351562 31.479999542236328 AB 6.99988589607685 1.0785648530164293
60647.1441 lsst_hardware_i -4.342535352526277 30.1200008392334 31.25 AB 3.4054117772851837 1.061702814430299
60647.1662 lsst_hardware_z -8.438601902738286 40.560001373291016 30.950000762939453 AB 3.3025153211027374 1.0258117115738579
60649.1442 lsst_hardware_i -22.629032206831557 30.059999465942383 31.25 AB 5.619426669461775 1.050949442577478
60649.1662 lsst_hardware_u 2.4417172577231674 2.7100000381469727 28.5 AB 5.489175344148494 1.0196294871642044
60651.0262 lsst_hardware_y 18.68802957441593 75.97000122070312 29.860000610351562 AB 6.0210652058158 1.6544418041259756
60651.0472 lsst_hardware_z -64.01327819982504 46.61000061035156 30.90999984741211 AB 4.235200107374124 1.4489223767958002
60653.0273 lsst_hardware_y 139.34142207032545 82.69999694824219 29.889999389648438 AB 11.258463819300298 1.5822449327944381
60653.049 lsst_hardware_r 43.72220044026602 35.650001525878906 31.510000228881836 AB 10.444589588392166 1.3928131292376231
60655.0391 lsst_hardware_z -24.193466634675037 95.83999633789062 31.690000534057617 AB 18.980596933020454 1.4263439700176936
60657.0308 lsst_hardware_y 23.482531435935194 77.86000061035156 29.93000030517578 AB 12.14943714743707 1.4490641848809052
60657.0515 lsst_hardware_z -13.982500912661784 62.33000183105469 30.950000762939453 AB 10.305487006348347 1.304492026120044
60659.0322 lsst_hardware_y -32.62269850710267 79.79000091552734 29.950000762939453 AB 13.81790845646805 1.3958650512884776
60659.0529 lsst_hardware_i 54.51080500784661 76.72000122070312 31.290000915527344 AB 12.661878434616803 1.2659142575964792
60661.0336 lsst_hardware_y -58.27468183580446 73.8499984741211 29.959999084472656 AB 4.846143730976304 1.3481170403994396
60661.0553 lsst_hardware_i -2.8672888952345454 31.989999771118164 31.219999313354492 AB 5.00338789770041 1.2263957099577252
60664.0367 lsst_hardware_y 5.96070596963891 65.5199966430664 29.979999542236328 AB 5.7589637979324095 1.2797697328738689
60664.0588 lsst_hardware_g 8.708234148719333 13.529999732971191 31.360000610351562 AB 5.208473386480129 1.1757276267449503
60666.0374 lsst_hardware_y -16.847971167397425 65.54000091552734 29.989999771118164 AB 7.062676224188605 1.2471616147254379
60666.0598 lsst_hardware_i -17.351404941589063 31.18000030517578 31.229999542236328 AB 5.618686978861229 1.1514096066521182
60667.0382 lsst_hardware_z 30.346199887457864 54.810001373291016 30.959999084472656 AB 8.206919857407906 1.229808170440707
60667.0609 lsst_hardware_u 1.2928024484258092 2.680000066757202 28.389999389648438 AB 7.334587237140643 1.1381157944201112
60669.0383 lsst_hardware_y -20.22059127854514 64.83000183105469 30.0 AB 11.22586393030096 1.2042980132275878
60669.0601 lsst_hardware_r 11.69828848888088 22.389999389648438 31.469999313354492 AB 10.704441992967654 1.1230006287210135
60673.0416 lsst_hardware_y 9.645758217955429 59.560001373291016 30.020000457763672 AB 11.912786548592544 1.148165056970064
60673.0638 lsst_hardware_u 2.3593671019460785 2.640000104904175 28.3799991607666 AB 9.18656836696422 1.082513260571757
60675.041 lsst_hardware_y 109.45432075844077 62.54999923706055 30.030000686645508 AB 7.697740984514348 1.1316722861272455
60675.0613 lsst_hardware_r 38.6698721383249 22.149999618530273 31.479999542236328 AB 7.355595918891533 1.0754974476574966
60677.0421 lsst_hardware_y 64.11211991369066 56.099998474121094 30.030000686645508 AB 7.766247425545645 1.1113691221444837
60677.0645 lsst_hardware_r -0.012644283899720311 21.90999984741211 31.479999542236328 AB 7.210688553822844 1.0570790491335287
60679.0417 lsst_hardware_z -71.68821181786149 50.16999816894531 30.959999084472656 AB 2.4428072287427 1.0971512368033687
60679.063 lsst_hardware_g 6.655659069811495 14.289999961853027 31.43000030517578 AB 2.3929488341368095 1.0496540559871959
60681.0442 lsst_hardware_y -7.746200819137045 54.400001525878906 30.049999237060547 AB 10.44415318216229 1.0771610130117888
60681.0682 lsst_hardware_i 18.958632688755753 31.8799991607666 31.270000457763672 AB 10.109852739637764 1.0326010560708598
60685.0408 lsst_hardware_y 32.61567929908626 65.45999908447266 30.059999465942383 AB 12.280604826525748 1.0607684572129479
60685.0573 lsst_hardware_z -137.02057376308957 52.040000915527344 30.979999542236328 AB 9.310335074170611 1.0325695091501588
60687.042 lsst_hardware_y 2.684043922769422 62.54999923706055 30.059999465942383 AB 4.134946725890526 1.0481487264614768
60687.0581 lsst_hardware_z -60.26077769972007 58.619998931884766 30.979999542236328 AB 4.063261796252568 1.0244593246145774
