data/validation/pwv_sim_epoch_fit_epoch/50449257.ecsv
# %ECSV 0.9
# ---
# datatype:
# - {name: time, datatype: float64}
# - {name: band, datatype: string}
# - {name: flux, datatype: float64}
# - {name: fluxerr, datatype: float64}
# - {name: zp, datatype: float64}
# - {name: zpsys, datatype: string}
# - {name: pwv, datatype: float64}
# - {name: airmass, datatype: float64}
# meta: {SNID: '50449257', alt: 1024.0, c: 0.024359269067645073, dec: -1.044512, lat: -30.244573, lon: -70.7499537, ra: 34.804688, t0: 60974.77734375,
#   x0: 3.386878737763524e-06, x1: 0.4559859037399292, z: 0.7195057272911072}
# schema: astropy-2.0
time band flux fluxerr zp zpsys pwv airmass
60887.4103 lsst_hardware_g -11.165837953692332 15.609999656677246 31.43000030517578 AB 5.183285779627138 1.1607619549410926
60887.4293 lsst_hardware_y 84.81271841541111 50.880001068115234 30.020000457763672 AB 3.999819654074815 1.1476421071873797
60889.4067 lsst_hardware_i -34.75436331047321 32.58000183105469 31.239999771118164 AB 2.1425019761440622 1.1587355198183138
60889.4249 lsst_hardware_z 101.22794557322246 44.16999816894531 30.940000534057617 AB 1.4030763707670564 1.1473978771435653
60893.3779 lsst_hardware_r -66.9191933576629 44.04999923706055 31.579999923706055 AB 3.41849051714397 1.1852610865567073
60893.4012 lsst_hardware_y 71.01534731899912 48.369998931884766 30.010000228881836 AB 3.32273891185321 1.1537621731600602
60898.401 lsst_hardware_z -36.52415802452611 64.1500015258789 30.979999542236328 AB 6.9107960181221815 1.1472739778853713
60898.4201 lsst_hardware_y -16.74552063559939 56.65999984741211 30.030000686645508 AB 5.649348570583497 1.1521445079368111
60903.3523 lsst_hardware_i -37.87792817743872 41.130001068115234 31.270000457763672 AB 6.404326224092441 1.182046183848734
60903.3715 lsst_hardware_z -15.567987039248905 47.5099983215332 30.950000762939453 AB 6.272519889867765 1.1557987635651823
60905.3649 lsst_hardware_r -40.253096558517356 25.520000457763672 31.5 AB 4.722011554389541 1.1568595711127678
60905.3832 lsst_hardware_g -23.46067625654249 17.3799991607666 31.469999313354492 AB 2.7866481001238395 1.1470834660224367
60911.3714 lsst_hardware_u 3.001785869772133 2.700000047683716 28.360000610351562 AB 3.70258261021222 1.1470206351338603
60911.3914 lsst_hardware_g 21.820092550519313 15.050000190734863 31.40999984741211 AB 4.432082479901437 1.1579071183231135
60931.2717 lsst_hardware_r 78.67863867670957 49.9900016784668 31.59000015258789 AB 4.136914493034385 1.1901935726783173
60931.2875 lsst_hardware_i 58.38997373746643 47.650001525878906 31.280000686645508 AB 4.190343083745626 1.1639841899293404
60933.2629 lsst_hardware_z -73.79236963046628 43.45000076293945 30.940000534057617 AB 2.955201826139957 1.197407547058731
60933.2815 lsst_hardware_r -53.18234807276649 25.639999389648438 31.5 AB 2.8674261904112135 1.1646735135707609
60937.2524 lsst_hardware_g 1.6914294195860893 14.8100004196167 31.399999618530273 AB 6.6616260702748695 1.196466448794373
60937.2717 lsst_hardware_i -17.136781495002634 32.040000915527344 31.239999771118164 AB 6.427594447203819 1.163260238386423
60939.2531 lsst_hardware_z -48.67037487304556 43.65999984741211 30.93000030517578 AB 4.47415973093513 1.1837706266392143
60939.2716 lsst_hardware_r -40.89639508620022 24.049999237060547 31.479999542236328 AB 4.474041860353676 1.1573292158707504
60942.2485 lsst_hardware_u 0.6159011193492572 2.637016562915677 28.309999465942383 AB 4.532598124192516 1.1772982140758517
60942.2673 lsst_hardware_g 1.4282776914497368 14.651940826518725 31.399999618530273 AB 4.673770872511314 1.153875045676167
60944.2531 lsst_hardware_r 37.88335295927404 24.323093523366133 31.489999771118164 AB 3.66443197309305 1.1626350715751839
60944.271 lsst_hardware_i 32.9217531341736 32.36401345585146 31.239999771118164 AB 3.64880598283105 1.148506761986481
60946.2526 lsst_hardware_z -2.848063200995304 43.41141456068293 30.940000534057617 AB 3.9727374923257193 1.1572203589646721
60946.2708 lsst_hardware_r 37.68111949847307 24.104432567421266 31.489999771118164 AB 3.8250829274393 1.1471520538143005
60949.2135 lsst_hardware_r 14.26813167871395 37.873394734775204 31.559999465942383 AB 5.10139826731865 1.21120610992492
60949.2332 lsst_hardware_z 59.86257827923448 46.46617382488331 30.950000762939453 AB 4.936011189163566 1.171151025584551
60951.2089 lsst_hardware_z 180.87949833521319 52.226425202359096 30.950000762939453 AB 3.888176370505824 1.2090100654556744
60951.2275 lsst_hardware_i 219.25271474789946 49.21322537970461 31.280000686645508 AB 3.862488711668159 1.1715161394201272
60954.2132 lsst_hardware_z 335.46414662501854 82.69287368607343 30.969999313354492 AB 5.6805347482059965 1.181803345674128
60954.2328 lsst_hardware_r 401.05455858580996 120.24735240968643 31.6299991607666 AB 5.66959249293155 1.15533062619173
60956.2154 lsst_hardware_y 392.7864142486939 102.5644032384427 30.780000686645508 AB 3.809656702306388 1.1692041030096332
60958.2074 lsst_hardware_r 494.24053028980956 82.56711608905971 31.6200008392334 AB 4.053673189319917 1.17305098562373
60958.2248 lsst_hardware_i 555.0999108604817 71.62992401449941 31.309999465942383 AB 3.046515954285349 1.152964281929704
60962.1742 lsst_hardware_r 736.3199457501888 36.244888097645116 31.479999542236328 AB 9.759377063213282 1.2214489440819523
60962.193 lsst_hardware_u 1.7456514545768924 2.9447927437759294 28.299999237060547 AB 9.684253713398853 1.1788501172733192
60971.1138 lsst_hardware_r 1828.8538749217078 55.39156477423394 32.209999084472656 AB 7.275152511348701 1.367338524874458
60971.1294 lsst_hardware_i 2300.037959448523 67.00748257144001 31.969999313354492 AB 6.283907165875724 1.2916561492034506
60973.1744 lsst_hardware_z 715.7366022786969 50.94361233712311 30.940000534057617 AB 5.340059234384545 1.1620613450713504
60973.1923 lsst_hardware_r 916.0476287770758 38.70279312082146 31.489999771118164 AB 5.257631702040404 1.1483306109076168
60975.172 lsst_hardware_u -1.6526235300529104 2.7216569074084194 28.34000015258789 AB 2.7614529291068024 1.1586515786462108
60975.1899 lsst_hardware_r 869.2736894384674 38.22465837978894 31.489999771118164 AB 2.8069643462178737 1.147456043420937
60977.1703 lsst_hardware_i 1204.5074367937277 48.681562720377705 31.25 AB 2.4897532607801183 1.1550699423707345
60977.1877 lsst_hardware_z 670.5687028018846 52.12300063271228 30.940000534057617 AB 2.3507567215713956 1.146990349631951
60980.155 lsst_hardware_z 714.7116698840625 58.34155100209348 30.950000762939453 AB 5.347447149422149 1.1624042785498476
60980.1727 lsst_hardware_r 840.2627879886835 61.535333912698576 31.600000381469727 AB 5.073919290123652 1.1485085351318705
60990.1219 lsst_hardware_r 494.3674100379259 32.587897134447395 31.479999542236328 AB 2.2545511253089328 1.1701822449703487
60990.1404 lsst_hardware_u 5.319786695599627 2.6465749786591455 28.31999969482422 AB 3.1613022473078156 1.1509595560586707
60992.1257 lsst_hardware_g 43.788548848243586 16.21689998648965 31.40999984741211 AB 5.7926408109666125 1.1585281621933226
60992.142 lsst_hardware_r 396.35722633327254 31.844979429358318 31.489999771118164 AB 5.739121008909585 1.147824201781917
60994.1248 lsst_hardware_i 600.4767750491617 40.81600985237039 31.239999771118164 AB 4.848036621592452 1.1542944337124885
60994.1422 lsst_hardware_z 567.3132066267851 48.62698221324707 30.940000534057617 AB 4.813144497348232 1.1469425705583776
60996.1033 lsst_hardware_z 537.8018350490028 48.5751859604349 30.940000534057617 AB 3.638148563655616 1.1735963108566503
60996.1235 lsst_hardware_r 309.7565085440634 30.03389241775549 31.479999542236328 AB 3.5689594733913066 1.1512772494810666
60998.1032 lsst_hardware_u 1.5518789305174716 2.697764787142895 28.34000015258789 AB 5.19577778885594 1.1657567397029258
60998.1234 lsst_hardware_g 40.793965716050245 15.908194145149293 31.420000076293945 AB 5.09186385207387 1.1485623080299712
61000.1036 lsst_hardware_r 257.12311546406346 28.599862839907825 31.479999542236328 AB 3.930045539987564 1.1587927288771471
61000.1241 lsst_hardware_z 401.0785420085255 47.39052779542814 30.940000534057617 AB 3.8460748563712714 1.1470548333943549
61005.107 lsst_hardware_g 18.324794496435917 17.881167302901815 31.469999313354492 AB 4.145057960861549 1.1476856375251174
61005.1278 lsst_hardware_r 179.60736118160148 28.204071647489634 31.489999771118164 AB 6.020056130001415 1.152035236257786
61007.0598 lsst_hardware_r 238.6910257583271 35.86466359350912 31.549999237060547 AB 4.5824815164782535 1.1998118824781603
61007.0778 lsst_hardware_i 275.3706904159945 40.580212668126244 31.260000228881836 AB 4.431383070817118 1.1668699387739272
61010.0687 lsst_hardware_z 223.6185631844172 67.0556336326432 30.969999313354492 AB 9.743212366864766 1.1681341632768227
61010.0881 lsst_hardware_r 83.42228546955313 82.42956639856024 31.6299991607666 AB 10.203688700038644 1.149679017496819
61012.0796 lsst_hardware_z 642.314621394804 119.0510151517658 31.729999542236328 AB 7.635359126926546 1.1514075037142837
61016.0718 lsst_hardware_r 174.97642848952472 25.894717297832468 31.479999542236328 AB 5.214462379138932 1.149636196690263
61016.0904 lsst_hardware_u 0.04999760604646676 6.060721935204373 28.899999618530273 AB 6.514402830679002 1.1482496176284962
61019.0709 lsst_hardware_g 8.207464776565692 15.12905767011867 31.399999618530273 AB 8.674485932773 1.1472290868273103
61019.0902 lsst_hardware_r 84.38370777145954 25.479071132484925 31.479999542236328 AB 10.602709894387676 1.1524684667812692
61021.0379 lsst_hardware_y 173.32674138682592 57.383814203911825 30.010000228881836 AB 15.57002243927662 1.1692278330850072
61021.0564 lsst_hardware_i 168.8637189800823 34.43713968947619 31.239999771118164 AB 15.616703400227538 1.1505712370314343
61023.0388 lsst_hardware_y 90.11285287375215 57.23876099512055 30.020000457763672 AB 9.704214418501936 1.1609763620795106
61023.0568 lsst_hardware_r 38.56841525544292 25.325845271431653 31.489999771118164 AB 9.069044042638101 1.1479802585617849
61025.0399 lsst_hardware_y 215.62011727778818 54.911572943760895 30.020000457763672 AB 11.432982880428701 1.1544969080509644
61025.058 lsst_hardware_g -0.6573556804347322 15.337849652533835 31.40999984741211 AB 11.466516107955359 1.1469259487605692
61027.0379 lsst_hardware_y 166.21070686572128 61.14227940428696 30.020000457763672 AB 4.089786532973386 1.151890306428318
61027.0563 lsst_hardware_z 130.5843007436868 44.75283938785405 30.940000534057617 AB 4.619834557128155 1.1472149384474297
61029.0391 lsst_hardware_y 124.56912726217782 60.81297041056409 30.020000457763672 AB 5.365054869338779 1.148424160400738
61029.0583 lsst_hardware_u 3.576892077112568 2.925238582092243 28.399999618530273 AB 6.238465366239648 1.149682629115807
61031.0393 lsst_hardware_z 102.04367268749074 53.77073664689136 30.959999084472656 AB 5.214838397111458 1.1470637112150581
61031.0577 lsst_hardware_r 19.524138287654292 25.003488951639124 31.489999771118164 AB 6.303106515969492 1.15265587003413
61250.414 lsst_hardware_r -86.6327771001797 78.56999969482422 31.6200008392334 AB 5.4696192866587685 1.1637487843954826
61250.4335 lsst_hardware_z 41.66066186334295 61.400001525878906 30.969999313354492 AB 5.255686293752071 1.148281908182616
61254.4115 lsst_hardware_z -29.857986186048862 60.060001373291016 30.969999313354492 AB 2.1536926287509277 1.1548981832609706
61254.4318 lsst_hardware_y 38.67432242584122 59.90999984741211 30.030000686645508 AB 1.412575476812571 1.147036521975291
61257.4031 lsst_hardware_i -35.8740795867894 53.02000045776367 31.290000915527344 AB 1.6491641803328991 1.1550790967136397
61257.426 lsst_hardware_y -68.71525387071088 54.790000915527344 30.010000228881836 AB 1.2620745663567994 1.1473405148698175
61259.4023 lsst_hardware_r 6.351204241931119 31.270000457763672 31.540000915527344 AB 3.519760141432699 1.151565562385964
61259.4231 lsst_hardware_y 47.08655901733904 50.7599983215332 30.010000228881836 AB 3.788242123179759 1.147952158539321
61265.4019 lsst_hardware_i 54.775003980242985 32.11000061035156 31.25 AB 5.079528217070137 1.1470519120218599
61265.4213 lsst_hardware_z -3.9853082808221405 44.75 30.940000534057617 AB 5.415421086764171 1.1571412578555922
61267.3654 lsst_hardware_z 63.115573520875934 43.290000915527344 30.940000534057617 AB 6.496101988506418 1.1666151431020206
61267.392 lsst_hardware_r 5.716422580352843 34.58000183105469 32.2400016784668 AB 5.673793202378856 1.1471478371166306
61267.4195 lsst_hardware_y 74.51580134566449 50.47999954223633 30.010000228881836 AB 5.997736098433543 1.1610019547877553
61273.3658 lsst_hardware_i -52.967905581251216 31.8799991607666 31.239999771118164 AB 2.1701816835129617 1.150527068794148
61273.3855 lsst_hardware_z 19.114071672481135 42.779998779296875 30.940000534057617 AB 1.2629663719744288 1.1481512472494806
61275.3535 lsst_hardware_r -9.43715487613272 24.420000076293945 31.489999771118164 AB 2.323877220207923 1.1554871402376348
61275.3731 lsst_hardware_u -0.5531830971000393 2.7799999713897705 28.420000076293945 AB 2.3212169957482587 1.146988015193704
61277.3564 lsst_hardware_y -17.974457180779957 50.72999954223633 30.010000228881836 AB 2.2063108803458173 1.1497190621918574
61277.3767 lsst_hardware_r -26.255891456337512 46.11000061035156 31.59000015258789 AB 2.586271868027682 1.1489435220025241
61279.3134 lsst_hardware_i -10.028321804759448 69.58000183105469 31.299999237060547 AB 3.6326731785115562 1.2022415991102533
61279.3302 lsst_hardware_z 126.110649136167 62.869998931884766 30.969999313354492 AB 3.5202868959030185 1.1700812328846972
61285.2951 lsst_hardware_z -78.23797283877894 61.189998626708984 30.969999313354492 AB 3.1419435310060053 1.2068925215131903
61285.3117 lsst_hardware_r 25.037019332270095 70.29000091552734 31.6200008392334 AB 3.0164377007213448 1.1733307101668995
61287.313 lsst_hardware_z -4.9606010537904845 46.97999954223633 30.940000534057617 AB 2.684471880906615 1.1637463448170002
61287.3314 lsst_hardware_r -28.355560084564168 37.29999923706055 31.56999969482422 AB 2.6730167425617175 1.1486964944399303
61298.2676 lsst_hardware_g 0.7709227438253465 14.869999885559082 31.399999618530273 AB 2.9167467193996623 1.1888913258422535
61298.2849 lsst_hardware_i -22.813612974593777 32.290000915527344 31.239999771118164 AB 2.9229086590822533 1.1614206592379814
61302.2519 lsst_hardware_r 7.65406556991605 36.869998931884766 32.2400016784668 AB 6.695310138889176 1.1992316207933327
61302.2815 lsst_hardware_u 2.8786206018568556 3.680000066757202 29.049999237060547 AB 6.402944771639344 1.1540476315305448
61304.2615 lsst_hardware_z 49.564032344622376 47.18000030517578 30.950000762939453 AB 4.463004838723104 1.1707521710498907
61304.2807 lsst_hardware_r -6.225346193956997 36.849998474121094 31.579999923706055 AB 4.409497742350722 1.1508041084864868
61306.255 lsst_hardware_i -44.50034317356015 51.22999954223633 31.280000686645508 AB 1.9937614840991345 1.1723411313793421
61306.2724 lsst_hardware_z 31.12835274431144 52.36000061035156 30.959999084472656 AB 1.983538689921859 1.1526617084291675
61308.25 lsst_hardware_r 139.308175590841 96.4000015258789 31.6299991607666 AB 6.795460670651521 1.1716311501123313
61308.2686 lsst_hardware_z -86.51037339753043 67.52999877929688 30.979999542236328 AB 6.706707556976744 1.151530843950793
61312.2937 lsst_hardware_z -46.76888865440964 78.45999908447266 30.979999542236328 AB 6.996836142242019 1.1578574599311071
61312.3132 lsst_hardware_r 20.996718165984277 108.9800033569336 31.6200008392334 AB 7.112217013327076 1.186688044492838
61314.2152 lsst_hardware_r 66.10262021870554 61.2400016784668 31.600000381469727 AB 5.087758524807381 1.208709039569402
61314.233 lsst_hardware_y -32.577437461017034 52.66999816894531 30.0 AB 4.932392519322966 1.1725877178096369
61316.216 lsst_hardware_g 6.421362276966893 14.970000267028809 31.399999618530273 AB 3.9003683228477604 1.1940512238933907
61316.2343 lsst_hardware_r 58.88117575214727 28.149999618530273 31.520000457763672 AB 3.785798723265884 1.1631611408759148
61318.2122 lsst_hardware_i -43.23214651524652 32.380001068115234 31.229999542236328 AB 8.07674858692371 1.1905292106999694
61318.2311 lsst_hardware_z -23.241160730393375 43.25 30.940000534057617 AB 7.877420991442127 1.160506437877335
61320.2123 lsst_hardware_r -37.10565337272602 24.200000762939453 31.489999771118164 AB 4.8440932493380116 1.1798075703686515
61320.2308 lsst_hardware_u -1.4232307171447796 2.680000066757202 28.360000610351562 AB 4.644052033378191 1.155356575112525
61324.2123 lsst_hardware_z 29.976960937308 43.650001525878906 30.940000534057617 AB 4.1880813793301455 1.163355938702818
61324.2298 lsst_hardware_r 13.866641610726012 24.5 31.5 AB 4.136173808220743 1.1489371689502064
