data/validation/pwv_sim_epoch_fit_epoch/50486846.ecsv
# %ECSV 0.9
# ---
# datatype:
# - {name: time, datatype: float64}
# - {name: band, datatype: string}
# - {name: flux, datatype: float64}
# - {name: fluxerr, datatype: float64}
# - {name: zp, datatype: float64}
# - {name: zpsys, datatype: string}
# - {name: pwv, datatype: float64}
# - {name: airmass, datatype: float64}
# meta: {SNID: '50486846', alt: 1024.0, c: -0.05328541621565819, dec: -21.863451, lat: -30.244573, lon: -70.7499537, ra: 25.3125, t0: 62102.43359375,
#   x0: 2.688784570022131e-06, x1: 0.5661424994468689, z: 0.7899073958396912}
# schema: astropy-2.0
time band flux fluxerr zp zpsys pwv airmass
61975.4229 lsst_hardware_r 45.007250322413526 22.649999618530273 31.5 AB 5.276515425138778 1.0119575691491984
61975.4415 lsst_hardware_y -110.30862941011956 67.33999633789062 30.06999969482422 AB 5.28035906397376 1.0134235708546202
61977.4211 lsst_hardware_z -39.73183122442897 40.41999816894531 30.940000534057617 AB 6.162182957029217 1.0113544981173834
61977.4412 lsst_hardware_y 21.447223820478914 70.62999725341797 30.06999969482422 AB 6.117724005972525 1.0158394873480696
61980.4043 lsst_hardware_u 0.06300411804810475 2.569999933242798 28.360000610351562 AB 4.763313337525343 1.0134709228777325
61980.4233 lsst_hardware_y -3.7253671948800644 47.099998474121094 30.049999237060547 AB 4.646697660625257 1.0120217054612344
61982.3974 lsst_hardware_r 28.58436026414761 22.350000381469727 31.489999771118164 AB 4.611871161127271 1.0140623716633488
61982.4191 lsst_hardware_y 41.45426583604073 46.869998931884766 30.059999465942383 AB 3.535605639155819 1.012342344783311
61991.3524 lsst_hardware_z -91.53629450435837 86.97000122070312 31.739999771118164 AB 5.068957937083774 1.0299619906702782
61991.3773 lsst_hardware_r -266.73263597107314 114.93000030517578 32.40999984741211 AB 3.883758735047219 1.0124501394805054
61993.3663 lsst_hardware_z 36.490718053725296 78.13999938964844 31.729999542236328 AB 5.478551604940284 1.01454659350746
61995.2424 lsst_hardware_z 8.954215188608567 52.59000015258789 30.93000030517578 AB 4.847635206467779 1.3810598627196256
61995.2614 lsst_hardware_r 45.985036503433705 47.2599983215332 31.56999969482422 AB 4.296260349136084 1.2636059850400247
61996.3582 lsst_hardware_r -72.38143744928914 34.7599983215332 31.610000610351562 AB 3.5507654528857944 1.014504415110227
61996.3791 lsst_hardware_z -19.65280797883727 43.63999938964844 30.969999313354492 AB 3.490064188610304 1.0119061144129615
62000.3542 lsst_hardware_r -33.024724515741816 22.290000915527344 31.510000228881836 AB 3.977914816119389 1.0120633039357305
62000.3739 lsst_hardware_u -3.7362779657098297 2.7899999618530273 28.540000915527344 AB 3.952684965335 1.0136822444866644
62010.236 lsst_hardware_r -1.680946590946729 33.02000045776367 32.22999954223633 AB 4.731753154798265 1.190378152150507
62010.2624 lsst_hardware_i 86.58257410471174 43.779998779296875 32.0 AB 4.023992376696237 1.1011563559325648
62012.3155 lsst_hardware_z 33.65865295488675 40.5099983215332 30.950000762939453 AB 3.1127497944739337 1.0140626451386157
62012.334 lsst_hardware_r 29.146882814697438 22.280000686645508 31.5 AB 2.648706001676542 1.0116321977184901
62014.274 lsst_hardware_z -11.395187277939241 49.540000915527344 30.969999313354492 AB 1.7145141003725115 1.0520642874041402
62014.29 lsst_hardware_g 28.839434919092483 57.86000061035156 31.719999313354492 AB 1.7460688828490736 1.0295217469628972
62019.2599 lsst_hardware_z 24.56917225720126 74.0 30.989999771118164 AB 0.8751707226285335 1.0528369595531228
62019.2778 lsst_hardware_r -0.5718696216977065 108.12999725341797 31.670000076293945 AB 0.9012455377938929 1.027939022291295
62022.261 lsst_hardware_i -67.06476942357932 59.0099983215332 31.329999923706055 AB 4.465271238076132 1.0384351716456122
62022.2795 lsst_hardware_r 21.533760900011856 68.95999908447266 31.65999984741211 AB 4.382122036933384 1.0190981481240429
62029.2336 lsst_hardware_g -0.8687452867070476 14.039999961853027 31.440000534057617 AB 3.3783145829180783 1.0511246368758396
62029.2518 lsst_hardware_r 15.998560484460379 22.700000762939453 31.510000228881836 AB 4.145678826974998 1.0265816327631032
62036.2299 lsst_hardware_u -2.0904700570619186 2.7300000190734863 28.469999313354492 AB 2.038359740277261 1.0295612797089224
62036.2496 lsst_hardware_g -5.575191994630046 14.020000457763672 31.440000534057617 AB 2.00225408557375 1.0142274810841065
62042.2059 lsst_hardware_z 2.138380110397442 46.81999969482422 30.959999084472656 AB 4.202031235456056 1.0391207770158284
62042.2239 lsst_hardware_r 9.387797911814879 45.58000183105469 31.6200008392334 AB 4.719119702358371 1.019835694213738
62045.2061 lsst_hardware_i -74.19818367028178 69.9000015258789 31.329999923706055 AB 4.722113052976839 1.0287080937426853
62045.2251 lsst_hardware_z -10.479299397822667 62.65999984741211 30.989999771118164 AB 3.39349581149502 1.0141948031962658
62049.1966 lsst_hardware_z -62.42608946523309 102.05999755859375 31.75 AB 4.869923918616257 1.0271934019439477
62051.1852 lsst_hardware_r 35.54263098105621 67.41000366210938 31.649999618530273 AB 4.2505945207936335 1.0339982616974748
62051.2037 lsst_hardware_i 21.29243029077324 55.66999816894531 31.329999923706055 AB 4.0732978915271065 1.0168415789127918
62053.1897 lsst_hardware_z 147.34511228468992 63.720001220703125 31.719999313354492 AB 3.5712841674249716 1.0232905923853786
62058.165 lsst_hardware_i -5.025821493253866 30.600000381469727 31.25 AB 6.321002079218136 1.0353811759570188
62058.1832 lsst_hardware_z -3.0419810302096293 40.959999084472656 30.959999084472656 AB 6.699320985115791 1.017721437884588
62061.0988 lsst_hardware_g 1.5605921035352326 20.030000686645508 32.130001068115234 AB 10.25839009113132 1.1820237468654626
62061.1219 lsst_hardware_r 6.488905376595863 32.709999084472656 32.22999954223633 AB 9.643591349348842 1.1045652889447948
62066.1504 lsst_hardware_r 5.729049172246 22.700000762939453 31.510000228881836 AB 4.913529138207051 1.0269681551275567
62066.1688 lsst_hardware_i 8.688298928844892 30.280000686645508 31.260000228881836 AB 3.3088791022393416 1.0137497249509073
62068.1386 lsst_hardware_z 17.56956225396211 59.11162224786497 31.709999084472656 AB 4.548447995366043 1.0342278719922788
62069.1473 lsst_hardware_g 19.754442846898947 26.289004528705906 31.639999389648438 AB 2.492706228352865 1.0221594703466452
62069.1651 lsst_hardware_r -28.056426541346646 30.329800688874283 31.579999923706055 AB 2.4779614545905697 1.0122391562869975
62074.1313 lsst_hardware_i 33.61398123993494 68.08064969994389 31.34000015258789 AB 3.8368965538419797 1.0242649636525936
62074.1485 lsst_hardware_z 72.0372979531038 61.9948944756698 31.0 AB 3.774003023214282 1.013155174017257
62078.138 lsst_hardware_z 173.52478748169796 95.68611811009575 31.75 AB 5.1663304681835305 1.0130059741536335
62080.1124 lsst_hardware_r 159.8117829177391 55.50590586306213 31.639999389648438 AB 3.5115165640224735 1.026734211356197
62080.13 lsst_hardware_i 278.3058018399095 54.73912742053918 31.31999969482422 AB 2.5353104645135254 1.0139889872737737
62082.1149 lsst_hardware_z 265.470356728365 43.406595727484735 30.959999084472656 AB 5.710151343085449 1.0196698826938302
62082.1315 lsst_hardware_u -0.8484524434805913 2.829926761447504 28.510000228881836 AB 5.987064453789028 1.0117984627637886
62084.1131 lsst_hardware_g 58.04712719646769 16.157670614064557 31.450000762939453 AB 9.562191353674562 1.0171461922853486
62084.1316 lsst_hardware_r 311.9397466801943 28.77094666623038 31.510000228881836 AB 8.913613201511517 1.011186976915657
62087.0924 lsst_hardware_r 452.1111018970731 30.812102058057814 31.489999771118164 AB 3.505250199544544 1.0276563581282785
62087.1099 lsst_hardware_i 602.5278575753347 38.83599208879402 31.25 AB 3.4638480904495363 1.0144277507116117
62089.0966 lsst_hardware_z 419.0980194427204 45.570059160756244 30.940000534057617 AB 4.280091493824277 1.0190694032914944
62089.1148 lsst_hardware_i 722.9896012467816 40.08088954042259 31.25 AB 4.247915408078344 1.0114084304948439
62094.0935 lsst_hardware_r 670.7450578526747 34.6311325469603 31.510000228881836 AB 5.8524574754104774 1.013295574896451
62094.1137 lsst_hardware_i 890.4507467628819 42.57794114373125 31.260000228881836 AB 5.831519763220771 1.0124459208693357
62097.074 lsst_hardware_i 962.1951580811916 43.980269492866874 31.260000228881836 AB 6.951379532387264 1.019625165181298
62097.0949 lsst_hardware_z 598.1030125531104 47.62316484959145 30.959999084472656 AB 6.943878434151034 1.011232159922967
62099.0725 lsst_hardware_r 707.0153564182328 44.5103814024906 31.600000381469727 AB 5.286639267249989 1.0169221468165297
62099.0914 lsst_hardware_g 205.8732364463334 33.51735952621304 31.670000076293945 AB 5.240944854135001 1.0111797904948874
62101.0737 lsst_hardware_r 702.0786785530771 61.81098715677685 31.649999618530273 AB 3.6727963057867825 1.0135579907424896
62101.0922 lsst_hardware_i 1013.2574077902198 58.55990720163432 31.31999969482422 AB 3.848578645377832 1.0118518852051617
62106.0569 lsst_hardware_r 608.0498673034059 91.14389209654094 31.670000076293945 AB 6.382088968603282 1.0149632583656618
62106.0752 lsst_hardware_i 1000.737479326028 78.36665080639348 31.34000015258789 AB 6.354708973118012 1.0113326924672907
62108.0488 lsst_hardware_z 1338.5772642633735 82.62097560316285 31.729999542236328 AB 3.5384097621799935 1.0163949910513195
62113.0455 lsst_hardware_y 354.94682834181003 49.71368157352064 30.059999465942383 AB 5.452332036823544 1.0120964087783084
62113.0665 lsst_hardware_i 787.6857090627452 41.30508500620399 31.260000228881836 AB 5.440066681292412 1.0141494512274578
62115.0449 lsst_hardware_y 254.9683691552088 50.083566365502726 30.059999465942383 AB 10.101453942785918 1.0112915246731375
62115.065 lsst_hardware_i 767.8430171250974 40.500435694321965 31.260000228881836 AB 10.068094445447317 1.0161580990559622
62117.0285 lsst_hardware_y 316.78939795418637 82.75726566844021 30.079999923706055 AB 10.817860924018225 1.0141903083502766
62117.0477 lsst_hardware_g 46.68922929636961 15.81803976095592 31.440000534057617 AB 11.43918711945544 1.0116907331258675
62119.0295 lsst_hardware_y 172.57348110595345 71.76608828353643 30.079999923706055 AB 7.67913173828995 1.012004118949982
62119.0485 lsst_hardware_i 658.8795094351626 39.44069333445138 31.260000228881836 AB 7.783176870879874 1.0134779927739408
62121.0304 lsst_hardware_z 489.79797385881153 70.05148869423033 31.0 AB 10.247024169182142 1.0111862276749384
62121.049 lsst_hardware_u -4.321268932764563 3.334027495120424 28.6200008392334 AB 11.096409125917612 1.0163796132463025
62335.4234 lsst_hardware_g 21.9950060620985 14.4399995803833 31.459999084472656 AB 2.1721495807801205 1.018234890791103
62335.4426 lsst_hardware_z 174.23366082567006 61.95000076293945 30.989999771118164 AB 2.169098755490943 1.0112348510447287
62344.4051 lsst_hardware_i -5.899740913503646 65.04000091552734 31.329999923706055 AB 2.9795780962241207 1.0146122915632647
62344.4232 lsst_hardware_y -34.873377945846826 52.709999084472656 30.059999465942383 AB 3.121223135092817 1.0114138480534078
62346.4044 lsst_hardware_r 20.163602583877363 70.88999938964844 31.65999984741211 AB 4.759840811467335 1.0127320875462413
62346.4225 lsst_hardware_y -9.647691716089769 51.86000061035156 30.059999465942383 AB 4.655454300464135 1.0123487171203542
62350.3912 lsst_hardware_z -16.7458320994508 43.9900016784668 30.959999084472656 AB 1.8863663490885707 1.0135397236976291
62350.4099 lsst_hardware_y 15.981599921898512 47.4900016784668 30.049999237060547 AB 1.9015938007114515 1.0119346167865817
62351.2538 lsst_hardware_r 14.009369823966244 27.170000076293945 31.440000534057617 AB 3.4470934541751297 1.4924636112751322
62351.2737 lsst_hardware_i 30.623362736247547 35.2400016784668 31.219999313354492 AB 3.107331611861324 1.339896487201692
62353.3551 lsst_hardware_r 28.080013618964685 23.170000076293945 31.5 AB 2.0839530631121486 1.0376529774832275
62353.3817 lsst_hardware_u 3.0310876878486934 4.210000038146973 29.299999237060547 AB 1.4435446040906408 1.0140812111630775
62353.4063 lsst_hardware_y 2.653898014794682 46.66999816894531 30.059999465942383 AB 1.4925705664614468 1.0132861958326183
62355.363 lsst_hardware_g 7.994117494479396 13.649999618530273 31.40999984741211 AB 4.384085188968601 1.0227657037136595
62355.3848 lsst_hardware_r 44.997037877863065 22.440000534057617 31.510000228881836 AB 3.0942025112691702 1.0115629634182435
62357.3778 lsst_hardware_i 39.7140157501613 29.969999313354492 31.25 AB 3.8402669352998564 1.0118391714297883
62357.3979 lsst_hardware_z 15.82918037909897 40.47999954223633 30.950000762939453 AB 3.9179918706537524 1.0143230593684205
62361.3647 lsst_hardware_r 41.36189403597107 31.489999771118164 32.25 AB 4.753042205688267 1.0123625571221015
62361.3819 lsst_hardware_u 1.557473456019919 3.8499999046325684 29.25 AB 4.48514536987078 1.0124481647563837
62362.2565 lsst_hardware_u -0.25095106460433453 2.5199999809265137 28.229999542236328 AB 4.569018532846671 1.2643427278717871
62362.2748 lsst_hardware_r 43.04985208339135 22.950000762939453 31.469999313354492 AB 4.240225143540813 1.1797519527588627
62363.3543 lsst_hardware_g 6.649717741880636 13.680000305175781 31.440000534057617 AB 5.649183967888726 1.014125117653483
62363.3742 lsst_hardware_i -19.013982055944517 30.020000457763672 31.260000228881836 AB 5.614305435293161 1.0118904359194645
62365.3428 lsst_hardware_z -10.757947038227208 40.630001068115234 30.959999084472656 AB 4.497058771632106 1.017376567305493
62365.3642 lsst_hardware_r -34.129182082303544 22.260000228881836 31.510000228881836 AB 4.474331644991997 1.0112626613158542
62368.3329 lsst_hardware_y 70.12803808209527 47.77000045776367 30.049999237060547 AB 2.4413885763758287 1.0185183881417725
62368.3523 lsst_hardware_g 17.52194491605098 28.829999923706055 31.649999618530273 AB 2.647448783020073 1.011248580221571
62370.3362 lsst_hardware_z -12.742453032521476 55.459999084472656 30.979999542236328 AB 1.930675191698285 1.0136995099706594
62370.3564 lsst_hardware_r 6.423522499375583 71.25 31.65999984741211 AB 1.887748002639439 1.0121973204503822
62377.2805 lsst_hardware_z 64.13595924272686 53.119998931884766 30.969999313354492 AB 6.338723848882981 1.0514886119241882
62377.2982 lsst_hardware_i 79.88424886581511 52.11000061035156 31.31999969482422 AB 7.176885333165057 1.0273239812718375
62379.2642 lsst_hardware_z 82.18955608802369 45.7599983215332 30.950000762939453 AB 5.335686968624423 1.072248444644356
62379.2823 lsst_hardware_r 24.300487278081956 38.65999984741211 31.600000381469727 AB 5.144534333786049 1.0401754339584262
62380.2542 lsst_hardware_r 43.44407053199826 27.329999923706055 31.540000915527344 AB 1.7444987121430298 1.088950506955699
62380.2716 lsst_hardware_i -0.21337572666889817 33.56999969482422 31.260000228881836 AB 1.7608211873815223 1.0527029816948121
62381.2637 lsst_hardware_y 10.835048673742579 47.11000061035156 30.040000915527344 AB 3.101578764502974 1.0621541957716871
62381.2805 lsst_hardware_g -34.099281728717436 15.9399995803833 31.479999542236328 AB 3.009473218201885 1.0352208289643863
62384.2663 lsst_hardware_g 0.07187332621544432 13.720000267028809 31.40999984741211 AB 2.4204962418109943 1.0436172356184223
62384.2828 lsst_hardware_r 34.43058394944418 22.389999389648438 31.5 AB 2.4075439887035284 1.023688181717982
62394.2379 lsst_hardware_r -9.316080296041992 24.270000457763672 31.520000457763672 AB 0.8858892624343124 1.0452970648192477
62394.2547 lsst_hardware_z 55.32714184064001 40.880001068115234 30.950000762939453 AB 2.634832710442899 1.0244295141690898
62402.2399 lsst_hardware_z -28.28926192484065 77.12000274658203 31.0 AB 2.0153790470683086 1.0186399024858774
62402.2612 lsst_hardware_r -115.79493962466356 114.38999938964844 31.670000076293945 AB 1.75763212010048 1.0111988417492455
62408.2337 lsst_hardware_r -9.328764271250117 37.61000061035156 31.600000381469727 AB 4.680819741187623 1.0132192740273236
62408.2544 lsst_hardware_z 22.712130201980116 44.77000045776367 30.959999084472656 AB 4.577367424852065 1.0126919081532046
62410.2022 lsst_hardware_r 3.535126089126069 22.84000015258789 31.5 AB 4.955956075320083 1.0341066406510346
62410.2205 lsst_hardware_u 4.006335014385031 2.75 28.489999771118164 AB 4.278028198626354 1.0170243553205918
62412.2006 lsst_hardware_g 1.0730274190326061 13.989999771118164 31.420000076293945 AB 2.984607696427329 1.0295300781053223
62412.2203 lsst_hardware_r 21.188479454247837 22.6299991607666 31.5 AB 3.2680766204748184 1.0142219320272539
62415.2052 lsst_hardware_i -1.0312945940708402 30.299999237060547 31.25 AB 4.837465533577534 1.0180922937129122
62415.2232 lsst_hardware_z 79.07282259363926 40.63999938964844 30.950000762939453 AB 4.8663809576702155 1.0113011133979743
62419.1836 lsst_hardware_u -0.12930952245562732 2.609999895095825 28.3700008392334 AB 3.588183845648646 1.0272498842395208
62419.2022 lsst_hardware_g -13.00108571289076 14.0600004196167 31.420000076293945 AB 3.5381175883900977 1.0137872746103431
62421.1675 lsst_hardware_r -0.33843069567451234 22.780000686645508 31.489999771118164 AB 6.551488060531162 1.0403591034086423
62421.1859 lsst_hardware_z 27.91565517075226 40.689998626708984 30.950000762939453 AB 6.245707551518162 1.020207048598335
62430.1449 lsst_hardware_z -92.20801279008418 75.23999786376953 30.989999771118164 AB 2.7438045449559816 1.0376167445944717
62430.1633 lsst_hardware_r -46.62689036753484 111.66000366210938 31.670000076293945 AB 2.663337228493629 1.0187443179243767
62431.0914 lsst_hardware_z -59.75504568207419 116.16000366210938 31.729999542236328 AB 5.042593889046161 1.1606399928754398
62434.1528 lsst_hardware_r 13.479664831890622 69.23999786376953 31.65999984741211 AB 4.455118303214485 1.0184485481602084
62434.173 lsst_hardware_z -23.291963614808143 55.97999954223633 30.979999542236328 AB 4.645738539878843 1.0112071698055065
62436.1474 lsst_hardware_r -50.65545450143515 37.27000045776367 31.600000381469727 AB 3.763859792250751 1.0184062572042618
62436.1643 lsst_hardware_y -30.299421683266264 47.970001220703125 30.049999237060547 AB 3.6876392162945826 1.0114667564693713
62452.0951 lsst_hardware_i -22.038320633201458 32.290000915527344 31.260000228881836 AB 3.523349148502506 1.025620749612606
62452.1138 lsst_hardware_z -46.56791015922189 41.38999938964844 30.950000762939453 AB 3.416610743643005 1.013129606694575
62455.0961 lsst_hardware_z -42.5046026608362 49.2599983215332 30.969999313354492 AB 4.275641356120837 1.0180098466954373
62455.1142 lsst_hardware_r -8.040231987186303 52.689998626708984 31.639999389648438 AB 4.247373659260094 1.0112794426809748
62457.0908 lsst_hardware_i -28.416286317717404 63.75 31.329999923706055 AB 3.1554956823368965 1.017901833011902
62457.1102 lsst_hardware_r -22.591740515777342 75.9800033569336 31.65999984741211 AB 3.1347332585422323 1.0112042769491072
62459.0984 lsst_hardware_z 36.99630588698842 94.5999984741211 31.739999771118164 AB 4.486594945537005 1.0120329206647505
62462.0748 lsst_hardware_g -57.44530188825317 86.7300033569336 31.739999771118164 AB 4.458528341251659 1.0195582760694395
62462.0949 lsst_hardware_r -42.37076441828593 83.55999755859375 31.65999984741211 AB 3.865330315802246 1.0112929793229615
62464.0741 lsst_hardware_i 31.38281358471448 33.20000076293945 31.280000686645508 AB 7.65477366530937 1.0163902361656567
62464.0946 lsst_hardware_z 36.14869685027245 46.9900016784668 30.969999313354492 AB 8.039561901371599 1.0113080508245016
62472.0595 lsst_hardware_g -7.969255981207991 13.649999618530273 31.420000076293945 AB 6.334740204757668 1.013018156411141
62472.0783 lsst_hardware_r 6.970736163486796 22.34000015258789 31.5 AB 6.368154588686057 1.0122910990095733
62476.0418 lsst_hardware_z 23.044986587772947 42.150001525878906 30.959999084472656 AB 3.3448105530138363 1.0161192535927202
62476.0609 lsst_hardware_u -1.0488889465301001 2.740000009536743 28.489999771118164 AB 3.4273435068305975 1.0112395092805893
62478.0425 lsst_hardware_y 79.04318355701719 47.68000030517578 30.059999465942383 AB 2.940413767161277 1.013236997643228
62478.0614 lsst_hardware_r -0.9384087925387282 22.510000228881836 31.510000228881836 AB 3.101247032689065 1.0121563422612392
62480.0451 lsst_hardware_y -76.75095151446868 47.91999816894531 30.059999465942383 AB 7.614121530600129 1.011350597352123
62480.0655 lsst_hardware_z 30.20373819989582 40.869998931884766 30.950000762939453 AB 7.420715896582649 1.0160608705853464
