data/validation/pwv_sim_epoch_fit_epoch/50512414.ecsv
# %ECSV 0.9
# ---
# datatype:
# - {name: time, datatype: float64}
# - {name: band, datatype: string}
# - {name: flux, datatype: float64}
# - {name: fluxerr, datatype: float64}
# - {name: zp, datatype: float64}
# - {name: zpsys, datatype: string}
# - {name: pwv, datatype: float64}
# - {name: airmass, datatype: float64}
# meta: {SNID: '50512414', alt: 1024.0, c: 0.13774459064006805, dec: -64.760857, lat: -30.244573, lon: -70.7499537, ra: 321.569336, t0: 60798.08203125,
#   x0: 2.188308331008798e-05, x1: -0.41594889760017395, z: 0.33028411865234375}
# schema: astropy-2.0
time band flux fluxerr zp zpsys pwv airmass
60812.4197 lsst_hardware_r 4667.898879056006 96.98620007038589 31.610000610351562 AB 8.142948757094041 1.215365486133439
60812.4317 lsst_hardware_y 723.2172507286509 74.63157396223157 30.010000228881836 AB 8.1226553960266 1.2123366262726267
60823.3583 lsst_hardware_g 509.14766476794 25.08747896832923 31.31999969482422 AB 11.17502769048101 1.2382873843277
60823.3798 lsst_hardware_y 875.2107113721189 54.772176791029516 29.979999542236328 AB 11.365009592687967 1.2202071712140827
60824.4271 lsst_hardware_z 2239.1548514389397 64.08929184157265 30.93000030517578 AB 9.679934833030043 1.2174487275852148
60828.1879 lsst_hardware_z 4185.8793414756865 93.36531164821005 31.6200008392334 AB 18.45678921134606 1.8007502035559138
60842.2546 lsst_hardware_z 3603.459942451837 114.92722214510029 32.130001068115234 AB 8.766715800707884 1.3282902728345278
60844.3501 lsst_hardware_g 155.7406896910521 36.1409097868391 31.600000381469727 AB 5.354551743290912 1.2119854557018814
60844.3643 lsst_hardware_r 639.5224854664427 44.6772849539578 31.549999237060547 AB 5.361130891390228 1.214184593690341
60847.347 lsst_hardware_i 1189.8071160175639 46.56804251906028 31.229999542236328 AB 4.036870824011986 1.21227352072432
60847.3589 lsst_hardware_r 567.2143647534828 33.55372478632456 31.469999313354492 AB 4.029373150388644 1.2151306243633393
60849.1734 lsst_hardware_z 1812.9842601428008 78.97469893277106 31.639999389648438 AB 4.759739355248635 1.5464996686698513
60860.0857 lsst_hardware_r 832.5012462040381 66.31365070843098 32.13999938964844 AB 16.98146852215725 1.9170770514966413
60860.0979 lsst_hardware_z 1123.5957753196253 83.33281807390728 31.610000610351562 AB 16.106507191178366 1.820252832816677
60861.3386 lsst_hardware_i 797.8268937039551 43.14509434770638 31.219999313354492 AB 5.62606472889627 1.2252772549320372
60861.3503 lsst_hardware_r 455.9302616859064 31.10047810149298 31.450000762939453 AB 5.554827397525942 1.2357791763127792
60863.2848 lsst_hardware_z 598.6489454897487 59.456072379431596 30.950000762939453 AB 1.9177888968454027 1.2139184915151826
60863.2961 lsst_hardware_g 169.20089048628748 63.18680475257766 31.65999984741211 AB 1.8159349371296318 1.212037334977228
60867.2903 lsst_hardware_z -101.41749316276272 77.12999725341797 30.969999313354492 AB 10.514209602435725 1.2120941391758209
60867.3021 lsst_hardware_r 58.21229747844176 114.41999816894531 31.610000610351562 AB 10.366835676356308 1.2143773305246504
60870.2358 lsst_hardware_z -10.661675339860933 57.52000045776367 30.950000762939453 AB 8.107532130688835 1.2323818553204595
60870.2479 lsst_hardware_i -21.130065578319247 58.66999816894531 31.280000686645508 AB 7.963681593103583 1.222517322722822
60875.2394 lsst_hardware_z -19.005149188777544 43.529998779296875 30.93000030517578 AB 3.055202141857019 1.2193170713810106
60875.251 lsst_hardware_u -0.789603266407852 2.5899999141693115 28.309999465942383 AB 2.7209046506322765 1.2142378507842067
60879.2339 lsst_hardware_i 5.432553985051538 31.530000686645508 31.229999542236328 AB 5.92717471618543 1.2165793752433407
60879.2467 lsst_hardware_z -16.21348861219939 43.150001525878906 30.93000030517578 AB 5.911889304517367 1.212653783703265
60884.0603 lsst_hardware_u -2.6978011948450353 2.240000009536743 27.899999618530273 AB 7.282603484475411 1.6379510779641802
60884.0709 lsst_hardware_g 20.602561272850643 13.470000267028809 31.229999542236328 AB 7.046592143023986 1.5808395161018478
60884.1002 lsst_hardware_r -9.66330180257002 23.729999542236328 31.399999618530273 AB 5.514116464320132 1.4510832800842453
60884.1098 lsst_hardware_i 25.182018580344366 33.349998474121094 31.18000030517578 AB 5.382199536613559 1.4163682991088313
60886.2194 lsst_hardware_z -28.898175070208246 43.2400016784668 30.93000030517578 AB 5.466425766362843 1.214761281413965
60886.2304 lsst_hardware_u 3.540898548360166 2.609999895095825 28.329999923706055 AB 5.4552298687994005 1.2122733041776446
60888.2165 lsst_hardware_g -13.128437826646664 13.460000038146973 31.34000015258789 AB 5.419273857851457 1.2139497161511572
60888.2298 lsst_hardware_r 16.086690251690275 22.899999618530273 31.459999084472656 AB 5.401922612841361 1.2120086634151583
60890.2176 lsst_hardware_i 63.24865074317483 41.650001525878906 31.270000457763672 AB 2.711994200207454 1.2125160358602625
60890.2292 lsst_hardware_z 54.5746345654031 47.880001068115234 30.940000534057617 AB 2.7263579279391057 1.2122534139346846
60894.2084 lsst_hardware_z -167.34156295537682 69.31999969482422 30.969999313354492 AB 3.827826550807608 1.212296611498926
60894.2204 lsst_hardware_r -126.93977301955111 96.58000183105469 31.6200008392334 AB 3.8408662924316688 1.2125222432174056
60897.1953 lsst_hardware_z 33.57676485038886 100.36000061035156 31.719999313354492 AB 5.0994811648323815 1.2131031238203673
60899.185 lsst_hardware_z 13.800900572171445 54.81999969482422 30.959999084472656 AB 3.279711268573653 1.2144080234165586
60899.1987 lsst_hardware_r -2.3633767742415404 65.19000244140625 31.610000610351562 AB 3.295618729036068 1.2120329997374366
60904.2315 lsst_hardware_g -2.447624346890205 13.470000267028809 31.350000381469727 AB 5.222673109636968 1.2343826777682532
60904.2433 lsst_hardware_r 5.140163560342363 23.010000228881836 31.459999084472656 AB 5.345991954203303 1.2478001915980632
60906.2379 lsst_hardware_i 14.865549244359128 31.729999542236328 31.219999313354492 AB 2.97431959275212 1.247878998427573
60906.2482 lsst_hardware_r 42.46234196677383 22.969999313354492 31.459999084472656 AB 3.011933799564628 1.2623360434051247
60910.2268 lsst_hardware_r -2.215662851320008 22.850000381469727 31.450000762939453 AB 2.581605394659382 1.2476546409952711
60910.2379 lsst_hardware_i -37.2370374746434 32.029998779296875 31.209999084472656 AB 2.61123170989366 1.2632954571328785
60912.2321 lsst_hardware_z 37.8062755237548 43.849998474121094 30.93000030517578 AB 4.277543762835423 1.2627746107905502
60912.243 lsst_hardware_r -6.510936413724869 22.799999237060547 31.440000534057617 AB 4.346492194242223 1.2810489090238653
60932.1219 lsst_hardware_g -25.138610145350825 13.289999961853027 31.350000381469727 AB 1.475781614787499 1.2136361963716082
60932.1324 lsst_hardware_r -1.3127115113985648 22.690000534057617 31.459999084472656 AB 2.056401189704951 1.2175859415038937
60934.058 lsst_hardware_g 4.238500156156601 13.1899995803833 31.329999923706055 AB 3.228050447707095 1.235459761832147
60934.0696 lsst_hardware_r 24.002780333093003 22.56999969482422 31.459999084472656 AB 3.2161763705579594 1.2251322597516192
60938.1378 lsst_hardware_u 2.056225251411268 2.5299999713897705 28.270000457763672 AB 8.65496410434993 1.2335598224621314
60938.1499 lsst_hardware_r 30.54562902283775 22.56999969482422 31.440000534057617 AB 8.879565264139538 1.247115356441115
60940.1445 lsst_hardware_i -9.411262374453836 31.760000228881836 31.209999084472656 AB 4.2126089846415695 1.2471950018676314
60940.1567 lsst_hardware_z 37.702900647295536 44.189998626708984 30.93000030517578 AB 4.266840202920524 1.264436272905771
60943.1446 lsst_hardware_g 8.213612110209581 13.220000267028809 31.31999969482422 AB 6.859340380667883 1.258517591707248
60943.1566 lsst_hardware_r 22.163015253690144 22.760000228881836 31.440000534057617 AB 6.939164813272593 1.2779309048384149
60945.162 lsst_hardware_i 41.89009683953789 32.290000915527344 31.209999084472656 AB 5.035666914792369 1.2987449058095517
60945.1732 lsst_hardware_z 33.88449939009225 44.97999954223633 30.920000076293945 AB 5.25743829495758 1.3236249483780413
60950.054 lsst_hardware_r -3.7657601985176736 57.77000045776367 31.600000381469727 AB 5.876258178283798 1.212537153115125
60950.0655 lsst_hardware_z 79.30569104499992 53.599998474121094 30.950000762939453 AB 5.918248270390248 1.2123210468357912
60952.0541 lsst_hardware_z 110.84976403054982 57.97999954223633 30.959999084472656 AB 2.8693930639486376 1.2120781740139985
60952.065 lsst_hardware_i 3.8182471318757303 59.68000030517578 31.290000915527344 AB 2.906613639645836 1.2131108679659175
60955.0542 lsst_hardware_z -96.9318812109777 60.83000183105469 30.959999084472656 AB 5.65268878320584 1.212633011520423
60955.0658 lsst_hardware_r -1.1389513907928654 84.12999725341797 31.610000610351562 AB 5.014071874314942 1.2159010304492128
60959.0747 lsst_hardware_g 2.2326866474816436 13.380000114440918 31.329999923706055 AB 3.716078689144667 1.2283204128945517
60959.0859 lsst_hardware_r 15.776932334929265 22.850000381469727 31.440000534057617 AB 5.204857488324152 1.239251782934322
60963.0786 lsst_hardware_r -26.9795533241342 22.989999771118164 31.450000762939453 AB 7.339664733646778 1.243413852158022
60963.0905 lsst_hardware_u 0.6577315779519527 2.509999990463257 28.219999313354492 AB 7.807595073602249 1.2592895280003626
60965.0787 lsst_hardware_g 16.348665178206353 13.5600004196167 31.34000015258789 AB 8.176209932154931 1.2504080644592062
60965.0899 lsst_hardware_i -5.64436754051591 32.189998626708984 31.219999313354492 AB 8.727152184215369 1.266778268202688
60968.081 lsst_hardware_z 29.51647553243191 43.970001220703125 30.93000030517578 AB 3.654997622656511 1.265653935242054
60968.0916 lsst_hardware_r 3.718638475922504 23.040000915527344 31.440000534057617 AB 4.139870213264428 1.2838797374056217
61178.4106 lsst_hardware_u 4.320314348978427 2.490000009536743 28.209999084472656 AB 9.736252379102716 1.2185547408138568
61178.4245 lsst_hardware_y 4.702599958877288 51.45000076293945 29.979999542236328 AB 10.030659926457108 1.2131906055221469
61185.4131 lsst_hardware_r -16.041111050775616 22.600000381469727 31.450000762939453 AB 9.573759572043071 1.2120217207295951
61185.4268 lsst_hardware_y -0.1854899941375947 51.630001068115234 29.989999771118164 AB 10.292757720509117 1.2131129268389595
61187.4129 lsst_hardware_g 24.135369494165914 13.25 31.34000015258789 AB 5.999814134811642 1.2119612432706703
61187.425 lsst_hardware_y 1.3609300730963627 50.25 29.989999771118164 AB 5.220590316352847 1.214090771244848
61189.401 lsst_hardware_i -105.22447389512705 48.66999816894531 31.280000686645508 AB 9.846829581993632 1.2121163984235728
61189.4158 lsst_hardware_z 8.537563216340939 44.90999984741211 30.940000534057617 AB 9.837179348387734 1.2130937435068627
61194.2875 lsst_hardware_i -14.1773205920585 94.45999908447266 32.02000045776367 AB 11.627184365755985 1.3364579730754007
61194.3048 lsst_hardware_z -32.14165637990821 87.98999786376953 31.700000762939453 AB 12.312104537522721 1.2968983554561246
61196.4147 lsst_hardware_z 37.20925193984962 55.810001373291016 30.950000762939453 AB 5.615181735529955 1.2206916816369469
61196.4279 lsst_hardware_r -103.195236131144 64.33000183105469 31.600000381469727 AB 5.415607260756801 1.230819831990182
61198.3899 lsst_hardware_i 3.04065483859802 41.630001068115234 31.260000228881836 AB 1.3471295024158416 1.2128107156568457
61198.4042 lsst_hardware_z 126.22602889771373 48.040000915527344 30.93000030517578 AB 1.3694714148366434 1.2178491906061746
61222.3383 lsst_hardware_i 55.936056865368414 85.9000015258789 31.309999465942383 AB 10.480595592746894 1.2176591901415752
61222.3502 lsst_hardware_r -33.09309947636523 108.6500015258789 31.610000610351562 AB 10.55671649222426 1.2251745479282925
61225.3411 lsst_hardware_r -0.4877211865949455 64.93000030517578 31.600000381469727 AB 9.045611759486244 1.224489730208974
61225.3533 lsst_hardware_i -12.045786795467542 55.810001373291016 31.280000686645508 AB 9.089878414163994 1.2352476187075243
61235.275 lsst_hardware_g 8.228098078815925 13.520000457763672 31.350000381469727 AB 7.5154359648250155 1.212167091100809
61235.2869 lsst_hardware_r 20.748472738549996 23.020000457763672 31.459999084472656 AB 7.5342917862677465 1.2124705159748546
61237.2381 lsst_hardware_r 5.729027539854221 22.8799991607666 31.450000762939453 AB 3.6153546187300827 1.2261674135085918
61237.25 lsst_hardware_i 21.159445591998104 31.6299991607666 31.219999313354492 AB 4.020447133185332 1.2183173130864642
61238.2355 lsst_hardware_z 44.59711005775146 43.220001220703125 30.920000076293945 AB 2.098410956276282 1.2260654141257856
61238.247 lsst_hardware_u -1.1432207677108928 2.4700000286102295 28.209999084472656 AB 2.128246028281143 1.2184614665731737
61242.2406 lsst_hardware_g -2.7108668049347564 13.479999542236328 31.350000381469727 AB 6.727730350860307 1.216276183170732
61242.2527 lsst_hardware_r 7.377447109706921 22.780000686645508 31.450000762939453 AB 5.667741374303771 1.2126104780281923
61244.2323 lsst_hardware_i -13.50085437265652 39.72999954223633 31.25 AB 5.940872815427665 1.217599893853663
61244.2442 lsst_hardware_z 25.720793944756693 46.47999954223633 30.940000534057617 AB 5.913908347541457 1.213233838863772
61246.2335 lsst_hardware_i -10.480090518314542 53.849998474121094 31.280000686645508 AB 6.601708156449927 1.2147774692151856
61246.2458 lsst_hardware_z 28.89083669609991 54.61000061035156 30.950000762939453 AB 6.563201347177249 1.2120968368211364
61249.2091 lsst_hardware_r -68.31730129332342 107.83999633789062 31.610000610351562 AB 3.155641213035709 1.2233538333148708
61249.2212 lsst_hardware_i -55.525608888631005 84.69000244140625 31.299999237060547 AB 3.0905867899917396 1.2164072773754755
61251.2149 lsst_hardware_z 27.958738577578057 104.58999633789062 31.719999313354492 AB 5.475541629902285 1.2167870288671745
61253.2146 lsst_hardware_z 100.82780829907547 60.060001373291016 30.959999084472656 AB 5.436433046711409 1.214709651818045
61253.2268 lsst_hardware_r -36.893267059351196 77.22000122070312 31.610000610351562 AB 5.41704671665752 1.212093242586057
61256.2147 lsst_hardware_i -6.606108556212681 40.970001220703125 31.25 AB 1.9249769399238539 1.2125838991646323
61256.2268 lsst_hardware_z 17.029558841876643 47.58000183105469 30.940000534057617 AB 1.8459934752722171 1.212143458455081
61258.2117 lsst_hardware_i -86.83627657736007 31.329999923706055 31.219999313354492 AB 2.6942032908789058 1.212239950901645
61258.2234 lsst_hardware_u 0.0558959301235382 2.5799999237060547 28.25 AB 2.707558353672478 1.2123847995848447
61263.1925 lsst_hardware_z 79.06250169397437 43.40999984741211 30.93000030517578 AB 9.09622820310509 1.2132078695289765
61263.2038 lsst_hardware_u 4.6609289443865585 2.5999999046325684 28.31999969482422 AB 9.007583762348883 1.2119456109362985
61266.2318 lsst_hardware_g -5.228270974744659 13.479999542236328 31.350000381469727 AB 3.059640464539573 1.2265546059489167
61266.2435 lsst_hardware_r -13.327167531803223 23.0 31.459999084472656 AB 3.0603568051822383 1.237507806381819
61268.2376 lsst_hardware_i 35.31809887541976 31.780000686645508 31.229999542236328 AB 5.50978364916962 1.237041681448051
61268.2487 lsst_hardware_z 1.4842434849497186 43.810001373291016 30.93000030517578 AB 5.572753042571292 1.2502671024894927
61274.1583 lsst_hardware_z -28.238837336764394 71.87999725341797 31.700000762939453 AB 2.4347321349882693 1.2143807149033308
61276.2305 lsst_hardware_r 18.1862701865195 73.94000244140625 31.600000381469727 AB 3.2458882559581093 1.2552581073637548
61276.2418 lsst_hardware_i -15.298455439332544 62.7599983215332 31.290000915527344 AB 3.271766047441931 1.2728130898431942
61278.2325 lsst_hardware_z -77.02719116555404 70.79000091552734 30.959999084472656 AB 3.162846587014441 1.2664895569999097
61278.2432 lsst_hardware_r -41.57094754726056 99.63999938964844 31.600000381469727 AB 3.1775472080688663 1.2850689706399834
61281.1359 lsst_hardware_z -159.46402165314242 91.5 31.719999313354492 AB 6.32097009060987 1.2155711712711288
61286.1174 lsst_hardware_g -7.83061106006725 13.210000038146973 31.34000015258789 AB 0.6825494914425465 1.2177510998082899
61286.1284 lsst_hardware_r -18.368557676309422 22.559999465942383 31.459999084472656 AB 1.6989741481019882 1.2135529629299917
61296.1189 lsst_hardware_i -10.432612960403622 31.299999237060547 31.229999542236328 AB 3.3254024869380023 1.2123231815300304
61296.131 lsst_hardware_z -9.854980552337317 43.06999969482422 30.93000030517578 AB 4.423007380268526 1.2153901663206392
61297.0288 lsst_hardware_z 29.444428433457702 62.540000915527344 31.68000030517578 AB 1.8013972233280309 1.286712302377165
61297.0336 lsst_hardware_r -5.6067923764550365 32.540000915527344 32.209999084472656 AB 1.7890609531997168 1.2779006808569406
61299.1153 lsst_hardware_r 9.381047457009652 23.40999984741211 31.469999313354492 AB 4.367218475560548 1.2131162432112632
61299.1278 lsst_hardware_i -33.89954932713767 31.90999984741211 31.229999542236328 AB 3.8651253659568128 1.217586023455274
61303.1467 lsst_hardware_i 64.11651657714036 44.630001068115234 31.260000228881836 AB 8.728456282936698 1.242278570525075
61303.1584 lsst_hardware_z -59.26025360479066 50.209999084472656 30.940000534057617 AB 8.867719092654667 1.2576095150015483
61307.1446 lsst_hardware_y 20.74620003995139 54.61000061035156 29.979999542236328 AB 4.403146276302372 1.253535036313018
61307.1563 lsst_hardware_r -65.37927392438299 81.44000244140625 31.600000381469727 AB 4.46135073923143 1.2714023195301507
61309.1412 lsst_hardware_i -25.91455297019012 70.8499984741211 31.290000915527344 AB 3.6156092336740686 1.2564378201114568
61309.154 lsst_hardware_z -78.7269387611081 64.72000122070312 30.950000762939453 AB 3.666623478821315 1.2768276768965694
61311.1604 lsst_hardware_r 154.02913338474107 76.58000183105469 31.579999923706055 AB 5.610304689634078 1.2995339589161283
61311.1729 lsst_hardware_z -78.74570943102792 59.290000915527344 30.940000534057617 AB 5.9934009704639175 1.327687126556526
61313.0507 lsst_hardware_r -4.505750812234857 22.68000030517578 31.459999084472656 AB 4.510918104231387 1.2147894356098887
61313.0627 lsst_hardware_u 0.8545124356188426 2.630000114440918 28.360000610351562 AB 4.495034196145731 1.2121712926975274
61315.0545 lsst_hardware_g -2.374197440266673 13.319999694824219 31.34000015258789 AB 5.857565842298194 1.2124955169319382
61315.0669 lsst_hardware_i 5.87420839176744 31.540000915527344 31.219999313354492 AB 5.9222063386194055 1.2123247366672272
61317.0521 lsst_hardware_z 33.94696573981664 43.31999969482422 30.93000030517578 AB 2.8497555462597455 1.2121461277157572
61317.0648 lsst_hardware_r 12.910128391511126 22.709999084472656 31.450000762939453 AB 2.8113894184333996 1.2128513453120793
61321.0504 lsst_hardware_r -26.946724067697037 22.690000534057617 31.450000762939453 AB 6.295554479792236 1.212315517001149
61321.0623 lsst_hardware_i -6.50284290197984 31.56999969482422 31.219999313354492 AB 6.548960415381557 1.2152459482986744
61323.1403 lsst_hardware_r -35.03039048787401 23.450000762939453 31.450000762939453 AB 4.219063185884946 1.3281067713496326
61323.1518 lsst_hardware_g 25.03860932032433 13.619999885559082 31.31999969482422 AB 4.273150059773135 1.3581724464912626
61325.1418 lsst_hardware_r -14.48362989985526 23.309999465942383 31.43000030517578 AB 8.11461793760882 1.3458193776613019
61325.1534 lsst_hardware_i 18.633277066796516 32.95000076293945 31.200000762939453 AB 8.33458834453979 1.378719364429998
61326.1362 lsst_hardware_z 14.922268316066424 45.279998779296875 30.920000076293945 AB 7.890080781566935 1.3383414994530103
61326.1477 lsst_hardware_i 25.897101071709592 32.97999954223633 31.200000762939453 AB 8.006386496689936 1.3698814851396697
61328.0815 lsst_hardware_z -16.09596957182004 43.65999984741211 30.93000030517578 AB 7.394385447229912 1.2459997383486245
61328.0927 lsst_hardware_r -6.133630575231704 23.5 31.459999084472656 AB 7.820935539578848 1.2614412160611044
61330.0742 lsst_hardware_y 11.152200107640237 49.540000915527344 29.979999542236328 AB 8.148673147902185 1.2437557590285313
61330.0851 lsst_hardware_g -10.700881399626793 21.3799991607666 31.5 AB 8.658481493854158 1.2582563689964383
61332.0799 lsst_hardware_r -44.0248377715233 41.59000015258789 31.56999969482422 AB 4.770144438735795 1.2586409829774081
61332.091 lsst_hardware_i -3.0646658238000803 41.9900016784668 31.260000228881836 AB 5.375578053203118 1.2765056524011045
61340.0808 lsst_hardware_i -128.20102388061775 61.529998779296875 31.280000686645508 AB 3.771344551656819 1.2987096341115
61340.092 lsst_hardware_z 31.854182651252653 59.2400016784668 30.950000762939453 AB 5.61997828126455 1.3235935660067883
