data/validation/pwv_sim_epoch_fit_epoch/50583593.ecsv
# %ECSV 0.9
# ---
# datatype:
# - {name: time, datatype: float64}
# - {name: band, datatype: string}
# - {name: flux, datatype: float64}
# - {name: fluxerr, datatype: float64}
# - {name: zp, datatype: float64}
# - {name: zpsys, datatype: string}
# - {name: pwv, datatype: float64}
# - {name: airmass, datatype: float64}
# meta: {SNID: '50583593', alt: 1024.0, c: 0.10100412368774414, dec: -61.566963, lat: -30.244573, lon: -70.7499537, ra: 269.707794, t0: 61987.4296875,
#   x0: 5.325572035710139e-06, x1: -0.28753018379211426, z: 0.597956120967865}
# schema: astropy-2.0
time band flux fluxerr zp zpsys pwv airmass
61860.3981 lsst_hardware_g -26.525269135964617 14.109999656677246 31.360000610351562 AB 5.8918329774700275 1.1783665954940055
61860.4102 lsst_hardware_y -61.28174291206632 57.400001525878906 30.010000228881836 AB 5.864240611098315 1.172848122219663
61864.402 lsst_hardware_r -23.87181796936081 22.959999084472656 31.459999084472656 AB 9.589441835790621 1.1720645959410008
61864.4138 lsst_hardware_y -52.638125983992666 60.0099983215332 30.010000228881836 AB 9.655371610282355 1.1705845557020615
61866.3955 lsst_hardware_r -29.58010453816322 22.770000457763672 31.469999313354492 AB 22.591784032341586 1.1723456234593272
61866.4092 lsst_hardware_y 31.662589555288395 51.83000183105469 30.010000228881836 AB 22.79527326175612 1.170599196933701
61872.3997 lsst_hardware_z -14.85226870413104 64.33999633789062 30.969999313354492 AB 7.273236021236573 1.1713078381893185
61872.4117 lsst_hardware_y 128.62695759294076 58.310001373291016 30.020000457763672 AB 7.376612645445831 1.1750876376656043
61876.3605 lsst_hardware_z 34.303765515469394 72.83000183105469 31.709999084472656 AB 20.269836587722047 1.1751822119763742
61878.4011 lsst_hardware_g -19.24221219996485 27.049999237060547 31.579999923706055 AB 15.209411967223538 1.1780728972514836
61878.4119 lsst_hardware_r -3.1283483579657014 33.0 31.549999237060547 AB 15.323341199197584 1.1857112096361297
61880.3851 lsst_hardware_i 63.043642984212205 31.899999618530273 31.239999771118164 AB 5.514045383356603 1.1732011453950217
61880.3966 lsst_hardware_z -66.58470132449457 43.150001525878906 30.940000534057617 AB 5.539622919879599 1.1786431744424677
61885.3817 lsst_hardware_g 3.6139328933652504 13.390000343322754 31.350000381469727 AB 17.165042637829853 1.1779065114311102
61885.3927 lsst_hardware_r -3.5702294074569467 22.6200008392334 31.459999084472656 AB 17.377988415268472 1.1856375528511338
61888.3573 lsst_hardware_r 6.797404891663325 22.610000610351562 31.459999084472656 AB 4.295720329322544 1.1715600898152392
61888.3706 lsst_hardware_i 30.816503029313502 31.229999542236328 31.219999313354492 AB 4.346924952304859 1.1763282389423217
61891.3283 lsst_hardware_r 27.24227704017385 22.700000762939453 31.479999542236328 AB 11.571264980634144 1.1720703956074088
61891.3407 lsst_hardware_g -20.511752128119536 13.550000190734863 31.3799991607666 AB 10.41833530056022 1.1705994719730584
61899.3294 lsst_hardware_z 13.720594519879848 95.83999633789062 31.719999313354492 AB 9.72223499115137 1.1720596734359623
61903.3032 lsst_hardware_y -71.46679220457389 54.0 30.010000228881836 AB 8.094636976051193 1.1707603378726055
61903.316 lsst_hardware_r 46.014608472731325 75.12999725341797 31.6200008392334 AB 8.121969575430398 1.171494241371758
61908.311 lsst_hardware_i -7.324743974007477 33.630001068115234 31.239999771118164 AB 9.319219062112175 1.174074842470787
61908.3229 lsst_hardware_z 1.2639948361221556 43.75 30.940000534057617 AB 9.34183837700847 1.1803944458681477
61910.3054 lsst_hardware_r -11.033179651051988 23.200000762939453 31.459999084472656 AB 8.396009919019976 1.1740208234664788
61910.3162 lsst_hardware_g 23.501174731620747 14.390000343322754 31.3799991607666 AB 8.463231915697838 1.1795856184115667
61926.2844 lsst_hardware_r 84.92829752757716 65.18000030517578 31.600000381469727 AB 7.364385001374126 1.1888266790853625
61926.2968 lsst_hardware_z 105.34620911391981 55.7599983215332 30.950000762939453 AB 7.638687982277061 1.2020438226959456
61928.2874 lsst_hardware_y -27.0872175395478 59.90999984741211 30.010000228881836 AB 4.615334168364388 1.1974403273452532
61928.3001 lsst_hardware_r 71.08762332278526 111.25 31.6200008392334 AB 3.995400639214983 1.2136696959947164
61944.1898 lsst_hardware_u 1.0187805311903864 2.609999895095825 28.329999923706055 AB 3.60589616149157 1.1709355939248483
61944.2013 lsst_hardware_g 0.36282432927763436 13.8100004196167 31.3700008392334 AB 3.6181536669386043 1.1710498436525854
61947.1808 lsst_hardware_r 17.650758617367067 23.139999389648438 31.469999313354492 AB 7.1479397306668755 1.1710415002389518
61947.1932 lsst_hardware_i -28.538037252416075 31.549999237060547 31.229999542236328 AB 7.1595006983775455 1.171064941667992
61958.1347 lsst_hardware_r 48.40111145071079 121.25569620528057 31.6200008392334 AB 2.117073192769933 1.1761517737610738
61958.1472 lsst_hardware_i 147.6280342540326 92.2394477615068 31.309999465942383 AB 2.1090235555635433 1.1716797530908574
61960.1337 lsst_hardware_z -115.51173288233876 98.28945878335597 31.719999313354492 AB 3.7109078798466393 1.1741521530918015
61962.1315 lsst_hardware_g -9.149608282556859 65.74935958029047 31.68000030517578 AB 8.756852912437122 1.172976078285077
61962.144 lsst_hardware_r 51.909191408492404 63.278737964200175 31.6200008392334 AB 8.739687819717794 1.1706768226800504
61964.1243 lsst_hardware_i 160.21112593671063 39.897558014797774 31.260000228881836 AB 8.13953102266461 1.1735758671598289
61964.1362 lsst_hardware_z 53.64463640891124 47.92039824312825 30.950000762939453 AB 7.632817901383331 1.1708422045098361
61965.1332 lsst_hardware_i 155.91090384632858 34.00611965135943 31.229999542236328 AB 8.798695068771856 1.170869641869916
61965.1469 lsst_hardware_u -1.4410494483440046 3.0721609123285005 28.360000610351562 AB 8.793017764264171 1.1715692526555566
61974.1096 lsst_hardware_u 4.418420413589411 3.296620411773543 28.309999465942383 AB 7.540741958122783 1.1707863149668567
61974.1221 lsst_hardware_g 188.07243287907392 19.84058868183173 31.3700008392334 AB 7.545527215792546 1.171529280874517
61976.1113 lsst_hardware_r 1144.9029193679246 40.782858785140256 31.459999084472656 AB 6.227018914254443 1.1707857071172807
61976.1238 lsst_hardware_i 1108.0085084217583 45.266544517296886 31.229999542236328 AB 6.241644648931077 1.173535594559616
61978.111 lsst_hardware_z 858.3467873980068 52.59572166629908 30.940000534057617 AB 3.5437793737045107 1.1714973136213258
61978.1235 lsst_hardware_u 0.8939805334598525 2.9483005344680766 28.309999465942383 AB 3.556491810897933 1.1756997721976639
61981.107 lsst_hardware_i 1574.6229695350257 54.50871766898531 31.260000228881836 AB 6.097079994567634 1.172515383570699
61981.119 lsst_hardware_z 1153.729901090164 56.932751544219684 30.940000534057617 AB 6.123623220458459 1.1776198500881652
61990.0494 lsst_hardware_r 1863.8972228853227 86.90307492944073 31.6200008392334 AB 3.804466687339937 1.1751853441124187
61990.0615 lsst_hardware_g 255.67715882349708 84.69745974768149 31.68000030517578 AB 3.913153842240769 1.171369140562992
61992.0521 lsst_hardware_r 1428.8007738389274 44.52264661480834 31.469999313354492 AB 3.8373618006415278 1.1722504355098602
61992.0636 lsst_hardware_i 1557.446579251793 56.739315992986185 31.270000457763672 AB 3.76073019869318 1.1706553147685312
61994.05 lsst_hardware_z 1280.1906522321406 55.36968340904718 30.93000030517578 AB 3.8658788978864895 1.171478453904997
61994.061 lsst_hardware_i 1526.6822759414324 49.088481360197825 31.229999542236328 AB 3.863374045822352 1.1707194078249552
61995.0439 lsst_hardware_u -0.797991802600271 2.6910878781199012 28.399999618530273 AB 3.025587204054519 1.1722538566658345
61995.0544 lsst_hardware_g 165.29265180801448 18.270168508987098 31.3799991607666 AB 2.944255201648431 1.1706780125838692
61997.0518 lsst_hardware_r 1164.207244682542 41.11615043408248 31.469999313354492 AB 4.331506240104712 1.1706773621904627
61997.0628 lsst_hardware_i 1310.8521284484957 47.67847342297778 31.229999542236328 AB 4.337803907041483 1.1723794343355358
62011.0114 lsst_hardware_g 36.661496214875015 47.24118981302335 31.65999984741211 AB 6.024253969509863 1.1706673084939494
62011.0222 lsst_hardware_r 536.9107254758643 54.87190027375669 31.600000381469727 AB 5.782193115155388 1.171789059713322
62013.0106 lsst_hardware_i 671.9439478949963 63.85411875391808 31.299999237060547 AB 3.32223517272673 1.1708317789345304
62013.0308 lsst_hardware_z 2071.7780218381326 106.96377557204177 32.150001525878906 AB 3.1067819325292074 1.1771829235980578
62228.4031 lsst_hardware_i 11.87549233437379 61.189998626708984 31.299999237060547 AB 12.289655177101421 1.1727236461788308
62228.4151 lsst_hardware_y 87.22430334928997 71.52999877929688 30.020000457763672 AB 12.29727406934197 1.1706115249254756
62230.396 lsst_hardware_i 27.364246413942094 46.470001220703125 31.280000686645508 AB 9.67062829663722 1.1732639729011065
62230.4065 lsst_hardware_y 32.41691105713751 51.970001220703125 30.0 AB 9.617089574852374 1.1708524821004258
62232.4004 lsst_hardware_g 3.7720456857175377 40.77000045776367 32.34000015258789 AB 22.694363567678653 1.1709291627417033
62232.4129 lsst_hardware_y -145.82791484877842 81.70999908447266 30.760000228881836 AB 22.69768152706481 1.1711003548262249
62234.3966 lsst_hardware_i 3.7687066658393897 31.90999984741211 31.239999771118164 AB 9.919384400170014 1.1707511684833598
62234.4092 lsst_hardware_y -136.35831295378648 50.09000015258789 30.010000228881836 AB 9.840590882128472 1.1714059458132458
62236.4036 lsst_hardware_g 26.35436922823137 14.8100004196167 31.40999984741211 AB 5.152410826618197 1.171379609332898
62236.4139 lsst_hardware_z 72.71180471461538 49.880001068115234 30.950000762939453 AB 5.136608118531641 1.1745292953959543
62238.4021 lsst_hardware_i -0.4909753503976836 31.579999923706055 31.229999542236328 AB 7.311392395134601 1.1723080763433842
62238.415 lsst_hardware_y -13.421556993046623 54.869998931884766 30.0 AB 7.305817148374853 1.1777877072988638
62242.3782 lsst_hardware_z 9.245214041040084 42.970001220703125 30.940000534057617 AB 18.813151184028577 1.1705787317657521
62242.3895 lsst_hardware_r 14.785532040913083 22.860000610351562 31.479999542236328 AB 18.888615992553664 1.171871532988543
62246.3823 lsst_hardware_r -6.9552959534481165 22.729999542236328 31.469999313354492 AB 5.512745894863445 1.172924658481584
62246.3932 lsst_hardware_z -1.6941956880950788 42.84000015258789 30.940000534057617 AB 5.535711207958318 1.1778108953102804
62250.3739 lsst_hardware_g 16.24538537283345 23.149999618530273 32.54999923706055 AB 10.895362967482662 1.173816307636572
62250.3851 lsst_hardware_r -28.89963800853042 39.20000076293945 32.650001525878906 AB 11.65520753945313 1.1795176972864516
62252.3268 lsst_hardware_z 10.595736409626008 52.75 30.950000762939453 AB 4.410828469887425 1.1773983236269403
62252.3389 lsst_hardware_r 44.86236068585458 52.84000015258789 31.600000381469727 AB 3.6811494624002616 1.1723405931211026
62254.3886 lsst_hardware_r -72.6828698852702 92.45999908447266 31.6200008392334 AB 5.960615889678633 1.1911305691281444
62254.4002 lsst_hardware_z 57.685992027640886 66.62999725341797 30.969999313354492 AB 6.040255127511322 1.204077569522839
62257.3213 lsst_hardware_i 3.2989022409602025 64.73999786376953 31.309999465942383 AB 11.548504287118158 1.1736284844632274
62257.3332 lsst_hardware_z -174.8727318565164 62.130001068115234 30.969999313354492 AB 11.48804709486404 1.170816051249902
62259.3226 lsst_hardware_z 54.059754368591186 52.709999084472656 30.950000762939453 AB 14.623647846441147 1.1716414789905891
62259.3354 lsst_hardware_r -46.7454290735671 57.29999923706055 31.600000381469727 AB 13.39908695853263 1.170686030189387
62261.3234 lsst_hardware_i 13.56381986727184 37.290000915527344 31.260000228881836 AB 9.755877603146667 1.1707170195477956
62261.3356 lsst_hardware_r 39.15895620137841 35.0 31.559999465942383 AB 7.820787233415772 1.1714341484240063
62264.3283 lsst_hardware_u 0.02675648340460682 2.809999942779541 28.420000076293945 AB 11.348589562854258 1.1716184862928645
62264.3401 lsst_hardware_g 6.027244492483119 15.069999694824219 31.40999984741211 AB 12.266380470319701 1.175728982106748
62266.2915 lsst_hardware_g -14.707513612409015 13.619999885559082 31.3799991607666 AB 8.348747621123424 1.175879946637102
62266.3036 lsst_hardware_r 17.78296481380666 22.860000610351562 31.479999542236328 AB 7.967025014167354 1.1716213256128463
62272.3004 lsst_hardware_g -4.845100352892992 13.529999732971191 31.360000610351562 AB 4.389645158707584 1.170728139407325
62272.3127 lsst_hardware_r 7.3148697041729696 22.799999237060547 31.469999313354492 AB 4.370634099056946 1.1734033422530223
62277.303 lsst_hardware_i -31.55969401754304 31.420000076293945 31.229999542236328 AB 7.797811693115609 1.1749885772795863
62277.315 lsst_hardware_r -47.69588128716695 22.899999618530273 31.459999084472656 AB 7.808146521492545 1.1819779778220625
62280.2872 lsst_hardware_z 2.487615107713968 48.84000015258789 30.950000762939453 AB 7.967634499490998 1.1722568597372705
62280.2996 lsst_hardware_r -15.580688872604476 41.38999938964844 31.579999923706055 AB 8.44675170476667 1.1773843705099318
62283.2742 lsst_hardware_i -53.514641818547986 86.93000030517578 31.309999465942383 AB 4.0992110135009385 1.1712031467145538
62283.2881 lsst_hardware_z 22.336541106554428 75.41999816894531 30.969999313354492 AB 4.114863886498881 1.1756753961425375
62285.2749 lsst_hardware_z 137.12528871074198 103.11000061035156 31.729999542236328 AB 9.75975870767368 1.1726485821343307
62285.2889 lsst_hardware_r -35.36741948197827 154.27000427246094 32.380001068115234 AB 9.849598756853252 1.1791219581228953
62288.2827 lsst_hardware_i -35.253458657027714 50.08000183105469 31.290000915527344 AB 7.18524093300608 1.1804078471637067
62288.2947 lsst_hardware_r 22.65806548562255 56.439998626708984 31.600000381469727 AB 8.198236606960265 1.190104994719832
62291.2804 lsst_hardware_z -5.381291155417759 44.380001068115234 30.940000534057617 AB 13.565956080098433 1.1847479219334192
62291.2932 lsst_hardware_g -18.41586759403458 25.489999771118164 31.549999237060547 AB 14.413052633216385 1.19699797634884
62302.2241 lsst_hardware_r -4.7033244605331745 23.110000610351562 31.479999542236328 AB 13.589904812636439 1.1715435183307275
62302.2363 lsst_hardware_g -2.9898051218770934 13.869999885559082 31.3799991607666 AB 13.63837489206891 1.1757219734542164
62304.2273 lsst_hardware_r -1.5743748382440437 23.1299991607666 31.479999542236328 AB 5.9853060228003905 1.1741649873076399
62304.2388 lsst_hardware_i 19.954133775054252 31.489999771118164 31.229999542236328 AB 6.0764413775413635 1.1802734951521532
62310.213 lsst_hardware_r 157.771348700573 74.0199966430664 31.6200008392334 AB 3.720504813210483 1.1750508687598222
62310.2259 lsst_hardware_i -143.47088821784646 61.599998474121094 31.299999237060547 AB 3.657087086932512 1.1827259141138342
62312.19 lsst_hardware_i 33.828133941883465 89.95999908447266 31.31999969482422 AB 4.447390487633158 1.170673989900805
62312.2023 lsst_hardware_z 82.56278953852673 79.44999694824219 30.979999542236328 AB 4.4334243887268645 1.1730187561124128
62315.1902 lsst_hardware_r 3.8247958570649883 88.4000015258789 31.6200008392334 AB 6.872945466420915 1.1719076629730023
62315.2033 lsst_hardware_i -27.841386630819215 71.08999633789062 31.309999465942383 AB 6.864360710672996 1.1769997646363641
62323.1291 lsst_hardware_g -21.644755263779196 13.770000457763672 31.3700008392334 AB 5.742274208000275 1.1797577471579799
62323.1417 lsst_hardware_i 31.311400312522796 31.459999084472656 31.229999542236328 AB 5.634932276444134 1.1734552845572956
62327.1267 lsst_hardware_u -3.484897271136297 2.569999933242798 28.290000915527344 AB 10.635066612890908 1.1751022002383973
62327.138 lsst_hardware_g 4.934089309484595 13.6899995803833 31.360000610351562 AB 10.559016541214211 1.1714668598451445
62328.125 lsst_hardware_r -11.678933170956215 22.940000534057617 31.469999313354492 AB 8.809889690950182 1.1746519587933577
62328.1369 lsst_hardware_i 41.71698610398136 31.389999389648438 31.229999542236328 AB 8.772921083783709 1.1711802799639892
62330.1288 lsst_hardware_z -5.91895793869307 43.0 30.940000534057617 AB 7.627226538098402 1.1716769734392454
62330.1414 lsst_hardware_r -6.47719382810636 22.989999771118164 31.469999313354492 AB 7.642064812378112 1.1707192175424774
62334.1286 lsst_hardware_i -40.63943232941903 32.0099983215332 31.229999542236328 AB 1.8730235067108376 1.1706396916942734
62334.1407 lsst_hardware_z 23.131758769164126 43.130001068115234 30.93000030517578 AB 1.8760921376219615 1.1725575860137258
62345.1162 lsst_hardware_y 98.28128502577655 72.86000061035156 30.75 AB 4.463250497104081 1.174539604501074
62347.1074 lsst_hardware_r 11.214605809268162 35.7400016784668 31.559999465942383 AB 6.1009879858749425 1.173266920360566
62347.1194 lsst_hardware_i -24.46852613842164 40.22999954223633 31.270000457763672 AB 6.13094111858772 1.1790271381899462
62348.0468 lsst_hardware_r -3.9892662986596266 22.729999542236328 31.459999084472656 AB 4.22280966292741 1.1911175976101573
62348.0593 lsst_hardware_i -13.061538063905846 31.270000457763672 31.219999313354492 AB 4.186205961641515 1.1807928810779253
62351.0498 lsst_hardware_z -14.038546664509616 43.09000015258789 30.93000030517578 AB 1.865712831927329 1.181703472138074
62351.0618 lsst_hardware_r -6.4229581306073 22.75 31.459999084472656 AB 1.8608460797973407 1.1748383731029668
62352.0887 lsst_hardware_g 12.869906149939387 13.390000343322754 31.350000381469727 AB 2.0146532116786817 1.1718209752384363
62352.1004 lsst_hardware_i -3.2356629557991363 31.15999984741211 31.219999313354492 AB 2.059865572068321 1.1760579914749192
62354.0488 lsst_hardware_r 31.579835902629924 22.610000610351562 31.459999084472656 AB 2.0232050818564917 1.1771945782718145
62354.0604 lsst_hardware_z -15.89943464822324 42.779998779296875 30.93000030517578 AB 2.033344343504722 1.1724068865105066
62356.0516 lsst_hardware_r -20.610407629708707 22.639999389648438 31.469999313354492 AB 3.822395872020772 1.1734739680784194
62356.0621 lsst_hardware_u -0.3534015511067149 2.5999999046325684 28.34000015258789 AB 3.868095759603976 1.1709674347943417
62358.0489 lsst_hardware_g -0.4802744008642036 13.470000267028809 31.3700008392334 AB 3.944545431824762 1.1725759309823907
62358.0607 lsst_hardware_r -28.91275253826184 22.760000228881836 31.469999313354492 AB 3.8444557848282574 1.1706625410561076
62362.0908 lsst_hardware_u -0.4553828981045296 2.5899999141693115 28.299999237060547 AB 4.369977081137417 1.1884356934538018
62362.1028 lsst_hardware_r -53.75585841104457 22.989999771118164 31.459999084472656 AB 4.29018511058768 1.2010316418302147
62364.0276 lsst_hardware_z -62.13066512789946 44.29999923706055 30.940000534057617 AB 6.833248828669629 1.1742995065594826
62364.0386 lsst_hardware_g 3.990282388951296 25.0 31.579999923706055 AB 6.795413419408789 1.1712023128604019
62366.0508 lsst_hardware_z -2.5253236850277614 51.02000045776367 30.959999084472656 AB 3.3943257153770108 1.1719051869989967
62366.0624 lsst_hardware_r 60.35781205776874 52.16999816894531 31.610000610351562 AB 3.3974916151401544 1.1761791934247428
62369.0259 lsst_hardware_z 24.63561438805988 61.29999923706055 30.969999313354492 AB 3.1458681525632444 1.1710639605023303
62369.0358 lsst_hardware_r 64.45500523718049 79.86000061035156 31.6200008392334 AB 3.06400645816348 1.1708087344912037
62371.0305 lsst_hardware_i -43.46114408549546 72.30999755859375 31.309999465942383 AB 1.53865769475828 1.1708238641153683
62371.0405 lsst_hardware_z -44.543824464308656 64.87999725341797 30.969999313354492 AB 1.5389497949026036 1.1728310389198047
62380.0136 lsst_hardware_r 46.924872315278805 22.6299991607666 31.450000762939453 AB 2.100133137241469 1.172167332413843
62380.0246 lsst_hardware_u 0.29488863471295107 2.5 28.25 AB 2.0567426188679154 1.1764018792380833
62382.012 lsst_hardware_g -28.441992146618748 13.529999732971191 31.360000610351562 AB 1.9790380924356472 1.173342742550779
62382.0238 lsst_hardware_r -19.512106592290205 22.780000686645508 31.459999084472656 AB 2.0672271053624574 1.1790268661763064
62385.0154 lsst_hardware_i -7.955646899663362 31.350000381469727 31.229999542236328 AB 1.0236785348468413 1.1789004240078786
62385.0268 lsst_hardware_z -62.246880308842734 43.02000045776367 30.93000030517578 AB 1.032031618633357 1.1873805775263935
62387.0175 lsst_hardware_r -11.17335285443838 22.75 31.459999084472656 AB 2.8420500616359448 1.1841875256816436
62387.0293 lsst_hardware_u -0.41821597508366076 2.5799999237060547 28.309999465942383 AB 2.8682907094534498 1.1951211289389374
