data/validation/pwv_sim_epoch_fit_epoch/50596098.ecsv
# %ECSV 0.9
# ---
# datatype:
# - {name: time, datatype: float64}
# - {name: band, datatype: string}
# - {name: flux, datatype: float64}
# - {name: fluxerr, datatype: float64}
# - {name: zp, datatype: float64}
# - {name: zpsys, datatype: string}
# - {name: pwv, datatype: float64}
# - {name: airmass, datatype: float64}
# meta: {SNID: '50596098', alt: 1024.0, c: -0.08777439594268799, dec: -24.95302, lat: -30.244573, lon: -70.7499537, ra: 180.527344, t0: 61102.94921875,
#   x0: 2.3084297141137733e-05, x1: 1.0137064456939697, z: 0.32233744859695435}
# schema: astropy-2.0
time band flux fluxerr zp zpsys pwv airmass
61042.2507 lsst_hardware_r 96.63755344324892 79.81999969482422 31.510000228881836 AB 7.942044017102035 1.6364101683589356
61042.2717 lsst_hardware_z -36.644777143029025 60.18000030517578 30.93000030517578 AB 7.034065621197433 1.4357189320718673
61043.2468 lsst_hardware_r -51.318996634929825 87.4000015258789 31.510000228881836 AB 5.7587943751293595 1.6498479802691188
61043.2693 lsst_hardware_i 102.5983474518062 66.76000213623047 31.260000228881836 AB 6.26043955636445 1.4330867703707102
61045.2475 lsst_hardware_z -27.975235799347228 66.08000183105469 30.920000076293945 AB 18.65900643741968 1.5820761774987009
61045.2699 lsst_hardware_i -77.19212792439262 67.0199966430664 31.270000457763672 AB 14.50363913471488 1.387155845447274
61048.263 lsst_hardware_z -169.77260607708052 88.23999786376953 31.690000534057617 AB 12.263598990018188 1.3779324707885605
61060.2941 lsst_hardware_r 27.781474320679894 23.229999542236328 31.489999771118164 AB 11.913064181589917 1.0911897578740406
61060.3126 lsst_hardware_u 1.8562414259328788 2.690000057220459 28.43000030517578 AB 11.351038066231151 1.0508274454944664
61062.2953 lsst_hardware_g -1.4116454617117649 14.420000076293945 31.43000030517578 AB 10.045364054386093 1.0750028417128936
61062.3134 lsst_hardware_i -0.056982080208070114 30.75 31.25 AB 9.747790082366802 1.0402636019814142
61064.2978 lsst_hardware_z -14.097377276002742 41.5 30.940000534057617 AB 8.20868837915365 1.0581274698403158
61064.3166 lsst_hardware_r -4.40286492857192 23.030000686645508 31.5 AB 8.14860426956134 1.0280204717796428
61066.2071 lsst_hardware_r 0.9914486656906019 24.149999618530273 31.420000076293945 AB 19.961503512931063 1.4283893794509939
61066.2245 lsst_hardware_i 66.6741762444378 32.5 31.209999084472656 AB 18.40349345234515 1.3085532887048599
61068.2095 lsst_hardware_z 84.18130185096018 48.16999816894531 30.920000076293945 AB 13.829833457330505 1.3701948603696008
61068.2277 lsst_hardware_g -13.322788432375503 14.180000305175781 31.360000610351562 AB 12.645919743402777 1.2599302324801012
61073.1977 lsst_hardware_i -70.7786504677539 79.80999755859375 31.280000686645508 AB 11.844029373703634 1.3575078080234926
61073.2159 lsst_hardware_z 64.78516478989019 69.06999969482422 30.959999084472656 AB 12.930994154357847 1.2503479356042604
61075.1958 lsst_hardware_i -51.631032844763844 84.6500015258789 31.280000686645508 AB 12.081380793294862 1.3341115637351806
61075.2145 lsst_hardware_z -101.11401668120816 73.43000030517578 30.959999084472656 AB 9.31426126381136 1.2302550870177404
61079.2009 lsst_hardware_i 54.310838395118175 50.52381472199799 31.270000457763672 AB 11.207344876945118 1.2433724577802359
61079.2189 lsst_hardware_r 105.62637483561059 53.52982607380286 31.600000381469727 AB 8.22921559192752 1.164786354129879
61081.1992 lsst_hardware_u -2.7866266436184555 3.906658332483069 28.510000228881836 AB 3.9836552014356785 1.225111799518917
61081.2187 lsst_hardware_g 139.46949011630736 26.434788628481822 31.559999465942383 AB 4.973180838607722 1.145674218915198
61083.2132 lsst_hardware_i 530.8580035806688 39.04442011678258 31.229999542236328 AB 6.729735786149677 1.1458119953716814
61083.2334 lsst_hardware_z 460.9871109951603 46.603625466892886 30.950000762939453 AB 6.360589228450391 1.0858880458301992
61087.219 lsst_hardware_g 1852.2063391865775 44.99291481231594 31.420000076293945 AB 4.33021799617541 1.0948026031667486
61087.2379 lsst_hardware_i 1627.9827813966215 50.87532725249046 31.25 AB 4.1562840475178975 1.0526235399563821
61089.2125 lsst_hardware_z 1513.1192672231123 56.95787949821651 30.940000534057617 AB 5.817138939996768 1.0975733849050506
61089.2325 lsst_hardware_r 3232.1112145595275 61.8123246970071 31.489999771118164 AB 5.576909738944052 1.0525119034242703
61091.212 lsst_hardware_u 47.28834732718812 7.9700175499523 28.459999084472656 AB 3.579820210443555 1.0847940031647136
61091.2321 lsst_hardware_g 3457.170523670582 60.78087905708019 31.440000534057617 AB 3.444147718909943 1.0436811269424071
61093.2142 lsst_hardware_r 5060.894338193861 74.88832522400163 31.489999771118164 AB 8.644177729891224 1.06718243578904
61093.2351 lsst_hardware_i 3622.866713226669 66.1258936460843 31.25 AB 8.351433641493331 1.0310411903078187
61095.213 lsst_hardware_z 2607.1171621910325 64.42261286675904 30.940000534057617 AB 8.827972522450324 1.058446438756688
61095.2326 lsst_hardware_r 5856.048130270266 79.60872185873195 31.489999771118164 AB 8.645113809102096 1.027223598990268
61098.2141 lsst_hardware_z 2883.4992036759845 69.09520227301537 30.959999084472656 AB 6.094766545118255 1.0418701179722936
61098.2374 lsst_hardware_r 7284.029263998513 92.02200786092428 31.600000381469727 AB 5.901675228447338 1.0140190252340038
61102.1016 lsst_hardware_z 5915.8160387287835 143.95286640902705 31.68000030517578 AB 8.718871941288326 1.4886242003224048
61104.0975 lsst_hardware_r 7305.558485349666 163.50530802173157 31.549999237060547 AB 15.212092222554059 1.47671099752984
61104.1195 lsst_hardware_i 5271.621743619158 130.12704236342043 31.280000686645508 AB 13.614860153730422 1.3161236212280487
61106.1099 lsst_hardware_z 6225.53876046426 124.7925221751703 31.700000762939453 AB 9.720158679901582 1.342254363162493
61112.1019 lsst_hardware_i 4462.3554960679385 73.19118209595806 31.209999084472656 AB 16.719981692444225 1.2910185848540054
61112.1216 lsst_hardware_u 29.071771623493678 5.832445274612649 28.260000228881836 AB 15.471292258982233 1.1936343987179132
61115.0981 lsst_hardware_g 5251.01152616833 75.21532245711842 32.11000061035156 AB 9.384670265347866 1.2667008962845678
61115.1197 lsst_hardware_r 10009.007961624888 104.6319143782567 32.22999954223633 AB 8.337632841632155 1.1682538252211598
61117.0831 lsst_hardware_i 3751.265312892162 68.95550436494375 31.209999084472656 AB 9.18117165727209 1.3216974961882797
61117.0987 lsst_hardware_r 4567.31063735662 70.91026609499943 31.469999313354492 AB 9.920601144196198 1.235711536660656
61119.0795 lsst_hardware_u 17.225981751899607 4.851694810659939 28.209999084472656 AB 4.968760782007699 1.3103272104450683
61119.0965 lsst_hardware_g 1956.0116986690352 46.86286245988699 31.3799991607666 AB 6.189109721131903 1.2201901958956878
61121.0788 lsst_hardware_r 3590.1916093737877 63.973901770784366 31.459999084472656 AB 5.014836667634506 1.2826762727345398
61121.0966 lsst_hardware_i 3209.9064884151767 64.71907130166956 31.229999542236328 AB 6.3031931248921085 1.1954469196280393
61125.0668 lsst_hardware_z 1638.7984654229535 60.94907211113801 30.920000076293945 AB 9.02553554172043 1.2887638655938594
61125.0844 lsst_hardware_g 1396.9834225772534 46.94760133314974 31.56999969482422 AB 9.734096966348016 1.2009496174964653
61127.0742 lsst_hardware_r 2678.0509556494612 72.05432290461965 31.579999923706055 AB 8.714110926789283 1.2223183065046337
61127.0925 lsst_hardware_z 1705.4875865385702 63.17225420680039 30.950000762939453 AB 9.297885910362648 1.147792680894088
61129.0707 lsst_hardware_r 2393.1193941087463 94.67867835129424 31.600000381469727 AB 6.051880151946652 1.213287921400692
61129.0886 lsst_hardware_y 470.3174093024675 57.500646382550336 30.020000457763672 AB 6.749501819407144 1.142369842494902
61134.068 lsst_hardware_i 2534.569377045466 100.62716040622684 31.309999465942383 AB 5.670511780476636 1.1675727756643726
61134.0852 lsst_hardware_z 1586.4586746138295 85.10060019655455 30.979999542236328 AB 6.659788455384665 1.1099647425641108
61138.0639 lsst_hardware_g 404.51460310863564 25.121394370130485 31.399999618530273 AB 8.631973715154153 1.1428032279550953
61138.0825 lsst_hardware_i 2114.872531009233 55.62648198057208 31.25 AB 8.160764707851472 1.0877152178582912
61140.063 lsst_hardware_z 1525.6377998273172 57.896599576505864 30.950000762939453 AB 6.404962288084655 1.127683839620521
61140.0808 lsst_hardware_r 1226.9095445935336 41.86284607183061 31.5 AB 6.1351326619676545 1.0785624158515632
61147.0598 lsst_hardware_u -1.0126461111262417 3.014942972216032 28.510000228881836 AB 15.83475350306473 1.0830761279327419
61147.0782 lsst_hardware_g 233.88387725794973 21.910913855182265 31.459999084472656 AB 15.277031422736231 1.0453457625666285
61150.9664 lsst_hardware_y 372.27302914969005 73.36779493193967 29.90999984741211 AB 10.850559813960944 1.5012534908399588
61150.9854 lsst_hardware_r 644.1298752482875 36.461614117987324 31.450000762939453 AB 9.764986483378854 1.3530221670617075
61152.965 lsst_hardware_y 25.73682422922891 87.12420668418372 29.920000076293945 AB 9.52968571763618 1.4656545243980592
61153.0185 lsst_hardware_z 1998.984058043457 75.72866648989718 31.690000534057617 AB 7.084832167463744 1.1586304615765615
61153.0732 lsst_hardware_r 696.9746755311827 37.055783299647 31.530000686645508 AB 5.233128929167234 1.0285237675250902
61154.9642 lsst_hardware_y 253.1171218814146 77.68782173953441 29.940000534057617 AB 19.44928918910861 1.427593006552875
61154.9815 lsst_hardware_z 778.8573344932485 57.03103111693048 30.93000030517578 AB 17.899947242183718 1.3085474161363904
61158.9636 lsst_hardware_y 184.05446683411648 83.26340644351806 29.969999313354492 AB 14.572815515457718 1.3527270252212855
61158.9828 lsst_hardware_r 643.2225608749739 115.987834991307 31.610000610351562 AB 12.99228515131585 1.2417262423902307
61160.9701 lsst_hardware_z 1292.3152482351136 142.22699138653388 31.719999313354492 AB 14.548597234669952 1.2797851191651963
61165.9609 lsst_hardware_y 196.19335174417307 67.03819458445082 30.0 AB 8.44139036753778 1.2558789507606607
61165.9792 lsst_hardware_r 571.2261208517926 33.034203736775396 31.479999542236328 AB 7.816287612058036 1.1730883403956864
61167.9614 lsst_hardware_y 290.2251678914713 64.32269807289263 29.989999771118164 AB 12.051447681747986 1.2263192132570366
61167.9818 lsst_hardware_g 138.3643599957947 18.709303381906167 31.3700008392334 AB 11.223721656775021 1.1434400485724494
61169.9599 lsst_hardware_y 66.58805160005284 64.37999725341797 30.010000228881836 AB 9.398142770130239 1.208116906711975
61169.9787 lsst_hardware_z -0.08157064902870173 42.72999954223633 30.940000534057617 AB 8.812419860420501 1.1354504082831836
61171.9586 lsst_hardware_y 82.00635929118026 66.43000030517578 30.020000457763672 AB 13.91644677775367 1.1901519522580961
61171.9778 lsst_hardware_u 2.8306426229821358 2.6700000762939453 28.34000015258789 AB 12.999298879372374 1.1208546730123048
61177.9583 lsst_hardware_y -24.80779796346823 59.470001220703125 30.030000686645508 AB 8.769509172628304 1.1307106563038138
61177.9783 lsst_hardware_u 1.163902569278413 2.6700000762939453 28.3799991607666 AB 7.96955520008898 1.0756344888209173
61181.9582 lsst_hardware_y 46.01744045838303 56.540000915527344 30.040000915527344 AB 6.374637382420675 1.0985703209594453
61181.9776 lsst_hardware_i 23.07807034075515 32.209999084472656 31.260000228881836 AB 5.769211186826999 1.0543149098733549
61184.9585 lsst_hardware_y -35.982699104002286 59.11000061035156 30.049999237060547 AB 5.108717198086061 1.0772202842564178
61184.9774 lsst_hardware_r -26.482896178454613 58.369998931884766 31.639999389648438 AB 4.938548252523419 1.0405158288172112
61188.9598 lsst_hardware_z 123.40091075160768 101.88999938964844 31.739999771118164 AB 9.320169073817922 1.0518784576285676
61188.9805 lsst_hardware_i -10.17924751674004 108.01000213623047 32.09000015258789 AB 9.014728548360903 1.0219332348999182
61412.2517 lsst_hardware_r -9.103610654189573 24.729999542236328 31.40999984741211 AB 13.97887262015612 1.4953331381874972
61412.2732 lsst_hardware_i 7.200443976261516 33.189998626708984 31.209999084472656 AB 12.604772822910618 1.3324284167981628
61414.2922 lsst_hardware_u -1.4604206614037587 2.690000057220459 28.34000015258789 AB 9.119131059306664 1.2026549369346078
61414.3094 lsst_hardware_g 38.083639867702644 14.869999885559082 31.43000030517578 AB 8.608294626414201 1.1366586214455372
61416.2906 lsst_hardware_r -42.60191252750727 23.850000381469727 31.479999542236328 AB 7.293360510635154 1.1862659075553939
61416.3067 lsst_hardware_z 69.89517562493087 42.470001220703125 30.940000534057617 AB 8.344560610440823 1.1276433257352463
61419.2905 lsst_hardware_r -18.60104153399101 24.040000915527344 31.489999771118164 AB 8.133799591279125 1.1549454520162998
61419.3085 lsst_hardware_u 1.9549558096100068 2.7899999618530273 28.459999084472656 AB 9.124201100474671 1.098242790138983
61421.2885 lsst_hardware_g 13.886454587484886 14.670000076293945 31.420000076293945 AB 5.190233017631709 1.1427197308744403
61421.306 lsst_hardware_r 20.92197199100509 23.690000534057617 31.5 AB 6.31424208570842 1.0904485080232138
61423.2984 lsst_hardware_i -4.430569704601474 31.170000076293945 31.25 AB 7.927945023887261 1.0960418931859484
61423.3143 lsst_hardware_z -12.803184918225721 41.400001525878906 30.950000762939453 AB 7.683558178278684 1.0592532384323563
61425.2938 lsst_hardware_r 20.127569119028795 42.779998779296875 31.600000381469727 AB 11.923161634324526 1.0937676941862697
61425.3125 lsst_hardware_z -9.169957857046763 41.27000045776367 30.950000762939453 AB 11.57493640802689 1.0522669461842626
61427.2986 lsst_hardware_z -111.8649709797095 59.119998931884766 30.979999542236328 AB 10.13959915181639 1.0691832289572827
61427.3156 lsst_hardware_i -65.2763291898448 63.790000915527344 31.329999923706055 AB 9.710385631973775 1.037933368817681
61429.3 lsst_hardware_z -34.17140562804623 64.19000244140625 30.979999542236328 AB 8.441730867183608 1.055216358397951
61429.3175 lsst_hardware_r 9.191385506142923 88.36000061035156 31.65999984741211 AB 8.218952618421046 1.0277544852345937
61431.3052 lsst_hardware_y 58.77574670932748 76.91000366210938 30.809999465942383 AB 12.602918220102023 1.0371491766532546
61433.2264 lsst_hardware_z -73.26464519050121 79.86000061035156 31.700000762939453 AB 12.840983833632304 1.2705458938290537
61435.1959 lsst_hardware_g 5.403487146854037 19.739999771118164 31.43000030517578 AB 17.70341053674689 1.4360908973228061
61435.2136 lsst_hardware_r -1.1919687112196746 30.899999618530273 31.520000457763672 AB 16.024594540660196 1.312594774661586
61437.2192 lsst_hardware_z 6.170599916707914 44.650001525878906 30.93000030517578 AB 15.602719496136027 1.2509696930155163
61437.2363 lsst_hardware_r -24.36329741935988 24.149999618530273 31.479999542236328 AB 14.738326964718997 1.174056847959559
61439.1997 lsst_hardware_i -55.8315781941132 33.209999084472656 31.209999084472656 AB 12.133769198557088 1.331065274546897
61439.2182 lsst_hardware_u -1.8559858733517423 2.7300000190734863 28.3799991607666 AB 11.093901001014691 1.2289233809557667
61444.1998 lsst_hardware_i 33.7958002420389 32.540000915527344 31.229999542236328 AB 11.291234279532517 1.2524477866818517
61444.218 lsst_hardware_r -20.88225379393731 23.59000015258789 31.479999542236328 AB 8.388917277450172 1.1708869709729812
61446.1978 lsst_hardware_u -1.988280918296064 2.609999895095825 28.290000915527344 AB 4.0189328280010574 1.235137887005396
61446.2165 lsst_hardware_g -3.5724634653886413 14.260000228881836 31.399999618530273 AB 5.012147515190474 1.1559825135938053
61449.2162 lsst_hardware_i 21.757414528161345 31.489999771118164 31.239999771118164 AB 5.619473779479627 1.1289373426932887
61449.2336 lsst_hardware_z -53.54605637004945 41.970001220703125 30.950000762939453 AB 5.301699241370871 1.0804359570757838
61453.2134 lsst_hardware_g 20.824274314033506 39.90999984741211 31.670000076293945 AB 5.113306103486144 1.1045050444942344
61453.2331 lsst_hardware_i -7.937446079712763 39.18000030517578 31.290000915527344 AB 4.915363094992556 1.057863573655972
61455.2167 lsst_hardware_z -59.71800345101327 56.52000045776367 30.969999313354492 AB 2.8388653897964344 1.081678563458348
61455.2368 lsst_hardware_r 47.52985496469273 72.7699966430664 31.649999618530273 AB 2.724914097752995 1.041600648967475
61457.2246 lsst_hardware_y 157.68783491806096 84.44999694824219 30.81999969482422 AB 5.8573908936937045 1.05325077881658
61459.2167 lsst_hardware_r -87.41354736873167 111.02999877929688 31.65999984741211 AB 12.325583604735424 1.0578992021916938
