data/validation/pwv_sim_epoch_fit_epoch/50762930.ecsv
# %ECSV 0.9
# ---
# datatype:
# - {name: time, datatype: float64}
# - {name: band, datatype: string}
# - {name: flux, datatype: float64}
# - {name: fluxerr, datatype: float64}
# - {name: zp, datatype: float64}
# - {name: zpsys, datatype: string}
# - {name: pwv, datatype: float64}
# - {name: airmass, datatype: float64}
# meta: {SNID: '50762930', alt: 1024.0, c: 0.015660902485251427, dec: 5.079716, lat: -30.244573, lon: -70.7499537, ra: 112.675781, t0: 60733.16015625,
#   x0: 4.19388132461961e-05, x1: -0.10026988387107849, z: 0.24889756739139557}
# schema: astropy-2.0
time band flux fluxerr zp zpsys pwv airmass
60633.3356 lsst_hardware_i -76.22662820825943 75.66000366210938 31.299999237060547 AB 6.170126534875939 1.2281913978354946
60633.3563 lsst_hardware_y -85.80216473704203 76.9800033569336 30.010000228881836 AB 6.146685860218521 1.2271283410298504
60644.3354 lsst_hardware_u -2.840940727583868 2.9600000381469727 28.40999984741211 AB 8.921184833763109 1.2336846363644014
60644.3549 lsst_hardware_y 19.504011993313405 74.41999816894531 30.0 AB 9.16758683786591 1.2628109882729308
60646.3002 lsst_hardware_g 26.70839243992147 14.670000076293945 31.389999389648438 AB 7.545103735162172 1.2281298952711446
60646.3188 lsst_hardware_r 24.30571921121027 24.09000015258789 31.469999313354492 AB 7.533233549973508 1.226258866350091
60648.2984 lsst_hardware_i 90.79435683754055 32.540000915527344 31.229999542236328 AB 3.8154952296060762 1.2263544329788483
60648.3168 lsst_hardware_z 13.17852799540641 44.06999969482422 30.940000534057617 AB 3.774169937796751 1.2278714722396913
60650.2956 lsst_hardware_r -51.72022632673401 24.059999465942383 31.469999313354492 AB 5.087245795014149 1.225497842778532
60650.3158 lsst_hardware_u 7.117128024872374 2.5799999237060547 28.260000228881836 AB 5.158364160077763 1.2308683619195298
60654.2972 lsst_hardware_z -44.32876887210096 44.02000045776367 30.93000030517578 AB 10.173979274994343 1.226347020711695
60654.3163 lsst_hardware_r -33.014948756548264 24.139999389648438 31.469999313354492 AB 10.307787218316165 1.2433501529873543
60656.2956 lsst_hardware_y 24.737146647409922 49.130001068115234 29.989999771118164 AB 12.34232107890383 1.2282342307303167
60656.3141 lsst_hardware_g -1.002021196667429 14.510000228881836 31.3799991607666 AB 12.500058819108217 1.2482167712054273
60658.2959 lsst_hardware_r -6.110727098091942 85.48999786376953 31.610000610351562 AB 10.1854757088287 1.2324935534960628
60658.3147 lsst_hardware_i 52.907338759386086 66.08999633789062 31.290000915527344 AB 10.391992803189657 1.2588641592767118
60668.237 lsst_hardware_u 3.668557581913274 3.009999990463257 28.43000030517578 AB 8.102848921629274 1.23018961360749
60668.2561 lsst_hardware_g 1.8830326723156223 18.8700008392334 31.479999542236328 AB 7.723173811278902 1.2254305324061778
60670.2397 lsst_hardware_r -29.910402173252166 24.219999313354492 31.479999542236328 AB 6.138477682190295 1.2258567513111684
60670.2601 lsst_hardware_i 32.63249918464569 32.689998626708984 31.229999542236328 AB 7.726185298128015 1.2300231317333923
60672.2038 lsst_hardware_i -15.102337833581885 32.689998626708984 31.229999542236328 AB 8.85762497102655 1.2601543563844857
60672.2232 lsst_hardware_z 27.214171894477943 43.93000030517578 30.93000030517578 AB 8.822545893836883 1.232543433059025
60674.2037 lsst_hardware_r 2.0478001662489422 24.450000762939453 31.469999313354492 AB 8.179937653486613 1.2504204002731687
60674.2228 lsst_hardware_u -0.9782954442466697 2.630000114440918 28.290000915527344 AB 8.123577145161446 1.2286886114261253
60682.2104 lsst_hardware_r 74.21016498751204 24.540000915527344 31.479999542236328 AB 10.70367659656634 1.225050732095949
60682.2316 lsst_hardware_i 10.567118677549104 32.779998779296875 31.229999542236328 AB 10.683080394522445 1.2336120547947396
60688.1564 lsst_hardware_z -62.31654563235213 95.56999969482422 30.969999313354492 AB 6.202470415009521 1.2678802974263126
60688.1747 lsst_hardware_i -2.724232719507346 111.27999877929688 31.309999465942383 AB 6.531098329545521 1.2374582365640296
60690.1569 lsst_hardware_z -11.737160376283454 91.37999725341797 30.969999313354492 AB 6.914790398863558 1.2558645838836828
60690.1775 lsst_hardware_r 39.2118496706314 130.35000610351562 31.6200008392334 AB 7.497871662861489 1.2297640910056569
60695.1597 lsst_hardware_z 50.14574508370779 46.68000030517578 30.940000534057617 AB 9.030529003446919 1.2331734266621492
60695.1791 lsst_hardware_r -9.235813429385196 38.25 31.559999465942383 AB 10.859147185754697 1.224900043512712
60705.1416 lsst_hardware_i -10.246123722856117 32.79999923706055 31.229999542236328 AB 14.731819786072137 1.226816731896804
60705.1601 lsst_hardware_z 27.041092702032074 44.209999084472656 30.940000534057617 AB 14.750189079743619 1.2272733314630258
60707.1056 lsst_hardware_z 4.156891477069179 44.630001068115234 30.940000534057617 AB 9.677405874021582 1.2655442393175715
60707.1245 lsst_hardware_r -9.179882882483362 24.489999771118164 31.489999771118164 AB 9.446535677105706 1.2355950048533797
60714.1037 lsst_hardware_y 69.33462281997721 54.04027126287056 29.989999771118164 AB 10.658953520371776 1.237458686807284
60714.1211 lsst_hardware_r 692.5029908079699 74.06123954686598 31.610000610351562 AB 10.316992556773405 1.22540517941306
60720.0953 lsst_hardware_r 5154.60152640405 117.37800273965968 31.610000610351562 AB 3.903997629716197 1.2299606594185868
60720.1126 lsst_hardware_i 3709.5843916638487 97.1832094573279 31.299999237060547 AB 3.8982660410088985 1.225099321498711
60722.0932 lsst_hardware_z 3357.628027530698 77.53556337107723 30.950000762939453 AB 3.8397619100401483 1.227807048616547
60722.1102 lsst_hardware_i 4976.465528326291 86.83574854522399 31.280000686645508 AB 3.8219639174802946 1.2258397126680696
60724.0908 lsst_hardware_u 162.98373400514402 12.671034735699644 28.610000610351562 AB 6.8338657863873955 1.2263554574046642
60724.1075 lsst_hardware_g 7509.609557567924 91.7696342055138 31.56999969482422 AB 6.860941329152013 1.2269208385465142
60733.0518 lsst_hardware_r 11870.42679569312 111.269628238332 31.469999313354492 AB 9.661613303631782 1.2374784890978907
60733.069 lsst_hardware_i 9401.421320982772 100.74726697409025 31.219999313354492 AB 9.554265978641975 1.2254557787009523
60738.05 lsst_hardware_u 65.11504393579862 8.825146758003275 28.280000686645508 AB 5.523929804622876 1.2275399565828613
60738.0687 lsst_hardware_g 7103.576052512249 85.65529900978831 31.3799991607666 AB 5.49493321719219 1.2266616799610508
60994.3429 lsst_hardware_i -59.277104394238236 33.45000076293945 31.229999542236328 AB 6.790908127644901 1.2311663020357526
60996.3394 lsst_hardware_z -58.9367577521345 44.08000183105469 30.93000030517578 AB 3.9280025169454857 1.2296783419426145
61000.34 lsst_hardware_r 40.161677429004186 24.360000610351562 31.469999313354492 AB 4.52993062809009 1.2249677198729285
61003.2301 lsst_hardware_r -68.08350491322051 43.060001373291016 32.599998474121094 AB 11.946249620606983 1.5660366555307383
61012.2957 lsst_hardware_z 30.596050172355742 55.45000076293945 30.950000762939453 AB 7.551408388674758 1.2296803362451056
61012.3152 lsst_hardware_g -30.37483719009094 44.11000061035156 31.6299991607666 AB 7.529632233896235 1.2256930035410711
61016.2991 lsst_hardware_r 65.86103028165239 105.18000030517578 31.610000610351562 AB 5.125153688764533 1.2248435486572418
61016.3174 lsst_hardware_y -86.41509856950299 61.279998779296875 29.989999771118164 AB 5.158088642545971 1.23404170243135
61021.2997 lsst_hardware_i -6.1837048356773145 36.38999938964844 31.25 AB 12.928068717800695 1.2305024319744067
61021.3193 lsst_hardware_z -28.57562724094201 46.130001068115234 30.93000030517578 AB 13.226361082296576 1.255885779071957
61023.2955 lsst_hardware_r -24.46620498462894 25.329999923706055 31.479999542236328 AB 8.882671677238871 1.23150934823193
61023.3159 lsst_hardware_u -4.027399084572959 3.0799999237060547 28.389999389648438 AB 9.12747732400298 1.2598022576894452
61025.2618 lsst_hardware_u -1.063460988469323 2.5999999046325684 28.270000457763672 AB 12.882962098556877 1.2286104921626113
61025.2816 lsst_hardware_g -3.5299302352806916 14.699999809265137 31.389999389648438 AB 12.854037012650792 1.2263373642590631
61027.2292 lsst_hardware_r -6.269529264938753 24.3700008392334 31.469999313354492 AB 6.071621413400105 1.2654483979575042
61027.2478 lsst_hardware_z 60.847275348231804 44.220001220703125 30.93000030517578 AB 5.941602725922465 1.2358599582449832
61029.2243 lsst_hardware_r -5.485740393865361 24.09000015258789 31.459999084472656 AB 6.2603218595995695 1.2642645245821316
61029.2437 lsst_hardware_u 1.6545715733907775 2.609999895095825 28.290000915527344 AB 6.096614340604827 1.2344448171307403
61047.2164 lsst_hardware_i -8.543731301945058 58.97999954223633 31.290000915527344 AB 10.805960186340245 1.2249803717888768
61047.2378 lsst_hardware_z 8.32625218066875 58.2599983215332 30.950000762939453 AB 10.921251946209578 1.2396426726685106
61050.2054 lsst_hardware_r 13.364343613812641 32.779998779296875 31.540000915527344 AB 9.391076208657735 1.2248164779572754
61050.2279 lsst_hardware_z 0.03839414267568848 46.38999938964844 30.940000534057617 AB 8.897179605637891 1.237581491453051
61055.1553 lsst_hardware_u 2.1776701214458476 2.740000009536743 28.3700008392334 AB 6.9646411382229365 1.2602073864002057
61055.1749 lsst_hardware_g -15.246627579855575 14.9399995803833 31.399999618530273 AB 7.475208789464295 1.232363481756468
61057.1595 lsst_hardware_r 6.351011895523235 24.540000915527344 31.459999084472656 AB 1.936215737784995 1.2438216730952858
61057.1801 lsst_hardware_z -99.46522928698568 44.09000015258789 30.93000030517578 AB 3.7552828650172985 1.2258812399403585
61059.1582 lsst_hardware_r 31.354672801584712 24.510000228881836 31.469999313354492 AB 5.171450761735683 1.2383742245535638
61059.1781 lsst_hardware_u -0.932073046832479 2.5799999237060547 28.229999542236328 AB 7.105234206573793 1.2250403804437575
61061.1569 lsst_hardware_g 22.33001741258466 14.989999771118164 31.389999389648438 AB 14.69039409593823 1.2338647821214705
61061.1769 lsst_hardware_r 17.93840414272427 24.479999542236328 31.469999313354492 AB 14.085768518457442 1.2248494363876037
61063.1561 lsst_hardware_i 42.76075974604386 32.47999954223633 31.229999542236328 AB 9.371066245854003 1.2299063232812149
61063.175 lsst_hardware_z 60.25239401409812 43.869998931884766 30.93000030517578 AB 10.538471281358419 1.225403637367258
61065.1204 lsst_hardware_z -116.49929341644761 45.0 30.93000030517578 AB 10.116125614368233 1.2769392566471587
61065.1377 lsst_hardware_r 33.97468309496839 24.43000030517578 31.469999313354492 AB 9.711571045726046 1.243757698040668
61067.143 lsst_hardware_g 14.635469890256482 28.75 31.56999969482422 AB 13.547727370453572 1.231611579132143
61067.1615 lsst_hardware_i -14.30759864994342 37.439998626708984 31.239999771118164 AB 13.47428403631148 1.2249349123919528
61074.1095 lsst_hardware_i 45.96267330229794 85.63999938964844 31.299999237060547 AB 9.090540675657643 1.2492726535489223
61074.1286 lsst_hardware_z 54.55377477412065 75.37999725341797 30.969999313354492 AB 9.209966428870686 1.228227522381428
61078.1052 lsst_hardware_g 7.157985263676235 25.010000228881836 31.530000686645508 AB 6.829228021556254 1.2397430715500817
61078.1238 lsst_hardware_i 59.865461715828744 39.47999954223633 31.25 AB 6.752001633847116 1.2255569277311988
61088.0912 lsst_hardware_u 0.48834458739688447 2.680000066757202 28.350000381469727 AB 2.875082978686217 1.2277497506933777
61088.1087 lsst_hardware_r -0.29286957465607266 23.8700008392334 31.469999313354492 AB 2.8697088512314672 1.2259783621623273
61090.0909 lsst_hardware_i -51.3220080366415 32.630001068115234 31.239999771118164 AB 4.028621500839197 1.225591532768928
61090.109 lsst_hardware_z 75.42619265208641 44.22999954223633 30.940000534057617 AB 4.065926340876067 1.2288406017003604
61092.0589 lsst_hardware_z -9.866853786881169 44.22999954223633 30.93000030517578 AB 4.140571590376026 1.2516842776227406
61092.0768 lsst_hardware_r -0.8678535949268009 24.06999969482422 31.469999313354492 AB 3.898531088414797 1.2299822022079023
61094.0571 lsst_hardware_y 28.234966992525496 49.349998474121094 29.979999542236328 AB 8.87582131865045 1.2458167336164574
61094.0747 lsst_hardware_g -2.3569936922184227 16.489999771118164 31.43000030517578 AB 8.816927929856297 1.2278133866949306
61097.0425 lsst_hardware_z 97.78767836430788 54.45000076293945 30.950000762939453 AB 8.166136456407404 1.256586446923585
61097.0534 lsst_hardware_r -69.50280071458072 56.7400016784668 31.59000015258789 AB 7.945665013683866 1.2396377888112537
61101.0511 lsst_hardware_i -109.91872493276179 89.18000030517578 31.309999465942383 AB 3.5643009364801657 1.2308377334607767
61101.0704 lsst_hardware_z -38.38935154106992 78.31999969482422 30.969999313354492 AB 3.5134717538425058 1.225202285426888
61103.0511 lsst_hardware_r -16.562506040618207 92.94999694824219 31.610000610351562 AB 5.520262410714774 1.2272931714419135
61103.0686 lsst_hardware_z 41.682527189449246 67.25 30.959999084472656 AB 5.515356769852116 1.2262934027204497
61107.0472 lsst_hardware_i -59.52183398363258 32.220001220703125 31.229999542236328 AB 11.316986022134826 1.225002997164152
61107.0657 lsst_hardware_z -36.73926388615468 47.2400016784668 30.940000534057617 AB 11.502647279880083 1.2311074505757866
61111.0063 lsst_hardware_y 81.62372699724554 56.20000076293945 29.979999542236328 AB 9.20272057789029 1.2529231556011287
61111.0271 lsst_hardware_r -2.4217987453520378 24.049999237060547 31.459999084472656 AB 9.043333026561184 1.2285050808709368
61118.0115 lsst_hardware_z -41.63433401037633 65.11000061035156 31.690000534057617 AB 8.334479379034907 1.2266508763021424
61120.0002 lsst_hardware_y -54.52605908275853 51.959999084472656 29.989999771118164 AB 4.531019115856163 1.2300852764642591
61120.02 lsst_hardware_g 13.970653133015688 14.640000343322754 31.3799991607666 AB 4.531301589316992 1.2255593912685696
61121.9986 lsst_hardware_y 13.065150530864665 52.20000076293945 30.0 AB 6.905028999775061 1.2276152717499171
61122.0189 lsst_hardware_i -0.10986320069194944 32.709999084472656 31.229999542236328 AB 7.476527480842541 1.2272697768946839
61125.994 lsst_hardware_y -48.58447549830657 57.060001373291016 29.989999771118164 AB 7.47395165894401 1.2252379768760673
61126.0121 lsst_hardware_z -2.976614851203216 56.5 30.950000762939453 AB 6.747970488401107 1.2297918727437602
61127.9914 lsst_hardware_y 59.675483199230825 62.2599983215332 30.0 AB 9.037673172225777 1.2248382506630182
61128.0096 lsst_hardware_i -47.786722156582094 68.91000366210938 31.290000915527344 AB 8.008990407658175 1.2321523704089499
