data/validation/pwv_sim_epoch_fit_epoch/50894157.ecsv
# %ECSV 0.9
# ---
# datatype:
# - {name: time, datatype: float64}
# - {name: band, datatype: string}
# - {name: flux, datatype: float64}
# - {name: fluxerr, datatype: float64}
# - {name: zp, datatype: float64}
# - {name: zpsys, datatype: string}
# - {name: pwv, datatype: float64}
# - {name: airmass, datatype: float64}
# meta: {SNID: '50894157', alt: 1024.0, c: -0.08017057925462723, dec: -27.784405, lat: -30.244573, lon: -70.7499537, ra: 334.6875, t0: 62258.2109375,
#   x0: 3.861185913777188e-06, x1: 0.33777979016304016, z: 0.6814907789230347}
# schema: astropy-2.0
time band flux fluxerr zp zpsys pwv airmass
62266.3329 lsst_hardware_i 970.1951396026768 47.56666298841825 31.190000534057617 AB 10.563513287811713 1.553457836442899
62266.3532 lsst_hardware_z 735.8146541114405 53.52252945823164 30.920000076293945 AB 9.546714758402503 1.3835150125697313
62270.3454 lsst_hardware_g 102.07540622105894 18.974740086528463 31.3700008392334 AB 10.87312744354441 1.361893089394536
62270.3661 lsst_hardware_i 910.6841138323789 45.24555157127934 31.229999542236328 AB 9.932401204765862 1.2417700473749553
62277.3499 lsst_hardware_u -1.5498593779958447 2.826015603150748 28.40999984741211 AB 8.621894360098304 1.227694571530717
62277.369 lsst_hardware_g 49.96878589745445 17.731609148900777 31.440000534057617 AB 8.084226437581743 1.1492254513585363
62280.3601 lsst_hardware_z 537.8752530500316 48.69705190724302 30.940000534057617 AB 7.874895666033608 1.1517495611398434
62280.3805 lsst_hardware_r 455.2093007290154 31.950842850218613 31.5 AB 7.268871345931452 1.089513566714648
62283.3461 lsst_hardware_i 475.40661965090294 68.17659772864852 31.309999465942383 AB 4.24096890542554 1.1734833717280173
62283.3669 lsst_hardware_z 518.9423940715697 62.18760225480106 30.979999542236328 AB 4.018735164650247 1.1040481221566611
62285.3482 lsst_hardware_r 381.3417636906397 89.2800182154031 31.639999389648438 AB 9.753442278780263 1.145576964855563
62285.3698 lsst_hardware_z 588.5938463834897 65.36277863231756 30.979999542236328 AB 9.220723459967592 1.0821386945683238
62291.3566 lsst_hardware_i 358.733838866554 44.385791383032576 31.290000915527344 AB 12.954404792847862 1.0746084440354926
62291.3764 lsst_hardware_z 395.5169345628561 49.55094664661199 30.969999313354492 AB 12.109860822491752 1.0368031526105952
62306.2508 lsst_hardware_i 142.29247982638668 35.50563905153399 31.219999313354492 AB 4.672310786131154 1.3376850081971143
62306.2743 lsst_hardware_u 1.020105143264747 3.0224963367043993 28.440000534057617 AB 4.20039473732501 1.2112446976474294
62308.2447 lsst_hardware_g 56.45900288860414 60.374770508110814 32.7400016784668 AB 3.887406784880412 1.3417960483968516
62308.2679 lsst_hardware_r 301.56763492649503 61.33430588152825 32.72999954223633 AB 3.9509466853548765 1.2154889048931135
62310.2377 lsst_hardware_i 166.94799481363125 53.0460853995808 31.260000228881836 AB 4.2701754208927065 1.351856088925384
62310.2588 lsst_hardware_r 87.97290725648108 58.82449760324395 31.600000381469727 AB 4.671193911475771 1.2325049898352958
62315.2359 lsst_hardware_z 223.76829457550807 81.0424822084908 30.959999084472656 AB 7.7236645698931845 1.2801830804116163
62315.2548 lsst_hardware_r -61.669427593867816 111.14248302288195 31.6200008392334 AB 6.847137780338295 1.189358655608528
62327.2544 lsst_hardware_u 0.3656670105472283 2.832597176878042 28.40999984741211 AB 10.454668347934216 1.0839469515743096
62327.2744 lsst_hardware_g 7.441936692649138 14.938029014012633 31.450000762939453 AB 10.061334716853562 1.042769437938192
62328.2557 lsst_hardware_r 68.09931607714255 24.553398164599873 31.489999771118164 AB 9.332162304042185 1.0743500100589711
62328.2741 lsst_hardware_i 136.98833942030754 32.11928617469778 31.239999771118164 AB 9.029535846540089 1.0388130132349154
62334.1479 lsst_hardware_z 91.9956661528249 49.14475353067918 30.889999389648438 AB 2.475479136499221 1.5471744603120128
62334.1677 lsst_hardware_i 161.3019482145703 34.92407331455697 31.200000762939453 AB 3.0177660341626997 1.3824995193537601
62345.156 lsst_hardware_r -54.40954476268475 111.69999694824219 31.600000381469727 AB 4.696350726200138 1.2692839800540914
62345.1744 lsst_hardware_i 78.34813553885967 89.87000274658203 31.309999465942383 AB 3.8769018781008344 1.1831847033878438
62347.1619 lsst_hardware_z 44.77095561791822 80.95999908447266 31.719999313354492 AB 6.777705909102612 1.2133379715543524
62348.1517 lsst_hardware_g -4.899758351424589 31.1299991607666 31.56999969482422 AB 4.621441529237254 1.2490382511452036
62348.1708 lsst_hardware_r -2.3598000348330586 44.720001220703125 31.59000015258789 AB 4.294021483851168 1.1651913666240195
62351.1522 lsst_hardware_i 3.7910563283517305 32.4900016784668 31.229999542236328 AB 2.189274317286485 1.2078754853994398
62351.1694 lsst_hardware_z -85.96337196920479 42.84000015258789 30.940000534057617 AB 2.603318765312406 1.1408057691991262
62352.1539 lsst_hardware_i -25.8350101132504 32.349998474121094 31.239999771118164 AB 1.7100056703360595 1.1888799562012
62352.1719 lsst_hardware_u 3.568467939284707 2.7799999713897705 28.440000534057617 AB 1.360448622130602 1.123718575548405
62354.1557 lsst_hardware_g -4.4446932158692825 14.930000305175781 31.40999984741211 AB 2.4209629708893177 1.1603912626087158
62354.174 lsst_hardware_r 23.653252366779732 24.0 31.5 AB 1.78166192214708 1.1014343962580475
62356.1545 lsst_hardware_i 35.184809693313234 32.150001525878906 31.25 AB 4.36053756060018 1.1450991493172744
62356.1722 lsst_hardware_r 6.610497304390835 24.1200008392334 31.510000228881836 AB 3.5981335852357215 1.0916115442895449
62360.1924 lsst_hardware_r 11.064459390513813 23.93000030517578 31.530000686645508 AB 2.792495772180396 1.0304095589362574
62360.2201 lsst_hardware_i -13.884374883725433 31.06999969482422 31.270000457763672 AB 2.7324357034061593 1.0048182287593133
62364.1533 lsst_hardware_z -6.15981928140706 42.86000061035156 30.950000762939453 AB 5.829571524908711 1.0841512328385048
62364.1712 lsst_hardware_g 10.549883858002318 18.360000610351562 31.530000686645508 AB 5.065881926507933 1.0465076540841673
62366.1548 lsst_hardware_r -47.765696969903914 41.0099983215332 31.610000610351562 AB 2.906505083830244 1.0679790864707859
62366.1738 lsst_hardware_z -81.93706141191171 45.34000015258789 30.959999084472656 AB 3.2688194412421883 1.0335643258565097
62367.1525 lsst_hardware_r -121.16831342901624 52.5099983215332 31.6299991607666 AB 1.9238828159078272 1.0670453776527051
62367.1704 lsst_hardware_y -17.931451425611215 49.41999816894531 30.059999465942383 AB 2.4996470966227378 1.0345507746248483
62376.1218 lsst_hardware_z 3.9000965766578486 51.52000045776367 30.969999313354492 AB 3.800025396499952 1.0810626765131084
62376.1352 lsst_hardware_i -58.67560392123545 51.38999938964844 31.309999465942383 AB 4.104272938765656 1.0523776766065787
62385.062 lsst_hardware_r -7.2016518202386255 24.469999313354492 31.479999542236328 AB 0.7019135871200212 1.196443614409127
62385.0793 lsst_hardware_g 9.708502741195396 15.069999694824219 31.43000030517578 AB 0.7087324205750467 1.1317084560080586
62387.0631 lsst_hardware_r 12.515419773459026 24.190000534057617 31.479999542236328 AB 2.6327321028635016 1.1698431916745176
62387.08 lsst_hardware_i -2.8927494436199304 31.709999084472656 31.229999542236328 AB 2.5581993198228603 1.1125830616799914
62389.0594 lsst_hardware_z 47.5378600094445 43.2599983215332 30.940000534057617 AB 3.6057543809172286 1.1631465744894285
62389.0769 lsst_hardware_i -27.04771603147332 31.700000762939453 31.239999771118164 AB 3.427817112956653 1.1057474557924687
62390.0617 lsst_hardware_u 2.3694933874608997 2.700000047683716 28.3799991607666 AB 2.688818588266123 1.1449901724340181
62390.0775 lsst_hardware_g -14.555149374105264 14.720000267028809 31.43000030517578 AB 2.6295263971285148 1.0965497902954606
62399.0688 lsst_hardware_i -17.204856052958142 91.0 31.34000015258789 AB 5.913454750896569 1.0593792101212447
62399.0864 lsst_hardware_z 76.36155371325934 79.05999755859375 31.0 AB 4.175952741314989 1.0297434016065234
62400.9806 lsst_hardware_y 18.972440035456323 82.72000122070312 29.940000534057617 AB 2.9163299944638865 1.4130076284402198
62400.9969 lsst_hardware_i 275.5902187192574 98.9800033569336 31.290000915527344 AB 2.5264954064095235 1.3041098106041646
62402.9814 lsst_hardware_y 94.15344352017335 77.01000213623047 29.950000762939453 AB 3.493672158515171 1.367921753529824
62402.9984 lsst_hardware_r 74.79110961699051 57.400001525878906 31.56999969482422 AB 3.2193937311636183 1.2652362865645974
62404.0102 lsst_hardware_i -17.735392201856435 32.189998626708984 31.229999542236328 AB 5.24154925997185 1.1961090617210886
62404.0202 lsst_hardware_r 45.57838570534382 23.65999984741211 31.479999542236328 AB 5.070918907680407 1.1566437348824345
62405.9854 lsst_hardware_z -28.20887086057741 65.83999633789062 30.950000762939453 AB 2.801158126564115 1.29164992002649
62406.0046 lsst_hardware_i -4.201370543847529 32.439998626708984 31.219999313354492 AB 3.725629500629351 1.1967010360971173
62410.989 lsst_hardware_y -9.810736690006076 64.75 30.0 AB 8.512024529305538 1.205128652772204
62411.01 lsst_hardware_z 71.70050566819681 42.70000076293945 30.940000534057617 AB 5.630576031371531 1.1262653749909717
62413.9909 lsst_hardware_y -54.8265854077861 60.869998931884766 30.020000457763672 AB 3.7098959615519025 1.1640410913482966
62414.0093 lsst_hardware_r -5.5594496507373545 23.639999389648438 31.489999771118164 AB 3.0304216140446716 1.1038781947162086
62416.0025 lsst_hardware_z -34.23245794516299 65.91000366210938 31.700000762939453 AB 4.3177374057074775 1.1076801964360459
62419.9953 lsst_hardware_y -33.02742904352366 57.20000076293945 30.040000915527344 AB 2.6171926379266126 1.0973170628251756
62420.0148 lsst_hardware_i 10.528495400444472 31.31999969482422 31.25 AB 3.598695270313898 1.0528657900273442
62422.9998 lsst_hardware_y 72.58397605046773 53.59000015258789 30.049999237060547 AB 7.52150876009227 1.066603307899813
62423.0214 lsst_hardware_g 6.305438277299454 29.639999389648438 31.649999618530273 AB 7.55300908888527 1.0290203118372303
62427.0094 lsst_hardware_z -20.988344374721393 97.86000061035156 31.739999771118164 AB 5.450623168378294 1.0304934147425562
62633.3443 lsst_hardware_u 0.9589655204487667 2.609999895095825 28.190000534057617 AB 13.900740766155689 1.4138982623359293
62633.3637 lsst_hardware_g -6.563411435316355 15.800000190734863 31.389999389648438 AB 12.663829097437691 1.286952703792709
62639.3546 lsst_hardware_z 115.78341336126238 87.80999755859375 31.709999084472656 AB 8.753764739782373 1.2481752026210826
62642.3461 lsst_hardware_z -61.71119423197421 60.599998474121094 30.950000762939453 AB 8.752563331784033 1.2497413195950458
62642.3654 lsst_hardware_r -116.54139893158296 70.55000305175781 31.6200008392334 AB 8.191610192142354 1.1649599704397755
62644.3492 lsst_hardware_i -41.70778296438773 53.0099983215332 31.280000686645508 AB 2.870540753184641 1.2090729743143451
62644.3684 lsst_hardware_z 96.63054410800385 53.790000915527344 30.959999084472656 AB 2.6991108145916094 1.1349942101517334
62646.3348 lsst_hardware_i -38.72146399871427 38.58000183105469 31.25 AB 9.263406639199586 1.2516707540861955
62646.3539 lsst_hardware_z -52.7822454606439 46.25 30.950000762939453 AB 8.681738536051219 1.1671618018441743
62649.3273 lsst_hardware_g -1.9816635494476282 15.0 31.3700008392334 AB 9.863699482921726 1.2481745628499497
62649.3338 lsst_hardware_r -0.7340279090937204 24.5 31.469999313354492 AB 11.013538906949115 1.2169656250772503
62650.3342 lsst_hardware_i -46.31866664150383 33.040000915527344 31.239999771118164 AB 10.255316417158145 1.202993186630215
62650.353 lsst_hardware_r 7.030642886780101 24.760000228881836 31.510000228881836 AB 9.626950686739917 1.1317724397331226
62655.3531 lsst_hardware_z -34.58149306754413 42.38999938964844 30.940000534057617 AB 11.544522449686358 1.0915859885765378
62655.3748 lsst_hardware_r 4.220583835120368 23.860000610351562 31.5 AB 11.05488970857936 1.045000838962648
62657.3508 lsst_hardware_u 1.4692438149678249 2.740000009536743 28.420000076293945 AB 5.72361117853769 1.0835897159020633
62657.3703 lsst_hardware_g -16.03054710785729 14.869999885559082 31.450000762939453 AB 5.394636070371581 1.043365828744552
62675.2441 lsst_hardware_z 97.11178301243538 46.4900016784668 30.920000076293945 AB 4.1611930576263285 1.315792271186191
62675.2647 lsst_hardware_r 77.85257187753493 31.31999969482422 31.530000686645508 AB 4.589242065241399 1.2084903397607207
62676.2594 lsst_hardware_g -15.186201742412111 15.09000015258789 31.389999389648438 AB 4.623483691985866 1.220131164317171
62676.2801 lsst_hardware_r -32.63749159380798 25.84000015258789 31.510000228881836 AB 4.283152331046775 1.1381272801718623
62680.2422 lsst_hardware_z 19.56861155550163 43.599998474121094 30.93000030517578 AB 7.615197020192769 1.2505455325055865
62680.2614 lsst_hardware_r 40.18486977301189 23.68000030517578 31.479999542236328 AB 6.6987089173804115 1.1659391246310766
62682.2603 lsst_hardware_r -47.59245853906315 23.90999984741211 31.479999542236328 AB 3.9938311420110737 1.1499381842294831
62682.2788 lsst_hardware_i 23.132405335423982 31.420000076293945 31.239999771118164 AB 3.815368670486018 1.0931244400208409
62686.2659 lsst_hardware_z -44.295358216041365 42.33000183105469 30.950000762939453 AB 7.653468047234516 1.0984131243564057
62686.2844 lsst_hardware_i -26.00904386801931 31.15999984741211 31.25 AB 7.300198801942157 1.0555521691645686
62688.2638 lsst_hardware_u 0.6587244954928333 2.6700000762939453 28.3799991607666 AB 4.8390145198823555 1.0895409456354748
62688.2824 lsst_hardware_g 17.577838398930673 14.6899995803833 31.440000534057617 AB 4.662425845216515 1.049072041974814
62695.2464 lsst_hardware_r 81.75782599133993 77.83999633789062 31.639999389648438 AB 7.244908525026604 1.0852169749890732
62695.2907 lsst_hardware_i 26.827840354024868 61.90999984741211 31.329999923706055 AB 6.308781806148261 1.0128623257221867
62697.2577 lsst_hardware_z 52.016459996719135 78.87999725341797 30.989999771118164 AB 5.6413277765432746 1.0493053292803114
62697.2767 lsst_hardware_r -211.75531865361435 118.13999938964844 31.65999984741211 AB 5.438410002990792 1.0213935586422747
62699.1505 lsst_hardware_z -145.51341777504217 90.41999816894531 30.940000534057617 AB 2.4464521724873336 1.5290326078045833
62699.1688 lsst_hardware_r 103.1953080577059 120.94000244140625 31.579999923706055 AB 3.010508817215941 1.3797015660934648
62704.1485 lsst_hardware_u -0.6979431966735538 2.4700000286102295 28.110000610351562 AB 7.35943959451072 1.429017396992373
62704.1668 lsst_hardware_g -6.05809411835737 14.600000381469727 31.350000381469727 AB 7.098330077489181 1.3046002715473592
62707.154 lsst_hardware_r 24.826700765890703 24.610000610351562 31.440000534057617 AB 7.473260024171066 1.332725817952932
62707.175 lsst_hardware_z -48.13795309834339 43.9900016784668 30.93000030517578 AB 7.192420934711744 1.2190543957138549
62709.1545 lsst_hardware_r -29.183308701349805 34.380001068115234 32.189998626708984 AB 4.168965705135714 1.2967233919551209
62709.173 lsst_hardware_u -2.1477551029616824 3.5399999618530273 28.940000534057617 AB 3.902475904310167 1.2035392148990494
62716.1777 lsst_hardware_z -53.60895506320405 42.58000183105469 30.940000534057617 AB 2.5368393469624877 1.1164437658543243
62716.1973 lsst_hardware_r -17.52618162881179 23.8700008392334 31.5 AB 2.3876569487413972 1.0661562619966052
62719.1562 lsst_hardware_g -22.096967531075613 20.440000534057617 31.520000457763672 AB 2.4146981009325166 1.1611451497170988
62719.1755 lsst_hardware_i -44.136525199152246 32.91999816894531 31.25 AB 1.7662084735815249 1.0992428651510968
62723.1689 lsst_hardware_y -99.2213998155701 72.9000015258789 30.790000915527344 AB 4.577746443555291 1.0878675008448884
62725.1487 lsst_hardware_r -144.62822894517336 122.44000244140625 31.639999389648438 AB 3.530625859858863 1.1302825290338905
62725.167 lsst_hardware_i 129.4027558572672 95.58999633789062 31.329999923706055 AB 2.938426794352367 1.0791137695014201
62731.16 lsst_hardware_z -35.757267156804055 48.619998931884766 30.969999313354492 AB 2.858891844720177 1.0585874517601248
62731.177 lsst_hardware_r 5.108422566094713 49.209999084472656 31.6299991607666 AB 3.1985731246585143 1.0300256949308226
62735.1514 lsst_hardware_i 35.591172092994704 31.440000534057617 31.260000228881836 AB 2.1362118213203907 1.0540518855199295
62735.1687 lsst_hardware_z -12.70415455824759 41.41999816894531 30.950000762939453 AB 2.545400069990052 1.0265434663041715
62736.067 lsst_hardware_u 0.8480489529458276 2.5799999237060547 28.200000762939453 AB 2.951938089489395 1.3852360814121985
