data/validation/pwv_sim_epoch_fit_epoch/50901393.ecsv
# %ECSV 0.9
# ---
# datatype:
# - {name: time, datatype: float64}
# - {name: band, datatype: string}
# - {name: flux, datatype: float64}
# - {name: fluxerr, datatype: float64}
# - {name: zp, datatype: float64}
# - {name: zpsys, datatype: string}
# - {name: pwv, datatype: float64}
# - {name: airmass, datatype: float64}
# meta: {SNID: '50901393', alt: 1024.0, c: 0.10247109085321426, dec: -8.234748, lat: -30.244573, lon: -70.7499537, ra: 82.96875, t0: 60591.3828125,
#   x0: 3.7413536097244284e-05, x1: -0.3049676716327667, z: 0.26174405217170715}
# schema: astropy-2.0
time band flux fluxerr zp zpsys pwv airmass
60588.3706 lsst_hardware_g 7243.563966694626 86.81003916366382 31.40999984741211 AB 6.699292827449226 1.084393524372887
60588.3897 lsst_hardware_y 1901.5350859488797 82.43103813111324 30.059999465942383 AB 6.16578924065569 1.0788782573325792
60596.3629 lsst_hardware_z 5284.436949471395 82.0126286038595 30.940000534057617 AB 5.826158046807477 1.0789181568161994
60596.3811 lsst_hardware_y 1591.1237263461203 78.08149043589626 30.049999237060547 AB 6.382438123211579 1.0835444722785772
60599.3552 lsst_hardware_z 4792.485931536968 86.94008680196193 30.969999313354492 AB 5.277205032883976 1.078870477104583
60599.3742 lsst_hardware_y 1368.3952696429803 67.30150791635158 30.040000915527344 AB 5.28541968947635 1.0843740173314447
60603.3467 lsst_hardware_r 9688.422561679507 125.5823223141705 31.649999618530273 AB 2.7237265736973946 1.078774799800891
60603.3654 lsst_hardware_y 1141.1569740034533 64.11734706958912 30.049999237060547 AB 2.731901265749289 1.0858832457433412
60605.3535 lsst_hardware_z 6695.732034562133 109.74432802303437 31.719999313354492 AB 3.5580498565871554 1.0818577580460615
60607.3466 lsst_hardware_i 5843.070201342473 84.31145419698151 31.280000686645508 AB 3.9856110223135026 1.081185737131733
60607.3641 lsst_hardware_y 1015.7065712214443 60.696940268779585 30.040000915527344 AB 4.0360311617824465 1.095061362516717
60609.2617 lsst_hardware_z 2999.9668980706815 68.2457252049599 30.940000534057617 AB 3.8573504392675875 1.178116703263198
60609.2874 lsst_hardware_r 5958.742745290579 81.17091818433214 31.489999771118164 AB 3.6693572300755166 1.115786604183858
60611.3215 lsst_hardware_u 9.675695871694106 4.015949168203315 28.540000915527344 AB 3.2762823236901863 1.0789666799571753
60611.3386 lsst_hardware_g 1639.5682668358997 43.28661305690622 31.43000030517578 AB 3.798241711561772 1.0826342170723668
60613.3037 lsst_hardware_r 4963.598810990053 73.02226008900254 31.510000228881836 AB 3.7260413172150293 1.0835190182372332
60613.3204 lsst_hardware_z 2992.5447823670747 67.05105754292644 30.950000762939453 AB 3.7028058747946813 1.0788013619873142
60615.3145 lsst_hardware_i 4768.38728733289 74.40705187686905 31.25 AB 3.2421031254469277 1.0787832050067416
60615.3344 lsst_hardware_r 4217.069273397192 68.57816816118685 31.5 AB 2.8211153466573373 1.0872746711166077
60620.2729 lsst_hardware_r 3199.0142758484326 59.90868321956574 31.5 AB 5.598932562478445 1.093505920213231
60620.2906 lsst_hardware_i 4281.567417577042 70.98336972810515 31.25 AB 5.584866058851805 1.080540971997834
60622.307 lsst_hardware_z 2735.652678523722 66.57491987892412 30.950000762939453 AB 8.654479861165807 1.081809982645726
60622.3253 lsst_hardware_r 2696.9037272077 56.55463295626006 31.489999771118164 AB 8.781139537331 1.097642442166375
60624.3024 lsst_hardware_z 2656.368477113429 66.82330096547565 30.950000762939453 AB 2.1412267692522877 1.082247545742993
60624.3197 lsst_hardware_g 567.0402347699202 27.755175087454468 31.40999984741211 AB 2.1887174875453805 1.097468237111172
60626.2781 lsst_hardware_z 2588.8842485281484 68.14109828715715 30.950000762939453 AB 4.853269956702619 1.0793839328421573
60626.2959 lsst_hardware_r 2331.3909828373717 59.56504039792676 31.579999923706055 AB 4.395845566096527 1.0817214558219692
60635.1291 lsst_hardware_i 2131.291570484163 57.21886147529402 31.190000534057617 AB 6.391700359507911 1.5247983045226197
60635.1473 lsst_hardware_z 1485.8702402134365 60.20837935690233 30.920000076293945 AB 5.777572439052281 1.3822494770251137
60640.2626 lsst_hardware_i 1830.6572978652366 53.23225066017353 31.25 AB 4.752670561650404 1.0845893568348706
60640.2822 lsst_hardware_u 4.564110469314362 3.5377235794656348 28.43000030517578 AB 4.863128253142158 1.105968597917331
60646.2299 lsst_hardware_z 969.6290211416925 52.5064480464441 30.940000534057617 AB 6.802839507618266 1.0787732486365929
60646.2497 lsst_hardware_u 10.28960919093932 3.313196216977466 28.40999984741211 AB 6.8591176184362 1.087210931422048
60650.2254 lsst_hardware_i 1442.7996902633204 49.25183583089636 31.25 AB 4.570772617418088 1.0797950903420948
60650.2441 lsst_hardware_z 948.1834204978154 51.425818297481285 30.940000534057617 AB 4.603556079732424 1.0921841233054388
60652.2303 lsst_hardware_i 1408.456112617384 48.58055986652398 31.25 AB 6.067243197212039 1.0849054279834964
60652.2485 lsst_hardware_z 804.310523315789 50.83217196200324 30.950000762939453 AB 6.006084969499247 1.1045673507127365
60654.2211 lsst_hardware_z 775.8472102932382 51.98020062690651 30.950000762939453 AB 10.288142024242177 1.082563479164771
60654.2396 lsst_hardware_r 954.2829199132696 43.701434400477815 31.549999237060547 AB 10.47476592514018 1.099770688764807
60656.219 lsst_hardware_i 41.90995439174867 53.869998931884766 31.31999969482422 AB 11.770250830860498 1.0846408027148464
60656.238 lsst_hardware_r 29.712087629441026 58.900001525878906 31.6299991607666 AB 11.958418005049992 1.1051886975855447
60658.23 lsst_hardware_z 48.98471348249952 103.11000061035156 31.729999542236328 AB 8.87915305410317 1.1015497912198826
60660.1955 lsst_hardware_z -27.35071793549415 75.18000030517578 30.989999771118164 AB 9.246330177589224 1.0791806850271914
60660.2143 lsst_hardware_r -23.714294175230584 110.66000366210938 31.649999618530273 AB 9.195247837461542 1.0896995264619644
60663.1731 lsst_hardware_i 30.981454447309495 47.5 31.309999465942383 AB 4.177724450809776 1.080562418573495
60663.1917 lsst_hardware_z -84.16883822093564 50.630001068115234 30.969999313354492 AB 4.182644675991729 1.08036799069894
60665.1672 lsst_hardware_g 22.921164790988847 21.81999969482422 31.579999923706055 AB 3.924678453128388 1.0807320537318963
60665.1863 lsst_hardware_r 8.670538283638441 32.4900016784668 31.579999923706055 AB 3.9801538043580194 1.0803891977084743
60668.1599 lsst_hardware_i 8.77924976390943 30.950000762939453 31.25 AB 6.88075659906826 1.0803935778713656
60668.1791 lsst_hardware_r -5.286660323133226 23.079999923706055 31.5 AB 7.19482990763188 1.0807645756649873
60672.1305 lsst_hardware_g 11.521028982474403 14.069999694824219 31.420000076293945 AB 7.837741643745824 1.0939563794701934
60672.1501 lsst_hardware_r 17.2771394293666 22.959999084472656 31.5 AB 7.678885826883464 1.0800120712916264
60674.1326 lsst_hardware_i 44.58374563769475 30.760000228881836 31.25 AB 7.34405202462696 1.086719743211989
60674.1494 lsst_hardware_z 43.61521813109652 41.459999084472656 30.940000534057617 AB 7.244105195296002 1.0789551973929605
60676.1327 lsst_hardware_i -6.48665760751621 30.950000762939453 31.239999771118164 AB 7.540663245245709 1.0828957366878669
60676.1543 lsst_hardware_u 3.08448905430228 2.680000066757202 28.40999984741211 AB 7.520111170694618 1.0797535801406701
60678.1244 lsst_hardware_g -1.4016864037823367 13.819999694824219 31.399999618530273 AB 4.648983672295559 1.08469054416602
60678.1454 lsst_hardware_r -3.4299893426781245 22.760000228881836 31.489999771118164 AB 4.155835230825976 1.0790173259317086
60680.123 lsst_hardware_i -25.820733342053128 44.16999816894531 32.0 AB 11.338441299251038 1.0822221341272347
60680.1436 lsst_hardware_r -45.66772390939542 32.43000030517578 32.2400016784668 AB 12.209750423973768 1.0798160847220826
60682.1238 lsst_hardware_z 62.9521476446415 43.459999084472656 30.950000762939453 AB 9.491382409634273 1.0797113312946618
60682.1454 lsst_hardware_g -35.84104750371145 22.979999542236328 31.59000015258789 AB 8.628805748287826 1.08297775362354
60684.1229 lsst_hardware_r -45.46585615785969 53.16999816894531 31.6200008392334 AB 7.064928242016963 1.0788620664300166
60684.1439 lsst_hardware_i 8.570742337101825 48.38999938964844 31.299999237060547 AB 6.947806166749295 1.0855947135545774
60686.1218 lsst_hardware_z 53.55778954056632 62.5 30.979999542236328 AB 6.159517416193135 1.0788190587955435
60686.1437 lsst_hardware_r -10.976336642927711 81.76000213623047 31.639999389648438 AB 5.299058625037485 1.0900609154101304
60688.0851 lsst_hardware_i -77.68821900486621 82.9800033569336 31.329999923706055 AB 3.505491186865119 1.0959226303246339
60688.1049 lsst_hardware_z 17.355750177863627 72.94999694824219 30.989999771118164 AB 3.307863566424998 1.0805303461753948
60692.0854 lsst_hardware_i -6.439254063147878 40.68000030517578 31.290000915527344 AB 2.1672075796251327 1.085231637268469
60692.1052 lsst_hardware_r -77.61309287230166 44.369998931884766 31.610000610351562 AB 2.209925785976333 1.0788019458024365
60694.0869 lsst_hardware_u -1.959672025342225 2.7200000286102295 28.450000762939453 AB 4.211594180115278 1.0811896748541723
60694.1079 lsst_hardware_g 24.734869579898973 13.789999961853027 31.40999984741211 AB 4.197155441987487 1.0806734176683228
60697.0743 lsst_hardware_z 35.24717569274812 41.77000045776367 30.940000534057617 AB 11.702030799179772 1.0835213702944233
60697.0935 lsst_hardware_r -51.61887764124271 22.600000381469727 31.479999542236328 AB 12.04263123578044 1.0790082493046016
60701.0685 lsst_hardware_r -27.330409431139742 22.690000534057617 31.5 AB 12.888806890462916 1.0808828074634151
60701.0872 lsst_hardware_z 33.88014070419989 41.84000015258789 30.950000762939453 AB 14.790533011464372 1.0801002661666737
60707.0404 lsst_hardware_y -2.024343857525126 50.029998779296875 30.040000915527344 AB 9.257492548442398 1.0884764901166841
60707.0591 lsst_hardware_i 3.805563879825483 30.610000610351562 31.25 AB 8.747039437152052 1.0789711688269632
60709.0393 lsst_hardware_y 3.871326291054092 49.900001525878906 30.040000915527344 AB 7.5782671225729175 1.0849991704453261
60709.0577 lsst_hardware_r 6.645613821028646 23.809999465942383 31.510000228881836 AB 8.38321449287034 1.078747240517335
60714.0375 lsst_hardware_y 186.46750271300525 83.98999786376953 30.799999237060547 AB 7.016280058854471 1.0794277013622262
60716.0267 lsst_hardware_z -44.962491306664504 72.06999969482422 30.989999771118164 AB 2.7031017910246242 1.0812407164098496
60716.0451 lsst_hardware_r -18.370770862203834 78.18000030517578 31.639999389648438 AB 2.8073453494954057 1.0797482113443868
60718.0253 lsst_hardware_y 76.43192343027215 67.94000244140625 30.049999237060547 AB 2.801972362610046 1.0797581358805788
60718.0422 lsst_hardware_z 35.55646436828384 62.13999938964844 30.979999542236328 AB 2.0834023429219317 1.0806028749595662
60720.0245 lsst_hardware_y 13.203068086967006 63.41999816894531 30.049999237060547 AB 2.770520530257536 1.078863134835473
60720.0415 lsst_hardware_z 21.428050513981024 52.40999984741211 30.969999313354492 AB 2.765423087051706 1.0828871608621462
60722.0217 lsst_hardware_y -41.32551849045976 65.80999755859375 30.049999237060547 AB 3.073322231553335 1.0787371820124025
60722.0396 lsst_hardware_i 18.32297654203512 30.760000228881836 31.239999771118164 AB 3.0097785267758836 1.08519146449467
60724.0201 lsst_hardware_y 120.89836482575504 65.8499984741211 30.059999465942383 AB 3.8809898098743782 1.079051847045703
60724.0382 lsst_hardware_r 6.867734464594796 22.739999771118164 31.5 AB 3.8821351141426494 1.0884490974231726
60954.3681 lsst_hardware_z -11.15227899665609 54.65999984741211 30.969999313354492 AB 6.7066987740448285 1.0847144051287985
60954.3888 lsst_hardware_y 3.02878526752984 77.44000244140625 30.059999465942383 AB 6.217261141230692 1.0790109582142817
60956.3637 lsst_hardware_i 79.89693309193082 66.62000274658203 31.31999969482422 AB 4.703863659951945 1.0840060669728946
60956.3827 lsst_hardware_y 1.945851934715385 64.62000274658203 30.049999237060547 AB 4.380915512012922 1.0789325016758349
60958.3726 lsst_hardware_z -69.59863199456565 87.87999725341797 31.729999542236328 AB 3.2365500849257094 1.0788500283085698
60960.3619 lsst_hardware_r -55.76303973467994 50.33000183105469 31.6200008392334 AB 5.948869273760036 1.0797802408809765
60960.3816 lsst_hardware_y 112.03446117525354 67.58000183105469 30.059999465942383 AB 6.399538657101365 1.0819169327305773
60962.3526 lsst_hardware_z 42.79361547324303 43.279998779296875 30.950000762939453 AB 5.838228897479989 1.0811534995333312
60962.3705 lsst_hardware_y -17.565065464443908 49.9900016784668 30.040000915527344 AB 5.830564473492866 1.0797341617579381
60964.3526 lsst_hardware_u 1.5920308109099852 2.9000000953674316 28.5 AB 7.899953406063084 1.0793760631319966
60964.3718 lsst_hardware_y 29.279455707700198 51.16999816894531 30.040000915527344 AB 7.918588572474055 1.0825014851697823
60966.3511 lsst_hardware_r -12.58885294261697 22.6200008392334 31.489999771118164 AB 6.9157251955786 1.0788261598563522
60966.3707 lsst_hardware_y 133.2234458393061 53.25 30.040000915527344 AB 7.025241121322057 1.0852586696172941
60975.3226 lsst_hardware_z 10.323169116545207 41.5099983215332 30.940000534057617 AB 3.4064805752340503 1.079366468705233
60975.3398 lsst_hardware_r 55.45809372835272 22.520000457763672 31.489999771118164 AB 3.308321952004422 1.0815043975169003
60977.3191 lsst_hardware_u 1.9437693501625513 2.619999885559082 28.3799991607666 AB 3.2532420369405783 1.0790189177248275
60977.3361 lsst_hardware_g -11.110317541506882 13.6899995803833 31.40999984741211 AB 3.8002558766221224 1.0823856099749707
60980.313 lsst_hardware_g -2.01870968471538 13.520000457763672 31.389999389648438 AB 5.904357657300395 1.0788155778002633
60980.3328 lsst_hardware_r -16.738696877146722 22.350000381469727 31.469999313354492 AB 5.857661099610185 1.085489115994228
60990.2938 lsst_hardware_i 13.867946745850697 39.18000030517578 31.280000686645508 AB 2.1398816647344363 1.079657752136559
60990.3126 lsst_hardware_r -47.281238757341306 39.290000915527344 31.59000015258789 AB 2.14416212577436 1.0917322432659673
60992.2767 lsst_hardware_z -20.67904551516691 42.0099983215332 30.950000762939453 AB 4.857372176720453 1.0792561494712902
60992.2952 lsst_hardware_u 2.9626476709449103 3.509999990463257 28.6200008392334 AB 4.35534459513804 1.0824093433085316
60994.2776 lsst_hardware_g -2.5124704582759114 13.930000305175781 31.420000076293945 AB 4.9981321888677765 1.0788111782576681
60994.295 lsst_hardware_r 10.536406439500391 23.139999389648438 31.489999771118164 AB 5.651941325889998 1.0857981543077608
60996.2671 lsst_hardware_r -12.513645457414974 22.81999969482422 31.489999771118164 AB 4.344717877362891 1.0790308896964835
60996.2864 lsst_hardware_i -47.92186307097723 30.889999389648438 31.239999771118164 AB 4.3937981875157535 1.0836398029058358
61000.2693 lsst_hardware_u -5.288410831406355 2.690000057220459 28.440000534057617 AB 3.593914062790528 1.080551431987262
61000.2878 lsst_hardware_g 3.8843430518757924 13.859999656677246 31.40999984741211 AB 3.7320025679481814 1.0944289055566514
61005.2645 lsst_hardware_z -100.59634133445864 41.709999084472656 30.940000534057617 AB 5.855625276843019 1.085447097783555
61005.2835 lsst_hardware_u 1.9683669251041815 2.6500000953674316 28.3799991607666 AB 5.9174736807717645 1.1068974337395743
61007.1849 lsst_hardware_g -13.58410205857109 20.389999389648438 31.520000457763672 AB 3.741769705448459 1.1432523606717124
61007.202 lsst_hardware_r 13.499665977581268 26.260000228881836 31.520000457763672 AB 3.7325751752750604 1.1090151060537963
61010.2552 lsst_hardware_i -31.77925243130242 40.4900016784668 31.290000915527344 AB 8.447599370250822 1.0890174834078168
61010.2747 lsst_hardware_z 26.300977598327247 45.540000915527344 30.950000762939453 AB 8.678505180698263 1.1148920048001194
61012.2258 lsst_hardware_z -33.32876985514146 62.40999984741211 30.979999542236328 AB 6.805839903752946 1.0787951776788314
61012.2458 lsst_hardware_i -53.617818132167976 68.23999786376953 31.31999969482422 AB 6.84911990033017 1.0857491605766476
61014.2361 lsst_hardware_z 61.78411978462192 108.23999786376953 31.739999771118164 AB 2.915000444123991 1.0829387737063214
61019.2318 lsst_hardware_z -30.54080911495133 64.91000366210938 31.709999084472656 AB 10.206699504167451 1.0901099545196464
61021.2207 lsst_hardware_g -6.601753997312586 17.700000762939453 31.5 AB 13.614715528276163 1.0853567863740832
61021.2415 lsst_hardware_r 25.14037870899867 27.360000610351562 31.530000686645508 AB 13.928972166344783 1.1095467224012572
