data/validation/pwv_sim_epoch_fit_epoch/5093582.ecsv
# %ECSV 0.9
# ---
# datatype:
# - {name: time, datatype: float64}
# - {name: band, datatype: string}
# - {name: flux, datatype: float64}
# - {name: fluxerr, datatype: float64}
# - {name: zp, datatype: float64}
# - {name: zpsys, datatype: string}
# - {name: pwv, datatype: float64}
# - {name: airmass, datatype: float64}
# meta: {SNID: '5093582', alt: 1024.0, c: 0.002788721350952983, dec: -54.724628, lat: -30.244573, lon: -70.7499537, ra: 168.868423, t0: 62171.3125,
#   x0: 5.072369925138745e-06, x1: -0.2916679382324219, z: 0.60991370677948}
# schema: astropy-2.0
time band flux fluxerr zp zpsys pwv airmass
62143.3495 lsst_hardware_i 26.68717038667144 39.46236366404654 31.280000686645508 AB 7.556759862140281 1.1045741369333875
62143.3609 lsst_hardware_y 59.38321503882711 61.243180093819035 30.049999237060547 AB 7.534693509684462 1.1008793526952458
62145.3559 lsst_hardware_z -35.24475654374317 46.54074146500938 30.959999084472656 AB 8.084071333005967 1.100797222114604
62147.352 lsst_hardware_r 29.957606047495684 24.578445017767443 31.489999771118164 AB 7.075456679549697 1.1005532243816625
62147.3644 lsst_hardware_y 132.46528430348434 65.09185364096575 30.040000915527344 AB 7.135634559283168 1.1006686039307678
62149.3562 lsst_hardware_z 339.6494087583439 65.8667664046144 31.700000762939453 AB 4.5764504358014 1.100328696245578
62151.3558 lsst_hardware_g 50.66905547149963 16.934158205713317 31.420000076293945 AB 5.937323344497556 1.1011016000675464
62151.3677 lsst_hardware_y 78.87861872604658 62.816348422899694 30.040000915527344 AB 5.949860688436294 1.1053399427382682
62153.3534 lsst_hardware_i 487.4699320542825 37.45302816218005 31.239999771118164 AB 2.5342943233103465 1.101867097091455
62153.3655 lsst_hardware_y 65.54405281809703 56.238725730189635 30.040000915527344 AB 2.546333378607848 1.1071014689599339
62155.3501 lsst_hardware_i 585.57496256044 38.91829925776967 31.229999542236328 AB 6.796076550157914 1.1025432430496291
62155.3622 lsst_hardware_y 215.90778077815932 52.79259478793097 30.030000686645508 AB 6.865136845232379 1.1084123855388373
62157.3327 lsst_hardware_u 12.01980095004323 4.097314480212457 28.3700008392334 AB 13.260340113547597 1.1002149025967722
62157.3461 lsst_hardware_g 235.07681589985216 20.201335746580494 31.3700008392334 AB 12.36204265417442 1.1030643931627062
62159.3345 lsst_hardware_r 1147.980323147316 40.02529941423981 31.469999313354492 AB 10.472658906933665 1.1012259628742025
62159.3471 lsst_hardware_i 972.4256124387398 43.14493635315068 31.239999771118164 AB 10.420864358645995 1.1059847020240383
62164.3414 lsst_hardware_r 1690.5834026121834 53.80169869691629 31.579999923706055 AB 13.140316059507187 1.1109812636620793
62164.3524 lsst_hardware_i 1338.779769788759 47.32737279066393 31.25 AB 13.233812438461342 1.12048874444564
62166.2817 lsst_hardware_r 1981.9799293759293 94.26556081521063 31.639999389648438 AB 13.69896823902164 1.1072110114384028
62166.294 lsst_hardware_i 1589.581289348776 75.74598180637047 31.31999969482422 AB 12.283913122386334 1.1018691832696912
62168.2876 lsst_hardware_z 1052.548119378286 66.83269795386235 30.979999542236328 AB 11.535100088300421 1.1021498268966579
62168.2979 lsst_hardware_i 1511.8664531299964 73.14254870726901 31.31999969482422 AB 10.899042062879177 1.100246523609833
62170.2998 lsst_hardware_z 2440.0255241615314 88.36687986193688 31.719999313354492 AB 10.373861965925938 1.100441494210886
62174.2921 lsst_hardware_z 2337.565265635965 76.17970877596011 31.690000534057617 AB 4.09465903718165 1.1009367579973859
62176.2851 lsst_hardware_g 231.51977204649205 20.218270740666522 31.389999389648438 AB 5.813019348355126 1.1006726865100591
62176.2976 lsst_hardware_r 1521.2286388171517 44.033312846656926 31.469999313354492 AB 6.026031089257436 1.1044778389401537
62178.2713 lsst_hardware_i 1302.3124115785083 47.12906798823068 31.239999771118164 AB 4.0598049184908644 1.100218135092379
62178.2819 lsst_hardware_z 1169.1318143877786 53.036505543034174 30.940000534057617 AB 4.067406645413432 1.1010846360079714
62180.2656 lsst_hardware_i 1243.9984690980082 46.45717251631133 31.25 AB 5.857723020327384 1.1002312799375262
62180.2772 lsst_hardware_u 0.5560777563640779 2.6814147910543253 28.440000534057617 AB 5.839387729991335 1.1012518114080783
62182.2683 lsst_hardware_g 107.22559841125539 17.4113893301753 31.3799991607666 AB 3.7162276664414575 1.1006153313909501
62182.2794 lsst_hardware_r 1110.6976380604085 39.788511754834644 31.469999313354492 AB 3.719452994963165 1.1036952507309095
62186.2708 lsst_hardware_u 0.2060038370780869 2.6629214175098634 28.399999618530273 AB 2.7672260131561237 1.1047177936016996
62186.2822 lsst_hardware_g 103.90068902912702 16.405231229498188 31.3799991607666 AB 2.7822396615493403 1.1116360104745318
62188.2682 lsst_hardware_r 796.7936350207389 35.48519033690964 31.489999771118164 AB 5.681954461211303 1.1061559625979176
62188.2791 lsst_hardware_i 885.4147328347367 42.58225713441642 31.25 AB 5.658293157531565 1.1134719234237254
62190.2484 lsst_hardware_i 838.4540143100093 41.325040449900555 31.239999771118164 AB 12.832095820675752 1.100947691705697
62190.2599 lsst_hardware_z 841.5631720792505 50.072721955387166 30.940000534057617 AB 11.797609476451633 1.1047312814468953
62192.2535 lsst_hardware_i 740.6865998836918 49.58160965556257 31.280000686645508 AB 9.742541517315164 1.104304399892155
62192.2654 lsst_hardware_z 813.9371480689878 53.62370618892347 30.950000762939453 AB 9.814904188182332 1.1113309139289298
62194.2504 lsst_hardware_z 697.7631243112943 62.89629893711114 30.969999313354492 AB 6.5949624240795846 1.1054244760441811
62194.2607 lsst_hardware_r 655.6892496633892 79.03114272162314 31.6299991607666 AB 6.622479885652024 1.1119005852337178
62199.2559 lsst_hardware_z 1152.6577319409614 84.7554952585681 31.719999313354492 AB 6.553384478491275 1.1195827756138907
62202.1922 lsst_hardware_r 269.6679646324274 33.633156106160115 31.540000915527344 AB 10.37255243597869 1.1030523141360864
62202.2048 lsst_hardware_i 441.2580840034547 40.382467000337726 31.260000228881836 AB 10.366419324618136 1.1002939366998998
62204.1865 lsst_hardware_z 552.3615055393891 46.99923822947114 30.940000534057617 AB 9.90282728811512 1.1031435019204947
62204.1984 lsst_hardware_i 395.12933210760315 35.900524009133754 31.239999771118164 AB 9.841987488509686 1.1003703483813272
62206.1827 lsst_hardware_u 1.955301093220687 2.773798959644434 28.43000030517578 AB 9.786544968816706 1.102554002964845
62206.1943 lsst_hardware_g 22.44312608068605 14.03764349777998 31.3700008392334 AB 9.740424097018852 1.100271000199818
62208.19 lsst_hardware_r 198.5277282922648 25.836362061597764 31.479999542236328 AB 15.28977509724242 1.1002212777752334
62208.202 lsst_hardware_i 259.55406358916645 35.05896853460189 31.239999771118164 AB 15.233716958406998 1.101577623718779
62211.1841 lsst_hardware_z 471.2539285033231 46.047412524188104 30.940000534057617 AB 8.619280579744112 1.1002166467070273
62211.1967 lsst_hardware_u -3.184916709374738 2.8732977995031748 28.399999618530273 AB 8.735776765901326 1.1024221389296027
62213.2071 lsst_hardware_r 136.38182837193222 25.21229902780842 31.489999771118164 AB 7.635533223480017 1.1106499391713762
62213.2196 lsst_hardware_i 223.87476421314335 34.34967455230776 31.25 AB 6.617016466362239 1.1215282146376675
62216.2081 lsst_hardware_z 324.9057873257258 46.02877825845723 30.950000762939453 AB 5.926805846041876 1.1182652539701654
62216.2193 lsst_hardware_r 101.14109447260341 25.00307543275263 31.489999771118164 AB 6.425855759872383 1.1304667739582852
62218.1909 lsst_hardware_u 4.943989885826821 3.3904903814816385 28.5 AB 7.576400531807467 1.1089173452094796
62218.2038 lsst_hardware_g 34.33439909955629 14.156888579918357 31.399999618530273 AB 7.691263980180738 1.1193805821832084
62220.1864 lsst_hardware_r 170.99209765942916 39.488183488396096 31.59000015258789 AB 7.6152469274968935 1.1095551618499602
62220.1981 lsst_hardware_z 250.72034869890703 48.59385404352939 30.959999084472656 AB 7.701151695854325 1.1191501102058965
62222.1881 lsst_hardware_r 112.53527049143075 61.65108658229149 31.6299991607666 AB 7.471750353645658 1.115020199021886
62222.1983 lsst_hardware_y 277.01794921795465 51.92656443523245 30.030000686645508 AB 7.631179225694463 1.125044851200717
62224.1879 lsst_hardware_z 239.32825525768823 69.12852909717805 30.979999542236328 AB 7.354110312598227 1.1198584304245904
62224.1989 lsst_hardware_r 127.69112865684954 98.06288885559488 31.639999389648438 AB 7.411189179665996 1.1322859818190054
62226.1903 lsst_hardware_i 61.23627700913708 80.37185418290534 31.31999969482422 AB 5.214316636873 1.1284160726132704
62226.2022 lsst_hardware_z 237.1444679137542 71.71098821066106 30.979999542236328 AB 5.473587246558169 1.1445033448109083
62228.1359 lsst_hardware_i 118.97473078035769 55.07444572790992 31.309999465942383 AB 9.205024732232976 1.1002240760452968
62228.1492 lsst_hardware_z 271.7112510173774 55.48388171028598 30.969999313354492 AB 9.196992504525214 1.1020961659107507
62230.1243 lsst_hardware_i 89.33841829557292 38.57303024155639 31.270000457763672 AB 6.604724317756755 1.1007873862927926
62230.136 lsst_hardware_z 241.62845519903402 47.45045307792926 30.950000762939453 AB 6.506669901993089 1.1004938523455878
62232.1287 lsst_hardware_g 25.358111264950946 13.738578926598073 31.360000610351562 AB 12.781925458536406 1.1003250082672411
62232.1408 lsst_hardware_r 68.18048570456745 23.75564129964125 31.459999084472656 AB 12.714056695948535 1.102932699713601
62236.1198 lsst_hardware_u 5.417839252852265 2.863753103541196 28.40999984741211 AB 5.566793639854633 1.10051933572085
62236.1316 lsst_hardware_g 41.06738254032741 13.962618491899788 31.3799991607666 AB 5.322074423518264 1.103592415452206
62238.1147 lsst_hardware_r 36.96195495088666 23.640728712165412 31.469999313354492 AB 7.574638237338648 1.1005649454905408
62238.1256 lsst_hardware_i 195.76401729441375 32.34793354590601 31.239999771118164 AB 6.951294947253912 1.1033801503577638
62242.1123 lsst_hardware_z 124.61076069411028 43.80974845937209 30.940000534057617 AB 17.62349164605196 1.1025248141584827
62242.1232 lsst_hardware_r 43.492947689040356 23.69870781301765 31.479999542236328 AB 17.672581761215437 1.1075822111566456
62244.1164 lsst_hardware_u 0.39743923279481636 2.6702088556892165 28.40999984741211 AB 12.506912965596937 1.1068064571324723
62244.128 lsst_hardware_g 47.391076567022644 13.904143802135003 31.399999618530273 AB 13.072751534528702 1.1150102238531292
62248.0482 lsst_hardware_r 92.83298006786484 32.85575731991855 31.559999465942383 AB 10.440659968730417 1.1140268852678759
62248.0581 lsst_hardware_i 21.9896587351572 36.21854645617173 31.260000228881836 AB 10.352740772696912 1.1071068607514476
62250.096 lsst_hardware_z 281.54464580262 70.72153680831673 31.700000762939453 AB 10.018902608487382 1.1047417144654736
62254.0527 lsst_hardware_i -97.96367075506797 80.7300033569336 31.329999923706055 AB 1.783978760833967 1.1022420517973228
62254.0637 lsst_hardware_z -2.4906880432850675 70.2300033569336 30.989999771118164 AB 1.8046405707300897 1.1002787749599163
62259.0853 lsst_hardware_r 11.58220747230448 22.139999389648438 31.469999313354492 AB 14.630683594259036 1.1135733602967641
62259.0973 lsst_hardware_z 40.53992459762168 44.77000045776367 30.950000762939453 AB 14.827709673913533 1.125101272775896
62261.0866 lsst_hardware_r -1.84531185093891 22.1299991607666 31.469999313354492 AB 10.394888142436384 1.119615999257141
62261.0984 lsst_hardware_u -2.047938974643243 2.5799999237060547 28.350000381469727 AB 10.486377287330594 1.1329887404603312
62264.0858 lsst_hardware_g -6.0702425027991715 13.239999771118164 31.389999389648438 AB 11.707516036013798 1.12756583222706
62264.0966 lsst_hardware_r 7.1312174786047136 22.299999237060547 31.479999542236328 AB 11.843376576754935 1.1417870599095314
62268.0941 lsst_hardware_z -48.4590714754142 42.790000915527344 30.940000534057617 AB 14.01158857204634 1.1551185962115698
62268.1043 lsst_hardware_r 16.673568338644543 22.469999313354492 31.459999084472656 AB 14.275065104639138 1.1740328238044984
62270.0207 lsst_hardware_i -32.52224408358338 30.389999389648438 31.239999771118164 AB 6.475387824520946 1.1002584658791916
62272.0213 lsst_hardware_g -22.98102992397538 12.979999542236328 31.3700008392334 AB 5.79970492189906 1.1005132679125353
62272.0343 lsst_hardware_r -7.948055232759582 21.899999618530273 31.469999313354492 AB 5.801375341913875 1.1040249948930103
62277.0207 lsst_hardware_i 27.73816655142316 34.79999923706055 31.260000228881836 AB 7.36768944017506 1.1040493666595568
62277.0337 lsst_hardware_r 35.66098754953052 31.549999237060547 31.559999465942383 AB 7.446841799328524 1.1116763275728345
62279.0152 lsst_hardware_z -66.12771856616135 69.83000183105469 31.709999084472656 AB 1.406538205024592 1.1040331279624294
62281.9955 lsst_hardware_i -57.038670058805714 68.52999877929688 31.31999969482422 AB 6.370019767420843 1.1007147597997022
62282.0078 lsst_hardware_z -42.8492183047212 62.20000076293945 30.979999542236328 AB 6.266340641988407 1.1043793814545697
62284.9961 lsst_hardware_g 54.72624835608984 67.91000366210938 31.700000762939453 AB 9.71187211258217 1.1029638127914596
62285.0095 lsst_hardware_r -75.17310056873548 73.36000061035156 31.6299991607666 AB 10.485687992511457 1.1099881431734075
62287.9903 lsst_hardware_i 27.768544978731462 30.239999771118164 31.229999542236328 AB 7.5604138309562146 1.1038980601498378
62288.0027 lsst_hardware_r -15.476999067274495 21.920000076293945 31.469999313354492 AB 7.554604906116465 1.1109713097230096
62290.9947 lsst_hardware_u 4.024871541083257 2.549999952316284 28.34000015258789 AB 11.99999772207826 1.1111109001924315
62291.0072 lsst_hardware_g 0.6606659743028127 12.960000038146973 31.360000610351562 AB 12.584256669062441 1.1221749277606399
62509.3459 lsst_hardware_u -0.5874716577056057 2.990000009536743 28.489999771118164 AB 9.633365487061466 1.105377565927879
62509.358 lsst_hardware_z 43.09336971539801 49.72999954223633 30.959999084472656 AB 9.661429281747074 1.101101236380398
62512.3514 lsst_hardware_r 37.387651498167244 23.020000457763672 31.489999771118164 AB 7.0671547614680845 1.1008029223470537
62512.3633 lsst_hardware_y -9.787789098646886 60.029998779296875 30.040000915527344 AB 7.14125255349741 1.1004742541121717
62514.3466 lsst_hardware_g 2.456997625619424 13.4399995803833 31.389999389648438 AB 4.607886696385371 1.1006975148623388
62514.3592 lsst_hardware_y -11.775542984379861 51.810001373291016 30.030000686645508 AB 4.568078831048814 1.100653481097618
62519.3521 lsst_hardware_y -36.00009004934703 71.30999755859375 30.780000686645508 AB 7.3707985343698335 1.1021342804934136
62521.3502 lsst_hardware_r -34.31850840193985 79.83000183105469 31.639999389648438 AB 10.674286360703597 1.1033709445903919
62521.3627 lsst_hardware_z -71.0625920569924 60.869998931884766 30.969999313354492 AB 10.739825350737059 1.1101455255691202
62523.3419 lsst_hardware_i -6.0797942585237665 57.220001220703125 31.309999465942383 AB 9.822050820472594 1.102362606113647
62523.3549 lsst_hardware_z 74.20081501462174 55.56999969482422 30.969999313354492 AB 9.888786377031115 1.1085876247115483
62525.3338 lsst_hardware_r 24.631311581054447 57.54999923706055 31.6200008392334 AB 7.832371933118878 1.1015994280054793
62525.3458 lsst_hardware_z -8.40278892675572 51.7599983215332 30.959999084472656 AB 7.804857462527887 1.1064311397693263
62527.3293 lsst_hardware_g 36.84323938099267 35.83000183105469 31.649999618530273 AB 13.430016089305921 1.1018596291016807
62527.3435 lsst_hardware_i 21.676904253649287 38.970001220703125 31.270000457763672 AB 15.502539860361372 1.1082874302926142
62529.3343 lsst_hardware_r 33.43723154647337 25.549999237060547 31.510000228881836 AB 13.068906777112755 1.1061205755732648
62529.3473 lsst_hardware_z 60.71816349830949 42.400001525878906 30.940000534057617 AB 13.181223118860293 1.1151469763985526
62531.2861 lsst_hardware_r -27.71520436879524 21.940000534057617 31.469999313354492 AB 13.800619678434813 1.1052653661775804
62531.2971 lsst_hardware_u -1.8625862361928525 2.5399999618530273 28.329999923706055 AB 12.289697214850957 1.1013013611892337
62533.2826 lsst_hardware_g 10.273492763602091 13.109999656677246 31.3799991607666 AB 11.538950759691817 1.1043467198071668
62533.2946 lsst_hardware_r 42.7243735149013 22.09000015258789 31.479999542236328 AB 10.84332410141732 1.1007333368609604
62537.2848 lsst_hardware_r 10.902431977685005 21.850000381469727 31.469999313354492 AB 6.186335295957389 1.1005755730221445
