data/validation/pwv_sim_epoch_fit_epoch/50961820.ecsv
# %ECSV 0.9
# ---
# datatype:
# - {name: time, datatype: float64}
# - {name: band, datatype: string}
# - {name: flux, datatype: float64}
# - {name: fluxerr, datatype: float64}
# - {name: zp, datatype: float64}
# - {name: zpsys, datatype: string}
# - {name: pwv, datatype: float64}
# - {name: airmass, datatype: float64}
# meta: {SNID: '50961820', alt: 1024.0, c: 0.01958485133945942, dec: -49.896984, lat: -30.244573, lon: -70.7499537, ra: 255.139542, t0: 62959.421875,
#   x0: 8.255494743555912e-06, x1: 0.8676427602767944, z: 0.4985371232032776}
# schema: astropy-2.0
time band flux fluxerr zp zpsys pwv airmass
62946.395 lsst_hardware_u 2.2550801283228643 2.998070410830166 28.530000686645508 AB 6.404859093551664 1.0651096053578155
62946.4076 lsst_hardware_y 522.402852750506 62.65957215044798 30.059999465942383 AB 6.57871698621968 1.0622255628987642
62948.3939 lsst_hardware_r 2296.8301679072797 52.99388616188177 31.520000457763672 AB 6.787229295558601 1.0636623249582642
62948.4071 lsst_hardware_y 425.2977235633319 59.112349135607715 30.059999465942383 AB 6.7318131629110685 1.0621771390337373
62952.393 lsst_hardware_r 2646.914715043398 57.71641480770184 31.520000457763672 AB 8.299724884510974 1.0621381957356477
62952.4055 lsst_hardware_z 1666.9550290375375 58.62215512943858 30.959999084472656 AB 8.312276924071279 1.0637445141181119
62954.3959 lsst_hardware_z 1678.2628411666904 57.85400791624802 30.959999084472656 AB 9.703190170378116 1.0627809606109655
62954.4078 lsst_hardware_y 505.127463021537 57.012271909649606 30.049999237060547 AB 9.699241978700016 1.066710386982185
62956.3941 lsst_hardware_u 7.999385816775926 3.550935540323393 28.510000228881836 AB 5.318056584627544 1.0636113169255088
62956.4055 lsst_hardware_y 626.4961376044384 54.76036092103736 30.049999237060547 AB 5.341774014828059 1.0683548029656118
62958.373 lsst_hardware_g 1011.5981531984519 34.262626838272574 31.43000030517578 AB 9.498132317454443 1.0624011987869058
62958.3854 lsst_hardware_i 2178.781102542979 55.7319210299284 31.260000228881836 AB 11.175086845253642 1.0628599678453174
62960.3747 lsst_hardware_z 1724.6359681334627 58.54652529015804 30.940000534057617 AB 8.086168778884874 1.0621992440955697
62960.3861 lsst_hardware_r 2927.4467900056457 57.916038176091824 31.479999542236328 AB 8.820836752247082 1.0645149195651764
62962.3768 lsst_hardware_y 695.4818033072255 54.78509675386137 30.040000915527344 AB 20.597079087486744 1.0633723365665437
62962.3903 lsst_hardware_g 1020.6015458988575 56.82256097708209 31.690000534057617 AB 20.82631815733273 1.0690350970710938
62965.3646 lsst_hardware_r 3105.89105440056 110.00492487075493 31.649999618530273 AB 7.63750932609931 1.0625730341343689
62965.3766 lsst_hardware_i 2281.1238122478244 89.00390423098625 31.329999923706055 AB 7.143323212893246 1.0661676437154097
62968.3893 lsst_hardware_r 2645.924908266293 84.37466230269051 31.639999389648438 AB 6.753390381771098 1.081191175788849
62968.4017 lsst_hardware_z 1660.6028487319445 70.34727711360169 30.979999542236328 AB 6.87548484593002 1.0956074967620142
62972.3076 lsst_hardware_g 430.2056286750055 27.599738449828806 31.520000457763672 AB 18.356446997830837 1.0749012529960282
62972.318 lsst_hardware_i 1835.241652901552 52.61543281912874 31.260000228881836 AB 18.18458818390234 1.0679018215074292
62973.3336 lsst_hardware_z 1419.4510896303652 55.15338699835663 30.959999084472656 AB 15.616964606171074 1.0622520860558184
62973.3392 lsst_hardware_r 1932.552974822127 49.89657472644406 31.520000457763672 AB 15.641087857362674 1.0622010746248038
62975.3277 lsst_hardware_u 1.3659556709558713 2.94076632173966 28.489999771118164 AB 11.346846482947258 1.0622896112856115
62975.3399 lsst_hardware_g 331.3292676884154 22.6546249490898 31.420000076293945 AB 11.647814757656827 1.0630478011916424
62977.3084 lsst_hardware_r 1544.257384250243 45.17874363855786 31.5 AB 9.554700522679648 1.065926707313306
62977.3199 lsst_hardware_i 1559.0855235489794 49.51543129537712 31.25 AB 9.492188162145485 1.0625682883771845
62984.304 lsst_hardware_r 892.2596352586673 37.911863091076675 31.5 AB 3.0804459607958505 1.0622227451020174
62984.3154 lsst_hardware_u 6.533918951537737 3.2214622011780807 28.459999084472656 AB 3.0828875899908237 1.0630646862037323
62986.2868 lsst_hardware_g 132.2983518860887 17.54766335206145 31.3799991607666 AB 11.24830436928126 1.0647434167748013
62990.3041 lsst_hardware_y 415.39049582077655 52.47838987466474 30.040000915527344 AB 9.732424934084504 1.0644867492664023
62990.3158 lsst_hardware_g 113.77868804318356 49.43738369105196 31.700000762939453 AB 9.811826851152448 1.070235169875284
63005.2777 lsst_hardware_z 660.5760716561688 48.505963479836005 30.950000762939453 AB 8.098904610696632 1.072170062643973
63005.2896 lsst_hardware_r 265.95173988046093 28.04513885589267 31.489999771118164 AB 8.160892491961025 1.082525948195829
63010.2231 lsst_hardware_i 417.69929531719197 36.438000585764534 31.25 AB 7.930444053359011 1.064132043389334
63010.2352 lsst_hardware_r 231.1439458972612 27.203375862898096 31.489999771118164 AB 7.947109025225922 1.0621400697515468
63013.2203 lsst_hardware_u -0.5997610077345048 3.092567476815103 28.450000762939453 AB 5.2037946042436785 1.0627941869923327
63013.2325 lsst_hardware_g 44.982572408384854 15.573250529486483 31.43000030517578 AB 5.3065377600406585 1.0624408222185422
63015.2209 lsst_hardware_r 195.61325162236122 26.97576812452252 31.510000228881836 AB 9.469120154340496 1.0621559343063058
63015.2333 lsst_hardware_i 296.33559044834936 35.666788958065496 31.25 AB 9.552385899282 1.063700593810425
63017.199 lsst_hardware_z 435.9987537135705 49.798825865298596 30.959999084472656 AB 8.309117105341285 1.0660231067216133
63017.2119 lsst_hardware_r 204.5385400315492 40.55987170262986 31.600000381469727 AB 7.639496967045559 1.0624184545307191
63019.2191 lsst_hardware_z 944.2753304769368 81.34453119998366 31.729999542236328 AB 11.235064774353722 1.0629200354166246
63020.2183 lsst_hardware_r 92.61298421585505 84.35818251988016 31.649999618530273 AB 9.978809869566678 1.0633477643128866
63020.2304 lsst_hardware_z 385.9418291959844 64.89680282963425 30.979999542236328 AB 9.968790525852114 1.0681609964124703
63031.204 lsst_hardware_u -1.9688149206619185 2.6848647970030863 28.350000381469727 AB 13.63160367886302 1.0703346472967104
63031.2161 lsst_hardware_g 34.743591379446826 14.989275458415806 31.40999984741211 AB 14.355253234218837 1.0800325948327003
63036.2016 lsst_hardware_r 31.340498039291436 23.34000015258789 31.5 AB 4.0778633849783885 1.0792281024158763
63036.2143 lsst_hardware_i 7.845107819287345 31.280000686645508 31.25 AB 3.751034767917082 1.0933305128735726
63044.1389 lsst_hardware_z -82.75556955138069 42.310001373291016 30.959999084472656 AB 8.49169981249743 1.062347766367485
63044.1513 lsst_hardware_i -39.891548292313765 32.13999938964844 31.260000228881836 AB 8.566526384288183 1.0630203157207376
63046.1312 lsst_hardware_z -53.571614443521156 64.62000274658203 31.709999084472656 AB 5.211339426963674 1.0626350573247934
63051.1031 lsst_hardware_i -26.31990306808125 97.36000061035156 31.34000015258789 AB 9.42368137232803 1.0675065982077194
63051.1147 lsst_hardware_z 176.40272467065017 82.37000274658203 31.0 AB 9.454343734248809 1.0631817525160314
63053.109 lsst_hardware_r -17.274867363668267 89.06999969482422 31.649999618530273 AB 5.596350423244045 1.0632374699808407
63053.1203 lsst_hardware_z 54.54820459503279 63.36000061035156 30.979999542236328 AB 5.574581027004816 1.0621958830711753
63061.1039 lsst_hardware_r 11.38636735529182 22.739999771118164 31.489999771118164 AB 8.000641057990602 1.062831473850757
63061.1158 lsst_hardware_i 8.01385877772644 30.760000228881836 31.25 AB 8.005885426046213 1.0667994571379107
63063.1045 lsst_hardware_z 2.0836007034226878 41.380001068115234 30.940000534057617 AB 4.004303664127516 1.0644082041808018
63063.1164 lsst_hardware_i 5.19905410240945 30.670000076293945 31.239999771118164 AB 3.996118403114918 1.070197751235918
63066.1055 lsst_hardware_u 0.34528483956333594 2.6500000953674316 28.399999618530273 AB 3.0836981817299125 1.068564198116054
63066.1184 lsst_hardware_g 4.678542837134083 13.899999618530273 31.40999984741211 AB 3.079092492140826 1.078050706240588
63068.0888 lsst_hardware_g 0.8979062662924919 13.770000457763672 31.399999618530273 AB 6.041528310657632 1.0637742065954277
63068.1003 lsst_hardware_r 29.401362788680938 22.6299991607666 31.479999542236328 AB 6.035563134557204 1.0687141451185842
63074.049 lsst_hardware_z 37.86278599454399 43.41999816894531 30.950000762939453 AB 3.6677039998476877 1.0639506852847016
63074.0611 lsst_hardware_r -18.559143891661947 31.90999984741211 31.559999465942383 AB 3.708774726513767 1.0621535695607551
63074.9802 lsst_hardware_g -35.24032881385272 38.880001068115234 31.639999389648438 AB 4.692508622976029 1.1421232678683317
63074.9884 lsst_hardware_i 20.694980854994082 41.189998626708984 31.270000457763672 AB 4.638974679363157 1.1255321812482357
63076.0892 lsst_hardware_z 34.66545990405297 74.9800033569336 31.719999313354492 AB 3.9562627427737778 1.076387632369413
63078.1412 lsst_hardware_y 80.43373958251108 56.810001373291016 30.010000228881836 AB 4.340857574656101 1.1732047499070544
63078.1493 lsst_hardware_r -44.26963139247368 90.1500015258789 31.610000610351562 AB 4.423944572839882 1.1956606953621303
63082.029 lsst_hardware_z 40.128897879017615 57.810001373291016 30.969999313354492 AB 0.4333526344133543 1.0634420476401334
63082.041 lsst_hardware_r -77.38041286131032 77.27999877929688 31.639999389648438 AB 0.3898263058725077 1.062197018726179
63086.0298 lsst_hardware_i 27.279529936407098 30.65999984741211 31.25 AB 4.0968509210621855 1.0621858753078004
63086.0413 lsst_hardware_z 16.444828464098315 41.5 30.950000762939453 AB 4.1301224098310625 1.0642816723495265
63095.0165 lsst_hardware_r -5.3338073458636535 22.989999771118164 31.510000228881836 AB 4.161505761617064 1.0642103173021793
63095.0288 lsst_hardware_i -17.728213722597314 30.739999771118164 31.25 AB 4.228533711920083 1.0700633602497047
63096.0103 lsst_hardware_z 13.964406146177629 41.439998626708984 30.950000762939453 AB 2.5313315597111226 1.0632496312974704
63096.0214 lsst_hardware_r 21.991741520883537 22.850000381469727 31.5 AB 2.544656195555294 1.0673893437731938
63101.0082 lsst_hardware_u -3.9249792049233876 3.0899999141693115 28.540000915527344 AB 1.419229584798012 1.0676250637898785
63101.0196 lsst_hardware_r -11.299704382446855 24.280000686645508 31.510000228881836 AB 1.424919141367684 1.0752754179607729
