data/validation/pwv_sim_epoch_fit_epoch/50975445.ecsv
# %ECSV 0.9
# ---
# datatype:
# - {name: time, datatype: float64}
# - {name: band, datatype: string}
# - {name: flux, datatype: float64}
# - {name: fluxerr, datatype: float64}
# - {name: zp, datatype: float64}
# - {name: zpsys, datatype: string}
# - {name: pwv, datatype: float64}
# - {name: airmass, datatype: float64}
# meta: {SNID: '50975445', alt: 1024.0, c: 0.056306391954422, dec: -58.730057, lat: -30.244573, lon: -70.7499537, ra: 138.727814, t0: 62435.91796875,
#   x0: 4.9950461604425244e-05, x1: 0.7411994934082031, z: 0.23040884733200073}
# schema: astropy-2.0
time band flux fluxerr zp zpsys pwv airmass
62483.3341 lsst_hardware_g 536.52728300723 27.13382256560426 31.389999389648438 AB 11.968183832399399 1.1435481008741595
62483.3461 lsst_hardware_y 827.7601431702419 61.03185715719822 30.030000686645508 AB 11.957399475306456 1.1397497414803637
62485.3297 lsst_hardware_i 2532.79888308487 59.22788673601016 31.229999542236328 AB 9.436737322654944 1.1430795661142499
62485.3435 lsst_hardware_z 1636.753961031096 58.83942396300401 30.940000534057617 AB 9.520798445947056 1.1393377195972665
62487.3361 lsst_hardware_r 1888.9281865075916 48.67283750669596 31.469999313354492 AB 8.30654236058182 1.1395997202060395
62487.3486 lsst_hardware_y 694.4667178073121 63.14076316828953 30.020000457763672 AB 8.305403783311927 1.1394435153398172
62489.3368 lsst_hardware_r 2109.174978060956 66.29423208381523 31.600000381469727 AB 5.959831758591944 1.1390752891266098
62489.3488 lsst_hardware_y 796.0631929823772 60.46585856012103 30.020000457763672 AB 5.952196170346672 1.1405587960552328
62491.337 lsst_hardware_z 1309.736961024179 68.05565669808526 30.969999313354492 AB 7.250910031516909 1.1393636127459923
62491.3475 lsst_hardware_y 551.6041267610459 63.339573811864234 30.020000457763672 AB 7.4174672755817275 1.1418514894676304
62493.3386 lsst_hardware_z 1156.6613605281643 64.50734881815889 30.959999084472656 AB 6.953867869042898 1.140757545160792
62493.3508 lsst_hardware_y 637.4475312361782 65.84137103436223 30.020000457763672 AB 6.981713436683349 1.145889449902894
62495.3389 lsst_hardware_r 1917.9916010686356 70.2296220971262 31.6200008392334 AB 7.405018014161535 1.1427496935434467
62495.3518 lsst_hardware_y 611.9847157990088 62.47319457070913 30.030000686645508 AB 7.413349686856715 1.1500251598769384
62497.3189 lsst_hardware_i 1973.1006083816164 59.6037099356077 31.280000686645508 AB 6.804466706703088 1.1392042033656797
62497.3308 lsst_hardware_z 1039.27357884076 56.3493906481226 30.950000762939453 AB 6.8459899597088265 1.141743631488673
62499.3199 lsst_hardware_r -8.622620347411225 27.809999465942383 31.520000457763672 AB 7.955977703911764 1.1401788096465475
62499.3317 lsst_hardware_g 9.633433769917398 22.100000381469727 31.540000915527344 AB 7.952780653528851 1.1444496551344205
62503.3191 lsst_hardware_z 30.820352617450585 42.150001525878906 30.940000534057617 AB 5.9298172920552705 1.143648465198702
62503.3312 lsst_hardware_i -27.368818804102848 30.690000534057617 31.229999542236328 AB 5.937896876752758 1.150941084171105
62505.3208 lsst_hardware_u 2.9612306972914255 2.5199999809265137 28.290000915527344 AB 3.764338780921599 1.1475476417807944
62505.3334 lsst_hardware_g -4.573241814510822 12.979999542236328 31.34000015258789 AB 3.1668543541995335 1.1573702527910583
62507.3196 lsst_hardware_r 23.480361820101066 22.149999618530273 31.459999084472656 AB 8.312916615423816 1.1504440016732302
62507.3315 lsst_hardware_i 46.04292615744084 31.040000915527344 31.229999542236328 AB 8.442261535983658 1.1608472376739276
62509.3192 lsst_hardware_z 29.597523347032954 42.09000015258789 30.940000534057617 AB 10.16145861973328 1.154448832053315
62509.3319 lsst_hardware_u -1.2437958282043464 2.609999895095825 28.3799991607666 AB 10.183138590644624 1.1672556843930106
62512.268 lsst_hardware_r -32.37198152294414 21.920000076293945 31.459999084472656 AB 6.967718456227242 1.1396023098640713
62512.2801 lsst_hardware_i 10.428024859872078 30.59000015258789 31.229999542236328 AB 6.992349745650577 1.1394377640929771
62517.2623 lsst_hardware_z -14.164107438621574 48.13999938964844 30.950000762939453 AB 5.30146711814506 1.139120566855406
62517.2754 lsst_hardware_g 15.852152840890504 35.54999923706055 31.6299991607666 AB 5.248587181703955 1.141493514942139
62519.2651 lsst_hardware_r 21.858221121235047 73.55999755859375 31.6200008392334 AB 8.409804411017099 1.1401578648342054
62519.2783 lsst_hardware_i -51.84355171506354 59.0 31.299999237060547 AB 8.380153105156126 1.1450903810279378
62521.2766 lsst_hardware_z -66.01459965519594 85.4000015258789 31.719999313354492 AB 13.578585722682803 1.1472437419713728
62523.2789 lsst_hardware_z -74.10655095264784 55.560001373291016 30.969999313354492 AB 11.26502741301222 1.152746946789804
62523.2908 lsst_hardware_r -67.65668240505283 69.48999786376953 31.6200008392334 AB 11.402046760852757 1.1640185557040543
62525.2494 lsst_hardware_r -40.27877974332487 53.189998626708984 31.610000610351562 AB 11.567406194649607 1.1403200113022176
62525.2623 lsst_hardware_i -72.76508772537606 47.43000030517578 31.280000686645508 AB 10.831865060665141 1.1452999394493153
62527.2507 lsst_hardware_z 34.81000850340891 44.900001525878906 30.93000030517578 AB 14.54718291870739 1.1424489203173342
62527.2625 lsst_hardware_i -20.230807674293168 37.029998779296875 31.25 AB 14.703595120771746 1.1487183688102927
62529.2577 lsst_hardware_g 2.9489442124932204 16.75 31.459999084472656 AB 13.541999877202375 1.1491690723882928
62529.2692 lsst_hardware_r -22.95855635481133 24.540000915527344 31.489999771118164 AB 13.613023507687672 1.1586538009777574
62531.2414 lsst_hardware_r -5.806668292117265 21.75 31.459999084472656 AB 14.072593470824128 1.1431219650295783
62531.2531 lsst_hardware_i 44.62354720602791 30.420000076293945 31.229999542236328 AB 14.233688660751488 1.1497712223016248
62533.2374 lsst_hardware_z 61.857386409691095 42.189998626708984 30.940000534057617 AB 14.346320785770938 1.1437786893615338
62533.2488 lsst_hardware_u -4.988616308950709 2.5999999046325684 28.3700008392334 AB 14.443994151690365 1.1506102616853717
62535.2405 lsst_hardware_g 0.47760389557776245 12.699999809265137 31.329999923706055 AB 10.3515822573237 1.1486230381880458
62535.2518 lsst_hardware_r 4.406387432709263 21.860000610351562 31.450000762939453 AB 10.57069178132373 1.1576918990224034
62537.1994 lsst_hardware_r 1.962672068465697 21.700000762939453 31.459999084472656 AB 7.913974201301468 1.1396852248418012
62537.212 lsst_hardware_i -60.98062843585767 30.299999237060547 31.229999542236328 AB 6.142594397515178 1.1394869646639474
62539.2319 lsst_hardware_i -20.24610126269478 30.56999969482422 31.219999313354492 AB 6.772610183610856 1.1502395012926097
62539.2438 lsst_hardware_u -4.601230642959175 2.4200000762939453 28.209999084472656 AB 6.826333958759161 1.1605464057734087
62541.2398 lsst_hardware_g 4.640747409607986 12.859999656677246 31.350000381469727 AB 6.206525232696139 1.1620530299000447
62541.2515 lsst_hardware_r 13.339440205684319 22.1200008392334 31.459999084472656 AB 6.213144496271438 1.176045143386237
62543.1936 lsst_hardware_r -3.644716468942679 21.93000030517578 31.469999313354492 AB 3.076055512338749 1.1392798193847218
62543.205 lsst_hardware_i -14.039855637181573 30.579999923706055 31.239999771118164 AB 3.0826526119425774 1.141723189608362
62548.1901 lsst_hardware_z -19.629279821137946 55.2599983215332 30.969999313354492 AB 4.750153472902703 1.1413151064158344
62548.2017 lsst_hardware_r -3.6979571957360786 70.33999633789062 31.6200008392334 AB 4.7578570510105305 1.1465636720243868
62550.1769 lsst_hardware_r 89.70469701198738 90.12000274658203 31.6299991607666 AB 7.3683597392451645 1.1395545529299667
62550.1878 lsst_hardware_i -103.06461768047213 70.33000183105469 31.309999465942383 AB 7.245899956747495 1.1424359411505707
62554.1811 lsst_hardware_z -20.93332576716005 71.63999938964844 31.709999084472656 AB 9.157143951217547 1.1442973207532159
62556.167 lsst_hardware_r -29.65467874785752 33.13999938964844 31.559999465942383 AB 10.918826013203931 1.140943157074601
62556.1794 lsst_hardware_i -39.421961754199884 37.13999938964844 31.260000228881836 AB 11.176483109430695 1.1463059599416097
62557.1634 lsst_hardware_z 18.586987099326393 43.119998931884766 30.93000030517578 AB 9.933142896738442 1.1407025672124151
62557.1748 lsst_hardware_u -6.076270174224976 3.0299999713897705 28.43000030517578 AB 10.710358172770468 1.1452682902928402
62559.1669 lsst_hardware_g 2.8394672113549864 12.640000343322754 31.329999923706055 AB 7.647899473051623 1.1440388142186422
62559.1801 lsst_hardware_r -8.758722827756182 21.739999771118164 31.450000762939453 AB 7.657600783522601 1.1523853699808144
62561.1652 lsst_hardware_i -38.76116014695486 30.399999618530273 31.229999542236328 AB 4.677394695048159 1.1459989452525199
62561.1767 lsst_hardware_z 47.895278358368635 41.970001220703125 30.940000534057617 AB 4.442770866927115 1.1540663781090437
62563.1569 lsst_hardware_i -18.76271543361269 30.309999465942383 31.219999313354492 AB 5.5553647902408825 1.1444921281913643
62563.1695 lsst_hardware_u 2.3544402239241604 2.5 28.290000915527344 AB 6.262320617608194 1.1526450612199879
62566.1383 lsst_hardware_u -0.27035061404603095 2.5299999713897705 28.31999969482422 AB 8.76607045687589 1.1405738548218618
62566.1507 lsst_hardware_g 22.211577858611896 12.760000228881836 31.350000381469727 AB 8.759511650209149 1.1455333457117458
62568.1606 lsst_hardware_i -8.3718760182185 30.469999313354492 31.229999542236328 AB 13.247259018091837 1.1567132956203305
62568.1722 lsst_hardware_r -48.03251452593655 21.8700008392334 31.459999084472656 AB 12.6114288665493 1.1689696312322657
62571.1433 lsst_hardware_z 93.2666883399608 59.27000045776367 31.690000534057617 AB 8.65656920756739 1.1494072595690081
62572.1337 lsst_hardware_g 7.667097737097291 17.149999618530273 31.469999313354492 AB 9.435939415276245 1.1452077693156435
62572.145 lsst_hardware_r -8.141182938913438 24.579999923706055 31.489999771118164 AB 9.4553252371304 1.1527135773484722
62575.1389 lsst_hardware_i -17.517735346650735 43.220001220703125 31.280000686645508 AB 11.590590295806189 1.1544412645225286
62575.1502 lsst_hardware_z 19.433181373961435 48.209999084472656 30.950000762939453 AB 11.509551868880333 1.1656127674386008
62578.1157 lsst_hardware_i 75.040666438811 64.12000274658203 31.309999465942383 AB 9.236342189784509 1.1443863449119698
62578.1281 lsst_hardware_z -10.025086697331972 59.81999969482422 30.969999313354492 AB 7.112341762106634 1.1523094110100116
62580.1165 lsst_hardware_z -7.24281292973652 64.41000366210938 30.969999313354492 AB 5.82527827183521 1.1479323304380082
62580.1288 lsst_hardware_r -50.31214429403428 92.68000030517578 31.6200008392334 AB 5.42575829590777 1.1576185824424516
62582.111 lsst_hardware_i -8.028970752147023 54.95000076293945 31.299999237060547 AB 6.026523099265082 1.1479091617647774
62582.1224 lsst_hardware_r -70.27998066302193 66.11000061035156 31.6200008392334 AB 6.08258649141112 1.1567517891748336
62587.1081 lsst_hardware_r 34.87275074072847 21.969999313354492 31.450000762939453 AB 7.45595190024808 1.1561706613984049
62587.1195 lsst_hardware_i -17.50633463107594 30.920000076293945 31.219999313354492 AB 7.52744575217844 1.1680116507983698
62589.1073 lsst_hardware_z -23.41405954376949 42.41999816894531 30.93000030517578 AB 7.9841229736342 1.16062356975906
62589.1181 lsst_hardware_r 15.407322828641712 21.93000030517578 31.440000534057617 AB 8.066385606456826 1.173022301257673
62591.0981 lsst_hardware_u 3.625615116522629 2.430000066757202 28.229999542236328 AB 5.879068286008463 1.1570122088085242
62591.1105 lsst_hardware_g 6.403236484108649 12.65999984741211 31.31999969482422 AB 6.052085687783445 1.1703332246136415
62594.0456 lsst_hardware_u -1.9346776538084964 2.4700000286102295 28.260000228881836 AB 7.087285194608872 1.139480717811585
62594.058 lsst_hardware_g -4.03189893678905 12.640000343322754 31.329999923706055 AB 6.904523948529955 1.1397835745169336
62596.0407 lsst_hardware_r 48.32694143093365 21.81999969482422 31.450000762939453 AB 8.724532472154772 1.139419155302961
62596.0527 lsst_hardware_i 12.072490427136879 30.59000015258789 31.219999313354492 AB 8.901077616876972 1.1398120967925218
62600.0422 lsst_hardware_g 12.33929021107355 15.819999694824219 31.440000534057617 AB 8.769166091622317 1.1398890019007302
62600.053 lsst_hardware_r 14.61234311391422 23.3700008392334 31.479999542236328 AB 8.7886532377704 1.1431898763548984
62602.0364 lsst_hardware_i -15.10583562208927 34.380001068115234 31.260000228881836 AB 2.1869543103322924 1.1398302520842385
62602.0483 lsst_hardware_z 6.049086570994231 43.849998474121094 30.950000762939453 AB 3.5692306678478207 1.143526044965261
62604.0373 lsst_hardware_i -28.481900569201677 41.61000061035156 31.290000915527344 AB 7.539886938149543 1.14139830021182
62604.0489 lsst_hardware_z -22.31161150277742 47.27000045776367 30.959999084472656 AB 8.704054242498009 1.146678496728176
62606.0284 lsst_hardware_z 18.273874447365664 75.33000183105469 31.719999313354492 AB 12.923702551226237 1.1404357079332204
62606.0393 lsst_hardware_r 8.976743436846595 88.6500015258789 32.380001068115234 AB 12.993618476178728 1.1444340835564222
62608.0134 lsst_hardware_r 75.75473150156424 85.26000213623047 31.639999389648438 AB 15.184871705000722 1.139192895832606
62608.0257 lsst_hardware_i -101.14419133472842 67.8499984741211 31.31999969482422 AB 15.154981505702997 1.141188366393298
62612.0055 lsst_hardware_z 18.428047200174348 41.959999084472656 30.940000534057617 AB 8.260849741169908 1.1393620699274627
62612.0175 lsst_hardware_u 3.684639794671339 2.619999885559082 28.399999618530273 AB 8.334700948502404 1.142104912323903
62616.0064 lsst_hardware_i 7.821502558669278 30.690000534057617 31.229999542236328 AB 15.022418886419796 1.1420418797643148
62616.0174 lsst_hardware_z 102.79284245636217 42.5 30.940000534057617 AB 15.054775241390486 1.1474530487207089
62618.0038 lsst_hardware_i 85.83504899021356 30.299999237060547 31.229999542236328 AB 5.317680119466238 1.1431773814689152
62618.0153 lsst_hardware_u -2.714361677420096 2.5 28.290000915527344 AB 5.256415127418123 1.1496761419669639
62622.0009 lsst_hardware_i 66.63653230383733 30.8799991607666 31.239999771118164 AB 12.227465511373937 1.1473826350580008
62622.0122 lsst_hardware_r -17.026510901783894 22.139999389648438 31.469999313354492 AB 12.360787760745177 1.1558979857933211
62623.0026 lsst_hardware_u -2.4639140746216484 2.690000057220459 28.450000762939453 AB 10.101282982026305 1.1503567910290746
62623.0143 lsst_hardware_g 9.601059752837884 12.890000343322754 31.360000610351562 AB 10.194361112246058 1.16048316982358
62624.9996 lsst_hardware_r 3.802371259980111 22.0 31.469999313354492 AB 12.655610346041843 1.1522121630628253
62625.0109 lsst_hardware_i 16.889834566073805 30.770000457763672 31.229999542236328 AB 12.827721474834233 1.1626158041269075
