data/validation/pwv_sim_epoch_fit_epoch/5107150.ecsv
# %ECSV 0.9
# ---
# datatype:
# - {name: time, datatype: float64}
# - {name: band, datatype: string}
# - {name: flux, datatype: float64}
# - {name: fluxerr, datatype: float64}
# - {name: zp, datatype: float64}
# - {name: zpsys, datatype: string}
# - {name: pwv, datatype: float64}
# - {name: airmass, datatype: float64}
# meta: {SNID: '5107150', alt: 1024.0, c: -0.05222771689295769, dec: -54.916332, lat: -30.244573, lon: -70.7499537, ra: 295.0, t0: 62774.390625,
#   x0: 6.515127160926347e-06, x1: -0.5228352546691895, z: 0.549897313117981}
# schema: astropy-2.0
time band flux fluxerr zp zpsys pwv airmass
62618.4016 lsst_hardware_i -60.7695540748816 31.469999313354492 31.239999771118164 AB 1.544901419709381 1.1035010140781294
62618.4125 lsst_hardware_y -62.87288025787379 48.5 30.020000457763672 AB 1.5404526552784916 1.1003233251989226
62620.4111 lsst_hardware_g -15.336908690595743 14.380000114440918 31.399999618530273 AB 13.84018834642072 1.0998679498089339
62620.4236 lsst_hardware_y 62.45104179107219 61.29999923706055 30.040000915527344 AB 12.853746244423636 1.1009397010276984
62622.4123 lsst_hardware_i -18.815507883146747 31.6299991607666 31.25 AB 9.766483986771746 1.099973793866139
62622.4241 lsst_hardware_y -27.342771801521298 60.75 30.040000915527344 AB 10.09364195073107 1.1027687043298824
62623.4051 lsst_hardware_u 1.927594420173939 2.8399999141693115 28.520000457763672 AB 11.408441906876405 1.099785530868548
62623.417 lsst_hardware_z -27.352658198354227 43.880001068115234 30.959999084472656 AB 12.208394765130862 1.1013436865251116
62625.4103 lsst_hardware_r 23.084691247201093 22.8700008392334 31.489999771118164 AB 9.790660783921943 1.101022691898108
62625.4219 lsst_hardware_y -41.054412843079014 53.189998626708984 30.040000915527344 AB 9.838695132960497 1.1054713632539883
62627.4094 lsst_hardware_z -32.62264435201315 42.06999969482422 30.940000534057617 AB 2.9587971715130434 1.1023834469124603
62627.4225 lsst_hardware_y 96.22574398122433 52.209999084472656 30.030000686645508 AB 2.6596147497081586 1.1090970599283396
62631.3875 lsst_hardware_i 12.571986255225497 30.770000457763672 31.25 AB 8.579623500210836 1.099951730796261
62631.4 lsst_hardware_u 3.437159674424247 2.690000057220459 28.420000076293945 AB 8.602996517854306 1.102948271519783
62633.3887 lsst_hardware_g 20.779915588081895 13.529999732971191 31.3799991607666 AB 11.627696967211158 1.1010816000768124
62633.4005 lsst_hardware_r -11.528425699395836 22.549999237060547 31.479999542236328 AB 11.632279998548738 1.1057037616547836
62637.3847 lsst_hardware_i 47.41283811798824 58.90999984741211 31.309999465942383 AB 5.04172724725516 1.1033835527987659
62637.3965 lsst_hardware_r -68.86855896741942 62.13999938964844 31.6200008392334 AB 4.943905465799801 1.1099922464751373
62639.3939 lsst_hardware_z 29.857207989834215 97.05000305175781 31.729999542236328 AB 8.914676296360552 1.112110316412187
62642.3251 lsst_hardware_r 72.23111759568155 71.08999633789062 31.6299991607666 AB 7.443299415392612 1.1096152974646627
62642.3385 lsst_hardware_z 39.11266284945507 57.06999969482422 30.969999313354492 AB 7.743932135990532 1.1025483559380949
62646.3129 lsst_hardware_z 31.561686378027062 42.75 30.940000534057617 AB 8.106810057511368 1.1105219256864887
62646.3262 lsst_hardware_i -87.72357988882163 32.790000915527344 31.260000228881836 AB 8.052448002023333 1.1030750687703197
62650.3078 lsst_hardware_r -11.419501313225037 22.700000762939453 31.489999771118164 AB 9.489198713637716 1.1067304042575126
62650.3208 lsst_hardware_i 80.64800288380181 30.81999969482422 31.25 AB 9.465310670691315 1.1012471087956852
62655.3249 lsst_hardware_i -20.837835603701993 30.75 31.229999542236328 AB 10.346010154201961 1.1003174767171808
62655.338 lsst_hardware_z 59.33324842161132 41.970001220703125 30.940000534057617 AB 11.699947378773814 1.1044719400348213
62657.3024 lsst_hardware_z -26.367436494046324 42.119998931884766 30.950000762939453 AB 7.011313358996075 1.1010660530008363
62657.3158 lsst_hardware_i -17.912245687500306 30.979999542236328 31.25 AB 7.024203413932968 1.0998948387446417
62675.2894 lsst_hardware_r 11.472307797577074 28.31999969482422 31.540000915527344 AB 4.203243437679901 1.1077686298022957
62675.3003 lsst_hardware_z -12.206190649034744 43.04999923706055 30.950000762939453 AB 3.018848115168288 1.1160251812083248
62678.2826 lsst_hardware_i -6.968607555501901 31.219999313354492 31.239999771118164 AB 6.365915245985263 1.1086581758943335
62678.2949 lsst_hardware_z -80.67436733941607 42.54999923706055 30.940000534057617 AB 6.177208266891592 1.118620396624219
62680.2798 lsst_hardware_r -11.882499859315754 22.8799991607666 31.469999313354492 AB 6.393104349435648 1.110492330977184
62680.2929 lsst_hardware_g -0.43559295515699 13.819999694824219 31.3700008392334 AB 6.078311996523596 1.1221153804234307
62682.2355 lsst_hardware_u 0.16487281677961152 2.690000057220459 28.40999984741211 AB 3.638835119210438 1.100759319128906
62682.248 lsst_hardware_r 5.517140048663022 23.040000915527344 31.489999771118164 AB 3.636114795328119 1.0999364124111206
62688.2168 lsst_hardware_z 46.07808115707417 42.13999938964844 30.940000534057617 AB 4.813343926207233 1.1013256895566519
62688.2289 lsst_hardware_r -52.83207662747421 22.989999771118164 31.479999542236328 AB 4.778265208480293 1.0998001860857156
62704.1874 lsst_hardware_g -2.5736187624554643 13.949999809265137 31.399999618530273 AB 5.999242400970627 1.099903880884427
62704.1995 lsst_hardware_i -39.62508606847798 30.959999084472656 31.239999771118164 AB 5.963858620650284 1.1025126856020984
62707.1972 lsst_hardware_z 13.032173914052477 41.939998626708984 30.940000534057617 AB 6.507146328437962 1.105060088042449
62707.2082 lsst_hardware_r -28.834878783959834 22.8799991607666 31.469999313354492 AB 6.512381418551871 1.1120869908729287
62709.1924 lsst_hardware_u -0.6339881740682869 2.490000009536743 28.25 AB 3.5363555494899104 1.1053989735312633
62709.2034 lsst_hardware_g -1.357885484429622 13.789999961853027 31.3799991607666 AB 3.420333935797093 1.1126052379930906
62716.1348 lsst_hardware_r -1.3707190089640033 22.799999237060547 31.479999542236328 AB 2.097023105582353 1.1032125062248241
62716.1464 lsst_hardware_i -42.63567104294479 30.84000015258789 31.239999771118164 AB 2.1342655062755638 1.1001368589049298
62723.1335 lsst_hardware_r -113.34740698802987 79.45999908447266 31.639999389648438 AB 4.788605860518019 1.0998176069173218
62723.1455 lsst_hardware_y -58.094861836694555 54.20000076293945 30.040000915527344 AB 4.8196786566678895 1.1018087304734945
62725.1236 lsst_hardware_z -37.30564849223709 73.73999786376953 30.979999542236328 AB 2.9759266783019362 1.0999544181489322
62725.1351 lsst_hardware_r -161.23141691699058 108.37999725341797 31.649999618530273 AB 3.439656034222869 1.1005725365474197
62731.1153 lsst_hardware_r -2.41296149909765 24.639999389648438 31.520000457763672 AB 2.888303799983319 1.100061751350488
62731.1257 lsst_hardware_i -9.443793290345399 37.45000076293945 31.280000686645508 AB 2.9914394979654935 1.102496129471312
62733.1168 lsst_hardware_z 35.00455916412114 41.779998779296875 30.940000534057617 AB 2.3129495641544335 1.101404554359254
62733.1277 lsst_hardware_r 10.479206434433008 22.610000610351562 31.479999542236328 AB 2.0212171969922768 1.1058499231253054
62735.104 lsst_hardware_u 1.2833108079765558 2.680000066757202 28.420000076293945 AB 3.0209395568517183 1.1000235072741806
62735.115 lsst_hardware_g 3.718982233560283 13.550000190734863 31.389999389648438 AB 3.0839104161955153 1.1025779106884217
62736.0228 lsst_hardware_g 0.04503849359320222 19.209999084472656 32.119998931884766 AB 1.5819876356300384 1.1685246600740713
62736.0288 lsst_hardware_r -21.099441027308476 32.27000045776367 32.220001220703125 AB 1.5271091393377927 1.1574854517466846
62738.1135 lsst_hardware_r -44.521322488091315 22.6200008392334 31.479999542236328 AB 4.233188605038009 1.105559834170282
62738.1239 lsst_hardware_u -5.957707224898064 2.6700000762939453 28.40999984741211 AB 4.15580819458014 1.1123683604336563
62740.1132 lsst_hardware_g 13.559828907779425 13.609999656677246 31.399999618530273 AB 1.5963922836926998 1.1086057525643749
62740.1246 lsst_hardware_r -20.67601468049671 22.6299991607666 31.489999771118164 AB 1.6080555970564834 1.1176754801435158
62742.0537 lsst_hardware_g -6.863991155135601 13.6899995803833 31.40999984741211 AB 6.207922398555466 1.108557571170619
62742.0652 lsst_hardware_r 22.535611069330823 22.670000076293945 31.5 AB 6.175025132615682 1.1026830593956576
62744.0532 lsst_hardware_i -4.7910723101418204 30.738132257152518 31.229999542236328 AB 4.280624714790261 1.1056284239664902
62744.0647 lsst_hardware_z -17.09860953959446 41.88617564870273 30.940000534057617 AB 4.198093547408642 1.1011392911237277
62747.0976 lsst_hardware_u -6.2136692309985495 3.3054588387699373 28.489999771118164 AB 0.6799674423289082 1.1110579123021376
62747.1094 lsst_hardware_g -5.989461647706741 16.188870941316207 31.450000762939453 AB 0.5966654992275624 1.1215516902773728
62751.093 lsst_hardware_r 91.26042475022467 65.60647816686485 31.6299991607666 AB 1.7218036356835644 1.1162422273475296
62751.104 lsst_hardware_y 59.27794072616408 52.77718027157746 30.030000686645508 AB 1.8127671530074958 1.1276934077807128
62755.0397 lsst_hardware_z 196.14612713307037 64.99277088832528 30.979999542236328 AB 2.104093070278389 1.100179383152099
62755.0522 lsst_hardware_r 557.8383012591768 92.10650115014984 31.639999389648438 AB 2.635478041932324 1.100408368238871
62757.0415 lsst_hardware_i 673.353486620956 63.26958087645646 31.31999969482422 AB 2.408232325923731 1.099858721639763
62757.0541 lsst_hardware_z 485.49027660494454 59.5306648282877 30.969999313354492 AB 2.728727685834444 1.1022935511348997
62760.0358 lsst_hardware_g 377.43758165518676 23.472500881957806 31.399999618530273 AB 2.7594491954978744 1.100039543750489
62760.0474 lsst_hardware_r 1101.3727600879613 39.128562162942295 31.489999771118164 AB 2.890347303686777 1.1028352192127606
62764.0173 lsst_hardware_z 863.5864333245504 50.969817736159655 30.940000534057617 AB 6.835109666199246 1.0999532774701073
62764.0302 lsst_hardware_u 21.562393119604213 4.511564924194857 28.43000030517578 AB 6.8980126044752526 1.1009223713053746
62767.0241 lsst_hardware_i 1598.1892632219437 49.6208599962916 31.239999771118164 AB 1.6521836717519516 1.1014557811679677
62767.0373 lsst_hardware_z 1208.470439496916 53.48236210815722 30.940000534057617 AB 1.6608802514183112 1.1072535009455409
62771.0246 lsst_hardware_i 1686.3430434921513 51.60921429005456 31.229999542236328 AB 3.443593642404341 1.106227378098035
62771.0349 lsst_hardware_u -0.2856475271502896 2.871525637803636 28.290000915527344 AB 3.4627221548955722 1.113266332451356
62772.0245 lsst_hardware_g 661.7033054626125 30.36747023640958 31.389999389648438 AB 5.256767060954606 1.1077761437808726
62772.0371 lsst_hardware_r 2188.3852334816443 52.49810040138947 31.479999542236328 AB 5.281472258272046 1.1175748033726778
62774.026 lsst_hardware_i 1840.6836912248912 52.835359207663195 31.25 AB 3.73774069214461 1.1126987920055131
62774.0385 lsst_hardware_r 2295.2003375239656 52.85141270454788 31.489999771118164 AB 3.7777360136605758 1.1246051144612725
62984.408 lsst_hardware_z 28.042767088878414 41.959999084472656 30.940000534057617 AB 5.5179733193060905 1.1007693558478753
62984.4199 lsst_hardware_y 16.70117009497963 51.900001525878906 30.030000686645508 AB 6.439763495977239 1.099842901592993
62990.4135 lsst_hardware_r -3.5385470549637255 22.809999465942383 31.479999542236328 AB 9.862940804502227 1.1016763129610052
62990.4243 lsst_hardware_y 0.24873111079586488 56.88999938964844 30.030000686645508 AB 9.846634399646709 1.1063634156906414
62995.3942 lsst_hardware_z 158.87620219072048 90.18000030517578 31.729999542236328 AB 8.502912315714767 1.1003445248417685
62999.353 lsst_hardware_z 21.700590361490644 65.58999633789062 31.709999084472656 AB 6.838517037248467 1.1062428984103962
62999.3671 lsst_hardware_r 93.56418786664243 56.68000030517578 32.349998474121094 AB 6.780944753164808 1.1007580460476407
63002.3973 lsst_hardware_u -2.7516450954854355 3.109999895095825 28.540000915527344 AB 4.927036975973418 1.1100263538540294
63002.4106 lsst_hardware_g 46.69218182325573 15.800000190734863 31.459999084472656 AB 4.946508916101707 1.1216573505899565
63010.3305 lsst_hardware_r 7.759548712169035 22.469999313354492 31.469999313354492 AB 7.923936375254238 1.1027164154360372
63010.3439 lsst_hardware_i 14.79044213640085 30.780000686645508 31.239999771118164 AB 7.5381712360682895 1.0998207230913593
63013.3303 lsst_hardware_z -31.25032589066148 41.810001373291016 30.940000534057617 AB 4.460397056559136 1.10047215507856
63013.3417 lsst_hardware_u -0.6019903533169007 2.700000047683716 28.440000534057617 AB 4.17528240066454 1.0999163331570296
63015.3259 lsst_hardware_g -18.850326160566173 13.75 31.40999984741211 AB 9.438745102360638 1.1002898867149955
63015.3385 lsst_hardware_r -32.24849151580537 22.6299991607666 31.489999771118164 AB 9.364509609466937 1.100175396150489
63019.319 lsst_hardware_i -5.801741935991617 42.22999954223633 31.290000915527344 AB 10.429525619487121 1.0998418833658086
63019.3325 lsst_hardware_z -8.89619821153004 46.56999969482422 30.959999084472656 AB 10.459569973596826 1.1011619146824283
63020.316 lsst_hardware_z -119.60415216517555 77.04000091552734 31.719999313354492 AB 10.339233630383124 1.0998599681275594
63022.3167 lsst_hardware_r 221.09801994192588 105.80000305175781 31.649999618530273 AB 6.958404148485427 1.0998821067707938
63022.3295 lsst_hardware_i -78.36418087737128 82.37999725341797 31.329999923706055 AB 6.9820308673142915 1.102832233030215
63036.3054 lsst_hardware_r 33.49421497272821 32.47999954223633 32.2400016784668 AB 3.3870550942823088 1.1106919476249013
63036.3172 lsst_hardware_g -12.936182411354403 19.729999542236328 32.15999984741211 AB 3.4635158264834147 1.1210603095915976
63044.2487 lsst_hardware_i 30.248942910939572 43.849998474121094 31.989999771118164 AB 7.946237208566152 1.100028223233775
63044.261 lsst_hardware_z 17.033822619191184 41.790000915527344 30.940000534057617 AB 7.868230701871864 1.1004518464156134
63048.2122 lsst_hardware_y -153.52846177878504 71.69000244140625 30.780000686645508 AB 8.46316079245499 1.110796796489741
63053.2156 lsst_hardware_z 135.56073544394403 71.23999786376953 30.989999771118164 AB 4.795117818868846 1.1018615492786088
63053.2265 lsst_hardware_r -136.38014638441697 102.55999755859375 31.649999618530273 AB 4.802046723028308 1.0998312912994057
63061.2066 lsst_hardware_u 0.8207580381454858 2.609999895095825 28.350000381469727 AB 8.01183222987507 1.0997710679306736
63061.2185 lsst_hardware_r 18.667571327021488 22.950000762939453 31.479999542236328 AB 7.201920377715326 1.1013514022248492
63063.1911 lsst_hardware_g 1.1988036683903027 13.970000267028809 31.399999618530273 AB 3.4086417593839817 1.1010713912247376
63066.1974 lsst_hardware_z 39.359693265189705 41.869998931884766 30.950000762939453 AB 3.5084382670018384 1.09996758207765
63066.209 lsst_hardware_r -17.34215634907636 23.09000015258789 31.5 AB 2.7768835423070075 1.1027036800583314
63068.197 lsst_hardware_u 0.1685498622662426 2.680000066757202 28.40999984741211 AB 6.806398364138812 1.1007652340925302
63068.2078 lsst_hardware_g -21.35236186085689 14.100000381469727 31.40999984741211 AB 6.815369900230795 1.104523449291143
63070.1867 lsst_hardware_r 39.49053235629418 22.989999771118164 31.479999542236328 AB 5.79787251740826 1.0999916238560046
63070.1989 lsst_hardware_i 6.754089021225763 31.1299991607666 31.239999771118164 AB 5.805572832065776 1.103022070690141
63071.1045 lsst_hardware_i -9.049539866137087 31.469999313354492 31.229999542236328 AB 6.958557559258835 1.1702922232187338
63071.112 lsst_hardware_z 34.8027814174579 42.65999984741211 30.940000534057617 AB 6.875489970261561 1.156451553643456
63075.0322 lsst_hardware_z 44.08350744011343 48.09000015258789 30.920000076293945 AB 6.112492724462842 1.3583317165472983
63075.0384 lsst_hardware_g 53.25065972578315 35.0099983215332 31.559999465942383 AB 5.994572947086754 1.3321273215748342
63076.1312 lsst_hardware_r -6.556720459105386 47.220001220703125 31.610000610351562 AB 4.66007627018018 1.1144064416532913
63076.1427 lsst_hardware_z -47.95901746907557 48.2400016784668 30.959999084472656 AB 4.573848909788494 1.1063086938132294
63080.134 lsst_hardware_z -140.69160601401256 76.77999877929688 30.989999771118164 AB 2.0295564023451087 1.1051219179662992
63080.1449 lsst_hardware_r -84.9903844609261 113.29000091552734 31.649999618530273 AB 2.006251785655452 1.1010254014390115
63086.131 lsst_hardware_g -2.6141835563084452 13.859999656677246 31.399999618530273 AB 4.238374374595137 1.1004953370075656
63086.1432 lsst_hardware_i 13.64257329654797 31.59000015258789 31.239999771118164 AB 4.229936163379508 1.1000180730009124
63089.129 lsst_hardware_z -58.64010363649259 41.810001373291016 30.940000534057617 AB 9.038145078290237 1.0998097747754687
63089.1406 lsst_hardware_r -14.910244546102494 22.649999618530273 31.479999542236328 AB 9.05462931820653 1.1009894904039799
63095.1195 lsst_hardware_g 13.823354184478836 13.680000305175781 31.399999618530273 AB 4.474205248398303 1.1001242312265314
63095.1312 lsst_hardware_r 4.7044009586266125 22.649999618530273 31.479999542236328 AB 4.653910529093751 1.1032581262174046
63096.1098 lsst_hardware_i 1.2534412985843282 30.760000228881836 31.239999771118164 AB 2.8817019727320066 1.0998162862662704
63096.1203 lsst_hardware_z -10.301007987873051 41.95000076293945 30.950000762939453 AB 2.890409973933744 1.1007241816256204
63101.1112 lsst_hardware_r -5.893691165521543 22.8700008392334 31.489999771118164 AB 2.5975498417579708 1.1019407537418477
63101.1221 lsst_hardware_u 0.49052997609797455 2.6600000858306885 28.399999618530273 AB 2.590934998173119 1.1068824087036715
63107.0534 lsst_hardware_i -77.40065213695037 62.7599983215332 31.309999465942383 AB 6.211546039784752 1.1092046499615629
63107.0648 lsst_hardware_z -35.40244157362536 59.02000045776367 30.969999313354492 AB 6.177275664430166 1.1030849400768155
63112.059 lsst_hardware_z -59.4317192226464 53.849998474121094 30.959999084472656 AB 1.5506175534631577 1.1007045632391537
63112.0717 lsst_hardware_g -51.30338175482108 73.43000030517578 31.700000762939453 AB 1.5133867051116414 1.0999782229759458
63114.058 lsst_hardware_r -1.6414606211317553 22.610000610351562 31.489999771118164 AB 1.3129545826534015 1.100010821185563
63114.0689 lsst_hardware_i 17.427383025022788 30.790000915527344 31.25 AB 1.2906697016290731 1.1003151761543675
63117.0363 lsst_hardware_i 79.40610365122875 30.739999771118164 31.239999771118164 AB 2.648594734678372 1.1035811394493218
63117.0482 lsst_hardware_z 46.80883281291148 41.880001068115234 30.950000762939453 AB 2.4996704538185917 1.1002070659412817
63119.04 lsst_hardware_i -49.11728847260146 30.65999984741211 31.239999771118164 AB 3.5232860039290905 1.1006829128175852
63119.0515 lsst_hardware_u 4.255748397614043 2.630000114440918 28.3799991607666 AB 3.409664686380228 1.0998918343162025
63122.0396 lsst_hardware_g -1.0062574454921842 13.609999656677246 31.389999389648438 AB 2.376948858910515 1.0998028265635698
63122.0516 lsst_hardware_r 9.089089017577445 22.600000381469727 31.479999542236328 AB 2.729532952494899 1.101284225335848
63126.0345 lsst_hardware_u 2.3661083789191495 2.7100000381469727 28.440000534057617 AB 1.749147938396189 1.1000930430158267
63126.046 lsst_hardware_g -25.820540009457858 13.720000267028809 31.399999618530273 AB 0.30940515987909534 1.103048698318347
63133.0251 lsst_hardware_i 10.492782703530933 38.959999084472656 31.280000686645508 AB 3.126357979920837 1.1023829266293501
63133.0375 lsst_hardware_z 13.110659807284303 45.810001373291016 30.950000762939453 AB 3.1041304252215514 1.108618009007697
63137.03 lsst_hardware_z 23.783723977056322 56.38999938964844 30.969999313354492 AB 5.2224620801191355 1.1110045554075596
63137.0411 lsst_hardware_r -131.08046320857906 70.68000030517578 31.6299991607666 AB 5.270764674771423 1.1207636548403421
