data/validation/pwv_sim_epoch_fit_epoch/51093915.ecsv
# %ECSV 0.9
# ---
# datatype:
# - {name: time, datatype: float64}
# - {name: band, datatype: string}
# - {name: flux, datatype: float64}
# - {name: fluxerr, datatype: float64}
# - {name: zp, datatype: float64}
# - {name: zpsys, datatype: string}
# - {name: pwv, datatype: float64}
# - {name: airmass, datatype: float64}
# meta: {SNID: '51093915', alt: 1024.0, c: -0.03701414167881012, dec: -53.379799, lat: -30.244573, lon: -70.7499537, ra: 27.182741, t0: 60522.60546875,
#   x0: 2.6929164050382158e-06, x1: 0.35836267471313477, z: 0.78957200050354}
# schema: astropy-2.0
time band flux fluxerr zp zpsys pwv airmass
[from data line 132]
60957.265 lsst_hardware_y 80.24086087816885 50.95000076293945 30.030000686645508 AB 2.8811916946291802 1.1085770275603288
60957.2767 lsst_hardware_r -40.64004288447879 66.16999816894531 31.6299991607666 AB 2.891017426189877 1.1227978870567197
60959.3086 lsst_hardware_z 154.68064960685967 68.13999938964844 31.700000762939453 AB 5.379510733014619 1.1949821142921349
60961.3042 lsst_hardware_g -21.81448332252439 28.940000534057617 31.579999923706055 AB 6.374720627829802 1.1976929314850506
60961.316 lsst_hardware_r -24.332899192468307 32.61000061035156 31.530000686645508 AB 6.467973217578465 1.2306275346589755
60963.3003 lsst_hardware_i -34.73866870709704 31.84000015258789 31.219999313354492 AB 6.856006981239234 1.2017540720839153
60963.3114 lsst_hardware_z -52.081907933094385 43.84000015258789 30.93000030517578 AB 7.04096720430473 1.2332380670780394
60965.3023 lsst_hardware_i 20.081992588276155 31.360000610351562 31.219999313354492 AB 6.626019714322259 1.2224000948846523
60965.3136 lsst_hardware_u -2.519639375948622 2.4800000190734863 28.219999313354492 AB 6.794698167845053 1.2577921791614444
60970.2678 lsst_hardware_g -1.5427266859904425 13.029999732971191 31.360000610351562 AB 3.205488926998576 1.169673025724713
60970.2793 lsst_hardware_r 25.422663181566996 22.350000381469727 31.459999084472656 AB 3.3649655546544643 1.1968577466315007
60972.184 lsst_hardware_r -6.425647550088899 21.770000457763672 31.479999542236328 AB 2.4584280853665197 1.0864779959641946
60972.1929 lsst_hardware_i 40.93825054596303 30.1299991607666 31.239999771118164 AB 2.4818343683624273 1.087967137443715
60974.2794 lsst_hardware_g 4.052984613008098 12.970000267028809 31.31999969482422 AB 1.7182546706903077 1.2273247647787913
60974.2904 lsst_hardware_r 17.589582420509856 22.6200008392334 31.450000762939453 AB 1.7674412385649638 1.2624580275464028
60981.1831 lsst_hardware_y 57.90798123969008 50.9900016784668 30.030000686645508 AB 3.911706472334571 1.094719505305974
60982.2251 lsst_hardware_i 25.364192095636152 57.689998626708984 31.299999237060547 AB 5.22644695596032 1.149680368666952
60982.2362 lsst_hardware_z 71.46065163406092 56.650001525878906 30.959999084472656 AB 5.325154373954012 1.172231439976669
60991.2289 lsst_hardware_r 10.626330214823478 22.280000686645508 31.440000534057617 AB 8.43369397926935 1.2155215920157603
60991.2401 lsst_hardware_g -14.625504654266356 17.860000610351562 31.440000534057617 AB 8.615290163191505 1.2494982107601893
60995.1764 lsst_hardware_g 1.1634413751180461 12.819999694824219 31.34000015258789 AB 6.2627055144852255 1.1277380878424355
60995.1881 lsst_hardware_i 16.55407104712854 30.639999389648438 31.229999542236328 AB 6.364880096852123 1.146928569574218
60999.1758 lsst_hardware_u -3.3619302108017384 2.630000114440918 28.389999389648438 AB 5.922497759940106 1.1444624409295039
60999.1888 lsst_hardware_g -10.377294242359346 13.050000190734863 31.360000610351562 AB 5.999831052571033 1.1700899146925594
61001.0804 lsst_hardware_u -3.4431857723321793 2.549999952316284 28.34000015258789 AB 4.804966231236244 1.0922860266509662
61001.0931 lsst_hardware_g -11.526527891057357 12.920000076293945 31.3700008392334 AB 4.18328816843249 1.0874628053635584
61004.0831 lsst_hardware_r 1.546934097815943 22.520000457763672 31.479999542236328 AB 5.604006621455313 1.087910173382466
61004.0956 lsst_hardware_i -4.173688716828257 30.3799991607666 31.239999771118164 AB 5.620473815290182 1.0864492949868108
61006.0815 lsst_hardware_z -39.94052024336995 42.5 30.940000534057617 AB 3.947097713947111 1.0870552778703142
61006.0947 lsst_hardware_r -47.994572306747365 26.889999389648438 31.530000686645508 AB 4.133147707487481 1.0868600712155658
61009.1578 lsst_hardware_z 53.193623936945876 48.81999969482422 30.950000762939453 AB 6.069681057472561 1.1622731691268249
61009.1697 lsst_hardware_i -99.55350863998987 44.33000183105469 31.270000457763672 AB 5.245432696369929 1.1890810102092932
61011.1573 lsst_hardware_z 98.32920455691229 53.34000015258789 30.959999084472656 AB 7.5748601585723225 1.1728815729402307
61011.1695 lsst_hardware_r -19.216855726833824 62.209999084472656 31.600000381469727 AB 7.62930160608534 1.2024747724207219
61013.1879 lsst_hardware_y -79.4590711296493 76.69999694824219 30.719999313354492 AB 4.742787672097715 1.2764870601794618
61015.1194 lsst_hardware_u 7.960157312604864 20.68000030517578 29.40999984741211 AB 5.859935656199497 1.124316127436588
61015.131 lsst_hardware_g -13.250364681844296 80.12000274658203 31.690000534057617 AB 6.20047350706926 1.1425232185495762
61017.0789 lsst_hardware_r -79.095548019167 31.25 32.22999954223633 AB 3.3462345135894953 1.0914006893636066
61017.0923 lsst_hardware_i 2.1895734289027664 43.150001525878906 31.989999771118164 AB 4.204585174908988 1.1002447140936775
61020.074 lsst_hardware_z 61.752460890018 41.79999923706055 30.940000534057617 AB 10.976042792565218 1.0931587669376421
61020.0852 lsst_hardware_r 10.0303815470078 22.149999618530273 31.469999313354492 AB 11.733385462357003 1.1011662733999457
61022.0722 lsst_hardware_u 1.3056993740028244 2.680000066757202 28.450000762939453 AB 12.319208613052195 1.0954302519164323
61022.0839 lsst_hardware_g -4.446602084521665 13.220000267028809 31.389999389648438 AB 13.060576423621477 1.1049557041979978
61024.0742 lsst_hardware_r -5.537133314281319 22.079999923706055 31.479999542236328 AB 8.463200530378893 1.1011021940482686
61024.0857 lsst_hardware_z 3.3908905949508115 41.70000076293945 30.940000534057617 AB 8.653184472865735 1.1126494060199104
61026.0766 lsst_hardware_r -12.51532759939305 22.239999771118164 31.479999542236328 AB 12.091926012455732 1.10862209976215
61026.089 lsst_hardware_u -0.34999566144135885 2.5899999141693115 28.350000381469727 AB 10.805936590724105 1.1238136593897756
