data/validation/pwv_sim_epoch_fit_epoch/51230495.ecsv
# %ECSV 0.9
# ---
# datatype:
# - {name: time, datatype: float64}
# - {name: band, datatype: string}
# - {name: flux, datatype: float64}
# - {name: fluxerr, datatype: float64}
# - {name: zp, datatype: float64}
# - {name: zpsys, datatype: string}
# - {name: pwv, datatype: float64}
# - {name: airmass, datatype: float64}
# meta: {SNID: '51230495', alt: 1024.0, c: 0.013546974398195744, dec: -8.084014, lat: -30.244573, lon: -70.7499537, ra: 25.488281, t0: 60883.29296875,
#   x0: 8.286729331949912e-06, x1: 0.6054362058639526, z: 0.49777835607528687}
# schema: astropy-2.0
time band flux fluxerr zp zpsys pwv airmass
[from data line 133]
61308.2371 lsst_hardware_r 39.338600440827186 103.69999694824219 31.649999618530273 AB 6.542495478964457 1.0886770539771757
61310.218 lsst_hardware_z -231.28787040706365 132.39999389648438 31.739999771118164 AB 3.6725952069857133 1.1034337126647111
61312.2092 lsst_hardware_r 14.590840864987952 93.3499984741211 31.639999389648438 AB 5.125553303609824 1.1082676788950327
61312.2274 lsst_hardware_z -77.95510410709485 67.62999725341797 30.979999542236328 AB 5.015273934941367 1.08773495308602
61314.209 lsst_hardware_r -10.135907009989191 52.04999923706055 31.6200008392334 AB 4.643764683741806 1.1008746953693607
61314.2267 lsst_hardware_y 25.394554945424748 50.0099983215332 30.040000915527344 AB 4.5828029318599866 1.0846442977066226
61316.2117 lsst_hardware_g -11.626088706926135 15.079999923706055 31.440000534057617 AB 3.5182311816745058 1.0917707313186986
61316.2299 lsst_hardware_r 4.377987001901816 24.709999084472656 31.510000228881836 AB 3.535784502302908 1.0813623372742787
61318.1772 lsst_hardware_r -26.306548757265844 24.31999969482422 31.489999771118164 AB 6.968458323943446 1.1377074814601544
61318.196 lsst_hardware_i -49.76011892904651 31.93000030517578 31.239999771118164 AB 6.8591907467357105 1.103650964880864
61320.1792 lsst_hardware_z 19.061224988737038 42.59000015258789 30.940000534057617 AB 5.024653721853343 1.1222007195653656
61320.1974 lsst_hardware_r -20.64651497307362 23.780000686645508 31.5 AB 4.9808676560223635 1.0951976522632774
61322.1751 lsst_hardware_u -4.152485365204964 2.740000009536743 28.399999618530273 AB 3.614269664620399 1.119662225718835
61322.1924 lsst_hardware_g -8.132250587600229 15.0 31.440000534057617 AB 3.5683634557378796 1.094701949812214
61324.1794 lsst_hardware_r -19.982444157135824 23.950000762939453 31.510000228881836 AB 4.294375490065971 1.1039525681403526
61324.1987 lsst_hardware_z 31.000248821121964 41.939998626708984 30.950000762939453 AB 4.1902388445683325 1.0850387582500256
61327.173 lsst_hardware_r -10.579835988657056 24.059999465942383 31.5 AB 9.066711311442896 1.10153217245101
61327.1908 lsst_hardware_u -0.5312460167529349 2.75 28.43000030517578 AB 8.944760874349273 1.0848709368525495
61329.171 lsst_hardware_g -15.262358186176318 15.09000015258789 31.459999084472656 AB 8.32648262800559 1.0972501321744355
61329.189 lsst_hardware_r 50.59784389324579 24.059999465942383 31.510000228881836 AB 8.212914201302269 1.0830573581066252
61333.1679 lsst_hardware_r -28.334790264920755 40.97999954223633 31.600000381469727 AB 2.377347505155644 1.089443598177907
61333.1863 lsst_hardware_z -9.828221414753266 46.18000030517578 30.959999084472656 AB 2.415535622438288 1.08093777853742
61336.1513 lsst_hardware_z -33.52640114253174 90.7300033569336 31.729999542236328 AB 5.300488383382651 1.0979400089862563
61338.1435 lsst_hardware_r -79.47637683954949 138.13999938964844 31.649999618530273 AB 4.830286603410376 1.1008363892757083
61338.1596 lsst_hardware_z -58.06023349970541 93.13999938964844 31.0 AB 4.761720766519162 1.0855605220325995
61344.1341 lsst_hardware_g 3.9039210103953765 15.079999923706055 31.459999084472656 AB 4.1081364956844215 1.09288015314829
61344.15 lsst_hardware_r 18.33535942819762 24.09000015258789 31.520000457763672 AB 4.1127651716482285 1.0823066241179549
61351.1103 lsst_hardware_z -28.13455430948305 42.2400016784668 30.950000762939453 AB 4.991643109413551 1.0979894657213516
61351.1225 lsst_hardware_r 15.470685322743 23.670000076293945 31.5 AB 4.996908621397088 1.0865994392716196
61357.0902 lsst_hardware_g 17.40326472943132 14.800000190734863 31.420000076293945 AB 3.751142183484092 1.1027095417021673
61357.1082 lsst_hardware_r -29.560332744252868 23.700000762939453 31.5 AB 3.756470206613326 1.0852668162407246
61359.0943 lsst_hardware_i -21.779938578998273 32.09000015258789 31.25 AB 4.585384826215645 1.0917582919561057
61359.113 lsst_hardware_r 9.475973789434248 25.020000457763672 31.510000228881836 AB 4.541275320272933 1.0812560286364126
61361.0968 lsst_hardware_z -31.907077959344857 43.81999969482422 30.950000762939453 AB 3.365224258808848 1.0855562125189833
61361.1175 lsst_hardware_g 2.3074246786402 26.440000534057617 31.610000610351562 AB 3.3522550674436395 1.081372602401174
61364.0977 lsst_hardware_r 33.32759380872423 68.41000366210938 31.639999389648438 AB 6.254079670702907 1.0816152544956459
61364.1165 lsst_hardware_i 4.621296935572825 59.06999969482422 31.31999969482422 AB 6.2478379286717525 1.0839100064198501
61368.0694 lsst_hardware_i -29.190105589046862 84.72000122070312 31.329999923706055 AB 8.216698998789505 1.092065257680689
61368.0886 lsst_hardware_z -209.21389615142115 74.26000213623047 30.989999771118164 AB 8.640763944904608 1.0812217657857135
61370.069 lsst_hardware_g 51.54083900367254 47.34000015258789 31.690000534057617 AB 4.711059914178807 1.0877533858644208
61370.0892 lsst_hardware_r 15.201194759246896 60.119998931884766 31.6299991607666 AB 3.9190379083356097 1.0808654309361991
61372.061 lsst_hardware_i 30.164877536394407 31.170000076293945 31.239999771118164 AB 4.195668168975321 1.0897839399935898
61372.08 lsst_hardware_r -2.1258885110476013 23.3700008392334 31.489999771118164 AB 4.21411780307302 1.080912569187791
61374.065 lsst_hardware_u -3.1321076413559075 2.7899999618530273 28.459999084472656 AB 5.414505145239798 1.0835511597438732
61374.0854 lsst_hardware_g 1.0451801724273124 14.739999771118164 31.440000534057617 AB 5.4487139073795365 1.0823109132052313
61376.0633 lsst_hardware_r -28.148102084625723 23.260000228881836 31.5 AB 6.809329388843439 1.0820768687411775
61376.0823 lsst_hardware_i 12.773450073216205 31.020000457763672 31.25 AB 6.7792523203637 1.0832360565161705
61379.0381 lsst_hardware_y -17.759250715860816 50.88999938964844 30.040000915527344 AB 2.3782140423416958 1.0933060762402922
61379.0578 lsst_hardware_z 38.966523576471495 42.0099983215332 30.950000762939453 AB 1.6820677956597272 1.0813679174925923
61383.0396 lsst_hardware_y 11.62588713087737 50.81999969482422 30.040000915527344 AB 5.3644580268825495 1.0839478736882195
61383.0586 lsst_hardware_r -16.194240749863418 23.3700008392334 31.5 AB 5.837069139962459 1.081639792451118
61385.0325 lsst_hardware_y -30.529621185883283 66.0 30.049999237060547 AB 10.521324484418711 1.0848217436505407
61385.0505 lsst_hardware_r 25.398592586075832 23.760000228881836 31.5 AB 10.761290952543073 1.081102165214203
61387.033 lsst_hardware_z 9.8384162335001 57.2400016784668 30.979999542236328 AB 11.5582724543369 1.0821592542037684
61387.0516 lsst_hardware_g -29.525969714406465 15.770000457763672 31.479999542236328 AB 12.222179279259366 1.0829504943522388
61389.034 lsst_hardware_y -115.78417315885015 64.56999969482422 30.059999465942383 AB 8.199250699620068 1.0808758091235677
61389.0525 lsst_hardware_i 35.036751378059535 32.849998474121094 31.260000228881836 AB 8.33707384505099 1.0863896874600987
