data/validation/pwv_sim_epoch_fit_epoch/51381643.ecsv
# %ECSV 0.9
# ---
# datatype:
# - {name: time, datatype: float64}
# - {name: band, datatype: string}
# - {name: flux, datatype: float64}
# - {name: fluxerr, datatype: float64}
# - {name: zp, datatype: float64}
# - {name: zpsys, datatype: string}
# - {name: pwv, datatype: float64}
# - {name: airmass, datatype: float64}
# meta: {SNID: '51381643', alt: 1024.0, c: -0.1635405570268631, dec: 0.298417, lat: -30.244573, lon: -70.7499537, ra: 202.324219, t0: 62644.07421875,
#   x0: 2.24842244721087e-06, x1: 0.83610600233078, z: 0.8480480313301086}
# schema: astropy-2.0
time band flux fluxerr zp zpsys pwv airmass
[from data line 132]
62947.2686 lsst_hardware_r -3.4862939163454074 24.81999969482422 31.510000228881836 AB 6.1423711344934455 1.1605254611484475
62947.2888 lsst_hardware_g -3.446580541772526 15.420000076293945 31.43000030517578 AB 6.203416600530539 1.177342304143221
62951.2042 lsst_hardware_z 19.071291351931848 44.369998931884766 30.940000534057617 AB 8.888296699813619 1.2091275608507168
62951.2215 lsst_hardware_i -5.555001384651559 32.83000183105469 31.239999771118164 AB 7.6789379849647545 1.1780674237663107
62953.254 lsst_hardware_u 1.5478675148278596 2.869999885559082 28.469999313354492 AB 8.858279709490771 1.1612339579843702
62953.272 lsst_hardware_g 14.624967834294557 15.680000305175781 31.450000762939453 AB 8.951481904324199 1.1767942906648654
62955.2487 lsst_hardware_r 17.360971233170403 24.940000534057617 31.5 AB 7.487319451081019 1.1613048471327856
62955.2673 lsst_hardware_i -1.5851175374597233 32.939998626708984 31.239999771118164 AB 7.950716637614612 1.1777967021130877
62957.2445 lsst_hardware_z 0.06473655225131122 43.72999954223633 30.940000534057617 AB 4.931896971747827 1.161904422431588
62957.2635 lsst_hardware_u 5.912364667670202 2.7799999713897705 28.389999389648438 AB 5.484252887686944 1.1800859749720867
62959.2437 lsst_hardware_z 11.744112439426216 50.75 30.959999084472656 AB 8.314979779463744 1.1647669100982307
62959.2626 lsst_hardware_r -67.59909368175825 42.45000076293945 31.579999923706055 AB 7.058448681824924 1.1870919411074699
62961.2091 lsst_hardware_r 13.052658496630725 90.7699966430664 31.6200008392334 AB 8.175598053353955 1.1633997799099642
62961.2262 lsst_hardware_i -14.234260290162435 74.06999969482422 31.309999465942383 AB 8.209226959127912 1.1594407456044489
62963.2109 lsst_hardware_z 117.41371150753949 105.0999984741211 30.979999542236328 AB 9.96352057671919 1.160066433033799
62963.2298 lsst_hardware_i -40.352422383966484 127.3499984741211 31.31999969482422 AB 9.991534304328665 1.1628204020167199
62967.2245 lsst_hardware_i 37.407175735294395 60.36000061035156 31.299999237060547 AB 3.2671671811182867 1.1668454218279596
62967.2412 lsst_hardware_r -55.64354743968019 71.37000274658203 31.610000610351562 AB 3.325922292914558 1.187829390326628
62969.2015 lsst_hardware_z 21.176949608219317 67.61000061035156 31.700000762939453 AB 11.439974561117703 1.1591631743089794
62971.1943 lsst_hardware_g 6.934531614700205 15.670000076293945 31.43000030517578 AB 11.475861893472567 1.159177969037633
62971.2102 lsst_hardware_r -82.16043262369213 26.850000381469727 31.510000228881836 AB 11.717375822713539 1.1642475894459183
62974.1901 lsst_hardware_i 63.00018650696165 32.869998931884766 31.25 AB 14.9556308675486 1.159351230042527
62974.2091 lsst_hardware_z -8.965503748682782 44.040000915527344 30.940000534057617 AB 13.918892760780208 1.1703268902966864
62976.194 lsst_hardware_i 63.289309519955864 32.79999923706055 31.25 AB 3.7323818938745017 1.1626452437892694
62976.2112 lsst_hardware_u 2.445644146954682 2.8499999046325684 28.450000762939453 AB 3.2071313483057726 1.179489907127686
62978.1873 lsst_hardware_g 0.9772260711789356 15.529999732971191 31.43000030517578 AB 10.65880544604564 1.1619759561807481
62985.1635 lsst_hardware_z -123.8732922862504 62.130001068115234 31.690000534057617 AB 9.52027694938649 1.1600898006929252
62989.1081 lsst_hardware_z 13.417068505712534 62.47999954223633 30.969999313354492 AB 15.697867869190372 1.1934365658714692
62989.1271 lsst_hardware_r 107.74979312931612 76.61000061035156 31.6200008392334 AB 13.236998171688345 1.1676184243004692
62992.1569 lsst_hardware_i 23.875202370020716 173.47999572753906 32.06999969482422 AB 4.153677984589439 1.1674193323747721
62992.1746 lsst_hardware_z 19.29646261761942 103.47000122070312 30.979999542236328 AB 3.8985057024577197 1.190686394234987
62994.1585 lsst_hardware_z 36.02220189999801 76.80999755859375 30.979999542236328 AB 11.549827926610105 1.17483754720884
62994.1756 lsst_hardware_r -40.8792831382807 113.16999816894531 31.6200008392334 AB 10.61785710222073 1.2031906968719488
63008.0828 lsst_hardware_g 28.119172965980646 21.350000381469727 32.16999816894531 AB 5.776763408112597 1.162229204415189
63008.1046 lsst_hardware_r 3.3014811838053983 34.47999954223633 32.2400016784668 AB 5.404896177738026 1.1615938486434099
63014.0821 lsst_hardware_z -12.289943374220083 44.36000061035156 30.940000534057617 AB 8.537730890698084 1.159558267085967
63014.1019 lsst_hardware_g 9.990871428259306 19.479999542236328 31.489999771118164 AB 8.995071812551899 1.172505558881412
63018.0389 lsst_hardware_i 108.06626153141194 72.79000091552734 31.299999237060547 AB 8.007868159018711 1.1776276704439281
63018.0611 lsst_hardware_z 16.853267784455664 67.72000122070312 30.969999313354492 AB 8.480551143781076 1.15997143260581
63021.039 lsst_hardware_i 59.13786215079801 90.30000305175781 31.309999465942383 AB 13.183610287304166 1.1682850751220324
63021.0606 lsst_hardware_z 70.65734979677912 78.19999694824219 30.979999542236328 AB 13.30367134984967 1.159235059348621
63023.0433 lsst_hardware_g -97.42312962529819 99.8499984741211 31.690000534057617 AB 4.798563215340807 1.1615047318075216
63023.0658 lsst_hardware_r -41.86696399470363 92.19000244140625 31.6299991607666 AB 4.809829332435338 1.1627307008304604
63036.9976 lsst_hardware_g 10.329256257799688 15.619999885559082 31.440000534057617 AB 4.2064373539415545 1.1662950149561524
63037.0154 lsst_hardware_r 10.331232639039618 24.899999618530273 31.5 AB 4.130503566596548 1.1591684471271884
63043.0004 lsst_hardware_i -40.82041070553803 34.81999969482422 31.25 AB 4.714588871938939 1.159230113582203
63043.0199 lsst_hardware_z -24.212026269613602 44.970001220703125 30.940000534057617 AB 4.769186741434531 1.1695393979076496
63044.962 lsst_hardware_y -54.08786339491365 55.15999984741211 30.010000228881836 AB 7.634868926265867 1.1821122408544755
63044.9815 lsst_hardware_i -36.672666518555786 47.04999923706055 31.290000915527344 AB 7.4633800163725965 1.1623844591943582
63046.962 lsst_hardware_y -0.003640662955944902 61.20000076293945 30.010000228881836 AB 2.0283561917686983 1.1747236631861526
63046.981 lsst_hardware_z 43.390772792865675 64.36000061035156 30.969999313354492 AB 1.8815357496438982 1.1602481498317976
63048.9625 lsst_hardware_y -10.157058300131562 59.79999923706055 30.020000457763672 AB 10.865502085732182 1.1683335576056109
63048.9821 lsst_hardware_i -51.012681779220316 67.0 31.309999465942383 AB 10.780299431326444 1.1591719818630584
63051.9733 lsst_hardware_z -137.56788057020097 84.62000274658203 31.719999313354492 AB 5.6800239304405595 1.1591885572327671
63056.9612 lsst_hardware_y -124.72974469206972 57.470001220703125 30.020000457763672 AB 9.290262062077355 1.159181740854326
63056.9803 lsst_hardware_r -71.87349715849749 25.84000015258789 31.510000228881836 AB 9.415362805021187 1.168231627895178
