data/validation/pwv_sim_epoch_fit_epoch/51396112.ecsv
# %ECSV 0.9
# ---
# datatype:
# - {name: time, datatype: float64}
# - {name: band, datatype: string}
# - {name: flux, datatype: float64}
# - {name: fluxerr, datatype: float64}
# - {name: zp, datatype: float64}
# - {name: zpsys, datatype: string}
# - {name: pwv, datatype: float64}
# - {name: airmass, datatype: float64}
# meta: {SNID: '51396112', alt: 1024.0, c: 0.12387259304523468, dec: -54.532822, lat: -30.244573, lon: -70.7499537, ra: 43.115185, t0: 63119.88671875,
#   x0: 5.155495497915004e-06, x1: -0.20385269820690155, z: 0.605958878993988}
# schema: astropy-2.0
time band flux fluxerr zp zpsys pwv airmass
63092.3449 lsst_hardware_u 4.271247632555319 5.202286851733394 29.850000381469727 AB 4.088122028209399 1.1680348652026853
63092.3631 lsst_hardware_y 11.262857278823292 47.956377299796884 30.020000457763672 AB 3.9788049602968387 1.1368014172276681
63111.1916 lsst_hardware_i 1208.7013268583673 82.65258542524019 31.219999313354492 AB 3.980581708889578 1.5870483256919041
63111.2095 lsst_hardware_r 1473.9991188968697 98.91532144900982 31.540000915527344 AB 3.20304648187006 1.471537434243519
63112.4104 lsst_hardware_z 1079.6709393409826 67.70500346800355 30.969999313354492 AB 1.3053265042892273 1.119811127500052
63117.3966 lsst_hardware_r 1773.2391663103635 52.32749447655191 31.559999465942383 AB 2.5598899629560887 1.1196486206252028
63117.4083 lsst_hardware_z 1242.342214592308 62.483638752251515 30.959999084472656 AB 2.597560900107339 1.1342235208968805
63119.3647 lsst_hardware_g 263.59454572494917 24.304845596844686 31.5 AB 4.151428720216362 1.0997162172758577
63119.3759 lsst_hardware_i 1573.7982222119283 50.683217433027195 31.239999771118164 AB 2.4961106682918404 1.1060234849532837
63122.3943 lsst_hardware_z 1221.3758507541631 55.473722826158095 30.940000534057617 AB 2.3031821395120047 1.133734747483143
63122.4051 lsst_hardware_r 1601.1605364305017 48.322060900605656 31.530000686645508 AB 2.3430460492947947 1.1504317754311595
63124.3123 lsst_hardware_r 1332.923610834738 43.247307122716386 31.469999313354492 AB 1.9590290695476427 1.101299954772403
63124.3231 lsst_hardware_u -1.19694568033187 2.645086036300311 28.399999618530273 AB 1.9489467924994954 1.0972254989441212
63129.3548 lsst_hardware_r 1108.489566719143 40.00661780417934 31.469999313354492 AB 5.808671512046267 1.1108570495403074
63129.3674 lsst_hardware_i 1270.873025932982 46.985638979104465 31.239999771118164 AB 5.798851351068552 1.1236995157580176
63131.281 lsst_hardware_i 1226.3314103933321 46.08069285573843 31.229999542236328 AB 1.7449871003167152 1.1093369995660547
63133.367 lsst_hardware_u 3.633198430457373 2.621202737398394 28.3799991607666 AB 4.707594624049372 1.1376497399831025
63133.3783 lsst_hardware_g 85.49600000773482 15.641605725569418 31.350000381469727 AB 4.377216561186098 1.156082287536676
63137.3536 lsst_hardware_z 935.9716469105854 57.045540271958124 30.950000762939453 AB 5.335047138031094 1.1340909046142202
63137.3652 lsst_hardware_r 708.9231829267969 34.47047103553163 31.469999313354492 AB 5.447503065015924 1.152240085667872
63140.2793 lsst_hardware_i 1020.1791084753048 73.99483388619315 31.31999969482422 AB 5.189502176927338 1.0972623272919628
63140.2918 lsst_hardware_r 643.215247489509 90.718479598246 31.639999389648438 AB 4.867430022291983 1.0960211714235495
63143.3466 lsst_hardware_r 562.3142704637409 62.03385133540459 31.610000610351562 AB 2.7406399462573794 1.148473227932871
63143.3587 lsst_hardware_i 774.1821887853563 56.694245097136985 31.290000915527344 AB 2.763698584075727 1.1708106689580533
63145.3537 lsst_hardware_z 729.7901979517676 54.17890348352423 30.950000762939453 AB 7.268264805628896 1.1717495488351817
63145.3655 lsst_hardware_r 348.5997005765111 47.219978546328846 31.56999969482422 AB 7.511697493495788 1.198117497467361
63149.2469 lsst_hardware_u -2.891091707470606 2.651707462916672 28.350000381469727 AB 2.871631767397448 1.0999610957856265
63149.2594 lsst_hardware_g 9.321496731757273 13.81377846901166 31.350000381469727 AB 3.514214162929489 1.0963646514963048
63151.3209 lsst_hardware_i 441.4066846155399 37.00287167692732 31.229999542236328 AB 6.029710823043953 1.1422611078463563
63151.3312 lsst_hardware_r 207.4831665554999 27.02837941896519 31.459999084472656 AB 6.123366602369032 1.1598200493793447
63153.3208 lsst_hardware_u 2.8952624717769897 2.565679358083979 28.299999237060547 AB 5.766386074903682 1.1510135549892577
63153.3324 lsst_hardware_g 13.55205982587996 13.592949248422096 31.34000015258789 AB 5.890322665684011 1.1728648323798696
63159.3189 lsst_hardware_u 5.549527846369552 2.6417036611298923 28.31999969482422 AB 1.3416342083903543 1.1789404291661567
63159.3296 lsst_hardware_g 34.96788193137782 13.364537675625863 31.329999923706055 AB 1.4693129454186022 1.2038614874384288
63161.3182 lsst_hardware_r 130.35799022647342 25.09176939186777 31.459999084472656 AB 2.9687419739275875 1.1895586913026261
63161.3293 lsst_hardware_z 461.6512373217034 48.10485926269189 30.93000030517578 AB 3.0471623832478425 1.2172824860672495
63163.2765 lsst_hardware_i 237.83640058150965 33.95450518538853 31.229999542236328 AB 3.3400425232661064 1.1260468134853086
63163.2878 lsst_hardware_r 118.60616856975604 24.50411378688252 31.469999313354492 AB 3.3652957701954653 1.1417458083784446
63166.2959 lsst_hardware_r 145.43140011870366 51.10265973869126 31.600000381469727 AB 3.7041607311481037 1.1708133484466545
63166.307 lsst_hardware_i 242.4163197735118 47.92371339794489 31.280000686645508 AB 3.7855789017381736 1.1953201457967078
63168.2968 lsst_hardware_z 487.1349737412057 64.02724881569235 30.959999084472656 AB 3.5888317761074133 1.1843677826655854
63168.3078 lsst_hardware_r 55.91841932354463 82.66109266398085 31.610000610351562 AB 3.6956455210681867 1.2109591571410148
63170.301 lsst_hardware_z 704.9615753829485 90.56982862583499 31.719999313354492 AB 4.13407993675736 1.207500711739079
63183.2508 lsst_hardware_z 240.04933842852185 44.95124347130911 30.93000030517578 AB 5.180326846556732 1.173524166704689
63183.2624 lsst_hardware_u -2.0449480657100407 2.5985810515209233 28.260000228881836 AB 5.333594186835387 1.1997287666270278
63186.2523 lsst_hardware_g 6.187963714712941 13.356773120040955 31.350000381469727 AB 7.01217673158024 1.195113101102212
63186.2634 lsst_hardware_r 45.78378442087493 23.81128633304372 31.459999084472656 AB 7.173244121266269 1.2237506897572192
63187.2363 lsst_hardware_r 77.6485030813468 23.603195312287397 31.459999084472656 AB 6.6744380741625475 1.1663160660811254
63187.2479 lsst_hardware_i 102.35429038601514 33.117106428030745 31.219999313354492 AB 6.639412039098684 1.1911752006276979
63189.236 lsst_hardware_z 188.5331264048569 44.78083823318188 30.93000030517578 AB 6.25199698657087 1.176846491589834
63189.2484 lsst_hardware_i 54.53845512929905 32.92508377905323 31.219999313354492 AB 6.416896307542584 1.2056735981103073
63191.0958 lsst_hardware_z 142.74049110663466 45.04235064385735 30.950000762939453 AB 3.817528438019952 1.132629710137739
63195.1867 lsst_hardware_r 68.85482834211011 58.0261447325172 31.6200008392334 AB 6.684618579081041 1.1231506993695002
63195.1998 lsst_hardware_i 78.0327375161933 51.24923022323976 31.299999237060547 AB 6.779040155989728 1.1408044240741113
63197.1417 lsst_hardware_z 59.9028890277497 58.36288933663951 30.969999313354492 AB 3.9481491775201922 1.09670810486672
63197.1532 lsst_hardware_r 40.523392214337825 76.7239948292084 31.6299991607666 AB 3.9614839494550353 1.1004122081819543
63199.1786 lsst_hardware_z 250.37021239095156 61.26538612220464 30.969999313354492 AB 4.8506055067721965 1.1265631741361455
63199.1907 lsst_hardware_r 18.357272345649683 84.4915044948764 31.6200008392334 AB 4.983219237453794 1.14363966587821
63201.1843 lsst_hardware_i -69.15801098497344 55.369998931884766 31.299999237060547 AB 8.84639225168737 1.1421700076417178
63201.1965 lsst_hardware_z -80.2784668686469 54.560001373291016 30.959999084472656 AB 9.020955374153337 1.163281262987585
63204.2008 lsst_hardware_r 6.052048706101109 45.18000030517578 31.579999923706055 AB 4.312422214010919 1.1896063669371055
63204.2123 lsst_hardware_z 6.239258850169669 48.7400016784668 30.940000534057617 AB 5.283644310613084 1.2184121551049707
63206.2011 lsst_hardware_g 11.029657611981838 23.719999313354492 31.549999237060547 AB 6.25802033751374 1.203465449521873
63206.2127 lsst_hardware_r -2.6678579974313883 31.950000762939453 31.530000686645508 AB 6.575603335715915 1.2349130636585595
63211.1069 lsst_hardware_i -26.59892000496029 30.1299991607666 31.239999771118164 AB 11.710193520838674 1.097487677679351
63211.1201 lsst_hardware_z -61.97935269921465 41.470001220703125 30.940000534057617 AB 11.696643302519481 1.1031100253869364
63213.0975 lsst_hardware_r 6.435991076723017 21.739999771118164 31.469999313354492 AB 13.261895157538657 1.0966285962683564
63213.1104 lsst_hardware_u 3.6361084268379815 2.5399999618530273 28.34000015258789 AB 13.131226240716783 1.1008433344180621
63216.0969 lsst_hardware_g 9.533161246927847 12.949999809265137 31.3700008392334 AB 11.089268421595909 1.0986231254910712
63216.109 lsst_hardware_i -66.78620911351861 30.489999771118164 31.239999771118164 AB 11.15743176758451 1.1046926088264213
63220.1022 lsst_hardware_y -47.619390322178795 48.150001525878906 30.020000457763672 AB 3.751949188723971 1.107586476375911
63220.1148 lsst_hardware_g -3.636255782009238 19.860000610351562 31.530000686645508 AB 3.6901884198046573 1.119086708052791
63222.0806 lsst_hardware_z 40.055218751139755 45.369998931884766 30.950000762939453 AB 5.939701938820375 1.098656256024485
63222.0922 lsst_hardware_r -16.069583655928366 38.279998779296875 31.59000015258789 AB 4.4972290135803465 1.1044275573625606
63224.0843 lsst_hardware_i 28.68195884644268 46.33000183105469 31.290000915527344 AB 6.804967039259966 1.102941793013312
63224.0976 lsst_hardware_z 19.06030890730615 49.400001525878906 30.950000762939453 AB 6.858141666587268 1.1128529316184446
63226.0822 lsst_hardware_r 75.41407768120844 66.18000030517578 31.6299991607666 AB 10.69062217054395 1.1050309753004237
63226.0945 lsst_hardware_z -77.41711468473758 53.66999816894531 30.959999084472656 AB 8.350096760638483 1.1150808048927419
63229.0842 lsst_hardware_g 108.13833509390099 87.97000122070312 31.709999084472656 AB 8.348157840441427 1.113087712058857
63229.0963 lsst_hardware_i 103.34131241000738 61.599998474121094 31.309999465942383 AB 8.445817369089237 1.1261089825452317
