data/validation/pwv_sim_epoch_fit_epoch/51509044.ecsv
# %ECSV 0.9
# ---
# datatype:
# - {name: time, datatype: float64}
# - {name: band, datatype: string}
# - {name: flux, datatype: float64}
# - {name: fluxerr, datatype: float64}
# - {name: zp, datatype: float64}
# - {name: zpsys, datatype: string}
# - {name: pwv, datatype: float64}
# - {name: airmass, datatype: float64}
# meta: {SNID: '51509044', alt: 1024.0, c: 0.041282590478658676, dec: -23.480536, lat: -30.244573, lon: -70.7499537, ra: 188.085938, t0: 62911.09375,
#   x0: 4.15820449939552e-06, x1: -1.1792033910751343, z: 0.6619114875793457}
# schema: astropy-2.0
time band flux fluxerr zp zpsys pwv airmass
62879.2956 lsst_hardware_r -51.624209231403526 75.83826343723354 31.600000381469727 AB 6.73626585361688 1.2407740754793253
62879.3141 lsst_hardware_y -28.894606628104963 54.331723068549394 30.020000457763672 AB 6.443391720224536 1.1610063461769788
62883.2931 lsst_hardware_i -53.00451211010738 39.913118884062754 31.270000457763672 AB 3.159935949286825 1.2016107802212472
62883.3101 lsst_hardware_z 37.364359134299804 46.66416189819364 30.959999084472656 AB 3.0053204892671577 1.1366567659860656
62891.2979 lsst_hardware_u 12.21669724085896 4.3441175984297375 28.450000762939453 AB 10.848821187294673 1.1070225701321095
62891.3156 lsst_hardware_g 51.474149649457864 16.50584427888372 31.459999084472656 AB 10.428079936909011 1.0640897894805113
62892.3671 lsst_hardware_u 19.940990034297034 6.106097391020289 28.84000015258789 AB 14.0844102719131 1.006982341996039
62893.3025 lsst_hardware_i 323.09012137216223 35.91093501663796 31.260000228881836 AB 12.858601087274147 1.0809180470136304
62893.3203 lsst_hardware_z 256.62612668821663 44.343740360847626 30.950000762939453 AB 12.331832941621004 1.045395428660408
62896.3519 lsst_hardware_u 4.825596510821736 4.397528308891355 28.469999313354492 AB 11.417738435723365 1.0078921673435366
62896.3699 lsst_hardware_y 291.2196213823874 50.45621453964456 30.059999465942383 AB 11.446248335946368 1.0079989728202927
62907.3432 lsst_hardware_i 1441.8431747038255 86.26743622155414 31.350000381469727 AB 3.4449072660149196 1.0091516256268684
62907.3628 lsst_hardware_z 1021.3635102362141 74.4551057763924 31.0 AB 3.506027680842431 1.0232842556271193
62908.1808 lsst_hardware_r 2445.8783501149974 161.32960259163016 32.29999923706055 AB 3.9882968234287883 1.4771469716402919
62908.2069 lsst_hardware_z 1771.2025498851258 119.70912131556719 31.709999084472656 AB 3.4875154874001786 1.2916724027408069
62909.3261 lsst_hardware_z 922.0034531872351 72.69026361592977 30.989999771118164 AB 6.050476898895953 1.0066651339584254
62909.3439 lsst_hardware_r 1520.2918342111757 95.30185005999604 31.65999984741211 AB 6.221160735333613 1.0122292117366807
62910.2205 lsst_hardware_r 1345.0336107785558 75.86930616794568 31.610000610351562 AB 5.895034429840335 1.196799302261678
62910.2398 lsst_hardware_y 317.58161360247533 56.138207690621506 30.030000686645508 AB 5.607803721588592 1.1256129509411064
62912.2124 lsst_hardware_g 188.86236416662152 28.769683056466928 31.559999465942383 AB 3.8699791397024574 1.2083300725009185
62912.2317 lsst_hardware_r 1336.4882071912366 48.747721383694675 31.559999465942383 AB 3.775970529320855 1.1340953684699575
62915.2422 lsst_hardware_u 3.670673703362396 2.8488705745653196 28.489999771118164 AB 5.728041763321334 1.0814767796320843
62917.2085 lsst_hardware_r 915.0385537651018 39.35653307478545 31.489999771118164 AB 3.8543912643591094 1.1679973528360938
62917.2292 lsst_hardware_u 0.24272662090454666 2.811645970607255 28.479999542236328 AB 3.6322418833817527 1.1006793586005312
62919.211 lsst_hardware_g 84.83102085779024 17.269978030949805 31.420000076293945 AB 9.228970290199902 1.1393790481728274
62919.23 lsst_hardware_i 1136.17067273802 45.463442011685366 31.25 AB 8.784878953125938 1.0845529571760417
62921.2114 lsst_hardware_z 922.6275738473682 51.41428719129723 30.950000762939453 AB 9.48432608098225 1.1205489226113243
62921.2314 lsst_hardware_r 806.1578213540471 36.54186318682809 31.5 AB 9.044890481983213 1.0688832996907405
62925.2098 lsst_hardware_r 559.4256567382915 33.77340870764727 31.489999771118164 AB 5.777058510700995 1.094174407784525
62925.2301 lsst_hardware_i 826.9991658923748 42.34407780021161 31.25 AB 5.546812130278896 1.0502010975599048
62926.282 lsst_hardware_z 809.7027873732907 49.01748733003442 30.950000762939453 AB 3.9040842228297303 1.0068127455075382
62926.2999 lsst_hardware_r 521.7962083861283 32.992085166926685 31.510000228881836 AB 4.179602053222744 1.0137693462964976
62927.2147 lsst_hardware_z 738.3176641588764 49.64564083571814 30.950000762939453 AB 3.6151333890230277 1.0695660914269314
62927.2339 lsst_hardware_r 499.2154263365269 32.356065270278 31.5 AB 3.289091629110028 1.0356081955636782
62928.2787 lsst_hardware_y 226.92505868405937 49.14851604136991 30.059999465942383 AB 5.938989748975026 1.007106295311246
62928.2969 lsst_hardware_g 38.53311117387504 15.972471234083145 31.440000534057617 AB 6.178540109122466 1.0155391369366316
62932.0937 lsst_hardware_z 454.7069346050463 74.95976360932166 30.90999984741211 AB 12.408469703240517 1.7040699981561709
62932.1128 lsst_hardware_i 558.0351352866097 77.1032738985543 31.25 AB 10.951086670452085 1.4991220630324764
62933.2619 lsst_hardware_z 554.278579667683 75.35762614440614 31.0 AB 9.966597867474041 1.0067270573206102
62933.282 lsst_hardware_r 353.3372713071457 102.93075576316213 31.65999984741211 AB 10.044689545766635 1.0146151056329935
62935.1067 lsst_hardware_z 765.1406623595102 149.66634032700955 31.690000534057617 AB 16.50600390092015 1.4804918737931718
62937.0932 lsst_hardware_r 306.3232131031184 109.98930980910471 31.540000915527344 AB 12.361667901560043 1.555840061448235
62937.1132 lsst_hardware_i 578.8657797347876 92.0133133544266 31.270000457763672 AB 11.00880803405602 1.385336581466781
62941.0962 lsst_hardware_g 30.58332982971907 15.83093658299563 31.299999237060547 AB 10.530415242920933 1.4313950104218485
62941.1173 lsst_hardware_r 122.1357695780427 27.260035947008284 31.459999084472656 AB 9.510836755729425 1.288818586046402
62945.2414 lsst_hardware_r 111.06150965234859 25.941047736901623 31.530000686645508 AB 5.032766717760806 1.0099873003734465
62945.26 lsst_hardware_i 249.90221855682282 34.83646581866242 31.270000457763672 AB 5.120762710188783 1.0242891139196126
62948.1674 lsst_hardware_r 180.2247558377642 25.71277707073759 31.520000457763672 AB 7.213446669010393 1.0500304478344034
62948.1844 lsst_hardware_u 1.1860806045899726 2.9829395103053673 28.6200008392334 AB 7.060923174803877 1.0257006355031895
62949.2249 lsst_hardware_u -2.455233751463521 2.9304685797882364 28.559999465942383 AB 5.969660673524807 1.007906239726177
62949.2435 lsst_hardware_r 75.47758717610178 25.60699409440773 31.520000457763672 AB 6.035629908175622 1.0187863458350794
62952.0672 lsst_hardware_u 0.8044285779961549 2.7656938833343725 28.229999542236328 AB 8.858964383826262 1.4232411252030301
62952.0854 lsst_hardware_g 20.26749178052762 15.288554522113168 31.3700008392334 AB 8.362161067276013 1.2996157696642097
62953.2241 lsst_hardware_r 70.08040829940462 25.53752745505717 31.530000686645508 AB 7.7639401037390385 1.0124237290801146
62953.2423 lsst_hardware_u 0.6712393550634452 3.2160773244525194 28.600000381469727 AB 7.835322706898715 1.0290678627395213
62954.0683 lsst_hardware_r 100.84503840914073 28.07173682730602 31.469999313354492 AB 9.230897164745889 1.3745317662300922
62954.0851 lsst_hardware_i 197.82090801381105 36.08828216469437 31.229999542236328 AB 8.742753968582305 1.2705029018478498
62959.201 lsst_hardware_r 99.58105890788771 53.218985623235326 31.639999389648438 AB 6.351668215707125 1.0090555309850004
62959.2198 lsst_hardware_z 170.19796371402774 51.150597531722426 30.969999313354492 AB 7.2960796116341005 1.0222178089855132
62961.2001 lsst_hardware_r -55.460525364867905 87.0677590226037 31.65999984741211 AB 7.464545306035937 1.0111819704735794
62961.2174 lsst_hardware_i 95.10822413205474 71.0039021122334 31.329999923706055 AB 7.219734373408641 1.0254818957542844
62968.0784 lsst_hardware_z 68.96763946603305 48.106844111376276 30.950000762939453 AB 7.270376884270629 1.1354198077961393
62968.0961 lsst_hardware_r -37.26859317101616 38.93948056375438 31.59000015258789 AB 7.472033143258068 1.0848293191909804
62988.0454 lsst_hardware_z 36.921499999810614 52.75807323380048 30.969999313354492 AB 9.035309888094565 1.0756321295350673
62988.0658 lsst_hardware_r 45.87343726812225 56.675455025388366 31.639999389648438 AB 8.717699722637482 1.0378213955520812
62994.9591 lsst_hardware_z -56.6282634477686 63.45000076293945 30.950000762939453 AB 11.830687677719213 1.3555902159177162
62994.9791 lsst_hardware_g -21.863031950937987 14.729999542236328 31.3799991607666 AB 10.825926417285697 1.239704529042564
62998.9573 lsst_hardware_y -191.70983499357376 71.48999786376953 29.989999771118164 AB 10.46182610793802 1.2982617714090448
62998.9791 lsst_hardware_r -18.827647540543143 23.809999465942383 31.489999771118164 AB 9.26275170325133 1.1900242006661113
63000.0653 lsst_hardware_z 17.244827142566027 40.810001373291016 30.950000762939453 AB 6.404319608110307 1.0087396017289585
63000.0812 lsst_hardware_u 0.2161800602722955 2.7899999618530273 28.510000228881836 AB 6.40341722117343 1.0069585461155799
63008.0493 lsst_hardware_u 0.03215574423665053 2.7100000381469727 28.450000762939453 AB 5.055461359675098 1.007147610460715
63008.0701 lsst_hardware_g -5.182596040825467 14.489999771118164 31.440000534057617 AB 5.054985304526519 1.0103235118973724
63009.9568 lsst_hardware_y 26.90968062982296 58.779998779296875 30.020000457763672 AB 8.245187478406068 1.159619911874557
63009.9773 lsst_hardware_u 2.483283905726191 2.7100000381469727 28.399999618530273 AB 8.67225537047378 1.0952583190798189
63012.9562 lsst_hardware_z -18.26397921827017 52.970001220703125 30.959999084472656 AB 6.799257495616092 1.133209582602682
63012.9748 lsst_hardware_r 8.716790617822157 25.059999465942383 31.510000228881836 AB 6.286662609226697 1.0810493997294561
63016.0143 lsst_hardware_r -48.92743338963197 44.540000915527344 31.6299991607666 AB 9.725892600653227 1.0122790338508931
63016.0353 lsst_hardware_g 35.80592090084182 41.220001220703125 31.709999084472656 AB 9.753559260597397 1.006723760566081
63021.0084 lsst_hardware_z -10.841179375457878 70.73999786376953 31.0 AB 11.403269289473103 1.0085810316836124
63021.0283 lsst_hardware_i 76.62644941370502 81.56999969482422 31.34000015258789 AB 11.31158587526145 1.0079007277010388
63021.9585 lsst_hardware_y 123.35868861258585 85.43000030517578 30.809999465942383 AB 12.51418634251492 1.06291131290737
63021.9787 lsst_hardware_g 142.0269312659929 140.67999267578125 32.4900016784668 AB 12.037428958005991 1.0300359213051613
63022.9883 lsst_hardware_z -47.164748547695446 58.7599983215332 30.989999771118164 AB 4.374005861600518 1.0172106654884927
63023.0105 lsst_hardware_g -53.12978067062625 89.66000366210938 31.75 AB 4.435865500200393 1.0068354991092079
63044.9514 lsst_hardware_y 122.53452539190374 81.61000061035156 30.079999923706055 AB 6.986801746144395 1.0067437674559647
63044.971 lsst_hardware_i 89.45230002324006 43.599998474121094 31.299999237060547 AB 6.452745389025156 1.0113228413173194
