data/validation/pwv_sim_epoch_fit_epoch/5161988.ecsv
# %ECSV 0.9
# ---
# datatype:
# - {name: time, datatype: float64}
# - {name: band, datatype: string}
# - {name: flux, datatype: float64}
# - {name: fluxerr, datatype: float64}
# - {name: zp, datatype: float64}
# - {name: zpsys, datatype: string}
# - {name: pwv, datatype: float64}
# - {name: airmass, datatype: float64}
# meta: {SNID: '5161988', alt: 1024.0, c: 0.032814498990774155, dec: -7.782714, lat: -30.244573, lon: -70.7499537, ra: 200.917969, t0: 60404.28515625,
#   x0: 5.584721025637788e-06, x1: 1.0749061107635498, z: 0.5861107110977173}
# schema: astropy-2.0
time band flux fluxerr zp zpsys pwv airmass
[from data line 133]
60772.2312 lsst_hardware_i 98.8482661140925 38.689998626708984 31.280000686645508 AB 9.358873047155212 1.0885047401585903
60777.2167 lsst_hardware_z 183.22382803776628 113.29000091552734 31.0 AB 7.3729784252345985 1.0878610734392204
60777.2331 lsst_hardware_i -45.352463899801656 136.10000610351562 31.329999923706055 AB 7.493965040013766 1.1056443164709557
60779.1931 lsst_hardware_r 184.841622061725 150.61000061035156 31.65999984741211 AB 6.065503643576602 1.0810504199218647
60779.2096 lsst_hardware_z 123.47772186702147 102.13999938964844 31.0 AB 7.1574658644928455 1.086701043484876
60781.1462 lsst_hardware_r 80.77328027459419 85.62000274658203 31.639999389648438 AB 18.627929253896433 1.1154448655027804
60781.1628 lsst_hardware_y 147.97514771807607 55.150001525878906 30.040000915527344 AB 18.254239312879548 1.0930682223281167
60783.1934 lsst_hardware_g 21.100077876767138 53.08000183105469 31.690000534057617 AB 13.979812857369778 1.0837064230519207
60783.2108 lsst_hardware_r -32.1809738401346 53.119998931884766 31.6200008392334 AB 13.060442668922356 1.0979083007731583
60785.1927 lsst_hardware_i 29.335479731267583 37.470001220703125 31.280000686645508 AB 3.5910429783405373 1.0863568139785325
60785.2136 lsst_hardware_z -26.869833207438717 45.27000045776367 30.950000762939453 AB 2.996965744133667 1.1091315012985254
60793.1567 lsst_hardware_u -6.75502257903764 2.75 28.389999389648438 AB 2.2428264193558256 1.08114071793484
60793.1741 lsst_hardware_g 1.5097993782633636 15.649999618530273 31.450000762939453 AB 2.4784016578640284 1.0886895048821426
60796.1504 lsst_hardware_r -36.00816804683094 24.690000534057617 31.5 AB 10.074622655146 1.0813741915038908
60796.1692 lsst_hardware_z 3.2766682192585677 42.58000183105469 30.940000534057617 AB 10.4483695810054 1.091498519822972
60799.1431 lsst_hardware_r -3.773318813130791 27.350000381469727 31.540000915527344 AB 10.898160179184455 1.0815332755829394
60799.1614 lsst_hardware_y 19.453774220724867 47.939998626708984 30.030000686645508 AB 10.997962157026038 1.0918620183691214
60801.143 lsst_hardware_z -3.7687356701452184 48.93000030517578 30.959999084472656 AB 3.845668697267435 1.0831598255418196
60801.1605 lsst_hardware_r 43.442595572618195 47.540000915527344 31.610000610351562 AB 3.903537898165752 1.0965764163679337
60805.1444 lsst_hardware_r -252.79808914303268 138.36000061035156 31.649999618530273 AB 7.715429288273103 1.0912912713257572
60805.1616 lsst_hardware_z -65.46343065286952 96.77999877929688 30.989999771118164 AB 7.860856712460679 1.1133043851000608
60807.0976 lsst_hardware_z -125.41817420979926 132.8800048828125 31.75 AB 13.246411474912874 1.088030731155896
60809.0902 lsst_hardware_r 30.737166184566473 139.5500030517578 32.400001525878906 AB 6.714978319397177 1.0895632515653744
60809.1089 lsst_hardware_z 125.73407761194949 96.7699966430664 31.739999771118164 AB 6.581877242344553 1.0811230687162905
60811.0869 lsst_hardware_r -11.720802576242951 59.45000076293945 31.639999389648438 AB 5.717820099516806 1.0878653157375962
60811.1071 lsst_hardware_y 31.549738199621178 50.540000915527344 30.040000915527344 AB 5.784998538402813 1.0811060621197557
60813.0882 lsst_hardware_g 19.990907619850123 24.690000534057617 31.59000015258789 AB 9.21937169827845 1.083781939452743
60813.1089 lsst_hardware_r 17.11987984518473 35.54999923706055 31.579999923706055 AB 9.33675785917391 1.0826481747650116
60816.0772 lsst_hardware_i -42.84903100484339 32.040000915527344 31.25 AB 7.6076264168883645 1.085253411824335
60816.0972 lsst_hardware_z 16.235944731342833 42.619998931884766 30.950000762939453 AB 7.771229968766681 1.0816409903637396
60825.0487 lsst_hardware_u -2.7453800108702855 2.809999942779541 28.450000762939453 AB 11.87329500471984 1.0878459851316908
60825.0669 lsst_hardware_g 17.741837298973664 15.4399995803833 31.459999084472656 AB 11.707767690359306 1.0810496482326537
60827.0524 lsst_hardware_r -6.642604417934949 26.079999923706055 31.520000457763672 AB 7.950754309762305 1.0827664864173097
60827.0741 lsst_hardware_z 66.76237769053472 42.459999084472656 30.950000762939453 AB 7.947955744164834 1.0841078126986985
60831.0338 lsst_hardware_r -61.50173559290489 72.9000015258789 31.649999618530273 AB 11.041821546056383 1.086793459257518
60831.0547 lsst_hardware_y -76.79880835808757 54.41999816894531 30.049999237060547 AB 10.27665175546393 1.0813544226299772
60843.0208 lsst_hardware_r -11.062675419316706 24.84000015258789 31.510000228881836 AB 6.49785771223491 1.0812043116395202
60843.0497 lsst_hardware_i -52.215395138074435 32.40999984741211 31.25 AB 6.686464790480735 1.1012871268186954
60845.0105 lsst_hardware_z -10.476038330650956 42.41999816894531 30.950000762939453 AB 4.241286399957427 1.0811334182914674
60845.0352 lsst_hardware_r 0.8389331750298005 24.989999771118164 31.520000457763672 AB 4.295041900978383 1.0913124166117683
60847.9943 lsst_hardware_u -3.059424298007836 2.819999933242798 28.440000534057617 AB 5.649788466026163 1.0830611456007213
60848.0139 lsst_hardware_g -7.448089304411154 15.920000076293945 31.469999313354492 AB 3.327991549914391 1.0828605910784352
60849.9929 lsst_hardware_r 15.361089721796674 25.010000228881836 31.520000457763672 AB 5.010373758996531 1.0817647554508523
60850.0109 lsst_hardware_z -9.296812048155012 42.439998626708984 30.950000762939453 AB 4.40801931248326 1.0839169637875679
60852.9946 lsst_hardware_r -7.93152845741394 25.209999084472656 31.520000457763672 AB 8.272704003716488 1.081352098433596
60853.0147 lsst_hardware_u -2.212998626742496 2.9600000381469727 28.540000915527344 AB 9.05201283834475 1.0925784958774183
60858.9657 lsst_hardware_z -82.2058610991479 53.40999984741211 30.969999313354492 AB 7.902456225870567 1.0825282501192557
60858.9848 lsst_hardware_g -60.0419842475844 48.369998931884766 31.690000534057617 AB 7.907613394025763 1.0832347115103784
60861.9583 lsst_hardware_y -7.103669208248477 66.87999725341797 30.049999237060547 AB 6.076674466572034 1.0822698190608726
60861.9779 lsst_hardware_i -25.331304189049035 65.69999694824219 31.31999969482422 AB 7.079071596985101 1.0838078484794746
60863.9593 lsst_hardware_y -37.317307845262626 63.130001068115234 30.049999237060547 AB 1.5298318148558159 1.0810895576390742
60863.9775 lsst_hardware_r 32.25090422228439 75.44999694824219 31.639999389648438 AB 1.5224660554617693 1.086699539944161
60865.9587 lsst_hardware_y -118.54550596867418 68.20999908447266 30.049999237060547 AB 8.67036189849685 1.0812947432184137
60865.9767 lsst_hardware_z 115.22792391854274 59.70000076293945 30.979999542236328 AB 8.777886213747903 1.0902852085142098
