data/validation/pwv_sim_epoch_fit_epoch/51771678.ecsv
# %ECSV 0.9
# ---
# datatype:
# - {name: time, datatype: float64}
# - {name: band, datatype: string}
# - {name: flux, datatype: float64}
# - {name: fluxerr, datatype: float64}
# - {name: zp, datatype: float64}
# - {name: zpsys, datatype: string}
# - {name: pwv, datatype: float64}
# - {name: airmass, datatype: float64}
# meta: {SNID: '51771678', alt: 1024.0, c: -0.11280833184719086, dec: -42.010422, lat: -30.244573, lon: -70.7499537, ra: 189.352936, t0: 60818.99609375,
#   x0: 4.691051308090517e-06, x1: -1.1606825590133667, z: 0.6291921138763428}
# schema: astropy-2.0
time band flux fluxerr zp zpsys pwv airmass
[from data line 133]
61104.2813 lsst_hardware_i -113.98114802188323 81.72000122070312 31.34000015258789 AB 10.60760742031335 1.0235051544107825
61104.2932 lsst_hardware_r 32.699950035604004 102.56999969482422 31.65999984741211 AB 10.007240674809989 1.0287753418007666
61106.2782 lsst_hardware_z -53.632816250432924 88.94000244140625 31.739999771118164 AB 9.920522937645844 1.0242478168061924
61108.2751 lsst_hardware_r 2.0144135175385727 55.150001525878906 31.639999389648438 AB 7.9325327335226845 1.0251399242081833
61108.288 lsst_hardware_i 24.580538074272056 49.02000045776367 31.309999465942383 AB 8.09545411766554 1.032682223129164
61110.2748 lsst_hardware_z 17.329933796941436 43.369998931884766 30.950000762939453 AB 9.037000063385584 1.0276130082500579
61110.2869 lsst_hardware_r 11.634319591591915 33.810001373291016 31.56999969482422 AB 9.198625952493561 1.0362702913060715
61115.2735 lsst_hardware_r -5.657465135213733 22.18000030517578 31.479999542236328 AB 7.786667472736353 1.0364948383010084
61115.2864 lsst_hardware_z -11.149212291513 40.86000061035156 30.940000534057617 AB 7.906583819890731 1.0503831130844121
61117.2348 lsst_hardware_i 14.983812727054277 30.06999969482422 31.25 AB 6.0298555177095565 1.0220094097812806
61117.2468 lsst_hardware_r 25.968117554836148 22.280000686645508 31.5 AB 6.040438002214281 1.0238030512227594
61121.2288 lsst_hardware_r -2.8959186072431993 22.299999237060547 31.489999771118164 AB 5.876420930535564 1.0222825625750473
61121.2408 lsst_hardware_i -42.23714433652616 30.110000610351562 31.25 AB 5.869717539682814 1.0256514084629598
61123.2231 lsst_hardware_z 1.4463701693310667 40.59000015258789 30.950000762939453 AB 6.079861849811713 1.0222550399010955
61123.2358 lsst_hardware_r 22.291523835332427 22.309999465942383 31.489999771118164 AB 6.061283338307081 1.0258582276901302
61125.2125 lsst_hardware_u -4.747493494140692 2.7899999618530273 28.540000915527344 AB 6.643124091314488 1.0220190909714597
61125.2239 lsst_hardware_g -6.853609722683516 13.890000343322754 31.440000534057617 AB 6.680679897594821 1.0234929880903147
61127.2124 lsst_hardware_r -43.561901100520664 40.54999923706055 31.610000610351562 AB 7.824889451735642 1.0222822956585207
61127.2244 lsst_hardware_z -8.106113939340695 44.88999938964844 30.959999084472656 AB 7.878323132273244 1.0256452611013596
61129.2174 lsst_hardware_r -95.84793393524163 66.72000122070312 31.649999618530273 AB 6.682308525696744 1.0249987512572654
61129.2295 lsst_hardware_y 35.637883702091216 50.5099983215332 30.049999237060547 AB 6.620157935820925 1.031820127154101
61132.2065 lsst_hardware_z -51.34707142731971 82.77999877929688 31.0 AB 8.396926200231828 1.0240153902721743
61132.2181 lsst_hardware_r 39.69490346493491 124.2699966430664 31.670000076293945 AB 8.80000791075178 1.0296220328096308
61134.2083 lsst_hardware_i -170.27819469683206 82.45999908447266 31.34000015258789 AB 4.652241586337286 1.0270982639004937
61134.2198 lsst_hardware_z 32.0982664652706 71.86000061035156 30.989999771118164 AB 5.692066159391986 1.0349211198894521
61136.2017 lsst_hardware_r -46.90872997234805 70.0 31.649999618530273 AB 14.270694175079921 1.0265209448338313
61136.2142 lsst_hardware_z 87.84939635899391 56.16999816894531 30.979999542236328 AB 15.419282464548084 1.0348048721230498
61138.2024 lsst_hardware_z 14.160783141137642 46.29999923706055 30.959999084472656 AB 8.660288847442606 1.030067064816248
61138.2143 lsst_hardware_i -96.97844111640961 41.90999984741211 31.299999237060547 AB 9.60684635149632 1.0398895563589503
61140.1908 lsst_hardware_z -73.77679354301534 41.939998626708984 30.950000762939453 AB 5.0394197115772945 1.026532618212995
61140.2022 lsst_hardware_r 21.621482375271178 28.0 31.549999237060547 AB 5.071381835225911 1.0339208634507464
61149.1407 lsst_hardware_u -0.11534612318324426 2.640000104904175 28.40999984741211 AB 9.701205980347211 1.022686694112082
61149.1533 lsst_hardware_g 6.18308391464533 13.869999885559082 31.420000076293945 AB 9.638830562915398 1.0224163948995384
61151.141 lsst_hardware_r 22.664957416737717 22.700000762939453 31.510000228881836 AB 7.427167237163514 1.0220403518870942
61151.1531 lsst_hardware_i -16.951394813821828 30.3799991607666 31.260000228881836 AB 7.5174863919994825 1.023553188372181
61153.1293 lsst_hardware_z 26.97220690546459 40.68000030517578 30.950000762939453 AB 5.489522301832268 1.0227811825110191
61153.1413 lsst_hardware_r -24.36851969175614 22.65999984741211 31.510000228881836 AB 5.533577769005579 1.022275590061995
61155.1362 lsst_hardware_z -2.0202338052621998 62.02000045776367 31.709999084472656 AB 14.302343760792496 1.0223201263365715
61157.1298 lsst_hardware_r 8.553890277019804 58.5 31.649999618530273 AB 4.5922923602795205 1.0222131018986134
61157.1404 lsst_hardware_z -55.19931095496779 51.2400016784668 30.979999542236328 AB 4.632905073150312 1.0247900622636634
61159.1284 lsst_hardware_r -133.67504896205378 95.33999633789062 31.65999984741211 AB 8.492949897981553 1.0228464634909888
61159.1403 lsst_hardware_y -0.9742764142722702 55.88999938964844 30.059999465942383 AB 8.557174540817629 1.027241024077024
61161.1162 lsst_hardware_z -23.924346094380333 117.26000213623047 31.75 AB 9.99312837707485 1.0220361071566
61166.108 lsst_hardware_z -66.86443468760991 48.86000061035156 30.969999313354492 AB 3.611907208505339 1.0225996579465393
61166.1205 lsst_hardware_r -53.83078825343463 53.220001220703125 31.639999389648438 AB 3.62704323642323 1.0268849554577977
61170.1007 lsst_hardware_r 12.255510290482576 22.3799991607666 31.489999771118164 AB 7.655118179366159 1.0234115213057
61170.1123 lsst_hardware_z -8.210182238648907 40.779998779296875 30.950000762939453 AB 7.6197628420526655 1.0283774670426704
61175.0072 lsst_hardware_u 2.865491683700448 2.5799999237060547 28.34000015258789 AB 6.425044694230372 1.0895138390012782
61177.0947 lsst_hardware_r -17.54252077105863 22.239999771118164 31.489999771118164 AB 8.757758763355046 1.0292952651295817
61177.1073 lsst_hardware_i 28.14331602958646 30.1200008392334 31.239999771118164 AB 8.89979545848402 1.0393921703339002
61178.0856 lsst_hardware_z 27.987426793430718 40.560001373291016 30.940000534057617 AB 8.812120773870353 1.0258580644785045
61178.0969 lsst_hardware_r 12.813728928181277 22.209999084472656 31.479999542236328 AB 8.71890150467305 1.032718908481438
61182.0475 lsst_hardware_i -23.907556998276213 31.190000534057617 31.25 AB 5.215952435271883 1.0234046635588525
61182.0601 lsst_hardware_z 102.9726736930193 41.11000061035156 30.940000534057617 AB 5.11730528308766 1.022098258938947
61187.0769 lsst_hardware_r -18.017840662336603 77.7300033569336 31.649999618530273 AB 6.0058346072183175 1.036501399163251
61187.0886 lsst_hardware_y 20.401447862373907 53.58000183105469 30.049999237060547 AB 6.494369179209658 1.0488886965076163
61189.0714 lsst_hardware_z -40.21058386160068 72.88999938964844 30.989999771118164 AB 10.037145704103157 1.0364669252481575
61189.0844 lsst_hardware_r 93.68877397823412 105.41000366210938 31.65999984741211 AB 10.062037422055734 1.0504632609329014
61198.0252 lsst_hardware_i 22.344501816993496 29.790000915527344 31.239999771118164 AB 4.82079901513882 1.0236872145542077
61198.0367 lsst_hardware_u 0.793452051409939 2.5799999237060547 28.3799991607666 AB 4.646302510688457 1.0288914952621233
61219.9516 lsst_hardware_y 108.41228368517903 85.13999938964844 30.079999923706055 AB 3.869315486601439 1.0220961926392813
61219.9568 lsst_hardware_z -84.9547007948652 68.88999938964844 30.989999771118164 AB 3.8519061762329065 1.0221324601918287
