data/validation/pwv_sim_epoch_fit_epoch/51787753.ecsv
# %ECSV 0.9
# ---
# datatype:
# - {name: time, datatype: float64}
# - {name: band, datatype: string}
# - {name: flux, datatype: float64}
# - {name: fluxerr, datatype: float64}
# - {name: zp, datatype: float64}
# - {name: zpsys, datatype: string}
# - {name: pwv, datatype: float64}
# - {name: airmass, datatype: float64}
# meta: {SNID: '51787753', alt: 1024.0, c: 0.02303548902273178, dec: -61.001064, lat: -30.244573, lon: -70.7499537, ra: 93.726112, t0: 62186.07421875,
#   x0: 4.353432959648848e-06, x1: -1.0560526847839355, z: 0.6495379209518433}
# schema: astropy-2.0
time band flux fluxerr zp zpsys pwv airmass
[from data line 131]
62512.1605 lsst_hardware_i -38.26968996738652 30.940000534057617 31.229999542236328 AB 5.612863828212024 1.1651593395011728
62512.1728 lsst_hardware_z 33.183559986134775 42.779998779296875 30.940000534057617 AB 8.01820698295558 1.1698864843939771
62514.1554 lsst_hardware_i -13.385441952924381 37.15999984741211 31.260000228881836 AB 5.74779815521441 1.1652516870957716
62514.1692 lsst_hardware_z -34.026415035921346 45.060001373291016 30.940000534057617 AB 5.9967920575436695 1.1709054100446386
62517.1542 lsst_hardware_z -0.05549366630388407 50.650001525878906 30.950000762939453 AB 5.163610245154995 1.1675772176721302
62517.167 lsst_hardware_r 16.30425000435651 56.2599983215332 31.610000610351562 AB 6.027515114108366 1.1747252220051385
62519.1561 lsst_hardware_i 23.35336371481563 60.16999816894531 31.290000915527344 AB 5.06175800281536 1.1712287852872934
62519.1684 lsst_hardware_r 10.837039108157512 75.91000366210938 31.610000610351562 AB 7.368520567009737 1.1801276833691488
62521.1636 lsst_hardware_z -79.16429480853512 119.47000122070312 32.470001220703125 AB 8.633934028078082 1.1807089269166544
62523.1015 lsst_hardware_r 12.275855983022385 61.36000061035156 31.610000610351562 AB 13.058483195515214 1.167543108789502
62523.1149 lsst_hardware_g -7.372768542086938 66.62999725341797 31.670000076293945 AB 12.984016641905473 1.164094285949166
62525.1606 lsst_hardware_z -30.880838475659253 47.970001220703125 30.940000534057617 AB 16.7633416563692 1.1884680366089493
62525.1741 lsst_hardware_r 85.25589206501286 47.040000915527344 31.579999923706055 AB 13.765847925968838 1.2052398592705826
62529.0969 lsst_hardware_u -1.726061317285236 2.490000009536743 28.270000457763672 AB 14.497882354440014 1.164301506138774
62529.1093 lsst_hardware_g 9.167870346169193 12.84000015258789 31.34000015258789 AB 14.395283156660097 1.1642665876749578
62531.0978 lsst_hardware_r 31.961129740887085 31.030000686645508 32.209999084472656 AB 14.552724458763555 1.1638532826725136
62531.1102 lsst_hardware_i -53.30237787510672 43.43000030517578 31.969999313354492 AB 14.805298558412781 1.1655956299308594
62533.0922 lsst_hardware_z 44.11357178549755 42.27000045776367 30.93000030517578 AB 8.853445971883117 1.1638551297335504
62533.1045 lsst_hardware_u 3.490464337582089 2.559999942779541 28.34000015258789 AB 8.911651303351888 1.1655311670614554
62535.094 lsst_hardware_g 3.986546360872379 12.920000076293945 31.360000610351562 AB 8.480279016244404 1.164433629637763
62535.1072 lsst_hardware_r 4.2220341853704255 22.190000534057617 31.469999313354492 AB 8.526986681343834 1.168533907865224
62539.091 lsst_hardware_i 28.930323507004445 30.6200008392334 31.209999084472656 AB 6.428355308886854 1.1664236808093027
62539.1023 lsst_hardware_u -1.9561221031128757 2.369999885559082 28.15999984741211 AB 6.468524410798327 1.1717279976086092
62541.0921 lsst_hardware_g 20.59153966674588 15.579999923706055 31.40999984741211 AB 6.959947722066438 1.169149625746084
62541.1055 lsst_hardware_r 11.600664351413824 23.530000686645508 31.469999313354492 AB 6.982340304387556 1.1777914485894105
62543.0848 lsst_hardware_i 1.2168728624117977 35.59000015258789 31.25 AB 1.9399441240273527 1.168289144250137
62543.0969 lsst_hardware_r -70.89329783017283 32.459999084472656 31.540000915527344 AB 1.8994375381136146 1.1753945161593866
62550.0635 lsst_hardware_i 117.51391566938922 64.44000244140625 31.309999465942383 AB 5.274565342709481 1.1673696811603758
62550.0799 lsst_hardware_z -23.75085307187331 84.66999816894531 31.719999313354492 AB 5.297440479553309 1.1769910341536358
62550.0975 lsst_hardware_r 115.6149334980957 83.87999725341797 31.6200008392334 AB 6.6837157327309615 1.1943737906953111
62554.0589 lsst_hardware_g 4.5235660909276065 12.619999885559082 31.31999969482422 AB 6.497765927471965 1.1703468889538844
62554.0713 lsst_hardware_r 62.902387705693336 35.88999938964844 31.549999237060547 AB 6.354069638571686 1.1788626416645058
62556.0572 lsst_hardware_i 0.07642152847050161 30.979999542236328 31.229999542236328 AB 9.26649745222424 1.1725538248591314
62556.069 lsst_hardware_r -3.1097068209225296 22.209999084472656 31.459999084472656 AB 9.355126955323241 1.1816131807538275
62557.0548 lsst_hardware_u 0.4674316608900032 3.4600000381469727 28.979999542236328 AB 10.428805544107748 1.1727641882606408
62557.0674 lsst_hardware_g -4.571288700200287 18.100000381469727 32.06999969482422 AB 10.584269688650988 1.1826550236399447
62561.0534 lsst_hardware_z -10.863458055942319 42.369998931884766 30.93000030517578 AB 4.361781619813755 1.1798962926391439
62561.0663 lsst_hardware_r -9.837350322187001 21.90999984741211 31.450000762939453 AB 4.548917467905933 1.1930022207988287
62563.0482 lsst_hardware_u 4.461909768626188 2.4800000190734863 28.260000228881836 AB 7.418253698485556 1.1801230828007518
62563.0608 lsst_hardware_g -17.25389999811371 12.710000038146973 31.31999969482422 AB 7.5105655852610615 1.1929580407832365
