data/validation/pwv_sim_epoch_fit_epoch/52086837.ecsv
# %ECSV 0.9
# ---
# datatype:
# - {name: time, datatype: float64}
# - {name: band, datatype: string}
# - {name: flux, datatype: float64}
# - {name: fluxerr, datatype: float64}
# - {name: zp, datatype: float64}
# - {name: zpsys, datatype: string}
# - {name: pwv, datatype: float64}
# - {name: airmass, datatype: float64}
# meta: {SNID: '52086837', alt: 1024.0, c: -0.09017740190029144, dec: -34.590576, lat: -30.244573, lon: -70.7499537, ra: 180.527344, t0: 62661.79296875,
#   x0: 5.559910608337899e-06, x1: 0.8535988926887512, z: 0.5866566896438599}
# schema: astropy-2.0
time band flux fluxerr zp zpsys pwv airmass
62501.2678 lsst_hardware_r 55.62599545154021 24.860000610351562 31.43000030517578 AB 8.138809539774208 1.4464923129384395
62501.289 lsst_hardware_u 1.1515767542975024 2.6500000953674316 28.260000228881836 AB 7.3383144180974185 1.3064666708776673
62503.2659 lsst_hardware_g 9.051045948696027 14.260000228881836 31.299999237060547 AB 6.943428333232045 1.4198272101217464
62503.2881 lsst_hardware_i -13.565020743194625 32.599998474121094 31.219999313354492 AB 6.278434195789364 1.281574647027835
62505.2684 lsst_hardware_z 0.520236185026844 45.52000045776367 30.920000076293945 AB 3.7585587592365695 1.3650526651989598
62505.2906 lsst_hardware_r 25.992524134835683 23.770000457763672 31.469999313354492 AB 3.4381266373324992 1.2418360668208719
62507.2674 lsst_hardware_u -2.341421064080092 3.6500000953674316 28.989999771118164 AB 10.053626233386986 1.33703691374062
62507.2894 lsst_hardware_g -6.336795373624841 20.09000015258789 32.119998931884766 AB 9.2345058762516 1.2223578198356337
62509.2649 lsst_hardware_r 28.560388548565296 23.8799991607666 31.459999084472656 AB 11.742819090066819 1.3194178752884065
62509.2867 lsst_hardware_i 1.3553103720586235 31.850000381469727 31.229999542236328 AB 10.77219555243128 1.210359050834975
62510.3032 lsst_hardware_g 4.810952920392414 14.149999618530273 31.40999984741211 AB 8.573913301782703 1.1388859820831574
62510.3208 lsst_hardware_r -13.087482623747665 23.040000915527344 31.489999771118164 AB 8.252720529250007 1.0894081332269938
62514.2989 lsst_hardware_i -1.3135861164549163 31.209999084472656 31.239999771118164 AB 6.05042929337311 1.118654497727054
62514.3155 lsst_hardware_u -0.7922263407828369 2.690000057220459 28.420000076293945 AB 5.981811329779117 1.0763654569321688
62517.2955 lsst_hardware_g -4.264720800105465 14.069999694824219 31.399999618530273 AB 6.457203887762323 1.1052597693974622
62517.3126 lsst_hardware_r 33.05260139216186 22.940000534057617 31.5 AB 6.112141517090903 1.0652041681929074
62519.2961 lsst_hardware_i -76.05327105572172 56.95000076293945 31.309999465942383 AB 7.9492650211287055 1.0897241195556675
62519.3123 lsst_hardware_r 32.82729703738585 67.33000183105469 31.639999389648438 AB 7.636778968672908 1.0553138905096286
62521.3077 lsst_hardware_z 86.80976173772855 84.62999725341797 31.729999542236328 AB 11.499576107048197 1.0537582626442548
62523.3082 lsst_hardware_r 15.425005098051994 77.94000244140625 31.649999618530273 AB 9.82318057288039 1.043686843697449
62523.3267 lsst_hardware_i -13.830242071348225 62.77000045776367 31.329999923706055 AB 9.53501896105037 1.0198972040913905
62525.3007 lsst_hardware_z 27.181424012174485 58.130001068115234 30.979999542236328 AB 8.250329131814953 1.0469960827176412
62525.318 lsst_hardware_r -1.3734458706890642 71.31999969482422 31.649999618530273 AB 8.121006791657598 1.0232801123525088
62527.2246 lsst_hardware_i -37.56349766151085 47.52000045776367 31.260000228881836 AB 17.95036637103529 1.2710473620842835
62527.2434 lsst_hardware_z 67.74678232027084 50.939998626708984 30.940000534057617 AB 16.69209612756042 1.186487267836686
62529.211 lsst_hardware_r -37.882062014095354 24.610000610351562 31.450000762939453 AB 13.219263380771975 1.3153495901265646
62529.2284 lsst_hardware_u 0.48782348602681275 2.75 28.31999969482422 AB 12.37625841991665 1.2265460427389234
62531.2135 lsst_hardware_g -19.673954698279477 13.710000038146973 31.31999969482422 AB 15.578240694610225 1.271970009357974
62531.2322 lsst_hardware_r -22.74718497454815 22.969999313354492 31.450000762939453 AB 14.501992006584786 1.1875846486803068
62533.2098 lsst_hardware_i 26.575835925819455 31.940000534057617 31.219999313354492 AB 15.786790501409003 1.2630274419421832
62533.2277 lsst_hardware_z -20.430093630108793 42.7400016784668 30.940000534057617 AB 14.861567829114986 1.183834936103952
62535.2129 lsst_hardware_r -3.3236926653897934 23.1299991607666 31.459999084472656 AB 11.04385966230619 1.2226126051484731
62535.2318 lsst_hardware_g 23.773322615847007 13.630000114440918 31.3700008392334 AB 10.379396042442464 1.149243873381214
62537.2325 lsst_hardware_i 45.1385648429239 30.940000534057617 31.229999542236328 AB 5.9919817465158465 1.1294260643093343
62537.251 lsst_hardware_z -42.582378805851874 41.36000061035156 30.940000534057617 AB 6.017786308411185 1.0801985834520167
62541.2113 lsst_hardware_u -2.3617374989976487 2.559999942779541 28.290000915527344 AB 6.188550040302008 1.1635529030399752
62541.2306 lsst_hardware_g 6.749686184243681 13.59000015258789 31.3799991607666 AB 5.900731059346344 1.1035936023215578
62543.2226 lsst_hardware_i -26.55901252777928 30.860000610351562 31.25 AB 4.129581690864939 1.1105006339722856
62543.2433 lsst_hardware_r -0.8209737797249103 22.40999984741211 31.489999771118164 AB 3.9330947320967318 1.0618745198812207
62546.216 lsst_hardware_z 69.82430564720426 47.70000076293945 30.959999084472656 AB 2.4952735452146886 1.1061426872027011
62546.236 lsst_hardware_g 3.3792281374210913 40.650001525878906 31.690000534057617 AB 2.3985977162386765 1.0601536867353265
62548.2225 lsst_hardware_r -175.66899885545538 98.62000274658203 32.38999938964844 AB 4.098139929892085 1.0767577324992341
62548.2435 lsst_hardware_i -31.74656919757685 79.27999877929688 32.06999969482422 AB 4.059078510860492 1.0382602662387754
62550.2227 lsst_hardware_z 1.9150389497028462 68.86000061035156 30.989999771118164 AB 5.634035751023026 1.0648170508918537
62550.242 lsst_hardware_r 13.797804285421 100.4800033569336 31.65999984741211 AB 5.449564434756622 1.0327012383469059
62552.2285 lsst_hardware_z -146.69137592040644 103.9000015258789 31.75 AB 3.446946362366426 1.0445292007170988
62554.2246 lsst_hardware_r -20.61704362058597 75.41999816894531 31.649999618530273 AB 8.440731121204907 1.0420655705191244
62554.2446 lsst_hardware_z 25.731241070217415 59.779998779296875 30.979999542236328 AB 8.241573036317446 1.0174781526317835
62557.2133 lsst_hardware_g 33.60010799498044 25.399999618530273 31.610000610351562 AB 8.918747238036804 1.0470573482995809
62557.2342 lsst_hardware_r -46.157548840150554 30.799999237060547 31.56999969482422 AB 8.793021105422074 1.0195792179443897
62559.1187 lsst_hardware_z -65.57898116054949 44.9900016784668 30.90999984741211 AB 9.223822352582815 1.3800370080542832
62559.1383 lsst_hardware_r -14.903325141562274 23.09000015258789 31.450000762939453 AB 9.858236105665075 1.2656207087543827
62561.14 lsst_hardware_r 33.86467978792394 23.3700008392334 31.450000762939453 AB 5.045572982018022 1.2312281556900981
62561.1598 lsst_hardware_i 27.19046351896491 31.459999084472656 31.229999542236328 AB 4.67953825606484 1.1526902675256196
62563.1313 lsst_hardware_z -49.76024998912045 43.9900016784668 30.93000030517578 AB 6.083441517163139 1.2463514683800734
62563.1505 lsst_hardware_i 22.945939747144457 31.3700008392334 31.229999542236328 AB 5.6686124507044635 1.1662011933764262
62568.1096 lsst_hardware_g 0.486487987139514 13.9399995803833 31.34000015258789 AB 13.274689597409033 1.2871074163434044
62568.1294 lsst_hardware_r -7.629674629916604 23.270000457763672 31.479999542236328 AB 13.726943140414232 1.1946860870682534
62572.1047 lsst_hardware_r 2.028984810506924 28.889999389648438 31.5 AB 10.031853358214395 1.2561799847500958
62572.124 lsst_hardware_g -9.946936809254415 19.579999923706055 31.5 AB 9.303705182183053 1.1732782187796376
62575.1078 lsst_hardware_r -27.188987607512267 47.61000061035156 31.579999923706055 AB 10.915459180574294 1.204907645726166
62575.1283 lsst_hardware_i -25.851256269424844 43.5099983215332 31.280000686645508 AB 11.12866698694535 1.1308184414525948
62580.1001 lsst_hardware_z 38.541983503665186 125.62000274658203 31.739999771118164 AB 5.992673860205029 1.1810551557361113
62582.0894 lsst_hardware_r -111.96031424720216 95.66000366210938 31.610000610351562 AB 6.343055946755034 1.2019433956711156
62582.1062 lsst_hardware_i 88.4993488464322 78.6500015258789 31.309999465942383 AB 5.950278516626549 1.140264167989757
62584.095 lsst_hardware_z 0.5151984508121248 68.41999816894531 31.700000762939453 AB 6.376494985420851 1.1596438504038835
62587.0808 lsst_hardware_g 7.572847492462383 14.09000015258789 31.360000610351562 AB 7.359412309399912 1.1817761205529171
62587.0994 lsst_hardware_r -52.97475242407663 23.239999771118164 31.479999542236328 AB 7.173490710579997 1.1192257193540665
62589.0811 lsst_hardware_i 37.120470934296726 31.489999771118164 31.229999542236328 AB 7.786700090063293 1.1605196616915832
62589.099 lsst_hardware_z 107.91274247136687 41.93000030517578 30.940000534057617 AB 7.60549161232524 1.1050611988025347
62591.0719 lsst_hardware_i -30.826057250423776 31.579999923706055 31.229999542236328 AB 5.629473590523203 1.1741115664328212
62591.0879 lsst_hardware_u 0.4805550522290607 2.5399999618530273 28.280000686645508 AB 5.736295443747803 1.1209175268681588
62596.0688 lsst_hardware_i 44.440033366333275 31.34000015258789 31.229999542236328 AB 8.88361650063718 1.1376125625095632
62596.0864 lsst_hardware_r -27.030250531000966 23.079999923706055 31.489999771118164 AB 7.608974651016195 1.0884476422395692
62600.0689 lsst_hardware_r 21.123616080374042 24.299999237060547 31.5 AB 8.450650545113 1.1052381042522887
62600.086 lsst_hardware_i 57.429836486558976 31.270000457763672 31.25 AB 7.589486539821922 1.06519109330834
62604.0745 lsst_hardware_z -119.86562581265186 67.08000183105469 31.719999313354492 AB 8.114287337736487 1.0663598218507735
62606.0756 lsst_hardware_z -84.84843511153453 60.349998474121094 30.989999771118164 AB 11.486586089338196 1.053815237553963
62606.0933 lsst_hardware_r -124.3952705212029 78.0 31.65999984741211 AB 10.68058647187372 1.0273663772613455
62608.0625 lsst_hardware_r 4.19889687049243 125.33999633789062 31.65999984741211 AB 15.60115253550273 1.0685720914727896
62608.0812 lsst_hardware_y -72.66547064204566 63.68000030517578 30.06999969482422 AB 15.147799501477458 1.0360716692851293
62613.9658 lsst_hardware_y -75.86635945511067 81.80000305175781 29.950000762939453 AB 9.10441262855181 1.3987063313611794
62613.9686 lsst_hardware_g -24.60686347793212 27.420000076293945 31.510000228881836 AB 8.973801179017796 1.379558970870552
62617.9775 lsst_hardware_y 0.8126476297063097 51.060001373291016 29.969999313354492 AB 8.071561246811171 1.2641442829774738
62617.9957 lsst_hardware_i -20.927574509573258 31.700000762939453 31.229999542236328 AB 7.314263250912077 1.1835377428660319
62619.9764 lsst_hardware_y -62.27289002927442 50.25 29.979999542236328 AB 12.99213331318792 1.2428698960320077
62619.9945 lsst_hardware_g -22.317368540273478 13.960000038146973 31.3799991607666 AB 12.270425518250635 1.1675370787132338
62621.9752 lsst_hardware_y 70.96138607102927 50.36000061035156 29.989999771118164 AB 14.069495785476388 1.2233280397770305
62621.9939 lsst_hardware_i 0.16247959059215722 31.610000610351562 31.239999771118164 AB 12.972666340786503 1.1504670398000876
62622.9749 lsst_hardware_z -31.40686746060726 44.849998474121094 30.940000534057617 AB 11.288665108828882 1.2127048387339805
62622.9949 lsst_hardware_u -1.4426589985961589 2.7899999618530273 28.469999313354492 AB 10.597975817548795 1.1381802624989756
62624.9724 lsst_hardware_y 54.74911168486371 50.15999984741211 29.989999771118164 AB 13.210307119259864 1.2002550477464446
62624.9908 lsst_hardware_r 14.952483793260038 23.270000457763672 31.489999771118164 AB 12.539151141480668 1.1338669507386159
62626.9718 lsst_hardware_y -97.88461981708406 50.11000061035156 30.0 AB 8.157721174662692 1.1809377529851655
62626.9901 lsst_hardware_z 60.05514112768162 42.400001525878906 30.940000534057617 AB 7.619079188099009 1.119465058492361
62630.9685 lsst_hardware_y 89.89233293762999 51.206268663377706 30.020000457763672 AB 8.967512639324227 1.153278943626385
62630.9873 lsst_hardware_z -13.26550543350988 42.925980100370985 30.950000762939453 AB 8.5120376210796 1.0972419912877067
62632.9683 lsst_hardware_y -37.84774956988517 52.014545595491256 30.020000457763672 AB 13.272627135591533 1.1359336264164352
62632.9885 lsst_hardware_r 63.0278598841554 47.39921584577779 31.6200008392334 AB 12.597532230208877 1.0810857798108195
62636.9662 lsst_hardware_y 121.10457277405068 62.464488882775086 30.040000915527344 AB 7.953916184780427 1.1097971514971992
62636.9857 lsst_hardware_r 270.14787195397685 108.72026525090044 31.649999618530273 AB 7.692950567713994 1.0637376338100102
62638.9649 lsst_hardware_z 60.334930984258044 63.44172091866056 30.979999542236328 AB 8.153793220308998 1.0986718615251476
62638.9846 lsst_hardware_g 83.9849640100705 92.4788107668511 31.729999542236328 AB 7.8388774502855885 1.0554330880262444
62648.9616 lsst_hardware_y 293.2275436016308 51.19941878529123 30.049999237060547 AB 6.731164492118827 1.0478967061755782
62648.9888 lsst_hardware_z 647.5670060680216 48.30032052000067 30.950000762939453 AB 6.523512639983879 1.014385420616346
62651.9625 lsst_hardware_z 1740.8128089935117 72.1319004800668 31.700000762939453 AB 9.409939865660762 1.0340593258967872
62651.9889 lsst_hardware_r 3453.031833655838 66.64888081732008 32.2400016784668 AB 9.152175958321411 1.0086894884263187
62868.266 lsst_hardware_r -21.12970274019243 24.670000076293945 31.43000030517578 AB 6.899710484818782 1.4241868346261424
62868.2894 lsst_hardware_g 1.1197803323628752 14.520000457763672 31.360000610351562 AB 6.165295929891344 1.2783997642849068
62870.2629 lsst_hardware_r -43.62646916647174 41.099998474121094 31.520000457763672 AB 3.8210424327396386 1.4071229728372818
62870.2872 lsst_hardware_i -6.122394882508686 32.72999954223633 31.219999313354492 AB 3.308443368570942 1.2617212363456207
62872.2628 lsst_hardware_z -43.33809308231164 56.439998626708984 30.93000030517578 AB 10.128036867776773 1.3705056654637042
62872.2866 lsst_hardware_i -7.8646001425094 51.86000061035156 31.280000686645508 AB 9.333164908631792 1.2382582135987696
62879.3081 lsst_hardware_r -0.34043224243258097 70.6500015258789 31.639999389648438 AB 5.947915700405832 1.0955653717611935
62879.3274 lsst_hardware_y 29.87746639168587 52.08000183105469 30.049999237060547 AB 5.822853867897619 1.053957892736797
62881.2965 lsst_hardware_z 62.550346787450316 53.7599983215332 30.969999313354492 AB 6.630965664305886 1.1119251554130771
62881.3141 lsst_hardware_r -42.258800846291855 57.06999969482422 31.6299991607666 AB 6.399602591349308 1.069154523252655
62883.2997 lsst_hardware_i 26.29625058418606 36.2599983215332 31.280000686645508 AB 2.9307861555824672 1.089309108188986
62883.317 lsst_hardware_z 28.911232399961285 43.86000061035156 30.959999084472656 AB 2.770516725960129 1.0530280220297032
62889.3104 lsst_hardware_z -32.626580755601545 41.150001525878906 30.950000762939453 AB 9.35328075425735 1.0372749112903916
62889.3275 lsst_hardware_r 7.511556572176297 22.579999923706055 31.5 AB 9.155911625520693 1.017210490558904
62891.2266 lsst_hardware_r 46.4640882138428 23.420000076293945 31.450000762939453 AB 11.003766236313265 1.2784423332858208
62891.2436 lsst_hardware_i 31.354940402028266 31.68000030517578 31.229999542236328 AB 10.31797165703654 1.199427097854658
62895.2338 lsst_hardware_r -10.04119232127811 23.239999771118164 31.469999313354492 AB 12.605842306513123 1.1948665693377367
62895.2516 lsst_hardware_i -37.71001421047388 31.290000915527344 31.25 AB 12.682194435215118 1.1316146901728168
62908.1972 lsst_hardware_r -128.13444406411224 126.47000122070312 32.369998931884766 AB 3.238317438330815 1.1993768290114128
62908.2238 lsst_hardware_z -65.90381418880455 93.63999938964844 31.729999542236328 AB 4.1140797793030135 1.1091156845712575
62912.2194 lsst_hardware_g 40.62175239962681 24.700000762939453 31.600000381469727 AB 3.444405948231474 1.092075443320021
62912.239 lsst_hardware_r -45.4579095323676 31.100000381469727 31.56999969482422 AB 3.418008591227902 1.0509673583604895
62919.2163 lsst_hardware_g -28.013269622929787 13.720000267028809 31.420000076293945 AB 8.565187530078374 1.057430559268935
62919.2357 lsst_hardware_i 29.11763822605253 30.200000762939453 31.260000228881836 AB 8.324383560422516 1.0277016741262366
