data/validation/pwv_sim_epoch_fit_epoch/52165012.ecsv
# %ECSV 0.9
# ---
# datatype:
# - {name: time, datatype: float64}
# - {name: band, datatype: string}
# - {name: flux, datatype: float64}
# - {name: fluxerr, datatype: float64}
# - {name: zp, datatype: float64}
# - {name: zpsys, datatype: string}
# - {name: pwv, datatype: float64}
# - {name: airmass, datatype: float64}
# meta: {SNID: '52165012', alt: 1024.0, c: -0.08579076826572418, dec: 2.238686, lat: -30.244573, lon: -70.7499537, ra: 323.789062, t0: 62080.6875,
#   x0: 1.5735378127086724e-05, x1: 0.426062673330307, z: 0.37982332706451416}
# schema: astropy-2.0
time band flux fluxerr zp zpsys pwv airmass
61911.4033 lsst_hardware_g -8.33037784604525 16.65999984741211 31.440000534057617 AB 8.682458507941964 1.2105205309086042
61911.4236 lsst_hardware_y -90.45967882936884 51.060001373291016 30.0 AB 7.601916261405468 1.1898444610119687
61925.339 lsst_hardware_z -58.902030382037125 44.5 30.93000030517578 AB 15.238145819859593 1.270004235517772
61925.3597 lsst_hardware_r 48.58507956173437 24.59000015258789 31.479999542236328 AB 14.72900170587466 1.219591099269244
61927.3955 lsst_hardware_z -23.11847603161695 51.34000015258789 30.950000762939453 AB 5.241415631050306 1.1877665062621081
61927.4165 lsst_hardware_r -16.64655223512782 24.520000457763672 31.469999313354492 AB 5.339387945120228 1.2036944456404794
61946.2196 lsst_hardware_z -94.31813990072801 68.22000122070312 31.639999389648438 AB 7.182288977333048 1.6370200332009455
61946.2539 lsst_hardware_r -35.02465295039492 34.59000015258789 32.18000030517578 AB 6.053317418341438 1.3844592707954801
61952.2507 lsst_hardware_g -20.417897375332036 14.489999771118164 31.329999923706055 AB 10.773693265431005 1.3224664401101889
61952.2823 lsst_hardware_r 46.122120860611695 34.11000061035156 32.220001220703125 AB 9.95704215305485 1.2267403063311617
61952.3186 lsst_hardware_i 32.231486543549394 32.18000030517578 31.229999542236328 AB 10.339810010252634 1.1874943306156156
61957.3053 lsst_hardware_i -106.46872009807622 68.6500015258789 31.299999237060547 AB 6.087510851823971 1.1874401440512428
61957.3271 lsst_hardware_z 18.891944439890143 63.29999923706055 30.959999084472656 AB 6.111769758774269 1.1955146479092904
61959.2938 lsst_hardware_r -166.12391452645616 119.75 31.6299991607666 AB 1.556768747957004 1.1892809380879035
61959.3147 lsst_hardware_z 3.5410534426159286 80.05000305175781 30.979999542236328 AB 1.5505352393070446 1.1904301261474903
61961.2869 lsst_hardware_z 66.99760172309743 88.8499984741211 30.979999542236328 AB 11.481742345872613 1.1899822786435366
61961.3051 lsst_hardware_i -161.24594392773756 102.41000366210938 31.309999465942383 AB 9.4329131622959 1.1885232879835237
61963.2894 lsst_hardware_z -102.9282935803441 73.52999877929688 30.969999313354492 AB 9.010582012363447 1.1873735411178938
61963.3101 lsst_hardware_r 113.6953697570779 95.83000183105469 31.6200008392334 AB 9.193288230799578 1.1949681409184894
61966.2907 lsst_hardware_y 56.42773076145397 49.84000015258789 30.0 AB 6.365562395287283 1.1882700009869858
61966.311 lsst_hardware_g -2.4265516743200517 36.29999923706055 31.610000610351562 AB 5.708706157179375 1.2050039381907653
61967.3063 lsst_hardware_r 26.272387813676374 31.969999313354492 31.530000686645508 AB 3.5208391268759307 1.2024723793975174
61967.3272 lsst_hardware_i 2.572034627079971 36.380001068115234 31.239999771118164 AB 3.6952291271759297 1.2400097742197662
61975.2677 lsst_hardware_i -10.630831787524416 32.130001068115234 31.219999313354492 AB 7.024394610909577 1.1888458221925013
61975.2867 lsst_hardware_z 61.571915297522736 43.63999938964844 30.93000030517578 AB 7.142859923566394 1.2053764461087995
61977.2657 lsst_hardware_r 42.48919966474495 24.0 31.459999084472656 AB 12.602087439506043 1.1905234386735777
61977.285 lsst_hardware_u 4.45371606789816 2.5899999141693115 28.260000228881836 AB 12.949399855728377 1.2108278134641919
61980.2638 lsst_hardware_g -1.3270576476893123 14.739999771118164 31.3799991607666 AB 5.006984250571113 1.1950793819487102
61980.2834 lsst_hardware_i -23.910349760257443 32.41999816894531 31.219999313354492 AB 5.107310043885016 1.2222100015279727
61984.2255 lsst_hardware_r -33.80789507713856 59.689998626708984 31.610000610351562 AB 2.132743413335975 1.1893173920735953
61984.2434 lsst_hardware_y -53.73237181709477 51.77000045776367 30.0 AB 2.1140739993741526 1.1889622717575024
61989.2084 lsst_hardware_i 5.212872480997552 130.0399932861328 31.31999969482422 AB 3.7611316514441877 1.1911739196973663
61989.2284 lsst_hardware_z -143.7583238355773 108.51000213623047 30.979999542236328 AB 3.7493669689205684 1.1884516780350196
61991.1865 lsst_hardware_r -65.96634998491129 109.66999816894531 31.6200008392334 AB 4.569773666738036 1.2081624182259232
61991.2042 lsst_hardware_z 15.013353803043032 77.87999725341797 30.979999542236328 AB 4.494466846180306 1.1904295712303818
61996.2049 lsst_hardware_z -3.566100343844624 61.959999084472656 31.690000534057617 AB 2.790872527975917 1.1873948000609247
61996.2255 lsst_hardware_r 8.964533530124587 40.56999969482422 32.279998779296875 AB 2.9299549300754415 1.2005551854437375
62004.169 lsst_hardware_g 30.84221647227368 15.119999885559082 31.420000076293945 AB 2.9551510141462276 1.190273291368937
62004.1876 lsst_hardware_r -3.0981702347989146 24.469999313354492 31.479999542236328 AB 2.949890451992475 1.1885134778374193
62012.1561 lsst_hardware_r -44.32213490530065 50.63999938964844 31.600000381469727 AB 4.870969592727941 1.1873415083128906
62012.1743 lsst_hardware_z 98.24304431299902 50.779998779296875 30.950000762939453 AB 4.161658314206667 1.1933355580893212
62014.1244 lsst_hardware_z 86.08847793029442 92.88999938964844 31.709999084472656 AB 1.2297047243453911 1.2071708681401092
62022.0914 lsst_hardware_i -26.296228866157296 43.56999969482422 31.270000457763672 AB 3.201545452925174 1.2263325279335449
62022.1109 lsst_hardware_r -5.337658902107445 46.400001525878906 31.59000015258789 AB 3.099401950543041 1.1971425069689245
62029.0886 lsst_hardware_r -13.67623620351551 24.139999389648438 31.479999542236328 AB 4.321998834114336 1.2005552316984265
62029.1069 lsst_hardware_i 9.271176530343224 32.290000915527344 31.239999771118164 AB 4.276239191128855 1.1878442197580152
62032.0647 lsst_hardware_i 15.909082471551342 32.720001220703125 31.229999542236328 AB 6.845367636660532 1.2251217246819746
62032.085 lsst_hardware_z 23.293839135180473 43.95000076293945 30.940000534057617 AB 6.580116606255895 1.1958050532328377
62034.0665 lsst_hardware_i -12.579788653281698 32.400001525878906 31.239999771118164 AB 4.7490151839482415 1.2121276657955418
62034.0861 lsst_hardware_u -4.683836455295933 2.680000066757202 28.350000381469727 AB 4.326340386959504 1.1908451381666676
62036.0691 lsst_hardware_g -19.808072285110505 14.819999694824219 31.389999389648438 AB 1.6633920860892477 1.2010051163101056
62036.0888 lsst_hardware_r 13.023910293809651 24.079999923706055 31.479999542236328 AB 1.543906836544736 1.1876206434959506
62038.0673 lsst_hardware_i -45.01712214819152 33.68000030517578 31.229999542236328 AB 5.370012941211128 1.197060397059882
62038.0864 lsst_hardware_r 8.013491410408859 27.1299991607666 31.5 AB 6.001124972589927 1.1872444551417687
62040.0638 lsst_hardware_z -23.15792538413991 47.90999984741211 30.940000534057617 AB 3.346631892998002 1.1952256760707152
62040.0829 lsst_hardware_g -14.78210890691482 37.83000183105469 31.6299991607666 AB 3.324275963092214 1.1872414153900765
62042.0661 lsst_hardware_r -67.82976126354721 73.52999877929688 31.6200008392334 AB 4.043752840782673 1.1898348353331556
62042.087 lsst_hardware_i 19.35357006773069 63.36000061035156 31.299999237060547 AB 4.429560899764906 1.189889210180467
62045.0663 lsst_hardware_z -12.516800169886874 88.29000091552734 30.979999542236328 AB 5.7834220905636995 1.1873172019223361
62045.0858 lsst_hardware_r -170.16012939505887 125.7300033569336 31.6200008392334 AB 5.386077918154441 1.1946496435964706
62047.0325 lsst_hardware_i -150.3003891331675 95.77999877929688 31.309999465942383 AB 2.9067620179500153 1.209806611244457
62047.0516 lsst_hardware_z -37.37018271741636 81.91000366210938 30.979999542236328 AB 2.822548897445355 1.1902792651582887
62051.0332 lsst_hardware_i -49.419559992563336 32.29999923706055 31.229999542236328 AB 5.447766307133328 1.1957344835673744
62051.0532 lsst_hardware_r -3.4020474252518107 24.010000228881836 31.479999542236328 AB 6.0574000339591505 1.18725990473422
62056.0327 lsst_hardware_r 46.431438650100915 25.040633554424893 31.479999542236328 AB 6.833799987239651 1.187970445413238
62056.0491 lsst_hardware_i 97.5840162400846 33.03604088813269 31.239999771118164 AB 5.63989072148008 1.1900595860339998
62058.0328 lsst_hardware_z 14.654040907843745 44.624433057641596 30.940000534057617 AB 7.919259355567994 1.1872210914712467
62058.0513 lsst_hardware_r 143.53757991372436 26.928093635697024 31.469999313354492 AB 7.078314611754556 1.1955266206093305
62060.0005 lsst_hardware_y -8.603527812827613 54.02805151324077 29.989999771118164 AB 8.538100371550225 1.2048402415226451
62060.0184 lsst_hardware_u 7.1153048254041344 3.490227248912939 28.329999923706055 AB 8.390883944071392 1.1891561439031664
62066.003 lsst_hardware_y 476.1841315763664 57.81487469176696 30.0 AB 4.657835585958964 1.1887540575406357
62066.021 lsst_hardware_r 2162.7418227977273 52.10047132442247 31.489999771118164 AB 4.68070878898333 1.1896578444486798
62069.0042 lsst_hardware_y 544.9781887585458 60.65022861196504 30.010000228881836 AB 4.370936415577537 1.187270518967577
62069.0214 lsst_hardware_i 2207.3134652919844 62.78095294770207 31.270000457763672 AB 4.347384775024881 1.195650378169659
62278.405 lsst_hardware_r -10.959297768654965 35.38999938964844 32.2400016784668 AB 5.045689712490529 1.2017361970047307
62278.4251 lsst_hardware_y 32.083684519357675 72.25 30.75 AB 4.643757911722847 1.1876618700057648
62281.3959 lsst_hardware_g -19.07463722200898 15.470000267028809 31.40999984741211 AB 9.484499028190308 1.2028533960925885
62281.4172 lsst_hardware_y -84.77321639722933 49.349998474121094 30.0 AB 10.090490839751183 1.1876055834462569
62287.4131 lsst_hardware_r 84.37839775765785 83.38999938964844 31.6200008392334 AB 8.797691469534206 1.1888772256127305
62287.4347 lsst_hardware_y -12.282938310715558 68.22000122070312 30.010000228881836 AB 8.714811362456482 1.2091029962248447
62290.3623 lsst_hardware_i -11.930033492205892 56.11000061035156 31.280000686645508 AB 12.866790426759563 1.2162768824627381
62290.384 lsst_hardware_z -21.269667774875746 57.22999954223633 30.959999084472656 AB 12.820308792950572 1.1910910756678306
62301.3708 lsst_hardware_r 17.714904432561944 24.3700008392334 31.479999542236328 AB 14.150647819125426 1.1876579717682068
62301.3937 lsst_hardware_u -2.1809498085597845 2.690000057220459 28.34000015258789 AB 14.944277406249222 1.2051836617942921
62303.3315 lsst_hardware_u -0.1102601408506046 2.6700000762939453 28.31999969482422 AB 7.836206879576186 1.2087782005439336
62303.3527 lsst_hardware_g -10.914055990209581 14.90999984741211 31.40999984741211 AB 7.8801216325797725 1.1889587918342708
62305.3315 lsst_hardware_r -5.687680694088072 24.190000534057617 31.479999542236328 AB 5.5848803864710606 1.2015017235456484
62305.351 lsst_hardware_i -25.429082818922943 32.380001068115234 31.229999542236328 AB 5.2402250964643615 1.1877658788404732
62307.3353 lsst_hardware_z -9.806782983271773 43.81999969482422 30.93000030517578 AB 4.412753846789291 1.1926361748079164
62307.3562 lsst_hardware_r 26.714849968015855 24.139999389648438 31.479999542236328 AB 4.395968431523515 1.1880995760874362
62309.334 lsst_hardware_z 18.6961988221278 43.52000045776367 30.93000030517578 AB 2.455651950267389 1.1900421372752663
62309.3553 lsst_hardware_r -9.29453429622932 24.049999237060547 31.479999542236328 AB 2.435575799511082 1.1899238496104951
62311.3331 lsst_hardware_i -36.107177270567085 57.7400016784668 31.290000915527344 AB 4.097802140434249 1.188170533156441
62311.355 lsst_hardware_z 43.29230954646253 56.08000183105469 30.959999084472656 AB 4.057326335396044 1.1932142933230023
62313.3401 lsst_hardware_r 135.50114279752788 104.7699966430664 31.6200008392334 AB 6.461366142847205 1.1881879630097838
62313.3606 lsst_hardware_z 11.549118663923716 71.9000015258789 30.969999313354492 AB 6.562833080783561 1.2047421901392494
62320.3275 lsst_hardware_r 45.91643825736236 41.900001525878906 31.579999923706055 AB 7.626022864164373 1.191193824455541
62320.3427 lsst_hardware_i -29.691621902884187 42.02000045776367 31.260000228881836 AB 7.8725926576490135 1.2063889449716911
62324.3171 lsst_hardware_z -36.30636265694244 43.36000061035156 30.93000030517578 AB 1.7715018540774685 1.1915263857928156
62324.3375 lsst_hardware_r -8.411854094347767 24.31999969482422 31.479999542236328 AB 1.9443106090099223 1.2151941306312013
62326.2976 lsst_hardware_u 2.9291556807199415 2.6600000858306885 28.329999923706055 AB 2.0626753218546585 1.187265150722175
62326.3176 lsst_hardware_r 38.792753720283905 24.010000228881836 31.469999313354492 AB 2.0774960923969896 1.196254947637422
62329.2926 lsst_hardware_i -26.806027633893237 32.27000045776367 31.229999542236328 AB 9.133065564967078 1.1873974732351564
62329.3143 lsst_hardware_z 6.511082298507732 43.88999938964844 30.93000030517578 AB 9.223749817497703 1.2014653764990628
62331.2865 lsst_hardware_r 9.507569713396173 24.0 31.479999542236328 AB 7.424097658762307 1.1873331987944404
62331.306 lsst_hardware_u -1.264487536166967 2.5999999046325684 28.280000686645508 AB 7.2658630280205 1.1982952136588605
62333.2452 lsst_hardware_u 2.8172702810393284 2.609999895095825 28.280000686645508 AB 3.4619900994914152 1.2157998593472925
62333.2672 lsst_hardware_g 2.447204647035232 14.729999542236328 31.399999618530273 AB 3.9170225409774906 1.1907653263345466
62335.2527 lsst_hardware_r 37.8645803802177 24.030000686645508 31.469999313354492 AB 2.2652494716102147 1.1980692696603015
62335.2706 lsst_hardware_i 24.912308300147785 32.16999816894531 31.229999542236328 AB 2.2272580015583965 1.1875014892567093
62344.2542 lsst_hardware_z -2.9512977295472256 101.66000366210938 30.979999542236328 AB 2.4315613511791203 1.1878658286170594
62344.2731 lsst_hardware_r 292.640865341265 149.38999938964844 31.6200008392334 AB 2.4534181613746813 1.2011839223376652
62346.2116 lsst_hardware_r 9.423475635825476 93.45999908447266 31.6200008392334 AB 4.9909320325630375 1.212666728572861
62346.2324 lsst_hardware_z -15.247535421706331 69.98999786376953 30.969999313354492 AB 4.9069471016601 1.1903805688739981
62349.2097 lsst_hardware_g 4.987837953801173 31.219999313354492 31.59000015258789 AB 5.406954378477111 1.203595988382528
62349.2311 lsst_hardware_i -32.9481417955845 41.54999923706055 31.270000457763672 AB 5.339115459789547 1.1877458291771636
62350.1947 lsst_hardware_z -52.958101847676005 44.25 30.93000030517578 AB 2.3137934619289164 1.2232585048527183
62350.2126 lsst_hardware_r 7.589974517334613 28.200000762939453 31.520000457763672 AB 2.133436584489812 1.19721469387756
62353.1819 lsst_hardware_u 3.6623099818456986 2.5799999237060547 28.239999771118164 AB 2.0661473731932327 1.232784828874244
62353.2007 lsst_hardware_g -10.140202932643128 14.9399995803833 31.399999618530273 AB 1.978040490712054 1.2012391644000326
62357.2142 lsst_hardware_z -9.344366110004065 43.45000076293945 30.93000030517578 AB 3.94710208282224 1.1872769086546067
62357.2341 lsst_hardware_r -18.175133985387525 24.479999542236328 31.479999542236328 AB 4.0465415275786665 1.1973787624141639
62361.2001 lsst_hardware_u 1.9388637071096317 2.859999895095825 28.469999313354492 AB 3.571842942885439 1.1874477868635103
62361.2212 lsst_hardware_r 3.681284185908568 24.709999084472656 31.5 AB 4.207870253145246 1.195502593407272
62363.1711 lsst_hardware_g -22.649556780488563 15.0 31.399999618530273 AB 4.2248413039569295 1.2040872971733323
62363.1895 lsst_hardware_i 73.6478279944956 32.630001068115234 31.229999542236328 AB 4.301316914824075 1.1887564020702188
62365.165 lsst_hardware_z 120.79436724461442 64.93000030517578 31.690000534057617 AB 5.176372529608002 1.2049284286797024
62365.1837 lsst_hardware_r -34.10615628562414 47.43000030517578 32.310001373291016 AB 5.254592403764739 1.1888890556625913
62368.1582 lsst_hardware_y 60.32591398779064 75.31999969482422 30.75 AB 2.2185715363622927 1.2031299004133909
62370.1781 lsst_hardware_r 119.06725275280063 124.83999633789062 31.6299991607666 AB 2.9396011258233288 1.1872778940419355
62370.197 lsst_hardware_i 133.3345739484055 100.5199966430664 31.31999969482422 AB 2.9617134429950216 1.1958466122456346
62377.1171 lsst_hardware_g 0.8046254008762306 22.700000762939453 31.520000457763672 AB 6.139738848499185 1.2312104774651451
62377.1333 lsst_hardware_i -43.25431564636084 41.459999084472656 31.260000228881836 AB 6.258442173391771 1.2035465718061098
62379.1126 lsst_hardware_z 58.028074500914485 44.310001373291016 30.93000030517578 AB 4.100498313671478 1.2291661611725055
62379.1285 lsst_hardware_r 0.7211541577781977 24.530000686645508 31.479999542236328 AB 5.5990444973542886 1.2027161314666237
62388.0901 lsst_hardware_r -23.233290668512844 24.309999465942383 31.469999313354492 AB 3.1554301460570553 1.2249340629103476
62388.109 lsst_hardware_u 0.2675652155394301 2.680000066757202 28.34000015258789 AB 3.0800857952198712 1.1970795939445689
62391.0966 lsst_hardware_g 13.587904772999986 15.069999694824219 31.399999618530273 AB 3.5587318050881875 1.201665306462329
62391.1152 lsst_hardware_i 33.79394345902421 32.5 31.239999771118164 AB 3.5442912884216486 1.1880637856098357
62394.092 lsst_hardware_z 6.073749582158883 46.099998474121094 30.940000534057617 AB 1.2527921044610264 1.197697996616897
62394.1105 lsst_hardware_r -58.4248683620082 34.459999084472656 31.549999237060547 AB 1.201056219970288 1.1874011072370618
62398.0508 lsst_hardware_z 46.30429529146 80.12000274658203 30.969999313354492 AB 6.993891183889294 1.252917730934859
62398.0737 lsst_hardware_r -61.05041852265994 107.97000122070312 31.6200008392334 AB 6.641658053992804 1.206568717703749
62405.0664 lsst_hardware_g -33.76839572060047 16.1299991607666 31.440000534057617 AB 3.5607937463067088 1.1936955234013873
62405.0854 lsst_hardware_i -1.0593460022723806 44.650001525878906 31.270000457763672 AB 4.390072883878883 1.1874689975328327
62408.0663 lsst_hardware_z 76.31949659360481 43.720001220703125 30.93000030517578 AB 4.030761483470642 1.1888982843783233
62408.0825 lsst_hardware_r -7.976210929525278 23.959999084472656 31.469999313354492 AB 4.0405029149625555 1.1888494257441806
62410.0653 lsst_hardware_u 0.014039849197474235 2.5899999141693115 28.270000457763672 AB 6.830194173740537 1.1876188901510771
62410.0846 lsst_hardware_g -14.09400855835216 14.609999656677246 31.389999389648438 AB 7.5495016999233435 1.1931883728773158
62412.0318 lsst_hardware_g -21.029384403102515 14.59000015258789 31.3799991607666 AB 2.43650622716684 1.2120414014008019
62412.051 lsst_hardware_r 5.71909604710811 23.899999618530273 31.469999313354492 AB 3.4887200681251764 1.1910959604387765
62415.032 lsst_hardware_i 14.971621531540158 32.2400016784668 31.229999542236328 AB 4.108772481630253 1.2005763557894964
62415.0511 lsst_hardware_z -30.797446700311742 43.380001068115234 30.940000534057617 AB 4.510876914609364 1.1877240367594595
62417.0345 lsst_hardware_r -28.829023562056793 24.040000915527344 31.479999542236328 AB 5.4044214557590475 1.1930290189312753
62417.0517 lsst_hardware_u 5.244345389900751 2.630000114440918 28.299999237060547 AB 6.598200076656638 1.1873672983006365
62419.033 lsst_hardware_g -24.559424636785984 14.729999542236328 31.389999389648438 AB 2.8570758917728383 1.1904482882386827
62419.0515 lsst_hardware_i -27.088574766440864 32.25 31.229999542236328 AB 2.89260510245706 1.1884976110895626
62426.0008 lsst_hardware_z 3.5655304307790003 73.48999786376953 30.969999313354492 AB 8.525224592765428 1.2019490931360897
62426.0194 lsst_hardware_r -21.89364755352142 88.38999938964844 31.6200008392334 AB 8.421490415400212 1.1881335236174115
62428.0026 lsst_hardware_y 61.784076876844686 63.369998931884766 30.020000457763672 AB 4.852108172163712 1.194512105407118
62428.0207 lsst_hardware_z 203.81935745031342 75.12000274658203 30.979999542236328 AB 4.833126455237469 1.1873058766550666
62430.0028 lsst_hardware_y 44.30525711710331 63.060001373291016 30.010000228881836 AB 3.98969697495528 1.190539705064489
62430.0213 lsst_hardware_z 47.11906919506138 71.69999694824219 30.969999313354492 AB 3.9456279225690754 1.1884421453521312
62434.0046 lsst_hardware_y -5.801914179053366 54.959999084472656 30.0 AB 4.290080984904691 1.1873191683123754
62434.0215 lsst_hardware_r -33.26939277310846 24.299999237060547 31.469999313354492 AB 4.324474816453391 1.1951840852493305
