data/validation/pwv_sim_epoch_fit_epoch/52399151.ecsv
# %ECSV 0.9
# ---
# datatype:
# - {name: time, datatype: float64}
# - {name: band, datatype: string}
# - {name: flux, datatype: float64}
# - {name: fluxerr, datatype: float64}
# - {name: zp, datatype: float64}
# - {name: zpsys, datatype: string}
# - {name: pwv, datatype: float64}
# - {name: airmass, datatype: float64}
# meta: {SNID: '52399151', alt: 1024.0, c: 0.08380277454853058, dec: -13.708317, lat: -30.244573, lon: -70.7499537, ra: 151.523438, t0: 61809.1640625,
#   x0: 5.5729667260451854e-06, x1: -2.044585704803467, z: 0.587027370929718}
# schema: astropy-2.0
time band flux fluxerr zp zpsys pwv airmass
61767.341 lsst_hardware_u -0.3715503966339775 3.0999999046325684 28.540000915527344 AB 5.869166618258446 1.0439022858110714
61767.36 lsst_hardware_y -38.683691365148384 79.94000244140625 30.06999969482422 AB 5.848836047800344 1.0441863927279833
61769.3338 lsst_hardware_r 1.848644182027012 22.81999969482422 31.5 AB 9.223200244964138 1.0445300390672005
61769.3553 lsst_hardware_z 83.48118320923925 52.06999969482422 30.969999313354492 AB 9.101420903213896 1.0444695825505825
61771.3235 lsst_hardware_z -9.304085800951839 41.31999969482422 30.950000762939453 AB 7.441348192449607 1.04686078745818
61771.3448 lsst_hardware_y -49.555014463935954 48.189998626708984 30.049999237060547 AB 7.4528698508509725 1.0429793724732845
61773.3279 lsst_hardware_u -0.1394661867713935 2.700000047683716 28.440000534057617 AB 4.875225000795507 1.0430147978168336
61773.3479 lsst_hardware_y -9.909455011336355 48.619998931884766 30.049999237060547 AB 5.699451842572419 1.0460588864040412
61775.3287 lsst_hardware_i 76.27521429579545 30.600000381469727 31.25 AB 10.565756315178373 1.0424075752245754
61775.3489 lsst_hardware_y -56.02754913354308 48.470001220703125 30.049999237060547 AB 11.694655642966126 1.050166634605435
61777.3008 lsst_hardware_z 33.57961408793811 41.31999969482422 30.950000762939453 AB 8.80377300660033 1.0512072366810015
61777.3214 lsst_hardware_r -7.956448425390871 22.829999923706055 31.5 AB 8.552160107093872 1.042437848256201
61779.2964 lsst_hardware_y -20.22761977307772 47.098262260402045 30.049999237060547 AB 7.835778829469656 1.0503724972479431
61779.3188 lsst_hardware_g -18.21372267085115 14.156974200938746 31.440000534057617 AB 7.87564550348051 1.0424414961589028
61781.3027 lsst_hardware_r 30.613687775753014 81.7006659400942 31.649999618530273 AB 7.7250283072714145 1.0439227442258667
61781.3233 lsst_hardware_i -65.18300427745818 62.499127062556035 31.329999923706055 AB 7.7313032268938935 1.0447707063370126
61785.2668 lsst_hardware_z -73.33329562733881 69.51334405655689 30.989999771118164 AB 5.9138894274124 1.063840515814427
61785.2856 lsst_hardware_r -57.052613319568174 93.2314632741899 31.649999618530273 AB 5.85613748674102 1.0466733667097445
61787.262 lsst_hardware_i 38.268173857441525 50.598064505299284 31.309999465942383 AB 2.3527852912024847 1.063005402651725
61787.2808 lsst_hardware_z 118.53695265482871 52.0518611072561 30.969999313354492 AB 2.2177449004811516 1.0463117281609522
61789.3133 lsst_hardware_r 67.5712676228733 31.931217347105896 31.559999465942383 AB 6.945006614175093 1.0522737294204687
61789.3322 lsst_hardware_z 86.2536637827795 44.56619959105545 30.940000534057617 AB 7.097636329276338 1.0753994438297483
61795.2462 lsst_hardware_z 521.5458981453666 46.68416407897657 30.940000534057617 AB 9.103875223263849 1.0561646478452225
61795.2674 lsst_hardware_r 587.0731808515831 33.51063874366876 31.489999771118164 AB 9.711360931098676 1.0431013969905765
61797.2841 lsst_hardware_r 871.8653770570874 37.63729335449365 31.489999771118164 AB 12.04759666304808 1.0469949736864832
61797.3012 lsst_hardware_i 778.8529538461006 42.02718177441023 31.239999771118164 AB 12.55747266276283 1.0624218953802558
61799.2204 lsst_hardware_i 1003.8058553047839 44.59663424164906 31.25 AB 11.381062480640484 1.0756300682656204
61799.2383 lsst_hardware_z 901.7543552077672 49.976619088830475 30.950000762939453 AB 11.078254826132039 1.0532746338674839
61801.2184 lsst_hardware_r 1329.9544993419893 43.60721225104925 31.5 AB 11.425849912566479 1.0703038074595466
61801.2371 lsst_hardware_u -0.1844833218146411 2.921274556834467 28.459999084472656 AB 11.131264835790104 1.0497892017406574
61803.132 lsst_hardware_g 374.3936367112264 23.645134854106516 31.34000015258789 AB 9.781305481519205 1.3669950826682948
61803.1424 lsst_hardware_r 1388.4955438208306 45.25804035513556 31.459999084472656 AB 9.35058596943766 1.3023402543379874
61805.2064 lsst_hardware_i 1504.0444351792435 49.96564991550703 31.239999771118164 AB 9.493903582563915 1.0719096288318748
61805.2252 lsst_hardware_z 1251.4145264157623 53.36066479698061 30.940000534057617 AB 7.9049610823226955 1.0505280683507963
61807.2056 lsst_hardware_r 1934.6877996618693 55.2832175659784 31.579999923706055 AB 5.7344583522112655 1.0653069158067217
61807.224 lsst_hardware_g 440.41157234556715 31.74701906098856 31.610000610351562 AB 4.541376455918693 1.047566750048524
61808.2113 lsst_hardware_r 1990.4170415794636 66.99602315513592 31.6200008392334 AB 6.208130345830198 1.0555651234125345
61808.2301 lsst_hardware_i 1880.5094170113478 60.2806890856458 31.299999237060547 AB 6.118768080095053 1.0435647663607253
61810.2094 lsst_hardware_z 1429.8333484164475 75.35350152089345 30.989999771118164 AB 5.588292693315153 1.0522770574909226
61810.2276 lsst_hardware_i 1927.8487525652038 84.75032660199312 31.329999923706055 AB 5.566784204821187 1.0428595363097015
61814.1932 lsst_hardware_r 1646.9660330783415 102.57303019573035 31.649999618530273 AB 4.272643749664069 1.0573233728443727
61814.2084 lsst_hardware_i 1731.8588492342938 86.19280517568582 31.329999923706055 AB 5.212467298776106 1.045630350807644
61816.1975 lsst_hardware_z 2675.1451813989015 86.00508789585763 31.719999313354492 AB 4.087598366406867 1.0488192866250803
61818.1859 lsst_hardware_g 148.14078719350337 26.665353503275757 31.600000381469727 AB 4.472619917665638 1.0537448268737577
61818.2028 lsst_hardware_r 1341.903068450299 47.260002904512696 31.56999969482422 AB 4.436351036657859 1.0435608350628123
61820.1607 lsst_hardware_r 1057.8937153763136 39.77647372038296 31.520000457763672 AB 3.2991009889348084 1.0795487529236938
61820.1765 lsst_hardware_i 1348.1581872253919 47.224028377667395 31.260000228881836 AB 3.329248271958447 1.057659684523373
61822.1629 lsst_hardware_z 1074.3311349609182 52.80731818706605 30.950000762939453 AB 5.4264355091425855 1.0676705379523042
61822.1806 lsst_hardware_i 1148.1299258221811 45.60903390469235 31.25 AB 6.357495201209456 1.0491781832179976
61826.1674 lsst_hardware_r 646.823120630886 33.45183122176244 31.5 AB 9.909224632121505 1.0508841620236147
61826.1848 lsst_hardware_i 913.9558959019516 42.63513083117652 31.239999771118164 AB 9.75851198079624 1.0427060332444826
61830.1477 lsst_hardware_g 26.81299532722867 15.218869298790622 31.440000534057617 AB 4.324245805198931 1.0593016303104392
61830.1652 lsst_hardware_r 373.2594969044177 30.626987564428845 31.510000228881836 AB 4.266776612979427 1.0453942454929384
61832.1447 lsst_hardware_i 622.1666598729257 39.31368652710542 31.239999771118164 AB 5.098829676609891 1.0566427679224726
61832.1616 lsst_hardware_z 747.735373601722 49.30077945181071 30.950000762939453 AB 5.087655764601117 1.0445859284675325
61834.1971 lsst_hardware_i 546.8737530542716 38.0290945996705 31.239999771118164 AB 12.436373613882031 1.058805257020918
61834.2154 lsst_hardware_u 2.548553414955062 2.678075642772649 28.299999237060547 AB 11.784709275215064 1.0858981133577574
61840.1311 lsst_hardware_z 1382.8123085057493 127.91895164557428 31.75 AB 7.890980045000664 1.049425486967018
61843.0926 lsst_hardware_i 264.46599742541235 69.72296266105587 31.31999969482422 AB 14.08907414254739 1.0892210392382986
61843.1092 lsst_hardware_z 614.1077657024593 65.55789059685168 30.979999542236328 AB 13.68598781563653 1.0628655159116631
61845.1078 lsst_hardware_i 271.7246406356273 46.80327851847519 31.290000915527344 AB 7.869210850764294 1.0581281468481734
61845.1282 lsst_hardware_z 550.539948762187 52.5835032245096 30.959999084472656 AB 8.931660846123362 1.0438247969758507
61847.1073 lsst_hardware_g -9.47411357916944 14.806456204389638 31.43000030517578 AB 8.438844133819874 1.0532098762957722
61847.1255 lsst_hardware_r 179.06273901922756 29.330324471923365 31.540000915527344 AB 6.383845646698777 1.0430694247291954
61849.1039 lsst_hardware_i 219.02315921862584 33.65799047310954 31.25 AB 5.263872652181381 1.0514427030124225
61849.1247 lsst_hardware_r 79.57210167276139 24.979619418062654 31.489999771118164 AB 5.397487826048451 1.0424220863389033
61851.1518 lsst_hardware_u 0.19702755711189607 3.503550544135082 28.450000762939453 AB 5.283994172856391 1.0600673756461818
61851.1711 lsst_hardware_g 20.62463606942978 15.021359593006439 31.40999984741211 AB 5.132264062919798 1.0899419300068591
61853.0794 lsst_hardware_g 30.914661534487458 15.072485983153092 31.420000076293945 AB 4.397654750389505 1.0660981213065468
61853.0992 lsst_hardware_r 86.94380376376567 24.908888662518265 31.489999771118164 AB 5.731867433019302 1.047075798389886
61855.0936 lsst_hardware_z 271.1085881467612 44.799265422477625 30.940000534057617 AB 8.484506005724484 1.047157453729794
61855.1103 lsst_hardware_r 51.199246073591546 24.749738992616308 31.489999771118164 AB 8.4713727499987 1.04238459645401
61859.0729 lsst_hardware_g 26.899773373572124 14.76230757986514 31.40999984741211 AB 5.276783259829165 1.0547238176752278
61859.0915 lsst_hardware_r 85.99244363558732 24.42408202189533 31.489999771118164 AB 6.23066364170143 1.0433709698634825
61861.0691 lsst_hardware_i 78.98481866564893 32.402449437518165 31.239999771118164 AB 5.476555774973682 1.0531838028795542
61861.0888 lsst_hardware_r 69.59741605645776 24.329370776329554 31.489999771118164 AB 5.231918788684855 1.042768825807505
61863.0662 lsst_hardware_z 274.0256891102513 44.78868894689837 30.950000762939453 AB 6.4897537560732 1.0510148193972153
61863.0841 lsst_hardware_g 41.287064114601996 20.493811328704304 31.549999237060547 AB 7.367199500633193 1.0426511853708966
61865.0524 lsst_hardware_r 88.55849558591554 49.06106334872522 31.6200008392334 AB 8.271552591471602 1.0589959468004448
61865.0731 lsst_hardware_i 151.68040256096634 46.284471581503524 31.299999237060547 AB 8.167874907363807 1.0439846502462127
61867.0549 lsst_hardware_z 151.70782847868392 67.64498510648464 30.989999771118164 AB 11.416971624753357 1.0513187904558172
61867.0738 lsst_hardware_r 108.74544330533787 85.81499008082508 31.649999618530273 AB 11.325095821594838 1.0425705003309451
61870.0717 lsst_hardware_r 91.03174969850497 113.19145317146076 31.65999984741211 AB 5.864720582579106 1.0425243236297406
61870.0956 lsst_hardware_z 263.5629656955351 77.5813438892387 30.989999771118164 AB 5.331205036621298 1.0554403345671888
61879.0814 lsst_hardware_r -0.7177912997602283 24.233535504158024 31.5 AB 9.618574993966465 1.0677814158488526
61879.0976 lsst_hardware_u 2.958215575027655 2.7601303886535797 28.450000762939453 AB 9.980191659178546 1.0959214852685082
61884.0122 lsst_hardware_r 39.90952771445372 23.967592085838895 31.489999771118164 AB 9.233924154006097 1.0485549211559213
61884.0302 lsst_hardware_u -2.9658130413831367 2.724279674242685 28.43000030517578 AB 9.190849754975126 1.0423813116430212
61886.0098 lsst_hardware_g -10.09193428511384 14.034377114322849 31.40999984741211 AB 12.14134390002153 1.046667577588063
61886.0274 lsst_hardware_r 48.40618382892243 24.076378291799983 31.489999771118164 AB 12.092622319813927 1.0424674413632695
61886.9774 lsst_hardware_i 81.81527861153549 32.679550738087904 31.239999771118164 AB 6.738804776678735 1.0801530397401298
61886.9838 lsst_hardware_z 122.00183039531008 43.24652327540233 30.940000534057617 AB 6.687299035048805 1.0699678456078088
61890.0002 lsst_hardware_r 5.091469010082295 23.34000015258789 31.5 AB 11.296358829253137 1.0459591508567718
61890.0191 lsst_hardware_u 5.47877930968461 2.8399999141693115 28.520000457763672 AB 11.262270200418719 1.0428027963350666
61894.0308 lsst_hardware_y 126.65601973398599 71.23999786376953 30.799999237060547 AB 11.53710961942368 1.0561733528103336
61895.9738 lsst_hardware_z -2.9334305188876066 64.45999908447266 30.989999771118164 AB 7.430962167859772 1.0529419281871961
61896.0194 lsst_hardware_r 53.53354438089044 117.98999786376953 32.400001525878906 AB 3.047373307534536 1.0508183819084607
61896.0637 lsst_hardware_i -21.22506897057937 72.41000366210938 31.31999969482422 AB 4.075626065750539 1.1258376370020595
61897.9715 lsst_hardware_y -16.090394138957713 55.540000915527344 30.059999465942383 AB 10.312434235715205 1.050333230027266
61897.9913 lsst_hardware_z 21.84195747580223 63.20000076293945 30.979999542236328 AB 10.22559582865865 1.0423999281652774
61899.9696 lsst_hardware_y -22.311369673893804 54.61000061035156 30.049999237060547 AB 8.146807542248753 1.0478433675639889
61899.9877 lsst_hardware_z -18.1208586593869 59.290000915527344 30.979999542236328 AB 8.113426945830124 1.0423879932973896
61908.9551 lsst_hardware_y -1.2009066783632694 66.02999877929688 30.059999465942383 AB 9.36219209402485 1.0433349287546265
61908.9755 lsst_hardware_r 52.877150089632494 23.40999984741211 31.489999771118164 AB 10.091983927588503 1.045503501861012
61910.9547 lsst_hardware_y -9.797577358747068 68.63999938964844 30.06999969482422 AB 5.554261682356119 1.042466531973827
61910.9736 lsst_hardware_g 31.578489934652893 14.600000381469727 31.440000534057617 AB 7.527142589754907 1.0474367841023033
62130.3229 lsst_hardware_z -20.84720990051751 41.59000015258789 30.940000534057617 AB 9.070349005992593 1.0628069764472048
62130.3431 lsst_hardware_y -23.551228377650823 48.81999969482422 30.049999237060547 AB 9.273939091132293 1.0455104524824688
62132.3165 lsst_hardware_u -2.3822142061058003 3.869999885559082 29.209999084472656 AB 6.626906382725113 1.0639935321475333
62132.3386 lsst_hardware_y 13.003007641418796 67.37000274658203 30.799999237060547 AB 5.856734153996162 1.0450678044305806
62134.3388 lsst_hardware_r -37.0305886557524 22.940000534057617 31.5 AB 9.208550797865803 1.0431466372237814
62134.3591 lsst_hardware_z -38.62224275614149 62.459999084472656 30.989999771118164 AB 9.257765027214775 1.0458191057421742
62136.324 lsst_hardware_z -110.2386604291314 85.45999908447266 31.729999542236328 AB 7.39748763777074 1.0469431500280342
62136.3456 lsst_hardware_y 85.2111645245516 75.83999633789062 30.799999237060547 AB 7.409872010834752 1.0429714305991635
62138.3206 lsst_hardware_z 2.927575765506904 67.98999786376953 30.989999771118164 AB 5.3872443326059125 1.0458299412960002
62138.3423 lsst_hardware_y -15.365326759758958 56.45000076293945 30.059999465942383 AB 4.650898030258645 1.0435041575630795
62140.3284 lsst_hardware_i 61.528180617833236 71.01000213623047 31.34000015258789 AB 3.3456909272209074 1.0423795598361951
62140.349 lsst_hardware_y 61.50942621358433 57.40999984741211 30.059999465942383 AB 2.883768838768931 1.049692907004798
62142.2989 lsst_hardware_z 62.564201455789 51.91999816894531 30.979999542236328 AB 7.767046153570369 1.0533968562708458
62142.32 lsst_hardware_r -24.408806537017156 55.84000015258789 31.639999389648438 AB 7.416310860170746 1.0425929044288749
62144.2999 lsst_hardware_y 23.649444944133105 47.33000183105469 30.040000915527344 AB 9.168433378532615 1.0483401355184605
62144.3211 lsst_hardware_g -14.440673175257979 24.850000381469727 31.610000610351562 AB 9.077433814873118 1.0425443683097644
62148.2689 lsst_hardware_z -45.1947117079551 41.619998931884766 30.950000762939453 AB 6.288661483607679 1.0693183954442576
62148.2875 lsst_hardware_r 1.0151616917392565 22.850000381469727 31.5 AB 6.086275811801402 1.0493578985864487
62150.2625 lsst_hardware_u 1.8550740394439769 2.700000047683716 28.43000030517578 AB 7.494822358045291 1.0706889082921844
62150.2815 lsst_hardware_r 6.608341921064484 22.770000457763672 31.489999771118164 AB 7.475002177695177 1.0497492788955063
62152.2614 lsst_hardware_i 1.5619340365696226 30.889999389648438 31.25 AB 5.033557086233888 1.0646271332981996
62152.2807 lsst_hardware_z -96.74299274972275 41.400001525878906 30.950000762939453 AB 4.777223330395406 1.0467185211208165
62154.3134 lsst_hardware_r -0.9280977324589026 22.989999771118164 31.5 AB 7.609610293309686 1.0517411690418033
62154.3322 lsst_hardware_u 1.44962133230918 2.799999952316284 28.5 AB 7.832977992579233 1.0742615363888437
62158.2386 lsst_hardware_r 5.142018048792316 22.940000534057617 31.489999771118164 AB 10.201265473282657 1.0738174182402798
62158.2579 lsst_hardware_i 55.80688138214358 30.579999923706055 31.25 AB 10.283791123376506 1.0511003993025754
