data/validation/pwv_sim_epoch_fit_epoch/52505386.ecsv
# %ECSV 0.9
# ---
# datatype:
# - {name: time, datatype: float64}
# - {name: band, datatype: string}
# - {name: flux, datatype: float64}
# - {name: fluxerr, datatype: float64}
# - {name: zp, datatype: float64}
# - {name: zpsys, datatype: string}
# - {name: pwv, datatype: float64}
# - {name: airmass, datatype: float64}
# meta: {SNID: '52505386', alt: 1024.0, c: -0.02477853372693062, dec: -49.507675, lat: -30.244573, lon: -70.7499537, ra: 36.70507, t0: 62867.71484375,
#   x0: 4.7036746459029394e-06, x1: 0.8545832633972168, z: 0.6288213729858398}
# schema: astropy-2.0
time band flux fluxerr zp zpsys pwv airmass
62735.4097 lsst_hardware_z 28.186168575869722 41.77000045776367 30.940000534057617 AB 1.3033828932753013 1.0690768776010673
62735.4212 lsst_hardware_g 9.01507344454744 25.1299991607666 31.600000381469727 AB 1.7709048031360943 1.0793264075185705
62736.2944 lsst_hardware_g -9.527912558332037 13.0600004196167 31.350000381469727 AB 2.3087842432918437 1.1509393037347175
62736.3125 lsst_hardware_r -14.683377469520005 22.600000381469727 31.469999313354492 AB 2.2276127839993296 1.1138063919996648
62738.41 lsst_hardware_r 34.940434630215066 22.690000534057617 31.489999771118164 AB 2.2645404991893505 1.076302518626117
62738.4207 lsst_hardware_u 12.937128597639816 8.010000228881836 29.1200008392334 AB 2.2372944584967263 1.0881782385684466
62742.4055 lsst_hardware_i 3.499254328966404 30.709999084472656 31.239999771118164 AB 8.09218931509325 1.083050097937977
62742.4158 lsst_hardware_z 85.08852679375384 47.849998474121094 30.959999084472656 AB 8.201899900810034 1.0962664157910493
62744.4096 lsst_hardware_r -20.33102273687089 22.799999237060547 31.479999542236328 AB 5.292177375615334 1.095216495772769
62747.4094 lsst_hardware_u -6.916035015962612 4.610000133514404 28.75 AB 1.3170765758079646 1.1074074348161136
62751.3947 lsst_hardware_r 47.051805713568264 22.030000686645508 31.479999542236328 AB 2.3035908073422138 1.1014060757074893
62751.4069 lsst_hardware_u 10.666794819052162 4.71999979019165 28.799999237060547 AB 2.336725960199609 1.1223467628240196
62753.3706 lsst_hardware_z 12.460062202225641 47.36000061035156 30.959999084472656 AB 4.666021666222312 1.0778313344755
62753.3827 lsst_hardware_g -13.124003070487333 12.979999542236328 31.3700008392334 AB 3.922607703724477 1.0920146721886956
62755.3834 lsst_hardware_r 4.8709004484985785 74.47000122070312 31.639999389648438 AB 2.728674933987067 1.1008270031213585
62755.3958 lsst_hardware_i -36.8501600344261 58.7400016784668 31.309999465942383 AB 2.799495969162602 1.1220049974934445
62758.152 lsst_hardware_i -36.953137878380794 67.05999755859375 31.239999771118164 AB 2.5213926584738067 1.5041117469519627
62758.1657 lsst_hardware_z 52.97328342108848 63.099998474121094 30.93000030517578 AB 2.3885479441058477 1.4169752486291365
62762.3745 lsst_hardware_r 33.50490084618495 38.529998779296875 31.59000015258789 AB 1.651543974634742 1.1179223655016994
62762.3852 lsst_hardware_y 27.60675568541552 49.220001220703125 30.020000457763672 AB 1.9267478323217897 1.1393571176200115
62765.3623 lsst_hardware_r -23.62752092423657 25.020000457763672 31.510000228881836 AB 2.6448899255673193 1.110831552108101
62765.3744 lsst_hardware_i 1.61816040791028 31.920000076293945 31.25 AB 2.362805272724663 1.1337837201184142
62767.3618 lsst_hardware_z -40.44893043946163 41.91999816894531 30.940000534057617 AB 1.9794044432389084 1.1196781992489346
62767.3745 lsst_hardware_r -23.229061422864607 22.690000534057617 31.479999542236328 AB 2.010739968550013 1.1459384319241293
62774.3484 lsst_hardware_i 19.257172098030374 30.420000076293945 31.229999542236328 AB 3.6689804369344126 1.130830771130964
62774.3606 lsst_hardware_r 26.457309783155324 22.049999237060547 31.459999084472656 AB 3.7615895666378547 1.1583031767938705
62781.3377 lsst_hardware_i -15.149318863370127 30.969999313354492 31.229999542236328 AB 4.137199783626249 1.1492221621184024
62781.349 lsst_hardware_z 0.9972631347910181 43.08000183105469 30.940000534057617 AB 4.240305004633132 1.1778625012869812
62787.3156 lsst_hardware_i 4.981259979587265 63.33000183105469 31.309999465942383 AB 6.046452413579449 1.136462196929335
62787.3268 lsst_hardware_r 1.4119493223212893 79.31999969482422 31.6200008392334 AB 6.134780351703763 1.1625323998490003
62789.3234 lsst_hardware_z 24.93378127648022 73.20999908447266 31.700000762939453 AB 6.643715690793938 1.1678178398301027
62791.3108 lsst_hardware_g -62.94117670274963 43.31999969482422 31.649999618530273 AB 6.21578979631992 1.1501669605069935
62791.3232 lsst_hardware_r -89.32701192923273 43.36000061035156 31.579999923706055 AB 6.399534504698978 1.182034448596043
62793.304 lsst_hardware_z 46.40583054864714 44.130001068115234 30.950000762939453 AB 4.3588232486856695 1.1470587496541236
62793.316 lsst_hardware_r 14.184943034726054 31.739999771118164 31.549999237060547 AB 4.473426495036341 1.177217498693774
62794.1087 lsst_hardware_g 9.10370112193106 13.130000114440918 31.350000381469727 AB 4.007821358112926 1.2296759555460022
62796.3011 lsst_hardware_g 1.8620614482157165 13.710000038146973 31.3700008392334 AB 2.8002167678652916 1.1597101368208282
62796.3126 lsst_hardware_r -45.12810424241039 23.049999237060547 31.459999084472656 AB 3.0078943340246753 1.1907736872623418
62801.2966 lsst_hardware_u -0.10799450156361644 2.559999942779541 28.309999465942383 AB 3.6947307663456774 1.1840188323491996
62801.3072 lsst_hardware_g -6.745716146410402 13.09000015258789 31.34000015258789 AB 3.780886682635636 1.2163058332429262
62803.3007 lsst_hardware_r 1.9093864583874303 22.43000030517578 31.469999313354492 AB 3.671145565758344 1.2129335569686157
62803.3113 lsst_hardware_i 72.6780886547749 31.610000610351562 31.229999542236328 AB 3.772134054780623 1.249602712493581
62807.2831 lsst_hardware_i -17.569187890164322 31.239999771118164 31.219999313354492 AB 3.725383127344592 1.1923451718490146
62807.2936 lsst_hardware_z -29.525766074712088 43.630001068115234 30.93000030517578 AB 3.78742267044229 1.2255709212950996
62810.2357 lsst_hardware_z -62.479169561433906 48.20000076293945 30.959999084472656 AB 4.721410275252287 1.1046818613128822
62810.2469 lsst_hardware_r 39.9626014982491 43.15999984741211 31.610000610351562 AB 4.89360556765604 1.1244498087442538
62819.1574 lsst_hardware_z 39.31077386399376 47.880001068115234 30.959999084472656 AB 5.282741651538763 1.0588955487742022
62819.1674 lsst_hardware_r 12.349450145156135 50.77000045776367 31.6299991607666 AB 4.268189372455159 1.061694632674058
62822.1823 lsst_hardware_g -23.31105225315418 15.680000305175781 31.450000762939453 AB 2.7981755997085163 1.0779488666613868
62822.1951 lsst_hardware_i 37.55746079763371 33.709999084472656 31.25 AB 2.806374757108986 1.0931088381356155
62827.08 lsst_hardware_g 0.2794334409500887 12.819999694824219 31.3700008392334 AB 4.900963666629717 1.0895872980503318
62827.0927 lsst_hardware_r -24.76782537232382 21.59000015258789 31.469999313354492 AB 4.1052158567450725 1.0754615177256446
62829.1868 lsst_hardware_z 53.8119760223466 41.70000076293945 30.940000534057617 AB 8.622854467906631 1.1095720770233615
62829.1988 lsst_hardware_r -39.156405671255094 21.950000762939453 31.469999313354492 AB 8.858468229431455 1.1320243946283168
62833.1836 lsst_hardware_i 7.241257667245963 30.610000610351562 31.229999542236328 AB 3.6089538641601755 1.1234971948510157
62833.1962 lsst_hardware_z -19.489617223438707 42.4900016784668 30.93000030517578 AB 3.840216399178422 1.150368126766546
62835.1794 lsst_hardware_r -9.377559045956026 21.99211291633472 31.479999542236328 AB 4.976701827950075 1.1259506398077093
62836.0689 lsst_hardware_y 87.80206248692596 47.39661729606072 30.040000915527344 AB 8.978424439071489 1.0747455636905994
62836.0787 lsst_hardware_g 7.219410257923684 21.345408597137926 31.56999969482422 AB 8.89763524258553 1.067012001189452
62838.1588 lsst_hardware_r -25.85349071271454 38.94199317779948 31.59000015258789 AB 7.14212606143425 1.103987940095515
62838.1722 lsst_hardware_i -37.39796461480614 39.42972945230257 31.270000457763672 AB 7.207694774908152 1.1279167228158216
62840.1818 lsst_hardware_z 35.35831328973271 51.861435676816626 30.959999084472656 AB 2.800303559844158 1.161831162677447
62840.1938 lsst_hardware_r -27.240357190013384 54.737401080047974 31.600000381469727 AB 2.8231879081400475 1.1947473161824724
62842.1903 lsst_hardware_z 147.48154436453794 57.511832029789 30.959999084472656 AB 4.925538347304297 1.2006675097028432
62842.2028 lsst_hardware_r 174.15991534425737 71.90191439710138 31.600000381469727 AB 5.096185428910418 1.242265075707423
62844.0949 lsst_hardware_z 214.92427023631475 59.45665244093853 30.979999542236328 AB 6.537807934353206 1.0602137248606514
62844.1086 lsst_hardware_i 241.3315194785923 65.40625311247531 31.329999923706055 AB 6.518021048784469 1.0666919317216481
62849.0836 lsst_hardware_r 1182.1713404088284 46.183262044580815 32.220001220703125 AB 7.849462475536427 1.0609890819499634
62849.0958 lsst_hardware_z 784.2304932763706 64.18960129161108 31.690000534057617 AB 7.892449041382294 1.0672562682028173
62851.0818 lsst_hardware_r 825.773318859353 35.659108031680525 31.489999771118164 AB 10.626971268002448 1.0624717893767783
62851.094 lsst_hardware_u -8.788199319522649 3.1392402827462944 28.450000762939453 AB 10.80536185675534 1.0698855339697895
62853.0748 lsst_hardware_g 251.84880530926762 20.37127731940606 31.40999984741211 AB 4.314658444242984 1.0618084026683854
62853.086 lsst_hardware_r 942.2031877602265 38.4757936119471 31.489999771118164 AB 4.245405928443289 1.0680266486647005
62855.0759 lsst_hardware_i 979.020980086632 43.401959673129404 31.260000228881836 AB 5.513025070612644 1.0650615929703249
62855.0889 lsst_hardware_z 705.8598006442868 48.88939999686158 30.950000762939453 AB 3.5109888018696638 1.0747924903682644
62860.0798 lsst_hardware_g 407.06894593695273 23.793612630004287 31.3700008392334 AB 7.677859231205123 1.079260504808205
62860.0931 lsst_hardware_i 1202.507343715231 46.59822287663321 31.239999771118164 AB 6.650413671382574 1.0955749221832567
63096.4143 lsst_hardware_i -0.09690281451967413 30.469999313354492 31.25 AB 2.5876501581285107 1.0645115494529356
63096.4255 lsst_hardware_z 15.659123478783481 52.63999938964844 30.969999313354492 AB 2.47372470783054 1.0723852640427183
63101.415 lsst_hardware_r 16.908908199138114 22.530000686645508 31.479999542236328 AB 2.470794155823639 1.0751932792966228
63101.4251 lsst_hardware_u -2.5913629252263464 11.65999984741211 29.260000228881836 AB 1.6789609465746904 1.0860031995955306
63107.4058 lsst_hardware_g -1.0951017212815188 13.720000267028809 31.399999618530273 AB 8.102474699480508 1.082591373021045
63107.416 lsst_hardware_i -4.0316231549661445 36.2599983215332 31.270000457763672 AB 8.167724742835814 1.0955546020078442
63111.1838 lsst_hardware_i 11.867479910077694 109.16000366210938 31.989999771118164 AB 3.8042559434497845 1.515639818107484
63111.2026 lsst_hardware_r 20.39655937497228 135.02000427246094 32.310001373291016 AB 3.5197531480392446 1.3972819166491641
63112.4063 lsst_hardware_z 42.88753640442657 58.54999923706055 30.969999313354492 AB 1.3018259197649373 1.1013755666370029
63112.418 lsst_hardware_r -35.38609019596439 76.58000183105469 31.6299991607666 AB 0.9933436268444633 1.1213662767761783
63117.3802 lsst_hardware_z 35.88400007837726 43.54999923706055 30.950000762939453 AB 2.4758494300765617 1.0845511119558569
63117.3904 lsst_hardware_r -26.488510199125955 32.31999969482422 31.56999969482422 AB 2.4906427193109453 1.098005607337669
63119.3469 lsst_hardware_z -40.95312409971712 41.369998931884766 30.950000762939453 AB 3.979760151841127 1.0622135636586638
63119.3593 lsst_hardware_g 20.208559772563188 17.729999542236328 31.510000228881836 AB 3.9033113629327567 1.069644584498586
63122.3762 lsst_hardware_r -4.958136500642762 22.200000762939453 31.489999771118164 AB 2.2384815909684925 1.0972052565812396
63122.3878 lsst_hardware_z 4.118633710538694 42.279998779296875 30.950000762939453 AB 2.2906325183239318 1.1160207153831578
63124.2924 lsst_hardware_i -5.201757668038976 30.020000457763672 31.239999771118164 AB 1.9066451543256833 1.0652144816755063
63124.3057 lsst_hardware_r 19.22193147657579 21.68000030517578 31.479999542236328 AB 1.892854124035547 1.0596309707233889
63126.3765 lsst_hardware_g -3.7562030352087916 13.079999923706055 31.389999389648438 AB 0.7807385630458213 1.1153408043511734
63126.3886 lsst_hardware_r -12.538490494910155 22.329999923706055 31.469999313354492 AB 0.7975124402141387 1.1393034860201983
63129.3562 lsst_hardware_r 42.55000921964598 21.8700008392334 31.469999313354492 AB 5.723492385505943 1.0959296094794875
63129.3689 lsst_hardware_i -22.298088199411158 30.469999313354492 31.239999771118164 AB 5.874507366294198 1.116402008037666
63131.2783 lsst_hardware_i -55.78628890096757 42.189998626708984 31.989999771118164 AB 1.6230996212193876 1.0625856767398019
63131.2919 lsst_hardware_z 17.698402229149888 57.689998626708984 31.690000534057617 AB 2.186115082318935 1.0586513715830193
63133.3637 lsst_hardware_u -0.23855930224741567 2.6500000953674316 28.40999984741211 AB 4.644825682251529 1.1272480723825336
63133.375 lsst_hardware_g -17.810363409874874 13.109999656677246 31.360000610351562 AB 4.376982844598412 1.1518375906837925
63140.2779 lsst_hardware_i -13.685939183628763 70.11000061035156 31.329999923706055 AB 5.00989735700844 1.058801836634401
63140.2904 lsst_hardware_r 108.05014216563505 89.79000091552734 31.649999618530273 AB 5.0278465373736 1.0625952527031208
63145.3371 lsst_hardware_i 40.86434026714975 40.86000061035156 31.280000686645508 AB 7.109149871306997 1.1401242693708906
63145.3477 lsst_hardware_z 68.04078180045977 47.33000183105469 30.950000762939453 AB 7.289571777514559 1.1653215390684701
63147.3318 lsst_hardware_i 15.882446420355466 34.41999816894531 31.25 AB 4.093171980436681 1.1404770076442645
63147.3421 lsst_hardware_z 2.887161442668706 44.060001373291016 30.940000534057617 AB 5.1188524703665355 1.1649641489225242
63149.2489 lsst_hardware_u 1.0245112463002821 2.569999933242798 28.3799991607666 AB 2.8097085151353998 1.0584035089661226
63149.2614 lsst_hardware_g 1.3850764639687643 12.880000114440918 31.3799991607666 AB 3.4235687948010933 1.0608042123944381
63151.3214 lsst_hardware_i 32.312112947934516 30.6299991607666 31.229999542236328 AB 6.0186601412826635 1.141627492656044
63151.3317 lsst_hardware_r 14.851863660034278 22.309999465942383 31.459999084472656 AB 6.151675390747391 1.166304937102571
63153.3166 lsst_hardware_u -1.9603866335738147 2.5 28.270000457763672 AB 5.734164653219695 1.1430988078715114
63153.3282 lsst_hardware_g -0.3355686794229938 13.020000457763672 31.34000015258789 AB 5.890773062844911 1.1714383659375582
63155.3163 lsst_hardware_r 36.07222933067078 22.1299991607666 31.459999084472656 AB 8.108109830638424 1.1551110975361039
63155.3275 lsst_hardware_i 18.012592384415797 31.059999465942383 31.229999542236328 AB 8.293946371990419 1.184511049984315
63159.3013 lsst_hardware_i 36.52001052153746 30.579999923706055 31.229999542236328 AB 1.4181814624035296 1.1455423767400976
63159.3128 lsst_hardware_u -2.6819252836227436 2.5299999713897705 28.290000915527344 AB 1.341369839633426 1.1740655051502449
63163.2609 lsst_hardware_r 24.678662057854623 21.889999389648438 31.479999542236328 AB 3.228916297427921 1.0925110124946442
63163.2711 lsst_hardware_i 1.7460618847549125 30.329999923706055 31.239999771118164 AB 3.319582119553019 1.1078198296521908
63166.2973 lsst_hardware_r -61.280147665279834 50.709999084472656 31.600000381469727 AB 3.742167558460761 1.1840428914604528
63166.3084 lsst_hardware_i 16.923205748402204 46.349998474121094 31.280000686645508 AB 3.853378240699902 1.217978108478831
63170.2972 lsst_hardware_z 114.46847764707749 89.58000183105469 31.709999084472656 AB 4.147351421871767 1.2170648797432555
63181.2363 lsst_hardware_g -9.165105769959803 12.850000381469727 31.350000381469727 AB 2.6311005898581006 1.1347472354190635
63181.2461 lsst_hardware_r -34.58946497011391 22.079999923706055 31.459999084472656 AB 2.665247079990973 1.1570423616198016
63183.2341 lsst_hardware_i -1.8104051279393376 30.459999084472656 31.229999542236328 AB 7.6422549542196885 1.141799589763625
63183.2452 lsst_hardware_z -39.412875283223514 42.38999938964844 30.93000030517578 AB 7.82024520279186 1.1685815632090444
63186.2353 lsst_hardware_r -15.643724562467678 22.149999618530273 31.459999084472656 AB 8.588092684175127 1.164171436108869
63186.2463 lsst_hardware_g 2.561817332729646 13.0 31.34000015258789 AB 9.054516929659812 1.19452729942722
63187.2349 lsst_hardware_r 5.014107042250539 22.049999237060547 31.459999084472656 AB 6.672672341076396 1.1702165596330163
63187.2465 lsst_hardware_i -21.877178712445552 31.079999923706055 31.229999542236328 AB 6.682912591055093 1.203423687220113
63189.1799 lsst_hardware_g -8.13708758777837 12.9399995803833 31.389999389648438 AB 5.779683808681899 1.0803988738092185
63189.192 lsst_hardware_i -28.08633569383426 30.43000030517578 31.25 AB 5.789263845908665 1.0954141619505515
63191.0791 lsst_hardware_r -8.253756961332805 28.18000030517578 31.540000915527344 AB 4.254124378757514 1.0953886478648376
63193.1896 lsst_hardware_y -65.13201776667053 69.20999908447266 30.780000686645508 AB 6.7913418254662234 1.108519028069244
63195.1825 lsst_hardware_r -104.10396176065707 60.22999954223633 31.6200008392334 AB 6.527359322418901 1.1058322773467757
63195.1956 lsst_hardware_i 28.16650702787885 52.060001373291016 31.299999237060547 AB 6.720058831994935 1.1296431510932006
63197.138 lsst_hardware_z 11.675995061523764 57.84000015258789 30.969999313354492 AB 3.8312912217012136 1.0642475615836704
63197.1495 lsst_hardware_r 171.2077653263387 78.83999633789062 31.639999389648438 AB 3.859967423844214 1.0722131732900595
63199.1749 lsst_hardware_z -79.55816214684263 60.02000045776367 30.969999313354492 AB 4.829633343493393 1.1113676482686814
63199.187 lsst_hardware_r -71.53575986573186 85.30999755859375 31.6299991607666 AB 4.98094135271386 1.1344385103357875
63204.1824 lsst_hardware_z -61.31250495333198 47.02000045776367 30.950000762939453 AB 4.2471316277632924 1.1548702620187503
63204.1948 lsst_hardware_r -15.30536879572687 44.880001068115234 31.59000015258789 AB 4.448747831883147 1.1876523689120748
63206.183 lsst_hardware_u 7.347108231356974 3.450000047683716 28.559999465942383 AB 6.084897750970413 1.170172644417387
63206.195 lsst_hardware_g -0.6405538176824843 22.719999313354492 31.530000686645508 AB 6.263981050721469 1.2046117405233594
63208.0959 lsst_hardware_g 2.652440546434603 12.829999923706055 31.3700008392334 AB 4.0487682753376175 1.0595402748675766
63208.1066 lsst_hardware_r -24.92031353315197 21.600000381469727 31.469999313354492 AB 4.049407994673857 1.0635346013588594
63211.1023 lsst_hardware_i 0.6551680615326207 29.969999313354492 31.25 AB 11.293876159233657 1.0657113620413405
63211.1154 lsst_hardware_z 40.29607898768432 41.18000030517578 30.940000534057617 AB 11.427229804614674 1.075925913341515
63213.0965 lsst_hardware_r 3.4236657135438224 21.690000534057617 31.479999542236328 AB 12.698185848404604 1.0655075182214897
63213.1095 lsst_hardware_u -0.7595209471732958 2.569999933242798 28.3700008392334 AB 12.76273515712035 1.0755113896448796
63216.079 lsst_hardware_u -4.996833880765791 2.7300000190734863 28.510000228881836 AB 10.613659356026895 1.061029748521193
63216.0909 lsst_hardware_g 8.708478016185278 13.029999732971191 31.389999389648438 AB 10.780495278387757 1.0671509071638232
63220.0837 lsst_hardware_r -38.474716005675255 26.90999984741211 31.540000915527344 AB 3.5317297303961492 1.069815897128541
63220.0954 lsst_hardware_y 49.917149721443174 47.68000030517578 30.040000915527344 AB 3.586598882122117 1.0805720960448257
63222.0759 lsst_hardware_z 5.227068490348712 45.220001220703125 30.959999084472656 AB 5.7823438021991835 1.0681011887566991
63222.0876 lsst_hardware_r 3.249231821123583 39.439998626708984 31.600000381469727 AB 4.265079119425188 1.07812920106782
63224.0802 lsst_hardware_i 96.02741415092505 47.380001068115234 31.299999237060547 AB 6.906261219523139 1.0762165887628885
63224.0935 lsst_hardware_z -48.547984391211735 49.93000030517578 30.959999084472656 AB 6.740221568094945 1.0914160254916694
63226.078 lsst_hardware_r 11.243327272529331 66.7300033569336 31.639999389648438 AB 10.41199594402587 1.0794946677407922
63226.0907 lsst_hardware_z -71.66604921112885 53.529998779296875 30.959999084472656 AB 8.243926020357504 1.0950532681457832
