data/validation/pwv_sim_epoch_fit_epoch/52509281.ecsv
# %ECSV 0.9
# ---
# datatype:
# - {name: time, datatype: float64}
# - {name: band, datatype: string}
# - {name: flux, datatype: float64}
# - {name: fluxerr, datatype: float64}
# - {name: zp, datatype: float64}
# - {name: zpsys, datatype: string}
# - {name: pwv, datatype: float64}
# - {name: airmass, datatype: float64}
# meta: {SNID: '52509281', alt: 1024.0, c: -0.14133358001708984, dec: 3.732834, lat: -30.244573, lon: -70.7499537, ra: 349.453125, t0: 62801.3828125,
#   x0: 2.2166500769436193e-06, x1: -1.986411452293396, z: 0.8537075519561768}
# schema: astropy-2.0
time band flux fluxerr zp zpsys pwv airmass
62679.3558 lsst_hardware_r 0.7320761733172046 25.540000915527344 31.469999313354492 AB 9.114713169562295 1.2659323846614299
62679.3775 lsst_hardware_i -11.678344305578785 33.400001525878906 31.229999542236328 AB 8.815900222431146 1.224600669875142
62681.3753 lsst_hardware_z 46.52160487848874 44.52000045776367 30.93000030517578 AB 2.8715875875736683 1.2206535972683505
62681.3973 lsst_hardware_u -0.975107670679467 2.740000009536743 28.329999923706055 AB 2.827830431681398 1.2083024206016513
62687.3725 lsst_hardware_i -27.627546938697396 33.040000915527344 31.229999542236328 AB 5.563420079299276 1.2101406785018727
62687.3943 lsst_hardware_z 10.788923250799497 44.2599983215332 30.93000030517578 AB 4.977814530025825 1.212696152025294
62703.2989 lsst_hardware_z 16.057149629954008 53.689998626708984 30.950000762939453 AB 6.049435920021455 1.2462785166916883
62705.1937 lsst_hardware_i -13.149979146064766 36.970001220703125 31.100000381469727 AB 10.170280490526729 1.919675436670401
62705.2296 lsst_hardware_z 14.620908418471547 48.119998931884766 30.889999389648438 AB 7.465033563843232 1.5276070115809872
62708.2854 lsst_hardware_z 34.03852634594521 43.790000915527344 30.920000076293945 AB 13.160850280240203 1.2459779992653561
62708.3334 lsst_hardware_i 5.84006119460504 32.779998779296875 31.219999313354492 AB 8.69860919236111 1.2106623788950046
62708.3625 lsst_hardware_u -2.3675798347371577 2.5899999141693115 28.219999313354492 AB 8.85277142754414 1.246869215147062
62717.2677 lsst_hardware_z 13.194033561785767 44.13999938964844 30.93000030517578 AB 1.1524804408915434 1.2334788878610883
62717.2905 lsst_hardware_u -4.820319791340788 2.5799999237060547 28.239999771118164 AB 1.1186322515692173 1.210204383233917
62721.2681 lsst_hardware_g -27.175547514497243 25.399999618530273 31.559999465942383 AB 3.6995668963810844 1.2185327246335194
62721.2881 lsst_hardware_r -21.602193845950538 24.6200008392334 31.489999771118164 AB 3.6573208557425776 1.2083326524300246
62724.2636 lsst_hardware_i -19.745300234393156 61.7400016784668 31.290000915527344 AB 8.240052348177716 1.2151229269202162
62724.2875 lsst_hardware_z -21.27324368963201 59.060001373291016 30.959999084472656 AB 8.226117700861945 1.2097231913032271
62730.2281 lsst_hardware_z -114.4369076172737 72.9800033569336 30.969999313354492 AB 5.215237972467429 1.2406402281660682
62730.2494 lsst_hardware_i 35.56224865308331 79.44999694824219 31.299999237060547 AB 5.195136191538257 1.213438848848861
62732.2624 lsst_hardware_z 23.72271843867825 73.22000122070312 31.700000762939453 AB 2.94246848926234 1.208778264049436
62739.222 lsst_hardware_g 22.322741065095844 15.489999771118164 31.420000076293945 AB 2.9824637133455565 1.2156781440267215
62739.2385 lsst_hardware_r 22.231484248039454 24.90999984741211 31.489999771118164 AB 2.992281687102589 1.2083517379603939
62741.1895 lsst_hardware_r 21.238734942099416 24.959999084472656 31.469999313354492 AB 5.41237912835048 1.2586928205466232
62741.2058 lsst_hardware_i 6.324207884794941 32.959999084472656 31.229999542236328 AB 5.2802127167859485 1.227956445764174
62743.185 lsst_hardware_z -68.86335917681245 44.63999938964844 30.93000030517578 AB 4.5173683083078995 1.2564532658004541
62743.2022 lsst_hardware_i 1.0877304156683139 33.06999969482422 31.229999542236328 AB 4.38996910987117 1.2253926335995204
62745.1826 lsst_hardware_u 5.1459619046823715 2.6700000762939453 28.280000686645508 AB 2.0194923627518024 1.2496858680394816
62746.1243 lsst_hardware_r 32.50740049122155 25.799999237060547 31.43000030517578 AB 4.315919422676527 1.4800398100225278
62750.1723 lsst_hardware_r 18.64335122072291 40.77000045776367 31.559999465942383 AB 0.7948409331058307 1.24290998140083
62750.1927 lsst_hardware_z 5.271075810573002 47.66999816894531 30.940000534057617 AB 0.8192571048707262 1.2150643008835391
62752.1687 lsst_hardware_r -7.987016451932583 67.1500015258789 31.600000381469727 AB 3.146595879318941 1.2394272296677267
62752.1881 lsst_hardware_i -90.49698618286169 57.400001525878906 31.290000915527344 AB 3.0672060742609117 1.2143743736557109
62754.1658 lsst_hardware_z 31.53417751070771 87.02999877929688 30.969999313354492 AB 4.457152942162076 1.2349534820121197
62754.1837 lsst_hardware_i 204.60805782701405 101.61000061035156 31.309999465942383 AB 4.539683225726065 1.2135756802047892
62756.1722 lsst_hardware_z 27.502083415313876 169.64999389648438 31.729999542236328 AB 3.286360406495585 1.218901059465507
62759.161 lsst_hardware_r -24.87494121383699 81.86000061035156 31.610000610351562 AB 1.6806107349977977 1.222262352725671
62759.1788 lsst_hardware_i 98.80653476161629 69.22000122070312 31.299999237060547 AB 1.271631985322677 1.209158781606349
62763.1431 lsst_hardware_r -8.416078442245704 25.15999984741211 31.479999542236328 AB 9.202708451584323 1.2319143872808413
62763.1629 lsst_hardware_g -36.90096831620447 15.579999923706055 31.40999984741211 AB 9.022826247236972 1.2111989055958918
62768.1144 lsst_hardware_z 35.305836964350014 44.70303228909006 30.93000030517578 AB 4.662332272575667 1.2620226308514488
62768.1337 lsst_hardware_i -45.072563002891656 33.09041128728703 31.219999313354492 AB 4.314242528535446 1.2257241362413729
62770.1979 lsst_hardware_r -54.961901293279155 25.68215276055851 31.469999313354492 AB 4.252547375554164 1.2570963321340585
62770.2108 lsst_hardware_i -62.676278603264855 33.698500030690475 31.219999313354492 AB 3.89879087907415 1.2922740732763291
62773.1053 lsst_hardware_i -12.172324673672676 33.56313915027182 31.229999542236328 AB 4.663890137201609 1.251519077940457
62773.1247 lsst_hardware_z 22.24976164310933 44.3418549519827 30.940000534057617 AB 4.51808768644317 1.220060584124354
62775.1033 lsst_hardware_r -109.65003816716893 26.068215739677274 31.469999313354492 AB 7.850869139328792 1.244359129202861
62775.1227 lsst_hardware_g 67.95846252043205 17.390394185217787 31.40999984741211 AB 7.686180421447455 1.2165848663488203
62782.1187 lsst_hardware_r 170.53990973182033 158.34224720796485 32.369998931884766 AB 10.931090265156826 1.2085786445093876
62782.1475 lsst_hardware_i 204.62891784359365 132.7601032791925 32.060001373291016 AB 6.1243213670611425 1.225190991009831
62784.1163 lsst_hardware_z 604.3180469285778 155.98959116795706 31.729999542236328 AB 3.843376289064593 1.2083555719129142
62786.068 lsst_hardware_r 410.42564634780456 121.00860774247876 31.610000610351562 AB 6.698801021783187 1.255534748323162
62786.0859 lsst_hardware_z 320.40455923969375 84.12848993656945 30.979999542236328 AB 7.071776995283722 1.2239672874879879
62788.0674 lsst_hardware_r 373.9414001033499 55.98933874426938 31.579999923706055 AB 8.965158618419395 1.2451609192249158
62788.0858 lsst_hardware_i 662.3938948996417 60.53796982055264 31.290000915527344 AB 8.774211871211236 1.2179216255975793
62790.0725 lsst_hardware_z 260.71096860256586 47.83331134191198 30.93000030517578 AB 10.18312953119028 1.2272773820332783
62790.0903 lsst_hardware_i 590.6422471021768 40.743361744504035 31.229999542236328 AB 9.445776212462187 1.2106347946079405
62792.0693 lsst_hardware_u 0.6153291261928531 2.881258562553567 28.329999923706055 AB 7.164281122905453 1.2242448945494577
62792.0866 lsst_hardware_g 90.9975757662047 18.32259236158516 31.40999984741211 AB 10.523658738748406 1.2098709006206372
62795.0703 lsst_hardware_r 553.2400631139279 34.246677921922405 31.479999542236328 AB 3.482218860377593 1.2146921986143169
62795.0874 lsst_hardware_i 727.9145398005054 42.519619443864535 31.229999542236328 AB 3.2107998181083013 1.2083925926705226
62798.0793 lsst_hardware_g 75.29927805320897 16.848429426003346 31.389999389648438 AB 4.399776795698127 1.2083979114798482
62798.1009 lsst_hardware_r 565.5818503799834 34.36591537164406 31.469999313354492 AB 3.7868775671857846 1.221573408769608
62802.0429 lsst_hardware_z 546.0638461841927 50.08599024981992 30.940000534057617 AB 3.303611706748095 1.2231068888362
62802.0596 lsst_hardware_i 717.6617495750672 43.105889197559264 31.239999771118164 AB 3.2439547438279623 1.2097537735700026
62804.0406 lsst_hardware_u -3.5521072021772553 3.045932614065202 28.459999084472656 AB 5.575741506618308 1.2194743302790327
62804.058 lsst_hardware_g 52.75677181010291 17.918894829985504 31.440000534057617 AB 6.195304417070299 1.2086826592450346
62808.0478 lsst_hardware_r 357.23450667499384 51.421207956578506 31.579999923706055 AB 3.6674918113050876 1.2085651993863393
62808.0683 lsst_hardware_i 651.8107940907222 53.00724931122238 31.270000457763672 AB 3.550617521042459 1.2161384402031414
62814.0239 lsst_hardware_z 702.2099550299644 111.50737378216608 31.719999313354492 AB 10.148744910082659 1.2110674117048232
62818.017 lsst_hardware_y 162.35816512151007 59.38159746834142 30.0 AB 6.057758138174186 1.2093747530788694
62818.035 lsst_hardware_i 396.9938144139293 38.23741850527709 31.229999542236328 AB 6.5296021062382845 1.2117287095580138
63033.4006 lsst_hardware_r 12.937651947782202 26.360000610351562 31.5 AB 8.653027302895568 1.2361467575565097
63033.4217 lsst_hardware_y -50.94226367852762 49.619998931884766 29.989999771118164 AB 8.45423909544343 1.21193249486701
63034.4416 lsst_hardware_z 117.68439255639187 61.11000061035156 30.959999084472656 AB 4.3505465649086545 1.2112328610947023
63037.4319 lsst_hardware_g -4.225620650493922 18.020000457763672 31.469999313354492 AB 4.372265106491628 1.2104831413321575
63043.4154 lsst_hardware_i 41.46555833740278 47.22999954223633 31.989999771118164 AB 6.5363395980085865 1.210433258890479
63043.4355 lsst_hardware_y 7.4858788953815365 52.310001373291016 29.989999771118164 AB 7.147833622113129 1.229946420392864
63045.3666 lsst_hardware_z 6.464154102271654 44.97999954223633 30.93000030517578 AB 6.285112183298071 1.238323748063888
63045.3879 lsst_hardware_i -27.30357146626861 33.47999954223633 31.229999542236328 AB 6.285470131252246 1.2125919033958104
63049.3705 lsst_hardware_r -1.1985112070469872 43.13999938964844 31.579999923706055 AB 8.419089315581271 1.2178927090553229
63049.391 lsst_hardware_i 7.173445457077929 33.189998626708984 31.239999771118164 AB 8.928727153464317 1.208408249403061
63057.3644 lsst_hardware_z 19.81451691424689 84.97000122070312 31.709999084472656 AB 9.662999926670752 1.2087311754164305
63057.3845 lsst_hardware_r 74.90357222965756 67.05999755859375 31.610000610351562 AB 11.819158116696594 1.2151293471586628
63065.3429 lsst_hardware_u -5.011517770428656 2.7200000286102295 28.350000381469727 AB 1.8931917336300084 1.2086774209172217
63065.3648 lsst_hardware_g -17.435581894192246 15.220000267028809 31.389999389648438 AB 1.8973398789788083 1.2170236555348353
63067.3209 lsst_hardware_r -28.564990208725646 24.850000381469727 31.479999542236328 AB 3.909424937627273 1.2183638294124732
63067.3342 lsst_hardware_i -16.737236040348353 32.869998931884766 31.229999542236328 AB 3.595200365999873 1.2094870869637924
63077.3505 lsst_hardware_z 5.954868198515554 44.2599983215332 30.93000030517578 AB 5.960014817833032 1.2434183107146575
63077.3687 lsst_hardware_i 33.94089717919288 33.2599983215332 31.229999542236328 AB 6.159644241014577 1.2887408402436566
63079.1435 lsst_hardware_z -23.62173745151709 140.80999755859375 32.290000915527344 AB 10.101546962534202 2.472738026812664
63083.2268 lsst_hardware_z -118.90366935595956 139.00999450683594 31.709999084472656 AB 1.3846701868414002 1.3435247416290115
63085.2997 lsst_hardware_z 95.88211449155834 67.70999908447266 30.959999084472656 AB 4.976419050318451 1.2100224631996153
63085.3231 lsst_hardware_r -86.71137178029039 84.0 31.600000381469727 AB 5.174625401378566 1.233522145739825
63088.2443 lsst_hardware_i -26.316044823547468 35.95000076293945 31.239999771118164 AB 5.687747611083916 1.247791940127004
63088.2638 lsst_hardware_z -9.661920968110534 46.130001068115234 30.940000534057617 AB 5.107677667373634 1.2181439702775185
63094.2648 lsst_hardware_r 34.06693988267208 34.970001220703125 32.2400016784668 AB 5.488003704883193 1.2085451893598749
63094.2856 lsst_hardware_i -18.5146518128579 46.52000045776367 31.979999542236328 AB 5.534401760217245 1.2170207279202296
63099.2578 lsst_hardware_z -18.927850350817806 43.959999084472656 30.93000030517578 AB 1.3028819771302145 1.2088907233872324
63099.2756 lsst_hardware_u -2.119387441207124 2.619999885559082 28.260000228881836 AB 1.311429502534152 1.220786132217037
63102.2176 lsst_hardware_i 37.215746590144704 32.849998474121094 31.229999542236328 AB 3.14719130051941 1.227772939084295
63102.2346 lsst_hardware_z 86.51694044622947 43.869998931884766 30.93000030517578 AB 3.1163618031409 1.2112567739097881
63108.1788 lsst_hardware_z -33.27518732529468 65.7300033569336 30.959999084472656 AB 4.499804782241236 1.2738901903108153
63108.1951 lsst_hardware_i 73.40042893915091 70.93000030517578 31.299999237060547 AB 4.287462819728625 1.2374820530292356
63110.1912 lsst_hardware_z -93.76602187609019 157.6199951171875 31.729999542236328 AB 1.996071682066547 1.2348108147643346
63113.2013 lsst_hardware_r -18.9331150343444 97.69000244140625 31.610000610351562 AB 1.819916567790294 1.213277711860196
63113.2198 lsst_hardware_i 90.51760939526994 81.05999755859375 31.299999237060547 AB 2.0350614074803532 1.208947370780408
63115.1655 lsst_hardware_i 35.45746563187181 44.93000030517578 31.270000457763672 AB 0.7784214516801377 1.259072303566741
63115.1843 lsst_hardware_z 19.557284111584494 51.650001525878906 30.950000762939453 AB 0.8019352940347984 1.2247961726381038
63118.161 lsst_hardware_r 22.02245516149198 25.239999771118164 31.469999313354492 AB 4.143077169456855 1.2507402775718806
63118.1785 lsst_hardware_g -0.39432440189154183 15.479999542236328 31.389999389648438 AB 3.9911379055015357 1.2218392485845817
63123.1605 lsst_hardware_z 12.064867884693514 44.54999923706055 30.93000030517578 AB 2.0796047748435007 1.2274485907296018
63123.178 lsst_hardware_i -10.58928961616234 33.2400016784668 31.239999771118164 AB 1.0824314988967723 1.2108863602836553
63125.1643 lsst_hardware_u 2.703188130025512 2.75 28.350000381469727 AB 3.8747042557653386 1.2167068185054053
63125.1839 lsst_hardware_g -15.234496997973677 15.800000190734863 31.43000030517578 AB 3.59160042521879 1.2084792817021501
63135.1388 lsst_hardware_r -3.8525452351725757 56.20000076293945 31.600000381469727 AB 3.452614187907573 1.215138733425941
63135.1577 lsst_hardware_i -57.02102351898969 50.40999984741211 31.280000686645508 AB 3.422330424744323 1.2085922630056467
63136.102 lsst_hardware_i 8.934915348494977 65.94999694824219 31.290000915527344 AB 4.230417248546986 1.2748620538064224
63136.122 lsst_hardware_z 40.52794967204783 62.5099983215332 30.959999084472656 AB 4.085876970624485 1.231922704711092
63144.0727 lsst_hardware_r -36.17216204310942 25.170000076293945 31.479999542236328 AB 3.655478421255995 1.297265660822994
63144.0905 lsst_hardware_g -5.110070697303859 15.319999694824219 31.399999618530273 AB 4.476119183115984 1.2497017332634528
63150.1047 lsst_hardware_u 3.50185636637826 2.740000009536743 28.360000610351562 AB 5.084884325719643 1.2106867442189626
63150.1228 lsst_hardware_g 8.93300402708234 15.180000305175781 31.399999618530273 AB 5.0831942910968015 1.210284355023048
63152.1071 lsst_hardware_r 7.178444681241105 24.600000381469727 31.479999542236328 AB 6.314604827030725 1.2084982604122947
63152.1245 lsst_hardware_i 25.117405939491924 32.599998474121094 31.229999542236328 AB 6.37134230149516 1.2146687153334383
63154.0673 lsst_hardware_i -59.41355018028497 33.130001068115234 31.219999313354492 AB 7.378219348764118 1.2414974505744338
63154.0847 lsst_hardware_z 79.20691110714519 44.31999969482422 30.93000030517578 AB 7.546015705503167 1.2170993073392204
63156.0721 lsst_hardware_r 7.674813123901855 24.829999923706055 31.479999542236328 AB 7.996667421837252 1.2251360858724691
63156.089 lsst_hardware_g -1.1475763975758362 15.289999961853027 31.40999984741211 AB 8.331099874343675 1.2103732398528286
63158.0676 lsst_hardware_r 9.77731711285864 24.6200008392334 31.479999542236328 AB 4.628373196233755 1.22389771606005
63158.085 lsst_hardware_i -41.17904787082426 32.599998474121094 31.229999542236328 AB 5.081892020453303 1.2097822616536984
63160.0704 lsst_hardware_z 50.97747934627829 44.61000061035156 30.93000030517578 AB 3.5904732106808206 1.2152557829351676
63160.0877 lsst_hardware_i 16.33955947317844 33.41999816894531 31.229999542236328 AB 3.191814063681916 1.2084482967087236
63162.0733 lsst_hardware_z 5.571044250065145 46.25 30.940000534057617 AB 5.218790906915694 1.210084263385472
63162.0915 lsst_hardware_g -17.608154773639953 29.170000076293945 31.579999923706055 AB 6.461537697540349 1.2109706757845413
63167.0415 lsst_hardware_i 216.84742765563294 109.58000183105469 31.309999465942383 AB 4.369264730833493 1.2258867610475077
63167.0584 lsst_hardware_z 150.66763248709273 93.2699966430664 30.979999542236328 AB 3.3019947271981755 1.2106305140964897
63185.0182 lsst_hardware_y 29.059199313180066 55.65999984741211 30.0 AB 6.750713575623621 1.2084337207990252
63185.0352 lsst_hardware_r 37.06429584246178 25.030000686645508 31.489999771118164 AB 6.794979093067462 1.2153242382485663
