data/validation/pwv_sim_epoch_fit_epoch/5256278.ecsv
# %ECSV 0.9
# ---
# datatype:
# - {name: time, datatype: float64}
# - {name: band, datatype: string}
# - {name: flux, datatype: float64}
# - {name: fluxerr, datatype: float64}
# - {name: zp, datatype: float64}
# - {name: zpsys, datatype: string}
# - {name: pwv, datatype: float64}
# - {name: airmass, datatype: float64}
# meta: {SNID: '5256278', alt: 1024.0, c: 0.009418867528438568, dec: -33.152889, lat: -30.244573, lon: -70.7499537, ra: 189.316406, t0: 61451.5,
#   x0: 3.2678640921029427e-06, x1: 0.5118362307548523, z: 0.7300090789794922}
# schema: astropy-2.0
time band flux fluxerr zp zpsys pwv airmass
61412.2695 lsst_hardware_r -15.89269048081125 24.799999237060547 31.420000076293945 AB 13.957051898129187 1.488487582452455
61412.2916 lsst_hardware_i -21.83671197475916 33.16999816894531 31.219999313354492 AB 12.659758030843726 1.3300393658739733
61419.301 lsst_hardware_r -22.309852412405117 23.993310776296205 31.479999542236328 AB 9.87183378157025 1.1886137961434722
61419.3195 lsst_hardware_u -4.035317848651929 2.8054310470473016 28.459999084472656 AB 9.239542147981476 1.1238495963324857
61423.3043 lsst_hardware_i 1.9073148817968542 32.57927754669824 31.239999771118164 AB 8.251732015698613 1.1372679620574904
61423.3205 lsst_hardware_z -2.4548454025861637 42.73611622332279 30.950000762939453 AB 7.942644731071922 1.0909102401637087
61425.299 lsst_hardware_r 108.15590121606472 43.62180630905203 31.59000015258789 AB 12.284384039154297 1.136750040252096
61425.3179 lsst_hardware_z 60.813324226325044 42.47032365013175 30.940000534057617 AB 11.722373639463912 1.0839162544774061
61427.3021 lsst_hardware_z 111.09984941207702 58.919341712529686 30.969999313354492 AB 10.471335355155917 1.1108402222623366
61427.3192 lsst_hardware_i 243.07682404190518 62.886645460398434 31.31999969482422 AB 9.989059841486547 1.068691541830169
61431.308 lsst_hardware_y 196.63264484014937 76.14431053807614 30.799999237060547 AB 12.979528898612699 1.0692860648855047
61433.3069 lsst_hardware_i 421.6754001880727 57.00462079707437 31.309999465942383 AB 12.40616295759439 1.0603558083414009
61433.3255 lsst_hardware_z 349.64963209897684 55.700860436684074 30.979999542236328 AB 12.04986987840257 1.0299034084104761
61435.3107 lsst_hardware_r 524.13415638309 40.19734763972762 31.579999923706055 AB 11.645576056934063 1.0436974419191705
61435.3303 lsst_hardware_g 169.87751644411222 29.59886068712332 31.649999618530273 AB 11.320746051078721 1.01802981507419
61441.2112 lsst_hardware_g 143.3684297465686 19.21880401958971 31.34000015258789 AB 7.191067511466929 1.3375412322153004
61441.2293 lsst_hardware_r 782.0436917012207 36.8422631767003 31.469999313354492 AB 6.641936344222902 1.2393984594556757
61444.2111 lsst_hardware_i 996.798282365321 45.666151465347816 31.219999313354492 AB 9.27368888845882 1.2904767978373726
61444.2297 lsst_hardware_r 818.66373161298 37.50206544984215 31.469999313354492 AB 8.626856989573987 1.2010939073545406
61446.2081 lsst_hardware_u -1.8043277016780317 2.730758596778839 28.25 AB 4.149500548044929 1.2772278914620414
61446.2272 lsst_hardware_g 197.95042792687707 19.23217787513692 31.389999389648438 AB 5.118493315375642 1.1889647654763398
61449.2247 lsst_hardware_i 1125.2645471283372 46.2744053308485 31.239999771118164 AB 5.733468557984844 1.1670786859787183
61449.2425 lsst_hardware_z 819.1384778866158 49.84512461056045 30.940000534057617 AB 5.438217220277285 1.1095383338432865
61451.2274 lsst_hardware_r 1651.8904962942495 52.22726364158873 32.22999954223633 AB 3.6403144423843115 1.1387548111000794
61451.2471 lsst_hardware_u 4.28617130922207 3.8450403114582987 29.15999984741211 AB 3.491250738325691 1.0834822680815241
61453.2196 lsst_hardware_g 219.1683986927335 40.22335211413188 31.649999618530273 AB 5.245919385732464 1.146523742920438
61453.2397 lsst_hardware_i 1126.1426408111943 51.67067276571077 31.280000686645508 AB 4.913107235192439 1.0881743599540286
61455.2238 lsst_hardware_z 654.1898079833326 61.51360325461466 30.969999313354492 AB 2.9124627236142637 1.116171202202696
61455.2445 lsst_hardware_r 1044.0379140165396 74.67609484777466 31.639999389648438 AB 2.792930275061927 1.065055399159245
61457.2311 lsst_hardware_y 612.2460599680275 83.75586413936539 30.799999237060547 AB 6.054593365111217 1.082578939718618
61459.2197 lsst_hardware_r 693.7098134661579 104.7282153828651 31.649999618530273 AB 12.832730627383267 1.0973460616865662
61459.2382 lsst_hardware_i 1130.0067093715545 87.35395886391308 31.34000015258789 AB 12.326611672976115 1.0559633072223973
61461.2223 lsst_hardware_z 706.1777114997195 68.28918402919987 30.979999542236328 AB 9.268743122979682 1.0776564041832786
61461.2436 lsst_hardware_r 735.390367078811 82.05100609953847 31.65999984741211 AB 8.83220181556926 1.037607536216452
61465.2216 lsst_hardware_i 862.8103998696598 43.37080770636289 31.25 AB 3.7117559417437507 1.056376797764088
61465.2434 lsst_hardware_z 606.552046043118 48.38138448579092 30.950000762939453 AB 3.626744986919853 1.0233960363786445
61469.2228 lsst_hardware_g 51.05688341058396 14.984693555579552 31.399999618530273 AB 11.20940664313156 1.036061339106829
61469.2432 lsst_hardware_r 453.4730520592927 29.922863337656906 31.489999771118164 AB 10.998379775460606 1.0128354153661117
61471.21 lsst_hardware_i 638.3868033298382 39.37563290177691 31.25 AB 10.162469027357007 1.0477492295714834
61471.2314 lsst_hardware_z 535.7977051979419 46.282185139149334 30.950000762939453 AB 9.853402870619195 1.0186501468643823
61473.1153 lsst_hardware_g 46.08408513023222 14.818003392855841 31.280000686645508 AB 14.247331132798406 1.3936205348395476
61473.1362 lsst_hardware_r 286.50264001052744 29.147119202876276 31.450000762939453 AB 12.073636231800474 1.267750820601359
61475.1157 lsst_hardware_i 517.8987781505743 39.71893900156637 31.209999084472656 AB 10.215452381372195 1.3543555393369535
61475.1364 lsst_hardware_z 406.59605300586776 48.49810875581003 30.93000030517578 AB 9.569200547540667 1.2397478684842806
61478.1184 lsst_hardware_i 424.7993112791005 38.205945022556044 31.209999084472656 AB 16.641736350140675 1.2897821278518669
61478.1403 lsst_hardware_z 451.1746394694376 47.22874607458757 30.93000030517578 AB 13.298315946790563 1.1871023251218888
61480.107 lsst_hardware_g 30.282912942754603 29.260039563563023 31.540000915527344 AB 9.782757724421371 1.3237234754078204
61480.1287 lsst_hardware_r 213.64420059484945 33.662892111416326 31.530000686645508 AB 10.314844954174177 1.212678940433919
61482.1745 lsst_hardware_y 220.63069084946838 50.259330618115506 30.049999237060547 AB 7.250065327863616 1.0576831347787807
61482.1949 lsst_hardware_r 216.59950873035473 46.72862452523086 31.6299991607666 AB 7.055763212766968 1.0258700481402043
61486.1674 lsst_hardware_i 198.09692349094453 97.30047379344563 31.34000015258789 AB 4.990921366934795 1.0506281274136924
61486.1854 lsst_hardware_z 327.37097421912796 82.47819289970543 31.010000228881836 AB 4.901508694350548 1.0241703697058433
61488.1003 lsst_hardware_r 133.4178357591501 127.35854209598487 31.6200008392334 AB 6.801892946016749 1.2426385834239264
61488.1189 lsst_hardware_i 382.32306354317177 102.11607648597362 31.329999923706055 AB 6.373797717446318 1.1645893874376554
61491.0826 lsst_hardware_z 111.4878237565729 55.489444208976074 30.940000534057617 AB 8.181830545572343 1.291460151358325
61491.0999 lsst_hardware_r 11.71653373926313 53.22005806314618 31.59000015258789 AB 7.754643993526424 1.2073556312416358
61495.0789 lsst_hardware_r 84.96800223839293 25.520662644446876 31.469999313354492 AB 5.983446851475138 1.2537780648477626
61495.0971 lsst_hardware_z 170.50545308974654 45.56174896960075 30.940000534057617 AB 6.028132377894638 1.174597524311664
61498.079 lsst_hardware_r 56.574123427271786 25.136831591113065 31.469999313354492 AB 7.486547744083823 1.2151020887130923
61498.0968 lsst_hardware_u -0.44681082462540644 2.7164271291265583 28.389999389648438 AB 8.052399425313572 1.1463170188476315
61500.0723 lsst_hardware_g 19.56360418966924 14.610890450369043 31.360000610351562 AB 9.545230826003317 1.2205917383691678
61500.0895 lsst_hardware_r 14.65412250191682 24.568167440695927 31.479999542236328 AB 8.07444421010704 1.1526138480358188
61502.077 lsst_hardware_i 103.34266798678463 33.52602081824408 31.229999542236328 AB 12.732736639857137 1.1783751826126423
61502.095 lsst_hardware_z 162.0314923879749 43.780838092708755 30.940000534057617 AB 11.507976789478342 1.1175686381080814
61504.074 lsst_hardware_r 59.69052791889152 24.691013143241182 31.479999542236328 AB 8.960668907098285 1.1690624593400532
61504.0914 lsst_hardware_u -0.33206779691813837 2.7803566450291335 28.420000076293945 AB 7.8231272359836534 1.1121875513198256
61506.0701 lsst_hardware_g 19.70646005788996 15.035193633666951 31.40999984741211 AB 3.7187754134337982 1.163329117862502
61506.091 lsst_hardware_i 145.18587202422606 32.74006732735389 31.25 AB 4.319750387110741 1.098334703053837
61510.0846 lsst_hardware_r -26.658822673265764 39.226651073717875 31.59000015258789 AB 11.288886411007454 1.0868894223391885
61510.1028 lsst_hardware_z 165.9968600519704 45.995452253410676 30.959999084472656 AB 10.882703704596448 1.0489942764264446
61519.0794 lsst_hardware_r -3.2361559382457936 66.57077226355341 31.639999389648438 AB 9.721125440258783 1.0469709682561963
61519.0977 lsst_hardware_i 198.04471250570398 56.410529541065706 31.31999969482422 AB 9.247650648496029 1.0214448167555121
61521.0774 lsst_hardware_z 74.47880470030964 45.00947527929493 30.950000762939453 AB 11.319801438325749 1.0412842828006392
61521.0953 lsst_hardware_i 113.501257371531 38.6008069264501 31.290000915527344 AB 9.978678469768004 1.0182324969151024
61523.0761 lsst_hardware_u -0.6492083915174838 2.751424349607704 28.450000762939453 AB 1.6602958094879068 1.0349895955249289
61523.0935 lsst_hardware_g 28.907157283131635 14.356209010117885 31.440000534057617 AB 2.3586675537505553 1.014771642227401
61524.977 lsst_hardware_y 141.85172586390348 51.15158165435746 29.950000762939453 AB 15.277820274598588 1.3685715384830026
61524.9953 lsst_hardware_r 17.33731097113161 24.294013644478134 31.450000762939453 AB 14.06233838275514 1.2622339785553272
61528.9763 lsst_hardware_y 91.63600407000573 51.36366984536925 29.959999084472656 AB 14.371869684445729 1.3057027059549131
61528.9964 lsst_hardware_i 81.92953088544989 33.17687703740611 31.229999542236328 AB 13.08554995516676 1.206263823300719
61533.9713 lsst_hardware_y 203.28873893730668 51.4911612914762 29.969999313354492 AB 11.006566389225295 1.259332538812963
61533.9899 lsst_hardware_g -2.4215963919856356 14.26061835500338 31.3799991607666 AB 10.293318597594354 1.177321125196655
61535.9707 lsst_hardware_y 17.37304216976028 50.65523749587107 29.989999771118164 AB 9.286016535720915 1.2357190208996873
61535.9897 lsst_hardware_z 18.832394433106423 43.86936754368361 30.950000762939453 AB 8.68710339467622 1.1578944877942312
61541.9685 lsst_hardware_z 156.92391867696884 72.6500015258789 30.969999313354492 AB 12.269373780402208 1.1756214995834051
61541.9886 lsst_hardware_r 158.19801586720516 94.75 31.639999389648438 AB 11.545526997372473 1.109480071819577
61544.9674 lsst_hardware_y 12.281515610404501 62.369998931884766 30.030000686645508 AB 8.69327473701056 1.149954769215207
61544.9884 lsst_hardware_z -11.410488889312271 76.62999725341797 30.989999771118164 AB 8.178187677724647 1.088441641150553
61547.9658 lsst_hardware_y -52.62298670653394 68.70999908447266 30.770000457763672 AB 2.2258310530867385 1.1284314591060778
61547.9877 lsst_hardware_r 47.69894615579576 59.0099983215332 32.36000061035156 AB 2.089226340162877 1.0711234761154624
61549.9636 lsst_hardware_y -47.5699144748047 49.34000015258789 30.020000457763672 AB 5.35744678168069 1.1185621814731326
61549.9834 lsst_hardware_g -5.129312761688897 13.9399995803833 31.420000076293945 AB 5.015915966615249 1.0686372232469827
61551.9632 lsst_hardware_z 60.76417571950287 42.959999084472656 30.940000534057617 AB 6.455965591750627 1.1042130430588692
61551.9831 lsst_hardware_i 33.41850751348425 30.31999969482422 31.239999771118164 AB 6.140050189568683 1.0582036289254926
61553.9614 lsst_hardware_y 5.9608554128106395 49.7599983215332 30.030000686645508 AB 9.721678146534158 1.0945370577048141
61553.9807 lsst_hardware_r 47.32836962016116 22.700000762939453 31.5 AB 9.304976133876927 1.052480051337718
61560.9592 lsst_hardware_y -21.316204263384662 70.72000122070312 30.790000915527344 AB 12.288541443510356 1.0569121523639589
61560.9807 lsst_hardware_u 0.10027339037722012 3.7100000381469727 29.139999389648438 AB 12.032535385110322 1.0240746164524586
61562.9578 lsst_hardware_y 55.71236325814166 52.5099983215332 30.049999237060547 AB 4.660614294992703 1.0494909277519122
61562.9755 lsst_hardware_r 15.972362384456616 22.690000534057617 31.510000228881836 AB 4.382759299368775 1.0237699835010836
61780.3089 lsst_hardware_z 90.14854403799423 51.560001373291016 30.950000762939453 AB 8.6007564343399 1.2039132746836365
61780.3256 lsst_hardware_r 16.936201934700584 27.75 31.520000457763672 AB 8.161003584555008 1.1413192901971911
61782.3031 lsst_hardware_z 28.733105636587112 84.41000366210938 31.719999313354492 AB 8.200824067529485 1.2053535937772992
61783.3029 lsst_hardware_r 49.435558536842045 80.66000366210938 31.6200008392334 AB 6.558459455481637 1.1948005687836594
61783.3196 lsst_hardware_z -4.947583203811985 58.77000045776367 30.979999542236328 AB 6.251667077616843 1.134209287927704
61786.3012 lsst_hardware_r -66.90595753259835 66.7300033569336 31.6200008392334 AB 6.688387757024047 1.1694518961444207
61786.3182 lsst_hardware_y 37.871744527691895 52.290000915527344 30.030000686645508 AB 6.4334502411904415 1.1136316844712553
61788.301 lsst_hardware_g -20.526173857599535 48.0099983215332 31.65999984741211 AB 8.358681991444858 1.1506204131660651
61788.3172 lsst_hardware_r 107.22384934989054 52.0099983215332 31.6200008392334 AB 8.027669404093913 1.1012647512303908
61790.3023 lsst_hardware_i -42.31968286094816 34.369998931884766 31.25 AB 12.159126676278262 1.128509599171958
61790.3212 lsst_hardware_z 26.081818827505355 42.95000076293945 30.940000534057617 AB 11.622152013344133 1.0778467471975268
61792.3006 lsst_hardware_r 24.239184683583886 23.90999984741211 31.489999771118164 AB 10.447210966324768 1.1171695413917353
61792.317 lsst_hardware_u 0.3305235121350757 2.880000114440918 28.5 AB 10.06417343411168 1.0750025031095622
61796.3021 lsst_hardware_z -73.40387427420487 41.959999084472656 30.940000534057617 AB 13.198528578525252 1.0842016329342632
61796.3205 lsst_hardware_r -2.185160534555304 22.899999618530273 31.489999771118164 AB 12.705775118871284 1.046733543590335
61798.301 lsst_hardware_g 7.701650737864073 14.079999923706055 31.399999618530273 AB 12.567627481994306 1.0741561950422485
61798.3201 lsst_hardware_r -23.84818423258416 22.850000381469727 31.489999771118164 AB 12.151415180654011 1.0385824940729924
61800.3075 lsst_hardware_i 51.93501644728991 30.59000015258789 31.239999771118164 AB 11.759629228905258 1.0503420175871077
61800.3251 lsst_hardware_z -37.38846953157844 40.849998474121094 30.950000762939453 AB 11.418546117339673 1.024452370118399
61802.3139 lsst_hardware_r 24.904301374092864 22.84000015258789 31.5 AB 10.338248786410464 1.031761355929172
61802.3313 lsst_hardware_g -20.94421655563293 14.130000114440918 31.450000762939453 AB 9.933627158458373 1.0128086417677786
61804.2366 lsst_hardware_z 9.131357611999364 43.66999816894531 30.93000030517578 AB 11.125558620295545 1.2340250623317424
61804.2552 lsst_hardware_r 16.562080016401296 23.110000610351562 31.469999313354492 AB 10.55794025084766 1.1580286548285461
61809.2299 lsst_hardware_r 35.28885270484648 58.27000045776367 31.600000381469727 AB 8.602274324416538 1.2031854058278382
61809.2491 lsst_hardware_z 10.70918425537939 50.470001220703125 30.950000762939453 AB 8.110909106026385 1.132676705135769
61811.2322 lsst_hardware_r -62.73097305544375 88.66999816894531 31.6200008392334 AB 5.047321587778387 1.1722508913319711
61811.2523 lsst_hardware_y -12.982617756792813 53.83000183105469 30.030000686645508 AB 3.738341296285776 1.1070006799780208
61815.2295 lsst_hardware_i 41.35694659606613 73.02999877929688 31.309999465942383 AB 2.646351774289534 1.143132515891807
61815.2499 lsst_hardware_z -58.17708323610809 66.5 30.979999542236328 AB 2.448910349215605 1.0849888938743368
61817.2207 lsst_hardware_r -57.221455344977116 53.2400016784668 31.600000381469727 AB 4.53962175987539 1.1545324923386038
61817.2401 lsst_hardware_z -21.483646886302623 51.029998779296875 30.959999084472656 AB 4.351480027951051 1.0958146632966634
