data/validation/pwv_sim_epoch_fit_epoch/52612431.ecsv
# %ECSV 0.9
# ---
# datatype:
# - {name: time, datatype: float64}
# - {name: band, datatype: string}
# - {name: flux, datatype: float64}
# - {name: fluxerr, datatype: float64}
# - {name: zp, datatype: float64}
# - {name: zpsys, datatype: string}
# - {name: pwv, datatype: float64}
# - {name: airmass, datatype: float64}
# meta: {SNID: '52612431', alt: 1024.0, c: -0.07776255905628204, dec: -28.122234, lat: -30.244573, lon: -70.7499537, ra: 149.765625, t0: 61526.9375,
#   x0: 6.561392554438695e-06, x1: 1.0408202409744263, z: 0.5479326248168945}
# schema: astropy-2.0
time band flux fluxerr zp zpsys pwv airmass
[from data line 132]
61790.2131 lsst_hardware_r 38.948402367815554 23.479999542236328 31.479999542236328 AB 10.825906089509957 1.0774726140343325
61790.2303 lsst_hardware_g -0.398576796209537 16.030000686645508 31.459999084472656 AB 10.49798211284461 1.042932240699847
61792.2125 lsst_hardware_r -9.83287514436794 22.229999542236328 31.489999771118164 AB 10.132021289275288 1.0665285567658198
61792.2307 lsst_hardware_i -75.85276108313947 29.969999313354492 31.25 AB 9.820207623592767 1.033706065641344
61794.2145 lsst_hardware_z 55.926942208711594 40.83000183105469 30.950000762939453 AB 10.427346161385321 1.0515677855370351
61794.2324 lsst_hardware_i 9.074901057740641 29.780000686645508 31.25 AB 10.309272882792868 1.0240660457726025
61796.2126 lsst_hardware_u 0.6954564134852267 2.5999999046325684 28.389999389648438 AB 14.728656014322032 1.045178542032503
61796.2309 lsst_hardware_g -23.076319019475303 13.420000076293945 31.40999984741211 AB 14.342551042960489 1.0194797628006176
61798.1126 lsst_hardware_r -5.9607374213241995 23.520000457763672 31.40999984741211 AB 17.824304803648136 1.4446672721387694
61798.1304 lsst_hardware_u -2.700515643925463 2.450000047683716 28.15999984741211 AB 15.61630639904679 1.3197622175091717
61800.1119 lsst_hardware_g 8.83813206055687 13.609999656677246 31.280000686645508 AB 17.947882697929476 1.4078242978033892
61800.1313 lsst_hardware_r -13.450146885740676 23.219999313354492 31.440000534057617 AB 15.404442962366707 1.2827415240541848
61802.1127 lsst_hardware_i 22.815363256833173 32.720001220703125 31.209999084472656 AB 10.38391915421665 1.3633452575614327
61802.1306 lsst_hardware_z 49.803241909393336 43.83000183105469 30.93000030517578 AB 10.611898235995058 1.2572594320235837
61804.1162 lsst_hardware_r -2.7450790973002257 26.479999542236328 31.469999313354492 AB 9.513253743089225 1.306660923656194
61804.1336 lsst_hardware_z 13.776640193456721 43.900001525878906 30.93000030517578 AB 9.119556953778874 1.2162247129368686
61806.1094 lsst_hardware_z 41.530478748841915 47.95000076293945 30.920000076293945 AB 8.136816374826752 1.3146515039035092
61806.1293 lsst_hardware_i 51.241745239383036 38.279998779296875 31.25 AB 7.700689084576294 1.2109905778544356
61811.1203 lsst_hardware_y -4.274517125527188 84.61000061035156 30.760000228881836 AB 4.203403847616371 1.1909065322015233
61813.1079 lsst_hardware_r 1.0716246449047875 107.16000366210938 31.6200008392334 AB 5.516015539684889 1.2213932626530366
61813.1272 lsst_hardware_i -21.31334790667215 85.26000213623047 31.31999969482422 AB 4.581539426594497 1.143954913007365
61815.1146 lsst_hardware_z 11.06998573200999 57.04999923706055 30.969999313354492 AB 3.7296186377952893 1.1699846718830802
61815.1349 lsst_hardware_r -35.189995405856365 64.66000366210938 31.6299991607666 AB 2.068133582459965 1.1030045773119814
61817.1108 lsst_hardware_u -0.8898534468573366 2.640000104904175 28.350000381469727 AB 3.617273582633517 1.1636717331939896
61817.1288 lsst_hardware_r -5.054142468036902 31.200000762939453 31.559999465942383 AB 3.8097130092803395 1.1047983593853088
61819.1067 lsst_hardware_i -1.6761784596788512 31.360000610351562 31.239999771118164 AB 6.310989657731511 1.158617524826804
61819.1262 lsst_hardware_z 0.6731525080656499 41.880001068115234 30.950000762939453 AB 6.2092844939024046 1.096917529249041
61821.1058 lsst_hardware_r -28.31758613477752 23.040000915527344 31.489999771118164 AB 3.6513086987889682 1.1424322578538306
61821.1261 lsst_hardware_u 2.3772636411233066 2.799999952316284 28.520000457763672 AB 4.221991996098253 1.0831406510567405
61823.1127 lsst_hardware_g -1.5377652692050365 13.819999694824219 31.40999984741211 AB 6.761744333994735 1.1040033199713704
61823.1306 lsst_hardware_r -3.3966908241662432 22.649999618530273 31.5 AB 6.913186366321819 1.0607791879785413
61827.1116 lsst_hardware_r 9.193301263048404 22.75 31.479999542236328 AB 6.156463648930935 1.0785990566643973
61827.1314 lsst_hardware_g -12.672156395243924 13.75 31.40999984741211 AB 5.6774619849413925 1.039447452387659
61829.1052 lsst_hardware_r -17.74009112199858 22.65999984741211 31.489999771118164 AB 5.595808746449165 1.0808457668548292
61829.1256 lsst_hardware_i 19.09896706788131 30.190000534057617 31.239999771118164 AB 6.342918141784863 1.0399931368724156
61831.1038 lsst_hardware_z -35.243771862374 41.31999969482422 30.940000534057617 AB 3.148478368888673 1.071396904113659
61831.1234 lsst_hardware_i -13.13324310525736 30.1200008392334 31.239999771118164 AB 3.093366100026087 1.0349167280114042
61833.1064 lsst_hardware_z -51.79188125683713 41.4900016784668 30.940000534057617 AB 4.802757174980851 1.0546238855908643
61833.1278 lsst_hardware_g -1.9839228756025498 13.770000457763672 31.420000076293945 AB 5.6010112540833505 1.0218181894735272
61835.0142 lsst_hardware_y -81.41670359745792 104.63999938964844 30.670000076293945 AB 7.334135016329083 1.4240117176226295
61837.003 lsst_hardware_z -84.71733529623044 80.16999816894531 30.940000534057617 AB 11.575715448404097 1.4703055313608657
61837.0223 lsst_hardware_r 4.726435055868691 56.0 31.56999969482422 AB 10.693735094281609 1.3297357739717974
61839.0013 lsst_hardware_y -33.11343663287705 91.5 29.93000030517578 AB 14.856548274781554 1.4394950204878378
61839.0211 lsst_hardware_z 3.9823509618079864 68.2300033569336 30.950000762939453 AB 13.434981189648187 1.3039240248117878
61841.0005 lsst_hardware_y -46.892437110138026 88.94000244140625 29.940000534057617 AB 10.294826206414264 1.403760178137303
61841.0212 lsst_hardware_z -91.66078763355532 86.70999908447266 30.969999313354492 AB 9.415925207413023 1.2726372978426117
61843.9988 lsst_hardware_y 163.1336027451696 74.51000213623047 29.959999084472656 AB 12.510453026992792 1.3581096103122265
61844.019 lsst_hardware_i -1.4964040243049677 32.06999969482422 31.219999313354492 AB 11.76108226421981 1.2417256671451844
61847.9935 lsst_hardware_y -41.13931581520305 82.55000305175781 29.959999084472656 AB 7.512713122134529 1.322078860032473
61848.0105 lsst_hardware_g -7.798941903350849 14.4399995803833 31.360000610351562 AB 8.44453695842471 1.2299959155814608
61849.9927 lsst_hardware_z -93.1968172801533 66.48999786376953 30.950000762939453 AB 5.200015182618285 1.294448454371245
61850.0121 lsst_hardware_i -5.497670266156591 31.84000015258789 31.219999313354492 AB 4.402148839184888 1.1981353157227923
61851.9924 lsst_hardware_y 87.8051792096784 67.48999786376953 29.989999771118164 AB 7.2046745353008514 1.2660325150992657
61852.0104 lsst_hardware_r -30.853256649665795 23.1200008392334 31.469999313354492 AB 7.250292854368244 1.1824985627435431
61853.9902 lsst_hardware_y 57.61202072851601 69.86000061035156 29.989999771118164 AB 11.196392117025106 1.2491790825644289
61854.0099 lsst_hardware_r -21.725792503018805 23.139999389648438 31.469999313354492 AB 9.683581395093464 1.163192960371631
61855.9889 lsst_hardware_y 104.56871917524157 67.4000015258789 29.989999771118164 AB 7.495899749730786 1.2288360245460306
61856.0072 lsst_hardware_z 1.362049160574781 42.970001220703125 30.940000534057617 AB 6.33860336714565 1.1530673438702883
61857.9868 lsst_hardware_y 4.234565518573313 70.26000213623047 30.0 AB 9.065011449568962 1.2133057173510366
61858.0048 lsst_hardware_u 2.6351244920310366 2.6600000858306885 28.329999923706055 AB 7.425183307632802 1.1423358934819696
61859.9861 lsst_hardware_y -131.5294193273665 68.26000213623047 30.010000228881836 AB 11.231376437923672 1.1926070016376686
61860.0048 lsst_hardware_r 2.651297050240496 22.8799991607666 31.469999313354492 AB 6.698194679968916 1.1244241530919883
61861.9918 lsst_hardware_z 94.37584315647663 75.08999633789062 31.700000762939453 AB 8.911997214617948 1.1495642972741629
61863.9839 lsst_hardware_y 46.01014607892624 89.45999908447266 30.770000457763672 AB 7.2003124666937435 1.158351426430768
61864.0044 lsst_hardware_g 33.581953609995445 42.06999969482422 32.380001068115234 AB 5.579704745315681 1.0940597539834669
61865.9835 lsst_hardware_y 86.38296110403867 61.84000015258789 30.030000686645508 AB 9.576037657424134 1.1404796828945554
61866.0013 lsst_hardware_i -47.36766571214211 51.27000045776367 31.309999465942383 AB 8.812379388798163 1.0879480726911313
61867.9805 lsst_hardware_y -16.86349471569426 70.04000091552734 30.040000915527344 AB 9.940058691013594 1.1322863381476398
61867.999 lsst_hardware_i 58.21536570116084 72.8499984741211 31.329999923706055 AB 9.448317305834077 1.0801471669192024
61871.9789 lsst_hardware_y -27.765916463491987 60.790000915527344 30.049999237060547 AB 5.992234629114718 1.1040166976198584
61871.9958 lsst_hardware_g -81.07593126587233 55.7599983215332 31.719999313354492 AB 5.744627775891267 1.0628522380964123
61873.9773 lsst_hardware_y -104.24180187875923 58.34000015258789 30.049999237060547 AB 5.316134021408548 1.093517231596945
61873.9948 lsst_hardware_i -8.144182546692779 30.530000686645508 31.260000228881836 AB 5.1248290446750975 1.0539494179280406
61877.9759 lsst_hardware_y 69.98052228772272 54.93000030517578 30.049999237060547 AB 12.02648725307743 1.0704245346634413
61877.9958 lsst_hardware_r -9.325412208470928 22.1299991607666 31.489999771118164 AB 11.666962009164438 1.033823974583145
61879.976 lsst_hardware_y 92.80989509156461 52.040000915527344 30.040000915527344 AB 9.564425295132967 1.0586752715713723
61879.9967 lsst_hardware_z -46.25138552614504 40.65999984741211 30.950000762939453 AB 9.07501791620086 1.0251554674324126
61882.9741 lsst_hardware_y -1.9744606565422278 50.63999938964844 30.049999237060547 AB 6.8208231966790365 1.0468342758498548
61882.9933 lsst_hardware_u -2.3808024529990015 2.5399999618530273 28.34000015258789 AB 6.634945181713771 1.0195321302605227
