data/validation/pwv_sim_epoch_fit_epoch/52706996.ecsv
# %ECSV 0.9
# ---
# datatype:
# - {name: time, datatype: float64}
# - {name: band, datatype: string}
# - {name: flux, datatype: float64}
# - {name: fluxerr, datatype: float64}
# - {name: zp, datatype: float64}
# - {name: zpsys, datatype: string}
# - {name: pwv, datatype: float64}
# - {name: airmass, datatype: float64}
# meta: {SNID: '52706996', alt: 1024.0, c: 0.04360899329185486, dec: -3.134927, lat: -30.244573, lon: -70.7499537, ra: 169.804688, t0: 61090.98046875,
#   x0: 3.968517150621644e-06, x1: 0.45006516575813293, z: 0.6744749546051025}
# schema: astropy-2.0
time band flux fluxerr zp zpsys pwv airmass
61055.3532 lsst_hardware_i -17.937184267947 32.849998474121094 31.239999771118164 AB 6.027574328020064 1.1221746918245123
61057.3569 lsst_hardware_g -1.499990353010098 16.809999465942383 31.459999084472656 AB 2.5878645539961385 1.1251585017374517
61061.319 lsst_hardware_z 87.74125792190871 42.85211762043176 30.940000534057617 AB 13.51711300054242 1.1267547201719148
61061.3391 lsst_hardware_u -0.09658388088105116 2.840567153644104 28.440000534057617 AB 12.60501587591927 1.122574589673986
61063.3201 lsst_hardware_g -14.588582123804892 15.288186462765372 31.43000030517578 AB 10.132911952353245 1.1234657349789243
61063.3396 lsst_hardware_r -7.817878582188675 24.50308738295434 31.489999771118164 AB 10.583626299157963 1.1246912992915201
61065.3211 lsst_hardware_i 102.16114157730904 33.22653046211535 31.229999542236328 AB 10.996116867241996 1.1220527415553057
61065.3409 lsst_hardware_z 43.64872373018528 43.85766490277101 30.940000534057617 AB 10.980173084551295 1.1289698998767503
61067.28 lsst_hardware_u 0.10525089856782857 2.815311401009442 28.31999969482422 AB 13.259111926729206 1.1529328361551148
61067.2981 lsst_hardware_g 3.0733347244845017 15.993282122694422 31.43000030517578 AB 13.341033002405746 1.130117153952207
61072.2979 lsst_hardware_z 838.1718975909712 102.64845081547631 31.729999542236328 AB 11.12178898251762 1.1227325845464815
61074.2965 lsst_hardware_r 669.7366551701843 133.69800941141713 31.639999389648438 AB 10.55792721416615 1.1220497597285881
61074.3145 lsst_hardware_i 583.2105343496518 108.14946560685144 31.329999923706055 AB 10.646879820068913 1.1276085384525432
61076.2964 lsst_hardware_z 607.8822702469087 86.56131118318635 30.989999771118164 AB 7.420234875171301 1.1222375794269965
61076.3154 lsst_hardware_r 864.5584627937612 118.18545637890492 31.639999389648438 AB 7.436044323306405 1.1329676470248546
61078.3014 lsst_hardware_z 1356.1847852177934 85.85211623676533 31.709999084472656 AB 4.324545490626376 1.1261837215172854
61080.2452 lsst_hardware_r 1087.3261649304766 49.68487331655967 31.56999969482422 AB 6.122605382123093 1.1517677470681418
61080.2631 lsst_hardware_z 719.8489085018784 52.68829466990579 30.950000762939453 AB 5.959448968129213 1.1296998186112912
61084.2716 lsst_hardware_g 243.60562792956418 21.675188062885272 31.43000030517578 AB 5.954143426869543 1.121976714337403
61084.2894 lsst_hardware_r 1193.0974448884429 42.19346838834406 31.489999771118164 AB 5.9914534800594 1.1292555406281461
61088.2695 lsst_hardware_r 1327.296896896372 42.45282992401698 31.5 AB 4.931866646577483 1.1238587117153398
61088.2869 lsst_hardware_u -2.2309385034848264 2.829129982521979 28.3799991607666 AB 5.0925462957825 1.1375754942179988
61092.2699 lsst_hardware_z 957.9070909772621 52.321116248839935 30.940000534057617 AB 5.7816091254125315 1.13124587485652
61092.2867 lsst_hardware_r 1116.7723413793747 41.668192800497664 31.489999771118164 AB 6.062479900897281 1.1529280318663608
61096.2232 lsst_hardware_g 120.03298174846506 19.26762756677272 31.43000030517578 AB 9.657503123864982 1.126896513869893
61096.2405 lsst_hardware_r 986.9424982728361 40.008090084082 31.489999771118164 AB 9.57172841641267 1.1220704439696383
61097.1156 lsst_hardware_i 2267.6637622358826 78.36750041170102 31.959999084472656 AB 8.71997641580464 1.5233839041135504
61097.1247 lsst_hardware_z 958.7035593246941 58.44557375136562 30.920000076293945 AB 8.273846876558265 1.4507461135436266
61099.2478 lsst_hardware_r 1036.282730971806 67.8810592515422 31.6200008392334 AB 5.951955268779369 1.1287428801199872
61099.2664 lsst_hardware_z 863.5484512254242 60.24534922722071 30.959999084472656 AB 6.266549654792449 1.150951938556223
61101.2364 lsst_hardware_z 740.7445584332077 91.19047226463312 30.979999542236328 AB 3.5788307527433267 1.1249467998983633
61101.2542 lsst_hardware_i 1017.6566391762477 107.44176743373137 31.31999969482422 AB 3.991384761035715 1.1410476732520627
61107.2337 lsst_hardware_r 666.030413764217 66.13274648931653 31.6200008392334 AB 12.24687207138774 1.136047129833514
61107.2511 lsst_hardware_i 879.5542147455142 60.762194185681665 31.290000915527344 AB 11.51058519960463 1.1626853736974374
61109.2013 lsst_hardware_i 876.4115459142274 48.154608329555444 31.280000686645508 AB 12.229921868756565 1.1220111806198683
61109.2198 lsst_hardware_z 709.0339189537193 52.99888833945274 30.950000762939453 AB 11.371463842710364 1.1282146846839551
61111.2024 lsst_hardware_r 455.76792964798904 35.28211980240224 31.530000686645508 AB 8.95596735295689 1.1225126719254181
61111.2203 lsst_hardware_u 1.9111347093316162 3.8246697262277247 28.649999618530273 AB 8.387252152435458 1.1334124530318186
61113.2014 lsst_hardware_g 32.92093228578378 17.133371884260264 31.450000762939453 AB 12.56537290605223 1.123915286766747
61113.221 lsst_hardware_i 676.4987506266813 40.91059588971573 31.239999771118164 AB 12.795592163054668 1.1404779324439296
61114.2016 lsst_hardware_z 548.5332010432284 49.18953093966888 30.940000534057617 AB 11.622548691122027 1.125307280082845
61114.2202 lsst_hardware_r 414.36243421116257 31.571594336248275 31.489999771118164 AB 10.576105175492481 1.1430537882185683
61116.2015 lsst_hardware_u -2.0353512729417513 2.8203971301924007 28.3799991607666 AB 9.66972927660301 1.1288280572721834
61116.2196 lsst_hardware_g 37.48535251094396 16.80649397573627 31.420000076293945 AB 9.504265246418571 1.1503240940928297
61118.1939 lsst_hardware_r 210.7672333697493 29.921894146518422 31.5 AB 7.141261416848681 1.1272709418861604
61118.2134 lsst_hardware_i 378.35470955883704 39.00018543634556 31.239999771118164 AB 7.739778481769264 1.1491449436574996
61120.1939 lsst_hardware_z 465.64417525208125 47.98205224864584 30.940000534057617 AB 5.99773761919032 1.1316486073944
61120.2132 lsst_hardware_r 231.11364671814087 29.22812760299915 31.489999771118164 AB 6.585836598814797 1.1581189798619222
61122.1923 lsst_hardware_u -2.4915803037172073 2.8458014890266314 28.399999618530273 AB 7.762058828595229 1.135550995332502
61122.2128 lsst_hardware_r 234.56690593186872 28.782567796289747 31.489999771118164 AB 7.500432871282821 1.1680642976496367
61124.176 lsst_hardware_i 335.76283852171207 36.81796463228897 31.229999542236328 AB 7.817375023709454 1.1262876730041445
61124.1938 lsst_hardware_z 463.16406969508097 47.226356447473634 30.93000030517578 AB 7.9587360297064444 1.1443186239692946
61126.1754 lsst_hardware_r 162.37347383724227 40.02958398961665 31.56999969482422 AB 7.608017407983944 1.129791714877348
61126.1937 lsst_hardware_z 460.71982266570814 50.41638283817595 30.940000534057617 AB 7.743783068605859 1.1526345425858564
61130.1709 lsst_hardware_i 289.31584826711793 118.5621893113552 31.31999969482422 AB 5.2840110940485925 1.1360410844501139
61130.1886 lsst_hardware_z 317.887779729497 102.94399528625272 30.979999542236328 AB 5.566721379558733 1.1632678546748327
61133.1737 lsst_hardware_r 198.3523150322131 122.35817610628102 31.6299991607666 AB 7.3129489569816695 1.151162077392434
61133.1923 lsst_hardware_z 294.87821079799954 84.53550589294922 30.969999313354492 AB 7.585818090508785 1.1904924812474167
61135.1416 lsst_hardware_z 346.2483497645035 59.17297462770851 30.959999084472656 AB 7.886531828476608 1.1240246798151847
61137.1416 lsst_hardware_i 167.73472958905768 46.119024230177025 31.290000915527344 AB 11.419365870083174 1.126985249366719
61137.1592 lsst_hardware_z 319.9722471477239 51.041562943683815 30.950000762939453 AB 11.68446430453365 1.1456105926400728
61139.1389 lsst_hardware_r 40.882533897466686 31.640332107657326 31.540000915527344 AB 7.8577065317756825 1.1289808235309888
61139.1566 lsst_hardware_u 8.842356485489622 4.5415680023474945 28.709999084472656 AB 7.871742277234726 1.1499988717654823
61142.128 lsst_hardware_g 2.450424892208328 15.699145251425755 31.450000762939453 AB 7.100222028456444 1.127019369596261
61142.1451 lsst_hardware_r 75.30731943328077 26.27042438805713 31.510000228881836 AB 7.213240347703394 1.1449587853497452
61148.1206 lsst_hardware_r 97.2136409960024 25.771151419974064 31.5 AB 12.823038356273985 1.1347821554224764
61148.1385 lsst_hardware_g 8.926377613902076 15.438813868001365 31.420000076293945 AB 13.643493848182635 1.1614119954755096
61152.1194 lsst_hardware_z 261.72642178307393 45.069051550561504 30.940000534057617 AB 10.381110083326591 1.147337542365892
61152.1361 lsst_hardware_i 158.65891157348472 34.229243967692035 31.239999771118164 AB 12.023313356550798 1.1797103889470208
61154.1144 lsst_hardware_z 160.13891910734037 47.60173189803728 30.940000534057617 AB 10.371425623340548 1.148043571323948
61154.134 lsst_hardware_g 1.0632516956992146 25.280779628318903 31.549999237060547 AB 11.40395928675207 1.1880052386126072
61156.0838 lsst_hardware_y 14.86545541996817 55.37145537130288 30.020000457763672 AB 11.013570657165975 1.1238337405271401
61156.1014 lsst_hardware_r 219.27166996649865 73.63991756753965 31.6200008392334 AB 11.150056598459368 1.137760877393813
61160.0805 lsst_hardware_r -115.12143425100291 117.98747301204672 31.639999389648438 AB 12.015535097860939 1.1281751197083938
61160.0981 lsst_hardware_z -43.85441523409753 81.73552692411198 30.979999542236328 AB 12.10461110591289 1.148172739474782
61162.0377 lsst_hardware_r 73.05751666415757 100.57831933234318 31.639999389648438 AB 9.943272062471463 1.1309775712993957
61162.0552 lsst_hardware_i 99.00017475284182 79.70238095379075 31.31999969482422 AB 9.42596155059998 1.122138279833331
61164.0787 lsst_hardware_z 102.12458228688203 56.76078499671778 30.969999313354492 AB 12.4789967040311 1.1367622175961285
61164.0961 lsst_hardware_i 74.47928408254917 58.76774133620551 31.299999237060547 AB 13.838599876550376 1.1639345537280805
61167.0774 lsst_hardware_u -3.0549789844193684 4.154748645900604 28.68000030517578 AB 7.1777353040328435 1.1457794403436576
61167.097 lsst_hardware_g 29.873576983324476 31.513767879278685 31.600000381469727 AB 7.851368914528398 1.184218539144527
61171.0777 lsst_hardware_z 99.46648241848237 44.928789572321925 30.940000534057617 AB 8.91070431421554 1.1653692089868288
61171.0967 lsst_hardware_u 1.85438173860104 2.7673687925364208 28.360000610351562 AB 9.408153264698951 1.2137986407816992
61174.0031 lsst_hardware_r 68.68372804005702 35.99076148123631 32.2400016784668 AB 6.655573087825755 1.1326867730412142
61174.0236 lsst_hardware_g 23.282796059613098 22.08756321075731 32.189998626708984 AB 6.616850903433199 1.1220231300069012
61176.0004 lsst_hardware_r 9.91787680519449 24.799999237060547 31.5 AB 5.933967778490658 1.1301719414323363
61176.0209 lsst_hardware_i -26.115296987723195 32.290000915527344 31.239999771118164 AB 5.874980238935424 1.1219823803171352
61180.001 lsst_hardware_u 2.2851381843932916 2.7799999713897705 28.399999618530273 AB 7.849943437081825 1.1233194357721612
61180.0217 lsst_hardware_g 17.713463201608146 15.75 31.440000534057617 AB 7.850379752854284 1.125475580443128
61183.003 lsst_hardware_z 139.48796537853605 67.01000213623047 31.709999084472656 AB 1.4010894242955592 1.1220684124100564
61185.9622 lsst_hardware_y -164.76392130152024 60.63999938964844 30.030000686645508 AB 6.617028571318748 1.142114131175185
61185.9814 lsst_hardware_z 9.82298540874246 69.0 30.979999542236328 AB 6.462228524585091 1.1246481943239135
61187.9616 lsst_hardware_y 131.12418609229775 59.13999938964844 30.030000686645508 AB 7.297834594478781 1.1361149831834327
61187.9811 lsst_hardware_i -79.11733578745635 69.16999816894531 31.309999465942383 AB 7.193649496952965 1.1227358846545654
61194.9494 lsst_hardware_y -11.598556676307185 70.29000091552734 30.040000915527344 AB 13.101541762223501 1.129443255364095
61194.9523 lsst_hardware_g -33.179476289708326 31.049999237060547 31.6200008392334 AB 13.07646818688863 1.1272817402490198
61196.9548 lsst_hardware_y -31.762557944138628 57.27000045776367 30.020000457763672 AB 5.519637852168865 1.1232474261637901
61196.9743 lsst_hardware_i -5.362786909199071 32.9900016784668 31.239999771118164 AB 4.837315680335148 1.1249571349616623
61415.3391 lsst_hardware_r 16.123343480992695 24.649999618530273 31.489999771118164 AB 7.733398344664895 1.1360671367918456
61415.3577 lsst_hardware_y -102.685928288882 54.119998931884766 30.030000686645508 AB 7.644947549873968 1.1229496370461793
61418.3561 lsst_hardware_z 88.40080468486889 70.55999755859375 31.709999084472656 AB 4.706675020801917 1.1219280173537602
61420.3547 lsst_hardware_g 9.373672218253148 16.420000076293945 31.459999084472656 AB 6.052191074448878 1.1222308686165172
61424.3498 lsst_hardware_i -45.464850963565176 32.41999816894531 31.25 AB 6.921152598131525 1.123989487056492
61424.3692 lsst_hardware_y -121.26806538579088 60.880001068115234 30.030000686645508 AB 7.013112340045943 1.14052892178337
61426.349 lsst_hardware_g -41.4156978957472 45.720001220703125 31.670000076293945 AB 12.69527707111959 1.1264331493702895
61426.3682 lsst_hardware_y 151.5321220231485 55.06999969482422 30.020000457763672 AB 12.906410446995128 1.1467607908122697
61428.3177 lsst_hardware_r 164.77527021262114 112.62999725341797 31.639999389648438 AB 10.132154743717406 1.124722319682237
61428.3384 lsst_hardware_i -74.7891944354017 89.06999969482422 31.31999969482422 AB 10.669533226191142 1.1237889486995962
61430.3262 lsst_hardware_z -200.42192283706075 116.4800033569336 31.739999771118164 AB 10.996198594152318 1.1220610810359508
61432.323 lsst_hardware_r -147.2376071399529 74.9800033569336 31.639999389648438 AB 13.33098938244313 1.1224205929479776
61432.3409 lsst_hardware_i -37.420181372419144 64.43000030517578 31.31999969482422 AB 12.413360720386107 1.133140080060805
61434.3183 lsst_hardware_z -10.526887804207215 46.540000915527344 30.959999084472656 AB 12.451960173702552 1.122590432320336
61434.3352 lsst_hardware_r 83.27537593469245 38.88999938964844 31.59000015258789 AB 13.078879038034055 1.1329017826282857
61436.3243 lsst_hardware_z -2.676722893168457 43.54999923706055 30.950000762939453 AB 12.126257499458854 1.1282076151428237
61436.3416 lsst_hardware_g 38.63235578308517 19.729999542236328 31.520000457763672 AB 13.24682490905297 1.1478222175509896
61438.2977 lsst_hardware_g 16.615559880438738 15.710000038146973 31.459999084472656 AB 9.414957706801042 1.1222756777750322
61438.3158 lsst_hardware_r 6.212365686370549 24.899999618530273 31.510000228881836 AB 9.398715067368098 1.1261565732243353
61440.2962 lsst_hardware_i -3.600139793835304 32.22999954223633 31.260000228881836 AB 8.749528396519667 1.1219142037531322
61440.3162 lsst_hardware_r -9.405431312207671 24.56999969482422 31.510000228881836 AB 8.814396975431231 1.1304736141204046
61442.2899 lsst_hardware_u 0.40177630904144157 2.9200000762939453 28.530000686645508 AB 4.343003245341739 1.1219331556036978
61442.3083 lsst_hardware_g -4.271007655658589 15.380000114440918 31.450000762939453 AB 3.661104093694838 1.128490126745731
61443.2887 lsst_hardware_r 15.391980807134535 24.360000610351562 31.510000228881836 AB 4.8007858237263195 1.121919217213886
61443.3069 lsst_hardware_i -5.75992705648148 32.099998474121094 31.25 AB 4.127331184745551 1.1295378173906818
61445.2442 lsst_hardware_z 37.121959582926635 43.18000030517578 30.950000762939453 AB 6.178172890617293 1.1545828612628037
61445.2627 lsst_hardware_r -10.220666475743112 24.3799991607666 31.5 AB 5.982680602784014 1.1305675065496346
61447.2718 lsst_hardware_u 5.038128605288987 2.7899999618530273 28.43000030517578 AB 4.136481754643509 1.1225441791022397
61447.2885 lsst_hardware_g -25.043117278382077 15.239999771118164 31.43000030517578 AB 4.147927962261879 1.1246584921854252
61450.2776 lsst_hardware_r 17.373994687546478 24.469999313354492 31.489999771118164 AB 3.7828065549490617 1.1234946703145416
61450.2953 lsst_hardware_z -97.71179647277617 43.20000076293945 30.940000534057617 AB 3.0780901316229343 1.136945382278848
61452.2281 lsst_hardware_r 7.735354382990892 24.649999618530273 31.489999771118164 AB 4.61751811191768 1.1495657215205193
61452.2461 lsst_hardware_u 0.2759522704829531 2.7799999713897705 28.420000076293945 AB 4.306131684076744 1.1285151501216653
