data/validation/pwv_sim_epoch_fit_epoch/52763090.ecsv
# %ECSV 0.9
# ---
# datatype:
# - {name: time, datatype: float64}
# - {name: band, datatype: string}
# - {name: flux, datatype: float64}
# - {name: fluxerr, datatype: float64}
# - {name: zp, datatype: float64}
# - {name: zpsys, datatype: string}
# - {name: pwv, datatype: float64}
# - {name: airmass, datatype: float64}
# meta: {SNID: '52763090', alt: 1024.0, c: -0.06358195096254349, dec: 3.433834, lat: -30.244573, lon: -70.7499537, ra: 76.640625, t0: 62519.4296875,
#   x0: 9.148779712931876e-06, x1: 0.5099367499351501, z: 0.47738146781921387}
# schema: astropy-2.0
time band flux fluxerr zp zpsys pwv airmass
62405.3715 lsst_hardware_z -53.09892756950978 62.810001373291016 30.959999084472656 AB 5.086709763522456 1.2164069500860777
62405.39 lsst_hardware_y -97.60174294314629 59.22999954223633 30.010000228881836 AB 3.8518326552393916 1.2029458635974835
62408.3585 lsst_hardware_z 9.652813666131202 57.31999969482422 30.959999084472656 AB 8.465414695676781 1.222795709327861
62408.3783 lsst_hardware_y -33.7941520763995 53.7599983215332 30.0 AB 8.473370206872286 1.204173880654659
62410.3642 lsst_hardware_r 20.160876398745454 36.86000061035156 31.559999465942383 AB 5.050822392634909 1.209826115046856
62410.3857 lsst_hardware_y -82.38959908464805 53.93000030517578 30.0 AB 5.031901992299385 1.2026534398421096
62412.3742 lsst_hardware_z 124.17624429637837 65.33000183105469 31.690000534057617 AB 3.486807565779347 1.202347436475637
62415.3656 lsst_hardware_g -22.67355091834064 14.640000343322754 31.389999389648438 AB 7.430281788092511 1.2023920363711507
62415.385 lsst_hardware_y 140.4808118971669 60.560001373291016 30.0 AB 6.8985843449823525 1.2094292329912961
62417.3607 lsst_hardware_i 8.271273509709875 32.2400016784668 31.229999542236328 AB 5.27583541126042 1.2023325914447185
62417.3787 lsst_hardware_y 69.77735934474823 52.599998474121094 29.989999771118164 AB 4.83845922297407 1.2087334376119254
62421.3614 lsst_hardware_g -16.829003188229752 14.569999694824219 31.3799991607666 AB 6.691233699355101 1.2046148042525986
62421.3801 lsst_hardware_y 10.890167412054604 62.650001525878906 30.0 AB 7.258107196425208 1.222589645663988
62428.318 lsst_hardware_z 27.32381456690997 50.34000015258789 30.940000534057617 AB 4.588410580845984 1.20747646864368
62428.3359 lsst_hardware_r -2.839931791591822 40.470001220703125 31.56999969482422 AB 4.623126943986025 1.2025300933765186
62436.3152 lsst_hardware_i -56.53661638947003 70.73999786376953 31.299999237060547 AB 3.761903339679335 1.2027506481270354
62436.3315 lsst_hardware_r 29.176576525636317 83.12999725341797 31.6200008392334 AB 3.823244586134983 1.2130545208645935
62439.318 lsst_hardware_z 3.1185005837071733 46.790000915527344 30.940000534057617 AB 5.411334453960749 1.2082242710490927
62439.3349 lsst_hardware_g -54.12344510118434 32.70000076293945 31.600000381469727 AB 5.949048250129124 1.2287190878064644
62441.3107 lsst_hardware_g -10.887430444978646 17.110000610351562 31.43000030517578 AB 6.570284112283808 1.206885399023477
62441.3301 lsst_hardware_r 4.313249386976681 25.8700008392334 31.469999313354492 AB 6.67387332818025 1.2298292373796529
62450.2706 lsst_hardware_r -4.603527030234599 23.84000015258789 31.469999313354492 AB 11.475173627365452 1.20232326489466
62450.2903 lsst_hardware_i 9.864768547646456 32.27000045776367 31.229999542236328 AB 11.564118886871128 1.2101633089949728
62452.2717 lsst_hardware_z -22.65129992328536 43.650001525878906 30.93000030517578 AB 4.9314267488224575 1.2027870119079165
62452.2896 lsst_hardware_i -13.781125836422458 32.2400016784668 31.219999313354492 AB 4.981484403594962 1.2149961959987714
62455.2695 lsst_hardware_z -8.403565121199021 43.83000183105469 30.93000030517578 AB 5.6112311503526735 1.205075055555732
62455.2876 lsst_hardware_g 20.556089164242913 14.579999923706055 31.3799991607666 AB 5.657845095237965 1.2230534144483278
62457.2582 lsst_hardware_y -18.54860939785011 51.189998626708984 30.0 AB 4.846566101186172 1.2028208391428905
62457.2772 lsst_hardware_r 10.266573896322557 45.52000045776367 31.579999923706055 AB 4.871920518500566 1.2164595551811652
62467.1815 lsst_hardware_i 38.89464227980653 40.779998779296875 31.25 AB 4.49369781084599 1.2530352905809663
62467.2021 lsst_hardware_z -33.61151288504981 49.0 30.940000534057617 AB 4.3324250723655915 1.216546176866435
62472.2219 lsst_hardware_r 9.464277233765099 24.239999771118164 31.469999313354492 AB 7.588174434918613 1.204472132526764
62472.2417 lsst_hardware_u 2.7593876412514122 2.640000104904175 28.290000915527344 AB 7.70998220646865 1.2238066994394683
62474.1098 lsst_hardware_g -3.728045184517509 14.729999542236328 31.299999237060547 AB 3.85002056468148 1.4807771402621077
62474.1195 lsst_hardware_r 37.09525736119773 24.8700008392334 31.43000030517578 AB 3.6918361189665987 1.4199369688333072
62476.2253 lsst_hardware_i -25.888634553720095 32.810001373291016 31.229999542236328 AB 6.542819303172608 1.2164200424211216
62476.2449 lsst_hardware_z 1.044715107572945 44.7400016784668 30.93000030517578 AB 6.669052540220968 1.2504668898365854
62478.2207 lsst_hardware_r 7.039580049348103 24.040000915527344 31.479999542236328 AB 6.179897388303288 1.2174738747645388
62478.2395 lsst_hardware_g 6.644759914912241 14.65999984741211 31.3799991607666 AB 6.483138746333146 1.2506054680429588
62480.1904 lsst_hardware_u -0.28088038301550994 2.740000009536743 28.3799991607666 AB 11.648567833184503 1.2022259740107033
62480.2095 lsst_hardware_r -14.20959485110615 24.31999969482422 31.479999542236328 AB 11.376930009933563 1.211170689489077
62482.1904 lsst_hardware_i -22.852472776552393 32.27000045776367 31.229999542236328 AB 15.27714273076868 1.202924624469975
62482.2089 lsst_hardware_z 33.86547904514546 43.720001220703125 30.93000030517578 AB 15.307131026334229 1.2163962989776387
62484.1887 lsst_hardware_r 52.65159969854859 34.7400016784668 31.549999237060547 AB 9.1524172436458 1.2042654267955
62484.2066 lsst_hardware_z 44.572056653713965 46.45000076293945 30.93000030517578 AB 9.275473470380852 1.220457035576428
62488.1496 lsst_hardware_i 133.4025422721057 83.05999755859375 31.299999237060547 AB 3.5910066240848955 1.21130230468078
62488.1684 lsst_hardware_z 41.718722371092646 74.33999633789062 30.969999313354492 AB 4.020035112699735 1.2022235296913182
62490.15 lsst_hardware_r 333.3447721803994 146.04494982621108 31.610000610351562 AB 3.619707020197744 1.2065690067325814
62490.1692 lsst_hardware_z 219.67528187221126 99.73439716572669 30.979999542236328 AB 4.666222447104734 1.2030997672048118
62492.1512 lsst_hardware_r 190.98452745591126 118.60757395809863 31.6200008392334 AB 4.235683735723559 1.203290756106217
62492.17 lsst_hardware_i 97.76429424775473 94.7420263999212 31.309999465942383 AB 4.355797157370611 1.2059239084636242
62496.1226 lsst_hardware_r 153.55309674114167 29.417610624364997 31.489999771118164 AB 9.135027776467798 1.2169219950889607
62496.144 lsst_hardware_u -4.497397923349949 5.374248300669481 28.719999313354492 AB 8.354716318168386 1.202420223533751
62498.1288 lsst_hardware_g 124.75133722554726 17.514894998171407 31.3799991607666 AB 7.443168357776158 1.2061527074665626
62498.1496 lsst_hardware_r 441.8570472007338 31.156795459950068 31.469999313354492 AB 7.417432171037866 1.203884304489814
62500.1248 lsst_hardware_i 440.3669873709635 38.87925979715935 31.219999313354492 AB 8.97719919840382 1.2052897847440793
62500.1445 lsst_hardware_z 324.2363827639769 47.09617358433733 30.93000030517578 AB 9.499018911739908 1.2040331559582442
62502.1284 lsst_hardware_r 1156.7941132049596 40.67233270766747 31.469999313354492 AB 8.375449418619239 1.2023214567505813
62502.1503 lsst_hardware_g 366.17122095596807 24.56750564861391 31.3700008392334 AB 8.443700416323303 1.212004265465237
62504.1281 lsst_hardware_r 1514.7012864502412 45.24987304658255 31.469999313354492 AB 4.602677510450655 1.2024498753708206
62504.1495 lsst_hardware_i 982.88229072206 44.97854653790772 31.219999313354492 AB 4.664313886943351 1.2172009099539007
62506.0878 lsst_hardware_i 1236.9170845956883 47.236336052017464 31.219999313354492 AB 12.76084149118822 1.227594179046485
62506.1072 lsst_hardware_z 886.5308951341286 52.16808199644424 30.93000030517578 AB 12.649308795512999 1.205997787660935
62508.0873 lsst_hardware_r 2398.63314372256 53.576446065754865 31.469999313354492 AB 10.711851128594196 1.2201907385485007
62508.1063 lsst_hardware_u 12.798773250711402 4.0140363760441975 28.31999969482422 AB 10.58187049240144 1.2037163567741371
62511.0856 lsst_hardware_g 1412.7749990347509 42.379008808394296 31.489999771118164 AB 10.27727016347192 1.212478414802763
62511.1068 lsst_hardware_r 2849.5643928281147 59.67407275882886 31.5 AB 10.200037702561342 1.2022321009589938
62513.0798 lsst_hardware_i 1993.5715536044193 60.245014925316156 31.260000228881836 AB 4.75730893614077 1.2128257326044178
62513.0991 lsst_hardware_z 1423.6652982868427 60.82226647937249 30.940000534057617 AB 6.715999096951657 1.2022554101414116
62515.0803 lsst_hardware_r 3664.4440672872397 87.44194580590853 31.610000610351562 AB 8.073840602027746 1.2075590744996816
62515.0989 lsst_hardware_z 1684.3322834776786 68.80077007159798 30.959999084472656 AB 8.320323635915853 1.202590619953149
62516.08 lsst_hardware_r 3637.7856891603506 103.13827198430087 31.610000610351562 AB 7.2343715779641515 1.2059295845914573
62516.0989 lsst_hardware_i 2288.100022860692 85.82389252243514 31.299999237060547 AB 6.530737877431298 1.2033050996372616
62522.0808 lsst_hardware_r 3686.4407351377567 101.09239509217926 31.610000610351562 AB 14.337003905796307 1.202810828605276
62522.1012 lsst_hardware_i 2146.5639198820622 82.36199774030194 31.290000915527344 AB 15.374078899517729 1.2182634696783616
62524.0506 lsst_hardware_z 3469.2868730213986 88.45473788289084 31.690000534057617 AB 9.144952243544791 1.2119743215883176
62526.0409 lsst_hardware_y 565.6970993217875 57.13071272716366 29.979999542236328 AB 8.13583218029642 1.2166488399720488
62526.0612 lsst_hardware_g 902.0416720805468 32.32638216441387 31.3700008392334 AB 8.44723536286825 1.2025532885817207
62528.0385 lsst_hardware_y 554.8841552152088 58.21274181380872 30.0 AB 13.295420390324058 1.213178044893078
62528.056 lsst_hardware_i 1903.5179855127628 54.3819723617854 31.229999542236328 AB 13.708564185605757 1.2025056303162944
62530.0385 lsst_hardware_y 550.5130664585013 56.287550555661085 30.0 AB 15.456952539671878 1.2081879501052784
62530.0559 lsst_hardware_i 1735.4353955810286 53.3580207660825 31.229999542236328 AB 15.25428445272067 1.2022923405449388
62532.0365 lsst_hardware_y 347.40155416556695 58.40510879958218 30.0 AB 10.263959481067591 1.2058105024505468
62532.0539 lsst_hardware_g 571.6974995807766 27.620876007495475 31.389999389648438 AB 11.025876394177072 1.2029103637548626
62534.0346 lsst_hardware_y 435.7840036758364 60.228427066675316 30.010000228881836 AB 8.121733339503749 1.2039926875777567
62534.0528 lsst_hardware_i 1727.4829994346098 51.86932300919024 31.229999542236328 AB 8.070393533193768 1.2045363482378757
62536.0345 lsst_hardware_z 1187.0535950113199 58.635184057752184 30.940000534057617 AB 10.990369163816945 1.2024473921025103
62536.0524 lsst_hardware_u 3.580932346830862 3.13947481647711 28.329999923706055 AB 11.658017959003192 1.2076154819632985
62538.0321 lsst_hardware_y 471.9750254247451 58.488294173340655 30.010000228881836 AB 6.280912904244461 1.202203637524062
62538.0507 lsst_hardware_r 1591.5547031904896 45.9784418009954 31.469999313354492 AB 5.746989093511338 1.2107420843071508
62542.0296 lsst_hardware_y 390.68930416862685 60.34985574236619 30.010000228881836 AB 3.009818380688224 1.2039273522752896
62542.0487 lsst_hardware_z 878.7164156035036 55.37149270050487 30.940000534057617 AB 3.1748110531838107 1.2210811743014656
62769.3559 lsst_hardware_u -0.8729863072793853 2.609999895095825 28.270000457763672 AB 7.409189011506995 1.249125686842619
62769.3758 lsst_hardware_y -49.19184778845955 49.29999923706055 29.989999771118164 AB 7.886938743890156 1.2153852515915022
62775.3659 lsst_hardware_g 9.325590431763233 14.619999885559082 31.399999618530273 AB 5.050423230484747 1.2089824007224454
62775.3852 lsst_hardware_y 36.31585526179362 52.2400016784668 30.010000228881836 AB 4.99439544715089 1.2024546640544467
62777.3547 lsst_hardware_i 15.218583331243726 32.459999084472656 31.229999542236328 AB 3.522173605536766 1.214542622598885
62777.3726 lsst_hardware_y -6.8907929103961285 49.54999923706055 30.0 AB 3.487859276470739 1.2027100953347376
62779.3476 lsst_hardware_g -4.185571778768147 14.59000015258789 31.389999389648438 AB 9.24497753924435 1.216444413058467
62779.3659 lsst_hardware_y -170.2972519179484 49.18000030517578 29.989999771118164 AB 9.142889679702387 1.2030117999608405
62784.3745 lsst_hardware_z -91.42331857110584 87.12000274658203 31.719999313354492 AB 3.62760205250525 1.2092006841684166
62786.3599 lsst_hardware_r -67.9915631787885 97.87999725341797 31.6200008392334 AB 6.64528917886353 1.203675021077213
62786.3789 lsst_hardware_y 27.169626566175552 68.06999969482422 30.0 AB 7.265164732505704 1.2199425835394802
62788.3227 lsst_hardware_i 65.41386808339476 81.08999633789062 31.299999237060547 AB 6.1059077856129775 1.2168414891445962
62788.3412 lsst_hardware_z -22.259373705612152 72.41999816894531 30.969999313354492 AB 6.4964487788375544 1.2030460701551027
62790.3222 lsst_hardware_i -19.97932423223306 72.4800033569336 31.299999237060547 AB 8.489307908205435 1.211431466708667
62790.3401 lsst_hardware_z -58.78976137609785 66.95999908447266 30.969999313354492 AB 8.79958943350665 1.2022939518385913
62792.3188 lsst_hardware_z 15.663396328486023 53.61000061035156 30.950000762939453 AB 7.45571251419881 1.2095575136598493
62792.3368 lsst_hardware_r 57.26655780682691 54.439998626708984 31.600000381469727 AB 7.791209883105515 1.2022698977337642
62795.3186 lsst_hardware_i 6.462587153117837 33.5099983215332 31.239999771118164 AB 2.7728603380394548 1.2043260362833783
62795.3366 lsst_hardware_r 54.19854843999115 26.959999084472656 31.510000228881836 AB 3.0199099639127343 1.2041908542218653
62797.2622 lsst_hardware_u 3.777148849526689 2.5799999237060547 28.25 AB 4.780232044202256 1.2975070013668188
62797.2786 lsst_hardware_g 14.414859989906315 14.369999885559082 31.3799991607666 AB 4.620136473616276 1.2510806201825013
62798.3463 lsst_hardware_r -4.97713636261221 23.93000030517578 31.469999313354492 AB 4.368166439202065 1.2201582232407298
62798.3601 lsst_hardware_i -25.412177864859387 33.75 31.229999542236328 AB 4.432280657348248 1.24409075337245
62800.3187 lsst_hardware_z 11.500205063360726 43.79999923706055 30.940000534057617 AB 1.6618317991065716 1.2027733166030676
62800.3366 lsst_hardware_r 14.503299188939774 23.969999313354492 31.479999542236328 AB 2.9062018092856206 1.2148826625593063
62802.3208 lsst_hardware_u 2.0067827861589187 2.7799999713897705 28.40999984741211 AB 3.406209477839966 1.2059157319392122
62802.3381 lsst_hardware_g -4.659678471845183 14.720000267028809 31.389999389648438 AB 4.070864048024177 1.2240439143123136
62816.1574 lsst_hardware_z 106.41747598018932 147.1999969482422 31.68000030517578 AB 4.536176040631654 1.6070533918156544
62816.1831 lsst_hardware_r -170.3596471689902 202.99000549316406 32.31999969482422 AB 1.0975110571121662 1.4193482794855043
62820.2347 lsst_hardware_i 32.50977377022151 61.41999816894531 31.290000915527344 AB 9.19787217154447 1.2176161201407147
62820.2524 lsst_hardware_z -60.57922162888519 59.95000076293945 30.959999084472656 AB 5.506264374199379 1.2034892900277316
62821.27 lsst_hardware_z -60.25820026130182 73.95999908447266 31.690000534057617 AB 7.200910144884737 1.206586820523582
62834.1826 lsst_hardware_z 50.11303639146546 44.75 30.93000030517578 AB 5.42882941731822 1.2402138480013036
62834.2016 lsst_hardware_i 49.86601056025238 32.83000183105469 31.229999542236328 AB 5.245802536652531 1.2118749122098869
62837.2203 lsst_hardware_z -8.193428170649106 44.119998931884766 30.93000030517578 AB 7.58220531571503 1.2035246532881
62837.2396 lsst_hardware_g 11.935045980411358 14.829999923706055 31.3799991607666 AB 7.685008032857482 1.219842544898013
62839.2204 lsst_hardware_r -25.127742296153603 38.709999084472656 31.56999969482422 AB 5.249145656877828 1.2062841909405555
62839.2386 lsst_hardware_i -57.72887639618226 39.31999969482422 31.260000228881836 AB 5.38837011548224 1.2263715767810774
62843.1802 lsst_hardware_z -78.05345373320556 85.72000122070312 30.969999313354492 AB 5.350726177122848 1.2089987408060718
62843.1988 lsst_hardware_r 21.40789108607374 123.66000366210938 31.6200008392334 AB 5.32396421675181 1.2023406090225408
62845.1998 lsst_hardware_r -222.21835978156992 151.1300048828125 31.6200008392334 AB 11.621244372941193 1.2040452804760262
62845.2122 lsst_hardware_i 7.520918758823026 122.31999969482422 31.309999465942383 AB 11.297946161612554 1.2131805599841672
62852.1631 lsst_hardware_u 2.2776977867994868 2.7799999713897705 28.40999984741211 AB 11.290116157632824 1.2042469435623393
62852.1827 lsst_hardware_g -6.552375298631109 22.149999618530273 31.530000686645508 AB 10.31528623632142 1.2049981488037433
62854.1603 lsst_hardware_r -8.817039130374717 24.3700008392334 31.489999771118164 AB 4.33614196283366 1.2032305134462138
62854.1807 lsst_hardware_i -42.906807038599034 32.70000076293945 31.239999771118164 AB 6.265730122443011 1.20711471662786
62856.1601 lsst_hardware_z 74.11403068045016 43.61000061035156 30.940000534057617 AB 4.996575994076748 1.2022560139741936
62856.1803 lsst_hardware_u 6.7321837193243415 2.7300000190734863 28.3799991607666 AB 5.9507174130993405 1.2113008711694269
62859.1269 lsst_hardware_r -0.8023865950417551 24.420000076293945 31.469999313354492 AB 7.58035839308446 1.2192952216638988
62859.1465 lsst_hardware_g -32.22421534469574 14.850000381469727 31.389999389648438 AB 7.526183339976313 1.2032748455136197
62862.1263 lsst_hardware_r -1.8574645007146822 24.0 31.479999542236328 AB 5.8951986825023255 1.2107616928532192
62862.1474 lsst_hardware_i 46.14290684246457 32.209999084472656 31.229999542236328 AB 5.8541235744922915 1.202387383721138
62864.1252 lsst_hardware_z -46.29863582513036 44.220001220703125 30.940000534057617 AB 8.642055732522424 1.2072017785957638
62864.1443 lsst_hardware_i 26.824855019858898 32.65999984741211 31.239999771118164 AB 8.565622955844333 1.2028257617475802
62867.1249 lsst_hardware_z 4.624345288622946 65.7300033569336 31.690000534057617 AB 8.335800214893904 1.203194867086636
62867.1463 lsst_hardware_g 21.357793131136006 40.189998626708984 32.33000183105469 AB 8.411607503023024 1.2079048081540285
62869.1292 lsst_hardware_r -28.15036837558513 61.369998931884766 31.600000381469727 AB 4.601447646807646 1.2025212718692397
62869.1509 lsst_hardware_i 31.598655149401903 54.7599983215332 31.280000686645508 AB 4.671674532346407 1.218088659760487
62871.0891 lsst_hardware_i -19.497518037166767 80.9000015258789 31.299999237060547 AB 12.84444957684534 1.226629806154454
62871.1101 lsst_hardware_z 54.957430441864666 73.12000274658203 30.969999313354492 AB 12.56014932164335 1.204771964603211
62873.0868 lsst_hardware_r 46.967685099178425 130.3300018310547 31.6200008392334 AB 10.732731871885273 1.2218617593008365
62873.1082 lsst_hardware_z -42.5341990481744 91.36000061035156 30.979999542236328 AB 10.571329995897791 1.203292987846918
62880.08 lsst_hardware_z 108.97511975595835 43.529998779296875 30.940000534057617 AB 7.856902244271654 1.2083204353726849
62880.0998 lsst_hardware_i -48.238286317118614 31.969999313354492 31.229999542236328 AB 8.261315180693403 1.2026371089906933
62884.0792 lsst_hardware_r 1.1636294406423302 23.81999969482422 31.489999771118164 AB 4.691612688708775 1.2029776124894294
62884.0993 lsst_hardware_i -47.85900869656265 32.150001525878906 31.239999771118164 AB 4.767383248371043 1.2074674218631207
62886.0781 lsst_hardware_z 64.71385813233645 44.02000045776367 30.940000534057617 AB 9.833892291660943 1.2022485609488236
62886.0979 lsst_hardware_u -1.479089585253801 2.680000066757202 28.34000015258789 AB 9.261027199649368 1.2108292082956615
62890.0405 lsst_hardware_y 126.32763652107211 57.630001068115234 30.0 AB 17.936513238776126 1.2216876897356328
62890.0597 lsst_hardware_i 44.82183397598238 32.290000915527344 31.229999542236328 AB 15.639123316682358 1.2040746288395412
62892.0385 lsst_hardware_y 12.151595616154346 55.81999969482422 30.0 AB 13.210238376562327 1.217103485087818
62892.0587 lsst_hardware_i 44.367966543546046 32.369998931884766 31.239999771118164 AB 14.359047344011145 1.2026506423226386
62894.0374 lsst_hardware_y 59.91443401456185 56.939998626708984 29.989999771118164 AB 13.389813168919062 1.212223179731333
62894.0553 lsst_hardware_g 3.7218343727612 17.31999969482422 31.450000762939453 AB 14.074824961108943 1.2023256608481632
