data/validation/pwv_sim_epoch_fit_epoch/52848753.ecsv
# %ECSV 0.9
# ---
# datatype:
# - {name: time, datatype: float64}
# - {name: band, datatype: string}
# - {name: flux, datatype: float64}
# - {name: fluxerr, datatype: float64}
# - {name: zp, datatype: float64}
# - {name: zpsys, datatype: string}
# - {name: pwv, datatype: float64}
# - {name: airmass, datatype: float64}
# meta: {SNID: '52848753', alt: 1024.0, c: -0.0888964831829071, dec: -26.276812, lat: -30.244573, lon: -70.7499537, ra: 128.496094, t0: 59943.46875,
#   x0: 9.042099576118334e-05, x1: 0.22016409039497375, z: 0.17654269933700562}
# schema: astropy-2.0
time band flux fluxerr zp zpsys pwv airmass
[from data line 132]
60301.1667 lsst_hardware_z -24.710958488816274 51.9900016784668 30.940000534057617 AB 7.922826555455521 1.349370102265953
60304.1236 lsst_hardware_r -92.51598333603701 93.27999877929688 31.510000228881836 AB 12.5804321159561 1.658320265738158
60304.1476 lsst_hardware_z 44.00176353898808 66.26000213623047 30.940000534057617 AB 9.91536604632048 1.4279040965323273
60306.1586 lsst_hardware_y -52.10997755406997 81.9000015258789 30.709999084472656 AB 8.141328016838798 1.3142302783547988
60308.1556 lsst_hardware_r 78.73644168036344 74.12000274658203 31.579999923706055 AB 10.258501220130114 1.299586320695577
60308.1773 lsst_hardware_i -88.92567074178505 62.560001373291016 31.299999237060547 AB 11.08215747184295 1.1916298356820374
60310.1306 lsst_hardware_i 35.945048042073886 33.13999938964844 31.190000534057617 AB 9.98099163011921 1.432771114603728
60310.1532 lsst_hardware_z 76.2774902763226 50.790000915527344 30.940000534057617 AB 8.929441572805716 1.282122047963512
60312.1563 lsst_hardware_u -1.9201781582766086 2.5 28.229999542236328 AB 4.792349694597055 1.2373740497281311
60312.1771 lsst_hardware_r 13.9683152451453 28.75 31.520000457763672 AB 4.356433225752834 1.1501374762729415
60314.1522 lsst_hardware_i 5.573579827859735 31.469999313354492 31.219999313354492 AB 13.917068038172244 1.230782050689564
60314.1729 lsst_hardware_z 48.46452658989667 42.20000076293945 30.940000534057617 AB 13.08750552335541 1.1456985532343988
60316.1311 lsst_hardware_z 1.6448185932011776 44.86000061035156 30.920000076293945 AB 10.51705523189846 1.3154266409161943
60316.1543 lsst_hardware_r -9.49723034631988 22.690000534057617 31.450000762939453 AB 9.53697318416497 1.1965338666539074
60318.1365 lsst_hardware_u 1.6289918707989386 2.5899999141693115 28.309999465942383 AB 8.029102435683294 1.2545472555755146
60318.1592 lsst_hardware_g -11.223854851201898 13.350000381469727 31.3700008392334 AB 7.395847634571144 1.1556011929017411
60322.12 lsst_hardware_z -29.742255808345774 44.18000030517578 30.93000030517578 AB 3.7526290736205152 1.2845603857669268
60322.1369 lsst_hardware_r 26.894004007231 22.75 31.469999313354492 AB 5.982172223149507 1.2009178713496065
60326.1218 lsst_hardware_i -39.513841841975555 32.93000030517578 31.229999542236328 AB 2.450878989169959 1.21964617525253
60326.1387 lsst_hardware_z -58.32601549597531 42.97999954223633 30.93000030517578 AB 1.7502119975612196 1.1507612717514448
60328.1216 lsst_hardware_r -32.01420657281233 35.36000061035156 31.540000915527344 AB 4.65723510147169 1.1962588556372316
60328.1391 lsst_hardware_z -31.99288593593742 44.619998931884766 30.940000534057617 AB 4.620450904693815 1.1308005150988505
60330.122 lsst_hardware_y -22.321905790976313 50.29999923706055 30.010000228881836 AB 14.779131337423532 1.172326652889228
60330.1396 lsst_hardware_r -35.27846352629216 48.849998474121094 31.610000610351562 AB 13.250461550480729 1.1123391089408574
60336.1202 lsst_hardware_r 81.26860235946647 95.0999984741211 31.6299991607666 AB 12.825768923778995 1.1214604130380832
60336.1371 lsst_hardware_i 4.117015607282202 75.6500015258789 31.329999923706055 AB 11.834778235882407 1.0758889305347643
60338.1191 lsst_hardware_z 13.47029543853154 55.470001220703125 30.959999084472656 AB 12.868779345049514 1.1084219935443018
60338.139 lsst_hardware_i 2.0003444910474255 56.810001373291016 31.309999465942383 AB 10.58160808362544 1.0599538970383673
60340.1195 lsst_hardware_u -3.461240090556559 4.739999771118164 28.81999969482422 AB 9.697362248897633 1.0923323225582136
60340.1397 lsst_hardware_g -15.910072043368418 36.540000915527344 31.68000030517578 AB 9.536724961705069 1.0482797429739015
60344.117 lsst_hardware_r 11.139788147680017 22.280000686645508 31.479999542236328 AB 11.230426396772055 1.0719124173687176
60344.136 lsst_hardware_i -45.4826315751351 29.950000762939453 31.25 AB 10.636279708466024 1.036421896074639
60346.1175 lsst_hardware_z -40.2615196249918 41.189998626708984 30.950000762939453 AB 4.556246164854886 1.059263677508098
60346.1352 lsst_hardware_u -1.0654694303749521 2.619999885559082 28.40999984741211 AB 4.034474915094978 1.0297719611422074
60350.0229 lsst_hardware_y -71.41605175945479 76.9000015258789 29.920000076293945 AB 3.552293524066796 1.4209174096267183
60350.042 lsst_hardware_u -2.765965483971049 2.75 28.290000915527344 AB 3.362707879250088 1.293349184326957
60354.0211 lsst_hardware_y -105.07976748017555 80.06999969482422 29.950000762939453 AB 3.3953219476432106 1.3552826854179065
60354.0394 lsst_hardware_r -41.820382049006845 24.420000076293945 31.459999084472656 AB 3.142321119174232 1.2484390620477681
60356.0211 lsst_hardware_y 32.23878741711138 71.13999938964844 29.979999542236328 AB 3.578444077969934 1.3202154871683947
60356.0383 lsst_hardware_g 2.500704189286874 23.25 31.530000686645508 AB 3.3394819940417366 1.2270740378621114
60359.0188 lsst_hardware_z 88.0660878037699 70.94999694824219 30.959999084472656 AB 7.9728816112874 1.2855339586080943
60359.0368 lsst_hardware_i 52.92919340255197 45.11000061035156 31.280000686645508 AB 7.23680127403851 1.196923881363703
60362.018 lsst_hardware_y 8.513168875973165 71.88999938964844 30.0 AB 6.062230159633633 1.2461972062630164
60362.0378 lsst_hardware_r 16.578189686372507 81.0999984741211 31.6299991607666 AB 5.532878392675406 1.160236622317254
60363.0166 lsst_hardware_y -0.5051011323430632 74.94999694824219 30.0 AB 8.790845651730644 1.2395730749073786
60363.0324 lsst_hardware_r -35.92292853323253 93.26000213623047 31.6299991607666 AB 8.296589392270741 1.1703606887188793
60367.0144 lsst_hardware_y 117.50031994157494 61.9900016784668 30.020000457763672 AB 9.494953962178617 1.1993121083969454
60367.0348 lsst_hardware_u 6.221561520834075 6.849999904632568 29.040000915527344 AB 8.946111582027937 1.1238127733217682
60369.0132 lsst_hardware_y -39.85082892092086 62.369998931884766 30.010000228881836 AB 6.065068043179037 1.181506761658254
60369.032 lsst_hardware_r 0.6062186789361301 22.399999618530273 31.469999313354492 AB 5.676773439291588 1.1156449602276293
60372.0201 lsst_hardware_z 11.634584790029432 66.81999969482422 31.700000762939453 AB 4.21018879029917 1.1271253231213199
60375.0096 lsst_hardware_y 3.145848058712346 56.86000061035156 30.020000457763672 AB 7.307849316606266 1.1346270724071366
60375.0312 lsst_hardware_g -7.132342866361942 13.489999771118164 31.399999618530273 AB 6.942799564463378 1.0745288550146455
60379.0063 lsst_hardware_y -118.35391768819474 78.4000015258789 30.780000686645508 AB 8.978179687667915 1.110885880681504
60379.0268 lsst_hardware_i -29.34737717138404 42.529998779296875 31.989999771118164 AB 8.556993091406305 1.060455613930342
60382.0052 lsst_hardware_y -18.372040840035066 53.400001525878906 30.040000915527344 AB 15.12275470774434 1.0913375018367988
60382.0274 lsst_hardware_i 6.680032066632928 29.75 31.239999771118164 AB 14.457618221798219 1.0441540649488648
60386.0088 lsst_hardware_z -150.9036274993978 66.11000061035156 31.709999084472656 AB 8.190651094870557 1.0582236556680304
60389.9976 lsst_hardware_y 76.23410386171095 60.540000915527344 30.049999237060547 AB 5.392693435278819 1.0587748891253956
60390.016 lsst_hardware_z 50.44544424533441 53.630001068115234 30.979999542236328 AB 5.359257677956398 1.0285166986866168
60392.9971 lsst_hardware_y -16.47881859080455 58.90999984741211 30.059999465942383 AB 9.344636860183744 1.0445992689403027
60393.0164 lsst_hardware_z 22.75787355551201 62.02000045776367 30.989999771118164 AB 8.68994433749584 1.0185119945494792
