data/validation/pwv_sim_epoch_fit_epoch/52892485.ecsv
# %ECSV 0.9
# ---
# datatype:
# - {name: time, datatype: float64}
# - {name: band, datatype: string}
# - {name: flux, datatype: float64}
# - {name: fluxerr, datatype: float64}
# - {name: zp, datatype: float64}
# - {name: zpsys, datatype: string}
# - {name: pwv, datatype: float64}
# - {name: airmass, datatype: float64}
# meta: {SNID: '52892485', alt: 1024.0, c: 0.03259309008717537, dec: -23.480536, lat: -30.244573, lon: -70.7499537, ra: 232.382812, t0: 62179.42578125,
#   x0: 3.0724397702347214e-06, x1: 0.5317356586456299, z: 0.7486442923545837}
# schema: astropy-2.0
time band flux fluxerr zp zpsys pwv airmass
[from data line 132]
62609.2799 lsst_hardware_y -173.45414492292952 93.70999908447266 30.829999923706055 AB 12.837035345656075 1.0083883148921722
62616.1636 lsst_hardware_z -111.04226151849718 43.0 30.940000534057617 AB 16.169614150279315 1.1405458915699866
62616.1831 lsst_hardware_r -10.530818883098478 24.3700008392334 31.5 AB 13.793254772407387 1.0841978008639088
62618.152 lsst_hardware_u 2.1464617707102307 2.7300000190734863 28.3700008392334 AB 5.209528444898944 1.1624087270135242
62618.1698 lsst_hardware_g -30.706190748350025 15.460000038146973 31.450000762939453 AB 3.861550457872818 1.1046151488551565
62620.1519 lsst_hardware_r -25.0527474874887 24.84000015258789 31.489999771118164 AB 9.31823666168439 1.1432016515377732
62620.1701 lsst_hardware_z -20.070911031147265 42.59000015258789 30.940000534057617 AB 10.633381753986395 1.0893370189167868
62623.1551 lsst_hardware_g 15.136143585785883 15.739999771118164 31.469999313354492 AB 8.27720822652515 1.1075657751817773
62623.1746 lsst_hardware_r -44.502617806468066 24.729999542236328 31.530000686645508 AB 8.404851521206004 1.0608837514933422
62625.1519 lsst_hardware_i -43.19835053707922 32.2599983215332 31.260000228881836 AB 11.11660308179773 1.1012716456557539
62625.172 lsst_hardware_z -64.50915221872454 41.970001220703125 30.950000762939453 AB 9.642808214307442 1.055396739982573
62627.1576 lsst_hardware_r -17.551711784018696 24.760000228881836 31.520000457763672 AB 3.7198531906782426 1.0736539899975686
62627.1788 lsst_hardware_u 0.5110813976427138 2.9600000381469727 28.579999923706055 AB 3.397004852968827 1.0354617515653812
62631.0393 lsst_hardware_i 39.76873754062724 38.59000015258789 31.170000076293945 AB 13.082486670326887 1.72839194147223
62631.0605 lsst_hardware_z -54.78415012337448 48.2599983215332 30.90999984741211 AB 10.831305963619979 1.4971740913152225
62633.0715 lsst_hardware_z -13.775677505886659 70.55999755859375 31.68000030517578 AB 15.730897668452657 1.366775070024993
62635.1689 lsst_hardware_y -1.4673947904753262 51.099998474121094 30.049999237060547 AB 6.053270411547592 1.021304270549619
62635.1875 lsst_hardware_r -66.84724336869166 66.94999694824219 31.649999618530273 AB 5.952339031712907 1.0088710223242214
62637.0377 lsst_hardware_y 144.19403880393074 72.38999938964844 29.8799991607666 AB 8.220985197877852 1.5584067480930939
62637.0576 lsst_hardware_r -155.27376911871755 142.4199981689453 31.56999969482422 AB 7.019924126934836 1.387885355265883
62638.176 lsst_hardware_r -76.27164420020252 168.86000061035156 31.670000076293945 AB 6.893640496793272 1.0102545791793331
62639.0713 lsst_hardware_z 3.634374425228862 158.02999877929688 31.729999542236328 AB 10.573756424741484 1.2678365017675954
62640.0818 lsst_hardware_z -81.36075934171964 82.1500015258789 30.979999542236328 AB 9.786134778915583 1.2034845697491956
62643.1499 lsst_hardware_z 85.22740289470924 64.69000244140625 31.719999313354492 AB 5.026328601484713 1.0186611139453234
62643.1814 lsst_hardware_r -71.69670017130535 43.880001068115234 31.6299991607666 AB 5.31039110236297 1.0070910491869847
62647.1384 lsst_hardware_r 9.262843048289472 24.770000457763672 31.530000686645508 AB 5.95521983120369 1.0191767873362478
62647.1609 lsst_hardware_u -0.9850505300818836 2.890000104904175 28.530000686645508 AB 5.88676458543329 1.0072315143182797
62649.0237 lsst_hardware_r 3.2801235124522914 25.850000381469727 31.450000762939453 AB 9.833097123518794 1.396201359343835
62649.0553 lsst_hardware_u -0.536584935694023 2.7300000190734863 28.329999923706055 AB 9.00911638070355 1.2120566911648227
62651.1401 lsst_hardware_g -17.076099052986567 15.859999656677246 31.5 AB 12.202171850217185 1.0104481492395814
62652.0461 lsst_hardware_z -26.651889126780414 44.47999954223633 30.93000030517578 AB 11.077889559926229 1.2166485884436153
62652.0732 lsst_hardware_u 4.393441209796927 2.7200000286102295 28.360000610351562 AB 10.19763568147555 1.115470978065601
62657.0436 lsst_hardware_i 48.32999971363061 32.5099983215332 31.239999771118164 AB 11.114846430114556 1.1696862829751675
62657.0626 lsst_hardware_u 1.5605536338583375 2.7300000190734863 28.389999389648438 AB 10.53287544257608 1.1066269639184847
62658.1106 lsst_hardware_u 0.7456772097468268 2.7200000286102295 28.40999984741211 AB 5.18795952563054 1.01724696580991
62658.1331 lsst_hardware_r 2.553088275153913 24.100000381469727 31.510000228881836 AB 5.712605895008282 1.0069370986662738
62674.9528 lsst_hardware_y 13.401975253965237 74.30999755859375 29.959999084472656 AB 7.844259271894652 1.3955273566798168
62674.9731 lsst_hardware_r -40.743955699681635 24.93000030517578 31.479999542236328 AB 10.618610945157812 1.2673263846227434
62675.952 lsst_hardware_y 102.37414499815469 78.0199966430664 29.950000762939453 AB 6.202020872846011 1.38150153092798
62675.9704 lsst_hardware_g -1.3145188687076526 15.760000228881836 31.399999618530273 AB 5.877523216870712 1.2671627488761867
62677.9533 lsst_hardware_z -48.9973634971688 68.5199966430664 30.950000762939453 AB 6.484461408354986 1.335625418816681
62677.9743 lsst_hardware_i -3.7828299055160146 33.04999923706055 31.229999542236328 AB 7.598798404772754 1.2203801022134388
62681.9552 lsst_hardware_y 69.47279680710265 66.06999969482422 29.989999771118164 AB 3.0980650968574945 1.2608709907508882
62681.9741 lsst_hardware_r -22.48190118001341 24.639999389648438 31.489999771118164 AB 1.8537621744462793 1.1745061295330175
62687.9586 lsst_hardware_y 70.37394785316735 61.529998779296875 30.020000457763672 AB 7.615983908606254 1.171059261721555
62687.9797 lsst_hardware_u 0.4126726620607468 3.3499999046325684 28.59000015258789 AB 7.169250929030496 1.101775154300061
62707.9756 lsst_hardware_y 4.132872916488455 47.939998626708984 30.049999237060547 AB 8.406850002618425 1.0160256219740067
62707.9933 lsst_hardware_g 14.426394664024748 15.65999984741211 31.469999313354492 AB 8.272704123383106 1.0074227933611115
62711.9778 lsst_hardware_y 49.47965885108809 47.29999923706055 30.049999237060547 AB 5.320178994181766 1.0086762822141657
62711.9965 lsst_hardware_u -0.593698340706787 2.7799999713897705 28.440000534057617 AB 5.322789709608581 1.0077700969581456
