data/validation/pwv_sim_epoch_fit_epoch/53065733.ecsv
# %ECSV 0.9
# ---
# datatype:
# - {name: time, datatype: float64}
# - {name: band, datatype: string}
# - {name: flux, datatype: float64}
# - {name: fluxerr, datatype: float64}
# - {name: zp, datatype: float64}
# - {name: zpsys, datatype: string}
# - {name: pwv, datatype: float64}
# - {name: airmass, datatype: float64}
# meta: {SNID: '53065733', alt: 1024.0, c: -0.042873308062553406, dec: -42.410164, lat: -30.244573, lon: -70.7499537, ra: 348.794464,
#   t0: 62800.00390625, x0: 4.295070125416841e-06, x1: 0.5941984057426453, z: 0.6526414752006531}
# schema: astropy-2.0
time band flux fluxerr zp zpsys pwv airmass
62675.4251 lsst_hardware_r -19.14485653806109 30.5 31.56999969482422 AB 2.9609952754605975 1.024565839259814
62675.4372 lsst_hardware_y -69.98744943218054 51.58000183105469 30.059999465942383 AB 2.9023742363614566 1.0307336737598072
62676.4175 lsst_hardware_g -18.4126015824983 19.360000610351562 31.56999969482422 AB 3.9918279038557927 1.0231958058413686
62676.4325 lsst_hardware_y -13.319755681310598 48.599998474121094 30.049999237060547 AB 4.02037693382611 1.0294580745543132
62678.4005 lsst_hardware_r 25.062174974972002 22.579999923706055 31.489999771118164 AB 5.52133024544101 1.0224685639705573
62678.4139 lsst_hardware_i 6.175662317530666 30.15999984741211 31.25 AB 5.527677997735169 1.0236440736546608
62680.4042 lsst_hardware_z 33.446654232893266 40.54999923706055 30.950000762939453 AB 5.293272929019545 1.0227558552834595
62680.4172 lsst_hardware_r -33.21181261440164 22.1299991607666 31.479999542236328 AB 5.223329937630591 1.0270015606823395
62682.4341 lsst_hardware_u 7.31004614204109 3.5899999141693115 28.649999618530273 AB 4.738761459920016 1.0451229097416548
62686.4296 lsst_hardware_i -2.8963299123118924 31.09000015258789 31.260000228881836 AB 6.065376546805533 1.052971059729271
62686.4415 lsst_hardware_z 68.58250389407303 54.040000915527344 30.969999313354492 AB 6.153353713558886 1.0708468503039175
62695.1203 lsst_hardware_z 4.18052449699164 97.44999694824219 31.520000457763672 AB 17.800708683226656 2.581184496576846
62697.401 lsst_hardware_z 83.30774132344011 67.54000091552734 30.989999771118164 AB 5.026011025259289 1.0548874016705403
62697.4123 lsst_hardware_r -98.95113077127583 96.18000030517578 31.649999618530273 AB 5.078766180558995 1.0722614125533614
62707.406 lsst_hardware_r 0.32611391149054075 23.510000228881836 31.479999542236328 AB 6.888446235850663 1.1158992768266098
62707.4162 lsst_hardware_u -4.283021967868796 2.890000104904175 28.3799991607666 AB 7.105691626430951 1.1430373403733534
62709.3534 lsst_hardware_r 26.184533232737135 22.34000015258789 31.479999542236328 AB 2.64175021557161 1.0379478287884467
62709.3652 lsst_hardware_u -3.3398646730968182 2.5299999713897705 28.309999465942383 AB 2.6466634065329457 1.0508887855996538
62716.3509 lsst_hardware_i 31.245211287643606 30.450000762939453 31.25 AB 2.3946290995730743 1.0573480956276613
62716.3623 lsst_hardware_z 53.654494159581624 41.540000915527344 30.940000534057617 AB 2.4344697947318594 1.0755333751852703
62723.3375 lsst_hardware_y 27.28111144562057 49.29999923706055 30.040000915527344 AB 5.436303416005063 1.0659418462755026
62723.3493 lsst_hardware_g -91.15158476164642 35.599998474121094 31.65999984741211 AB 5.561336395855416 1.087030064506784
62725.2367 lsst_hardware_z -32.768720856117085 97.44000244140625 31.739999771118164 AB 2.8421474611953377 1.0426710343730985
62731.3159 lsst_hardware_i -19.156530248389043 45.77000045776367 31.299999237060547 AB 3.5911274013427814 1.0663283798805676
62731.3271 lsst_hardware_z 69.2794569623693 49.11000061035156 30.969999313354492 AB 3.6247817580324226 1.0863210483351833
62735.3019 lsst_hardware_g -17.47743152202151 17.549999237060547 31.510000228881836 AB 1.9288285123029618 1.0615456864628299
62735.3131 lsst_hardware_i 22.03547679923778 32.220001220703125 31.25 AB 2.0249566829514425 1.0804090611985822
62736.1049 lsst_hardware_g -3.695680957414858 14.25 31.34000015258789 AB 3.136040282432973 1.3457956367054922
62736.1158 lsst_hardware_r 30.18849738119438 23.8799991607666 31.459999084472656 AB 2.981254101986745 1.2884944795188527
62738.2595 lsst_hardware_i -13.23694401748176 30.350000381469727 31.25 AB 3.2943118121609953 1.0273321659545724
62738.2712 lsst_hardware_r 6.996661045609775 22.780000686645508 31.5 AB 3.3346260436445947 1.0352766357170429
62740.3045 lsst_hardware_g -10.908094527292187 14.15999984741211 31.420000076293945 AB 3.295914665732835 1.0902794130773519
62740.3151 lsst_hardware_r 4.600710814970823 23.25 31.489999771118164 AB 3.3629702247344886 1.113935152280387
62742.2915 lsst_hardware_i -32.911747677568336 30.81999969482422 31.25 AB 6.532294522842512 1.0758651423841634
62742.3022 lsst_hardware_z -76.15444995957738 41.90999984741211 30.940000534057617 AB 7.675604234706989 1.0969066430449268
62751.2423 lsst_hardware_i -15.966616614566892 45.43000030517578 31.299999237060547 AB 1.9339528236726262 1.0414393234639883
62751.2526 lsst_hardware_r -8.791438087908727 49.189998626708984 31.6200008392334 AB 2.0818815454945554 1.0535837780842892
62753.245 lsst_hardware_z 28.58455617303474 86.23999786376953 31.729999542236328 AB 3.1608149327472357 1.0508028366845863
62755.2343 lsst_hardware_r 117.08516546713324 111.47000122070312 31.65999984741211 AB 2.3295599343619107 1.0445676411457636
62755.247 lsst_hardware_i -94.50814310945209 87.3499984741211 31.34000015258789 AB 2.3839525795489975 1.0611064894135005
62757.2372 lsst_hardware_z 15.452886526015224 65.20999908447266 30.989999771118164 AB 2.439649701845125 1.0549076254735335
62757.2489 lsst_hardware_r -118.06879511148625 93.55999755859375 31.649999618530273 AB 2.585154498509122 1.072975027051379
62758.0271 lsst_hardware_i -22.16378256519428 51.779998779296875 31.239999771118164 AB 2.0429244039014733 1.4592317170724811
62758.0354 lsst_hardware_z -4.916138297083151 56.810001373291016 30.93000030517578 AB 1.9637809003867106 1.4027006431333648
62760.2382 lsst_hardware_r 2.5306348930804203 51.04999923706055 31.6299991607666 AB 3.533952271453691 1.0687355659640854
62760.2494 lsst_hardware_z -45.552379870195615 48.68000030517578 30.959999084472656 AB 3.5263580514816604 1.089278640284976
62762.2205 lsst_hardware_i -54.46647599738229 36.33000183105469 31.280000686645508 AB 1.4645131941405245 1.0508974663448538
62762.2316 lsst_hardware_r 6.754739315038815 35.810001373291016 31.59000015258789 AB 1.4856270814899548 1.0668776168689085
62764.2239 lsst_hardware_u -0.5633953000109034 2.680000066757202 28.43000030517578 AB 6.225535519666628 1.0633458528239514
62764.2356 lsst_hardware_g 6.234407275740603 13.8100004196167 31.40999984741211 AB 6.336331487815539 1.0835966631578902
62765.2348 lsst_hardware_r -2.878020282788943 22.649999618530273 31.489999771118164 AB 3.5673186379807134 1.0873761343165504
62765.2478 lsst_hardware_i -21.963696106462038 30.959999084472656 31.239999771118164 AB 3.692289009349428 1.1162820747806392
62767.2215 lsst_hardware_z 6.610343297945683 41.41586575678241 30.940000534057617 AB 2.1064630638579436 1.0728103202739718
62767.2336 lsst_hardware_r -48.27273878804716 22.62600748694732 31.479999542236328 AB 2.188517053096618 1.0961768360112152
62771.2379 lsst_hardware_u 4.325984328484333 2.7056658393923243 28.299999237060547 AB 3.813954734678902 1.1330822146996145
62771.2499 lsst_hardware_g 22.463014714252616 13.772490274597539 31.360000610351562 AB 3.9103825345767476 1.1687902364979819
62772.1798 lsst_hardware_u 2.6688020040958933 2.87833411974816 28.40999984741211 AB 4.656545523225059 1.0365154197497153
62772.1914 lsst_hardware_g 13.350907310441656 13.858422630585887 31.399999618530273 AB 4.678800574334266 1.0486665463581941
62774.1851 lsst_hardware_r 77.28158439307686 23.41550791566403 31.489999771118164 AB 4.419714269988847 1.0476566695611738
62774.1963 lsst_hardware_i 63.431149990508736 31.548035770123267 31.25 AB 4.474779749046201 1.0628930520299764
62780.1792 lsst_hardware_z 356.2606711051977 53.068791250470596 30.969999313354492 AB 5.146558417584357 1.0618028507496797
62783.1378 lsst_hardware_i 793.1074369017766 75.09443662482994 31.329999923706055 AB 3.6248587222308823 1.027964189218258
62783.1489 lsst_hardware_z 425.5173309889642 66.93219460122589 30.989999771118164 AB 3.653491484970788 1.0357658717550597
62787.1606 lsst_hardware_r 1222.3216487428604 82.72586217423384 31.649999618530273 AB 6.289169036345348 1.0625839976930769
62787.1717 lsst_hardware_i 1022.5287438746151 67.30192074049592 31.31999969482422 AB 6.923795559639778 1.0815050858545956
62789.1659 lsst_hardware_z 1527.4081402989216 78.41281076273759 31.719999313354492 AB 6.715340893828467 1.0808676913144433
62791.1723 lsst_hardware_g 394.8783565873731 34.31059356528982 31.6200008392334 AB 7.185237362720773 1.1055628715559596
62791.1829 lsst_hardware_r 1447.965320233628 52.21915948648059 31.56999969482422 AB 7.379871341556168 1.1320267940519115
62793.1611 lsst_hardware_i 1206.3059661438483 46.33278864301502 31.25 AB 4.238634013629397 1.0929948462169667
62793.1724 lsst_hardware_z 884.8486309944366 51.0235246354584 30.940000534057617 AB 2.8974946436775113 1.1189038044772368
62799.1547 lsst_hardware_i 1331.2291380205104 47.21836143055283 31.239999771118164 AB 4.904911061501083 1.1156399548506954
62799.1654 lsst_hardware_r 1425.9898408053004 44.171400535140535 31.479999542236328 AB 5.016228511805902 1.1441692100678733
62803.148 lsst_hardware_g 256.42417473735304 20.903777683652102 31.420000076293945 AB 3.2534618446039363 1.1263499548569047
62803.1582 lsst_hardware_r 1378.2857101242407 43.100084904343625 31.489999771118164 AB 3.316216960314341 1.1552079518047267
62807.1431 lsst_hardware_i 1201.2193606922049 50.04779786855805 31.270000457763672 AB 4.45715872797673 1.1428612123017257
62807.1537 lsst_hardware_z 795.645751850163 54.10246389061619 30.950000762939453 AB 4.585226893791194 1.1756992035362037
62817.0421 lsst_hardware_r 830.4474513352233 53.54890050704516 31.6200008392334 AB 4.653927456823916 1.0265072967904971
62817.0535 lsst_hardware_g 131.655539758998 47.276306055161186 31.709999084472656 AB 4.6971691025808955 1.0336700757559278
62819.0509 lsst_hardware_r 677.8271595616999 33.92335297715476 31.5 AB 3.95107988857721 1.0360317861840425
62819.0627 lsst_hardware_i 708.479583443331 41.161331582973155 31.25 AB 4.05352296633849 1.0482345400410975
63031.4287 lsst_hardware_i -61.24323801549897 31.56999969482422 31.260000228881836 AB 12.93619281286756 1.0232913016684717
63031.4422 lsst_hardware_z -12.58474563137326 62.380001068115234 30.989999771118164 AB 12.976387872022922 1.0226082881140126
63036.426 lsst_hardware_r -23.161059618830745 22.420000076293945 31.5 AB 2.6702491240532007 1.0223658186662958
63036.4384 lsst_hardware_y -25.29326348259836 54.790000915527344 30.06999969482422 AB 2.687560888400466 1.025167063822911
63040.3327 lsst_hardware_r -14.600274611926547 22.579999923706055 31.479999542236328 AB 2.9290133784106747 1.112987984196583
63046.3993 lsst_hardware_r 5.234995900777421 22.100000381469727 31.489999771118164 AB 2.3844213306360422 1.0224060590163835
63046.4124 lsst_hardware_u 2.7114515433832342 2.640000104904175 28.420000076293945 AB 2.382525010181388 1.0256977872632798
63048.4181 lsst_hardware_g 11.917959419921136 13.399999618530273 31.399999618530273 AB 9.695660465152436 1.0321486602838064
63048.4299 lsst_hardware_r 3.735884668282739 22.670000076293945 31.489999771118164 AB 9.73942872849213 1.04272817477881
63051.4165 lsst_hardware_i 21.456187654042967 65.83999633789062 31.329999923706055 AB 6.5738770189269395 1.0375710144301364
63051.4289 lsst_hardware_z -55.24648561054342 59.16999816894531 30.979999542236328 AB 6.009365276102392 1.0511396319927222
63053.4221 lsst_hardware_r -16.409753878692538 88.9000015258789 31.65999984741211 AB 5.519351022083791 1.049455915212935
63053.4347 lsst_hardware_z -12.436146968754501 66.66999816894531 30.989999771118164 AB 5.645220184412094 1.0674520534011398
63061.3222 lsst_hardware_r 4.600619311637664 22.59000015258789 31.5 AB 6.314528986606139 1.0371239199484503
63061.3343 lsst_hardware_u -2.478343419558751 2.740000009536743 28.469999313354492 AB 5.861062975205654 1.0282566623167813
63066.4073 lsst_hardware_r 28.975062323867146 22.610000610351562 31.489999771118164 AB 3.033166751105036 1.0816642203049163
63066.4189 lsst_hardware_u 6.705343329608512 2.700000047683716 28.40999984741211 AB 3.389714434098587 1.1059427191186253
63068.4012 lsst_hardware_g -9.13990970344521 13.600000381469727 31.399999618530273 AB 6.35392165537589 1.0804611070655767
63068.4124 lsst_hardware_r 18.162113841097987 22.579999923706055 31.479999542236328 AB 6.403738714045522 1.1035696375073063
63070.3971 lsst_hardware_i -37.60290577132775 30.59000015258789 31.239999771118164 AB 5.567611944902181 1.0830349549972633
63070.4089 lsst_hardware_z -79.25738088887388 41.970001220703125 30.940000534057617 AB 5.744266580475988 1.1080761150609544
63071.188 lsst_hardware_i -16.48915234014963 56.72999954223633 32.400001525878906 AB 7.39550655404025 1.3429893410887093
63071.2034 lsst_hardware_z -64.49944097395704 76.58000183105469 32.119998931884766 AB 6.98552427713627 1.2649015606469685
63078.2259 lsst_hardware_r -9.308005173585393 85.8499984741211 32.380001068115234 AB 3.5857462572437826 1.120545705388682
63078.2401 lsst_hardware_i -21.96819644488299 72.29000091552734 32.060001373291016 AB 3.4828282963037647 1.0883838425949264
63080.3734 lsst_hardware_i -106.03533914332185 77.73999786376953 31.31999969482422 AB 1.5747288074030883 1.0901549376274577
63080.3855 lsst_hardware_z 95.48097683859795 69.54000091552734 30.979999542236328 AB 2.110350037460095 1.117474205697694
63082.3299 lsst_hardware_z 64.09239727297506 72.5 30.989999771118164 AB 1.8853720545148356 1.0358238556075725
63082.3411 lsst_hardware_r -77.0430536266227 105.4800033569336 31.65999984741211 AB 1.9867991292723939 1.0472454340362263
63086.339 lsst_hardware_i -2.4813202395342153 41.29999923706055 31.280000686645508 AB 2.6455082446142177 1.058838601006291
63086.3504 lsst_hardware_z 16.94340232610094 46.75 30.950000762939453 AB 2.694598452060586 1.0774084174572516
63096.3131 lsst_hardware_z 2.581516565635132 41.470001220703125 30.950000762939453 AB 3.5797422011776696 1.0609001114848247
63096.3249 lsst_hardware_r 34.84458051305387 22.8700008392334 31.489999771118164 AB 3.6034284363343683 1.0807313297846197
63101.3097 lsst_hardware_u -0.19244834813572342 2.619999885559082 28.360000610351562 AB 2.159870483008053 1.077869325297207
63101.3218 lsst_hardware_r -23.096788376519395 23.030000686645508 31.479999542236328 AB 2.2214939983496507 1.102432818336537
63111.0175 lsst_hardware_y -5.564581946206927 65.91999816894531 29.780000686645508 AB 3.212497394256078 1.8919301497385619
63111.0253 lsst_hardware_r -93.31216818320549 118.98999786376953 31.479999542236328 AB 2.7626836604640057 1.7910428917108627
63112.2558 lsst_hardware_z -43.17333699805013 87.52999877929688 31.739999771118164 AB 1.2684332960688973 1.0434055081455147
63122.2341 lsst_hardware_r 10.438819594061131 22.549999237060547 31.489999771118164 AB 2.443547324203696 1.0499343988271395
63122.2455 lsst_hardware_z 33.03200861213146 41.38999938964844 30.940000534057617 AB 2.4794797709920577 1.0661372098288913
63126.1923 lsst_hardware_g 7.577179214212956 13.729999542236328 31.43000030517578 AB 0.8420552818068697 1.0250216455347092
63126.2039 lsst_hardware_r 4.653459641150567 22.479999542236328 31.5 AB 0.8535427243910595 1.0312638635412237
63133.2631 lsst_hardware_g 5.665171160979447 13.760000228881836 31.360000610351562 AB 4.819407883087088 1.1831848973392471
63133.2751 lsst_hardware_i -2.1477389403476597 32.16999816894531 31.219999313354492 AB 4.944508377410336 1.2281441573299394
63137.229 lsst_hardware_z 100.62444043079596 63.380001068115234 30.969999313354492 AB 4.138312799698092 1.115322933102237
63137.2405 lsst_hardware_r -63.244045551269465 84.16000366210938 31.6200008392334 AB 4.320395269933197 1.1461201114005855
63141.059 lsst_hardware_i 43.34220037835746 65.56999969482422 31.31999969482422 AB 5.369156976188975 1.10812795545933
63141.0654 lsst_hardware_z -14.67273186789696 60.400001525878906 30.969999313354492 AB 5.308286732600193 1.0939282292839838
63143.2209 lsst_hardware_r 28.710005348950578 55.5 31.610000610351562 AB 2.9802641065314375 1.1369629400215755
63143.2325 lsst_hardware_i 8.955823681782205 48.720001220703125 31.290000915527344 AB 3.049010068997258 1.1720951059702893
63145.178 lsst_hardware_i -32.74441916981396 36.18000030517578 31.270000457763672 AB 5.015837084018004 1.0589754215174383
63145.1901 lsst_hardware_z 98.30213352829179 44.439998626708984 30.950000762939453 AB 5.193617230775406 1.078856923717228
63147.1799 lsst_hardware_i -3.1501367616437967 30.440000534057617 31.25 AB 4.388192928893771 1.0705085413036237
63147.1919 lsst_hardware_u -3.372240080452579 2.619999885559082 28.3799991607666 AB 4.5364310267836965 1.0931159100683605
63149.1354 lsst_hardware_g -2.4226174926010158 13.399999618530273 31.399999618530273 AB 3.2389362855932093 1.0277443393917847
63149.1458 lsst_hardware_r -12.439375989344498 22.15999984741211 31.489999771118164 AB 3.2232932839004667 1.0348481527892983
63151.1622 lsst_hardware_r -0.8091719355753791 22.329999923706055 31.479999542236328 AB 6.365678359466718 1.0598276862423084
63151.1728 lsst_hardware_i 13.789096560385989 30.579999923706055 31.239999771118164 AB 6.554308381611044 1.0771844606571606
63153.1614 lsst_hardware_z -71.1029594038689 41.2400016784668 30.940000534057617 AB 8.97289898178122 1.0670166856406507
63153.1725 lsst_hardware_u 1.369176769241904 2.630000114440918 28.399999618530273 AB 9.013172226167885 1.0869720485008725
63157.1647 lsst_hardware_i 23.057292189291317 30.790000915527344 31.239999771118164 AB 6.674827300602707 1.0933378051765286
63157.1756 lsst_hardware_z -25.876369318913355 42.380001068115234 30.940000534057617 AB 6.541604105996616 1.1183185068803516
63159.1563 lsst_hardware_i 32.921270959670224 30.68000030517578 31.239999771118164 AB 3.6578035471975303 1.0873375586200893
63159.1679 lsst_hardware_u 2.1762384075215024 2.609999895095825 28.360000610351562 AB 2.4283720302938754 1.112826104160462
63161.1569 lsst_hardware_g 8.95469249041626 16.670000076293945 31.479999542236328 AB 4.160381610359059 1.100048019661306
63161.1681 lsst_hardware_r 11.165982836950949 24.68000030517578 31.5 AB 3.11020885522829 1.1270914496206885
63163.1545 lsst_hardware_i -15.216036498294882 42.040000915527344 31.290000915527344 AB 3.1338307471311833 1.1069695327201836
63163.1653 lsst_hardware_r -37.952399692980606 43.25 31.600000381469727 AB 3.202230879390226 1.134235678523059
63165.0048 lsst_hardware_r -110.92188277046951 68.55000305175781 31.639999389648438 AB 4.03295884562667 1.0839830252994678
63165.0077 lsst_hardware_i -19.44293191376722 58.689998626708984 31.31999969482422 AB 4.2030944091283535 1.0785231029517854
63168.1445 lsst_hardware_i -34.033664579271175 70.63999938964844 31.31999969482422 AB 3.1856567727153493 1.1156864718825645
63168.1556 lsst_hardware_z -51.122401342639115 64.0999984741211 30.969999313354492 AB 3.2679776458007885 1.1453861717859284
63170.147 lsst_hardware_i -55.06543138093452 63.79999923706055 31.309999465942383 AB 4.159517124153561 1.136480088566354
63170.1577 lsst_hardware_z 0.4355166588257449 59.7599983215332 30.959999084472656 AB 4.385132677304334 1.1685896541783702
63181.0446 lsst_hardware_g -13.99867209175962 13.789999961853027 31.43000030517578 AB 3.56538732145974 1.0260599514968796
63181.0556 lsst_hardware_r -3.2636381146045244 22.510000228881836 31.5 AB 3.5658497770558397 1.032631819215939
63183.0457 lsst_hardware_i 44.56166424784097 30.229999542236328 31.25 AB 4.484860036268615 1.0295821938173313
63183.0576 lsst_hardware_z -12.176989467248422 41.06999969482422 30.950000762939453 AB 4.511317730516193 1.0389953317633616
63186.0499 lsst_hardware_r -25.708675559262325 22.479999542236328 31.489999771118164 AB 6.213088992754495 1.0394705952242775
63186.0619 lsst_hardware_g -3.4752891435406257 13.819999694824219 31.420000076293945 AB 6.309548449973163 1.0532297657422374
63187.0464 lsst_hardware_r 26.675288827610462 22.530000686645508 31.489999771118164 AB 3.789291386113171 1.038731191368742
63187.0592 lsst_hardware_i -7.207319199963362 30.389999389648438 31.25 AB 3.8723489017425528 1.0532704751104403
