data/validation/pwv_sim_epoch_fit_epoch/53132181.ecsv
# %ECSV 0.9
# ---
# datatype:
# - {name: time, datatype: float64}
# - {name: band, datatype: string}
# - {name: flux, datatype: float64}
# - {name: fluxerr, datatype: float64}
# - {name: zp, datatype: float64}
# - {name: zpsys, datatype: string}
# - {name: pwv, datatype: float64}
# - {name: airmass, datatype: float64}
# meta: {SNID: '53132181', alt: 1024.0, c: -0.10401491075754166, dec: -23.643314, lat: -30.244573, lon: -70.7499537, ra: 146.425781, t0: 62181.875,
#   x0: 4.078787117845867e-06, x1: -1.0469321012496948, z: 0.6663655042648315}
# schema: astropy-2.0
time band flux fluxerr zp zpsys pwv airmass
[from data line 133]
62511.3029 lsst_hardware_r 20.277700487280995 22.06999969482422 31.5 AB 7.215810125162132 1.0066231283648637
62512.209 lsst_hardware_r 39.55693317315514 22.600000381469727 31.489999771118164 AB 7.298154162889358 1.1403365879514622
62512.2261 lsst_hardware_u -1.9778910368903824 2.6600000858306885 28.43000030517578 AB 6.97562310382605 1.0899411099728202
62514.2055 lsst_hardware_g 1.7421900378514699 13.510000228881836 31.389999389648438 AB 5.952927101552162 1.1338008922883256
62514.2241 lsst_hardware_i 6.714017768157297 30.31999969482422 31.25 AB 4.766812317165459 1.0814411427758428
62519.2167 lsst_hardware_y -26.25875351628896 75.08000183105469 30.799999237060547 AB 7.1495077953775645 1.067409345383333
62521.2119 lsst_hardware_r -50.429309944831274 108.83000183105469 31.649999618530273 AB 10.496771833788165 1.0660228673447625
62521.2319 lsst_hardware_i 100.36432744550358 84.19000244140625 31.34000015258789 AB 10.177176863822583 1.0321680389272394
62523.2208 lsst_hardware_z -100.33781372869366 67.87000274658203 30.989999771118164 AB 9.88172676243746 1.040181764467101
62523.2391 lsst_hardware_r -113.49198350784731 92.41000366210938 31.670000076293945 AB 9.673551818773337 1.0182686125024565
62527.1215 lsst_hardware_i -7.394858608762982 32.970001220703125 31.190000534057617 AB 18.751428632219717 1.3723737426149756
62527.1396 lsst_hardware_u -0.0835974120945483 2.450000047683716 28.15999984741211 AB 16.543986449319227 1.2619123547849376
62528.2194 lsst_hardware_r -25.234275467216488 27.610000610351562 31.540000915527344 AB 11.22337379032851 1.0242173562993713
62528.2372 lsst_hardware_i 20.815134737191123 32.880001068115234 31.260000228881836 AB 11.089803833441529 1.010199690294824
62529.117 lsst_hardware_g -4.967509811126567 13.619999885559082 31.299999237060547 AB 16.7884597041047 1.3656926465553323
62529.1359 lsst_hardware_r -35.438715122406904 23.0 31.450000762939453 AB 14.795994241325516 1.252730017892263
62530.2214 lsst_hardware_z -64.25235027350317 40.56999969482422 30.950000762939453 AB 10.82148521571403 1.0170568811761307
62530.2419 lsst_hardware_i 15.800963358021917 29.959999084472656 31.25 AB 10.596938533182474 1.0068350150292136
62533.1126 lsst_hardware_u -4.037634120357155 2.5199999809265137 28.219999313354492 AB 10.101749780503264 1.3229111813126329
62533.1308 lsst_hardware_g -18.69645835795584 13.6899995803833 31.360000610351562 AB 10.188672280339977 1.2240850940517782
62534.2048 lsst_hardware_r 23.614323151411803 22.459999084472656 31.510000228881836 AB 9.099796514990288 1.022334177619422
62534.2223 lsst_hardware_i -26.6294151916217 30.049999237060547 31.260000228881836 AB 10.457258227492048 1.009501542402656
62535.1159 lsst_hardware_r 46.02947417312257 23.469999313354492 31.450000762939453 AB 9.25593641466208 1.2718711650877161
62535.1342 lsst_hardware_i -36.83567855071588 31.639999389648438 31.229999542236328 AB 8.859180236409506 1.1851481888577073
62537.1177 lsst_hardware_z 15.233482220095603 43.349998474121094 30.93000030517578 AB 7.632734508096325 1.2345043278048884
62537.1357 lsst_hardware_r -9.38321584144549 22.829999923706055 31.469999313354492 AB 7.36104087100256 1.158124743707146
62543.129 lsst_hardware_y 9.913261683592538 48.459999084472656 30.020000457763672 AB 2.3915154668471237 1.1251984160817676
62543.1488 lsst_hardware_g -20.662780478641764 21.610000610351562 31.579999923706055 AB 2.2151421998104364 1.072534957945613
62546.1035 lsst_hardware_z 10.682237249426498 51.720001220703125 30.950000762939453 AB 3.7879843167810905 1.1878903413310222
62546.1221 lsst_hardware_r -33.47700421851333 55.029998779296875 31.6200008392334 AB 3.5725717438535645 1.1211878789194438
62549.1692 lsst_hardware_z 92.40245054907903 74.5199966430664 31.0 AB 4.324651543420425 1.0173256982875618
62549.1862 lsst_hardware_r -75.29043333589425 109.83000183105469 31.670000076293945 AB 4.270844230097871 1.007710306366244
62550.1117 lsst_hardware_r -24.17332463576649 124.27999877929688 31.639999389648438 AB 6.096176201080002 1.1195915888117545
62550.1319 lsst_hardware_z -52.1898848069403 82.12999725341797 30.989999771118164 AB 5.9238383543240545 1.0677430343049648
62551.1479 lsst_hardware_i 11.269747065107115 93.2300033569336 31.34000015258789 AB 3.1760680287846648 1.0349993576313268
62551.1655 lsst_hardware_z -45.46543304782405 78.31999969482422 31.0 AB 3.0723897494051573 1.0158899204469825
62553.1504 lsst_hardware_i 16.59788488072617 60.970001220703125 31.329999923706055 AB 5.209710785289526 1.0250291756595231
62553.1679 lsst_hardware_z 25.47253257064846 58.189998626708984 30.989999771118164 AB 6.164434103574417 1.0107286610221773
62556.1084 lsst_hardware_u -5.298518427991199 2.7200000286102295 28.450000762939453 AB 8.461192082278057 1.0838997062966285
62556.1272 lsst_hardware_g 29.367454106955297 20.049999237060547 31.559999465942383 AB 9.64170777439197 1.0457383703245087
62563.0068 lsst_hardware_y -183.03763513527042 84.0999984741211 29.90999984741211 AB 8.018092113731495 1.5039092401259486
62563.025 lsst_hardware_u -1.2107296538351262 2.5999999046325684 28.149999618530273 AB 7.207841729149532 1.3599701375753834
62568.004 lsst_hardware_y 93.26648380424622 74.4800033569336 29.950000762939453 AB 11.325587215712428 1.4130489352105335
62568.0238 lsst_hardware_r -21.30710987273624 23.6200008392334 31.450000762939453 AB 10.15026080642967 1.2828944396396957
62571.0019 lsst_hardware_z -54.53319938187165 68.8499984741211 30.940000534057617 AB 11.070236775322028 1.3686108269169244
62571.0211 lsst_hardware_g 11.151527561050063 20.260000228881836 31.479999542236328 AB 10.147792320189161 1.2533554400282956
62576.1043 lsst_hardware_r 32.80666431565018 70.25 31.649999618530273 AB 7.373117099664177 1.0111587889963558
62576.1242 lsst_hardware_i -14.815097237874898 58.15999984741211 31.329999923706055 AB 7.484084238988796 1.006488970837897
62579.9931 lsst_hardware_y 173.67009389121046 81.95999908447266 30.0 AB 6.116794328883597 1.271484556230026
62580.0091 lsst_hardware_z -185.8783149617497 76.77999877929688 30.969999313354492 AB 5.787478746563734 1.1944438800008215
62581.0839 lsst_hardware_g -84.88840368430489 96.19000244140625 31.75 AB 4.976645209104586 1.0156418794090991
62581.105 lsst_hardware_r 51.20416516316002 91.75 31.670000076293945 AB 4.931949339031781 1.006520273271792
62581.9929 lsst_hardware_y -41.53417697804 70.79000091552734 30.0 AB 6.324831325142981 1.24402517458967
62582.0099 lsst_hardware_u 4.392841185905038 5.940000057220459 28.889999389648438 AB 6.098981313764577 1.1691337981656873
62583.0836 lsst_hardware_i -39.753593012439474 44.59000015258789 31.309999465942383 AB 6.173677675481235 1.0120783074559403
62583.1022 lsst_hardware_r 29.47703053269688 51.4900016784668 31.639999389648438 AB 6.138935267685629 1.006382830768136
62583.9911 lsst_hardware_z 32.105309515861386 62.34000015258789 30.959999084472656 AB 6.863187155580314 1.2261895284364561
62584.0081 lsst_hardware_r -8.563717627462955 23.1299991607666 31.469999313354492 AB 5.376885667289854 1.1554498049403361
62588.9883 lsst_hardware_y -124.9525403828805 63.18000030517578 30.020000457763672 AB 8.925747041275427 1.1788870795027862
62589.0067 lsst_hardware_u -3.1104575573996835 2.569999933242798 28.299999237060547 AB 7.248207483103256 1.115108843554347
62590.9856 lsst_hardware_y -103.82337326225112 64.6500015258789 30.010000228881836 AB 10.264481268758388 1.1680775270278785
62591.0023 lsst_hardware_i -7.948403363246912 31.260000228881836 31.229999542236328 AB 6.626316000213407 1.1119845612038035
62595.9835 lsst_hardware_y -4.4981486203185455 60.11000061035156 30.030000686645508 AB 10.327780917560448 1.127671662123759
62596.0008 lsst_hardware_g 7.7128775473727975 13.600000381469727 31.389999389648438 AB 8.30458914178817 1.0800258987272062
62597.9818 lsst_hardware_z -21.70059767287014 53.04999923706055 30.959999084472656 AB 12.62924263727843 1.1160764984449487
62597.9978 lsst_hardware_i -8.123493150989184 30.579999923706055 31.239999771118164 AB 12.169249889327055 1.0743656237128716
62599.0279 lsst_hardware_u 1.213037855352838 2.6500000953674316 28.3799991607666 AB 7.786501383543399 1.0217388365502547
62599.0472 lsst_hardware_g -12.981481098308095 13.890000343322754 31.420000076293945 AB 7.571658119333295 1.008523480797402
62599.9808 lsst_hardware_y -26.83048365972154 58.06999969482422 30.030000686645508 AB 10.115264678491709 1.103242711971029
62599.9995 lsst_hardware_r -37.95507399680327 24.270000457763672 31.5 AB 9.553911877881465 1.0593485967491276
62601.9808 lsst_hardware_y -68.33569853643587 55.209999084472656 30.040000915527344 AB 3.245152707844294 1.088825178082805
62601.9989 lsst_hardware_r -3.1020614788864123 33.2599983215332 31.59000015258789 AB 3.0074645962639215 1.0503368787883312
62603.9788 lsst_hardware_y -1.5983815883856587 56.619998931884766 30.049999237060547 AB 8.374835141404919 1.0803915469453775
62603.9969 lsst_hardware_z -28.350227651802918 50.84000015258789 30.979999542236328 AB 8.119089378953134 1.0444797657315352
62607.9768 lsst_hardware_y 243.33210536893557 61.02000045776367 30.059999465942383 AB 15.180702687042265 1.0610311156415821
62607.9954 lsst_hardware_r 60.053024976121684 96.66999816894531 31.65999984741211 AB 14.743468542502926 1.030795535377398
62623.9753 lsst_hardware_y -83.50424152768859 47.529998779296875 30.059999465942383 AB 13.306547283198901 1.0100804465849815
62623.9934 lsst_hardware_u -5.720330343098845 2.7200000286102295 28.5 AB 13.26386950074193 1.0065097605804028
62634.9625 lsst_hardware_y 4.610336785863628 94.1500015258789 30.829999923706055 AB 7.347035190156548 1.0064431767337738
