data/validation/pwv_sim_epoch_fit_epoch/53215939.ecsv
# %ECSV 0.9
# ---
# datatype:
# - {name: time, datatype: float64}
# - {name: band, datatype: string}
# - {name: flux, datatype: float64}
# - {name: fluxerr, datatype: float64}
# - {name: zp, datatype: float64}
# - {name: zpsys, datatype: string}
# - {name: pwv, datatype: float64}
# - {name: airmass, datatype: float64}
# meta: {SNID: '53215939', alt: 1024.0, c: -0.09619207680225372, dec: -12.788582, lat: -30.244573, lon: -70.7499537, ra: 58.359375, t0: 60656.2421875,
#   x0: 5.089625623567367e-06, x1: 0.47584453225135803, z: 0.6084067225456238}
# schema: astropy-2.0
time band flux fluxerr zp zpsys pwv airmass
60553.4028 lsst_hardware_z -202.1402142465012 60.970001220703125 31.709999084472656 AB 0.8191069532814274 1.0513727071747918
60555.405 lsst_hardware_r 6.764250233568291 23.34000015258789 31.510000228881836 AB 1.2581799066548884 1.04906607002909
60557.3944 lsst_hardware_r 29.05228056637851 22.459999084472656 31.5 AB 1.2100312505225068 1.0503743494118984
60557.4127 lsst_hardware_y -13.60734076116207 57.709999084472656 30.059999465942383 AB 1.1908743867737075 1.050153780223728
60566.3438 lsst_hardware_r -81.68735845056413 31.799999237060547 32.2400016784668 AB 1.5891992585567662 1.0723341825619206
60566.3573 lsst_hardware_y -12.139769914007777 47.09000015258789 30.040000915527344 AB 1.5424650861225946 1.057690344769629
60568.3914 lsst_hardware_z 41.817677183186696 62.95000076293945 31.709999084472656 AB 4.545227432167863 1.0544140346815867
60571.3531 lsst_hardware_z 60.335931954436646 64.55999755859375 30.989999771118164 AB 5.659506860125196 1.051627165090252
60571.3718 lsst_hardware_r -17.768337875564136 90.91000366210938 31.65999984741211 AB 5.458710384666683 1.049415645882733
60574.2965 lsst_hardware_i 63.07107926778915 64.5 31.31999969482422 AB 2.210700162884783 1.120902605088399
60574.323 lsst_hardware_z 161.92507637356616 59.630001068115234 30.979999542236328 AB 2.2058826882816076 1.0709468082448759
60580.3027 lsst_hardware_i -12.38719762968733 30.649999618530273 31.239999771118164 AB 4.070419520432699 1.0764034167480363
60580.3214 lsst_hardware_z 10.761524952319457 41.369998931884766 30.950000762939453 AB 3.9532435776698915 1.0558877077109754
60584.3345 lsst_hardware_r 11.207207187641755 22.329999923706055 31.489999771118164 AB 2.524752624751834 1.0490661875698337
60584.3525 lsst_hardware_i -3.847164823992378 30.34000015258789 31.25 AB 2.6406757807353722 1.0579630531792357
60588.3256 lsst_hardware_u 1.9685962255172478 2.700000047683716 28.469999313354492 AB 6.007915075839255 1.0494633085880178
60588.3436 lsst_hardware_g -13.079641006739642 13.649999618530273 31.420000076293945 AB 6.663463399469255 1.05972514470379
60590.3213 lsst_hardware_r 38.47204453197442 22.459999084472656 31.5 AB 3.6951533681686444 1.049759479593365
60590.3389 lsst_hardware_i 20.67591123756105 30.450000762939453 31.260000228881836 AB 4.545705306416971 1.0604289206260429
60599.2949 lsst_hardware_z 6.613155689513078 62.41999816894531 30.989999771118164 AB 5.677924512599033 1.049313818107697
60599.313 lsst_hardware_i 6.1771427187005 68.98999786376953 31.329999923706055 AB 5.726895500765291 1.059212188609642
60603.2869 lsst_hardware_r 51.60644601416357 76.62000274658203 31.649999618530273 AB 2.095263889298959 1.0500821363007937
60603.3049 lsst_hardware_i 108.46738918870486 64.91999816894531 31.329999923706055 AB 2.45301793328615 1.0618742180813754
60607.2778 lsst_hardware_g -4.496054041422333 21.209999084472656 31.56999969482422 AB 3.9927394330392953 1.0507209034313936
60607.2954 lsst_hardware_r 16.29536531269307 29.649999618530273 31.559999465942383 AB 4.023472962803831 1.06333250129162
60609.2094 lsst_hardware_i 46.64108337867272 44.130001068115234 32.0 AB 3.3573883978399723 1.101505379869094
60609.2299 lsst_hardware_z 64.36068877456478 58.9900016784668 31.700000762939453 AB 3.3004365033602294 1.0678432430190807
60611.2558 lsst_hardware_z 19.893147185598394 41.630001068115234 30.959999084472656 AB 2.734897096836532 1.0487238819595126
60611.2727 lsst_hardware_i -12.18718259875116 30.940000534057617 31.270000457763672 AB 2.7581288700195064 1.0535922340431483
60613.2449 lsst_hardware_u 7.476949092581055 2.930000066757202 28.6200008392334 AB 3.9993430484901946 1.0493979529416906
60613.2602 lsst_hardware_g 11.531568589793931 14.25 31.459999084472656 AB 3.9910571052849546 1.050278185601304
60615.2429 lsst_hardware_g -0.34219418601786084 14.029999732971191 31.43000030517578 AB 4.560889848177077 1.0488420945562962
60615.2618 lsst_hardware_r 26.299017201052273 22.899999618530273 31.5 AB 3.2831169442564705 1.0536037047328735
60617.2425 lsst_hardware_i -23.67370710281963 30.549999237060547 31.260000228881836 AB 5.9758450325180545 1.0488232081878057
60620.2078 lsst_hardware_r 18.83369566289104 22.969999313354492 31.5 AB 5.579942372401084 1.0594659652349332
60620.2265 lsst_hardware_g 3.1833160538861507 14.15999984741211 31.440000534057617 AB 4.862029911729621 1.0492457457964153
60622.2465 lsst_hardware_r 16.46272926093516 22.81999969482422 31.5 AB 8.393163218674669 1.0561755709786604
60622.2646 lsst_hardware_i -19.588521762070283 30.860000610351562 31.260000228881836 AB 8.367218251615288 1.0761003474522624
60624.2314 lsst_hardware_z 6.026736661942349 43.19342934569461 30.950000762939453 AB 2.473400802705101 1.05072251601746
60624.251 lsst_hardware_i 11.151928436918784 34.00537764794349 31.270000457763672 AB 1.793114142211593 1.0655328170024947
60626.2429 lsst_hardware_z -174.22957632247008 71.37610217850236 31.709999084472656 AB 7.102042722737126 1.062676284606185
60629.2309 lsst_hardware_r 29.021011232614896 109.49431603517677 31.649999618530273 AB 7.876038619049686 1.0590343712585297
60629.249 lsst_hardware_i 47.387319781268374 86.96508899935797 31.329999923706055 AB 8.099364734428635 1.0815015001238206
60631.2165 lsst_hardware_i 161.17886763064783 79.40125522640614 31.329999923706055 AB 4.7936147392235915 1.0526741123741075
60631.2359 lsst_hardware_z -7.030956377974745 69.94619646107724 30.989999771118164 AB 4.888263655528368 1.0704031653864057
60633.2146 lsst_hardware_r 216.02490578811762 59.30375477273613 31.6299991607666 AB 5.181655371025554 1.0548435790168789
60633.2337 lsst_hardware_g 114.0317013400474 60.34225387362579 31.700000762939453 AB 5.287960138334091 1.0748432620222983
60635.0906 lsst_hardware_r 325.4005382894626 29.95785965159314 31.459999084472656 AB 4.866495836575167 1.2646270959960402
60640.1974 lsst_hardware_i 708.2145250902443 40.25597909216295 31.25 AB 3.751728252671365 1.056205021279915
60640.2175 lsst_hardware_z 345.40664842177097 47.088416268419174 30.950000762939453 AB 4.1005222773441705 1.0791794746936145
60644.1792 lsst_hardware_g 479.6390679412335 25.827960699563143 31.420000076293945 AB 8.175794372876387 1.0517520258411348
60644.1979 lsst_hardware_r 1365.0804268451873 43.42958748381839 31.5 AB 8.273028327563283 1.0672809556296565
60646.182 lsst_hardware_i 1132.6029498973335 45.573927259068974 31.25 AB 6.746263212622766 1.056957231743383
60646.2022 lsst_hardware_z 695.5298382197672 50.0954177373023 30.940000534057617 AB 6.907706629079526 1.080880168688797
60648.1823 lsst_hardware_r 1747.3413760433968 47.57030109780159 31.510000228881836 AB 2.5977856253432954 1.0621270018439368
60648.2016 lsst_hardware_g 636.931738279857 28.165422543893378 31.420000076293945 AB 2.559676297715674 1.0891467120270935
60650.1561 lsst_hardware_u 4.967457812544001 3.7419543135121454 28.459999084472656 AB 4.812014433394059 1.0493979791503782
60650.1738 lsst_hardware_r 1801.8856672006564 48.36827383256387 31.5 AB 4.2765017300539725 1.0592391999803432
60654.1616 lsst_hardware_r 2191.3993893300803 64.21264066079223 31.6200008392334 AB 10.149763679134887 1.058130454968626
60654.1798 lsst_hardware_z 965.0183251950921 56.985523314821826 30.959999084472656 AB 10.90795962336139 1.0799960023130089
60656.1458 lsst_hardware_y 422.9125713399643 56.00681513170024 30.049999237060547 AB 10.840322018708996 1.051454632507056
60656.1641 lsst_hardware_r 2110.2881151392544 87.6981235890007 31.649999618530273 AB 10.995727445218636 1.0660628360422681
60658.1596 lsst_hardware_i 1676.3316653542336 91.15776513386535 31.329999923706055 AB 8.402615742446633 1.067188447549227
60658.1775 lsst_hardware_z 974.3928735521587 79.08509103949051 30.989999771118164 AB 8.722092134787372 1.0951596484629689
60660.1507 lsst_hardware_r 1959.3575646886848 100.8369365467905 31.65999984741211 AB 9.981087834912538 1.063326118776182
60660.1682 lsst_hardware_z 1074.8755865951484 72.43875314160545 30.979999542236328 AB 9.282497747817755 1.0880052058391587
60663.1193 lsst_hardware_z 990.3850055089566 53.21524220887658 30.959999084472656 AB 3.484427244491601 1.049131274216515
60663.1425 lsst_hardware_i 1343.2012660138323 54.63151588483008 31.299999237060547 AB 3.191012750835701 1.063316478119194
60665.0892 lsst_hardware_r 1494.4010640976092 43.939969625912966 31.5 AB 4.116839737769785 1.0559609450501655
60665.1107 lsst_hardware_u 0.9921517299365323 2.875882870857008 28.469999313354492 AB 4.182432138607549 1.0487542975443032
60672.0801 lsst_hardware_r 1024.49277361166 38.852466559091425 31.5 AB 8.603328069116591 1.0504674077065432
60672.1008 lsst_hardware_g 157.26015242808737 18.138592283028338 31.40999984741211 AB 7.881675697442969 1.0508900929923959
60674.0796 lsst_hardware_r 895.0391310189514 37.3676920140122 31.5 AB 7.882371413024725 1.0491293931420789
60674.1026 lsst_hardware_i 731.9805920609574 42.080164624862896 31.25 AB 7.85085283058133 1.0547968333442603
60676.0511 lsst_hardware_y 191.43078420406465 50.59921398063728 30.040000915527344 AB 7.325506023848685 1.063150557676278
60676.0727 lsst_hardware_z 752.6701894126061 48.85989521414837 30.950000762939453 AB 7.232211350662549 1.0494233709944998
60678.0517 lsst_hardware_y 331.5177051614815 50.25322539075616 30.040000915527344 AB 6.791156623927769 1.057510569244676
60678.075 lsst_hardware_u 0.39370356482595237 2.880373936546287 28.3799991607666 AB 7.236300148548053 1.0487391519634859
60680.05 lsst_hardware_y 167.83891279680307 51.47106730261458 30.049999237060547 AB 11.285509110625723 1.0547204776285724
60680.0714 lsst_hardware_r 609.1931497576563 34.17879505232138 31.510000228881836 AB 11.047059966626183 1.048904288513691
60682.0599 lsst_hardware_z 1194.9089876086543 72.74947936002758 31.709999084472656 AB 10.285097421070894 1.0488308396248203
60684.0372 lsst_hardware_y 305.91074041978527 74.03903862595168 30.06999969482422 AB 7.214546590846052 1.05604487789891
60684.0578 lsst_hardware_z 573.5931089264574 57.713747021363304 30.979999542236328 AB 8.828612590875595 1.0487052561348125
60686.0387 lsst_hardware_y 231.89467688875536 71.07999664260157 30.06999969482422 AB 7.068168523468516 1.051797749055967
60686.0624 lsst_hardware_i 557.3910072551043 67.66669802750334 31.329999923706055 AB 6.515072312840315 1.0508181149742444
60688.038 lsst_hardware_y 322.65692764186844 75.56537975876091 30.06999969482422 AB 4.038056163188338 1.0499365998929564
60688.0573 lsst_hardware_i 448.5000405011988 71.23991624418468 31.329999923706055 AB 2.2989821471045606 1.0509632672478133
60690.0377 lsst_hardware_y 248.9573097821158 69.86756682098267 30.06999969482422 AB 6.171007659409179 1.04886677307881
60690.0563 lsst_hardware_g 23.290920436298062 51.73620758828074 31.709999084472656 AB 6.2905301857180875 1.0531609217676356
60933.3761 lsst_hardware_g -19.656153863444352 21.639999389648438 31.579999923706055 AB 1.256355500996741 1.0487837225711927
60933.3929 lsst_hardware_y 22.596611144024404 47.959999084472656 30.049999237060547 AB 1.248205850597752 1.0549704329605814
60935.3752 lsst_hardware_i -21.351389062852974 30.540000915527344 31.260000228881836 AB 0.7346000859828336 1.0494286942611908
60935.3937 lsst_hardware_y -16.034771689531187 48.619998931884766 30.040000915527344 AB 0.741991350657373 1.0599876437962472
60937.3429 lsst_hardware_i 50.91525076835791 30.18000030517578 31.239999771118164 AB 5.533505123915546 1.0566846194614943
60937.363 lsst_hardware_z 9.295231758153625 40.97999954223633 30.950000762939453 AB 5.280437504756723 1.0487462770122586
60939.3422 lsst_hardware_r -24.386032152969626 22.420000076293945 31.489999771118164 AB 2.173249460360655 1.0534413283376902
60939.3625 lsst_hardware_u 0.5112126486393337 2.690000057220459 28.450000762939453 AB 2.09817205891991 1.049086029459955
60942.3387 lsst_hardware_g 23.693325133025365 13.550000190734863 31.399999618530273 AB 4.330971072110809 1.0510790127682226
60942.3578 lsst_hardware_r -39.52478584778143 22.3799991607666 31.489999771118164 AB 4.362727492815361 1.0498682451727497
60949.3354 lsst_hardware_r 0.7594997976428127 22.280000686645508 31.489999771118164 AB 4.388286300978882 1.0491181338754945
60949.3535 lsst_hardware_i -1.5867896262845749 30.260000228881836 31.25 AB 4.432787073104295 1.0582390657154248
60951.3191 lsst_hardware_z 93.59474742394976 44.959999084472656 30.959999084472656 AB 3.431761356089164 1.049468304614556
60951.339 lsst_hardware_i -25.38742624146988 32.439998626708984 31.25 AB 3.0512387967583936 1.0521513092270323
60956.3174 lsst_hardware_r -0.5498048750028226 99.80000305175781 31.65999984741211 AB 3.6946767698055503 1.0493259783599973
60956.3358 lsst_hardware_i -42.07532421405602 78.38999938964844 31.329999923706055 AB 4.7315904794441 1.0594694311337265
60958.3276 lsst_hardware_z -19.99450897859828 81.93000030517578 31.729999542236328 AB 2.9399301970981613 1.0571485786041968
60960.294 lsst_hardware_r -40.6157243920596 44.0099983215332 31.6200008392334 AB 5.544746679802608 1.0495947526955862
60960.3119 lsst_hardware_g 2.1774803645935137 42.029998779296875 31.690000534057617 AB 5.565379650737057 1.050997038411883
60964.2924 lsst_hardware_z -94.75898953833106 41.25 30.950000762939453 AB 7.363110792986858 1.048851279834789
60964.3099 lsst_hardware_i -68.41740276943592 30.520000457763672 31.25 AB 7.414936624487513 1.0561334064551948
60966.2901 lsst_hardware_u -3.1524978873763394 2.690000057220459 28.450000762939453 AB 5.411369305027577 1.0493250543004804
60966.3069 lsst_hardware_g -28.09463842580805 13.6899995803833 31.40999984741211 AB 6.5346980574286455 1.058079348676918
60975.2819 lsst_hardware_i 3.9387112815719734 30.59000015258789 31.25 AB 3.484135716131567 1.057721832462528
60975.2985 lsst_hardware_z 10.629876204844189 41.61000061035156 30.950000762939453 AB 3.378387256793361 1.0767768149142185
60977.2549 lsst_hardware_z 51.987866306294364 41.27000045776367 30.950000762939453 AB 2.7478693916606325 1.0487383976823228
60977.2697 lsst_hardware_i 54.08625046063175 30.600000381469727 31.25 AB 2.743891012556855 1.0530475934080294
60980.2661 lsst_hardware_z 15.090055032429554 45.54999923706055 30.959999084472656 AB 5.2832098533529965 1.0560435459945794
60980.2848 lsst_hardware_g -38.96857225529099 27.209999084472656 31.6200008392334 AB 5.426944669023026 1.0767035253666917
60990.2286 lsst_hardware_g -34.586793070266964 23.260000228881836 31.59000015258789 AB 2.4190280094769876 1.0504572669076668
60990.245 lsst_hardware_r 34.31171214232469 32.369998931884766 31.56999969482422 AB 2.4439724857187413 1.0613661634564104
60992.2307 lsst_hardware_i 44.04237780827717 30.350000381469727 31.239999771118164 AB 7.048880976813741 1.0542221910584224
60992.2492 lsst_hardware_z -0.407261163787376 41.25 30.940000534057617 AB 7.159144727576921 1.072664961055351
60996.2186 lsst_hardware_u 2.8403191792265496 2.6700000762939453 28.420000076293945 AB 6.16723601563899 1.053493034600393
60996.2386 lsst_hardware_r 27.237863374369383 22.850000381469727 31.489999771118164 AB 6.288836225046073 1.0731039417067552
60998.2172 lsst_hardware_i -0.7828329582514354 30.829999923706055 31.25 AB 5.601668175420724 1.0562210192176344
60998.2371 lsst_hardware_z -56.00283342561722 41.880001068115234 30.940000534057617 AB 5.732014200803873 1.078882760719125
61000.2214 lsst_hardware_r -1.8252465975812995 22.969999313354492 31.489999771118164 AB 3.485514166434189 1.0652549408417111
61000.2412 lsst_hardware_u 0.6083077999953765 2.6700000762939453 28.389999389648438 AB 3.594183076987725 1.0955926772132167
61003.1222 lsst_hardware_u -3.2582033795702476 3.799999952316284 29.139999389648438 AB 8.955293353981633 1.1215613284605288
61003.1288 lsst_hardware_g -30.41238547865501 19.959999084472656 32.150001525878906 AB 9.68676798677397 1.1060479546442077
61005.1995 lsst_hardware_r -8.933414023255523 22.899999618530273 31.5 AB 4.9595124435736855 1.0573150462423515
61005.2179 lsst_hardware_i -24.277912587115317 30.8700008392334 31.239999771118164 AB 5.68103569285011 1.078745938258814
61007.1288 lsst_hardware_z 0.9708640957420415 43.279998779296875 30.950000762939453 AB 4.612387721796852 1.0848422709047867
