data/validation/pwv_sim_epoch_fit_epoch/53292047.ecsv
# %ECSV 0.9
# ---
# datatype:
# - {name: time, datatype: float64}
# - {name: band, datatype: string}
# - {name: flux, datatype: float64}
# - {name: fluxerr, datatype: float64}
# - {name: zp, datatype: float64}
# - {name: zpsys, datatype: string}
# - {name: pwv, datatype: float64}
# - {name: airmass, datatype: float64}
# meta: {SNID: '53292047', alt: 1024.0, c: -0.12218619883060455, dec: -30.345182, lat: -30.244573, lon: -70.7499537, ra: 82.089844, t0: 61785.8046875,
#   x0: 7.757111345987284e-06, x1: 0.697068989276886, z: 0.5109496712684631}
# schema: astropy-2.0
time band flux fluxerr zp zpsys pwv airmass
61651.3226 lsst_hardware_u 0.8075282433065417 2.380000114440918 28.059999465942383 AB 2.254920455145737 1.4604407092912803
61651.3394 lsst_hardware_g 19.946718062803253 13.479999542236328 31.299999237060547 AB 1.3469031268360285 1.3393136826344334
61653.3177 lsst_hardware_r -2.2068378784386393 23.760000228881836 31.420000076293945 AB 2.6786932433127424 1.4558774817588165
61653.3343 lsst_hardware_i 83.59410221766672 32.52000045776367 31.209999084472656 AB 1.6649498440982016 1.3370406296713122
61655.3263 lsst_hardware_z 60.7130208459848 44.880001068115234 30.90999984741211 AB 2.4779637487318547 1.3533390216995382
61655.3427 lsst_hardware_u 1.7719939825733515 2.5 28.229999542236328 AB 2.9764781175791573 1.2581984433898086
61672.3011 lsst_hardware_r -7.453726828581913 26.030000686645508 31.489999771118164 AB 5.536808251033778 1.234402211099031
61672.3182 lsst_hardware_i -31.29792944248386 33.18000030517578 31.239999771118164 AB 5.119272245966323 1.1623262497463838
61678.253 lsst_hardware_g 14.725958187227153 13.270000457763672 31.270000457763672 AB 3.370923673403643 1.4278533032412986
61678.271 lsst_hardware_r -40.04300655710513 22.93000030517578 31.43000030517578 AB 3.1563945670567044 1.3069956799406643
61682.2775 lsst_hardware_r 17.025942713580424 22.469999313354492 31.459999084472656 AB 3.290131741255232 1.2172148506307265
61682.2977 lsst_hardware_i -40.26844492210944 30.579999923706055 31.229999542236328 AB 3.0433234105328064 1.1384357656534778
61686.2744 lsst_hardware_z -77.63483454798694 42.619998931884766 30.93000030517578 AB 4.476541989691233 1.1838527828871854
61686.2937 lsst_hardware_r 27.92147662608099 21.950000762939453 31.469999313354492 AB 4.069921415292113 1.1165765199704012
61688.3102 lsst_hardware_i 2.004474480564672 29.950000762939453 31.239999771118164 AB 2.9630917021601335 1.061627815541245
61688.3294 lsst_hardware_z -5.606742153299773 40.54999923706055 30.950000762939453 AB 2.8763027621421178 1.0290886447735663
61692.2634 lsst_hardware_y -8.938588287545276 52.86000061035156 30.010000228881836 AB 6.670451282042879 1.1630619906791995
61692.2824 lsst_hardware_r 49.89461601192693 74.22000122070312 31.639999389648438 AB 6.354931247429005 1.1019952741889287
61694.2661 lsst_hardware_i 86.92750023812278 67.23999786376953 31.31999969482422 AB 8.280981528893086 1.1346012165227914
61694.2837 lsst_hardware_z -34.82277112090537 60.04999923706055 30.979999542236328 AB 7.894663542603385 1.084394566478249
61698.2658 lsst_hardware_r 56.252708363572864 51.02000045776367 31.6200008392334 AB 1.4131658757177628 1.1026001631084315
61698.2844 lsst_hardware_i -22.82073774849531 45.689998626708984 31.299999237060547 AB 1.353592466186461 1.058596819228202
61700.2466 lsst_hardware_i 26.624548672011056 34.86000061035156 31.260000228881836 AB 2.787270738584154 1.145061583807496
61700.2644 lsst_hardware_z 16.888198947853976 43.790000915527344 30.950000762939453 AB 3.1289561572192897 1.091750229315872
61702.1795 lsst_hardware_r 39.60308973501646 23.559999465942383 31.40999984741211 AB 3.2862240654683497 1.4930595481455473
61702.1978 lsst_hardware_z 38.07379311815288 45.31999969482422 30.920000076293945 AB 2.9124167012659963 1.3545599168719746
61705.1913 lsst_hardware_r -31.73757422781678 23.09000015258789 31.43000030517578 AB 3.2940914988792596 1.3436131198691745
61705.2104 lsst_hardware_u 1.4883705602088284 2.549999952316284 28.280000686645508 AB 3.9031005775912506 1.2373119599274847
61707.197 lsst_hardware_g -10.39936161055817 13.079999923706055 31.329999923706055 AB 2.7346630841186537 1.277879945849838
61707.2158 lsst_hardware_r 4.412362249365155 22.170000076293945 31.459999084472656 AB 3.9128014637620403 1.1890001915710695
61709.1949 lsst_hardware_i -30.978952789051018 31.790000915527344 31.219999313354492 AB 4.242219704547163 1.2601276413326545
61709.2137 lsst_hardware_z -38.672110251026126 42.83000183105469 30.940000534057617 AB 4.490759179658345 1.1755657633101722
61711.1681 lsst_hardware_z -19.597515794575685 45.529998779296875 30.899999618530273 AB 4.960981559494211 1.3895333826746616
61711.1857 lsst_hardware_r 26.97118109428444 22.6299991607666 31.43000030517578 AB 4.533545104390672 1.2799393293028438
61720.2019 lsst_hardware_z 46.359223160615265 50.9900016784668 30.959999084472656 AB 0.7984071912671082 1.113538621014098
61720.22 lsst_hardware_i 84.51507506419587 49.150001525878906 31.309999465942383 AB 2.4583105180305647 1.0675928711772376
61724.2115 lsst_hardware_y -34.61766014295936 75.98999786376953 30.799999237060547 AB 7.85067039402162 1.0624807679009745
61726.2031 lsst_hardware_r -28.880946386713386 63.06999969482422 31.639999389648438 AB 2.840207049144008 1.068717963993857
61726.2205 lsst_hardware_i -82.12537335220173 53.47999954223633 31.31999969482422 AB 5.989189719695393 1.036535711616024
61728.2098 lsst_hardware_z 135.38799398417441 45.119998931884766 30.959999084472656 AB 5.559865435276071 1.0450547480234664
61728.2276 lsst_hardware_r 52.66970879954705 41.31999969482422 31.6200008392334 AB 5.4251241305541225 1.0199518951972406
61729.2076 lsst_hardware_u -2.9455135513325623 3.5899999141693115 28.670000076293945 AB 5.288262199953093 1.0441481242504638
61729.2262 lsst_hardware_r -28.74041665667075 30.079999923706055 31.56999969482422 AB 5.011110371539036 1.01850111716383
61734.2134 lsst_hardware_r 45.60430400709318 21.649999618530273 31.489999771118164 AB 6.331100086156001 1.0176027141251995
61734.2316 lsst_hardware_u 2.298611767518721 2.680000066757202 28.489999771118164 AB 6.231250693296765 1.0038261286019758
61736.101 lsst_hardware_r 16.130427458687446 23.290000915527344 31.420000076293945 AB 5.265698106648372 1.3814082742289842
61736.1169 lsst_hardware_u 0.5256294057118149 2.5 28.219999313354492 AB 4.881481911629963 1.2829124603495652
61738.1367 lsst_hardware_u 1.3135697407312763 2.569999933242798 28.329999923706055 AB 5.892500788334868 1.167217059425857
61738.1561 lsst_hardware_g 26.931405972936357 13.010000228881836 31.360000610351562 AB 5.62488211660168 1.103964302757845
61740.1399 lsst_hardware_r -4.556779442222087 22.40999984741211 31.479999542236328 AB 9.271316217837636 1.1366085837731563
61740.1566 lsst_hardware_i -30.48884370316754 30.450000762939453 31.239999771118164 AB 8.890229125614482 1.0881553397324948
61742.1238 lsst_hardware_z 44.70249599034165 43.0 30.940000534057617 AB 7.696415782897138 1.1747934873794152
61742.1407 lsst_hardware_r -20.760653389937588 22.290000915527344 31.469999313354492 AB 7.223704443447201 1.1169032050684085
61744.1456 lsst_hardware_z 3.8696916158009675 41.90999984741211 30.940000534057617 AB 2.6968502862710744 1.0883539073567476
61744.1668 lsst_hardware_g 34.69459842192119 15.4399995803833 31.459999084472656 AB 2.508719285863456 1.043886106673653
61746.1458 lsst_hardware_r -23.17775733222926 33.40999984741211 31.56999969482422 AB 4.9120822340462045 1.074736294507429
61746.1671 lsst_hardware_z -15.911085820751564 42.689998626708984 30.950000762939453 AB 4.193687467568845 1.034711933769762
61748.1451 lsst_hardware_y -27.424140258638584 48.790000915527344 30.040000915527344 AB 5.83306093146179 1.0642977006681487
61748.1681 lsst_hardware_r -45.824743127228786 46.0 31.6299991607666 AB 6.185234826074866 1.025786280703987
61750.1267 lsst_hardware_r -29.576853834177367 66.7699966430664 31.639999389648438 AB 10.482997857130686 1.0948491208338547
61750.1487 lsst_hardware_i -38.08627209247507 54.939998626708984 31.31999969482422 AB 10.029790111783097 1.0468507827312727
61752.0286 lsst_hardware_y 106.11454828300523 96.19000244140625 29.8799991607666 AB 17.476372575808387 1.6339548489641103
61752.0501 lsst_hardware_r -87.10473577674422 96.44000244140625 31.559999465942383 AB 16.37653123388244 1.4345244598705709
61754.0296 lsst_hardware_y 1.2987895176613258 78.19999694824219 29.8700008392334 AB 11.879717525603775 1.5665569139218667
61754.0507 lsst_hardware_z 93.92927152576986 58.25 30.93000030517578 AB 10.671534605155012 1.3895094804151928
61756.05 lsst_hardware_y 13.313901466905135 51.363978785259356 29.93000030517578 AB 14.790821294292172 1.3569560820451534
61756.073 lsst_hardware_u -1.092278795137127 2.5044878752132185 28.219999313354492 AB 13.398239694503122 1.228548214886917
61758.0488 lsst_hardware_y -41.95330605870246 50.65097375122038 29.959999084472656 AB 5.510436466519356 1.3297385295654816
61758.0702 lsst_hardware_r 36.767062789066586 22.90851883724303 31.459999084472656 AB 5.050775081256731 1.216321512644789
61760.0507 lsst_hardware_y -4.216360800804815 51.19718361741507 29.969999313354492 AB 5.669671357881762 1.286612259731111
61760.074 lsst_hardware_r 30.52018181923808 23.609569069213805 31.459999084472656 AB 5.153134242392377 1.177343466837548
61764.0362 lsst_hardware_z 140.15391599502183 66.35728403988641 30.950000762939453 AB 7.468773988082537 1.306986435923097
61764.0571 lsst_hardware_g 116.37306277845387 17.050116422491833 31.3700008392334 AB 8.593087149318622 1.201886402534191
61766.0527 lsst_hardware_y 201.61458559500227 50.614646714377834 29.989999771118164 AB 7.683219796669066 1.197369353125658
61766.0777 lsst_hardware_i 452.437661390909 37.02566574358833 31.239999771118164 AB 7.119255492224262 1.109479953593994
61768.0514 lsst_hardware_y 228.69089274141575 51.283644926381314 30.0 AB 9.607870461519521 1.1803280665258298
61768.0742 lsst_hardware_r 997.0998576132808 38.33413892096234 31.479999542236328 AB 8.991517281618597 1.1039309124148904
61770.0394 lsst_hardware_y 134.40949536691764 65.29513855108934 30.010000228881836 AB 9.129808762933434 1.2075934169040299
61770.06 lsst_hardware_g 569.308300344203 27.080515734406962 31.3700008392334 AB 8.476219081916092 1.1300620942915263
61772.0519 lsst_hardware_y 252.76885133227736 52.30759687958113 30.010000228881836 AB 8.095320349413448 1.1386890964103686
61772.0761 lsst_hardware_z 736.7186581834824 49.309460348652195 30.940000534057617 AB 7.681345478711133 1.071815648192252
61774.0518 lsst_hardware_y 587.012268175685 81.97074751641536 30.780000686645508 AB 2.52764733237548 1.1215295983917803
61776.049 lsst_hardware_z 1080.125806614442 56.44468019769059 30.959999084472656 AB 10.867372562914575 1.1135363648044188
61776.0715 lsst_hardware_r 2597.517475649885 61.87808476092942 31.59000015258789 AB 10.324319248492985 1.0584702940837605
61778.0473 lsst_hardware_y 478.11552324124017 56.47421957799602 30.040000915527344 AB 8.906819473673906 1.1028068437657377
61778.0687 lsst_hardware_z 1286.35734455934 59.77625911358687 30.969999313354492 AB 8.501560257730908 1.0533139548063695
61780.0455 lsst_hardware_y 420.66527650204165 58.997326148700175 30.040000915527344 AB 9.918059122456143 1.0929793691866594
61780.0632 lsst_hardware_z 1447.5429388783853 67.41726196670176 30.979999542236328 AB 9.529644743249557 1.0533874071388605
61782.0396 lsst_hardware_y 439.95137643577704 70.47588119237838 30.049999237060547 AB 5.622440328197373 1.0941260672726618
61782.056 lsst_hardware_i 2124.5975357660104 82.79948943163603 31.329999923706055 AB 3.997077709686341 1.0567290706374992
61783.0436 lsst_hardware_y 388.77212976296545 59.74978859528404 30.049999237060547 AB 2.178331817852161 1.0774486548050755
61783.0626 lsst_hardware_r 3349.0994374036386 88.60231257306413 31.649999618530273 AB 2.2487032499792288 1.0401032608599579
61786.0436 lsst_hardware_y 574.1317724319618 58.47551517735061 30.040000915527344 AB 3.5951584191816974 1.059659102256782
61786.0613 lsst_hardware_g 1164.1943930349344 36.00898144804812 31.3799991607666 AB 3.4725309792368297 1.0298134576621618
61788.0432 lsst_hardware_z 1429.1632811084135 60.33885794671639 30.959999084472656 AB 4.094869469191452 1.0499665305619108
61788.061 lsst_hardware_i 1869.9001989369465 52.66710879166607 31.25 AB 3.990340680001047 1.0231642769233453
61790.0417 lsst_hardware_y 460.6233131723563 58.391172182493946 30.049999237060547 AB 8.529469777956372 1.0430412446293371
61790.059 lsst_hardware_r 2614.6560541854005 55.41649121802823 31.489999771118164 AB 8.366336060837945 1.0191973273443553
61792.041 lsst_hardware_y 510.1215143659317 57.745864375692626 30.059999465942383 AB 9.480495979151776 1.0354596500393312
61792.0584 lsst_hardware_r 2498.150954098091 54.09080504442686 31.489999771118164 AB 10.954200331555619 1.014277808477372
62020.3224 lsst_hardware_z 32.59053577632222 58.54999923706055 30.940000534057617 AB 2.5351890421304755 1.3844035724944574
62020.3414 lsst_hardware_i -27.075426555024457 57.849998474121094 31.280000686645508 AB 2.904092637748904 1.2685320199835048
62030.3285 lsst_hardware_i 13.377291398219745 31.540000915527344 31.219999313354492 AB 1.3334931633950313 1.200083842863385
62030.3458 lsst_hardware_z 39.58264942254487 42.470001220703125 30.940000534057617 AB 1.4421727114325535 1.1351221656291606
62031.3087 lsst_hardware_z 26.360965691171963 44.08000183105469 30.93000030517578 AB 2.464452339887973 1.2829007495512612
62031.3255 lsst_hardware_i -6.631474000604992 31.299999237060547 31.229999542236328 AB 2.3700414722528396 1.201237441588108
62033.3133 lsst_hardware_u 0.5945741129302654 2.549999952316284 28.290000915527344 AB 8.207495192104963 1.231586123612099
62033.3286 lsst_hardware_g -4.169822296389743 13.100000381469727 31.350000381469727 AB 7.8012482734811694 1.1668325973049238
62035.325 lsst_hardware_i 16.793458433626796 31.010000228881836 31.229999542236328 AB 2.4358406941582778 1.1599241400753704
62035.3422 lsst_hardware_r -16.810514695937215 22.170000076293945 31.479999542236328 AB 1.6685394579261377 1.1046272478822494
62037.3253 lsst_hardware_u 0.9071476717094012 2.5399999618530273 28.31999969482422 AB 4.919366896183519 1.139731687502889
62037.3419 lsst_hardware_g -9.839344062236046 12.960000038146973 31.3700008392334 AB 4.395908118889977 1.0907960592780779
62041.2698 lsst_hardware_z -29.543942888919062 47.65999984741211 30.920000076293945 AB 4.660140927153902 1.3523988180374082
62041.2877 lsst_hardware_r 3.6821670857397657 23.56999969482422 31.450000762939453 AB 4.19677118495037 1.2498760136848694
62044.2691 lsst_hardware_r -62.23270898176213 58.56999969482422 31.579999923706055 AB 6.158546039545381 1.3061603477296673
62044.2885 lsst_hardware_z -43.86512627721306 50.97999954223633 30.950000762939453 AB 5.705114894812669 1.207772541418302
62046.273 lsst_hardware_y -149.2925528987111 75.68000030517578 30.729999542236328 AB 3.2923032505747996 1.255167079898696
62046.3026 lsst_hardware_g -99.17144321935032 117.91000366210938 32.45000076293945 AB 3.6545665390022752 1.133550415323432
62050.2786 lsst_hardware_r 16.184624118854334 71.9000015258789 31.6200008392334 AB 5.195180185363223 1.1807227694007325
62050.2984 lsst_hardware_z -70.37323673726952 55.5 30.969999313354492 AB 5.143275116766034 1.112781288785581
62052.3173 lsst_hardware_z -51.860823676122855 50.36000061035156 30.969999313354492 AB 2.869397047888632 1.0543439455772634
62052.3373 lsst_hardware_r 37.119976260058465 55.29999923706055 31.639999389648438 AB 2.9243702597213077 1.023341978206379
62054.2491 lsst_hardware_i -2.0619594673717865 42.04999923706055 31.260000228881836 AB 4.55683696042655 1.2657880445629306
62054.2678 lsst_hardware_z 9.14419578049811 47.970001220703125 30.950000762939453 AB 4.995876882055834 1.1802445631394824
62055.2639 lsst_hardware_u -2.739031808000885 4.170000076293945 28.719999313354492 AB 6.49340533445651 1.1849279807402389
62055.2834 lsst_hardware_g -11.779217084267533 27.40999984741211 31.6200008392334 AB 6.101786234259782 1.1167762496929365
62057.2639 lsst_hardware_r -21.859806378085423 22.079999923706055 31.459999084472656 AB 6.656688981467148 1.1637568149418092
62057.2828 lsst_hardware_i -2.1443208477152886 30.350000381469727 31.239999771118164 AB 6.310425112725855 1.1027873848094465
62059.2674 lsst_hardware_z 43.473932390317195 42.040000915527344 30.940000534057617 AB 8.25659280193346 1.1326045522148347
62059.2859 lsst_hardware_u -0.1334500676837263 2.5899999141693115 28.389999389648438 AB 7.865245600873909 1.0807248944899053
62065.2655 lsst_hardware_i 87.88587676214406 30.270000457763672 31.239999771118164 AB 3.1231843243656456 1.0906877333215725
