data/validation/pwv_sim_epoch_fit_epoch/53367363.ecsv
# %ECSV 0.9
# ---
# datatype:
# - {name: time, datatype: float64}
# - {name: band, datatype: string}
# - {name: flux, datatype: float64}
# - {name: fluxerr, datatype: float64}
# - {name: zp, datatype: float64}
# - {name: zpsys, datatype: string}
# - {name: pwv, datatype: float64}
# - {name: airmass, datatype: float64}
# meta: {SNID: '53367363', alt: 1024.0, c: 0.19585110247135162, dec: -61.943836, lat: -30.244573, lon: -70.7499537, ra: 9.177632, t0: 62475.37109375,
#   x0: 1.1031526091249843e-05, x1: -0.5715366005897522, z: 0.4416685700416565}
# schema: astropy-2.0
time band flux fluxerr zp zpsys pwv airmass
62327.4002 lsst_hardware_u 2.669427370775224 2.549999952316284 28.299999237060547 AB 11.21068421558003 1.1781497783173955
62327.4112 lsst_hardware_y 68.03791497886336 48.720001220703125 29.989999771118164 AB 11.352405380503205 1.1743260224991678
62332.4443 lsst_hardware_u -13.030680353503897 13.65999984741211 29.25 AB 5.44786428734938 1.188387257970089
62334.4297 lsst_hardware_g -5.678443252072869 13.899999618530273 31.360000610351562 AB 3.2031036553828973 1.1817390353747514
62334.4409 lsst_hardware_i -31.297126369124086 41.54999923706055 31.260000228881836 AB 3.2940498695092018 1.1901544104450192
62343.4186 lsst_hardware_z -120.74092819601525 65.04000091552734 30.969999313354492 AB 7.260993244781986 1.192216065587322
62343.4294 lsst_hardware_r 79.90313568063635 88.94000244140625 31.6200008392334 AB 7.318652186055766 1.2037256884960141
62345.4281 lsst_hardware_y 31.18211306342705 77.87000274658203 30.75 AB 4.3521102409804895 1.2089195113834692
62347.4182 lsst_hardware_r 57.5270227247423 51.77000045776367 31.59000015258789 AB 4.539994674410447 1.2033914139628328
62347.4302 lsst_hardware_i 30.950720837980594 49.540000915527344 31.280000686645508 AB 4.613064512456539 1.2194733698171227
62348.4042 lsst_hardware_i 80.80964425408501 41.970001220703125 31.260000228881836 AB 5.335035572379938 1.1915210658581659
62348.4168 lsst_hardware_z 6.974567287914874 48.18000030517578 30.940000534057617 AB 4.199713171239418 1.20499624739672
62351.4018 lsst_hardware_r -32.536112096135376 27.170000076293945 31.5 AB 3.2784344096902935 1.197237155090795
62351.4131 lsst_hardware_z -49.39300239426864 43.72999954223633 30.93000030517578 AB 3.27020475835431 1.2107385258623882
62352.4061 lsst_hardware_g 6.4462399375352515 17.290000915527344 31.440000534057617 AB 2.5135831306991707 1.2052664256529229
62352.4178 lsst_hardware_i 40.08148596359179 32.40999984741211 31.219999313354492 AB 1.7671043888240763 1.2213600199221815
62354.4056 lsst_hardware_z -10.170729395647268 43.43000030517578 30.93000030517578 AB 3.4854576319047355 1.2116657951521432
62354.4167 lsst_hardware_r -2.5142239947627174 23.09000015258789 31.450000762939453 AB 3.4415799218749727 1.228258358984644
62358.3453 lsst_hardware_r -3.0163421517244196 22.3799991607666 31.469999313354492 AB 6.018091253588349 1.1740517150275591
62358.3563 lsst_hardware_i 3.033807651350992 31.139999389648438 31.239999771118164 AB 6.0161032512697314 1.1775500589684345
62360.1562 lsst_hardware_g 5.536078780644926 13.319999694824219 31.219999313354492 AB 4.962820608595151 1.591497790035858
62360.1732 lsst_hardware_r -13.170147738139622 23.700000762939453 31.399999618530273 AB 4.073553631288767 1.5009409105706581
62362.3951 lsst_hardware_u -0.10001077599335288 2.490000009536743 28.229999542236328 AB 4.319947181399915 1.2286539196245492
62362.4072 lsst_hardware_r 7.601621041405527 22.760000228881836 31.440000534057617 AB 4.273156421366521 1.2505579225538548
62367.3253 lsst_hardware_r 30.01838530392648 22.260000228881836 31.459999084472656 AB 3.142133777890071 1.1751785985563157
62367.3357 lsst_hardware_y 81.51186069948649 48.459999084472656 30.0 AB 2.781231573740395 1.1794875206702269
62369.3802 lsst_hardware_i -62.995061508943635 45.54999923706055 31.270000457763672 AB 1.359405921104612 1.2358235646405562
62369.3909 lsst_hardware_z 31.558568948562623 46.349998474121094 30.93000030517578 AB 1.3818543330924684 1.2562312119022438
62375.3022 lsst_hardware_z -79.02096851578035 53.650001525878906 30.959999084472656 AB 3.5274171609975515 1.1748266980841542
62375.3132 lsst_hardware_r 12.35280137978775 63.52000045776367 31.610000610351562 AB 3.5531589110774906 1.1791456563310256
62376.1499 lsst_hardware_i 85.38929084880093 88.58000183105469 32.43000030517578 AB 5.506168076459274 1.4118379683228908
62376.1617 lsst_hardware_z 53.95266510662335 93.37999725341797 32.119998931884766 AB 5.337387785842575 1.3685609707288653
62378.1896 lsst_hardware_r -36.822877925930634 35.470001220703125 31.530000686645508 AB 4.476359342065732 1.2737737332477006
62378.2037 lsst_hardware_z -39.36008529149315 47.11000061035156 30.93000030517578 AB 4.310431329136413 1.2443209110066866
62380.3102 lsst_hardware_r 15.5036036002862 29.56999969482422 31.520000457763672 AB 1.8658068023657868 1.1859569695635066
62380.3214 lsst_hardware_y 50.29449610011962 49.099998474121094 29.989999771118164 AB 1.8130875047810233 1.1959680110692765
62382.3585 lsst_hardware_r 44.91616986207993 24.450000762939453 31.459999084472656 AB 1.277260103536362 1.2627386095268036
62382.3692 lsst_hardware_i -42.373238178208446 32.880001068115234 31.209999084472656 AB 1.3202709940721318 1.2874412423911572
62385.3629 lsst_hardware_z 5.913788965318331 44.790000915527344 30.920000076293945 AB 1.1416351239662759 1.2921733151853716
62385.3745 lsst_hardware_r 27.3822141724664 23.040000915527344 31.43000030517578 AB 1.1613695429423778 1.3237494790376645
62387.3035 lsst_hardware_z 15.280181073223453 43.20000076293945 30.93000030517578 AB 3.3522534954383962 1.1972333912279987
62387.3146 lsst_hardware_r -13.28703830827682 22.56999969482422 31.459999084472656 AB 3.3892950688278445 1.2104625245813732
62389.3569 lsst_hardware_i 31.831648106934676 31.979999542236328 31.209999084472656 AB 4.880801259023976 1.3050270746053414
62389.3675 lsst_hardware_z 113.53901885107014 44.630001068115234 30.920000076293945 AB 5.070280209358287 1.3354557180048165
62393.296 lsst_hardware_r -0.4217431813046263 22.479999542236328 31.450000762939453 AB 1.9599017687090678 1.2075796480029686
62393.3072 lsst_hardware_u -0.7467916689901908 2.549999952316284 28.290000915527344 AB 1.9644289851591505 1.2234351163540484
62399.2807 lsst_hardware_z 58.182509017580145 58.939998626708984 30.959999084472656 AB 8.341934847674715 1.2089760648803933
62399.2941 lsst_hardware_r -17.825007892682496 74.80000305175781 31.600000381469727 AB 8.14013170253019 1.2286991249104093
62404.1123 lsst_hardware_r -69.15946028907165 96.80000305175781 32.34000015258789 AB 6.499094714480524 1.288906203704791
62404.1221 lsst_hardware_i 9.131495462934183 80.41999816894531 32.029998779296875 AB 6.364267299147393 1.265974995686302
62414.2463 lsst_hardware_i 29.87014662046008 31.3700008392334 31.219999313354492 AB 8.221901870732554 1.2180595364047295
62414.2574 lsst_hardware_r 17.87348538755453 22.440000534057617 31.440000534057617 AB 8.184731361592963 1.2359597354732281
62416.2424 lsst_hardware_u -3.8282071918730383 2.5 28.260000228881836 AB 4.943060379801015 1.2203831819281916
62416.2541 lsst_hardware_g -46.70015402908736 12.930000305175781 31.31999969482422 AB 5.455251461093108 1.239829877521161
62420.2829 lsst_hardware_r 40.151216931068134 22.770000457763672 31.440000534057617 AB 5.583921026473628 1.3356000063319764
62420.293 lsst_hardware_u 2.8215043718808115 2.5 28.219999313354492 AB 6.167146754949665 1.3683232145584594
62422.1974 lsst_hardware_z 27.684025721078804 42.72999954223633 30.93000030517578 AB 7.807556520396879 1.1874610677409703
62422.2092 lsst_hardware_g -9.29697184311484 12.930000305175781 31.34000015258789 AB 6.981738718286915 1.1986160493782583
62423.2036 lsst_hardware_r 12.804935286148666 25.719999313354492 31.489999771118164 AB 9.903142124929213 1.195598469748788
62425.2785 lsst_hardware_y 90.09988682876303 50.84000015258789 29.940000534057617 AB 9.95241608990413 1.3654333464300363
62425.2891 lsst_hardware_g -14.06626858168241 13.1899995803833 31.280000686645508 AB 10.236599160208819 1.4036518719576963
62429.1791 lsst_hardware_z 13.481499906593193 58.369998931884766 30.959999084472656 AB 2.6647801686861707 1.1881311594056767
62429.1899 lsst_hardware_r -38.29640261523662 76.91000366210938 31.610000610351562 AB 2.6661860564308784 1.1984205220504536
62433.2181 lsst_hardware_z -56.044952582046406 57.25 30.950000762939453 AB 2.169647708525952 1.2603239666153352
62433.2287 lsst_hardware_r -24.733041272641355 74.91000366210938 31.600000381469727 AB 2.118631933141319 1.2844085681365982
62437.2169 lsst_hardware_r 73.81906192339508 42.0 31.559999465942383 AB 3.4493550905817365 1.2822881377626285
62437.2276 lsst_hardware_z 33.058083413303486 48.65999984741211 30.93000030517578 AB 3.4868218204004227 1.3098504208867103
62438.1615 lsst_hardware_r -10.79312892407489 22.290000915527344 31.459999084472656 AB 3.4219494260255923 1.1944671915849412
62438.1737 lsst_hardware_i -78.6159577217268 31.170000076293945 31.219999313354492 AB 2.5550546023321417 1.2083493035381374
62442.2077 lsst_hardware_r 9.99283408460732 22.81999969482422 31.43000030517578 AB 4.557325489246774 1.2933169178421775
62442.2196 lsst_hardware_i 12.64762970979973 32.47999954223633 31.200000762939453 AB 5.816558844436268 1.3259380736160105
62451.0723 lsst_hardware_u -3.2337908285298527 3.4301276474249414 28.520000457763672 AB 4.063325192905642 1.174484591840922
62451.0838 lsst_hardware_r -0.18895234698924415 25.03761149512526 31.479999542236328 AB 2.2879281168262016 1.173296470167594
62454.1544 lsst_hardware_z 193.65638150516762 49.97131271770607 30.940000534057617 AB 6.23118018133624 1.2474835197870093
62454.1659 lsst_hardware_i 321.6027055109196 43.96193340484537 31.25 AB 6.329311216257835 1.2716056621589586
62456.094 lsst_hardware_r 1142.1815293376255 81.87921591022607 32.349998474121094 AB 6.825245467244724 1.180276765767948
62456.1046 lsst_hardware_z 725.8949697492399 76.4953231652156 31.700000762939453 AB 6.8719119507409925 1.1875252863422248
62458.1498 lsst_hardware_r 1023.8885574656246 72.18627208446341 31.579999923706055 AB 6.037342728339472 1.2602740274166522
62458.1614 lsst_hardware_i 779.8702338329953 61.99298184942637 31.270000457763672 AB 6.235810753355061 1.28679545054764
62460.0749 lsst_hardware_i 1226.9171180424673 70.18861792684714 31.299999237060547 AB 7.788170188335769 1.176445944286193
62460.0876 lsst_hardware_z 977.4648066460381 64.80827696785876 30.959999084472656 AB 6.8191345159774475 1.1830559535005556
62461.0559 lsst_hardware_z 1067.8477501108318 66.0755387635986 30.959999084472656 AB 4.5244166552879514 1.1732938553714467
62461.0685 lsst_hardware_r 1715.698195117163 88.95229128289472 31.610000610351562 AB 4.5547509519988 1.1752174125738712
62463.0562 lsst_hardware_u 3.544051009098152 8.52195224403627 29.040000915527344 AB 8.005355673952405 1.173734108221991
62463.0676 lsst_hardware_r 2235.9622038687976 71.77506471503858 31.600000381469727 AB 8.023765029671416 1.1767927200691395
62466.0576 lsst_hardware_r 2803.934816697415 57.59571247242876 31.459999084472656 AB 5.083951056628343 1.1761145257469532
62466.0709 lsst_hardware_u 4.750294966085079 3.0503599251046993 28.229999542236328 AB 5.10400137152352 1.1828508392870265
62468.1002 lsst_hardware_g 896.5037461997343 32.277990903650625 31.34000015258789 AB 4.676704438160396 1.2201159504723185
62468.1124 lsst_hardware_r 3317.42493371499 61.214557254688025 31.450000762939453 AB 4.770194478794565 1.2404076827930741
62695.3269 lsst_hardware_i 59.06591040378487 157.17999267578125 33.38999938964844 AB 7.6943166210192215 1.2613633804949544
62695.3571 lsst_hardware_z -21.550218932387168 138.80999755859375 32.900001525878906 AB 7.317931409314038 1.2096420865029542
62707.4308 lsst_hardware_u -0.595632551381271 3.740000009536743 28.530000686645508 AB 7.433923679414337 1.2012965991054558
62709.4382 lsst_hardware_r -26.004582424181432 31.329999923706055 31.520000457763672 AB 3.75990073084753 1.2181103879635626
62711.2525 lsst_hardware_i 23.421514416860333 32.45000076293945 31.200000762939453 AB 5.63327385067894 1.3415751013762658
62711.2749 lsst_hardware_z 17.466980431608224 44.2400016784668 30.920000076293945 AB 5.361902970581909 1.28012326456803
62716.4098 lsst_hardware_r 41.17776341850588 22.260000228881836 31.450000762939453 AB 3.278290382598289 1.205549294900082
62716.4214 lsst_hardware_g 19.37401022843574 13.84000015258789 31.360000610351562 AB 2.6337149570711613 1.22157465541334
62722.3943 lsst_hardware_z 19.896148586861113 43.060001373291016 30.93000030517578 AB 4.6745517891506 1.2066473384487868
62722.4051 lsst_hardware_g -6.577860024206766 13.069999694824219 31.329999923706055 AB 4.707610655075893 1.2216982668882075
62723.4046 lsst_hardware_r -21.826196062895683 22.739999771118164 31.459999084472656 AB 6.370934299834174 1.2251796730450333
62723.4153 lsst_hardware_i -29.559422623026087 32.13999938964844 31.219999313354492 AB 6.467399300512387 1.2437306347139205
62725.3915 lsst_hardware_z 203.40364266518122 85.01000213623047 31.709999084472656 AB 3.6722151321047405 1.2137882271107805
62731.3992 lsst_hardware_z 13.986820537922963 49.369998931884766 30.940000534057617 AB 3.0768049502493877 1.2549850238950595
62731.4109 lsst_hardware_r -41.30419546247898 48.130001068115234 31.56999969482422 AB 3.1311279891598374 1.2808868844998311
62733.3748 lsst_hardware_r -44.536425491397324 34.630001068115234 31.540000915527344 AB 3.194077984349028 1.221289058507148
62733.386 lsst_hardware_i 4.54200536989306 37.33000183105469 31.239999771118164 AB 2.0305488526796514 1.2400298336974969
62735.3272 lsst_hardware_i -25.46354807647788 32.599998474121094 31.229999542236328 AB 2.130868129065192 1.1789035292202255
62735.3385 lsst_hardware_z -65.66835029337247 43.66999816894531 30.940000534057617 AB 2.3020691710431738 1.1861240898462038
62738.3702 lsst_hardware_r 13.826150175688639 22.559999465942383 31.450000762939453 AB 2.4429869268649047 1.2361730180214572
62738.3809 lsst_hardware_i -18.571650036662863 31.530000686645508 31.219999313354492 AB 2.8042182210357947 1.2566516787075037
62740.3827 lsst_hardware_z -35.83039497378403 44.29999923706055 30.920000076293945 AB 4.168756505917621 1.272417094518923
62740.3933 lsst_hardware_u 0.1852990994793246 2.5199999809265137 28.229999542236328 AB 4.269169444313355 1.2983104825707763
62742.3645 lsst_hardware_g -12.144708157067829 13.199999809265137 31.329999923706055 AB 8.779324371743405 1.2457654486439416
62742.376 lsst_hardware_r -19.528674068915826 22.860000610351562 31.450000762939453 AB 9.462018451080034 1.269615142375888
62744.3715 lsst_hardware_i -19.60758577428792 31.8700008392334 31.209999084472656 AB 6.416462947269332 1.2717829537227545
62744.3827 lsst_hardware_z 45.438722030822376 44.5 30.920000076293945 AB 6.314411200298687 1.2991501826589669
62747.3675 lsst_hardware_z 13.75728919410544 44.599998474121094 30.920000076293945 AB 1.2819944471875593 1.2815672581015254
62747.3794 lsst_hardware_i -8.966741236968103 32.439998626708984 31.200000762939453 AB 1.561707731441028 1.3123594381857377
62751.2978 lsst_hardware_y -92.35594411911957 49.91999816894531 30.0 AB 2.2353312610399496 1.1885318415740096
62751.3108 lsst_hardware_g 42.348041244400896 25.139999389648438 31.549999237060547 AB 2.177930235203018 1.2014509641169593
62755.3001 lsst_hardware_z -36.98822888507184 64.98999786376953 30.969999313354492 AB 2.9369746423741585 1.2017081188110306
62755.3108 lsst_hardware_r 121.54307215524037 91.77999877929688 31.610000610351562 AB 2.8369702226541236 1.215497096252838
62762.3297 lsst_hardware_r 9.230032679038283 39.02000045776367 31.540000915527344 AB 2.560537672678183 1.28929389359452
62762.341 lsst_hardware_i 5.201563966346226 39.939998626708984 31.229999542236328 AB 1.9646339226970824 1.319579484628064
62764.2802 lsst_hardware_r -1.2885264094816493 26.75 31.489999771118164 AB 8.330956644310715 1.2073850209145964
62764.2923 lsst_hardware_i -25.144720251859123 33.97999954223633 31.229999542236328 AB 7.941680431188736 1.224623042589052
62765.2881 lsst_hardware_z 42.36839636371901 44.189998626708984 30.93000030517578 AB 4.6158193392586275 1.2223288551495868
62765.2993 lsst_hardware_r -20.61750867330431 24.649999618530273 31.469999313354492 AB 3.8522756986368654 1.241268148425209
62767.284 lsst_hardware_u 3.356088768746954 2.5399999618530273 28.280000686645508 AB 2.126262225863998 1.2244527646783747
62767.296 lsst_hardware_r 31.444694892352334 22.65999984741211 31.450000762939453 AB 2.543556391568626 1.2453152467903406
62772.3026 lsst_hardware_r 45.473468548570516 22.649999618530273 31.420000076293945 AB 4.852258947968804 1.2898083327934797
62772.315 lsst_hardware_u -0.8274036123644589 2.380000114440918 28.100000381469727 AB 5.026090794191277 1.3233519731941947
62774.3055 lsst_hardware_g 2.2158158228437923 13.020000457763672 31.290000915527344 AB 4.9572175381993535 1.3118670296261359
62774.3176 lsst_hardware_r -24.72161629502106 22.959999084472656 31.420000076293945 AB 5.048173525130111 1.3479769092470257
62783.1687 lsst_hardware_z 41.94822718683706 82.56999969482422 31.709999084472656 AB 3.776517686855766 1.1734389498257172
62785.0692 lsst_hardware_z 47.61352429190469 65.0 30.959999084472656 AB 4.130327838196924 1.2891160543682447
62785.0798 lsst_hardware_r 84.54856764440132 89.94000244140625 31.600000381469727 AB 4.010697160859831 1.264406418934043
62787.2419 lsst_hardware_y 88.86606447466168 75.2699966430664 30.729999542236328 AB 7.234788367412889 1.2463029056697705
62789.2417 lsst_hardware_r -76.5737772776817 55.77000045776367 31.59000015258789 AB 8.040879470225393 1.2567801610230374
62789.2523 lsst_hardware_i -68.30966102471169 48.83000183105469 31.270000457763672 AB 8.089181227063902 1.280338909000217
62791.2294 lsst_hardware_i -37.56200757429686 41.31999969482422 31.25 AB 6.483896860350126 1.2433167517450645
62791.24 lsst_hardware_z -43.89583542292083 48.459999084472656 30.940000534057617 AB 6.580539807152056 1.2647587559392766
62799.2185 lsst_hardware_u 0.27696143346322744 2.5 28.239999771118164 AB 5.629861491289371 1.2655165947751899
62799.2296 lsst_hardware_g -6.207144490205777 12.970000267028809 31.299999237060547 AB 5.751708531659041 1.2916479972287391
62803.2234 lsst_hardware_z 27.711722907155462 44.380001068115234 30.93000030517578 AB 4.244976631144078 1.3039399880645302
62803.2344 lsst_hardware_r 26.38442609773291 22.940000534057617 31.450000762939453 AB 4.3927202139727415 1.3354439239883864
62807.2045 lsst_hardware_r -12.29974183504516 25.889999389648438 31.469999313354492 AB 4.581164037430449 1.2835987776493274
62807.216 lsst_hardware_z 1.2256642435203007 45.0099983215332 30.920000076293945 AB 5.779110999631472 1.3135835889604437
62817.068 lsst_hardware_g -5.864645629596632 55.81999969482422 31.65999984741211 AB 5.3633885207707275 1.1750006800411872
62817.0794 lsst_hardware_r 36.33329578088021 61.5099983215332 31.610000610351562 AB 5.367548930388236 1.1732347388826747
62819.0776 lsst_hardware_i 18.08774525058915 31.059999465942383 31.229999542236328 AB 4.486642158040987 1.1732850831698414
62819.0897 lsst_hardware_z -5.277056689782774 42.72999954223633 30.93000030517578 AB 3.318069822416487 1.17557832503723
62822.1538 lsst_hardware_u -5.3878452146995075 3.4600000381469727 28.940000534057617 AB 3.442487743991691 1.2614465899566476
62822.1671 lsst_hardware_g 28.206769027940375 18.610000610351562 32.04999923706055 AB 3.1687383197436962 1.292439408481165
62833.1023 lsst_hardware_i 49.536409996796344 31.479999542236328 31.219999313354492 AB 4.744583077560361 1.2222006897374722
62833.1144 lsst_hardware_u 3.196324803977117 2.5299999713897705 28.260000228881836 AB 4.750690335798789 1.2427686612659496
62835.1017 lsst_hardware_g -13.553383843291568 17.200000762939453 31.450000762939453 AB 6.2118788345901965 1.2299938290390966
62835.1139 lsst_hardware_r -18.29662489313757 25.0 31.469999313354492 AB 6.328604045204929 1.252362278074854
62838.1073 lsst_hardware_z -23.32152934413456 67.69000244140625 31.690000534057617 AB 8.219847253003845 1.2555905296322103
