data/validation/pwv_sim_epoch_fit_epoch/53385401.ecsv
# %ECSV 0.9
# ---
# datatype:
# - {name: time, datatype: float64}
# - {name: band, datatype: string}
# - {name: flux, datatype: float64}
# - {name: fluxerr, datatype: float64}
# - {name: zp, datatype: float64}
# - {name: zpsys, datatype: string}
# - {name: pwv, datatype: float64}
# - {name: airmass, datatype: float64}
# meta: {SNID: '53385401', alt: 1024.0, c: 0.013176899403333664, dec: 3.583322, lat: -30.244573, lon: -70.7499537, ra: 53.964844, t0: 62412.8515625,
#   x0: 8.058794405001892e-06, x1: 1.1825250387191772, z: 0.5034951567649841}
# schema: astropy-2.0
time band flux fluxerr zp zpsys pwv airmass
62377.4056 lsst_hardware_z -0.8127874186091547 62.7599983215332 30.959999084472656 AB 8.928089862359998 1.2054669241225975
62379.3897 lsst_hardware_z 43.61210730811671 54.47999954223633 30.950000762939453 AB 5.913492545127989 1.2099217483637827
62379.4079 lsst_hardware_y 18.19242038980553 53.83000183105469 30.0 AB 5.8103636028158645 1.205678077706906
62384.3431 lsst_hardware_i -4.835238391886679 32.969876410571544 31.219999313354492 AB 1.6025201119213301 1.2615785175527103
62384.3607 lsst_hardware_z 63.49882807200531 44.08932379340701 30.93000030517578 AB 1.5234209563349228 1.226586921364672
62386.3961 lsst_hardware_r 42.240979014684136 25.59852980342134 31.469999313354492 AB 2.5317683244686178 1.208625527852306
62386.4145 lsst_hardware_y -40.20548415849293 71.02558008832185 30.0 AB 2.4918677716028466 1.228126057960989
62388.3747 lsst_hardware_r 151.62946440372255 26.66187586967517 31.459999084472656 AB 5.39862629114216 1.205633593138533
62388.3925 lsst_hardware_y 100.21339792651187 49.46985787864854 29.979999542236328 AB 4.3548900726110364 1.2098037056980377
62391.3568 lsst_hardware_i 352.50520895508186 37.455297772691424 31.229999542236328 AB 4.018783830477781 1.21002147699745
62391.376 lsst_hardware_z 269.98989414626027 46.52517844468582 30.940000534057617 AB 3.7239879088807872 1.205889548992645
62400.2642 lsst_hardware_z 2016.2217993359113 101.32651443357813 31.690000534057617 AB 5.2610334342245855 1.3939589580634804
62400.293 lsst_hardware_r 2215.770055741031 95.3697972016846 31.600000381469727 AB 4.038402417495061 1.2789873056202232
62405.3313 lsst_hardware_i 2130.6328741258276 96.6765084507618 31.299999237060547 AB 4.119482348905295 1.205231816531611
62405.3518 lsst_hardware_z 1763.3231614001863 85.7614246891109 30.969999313354492 AB 5.082270211971468 1.2145224045336576
62408.3198 lsst_hardware_r 3198.1583159347592 80.60647658018597 31.600000381469727 AB 7.28946290210685 1.2057002732637105
62408.34 lsst_hardware_z 1699.1425955350844 68.00276366379005 30.950000762939453 AB 8.360723966133396 1.211348010161315
62412.2932 lsst_hardware_r 2845.8702847580544 58.01766074761148 31.469999313354492 AB 3.944347432167687 1.2153905399037657
62412.3107 lsst_hardware_i 2096.139538464383 56.150162344215474 31.229999542236328 AB 3.9102392335828595 1.205375842658095
62415.2936 lsst_hardware_z 1710.7735557913447 60.21764925338625 30.93000030517578 AB 6.891619365625334 1.2085436348259364
62415.3121 lsst_hardware_r 2732.7527004159965 57.261184182276565 31.469999313354492 AB 6.8919770311313036 1.2063850101900029
62417.2896 lsst_hardware_u 2.434275650094882 2.8889998155156458 28.34000015258789 AB 4.5302766406354085 1.207751703714985
62417.3081 lsst_hardware_r 2566.398584075728 56.469221302653764 31.479999542236328 AB 4.457230518271489 1.2069402973927672
62419.2907 lsst_hardware_i 2053.928931663693 54.98287016504069 31.229999542236328 AB 3.8749213253015964 1.2055132195276148
62419.3093 lsst_hardware_z 1681.803997532821 59.3467974362617 30.93000030517578 AB 3.372069767711621 1.210833274859839
62424.2377 lsst_hardware_g 521.5494538864485 31.235331360751804 31.510000228881836 AB 7.9319726014716485 1.2524826466874543
62424.255 lsst_hardware_r 2039.1489057429958 51.731086592802825 31.479999542236328 AB 7.8172204112485755 1.2216952090928175
62426.2906 lsst_hardware_i 1738.6646196294064 57.30733363820785 31.25 AB 7.304934001220084 1.2111472983771225
62426.3084 lsst_hardware_z 1410.440615046559 57.477987589296625 30.93000030517578 AB 6.685458132343589 1.2331949517811553
62428.2846 lsst_hardware_r 2095.3582859327216 79.84084808487623 31.600000381469727 AB 4.413942752941789 1.2107367887743776
62428.3018 lsst_hardware_z 1241.760776617656 66.31376057611669 30.950000762939453 AB 4.678839653333699 1.2312735929825525
62431.1703 lsst_hardware_i 1413.4327036713805 116.6584867742755 31.260000228881836 AB 3.970185953336366 1.4465971773861783
62431.1878 lsst_hardware_z 1157.9959531930074 97.83475811088657 30.959999084472656 AB 3.7138961537557305 1.3542009676414117
62434.261 lsst_hardware_r 1290.5936295981367 118.67970542886918 31.6200008392334 AB 4.5853202441180825 1.2066632221363376
62434.2792 lsst_hardware_z 1003.4111692455283 88.77687761854747 30.979999542236328 AB 4.643752580879897 1.2220401528631308
62436.2501 lsst_hardware_g 381.84508588676675 68.79695591090545 31.65999984741211 AB 3.9558580209770566 1.2053193238808826
62436.2669 lsst_hardware_r 1172.543403232894 77.68222010200873 31.610000610351562 AB 4.001001675237903 1.2142645448369584
62439.255 lsst_hardware_i 1058.944741066629 49.33379062777332 31.25 AB 4.120033045060063 1.2110620355849686
62439.2717 lsst_hardware_z 819.7553678147126 54.603633693479814 30.93000030517578 AB 4.369385354124004 1.2311595813252296
62441.2381 lsst_hardware_z 856.6280251616621 52.322515956706404 30.93000030517578 AB 5.937135277638989 1.20557089753571
62441.2573 lsst_hardware_r 757.1685177490062 36.09475429602416 31.469999313354492 AB 6.143640942968981 1.2185734101756656
62450.2357 lsst_hardware_u 3.8553801748747163 2.795805230202353 28.329999923706055 AB 11.054298335928642 1.2222797806200947
62450.2534 lsst_hardware_r 335.2357221173948 31.556471655311224 31.469999313354492 AB 11.949497720532223 1.2544306941335164
62452.2 lsst_hardware_g 62.739138248783455 16.698150846647945 31.3799991607666 AB 4.0991192205524944 1.2056233001624985
62452.218 lsst_hardware_i 615.549509780261 40.93140237698676 31.219999313354492 AB 8.27057209284601 1.2099587334855486
62455.2019 lsst_hardware_z 764.035053554395 55.787770985579726 30.950000762939453 AB 4.530769551217579 1.2060611050268624
62455.2203 lsst_hardware_r 268.5404272872512 45.18658832476349 31.56999969482422 AB 8.892873296693605 1.2200402382622588
62457.228 lsst_hardware_y 561.9556135093485 79.32668731004024 30.739999771118164 AB 7.178288044587588 1.2409700853598078
62462.1865 lsst_hardware_i 679.0644364001113 111.00154683850099 31.309999465942383 AB 4.461093799768677 1.2074959533816965
62462.2068 lsst_hardware_z 702.5078036889546 96.56042740712958 30.969999313354492 AB 4.549622900993619 1.2278026989594877
62467.1426 lsst_hardware_g 42.561759087182196 15.993720320289931 31.389999389648438 AB 4.376979014622883 1.215827504061912
62467.1612 lsst_hardware_i 304.0481379207434 41.27259547567895 31.25 AB 4.33903231684038 1.2052867546778834
62472.1863 lsst_hardware_z 410.3088011104288 48.412812555607935 30.93000030517578 AB 7.832134483081241 1.2395232881010616
62472.2047 lsst_hardware_r 142.99223357576025 27.823921438104364 31.459999084472656 AB 8.104017464236016 1.284924284800341
62476.1543 lsst_hardware_g 12.59383925948467 15.33698354087383 31.399999618530273 AB 6.554950204470484 1.2113000470240198
62476.1724 lsst_hardware_r 191.73918439365195 27.56736638032142 31.479999542236328 AB 6.417171421339979 1.2340714271807651
62478.1515 lsst_hardware_i 245.5853677457063 36.145755493297294 31.229999542236328 AB 4.4902056392854 1.2135690916987567
62478.1696 lsst_hardware_z 464.82699093689945 47.90107570454093 30.93000030517578 AB 5.497999672447935 1.2389160435914448
62482.1544 lsst_hardware_g 14.198761588584764 19.270123105436674 31.469999313354492 AB 14.449524866143431 1.2313186933229079
62482.1724 lsst_hardware_i 310.3628656756742 37.08222436068194 31.229999542236328 AB 16.135329854182608 1.270498413715166
62484.1523 lsst_hardware_z 330.95129247457277 53.341457673700454 30.940000534057617 AB 8.860196665661134 1.2371984452505087
62484.1712 lsst_hardware_r 170.42323529433204 46.00778758787388 31.559999465942383 AB 9.748476880596257 1.2826943263942445
62486.1623 lsst_hardware_y 115.81944941917779 80.14882148080342 30.739999771118164 AB 12.9797564613912 1.272756420566187
62488.0762 lsst_hardware_z 61.49165243429581 85.12999725341797 30.969999313354492 AB 4.983573471000771 1.2274055713320045
62488.0947 lsst_hardware_r 105.36018104125658 115.83000183105469 31.610000610351562 AB 4.91975174430191 1.2082894173476857
62490.0781 lsst_hardware_i 318.18556899510793 100.44000244140625 31.309999465942383 AB 6.25726020697559 1.2176619230310075
62490.097 lsst_hardware_z -154.36822514205699 85.87999725341797 30.969999313354492 AB 3.9579500562891834 1.205467022219866
62492.0768 lsst_hardware_r -3.5185590817523695 88.06999969482422 31.6200008392334 AB 6.598958250394397 1.2134155532445416
62492.0958 lsst_hardware_z -82.28390006547825 66.9000015258789 30.969999313354492 AB 4.893891187475803 1.2051940208852747
62494.083 lsst_hardware_g -67.236431403889 33.880001068115234 31.610000610351562 AB 7.735320342181561 1.206225070901821
62494.1015 lsst_hardware_i 33.113872377281744 46.369998931884766 31.280000686645508 AB 7.453456262577167 1.2087665912226127
62498.0896 lsst_hardware_u -0.8619404033964864 2.690000057220459 28.34000015258789 AB 6.462677018176277 1.2082028450508089
62498.1091 lsst_hardware_g 24.348658334800447 14.699999809265137 31.3700008392334 AB 6.545768341445325 1.2287138671216058
62500.0458 lsst_hardware_z -45.31195424828863 48.45000076293945 30.940000534057617 AB 10.459810493417976 1.2239541878774045
62500.0662 lsst_hardware_r -7.684620198335653 23.920000076293945 31.469999313354492 AB 10.117052822944435 1.2063618139983276
62502.0453 lsst_hardware_y -112.59451952717168 55.66999816894531 30.0 AB 8.395606097716994 1.2176960153563654
62502.0672 lsst_hardware_z -21.279279710112245 43.720001220703125 30.93000030517578 AB 8.304433135190084 1.2051776303748836
62506.0473 lsst_hardware_y -40.039943969904776 53.459999084472656 29.989999771118164 AB 12.772920949872573 1.2073845306619326
62506.0696 lsst_hardware_i 43.86539909423515 32.43000030517578 31.229999542236328 AB 12.848215847357691 1.2093007527279112
62508.045 lsst_hardware_y 38.98314783626431 78.0199966430664 30.75 AB 11.926394709189635 1.206148332240054
62508.0672 lsst_hardware_r 22.66567761867654 34.20000076293945 32.220001220703125 AB 11.955762682158909 1.2115075930646915
62511.0447 lsst_hardware_y -16.65324961457753 54.400001525878906 30.0 AB 10.953987009233572 1.2052358625284516
62511.0656 lsst_hardware_g -19.13446010035103 21.350000381469727 31.510000228881836 AB 10.965476444837511 1.2178900942028261
62513.0413 lsst_hardware_z 17.549574144426593 60.540000915527344 30.959999084472656 AB 6.210370002463127 1.2055069561558927
62513.0592 lsst_hardware_i 12.770324721828263 45.150001525878906 31.270000457763672 AB 4.833906409760255 1.2168423938981132
62737.3992 lsst_hardware_i 12.731423782191005 33.619998931884766 31.239999771118164 AB 4.6666913994847965 1.2197842908694743
62737.4187 lsst_hardware_z 110.02940118513696 50.7400016784668 30.950000762939453 AB 4.074919360382424 1.205746081237556
62741.3971 lsst_hardware_r -57.87816668283311 24.31999969482422 31.479999542236328 AB 4.37618893585767 1.2110386096509016
62741.4135 lsst_hardware_y -35.399001796669104 51.209999084472656 30.0 AB 4.353191991451462 1.2052582690558244
62743.3974 lsst_hardware_z -4.760817845901892 43.77000045776367 30.93000030517578 AB 2.9683738641112694 1.2074741142147536
62743.4143 lsst_hardware_y -177.83753802092858 54.150001525878906 30.0 AB 2.942064746390525 1.2065884127370574
62749.3288 lsst_hardware_i 53.72572382452775 33.04999923706055 31.219999313354492 AB 2.3941002129292865 1.3065855264303912
62749.3484 lsst_hardware_z 48.322351664752134 44.11000061035156 30.93000030517578 AB 1.5843502627099948 1.2507205547342464
62750.4068 lsst_hardware_r 30.87830726249779 26.260000228881836 31.5 AB 0.8882353343993704 1.2142656656177313
62752.3793 lsst_hardware_r 20.29899548166911 24.43000030517578 31.479999542236328 AB 2.73699151470486 1.2054576149327725
62754.3868 lsst_hardware_z -50.24218338270101 53.25 30.950000762939453 AB 2.7388273402108188 1.2076845771488876
62754.4049 lsst_hardware_y -94.48073348128096 55.72999954223633 29.989999771118164 AB 2.792854363969859 1.2250256732085059
62756.3475 lsst_hardware_r 133.21457494787128 93.33000183105469 31.6200008392334 AB 4.142513331156459 1.219581942440567
62756.3649 lsst_hardware_z -98.50605239325073 65.94999694824219 30.969999313354492 AB 4.036530078457233 1.2062846704392178
62759.3468 lsst_hardware_y -6.871189601142393 57.68000030517578 30.0 AB 1.61211318658068 1.2119633027796115
62759.3647 lsst_hardware_r -69.86825825071948 91.08000183105469 31.6200008392334 AB 1.5728969117789173 1.2052849898690934
62761.3442 lsst_hardware_i 31.23317501530159 67.02999877929688 31.299999237060547 AB 1.3876582237626367 1.209815365093842
62761.3627 lsst_hardware_z -2.4293292542093234 64.1500015258789 30.959999084472656 AB 1.5078997744291556 1.2058374845495048
62763.3415 lsst_hardware_z -15.150822365439513 50.709999084472656 30.950000762939453 AB 6.35278070322887 1.208135791422289
62763.3607 lsst_hardware_r 104.61056809958099 46.5 31.579999923706055 AB 6.252192415452559 1.2069869527905515
62766.3312 lsst_hardware_u -0.5166029675940266 2.859999895095825 28.389999389648438 AB 2.3668688595282648 1.209385834121319
62766.3515 lsst_hardware_r 18.297469070840197 25.579999923706055 31.489999771118164 AB 1.8711203282603752 1.2065905711819283
62769.3148 lsst_hardware_r 1.4673737243980167 24.200000762939453 31.459999084472656 AB 7.441960154665699 1.2164040788927262
62769.3339 lsst_hardware_u 3.513191285496087 2.609999895095825 28.270000457763672 AB 7.193431400819685 1.205333679762137
62770.3376 lsst_hardware_g -11.291814102451367 14.770000457763672 31.3799991607666 AB 5.04230489977041 1.205716140547653
62770.3513 lsst_hardware_r 44.55368168158518 24.299999237060547 31.469999313354492 AB 5.083872921554817 1.213431360065594
62775.3274 lsst_hardware_r 40.73592020297591 24.200000762939453 31.469999313354492 AB 5.378572570696816 1.2067697039931156
62775.3466 lsst_hardware_g -6.109448037644265 14.729999542236328 31.3799991607666 AB 5.131040620070715 1.2236672252642604
62777.2829 lsst_hardware_u -0.4768661264816387 2.7300000190734863 28.3700008392334 AB 3.2770222614441518 1.2298057023181046
62777.3002 lsst_hardware_r -14.062723533889187 24.200000762939453 31.479999542236328 AB 3.953184501939066 1.2100350480378228
62779.2719 lsst_hardware_r 10.604079985998942 24.260000228881836 31.469999313354492 AB 8.194194674164226 1.2395413484516278
62779.2924 lsst_hardware_u -1.3046701818152848 2.759999990463257 28.399999618530273 AB 8.373634796196754 1.2117993940541123
62784.2952 lsst_hardware_i 2.2582417714166647 76.43000030517578 31.299999237060547 AB 3.3651129223936946 1.2052336985144256
62784.3124 lsst_hardware_z 33.63268049316658 68.69000244140625 30.969999313354492 AB 3.3820657260857394 1.2128257691489222
62786.2872 lsst_hardware_r -108.90501691086942 132.5500030517578 31.6200008392334 AB 6.520417392025998 1.2053641541780196
62786.3056 lsst_hardware_z 34.9911214623343 90.43000030517578 30.969999313354492 AB 6.393625752784828 1.211698053244965
62788.2848 lsst_hardware_r -12.755108089220156 117.41000366210938 31.6200008392334 AB 6.917507079114061 1.205245592667251
62788.3036 lsst_hardware_i -113.91682642758934 96.1500015258789 31.299999237060547 AB 6.077430724988546 1.2147977596006023
62790.2873 lsst_hardware_z 55.417818599716554 63.470001220703125 30.969999313354492 AB 8.786432602765876 1.2071210042038618
62790.3051 lsst_hardware_i -15.741593553330098 66.86000061035156 31.299999237060547 AB 8.605272638901832 1.2229188970490523
62795.2843 lsst_hardware_r -5.922980060622451 25.68000030517578 31.489999771118164 AB 2.4109044947059806 1.2146124495768826
62795.3013 lsst_hardware_i -7.310632773211038 33.7599983215332 31.239999771118164 AB 2.862199359156042 1.2388685727121256
62797.1982 lsst_hardware_i -12.59568285502987 33.08000183105469 31.219999313354492 AB 4.233504120114165 1.305025930984638
62797.2149 lsst_hardware_z 83.42372328885888 44.310001373291016 30.93000030517578 AB 4.366204913554276 1.256371459191217
62798.2781 lsst_hardware_r -3.1537082606981426 24.170000076293945 31.479999542236328 AB 3.5913655111341556 1.2166559238216326
62798.2944 lsst_hardware_g 7.487730450297106 14.739999771118164 31.389999389648438 AB 3.90035049794814 1.2413591654831764
62800.2501 lsst_hardware_r 61.62907852173211 24.280000686645508 31.489999771118164 AB 1.6873705770014054 1.2052646978581467
62800.2683 lsst_hardware_i 54.20855724537931 32.529998779296875 31.239999771118164 AB 1.6974476618590169 1.2124626156135836
62802.2527 lsst_hardware_z -22.819287052468397 44.06999969482422 30.940000534057617 AB 2.6875696209365074 1.206405395998881
62802.2699 lsst_hardware_i -11.943660745014187 32.869998931884766 31.239999771118164 AB 2.7240797260505154 1.2197827050489267
62804.1996 lsst_hardware_u 1.8678128951495174 2.9000000953674316 28.489999771118164 AB 6.427989062526618 1.2477494136253546
62804.2161 lsst_hardware_g 3.310785017673205 15.210000038146973 31.43000030517578 AB 6.4453170648862095 1.2200108016060374
62816.1178 lsst_hardware_r 15.982039297118183 162.77999877929688 31.559999465942383 AB 2.923446407296076 1.438055211623403
62816.1358 lsst_hardware_z 84.93436084941375 110.0999984741211 30.959999084472656 AB 3.946128987673635 1.3458830108019806
62832.1852 lsst_hardware_u -1.4799491088654468 2.680000066757202 28.329999923706055 AB 4.312234151884953 1.2165701145553516
62834.1433 lsst_hardware_i -26.477515399815434 32.560001373291016 31.239999771118164 AB 6.166359402521544 1.2109500348616424
62834.163 lsst_hardware_z -20.800963957519897 43.790000915527344 30.940000534057617 AB 6.132965631092298 1.2057339292425633
62837.1843 lsst_hardware_r 15.336515382151198 29.229999542236328 31.520000457763672 AB 7.815242236508848 1.234602917749705
62837.2017 lsst_hardware_z -52.22527307894194 45.58000183105469 30.93000030517578 AB 8.091161246222535 1.2741317378965726
62841.1532 lsst_hardware_r -38.579376888487616 92.69000244140625 31.6200008392334 AB 6.550978126812393 1.2100070422630944
62841.1718 lsst_hardware_i 90.9628909836723 78.22000122070312 31.299999237060547 AB 6.405825552880673 1.2318895294001293
62845.1593 lsst_hardware_z 129.91011080931546 153.0399932861328 32.16999816894531 AB 9.17109633743897 1.2293145530725573
62845.1832 lsst_hardware_r -148.92570243511028 187.2100067138672 32.349998474121094 AB 12.450240443905873 1.283882900168941
62850.119 lsst_hardware_g -25.236885261747336 14.539999961853027 31.3799991607666 AB 9.378430234727162 1.205659815528484
62850.1375 lsst_hardware_i -48.13278579921968 39.68000030517578 31.25 AB 9.583418732174755 1.218174472171955
62854.0794 lsst_hardware_u 1.614864023845561 2.759999990463257 28.389999389648438 AB 5.0883150284282115 1.2202194312777486
62854.1018 lsst_hardware_g 10.606409777763593 14.960000038146973 31.40999984741211 AB 3.699317693256909 1.205316652703853
62856.0829 lsst_hardware_r -0.6093127847753841 24.43000030517578 31.489999771118164 AB 5.313311849380601 1.2111952849925487
62856.1035 lsst_hardware_i -50.235878618468455 32.72999954223633 31.239999771118164 AB 3.7381734664961703 1.2058624085471517
62859.085 lsst_hardware_z 7.963604384439364 43.5 30.93000030517578 AB 7.474853833462405 1.205880915271414
62859.1056 lsst_hardware_r -4.525862210118525 23.959999084472656 31.479999542236328 AB 7.452313671821065 1.2111347011274651
62862.0843 lsst_hardware_u -2.013713560402245 2.700000047683716 28.360000610351562 AB 6.081248371456547 1.2053413352076798
62862.1046 lsst_hardware_r 0.3607268555064136 24.239999771118164 31.479999542236328 AB 6.138496478469135 1.218016067953671
62867.044 lsst_hardware_y -52.93425945818651 57.310001373291016 30.0 AB 8.41024524301516 1.2200953333824396
62867.0624 lsst_hardware_r -47.727899295177714 43.31999969482422 31.579999923706055 AB 8.312425844036719 1.206088147009378
62869.0561 lsst_hardware_y 156.56688628944937 81.18000030517578 30.760000228881836 AB 8.26844474085231 1.2063531093414812
62871.0461 lsst_hardware_z -63.11544352324225 77.68000030517578 30.969999313354492 AB 12.917211780273908 1.2084018691495317
62871.0682 lsst_hardware_i 134.91648756623746 84.2699966430664 31.309999465942383 AB 12.827572869503697 1.2080968986159069
