data/validation/pwv_sim_epoch_fit_epoch/53391651.ecsv
# %ECSV 0.9
# ---
# datatype:
# - {name: time, datatype: float64}
# - {name: band, datatype: string}
# - {name: flux, datatype: float64}
# - {name: fluxerr, datatype: float64}
# - {name: zp, datatype: float64}
# - {name: zpsys, datatype: string}
# - {name: pwv, datatype: float64}
# - {name: airmass, datatype: float64}
# meta: {SNID: '53391651', alt: 1024.0, c: -0.1075965017080307, dec: -45.586655, lat: -30.244573, lon: -70.7499537, ra: 33.227848, t0: 61367.3515625,
#   x0: 3.6779893040128757e-06, x1: -0.5870354175567627, z: 0.6950546503067017}
# schema: astropy-2.0
time band flux fluxerr zp zpsys pwv airmass
61251.4368 lsst_hardware_z -20.525673253045085 69.20999908447266 30.989999771118164 AB 3.905081893705431 1.0364263883855702
61258.4362 lsst_hardware_g -32.020034181919726 40.5 31.68000030517578 AB 2.9431565451783688 1.0423172748831433
61266.4166 lsst_hardware_i -0.11232811507065722 30.510000228881836 31.260000228881836 AB 3.599511026897433 1.0436390336031989
61266.4277 lsst_hardware_z 27.50647124813247 51.58000183105469 30.979999542236328 AB 4.382078858100506 1.0521829300919638
61268.4195 lsst_hardware_r 11.031277150394507 22.260000228881836 31.489999771118164 AB 4.851303770184599 1.0497627892782602
61268.4307 lsst_hardware_u -12.724877270768957 12.949999809265137 29.34000015258789 AB 4.976671992795998 1.0609732787370663
61271.2744 lsst_hardware_r 40.71739524087633 31.59000015258789 32.209999084472656 AB 2.881938740471764 1.1938437201622885
61271.2935 lsst_hardware_z 72.59283133097735 42.04999923706055 30.940000534057617 AB 3.0585885537604596 1.1379383222274917
61272.283 lsst_hardware_r 41.83009762630628 31.40999984741211 32.209999084472656 AB 1.7754692963191383 1.158859480871888
61272.3043 lsst_hardware_u 6.677616776181347 2.630000114440918 28.399999618530273 AB 2.643857340863897 1.1069111747389144
61274.4189 lsst_hardware_r -16.236468796074444 24.079999923706055 31.5 AB 1.726796396855897 1.066582085766459
61276.4127 lsst_hardware_z 77.36500365312324 41.97999954223633 30.950000762939453 AB 4.0582036570383435 1.0656347816026637
61276.4236 lsst_hardware_r 11.418577677319902 30.479999542236328 31.559999465942383 AB 3.6732309321794343 1.08123656845373
61278.4033 lsst_hardware_z 31.960840365131386 52.0099983215332 30.969999313354492 AB 2.146027446622953 1.0608580580628397
61278.4142 lsst_hardware_r -43.801491989939535 49.45000076293945 31.6200008392334 AB 2.285662840749568 1.0751844017638108
61281.4059 lsst_hardware_r 19.142799795120947 84.55999755859375 31.649999618530273 AB 7.9684245122247965 1.0750224192415518
61281.4158 lsst_hardware_z 1.7575075698519889 65.94999694824219 30.979999542236328 AB 8.163348812356197 1.0911136750754553
61286.3865 lsst_hardware_r -28.11700561441409 36.52000045776367 31.59000015258789 AB 1.242935529482345 1.0670501040056366
61286.3986 lsst_hardware_y 26.341165215833232 48.529998779296875 30.020000457763672 AB 1.296023604089362 1.0849925526072517
61297.1881 lsst_hardware_g -9.52758542843281 13.260000228881836 31.329999923706055 AB 1.0946224991203746 1.250639816190088
61297.2022 lsst_hardware_r 18.507481225094903 22.6200008392334 31.459999084472656 AB 1.075156579454946 1.1979460495319731
61303.3643 lsst_hardware_u -1.3002893599838148 2.569999933242798 28.350000381469727 AB 5.751057516807989 1.1075700561979758
61303.3765 lsst_hardware_g -6.174986191971812 13.199999809265137 31.3700008392334 AB 6.543441232598987 1.1353899012580986
61305.3585 lsst_hardware_r -0.4697817774769752 22.1200008392334 31.469999313354492 AB 1.6984931581129525 1.106870744941644
61305.3701 lsst_hardware_z 29.6176588457867 42.34000015258789 30.940000534057617 AB 1.7652993041698195 1.1330547523554682
61307.3583 lsst_hardware_r -87.31693188534979 53.45000076293945 31.6200008392334 AB 4.505587722816168 1.118150570248632
61307.3706 lsst_hardware_y -73.80295081257304 50.83000183105469 30.020000457763672 AB 4.762000542391284 1.1484385728667545
61311.3543 lsst_hardware_r 56.65822513530732 81.4000015258789 31.6299991607666 AB 5.382330933851844 1.134495638689328
61311.366 lsst_hardware_i 78.6019830163905 65.7300033569336 31.299999237060547 AB 5.5206190355905855 1.166286898825517
61313.3312 lsst_hardware_i -13.838372718006468 48.09000015258789 31.290000915527344 AB 4.098287229450058 1.0961650897893835
61313.3433 lsst_hardware_z -44.59679106819605 50.529998779296875 30.950000762939453 AB 3.5968623679273852 1.121274702944204
61315.3311 lsst_hardware_i 36.35354043129887 37.61000061035156 31.280000686645508 AB 3.53867458872479 1.106671576573388
61315.3429 lsst_hardware_z 57.277425631454 45.2599983215332 30.950000762939453 AB 2.7569612539187367 1.1333082709999476
61317.3273 lsst_hardware_g 11.190968446876976 19.940000534057617 31.530000686645508 AB 2.9290596924503487 1.1101230594846878
61317.3393 lsst_hardware_r 19.395253706139716 26.709999084472656 31.510000228881836 AB 2.6960441637278847 1.13797150772897
61319.3341 lsst_hardware_i 10.548194966034886 30.899999618530273 31.239999771118164 AB 7.134496806214921 1.1386349471282349
61319.3451 lsst_hardware_r 0.47267879428429216 22.770000457763672 31.469999313354492 AB 7.252244189299516 1.1690882626490353
61321.3198 lsst_hardware_u -0.7541750757439263 2.619999885559082 28.3799991607666 AB 4.079002983753775 1.1175350640421302
61321.3314 lsst_hardware_g 27.331236059039455 13.239999771118164 31.360000610351562 AB 4.26705263468478 1.145825089872008
61323.3201 lsst_hardware_r -15.36041910957426 22.40999984741211 31.479999542236328 AB 3.1448196260497805 1.130958868155082
61323.332 lsst_hardware_i -29.28853286519454 31.25 31.239999771118164 AB 3.229500533773291 1.1626666988263379
61328.3049 lsst_hardware_g 7.833909987676643 13.210000038146973 31.3700008392334 AB 6.357970817572391 1.127233169004029
61328.3164 lsst_hardware_r 44.02421312623665 22.360000610351562 31.469999313354492 AB 6.607765241534874 1.157091742038477
61330.3037 lsst_hardware_i -4.881713978517403 30.709999084472656 31.239999771118164 AB 6.165691454520537 1.1377038957797583
61330.3139 lsst_hardware_r 20.625225691216063 22.350000381469727 31.469999313354492 AB 6.32546708579696 1.1656266128618253
61332.2967 lsst_hardware_z 52.43503581276996 42.41999816894531 30.940000534057617 AB 4.308603395979031 1.1338429989418501
61332.3087 lsst_hardware_g -7.118108092302831 13.3100004196167 31.3799991607666 AB 4.432303311841723 1.166395608379401
61334.3061 lsst_hardware_r -15.592389061767742 22.452657424980433 31.469999313354492 AB 2.7053890389987862 1.175021479893787
61334.3171 lsst_hardware_i 20.80990051985224 31.322148981650734 31.229999542236328 AB 2.802657283017044 1.2115669655320627
61337.2923 lsst_hardware_z -4.2335577336970855 60.3428625969266 30.969999313354492 AB 3.765484681831871 1.158432450955555
61337.3034 lsst_hardware_r -104.37727049124084 77.29632740550684 31.610000610351562 AB 3.8855103143307512 1.1925754858932658
61340.2958 lsst_hardware_z 144.0726793561061 85.86541592256954 31.719999313354492 AB 3.7207138774674537 1.1945465534850161
61355.2302 lsst_hardware_r 862.5482203508642 36.65617328950049 31.469999313354492 AB 2.606646284472954 1.1249282677722596
61355.2415 lsst_hardware_i 738.5158966520991 41.54284829321139 31.239999771118164 AB 2.6950792014634186 1.1537977316290056
61358.2251 lsst_hardware_z 553.1986475156391 48.21982660759644 30.940000534057617 AB 8.143834394888952 1.1323462729266196
61358.2357 lsst_hardware_i 941.4762304262218 43.37309635296522 31.229999542236328 AB 8.374519517357601 1.160548713602672
61360.1864 lsst_hardware_z 671.5446113082908 48.1906874321551 30.940000534057617 AB 5.941547176583117 1.0696496357266374
61360.1984 lsst_hardware_r 1086.103228712416 39.87820208064629 31.459999084472656 AB 6.0331584379909815 1.0881339053099028
61362.2189 lsst_hardware_g 317.2997380127523 27.851316510318544 31.530000686645508 AB 5.242351309882115 1.1443683278502763
61362.2318 lsst_hardware_r 1253.7784862053124 44.430485013708754 31.510000228881836 AB 5.373704932740232 1.1817482946264735
61363.1753 lsst_hardware_r 1414.9107467926228 56.49623452196613 31.600000381469727 AB 5.615557903530029 1.065823564133918
61363.1866 lsst_hardware_i 1205.9547544639338 54.111234493942476 31.280000686645508 AB 5.8010127657238035 1.0821102625321368
61365.178 lsst_hardware_z 757.9773892492101 59.10656356227756 30.969999313354492 AB 3.4142747392696755 1.0771998651569026
61365.1898 lsst_hardware_r 1405.3913293375692 71.33932239537808 31.6299991607666 AB 3.3987903659829013 1.097268883287458
61367.1764 lsst_hardware_z 844.7941855159094 64.70928725262739 30.969999313354492 AB 6.543039644918667 1.0832847094237317
61367.19 lsst_hardware_r 1350.9919218474647 88.37392925374328 31.639999389648438 AB 6.866066775083553 1.1085028697262256
61369.1822 lsst_hardware_i 1270.8374073107711 72.2745588519467 31.309999465942383 AB 6.518273217739988 1.1037319892318092
61369.1943 lsst_hardware_z 858.4691567009012 64.91943659801662 30.969999313354492 AB 6.705459904913024 1.1304829983836786
61375.1621 lsst_hardware_r 850.3958030353533 36.49445169427147 31.479999542236328 AB 8.93488419512771 1.0965290482873034
61375.1741 lsst_hardware_i 956.9997775901822 44.0734571873149 31.239999771118164 AB 8.661788841164217 1.1214849279683912
61378.1764 lsst_hardware_z 651.776450866218 49.584634511842005 30.940000534057617 AB 4.345331014473554 1.1475345988924444
61378.1879 lsst_hardware_r 710.8722337564591 34.992402232257795 31.469999313354492 AB 4.388317328137447 1.1810839262916408
61382.0918 lsst_hardware_g 90.94801345155174 15.613294315802277 31.389999389648438 AB 3.9655031695960337 1.0395184925869412
61382.1058 lsst_hardware_i 795.4347111473132 40.62785062986593 31.25 AB 3.985758824497295 1.0478039278368818
61384.0954 lsst_hardware_z 554.0535031327678 47.248861362038575 30.950000762939453 AB 9.607429887139226 1.044285857297742
61384.1084 lsst_hardware_r 467.04203190534247 31.284504219716048 31.489999771118164 AB 9.705755955143195 1.05497347338513
61388.0812 lsst_hardware_g 57.13618884017365 15.91787321525796 31.43000030517578 AB 8.234264720400164 1.0423119899240714
61388.0939 lsst_hardware_r 332.72405466540096 29.404515422655987 31.479999542236328 AB 7.753242795438924 1.0515723308611045
61391.0812 lsst_hardware_i 426.241869350742 40.545212180755215 31.270000457763672 AB 11.442273785357587 1.0477872900476253
61391.0932 lsst_hardware_z 524.4848788487818 47.75667428790531 30.950000762939453 AB 10.200967563437054 1.0591072050634893
61393.0769 lsst_hardware_r 249.85019089197164 48.52127753701038 31.6299991607666 AB 4.368926495761502 1.0487101526071776
61393.0892 lsst_hardware_z 454.17231053616393 51.381339853397556 30.969999313354492 AB 3.234968853000533 1.0607614557876206
61395.0763 lsst_hardware_z 356.09646602978916 54.51007851153816 30.979999542236328 AB 4.662206198562758 1.0529713615667065
61395.0888 lsst_hardware_i 349.51369257726293 54.17903529095615 31.31999969482422 AB 3.3075883721895996 1.066963991028903
61627.4308 lsst_hardware_i 15.236970584772935 37.79999923706055 31.290000915527344 AB 5.218388232375362 1.0453153071228982
61649.4091 lsst_hardware_i -24.95395690190572 31.75 31.25 AB 0.7077810125590108 1.0925356509786637
61651.4015 lsst_hardware_z 15.614374557842794 41.93000030517578 30.940000534057617 AB 1.2696549546464633 1.0887422792452166
61651.4134 lsst_hardware_r -33.52858115221738 27.5 31.530000686645508 AB 1.2861106338656936 1.1117510161641755
61653.3969 lsst_hardware_u 3.073448964161437 2.6500000953674316 28.360000610351562 AB 1.2617825109769787 1.0902498654755
61653.4082 lsst_hardware_g 8.890798443031015 17.260000228881836 31.469999313354492 AB 1.204258503198153 1.1123077307864713
61655.3755 lsst_hardware_g -6.816437022966527 13.0600004196167 31.389999389648438 AB 2.217097378664728 1.0660403311286104
61655.387 lsst_hardware_r 17.499460327501147 22.030000686645508 31.479999542236328 AB 2.200091548012253 1.082722218509967
61671.3599 lsst_hardware_r 70.95406477872022 30.329999923706055 31.549999237060547 AB 1.982218342028055 1.1141274053552175
61671.3725 lsst_hardware_i -43.884639981733116 34.45000076293945 31.25 AB 2.0583530338599876 1.144377150033351
61672.357 lsst_hardware_z -15.334581392028575 42.7400016784668 30.940000534057617 AB 4.604280026512909 1.1137590775309407
61672.3686 lsst_hardware_r 9.73546612769081 26.389999389648438 31.510000228881836 AB 4.581823718017336 1.1413186494004346
61678.1394 lsst_hardware_z 66.23484764440995 76.31999969482422 32.119998931884766 AB 5.325752185130626 1.2749167375831374
61678.157 lsst_hardware_r 10.667332943619142 39.13999938964844 32.650001525878906 AB 4.955509378197822 1.2055245000481238
61680.336 lsst_hardware_r 17.45572262297976 22.1299991607666 31.469999313354492 AB 2.733210244331686 1.1155960180943771
61680.3479 lsst_hardware_i -31.964892219762163 30.84000015258789 31.229999542236328 AB 2.782183748795607 1.1443037080321938
61682.3338 lsst_hardware_z -0.42734313609562835 41.810001373291016 30.940000534057617 AB 2.6726101420768984 1.1229454378473387
61682.3458 lsst_hardware_u -1.205649830460784 2.559999942779541 28.329999923706055 AB 2.756781985225288 1.1533848344850637
61684.3264 lsst_hardware_g 15.094269535188726 13.109999656677246 31.360000610351562 AB 6.405441276408663 1.118528744425241
61684.3385 lsst_hardware_r 12.085647255659255 22.3799991607666 31.469999313354492 AB 7.1667191351884805 1.1483593219689496
61686.3235 lsst_hardware_i 5.146875153377133 30.59000015258789 31.239999771118164 AB 3.9915813604158132 1.1243891156100883
61686.3349 lsst_hardware_z 4.432785223510936 42.349998474121094 30.940000534057617 AB 5.094376123032073 1.1534436504976116
61688.2838 lsst_hardware_z -31.28001446633681 45.11000061035156 30.959999084472656 AB 3.415542997479373 1.0640320864421724
61688.2946 lsst_hardware_i -20.286829758671068 37.31999969482422 31.280000686645508 AB 3.0078023511115726 1.0790644926108066
61689.3209 lsst_hardware_z 44.32381021970631 47.279998779296875 30.950000762939453 AB 5.145269852140316 1.1380193203517426
61689.3325 lsst_hardware_r -0.4818933940344502 22.3700008392334 31.450000762939453 AB 5.267316614973217 1.1701680868572018
61692.3124 lsst_hardware_i 123.08418536905097 69.02999877929688 31.309999465942383 AB 5.71214505576934 1.137235635086924
61692.3241 lsst_hardware_r 17.481114947127487 85.12000274658203 31.6200008392334 AB 5.866023726020549 1.1695401859547365
61694.3059 lsst_hardware_z -93.81302302576336 89.68000030517578 31.719999313354492 AB 7.992116967257903 1.1346260749011194
61696.3013 lsst_hardware_z -34.56002830966077 53.45000076293945 30.959999084472656 AB 7.001080265437739 1.136785061502199
61696.312 lsst_hardware_r 23.07645827237008 63.849998474121094 31.610000610351562 AB 7.123694474280222 1.1660346695132702
61698.3018 lsst_hardware_i 23.861534462015765 42.52000045776367 31.270000457763672 AB 1.391663742792581 1.1525165571787135
61698.3129 lsst_hardware_z -30.102283870672743 48.2400016784668 30.940000534057617 AB 1.4239825142261107 1.1856640418208548
61700.3026 lsst_hardware_i 26.612649803692683 35.34000015258789 31.25 AB 2.965059624819327 1.1705722956251399
61700.3132 lsst_hardware_z 58.37726176158725 44.88999938964844 30.940000534057617 AB 3.004455675363391 1.2049955917232853
61705.2881 lsst_hardware_i 28.67927631963458 30.860000610351562 31.229999542236328 AB 3.8255951011152334 1.168031478853594
61705.2987 lsst_hardware_r -34.20709884175062 22.350000381469727 31.459999084472656 AB 3.7951825824470284 1.2020532369773238
61707.2967 lsst_hardware_u -2.704603901246303 2.5199999809265137 28.260000228881836 AB 3.703136132810543 1.2142757020910346
61707.3078 lsst_hardware_g -4.818394493733417 13.170000076293945 31.31999969482422 AB 3.8377703487343027 1.257529468210683
61709.2773 lsst_hardware_g 27.733500981809915 13.050000190734863 31.34000015258789 AB 4.43990168543428 1.1683951803774422
61709.287 lsst_hardware_r -28.130880186716404 22.459999084472656 31.450000762939453 AB 4.557657392584773 1.1993835243644142
61711.2818 lsst_hardware_i -7.291770453162654 31.079999923706055 31.219999313354492 AB 3.7397595100442924 1.2002758597590204
61711.2924 lsst_hardware_z -14.318139545983401 43.349998474121094 30.93000030517578 AB 3.791867232146117 1.2393072988820515
61720.2338 lsst_hardware_i 18.115136521714383 56.18000030517578 31.299999237060547 AB 2.625986315597594 1.131890653274926
61720.2453 lsst_hardware_z -41.16555044725332 55.7400016784668 30.959999084472656 AB 2.7342778086717403 1.1626154668011086
61722.1349 lsst_hardware_z -107.86169957584762 84.66999816894531 31.729999542236328 AB 5.188222468992518 1.0376444937985037
61722.1423 lsst_hardware_r 28.42799591134727 84.9800033569336 31.65999984741211 AB 5.182027447450208 1.0364054894900416
61724.2269 lsst_hardware_y -11.938983270649935 53.040000915527344 30.010000228881836 AB 8.601926215964616 1.1420507456138074
61724.2385 lsst_hardware_r 154.6646200711774 79.75 31.6200008392334 AB 8.762643819494452 1.1749321291891919
61726.1819 lsst_hardware_g -13.00681688519007 56.790000915527344 31.709999084472656 AB 2.4676052980654526 1.0663808548251739
61726.1936 lsst_hardware_r -42.02906859628724 53.52000045776367 31.6200008392334 AB 2.433396448218593 1.083475840548518
61728.1845 lsst_hardware_i -4.515724311629615 35.91999816894531 31.270000457763672 AB 5.69392693600469 1.0777148774772283
61728.197 lsst_hardware_z -0.7301494292230134 44.779998779296875 30.950000762939453 AB 5.807736120836229 1.0992560481078035
61729.1839 lsst_hardware_r -35.49269601318976 21.899999618530273 31.479999542236328 AB 5.409517160347265 1.0810386011885023
61729.196 lsst_hardware_u -4.088060731239529 3.25 28.540000915527344 AB 5.644949624473671 1.1026369029152203
61731.1743 lsst_hardware_g -8.807013512774576 12.8100004196167 31.360000610351562 AB 3.9801872879985645 1.0747096767920161
61731.1869 lsst_hardware_i -27.839076261635118 30.06999969482422 31.229999542236328 AB 4.132767779969149 1.0956436320172718
61734.183 lsst_hardware_z 43.32968790067933 41.59000015258789 30.950000762939453 AB 6.527410310060557 1.1039395061691615
61734.1945 lsst_hardware_r -5.857778649028183 22.040000915527344 31.479999542236328 AB 6.713239366722676 1.1292877705600555
61736.1343 lsst_hardware_u 0.903510343944374 2.5 28.329999923706055 AB 3.7660064566743205 1.0461129046317557
61736.1464 lsst_hardware_g -9.953135805986895 12.720000267028809 31.360000610351562 AB 3.8045181357227364 1.0568105932563157
61738.2152 lsst_hardware_i 9.278405599610537 31.229999542236328 31.219999313354492 AB 6.184024861350552 1.2258945111209816
61738.2273 lsst_hardware_z -21.819822425881885 43.720001220703125 30.93000030517578 AB 6.347609819038285 1.2753887520670069
61742.1654 lsst_hardware_r -13.356882294170415 22.110000610351562 31.469999313354492 AB 7.196207577792196 1.1127570756171596
61742.1774 lsst_hardware_u 4.755630218669004 2.619999885559082 28.3700008392334 AB 7.289015718012052 1.1411466050532546
61744.1767 lsst_hardware_g 12.607887064564832 14.600000381469727 31.399999618530273 AB 2.8572886342221375 1.1539161207062547
61744.1877 lsst_hardware_i -15.614695451777143 30.989999771118164 31.219999313354492 AB 2.7985863188574385 1.1869733088141572
61746.1775 lsst_hardware_z -25.56060170968857 45.5099983215332 30.940000534057617 AB 4.693098333661349 1.1721024809342817
61746.1898 lsst_hardware_r -25.551695390949643 31.93000030517578 31.530000686645508 AB 4.950669428809526 1.212804857621148
61748.093 lsst_hardware_r 39.3810262412424 51.45000076293945 31.6299991607666 AB 6.39405684842354 1.0409534958768483
61748.1056 lsst_hardware_y -5.139909364644084 49.15999984741211 30.040000915527344 AB 6.547936120540295 1.049264661572141
61750.0947 lsst_hardware_z 41.130378129535956 52.33000183105469 30.969999313354492 AB 11.168367160772897 1.045156405905547
61750.1067 lsst_hardware_r -35.594195433480095 63.91999816894531 31.639999389648438 AB 11.157136241286903 1.0552978237206814
61752.0814 lsst_hardware_r 39.62086525022624 77.87999725341797 31.65999984741211 AB 11.992192117618908 1.040627570081362
61752.0938 lsst_hardware_i -113.14258562014918 61.880001068115234 31.329999923706055 AB 12.593071976800756 1.0485488740050588
61754.0819 lsst_hardware_z 77.81110030197075 50.61000061035156 30.969999313354492 AB 8.013710158507337 1.0439238558301998
61754.0947 lsst_hardware_r 66.21638098158498 61.06999969482422 31.639999389648438 AB 8.193132070490018 1.054226547171615
61756.0846 lsst_hardware_u 5.069503630501577 2.630000114440918 28.420000076293945 AB 10.113469352390954 1.0499773519806632
61756.0979 lsst_hardware_g 0.14055197600047686 13.09000015258789 31.389999389648438 AB 10.227302140814892 1.063774167372616
61760.079 lsst_hardware_r -30.486453431401895 21.90999984741211 31.479999542236328 AB 4.614768976011215 1.0549048044984046
61760.0912 lsst_hardware_u 0.2088855037412403 2.609999895095825 28.399999618530273 AB 3.314554859651891 1.069211245048997
