data/validation/pwv_sim_epoch_fit_epoch/53794479.ecsv
# %ECSV 0.9
# ---
# datatype:
# - {name: time, datatype: float64}
# - {name: band, datatype: string}
# - {name: flux, datatype: float64}
# - {name: fluxerr, datatype: float64}
# - {name: zp, datatype: float64}
# - {name: zpsys, datatype: string}
# - {name: pwv, datatype: float64}
# - {name: airmass, datatype: float64}
# meta: {SNID: '53794479', alt: 1024.0, c: -0.07155763357877731, dec: -30.345182, lat: -30.244573, lon: -70.7499537, ra: 144.316406, t0: 61105.46875,
#   x0: 8.656039307107612e-06, x1: 0.9699419140815735, z: 0.4884279668331146}
# schema: astropy-2.0
time band flux fluxerr zp zpsys pwv airmass
[from data line 132]
61425.2108 lsst_hardware_r -73.62893303338225 58.630001068115234 31.639999389648438 AB 10.311189480149217 1.0476189464210532
61425.2284 lsst_hardware_i -56.82677975204107 49.20000076293945 31.31999969482422 AB 10.245106152487187 1.0218707823942002
61427.1269 lsst_hardware_z -106.7586910261379 99.36000061035156 31.700000762939453 AB 13.721782384333288 1.334414313365099
61429.1261 lsst_hardware_r -4.665560637017272 98.62000274658203 31.59000015258789 AB 18.538193573469595 1.3062731819238729
61429.1431 lsst_hardware_z -76.54908198044387 70.69000244140625 30.969999313354492 AB 17.190369952002033 1.2186277997118575
61431.1328 lsst_hardware_r -72.76513170086216 63.88999938964844 31.600000381469727 AB 16.427493843142738 1.2413801479714157
61431.1525 lsst_hardware_y 121.64628174412249 52.439998626708984 30.020000457763672 AB 15.06650665284887 1.1581602469712406
61433.1263 lsst_hardware_g -40.55697620582077 16.399999618530273 31.420000076293945 AB 14.781620457394013 1.2464824986558927
61433.1455 lsst_hardware_r 26.734129908441023 33.5099983215332 31.549999237060547 AB 13.819552608449182 1.1638171357086025
61444.1247 lsst_hardware_u -5.956060030587911 2.6500000953674316 28.399999618530273 AB 9.54651998514004 1.1317971094240011
61444.1439 lsst_hardware_g 8.087920544477223 13.399999618530273 31.389999389648438 AB 9.179193270717994 1.0785093726610377
61446.1225 lsst_hardware_r -11.555171913943557 22.739999771118164 31.489999771118164 AB 3.8169751517978967 1.1215402013118208
61446.1418 lsst_hardware_i -16.569547966311987 30.579999923706055 31.25 AB 3.7321179644129883 1.0708322112941608
61451.1176 lsst_hardware_z -87.30721460629857 43.970001220703125 30.950000762939453 AB 1.6246659791553169 1.096512471870855
61451.1358 lsst_hardware_r -38.99177319321862 30.209999084472656 31.56999969482422 AB 2.89339278059986 1.0550201570099762
61455.114 lsst_hardware_r -70.93770751330493 82.12000274658203 31.639999389648438 AB 3.5746611001700144 1.0781936207626033
61455.1341 lsst_hardware_z 6.945644530256511 60.11000061035156 30.979999542236328 AB 3.145033334844609 1.0388791020186994
61457.1109 lsst_hardware_y 112.04722437534802 58.970001220703125 30.049999237060547 AB 4.88698346875454 1.0727655512577194
61457.1298 lsst_hardware_r -162.97527456851734 109.66000366210938 31.670000076293945 AB 5.296799140194978 1.0370629740959332
61459.1143 lsst_hardware_i -48.2211293787728 69.9000015258789 31.329999923706055 AB 6.942541621393494 1.0543630887391247
61459.1347 lsst_hardware_z 19.708471818489638 62.02000045776367 30.989999771118164 AB 7.856348172233218 1.0228954068398175
61461.0116 lsst_hardware_y -81.21607629711008 72.3499984741211 29.920000076293945 AB 14.42653214283513 1.5018251241760494
61461.0301 lsst_hardware_i 11.75853608971834 33.40999984741211 31.209999084472656 AB 12.892398939498015 1.3599576940398752
61461.1117 lsst_hardware_r -85.28092987933951 49.72999954223633 31.6299991607666 AB 8.054161814043033 1.0490604772442895
61461.1316 lsst_hardware_g -68.25535600863668 51.16999816894531 31.719999313354492 AB 8.811692423484795 1.0201669954830443
61463.1019 lsst_hardware_r 50.42146522765629 22.59000015258789 31.489999771118164 AB 6.925867412445095 1.0572229296970073
61463.1219 lsst_hardware_i -0.7186071717997853 33.540000915527344 31.270000457763672 AB 6.712987568014486 1.0251966353107034
61465.0268 lsst_hardware_y 85.86861779906523 50.7400016784668 29.950000762939453 AB 6.722185078130835 1.312179275112973
61465.0484 lsst_hardware_g 1.9275346275514447 13.720000267028809 31.360000610351562 AB 4.449882825439376 1.2027523009498955
61467.0075 lsst_hardware_y 184.4855434880023 81.5 29.940000534057617 AB 7.440712189655112 1.40320194675417
61467.0272 lsst_hardware_z 27.28845177534763 44.65999984741211 30.920000076293945 AB 6.784859605925136 1.2789556278840972
61469.0063 lsst_hardware_y -57.6264580793094 72.79000091552734 29.950000762939453 AB 15.716803991053306 1.373126331561533
61469.0273 lsst_hardware_u 1.5206468450524846 2.7100000381469727 28.31999969482422 AB 14.221100312751847 1.2499868429948007
61471.006 lsst_hardware_z 54.42095785348944 62.83000183105469 30.940000534057617 AB 8.619766820355176 1.3392009353461003
61471.0268 lsst_hardware_r -41.773968247642344 23.1299991607666 31.450000762939453 AB 7.90359100555422 1.2260757813541694
61473.0181 lsst_hardware_y 67.03601608947424 49.439998626708984 29.979999542236328 AB 13.545564075959744 1.2414878973452552
61473.0399 lsst_hardware_z -28.409815489391576 42.29999923706055 30.93000030517578 AB 12.42417511224104 1.1507328698211072
61478.0014 lsst_hardware_y 89.39740489353974 65.36000061035156 29.989999771118164 AB 17.3002513173758 1.256676851141099
61478.0237 lsst_hardware_i 37.93240591861608 32.2400016784668 31.239999771118164 AB 16.011566605134522 1.15987322605182
61480.0094 lsst_hardware_y 41.74194437108915 50.77000045776367 29.989999771118164 AB 9.769050225518928 1.1944551139777126
61480.029 lsst_hardware_r -36.97760810503992 32.959999084472656 31.549999237060547 AB 9.132891824294536 1.123587265650343
61482.0039 lsst_hardware_y 0.5245958424291377 93.05000305175781 30.760000228881836 AB 9.11970961325267 1.1946174499937758
61485.9936 lsst_hardware_z -71.66635725509516 84.80999755859375 30.989999771118164 AB 5.974548457974013 1.1920289549536953
61486.0105 lsst_hardware_i -54.0587578192627 84.87999725341797 31.329999923706055 AB 5.938357566575791 1.130254580619634
61488.0015 lsst_hardware_y 11.19636982930504 54.41999816894531 30.030000686645508 AB 5.365244273069407 1.1419057727082227
61488.0207 lsst_hardware_r -66.77817156064448 72.41999816894531 31.649999618530273 AB 5.116775920436076 1.085903208921069
61490.9892 lsst_hardware_y 144.39076937626402 67.80999755859375 30.030000686645508 AB 7.053143450926538 1.1562530247420555
61491.005 lsst_hardware_r -28.978585555813442 22.860000610351562 31.489999771118164 AB 6.081311030780959 1.1057599304408072
61492.996 lsst_hardware_y 89.2635768693356 49.5099983215332 30.040000915527344 AB 8.378946024707812 1.1160024007335925
61493.0142 lsst_hardware_z -3.960698652202016 41.220001220703125 30.959999084472656 AB 6.949925036955407 1.069219236454678
61494.9928 lsst_hardware_y 134.0692018132965 51.06999969482422 30.030000686645508 AB 9.654471417368727 1.1093905679251626
61495.009 lsst_hardware_u -1.1153629185124814 2.7300000190734863 28.469999313354492 AB 6.372890520722742 1.0686493704574063
61497.9853 lsst_hardware_y 106.39757544458432 59.2599983215332 30.040000915527344 AB 9.851844369646441 1.1074154131961715
61498.003 lsst_hardware_r -18.98747474637439 22.1299991607666 31.489999771118164 AB 6.751176342438705 1.06397326227315
61499.9912 lsst_hardware_z -206.32950587265182 65.69000244140625 31.700000762939453 AB 9.69384295304162 1.078021958135241
61501.9826 lsst_hardware_y -23.696869998641255 58.220001220703125 30.040000915527344 AB 12.288107346870653 1.085585783633075
61502.0012 lsst_hardware_g -0.6033129298778178 13.390000343322754 31.40999984741211 AB 11.15535761340401 1.0464851808255924
61505.9826 lsst_hardware_y -68.14184026995537 50.63999938964844 30.040000915527344 AB 3.0804183792088544 1.0609937012200417
61505.9997 lsst_hardware_i -19.35338627298742 30.200000762939453 31.25 AB 3.0784448475545303 1.0315928000741235
61509.9785 lsst_hardware_y -58.70794798878515 53.59000015258789 30.049999237060547 AB 11.877429092831607 1.0479930377051754
61509.9965 lsst_hardware_z 85.2390721003073 46.029998779296875 30.969999313354492 AB 11.600596568131508 1.0216514294133738
61513.9858 lsst_hardware_z -77.61986140231328 92.33999633789062 31.75 AB 9.5707196022547 1.0213942640008888
