data/validation/pwv_sim_epoch_fit_epoch/53818885.ecsv
# %ECSV 0.9
# ---
# datatype:
# - {name: time, datatype: float64}
# - {name: band, datatype: string}
# - {name: flux, datatype: float64}
# - {name: fluxerr, datatype: float64}
# - {name: zp, datatype: float64}
# - {name: zpsys, datatype: string}
# - {name: pwv, datatype: float64}
# - {name: airmass, datatype: float64}
# meta: {SNID: '53818885', alt: 1024.0, c: -0.057786889374256134, dec: -10.351558, lat: -30.244573, lon: -70.7499537, ra: 144.140625,
#   t0: 60052.984375, x0: 9.14055445743382e-06, x1: 0.3785499334335327, z: 0.4776057004928589}
# schema: astropy-2.0
time band flux fluxerr zp zpsys pwv airmass
[from data line 132]
60335.2481 lsst_hardware_z -30.722652235482634 80.33000183105469 30.989999771118164 AB 14.94080964730556 1.0628354719762092
60339.2057 lsst_hardware_i -55.63233882700368 61.630001068115234 31.309999465942383 AB 13.324120027161365 1.0848493752777533
60339.223 lsst_hardware_r 53.751671318964895 72.30999755859375 31.639999389648438 AB 13.0533551897018 1.0679338288228633
60341.2146 lsst_hardware_z 105.94011278664053 67.51000213623047 31.709999084472656 AB 13.416004722749971 1.069963490997904
60345.1845 lsst_hardware_g 3.9833453800884797 14.380000114440918 31.40999984741211 AB 7.336582847651218 1.091753399948098
60345.2033 lsst_hardware_r 2.7204299590352994 23.229999542236328 31.489999771118164 AB 7.432873016725865 1.0702480945609596
60349.1808 lsst_hardware_i 7.314985567294137 31.420000076293945 31.25 AB 6.1491258582013675 1.0817672887236323
60349.1983 lsst_hardware_z -26.654266732828443 41.90999984741211 30.950000762939453 AB 6.060426449498028 1.0664132411574823
60353.1646 lsst_hardware_g 21.322043295619068 14.550000190734863 31.420000076293945 AB 3.986539290390903 1.0888465115441375
60353.1816 lsst_hardware_r -27.448909571758303 23.469999313354492 31.489999771118164 AB 4.304625322599378 1.0701368110874774
60355.1627 lsst_hardware_i 19.538640694509734 31.360000610351562 31.239999771118164 AB 3.0160663684865234 1.083941192627631
60355.1801 lsst_hardware_r -18.962578434174453 23.56999969482422 31.5 AB 4.084748044782393 1.0674428688455588
60357.1648 lsst_hardware_z 37.77200473172925 42.58000183105469 30.950000762939453 AB 3.3387290602922803 1.0752750596754526
60357.1809 lsst_hardware_g 12.252159987811856 14.59000015258789 31.440000534057617 AB 4.517254672971814 1.064427916499668
60360.1529 lsst_hardware_r -48.228353459428334 59.66999816894531 31.639999389648438 AB 4.191914464523147 1.0792313575258048
60360.17 lsst_hardware_i -43.15368371451806 51.84000015258789 31.309999465942383 AB 3.835962659033035 1.065545183064732
60361.158 lsst_hardware_z 27.635522573887773 58.630001068115234 30.979999542236328 AB 5.3920085480234325 1.0715260838996636
60361.176 lsst_hardware_r -82.73668562806368 74.66000366210938 31.649999618530273 AB 6.514807374189216 1.0629478502511365
60364.1619 lsst_hardware_z 181.53898309895686 121.19000244140625 31.75 AB 9.832082001790011 1.0643853206325793
60366.1296 lsst_hardware_z 19.98848767383361 74.62999725341797 30.989999771118164 AB 5.8535861853490845 1.0881282991633208
60366.1474 lsst_hardware_r -154.62034533930904 107.62000274658203 31.649999618530273 AB 5.7335023276777415 1.0691845832499285
60368.1271 lsst_hardware_i 39.484655352097164 57.0 31.309999465942383 AB 6.557564357728534 1.0840741209668596
60368.1467 lsst_hardware_r -44.29174220449774 67.91000366210938 31.639999389648438 AB 6.503486009177114 1.066261778748024
60373.1285 lsst_hardware_z -101.4554391004588 41.709999084472656 30.940000534057617 AB 10.963824808008049 1.0690330518899671
60373.1469 lsst_hardware_r 7.959957234681872 23.309999465942383 31.489999771118164 AB 10.868105990859076 1.0627222285716176
60385.0907 lsst_hardware_z -0.4319993466631798 42.04999923706055 30.950000762939453 AB 8.216671948756938 1.0730461364387434
60385.112 lsst_hardware_g -8.045469044759336 15.510000228881836 31.450000762939453 AB 8.17354132375066 1.0627871000022673
60387.0861 lsst_hardware_r 34.475112698329326 38.52000045776367 31.59000015258789 AB 8.778015040419652 1.0722876824455048
60387.1055 lsst_hardware_i 46.69542054076638 38.93000030517578 31.280000686645508 AB 8.677990557975075 1.062882232158213
60391.0993 lsst_hardware_z -26.714349469731534 94.54000091552734 31.739999771118164 AB 6.482947764926682 1.0627783221191283
60392.07 lsst_hardware_r -234.80935686699388 111.4800033569336 31.649999618530273 AB 4.412692096167873 1.0745191792616573
60392.0901 lsst_hardware_z 118.16891768407675 79.06999969482422 30.989999771118164 AB 5.827044428182936 1.0631352724289247
60397.0606 lsst_hardware_g 10.733297022250907 67.05999755859375 31.709999084472656 AB 7.2760396656262865 1.0707931811076212
60397.0776 lsst_hardware_r 116.93793022215574 64.62000274658203 31.639999389648438 AB 7.202579617611283 1.0629544890217197
60399.0588 lsst_hardware_i -29.081907475079614 37.83000183105469 31.270000457763672 AB 5.116478779971786 1.0681584091799134
60399.0756 lsst_hardware_z 25.671961689452818 45.470001220703125 30.950000762939453 AB 5.074738520490122 1.062716825399743
60401.0557 lsst_hardware_r -35.55090008127149 22.790000915527344 31.489999771118164 AB 9.314392004508216 1.0667370113962453
60401.074 lsst_hardware_u -2.4818175296930103 2.619999885559082 28.3700008392334 AB 9.260858688327238 1.06299014070426
60413.0165 lsst_hardware_g 20.05968463776693 15.210000038146973 31.469999313354492 AB 5.393983537909976 1.071120345108716
60413.0338 lsst_hardware_r -24.613067441977662 23.65999984741211 31.520000457763672 AB 5.336099393896992 1.062968006752389
60417.0059 lsst_hardware_r -10.772065395809689 50.13999938964844 31.6200008392334 AB 11.458220864883502 1.0708617630732247
60417.0232 lsst_hardware_z -49.56519390827039 49.310001373291016 30.969999313354492 AB 11.373297698815653 1.0629250185809023
60423.0027 lsst_hardware_z -14.146474521146924 64.41999816894531 30.979999542236328 AB 9.380849262289626 1.0637692648738024
60423.0212 lsst_hardware_r -104.12002910841147 92.8499984741211 31.649999618530273 AB 9.414514698098301 1.065050590881645
60425.9757 lsst_hardware_y -20.641095394199727 50.209999084472656 30.030000686645508 AB 6.670977884785239 1.075964174965361
60425.9938 lsst_hardware_u -15.881676270883487 9.829999923706055 29.209999084472656 AB 6.665832717586918 1.0639796835733308
60428.9743 lsst_hardware_z -10.845970185300038 42.47999954223633 30.950000762939453 AB 12.025467797397312 1.0699608035053587
60428.9929 lsst_hardware_r -46.03050728384894 23.0 31.489999771118164 AB 11.936218244970359 1.0627290320495941
60431.9709 lsst_hardware_y -14.403291706139765 49.650001525878906 30.049999237060547 AB 14.05936765510342 1.0668210304545895
60431.9873 lsst_hardware_z -17.906841042882313 41.63999938964844 30.950000762939453 AB 14.006106503160453 1.0627728683490283
60435.961 lsst_hardware_y -50.64264374197973 61.849998474121094 30.049999237060547 AB 4.185099312957293 1.066267340880839
60435.9786 lsst_hardware_u -0.7812223069156597 2.880000114440918 28.479999542236328 AB 3.866007157384146 1.0630146622201033
60442.9575 lsst_hardware_y 60.8419843726019 63.5099983215332 30.049999237060547 AB 9.232103178093366 1.0627900818986993
60442.9771 lsst_hardware_i 77.9796890520518 32.0099983215332 31.25 AB 7.770467061809609 1.0716407477327032
