data/validation/pwv_sim_epoch_fit_epoch/5381074.ecsv
# %ECSV 0.9
# ---
# datatype:
# - {name: time, datatype: float64}
# - {name: band, datatype: string}
# - {name: flux, datatype: float64}
# - {name: fluxerr, datatype: float64}
# - {name: zp, datatype: float64}
# - {name: zpsys, datatype: string}
# - {name: pwv, datatype: float64}
# - {name: airmass, datatype: float64}
# meta: {SNID: '5381074', alt: 1024.0, c: -0.04392487183213234, dec: -31.03924, lat: -30.244573, lon: -70.7499537, ra: 171.035156, t0: 60671.609375,
#   x0: 2.853556966449859e-06, x1: -0.8700317740440369, z: 0.7713370323181152}
# schema: astropy-2.0
time band flux fluxerr zp zpsys pwv airmass
[from data line 133]
61091.0987 lsst_hardware_g 18.684075517461334 13.9399995803833 31.280000686645508 AB 4.759710820026222 1.4963330759035567
61091.1186 lsst_hardware_r 7.965284455983966 23.809999465942383 31.450000762939453 AB 4.308230644154324 1.3473395983907717
61093.1032 lsst_hardware_i -54.30638902121497 33.61000061035156 31.190000534057617 AB 8.699088538159886 1.4160977597525455
61093.1217 lsst_hardware_z 104.8161506831256 44.810001373291016 30.920000076293945 AB 8.00081532499077 1.2957835168824634
61098.1128 lsst_hardware_r 43.07258425903354 48.66999816894531 31.559999465942383 AB 8.554089245217527 1.2698592310584127
61098.1317 lsst_hardware_i -35.15865158029189 44.0 31.270000457763672 AB 9.136435207700378 1.1829397562892963
61102.1148 lsst_hardware_z -147.00015823031873 110.55999755859375 31.729999542236328 AB 6.977840320984721 1.2078657297879039
61104.1117 lsst_hardware_r -105.83195015391425 118.13999938964844 31.6200008392334 AB 12.398803940071767 1.197759195627606
61104.1342 lsst_hardware_i -109.63672946071688 92.91999816894531 31.31999969482422 AB 11.536765105279414 1.1174524276644844
61106.1214 lsst_hardware_z 97.4081048466955 86.2699966430664 31.719999313354492 AB 8.340696090034058 1.1406860079368402
61110.1105 lsst_hardware_i 1.8016846752334532 31.219999313354492 31.239999771118164 AB 8.642435734778083 1.1406144562198715
61110.1306 lsst_hardware_z 40.77378012201623 41.54999923706055 30.940000534057617 AB 8.325219114410457 1.0829788111712502
61112.1109 lsst_hardware_i -33.06039405906413 31.110000610351562 31.229999542236328 AB 14.69658970134036 1.1218556669789217
61112.1311 lsst_hardware_u 4.829684823194229 2.609999895095825 28.360000610351562 AB 14.969975860136755 1.0692839900097681
61121.09 lsst_hardware_r 1.9426983106229547 23.149999618530273 31.489999771118164 AB 5.88358107063223 1.1109480873550284
61121.1082 lsst_hardware_i -47.200300149280125 30.75 31.25 AB 5.585660439309725 1.065694563592524
61123.0925 lsst_hardware_z -71.67838882153193 41.880001068115234 30.940000534057617 AB 5.991467592198664 1.089423769719129
61123.1104 lsst_hardware_r -29.758826128801974 22.889999389648438 31.5 AB 5.76044121444773 1.0506321940203123
61129.0735 lsst_hardware_r 96.19701960505631 79.44999694824219 31.639999389648438 AB 5.453550796910784 1.0961911149569072
61129.0915 lsst_hardware_y -109.53428226429469 53.130001068115234 30.049999237060547 AB 6.302129026121492 1.0553383800370906
61132.0685 lsst_hardware_z 79.60236424347003 86.58000183105469 30.989999771118164 AB 9.508028790499216 1.0879788832458337
61132.0855 lsst_hardware_r 142.72809760226653 127.52999877929688 31.65999984741211 AB 8.98379897815415 1.0512285254100593
61134.0724 lsst_hardware_i 11.435413711008794 75.16999816894531 31.329999923706055 AB 5.207289662220391 1.066339179976872
61134.0898 lsst_hardware_z -106.73254501980915 65.87000274658203 30.989999771118164 AB 6.210143504222096 1.0350239173703493
61136.0735 lsst_hardware_r -19.601558692053146 55.459999084472656 31.6299991607666 AB 8.307340485639962 1.0532285877198084
61136.09 lsst_hardware_z -15.435398745636153 51.15999984741211 30.969999313354492 AB 9.470201216244828 1.0271367913497644
61138.0681 lsst_hardware_g -8.778373380399314 13.9399995803833 31.40999984741211 AB 7.947679121823289 1.053114434993472
61138.087 lsst_hardware_i 50.892208398602016 34.720001220703125 31.280000686645508 AB 7.5874632847026735 1.0240412926987592
61140.0661 lsst_hardware_z 30.986557304848187 41.310001373291016 30.950000762939453 AB 5.962613852225428 1.0468531540579253
61140.0841 lsst_hardware_r 0.2762806929550718 22.690000534057617 31.510000228881836 AB 5.1932995305683 1.021030119385602
61146.9705 lsst_hardware_y -134.71346548882877 78.97000122070312 29.979999542236328 AB 18.922810395288526 1.3176068234716796
61146.9901 lsst_hardware_i -7.077641741804085 32.0099983215332 31.229999542236328 AB 17.3710310863161 1.2159478570849855
61148.9838 lsst_hardware_z 65.07241697195475 44.40999984741211 30.93000030517578 AB 11.3800426637348 1.2197259017936548
61149.0042 lsst_hardware_u -0.44796196822032713 2.5999999046325684 28.329999923706055 AB 10.432023205238432 1.1399872369400537
61150.9817 lsst_hardware_y 23.21328726844753 50.119998931884766 29.989999771118164 AB 8.70577479405863 1.2048681467107731
61151.0013 lsst_hardware_r -4.439769747384799 23.510000228881836 31.489999771118164 AB 8.178855675142081 1.1316038843991258
61154.9769 lsst_hardware_y 2.60166272024316 51.869998931884766 30.0 AB 16.232108325178867 1.1796304589408348
61154.9946 lsst_hardware_z 33.75476117232521 46.349998474121094 30.950000762939453 AB 15.336675152484528 1.1184924416706534
61156.9768 lsst_hardware_y 0.10625132982958985 53.68000030517578 30.010000228881836 AB 7.151708235934591 1.1593448001513582
61156.9963 lsst_hardware_r -118.34195144806054 67.18000030517578 31.6299991607666 AB 6.863591584003912 1.098174653440626
61158.9664 lsst_hardware_y -29.474871710212025 69.55000305175781 30.020000457763672 AB 12.298431661961686 1.1779730846998837
61158.9856 lsst_hardware_r 12.812887162492713 102.06999969482422 31.639999389648438 AB 11.674733263268052 1.1128066973209152
61160.9806 lsst_hardware_z -0.8918090821607612 109.9000015258789 31.739999771118164 AB 12.580713381657386 1.1114686263501534
61162.9714 lsst_hardware_y -24.05230713088512 55.130001068115234 30.020000457763672 AB 14.786989383669912 1.122607757642716
61162.9898 lsst_hardware_i 28.08916652158108 68.58000183105469 31.31999969482422 AB 14.152444646788933 1.07382257648537
61165.9688 lsst_hardware_y 1.5140627567287508 49.459999084472656 30.030000686645508 AB 7.81634313684016 1.1061906505576224
61165.9875 lsst_hardware_r -23.684638406324478 22.479999542236328 31.5 AB 7.746744239454298 1.0611978410211367
61167.9699 lsst_hardware_y 148.19172922188835 48.779998779296875 30.020000457763672 AB 10.681674829391378 1.0887355113069108
61167.9909 lsst_hardware_g -16.61530495268075 13.470000267028809 31.3799991607666 AB 10.261556600516212 1.0446902054465914
61169.9664 lsst_hardware_y 23.23319504784419 50.40999984741211 30.040000915527344 AB 8.394284568291956 1.0838793881757858
61169.9855 lsst_hardware_z 36.7365480650298 40.810001373291016 30.950000762939453 AB 8.135759434117848 1.044586176300694
61171.9641 lsst_hardware_y -35.97666182195622 51.31999969482422 30.040000915527344 AB 12.56289672350248 1.0763891634919778
61171.9836 lsst_hardware_u 1.988890404416498 2.549999952316284 28.350000381469727 AB 12.14622255362764 1.038760160235
61174.9809 lsst_hardware_i -64.44082570975486 29.899999618530273 31.239999771118164 AB 6.711859264484225 1.0306381631495785
61174.9898 lsst_hardware_z -24.06658439133271 40.43000030517578 30.950000762939453 AB 6.645862721770413 1.0196168643403842
61176.9624 lsst_hardware_y -14.145485067741674 50.02000045776367 30.049999237060547 AB 10.973123249680102 1.0516446557903156
61176.9818 lsst_hardware_z 63.8830705664998 40.59000015258789 30.950000762939453 AB 10.682280620388006 1.0224968886920487
61177.9628 lsst_hardware_y -119.16809918104067 70.62999725341797 30.799999237060547 AB 7.795706802688903 1.0460525733228987
61177.983 lsst_hardware_u -0.8742591258552052 3.7100000381469727 29.15999984741211 AB 7.547198459322268 1.0181260147027364
