data/validation/pwv_sim_epoch_fit_epoch/53823639.ecsv
# %ECSV 0.9
# ---
# datatype:
# - {name: time, datatype: float64}
# - {name: band, datatype: string}
# - {name: flux, datatype: float64}
# - {name: fluxerr, datatype: float64}
# - {name: zp, datatype: float64}
# - {name: zpsys, datatype: string}
# - {name: pwv, datatype: float64}
# - {name: airmass, datatype: float64}
# meta: {SNID: '53823639', alt: 1024.0, c: -0.0704570934176445, dec: -38.300922, lat: -30.244573, lon: -70.7499537, ra: 223.417969, t0: 60757.86328125,
#   x0: 4.1787336652137385e-06, x1: -0.7621467709541321, z: 0.6600297093391418}
# schema: astropy-2.0
time band flux fluxerr zp zpsys pwv airmass
60719.334 lsst_hardware_z 32.88313557300693 58.86000061035156 30.969999313354492 AB 6.216812564284764 1.1174283390464212
60719.3541 lsst_hardware_r -57.806000858009675 79.4800033569336 31.649999618530273 AB 5.978716537902524 1.0707509768794494
60725.3124 lsst_hardware_z 82.78779437682947 82.48435055120032 31.729999542236328 AB 2.895160452233307 1.132212006739439
60728.3901 lsst_hardware_y 8.698310234456633 80.97817304727124 30.81999969482422 AB 8.709418679124669 1.010490622940558
60732.3012 lsst_hardware_g -15.229048776528495 14.745518516775299 31.420000076293945 AB 7.3058996798514055 1.1102628559624241
60732.3217 lsst_hardware_r 8.720459739707072 23.642628403676742 31.5 AB 7.027657949839013 1.0649042251498657
60732.3848 lsst_hardware_z 94.36160359613612 42.2724302447896 30.959999084472656 AB 6.022399200507914 1.01024365922186
60732.3969 lsst_hardware_y 29.64890894232707 60.57782796045528 30.06999969482422 AB 5.916607274823062 1.0126552843718157
60734.3764 lsst_hardware_u 1.7366990418550239 3.626054092265969 28.479999542236328 AB 4.856009002715213 1.0102653958492123
60734.3883 lsst_hardware_y 0.44982242822177027 48.33525471687443 30.059999465942383 AB 4.769218540022396 1.0116421989724378
60739.3631 lsst_hardware_z 227.352506141294 43.619420871019635 30.950000762939453 AB 9.774430220634367 1.0102509207136112
60739.3755 lsst_hardware_r 344.2551721074597 29.69321751948844 31.5 AB 9.842655469881448 1.011890148029346
60741.3646 lsst_hardware_u 22.39616790122465 5.789520135620469 28.459999084472656 AB 8.691599063824652 1.010651053933099
60741.3764 lsst_hardware_g 164.33469870969574 19.51555200612304 31.450000762939453 AB 9.082055592871258 1.0143770207972367
60752.3095 lsst_hardware_r 1645.5092781747223 101.3224199842943 31.670000076293945 AB 6.282302591468201 1.0154583930175234
60752.3226 lsst_hardware_z 876.545856000775 74.71244112948362 31.0 AB 6.215668539306821 1.0107873817172164
60754.3125 lsst_hardware_z 1022.6852246830736 65.7150138893039 31.0 AB 4.857112667202597 1.0118984723338744
60754.3262 lsst_hardware_i 1258.8100793048357 71.136726287257 31.34000015258789 AB 4.8292642026466766 1.0103239322819455
60756.317 lsst_hardware_z 865.0210682429938 53.85612212238613 30.969999313354492 AB 5.836171918824535 1.0102426724640012
60756.3305 lsst_hardware_r 1621.0661988142533 55.84885344450458 31.6200008392334 AB 5.864442623400512 1.0123471406287297
60758.3118 lsst_hardware_y 331.4348590101716 50.286712335437045 30.059999465942383 AB 6.093913475689755 1.0102362571253702
60758.325 lsst_hardware_g 291.6698957036783 25.737935930608767 31.549999237060547 AB 6.074003213309407 1.012333868884901
60760.308 lsst_hardware_i 1281.2052425520767 46.65092847994336 31.260000228881836 AB 6.390424313421712 1.0102372840947007
60760.3194 lsst_hardware_z 895.2929640651861 50.339359515463926 30.959999084472656 AB 6.401701995698979 1.0122868430896552
60764.2958 lsst_hardware_u 1.1782307978676483 2.9500412485696206 28.600000381469727 AB 6.521795863170385 1.0102305484522147
60764.3087 lsst_hardware_r 1106.4733530661852 40.72837813574548 31.520000457763672 AB 6.400407413265834 1.0123622781866952
60767.3033 lsst_hardware_i 1016.2131745395387 44.23786660097457 31.260000228881836 AB 8.922807159673523 1.0134275322141146
60767.316 lsst_hardware_z 812.8854731080695 49.48897035696965 30.950000762939453 AB 8.99648239836094 1.0210319176455187
60769.2924 lsst_hardware_r 826.8187444561813 36.84522468045016 31.5 AB 6.949947164166587 1.0115512507428899
60769.305 lsst_hardware_u -0.16221663582141696 2.6512374817460045 28.389999389648438 AB 6.9190257577758585 1.0171547642146115
60771.2814 lsst_hardware_g 68.47217417287288 17.017095698198094 31.440000534057617 AB 14.7530045286034 1.0104797622331096
60771.2926 lsst_hardware_r 677.7211354355442 35.24042927311023 31.489999771118164 AB 16.991688463399374 1.013521530772391
60773.2848 lsst_hardware_i 747.9723724061474 46.78528628041321 31.290000915527344 AB 8.769621802640234 1.012599942571454
60773.2968 lsst_hardware_z 738.9992393626882 48.38780864898135 30.950000762939453 AB 10.143395305641128 1.0189502805837543
60778.1675 lsst_hardware_i 678.0198848188543 104.82764402083764 31.31999969482422 AB 10.99216318668597 1.1328234132620374
60778.1856 lsst_hardware_z 597.4242924832137 88.51733740061651 30.989999771118164 AB 10.794180332719645 1.0862068259340523
60780.2736 lsst_hardware_z 647.8174667091885 87.34488924220159 31.010000228881836 AB 9.463074392761778 1.0163327669167412
60780.2854 lsst_hardware_i 575.069258152466 107.47601121676664 31.350000381469727 AB 9.604677287620978 1.0251914844824213
60782.2774 lsst_hardware_z 1070.7811827250125 95.85589812913769 31.75 AB 13.79545657303674 1.022946505489896
60784.2243 lsst_hardware_y 160.8659847422951 50.518755208896835 30.06999969482422 AB 9.11294256691038 1.0143618763431368
60784.236 lsst_hardware_r 281.0213954462836 52.63162088786618 31.639999389648438 AB 9.083355186623788 1.0106653893322712
60792.2115 lsst_hardware_z 327.0483195098314 44.65888299047594 30.950000762939453 AB 2.8790659338094153 1.011174267735329
60792.224 lsst_hardware_r 161.2257107205109 26.112381326485806 31.5 AB 2.877074008857151 1.010474671650593
60794.1984 lsst_hardware_u 7.933570524690684 2.9403919119037734 28.540000915527344 AB 9.889343497871161 1.0137197988694748
60794.2071 lsst_hardware_r 101.44070453677028 26.040563301232936 31.520000457763672 AB 9.881853332533131 1.01094852418965
60795.2156 lsst_hardware_i 159.17528041531307 34.15999381281076 31.260000228881836 AB 9.930463658700736 1.0104513910814517
60795.2273 lsst_hardware_z 320.1906839902571 44.206311580288286 30.950000762939453 AB 9.972510635775144 1.013621043428891
60800.0612 lsst_hardware_y 82.71829774880996 51.53539669863346 29.959999084472656 AB 11.965062527198205 1.3266384270978986
60800.0799 lsst_hardware_g 28.40055240654066 31.569733560880646 31.59000015258789 AB 11.108290661267352 1.2328732432664165
60800.1973 lsst_hardware_y 40.25035107704262 48.34804493481548 30.059999465942383 AB 9.272976730815223 1.0102382319223813
60800.2097 lsst_hardware_g 29.49258774754648 15.83528344330404 31.469999313354492 AB 9.225896365206683 1.0121293459965142
60802.1948 lsst_hardware_r 155.92727932222962 47.99644922791006 31.639999389648438 AB 6.44491121379719 1.01030613410276
60802.2063 lsst_hardware_i 151.1824025052935 45.24926791023394 31.309999465942383 AB 6.473152763847076 1.0128544459156745
60804.0644 lsst_hardware_z 247.23371940129223 63.63021543049302 30.959999084472656 AB 11.16437292602082 1.2536257356014018
60804.0857 lsst_hardware_r 66.9841445823163 78.3791549649118 31.6299991607666 AB 10.026295403693323 1.167477340905138
60806.1926 lsst_hardware_z 42.638492655162935 87.89525380976436 31.010000228881836 AB 7.874306797946123 1.011904921560864
60806.2045 lsst_hardware_r 290.819677477696 131.44067104673843 31.670000076293945 AB 7.912981692983005 1.01748510903729
60810.1984 lsst_hardware_r 52.65174309247449 100.9745084470803 31.670000076293945 AB 6.658445894569372 1.0208817347647472
60810.2107 lsst_hardware_z 114.98976921866597 72.56649981117441 30.989999771118164 AB 6.666484975106715 1.0326030011007923
60812.1891 lsst_hardware_y 27.687099562412754 50.47203528783538 30.049999237060547 AB 6.937834467330846 1.0181237294913925
60812.1999 lsst_hardware_r 48.96965609677088 59.813150021204436 31.639999389648438 AB 7.006828550418899 1.0269675672988747
60814.1917 lsst_hardware_i 161.59680427559672 39.1149921685483 31.290000915527344 AB 8.57989935884887 1.0244044366126046
60814.204 lsst_hardware_z 162.50542349831497 46.13433515387529 30.959999084472656 AB 8.697824280524124 1.0376685526300091
60819.1236 lsst_hardware_r 51.72431773714407 24.59599675858757 31.510000228881836 AB 8.843992261044853 1.0171938882103582
60819.1358 lsst_hardware_u -2.181212273101783 3.4340278879354478 28.469999313354492 AB 7.596216349559616 1.011682273364788
60823.0387 lsst_hardware_u 3.107318503212321 3.0559801682277064 28.360000610351562 AB 8.103930081571468 1.151167311562409
60823.0545 lsst_hardware_g 55.00010310390557 22.454200944510774 32.18000030517578 AB 8.199314948214365 1.1057740995568934
60823.0738 lsst_hardware_i 98.00066892344894 32.641428906723554 31.25 AB 7.816204654697558 1.0639117043599218
60826.0492 lsst_hardware_r 67.87802999737364 25.240025860448693 31.5 AB 10.082452708397398 1.0986055797763628
60826.0696 lsst_hardware_i 84.98233849385511 32.43242105033513 31.25 AB 9.657869526453451 1.056919868288541
60828.0011 lsst_hardware_g 10.79144840636404 22.42742880685284 31.510000228881836 AB 13.197720823692977 1.2433574083165544
60828.0096 lsst_hardware_r 65.18359700971526 29.05043108082397 31.510000228881836 AB 12.909053171427809 1.2070081895663405
60830.0757 lsst_hardware_r 111.35489390860641 40.33639973074028 31.610000610351562 AB 11.864843957761419 1.032923153606624
60830.0966 lsst_hardware_i 82.08244189158604 39.728737181163616 31.290000915527344 AB 11.83202103521311 1.0154352725713196
60830.1286 lsst_hardware_z 57.439729986254775 45.710335817131906 30.959999084472656 AB 10.84275816130406 1.0124035974108787
60830.1418 lsst_hardware_r 50.99054001115113 39.020150428676786 31.610000610351562 AB 11.01283356937619 1.0194000480759207
60844.1044 lsst_hardware_z 32.16620624690283 40.900001525878906 30.950000762939453 AB 5.222415230873454 1.0200029747799717
60844.1177 lsst_hardware_r -49.058690319867324 22.950000762939453 31.5 AB 5.300781067981138 1.0324185680674813
60847.093 lsst_hardware_r 10.475877159111844 22.860000610351562 31.5 AB 3.053327828901879 1.017775942967293
60847.1061 lsst_hardware_u -1.729413363034856 2.6500000953674316 28.40999984741211 AB 3.086219411699862 1.028739803899954
60851.0503 lsst_hardware_r -35.98169017289378 22.799999237060547 31.5 AB 4.832290423147182 1.0112038552230893
60851.0625 lsst_hardware_i -14.11304198560234 30.3700008392334 31.260000228881836 AB 4.749045606487405 1.010435235422852
60857.9965 lsst_hardware_z 65.63747542560554 42.709999084472656 30.950000762939453 AB 9.636478619230287 1.0361804966914285
60858.005 lsst_hardware_g -0.07573530520665583 25.360000610351562 31.6200008392334 AB 9.136810275212591 1.026838646348909
60861.026 lsst_hardware_i -100.95620981884902 59.40999984741211 31.329999923706055 AB 3.816496892221719 1.0106355968457197
60861.0382 lsst_hardware_r 6.067140517192355 68.41000366210938 31.65999984741211 AB 3.8143625615070587 1.0108734703640616
60863.0219 lsst_hardware_z -53.01520925234397 100.55000305175781 31.75 AB 3.0313792922294827 1.0104597640764943
60865.0182 lsst_hardware_r -104.11682903152135 101.26000213623047 31.670000076293945 AB 2.466161251064533 1.0103077636478395
60865.0301 lsst_hardware_i 32.572801577158806 80.41999816894531 31.350000381469727 AB 2.4832590234346705 1.011510803843043
60870.0193 lsst_hardware_u -0.04997375014854744 2.690000057220459 28.43000030517578 AB 7.065136891644113 1.0123785622989951
60870.0309 lsst_hardware_g -6.254134490745664 14.329999923706055 31.440000534057617 AB 7.137436893180365 1.0182398230775056
60872.0191 lsst_hardware_r -13.967375503084506 22.940000534057617 31.510000228881836 AB 4.456499768268045 1.0145702375112224
60872.0306 lsst_hardware_z -6.049139574206621 40.84000015258789 30.950000762939453 AB 4.473176711657764 1.0220704990554499
60875.008 lsst_hardware_u 0.8132783528878762 2.740000009536743 28.479999542236328 AB 1.6277235192572512 1.0132635903453344
60875.0208 lsst_hardware_g -10.938016464415375 14.279999732971191 31.450000762939453 AB 1.6382908054590555 1.0207949356409296
60877.0033 lsst_hardware_r 13.266679500250957 22.8799991607666 31.489999771118164 AB 5.671418040290168 1.0135827907287516
60877.0142 lsst_hardware_i -48.70189992737618 30.420000076293945 31.239999771118164 AB 5.685976812016826 1.0199366460014039
60878.9953 lsst_hardware_z -29.971769187280124 40.95000076293945 30.950000762939453 AB 3.4502004230102736 1.0125808324232852
60879.0067 lsst_hardware_r 27.929211626231847 23.149999618530273 31.510000228881836 AB 4.303641372961177 1.018492811019093
60880.9972 lsst_hardware_u -1.3398090961183207 2.809999942779541 28.520000457763672 AB 4.982202270849854 1.0159811584508418
60881.0093 lsst_hardware_g -13.81898930204766 14.619999885559082 31.450000762939453 AB 5.298562498638947 1.0249000609895123
60882.9996 lsst_hardware_r -29.51204227046353 23.389999389648438 31.510000228881836 AB 4.444346993974214 1.021297662345664
60883.0121 lsst_hardware_z -33.92877708594075 41.310001373291016 30.950000762939453 AB 4.67373630606849 1.0334408636967365
61091.3799 lsst_hardware_g 8.623669517480785 15.350000381469727 31.489999771118164 AB 2.7436933122331935 1.016182708234516
61091.3936 lsst_hardware_y -42.37912270673495 64.7699966430664 30.079999923706055 AB 2.7294897346992477 1.0109221239626842
61098.3856 lsst_hardware_r 18.110119684068813 23.670000076293945 31.510000228881836 AB 5.124281525342564 1.010457288704474
61098.3972 lsst_hardware_y 44.53066630501785 60.02000045776367 30.06999969482422 AB 5.079616567920265 1.013592051864764
61102.3761 lsst_hardware_z -3.898002464246702 58.849998474121094 30.989999771118164 AB 6.167024772004269 1.0106425027524921
61102.3877 lsst_hardware_y -24.695277881795754 52.70000076293945 30.059999465942383 AB 6.195185425410112 1.0142324602644148
61104.3051 lsst_hardware_r -40.91138571637685 93.06999969482422 31.649999618530273 AB 10.33695890499131 1.0616527461476923
61104.3257 lsst_hardware_y 43.42374351238068 55.13999938964844 30.059999465942383 AB 10.03762017888617 1.0319691753481326
61108.3714 lsst_hardware_r 201.1153118429414 65.62999725341797 31.649999618530273 AB 7.095839017261162 1.0142708715353554
61108.3835 lsst_hardware_z 22.13788750793488 56.529998779296875 30.979999542236328 AB 7.7124158657010335 1.0220535205010506
61110.227 lsst_hardware_r 33.24264338414011 43.209999084472656 31.559999465942383 AB 10.771543293055998 1.2498406451041764
61110.2481 lsst_hardware_i -34.807159468803164 42.720001220703125 31.280000686645508 AB 10.043967972973544 1.1653624914255194
61110.3714 lsst_hardware_r -48.549402200597676 41.279998779296875 31.6200008392334 AB 6.8563949374528095 1.0172692785538489
61110.3838 lsst_hardware_i 29.10411724926038 40.86000061035156 31.299999237060547 AB 6.779754746290269 1.0272355676197378
61115.3592 lsst_hardware_u -4.380849977819972 2.680000066757202 28.420000076293945 AB 7.712414230121557 1.0182077008543875
61115.3716 lsst_hardware_g 21.231098228242303 14.420000076293945 31.440000534057617 AB 7.736297814397948 1.0286946099857652
61117.3207 lsst_hardware_g 1.2042186725937067 14.199999809265137 31.43000030517578 AB 6.186761124329771 1.011349355546497
61117.3343 lsst_hardware_r 3.0948052320868435 22.81999969482422 31.5 AB 7.523628902195902 1.0105273700944872
61119.3151 lsst_hardware_i -10.211894516243747 30.260000228881836 31.25 AB 4.835428859196198 1.0113844089513124
61119.3284 lsst_hardware_z 17.881024286818597 40.61000061035156 30.940000534057617 AB 4.827458887278974 1.0104747448472446
61123.3129 lsst_hardware_r 21.15904682884502 22.75 31.5 AB 6.094780602445244 1.0102404446287405
61123.326 lsst_hardware_i -14.674586665990779 30.260000228881836 31.25 AB 6.098636605082628 1.012445897584402
61127.3057 lsst_hardware_g 16.137456268115947 14.1899995803833 31.440000534057617 AB 7.4863010225505215 1.0103879371806535
61127.3177 lsst_hardware_r -15.856602223627918 22.889999389648438 31.510000228881836 AB 7.467818722212723 1.013455901865474
61129.297 lsst_hardware_r 0.48207147037304615 56.22999954223633 31.639999389648438 AB 6.354403401615891 1.010239014565287
61129.3101 lsst_hardware_i 61.381856656038636 46.90999984741211 31.309999465942383 AB 6.411895410478767 1.012617721174864
61132.2986 lsst_hardware_z 31.33950500333335 107.12999725341797 31.75 AB 8.90460628166673 1.0115709615366482
61138.2846 lsst_hardware_i -8.344789131351384 49.04999923706055 31.309999465942383 AB 8.746981807087325 1.0122942808306368
61138.2972 lsst_hardware_z 21.456065205455342 50.5099983215332 30.969999313354492 AB 10.175765024256167 1.018748062697719
