data/validation/pwv_sim_epoch_fit_epoch/53853908.ecsv
# %ECSV 0.9
# ---
# datatype:
# - {name: time, datatype: float64}
# - {name: band, datatype: string}
# - {name: flux, datatype: float64}
# - {name: fluxerr, datatype: float64}
# - {name: zp, datatype: float64}
# - {name: zpsys, datatype: string}
# - {name: pwv, datatype: float64}
# - {name: airmass, datatype: float64}
# meta: {SNID: '53853908', alt: 1024.0, c: -0.0008262551855295897, dec: -40.423901, lat: -30.244573, lon: -70.7499537, ra: 111.445312,
#   t0: 61445.3828125, x0: 2.772302149680871e-06, x1: 0.32215416431427, z: 0.7805171608924866}
# schema: astropy-2.0
time band flux fluxerr zp zpsys pwv airmass
61375.3482 lsst_hardware_z 12.395367028705696 77.91000366210938 31.729999542236328 AB 7.491926587593837 1.034225094919024
61378.3378 lsst_hardware_r -0.6871278107902001 22.889999389648438 31.510000228881836 AB 4.432752907103195 1.032072853807496
61378.35 lsst_hardware_g 4.745285324569393 26.239999771118164 31.6299991607666 AB 4.6013290414989285 1.0457566003406655
61380.3383 lsst_hardware_r 17.05492114302447 22.3700008392334 31.5 AB 4.371631167065002 1.038207247417919
61380.35 lsst_hardware_i -101.10097184206924 40.97999954223633 31.299999237060547 AB 4.424026063931393 1.053339539031284
61382.315 lsst_hardware_z -28.146085956994327 40.29999923706055 30.950000762939453 AB 5.62792213988449 1.0228866121200069
61382.3281 lsst_hardware_i -12.40173730096604 29.579999923706055 31.25 AB 5.732620304952175 1.0332458719010198
61386.3064 lsst_hardware_r -2.192837721085399 21.290000915527344 31.479999542236328 AB 10.811206707954236 1.024370542728257
61386.3185 lsst_hardware_i -39.956988445580585 29.459999084472656 31.239999771118164 AB 10.888093361195782 1.0345637121460536
61388.3014 lsst_hardware_z -2.9795225811972514 40.220001220703125 30.950000762939453 AB 7.432367889390462 1.024683072985788
61388.3135 lsst_hardware_u -0.04206056833803303 2.5399999618530273 28.3700008392334 AB 7.476748967333874 1.035035157676232
61391.2959 lsst_hardware_r -7.665463813787046 21.459999084472656 31.489999771118164 AB 6.841178823491476 1.0266259723866407
61391.3068 lsst_hardware_g 4.656461703749683 12.789999961853027 31.389999389648438 AB 6.890560206797788 1.036603137658049
61393.291 lsst_hardware_r -1.638512482194835 21.5 31.5 AB 4.484643125573282 1.0270567103110686
61393.3042 lsst_hardware_i 19.803730884102393 29.75 31.25 AB 5.092913978876983 1.0397946057322485
61395.2915 lsst_hardware_z -9.270608928256166 40.7400016784668 30.959999084472656 AB 5.536811072165032 1.032184757899338
61395.3029 lsst_hardware_i 9.369188782745114 29.899999618530273 31.260000228881836 AB 6.330188420563716 1.0448729167366109
61404.2288 lsst_hardware_z 83.53507079513696 42.70000076293945 30.959999084472656 AB 9.137420352797765 1.016360574631752
61404.2407 lsst_hardware_r 20.86675439439718 32.84000015258789 31.579999923706055 AB 9.13877519416811 1.0170391951071829
61406.2345 lsst_hardware_u -2.633927732433214 3.009999990463257 28.579999923706055 AB 7.15704975260597 1.0168863846730656
61406.2476 lsst_hardware_g 1.3394511852037243 16.229999542236328 31.5 AB 7.190813067113829 1.0218054877274758
61408.233 lsst_hardware_r 41.54753847034152 21.329999923706055 31.479999542236328 AB 3.499986060675357 1.0178816520794975
61408.2456 lsst_hardware_i -51.92699386544874 29.479999542236328 31.25 AB 3.6312322830997843 1.0238918040602776
61410.2268 lsst_hardware_z -56.41964722988372 40.14393692297547 30.940000534057617 AB 11.867239313881138 1.0176644282457843
61410.2396 lsst_hardware_r 19.619403032934027 21.342042584511873 31.479999542236328 AB 11.964991957627973 1.0235455811824852
61412.225 lsst_hardware_u 1.7205302698024134 2.6169320721531975 28.43000030517578 AB 8.762448200404402 1.0188893256284188
61412.2379 lsst_hardware_r -17.70226224849772 21.407558028283233 31.479999542236328 AB 8.960205951422521 1.0261344424441734
61414.1916 lsst_hardware_g 10.095415624794924 12.820982657116764 31.389999389648438 AB 7.648641776936301 1.0187096419813497
61414.2043 lsst_hardware_i -7.384709591337713 29.549692905033222 31.25 AB 7.636339270614384 1.0161800819208073
61416.1893 lsst_hardware_z 62.284680506274846 40.586782580225794 30.950000762939453 AB 6.951552285704794 1.0176726537569551
61416.2027 lsst_hardware_r -25.91555478600618 21.474438633707347 31.489999771118164 AB 6.929465267861618 1.0162741464928675
61419.1848 lsst_hardware_u 2.1104127493847544 2.7365065385873653 28.459999084472656 AB 8.073768363919283 1.016804713981692
61419.1989 lsst_hardware_g 43.568726997385184 13.359140332820298 31.399999618530273 AB 8.088859370818255 1.0168696828886525
61421.187 lsst_hardware_r 105.28358006774113 23.296449783340435 31.489999771118164 AB 5.21501513304672 1.0161759807183786
61421.2006 lsst_hardware_i 149.02493097583908 32.12749250586992 31.25 AB 5.222928713164807 1.0189589256527936
61423.1841 lsst_hardware_z 209.23267014007396 46.10373709644994 30.959999084472656 AB 6.3150669582819186 1.0163189139448396
61423.1972 lsst_hardware_r 253.1699923156001 37.12716091948128 31.600000381469727 AB 6.33069738297058 1.0198191563610428
61425.1778 lsst_hardware_z 359.45788154351953 52.975326079519384 30.979999542236328 AB 9.151024133393353 1.0162535129999282
61425.1904 lsst_hardware_r 162.22615405828293 62.60207316285511 31.649999618530273 AB 9.09848813426984 1.0192481106351574
61427.1809 lsst_hardware_i 451.1270709733017 71.90921075074536 31.329999923706055 AB 9.907717597571947 1.0178203351641828
61427.1943 lsst_hardware_z 287.18513690805065 63.418303396771876 30.989999771118164 AB 9.989527637720094 1.0242780382681924
61429.1855 lsst_hardware_r 413.6870069954121 80.06164146883656 31.65999984741211 AB 11.696603772464973 1.0222070152907994
61429.1983 lsst_hardware_z 394.191048539282 60.54242067281572 30.979999542236328 AB 11.822410816213868 1.0318490784389207
61431.1789 lsst_hardware_y 240.49885181937896 50.29698461748197 30.059999465942383 AB 14.245474084678312 1.0215715029410273
61431.1927 lsst_hardware_r 531.578197235819 57.567090178333316 31.639999389648438 AB 14.426365690733679 1.0317197771601139
61435.1717 lsst_hardware_r 615.4832418008316 33.42384486055735 31.510000228881836 AB 12.642706225507883 1.023783806422211
61435.1838 lsst_hardware_g 129.10033538470645 19.517190581133253 31.489999771118164 AB 12.672699820640903 1.0336623018467295
61437.1614 lsst_hardware_u -0.6843616368337563 2.807531390010991 28.43000030517578 AB 8.64161110475858 1.0209842987663729
61437.1737 lsst_hardware_r 647.2085037764917 33.28127266753859 31.489999771118164 AB 11.6768098569312 1.0293833346789967
61439.1584 lsst_hardware_i 929.3702360180908 42.72650194310039 31.25 AB 7.645735419378384 1.022327985208542
61439.1711 lsst_hardware_z 565.7975201180765 47.16742303904036 30.950000762939453 AB 9.399774517555668 1.0319499950658142
61441.158 lsst_hardware_r 618.7703817250381 33.72195041072037 31.5 AB 6.487721310072305 1.0256185872486123
61441.1713 lsst_hardware_u 1.782271012105371 2.765139904449826 28.479999542236328 AB 7.139558766469515 1.0377265648938248
61446.1483 lsst_hardware_i 950.4059962280089 43.562281040347976 31.260000228881836 AB 3.5960389198700713 1.0286888135221544
61446.1608 lsst_hardware_z 602.6600149763538 47.974944403424125 30.950000762939453 AB 3.6403116304932746 1.0413535380085173
61449.1453 lsst_hardware_r 545.7218979682611 31.59935300582175 31.479999542236328 AB 3.8541405360451817 1.03339708261741
61449.158 lsst_hardware_g 65.56777891949379 15.307607587715118 31.3799991607666 AB 3.8073287584489406 1.0482492853364067
61451.1437 lsst_hardware_r 526.6866416318467 37.0815611561837 31.559999465942383 AB 3.0127975024035245 1.037405165820485
61451.1565 lsst_hardware_i 995.584030473337 45.49988565920801 31.270000457763672 AB 3.0272880685512864 1.0538861857445732
61453.1399 lsst_hardware_z 620.6727420259398 53.70206753919762 30.959999084472656 AB 3.125588976622779 1.0392648301322178
61453.1526 lsst_hardware_i 900.1638029769477 54.41550098690888 31.299999237060547 AB 3.2637931610399074 1.0562437414368633
61455.1486 lsst_hardware_z 1175.7540047044395 87.36231929964241 31.719999313354492 AB 3.1872058505801175 1.0585207075988434
61461.0889 lsst_hardware_z 545.5094503030342 49.59045261697659 30.959999084472656 AB 7.818919264954257 1.0180884459575856
61461.1006 lsst_hardware_r 339.05335774845906 44.34979019382201 31.6200008392334 AB 7.856297652158848 1.0237218818984068
61463.0802 lsst_hardware_u -5.623141073160341 2.655089719458935 28.479999542236328 AB 7.983414985078965 1.0171899069986576
61463.0916 lsst_hardware_r 276.6071927800302 26.80227297449963 31.479999542236328 AB 6.715627898003494 1.021621342968509
61465.0743 lsst_hardware_i 502.6866158813132 37.394507185682734 31.25 AB 3.819428726014668 1.0170904003766543
61465.0886 lsst_hardware_z 553.5544732991841 45.18191174638283 30.950000762939453 AB 4.111367199690047 1.0230462705294052
61467.0729 lsst_hardware_r 183.1799630157743 25.659470850691495 31.479999542236328 AB 6.397275574362204 1.018215068736855
61467.0839 lsst_hardware_u 2.4285528941492114 2.5740139774581996 28.40999984741211 AB 5.866823805978503 1.0235212501707365
61471.0703 lsst_hardware_i 377.3377152862218 35.152150804910974 31.25 AB 6.6462513925749604 1.0219237444377307
61471.0827 lsst_hardware_z 284.9389809039943 44.341936839233924 30.950000762939453 AB 6.631136933118195 1.031013775556081
61473.0687 lsst_hardware_r 150.37938370963923 24.11720481150625 31.469999313354492 AB 11.018395727139623 1.0242921232186366
61473.0831 lsst_hardware_g 13.706476925762866 13.23706185276336 31.360000610351562 AB 11.12431173116306 1.03683710765877
61478.0542 lsst_hardware_i 260.8971681870104 33.6792997321324 31.239999771118164 AB 13.28351415522786 1.0237381338081661
61478.0693 lsst_hardware_z 171.56467722238023 43.55007062475406 30.940000534057617 AB 13.460510359860848 1.0366798513476616
61480.0469 lsst_hardware_r 11.658038205500102 33.51118390150316 31.579999923706055 AB 7.97084546129329 1.0226024796390674
61480.0621 lsst_hardware_z 192.25059866977782 45.25209902508928 30.950000762939453 AB 8.058509796116567 1.0348559853753416
61482.0416 lsst_hardware_y 190.54776588352635 49.950080897625064 30.059999465942383 AB 7.926937344790997 1.0226986640163847
61482.0563 lsst_hardware_r 187.05448131856605 50.382809017808505 31.639999389648438 AB 7.0905400829153775 1.0345112464130986
61486.0358 lsst_hardware_i 111.42762906813141 66.78486619320788 31.34000015258789 AB 5.403556076389776 1.0261215488776232
61486.0501 lsst_hardware_z 81.66707602724578 61.65975566352409 30.989999771118164 AB 4.073259698154972 1.0396272838578218
61488.0279 lsst_hardware_r 101.9563277449271 66.13214776934409 31.65999984741211 AB 4.819806762613157 1.024401012245092
61488.0447 lsst_hardware_g 109.21637132835153 75.87585280027703 31.729999542236328 AB 4.277491788863582 1.0396982269872996
61491.0175 lsst_hardware_r 32.10856222814413 22.439312599614258 31.5 AB 5.626085920696573 1.022986712048592
61491.0309 lsst_hardware_i 113.31010548190423 31.58634966009701 31.260000228881836 AB 5.6626211170378635 1.0336865601480805
61740.3536 lsst_hardware_r 25.274345857348727 31.850000381469727 31.579999923706055 AB 7.581044340643486 1.0393059919539902
61742.3473 lsst_hardware_r 17.75595267835846 25.700000762939453 31.540000915527344 AB 6.2893956989239195 1.0383552912115026
61744.3362 lsst_hardware_i 18.650862583348026 30.110000610351562 31.25 AB 4.193862988988065 1.0325049416900574
61744.3479 lsst_hardware_z -11.792277441266789 49.16999816894531 30.969999313354492 AB 4.251446707242059 1.0456948529741887
61746.3325 lsst_hardware_r 2.3446344046981107 21.59000015258789 31.479999542236328 AB 4.341015766856977 1.0342318377200548
61746.3443 lsst_hardware_u 3.416482979981008 4.869999885559082 28.829999923706055 AB 4.556664388276731 1.0481716920528452
61748.3046 lsst_hardware_g 0.4403914617587273 12.699999809265137 31.389999389648438 AB 6.6417428729625545 1.0187894118131002
61748.318 lsst_hardware_r -9.765524967020438 21.34000015258789 31.479999542236328 AB 6.6338204163286445 1.0263114161791047
61750.2985 lsst_hardware_i 5.17036926207455 41.0099983215332 31.299999237060547 AB 8.441269800117974 1.0185544253536014
61750.3119 lsst_hardware_z 17.748757689331217 40.38999938964844 30.950000762939453 AB 8.509681312371315 1.0258395859967027
61752.3118 lsst_hardware_r -59.15289911594553 76.63999938964844 31.649999618530273 AB 10.334711557927058 1.0301574825571258
61752.3258 lsst_hardware_g -53.80820563541572 76.2699966430664 31.719999313354492 AB 10.461103541761647 1.0453611786647883
61754.2912 lsst_hardware_z -96.10013750190164 56.630001068115234 30.989999771118164 AB 8.330162687509812 1.020036849093337
61754.3038 lsst_hardware_r 17.777794149899478 76.33000183105469 31.65999984741211 AB 8.489851333441846 1.0280112154257048
61756.2977 lsst_hardware_i 21.220294853580032 49.58000183105469 31.31999969482422 AB 6.808985672924443 1.0275000072319198
61756.3098 lsst_hardware_z 12.870028631206099 50.349998474121094 30.969999313354492 AB 6.921434662725888 1.0391764376136758
61758.2924 lsst_hardware_r 28.155757205894297 38.9900016784668 31.610000610351562 AB 4.974061190277405 1.0276278197666975
61758.3041 lsst_hardware_z -32.99709282770037 44.79999923706055 30.959999084472656 AB 5.020678087786031 1.038904280821962
61760.3002 lsst_hardware_g 5.998103190869751 20.670000076293945 31.56999969482422 AB 6.226057149241596 1.040711600374512
61760.3123 lsst_hardware_r 4.3101300687079425 26.329999923706055 31.540000915527344 AB 6.461512870595957 1.0572423567923572
61764.2856 lsst_hardware_i -41.30065293764534 29.600000381469727 31.25 AB 6.5550019223845215 1.0365687957912044
61764.2977 lsst_hardware_z 8.542501120822473 40.689998626708984 30.950000762939453 AB 7.037255423824432 1.051736329267738
61768.2282 lsst_hardware_r 5.542135246570044 21.290000915527344 31.479999542236328 AB 7.278678784975941 1.0170013671895963
61768.2401 lsst_hardware_u 0.4028819259216971 2.559999942779541 28.399999618530273 AB 7.260090119611995 1.0163922888999013
61770.227 lsst_hardware_g 7.315680674670336 12.760000228881836 31.399999618530273 AB 6.742772863645909 1.016345203785134
61770.2381 lsst_hardware_i -8.889691257924428 29.309999465942383 31.239999771118164 AB 6.738954921258838 1.0169321192528522
61772.2324 lsst_hardware_z -23.405000601204044 40.25 30.950000762939453 AB 5.604391957842262 1.0168849566666733
61772.2458 lsst_hardware_r 7.108921369108734 21.360000610351562 31.479999542236328 AB 5.682734282418517 1.0219519750183157
61774.219 lsst_hardware_u -1.4565601721476114 2.559999942779541 28.399999618530273 AB 2.659594264698251 1.0161789147762923
61774.2334 lsst_hardware_g -21.572279061794365 12.65999984741211 31.3700008392334 AB 2.6703132698384144 1.0187175087604823
61776.2181 lsst_hardware_r -3.748836550026797 21.3700008392334 31.489999771118164 AB 7.138444565073018 1.0163777693771578
61776.2312 lsst_hardware_i -34.345076686675526 29.389999389648438 31.25 AB 7.161343165612334 1.0200738083844505
61778.2271 lsst_hardware_z -74.04999522038672 44.33000183105469 30.959999084472656 AB 8.203321905947371 1.0207262769088714
61778.2398 lsst_hardware_r -42.44400044754278 33.439998626708984 31.579999923706055 AB 8.297597500778357 1.0292870434507668
61780.249 lsst_hardware_r -14.073267704640505 65.52999877929688 31.639999389648438 AB 7.4992712579503795 1.0449154708429205
61780.2602 lsst_hardware_i 25.015096727271125 54.439998626708984 31.309999465942383 AB 7.032621241910722 1.0612474051247915
61782.1874 lsst_hardware_z -20.648188994660742 61.93000030517578 30.989999771118164 AB 6.387898660912519 1.0176404419582912
61782.2003 lsst_hardware_i -44.170755716676084 70.06999969482422 31.34000015258789 AB 6.349072692827048 1.016258134105969
61786.1972 lsst_hardware_y -34.9456784597094 68.45999908447266 30.809999465942383 AB 5.279849551965745 1.017606158227955
61788.1789 lsst_hardware_r -0.2525611808478396 29.030000686645508 31.559999465942383 AB 6.357071328639594 1.0162642004646032
61788.1918 lsst_hardware_i 15.616069301222701 34.16999816894531 31.270000457763672 AB 6.339286835784666 1.0176236994597725
61790.1817 lsst_hardware_z -44.04311437550226 40.06999969482422 30.940000534057617 AB 9.153633091281273 1.0166185130254575
61790.1949 lsst_hardware_r 5.031438186827955 21.260000228881836 31.469999313354492 AB 9.075465150659902 1.0210153548331098
61792.1809 lsst_hardware_u -0.714514328326038 2.5899999141693115 28.43000030517578 AB 9.905875541878109 1.0176311006886105
61792.1936 lsst_hardware_r 6.495297043754304 21.389999389648438 31.479999542236328 AB 10.021805994558783 1.0233903647656482
61794.1798 lsst_hardware_i 21.449222697786347 29.31999969482422 31.239999771118164 AB 11.500676641436756 1.019111798089212
