data/validation/pwv_sim_epoch_fit_epoch/53886367.ecsv
# %ECSV 0.9
# ---
# datatype:
# - {name: time, datatype: float64}
# - {name: band, datatype: string}
# - {name: flux, datatype: float64}
# - {name: fluxerr, datatype: float64}
# - {name: zp, datatype: float64}
# - {name: zpsys, datatype: string}
# - {name: pwv, datatype: float64}
# - {name: airmass, datatype: float64}
# meta: {SNID: '53886367', alt: 1024.0, c: -0.12822085618972778, dec: -25.447729, lat: -30.244573, lon: -70.7499537, ra: 304.804688, t0: 60577.328125,
#   x0: 2.8374667616976925e-06, x1: 0.10874772071838379, z: 0.7722095847129822}
# schema: astropy-2.0
time band flux fluxerr zp zpsys pwv airmass
[from data line 133]
60872.1574 lsst_hardware_r 48.56635670774041 38.599998474121094 31.59000015258789 AB 3.0695513424504886 1.0834029268333145
60872.1747 lsst_hardware_z 32.83113540105506 47.04999923706055 30.969999313354492 AB 3.2369416866797467 1.0473844642224306
60875.1786 lsst_hardware_r 26.882805145431064 24.549999237060547 31.520000457763672 AB 3.2915541637040593 1.0290662523629917
60875.1984 lsst_hardware_i 58.85057376331183 31.479999542236328 31.270000457763672 AB 3.209581468120889 1.0100169831235588
60877.1512 lsst_hardware_i -13.82399752694028 32.08000183105469 31.25 AB 6.292148737637659 1.0663905776661522
60877.1711 lsst_hardware_z -31.920741421234876 41.84000015258789 30.950000762939453 AB 6.491225122061566 1.0317862304091503
60879.0639 lsst_hardware_r 23.31588706225241 25.93000030517578 31.440000534057617 AB 6.929269063952472 1.4336418753005113
60879.0834 lsst_hardware_i 69.86024650569539 33.97999954223633 31.219999313354492 AB 8.403608415599358 1.3001134659600007
60881.0434 lsst_hardware_i 20.349138245191327 35.650001525878906 31.170000076293945 AB 7.375423874799878 1.5692391222978463
60881.0631 lsst_hardware_z 27.415860512990044 46.77000045776367 30.90999984741211 AB 6.570216827822409 1.3979184740047679
60883.0692 lsst_hardware_u 2.79987556963304 2.609999895095825 28.209999084472656 AB 4.518436922340234 1.3198296837564578
60883.0878 lsst_hardware_g 24.99332279108841 15.579999923706055 31.399999618530273 AB 3.7241566763946388 1.2200349472218308
60886.0691 lsst_hardware_z 10.814988982983579 45.61000061035156 30.93000030517578 AB 6.1099890433207 1.2729143840251458
60886.0888 lsst_hardware_u -2.1209854899080556 3.049999952316284 28.450000762939453 AB 6.137402191910378 1.1802696522904572
60888.047 lsst_hardware_r -11.860034220824142 32.209999084472656 31.489999771118164 AB 5.197420301119907 1.3761924892638766
60888.0653 lsst_hardware_g -3.3993691342372663 26.1299991607666 31.540000915527344 AB 4.770799213975104 1.2639831887422173
60890.0476 lsst_hardware_r 29.66131873338011 46.099998474121094 31.549999237060547 AB 2.1118182641622933 1.335466861822698
60890.0673 lsst_hardware_i 26.823548695138093 43.439998626708984 31.260000228881836 AB 1.9360934714833837 1.226540051620769
60891.0509 lsst_hardware_z -5.137584590069505 53.83000183105469 30.940000534057617 AB 1.93010534015031 1.298568293440442
60891.0701 lsst_hardware_i 23.171466443101323 51.15999984741211 31.290000915527344 AB 1.774889007888888 1.2014140396359803
60894.0707 lsst_hardware_z 59.72074204169225 91.87000274658203 30.989999771118164 AB 2.718239425215836 1.165625825564252
60894.0884 lsst_hardware_r 129.3446581104437 137.10000610351562 31.649999618530273 AB 3.0431465680347656 1.1070348566534334
60896.0684 lsst_hardware_i 93.73064479163564 128.4199981689453 31.31999969482422 AB 4.637754204888157 1.1539094020041032
60896.0864 lsst_hardware_r -166.45062676931852 157.4499969482422 31.649999618530273 AB 4.160039010183123 1.0974425809487662
60899.0654 lsst_hardware_r 1.0473525884664816 53.66999816894531 31.6200008392334 AB 3.7484477590517793 1.135893260318721
60899.0844 lsst_hardware_i -6.953729183427051 55.529998779296875 31.31999969482422 AB 2.932012609707366 1.0816573818399038
60901.0564 lsst_hardware_i 10.697061633351586 32.5099983215332 31.239999771118164 AB 3.881434144791738 1.1480136482672991
60901.0744 lsst_hardware_z 10.167544835895713 42.54999923706055 30.940000534057617 AB 3.6224034675318753 1.0930607928581397
60904.0757 lsst_hardware_r 31.40438321193692 24.3799991607666 31.520000457763672 AB 4.188212825392813 1.0702417782094071
60904.094 lsst_hardware_z -35.84206019330339 41.70000076293945 30.959999084472656 AB 4.200125278028629 1.036620047640725
60906.058 lsst_hardware_i -32.00262362956637 32.09000015258789 31.25 AB 2.8793373545873004 1.1004187475730947
60906.0779 lsst_hardware_r 8.614108841979222 24.450000762939453 31.520000457763672 AB 2.630305815734794 1.054583020007268
60908.0784 lsst_hardware_g 9.83351953523769 15.40999984741211 31.469999313354492 AB 3.1993240759782995 1.043995456347952
60908.0976 lsst_hardware_r 9.10668592269085 24.1200008392334 31.520000457763672 AB 2.4896586531407605 1.0186819366369724
60912.0768 lsst_hardware_r -16.4582423302667 24.040000915527344 31.510000228881836 AB 4.310471684095571 1.0300838436552195
60912.0946 lsst_hardware_u -1.6576057192532512 2.740000009536743 28.440000534057617 AB 3.8700357516234716 1.0119063280490186
60918.9742 lsst_hardware_y 151.10961234355548 80.05999755859375 29.969999313354492 AB 5.136154046141502 1.3000178982007597
60918.9912 lsst_hardware_z 35.59822400153508 48.95000076293945 30.940000534057617 AB 5.015072243743853 1.2122729674863773
60931.9832 lsst_hardware_y 27.535895233175655 56.290000915527344 30.040000915527344 AB 2.7913360997794916 1.111200676664085
60932.0002 lsst_hardware_r 10.611420049088565 24.3799991607666 31.520000457763672 AB 1.4954264066325202 1.0681617190232289
60935.9858 lsst_hardware_y 19.036290102339553 53.689998626708984 30.040000915527344 AB 1.698623014986239 1.07592906729101
60936.004 lsst_hardware_g -16.537873370842 15.449999809265137 31.469999313354492 AB 0.8884611167191326 1.0406572377383692
60937.986 lsst_hardware_y -148.45592227533103 56.90999984741211 30.049999237060547 AB 6.567372676912859 1.063542133912978
60938.0025 lsst_hardware_i -10.918483116019399 31.520000457763672 31.260000228881836 AB 6.514209575724929 1.034658445953837
60939.9883 lsst_hardware_y -71.3209629045835 52.95000076293945 30.049999237060547 AB 2.0187652165842285 1.048663806718789
60940.0057 lsst_hardware_i 52.84375248029745 31.280000686645508 31.25 AB 2.6330929424504372 1.0234877983093174
