data/validation/pwv_sim_epoch_fit_epoch/54052741.ecsv
# %ECSV 0.9
# ---
# datatype:
# - {name: time, datatype: float64}
# - {name: band, datatype: string}
# - {name: flux, datatype: float64}
# - {name: fluxerr, datatype: float64}
# - {name: zp, datatype: float64}
# - {name: zpsys, datatype: string}
# - {name: pwv, datatype: float64}
# - {name: airmass, datatype: float64}
# meta: {SNID: '54052741', alt: 1024.0, c: -0.01978299394249916, dec: -42.609806, lat: -30.244573, lon: -70.7499537, ra: 349.107147, t0: 60836.12890625,
#   x0: 8.057977363632063e-06, x1: -0.656242311000824, z: 0.5036442875862122}
# schema: astropy-2.0
time band flux fluxerr zp zpsys pwv airmass
60842.3561 lsst_hardware_i 2207.881713403794 74.93717208224807 31.31999969482422 AB 7.283680225471652 1.1023769685529763
60842.3788 lsst_hardware_y 656.3318845712593 56.64834240639487 30.049999237060547 AB 7.424814546303206 1.0606877923290294
60844.4374 lsst_hardware_r 2486.533175024402 65.63059086400875 31.6200008392334 AB 5.022324271455623 1.0249641370317597
60847.413 lsst_hardware_g 386.0122003807613 25.106403541366053 31.469999313354492 AB 3.0842557537912305 1.0234795930948168
60847.4262 lsst_hardware_y 583.445756977846 51.468889329758035 30.049999237060547 AB 3.21603596573112 1.0241609147278128
60849.3464 lsst_hardware_i 1595.1046636303797 50.419292361812424 31.239999771118164 AB 3.6995171013474497 1.0829968095279912
60856.3835 lsst_hardware_u -0.9977750070157545 2.807921328388939 28.43000030517578 AB 4.176513641517657 1.024408545871364
60856.3954 lsst_hardware_r 974.103643873439 38.0888319065311 31.489999771118164 AB 4.162291283218648 1.0232626280140904
60860.1771 lsst_hardware_r 1960.5315445034564 84.51049888715576 32.59000015258789 AB 14.914276924062907 1.9400054533592932
60860.1945 lsst_hardware_z 2391.563801857243 101.44681047329526 32.08000183105469 AB 13.2046175011413 1.7198737682205487
60861.415 lsst_hardware_g 119.79308182206746 17.17754868851813 31.420000076293945 AB 4.070102081146317 1.0401487557235667
60861.4264 lsst_hardware_r 669.7973959900453 33.72589451215957 31.5 AB 5.496839522617904 1.053034391306112
60863.3631 lsst_hardware_i 932.3241227001663 49.23572835390637 31.290000915527344 AB 1.588887431833605 1.024758098570529
60863.3765 lsst_hardware_z 843.1024883633335 49.45561976914803 30.950000762939453 AB 1.553758791146771 1.0232756431458896
60867.4183 lsst_hardware_r 458.0789701213575 104.3796240104591 31.649999618530273 AB 9.800602437931634 1.064829549514062
60867.4306 lsst_hardware_i 577.9637782576979 85.9014832438024 31.329999923706055 AB 10.020099122218092 1.086376066954742
60870.3248 lsst_hardware_z 741.9266221360522 67.45578928732668 30.979999542236328 AB 6.249361576093555 1.0352624163163349
60870.3375 lsst_hardware_i 582.379985139625 72.70540480240895 31.329999923706055 AB 5.8550044630209195 1.0271937654422665
60877.3923 lsst_hardware_r 245.47614296207388 27.310814485708427 31.489999771118164 AB 6.287631372523427 1.0668756040592902
60877.4046 lsst_hardware_g 45.06435971214698 15.318384924264754 31.389999389648438 AB 6.336867800741454 1.0889492289799294
60879.4003 lsst_hardware_r 181.95975671991604 27.121903261190386 31.489999771118164 AB 5.651538381994015 1.0912939188016442
60879.411 lsst_hardware_i 382.32423055452455 36.31876736252299 31.239999771118164 AB 5.729291731080138 1.115190604589808
60881.3468 lsst_hardware_g 48.52157265813605 14.914247461557139 31.43000030517578 AB 5.67838818474964 1.0296105863766893
60881.3587 lsst_hardware_i 337.9144585657421 35.35588105811472 31.25 AB 5.732529622879484 1.0385487789989554
60884.1205 lsst_hardware_i 291.976286329696 38.902358412740696 31.1299991607666 AB 6.914093706225143 1.8194983437434586
60884.1284 lsst_hardware_r 194.71409556265868 27.645844624780334 31.360000610351562 AB 6.387181763953019 1.726265341608924
60886.3513 lsst_hardware_r 172.95806636798622 26.12417895990946 31.5 AB 5.004427192076139 1.0448383030293282
60886.3625 lsst_hardware_i 292.1150101452713 34.89298419452877 31.260000228881836 AB 5.083055009673036 1.0589697936818825
60888.3869 lsst_hardware_r 179.5855414922925 26.145095711371663 31.479999542236328 AB 7.027729546714499 1.1163395446438367
60888.398 lsst_hardware_g 24.59712243379572 14.525746643477634 31.3799991607666 AB 7.212957096233894 1.1459597404351423
60890.3499 lsst_hardware_z 364.46861370183143 45.06163993128378 30.950000762939453 AB 2.3607324391158753 1.0566106922304463
60890.3616 lsst_hardware_r 137.17163545941767 25.891752975812754 31.489999771118164 AB 2.389997722396427 1.0748809185502257
60894.3307 lsst_hardware_r 357.9342514301235 120.68944132715532 32.40999984741211 AB 4.346701044025727 1.0462213681063208
60894.3424 lsst_hardware_z 492.50758222689257 92.20771941156612 31.729999542236328 AB 4.543075343331402 1.0615075376762497
60896.3266 lsst_hardware_y 28.06802100412385 62.23289687902736 30.059999465942383 AB 4.647816053781307 1.047788702712299
60896.338 lsst_hardware_r 211.98557960963646 120.24945408106164 31.65999984741211 AB 5.223536533857628 1.0630989180538573
60897.3296 lsst_hardware_i 248.83638161229442 93.65353044658141 31.34000015258789 AB 5.119878383008011 1.054992454771896
60897.3415 lsst_hardware_z 255.7333330983623 80.88860512178978 30.989999771118164 AB 5.492382821049671 1.0731676927883427
60899.2357 lsst_hardware_i 259.50208757305074 65.7618425523358 31.329999923706055 AB 2.8353086882876606 1.0446973796196244
60899.2483 lsst_hardware_z 282.831499236803 61.58167886229965 30.989999771118164 AB 2.79402310402823 1.0331970431831832
60902.1527 lsst_hardware_z 265.38938353422446 46.243815348031426 30.93000030517578 AB 4.123614403226306 1.2228080371343482
60902.1591 lsst_hardware_g 42.681260986944494 15.191410850361791 31.3799991607666 AB 4.050197963554024 1.19846070825685
60904.3071 lsst_hardware_r 119.1328756030666 27.409247332536083 31.530000686645508 AB 4.399362027395882 1.0506148247477678
60904.3193 lsst_hardware_u 0.26026356793052347 3.528981089191072 28.6299991607666 AB 4.4688706018844435 1.0680218920677405
60906.3092 lsst_hardware_g 11.684557315657456 14.936175985464144 31.43000030517578 AB 2.837980881579325 1.0608613350866172
60906.3204 lsst_hardware_r 131.46799480146507 25.542553809901722 31.489999771118164 AB 2.8967256034085826 1.0793239533286652
60908.3086 lsst_hardware_i 201.0880577198137 33.473099792693496 31.239999771118164 AB 1.5032102779362617 1.0683797284550547
60908.3207 lsst_hardware_z 193.535612441644 44.47947348529785 30.940000534057617 AB 1.5905720696012886 1.0904287497266605
60910.3018 lsst_hardware_r 33.11448683288013 25.154358500921603 31.489999771118164 AB 2.148904553920853 1.0662333945441487
60910.313 lsst_hardware_g 15.958282286609444 14.240479528943485 31.399999618530273 AB 2.1792845024339806 1.0859770785767937
60912.304 lsst_hardware_r -0.858207432517717 22.8799991607666 31.489999771118164 AB 2.620876097382265 1.0792900881464371
60912.316 lsst_hardware_i -52.400717219049255 31.100000381469727 31.25 AB 2.709998657858781 1.1037192470236685
60920.0673 lsst_hardware_z -3.5751157912045337 73.38999938964844 31.670000076293945 AB 2.194756384325174 1.4087011452664786
60920.0756 lsst_hardware_r -78.42885479613895 67.4000015258789 32.29999923706055 AB 2.1683779296056067 1.357782047342271
60932.2417 lsst_hardware_r 23.93272773496995 26.299999237060547 31.530000686645508 AB 1.3055416893145995 1.0661834947444668
60932.2539 lsst_hardware_u 6.266330221395104 3.490000009536743 28.6200008392334 AB 2.1641556311202974 1.0878798413810729
60934.1402 lsst_hardware_z 22.208051621191753 40.970001220703125 30.950000762939453 AB 3.333177611616549 1.0446376593642714
60934.1516 lsst_hardware_u -3.5344903496766564 2.5899999141693115 28.3700008392334 AB 3.3015799494596996 1.0340595968449233
60938.2241 lsst_hardware_z 33.49204417051994 41.25 30.950000762939453 AB 6.189518121250046 1.0642835079813229
60938.2369 lsst_hardware_r 31.13110636797939 22.719999313354492 31.489999771118164 AB 6.312783273771056 1.086662257362511
60940.2221 lsst_hardware_u 7.338085013805483 2.6600000858306885 28.40999984741211 AB 2.2227947098992042 1.0698085476588655
60940.2346 lsst_hardware_g -12.295956958904808 13.649999618530273 31.389999389648438 AB 2.2710515622407836 1.0930340812127375
60941.2147 lsst_hardware_r 35.136754342748986 22.40999984741211 31.489999771118164 AB 2.1195750152559696 1.0624436166695486
60941.2269 lsst_hardware_z 68.584911427329 41.599998474121094 30.940000534057617 AB 2.1540667183072735 1.0831713300236587
60945.2269 lsst_hardware_u -0.7804431903698865 2.619999885559082 28.360000610351562 AB 3.6748445807738994 1.1059925503935666
60945.2396 lsst_hardware_g 1.7332430434963984 13.699999809265137 31.3700008392334 AB 3.8114677062911517 1.138091282858054
60947.2311 lsst_hardware_i -38.404746971151 30.940000534057617 31.229999542236328 AB 5.199962300674 1.1298330154101903
60947.2437 lsst_hardware_z 67.73830582270247 42.7400016784668 30.93000030517578 AB 5.390236542073093 1.1666126522658231
60952.1869 lsst_hardware_i 105.8543597189556 69.91000366210938 31.329999923706055 AB 2.354893892551489 1.065884381058308
60952.1982 lsst_hardware_z 1.1175762948960377 64.30999755859375 30.979999542236328 AB 2.4190264774211774 1.0857389934565427
60955.2204 lsst_hardware_r 56.608859099426454 99.5999984741211 31.6200008392334 AB 4.741972579756101 1.1620108424969005
60955.231 lsst_hardware_z -13.709044809212095 69.44999694824219 30.959999084472656 AB 4.863959034091155 1.1977736180812908
60957.1337 lsst_hardware_i 33.17898762660314 53.20000076293945 31.31999969482422 AB 3.6139332496029137 1.0267585054628936
60957.1458 lsst_hardware_r 39.07779925187526 64.75 31.649999618530273 AB 3.6241460449812752 1.0340177498222807
60959.1758 lsst_hardware_u 11.356645211768553 6.349999904632568 28.989999771118164 AB 4.202435473781883 1.079531311499392
60959.1871 lsst_hardware_g 42.411305347833235 37.27000045776367 31.649999618530273 AB 4.2710568279148395 1.1024452986659083
60961.2178 lsst_hardware_i -16.715856443597843 31.540000915527344 31.219999313354492 AB 7.047748609240119 1.2095851386730563
60961.2298 lsst_hardware_z -30.83499675824512 45.290000915527344 30.93000030517578 AB 7.329413499819643 1.2590249076388633
60963.1647 lsst_hardware_i 0.5647653935251258 30.639999389648438 31.25 AB 6.596646189057417 1.079205920500191
60963.175 lsst_hardware_z -20.991188405444525 42.09000015258789 30.950000762939453 AB 7.368976931118872 1.0998473031520704
60965.1625 lsst_hardware_i 27.21171676066006 30.469999313354492 31.239999771118164 AB 6.946215752226337 1.0853462112853651
60965.1736 lsst_hardware_u 1.0664967921343265 2.609999895095825 28.360000610351562 AB 7.304279210403935 1.1090194284159438
60968.1557 lsst_hardware_g 6.6801596975478565 13.489999771118164 31.389999389648438 AB 3.6399801392878874 1.088076964713398
60968.1669 lsst_hardware_r 19.662734119192084 22.489999771118164 31.479999542236328 AB 2.5199076140329777 1.1125419929505422
60970.1137 lsst_hardware_i -26.65570065293301 29.989999771118164 31.25 AB 4.520198709105161 1.0367824555460712
60970.1246 lsst_hardware_r -1.751174291770637 22.15999984741211 31.489999771118164 AB 4.583492793181218 1.0478550870293772
60974.1455 lsst_hardware_g 17.258245629893096 13.529999732971191 31.389999389648438 AB 2.806147744783317 1.1010257957559444
60974.1553 lsst_hardware_r -21.961270830993936 22.6200008392334 31.479999542236328 AB 2.6843392383859794 1.1244090638310442
60976.1441 lsst_hardware_i -8.212170943243017 32.65999984741211 31.25 AB 3.2725444158429866 1.1102780036787063
60976.1556 lsst_hardware_z -24.13981930423163 43.119998931884766 30.940000534057617 AB 3.2328502502301517 1.1398995975303945
60978.1375 lsst_hardware_i -4.559535485785798 42.5 31.280000686645508 AB 6.20268547040933 1.1076224054302375
60978.1477 lsst_hardware_z 1.6915879238402085 48.470001220703125 30.950000762939453 AB 6.315486540355341 1.1331784040471347
60982.1448 lsst_hardware_z -140.46427005497847 84.51000213623047 31.709999084472656 AB 4.533377398658918 1.1562280294135392
60991.0416 lsst_hardware_r 2.4493994588785775 22.469999313354492 31.5 AB 5.420489337940914 1.0270941426703
60991.0516 lsst_hardware_g -13.154682111167503 13.770000457763672 31.420000076293945 AB 4.714818218252941 1.0330074606360289
61222.4229 lsst_hardware_y 37.846831973398 55.66999816894531 30.049999237060547 AB 9.712798282328789 1.0367321869702915
61222.4362 lsst_hardware_r 103.92251243591797 95.5199966430664 31.649999618530273 AB 9.851717465308894 1.0507004300162353
61223.4243 lsst_hardware_i -14.514017523826407 73.2300033569336 31.329999923706055 AB 7.646040460699621 1.0405253578334461
61223.4362 lsst_hardware_z -73.50719521967197 69.06999969482422 30.989999771118164 AB 7.756070765121457 1.0542078582515828
61231.3795 lsst_hardware_r 7.796076721267008 23.0 31.510000228881836 AB 9.969088160257693 1.0254153631204432
61231.3918 lsst_hardware_i -56.372776708690445 30.34000015258789 31.25 AB 9.911110503492708 1.0317087912863903
61233.4305 lsst_hardware_z 78.3412203168122 42.09000015258789 30.940000534057617 AB 9.515615358470072 1.090198437097991
61233.4424 lsst_hardware_i -29.8201524797087 42.65999984741211 31.290000915527344 AB 9.761303603753033 1.1168113653659202
61235.3262 lsst_hardware_z 25.183014438543445 40.77000045776367 30.950000762939453 AB 6.2491969109458845 1.0346780762359178
61235.3395 lsst_hardware_r -15.903489633104114 22.079999923706055 31.489999771118164 AB 5.851570156993771 1.0265912556129422
61238.3959 lsst_hardware_i -55.399519354376714 30.350000381469727 31.239999771118164 AB 2.4266742067625664 1.055075742070681
61238.4066 lsst_hardware_z 50.29237021669286 41.47999954223633 30.940000534057617 AB 2.4638571601300225 1.0712422435347926
61242.4004 lsst_hardware_r -20.12413561780214 22.459999084472656 31.489999771118164 AB 6.313663801937849 1.0795355735552445
61242.4117 lsst_hardware_g -3.5809188421281175 13.600000381469727 31.389999389648438 AB 6.540337939385461 1.102458986832779
61244.3915 lsst_hardware_r -26.814429733743175 22.479999542236328 31.489999771118164 AB 5.532138247151324 1.0734199848947512
61244.4028 lsst_hardware_i -13.303670896729647 30.670000076293945 31.239999771118164 AB 5.668582655344725 1.0950079983280485
61246.3981 lsst_hardware_z -52.055144503465385 41.93000030517578 30.940000534057617 AB 6.8456392045266075 1.0966182145817553
61246.4107 lsst_hardware_i 7.924453312997762 31.139999389648438 31.229999542236328 AB 6.965674518372672 1.1264027358299924
61248.3995 lsst_hardware_z -6.78458099718857 53.9900016784668 30.959999084472656 AB 3.275490628844681 1.1120950527992353
61248.4115 lsst_hardware_g -33.28780815400698 45.220001220703125 31.65999984741211 AB 3.356360624925573 1.143499162429846
61253.3464 lsst_hardware_z 43.99543842186594 65.93000030517578 30.979999542236328 AB 5.474040149133973 1.0446641505979835
61253.3572 lsst_hardware_r -14.960464414340768 90.93000030517578 31.649999618530273 AB 5.411719034325709 1.0581819848771143
61256.334 lsst_hardware_z -29.730564883564895 46.810001373291016 30.959999084472656 AB 1.9386406324252516 1.0403223141537252
61256.3462 lsst_hardware_r 4.3187442004363525 45.41999816894531 31.610000610351562 AB 1.9615802041873855 1.0543295910708872
61260.3338 lsst_hardware_r 11.00294625805936 23.139999389648438 31.489999771118164 AB 2.673088985142336 1.0523972382450142
61260.3466 lsst_hardware_u 0.6627606845357051 2.7100000381469727 28.389999389648438 AB 2.7415781606188707 1.0713474640949083
61261.2394 lsst_hardware_r -1.3267600619502562 22.6299991607666 31.489999771118164 AB 3.554644504989881 1.0507373647620104
61261.2512 lsst_hardware_u 2.2693390224951453 2.6700000762939453 28.43000030517578 AB 3.446947213222237 1.0380807749502294
61263.2405 lsst_hardware_g 0.5805850636482516 13.9399995803833 31.43000030517578 AB 6.701890415337243 1.043204028745485
61263.2532 lsst_hardware_r -13.0714552218553 22.59000015258789 31.5 AB 6.885278267697413 1.0321208615945754
61266.317 lsst_hardware_z -5.9161880750798606 41.279998779296875 30.950000762939453 AB 3.5279447302709888 1.051861875453485
61266.3291 lsst_hardware_r -23.078190401494663 22.75 31.489999771118164 AB 3.6187825942717464 1.069485546528937
61268.3214 lsst_hardware_u -1.2669096431855225 2.690000057220459 28.43000030517578 AB 5.146067480957899 1.0658797599332848
61268.3321 lsst_hardware_r 26.28643461317725 22.799999237060547 31.479999542236328 AB 5.219633729990221 1.084580436007734
61274.3123 lsst_hardware_i -3.3659007126558707 30.84000015258789 31.25 AB 2.0092193053974614 1.0781965684987718
61274.324 lsst_hardware_z 21.709726736350422 42.119998931884766 30.940000534057617 AB 2.0412022305929542 1.101714872806884
61276.3093 lsst_hardware_r -20.367383810500343 63.66999816894531 31.6299991607666 AB 3.372862503482133 1.0827519339179152
