data/validation/pwv_sim_epoch_fit_epoch/54107944.ecsv
# %ECSV 0.9
# ---
# datatype:
# - {name: time, datatype: float64}
# - {name: band, datatype: string}
# - {name: flux, datatype: float64}
# - {name: fluxerr, datatype: float64}
# - {name: zp, datatype: float64}
# - {name: zpsys, datatype: string}
# - {name: pwv, datatype: float64}
# - {name: airmass, datatype: float64}
# meta: {SNID: '54107944', alt: 1024.0, c: -0.03756335750222206, dec: -47.161343, lat: -30.244573, lon: -70.7499537, ra: 321.288208, t0: 61186.12890625,
#   x0: 8.563857647931258e-06, x1: -1.4447247982025146, z: 0.49102291464805603}
# schema: astropy-2.0
time band flux fluxerr zp zpsys pwv airmass
[from data line 133]
61617.2174 lsst_hardware_r 14.248094906455057 22.979999542236328 31.5 AB 3.3525251054619787 1.0476640954568683
61617.2306 lsst_hardware_i -9.082272355855523 30.75 31.25 AB 3.342804883226839 1.0446265260083871
61619.2223 lsst_hardware_z 30.04297958858179 41.29999923706055 30.950000762939453 AB 1.8597547567683381 1.0449038805702808
61619.2348 lsst_hardware_r 30.292829191103042 22.940000534057617 31.5 AB 1.860325642159018 1.0452246327328503
61622.2108 lsst_hardware_u -2.56377164346655 2.630000114440918 28.3799991607666 AB 1.1300411397857217 1.0454873503283992
61622.2222 lsst_hardware_g 22.565776508875548 14.0 31.40999984741211 AB 1.1311026108518274 1.0446572254461577
61624.2125 lsst_hardware_r -14.561853923540545 22.950000762939453 31.5 AB 3.3426532781253044 1.0445791494141576
61624.224 lsst_hardware_z 119.50134418959603 41.209999084472656 30.950000762939453 AB 3.30996601603638 1.0458579228089724
61626.2155 lsst_hardware_r -24.6184899867998 25.8799991607666 31.540000915527344 AB 3.5345776238756015 1.0451918751757527
61626.2271 lsst_hardware_y -44.74838032155296 47.290000915527344 30.049999237060547 AB 3.528087619076337 1.0490114083332083
61627.2068 lsst_hardware_z 9.873979598128411 44.150001525878906 30.959999084472656 AB 4.348546112768588 1.0445702889187098
61627.2184 lsst_hardware_r 36.946214773111386 33.290000915527344 31.579999923706055 AB 4.712638963111344 1.0466135057712163
61631.2365 lsst_hardware_z 14.640713349387106 66.0 30.989999771118164 AB 2.673604028071682 1.0670940044186867
61631.2483 lsst_hardware_r 68.60666475563997 89.93000030517578 31.649999618530273 AB 2.6244542440560688 1.0820260746466284
61649.1382 lsst_hardware_z -26.127333087061356 41.040000915527344 30.950000762939453 AB 1.3588448906403283 1.0452653004925603
61649.1498 lsst_hardware_i -35.16333617706739 30.360000610351562 31.25 AB 1.3582160121292166 1.044781547791705
61651.1369 lsst_hardware_u 0.2308833000754932 2.7100000381469727 28.469999313354492 AB 1.4625765714847525 1.0446975510605376
61651.1489 lsst_hardware_g 1.4564231138631025 13.850000381469727 31.420000076293945 AB 1.463745422309134 1.0455324445065244
61653.1336 lsst_hardware_r -9.66816528041854 22.600000381469727 31.489999771118164 AB 1.47337612389036 1.0445771881533925
61653.1451 lsst_hardware_i 32.9707592416162 30.360000610351562 31.25 AB 1.5856425487822985 1.0459383567165557
61655.1203 lsst_hardware_i 25.569146873192086 33.369998931884766 31.270000457763672 AB 1.73096454593255 1.045584141306282
61655.1317 lsst_hardware_z 53.61931371573361 42.290000915527344 30.950000762939453 AB 2.1691913206212305 1.044638247349497
61674.1412 lsst_hardware_i -39.11215817810835 30.959999084472656 31.239999771118164 AB 3.160985626745338 1.0984544052167282
61674.153 lsst_hardware_z -34.48443996543025 42.439998626708984 30.940000534057617 AB 3.1671480150432694 1.1213789738142825
61677.9906 lsst_hardware_r -28.21099441473768 26.969999313354492 31.530000686645508 AB 9.516405327211128 1.1218538006193528
61680.0569 lsst_hardware_r -21.750390797551933 22.479999542236328 31.489999771118164 AB 5.100622928993334 1.0447814274873686
61680.069 lsst_hardware_u 4.064034630535395 2.630000114440918 28.399999618530273 AB 5.0682983350392865 1.0453871675427806
61686.0549 lsst_hardware_r 49.20167445381576 63.970001220703125 32.369998931884766 AB 5.149597273242344 1.0459220622001308
61686.0668 lsst_hardware_z -126.61800119868029 67.37999725341797 31.709999084472656 AB 5.3799688424474805 1.0508777893246373
61688.049 lsst_hardware_z 22.5001881443392 54.9900016784668 30.979999542236328 AB 2.546720688956948 1.0458096046637253
61688.0609 lsst_hardware_i 63.2850809804424 55.86000061035156 31.31999969482422 AB 2.5682656926775165 1.0506302690436895
61689.1328 lsst_hardware_r -22.457058745442698 74.93000030517578 31.6200008392334 AB 5.159569041277813 1.1736073336745345
61689.1439 lsst_hardware_z 113.66267637792572 61.209999084472656 30.959999084472656 AB 5.308080224369862 1.208579286058712
61692.1343 lsst_hardware_y 40.21826137812018 54.970001220703125 30.0 AB 10.064544548559256 1.2038448883887314
61692.1458 lsst_hardware_r 68.67466061739935 88.0199966430664 31.610000610351562 AB 10.360078517047336 1.245251634726632
61694.0824 lsst_hardware_g 38.8158931647227 88.56999969482422 31.709999084472656 AB 9.010217288510168 1.091397903077961
61694.094 lsst_hardware_r 12.184326819910074 79.0999984741211 31.6299991607666 AB 8.641641763227344 1.1123235632935777
61696.0792 lsst_hardware_i 2.800582881102143 44.369998931884766 31.290000915527344 AB 6.562099875514973 1.0951435039240922
61696.0908 lsst_hardware_z 24.51023505664745 49.5099983215332 30.959999084472656 AB 9.762278408744894 1.1169122458399265
61698.0737 lsst_hardware_r -15.519897849253722 23.09000015258789 31.479999542236328 AB 3.1548293832598913 1.0950783199537202
61698.0849 lsst_hardware_u 2.6566647487551163 2.6600000858306885 28.3700008392334 AB 3.606103964612232 1.1160089639033124
61700.0771 lsst_hardware_g 6.933284068895572 13.920000076293945 31.399999618530273 AB 4.361301204808738 1.1113011096467673
61700.0883 lsst_hardware_i 6.726024715153839 31.149999618530273 31.229999542236328 AB 4.988256828676597 1.1355442945729628
61702.0828 lsst_hardware_z 45.4852548945031 42.4900016784668 30.940000534057617 AB 4.083468307317331 1.1354532321764752
61702.0934 lsst_hardware_r -13.45310648644588 23.170000076293945 31.469999313354492 AB 3.6038851457629284 1.1625435954073962
