data/validation/pwv_sim_epoch_fit_epoch/54182408.ecsv
# %ECSV 0.9
# ---
# datatype:
# - {name: time, datatype: float64}
# - {name: band, datatype: string}
# - {name: flux, datatype: float64}
# - {name: fluxerr, datatype: float64}
# - {name: zp, datatype: float64}
# - {name: zpsys, datatype: string}
# - {name: pwv, datatype: float64}
# - {name: airmass, datatype: float64}
# meta: {SNID: '54182408', alt: 1024.0, c: -0.08773021399974823, dec: -25.117701, lat: -30.244573, lon: -70.7499537, ra: 14.0625, t0: 63103.921875,
#   x0: 4.987931746436638e-06, x1: 1.3359708786010742, z: 0.6133687496185303}
# schema: astropy-2.0
time band flux fluxerr zp zpsys pwv airmass
63040.2842 lsst_hardware_u -0.4017850639386624 1.8600000143051147 27.469999313354492 AB 8.22011929847287 2.177418912667721
63040.3075 lsst_hardware_r 24.09689742044178 25.110000610351562 31.360000610351562 AB 4.608420717807501 1.7688411148186416
63044.3646 lsst_hardware_g 4.023956319665356 14.329999923706055 31.3799991607666 AB 8.737647713806691 1.2135621824731515
63044.3882 lsst_hardware_i 8.514085187058676 31.299999237060547 31.239999771118164 AB 8.076973867602137 1.123883191224787
63046.3507 lsst_hardware_z -16.885104907574473 44.060001373291016 30.93000030517578 AB 2.659492091568996 1.2544774016836724
63046.3713 lsst_hardware_r 44.79107366171769 23.3700008392334 31.479999542236328 AB 2.489287008483457 1.1632182282632977
63048.3548 lsst_hardware_r 8.422078956129173 23.600000381469727 31.469999313354492 AB 10.44522976045674 1.208519005027955
63048.3722 lsst_hardware_y 32.28561067792075 48.13999938964844 30.020000457763672 AB 9.816724524795674 1.140462904170198
63053.3651 lsst_hardware_i 16.500170707639104 64.37999725341797 31.309999465942383 AB 6.358945425985675 1.1193355792968975
63053.3854 lsst_hardware_z 84.68071530095044 58.34000015258789 30.979999542236328 AB 5.301609116514603 1.0670084093347518
63063.3193 lsst_hardware_g -6.03536136544008 14.020000457763672 31.3700008392334 AB 3.406220722833713 1.1851846634772836
63063.3387 lsst_hardware_i -11.974377436532784 31.219999313354492 31.239999771118164 AB 1.6763029835524286 1.1166048183529915
63066.3747 lsst_hardware_z 1.9831295501202637 40.79999923706055 30.950000762939453 AB 2.177497888208286 1.026072985883116
63066.3949 lsst_hardware_r 6.607534983851502 22.5 31.510000228881836 AB 2.7794214215053112 1.00871184207058
63068.2562 lsst_hardware_i -48.09598049080207 34.08000183105469 31.18000030517578 AB 7.09646520993114 1.4898107508602816
63068.2758 lsst_hardware_r 19.318689668484726 23.979999542236328 31.450000762939453 AB 6.205212235995578 1.340604688750305
63070.2498 lsst_hardware_u 1.1225346371402274 2.380000114440918 28.040000915527344 AB 7.309568021132504 1.49822048053821
63070.2682 lsst_hardware_g 1.918052174239716 13.920000076293945 31.31999969482422 AB 6.946181782696233 1.3547357527037254
63071.2579 lsst_hardware_z 51.330346562431714 45.900001525878906 30.90999984741211 AB 8.334154931760093 1.4087086117294576
63071.2797 lsst_hardware_r -6.696433010552366 23.479999542236328 31.459999084472656 AB 7.4914711433090675 1.2689880822070072
63078.3693 lsst_hardware_r 73.85123026999855 32.07474565948828 31.56999969482422 AB 3.9540697231885704 1.005740740986537
63078.4057 lsst_hardware_i 135.92939411974095 31.880454846023174 31.260000228881836 AB 4.602663439846459 1.0156668127649415
63082.2517 lsst_hardware_i 324.9311795067687 83.70822766863725 31.290000915527344 AB 1.2590499306072607 1.2582111231917996
63082.2696 lsst_hardware_z 264.1529809277269 72.08603132839563 30.969999313354492 AB 1.117995755316353 1.1764248565236968
63084.2546 lsst_hardware_r 673.0222778848052 88.70063694728869 31.610000610351562 AB 1.509035464404199 1.2172094893359138
63084.2732 lsst_hardware_z 392.6358973851256 66.68137666745368 30.969999313354492 AB 1.4195061163068625 1.1429195783469102
63086.2589 lsst_hardware_z 321.86133427207824 57.216305823685786 30.959999084472656 AB 3.5313586120491633 1.175552134503716
63086.2784 lsst_hardware_i 643.8817788994245 55.87606480513033 31.299999237060547 AB 3.3742730799696417 1.1092588817260318
63089.2556 lsst_hardware_z 497.86589186843565 48.99405656964247 30.940000534057617 AB 7.623356543416223 1.1569384290194216
63089.2738 lsst_hardware_r 1248.3174851815381 42.53015694492533 31.510000228881836 AB 7.382239534202633 1.099201836539999
63096.2541 lsst_hardware_r 1702.8555419278698 48.03223652532257 31.489999771118164 AB 3.293441567065295 1.1008105065117135
63096.2717 lsst_hardware_i 1342.7218930035897 47.55273939503873 31.25 AB 3.151945707613511 1.0594181976181203
63101.2787 lsst_hardware_r 1871.2465599443967 48.66950770305199 31.489999771118164 AB 1.9704977329663673 1.0266128075194898
63101.2973 lsst_hardware_u 4.586490296582167 3.2448313846548316 28.420000076293945 AB 2.040090910201134 1.0098626731463414
63107.1463 lsst_hardware_z 985.2668240796371 64.31633212932859 30.920000076293945 AB 7.9097588711633025 1.521107475223712
63107.1638 lsst_hardware_i 1496.0375501105157 64.11867588639971 31.25 AB 7.16604500617988 1.3780855781115153
63109.1619 lsst_hardware_z 2163.2710109112686 109.83780182514955 31.700000762939453 AB 6.336505775434822 1.3535685934423571
63111.165 lsst_hardware_r 1524.9509562812634 131.02191050192064 31.600000381469727 AB 4.027071566558956 1.2998939853321354
63111.1744 lsst_hardware_i 1311.549474303687 103.63652372268677 31.299999237060547 AB 3.1272269268379334 1.2485601251681928
63112.1709 lsst_hardware_z 2072.772778239282 118.97567439897121 31.719999313354492 AB 1.620411138311676 1.2524917011104741
63114.162 lsst_hardware_g 231.4218708723414 67.27180556578155 31.639999389648438 AB 1.9516965302639884 1.2706357618906174
63114.1792 lsst_hardware_r 1609.8086351894403 77.94325639903694 31.6200008392334 AB 2.557015882115044 1.188756802470964
63122.1593 lsst_hardware_g 133.1474811468647 18.20077363421053 31.3799991607666 AB 4.279914505122886 1.180801794722948
63122.1758 lsst_hardware_r 894.2551094056689 38.54578088210703 31.479999542236328 AB 2.4527035865631395 1.1221764159965562
63126.1588 lsst_hardware_u 0.954209716704163 3.263149177277113 28.459999084472656 AB 0.6623620152940662 1.142003474644942
63126.1771 lsst_hardware_g 121.21694562944543 18.544852398500694 31.43000030517578 AB 0.8836538941429245 1.0879087647188974
63131.1744 lsst_hardware_r 461.9788193207794 32.22284120064232 31.489999771118164 AB 2.3533302985731157 1.062931480836999
63131.1998 lsst_hardware_u -1.263116020571087 3.159105275567673 28.43000030517578 AB 2.315827405683393 1.0231179172447065
63133.177 lsst_hardware_z 486.0419571686698 48.6700521909424 30.950000762939453 AB 4.025215786380774 1.047687607074642
63133.1964 lsst_hardware_i 601.0835648445292 40.822190482383554 31.270000457763672 AB 3.9488474813536523 1.0209016239280384
63137.0761 lsst_hardware_z 555.5733249526008 69.26373459743562 30.93000030517578 AB 6.391710307585012 1.421037956294954
63137.0967 lsst_hardware_r 437.40439923019176 83.51330716989274 31.59000015258789 AB 5.876614362929048 1.284459078998036
63141.1451 lsst_hardware_z 1226.953226131875 106.77341803453876 31.739999771118164 AB 4.674647181167267 1.0671086245245878
63145.0968 lsst_hardware_r 183.70943099638419 27.68693880970433 31.479999542236328 AB 4.046243905887543 1.1796056282651601
63145.1173 lsst_hardware_i 360.1479728968003 36.03319177122735 31.25 AB 3.8193484110982308 1.109308280888246
63147.1008 lsst_hardware_z 457.6483444828068 47.17005511117612 30.940000534057617 AB 11.062293952497742 1.1442864556195889
63147.1202 lsst_hardware_i 289.82885756844456 35.47875575126577 31.25 AB 10.332420833583756 1.0868129026866378
63149.1019 lsst_hardware_u -6.65184460887306 3.2728910751812648 28.329999923706055 AB 3.5800437911810024 1.12274005577486
63149.1204 lsst_hardware_g 11.34951258367646 14.434261363714626 31.399999618530273 AB 3.400085723152236 1.0733723213150277
63151.0996 lsst_hardware_u -0.7653782248874067 3.28177598476771 28.3799991607666 AB 6.441931222530811 1.1131568099988243
63151.1182 lsst_hardware_g -16.89208569042556 14.496609556134201 31.420000076293945 AB 6.1696823752697405 1.06625077054029
63153.1007 lsst_hardware_r 159.2382097933457 25.978467333805256 31.479999542236328 AB 7.897314276011025 1.094821757302838
63153.1196 lsst_hardware_i 221.411603261522 34.21864057672938 31.25 AB 7.592550244859105 1.0526811121571162
63157.1005 lsst_hardware_u -3.9043139227656245 2.6819131566847725 28.3799991607666 AB 9.314044951926443 1.0690745733796025
63157.1208 lsst_hardware_r 169.53735007407232 25.623519058579653 31.5 AB 9.02548457745111 1.0331271157879354
63159.1075 lsst_hardware_i 245.92479687788673 33.32955459365001 31.25 AB 3.348645240082257 1.0451452060182838
63159.1268 lsst_hardware_z 215.2851810262563 43.92268353581185 30.950000762939453 AB 3.40338824255118 1.0194872419025003
63161.1072 lsst_hardware_r 169.76157785856591 28.177474504513462 31.530000686645508 AB 4.556837038697699 1.0369802864365054
63161.1248 lsst_hardware_z 218.03698125317217 44.27332434636253 30.950000762939453 AB 4.428472950007539 1.0162486690141501
63163.0048 lsst_hardware_y 260.56028277201307 100.0903494931247 30.690000534057617 AB 4.077463872831388 1.4234469795187252
63165.9983 lsst_hardware_y 243.28710801227598 78.96208884323299 29.940000534057617 AB 6.629021499214195 1.4104301062157862
63166.0167 lsst_hardware_z 207.24683329591952 70.04461637733367 30.959999084472656 AB 5.511515427783888 1.2890926038554604
63168.0005 lsst_hardware_y 115.6046164180324 87.93235389437895 29.959999084472656 AB 4.301479611494382 1.3556506812147437
63168.0184 lsst_hardware_z 271.1783114482934 83.36293836129893 30.969999313354492 AB 3.891808236482732 1.2504471146458387
63170.0027 lsst_hardware_y 254.2015545361466 78.85089598522927 29.989999771118164 AB 6.106882433860362 1.3070538678068087
63170.0207 lsst_hardware_i 258.0849517322113 68.4279090682204 31.299999237060547 AB 5.648112890206648 1.2130826654223092
63181.014 lsst_hardware_y 83.21822108962402 56.54462467741613 30.030000686645508 AB 7.4851866447673405 1.1243802385557062
63181.0321 lsst_hardware_g 19.342805724338074 14.162146023276076 31.40999984741211 AB 7.336698696965647 1.075473166591789
63183.0147 lsst_hardware_z 249.56387405224146 54.834024584050034 30.969999313354492 AB 5.925376611419997 1.1059965676938865
63183.0323 lsst_hardware_i 127.84474408911949 32.67499194030491 31.25 AB 5.36458971694365 1.063172198238213
63187.0181 lsst_hardware_y 71.5756953071643 58.25 30.049999237060547 AB 3.7454596036962875 1.0701313153417964
63187.0352 lsst_hardware_r -17.229169306814384 22.540000915527344 31.5 AB 3.6347321482688533 1.0384948995053866
