data/validation/pwv_sim_epoch_fit_epoch/54195107.ecsv
# %ECSV 0.9
# ---
# datatype:
# - {name: time, datatype: float64}
# - {name: band, datatype: string}
# - {name: flux, datatype: float64}
# - {name: fluxerr, datatype: float64}
# - {name: zp, datatype: float64}
# - {name: zpsys, datatype: string}
# - {name: pwv, datatype: float64}
# - {name: airmass, datatype: float64}
# meta: {SNID: '54195107', alt: 1024.0, c: -0.033109504729509354, dec: -8.234748, lat: -30.244573, lon: -70.7499537, ra: 198.28125, t0: 60719.65234375,
#   x0: 3.2297455353702685e-06, x1: -0.5578325986862183, z: 0.7334632873535156}
# schema: astropy-2.0
time band flux fluxerr zp zpsys pwv airmass
[from data line 133]
61126.2422 lsst_hardware_g -28.20621024816104 15.819999694824219 31.459999084472656 AB 6.794369883314219 1.078471410049876
61126.2593 lsst_hardware_r -15.140092024259681 24.959999084472656 31.510000228881836 AB 7.596077917602245 1.088978376575198
61128.2423 lsst_hardware_i 8.487035468880219 52.20000076293945 31.309999465942383 AB 7.2945799859197145 1.0805984721012836
61128.2596 lsst_hardware_r -45.06923214427267 54.97999954223633 31.6200008392334 AB 8.717080833083855 1.0952138496823012
61130.2474 lsst_hardware_z 122.84041849260277 109.44000244140625 31.729999542236328 AB 4.105144399853334 1.0880559425343426
61133.215 lsst_hardware_z 77.60818270937857 110.66000366210938 31.0 AB 7.755193070267209 1.0775591316197317
61133.2325 lsst_hardware_r -76.42925931896629 165.32000732421875 31.649999618530273 AB 7.791793408428915 1.0827950817716552
61135.2151 lsst_hardware_i -146.38571972248192 74.91999816894531 31.329999923706055 AB 7.627281248042735 1.0779085992146318
61135.2318 lsst_hardware_z -92.74662412510015 67.5199966430664 30.979999542236328 AB 7.672807964125968 1.0863383780441693
61139.2119 lsst_hardware_g -22.77194397681753 33.869998931884766 31.65999984741211 AB 8.062809333096888 1.0804193317532012
61139.2308 lsst_hardware_r -20.97443992304321 37.27000045776367 31.59000015258789 AB 8.19111406358008 1.0967304378621905
61142.1942 lsst_hardware_i 6.7677620511119825 32.4900016784668 31.260000228881836 AB 7.0048049084597475 1.077662293609192
61146.0277 lsst_hardware_u -3.4505419091720753 3.3299999237060547 28.68000030517578 AB 27.899049177054785 1.783114112138997
61146.0393 lsst_hardware_g -10.225039566075262 15.539999961853027 31.280000686645508 AB 25.66739852030702 1.6372559853484876
61148.1911 lsst_hardware_r 73.22109079335627 35.47999954223633 32.27000045776367 AB 13.964374385590647 1.0825096422938485
61148.2059 lsst_hardware_i 8.651833842780592 32.290000915527344 31.25 AB 14.142546529018585 1.0963214363580298
61150.1822 lsst_hardware_z 51.94409248106803 42.7599983215332 30.950000762939453 AB 3.640296469062421 1.080580755670832
61150.1996 lsst_hardware_r 16.73857138852096 25.149999618530273 31.510000228881836 AB 3.568374242751659 1.095293283361553
61152.1831 lsst_hardware_u 1.9183625014046464 2.869999885559082 28.479999542236328 AB 9.927170451029637 1.0845218169038768
61152.2009 lsst_hardware_g 23.79421662360738 15.859999656677246 31.459999084472656 AB 10.128266843518789 1.1044399807555518
61154.1844 lsst_hardware_r 1.977878238451957 24.950000762939453 31.510000228881836 AB 8.620893490991776 1.0905161272126478
61154.2021 lsst_hardware_z -18.862785216233576 43.16999816894531 30.940000534057617 AB 8.825606315535081 1.1154357250510387
61156.155 lsst_hardware_i 19.947376704041677 47.5099983215332 31.299999237060547 AB 9.692479854819911 1.07758077247479
61156.1728 lsst_hardware_r 50.04414631593432 51.689998626708984 31.6200008392334 AB 6.973167921397712 1.0849942955638725
61158.1717 lsst_hardware_z 33.58989496107192 100.41999816894531 31.729999542236328 AB 2.423027592953059 1.0887565009899165
61160.1552 lsst_hardware_r 9.694268624656539 158.19000244140625 31.649999618530273 AB 11.267438548672635 1.0807317026278813
61160.1729 lsst_hardware_i 35.20563816134648 126.98999786376953 31.329999923706055 AB 12.034222585755991 1.096029622710362
61162.105 lsst_hardware_z 109.76011506359112 90.66000366210938 31.0 AB 9.880322950091431 1.0980169976023075
61162.1223 lsst_hardware_r -130.84557114210813 135.1999969482422 31.649999618530273 AB 9.62713675406086 1.0818020512101352
61164.1536 lsst_hardware_z -32.685524910506835 87.58000183105469 31.739999771118164 AB 10.978995919622974 1.0871817914680748
61176.077 lsst_hardware_z -15.302447769248634 42.119998931884766 30.940000534057617 AB 5.511862162903743 1.0869379141991211
61176.0968 lsst_hardware_r -41.45977572868884 24.260000228881836 31.510000228881836 AB 5.798604461493155 1.0776072219833648
61180.0812 lsst_hardware_r -21.72955116440961 24.34000015258789 31.510000228881836 AB 7.768995627132637 1.0784030945702525
61181.0435 lsst_hardware_r -31.49900726299329 35.61000061035156 32.2599983215332 AB 7.8420885282496124 1.1125633966115973
61181.068 lsst_hardware_u -1.1823139409274865 2.8499999046325684 28.450000762939453 AB 7.6140157564253075 1.0833316229203982
61188.0363 lsst_hardware_z -93.94702260076141 84.3499984741211 30.989999771118164 AB 7.744902849855571 1.095150289855143
61188.0556 lsst_hardware_r -193.49790594743104 118.1500015258789 31.649999618530273 AB 8.007996405056142 1.0796691967943042
61190.047 lsst_hardware_z -77.12309910967672 112.69000244140625 31.739999771118164 AB 11.827861603284331 1.0811573677590796
61197.031 lsst_hardware_r -46.64520269645093 24.520000457763672 31.5 AB 4.763728155822511 1.0796800111409763
61197.052 lsst_hardware_u -1.4035152318238633 2.700000047683716 28.3700008392334 AB 4.631330843017012 1.0797320896060798
61218.9664 lsst_hardware_y -35.777523548365686 55.75 30.040000915527344 AB 7.0258812039302745 1.0819590170827806
61218.9877 lsst_hardware_r 117.95275847697256 85.6500015258789 31.639999389648438 AB 6.855716037592702 1.0783242558440191
61223.9572 lsst_hardware_y -13.063183139268965 61.59000015258789 30.049999237060547 AB 7.87579143033396 1.0797136723027714
61223.9802 lsst_hardware_u 6.560507217775436 2.9800000190734863 28.530000686645508 AB 7.88846926806475 1.0806122285020205
61225.9579 lsst_hardware_y 5.2900098351661065 61.70000076293945 30.049999237060547 AB 5.85878299832586 1.0779068437984123
61225.9835 lsst_hardware_r 32.769101563126576 25.979999542236328 31.520000457763672 AB 5.323787535617324 1.0864872521668008
