data/validation/pwv_sim_epoch_fit_epoch/54263350.ecsv
# %ECSV 0.9
# ---
# datatype:
# - {name: time, datatype: float64}
# - {name: band, datatype: string}
# - {name: flux, datatype: float64}
# - {name: fluxerr, datatype: float64}
# - {name: zp, datatype: float64}
# - {name: zpsys, datatype: string}
# - {name: pwv, datatype: float64}
# - {name: airmass, datatype: float64}
# meta: {SNID: '54263350', alt: 1024.0, c: -0.16466756165027618, dec: 0.0, lat: -30.244573, lon: -70.7499537, ra: 33.925781, t0: 60301.5703125,
#   x0: 3.99906222928801e-05, x1: 0.3291075527667999, z: 0.2535867691040039}
# schema: astropy-2.0
time band flux fluxerr zp zpsys pwv airmass
60161.4232 lsst_hardware_r -124.18844590584239 83.43000030517578 31.6200008392334 AB 1.2749878110188853 1.1590798281989865
60175.3353 lsst_hardware_z -134.77276154314836 148.57000732421875 31.729999542236328 AB 2.8084802118012195 1.2109432841656655
60175.3601 lsst_hardware_i -133.05955811426423 87.5999984741211 31.31999969482422 AB 2.742471590373398 1.1699964122753403
60177.386 lsst_hardware_u -3.17655291417105 27.1299991607666 29.389999389648438 AB 1.2770464392540486 1.1609513084127714
60177.4053 lsst_hardware_g -46.27375401836883 87.98999786376953 31.670000076293945 AB 1.2960343722705185 1.1782130657004712
60180.3552 lsst_hardware_r 111.13840871474612 143.14999389648438 32.81999969482422 AB 3.731149194692341 1.1628649802952522
60180.3758 lsst_hardware_i -78.1385697459241 151.1300048828125 32.5099983215332 AB 4.412789090461561 1.1601662705242586
60182.3083 lsst_hardware_z -85.08317528355896 104.95999908447266 30.979999542236328 AB 3.3358514410280606 1.2310171994691164
60182.3255 lsst_hardware_u -11.58333798455734 26.920000076293945 29.3700008392334 AB 3.233969579960901 1.19180747372799
60184.3206 lsst_hardware_z 227.0396897480127 105.0 30.979999542236328 AB 3.633349028878829 1.1908064769363071
60184.3397 lsst_hardware_r -5.074537905865549 83.27999877929688 31.6200008392334 AB 3.50426957013971 1.1661462795806024
60187.3079 lsst_hardware_i 70.06728669841841 87.11000061035156 31.299999237060547 AB 7.137928261580472 1.1993494516643655
60187.3248 lsst_hardware_z -104.71583238488252 105.08999633789062 30.979999542236328 AB 6.962073272685563 1.1727572260903838
60196.2708 lsst_hardware_i 92.97066301740415 86.55000305175781 31.299999237060547 AB 5.284836278868828 1.2290316927601925
60196.2876 lsst_hardware_z 45.77451001708004 105.20999908447266 30.979999542236328 AB 5.12230994782252 1.1912348715866325
60199.2681 lsst_hardware_r -24.776978827334865 82.77999877929688 31.610000610351562 AB 4.381381346180337 1.214913026947131
60199.2875 lsst_hardware_g 286.94263059691633 87.87999725341797 31.670000076293945 AB 4.360355872474865 1.178474560128342
60206.2303 lsst_hardware_i -13.06811183379455 86.91999816894531 31.299999237060547 AB 7.489234504396252 1.2707258363887086
60206.2488 lsst_hardware_z 39.95569908165096 105.08000183105469 30.979999542236328 AB 7.246846434487854 1.2153700415620559
60209.2741 lsst_hardware_g 0.088225646122901 88.16000366210938 31.68000030517578 AB 1.8009113117948938 1.1641314232675462
60209.2956 lsst_hardware_r 19.67154279528917 83.38999938964844 31.6200008392334 AB 2.2374376300755356 1.1598449851357047
60211.2223 lsst_hardware_i 134.28153554262067 86.72000122070312 31.290000915527344 AB 4.779788590486432 1.2514719646934669
60211.2383 lsst_hardware_z -196.67322417748153 104.98999786376953 30.979999542236328 AB 4.693992047905958 1.2080274636456958
60221.1712 lsst_hardware_i 58.331955191144665 85.88999938964844 31.270000457763672 AB 3.0206380794400376 1.3488002140835176
60221.1925 lsst_hardware_z 34.45035916594838 104.52999877929688 30.969999313354492 AB 2.7722119058693773 1.2597145891559147
60223.2196 lsst_hardware_r 50.546014492922076 83.2699966430664 31.6200008392334 AB 5.673797949310227 1.181877089844023
60223.239 lsst_hardware_u -4.108511793760448 27.18000030517578 29.399999618530273 AB 5.6195251106836785 1.1621794658797073
60227.2247 lsst_hardware_i 48.696117118371134 87.62000274658203 31.31999969482422 AB 3.0345896106842476 1.1643137015031004
60227.2458 lsst_hardware_z 74.43124746958259 105.37999725341797 30.989999771118164 AB 3.0265239819461076 1.159661785023187
60232.1647 lsst_hardware_r -74.96282336027456 82.5199966430664 31.600000381469727 AB 7.654853799041202 1.2523278198840413
60232.1849 lsst_hardware_i 123.5088559797916 87.26000213623047 31.309999465942383 AB 7.937625140790002 1.1996410792125947
60236.1861 lsst_hardware_i 57.10204538553391 87.47000122070312 31.309999465942383 AB 3.0621678893841464 1.1790039038922968
60236.2046 lsst_hardware_z 29.15003577846587 105.33000183105469 30.989999771118164 AB 3.0047754954761556 1.1616025883738883
60238.1749 lsst_hardware_r 118.42419361267034 83.26000213623047 31.6200008392334 AB 3.034092111765884 1.1878215235937786
60238.1917 lsst_hardware_z 29.362702845002058 105.31999969482422 30.989999771118164 AB 2.9189079150333157 1.1666298621238202
60240.1713 lsst_hardware_y 15.641465632691343 110.81999969482422 30.030000686645508 AB 3.8623786052052282 1.1847787132531375
60240.1889 lsst_hardware_r 14.55525071219177 83.47000122070312 31.6200008392334 AB 3.7187411249746822 1.1645327113700932
60242.1671 lsst_hardware_i -190.5617352851899 87.55999755859375 31.31999969482422 AB 5.425290644903701 1.1828180399855457
60242.1839 lsst_hardware_z -61.50004467354832 105.44999694824219 30.989999771118164 AB 5.322738436532112 1.1642035075529553
60244.171 lsst_hardware_r 96.42663466191105 83.54000091552734 31.6299991607666 AB 2.8595622930549878 1.1707522182417989
60244.1872 lsst_hardware_z -163.9423057501001 105.41000366210938 30.989999771118164 AB 2.8812197755183977 1.1598335225168728
60246.1656 lsst_hardware_r 104.29414394133119 83.29000091552734 31.6200008392334 AB 3.338605575755295 1.1706874790796429
60246.183 lsst_hardware_i -31.33249566557397 87.5199966430664 31.309999465942383 AB 2.363635668072382 1.1594975070259415
60248.1427 lsst_hardware_i -49.10063248074199 87.2300033569336 31.309999465942383 AB 4.485810430528755 1.196694792724956
60248.1595 lsst_hardware_z -85.77878576659609 105.19999694824219 30.979999542236328 AB 4.287221320356981 1.1713719454525282
60260.1276 lsst_hardware_u -0.11897009962847169 26.959999084472656 29.3799991607666 AB 4.972064921277846 1.170448427796103
60260.1454 lsst_hardware_g 15.29613496993251 88.33000183105469 31.68000030517578 AB 4.9512222394493755 1.1593558162933972
60264.1219 lsst_hardware_z -99.03550244554017 105.19999694824219 30.979999542236328 AB 6.754531879805064 1.1656463207210557
60264.1408 lsst_hardware_r -54.230272310359624 83.36000061035156 31.6200008392334 AB 6.7485295457792 1.158960351332488
60267.1032 lsst_hardware_r -116.244394906602 83.18000030517578 31.6200008392334 AB 5.244344207321768 1.1766534007901654
60267.1229 lsst_hardware_z 158.73749501503258 105.23999786376953 30.989999771118164 AB 5.161703665424043 1.160324528588073
60269.1257 lsst_hardware_g 26.711977673348105 87.7300033569336 31.690000534057617 AB 3.337596558757625 1.1588876940133142
60269.1496 lsst_hardware_i -22.085318023289148 86.91999816894531 31.309999465942383 AB 3.374066988997814 1.1725688927881195
60271.1051 lsst_hardware_z 3.31975800894132 105.20999908447266 30.979999542236328 AB 7.9671218052616695 1.1639330613968837
60271.1248 lsst_hardware_r 65.45155367958127 83.2699966430664 31.6200008392334 AB 7.926522289901979 1.159441569502175
60273.1083 lsst_hardware_y -90.67786406319121 157.6300048828125 30.790000915527344 AB 5.93181202997935 1.159746230017051
60275.1035 lsst_hardware_r 86.1727485563004 83.30999755859375 31.6200008392334 AB 4.419311283947588 1.1595691478412353
60275.1231 lsst_hardware_i 45.47602615464914 87.43000030517578 31.309999465942383 AB 4.448943335916986 1.1635026703934896
60279.07 lsst_hardware_r 41.20105391361252 82.74478299415362 31.6200008392334 AB 9.774078533861132 1.1772215995496786
60279.0901 lsst_hardware_u -13.24823813750832 27.351639629147826 29.399999618530273 AB 10.304927257127927 1.1603341129521367
60281.0699 lsst_hardware_g 43.871373216852895 89.08837507520924 31.68000030517578 AB 7.765151236639378 1.1708239336837798
60281.0898 lsst_hardware_i 263.8570332128171 89.22460572901888 31.31999969482422 AB 7.588052917782096 1.159059175695378
60283.0732 lsst_hardware_z 666.5823958013891 107.40292415989232 30.989999771118164 AB 1.7264177106364642 1.1633542524504477
60283.0905 lsst_hardware_r 1079.4709867479341 90.11366986132033 31.6200008392334 AB 4.302939789222492 1.1591450965444041
60285.0679 lsst_hardware_u 133.11166028205955 29.19707711979301 29.389999389648438 AB 5.294533822156297 1.1632503179510336
60285.0876 lsst_hardware_g 2511.781242206627 100.63426271191133 31.68000030517578 AB 6.5592353368973075 1.1596950737086895
60291.0384 lsst_hardware_z 2718.5140291677785 116.98501911099618 30.989999771118164 AB 12.503929612887644 1.1757062234444555
60291.0573 lsst_hardware_r 7151.278646121774 117.51068493065398 31.6299991607666 AB 13.285927948517383 1.1603430522722606
60292.04 lsst_hardware_y 961.5245684560874 59.42661171768386 30.010000228881836 AB 9.829003628394943 1.1706769447826855
60292.0597 lsst_hardware_z 2964.796970382418 68.31174362376201 30.940000534057617 AB 9.156606734930872 1.1590641436621356
60294.0391 lsst_hardware_y 1000.314688603833 63.138285362323394 30.010000228881836 AB 11.548461314013514 1.1663619260366598
60294.0577 lsst_hardware_u 266.1487792996657 17.110349207616594 28.420000076293945 AB 11.586939131243604 1.1588870609678492
60296.0389 lsst_hardware_y 1033.073306296746 66.20783414088456 30.020000457763672 AB 4.092396594406363 1.1626126688654441
60296.0542 lsst_hardware_i 6340.676624542064 86.23928650608973 31.25 AB 4.721314384362288 1.1590313942216592
60527.3683 lsst_hardware_z -73.94301030859467 44.0099983215332 30.93000030517578 AB 3.1733245806961343 1.2186736316559545
60527.3893 lsst_hardware_y -45.28000503098326 48.72999954223633 30.0 AB 3.399198637174781 1.1784019542423048
60531.4152 lsst_hardware_i -7.96486764550933 32.810001373291016 31.25 AB 6.034048857629831 1.1603940110826596
60535.3549 lsst_hardware_u 0.4578552416923447 2.819999933242798 28.43000030517578 AB 4.198693248969073 1.1996266425625923
60535.3741 lsst_hardware_g -5.697552830381092 15.4399995803833 31.440000534057617 AB 4.096452949105713 1.170415128315918
60537.3501 lsst_hardware_r 60.907236518336774 34.95000076293945 32.2400016784668 AB 6.5043994836617856 1.1983049896208153
60537.3689 lsst_hardware_i 41.756960563333735 46.0099983215332 31.989999771118164 AB 6.309432289078857 1.1701469378856346
60539.3527 lsst_hardware_z 27.217365870967253 51.810001373291016 30.959999084472656 AB 4.852441403152782 1.184027671116728
60543.3609 lsst_hardware_i 24.042813574930296 78.8499984741211 31.309999465942383 AB 2.1970132924680184 1.1632102144109173
60543.3802 lsst_hardware_z -10.153134521748704 69.76000213623047 30.969999313354492 AB 1.4414035897859614 1.1596944738472368
60546.3603 lsst_hardware_r 122.16655542323149 78.80999755859375 31.6200008392334 AB 2.225895925856823 1.1597738313699744
60546.3788 lsst_hardware_z 29.58320079888401 64.87000274658203 30.969999313354492 AB 2.508786318203964 1.1625515839684726
60549.3132 lsst_hardware_g -0.013650774078121064 20.719999313354492 31.510000228881836 AB 3.7095063999475415 1.2069977440176383
60549.3297 lsst_hardware_r -61.21319306197448 29.959999084472656 31.530000686645508 AB 3.6428885121985104 1.1777848406719258
60553.3107 lsst_hardware_i -12.041087216515091 32.380001068115234 31.229999542236328 AB 1.8544903669101513 1.1903019043069007
60553.3271 lsst_hardware_z -6.157343808708615 43.290000915527344 30.93000030517578 AB 1.826351508973674 1.1683041797368776
60555.2814 lsst_hardware_i 7.299927259934029 32.65999984741211 31.219999313354492 AB 1.6325618111185298 1.2481359412221176
60555.3022 lsst_hardware_z 9.477190025086554 43.56999969482422 30.93000030517578 AB 1.9044527467945556 1.1958886950041974
60557.2776 lsst_hardware_r -0.7523834936184097 24.290000915527344 31.469999313354492 AB 2.906141683596534 1.2430032863971487
60557.2961 lsst_hardware_u 3.665364508260423 2.680000066757202 28.34000015258789 AB 2.2598776792790947 1.1971276277468388
60559.2608 lsst_hardware_g 2.167160116817563 14.819999694824219 31.3799991607666 AB 2.4571602575655733 1.2817737389491777
60559.2794 lsst_hardware_i -33.53097741147096 32.459999084472656 31.229999542236328 AB 2.347384460307964 1.2225960730770646
60566.2398 lsst_hardware_y -3.472741630383326 51.20000076293945 29.959999084472656 AB 1.5733703510663066 1.2891195010786072
60566.2569 lsst_hardware_g -54.838722624554336 40.709999084472656 31.6200008392334 AB 2.5570477265920055 1.2317185580886345
60571.264 lsst_hardware_i 187.83135594319444 97.01000213623047 31.309999465942383 AB 6.582352575873145 1.1861697663420308
60571.2853 lsst_hardware_z 183.14463308228767 82.2699966430664 30.979999542236328 AB 6.4172511510837325 1.162703474400343
60574.1964 lsst_hardware_z 19.870583421575972 78.83999633789062 30.959999084472656 AB 3.1838418519751723 1.3939762924584815
60574.2187 lsst_hardware_i -126.06937597499515 82.63999938964844 31.299999237060547 AB 2.5933150494513444 1.2862070921017463
60578.246 lsst_hardware_u -3.4565219055957064 2.690000057220459 28.34000015258789 AB 3.6076539686796116 1.1843906660143178
60578.2641 lsst_hardware_g -19.121829475316353 16.31999969482422 31.440000534057617 AB 3.7082413640174603 1.164039352521961
60580.2247 lsst_hardware_g 11.350552988540661 14.869999885559082 31.399999618530273 AB 4.601494988988765 1.2159863437098697
60580.2438 lsst_hardware_r 67.14257171139242 24.18000030517578 31.489999771118164 AB 4.429146995594738 1.1795331546191046
60582.2193 lsst_hardware_i 25.207037348394252 32.540000915527344 31.229999542236328 AB 4.569429598331525 1.2158397121882591
60582.2393 lsst_hardware_z -70.04223274311914 43.439998626708984 30.940000534057617 AB 4.431522552238451 1.1782047330643937
60586.2137 lsst_hardware_g 5.503116650074106 14.960000038146973 31.40999984741211 AB 3.153830233351789 1.2037137114030394
60586.2312 lsst_hardware_i 29.105481133973566 32.220001220703125 31.239999771118164 AB 3.077856142330732 1.1745674577188818
60588.2155 lsst_hardware_z 42.897799455537054 43.77000045776367 30.940000534057617 AB 5.649418022988002 1.1896851094314933
60588.2339 lsst_hardware_r 40.53581669529198 24.25 31.479999542236328 AB 5.742529479638382 1.1662326319332548
60590.2077 lsst_hardware_u -2.6702029210144347 2.7200000286102295 28.3700008392334 AB 4.919848942227015 1.1938966088319312
60590.2251 lsst_hardware_g 28.810216273581077 15.109999656677246 31.43000030517578 AB 3.8351560500735657 1.1692548933154805
60592.2074 lsst_hardware_r -33.1003808679034 24.739999771118164 31.489999771118164 AB 4.094921493957578 1.1849874102319096
60592.2253 lsst_hardware_i 24.502510915654383 32.650001525878906 31.239999771118164 AB 3.0886890687668798 1.1644445122589557
60594.2112 lsst_hardware_z 52.074744825544215 45.27000045776367 30.950000762939453 AB 6.448222751559778 1.1724041366472324
60594.2283 lsst_hardware_r 32.628514954551214 30.510000228881836 31.540000915527344 AB 6.380365181052431 1.1600663965549876
60596.2092 lsst_hardware_z 22.42809064536861 50.0 30.950000762939453 AB 7.36335585733167 1.1687866440209
60596.2267 lsst_hardware_r -104.78935573444427 49.529998779296875 31.59000015258789 AB 7.302788534835619 1.1591727833072412
60599.1771 lsst_hardware_z -73.81168871754991 82.36000061035156 30.979999542236328 AB 7.88641309172156 1.2061040859065664
60599.1946 lsst_hardware_i 29.389772725828728 94.7300033569336 31.31999969482422 AB 7.687264833732201 1.1759471987352466
60601.1771 lsst_hardware_z 43.62080332173323 102.80999755859375 30.979999542236328 AB 3.0922600878710256 1.1949609073021061
60601.1956 lsst_hardware_r -146.51275239769615 148.4199981689453 31.6299991607666 AB 3.0101782201108804 1.1687364882172506
60603.1816 lsst_hardware_y 28.84007124928102 79.12999725341797 30.770000457763672 AB 3.029265776846597 1.1787026369054803
60605.1688 lsst_hardware_r -32.44766719997149 24.729999542236328 31.5 AB 3.884756407853968 1.1901827229946265
60605.1857 lsst_hardware_i -59.05198594611421 39.0099983215332 31.270000457763672 AB 3.7882829441326837 1.1677814254416412
60613.1363 lsst_hardware_z -66.19310042371072 44.220001220703125 30.950000762939453 AB 4.537473824679702 1.2119321112924546
60613.1528 lsst_hardware_r 13.072800270303334 24.93000030517578 31.510000228881836 AB 4.305860715561754 1.1808201605818605
60615.1536 lsst_hardware_u -1.6631284786382117 2.75 28.389999389648438 AB 4.573534421754454 1.1727011337831934
60615.1729 lsst_hardware_g -4.301531787311715 15.279999732971191 31.440000534057617 AB 4.118069487204516 1.1595296317624992
60617.1557 lsst_hardware_r -15.532008624598065 24.65999984741211 31.5 AB 5.943768737821446 1.1654448505532249
60617.1735 lsst_hardware_i 46.07842482900671 32.4900016784668 31.239999771118164 AB 5.3892319171039915 1.1589746058288155
60620.1654 lsst_hardware_z -27.58376741799239 43.36000061035156 30.940000534057617 AB 5.209609588729564 1.1589787739109152
60620.1838 lsst_hardware_r -16.321080909919697 24.549999237060547 31.489999771118164 AB 6.317767530637629 1.1677943679551994
60622.1258 lsst_hardware_r 10.786989031025069 28.209999084472656 31.520000457763672 AB 7.910642032619782 1.18449382834765
60622.1441 lsst_hardware_z -48.08060387826807 44.400001525878906 30.940000534057617 AB 7.746057427736616 1.1639455188184247
60624.1248 lsst_hardware_g 3.1890219988335144 37.529998779296875 31.6299991607666 AB 2.3628053024579354 1.1779669143956186
60624.1432 lsst_hardware_i 14.459316506300967 40.40999984741211 31.270000457763672 AB 3.2300231679490885 1.1613218484955974
60626.126 lsst_hardware_z -48.92385342517439 60.560001373291016 30.959999084472656 AB 5.850315679326593 1.1700631358653186
60626.1439 lsst_hardware_r -32.35470160797114 74.05000305175781 31.6200008392334 AB 5.796567191332135 1.159313438266427
60629.1309 lsst_hardware_y -106.82728702871805 98.77999877929688 30.770000457763672 AB 6.859424342808341 1.1607289306028357
60631.1018 lsst_hardware_g -80.61891296202991 98.69999694824219 31.670000076293945 AB 6.536899578122407 1.183595547905981
60631.122 lsst_hardware_r 37.788591711716066 98.01000213623047 31.6299991607666 AB 6.373824213259359 1.1623995525699864
60640.1062 lsst_hardware_g 15.08629689468271 14.960000038146973 31.420000076293945 AB 4.428703294371907 1.1592199701704509
60640.1268 lsst_hardware_i 17.09314118929763 32.279998779296875 31.239999771118164 AB 4.196689287082148 1.1657470241894856
60642.0604 lsst_hardware_r -46.44051246890172 24.239999771118164 31.489999771118164 AB 6.5010224597319946 1.2045622493481554
60642.0789 lsst_hardware_z -4.34543103836704 43.20000076293945 30.940000534057617 AB 6.261244931361246 1.17383669504349
60644.0694 lsst_hardware_r 13.247177847012672 24.360000610351562 31.479999542236328 AB 9.800230018762772 1.1790459599088992
60644.0888 lsst_hardware_u -1.3919619133326764 2.75 28.399999618530273 AB 10.322855417275724 1.1612196277260929
60646.071 lsst_hardware_g 20.296860303796166 15.079999923706055 31.43000030517578 AB 7.762551095449165 1.1704619001046606
60646.0901 lsst_hardware_r 9.497779359431368 24.43000030517578 31.5 AB 7.589518993023579 1.1591747106107955
60648.0692 lsst_hardware_i -1.640002309512633 32.22999954223633 31.239999771118164 AB 1.812298218146314 1.1669660129720474
60648.0885 lsst_hardware_z 21.763079534269078 43.279998779296875 30.940000534057617 AB 4.315556356395308 1.1589534570930662
60650.0701 lsst_hardware_r -34.249198847424196 25.09000015258789 31.510000228881836 AB 5.316850936043073 1.1624072881595955
60650.0894 lsst_hardware_u 2.7632208383866836 3.0399999618530273 28.479999542236328 AB 6.675917448221084 1.160087601057714
60654.0727 lsst_hardware_z -9.191870439801207 54.34000015258789 30.969999313354492 AB 11.556559986276884 1.1589784033839599
60654.0913 lsst_hardware_r -23.884943903692132 59.2599983215332 31.6200008392334 AB 12.442152940165139 1.1680944709902552
60656.048 lsst_hardware_y -67.21047199926196 87.5 30.770000457763672 AB 13.144332440967831 1.1664151602596844
60660.0383 lsst_hardware_y -51.03467288904847 61.33000183105469 30.020000457763672 AB 11.779168764925537 1.1654273797396768
60660.0585 lsst_hardware_z 18.42361318215414 58.279998779296875 30.959999084472656 AB 12.648766126498312 1.1592142351187456
60663.0394 lsst_hardware_y -8.234348870617229 59.04999923706055 30.030000686645508 AB 5.402757233410664 1.1602198783272724
60663.0624 lsst_hardware_i 39.59436297482772 32.2400016784668 31.25 AB 6.205473588375151 1.1645270632656737
60665.0405 lsst_hardware_y -31.079893960968388 59.130001068115234 30.020000457763672 AB 5.2364575680503735 1.1589570227521748
60665.0617 lsst_hardware_r -44.40401234780787 24.670000076293945 31.489999771118164 AB 6.306008267707812 1.1685006055049343
