data/validation/pwv_sim_epoch_fit_epoch/54440402.ecsv
# %ECSV 0.9
# ---
# datatype:
# - {name: time, datatype: float64}
# - {name: band, datatype: string}
# - {name: flux, datatype: float64}
# - {name: fluxerr, datatype: float64}
# - {name: zp, datatype: float64}
# - {name: zpsys, datatype: string}
# - {name: pwv, datatype: float64}
# - {name: airmass, datatype: float64}
# meta: {SNID: '54440402', alt: 1024.0, c: -0.12049776315689087, dec: -50.86816, lat: -30.244573, lon: -70.7499537, ra: 107.785713, t0: 61821.00390625,
#   x0: 3.5428553341266953e-06, x1: 0.9462497234344482, z: 0.7053753733634949}
# schema: astropy-2.0
time band flux fluxerr zp zpsys pwv airmass
61722.2997 lsst_hardware_z 40.2124003608548 78.16000366210938 31.719999313354492 AB 4.420229161412133 1.1024389977333313
61722.3077 lsst_hardware_y -48.470288912997795 72.61000061035156 30.780000686645508 AB 4.396599102648124 1.0926620944759948
61738.3426 lsst_hardware_i 36.65821823574192 32.119998931884766 31.25 AB 4.966577593752 1.0840111154060386
61738.3557 lsst_hardware_z 11.520487459615808 62.45000076293945 30.979999542236328 AB 5.035035658226391 1.0978346518408921
61740.3512 lsst_hardware_r 16.531127255329473 28.350000381469727 31.540000915527344 AB 7.934649177995361 1.099032620803579
61744.3296 lsst_hardware_i -38.87527226613023 29.979999542236328 31.239999771118164 AB 3.3334504360249912 1.0871424169669763
61744.3413 lsst_hardware_z 42.403192850437335 43.380001068115234 30.950000762939453 AB 4.490099484193988 1.100334786193537
61746.3349 lsst_hardware_r -14.388880406527775 22.100000381469727 31.469999313354492 AB 4.7606412201247075 1.0991379440404154
61746.3466 lsst_hardware_u -7.697368625103357 6.079999923706055 28.93000030517578 AB 4.820984548600042 1.1158394974193702
61748.3076 lsst_hardware_g -2.581481140365644 12.640000343322754 31.3700008392334 AB 7.0868266201449215 1.0780083085098748
61748.3209 lsst_hardware_r 31.39790795026539 21.530000686645508 31.469999313354492 AB 7.180271106061455 1.0893640972594658
61750.3016 lsst_hardware_i -3.397013869782746 41.25 31.280000686645508 AB 8.93673820176272 1.0776459434969214
61750.3149 lsst_hardware_z -47.77130583865191 41.2599983215332 30.940000534057617 AB 9.025452845520663 1.0888141684133998
61752.2945 lsst_hardware_z -49.381314820074664 56.75 30.969999313354492 AB 10.813964158705497 1.076587657666307
61752.3073 lsst_hardware_r 2.7609062457680436 75.04000091552734 31.639999389648438 AB 10.91233883813289 1.0867059423866778
61754.2887 lsst_hardware_z 14.777048233424544 55.65999984741211 30.979999542236328 AB 8.790623142603712 1.0763782115460974
61754.3015 lsst_hardware_r 47.3980597878749 73.13999938964844 31.639999389648438 AB 8.975730726513167 1.08638378970207
61756.2949 lsst_hardware_i -3.94610838632727 47.099998474121094 31.299999237060547 AB 7.199206918238643 1.0853212103023866
61756.307 lsst_hardware_z 13.634830436707045 49.5099983215332 30.959999084472656 AB 7.323002517563491 1.0983954578616306
61760.2922 lsst_hardware_g -4.3305262783829 20.59000015258789 31.559999465942383 AB 6.491554904480814 1.0937750470900895
61760.3044 lsst_hardware_r 3.469207773097774 26.510000228881836 31.520000457763672 AB 6.602899100924656 1.109730941331875
61764.2242 lsst_hardware_g -7.038424647107646 12.699999809265137 31.3799991607666 AB 7.0355284268166915 1.0707208766239733
61764.2363 lsst_hardware_r -9.529724416735032 21.450000762939453 31.469999313354492 AB 7.111077724395927 1.0687992571736533
61766.2305 lsst_hardware_i -24.016672167212505 29.75 31.239999771118164 AB 5.366738865754396 1.0688053504116297
61766.2436 lsst_hardware_z 30.4765790401494 40.88999938964844 30.950000762939453 AB 5.361246489464041 1.070696787550926
61768.2267 lsst_hardware_r -12.31654227449606 21.389999389648438 31.469999313354492 AB 7.614748555729566 1.0688116437264699
61768.2387 lsst_hardware_u 5.599912277123598 2.5399999618530273 28.360000610351562 AB 7.645773397727085 1.0708741059178197
61770.2213 lsst_hardware_g 1.2669463513193204 12.649999618530273 31.3700008392334 AB 7.193121023768323 1.0688144166073623
61770.2325 lsst_hardware_i 1.6732258766918549 29.860000610351562 31.239999771118164 AB 7.270394116696766 1.0706451183039452
61772.2248 lsst_hardware_z -19.445796649141116 41.22999954223633 30.940000534057617 AB 5.810985963417365 1.070031788009581
61772.2382 lsst_hardware_r 39.196657566236546 21.549999237060547 31.469999313354492 AB 5.908510752654585 1.0755784137113924
61774.2221 lsst_hardware_u -1.2645585500489473 2.5199999809265137 28.34000015258789 AB 2.798647954945929 1.0708087701862432
61774.2364 lsst_hardware_g 3.7555753957093816 12.539999961853027 31.350000381469727 AB 2.8319562411091614 1.0778823551544638
61776.2211 lsst_hardware_r 7.773866927546528 21.479999542236328 31.469999313354492 AB 7.509130561584308 1.0724648211638959
61776.2341 lsst_hardware_i 10.389470819822764 29.899999618530273 31.239999771118164 AB 7.568415909958756 1.0801478428142177
61778.2095 lsst_hardware_i -26.41824164430045 39.709999084472656 31.280000686645508 AB 8.63746416206338 1.0703177400326367
61778.2229 lsst_hardware_z 5.2476128605642725 45.130001068115234 30.950000762939453 AB 8.665249956375606 1.0762280266255486
61780.1961 lsst_hardware_r 55.32648045685437 64.83000183105469 31.639999389648438 AB 8.131342463989881 1.0689289422886659
61780.2085 lsst_hardware_z -2.2761505892735916 52.5 30.969999313354492 AB 7.737767533703744 1.0717871782954178
61783.1893 lsst_hardware_z -21.251107777040282 58.47999954223633 30.979999542236328 AB 5.5506585482144475 1.069061914430187
61783.2035 lsst_hardware_r 44.68000676973832 81.41000366210938 31.649999618530273 AB 5.603781030109444 1.0731443675802452
61786.1908 lsst_hardware_y 51.91633484311327 69.18000030517578 30.790000915527344 AB 5.556060664773242 1.0713059850129132
61788.1824 lsst_hardware_r -38.94226572759113 29.82642587854047 31.549999237060547 AB 6.660089227209209 1.0703810399179077
61788.1948 lsst_hardware_i 43.23840110800149 34.82980593823419 31.270000457763672 AB 6.714521045848 1.0757577109502803
61790.1844 lsst_hardware_z -22.188665948361304 41.03711393000135 30.940000534057617 AB 9.489553840738214 1.0731552141968663
61790.1975 lsst_hardware_r -20.669658206525554 21.850717096817885 31.459999084472656 AB 9.522289980628512 1.0814229990114086
61794.1617 lsst_hardware_g 29.88082565151369 13.41939688036703 31.34000015258789 AB 15.075172298161409 1.0694139724399203
61794.1751 lsst_hardware_i 59.87926499554074 30.956459103209934 31.229999542236328 AB 12.157062471837605 1.0739454480421975
61796.1617 lsst_hardware_z -9.495541816766139 42.03263979760104 30.93000030517578 AB 14.168325678536926 1.0707217591941753
61796.1751 lsst_hardware_r 103.86267871465603 24.104882717974455 31.459999084472656 AB 15.040432001103056 1.077086221791969
61798.1566 lsst_hardware_u 5.990436918958565 2.6758553328686023 28.399999618530273 AB 12.710816075817359 1.0708353897065968
61798.168 lsst_hardware_g 48.545625571653424 14.762221157893288 31.3799991607666 AB 11.436784660001289 1.0760656728870586
61800.1574 lsst_hardware_r 345.56662291352336 28.475581640617275 31.459999084472656 AB 12.891553011961506 1.0733047681206807
61800.1687 lsst_hardware_i 332.4322890872803 35.14645476015476 31.229999542236328 AB 13.31155269600077 1.080263963968413
61804.1569 lsst_hardware_z 360.0549165278958 45.346281439915366 30.940000534057617 AB 8.090589367919202 1.0796089362048593
61804.1697 lsst_hardware_r 593.0984627302196 33.162505307251095 31.469999313354492 AB 9.945307862780993 1.0911922314471239
61811.0928 lsst_hardware_r 1230.0672742049587 90.76868241617788 31.649999618530273 AB 3.786639368446289 1.0718167807844197
61811.1254 lsst_hardware_y 491.13877599269404 78.07626782155745 30.799999237060547 AB 3.7358165463982833 1.0724319065302952
61811.1592 lsst_hardware_r 1478.094342028795 92.68937145008698 31.639999389648438 AB 3.8277798687039937 1.101466558545104
61813.1454 lsst_hardware_i 1241.7199634002573 68.93326976728711 31.31999969482422 AB 4.401269969848003 1.0914945779568495
61813.1567 lsst_hardware_z 625.9220173151735 61.99106611953094 30.969999313354492 AB 4.4782745096308005 1.1054738359987095
61815.0915 lsst_hardware_i 1223.3332168040697 53.84309615349688 31.290000915527344 AB 3.4024853095337653 1.0692634205684217
61815.1049 lsst_hardware_z 727.3661472486804 54.308959666828095 30.959999084472656 AB 3.411688579682322 1.069522792031872
61817.1447 lsst_hardware_r 1298.0569204885444 47.531750558574785 31.559999465942383 AB 3.769204122196278 1.103989491490245
61817.156 lsst_hardware_i 1257.0369057541625 49.95854883153739 31.270000457763672 AB 3.8804521370536085 1.1212479086116856
61819.085 lsst_hardware_g 351.3729830880664 21.76480750700005 31.389999389648438 AB 5.981345878575265 1.0688609504244577
61819.0969 lsst_hardware_i 1176.8939425279884 45.50791460820047 31.25 AB 5.958715749409715 1.0701716503968748
61821.0834 lsst_hardware_z 801.0165960396668 48.86685927293726 30.950000762939453 AB 3.3977774010817776 1.0689036259793245
61821.0957 lsst_hardware_r 1116.0115590580308 40.217921414197306 31.489999771118164 AB 3.413070625196497 1.0714955918364892
61823.0882 lsst_hardware_u -0.09126140880986747 2.730204428999744 28.399999618530273 AB 6.574756357115117 1.0708072242858497
61823.1011 lsst_hardware_g 241.80635154163485 20.004300342166147 31.3700008392334 AB 6.575980964915462 1.0769262583280184
61825.0789 lsst_hardware_r 971.7480175731573 38.51955196227687 31.479999542236328 AB 8.480944391698522 1.0697907402386395
61825.0937 lsst_hardware_i 1105.3825795744722 44.75003813364384 31.239999771118164 AB 8.39300841895508 1.075739396822013
61827.0823 lsst_hardware_z 685.0210955605155 48.430452355011205 30.940000534057617 AB 6.883120155669838 1.0726940502342603
61827.0945 lsst_hardware_r 932.1306156603187 37.59899625895005 31.479999542236328 AB 6.179672362960477 1.0799217736868079
61829.0762 lsst_hardware_u 6.047321236486723 2.708899013075552 28.3799991607666 AB 5.897863698956617 1.0724200983025898
61829.0878 lsst_hardware_r 864.9850453044183 36.51908783562287 31.469999313354492 AB 5.757897002090192 1.0790156012349386
61831.0746 lsst_hardware_i 1019.940470458441 43.299527542261686 31.239999771118164 AB 3.087539941240104 1.07423830950656
61831.0864 lsst_hardware_z 629.4639268676159 48.4703802323701 30.940000534057617 AB 3.256515069823729 1.0821383705661483
61833.0543 lsst_hardware_z 537.0689363628395 48.173715467918655 30.940000534057617 AB 4.7960297797402855 1.069289288164597
61833.0669 lsst_hardware_r 802.5615752646352 36.24087736101036 31.5 AB 4.823764336978651 1.0731400082266187
61835.0553 lsst_hardware_y 301.03926140905554 50.08633639006868 30.040000915527344 AB 5.681868897834842 1.0707711975315153
61835.0685 lsst_hardware_g 77.36308856870895 32.84275230657557 31.639999389648438 AB 5.653017972588249 1.0770388617912325
61837.0499 lsst_hardware_r 698.227890994535 55.580170317612186 31.6200008392334 AB 9.973525485099984 1.0707909619862201
61837.0636 lsst_hardware_i 759.5405657713624 52.41823242098868 31.290000915527344 AB 9.934561358930416 1.077403852753442
61841.0479 lsst_hardware_z 439.78071049890656 63.57320920894188 30.979999542236328 AB 8.347912166979027 1.0745617652508832
61841.0604 lsst_hardware_r 598.6746110169823 86.93985992087386 31.639999389648438 AB 8.415314032432043 1.0832378828325808
61844.0454 lsst_hardware_i 633.2841626601007 47.32142320437027 31.290000915527344 AB 10.352194324365675 1.078016695237496
61844.0568 lsst_hardware_z 635.207335075284 51.6522084361776 30.959999084472656 AB 10.445444179247174 1.0874440871633275
61848.0312 lsst_hardware_g 30.67447490293647 15.144621178784798 31.360000610351562 AB 7.292108868217895 1.0759290104342154
61848.0459 lsst_hardware_r 280.8301783819704 27.49722901268846 31.459999084472656 AB 8.08396499690106 1.0874679666253317
61850.0347 lsst_hardware_i 424.8782829431091 35.985424351308616 31.229999542236328 AB 3.996198600192983 1.0822962716059203
61850.0482 lsst_hardware_z 382.7250837703335 45.78061478631649 30.940000534057617 AB 4.319880338583005 1.0958600554497513
61854.0302 lsst_hardware_r 205.61046069795674 25.60884652713694 31.469999313354492 AB 9.034859914139656 1.0881440339804476
61854.0443 lsst_hardware_i 317.59190369193453 34.84527284275604 31.229999542236328 AB 11.42111369825452 1.1048770144388733
61858.0234 lsst_hardware_u 2.4241396921845237 2.678752798793376 28.329999923706055 AB 7.101091168523463 1.0924755643882251
61858.0371 lsst_hardware_g 27.62603718931645 13.822486360525165 31.350000381469727 AB 7.216441663204169 1.1102217943391028
62090.3096 lsst_hardware_u 0.1260448950762467 2.490000009536743 28.309999465942383 AB 5.258471673254198 1.0833972465788533
62090.3169 lsst_hardware_z 78.0209627322417 40.97999954223633 30.940000534057617 AB 5.2798593861259615 1.0777972719828448
62105.3422 lsst_hardware_i -74.54507376696729 31.829999923706055 31.25 AB 7.928195957649609 1.0881410866936054
62105.3539 lsst_hardware_z -51.36395852565437 63.189998626708984 30.979999542236328 AB 7.920145080486211 1.1016522274415168
62107.3424 lsst_hardware_i -116.80651411803098 61.709999084472656 31.31999969482422 AB 6.632230311046126 1.0942124879755484
62107.3533 lsst_hardware_z 68.64725959764421 73.27999877929688 30.989999771118164 AB 6.720609334269188 1.1083831062043181
62110.3389 lsst_hardware_z -56.84086747482118 75.5199966430664 31.729999542236328 AB 4.707595953112255 1.099905596521555
62112.332 lsst_hardware_r 5.262361593539605 44.81999969482422 31.600000381469727 AB 6.08857294350923 1.0980953968094078
62112.3437 lsst_hardware_i 39.6090626957465 44.849998474121094 31.290000915527344 AB 7.04650919143119 1.114513118455023
62116.294 lsst_hardware_r -9.623374572353697 22.950000762939453 31.489999771118164 AB 11.317773703285484 1.0743531922051814
62116.3067 lsst_hardware_g 7.348231857164365 15.34000015258789 31.440000534057617 AB 11.427736946207421 1.0830951517588094
62118.2875 lsst_hardware_r -1.5952234377223435 21.540000915527344 31.479999542236328 AB 8.590569179945918 1.0738211474932398
62118.2997 lsst_hardware_i -30.66074033078383 30.0 31.25 AB 7.79592371326889 1.0818155853557518
62122.2891 lsst_hardware_u 3.3261344530688484 2.549999952316284 28.360000610351562 AB 5.688858621032918 1.0820806405718206
62122.3008 lsst_hardware_g -28.713645008106145 12.649999618530273 31.350000381469727 AB 7.6504752337955 1.093484793472206
62126.2868 lsst_hardware_z 54.808810213798644 41.65999984741211 30.950000762939453 AB 5.067208159097993 1.0901324496525908
62126.2994 lsst_hardware_u 1.6881241974747 2.7300000190734863 28.5 AB 6.558615169157936 1.1055087935427468
62128.2187 lsst_hardware_z 25.121976155751383 41.08000183105469 30.940000534057617 AB 7.53658573771231 1.0744805613939532
62128.2319 lsst_hardware_r -12.493880863762595 21.530000686645508 31.479999542236328 AB 7.718530198145751 1.0696411028472492
62129.2908 lsst_hardware_i -1.5326125877004753 30.15999984741211 31.239999771118164 AB 6.966198183729557 1.1049418836131923
62129.3029 lsst_hardware_z -15.892711370159676 41.790000915527344 30.940000534057617 AB 7.511768209350134 1.1238152164593318
62131.2237 lsst_hardware_i -32.53603688754183 34.7599983215332 31.270000457763672 AB 5.409463159950008 1.0696451945128296
62131.2379 lsst_hardware_z 51.29024744898732 41.119998931884766 30.950000762939453 AB 5.399241564421965 1.0692626130155392
62133.2249 lsst_hardware_r -17.436186290444226 49.22999954223633 31.6200008392334 AB 7.659089920667951 1.0688469344685414
62133.2382 lsst_hardware_z -49.69723664774287 47.380001068115234 30.959999084472656 AB 7.665001003698521 1.0705308664382944
62137.2196 lsst_hardware_i 83.1920255251073 92.41000366210938 32.06999969482422 AB 7.521963511165244 1.0690278878304391
62137.233 lsst_hardware_z 58.231832380999386 83.83999633789062 31.729999542236328 AB 7.545970243617578 1.072608953692929
62139.2263 lsst_hardware_r 12.752268290269795 63.65999984741211 31.6299991607666 AB 3.711580509927035 1.0720914240112753
62139.2376 lsst_hardware_z -24.976185912080233 52.709999084472656 30.969999313354492 AB 3.782521622579896 1.0782558787285892
62143.2055 lsst_hardware_i -37.40487708859932 34.08000183105469 31.270000457763672 AB 8.485555035352153 1.0693269669123218
62143.2181 lsst_hardware_z -12.361372077108992 42.95000076293945 30.950000762939453 AB 9.431304713767414 1.0732840505766756
62145.1885 lsst_hardware_r -23.3760878292515 21.559999465942383 31.479999542236328 AB 8.031322451308467 1.0691561027678735
62145.2017 lsst_hardware_u 1.7704535434107858 2.5399999618530273 28.350000381469727 AB 8.0491012764388 1.0696243196968576
62147.1874 lsst_hardware_g -10.042257720971058 12.699999809265137 31.3799991607666 AB 7.292491501236267 1.0688362363489654
