data/validation/pwv_sim_epoch_fit_epoch/54494361.ecsv
# %ECSV 0.9
# ---
# datatype:
# - {name: time, datatype: float64}
# - {name: band, datatype: string}
# - {name: flux, datatype: float64}
# - {name: fluxerr, datatype: float64}
# - {name: zp, datatype: float64}
# - {name: zpsys, datatype: string}
# - {name: pwv, datatype: float64}
# - {name: airmass, datatype: float64}
# meta: {SNID: '54494361', alt: 1024.0, c: -0.06389971077442169, dec: -48.727589, lat: -30.244573, lon: -70.7499537, ra: 326.809967, t0: 61920.671875,
#   x0: 4.112956247325196e-05, x1: 0.5733062624931335, z: 0.2508334517478943}
# schema: astropy-2.0
time band flux fluxerr zp zpsys pwv airmass
61947.3114 lsst_hardware_r 4078.288634705536 66.96334701983017 31.479999542236328 AB 5.92961541875446 1.0675015756279032
61947.3238 lsst_hardware_i 3994.984131251638 69.71712468909908 31.239999771118164 AB 5.844157051666363 1.0589798958081111
61950.1603 lsst_hardware_i 3646.968686912674 68.46715863555009 31.170000076293945 AB 7.85918248347585 1.5815896327640453
61950.1765 lsst_hardware_z 2121.821495587155 64.22392696929124 30.90999984741211 AB 8.606032766110006 1.4639637269937495
61954.3536 lsst_hardware_g 808.1148363195946 31.619560339555356 31.399999618530273 AB 6.917961001860263 1.0636062577330612
61954.3661 lsst_hardware_i 3543.7767846383413 66.29491696460728 31.239999771118164 AB 6.989933135574694 1.0746716586193172
61955.1157 lsst_hardware_r 2733.0418873371345 83.93493643498226 31.440000534057617 AB 16.76432963319451 1.8927774227384897
61955.119 lsst_hardware_z 2023.5370231758457 75.21732055807728 30.8799991607666 AB 16.39319923260546 1.8527052504852086
61958.3587 lsst_hardware_i 3345.787351442889 102.16934150601276 31.329999923706055 AB 1.683080247940607 1.0785519051205428
61958.3709 lsst_hardware_r 2708.2673568045134 118.7217479697545 31.649999618530273 AB 1.7050047449798804 1.094706096295341
61960.3007 lsst_hardware_z 4071.179336046818 124.20525624116257 31.75 AB 1.820638804628006 1.0544240181243278
61962.3065 lsst_hardware_r 2284.1557958433523 92.19981286227762 31.649999618530273 AB 9.010580897866602 1.0536534507985618
61962.3186 lsst_hardware_i 2851.030273082391 83.21961327395199 31.31999969482422 AB 8.986968040061878 1.0563893197051977
61964.2892 lsst_hardware_z 1645.8061813611073 62.87352783583653 30.969999313354492 AB 6.591294080819437 1.0545508102212313
61964.3018 lsst_hardware_r 1883.3008468630628 68.46546342734608 31.6299991607666 AB 6.427672460541634 1.053716796810104
61974.3241 lsst_hardware_g 401.9802064173202 24.789366764396593 31.399999618530273 AB 5.282058126094199 1.0901705739935055
61974.3357 lsst_hardware_r 1210.6266689534289 42.05002317983951 31.479999542236328 AB 4.955080522381474 1.1085191325238195
61976.2433 lsst_hardware_r 1248.7662161888345 41.55136669286997 31.489999771118164 AB 5.734848940158095 1.0597032272662437
61976.2558 lsst_hardware_i 1566.1801106375478 49.71234001342641 31.239999771118164 AB 6.311682812852671 1.0547010771769627
61979.2388 lsst_hardware_g 353.70842346109265 24.05355512333433 31.399999618530273 AB 2.717518357450455 1.0578117389842177
61979.2501 lsst_hardware_r 1115.7575567023705 40.8271953982786 31.479999542236328 AB 2.6923742855869164 1.0541794383660597
61981.2332 lsst_hardware_i 1388.3195733568552 49.45830219070492 31.25 AB 4.760447632550354 1.0578772516778565
61981.2464 lsst_hardware_z 861.595947821651 49.37708842339762 30.940000534057617 AB 4.742572575763493 1.0539050168363318
61990.2196 lsst_hardware_z 134.94500524790092 67.51000213623047 30.989999771118164 AB 3.268229930425179 1.0542677194919932
61990.2307 lsst_hardware_r -76.48554131684786 97.2699966430664 31.649999618530273 AB 3.2665024757373926 1.05371047604432
61992.2195 lsst_hardware_i -59.503689840539174 53.20000076293945 31.309999465942383 AB 4.740199249302728 1.0536117468999175
61992.2295 lsst_hardware_z -12.551371784400388 52.79999923706055 30.969999313354492 AB 4.737066597914758 1.0543215219042377
61994.2109 lsst_hardware_i -33.86798373879136 40.400001525878906 31.290000915527344 AB 2.869003625763592 1.0539089450871457
61994.222 lsst_hardware_z 32.5962375970336 45.7599983215332 30.959999084472656 AB 2.870319150933815 1.0539727604408133
61997.2942 lsst_hardware_r 14.787863528900793 26.6299991607666 31.510000228881836 AB 5.479747907876742 1.153388319906702
61997.3053 lsst_hardware_u 0.18163725185397528 3.8299999237060547 28.600000381469727 AB 5.623802358613162 1.1831696115459507
62013.2238 lsst_hardware_z -6.7462004992053375 79.01000213623047 31.719999313354492 AB 4.569319426867108 1.0994512576677353
62016.1307 lsst_hardware_r -132.82831052616197 108.5 31.65999984741211 AB 1.4864643203780772 1.0617602288414838
62016.1428 lsst_hardware_z -176.6304232082186 74.3499984741211 30.989999771118164 AB 1.4781294076793685 1.0558067197709775
62030.1158 lsst_hardware_r 19.790270922121344 22.350000381469727 31.489999771118164 AB 1.3214148287524679 1.053619797011065
62030.1273 lsst_hardware_i 3.5941125044747504 30.270000457763672 31.25 AB 0.7003003999123232 1.0546692769777053
62031.1948 lsst_hardware_i -0.06845533074504297 31.079999923706055 31.229999542236328 AB 1.389213463074506 1.1379222905729744
62031.2069 lsst_hardware_u -0.0035608109956612884 2.5299999713897705 28.270000457763672 AB 1.4081905156829224 1.1676538272661048
62033.1978 lsst_hardware_g 20.553176872198154 13.510000228881836 31.360000610351562 AB 7.274052555152656 1.1581503093025987
62033.21 lsst_hardware_r -22.281349431307202 22.75 31.459999084472656 AB 6.915420811691597 1.1920399008891513
62035.1465 lsst_hardware_g -0.7222350066851473 13.670000076293945 31.420000076293945 AB 3.639974539960482 1.0763582582865328
62035.1582 lsst_hardware_r -11.058887023930001 22.6200008392334 31.489999771118164 AB 3.6937688380474887 1.0911093456225018
62037.1484 lsst_hardware_i -46.745457202311265 30.489999771118164 31.239999771118164 AB 3.822295476727636 1.0851857411392252
62037.1605 lsst_hardware_z 17.96009521566426 41.75 30.940000534057617 AB 3.8671457744189555 1.1030865790255555
62039.152 lsst_hardware_r 71.16089280455532 31.75 31.559999465942383 AB 3.1788736983046326 1.0981829911232033
62039.1631 lsst_hardware_g 48.33953084331588 26.06999969482422 31.59000015258789 AB 3.23956420219033 1.1174764409073232
62041.1631 lsst_hardware_r 49.90415573589801 53.130001068115234 31.610000610351562 AB 4.880077670360345 1.1284068837182137
62041.1757 lsst_hardware_i -31.670473633691955 49.09000015258789 31.290000915527344 AB 5.247348280989546 1.1575032972771058
62043.0673 lsst_hardware_i 96.85627177937857 61.59000015258789 31.31999969482422 AB 3.93159490796643 1.0564543619417763
62043.0788 lsst_hardware_z 11.738801528874875 57.970001220703125 30.979999542236328 AB 3.908997210223296 1.0537327370536336
62048.0595 lsst_hardware_r 107.8297827594256 81.75 31.649999618530273 AB 3.002245176102348 1.0546528721671011
62048.071 lsst_hardware_i -24.76645684179018 64.70999908447266 31.329999923706055 AB 2.9743994235626934 1.0536306849318013
62054.143 lsst_hardware_z 12.002932070059135 43.130001068115234 30.940000534057617 AB 5.208341916286561 1.1647428810182396
62054.1541 lsst_hardware_i 53.01623151972351 31.770000457763672 31.229999542236328 AB 5.344916982391966 1.1964446311876873
62057.1329 lsst_hardware_r 5.894763365728025 23.09000015258789 31.469999313354492 AB 9.701144420726747 1.1597765705817646
62057.144 lsst_hardware_i 22.23508655402918 31.899999618530273 31.229999542236328 AB 9.964487426513516 1.1906425411056896
62059.1354 lsst_hardware_z 25.08265584301257 43.040000915527344 30.940000534057617 AB 9.23183613944021 1.1814229889440389
62059.147 lsst_hardware_u 6.702245011939718 2.700000047683716 28.389999389648438 AB 9.47661429952858 1.2175521583975952
62064.0848 lsst_hardware_z 1.570341854682867 42.08000183105469 30.950000762939453 AB 2.9705851012793794 1.099877235895075
62064.096 lsst_hardware_r 18.99863124394541 23.030000686645508 31.489999771118164 AB 2.9756922857519426 1.1197336917222738
62065.0824 lsst_hardware_u 1.9663603349618741 2.700000047683716 28.40999984741211 AB 4.315983945150542 1.1004080937790288
62065.094 lsst_hardware_r 13.013293732311878 23.06999969482422 31.479999542236328 AB 4.894456215694734 1.121167384192991
62067.0853 lsst_hardware_i 17.369507188212246 32.61000061035156 31.25 AB 3.4563287030709806 1.1149447429261228
62067.0969 lsst_hardware_z -29.854894678457715 43.31999969482422 30.940000534057617 AB 3.5303870372279325 1.1388345281380428
62070.0809 lsst_hardware_r 43.227859690772505 48.25 31.610000610351562 AB 3.2791656737614505 1.1222652963276392
62070.0907 lsst_hardware_z 106.93047324501691 50.13999938964844 30.959999084472656 AB 4.835040343861798 1.1433959507792364
62280.4298 lsst_hardware_g -2.641235627639373 19.420000076293945 31.549999237060547 AB 6.449716458789899 1.0536169989038469
62288.416 lsst_hardware_i -143.6746153322649 79.79000091552734 32.06999969482422 AB 6.557479143077519 1.0538617576060725
62288.4308 lsst_hardware_y 86.74376908634943 79.06999969482422 30.809999465942383 AB 6.656669460774139 1.0585885517869262
62291.4214 lsst_hardware_z -11.72514978752897 62.900001525878906 31.700000762939453 AB 11.790265951976757 1.057992278533449
62302.3968 lsst_hardware_g -4.255242944420112 13.489999771118164 31.399999618530273 AB 12.561412995791168 1.0609600210415315
62302.41 lsst_hardware_r -12.592151335375775 22.469999313354492 31.489999771118164 AB 12.746731448565871 1.071393991530248
62306.3775 lsst_hardware_z -29.13203929287217 41.349998474121094 30.950000762939453 AB 3.065472285399958 1.056695031161654
62306.3908 lsst_hardware_i -14.333279437878005 30.540000915527344 31.25 AB 3.091380165225935 1.0643110596101342
62310.329 lsst_hardware_y 12.493482287795066 49.29999923706055 30.049999237060547 AB 2.83054367374611 1.0594673763241833
62310.342 lsst_hardware_r 17.94896267045466 45.90999984741211 31.6200008392334 AB 3.6178800894256216 1.0544681111704417
62312.3259 lsst_hardware_i -122.04884578089201 73.02999877929688 31.329999923706055 AB 4.255795536391059 1.058238803885121
62312.3399 lsst_hardware_z 105.29459363741971 64.66999816894531 30.989999771118164 AB 3.8052730630881824 1.0538733124941155
62314.3294 lsst_hardware_r 211.33354975855372 109.55000305175781 31.65999984741211 AB 7.099288645642401 1.054872012725517
62314.3438 lsst_hardware_z -37.37364051065998 74.08000183105469 30.989999771118164 AB 7.586763358872879 1.0537171331767887
62323.3434 lsst_hardware_i 7.088941717328985 31.190000534057617 31.25 AB 6.039131321544055 1.0635862432823475
62323.3551 lsst_hardware_z -7.9963007812543285 42.09000015258789 30.950000762939453 AB 6.1011032580562325 1.0738228086928052
62325.3424 lsst_hardware_r 44.9629016587766 22.809999465942383 31.5 AB 1.631975705781306 1.0670576183390004
62325.3543 lsst_hardware_u 0.021133263724616363 2.7300000190734863 28.450000762939453 AB 1.6148924842512993 1.0789326769678904
62328.2874 lsst_hardware_i -20.796942402841978 30.309999465942383 31.239999771118164 AB 9.175521159168893 1.0560434085919908
62328.2996 lsst_hardware_z 61.025504386908196 41.130001068115234 30.940000534057617 AB 8.996110431294287 1.0535629256383297
62330.2966 lsst_hardware_r 9.93849062848029 22.610000610351562 31.489999771118164 AB 6.426458867848175 1.0535178471882254
62330.3071 lsst_hardware_g -8.472775668164005 13.779999732971191 31.399999618530273 AB 6.435739177512094 1.0550392094282122
62332.3356 lsst_hardware_r -11.582367226358317 22.709999084472656 31.489999771118164 AB 4.039699986005191 1.0794121539092025
62332.348 lsst_hardware_i -13.88730926489227 30.809999465942383 31.239999771118164 AB 3.9839245048254055 1.0961410110951728
62343.2308 lsst_hardware_z -68.65823329726332 80.1500015258789 30.989999771118164 AB 10.677084708906632 1.0647891739055388
62343.2438 lsst_hardware_r 0.2805711349070085 120.2300033569336 31.65999984741211 AB 10.637417569711769 1.0570821394923748
62345.2429 lsst_hardware_y -21.927587213263124 75.77999877929688 30.799999237060547 AB 2.690763168439212 1.0554081853066137
62347.2355 lsst_hardware_r -31.950289044826626 53.849998474121094 31.6299991607666 AB 4.752252837475912 1.0560561861057582
62347.2475 lsst_hardware_i -10.007718650526574 47.599998474121094 31.309999465942383 AB 4.741099855296345 1.05357774562141
62348.2333 lsst_hardware_z 27.994407832943644 46.310001373291016 30.959999084472656 AB 3.3787837591202 1.0558699247250625
62348.2452 lsst_hardware_r -4.0003296649495255 43.75 31.610000610351562 AB 3.371381127553641 1.0535566023605127
62351.2143 lsst_hardware_r 13.772033779159683 22.950000762939453 31.5 AB 2.3671235710060645 1.0610938682134021
62351.227 lsst_hardware_u 2.45778366516345 2.690000057220459 28.43000030517578 AB 2.3715291431309673 1.0552636353297093
62352.2145 lsst_hardware_g 11.751792908012604 14.0 31.420000076293945 AB 1.5696500156154025 1.0593813378731625
62352.2277 lsst_hardware_i 53.31962400693757 30.610000610351562 31.239999771118164 AB 1.6382647641733 1.0543940557836495
62354.2185 lsst_hardware_z 6.288497132356035 41.38999938964844 30.940000534057617 AB 2.3888010559768587 1.0553572149224029
62354.2306 lsst_hardware_r 7.0518785681544465 22.799999237060547 31.489999771118164 AB 2.349083480433136 1.0535187713569398
62356.2158 lsst_hardware_u -1.4549283236921966 2.7200000286102295 28.459999084472656 AB 3.2692993684329017 1.0546126994944844
62356.2273 lsst_hardware_g 19.150038005339123 14.140000343322754 31.43000030517578 AB 3.2660954578681216 1.0535791799574585
62360.023 lsst_hardware_r 5.18235595751692 25.049999237060547 31.360000610351562 AB 3.8369895353290584 1.717157992986824
62360.0313 lsst_hardware_i -15.984648282704589 35.31999969482422 31.15999984741211 AB 3.695280925797808 1.6394325314098528
62362.2939 lsst_hardware_r -6.32214316275102 23.209999084472656 31.479999542236328 AB 3.8508932826058575 1.150894585357399
62362.305 lsst_hardware_i 27.64651146302924 31.75 31.239999771118164 AB 4.012073545700665 1.180253053255736
62364.2321 lsst_hardware_g 3.172818408742951 14.020000457763672 31.420000076293945 AB 4.722018563603828 1.0640569125353676
62364.2428 lsst_hardware_i -6.557724859546661 30.860000610351562 31.25 AB 4.808817915932782 1.0734567589559199
62369.2299 lsst_hardware_r 17.641524186537836 83.41000366210938 31.639999389648438 AB 1.5571916498218779 1.074233963659818
62369.2411 lsst_hardware_i -8.74489050644874 68.37999725341797 31.31999969482422 AB 1.6237865657665875 1.0876605520066454
62376.0371 lsst_hardware_z 108.38451520317292 45.11000061035156 30.920000076293945 AB 4.645747917385498 1.317631174867076
62376.0432 lsst_hardware_g 2.761094145841383 13.890000343322754 31.329999923706055 AB 4.516047386337725 1.29029925323935
62378.0899 lsst_hardware_g 28.22175555555904 13.800000190734863 31.389999389648438 AB 3.5339577670182236 1.1282489478867344
62378.1005 lsst_hardware_r -18.67402418932514 32.16999816894531 32.22999954223633 AB 3.457017701569147 1.1079297176729899
62378.1096 lsst_hardware_z 64.56472169735028 41.58000183105469 30.940000534057617 AB 3.4337335245190945 1.0932845735951904
62382.1368 lsst_hardware_g 12.857565031942073 13.649999618530273 31.399999618530273 AB 1.4802427490462648 1.0573162493187607
62382.1495 lsst_hardware_r -49.33611562937244 22.420000076293945 31.479999542236328 AB 1.4753147929098378 1.0537962806498842
62387.1408 lsst_hardware_r 9.932896108350644 22.360000610351562 31.489999771118164 AB 2.753663115214618 1.0535296471409346
62387.1523 lsst_hardware_u 1.2740270733939763 2.569999933242798 28.350000381469727 AB 2.8086553377238994 1.0552903767514181
62389.1387 lsst_hardware_g -10.687658391903975 13.529999732971191 31.399999618530273 AB 3.8356437361584286 1.053700032825904
62389.1509 lsst_hardware_i -2.7826407224784733 30.3700008392334 31.25 AB 3.849779541879262 1.0567124411580704
62390.1187 lsst_hardware_r 41.62060381547483 22.389999389648438 31.489999771118164 AB 2.8098972533706665 1.0558561778753093
62390.1297 lsst_hardware_z 47.596777511986744 41.220001220703125 30.950000762939453 AB 2.8447564510194594 1.0536135003775775
62393.117 lsst_hardware_r 7.748505896020461 27.190000534057617 31.549999237060547 AB 1.337733829694308 1.0541637743850554
62393.129 lsst_hardware_y 44.08099822820795 47.34000015258789 30.040000915527344 AB 1.7726354789073646 1.0538333290506998
62396.0482 lsst_hardware_r 75.32704064130387 57.79999923706055 31.6299991607666 AB 0.33185289069777435 1.1136003043549476
62396.0542 lsst_hardware_i -29.157827370583025 51.209999084472656 31.299999237060547 AB 0.40979461298025 1.1030810578181722
62399.1967 lsst_hardware_z 79.78738275591988 66.76000213623047 30.969999313354492 AB 7.281531750943197 1.1604959360814147
62399.2106 lsst_hardware_r 54.34218895689393 92.1500015258789 31.610000610351562 AB 7.017541735355699 1.200092643925771
62404.0017 lsst_hardware_r -5.101278454333703 23.010000228881836 31.469999313354492 AB 5.08647152222998 1.1693934069039726
62404.0082 lsst_hardware_i -19.295059752990063 31.149999618530273 31.239999771118164 AB 5.03764081276235 1.1526023824196412
62406.0671 lsst_hardware_u 0.5562461065303834 2.680000066757202 28.450000762939453 AB 2.966248685954822 1.0593745306981508
62406.0798 lsst_hardware_g -16.100858803370134 13.65999984741211 31.420000076293945 AB 2.9526252367003867 1.054509013107281
62411.0753 lsst_hardware_u 1.2748375143874886 2.7100000381469727 28.469999313354492 AB 5.079366597424834 1.0535372771428906
62411.087 lsst_hardware_g 1.8183770613183343 13.649999618530273 31.420000076293945 AB 4.796998671426187 1.0553678508565467
62414.0532 lsst_hardware_i 27.006714280394178 30.360000610351562 31.25 AB 2.9866537015619854 1.0558521216928236
62414.0651 lsst_hardware_r -24.87810666245196 22.3700008392334 31.489999771118164 AB 2.990034546721736 1.0535710171675539
62416.0587 lsst_hardware_u 3.9413901437004464 2.630000114440918 28.399999618530273 AB 4.776331234530829 1.0536218462539744
62416.0696 lsst_hardware_g -0.6285120432215031 13.59000015258789 31.399999618530273 AB 4.575863305754232 1.0544071215517556
62418.0569 lsst_hardware_r -4.067150815410329 22.3799991607666 31.489999771118164 AB 3.207013400046278 1.0535523653240073
62418.0693 lsst_hardware_i 17.338625281703745 30.31999969482422 31.25 AB 3.460997211733758 1.0558258730113288
62420.1416 lsst_hardware_r -20.648787540151133 22.84000015258789 31.459999084472656 AB 5.210596702795467 1.1663774144446986
62420.1527 lsst_hardware_u 4.081848168379356 2.559999942779541 28.280000686645508 AB 5.3482746030445405 1.1983586383698275
62425.144 lsst_hardware_y -54.13320150486773 73.52999877929688 30.75 AB 9.488041401292348 1.2142750153629622
62427.1334 lsst_hardware_r -10.798437147792942 71.20999908447266 31.610000610351562 AB 7.3573884672391126 1.1977840402505677
62427.1444 lsst_hardware_i 54.23801343217883 60.5 31.290000915527344 AB 7.545366275886581 1.2345167336201865
62429.0805 lsst_hardware_r 6.309071444220513 77.91000366210938 31.639999389648438 AB 3.1596856947101304 1.092214556719658
62429.0916 lsst_hardware_i 136.17232162518272 63.029998779296875 31.309999465942383 AB 3.579737475833655 1.1101682356438687
62433.079 lsst_hardware_z 17.43534662946091 54.25 30.969999313354492 AB 4.01734563877842 1.1072151507888504
62433.0897 lsst_hardware_r 7.298419564010788 69.83000183105469 31.6299991607666 AB 3.4955563446314635 1.1275988208488592
62435.0757 lsst_hardware_u -0.16150963925909453 2.690000057220459 28.40999984741211 AB 2.4294709737201705 1.111038555054956
62435.086 lsst_hardware_g 19.148278455406174 14.010000228881836 31.399999618530273 AB 2.5878788048985304 1.1313131387534048
