data/validation/pwv_sim_epoch_fit_epoch/54584954.ecsv
# %ECSV 0.9
# ---
# datatype:
# - {name: time, datatype: float64}
# - {name: band, datatype: string}
# - {name: flux, datatype: float64}
# - {name: fluxerr, datatype: float64}
# - {name: zp, datatype: float64}
# - {name: zpsys, datatype: string}
# - {name: pwv, datatype: float64}
# - {name: airmass, datatype: float64}
# meta: {SNID: '54584954', alt: 1024.0, c: 0.03436695411801338, dec: -57.970295, lat: -30.244573, lon: -70.7499537, ra: 183.901733, t0: 62181.9296875,
#   x0: 7.114475727131008e-06, x1: 0.8130338191986084, z: 0.5303574800491333}
# schema: astropy-2.0
time band flux fluxerr zp zpsys pwv airmass
62157.3575 lsst_hardware_g 19.85921725212479 14.505409949663221 31.399999618530273 AB 12.705946867674806 1.133919580051895
62157.3705 lsst_hardware_y 63.29703515699282 61.052702894850604 30.030000686645508 AB 12.70080577870551 1.1314077066281623
62159.3586 lsst_hardware_i 255.71800038540897 35.11274137036712 31.239999771118164 AB 10.546942662317047 1.132162484214058
62159.3711 lsst_hardware_y 142.67397499112792 61.15981957157518 30.030000686645508 AB 10.541502407873063 1.1315784996240912
62161.3544 lsst_hardware_u 3.1070359744736877 2.9660245223008683 28.489999771118164 AB 10.81003754356596 1.1319411040383203
62161.3672 lsst_hardware_z 216.46451200668312 48.741270492091594 30.959999084472656 AB 10.791346451701054 1.1317615575984326
62164.3637 lsst_hardware_i 772.9135134298402 41.875009449217856 31.25 AB 13.388018076257447 1.132650058270102
62164.3751 lsst_hardware_y 189.10878856904466 60.52760227782064 30.040000915527344 AB 14.045801230196595 1.1369435996597534
62166.3587 lsst_hardware_r 1400.7881630208974 87.156285553979 31.6299991607666 AB 12.912120638614416 1.132766368120576
62166.3711 lsst_hardware_y 212.26632533587352 57.184469431676646 30.020000457763672 AB 12.866147501410389 1.137716149124385
62168.3461 lsst_hardware_z 1663.3187840034257 90.72440599454053 31.719999313354492 AB 13.24701561285413 1.1315465629840378
62170.3506 lsst_hardware_r 1999.443081494328 75.30183530962258 31.6200008392334 AB 12.128158893517227 1.133578735724575
62170.3625 lsst_hardware_z 1159.6164840443423 62.33348945005493 30.969999313354492 AB 12.073907892969792 1.1390479144311125
62172.3455 lsst_hardware_r 2266.660973789298 63.85000662084981 31.600000381469727 AB 7.8995064124702825 1.133697027442974
62172.3563 lsst_hardware_y 496.8621590334925 53.218006724737975 30.030000686645508 AB 7.919045297370816 1.1386118328354982
62174.3468 lsst_hardware_g 889.3220659621841 35.772575296451386 31.540000915527344 AB 5.403551830628676 1.1364534056740474
62174.3576 lsst_hardware_r 2317.1152861228084 54.75815833937136 31.510000228881836 AB 5.420572424376972 1.1430983602650815
62176.3475 lsst_hardware_i 1879.8093031666483 53.17346103964165 31.239999771118164 AB 7.524129699844659 1.1399045096219562
62176.3593 lsst_hardware_z 1470.8265011790727 56.635492464488664 30.940000534057617 AB 7.601095684134817 1.1490551669746893
62178.3526 lsst_hardware_u 3.8960954293709325 3.126593164391983 28.3799991607666 AB 5.100280935571691 1.147936289797815
62178.3634 lsst_hardware_r 2351.2370707973078 53.8210603038733 31.469999313354492 AB 5.140389409518021 1.1589852679145631
62184.3273 lsst_hardware_u 0.195086928921719 2.685758523982124 28.299999237060547 AB 5.637596154599928 1.140982828293859
62184.3392 lsst_hardware_g 631.2036514034032 27.144276001680353 31.350000381469727 AB 4.57230663108486 1.1507000455731708
62188.3335 lsst_hardware_z 1586.8316331281019 57.39390065021632 30.940000534057617 AB 6.63871694238644 1.156067382217926
62188.3455 lsst_hardware_r 2111.535857619339 50.723139562442746 31.469999313354492 AB 6.754412162822581 1.1710315098442674
62190.2696 lsst_hardware_z 1458.0869589978347 56.45911139992642 30.940000534057617 AB 12.097269171718136 1.13325133929193
62190.2822 lsst_hardware_r 1922.4309987452698 49.465819203846536 31.479999542236328 AB 12.099564097526972 1.131399566517499
62192.2754 lsst_hardware_z 1449.1698736355556 59.46548920156319 30.950000762939453 AB 9.993865404391878 1.131423684409813
62192.2858 lsst_hardware_g 326.0595174475054 34.541006532155045 31.600000381469727 AB 9.974272097122258 1.1323462674828015
62194.2697 lsst_hardware_r 2067.8759415756613 85.15128463299422 31.6299991607666 AB 6.688284057849993 1.1314340912117953
62194.2822 lsst_hardware_z 1340.3638108200746 66.92482633458694 30.969999313354492 AB 6.69622954355324 1.1327782017965333
62196.2746 lsst_hardware_r 1651.8135836280971 102.36945909463023 31.6299991607666 AB 4.401315886171353 1.1322926494598826
62196.2855 lsst_hardware_y 413.69711983587894 59.06219045835313 30.020000457763672 AB 4.423440576015462 1.1358902422842556
62199.2736 lsst_hardware_z 1166.1699087092165 65.47720706903031 30.959999084472656 AB 6.487668938671781 1.1343565919782805
62202.2764 lsst_hardware_r 1132.8690374902014 47.26466724130444 31.559999465942383 AB 11.026203907436335 1.1398556761650245
62202.2909 lsst_hardware_z 1055.1935613285968 54.45001514247101 30.940000534057617 AB 11.143902580905511 1.1515369198982663
62204.2499 lsst_hardware_u -2.443948607595273 3.1774442381926926 28.40999984741211 AB 9.985821064044403 1.1318156749393953
62204.2617 lsst_hardware_g 127.04872030511994 18.874979209715924 31.40999984741211 AB 8.702971817037508 1.1350468623459415
62208.2529 lsst_hardware_r 641.5014018286325 33.60761493018915 31.469999313354492 AB 17.23655737388362 1.1359769798253703
62208.2654 lsst_hardware_u 4.891883901961973 2.8993280709379228 28.34000015258789 AB 17.35224409850493 1.14360132459391
62211.2484 lsst_hardware_g 61.67452363995498 15.43286553431789 31.360000610351562 AB 9.456620586966597 1.1378438920667164
62211.2597 lsst_hardware_r 492.57446725359443 31.713862617798192 31.469999313354492 AB 8.59617637368637 1.1455713355866646
62213.229 lsst_hardware_i 787.9773263954389 41.09547080435583 31.25 AB 6.68164418567148 1.1324820653680474
62213.2415 lsst_hardware_z 810.7636548304833 50.508702517684746 30.950000762939453 AB 6.7087734278903906 1.1370802420153203
62216.23 lsst_hardware_r 388.35708526741473 29.64226750087167 31.489999771118164 AB 6.472023870771352 1.1355091883919508
62216.2421 lsst_hardware_u 2.750803081009193 3.014284767708407 28.510000228881836 AB 6.497263734232571 1.1425267040458207
62218.1942 lsst_hardware_u 0.9419003923667321 2.935476046576776 28.479999542236328 AB 7.730924474086719 1.132985194414409
62218.2071 lsst_hardware_g 38.79913902710097 14.894538441467265 31.389999389648438 AB 7.764275458957181 1.1314474784447055
62220.2092 lsst_hardware_z 745.8003009647447 52.35348778552797 30.950000762939453 AB 8.066994540505092 1.132342197754838
62220.22 lsst_hardware_r 272.1933425817623 36.71438471275709 31.559999465942383 AB 7.959052853578103 1.1359257164954686
62222.2176 lsst_hardware_y 608.9782074570891 74.99607740588226 30.780000686645508 AB 7.1658783032712075 1.1374410005192392
62224.2103 lsst_hardware_r 300.1125682660428 95.50607649597956 31.6299991607666 AB 7.7150815072580805 1.1365067711800367
62224.223 lsst_hardware_i 369.2334344786708 77.1183531147599 31.309999465942383 AB 7.600512728617481 1.144612436070583
62228.1965 lsst_hardware_r 194.58775525345274 70.36412027970987 31.6200008392334 AB 9.308685800562515 1.1352055854344532
62228.2078 lsst_hardware_z 583.9121703614559 61.26986671934857 30.959999084472656 AB 9.359920278918455 1.1414536925510312
62230.1853 lsst_hardware_g -5.904131486583994 41.55181305878423 31.65999984741211 AB 5.282349798884809 1.1331866993209554
62230.1967 lsst_hardware_i 402.606396315864 45.738063829207775 31.280000686645508 AB 5.290371205476477 1.1379589600938862
62232.1844 lsst_hardware_z 516.5200106548716 47.79907118061523 30.940000534057617 AB 15.50497545876613 1.1347318105068631
62232.1969 lsst_hardware_r 216.68959157022988 28.443180118235414 31.5 AB 15.59708154764785 1.1414725957001972
62234.1825 lsst_hardware_u -1.5733870079622774 2.962888164231103 28.3700008392334 AB 9.446252551538281 1.1362773718770987
62234.1943 lsst_hardware_g 18.18883988575428 14.123143757141248 31.3700008392334 AB 9.6715002952924 1.1435412705045698
62236.1414 lsst_hardware_g 30.84398528191545 14.088865744815337 31.3799991607666 AB 5.538008910934433 1.134140673957492
62236.1529 lsst_hardware_r 133.2612852630141 25.50384803649071 31.469999313354492 AB 5.485463561761803 1.1316067172278086
62242.1347 lsst_hardware_r 156.744934031435 25.358829161583113 31.479999542236328 AB 18.901180965849946 1.1318072434640687
62242.1472 lsst_hardware_u 0.6001742179801126 2.9186120560458866 28.450000762939453 AB 18.904523355651484 1.1320073865659572
62244.1405 lsst_hardware_g 49.20585639479432 19.745931775714208 32.15999984741211 AB 13.2699231931038 1.1318275262079267
62244.1508 lsst_hardware_i 252.9519978378548 34.291654164153684 31.25 AB 13.289007337371189 1.1344228441542716
62246.1345 lsst_hardware_z 312.1412769978409 45.735977825853745 30.940000534057617 AB 7.179140190385908 1.1317614593355645
62246.146 lsst_hardware_r 175.71649979265322 25.236305049576366 31.479999542236328 AB 7.345323454567972 1.1346757479830034
62250.1101 lsst_hardware_z 256.9432636343423 51.51708643061621 30.950000762939453 AB 10.31712884970463 1.1322573364469524
62250.1216 lsst_hardware_r 163.90843557486517 49.797986880356724 31.600000381469727 AB 10.23055440739349 1.1315733223530018
62252.1115 lsst_hardware_i 176.92093285909397 63.9586595098058 31.309999465942383 AB 11.08851916159358 1.1314815471013855
62252.1224 lsst_hardware_z 339.9855303594446 61.207840578976054 30.969999313354492 AB 11.098416712994242 1.132491501325943
62257.1087 lsst_hardware_g 166.5146181944516 68.39440120795763 31.690000534057617 AB 11.074568249170216 1.132484737618388
62257.1207 lsst_hardware_i 217.7532726772129 57.25513980265118 31.299999237060547 AB 11.093486416786881 1.1367830048627081
62261.1095 lsst_hardware_u 3.0804736352490485 2.559999942779541 28.31999969482422 AB 10.51778714000357 1.1366484661387015
62261.1208 lsst_hardware_g 8.502349990481283 13.319999694824219 31.3700008392334 AB 10.62546043146758 1.143731949351563
62270.0833 lsst_hardware_g -15.072915912271572 13.279999732971191 31.3799991607666 AB 7.2584903062122486 1.1358843493198791
62270.0952 lsst_hardware_i -22.280258413009648 30.84000015258789 31.229999542236328 AB 7.050209981214119 1.1429683838769555
62272.0872 lsst_hardware_z 19.18860056759359 42.2400016784668 30.940000534057617 AB 5.977472960095816 1.1411746773761977
62272.099 lsst_hardware_r 45.92089016041867 22.489999771118164 31.479999542236328 AB 6.227220548739482 1.1508446772755596
62277.0833 lsst_hardware_y -20.56163962514363 48.54999923706055 30.010000228881836 AB 8.065079076461918 1.1489262182148134
62277.095 lsst_hardware_g -8.936197921592578 26.649999618530273 31.59000015258789 AB 8.355333776808752 1.161323264011628
62279.0778 lsst_hardware_r 26.74394755199508 50.959999084472656 31.600000381469727 AB 2.1802134184250477 1.1488916661293571
62280.0203 lsst_hardware_r -13.571120645327891 63.22999954223633 31.6200008392334 AB 8.54245257894745 1.1345186314799727
62280.0324 lsst_hardware_i -69.26711581552297 54.119998931884766 31.299999237060547 AB 8.437056397810995 1.1316679905408311
62282.0186 lsst_hardware_z -22.02220780131112 67.16999816894531 30.979999542236328 AB 6.4568883647671855 1.133267911500581
62282.0318 lsst_hardware_r -63.8756719718141 94.55999755859375 31.639999389648438 AB 6.431620752899985 1.1314809786515343
62285.0191 lsst_hardware_r 6.51892304736582 80.5199966430664 31.6299991607666 AB 10.654372451359821 1.1316380723696164
62285.0301 lsst_hardware_z -10.551239299371373 60.95000076293945 30.969999313354492 AB 10.683118296058279 1.132086008059867
62288.0172 lsst_hardware_r -9.355146556541126 22.030000686645508 31.459999084472656 AB 7.694555754685129 1.1315523168654602
62288.0288 lsst_hardware_u -1.4700048559957661 2.5199999809265137 28.299999237060547 AB 7.709838235885893 1.1337997405714548
62291.0181 lsst_hardware_g 17.191154964109906 13.010000228881836 31.360000610351562 AB 12.822814883571656 1.133049435608876
62291.0298 lsst_hardware_r -0.2616039028933917 22.06999969482422 31.459999084472656 AB 12.865833475062752 1.1378141476951362
62301.9921 lsst_hardware_r -0.7172344204466886 22.170000076293945 31.459999084472656 AB 14.693020809624109 1.1343334215721357
62302.004 lsst_hardware_i -40.95706329621392 30.709999084472656 31.229999542236328 AB 15.093346126775886 1.140339693517035
62303.9929 lsst_hardware_z -20.61543492678327 42.529998779296875 30.940000534057617 AB 8.128393840734928 1.1370768469937649
62304.0057 lsst_hardware_r 22.500936402511094 23.510000228881836 31.479999542236328 AB 6.904806724564221 1.1455823566913121
62305.9905 lsst_hardware_z 11.067348466166413 44.38999938964844 30.950000762939453 AB 7.277213294700696 1.1387549166263509
62306.0029 lsst_hardware_g 44.110660804667106 26.8700008392334 31.59000015258789 AB 4.549303562143351 1.1478478289680447
62307.9978 lsst_hardware_r 41.42556252078275 51.810001373291016 31.600000381469727 AB 5.882260147301762 1.1481688045741756
62308.0089 lsst_hardware_z 100.36761078415918 50.849998474121094 30.950000762939453 AB 4.587416584026432 1.1596098544050333
62309.994 lsst_hardware_r 27.589361924269838 73.77999877929688 31.6299991607666 AB 9.95426760447771 1.1496858608241005
62310.006 lsst_hardware_y 14.790050804970935 53.130001068115234 30.020000457763672 AB 3.7489081891237324 1.1626925015373923
62311.9922 lsst_hardware_z -48.60445143403323 63.63999938964844 30.969999313354492 AB 5.774426025478273 1.153270626218948
62312.0049 lsst_hardware_r 171.1038339440483 89.56999969482422 31.6299991607666 AB 5.911373329966926 1.1683325640621947
62523.3655 lsst_hardware_z -31.49301593571868 58.310001373291016 30.969999313354492 AB 10.085850592444075 1.1316945665039262
62527.3566 lsst_hardware_i 23.591712076091437 40.029998779296875 31.260000228881836 AB 15.832795328482161 1.131520123529187
62527.3691 lsst_hardware_y -101.42205233740435 53.650001525878906 30.010000228881836 AB 15.846881754530557 1.132526836128679
62529.3588 lsst_hardware_z 91.46700603398159 43.45000076293945 30.940000534057617 AB 13.36548049902735 1.1317087636771677
62529.3704 lsst_hardware_y -1.6727929914687554 53.369998931884766 30.020000457763672 AB 13.406461359560868 1.1345863457884706
62531.361 lsst_hardware_r 6.531906663927446 22.969999313354492 31.469999313354492 AB 12.876658175002738 1.1332592453247734
62531.3725 lsst_hardware_y 59.430646127275054 53.02000045776367 30.020000457763672 AB 12.864992297984248 1.1381591534636608
62533.3385 lsst_hardware_i 12.961568225196157 30.799999237060547 31.239999771118164 AB 13.294115323748237 1.1316709032190204
62533.3513 lsst_hardware_z 27.678417724623014 42.220001220703125 30.950000762939453 AB 13.293955047157555 1.132235553641632
62535.3492 lsst_hardware_r -7.227299487198738 22.40999984741211 31.469999313354492 AB 12.127045505581359 1.133015774423671
62535.36 lsst_hardware_g 10.480827877958193 13.510000228881836 31.3799991607666 AB 12.058467611630046 1.1373051696079648
62537.3455 lsst_hardware_r -15.911204616798777 22.25 31.459999084472656 AB 7.898343329959632 1.1335301077500026
62537.3581 lsst_hardware_i -61.70411271261838 30.780000686645508 31.219999313354492 AB 7.836170572962895 1.1393232795245123
62539.3419 lsst_hardware_z -51.63482422441205 41.869998931884766 30.93000030517578 AB 5.4269179258979205 1.1341521266244348
62539.3539 lsst_hardware_i -1.736826771674476 30.559999465942383 31.219999313354492 AB 5.377902687830729 1.1401108093768864
62541.3414 lsst_hardware_u 5.250827435104774 2.569999933242798 28.329999923706055 AB 7.530385426065154 1.136204610883439
62541.3529 lsst_hardware_g -3.925376454687532 13.149999618530273 31.360000610351562 AB 7.563221276401485 1.1432000921629655
62543.2973 lsst_hardware_g 7.976827210321019 13.149999618530273 31.360000610351562 AB 4.338272909299234 1.1353763175344993
62543.3083 lsst_hardware_r -16.00467468611843 22.290000915527344 31.469999313354492 AB 4.2220907161921755 1.1320795592417683
62548.3325 lsst_hardware_g -38.70738043089582 49.45000076293945 31.65999984741211 AB 5.919979097015353 1.14226506888642
62548.3434 lsst_hardware_r 72.34386499782462 48.279998779296875 31.600000381469727 AB 4.20691547307302 1.1515016919521963
62550.3337 lsst_hardware_i -55.47841489108351 68.3499984741211 31.309999465942383 AB 5.968773727845884 1.147565244478901
62550.345 lsst_hardware_z 52.12537680969963 62.5099983215332 30.969999313354492 AB 6.135275689376358 1.1590571201592759
62552.3292 lsst_hardware_i -55.96994820031864 66.29000091552734 31.309999465942383 AB 4.1905847606723805 1.1484200495128476
62552.3409 lsst_hardware_z -30.262794630832932 61.5 30.969999313354492 AB 4.343089689425978 1.1606591157185875
