data/validation/pwv_sim_epoch_fit_epoch/54809140.ecsv
# %ECSV 0.9
# ---
# datatype:
# - {name: time, datatype: float64}
# - {name: band, datatype: string}
# - {name: flux, datatype: float64}
# - {name: fluxerr, datatype: float64}
# - {name: zp, datatype: float64}
# - {name: zpsys, datatype: string}
# - {name: pwv, datatype: float64}
# - {name: airmass, datatype: float64}
# meta: {SNID: '54809140', alt: 1024.0, c: -0.04623403400182724, dec: -0.298417, lat: -30.244573, lon: -70.7499537, ra: 341.894531, t0: 61246.86328125,
#   x0: 9.715132292095382e-06, x1: -0.483756422996521, z: 0.46572843194007874}
# schema: astropy-2.0
time band flux fluxerr zp zpsys pwv airmass
61219.398 lsst_hardware_z -28.691161613701276 55.83396010756834 30.959999084472656 AB 6.0454134879522545 1.1638664846613571
61219.4186 lsst_hardware_r -14.448192099104588 56.64974416206168 31.600000381469727 AB 6.068816679848103 1.1922238255218107
61221.378 lsst_hardware_i -44.279682427831894 73.39576442882473 31.309999465942383 AB 4.7260792803530185 1.1561330648720756
61221.3972 lsst_hardware_z -105.55803607347478 65.80720814578648 30.969999313354492 AB 4.781683974501474 1.168449289199676
61224.3737 lsst_hardware_i 221.7497124927246 81.40312737827038 31.309999465942383 AB 7.588342788850353 1.1572446969156542
61224.3934 lsst_hardware_z 51.66003446400486 73.39273308001769 30.979999542236328 AB 7.577783666304738 1.1737280119221527
61226.3463 lsst_hardware_z 393.8287973509268 103.73061293203402 31.729999542236328 AB 5.289952923039257 1.1600773954033459
61232.3317 lsst_hardware_r 1451.6123328137537 44.88979912013751 31.489999771118164 AB 9.940371931536982 1.1590243026335898
61232.3518 lsst_hardware_i 880.5054223932041 44.25615835839143 31.239999771118164 AB 10.860097838515632 1.1572274924493857
61234.3313 lsst_hardware_z 801.3854025238771 52.23454358991606 30.940000534057617 AB 7.0566343220403285 1.156825298695136
61234.3494 lsst_hardware_u 25.66461699787366 5.510912716857597 28.420000076293945 AB 7.045735583014065 1.1585840138698857
61236.3334 lsst_hardware_g 940.922156860801 35.144548078999115 31.40999984741211 AB 4.30799669803826 1.1557335206002797
61236.3539 lsst_hardware_r 2417.700867055688 54.73740167766497 31.479999542236328 AB 4.39123603488959 1.1660212519621853
61239.2943 lsst_hardware_r 3048.551164464673 60.21419247670134 31.489999771118164 AB 2.1186941055247743 1.177052280847097
61239.3154 lsst_hardware_i 1888.8366011769078 54.22452106911254 31.239999771118164 AB 2.083788681665816 1.1576603787032311
61243.2972 lsst_hardware_z 1748.029185102315 58.85944944524512 30.93000030517578 AB 5.666894453959146 1.1619631851464312
61243.3169 lsst_hardware_i 2214.5656528755585 56.574040270189016 31.229999542236328 AB 5.629564428572271 1.1559680551483102
61245.2882 lsst_hardware_z 1754.8368557928131 62.62786039219061 30.950000762939453 AB 6.888758758704177 1.1649535668609092
61245.3103 lsst_hardware_g 1577.8118956764113 48.0144114064225 31.579999923706055 AB 5.939232786912399 1.1558300645931072
61247.2895 lsst_hardware_r 3757.5424554935753 86.96678258306376 31.610000610351562 AB 12.18983450300591 1.159758452017561
61247.3093 lsst_hardware_i 2625.019636029218 71.08107367780853 31.290000915527344 AB 9.784276587578978 1.15671617917469
61252.2885 lsst_hardware_z 3787.29550390515 148.80095910408454 31.739999771118164 AB 4.146992778145962 1.1557414031713396
61252.3093 lsst_hardware_r 7265.721608542884 218.4554573964852 32.38999938964844 AB 3.943934644486795 1.1651497017120447
61259.2431 lsst_hardware_u 8.604871872031069 4.154464885591817 29.110000610351562 AB 3.697036544067748 1.1724837076170245
61259.264 lsst_hardware_g 959.0431700871607 38.49739194364511 32.16999816894531 AB 4.878834990042647 1.1565559724326222
61267.243 lsst_hardware_g 241.886275158051 22.05445970939147 31.43000030517578 AB 4.988666369077332 1.156345304789028
61267.2626 lsst_hardware_r 1222.6367761302913 43.08059353997891 31.489999771118164 AB 5.454571117870873 1.1605470463555048
61269.2401 lsst_hardware_i 1246.822772201941 48.27332387403524 31.25 AB 4.882492911642206 1.1558932082486284
61269.2593 lsst_hardware_z 878.7337164623667 52.87530467943874 30.950000762939453 AB 4.108888534999047 1.1620981503214445
61273.212 lsst_hardware_z 851.6706164109329 54.34672781404716 30.940000534057617 AB 1.6151059001682433 1.1647398318520985
61273.2309 lsst_hardware_i 1111.3907703238287 49.583877503249354 31.260000228881836 AB 1.6069873555293226 1.1557595604646012
61279.1889 lsst_hardware_z 1426.4806720547751 142.9992596967919 31.739999771118164 AB 2.703379629846499 1.171985388661777
61285.1913 lsst_hardware_g 79.76450663301785 45.234469300529035 31.649999618530273 AB 2.903942868009395 1.157103015543656
61285.209 lsst_hardware_r 414.34332746062535 53.63220391059498 31.600000381469727 AB 2.5265620699862414 1.1580438042792993
61287.1664 lsst_hardware_r 349.0033438055816 31.0867921256226 31.489999771118164 AB 1.6419398115968182 1.1728141511405845
61287.1851 lsst_hardware_i 628.9795119659282 40.55284877501742 31.239999771118164 AB 1.7360661934934225 1.1573774623289483
61298.1262 lsst_hardware_i 422.1936380482444 38.37559484690735 31.229999542236328 AB 1.615970056912459 1.1883589093607985
61298.1435 lsst_hardware_z 262.16440610278715 47.87211406270934 30.940000534057617 AB 1.602610013513968 1.1649697214783574
61300.1287 lsst_hardware_r 221.71507216835448 30.817480215180023 31.510000228881836 AB 0.7705054343117571 1.1757458305876254
61300.1475 lsst_hardware_z 362.4392194884047 47.62350403866396 30.940000534057617 AB 0.5853264657878561 1.1582977555168656
61304.1077 lsst_hardware_r 414.9744135157937 79.17211191102882 32.349998474121094 AB 4.405432185970003 1.1922685212368072
61304.1285 lsst_hardware_i 896.4936033008986 73.56338593246993 32.040000915527344 AB 5.275203966650588 1.1637335024598696
61306.1078 lsst_hardware_z 329.17305025412304 72.42126481610634 30.979999542236328 AB 1.5372593733975886 1.1825072103058374
61306.1273 lsst_hardware_r 198.31113971975316 93.89900076554672 31.6299991607666 AB 1.6037927254286914 1.1604867767215425
61308.1048 lsst_hardware_z 420.967998788442 109.43564151117037 30.989999771118164 AB 5.944168766040366 1.1786969593575978
61308.1253 lsst_hardware_r 571.9580623319958 157.1497242273299 31.639999389648438 AB 6.37740334658777 1.158474722359268
61312.1007 lsst_hardware_r 289.7404986663287 71.49192319279656 31.6200008392334 AB 4.343556764656818 1.1697190569094091
61312.1184 lsst_hardware_z 307.6158706645764 61.44454700830838 30.969999313354492 AB 4.305639193376653 1.1568338517457364
61314.1036 lsst_hardware_g 54.870790051465576 16.43712546017277 31.40999984741211 AB 7.322612757487396 1.1617969840263855
61314.1218 lsst_hardware_r 130.53046909278265 27.82361700501037 31.479999542236328 AB 7.316674866473508 1.1558423737879742
61316.1013 lsst_hardware_i 264.1359176365618 35.91278050877676 31.239999771118164 AB 4.106756525022172 1.15966392837599
61316.1199 lsst_hardware_z 215.37070567977437 45.87543354106556 30.940000534057617 AB 4.098872754427201 1.1564580328488294
61318.0688 lsst_hardware_z 198.82436163985537 46.63009711155156 30.940000534057617 AB 3.363462531968397 1.1935637090021824
61318.0863 lsst_hardware_r 185.924424577576 27.668102511347794 31.489999771118164 AB 4.1704486191086145 1.167538807141168
61320.0698 lsst_hardware_u 1.299778104686548 2.989909430237332 28.440000534057617 AB 5.393538125226893 1.1821453425154835
61320.0888 lsst_hardware_r 159.56251428810378 27.496876584832247 31.5 AB 9.401822214614192 1.1606710276878556
61322.0677 lsst_hardware_i 14.091298595425831 32.40999984741211 31.239999771118164 AB 3.6559367532653932 1.177056263123783
61322.0869 lsst_hardware_z 13.660621613440174 43.189998626708984 30.940000534057617 AB 6.832434792084323 1.1585634397606295
61324.071 lsst_hardware_r 39.760625958382285 24.65999984741211 31.5 AB 3.6065922336142995 1.166426983704183
61324.0901 lsst_hardware_u 2.029192633212512 2.7899999618530273 28.420000076293945 AB 4.85471636091217 1.155884847836231
61327.0672 lsst_hardware_g 24.746777704755637 15.229999542236328 31.40999984741211 AB 8.369954780192206 1.1624937194711398
61327.0845 lsst_hardware_r 36.46696037932132 24.530000686645508 31.489999771118164 AB 8.348389648954324 1.1557530663065683
61329.0697 lsst_hardware_i -9.589728308442215 33.02000045776367 31.239999771118164 AB 9.595576694867226 1.157674337834862
61329.0877 lsst_hardware_z 52.25712885637685 43.65999984741211 30.940000534057617 AB 8.95131046634954 1.1575469373269804
61331.0674 lsst_hardware_r 79.4075658301097 32.4900016784668 31.549999237060547 AB 6.663418092729316 1.1565756930217512
61331.0856 lsst_hardware_g -54.457523476005385 27.139999389648438 31.59000015258789 AB 9.842833956151319 1.1591737325069642
61333.0387 lsst_hardware_z -46.0469839264456 53.02000045776367 30.959999084472656 AB 3.5031995358209858 1.1756031888434193
61333.0573 lsst_hardware_r -46.4806249667021 55.06999969482422 31.610000610351562 AB 3.3350721072795824 1.158346318013169
61336.0397 lsst_hardware_i -72.82802891401712 99.93000030517578 31.31999969482422 AB 4.552283053163149 1.1650116578792449
61336.0576 lsst_hardware_z -194.26385054374526 87.52999877929688 30.989999771118164 AB 5.037224720520856 1.1558569803856118
61338.0399 lsst_hardware_r -153.66999124927716 119.38999938964844 31.6299991607666 AB 4.190287810952086 1.1605034441465307
61338.0578 lsst_hardware_z 7.262584281844962 82.19999694824219 30.979999542236328 AB 4.4228958446054385 1.1560355935454523
61341.0376 lsst_hardware_g -10.13605349932352 15.390000343322754 31.440000534057617 AB 4.12498632434721 1.157403570243325
61341.0558 lsst_hardware_r -37.23179728507148 45.709999084472656 31.600000381469727 AB 3.0377908597164125 1.157915326745619
61344.0088 lsst_hardware_z 20.465181081216123 48.779998779296875 30.959999084472656 AB 5.489192134937042 1.1754158747188528
61344.025 lsst_hardware_i -10.969857445529293 32.90999984741211 31.25 AB 5.449985724626 1.1595714307714893
61571.4057 lsst_hardware_g 27.960379763115036 15.970000267028809 31.420000076293945 AB 13.715954221070021 1.1579204936743241
61571.4252 lsst_hardware_y -80.98939146852419 49.220001220703125 30.0 AB 12.99812460097931 1.1579878929133665
61573.4041 lsst_hardware_i -10.800043284513372 52.45000076293945 31.299999237060547 AB 4.279233820384813 1.1565496811850846
61573.425 lsst_hardware_y 44.83534956813739 51.36000061035156 30.010000228881836 AB 4.179624234848601 1.161006731902389
61575.3638 lsst_hardware_z 99.01064546296384 63.529998779296875 30.969999313354492 AB 3.0815097516860748 1.194692330713181
61575.3872 lsst_hardware_i -31.758443438712195 68.94000244140625 31.309999465942383 AB 3.375305410133722 1.1626288800047473
61581.3812 lsst_hardware_z 31.247917118252133 93.54000091552734 31.719999313354492 AB 5.087788334370875 1.1568632877773661
61584.2897 lsst_hardware_i 8.557436190977672 37.77000045776367 31.229999542236328 AB 7.944024913176132 1.3708412274678154
61584.3161 lsst_hardware_z 46.1497370393508 46.470001220703125 30.940000534057617 AB 6.782340342967815 1.2556595355479974
61586.373 lsst_hardware_i -16.85065667797543 32.88999938964844 31.239999771118164 AB 4.071987917215037 1.1558296671061021
61586.3965 lsst_hardware_u 6.579091330651018 2.859999895095825 28.3700008392334 AB 4.742254650712674 1.1670369510798069
61588.3642 lsst_hardware_g -24.903448172185215 15.539999961853027 31.43000030517578 AB 8.036703094089997 1.1563046991640684
61588.3795 lsst_hardware_r 12.341619663753592 24.969999313354492 31.5 AB 8.545020002170103 1.1583326558452167
61590.3513 lsst_hardware_r 9.199470003463873 24.6299991607666 31.489999771118164 AB 8.47031490419514 1.1592055432045545
61590.3717 lsst_hardware_i 9.883969022121335 32.45000076293945 31.239999771118164 AB 8.30556023389324 1.1573274205940558
61597.2231 lsst_hardware_g -9.2958551228267 26.200000762939453 32.06999969482422 AB 13.27991205965761 1.5999894047780252
61597.2519 lsst_hardware_r -12.127416402072837 35.84000015258789 32.189998626708984 AB 12.031427376370923 1.3838240282602674
61606.2907 lsst_hardware_z 57.44654601477642 85.0199966430664 30.979999542236328 AB 3.3250835170283852 1.1754949977710532
61606.3108 lsst_hardware_i -98.85457635105674 98.61000061035156 31.31999969482422 AB 3.8917725574455906 1.157662692777747
61609.2716 lsst_hardware_z -109.22025768820964 109.62000274658203 31.729999542236328 AB 6.103142371766121 1.1934963245745627
61610.309 lsst_hardware_r -22.933333101084287 76.45999908447266 31.6200008392334 AB 5.999172549133172 1.155798583784447
61610.3272 lsst_hardware_i -57.42719007876299 66.06999969482422 31.299999237060547 AB 6.149160408208556 1.1635119031613688
61616.2949 lsst_hardware_z -55.58384510969826 43.15999984741211 30.940000534057617 AB 5.12453499077099 1.1559318763370774
61616.3151 lsst_hardware_u -0.2994087257295214 2.700000047683716 28.350000381469727 AB 5.203907999311095 1.1675808838481252
61618.2891 lsst_hardware_g -5.731074922428426 21.450000762939453 32.16999816894531 AB 5.094238864367784 1.1558988460540296
61618.3083 lsst_hardware_r -22.09038179128078 34.630001068115234 32.2400016784668 AB 5.626506570102979 1.1662160608210683
61621.2559 lsst_hardware_r 31.738840910370904 24.579999923706055 31.5 AB 1.1535878902503771 1.1679931389642697
61621.2737 lsst_hardware_i -21.214482177615835 32.310001373291016 31.239999771118164 AB 1.1290480734751118 1.1564165996672364
61623.2461 lsst_hardware_z 34.07552640246389 43.38999938964844 30.93000030517578 AB 2.6919658176089656 1.173097643581639
61623.2665 lsst_hardware_i 79.37120916161452 32.369998931884766 31.239999771118164 AB 1.4504620925164182 1.156898977081889
61625.2548 lsst_hardware_u 1.806349219536236 2.7899999618530273 28.420000076293945 AB 3.5367376416717446 1.159776239275863
61625.2732 lsst_hardware_g 6.94130537751392 15.199999809265137 31.420000076293945 AB 3.5872729866520556 1.1564387448910558
61650.1921 lsst_hardware_z -95.65211862400541 43.70000076293945 30.93000030517578 AB 2.9081734576252645 1.1571365592858904
61650.2104 lsst_hardware_i -37.39573644531315 32.72999954223633 31.229999542236328 AB 2.528700159793058 1.1584485728608345
61652.1635 lsst_hardware_r 2.88571437066783 25.079999923706055 31.489999771118164 AB 1.6489021033792794 1.1777872166994854
61652.1812 lsst_hardware_u -0.47226568101132205 2.75 28.3700008392334 AB 1.7395731467695503 1.1597154311797002
61654.1662 lsst_hardware_g -3.2103849498472017 16.270000457763672 31.450000762939453 AB 0.7685608378369937 1.167581979243439
61654.1839 lsst_hardware_r -66.64909000797475 25.020000457763672 31.5 AB 0.7123177707065602 1.1563600173807795
61656.1589 lsst_hardware_i 27.120680102622416 37.220001220703125 31.260000228881836 AB 3.139202050554717 1.1695983794913252
61656.1782 lsst_hardware_z -45.726007175393384 45.310001373291016 30.940000534057617 AB 2.956954362251467 1.1564154721358886
61673.1092 lsst_hardware_i -1.9178979616551657 32.65999984741211 31.229999542236328 AB 5.926336263368134 1.1736093993071273
61673.1277 lsst_hardware_z 48.52127187331349 43.68000030517578 30.940000534057617 AB 6.294732590747802 1.1577584312576423
61679.1004 lsst_hardware_g -2.9407752280407 15.319999694824219 31.43000030517578 AB 7.378861353650344 1.1651446950340034
61679.1181 lsst_hardware_i -59.15060826139403 32.189998626708984 31.239999771118164 AB 7.33664620507611 1.1559538150378954
61681.1018 lsst_hardware_z 1.888095005363727 43.63999938964844 30.940000534057617 AB 4.131007875780769 1.1598524686328786
61681.1213 lsst_hardware_r 12.517082467822787 24.559999465942383 31.479999542236328 AB 4.094779237754918 1.1567172988009595
61683.1022 lsst_hardware_u -0.7769288244073925 3.180000066757202 28.489999771118164 AB 4.156782180872182 1.1570722841675218
61683.1217 lsst_hardware_g 7.809698966903434 16.65999984741211 31.450000762939453 AB 4.086727528529579 1.1591909030009753
61685.0681 lsst_hardware_g 39.740166197718715 27.510000228881836 31.579999923706055 AB 5.494773444432421 1.1861996749813635
61685.0868 lsst_hardware_r -13.467100336188064 32.54999923706055 31.549999237060547 AB 9.224627397958937 1.1627315187074696
61687.0666 lsst_hardware_i 4.259847133372768 48.689998626708984 31.290000915527344 AB 3.6525929602656997 1.1797780879401711
61687.0846 lsst_hardware_z 1.3275899692036557 51.66999816894531 30.950000762939453 AB 6.6154492444037984 1.1603676284505202
61690.0696 lsst_hardware_r 0.18641332587470663 117.47000122070312 31.6299991607666 AB 6.252481966019499 1.1658734145324217
61690.0874 lsst_hardware_z 11.96814071766709 85.19999694824219 30.989999771118164 AB 6.691822431623626 1.1560380228248637
61691.0692 lsst_hardware_z 41.10523842519397 95.77999877929688 30.979999542236328 AB 5.617964019837445 1.1637418995001227
61691.0876 lsst_hardware_i -124.90794618554533 112.94000244140625 31.31999969482422 AB 6.051884095904188 1.1558220198442375
61695.0693 lsst_hardware_y -159.17656640795755 54.369998931884766 30.020000457763672 AB 7.557715505520621 1.157117891069491
61695.0895 lsst_hardware_g 111.10627708062309 87.19000244140625 31.690000534057617 AB 7.973202011715823 1.1595135990667074
61697.0707 lsst_hardware_r -27.886778245682056 24.440000534057617 31.489999771118164 AB 4.375206971296905 1.1558313590956635
61697.0886 lsst_hardware_i -27.316970377133746 32.279998779296875 31.239999771118164 AB 4.885608442530573 1.1626633874143442
61701.0388 lsst_hardware_i 38.128448418062476 32.34000015258789 31.239999771118164 AB 4.586018600348448 1.1666290003430293
61701.0572 lsst_hardware_z 59.11831802364074 43.2400016784668 30.940000534057617 AB 4.980892395878992 1.1560618303072978
61704.0377 lsst_hardware_r 23.728905430414986 24.600000381469727 31.5 AB 4.518254842449873 1.1606845655256242
61704.0546 lsst_hardware_u -3.7174793543907207 2.8299999237060547 28.450000762939453 AB 2.5277698334318393 1.1559482489684871
61708.0403 lsst_hardware_z 22.271214673481957 43.470001220703125 30.93000030517578 AB 5.290012209777513 1.155844695423065
61708.0577 lsst_hardware_r 32.93994597555455 24.65999984741211 31.489999771118164 AB 5.962950476967099 1.1619909990841089
61712.0137 lsst_hardware_z -3.482775909151959 46.61000061035156 30.940000534057617 AB 3.4176620268223457 1.1622394740802038
61712.0329 lsst_hardware_r -3.1435886587163817 25.350000381469727 31.489999771118164 AB 3.3675152271308715 1.1559638058687685
