data/validation/pwv_sim_epoch_fit_epoch/54908822.ecsv
# %ECSV 0.9
# ---
# datatype:
# - {name: time, datatype: float64}
# - {name: band, datatype: string}
# - {name: flux, datatype: float64}
# - {name: fluxerr, datatype: float64}
# - {name: zp, datatype: float64}
# - {name: zpsys, datatype: string}
# - {name: pwv, datatype: float64}
# - {name: airmass, datatype: float64}
# meta: {SNID: '54908822', alt: 1024.0, c: -0.06531260907649994, dec: -5.379379, lat: -30.244573, lon: -70.7499537, ra: 158.378906, t0: 60570.88671875,
#   x0: 0.00010011275143222204, x1: -0.5627613067626953, z: 0.168673574924469}
# schema: astropy-2.0
time band flux fluxerr zp zpsys pwv airmass
60309.3343 lsst_hardware_i -15.657012024045997 73.22000122070312 31.31999969482422 AB 6.549829522735876 1.115845910912157
60309.3548 lsst_hardware_y 90.16685588408735 66.55999755859375 30.049999237060547 AB 6.453486922134026 1.1018417145525057
60311.3324 lsst_hardware_i -14.746379009713285 58.65999984741211 31.309999465942383 AB 5.758382755207344 1.1121220758761405
60311.3534 lsst_hardware_y -120.94811994760181 59.06999969482422 30.040000915527344 AB 4.90549288938384 1.1011619340904273
60313.3389 lsst_hardware_g -9.841046856671555 33.689998626708984 31.649999618530273 AB 3.0018128825920845 1.1036076774235606
60313.3587 lsst_hardware_y 99.88967550462453 62.40999984741211 30.040000915527344 AB 3.0221280654432268 1.1026646229839376
60315.3314 lsst_hardware_i 6.847722338026565 32.599998474121094 31.25 AB 8.14112211161934 1.1046298658913625
60315.3504 lsst_hardware_y -40.791119146948255 49.099998474121094 30.030000686645508 AB 8.412245785783263 1.1018003648701065
60321.2986 lsst_hardware_i -79.40419773706724 31.670000076293945 31.239999771118164 AB 7.7110845058154895 1.1193329228938147
60321.322 lsst_hardware_z 2.229642197558989 42.380001068115234 30.950000762939453 AB 7.49988909332097 1.1018446268346185
60323.2667 lsst_hardware_i 17.187922929679765 32.040000915527344 31.239999771118164 AB 8.384399924893373 1.1691277870589658
60323.2857 lsst_hardware_u 2.2257789652860813 2.700000047683716 28.3799991607666 AB 8.020205099193042 1.1299246406301835
60325.273 lsst_hardware_g 11.374203075111286 14.670000076293945 31.40999984741211 AB 5.10684130326805 1.1427257335574066
60325.2934 lsst_hardware_r 5.453052844712544 23.75 31.5 AB 6.346478679882968 1.1128803962795086
60327.3249 lsst_hardware_i -45.14886097365528 31.489999771118164 31.239999771118164 AB 8.026263462302719 1.1046710198262726
60327.3438 lsst_hardware_r 9.940656318712271 23.850000381469727 31.489999771118164 AB 7.511992885875907 1.122701073961427
60333.3141 lsst_hardware_z 119.16156222887189 58.59000015258789 30.969999313354492 AB 8.7955887392951 1.1083849460393296
60333.335 lsst_hardware_r 54.33815446938843 60.84000015258789 31.6200008392334 AB 7.949232265912311 1.1344161734248375
60335.2361 lsst_hardware_i -37.95224003492104 94.56999969482422 31.31999969482422 AB 16.505631861634086 1.1637206515764154
60335.2559 lsst_hardware_z 23.606003078911563 80.19000244140625 30.989999771118164 AB 14.281745558908323 1.125396110627441
60337.282 lsst_hardware_r 158.81264653585544 117.87999725341797 31.639999389648438 AB 12.944809880800557 1.1011861181421672
60337.3011 lsst_hardware_z -23.532817794459827 83.44000244140625 30.979999542236328 AB 12.95007294307896 1.1068438412888
60339.286 lsst_hardware_r -119.05310907022508 88.69999694824219 31.639999389648438 AB 13.707235525244334 1.102089288461856
60339.3034 lsst_hardware_y -30.832093836650223 56.849998474121094 30.030000686645508 AB 12.396151619759985 1.1135351451647229
60345.2176 lsst_hardware_r -19.15997316641151 24.200000762939453 31.479999542236328 AB 6.148588246352489 1.1442782096189497
60345.2345 lsst_hardware_i 19.295246324524978 32.150001525878906 31.239999771118164 AB 6.027475419729316 1.1175788788125942
60349.2147 lsst_hardware_z 18.60291665391424 42.70000076293945 30.940000534057617 AB 5.9943023200419825 1.1299344618363776
60349.2326 lsst_hardware_r -4.116703646588519 24.010000228881836 31.5 AB 5.918544683590544 1.1086185096635581
60351.2664 lsst_hardware_g -2.3043204432960147 14.989999771118164 31.440000534057617 AB 4.074654565966589 1.1095546607878521
60351.2831 lsst_hardware_i -17.927531030662642 32.029998779296875 31.25 AB 4.152811379879167 1.129837362744009
60353.1948 lsst_hardware_r -13.389363417932692 24.260000228881836 31.479999542236328 AB 4.656427128272616 1.1461974469594132
60353.2106 lsst_hardware_z 83.75540895770442 42.790000915527344 30.940000534057617 AB 5.595003226937816 1.120120766153717
60355.1941 lsst_hardware_r 26.866807779290095 24.540000915527344 31.5 AB 4.400527637870499 1.1370872449277776
60355.2117 lsst_hardware_u -0.8977150385386735 2.7100000381469727 28.3700008392334 AB 3.7079396701964247 1.1126600660754462
60357.1963 lsst_hardware_g -12.672710869301955 15.119999885559082 31.440000534057617 AB 4.74628760528576 1.1247127026743504
60357.2143 lsst_hardware_r 16.254644148251895 24.209999084472656 31.510000228881836 AB 5.079568679788635 1.106057415305092
60360.233 lsst_hardware_i -27.7172380628881 46.2599983215332 31.299999237060547 AB 3.6423295177067967 1.103736217486908
60360.2501 lsst_hardware_z 66.57043516905513 49.150001525878906 30.959999084472656 AB 3.058961720781264 1.118041564613035
60361.2394 lsst_hardware_r -62.95562772249541 69.95999908447266 31.6299991607666 AB 6.196064079715789 1.1098090775059628
60361.2562 lsst_hardware_z -0.3610847932437571 57.66999816894531 30.969999313354492 AB 5.883201343952083 1.1304790412718175
60364.2328 lsst_hardware_z -59.53082379074404 95.91000366210938 30.989999771118164 AB 9.396008108067187 1.1112303362388016
60364.2505 lsst_hardware_i -55.80474778024992 117.05000305175781 31.329999923706055 AB 11.225287577900065 1.1346410510095333
60366.1611 lsst_hardware_r 161.44487212599586 139.24000549316406 31.639999389648438 AB 6.074782952145672 1.1426282238588683
60366.1782 lsst_hardware_z -16.730640885099884 93.55999755859375 30.989999771118164 AB 7.7665193830474095 1.1163604115347596
60368.1608 lsst_hardware_r -67.67615142374936 79.93000030517578 31.6200008392334 AB 6.818796999190655 1.1332552765814616
60368.1774 lsst_hardware_y -26.61667556385081 54.33000183105469 30.020000457763672 AB 6.8315637390440775 1.111501116785695
60370.1603 lsst_hardware_g -12.063648935812758 48.61000061035156 31.65999984741211 AB 3.8654203443687525 1.1254408378606098
60370.1788 lsst_hardware_r -34.25869319340428 50.599998474121094 31.610000610351562 AB 4.302930627285828 1.1060570543961514
60371.1597 lsst_hardware_i 21.848177424301753 40.130001068115234 31.270000457763672 AB 5.426410517018411 1.1224346916989163
60371.1779 lsst_hardware_z 14.2104396274875 46.470001220703125 30.950000762939453 AB 6.0247009033084495 1.1049428525095577
60373.2006 lsst_hardware_r 22.444742475631653 27.31999969482422 31.520000457763672 AB 12.934233397692692 1.1053955557382011
60373.2184 lsst_hardware_u -1.401556467628508 4.0 28.6200008392334 AB 12.166276857875737 1.1229459222258795
60380.1935 lsst_hardware_z -9.827702409090248 42.810001373291016 30.940000534057617 AB 8.898579933565435 1.1157161282524473
60380.2122 lsst_hardware_r 9.879250821026888 24.5 31.489999771118164 AB 8.470481995678279 1.1446597291457132
60385.1305 lsst_hardware_g 11.77288111680589 15.109999656677246 31.420000076293945 AB 9.046228465285282 1.1119563798558094
60385.1505 lsst_hardware_r -9.301782086227314 24.31999969482422 31.5 AB 8.957034746411715 1.1012183490286593
60389.0655 lsst_hardware_r 20.773160259030078 90.37999725341797 32.349998474121094 AB 4.842475490788743 1.2358771111564457
60389.0792 lsst_hardware_z -17.16152099588558 78.63999938964844 31.700000762939453 AB 4.725541458444253 1.189264240202404
60391.171 lsst_hardware_z 14.20921574563604 74.62000274658203 30.979999542236328 AB 7.726581582759402 1.1254215399839034
60391.1916 lsst_hardware_i -28.69805145000224 86.26000213623047 31.309999465942383 AB 8.015075861645716 1.1657444348259483
60392.1544 lsst_hardware_z -1.9028008733358057 89.5 30.989999771118164 AB 5.991280405150958 1.1094963713242514
60392.1738 lsst_hardware_r -50.25818381467482 132.5 31.639999389648438 AB 6.7235640389339135 1.1342044600090797
60395.1103 lsst_hardware_y 172.98273538565033 86.94999694824219 30.790000915527344 AB 7.139281634889005 1.1062079335106791
60397.1405 lsst_hardware_r 5.238933098095291 74.19000244140625 31.6299991607666 AB 7.237366347272841 1.109288256364304
60397.1582 lsst_hardware_i -87.96017733547924 61.150001525878906 31.309999465942383 AB 7.417505228953105 1.1309471278135452
60399.137 lsst_hardware_z 16.56272073585784 48.47999954223633 30.959999084472656 AB 5.630574069958646 1.111005144032882
60399.1546 lsst_hardware_r -64.3320854135754 49.43000030517578 31.600000381469727 AB 5.715352644730946 1.1340547933391432
60401.1351 lsst_hardware_u 1.861450168488768 3.799999952316284 28.6299991607666 AB 9.348839624612307 1.1145493114702527
60401.1525 lsst_hardware_r 28.207700728894213 32.22999954223633 31.549999237060547 AB 9.683907760867756 1.1400880340084478
60415.0501 lsst_hardware_z -4.192154440391058 44.2599983215332 30.959999084472656 AB 18.446166976598843 1.110545874569484
60415.067 lsst_hardware_r 33.13815663613179 30.209999084472656 31.559999465942383 AB 18.267631316356418 1.1014550085231485
60417.0864 lsst_hardware_z -54.653316489455115 50.4900016784668 30.959999084472656 AB 12.539799964467006 1.1097168110147793
60417.1035 lsst_hardware_r 98.27003034383688 50.349998474121094 31.610000610351562 AB 12.778026079137748 1.1307987680652873
60420.033 lsst_hardware_i 52.87703425203427 81.27999877929688 31.31999969482422 AB 8.081388698235182 1.1138932975594376
60420.0457 lsst_hardware_z 47.04459295188137 73.25 30.979999542236328 AB 7.793341773570603 1.1040812863955332
60423.0846 lsst_hardware_r -158.90029514341623 113.11000061035156 31.639999389648438 AB 10.23363070274678 1.126865683284345
60423.1013 lsst_hardware_z 23.848585415547486 77.12000274658203 30.979999542236328 AB 10.500227502193077 1.1587097221577
60426.0078 lsst_hardware_u 6.084568493616408 13.210000038146973 29.260000228881836 AB 5.1410067581547185 1.1248442173006952
60426.0247 lsst_hardware_g -59.14169444898941 72.37000274658203 31.690000534057617 AB 5.184682061086 1.1068526015483364
60429.009 lsst_hardware_r -47.373259864028405 23.799999237060547 31.489999771118164 AB 12.023630459530477 1.1132991166231923
60429.0267 lsst_hardware_i 45.41066603138977 31.549999237060547 31.25 AB 11.90080517187206 1.1019264048029684
60432.0028 lsst_hardware_z -12.774799967526459 42.7599983215332 30.950000762939453 AB 15.228117043045291 1.1113521086222753
60432.0224 lsst_hardware_r 34.366931277778825 24.219999313354492 31.520000457763672 AB 15.022042747277649 1.101188228267146
60436.0399 lsst_hardware_u -2.020464757006333 2.75 28.399999618530273 AB 7.1992151675298475 1.1149473699132488
60436.0583 lsst_hardware_r -11.672708271547545 24.450000762939453 31.5 AB 7.118462677393871 1.142702091242294
60442.9668 lsst_hardware_y 62.059137441386994 49.380001068115234 30.020000457763672 AB 8.093277713883182 1.1177016591469981
60442.9864 lsst_hardware_i 1.6382849989016968 32.70000076293945 31.25 AB 7.928260178876641 1.1025765129162768
60444.9649 lsst_hardware_y -53.33351326117194 52.02000045776367 30.030000686645508 AB 8.09788026828901 1.1137230461132859
60444.9825 lsst_hardware_r 2.1534128055525885 37.7599983215332 31.579999923706055 AB 8.137690223677808 1.102070723683436
60446.9758 lsst_hardware_y -203.96721137780187 74.7699966430664 30.790000915527344 AB 8.166136916000267 1.102464313750233
60453.9607 lsst_hardware_y -231.61678672389937 77.55999755859375 30.790000915527344 AB 5.209728898669924 1.1014226001416332
60453.9894 lsst_hardware_r -79.61994682985014 110.5199966430664 32.38999938964844 AB 5.313339603360503 1.1135186035683904
60457.9558 lsst_hardware_y 12.675256545482224 59.470001220703125 30.040000915527344 AB 10.549101455750842 1.1011109247945905
60457.9747 lsst_hardware_z 49.66986808631834 43.220001220703125 30.950000762939453 AB 9.777992110144998 1.1099372393603688
60459.9557 lsst_hardware_y 51.54709272155874 58.63999938964844 30.040000915527344 AB 10.550010249309699 1.102097316941608
60459.976 lsst_hardware_u -3.9659457312710478 2.859999895095825 28.450000762939453 AB 10.14955766792365 1.1167882412577144
60674.3284 lsst_hardware_i -82.5553443541742 32.2400016784668 31.239999771118164 AB 5.747830569051589 1.1241784178733447
60674.3488 lsst_hardware_y 37.912244969540495 51.77000045776367 30.030000686645508 AB 6.4953940437421815 1.104408418228625
60676.3341 lsst_hardware_i 4.710996023680889 45.380001068115234 32.0 AB 7.936989962939002 1.111120594316437
60676.3547 lsst_hardware_y -129.1982418236457 81.55000305175781 30.790000915527344 AB 7.864526307042451 1.1010686969705068
60678.3379 lsst_hardware_g 29.944630792408894 15.0600004196167 31.43000030517578 AB 6.019505940467402 1.10439518217914
60678.3574 lsst_hardware_y 15.100477377578263 60.61000061035156 30.040000915527344 AB 6.024205501980924 1.1019720129841184
60680.3308 lsst_hardware_i -20.51818328563081 31.770000457763672 31.25 AB 11.08350245567215 1.1053198270414086
60680.3517 lsst_hardware_y -10.599661987921303 50.439998626708984 30.030000686645508 AB 12.285140937130105 1.1019051876518167
60682.3324 lsst_hardware_u 0.26205573419585204 2.75 28.420000076293945 AB 9.1724301029669 1.102135409742791
60682.3522 lsst_hardware_z 9.299109383016233 44.599998474121094 30.950000762939453 AB 7.710451129022237 1.104253652563156
60684.3333 lsst_hardware_r -45.056575558231216 23.84000015258789 31.5 AB 8.340859831862977 1.101043044742924
60684.3533 lsst_hardware_y -39.06888729820497 50.54999923706055 30.030000686645508 AB 8.102681721549152 1.1085643673308612
60686.3362 lsst_hardware_z -52.65642506109603 42.619998931884766 30.950000762939453 AB 7.100913691785911 1.102155708631547
60686.3566 lsst_hardware_y 1.7370984150646398 51.959999084472656 30.020000457763672 AB 7.236680633887522 1.1172027223292216
60688.2692 lsst_hardware_i -14.810161289651385 71.62999725341797 31.309999465942383 AB 5.418641124037642 1.164547845269212
60688.2881 lsst_hardware_z -31.574325877811166 63.9900016784668 30.979999542236328 AB 5.239884777782113 1.1272205609943236
60692.2731 lsst_hardware_i -97.11816044721245 88.2699966430664 31.31999969482422 AB 2.5156006776138153 1.1337918546991679
60692.2916 lsst_hardware_r 119.90830858338863 103.6500015258789 31.639999389648438 AB 2.3764300369347895 1.1100490635740716
60694.3247 lsst_hardware_z 27.482373550353675 85.72000122070312 31.719999313354492 AB 7.309899406365631 1.1075605161160047
60695.3158 lsst_hardware_r -43.81875964467123 53.9900016784668 31.6200008392334 AB 12.086071938841641 1.1037928632451817
60695.3359 lsst_hardware_i 72.66795559575367 49.45000076293945 31.290000915527344 AB 10.996809938833062 1.1220948382779141
60699.1414 lsst_hardware_i 42.93256203055721 35.939998626708984 31.1299991607666 AB 25.919926132894602 1.8396843569292125
60699.1667 lsst_hardware_u -1.7543773927089996 2.390000104904175 28.020000457763672 AB 17.345421762427556 1.5411303209620306
60701.252 lsst_hardware_r 15.868063326543124 24.149999618530273 31.510000228881836 AB 14.306739027625975 1.1281434375838593
60701.2702 lsst_hardware_z -12.088184998313167 42.540000915527344 30.950000762939453 AB 14.132043308185626 1.1074907408863837
60703.2865 lsst_hardware_r 5.6587721414825625 23.760000228881836 31.510000228881836 AB 12.957355614155619 1.1013632957675235
60703.3044 lsst_hardware_u 0.14616521988271758 2.8499999046325684 28.510000228881836 AB 13.00001623617753 1.1111124988185923
60707.2885 lsst_hardware_i -26.69797352939922 31.90999984741211 31.25 AB 11.675031913597842 1.107040338220634
60707.3075 lsst_hardware_z 16.966389050769852 43.040000915527344 30.950000762939453 AB 10.96375160065575 1.1284223549460426
60711.2179 lsst_hardware_u 5.284465635036653 2.8299999237060547 28.469999313354492 AB 6.117300713303544 1.139728116998549
60711.2361 lsst_hardware_g 10.274132025361828 15.109999656677246 31.450000762939453 AB 5.913749618195951 1.1134907961204954
60713.2154 lsst_hardware_r -6.962580300919487 24.420000076293945 31.5 AB 6.657087696399399 1.1344085821754157
60713.2323 lsst_hardware_z 29.77663142144551 42.939998626708984 30.950000762939453 AB 6.513521164405578 1.1118386055884393
60716.2515 lsst_hardware_z -74.59739747085455 60.5099983215332 30.979999542236328 AB 3.7432653676294767 1.101446334450339
60716.2708 lsst_hardware_r 122.50789560016132 76.33999633789062 31.6299991607666 AB 3.8624393546792373 1.1129345496842886
60718.1964 lsst_hardware_i -27.41842832106316 105.54000091552734 31.31999969482422 AB 6.879689379083378 1.1443262440258446
