data/validation/pwv_sim_epoch_fit_epoch/5520642.ecsv
# %ECSV 0.9
# ---
# datatype:
# - {name: time, datatype: float64}
# - {name: band, datatype: string}
# - {name: flux, datatype: float64}
# - {name: fluxerr, datatype: float64}
# - {name: zp, datatype: float64}
# - {name: zpsys, datatype: string}
# - {name: pwv, datatype: float64}
# - {name: airmass, datatype: float64}
# meta: {SNID: '5520642', alt: 1024.0, c: 0.01811167411506176, dec: -26.443335, lat: -30.244573, lon: -70.7499537, ra: 22.148438, t0: 62731.14453125,
#   x0: 3.2161784362292845e-06, x1: 0.05356169864535332, z: 0.7348771095275879}
# schema: astropy-2.0
time band flux fluxerr zp zpsys pwv airmass
[from data line 132]
63141.1413 lsst_hardware_z 15.782144713033912 102.66000366210938 31.729999542236328 AB 4.979481839121047 1.1341922038845298
63143.073 lsst_hardware_z 42.54549991738818 46.790000915527344 30.90999984741211 AB 3.5291353171912423 1.4847014376070076
63143.0921 lsst_hardware_r 78.88005143834428 45.61000061035156 31.549999237060547 AB 2.815313947213663 1.340625689149363
63147.0989 lsst_hardware_z -1.5860197734919779 43.93000030517578 30.920000076293945 AB 10.89950453518481 1.2401772588012754
63147.1182 lsst_hardware_i -47.06565754666168 31.56999969482422 31.229999542236328 AB 10.759231423263394 1.1576119596089691
63149.1005 lsst_hardware_u -0.3018883931918179 2.569999933242798 28.280000686645508 AB 3.8464646873657555 1.2071127215960318
63149.1189 lsst_hardware_g -3.434462839408627 13.949999809265137 31.389999389648438 AB 3.573987481869903 1.1360417933470766
63153.0983 lsst_hardware_r -13.36822911929427 23.049999237060547 31.459999084472656 AB 8.435429849472829 1.1708963250127284
63153.1171 lsst_hardware_i -23.290225174711278 30.8799991607666 31.239999771118164 AB 7.9906716186214926 1.1077768854013943
63155.1001 lsst_hardware_z 10.465992950538817 42.33000183105469 30.940000534057617 AB 8.893172585530657 1.1442579240261361
63155.1193 lsst_hardware_r 11.873138637226658 22.739999771118164 31.479999542236328 AB 8.439503729460423 1.0871446257194928
63157.0985 lsst_hardware_u 1.2255550261047783 2.640000104904175 28.3700008392334 AB 9.771493099385577 1.1312871895090078
63157.1187 lsst_hardware_r 11.748350197380434 22.8700008392334 31.489999771118164 AB 9.178235558269574 1.0754169477050972
63159.1054 lsst_hardware_i 12.762265600061939 31.010000228881836 31.25 AB 3.5587949356300967 1.0948453885955258
63159.1246 lsst_hardware_z -12.218577654620816 41.209999084472656 30.950000762939453 AB 3.4066419532730396 1.051838503519372
63161.1052 lsst_hardware_r 13.822416140018813 25.799999237060547 31.520000457763672 AB 4.740078769440349 1.0815101576849866
63161.1227 lsst_hardware_z 0.9847904445128456 41.68000030517578 30.950000762939453 AB 4.581522647719107 1.0454925602371217
63165.1107 lsst_hardware_z 5.362196346903475 53.11000061035156 30.979999542236328 AB 2.394273204687878 1.0473636066000742
63165.1292 lsst_hardware_r 59.4779979190048 61.52000045776367 31.649999618530273 AB 2.4546872142458516 1.021084531716596
63166.108 lsst_hardware_r 48.582010985112746 78.26000213623047 31.649999618530273 AB 4.4121432296877865 1.0473101783490137
63166.1263 lsst_hardware_z 40.04498887677242 59.58000183105469 30.989999771118164 AB 3.775299144402349 1.021271184238688
63168.1068 lsst_hardware_r 56.62173732146415 110.12000274658203 31.65999984741211 AB 3.0549920606268848 1.0401743481875672
63168.1252 lsst_hardware_i 106.02987027816702 86.62000274658203 31.34000015258789 AB 2.9318724155354734 1.0167755906140017
63170.1098 lsst_hardware_z -21.664370753941032 68.36000061035156 30.989999771118164 AB 5.118200877040083 1.0279575973166188
63170.1288 lsst_hardware_i -16.414167315331373 76.88999938964844 31.34000015258789 AB 3.777288633246011 1.0094304204291853
63172.0021 lsst_hardware_y -47.14460490634288 74.83000183105469 29.940000534057617 AB 12.401785355377669 1.4168611168029144
63172.0211 lsst_hardware_r 34.86027682445041 23.84000015258789 31.450000762939453 AB 11.461655189582666 1.2908723042663661
63181.011 lsst_hardware_y -46.23063768871769 68.94000244140625 30.010000228881836 AB 8.30396494178725 1.2166981599688278
63181.0291 lsst_hardware_g 7.067808086713066 13.890000343322754 31.389999389648438 AB 7.998181527975327 1.1442865460412743
63183.0128 lsst_hardware_z -94.75732353430186 60.06999969482422 30.959999084472656 AB 5.871208482181866 1.1852048412176364
63183.0303 lsst_hardware_i -28.43287933998612 31.260000228881836 31.239999771118164 AB 5.553706049288194 1.1223954155895097
63186.016 lsst_hardware_y 6.813090567136188 62.25 30.020000457763672 AB 7.475926184732407 1.1423801632088233
63186.0346 lsst_hardware_r 28.503103821418016 22.65999984741211 31.489999771118164 AB 7.102232963481462 1.0872845003735097
63187.0162 lsst_hardware_y -96.5677437249583 64.55000305175781 30.030000686645508 AB 3.963916850452933 1.132547671557981
63187.0332 lsst_hardware_r 2.929837661259997 22.860000610351562 31.489999771118164 AB 3.793891068062519 1.0839688765892912
63189.0181 lsst_hardware_y -68.81380175427026 65.73999786376953 30.040000915527344 AB 6.228984450739657 1.109808371078288
63189.0341 lsst_hardware_z 5.680500027303901 41.81999969482422 30.950000762939453 AB 6.142753735322238 1.069172731838403
63193.0219 lsst_hardware_y -16.216652206981177 64.26000213623047 30.049999237060547 AB 8.225871995678938 1.0720076449625027
63193.0381 lsst_hardware_r 11.082921293477144 50.630001068115234 31.6299991607666 AB 7.885930735591274 1.0408752002100345
63195.0353 lsst_hardware_z 39.9744514766229 86.94999694824219 31.729999542236328 AB 6.475492569069847 1.036714662711006
