data/validation/pwv_sim_epoch_fit_epoch/55228530.ecsv
# %ECSV 0.9
# ---
# datatype:
# - {name: time, datatype: float64}
# - {name: band, datatype: string}
# - {name: flux, datatype: float64}
# - {name: fluxerr, datatype: float64}
# - {name: zp, datatype: float64}
# - {name: zpsys, datatype: string}
# - {name: pwv, datatype: float64}
# - {name: airmass, datatype: float64}
# meta: {SNID: '55228530', alt: 1024.0, c: -0.08231072127819061, dec: -35.501846, lat: -30.244573, lon: -70.7499537, ra: 16.523438, t0: 63062.7265625,
#   x0: 2.4366839871304705e-06, x1: 1.1691865921020508, z: 0.8217064738273621}
# schema: astropy-2.0
time band flux fluxerr zp zpsys pwv airmass
63044.3803 lsst_hardware_g 54.29317604463676 19.948367196631924 32.119998931884766 AB 8.288580519343633 1.1554578389205934
63044.4049 lsst_hardware_i 1043.1208457728928 52.736878521008954 31.989999771118164 AB 7.80098946498862 1.0849902476832458
63046.3634 lsst_hardware_z 357.43275170776127 47.02858077682043 30.93000030517578 AB 2.481023470183656 1.198272625058695
63046.3847 lsst_hardware_r 395.06189471967366 30.667680172136855 31.479999542236328 AB 2.593688516795965 1.1239441788802391
63048.3637 lsst_hardware_r 498.27587259839504 31.994743810882035 31.459999084472656 AB 10.159309232502928 1.1758232942076123
63048.3814 lsst_hardware_y 193.71176595175527 49.24441030625623 30.020000457763672 AB 10.84119969018912 1.1176494525968166
63051.368 lsst_hardware_z 563.7624140098551 61.92272858227197 30.969999313354492 AB 8.313397309485861 1.1331943853448097
63051.3874 lsst_hardware_r 592.92832398311 81.23112355968492 31.649999618530273 AB 6.836729779630098 1.081276291688341
63061.3904 lsst_hardware_u 2.273149455207845 3.0954347754691125 28.549999237060547 AB 6.119392640493581 1.0289016629665542
63061.4118 lsst_hardware_r 591.4592576589198 34.45851088156826 31.520000457763672 AB 6.0063718480468475 1.0097712517205644
63063.3218 lsst_hardware_g 70.75886493594237 16.391815022586382 31.350000381469727 AB 3.3958718082910933 1.1793951637963973
63063.3413 lsst_hardware_i 952.5409647669244 42.672167548643515 31.239999771118164 AB 1.4999807966507146 1.1152273581033334
63066.3759 lsst_hardware_z 566.0368971714437 47.131977007409866 30.950000762939453 AB 2.8920126485232482 1.0299496003048696
63066.396 lsst_hardware_r 506.12761476804434 32.08647110356186 31.510000228881836 AB 2.788047318072819 1.0110779031995716
63078.3962 lsst_hardware_r 558.249223906931 39.52909086710395 32.25 AB 4.526080509190874 1.0055163586094693
63078.4324 lsst_hardware_i 1239.3445773200044 59.13305932564846 32.02000045776367 AB 3.6127194655363564 1.035484596136217
63080.2566 lsst_hardware_z 1007.1313072832787 94.24407515688345 31.709999084472656 AB 1.920076875381383 1.2611342367037
63086.2694 lsst_hardware_z 341.883061585753 53.44546607925895 30.950000762939453 AB 3.6092100899909294 1.142878432549376
63086.2895 lsst_hardware_i 437.00620402215947 49.9870414270582 31.299999237060547 AB 3.297483996765291 1.0867243755131135
63089.2643 lsst_hardware_z 336.817464716844 46.08872738962639 30.940000534057617 AB 7.547619453865508 1.1330635321997384
63089.283 lsst_hardware_r 168.79152341735326 27.247466377654387 31.510000228881836 AB 7.300375032803772 1.0827802340173935
63096.2598 lsst_hardware_r 92.0462752659857 24.691602790651867 31.489999771118164 AB 3.2555221259895775 1.0925181920654101
63096.2777 lsst_hardware_i 208.484440985694 33.82633711027023 31.25 AB 3.1540782599591286 1.0546111376608305
63101.281 lsst_hardware_r 104.24334786061354 23.764573109751506 31.489999771118164 AB 1.9678914464123178 1.0291422189901427
63101.2997 lsst_hardware_u -1.9373634069591796 2.6394611596487825 28.40999984741211 AB 2.026329927338437 1.0115633217431776
63107.2631 lsst_hardware_z 418.97285390180804 71.44165366160544 31.719999313354492 AB 6.288324224756652 1.0310418469842026
63112.1867 lsst_hardware_z 278.09308393068625 100.28089715837913 31.719999313354492 AB 1.5052609842170321 1.1844676597112809
63114.176 lsst_hardware_g -26.927633795807935 61.795498043040084 31.649999618530273 AB 2.6235505788633247 1.2054911527936856
63114.1939 lsst_hardware_r 61.55788981690836 62.54610849823605 31.610000610351562 AB 2.446084256130126 1.139834229324383
63122.1687 lsst_hardware_g -6.130130667190688 13.988102053381315 31.3700008392334 AB 2.4379328364434314 1.1508730935216827
63122.1856 lsst_hardware_r 14.571129740150853 23.31297405378481 31.479999542236328 AB 2.316876197641565 1.1006537756016936
63124.1673 lsst_hardware_i 74.13016944809573 32.227550069294686 31.239999771118164 AB 1.1290649109471704 1.1375968876047948
63124.1837 lsst_hardware_r 21.842045981267496 23.37659019895803 31.489999771118164 AB 1.0930377718959852 1.0916731804204596
63126.1677 lsst_hardware_u 1.6790345623001028 2.7780466918102737 28.469999313354492 AB 0.9054664088758632 1.119818293982167
63126.1866 lsst_hardware_g 7.2698254481940765 14.055274100421416 31.420000076293945 AB 0.8664637400284412 1.072577355100058
63131.1827 lsst_hardware_r 1.4373337849799128 32.670537304177124 32.2400016784668 AB 2.3429949912012487 1.0536233799666874
63131.2095 lsst_hardware_u 4.64711742182529 3.809363932277963 29.190000534057617 AB 2.0259402989711117 1.0180604517438008
63133.1809 lsst_hardware_z -21.776106432119104 43.18489101991062 30.950000762939453 AB 4.013033027816779 1.047379101609325
63133.2008 lsst_hardware_i 42.37961804794707 33.47060297777442 31.270000457763672 AB 3.800229479129029 1.0211553081093723
63137.0893 lsst_hardware_z -43.41146504145802 62.229191049214904 30.950000762939453 AB 6.070855950980799 1.3241892467830518
63137.1102 lsst_hardware_r 175.23509816044574 76.73438845277717 31.610000610351562 AB 5.593234336771747 1.2182820329490311
63141.1576 lsst_hardware_z -18.425253749425725 93.92200607112581 31.739999771118164 AB 4.598872657970426 1.049811137871831
63145.1074 lsst_hardware_r 16.608552601108766 23.437001198822117 31.479999542236328 AB 3.921418430100859 1.1458876238545344
63145.1285 lsst_hardware_i 110.44844313965142 31.400110645897353 31.239999771118164 AB 4.708498617161116 1.0865348141597129
63149.109 lsst_hardware_u -0.3058420738124376 2.6046439428346444 28.350000381469727 AB 3.506152654428335 1.1083144158142357
63149.1279 lsst_hardware_g 1.064145814282539 13.617816465065273 31.399999618530273 AB 3.349554212651503 1.064195143018746
63153.1064 lsst_hardware_r 5.063798855761662 22.631040481427412 31.469999313354492 AB 7.856795174393246 1.087144759152241
63153.1258 lsst_hardware_i 54.581387490135555 30.77985943831958 31.25 AB 8.715050694250545 1.0481959701219434
63157.1048 lsst_hardware_u -0.8610789669339652 2.630000114440918 28.389999389648438 AB 9.088836339665088 1.066702228703138
63157.1255 lsst_hardware_r 17.19220388259165 22.15999984741211 31.489999771118164 AB 6.311879081467783 1.0324493467682643
63159.1098 lsst_hardware_i 43.70210330097263 30.270000457763672 31.25 AB 3.415583109455338 1.0475642108436323
63159.1294 lsst_hardware_z 33.237620293317676 40.65999984741211 30.950000762939453 AB 3.4529176049147923 1.0215732558918253
63161.1088 lsst_hardware_r -38.4967824286956 25.309999465942383 31.530000686645508 AB 4.557626220407027 1.0405539315997285
63161.1265 lsst_hardware_z 77.96474967789479 41.04999923706055 30.950000762939453 AB 3.820743764019203 1.0190688175020388
63166.014 lsst_hardware_y 135.70198531449802 56.52000045776367 29.969999313354492 AB 5.576838577611816 1.3020616559593634
63166.0329 lsst_hardware_z 17.548112706810894 61.11000061035156 30.959999084472656 AB 5.184347565325474 1.2102122472845036
63168.0147 lsst_hardware_y -48.9974249062332 61.060001373291016 29.979999542236328 AB 4.0492649203052435 1.2693620439828348
63168.0331 lsst_hardware_z -54.84222844540626 72.36000061035156 30.979999542236328 AB 3.683081531782493 1.1871972273930889
63170.0156 lsst_hardware_y -59.68460811899633 55.779998779296875 29.979999542236328 AB 5.731392548744604 1.2384836148764744
63170.034 lsst_hardware_i 86.83611489592144 67.26000213623047 31.309999465942383 AB 5.404706494776198 1.163490984290662
63172.017 lsst_hardware_y -61.12655415440045 50.209999084472656 29.989999771118164 AB 10.419302502011897 1.2081751509752314
63172.0367 lsst_hardware_r -48.45272613491118 22.459999084472656 31.459999084472656 AB 9.759574735378965 1.1361553824655373
63183.0195 lsst_hardware_z -47.07467423731112 45.5099983215332 30.950000762939453 AB 5.5197883256594995 1.0994864203557864
63183.0373 lsst_hardware_i 3.3002374373316297 30.219999313354492 31.25 AB 5.341987569321449 1.0598831194712044
63186.0222 lsst_hardware_y 7.813943330410417 52.119998931884766 30.040000915527344 AB 7.066574688869771 1.0738115267371229
63186.0412 lsst_hardware_r 5.737516565635462 22.079999923706055 31.489999771118164 AB 6.7602512109537605 1.0395721731459617
63187.0218 lsst_hardware_y 42.83558030385806 51.470001220703125 30.040000915527344 AB 3.7412055582857833 1.068915873795938
63187.0391 lsst_hardware_r 15.444969122402359 22.100000381469727 31.489999771118164 AB 3.6352701302185184 1.0386486086338624
63189.0217 lsst_hardware_y 8.621450205832675 55.70000076293945 30.049999237060547 AB 5.928528542599223 1.0584138078909962
63189.0379 lsst_hardware_z 17.820568008371666 40.939998626708984 30.950000762939453 AB 5.85360927313881 1.0327468724664193
63193.0236 lsst_hardware_y 80.95444057855609 59.810001373291016 30.059999465942383 AB 7.973540042660485 1.0373771400436473
63193.0399 lsst_hardware_r 87.1841869014827 48.97999954223633 31.6299991607666 AB 7.786573942131125 1.0183519950473925
