data/validation/pwv_sim_epoch_fit_epoch/55400607.ecsv
# %ECSV 0.9
# ---
# datatype:
# - {name: time, datatype: float64}
# - {name: band, datatype: string}
# - {name: flux, datatype: float64}
# - {name: fluxerr, datatype: float64}
# - {name: zp, datatype: float64}
# - {name: zpsys, datatype: string}
# - {name: pwv, datatype: float64}
# - {name: airmass, datatype: float64}
# meta: {SNID: '55400607', alt: 1024.0, c: -0.049903176724910736, dec: -5.079716, lat: -30.244573, lon: -70.7499537, ra: 10.371094, t0: 63188.16015625,
#   x0: 2.3504109370397036e-06, x1: -0.12248726189136505, z: 0.8343755006790161}
# schema: astropy-2.0
time band flux fluxerr zp zpsys pwv airmass
63049.4108 lsst_hardware_i -50.887813679598814 33.15999984741211 31.25 AB 8.400476312319261 1.1358518490104883
63049.4298 lsst_hardware_y 80.78587992107569 49.290000915527344 30.030000686645508 AB 8.199127029817573 1.1133311195352806
63057.4007 lsst_hardware_r -45.972976684843786 64.68000030517578 31.6299991607666 AB 10.737362160946345 1.1200308234645004
63057.4209 lsst_hardware_y -0.6750823280871769 52.939998626708984 30.040000915527344 AB 11.583492072033632 1.107011546724036
63065.4224 lsst_hardware_r -19.668486291272455 24.940000534057617 31.510000228881836 AB 2.4147266354348043 1.1134186215261344
63065.4418 lsst_hardware_y 67.12502442442495 66.70999908447266 30.040000915527344 AB 2.4504027461122613 1.13668224335487
63067.348 lsst_hardware_i 2.991619687069437 32.97999954223633 31.239999771118164 AB 3.1229596721559436 1.162572237191603
63067.3633 lsst_hardware_r -16.48194034928297 25.079999923706055 31.5 AB 3.007402759922317 1.1332652887130727
63069.3899 lsst_hardware_u -3.963470915205182 2.809999942779541 28.43000030517578 AB 5.901214478276975 1.1067025136250128
63069.4111 lsst_hardware_g 4.055929277814869 15.680000305175781 31.450000762939453 AB 5.908781218060385 1.1131316757990646
63077.4329 lsst_hardware_z -91.91842579754854 48.959999084472656 30.950000762939453 AB 4.484971183492966 1.1903842829761038
63079.2315 lsst_hardware_r 42.83948371436266 131.88999938964844 32.70000076293945 AB 7.286401993141713 1.6317102212836305
63079.282 lsst_hardware_z 166.71079094043222 80.70999908447266 31.700000762939453 AB 5.625908928324132 1.2721584973974822
63083.2805 lsst_hardware_z -74.28390718054938 108.4000015258789 31.719999313354492 AB 0.3428831470027978 1.233762447986079
63085.3489 lsst_hardware_r 93.58830675478997 85.80000305175781 31.639999389648438 AB 4.697371802598635 1.106478910787995
63085.371 lsst_hardware_i -41.842368931840504 73.33999633789062 31.31999969482422 AB 4.773605589696412 1.116110729412301
63088.2853 lsst_hardware_z -17.331640263248676 46.38999938964844 30.950000762939453 AB 5.105278475035845 1.1757219126114204
63088.3028 lsst_hardware_r -4.7585721712785745 35.189998626708984 31.56999969482422 AB 5.580799799384252 1.1383966409296769
63091.3387 lsst_hardware_u 0.5199206604164143 2.9000000953674316 28.5 AB 5.158891289144495 1.1070978123275856
63091.3566 lsst_hardware_g -24.7254115885557 15.84000015258789 31.459999084472656 AB 5.237815152551943 1.1179968308542032
63094.3355 lsst_hardware_r 5.982720355685535 24.360000610351562 31.510000228881836 AB 6.072713409789383 1.1087663702372434
63094.3533 lsst_hardware_u -3.02042254967012 2.819999933242798 28.459999084472656 AB 6.158062917697602 1.1233924447000794
63100.2293 lsst_hardware_r 23.81071167766362 24.969999313354492 31.479999542236328 AB 2.486458765410243 1.2524663218286076
63100.2371 lsst_hardware_i -28.893787734975888 33.11000061035156 31.229999542236328 AB 2.4298453742895854 1.2228200667425047
63102.2549 lsst_hardware_z 66.87432455632778 43.20000076293945 30.940000534057617 AB 3.274848799826827 1.1570881723617443
63102.2722 lsst_hardware_r -37.91640734159109 24.389999389648438 31.5 AB 3.168187982631789 1.1268675022698877
63110.2436 lsst_hardware_r -145.0551629177249 126.66000366210938 31.639999389648438 AB 1.919090729828039 1.1369582205843727
63110.2606 lsst_hardware_z -103.6346161800918 83.79000091552734 30.989999771118164 AB 1.7904444670970256 1.115541724047991
63113.2332 lsst_hardware_i -23.706420825856753 84.93000030517578 31.31999969482422 AB 1.8920817927796663 1.1407245535244337
63113.2525 lsst_hardware_r 37.82983973546923 102.04000091552734 31.639999389648438 AB 2.4562481080006062 1.115462356040239
63115.2391 lsst_hardware_z -152.45377327952366 76.44999694824219 31.719999313354492 AB 0.4575753287070907 1.1238035088999363
63118.2256 lsst_hardware_r -43.49416183637934 24.530000686645508 31.489999771118164 AB 3.560837293251213 1.130963091393112
63118.2444 lsst_hardware_i -34.57817972670762 32.7599983215332 31.25 AB 3.3738078589519307 1.1112674107219798
63121.1989 lsst_hardware_i -30.500592014465873 32.349998474121094 31.239999771118164 AB 3.117700669930993 1.1665130967564203
63121.2173 lsst_hardware_z 67.53849639585147 42.810001373291016 30.940000534057617 AB 3.442012116794307 1.1311245865245834
63123.1979 lsst_hardware_i -53.18282100059251 32.4900016784668 31.239999771118164 AB 1.0208796375727818 1.1563673448058696
63123.2166 lsst_hardware_u -1.8503971008138944 2.75 28.389999389648438 AB 1.3587310711541225 1.1246222136742634
63125.2032 lsst_hardware_g 11.065751735782245 15.579999923706055 31.440000534057617 AB 3.391875506538516 1.1360529775165682
63125.2197 lsst_hardware_r -17.63907021699773 24.780000686645508 31.5 AB 3.5948725559006416 1.1154962420050367
63128.1814 lsst_hardware_r 10.674199469435731 24.979999542236328 31.5 AB 7.124020288937836 1.1627256877652548
63132.1834 lsst_hardware_g 11.673494743223168 24.899999618530273 32.22999954223633 AB 2.2814725144143817 1.1371825617018725
63132.2046 lsst_hardware_r -2.041626164611412 24.75 31.5 AB 2.1871083063718673 1.1123246313397928
63135.1798 lsst_hardware_i 40.459474873691306 44.970001220703125 31.290000915527344 AB 3.8179385241351245 1.1300691206556879
63136.1747 lsst_hardware_i 66.6342781711797 55.5 31.299999237060547 AB 4.527289515802094 1.1336172729661118
63136.1937 lsst_hardware_z 47.28298759828283 54.79999923706055 30.969999313354492 AB 4.403820848718682 1.1123100438775875
63139.1139 lsst_hardware_i -310.4002977413071 179.0800018310547 32.04999923706055 AB 5.012593795921294 1.2919056175054882
63139.1305 lsst_hardware_r 105.9780762919025 156.55999755859375 31.610000610351562 AB 5.1029978712514765 1.2232515871957195
63146.1483 lsst_hardware_i -7.736035764359328 45.810001373291016 32.0 AB 4.227758500928161 1.132233128261676
63146.1677 lsst_hardware_z -113.00742429236952 60.459999084472656 31.700000762939453 AB 5.064876161999719 1.1114293488891567
63148.145 lsst_hardware_i 38.923111658576154 32.310001373291016 31.25 AB 3.9532795611337384 1.1290783209635582
63148.1628 lsst_hardware_u 2.9118329735819435 2.819999933242798 28.450000762939453 AB 3.9179214582434567 1.1110730828056594
63150.1431 lsst_hardware_g 14.489883741501343 15.40999984741211 31.43000030517578 AB 4.954253200093822 1.1243482563189402
63150.1616 lsst_hardware_r 21.62003311168065 24.520000457763672 31.5 AB 4.9548716616293325 1.1088031467169923
63152.1441 lsst_hardware_i 0.7211870784801557 32.09453848458505 31.239999771118164 AB 6.521792006463234 1.1172234700579418
63152.162 lsst_hardware_r 18.023978154326436 24.457201854759955 31.5 AB 6.545666847126047 1.1069335141702288
63154.1351 lsst_hardware_u -3.1730789371495756 2.8328469673779417 28.459999084472656 AB 6.9420804453442875 1.1208956585593575
63154.1521 lsst_hardware_g -11.588568001394364 15.50237617839591 31.459999084472656 AB 6.827997161327261 1.108216216080801
63156.1367 lsst_hardware_r -23.084082312840216 24.570735760113536 31.510000228881836 AB 7.130328755267223 1.1141138680105036
63156.1547 lsst_hardware_i -30.322197637337375 31.877350676701734 31.25 AB 7.0815874331463595 1.1064980364291186
63158.1305 lsst_hardware_z 11.413591100707686 42.691079511938035 30.940000534057617 AB 4.284246039945583 1.114721432769883
63158.1478 lsst_hardware_r -13.036183991745766 24.565195831744713 31.5 AB 4.0774697244172655 1.1066047741319471
63164.1024 lsst_hardware_i 118.83143134391494 51.490719902764766 31.299999237060547 AB 5.098316027454238 1.1275718295818287
63164.1191 lsst_hardware_r 82.27028752868652 55.84781843813871 31.6200008392334 AB 5.016524548712266 1.1110796342662828
63167.1129 lsst_hardware_z 342.74448636717165 128.96640061097872 31.739999771118164 AB 4.144444883033855 1.1099209649260457
63169.1045 lsst_hardware_r 54.79631542023699 136.08993534652708 31.639999389648438 AB 6.670133770126023 1.1116889616876706
63169.1213 lsst_hardware_i 151.62989489797226 108.94144234598699 31.329999923706055 AB 6.638971301156914 1.1064952168594857
63171.0848 lsst_hardware_i 431.32498831937704 71.03545564674323 31.31999969482422 AB 6.077111709227129 1.1255647555289174
63171.104 lsst_hardware_z 287.44880637329766 65.11100574650712 30.979999542236328 AB 5.999701747439832 1.1089167650254599
63182.0543 lsst_hardware_u -1.9885058373890274 2.7767159087913913 28.350000381469727 AB 5.097315100180926 1.1261673792169957
63182.0734 lsst_hardware_g 81.70976958853288 17.806867322137794 31.43000030517578 AB 4.978820043726427 1.109177397655695
63185.0552 lsst_hardware_r 567.0578301559076 33.90799568279738 31.5 AB 5.969423562261553 1.1160930283747303
63185.0736 lsst_hardware_i 830.8144028759233 43.027355233238296 31.25 AB 5.9576740925733125 1.10665442418018
63188.059 lsst_hardware_z 693.9601373282056 48.7582159723835 30.940000534057617 AB 7.193504300056274 1.1083128110402838
63188.0787 lsst_hardware_u -3.0782965782072806 2.844374189294221 28.43000030517578 AB 7.188249233552672 1.1086988869520107
63190.0584 lsst_hardware_g 63.69367894509744 21.614614161392627 31.530000686645508 AB 7.251555764469163 1.1068965105085538
63190.0763 lsst_hardware_r 504.87689542924625 35.18736013280985 31.530000686645508 AB 7.358183719542615 1.110222358730084
63192.0283 lsst_hardware_y 204.6374425270503 53.6955647697047 30.020000457763672 AB 5.203585853514942 1.1244918105922508
63192.0494 lsst_hardware_i 781.0621920679743 51.927046857890055 31.280000686645508 AB 4.9542094740071185 1.1078285943665291
63194.0285 lsst_hardware_y 264.1966127479115 60.79558221813867 30.040000915527344 AB 8.671375263207015 1.11811767341275
63194.0472 lsst_hardware_i 832.6792084404351 77.81584227763148 31.31999969482422 AB 8.319095511843397 1.1069496378750194
63196.0293 lsst_hardware_y 252.8847661486741 64.45196594719869 30.030000686645508 AB 5.353809585392078 1.112711126549325
63196.0496 lsst_hardware_z 671.978651124157 79.11432655679565 30.979999542236328 AB 4.812139905543244 1.106663067583728
63200.0366 lsst_hardware_z 804.5576594005794 88.1734109651554 31.729999542236328 AB 6.1876565655930245 1.1064864361922375
63203.0275 lsst_hardware_y 242.98336394870645 62.39583248475623 30.040000915527344 AB 7.433192371923034 1.1064658430774377
63203.0465 lsst_hardware_r 229.80351756895695 29.005814354249313 31.5 AB 7.385813665036216 1.1141190745664011
