data/validation/pwv_sim_epoch_fit_epoch/55478862.ecsv
# %ECSV 0.9
# ---
# datatype:
# - {name: time, datatype: float64}
# - {name: band, datatype: string}
# - {name: flux, datatype: float64}
# - {name: fluxerr, datatype: float64}
# - {name: zp, datatype: float64}
# - {name: zpsys, datatype: string}
# - {name: pwv, datatype: float64}
# - {name: airmass, datatype: float64}
# meta: {SNID: '55478862', alt: 1024.0, c: 0.06238023191690445, dec: -32.089951, lat: -30.244573, lon: -70.7499537, ra: 235.371094, t0: 61163.58203125,
#   x0: 3.1540752377312536e-06, x1: 0.39144596457481384, z: 0.7407808303833008}
# schema: astropy-2.0
time band flux fluxerr zp zpsys pwv airmass
61085.3082 lsst_hardware_i -21.032631044630964 35.0 31.209999084472656 AB 3.605441859760311 1.3775249082120937
61085.3273 lsst_hardware_z 43.04145860554524 45.31999969482422 30.93000030517578 AB 3.3675267294832913 1.2640866101664496
61087.31 lsst_hardware_i -47.241995518286636 34.400001525878906 31.219999313354492 AB 6.907637757475372 1.3306095590359217
61087.3294 lsst_hardware_u 5.469475992036733 2.7699999809265137 28.34000015258789 AB 6.301925900559999 1.2272494450944094
61089.3286 lsst_hardware_r 33.44202609662111 25.600000381469727 31.5 AB 5.916914341727121 1.206487096238399
61089.3486 lsst_hardware_z 32.21457977955233 43.29999923706055 30.950000762939453 AB 5.983959178776133 1.1319856568978262
61091.3265 lsst_hardware_r -1.8452778538082837 36.20000076293945 32.25 AB 4.33288323504357 1.192372582225447
61091.3454 lsst_hardware_u -1.2329772006531603 4.119999885559082 29.239999771118164 AB 4.259803772527316 1.1248986679795736
61093.327 lsst_hardware_g 2.252806323016919 15.84000015258789 31.43000030517578 AB 13.009744618491084 1.1689949338207462
61093.3468 lsst_hardware_r -25.204818707916 25.049999237060547 31.510000228881836 AB 10.335748528318605 1.1048663543460386
61095.3049 lsst_hardware_r -14.866401521404947 25.559999465942383 31.469999313354492 AB 12.286018442638262 1.239749256326966
61095.3258 lsst_hardware_i 19.178587290146847 32.95000076293945 31.239999771118164 AB 11.423906889042149 1.1535124716517235
61098.309 lsst_hardware_z -31.711067793341016 44.20000076293945 30.940000534057617 AB 7.222436912032214 1.1858528711981304
61098.3279 lsst_hardware_r -0.19146624379847396 25.18000030517578 31.510000228881836 AB 6.837601616753288 1.120000264824425
61100.3263 lsst_hardware_g 62.52035524701292 47.439998626708984 31.670000076293945 AB 4.568791368707592 1.108750534389482
61100.3471 lsst_hardware_i -9.308400985561958 44.189998626708984 31.290000915527344 AB 4.4823964055907535 1.05914653671535
61104.3091 lsst_hardware_r 8.567817251251967 88.62999725341797 31.6299991607666 AB 10.951279131639783 1.1274094023856198
61104.3299 lsst_hardware_y 79.1335690124539 54.130001068115234 30.040000915527344 AB 10.422702515719664 1.072276111423295
61106.3057 lsst_hardware_z 52.266873189406205 93.38999938964844 31.719999313354492 AB 10.028469844594513 1.1210839742802032
61106.3261 lsst_hardware_r 29.841764846076895 120.29000091552734 32.400001525878906 AB 9.609011527225578 1.0686574451038517
61108.3111 lsst_hardware_i 11.489666582505105 69.9000015258789 31.31999969482422 AB 7.854941578342653 1.0909641081031463
61108.331 lsst_hardware_z -28.64014568666342 64.56999969482422 30.979999542236328 AB 7.548762820113701 1.0484392805713474
61112.3059 lsst_hardware_g 11.585213330145566 20.75 31.549999237060547 AB 14.759879399040969 1.077147244096347
61112.3277 lsst_hardware_i 41.31234143415372 33.18000030517578 31.270000457763672 AB 14.314738424827993 1.0360423706608104
61115.3066 lsst_hardware_z -27.75089073454643 41.84000015258789 30.950000762939453 AB 8.214762662855403 1.0582625008509376
61115.3251 lsst_hardware_r -1.6286337874835322 23.950000762939453 31.520000457763672 AB 7.927499244326108 1.0282100187193568
61119.2572 lsst_hardware_g 2.0065859035049716 15.09000015258789 31.399999618530273 AB 5.819717767652176 1.164603495511219
61119.275 lsst_hardware_r -4.0546310078686165 24.290000915527344 31.489999771118164 AB 5.535724939064145 1.107144987812829
61121.2566 lsst_hardware_i -27.8067899448926 32.0099983215332 31.239999771118164 AB 6.055023914175184 1.1473280746897554
61121.276 lsst_hardware_z 21.324869692136627 42.08000183105469 30.950000762939453 AB 5.738185558494578 1.0899773118994356
61123.2586 lsst_hardware_r -52.10132758708189 24.270000457763672 31.489999771118164 AB 6.853349243005216 1.123177652805383
61123.2752 lsst_hardware_u -2.5848609728738627 2.690000057220459 28.3700008392334 AB 6.58893818301564 1.0786949098376242
61125.2621 lsst_hardware_i -23.227304807523577 31.690000534057617 31.25 AB 7.793458414605874 1.097670199240264
61125.2807 lsst_hardware_z -62.253072994709875 41.77000045776367 30.950000762939453 AB 7.494489653812459 1.0555619230721773
61129.2621 lsst_hardware_y 69.16437307545841 49.99218227795609 30.040000915527344 AB 7.167322508135639 1.0712819343293267
61129.2796 lsst_hardware_r 19.377712078369537 57.55027814107895 31.639999389648438 AB 6.9512001635004514 1.0386164377125175
61132.2549 lsst_hardware_i 10.249539403580934 83.91601476188681 31.329999923706055 AB 8.446108939208859 1.0691277138239061
61132.2748 lsst_hardware_z 70.64458223608987 71.97357783531335 30.989999771118164 AB 8.165029196263585 1.033547999527036
61134.2634 lsst_hardware_r 209.51862166389193 120.74311835235096 31.65999984741211 AB 6.726465769288418 1.0426877815284679
61134.282 lsst_hardware_z 176.6929979890814 80.92426157625505 31.0 AB 6.572425810360623 1.0179811777109
61136.2602 lsst_hardware_r -72.55098801363675 102.87017126563113 31.65999984741211 AB 15.170380270021155 1.039067141782271
61136.2791 lsst_hardware_i 100.41359449037715 88.01842110046806 31.34000015258789 AB 14.825662390548686 1.015456328119773
61138.2565 lsst_hardware_z 159.1497817207246 52.998110828332585 30.969999313354492 AB 8.966409840080896 1.036369502133198
61138.275 lsst_hardware_i 184.77434388394252 52.90541309552918 31.31999969482422 AB 8.722102596454596 1.0141979763319298
61149.1704 lsst_hardware_g 56.9510157689137 17.745783835810652 31.389999389648438 AB 10.653484487755263 1.1833260566206
61149.1897 lsst_hardware_r 532.0226717835859 33.12367719336252 31.5 AB 10.147204892215596 1.1169185351915902
61151.17 lsst_hardware_i 775.8688104701714 42.96056951357176 31.239999771118164 AB 7.913654200535274 1.1640009120222505
61151.189 lsst_hardware_z 539.4808203224283 48.50618376312155 30.950000762939453 AB 7.484243458911342 1.1033689387438863
61153.1652 lsst_hardware_r 733.8881378200741 35.58181772494309 31.489999771118164 AB 6.292014963169041 1.1615848918944092
61153.184 lsst_hardware_u 1.9460744905311387 2.9751934745025483 28.43000030517578 AB 4.488905619308328 1.1021128453985582
61155.1672 lsst_hardware_z 675.404449627127 51.41792997844972 30.940000534057617 AB 14.332195560495464 1.1358982017432506
61155.1879 lsst_hardware_i 1100.5819608233835 47.58653162976394 31.270000457763672 AB 13.678662213757066 1.0785462025434092
61157.1621 lsst_hardware_z 691.1944455453676 56.23956067262933 30.950000762939453 AB 5.146471235872724 1.134729532943917
61157.1803 lsst_hardware_r 877.4311362489226 59.012670183047234 31.6200008392334 AB 3.756963390691306 1.0836091981324127
61159.1723 lsst_hardware_y 666.5027966473918 79.51903555802825 30.790000915527344 AB 10.636709634850956 1.0898640289816321
61163.1648 lsst_hardware_z 812.9912172920391 108.73977865631937 31.0 AB 12.287473914549714 1.0815010266733893
61163.1858 lsst_hardware_r 731.5023736531236 158.80316731307312 31.670000076293945 AB 12.048019913338223 1.0401467593316258
61166.1592 lsst_hardware_z 832.8343913378097 65.43777192017357 30.979999542236328 AB 3.6847975918554687 1.0754869655656376
61166.1793 lsst_hardware_r 821.262411585689 77.53036178902721 31.65999984741211 AB 3.3931892452255616 1.0375139107859843
61168.1601 lsst_hardware_i 1171.1539130129934 52.4302037327237 31.290000915527344 AB 10.393355205247971 1.0618466699272886
61168.1774 lsst_hardware_z 734.9619742312273 53.48000486900457 30.959999084472656 AB 9.095230295904475 1.032287863791899
61170.155 lsst_hardware_r 582.8312338547727 34.29782580409828 31.5 AB 7.53218430287163 1.0611201178030003
61170.1757 lsst_hardware_u 2.0705219796548917 2.7562509087167424 28.43000030517578 AB 6.42360423959003 1.0272288229621582
61175.1296 lsst_hardware_r 482.82120919396135 32.82144209284436 31.510000228881836 AB 7.539818464485699 1.087408467926588
61175.1539 lsst_hardware_i 921.5059220943014 43.20323833805659 31.260000228881836 AB 7.127833634091426 1.0387904251772786
61177.0609 lsst_hardware_g 63.16485203228361 16.326375120814145 31.350000381469727 AB 11.971531425806202 1.3518752668743947
61177.0832 lsst_hardware_r 434.23360443805774 32.103456749068684 31.469999313354492 AB 10.906565268678536 1.2295090863533598
61178.0557 lsst_hardware_i 869.2672382014696 43.363720368215475 31.209999084472656 AB 11.42971749183813 1.3680638555503666
61178.075 lsst_hardware_z 607.3739339165553 50.16407499775864 30.920000076293945 AB 10.42428923431875 1.2559384619661143
61182.0761 lsst_hardware_z 475.9449833650958 49.54135234278064 30.93000030517578 AB 6.110093892115099 1.200509647243184
61182.0947 lsst_hardware_g 18.026231602249553 18.764712444390437 31.489999771118164 AB 5.219928774277377 1.131978193062898
61185.0718 lsst_hardware_r 319.3782120243845 48.03966424369623 31.59000015258789 AB 5.768612830186155 1.184560627712
61185.0933 lsst_hardware_z 637.1210623575442 51.95595349221147 30.959999084472656 AB 6.343787128729855 1.1114177233736806
61187.0521 lsst_hardware_i 605.9725902621939 66.33581648851516 31.290000915527344 AB 7.220965993385759 1.2476292157376803
61187.0715 lsst_hardware_r 236.30666000269517 74.7653280651225 31.6200008392334 AB 6.734440644283932 1.1647754822128131
61189.0586 lsst_hardware_z 843.8299692029265 128.6643755717072 31.729999542236328 AB 11.46664267555063 1.1937890919601917
61196.0705 lsst_hardware_r 120.12675550318232 37.8415599392462 31.579999923706055 AB 10.379454881820646 1.0918367294182738
61196.0906 lsst_hardware_z 251.1004389972572 49.67237015723197 30.959999084472656 AB 9.41682585352534 1.0486929631321733
61198.0508 lsst_hardware_u -2.5902772037737756 2.7663015158737965 28.399999618530273 AB 4.316293301167198 1.1326624158412906
61198.0708 lsst_hardware_g 43.08482581991823 15.52345379053955 31.440000534057617 AB 4.1117084032891205 1.0778447875454802
61221.9656 lsst_hardware_y 60.75409765285876 58.240766989495924 30.0 AB 9.460245504947771 1.2059717642867482
61221.9838 lsst_hardware_r 108.05440671524038 84.36084836760033 31.6299991607666 AB 8.82637063703586 1.1374188965252396
61224.9666 lsst_hardware_y 111.99304020133782 50.55521537388049 30.0 AB 9.595581068214589 1.1690285368086086
61224.9856 lsst_hardware_g 8.489633688831196 15.337917500427734 31.420000076293945 AB 9.104661131746253 1.107117936676851
61230.9662 lsst_hardware_y 110.16833062391031 50.449838911750625 30.030000686645508 AB 8.94457252926169 1.1157702899347208
61230.9849 lsst_hardware_i 35.93588903672668 32.735079843917106 31.260000228881836 AB 8.507767348104954 1.0684794157745625
61232.9669 lsst_hardware_y 73.08140172628217 50.6740361535947 30.030000686645508 AB 11.649976643182399 1.098536222836624
61232.9856 lsst_hardware_i 51.103158115856154 32.37700211413064 31.260000228881836 AB 11.218622281316634 1.0559945670141555
61234.9665 lsst_hardware_y 86.42656342566923 50.68185094690209 30.040000915527344 AB 9.172614470859816 1.0856235688956233
61234.9852 lsst_hardware_g -3.3913649086748405 15.164500339371662 31.459999084472656 AB 8.976414040344299 1.0467917871775154
61236.9675 lsst_hardware_y 67.97053583749181 50.791452058839056 30.040000915527344 AB 4.602495095911754 1.0706796904261215
61236.9872 lsst_hardware_i 56.41710741855498 32.09063826914063 31.25 AB 4.436869699197169 1.0348786423255723
61241.9686 lsst_hardware_y 36.336568782908735 52.35396788824695 30.049999237060547 AB 5.639909452188375 1.042561362780524
61241.9887 lsst_hardware_r 6.322934752849464 35.86774147852653 31.600000381469727 AB 5.570224165765743 1.0164024388599981
61243.968 lsst_hardware_y -44.26154304019345 55.586023733335466 30.059999465942383 AB 3.370666078737944 1.0350049371764414
61243.9878 lsst_hardware_z 56.596884726102616 54.735274957789656 30.979999542236328 AB 3.4518392118978842 1.0122695636064176
61451.3125 lsst_hardware_i -33.37306404634125 34.41999816894531 31.209999084472656 AB 5.211826760521281 1.3363658360310977
61451.3318 lsst_hardware_z -37.70473967058689 44.86000061035156 30.93000030517578 AB 4.902031068623276 1.2320530489785175
61453.3073 lsst_hardware_i -27.102759933038964 34.7599983215332 31.209999084472656 AB 6.595916499911041 1.3347554468622682
61453.3264 lsst_hardware_u 3.5649615468466904 2.7300000190734863 28.290000915527344 AB 6.101379740303045 1.2317724913128625
61455.3069 lsst_hardware_z -74.47089676404086 56.77000045776367 30.950000762939453 AB 3.300667959941819 1.304611841874237
61455.3254 lsst_hardware_r -119.86360685476286 59.060001373291016 31.600000381469727 AB 3.1289247577664976 1.211587515108034
61459.3167 lsst_hardware_z 18.540783855299665 86.41000366210938 31.719999313354492 AB 13.165727561288932 1.2020202283656471
61461.3295 lsst_hardware_i -79.95942163422482 65.26000213623047 31.309999465942383 AB 10.207934991159917 1.1342149990177686
61461.3502 lsst_hardware_z 43.31343811689186 60.2599983215332 30.979999542236328 AB 9.265164511253417 1.0773447106108625
61463.3083 lsst_hardware_z 56.88577003917292 60.93000030517578 30.959999084472656 AB 7.352347943903152 1.1915319575242123
61463.3283 lsst_hardware_r -66.22084680596294 65.61000061035156 31.6200008392334 AB 6.91887206095804 1.1209189244160453
61465.3319 lsst_hardware_g -11.834381758329402 29.139999389648438 31.6299991607666 AB 4.5045051400663825 1.0954535846464937
61465.3522 lsst_hardware_i -18.581506532832584 37.189998626708984 31.280000686645508 AB 4.505487006165163 1.0508424504175309
61467.3003 lsst_hardware_r 66.7254936547303 26.350000381469727 31.5 AB 7.104209447850657 1.1798562504215333
61467.3202 lsst_hardware_z 14.208038884003024 43.36000061035156 30.940000534057617 AB 6.760391829655428 1.1125927718009345
61471.3233 lsst_hardware_r 32.12680159665534 24.329999923706055 31.5 AB 9.66954298699704 1.0764269160633464
61471.3432 lsst_hardware_i -44.3743116885823 31.3799991607666 31.25 AB 8.930731209845733 1.0384571174239225
61473.3061 lsst_hardware_i 23.558450547174655 31.940000534057617 31.239999771118164 AB 7.964122755212168 1.1061281604461344
61473.3249 lsst_hardware_z -54.986341754478154 41.91999816894531 30.950000762939453 AB 7.641131612510375 1.0612682795153299
61475.3091 lsst_hardware_r 0.6275225681137984 24.579999923706055 31.510000228881836 AB 8.71487310505944 1.084141706171511
61475.3298 lsst_hardware_u 2.110390947732687 2.819999933242798 28.469999313354492 AB 8.241777628695731 1.0424053157144089
61478.307 lsst_hardware_g -14.102236289738805 15.180000305175781 31.450000762939453 AB 11.29590013930863 1.0701604376279203
61478.3272 lsst_hardware_i -40.07378169864958 31.329999923706055 31.260000228881836 AB 10.953150550311692 1.0338037329222929
61480.3048 lsst_hardware_z -39.85146347302699 42.0 30.950000762939453 AB 8.179262780480732 1.063277579523025
61480.3265 lsst_hardware_r -17.971341349756216 24.260000228881836 31.520000457763672 AB 7.926131727278777 1.0273109113500773
61482.265 lsst_hardware_r 31.14365564507916 31.639999389648438 31.549999237060547 AB 7.4107291717652535 1.1586505897068875
61482.2833 lsst_hardware_y 48.65677313262305 48.209999084472656 30.030000686645508 AB 7.0264735323449505 1.101270602216961
61488.2668 lsst_hardware_i -91.35408530921424 85.22000122070312 31.329999923706055 AB 6.735973363167789 1.1015942374042746
61488.2848 lsst_hardware_z 104.01101856767694 73.55000305175781 31.0 AB 6.484751977773853 1.059571140945044
61491.2638 lsst_hardware_z 89.08703550956187 70.94000244140625 30.989999771118164 AB 7.564201825549999 1.0881134249172655
61491.2813 lsst_hardware_r -109.52168335096457 87.7699966430664 31.65999984741211 AB 7.29708435137118 1.050696090910177
61495.2649 lsst_hardware_r -34.42200458081237 28.81999969482422 31.549999237060547 AB 4.847047464904905 1.0611455234863785
61495.2833 lsst_hardware_z 3.794557160014969 42.56999969482422 30.959999084472656 AB 4.724114938461138 1.0302851400602233
61498.2556 lsst_hardware_g -14.633955048883836 14.84000015258789 31.450000762939453 AB 6.305684347242679 1.063398009569152
61498.2729 lsst_hardware_r -13.011193054379222 23.540000915527344 31.510000228881836 AB 6.14700505712417 1.0333706072327764
61502.2622 lsst_hardware_r -1.7096900907780443 23.700000762939453 31.510000228881836 AB 8.264443540645736 1.033055442580717
