data/validation/pwv_sim_epoch_fit_epoch/55533456.ecsv
# %ECSV 0.9
# ---
# datatype:
# - {name: time, datatype: float64}
# - {name: band, datatype: string}
# - {name: flux, datatype: float64}
# - {name: fluxerr, datatype: float64}
# - {name: zp, datatype: float64}
# - {name: zpsys, datatype: string}
# - {name: pwv, datatype: float64}
# - {name: airmass, datatype: float64}
# meta: {SNID: '55533456', alt: 1024.0, c: -0.10910184681415558, dec: 0.298417, lat: -30.244573, lon: -70.7499537, ra: 163.300781, t0: 60693.9921875,
#   x0: 1.1668422102756203e-05, x1: 0.24621914327144623, z: 0.43089741468429565}
# schema: astropy-2.0
time band flux fluxerr zp zpsys pwv airmass
[from data line 132]
61090.238 lsst_hardware_u -5.129682069279911 2.9100000858306885 28.5 AB 3.0224206995615197 1.1594593649415899
61090.2559 lsst_hardware_g -15.90943794592981 15.640000343322754 31.440000534057617 AB 2.945586259261983 1.167995080168648
61092.24 lsst_hardware_r -1.481881488676234 25.110000610351562 31.5 AB 6.499246396151159 1.1612017859837698
61092.257 lsst_hardware_z 6.711126983523882 44.040000915527344 30.940000534057617 AB 6.1370027462350345 1.1749207555012828
61096.2193 lsst_hardware_g -5.020847692244906 15.539999961853027 31.43000030517578 AB 9.94653574193099 1.1594388159033648
61096.2367 lsst_hardware_r -40.64161439911455 24.84000015258789 31.489999771118164 AB 10.058613319422049 1.1656529196819372
61099.243 lsst_hardware_r 94.02977214915065 66.91000366210938 31.610000610351562 AB 6.255067189572428 1.1817807805222253
61099.262 lsst_hardware_z 77.49760256636905 56.529998779296875 30.959999084472656 AB 6.650776741984995 1.2192819742089334
61101.2379 lsst_hardware_z -209.68130544838888 97.55000305175781 30.979999542236328 AB 3.863802061872662 1.1823139724212552
61101.2556 lsst_hardware_i -75.45278335821202 114.37000274658203 31.299999237060547 AB 4.251641011106055 1.2169566867014756
61103.2023 lsst_hardware_r -100.66416283477844 171.44000244140625 31.6299991607666 AB 7.488844777726848 1.1594433778799889
61103.221 lsst_hardware_z 36.18439587794724 116.22000122070312 30.989999771118164 AB 6.5169046164560624 1.1685322962983795
61105.2062 lsst_hardware_r 152.13458426752646 93.45999908447266 31.6299991607666 AB 9.063231553549617 1.161952763275592
61105.2238 lsst_hardware_y -17.84868738099399 57.369998931884766 30.010000228881836 AB 9.23108791362755 1.1778353071147774
61107.2009 lsst_hardware_g -30.417103684586838 58.29999923706055 31.670000076293945 AB 12.474692337179366 1.162030910987575
61107.2207 lsst_hardware_r 45.15028981367249 58.25 31.610000610351562 AB 12.738687578339539 1.1811120884849338
61111.1985 lsst_hardware_r 16.872178133794296 27.399999618530273 31.520000457763672 AB 9.314259981331418 1.1679322860603734
61111.2164 lsst_hardware_u -0.9793670689439278 3.6600000858306885 28.59000015258789 AB 8.81945769291255 1.1918186071503445
61113.1976 lsst_hardware_g 19.683386420392193 15.65999984741211 31.43000030517578 AB 13.080535143720725 1.1725112176156816
61113.2172 lsst_hardware_i 11.059979031222195 33.0099983215332 31.229999542236328 AB 13.576490926908654 1.2040699682416243
61114.1977 lsst_hardware_z 34.956539845245295 43.65999984741211 30.93000030517578 AB 12.12411276275293 1.1758615788655553
61114.2164 lsst_hardware_r -35.40363298047103 25.059999465942383 31.479999542236328 AB 11.036432684999427 1.208280346507471
61116.1975 lsst_hardware_u 1.155178324298979 2.7100000381469727 28.329999923706055 AB 10.173475778163217 1.1831457332334407
61116.2157 lsst_hardware_g 13.841527088788737 15.529999732971191 31.389999389648438 AB 10.069981815418604 1.2195690705363451
61120.1609 lsst_hardware_i -13.315138663403781 32.470001220703125 31.229999542236328 AB 6.0465153012291415 1.1602811803749853
61120.1795 lsst_hardware_z -5.249197998118895 43.61000061035156 30.93000030517578 AB 6.22042216790678 1.1736645599824114
61122.1602 lsst_hardware_r -11.368823176787057 24.690000534057617 31.489999771118164 AB 8.64140353518685 1.1621558526722962
61122.1791 lsst_hardware_u 1.3747794062259835 2.740000009536743 28.3700008392334 AB 8.11437867514774 1.1801874300265918
61124.1016 lsst_hardware_g 6.9818177340796295 18.329999923706055 31.459999084472656 AB 10.755714264869146 1.201778163265887
61124.1188 lsst_hardware_i -18.049167044641447 33.7599983215332 31.229999542236328 AB 10.492121029601243 1.174009290545041
61126.1434 lsst_hardware_z -99.49003720593356 48.97999954223633 30.950000762939453 AB 8.003943887531628 1.1599918677582068
61126.161 lsst_hardware_r -34.460137622978785 42.27000045776367 31.579999923706055 AB 8.08202432453654 1.1713078731212376
61128.1517 lsst_hardware_y 79.7258751202438 80.33999633789062 30.770000457763672 AB 7.7068765731459346 1.1675906332409758
61133.1434 lsst_hardware_z -29.14322791961897 77.5199966430664 30.969999313354492 AB 7.312581356016503 1.1729688985870799
61133.1608 lsst_hardware_r -80.24465987538332 114.9000015258789 31.6200008392334 AB 7.546871628439854 1.2003454019547117
61135.1372 lsst_hardware_z 22.77637154551994 55.90999984741211 30.959999084472656 AB 8.212429717143182 1.1721437343084613
61135.156 lsst_hardware_r -56.67281561310041 68.70999908447266 31.610000610351562 AB 8.441129230468462 1.201698272263341
61139.1355 lsst_hardware_r 9.250104594148375 30.530000686645508 31.520000457763672 AB 8.094605908297483 1.1843742641447776
61139.1533 lsst_hardware_u -1.288806304143586 4.289999961853027 28.610000610351562 AB 8.333482550821676 1.2205759869383634
61142.1241 lsst_hardware_g -34.49299750905197 15.289999961853027 31.43000030517578 AB 8.074810307770399 1.179636771605814
61142.1412 lsst_hardware_r 24.90213351304487 24.809999465942383 31.489999771118164 AB 7.6300687988791775 1.2111220315681235
61148.092 lsst_hardware_z -12.948435780592732 43.70000076293945 30.940000534057617 AB 13.150332016773287 1.1637461961746272
61148.1088 lsst_hardware_r -15.890622784493758 24.760000228881836 31.489999771118164 AB 13.347316131718742 1.1811784187361718
61152.0896 lsst_hardware_i 73.45692386502934 32.369998931884766 31.239999771118164 AB 10.65266311318017 1.1708796563178907
61152.1067 lsst_hardware_z 14.348566514742618 43.790000915527344 30.940000534057617 AB 11.007739951014797 1.1959734844649381
61156.0803 lsst_hardware_y 43.75242487444959 55.84000015258789 30.010000228881836 AB 12.524886958996502 1.1726324275814277
61156.098 lsst_hardware_r -54.661609093461266 77.02999877929688 31.610000610351562 AB 11.763415246890137 1.2003484945806262
61160.0824 lsst_hardware_r -64.99498295629354 113.91000366210938 31.6200008392334 AB 12.656056613326141 1.191447954874626
61160.1 lsst_hardware_z 77.9996791432024 79.37000274658203 30.969999313354492 AB 12.805525862336284 1.2313005636861811
61164.048 lsst_hardware_i -32.01330271854733 55.81999969482422 31.299999237060547 AB 12.709473800539007 1.1635515701308254
61164.0658 lsst_hardware_z -128.27280817442687 55.27000045776367 30.959999084472656 AB 12.907542134501577 1.182189784872683
61167.0464 lsst_hardware_r 5.851551606744414 24.889999389648438 31.489999771118164 AB 7.442080575534739 1.1686684320877416
61167.0636 lsst_hardware_u 2.4155804722951153 2.7300000190734863 28.350000381469727 AB 7.4053559071925745 1.192008999145686
61171.0432 lsst_hardware_i -6.672929531706065 32.90999984741211 31.239999771118164 AB 9.028084122290528 1.1773202506790517
61171.0615 lsst_hardware_z 23.003616797597825 44.41999816894531 30.93000030517578 AB 9.301961072843978 1.2099456167592433
61173.9986 lsst_hardware_r -6.747874804592574 25.1200008392334 31.489999771118164 AB 8.463723044874385 1.1611638146350152
61174.0191 lsst_hardware_g 0.10348824593459799 15.720000267028809 31.420000076293945 AB 6.85075698061718 1.16262316175089
61175.9971 lsst_hardware_r 51.24428752751245 24.959999084472656 31.5 AB 8.39443624038549 1.1599331546753475
61176.0175 lsst_hardware_i -27.523635656814115 32.56999969482422 31.229999542236328 AB 6.173763738545875 1.1650809093311711
61179.9647 lsst_hardware_y 86.5582622847715 51.029998779296875 30.0 AB 8.921666795008 1.17545017062029
61179.9861 lsst_hardware_u -3.486553773219271 2.759999990463257 28.329999923706055 AB 8.802861831006046 1.1599501687977714
61180.9595 lsst_hardware_y 62.499224280771216 78.87000274658203 30.760000228881836 AB 8.348813724477472 1.1786560552203489
61180.9746 lsst_hardware_r -3.3005986849187754 38.279998779296875 32.27000045776367 AB 8.303392425188102 1.1636871136030462
61182.9713 lsst_hardware_z -10.438694904906269 70.30999755859375 31.700000762939453 AB 2.2551220358274637 1.1624340390863215
61185.9608 lsst_hardware_y -0.22227345634000875 61.09000015258789 30.020000457763672 AB 6.740041844404323 1.1637817222488895
61185.9799 lsst_hardware_z -62.509367425790614 65.75 30.969999313354492 AB 6.705043478476732 1.1600755751567344
61187.9572 lsst_hardware_y -52.02820144386384 62.209999084472656 30.020000457763672 AB 7.780052445312926 1.1626768953616895
61187.9767 lsst_hardware_i 120.10889764269689 65.23999786376953 31.309999465942383 AB 7.516456991711557 1.160753145195206
