data/validation/pwv_sim_epoch_fit_epoch/55746537.ecsv
# %ECSV 0.9
# ---
# datatype:
# - {name: time, datatype: float64}
# - {name: band, datatype: string}
# - {name: flux, datatype: float64}
# - {name: fluxerr, datatype: float64}
# - {name: zp, datatype: float64}
# - {name: zpsys, datatype: string}
# - {name: pwv, datatype: float64}
# - {name: airmass, datatype: float64}
# meta: {SNID: '55746537', alt: 1024.0, c: 0.01627844199538231, dec: 2.388015, lat: -30.244573, lon: -70.7499537, ra: 136.933594, t0: 60304.34765625,
#   x0: 2.1969528342554693e-05, x1: 0.8161485195159912, z: 0.3295972943305969}
# schema: astropy-2.0
time band flux fluxerr zp zpsys pwv airmass
60292.3376 lsst_hardware_r 3841.0574492940805 67.67382424844952 31.489999771118164 AB 10.061491604849099 1.188739556338475
60294.3346 lsst_hardware_r 4862.131973322113 73.83549964115856 31.489999771118164 AB 12.681819696932697 1.1876591166260022
60294.353 lsst_hardware_y 1172.1673408343263 72.1700944732865 30.010000228881836 AB 12.690420730695086 1.1888683617153348
60296.3051 lsst_hardware_z 2946.6575014214654 68.24980579209732 30.93000030517578 AB 8.455532476473252 1.2111051529921106
60296.324 lsst_hardware_y 973.8796443074366 56.548510935829285 30.0 AB 8.310805862650898 1.1902477694185487
60300.3088 lsst_hardware_u 88.25468116391659 10.238104981645291 29.1200008392334 AB 7.1245365010261965 1.1933896986643544
60300.3287 lsst_hardware_y 1014.462464138542 56.565815862751776 30.0 AB 7.160649883972316 1.1863400837715548
60305.2701 lsst_hardware_i 5633.688794233549 115.51727928034012 31.299999237060547 AB 7.729438341483096 1.2306716391279944
60305.2899 lsst_hardware_z 3571.9858206984454 95.56038515158205 30.969999313354492 AB 7.537584931702992 1.1984870901463596
60307.2917 lsst_hardware_r 6959.340400665145 146.9114401291737 31.6200008392334 AB 8.284158531468542 1.1917937752077095
60307.3121 lsst_hardware_z 3721.883234561567 101.6487939932533 30.979999542236328 AB 8.276985402052995 1.1868063666463846
60311.2834 lsst_hardware_z 3327.815162915945 77.5419321120733 30.950000762939453 AB 5.813241945131723 1.1900188219307517
60311.3061 lsst_hardware_i 5368.483294858236 89.22932962944476 31.290000915527344 AB 6.175047033410189 1.188613846217995
60313.2906 lsst_hardware_z 3074.945649032394 70.92608730752735 30.940000534057617 AB 3.28399201205871 1.1861633249467045
60313.3127 lsst_hardware_g 3155.0681849834855 63.83205658156214 31.579999923706055 AB 3.9140941811654564 1.1980698442502162
60315.2502 lsst_hardware_g 2420.4874914768543 52.078023583046466 31.420000076293945 AB 9.162516041886313 1.2161555670143747
60315.285 lsst_hardware_r 10467.709337841412 108.2776352661459 32.25 AB 9.008506940685667 1.186162255181575
60315.3153 lsst_hardware_i 4527.845641859221 74.89523063192593 31.229999542236328 AB 8.889389849677166 1.2084816834272798
60317.2554 lsst_hardware_i 4283.283375635732 72.22890723237522 31.229999542236328 AB 10.684227307764502 1.2004749784005058
60317.2758 lsst_hardware_z 2462.6434439680343 64.6926721934191 30.940000534057617 AB 10.560003188970315 1.1865172122438556
60319.2579 lsst_hardware_r 4228.293933348095 68.97033806694459 31.469999313354492 AB 7.928877960361282 1.192581478583332
60319.2768 lsst_hardware_g 1787.764602243457 44.69099748981212 31.3799991607666 AB 7.884601986590605 1.1863234134422593
60321.2522 lsst_hardware_r 3698.3341486277177 65.89742663634287 31.479999542236328 AB 6.927019440838965 1.1927713199894883
60321.2732 lsst_hardware_i 3715.2109752984193 68.30708255461346 31.239999771118164 AB 6.932351076290377 1.1866400335998593
60323.225 lsst_hardware_z 1918.864646839208 61.47922922897265 30.93000030517578 AB 9.656586458406704 1.222352716254013
60323.2442 lsst_hardware_i 3421.300589885538 66.02628990553687 31.239999771118164 AB 9.409813836259891 1.1949728663737242
60325.2331 lsst_hardware_u 1.1966417483789793 4.062020527537902 28.360000610351562 AB 6.066561930575641 1.201021928381362
60325.2512 lsst_hardware_g 1119.7361757773674 36.00439496074546 31.40999984741211 AB 5.509832557325799 1.187208049413034
60327.236 lsst_hardware_r 2526.1867730997806 56.44633152124007 31.479999542236328 AB 7.930945538029099 1.1926233891773128
60327.257 lsst_hardware_i 2979.835874724002 62.742320161212035 31.229999542236328 AB 8.768753347452186 1.1866771942600398
60329.2323 lsst_hardware_z 1910.5483768404986 60.60684879415317 30.93000030517578 AB 11.922914930591292 1.1912987441057155
60329.2516 lsst_hardware_u -1.6111069402689697 2.89367267511076 28.239999771118164 AB 14.045459379039327 1.186689520161039
60331.1948 lsst_hardware_r 2204.390980435495 78.63976660647202 31.59000015258789 AB 12.079942778628675 1.2405589503084646
60331.2139 lsst_hardware_g 831.756679464631 68.37400200190598 31.65999984741211 AB 11.444177052032767 1.2046502160034491
60333.1982 lsst_hardware_r 2163.8968738148506 118.30515138473362 31.610000610351562 AB 13.874858529631723 1.2213783916929404
60333.2189 lsst_hardware_i 2620.1633204133786 101.46994365190929 31.309999465942383 AB 11.784076032191694 1.1932033244422533
60335.1939 lsst_hardware_z 1935.509604377131 109.15629039850892 30.979999542236328 AB 17.002902896857172 1.2191956759541929
60335.2138 lsst_hardware_i 2736.1874839314837 127.35588020684682 31.309999465942383 AB 16.86530563715304 1.1929060430862177
60337.1845 lsst_hardware_z 4007.7735237004526 132.5161848472982 31.729999542236328 AB 13.119719248192009 1.2269064134842902
60339.1785 lsst_hardware_r 1289.848662278564 79.482004645562 31.600000381469727 AB 15.0642402913709 1.2280296968591262
60339.1951 lsst_hardware_i 2359.8067059605823 76.79221019193291 31.290000915527344 AB 14.788355547284217 1.2007433864310018
60345.1786 lsst_hardware_g 272.0499860646099 21.79732631830611 31.399999618530273 AB 8.385765399612449 1.2008829155967726
60345.1974 lsst_hardware_r 841.5670326863607 39.27589943290586 31.479999542236328 AB 8.160325646623932 1.1869564576907536
60349.1765 lsst_hardware_i 1509.6598787975654 50.86189850022467 31.229999542236328 AB 6.714694950463694 1.1921693112026335
60349.1939 lsst_hardware_z 1329.7487616662918 56.54737496013553 30.940000534057617 AB 6.633268269114299 1.1862067720161478
60351.158 lsst_hardware_i 1418.187636988447 50.21377313831547 31.239999771118164 AB 2.467081936980279 1.206446197634922
60351.1752 lsst_hardware_u 0.028027684134687765 2.9100817067635845 28.399999618530273 AB 3.211389215101461 1.189403413000541
60353.1604 lsst_hardware_g 213.15481505553345 20.696242385702675 31.389999389648438 AB 4.4112344318845205 1.1968078947007517
60353.1774 lsst_hardware_r 651.8514361068125 35.858655265144435 31.469999313354492 AB 4.784344937990374 1.186519917661448
60355.1578 lsst_hardware_i 1182.1400679267895 47.78618768436899 31.229999542236328 AB 3.53347831958771 1.19407884638278
60355.1751 lsst_hardware_r 696.2176979765702 35.40077894673371 31.479999542236328 AB 4.540609200395747 1.1861570533949184
60357.1605 lsst_hardware_z 963.6859553185153 54.48549171144643 30.940000534057617 AB 3.5150593920905604 1.1885238857448543
60357.1765 lsst_hardware_g 199.59130859938585 20.82426438040014 31.40999984741211 AB 5.025678960247087 1.1870280581617412
60360.1257 lsst_hardware_z 906.0489251633304 67.33256984923855 30.959999084472656 AB 4.738143834180925 1.2190764581940632
60360.1424 lsst_hardware_r 569.6913350133497 76.836413537765 31.610000610351562 AB 4.65115319376878 1.1956948161962708
60361.1275 lsst_hardware_i 1090.8190681786275 81.22960415894275 31.299999237060547 AB 6.0624563098982485 1.211279981997652
60361.1455 lsst_hardware_z 811.4230542107315 73.59543616115943 30.969999313354492 AB 5.992649225461819 1.1908883117585796
60364.1214 lsst_hardware_i 1050.9781675363863 121.94774845983804 31.309999465942383 AB 9.47113569074995 1.2080530217793104
60364.1399 lsst_hardware_z 544.7032377787062 102.65538197962236 30.979999542236328 AB 11.043749780462113 1.189290305886508
60368.1203 lsst_hardware_i 967.7203824692401 63.928522065935574 31.290000915527344 AB 6.3782684497217925 1.1959440209481635
60368.1397 lsst_hardware_r 572.0342174390822 70.61388414948681 31.610000610351562 AB 7.128762141419284 1.1861501067253386
60370.1231 lsst_hardware_z 625.2835463652106 53.58716298079778 30.940000534057617 AB 3.562625796636793 1.1895244730005987
60370.1406 lsst_hardware_g 131.28536078057644 44.91384597959318 31.6299991607666 AB 4.059728731866325 1.1869105806406601
60371.1201 lsst_hardware_r -9.301653602884691 31.700000762939453 31.540000915527344 AB 6.881111986411849 1.1896804955760456
60371.1379 lsst_hardware_i -18.380422696342265 37.66999816894531 31.25 AB 5.873466648993043 1.186918591288884
60373.088 lsst_hardware_i -5.4074252330595565 32.70000076293945 31.219999313354492 AB 12.616237252695027 1.2232740827745152
60373.1068 lsst_hardware_z -42.835114025702296 43.86000061035156 30.93000030517578 AB 12.354339770894981 1.1957934250491198
60380.0782 lsst_hardware_g 5.22789548311827 15.010000228881836 31.399999618530273 AB 9.365673249583578 1.2073315464399432
60380.0989 lsst_hardware_r -15.400814362227894 24.459999084472656 31.479999542236328 AB 9.37393280235344 1.187977289923114
60385.0843 lsst_hardware_z 24.14700176893348 44.220001220703125 30.940000534057617 AB 9.103525363502936 1.188398071907627
60385.1056 lsst_hardware_g -1.1494953313427883 16.6200008392334 31.440000534057617 AB 9.15081485059867 1.1893958039857897
60387.0807 lsst_hardware_r -78.29071522009644 44.099998474121094 31.579999923706055 AB 8.729332233148217 1.1876103895263095
60387.1001 lsst_hardware_i 7.518322838292438 43.54999923706055 31.270000457763672 AB 9.645818668916291 1.1893734486949805
60391.0932 lsst_hardware_z -99.10384490818376 112.87000274658203 31.719999313354492 AB 7.271355104383991 1.1920254269481954
60392.0739 lsst_hardware_r -108.52397917913227 120.27999877929688 31.6200008392334 AB 5.025352490801536 1.1861571575456027
60392.094 lsst_hardware_z 72.18618000653929 85.01000213623047 30.969999313354492 AB 6.551952658240676 1.1950121122138846
60395.0663 lsst_hardware_r -86.72603172128665 96.81999969482422 31.6200008392334 AB 7.434319223293444 1.1861382582502624
60395.0844 lsst_hardware_y -98.5130690333317 57.27000045776367 30.0 AB 7.652712032494294 1.1937466772817638
60399.0262 lsst_hardware_r -29.37313530972901 24.540000915527344 31.459999084472656 AB 7.196534129151348 1.2075059362652225
60399.0451 lsst_hardware_i -39.11884241165903 32.689998626708984 31.219999313354492 AB 5.683620220376261 1.1888760745453126
60401.0247 lsst_hardware_z -21.10602534884037 43.7400016784668 30.93000030517578 AB 9.286627942155308 1.2021006138447499
60401.0431 lsst_hardware_r 31.77403732129012 24.18000030517578 31.469999313354492 AB 10.309943673438909 1.187382543128449
60403.0244 lsst_hardware_u 3.6365295932654327 2.640000104904175 28.299999237060547 AB 6.100971181605993 1.19626885913843
60403.0438 lsst_hardware_g -7.752302528145019 14.75 31.3799991607666 AB 5.778969999838657 1.18615968798002
60413.0116 lsst_hardware_g -14.911753468210284 16.100000381469727 31.459999084472656 AB 5.953504354334027 1.18698166166027
60413.0289 lsst_hardware_r -30.10965326423306 24.8700008392334 31.5 AB 6.012101381807417 1.189259141858252
60416.9786 lsst_hardware_y -59.651553276249054 58.54999923706055 30.010000228881836 AB 13.614693203617906 1.20529342483836
60416.9962 lsst_hardware_r 37.111799106155125 58.939998626708984 31.610000610351562 AB 13.362427426444885 1.1887487424277636
60419.9682 lsst_hardware_y 31.15907515152796 75.20999908447266 30.010000228881836 AB 8.717603065341404 1.2084843212432055
60419.9733 lsst_hardware_z -47.7281706698446 70.52999877929688 30.969999313354492 AB 8.655914514406446 1.2015011298062266
60422.9734 lsst_hardware_y 163.1757536544154 59.11000061035156 30.0 AB 11.479238615058552 1.1929890218045212
60422.9915 lsst_hardware_z -19.62323129804734 64.05000305175781 30.959999084472656 AB 11.40853682525344 1.1861754702858494
60425.9712 lsst_hardware_y -59.11196907514698 55.810001373291016 30.0 AB 7.257166292742642 1.1889684690137443
60425.9894 lsst_hardware_u -19.485713039126857 9.010000228881836 29.06999969482422 AB 7.498726989172141 1.187446870811107
60431.9665 lsst_hardware_y 20.004504593424876 55.95000076293945 30.0 AB 15.635982542824662 1.1861541265853017
60431.9829 lsst_hardware_z 105.64555169460651 44.560001373291016 30.940000534057617 AB 15.732914348096273 1.1933490017897885
60654.3362 lsst_hardware_r 26.33887246007541 24.81999969482422 31.489999771118164 AB 10.16402759383923 1.196413076914716
60656.3315 lsst_hardware_g -26.00176533922167 15.489999771118164 31.40999984741211 AB 11.997855506756814 1.1956605218752119
60656.3506 lsst_hardware_y 95.30210165472802 63.5099983215332 30.0 AB 12.307613509517733 1.1861330933157674
60658.3332 lsst_hardware_i 76.88339571402345 53.310001373291016 31.290000915527344 AB 9.830491869989418 1.1899970914383802
60658.3512 lsst_hardware_z 69.32844197803392 62.310001373291016 30.959999084472656 AB 9.921990119301658 1.1868040027889524
60660.3371 lsst_hardware_r -44.18783163975457 98.33999633789062 31.6200008392334 AB 8.599280724698884 1.1863804172957084
60662.3084 lsst_hardware_r -25.640403160149617 99.19999694824219 31.6200008392334 AB 5.8781609479198105 1.2033082800245263
60663.3227 lsst_hardware_z 115.56803691117399 70.51000213623047 30.979999542236328 AB 5.1732693506175575 1.1883012175529621
60663.3444 lsst_hardware_y -0.18517211894220362 61.290000915527344 30.020000457763672 AB 5.800981305210888 1.1897008419218391
60665.3204 lsst_hardware_z -20.849176209484778 55.439998626708984 30.959999084472656 AB 7.138159445145023 1.1870882416603834
60665.339 lsst_hardware_y 17.20484847285964 53.5099983215332 30.010000228881836 AB 7.7717483779286605 1.189735425513394
60668.2783 lsst_hardware_g -19.06739819230008 21.65999984741211 31.530000686645508 AB 7.731309353065933 1.226299811470395
60668.3003 lsst_hardware_r 32.594569665729885 28.790000915527344 31.520000457763672 AB 7.969792471542321 1.1942000331960958
60670.2812 lsst_hardware_i 39.517927399646716 32.66999816894531 31.239999771118164 AB 7.60507405964717 1.2110794070170001
60670.2998 lsst_hardware_z 58.13296425539406 43.63999938964844 30.940000534057617 AB 7.117148047885049 1.190390775438639
60672.2814 lsst_hardware_r 0.6417263455152546 34.41999816894531 32.2400016784668 AB 8.628463406914124 1.2029086026647322
60672.3021 lsst_hardware_g 15.963249912158485 14.949999809265137 31.420000076293945 AB 8.27887478938099 1.1868503747947803
60674.285 lsst_hardware_r -2.8602910674649777 24.479999542236328 31.489999771118164 AB 6.683059974525296 1.19326151193762
60674.3065 lsst_hardware_i -6.961066190755428 32.630001068115234 31.239999771118164 AB 6.0351189804092 1.1865557100829098
60676.2861 lsst_hardware_z 12.501331342879425 43.38999938964844 30.940000534057617 AB 8.40562953238794 1.1888318331867767
60676.308 lsst_hardware_i 32.40714787888163 32.13999938964844 31.229999542236328 AB 8.451657993417982 1.189175977366187
60678.2943 lsst_hardware_u -1.5349410583514365 2.6500000953674316 28.31999969482422 AB 5.54399996557 1.1863264249868957
60678.3149 lsst_hardware_g 18.65034657473671 14.800000190734863 31.389999389648438 AB 5.5405028575346895 1.199697473617643
60680.2903 lsst_hardware_r 12.299032361438284 24.31999969482422 31.469999313354492 AB 12.337774319921232 1.186590676105655
60680.3125 lsst_hardware_i -6.483722348564256 32.58000183105469 31.219999313354492 AB 12.034906095735396 1.2034906095735396
60682.2522 lsst_hardware_i -10.813051038298829 32.459999084472656 31.229999542236328 AB 11.542224397026796 1.205454245120292
60682.2737 lsst_hardware_z 27.274483492842702 43.54999923706055 30.93000030517578 AB 11.170253046279576 1.1871670937503758
60684.2519 lsst_hardware_r -17.988382907453985 24.149999618530273 31.479999542236328 AB 9.48527955924202 1.1989482884354126
60684.276 lsst_hardware_g -2.4014646785114615 14.789999961853027 31.40999984741211 AB 9.398505614162872 1.1861308671275341
60686.2541 lsst_hardware_r 3.786655306952558 78.27999877929688 32.349998474121094 AB 7.28933050089373 1.1917811053834644
60686.2764 lsst_hardware_i -73.57188844216077 67.25 32.029998779296875 AB 7.305688439767694 1.1872733109048257
60688.229 lsst_hardware_z -42.198605746063286 79.51000213623047 30.969999313354492 AB 5.373005800793861 1.216185411855632
60688.2476 lsst_hardware_i -111.85769173887037 90.80999755859375 31.309999465942383 AB 5.269614918899727 1.1925803226236538
60692.2336 lsst_hardware_r 110.82596606929947 97.68000030517578 31.6200008392334 AB 3.936007168631042 1.195264855338904
60692.2524 lsst_hardware_i 31.106751112283792 81.05999755859375 31.309999465942383 AB 2.5545750545549377 1.1861056550458213
