data/validation/pwv_sim_epoch_fit_epoch/55752551.ecsv
# %ECSV 0.9
# ---
# datatype:
# - {name: time, datatype: float64}
# - {name: band, datatype: string}
# - {name: flux, datatype: float64}
# - {name: fluxerr, datatype: float64}
# - {name: zp, datatype: float64}
# - {name: zpsys, datatype: string}
# - {name: pwv, datatype: float64}
# - {name: airmass, datatype: float64}
# meta: {SNID: '55752551', alt: 1024.0, c: -0.10434316843748093, dec: -15.094787, lat: -30.244573, lon: -70.7499537, ra: 234.316406, t0: 60470.015625,
#   x0: 2.5688268602792595e-06, x1: 1.0178471803665161, z: 0.8041114211082458}
# schema: astropy-2.0
time band flux fluxerr zp zpsys pwv airmass
60385.3658 lsst_hardware_g 12.259028111111498 15.5600004196167 31.479999542236328 AB 9.198556746359603 1.0356791232530984
60385.384 lsst_hardware_r 3.679576618969108 24.399999618530273 31.510000228881836 AB 9.462044552411667 1.04287937313035
60389.228 lsst_hardware_r 32.22834190074694 44.34000015258789 31.530000686645508 AB 7.902428256663361 1.3878721307822726
60389.2466 lsst_hardware_u -0.5893093686314717 5.380000114440918 28.760000228881836 AB 7.247605763380672 1.2730359372430116
60392.3439 lsst_hardware_z -27.859687129903822 53.630001068115234 30.979999542236328 AB 7.042215337860223 1.0356199026265034
60392.3634 lsst_hardware_r -69.13617673785183 53.029998779296875 31.6299991607666 AB 7.08451178203758 1.041839967946703
60395.2844 lsst_hardware_y -148.5217748298887 86.30000305175781 30.799999237060547 AB 7.520221075040833 1.0856912042888391
60397.3229 lsst_hardware_r -98.32936444555088 113.88999938964844 31.65999984741211 AB 7.743437696113674 1.0367898370231645
60397.3432 lsst_hardware_i 177.29694476743921 91.62000274658203 31.34000015258789 AB 9.178997203731566 1.0382306530631789
60399.3259 lsst_hardware_z -43.977694981120905 68.47000122070312 30.989999771118164 AB 4.2012957886648294 1.0356096599149165
60399.3446 lsst_hardware_r -191.63411612199315 91.36000061035156 31.649999618530273 AB 4.35038363829303 1.0420496558648191
60401.3091 lsst_hardware_z 36.785040546814535 48.13999938964844 30.969999313354492 AB 9.139493169052157 1.0377729228120736
60401.3286 lsst_hardware_r -8.908004517715185 46.849998474121094 31.6299991607666 AB 9.126017901617802 1.036880566759268
60405.1984 lsst_hardware_r -44.0465996797115 25.100000381469727 31.469999313354492 AB 17.99670159088804 1.2978078597308749
60405.2241 lsst_hardware_u -3.114277426403698 2.7799999713897705 28.40999984741211 AB 17.477835392828414 1.1784399284956453
60406.2012 lsst_hardware_g -9.211127036288003 15.1899995803833 31.3799991607666 AB 12.828457044037881 1.2677280474380888
60406.2192 lsst_hardware_r -5.229070920139983 24.65999984741211 31.489999771118164 AB 10.172788685802379 1.18667701205042
60413.3079 lsst_hardware_i 15.260782374236365 31.600000381469727 31.270000457763672 AB 7.634828400346417 1.0431280975083344
60413.3257 lsst_hardware_z 109.69698749983228 42.189998626708984 30.959999084472656 AB 7.789583770932394 1.0622159687635082
60415.2923 lsst_hardware_r 57.713819736765856 24.399999618530273 31.530000686645508 AB 17.727138472293802 1.0375241994787303
60415.31 lsst_hardware_g -7.982941404509426 15.520000457763672 31.489999771118164 AB 17.848737572917525 1.0497610711800616
60423.2718 lsst_hardware_r 174.52546032113912 122.12999725341797 31.65999984741211 AB 8.782267554974275 1.0380521912029794
60423.2878 lsst_hardware_z -60.44166366820185 81.37000274658203 31.0 AB 8.925129863969328 1.0493979851815787
60429.2492 lsst_hardware_i -2.1760128575862105 50.20000076293945 31.31999969482422 AB 10.177537239394951 1.0361453030689693
60429.2687 lsst_hardware_z -120.59276747401792 51.34000015258789 30.969999313354492 AB 11.07692725393366 1.0468036466152457
60443.184 lsst_hardware_i 80.4524054684349 33.554682369453204 31.260000228881836 AB 6.177687203998744 1.043836810543445
60443.2037 lsst_hardware_z 138.4027368134327 42.51882898708378 30.950000762939453 AB 6.130511617635785 1.0356614448443688
60447.174 lsst_hardware_y 131.94678774945965 69.44021349497419 30.790000915527344 AB 7.724982684888163 1.0431412713372277
60449.1487 lsst_hardware_r 262.54329148401285 67.80381916082919 31.639999389648438 AB 8.202177721373387 1.0652178858926475
60449.1684 lsst_hardware_i 404.70939257324625 58.96645575837109 31.31999969482422 AB 8.358822590933617 1.0432444886134231
60454.1306 lsst_hardware_z 377.62856701753344 103.85616202955278 31.0 AB 6.130412982089772 1.072297292982736
60454.1375 lsst_hardware_r 310.9781545662015 153.7473042370587 31.65999984741211 AB 5.945303027316122 1.061661254877879
60458.1443 lsst_hardware_i 738.1845271497887 53.25221489956077 31.299999237060547 AB 9.473939164148005 1.0428972302774588
60458.1642 lsst_hardware_z 477.97449931432294 52.97360860929807 30.969999313354492 AB 9.397968245502849 1.0356078068103565
60460.1165 lsst_hardware_z 565.9923100960842 47.646495849230206 30.950000762939453 AB 9.357052898383726 1.0685633306110582
60460.1367 lsst_hardware_r 749.8077088842127 36.27263112887993 31.510000228881836 AB 8.538191046866404 1.0445335157752698
60462.1473 lsst_hardware_g 210.44748220564261 20.995535495732977 31.459999084472656 AB 10.943072939395918 1.0363085582937515
60462.1659 lsst_hardware_r 761.5022769516315 36.57540470488462 31.5 AB 10.959093486512822 1.0383009508926018
60464.1173 lsst_hardware_r 773.7825513232249 36.83846710925068 31.510000228881836 AB 12.158142007765127 1.052698559051518
60464.1361 lsst_hardware_i 908.8756902877344 43.699046350401495 31.25 AB 11.12850457877433 1.0381794042283117
60466.1208 lsst_hardware_z 602.390144181387 48.18249286100145 30.950000762939453 AB 5.325165672147463 1.0441501317936204
60466.1406 lsst_hardware_r 754.5102136000138 36.63855210920088 31.510000228881836 AB 5.8746486028498 1.0356822429987746
60468.1157 lsst_hardware_u -3.8542872551114904 2.9353945322667236 28.450000762939453 AB 2.550171452859117 1.043868789545213
60468.1342 lsst_hardware_r 787.9788311665786 36.45945984761356 31.520000457763672 AB 3.158743849658583 1.0357669197700372
60485.0624 lsst_hardware_g 43.23911306143402 76.31574974349606 31.729999542236328 AB 4.971303922372713 1.050072117520806
60485.081 lsst_hardware_i 775.2668691170743 65.23314778860973 31.329999923706055 AB 4.91321829599527 1.037309890424421
60487.07 lsst_hardware_z 380.4537419627088 46.41934108492672 30.950000762939453 AB 7.803973799096086 1.0397904333490966
60487.09 lsst_hardware_r 399.5189219680006 40.217436737326274 31.600000381469727 AB 8.080751867515502 1.0359938291686541
60490.0765 lsst_hardware_u -0.5046139296886822 2.7706727173071677 28.43000030517578 AB 3.2979985609115956 1.0356138356911984
60490.0971 lsst_hardware_g 56.8293146462731 16.237979634566866 31.450000762939453 AB 3.773075205085233 1.0427180337391828
60493.0504 lsst_hardware_g 35.17156359551961 16.790039337125553 31.469999313354492 AB 6.648908410364406 1.041740448157411
60493.0724 lsst_hardware_r 194.48603388370736 28.216306425478873 31.510000228881836 AB 6.579606400474846 1.0358186527478042
60497.0516 lsst_hardware_r 153.1224523705616 27.28432750311581 31.510000228881836 AB 3.3014332680473495 1.0363398351095583
60497.0763 lsst_hardware_u 1.3552529966430793 2.8507202902909508 28.43000030517578 AB 3.3114735508925346 1.0415622407923677
60499.0429 lsst_hardware_g 16.034879837508118 16.657332691973625 31.479999542236328 AB 2.9556901404279015 1.037266236331897
60499.0654 lsst_hardware_i 335.9256840983802 36.15313431486286 31.260000228881836 AB 2.9624300282207536 1.038538134345519
60501.0498 lsst_hardware_z 260.5382742421547 44.716372930895744 30.950000762939453 AB 6.879704574678687 1.0357361230509552
60501.0719 lsst_hardware_r 154.46785766223613 26.94137991225146 31.520000457763672 AB 6.918816731926522 1.046614067959841
60503.0462 lsst_hardware_y -4.965021194938313 48.445030636723665 30.049999237060547 AB 6.463972269247697 1.0359760027642755
60503.069 lsst_hardware_g 15.22461939456754 20.087484033127357 31.559999465942383 AB 6.54017851145724 1.0490301566215798
60506.0231 lsst_hardware_g 50.97064209935556 53.105956947733 31.709999084472656 AB 4.540407425030166 1.0375109797269728
60506.0449 lsst_hardware_r 198.75869484433218 57.754931042150396 31.6299991607666 AB 4.036456457713085 1.0379385324223913
60508.0198 lsst_hardware_i 14.14503839863332 82.64779417215863 31.329999923706055 AB 2.3025565922465576 1.036798465551921
60508.042 lsst_hardware_z 329.7104978052154 74.89316090902437 30.989999771118164 AB 2.262123544931846 1.0391013068129749
60511.0034 lsst_hardware_r 50.07300875801383 98.18337933977492 31.65999984741211 AB 5.802725726451923 1.040396669865445
60511.0273 lsst_hardware_z 226.7960007351612 69.73529413733935 30.989999771118164 AB 5.783751666193494 1.0366075214971762
60514.0034 lsst_hardware_g 4.79354421486267 46.06219913287626 31.700000762939453 AB 6.438202773373197 1.0368032809126029
60514.0244 lsst_hardware_i 267.92922719996056 53.023666486760405 31.309999465942383 AB 6.523287287777832 1.0385195215099499
60519.977 lsst_hardware_y 211.09934106881735 68.68426571503775 30.790000915527344 AB 5.495446242475829 1.041527495573156
60519.9984 lsst_hardware_u -2.5055986950235205 4.07467959668429 29.18000030517578 AB 5.4666256451679685 1.0357871527010707
60524.9643 lsst_hardware_z 108.21182937146811 59.438307732469 30.979999542236328 AB 9.837148649699852 1.040922215038122
60524.9831 lsst_hardware_r 7.78045052655734 25.812861134158304 31.530000686645508 AB 8.789989569039863 1.0356495874135079
60736.3833 lsst_hardware_g -19.991203855065837 16.479999542236328 31.5 AB 3.142377818783283 1.0423344618237942
60736.4019 lsst_hardware_y -32.1856671525104 73.55000305175781 30.079999923706055 AB 3.1244224289099862 1.0356057106098728
60738.3871 lsst_hardware_z 1.2563014839370794 42.41999816894531 30.950000762939453 AB 7.121555229819477 1.0374344492605005
60742.3732 lsst_hardware_r 31.31796931539272 24.729999542236328 31.520000457763672 AB 8.456873539965299 1.0386727511625276
60742.3905 lsst_hardware_z 14.599622753182267 42.40999984741211 30.959999084472656 AB 8.824029368356241 1.035896970428931
60749.2266 lsst_hardware_r -322.14066280200655 195.19000244140625 32.7400016784668 AB 14.043725667450895 1.5170925426651067
60749.2539 lsst_hardware_z 88.80925276956962 105.87999725341797 31.709999084472656 AB 11.418607631301233 1.312483635781751
60751.3784 lsst_hardware_z -49.775402983627366 71.66999816894531 30.989999771118164 AB 9.458559952828294 1.0405074936190533
60751.3997 lsst_hardware_i 98.56717193547586 82.19000244140625 31.34000015258789 AB 9.56798992743013 1.0616158659031878
60757.3422 lsst_hardware_r 8.989723404194333 32.16999816894531 31.59000015258789 AB 6.225516073740952 1.0357734088247288
60757.3619 lsst_hardware_i -73.87280430698426 35.4900016784668 31.290000915527344 AB 6.2571834933937085 1.040436231026556
60759.3423 lsst_hardware_r 16.083529193990735 25.149999618530273 31.540000915527344 AB 6.880080319607842 1.035688742978751
60759.3617 lsst_hardware_g 2.0563820428019812 16.979999542236328 31.520000457763672 AB 6.944627368162003 1.0440432024297674
60761.3424 lsst_hardware_r -44.783138986357436 24.299999237060547 31.530000686645508 AB 8.07582530501837 1.0367024001136096
60761.3615 lsst_hardware_i -25.65961031598086 31.559999465942383 31.260000228881836 AB 8.161201755342432 1.0486719106544546
60763.3217 lsst_hardware_i 39.56703716690039 31.510000228881836 31.270000457763672 AB 7.773384358576716 1.0365433850000065
60763.3392 lsst_hardware_z 72.4704962030462 41.7400016784668 30.959999084472656 AB 9.207704713479465 1.03742940831272
60766.3091 lsst_hardware_r 30.982271332022584 24.209999084472656 31.520000457763672 AB 5.2256617407168555 1.0380390810892344
60766.3271 lsst_hardware_u -2.2741349776546613 2.7899999618530273 28.459999084472656 AB 5.244905978484946 1.0362866838201654
60768.3103 lsst_hardware_g 13.126745642804103 15.25 31.459999084472656 AB 5.953300576838187 1.0360473202723393
60768.3294 lsst_hardware_r 23.620827251680737 24.139999389648438 31.520000457763672 AB 6.016329176294853 1.0390896677538606
60770.3134 lsst_hardware_i 4.951387327289593 31.290000915527344 31.25 AB 7.177611752719911 1.0358051450638446
60770.3323 lsst_hardware_z 3.440835635284441 41.790000915527344 30.940000534057617 AB 7.233464788906221 1.0445436518275897
60772.3095 lsst_hardware_r 22.2778451576634 24.09000015258789 31.520000457763672 AB 8.678571510876592 1.0360411672355627
60772.3286 lsst_hardware_g -0.8080635151566941 15.289999961853027 31.459999084472656 AB 8.785077199470809 1.0460189356701994
60777.2815 lsst_hardware_z 88.03312255050466 73.7699966430664 31.0 AB 6.122681357273381 1.0371273578848785
60777.299 lsst_hardware_i 24.727581851095216 85.27999877929688 31.34000015258789 AB 6.891750407591025 1.0367821892648876
60779.2918 lsst_hardware_z 13.759349754439164 136.89999389648438 31.75 AB 7.592406884844224 1.0363292113761098
60781.2342 lsst_hardware_r -27.920344253358188 119.36000061035156 31.649999618530273 AB 17.4757798212555 1.0737256559063337
60781.2516 lsst_hardware_i -33.4268191403494 98.08000183105469 31.34000015258789 AB 17.339134738860995 1.0499445777725003
60783.2941 lsst_hardware_z 21.16028458481782 82.58000183105469 31.729999542236328 AB 13.44039093115792 1.0424968726901624
60785.2666 lsst_hardware_r 55.69665827130325 40.130001068115234 31.610000610351562 AB 3.720018712363832 1.035688008639181
60785.2838 lsst_hardware_g 32.65427425926086 37.34000015258789 31.690000534057617 AB 3.7318316840428922 1.0395074328810285
60791.247 lsst_hardware_r 22.628698216399847 24.40999984741211 31.520000457763672 AB 6.161589360166856 1.036141708548256
60791.2647 lsst_hardware_i 36.548594614550666 31.610000610351562 31.260000228881836 AB 6.40309837582561 1.038199979866333
60793.25 lsst_hardware_z -35.265604884064665 41.7599983215332 30.950000762939453 AB 2.7964865445107194 1.0357357572261923
60793.2682 lsst_hardware_i 38.82878000494809 31.68000030517578 31.260000228881836 AB 2.874556286852415 1.0435223693801117
60796.2453 lsst_hardware_u -4.262411917307821 2.7799999713897705 28.440000534057617 AB 9.480327578203076 1.0363090139958544
60796.2632 lsst_hardware_g -15.084272769577153 15.630000114440918 31.469999313354492 AB 9.51278316242521 1.046127180618608
60799.2236 lsst_hardware_g -25.256299476172646 15.770000457763672 31.479999542236328 AB 9.852390696466825 1.036493682233121
60799.242 lsst_hardware_r 49.37041756833584 24.68000030517578 31.520000457763672 AB 9.907243984924706 1.037842445519046
60801.2236 lsst_hardware_i 11.218837186271154 36.52000045776367 31.280000686645508 AB 2.399056183776219 1.0356383266896354
60801.2432 lsst_hardware_z 85.56220943590824 41.849998474121094 30.950000762939453 AB 2.4804076042299297 1.0413130160495088
60805.2101 lsst_hardware_r -58.100613991712905 101.12999725341797 31.65999984741211 AB 6.4226433647245385 1.035910220116861
60805.2296 lsst_hardware_i 113.51628233064316 81.37000274658203 31.34000015258789 AB 6.446291491055418 1.0397244340411964
60807.1967 lsst_hardware_z 211.45324226027375 108.80000305175781 31.010000228881836 AB 12.095774716326783 1.038234217875884
60807.2168 lsst_hardware_i 34.719745473729375 129.9499969482422 31.350000381469727 AB 11.668810178262197 1.036697703685881
60809.2033 lsst_hardware_z -91.92155564850063 137.1699981689453 31.760000228881836 AB 6.114720878860648 1.0355888864064324
60811.1915 lsst_hardware_r -52.588394678574275 81.37000274658203 31.65999984741211 AB 5.55906444001769 1.0363332807241306
60811.2119 lsst_hardware_i 38.44604076748867 67.12000274658203 31.34000015258789 AB 5.5768646810753 1.0390382588017575
60813.1732 lsst_hardware_i 19.069729539382145 44.400001525878906 31.309999465942383 AB 7.695928393898644 1.0422438236591234
60813.1934 lsst_hardware_z 13.619821747445089 47.9900016784668 30.969999313354492 AB 7.6960784458362985 1.0356022937275515
60825.1537 lsst_hardware_z -40.130756333010154 59.04999923706055 31.700000762939453 AB 12.515345966094062 1.036238729839709
60825.1759 lsst_hardware_i -4.4394149823234175 44.869998931884766 32.0099983215332 AB 12.898890434556787 1.0402330995610312
60827.136 lsst_hardware_r -11.372043424129648 24.579999923706055 31.520000457763672 AB 7.44710421216581 1.041553036666577
60827.1576 lsst_hardware_u 1.7346641506179252 2.880000114440918 28.520000457763672 AB 7.434158378342553 1.0357827946789735
60831.1229 lsst_hardware_y -110.81750377193622 49.4900016784668 30.049999237060547 AB 9.402381806752112 1.043067224563422
60831.1429 lsst_hardware_r 53.08904543749909 49.47999954223633 31.6299991607666 AB 8.612849292039723 1.0355923879729596
60843.1348 lsst_hardware_z 23.463094101740506 43.83000183105469 30.959999084472656 AB 5.459752226120991 1.0460631420592013
60843.158 lsst_hardware_r 10.181225513457845 34.619998931884766 31.579999923706055 AB 5.6790368040596775 1.0767307345117256
60845.1045 lsst_hardware_u 6.199308636011905 2.8399999141693115 28.510000228881836 AB 3.799602256409153 1.0355961451101097
60845.1261 lsst_hardware_r -27.006825606677584 24.260000228881836 31.520000457763672 AB 3.9650361835928947 1.0434305746297092
60848.0874 lsst_hardware_i -31.673674881682064 31.399999618530273 31.260000228881836 AB 2.684905044552404 1.0372102029626518
60848.1081 lsst_hardware_z -22.37416760336788 41.5 30.950000762939453 AB 2.6729366135721357 1.0377985363466409
60853.0677 lsst_hardware_g -14.948128459240031 15.350000381469727 31.479999542236328 AB 7.8351195149349975 1.0399220698493559
60853.0878 lsst_hardware_r 8.561438308684155 24.15999984741211 31.520000457763672 AB 8.080400006753795 1.035948718814589
60859.0418 lsst_hardware_r -11.41168760221154 39.68000030517578 31.600000381469727 AB 6.67256801378501 1.04688260659502
60859.061 lsst_hardware_i 44.587113048551245 39.59000015258789 31.290000915527344 AB 6.592890613234375 1.0362107054199832
60864.0312 lsst_hardware_z 30.462148602721605 76.83999633789062 31.0 AB 0.9633549784561152 1.044287239518824
60864.0515 lsst_hardware_r 168.48484109436444 110.55000305175781 31.65999984741211 AB 1.9502055805074963 1.0356448628618824
60866.0291 lsst_hardware_i -40.190676237220366 83.20999908447266 31.34000015258789 AB 8.534475840116318 1.0418273288579665
60866.0495 lsst_hardware_z -11.246759958439704 72.18000030517578 30.989999771118164 AB 8.675908336525296 1.035640816869962
60871.0064 lsst_hardware_u 0.44696755158141493 2.799999952316284 28.459999084472656 AB 5.760169844680526 1.0494024129496313
60871.0268 lsst_hardware_g 0.1049557250909871 15.34000015258789 31.459999084472656 AB 5.605570658510237 1.0365490084308935
60876.007 lsst_hardware_r -15.032232977606915 24.389999389648438 31.510000228881836 AB 3.0236912354167274 1.0388311619617707
60876.0245 lsst_hardware_i 14.969637129031431 31.540000915527344 31.25 AB 3.013704186577537 1.0358744912617566
60877.9976 lsst_hardware_z -48.398973418631726 41.9900016784668 30.950000762939453 AB 5.607563913981037 1.0410081523479648
60878.0163 lsst_hardware_r 22.607001970514585 24.5 31.510000228881836 AB 6.267218111194437 1.035618525672449
60884.9766 lsst_hardware_y 2.25283055446972 48.400001525878906 30.049999237060547 AB 4.608308510234675 1.0422500305857005
60884.9964 lsst_hardware_r -27.42503107438322 25.530000686645508 31.530000686645508 AB 4.643604491013655 1.0355942219030627
60886.9756 lsst_hardware_y -19.89111350035157 48.560001373291016 30.049999237060547 AB 4.159125881634693 1.0395215900111705
60886.9931 lsst_hardware_g -22.908598079833393 25.34000015258789 31.6200008392334 AB 4.149415421068411 1.0357139748069917
60888.9769 lsst_hardware_z -13.4153409994487 53.709999084472656 30.969999313354492 AB 4.1176488113647265 1.0367558903981686
60888.9956 lsst_hardware_i -123.00048911738942 50.75 31.309999465942383 AB 4.023678952632805 1.0375877819188495
60894.967 lsst_hardware_y 67.47251025555565 70.41999816894531 30.06999969482422 AB 3.4020679463117047 1.0356371221650658
60894.9873 lsst_hardware_z 81.53863750262174 60.09000015258789 30.979999542236328 AB 3.431914940422559 1.0418158179881283
