data/validation/pwv_sim_epoch_fit_epoch/5585177.ecsv
# %ECSV 0.9
# ---
# datatype:
# - {name: time, datatype: float64}
# - {name: band, datatype: string}
# - {name: flux, datatype: float64}
# - {name: fluxerr, datatype: float64}
# - {name: zp, datatype: float64}
# - {name: zpsys, datatype: string}
# - {name: pwv, datatype: float64}
# - {name: airmass, datatype: float64}
# meta: {SNID: '5585177', alt: 1024.0, c: -0.04069935902953148, dec: -43.406857, lat: -30.244573, lon: -70.7499537, ra: 279.616943, t0: 62989.953125,
#   x0: 4.969816648748115e-06, x1: 0.14363978803157806, z: 0.6148055195808411}
# schema: astropy-2.0
time band flux fluxerr zp zpsys pwv airmass
62968.42 lsst_hardware_z 242.03293020437704 76.60381925697907 31.0 AB 6.46391512671253 1.026887596914721
62970.4047 lsst_hardware_i 303.41590507901424 47.4232337375214 31.299999237060547 AB 6.896183210606239 1.0276705477395482
62970.4163 lsst_hardware_y 87.86277585441502 56.62985337886891 30.059999465942383 AB 6.910790132048945 1.027015920946492
62972.387 lsst_hardware_i 488.83759150669954 39.529318906102105 31.270000457763672 AB 16.63243741913832 1.0322158100416832
62972.3986 lsst_hardware_y 148.9631929438303 48.49561001620265 30.049999237060547 AB 16.459089786505512 1.0278098375774263
62975.4049 lsst_hardware_i 728.4815936584627 41.42872384775032 31.260000228881836 AB 9.964797692248725 1.0272987311596624
62975.4173 lsst_hardware_y 147.6967520720696 54.30078038325781 30.059999465942383 AB 10.128494596955822 1.0312574043634646
62984.3877 lsst_hardware_i 1298.211061695828 47.71367226558748 31.25 AB 5.162779182173178 1.0291596097225513
62984.3991 lsst_hardware_z 879.7535022510881 51.30886402578286 30.940000534057617 AB 5.190649087553966 1.03488717104153
62990.3871 lsst_hardware_i 1278.5305648155295 48.27441523413152 31.239999771118164 AB 9.28857568036137 1.0380229853262846
62990.3991 lsst_hardware_r 1626.286353026986 47.133304690728956 31.489999771118164 AB 9.411258631952084 1.0493486915876105
62995.3304 lsst_hardware_i 1403.3162114434313 91.04704169236867 31.34000015258789 AB 8.526852445118042 1.0294193981912698
62995.3429 lsst_hardware_z 1174.4377921005585 79.71308256625946 31.0 AB 7.957727639747625 1.0268698160846021
62999.2798 lsst_hardware_r 2928.360054748039 77.89369009214006 32.36000061035156 AB 7.506175729774556 1.0657639826458265
62999.2969 lsst_hardware_i 2460.5542416595517 75.268250161175 32.04999923706055 AB 7.279098973951354 1.044646810268564
63002.3258 lsst_hardware_z 972.0792484222453 51.28702415396626 30.950000762939453 AB 3.810362492935598 1.026844301808421
63002.3405 lsst_hardware_i 1105.812413467216 45.2756341611097 31.260000228881836 AB 4.235076625668042 1.0298893427636793
63005.3244 lsst_hardware_u -1.2109629538571551 2.8074866718341887 28.510000228881836 AB 7.441461956765465 1.0275423856346235
63005.3373 lsst_hardware_g 157.91264695983222 18.072495069034346 31.450000762939453 AB 8.535822765063227 1.0322262292482134
63015.2968 lsst_hardware_r 433.2442500808369 31.156379611748363 31.5 AB 8.820887612604585 1.027486690331444
63015.3109 lsst_hardware_g 70.32006158881167 16.315782765293633 31.450000762939453 AB 8.858412422899242 1.0327198184721218
63017.273 lsst_hardware_z 682.4018898264223 47.35171873319346 30.950000762939453 AB 7.041330296128605 1.0285320327386218
63017.2855 lsst_hardware_r 408.7039785496121 30.231250101878416 31.5 AB 7.029880427335668 1.0268595424095337
63019.2931 lsst_hardware_z 462.61726370495194 54.27308223266713 30.969999313354492 AB 9.756202313143373 1.0295063072812796
63019.3059 lsst_hardware_i 598.5623242669863 50.26194351151046 31.309999465942383 AB 9.82409918640508 1.0365069435351817
63020.2898 lsst_hardware_r 401.8183456841591 73.7339658956847 31.65999984741211 AB 9.039284167253044 1.0292967623836307
63020.3019 lsst_hardware_z 578.6115874477566 60.434724781352 30.979999542236328 AB 9.684030402349448 1.0356144158218297
63031.2936 lsst_hardware_i 304.0445347783399 35.147978729055176 31.25 AB 13.000070860310743 1.0571240306274827
63031.307 lsst_hardware_z 331.3975078097385 46.15754471622182 30.940000534057617 AB 13.22713171298081 1.0773326945658086
63036.233 lsst_hardware_i 211.52733815985508 34.23441440895412 31.260000228881836 AB 3.5044575575124712 1.0268469670886764
63036.2462 lsst_hardware_z 342.97151534630717 45.107362049867746 30.950000762939453 AB 3.5403735566445844 1.0293279711134131
63040.0896 lsst_hardware_z 680.1662956737925 82.49197673655773 32.11000061035156 AB 4.160670309505625 1.3002094717205077
63040.1056 lsst_hardware_r 125.04357067639715 26.234555624901155 31.459999084472656 AB 3.932918246951447 1.2290369521723272
63044.2221 lsst_hardware_g 12.015699067440663 15.261020527321936 31.459999084472656 AB 7.452736570543829 1.0285784474228958
63044.2348 lsst_hardware_i 188.34187879451076 33.466377783114204 31.260000228881836 AB 7.468910565210421 1.034570675760978
63046.2103 lsst_hardware_z 211.81883629395233 46.46011598238683 30.959999084472656 AB 2.884012406349402 1.027191881639421
63046.2229 lsst_hardware_r 66.46486624830993 33.35296412285426 31.579999923706055 AB 2.8544758686848692 1.0309929696670608
63048.2066 lsst_hardware_y 155.38399244355563 72.31589752995531 30.809999465942383 AB 7.6572264569268 1.0274708429288388
63051.1852 lsst_hardware_z 368.90707822574257 86.78009010385168 31.0 AB 7.901572054900993 1.0273678898595984
63051.1968 lsst_hardware_r 164.9218382629482 132.26400324114238 31.670000076293945 AB 7.8940467654788185 1.027213060060788
63053.1935 lsst_hardware_i 44.775769127139526 84.68663774105931 31.34000015258789 AB 5.010115769464544 1.0275755321250861
63053.2076 lsst_hardware_z 206.978032620957 73.90865457520772 30.989999771118164 AB 5.021644023634 1.032976691641662
63061.1816 lsst_hardware_r 47.78725524546752 24.91749217074461 31.510000228881836 AB 7.509628555652722 1.0308343933634339
63061.1932 lsst_hardware_u -2.7609013084122602 2.7461779453745816 28.450000762939453 AB 7.548908341369918 1.0379835468012537
63063.133 lsst_hardware_i 128.56352590538538 32.51765016549454 31.25 AB 2.9196447061984174 1.0356104305040055
63063.145 lsst_hardware_u -3.834019012639699 2.7051316818565003 28.40999984741211 AB 2.8862497519600336 1.0293330071184144
63066.1372 lsst_hardware_g -5.106715641792908 15.037841032139783 31.459999084472656 AB 2.8784832155930222 1.029193688907544
63066.1494 lsst_hardware_r 45.425851030338215 24.72660001323004 31.510000228881836 AB 2.8704280868060104 1.0268643286928252
63070.1214 lsst_hardware_u 0.7631635799050883 2.8769591506257073 28.5 AB 6.686488204178475 1.031228902556779
63070.1334 lsst_hardware_g -13.10727711445671 14.736471397513622 31.440000534057617 AB 5.958675896573218 1.027357913202279
63075.0202 lsst_hardware_i -19.918202350859794 40.040000915527344 31.260000228881836 AB 5.360385201110077 1.1911967113577948
63075.026 lsst_hardware_z 2.754302522218508 46.84000015258789 30.940000534057617 AB 5.2733693179911505 1.1718598484424778
63076.1115 lsst_hardware_z 19.12372445019964 49.369998931884766 30.969999313354492 AB 3.757453459597648 1.0286642829641581
63076.1231 lsst_hardware_r -116.91626385140793 51.79999923706055 31.639999389648438 AB 3.7698177634518135 1.0268485566092784
63080.1199 lsst_hardware_z 62.875523339318505 113.79000091552734 31.75 AB 1.5983508229861911 1.0276029936155529
63084.1087 lsst_hardware_z -6.800903118378175 48.36000061035156 30.969999313354492 AB 2.0145104017891984 1.0275492995609274
63084.1213 lsst_hardware_r 9.423668331349141 52.95000076293945 31.639999389648438 AB 2.0435002849430144 1.0320708509813203
63095.0996 lsst_hardware_u 2.1829698812352336 2.6700000762939453 28.40999984741211 AB 4.189816217874068 1.0374042012687261
63095.1108 lsst_hardware_g -14.266268030963023 14.3100004196167 31.440000534057617 AB 4.203711447284634 1.0475886729261252
63096.0549 lsst_hardware_g -7.225274652732189 14.170000076293945 31.43000030517578 AB 2.974693637935005 1.0293354380235527
63096.0676 lsst_hardware_r -29.191719844254866 22.860000610351562 31.5 AB 2.959082867803827 1.026865078474434
63101.0501 lsst_hardware_i 6.4579932352316725 31.059999465942383 31.260000228881836 AB 2.2042964606707534 1.0271651727263529
63101.0617 lsst_hardware_z 31.83496610315827 41.290000915527344 30.950000762939453 AB 2.1807506570126844 1.0274443613721391
63107.0339 lsst_hardware_z -62.14823839570331 63.5 30.989999771118164 AB 5.29183828835995 1.0271425249145867
63107.0455 lsst_hardware_i 83.04033718127437 69.04000091552734 31.329999923706055 AB 5.753875090648997 1.0274776947587494
63109.043 lsst_hardware_z -26.897602076665454 92.62000274658203 31.739999771118164 AB 3.9433107712431714 1.028130999563812
63114.0325 lsst_hardware_g -9.717854505223647 14.609999656677246 31.459999084472656 AB 1.4393422001348597 1.0290816492861248
63114.0448 lsst_hardware_r -6.866763600079176 23.360000610351562 31.510000228881836 AB 1.2208199456282534 1.0353243355150357
63117.0155 lsst_hardware_r -71.30292258674152 23.219999313354492 31.510000228881836 AB 2.465004731098605 1.0270853046244188
63117.0269 lsst_hardware_i -7.964868999830574 30.690000534057617 31.25 AB 2.4721448068945784 1.0300603362060743
63119.0189 lsst_hardware_z -74.41347468297128 41.20000076293945 30.950000762939453 AB 3.3209062858603855 1.0291001815495462
63119.0311 lsst_hardware_i 46.895084818463644 30.719999313354492 31.25 AB 3.3154398027387515 1.0352930763971224
63122.0191 lsst_hardware_u -3.9926950985845053 2.700000047683716 28.43000030517578 AB 2.2078892312509217 1.032930634503355
63122.0312 lsst_hardware_g -13.485810883830117 14.470000267028809 31.440000534057617 AB 2.294156144452803 1.0418116833844329
63124.0116 lsst_hardware_r 4.701477881785537 23.6299991607666 31.520000457763672 AB 1.3332924269745359 1.0318269781822798
63124.0225 lsst_hardware_i 29.18944071061095 31.06999969482422 31.260000228881836 AB 1.3500590817142135 1.0390398268708672
63126.0111 lsst_hardware_z -20.28387231770709 41.349998474121094 30.950000762939453 AB 1.8368676608610393 1.0347092865010783
63126.0229 lsst_hardware_u -3.868506599711474 2.759999990463257 28.459999084472656 AB 1.7183496255117443 1.0442720300891792
