data/validation/pwv_sim_epoch_fit_epoch/55971856.ecsv
# %ECSV 0.9
# ---
# datatype:
# - {name: time, datatype: float64}
# - {name: band, datatype: string}
# - {name: flux, datatype: float64}
# - {name: fluxerr, datatype: float64}
# - {name: zp, datatype: float64}
# - {name: zpsys, datatype: string}
# - {name: pwv, datatype: float64}
# - {name: airmass, datatype: float64}
# meta: {SNID: '55971856', alt: 1024.0, c: -0.008685196749866009, dec: -25.778666, lat: -30.244573, lon: -70.7499537, ra: 253.828125,
#   t0: 60377.12890625, x0: 6.112997254567784e-06, x1: 0.26937225461006165, z: 0.5646749138832092}
# schema: astropy-2.0
time band flux fluxerr zp zpsys pwv airmass
60372.2906 lsst_hardware_i 1635.8404138184985 73.81875490273019 31.200000762939453 AB 9.42920443365592 1.6067258311044834
60372.3104 lsst_hardware_z 1275.776852211336 69.73494131095913 30.920000076293945 AB 10.334002622762188 1.4244955024828987
60375.2987 lsst_hardware_r 2049.2395493951544 53.19941457229011 31.450000762939453 AB 12.96287421189556 1.4526398952480926
60375.3193 lsst_hardware_g 628.9425105104198 31.15945135622399 31.440000534057617 AB 11.686385434733564 1.3076407558166834
60381.3062 lsst_hardware_u 2.657957668321762 2.993241961397467 28.389999389648438 AB 17.67385437579772 1.2885339925852926
60381.3259 lsst_hardware_g 404.6134665864182 26.52740637772604 31.450000762939453 AB 16.335576398678697 1.1918775987216093
60386.3466 lsst_hardware_g 283.25797189511735 23.539173517815964 31.469999313354492 AB 8.01821895195113 1.080549686941733
60386.3649 lsst_hardware_r 1635.7617620465826 47.54070205182532 31.520000457763672 AB 7.756036865887425 1.0435651203723535
60388.3137 lsst_hardware_i 1431.406096049067 49.95107791918993 31.239999771118164 AB 5.56532023994028 1.1643132355739005
60388.3301 lsst_hardware_z 1203.4523835418165 54.611306750572346 30.940000534057617 AB 5.306471964968052 1.1097536350578072
60390.3322 lsst_hardware_r 1306.4871855103459 44.291422579980576 31.510000228881836 AB 6.314021395380811 1.0891564376932659
60390.3482 lsst_hardware_u 0.9714476488675807 2.8616400359636627 28.43000030517578 AB 6.548383114758005 1.0538112511680084
60400.2489 lsst_hardware_r 718.612925966496 89.73909030198297 31.579999923706055 AB 5.619087395452482 1.320688043431342
60400.2693 lsst_hardware_i 841.6508091703143 78.06975182148975 31.299999237060547 AB 5.6539078729162435 1.2125043690577406
60404.2534 lsst_hardware_u -0.8650588584241398 3.024850167341235 28.299999237060547 AB 8.427989272424458 1.2358963641251641
60404.2716 lsst_hardware_g 65.10597591498701 18.421765966838443 31.450000762939453 AB 8.04555772838455 1.158412036146783
60414.2359 lsst_hardware_r 260.4674790371453 29.655453007791227 31.5 AB 11.92801987763484 1.1914913472814745
60414.2539 lsst_hardware_z 530.3263078426463 49.37986058375395 30.950000762939453 AB 10.592418583835402 1.1255757917082105
60416.2423 lsst_hardware_r 247.27866301525987 28.98075638435018 31.510000228881836 AB 15.159196243909054 1.145993063494788
60416.2621 lsst_hardware_u -3.215710355019955 3.0993935812152613 28.510000228881836 AB 14.67710621200586 1.0869246762778964
60419.239 lsst_hardware_z 511.25839606178897 53.92260162104895 30.959999084472656 AB 3.0689443626520263 1.129568823477113
60419.2562 lsst_hardware_r 155.4907641211673 45.96932037687675 31.610000610351562 AB 3.870564017374172 1.0812889816899096
60421.2434 lsst_hardware_i 375.8948326160168 58.219278007865775 31.309999465942383 AB 9.193292275426913 1.1001805782667786
60421.2617 lsst_hardware_z 529.0582441801922 57.830054902248726 30.969999313354492 AB 8.878608109554703 1.0573967577873802
60425.2384 lsst_hardware_r 180.72280772877966 129.70587256522245 31.649999618530273 AB 6.446873018014542 1.084753866011028
60425.2569 lsst_hardware_z 357.3669440734089 88.81303043822975 31.0 AB 6.404521046709514 1.0461484885183787
60428.1297 lsst_hardware_z 345.26043456937776 93.56507899499276 30.90999984741211 AB 13.82212044542382 1.6998241954650215
60428.1475 lsst_hardware_r 108.31140401385336 111.14034352847796 31.540000915527344 AB 12.233815906296137 1.5092296948305128
60442.122 lsst_hardware_i 294.70621531606434 51.42274881204191 31.959999084472656 AB 9.017359381990962 1.403844221378977
60442.1512 lsst_hardware_z 575.2926573074733 66.33188954577345 31.68000030517578 AB 8.525123264552132 1.2284481810659076
60446.1519 lsst_hardware_g 14.660331399819585 42.82253295038887 32.349998474121094 AB 9.557195520641702 1.1777197191177806
60446.1711 lsst_hardware_r 284.41990505880364 47.040490852238065 32.29999923706055 AB 7.563180531419336 1.1116602530196718
60459.1673 lsst_hardware_r -4.969130337238984 40.58000183105469 31.610000610351562 AB 12.905797424307138 1.0407901148634788
60459.1865 lsst_hardware_z -99.27729593540508 46.380001068115234 30.969999313354492 AB 12.605571243730191 1.0165783261072734
60461.1535 lsst_hardware_r 4.47644656200741 24.809999465942383 31.520000457763672 AB 7.540797141310277 1.0554442205808916
60461.1736 lsst_hardware_u 2.986405156949182 2.9100000858306885 28.540000915527344 AB 7.674901901950194 1.024447145453358
60463.1516 lsst_hardware_g 7.156543094756436 15.859999656677246 31.469999313354492 AB 9.469845639519653 1.0488642442058245
60463.1709 lsst_hardware_r 3.570959274552783 24.690000534057617 31.520000457763672 AB 9.717760982880579 1.0213096145959621
60483.0672 lsst_hardware_z -213.2310078808396 100.27999877929688 30.989999771118164 AB 3.3609394898049585 1.1203131632683194
60483.0859 lsst_hardware_i -237.70087907811492 117.9000015258789 31.34000015258789 AB 3.427259718406174 1.0710186620019293
60484.0446 lsst_hardware_r 93.58781830205733 128.67999267578125 31.6200008392334 AB 4.053689899717562 1.1922617352110476
60484.0634 lsst_hardware_z 128.6834677640953 86.75 30.989999771118164 AB 3.820356117559752 1.1236341522234565
60486.0455 lsst_hardware_g -58.94164523130349 38.540000915527344 31.6299991607666 AB 4.486042317420657 1.166746305924553
60486.0641 lsst_hardware_r 102.17265021259783 53.040000915527344 31.6200008392334 AB 4.255532670582691 1.105285313341247
60488.0665 lsst_hardware_z 5.6405811927573515 42.2400016784668 30.940000534057617 AB 7.599557881107741 1.084489173186977
60488.0879 lsst_hardware_u -3.675241581055018 2.680000066757202 28.3700008392334 AB 7.445732199046756 1.0411427251690235
60492.0696 lsst_hardware_i -9.305332035022069 31.600000381469727 31.260000228881836 AB 9.025603214170403 1.0540337557301163
60492.0889 lsst_hardware_z -37.62441360602314 41.47999954223633 30.950000762939453 AB 8.961104595806356 1.024516531532751
60494.0677 lsst_hardware_i -21.525178433891703 31.6299991607666 31.260000228881836 AB 8.853411392960611 1.0475550367343798
60494.0876 lsst_hardware_u 3.9703630302469106 2.9100000858306885 28.559999465942383 AB 9.021840475960957 1.0198779647254077
60497.9538 lsst_hardware_y 34.47297251886883 79.86000061035156 29.899999618530273 AB 2.5474722307959956 1.5333901870762414
60497.9725 lsst_hardware_u -0.1519356522502418 2.930000066757202 28.280000686645508 AB 1.931702306716783 1.37913063306767
60504.9583 lsst_hardware_y 81.83372181094657 71.12999725341797 29.959999084472656 AB 8.208449125177385 1.3456473975700631
60504.9777 lsst_hardware_z 7.517607768755853 47.40999984741211 30.940000534057617 AB 8.006494986119202 1.2356178843506098
60509.971 lsst_hardware_y 123.18932365811467 105.9000015258789 30.760000228881836 AB 3.707283031498166 1.2034679537406805
60514.9639 lsst_hardware_y -47.18606639000778 60.060001373291016 30.020000457763672 AB 5.794471584416384 1.1761444352671957
60514.9817 lsst_hardware_r -12.515601865706925 24.450000762939453 31.510000228881836 AB 5.49011317466236 1.1146306313394294
60523.9727 lsst_hardware_y 37.887732197561405 49.91999816894531 30.040000915527344 AB 4.218715145337669 1.073828732056084
60524.0025 lsst_hardware_r 18.106435024622062 24.139999389648438 31.510000228881836 AB 2.2493796211618475 1.0233756238224965
60525.9796 lsst_hardware_z -60.56878546515715 63.0099983215332 31.709999084472656 AB 1.2662030225939231 1.0488324892066125
60527.9731 lsst_hardware_y -76.53303803083156 50.08000183105469 30.040000915527344 AB 3.2624267183600275 1.0507010365088656
60527.9912 lsst_hardware_g 4.040628833858515 15.399999618530273 31.459999084472656 AB 3.196686160949943 1.023813225456371
60734.2904 lsst_hardware_i -54.292079599654926 37.189998626708984 31.15999984741211 AB 9.36930843623369 1.713375514093329
60734.311 lsst_hardware_z 49.87540349682277 48.220001220703125 30.90999984741211 AB 7.860341908605391 1.493651669093639
60737.3169 lsst_hardware_u -0.5655817306923911 2.680000066757202 28.200000762939453 AB 8.405309283855967 1.3813162339944072
60737.3362 lsst_hardware_g 33.00627993472101 17.040000915527344 31.43000030517578 AB 7.479411784058958 1.2626321170545762
60739.3121 lsst_hardware_r -28.701932543224295 26.860000610351562 31.459999084472656 AB 13.389024592637073 1.3766454897750398
60739.3325 lsst_hardware_z -18.86950492027586 45.20000076293945 30.93000030517578 AB 12.161848611255097 1.253454233673399
60741.2918 lsst_hardware_i -30.368978352397313 35.72999954223633 31.18000030517578 AB 13.361904494858084 1.4944530248135823
60741.3124 lsst_hardware_r 23.34558123555543 26.6299991607666 31.459999084472656 AB 11.979644118685613 1.3378599693279545
60743.2907 lsst_hardware_u 1.7567278082404307 2.619999885559082 28.15999984741211 AB 11.321457359588242 1.4568855178983713
60743.3112 lsst_hardware_g 16.352915185266234 16.600000381469727 31.40999984741211 AB 9.441489331352484 1.311317962687845
60750.3192 lsst_hardware_i -37.6936406165956 69.80000305175781 31.299999237060547 AB 9.034213892522523 1.1774798165555587
60750.3411 lsst_hardware_z -59.856279761031566 62.5099983215332 30.979999542236328 AB 8.2827692085108 1.1037437729967532
60752.3291 lsst_hardware_z 89.49721664024749 63.689998626708984 30.979999542236328 AB 6.812018987537243 1.123107109398276
60752.3474 lsst_hardware_r 73.21605686438042 82.73999786376953 31.649999618530273 AB 7.98074932864279 1.073944400826627
60754.3333 lsst_hardware_i -76.73134600211844 72.12000274658203 31.329999923706055 AB 5.251717450123903 1.0952296519262237
60754.3503 lsst_hardware_z 17.142687136737475 66.69000244140625 31.0 AB 5.498334307853363 1.0563562551111378
60760.3376 lsst_hardware_z 19.63838839436762 42.22999954223633 30.959999084472656 AB 7.871221134425773 1.0494961512567698
60760.356 lsst_hardware_u -0.03361827997380976 3.0299999713897705 28.600000381469727 AB 7.670265206636523 1.0227020275515364
60762.2498 lsst_hardware_i 23.49813497944428 34.380001068115234 31.219999313354492 AB 10.457390802973695 1.3732019788550078
60762.269 lsst_hardware_z -35.38913995377652 44.88999938964844 30.940000534057617 AB 9.593097572758689 1.257121946371208
60764.2509 lsst_hardware_r 1.2114192959906247 25.649999618530273 31.479999542236328 AB 8.976450317878395 1.3296310939545954
60764.268 lsst_hardware_u -1.1332137807722775 2.8399999141693115 28.420000076293945 AB 8.210207170871298 1.234694981520842
60769.2484 lsst_hardware_z -28.42797877699233 45.029998779296875 30.920000076293945 AB 6.957269589209779 1.2649581071290508
60769.2655 lsst_hardware_r 30.99271557593683 25.020000457763672 31.479999542236328 AB 7.5151369785699105 1.1848700416869957
60771.2498 lsst_hardware_u 1.0210907044566042 2.740000009536743 28.350000381469727 AB 18.312628822897576 1.2303015736259315
60771.2668 lsst_hardware_g -4.830130542377191 15.399999618530273 31.420000076293945 AB 16.9151267980801 1.1585703286356233
60773.2509 lsst_hardware_r -57.82296752000654 43.970001220703125 31.579999923706055 AB 10.401014661859621 1.20038254558523
60773.2691 lsst_hardware_i 11.529715827762914 40.790000915527344 31.280000686645508 AB 9.757449997709685 1.1316265581571103
60775.2469 lsst_hardware_z -17.10254419662186 54.25 30.950000762939453 AB 5.91965857079494 1.1941215513975807
60775.2629 lsst_hardware_r 138.46921912082314 63.650001525878906 31.6200008392334 AB 4.723334421770563 1.1340538827780462
60780.2326 lsst_hardware_i 68.05077329917171 139.9600067138672 32.060001373291016 AB 11.996021848057326 1.1968892358710916
60780.2502 lsst_hardware_z -48.44666793427244 116.1500015258789 31.739999771118164 AB 10.55506814995993 1.1309405496581946
60782.2393 lsst_hardware_r 126.04867438372418 111.04000091552734 31.639999389648438 AB 15.260410750032896 1.1494158235023164
60782.2585 lsst_hardware_z -108.3494703747563 79.97000122070312 30.989999771118164 AB 14.718821219864124 1.0909295300818354
60784.2531 lsst_hardware_r 10.111515214515526 64.55999755859375 31.639999389648438 AB 10.839205161511025 1.0907742141298853
60784.2716 lsst_hardware_i -10.165856451524219 56.290000915527344 31.329999923706055 AB 10.183918709097519 1.050357758699507
60790.2405 lsst_hardware_i -12.363241300303894 31.780000686645508 31.260000228881836 AB 13.733049185643475 1.0813424555624784
60790.2619 lsst_hardware_z 16.435878618953534 41.65999984741211 30.959999084472656 AB 14.12203296304424 1.039097883084782
60792.2342 lsst_hardware_r 11.331864957224303 24.229999542236328 31.5 AB 3.0610979494795694 1.0833827462323729
60792.2532 lsst_hardware_g -17.0964080785597 15.199999809265137 31.450000762939453 AB 2.8047751120708995 1.0443496755880226
60795.1526 lsst_hardware_u -6.230827528869544 2.549999952316284 28.149999618530273 AB 14.908889406249651 1.425732945036784
60795.1721 lsst_hardware_g -4.02598728263628 15.199999809265137 31.360000610351562 AB 14.245038702075192 1.29442494964298
60797.1498 lsst_hardware_r 19.591496925901946 25.40999984741211 31.440000534057617 AB 10.518769624119289 1.405375829355883
60797.1687 lsst_hardware_z 39.10678803392017 45.25 30.93000030517578 AB 10.104648067832185 1.2827226998200172
60800.151 lsst_hardware_r 4.555738780208141 34.83000183105469 31.520000457763672 AB 11.468919083426107 1.3399574432977635
60800.1693 lsst_hardware_y -92.50278645309328 50.29999923706055 29.989999771118164 AB 11.384659725543546 1.2367236679749656
60802.15 lsst_hardware_z 50.040798722263816 50.400001525878906 30.940000534057617 AB 8.003628958471742 1.3120703210609415
60802.1688 lsst_hardware_r -31.14380874451288 46.58000183105469 31.59000015258789 AB 7.7545773220973535 1.2133589926611412
60804.1555 lsst_hardware_i -34.59154360987512 56.86000061035156 31.280000686645508 AB 9.508491835083799 1.2511173467215526
60804.1719 lsst_hardware_z -31.570485878394 55.459999084472656 30.959999084472656 AB 8.970165108361366 1.1769810761495845
60806.1446 lsst_hardware_r 22.97926217028648 112.31999969482422 31.610000610351562 AB 9.905053108917393 1.280094744456385
60806.1652 lsst_hardware_z 68.77492905772925 75.75 30.979999542236328 AB 9.133868409565316 1.1819570262450432
60808.1485 lsst_hardware_z -183.917354859396 107.83999633789062 30.979999542236328 AB 8.5755032021221 1.2316701187966836
60808.1685 lsst_hardware_i -206.41225411368194 129.82000732421875 31.329999923706055 AB 6.833616419454584 1.1487643874461364
60812.1637 lsst_hardware_y 28.27736443589332 77.30000305175781 30.780000686645508 AB 8.910962107373635 1.128148391501647
60814.1556 lsst_hardware_r -10.314171779708294 35.34000015258789 31.56999969482422 AB 8.525939154418854 1.1367918872558471
60814.1763 lsst_hardware_i -0.7958293384263195 40.22999954223633 31.290000915527344 AB 9.045629786680744 1.0781870300783596
60818.1589 lsst_hardware_z 58.540447272311866 42.4900016784668 30.940000534057617 AB 2.0617742492361697 1.0943600049023352
60818.1789 lsst_hardware_r -13.923556001774834 24.5 31.510000228881836 AB 2.100258927503267 1.0501294637516334
60819.144 lsst_hardware_u 0.4011123569743549 2.7899999618530273 28.40999984741211 AB 8.514308424364062 1.1300429257898925
60819.1627 lsst_hardware_r 9.545045409783485 24.84000015258789 31.510000228881836 AB 8.10328552852459 1.0780663245559075
60824.1538 lsst_hardware_r -44.914810982596684 24.790000915527344 31.520000457763672 AB 9.702742617392675 1.067369287968105
60824.1749 lsst_hardware_u 2.773170604633618 2.880000114440918 28.510000228881836 AB 9.069385900230953 1.0306120341171536
60826.1566 lsst_hardware_g 18.97483613573288 15.890000343322754 31.479999542236328 AB 8.609996262027085 1.0509607887735162
60826.1752 lsst_hardware_r 5.255467709064062 24.739999771118164 31.530000686645508 AB 8.034190378477456 1.023398557859685
60830.065 lsst_hardware_r 96.83328262455693 39.29999923706055 31.520000457763672 AB 15.72251839042334 1.367294407376584
60830.0851 lsst_hardware_i 27.625261590280648 39.959999084472656 31.25 AB 14.44008316023723 1.2481344209033378
60842.0699 lsst_hardware_z 3.374526146122729 43.70000076293945 30.940000534057617 AB 10.180296143958625 1.170115358059605
60842.0866 lsst_hardware_i 27.545047107506335 38.900001525878906 31.280000686645508 AB 8.821418269829012 1.1133234391151652
60844.0466 lsst_hardware_g 20.659938037383107 15.670000076293945 31.399999618530273 AB 7.054019286674516 1.2495310498359706
60844.0666 lsst_hardware_r 25.75680131785601 25.1200008392334 31.5 AB 6.546883156260561 1.1618936032170897
60849.0709 lsst_hardware_u -2.844452096592709 2.799999952316284 28.420000076293945 AB 3.310488508974082 1.1034961696580272
60849.0864 lsst_hardware_g -9.436952564257547 15.710000038146973 31.459999084472656 AB 3.4097168454929796 1.065536514216556
60851.0696 lsst_hardware_i -44.086871011376054 32.06999969482422 31.25 AB 5.174852696697426 1.0922595528885222
60851.09 lsst_hardware_z 142.72223708910926 41.84000015258789 30.950000762939453 AB 5.546998984371984 1.0479877166771177
60860.0664 lsst_hardware_z 11.633861161836148 47.31999969482422 30.959999084472656 AB 8.962526522903268 1.0462907451439722
60860.0737 lsst_hardware_r 9.295530877269423 45.279998779296875 31.6200008392334 AB 8.809893196615912 1.034692958672372
60864.9543 lsst_hardware_y -111.53301574910601 101.8499984741211 29.920000076293945 AB 3.944310506208575 1.4851964628479994
60864.974 lsst_hardware_z -143.03678481399635 108.05000305175781 30.959999084472656 AB 4.128304940225251 1.3369223932720204
60869.9577 lsst_hardware_y 102.34805622417157 69.41999816894531 29.969999313354492 AB 10.51372818962318 1.3542801446487565
60869.9777 lsst_hardware_i -4.063590042402554 32.900001525878906 31.229999542236328 AB 10.619395531418261 1.2390637105675468
60871.9583 lsst_hardware_y 83.92450841527155 73.19999694824219 29.959999084472656 AB 4.742504263609598 1.315565573945657
60871.9777 lsst_hardware_g 5.737010552382249 15.489999771118164 31.399999618530273 AB 5.1720881408149015 1.2132507954059122
60874.9612 lsst_hardware_z -30.692271583953207 57.81999969482422 30.950000762939453 AB 2.608218783128687 1.2533989586938548
60874.9807 lsst_hardware_u 4.260363718281737 2.859999895095825 28.43000030517578 AB 2.433999569802478 1.1666398321469558
60876.9614 lsst_hardware_y -37.54636419326115 65.31999969482422 30.0 AB 6.751670832827248 1.2254968839836486
60876.9793 lsst_hardware_r 1.6958039827600913 24.579999923706055 31.489999771118164 AB 6.286735032346208 1.1516275933955316
60878.9635 lsst_hardware_y -49.35446672860213 62.779998779296875 30.010000228881836 AB 3.92657038511819 1.1917959485385037
60878.9817 lsst_hardware_z 37.08882631753674 43.13999938964844 30.940000534057617 AB 3.8300881640107907 1.1251727861371301
60880.9657 lsst_hardware_y -95.93745698471957 56.290000915527344 30.020000457763672 AB 5.707603480674826 1.1614196867682614
60880.9846 lsst_hardware_u -1.3559196127306679 2.890000104904175 28.489999771118164 AB 5.4074774201763205 1.1005160701137298
60882.9654 lsst_hardware_y -95.3015839070995 60.88999938964844 30.030000686645508 AB 4.986895724362525 1.1429096388913351
60882.9849 lsst_hardware_r 1.0547980739213567 24.440000534057617 31.510000228881836 AB 4.712670281332166 1.0854518882147022
60883.9814 lsst_hardware_u 3.7688487354295708 3.0399999618530273 28.510000228881836 AB 4.487605148513969 1.0873770653050294
60884.0004 lsst_hardware_g 18.420458288121473 15.819999694824219 31.489999771118164 AB 4.711958259541548 1.0471018354536774
60887.9697 lsst_hardware_y 0.5742333400355515 53.619998931884766 30.030000686645508 AB 5.098339167431143 1.0893499164768654
60887.9893 lsst_hardware_i -2.026126804151184 36.959999084472656 31.280000686645508 AB 4.809803451166976 1.0474120572362529
60889.9697 lsst_hardware_y -12.751035307803795 58.0099983215332 30.049999237060547 AB 4.279850296013898 1.0760602487463709
60889.9887 lsst_hardware_r -38.637484418245315 61.290000915527344 31.649999618530273 AB 3.9904318415913638 1.039355402394
60890.9701 lsst_hardware_y -43.06560943621678 66.16000366210938 30.059999465942383 AB 9.654668292855247 1.069019151050629
60890.9909 lsst_hardware_z 117.61799325754885 67.77999877929688 30.989999771118164 AB 8.962037627189446 1.0320667497712204
60893.9712 lsst_hardware_y -112.48071728512814 63.72999954223633 30.059999465942383 AB 3.27851518237678 1.0504694592684332
60893.9898 lsst_hardware_z 104.1464738008213 70.0999984741211 30.989999771118164 AB 3.189988952729991 1.0230881824021778
