data/validation/pwv_sim_epoch_fit_epoch/56072342.ecsv
# %ECSV 0.9
# ---
# datatype:
# - {name: time, datatype: float64}
# - {name: band, datatype: string}
# - {name: flux, datatype: float64}
# - {name: fluxerr, datatype: float64}
# - {name: zp, datatype: float64}
# - {name: zpsys, datatype: string}
# - {name: pwv, datatype: float64}
# - {name: airmass, datatype: float64}
# meta: {SNID: '56072342', alt: 1024.0, c: -0.08189725130796432, dec: -48.336796, lat: -30.244573, lon: -70.7499537, ra: 45.807175, t0: 60542.01171875,
#   x0: 2.04464728670428e-05, x1: 0.6771096587181091, z: 0.3396485447883606}
# schema: astropy-2.0
time band flux fluxerr zp zpsys pwv airmass
[from data line 132]
60997.2547 lsst_hardware_g -19.8387240879234 12.760000228881836 31.329999923706055 AB 4.644403843671024 1.161100960917756
60999.2367 lsst_hardware_r 46.55559563966406 21.8700008392334 31.469999313354492 AB 5.571555249781491 1.1310888681674487
60999.2487 lsst_hardware_i -2.313645310431747 30.690000534057617 31.229999542236328 AB 5.704629602092087 1.1596936289807558
61001.2368 lsst_hardware_z -21.294024811242476 42.400001525878906 30.940000534057617 AB 3.5310937400224436 1.143704955066785
61001.2485 lsst_hardware_u -3.4964898807874176 2.490000009536743 28.260000228881836 AB 3.653808032932603 1.1739142274479526
61004.1412 lsst_hardware_z 18.135441234584363 40.709999084472656 30.940000534057617 AB 8.077374828315062 1.0516616352900792
61004.1536 lsst_hardware_r 36.08637697576083 21.510000228881836 31.479999542236328 AB 8.100435341304129 1.0521981760242496
61006.1611 lsst_hardware_r -9.330458007916496 23.809999465942383 31.5 AB 3.8049469279746866 1.0569297022151907
61006.1739 lsst_hardware_i -21.047662340774014 30.649999618530273 31.239999771118164 AB 3.876198904615753 1.065865876612796
61009.219 lsst_hardware_z 64.12159105481123 46.81999969482422 30.950000762939453 AB 6.304847429472209 1.1535719384268541
61009.2306 lsst_hardware_i -37.50334161543364 39.029998779296875 31.260000228881836 AB 6.463585426688859 1.1852902766017201
61013.2021 lsst_hardware_y 24.03862138204853 53.400001525878906 30.020000457763672 AB 4.198807104139424 1.1392001910437288
61013.2144 lsst_hardware_r -55.51109711701238 81.37000274658203 31.6200008392334 AB 5.129040357188933 1.1702122649300866
61015.208 lsst_hardware_i -82.12484139732834 59.09000015258789 31.299999237060547 AB 6.071758703197423 1.1676459044610428
61015.2191 lsst_hardware_z 61.82461582480324 56.9900016784668 30.959999084472656 AB 6.388384160028752 1.2002600582487088
61017.1223 lsst_hardware_z -37.86496891680709 44.86000061035156 30.959999084472656 AB 4.023655115742485 1.053266903470859
61017.1354 lsst_hardware_r 0.7308792062071754 38.220001220703125 31.600000381469727 AB 3.920079916099699 1.059481058405324
61020.1014 lsst_hardware_r 17.37023187977096 21.459999084472656 31.469999313354492 AB 11.10999335103304 1.0514189291198461
61020.1142 lsst_hardware_u 4.368185032327438 2.5799999237060547 28.389999389648438 AB 11.13773003458549 1.0532962441092233
61022.0992 lsst_hardware_g -1.56364126322195 12.8100004196167 31.389999389648438 AB 12.451569471662943 1.0515048111186158
61022.1113 lsst_hardware_i 66.70182750705257 29.860000610351562 31.25 AB 12.65708910720979 1.0541717746148278
61024.1039 lsst_hardware_z 28.838068199394115 40.619998931884766 30.950000762939453 AB 8.20009866620739 1.0534952958347377
61024.1186 lsst_hardware_r 10.31770844026118 21.469999313354492 31.479999542236328 AB 8.245896902456398 1.0610434080627156
61026.099 lsst_hardware_u 1.2059481531958058 2.619999885559082 28.420000076293945 AB 10.128083956488613 1.0536824957983166
61026.1115 lsst_hardware_g 23.678539265939893 12.859999656677246 31.3799991607666 AB 10.188092942178246 1.0599255737668072
61030.1086 lsst_hardware_z 5.6788110959330105 40.97999954223633 30.950000762939453 AB 3.304847767726514 1.066079925073069
61030.1207 lsst_hardware_r -44.454695251358686 21.6299991607666 31.469999313354492 AB 3.343788625020022 1.0786414919419425
61032.0878 lsst_hardware_r 8.461372186248184 21.719999313354492 31.479999542236328 AB 4.484448284849609 1.0557853525249228
61032.0994 lsst_hardware_u 0.18178314719243333 2.619999885559082 28.420000076293945 AB 4.560984123464499 1.0630012717831603
61034.0855 lsst_hardware_g -40.24445398991989 14.4399995803833 31.440000534057617 AB 6.362674765865138 1.0574057527716378
61034.0977 lsst_hardware_i 25.895257435432647 30.450000762939453 31.25 AB 6.425123140202337 1.0661008238606773
61036.0857 lsst_hardware_z 34.2272567776916 42.31999969482422 30.950000762939453 AB 5.349334200734208 1.0609548196617486
61036.0977 lsst_hardware_r -12.442219517638614 27.729999542236328 31.540000915527344 AB 5.3850444849223225 1.0712775620276167
61040.0832 lsst_hardware_r -6.541358643275674 54.459999084472656 31.6299991607666 AB 8.024142907851123 1.067797583550111
61040.0962 lsst_hardware_i -17.804737139921126 47.720001220703125 31.299999237060547 AB 8.051931134968235 1.0821397217979236
61042.0841 lsst_hardware_z 58.300556091469694 77.33000183105469 31.719999313354492 AB 5.456558914346816 1.074231501987758
61042.0967 lsst_hardware_r -40.65607291390755 101.12000274658203 32.38999938964844 AB 5.4793717575780745 1.0903137513835586
