data/validation/pwv_sim_epoch_fit_epoch/56336165.ecsv
# %ECSV 0.9
# ---
# datatype:
# - {name: time, datatype: float64}
# - {name: band, datatype: string}
# - {name: flux, datatype: float64}
# - {name: fluxerr, datatype: float64}
# - {name: zp, datatype: float64}
# - {name: zpsys, datatype: string}
# - {name: pwv, datatype: float64}
# - {name: airmass, datatype: float64}
# meta: {SNID: '56336165', alt: 1024.0, c: -0.016969241201877594, dec: 2.388015, lat: -30.244573, lon: -70.7499537, ra: 154.863281, t0: 62144.6171875,
#   x0: 9.348503870577777e-06, x1: 0.7882817983627319, z: 0.47325220704078674}
# schema: astropy-2.0
time band flux fluxerr zp zpsys pwv airmass
62132.311 lsst_hardware_u 3.6016890832397324 3.119226475694418 28.309999465942383 AB 7.787462297390199 1.2459939675824319
62132.3329 lsst_hardware_y 427.62912041199303 52.71558411751794 29.989999771118164 AB 7.504320286242233 1.2035154954949319
62136.3306 lsst_hardware_z 1482.9134939021226 76.49697854501464 30.969999313354492 AB 8.436696855127497 1.1938343612226907
62136.3523 lsst_hardware_y 551.6061935858402 63.944738795561314 30.010000228881836 AB 8.423126557087208 1.1857139393145057
62138.326 lsst_hardware_z 1783.2629004883922 88.78399290302582 30.969999313354492 AB 6.17574163857483 1.1930726328626753
62138.3477 lsst_hardware_y 617.6034336190968 66.46872386463384 30.0 AB 5.3152209661908385 1.185859732909866
62140.3338 lsst_hardware_i 2440.911334828678 102.34627505800071 31.309999465942383 AB 3.2850911979519024 1.1859535010656688
62140.3543 lsst_hardware_y 588.0990813223984 70.82576373180015 30.010000228881836 AB 3.284034864794933 1.191702754166718
62142.3326 lsst_hardware_r 3860.159132128263 86.9531216681203 31.610000610351562 AB 8.646068400003523 1.1854755575873204
62142.3547 lsst_hardware_y 555.0249721996851 61.167344717616004 30.010000228881836 AB 9.295672891912934 1.1971246480248443
62144.2931 lsst_hardware_y 597.0221427092067 54.17088281792693 29.989999771118164 AB 10.677824734050978 1.2142630757800286
62144.3142 lsst_hardware_g 1357.4772706027609 45.30961683633499 31.559999465942383 AB 10.469610442470792 1.189638335255372
62146.2954 lsst_hardware_r 3265.5944337137935 63.07532473728335 31.5 AB 8.619468243529127 1.2025487016038405
62146.3169 lsst_hardware_i 2334.1007399634764 58.11974519687424 31.239999771118164 AB 8.527824473159438 1.1860673815242602
62148.2635 lsst_hardware_z 1883.7969491020979 61.09143219337482 30.93000030517578 AB 7.3308191020410005 1.2562452406890585
62148.2821 lsst_hardware_r 3129.420956396324 61.28541221523283 31.479999542236328 AB 7.089340190789267 1.214395990028565
62150.2679 lsst_hardware_u -3.7886884830297722 2.9984324637056146 28.299999237060547 AB 8.765940806257818 1.2315462298346151
62150.2869 lsst_hardware_r 2906.4311786655085 60.00141156884191 31.479999542236328 AB 8.435933487939376 1.1995355229793407
62152.2663 lsst_hardware_i 2218.6311335413593 56.86607725499082 31.239999771118164 AB 5.525058154193117 1.2234406895910357
62152.2857 lsst_hardware_z 1792.4747964428166 60.2943500443772 30.940000534057617 AB 5.45858533479718 1.1949617633093652
62156.3205 lsst_hardware_g 552.142604504156 28.3381124807406 31.389999389648438 AB 13.135409412591725 1.2018399346648625
62156.3409 lsst_hardware_r 2396.2712460693374 54.60904288852904 31.459999084472656 AB 12.147206293724238 1.239099920304413
62158.2327 lsst_hardware_r 2106.977671199177 52.915826294501755 31.469999313354492 AB 12.031349768078725 1.2664578703240763
62158.2518 lsst_hardware_i 1836.7549274992273 53.65805567558776 31.229999542236328 AB 11.935170898686046 1.2197934742940224
62160.234 lsst_hardware_z 1365.065286404129 56.50480742364394 30.920000076293945 AB 12.450400060786327 1.2474100852405898
62160.2526 lsst_hardware_r 2038.1673257839855 50.77876000794611 31.469999313354492 AB 11.440150204762407 1.209062587694188
62162.2482 lsst_hardware_r 2033.5613948105665 57.60474340942791 31.56999969482422 AB 17.044393792861285 1.2074520964055884
62162.2659 lsst_hardware_i 1689.6320518270404 51.540392328632585 31.239999771118164 AB 15.086304553863227 1.1891073903665719
62163.2865 lsst_hardware_z 1075.6485516267446 60.17273386966192 30.950000762939453 AB 13.687516226548022 1.1884017532510167
62163.3042 lsst_hardware_i 1509.6216308887078 50.984864064855486 31.229999542236328 AB 14.228870218768302 1.2056321147914169
62165.3016 lsst_hardware_z 2033.9738681852407 116.61616536985923 31.719999313354492 AB 13.412753302289468 1.2099185105953154
62167.2072 lsst_hardware_y 299.40700752508747 79.12637706814765 29.989999771118164 AB 12.968406227908863 1.2692968804843756
62167.2255 lsst_hardware_r 1383.8788475490985 166.1873668540845 31.6200008392334 AB 12.908887084618671 1.2231274478509377
62169.2101 lsst_hardware_i 1360.601670815159 96.02890526695906 31.299999237060547 AB 12.916747921614803 1.2456681163959242
62169.2271 lsst_hardware_z 880.6285054080824 83.48548550172504 30.969999313354492 AB 12.606597943557198 1.2105142418856083
62171.213 lsst_hardware_r 1054.2873040802338 62.29503114730423 31.59000015258789 AB 9.222264900482779 1.2263242446039335
62171.2302 lsst_hardware_z 899.7775846517185 59.814263563904696 30.950000762939453 AB 9.021752882989958 1.198784557418192
62177.2545 lsst_hardware_u 5.138720669971449 3.1745142726306694 28.350000381469727 AB 4.009743484762786 1.1926661168241481
62177.2735 lsst_hardware_g 124.26907175545385 18.461253192398104 31.389999389648438 AB 4.171102885136901 1.2178402584341042
62179.1907 lsst_hardware_r 537.6696719867954 34.39933065658424 31.489999771118164 AB 7.311276513716874 1.2272733628665404
62179.2072 lsst_hardware_i 874.7553396298422 43.82464297120381 31.239999771118164 AB 7.09445460998678 1.2001445714424461
62183.2037 lsst_hardware_g 67.58917233391021 17.899665310864076 31.420000076293945 AB 4.96249163592518 1.192572187910077
62183.2203 lsst_hardware_r 487.78152884388413 32.702536472897854 31.489999771118164 AB 4.7812527854660685 1.185459067864856
62189.1564 lsst_hardware_z 655.9932882836292 52.02041798206713 30.93000030517578 AB 8.125372724636367 1.2433623144049528
62189.1738 lsst_hardware_g 67.17036376013827 17.75758313857122 31.420000076293945 AB 9.679026405248276 1.2084684208317307
62191.1601 lsst_hardware_r 221.31233069849492 54.19744398528493 31.59000015258789 AB 11.432979003447652 1.222865694892433
62191.1774 lsst_hardware_i 651.0553840120443 52.68623094688566 31.280000686645508 AB 11.599826547684488 1.1967837552421448
62193.1686 lsst_hardware_z 1151.868426040142 101.87824297693881 31.719999313354492 AB 8.395474004305578 1.20059690455194
62195.1584 lsst_hardware_z 569.4949309947874 116.52711566410127 30.979999542236328 AB 7.344557600556136 1.2069938538300964
62195.1765 lsst_hardware_r 499.86845675472574 168.76026432066976 31.6299991607666 AB 7.269329816799233 1.18868921171344
62197.1551 lsst_hardware_i 549.6397538235416 101.24278804527128 31.309999465942383 AB 4.083336803496156 1.2039322270750337
62197.1741 lsst_hardware_z 569.2835593245775 87.44536241527362 30.969999313354492 AB 4.620784727582291 1.1872011461265681
62198.158 lsst_hardware_i 434.85204536470127 72.2851439803604 31.299999237060547 AB 5.815156028268403 1.1970883697737436
62198.1754 lsst_hardware_z 489.38424657852426 67.29838602387395 30.959999084472656 AB 6.463937383396045 1.1859347552327393
62201.1988 lsst_hardware_g 76.73882060455026 36.83489140882085 31.610000610351562 AB 9.386063025055538 1.2033414134686589
62201.2164 lsst_hardware_r 267.0098829010131 42.04368690002775 31.559999465942383 AB 9.771458903900704 1.2352257168254888
62203.1977 lsst_hardware_i 363.26199051976056 38.592243903786304 31.239999771118164 AB 13.032093615318104 1.2096715118759986
62203.2177 lsst_hardware_r 253.93971587128078 31.40141588117949 31.5 AB 13.512870359315128 1.2521868793236997
62205.1166 lsst_hardware_z 476.0869443229607 48.11484605350065 30.93000030517578 AB 13.80137138427669 1.2340649802637798
62205.1367 lsst_hardware_u 1.5504688807826328 2.7413009070094376 28.329999923706055 AB 12.591296833567059 1.1995519371451628
62210.1152 lsst_hardware_i 300.4408998898442 37.1970317684603 31.239999771118164 AB 10.763754397458221 1.2104306322697254
62210.1335 lsst_hardware_u -2.2361452414164766 2.826648195727927 28.389999389648438 AB 11.784516628168772 1.189934531041399
62212.1163 lsst_hardware_g 37.965076209651215 16.369006064761766 31.40999984741211 AB 9.174929949575825 1.2011166804297204
62212.1378 lsst_hardware_r 246.48002652160233 28.539593096058187 31.489999771118164 AB 9.76066627614549 1.1858060775879107
62215.1153 lsst_hardware_i 275.5668346706701 36.97895569551864 31.25 AB 5.992205990518069 1.1934486047736441
62215.1344 lsst_hardware_r 239.098148502317 28.30863725161387 31.5 AB 5.510040070766186 1.1854647312319084
62217.1546 lsst_hardware_z 371.2768717023408 47.385499430126146 30.940000534057617 AB 5.997361676888726 1.2026593827420116
62217.1749 lsst_hardware_g 24.71283643294234 16.253373504577674 31.40999984741211 AB 5.900720738785378 1.2404072675032767
62219.1571 lsst_hardware_r -44.31899762894948 35.790000915527344 31.559999465942383 AB 6.559711405296301 1.2147613713511667
62219.1754 lsst_hardware_i 4.5158635433886545 38.41999816894531 31.25 AB 7.472647598021004 1.256012706617515
62223.1479 lsst_hardware_z -10.917230417201104 142.05999755859375 31.739999771118164 AB 8.9282870125063 1.217825817837542
62225.1423 lsst_hardware_r -4.884535904603419 128.55999755859375 31.6200008392334 AB 7.775418545702727 1.217572587801848
62225.1601 lsst_hardware_z 121.19477963929623 86.7300033569336 30.969999313354492 AB 8.02625749046411 1.2590866174122535
62227.0621 lsst_hardware_i -61.13823107517621 60.88999938964844 31.290000915527344 AB 6.3558568844603425 1.2222801700885273
62227.081 lsst_hardware_r -82.16041799317873 73.5199966430664 31.6200008392334 AB 6.213299382984459 1.19486526595855
62229.0582 lsst_hardware_u -2.3982283877343185 3.5899999141693115 28.510000228881836 AB 7.476699909244242 1.2192922226425704
62229.075 lsst_hardware_g 36.975731465671366 29.790000915527344 31.579999923706055 AB 7.172344424208928 1.1953907373681547
62231.0596 lsst_hardware_r 10.117219900652454 24.610000610351562 31.469999313354492 AB 9.436767625009772 1.2077387828900235
62231.0772 lsst_hardware_i 22.550703509804496 32.75 31.229999542236328 AB 9.27929728515362 1.1892723210706337
62237.0516 lsst_hardware_r 33.533625550892666 24.719999313354492 31.479999542236328 AB 3.7535638206753417 1.1969908543211294
62237.0685 lsst_hardware_z 19.17373424562763 44.060001373291016 30.940000534057617 AB 3.7488263711841134 1.1860246890115833
62247.0894 lsst_hardware_r -16.994967417390217 32.43000030517578 31.540000915527344 AB 8.624400920437976 1.2320572743482823
62247.1087 lsst_hardware_z -37.60624747284416 46.689998626708984 30.93000030517578 AB 9.005486047270546 1.2864980067529352
62249.0194 lsst_hardware_z 165.84975733272898 84.1500015258789 31.709999084472656 AB 7.36740063599745 1.1963950366998133
62251.0094 lsst_hardware_r -62.72585478853227 104.13999938964844 31.6200008392334 AB 15.754219124347873 1.2016337174067837
62251.0286 lsst_hardware_z 153.314388853513 78.4800033569336 30.979999542236328 AB 15.546371983602235 1.1864893331164177
62253.0095 lsst_hardware_r -25.117983494880736 103.62999725341797 31.6200008392334 AB 5.478735007396061 1.195360365249982
62253.0284 lsst_hardware_y 99.60821122008234 58.77000045776367 30.010000228881836 AB 5.437930350159277 1.1854875865548429
62255.007 lsst_hardware_g -88.53903716850581 90.75 31.65999984741211 AB 10.176931406419769 1.1926557373045332
62255.0239 lsst_hardware_r -48.042609212751785 84.22000122070312 31.610000610351562 AB 10.097652313751782 1.185448733711174
62258.0048 lsst_hardware_i 45.72533614519195 32.959999084472656 31.239999771118164 AB 10.433333446918786 1.1885098190942398
62258.0226 lsst_hardware_z -5.301934519159248 44.029998779296875 30.940000534057617 AB 10.418814182370797 1.186472917822372
62260.0526 lsst_hardware_r -54.703207740746755 25.3700008392334 31.479999542236328 AB 13.49181383990841 1.2292104445980463
62260.0702 lsst_hardware_u -3.7703901769923074 2.7300000190734863 28.309999465942383 AB 13.953512782936697 1.2764305030891931
62262.0457 lsst_hardware_g 1.7928910506627742 15.609999656677246 31.40999984741211 AB 4.4322261011023505 1.2261783754432913
62262.0654 lsst_hardware_i -42.076152896386624 33.560001373291016 31.219999313354492 AB 4.623183733793503 1.2785942568684499
62264.9658 lsst_hardware_y 101.73685172325051 52.130001068115234 30.0 AB 10.542289221932966 1.209209239755263
62264.9837 lsst_hardware_u 2.3205529052400133 2.890000104904175 28.459999084472656 AB 10.444289015829256 1.1896900576180949
62266.9634 lsst_hardware_z 53.037492734475 48.880001068115234 30.950000762939453 AB 9.061321634844779 1.2047093322343103
62266.9819 lsst_hardware_r 13.362656718264967 25.559999465942383 31.489999771118164 AB 8.914629975600384 1.1876671963229928
62275.9621 lsst_hardware_y 66.61190102978262 52.47999954223633 30.0 AB 8.952383099055526 1.186007917737572
62275.9826 lsst_hardware_i 70.29309528774264 38.709999084472656 31.25 AB 8.96245622639632 1.191393507585506
62277.9593 lsst_hardware_y -34.48502377133078 59.70000076293945 30.010000228881836 AB 6.543112892477547 1.1855613140928216
62277.9778 lsst_hardware_r 27.45276329972449 67.7699966430664 31.600000381469727 AB 6.427961987374064 1.1919083974363183
62498.3311 lsst_hardware_g 31.104642191818538 39.52000045776367 31.6200008392334 AB 7.5680814714911895 1.2031288439655328
62498.3511 lsst_hardware_y 12.391594487589753 58.060001373291016 30.0 AB 6.649776088861721 1.1865771459679346
62500.3289 lsst_hardware_i -18.274337164230744 34.11000061035156 31.239999771118164 AB 11.217627565565053 1.1990623065878434
62500.3489 lsst_hardware_z 52.060314982675735 47.95000076293945 30.940000534057617 AB 10.326196236002483 1.1857379127308985
62502.3336 lsst_hardware_r -9.937493801872762 35.27000045776367 32.2400016784668 AB 8.498171437690727 1.1898343097008084
62502.3546 lsst_hardware_y 169.86363634324093 83.33999633789062 30.760000228881836 AB 8.478577943011176 1.186747066823971
62504.3286 lsst_hardware_r -15.299818160128655 24.690000534057617 31.469999313354492 AB 5.371447460807801 1.189535673310826
62504.35 lsst_hardware_y 34.459451171192605 51.72999954223633 29.989999771118164 AB 6.52889978679564 1.1870726885082983
62506.3307 lsst_hardware_z -12.224851606207153 44.040000915527344 30.93000030517578 AB 11.974842409174734 1.186136864909836
62506.3521 lsst_hardware_y 8.529228899281893 51.959999084472656 30.0 AB 13.376372427608606 1.1914997931330864
62508.3346 lsst_hardware_u 0.7797770469345398 2.690000057220459 28.31999969482422 AB 8.187551056479586 1.1857566791507868
62508.355 lsst_hardware_y 143.38422771917465 53.2599983215332 29.989999771118164 AB 8.395031077805632 1.199690050655781
62511.2894 lsst_hardware_g 11.898991378725977 15.140000343322754 31.389999389648438 AB 8.02239751064116 1.2123919465983333
62511.314 lsst_hardware_r 20.634434261173023 24.700000762939453 31.479999542236328 AB 8.507458893920578 1.187170113345663
62513.2557 lsst_hardware_i 46.41027707443601 33.529998779296875 31.219999313354492 AB 7.490473907809275 1.2823958068497283
62513.2695 lsst_hardware_z -47.93505176989442 44.779998779296875 30.93000030517578 AB 7.287706535308143 1.24215212805661
62515.2669 lsst_hardware_r -20.410344809043366 24.559999465942383 31.469999313354492 AB 8.690358579318698 1.2353032806423168
62515.2852 lsst_hardware_g 2.1542163135011703 14.989999771118164 31.389999389648438 AB 8.492139992998762 1.2024410897589883
62516.2575 lsst_hardware_r 32.9461898953564 36.310001373291016 31.549999237060547 AB 6.892892665785979 1.252039113426855
62516.2761 lsst_hardware_i 25.360846700353278 32.61000061035156 31.229999542236328 AB 6.675052485055138 1.2118098308723397
62518.2704 lsst_hardware_z -58.49080141351661 57.439998626708984 30.950000762939453 AB 2.643612098010403 1.2122027197601974
62518.2895 lsst_hardware_i -89.38714554891118 54.33000183105469 31.290000915527344 AB 2.640041046646004 1.1901011479997012
62520.3203 lsst_hardware_z -84.57412508793948 108.9000015258789 31.719999313354492 AB 7.903301072338215 1.1974698594451842
62522.3177 lsst_hardware_r 291.3234745445893 149.00999450683594 31.6200008392334 AB 14.467850181076802 1.2008009446052872
62522.3379 lsst_hardware_i 158.71987173228507 119.87000274658203 31.299999237060547 AB 13.932954034288592 1.2367259039844303
62524.23 lsst_hardware_i 87.59770003614273 96.19999694824219 31.290000915527344 AB 11.667289519827728 1.2684134285009265
62524.25 lsst_hardware_z 109.55519156775614 82.9800033569336 30.969999313354492 AB 11.583146168785914 1.2192785440827278
