data/validation/pwv_sim_epoch_fit_epoch/56423773.ecsv
# %ECSV 0.9
# ---
# datatype:
# - {name: time, datatype: float64}
# - {name: band, datatype: string}
# - {name: flux, datatype: float64}
# - {name: fluxerr, datatype: float64}
# - {name: zp, datatype: float64}
# - {name: zpsys, datatype: string}
# - {name: pwv, datatype: float64}
# - {name: airmass, datatype: float64}
# meta: {SNID: '56423773', alt: 1024.0, c: -0.042688317596912384, dec: -28.461132, lat: -30.244573, lon: -70.7499537, ra: 131.132812,
#   t0: 61405.0546875, x0: 6.320435149716096e-06, x1: -0.022518489509820938, z: 0.5568336844444275}
# schema: astropy-2.0
time band flux fluxerr zp zpsys pwv airmass
61360.2854 lsst_hardware_r 22.748906033354345 23.260000228881836 31.440000534057617 AB 7.486626443320686 1.272181047740298
61360.3029 lsst_hardware_z 29.163347667727717 43.220001220703125 30.93000030517578 AB 5.758636201271728 1.1893401216000772
61362.2819 lsst_hardware_r 12.404390431406084 23.200000762939453 31.440000534057617 AB 5.047148872817131 1.2617872182042829
61362.2985 lsst_hardware_u -4.026200030784201 2.5399999618530273 28.270000457763672 AB 5.421313428551703 1.1849865417599352
61363.2515 lsst_hardware_z 9.996289201828855 49.0099983215332 30.899999618530273 AB 7.641097745312178 1.4413086381800024
61363.2676 lsst_hardware_g -5.817615808910424 13.569999694824219 31.299999237060547 AB 7.050630642290227 1.327802380845617
61365.26 lsst_hardware_r -7.6140241519717735 47.7599983215332 31.549999237060547 AB 4.299390167383227 1.3413238874947673
61365.2762 lsst_hardware_i -82.40492909839747 42.560001373291016 31.260000228881836 AB 4.197521919629917 1.2490146557121355
61369.2703 lsst_hardware_z -39.17552080119575 85.37000274658203 31.709999084472656 AB 8.119027332429898 1.2246663061926815
61371.2909 lsst_hardware_z -57.433552934543954 54.630001068115234 30.959999084472656 AB 4.9207321029322495 1.124117825109665
61371.3066 lsst_hardware_r 44.35099360787634 64.75 31.6299991607666 AB 4.190665943360819 1.0807649112472353
61373.2629 lsst_hardware_r -3.9087036051598654 53.34000015258789 31.600000381469727 AB 6.022103438263214 1.2086509660336353
61373.2781 lsst_hardware_y 76.65059453823211 50.54999923706055 30.020000457763672 AB 5.765922876670092 1.1484948878751946
61375.2595 lsst_hardware_g -43.5147233934058 29.282677615117404 31.600000381469727 AB 9.217416225474487 1.1996637169814144
61375.2761 lsst_hardware_r -0.5448651307279484 34.78200936854012 31.56999969482422 AB 8.854045128004328 1.1366519554538854
61378.2236 lsst_hardware_g -15.62189406797697 13.495147999417187 31.309999465942383 AB 5.9165518977722655 1.3471968800073468
61378.2449 lsst_hardware_r 16.23706962758533 22.889236801819926 31.459999084472656 AB 5.3648171002213 1.2285606229395545
61380.2263 lsst_hardware_i 130.09581629826084 46.57497322585601 31.959999084472656 AB 6.915449219279279 1.2972142598535508
61380.2475 lsst_hardware_z 61.60452300690813 61.48461041786879 31.68000030517578 AB 6.3234918856698865 1.1926616155544865
61382.2395 lsst_hardware_g 39.45330815560692 14.5342022775495 31.350000381469727 AB 6.238983985819887 1.2035077133143097
61382.2615 lsst_hardware_i 159.81822339662995 33.16356941618795 31.239999771118164 AB 7.155854878351053 1.122149661411767
61384.2444 lsst_hardware_z 245.840965180379 44.787038746842796 30.940000534057617 AB 10.832285363434362 1.1617637669921024
61384.2679 lsst_hardware_r 311.3123730441864 28.62786291956003 31.489999771118164 AB 10.070087789659546 1.0887169889896624
61386.2435 lsst_hardware_u 13.470811665332235 4.137937176089988 28.34000015258789 AB 14.359066841294407 1.1453808352646084
61386.2677 lsst_hardware_g 144.68050785698225 17.885811143173072 31.3799991607666 AB 13.328801741651578 1.0759084151178608
61388.2447 lsst_hardware_r 723.790127182907 35.46425006862786 31.469999313354492 AB 8.666503873317309 1.1234530245199814
61388.266 lsst_hardware_i 598.490504517521 38.894479279463035 31.239999771118164 AB 8.468181174824487 1.0674626465176462
61391.2503 lsst_hardware_z 575.0664431569127 48.418264430424045 30.950000762939453 AB 7.617464204414238 1.084915678036566
61391.2733 lsst_hardware_r 1267.0219607997078 40.8561061580314 31.5 AB 7.360062475239911 1.0384934177910456
61395.2479 lsst_hardware_i 1289.980969853104 56.96240095186779 31.299999237060547 AB 6.285206967987231 1.0652893166080053
61395.2704 lsst_hardware_z 952.0023410466473 54.94570919272717 30.969999313354492 AB 5.512214480404012 1.0269293573379292
61404.1281 lsst_hardware_u 0.4725335890722439 2.566617329497642 28.0 AB 12.172292666090442 1.5415120097206014
61404.1494 lsst_hardware_g 590.175073853212 27.7040060957151 31.290000915527344 AB 10.701001777580798 1.3686479081149425
61406.1362 lsst_hardware_r 2029.2538134438266 50.660831203035556 31.420000076293945 AB 9.924797828549638 1.424864036280525
61406.1578 lsst_hardware_i 1722.9481599216617 52.39013422787327 31.219999313354492 AB 8.939415867670082 1.2831700487493058
61410.1335 lsst_hardware_g 405.2008891959864 24.132345954164755 31.299999237060547 AB 15.475738307292172 1.3653657688731018
61410.1565 lsst_hardware_r 1884.7681570775903 48.963794800237935 31.459999084472656 AB 14.002183972905765 1.2334824122188877
61412.139 lsst_hardware_i 1595.8598544863844 50.85589950010819 31.209999084472656 AB 10.33072719769431 1.296825390425463
61412.16 lsst_hardware_z 1332.7391888200948 55.41099079016903 30.93000030517578 AB 9.54415219735152 1.193217894317993
61414.2123 lsst_hardware_i 1496.8441473965722 48.95407772154782 31.239999771118164 AB 7.212157896444901 1.0357087522718302
61414.23 lsst_hardware_z 1290.3760455530858 53.08869033958632 30.950000762939453 AB 6.998769215139926 1.0141673982234336
61416.125 lsst_hardware_g 279.40285713515857 20.656069144653276 31.31999969482422 AB 6.311731921263636 1.3149441502632575
61416.1418 lsst_hardware_r 1467.478431976171 44.31484060260028 31.459999084472656 AB 5.9366610179998895 1.2255067385043896
61419.1198 lsst_hardware_i 1281.6433037542595 48.11987909296735 31.209999084472656 AB 8.908332441877972 1.2973299672637824
61419.1362 lsst_hardware_r 1184.2449350215109 41.735995521639275 31.459999084472656 AB 8.84729469688106 1.213606798762848
61421.1198 lsst_hardware_z 924.0653963522375 55.06377521794461 30.93000030517578 AB 4.767625120644146 1.2671428892077463
61421.1357 lsst_hardware_g 230.41225039440735 26.74755757773279 31.540000915527344 AB 5.209366049144119 1.192074610788128
61423.125 lsst_hardware_r 1182.5970091611186 54.854110257162354 31.579999923706055 AB 5.223917156282545 1.2148644549494292
61423.142 lsst_hardware_i 1216.3637272904946 53.21651062956285 31.280000686645508 AB 5.1697638917671265 1.1470521170994141
61425.1227 lsst_hardware_z 871.6413125607462 61.312311820047086 30.959999084472656 AB 9.214817678782238 1.2009015317866893
61425.1397 lsst_hardware_r 865.3661349806342 70.1533981004441 31.6299991607666 AB 8.311878426145913 1.1362786638613689
61427.131 lsst_hardware_z 1682.6871385391007 104.53565964931248 31.729999542236328 AB 11.775582703057951 1.147326224295606
61429.1289 lsst_hardware_r 549.4337062265532 95.96147913411815 31.6299991607666 AB 16.003717743417976 1.1358747333740422
61429.146 lsst_hardware_z 695.6181819749917 71.47779257165296 30.979999542236328 AB 15.37527809463386 1.08628501445767
61431.1206 lsst_hardware_r 649.5175396577378 58.87616012332165 31.610000610351562 AB 15.637541269868944 1.1455095122420997
61431.1398 lsst_hardware_y 326.22498954681686 53.09433836210447 30.040000915527344 AB 14.34670891226926 1.0881496387628853
61433.1153 lsst_hardware_g 80.84505616251347 15.876288897610044 31.3700008392334 AB 14.048280951077322 1.144952501157507
61433.1339 lsst_hardware_r 453.5822072102892 36.41327498231794 31.549999237060547 AB 12.840301407303008 1.0892688672635737
61435.1151 lsst_hardware_i 607.9219603640597 39.048748701590696 31.239999771118164 AB 14.19606618456524 1.127477260310161
61435.1339 lsst_hardware_z 708.0640060841787 48.89059242137347 30.950000762939453 AB 12.941467716273628 1.0759451044457622
61437.1206 lsst_hardware_r 296.32465453340825 28.803042552416656 31.479999542236328 AB 8.379122333277676 1.0954771751610497
61437.1396 lsst_hardware_u -0.5036554442895357 3.0440354075921006 28.420000076293945 AB 8.813265913385695 1.0525187691390334
61439.1162 lsst_hardware_g 34.913848845210836 15.218742242260996 31.420000076293945 AB 7.955324952920126 1.0926768623741403
61439.1352 lsst_hardware_i 443.28381222912213 36.908466818560946 31.25 AB 7.8697178569314765 1.0505446951729025
61441.1193 lsst_hardware_z 577.7148687084182 47.96057994548764 30.950000762939453 AB 6.611817408148014 1.0718679432841116
61441.1373 lsst_hardware_r 226.14971246266086 27.738227734054842 31.510000228881836 AB 6.625251354795613 1.0376816364407957
61444.1211 lsst_hardware_u -2.755893635706811 3.1772713420524537 28.479999542236328 AB 8.851769319334934 1.0513726661323675
61444.1401 lsst_hardware_g 23.39235139077492 14.620661751567438 31.40999984741211 AB 8.760533754723962 1.0225906098662265
61446.0227 lsst_hardware_z 522.0563235963556 73.33778995223082 30.940000534057617 AB 3.6475668612513 1.45902674450052
61446.0401 lsst_hardware_u 4.934776069717874 3.651750487844347 28.420000076293945 AB 3.3333761395047166 1.3333504558018867
61449.0206 lsst_hardware_y 344.66279299940453 86.78604016125911 29.940000534057617 AB 4.625561170558085 1.4111283601550024
61449.0385 lsst_hardware_r 188.14652739489952 30.23737036968776 31.489999771118164 AB 4.32243244113934 1.2938186404009
61451.0206 lsst_hardware_y 118.87519308971419 76.11801560735839 29.959999084472656 AB 2.9511508391149532 1.371883864158187
61451.0416 lsst_hardware_z 395.84505658807257 50.63902978093984 30.940000534057617 AB 2.725177685254847 1.2479824539405495
61453.0192 lsst_hardware_y 258.94440254688806 81.87353052949058 29.959999084472656 AB 1.9169568377697286 1.3447610226374684
61453.038 lsst_hardware_z 380.8501810172115 56.00219410658446 30.950000762939453 AB 1.7426416496240384 1.238771387683684
61455.0181 lsst_hardware_y 246.1381945766448 80.2283703928417 29.969999313354492 AB 7.752915760642313 1.3174401587089375
61455.0377 lsst_hardware_r 190.5406996955155 86.27311360352493 31.610000610351562 AB 7.552547168968514 1.2145287720460745
61457.0176 lsst_hardware_y 35.64797005407617 76.0735908168497 29.989999771118164 AB 5.070130020174721 1.2884701448982774
61457.0363 lsst_hardware_r 121.19869109125122 104.31001899080334 31.6299991607666 AB 4.806062592890177 1.196728733289456
61459.0155 lsst_hardware_z 420.14977535190474 66.67786843032319 30.959999084472656 AB 9.009517881674324 1.2700343554934614
61459.0353 lsst_hardware_g -18.61962937958006 47.28375151943402 31.65999984741211 AB 8.334855478591184 1.1783906799615234
61461.0148 lsst_hardware_y 91.04253098721475 67.29938915908896 30.0 AB 11.77454544062549 1.245456467170033
61461.0334 lsst_hardware_i 192.4210860968693 33.95984058544095 31.239999771118164 AB 10.99981029797457 1.164617289356757
61463.0127 lsst_hardware_y 68.43095745393138 71.21444032388737 30.0 AB 9.740543101720947 1.2291293860022015
61463.0308 lsst_hardware_r 131.81220163596356 25.044619618161292 31.469999313354492 AB 9.130808284516304 1.1540820026563408
61465.012 lsst_hardware_y 177.30826255718804 64.09233007144947 30.010000228881836 AB 6.141451644324138 1.207362708582727
61465.0329 lsst_hardware_g 8.30026808589671 14.287172956944925 31.3799991607666 AB 5.776409424222552 1.128388622670855
61467.0113 lsst_hardware_y 168.5892762620432 63.15001206329433 30.020000457763672 AB 6.313777405355949 1.1870977824058448
61467.0311 lsst_hardware_z 221.8296689560219 44.798978993535044 30.940000534057617 AB 5.925537494891487 1.1170072879873363
61471.0099 lsst_hardware_z 314.0243638896808 52.77705420995242 30.959999084472656 AB 7.400469434526326 1.15070467397884
61471.0307 lsst_hardware_r 117.20101105482456 24.410683842237994 31.469999313354492 AB 7.0068208293009375 1.087846736423061
61473.0071 lsst_hardware_y 110.81194967350696 57.28490240173658 30.020000457763672 AB 12.342794015352453 1.1414509065593095
61473.0283 lsst_hardware_z 175.74567758535997 44.04327898363959 30.940000534057617 AB 11.60371700125977 1.0802948447582703
61475.0068 lsst_hardware_y 173.36938760468703 54.46987066821237 30.030000686645508 AB 9.073567953113864 1.1245668901423889
61475.0279 lsst_hardware_u -0.10885868798635125 2.639258229213086 28.399999618530273 AB 8.622428025563977 1.0686752355584355
61478.0042 lsst_hardware_y 74.69720653032068 54.26964131783511 30.030000686645508 AB 15.2624138836894 1.1077781806343137
61478.0266 lsst_hardware_i 216.2777490252622 33.07841173049948 31.25 AB 14.619940381405716 1.0545127401386583
61480.0021 lsst_hardware_y 32.129606584374116 56.70191931990972 30.040000915527344 AB 8.95306598393587 1.0984009304301154
61480.0212 lsst_hardware_r 174.53773260058364 34.41121786108648 31.579999923706055 AB 8.562743658801443 1.0543952295039336
61485.9969 lsst_hardware_z 8.170450913384604 73.68000030517578 31.0 AB 5.382583298107713 1.0708056959100225
61486.014 lsst_hardware_i 7.503481124645238 74.75 31.34000015258789 AB 5.362737385212526 1.0383511136980912
61487.9952 lsst_hardware_y -30.74474224300731 58.9900016784668 30.059999465942383 AB 5.934295169826926 1.0627002244131094
61488.0139 lsst_hardware_r 24.697792237243515 64.26000213623047 31.649999618530273 AB 4.781013139457264 1.0303907628140656
61492.9923 lsst_hardware_y 121.74604635337427 52.7599983215332 30.059999465942383 AB 7.744100367577492 1.042555246038973
61493.0102 lsst_hardware_z -33.72049296164426 40.619998931884766 30.959999084472656 AB 6.618433316196374 1.0182205101840576
61724.2694 lsst_hardware_i 96.25055070982239 64.7699966430664 31.260000228881836 AB 6.329561863680737 1.3935627176751952
61724.2863 lsst_hardware_r 24.33877924018763 78.5199966430664 31.600000381469727 AB 5.870943813832819 1.285983604081575
61726.2903 lsst_hardware_z -72.0751611061536 78.55000305175781 31.709999084472656 AB 5.0100715779269684 1.236698460014062
61731.2571 lsst_hardware_i 33.872173181311915 34.13999938964844 31.209999084472656 AB 4.04237952188403 1.3468612356351375
61731.2747 lsst_hardware_u 0.3473821684046769 3.140000104904175 28.440000534057617 AB 3.5527636006760166 1.2462921891987897
61734.2668 lsst_hardware_g -3.686180073415346 13.529999732971191 31.329999923706055 AB 8.183305465878774 1.244845859042217
61734.2825 lsst_hardware_r 1.5053217096667526 22.739999771118164 31.459999084472656 AB 7.647248081639262 1.1752942748420996
61736.2913 lsst_hardware_r 5.245346670804126 22.360000610351562 31.469999313354492 AB 4.939218346040053 1.1250212617204585
61736.3092 lsst_hardware_u 4.2137944569484045 2.630000114440918 28.40999984741211 AB 4.117134485337184 1.0762343446183553
61738.2627 lsst_hardware_u 0.04238561123415393 2.549999952316284 28.290000915527344 AB 5.991801867691389 1.2126085236916546
61738.278 lsst_hardware_g 16.01438706238156 13.289999961853027 31.3700008392334 AB 5.676294771641528 1.1512809475144288
61740.2692 lsst_hardware_r -20.013866027131286 22.309999465942383 31.459999084472656 AB 8.926776592347451 1.1634769100485438
61740.2856 lsst_hardware_i -21.511108591023962 30.350000381469727 31.229999542236328 AB 8.520530129709378 1.1092634831191284
61742.2662 lsst_hardware_z -25.344772761962947 42.650001525878906 30.940000534057617 AB 7.18131178801055 1.154431788850548
61742.2819 lsst_hardware_r -26.752256632726194 22.329999923706055 31.479999542236328 AB 6.8751637834622255 1.1042448714751838
61746.2267 lsst_hardware_z 9.625517078887798 44.20000076293945 30.920000076293945 AB 5.454905607115137 1.2834065423375582
61746.2485 lsst_hardware_g -26.35090584056497 13.420000076293945 31.3700008392334 AB 4.986356315857884 1.180202678309616
61748.2387 lsst_hardware_r -51.367904169202355 36.95000076293945 31.559999465942383 AB 6.61487801843429 1.198148499210998
61748.262 lsst_hardware_y 87.44204944493755 47.68000030517578 30.020000457763672 AB 7.436926891705376 1.1144246091464869
61752.2497 lsst_hardware_i -73.23370916990966 63.65999984741211 31.31999969482422 AB 12.09125063914733 1.1185763114988971
61752.2715 lsst_hardware_z -54.0050251400401 57.720001220703125 30.979999542236328 AB 11.151749789126415 1.0630332004314775
61754.2467 lsst_hardware_r 176.8524539716735 83.41999816894531 31.639999389648438 AB 8.970383972075854 1.1112348087587285
61754.2684 lsst_hardware_z -11.943656003617997 59.9900016784668 30.979999542236328 AB 8.64325267629288 1.0582183999267896
61756.2519 lsst_hardware_z -28.350390146311764 55.38999938964844 30.969999313354492 AB 7.668545530293451 1.0826691416480942
61756.274 lsst_hardware_i -93.75620628719925 55.88999938964844 31.31999969482422 AB 7.318387357260294 1.038474207280896
