data/validation/pwv_sim_epoch_fit_epoch/56540052.ecsv
# %ECSV 0.9
# ---
# datatype:
# - {name: time, datatype: float64}
# - {name: band, datatype: string}
# - {name: flux, datatype: float64}
# - {name: fluxerr, datatype: float64}
# - {name: zp, datatype: float64}
# - {name: zpsys, datatype: string}
# - {name: pwv, datatype: float64}
# - {name: airmass, datatype: float64}
# meta: {SNID: '56540052', alt: 1024.0, c: -0.10289555788040161, dec: -12.329984, lat: -30.244573, lon: -70.7499537, ra: 157.675781, t0: 60355.7734375,
#   x0: 1.1723678848789101e-05, x1: 0.18640072643756866, z: 0.4300840497016907}
# schema: astropy-2.0
time band flux fluxerr zp zpsys pwv airmass
60309.3363 lsst_hardware_i -115.3814468363324 67.31999969482422 31.329999923706055 AB 6.232676940540306 1.059738767944925
60309.3568 lsst_hardware_y 52.86779546187751 69.0 30.059999465942383 AB 6.16378648052942 1.0503171986929232
60311.3354 lsst_hardware_i 38.44304787964294 54.16999816894531 31.31999969482422 AB 4.71696798185702 1.0562740871516803
60311.3564 lsst_hardware_y 2.7633708532919177 60.29999923706055 30.059999465942383 AB 4.670063111726899 1.0503965613420823
60313.3408 lsst_hardware_g 60.75676949525956 33.060001373291016 31.670000076293945 AB 2.9288708372831826 1.0511873799132105
60313.3607 lsst_hardware_y 68.41623001515202 64.9000015258789 30.059999465942383 AB 2.904803860008279 1.0532283756375196
60317.3283 lsst_hardware_u -0.9514341692925199 2.7899999618530273 28.479999542236328 AB 9.168648930593458 1.0516515691753139
60317.3496 lsst_hardware_z -1.4108435335179026 42.38999938964844 30.950000762939453 AB 9.213242414952195 1.0531425888686066
60319.3285 lsst_hardware_r -9.231264098864612 23.0 31.5 AB 7.539486876034585 1.0504091686297197
60319.3495 lsst_hardware_y -91.42469618440487 48.2400016784668 30.049999237060547 AB 7.205931637985092 1.0561752449655695
60321.3006 lsst_hardware_i 15.685068082704738 30.790000915527344 31.25 AB 7.225313991742799 1.062389941441378
60321.324 lsst_hardware_z -57.00583062807106 41.349998474121094 30.950000762939453 AB 7.173303235173186 1.050315276759215
60331.3067 lsst_hardware_r 46.13694734271769 24.297796410325123 31.5 AB 9.827146714642298 1.0513690718564608
60331.3265 lsst_hardware_i 61.020756275906145 31.887512672510947 31.25 AB 10.004820752770566 1.0645125022897872
60333.2397 lsst_hardware_i 238.8092713769445 68.05765655239725 31.31999969482422 AB 11.245109754491631 1.1057138401663271
60333.2596 lsst_hardware_z 99.55819424271684 61.31812519556092 30.979999542236328 AB 10.151508371136213 1.0716443553814816
60335.2386 lsst_hardware_i 176.47422259986178 89.92185477225041 31.329999923706055 AB 15.560196605090699 1.0967539457332651
60335.2585 lsst_hardware_z 481.1965782528501 76.53567608408525 30.989999771118164 AB 13.58867882858955 1.0664060293183872
60337.2904 lsst_hardware_r 816.0701843866887 109.83680152466232 31.649999618530273 AB 12.37311421615391 1.0513905296264474
60337.3095 lsst_hardware_z 335.0464091236557 78.19976162224792 30.989999771118164 AB 12.44729691358144 1.0638715310753368
60339.2839 lsst_hardware_r 1382.8440942490079 91.30140364813236 31.649999618530273 AB 12.991651555381917 1.0511044947719999
60339.3014 lsst_hardware_y 356.3498542904918 56.840515742686975 30.040000915527344 AB 11.801824279149468 1.0613151330170423
60345.2195 lsst_hardware_r 2921.5756249753954 59.02105986123367 31.489999771118164 AB 5.83239154364308 1.08221020725687
60345.2365 lsst_hardware_i 1852.3018937177342 52.67639846085864 31.239999771118164 AB 5.698197029376394 1.0610509023728623
60349.2066 lsst_hardware_z 1610.204933124593 58.212914384434676 30.950000762939453 AB 6.1544874681748105 1.0854475252512894
60349.2243 lsst_hardware_r 3822.4855602492403 66.5807158827104 31.510000228881836 AB 5.664036616614771 1.06223923044693
60353.1977 lsst_hardware_r 4156.798330716017 68.93502810369827 31.489999771118164 AB 4.357507250477915 1.0821400013603812
60353.2136 lsst_hardware_z 1890.5652099665544 59.47546473341442 30.950000762939453 AB 5.212786437375911 1.0620277970884595
60355.1965 lsst_hardware_r 4254.392928045898 69.52703884484562 31.5 AB 4.11684460730509 1.0757367669989784
60355.2142 lsst_hardware_u 6.587500914799262 4.219212144293324 28.40999984741211 AB 3.5161086193343136 1.0569994346412717
60357.1982 lsst_hardware_g 1912.0815938524004 45.567322349065954 31.440000534057617 AB 4.5098400636424465 1.0666603745606609
60357.2163 lsst_hardware_r 4227.627303232691 69.10755127843161 31.510000228881836 AB 4.798146230268522 1.0526867552146641
60360.231 lsst_hardware_i 2713.990182684678 69.32262975328109 31.299999237060547 AB 3.4735637782900293 1.052595084330312
60360.2482 lsst_hardware_z 2028.7117037599921 64.7791307243693 30.959999084472656 AB 3.5159300358260728 1.065433344189719
60361.2369 lsst_hardware_r 4300.572411613896 94.12950243225553 31.639999389648438 AB 5.907876624334178 1.057622023690329
60361.2538 lsst_hardware_z 1903.1322663419771 70.33183741332664 30.969999313354492 AB 5.483066165562357 1.0758141593647528
60366.1631 lsst_hardware_r 3645.14765601121 138.32914637514654 31.649999618530273 AB 5.888350304045458 1.0807286967138585
60366.1802 lsst_hardware_z 1756.6417722053357 94.38388931552598 30.989999771118164 AB 7.39358608657673 1.060126334240489
60370.1628 lsst_hardware_g 957.2698980657347 57.15054665103106 31.690000534057617 AB 3.659602721380215 1.0665508841909552
60370.1814 lsst_hardware_r 2830.0804421747343 72.80435354274536 31.6200008392334 AB 4.076081699239792 1.0524352438006177
60373.1986 lsst_hardware_r 2167.579856097371 52.94701764659931 31.520000457763672 AB 12.42644910866612 1.0540715165549341
60373.2164 lsst_hardware_u -5.737933817714462 4.557625794738928 28.6200008392334 AB 11.570812358881861 1.0696877469614368
60380.1915 lsst_hardware_z 1096.663764986923 52.147722503638064 30.950000762939453 AB 8.46795391166761 1.0632567431203515
60380.2103 lsst_hardware_r 1307.4581541274842 42.344981442314214 31.489999771118164 AB 8.05972468693554 1.089151984721019
60385.1325 lsst_hardware_g 193.88897990089782 20.37108328142336 31.420000076293945 AB 8.567464040943479 1.0568417813663833
60385.1524 lsst_hardware_r 926.541816297988 37.77397514819948 31.5 AB 8.563303799344638 1.0502288884678384
60391.1617 lsst_hardware_z 893.18654725559 72.50314706347062 30.979999542236328 AB 7.979714940268909 1.0634893301113606
60391.1825 lsst_hardware_i 1059.895736680309 82.58016248529191 31.31999969482422 AB 7.538857418244919 1.0932217833881843
60392.1525 lsst_hardware_z 668.6296374604698 83.35146685654878 30.989999771118164 AB 5.712101633737277 1.0577965988402365
60392.1719 lsst_hardware_r 652.5863705779517 119.37802423413356 31.649999618530273 AB 6.38837049842916 1.079846264102278
60395.1122 lsst_hardware_y 707.037088264269 88.88244704259681 30.809999465942383 AB 6.744767013152801 1.0528279847785214
60399.1351 lsst_hardware_z 639.614928701525 53.50698936748374 30.959999084472656 AB 5.355041221722411 1.059145811258372
60399.1527 lsst_hardware_r 415.986172858215 53.17451736592965 31.6200008392334 AB 5.4285255076376915 1.0797126960643977
60401.1332 lsst_hardware_u 22.731618653194534 4.908840607869597 28.65999984741211 AB 8.936183345742705 1.0623137595985146
60401.1506 lsst_hardware_r 396.5837648314207 36.743777723101964 31.549999237060547 AB 9.062080812272592 1.0850842138864387
60413.0525 lsst_hardware_r 775.7912147196392 50.21407347747225 32.709999084472656 AB 6.045960144351499 1.0595794154138622
60413.0729 lsst_hardware_i 1276.8965574730184 64.5226013753221 32.45000076293945 AB 6.094798574425578 1.05028409002681
60417.0942 lsst_hardware_z 421.4630524836898 51.58169331483264 30.959999084472656 AB 12.059807191298413 1.067239574451187
60417.1112 lsst_hardware_r 238.41212032296082 49.63911145396525 31.6200008392334 AB 12.346895807671409 1.0926456466965848
60423.0832 lsst_hardware_r 233.3581229816032 111.83174512230457 31.649999618530273 AB 9.940769863071994 1.0739811865894549
60423.0999 lsst_hardware_z 388.7181675359798 77.14494641043966 30.989999771118164 AB 9.999606619888182 1.1026748216230384
60426.0105 lsst_hardware_u -35.691774638636346 20.23933134795319 30.110000610351562 AB 4.978949793742051 1.06587097537962
60426.0274 lsst_hardware_g -30.29856637124665 103.91379516818147 32.470001220703125 AB 4.892006588438507 1.0528935353109512
60429.0111 lsst_hardware_r 35.13110085206273 23.020000457763672 31.5 AB 11.423745922690513 1.0577542521009733
60429.0288 lsst_hardware_i -7.896578193741607 30.770000457763672 31.260000228881836 AB 11.343429558464031 1.0503175517096324
60432.0048 lsst_hardware_z 39.35444053132483 41.849998474121094 30.959999084472656 AB 14.457856365869297 1.0563975132156436
60432.0244 lsst_hardware_r 15.1816791537841 23.520000457763672 31.520000457763672 AB 14.302847958324177 1.050238493121513
60436.038 lsst_hardware_u 3.165532748527744 2.740000009536743 28.440000534057617 AB 6.87865099814666 1.0626681597631176
60436.0564 lsst_hardware_r -45.42506230853544 23.610000610351562 31.5 AB 6.918096382168279 1.087409050953832
60442.9694 lsst_hardware_y 42.070000439425485 47.7599983215332 30.040000915527344 AB 7.716931256847553 1.0606007774666786
60442.989 lsst_hardware_i -54.81004456048904 31.389999389648438 31.25 AB 7.597609444889419 1.0505059839917459
60444.9668 lsst_hardware_y -41.38201692397858 50.36000061035156 30.040000915527344 AB 7.643533684111923 1.058221470872571
60444.9845 lsst_hardware_r -1.2244400577590295 35.630001068115234 31.59000015258789 AB 7.4787054810128835 1.0503799832883263
60457.9528 lsst_hardware_y 36.382950835124774 67.83000183105469 30.06999969482422 AB 9.94773756068833 1.0502164318678282
60457.9717 lsst_hardware_z 101.68667200062885 41.90999984741211 30.959999084472656 AB 9.383536563863107 1.0573594640670578
60680.3401 lsst_hardware_i -21.085838676301833 31.079999923706055 31.25 AB 11.749544306916903 1.0503794302625507
60680.361 lsst_hardware_y 31.447576226754144 66.20999908447266 30.059999465942383 AB 11.854344126444019 1.0560662918881076
60682.3304 lsst_hardware_u -3.6017492282386527 2.7200000286102295 28.440000534057617 AB 8.706208266765595 1.051199356058068
60682.3502 lsst_hardware_z -4.396104211716172 43.060001373291016 30.950000762939453 AB 7.310640700502123 1.0530650294215995
60684.3319 lsst_hardware_r -33.529603892629616 23.010000228881836 31.5 AB 7.950024714665033 1.050201415411495
60684.3519 lsst_hardware_y 89.51810858073638 48.72999954223633 30.040000915527344 AB 7.730523039155482 1.0573342353180655
60686.3032 lsst_hardware_i -23.463503629533864 30.889999389648438 31.25 AB 7.848409374795349 1.060595861458831
60686.3253 lsst_hardware_z 61.850454494556644 41.5 30.950000762939453 AB 7.771784065364003 1.0502410899140544
60688.2711 lsst_hardware_i 29.182623604693905 68.87999725341797 31.31999969482422 AB 4.955298400241611 1.0986139896334355
60688.2901 lsst_hardware_z 13.773203879226708 61.689998626708984 30.989999771118164 AB 4.930122475791449 1.0685137572153118
60692.2643 lsst_hardware_i -44.679149936288 77.97000122070312 31.329999923706055 AB 2.374680894694361 1.0907625162232308
60692.2827 lsst_hardware_r -61.15788547270876 92.29000091552734 31.65999984741211 AB 2.277751389592996 1.0645770856909977
60695.3127 lsst_hardware_r -55.60522247195251 52.900001525878906 31.6299991607666 AB 11.478803022700358 1.0522082657103313
60695.3329 lsst_hardware_i 64.59968096585642 48.380001068115234 31.299999237060547 AB 11.555476193905715 1.0677599550834669
60697.3108 lsst_hardware_z -40.460343268395334 43.650001525878906 30.950000762939453 AB 9.98442496297266 1.0538207781912186
60697.3304 lsst_hardware_r 36.232474196309646 32.27000045776367 31.56999969482422 AB 10.069865051140814 1.0713762156762312
60701.2544 lsst_hardware_r 23.1795656583048 23.25 31.510000228881836 AB 13.653358389864877 1.0687560383455872
60701.2726 lsst_hardware_z 42.90914552002428 41.400001525878906 30.950000762939453 AB 13.385935978534649 1.053457710797585
60703.2845 lsst_hardware_r 16.372026478745457 23.15999984741211 31.510000228881836 AB 12.346851492026861 1.0504978580850988
60703.3024 lsst_hardware_u 1.4598880481925143 2.8299999237060547 28.530000686645508 AB 12.392306330551097 1.0591714812436837
60707.2865 lsst_hardware_i -6.4649858407445135 31.0 31.260000228881836 AB 11.05307188400118 1.0555469461153313
60707.3056 lsst_hardware_z 68.95747880140819 41.90999984741211 30.950000762939453 AB 10.726648497884593 1.074706792694579
60709.2832 lsst_hardware_r -45.787961185534336 23.18000030517578 31.520000457763672 AB 9.649726971169532 1.0570023701441724
60709.3022 lsst_hardware_u 1.9370911500438537 2.8499999046325684 28.549999237060547 AB 10.038271813488489 1.0776459273739745
60711.2199 lsst_hardware_u 3.618323183890013 2.8299999237060547 28.510000228881836 AB 5.763420898096137 1.0784171829531743
60711.2382 lsst_hardware_g 0.6450329755231732 14.699999809265137 31.459999084472656 AB 5.663309859255654 1.057903460633061
60713.2183 lsst_hardware_r -0.18164798696428283 23.440000534057617 31.510000228881836 AB 6.322109272542848 1.0729685072061
60713.2352 lsst_hardware_z 70.20016695590607 41.5099983215332 30.950000762939453 AB 6.212415468302912 1.0561440741738486
60714.2161 lsst_hardware_r -66.42735045114665 39.66999816894531 31.600000381469727 AB 7.712732429877125 1.0722677305048427
60714.2339 lsst_hardware_y -44.27568877492228 48.400001525878906 30.040000915527344 AB 7.449903714507831 1.0552271550294474
60716.2494 lsst_hardware_z 19.239677526384895 58.369998931884766 30.979999542236328 AB 4.527192725413707 1.0505552425929023
60716.2688 lsst_hardware_r -72.6987120676839 73.58000183105469 31.639999389648438 AB 3.6554953936812864 1.0607937880677216
60718.1983 lsst_hardware_i -42.10102574630986 97.36000061035156 31.329999923706055 AB 6.40370550344264 1.0822554509789921
60718.215 lsst_hardware_z -61.53767209465121 82.61000061035156 31.0 AB 6.259757698447976 1.0613356558914846
60720.197 lsst_hardware_r 195.99014018377005 124.52999877929688 31.65999984741211 AB 1.6426593863782315 1.0759777640032084
60720.2131 lsst_hardware_z 22.813103344553227 83.04000091552734 31.0 AB 2.459241493693389 1.0583072592548204
60727.2293 lsst_hardware_y 7.602789762711411 47.689998626708984 30.049999237060547 AB 5.855900845220287 1.0540252612555077
60727.2468 lsst_hardware_g -26.458916613412075 24.06999969482422 31.610000610351562 AB 5.939440835287692 1.0692543922386593
60729.229 lsst_hardware_r 8.902956175997225 23.8700008392334 31.510000228881836 AB 12.332393265607758 1.0572888418039086
60729.2495 lsst_hardware_i -54.118250475494506 31.969999313354492 31.25 AB 12.593049471996679 1.0805156279599075
60731.1634 lsst_hardware_i -8.735956580218463 31.530000686645508 31.25 AB 9.415959586242359 1.0813102544132094
60731.1807 lsst_hardware_z 93.79966516029396 41.91999816894531 30.950000762939453 AB 9.971053966131596 1.0602616488283694
60733.1624 lsst_hardware_r -7.634861747525123 23.65999984741211 31.5 AB 8.345998287098215 1.0747188986380216
60733.1814 lsst_hardware_u 3.2222181068536697 2.75 28.450000762939453 AB 6.987093038953538 1.055611578630237
60738.208 lsst_hardware_z -14.621760169247404 41.61000061035156 30.940000534057617 AB 6.87731310600974 1.060141269585038
60738.226 lsst_hardware_r -7.634797661972459 23.670000076293945 31.489999771118164 AB 6.03471227766121 1.0822007790653136
60740.1951 lsst_hardware_y 67.55647489752272 47.22999954223633 30.040000915527344 AB 8.227018199199152 1.0547459229742504
60740.2139 lsst_hardware_g -11.06628877926541 14.680000305175781 31.440000534057617 AB 8.480172678174425 1.0725344871215685
60742.1941 lsst_hardware_r -32.075698260076074 30.770000457763672 31.559999465942383 AB 11.399647026274845 1.0577264696149242
60742.2122 lsst_hardware_i -1.5505285938149342 31.309999465942383 31.25 AB 11.636643201787875 1.0777829797429377
60744.1951 lsst_hardware_z -74.49897630521866 54.060001373291016 30.969999313354492 AB 11.591020796294732 1.0633964033297918
60744.2142 lsst_hardware_r 94.22957459176622 62.369998931884766 31.6299991607666 AB 10.981174274380292 1.089960886801793
60748.9991 lsst_hardware_r -48.60091132620665 113.38999938964844 31.469999313354492 AB 15.940701268662865 1.7308427644848499
60749.0056 lsst_hardware_z -82.28599638723489 99.55000305175781 30.90999984741211 AB 15.64072974406123 1.649992918132634
60751.1237 lsst_hardware_z 45.22624665942802 60.06999969482422 30.979999542236328 AB 8.155769008144496 1.062456338722212
60751.1431 lsst_hardware_i 107.18489641485635 65.02999877929688 31.329999923706055 AB 8.635354079722568 1.0509025805655983
60753.1186 lsst_hardware_z -1.8030539993175756 49.63999938964844 30.969999313354492 AB 8.696467561847813 1.0621099256238573
60753.1382 lsst_hardware_r -78.54143966497071 52.56999969482422 31.639999389648438 AB 7.4815398817662215 1.0507780732817726
