data/validation/pwv_sim_epoch_fit_epoch/56563898.ecsv
# %ECSV 0.9
# ---
# datatype:
# - {name: time, datatype: float64}
# - {name: band, datatype: string}
# - {name: flux, datatype: float64}
# - {name: fluxerr, datatype: float64}
# - {name: zp, datatype: float64}
# - {name: zpsys, datatype: string}
# - {name: pwv, datatype: float64}
# - {name: airmass, datatype: float64}
# meta: {SNID: '56563898', alt: 1024.0, c: 0.00996582955121994, dec: -15.249383, lat: -30.244573, lon: -70.7499537, ra: 194.414062, t0: 61570.9609375,
#   x0: 1.1253139191305179e-05, x1: 0.2106274962425232, z: 0.43801629543304443}
# schema: astropy-2.0
time band flux fluxerr zp zpsys pwv airmass
61434.3619 lsst_hardware_r -24.929919650456394 48.0099983215332 31.6299991607666 AB 11.995426585868758 1.0409684627597997
61434.3809 lsst_hardware_y -156.82270877419057 79.26000213623047 30.079999923706055 AB 12.106985627879105 1.0345419348340437
61436.3671 lsst_hardware_g 15.574374167435135 22.68000030517578 31.610000610351562 AB 11.980049287011477 1.0357764432734444
61438.3733 lsst_hardware_z 28.596946905831185 44.7400016784668 30.969999313354492 AB 10.153590899484836 1.034734493336204
61440.3591 lsst_hardware_u -1.1483352832250113 3.0199999809265137 28.600000381469727 AB 8.666229938640402 1.0350620995270803
61440.3783 lsst_hardware_y -15.179899119644721 52.9900016784668 30.059999465942383 AB 7.958554986044229 1.0379031661417242
61442.3545 lsst_hardware_r -29.614274600007818 24.43000030517578 31.530000686645508 AB 4.569124008678819 1.0349091752386905
61442.3732 lsst_hardware_z -43.85938257559419 43.06999969482422 30.959999084472656 AB 4.536415353778404 1.0380813166541123
61443.3597 lsst_hardware_z 13.256255408757385 41.790000915527344 30.959999084472656 AB 4.9548473760823555 1.0347389320418494
61443.3787 lsst_hardware_y 29.110285351310644 52.029998779296875 30.059999465942383 AB 4.611421716944476 1.0434457904198087
61450.337 lsst_hardware_r -31.789087645247076 24.100000381469727 31.520000457763672 AB 2.515997754200211 1.0345385502468138
61450.3538 lsst_hardware_u 2.9708604499860964 2.8299999237060547 28.5 AB 2.568391818542698 1.0394139289934192
61452.2865 lsst_hardware_g -5.193590405058436 15.25 31.459999084472656 AB 4.861004541405113 1.0718469460303128
61452.3025 lsst_hardware_r -11.906693896622366 24.139999389648438 31.520000457763672 AB 5.445700364808744 1.049874757048114
61454.3319 lsst_hardware_i 61.1886595073609 31.3700008392334 31.260000228881836 AB 5.090570630882447 1.0350895955434012
61454.3523 lsst_hardware_z 3.3189536163376867 41.869998931884766 30.950000762939453 AB 5.43970415139707 1.0466001253289217
61456.3089 lsst_hardware_z -17.489878928633807 63.70000076293945 30.989999771118164 AB 3.791515595711681 1.0370666290239827
61456.327 lsst_hardware_r -59.582696280408186 88.58000183105469 31.65999984741211 AB 3.7757395949370185 1.0352055186264901
61460.3053 lsst_hardware_i -13.861040054955884 89.19000244140625 31.34000015258789 AB 10.273160083601807 1.034914001991468
61460.3238 lsst_hardware_z -102.0217764631911 78.66000366210938 31.0 AB 10.285377242095015 1.037948456885261
61462.3138 lsst_hardware_r 15.145479268300642 65.73999786376953 31.649999618530273 AB 6.777326275277261 1.036077192510792
61462.3318 lsst_hardware_z -67.76005325621244 56.63999938964844 30.979999542236328 AB 6.877294286513742 1.0478888140353104
61464.3033 lsst_hardware_g -8.39898192833968 31.030000686645508 31.65999984741211 AB 5.47052937853682 1.0348601330880718
61464.3218 lsst_hardware_r 16.026352437200977 35.2599983215332 31.59000015258789 AB 5.484862303262868 1.0437912942124339
61466.3061 lsst_hardware_i -20.4873766715079 32.209999084472656 31.260000228881836 AB 3.618111496888491 1.037327391295231
61466.3225 lsst_hardware_z -44.7111756922865 42.119998931884766 30.950000762939453 AB 3.6698826525717334 1.0495374602207055
61468.2752 lsst_hardware_z 7.173201828214425 41.33000183105469 30.940000534057617 AB 5.973537481617654 1.0374777441913339
61468.2939 lsst_hardware_r 10.76549101302924 23.940000534057617 31.5 AB 7.600968067145475 1.0351311544526045
61470.28 lsst_hardware_u -1.2055075790693628 2.740000009536743 28.440000534057617 AB 8.06996071961756 1.0346545646759555
61470.2988 lsst_hardware_r 48.51767886210435 23.940000534057617 31.510000228881836 AB 7.45297926802527 1.0391772543258995
61472.2784 lsst_hardware_i -13.0891078456128 31.190000534057617 31.25 AB 10.242135200339368 1.0345591111453907
61472.2969 lsst_hardware_z -19.885917436939067 41.529998779296875 30.950000762939453 AB 10.150755379649356 1.0414591702786893
61474.278 lsst_hardware_r 17.51119762399221 24.09000015258789 31.520000457763672 AB 9.815822686544253 1.0352332308428565
61474.298 lsst_hardware_u 2.3554889203227085 2.809999942779541 28.479999542236328 AB 9.083792859394622 1.0468817401630313
61476.2678 lsst_hardware_g 31.532448121806073 15.140000343322754 31.450000762939453 AB 8.2490923584203 1.034574349150238
61476.2857 lsst_hardware_r 9.880476955160892 24.040000915527344 31.510000228881836 AB 8.315526006975745 1.0412629610538156
61477.2628 lsst_hardware_i -38.52756205334045 31.200000762939453 31.260000228881836 AB 15.611214989698073 1.0345404234392361
61477.2828 lsst_hardware_z -7.727994697959555 41.56999969482422 30.950000762939453 AB 15.71365736254923 1.041145193861206
61479.0868 lsst_hardware_r 58.94720278996526 60.83000183105469 32.86000061035156 AB 17.001373280312055 1.8972982364340232
61479.1291 lsst_hardware_g 18.303559520447497 22.299999237060547 32.09000015258789 AB 13.974682264180506 1.415372690958678
61481.2808 lsst_hardware_r 4.0968696959881745 24.15999984741211 31.510000228881836 AB 8.285217879098031 1.048761756847852
61481.3026 lsst_hardware_i -39.80870442454123 31.860000610351562 31.25 AB 8.765950449137359 1.080348835239979
61485.1703 lsst_hardware_i 19.318920730687232 89.36000061035156 31.329999923706055 AB 5.996656969171335 1.1314447111644028
61485.1902 lsst_hardware_z -32.10035256462497 76.41999816894531 31.0 AB 5.740843784204044 1.0831780724913291
61489.2473 lsst_hardware_y -14.28946057408845 59.86000061035156 30.06999969482422 AB 7.380551629966199 1.0393923196760095
61489.2673 lsst_hardware_r -83.39642130192794 104.83000183105469 31.65999984741211 AB 6.872989621358358 1.058604485384443
61494.2158 lsst_hardware_r -50.47223271466747 30.209999084472656 31.56999969482422 AB 6.790150365187644 1.0345582069864365
61494.2322 lsst_hardware_g -30.97316126906787 25.770000457763672 31.6299991607666 AB 6.831052068025923 1.0385747113357555
61499.2182 lsst_hardware_z 18.479573061075055 41.810001373291016 30.950000762939453 AB 5.711138618031233 1.0383888396420424
61499.2358 lsst_hardware_i 12.262353252749874 31.780000686645508 31.25 AB 5.793230723720291 1.053314677040053
61501.2162 lsst_hardware_u -2.4822259150962074 2.819999933242798 28.459999084472656 AB 15.479055006609745 1.0404222216707197
61501.2359 lsst_hardware_g -10.608947742433523 15.710000038146973 31.459999084472656 AB 15.789332599028716 1.060469648668737
61503.2017 lsst_hardware_r -18.56800764073337 24.479999542236328 31.520000457763672 AB 8.859676531885384 1.0360175246796395
61503.2203 lsst_hardware_i -34.001957535202635 31.690000534057617 31.260000228881836 AB 9.64069774526432 1.0483197374240807
61505.1952 lsst_hardware_z 30.809290149076855 41.81999969482422 30.950000762939453 AB 5.091320875128171 1.0356984319636897
61505.2121 lsst_hardware_u 0.30411454625171086 2.859999895095825 28.5 AB 5.120494948593628 1.0457103366766227
61511.1871 lsst_hardware_z 45.90737765336997 49.540000915527344 30.979999542236328 AB 17.72198787499016 1.0393111841456453
61511.2033 lsst_hardware_r 38.16976044021728 51.150001525878906 31.6299991607666 AB 17.93095550785273 1.0536258255520161
61513.1418 lsst_hardware_i 72.30601670408498 80.05999755859375 31.34000015258789 AB 12.280003166332852 1.0443067579158818
61513.1577 lsst_hardware_z -70.45974891408957 70.70999908447266 31.0 AB 12.148472095289286 1.0355282365639398
61515.1876 lsst_hardware_i 33.366776155604725 131.4600067138672 31.350000381469727 AB 3.356922667819415 1.0483830942598413
61515.2054 lsst_hardware_z 195.06273837649348 111.0999984741211 31.0 AB 3.4477841388921493 1.0724612387035564
61520.1584 lsst_hardware_r 24.175926936031715 56.369998931884766 31.639999389648438 AB 14.485834709830813 1.037202879071391
61520.1774 lsst_hardware_i -3.976358257489545 49.45000076293945 31.309999465942383 AB 13.312787864614098 1.0520824154589823
61526.1445 lsst_hardware_i 20.44885668125326 31.3799991607666 31.260000228881836 AB 9.680282355687105 1.0383969344964235
61526.1623 lsst_hardware_z -22.73861153535768 41.93000030517578 30.950000762939453 AB 9.820524978377353 1.0535725118505155
61528.1483 lsst_hardware_i 65.70871847302742 31.6200008392334 31.260000228881836 AB 11.819842468178605 1.0448248629359442
61528.1651 lsst_hardware_u 2.870040212045942 2.9100000858306885 28.549999237060547 AB 12.091972576841963 1.0647153805443306
61533.1199 lsst_hardware_z -11.518207295153443 41.52000045776367 30.959999084472656 AB 10.72900730012512 1.0360518202715217
61533.1374 lsst_hardware_u 0.29159675726771667 2.9100000858306885 28.56999969482422 AB 10.296960851731614 1.0473438286865293
61535.1175 lsst_hardware_g -8.675188134169707 15.180000305175781 31.469999313354492 AB 7.879811874684534 1.0372267835573274
61535.1355 lsst_hardware_r -42.751345212338975 24.030000686645508 31.510000228881836 AB 7.432062999492771 1.0510253490532468
61538.9822 lsst_hardware_i -31.637453364122265 45.20000076293945 31.25 AB 9.49508952219177 1.3027196819983222
61538.9959 lsst_hardware_z 37.774242362598436 50.150001525878906 30.940000534057617 AB 8.887219133262139 1.2317698036399716
61541.0626 lsst_hardware_z 89.60149699696912 66.79000091552734 30.989999771118164 AB 5.290313059411668 1.0467576294839396
61541.084 lsst_hardware_r 27.617136345045797 86.2699966430664 31.65999984741211 AB 5.60827158212613 1.034927400281507
61547.0736 lsst_hardware_z 17.384096263701746 86.60106898663106 31.729999542236328 AB 5.261982343907281 1.034550473120134
61551.0405 lsst_hardware_g 144.87941476466705 19.62909393495719 31.450000762939453 AB 5.935046887638769 1.0423487442982216
61551.0597 lsst_hardware_r 522.7168362338878 33.97462901740999 31.520000457763672 AB 5.383779483544311 1.0345795375609708
61553.0483 lsst_hardware_i 826.4928899856192 41.19068099382056 31.260000228881836 AB 7.581707854322992 1.0355755990197018
61553.0716 lsst_hardware_z 516.5758180006519 47.2554226449146 30.950000762939453 AB 7.619034410751956 1.0388411876948835
61555.0314 lsst_hardware_i 2111.3184988711505 63.015915486096006 32.0099983215332 AB 10.08664976193394 1.0410413625692603
61555.0526 lsst_hardware_u 13.562200677998536 5.376315015186392 29.219999313354492 AB 11.291615727781114 1.0345992054041995
61562.0013 lsst_hardware_z 1597.0773143014387 57.68741809340053 30.950000762939453 AB 4.634331225564817 1.050789333889687
61562.02 lsst_hardware_u 5.708601060757715 4.397312867909296 28.479999542236328 AB 4.563479773766151 1.0368403000074562
61570.9881 lsst_hardware_z 2199.2473599176565 83.9786785282808 30.989999771118164 AB 13.529081003358428 1.0407785986120799
61571.0084 lsst_hardware_r 4846.034184582607 117.3810371443384 31.65999984741211 AB 13.700255131983567 1.0345671234271068
61572.9888 lsst_hardware_i 3217.7914202310135 93.55380688014908 31.329999923706055 AB 7.4760906127675995 1.0373373959717056
61573.0096 lsst_hardware_z 2219.8550705533635 82.13380350819367 30.989999771118164 AB 6.242440690874775 1.0357172841094116
61574.9655 lsst_hardware_y 746.1518164064703 59.11813664069033 30.049999237060547 AB 6.717198536998271 1.0511225314135468
61574.9857 lsst_hardware_i 3072.810917976689 86.38334071615525 31.329999923706055 AB 6.475304658499602 1.036380387083803
61578.9656 lsst_hardware_y 730.7980921754826 53.483678831369986 30.049999237060547 AB 8.709246736529824 1.0412258360155189
61578.9848 lsst_hardware_i 2639.3911802205453 60.14958646959315 31.25 AB 8.827436944900626 1.0345258837315419
61580.9659 lsst_hardware_z 1923.639463538711 60.19870259153765 30.950000762939453 AB 5.236025263794002 1.0378299885290665
61580.9845 lsst_hardware_u -2.7124926529858353 3.0051340551908696 28.459999084472656 AB 5.223092518441454 1.0349588874058362
61582.9662 lsst_hardware_y 533.4255411806009 52.87194050682034 30.049999237060547 AB 7.951201857572164 1.0356273856083225
61582.9852 lsst_hardware_r 2906.7472908828277 58.65729875033649 31.520000457763672 AB 7.915997701311462 1.036713367264755
61587.9564 lsst_hardware_y 823.2866986587371 92.46163533068543 30.81999969482422 AB 9.520289956443833 1.0348141257004166
61587.9898 lsst_hardware_r 4229.202136457994 74.21580692983325 32.279998779296875 AB 9.764663860992558 1.049963856020705
61589.9555 lsst_hardware_y 542.5423825438448 68.94659574033439 30.06999969482422 AB 9.089214849254486 1.0345307615579298
61589.9756 lsst_hardware_r 1819.926558373901 49.813800174591215 31.530000686645508 AB 8.57098108220597 1.0420962439230335
61801.3666 lsst_hardware_r -9.112404906349484 25.1299991607666 31.530000686645508 AB 11.957800142045928 1.036129696761874
61803.2791 lsst_hardware_r 30.592050588394372 25.280000686645508 31.489999771118164 AB 11.001717810448996 1.2022421386131565
61807.3585 lsst_hardware_i -23.466763814175163 31.270000457763672 31.25 AB 4.508013814894359 1.0345413229820675
61807.3771 lsst_hardware_y -34.648373560873665 51.060001373291016 30.049999237060547 AB 4.549857832580641 1.0398486647424554
61808.3643 lsst_hardware_r -25.821833127506842 24.229999542236328 31.510000228881836 AB 4.922251070179086 1.0354459258856872
61808.383 lsst_hardware_y -101.67094352642995 58.5 30.049999237060547 AB 4.611524834559941 1.046547610770643
61812.3448 lsst_hardware_z 4.318418190751408 68.83000183105469 30.989999771118164 AB 4.59078003598562 1.0345419799404305
61812.3613 lsst_hardware_r 18.415186388407147 98.73999786376953 31.65999984741211 AB 4.6446266570514565 1.0386016674981076
61814.3549 lsst_hardware_y 31.41460315457461 84.19999694824219 30.809999465942383 AB 5.7924759982940675 1.0381091427391669
61816.3303 lsst_hardware_r 63.11459884154178 79.37000274658203 31.65999984741211 AB 4.173806204097506 1.0349348992493206
61816.3477 lsst_hardware_i -48.93178953737508 69.51000213623047 31.329999923706055 AB 4.225106959002332 1.0372815218811446
61818.283 lsst_hardware_z 40.18707066087056 46.5099983215332 30.959999084472656 AB 4.80011581696232 1.074352136595129
61818.2996 lsst_hardware_r -56.43471566171502 39.630001068115234 31.600000381469727 AB 5.175974153006563 1.05078142168971
61820.3069 lsst_hardware_r -35.04090061443534 26.309999465942383 31.549999237060547 AB 2.630880294413433 1.0398736341555073
61820.3241 lsst_hardware_z -28.622644968638355 41.93000030517578 30.959999084472656 AB 2.626793003824102 1.0345098800751305
61822.3318 lsst_hardware_i 10.996925536141852 31.6200008392334 31.270000457763672 AB 6.7273937515963596 1.0374975905611843
61822.3494 lsst_hardware_z 41.7746801292221 41.939998626708984 30.950000762939453 AB 6.072843441252161 1.0512712246830054
61824.3076 lsst_hardware_z -28.00924438567584 41.2599983215332 30.940000534057617 AB 11.369480122957253 1.0350946943697426
61824.3244 lsst_hardware_r 33.49086395274029 23.799999237060547 31.510000228881836 AB 11.478002435061512 1.0366692950741974
61826.3132 lsst_hardware_u -3.325546211933785 2.7899999618530273 28.479999542236328 AB 9.315050049860067 1.035005561095563
61826.3309 lsst_hardware_g 0.3171116323413908 15.0 31.450000762939453 AB 9.395440541894578 1.0439378379882864
61828.3006 lsst_hardware_r 7.9819511945967285 23.920000076293945 31.510000228881836 AB 6.260682217633798 1.0345670028313307
61828.3175 lsst_hardware_i -48.017888245974355 31.309999465942383 31.25 AB 6.436836252755257 1.0385344067046236
61830.2977 lsst_hardware_z -36.442715410865084 41.630001068115234 30.950000762939453 AB 4.259965774232622 1.0345163170516751
61830.3157 lsst_hardware_r -26.240550500835003 24.040000915527344 31.510000228881836 AB 4.296866498475848 1.0407395039098746
61832.2481 lsst_hardware_u 2.1164207914701145 2.6500000953674316 28.34000015258789 AB 5.582830862009494 1.0687400549431911
61832.266 lsst_hardware_r 20.56342670909056 24.0 31.5 AB 6.125950392604025 1.0461278598441714
61834.3047 lsst_hardware_i 15.387182033045255 31.25 31.25 AB 10.101936221396986 1.0406857135466145
61834.3257 lsst_hardware_z -79.50655710474915 41.869998931884766 30.940000534057617 AB 10.33873115439599 1.062926438080465
61838.2851 lsst_hardware_y 29.73577530883686 69.86000061035156 30.799999237060547 AB 8.012397264987085 1.03626451952759
61845.2625 lsst_hardware_i -18.118672640831935 60.619998931884766 31.329999923706055 AB 7.764349809238102 1.035246641231747
