data/validation/pwv_sim_epoch_fit_epoch/5658519.ecsv
# %ECSV 0.9
# ---
# datatype:
# - {name: time, datatype: float64}
# - {name: band, datatype: string}
# - {name: flux, datatype: float64}
# - {name: fluxerr, datatype: float64}
# - {name: zp, datatype: float64}
# - {name: zpsys, datatype: string}
# - {name: pwv, datatype: float64}
# - {name: airmass, datatype: float64}
# meta: {SNID: '5658519', alt: 1024.0, c: -0.1505180448293686, dec: -49.507675, lat: -30.244573, lon: -70.7499537, ra: 327.442383, t0: 60497.2265625,
#   x0: 4.557092112957677e-06, x1: 0.4671923518180847, z: 0.6361544132232666}
# schema: astropy-2.0
time band flux fluxerr zp zpsys pwv airmass
60456.4017 lsst_hardware_i 74.56873929115808 66.43000030517578 31.31999969482422 AB 5.2560284470718495 1.067322255471997
60456.4145 lsst_hardware_y -23.755796887027632 53.58000183105469 30.049999237060547 AB 5.229039170919282 1.060872219703648
60457.3779 lsst_hardware_i 48.7615453455253 113.0199966430664 32.5099983215332 AB 10.151589497084855 1.0872819882632832
60457.3889 lsst_hardware_y 78.97122268505021 93.55999755859375 31.239999771118164 AB 9.993833363388527 1.0753766172943178
60461.4183 lsst_hardware_i 48.38285695877634 34.68000030517578 31.270000457763672 AB 6.657630900718335 1.0587414464625826
60461.4311 lsst_hardware_y -35.000221522535774 51.290000915527344 30.040000915527344 AB 6.683101138474513 1.0620318840688647
60463.4143 lsst_hardware_u -0.4889982410831497 2.890000104904175 28.440000534057617 AB 11.403563242752627 1.0589086041401494
60463.4263 lsst_hardware_z 60.42109781257765 42.369998931884766 30.950000762939453 AB 11.410661666128874 1.0623133378347387
60465.4183 lsst_hardware_r -22.77777773358229 22.475868083482943 31.489999771118164 AB 4.6696729320963115 1.0612893027491617
60465.4325 lsst_hardware_y -71.96304334554578 51.55439878729445 30.049999237060547 AB 4.704162254744897 1.0691277851692949
60467.3999 lsst_hardware_i -57.417265321241885 30.36855056475042 31.239999771118164 AB 1.1765420091669265 1.05859669415934
60467.4118 lsst_hardware_z 29.591902541243943 41.23357665900562 30.940000534057617 AB 1.1840715338164978 1.0609167778539517
60483.3331 lsst_hardware_i 967.894446256213 89.66972927879527 31.329999923706055 AB 2.8709709735675557 1.064242298369372
60483.3452 lsst_hardware_z 529.4498598603874 76.50350061141143 30.989999771118164 AB 3.6834680079749313 1.0596096391154537
60484.3364 lsst_hardware_r 1446.1517234223784 117.61611213119214 31.65999984741211 AB 3.638012305039541 1.0614702309977264
60484.3474 lsst_hardware_z 608.698608326277 79.20405508442305 30.989999771118164 AB 3.610880496191389 1.058779864491061
60486.3339 lsst_hardware_y 93.70029123438103 56.14946046918757 30.040000915527344 AB 5.785798162448631 1.0604468772816205
60486.3467 lsst_hardware_r 1661.7345509545776 92.79548407028496 31.649999618530273 AB 5.768778533619515 1.0585562175581715
60492.4044 lsst_hardware_i 1279.6064146649524 46.922174043065894 31.239999771118164 AB 8.367838475897669 1.1315535464364663
60492.4155 lsst_hardware_z 780.5741591215996 51.03179822248474 30.93000030517578 AB 8.550608329107753 1.156438287660941
60494.3427 lsst_hardware_i 1350.1962830569103 46.9918930971097 31.25 AB 7.782418193361487 1.0627726186694189
60494.3546 lsst_hardware_z 919.2548988057073 50.766121477932856 30.950000762939453 AB 7.790986474649297 1.0700802080348584
60496.4071 lsst_hardware_g 472.7649562447933 25.984648922441053 31.3799991607666 AB 5.755702671235411 1.162689920793632
60496.4197 lsst_hardware_r 1795.1426408472528 47.09462701744637 31.469999313354492 AB 6.33677523584905 1.1975385497210365
60498.383 lsst_hardware_r 1559.001974477893 46.63291516469826 31.479999542236328 AB 1.6350899508368784 1.1216531989963152
60498.395 lsst_hardware_i 1295.885998882583 47.61600296359024 31.239999771118164 AB 1.6191496763577664 1.1467065696584748
60500.3006 lsst_hardware_i 1320.1747863854137 46.614171133696345 31.25 AB 8.420385146874649 1.0592345615289966
60500.3127 lsst_hardware_z 954.4866830873603 50.6647411121485 30.950000762939453 AB 8.382247271017016 1.0588324728121035
60502.2914 lsst_hardware_r 1457.9751619932383 44.880565158860826 31.5 AB 7.998110436123295 1.0601012330286246
60502.3029 lsst_hardware_g 299.5765912382967 23.18230689982108 31.420000076293945 AB 8.128825907372686 1.0585557340040752
60505.3749 lsst_hardware_i 1120.8079778427223 45.74016808217091 31.229999542236328 AB 4.198446381995482 1.1444586021522372
60505.3855 lsst_hardware_z 828.0654425031928 51.66218531992876 30.93000030517578 AB 5.597533665474572 1.1703588239976106
60507.2369 lsst_hardware_z 882.6651960117995 54.262669830482515 30.950000762939453 AB 1.868504300304968 1.0931187404280234
60507.2483 lsst_hardware_i 1173.8940492656168 51.46857329504586 31.280000686645508 AB 1.844200013814663 1.079426405510354
60509.3352 lsst_hardware_z 1615.1117853984504 83.37563517200894 31.719999313354492 AB 2.363267448810744 1.0928825536910451
60510.1294 lsst_hardware_r 1135.7021780916762 87.88355730878956 31.559999465942383 AB 4.519486849345749 1.4123396404205466
60510.1346 lsst_hardware_y 309.98031339561027 58.13963132723481 29.93000030517578 AB 4.426704026508439 1.3833450082838872
60512.2369 lsst_hardware_r 1118.9116711219883 129.48997203842382 31.649999618530273 AB 5.4783688550654235 1.0771468452743658
60512.249 lsst_hardware_i 923.2060953483906 103.44586537624284 31.329999923706055 AB 5.386428173332147 1.0672005890995055
60515.237 lsst_hardware_z 629.5242111541355 65.28953087081572 30.969999313354492 AB 5.8503079847954655 1.0699173344541817
60515.2491 lsst_hardware_r 1027.6074454936274 83.59350961238283 31.639999389648438 AB 5.762931423684875 1.0625853090596247
60517.2268 lsst_hardware_z 700.6688665465174 53.56795458646939 30.950000762939453 AB 2.436694699158687 1.0738279981602734
60517.2401 lsst_hardware_r 839.0026476830607 53.36029008965801 31.610000610351562 AB 2.4075397931529054 1.0643411994486762
60518.3134 lsst_hardware_z 528.0052305353346 50.945702947407064 30.940000534057617 AB 2.7655544631048112 1.0967531497160425
60518.3253 lsst_hardware_i 593.7630008542974 45.7576285773709 31.260000228881836 AB 2.8191632989555226 1.115947866978976
60524.1571 lsst_hardware_u 5.2768234078116345 3.0800355942639817 28.329999923706055 AB 2.152872943943263 1.1556464024745763
60524.1649 lsst_hardware_g 77.7937053767918 16.562366731158235 31.3799991607666 AB 2.1092138808852425 1.137809241205795
60528.2092 lsst_hardware_z 465.4965207864699 46.45901315576185 30.950000762939453 AB 3.3545465525265197 1.0648227338461072
60528.2206 lsst_hardware_r 258.2643217795417 28.72259182317838 31.489999771118164 AB 3.340409859069675 1.0600549613591819
60532.2092 lsst_hardware_i 373.4071951006659 35.689163150878734 31.25 AB 6.890530969751115 1.0601904251335186
60532.2202 lsst_hardware_z 392.80660166658294 45.75699702736058 30.950000762939453 AB 6.80831692857182 1.058561844297251
60536.2881 lsst_hardware_r 215.35897560702983 27.057119844700104 31.469999313354492 AB 5.356411473265283 1.1396620155883581
60540.2529 lsst_hardware_r 72.71292166845843 114.74310436226472 31.649999618530273 AB 2.6827930539236022 1.0961360792333412
60540.2646 lsst_hardware_z 315.1417129961326 80.59243510652212 30.989999771118164 AB 2.716537170028036 1.1148198091835584
60545.2306 lsst_hardware_r 112.85613155836734 55.781724594317 31.6299991607666 AB 2.769912906313632 1.0848931025446693
60545.2414 lsst_hardware_z 262.53487220801685 52.650038133931965 30.959999084472656 AB 2.797271045741592 1.099268160495779
60547.0532 lsst_hardware_r 153.64275615823811 25.915098612206766 31.450000762939453 AB 2.634587925574916 1.289568245509014
60547.0574 lsst_hardware_u 4.265696478564168 3.230609911566114 28.309999465942383 AB 2.5869831943591546 1.272338961937563
60548.2291 lsst_hardware_i 122.20325952819879 35.409672321160436 31.260000228881836 AB 3.1530224809432097 1.0934074029395018
60548.2403 lsst_hardware_z 221.50033779620992 45.775576099075636 30.950000762939453 AB 3.163788329225093 1.1105557816270144
60550.2311 lsst_hardware_r 67.54171889515902 25.058193209073295 31.479999542236328 AB 5.856079499144025 1.1044170738142718
60550.2423 lsst_hardware_g 12.046422599828066 14.441541117576305 31.3799991607666 AB 5.981857166119421 1.124092298434543
60554.2289 lsst_hardware_r 164.4477242126606 24.84657679166711 31.479999542236328 AB 2.431715860265052 1.119402728371207
60554.2397 lsst_hardware_i 130.85908139799866 33.164747794914504 31.229999542236328 AB 2.5080140357390177 1.1413033154671297
60560.1435 lsst_hardware_u 0.8192505286621 3.1967439161229585 28.350000381469727 AB 2.790930402691476 1.0585740196060973
60560.1546 lsst_hardware_g 11.41705422008442 13.967356971281566 31.389999389648438 AB 2.7979551121723234 1.0599318542181355
60567.1196 lsst_hardware_z 160.0497703564642 59.66268674440512 30.979999542236328 AB 1.085592173033839 1.058942129443074
60567.1305 lsst_hardware_r 104.4260672893237 72.94950730676092 31.649999618530273 AB 1.467517209947509 1.0589420637023517
60569.1185 lsst_hardware_i -36.27696698240039 82.06760927204604 31.34000015258789 AB 1.2473673609353975 1.0585861620375971
60569.1304 lsst_hardware_z 144.8969068557332 72.49823913052302 30.989999771118164 AB 0.6727684054160884 1.0600342522298491
60572.1994 lsst_hardware_i 7.485986360507209 68.3960871723106 31.309999465942383 AB 7.221921581536905 1.1622017350397336
60572.2109 lsst_hardware_z 202.5634936534305 63.342421003680194 30.959999084472656 AB 6.976404427760516 1.193670019293441
60575.1463 lsst_hardware_r 120.02547561695923 35.5170022521438 31.579999923706055 AB 1.4501060228854084 1.0821686737950809
60575.1579 lsst_hardware_z 186.60421310193465 46.494823253295145 30.950000762939453 AB 1.496979083861125 1.0969558504108483
60581.1631 lsst_hardware_g 2.1974324012147437 13.489999771118164 31.3700008392334 AB 4.512314084160018 1.135101964445008
60581.1749 lsst_hardware_r -7.542360288854971 22.770000457763672 31.459999084472656 AB 4.6761119569223615 1.1623926644376983
60583.0692 lsst_hardware_r -15.104685514982034 22.389999389648438 31.489999771118164 AB 6.098521298102618 1.060427977413041
60583.0812 lsst_hardware_i 47.903194036493225 30.360000610351562 31.25 AB 6.077110289116611 1.0585763313891614
60587.0573 lsst_hardware_i -29.72672588666578 30.389999389648438 31.25 AB 3.0142684510648414 1.0607396308732582
60587.0687 lsst_hardware_u -0.7735834064613162 2.7300000190734863 28.479999542236328 AB 3.00734980319486 1.0586153604675366
60589.0695 lsst_hardware_r -6.6071363613516585 22.25 31.479999542236328 AB 4.87381219595667 1.058833846612355
60589.0827 lsst_hardware_z 25.38720188966162 41.040000915527344 30.940000534057617 AB 4.477176873756719 1.0625160186897062
60593.1344 lsst_hardware_g 4.094734241670782 37.959999084472656 32.349998474121094 AB 5.123443234113538 1.1439661880277328
60593.1459 lsst_hardware_r 33.98448449016665 46.34000015258789 32.310001373291016 AB 5.175081370013784 1.1721588607052738
60597.1393 lsst_hardware_r 26.60766791189555 77.31999969482422 31.610000610351562 AB 7.313805832660225 1.1840225294019926
60597.1508 lsst_hardware_z -64.72186079490587 62.41999816894531 30.959999084472656 AB 7.4591787150110695 1.2192350960993372
60598.1341 lsst_hardware_z 91.49660626610985 61.310001373291016 30.969999313354492 AB 9.259326599222868 1.1771577411873548
60598.1457 lsst_hardware_i -47.54592904944328 65.94000244140625 31.299999237060547 AB 9.482225097635563 1.2115279085564228
60600.134 lsst_hardware_z -51.36257583336091 62.459999084472656 30.959999084472656 AB 7.316965796574451 1.192367929043339
60600.1449 lsst_hardware_r -24.462643992575313 88.61000061035156 31.610000610351562 AB 7.511440950310948 1.2269252634379355
60602.0801 lsst_hardware_i -13.537188564102593 52.16999816894531 31.309999465942383 AB 3.144869167272964 1.0913369001525612
60602.0903 lsst_hardware_r 34.21061416328636 64.79000091552734 31.6299991607666 AB 3.6251895035466517 1.1063369202859525
60604.0808 lsst_hardware_u 1.5313039849306989 2.7100000381469727 28.440000534057617 AB 4.298748115493043 1.100033637265306
60604.0924 lsst_hardware_g -21.48895286154691 13.8100004196167 31.399999618530273 AB 4.903084883134016 1.119468370135953
60606.0835 lsst_hardware_r 4.604092067022969 22.90999984741211 31.479999542236328 AB 3.4511633210426567 1.1132784906589215
60606.0948 lsst_hardware_i -10.611979597459682 31.329999923706055 31.239999771118164 AB 3.5186119637331252 1.1350361173332661
60608.0813 lsst_hardware_z 48.931603356309466 42.45000076293945 30.940000534057617 AB 2.45203708308487 1.119140613000906
60608.092 lsst_hardware_r 14.116148531089522 23.06999969482422 31.479999542236328 AB 2.597527912489645 1.1407676383353216
60610.0789 lsst_hardware_u 6.582854254096814 2.7799999713897705 28.479999542236328 AB 3.111607136666998 1.124948350204736
60610.0897 lsst_hardware_g -14.532007207850617 14.020000457763672 31.399999618530273 AB 4.35050108392487 1.14788946805393
60823.3639 lsst_hardware_g -14.21077823395832 19.209999084472656 32.13999938964844 AB 10.083929545880276 1.1040798772861302
60823.3846 lsst_hardware_y -210.65576985997916 67.02999877929688 30.790000915527344 AB 10.070314363409372 1.0775383632424338
60824.43 lsst_hardware_z 16.194515283208958 45.189998626708984 30.959999084472656 AB 8.475586799707612 1.0596249541224718
60844.4029 lsst_hardware_z -37.468130792269285 45.220001220703125 30.950000762939453 AB 5.016501850834241 1.0757330630809667
60844.4169 lsst_hardware_r -37.26279958843314 38.54999923706055 31.59000015258789 AB 5.348980962037555 1.091628767762766
60849.1785 lsst_hardware_z -40.12973967275612 94.62000274658203 32.400001525878906 AB 4.82831949630403 1.5631531310540214
60849.1928 lsst_hardware_u 3.202216303866172 3.440000057220459 28.860000610351562 AB 4.495428019409973 1.4626809531444038
60860.0886 lsst_hardware_r 67.29509345830611 41.68000030517578 31.329999923706055 AB 20.329726642545225 2.2858441762524495
60860.1008 lsst_hardware_z -0.4991238447119694 54.689998626708984 30.850000381469727 AB 18.508182234223376 2.0820859166097674
60861.341 lsst_hardware_i 0.7275804993735938 30.56999969482422 31.25 AB 4.848090055805597 1.0642668057527287
60861.3526 lsst_hardware_r 26.197675408633085 22.639999389648438 31.479999542236328 AB 4.850912594162018 1.072261846631746
60863.2867 lsst_hardware_z 76.8875419524427 51.34000015258789 30.969999313354492 AB 1.6812109866385494 1.0680006267687627
60863.298 lsst_hardware_g -10.510342172543734 59.58000183105469 31.709999084472656 AB 1.5865753869725734 1.0617871085645463
60867.2935 lsst_hardware_z 2.50670530614383 81.27999877929688 30.989999771118164 AB 9.046161558626574 1.0597038081914805
60867.3054 lsst_hardware_r -13.736191212150427 122.9000015258789 31.65999984741211 AB 9.0513822397091 1.0585792924050366
60870.3011 lsst_hardware_z 137.14745449974436 87.11000061035156 31.729999542236328 AB 6.45316404580838 1.0589807664915778
60875.2418 lsst_hardware_z 59.06023351505468 41.720001220703125 30.950000762939453 AB 2.7118596600418887 1.0783814136760668
60875.2534 lsst_hardware_u -3.4692883295370454 2.700000047683716 28.440000534057617 AB 2.3366373801221507 1.0683805891206875
60877.236 lsst_hardware_g -6.566788731989783 13.869999885559082 31.40999984741211 AB 6.054364047155335 1.0787285607403716
60877.247 lsst_hardware_r 19.029446618814074 22.75 31.489999771118164 AB 5.91902213930185 1.0690587849431397
60879.2377 lsst_hardware_i 50.43133379022776 30.760000228881836 31.25 AB 5.2442976641630725 1.072069844976375
60879.2505 lsst_hardware_z -73.87572130673772 41.41999816894531 30.950000762939453 AB 5.438323819450941 1.063522796411644
60881.2424 lsst_hardware_i 5.489044148134525 30.690000534057617 31.25 AB 5.78288685346438 1.064939340447379
60881.2533 lsst_hardware_u -2.468016575544463 2.640000104904175 28.389999389648438 AB 6.3419837928799465 1.060236911598765
60884.0974 lsst_hardware_r 5.59430193040139 24.15999984741211 31.420000076293945 AB 5.5544900300064235 1.4617079026332693
60884.1079 lsst_hardware_i 20.270722930867684 33.25 31.190000534057617 AB 5.315873869074635 1.3989141760722725
60888.3213 lsst_hardware_i -75.9046509028664 31.260000228881836 31.239999771118164 AB 5.49618673609215 1.133234378575701
60888.3325 lsst_hardware_z 26.086372750293094 42.81999969482422 30.940000534057617 AB 5.56940236101449 1.1586828767713917
60891.2164 lsst_hardware_i -32.78813852885371 45.22999954223633 31.299999237060547 AB 1.5555362670451556 1.0642209352646446
60891.2279 lsst_hardware_z -9.794024689020757 48.34000015258789 30.959999084472656 AB 1.6116677558686068 1.0597267435848372
60894.2111 lsst_hardware_z -70.69317483902276 71.0999984741211 31.0 AB 3.3950385177559057 1.0627761833638771
