data/validation/pwv_sim_epoch_fit_epoch/56610432.ecsv
# %ECSV 0.9
# ---
# datatype:
# - {name: time, datatype: float64}
# - {name: band, datatype: string}
# - {name: flux, datatype: float64}
# - {name: fluxerr, datatype: float64}
# - {name: zp, datatype: float64}
# - {name: zpsys, datatype: string}
# - {name: pwv, datatype: float64}
# - {name: airmass, datatype: float64}
# meta: {SNID: '56610432', alt: 1024.0, c: 0.05014442652463913, dec: -30.345182, lat: -30.244573, lon: -70.7499537, ra: 94.746094, t0: 62772.28515625,
#   x0: 6.400614646219176e-06, x1: 0.2297077178955078, z: 0.5542032122612}
# schema: astropy-2.0
time band flux fluxerr zp zpsys pwv airmass
62765.3196 lsst_hardware_r 1993.7837025024044 51.59885983166023 31.469999313354492 AB 4.287752704335512 1.3723004334567168
62765.3361 lsst_hardware_g 647.2944783132087 32.560903525985466 31.5 AB 2.6080602403643747 1.2725348818562452
62767.326 lsst_hardware_i 1710.5682272007205 52.55952449298684 31.209999084472656 AB 2.649324955383165 1.2981584101509995
62767.3426 lsst_hardware_z 1362.8782950282066 56.46435822919823 30.93000030517578 AB 2.1407710735030854 1.214047867771126
62772.2745 lsst_hardware_z 1347.1796093856735 60.378481838541546 30.889999389648438 AB 5.502238821353766 1.5908554803454853
62772.2949 lsst_hardware_r 1949.744011760587 50.17746043143897 31.40999984741211 AB 5.334748790399665 1.4121186192438233
62774.2805 lsst_hardware_u -0.1814939900466769 2.420784034870157 28.0 AB 3.5168522014601993 1.483382299385673
62774.2991 lsst_hardware_g 398.9853103123035 24.09558640099141 31.290000915527344 AB 5.080742064358258 1.3453573584956113
62776.2988 lsst_hardware_r 1852.0743153564802 49.06381048566125 31.440000534057617 AB 4.190885656249281 1.313482758958195
62776.3308 lsst_hardware_z 1463.8101777055401 57.04445356776741 30.940000534057617 AB 3.714033408305813 1.1620577503629002
62781.2867 lsst_hardware_z 1347.3479857893258 61.51483992526745 30.93000030517578 AB 5.739253872745548 1.3043758801694427
62781.3078 lsst_hardware_r 1722.8498316568014 56.04145073588098 31.559999465942383 AB 5.5072356562855 1.1991368100491002
62787.2579 lsst_hardware_y 348.1902076859649 58.463815185977275 29.93000030517578 AB 7.703567827074222 1.3836259044018155
62787.2767 lsst_hardware_r 1270.1613784983233 87.71065115681596 31.59000015258789 AB 7.0426677336129515 1.269025358930798
62791.2496 lsst_hardware_z 863.1479066192459 62.40244737674658 30.93000030517578 AB 7.154307912307244 1.3656517131582282
62791.268 lsst_hardware_r 998.3542641928804 61.807213298505474 31.579999923706055 AB 7.7340599272561 1.2574855243828087
62794.2862 lsst_hardware_i 1044.681245476454 46.56349415468623 31.25 AB 1.4021401847215886 1.145851417642268
62794.3152 lsst_hardware_z 915.7908616349471 52.47381467614787 30.950000762939453 AB 1.3265881272173978 1.0659607289814366
62796.2637 lsst_hardware_u -4.87758452171803 2.779939674262531 28.31999969482422 AB 3.371076634281393 1.212835630250546
62796.2812 lsst_hardware_g 68.21173672234265 15.782418746308517 31.3700008392334 AB 3.17821324462748 1.1442711951854114
62799.2459 lsst_hardware_g 52.52767021798298 15.137493075102837 31.31999969482422 AB 5.645780578977984 1.2588139529494993
62799.2633 lsst_hardware_r 475.2769269383642 31.113566015074877 31.450000762939453 AB 4.484308462731501 1.1800811744030266
62801.2494 lsst_hardware_i 742.0695381747896 40.35044715522357 31.229999542236328 AB 3.698286828712215 1.2157418897808505
62801.2669 lsst_hardware_z 731.7784322259811 50.11696130017785 30.940000534057617 AB 3.7777347974441535 1.1465052496036525
62803.2479 lsst_hardware_r 356.6157191468134 29.536534824864347 31.479999542236328 AB 3.9137396140752485 1.19845042790913
62803.2659 lsst_hardware_g 37.969402072569736 14.857552972677802 31.399999618530273 AB 2.9932911680767567 1.1316077757206189
62807.2538 lsst_hardware_r 339.80609120504926 27.769240900736612 31.469999313354492 AB 3.530863695023776 1.1354476455216345
62807.2718 lsst_hardware_i 482.23360227301185 37.32258154911012 31.239999771118164 AB 3.376924281717064 1.0840558406838974
62810.2163 lsst_hardware_z 1368.3428290494933 78.05360527194678 31.690000534057617 AB 5.419745281742578 1.2566068355533058
62813.1978 lsst_hardware_i 479.9033373798142 63.711976911515485 31.280000686645508 AB 6.794339237593605 1.3134022399781706
62813.2124 lsst_hardware_z 632.4505763694216 62.15485842856772 30.959999084472656 AB 5.901742076116788 1.235406358605196
62819.1944 lsst_hardware_i 371.9702904794427 61.474558190259714 31.280000686645508 AB 4.987913366038775 1.243248595722526
62819.2109 lsst_hardware_z 465.62083283855924 61.017232946499654 30.959999084472656 AB 8.39548232345516 1.171489893735458
62822.2122 lsst_hardware_i 248.15777181711894 40.572537157939344 31.260000228881836 AB 6.643314678727886 1.137586348707649
62822.2295 lsst_hardware_z 493.78114612307803 49.83807056214267 30.950000762939453 AB 5.940453941409061 1.0873977560693615
62827.1962 lsst_hardware_z 344.85810635767996 46.45475337931363 30.940000534057617 AB 4.217252269767935 1.1455255384402923
62827.2104 lsst_hardware_u -0.4041287513437959 3.0847110497315686 28.389999389648438 AB 3.3930905609849518 1.1017123960122144
62829.2135 lsst_hardware_r 96.06077034942912 24.314132102120897 31.479999542236328 AB 8.187933539325591 1.0797986952097556
62829.2298 lsst_hardware_g 13.012384044846074 13.396525423672538 31.3799991607666 AB 8.004843357413604 1.046316365912503
62831.2008 lsst_hardware_r 138.02481621881697 24.27187112637631 31.459999084472656 AB 5.067100790652 1.0981219657556889
62831.2164 lsst_hardware_i 186.90009482712185 32.91118926824543 31.239999771118164 AB 5.566379667079597 1.0613409813930845
62836.19 lsst_hardware_r 123.90575591569616 24.34830308791714 31.479999542236328 AB 8.401166344215413 1.0906356412066824
62836.2127 lsst_hardware_u 0.7928492293133463 2.7989125785951225 28.450000762939453 AB 7.995747651725198 1.0428782642135384
62840.1475 lsst_hardware_i 155.09015024830398 46.90127302633021 31.270000457763672 AB 3.105212032787393 1.1958454555022053
62840.1693 lsst_hardware_z 284.12159793747776 50.77929464089729 30.959999084472656 AB 2.6942805983292675 1.117842795696902
62842.1428 lsst_hardware_r 135.94393454712016 69.96929605413177 31.610000610351562 AB 5.296045530030501 1.192668737761626
62842.1647 lsst_hardware_z 239.80138184953506 56.86076745554653 30.969999313354492 AB 5.113518882355681 1.1152712938616534
62844.1237 lsst_hardware_i 36.44837069301502 76.5730577086061 31.290000915527344 AB 7.801974765696981 1.2554469009086782
62844.1456 lsst_hardware_z 183.55520129823475 67.826372944028 30.979999542236328 AB 6.353866204936162 1.1603998730612255
62849.1609 lsst_hardware_z 221.02788034812866 54.33148294827258 30.969999313354492 AB 7.705075936774918 1.0751143735689006
62849.1825 lsst_hardware_g -8.486050857954154 59.9370105855998 31.719999313354492 AB 7.862334852473194 1.034517743746473
62853.153 lsst_hardware_z -38.3679433306213 41.209999084472656 30.950000762939453 AB 3.1307587002817847 1.0683663985034775
62853.1746 lsst_hardware_u 1.9001762979663877 2.680000066757202 28.479999542236328 AB 3.4262137142538807 1.0301820238297812
62858.1365 lsst_hardware_r 7.172079927702576 21.809999465942383 31.479999542236328 AB 5.240144677409321 1.07471775985151
62858.1577 lsst_hardware_i 2.5598825959507656 29.649999618530273 31.25 AB 4.945749888196696 1.0348561230751587
62860.0529 lsst_hardware_y 13.590267031187908 52.15999984741211 29.920000076293945 AB 10.171467325700826 1.425240634147793
62860.0748 lsst_hardware_g 10.338490181812386 13.229999542236328 31.309999465942383 AB 9.128928822154288 1.28299383802412
62863.052 lsst_hardware_y -12.720885240469569 51.290000915527344 29.940000534057617 AB 8.524630246779068 1.3725789362568273
62863.0726 lsst_hardware_z -56.15482319530551 43.75 30.93000030517578 AB 7.822830530505676 1.2515193894795293
62865.0623 lsst_hardware_y -69.070206006513 70.5199966430664 30.719999313354492 AB 10.68255232857397 1.2767227849220928
62866.0523 lsst_hardware_z -65.16323868247954 46.650001525878906 30.93000030517578 AB 9.913118085600914 1.318146145283015
62866.0737 lsst_hardware_r 4.739024472101273 28.610000610351562 31.520000457763672 AB 9.082299942916858 1.2078998915537222
62870.038 lsst_hardware_y -9.437897532191123 75.19999694824219 29.959999084472656 AB 3.606193546322165 1.3389746760687513
62870.0604 lsst_hardware_z 61.896882741965214 52.209999084472656 30.950000762939453 AB 2.7397984525246835 1.2185005348119562
62872.0526 lsst_hardware_y -59.31472170809197 55.36000061035156 29.979999542236328 AB 11.983187177433285 1.2292970021987366
62872.0749 lsst_hardware_i 42.957914681081576 63.5099983215332 31.309999465942383 AB 11.183869515597374 1.1402028324200408
62879.0366 lsst_hardware_y 74.23271864718564 74.01000213623047 30.0 AB 4.662388979758911 1.2150075520567085
62879.0544 lsst_hardware_g 8.941819338988678 14.180000305175781 31.389999389648438 AB 2.341342699461267 1.1449108554822984
62883.0376 lsst_hardware_y 37.70840055991993 69.12999725341797 30.030000686645508 AB 4.262955193375563 1.1660161907482396
62883.0541 lsst_hardware_r 15.963987392877973 22.450000762939453 31.479999542236328 AB 3.0844616785197005 1.111317484604468
62887.0432 lsst_hardware_y -56.08322959468926 51.63999938964844 30.030000686645508 AB 13.299847397097905 1.1112530898563908
62887.0592 lsst_hardware_z -8.779071618966631 41.150001525878906 30.940000534057617 AB 12.87164892813596 1.0704815797188405
62889.0435 lsst_hardware_y -19.57233554150752 52.0 30.030000686645508 AB 8.016425024356094 1.0952896603847648
62889.0615 lsst_hardware_u -4.221330062768253 2.5299999713897705 28.329999923706055 AB 7.8206890513973715 1.054498624876609
62891.037 lsst_hardware_y -47.25219855319896 59.209999084472656 30.040000915527344 AB 7.342345620484375 1.098057670062469
62891.0556 lsst_hardware_r 0.43271937998938914 22.06999969482422 31.489999771118164 AB 7.490897204794555 1.0553408368166837
62893.0497 lsst_hardware_z 55.85610149414404 61.79999923706055 31.709999084472656 AB 12.040569691190923 1.0561903237886774
62895.0383 lsst_hardware_y -18.032015330600448 51.790000915527344 30.049999237060547 AB 13.74804601115834 1.0684110284360777
62895.056 lsst_hardware_g -22.751899423633198 19.010000228881836 31.549999237060547 AB 13.102366132777892 1.0358693511393473
62897.0347 lsst_hardware_y -82.52401086288201 56.459999084472656 30.049999237060547 AB 9.13372955632095 1.0644338610843103
62897.0517 lsst_hardware_i -4.6015958108707915 36.540000915527344 31.290000915527344 AB 9.463324535578048 1.0341300989594544
63129.3064 lsst_hardware_r 19.185163588222775 23.84000015258789 31.40999984741211 AB 9.654729863459039 1.5015131980498588
63129.3232 lsst_hardware_g -10.530080011966714 13.550000190734863 31.309999465942383 AB 8.994129946702465 1.3710563943144
63137.267 lsst_hardware_z -106.28543811835775 59.75 30.889999389648438 AB 5.818276821424688 1.6810970301721775
63137.2863 lsst_hardware_r -40.36661123682568 64.41000366210938 31.530000686645508 AB 5.00208578864014 1.4863567121556707
63145.2681 lsst_hardware_z 123.88169581719353 54.310001373291016 30.920000076293945 AB 8.565346640057628 1.4559693984089876
63145.289 lsst_hardware_r -16.015032645077454 51.810001373291016 31.56999969482422 AB 7.754633329272725 1.3109192075971097
63149.2896 lsst_hardware_r -22.45982073425922 24.280000686645508 31.469999313354492 AB 4.010154140523 1.2483941600196526
63149.3099 lsst_hardware_z 10.675673949791417 43.060001373291016 30.940000534057617 AB 3.23905721329128 1.161125812083506
63151.2527 lsst_hardware_u -0.4839985747485512 2.380000114440918 28.06999969482422 AB 7.859805734811165 1.448078068225538
63151.2712 lsst_hardware_g -26.202250988103163 13.149999618530273 31.290000915527344 AB 7.202880109851684 1.3193900462246815
63155.262 lsst_hardware_r -1.480191144865726 22.940000534057617 31.450000762939453 AB 9.52711054878597 1.3091485730284675
63155.28 lsst_hardware_g 11.08559028840437 13.170000076293945 31.350000381469727 AB 8.878405149771034 1.2162754212207454
63157.2715 lsst_hardware_r -41.157619556354135 22.770000457763672 31.450000762939453 AB 6.341776168907658 1.2302781257883812
63157.2907 lsst_hardware_i 11.831495997894462 31.059999465942383 31.229999542236328 AB 5.922694765096402 1.1516031042380717
63159.2498 lsst_hardware_i 33.39509769723335 32.060001373291016 31.209999084472656 AB 1.4762871511868416 1.3167419216771024
63159.2676 lsst_hardware_z -22.84195364917143 43.18000030517578 30.93000030517578 AB 1.5002288353734545 1.2230126375327073
63161.2631 lsst_hardware_u 2.894646470947425 2.5199999809265137 28.260000228881836 AB 3.3530433022212045 1.218623769660623
63161.2811 lsst_hardware_g -29.96127862952748 13.119999885559082 31.360000610351562 AB 3.309619803092069 1.1469831235806858
63163.3004 lsst_hardware_r 8.189387998449462 21.90999984741211 31.479999542236328 AB 3.4601991251380695 1.076099867870406
63163.3183 lsst_hardware_u 5.023508346625641 2.549999952316284 28.3700008392334 AB 3.255490170017474 1.0409518516405643
63165.2507 lsst_hardware_g 8.968457178143723 49.13999938964844 31.639999389648438 AB 1.7155779724218267 1.225412837444162
63165.2663 lsst_hardware_r 59.26768433400005 43.040000915527344 31.59000015258789 AB 1.625158155803426 1.1608272541453044
63166.2409 lsst_hardware_r 18.3821129810189 56.869998931884766 31.579999923706055 AB 4.036038445547987 1.2599823446653122
63166.2587 lsst_hardware_z -25.372337888093657 50.5 30.950000762939453 AB 3.8687195189206283 1.1793977650851326
63168.2423 lsst_hardware_r -210.0807562421785 79.91999816894531 31.610000610351562 AB 3.994342943794644 1.2263871488469893
63168.2592 lsst_hardware_i -27.392295430229535 62.09000015258789 31.309999465942383 AB 3.0652766352027627 1.156853680413583
63170.2432 lsst_hardware_z -6.687744206377047 62.90999984741211 30.969999313354492 AB 4.5693174260531695 1.198142843996144
63170.2606 lsst_hardware_i 76.81550279400935 67.86000061035156 31.309999465942383 AB 4.306602672997769 1.13331649289415
63181.194 lsst_hardware_u 0.8653581109427986 2.4800000190734863 28.200000762939453 AB 0.9712590773126232 1.2919974423846003
63181.2122 lsst_hardware_g -18.526539124853212 13.0600004196167 31.329999923706055 AB 2.772843210787498 1.202273396786023
63183.1941 lsst_hardware_r -9.724528675684892 22.540000915527344 31.450000762939453 AB 5.467545839215553 1.261984036749389
63183.2117 lsst_hardware_i -30.515690806787063 30.829999923706055 31.219999313354492 AB 7.887078124974786 1.1817322699425326
63187.2108 lsst_hardware_u 4.234496497602447 2.4700000286102295 28.239999771118164 AB 6.660878176912489 1.1446282900563196
63187.2286 lsst_hardware_r 5.132838019590822 21.850000381469727 31.469999313354492 AB 6.410088542360003 1.0914349718105805
63189.209 lsst_hardware_i -4.438693309932218 30.520000457763672 31.239999771118164 AB 6.022548653098862 1.1324305275417406
63189.2272 lsst_hardware_z 16.606665293360823 41.15999984741211 30.940000534057617 AB 5.733730333625416 1.0813258526403635
63191.2001 lsst_hardware_g -11.682226199113751 12.930000305175781 31.350000381469727 AB 3.5574440121401083 1.143872672713861
63191.2091 lsst_hardware_r -31.985911703854264 21.90999984741211 31.469999313354492 AB 3.672498746815802 1.1151876350470227
63193.2103 lsst_hardware_y -39.162850892655946 47.88999938964844 30.030000686645508 AB 6.739024300492403 1.0964597392129083
63193.2279 lsst_hardware_r -6.849334796268711 30.489999771118164 31.559999465942383 AB 6.514492204693029 1.056118703814055
63197.2325 lsst_hardware_z -4.866037018416876 56.060001373291016 30.979999542236328 AB 3.9139707943893023 1.0303538419767977
63197.2512 lsst_hardware_r 72.35546023881317 73.80999755859375 31.65999984741211 AB 4.424312786400314 1.01013629324766
63199.2069 lsst_hardware_r -127.18182561443197 94.30999755859375 31.649999618530273 AB 4.607212210232825 1.0654977359465367
63199.2248 lsst_hardware_i -5.092724477632548 72.77999877929688 31.329999923706055 AB 5.139830377125812 1.0335472304695699
63201.2085 lsst_hardware_z -55.52419162920547 62.06999969482422 30.979999542236328 AB 8.048088498479633 1.0514879146171456
63201.2266 lsst_hardware_i 93.28876873190285 67.81999969482422 31.329999923706055 AB 7.8539813243578696 1.0238091584719566
63204.1471 lsst_hardware_r -15.14977587951152 39.459999084472656 31.559999465942383 AB 3.8959735237444595 1.2123455717898894
63204.1686 lsst_hardware_z 1.0660495659032778 49.189998626708984 30.950000762939453 AB 4.089450547334572 1.1306454984221106
63206.1485 lsst_hardware_r 10.59910661767148 22.450000762939453 31.469999313354492 AB 6.419680333631 1.1833512135725346
63206.1702 lsst_hardware_u -0.13251697521322156 2.640000104904175 28.40999984741211 AB 5.767815603490079 1.1091953083634767
63208.1479 lsst_hardware_i -33.85065376819582 31.059999465942383 31.229999542236328 AB 4.308784646598126 1.1645363909724664
63208.1683 lsst_hardware_z 34.60877329924705 41.779998779296875 30.940000534057617 AB 4.849695424894615 1.0992679605360585
63211.1322 lsst_hardware_z -11.834257050397166 42.86000061035156 30.93000030517578 AB 11.460888500327208 1.1941950055044588
63211.1532 lsst_hardware_r 14.210870119401063 22.1299991607666 31.469999313354492 AB 10.727018745618178 1.1190686176184768
63216.1509 lsst_hardware_z 37.79720049096067 41.59000015258789 30.940000534057617 AB 11.092487668586637 1.0876749532888332
63216.1722 lsst_hardware_i -36.85897145046893 30.020000457763672 31.25 AB 10.731567946048363 1.043270347428644
63218.1339 lsst_hardware_r -18.30373079902188 22.079999923706055 31.469999313354492 AB 3.4036977022329578 1.119637402050315
63218.1573 lsst_hardware_u -0.8684600232924031 2.5399999618530273 28.350000381469727 AB 3.1867422161060173 1.0607741079964552
63220.1591 lsst_hardware_r -21.444146836057776 23.0 31.510000228881836 AB 3.162519840200883 1.0470186526074765
63220.181 lsst_hardware_i -1.5525581733070761 29.530000686645508 31.25 AB 3.848739407064501 1.016795228848884
63222.1312 lsst_hardware_i -62.153979231168826 36.72999954223633 31.270000457763672 AB 3.859260473193906 1.096251051682492
63222.1534 lsst_hardware_z 17.790601308369773 43.54999923706055 30.959999084472656 AB 3.6896977238339717 1.0474408621988824
63224.1387 lsst_hardware_r -60.73470371512737 51.130001068115234 31.6200008392334 AB 6.669516547885965 1.0653754319533508
63224.1605 lsst_hardware_z -58.3362264337431 47.66999816894531 30.969999313354492 AB 6.391454924857295 1.02801961073738
63226.1544 lsst_hardware_i -40.86509698441581 60.619998931884766 31.329999923706055 AB 7.186702566044756 1.0288765305718592
63226.1784 lsst_hardware_z 0.5883954447041759 56.209999084472656 30.979999542236328 AB 7.13120590628213 1.005764548862131
63229.0543 lsst_hardware_y -57.78595783103509 59.54999923706055 29.969999313354492 AB 11.035215628725586 1.3438733031389618
63229.0778 lsst_hardware_g -154.60045388424916 103.83000183105469 31.670000076293945 AB 9.914363516301448 1.2170089629044922
