data/validation/pwv_sim_epoch_fit_epoch/56711012.ecsv
# %ECSV 0.9
# ---
# datatype:
# - {name: time, datatype: float64}
# - {name: band, datatype: string}
# - {name: flux, datatype: float64}
# - {name: fluxerr, datatype: float64}
# - {name: zp, datatype: float64}
# - {name: zpsys, datatype: string}
# - {name: pwv, datatype: float64}
# - {name: airmass, datatype: float64}
# meta: {SNID: '56711012', alt: 1024.0, c: -0.1214437484741211, dec: -21.542267, lat: -30.244573, lon: -70.7499537, ra: 305.15625, t0: 60539.57421875,
#   x0: 6.478185761144818e-05, x1: -0.9509179592132568, z: 0.20501787960529327}
# schema: astropy-2.0
time band flux fluxerr zp zpsys pwv airmass
60436.4064 lsst_hardware_u -2.801703578767125 2.930000066757202 28.510000228881836 AB 7.060207353229943 1.0152728434325486
60436.4251 lsst_hardware_y 61.95924442044998 55.90999984741211 30.059999465942383 AB 7.36237362655738 1.0121492475333718
60443.3836 lsst_hardware_i 56.56844380705128 31.639999389648438 31.260000228881836 AB 8.243296942639262 1.0172514274867972
60443.4037 lsst_hardware_y 99.52029782426808 46.869998931884766 30.049999237060547 AB 8.235827980910233 1.0119175124498065
60445.3602 lsst_hardware_z 13.840980303239395 41.619998931884766 30.950000762939453 AB 4.255695121173727 1.0334792053685888
60445.3837 lsst_hardware_r 59.57908493440834 34.880001068115234 32.279998779296875 AB 4.5061606770832645 1.0144440965968629
60445.4043 lsst_hardware_y 43.86679593367519 46.939998626708984 30.049999237060547 AB 4.5398500446165615 1.0129071942473364
60447.3679 lsst_hardware_u 1.399515409663534 2.8499999046325684 28.489999771118164 AB 7.160628495451684 1.0204928855065225
60447.3905 lsst_hardware_g 4.924588283065655 15.8100004196167 31.489999771118164 AB 7.941723816142441 1.0118564277766322
60458.3258 lsst_hardware_z 106.68216753110968 69.56999969482422 31.0 AB 8.872978402889165 1.032171746315519
60458.3508 lsst_hardware_i 3.096649382132701 76.80999755859375 31.34000015258789 AB 8.618271228667112 1.013487007869284
60460.3261 lsst_hardware_z -15.098626688897438 47.650001525878906 30.969999313354492 AB 7.686186368330912 1.0259648100107719
60460.3513 lsst_hardware_r -17.00403513825265 45.380001068115234 31.6299991607666 AB 7.196515827869251 1.0121207389999343
60464.3297 lsst_hardware_r 17.268239867857496 24.110000610351562 31.520000457763672 AB 12.195447468862548 1.0153988151086721
60464.3531 lsst_hardware_i -12.638576982959048 31.15999984741211 31.260000228881836 AB 12.112027331554584 1.0130924956342184
60466.333 lsst_hardware_z 14.852831909919045 41.11000061035156 30.950000762939453 AB 6.231616072171591 1.0124340702949417
60466.3558 lsst_hardware_r 28.433942833672734 23.940000534057617 31.510000228881836 AB 5.566942985771026 1.016514742220641
60485.2646 lsst_hardware_z 36.55506946456574 93.02999877929688 31.0 AB 4.476215338195711 1.0201618912189079
60485.2855 lsst_hardware_i -285.19594422154285 106.54000091552734 31.350000381469727 AB 4.4465332428868 1.0118981038599988
60487.2503 lsst_hardware_r -38.71693470067841 72.36000061035156 31.649999618530273 AB 7.294224045693236 1.0280794990405953
60487.2764 lsst_hardware_z -21.74776042088731 84.63999938964844 31.729999542236328 AB 7.180593279148566 1.0123016840904933
60487.3011 lsst_hardware_r 31.619152420609936 76.51000213623047 31.65999984741211 AB 6.833948823607193 1.0180929346156438
60493.2595 lsst_hardware_g 20.57333849363407 15.59000015258789 31.469999313354492 AB 6.509698271175035 1.01239475445957
60493.28 lsst_hardware_r 0.27179704180518555 24.329999923706055 31.510000228881836 AB 6.599291397908964 1.0154318199582957
60497.2621 lsst_hardware_r -47.72826503864275 24.489999771118164 31.520000457763672 AB 1.6074782476945062 1.0128505629999514
60497.281 lsst_hardware_u -1.6090662728760585 2.7799999713897705 28.440000534057617 AB 1.6253125753851518 1.0236040151475712
60499.247 lsst_hardware_g 15.359282053400529 15.850000381469727 31.5 AB 2.1553772393703063 1.0119141968874679
60499.2675 lsst_hardware_i 28.479375195401683 31.579999923706055 31.260000228881836 AB 2.1368902756077532 1.017566797908454
60501.2501 lsst_hardware_z -41.96514721873996 41.439998626708984 30.950000762939453 AB 8.791346229747864 1.0125945899271902
60501.2688 lsst_hardware_r -10.438539794042047 24.549999237060547 31.520000457763672 AB 8.886513268051154 1.0224960612186347
60503.2288 lsst_hardware_r 33.756768597581804 24.719999313354492 31.540000915527344 AB 6.912869778138997 1.0132210931414036
60503.2469 lsst_hardware_u -2.7365496175905366 2.9600000381469727 28.579999923706055 AB 6.947676733950185 1.0131747132924271
60506.2261 lsst_hardware_z 26.534071215144113 43.34000015258789 30.959999084472656 AB 2.8464597801934595 1.01207458851323
60506.2464 lsst_hardware_r 51.82830814078948 29.639999389648438 31.559999465942383 AB 3.016706579614683 1.016410572646244
60508.2279 lsst_hardware_i 17.826715639594493 48.31999969482422 31.309999465942383 AB 2.029206362969234 1.0120729989871493
60508.2508 lsst_hardware_z 33.00766750639175 49.959999084472656 30.969999313354492 AB 1.9408994665110986 1.0234562375591327
60511.2082 lsst_hardware_r -52.48844261714062 137.8699951171875 31.670000076293945 AB 6.306837917627537 1.012875468569733
60511.2296 lsst_hardware_z 62.504750867823475 92.30999755859375 31.0 AB 5.690513869239895 1.0148493235080709
60514.1957 lsst_hardware_z 78.38730548150345 83.16000366210938 31.0 AB 5.5934878938139105 1.0142930174952691
60514.2161 lsst_hardware_i 49.18017032804221 98.47000122070312 31.350000381469727 AB 6.3759041086125885 1.0129593987098324
60516.1734 lsst_hardware_r 1.6239953182692202 59.698281933218006 31.639999389648438 AB 11.021255656678397 1.0257817583059214
60516.1918 lsst_hardware_z 70.28762205319518 52.2261769413533 30.969999313354492 AB 10.944761753687159 1.0137089173767253
60520.1792 lsst_hardware_r 110.2982365724448 27.051967851534535 31.520000457763672 AB 4.895714274540074 1.0143404691888684
60520.2004 lsst_hardware_u 21.080794234060736 5.1249131863393105 28.450000762939453 AB 4.9142850021507405 1.0131501911453304
60525.1598 lsst_hardware_g 5867.118799457046 80.450304085769 32.25 AB 1.4249427349203567 1.0172107566355908
60525.1797 lsst_hardware_r 6282.356231342357 86.44453473555652 32.279998779296875 AB 1.2213801668138926 1.0119139741624708
60529.1596 lsst_hardware_r 7541.63537885486 90.83827466167229 31.530000686645508 AB 3.894658256360674 1.012739426981193
60529.1797 lsst_hardware_u 218.37647998206367 14.930694126536745 28.5 AB 3.344378935374859 1.0145241727209933
60531.1418 lsst_hardware_u 374.49934527558537 19.343356250743206 28.530000686645508 AB 4.420081036931329 1.0182172395603153
60531.1628 lsst_hardware_g 11669.530268169718 109.15520776152381 31.479999542236328 AB 4.346054833129451 1.0118870391453902
60535.1338 lsst_hardware_r 15667.968335561236 129.9721960832132 31.600000381469727 AB 3.0798829652083057 1.016463024821223
60535.1538 lsst_hardware_y 1871.6888224032539 63.20657739322765 30.059999465942383 AB 3.068813282663772 1.0120303229626597
60537.1214 lsst_hardware_z 5420.7094763370615 89.64408597382413 30.979999542236328 AB 5.264788210247884 1.0210993425616124
60537.1397 lsst_hardware_r 17799.449596379174 146.32670098768915 31.649999618530273 AB 5.453952712026481 1.0123346101209245
60539.1464 lsst_hardware_i 12471.616874384696 146.01067273229359 31.350000381469727 AB 2.7623904780695843 1.012606480230786
60539.164 lsst_hardware_z 5560.877736957387 109.15889559627995 31.0 AB 2.7756862830168516 1.0216309970310162
60541.125 lsst_hardware_r 18772.290814426677 205.05855524189346 31.670000076293945 AB 1.8238236449657046 1.0132353583142804
60541.1469 lsst_hardware_z 5385.691131740518 125.29675512228343 31.010000228881836 AB 1.8423490208396933 1.0145093727090821
60543.1224 lsst_hardware_z 4957.154905116618 96.79472024401508 30.989999771118164 AB 2.8033873535807112 1.012510105130731
60543.1407 lsst_hardware_i 11999.822710228911 133.7939803688206 31.34000015258789 AB 2.0429563571531673 1.014209675899305
60546.1217 lsst_hardware_z 4356.3575643998165 77.53196960610312 30.959999084472656 AB 3.7955653271804386 1.0118809190030496
60546.1426 lsst_hardware_r 15984.946755317627 130.62006811241673 31.59000015258789 AB 3.6443397263884965 1.019871192086333
60549.0857 lsst_hardware_r 13314.326112204992 118.38580396875048 31.540000915527344 AB 3.5967616644496054 1.023551981915084
60549.1039 lsst_hardware_u 162.6721706041175 12.209618089611169 28.59000015258789 AB 3.573599892432963 1.0130208520550779
60553.0736 lsst_hardware_g 6406.132927422933 81.95422301961425 31.459999084472656 AB 1.3263706056871827 1.0246200121183335
60553.0902 lsst_hardware_r 10849.190331299575 106.22854864809933 31.520000457763672 AB 1.0514293468851386 1.0139145100141937
60555.0842 lsst_hardware_i 6790.006825155609 88.140384685755 31.260000228881836 AB 0.6581620987530397 1.0141172553975957
60555.1028 lsst_hardware_z 2713.075493601031 66.6183127356167 30.950000762939453 AB 0.6617507284231399 1.0126254451769547
60557.0642 lsst_hardware_z 2814.329742006205 66.90861345110791 30.950000762939453 AB 1.2021470045969986 1.0232489753982112
60557.0812 lsst_hardware_r 8568.849252335509 95.5075078930826 31.520000457763672 AB 1.1952350764261088 1.0132688743986793
60561.0648 lsst_hardware_r 7095.868269630511 87.29464127984772 31.540000915527344 AB 2.598484946358626 1.0154298344504205
60561.0823 lsst_hardware_z 2970.44592429711 68.04510577232305 30.959999084472656 AB 2.5889821580912624 1.0119799966479686
60566.0455 lsst_hardware_r 12137.006686709146 144.9476067076881 32.40999984741211 AB 1.2093692202993425 1.0187021369922862
60566.0655 lsst_hardware_y 2198.664260111855 87.84117527139851 30.81999969482422 AB 1.2019217357160823 1.0118605885081733
60568.0387 lsst_hardware_z 6196.944707274267 137.20892356409502 31.75 AB 2.590042928133238 1.019635035023911
60571.0361 lsst_hardware_r 4554.770625915417 118.09142408242951 31.670000076293945 AB 5.995217232599637 1.0161385139999384
60571.0569 lsst_hardware_i 4748.260042976026 102.38757402724262 31.34000015258789 AB 5.638005441704474 1.0122092354945196
60573.0218 lsst_hardware_z 2347.203495309417 63.9087852082628 30.950000762939453 AB 3.9863860769101196 1.0221502761308
60573.0402 lsst_hardware_r 3951.7559117309506 77.03747256766736 31.6299991607666 AB 3.949020264932648 1.012569298700679
60577.02 lsst_hardware_r 2941.602887320479 59.427233988811984 31.520000457763672 AB 4.467642862797661 1.0159891288957688
60577.0411 lsst_hardware_z 2037.884955750205 60.896622912533616 30.950000762939453 AB 4.451265941293634 1.0123032122109141
60584.0013 lsst_hardware_y 451.0399343120366 52.29796960321671 30.059999465942383 AB 5.068380868408433 1.0157754429304093
60584.0202 lsst_hardware_r 2278.337591683588 53.56632694332824 31.540000915527344 AB 5.052238051051045 1.012050022746224
60586.0023 lsst_hardware_y 450.8921835137911 52.004972584694485 30.059999465942383 AB 2.4731776837851327 1.013182172792029
60586.0215 lsst_hardware_g 763.009655958317 32.99762408539639 31.5 AB 2.4695347131457357 1.0135582651942276
60587.9863 lsst_hardware_y 509.3390204335111 83.6951510682767 30.079999923706055 AB 3.3788201997229166 1.018125813496322
60588.0059 lsst_hardware_z 1293.4887286724997 54.702359800687134 30.959999084472656 AB 3.462489969434682 1.011856893875659
60589.9873 lsst_hardware_y 435.213530956933 69.07000131791986 30.079999923706055 AB 4.550402286791191 1.0146578608870844
60590.0061 lsst_hardware_u 9.761668728010806 4.552327495362139 28.6200008392334 AB 4.649661815747323 1.0123916641984265
60591.989 lsst_hardware_z 1051.5199659812884 72.72091270797297 30.989999771118164 AB 3.0513775585212426 1.0124293057830318
60592.0079 lsst_hardware_r 1969.866348611953 53.09747104820112 31.56999969482422 AB 2.435078419889473 1.0146160082872804
60593.9899 lsst_hardware_y 399.1480375952527 80.6056420681371 30.09000015258789 AB 5.359569253104892 1.0118599618832098
60594.0102 lsst_hardware_z 1049.076853297547 60.69568085615784 30.979999542236328 AB 6.262823705182302 1.0189251940426152
60799.4078 lsst_hardware_g 8.720343286515117 16.5 31.5 AB 9.055763307200548 1.017920863337017
60799.4268 lsst_hardware_y -19.07427016261384 61.43000030517578 30.06999969482422 AB 9.005590022020018 1.0118640474179794
60801.4042 lsst_hardware_i -3.1960931113059248 31.8799991607666 31.270000457763672 AB 2.67062607628624 1.0168003336326823
60801.4235 lsst_hardware_z -68.43584143455857 45.880001068115234 30.969999313354492 AB 2.390674235208006 1.0119256022045136
60807.3903 lsst_hardware_z -44.346812693753755 58.4900016784668 30.989999771118164 AB 10.740546079801671 1.0154864282318927
60807.4105 lsst_hardware_y -87.94807311813395 52.380001068115234 30.06999969482422 AB 10.64691129017342 1.0123284404358002
60809.3923 lsst_hardware_z 70.13337580406156 63.65999984741211 30.989999771118164 AB 8.246918573733781 1.0127617062180745
60809.4145 lsst_hardware_y -151.77902190168862 54.650001525878906 30.06999969482422 AB 8.273198113645122 1.015448586078691
60811.3677 lsst_hardware_y -3.4225154943486262 56.31999969482422 30.06999969482422 AB 4.213859313884022 1.0234852399831655
60811.3877 lsst_hardware_r 102.44638055201506 91.87999725341797 31.670000076293945 AB 4.59097217436893 1.0125655435309548
60816.3776 lsst_hardware_r 48.83803132296022 46.189998626708984 32.34000015258789 AB 7.171115025478908 1.012011716833038
60816.4 lsst_hardware_g 22.480853049461118 38.209999084472656 32.38999938964844 AB 7.329920368761969 1.0180444956613846
60825.3345 lsst_hardware_i -47.63673180072545 31.34000015258789 31.260000228881836 AB 12.6279938663645 1.0194828202124193
60825.3581 lsst_hardware_z 35.75851695606951 41.34000015258789 30.950000762939453 AB 12.543282770540499 1.0119358982310949
60827.3391 lsst_hardware_r 21.365302613259505 24.15999984741211 31.520000457763672 AB 6.786653693219207 1.0140180332025688
60827.3592 lsst_hardware_u 1.1148826785241417 2.799999952316284 28.479999542236328 AB 6.762507839946619 1.0130844932630825
60831.3329 lsst_hardware_g 15.89102304285017 15.289999961853027 31.469999313354492 AB 6.431594046814429 1.0126102569179363
60831.3532 lsst_hardware_r 2.8115046339239185 24.100000381469727 31.530000686645508 AB 5.306100101797076 1.0148741029896091
60845.2956 lsst_hardware_z 11.158139936338374 42.86000061035156 30.969999313354492 AB 3.0643472238359384 1.012421648248379
60845.3155 lsst_hardware_r 20.51878407032548 30.75 31.579999923706055 AB 3.1283208557078996 1.0151118214351398
60850.2495 lsst_hardware_r 31.70760680911638 24.299999237060547 31.520000457763672 AB 4.201688767684961 1.036259972299836
60850.2706 lsst_hardware_u -1.8185359208972396 2.8299999237060547 28.5 AB 3.8138292283125583 1.016704819383957
60853.2192 lsst_hardware_u -2.574912266475603 2.819999933242798 28.469999313354492 AB 7.733241359349672 1.0743597331689212
60853.2418 lsst_hardware_g 1.3641143634070427 15.430000305175781 31.469999313354492 AB 7.498978100342277 1.0356274133879977
60859.2582 lsst_hardware_r -1.277082949952868 24.3799991607666 31.530000686645508 AB 6.535258839194698 1.0122767718703307
60859.2787 lsst_hardware_i 6.744048200859476 31.389999389648438 31.260000228881836 AB 6.543554307362897 1.0158038277429111
60862.238 lsst_hardware_z -55.031237018953284 48.36000061035156 30.969999313354492 AB 4.459376841125984 1.0166138928818167
60862.2612 lsst_hardware_r 14.152205825560735 50.34000015258789 31.639999389648438 AB 4.532260089134222 1.0124938764913742
60864.2392 lsst_hardware_z -59.93391251771615 60.18000030517578 30.989999771118164 AB 1.5962843613029967 1.0136211416888539
60864.2607 lsst_hardware_r -115.36802511528116 81.56999969482422 31.65999984741211 AB 1.6364378331649443 1.0139020032000894
60869.2118 lsst_hardware_z 70.74373819797323 80.5199966430664 31.0 AB 6.916436452161906 1.02142903202161
60869.2317 lsst_hardware_r -131.83504805227182 120.08999633789062 31.670000076293945 AB 6.7773999987141735 1.0121565111580932
60871.2204 lsst_hardware_y 0.5515287806409742 71.55000305175781 30.809999465942383 AB 5.796473417823848 1.0135171355658776
60876.1951 lsst_hardware_r 6.234622143161577 24.860000610351562 31.530000686645508 AB 3.489751568032015 1.0196001854398173
60876.2161 lsst_hardware_i -43.727488823828466 31.68000030517578 31.260000228881836 AB 2.937307639640434 1.0118760887548146
60878.2011 lsst_hardware_z 36.577451938384016 41.459999084472656 30.950000762939453 AB 5.566242561078478 1.013579829027871
60878.2221 lsst_hardware_r -45.66546584206898 24.68000030517578 31.530000686645508 AB 5.128901885131086 1.0137672352880538
60880.1967 lsst_hardware_u -0.8923732705133581 2.890000104904175 28.520000457763672 AB 5.597998671258298 1.0132429945865764
