data/validation/pwv_sim_epoch_fit_epoch/56780768.ecsv
# %ECSV 0.9
# ---
# datatype:
# - {name: time, datatype: float64}
# - {name: band, datatype: string}
# - {name: flux, datatype: float64}
# - {name: fluxerr, datatype: float64}
# - {name: zp, datatype: float64}
# - {name: zpsys, datatype: string}
# - {name: pwv, datatype: float64}
# - {name: airmass, datatype: float64}
# meta: {SNID: '56780768', alt: 1024.0, c: 0.02048180066049099, dec: -51.062042, lat: -30.244573, lon: -70.7499537, ra: 6.244019, t0: 63188.703125,
#   x0: 3.667346220988109e-06, x1: -1.5451682806015015, z: 0.6967611908912659}
# schema: astropy-2.0
time band flux fluxerr zp zpsys pwv airmass
63048.4385 lsst_hardware_r 23.176763044155827 24.90999984741211 31.5 AB 9.988326386118834 1.0685749646372285
63051.4446 lsst_hardware_z -104.6288538303776 70.86000061035156 30.989999771118164 AB 6.1706783132023855 1.0708800057620234
63061.427 lsst_hardware_r 3.211720016750975 23.290000915527344 31.5 AB 7.343512540255838 1.0753422961276669
63061.4395 lsst_hardware_i -91.86962413818802 37.66999816894531 31.280000686645508 AB 7.406923754422093 1.0846278744211586
63063.3805 lsst_hardware_z 2.1595814280734587 41.2400016784668 30.950000762939453 AB 3.692751744755645 1.07243516304617
63063.392 lsst_hardware_i -10.613360028327358 30.149999618530273 31.239999771118164 AB 3.544929875996874 1.069037960192061
63066.4357 lsst_hardware_u 5.354290053621953 4.980000019073486 28.84000015258789 AB 3.4268338076939697 1.0948350823303417
63068.4301 lsst_hardware_r -11.520408250659719 22.8700008392334 31.489999771118164 AB 6.847169361652903 1.0946713607758438
63068.4432 lsst_hardware_i -47.370353825845676 51.279998779296875 31.299999237060547 AB 6.942077826397606 1.1123342134910439
63070.4224 lsst_hardware_z -3.619580632786336 41.79999923706055 30.940000534057617 AB 5.569857933056334 1.0921290064816342
63070.4331 lsst_hardware_u -9.481712799505877 4.309999942779541 28.75 AB 5.638164018756955 1.1055223566190109
63071.3044 lsst_hardware_r 3.420966383976551 22.170000076293945 31.469999313354492 AB 5.983138411598342 1.1353203817074655
63071.3288 lsst_hardware_g -3.893431628604254 13.1899995803833 31.389999389648438 AB 5.750498633710063 1.0970046992960822
63078.2612 lsst_hardware_r -174.4196563741801 82.72000122070312 32.36000061035156 AB 4.267604402313258 1.1917631153047192
63078.2734 lsst_hardware_y 100.73526206455558 71.70999908447266 30.760000228881836 AB 4.152576417493692 1.160667016279419
63080.4076 lsst_hardware_z 71.46781070532673 84.3499984741211 31.719999313354492 AB 2.0625271914860845 1.1080912561708907
63082.3999 lsst_hardware_z -29.486429588161485 63.189998626708984 30.979999542236328 AB 2.2446217329467646 1.104908556705274
63082.4125 lsst_hardware_r 93.36907280144474 86.77999877929688 31.639999389648438 AB 2.361904725683568 1.1247165360397942
63084.3998 lsst_hardware_i -18.34530161114099 53.72999954223633 31.309999465942383 AB 3.203466167005922 1.1127654143481465
63084.4119 lsst_hardware_z -9.217891906846368 53.939998626708984 30.959999084472656 AB 3.2822454589763286 1.1336330159945873
63086.4056 lsst_hardware_i -55.63191167260982 41.369998931884766 31.280000686645508 AB 1.5848558476457637 1.1320398911755456
63086.4182 lsst_hardware_z -50.264478069837075 47.7599983215332 30.950000762939453 AB 2.1483308503382776 1.158337985444794
63096.3727 lsst_hardware_g -14.594000226560876 13.550000190734863 31.399999618530273 AB 4.602256905455605 1.121977182728953
63096.3838 lsst_hardware_r -6.105273061674735 22.690000534057617 31.479999542236328 AB 2.765778616199556 1.142883725702296
63101.3332 lsst_hardware_r -7.152933093546136 22.299999237060547 31.479999542236328 AB 2.190682134473255 1.0873670422600537
63101.3435 lsst_hardware_i 4.318249923457339 30.520000457763672 31.239999771118164 AB 2.2111916752483025 1.0989107969427494
63107.3611 lsst_hardware_i -0.33649886604799417 30.860000610351562 31.229999542236328 AB 8.118497562652328 1.1588748215905116
63107.3726 lsst_hardware_z -60.56999758322773 42.709999084472656 30.93000030517578 AB 8.35835854379243 1.1877167313081323
63111.0399 lsst_hardware_i 72.90528712237345 89.0999984741211 31.1200008392334 AB 3.506738739678781 2.1441386363061943
63111.0503 lsst_hardware_r -86.50763228016127 108.66000366210938 31.40999984741211 AB 3.2199014823075798 1.9937470478700032
63112.3708 lsst_hardware_z 44.09681211389175 86.55999755859375 31.709999084472656 AB 1.2286817921094184 1.2226703296552799
63114.3607 lsst_hardware_z -32.22009509896482 51.36000061035156 30.950000762939453 AB 1.5007326910185241 1.2083193969553334
63114.3714 lsst_hardware_r -93.10688328283703 55.5099983215332 31.59000015258789 AB 1.5957362890878244 1.2427852718749521
63117.3002 lsst_hardware_z -26.84917835376984 43.25 30.940000534057617 AB 3.07832029857022 1.0994001066322214
63117.312 lsst_hardware_r -14.246316499823287 31.520000457763672 31.549999237060547 AB 3.125892125654812 1.1163900448767186
63122.2997 lsst_hardware_r -23.425059040853643 22.399999618530273 31.469999313354492 AB 3.0308333832342034 1.1185950851576123
63122.3123 lsst_hardware_u -2.8026399192806593 2.559999942779541 28.309999465942383 AB 3.1554539829699206 1.1418324526759256
63124.2128 lsst_hardware_u -0.19867228612052928 2.609999895095825 28.3799991607666 AB 1.0662680090950645 1.0729740972025805
63124.2243 lsst_hardware_g -16.9621071627375 13.289999961853027 31.389999389648438 AB 0.8995007460411858 1.0692430859330588
63126.2946 lsst_hardware_i 74.31235035556116 30.75 31.239999771118164 AB 1.2557944596865955 1.1287194604328623
63126.3058 lsst_hardware_z 15.847552514597627 42.36000061035156 30.940000534057617 AB 1.2708121659211657 1.1511848713712856
63129.2333 lsst_hardware_z 69.28277678209662 41.4900016784668 30.940000534057617 AB 6.225131436548042 1.0714819306144636
63129.2441 lsst_hardware_r 8.78767770112672 22.1200008392334 31.469999313354492 AB 6.2630465916879245 1.077050144744269
63131.146 lsst_hardware_z 18.139312622324645 42.220001220703125 30.93000030517578 AB 3.8131218346506714 1.125312626427821
63131.1577 lsst_hardware_r -22.2785014404108 22.290000915527344 31.469999313354492 AB 3.7538575055190697 1.1066525013199566
63133.3179 lsst_hardware_z -8.571342574243678 43.84000015258789 30.93000030517578 AB 5.421791826989516 1.2372399863822252
63133.3294 lsst_hardware_i -15.360920884622216 32.20000076293945 31.209999084472656 AB 5.711257791083451 1.2791170864688581
63137.3072 lsst_hardware_r 91.52397038259251 71.02999877929688 31.600000381469727 AB 4.697345762494355 1.2379897467700136
63137.3186 lsst_hardware_z 48.32444406834716 58.83000183105469 30.950000762939453 AB 4.856268066124071 1.2795928328463584
63145.2497 lsst_hardware_r -54.96817232546474 41.06999969482422 31.579999923706055 AB 5.397491716156198 1.1422457074258319
63145.2617 lsst_hardware_z 34.51657380153774 46.900001525878906 30.940000534057617 AB 6.864420400547069 1.1692412321726733
63147.2512 lsst_hardware_g -10.554859323809012 21.440000534057617 31.520000457763672 AB 4.30480504302838 1.157309358283461
63147.2623 lsst_hardware_i 38.91359576592763 34.56999969482422 31.239999771118164 AB 4.401898695880268 1.1847923997524497
63149.1572 lsst_hardware_r -24.696648830951265 21.8799991607666 31.479999542236328 AB 3.3231771832847223 1.0690613425397208
63149.1705 lsst_hardware_z -28.47385696097847 41.22999954223633 30.950000762939453 AB 3.7148120087655574 1.069215775333078
63151.278 lsst_hardware_g -0.897446858454402 13.1899995803833 31.309999465942383 AB 6.883491438668197 1.2704270638430863
63151.2886 lsst_hardware_r -8.609950915735325 22.979999542236328 31.43000030517578 AB 7.1014549916557215 1.3135639290923877
63153.1814 lsst_hardware_u -1.9762803471205899 2.5899999141693115 28.3799991607666 AB 8.60617919219887 1.079009427306947
63153.1932 lsst_hardware_g -12.373436190981987 13.039999961853027 31.3700008392334 AB 8.863180425298182 1.0893781250366497
63157.1835 lsst_hardware_z -69.00772675430902 41.85675609997322 30.950000762939453 AB 6.350939462563558 1.0906645135777662
63157.1947 lsst_hardware_r -7.466740705649272 22.340200014624248 31.479999542236328 AB 6.411405054725981 1.10433571591996
63159.2225 lsst_hardware_g 1.0042993987830298 13.28948483010857 31.360000610351562 AB 1.2843374968370191 1.1668723472171585
63159.2336 lsst_hardware_i 2.2522486325143487 31.64669526618589 31.229999542236328 AB 1.3176854206116095 1.1959931205915437
63161.184 lsst_hardware_r -42.68891562107391 24.04049652406342 31.489999771118164 AB 3.0825084154417586 1.1046437611332895
63161.1947 lsst_hardware_z -47.61600025267768 42.34270867797434 30.940000534057617 AB 3.2321214405398817 1.1210965801387034
63163.1817 lsst_hardware_r -48.9387756539538 38.46603346983626 31.59000015258789 AB 2.405209916859485 1.1091583660876077
63163.1929 lsst_hardware_y 6.89522008874235 48.89287912579577 30.020000457763672 AB 2.572034210825223 1.1275082388375495
63166.2158 lsst_hardware_z 55.469873586688465 58.19212391436121 30.959999084472656 AB 3.6487352901734607 1.1997485541059032
63166.2265 lsst_hardware_r -41.82419575733043 70.58816392597953 31.600000381469727 AB 3.8864369969577095 1.2329088736482543
63168.1635 lsst_hardware_z 34.96853258200022 63.21174617631778 30.979999542236328 AB 3.1718974414839494 1.1027572516457484
63168.1741 lsst_hardware_r 58.259402783798265 88.70682414167126 31.639999389648438 AB 2.2898006066700787 1.1186129001804515
63170.1706 lsst_hardware_z 432.78827527643193 86.05794587156211 31.719999313354492 AB 3.866660546486778 1.1219093417921886
63183.0737 lsst_hardware_z 607.6384106695126 48.84463702798146 30.940000534057617 AB 4.641224697186553 1.0687294219531138
63183.0848 lsst_hardware_u 4.084616897989313 2.6149156676562386 28.3700008392334 AB 3.7723110145957666 1.07112138978666
63186.1519 lsst_hardware_r 998.6982223325803 38.57877449024561 31.459999084472656 AB 6.846115279367053 1.1746265849643214
63186.163 lsst_hardware_i 1152.1768500151015 46.809144384558024 31.229999542236328 AB 7.029928879330846 1.205044590414544
63187.054 lsst_hardware_r 1008.8783079737109 38.43667250486095 31.479999542236328 AB 3.9967158392079085 1.0689978841080319
63187.0667 lsst_hardware_i 1233.7981361343502 46.144456098202625 31.239999771118164 AB 3.9342217427132855 1.0692272707471888
63189.0519 lsst_hardware_z 843.3265243151022 50.23527486100104 30.940000534057617 AB 5.0288111393025305 1.0686713478718985
63189.0643 lsst_hardware_i 1296.5194356784912 46.607747449322915 31.239999771118164 AB 5.044929642773539 1.0698799277773463
63191.0186 lsst_hardware_y 766.916130132807 95.32993629286796 30.799999237060547 AB 4.959625567831958 1.0798814583489105
63191.0267 lsst_hardware_z 811.4181232582405 54.33747040337032 30.959999084472656 AB 4.862070197281397 1.0746093927022649
63193.0571 lsst_hardware_r 874.4550894667863 55.290183499025645 31.6200008392334 AB 7.296194700519884 1.0709879561869409
63193.0706 lsst_hardware_i 1161.3349959229026 55.116832075455086 31.290000915527344 AB 7.356150948799469 1.07791644445305
63197.0541 lsst_hardware_z 841.7512599894557 62.081907564983226 30.969999313354492 AB 3.9405411869188183 1.074497687762024
63197.0653 lsst_hardware_r 893.2713357672452 78.66628218131049 31.639999389648438 AB 3.893300249366209 1.0821737003704834
63199.0985 lsst_hardware_i 1020.7545699873444 69.90933141226009 31.309999465942383 AB 5.688243900814398 1.1348117507859383
63199.1097 lsst_hardware_z 777.7118123582777 64.49219434095032 30.959999084472656 AB 5.796700023297861 1.1584518582349494
63201.1014 lsst_hardware_i 910.0219627805745 60.78639671075965 31.299999237060547 AB 10.222682604114022 1.1520679118084924
63201.1139 lsst_hardware_z 746.3008572902944 59.60384126840315 30.959999084472656 AB 10.490854979792648 1.1822901930645358
