data/validation/pwv_sim_epoch_fit_epoch/5696931.ecsv
# %ECSV 0.9
# ---
# datatype:
# - {name: time, datatype: float64}
# - {name: band, datatype: string}
# - {name: flux, datatype: float64}
# - {name: fluxerr, datatype: float64}
# - {name: zp, datatype: float64}
# - {name: zpsys, datatype: string}
# - {name: pwv, datatype: float64}
# - {name: airmass, datatype: float64}
# meta: {SNID: '5696931', alt: 1024.0, c: 0.11044555902481079, dec: -5.979157, lat: -30.244573, lon: -70.7499537, ra: 13.183594, t0: 60586.20703125,
#   x0: 4.994692364310229e-06, x1: 0.4597831666469574, z: 0.6138279438018799}
# schema: astropy-2.0
time band flux fluxerr zp zpsys pwv airmass
[from data line 134]
60942.198 lsst_hardware_r 0.31792091156898045 24.56999969482422 31.489999771118164 AB 4.157219909730108 1.1131931743819565
60944.1835 lsst_hardware_u -4.466236453616072 2.809999942779541 28.43000030517578 AB 3.812900221731544 1.1252472249466314
60944.2038 lsst_hardware_g 12.411649830521585 15.65999984741211 31.459999084472656 AB 3.7401922783652033 1.1031930818105997
60946.1832 lsst_hardware_r -27.486745030180145 25.059999465942383 31.510000228881836 AB 5.0604292494098795 1.1179151508267973
60946.2023 lsst_hardware_i -20.793209919786765 32.09000015258789 31.25 AB 4.9515456876254555 1.1009551278766996
60949.1723 lsst_hardware_z 93.82347878780206 45.959999084472656 30.959999084472656 AB 5.315884921985335 1.121613022889616
60949.1898 lsst_hardware_r 38.26822707055253 38.2400016784668 31.59000015258789 AB 5.228563658826653 1.1034216859399921
60951.1781 lsst_hardware_z -46.81321540118186 75.5199966430664 31.709999084472656 AB 3.210244781639867 1.1083823621728164
60954.1722 lsst_hardware_r -183.9272413252517 150.63999938964844 31.649999618530273 AB 5.225375712620191 1.106367925602412
60954.19 lsst_hardware_z -87.90005714461492 101.20999908447266 30.989999771118164 AB 5.168313078033882 1.0982390731052274
60956.1713 lsst_hardware_r -151.63920153785045 133.00999450683594 31.649999618530273 AB 4.5223948162026595 1.1030231259030876
60956.1905 lsst_hardware_y -27.642024029007693 67.12000274658203 30.049999237060547 AB 4.546654309900555 1.098446783145164
60958.1394 lsst_hardware_z -6.963529916725433 53.77000045776367 30.959999084472656 AB 3.5381027512942964 1.1350987331710929
60958.1587 lsst_hardware_g 55.154335267632 62.290000915527344 31.690000534057617 AB 3.5025034298168602 1.1086502903591688
60960.1426 lsst_hardware_r -6.255875455465362 24.739999771118164 31.489999771118164 AB 6.767941179435614 1.1211387928385887
60960.1603 lsst_hardware_i 14.806383439140026 32.220001220703125 31.239999771118164 AB 6.67782120085137 1.1030731824217948
60964.1397 lsst_hardware_u 3.406809390495689 2.819999933242798 28.450000762939453 AB 8.765072369390078 1.1112611561825771
60964.1558 lsst_hardware_g -2.5989163062942953 15.430000305175781 31.459999084472656 AB 8.667070153367513 1.0998238443441373
60971.0561 lsst_hardware_u -0.10173931835073596 2.740000009536743 28.34000015258789 AB 5.5416970674075285 1.286597496641135
60971.0693 lsst_hardware_g 0.46771147858683343 15.25 31.40999984741211 AB 5.347600441275784 1.2301110912129283
60973.1118 lsst_hardware_r -22.957339829624768 24.1299991607666 31.5 AB 5.053404505568697 1.1150085328361041
60973.1284 lsst_hardware_i -46.003646668960606 31.68000030517578 31.25 AB 4.819712559212361 1.1010403912228857
60975.1108 lsst_hardware_z -55.1690809363732 42.47999954223633 30.940000534057617 AB 4.671819400791431 1.1100913391449831
60975.128 lsst_hardware_r -12.447242756078726 24.670000076293945 31.5 AB 4.10969296936965 1.0990932835402152
60977.1033 lsst_hardware_z -47.31115095284075 44.099998474121094 30.950000762939453 AB 3.3163011288680697 1.1122306748577784
60977.1203 lsst_hardware_g 40.99447036079693 24.989999771118164 31.59000015258789 AB 3.185455597980689 1.0998235463162698
60980.0861 lsst_hardware_z -50.38217173559633 56.91999816894531 30.969999313354492 AB 6.165928975231426 1.123887714783582
60980.1057 lsst_hardware_r 34.26049604346477 66.30999755859375 31.6299991607666 AB 5.991483851083819 1.1030654527922519
60990.0809 lsst_hardware_i -97.0389324075565 31.940000534057617 31.25 AB 3.807287487062997 1.1015925602729109
60990.0994 lsst_hardware_r 43.40828812870098 24.190000534057617 31.5 AB 2.1133157100215283 1.0987776655227541
60992.0853 lsst_hardware_u 2.3296694083820166 2.740000009536743 28.420000076293945 AB 3.949704997087576 1.0983352250145044
60992.1044 lsst_hardware_g 3.1139487144654714 14.949999809265137 31.43000030517578 AB 3.7020506404870632 1.103442813856429
60994.0601 lsst_hardware_g 23.332677292763123 15.180000305175781 31.450000762939453 AB 5.864041674569485 1.1089337508642536
60994.0775 lsst_hardware_r 5.747926975175505 24.290000915527344 31.510000228881836 AB 5.926622274471498 1.098743469497994
60998.0586 lsst_hardware_i 23.01542328230822 31.8700008392334 31.239999771118164 AB 5.1805704337473815 1.1018387693406457
60998.08 lsst_hardware_u 1.3556532761098963 2.7699999809265137 28.43000030517578 AB 5.167822430885873 1.099458711627351
61000.0586 lsst_hardware_g -6.784826058043698 14.880000114440918 31.420000076293945 AB 4.28394412365468 1.099433882626634
61000.0784 lsst_hardware_r -30.24985035765672 23.920000076293945 31.489999771118164 AB 4.244332184700283 1.1010416839552812
61005.0324 lsst_hardware_z -10.211111283636779 44.61000061035156 30.950000762939453 AB 5.349818872848041 1.106820910902667
61005.0548 lsst_hardware_u 0.36964104515331964 3.509999990463257 28.6200008392334 AB 4.737693310349985 1.0982135628999627
61010.0277 lsst_hardware_y 80.53095831744774 70.94000244140625 30.040000915527344 AB 8.138218786833166 1.1008750472550781
61010.0462 lsst_hardware_z 160.75139758589168 69.04000091552734 30.979999542236328 AB 9.166255314257551 1.0991372761265723
61012.029 lsst_hardware_y -33.672771482532355 67.69999694824219 30.040000915527344 AB 7.3727858549830065 1.0986031987861453
61012.0475 lsst_hardware_z -73.45596516246275 69.11000061035156 30.979999542236328 AB 7.313561109762879 1.102027023591732
61014.0294 lsst_hardware_y -4.223503178378378 66.06999969482422 30.040000915527344 AB 2.4104617189925883 1.0981602364430407
61014.0482 lsst_hardware_r 29.05288481952818 78.97000122070312 31.6299991607666 AB 1.6417895988579643 1.1063272229501107
