data/validation/pwv_sim_epoch_fit_epoch/57046934.ecsv
# %ECSV 0.9
# ---
# datatype:
# - {name: time, datatype: float64}
# - {name: band, datatype: string}
# - {name: flux, datatype: float64}
# - {name: fluxerr, datatype: float64}
# - {name: zp, datatype: float64}
# - {name: zpsys, datatype: string}
# - {name: pwv, datatype: float64}
# - {name: airmass, datatype: float64}
# meta: {SNID: '57046934', alt: 1024.0, c: 0.08284842222929001, dec: -5.67919, lat: -30.244573, lon: -70.7499537, ra: 217.441406, t0: 61481.11328125,
#   x0: 1.0839317812999175e-05, x1: 0.3496493101119995, z: 0.445039302110672}
# schema: astropy-2.0
time band flux fluxerr zp zpsys pwv airmass
[from data line 133]
61853.3062 lsst_hardware_g -17.15616922547209 15.100000381469727 31.43000030517578 AB 6.643664950017784 1.0997927907326903
61853.3253 lsst_hardware_r -4.856100422218157 24.299999237060547 31.5 AB 6.742195925087811 1.1139522387588288
61855.2386 lsst_hardware_i 16.725500675277843 32.290000915527344 31.239999771118164 AB 7.5489047922743495 1.1609978533456318
61855.2573 lsst_hardware_z -21.756087981409063 42.81999969482422 30.940000534057617 AB 7.983230437919198 1.124398653228056
61857.2293 lsst_hardware_i -24.554436207549816 32.38999938964844 31.239999771118164 AB 8.945573191268856 1.1707333060160785
61857.2469 lsst_hardware_u -2.2531326359195476 2.7100000381469727 28.3700008392334 AB 8.695372088549918 1.1324065057149573
61861.2813 lsst_hardware_i -43.34254034637064 31.84000015258789 31.239999771118164 AB 5.094719306250724 1.0989472187771192
61861.2985 lsst_hardware_r 29.779855586776602 24.31999969482422 31.489999771118164 AB 5.613199750633368 1.1087801976559455
61863.2784 lsst_hardware_u 3.422464151529351 2.700000047683716 28.3700008392334 AB 6.523269921155044 1.0996282896295602
61863.2975 lsst_hardware_g 21.382810141678696 15.149999618530273 31.420000076293945 AB 6.456141110031648 1.1133837278739434
61865.2817 lsst_hardware_r -20.70099596411922 24.399999618530273 31.5 AB 7.502916887523791 1.1040195537851034
61865.3001 lsst_hardware_i 22.9408816336346 32.189998626708984 31.239999771118164 AB 7.764157887245154 1.1239371579682946
61867.278 lsst_hardware_z 64.71446844592747 51.16999816894531 30.969999313354492 AB 8.842322903486343 1.1052903629357929
61867.2961 lsst_hardware_r 32.39340861967839 45.68000030517578 31.600000381469727 AB 9.457814955365016 1.1261649695311542
61875.257 lsst_hardware_z -12.294333011069616 51.540000915527344 30.969999313354492 AB 10.384085851492772 1.1059449572024638
61875.275 lsst_hardware_r 1.4159476318289852 55.54999923706055 31.6200008392334 AB 10.484216036781023 1.1273350577183894
61879.2051 lsst_hardware_z 27.09154234999862 42.619998931884766 30.940000534057617 AB 9.963791515257062 1.1083194121531772
61879.2214 lsst_hardware_r -25.72481081311945 24.649999618530273 31.510000228881836 AB 9.860546731376305 1.0990355251199564
61882.2343 lsst_hardware_r 11.890134878875504 24.809999465942383 31.510000228881836 AB 9.234981206158082 1.1033650060126343
61882.2471 lsst_hardware_z 22.749220406682042 43.099998474121094 30.940000534057617 AB 9.336522142523313 1.1150970968636635
61884.22 lsst_hardware_r 16.578370487200136 24.799999237060547 31.510000228881836 AB 8.90149474722539 1.0993118821701042
61884.2383 lsst_hardware_u -0.5422255285549861 2.819999933242798 28.450000762939453 AB 8.993999713938138 1.111353631477003
61887.1136 lsst_hardware_i 23.41756533492978 33.689998626708984 31.219999313354492 AB 5.711947859808371 1.2963285922969807
61887.1329 lsst_hardware_z 56.54965889191139 44.16999816894531 30.93000030517578 AB 5.491527728384939 1.2151637975404623
61890.1931 lsst_hardware_z 20.668940012720544 42.810001373291016 30.950000762939453 AB 12.015474262805181 1.0986999546887002
61890.2121 lsst_hardware_r -3.058261372636513 24.950000762939453 31.510000228881836 AB 10.878324306233985 1.1031384769916404
61893.1491 lsst_hardware_r 18.81275511094181 29.93000030517578 31.549999237060547 AB 12.813234522685649 1.1315613125522717
61893.1681 lsst_hardware_z -60.51577462325976 43.849998474121094 30.959999084472656 AB 12.74019547647828 1.1072333042508429
61896.201 lsst_hardware_z 47.47231477404207 56.52000045776367 30.969999313354492 AB 3.627052954982151 1.1070463795855585
61896.2211 lsst_hardware_r -118.38405540916366 67.5999984741211 31.6299991607666 AB 2.618007371441016 1.1330912665835828
61898.1924 lsst_hardware_i -31.696817348181735 105.48999786376953 31.329999923706055 AB 9.731457820282728 1.1045818129169485
61898.21 lsst_hardware_z -41.36597752433713 91.11000061035156 30.989999771118164 AB 10.00529519523418 1.1239379010597819
61900.1827 lsst_hardware_r -71.08375206727607 149.66000366210938 31.649999618530273 AB 6.866764460867842 1.1019145965554173
61900.2002 lsst_hardware_z 59.39605010724569 105.26000213623047 30.989999771118164 AB 6.9678343221258165 1.1178941636653001
61909.1296 lsst_hardware_r 1.5327531759121875 24.3700008392334 31.5 AB 8.275046823628635 1.103339576483818
61909.1488 lsst_hardware_z -81.9976882313372 42.52000045776367 30.940000534057617 AB 8.240126178647543 1.098683490486339
61925.0288 lsst_hardware_r 28.52603525681168 84.8499984741211 31.610000610351562 AB 13.682303624368043 1.216384971791471
61925.0398 lsst_hardware_i -81.08983827364044 71.55999755859375 31.299999237060547 AB 13.351494307982586 1.1812868222059356
61927.0738 lsst_hardware_z -119.60331751769547 86.58000183105469 30.989999771118164 AB 4.627812933865182 1.1085466944742532
61927.0964 lsst_hardware_r -6.934813243293142 129.3300018310547 31.639999389648438 AB 5.60186250019233 1.0984044118024177
61943.038 lsst_hardware_i 38.422677748008745 32.06999969482422 31.25 AB 3.4105684752182204 1.1025841672086705
61943.0585 lsst_hardware_u 0.7780060695626069 2.809999942779541 28.450000762939453 AB 3.272351020426468 1.0992109574828197
61946.0133 lsst_hardware_g 14.703395130294345 15.289999961853027 31.43000030517578 AB 5.686480346074068 1.1181386273987155
61946.0271 lsst_hardware_r 51.472335572265614 24.459999084472656 31.5 AB 5.577996842376528 1.1043351499459033
61948.0374 lsst_hardware_i 38.72513303628827 31.979999542236328 31.25 AB 9.041734948205393 1.098431020859551
61948.0597 lsst_hardware_r 38.3373189737904 24.40999984741211 31.5 AB 8.324326669166133 1.1076457024527226
61959.0019 lsst_hardware_i -29.17639121971709 66.45999908447266 31.31999969482422 AB 0.9168272930448126 1.099313301013374
61959.0229 lsst_hardware_z -59.83997711220254 60.939998626708984 30.969999313354492 AB 0.9957011914419301 1.1026591267352492
61960.9985 lsst_hardware_i -16.50550955369623 38.790000915527344 31.280000686645508 AB 8.763222816115762 1.0988367167543276
61961.0203 lsst_hardware_u -0.28377869156685204 8.920000076293945 29.190000534057617 AB 9.028543580153253 1.104532852428288
61962.9986 lsst_hardware_g -3.0515410102048697 15.8100004196167 31.459999084472656 AB 11.646317999534133 1.0984242766767185
61963.0193 lsst_hardware_r -18.1532294694674 24.93000030517578 31.510000228881836 AB 10.755118189086128 1.108146740413799
