data/validation/pwv_sim_epoch_fit_epoch/57133644.ecsv
# %ECSV 0.9
# ---
# datatype:
# - {name: time, datatype: float64}
# - {name: band, datatype: string}
# - {name: flux, datatype: float64}
# - {name: fluxerr, datatype: float64}
# - {name: zp, datatype: float64}
# - {name: zpsys, datatype: string}
# - {name: pwv, datatype: float64}
# - {name: airmass, datatype: float64}
# meta: {SNID: '57133644', alt: 1024.0, c: 0.0010044598020613194, dec: -22.669609, lat: -30.244573, lon: -70.7499537, ra: 216.035156,
#   t0: 61179.12890625, x0: 4.776520777066696e-06, x1: 0.8192644715309143, z: 0.6249832510948181}
# schema: astropy-2.0
time band flux fluxerr zp zpsys pwv airmass
61070.3022 lsst_hardware_r 10.253390480708648 26.6200008392334 31.450000762939453 AB 15.556231764615163 1.3898799879039683
61070.3218 lsst_hardware_g 27.779370617111827 16.479999542236328 31.399999618530273 AB 14.131912338286115 1.2668963749332003
61073.2992 lsst_hardware_r -93.73823055960312 86.63999938964844 31.579999923706055 AB 11.584011246416878 1.3535358807887297
61073.3178 lsst_hardware_i -14.059169931845117 66.19000244140625 31.290000915527344 AB 10.665666260527006 1.245140530463333
61081.3157 lsst_hardware_z -26.289564928781175 67.76000213623047 31.700000762939453 AB 3.396570618186063 1.1597668853355656
61085.297 lsst_hardware_i -7.964207536298473 32.900001525878906 31.239999771118164 AB 3.197928605858937 1.190296007143525
61085.3158 lsst_hardware_z 19.385429292046137 42.869998931884766 30.940000534057617 AB 2.847577655578829 1.1225667498996696
61088.379 lsst_hardware_i -45.78645667752011 32.09000015258789 31.270000457763672 AB 3.3327337165261253 1.0099193080382198
61094.3703 lsst_hardware_i 38.12739934184724 31.450000762939453 31.260000228881836 AB 9.936245504558903 1.0085681688239654
61094.3879 lsst_hardware_y -77.69337975885207 49.34000015258789 30.059999465942383 AB 9.822644042520675 1.012643715723781
61097.2186 lsst_hardware_g -10.175293899371061 15.25 31.309999465942383 AB 8.08164290799789 1.4680994716154556
61099.3646 lsst_hardware_i 43.59472714564222 31.309999465942383 31.260000228881836 AB 4.806926078800233 1.0091693861964484
61099.384 lsst_hardware_z 93.14958072934267 42.060001373291016 30.959999084472656 AB 4.8649165465079065 1.0192576045480635
61102.2022 lsst_hardware_r -133.4661806127774 100.69000244140625 31.549999237060547 AB 8.195901432951343 1.492198713327509
61102.2239 lsst_hardware_z 30.45363714924194 69.06999969482422 30.950000762939453 AB 6.943434713452836 1.3282938490217133
61103.3515 lsst_hardware_z -0.8750314037012765 69.0 30.989999771118164 AB 7.378290325937722 1.0088015303160944
61103.37 lsst_hardware_r -4.3915516700905695 97.63999938964844 31.65999984741211 AB 7.611280777043276 1.0168258964699781
61106.2095 lsst_hardware_i 76.4225737050037 96.66999816894531 31.280000686645508 AB 13.072178973608311 1.3508968970315098
61106.2304 lsst_hardware_z 25.108543646433684 84.36000061035156 30.969999313354492 AB 11.92852086757638 1.2318822218189345
61107.3433 lsst_hardware_z 61.57352385860456 100.83000183105469 31.75 AB 8.187055576939757 1.0092835179757556
61109.335 lsst_hardware_r -11.489872260839787 53.459999084472656 31.639999389648438 AB 8.377626007529896 1.0087853424817246
61109.3537 lsst_hardware_i -63.69639564009561 48.959999084472656 31.31999969482422 AB 8.57835694145627 1.0168849788846819
61111.3179 lsst_hardware_i 1.319709271805781 34.560001373291016 31.280000686645508 AB 7.569910394952088 1.009455980124316
61111.3363 lsst_hardware_z 80.65928584760562 42.7599983215332 30.959999084472656 AB 6.899000728541271 1.0103984663944452
61113.3177 lsst_hardware_i 45.24630593827193 31.579999923706055 31.260000228881836 AB 10.673979288574895 1.0086126231388786
61113.3367 lsst_hardware_u -1.5258055068219043 3.130000114440918 28.56999969482422 AB 10.587501287172898 1.0129964554781916
61116.3187 lsst_hardware_i -21.45026692260029 30.969999313354492 31.25 AB 8.197845519234452 1.009276148874644
61116.3363 lsst_hardware_r -9.34475671363445 23.809999465942383 31.510000228881836 AB 9.023968199321628 1.018200112756314
61121.162 lsst_hardware_r -17.503056921921072 24.899999618530273 31.440000534057617 AB 6.953134312099918 1.396959746604591
61121.1786 lsst_hardware_g -11.626590639712822 14.960000038146973 31.3700008392334 AB 6.066562102323525 1.2888155302802922
61122.3003 lsst_hardware_z 50.90089626445975 41.209999084472656 30.959999084472656 AB 6.202193313096486 1.0088968382426167
61122.3208 lsst_hardware_r 14.95830839446682 23.989999771118164 31.520000457763672 AB 6.307257288802345 1.0189155847396156
61126.2891 lsst_hardware_r 14.78103506040988 23.790000915527344 31.510000228881836 AB 6.997245369430096 1.00885431254549
61126.3079 lsst_hardware_z -37.399236993066815 41.349998474121094 30.950000762939453 AB 7.069008001678198 1.0173430239156938
61129.1545 lsst_hardware_r -4.588361186574205 68.87000274658203 31.59000015258789 AB 8.32189721977647 1.3019238453968407
61129.1723 lsst_hardware_i -32.64010790917129 56.72999954223633 31.290000915527344 AB 8.204040702393211 1.2100652477779554
61130.2684 lsst_hardware_z 5.079432164752826 62.59000015258789 30.989999771118164 AB 4.574892371085503 1.0089634164603856
61130.2884 lsst_hardware_r 80.2743453615754 84.27999877929688 31.65999984741211 AB 4.58983504492439 1.0120357300974172
61133.2765 lsst_hardware_i 33.67711730318882 114.98999786376953 31.350000381469727 AB 6.011653650070168 1.010489330599697
61133.295 lsst_hardware_z 29.538102215460256 92.44000244140625 31.0 AB 5.929053138723817 1.0227207575995545
61134.1499 lsst_hardware_z 43.70784262522321 104.33999633789062 30.979999542236328 AB 7.412233260452731 1.2520488045696154
61134.1696 lsst_hardware_r 76.64477041975448 148.00999450683594 31.639999389648438 AB 5.330412675862648 1.1649902034450113
61135.2533 lsst_hardware_z 110.56567727176275 82.83999633789062 31.0 AB 7.027682851765374 1.0092411946048887
61135.2725 lsst_hardware_r 190.48541889239542 113.23999786376953 31.670000076293945 AB 7.071919388891683 1.0110445180458945
61136.1695 lsst_hardware_z 19.515465640807268 69.94999694824219 30.979999542236328 AB 15.887530737737725 1.1456252334682782
61136.1869 lsst_hardware_r 29.07362168011912 89.45999908447266 31.649999618530273 AB 14.931491527542141 1.0934015471252052
61139.2525 lsst_hardware_r -15.991436269349816 39.68000030517578 31.610000610351562 AB 5.055660982366138 1.008711289378719
61139.2706 lsst_hardware_z 96.44968032037558 45.209999084472656 30.959999084472656 AB 5.377800482859409 1.0160212512487075
61148.2362 lsst_hardware_i 16.075513178693033 31.511836064362896 31.270000457763672 AB 12.00837799173152 1.0107282399701076
61148.2549 lsst_hardware_z -14.090821218273845 41.68231428025049 30.950000762939453 AB 13.030193954695362 1.0235615133006313
61150.2274 lsst_hardware_r 39.83600491714195 24.68916523692288 31.530000686645508 AB 2.7369020096574417 1.009647518088146
61150.2446 lsst_hardware_u 5.282699462907372 3.082044341795665 28.56999969482422 AB 2.7644427196249315 1.0191180804122508
61152.2138 lsst_hardware_g 35.7225101186149 15.97756010402476 31.479999542236328 AB 8.45073862087563 1.008521595299025
61152.2319 lsst_hardware_i 150.83008859854684 32.130555419506656 31.260000228881836 AB 8.50496509559788 1.0139443366234955
61154.2147 lsst_hardware_z 112.45127349997743 42.489810709588774 30.959999084472656 AB 8.169626298617448 1.0092188139119764
61154.2321 lsst_hardware_r 127.8674483279515 26.336793619347297 31.530000686645508 AB 8.218888410895987 1.0178400063030388
61155.067 lsst_hardware_z 142.4581192989174 50.38655979931417 30.920000076293945 AB 19.26509587822773 1.4133296073822705
61155.0861 lsst_hardware_i 178.9524136056666 41.72191710144317 31.25 AB 17.151746238608126 1.2869440058982398
61159.0471 lsst_hardware_y -10.526168137898063 62.764884761039006 29.90999984741211 AB 12.623740591696231 1.4875230721678248
61159.0662 lsst_hardware_r 642.0434548864345 107.11724656438373 31.59000015258789 AB 11.377832807545698 1.3416332769026145
61160.1948 lsst_hardware_i 736.0852670273775 109.8194924766718 31.350000381469727 AB 11.04915976109731 1.0086718686433451
61160.2129 lsst_hardware_z 486.33143336962974 89.09888682824052 31.0 AB 10.005812636928159 1.0157669800444808
61162.1499 lsst_hardware_r 788.2071723198667 165.38017537715683 31.670000076293945 AB 7.670135131317703 1.0301475307316608
61162.1686 lsst_hardware_z 335.60758330511374 113.25001944258806 31.010000228881836 AB 8.093779643842034 1.013559532132244
61164.1909 lsst_hardware_z 566.1142713365945 78.04710242798313 31.0 AB 9.234794895799428 1.010159601374558
61164.2084 lsst_hardware_i 992.6171400257836 90.04401289236864 31.350000381469727 AB 9.741735627334684 1.020878766291295
61167.1798 lsst_hardware_z 917.4781343123758 54.84519163316867 30.969999313354492 AB 6.438138620748781 1.0093499444616811
61169.1117 lsst_hardware_u 1.4296924709419614 3.353831255468505 28.399999618530273 AB 9.002603913602531 1.0599612143174095
61170.066 lsst_hardware_g 347.90555072611255 24.966184632067552 31.43000030517578 AB 8.617725769552354 1.185871166857349
61170.0845 lsst_hardware_r 1502.9333057709407 45.79381974103135 31.5 AB 8.278360597969249 1.1202111769917793
61171.1825 lsst_hardware_r 3313.936025055554 65.84604084902502 32.27000045776367 AB 7.91967478231512 1.0155165133760198
61171.2011 lsst_hardware_i 2560.951395196111 67.4858283134352 32.0099983215332 AB 8.062906940314388 1.0339821884453329
61176.1196 lsst_hardware_r 1638.250594985797 47.61836509174132 31.520000457763672 AB 5.466911846759215 1.0216617168303523
61176.139 lsst_hardware_u 4.7776022161326175 3.1118603274618066 28.510000228881836 AB 6.713137793391934 1.0098360788826195
61188.1046 lsst_hardware_z 1005.6627792066193 90.77976982325791 31.0 AB 7.712800275161956 1.010355365994723
61188.1239 lsst_hardware_r 1624.5057842986243 121.23844061916374 31.670000076293945 AB 7.636813257561094 1.0097152830622866
61190.0798 lsst_hardware_z 1112.9268549701696 101.55700732880872 31.010000228881836 AB 11.182260089002453 1.0231732170374648
61195.9507 lsst_hardware_y 201.884994564057 74.44774957547749 29.940000534057617 AB 17.82896189895261 1.447939515345366
61195.9705 lsst_hardware_r 801.3822947606124 38.15735413297232 31.469999313354492 AB 15.476116679620613 1.3082738663885043
61197.0663 lsst_hardware_u 0.6106153787069717 3.873003787323641 29.18000030517578 AB 4.253224056034616 1.0181672652492697
61197.0901 lsst_hardware_g 77.26593899246735 17.852285064300272 31.459999084472656 AB 5.143476787988934 1.0085248603899872
61197.9506 lsst_hardware_y 231.50413728728788 74.23733611796808 29.940000534057617 AB 6.258697963648915 1.4056592843679254
61197.9718 lsst_hardware_z 737.2572947136518 52.64310455995917 30.920000076293945 AB 5.5626840078498185 1.269729287342851
61219.0172 lsst_hardware_r 131.17015974188772 108.5640345676009 31.670000076293945 AB 7.365716071301457 1.0114268549675518
61219.0418 lsst_hardware_i 392.6679926701956 86.35628501734409 31.34000015258789 AB 7.062066602090723 1.0105268086271335
61222.9701 lsst_hardware_z 838.1624095121341 71.95780177256808 31.709999084472656 AB 9.75903289315168 1.0493583756077074
61224.9609 lsst_hardware_y 155.86387257030538 54.40216262307842 30.049999237060547 AB 8.682560061987795 1.0559834670543637
61224.9795 lsst_hardware_g 6.9861552672926175 15.70227760771336 31.459999084472656 AB 8.455169489448647 1.0282341589989779
61226.0038 lsst_hardware_r 159.3191410205318 26.94043543350449 31.530000686645508 AB 3.816498447719946 1.0094776356163069
61226.0278 lsst_hardware_z 313.97898027202575 45.37198909859537 30.959999084472656 AB 3.7967980423714724 1.0127945696096046
61231.9774 lsst_hardware_y 295.82279668911946 68.35928401540666 30.809999465942383 AB 5.983514866742372 1.0135967249807891
61232.0014 lsst_hardware_r 245.1123757825499 37.84046263422448 32.279998779296875 AB 5.213942568025359 1.009150174456521
61233.9765 lsst_hardware_z 319.00055972133214 44.737145026221704 30.959999084472656 AB 5.9496557531222525 1.0113159063057588
61233.9997 lsst_hardware_g -18.020074816870256 15.872699714071981 31.479999542236328 AB 5.956608871447774 1.010136887840545
61235.9803 lsst_hardware_y 63.49285994666347 48.02958492460408 30.049999237060547 AB 6.309238495490291 1.0087652984675295
61236.0061 lsst_hardware_i 149.03820667794818 33.84743761215855 31.25 AB 5.403407347710196 1.0162670747852351
61435.3002 lsst_hardware_r -49.92097898673617 45.13999938964844 31.540000915527344 AB 15.756890604978965 1.4099810389010505
61435.3192 lsst_hardware_g -4.044421808850535 36.83000183105469 31.59000015258789 AB 14.294048315038783 1.2850315381884103
61437.2988 lsst_hardware_r 23.4864659966661 29.0 31.479999542236328 AB 13.540900726987882 1.38003472553892
61437.3176 lsst_hardware_i -29.13418225011044 35.38999938964844 31.229999542236328 AB 12.537730960194045 1.2638841693743996
61446.3054 lsst_hardware_z 10.225658152456548 44.06999969482422 30.940000534057617 AB 3.532290378747169 1.204053077632269
61446.3248 lsst_hardware_u -1.7588442960788682 2.9000000953674316 28.489999771118164 AB 3.327183551161832 1.1307976269950815
61450.3833 lsst_hardware_u -3.882548734565543 4.829999923706055 28.899999618530273 AB 2.615309706923062 1.0116273888107925
61453.2976 lsst_hardware_i 16.900484852111617 32.84000015258789 31.239999771118164 AB 5.720437299815147 1.1586086888634575
61453.3163 lsst_hardware_u -1.0071576478428559 2.7799999713897705 28.399999618530273 AB 5.409107494847863 1.0995610844656178
61455.2976 lsst_hardware_z 64.4006599898885 54.47999954223633 30.959999084472656 AB 2.9549398190433087 1.1394369482172142
61455.3158 lsst_hardware_r 103.9854020790109 59.58000183105469 31.6299991607666 AB 2.7419738170077133 1.0868269464605305
61456.3796 lsst_hardware_z 121.36188981659612 54.470001220703125 30.989999771118164 AB 2.7230553076112245 1.008539002818972
61458.3653 lsst_hardware_i -121.98297486269765 73.91000366210938 31.34000015258789 AB 9.417808008386173 1.010142172352578
61458.3835 lsst_hardware_y -22.589134031765873 56.27000045776367 30.06999969482422 AB 8.69402366857712 1.009582960991363
61460.3598 lsst_hardware_i -38.28732114290863 78.29000091552734 31.34000015258789 AB 10.203406805872776 1.010154951493056
61460.3785 lsst_hardware_y -52.276573058195765 56.95000076293945 30.06999969482422 AB 10.81513955685722 1.0097069622223456
61461.323 lsst_hardware_i -88.17722221444828 79.08999633789062 31.34000015258789 AB 9.36596834874334 1.0406631498603711
61461.3431 lsst_hardware_z 32.52905256616275 70.94000244140625 31.0 AB 8.753878500448174 1.0178928488893226
61462.3693 lsst_hardware_z -33.60999771186814 62.40999984741211 30.989999771118164 AB 6.71747973676511 1.0088956913250644
61462.3868 lsst_hardware_y 40.07573427434041 55.849998474121094 30.06999969482422 AB 6.0271351979849 1.0166088830515405
61465.2096 lsst_hardware_i -30.689016944744957 37.7599983215332 31.200000762939453 AB 5.224300031281835 1.481160524863725
61465.2307 lsst_hardware_z 6.011639188388393 47.52000045776367 30.920000076293945 AB 4.67106105224908 1.3242471325597467
61466.3619 lsst_hardware_z -91.23737139786135 59.400001525878906 31.709999084472656 AB 3.230868008954399 1.0096462527982497
61468.3485 lsst_hardware_g -21.769632793156273 15.930000305175781 31.479999542236328 AB 7.425208625058145 1.0085173005172354
61468.3666 lsst_hardware_r 11.55985372263923 24.450000762939453 31.510000228881836 AB 7.514418458879348 1.0140687513388382
61469.2138 lsst_hardware_g -10.614234558863702 15.09000015258789 31.329999923706055 AB 14.819599173376684 1.3634740245999437
61469.2338 lsst_hardware_r 1.3093981759404143 24.84000015258789 31.459999084472656 AB 13.538083928178672 1.2454539032363172
61470.3345 lsst_hardware_i -49.42640803454429 31.149999618530273 31.25 AB 7.1982169677712164 1.0095675971628415
61470.3562 lsst_hardware_z 17.37164425801663 41.2599983215332 30.950000762939453 AB 7.220829278145441 1.0114977101236828
61472.335 lsst_hardware_i -25.138354444423687 31.06999969482422 31.260000228881836 AB 8.171569892563362 1.0085867554385783
61472.355 lsst_hardware_u 1.114417026045883 2.7100000381469727 28.40999984741211 AB 8.211717345912339 1.0136671208384664
61474.3364 lsst_hardware_g -1.4249989858875178 15.149999618530273 31.459999084472656 AB 8.566676779933811 1.0088729818560878
61474.3556 lsst_hardware_r -24.88040723669088 24.06999969482422 31.520000457763672 AB 8.614450975191632 1.0177854194994396
61477.3175 lsst_hardware_z 46.87805897410347 41.25 30.959999084472656 AB 14.023307089215846 1.0090888025628442
61477.3365 lsst_hardware_u -1.920656375689448 2.9100000858306885 28.56999969482422 AB 13.050606811949569 1.0112437962070222
61478.2144 lsst_hardware_z -4.712536967656086 44.22999954223633 30.93000030517578 AB 13.742781978390179 1.2204596055525454
