data/validation/pwv_sim_epoch_fit_epoch/57157740.ecsv
# %ECSV 0.9
# ---
# datatype:
# - {name: time, datatype: float64}
# - {name: band, datatype: string}
# - {name: flux, datatype: float64}
# - {name: fluxerr, datatype: float64}
# - {name: zp, datatype: float64}
# - {name: zpsys, datatype: string}
# - {name: pwv, datatype: float64}
# - {name: airmass, datatype: float64}
# meta: {SNID: '57157740', alt: 1024.0, c: 0.0048469011671841145, dec: -52.801853, lat: -30.244573, lon: -70.7499537, ra: 25.875, t0: 60530.71875,
#   x0: 3.693206344122379e-06, x1: -0.15982288122177124, z: 0.6945629119873047}
# schema: astropy-2.0
time band flux fluxerr zp zpsys pwv airmass
60510.3652 lsst_hardware_g 401.9534659441339 148.16393503489633 33.41999816894531 AB 3.1694540382154 1.1572629988913206
60510.3894 lsst_hardware_y 212.27216870583626 88.1928041199616 31.219999313354492 AB 5.179508385689551 1.1163535567978056
60518.4392 lsst_hardware_z 457.708012165014 68.21377455259497 30.979999542236328 AB 3.910401961401331 1.0862227670559252
60524.3829 lsst_hardware_r 2106.7075593133977 54.78215958498129 32.209999084472656 AB 2.9738371148641036 1.0871936807936036
60524.4033 lsst_hardware_y 581.3081564635654 71.65062102471478 30.780000686645508 AB 3.009307419747089 1.0818361005681567
60528.4166 lsst_hardware_r 1026.9484352716559 39.2728995337933 31.469999313354492 AB 3.421530168027773 1.0886769373795746
60528.4284 lsst_hardware_g 192.28344138614756 22.583956329044337 31.479999542236328 AB 3.6210596719212798 1.097290809673115
60534.4128 lsst_hardware_u -1.8788003766852848 2.827842511864277 28.479999542236328 AB 4.975247364049838 1.0979856251696194
60534.4231 lsst_hardware_g 151.50167698553437 19.488222866987485 31.450000762939453 AB 5.158012265183639 1.1086538990185146
60538.404 lsst_hardware_z 748.3068465044415 49.72176508689413 30.940000534057617 AB 4.278360896475782 1.0999535245358198
60538.4153 lsst_hardware_u 2.518856335232524 3.084260077501388 28.540000915527344 AB 4.369588214287268 1.1124442255531393
60540.4138 lsst_hardware_z 900.4578365749946 61.61608101558179 30.969999313354492 AB 2.057944756243113 1.117638354223269
60540.4247 lsst_hardware_r 901.844069157714 62.665404613261 31.6200008392334 AB 2.6897998301769723 1.1342187772194459
60542.3922 lsst_hardware_r 650.2975173164903 98.78244562880543 31.639999389648438 AB 1.2090345288413262 1.09912229894666
60542.4034 lsst_hardware_i 1103.1827049210779 81.19749675673683 31.31999969482422 AB 1.222347454757976 1.1112249588708871
60545.3895 lsst_hardware_z 1393.3442626150334 80.64480699106616 31.709999084472656 AB 4.223770982391646 1.1046389109210129
60548.3936 lsst_hardware_z 1293.361788064417 70.797176097101 31.700000762939453 AB 3.6876104302094572 1.1199181323238805
60554.3854 lsst_hardware_i 453.44349996609105 37.73669531282213 31.239999771118164 AB 2.4981294929529128 1.132424974140033
60554.3957 lsst_hardware_z 577.0403480542451 47.773099638921046 30.940000534057617 AB 2.504531415957276 1.1509795110097774
60556.3735 lsst_hardware_z 435.6263375972578 47.340932744741394 30.940000534057617 AB 2.258869707445271 1.122419730407588
60556.3857 lsst_hardware_i 442.89413613327713 37.26210075380158 31.239999771118164 AB 2.661803953505263 1.1424051302597695
60558.3695 lsst_hardware_u -0.21522864791629834 2.5452440886715175 28.280000686645508 AB 0.9870102611294199 1.1245844220996049
60558.382 lsst_hardware_g 28.55924904340022 13.96398258140127 31.350000381469727 AB 0.8531308880274183 1.14565472877451
60560.3845 lsst_hardware_r 171.18266728588628 26.054788258849666 31.459999084472656 AB 2.617369748506392 1.1615546221182214
60560.3966 lsst_hardware_i 266.5061794908129 36.495862471594364 31.219999313354492 AB 2.720052987273511 1.189700971252447
60567.3524 lsst_hardware_i 240.47533935884346 34.238505337818 31.239999771118164 AB 1.5020477733362623 1.1366233623429907
60567.3639 lsst_hardware_z 237.03370861648258 45.67555764404578 30.940000534057617 AB 1.5677409906444002 1.158429303431823
60569.236 lsst_hardware_i 168.1930359041309 66.79395899819308 31.31999969482422 AB 1.9647207415579597 1.1068849248212567
60569.248 lsst_hardware_z 221.14681522079806 61.908544212463276 30.979999542236328 AB 1.9587800473402444 1.095208301560103
60570.2395 lsst_hardware_r 236.45410540549142 134.5209361148315 32.38999938964844 AB 1.5144527375495982 1.1003531636348882
60570.2493 lsst_hardware_z 469.538789303322 95.31950398470178 31.729999542236328 AB 1.511406550621731 1.0921225150515308
60572.3397 lsst_hardware_i 117.62422711669181 69.83600890699836 31.309999465942383 AB 5.822272325771464 1.1382741594862504
60572.3513 lsst_hardware_z 101.45226122343824 64.75055181106035 30.969999313354492 AB 5.991170000969129 1.1606296011176152
60575.3027 lsst_hardware_z 132.2163992436472 49.305347491931784 30.959999084472656 AB 2.258486487312985 1.0996890991177042
60575.3148 lsst_hardware_r 103.94733120815094 47.3328369293858 31.610000610351562 AB 2.223419531987118 1.113101142421586
60579.3367 lsst_hardware_g 27.724692392578962 16.65212401005265 31.43000030517578 AB 5.86021898979754 1.170483153754502
60579.3484 lsst_hardware_r 70.36806506630657 25.809328482955596 31.469999313354492 AB 5.969902215597235 1.1992571746880747
60581.328 lsst_hardware_r 75.5875988195082 23.545397413752273 31.459999084472656 AB 6.913259253382665 1.1633424161851869
60581.3396 lsst_hardware_i 124.58386348294403 32.882305825604796 31.219999313354492 AB 8.24398932322793 1.1905537328656477
60585.3281 lsst_hardware_u 0.05283336145177033 2.861362549511978 28.34000015258789 AB 3.809436951971352 1.189086552482994
60585.3402 lsst_hardware_r 51.868414271320574 23.79785689948385 31.459999084472656 AB 3.5447586324588807 1.2223305629168555
60587.3335 lsst_hardware_i 56.62365052913652 32.761409177604534 31.219999313354492 AB 9.261905217827447 1.2186717391878221
60587.345 lsst_hardware_z 186.38320064894722 45.13376876835699 30.93000030517578 AB 9.538065090937506 1.2550085645970404
60589.3272 lsst_hardware_r 40.93729470061282 23.607440737013203 31.459999084472656 AB 5.813570570909851 1.2162281529100107
60589.3383 lsst_hardware_u 0.06826141262375628 2.807477763562954 28.290000915527344 AB 4.50298568536593 1.2508293570460916
60591.2305 lsst_hardware_r 63.77992470706571 23.106699425383322 31.479999542236328 AB 3.2872452170330098 1.0829634208482117
60591.2418 lsst_hardware_u 2.6795272284211697 2.8869839237756607 28.420000076293945 AB 3.3416695615092005 1.0871637451026273
60593.2989 lsst_hardware_r 50.99629171852134 23.460346247241706 31.479999542236328 AB 5.303539019505108 1.1714487600143544
60593.31 lsst_hardware_i 72.27638516194357 32.63658118085792 31.239999771118164 AB 5.3953676356365055 1.1987929867359757
60597.3051 lsst_hardware_z 107.13746875556097 53.98496444641253 30.950000762939453 AB 6.895860180270547 1.2154865182615535
60597.3161 lsst_hardware_r 63.885756548980865 49.195117895154105 31.579999923706055 AB 7.005056007799291 1.2496383435450957
60598.2976 lsst_hardware_i 146.3426409489724 61.4298948230017 31.290000915527344 AB 8.45995103079969 1.2021529505683177
60598.3102 lsst_hardware_z 43.684351154143286 59.80488622535808 30.959999084472656 AB 8.697148798662099 1.2392925829902643
60600.2932 lsst_hardware_r 102.46289629372599 94.38253416898402 31.610000610351562 AB 7.405405677453917 1.20504540205911
60600.3044 lsst_hardware_z 159.4712521189731 67.95288754610117 30.959999084472656 AB 7.652142883456228 1.2382108225657327
60604.2388 lsst_hardware_g -68.29274295130377 50.21688568961796 31.68000030517578 AB 2.7392345855125044 1.1172948683259705
60604.2495 lsst_hardware_r 25.291723834576384 48.80040224095345 31.610000610351562 AB 2.8487548733734473 1.1334568461702734
60606.2474 lsst_hardware_i 70.11492287339941 36.097548960240495 31.25 AB 1.6945909441509948 1.1392208027920112
60606.2576 lsst_hardware_z 115.42350603634304 45.41803214726808 30.940000534057617 AB 3.431654936864585 1.158820892682854
60608.2785 lsst_hardware_u 1.509456373740419 2.888644469295768 28.40999984741211 AB 1.7158846688012186 1.2256319062865848
60608.2887 lsst_hardware_r 44.59084528836275 26.08849468187035 31.479999542236328 AB 1.7619921301142658 1.2585658072244756
60610.2767 lsst_hardware_i 5.87215246856258 32.52808472095585 31.229999542236328 AB 2.8146965221976705 1.2369573817612263
60610.2869 lsst_hardware_z 53.67095619275251 44.88095949917611 30.93000030517578 AB 2.8150367567169834 1.271470983160514
60612.2333 lsst_hardware_z 104.39378413249754 43.63263073419603 30.950000762939453 AB 5.992196880514931 1.1433308300922556
60612.2449 lsst_hardware_r 39.62489519252898 23.210498625396152 31.479999542236328 AB 6.028386865090261 1.1667092829669559
60614.2297 lsst_hardware_r 15.690070238098741 22.98778674068285 31.479999542236328 AB 5.6233241113778245 1.1467980241414957
60614.2403 lsst_hardware_u -2.0148544389600245 2.721094948700732 28.43000030517578 AB 5.756125849658694 1.168618102693518
60616.2343 lsst_hardware_g 17.355235619375037 13.0 31.360000610351562 AB 5.3173158936281855 1.1674221183661422
60616.2444 lsst_hardware_r 0.07974205138642869 22.260000228881836 31.459999084472656 AB 5.45942758692342 1.1914944537152816
60623.2334 lsst_hardware_g -13.633288554862103 16.200000762939453 31.43000030517578 AB 10.9393693772548 1.2134630479483417
60623.244 lsst_hardware_i -14.033394501567766 31.8799991607666 31.219999313354492 AB 11.252470756757678 1.2459828099609305
60627.1728 lsst_hardware_i 86.6118283600371 55.150001525878906 31.299999237060547 AB 4.512329188431785 1.113101802022338
60627.184 lsst_hardware_r -41.502648829579655 66.12999725341797 31.610000610351562 AB 4.557539437124918 1.129081986157484
60628.1802 lsst_hardware_z -2.0733109724483074 82.55000305175781 31.719999313354492 AB 4.268160079505934 1.1274030586409247
60630.1751 lsst_hardware_r -1.9687464690160918 81.62999725341797 31.639999389648438 AB 2.867294345512564 1.1279678778570275
60630.1877 lsst_hardware_i 191.88568085293028 64.44999694824219 31.309999465942383 AB 2.710365664985788 1.150043774258418
60632.1737 lsst_hardware_z 68.57952890389596 51.09000015258789 30.959999084472656 AB 6.018404426013266 1.1345668543267022
60632.1866 lsst_hardware_r -16.651584867483777 59.79999923706055 31.610000610351562 AB 6.212240632449846 1.158819953200767
60634.0841 lsst_hardware_z 18.83407520153633 41.380001068115234 30.950000762939453 AB 3.6494955812204153 1.0864827571359752
60634.0952 lsst_hardware_i 3.5870617643540825 30.18000030517578 31.239999771118164 AB 3.629819327448362 1.082720157329862
60636.0821 lsst_hardware_u 0.5577822157145771 2.619999885559082 28.40999984741211 AB 7.391553598063403 1.0849854213007895
60636.0943 lsst_hardware_g 20.64734018930587 12.960000038146973 31.389999389648438 AB 7.415012485743262 1.0820491752571249
60641.1591 lsst_hardware_i 36.634202039073664 30.709999084472656 31.229999542236328 AB 4.917964496689972 1.1528730994389464
60641.1707 lsst_hardware_r -33.924938327285545 22.239999771118164 31.459999084472656 AB 3.890922835110358 1.1781155132553123
60647.1824 lsst_hardware_z 11.926243630295447 44.34000015258789 30.93000030517578 AB 4.630970364459247 1.259242808309352
60647.1944 lsst_hardware_r 5.45714477975292 23.079999923706055 31.440000534057617 AB 4.748980678719087 1.3039485663698756
60649.1806 lsst_hardware_u 4.428102367512297 2.609999895095825 28.31999969482422 AB 6.61533867622743 1.2721805146591212
60649.1921 lsst_hardware_g 17.427497664498322 13.3100004196167 31.329999923706055 AB 6.847750604640443 1.3168751162770083
60651.1188 lsst_hardware_z 28.270190520582517 43.18000030517578 30.940000534057617 AB 4.302747813748384 1.1296266247698568
60651.1299 lsst_hardware_g -16.518199346888057 17.68000030517578 31.469999313354492 AB 4.251924978684794 1.1491689131580525
60655.0774 lsst_hardware_z -64.55759781584354 69.73999786376953 31.719999313354492 AB 14.86435682295129 1.0938320233236862
60657.0738 lsst_hardware_z -54.21607849219736 52.560001373291016 30.959999084472656 AB 8.65297414268977 1.0953131826189582
60657.0865 lsst_hardware_r 89.68082154097453 64.30999755859375 31.6299991607666 AB 8.17832431721277 1.107811261065729
60873.3244 lsst_hardware_r -19.185139932895012 55.369998931884766 32.29999923706055 AB 2.3047421737651734 1.2938298131166766
60873.3466 lsst_hardware_i 55.93244861487279 55.25 32.0099983215332 AB 1.0331442947952652 1.218570035142833
60877.443 lsst_hardware_r -2.9918127374308763 35.90999984741211 31.579999923706055 AB 6.732555589027277 1.082186954233894
60884.3185 lsst_hardware_i -26.1219709405548 76.52999877929688 33.16999816894531 AB 3.0472328904405312 1.212989938475631
60884.3415 lsst_hardware_r 20.1120857716084 49.310001373291016 33.209999084472656 AB 3.606949993224286 1.1568461825121323
60894.4182 lsst_hardware_r -81.08711434758753 47.439998626708984 31.610000610351562 AB 3.6000282296209756 1.0909176453396896
60894.4294 lsst_hardware_z 9.105309429389703 49.25 30.959999084472656 AB 3.6301598228766854 1.1000484311747531
60896.4109 lsst_hardware_r -6.400652057956678 87.9800033569336 31.639999389648438 AB 4.164919206052766 1.0897224505632566
60896.4213 lsst_hardware_y -18.14698208567409 55.29999923706055 30.040000915527344 AB 3.6989301244681054 1.0976053781804467
60897.4181 lsst_hardware_z 4.4907211253649155 64.19000244140625 30.979999542236328 AB 5.434561656170022 1.0971893380335858
60897.4299 lsst_hardware_r 10.545158309386762 89.44999694824219 31.639999389648438 AB 5.5245445878082675 1.1093834307322274
60902.3332 lsst_hardware_z -32.13813223374325 89.62999725341797 32.459999084472656 AB 5.190871453145329 1.0975905243470527
60904.4105 lsst_hardware_z -19.356316448782195 42.54999923706055 30.950000762939453 AB 4.246236312241799 1.109039846488227
60904.4209 lsst_hardware_r -1.4594774975491915 27.219999313354492 31.530000686645508 AB 4.460404702450129 1.122820567010731
60906.4098 lsst_hardware_u 0.014470662618409784 2.819999933242798 28.459999084472656 AB 2.096898762087407 1.1149763002946154
60906.4212 lsst_hardware_g -5.103972865148113 18.309999465942383 31.5 AB 2.5150623679735045 1.1317639185390953
60908.3967 lsst_hardware_g -15.79263961329828 13.069999694824219 31.3700008392334 AB 1.2163203531435385 1.1057457755850348
60908.4075 lsst_hardware_r 0.6348886191954128 22.270000457763672 31.469999313354492 AB 1.2311877249258496 1.1192615681144087
60910.3877 lsst_hardware_i -34.751586523736414 30.360000610351562 31.229999542236328 AB 2.5164163912006914 1.1019997333920262
60910.3984 lsst_hardware_z 74.22500057225632 41.869998931884766 30.93000030517578 AB 2.513415345154813 1.1143495212391101
60912.3881 lsst_hardware_r 24.004760653636794 22.1200008392334 31.479999542236328 AB 2.4921974190539 1.1083822188365133
60912.3988 lsst_hardware_u 6.384890725219258 2.609999895095825 28.360000610351562 AB 2.4199796776885547 1.1224395536588843
60932.3608 lsst_hardware_i 22.454094941488368 34.66999816894531 31.25 AB 1.7163536058497955 1.1507566918200183
60932.3724 lsst_hardware_r 60.50479726457569 30.8700008392334 31.530000686645508 AB 1.7389228883349432 1.1756098400009238
60934.3522 lsst_hardware_u -2.915645348099883 2.9000000953674316 28.469999313354492 AB 4.702136092849692 1.144768373183213
60934.3629 lsst_hardware_g -19.794577722210985 15.529999732971191 31.440000534057617 AB 4.840208422864358 1.1664558194636363
60936.3553 lsst_hardware_r 5.339379411517598 22.309999465942383 31.469999313354492 AB 1.7118542216382533 1.1618262914800657
60936.3654 lsst_hardware_i -18.237704083404847 31.1299991607666 31.229999542236328 AB 1.7587744157016523 1.1850248730162734
60938.3374 lsst_hardware_i -55.380620159377926 30.81999969482422 31.229999542236328 AB 5.880648598078968 1.1377863206111962
60938.3487 lsst_hardware_z 19.189929870373202 42.7599983215332 30.93000030517578 AB 6.045803673268352 1.1594215501521434
60943.3416 lsst_hardware_i -5.642291537216768 31.270000457763672 31.229999542236328 AB 6.865732721460612 1.173830179767586
60943.3535 lsst_hardware_r 42.17623731506977 22.579999923706055 31.450000762939453 AB 7.062465522876894 1.203760954981574
60945.3331 lsst_hardware_z -53.359897429988386 42.470001220703125 30.93000030517578 AB 5.046467577029245 1.1669707075010296
60945.3446 lsst_hardware_u 0.2712863142624784 2.549999952316284 28.299999237060547 AB 5.854300307982902 1.194592635284429
60947.3161 lsst_hardware_g 3.7157110008234127 13.109999656677246 31.360000610351562 AB 6.758874092891809 1.1436496441673136
60947.3273 lsst_hardware_r 6.0783515884623185 22.3700008392334 31.459999084472656 AB 7.04807626776653 1.1662242521331232
60950.3277 lsst_hardware_i -13.58977516401577 31.309999465942383 31.219999313354492 AB 3.7852690462800793 1.1863257999780865
60950.3401 lsst_hardware_z -8.637876571369292 43.720001220703125 30.93000030517578 AB 2.957197890495623 1.2199661264420887
