data/validation/pwv_sim_epoch_fit_epoch/57176433.ecsv
# %ECSV 0.9
# ---
# datatype:
# - {name: time, datatype: float64}
# - {name: band, datatype: string}
# - {name: flux, datatype: float64}
# - {name: fluxerr, datatype: float64}
# - {name: zp, datatype: float64}
# - {name: zpsys, datatype: string}
# - {name: pwv, datatype: float64}
# - {name: airmass, datatype: float64}
# meta: {SNID: '57176433', alt: 1024.0, c: -0.03848092257976532, dec: -59.677784, lat: -30.244573, lon: -70.7499537, ra: 309.786591, t0: 62063.72265625,
#   x0: 2.317988608441825e-06, x1: -0.5054337382316589, z: 0.8392316699028015}
# schema: astropy-2.0
time band flux fluxerr zp zpsys pwv airmass
61903.4203 lsst_hardware_y 161.97072209557524 82.79000091552734 30.780000686645508 AB 7.4304900889191545 1.147078860548726
61908.4168 lsst_hardware_r 31.467231654278383 29.700000762939453 31.530000686645508 AB 9.471276937032158 1.1488342707986972
61908.4284 lsst_hardware_z 30.507933791323484 50.65999984741211 30.950000762939453 AB 9.538880351419664 1.1537456202013228
61910.3908 lsst_hardware_i 25.569798248605416 31.479999542236328 31.229999542236328 AB 8.237290436629984 1.147721163884584
61910.4038 lsst_hardware_z 16.86689603745372 42.7599983215332 30.940000534057617 AB 8.205139056841308 1.147304459124904
61918.3469 lsst_hardware_g 28.49771560270797 19.15999984741211 32.13999938964844 AB 10.446783925852134 1.1573246594370572
61918.3593 lsst_hardware_i -31.716519376415636 44.16999816894531 31.989999771118164 AB 10.44160804205755 1.1505375924400811
61926.3325 lsst_hardware_z 94.27826361860025 50.060001373291016 30.950000762939453 AB 7.373453723048599 1.152822658387836
61926.3475 lsst_hardware_r 27.27587443061403 42.79999923706055 31.579999923706055 AB 6.078740442276373 1.1476539538596047
61928.336 lsst_hardware_i 38.83945160402157 72.81999969482422 31.309999465942383 AB 2.772231236483154 1.1491113933608927
61928.3488 lsst_hardware_r -73.20702254689196 91.45999908447266 31.6299991607666 AB 2.792595379631143 1.147013436321834
61944.2999 lsst_hardware_z -97.45810523270555 42.65999984741211 30.940000534057617 AB 3.035688161218889 1.147418984963762
61947.2901 lsst_hardware_g 2.698505920728807 13.539999961853027 31.360000610351562 AB 6.591068115500965 1.1476698790703406
61947.3017 lsst_hardware_r 19.29544691966548 22.770000457763672 31.469999313354492 AB 6.367306993379713 1.1471936208119329
61955.1143 lsst_hardware_r -75.8125153651218 68.05999755859375 31.520000457763672 AB 13.332094279397534 1.5058132745331114
61958.2483 lsst_hardware_y -84.53090678822787 60.54999923706055 30.020000457763672 AB 2.072357052087918 1.1513094733821767
61958.2599 lsst_hardware_r 257.4790897150349 114.58000183105469 31.6299991607666 AB 1.8243704603081268 1.1477035661178254
61960.2765 lsst_hardware_z 176.1857969950657 104.47000122070312 31.729999542236328 AB 2.413640936682017 1.1493528269914366
61962.2375 lsst_hardware_r 6.331765070574456 72.79000091552734 31.6299991607666 AB 9.555443646473433 1.1512582706594496
61962.249 lsst_hardware_z -14.561063074618326 57.70000076293945 30.969999313354492 AB 9.525927164846877 1.1477020680538406
61964.2311 lsst_hardware_r 23.366064097232833 48.40999984741211 31.600000381469727 AB 7.924360437765127 1.151684977874982
61964.2429 lsst_hardware_i -39.93500749626996 44.720001220703125 31.290000915527344 AB 7.765393366643998 1.1478212504893572
61965.241 lsst_hardware_z 9.212897739914114 46.439998626708984 30.950000762939453 AB 7.510547083215216 1.1476705080680325
61965.2523 lsst_hardware_i 44.03723541990725 39.66999816894531 31.270000457763672 AB 7.1830577537775 1.1471784322889882
61974.214 lsst_hardware_r -37.385164520761414 22.760000228881836 31.459999084472656 AB 5.606569520804052 1.148161753155428
61974.2254 lsst_hardware_u 1.9525966896845592 2.5199999809265137 28.260000228881836 AB 5.60159543966864 1.1470452420740533
61976.2181 lsst_hardware_g -1.187874253676138 13.720000267028809 31.3700008392334 AB 6.274517696749423 1.1470257660526344
61976.2301 lsst_hardware_r 14.780451279856372 22.84000015258789 31.469999313354492 AB 6.265373900488652 1.148556168742191
61978.2151 lsst_hardware_i -17.89077044382302 30.989999771118164 31.219999313354492 AB 2.594678085488996 1.147072540003977
61978.2272 lsst_hardware_z -24.105284192872233 42.290000915527344 30.93000030517578 AB 2.637669710244316 1.1493114205857586
61979.2177 lsst_hardware_r -0.082960095226616 22.809999465942383 31.469999313354492 AB 2.9543278997213416 1.147646071563112
61979.2293 lsst_hardware_g -15.946881869283784 13.699999809265137 31.3700008392334 AB 2.942040480620335 1.1511456443784935
61981.2137 lsst_hardware_r 17.1419985054736 28.709999084472656 31.520000457763672 AB 5.165629088764306 1.147917575280957
61981.2247 lsst_hardware_i 16.901022087423968 34.2400016784668 31.239999771118164 AB 5.181885036106531 1.1515300080236737
61983.1956 lsst_hardware_i 44.37670520964572 49.0099983215332 31.290000915527344 AB 5.223746220344669 1.1471936357405665
61987.1535 lsst_hardware_r 34.831422021174056 109.62000274658203 31.6299991607666 AB 2.3481950121322903 1.161131537233702
61987.1644 lsst_hardware_i -80.70410458313282 85.1500015258789 31.31999969482422 AB 2.3204463033440375 1.1536855999390307
61990.1944 lsst_hardware_r 97.68032713204269 88.81999969482422 31.6299991607666 AB 3.7858162155917654 1.149306683543341
61990.2059 lsst_hardware_z 74.26160296908148 63.529998779296875 30.969999313354492 AB 3.784718602273875 1.1545522848027685
61997.2366 lsst_hardware_r -0.9922527827011216 23.049999237060547 31.459999084472656 AB 5.24158054765792 1.2145471262048166
61997.2482 lsst_hardware_i -18.684745327772493 32.08000183105469 31.219999313354492 AB 5.358423506386807 1.2380830652464898
62002.0309 lsst_hardware_i 5.2954044854564115 32.630001068115234 31.209999084472656 AB 3.6028596413528127 1.3176774769508321
62002.0353 lsst_hardware_z -10.300235893586656 44.95000076293945 30.920000076293945 AB 3.5456920309742075 1.3039227842139571
62011.129 lsst_hardware_y 4.27583228448012 49.709999084472656 30.010000228881836 AB 5.966805069072703 1.1474625132832121
62011.1393 lsst_hardware_r 46.672622941297575 43.880001068115234 31.59000015258789 AB 5.980526111030779 1.1501011751982266
62013.1249 lsst_hardware_i -16.30702633977918 58.59000015258789 31.309999465942383 AB 3.8135254072270985 1.1476727914612326
62013.1348 lsst_hardware_z 49.35898069892039 57.2599983215332 30.969999313354492 AB 5.3144185451949015 1.150473057842741
62016.1102 lsst_hardware_z -55.47108572325128 67.62000274658203 30.969999313354492 AB 0.6348966659619915 1.1470581137524687
62016.1221 lsst_hardware_r -76.07784993133784 96.18000030517578 31.6299991607666 AB 0.6680972688391845 1.1489204967139888
62020.1099 lsst_hardware_i 48.01454600894077 57.709999084472656 31.309999465942383 AB 1.7946374733729267 1.148567982958673
62020.1213 lsst_hardware_z 103.43851970766053 55.779998779296875 30.969999313354492 AB 1.7987915205726557 1.1530714875465742
62024.0939 lsst_hardware_u 2.66930759265961 2.559999942779541 28.31999969482422 AB 3.076521867445308 1.147527738696364
62030.0598 lsst_hardware_r 13.554476409748837 22.61995805753393 31.469999313354492 AB 0.3918340399108824 1.1485120857182678
62030.0714 lsst_hardware_u 5.626498290172224 2.712621769108403 28.43000030517578 AB 0.4542352439605517 1.14705869687008
62033.0413 lsst_hardware_r -26.554915578735336 22.926055030200132 31.479999542236328 AB 7.215558517490046 1.1523996780488788
62033.054 lsst_hardware_z -24.674877681340497 42.47352582688375 30.940000534057617 AB 6.3874536871545615 1.1479623220886266
62035.0437 lsst_hardware_r -10.888459223786798 22.928728939096302 31.469999313354492 AB 2.943428071653859 1.1492154501332783
62035.0569 lsst_hardware_u -1.9903285428436739 2.6028950664464374 28.34000015258789 AB 2.8883065259794334 1.1470637513818243
62037.0463 lsst_hardware_g -5.110380805782539 16.497371240893735 31.440000534057617 AB 3.465232244867614 1.1474278956515278
62037.059 lsst_hardware_r -26.31256172035874 24.030004329059203 31.479999542236328 AB 3.4847694776461595 1.1476270303460965
62039.0477 lsst_hardware_i 227.84862522388923 37.70335278211795 31.25 AB 3.3572117752965265 1.1470784232668219
62039.0604 lsst_hardware_z 23.35442185498145 45.519770770760495 30.940000534057617 AB 3.392074023606768 1.1492712260229607
62041.0509 lsst_hardware_r -26.58103726405827 53.12437621300007 31.600000381469727 AB 5.142001578303277 1.1481740001049352
62041.0625 lsst_hardware_z 137.17516707759341 52.06655057655329 30.950000762939453 AB 5.185527720301776 1.1523394934003948
62043.0472 lsst_hardware_z 214.2133262122404 57.725491210995436 30.959999084472656 AB 4.254252433585236 1.1486079557895612
62043.0593 lsst_hardware_i 279.8141865493333 59.72270610517244 31.299999237060547 AB 4.285406955566848 1.1535157010116583
62048.0336 lsst_hardware_g 95.3490518314061 88.2075090968804 31.68000030517578 AB 3.1073176170219035 1.1486249392929526
62048.0464 lsst_hardware_r 410.18743368342575 81.27402205169354 31.6200008392334 AB 3.2956429140757644 1.1539365945643434
62050.0286 lsst_hardware_i 630.4604621316781 38.92846941725597 31.229999542236328 AB 4.4768757939842585 1.1487514332593818
62050.0417 lsst_hardware_z 341.82125607367135 52.69201925736128 30.950000762939453 AB 5.38111148182521 1.154373373768526
62052.0262 lsst_hardware_r 392.6538213529422 30.723133388645763 31.479999542236328 AB 4.4603011589735715 1.1497103129201112
62052.0372 lsst_hardware_u -0.22923485362825197 2.9554924621294067 28.40999984741211 AB 4.597831553515583 1.1549438717698024
62054.0767 lsst_hardware_g 114.2764219710297 16.596001011059247 31.3700008392334 AB 3.863749813517771 1.2069189338352053
62054.0888 lsst_hardware_i 618.1676672497492 41.416637974193705 31.229999542236328 AB 5.166243773774046 1.2300580413747728
62055.0762 lsst_hardware_z 500.4537280640895 48.43619860963336 30.93000030517578 AB 6.539205761029757 1.2108705984469885
62055.0874 lsst_hardware_r 552.6002277976002 32.10239495599915 31.469999313354492 AB 7.1365363584464285 1.23286406146232
62057.0728 lsst_hardware_u -1.7793481321777427 2.6962740802971807 28.329999923706055 AB 8.745461085540004 1.2146473729916671
62057.084 lsst_hardware_g 58.26573605401562 16.14073237400309 31.350000381469727 AB 8.931260063300885 1.2373165328578095
62059.075 lsst_hardware_r 530.8379443940114 32.48329526265306 31.459999084472656 AB 10.2069639297841 1.2297546903354337
62059.0866 lsst_hardware_i 735.8508927505637 42.494039335713445 31.219999313354492 AB 9.710451328249581 1.2559866338168812
62264.413 lsst_hardware_i 26.430631968249795 31.93000030517578 31.239999771118164 AB 12.175066325128052 1.1500558565274692
62264.4245 lsst_hardware_z -14.899996442591192 49.08000183105469 30.959999084472656 AB 12.145447717683613 1.1472400237106688
62266.405 lsst_hardware_r 11.299239585103 22.8799991607666 31.479999542236328 AB 8.97925427586972 1.1510880620292778
62266.4183 lsst_hardware_y -100.72039896243103 50.16999816894531 30.010000228881836 AB 8.71970474459829 1.14732957165767
62268.3787 lsst_hardware_r 51.386507682556896 32.06999969482422 32.220001220703125 AB 12.303246289496146 1.1652732497806118
62268.3916 lsst_hardware_y 28.22713310230891 48.470001220703125 30.010000228881836 AB 12.158771918924616 1.1552826185495384
62272.4109 lsst_hardware_u 7.207481024410266 2.7200000286102295 28.40999984741211 AB 5.072398861957017 1.1470825106190619
62272.424 lsst_hardware_y 18.35284904856181 51.0 30.020000457763672 AB 4.295570751185143 1.1500345592392194
62277.4113 lsst_hardware_r 30.532116414125436 22.56999969482422 31.469999313354492 AB 8.21846720920652 1.150401345073701
62277.4251 lsst_hardware_y 103.94216823834559 50.540000915527344 30.010000228881836 AB 7.328524679256228 1.1581107268103648
62280.4025 lsst_hardware_r -24.70928409348515 22.450000762939453 31.469999313354492 AB 7.7014899606058815 1.150162777868262
62280.415 lsst_hardware_g 18.31541389232515 13.4399995803833 31.360000610351562 AB 7.74577777997997 1.1567768488620027
62283.3879 lsst_hardware_z 55.88897027163401 64.37000274658203 30.969999313354492 AB 5.684043933101612 1.1481757263107633
62283.3997 lsst_hardware_i -81.17909863315003 70.73999786376953 31.309999465942383 AB 5.751885662646714 1.1525670098480183
62285.3959 lsst_hardware_z 124.50118474204537 96.55000305175781 31.729999542236328 AB 9.391911228848505 1.153443196665445
62288.3955 lsst_hardware_r 24.713649533448528 60.70000076293945 31.610000610351562 AB 7.197075688620983 1.1584208528509778
62288.4073 lsst_hardware_i 77.36461252429392 53.02000045776367 31.299999237060547 AB 7.294760546309561 1.168719980717172
62291.3315 lsst_hardware_r 15.571042584369645 31.229999542236328 31.540000915527344 AB 13.904066013405425 1.153696850117653
62291.3437 lsst_hardware_i -42.23568985628108 35.099998474121094 31.25 AB 13.757541732983665 1.1486154650789953
62302.3723 lsst_hardware_r 15.20642618209588 22.8799991607666 31.469999313354492 AB 13.198661359862566 1.1721203640924087
62302.3858 lsst_hardware_g 15.446840995449982 13.5600004196167 31.360000610351562 AB 14.131539582519911 1.1892232249869694
62306.3222 lsst_hardware_g 2.5067844715509047 13.630000114440918 31.389999389648438 AB 3.5443249905594936 1.1475878227486855
62306.335 lsst_hardware_i -11.632314465038727 31.280000686645508 31.239999771118164 AB 2.99272647985342 1.151639230318145
62308.3194 lsst_hardware_z -20.62070248754148 42.4900016784668 30.940000534057617 AB 3.430582803830794 1.148120081603305
62308.3319 lsst_hardware_r -2.8882773319080774 22.770000457763672 31.469999313354492 AB 3.4445671930145365 1.152800265399738
62312.2973 lsst_hardware_r -13.418040984548576 105.48999786376953 31.6299991607666 AB 4.611032815620861 1.1469755355800142
62312.3093 lsst_hardware_i 128.79508830947876 82.54000091552734 31.31999969482422 AB 4.610589514922409 1.1483172657078289
62314.3085 lsst_hardware_z 38.59433905809325 74.98999786376953 30.979999542236328 AB 7.782513894733224 1.1497287479293221
62314.3202 lsst_hardware_r 52.62243840126508 110.38999938964844 31.639999389648438 AB 7.7966505716242125 1.1554873022044034
62315.2992 lsst_hardware_z 124.13727085116187 67.38999938964844 30.969999313354492 AB 6.228227441810303 1.1478840316652488
62315.313 lsst_hardware_r 17.034316508716767 93.83999633789062 31.6299991607666 AB 6.2335026296167255 1.1529111998181394
62323.2373 lsst_hardware_u -0.9678715485418653 2.680000066757202 28.399999618530273 AB 5.046497706756813 1.158073366501219
62323.2497 lsst_hardware_g -15.369770966086671 13.779999732971191 31.389999389648438 AB 5.056942813705952 1.1509618724768604
62325.2383 lsst_hardware_r -10.564906953067952 22.90999984741211 31.469999313354492 AB 1.842136615334706 1.1539196838762056
62325.2497 lsst_hardware_z -30.323003436125383 42.560001373291016 30.940000534057617 AB 1.8347065386858346 1.1489655810577863
62327.2286 lsst_hardware_r -21.628469554224367 22.959999084472656 31.469999313354492 AB 11.109298476899957 1.1565359138945717
62327.2411 lsst_hardware_u -1.3291268180055476 2.630000114440918 28.350000381469727 AB 11.046810015301448 1.1500305391228909
62328.2314 lsst_hardware_g 7.829543615330687 13.670000076293945 31.360000610351562 AB 9.57163157006178 1.1532086228990095
62328.2424 lsst_hardware_r 36.94036366312576 22.860000610351562 31.469999313354492 AB 9.534262554858731 1.1487063319106905
62330.2125 lsst_hardware_r -0.5269681742657647 22.920000076293945 31.469999313354492 AB 8.021631498909485 1.1625552896970268
62330.2245 lsst_hardware_i -5.577605336903524 31.149999618530273 31.229999542236328 AB 7.753388911268513 1.1540070814549996
62332.2116 lsst_hardware_z -32.766780002305865 42.84000015258789 30.940000534057617 AB 6.676258735206517 1.158905031425983
62332.2242 lsst_hardware_r 34.942832250131964 22.93000030517578 31.469999313354492 AB 6.529253110333039 1.1513745381924536
62334.2155 lsst_hardware_u -0.7068646158126178 2.619999885559082 28.350000381469727 AB 1.9740540925905445 1.152956736643947
62334.2275 lsst_hardware_g 10.845572839209982 13.8100004196167 31.389999389648438 AB 1.954435648098712 1.1483170670380212
62343.2101 lsst_hardware_r -47.71271719080395 109.44000244140625 31.6299991607666 AB 11.62119350657626 1.1471301829339557
62343.2222 lsst_hardware_z -3.775032206113678 74.04000091552734 30.979999542236328 AB 11.508663887246486 1.147786494963164
62345.217 lsst_hardware_r 65.88540781623134 73.44999694824219 31.6200008392334 AB 2.9051801907849635 1.147838874273141
62345.2296 lsst_hardware_y 13.751179920267013 52.86000061035156 30.010000228881836 AB 2.9498373650353464 1.152167704339695
62347.1993 lsst_hardware_z 58.66232732671709 69.7699966430664 31.709999084472656 AB 5.565554041152702 1.147123005338837
