data/validation/pwv_sim_epoch_fit_epoch/57301830.ecsv
# %ECSV 0.9
# ---
# datatype:
# - {name: time, datatype: float64}
# - {name: band, datatype: string}
# - {name: flux, datatype: float64}
# - {name: fluxerr, datatype: float64}
# - {name: zp, datatype: float64}
# - {name: zpsys, datatype: string}
# - {name: pwv, datatype: float64}
# - {name: airmass, datatype: float64}
# meta: {SNID: '57301830', alt: 1024.0, c: 0.04023420065641403, dec: -29.82786, lat: -30.244573, lon: -70.7499537, ra: 196.171875, t0: 62289.4609375,
#   x0: 0.0006385705483354944, x1: 0.22229091823101044, z: 0.07124531269073486}
# schema: astropy-2.0
time band flux fluxerr zp zpsys pwv airmass
[from data line 132]
62561.2107 lsst_hardware_r -59.489658381398954 23.260000228881836 31.479999542236328 AB 3.9943149709084556 1.1321754452688366
62561.2308 lsst_hardware_u -1.0119489134933648 2.6600000858306885 28.399999618530273 AB 3.776390918938723 1.0765593915347558
62563.2085 lsst_hardware_g -7.759175666992533 14.420000076293945 31.420000076293945 AB 5.8466483327174705 1.1218743802585571
62563.2284 lsst_hardware_i -34.75717613247893 31.020000457763672 31.25 AB 5.586264617239056 1.0696362816433227
62566.2092 lsst_hardware_z -47.48849775619476 42.04999923706055 30.940000534057617 AB 8.660607369471203 1.0963719346954852
62566.2309 lsst_hardware_r -10.797892296886205 23.06999969482422 31.489999771118164 AB 8.268931340995383 1.048336813717033
62568.2153 lsst_hardware_u -1.0465301280301453 2.6700000762939453 28.40999984741211 AB 11.511710748289367 1.0684300695279125
62568.2375 lsst_hardware_g -4.284291539169871 13.920000076293945 31.40999984741211 AB 11.116894027091927 1.0293420395455488
62571.2104 lsst_hardware_r 12.430571579554694 22.969999313354492 31.489999771118164 AB 9.11365830230986 1.0614762654345333
62571.2308 lsst_hardware_i 14.08194805794747 30.440000534057617 31.25 AB 8.752546959217606 1.0273444858474383
62575.2119 lsst_hardware_z 5.813174617942301 45.869998931884766 30.959999084472656 AB 9.632901653898887 1.0389238194455228
62575.234 lsst_hardware_r -76.82849948089958 37.060001373291016 31.600000381469727 AB 9.301184704924681 1.0120433822887418
62578.162 lsst_hardware_z -138.8055230055791 65.47000122070312 30.969999313354492 AB 7.029784900843799 1.139718693392315
62578.1797 lsst_hardware_i 36.59913895783981 71.66999816894531 31.31999969482422 AB 7.4989776541608935 1.0879120345511233
62580.1704 lsst_hardware_z 81.27489685304923 87.80999755859375 30.989999771118164 AB 5.730207292185309 1.0979161345397368
62580.1871 lsst_hardware_r -112.12583181119993 131.92999267578125 31.649999618530273 AB 5.543787749332251 1.0589009628648949
62582.1696 lsst_hardware_y -187.55511878994503 86.12000274658203 30.799999237060547 AB 5.171841632205202 1.0858559983634402
62584.1656 lsst_hardware_r 21.23346010187465 57.189998626708984 31.6299991607666 AB 5.844255413922539 1.0822695210967666
62584.1838 lsst_hardware_i 48.443799156634405 50.2599983215332 31.309999465942383 AB 6.195387743075218 1.0447534136720433
62587.1814 lsst_hardware_r -5.730618097119969 22.989999771118164 31.489999771118164 AB 6.929005150891281 1.0354161911074677
62587.1984 lsst_hardware_g -15.773745668969573 14.529999732971191 31.440000534057617 AB 6.8089969166842215 1.0146024313342603
62589.1757 lsst_hardware_r 29.516162298320815 23.219999313354492 31.5 AB 6.808519005398287 1.0357787533567455
62589.1928 lsst_hardware_i 9.712477876373146 30.549999237060547 31.260000228881836 AB 6.6432991749856125 1.0147347330748706
62591.1676 lsst_hardware_z -16.300890522614978 58.2599983215332 31.690000534057617 AB 4.8581094281794925 1.0399092604023576
62591.1863 lsst_hardware_i -42.19291791381686 43.31999969482422 32.0 AB 4.809193681499404 1.015740709975976
62596.0731 lsst_hardware_i 44.727597506329865 33.119998931884766 31.209999084472656 AB 10.346498491725972 1.3224474825660295
62596.0907 lsst_hardware_r -13.084336158179068 23.989999771118164 31.459999084472656 AB 8.649482811627227 1.2281545075199585
62598.0559 lsst_hardware_u -0.3377149106121329 2.5199999809265137 28.149999618530273 AB 15.144209492017842 1.4006421209129685
62598.0742 lsst_hardware_g -34.054210596960885 14.729999542236328 31.360000610351562 AB 13.867140300625318 1.2843908892212397
62600.0722 lsst_hardware_r 32.70538232661966 25.68000030517578 31.469999313354492 AB 9.736665887822145 1.2657623462090581
62600.0894 lsst_hardware_i -13.576789352063116 32.93000030517578 31.229999542236328 AB 8.49969815511377 1.1861147299907575
62602.0775 lsst_hardware_r 52.9094109618176 31.850000381469727 31.530000686645508 AB 3.7681651793751993 1.213579767914718
62602.0954 lsst_hardware_z 34.792699304066154 44.68000030517578 30.950000762939453 AB 4.462499717851609 1.1433511959650546
62606.0692 lsst_hardware_z 33.18165239880575 60.59000015258789 30.969999313354492 AB 13.10266309891996 1.2020791833871523
62606.0865 lsst_hardware_r -262.6804527396515 75.37999725341797 31.6299991607666 AB 11.800189762184797 1.1365552107025303
62608.0554 lsst_hardware_r -2.524093240229094 139.47000122070312 31.6200008392334 AB 18.128820163999034 1.240270019543611
62608.0738 lsst_hardware_y 97.23226080257811 68.27999877929688 30.030000686645508 AB 16.974590578461683 1.1619004229119523
62612.0693 lsst_hardware_r -56.090249969938014 62.36000061035156 31.6200008392334 AB 8.04672515252849 1.1392786567363005
62612.088 lsst_hardware_i -52.2120349072976 57.20000076293945 31.31999969482422 AB 7.595610267698985 1.085087181099855
62616.0748 lsst_hardware_u -1.878779303359101 2.7200000286102295 28.40999984741211 AB 14.875155970765205 1.0908338628508323
62616.0951 lsst_hardware_r 13.02146254478493 23.600000381469727 31.510000228881836 AB 14.12840694086692 1.0470657317836156
62618.0703 lsst_hardware_i -20.441653075886588 31.229999542236328 31.25 AB 4.462370129414828 1.0883829583938607
62618.0884 lsst_hardware_z 11.5233370218281 41.29999923706055 30.950000762939453 AB 4.684772344504978 1.0492798800615886
62620.0689 lsst_hardware_r 29.71084308859324 23.559999465942383 31.5 AB 9.13779434597103 1.0784603264453
62620.0881 lsst_hardware_u 0.5534329204412353 2.7100000381469727 28.43000030517578 AB 9.18149623786842 1.0404256480771035
62622.0522 lsst_hardware_u 0.9904589461762578 2.75 28.43000030517578 AB 11.170965514263239 1.1076812607102866
62622.0717 lsst_hardware_g -23.894043237071283 14.600000381469727 31.440000534057617 AB 10.551657935701813 1.0603615652398566
62623.0505 lsst_hardware_r 27.064767513186172 24.0 31.510000228881836 AB 9.280052825351387 1.1047681934942126
62623.0693 lsst_hardware_i 55.912824863624884 31.440000534057617 31.260000228881836 AB 8.901426911711914 1.059693679965704
62625.069 lsst_hardware_r 4.636924089900483 23.420000076293945 31.510000228881836 AB 11.515264347242757 1.0498007427516416
62625.0873 lsst_hardware_g -4.186956166668428 14.649999618530273 31.469999313354492 AB 12.037005604252625 1.0224246669712584
62631.0478 lsst_hardware_i 81.42912954856604 33.5099983215332 31.270000457763672 AB 7.795853867706772 1.0590034459970699
62631.0692 lsst_hardware_z -6.397149907904436 42.08000183105469 30.950000762939453 AB 7.5331975307683825 1.024506668131155
62632.9727 lsst_hardware_y 66.74474563268738 52.189998626708984 29.959999084472656 AB 15.381237692868398 1.3186555333525567
62632.9929 lsst_hardware_r -98.59693730067117 46.619998931884766 31.579999923706055 AB 14.114912099915585 1.213385761354426
62636.9696 lsst_hardware_y 6.1406054187899475 68.83000183105469 29.989999771118164 AB 9.236064481160618 1.274115668528158
62636.9891 lsst_hardware_r -118.10621399043167 132.80999755859375 31.6299991607666 AB 8.653781891706876 1.1831804609936574
62638.9546 lsst_hardware_z -15.572774951870656 84.08999633789062 30.959999084472656 AB 10.208852235586964 1.3291478352487667
62638.9738 lsst_hardware_g -140.7630070984599 94.08999633789062 31.65999984741211 AB 9.093648707484942 1.2257793908363785
62643.9541 lsst_hardware_y -28.75331564980487 68.29000091552734 29.989999771118164 AB 3.2533259238492844 1.2552218856083666
62643.9729 lsst_hardware_r 14.1929312396351 23.809999465942383 31.479999542236328 AB 2.222756416891906 1.1717218855518745
62648.9563 lsst_hardware_y 20.458562521745076 58.220001220703125 30.010000228881836 AB 7.896268545332054 1.1833161314748795
62648.9829 lsst_hardware_z 3.975772755743247 42.209999084472656 30.950000762939453 AB 7.06444738688254 1.0955179323691617
62651.9617 lsst_hardware_z 4.536149322165499 66.0199966430664 31.700000762939453 AB 10.289373267289683 1.133919360891507
62651.988 lsst_hardware_r -6.757949701026398 32.540000915527344 32.2400016784668 AB 9.675609685616443 1.064043074326176
62656.9611 lsst_hardware_y 10.156768426494114 50.220001220703125 30.030000686645508 AB 13.00212934611883 1.0954004377614905
62656.9813 lsst_hardware_i 40.58125887788592 30.729999542236328 31.25 AB 12.395675115933727 1.0503919257633867
