data/validation/pwv_sim_epoch_fit_epoch/57342399.ecsv
# %ECSV 0.9
# ---
# datatype:
# - {name: time, datatype: float64}
# - {name: band, datatype: string}
# - {name: flux, datatype: float64}
# - {name: fluxerr, datatype: float64}
# - {name: zp, datatype: float64}
# - {name: zpsys, datatype: string}
# - {name: pwv, datatype: float64}
# - {name: airmass, datatype: float64}
# meta: {SNID: '57342399', alt: 1024.0, c: 0.03273771330714226, dec: -40.033035, lat: -30.244573, lon: -70.7499537, ra: 63.28125, t0: 60335.09375,
#   x0: 1.4450591380621753e-05, x1: 0.8826422095298767, z: 0.39412158727645874}
# schema: astropy-2.0
time band flux fluxerr zp zpsys pwv airmass
60193.3542 lsst_hardware_z 13.725659519364994 133.44000244140625 31.75 AB 0.932006180898743 1.0645416115348292
60200.3558 lsst_hardware_u -10.794505912662872 26.84000015258789 29.530000686645508 AB 2.9784412045030892 1.0354393201818493
60200.3673 lsst_hardware_y -93.36764084589907 100.7699966430664 30.09000015258789 AB 2.8398941357709524 1.0248625535081026
60208.3978 lsst_hardware_u -44.43601635958196 26.6299991607666 29.510000228881836 AB 3.0494404913240074 1.0229875009342009
60216.3755 lsst_hardware_z -24.111408752455787 132.6699981689453 31.75 AB 7.213969673864927 1.0226778670066525
60225.3617 lsst_hardware_i 27.286611439372315 79.08000183105469 31.34000015258789 AB 4.42866251432505 1.0315207719701205
60225.3735 lsst_hardware_z 64.46193539474736 94.45999908447266 31.0 AB 4.598427387990847 1.0450971336340866
60228.3635 lsst_hardware_i -57.198310115566166 77.44999694824219 31.329999923706055 AB 4.551051448554356 1.042742914091885
60228.3747 lsst_hardware_u 31.372608191788977 26.0 29.479999542236328 AB 4.649363114334993 1.058959825608699
60233.3048 lsst_hardware_g 47.28478922773723 84.30999755859375 31.739999771118164 AB 7.145659582728318 1.0145761156791293
60233.317 lsst_hardware_r 87.7846571204085 77.08999633789062 31.65999984741211 AB 7.163179932196182 1.016630702837948
60237.3 lsst_hardware_z 103.77422080778683 131.1199951171875 31.75 AB 1.319633863357995 1.0151029718138422
60237.3093 lsst_hardware_u -38.280464347102615 26.299999237060547 29.520000457763672 AB 1.2310890936863923 1.0178496020562415
60241.34 lsst_hardware_i -104.57923511748724 77.29000091552734 31.329999923706055 AB 3.8148150366033122 1.06025987676579
60241.3511 lsst_hardware_z -48.42631834298354 91.95999908447266 30.989999771118164 AB 3.8859257299668912 1.080674594660487
60243.3312 lsst_hardware_i -92.24720342859065 78.81999969482422 31.329999923706055 AB 1.4575523986163714 1.0549233283110047
60243.342 lsst_hardware_z 23.965544488678507 94.19999694824219 31.0 AB 2.5517470864117215 1.0735158125416957
60245.3267 lsst_hardware_z 8.388792843738473 94.30999755859375 31.0 AB 3.090912798625967 1.0564213495731019
60245.337 lsst_hardware_r -162.4763746921776 76.48999786376953 31.639999389648438 AB 3.5798878049267135 1.074396099917781
60249.3266 lsst_hardware_z -90.40840075452562 129.0 31.75 AB 5.883879576497737 1.0754014091320343
60251.3206 lsst_hardware_g 33.66416532571368 83.29000091552734 31.709999084472656 AB 5.156935117379304 1.074361482787355
60251.3323 lsst_hardware_r -80.60150313671963 76.19999694824219 31.6299991607666 AB 5.276436952168082 1.0992576983683504
60261.2766 lsst_hardware_u 16.019005481553112 26.56999969482422 29.5 AB 4.636706080863372 1.0469756316867465
60261.2874 lsst_hardware_r 75.78841354038435 76.68000030517578 31.649999618530273 AB 4.728597643140427 1.0636419681652516
60263.3144 lsst_hardware_z 174.00903293332672 93.12000274658203 30.989999771118164 AB 5.945999909951918 1.1384988339198208
60263.326 lsst_hardware_i -85.48198183717177 77.7300033569336 31.309999465942383 AB 6.1698025773569425 1.1757977215138373
60265.2666 lsst_hardware_z -35.161174727330064 93.72000122070312 31.0 AB 4.210135572736207 1.0482535246251115
60265.2787 lsst_hardware_r -39.957606803130616 76.69999694824219 31.649999618530273 AB 4.311626895806816 1.0675426639227867
60268.3045 lsst_hardware_g 64.71675389537106 80.91999816894531 31.690000534057617 AB 5.528629748657679 1.1498813953114975
60268.3165 lsst_hardware_r 0.04158810880447088 74.23999786376953 31.610000610351562 AB 5.749233665748255 1.190728408508543
60270.286 lsst_hardware_i 32.51841074170475 78.41000366210938 31.31999969482422 AB 3.338789320344327 1.112929773448109
60270.2976 lsst_hardware_z 106.40295720892685 93.7300033569336 30.979999542236328 AB 5.154481401856319 1.1454403115236265
60272.2976 lsst_hardware_r 43.55245462692133 74.48999786376953 31.6200008392334 AB 10.756628679070504 1.162794971072874
60272.3094 lsst_hardware_z 0.6635688785374223 90.51000213623047 30.979999542236328 AB 11.278052237429371 1.2052634907483655
60276.2445 lsst_hardware_z 46.302009042496294 92.08999633789062 31.0 AB 4.099372748973083 1.060365429118749
60276.2561 lsst_hardware_i -35.092743665373675 77.19999694824219 31.329999923706055 AB 4.762636275034069 1.0818231520643742
60278.247 lsst_hardware_z -80.20998844986232 91.41000366210938 31.0 AB 5.860120193459879 1.074594167504827
60278.2591 lsst_hardware_r -136.66310655387403 75.20999908447266 31.639999389648438 AB 6.6254548977819825 1.1004825010849568
60280.2472 lsst_hardware_y 10.158050354302897 97.91999816894531 30.059999465942383 AB 6.842072808995847 1.086043303015214
60280.2587 lsst_hardware_g 94.83930772371926 81.87000274658203 31.700000762939453 AB 7.657315307754999 1.1129414349413005
60282.2761 lsst_hardware_r 59.349190197668115 74.4000015258789 31.6200008392334 AB 5.199390999108665 1.182799848138464
60282.288 lsst_hardware_i 8.518082676559944 75.69999694824219 31.299999237060547 AB 5.392321528244429 1.2292993339209912
60284.2615 lsst_hardware_z 143.05821094800905 90.9000015258789 30.989999771118164 AB 5.9437254494877605 1.1520336185853004
60284.273 lsst_hardware_r -87.14960359671684 74.2699966430664 31.610000610351562 AB 6.259719578989614 1.191419790443586
60290.1717 lsst_hardware_r 60.11620463598333 76.9800033569336 31.649999618530273 AB 12.97380252759852 1.0215592541416159
60290.1852 lsst_hardware_z 19.844162013257314 94.41000366210938 31.0 AB 13.112646604410136 1.0324918586149714
60293.1744 lsst_hardware_r -17.22256807403447 21.43000030517578 31.479999542236328 AB 8.204759146959361 1.0299732227655958
60293.1878 lsst_hardware_u -0.5807144093968087 2.559999942779541 28.3799991607666 AB 8.335817400979785 1.0450563590374877
60295.1253 lsst_hardware_u -3.9579378984345266 2.680000066757202 28.469999313354492 AB 9.523471900772956 1.0159724657445477
60295.1387 lsst_hardware_g 16.685854530714792 12.930000305175781 31.399999618530273 AB 9.518146553745325 1.0147367926593511
60297.1191 lsst_hardware_r 4.415753088981925 26.790000915527344 31.549999237060547 AB 3.1349237505848246 1.016182739249538
60297.1311 lsst_hardware_i 46.45020410033022 31.959999084472656 31.270000457763672 AB 3.2835264390536714 1.0146084014070826
60301.1089 lsst_hardware_i -69.85110817472179 49.689998626708984 31.31999969482422 AB 4.3118129140135695 1.0159785377034305
60301.1215 lsst_hardware_z 27.086480276958945 49.91999816894531 30.979999542236328 AB 4.326064340717113 1.0146744085181454
60303.1088 lsst_hardware_i 18.35960578389161 60.59000015258789 31.329999923706055 AB 6.119837783461687 1.0148984715525708
60303.1213 lsst_hardware_z -26.152998526298404 56.52000045776367 30.989999771118164 AB 6.122876845687919 1.0154024619715147
60304.1081 lsst_hardware_z -149.25852272062681 57.88999938964844 30.979999542236328 AB 7.58778883368249 1.0146928846512908
60304.1199 lsst_hardware_r -132.81796586618424 80.62999725341797 31.65999984741211 AB 7.663075743775353 1.0157056268327636
60306.1115 lsst_hardware_i 108.93977411598988 58.040000915527344 31.329999923706055 AB 5.451430967408369 1.0151010429040015
60306.1243 lsst_hardware_r 81.49122838380383 72.9000015258789 31.65999984741211 AB 5.468708841377383 1.019457312131495
60312.103 lsst_hardware_z 71.18040830295196 41.669620319380364 30.950000762939453 AB 4.355632613283196 1.0172552375274593
60312.1145 lsst_hardware_r 218.04328196527064 25.33080117962481 31.479999542236328 AB 4.328196918133813 1.0234563533066476
60316.0883 lsst_hardware_g 382.27983990597687 22.93684808724321 31.3799991607666 AB 8.93727599985924 1.0160132629603993
60316.1007 lsst_hardware_r 987.7019094882295 37.534029161469775 31.479999542236328 AB 8.976116433721106 1.0215610508787298
60318.0924 lsst_hardware_i 1163.144671974887 45.01538650043047 31.25 AB 6.700601519793646 1.0199172753595884
60318.104 lsst_hardware_r 1628.535567254671 44.82316767795597 31.489999771118164 AB 6.729950477433911 1.0280619404138112
60320.0799 lsst_hardware_u -0.9146323802043796 4.320466727918642 29.190000534057617 AB 6.304164389579842 1.0168007079967487
60320.0928 lsst_hardware_g 1911.3407500315552 48.49501885339708 32.150001525878906 AB 5.7733879214321435 1.0235595995802045
60322.0792 lsst_hardware_r 2838.5840431850443 56.99666310746164 31.5 AB 2.2621569498271312 1.0187601665512995
60322.0922 lsst_hardware_i 2089.9296519371155 54.161630768230495 31.260000228881836 AB 3.0367381831323605 1.0273133231164775
60324.0776 lsst_hardware_z 1775.002168703304 57.72830791017061 30.950000762939453 AB 6.06666057836825 1.0208077702117198
60324.0901 lsst_hardware_r 3439.890911814292 62.24950043016154 31.489999771118164 AB 5.583214277357131 1.0303034281891734
60326.0694 lsst_hardware_z 2062.1481126142667 60.913597220273424 30.950000762939453 AB 2.8357298596604976 1.0193133931202436
60326.0831 lsst_hardware_g 2340.881895053723 52.186557891703565 31.549999237060547 AB 2.8055384267513617 1.0288946279458555
60330.0683 lsst_hardware_r 5419.481299736002 89.05658522099644 31.6299991607666 AB 12.225274844745535 1.0256461574925466
60330.0825 lsst_hardware_y 856.4569179320055 54.95334955814845 30.049999237060547 AB 12.379067854223898 1.0396753516985358
60569.3612 lsst_hardware_i 30.848665272735936 51.400001525878906 31.31999969482422 AB 1.211549530181026 1.0219734543914178
60569.3733 lsst_hardware_y -69.63872804764648 49.29999923706055 30.059999465942383 AB 1.2952426139201976 1.0162750991914997
60570.349 lsst_hardware_r 137.27142316738446 76.97000122070312 31.65999984741211 AB 1.5258288057386324 1.029284707901642
60570.3655 lsst_hardware_y 86.60199700085616 51.33000183105469 30.059999465942383 AB 1.5210641996375964 1.0181720530848677
60572.4007 lsst_hardware_z 181.95896328793546 68.44999694824219 30.989999771118164 AB 5.944900853412587 1.022632027536314
60575.3968 lsst_hardware_r 2.6297491689289383 51.380001068115234 31.639999389648438 AB 1.466995533179443 1.0257514507722478
60581.3787 lsst_hardware_z 17.22040464805332 40.61000061035156 30.950000762939453 AB 7.330204001881716 1.0244392064495085
60581.3906 lsst_hardware_u -10.350594849792824 6.78000020980835 29.06999969482422 AB 7.446295250466825 1.0352621073037573
60583.3797 lsst_hardware_g 14.77529741236826 14.260000228881836 31.440000534057617 AB 4.243835159732563 1.0298071244194524
60583.391 lsst_hardware_r 40.78663169498924 28.959999084472656 31.549999237060547 AB 4.342512237463361 1.0421195674258126
60585.3801 lsst_hardware_i 13.792879199354479 30.979999542236328 31.260000228881836 AB 2.711860137939137 1.0357199762975697
60585.3909 lsst_hardware_z -1.6575076769212282 61.25 30.989999771118164 AB 2.751896323953119 1.0493074858580511
60591.3324 lsst_hardware_i 15.80099828939692 29.420000076293945 31.25 AB 2.7528751455781086 1.0154151706555203
60591.3451 lsst_hardware_r 5.670073970068109 21.3700008392334 31.479999542236328 AB 2.919539905791226 1.0203424647453025
60593.357 lsst_hardware_u -6.3913173972519814 2.7300000190734863 28.510000228881836 AB 4.481906291995851 1.0343656339708864
60593.3689 lsst_hardware_g 5.950811478455409 13.640000343322754 31.420000076293945 AB 4.53098618590717 1.0490822379965663
60597.3661 lsst_hardware_z 13.629428945738017 41.400001525878906 30.940000534057617 AB 6.260774274894837 1.0616580179568635
60597.3775 lsst_hardware_r -39.651414462105905 27.040000915527344 31.520000457763672 AB 7.481461861697076 1.0830141664296726
60598.347 lsst_hardware_i -33.811448781258406 45.2599983215332 31.299999237060547 AB 7.604736184713079 1.038425514526152
60598.3591 lsst_hardware_z -8.828067614586146 48.040000915527344 30.969999313354492 AB 7.707114072943512 1.0547816983568288
60600.3529 lsst_hardware_r 97.01459184330618 82.91000366210938 31.649999618530273 AB 6.826777782049172 1.0536505901554991
60600.3636 lsst_hardware_z 22.65352653131318 60.939998626708984 30.979999542236328 AB 6.870431307710076 1.0717604899906086
60602.3422 lsst_hardware_i -147.36870496350656 58.88999938964844 31.329999923706055 AB 0.5523581806596287 1.0461329179159635
60602.3524 lsst_hardware_r 21.834417231545377 72.06999969482422 31.649999618530273 AB 0.622083530153182 1.0615759900224948
60610.3298 lsst_hardware_u 1.599057773204956 2.809999942779541 28.530000686645508 AB 3.0828610134046572 1.0603133322112155
60610.3415 lsst_hardware_g 0.1674788009247607 13.920000076293945 31.43000030517578 AB 3.6205363995123183 1.0819682927194079
60612.3272 lsst_hardware_r -13.572915807050544 21.969999313354492 31.5 AB 4.785315189324056 1.0651786731940025
60612.337 lsst_hardware_z 8.2932540499327 41.720001220703125 30.950000762939453 AB 5.301274325768389 1.0839574003072425
60614.324 lsst_hardware_i 35.695371697953625 30.100000381469727 31.25 AB 5.805491715092614 1.0692169651468992
60614.3356 lsst_hardware_r 28.48725409075823 21.979999542236328 31.479999542236328 AB 5.547002944262212 1.092736359371997
60616.3294 lsst_hardware_u -0.3027183496398131 2.640000104904175 28.420000076293945 AB 5.237245192798743 1.0910927484997381
60616.3421 lsst_hardware_g 41.81522841505489 13.079999923706055 31.3700008392334 AB 5.4841243481617035 1.122243689192528
60619.2616 lsst_hardware_g -4.184342601877452 12.899999618530273 31.40999984741211 AB 3.083063125680614 1.0170650293646186
60619.2723 lsst_hardware_r 1.4802764158255293 21.510000228881836 31.489999771118164 AB 3.150237978198134 1.0225832000211719
60623.283 lsst_hardware_z -8.62514963491168 40.84000015258789 30.950000762939453 AB 9.773068705728244 1.0436666767708367
60623.2943 lsst_hardware_i -4.714708639941813 29.959999084472656 31.239999771118164 AB 10.993764892072438 1.0603042766140385
60627.3143 lsst_hardware_i -8.88651118688842 43.349998474121094 31.280000686645508 AB 6.674902550285914 1.1283909361615774
60627.3267 lsst_hardware_r -1.4214014564244952 22.110000610351562 31.459999084472656 AB 6.91168787949854 1.1664967870662215
60628.3188 lsst_hardware_z 4.925699460445044 77.66000366210938 31.709999084472656 AB 6.020165619710024 1.1497642512814263
60630.2678 lsst_hardware_r -43.88571524215658 87.41000366210938 31.649999618530273 AB 4.251658442216714 1.048972024067613
60630.2803 lsst_hardware_z -52.94129878418247 62.13999938964844 30.979999542236328 AB 4.333611062771416 1.0691914296076523
60632.2638 lsst_hardware_r -62.89894864386161 62.7400016784668 31.639999389648438 AB 5.530757897543454 1.051075237085415
60632.2756 lsst_hardware_i 48.70452803065665 52.619998931884766 31.309999465942383 AB 5.726046641003547 1.0705892569886037
60634.3053 lsst_hardware_i 104.10853999677003 42.88999938964844 31.280000686645508 AB 4.775117658692801 1.158938816502193
60634.3172 lsst_hardware_z 103.35868735188836 48.560001373291016 30.950000762939453 AB 5.0319767287090436 1.2010924283827225
60641.2453 lsst_hardware_g -7.946419077352795 12.90999984741211 31.3799991607666 AB 4.077282223310013 1.0605494143087562
60641.2578 lsst_hardware_r 17.110349833523756 21.860000610351562 31.479999542236328 AB 4.797329783891719 1.08391778363617
60643.2402 lsst_hardware_i -3.774280399034391 29.940000534057617 31.239999771118164 AB 5.816695199088638 1.0611502689206274
60643.2513 lsst_hardware_z 69.63035920906236 41.4900016784668 30.940000534057617 AB 6.524145290157633 1.0817684115665118
60645.2453 lsst_hardware_r -42.108413549890194 21.790000915527344 31.479999542236328 AB 6.808212898205647 1.0806687140008964
60645.2569 lsst_hardware_g -3.5405421088384994 13.010000228881836 31.3799991607666 AB 7.629550334183972 1.1066942753385511
60653.1901 lsst_hardware_g 23.271914638916627 22.850000381469727 31.610000610351562 AB 9.969147660825788 1.0312555767897522
60653.202 lsst_hardware_r 52.8309682369857 27.479999542236328 31.549999237060547 AB 10.066587321191365 1.0448659988089157
60655.1244 lsst_hardware_z -72.78137862900054 47.790000915527344 30.969999313354492 AB 12.855661722362578 1.0233226800861068
60655.1381 lsst_hardware_r -9.186470386152854 49.349998474121094 31.6299991607666 AB 12.068155645425946 1.0164155261134018
60657.1332 lsst_hardware_i -70.24708203018199 56.779998779296875 31.329999923706055 AB 7.260041637458803 1.0162432303274243
60657.1456 lsst_hardware_z -17.320094867946896 54.0099983215332 30.979999542236328 AB 7.278007873183697 1.0146039623857661
60659.1292 lsst_hardware_r 175.6482160929048 81.66999816894531 31.65999984741211 AB 10.361258763563425 1.0158337597791232
60659.1414 lsst_hardware_z 78.52051602868033 58.88999938964844 30.979999542236328 AB 10.350952440933996 1.0146709948232382
60661.1734 lsst_hardware_i -7.381968390698506 55.189998626708984 31.31999969482422 AB 3.466982743496459 1.0366221388836132
60661.1862 lsst_hardware_z -58.4067354965176 53.38999938964844 30.979999542236328 AB 3.516542222037272 1.0534351855920079
60664.1243 lsst_hardware_z 120.43801501175852 40.15999984741211 30.950000762939453 AB 3.1452354122785735 1.0145920684769592
60664.1376 lsst_hardware_r -23.45629468172513 21.350000381469727 31.489999771118164 AB 4.223272207719941 1.0166760249686908
60666.168 lsst_hardware_g 1.0947610017018068 12.899999618530273 31.40999984741211 AB 6.019145216702312 1.0468837249136698
60666.1813 lsst_hardware_r -10.214102115506188 22.530000686645508 31.5 AB 6.154433489155335 1.067921827026646
60669.1119 lsst_hardware_i 7.7810177358599075 29.329999923706055 31.25 AB 7.6871729780139955 1.0145850828878316
60669.1239 lsst_hardware_z -63.117251939304495 40.130001068115234 30.950000762939453 AB 7.58768155141376 1.0166612172506155
60673.1122 lsst_hardware_g -5.555091047036834 12.859999656677246 31.40999984741211 AB 7.442316536103474 1.016409059627634
60673.1246 lsst_hardware_i 1.399112637022247 29.600000381469727 31.260000228881836 AB 7.556150576144943 1.022425516307698
60677.1052 lsst_hardware_u -0.002888470120406711 2.549999952316284 28.389999389648438 AB 5.16485075397251 1.01785500398532
60677.118 lsst_hardware_g 2.6340518525133385 12.680000305175781 31.3799991607666 AB 5.20840480578329 1.0255288812765524
60679.102 lsst_hardware_r 12.428523580875058 21.649999618530273 31.489999771118164 AB 2.343424386384944 1.018880167993454
60679.1151 lsst_hardware_i -22.52422460535934 29.649999618530273 31.239999771118164 AB 2.3635199217466734 1.0276173572811624
60681.1078 lsst_hardware_z -2.66123324728583 41.36000061035156 30.959999084472656 AB 8.797863033879766 1.0260995481203743
60681.1208 lsst_hardware_r 11.034404530687567 25.209999084472656 31.540000915527344 AB 8.929745294580192 1.0389364417153442
60683.0874 lsst_hardware_r -16.20166157152852 38.77000045776367 31.610000610351562 AB 5.89144026408196 1.0172856447706895
60683.0991 lsst_hardware_z -87.5859323301787 44.54999923706055 30.959999084472656 AB 5.8990090279495835 1.023659595317489
60685.0791 lsst_hardware_z -59.52350045771854 48.779998779296875 30.969999313354492 AB 9.215203637697078 1.0163080256264685
60685.093 lsst_hardware_i -58.72469977001358 46.86000061035156 31.309999465942383 AB 8.69006881353599 1.0232137149824059
60687.0781 lsst_hardware_z 30.962077983447205 54.43000030517578 30.979999542236328 AB 4.032332643980193 1.0179444983225479
60687.0908 lsst_hardware_r 2.0813486378412205 70.56999969482422 31.649999618530273 AB 5.692582610701161 1.025613562471495
60689.0665 lsst_hardware_y -98.89772659122762 50.95000076293945 30.059999465942383 AB 6.730323584324382 1.0158340105891779
60689.0791 lsst_hardware_g -102.95875066157227 83.87999725341797 31.739999771118164 AB 6.696734568946164 1.0212847879845712
60691.0682 lsst_hardware_r 16.00803925750652 42.83000183105469 31.6299991607666 AB 3.4207949278519894 1.0183968228198836
60691.0814 lsst_hardware_i 57.44381543340944 45.08000183105469 31.309999465942383 AB 3.4080735763900103 1.0268374740554416
