data/validation/pwv_sim_epoch_fit_epoch/57409697.ecsv
# %ECSV 0.9
# ---
# datatype:
# - {name: time, datatype: float64}
# - {name: band, datatype: string}
# - {name: flux, datatype: float64}
# - {name: fluxerr, datatype: float64}
# - {name: zp, datatype: float64}
# - {name: zpsys, datatype: string}
# - {name: pwv, datatype: float64}
# - {name: airmass, datatype: float64}
# meta: {SNID: '57409697', alt: 1024.0, c: -0.030332393944263458, dec: -57.58987, lat: -30.244573, lon: -70.7499537, ra: 269.742859, t0: 62393.46875,
#   x0: 3.3649626384968862e-06, x1: -0.12646101415157318, z: 0.7212666273117065}
# schema: astropy-2.0
time band flux fluxerr zp zpsys pwv airmass
[from data line 132]
62655.2528 lsst_hardware_u 0.6909598442744151 2.609999895095825 28.34000015258789 AB 9.911522501077494 1.1260108116496566
62675.1993 lsst_hardware_g -0.4133297469108565 13.989999771118164 31.389999389648438 AB 3.4729483691982983 1.1261485781171017
62675.212 lsst_hardware_r -3.1599387939600283 23.040000915527344 31.469999313354492 AB 3.4869020404334785 1.1296658878295154
62676.1909 lsst_hardware_i -13.684963424961872 31.290000915527344 31.239999771118164 AB 4.227175636703507 1.1257958107426758
62676.2027 lsst_hardware_r -5.310069880540616 23.170000076293945 31.489999771118164 AB 4.263167997361808 1.1273748505518468
62678.1968 lsst_hardware_u -5.2459175567435565 2.619999885559082 28.350000381469727 AB 6.893280249947843 1.1272585955407275
62678.2095 lsst_hardware_g -10.342713995082894 13.970000267028809 31.389999389648438 AB 6.68915903667134 1.1324761348766377
62680.1919 lsst_hardware_r 23.64029615946783 23.06999969482422 31.479999542236328 AB 6.578435386436726 1.12740966348537
62680.2044 lsst_hardware_i -15.96800266679775 31.350000381469727 31.229999542236328 AB 6.60919321423015 1.1326809278886993
62688.1893 lsst_hardware_r -44.7375203735239 23.040000915527344 31.479999542236328 AB 5.536599677528095 1.1370733549603922
62688.2019 lsst_hardware_z 24.359680304080648 42.56999969482422 30.940000534057617 AB 5.613391686729456 1.1482459471013235
62694.1267 lsst_hardware_r -139.7534198734182 82.19000244140625 31.6299991607666 AB 6.094680357850468 1.1285051890847675
62694.1381 lsst_hardware_i -57.58438150802495 67.87000274658203 31.31999969482422 AB 6.079133860952961 1.1259740435178665
62697.1216 lsst_hardware_z 17.73220067217228 75.33000183105469 30.979999542236328 AB 7.141898922137431 1.1275198929831491
62697.134 lsst_hardware_r 61.41515665716768 112.66000366210938 31.639999389648438 AB 7.798465319919712 1.1258070333361792
62699.1298 lsst_hardware_i 77.80558494822061 60.2599983215332 31.299999237060547 AB 1.801335916183269 1.125834947614543
62699.1418 lsst_hardware_z -37.027892416703 57.279998779296875 30.959999084472656 AB 1.8047114342685888 1.127944646417868
62704.1084 lsst_hardware_z -13.431393838729413 41.9900016784668 30.940000534057617 AB 5.494737343342119 1.1262592556171631
62704.1194 lsst_hardware_i -18.064083964127114 30.889999389648438 31.239999771118164 AB 5.511021785405979 1.126077193585202
62707.1086 lsst_hardware_u -0.28174977238235716 2.5 28.260000228881836 AB 5.971033204002691 1.1258665417182412
62707.1204 lsst_hardware_g 18.694216839601914 13.470000267028809 31.350000381469727 AB 6.01535756053968 1.128091059674879
62709.1129 lsst_hardware_r 6.322485393457137 22.6299991607666 31.469999313354492 AB 3.4196311552969503 1.1274748286504948
62709.1248 lsst_hardware_i 12.88700283180215 30.899999618530273 31.229999542236328 AB 3.445319689343748 1.1324596327414531
62716.1094 lsst_hardware_g -15.575167226132471 13.520000457763672 31.3700008392334 AB 2.024318503613031 1.1347076813974388
62716.1214 lsst_hardware_r -44.90372568902112 22.65999984741211 31.469999313354492 AB 1.963521032595932 1.1442430259885124
62718.0883 lsst_hardware_r 13.89166261753898 25.06999969482422 31.489999771118164 AB 2.697853663705358 1.1274724512246395
62722.0501 lsst_hardware_r -25.382664111975046 64.75 31.6299991607666 AB 4.4917097254935205 1.1285702827873167
62722.0621 lsst_hardware_z 91.24238367585473 56.310001373291016 30.969999313354492 AB 4.424042306528055 1.1259492614705549
62723.0497 lsst_hardware_y -29.823233047216544 53.720001220703125 30.020000457763672 AB 3.630381269764806 1.1277978470846555
62723.0618 lsst_hardware_r -79.37072804217577 73.94000244140625 31.6299991607666 AB 3.7112927166011187 1.1258282167757072
62725.0467 lsst_hardware_i -69.74150739655865 76.79000091552734 31.31999969482422 AB 3.719499330823395 1.1271210093404227
62725.0577 lsst_hardware_z 119.43358692178968 67.87000274658203 30.979999542236328 AB 3.7152102555473223 1.1258212895597948
62733.0332 lsst_hardware_u -5.4506857561734785 2.619999885559082 28.360000610351562 AB 3.102924050900678 1.1258795540278224
62733.0441 lsst_hardware_r -15.33436360843068 22.559999465942383 31.469999313354492 AB 2.5407072787144713 1.126699458409655
62738.0294 lsst_hardware_g -1.043388606037996 13.609999656677246 31.3799991607666 AB 4.860855685623069 1.1265018970157752
62738.0409 lsst_hardware_r 42.185555936098005 22.690000534057617 31.469999313354492 AB 4.935981758614619 1.130097134363063
62740.0354 lsst_hardware_i 0.6832001036804743 31.049999237060547 31.239999771118164 AB 1.7145206577788383 1.130080626900256
62740.0462 lsst_hardware_z -62.69423137410905 42.41999816894531 30.940000534057617 AB 1.8629593530482866 1.1362972571200283
62742.0304 lsst_hardware_r -18.917432611174572 22.690000534057617 31.479999542236328 AB 5.709660826628826 1.1302901765077356
62742.0409 lsst_hardware_g 26.284406160787178 13.699999809265137 31.389999389648438 AB 5.799395450541206 1.136412178619536
62744.0117 lsst_hardware_u -0.9694058869367147 2.559999942779541 28.309999465942383 AB 3.2193124465517275 1.1262900687644528
62744.0227 lsst_hardware_r -23.087160794440628 22.56999969482422 31.459999084472656 AB 3.036942705700636 1.1293248363311938
62747.0167 lsst_hardware_i -43.19201106172492 32.34000015258789 31.239999771118164 AB 1.8960277775399814 1.130269912095369
62747.0291 lsst_hardware_z -20.58230497679141 43.040000915527344 30.940000534057617 AB 2.001525582539645 1.1377691610836447
62748.0111 lsst_hardware_r 14.61345596443395 31.170000076293945 31.549999237060547 AB 2.029196643314244 1.129056415809845
62748.0218 lsst_hardware_z -33.33546328425435 44.08000183105469 30.940000534057617 AB 2.0251248770949246 1.1345767087697416
62751.0143 lsst_hardware_y 17.573703326106816 51.380001068115234 30.010000228881836 AB 2.8985786702267813 1.135028358385426
62751.0258 lsst_hardware_r 48.28129882131938 59.06999969482422 31.610000610351562 AB 2.9626946829621987 1.1442289014047304
