data/validation/pwv_sim_epoch_fit_epoch/57424307.ecsv
# %ECSV 0.9
# ---
# datatype:
# - {name: time, datatype: float64}
# - {name: band, datatype: string}
# - {name: flux, datatype: float64}
# - {name: fluxerr, datatype: float64}
# - {name: zp, datatype: float64}
# - {name: zpsys, datatype: string}
# - {name: pwv, datatype: float64}
# - {name: airmass, datatype: float64}
# meta: {SNID: '57424307', alt: 1024.0, c: -0.028539972379803658, dec: -1.940072, lat: -30.244573, lon: -70.7499537, ra: 333.984375, t0: 61333.8203125,
#   x0: 2.365771158182471e-06, x1: 1.2385399341583252, z: 0.8320167660713196}
# schema: astropy-2.0
time band flux fluxerr zp zpsys pwv airmass
61188.4072 lsst_hardware_i -57.207849622469155 33.31999969482422 31.25 AB 10.932536387556933 1.164439720324888
61188.4276 lsst_hardware_y -72.61794072655037 51.209999084472656 30.020000457763672 AB 10.025768581964412 1.14175704156296
61197.4394 lsst_hardware_i 8.796408491789586 75.5199966430664 31.309999465942383 AB 4.362678569641614 1.1480733078004248
61218.2887 lsst_hardware_i 1.1624400976795477 77.0 32.029998779296875 AB 8.970841995710952 1.2600087076704367
61218.3116 lsst_hardware_z -51.945067283216765 53.70000076293945 30.950000762939453 AB 8.037077310310048 1.1912075456218196
61221.3451 lsst_hardware_r 82.36900758259769 99.97000122070312 31.6299991607666 AB 4.071802205164205 1.1382227558229507
61221.3639 lsst_hardware_i -48.305115487035074 78.33999633789062 31.31999969482422 AB 4.113266573936656 1.1404620814980833
61224.334 lsst_hardware_z 110.06614633666827 78.97000122070312 30.989999771118164 AB 7.467703729391466 1.1392812432802608
61224.3541 lsst_hardware_i 43.20867749477979 88.77999877929688 31.31999969482422 AB 7.435685879104688 1.1396560470694324
61226.3423 lsst_hardware_z -74.91435318094545 97.58000183105469 31.729999542236328 AB 5.135132955546998 1.1376014522701006
61232.2993 lsst_hardware_g -9.293798612142915 15.109999656677246 31.420000076293945 AB 9.817912306431579 1.1485289160274417
61232.3177 lsst_hardware_r 26.56153754419751 24.309999465942383 31.489999771118164 AB 9.69887149029375 1.1375974536309121
61236.2987 lsst_hardware_r 5.576131104719574 24.190000534057617 31.479999542236328 AB 5.3656677983836465 1.1405192379878446
61236.3177 lsst_hardware_g 18.414257617797134 14.930000305175781 31.399999618530273 AB 5.414818899481288 1.1382644616584998
61239.29 lsst_hardware_r -14.536908769321101 24.290000915527344 31.489999771118164 AB 2.1663838528232637 1.1408024501438987
61239.3111 lsst_hardware_i -39.18420375623243 32.09000015258789 31.239999771118164 AB 2.04984798566862 1.1388044364825665
61243.2925 lsst_hardware_z -19.313891762203763 60.77000045776367 31.690000534057617 AB 5.570224069267522 1.137244603770421
61243.3123 lsst_hardware_i -22.805103466699215 45.41999816894531 31.979999542236328 AB 5.472959077821084 1.1466497125122739
61245.2487 lsst_hardware_r 20.75912380445808 45.20000076293945 31.59000015258789 AB 7.277306319843372 1.1692956434861612
61245.2689 lsst_hardware_z 6.81249397822501 47.439998626708984 30.950000762939453 AB 6.780336775096072 1.1439744854219793
61247.2487 lsst_hardware_y -42.22463184396244 51.5099983215332 30.010000228881836 AB 11.760158894474866 1.1605133650789732
61247.2693 lsst_hardware_r 53.316060861292634 62.95000076293945 31.6200008392334 AB 12.056377996741404 1.14019084516185
61252.2519 lsst_hardware_r 90.751609385285 150.4600067138672 31.6299991607666 AB 4.106292254276567 1.1424350146369007
61252.2725 lsst_hardware_z -90.98821992830702 102.44000244140625 30.989999771118164 AB 4.095548861917574 1.1378631770469272
61254.2512 lsst_hardware_r 55.31586065742931 101.0199966430664 31.639999389648438 AB 1.7782123956530635 1.139697097037695
61254.2721 lsst_hardware_i 151.1910653680045 84.04000091552734 31.31999969482422 AB 1.7558809061980722 1.139627393281241
61257.242 lsst_hardware_z -45.42030116364929 47.13999938964844 30.950000762939453 AB 1.1362028681494425 1.1401935455594314
61257.2618 lsst_hardware_i 1.9761834202244126 40.77000045776367 31.270000457763672 AB 0.4292155556139405 1.1387545141205584
61259.2381 lsst_hardware_u 1.5797524407127912 2.7899999618530273 28.43000030517578 AB 3.5898304683475555 1.1394478553713872
61259.259 lsst_hardware_g 9.328196283865159 15.300000190734863 31.43000030517578 AB 4.819172853604581 1.1398906873879915
61262.2515 lsst_hardware_r 16.16776954939317 24.479999542236328 31.479999542236328 AB 4.848581133431805 1.1402389637090493
61262.2715 lsst_hardware_i -38.4755838267437 32.400001525878906 31.229999542236328 AB 4.945512806356641 1.1597614601293642
61265.2065 lsst_hardware_i 13.014732979569006 32.459999084472656 31.25 AB 3.458393500751135 1.151454470035337
61265.2257 lsst_hardware_z -6.609599671939353 42.95000076293945 30.940000534057617 AB 3.998308840961467 1.1380385695336244
61269.2054 lsst_hardware_r 7.572424855528775 24.8700008392334 31.5 AB 5.046231744035514 1.1424999231807509
61269.2256 lsst_hardware_i -25.614145659955806 32.47999954223633 31.25 AB 4.779730967252279 1.137760287372597
61273.2086 lsst_hardware_z 45.33376495094946 45.90999984741211 30.950000762939453 AB 1.695967772050788 1.137279310679489
61273.2276 lsst_hardware_i 2.1496066315507236 37.47999954223633 31.260000228881836 AB 1.6076907259798783 1.1442638619073866
61275.2123 lsst_hardware_z 7.7679124382862685 72.62999725341797 31.709999084472656 AB 2.342929254413612 1.1386340131606734
61277.1996 lsst_hardware_r -144.0667215535888 86.6500015258789 31.6299991607666 AB 4.3765406560466245 1.1372561254343763
61277.2198 lsst_hardware_i -143.38314298149558 70.75 31.309999465942383 AB 3.8758027401388837 1.1469699847513344
61279.152 lsst_hardware_i -420.13784520459217 126.23999786376953 31.31999969482422 AB 2.3250565753886168 1.176449608056308
61279.1693 lsst_hardware_z -83.83226336864249 107.12000274658203 30.989999771118164 AB 2.6031643758325584 1.1503156764615812
61285.162 lsst_hardware_r -53.89860816344927 38.15999984741211 31.579999923706055 AB 3.489376825306414 1.1423101785158492
61285.1794 lsst_hardware_g 9.239750138683728 37.40999984741211 31.649999618530273 AB 2.8491024808951946 1.1373662598384011
61298.1229 lsst_hardware_i 14.51737626375796 32.416073191707866 31.25 AB 1.1843496897532195 1.145036760960251
61298.1401 lsst_hardware_z -15.054770043509636 43.08215460271224 30.940000534057617 AB 1.549001579962094 1.1372992510734905
61300.1254 lsst_hardware_r -15.854142968078254 26.722755143810673 31.520000457763672 AB 0.7203579262575615 1.1398068453427497
61300.1441 lsst_hardware_z 17.03858943297021 43.34834951810564 30.940000534057617 AB 0.6376495692154245 1.1386599450275436
61304.1035 lsst_hardware_r 15.695926090118368 56.805761924269596 31.6200008392334 AB 4.285795481665082 1.1477759725937553
61304.1243 lsst_hardware_i 18.62966093146207 51.28299538506044 31.299999237060547 AB 4.313663051831984 1.1372694573772697
61306.1035 lsst_hardware_z 52.67825949533626 75.04918808794878 30.979999542236328 AB 1.48606507011054 1.1431269770081076
61306.123 lsst_hardware_r -94.61401834399737 100.07266606255742 31.639999389648438 AB 1.4787316624697135 1.137485894207472
61308.1015 lsst_hardware_z 166.07261311628346 106.2904422947968 30.989999771118164 AB 5.743021484215629 1.1408843129918809
61308.1219 lsst_hardware_r 69.1114869662885 154.25966314414956 31.6299991607666 AB 5.704831192133497 1.1385373587281267
61312.067 lsst_hardware_z 292.22408384145496 55.092323568173775 30.959999084472656 AB 3.941637330530047 1.1672008677909527
61312.0877 lsst_hardware_r 283.2731576458504 61.6893042122632 31.610000610351562 AB 4.2374589417113135 1.142711236219595
61314.0694 lsst_hardware_u -0.36055526043936637 3.030834442042414 28.3799991607666 AB 6.600207035345926 1.1554984305577602
61314.0881 lsst_hardware_g 6.18349914142056 15.071559293602517 31.420000076293945 AB 7.234524393603121 1.1393848954410775
61316.0667 lsst_hardware_r 316.54981644000185 30.60411410139883 31.5 AB 3.286937437279077 1.1520986460847502
61316.0869 lsst_hardware_i 446.8349527344805 39.01015501919585 31.239999771118164 AB 4.00400722083602 1.1379330866340918
61318.0693 lsst_hardware_z 320.55677308644033 47.559361984351035 30.940000534057617 AB 3.239849204317091 1.1442165651834202
61318.0868 lsst_hardware_r 414.9725947321533 31.670162067047993 31.5 AB 4.039237901199279 1.1372528756807991
61320.0648 lsst_hardware_u -2.377622966082784 2.820629555367153 28.450000762939453 AB 5.2068208326897985 1.143476629557439
61320.0838 lsst_hardware_r 417.1352966309789 32.714410084210805 31.5 AB 9.224048332535626 1.1373672419891754
61322.0643 lsst_hardware_i 752.6156447675498 41.85958762031815 31.25 AB 3.7288579118138494 1.1403235204315039
61322.0834 lsst_hardware_z 524.2096728869747 48.254710900504605 30.940000534057617 AB 6.298459079265507 1.1384471901062658
61324.0672 lsst_hardware_r 590.3441951563314 34.31968169256184 31.510000228881836 AB 3.444372926815624 1.1375075716032637
61324.0862 lsst_hardware_u 1.85983593065416 3.0074839473206 28.459999084472656 AB 4.799206127570153 1.1426681256119413
61327.0358 lsst_hardware_u -3.220949849716806 2.9669656815096204 28.43000030517578 AB 8.326996014113014 1.1531239070955321
61327.0538 lsst_hardware_g 103.5235282107517 18.51093362087697 31.43000030517578 AB 8.20004704034018 1.1388954222694696
61329.0371 lsst_hardware_r 618.3264371678472 35.676950421983804 31.510000228881836 AB 8.95389285297218 1.1460371631984019
61329.0552 lsst_hardware_i 798.6210673468877 43.576887733769 31.239999771118164 AB 9.40070249989325 1.1373193329709705
61331.0375 lsst_hardware_z 642.3755420796375 51.12851975696072 30.940000534057617 AB 6.050481164738705 1.1416002197620199
61331.0547 lsst_hardware_r 624.7237541263714 41.89643867855718 31.559999465942383 AB 6.433592889847934 1.137481062561183
61333.0347 lsst_hardware_z 615.7017787507083 60.225403803526575 30.969999313354492 AB 3.415928227609553 1.1400995363885302
61333.0533 lsst_hardware_r 593.3246225391382 64.84026599791697 31.6200008392334 AB 3.2962185134904276 1.1384263106025365
61336.0359 lsst_hardware_i 839.4572479869221 94.53658860282523 31.31999969482422 AB 4.511519225150245 1.1373338942837954
61336.0538 lsst_hardware_z 693.5119177733559 83.6713563556633 30.979999542236328 AB 4.947727531600542 1.142926202725928
61341.0076 lsst_hardware_y 279.96760990603036 55.02408809345576 30.020000457763672 AB 4.07192232008292 1.1433701759874082
61341.0239 lsst_hardware_g 68.79962102481107 17.156186886379725 31.450000762939453 AB 4.031939275017872 1.13725252209988
61344.0049 lsst_hardware_z 574.4617855914823 61.99546754568421 30.969999313354492 AB 5.323426733065437 1.1399810981456044
61344.0211 lsst_hardware_i 687.5780948983688 42.07892218233202 31.260000228881836 AB 5.341830545450269 1.1378306715905884
61557.3627 lsst_hardware_u -0.1342458310703301 2.759999990463257 28.290000915527344 AB 8.375058265120096 1.2515497837068272
61557.3838 lsst_hardware_y 32.89201656926685 49.279998779296875 29.989999771118164 AB 7.402162635544008 1.1900583015344064
61560.4354 lsst_hardware_r -42.68560786659009 42.58000183105469 32.290000915527344 AB 12.733453370263717 1.1404113834310774
61571.3601 lsst_hardware_r 34.0052507870384 24.989999771118164 31.489999771118164 AB 13.084056764594544 1.1624073173946663
61573.3616 lsst_hardware_r 53.66708541798347 71.33000183105469 31.6200008392334 AB 3.8226651005167422 1.1529099529054214
61573.3851 lsst_hardware_i 93.6677842952472 56.13999938964844 31.299999237060547 AB 4.208607770092512 1.1374615594844626
61575.3573 lsst_hardware_z -75.82970613525526 91.76000213623047 31.729999542236328 AB 2.9460582946482967 1.1515537308071517
61575.3815 lsst_hardware_i 179.01595512930157 101.31999969482422 32.06999969482422 AB 3.317787559695147 1.1372997033833536
61579.3493 lsst_hardware_r -39.772074421234315 99.70999908447266 31.639999389648438 AB 3.964054706799872 1.1484188329977694
61579.3726 lsst_hardware_i 69.73967565305246 82.0999984741211 31.31999969482422 AB 3.9168562313645245 1.1372985573068237
61581.3726 lsst_hardware_z 113.66897372048633 113.19000244140625 32.15999984741211 AB 4.118751999793131 1.1381960205765673
61584.2358 lsst_hardware_r 3.6291341476893435 36.529998779296875 32.15999984741211 AB 9.573298397934131 1.572680339715697
61584.2672 lsst_hardware_i -107.74634852032634 51.27000045776367 31.979999542236328 AB 7.808595269266 1.3479363489152185
61588.3359 lsst_hardware_u 0.4226347011311453 2.740000009536743 28.3799991607666 AB 7.917062413248278 1.140047867124798
61588.3504 lsst_hardware_g 1.030714332707401 15.260000228881836 31.43000030517578 AB 7.886498456826476 1.1375304279282552
61590.3467 lsst_hardware_r 21.814877662255757 34.560001373291016 32.2400016784668 AB 8.16586383564242 1.1378616088124323
61590.3672 lsst_hardware_i 134.58253414108069 45.77000045776367 31.989999771118164 AB 8.488286944979379 1.1519694571458747
61597.1832 lsst_hardware_r -47.886705743793335 35.7400016784668 31.43000030517578 AB 13.767803509322029 1.7617902460316537
61597.2025 lsst_hardware_g -21.033758309988542 23.56999969482422 31.420000076293945 AB 12.111647439740015 1.5525762645481367
61599.311 lsst_hardware_r 16.23666070157432 24.350000381469727 31.5 AB 6.942374845097043 1.1380942369011546
61599.3334 lsst_hardware_i -1.689229137683764 32.040000915527344 31.239999771118164 AB 6.876694603574002 1.1432576232043623
61606.2873 lsst_hardware_z -101.78235771891241 91.16000366210938 30.989999771118164 AB 3.239677021246651 1.1397948943051428
61606.3075 lsst_hardware_i -204.91110740245813 106.76000213623047 31.31999969482422 AB 3.860058289087731 1.1393324347956704
61609.2679 lsst_hardware_z -34.12266579476034 103.61000061035156 31.729999542236328 AB 5.89310796185286 1.1479335033802078
61610.3066 lsst_hardware_r 32.666775811628234 70.12999725341797 31.6200008392334 AB 6.021537908548269 1.1458682984866904
61610.3248 lsst_hardware_i -26.699152205401223 61.25 31.299999237060547 AB 6.050993514154824 1.1697261771031942
61618.2541 lsst_hardware_r 13.738950518111634 24.399999618530273 31.489999771118164 AB 5.02536109722699 1.1400115914916231
61618.274 lsst_hardware_g -10.152950009520875 15.1899995803833 31.420000076293945 AB 5.031786954714965 1.1390361143268033
61621.2525 lsst_hardware_r -21.592354958704853 24.520000457763672 31.5 AB 1.0285179330418044 1.1377410763736775
61621.2704 lsst_hardware_i 34.71535512322121 32.310001373291016 31.239999771118164 AB 1.1009881779509592 1.141314628145431
61623.2418 lsst_hardware_z -43.043519652939146 43.25 30.93000030517578 AB 2.5701778724299658 1.1393895034600314
61623.2621 lsst_hardware_i 8.113012718925054 32.380001068115234 31.239999771118164 AB 1.4119210978778631 1.139795033604733
61625.2524 lsst_hardware_u -2.5850645879287053 2.7899999618530273 28.43000030517578 AB 3.5565846557674745 1.1381981456972476
61625.2708 lsst_hardware_g 8.743747710624556 15.239999771118164 31.420000076293945 AB 3.64366899237322 1.1510260854628855
61628.2087 lsst_hardware_y -3.772970943218524 70.19999694824219 30.770000457763672 AB 7.492314031967718 1.156399757982361
61628.2276 lsst_hardware_r 72.6146665216264 59.380001068115234 32.34000015258789 AB 7.380276786217001 1.1396350812564857
61643.174 lsst_hardware_z -21.874169848683717 43.119998931884766 30.940000534057617 AB 2.4735655286923133 1.1490259104365639
61643.1896 lsst_hardware_r 57.79197236507592 24.860000610351562 31.489999771118164 AB 2.4326639254386713 1.1384878555931537
61648.1443 lsst_hardware_u 2.9139838782020555 2.7200000286102295 28.329999923706055 AB 5.433504671914227 1.1717715488277392
61648.1613 lsst_hardware_r -13.749670095576418 25.0 31.489999771118164 AB 5.3530487417370125 1.148065929740566
61650.1589 lsst_hardware_i -18.73149852114554 32.45000076293945 31.239999771118164 AB 3.4861662557789224 1.1452582969050336
61650.1756 lsst_hardware_z -60.801741718346534 43.06999969482422 30.940000534057617 AB 2.8716872392321138 1.1374144922198688
61652.1304 lsst_hardware_z 37.15579961803265 43.95000076293945 30.940000534057617 AB 1.6483675468528851 1.1774053906092037
61652.15 lsst_hardware_r 1.0824007419087611 24.989999771118164 31.5 AB 1.6078213470798841 1.1484438193427744
61654.1323 lsst_hardware_y -17.262888464341682 49.0 30.0 AB 0.771354575813641 1.1643087936809675
61654.152 lsst_hardware_g -13.197526008070733 17.1299991607666 31.469999313354492 AB 0.7664315188626891 1.1422228298996857
61656.1283 lsst_hardware_r 5.4968403689644125 34.97999954223633 31.559999465942383 AB 3.037269137397256 1.1620350597407005
61656.1462 lsst_hardware_i -51.58834131375824 37.36000061035156 31.260000228881836 AB 3.038063231140413 1.1424511539495772
61673.1068 lsst_hardware_i 63.95931386326936 32.220001220703125 31.239999771118164 AB 5.729865385619844 1.1387986456563337
61673.1252 lsst_hardware_z 83.41803501128138 43.209999084472656 30.940000534057617 AB 6.19161298485911 1.1396305880469555
61677.0677 lsst_hardware_z 68.79291694243675 43.2400016784668 30.93000030517578 AB 3.9586671422701643 1.1672606262683594
61677.0862 lsst_hardware_r 15.065249217108262 24.239999771118164 31.479999542236328 AB 4.256197108336012 1.1444210110025352
61679.0672 lsst_hardware_u 0.6515687820808514 2.700000047683716 28.350000381469727 AB 6.617396090561091 1.1595227072999565
61679.0869 lsst_hardware_g -8.182921525929679 15.09000015258789 31.40999984741211 AB 7.19487226871674 1.1403538042133838
61681.0707 lsst_hardware_r -12.763159197649623 24.489999771118164 31.5 AB 3.3446236258055473 1.1485658055648469
61681.0888 lsst_hardware_z 44.292778665591925 42.779998779296875 30.940000534057617 AB 4.029081924761928 1.1377302121880446
61683.0704 lsst_hardware_r 4.549169428382625 25.8700008392334 31.510000228881836 AB 3.2400838244015118 1.1439627484057697
61683.0884 lsst_hardware_u -0.6297923543877352 3.2799999713897705 28.559999465942383 AB 4.020726638700425 1.1373245565943206
61685.0657 lsst_hardware_g 23.417897621691143 28.170000076293945 31.600000381469727 AB 5.016041272510906 1.1433875706650813
61685.0844 lsst_hardware_r 7.415742087445184 33.290000915527344 31.549999237060547 AB 9.378397609467553 1.137418856257779
61687.0627 lsst_hardware_i -52.285512132018006 50.720001220703125 31.299999237060547 AB 3.537008165547161 1.141706961118246
61687.0807 lsst_hardware_z 3.895558670408977 52.90999984741211 30.959999084472656 AB 3.6723604315153966 1.1376581262439271
61691.0468 lsst_hardware_z -120.75822797411632 124.94000244140625 31.729999542236328 AB 5.469720050120748 1.1453911630999365
61695.0349 lsst_hardware_r 23.141467702001382 56.75 31.610000610351562 AB 8.11447896667499 1.1462477645685685
61695.0534 lsst_hardware_y 4.235987290199997 52.540000915527344 30.030000686645508 AB 7.444231306755929 1.1373631392257793
61701.0334 lsst_hardware_i 62.91630210837777 32.04999923706055 31.239999771118164 AB 4.51033578062059 1.1378961288226024
61701.0518 lsst_hardware_z -91.89782571339362 42.900001525878906 30.940000534057617 AB 4.960062825674527 1.1412281451076611
61704.0063 lsst_hardware_y -10.191601620941132 52.63999938964844 30.020000457763672 AB 4.466384966649225 1.150240784612612
61704.0238 lsst_hardware_r -31.387505606116456 24.739999771118164 31.5 AB 4.414931966272689 1.138260218186101
61706.0078 lsst_hardware_y -3.2596897350699594 52.41999816894531 30.020000457763672 AB 4.058414921888582 1.143806168976067
61706.0258 lsst_hardware_g 14.232795130417239 15.5 31.440000534057617 AB 4.086240161135838 1.1373308422700297
61708.0098 lsst_hardware_y -38.93871780946452 52.08000183105469 30.020000457763672 AB 5.196069732346173 1.1393640461235668
61708.0272 lsst_hardware_z -13.20855480401805 42.880001068115234 30.940000534057617 AB 5.13249460153662 1.1386565949055174
61712.0098 lsst_hardware_z -22.482462587015146 49.31999969482422 30.950000762939453 AB 3.3451350473692245 1.1373497072715075
61712.029 lsst_hardware_r -30.022166552749987 25.6200008392334 31.489999771118164 AB 3.354569787838087 1.1466981186172067
