data/validation/pwv_sim_epoch_fit_epoch/5742982.ecsv
# %ECSV 0.9
# ---
# datatype:
# - {name: time, datatype: float64}
# - {name: band, datatype: string}
# - {name: flux, datatype: float64}
# - {name: fluxerr, datatype: float64}
# - {name: zp, datatype: float64}
# - {name: zpsys, datatype: string}
# - {name: pwv, datatype: float64}
# - {name: airmass, datatype: float64}
# meta: {SNID: '5742982', alt: 1024.0, c: 0.014522958546876907, dec: -47.161343, lat: -30.244573, lon: -70.7499537, ra: 84.694321, t0: 62184.7734375,
#   x0: 1.6059717391858798e-05, x1: -1.7804228067398071, z: 0.37701791524887085}
# schema: astropy-2.0
time band flux fluxerr zp zpsys pwv airmass
[from data line 132]
62510.1559 lsst_hardware_g 15.1710688617017 17.809999465942383 32.119998931884766 AB 6.7422509368109464 1.0534767088767103
62510.1698 lsst_hardware_r -67.66509475306472 30.290000915527344 32.22999954223633 AB 8.011108455333183 1.065188935889177
62514.1516 lsst_hardware_i -44.552023191524505 36.63999938964844 31.280000686645508 AB 5.261706261665865 1.0584094666083945
62514.1654 lsst_hardware_z -5.4716646375865645 43.790000915527344 30.959999084472656 AB 5.2946332627394215 1.072511802040396
62517.1009 lsst_hardware_r 37.371466042591265 58.529998779296875 31.639999389648438 AB 3.939965754669829 1.0465411394301956
62517.1128 lsst_hardware_z 38.71747078015607 50.290000915527344 30.969999313354492 AB 3.94951006663511 1.0451895644419742
62519.0995 lsst_hardware_y -60.80187446321694 51.68000030517578 30.049999237060547 AB 4.149236410428468 1.0456744985958892
62519.1121 lsst_hardware_r -15.37516530537521 77.95999908447266 31.649999618530273 AB 4.1185964699505995 1.045660798464132
62521.0984 lsst_hardware_i 151.4218844653619 63.630001068115234 31.329999923706055 AB 7.978369173698657 1.0452126124126206
62521.1113 lsst_hardware_z 50.36575958726998 58.400001525878906 30.979999542236328 AB 8.030150145971014 1.0466827614665006
62523.0969 lsst_hardware_r 87.4994638960093 58.5 31.639999389648438 AB 11.629739115931741 1.0452132219231642
62523.1103 lsst_hardware_g 17.379685278400622 64.95999908447266 31.719999313354492 AB 11.775894973945006 1.0481826183090908
62525.0934 lsst_hardware_r 46.884191884440824 30.479999542236328 31.559999465942383 AB 13.566794133523468 1.0453619217159802
62525.107 lsst_hardware_i 31.896390543983262 37.11000061035156 31.280000686645508 AB 13.614792878769844 1.0490940496830332
62527.0981 lsst_hardware_z -46.126858967712295 40.459999084472656 30.940000534057617 AB 14.30376004792317 1.04770262207824
62527.1112 lsst_hardware_i -38.0209038889187 29.520000457763672 31.239999771118164 AB 14.408489629367603 1.0546527159142334
62529.0932 lsst_hardware_u -0.8036574619770953 2.509999990463257 28.350000381469727 AB 12.9699814958086 1.0479099536081926
62529.1056 lsst_hardware_g -33.56973882364031 12.600000381469727 31.3700008392334 AB 12.959708301070549 1.0545564864471428
62531.0943 lsst_hardware_r 4.382332149358099 21.389999389648438 31.469999313354492 AB 13.269805352793627 1.0509280181197558
62531.1068 lsst_hardware_i -24.071896773891634 29.760000228881836 31.229999542236328 AB 13.38185352314419 1.0598018906800395
62533.089 lsst_hardware_z 54.6794396577332 40.54999923706055 30.940000534057617 AB 8.023288280307854 1.0510169570082155
62533.1013 lsst_hardware_u 1.976736365523866 2.569999933242798 28.399999618530273 AB 8.07614395015251 1.059768692610341
62535.0722 lsst_hardware_r 11.543124925634242 21.43000030517578 31.489999771118164 AB 8.093805363402122 1.0464548921587848
62535.0854 lsst_hardware_g 6.961296540647441 12.6899995803833 31.389999389648438 AB 7.662160998409827 1.0520851772537922
62539.0709 lsst_hardware_z 58.733675065144325 40.70000076293945 30.940000534057617 AB 6.459516845570984 1.0501145044618392
62539.0841 lsst_hardware_i 5.334552775206164 29.670000076293945 31.229999542236328 AB 5.8320935454171705 1.059064836793772
62541.0715 lsst_hardware_z -43.78502560706267 41.25 30.940000534057617 AB 6.292681938665219 1.0536534704115232
62541.0849 lsst_hardware_g 39.855793265714766 15.930000305175781 31.469999313354492 AB 6.327538903708823 1.0649434340042807
62543.0654 lsst_hardware_r 27.261219340985264 32.66999816894531 31.56999969482422 AB 1.0699121716558433 1.053235936002484
62543.0775 lsst_hardware_i 12.769398953175877 35.119998931884766 31.270000457763672 AB 1.0640727447661475 1.0630097350311303
62546.0635 lsst_hardware_z 10.926811598339683 68.7699966430664 31.709999084472656 AB 2.6696077015511497 1.0578289664051685
62548.0591 lsst_hardware_z -10.037857993100173 54.119998931884766 30.979999542236328 AB 2.5408997348587246 1.058708222857802
62548.0718 lsst_hardware_r 39.13844714339955 68.83999633789062 31.639999389648438 AB 2.5718683814769463 1.0716118256153944
62550.059 lsst_hardware_i -203.60552212670572 140.5800018310547 33.06999969482422 AB 4.874010351840737 1.063613824733385
62550.0713 lsst_hardware_z 116.42553339836456 82.11000061035156 31.729999542236328 AB 4.850469506968391 1.0778821126596425
62552.0539 lsst_hardware_i -8.09021399375743 52.220001220703125 31.31999969482422 AB 3.5699843143229537 1.063973072021544
62552.0672 lsst_hardware_z 20.066544903828532 52.779998779296875 30.969999313354492 AB 3.5706580780891826 1.0797272688506752
