data/validation/pwv_sim_epoch_fit_epoch/57478943.ecsv
# %ECSV 0.9
# ---
# datatype:
# - {name: time, datatype: float64}
# - {name: band, datatype: string}
# - {name: flux, datatype: float64}
# - {name: fluxerr, datatype: float64}
# - {name: zp, datatype: float64}
# - {name: zpsys, datatype: string}
# - {name: pwv, datatype: float64}
# - {name: airmass, datatype: float64}
# meta: {SNID: '57478943', alt: 1024.0, c: -0.066775843501091, dec: -9.896853, lat: -30.244573, lon: -70.7499537, ra: 32.519531, t0: 61701.52734375,
#   x0: 2.0905348149174275e-05, x1: -2.4176392555236816, z: 0.3366711437702179}
# schema: astropy-2.0
time band flux fluxerr zp zpsys pwv airmass
61616.4184 lsst_hardware_r -37.34911493857374 23.770000457763672 31.510000228881836 AB 4.024479192170153 1.071432539957444
61616.4371 lsst_hardware_z -79.92941950993789 54.959999084472656 30.979999542236328 AB 4.0302450626220025 1.067850314671319
61618.4132 lsst_hardware_z 3.3140151452201545 59.31999969482422 31.700000762939453 AB 6.734846299870746 1.071290503690999
61618.4339 lsst_hardware_y -5.76848452280351 77.61000061035156 30.799999237060547 AB 7.187739464400979 1.0683322628420004
61621.4133 lsst_hardware_u 0.25909112505212234 2.75 28.440000534057617 AB 2.2200859464867047 1.0681192910688981
61621.4317 lsst_hardware_y 33.300649061501616 54.79999923706055 30.049999237060547 AB 1.5512494201518583 1.0705655073511788
61623.3953 lsst_hardware_i -21.25602302831997 30.979999542236328 31.25 AB 3.0866491465199055 1.0739595163164353
61623.4168 lsst_hardware_y -11.26131311549772 47.59000015258789 30.040000915527344 AB 3.0332749544632716 1.0676786182552875
61625.3984 lsst_hardware_r -14.27219981535892 23.100000381469727 31.5 AB 1.4970334765639888 1.0693096261171349
61625.4183 lsst_hardware_y -59.7297646393488 47.529998779296875 30.040000915527344 AB 1.941806814283948 1.0694731857631437
61628.3959 lsst_hardware_g 17.17313707126924 14.329999923706055 31.40999984741211 AB 6.452166780585126 1.0677975640190527
61628.4146 lsst_hardware_y -84.99746669008029 47.630001068115234 30.030000686645508 AB 6.456032428454837 1.071629583941379
61648.2962 lsst_hardware_u -0.3578113329204727 2.640000104904175 28.3700008392334 AB 6.628125431605802 1.115705160393183
61648.3129 lsst_hardware_r -23.03263588418893 23.0 31.489999771118164 AB 6.474587298655534 1.088074497715351
61652.2745 lsst_hardware_r -49.229824107537084 23.510000228881836 31.479999542236328 AB 2.560769655542999 1.1404852978962288
61652.2925 lsst_hardware_z -1.8868327788500192 42.220001220703125 30.940000534057617 AB 2.5354938840932837 1.102228901938828
61656.27 lsst_hardware_g -1.9004622452238533 14.130000114440918 31.399999618530273 AB 3.151586281162778 1.1250308000343092
61656.2888 lsst_hardware_r -0.16428975808268928 23.030000686645508 31.489999771118164 AB 3.0663407960758553 1.0910950525711738
61677.2197 lsst_hardware_i -45.80312200877976 31.873230862874493 31.239999771118164 AB 5.111134798240199 1.1104322985639963
61677.2389 lsst_hardware_z -1.6011798585848118 42.36488239299339 30.940000534057617 AB 5.005888340536114 1.0819643387325895
61679.2143 lsst_hardware_i -84.28341142719978 32.4136315819872 31.239999771118164 AB 4.680447259838868 1.1103166377002354
61679.2322 lsst_hardware_u -3.3049769663366795 3.171542446884498 28.3799991607666 AB 4.55304020148264 1.0833263754172386
61681.2164 lsst_hardware_g -264.3595905314457 22.34371001889444 31.43000030517578 AB 3.5297156308632545 1.0972072212817081
61681.2352 lsst_hardware_r -256.56747188794833 28.318350764221535 31.489999771118164 AB 3.5196339523264037 1.075271962827894
61683.2059 lsst_hardware_i 98.10194652014746 32.631008888096986 31.239999771118164 AB 6.986833822001805 1.10565746886467
61683.2251 lsst_hardware_r -46.16142993232821 25.17695092910177 31.489999771118164 AB 7.242295060840829 1.0793286230760464
61685.2033 lsst_hardware_z 441.69702251544317 47.88225907130737 30.940000534057617 AB 5.038094245019585 1.1007215464767415
61685.2233 lsst_hardware_g -97.51629322841283 19.896214211995932 31.5 AB 4.327089188067271 1.0760557508406163
61687.2048 lsst_hardware_r 1090.4513173965277 50.26797001251804 31.600000381469727 AB 3.503972433559163 1.0902216656999422
61687.2232 lsst_hardware_i 733.3146760615939 47.04124553774685 31.280000686645508 AB 3.2917440530312856 1.0722293332351271
61690.2019 lsst_hardware_z 1691.324276574441 69.17299219943264 30.969999313354492 AB 6.77772778435483 1.0836273370850826
61690.2202 lsst_hardware_r 2693.506401410012 86.42766726526818 31.639999389648438 AB 5.8828115607449 1.0696021019536182
61691.2185 lsst_hardware_z 4119.127627387894 111.55187276467463 31.729999542236328 AB 6.2144005759860965 1.0692055015604405
61693.1734 lsst_hardware_z 2860.294681789269 99.67214212950647 30.989999771118164 AB 7.275838111567706 1.1155838870850399
61693.191 lsst_hardware_r 4282.761664191125 144.67380915714472 31.649999618530273 AB 7.184844251994657 1.08685623013231
61695.1806 lsst_hardware_i 3658.6705449900232 106.89206871008773 31.329999923706055 AB 7.089334813033382 1.0935409442303565
61695.1982 lsst_hardware_r 5314.942528228169 132.1913789211403 31.649999618530273 AB 7.015464871995391 1.0743437782535057
61697.1799 lsst_hardware_z 3428.3389307921675 78.55891330685662 30.969999313354492 AB 2.815444876028009 1.0870793304912032
61697.1972 lsst_hardware_g 5331.765372601324 96.55530418233288 31.709999084472656 AB 2.7817121872348363 1.0714690327668368
61701.1696 lsst_hardware_r 6366.359195852797 83.81257518372134 31.5 AB 3.530134500712833 1.0863066470549285
61701.1861 lsst_hardware_i 4581.846042631266 74.54666520847303 31.25 AB 3.5243897579170493 1.071568792313011
61704.1685 lsst_hardware_z 3345.463473634474 70.57237776370872 30.950000762939453 AB 1.3497183005659221 1.0786241080707955
61704.1855 lsst_hardware_r 6245.210725494704 82.75671294342666 31.510000228881836 AB 1.36436493053207 1.0684141977545123
61706.1423 lsst_hardware_i 4710.441260769535 74.94675992649032 31.25 AB 3.1547000451967104 1.1071065257752977
61706.1605 lsst_hardware_u 25.32827464946166 5.377151938760544 28.450000762939453 AB 3.1998952152098985 1.0811369930604549
61708.1499 lsst_hardware_g 2572.5000133112067 52.26895604473285 31.420000076293945 AB 6.050165393697006 1.0870350615276188
61708.1657 lsst_hardware_r 5379.469464177243 76.98637211430496 31.510000228881836 AB 5.958912015896597 1.0723253582682377
61710.0705 lsst_hardware_i 4052.0795149229643 71.02240953935903 31.219999313354492 AB 5.380861147612328 1.3239764972595434
61710.0896 lsst_hardware_r 4624.177058916446 72.52536123560117 31.479999542236328 AB 6.685344713666974 1.229206106856601
61712.151 lsst_hardware_u 3.586679465545862 3.661353395505622 28.3799991607666 AB 4.204936879871932 1.074927411666834
61712.1716 lsst_hardware_g 1731.7666233173352 43.226014916993925 31.43000030517578 AB 3.886766393981889 1.0674996962323233
61721.1176 lsst_hardware_z 1919.5187260939977 87.18419135033463 30.989999771118164 AB 3.7136950193322495 1.0832362720463538
61721.1374 lsst_hardware_r 2136.116453150306 117.20833342782196 31.649999618530273 AB 4.605604269326951 1.0689163552517025
61723.1167 lsst_hardware_i 2314.0602847926025 101.46764572858177 31.329999923706055 AB 3.2577511829219925 1.078546989876508
61723.1346 lsst_hardware_z 1602.5807597252478 88.05515884155133 30.989999771118164 AB 5.32632025846196 1.0681659023938954
61725.1191 lsst_hardware_i 2383.265018948 77.93250661654766 31.31999969482422 AB 6.2120772645904925 1.0724345730842457
61725.1374 lsst_hardware_z 1886.4587807272544 71.24915436202942 30.979999542236328 AB 6.252894186059801 1.0675781494303334
61727.1059 lsst_hardware_u 24.01870529233236 6.125785655010291 28.360000610351562 AB 5.921044951348873 1.0784327148241097
61727.1256 lsst_hardware_g 248.58847741573882 21.713717535414737 31.420000076293945 AB 5.149702427922025 1.0677937749047794
61730.0962 lsst_hardware_r 880.5972536179137 37.62803036277062 31.5 AB 3.54363153965053 1.0798816211031113
61730.1164 lsst_hardware_i 1785.02853325289 52.197882164185124 31.25 AB 3.4538162972431863 1.0679704073108183
61733.0968 lsst_hardware_z 1512.3048337887333 55.8773465835407 30.950000762939453 AB 8.517043643026835 1.0727205562399977
61733.1162 lsst_hardware_u -1.7832264034247909 2.897297688233693 28.3700008392334 AB 8.458207992656394 1.0676410139255768
61735.1022 lsst_hardware_g 190.4980534301274 19.590730711408632 31.420000076293945 AB 3.7516360816529417 1.068081446734091
61735.1196 lsst_hardware_r 527.665740483632 33.50147443094257 31.489999771118164 AB 3.8128803964474898 1.0701570519793362
61737.0731 lsst_hardware_r 457.77162628011774 32.12170670994204 31.489999771118164 AB 4.125219280393168 1.0841574981322386
61737.0929 lsst_hardware_i 1176.1310409261675 45.719720891378344 31.239999771118164 AB 4.134937569041513 1.0691960616379255
61739.071 lsst_hardware_z 945.3394776183015 51.315594838662676 30.950000762939453 AB 5.365259201402472 1.080507340932999
61739.0898 lsst_hardware_i 966.4189893005295 44.17337261863337 31.25 AB 5.386017694113717 1.0684423118654904
61741.0687 lsst_hardware_u 7.613041893597673 4.309039701464492 28.399999618530273 AB 6.744224910272721 1.077495658677575
61741.0879 lsst_hardware_g 245.33260260435938 20.164582042151665 31.420000076293945 AB 6.7618291320058095 1.0677134268128547
61743.0649 lsst_hardware_r 344.17510297190773 31.75054319859975 31.510000228881836 AB 3.7431255914363657 1.076074627407385
61743.0835 lsst_hardware_i 761.8737480530898 42.22041395258131 31.25 AB 2.7757354196546946 1.0675905460210364
61747.0663 lsst_hardware_z 460.1852093802726 56.8712154938524 30.969999313354492 AB 3.161942796094353 1.0689461785308834
61747.0878 lsst_hardware_r 417.46330926687216 60.333623817150134 31.6299991607666 AB 4.096431941643727 1.0706127256827775
61751.0407 lsst_hardware_y 145.2123328708712 61.531150086337306 30.049999237060547 AB 14.354450205729135 1.0781200865530232
61751.0598 lsst_hardware_i 591.639109822926 81.90364313666154 31.329999923706055 AB 14.500964999992968 1.0678308521208877
61753.0422 lsst_hardware_y 160.1632197899463 57.13279810689345 30.049999237060547 AB 8.474400645393178 1.0727089424548326
61753.0602 lsst_hardware_g 19.869965129969774 81.01266704285888 31.719999313354492 AB 8.433378850095366 1.0675163101386538
61757.0347 lsst_hardware_z 278.489564921092 59.27683904297064 30.979999542236328 AB 3.842393201970449 1.070751902457884
61757.0544 lsst_hardware_u 50.53800030498875 7.377797098324563 28.459999084472656 AB 4.28932515278201 1.0683250691860549
61759.0364 lsst_hardware_y 136.3645702415933 67.28686326545754 30.049999237060547 AB 5.205378978042988 1.0681352212124249
61759.0584 lsst_hardware_r 280.6594566636038 29.392853068272526 31.489999771118164 AB 5.556857786338293 1.0724936620194534
61977.4158 lsst_hardware_z -19.798506766740825 42.060001373291016 30.93000030517578 AB 7.342062191991574 1.0833660781297128
61977.4359 lsst_hardware_y 115.23090729803529 55.36000061035156 30.030000686645508 AB 6.425021746233399 1.0688773492319745
61980.416 lsst_hardware_u 3.4692593243562073 2.6700000762939453 28.360000610351562 AB 5.054203872388288 1.0753625260400612
61980.4352 lsst_hardware_y -97.51354899537637 56.7400016784668 30.049999237060547 AB 4.891587171522076 1.0675271170527936
61982.4113 lsst_hardware_r 3.149871882266735 23.719999313354492 31.5 AB 4.893822745326945 1.0747780553426673
61982.4329 lsst_hardware_y 30.258540253970455 52.86000061035156 30.040000915527344 AB 3.719362823176207 1.0676064172155788
61984.4144 lsst_hardware_r -10.655864574776832 33.15999984741211 32.25 AB 2.0204327814873597 1.069766739227335
61984.4354 lsst_hardware_y 52.39348461343476 87.83000183105469 30.799999237060547 AB 1.3201356820048198 1.0695131099147879
61991.382 lsst_hardware_r -81.54247395713907 80.41000366210938 31.649999618530273 AB 4.1224404922129505 1.0787963604883855
61991.4059 lsst_hardware_y -107.36967123633855 53.27000045776367 30.049999237060547 AB 4.082886885313851 1.0675144375058003
61993.3836 lsst_hardware_z -87.33829965686242 83.56999969482422 31.729999542236328 AB 6.442539146024512 1.073130531527361
61993.4087 lsst_hardware_y 43.809990742818826 75.23999786376953 30.799999237060547 AB 6.454809857040296 1.0687656026227825
61996.3731 lsst_hardware_r 8.855522431853888 39.29999923706055 31.610000610351562 AB 3.7616798004397927 1.0747656572685123
61996.3939 lsst_hardware_z -79.49254610213512 46.099998474121094 30.959999084472656 AB 3.8026305006294265 1.0675548850728318
62010.2692 lsst_hardware_i 4.562393902651738 45.68000030517578 31.979999542236328 AB 4.401361064469986 1.223279895628123
62010.2949 lsst_hardware_z 34.705789169157576 60.43000030517578 31.700000762939453 AB 3.5056589993087353 1.13900221995186
62012.3373 lsst_hardware_r -10.656888140477198 23.040000915527344 31.5 AB 2.8047942092551916 1.0700556530508774
62012.3566 lsst_hardware_u 1.0878072586092917 2.7300000190734863 28.459999084472656 AB 2.7866331020419723 1.068699176238532
62014.2849 lsst_hardware_z -16.4636787521284 50.040000915527344 30.959999084472656 AB 1.885004318701935 1.1366860213278
62014.3012 lsst_hardware_g -101.35405452585734 56.650001525878906 31.690000534057617 AB 1.6976960254931568 1.1025790066524803
62019.2723 lsst_hardware_z 61.34559733464271 75.80000305175781 30.979999542236328 AB 0.9758890315337113 1.1340953300798504
62019.2905 lsst_hardware_r 32.211169057326906 109.58000183105469 31.639999389648438 AB 0.8982164660809043 1.0977286478226755
62022.2734 lsst_hardware_i -74.73300506451388 69.48999786376953 31.31999969482422 AB 4.7883864007026995 1.113578232721558
62022.2921 lsst_hardware_r 42.74894843736743 82.16000366210938 31.639999389648438 AB 3.9610968390665047 1.0843407717127032
62029.2564 lsst_hardware_r 9.739933039403827 33.209999084472656 32.25 AB 4.429103916509606 1.1094949690655327
62029.2754 lsst_hardware_i 51.227929552297155 44.06999969482422 32.0 AB 4.363431658630913 1.0816637725908183
62032.2486 lsst_hardware_i 33.06770341910518 31.260000228881836 31.25 AB 6.640377679937562 1.1087623442874541
62032.2725 lsst_hardware_z -3.8804184084640547 41.709999084472656 30.950000762939453 AB 6.026928151485592 1.0766216776501594
62034.2473 lsst_hardware_i -8.932960083948062 31.299999237060547 31.25 AB 3.613289249256285 1.1013887164976857
62034.2668 lsst_hardware_u 1.4270441101926656 2.7699999809265137 28.479999542236328 AB 4.120203072359955 1.076825370103876
62036.2538 lsst_hardware_g -1.7320059658954357 14.4399995803833 31.43000030517578 AB 1.864498522517638 1.0844310910339112
62036.2725 lsst_hardware_r -61.681362449300934 23.31999969482422 31.5 AB 1.8199941005726972 1.0697457487692186
62038.2468 lsst_hardware_i -24.77075747294647 31.270000457763672 31.239999771118164 AB 6.511566170300548 1.086271864701967
62038.2657 lsst_hardware_r -25.807651873146952 23.200000762939453 31.479999542236328 AB 6.361369196449669 1.0703369371480094
62040.2284 lsst_hardware_z -26.181255976818388 61.81999969482422 31.690000534057617 AB 3.748889987451596 1.105758525450414
62042.2187 lsst_hardware_z 82.36106764305751 47.41999816894531 30.950000762939453 AB 5.1460804762247685 1.1137697847361998
62042.2371 lsst_hardware_r 6.95860743674586 44.689998626708984 31.610000610351562 AB 5.004110825736616 1.0848040810918749
62045.2193 lsst_hardware_i -33.607729826689905 68.33999633789062 31.31999969482422 AB 3.6815519622619433 1.0980693348033534
62045.2386 lsst_hardware_z 57.087751160825796 61.939998626708984 30.979999542236328 AB 3.649381529346119 1.0753242075420362
62047.2094 lsst_hardware_i 7.841437029483597 99.2699966430664 31.329999923706055 AB 2.8803479971237196 1.1055583407588923
62047.2282 lsst_hardware_z -108.70436447881846 83.5999984741211 30.989999771118164 AB 2.822639019923365 1.079678319491278
62049.2114 lsst_hardware_z 18.745286666790296 86.12000274658203 30.989999771118164 AB 5.378419373375821 1.093471002990476
62049.2292 lsst_hardware_r -16.599686107077265 123.19999694824219 31.649999618530273 AB 5.259183346964348 1.0741796051806267
62051.2067 lsst_hardware_i -17.418117722046386 65.08999633789062 31.31999969482422 AB 4.309422146999699 1.092375702661807
62051.2241 lsst_hardware_r -8.868997667943015 77.54000091552734 31.649999618530273 AB 3.4132808677569013 1.0739216154452758
62053.2023 lsst_hardware_z 25.008373538234327 48.11000061035156 30.959999084472656 AB 3.7286623401420282 1.0908900936635542
62053.221 lsst_hardware_g 62.85064754072164 45.91999816894531 31.700000762939453 AB 2.8128040267112993 1.0723614284069
62056.1813 lsst_hardware_g -2.675169723902681 14.609999656677246 31.420000076293945 AB 7.33127073406295 1.1121466526189823
62056.2007 lsst_hardware_r -9.838069805202798 23.530000686645508 31.5 AB 7.08102457041225 1.0827254694819954
