data/validation/pwv_sim_epoch_fit_epoch/57495285.ecsv
# %ECSV 0.9
# ---
# datatype:
# - {name: time, datatype: float64}
# - {name: band, datatype: string}
# - {name: flux, datatype: float64}
# - {name: fluxerr, datatype: float64}
# - {name: zp, datatype: float64}
# - {name: zpsys, datatype: string}
# - {name: pwv, datatype: float64}
# - {name: airmass, datatype: float64}
# meta: {SNID: '57495285', alt: 1024.0, c: 0.05855909734964371, dec: -1.790785, lat: -30.244573, lon: -70.7499537, ra: 338.730469, t0: 62780.828125,
#   x0: 5.832473508649119e-06, x1: -0.3951018452644348, z: 0.5759729743003845}
# schema: astropy-2.0
time band flux fluxerr zp zpsys pwv airmass
62656.4162 lsst_hardware_g -9.93994387400318 16.469999313354492 31.450000762939453 AB 13.382472775067058 1.147897220857938
62656.4361 lsst_hardware_y 75.96165060996655 60.22999954223633 30.020000457763672 AB 12.751851128560482 1.1391175245487053
62673.3715 lsst_hardware_z -158.21738498422985 62.65999984741211 30.969999313354492 AB 3.835154506399551 1.146447801031232
62673.3999 lsst_hardware_i 107.79997518899614 65.05000305175781 31.309999465942383 AB 3.4505448963395216 1.141493597509904
62677.393 lsst_hardware_u -1.2145358862464284 3.1600000858306885 28.450000762939453 AB 5.106185501005142 1.1437093049380898
62677.4132 lsst_hardware_g 37.67815065935853 18.219999313354492 31.479999542236328 AB 5.169988787313176 1.1661628843563554
62679.3524 lsst_hardware_r -54.44256362867245 24.760000228881836 31.489999771118164 AB 8.27160147318854 1.1488335379428527
62679.374 lsst_hardware_i 33.50322398389164 32.45000076293945 31.239999771118164 AB 8.201841582976623 1.1391446643023089
62681.3719 lsst_hardware_z 7.282074871304046 61.130001068115234 31.690000534057617 AB 2.4704680120695763 1.1395147657149123
62681.3944 lsst_hardware_u -3.71269950792544 3.8499999046325684 29.100000381469727 AB 2.6706082023538964 1.1551073539592978
62687.3356 lsst_hardware_r 35.11196448118272 24.479999542236328 31.489999771118164 AB 5.15683242360146 1.1446908820424995
62687.356 lsst_hardware_i -24.960295482767805 32.18000030517578 31.239999771118164 AB 5.1867544198157445 1.139612074076991
62689.3388 lsst_hardware_z -41.33087805962492 43.25 30.940000534057617 AB 1.80085463679751 1.1402625391289327
62689.3603 lsst_hardware_i -5.83655001488031 32.380001068115234 31.239999771118164 AB 1.7684372244769082 1.1437558851849454
62703.2558 lsst_hardware_r 64.15681724938 48.4900016784668 31.579999923706055 AB 5.565746123214887 1.2017589153335728
62703.2786 lsst_hardware_z 53.9561006861535 50.290000915527344 30.950000762939453 AB 5.340967962055221 1.1582263904991807
62705.1373 lsst_hardware_r -39.251087101066126 36.720001220703125 32.0 AB 12.828725758749831 2.211849268749971
62705.1609 lsst_hardware_i 16.332306805590292 51.29999923706055 31.8799991607666 AB 10.402723610369476 1.7935730362705993
62712.2285 lsst_hardware_g 3.3565537383130986 21.350000381469727 32.150001525878906 AB 5.439888704110137 1.2088641564689193
62712.2508 lsst_hardware_r 2.328466302113812 34.619998931884766 32.2400016784668 AB 5.1203918557078545 1.1627784620194586
62717.2266 lsst_hardware_i -64.09169890941997 32.56999969482422 31.219999313354492 AB 1.847709396541348 1.1812739881990504
62717.2482 lsst_hardware_z -20.842526457858444 43.20000076293945 30.93000030517578 AB 1.7584046461416603 1.1492840824455295
62721.224 lsst_hardware_r -66.74912482232708 39.790000915527344 31.579999923706055 AB 3.6152782991596535 1.1662188061805334
62721.2457 lsst_hardware_g -23.77632820511628 30.860000610351562 31.6200008392334 AB 3.5427805773507335 1.1428324443066882
62724.2225 lsst_hardware_r -2.1438055499674142 82.41000366210938 31.6200008392334 AB 7.405521908460672 1.1566308686683682
62724.2423 lsst_hardware_i 25.802172037920982 67.12999725341797 31.309999465942383 AB 7.397922473327196 1.140598592865741
62730.1887 lsst_hardware_i -26.744589461139505 68.77999877929688 31.309999465942383 AB 5.243584500014982 1.1863089685371653
62730.2111 lsst_hardware_z 58.82333157173813 63.4900016784668 30.969999313354492 AB 4.9361747681076515 1.1508917622074264
62734.2079 lsst_hardware_g -10.809398809467336 15.5600004196167 31.43000030517578 AB 1.982278764759508 1.1442825272808397
62734.227 lsst_hardware_r 2.669692866902622 25.65999984741211 31.5 AB 1.5744139836815119 1.1395034863798639
62737.2067 lsst_hardware_i -3.6982953719502127 32.650001525878906 31.25 AB 3.3928371398689094 1.140641163176638
62737.2261 lsst_hardware_z -51.366860857821614 43.47999954223633 30.940000534057617 AB 2.9643708745186568 1.141972728546513
62739.1864 lsst_hardware_r -0.4386761214885691 25.079999923706055 31.510000228881836 AB 2.5115410045416073 1.1510270414947787
62739.2046 lsst_hardware_g 48.11327499758401 15.800000190734863 31.459999084472656 AB 2.438612035569618 1.1396714735691635
62741.1871 lsst_hardware_r -28.11655168549266 24.93000030517578 31.489999771118164 AB 4.925631745489588 1.1454957547650206
62741.2033 lsst_hardware_i -18.66606331198762 32.47999954223633 31.239999771118164 AB 4.898422990071689 1.139168137225974
62743.1831 lsst_hardware_z 64.17100169435459 43.2599983215332 30.940000534057617 AB 3.9243815347792848 1.144440409666126
62743.2003 lsst_hardware_i 47.851417419076625 32.58000183105469 31.25 AB 3.8919045984564997 1.1392329596650346
62745.1508 lsst_hardware_r 0.18279404875402486 25.110000610351562 31.479999542236328 AB 1.5339769926157703 1.179982302012131
62745.1678 lsst_hardware_u -3.215694719751928 2.740000009536743 28.360000610351562 AB 1.914154191717612 1.1534523601793383
62746.0974 lsst_hardware_g 39.92837074649992 16.06999969482422 31.3700008392334 AB 3.9644314342509586 1.3621525328850825
62746.1141 lsst_hardware_r -31.091229644549752 25.559999465942383 31.479999542236328 AB 3.7259497581344747 1.2816429827900504
62750.1703 lsst_hardware_r -90.3764970935341 41.776099608955704 31.59000015258789 AB 0.7099823547692873 1.1409921330155615
62750.1907 lsst_hardware_z 94.87874248833451 47.67106830498844 30.950000762939453 AB 0.7503093784628087 1.1420234070971214
62752.1376 lsst_hardware_z 64.59680503751672 59.96711993658345 30.969999313354492 AB 3.1028423763163864 1.1691192073535743
62752.1555 lsst_hardware_r 36.259370979620655 74.55505599819317 31.6299991607666 AB 3.0058885927987316 1.1467386143247427
62754.1304 lsst_hardware_i -127.80920146221897 113.10581297272441 31.31999969482422 AB 4.259126005161447 1.1721289804132042
62754.1497 lsst_hardware_z -18.91918050041948 95.5318576423515 30.989999771118164 AB 4.136544935140447 1.1470223500713608
62756.1313 lsst_hardware_r -48.80198412895067 159.1773272609604 31.639999389648438 AB 4.035140472171628 1.1618601993007855
62756.1491 lsst_hardware_z -83.05796041088345 106.94948483640259 30.989999771118164 AB 3.9752504667690496 1.1434633875360418
62759.1274 lsst_hardware_g 81.80207802776687 69.45003360002036 31.68000030517578 AB 1.593626018725131 1.1560580476787314
62759.1462 lsst_hardware_r 223.99182069442196 71.97252873272015 31.6200008392334 AB 1.552067585091875 1.1408067512617706
62761.1259 lsst_hardware_i 336.5694280610227 37.466933881243 31.25 AB 0.7745655997091895 1.151485034255485
62761.1437 lsst_hardware_z 271.8943080486614 48.953656794474725 30.950000762939453 AB 0.7561128287145299 1.1398685860018039
62763.1054 lsst_hardware_z 388.72778448916023 47.87898883175308 30.940000534057617 AB 6.529877557827712 1.1728914305760796
62763.1249 lsst_hardware_r 575.6227130001303 33.91485241710352 31.5 AB 6.362074868688601 1.1472155199895295
62766.1059 lsst_hardware_u 5.523279267710327 4.136759235141482 28.420000076293945 AB 3.774473401754512 1.1591769673198071
62766.1254 lsst_hardware_r 874.3175854149347 38.453568239820946 31.5 AB 3.8623269313528747 1.1415182300437396
62770.159 lsst_hardware_g 386.2574933282647 25.144174292558773 31.40999984741211 AB 3.3491837414590337 1.1657444279356193
62770.1808 lsst_hardware_r 1355.3980079693165 44.40900643864863 31.479999542236328 AB 4.118620269436098 1.2127559500707106
62773.1028 lsst_hardware_i 1485.1320492429684 50.05592420333607 31.239999771118164 AB 4.259802849122841 1.1433921799600848
62773.1223 lsst_hardware_z 1066.0026711853197 54.249786716349305 30.940000534057617 AB 4.24059700047382 1.139894359699101
62775.1009 lsst_hardware_r 1664.9900491265385 48.82123248921624 31.489999771118164 AB 7.240626620897901 1.141484529950572
62775.1203 lsst_hardware_g 436.0761367232839 26.59242197728161 31.420000076293945 AB 7.247731630733534 1.1410456242135132
62778.0815 lsst_hardware_i 1811.4663426620243 55.98967019201416 31.260000228881836 AB 2.679346458226127 1.1494407800197886
62778.1004 lsst_hardware_z 1359.9105943466773 57.74887584396301 30.950000762939453 AB 2.3925398221620053 1.1393046772200024
62782.0674 lsst_hardware_y 1260.6162254717701 95.790998982325 30.780000686645508 AB 5.675562685166923 1.1527496060052653
62782.0928 lsst_hardware_r 4510.238882617251 178.38294975913664 32.38999938964844 AB 10.04347024656103 1.1391782655343001
62786.065 lsst_hardware_r 1913.66270970578 111.06653733117278 31.6299991607666 AB 6.073866506363998 1.1449324234426776
62786.0829 lsst_hardware_z 1329.5008717817184 80.69911457364057 30.979999542236328 AB 6.130048265701894 1.1392377139293117
62788.065 lsst_hardware_r 1641.6002025483735 62.49740644346089 31.600000381469727 AB 8.220038314211006 1.141671988084862
62788.0834 lsst_hardware_i 1537.5144914599248 64.29112512475176 31.290000915527344 AB 8.235937484125557 1.1405141054700607
62790.0376 lsst_hardware_i 1498.486085723098 49.857422241091555 31.239999771118164 AB 9.093422541571137 1.1631392352994547
62790.0563 lsst_hardware_z 1305.2815534125436 55.38725008646195 30.940000534057617 AB 9.449411919798084 1.1434428750966308
62792.0369 lsst_hardware_r 1289.9066944353974 42.90027142972928 31.489999771118164 AB 6.118952198934929 1.156555985181708
62792.0538 lsst_hardware_u -0.6102255553976031 2.719764007021908 28.3700008392334 AB 6.570710053106917 1.1418055004240473
62795.0371 lsst_hardware_g 85.20293853178232 19.02674149570845 31.440000534057617 AB 3.8166690035611426 1.1475827622834807
62795.0555 lsst_hardware_r 1077.4503767039203 40.558131283497374 31.5 AB 3.4588515555043458 1.1391853620437733
62798.0376 lsst_hardware_r 916.8248104819073 38.00255099164284 31.489999771118164 AB 3.25845870845011 1.1417164360371794
62798.0581 lsst_hardware_g 107.25591636700618 17.96117225982155 31.40999984741211 AB 4.111341864652748 1.1412996755767784
62800.0405 lsst_hardware_r 708.629413378287 36.60575018311091 31.5 AB 4.467040047982756 1.1392846183037868
62800.0569 lsst_hardware_i 977.9906389893573 44.73412646653182 31.239999771118164 AB 2.5089935645152037 1.143570448730722
62802.0088 lsst_hardware_y 334.2915771394671 54.557044831211115 30.020000457763672 AB 4.144126470426978 1.157577226376251
62802.0273 lsst_hardware_z 902.5972206656461 52.19553084142163 30.950000762939453 AB 4.062339839099754 1.1414273220285243
62804.0093 lsst_hardware_y 247.96984259952274 54.975878412490204 30.020000457763672 AB 5.229945385512902 1.1506397636022005
62804.0261 lsst_hardware_u -3.5024910379769456 3.1075738705897513 28.559999465942383 AB 5.136749689326404 1.1399167133040564
62808.0098 lsst_hardware_y 315.0555533390141 60.24777949276824 30.030000686645508 AB 3.358687889817602 1.1419576890638963
62808.0279 lsst_hardware_r 366.0705454560799 57.450857702107406 31.610000610351562 AB 3.318995778984746 1.1402218536449171
62814.0224 lsst_hardware_z 1377.752939090702 105.0057449737684 31.729999542236328 AB 10.187126842718888 1.1462308683790592
63033.3629 lsst_hardware_g -6.632345532067026 16.049999237060547 31.440000534057617 AB 7.831096446095314 1.1776970367840436
63033.3834 lsst_hardware_r -14.08905481165718 25.459999084472656 31.510000228881836 AB 8.04041664852052 1.1486309497886455
63034.4183 lsst_hardware_i 27.08551458095035 32.90999984741211 31.239999771118164 AB 4.120060109817893 1.1457076290829076
63034.4332 lsst_hardware_z -66.08187621067292 46.380001068115234 30.940000534057617 AB 4.167322037808891 1.1623248524941123
63037.3943 lsst_hardware_r -16.315111627395684 25.149999618530273 31.510000228881836 AB 4.346979462095626 1.1392201957926034
63037.4132 lsst_hardware_g -27.116333739171 15.880000114440918 31.450000762939453 AB 4.378852672376754 1.148300525972925
63043.3756 lsst_hardware_r -34.56787552280582 24.899999618530273 31.5 AB 6.15174057003879 1.13921121667385
63043.3949 lsst_hardware_i 47.68498736807558 32.68000030517578 31.239999771118164 AB 6.191872695861667 1.1466430918262345
63045.3646 lsst_hardware_z -57.93481842608272 43.400001525878906 30.940000534057617 AB 5.77287400850199 1.1401518804132065
63045.386 lsst_hardware_i -0.6334350149975428 32.59000015258789 31.239999771118164 AB 5.9349691172166015 1.1440904322345142
63047.3312 lsst_hardware_r -23.28137646597839 24.729999542236328 31.5 AB 4.153185942714619 1.1662157789300946
63047.3514 lsst_hardware_u 0.9044178205099339 2.759999990463257 28.399999618530273 AB 4.1251809846740635 1.1437655225528172
63049.3321 lsst_hardware_y 42.996137691930336 50.5099983215332 30.010000228881836 AB 9.067958264681927 1.1570577827229467
63049.3526 lsst_hardware_r 23.13227362973762 46.65999984741211 31.600000381469727 AB 7.912767090191025 1.1404968420569364
63057.3202 lsst_hardware_r 58.17190062704946 84.27999877929688 32.369998931884766 AB 9.076435357246062 1.1466177943673308
63057.3416 lsst_hardware_z -116.49617335392972 77.61000061035156 31.719999313354492 AB 9.106057086055705 1.1394202939737352
63067.294 lsst_hardware_g -14.735017669855598 15.119999885559082 31.420000076293945 AB 3.7176681646921024 1.1457487216864481
63067.3087 lsst_hardware_r -9.013157676648463 24.299999237060547 31.479999542236328 AB 3.6712081510176926 1.1393306388448112
63069.306 lsst_hardware_i -58.186796379604736 32.189998626708984 31.239999771118164 AB 5.4989384533321655 1.139204154408984
63069.326 lsst_hardware_z 27.573369097466802 43.33000183105469 30.940000534057617 AB 5.545956121461026 1.1484688592795662
63077.3477 lsst_hardware_z 60.12448710625169 44.40999984741211 30.93000030517578 AB 5.923729383381258 1.2364070860900476
63077.3659 lsst_hardware_i 38.295903764292 33.59000015258789 31.219999313354492 AB 6.246013641441252 1.3074039961851183
63083.166 lsst_hardware_i 7.3776235240743695 124.23999786376953 31.260000228881836 AB 2.858891436617531 1.4136598499839446
63083.1944 lsst_hardware_z -72.86903670427324 99.44000244140625 30.969999313354492 AB 2.1269401289910235 1.2690573561998948
63085.259 lsst_hardware_r -85.31393999852754 99.91000366210938 32.380001068115234 AB 4.817120028496177 1.1394051276674775
63085.2795 lsst_hardware_z 32.75751237379713 83.58999633789062 31.719999313354492 AB 4.88342728214855 1.1460754006450484
63088.2073 lsst_hardware_r -30.056125274937827 24.770000457763672 31.479999542236328 AB 4.974032778648376 1.1890118195973391
63088.2259 lsst_hardware_i -25.632876078957764 34.290000915527344 31.25 AB 5.211903881349818 1.1567228277980126
63094.2245 lsst_hardware_g 3.195818674764616 15.569999694824219 31.440000534057617 AB 5.106585049929741 1.1429241383011954
63094.2475 lsst_hardware_r 49.75841403390024 24.809999465942383 31.5 AB 5.024814582676653 1.1414844576730243
63099.2221 lsst_hardware_i -6.754482461704218 32.41999816894531 31.25 AB 1.6315349829071195 1.139273773342184
63099.2433 lsst_hardware_z 67.43937226979841 43.209999084472656 30.940000534057617 AB 1.6991749716395244 1.1477680641527888
63102.1833 lsst_hardware_r -37.72588828962865 24.93000030517578 31.489999771118164 AB 3.482556468224485 1.162757786892235
63102.2006 lsst_hardware_i 11.476161146944309 32.61000061035156 31.239999771118164 AB 3.4043086319194815 1.1442092704544093
63108.1471 lsst_hardware_i 13.48024375792304 80.0999984741211 31.309999465942383 AB 4.945807415853369 1.2023112248088739
63108.1651 lsst_hardware_z -0.16053487606628344 71.18000030517578 30.979999542236328 AB 4.800863030166182 1.165540915311042
63110.1514 lsst_hardware_r 44.16785091684127 178.19000244140625 31.6200008392334 AB 1.5343074513563606 1.1802365010433542
63110.1697 lsst_hardware_z 163.15666675836312 116.97000122070312 30.989999771118164 AB 1.7478369522174737 1.1521667450345905
63113.1615 lsst_hardware_y -104.36063193132068 54.86000061035156 30.010000228881836 AB 1.6130475987650583 1.152176856260756
63113.1812 lsst_hardware_r 72.03596263485099 81.2300033569336 31.6299991607666 AB 1.7094494653603602 1.139632976906907
63115.1636 lsst_hardware_i 5.816501571927603 42.11000061035156 31.280000686645508 AB 0.6943219563514349 1.1452733300642226
63115.1824 lsst_hardware_z -45.907463588045395 49.11000061035156 30.950000762939453 AB 0.7596539817790033 1.139338555348556
63121.1259 lsst_hardware_u 2.565926831178234 2.680000066757202 28.309999465942383 AB 4.025159739259501 1.1717225061523513
63121.1445 lsst_hardware_r -36.60849980464901 24.780000686645508 31.489999771118164 AB 3.939203101692635 1.1474521123485684
63123.1272 lsst_hardware_i 23.13685440170518 32.779998779296875 31.229999542236328 AB 1.970734868520552 1.1609631036939922
63123.1455 lsst_hardware_z 19.042144033861316 43.470001220703125 30.93000030517578 AB 1.9354742065603885 1.142827854092637
63125.1287 lsst_hardware_r 4.5103304643641575 24.860000610351562 31.5 AB 3.664724004609367 1.1522175716014464
63125.1475 lsst_hardware_u -0.678324886265867 2.759999990463257 28.389999389648438 AB 3.646710792600724 1.13983458822694
63128.1039 lsst_hardware_u 0.9860619937641454 2.799999952316284 28.40999984741211 AB 6.603879921527817 1.1770223244167923
63128.1239 lsst_hardware_g -7.924607746104512 15.550000190734863 31.440000534057617 AB 6.443934051268119 1.1487878627171593
63136.1005 lsst_hardware_i -40.28807347596821 71.95999908447266 31.309999465942383 AB 3.71977148404949 1.1502965547891735
63136.1204 lsst_hardware_z 12.35189150318445 66.94000244140625 30.969999313354492 AB 3.7379856135622282 1.1393402936943544
63142.1075 lsst_hardware_i -0.7462336804143311 60.209999084472656 31.309999465942383 AB 3.9934493052000932 1.1392495165083392
63144.0446 lsst_hardware_z -19.294904419514648 43.97999954223633 30.93000030517578 AB 3.42831132933528 1.2134899401812094
63148.0647 lsst_hardware_i 18.736627802053153 32.36000061035156 31.239999771118164 AB 3.4145417352597884 1.1535613970472258
63148.0826 lsst_hardware_z 14.206473698822142 43.130001068115234 30.940000534057617 AB 3.8363935147806543 1.1404261340005417
63150.0675 lsst_hardware_r 6.377068731591089 24.549999237060547 31.5 AB 3.440088982841819 1.145677947216098
63150.0855 lsst_hardware_u -5.363915543031459 2.7699999809265137 28.40999984741211 AB 4.784817640615303 1.139242295384596
63152.0692 lsst_hardware_g -2.1780468639797843 15.180000305175781 31.43000030517578 AB 5.509992836406785 1.1413760406848668
63152.0876 lsst_hardware_r -3.334038132316415 24.34000015258789 31.489999771118164 AB 5.973502458112658 1.1408522647274435
63154.0654 lsst_hardware_i -29.543853139203815 32.220001220703125 31.239999771118164 AB 6.766301783172198 1.140708364681983
63154.0828 lsst_hardware_z 6.716772657517268 43.119998931884766 30.940000534057617 AB 6.791721114947008 1.14111412981104
63156.0382 lsst_hardware_z -43.76840394254816 43.279998779296875 30.940000534057617 AB 8.20096056104925 1.159419494964516
63156.0568 lsst_hardware_r 21.404205065806124 24.469999313354492 31.5 AB 7.459453190426453 1.1420735191650029
63158.0356 lsst_hardware_u -2.9156639304125624 2.75 28.389999389648438 AB 4.683459472564901 1.155696353501459
63158.0528 lsst_hardware_r -41.01338233616933 24.489999771118164 31.5 AB 4.308054920401279 1.141382974075803
63162.0373 lsst_hardware_r 24.203117993334995 36.380001068115234 31.56999969482422 AB 4.533722988273854 1.1438685475649941
63162.0556 lsst_hardware_z 55.02426742697942 46.31999969482422 30.950000762939453 AB 4.980127522276521 1.1395520902182992
63164.0338 lsst_hardware_y 72.06558699921558 55.31999969482422 30.020000457763672 AB 4.125102714912961 1.14268773266287
63164.0506 lsst_hardware_r 129.2652297941988 76.52999877929688 31.6200008392334 AB 4.3588225472440225 1.1396359362687816
63167.0087 lsst_hardware_z 84.33926039769212 78.69000244140625 30.979999542236328 AB 4.125520447733795 1.1586913208070648
63167.0267 lsst_hardware_i -13.375415504984256 87.01000213623047 31.31999969482422 AB 4.0540929714503475 1.1421052600573802
63169.0082 lsst_hardware_y -98.25369569005996 62.0 30.020000457763672 AB 5.237465195216748 1.1526111785248911
63169.0251 lsst_hardware_r -45.84310613629669 97.41000366210938 31.6299991607666 AB 5.193731898434657 1.1404769210440617
63171.012 lsst_hardware_y 50.53699599914975 51.630001068115234 30.020000457763672 AB 4.780322636818405 1.1443479022067393
63171.0298 lsst_hardware_r -67.73935256445468 46.52000045776367 31.610000610351562 AB 4.760871652968486 1.1393733763236775
