data/validation/pwv_sim_epoch_fit_epoch/57527995.ecsv
# %ECSV 0.9
# ---
# datatype:
# - {name: time, datatype: float64}
# - {name: band, datatype: string}
# - {name: flux, datatype: float64}
# - {name: fluxerr, datatype: float64}
# - {name: zp, datatype: float64}
# - {name: zpsys, datatype: string}
# - {name: pwv, datatype: float64}
# - {name: airmass, datatype: float64}
# meta: {SNID: '57527995', alt: 1024.0, c: 0.12005538493394852, dec: -38.873585, lat: -30.244573, lon: -70.7499537, ra: 71.367188, t0: 62086.91796875,
#   x0: 5.8905261068908044e-06, x1: -0.3992708921432495, z: 0.57361900806427}
# schema: astropy-2.0
time band flux fluxerr zp zpsys pwv airmass
[from data line 132]
62473.3074 lsst_hardware_g 8.09646510795293 13.109999656677246 31.350000381469727 AB 7.4357347775401275 1.2105555907107448
62479.1997 lsst_hardware_i 36.645021948320085 29.389999389648438 31.25 AB 6.1977088369603965 1.017602633110699
62479.2133 lsst_hardware_z 4.242974921879018 40.369998931884766 30.950000762939453 AB 5.490364552367209 1.0282704825496936
62481.192 lsst_hardware_r 12.799808632357713 21.350000381469727 31.479999542236328 AB 10.265142077628008 1.0163507007552484
62481.2029 lsst_hardware_u -1.30637272113861 2.549999952316284 28.3799991607666 AB 10.340192744684723 1.0237814598697745
62483.2 lsst_hardware_g 12.48678564617533 12.829999923706055 31.399999618530273 AB 11.388830206799021 1.0260207393512633
62483.2123 lsst_hardware_r 9.870367995104127 21.59000015258789 31.5 AB 11.292353539782223 1.0394765535768902
62485.1878 lsst_hardware_i 47.89454206918771 39.93000030517578 31.299999237060547 AB 8.140225430228549 1.0205351125924507
62485.2019 lsst_hardware_z -121.97916487273062 44.61000061035156 30.959999084472656 AB 8.233578772580774 1.033528322399796
62487.1913 lsst_hardware_r -70.61956166483962 57.529998779296875 31.639999389648438 AB 8.792130316608288 1.0281189222305542
62487.2048 lsst_hardware_z -51.924208509371475 50.40999984741211 30.969999313354492 AB 8.866501901603275 1.0440390817313883
62489.1844 lsst_hardware_z -32.47871484327834 57.869998931884766 30.989999771118164 AB 5.397938112172095 1.0267445052318211
62489.1963 lsst_hardware_r 120.94953514678224 79.08999633789062 31.649999618530273 AB 5.428643487530989 1.0399700167683887
62491.1802 lsst_hardware_i -53.46728928969221 68.62000274658203 31.34000015258789 AB 4.901933628347396 1.0279463780958782
62493.1814 lsst_hardware_r -37.412780921592244 69.83999633789062 31.649999618530273 AB 6.0955567652256475 1.0350750153209198
62493.1944 lsst_hardware_z 26.357296577067462 54.41999816894531 30.979999542236328 AB 6.04578652781494 1.0529060480346464
62495.1733 lsst_hardware_g 94.39178801550045 50.54999923706055 31.709999084472656 AB 6.8425167629578025 1.0320927279245526
62495.1853 lsst_hardware_r 14.471608138006943 49.060001373291016 31.6200008392334 AB 7.110034718052777 1.0473774765424464
62497.126 lsst_hardware_r -1.2389737057463734 21.3700008392334 31.489999771118164 AB 4.920177959619059 1.0114457723545573
62497.1401 lsst_hardware_i 1.522593245651641 29.350000381469727 31.25 AB 4.905743753823931 1.0129555551980034
62501.1747 lsst_hardware_r -14.806728140194933 21.690000534057617 31.489999771118164 AB 6.961984569288034 1.0563666746511435
62501.1868 lsst_hardware_i 59.903352352189216 30.15999984741211 31.239999771118164 AB 7.068081364984456 1.078808160412835
62503.1119 lsst_hardware_g 4.668031766022009 12.640000343322754 31.3799991607666 AB 5.14358717560618 1.0113226849402632
62503.1255 lsst_hardware_i 28.53107393000192 29.34000015258789 31.25 AB 4.669108102316799 1.0135362462292938
62505.1181 lsst_hardware_z -59.99982220535556 40.099998474121094 30.950000762939453 AB 2.329695048851388 1.0129108908049513
62505.1315 lsst_hardware_r 4.457383228724892 21.290000915527344 31.479999542236328 AB 2.5344026278615033 1.0193675727949736
62507.1169 lsst_hardware_u -3.379387860150879 3.6600000858306885 29.18000030517578 AB 8.718965368090002 1.0144229631285633
62507.1296 lsst_hardware_g 6.011927752624665 17.940000534057617 32.13999938964844 AB 8.12870310788027 1.021932062467266
62509.1037 lsst_hardware_r 16.711698684247107 21.309999465942383 31.489999771118164 AB 5.92587972071618 1.012048227379514
62509.1165 lsst_hardware_i -11.823465130663406 29.469999313354492 31.260000228881836 AB 5.941927526491272 1.016872936649961
62510.093 lsst_hardware_z -62.311476051171674 40.220001220703125 30.950000762939453 AB 6.653218185050961 1.0113195037128575
62510.1076 lsst_hardware_r -24.744523526094635 21.770000457763672 31.489999771118164 AB 6.63347025165824 1.0139820011706282
62514.0938 lsst_hardware_i 55.16308836622834 38.310001373291016 31.299999237060547 AB 3.083556760523508 1.012994993601661
62514.1057 lsst_hardware_z -84.18571330530258 44.41999816894531 30.959999084472656 AB 3.1765815757439064 1.0185704069294101
62517.0788 lsst_hardware_z -33.321734454931814 51.31999969482422 30.979999542236328 AB 3.4099855617267942 1.0115649841966166
62517.0915 lsst_hardware_r 72.22101962012496 60.720001220703125 31.649999618530273 AB 3.811045628393195 1.0152635706675177
62519.0841 lsst_hardware_y -153.67705982979092 73.4000015258789 30.809999465942383 AB 3.9770003640725573 1.014411519977701
62521.081 lsst_hardware_r 32.325646115151955 78.61000061035156 31.65999984741211 AB 8.36657492848994 1.0154637315857113
62521.0951 lsst_hardware_i -39.26068289510172 62.970001220703125 31.329999923706055 AB 7.8331133338496475 1.0250082876013644
62525.0756 lsst_hardware_u -0.2338222980594191 2.5299999713897705 28.3700008392334 AB 13.165289676824814 1.0185319750749344
62525.0884 lsst_hardware_r -26.29172759455781 21.309999465942383 31.479999542236328 AB 13.354500005178268 1.0289775978203506
62527.0661 lsst_hardware_i -10.19609893827962 29.219999313354492 31.239999771118164 AB 12.09571810179203 1.0162049457517424
62527.0817 lsst_hardware_z -56.19609229418989 40.29999923706055 30.940000534057617 AB 12.282753169657957 1.027759448553088
62529.0671 lsst_hardware_r 23.50975160117196 21.239999771118164 31.469999313354492 AB 11.887798420938093 1.0201491822653428
62529.0804 lsst_hardware_u 0.28710266237269505 2.4700000286102295 28.31999969482422 AB 12.041072911917404 1.0320329905648835
