data/validation/pwv_sim_epoch_fit_epoch/57537245.ecsv
# %ECSV 0.9
# ---
# datatype:
# - {name: time, datatype: float64}
# - {name: band, datatype: string}
# - {name: flux, datatype: float64}
# - {name: fluxerr, datatype: float64}
# - {name: zp, datatype: float64}
# - {name: zpsys, datatype: string}
# - {name: pwv, datatype: float64}
# - {name: airmass, datatype: float64}
# meta: {SNID: '57537245', alt: 1024.0, c: -0.04715939611196518, dec: -2.238686, lat: -30.244573, lon: -70.7499537, ra: 208.125, t0: 61565.76953125,
#   x0: 4.301055632697407e-06, x1: 0.7990379929542542, z: 0.6522057056427002}
# schema: astropy-2.0
time band flux fluxerr zp zpsys pwv airmass
61450.3733 lsst_hardware_u 2.239562398025961 2.990000009536743 28.469999313354492 AB 2.813769139457043 1.1312771693464843
61450.3907 lsst_hardware_y 75.76365278149702 71.37999725341797 30.040000915527344 AB 2.9060151571025514 1.1364939996490055
61452.3206 lsst_hardware_r 25.209979851699636 24.81999969482422 31.479999542236328 AB 5.791911330296485 1.1862391146004987
61452.3361 lsst_hardware_y 81.90105735468555 48.849998474121094 30.010000228881836 AB 4.069823318037593 1.1564462081516214
61454.3807 lsst_hardware_z 18.057841870628497 66.91000366210938 31.700000762939453 AB 5.184229161490363 1.137141733163054
61458.3403 lsst_hardware_r -38.41003847508438 108.87000274658203 31.639999389648438 AB 10.581303645884653 1.1349372424728128
61458.3587 lsst_hardware_i 15.30640856254365 85.94000244140625 31.31999969482422 AB 10.572081395099781 1.1318236110697515
61460.3373 lsst_hardware_z 25.05736008533262 77.44999694824219 30.989999771118164 AB 11.456542502043336 1.133656386777604
61460.3548 lsst_hardware_i -29.665817508391278 86.91000366210938 31.329999923706055 AB 11.444148342569582 1.1322432196457661
61462.3539 lsst_hardware_z -137.573723536532 83.86000061035156 31.719999313354492 AB 7.429397644069421 1.1340860393938972
61468.308 lsst_hardware_r -22.504168385080543 24.360000610351562 31.489999771118164 AB 8.148158266283808 1.138368658626497
61468.3258 lsst_hardware_g 6.05121182795022 15.34000015258789 31.420000076293945 AB 8.067955745913418 1.1311936269639198
61470.311 lsst_hardware_r 57.38809489529483 24.229999542236328 31.479999542236328 AB 8.116608723155037 1.1332088967755847
61470.3276 lsst_hardware_i -0.8904808567464272 32.099998474121094 31.229999542236328 AB 8.087811783527942 1.1322710042738386
61474.313 lsst_hardware_u 2.5817630382183525 2.740000009536743 28.399999618530273 AB 9.812934605600745 1.131434867473855
61474.3307 lsst_hardware_g -4.8937526752762714 15.0600004196167 31.420000076293945 AB 9.863977037815035 1.1409597128873035
61476.3065 lsst_hardware_r 9.152426064572044 24.280000686645508 31.489999771118164 AB 8.480838081852111 1.1313063538787584
61476.3255 lsst_hardware_i 28.17773764444687 32.15999984741211 31.25 AB 8.626936376797307 1.1412046268665
61477.3056 lsst_hardware_z -43.302592442104626 43.18000030517578 30.940000534057617 AB 15.490261049560392 1.1315638949950257
61477.3249 lsst_hardware_u -4.650515201311669 2.7799999713897705 28.420000076293945 AB 15.774765156348568 1.1433267612276772
61481.3267 lsst_hardware_i 37.05785965980724 32.349998474121094 31.239999771118164 AB 9.458779022586441 1.1604439973728917
61481.3456 lsst_hardware_z 86.84446995772807 43.93000030517578 30.940000534057617 AB 10.571663085873082 1.2010069018676581
61485.2027 lsst_hardware_z -93.05687042745812 74.44000244140625 30.969999313354492 AB 6.755021946248267 1.2745324426883522
61485.2209 lsst_hardware_i -111.06031584234763 82.94999694824219 31.309999465942383 AB 6.878314984335231 1.211237505495963
61489.2812 lsst_hardware_r 260.0927756104166 116.69000244140625 31.639999389648438 AB 7.372638846597928 1.134615789152615
61489.3014 lsst_hardware_i 78.42703341335528 95.44000244140625 31.31999969482422 AB 7.138023501065799 1.1550199839912296
61492.2873 lsst_hardware_z 6.221357697525513 70.77999877929688 31.709999084472656 AB 8.735478735461223 1.1470907907898111
61494.2452 lsst_hardware_g -3.8742750698794866 26.510000228881836 31.600000381469727 AB 7.408155223520277 1.133323083659364
61494.2636 lsst_hardware_r -12.833580973690975 31.920000076293945 31.559999465942383 AB 7.492922945383 1.132788350798091
61497.2484 lsst_hardware_i 14.712241751399478 32.540000915527344 31.25 AB 9.66587194541393 1.131239036270582
61497.267 lsst_hardware_z -27.959359724134135 43.54999923706055 30.950000762939453 AB 9.0070138496803 1.1401283354025695
61499.2497 lsst_hardware_i -37.772389616155024 32.43000030517578 31.239999771118164 AB 6.229827575211024 1.1326959227656408
61499.2686 lsst_hardware_u 0.49692232629841826 2.680000066757202 28.31999969482422 AB 7.249222062961401 1.147588680600198
61501.2459 lsst_hardware_g -22.94119204513307 15.539999961853027 31.440000534057617 AB 16.870091321420656 1.1333618623729105
61501.2644 lsst_hardware_r 8.737889846480538 24.799999237060547 31.489999771118164 AB 16.777813386192594 1.1491653004241502
61503.2412 lsst_hardware_i 10.942572584322578 32.33000183105469 31.239999771118164 AB 10.455430961998264 1.1337077704845047
61503.2596 lsst_hardware_r -24.928753948046484 24.65999984741211 31.479999542236328 AB 9.93704979057584 1.1500216752684476
61505.2243 lsst_hardware_u 0.9141635458717384 2.8399999141693115 28.450000762939453 AB 5.510451448116489 1.1311998319658865
61505.2414 lsst_hardware_g -43.71735238792299 15.649999618530273 31.440000534057617 AB 5.433770380740125 1.1370892258803273
61513.1764 lsst_hardware_z 30.2135360019764 67.27999877929688 30.979999542236328 AB 14.797574312454808 1.1470987839112254
61513.1937 lsst_hardware_r 106.27943465774509 90.08000183105469 31.639999389648438 AB 14.617803882986795 1.1331630917044027
61515.195 lsst_hardware_i 273.141345158881 125.38999938964844 31.329999923706055 AB 3.8300003685962416 1.1313510344415838
61515.2126 lsst_hardware_z -138.01443847312623 105.19000244140625 30.989999771118164 AB 3.087799818426215 1.1360558566689534
61518.1905 lsst_hardware_z 56.860829599856054 72.38999938964844 30.979999542236328 AB 4.552362588369551 1.1312091249158165
61518.2075 lsst_hardware_r 127.68141158376594 101.81999969482422 31.6299991607666 AB 4.559275311209615 1.1383010930117214
61520.1904 lsst_hardware_i 89.00849662629524 73.72000122070312 32.040000915527344 AB 14.353662552626815 1.1320667146337284
61520.2079 lsst_hardware_r 182.20505658903747 85.18000030517578 32.36000061035156 AB 14.503677412159611 1.1437479723067316
61522.1867 lsst_hardware_z 26.603566258727152 46.61000061035156 30.950000762939453 AB 3.9311489892592957 1.1326239584900732
61522.2047 lsst_hardware_g 20.464178980735223 38.33000183105469 31.639999389648438 AB 4.106519001791276 1.146271877680747
61524.1845 lsst_hardware_r 36.56587812755978 24.729999542236328 31.5 AB 11.060451145614305 1.1340175473972287
61524.2035 lsst_hardware_i 35.078592426765006 34.029998779296875 31.25 AB 11.260754875564107 1.1516811995599605
61526.1831 lsst_hardware_z 50.72606011863758 43.13999938964844 30.940000534057617 AB 10.88447488044147 1.1364136126097155
61526.2018 lsst_hardware_r 45.119953348889744 24.84000015258789 31.5 AB 11.135424091479067 1.1571776496882338
61528.185 lsst_hardware_u -2.4739491012439228 2.7699999809265137 28.399999618530273 AB 13.251691007256229 1.1426498339206912
61528.2015 lsst_hardware_g -6.387165626858996 15.380000114440918 31.420000076293945 AB 13.444994988092128 1.1658520959700662
61530.1497 lsst_hardware_g 5.431291142039757 15.460000038146973 31.440000534057617 AB 9.642361634099656 1.1322863255621476
61530.1685 lsst_hardware_r 24.065458295132476 24.68000030517578 31.5 AB 10.465382745849146 1.1342129344152103
61532.1498 lsst_hardware_i -15.30458263978229 32.349998474121094 31.25 AB 6.996343411108802 1.1312401764215643
61532.169 lsst_hardware_r 5.706061046404832 24.600000381469727 31.5 AB 7.264116755763056 1.138085739808555
61533.1505 lsst_hardware_u 1.3809050973631074 2.8381813479774696 28.459999084472656 AB 11.153769607653851 1.131271322851448
61533.1681 lsst_hardware_g 25.896436627123055 15.397826870408345 31.440000534057617 AB 10.055128218358979 1.1395957595820567
61539.0088 lsst_hardware_z 170.05933507872012 75.66102620631916 31.649999618530273 AB 9.260232515055854 1.5721956731843554
61541.1097 lsst_hardware_r 233.3382260185683 114.33462029127807 32.38999938964844 AB 5.967755618082934 1.1375820850329648
61541.131 lsst_hardware_z 47.05145452309195 90.9331096761346 31.729999542236328 AB 7.570902412200027 1.1315899278379833
61547.1047 lsst_hardware_z 511.6194532884778 68.28134333925559 30.969999313354492 AB 5.222554685916951 1.1318930832069682
61547.1241 lsst_hardware_r 642.0871957644374 95.13184335598176 31.6299991607666 AB 5.258175326079141 1.1353480623461512
61555.0779 lsst_hardware_u 5.850822220958022 3.347470475043769 28.31999969482422 AB 12.351280027391468 1.1336649864517503
61557.0203 lsst_hardware_r 2823.410653720568 62.90838791748465 32.22999954223633 AB 8.318593943901051 1.2233226388089782
61557.0365 lsst_hardware_z 720.4887586748374 51.55753923693243 30.93000030517578 AB 8.026731429694262 1.1804016808373916
61560.0766 lsst_hardware_r 1449.0543763242347 45.42892538195519 31.489999771118164 AB 13.001400943371427 1.131261592880035
61560.0998 lsst_hardware_u 5.622362065587683 3.308665441550835 28.40999984741211 AB 13.22652531726665 1.144971965540822
61562.034 lsst_hardware_u -1.7603591929855995 3.1150671407082293 28.399999618530273 AB 5.121732211683032 1.15922191177117
61562.0547 lsst_hardware_g 386.9198845555898 24.35422150035872 31.420000076293945 AB 4.689182004957697 1.1359452531390912
61571.0301 lsst_hardware_r 1480.3607006796494 108.86549377844628 31.6299991607666 AB 15.036369454361987 1.135963444046486
61571.0496 lsst_hardware_i 1511.6181327679794 94.66397374215828 31.31999969482422 AB 15.358082044243218 1.1316977864962765
61573.0329 lsst_hardware_z 742.4573332351937 78.80011009848762 30.979999542236328 AB 6.829279778902634 1.1321124681830081
61573.051 lsst_hardware_r 1413.047111835795 110.78798101740468 31.639999389648438 AB 6.797673144750703 1.1341742128556227
61575.0423 lsst_hardware_z 1763.2113637783314 101.70317148896387 31.719999313354492 AB 4.2715878284713265 1.1327467060385379
61576.9983 lsst_hardware_g 221.29114004494622 52.08360225357768 31.65999984741211 AB 6.26420407788585 1.151402275137705
61577.0163 lsst_hardware_r 968.393942456442 70.07827527189389 31.610000610351562 AB 4.44622712690011 1.1344345450501767
61578.9978 lsst_hardware_i 1079.3828427555243 44.81650885803422 31.239999771118164 AB 9.43969657768414 1.1452352006569453
61579.0166 lsst_hardware_r 845.525670885352 39.115171987307306 31.5 AB 3.6411777879075253 1.132089684290867
61580.9969 lsst_hardware_u 0.402546378448696 2.700233466314907 28.309999465942383 AB 5.715057773405765 1.1405783209298124
61581.0155 lsst_hardware_g 102.75118115236033 18.404054208319188 31.420000076293945 AB 5.742037431263623 1.1312873378728683
61582.9954 lsst_hardware_r 726.9755392663817 36.91864741909196 31.5 AB 8.717071000755473 1.1373059494766644
61583.0146 lsst_hardware_i 909.9736327773701 43.37031799956803 31.239999771118164 AB 9.306977169318182 1.131341052612719
61588.0276 lsst_hardware_r 1073.1283207338117 48.00993305493676 32.25 AB 10.105213267807931 1.150149472775772
61588.0613 lsst_hardware_z 1166.1688083634062 71.62557785393604 31.68000030517578 AB 10.459457320096034 1.2238054586695828
61589.9646 lsst_hardware_y 248.74825045487307 52.79716223263605 30.020000457763672 AB 9.43617452303398 1.1490364422702575
61589.9847 lsst_hardware_r 460.0823516064376 32.94344271475255 31.5 AB 9.292402173646677 1.132690267596044
61594.9649 lsst_hardware_z 968.2871910429072 72.86934217878172 31.700000762939453 AB 3.468306961197449 1.1357534052221547
61594.987 lsst_hardware_g 36.14499476954403 32.58124764989792 32.29999923706055 AB 3.525869435048942 1.1325062425209793
61598.9636 lsst_hardware_y 429.574728375682 85.74671983249448 30.770000457763672 AB 6.6746716999949 1.1316998996812264
61598.984 lsst_hardware_r 589.5429344055202 105.64108689250256 32.369998931884766 AB 6.685092105781888 1.1365821576540904
61810.3257 lsst_hardware_g 85.86470745228574 66.80999755859375 31.649999618530273 AB 6.673344355566943 1.2267177124204027
61810.3438 lsst_hardware_y -50.19199874441837 52.04999923706055 30.0 AB 7.789315437543643 1.1785921376219743
61812.3742 lsst_hardware_r 108.87707656675978 94.18000030517578 31.6299991607666 AB 5.011970491790208 1.1332889749666948
61814.3762 lsst_hardware_y 68.92152953972034 58.33000183105469 30.030000686645508 AB 5.588216233876515 1.131275111873377
61816.3677 lsst_hardware_i -50.90727575069307 68.94000244140625 31.309999465942383 AB 4.611233257231732 1.1317992899875395
61816.3851 lsst_hardware_z 112.47152332109341 67.68000030517578 30.969999313354492 AB 3.2758041235550115 1.1342812062171093
61818.3189 lsst_hardware_r -2.305740663455855 42.279998779296875 31.579999923706055 AB 5.872513545333763 1.1854084669628104
61818.3361 lsst_hardware_y 38.42805889906586 50.2400016784668 30.010000228881836 AB 4.815663227872706 1.1533832052865591
61820.3379 lsst_hardware_z 106.16343725962601 43.880001068115234 30.950000762939453 AB 3.5671990545047825 1.1442498971947979
61820.3578 lsst_hardware_r -8.316111127203895 27.350000381469727 31.530000686645508 AB 3.474410866767917 1.1315763441773647
61822.3398 lsst_hardware_i 18.189768512662372 32.47999954223633 31.25 AB 6.480844890910737 1.1374892305240434
61822.3572 lsst_hardware_z -63.57787097210041 43.15999984741211 30.950000762939453 AB 6.544634573312422 1.1311481330800672
61824.3372 lsst_hardware_r -32.685188536128145 24.510000228881836 31.5 AB 11.135326250055854 1.1355239386167912
61824.3552 lsst_hardware_u -0.5308899813983736 2.75 28.399999618530273 AB 11.10787204933032 1.1314743272156242
61826.3439 lsst_hardware_g -19.05463094974768 15.149999618530273 31.420000076293945 AB 9.72854671904096 1.1312263626791814
61826.3619 lsst_hardware_r 6.227793454631557 24.360000610351562 31.489999771118164 AB 9.776562283497057 1.136809567848495
61828.3362 lsst_hardware_i -38.305018109008465 31.959999084472656 31.239999771118164 AB 5.883944768711123 1.1315278401367543
61828.3526 lsst_hardware_z 12.147307241290202 42.779998779296875 30.940000534057617 AB 5.89896182614766 1.134415735797627
61830.3354 lsst_hardware_r 49.762479253548214 24.3700008392334 31.5 AB 4.7668404786537115 1.1311466431450374
61830.3546 lsst_hardware_g -28.91718044862112 15.100000381469727 31.420000076293945 AB 4.825088019457012 1.1396723990450575
61832.2869 lsst_hardware_r -1.4148138850014362 24.360000610351562 31.479999542236328 AB 6.825296857148377 1.172060135743854
61832.304 lsst_hardware_i 24.878403175789824 32.130001068115234 31.229999542236328 AB 6.926065755990631 1.145514286705087
61834.3143 lsst_hardware_i 51.57829221553425 45.38999938964844 31.989999771118164 AB 11.027096894569478 1.1332119785461483
61834.3345 lsst_hardware_z 37.95270601751168 42.939998626708984 30.940000534057617 AB 10.96904133212729 1.1335557697685799
61836.3064 lsst_hardware_r -2.645778801282477 24.209999084472656 31.479999542236328 AB 10.086951966082935 1.1343850614128226
61836.3261 lsst_hardware_u -1.312409594657679 2.6600000858306885 28.329999923706055 AB 10.18207215138106 1.1323898592824033
61838.3063 lsst_hardware_y 31.38242140323079 50.119998931884766 30.020000457763672 AB 8.151490353586558 1.132151437998133
61838.3242 lsst_hardware_r 12.919938865497828 24.3700008392334 31.489999771118164 AB 8.163713574834027 1.133849107615837
61840.3053 lsst_hardware_i -41.059250473669096 78.9000015258789 31.31999969482422 AB 8.892537467660567 1.131258145553647
61840.3246 lsst_hardware_z 6.7243293374578235 69.63999938964844 30.979999542236328 AB 9.08134728598161 1.1374789147933753
61843.2873 lsst_hardware_r 161.16809218021695 126.20999908447266 31.639999389648438 AB 12.340704676344192 1.1343775842701473
61845.3044 lsst_hardware_z 53.67034757201323 60.83000183105469 30.969999313354492 AB 8.813133495255762 1.1335219929589406
61845.3223 lsst_hardware_i -9.617595543194984 63.5099983215332 31.309999465942383 AB 8.845925306414578 1.148945813150522
61849.2733 lsst_hardware_g -11.99133116624229 20.780000686645508 31.530000686645508 AB 5.66132822031118 1.133228888617555
61849.293 lsst_hardware_r -5.277488591473536 27.760000228881836 31.520000457763672 AB 5.431843642548804 1.1333065063128862
61851.2717 lsst_hardware_i 7.763084743071779 32.18000030517578 31.239999771118164 AB 5.914746397859719 1.1319005641296944
61851.2908 lsst_hardware_z 41.20867892882099 43.27000045776367 30.940000534057617 AB 5.999719280743618 1.1349669956478825
61855.2327 lsst_hardware_i 21.09240780514108 32.470001220703125 31.239999771118164 AB 7.529151507063826 1.1569219295059385
