data/validation/pwv_sim_epoch_fit_epoch/57636646.ecsv
# %ECSV 0.9
# ---
# datatype:
# - {name: time, datatype: float64}
# - {name: band, datatype: string}
# - {name: flux, datatype: float64}
# - {name: fluxerr, datatype: float64}
# - {name: zp, datatype: float64}
# - {name: zpsys, datatype: string}
# - {name: pwv, datatype: float64}
# - {name: airmass, datatype: float64}
# meta: {SNID: '57636646', alt: 1024.0, c: -0.066316157579422, dec: -9.745426, lat: -30.244573, lon: -70.7499537, ra: 69.609375, t0: 60672.9375,
#   x0: 2.5880426851687673e-06, x1: 0.5959530472755432, z: 0.8021404147148132}
# schema: astropy-2.0
time band flux fluxerr zp zpsys pwv airmass
60568.3921 lsst_hardware_z -3.5641510328150705 42.04999923706055 30.950000762939453 AB 4.555808319518359 1.0711987584101479
60574.3417 lsst_hardware_z 33.39514247537852 82.55999755859375 31.719999313354492 AB 1.7495274612443603 1.1118700103237116
60574.3593 lsst_hardware_y 0.11113385412166744 52.709999084472656 30.040000915527344 AB 1.6762557588353808 1.084779653024029
60578.3542 lsst_hardware_r 17.7215065634323 30.329999923706055 31.549999237060547 AB 4.504209374991072 1.0787233564821153
60578.3737 lsst_hardware_y 36.023665185931605 47.619998931884766 30.030000686645508 AB 4.466408367022508 1.0682844751802854
60580.3369 lsst_hardware_z -99.47944824981198 59.18000030517578 31.690000534057617 AB 5.150167221461247 1.0925259273359327
60582.3695 lsst_hardware_g -6.994696569185989 13.640000343322754 31.399999618530273 AB 3.4656736982042675 1.0681139402725295
60582.3881 lsst_hardware_y 33.836202873384245 52.90999984741211 30.040000915527344 AB 3.3657425094729314 1.076779176029091
60584.3608 lsst_hardware_i 38.61777330477596 30.610000610351562 31.25 AB 2.651791193034873 1.0679787325954213
60584.38 lsst_hardware_y -14.60383270582661 48.709999084472656 30.040000915527344 AB 2.256556288340029 1.0747212041625793
60586.3608 lsst_hardware_i 38.16843595855416 30.579999923706055 31.25 AB 2.5551744194110917 1.068440066657274
60586.3794 lsst_hardware_y 114.91831031259963 49.16999816894531 30.040000915527344 AB 2.054973346305443 1.0787261660396612
60590.3306 lsst_hardware_r -29.519692543402503 22.459999084472656 31.5 AB 3.945877348036833 1.0719579864267408
60590.3482 lsst_hardware_i 27.654533036222823 30.489999771118164 31.260000228881836 AB 4.687151225451882 1.0681748462741563
60592.3278 lsst_hardware_z -55.249819281976464 41.5099983215332 30.950000762939453 AB 2.970331525384145 1.070614793037868
60592.3465 lsst_hardware_u 5.675886631525393 2.7699999809265137 28.510000228881836 AB 3.20675350243135 1.0689178341437833
60596.3301 lsst_hardware_i 9.804616351154376 30.3700008392334 31.25 AB 5.3792424126735945 1.0680163625427388
60596.3474 lsst_hardware_z 43.43276301834484 41.29999923706055 30.950000762939453 AB 5.804122529363373 1.0748375054376615
60599.3199 lsst_hardware_i 3.0384498761706404 64.87000274658203 31.31999969482422 AB 5.778906036239794 1.0679757971274422
60599.3372 lsst_hardware_z 21.21826257316496 59.2599983215332 30.979999542236328 AB 5.256473995998345 1.0734435171025516
60601.3176 lsst_hardware_z 74.63070707079032 70.75 30.989999771118164 AB 4.058812323668029 1.0681085062284288
60601.3353 lsst_hardware_r 58.55958437205368 102.13999938964844 31.649999618530273 AB 4.146807917619804 1.0760216021155917
60603.3133 lsst_hardware_i 30.364871533575393 65.25 31.329999923706055 AB 2.4608110583529936 1.0682535434010754
60603.3302 lsst_hardware_r 71.03379173410269 77.72000122070312 31.649999618530273 AB 2.484751623571656 1.0763101282481513
60605.3193 lsst_hardware_z -188.84452709830597 70.91000366210938 31.719999313354492 AB 3.375408446648211 1.0724945417897778
60607.2872 lsst_hardware_g -20.434948188713832 23.190000534057617 31.59000015258789 AB 4.067730142683188 1.0704553007061022
60607.3047 lsst_hardware_r 23.842272891095604 31.420000076293945 31.56999969482422 AB 4.057319829358887 1.0687000735832999
60615.277 lsst_hardware_r -40.11603953776827 22.889999389648438 31.5 AB 3.3359797682952723 1.0679691927100434
60615.295 lsst_hardware_i 24.436176680841573 30.81999969482422 31.25 AB 3.3250720232941053 1.0744523987378625
60620.2352 lsst_hardware_g 9.24105953236402 14.109999656677246 31.43000030517578 AB 5.00154334522173 1.0830930837452768
60620.2545 lsst_hardware_r 19.578313375494048 23.030000686645508 31.510000228881836 AB 5.5190572770972395 1.0693774999221108
60626.2527 lsst_hardware_z 21.942974584809875 68.81999969482422 31.709999084472656 AB 4.7416690853592804 1.0686655590171918
60629.2408 lsst_hardware_r -60.76499529127262 108.80999755859375 31.649999618530273 AB 8.165372846782999 1.0680670826398524
60629.2588 lsst_hardware_i -54.945687341310595 85.55000305175781 31.329999923706055 AB 6.372438005848189 1.0759709591976683
60631.2664 lsst_hardware_z -28.73083604404679 104.19999694824219 31.729999542236328 AB 4.3591973357807055 1.0897993339451764
60633.225 lsst_hardware_r 7.762614126261256 63.45000076293945 31.6299991607666 AB 5.233632633741541 1.0680882926003143
60633.2441 lsst_hardware_g -83.64316936827673 64.3499984741211 31.700000762939453 AB 5.267009640300554 1.0732571860011315
60635.1008 lsst_hardware_r -1.164909801864113 24.260000228881836 31.43000030517578 AB 5.4422222567912355 1.4294678256248048
60635.1136 lsst_hardware_i -36.31129353739931 33.040000915527344 31.209999084472656 AB 5.106044411910481 1.3422241608527732
60640.2257 lsst_hardware_z 7.457868560379735 41.678403113453946 30.950000762939453 AB 4.065830908810785 1.0737229512704245
60640.2443 lsst_hardware_i 18.738073551876177 31.22220230133415 31.25 AB 4.137003666951468 1.0932162692611398
60642.1453 lsst_hardware_u -3.7401166435842144 2.7635649983317805 28.389999389648438 AB 5.731739223062369 1.1354100610246034
60642.1622 lsst_hardware_g -3.5422627666918505 14.417381615615767 31.40999984741211 AB 5.607271373382505 1.1008320214742173
60644.2181 lsst_hardware_r -24.32513374382337 22.964875015634394 31.489999771118164 AB 8.185699350374696 1.076168896582793
60644.2375 lsst_hardware_i 57.01253875199727 31.695790459408858 31.239999771118164 AB 8.466169727855196 1.0995025620591163
60646.2222 lsst_hardware_z -24.37632324168814 42.38448070323046 30.950000762939453 AB 6.849286977721368 1.0856995435748777
60646.242 lsst_hardware_u 1.5163213510945495 2.8720918970800904 28.43000030517578 AB 7.0433930532089555 1.11785405068095
60648.1932 lsst_hardware_r 52.246442440034954 24.961116035931056 31.5 AB 2.560478900374554 1.0687959790070491
60648.2123 lsst_hardware_g 32.78743400155489 15.183501026892577 31.420000076293945 AB 2.8495530696333184 1.0808090535304316
60650.1902 lsst_hardware_r 183.5713248948294 26.017172624643315 31.5 AB 4.317729963851996 1.0695392528739154
60650.2088 lsst_hardware_i 215.70600028468658 34.68764584014579 31.25 AB 4.569702897422329 1.082867985171221
60654.1944 lsst_hardware_z 580.2963740351264 68.91194244732407 31.709999084472656 AB 10.901142168892695 1.079321006821059
60656.1818 lsst_hardware_r 395.6333678478082 73.80605606872706 31.649999618530273 AB 11.882857149494743 1.0735743008984926
60656.2007 lsst_hardware_i 654.4924668461323 64.40737296838222 31.31999969482422 AB 12.106845466520703 1.093333425634019
60658.194 lsst_hardware_z 783.5742039353439 109.49592665701566 31.739999771118164 AB 8.702171278541856 1.0915814489134588
60660.1609 lsst_hardware_r 616.2558480165792 102.46292094389328 31.65999984741211 AB 10.024011358517727 1.068914330038413
60660.1782 lsst_hardware_z 618.078449152177 72.61559663823799 30.989999771118164 AB 9.206269444839766 1.0794922155372668
60663.1321 lsst_hardware_z 559.9604242107104 51.546766006637306 30.969999313354492 AB 3.2549500364345327 1.0715003000361667
60663.1554 lsst_hardware_i 877.9323014315039 52.032492271870645 31.299999237060547 AB 3.263387013135324 1.0697875801130936
60665.1337 lsst_hardware_u 1.004216983247718 3.1200777739671643 28.520000457763672 AB 3.7617805660747456 1.0687635673200813
60665.1571 lsst_hardware_g 155.93668830298907 18.79202012443473 31.43000030517578 AB 3.7707167098207703 1.0734881857571725
60668.121 lsst_hardware_r 642.7672231585318 34.79093238906206 31.5 AB 6.458639505671995 1.0702857744091465
60668.1411 lsst_hardware_i 969.1626413671418 43.328185417706784 31.25 AB 6.8405740811820825 1.0695499481971231
60670.1212 lsst_hardware_z 555.7905149040264 48.02692099073929 30.950000762939453 AB 5.405802757220995 1.068498840188037
60670.1414 lsst_hardware_u -2.9061878825235357 2.752349407960923 28.389999389648438 AB 5.164896221307973 1.0722225910957663
60672.1221 lsst_hardware_g 114.35632798102358 17.405814404900152 31.420000076293945 AB 8.009769546632137 1.067969272884285
60672.1417 lsst_hardware_r 671.9668287303122 34.215442654650545 31.5 AB 7.616809605402178 1.0762005800639682
60674.0923 lsst_hardware_r 604.0696503798298 33.50746682844922 31.489999771118164 AB 8.019262117004441 1.0785101361044236
60674.1154 lsst_hardware_i 912.765116690391 43.18265825127568 31.239999771118164 AB 7.958891764908363 1.0679492472201761
60676.0912 lsst_hardware_z 603.7068461016414 47.82247459105419 30.940000534057617 AB 7.4485758353771105 1.0749088981775887
60676.1128 lsst_hardware_i 859.2786765739676 42.800119202003664 31.239999771118164 AB 7.402589319664859 1.068082966740833
60678.0947 lsst_hardware_u 0.5366498153700217 2.624559636004876 28.350000381469727 AB 4.591367879415467 1.0698748408284904
60678.1143 lsst_hardware_g 66.09524597545591 16.06989418280824 31.389999389648438 AB 4.550361236383353 1.0697293532490986
60682.0901 lsst_hardware_z 994.0025659944715 70.08333779856424 31.700000762939453 AB 9.379917494015107 1.0682060692421258
60684.0799 lsst_hardware_z 1183.8650549701567 80.46437733049274 31.719999313354492 AB 9.120591017505467 1.069310056471873
60684.1022 lsst_hardware_r 910.7018741740538 86.96278778192277 32.380001068115234 AB 7.065021922912898 1.0716756803811769
60688.0474 lsst_hardware_y 167.17693663458698 59.61868591515125 30.040000915527344 AB 2.272786801052572 1.0855101139355718
60688.0667 lsst_hardware_i 651.5850736778802 79.11003924162172 31.329999923706055 AB 2.3762673415491484 1.0701496696911414
60690.0481 lsst_hardware_y 279.20505134079485 55.0437068299287 30.049999237060547 AB 6.396994727799071 1.0789786595486521
60690.0667 lsst_hardware_g 89.77693672649752 59.93451291761703 31.709999084472656 AB 6.3322922576054985 1.0684708103611742
60694.0475 lsst_hardware_z 511.8615276253344 47.61292622170649 30.950000762939453 AB 3.859426886584333 1.0714677641822077
60694.0679 lsst_hardware_u 1.5299440006419913 2.72326090582531 28.469999313354492 AB 3.9018764265037116 1.0688608208474648
60695.0379 lsst_hardware_y 132.89686975758912 63.049913850522486 30.049999237060547 AB 9.611845092939495 1.075992957902104
60695.0588 lsst_hardware_r 238.6604490953351 26.71151991976175 31.5 AB 8.81057519266256 1.0679485082015223
60697.0367 lsst_hardware_y 289.4848085386204 64.02784934575949 30.059999465942383 AB 9.902578416120226 1.0729656071642684
60697.0559 lsst_hardware_z 272.8883216396152 45.378206404070696 30.950000762939453 AB 11.535764921354874 1.0681263816069326
60701.0344 lsst_hardware_y 305.9894336038865 66.6217874803898 30.059999465942383 AB 11.512671676955582 1.0690236173971386
60701.0513 lsst_hardware_r 156.695219758422 25.611979628981533 31.5 AB 12.750948393877882 1.069650611868286
60707.0321 lsst_hardware_y 56.92456044184504 64.1259959502366 30.059999465942383 AB 9.110809997578192 1.0687794002672524
60707.0508 lsst_hardware_i 238.34820793251652 34.03093796045418 31.25 AB 8.755031793359908 1.0803901722521816
60935.385 lsst_hardware_i 35.43331625058579 30.979999542236328 31.25 AB 0.7507419325580444 1.0724884750829207
60935.4035 lsst_hardware_y 89.20658137617033 64.18000030517578 30.059999465942383 AB 0.7477337509703366 1.0681910728147666
60937.3801 lsst_hardware_z -22.090510421877493 41.869998931884766 30.940000534057617 AB 7.229953736542263 1.0721631838668704
60937.3999 lsst_hardware_y -14.869906369412075 57.869998931884766 30.040000915527344 AB 7.308656599121268 1.0684910112993566
60939.3792 lsst_hardware_u -0.8128876817189673 2.7799999713897705 28.479999542236328 AB 3.2489655070260284 1.0699705275905071
60939.3985 lsst_hardware_y 26.290896858877076 59.29999923706055 30.049999237060547 AB 3.543083438703684 1.069610094702999
60942.3657 lsst_hardware_r -19.892904446283744 22.600000381469727 31.489999771118164 AB 4.3826494418680175 1.0726014297278554
60942.3845 lsst_hardware_y -14.82360522667962 47.81999969482422 30.040000915527344 AB 3.9844054341455344 1.068205210226596
60944.3766 lsst_hardware_z -2.0672199944646743 59.81999969482422 31.700000762939453 AB 3.432920473357507 1.0680038805426237
60946.3227 lsst_hardware_g 27.818513595945387 13.699999809265137 31.399999618530273 AB 4.2096318785940445 1.1130212519969
60946.3405 lsst_hardware_y -14.817177829403384 47.470001220703125 30.030000686645508 AB 5.120444421327287 1.0852422871460712
60951.3595 lsst_hardware_i 20.898263529880214 30.520000457763672 31.239999771118164 AB 3.0976428804093428 1.068152717382532
60951.3781 lsst_hardware_y 43.90022889091328 48.599998474121094 30.030000686645508 AB 2.826093641224085 1.0769831907869103
60954.3588 lsst_hardware_z -6.225696593400236 57.4900016784668 30.979999542236328 AB 6.688018785432075 1.0700830056690436
60954.3795 lsst_hardware_y -161.26869235075145 54.650001525878906 30.040000915527344 AB 6.345467581646632 1.086924902645993
60956.3278 lsst_hardware_r -122.46290036346585 96.5 31.649999618530273 AB 3.9754224540913325 1.0724096180446
60956.3462 lsst_hardware_i 3.3332933147498114 76.04000091552734 31.329999923706055 AB 4.638098553041586 1.0681940472226397
60960.3275 lsst_hardware_g 29.691619854616153 45.29999923706055 31.690000534057617 AB 5.661327861251684 1.0683766486604633
60960.3452 lsst_hardware_r -40.61498038905798 47.86000061035156 31.6200008392334 AB 5.909405260774951 1.0713531217600758
60962.3261 lsst_hardware_i 35.96508570346551 33.29999923706055 31.270000457763672 AB 5.344398011430017 1.0679896109435505
60962.3447 lsst_hardware_z -38.71299073764845 42.630001068115234 30.950000762939453 AB 5.801619185756166 1.0743739232881788
60964.3177 lsst_hardware_i 33.21312424360159 30.690000534057617 31.25 AB 7.495779806267946 1.0682060384677186
60964.3352 lsst_hardware_u -0.17417122870717444 2.809999942779541 28.489999771118164 AB 7.833991422826038 1.071840298652473
60971.2634 lsst_hardware_u 2.7877697010201126 2.6700000762939453 28.40999984741211 AB 3.9416054931370885 1.0973034663645762
60971.2803 lsst_hardware_g -32.11324240657804 13.5600004196167 31.389999389648438 AB 3.8421019246371935 1.0770990093598019
60975.29 lsst_hardware_i -32.15801298881252 30.700000762939453 31.25 AB 3.523345990690945 1.0680042408884678
60975.3065 lsst_hardware_z 20.983559228820287 41.630001068115234 30.940000534057617 AB 3.380572295869378 1.0726016644306742
60977.2853 lsst_hardware_i -0.6476425098851604 30.600000381469727 31.25 AB 2.8342523250845715 1.0679842963327326
60977.3034 lsst_hardware_u -0.3497617368651439 2.6600000858306885 28.399999618530273 AB 3.2708967022560387 1.074127317253365
60980.276 lsst_hardware_z 37.747131668433354 44.93000030517578 30.950000762939453 AB 5.365375551813652 1.06801981656437
60980.2946 lsst_hardware_g 1.1337613239078075 24.43000030517578 31.600000381469727 AB 5.851370725013172 1.0737116750284126
60990.2609 lsst_hardware_r -3.7583407867466287 35.400001525878906 31.579999923706055 AB 1.8790622515382418 1.0702333769262378
60990.278 lsst_hardware_i -53.90657615246978 37.77000045776367 31.270000457763672 AB 1.7791867483193884 1.0831637654012096
60994.2447 lsst_hardware_r 9.07091116449712 22.81999969482422 31.5 AB 8.08477712413682 1.0685668945460605
60994.2617 lsst_hardware_g 1.5372887950332463 14.020000457763672 31.420000076293945 AB 5.045156337968213 1.0778329367209998
60996.2587 lsst_hardware_r -3.0823762126138 23.010000228881836 31.489999771118164 AB 4.363159912205258 1.0801237559612529
60996.2781 lsst_hardware_i -3.016425886042144 31.209999084472656 31.239999771118164 AB 4.481686453761685 1.1070903998752566
60998.2271 lsst_hardware_i -9.754548799155994 30.760000228881836 31.25 AB 5.673494306027073 1.068002128293507
60998.2468 lsst_hardware_z 26.562081485040835 41.65999984741211 30.940000534057617 AB 5.711806873935354 1.0746410762958287
61000.2309 lsst_hardware_r -31.952060777345185 23.100000381469727 31.489999771118164 AB 3.50507062301237 1.0692439046228346
61000.2505 lsst_hardware_u -0.2572990967648459 2.690000057220459 28.40999984741211 AB 3.5238987251223506 1.0829436770505072
61005.235 lsst_hardware_i 31.41557229779824 31.020000457763672 31.239999771118164 AB 5.727818343223107 1.0809923898886085
