data/validation/pwv_sim_epoch_fit_epoch/57668532.ecsv
# %ECSV 0.9
# ---
# datatype:
# - {name: time, datatype: float64}
# - {name: band, datatype: string}
# - {name: flux, datatype: float64}
# - {name: fluxerr, datatype: float64}
# - {name: zp, datatype: float64}
# - {name: zpsys, datatype: string}
# - {name: pwv, datatype: float64}
# - {name: airmass, datatype: float64}
# meta: {SNID: '57668532', alt: 1024.0, c: 0.10397658497095108, dec: -16.801838, lat: -30.244573, lon: -70.7499537, ra: 297.773438, t0: 60131.19140625,
#   x0: 3.0177864585438703e-05, x1: 0.8554661870002747, z: 0.2873871922492981}
# schema: astropy-2.0
time band flux fluxerr zp zpsys pwv airmass
60062.4048 lsst_hardware_r -94.34268163963516 98.0 31.65999984741211 AB 5.219600906693791 1.0350190177858003
60062.4226 lsst_hardware_y 132.34960575805493 155.5 30.079999923706055 AB 6.131027932538814 1.0284658799829012
60064.4084 lsst_hardware_r -91.90088928405902 98.22000122070312 31.65999984741211 AB 11.789147003235605 1.0302946911283029
60064.4253 lsst_hardware_y 50.827087453406065 155.7100067138672 30.09000015258789 AB 12.344731666241119 1.029156454042611
60066.4077 lsst_hardware_z 231.06205493717613 142.33999633789062 31.010000228881836 AB 10.630963674697886 1.0289688989867287
60066.4259 lsst_hardware_y 62.92166567114689 155.55999755859375 30.09000015258789 AB 11.437835078759061 1.0311710374900172
60068.3397 lsst_hardware_z -54.955456246187254 141.75999450683594 31.0 AB 9.153056916050357 1.1145274783622963
60068.356 lsst_hardware_y 70.28004032414573 154.63999938964844 30.06999969482422 AB 8.896095355136804 1.0769004767642658
60070.4014 lsst_hardware_r 80.49030063063132 98.30999755859375 31.670000076293945 AB 2.694505806221526 1.028437330618903
60070.4195 lsst_hardware_y -218.15300303566616 155.6300048828125 30.09000015258789 AB 2.4111904559669606 1.0335149832691646
60072.4014 lsst_hardware_z 206.12024730434226 201.36000061035156 31.760000228881836 AB 10.85004137183543 1.0287649846873037
60077.3562 lsst_hardware_r -71.64807682179799 98.06999969482422 31.65999984741211 AB 6.392262985165279 1.0412971672026519
60077.3767 lsst_hardware_g 24.904368386429727 108.72000122070312 31.739999771118164 AB 6.7932500544087135 1.029176354066566
60082.3392 lsst_hardware_z -189.91852110996328 142.17999267578125 31.010000228881836 AB 7.339341332054471 1.0447213112933698
60082.3589 lsst_hardware_i 81.92063132171928 114.41999816894531 31.350000381469727 AB 7.241855180000069 1.0304290239043847
60095.3168 lsst_hardware_r -177.89547297391587 138.6999969482422 32.40999984741211 AB 7.691563571074934 1.0336733733469876
60095.3386 lsst_hardware_g -310.26077870144496 153.52999877929688 32.4900016784668 AB 7.306385820137038 1.028766557250155
60100.3141 lsst_hardware_r 39.66882957629823 98.05999755859375 31.65999984741211 AB 6.5643435634441 1.0291359353208591
60100.3363 lsst_hardware_i 6.531538442141258 114.31999969482422 31.34000015258789 AB 5.425499613729348 1.0327727691109674
60102.288 lsst_hardware_i 74.01134850767049 114.48999786376953 31.350000381469727 AB 4.032761110438357 1.0412499639654937
60111.2711 lsst_hardware_r 858.5911478705904 102.32480880589128 31.65999984741211 AB 6.8308280208486725 1.0349739425528293
60111.2919 lsst_hardware_u -0.9246711105578546 39.26072121956059 29.549999237060547 AB 6.6798509730951405 1.028460503940737
60118.2563 lsst_hardware_u 150.1288003110643 40.397173835754245 29.540000915527344 AB 3.9137366382004553 1.0323757948299803
60118.2762 lsst_hardware_g 4049.829871911639 125.53903165823391 31.739999771118164 AB 3.888902410246094 1.0288328429408304
60120.276 lsst_hardware_r 6944.216600184059 128.94766955394016 31.65999984741211 AB 4.520690743267717 1.0302003288999317
60121.2756 lsst_hardware_z 3818.0751712071356 154.90674438854705 31.010000228881836 AB 5.903909163963102 1.031115428365385
60121.2936 lsst_hardware_r 7722.338058358107 131.67898958325893 31.65999984741211 AB 5.750971555540784 1.0447131106980336
60123.2618 lsst_hardware_z 4297.292111327239 156.5628585476451 31.010000228881836 AB 5.9334677393096324 1.0287169195786343
60123.2817 lsst_hardware_r 8885.051098314436 136.6650646435856 31.65999984741211 AB 5.970343135112584 1.0385011541333422
60125.2562 lsst_hardware_i 7270.320970565914 143.03258997311775 31.350000381469727 AB 3.5794393315174373 1.0286976883776613
60125.2756 lsst_hardware_z 4690.842757615509 157.64420211377686 31.010000228881836 AB 3.607196680844599 1.037967536391511
60130.1987 lsst_hardware_y 3295.249858360013 224.55126441685442 30.829999923706055 AB 3.8040401135993287 1.0566778093331468
60132.2732 lsst_hardware_r 10789.687218203571 142.77239104771394 31.649999618530273 AB 1.6762793810234962 1.0569226866478538
60132.2878 lsst_hardware_i 8551.77855110594 146.18161056247516 31.329999923706055 AB 1.703601948297488 1.082511166511474
60137.1874 lsst_hardware_u 197.84049981046547 56.80677317524588 30.290000915527344 AB 6.105872079399544 1.0465564690233888
60137.2084 lsst_hardware_r 20124.528139431084 198.24093302077665 32.40999984741211 AB 7.367245556897301 1.0305641625314814
60141.2149 lsst_hardware_r 9030.59586785412 136.05880876020876 31.65999984741211 AB 2.9479296096259415 1.0291253655527812
60141.2431 lsst_hardware_u 37.76776522286116 39.648942640669524 29.530000686645508 AB 3.0860042193847805 1.0494828156384224
60143.2177 lsst_hardware_g 4667.826354154467 127.27669456770154 31.739999771118164 AB 2.114336776330053 1.0321390170027107
60143.2406 lsst_hardware_r 8407.0563861775 133.3917881204546 31.65999984741211 AB 2.059768459447065 1.053320613371038
60145.1748 lsst_hardware_r 7421.307359193951 130.90059758993468 31.65999984741211 AB 3.5435882331148796 1.037552674150365
60145.1962 lsst_hardware_i 6038.619813303387 138.3766535538405 31.350000381469727 AB 3.5183744549932676 1.0284637401324956
60148.1873 lsst_hardware_z 2591.5482966803675 151.7810298864712 31.010000228881836 AB 5.445092524264246 1.028507953583676
60148.2073 lsst_hardware_r 6557.807106066216 126.67830079008172 31.65999984741211 AB 5.475809797670006 1.0339845408659898
60154.1737 lsst_hardware_i 4233.797594321259 132.35314489212598 31.350000381469727 AB 4.2801749240932665 1.0284349663433423
60154.1957 lsst_hardware_z 3017.0908303024166 151.3816165144185 31.010000228881836 AB 4.326587132145004 1.0373850220935912
60159.117 lsst_hardware_z 2748.3379529683853 150.88658294145583 31.0 AB 1.835645639583159 1.060453864577405
60159.1259 lsst_hardware_r 3193.21246032023 113.59150770731526 31.649999618530273 AB 1.9999511813544828 1.0482382256495866
60161.1425 lsst_hardware_y 1099.5278378931466 158.29818212190878 30.09000015258789 AB 2.062109297452417 1.0307110783667528
60161.1623 lsst_hardware_g 893.5006657957405 112.67457131128289 31.739999771118164 AB 2.1028646414577334 1.0296383098373103
60163.1266 lsst_hardware_r 2564.4142942655412 110.69549761942461 31.65999984741211 AB 2.725421501585263 1.036807570980952
60163.1451 lsst_hardware_i 3677.6233480754395 130.02055315267958 31.350000381469727 AB 2.7539806587409834 1.0286282340915027
60166.1355 lsst_hardware_z 3093.933473435457 151.51050989058407 31.010000228881836 AB 4.503184947516362 1.028829094703304
60166.1547 lsst_hardware_r 2492.602819505285 109.25213841659081 31.65999984741211 AB 4.52651690462133 1.0320375979528795
60177.1145 lsst_hardware_z 1779.565692262587 148.60828877063446 31.010000228881836 AB 2.498807162619219 1.0287390541865868
60177.1364 lsst_hardware_r 1288.8836593828328 104.7551382507266 31.65999984741211 AB 1.8158399164386803 1.040397201932017
60180.1049 lsst_hardware_y 363.3704229271171 157.4699858097114 30.079999923706055 AB 2.930986054784623 1.0285665347979376
60180.1242 lsst_hardware_g 340.8357128560232 110.07328172567293 31.739999771118164 AB 2.8733101891718658 1.036984128422929
60182.0751 lsst_hardware_r 1171.1992133762853 103.77600425239304 31.65999984741211 AB 2.129009449572823 1.0365187193635945
60182.0921 lsst_hardware_i 1955.2414505520721 122.54744813346598 31.350000381469727 AB 1.9410555101746891 1.0287825680004217
60184.0731 lsst_hardware_z 1915.6481026234746 146.73260703194023 31.010000228881836 AB 3.619401374302989 1.0341146783722825
60184.0897 lsst_hardware_r 1153.999502954958 103.53116926002943 31.65999984741211 AB 3.602198811107176 1.0284650424288868
60196.0511 lsst_hardware_r 40.49167484663942 98.2300033569336 31.65999984741211 AB 2.672024586216824 1.0293513654767041
60196.0696 lsst_hardware_i -75.43880993819914 114.47000122070312 31.350000381469727 AB 2.6536600679146547 1.0306143056177053
60199.0282 lsst_hardware_i -31.027957555330218 114.30999755859375 31.34000015258789 AB 2.2075317724199084 1.0368866944198725
60199.0481 lsst_hardware_z -71.50295643772101 142.3000030517578 31.010000228881836 AB 2.9145239124408415 1.0285042478838435
60201.0302 lsst_hardware_r 44.811513734961174 98.04000091552734 31.65999984741211 AB 1.444950952091075 1.0321078229221965
60201.0482 lsst_hardware_u -37.80620826644505 39.119998931884766 29.540000915527344 AB 1.2055614025462802 1.0286360089985327
60207.0982 lsst_hardware_z 285.6697714922287 282.67999267578125 32.5 AB 4.344515142514894 1.1191435194529622
60207.1474 lsst_hardware_r -343.13597970173714 189.08999633789062 33.09000015258789 AB 9.49809555745092 1.3326763716972938
60209.0224 lsst_hardware_y 5.194725101203384 155.60000610351562 30.09000015258789 AB 2.652496780209535 1.028431707997235
60209.0427 lsst_hardware_g -39.924697162933484 108.61000061035156 31.739999771118164 AB 2.6148525209112963 1.035277648583975
60210.9962 lsst_hardware_z -9.331392194760141 142.13999938964844 31.010000228881836 AB 2.631692341458169 1.0363033437520708
60211.0144 lsst_hardware_r -160.19261390023536 98.08999633789062 31.65999984741211 AB 2.8917010093135738 1.0285870320062511
60214.9995 lsst_hardware_y -69.51522813365301 155.6999969482422 30.09000015258789 AB 4.402576695482301 1.0292807112255506
60215.0195 lsst_hardware_z 73.0204641332495 142.3300018310547 31.010000228881836 AB 4.8934823679421635 1.0313648379813467
60220.9871 lsst_hardware_y -47.744948520815896 155.35000610351562 30.079999923706055 AB 2.2496032207343273 1.0285859649003866
60220.9956 lsst_hardware_i -108.18121740336677 114.29000091552734 31.34000015258789 AB 2.2385617020307844 1.0289478080349383
60222.9888 lsst_hardware_y 70.36456906930061 155.52000427246094 30.09000015258789 AB 3.4160501806599974 1.028724206181489
60223.0095 lsst_hardware_r 162.11151340790212 98.02999877929688 31.65999984741211 AB 3.557628673445974 1.0392294080173559
60426.4095 lsst_hardware_y -72.62728337160732 53.2400016784668 30.059999465942383 AB 1.4478705990875176 1.0341932850625126
60443.3596 lsst_hardware_g 15.740744423896688 22.079999923706055 32.220001220703125 AB 8.279008224267615 1.0366361498295167
60443.3804 lsst_hardware_i -23.398001823268675 31.59000015258789 31.260000228881836 AB 8.36503074101459 1.0284452367953807
60458.3238 lsst_hardware_z -55.601536486626195 68.31999969482422 30.989999771118164 AB 8.87577219766289 1.0331878237229812
60458.3487 lsst_hardware_i 34.71031485632537 74.38999938964844 31.34000015258789 AB 8.77173046822607 1.0296566103425857
60460.3074 lsst_hardware_z 56.23049747659081 46.88999938964844 30.959999084472656 AB 7.766260846463217 1.0416588071439623
60460.3324 lsst_hardware_r 5.18664446353706 42.52000045776367 31.6200008392334 AB 7.668443159971712 1.0285388956907273
60462.3123 lsst_hardware_y -120.5669118555263 47.20000076293945 30.040000915527344 AB 9.796648591488875 1.0335289425374594
60462.3338 lsst_hardware_g 13.585512024440584 19.15999984741211 31.540000915527344 AB 9.012040568603163 1.0287717544067536
60464.3104 lsst_hardware_r -17.37411005520621 34.02000045776367 32.2599983215332 AB 12.432608297910551 1.0316233081285078
60464.3335 lsst_hardware_i -26.26151346293682 44.29999923706055 32.0099983215332 AB 12.392244268074297 1.0300261215255837
60466.2841 lsst_hardware_i 2.2812772611352106 31.540000915527344 31.260000228881836 AB 6.100209569285581 1.049287810782452
60466.3085 lsst_hardware_z 40.69280329070098 41.529998779296875 30.950000762939453 AB 6.304093012394299 1.030164721365132
60468.2814 lsst_hardware_r -7.78853958856539 24.139999389648438 31.510000228881836 AB 3.5680062489179196 1.0460293898910284
60468.3017 lsst_hardware_u 0.3145413484575508 2.700000047683716 28.399999618530273 AB 2.9111043976006146 1.0306618508056133
60485.2489 lsst_hardware_z -114.30726345045332 182.44000244140625 32.5099983215332 AB 4.5209046027057225 1.0339010373621869
60487.2313 lsst_hardware_r -22.879543732431596 68.75 31.649999618530273 AB 7.5842639731608585 1.0440892033536424
60487.2554 lsst_hardware_z -65.7017203353634 56.619998931884766 30.979999542236328 AB 7.339582889084554 1.0290096582509123
60490.2396 lsst_hardware_r 10.556997135948503 27.65999984741211 31.540000915527344 AB 3.4167164178982468 1.031539412151315
60490.2617 lsst_hardware_y 89.94229312100803 47.38999938964844 30.049999237060547 AB 3.5775891134750393 1.0297689940441312
60493.2425 lsst_hardware_g 9.955203015941763 15.5600004196167 31.469999313354492 AB 6.891812824002353 1.0285264387626474
60493.263 lsst_hardware_r 21.250221985775458 24.3700008392334 31.510000228881836 AB 6.701638488936883 1.034243371879607
60495.2116 lsst_hardware_i 51.49988623614677 44.81999969482422 32.0099983215332 AB 3.7590045628365316 1.04190083508196
60495.2329 lsst_hardware_z 37.69085424242642 58.869998931884766 31.700000762939453 AB 3.72157541543823 1.0291493060160104
60497.2386 lsst_hardware_z 3.330911809466051 41.56999969482422 30.950000762939453 AB 1.851898566581408 1.0288325369896711
60497.2592 lsst_hardware_r -2.2435703111541807 24.489999771118164 31.510000228881836 AB 1.6377143460642 1.0397086103465112
60499.2246 lsst_hardware_u -5.364421966582885 2.930000066757202 28.559999465942383 AB 2.2232479539077463 1.0286861556543232
60499.2439 lsst_hardware_g 8.096299994359768 15.890000343322754 31.489999771118164 AB 2.18815851822244 1.0326373375283626
60501.2113 lsst_hardware_r 8.657761634931012 24.68000030517578 31.530000686645508 AB 8.555523237060825 1.030785932176003
60501.2325 lsst_hardware_z -35.381043248226014 41.709999084472656 30.950000762939453 AB 8.549296926094584 1.030035774228263
60508.2085 lsst_hardware_i 32.16121760952184 50.119998931884766 31.309999465942383 AB 2.089537751242591 1.0288221325665143
60508.2317 lsst_hardware_z -20.30047128268353 51.150001525878906 30.969999313354492 AB 2.028965138996828 1.0420981710307284
60511.1848 lsst_hardware_z 54.88393229055418 91.41000366210938 31.0 AB 6.3880725874654845 1.0304727927085067
60511.2054 lsst_hardware_r 192.79213689634693 142.14999389648438 31.65999984741211 AB 6.402961156258545 1.0301050258091238
60514.1831 lsst_hardware_z -80.85250263337024 108.5999984741211 31.739999771118164 AB 5.68331916255758 1.0287636696286329
60516.1717 lsst_hardware_r 62.93140650175793 57.13999938964844 31.639999389648438 AB 11.050850571920265 1.0302702647966362
60516.19 lsst_hardware_z 48.997665531939354 51.15999984741211 30.969999313354492 AB 11.215024991341899 1.0295625623190947
60520.1627 lsst_hardware_r -8.490030114252427 24.610000610351562 31.520000457763672 AB 5.740546883500706 1.029648335680141
60520.1838 lsst_hardware_u -4.269604543312486 2.7899999618530273 28.450000762939453 AB 5.022302263744526 1.0312735654506213
60529.1389 lsst_hardware_z -12.431648232671535 58.75 31.700000762939453 AB 3.904988205500008 1.0294345005711796
60529.1577 lsst_hardware_r 3.532100983124442 34.58000183105469 32.27000045776367 AB 3.9868402138472767 1.0306351263715494
60537.1074 lsst_hardware_z -45.58291489337551 54.20000076293945 30.979999542236328 AB 5.294331914585516 1.0336118012401359
60537.1254 lsst_hardware_r 35.75609754630675 63.29999923706055 31.649999618530273 AB 5.468784689635137 1.0284503412571953
60539.117 lsst_hardware_r 60.42180733722945 113.62000274658203 31.670000076293945 AB 2.6978106567547924 1.0285210281184467
60539.1424 lsst_hardware_i -211.4820953013156 95.91999816894531 31.34000015258789 AB 2.8127617514761685 1.037887550128041
60541.1027 lsst_hardware_z 35.200893349446844 92.33999633789062 31.0 AB 2.1641442115950293 1.0305448626642997
60541.1225 lsst_hardware_r 62.08337829552293 140.66000366210938 31.670000076293945 AB 2.1625503482102397 1.029785880100114
60543.112 lsst_hardware_z -47.770214062164726 90.55999755859375 31.739999771118164 AB 2.8103681199782113 1.0286852562145723
60546.0837 lsst_hardware_r -35.43542030284994 24.100000381469727 31.520000457763672 AB 3.906660144629562 1.0330980152398683
60546.1036 lsst_hardware_z 45.92099299680053 41.56999969482422 30.959999084472656 AB 4.003025442370774 1.0286587286061348
60553.053 lsst_hardware_u 4.231055471834256 2.759999990463257 28.440000534057617 AB 1.3420986920148452 1.0421369421622593
60553.0707 lsst_hardware_g 6.533825751178521 15.140000343322754 31.450000762939453 AB 1.309118980723749 1.0302615273271898
60555.0501 lsst_hardware_r 9.652412605097865 24.079999923706055 31.510000228881836 AB 1.4660042559032653 1.0397193304278478
60555.069 lsst_hardware_i -17.54383465416926 31.309999465942383 31.260000228881836 AB 1.454986065518355 1.029167862435618
60557.0503 lsst_hardware_z 26.225490041213774 41.4900016784668 30.950000762939453 AB 1.2150939271815706 1.0352237931258474
60557.0671 lsst_hardware_r -29.50169637659852 24.100000381469727 31.520000457763672 AB 1.2206754104426516 1.028586821523195
60561.0515 lsst_hardware_r -8.110843915634199 24.889999389648438 31.530000686645508 AB 2.6417166018204776 1.029440774886203
60561.0689 lsst_hardware_z -34.50710886147077 41.75 30.959999084472656 AB 2.622666778004276 1.0301126386505404
60566.0265 lsst_hardware_i -73.46291085235171 58.400001525878906 31.329999923706055 AB 1.4485776834967354 1.034698345354811
60566.0438 lsst_hardware_r 114.00158228470718 70.19999694824219 31.65999984741211 AB 1.2156704959990958 1.0284860372244575
60568.0368 lsst_hardware_z -35.51697415729788 152.4600067138672 32.5099983215332 AB 2.6046236653568915 1.0286146246389831
60571.0203 lsst_hardware_r -9.37957201013301 90.0999984741211 31.65999984741211 AB 6.0813303617830465 1.030733959624245
60571.0408 lsst_hardware_i -65.27302378358972 72.18000030517578 31.34000015258789 AB 6.076126447116828 1.029851940189293
60579.9985 lsst_hardware_z -23.89996104012075 42.54999923706055 30.940000534057617 AB 4.415086840753467 1.0297578637325622
60580.0183 lsst_hardware_g 17.747817915424204 15.569999694824219 31.450000762939453 AB 4.851791636411892 1.0305784620835001
60581.986 lsst_hardware_y -12.366641267827388 65.16999816894531 30.059999465942383 AB 9.514308309432376 1.0327607391506803
60582.0048 lsst_hardware_i 19.6555060666737 31.799999237060547 31.25 AB 3.504956319363069 1.0286005339290005
60583.9863 lsst_hardware_y -68.31963359747074 69.55000305175781 30.06999969482422 AB 7.3856562811427064 1.030173370068051
60584.0049 lsst_hardware_r -7.197367829086107 25.100000381469727 31.530000686645508 AB 5.138257296705503 1.0297280776309898
60585.987 lsst_hardware_y 42.8496673708193 71.0199966430664 30.079999923706055 AB 2.239807245013603 1.0286928559461375
60586.0058 lsst_hardware_g 31.30194902919807 16.43000030517578 31.5 AB 2.4857126052589296 1.0323441289925148
