data/validation/pwv_sim_epoch_fit_epoch/57726846.ecsv
# %ECSV 0.9
# ---
# datatype:
# - {name: time, datatype: float64}
# - {name: band, datatype: string}
# - {name: flux, datatype: float64}
# - {name: fluxerr, datatype: float64}
# - {name: zp, datatype: float64}
# - {name: zpsys, datatype: string}
# - {name: pwv, datatype: float64}
# - {name: airmass, datatype: float64}
# meta: {SNID: '57726846', alt: 1024.0, c: -0.01598232239484787, dec: -6.729813, lat: -30.244573, lon: -70.7499537, ra: 200.742188, t0: 63005.0,
#   x0: 5.395739020835277e-06, x1: -2.1573519706726074, z: 0.5946862101554871}
# schema: astropy-2.0
time band flux fluxerr zp zpsys pwv airmass
62907.3683 lsst_hardware_z -38.492442269153244 70.80000305175781 30.989999771118164 AB 3.7080290478640325 1.0893418996344462
62907.3862 lsst_hardware_y 75.72934597961701 71.97000122070312 30.049999237060547 AB 4.223317042079045 1.0977257950300758
62909.3642 lsst_hardware_r 50.36019555730838 93.41000366210938 31.639999389648438 AB 6.7001851014491605 1.0895200446825066
62909.3806 lsst_hardware_y 44.59620976675124 61.13999938964844 30.040000915527344 AB 5.60475530397944 1.09760858489056
62911.3452 lsst_hardware_i -13.156131144394209 47.459999084472656 31.299999237060547 AB 2.701772143210497 1.0910740608624085
62911.3628 lsst_hardware_z 53.77532385364005 50.70000076293945 30.959999084472656 AB 2.64036894550424 1.090498273827272
62913.2838 lsst_hardware_r -1.6998658769199848 29.079999923706055 31.530000686645508 AB 5.342800721286742 1.1820355578067945
62913.2997 lsst_hardware_z 44.71979396875064 44.18000030517578 30.950000762939453 AB 5.885832619609817 1.1409231970296547
62922.2947 lsst_hardware_u -3.713118723711952 2.819999933242798 28.459999084472656 AB 9.96953672554768 1.107726302838631
62922.3132 lsst_hardware_r 8.928218785693065 24.479999542236328 31.510000228881836 AB 9.82723851149252 1.0919153901658356
62924.304 lsst_hardware_i 5.385293309685919 32.029998779296875 31.25 AB 6.664934989860073 1.0939573229150714
62924.3229 lsst_hardware_z -29.225118339492358 42.58000183105469 30.950000762939453 AB 6.642452199373976 1.0894623912373258
62926.312 lsst_hardware_r -50.06670833303625 24.3799991607666 31.5 AB 4.515395471424472 1.0892719857087019
62926.3291 lsst_hardware_u -1.9619407780120033 2.799999952316284 28.450000762939453 AB 4.502905498060158 1.0939117737614765
62928.3093 lsst_hardware_g 1.9229446168765554 15.260000228881836 31.440000534057617 AB 6.5949444541999505 1.0892182921177367
62928.3272 lsst_hardware_r -33.431695420809234 24.389999389648438 31.5 AB 6.679701949927458 1.0963811161144783
62933.3064 lsst_hardware_r -271.52615497032406 103.61000061035156 31.649999618530273 AB 10.40627754887138 1.091949375537366
62933.3254 lsst_hardware_z -232.84998082640024 72.23999786376953 30.979999542236328 AB 10.67994588133325 1.1084531272790386
62936.275 lsst_hardware_z 3.029934852304864 97.66000366210938 31.0 AB 9.717922498983835 1.0919014043802062
62936.294 lsst_hardware_r -205.9634356273237 140.75 31.649999618530273 AB 8.662324023535524 1.0903205290960098
62938.2743 lsst_hardware_i -7.579876906753471 73.23999786376953 31.329999923706055 AB 16.53876286285603 1.090132455696447
62938.2916 lsst_hardware_z 152.02853300612642 66.97000122070312 30.989999771118164 AB 16.627610458722113 1.091432508668089
62942.2778 lsst_hardware_g 16.01266255876021 21.43000030517578 31.559999465942383 AB 8.613958439076757 1.0903744859590832
62942.2965 lsst_hardware_r -12.213249736180352 28.43000030517578 31.540000915527344 AB 8.94757411830976 1.1033447337455773
62945.2649 lsst_hardware_i 27.389532433544364 32.220001220703125 31.260000228881836 AB 5.435139013077773 1.0893699480037626
62945.2847 lsst_hardware_z 15.123862757797246 42.849998474121094 30.959999084472656 AB 5.494297318815827 1.0997025690661104
62947.2651 lsst_hardware_r 38.77020277796263 25.0 31.530000686645508 AB 5.718463747276774 1.0906854372071064
62947.2853 lsst_hardware_g -20.064009442364426 15.84000015258789 31.479999542236328 AB 5.773198764604394 1.1061357023718723
62951.206 lsst_hardware_z -19.6720079764711 43.18000030517578 30.950000762939453 AB 8.272846718480293 1.1216405366945759
62951.2234 lsst_hardware_i -18.30769765893194 32.40999984741211 31.25 AB 7.169426017596029 1.0992258833372008
62953.2491 lsst_hardware_u 6.102862744564074 2.940000057220459 28.540000915527344 AB 8.365137828749335 1.090820372348431
62953.2671 lsst_hardware_g 21.317719515716593 15.949999809265137 31.479999542236328 AB 8.44258642954046 1.1040390257016426
62955.2439 lsst_hardware_r -23.39628790357197 25.09000015258789 31.520000457763672 AB 6.9644073591729345 1.0909159397200359
62955.2625 lsst_hardware_i 53.28618145878469 32.630001068115234 31.260000228881836 AB 7.29308428596165 1.1050127706002502
62959.2132 lsst_hardware_r 42.562563664458885 52.52000045776367 31.6200008392334 AB 7.814792896410835 1.0914515218450886
62959.2312 lsst_hardware_z -69.31531961617729 50.279998779296875 30.959999084472656 AB 7.783490336198313 1.090315578525416
62961.2399 lsst_hardware_i 16.125422345621047 71.75 31.31999969482422 AB 7.738053769832019 1.0986871744756523
62961.261 lsst_hardware_z -12.4405977065896 66.04000091552734 30.969999313354492 AB 7.776784464466101 1.1270702122414977
62963.2149 lsst_hardware_z 36.70677300129795 109.80999755859375 31.0 AB 9.418206769533795 1.0892822633550725
62963.2338 lsst_hardware_i 4.3820896431328 135.60000610351562 31.34000015258789 AB 9.498824160797788 1.0981299607858552
62967.223 lsst_hardware_i -64.93404314213163 60.779998779296875 31.31999969482422 AB 3.075055771641636 1.098234204157727
62967.2398 lsst_hardware_r -23.04397423682994 72.18000030517578 31.6299991607666 AB 3.1327116073738073 1.118825574062074
62969.2038 lsst_hardware_z 47.116062329996396 65.54000091552734 31.709999084472656 AB 10.681170078978655 1.0902861598140854
62971.1963 lsst_hardware_g 4.366515167007802 16.0 31.469999313354492 AB 10.788666693667482 1.0897643124916647
62971.2121 lsst_hardware_r -36.06847771364863 26.81999969482422 31.530000686645508 AB 11.035603054198777 1.0982520869993582
62974.1925 lsst_hardware_i -6.1630662344172205 32.47476144516552 31.260000228881836 AB 14.075150739087805 1.0910969565184345
62974.2115 lsst_hardware_z 81.92145976912929 43.05245525730794 30.950000762939453 AB 13.142380133431793 1.1060359607065167
62976.1902 lsst_hardware_i -43.85736995981665 32.71950216610585 31.260000228881836 AB 3.6034776963091244 1.0925423167768133
62976.2074 lsst_hardware_u 1.1484301241960138 3.243182769789408 28.489999771118164 AB 3.6311127223256587 1.1076938421310194
62978.1853 lsst_hardware_g -31.660356407471895 16.797358180106457 31.469999313354492 AB 9.986932434097072 1.0928415422768585
62982.1101 lsst_hardware_i -16.05935962975371 32.94196159491023 31.25 AB 11.207024618744038 1.143573940688167
62985.1655 lsst_hardware_z 136.65041822533902 62.364449005164104 31.700000762939453 AB 8.908873504354824 1.0924765939305097
62989.1105 lsst_hardware_z 246.62970636879808 63.17742725207074 30.979999542236328 AB 14.715973334278566 1.1093417763580884
62989.1295 lsst_hardware_r 401.448189330508 78.19427595935542 31.639999389648438 AB 12.418155935106366 1.0922821651074295
62992.1524 lsst_hardware_i 409.4323998046231 132.4041787688722 31.329999923706055 AB 3.8642854450041653 1.096328943897912
62992.1703 lsst_hardware_z 459.5207372231074 109.81241076927506 30.989999771118164 AB 3.6278034898170453 1.116877260962711
62994.1565 lsst_hardware_z 633.3927765139063 80.75052305982945 30.989999771118164 AB 10.83075760326707 1.1055741951990068
62994.1736 lsst_hardware_r 1051.2407409066855 118.67172601380061 31.639999389648438 AB 9.966257687762862 1.1321754778634927
63000.0754 lsst_hardware_z 1008.7711643210547 53.12551480492836 30.950000762939453 AB 7.108904526857834 1.116523406134399
63001.0742 lsst_hardware_g 469.64219855476415 26.39743836713329 31.450000762939453 AB 7.24250958773822 1.1142322442674184
63001.0933 lsst_hardware_r 1732.9860142877308 48.07786629328134 31.510000228881836 AB 7.142598631452137 1.0942458550143739
63004.0417 lsst_hardware_i 2968.7569154690436 71.4195024423235 31.989999771118164 AB 9.774690686637319 1.163930779547192
63004.0604 lsst_hardware_u 0.3734376306868696 2.7726577840037523 28.3700008392334 AB 9.399294726566122 1.1231531976300113
63008.0763 lsst_hardware_g 294.4997460923221 23.09761085074602 31.440000534057617 AB 5.51773502051921 1.0929815161147332
63008.0988 lsst_hardware_r 1661.8243051475463 47.81283907846315 31.510000228881836 AB 5.058283025883979 1.0907740855125978
63016.0484 lsst_hardware_g 126.093158653855 42.778395445269254 31.68000030517578 AB 11.995166867770601 1.0971021967138246
63016.0671 lsst_hardware_r 1087.8226581829163 55.85186323786947 31.610000610351562 AB 11.850161758938995 1.0892193353498778
63018.0419 lsst_hardware_i 1024.8718022723938 82.61747318532629 31.31999969482422 AB 8.03708781253848 1.0979628159205885
63018.0641 lsst_hardware_z 1102.5004814224842 76.44076624119951 30.979999542236328 AB 7.982677730411911 1.0892401160391036
63021.0415 lsst_hardware_i 868.8872025825314 94.57403611180585 31.329999923706055 AB 12.335069021817693 1.092606224482837
63021.063 lsst_hardware_z 960.1515166995939 82.94350159790828 30.989999771118164 AB 12.53533126985477 1.0906689813459876
63023.0372 lsst_hardware_g 342.72859651679903 98.41643731092664 31.719999313354492 AB 4.808356994474366 1.092022482563554
63023.0597 lsst_hardware_r 701.8603376570416 93.347097585211 31.649999618530273 AB 4.50866408134229 1.0915100261481783
63033.007 lsst_hardware_r 162.04572733916504 28.264836609172914 31.510000228881836 AB 10.012110367097648 1.093582287238511
63033.0303 lsst_hardware_i 378.5621089426251 37.4554461489669 31.25 AB 9.976390512444654 1.090693374294709
63036.9933 lsst_hardware_g 89.49762846532897 18.439222572608646 31.469999313354492 AB 4.031539105114145 1.0954029041406803
63037.0111 lsst_hardware_r 151.0048269663142 27.50829672256882 31.510000228881836 AB 3.824191070024282 1.0892028111718262
63042.9981 lsst_hardware_i 264.32393516534995 37.13583002576312 31.270000457763672 AB 6.6417297460265186 1.0894779161003108
63043.0176 lsst_hardware_z 323.6913526862005 47.862458351603934 30.950000762939453 AB 4.470316382950467 1.1001598973627074
63044.9639 lsst_hardware_y 166.84351356054708 54.200885880471965 30.040000915527344 AB 7.148211666540742 1.1019853545540097
63044.9834 lsst_hardware_i 147.28872412354895 48.938738424170666 31.299999237060547 AB 7.027989284783105 1.0898219476305813
63046.9643 lsst_hardware_y 197.31051152840465 58.835124722685485 30.049999237060547 AB 1.8140781434279447 1.0966719254980017
63046.9835 lsst_hardware_z 407.9221182077863 67.92361589185967 30.989999771118164 AB 1.759061892130363 1.0892024099878408
63048.9654 lsst_hardware_y -36.82503184367711 56.26143275434616 30.040000915527344 AB 10.159556003082834 1.0924253766755734
63048.985 lsst_hardware_i 148.0451827899597 69.13763371590723 31.329999923706055 AB 10.138748912316307 1.090188055087775
63056.9592 lsst_hardware_y 116.78502763020816 60.4749861380181 30.049999237060547 AB 8.7684888677775 1.0893886032771152
63056.9783 lsst_hardware_r 55.31678610373185 27.42037060694237 31.520000457763672 AB 8.713631985687044 1.0991651826789082
