data/validation/pwv_sim_epoch_fit_epoch/5774884.ecsv
# %ECSV 0.9
# ---
# datatype:
# - {name: time, datatype: float64}
# - {name: band, datatype: string}
# - {name: flux, datatype: float64}
# - {name: fluxerr, datatype: float64}
# - {name: zp, datatype: float64}
# - {name: zpsys, datatype: string}
# - {name: pwv, datatype: float64}
# - {name: airmass, datatype: float64}
# meta: {SNID: '5774884', alt: 1024.0, c: -0.05701012536883354, dec: -65.509369, lat: -30.244573, lon: -70.7499537, ra: 262.218048, t0: 62263.390625,
#   x0: 1.7834450630624205e-05, x1: 1.3000223636627197, z: 0.3601170778274536}
# schema: astropy-2.0
time band flux fluxerr zp zpsys pwv airmass
62228.4024 lsst_hardware_i -77.20088275156401 86.80999755859375 32.040000915527344 AB 12.923545728921244 1.2254162122954837
62228.4145 lsst_hardware_y 89.58114659466996 97.58999633789062 30.760000228881836 AB 12.877144102211194 1.2285397457984921
62236.3826 lsst_hardware_u -0.12559392595033655 2.7096768939413263 28.3799991607666 AB 5.369499038998106 1.22572645845338
62236.3941 lsst_hardware_g 2.478819593221168 13.983075385322017 31.3700008392334 AB 5.398924261423514 1.2291233378311928
62244.3855 lsst_hardware_u 4.882334670561289 3.608299337337281 28.290000915527344 AB 15.987383820003362 1.2365761438656762
62244.3969 lsst_hardware_g 589.0839736938541 27.443701753016853 31.350000381469727 AB 16.107784617052925 1.246089578420804
62250.3168 lsst_hardware_z 1427.3762837789584 57.635854212316524 30.93000030517578 AB 10.939035578378352 1.2291051211661068
62250.3277 lsst_hardware_u 24.027131814922004 4.537566870833007 28.309999465942383 AB 10.909884377471682 1.225829705333897
62252.3263 lsst_hardware_z 1740.3377978774233 68.29534156201426 30.950000762939453 AB 4.571448883935807 1.2252610249090878
62252.3384 lsst_hardware_r 4247.666824882999 85.0852312662247 31.59000015258789 AB 3.885915889408538 1.2256476547574635
62254.3274 lsst_hardware_i 3478.798736998793 97.31949494698283 31.299999237060547 AB 3.5527435229621274 1.2250839734352164
62254.3382 lsst_hardware_z 2172.1784963437094 82.75825388980685 30.959999084472656 AB 4.42462641258707 1.2267910570943819
62259.3073 lsst_hardware_z 4678.440367217128 100.03878422927545 31.700000762939453 AB 15.290155104054541 1.2252544991562906
62264.3017 lsst_hardware_z 5172.892229376045 93.14635960260284 31.690000534057617 AB 11.791811066875828 1.225186873798725
62264.3157 lsst_hardware_u 44.35187818289811 8.23304064529749 29.1200008392334 AB 11.862250444663143 1.2283577140585216
62266.291 lsst_hardware_g 3068.405584778578 56.43889384835365 31.3700008392334 AB 8.698054620423514 1.2250781155526076
62266.3031 lsst_hardware_r 5498.901745867633 76.93382029471748 31.469999313354492 AB 8.338281260270271 1.226217832392687
62270.302 lsst_hardware_i 4097.3726432818485 70.91139722700731 31.229999542236328 AB 8.376229162465672 1.2294479909681009
62270.3141 lsst_hardware_u 14.252917438795318 4.96266329877434 28.31999969482422 AB 8.239286688691147 1.236294799113384
62272.3009 lsst_hardware_g 2237.3901012762108 48.66385284402903 31.350000381469727 AB 4.636473807133597 1.2315489228058718
62272.3132 lsst_hardware_r 4474.949147886423 71.21380430764921 31.459999084472656 AB 4.6365156426629435 1.2397100648831398
62277.2834 lsst_hardware_r 3649.9438266329225 64.83934774377998 31.459999084472656 AB 7.359625712607 1.229678481638554
62277.2941 lsst_hardware_i 3401.98812535382 65.8372735174992 31.219999313354492 AB 8.211147324709092 1.2356880849826148
62283.2733 lsst_hardware_i 3026.4498116113054 102.27241363886064 31.299999237060547 AB 4.315176190500626 1.232907483000179
62283.2871 lsst_hardware_z 1473.9283693698512 85.43166531434626 30.969999313354492 AB 4.350615096380114 1.2430328846800327
62285.2738 lsst_hardware_z 1472.008409189659 80.36452317609243 30.969999313354492 AB 10.288238974884178 1.2367653840620505
62285.2877 lsst_hardware_r 2517.2141954264775 116.72726535263259 31.610000610351562 AB 10.3858627579883 1.248826159801379
62288.2162 lsst_hardware_y 442.7727877410816 54.21243716214737 29.989999771118164 AB 8.28197840335811 1.2279299797407497
62288.2292 lsst_hardware_r 2328.337027997761 72.43805999997352 31.59000015258789 AB 8.21366864955485 1.2251892377021714
62302.2245 lsst_hardware_r 870.3805477046727 37.83735810892077 31.459999084472656 AB 14.3238603074706 1.2348155437474655
62302.2367 lsst_hardware_g 255.95573581567425 20.57849397551046 31.350000381469727 AB 14.434818296793564 1.2443808876546176
62306.2027 lsst_hardware_i 1376.5809973170503 48.63273568702262 31.229999542236328 AB 4.636284793822868 1.2290502468878965
62306.2156 lsst_hardware_z 1223.7428887400445 55.29720528675329 30.940000534057617 AB 4.26254230772397 1.2361764148263836
62308.1984 lsst_hardware_r 692.8284940643044 53.56179379645902 31.56999969482422 AB 3.606563063680385 1.2295450656031313
62308.2123 lsst_hardware_z 1180.3759832390826 59.47661603244813 30.940000534057617 AB 3.5632121575333886 1.2377278379667882
62310.1893 lsst_hardware_y 187.34300990808265 56.89999768195515 29.989999771118164 AB 3.788168501147412 1.2280973122725432
62310.2019 lsst_hardware_r 735.7390565633797 80.1291647458425 31.600000381469727 AB 3.81945168008182 1.2343375029888257
62312.189 lsst_hardware_i 1329.8985014441819 95.24822954286608 31.309999465942383 AB 4.654095055794026 1.230238576767811
62312.2014 lsst_hardware_z 914.8942004283763 84.62407938951294 30.969999313354492 AB 4.670430277456689 1.23774653996202
62323.1282 lsst_hardware_g 140.5229053220925 18.53451052850081 31.360000610351562 AB 5.9367664884592894 1.2259292032886748
62323.1408 lsst_hardware_i 709.4647747391779 41.546408600822915 31.219999313354492 AB 5.981277831548782 1.2252532259915565
62327.1035 lsst_hardware_r 408.522032398847 30.717806807007033 31.450000762939453 AB 10.637778964856794 1.230559763035798
62327.1154 lsst_hardware_u 2.9613934141393 2.8241748192734235 28.239999771118164 AB 10.624049216486371 1.22632349555441
62328.1241 lsst_hardware_r 392.31639581986946 30.67066027434615 31.459999084472656 AB 8.887973663660203 1.2251106614432037
62328.1359 lsst_hardware_i 621.4986176739402 40.718083244744435 31.219999313354492 AB 9.146269010064026 1.2267814378732684
62343.1028 lsst_hardware_z 92.67302450303556 67.0999984741211 30.959999084472656 AB 9.19885898984644 1.22956111117722
62343.1154 lsst_hardware_r -44.246792613677776 96.45999908447266 31.610000610351562 AB 9.120292089973194 1.236789525140449
62345.1166 lsst_hardware_y 95.08334871384363 73.80999755859375 30.739999771118164 AB 4.7196916133596085 1.2420241087788444
62347.0451 lsst_hardware_u -7.531891207986548 2.549999952316284 28.280000686645508 AB 5.916323065226576 1.2325673052555368
62347.0583 lsst_hardware_g 11.025020832885286 13.399999618530273 31.350000381469727 AB 5.889479582979432 1.226974913120715
62348.0464 lsst_hardware_r 24.339580852470583 22.700000762939453 31.450000762939453 AB 4.409971483753183 1.2304607934579193
62348.0589 lsst_hardware_i -15.73934159622225 31.469999313354492 31.219999313354492 AB 4.394545554899758 1.2261566838447986
62351.0493 lsst_hardware_z 36.21524995640468 43.06999969482422 30.93000030517578 AB 1.9426349720677045 1.226475491388039
62351.0614 lsst_hardware_r -9.412828908291415 22.65999984741211 31.459999084472656 AB 1.926722640033713 1.2251309707717548
62352.0883 lsst_hardware_g -21.59824593356893 13.329999923706055 31.329999923706055 AB 2.3068018782449116 1.235069938827419
62352.0999 lsst_hardware_i -33.77963290281395 31.610000610351562 31.209999084472656 AB 2.2360852568112883 1.2441704030108713
62358.0494 lsst_hardware_g -40.035201334231886 13.380000114440918 31.350000381469727 AB 3.9568924734040856 1.2258031206332358
62358.0611 lsst_hardware_r 15.095713210248507 22.84000015258789 31.459999084472656 AB 3.9538975002382504 1.229254624666019
62362.0315 lsst_hardware_z -26.460903769981087 43.84000015258789 30.93000030517578 AB 3.8402041924943315 1.2251409132219913
62362.0432 lsst_hardware_r -14.779319859184804 23.6200008392334 31.459999084472656 AB 4.098891024851154 1.2268455626612256
62364.0271 lsst_hardware_z -8.156932671533733 44.84000015258789 30.940000534057617 AB 7.121027436641071 1.2251756955810695
62364.0381 lsst_hardware_g -17.246891144152098 25.1299991607666 31.559999465942383 AB 7.146650694822252 1.226945481749818
62366.0299 lsst_hardware_r -40.22554625197361 50.9900016784668 31.59000015258789 AB 2.857501259914071 1.2262638171501217
62366.0413 lsst_hardware_z -46.61508210163448 51.65999984741211 30.950000762939453 AB 2.8650532253114287 1.2301645450027605
62367.0309 lsst_hardware_r -69.11997490082766 58.08000183105469 31.600000381469727 AB 2.930224443255646 1.2272334677882086
62367.0429 lsst_hardware_y -43.43668901610707 52.619998931884766 29.989999771118164 AB 3.0577451646913474 1.232382010354543
62369.0254 lsst_hardware_z -43.58489904579452 60.599998474121094 30.959999084472656 AB 3.271776659934973 1.2272230532389246
62369.0354 lsst_hardware_r 22.6626036747668 77.69000244140625 31.610000610351562 AB 3.285899461767435 1.2312888315391337
62591.3929 lsst_hardware_g 6.550088016093694 13.5600004196167 31.329999923706055 AB 6.130097099367928 1.2260194198735856
62591.4048 lsst_hardware_y 56.57861424548256 51.220001220703125 29.979999542236328 AB 6.125394935589215 1.225078987117843
62594.4014 lsst_hardware_z -21.305426427096794 43.900001525878906 30.93000030517578 AB 7.459536265796423 1.2255536033619534
62594.4124 lsst_hardware_y 76.72990045692256 59.9900016784668 29.989999771118164 AB 7.6273393985378295 1.2284987756691037
62596.3948 lsst_hardware_u 4.284833260301959 2.5399999618530273 28.239999771118164 AB 10.155475676471077 1.2253967633750924
62596.4074 lsst_hardware_y -104.36190436900502 50.75 29.989999771118164 AB 10.07485796082701 1.2286786744506857
62602.38 lsst_hardware_u 2.9352183827494174 2.7300000190734863 28.43000030517578 AB 5.393971445169061 1.2256240502542741
62602.3909 lsst_hardware_r -27.98373167359739 22.989999771118164 31.469999313354492 AB 5.489224645754613 1.2286329015174557
62606.3756 lsst_hardware_r -6.460168207668908 22.920000076293945 31.469999313354492 AB 11.71592594198828 1.2271197634970703
62606.3865 lsst_hardware_u -1.3442474314413657 2.7100000381469727 28.40999984741211 AB 11.670975792318227 1.2316569299781788
62608.3805 lsst_hardware_y -56.22247282129514 54.38999938964844 29.989999771118164 AB 18.048838805204586 1.231372253467821
62608.3917 lsst_hardware_r 103.4748368505101 71.58000183105469 31.600000381469727 AB 18.02527525425687 1.2385951524948031
62616.3373 lsst_hardware_r -27.01980119461362 30.280000686645508 31.520000457763672 AB 19.11205156140943 1.2251315103467584
62616.3511 lsst_hardware_z 60.94988684753437 45.099998474121094 30.93000030517578 AB 19.157499102952848 1.2280448142918492
62627.305 lsst_hardware_r -9.441355641351189 22.670000076293945 31.450000762939453 AB 3.796425949043011 1.2250487089522462
62627.3164 lsst_hardware_u 5.549012645338008 2.5799999237060547 28.309999465942383 AB 3.700679487239929 1.2266090444945075
62633.3029 lsst_hardware_z -104.90271085270308 43.33000183105469 30.920000076293945 AB 10.94372141274466 1.2274479573131758
62633.3148 lsst_hardware_r -37.08781685598439 22.739999771118164 31.450000762939453 AB 10.997089666765454 1.2327884834667848
62639.2786 lsst_hardware_z -38.699454777474095 75.72000122070312 30.969999313354492 AB 9.687338104235629 1.2255859954120414
62639.2927 lsst_hardware_r 21.09152416789 111.2699966430664 31.610000610351562 AB 9.785962373956755 1.229842891422538
62642.2755 lsst_hardware_i 12.289568489649724 53.880001068115234 31.280000686645508 AB 7.270256426970723 1.2266334447394502
62642.287 lsst_hardware_z -12.221962021399687 54.869998931884766 30.950000762939453 AB 7.374761670399467 1.231041899131894
62644.2815 lsst_hardware_r 56.19753888453999 38.68000030517578 31.559999465942383 AB 2.0077995787423983 1.2310236534289718
62644.2929 lsst_hardware_z -61.08347563918547 46.86000061035156 30.940000534057617 AB 2.9104336398421387 1.2382189490926743
62649.2547 lsst_hardware_r 42.582293292174946 22.959999084472656 31.450000762939453 AB 9.433399281227405 1.2262315457204314
62649.2613 lsst_hardware_z -33.94159942710833 43.5 30.93000030517578 AB 9.434011724528197 1.2281737186940023
62654.2273 lsst_hardware_r -42.61548726474408 23.09000015258789 31.459999084472656 AB 12.886441305205066 1.2251798160491842
62654.2407 lsst_hardware_i -50.22957604160693 31.790000915527344 31.229999542236328 AB 12.926981754496444 1.2261586335996615
62657.2152 lsst_hardware_u -2.4315166903948136 2.5399999618530273 28.260000228881836 AB 9.948042558464067 1.2256189433535143
62657.2278 lsst_hardware_g 4.312878393965959 13.6899995803833 31.350000381469727 AB 9.765980666731881 1.2253810554574336
62675.1984 lsst_hardware_g 9.761017431860177 13.699999809265137 31.350000381469727 AB 3.7913426874212957 1.2318553122967413
62675.2111 lsst_hardware_r -16.669091806239894 23.079999923706055 31.450000762939453 AB 3.9524833537714494 1.2404812408856085
62676.1895 lsst_hardware_i -11.316798119402364 31.90999984741211 31.229999542236328 AB 4.611792490698355 1.2289374197988157
62676.2013 lsst_hardware_r -9.456758954548842 23.25 31.469999313354492 AB 4.66839279727537 1.235242405347161
62678.1954 lsst_hardware_u 0.4930408891794511 2.549999952316284 28.270000457763672 AB 7.553189460689576 1.2349548127677423
62678.208 lsst_hardware_g -10.659251100123948 13.720000267028809 31.350000381469727 AB 7.602164246777407 1.2449468586504586
62680.1928 lsst_hardware_r 11.428921686859454 23.09000015258789 31.459999084472656 AB 7.404280515401403 1.236915709838406
62680.2053 lsst_hardware_i 11.753859446569006 31.81999969482422 31.219999313354492 AB 7.4683171237172905 1.2476132903347057
62682.1276 lsst_hardware_r 56.88878424323778 23.059999465942383 31.450000762939453 AB 3.967808874919652 1.2326215827647256
62682.1395 lsst_hardware_i -15.826730563046159 31.739999771118164 31.219999313354492 AB 3.9566491012955805 1.2273753804039644
62686.1303 lsst_hardware_z -41.04236119762959 43.2400016784668 30.93000030517578 AB 10.633413677575263 1.2268733631162265
62686.1419 lsst_hardware_i -11.172670454420041 31.59000015258789 31.229999542236328 AB 10.75037789806945 1.2251142903782848
62688.1309 lsst_hardware_u 0.6180692061930173 2.509999990463257 28.229999542236328 AB 5.897985385514229 1.225597849729354
62688.1429 lsst_hardware_g 4.296994129032198 13.539999961853027 31.34000015258789 AB 5.921859151767271 1.2253812564009554
62707.1095 lsst_hardware_u -1.663210752926276 2.440000057220459 28.190000534057617 AB 6.58220125806847 1.2310850233295143
62707.1214 lsst_hardware_g 3.9361672847815545 13.279999732971191 31.31999969482422 AB 6.634282291956172 1.2386636094017767
62709.1115 lsst_hardware_r 10.579758394628195 22.770000457763672 31.450000762939453 AB 3.7498716720104075 1.2354747148460223
62709.1234 lsst_hardware_i -26.04071621803066 31.65999984741211 31.209999084472656 AB 3.7904505129262387 1.2450157703813372
62719.0893 lsst_hardware_z -50.34110648899418 45.150001525878906 30.93000030517578 AB 2.4401729511299455 1.2391906649834679
62719.1012 lsst_hardware_i -16.34376836963543 35.33000183105469 31.229999542236328 AB 2.4499770848349725 1.2500946091512743
62722.0487 lsst_hardware_r 10.754638683688837 61.400001525878906 31.59000015258789 AB 4.889878942812525 1.2252776636824034
62722.0607 lsst_hardware_z 72.66644206244902 55.560001373291016 30.950000762939453 AB 4.837479167611083 1.2277865907642345
62725.0278 lsst_hardware_r 254.80271325696899 91.55999755859375 31.610000610351562 AB 2.885328533283868 1.225973457949381
62725.0382 lsst_hardware_i 25.197063236499226 72.7300033569336 31.299999237060547 AB 2.793341656611621 1.2251498493910618
62731.0301 lsst_hardware_z 59.222059670378776 43.5099983215332 30.940000534057617 AB 2.887578352623793 1.2261479204347316
62731.0421 lsst_hardware_r -24.89894800624296 22.8799991607666 31.469999313354492 AB 3.5512642697491446 1.2301946028402684
62733.0115 lsst_hardware_r -18.617105183021263 22.770000457763672 31.459999084472656 AB 3.3660712928099854 1.225251175834149
62733.0218 lsst_hardware_u -0.1384836664316872 2.549999952316284 28.280000686645508 AB 3.3763395423889833 1.2256428141896663
62738.0093 lsst_hardware_u -2.910833798836582 2.559999942779541 28.290000915527344 AB 5.326536166874263 1.2258296224323717
62738.0207 lsst_hardware_g 10.350284899591053 13.40999984741211 31.34000015258789 AB 5.339592820702414 1.2291880342316792
62742.0098 lsst_hardware_z 89.35338753632077 43.5 30.93000030517578 AB 6.246178737732624 1.229199790953975
62742.0215 lsst_hardware_r -58.875679053404596 22.8799991607666 31.450000762939453 AB 6.257241164415531 1.2355711436867316
