data/validation/pwv_sim_epoch_fit_epoch/57784947.ecsv
# %ECSV 0.9
# ---
# datatype:
# - {name: time, datatype: float64}
# - {name: band, datatype: string}
# - {name: flux, datatype: float64}
# - {name: fluxerr, datatype: float64}
# - {name: zp, datatype: float64}
# - {name: zpsys, datatype: string}
# - {name: pwv, datatype: float64}
# - {name: airmass, datatype: float64}
# meta: {SNID: '57784947', alt: 1024.0, c: -0.08996442705392838, dec: -30.345182, lat: -30.244573, lon: -70.7499537, ra: 282.128906, t0: 60523.390625,
#   x0: 3.4378560721177342e-06, x1: 0.9319687485694885, z: 0.7143735289573669}
# schema: astropy-2.0
time band flux fluxerr zp zpsys pwv airmass
60394.3421 lsst_hardware_r 40.607153521333395 84.06999969482422 31.59000015258789 AB 9.81023494216134 1.3080313256215121
60394.3595 lsst_hardware_z 13.264781232496501 59.86000061035156 30.959999084472656 AB 9.1358055240469 1.2181074032062533
60398.3454 lsst_hardware_i 18.29284752400841 61.2400016784668 31.280000686645508 AB 7.783266721945627 1.2328625447259722
60398.3633 lsst_hardware_z 70.908478421341 58.77000045776367 30.959999084472656 AB 7.20993502366244 1.1582069889820656
60400.3397 lsst_hardware_r -133.88440587971417 73.62999725341797 31.610000610351562 AB 7.413283373767915 1.2340047230575133
60400.3589 lsst_hardware_z -52.430145220065945 63.650001525878906 30.969999313354492 AB 7.0232722197899164 1.1543839940483245
60402.3443 lsst_hardware_r 39.20995360215388 49.75 31.59000015258789 AB 6.873543702024502 1.1894516464675755
60402.362 lsst_hardware_i 27.14547397978868 47.5099983215332 31.290000915527344 AB 6.54401882032591 1.1256913108359041
60404.3389 lsst_hardware_z -3.929883773554387 45.189998626708984 30.940000534057617 AB 9.196522652351838 1.1892055153903438
60404.3576 lsst_hardware_i -40.514138640424065 34.529998779296875 31.260000228881836 AB 8.638717808277994 1.1223972899451702
60414.3417 lsst_hardware_g 7.218216268104542 22.75 32.22999954223633 AB 10.713914566437266 1.090308305748445
60414.3605 lsst_hardware_r -11.092045454146447 35.41999816894531 32.279998779296875 AB 10.371330932098171 1.0494377508383808
60416.3522 lsst_hardware_i 3.807742722182529 32.040000915527344 31.270000457763672 AB 15.507129988880918 1.0547274265520095
60416.3709 lsst_hardware_r 18.237378665960374 24.829999923706055 31.540000915527344 AB 15.092096242756545 1.0251912196828765
60419.3446 lsst_hardware_u 6.528303081366659 2.9000000953674316 28.520000457763672 AB 4.715403163902903 1.0536036563295503
60419.3648 lsst_hardware_g 16.538888355543804 15.670000076293945 31.479999542236328 AB 4.6253819013044115 1.0226358393332768
60425.2312 lsst_hardware_r -63.86957908919504 106.97000122070312 31.549999237060547 AB 8.89435794342718 1.4971566183353364
60425.2495 lsst_hardware_z -45.485491430301586 72.63999938964844 30.950000762939453 AB 8.071671798418205 1.3576483177424656
60434.2564 lsst_hardware_r 31.020702829347314 24.690000534057617 31.489999771118164 AB 10.71554661880729 1.1916755581413803
60434.2766 lsst_hardware_i -3.862387758740183 32.060001373291016 31.25 AB 10.156641889446448 1.11964156935178
60444.2538 lsst_hardware_i -1.7125286497532806 32.0099983215332 31.25 AB 7.934351230131502 1.1064497601633905
60444.274 lsst_hardware_z -19.200396372483254 41.88999938964844 30.950000762939453 AB 7.562897662935055 1.0581549075427918
60448.2311 lsst_hardware_y 56.09820373826303 49.349998474121094 30.010000228881836 AB 9.236765736762282 1.1430697636451963
60448.2477 lsst_hardware_r -43.543274126228255 38.72999954223633 31.59000015258789 AB 8.778168387713738 1.093353199499401
60451.2441 lsst_hardware_z 138.992747908003 80.16999816894531 31.729999542236328 AB 5.176550075793252 1.0818286469787362
60457.1111 lsst_hardware_z -138.01590910301525 111.9000015258789 30.8799991607666 AB 14.445438896804392 1.8793870739053344
60457.1321 lsst_hardware_i -19.242201741644347 120.26000213623047 31.229999542236328 AB 11.555542940732868 1.6104164087147752
60459.1588 lsst_hardware_r -52.492084697425305 47.470001220703125 31.540000915527344 AB 16.179962272684303 1.3438506871000253
60459.1777 lsst_hardware_z 90.45273193879035 53.529998779296875 30.950000762939453 AB 15.356846844059234 1.2384553906499383
60461.1457 lsst_hardware_r 8.521020130720915 25.270000457763672 31.450000762939453 AB 9.991029186264663 1.3956550362634161
60461.1656 lsst_hardware_u 1.30940522146664 2.6700000762939453 28.290000915527344 AB 9.154951657182718 1.2721689273031707
60465.1591 lsst_hardware_i 8.677723422559145 32.880001068115234 31.219999313354492 AB 10.378198220572106 1.2493567409047297
60465.1799 lsst_hardware_z 35.312969888017456 43.18000030517578 30.940000534057617 AB 9.453366325483712 1.1599815522859138
60467.1673 lsst_hardware_r -8.890237134482799 24.559999465942383 31.479999542236328 AB 5.31863727867353 1.187593452868936
60467.1882 lsst_hardware_u -2.697877492652038 2.680000066757202 28.360000610351562 AB 5.00068304034309 1.1145653135980143
60483.154 lsst_hardware_z -51.28369546663242 115.55999755859375 31.0 AB 3.759699856068192 1.0885848298424008
60483.1733 lsst_hardware_i -275.7109127093641 138.50999450683594 31.34000015258789 AB 3.2422774583886342 1.0473318124488844
60484.1608 lsst_hardware_z 48.438031105758085 103.5199966430664 31.0 AB 3.764047014960454 1.06637779303352
60484.1809 lsst_hardware_r 20.326674033579412 152.2100067138672 31.670000076293945 AB 3.872530225360264 1.0309793385171755
60486.1698 lsst_hardware_y 27.70434384559744 75.38999938964844 30.809999465942383 AB 6.362243928346339 1.0394408051757211
60496.0784 lsst_hardware_g 15.113500260344688 16.301158572028662 31.420000076293945 AB 7.655368149819321 1.2302556253141257
60496.0987 lsst_hardware_r 11.694187016508195 25.742114223941204 31.510000228881836 AB 6.03908460356571 1.1477149162647675
60498.0389 lsst_hardware_r 76.24135114200716 27.336905388484766 31.440000534057617 AB 1.3815091175392509 1.4390719974367197
60498.0579 lsst_hardware_i 139.6002136763943 35.39304538076513 31.219999313354492 AB 2.467082296328223 1.3096075181782652
60500.0635 lsst_hardware_u 1.3284516219108364 2.796617141034062 28.350000381469727 AB 10.481543410054373 1.2495630841130532
60500.083 lsst_hardware_g 37.83749609045882 17.20405481597845 31.440000534057617 AB 9.778062046801933 1.1649448940323708
60502.0643 lsst_hardware_r 334.97975956049925 31.19290572838487 31.489999771118164 AB 9.991747697403493 1.2196833565824383
60502.0817 lsst_hardware_i 336.49621061423585 37.39154850446086 31.239999771118164 AB 9.338693976839103 1.149873050155649
60507.0753 lsst_hardware_z 806.2917812275646 76.70884128583376 31.709999084472656 AB 1.8603856012973303 1.125800666443306
60510.0712 lsst_hardware_y 435.73124455177606 96.56494053701655 30.790000915527344 AB 3.139453810406711 1.1133801969701964
60512.0673 lsst_hardware_z 654.9301292888655 104.8305137482998 31.0 AB 5.718349262277549 1.1088519027104031
60512.0868 lsst_hardware_r 1001.5361381430512 153.7695809231556 31.65999984741211 AB 5.183112607766244 1.0612614754755392
60515.0759 lsst_hardware_i 1115.1335497909356 61.60048267670454 31.309999465942383 AB 5.014589478369337 1.066933931567944
60515.0944 lsst_hardware_z 752.9152196333774 58.57807629163056 30.969999313354492 AB 5.490738781165009 1.0336481139241358
60522.0693 lsst_hardware_z 805.1819825345964 49.39545187313346 30.950000762939453 AB 3.9471826253285696 1.043055460217631
60522.0874 lsst_hardware_r 1127.162766377038 41.100006016337794 31.520000457763672 AB 4.096628163061087 1.0183439938006595
60523.9757 lsst_hardware_y 402.7914792303475 105.5844578500842 30.700000762939453 AB 5.378425865159448 1.381444999612872
60524.0056 lsst_hardware_r 2054.892728306983 57.241489716334144 32.22999954223633 AB 2.6128903305687308 1.2135104871439262
60525.9889 lsst_hardware_z 1422.6342952245989 73.88412547395382 31.68000030517578 AB 1.4118042186236155 1.2680876215182175
60527.979 lsst_hardware_y 186.31163073575772 53.175769106313425 29.959999084472656 AB 4.042646521174159 1.2922684670775149
60527.9974 lsst_hardware_g 187.01831532063048 20.002099345341865 31.389999389648438 AB 3.795062578809146 1.201602927327434
60531.967 lsst_hardware_y 201.13674782854116 77.51726590353 29.979999542236328 AB 10.037809068397218 1.298384305833349
60531.9844 lsst_hardware_i 1020.1297772840738 46.103582066757 31.239999771118164 AB 9.42369861878013 1.2106498739440044
60535.9799 lsst_hardware_y 225.52325057247504 54.661172900441834 30.010000228881836 AB 5.290260417609383 1.1835696442998787
60535.9984 lsst_hardware_i 943.9184290823457 56.56769518010322 31.299999237060547 AB 4.959787957953708 1.1187701929631886
60537.9888 lsst_hardware_z 1251.09646184103 115.74015157953201 31.739999771118164 AB 4.550211620835373 1.1317057587884363
60541.9734 lsst_hardware_y 234.3422318240251 68.35240473939866 30.030000686645508 AB 3.63094559235259 1.1466747488878264
60541.9912 lsst_hardware_z 687.2967837063088 71.05883096120316 30.989999771118164 AB 3.479449423369884 1.092963538046139
60543.974 lsst_hardware_y 244.5771867755576 62.96564470380037 30.030000686645508 AB 1.5773212212092431 1.1266580151494594
60543.9932 lsst_hardware_u 1.2875032404628541 2.8614415962307755 28.469999313354492 AB 1.5046221114047917 1.0747300795748513
60546.9966 lsst_hardware_u -1.4869028922789926 3.105091631982171 28.56999969482422 AB 2.703496156026822 1.0508536496605942
60547.0137 lsst_hardware_g 104.39639695190375 17.692419208522836 31.489999771118164 AB 2.3158786291936995 1.0246117151614642
60547.9769 lsst_hardware_z 514.3500900313408 55.28566705086316 30.969999313354492 AB 2.3558167386579685 1.0876346900544636
60547.9944 lsst_hardware_g 60.68828288006355 17.61410174467064 31.469999313354492 AB 2.2719476696149883 1.0498833963100684
60549.9776 lsst_hardware_y 168.36740045849663 58.15350971271948 30.049999237060547 AB 5.692000462359259 1.0729501342807273
60549.9945 lsst_hardware_i 484.60845821107836 38.301757024687284 31.260000228881836 AB 5.501611849730672 1.0403300062522542
60555.9807 lsst_hardware_y 151.0883458421687 55.88467257544006 30.059999465942383 AB 1.3046602923259139 1.036267110664206
60555.9972 lsst_hardware_g 16.76609859442806 16.24536375129532 31.489999771118164 AB 1.3086624065319759 1.0156479678168226
60760.3464 lsst_hardware_z -2.4837827754753485 45.599998474121094 30.940000534057617 AB 9.544881429533708 1.272650857271161
60760.3653 lsst_hardware_u -3.416674532485158 3.049999952316284 28.5 AB 8.884781827130336 1.1846375769507114
60762.3341 lsst_hardware_g 5.866180185191824 16.809999465942383 31.40999984741211 AB 10.42589566739948 1.3110761009451697
60762.3503 lsst_hardware_r -30.173513898768224 26.59000015258789 31.489999771118164 AB 9.582638424029703 1.2259892434389228
60764.3331 lsst_hardware_i 36.345699381221436 34.599998474121094 31.229999542236328 AB 8.073770846343846 1.2855811227808043
60764.3511 lsst_hardware_z 8.840753147456887 44.7599983215332 30.940000534057617 AB 7.446304230624837 1.1981984682199565
60769.3442 lsst_hardware_g 20.40335687449014 16.260000228881836 31.440000534057617 AB 9.019020329055975 1.1709971863225261
60769.3644 lsst_hardware_r 24.9263689425774 25.459999084472656 31.510000228881836 AB 8.41927953888273 1.104505799223727
60771.3394 lsst_hardware_i -2.706007086679221 33.15999984741211 31.25 AB 21.09889798787151 1.168482443485592
60771.3582 lsst_hardware_r -28.305306024682295 25.43000030517578 31.520000457763672 AB 20.080850381815182 1.106586170930316
60773.338 lsst_hardware_u 1.7471634167659065 2.7699999809265137 28.360000610351562 AB 10.712466252704637 1.153552603532495
60773.3554 lsst_hardware_g 4.83417247184093 16.239999771118164 31.459999084472656 AB 10.185780753904346 1.099224513893055
60778.3423 lsst_hardware_r -29.44755143937592 85.83000183105469 31.639999389648438 AB 12.788143529669295 1.097741836960324
60778.3611 lsst_hardware_z 28.090223835766082 60.58000183105469 30.989999771118164 AB 12.425407610449644 1.0547212707551947
60780.3412 lsst_hardware_z 15.262496063157391 64.4000015258789 30.989999771118164 AB 10.69268324506816 1.0864615789944025
60780.3598 lsst_hardware_i -80.58604566026402 71.0199966430664 31.34000015258789 AB 10.302692388126777 1.0470747891790007
60784.3452 lsst_hardware_y -38.84027221887881 77.5199966430664 30.809999465942383 AB 11.55849634747137 1.0538060793926185
60790.251 lsst_hardware_i 53.58528564974321 33.97999954223633 31.219999313354492 AB 18.361238318760115 1.3524445715897848
60790.2728 lsst_hardware_z 60.30483276679287 44.29999923706055 30.940000534057617 AB 16.674714759709758 1.2309544958384113
60792.2424 lsst_hardware_r 15.292581052981948 25.43000030517578 31.440000534057617 AB 3.941404245549808 1.3734312206811772
60792.2616 lsst_hardware_g 12.725460295395914 15.420000076293945 31.3799991607666 AB 3.390083201665087 1.2592397207943118
60795.2547 lsst_hardware_z -42.493065169693125 44.72999954223633 30.93000030517578 AB 13.170594118048985 1.252672067533668
60795.2745 lsst_hardware_i -19.501346174334493 32.65999984741211 31.239999771118164 AB 12.350210789868706 1.1661410162912664
60800.2467 lsst_hardware_r -28.827010434011047 24.84000015258789 31.489999771118164 AB 11.272283176328537 1.2253369638736724
60800.268 lsst_hardware_i 27.246980800475765 32.2599983215332 31.25 AB 10.347988746262905 1.1406932294245349
60802.2473 lsst_hardware_z 20.049650728123776 67.5 31.709999084472656 AB 8.173630255184987 1.1984502219180841
60806.2375 lsst_hardware_i 135.38406823939135 68.94000244140625 31.309999465942383 AB 8.953044539511096 1.1937392719348128
60806.2581 lsst_hardware_z 33.857031047178964 61.900001525878906 30.979999542236328 AB 8.847488078759627 1.1199351998429907
60808.2432 lsst_hardware_i -90.07946988651655 88.36000061035156 31.31999969482422 AB 7.61160146489979 1.150889793594032
60808.2625 lsst_hardware_z -7.404870446822295 76.79000091552734 30.989999771118164 AB 7.64541658335839 1.0922023690511986
60810.2416 lsst_hardware_z 64.17456093138294 91.2699966430664 30.989999771118164 AB 7.3183215339303915 1.1376808271214875
60810.2611 lsst_hardware_r 179.78995607555535 134.67999267578125 31.649999618530273 AB 7.781761824054876 1.082040090945163
60819.3366 lsst_hardware_r -25.97107794666361 23.790000915527344 31.510000228881836 AB 6.894783909651182 1.0116081444198928
60823.1664 lsst_hardware_g 12.334129894145965 15.199999809265137 31.3700008392334 AB 9.576833187964585 1.3180337445588473
60823.1717 lsst_hardware_i 56.29236056645222 33.630001068115234 31.219999313354492 AB 9.720271617410296 1.2873963556677626
60824.1649 lsst_hardware_r 12.695796582593337 25.040000915527344 31.459999084472656 AB 11.91333754171082 1.310706333494053
60824.1868 lsst_hardware_u 1.4712922608800483 2.680000066757202 28.31999969482422 AB 10.562755533873123 1.2003131288492184
60830.1563 lsst_hardware_r 45.48153891998045 37.04999923706055 31.530000686645508 AB 13.640307880435731 1.2673332602839107
60830.1754 lsst_hardware_g 0.15302787548986796 32.66999816894531 31.600000381469727 AB 13.529056735185328 1.1798253017515659
60842.1482 lsst_hardware_i 117.56855077448913 77.2300033569336 32.04999923706055 AB 9.053960723725607 1.158684505211877
60842.1688 lsst_hardware_z -4.713452360043073 53.959999084472656 30.969999313354492 AB 8.616888772114306 1.0944860627605915
60844.1713 lsst_hardware_u -0.11020668379691914 2.9800000190734863 28.5 AB 6.245280598816216 1.0749192080578782
60844.1962 lsst_hardware_g -42.891278210665945 23.440000534057617 31.610000610351562 AB 5.992436416315728 1.0296724801436021
60847.1444 lsst_hardware_g 4.057293118992227 15.520000457763672 31.440000534057617 AB 3.290603886816193 1.1253775262709278
60847.1682 lsst_hardware_r 2.0004502573685694 24.459999084472656 31.510000228881836 AB 3.147706119229944 1.0637736124467536
60849.1483 lsst_hardware_i -16.409387984964376 32.02000045776367 31.25 AB 3.7478065966671776 1.098177890752914
60849.1606 lsst_hardware_z -73.34907946550406 42.060001373291016 30.950000762939453 AB 3.7084477277084646 1.0683320785620352
60851.1632 lsst_hardware_g 28.07897622053019 15.779999732971191 31.479999542236328 AB 4.145194048628551 1.0520797077737438
60851.1836 lsst_hardware_r -15.141350911347399 24.649999618530273 31.530000686645508 AB 3.879724941667807 1.0214506527131724
60858.0723 lsst_hardware_i 22.952592769027014 35.91999816894531 31.229999542236328 AB 11.261640270732341 1.309366178168706
60858.086 lsst_hardware_z -20.4144465099783 45.36000061035156 30.940000534057617 AB 10.849685270199817 1.236431369823341
60861.0694 lsst_hardware_y -22.080338393169896 73.36000061035156 30.719999313354492 AB 5.388975150029389 1.2794337963033051
60863.0544 lsst_hardware_r 127.67204313462743 85.87000274658203 31.579999923706055 AB 4.259177069893565 1.3351652256719204
