data/validation/pwv_sim_epoch_fit_epoch/5788558.ecsv
# %ECSV 0.9
# ---
# datatype:
# - {name: time, datatype: float64}
# - {name: band, datatype: string}
# - {name: flux, datatype: float64}
# - {name: fluxerr, datatype: float64}
# - {name: zp, datatype: float64}
# - {name: zpsys, datatype: string}
# - {name: pwv, datatype: float64}
# - {name: airmass, datatype: float64}
# meta: {SNID: '5788558', alt: 1024.0, c: -0.10361266881227493, dec: -34.228867, lat: -30.244573, lon: -70.7499537, ra: 153.808594, t0: 61395.16015625,
#   x0: 5.7098569907419435e-06, x1: -1.1213501691818237, z: 0.5804035067558289}
# schema: astropy-2.0
time band flux fluxerr zp zpsys pwv airmass
61380.2394 lsst_hardware_i 550.0905315792002 41.698601973325175 31.149999618530273 AB 8.848752661917231 1.6642378525329602
61380.2609 lsst_hardware_z 468.68801549594747 50.57518424379605 30.899999618530273 AB 7.485341187985778 1.4614098375606752
61382.2536 lsst_hardware_g 396.14179450331704 24.383012587816108 31.280000686645508 AB 9.580870841940106 1.4762323301353146
61382.2761 lsst_hardware_i 701.6149972374259 42.839471858979685 31.209999084472656 AB 8.561366179849944 1.3200950100635955
61384.2587 lsst_hardware_z 664.3470847724085 52.67669468581159 30.920000076293945 AB 12.904479992342342 1.3964753934845016
61384.2822 lsst_hardware_r 1328.2573899720444 43.044971673361886 31.469999313354492 AB 11.686124428362094 1.257722050084711
61386.2564 lsst_hardware_u 6.525065789812681 3.8900701104517688 28.149999618530273 AB 16.704194235668055 1.3749439654019306
61386.2813 lsst_hardware_g 647.5686451050333 28.78694860625389 31.350000381469727 AB 15.303277799854524 1.2358295889409825
61388.2549 lsst_hardware_r 1682.3292606293942 47.21759065489706 31.440000534057617 AB 10.713034945196846 1.3493337042882858
61388.2765 lsst_hardware_i 1239.1166412444568 47.8833780911718 31.219999313354492 AB 9.737091722030128 1.232777327597758
61391.2597 lsst_hardware_z 1036.5743304576931 54.53519308243231 30.93000030517578 AB 9.03746740247605 1.2749477890210419
61391.2831 lsst_hardware_r 1916.3818086328251 49.64698639552289 31.479999542236328 AB 8.231828892317179 1.171498757223066
61393.2521 lsst_hardware_z 1162.9608918647634 55.0318779813369 30.93000030517578 AB 5.612287004211304 1.2862629930008376
61393.275 lsst_hardware_r 2047.878673037754 50.18702694413912 31.479999542236328 AB 5.198573107416992 1.1814938880493164
61404.2579 lsst_hardware_r 1527.463309632151 57.093667924207246 31.59000015258789 AB 9.883703642752335 1.136057889971533
61404.281 lsst_hardware_z 1075.1251250549633 56.253518629809584 30.959999084472656 AB 9.347423914260512 1.0744165418690244
61406.2638 lsst_hardware_g 238.6040428322238 24.86168627647417 31.530000686645508 AB 7.799388614691686 1.102876557891656
61406.286 lsst_hardware_r 1351.6517591364425 44.93034962470371 31.540000915527344 AB 7.451038039737577 1.0535597638287075
61408.2607 lsst_hardware_i 1104.0141555860491 45.15424684163347 31.239999771118164 AB 4.794773686452305 1.0967002942480113
61408.2822 lsst_hardware_z 921.2447692186913 50.86024603382143 30.940000534057617 AB 4.616751062847754 1.050614669539806
61410.2633 lsst_hardware_r 924.3547367877866 37.60833541714256 31.479999542236328 AB 11.296626970104834 1.0773398897006867
61410.2848 lsst_hardware_g 173.15182407873482 18.160214249049922 31.389999389648438 AB 10.811813753458283 1.037668477201832
61412.261 lsst_hardware_r 780.3790820438815 35.570837345644065 31.469999313354492 AB 10.142521034669581 1.0704507688305627
61412.2829 lsst_hardware_i 887.8169633555023 42.235737654919795 31.25 AB 9.746436899661488 1.03264385304554
61414.2184 lsst_hardware_i 778.9543773235201 41.96412650111159 31.229999542236328 AB 8.210403455011312 1.1786819014479866
61414.2364 lsst_hardware_z 790.719459056628 49.75336627478069 30.940000534057617 AB 7.808527252900846 1.1183797268548905
61416.2183 lsst_hardware_r 521.1801772376658 32.678567262545435 31.469999313354492 AB 7.417586340603603 1.158997865719313
61416.2355 lsst_hardware_u -0.11127721706702366 2.9245006818133854 28.440000534057617 AB 7.075596375718843 1.1055619337060691
61419.2145 lsst_hardware_g 64.0028865992959 14.84791078493919 31.3700008392334 AB 9.010529110268648 1.1440004795296443
61419.2326 lsst_hardware_r 405.41519243773854 30.305464613313084 31.479999542236328 AB 8.604270412910626 1.0918201183796583
61421.2152 lsst_hardware_i 483.3126226629504 38.18614510650197 31.239999771118164 AB 5.714472515685207 1.1245641081738083
61421.233 lsst_hardware_z 646.1741014340772 48.02393435603145 30.940000534057617 AB 5.483676228792235 1.0779431043067003
61423.2207 lsst_hardware_r 356.39989673403016 36.97297477259846 31.56999969482422 AB 7.286415480336365 1.0942754525935714
61423.2398 lsst_hardware_g 91.13474886180988 16.4783044718858 31.420000076293945 AB 7.0373402725028384 1.053178729796897
61425.214 lsst_hardware_r 323.986293997614 60.24961824781014 31.6299991607666 AB 10.940565407062644 1.0974403150108885
61425.2319 lsst_hardware_i 353.96846535657227 52.79341113879739 31.309999465942383 AB 10.42858708346023 1.057666032805297
61427.2171 lsst_hardware_z 591.8845321821678 66.22777901842842 30.979999542236328 AB 10.230214571684966 1.0768646917563123
61427.2356 lsst_hardware_i 322.44454091023937 71.30977370687079 31.329999923706055 AB 9.898020122124024 1.0418968549604235
61429.2277 lsst_hardware_z 956.1256528468832 96.2483041605014 31.739999771118164 AB 10.55119744022334 1.0458120170704075
61431.2139 lsst_hardware_r 177.33500961787587 70.74811670348116 31.649999618530273 AB 14.8930945169944 1.060761717734644
61431.2314 lsst_hardware_i 285.991048632808 61.001493165173756 31.329999923706055 AB 14.489215894677722 1.0321424629347287
61433.2346 lsst_hardware_z 1633.1261706132423 100.91883758664973 32.470001220703125 AB 10.272782018811204 1.0217268194951965
61435.1268 lsst_hardware_i 273.30566035689407 35.69729505579594 31.209999084472656 AB 16.19635222536483 1.3479642591419216
61435.146 lsst_hardware_z 343.2575105602087 47.64733189673266 30.93000030517578 AB 14.93003499729868 1.2429783954792224
61437.1298 lsst_hardware_r 281.8870306073809 36.449972967009984 32.189998626708984 AB 10.941759537858887 1.2981088548889415
61437.149 lsst_hardware_u 17.014318607943537 6.146363489709503 29.06999969482422 AB 10.129947362187577 1.205157023637806
61439.1258 lsst_hardware_g 59.75326828476691 15.001090356710773 31.34000015258789 AB 9.671140678918318 1.2901018058296723
61439.1452 lsst_hardware_i 192.57603553297338 34.08232099234458 31.229999542236328 AB 8.977466337195558 1.1982603419870608
61441.1267 lsst_hardware_z 336.56413254833154 47.459250993286 30.93000030517578 AB 8.046457085734932 1.2571279688159982
61441.145 lsst_hardware_r 108.20371576274906 25.29684466946682 31.469999313354492 AB 7.424392851197613 1.1774782487625735
61446.1249 lsst_hardware_r 160.29233937598383 25.04188038582497 31.469999313354492 AB 4.159482155189359 1.2031767111551495
61446.1443 lsst_hardware_i 156.91353044002142 33.256719231764734 31.239999771118164 AB 3.9465515443448083 1.1326832300623688
61449.1187 lsst_hardware_z 213.25701925222242 45.819564297273324 30.93000030517578 AB 4.08734346533577 1.1949840804977279
61449.1398 lsst_hardware_r 93.85428355203383 24.5330138065305 31.479999542236328 AB 4.152132182064526 1.1214401572085149
61453.1126 lsst_hardware_i 114.93603839387795 46.323829439601255 31.280000686645508 AB 2.759128869254407 1.1760992622567805
61453.132 lsst_hardware_z 307.73648823800335 50.03079731853444 30.959999084472656 AB 3.4744640474081785 1.1124217867902386
61457.1134 lsst_hardware_y -3.737941039266918 59.66756850270069 30.030000686645508 AB 5.173900078010732 1.1354156932103576
61457.1324 lsst_hardware_r 98.5137594191183 108.74999030655106 31.649999618530273 AB 5.4762878505823025 1.083251532300134
61459.1174 lsst_hardware_i 118.49698684632341 72.39950622894158 31.329999923706055 AB 7.298120251671686 1.107467760341691
61459.138 lsst_hardware_z 176.11976024532356 65.41647656227191 30.989999771118164 AB 8.203967137221102 1.059704477310828
61465.1125 lsst_hardware_z 148.57040335525755 43.33674093268355 30.940000534057617 AB 4.315101281508041 1.0787753203770103
61465.1321 lsst_hardware_i 103.63897989424865 31.84458661799511 31.25 AB 4.2439714411044385 1.0415079817835753
61467.1036 lsst_hardware_u 0.05983633313790654 2.6756527751342305 28.360000610351562 AB 6.402893623458699 1.0868019389728758
61467.1227 lsst_hardware_g 22.355001085390477 14.992908167355152 31.40999984741211 AB 6.1265298491301685 1.0478970066074007
61469.1096 lsst_hardware_r 64.52268141020552 23.941587254789077 31.479999542236328 AB 10.965730565029222 1.0618334068746724
61469.1302 lsst_hardware_i 119.75687478948495 31.515589503944806 31.25 AB 10.538206858004127 1.0288287214420497
61471.1024 lsst_hardware_z 118.42833843064732 43.13081494161393 30.950000762939453 AB 7.715974163158452 1.0653008647188253
61471.1213 lsst_hardware_u 0.7386973969226022 2.8960146806345506 28.489999771118164 AB 7.481439812993484 1.033348040468728
61473.0209 lsst_hardware_y 84.69371546575964 50.825756933744145 29.950000762939453 AB 14.829636080958243 1.3616101072841267
61473.0428 lsst_hardware_z 175.23868989801338 44.87471997696632 30.93000030517578 AB 13.289100278250485 1.2403587494381025
61475.0185 lsst_hardware_y 55.731967754479186 50.900001525878906 29.950000762939453 AB 10.839728202340167 1.3422703845717794
61475.0401 lsst_hardware_u 2.0517758599015172 2.569999933242798 28.280000686645508 AB 9.896987011803173 1.2276094035975238
61478.0176 lsst_hardware_y -14.908525414490834 50.09000015258789 29.950000762939453 AB 17.944183287155695 1.2995184034150171
61478.0408 lsst_hardware_i 26.843456226359592 32.36000061035156 31.229999542236328 AB 16.51142238348506 1.1898337703156925
61480.0113 lsst_hardware_y -0.3202370052313818 50.93000030517578 29.959999084472656 AB 10.64584407630303 1.3042115415268498
61480.0308 lsst_hardware_r -33.02017337347901 32.849998474121094 31.540000915527344 AB 9.890864180024172 1.2085118942724928
61482.0185 lsst_hardware_y -123.86817117805617 72.95999908447266 30.739999771118164 AB 9.574289749007322 1.2390694640879154
61486.0054 lsst_hardware_z 77.97948077454816 81.02999877929688 30.969999313354492 AB 6.453818663245299 1.2494486312426367
61486.0228 lsst_hardware_i -180.13003935766136 91.41000366210938 31.31999969482422 AB 5.974236607155265 1.174951476430169
61490.9986 lsst_hardware_y 141.5319451474964 71.88999938964844 30.75 AB 7.428942262026419 1.217859387217446
61491.0146 lsst_hardware_r -53.10471453574302 32.540000915527344 32.2400016784668 AB 6.339624511141937 1.155232018794941
61492.9993 lsst_hardware_y -36.740722950598084 49.529998779296875 30.0 AB 8.905842137696478 1.1920017137989067
61493.0176 lsst_hardware_z 59.72209175664522 42.459999084472656 30.950000762939453 AB 7.329664594533526 1.1276407068513117
61494.9943 lsst_hardware_y 23.678292974491708 51.029998779296875 30.010000228881836 AB 10.744148743094405 1.1901577117800504
61495.0105 lsst_hardware_u 0.5586403132993294 2.700000047683716 28.43000030517578 AB 6.7832492259729715 1.1327125700881544
61497.9925 lsst_hardware_y -85.14728781446085 50.16999816894531 30.020000457763672 AB 10.836437112764003 1.1658350847513232
61498.0106 lsst_hardware_r 10.317630623815722 22.469999313354492 31.489999771118164 AB 6.856380753904857 1.1083258442359842
61499.9983 lsst_hardware_z -4.973165917157742 60.54999923706055 31.690000534057617 AB 10.504484767792446 1.1282103770149379
61501.9903 lsst_hardware_y 72.1085667279187 49.7599983215332 30.020000457763672 AB 12.867498596275356 1.1361444455054137
61502.0095 lsst_hardware_g 25.925837883544716 13.380000114440918 31.389999389648438 AB 11.540984354477422 1.0833214350260356
61503.9872 lsst_hardware_y 59.92950463375937 49.63999938964844 30.030000686645508 AB 10.35596188336044 1.128756200046553
61504.0057 lsst_hardware_i -29.302639797451285 30.3799991607666 31.25 AB 8.714308269609115 1.0794832277160518
61505.984 lsst_hardware_y -11.94389148456947 50.06999969482422 30.030000686645508 AB 3.263406077384682 1.121927314958206
61506.0012 lsst_hardware_i 30.797047765423436 30.459999084472656 31.25 AB 2.0045186921963776 1.077312088245993
61509.9815 lsst_hardware_y 28.259769027580976 51.040000915527344 30.030000686645508 AB 12.470104648352761 1.098518259154118
61509.9997 lsst_hardware_z 32.69270212402671 45.810001373291016 30.959999084472656 AB 11.9641942412736 1.057888875836562
61511.9791 lsst_hardware_y -190.26847691402736 55.790000915527344 30.040000915527344 AB 15.653587446726519 1.0907663191921482
61511.9957 lsst_hardware_i -1.9832388200636166 56.310001373291016 31.31999969482422 AB 15.101591844169363 1.0551699164455954
61513.9874 lsst_hardware_z -16.220956055494845 95.41999816894531 31.739999771118164 AB 9.884162425482389 1.0605229665845626
61516.9767 lsst_hardware_y 76.17476789596483 55.58000183105469 30.049999237060547 AB 9.667788895047483 1.0654972056039547
61516.9959 lsst_hardware_r -168.82693546084178 78.87000274658203 31.65999984741211 AB 9.409991855820246 1.0330717009271575
61518.9739 lsst_hardware_y -63.55225083502162 50.16999816894531 30.040000915527344 AB 10.207162373110641 1.060227377582298
61518.9921 lsst_hardware_z -36.05053003064262 40.619998931884766 30.950000762939453 AB 9.909840625789199 1.0308522742869686
61520.9721 lsst_hardware_y 51.500069161897855 50.4900016784668 30.049999237060547 AB 14.259846557070997 1.0533978397777202
61520.9897 lsst_hardware_u -0.16141038513384315 2.6500000953674316 28.43000030517578 AB 14.03901830537015 1.026994755330662
61522.9712 lsst_hardware_y 10.22277654358688 50.93000030517578 30.049999237060547 AB 1.1075016713555623 1.045552675341574
61522.9897 lsst_hardware_r 11.988332873026142 21.850000381469727 31.489999771118164 AB 1.0285044487078199 1.0208480880474637
61746.2406 lsst_hardware_z -11.023129727614776 47.779998779296875 30.889999389648438 AB 6.920396871754842 1.629031395132452
61746.2628 lsst_hardware_g 3.322954936535893 13.850000381469727 31.299999237060547 AB 6.46996822742859 1.4310131550851184
61748.2531 lsst_hardware_r 21.144721168403684 38.130001068115234 31.5 AB 9.747607840262248 1.4637879374689897
61748.2768 lsst_hardware_y -17.657919685544233 49.939998626708984 29.959999084472656 AB 8.798991556553121 1.3043594648380166
61750.2516 lsst_hardware_z 144.32418634911448 56.310001373291016 30.920000076293945 AB 13.77793856725235 1.4331119791192377
61750.2739 lsst_hardware_r 27.854254410012924 53.33000183105469 31.56999969482422 AB 12.0918387003077 1.290208994911364
61752.2616 lsst_hardware_i -102.10351665526017 64.23999786376953 31.280000686645508 AB 14.027195461816062 1.3292140113537443
61752.284 lsst_hardware_z -115.60734679037726 58.34000015258789 30.959999084472656 AB 12.741230799243453 1.214549430364945
61754.2561 lsst_hardware_r -20.217152313080135 79.52999877929688 31.56999969482422 AB 10.84608598743404 1.3294523235341889
61754.2781 lsst_hardware_z -18.08041678560276 59.22999954223633 30.959999084472656 AB 9.93703411639959 1.2164637727080914
61756.2611 lsst_hardware_z 4.095361227500117 56.79999923706055 30.950000762939453 AB 9.015543965936082 1.2712721071577655
61756.2838 lsst_hardware_i -19.852014592465018 55.29999923706055 31.299999237060547 AB 8.282279896045198 1.1714681606853181
61758.2565 lsst_hardware_z 28.21016558562509 52.20000076293945 30.940000534057617 AB 5.508650037555201 1.2668659892037488
61758.2785 lsst_hardware_r -54.33976897364637 49.810001373291016 31.600000381469727 AB 5.112622068832332 1.1708741712658495
61760.2632 lsst_hardware_y -48.8426887014668 49.68000030517578 29.989999771118164 AB 6.502096523551866 1.21006759123169
61760.2858 lsst_hardware_g 8.089650164965265 24.84000015258789 31.59000015258789 AB 6.080681407222588 1.127827396313151
61764.256 lsst_hardware_r -14.4766123172178 22.780000686645508 31.469999313354492 AB 7.540429961235756 1.1945866386981565
61764.2788 lsst_hardware_i 26.815879142518668 30.760000228881836 31.239999771118164 AB 7.042800613481062 1.1161921834456752
61766.2618 lsst_hardware_z -35.815811825740234 42.689998626708984 30.940000534057617 AB 7.242454153642014 1.15253822382147
61766.2822 lsst_hardware_r -7.5142728948787765 22.5 31.489999771118164 AB 6.879069947530984 1.0924071589123654
61768.2577 lsst_hardware_u -0.27515770752439783 2.5999999046325684 28.34000015258789 AB 8.255909143637462 1.1479162241312733
61768.2814 lsst_hardware_r 31.545553137032957 22.309999465942383 31.479999542236328 AB 7.755566479304118 1.0812165731638252
61770.253 lsst_hardware_i -37.297257819137855 30.889999389648438 31.229999542236328 AB 6.4210601805122565 1.1453736590630068
61770.2743 lsst_hardware_z 151.51407237564842 41.369998931884766 30.940000534057617 AB 6.0937555569227255 1.0850543332849312
