data/validation/pwv_sim_epoch_fit_epoch/57890854.ecsv
# %ECSV 0.9
# ---
# datatype:
# - {name: time, datatype: float64}
# - {name: band, datatype: string}
# - {name: flux, datatype: float64}
# - {name: fluxerr, datatype: float64}
# - {name: zp, datatype: float64}
# - {name: zpsys, datatype: string}
# - {name: pwv, datatype: float64}
# - {name: airmass, datatype: float64}
# meta: {SNID: '57890854', alt: 1024.0, c: 0.01097071636468172, dec: -63.07262, lat: -30.244573, lon: -70.7499537, ra: 151.335617, t0: 60337.20703125,
#   x0: 5.753019521692805e-06, x1: -0.02557263895869255, z: 0.5790995359420776}
# schema: astropy-2.0
time band flux fluxerr zp zpsys pwv airmass
60304.3381 lsst_hardware_r -90.51665786761899 60.529998779296875 31.600000381469727 AB 10.600901716733894 1.1945687485403154
60304.3492 lsst_hardware_y -53.05160025708338 55.849998474121094 30.010000228881836 AB 10.580879763542145 1.1918760646062678
60310.3415 lsst_hardware_r 26.398850177993246 48.398150366760255 31.59000015258789 AB 8.514724544637037 1.1916663988379703
60310.3525 lsst_hardware_y 38.762036731738355 55.994155105662344 30.0 AB 8.526136159328367 1.1937722319135569
60312.3446 lsst_hardware_r 83.59252608173274 38.141649567243626 31.559999465942383 AB 6.5168847188871935 1.193076977232312
60312.3572 lsst_hardware_y -15.372770375766574 63.8049274092621 30.0 AB 6.579355596621647 1.1980980782339337
60314.3435 lsst_hardware_z 173.5183617567294 45.944485608189254 30.93000030517578 AB 13.409728191541111 1.1944177600018804
60314.3551 lsst_hardware_y -46.31899583770508 56.92678827354187 30.0 AB 13.428423952579926 1.2000378867363641
60316.322 lsst_hardware_r 297.52994365280676 28.81318743826112 31.459999084472656 AB 9.81448751144066 1.1915606043837337
60316.3339 lsst_hardware_u 4.263206072518844 3.5096707148389936 28.350000381469727 AB 8.118119566411933 1.193139266080531
60320.3318 lsst_hardware_z 456.4409027954666 47.28454771770059 30.940000534057617 AB 8.85285747184391 1.1963320907897175
60320.3447 lsst_hardware_u 11.546934346498576 4.082037872480522 28.43000030517578 AB 7.8165857198767945 1.204126275880275
60322.3283 lsst_hardware_g 240.02981248930354 20.436926663832136 31.350000381469727 AB 6.6663442948903135 1.1972780294646879
60322.3402 lsst_hardware_r 853.4958812825579 37.43342006571271 31.450000762939453 AB 5.03812211340585 1.204860005597477
60324.3202 lsst_hardware_i 1035.1009233228665 44.080141528303606 31.219999313354492 AB 7.157244277299937 1.1960302371201676
60324.333 lsst_hardware_z 731.6865009570652 50.74979156092231 30.93000030517578 AB 7.205874971693958 1.2035534290054768
60330.2717 lsst_hardware_g 501.8925313901045 25.598047054313966 31.31999969482422 AB 14.13855971041104 1.1931609646187828
60330.2833 lsst_hardware_r 1802.0367829655538 46.83538867271709 31.450000762939453 AB 14.072379297647824 1.1915815321396979
60332.2699 lsst_hardware_i 1521.9769228797059 64.17218389490706 31.280000686645508 AB 11.32728666602887 1.1923459648451442
60332.2824 lsst_hardware_z 1046.4189359863844 61.256867259669306 30.950000762939453 AB 11.321849168782022 1.191773596713897
60334.28 lsst_hardware_r 2164.8156869956206 91.43222957138659 31.6200008392334 AB 11.087481746457783 1.1921596085937187
60334.2936 lsst_hardware_z 1218.335934303727 67.47815460070251 30.959999084472656 AB 11.72434201302229 1.1963614299002336
60340.2637 lsst_hardware_z 2512.8503868821076 86.14777589352718 31.700000762939453 AB 13.709577793890062 1.1921803944105276
60350.2497 lsst_hardware_r 1081.8511913752227 40.27538163488117 31.450000762939453 AB 5.151604674161192 1.1962856275627745
60350.2619 lsst_hardware_i 1215.8160523312665 46.500002867619784 31.219999313354492 AB 4.178574604613469 1.2035065105453808
60354.2485 lsst_hardware_g 86.49766368182514 16.428818059014016 31.31999969482422 AB 2.719010496191522 1.2017725950017777
60354.2605 lsst_hardware_r 979.6445768645362 37.04190294993204 31.440000534057617 AB 4.191497394968593 1.2115029684135277
60356.2453 lsst_hardware_i 997.5555938351216 43.403196681380244 31.219999313354492 AB 4.853435933928079 1.2033560860169688
60356.2581 lsst_hardware_r 770.5533082112512 35.57481787841018 31.450000762939453 AB 5.5246597936205255 1.2145223596425145
60359.1864 lsst_hardware_i 889.7215053011196 49.40639560355811 31.270000457763672 AB 3.650241737573933 1.195233050941039
60359.1975 lsst_hardware_z 816.9183224754577 54.47105276253355 30.940000534057617 AB 3.926984200505803 1.1921627809671533
60362.1886 lsst_hardware_r 527.4977213215736 71.98102757597626 31.610000610351562 AB 9.540739554928026 1.1922819542737444
60362.2001 lsst_hardware_z 891.7254529062349 61.035897528553484 30.959999084472656 AB 9.555715936120837 1.1917829803094084
60367.1981 lsst_hardware_z 1307.2396521796493 88.35526520828698 31.709999084472656 AB 7.916384949134165 1.194250039469608
60369.1873 lsst_hardware_r 439.0473588563554 59.385701594246164 31.600000381469727 AB 4.601245872284643 1.1927536176318798
60369.1992 lsst_hardware_i 391.65390536050984 54.38144158192255 31.290000915527344 AB 4.606300346796065 1.1969598129396444
60375.1668 lsst_hardware_r 210.51520219013847 26.1807820481057 31.450000762939453 AB 11.222719590314702 1.192035857597352
60375.179 lsst_hardware_g 26.052364112467405 13.562520892269026 31.309999465942383 AB 11.257021655278002 1.1952772628707309
60386.1537 lsst_hardware_z 814.2742157256447 66.45119117364642 31.690000534057617 AB 7.374126834101584 1.1974386934764882
60388.1229 lsst_hardware_z 813.4129328302946 70.57705358632829 31.690000534057617 AB 6.053768136497332 1.1917257396562453
60388.1362 lsst_hardware_r 109.3686310647164 58.6319123840707 32.31999969482422 AB 5.692502537304561 1.1929590899155573
60390.1437 lsst_hardware_i 193.47262694029774 49.60652912288514 31.280000686645508 AB 5.965143647148199 1.1979202370643192
60390.1586 lsst_hardware_z 343.5736297497218 53.663849000989444 30.950000762939453 AB 6.039296960730072 1.2082822909478397
60393.1204 lsst_hardware_z 446.0205283612932 64.12852110565584 30.959999084472656 AB 10.597566396032734 1.192501985637837
60393.1346 lsst_hardware_i 134.9314906430519 68.95557857751767 31.299999237060547 AB 10.200512205869147 1.197454036023848
60398.1151 lsst_hardware_z 593.4809039549781 79.31985758006283 31.700000762939453 AB 7.140595061116709 1.194878691619262
60400.1033 lsst_hardware_g 11.48241272933493 27.80371893138464 31.56999969482422 AB 6.040255342492651 1.1929404889715574
60400.1161 lsst_hardware_r 96.86006878800792 38.23295282830907 31.549999237060547 AB 6.095088300299035 1.1977770798438596
60402.0999 lsst_hardware_i 151.87742449728054 33.271253971137945 31.219999313354492 AB 8.405555717613163 1.1934765261948306
60402.1132 lsst_hardware_z 208.49764325917022 45.669468777703074 30.920000076293945 AB 8.434273546152758 1.1991858122492074
60404.1028 lsst_hardware_i 132.66251336023618 33.11424167234675 31.219999313354492 AB 8.373463726467495 1.1966079731054393
60404.1142 lsst_hardware_u 2.3151948516427665 2.5909105032747153 28.260000228881836 AB 8.422949320616594 1.2033930832388517
60416.0959 lsst_hardware_i 190.21645628759597 37.013861538025424 31.260000228881836 AB 17.323107332241765 1.216296811110533
60416.1058 lsst_hardware_r 58.13632289455346 32.75341155320469 31.540000915527344 AB 17.44678577289938 1.2279694844087918
60419.0333 lsst_hardware_i 3.213737771320866 45.70000076293945 31.280000686645508 AB 8.328432485768344 1.1922883913629927
60419.0467 lsst_hardware_z 32.73419793778544 49.599998474121094 30.950000762939453 AB 8.105410627626105 1.1920890225942893
60421.0323 lsst_hardware_r 55.569469378487874 67.77999877929688 31.610000610351562 AB 11.13822391114367 1.1917849927215698
60421.0446 lsst_hardware_z 31.528164521983097 55.56999969482422 30.959999084472656 AB 11.18098139942315 1.1926592187690253
60427.0272 lsst_hardware_z -26.19845544799178 50.790000915527344 30.940000534057617 AB 1.7886974020981272 1.1924649347320848
60427.0394 lsst_hardware_i -63.675580978541575 49.22999954223633 31.270000457763672 AB 1.794529440553403 1.1963529603689353
60428.0675 lsst_hardware_g -22.56654902683086 57.119998931884766 32.369998931884766 AB 10.379496525840475 1.2211651271626898
60428.0859 lsst_hardware_r 51.067263549108425 72.52999877929688 32.31999969482422 AB 10.999320156201668 1.2467703994107702
60434.024 lsst_hardware_z 27.354626388747295 43.06999969482422 30.940000534057617 AB 11.996459338118662 1.1981981110942939
60434.0369 lsst_hardware_u 5.555117286286136 2.5999999046325684 28.350000381469727 AB 12.162614365320795 1.2070077107496655
60437.0011 lsst_hardware_r 25.975121323594983 22.030000686645508 31.440000534057617 AB 11.683569159920815 1.1927080384436264
60437.0131 lsst_hardware_g -26.88422024093393 12.739999771118164 31.309999465942383 AB 11.669661611808307 1.1968269946985597
60441.961 lsst_hardware_y -294.20239339091535 98.37999725341797 31.190000534057617 AB 9.289817336243118 1.1948318117354493
60441.9735 lsst_hardware_r -40.7373011615082 39.31999969482422 32.650001525878906 AB 9.267116018199875 1.1919120280642928
60443.9993 lsst_hardware_z 13.659686791175599 43.459999084472656 30.93000030517578 AB 7.840706652567367 1.1996797040701201
60444.0118 lsst_hardware_i -13.929222744972604 32.439998626708984 31.219999313354492 AB 7.113076628304207 1.2089016604536447
60667.3425 lsst_hardware_z 39.992428866388934 67.8499984741211 31.700000762939453 AB 7.171440643504158 1.1953065131680913
60671.338 lsst_hardware_i -22.44614145076619 31.690000534057617 31.229999542236328 AB 6.697889770037484 1.193175339812503
60671.3506 lsst_hardware_y 8.258047179323874 55.33000183105469 30.010000228881836 AB 6.732090304183491 1.1916258614361432
60673.3432 lsst_hardware_i 31.71826564923573 32.06999969482422 31.229999542236328 AB 10.491593531710992 1.1916397453954637
60673.3562 lsst_hardware_y 25.45391349551115 66.29000091552734 30.010000228881836 AB 10.448463865571199 1.1931442773644576
60675.3399 lsst_hardware_g -4.481302360511944 13.789999961853027 31.360000610351562 AB 8.463010813864964 1.191635059781351
60675.3508 lsst_hardware_y -94.59695419989907 54.36000061035156 29.989999771118164 AB 8.47225536343254 1.1931624939974488
60681.3449 lsst_hardware_r -19.4454236444517 22.790000915527344 31.469999313354492 AB 9.204794268118034 1.1971120756195532
60681.3574 lsst_hardware_y -18.72388111327766 58.04999923706055 30.010000228881836 AB 9.26568420780961 1.2050310013407943
60683.3236 lsst_hardware_i 41.82739697810309 31.1200008392334 31.219999313354492 AB 10.384332312049242 1.1920941696761826
60683.3355 lsst_hardware_z -23.634721591652507 43.029998779296875 30.93000030517578 AB 10.491553486515722 1.1953461873664943
60685.3279 lsst_hardware_u -2.9080000137621966 2.619999885559082 28.360000610351562 AB 8.562813093387655 1.1945333308608679
60685.3391 lsst_hardware_g 14.311238906697598 13.239999771118164 31.350000381469727 AB 8.168151755330454 1.1999341510658548
60687.3226 lsst_hardware_r -24.34036448878424 49.68000030517578 31.59000015258789 AB 8.1535017023631 1.1945939200571056
60687.3357 lsst_hardware_z -11.955392432740748 50.650001525878906 30.950000762939453 AB 6.419410847825129 1.2012370598475166
60691.3259 lsst_hardware_z 101.5522300084006 55.09000015258789 30.959999084472656 AB 6.858253547430441 1.2019898431285003
60691.3378 lsst_hardware_r 68.54707392362643 67.69999694824219 31.610000610351562 AB 5.458708894876735 1.2117000876529933
60698.2684 lsst_hardware_i 50.865135522432965 33.0099983215332 31.229999542236328 AB 11.327050645756094 1.1923211206059046
60698.2809 lsst_hardware_z -51.15531729845915 43.720001220703125 30.93000030517578 AB 11.323049553258878 1.1918999529746188
60700.271 lsst_hardware_g 12.170742220693489 13.4399995803833 31.360000610351562 AB 11.09613844403908 1.1916596084453717
60700.283 lsst_hardware_r 12.00629526122437 22.770000457763672 31.469999313354492 AB 11.105489272447027 1.1933152866692722
60702.2779 lsst_hardware_r -7.322330127489822 22.110000610351562 31.459999084472656 AB 13.743194272561738 1.1934172608057085
60702.29 lsst_hardware_u -1.107606712144923 2.559999942779541 28.31999969482422 AB 13.782865729353825 1.1984058542173572
60704.2572 lsst_hardware_u -0.4423936302237505 2.6700000762939453 28.399999618530273 AB 13.350857151965586 1.1917393354626586
60704.2677 lsst_hardware_g -6.818419355060607 13.039999961853027 31.350000381469727 AB 13.364556115563554 1.192350158634102
60706.2611 lsst_hardware_r 13.870116790018464 22.209999084472656 31.469999313354492 AB 13.81277225240448 1.1921693604405637
60706.2719 lsst_hardware_i -29.084321744185974 30.979999542236328 31.229999542236328 AB 13.830818355016104 1.19505918966153
60708.2617 lsst_hardware_z 28.914543050750943 43.34000015258789 30.93000030517578 AB 10.79499395859455 1.1934763912210669
60708.2731 lsst_hardware_r 27.56524713520639 22.440000534057617 31.459999084472656 AB 10.85209357975707 1.1981334341437562
60710.2623 lsst_hardware_u -5.33838677801565 2.6600000858306885 28.399999618530273 AB 9.539454306421671 1.1955951337607824
60710.2722 lsst_hardware_g 1.8107952481480245 13.0 31.350000381469727 AB 9.601896748139133 1.200812482832082
60712.2604 lsst_hardware_r -0.5145139914487379 22.270000457763672 31.459999084472656 AB 4.542260052893686 1.1972219433035545
60712.2733 lsst_hardware_z 62.99936412604099 43.279998779296875 30.93000030517578 AB 4.7604869472862585 1.2054917567197414
60715.2601 lsst_hardware_r -54.7440393316282 43.439998626708984 31.579999923706055 AB 6.347306850374168 1.2018379545015465
60715.2721 lsst_hardware_y 35.28007103032227 49.810001373291016 30.0 AB 6.40484964755434 1.2115673151418243
60717.2455 lsst_hardware_z 2.440070036280996 56.9900016784668 30.959999084472656 AB 4.43520353048428 1.1966284229109692
60717.2569 lsst_hardware_r 66.50618970148483 75.0 31.610000610351562 AB 4.445438555763641 1.2034213740562145
60719.2625 lsst_hardware_i 81.90325043246838 67.05000305175781 31.299999237060547 AB 6.4280958213601185 1.2128482681811545
60719.2737 lsst_hardware_z 7.8354783057537025 61.79999923706055 30.969999313354492 AB 6.517582846847587 1.2253206874958253
60721.2494 lsst_hardware_r 40.633755854711254 71.70999908447266 31.610000610351562 AB 3.7893784810934674 1.2060402549628666
60721.2608 lsst_hardware_z 50.49292665698754 57.08000183105469 30.959999084472656 AB 4.10577088609428 1.2167049595775021
60723.2496 lsst_hardware_z 19.134368774320514 52.43000030517578 30.950000762939453 AB 5.543165445631067 1.2109591361291245
60723.2604 lsst_hardware_i -31.890342939557783 50.290000915527344 31.280000686645508 AB 5.395988168090344 1.2224251088745353
60725.19 lsst_hardware_g -1.2801038590508838 38.77000045776367 31.639999389648438 AB 3.9274884922114826 1.1934027627503745
60725.2023 lsst_hardware_r 29.4496128106062 41.58000183105469 31.579999923706055 AB 3.7127263501704513 1.1916951854182158
60728.1919 lsst_hardware_i -3.7970579454366082 30.940000534057617 31.229999542236328 AB 9.540050537530037 1.1917614662748328
60728.2034 lsst_hardware_r 14.088814366029165 23.479999542236328 31.479999542236328 AB 9.56784831341806 1.192614388144059
60732.1867 lsst_hardware_r 1.5800883683162132 22.1299991607666 31.450000762939453 AB 8.250433138195822 1.191828550118573
60732.1984 lsst_hardware_i 12.09440648975952 31.06999969482422 31.219999313354492 AB 8.279653163011844 1.1941950979716358
60734.1893 lsst_hardware_z -11.449101155405785 42.70000076293945 30.940000534057617 AB 7.305486143101371 1.1931382608671854
60734.2018 lsst_hardware_r 41.694722810144576 22.139999389648438 31.459999084472656 AB 7.335290150433562 1.198005876899663
60737.1669 lsst_hardware_i 5.060319883366035 30.729999542236328 31.219999313354492 AB 6.537011179954042 1.1917978450235263
60737.1778 lsst_hardware_u -0.20426963062678968 2.450000047683716 28.229999542236328 AB 6.466859287774262 1.1924324506106598
60739.1615 lsst_hardware_g -5.10520793343718 12.850000381469727 31.34000015258789 AB 12.261108868743506 1.1917970630992838
60739.1733 lsst_hardware_r 12.685277429348549 22.040000915527344 31.450000762939453 AB 14.052601335974325 1.1926165947529765
60741.1631 lsst_hardware_i -83.57341748324143 30.920000076293945 31.229999542236328 AB 10.278845010426966 1.191922888584081
60741.1754 lsst_hardware_r -19.050683805647264 22.06999969482422 31.459999084472656 AB 11.250424200277475 1.1947564594358249
60743.162 lsst_hardware_z 18.986059208824745 67.4800033569336 31.690000534057617 AB 11.340345153257651 1.1925489154435276
60752.1391 lsst_hardware_z 0.26604005054718777 54.06999969482422 30.959999084472656 AB 7.30239869959833 1.1929100219878022
60752.1517 lsst_hardware_r 109.95997779020458 62.59000015258789 31.610000610351562 AB 7.39538840215178 1.1975367827952037
