data/validation/pwv_sim_epoch_fit_epoch/57957840.ecsv
# %ECSV 0.9
# ---
# datatype:
# - {name: time, datatype: float64}
# - {name: band, datatype: string}
# - {name: flux, datatype: float64}
# - {name: fluxerr, datatype: float64}
# - {name: zp, datatype: float64}
# - {name: zpsys, datatype: string}
# - {name: pwv, datatype: float64}
# - {name: airmass, datatype: float64}
# meta: {SNID: '57957840', alt: 1024.0, c: 0.11726472526788712, dec: -49.31284, lat: -30.244573, lon: -70.7499537, ra: 344.105499, t0: 59866.109375,
#   x0: 7.933323031527863e-06, x1: -0.04171708598732948, z: 0.5070453882217407}
# schema: astropy-2.0
time band flux fluxerr zp zpsys pwv airmass
59842.22 lsst_hardware_z 88.6364204535149 42.60042410415133 30.940000534057617 AB 6.443204987456818 1.1103868889229749
59842.2316 lsst_hardware_i 66.36621321063541 32.20303259036932 31.239999771118164 AB 6.585254908478051 1.1324600014579624
59850.2266 lsst_hardware_i 856.888573935278 42.372570226392625 31.229999542236328 AB 4.413878980590522 1.1726045553926558
59850.2381 lsst_hardware_z 751.8411853829303 49.778926180012846 30.93000030517578 AB 4.434063760158596 1.2061377110257996
59860.1822 lsst_hardware_y 697.9218249559389 62.05086978581105 30.030000686645508 AB 4.722081239205162 1.1319411680076297
59860.1938 lsst_hardware_r 2800.701643753692 113.93015271081183 31.6299991607666 AB 4.761005762000518 1.158395562530831
59862.1571 lsst_hardware_r 3107.8555090932878 106.82456864990077 31.639999389648438 AB 3.4426582238013137 1.0971741610394883
59862.1692 lsst_hardware_i 2245.5197564476925 86.12854079406077 31.31999969482422 AB 3.796147088356302 1.1171710089337152
59864.1631 lsst_hardware_z 1871.0496408726283 68.06565841164323 30.959999084472656 AB 6.751264206180096 1.1160036707463585
59864.1748 lsst_hardware_r 3043.1867890566655 85.86399149784158 31.6200008392334 AB 6.98580048692199 1.1394846379276844
59867.1559 lsst_hardware_u 1.989395571478444 2.7515127670642467 28.3700008392334 AB 6.94121756945401 1.1178234024484752
59867.1679 lsst_hardware_r 2979.496473727794 62.36943863540625 31.559999465942383 AB 7.49995317396028 1.1423567994459034
59873.1573 lsst_hardware_g 405.5394906390535 24.539937577623164 31.399999618530273 AB 3.1017357896729623 1.1559263812445821
59873.168 lsst_hardware_r 2270.8597905303036 52.54133009470492 31.479999542236328 AB 3.04550324185333 1.1842527188025223
59875.1424 lsst_hardware_r 2020.357117470057 50.66826482334136 31.479999542236328 AB 5.478397883130153 1.1343808706635004
59875.1531 lsst_hardware_i 1987.9655906453838 54.103019197852475 31.229999542236328 AB 5.48392020961201 1.159044023378201
59877.1424 lsst_hardware_z 1664.5975345190182 58.27523918709655 30.940000534057617 AB 5.03290967024884 1.146470434954841
59877.1531 lsst_hardware_r 1855.5044695304075 48.753763936206475 31.469999313354492 AB 5.133904854289613 1.1732181495586704
59879.1381 lsst_hardware_u -8.18309580897057 2.764116044183269 28.420000076293945 AB 4.082442239315083 1.1491744516017124
59879.1487 lsst_hardware_r 1588.8351767271056 46.790544627745724 31.479999542236328 AB 4.24475366122844 1.1761035311646568
59881.1367 lsst_hardware_i 1718.52087329596 51.856149598697485 31.25 AB 3.3012343323939803 1.1590056169902798
59881.1474 lsst_hardware_z 1413.4914100704448 56.63856130902357 30.940000534057617 AB 3.4199811114515293 1.1878371443536426
59883.1374 lsst_hardware_r 1314.7937452941485 46.91987875966281 31.540000915527344 AB 4.384786453774093 1.1750734165281584
59883.1481 lsst_hardware_z 1178.0575744538398 56.79147429902964 30.950000762939453 AB 4.412734147894358 1.2064891723564208
59885.0902 lsst_hardware_r 1327.708215413319 60.19685491209587 31.6200008392334 AB 6.120017319935637 1.091398541227732
59885.1019 lsst_hardware_y 519.6489724028276 53.74184853573317 30.030000686645508 AB 6.259739397895352 1.1092273002765867
60101.4199 lsst_hardware_z -146.74924566047653 116.4000015258789 31.010000228881836 AB 4.050472487073585 1.0659138123877856
60101.4328 lsst_hardware_y 108.59596877578899 126.37000274658203 30.079999923706055 AB 4.025997531253006 1.059473034540265
60103.4219 lsst_hardware_r 7.98170923163426 85.36000061035156 31.649999618530273 AB 1.7538790803618984 1.0616701454975173
60103.4366 lsst_hardware_y 22.662553171465042 126.16000366210938 30.06999969482422 AB 1.7231152769692073 1.057450308050761
60119.2017 lsst_hardware_i 32.808835938078474 153.02999877929688 32.400001525878906 AB 6.581727360013779 1.7552833211877314
60119.2284 lsst_hardware_z 370.33322259953974 195.5500030517578 32.130001068115234 AB 6.179609981032045 1.5240108465696582
60122.4131 lsst_hardware_r -170.35155802880038 120.58999633789062 32.400001525878906 AB 7.639286138746487 1.0646717729342514
60122.4292 lsst_hardware_i 4.30402055020365 132.8000030517578 32.08000183105469 AB 7.706410434006982 1.0779704062116355
60124.3882 lsst_hardware_z -94.38767472529976 116.2300033569336 31.0 AB 2.460530491120345 1.0575345950373976
60124.4007 lsst_hardware_r -19.091091005357153 85.2300033569336 31.649999618530273 AB 2.468646054414253 1.0610226594903667
60126.428 lsst_hardware_z 378.7493670865745 115.97000122070312 31.0 AB 10.157842592899142 1.0893907617594858
60126.4394 lsst_hardware_g -45.18354674033952 93.62000274658203 31.700000762939453 AB 10.312946672964049 1.1062228267624725
60127.4165 lsst_hardware_r 147.62865226155986 85.16000366210938 31.649999618530273 AB 7.965052979386432 1.0789708839265924
60127.4289 lsst_hardware_z -95.01603037588306 116.01000213623047 31.0 AB 8.079500216170809 1.0943383741258037
60131.4098 lsst_hardware_z -180.55689565539245 164.13999938964844 31.75 AB 5.397631025452181 1.083716575850391
60133.325 lsst_hardware_z -13.457511604292112 116.16999816894531 31.0 AB 1.3931667510636094 1.0716667315873918
60133.3375 lsst_hardware_r 31.25731262042927 85.31999969482422 31.649999618530273 AB 1.700686290338402 1.0629289314615011
60138.3278 lsst_hardware_i 58.56672444867717 94.05000305175781 31.34000015258789 AB 6.472141320953449 1.061006773926795
60138.3405 lsst_hardware_z 293.40924448176537 116.3499984741211 31.0 AB 6.425052799730273 1.0575058100176014
60140.4044 lsst_hardware_u -2.180370150696804 31.440000534057617 29.459999084472656 AB 5.319380697908302 1.1116783067728948
60140.4161 lsst_hardware_g -65.58352421785165 93.44999694824219 31.700000762939453 AB 5.439591396272116 1.134252493618749
60147.3964 lsst_hardware_i -17.5486596469367 93.54000091552734 31.329999923706055 AB 6.100114938713726 1.1330079752440056
60147.4076 lsst_hardware_z -61.22854124030857 115.63999938964844 30.989999771118164 AB 6.20821765955723 1.1586819073455077
60153.3394 lsst_hardware_g -14.10138218611888 94.30999755859375 31.719999313354492 AB 3.332227871604056 1.0729509085340956
60153.3521 lsst_hardware_r 12.779354077505014 85.05999755859375 31.639999389648438 AB 3.381734820910298 1.086588423458972
60158.3319 lsst_hardware_i 3.49416307602758 94.05000305175781 31.34000015258789 AB 1.4976584174269738 1.0790046235064654
60158.3447 lsst_hardware_r -42.018368009063536 85.12999725341797 31.649999618530273 AB 1.539137044558821 1.0949516560769417
60164.2386 lsst_hardware_r 68.30829934325561 85.2699966430664 31.649999618530273 AB 3.3270331148576795 1.0732364886637675
60164.2507 lsst_hardware_i -159.9435832624104 94.08999633789062 31.34000015258789 AB 3.3059791955221507 1.0641563934084175
60168.283 lsst_hardware_g -294.85361532807076 94.77999877929688 31.729999542236328 AB 3.07344380145963 1.0621583854366143
60168.2949 lsst_hardware_r -23.12630732122148 85.36000061035156 31.649999618530273 AB 2.6866617432957764 1.0699213792038842
60179.3107 lsst_hardware_r -45.22989703784155 84.58999633789062 31.6299991607666 AB 2.289021813642136 1.136555021669382
60179.3223 lsst_hardware_i 17.229342872751662 93.19999694824219 31.31999969482422 AB 2.3512822241205753 1.163905069278397
60181.3017 lsst_hardware_i -81.98554022105459 93.33000183105469 31.31999969482422 AB 2.7091682488221043 1.1291337519403046
60181.3124 lsst_hardware_z 53.89595374200039 115.44999694824219 30.989999771118164 AB 2.8295395684062585 1.1528750108948493
60183.292 lsst_hardware_i -18.422612615453623 93.51000213623047 31.31999969482422 AB 3.388136122710479 1.120786014790102
60183.3027 lsst_hardware_z -18.122831049049474 115.69000244140625 30.989999771118164 AB 3.439568686044955 1.1429986495123219
60185.2549 lsst_hardware_z -74.2872011172743 164.2100067138672 31.75 AB 6.497287108293574 1.0756504235351647
60202.142 lsst_hardware_z -138.72899153976365 116.27999877929688 31.0 AB 1.4452856663745735 1.0674192513843077
60202.1531 lsst_hardware_r -51.7686667794346 85.41000366210938 31.649999618530273 AB 1.4343044076771259 1.0610068359095988
60204.1419 lsst_hardware_u 38.23382181620479 32.13999938964844 29.510000228881836 AB 0.5745207177035375 1.063927255008182
60204.1528 lsst_hardware_g -182.67787823796235 94.80000305175781 31.729999542236328 AB 0.746311313691646 1.0590983638008222
60208.2161 lsst_hardware_i 70.54354756704574 93.55999755859375 31.329999923706055 AB 3.549268973988914 1.1071859126513588
60208.2279 lsst_hardware_z 65.27845049586698 115.68000030517578 30.989999771118164 AB 3.684227235482852 1.128976680944694
60210.2038 lsst_hardware_z 52.90582005946076 115.87000274658203 31.0 AB 2.1363782952801165 1.0965158059607099
60210.2161 lsst_hardware_r 56.75554339455385 84.5199966430664 31.6299991607666 AB 2.2302859489734073 1.1167250015721486
60212.2086 lsst_hardware_z -53.21668145047119 115.91999816894531 31.0 AB 6.776004675221963 1.113055673314633
60212.2201 lsst_hardware_r -14.857536254514713 84.5199966430664 31.6299991607666 AB 6.772837582886159 1.135493056256761
60214.1464 lsst_hardware_i 49.74924345518797 94.0999984741211 31.34000015258789 AB 4.09743116684931 1.05822085920695
60214.1584 lsst_hardware_z -158.64223893022248 116.33999633789062 31.0 AB 4.121876032485085 1.0626815423744984
60217.0554 lsst_hardware_r 129.37043633459336 84.54000091552734 31.6299991607666 AB 4.1973250280926635 1.1292744795549337
60217.0625 lsst_hardware_y 49.0006686042382 124.83000183105469 30.049999237060547 AB 4.1277380016106475 1.1156048653001749
60224.0748 lsst_hardware_r 125.86090867420162 85.19000244140625 31.649999618530273 AB 4.906305150384182 1.0732374823108786
60224.0869 lsst_hardware_i -139.28815764786972 94.0 31.34000015258789 AB 8.794959075252684 1.0641637987314865
60225.0802 lsst_hardware_z 183.73607636281503 116.0999984741211 31.0 AB 5.184787630964138 1.0667189858984676
60225.0923 lsst_hardware_r -64.85230761954855 85.25 31.649999618530273 AB 9.546525225771942 1.0601949276219604
60228.1624 lsst_hardware_g -25.54870300291822 93.77999877929688 31.709999084472656 AB 4.938597665880421 1.108717578211677
60228.1744 lsst_hardware_i 110.10818311816406 93.41000366210938 31.31999969482422 AB 4.401362638943107 1.1312618160408945
60239.1606 lsst_hardware_z -39.26152083179568 115.62000274658203 30.989999771118164 AB 4.3606228898633015 1.1694597089810093
60239.1721 lsst_hardware_r -97.80079271684747 84.02999877929688 31.6200008392334 AB 3.389126193223157 1.202457404017441
60241.1409 lsst_hardware_r -27.8984483559021 84.5 31.6299991607666 AB 3.2159387902509518 1.1354713709067346
60241.152 lsst_hardware_z 112.42692539897602 115.45999908447266 30.989999771118164 AB 3.2854357126568634 1.161341715325862
60243.1412 lsst_hardware_z -73.53876523452111 115.66000366210938 30.989999771118164 AB 2.807356118405732 1.1483594703050444
60243.1519 lsst_hardware_i -13.354739706804615 93.0999984741211 31.31999969482422 AB 3.00283895814522 1.1754327863303313
60245.1463 lsst_hardware_z -9.063939037673485 115.54000091552734 30.989999771118164 AB 3.4429117599992627 1.1750552081908745
60245.1569 lsst_hardware_r 14.680986291630012 84.02999877929688 31.6200008392334 AB 3.5678203936532995 1.2061597003560849
60247.1401 lsst_hardware_y -225.24638208606456 123.80000305175781 30.030000686645508 AB 6.502237710600929 1.173053889698887
60247.1503 lsst_hardware_g -39.75858278331548 92.05999755859375 31.670000076293945 AB 6.639850852872142 1.2025992035992108
60249.0858 lsst_hardware_u -49.00340384966113 31.6200008392334 29.469999313354492 AB 5.926004288697264 1.081634367090432
60249.0969 lsst_hardware_g 45.19444904560981 93.73999786376953 31.700000762939453 AB 5.998418863797144 1.0959352369908484
60251.0872 lsst_hardware_r 76.94250872544868 84.94000244140625 31.639999389648438 AB 4.455445665782895 1.0900617352266095
60251.1002 lsst_hardware_i 1.9790711372675716 93.5 31.31999969482422 AB 4.513358891706492 1.109751387191171
