data/validation/pwv_sim_epoch_fit_epoch/57988386.ecsv
# %ECSV 0.9
# ---
# datatype:
# - {name: time, datatype: float64}
# - {name: band, datatype: string}
# - {name: flux, datatype: float64}
# - {name: fluxerr, datatype: float64}
# - {name: zp, datatype: float64}
# - {name: zpsys, datatype: string}
# - {name: pwv, datatype: float64}
# - {name: airmass, datatype: float64}
# meta: {SNID: '57988386', alt: 1024.0, c: 0.12791314721107483, dec: -12.024699, lat: -30.244573, lon: -70.7499537, ra: 25.136719, t0: 61369.3984375,
#   x0: 2.6522587371686196e-05, x1: -1.0328724384307861, z: 0.3040488362312317}
# schema: astropy-2.0
time band flux fluxerr zp zpsys pwv airmass
61239.4209 lsst_hardware_r 12.724138555225647 23.489999771118164 31.489999771118164 AB 2.2727993933390573 1.0639201373149478
61239.4404 lsst_hardware_y -54.102895725171116 60.27000045776367 30.049999237060547 AB 2.268530108514474 1.0539048123179902
61245.4153 lsst_hardware_z 8.795496781118558 41.66999816894531 30.950000762939453 AB 5.681097348091937 1.05660433311795
61245.4348 lsst_hardware_y -23.621314064863487 53.0 30.049999237060547 AB 5.482494661092017 1.054494885928902
61247.423 lsst_hardware_y 41.83634567324653 68.73999786376953 30.790000915527344 AB 6.402877332638765 1.0536247050582137
61250.406 lsst_hardware_r 6.717129854278804 80.27999877929688 31.649999618530273 AB 4.958046753580133 1.0549035645915177
61250.4256 lsst_hardware_z 64.65576974116131 59.20000076293945 30.979999542236328 AB 4.805353548420144 1.056005614420425
61252.4076 lsst_hardware_z -20.613557202140015 89.16999816894531 31.739999771118164 AB 4.744935832763979 1.0536497037965904
61252.4281 lsst_hardware_y 128.89297657499878 79.43000030517578 30.799999237060547 AB 3.686457696436306 1.0605713686374258
61254.4031 lsst_hardware_z -29.162959808555442 60.880001068115234 30.979999542236328 AB 1.9511344321717128 1.053623129604021
61254.4234 lsst_hardware_y -7.810430458834414 53.86000061035156 30.049999237060547 AB 1.3205816736029117 1.0611343299340392
61259.3693 lsst_hardware_z 57.74726573853106 42.52000045776367 30.950000762939453 AB 4.530752640545955 1.0614390630305623
61259.3907 lsst_hardware_r -35.69807606005601 27.690000534057617 31.540000915527344 AB 3.2659338913949933 1.0536403564022991
61265.3549 lsst_hardware_r -3.914466107836152 23.290000915527344 31.510000228881836 AB 4.960582128486264 1.0599911952319379
61265.3769 lsst_hardware_i 71.74069692919473 30.959999084472656 31.260000228881836 AB 4.666843075208314 1.053859934183285
61267.3571 lsst_hardware_z 111.89335941363184 41.2400016784668 30.950000762939453 AB 5.885875424362 1.0557939713047326
61267.3765 lsst_hardware_r 35.93770312982693 22.950000762939453 31.5 AB 5.205238564833415 1.055008998716363
61269.3534 lsst_hardware_u -1.6519315730576423 3.950000047683716 29.260000228881836 AB 4.676657268677168 1.0551429338772622
61269.3746 lsst_hardware_r -42.12000275959391 32.70000076293945 32.2599983215332 AB 4.712830970319073 1.0563924842407562
61273.3314 lsst_hardware_g -15.542127494486357 14.210000038146973 31.420000076293945 AB 1.6002837625581792 1.0611961290173602
61273.352 lsst_hardware_i 19.798511517067382 30.68000030517578 31.239999771118164 AB 1.9270889663611728 1.0536298339864258
61275.3234 lsst_hardware_z 87.95106965644318 44.959999084472656 30.950000762939453 AB 2.150148092639193 1.0632454407907987
61275.3424 lsst_hardware_r -31.06197257315196 26.530000686645508 31.540000915527344 AB 2.118371987725044 1.053872718904711
61277.3333 lsst_hardware_y 10.236113259106103 70.33999633789062 30.799999237060547 AB 2.6157952133547755 1.0546143851719294
61279.2867 lsst_hardware_r -48.407990104927045 93.81999969482422 31.639999389648438 AB 2.8569295076693204 1.098819041411277
61279.3041 lsst_hardware_i 17.200357825301012 72.5999984741211 31.329999923706055 AB 3.2241596075410692 1.071802185453289
61285.2894 lsst_hardware_z 16.8485979485771 52.720001220703125 30.979999542236328 AB 3.108662612291447 1.0698620898100657
61285.3059 lsst_hardware_r -95.54539439293086 58.72999954223633 31.639999389648438 AB 2.737306017257628 1.0567049125652737
61287.2738 lsst_hardware_r -21.095479533494228 30.350000381469727 31.559999465942383 AB 2.4035346917570473 1.083323929577996
61287.2921 lsst_hardware_z 30.237089848376062 43.939998626708984 30.950000762939453 AB 2.4567563791792595 1.0620366926096443
61298.2363 lsst_hardware_u 0.6637128704028941 2.819999933242798 28.5 AB 0.8110574186255743 1.0960235386855075
61298.2555 lsst_hardware_g -13.766400433516841 14.539999961853027 31.450000762939453 AB 2.7166084658996397 1.0681291477980235
61304.2414 lsst_hardware_z 13.805504481308713 65.25 31.709999084472656 AB 3.5285787247954468 1.0658212016095792
61308.2202 lsst_hardware_z 89.26585479496138 72.19999694824219 30.989999771118164 AB 6.51528937745574 1.0778723723646362
61308.2386 lsst_hardware_r 35.04551967953812 103.98999786376953 31.649999618530273 AB 6.446012530721262 1.0592557393857711
61310.2266 lsst_hardware_z -132.0906136733848 124.61000061035156 31.75 AB 3.5428374627233263 1.0643413166603224
61312.2083 lsst_hardware_r -39.39253295239249 88.52999877929688 31.649999618530273 AB 4.3275910757738325 1.0792446259047757
61312.2265 lsst_hardware_z -37.799933672844666 64.51000213623047 30.989999771118164 AB 4.894163826659908 1.060050284640162
61314.2085 lsst_hardware_r 34.13875360137895 50.540000915527344 31.6200008392334 AB 4.514111027115552 1.0718535028174172
61314.2263 lsst_hardware_y 86.52576060119772 49.5099983215332 30.040000915527344 AB 4.449951018202149 1.0569118086142384
61316.2097 lsst_hardware_g 9.133858828343211 14.670000076293945 31.450000762939453 AB 3.5016442438964845 1.0648150353949077
61316.2279 lsst_hardware_r 17.52505712975037 23.389999389648438 31.5 AB 3.429252010241457 1.0543434312810014
61322.1766 lsst_hardware_u 4.561593287619624 2.7200000286102295 28.40999984741211 AB 3.5523659636913303 1.0859076718029337
61322.1939 lsst_hardware_g 4.963488955647562 14.760000228881836 31.440000534057617 AB 3.3971920140789353 1.0642832124308823
61324.1809 lsst_hardware_r -3.674178401767288 23.719999313354492 31.510000228881836 AB 4.13461282339459 1.0722080192059846
61324.2002 lsst_hardware_z -29.61159012617132 41.63999938964844 30.950000762939453 AB 4.102299553773129 1.0563408146706188
61327.172 lsst_hardware_r 18.812725034217856 23.68000030517578 31.510000228881836 AB 8.606021089245976 1.0730699612526156
61327.1898 lsst_hardware_u 1.2445826013305632 2.740000009536743 28.440000534057617 AB 8.516535184775426 1.057429250655007
61329.1695 lsst_hardware_g -6.138887302889396 14.890000343322754 31.459999084472656 AB 8.105095451230378 1.0696030595913928
61329.1874 lsst_hardware_r -10.176716844576045 23.700000762939453 31.520000457763672 AB 8.013312086646105 1.055969439176774
61331.1707 lsst_hardware_i -23.635059492130072 33.68000030517578 31.270000457763672 AB 6.197048476085462 1.063080136565476
61331.1884 lsst_hardware_z -1.3265844046694457 42.56999969482422 30.959999084472656 AB 6.158957619502435 1.0540444883486297
61336.1517 lsst_hardware_z 124.69809213656595 90.13999938964844 31.729999542236328 AB 5.045894954337281 1.0681780237103935
61338.1445 lsst_hardware_r 31.026230708268717 128.9199981689453 31.65999984741211 AB 4.684451853306756 1.0700796131820807
61338.1606 lsst_hardware_z 113.46748360824813 86.48999786376953 31.0 AB 4.625673580815933 1.056994819952202
61341.1336 lsst_hardware_r -40.45998802095012 78.0999984741211 31.649999618530273 AB 3.206703200666777 1.0732836417591831
61341.1494 lsst_hardware_y -69.76600190292035 53.2599983215332 30.049999237060547 AB 3.141455993840276 1.0586798451492392
61344.1327 lsst_hardware_g -7.639801337355125 14.999901111284833 31.469999313354492 AB 3.997636255367983 1.0653261173532267
61344.1485 lsst_hardware_r -10.226137812215823 23.656357653580947 31.530000686645508 AB 3.9305637625755407 1.0551849027048432
61351.1085 lsst_hardware_z 420.82989034131197 46.98690977044656 30.950000762939453 AB 4.900373880953099 1.0706519294195105
61351.1206 lsst_hardware_r 571.8411995173024 33.461368968210984 31.510000228881836 AB 4.822618720197211 1.059644498523527
61356.1197 lsst_hardware_u 4.351687765607519 4.249874789621377 28.40999984741211 AB 3.4995065229511915 1.0541211475330956
61356.1383 lsst_hardware_g 1461.5228976469568 41.0697273665606 31.43000030517578 AB 4.620399243895853 1.0569771032246118
61357.0922 lsst_hardware_g 1792.579369296507 45.440710965681674 31.43000030517578 AB 3.5740503626265894 1.0705557473795386
61357.1103 lsst_hardware_r 3299.511005064831 61.04940227971237 31.5 AB 3.7983420474815577 1.0562441677236505
61361.0953 lsst_hardware_z 4121.310578969416 76.35427632405352 30.950000762939453 AB 3.2809377575805665 1.0583670185743763
61361.116 lsst_hardware_g 4312.79926612715 71.33860336454991 31.6299991607666 AB 3.2675265680493735 1.0540408284030236
61364.0676 lsst_hardware_z 4956.272505730109 89.15030292107754 30.969999313354492 AB 7.08064337616663 1.0774501713669737
61364.0885 lsst_hardware_r 8421.845740621007 113.81981032739097 31.639999389648438 AB 6.108882120146956 1.0575709135230082
61368.071 lsst_hardware_i 7331.67870396491 116.96961559734656 31.329999923706055 AB 8.013715180843258 1.0619818686513143
61368.0902 lsst_hardware_z 5334.076260173613 101.03066711235769 30.989999771118164 AB 8.390497571252327 1.0536854918060896
61370.07 lsst_hardware_g 5778.188608900271 90.2613319169127 31.700000762939453 AB 4.653111873076095 1.0588088303419512
61370.0902 lsst_hardware_r 9671.293420227526 115.35060613913474 31.639999389648438 AB 3.7372124979093537 1.053849135822319
61372.0702 lsst_hardware_i 6991.80475528355 88.76630850005164 31.25 AB 4.084475310240701 1.0558747032075324
61372.0893 lsst_hardware_r 8281.948278947355 93.38822020562108 31.489999771118164 AB 4.073434025774579 1.054838332095273
61374.0636 lsst_hardware_u 23.27035382731042 5.302878888649007 28.479999542236328 AB 5.275234211663499 1.0563673014595243
61374.0839 lsst_hardware_g 3779.597202013059 63.65625346131378 31.450000762939453 AB 5.333354680530464 1.0548565428264798
61376.0622 lsst_hardware_r 7448.053212666219 88.77814969374292 31.5 AB 6.638764452663818 1.0548325490171129
61376.0812 lsst_hardware_i 6624.570957670276 85.86583385666965 31.25 AB 6.608677113539295 1.0558397731656444
61379.0385 lsst_hardware_y 1104.913740056458 59.29152601250907 30.049999237060547 AB 2.32834487364019 1.0640619424053985
61379.0582 lsst_hardware_z 4027.349077195178 74.92105002902903 30.950000762939453 AB 1.5681974404719157 1.0538961293498454
61381.0406 lsst_hardware_y 935.5932674296807 56.79273069660006 30.049999237060547 AB 5.642858893646407 1.0584164109563887
61381.0604 lsst_hardware_u 6.783257455866568 4.0493403630996525 28.450000762939453 AB 4.799891516222366 1.0538789145290077
61383.0407 lsst_hardware_y 894.4814652497374 56.283757260732074 30.049999237060547 AB 5.2332447525984405 1.0556572255107128
61383.0597 lsst_hardware_r 5131.6748719045645 76.01013697693041 31.510000228881836 AB 5.688755757798991 1.0549710869380584
61385.0309 lsst_hardware_y 915.3189936067967 74.93623635145838 30.059999465942383 AB 10.236595815308153 1.0577089969923266
61385.0489 lsst_hardware_r 4542.187794961744 71.80521222975861 31.510000228881836 AB 10.663083768995525 1.0538032450581092
61387.032 lsst_hardware_z 2942.2942340990976 79.91456734693602 30.979999542236328 AB 11.216541169685224 1.0548802002901556
61387.0506 lsst_hardware_g 1169.5633150384099 38.17320323159353 31.479999542236328 AB 12.136385324728176 1.0556132316889777
61389.033 lsst_hardware_y 1002.9427559551199 72.39151298328888 30.06999969482422 AB 7.986859294201508 1.0536718043503635
61389.0515 lsst_hardware_i 3818.6588976296093 69.47198386510455 31.260000228881836 AB 8.133789422671125 1.0588381911825349
61609.3901 lsst_hardware_z -0.2797597361115834 58.959999084472656 30.979999542236328 AB 5.601394209215494 1.0861730093495237
61609.4106 lsst_hardware_y 67.84561293878292 52.77000045776367 30.049999237060547 AB 5.490507650151096 1.0617370365290977
61610.4283 lsst_hardware_y -50.78540261697464 52.52000045776367 30.049999237060547 AB 5.560216753563816 1.0536533919110271
61616.4086 lsst_hardware_r 3.768352948611096 23.559999465942383 31.5 AB 5.049509289456278 1.053902277997658
61616.4277 lsst_hardware_z -82.86923387247576 43.310001373291016 30.959999084472656 AB 4.001238554572555 1.0581088336830768
61618.4027 lsst_hardware_z 86.76935281783751 58.5099983215332 31.700000762939453 AB 6.630240380188711 1.0539665986072744
61618.4244 lsst_hardware_y 60.4464404566838 48.0 30.040000915527344 AB 7.103256503496818 1.0594496127319504
61621.3755 lsst_hardware_r -18.958157825018695 23.40999984741211 31.510000228881836 AB 2.1906467244891012 1.0636789145370729
61621.3956 lsst_hardware_u 3.2611064227113746 2.759999990463257 28.469999313354492 AB 2.0586432773297045 1.053823023972206
61625.3707 lsst_hardware_z 7.417921931476117 41.40999984741211 30.940000534057617 AB 2.6603425249010964 1.059053552906749
61625.3913 lsst_hardware_r 1.799339770550602 23.229999542236328 31.5 AB 1.4754570307731578 1.0538978791236842
61628.369 lsst_hardware_u 1.5723961912921334 2.6500000953674316 28.3799991607666 AB 5.700843997247122 1.0557118513420596
61628.3875 lsst_hardware_g 4.113066646536289 14.289999961853027 31.40999984741211 AB 6.329095242877271 1.0548492071462119
61643.2865 lsst_hardware_i -37.50978434767507 31.81999969482422 31.239999771118164 AB 2.4529982264868804 1.1061583073857124
61648.2631 lsst_hardware_r 8.58257542296348 23.350000381469727 31.489999771118164 AB 5.614378181824545 1.1289153333985915
61648.2799 lsst_hardware_u -0.7032053580388965 2.680000066757202 28.399999618530273 AB 5.321121496898756 1.0925018899650123
61650.2881 lsst_hardware_g 4.103155631304849 14.119999885559082 31.420000076293945 AB 3.135949929639675 1.0722112760542526
61650.3048 lsst_hardware_i -14.761063604017776 30.610000610351562 31.25 AB 2.7419863470874386 1.057661078915116
61652.2641 lsst_hardware_r -25.344204642318555 23.059999465942383 31.479999542236328 AB 2.439556774097439 1.1017116246112173
61652.2825 lsst_hardware_z 33.19843414065133 41.459999084472656 30.940000534057617 AB 2.362094362271521 1.0723794017576518
61654.2684 lsst_hardware_r 9.739542980634633 23.299999237060547 31.489999771118164 AB 0.9387704724646224 1.0843436008831908
61654.2878 lsst_hardware_u -2.3177856976889797 2.6700000762939453 28.399999618530273 AB 0.9329702774847035 1.0617015959996625
61656.261 lsst_hardware_g -4.765633383799795 14.329999923706055 31.420000076293945 AB 3.0584868340697344 1.0874619854470167
61656.2795 lsst_hardware_r 16.207501641213973 23.190000534057617 31.5 AB 3.0038890255173767 1.0640768776186245
61673.2255 lsst_hardware_g 14.741501637886875 14.600000381469727 31.43000030517578 AB 6.488418421250492 1.0719785917558948
61673.245 lsst_hardware_r -14.26593960044997 23.459999084472656 31.5 AB 6.4328890532564715 1.05618800130074
61677.2105 lsst_hardware_i 21.938433499082475 31.420000076293945 31.25 AB 4.961243402921943 1.0771846936811473
61677.2297 lsst_hardware_z 29.810639517005516 41.720001220703125 30.940000534057617 AB 4.872606595890138 1.0584569557706396
61679.2047 lsst_hardware_i -15.03363253979735 31.15999984741211 31.239999771118164 AB 5.161397471160984 1.077648495910078
61679.2225 lsst_hardware_u -1.2250190068472164 2.740000009536743 28.450000762939453 AB 4.450859374810988 1.0595602384092178
61681.2068 lsst_hardware_g -6.508243115743341 14.770000457763672 31.440000534057617 AB 3.0589079176780554 1.0684274948227779
61681.2254 lsst_hardware_r -18.361504392331238 23.6200008392334 31.5 AB 3.430270789949184 1.0553055806642622
61683.2039 lsst_hardware_i -10.024148263783404 31.030000686645508 31.25 AB 6.796412414319575 1.0658252610013288
61683.2229 lsst_hardware_r 28.67122038830245 23.3799991607666 31.5 AB 7.079620907951623 1.054430320161592
61685.1864 lsst_hardware_z -18.139563933644563 60.66999816894531 31.700000762939453 AB 4.822010413596003 1.0803608096183486
61687.1806 lsst_hardware_z -94.91121958196621 45.599998474121094 30.950000762939453 AB 3.4655869536162967 1.0808567273987826
61687.1983 lsst_hardware_r -59.452115361794085 39.86000061035156 31.600000381469727 AB 3.484052321268959 1.0612404268257567
61691.1826 lsst_hardware_i -103.64045413171803 76.33999633789062 31.329999923706055 AB 6.890402615404972 1.0653065268098787
61691.2018 lsst_hardware_z -45.557038017730655 67.51000213623047 30.989999771118164 AB 6.868513544891182 1.0542614804132757
61693.1643 lsst_hardware_z 220.3554525068391 91.55000305175781 31.0 AB 6.675794045522188 1.0807356296292243
61693.1818 lsst_hardware_r -102.64637975500017 136.6199951171875 31.65999984741211 AB 6.977178562408117 1.0613292610905074
