data/validation/pwv_sim_epoch_fit_epoch/58011184.ecsv
# %ECSV 0.9
# ---
# datatype:
# - {name: time, datatype: float64}
# - {name: band, datatype: string}
# - {name: flux, datatype: float64}
# - {name: fluxerr, datatype: float64}
# - {name: zp, datatype: float64}
# - {name: zpsys, datatype: string}
# - {name: pwv, datatype: float64}
# - {name: airmass, datatype: float64}
# meta: {SNID: '58011184', alt: 1024.0, c: -0.041279327124357224, dec: -46.964977, lat: -30.244573, lon: -70.7499537, ra: 330.065216,
#   t0: 61644.50390625, x0: 5.060824990821647e-06, x1: 0.4566386342048645, z: 0.6101884841918945}
# schema: astropy-2.0
time band flux fluxerr zp zpsys pwv airmass
61550.4274 lsst_hardware_y -111.03169567115182 82.2699966430664 30.809999465942383 AB 8.875439289559747 1.0454915675188912
61552.4184 lsst_hardware_i -32.34149686689378 46.880001068115234 31.309999465942383 AB 4.432459815315657 1.0468110799588255
61552.4306 lsst_hardware_z -3.3463660723679474 55.2400016784668 30.979999542236328 AB 4.414256724640628 1.043621189110578
61554.4276 lsst_hardware_r 51.664616261549085 32.560001373291016 31.579999923706055 AB 8.268217560324535 1.0434398738420392
61559.4049 lsst_hardware_z 100.78796665847469 41.150001525878906 30.950000762939453 AB 11.263503392434998 1.0448680461140298
61559.4188 lsst_hardware_y -69.58052022639933 47.220001220703125 30.040000915527344 AB 11.203390659270177 1.0435348974730247
61561.4156 lsst_hardware_u -0.6756155718354478 2.799999952316284 28.520000457763672 AB 4.801408110226311 1.0437843717883286
61561.4277 lsst_hardware_y -10.010191481779968 48.560001373291016 30.049999237060547 AB 4.608349970484102 1.0473522660191141
61563.4209 lsst_hardware_r 18.3507889598717 22.479999542236328 31.5 AB 0.964337541642755 1.0467707371970203
61563.4343 lsst_hardware_y -66.32314233859077 52.0 30.049999237060547 AB 0.9651345847449154 1.054695839808668
61574.4002 lsst_hardware_r -143.08890994411888 87.75 31.649999618530273 AB 4.87293092298284 1.051787378152951
61574.4138 lsst_hardware_z 19.150519284929622 63.119998931884766 30.979999542236328 AB 4.934885332212727 1.0632473424761695
61576.3842 lsst_hardware_r 97.63162476158989 105.58999633789062 31.65999984741211 AB 4.001863895727286 1.0462845167268309
61576.3988 lsst_hardware_i -27.519024105178023 82.97000122070312 31.34000015258789 AB 4.017652810239635 1.0546865970177552
61578.3807 lsst_hardware_i -44.98177940266587 72.68000030517578 31.329999923706055 AB 2.1988858736160704 1.0470885112457478
61578.3997 lsst_hardware_z 109.54369384494272 65.3499984741211 30.979999542236328 AB 2.2262472434403406 1.0601177349715907
61578.4117 lsst_hardware_i 26.23303753033215 72.06999969482422 31.329999923706055 AB 2.254149227637419 1.0734043941130567
61582.3328 lsst_hardware_y 106.60024535150933 48.2400016784668 30.049999237060547 AB 5.821286818068052 1.0485341451295251
61582.3455 lsst_hardware_g -56.42972231009654 38.08000183105469 31.690000534057617 AB 5.6514557165656365 1.0440845613632361
61587.4005 lsst_hardware_r -2.1987994668366904 22.649999618530273 31.479999542236328 AB 10.603264820206707 1.0931200845573925
61587.4126 lsst_hardware_g 7.580003417192108 13.880000114440918 31.399999618530273 AB 10.822806400905408 1.1157532372067431
61589.4014 lsst_hardware_r 53.298393979106805 22.729999542236328 31.479999542236328 AB 7.1198581714055 1.104424742203542
61589.4135 lsst_hardware_i -29.275873846779863 31.079999923706055 31.239999771118164 AB 7.315723629240816 1.1296088778487028
61591.3977 lsst_hardware_z 4.111509292314671 41.720001220703125 30.940000534057617 AB 4.448762268491704 1.1077825158618921
61591.4095 lsst_hardware_i 21.91474825162108 30.90999984741211 31.229999542236328 AB 4.762333292929407 1.1329896811092959
61593.3923 lsst_hardware_u 2.546072572242212 2.759999990463257 28.469999313354492 AB 1.7177972834634767 1.1078989251618683
61593.4044 lsst_hardware_g 3.8759616297102277 13.899999618530273 31.399999618530273 AB 1.62705353878066 1.133835218662481
61596.1449 lsst_hardware_r 43.235635175829835 28.540000915527344 31.43000030517578 AB 13.846488000007831 1.5347187113229999
61596.1528 lsst_hardware_u 5.000337972407282 3.059999942779541 28.229999542236328 AB 13.369202078841084 1.4770694841005119
61598.2943 lsst_hardware_r 8.1097708061962 22.549999237060547 31.5 AB 8.033631060958962 1.0462159936134088
61598.3063 lsst_hardware_i -61.9525272479392 30.280000686645508 31.25 AB 7.977587260751796 1.0435038928387268
61608.342 lsst_hardware_r 45.90703895292888 79.19000244140625 31.639999389648438 AB 4.792472826404723 1.0911823375237413
61608.3538 lsst_hardware_z 59.32748294124037 61.189998626708984 30.969999313354492 AB 4.827858290347057 1.1127516034910716
61611.2358 lsst_hardware_r -12.613775709757876 40.13999938964844 31.610000610351562 AB 5.747935308791494 1.0619251413405688
61611.2483 lsst_hardware_y 3.481105110973677 48.2400016784668 30.040000915527344 AB 5.692318425031832 1.0516499792215612
61612.2378 lsst_hardware_g -6.003510550424068 25.459999084472656 31.6200008392334 AB 10.769732763722617 1.0575409612100275
61612.2494 lsst_hardware_r 11.04611338717417 31.889999389648438 31.56999969482422 AB 10.527635536301464 1.0493357235997205
61617.2361 lsst_hardware_i 35.90846413022762 31.13977425158447 31.25 AB 3.3572586783269127 1.0491433369771601
61617.2476 lsst_hardware_z 38.44941093204159 41.55285449652034 30.950000762939453 AB 3.3427055718354874 1.0445954911985897
61622.2327 lsst_hardware_g 82.18448088505954 16.05575134865137 31.40999984741211 AB 1.1121922136003166 1.0449251566415187
61622.2442 lsst_hardware_i 232.35790435924105 34.015437405727575 31.239999771118164 AB 1.0280184480214611 1.0434087267408891
61624.2351 lsst_hardware_z 273.05247664670657 44.444023865219336 30.950000762939453 AB 3.3003161066501696 1.0435232209054077
61624.2468 lsst_hardware_r 408.68415198452936 30.777911479477943 31.5 AB 3.3104524646564295 1.0443616797906607
61626.2206 lsst_hardware_r 598.1392305560423 34.89102288252703 31.520000457763672 AB 3.477361841027397 1.0452729664168925
61626.2322 lsst_hardware_y 183.5318784311977 48.51828493525773 30.049999237060547 AB 3.5387183463196683 1.0434080337077012
61627.2124 lsst_hardware_z 470.2156225737003 48.38423684765319 30.959999084472656 AB 4.81493979709339 1.04735217730021
61627.224 lsst_hardware_r 772.9908383047899 42.37067005126385 31.579999923706055 AB 4.7409434659265255 1.0438583070242742
61629.2257 lsst_hardware_i 782.9790688193651 56.531788199278644 31.31999969482422 AB 2.8311570867161913 1.04342398773324
61629.237 lsst_hardware_z 475.46293849290316 55.613493431307084 30.969999313354492 AB 2.846290148591663 1.045405294536605
61631.2954 lsst_hardware_z 747.1205337889032 67.83351460516114 30.979999542236328 AB 3.778379608390518 1.1219577180215337
61631.3065 lsst_hardware_r 1306.875717952598 89.8823866042432 31.6299991607666 AB 3.8643706856615982 1.1482307786841772
61649.234 lsst_hardware_u -0.2436403864588676 2.688455321704012 28.329999923706055 AB 1.7662416428002576 1.0978969030618964
61649.2452 lsst_hardware_g 288.86715746906333 21.894965705374393 31.3799991607666 AB 1.859157719998875 1.1196934825589209
61651.144 lsst_hardware_u -0.18263270555688763 2.8000300892158103 28.440000534057617 AB 1.468264676603374 1.0487604832881243
61651.156 lsst_hardware_g 236.76932411617716 21.266948291170138 31.43000030517578 AB 1.4620461995475451 1.0443187139625323
61653.1392 lsst_hardware_r 1376.2331033659525 43.226834375581284 31.489999771118164 AB 1.626098299981575 1.0484192778733559
61653.1507 lsst_hardware_i 1361.3972180035894 46.745395924511435 31.25 AB 1.5455416349343087 1.0442848884691276
61655.2198 lsst_hardware_z 1024.137573651264 52.55452971609197 30.940000534057617 AB 2.0475572321752566 1.101824519556192
61655.2319 lsst_hardware_g 185.01668660061026 19.114407083575166 31.3799991607666 AB 2.1267077059973762 1.1264341663121697
61674.1463 lsst_hardware_i 408.9582619177608 37.91053048085143 31.25 AB 3.0369969838585194 1.0693651351614506
61674.1581 lsst_hardware_z 514.114566223692 47.85430002161989 30.940000534057617 AB 3.1449448253769994 1.085336992537789
61680.0735 lsst_hardware_u 3.803068261930174 2.80840353053854 28.399999618530273 AB 5.082200038753124 1.0451825272499995
61680.085 lsst_hardware_g 40.78096243778188 14.563473874811113 31.40999984741211 AB 4.696779579493189 1.0434196340698731
61682.0709 lsst_hardware_r 187.48496581552584 27.236560865257555 31.5 AB 2.417850245436508 1.0444277518084268
61682.0829 lsst_hardware_i 325.2760049435814 35.40889983183692 31.25 AB 2.4370216458564546 1.043543382467979
61684.0716 lsst_hardware_z 395.1951758601953 46.852151705470256 30.950000762939453 AB 3.9582237053577902 1.0435143122345771
61684.0848 lsst_hardware_r 158.8358469960526 30.965916445706036 31.549999237060547 AB 3.59454013097385 1.044823214119
61688.0545 lsst_hardware_z 383.66126896117663 58.50653291421936 30.979999542236328 AB 2.5546828681563265 1.0444328978562252
61688.0664 lsst_hardware_i 334.6502150553589 58.487204677199884 31.31999969482422 AB 2.562227891327608 1.043535660328832
61689.1384 lsst_hardware_r 248.28043270009118 75.33724996061002 31.6299991607666 AB 4.965224385322866 1.1249658753846838
61689.1495 lsst_hardware_z 481.13046882460947 63.08125692461575 30.969999313354492 AB 5.07862341191704 1.1517894039726104
61692.1338 lsst_hardware_y 80.83180072861377 56.073056309118414 30.020000457763672 AB 9.450523476646028 1.1331562921637923
61692.1454 lsst_hardware_r 71.676365174325 90.5380949255394 31.6200008392334 AB 9.726821052075104 1.1628462244450415
61696.1335 lsst_hardware_r 63.79438252665711 60.65384768386629 31.610000610351562 AB 7.103577838792785 1.160146633805779
61696.1442 lsst_hardware_g 23.553693802660064 65.79268907200655 31.649999618530273 AB 7.330981713288738 1.1918357524449257
61698.0788 lsst_hardware_r 114.46442822801622 24.897015635589277 31.479999542236328 AB 3.0842773538764807 1.0671009181904558
61698.0901 lsst_hardware_u 3.525701504280493 3.1548183890302073 28.3799991607666 AB 3.522988895547846 1.0816668392839563
61702.0879 lsst_hardware_z 183.30052731897388 44.70244062010538 30.940000534057617 AB 3.396056651713197 1.0955021457139344
61702.0986 lsst_hardware_r 141.25124703803297 24.912680839661878 31.479999542236328 AB 3.4588325533295485 1.1157524365579188
61705.0787 lsst_hardware_u 3.6298889471105076 3.140804270254837 28.440000534057617 AB 3.1932125327229532 1.0937844430301167
61705.0894 lsst_hardware_g -13.008325481440925 14.355529707022269 31.40999984741211 AB 4.6900979349114404 1.1136848032875584
61918.3757 lsst_hardware_i 124.51888896623132 68.80000305175781 33.0 AB 10.151263713499045 1.0860838495184426
61918.3919 lsst_hardware_y -14.055755743204175 105.94000244140625 31.790000915527344 AB 9.989130577938846 1.064939294023331
61926.4221 lsst_hardware_r -10.65457052090628 22.600000381469727 31.489999771118164 AB 4.5979731961483346 1.0449939082155304
61926.4359 lsst_hardware_y -69.20128358694788 56.400001525878906 30.049999237060547 AB 4.626323855741531 1.051437239941257
61928.4071 lsst_hardware_y -89.68271649007434 73.41999816894531 30.799999237060547 AB 1.1608818611630731 1.0434111552660381
61947.318 lsst_hardware_r -37.912305777425935 22.290000915527344 31.479999542236328 AB 5.843163587096351 1.0596639420456027
61947.3305 lsst_hardware_i 24.060990255191225 30.15999984741211 31.239999771118164 AB 5.790804416313663 1.0501685506387375
61960.3007 lsst_hardware_z 49.547753984325986 107.58999633789062 31.75 AB 1.8081908757499807 1.0472147929053943
61962.307 lsst_hardware_r 3.344497873825596 80.5199966430664 31.649999618530273 AB 8.94195214294921 1.0437670296427233
61962.3191 lsst_hardware_i -47.737764715261044 66.08999633789062 31.329999923706055 AB 8.896785966996301 1.0439173912580186
61964.2953 lsst_hardware_z -107.83331831635441 49.83000183105469 30.969999313354492 AB 6.375436147199022 1.0451534667539382
61964.3079 lsst_hardware_r 78.67927480015486 53.86000061035156 31.639999389648438 AB 6.364617209427258 1.0433798703979111
61974.3246 lsst_hardware_g 20.469200983849433 13.890000343322754 31.399999618530273 AB 5.143707323007658 1.0694704648027704
61974.3361 lsst_hardware_r -0.6502875264793038 22.799999237060547 31.479999542236328 AB 4.789044558981209 1.0850285038756633
61976.2438 lsst_hardware_r -12.634387734291595 22.690000534057617 31.489999771118164 AB 5.727584472753956 1.055386856965903
61976.2563 lsst_hardware_i -7.665267002857126 30.420000076293945 31.239999771118164 AB 6.2475429846154675 1.0475424186142634
61978.2407 lsst_hardware_z -12.411395519612613 41.0 30.940000534057617 AB 2.393052588393866 1.0535893403553858
61978.2516 lsst_hardware_u -1.504671911719454 2.5199999809265137 28.299999237060547 AB 2.034705441275944 1.047197859637645
61979.2435 lsst_hardware_g 4.5176982385850195 13.819999694824219 31.399999618530273 AB 2.691564176834413 1.0499567688060905
61979.2547 lsst_hardware_r 1.4218502086754643 22.600000381469727 31.479999542236328 AB 2.6235984847102087 1.0450501831150005
61981.2332 lsst_hardware_i -18.10367880468897 32.47999954223633 31.25 AB 4.738913211601494 1.053091824800332
61981.2464 lsst_hardware_z -74.53084429071855 41.220001220703125 30.940000534057617 AB 4.706940896269493 1.045986865837665
61990.2201 lsst_hardware_z 10.674922671964456 68.77999877929688 30.989999771118164 AB 3.2446463221286823 1.046660103912478
61990.2312 lsst_hardware_r -68.43573698425455 99.0 31.65999984741211 AB 3.2354206688431066 1.0436840867235828
61994.2161 lsst_hardware_i 2.2449691638193987 40.7400016784668 31.290000915527344 AB 2.8214513820459683 1.0444339878628996
61994.2272 lsst_hardware_z 15.048063543540827 45.83000183105469 30.959999084472656 AB 2.819861510589491 1.0434270159443075
61995.2054 lsst_hardware_g 36.33587249635255 26.170000076293945 31.6200008392334 AB 3.1423669815393387 1.0471066249714558
61995.2169 lsst_hardware_r 23.39205585404358 33.31999969482422 31.579999923706055 AB 3.6584215527273583 1.0437721976397598
62009.0899 lsst_hardware_r 36.43219044169675 27.639999389648438 31.530000686645508 AB 1.6711605256861544 1.1668078377979785
62009.0946 lsst_hardware_z -25.335895868655307 43.70000076293945 30.950000762939453 AB 1.6590213692453242 1.1539011436239432
62011.1468 lsst_hardware_r 10.862350827692229 40.58000183105469 31.610000610351562 AB 5.494137099583251 1.0565648268429328
62011.1578 lsst_hardware_i -59.82411694399159 39.63999938964844 31.290000915527344 AB 5.454931534485841 1.049025295093431
62013.2233 lsst_hardware_z -103.8074520256383 77.25 31.719999313354492 AB 4.4390671045924455 1.076007054803485
62016.1368 lsst_hardware_r 96.70889332270188 107.16999816894531 31.649999618530273 AB 1.4751892826381219 1.0537066304558014
62016.1489 lsst_hardware_z 109.41940317799775 73.83999633789062 30.989999771118164 AB 1.4654552947465023 1.0467537819617874
62020.2077 lsst_hardware_i -40.96358235103604 61.900001525878906 31.31999969482422 AB 2.5427719548238383 1.080880745939995
62020.2195 lsst_hardware_z -55.731438070762174 58.209999084472656 30.969999313354492 AB 2.0408173750522516 1.0999734324751627
62021.0355 lsst_hardware_r -8.30684285901189 23.389999389648438 31.459999084472656 AB 2.972092905893424 1.2383720441222599
62021.0413 lsst_hardware_z -63.03643015667426 43.630001068115234 30.93000030517578 AB 2.9210205805268874 1.2170919085528698
62031.2008 lsst_hardware_i 16.82615579810851 30.90999984741211 31.239999771118164 AB 1.3510270712748005 1.1225039711484877
62031.2129 lsst_hardware_u 1.7497876103389605 2.559999942779541 28.299999237060547 AB 1.5930753904763693 1.1514820314249146
62035.1979 lsst_hardware_i -7.818522517320765 31.239999771118164 31.25 AB 2.56922888166158 1.1411187571226205
62035.2095 lsst_hardware_r -28.27953811291575 23.010000228881836 31.479999542236328 AB 2.3328557598541053 1.1722893265593033
62037.1484 lsst_hardware_i -5.134426428440068 30.489999771118164 31.239999771118164 AB 3.7503575899042993 1.0647618964878414
62037.1605 lsst_hardware_z 87.92985749498102 41.75 30.940000534057617 AB 3.785401098271465 1.0797692642862022
62039.1524 lsst_hardware_r 33.48731715647691 30.850000381469727 31.559999465942383 AB 3.0594565573315857 1.0761366715904277
62039.1636 lsst_hardware_g -25.70431141525178 25.209999084472656 31.59000015258789 AB 3.0694786843577773 1.0929894425012858
62043.073 lsst_hardware_i -60.86854337637661 63.099998474121094 31.31999969482422 AB 3.8826238569653206 1.0477295707927443
62043.0845 lsst_hardware_z 29.092601959493123 59.02000045776367 30.979999542236328 AB 4.040272908742516 1.0439981676338088
62048.0763 lsst_hardware_i 116.56025413945099 65.75 31.329999923706055 AB 2.9431314147196224 1.043416951566795
62048.0889 lsst_hardware_z -56.548506575752896 59.970001220703125 30.979999542236328 AB 3.6783216051865737 1.0449777287461857
62050.073 lsst_hardware_r 92.85785951595766 52.36000061035156 31.6299991607666 AB 4.335574321736334 1.0433967442953898
62050.0863 lsst_hardware_g 97.9233376410943 60.52000045776367 31.719999313354492 AB 8.50246892320402 1.04589990034454
62052.0517 lsst_hardware_u 0.2459411421945023 2.740000009536743 28.5 AB 3.666311603937556 1.0463218047766998
62052.0644 lsst_hardware_r -11.14805020056823 22.440000534057617 31.5 AB 3.167964136720027 1.0434664481950022
62057.1371 lsst_hardware_r 9.273254953214396 22.809999465942383 31.479999542236328 AB 9.515385250134361 1.1393396827141522
62057.1482 lsst_hardware_i -14.687797711953532 31.469999313354492 31.239999771118164 AB 9.766026614552205 1.1687442094964342
62059.1419 lsst_hardware_z -26.211766215296272 42.75 30.940000534057617 AB 9.185040788982326 1.1663543859024408
62059.1535 lsst_hardware_u -4.3305025119843785 2.690000057220459 28.389999389648438 AB 9.428870864761974 1.202023269703003
62064.1403 lsst_hardware_g -9.672947466836426 14.039999961853027 31.399999618530273 AB 3.2523577680842863 1.2035368575617194
62064.1509 lsst_hardware_r 8.918122107588216 23.489999771118164 31.469999313354492 AB 3.335496633775643 1.2416540391273023
62065.0828 lsst_hardware_u 3.3453680820105647 2.7100000381469727 28.440000534057617 AB 4.2602293250272085 1.0780387141058265
62065.0944 lsst_hardware_r 28.87370491178863 22.940000534057617 31.489999771118164 AB 4.809482719371358 1.0960534911967543
62067.0857 lsst_hardware_i 90.53539603370304 32.08000183105469 31.25 AB 3.380893663371592 1.0906108591521264
62067.0974 lsst_hardware_z 40.20684085373748 42.650001525878906 30.950000762939453 AB 3.446732822906041 1.111849297711626
62070.0852 lsst_hardware_r -38.686909339363275 46.95000076293945 31.610000610351562 AB 4.656819182074766 1.104078519478745
62070.095 lsst_hardware_z -18.994441740818996 49.18000030517578 30.959999084472656 AB 4.723925017010214 1.1240303815856076
