data/validation/pwv_sim_epoch_fit_epoch/58244256.ecsv
# %ECSV 0.9
# ---
# datatype:
# - {name: time, datatype: float64}
# - {name: band, datatype: string}
# - {name: flux, datatype: float64}
# - {name: fluxerr, datatype: float64}
# - {name: zp, datatype: float64}
# - {name: zpsys, datatype: string}
# - {name: pwv, datatype: float64}
# - {name: airmass, datatype: float64}
# meta: {SNID: '58244256', alt: 1024.0, c: -0.04652157053351402, dec: -17.113819, lat: -30.244573, lon: -70.7499537, ra: 320.976562, t0: 60903.33203125,
#   x0: 6.0492689743085675e-06, x1: 0.6621081829071045, z: 0.5668960213661194}
# schema: astropy-2.0
time band flux fluxerr zp zpsys pwv airmass
[from data line 132]
61273.1829 lsst_hardware_z 48.84868673377094 44.869998931884766 30.959999084472656 AB 1.7821262920826784 1.0287432896378748
61275.1576 lsst_hardware_r -24.448989206706816 62.04999923706055 31.649999618530273 AB 2.2447139669112826 1.0293705137165772
61275.1783 lsst_hardware_z -80.4306015360778 53.310001373291016 30.979999542236328 AB 1.9504316133977133 1.0290252521772945
61277.1588 lsst_hardware_y -23.132790867525248 59.900001525878906 30.06999969482422 AB 3.63783958484317 1.0276383008031553
61277.1769 lsst_hardware_r 66.64207379353735 105.30999755859375 31.65999984741211 AB 3.9963844531820625 1.0307043809788676
61279.1428 lsst_hardware_i -58.72296850882787 130.0399932861328 31.350000381469727 AB 2.034774960289888 1.0310924168522722
61279.16 lsst_hardware_z -117.18483436657235 110.06999969482422 31.010000228881836 AB 2.054204339544079 1.0274446513224802
61285.1177 lsst_hardware_z 15.241156242409275 41.689998626708984 30.950000762939453 AB 3.0159259213489262 1.0369054538631957
61285.1359 lsst_hardware_r -0.5073947525088656 25.34000015258789 31.530000686645508 AB 3.1404732052054327 1.0278099182475644
61287.1029 lsst_hardware_r 6.450625733111137 24.260000228881836 31.510000228881836 AB 0.9912651205391219 1.0461901008328462
61287.1211 lsst_hardware_u 0.2671725396881344 2.799999952316284 28.469999313354492 AB 0.9333301350570764 1.0310192047026527
61300.0859 lsst_hardware_z -3.753016804144444 42.189998626708984 30.959999084472656 AB 1.1107626665804382 1.0308702242045829
61300.1041 lsst_hardware_r -23.13950058524356 26.809999465942383 31.549999237060547 AB 1.2519642286332873 1.027604018030058
61304.0721 lsst_hardware_z 14.415700428061164 56.540000915527344 30.979999542236328 AB 4.040561592605209 1.0324455233111707
61304.0936 lsst_hardware_r 10.720365493609261 66.47000122070312 31.649999618530273 AB 3.7293942526433645 1.0276644399682118
61306.061 lsst_hardware_i 65.08805939953648 93.6500015258789 31.34000015258789 AB 1.4250303385165464 1.0363857007393065
61306.0801 lsst_hardware_z 75.82162001896866 81.62999725341797 31.0 AB 1.4009226965078159 1.0275716600301827
61310.0575 lsst_hardware_z 48.91471562148699 66.37000274658203 30.989999771118164 AB 2.888016554586682 1.031434483780958
61310.0776 lsst_hardware_i -133.68582107969578 75.91000366210938 31.329999923706055 AB 2.8776276126542366 1.027724147376513
61312.0565 lsst_hardware_z 0.3730532900380918 47.599998474121094 30.969999313354492 AB 3.482191499287991 1.0293966445312221
61312.0772 lsst_hardware_r -77.36997067501488 49.2400016784668 31.6299991607666 AB 3.4960235745846453 1.0289988446165255
61314.0373 lsst_hardware_r -47.686389229489215 24.290000915527344 31.520000457763672 AB 6.309414920023681 1.0379318816697856
61314.0566 lsst_hardware_u 0.7754275415502164 2.799999952316284 28.469999313354492 AB 5.874048587297191 1.0278300240239682
61316.0358 lsst_hardware_g 10.10436163440653 15.449999809265137 31.479999542236328 AB 1.9968686588110298 1.0347810124688583
61316.0533 lsst_hardware_r -4.978776823789227 24.290000915527344 31.530000686645508 AB 3.0542766847017466 1.0275110797987372
61318.0369 lsst_hardware_i -53.981459148638436 31.520000457763672 31.260000228881836 AB 2.7975793726044245 1.0307956420798616
61318.0565 lsst_hardware_z -33.927876625195545 41.630001068115234 30.959999084472656 AB 2.913456770471071 1.0278556254969382
61320.0236 lsst_hardware_r 13.478813177602838 24.43000030517578 31.530000686645508 AB 4.03367150990924 1.0357353986158018
61320.0427 lsst_hardware_u -1.2174467104785316 2.8499999046325684 28.510000228881836 AB 4.348026218797224 1.0274771002054357
61322.0264 lsst_hardware_g -8.258567679685417 15.529999732971191 31.489999771118164 AB 3.9574689596399444 1.0305908749062356
61322.0428 lsst_hardware_i -18.475294434848752 31.420000076293945 31.270000457763672 AB 3.635159471645189 1.0274616935112033
61324.0273 lsst_hardware_z 79.43533444149618 41.75 30.959999084472656 AB 3.5146182101771832 1.0282674693319946
61324.0448 lsst_hardware_r -6.844466369360995 24.510000228881836 31.530000686645508 AB 3.258896105395722 1.0291250859144385
61327.0047 lsst_hardware_y 25.64475704826962 48.22999954223633 30.049999237060547 AB 7.474232915495245 1.0355708923443359
61327.0227 lsst_hardware_u -3.9876971394733967 3.0 28.579999923706055 AB 7.444373518057007 1.0275778710148697
61329.0057 lsst_hardware_z -31.30779283433542 43.47999954223633 30.959999084472656 AB 8.058941924469055 1.0313905453439345
61329.0245 lsst_hardware_r -35.679114942843654 26.719999313354492 31.549999237060547 AB 8.038173067081571 1.0275489688616428
61331.0072 lsst_hardware_y 63.444636666646424 49.529998779296875 30.059999465942383 AB 5.445406449492045 1.0285348705204391
61331.0253 lsst_hardware_z 3.5852947537061413 45.2400016784668 30.959999084472656 AB 5.3996317789599395 1.028991287081456
61332.9961 lsst_hardware_y 83.79701369626396 72.55999755859375 30.06999969482422 AB 2.2765965043960645 1.0307171496985161
61333.0136 lsst_hardware_z -25.22439963637909 60.36000061035156 30.989999771118164 AB 3.0805135672974053 1.0275514331499336
61335.9967 lsst_hardware_y 47.08836546857163 78.8499984741211 30.079999923706055 AB 3.9311528844309214 1.0277971722770007
61336.0142 lsst_hardware_i -136.03450605876216 70.54000091552734 31.34000015258789 AB 4.094648565393645 1.0299707119591612
