data/validation/pwv_sim_epoch_fit_epoch/58423417.ecsv
# %ECSV 0.9
# ---
# datatype:
# - {name: time, datatype: float64}
# - {name: band, datatype: string}
# - {name: flux, datatype: float64}
# - {name: fluxerr, datatype: float64}
# - {name: zp, datatype: float64}
# - {name: zpsys, datatype: string}
# - {name: pwv, datatype: float64}
# - {name: airmass, datatype: float64}
# meta: {SNID: '58423417', alt: 1024.0, c: -0.04262346774339676, dec: -55.873348, lat: -30.244573, lon: -70.7499537, ra: 243.831528, t0: 60847.796875,
#   x0: 9.237131900809216e-06, x1: 0.9191434979438782, z: 0.47550877928733826}
# schema: astropy-2.0
time band flux fluxerr zp zpsys pwv airmass
[from data line 132]
61161.2865 lsst_hardware_r 47.696128861714335 108.93000030517578 31.639999389648438 AB 10.167689084132185 1.1145013930742185
61163.2464 lsst_hardware_r -60.44436908288634 108.94999694824219 31.649999618530273 AB 13.249168913864972 1.112253938370148
61163.258 lsst_hardware_i -23.16622626115056 88.94999694824219 31.329999923706055 AB 14.012455084152268 1.1098388270574968
61166.2747 lsst_hardware_r -34.47359721499579 74.58000183105469 31.6299991607666 AB 2.9071766439864395 1.1154277953650489
61166.2871 lsst_hardware_z 47.371832744576636 59.709999084472656 30.969999313354492 AB 2.9508351245113107 1.1237709138094487
61168.2734 lsst_hardware_z -39.84722506987433 48.36000061035156 30.950000762939453 AB 10.395624000782293 1.1178090323421819
61168.2859 lsst_hardware_i 27.99451717006332 43.70000076293945 31.280000686645508 AB 10.485898291160549 1.1275159452860803
61170.2702 lsst_hardware_z 79.66582677381538 43.56999969482422 30.940000534057617 AB 7.94688781469847 1.119279973901193
61170.2821 lsst_hardware_r -17.118719860785163 29.75 31.540000915527344 AB 8.016609715820481 1.1290999599747156
61178.215 lsst_hardware_z -44.73581652453056 42.130001068115234 30.940000534057617 AB 8.879219818434244 1.1100412324583377
61178.2271 lsst_hardware_r 2.0412972601565578 22.940000534057617 31.489999771118164 AB 8.869050460363967 1.1103315026589495
61182.2134 lsst_hardware_u 1.9955911452078747 2.6700000762939453 28.399999618530273 AB 5.2798995032119205 1.1099610041439407
61182.2258 lsst_hardware_g -10.52542929240517 13.979999542236328 31.399999618530273 AB 5.334627803314232 1.1130426268346973
61185.2097 lsst_hardware_r -82.65493975751137 38.560001373291016 31.59000015258789 AB 6.117127693652574 1.1106568468775477
61185.2212 lsst_hardware_z -54.02021100806575 45.560001373291016 30.950000762939453 AB 6.174447860497903 1.1146218720999914
61194.0387 lsst_hardware_r 42.601587472632694 83.4000015258789 31.56999969482422 AB 12.324674593143378 1.3693448925301657
61194.0506 lsst_hardware_z 34.13408904330322 68.43000030517578 30.950000762939453 AB 11.790451348727126 1.3209479706161298
61196.2059 lsst_hardware_z -71.919381313367 51.15999984741211 30.959999084472656 AB 9.09667356974055 1.124376400441743
61196.2176 lsst_hardware_r -85.1526141300507 56.04999923706055 31.610000610351562 AB 9.127526087740165 1.1359708883311381
61198.1932 lsst_hardware_z 35.2260965209069 44.84000015258789 30.950000762939453 AB 5.01986416116572 1.1189235815065874
61198.204 lsst_hardware_g -10.6337613604506 33.720001220703125 31.6299991607666 AB 5.0537213305143895 1.1275384580491339
61223.1043 lsst_hardware_i -77.49280660213311 66.66000366210938 31.309999465942383 AB 9.738463744272167 1.1103658564816465
61223.1175 lsst_hardware_z -45.049404111071574 61.29999923706055 30.969999313354492 AB 9.808325477811486 1.1146668851214032
61225.1031 lsst_hardware_r -16.20618674934149 48.869998931884766 31.610000610351562 AB 9.810290948874627 1.1113014017019964
61225.114 lsst_hardware_g -4.086773089561276 53.310001373291016 31.68000030517578 AB 9.872780862852029 1.1156630067917848
61231.0851 lsst_hardware_u 2.7254140245213674 2.7300000190734863 28.450000762939453 AB 9.636671245250447 1.110898160765088
61231.0972 lsst_hardware_r -2.765893722104387 22.760000228881836 31.489999771118164 AB 9.60993830453219 1.1154459070493141
61235.082 lsst_hardware_r -9.996770750003815 22.549999237060547 31.469999313354492 AB 7.9670277547383375 1.1134390787391695
61235.0934 lsst_hardware_u -1.1316998201071657 2.559999942779541 28.309999465942383 AB 8.42284488647474 1.1197737571064135
61237.044 lsst_hardware_u 4.0901163992685055 2.559999942779541 28.31999969482422 AB 4.319229417796086 1.1124150197143998
61237.0555 lsst_hardware_g 19.466575148652517 13.489999771118164 31.3799991607666 AB 4.3207886631086785 1.1099103918934554
61242.0261 lsst_hardware_i -84.54629668459116 35.380001068115234 31.260000228881836 AB 6.236852642909958 1.1141381721610644
61242.0383 lsst_hardware_z 13.102640552133947 43.9900016784668 30.940000534057617 AB 6.213979606796351 1.110349707127421
61244.025 lsst_hardware_r -8.469614671688086 53.599998474121094 31.610000610351562 AB 4.671981261971249 1.1123764909455354
61244.0368 lsst_hardware_z 23.407295464991364 51.02000045776367 30.959999084472656 AB 4.679349158450218 1.1098806139466448
61248.024 lsst_hardware_z 28.475782731079956 68.02999877929688 30.979999542236328 AB 4.989154937817387 1.1100578346463628
61248.0362 lsst_hardware_r -111.19644716440362 94.94999694824219 31.639999389648438 AB 4.980711293561195 1.1104026961456237
61249.0289 lsst_hardware_y 22.498121428555606 81.16999816894531 30.780000686645508 AB 4.994376221659792 1.1098613825910648
61251.0258 lsst_hardware_r -50.819028872221736 89.06999969482422 31.639999389648438 AB 5.665387280534159 1.1100802927095328
61251.0374 lsst_hardware_i -13.521200268294189 70.66000366210938 31.31999969482422 AB 5.6893837124851085 1.1130737491207805
61253.0265 lsst_hardware_z -26.30750044551832 49.09000015258789 30.959999084472656 AB 4.094575877093366 1.1112724307388984
61253.038 lsst_hardware_r 93.03200444072668 49.84000015258789 31.610000610351562 AB 4.0549657646255515 1.1159176510837432
61260.0075 lsst_hardware_z -25.11969719226891 42.060001373291016 30.950000762939453 AB 4.3311221196814955 1.1113039992340479
61260.0192 lsst_hardware_r 9.49915321038034 22.690000534057617 31.479999542236328 AB 4.295831795890769 1.1160903600651517
61263.0057 lsst_hardware_r -38.273397135843126 22.709999084472656 31.479999542236328 AB 11.160739858428135 1.1135129061586486
61263.0173 lsst_hardware_i 18.07183374045763 31.020000457763672 31.239999771118164 AB 11.305038188430252 1.1200315240927579
61266.0033 lsst_hardware_z 17.257762351880093 42.34000015258789 30.940000534057617 AB 3.4709520524143525 1.1163608852578994
61266.0134 lsst_hardware_r -15.435112784088933 22.760000228881836 31.479999542236328 AB 3.5306483440882968 1.1232774836697803
61268.0076 lsst_hardware_u -1.5120319506476803 2.680000066757202 28.360000610351562 AB 6.53514157620939 1.123005196965756
61268.0184 lsst_hardware_r 30.267739458255242 23.1200008392334 31.479999542236328 AB 6.59691893439596 1.1331180626762596
61270.0067 lsst_hardware_i 3.4631945089875065 32.709999084472656 31.25 AB 2.6781191293697906 1.1269173698168695
61270.0182 lsst_hardware_z -82.58446855969902 43.2599983215332 30.950000762939453 AB 2.6666932597531363 1.1391256983140268
