data/validation/pwv_sim_epoch_fit_epoch/5846408.ecsv
# %ECSV 0.9
# ---
# datatype:
# - {name: time, datatype: float64}
# - {name: band, datatype: string}
# - {name: flux, datatype: float64}
# - {name: fluxerr, datatype: float64}
# - {name: zp, datatype: float64}
# - {name: zpsys, datatype: string}
# - {name: pwv, datatype: float64}
# - {name: airmass, datatype: float64}
# meta: {SNID: '5846408', alt: 1024.0, c: -0.103228859603405, dec: -45.783966, lat: -30.244573, lon: -70.7499537, ra: 237.775421, t0: 62687.22265625,
#   x0: 1.0310686912225063e-05, x1: 1.2365033626556396, z: 0.4537714421749115}
# schema: astropy-2.0
time band flux fluxerr zp zpsys pwv airmass
62563.3872 lsst_hardware_i 4.935118761312643 31.18000030517578 31.25 AB 6.380924865998926 1.0455105053658909
62563.3998 lsst_hardware_y 43.63974631207058 60.7599983215332 30.059999465942383 AB 6.36543967884021 1.0399062834710502
62566.3857 lsst_hardware_r 62.94489726336642 23.229999542236328 31.5 AB 7.708850618981656 1.042018196672272
62566.3978 lsst_hardware_y 87.44527288502226 54.06999969482422 30.059999465942383 AB 7.777962863354353 1.0386658768570596
62568.3907 lsst_hardware_g 22.011873973106027 15.149999618530273 31.459999084472656 AB 8.875310522855358 1.038898574605567
62568.4039 lsst_hardware_y 19.475702604434503 70.4000015258789 30.06999969482422 AB 8.917677770988908 1.038993099264708
62572.3833 lsst_hardware_r -30.04403184620241 22.950000762939453 31.5 AB 7.50773214808971 1.0384856695607871
62572.3964 lsst_hardware_y -44.45178477158302 49.40999984741211 30.049999237060547 AB 7.660884456772149 1.039750876326318
62575.3834 lsst_hardware_r -61.09152285507426 22.889999389648438 31.489999771118164 AB 10.054024310956244 1.0387730141760294
62575.3969 lsst_hardware_y 100.1392448018542 48.560001373291016 30.040000915527344 AB 10.111937493910412 1.0430412763626502
62578.3885 lsst_hardware_i 45.640488227792225 45.38999938964844 31.299999237060547 AB 7.4721380517459774 1.042939221403584
62578.4024 lsst_hardware_y -56.96898097306703 50.470001220703125 30.040000915527344 AB 7.54237733795744 1.0522656814143128
62582.3692 lsst_hardware_r 81.24261933311338 86.91999816894531 31.649999618530273 AB 6.473147585310627 1.0397795494836806
62582.3829 lsst_hardware_i 80.67687577145807 70.83999633789062 31.329999923706055 AB 6.0092237139834515 1.045900916192403
62584.3742 lsst_hardware_z -0.8455684113768008 79.41999816894531 31.729999542236328 AB 7.099260582388256 1.0440089091747435
62594.3186 lsst_hardware_u -1.3528824628589935 2.6500000953674316 28.40999984741211 AB 6.021773153183713 1.0391026694401162
62594.3306 lsst_hardware_g -13.743626356725565 13.880000114440918 31.420000076293945 AB 5.975565150055189 1.0386567079095994
62596.3178 lsst_hardware_r 9.994748749052324 22.670000076293945 31.489999771118164 AB 7.227366355382117 1.0384893103501625
62596.3304 lsst_hardware_i -23.244724746850395 30.389999389648438 31.25 AB 7.174496135560509 1.0396313774178159
62598.3138 lsst_hardware_z 51.240582891323484 41.08000183105469 30.950000762939453 AB 8.711935139052967 1.0384125478628066
62598.3257 lsst_hardware_u -1.714759732036285 2.740000009536743 28.479999542236328 AB 8.720721666908341 1.0398316772943204
62600.3122 lsst_hardware_g -4.91773590950099 13.829999923706055 31.40999984741211 AB 8.190785894575763 1.0384734039272796
62600.3232 lsst_hardware_r 0.7156667899455589 22.610000610351562 31.489999771118164 AB 8.163670102403412 1.040753455176393
62606.2883 lsst_hardware_z 10.205210181333015 49.380001068115234 30.979999542236328 AB 9.674906657881548 1.0387116620851249
62606.2982 lsst_hardware_r -10.729829523189414 50.20000076293945 31.639999389648438 AB 10.19591375324121 1.0387035200938808
62608.2923 lsst_hardware_i 68.69371521665735 74.30000305175781 31.34000015258789 AB 14.445034299762163 1.0386506776747721
62608.3038 lsst_hardware_r -86.87885897903566 94.47000122070312 31.65999984741211 AB 14.42562073101075 1.0416864169703273
62614.1028 lsst_hardware_z 50.09179598055854 81.45999908447266 32.09000015258789 AB 7.229694157578546 1.528395784066074
62614.1156 lsst_hardware_r 76.94485166573459 49.79999923706055 32.25 AB 6.780280814535143 1.437489969689965
62616.2542 lsst_hardware_r 39.10817043856285 28.690000534057617 31.549999237060547 AB 14.095522066566572 1.040183164826697
62616.2656 lsst_hardware_i 58.39629640039413 33.38999938964844 31.260000228881836 AB 14.072172989841178 1.0383962555994524
62620.2738 lsst_hardware_g -23.362922132565362 14.170000076293945 31.420000076293945 AB 11.084261377409181 1.0429301258382744
62620.2859 lsst_hardware_r 8.909080859249526 22.959999084472656 31.489999771118164 AB 11.208027137067186 1.0507443351599302
62623.2729 lsst_hardware_u 0.4457393108065859 2.819999933242798 28.530000686645508 AB 8.380513900306264 1.047171548207705
62623.2843 lsst_hardware_g 23.464566650587994 14.390000343322754 31.450000762939453 AB 8.443258135496414 1.0566620531251378
62625.2755 lsst_hardware_r -28.585794841008333 23.0 31.5 AB 9.706561477460928 1.0535151112455559
62625.2877 lsst_hardware_i -6.2153808293580335 30.989999771118164 31.260000228881836 AB 9.829630709332088 1.0665253305845048
62631.2211 lsst_hardware_z 8.109920311552909 41.04999923706055 30.950000762939453 AB 6.439298592346998 1.0385965471527416
62631.2333 lsst_hardware_i -18.447623800668243 30.65999984741211 31.25 AB 6.443530642894203 1.039279135950678
62633.2218 lsst_hardware_z -110.75263627548912 43.38999938964844 30.950000762939453 AB 11.687636213303499 1.0384625347789742
62633.2339 lsst_hardware_g -9.691622564060122 23.010000228881836 31.59000015258789 AB 11.676387344357263 1.0410473737836505
62637.2125 lsst_hardware_r 72.76395680563803 111.88999938964844 31.65999984741211 AB 5.608387354639197 1.0385902508591105
62637.2239 lsst_hardware_i -25.313403292548703 88.48999786376953 31.34000015258789 AB 5.424306659565335 1.041400229021887
62639.2176 lsst_hardware_z -35.829970944539845 119.80000305175781 31.75 AB 8.309543315641758 1.0410787198548939
62642.1909 lsst_hardware_r 2.9431501138794367 59.16999816894531 31.639999389648438 AB 7.776206508157603 1.0386162624285655
62642.2044 lsst_hardware_z -129.40888945704793 51.779998779296875 30.969999313354492 AB 7.874512803059876 1.039539643968265
62644.1974 lsst_hardware_r -24.341319180630396 34.290000915527344 31.59000015258789 AB 2.078395108506635 1.0391975542533174
62644.209 lsst_hardware_i 14.834954792834978 36.939998626708984 31.280000686645508 AB 2.001300007059708 1.0432946733010056
62649.2268 lsst_hardware_u 1.2882196256152851 2.7300000190734863 28.43000030517578 AB 7.557636781878263 1.0725757362963653
62649.2362 lsst_hardware_g 11.745966753578548 14.470000267028809 31.420000076293945 AB 7.670014235517257 1.08682762202233
62652.2101 lsst_hardware_z 20.790095920377517 41.43000030517578 30.940000534057617 AB 7.606288046726752 1.0619352261811517
62652.2237 lsst_hardware_u -1.8246298042899132 2.619999885559082 28.34000015258789 AB 7.734503335762679 1.0799613696347943
62654.2003 lsst_hardware_g 14.89963096943879 14.489999771118164 31.440000534057617 AB 10.86777602220043 1.057305219233914
62654.2124 lsst_hardware_r 19.363162160574664 23.43000030517578 31.5 AB 11.309561122893976 1.071556181305686
62655.1887 lsst_hardware_i -5.945739194322552 30.8799991607666 31.25 AB 9.990534702265963 1.049462659995024
62655.2006 lsst_hardware_z -71.17475582506529 41.5 30.950000762939453 AB 10.075651516889838 1.0604832666971495
62657.1317 lsst_hardware_i -26.676936992241604 30.790000915527344 31.25 AB 8.698958833000109 1.0448572257522202
62657.1437 lsst_hardware_z 36.23172830814821 41.2400016784668 30.950000762939453 AB 8.65141367889284 1.039781302485994
62675.1114 lsst_hardware_z 1207.892469842511 52.85487166627228 30.950000762939453 AB 3.324647500033281 1.0389523437604002
62675.1229 lsst_hardware_r 2654.864579214638 56.414898836430496 31.510000228881836 AB 3.336298127027756 1.0425931646961737
62676.1075 lsst_hardware_u 4.031298839976148 3.4620061156398005 28.489999771118164 AB 3.9445713081015996 1.0387740453217278
62676.1191 lsst_hardware_g 1521.306006163657 41.893778942627854 31.420000076293945 AB 3.944384611971305 1.0421095408114414
62678.1088 lsst_hardware_r 3240.374864321581 61.352760658268096 31.5 AB 5.045426247797781 1.0402940717108828
62678.1211 lsst_hardware_i 2018.734595845485 54.055736613351804 31.25 AB 5.030488713335746 1.0461115078420538
62680.1045 lsst_hardware_z 1540.6434704163187 56.4360658675126 30.950000762939453 AB 7.38150346435282 1.0406743922674897
62680.1165 lsst_hardware_r 3561.8737586086136 63.67267698582223 31.5 AB 7.471903346693096 1.046668302811218
62682.1018 lsst_hardware_u 18.85958478338083 5.259577780079182 28.43000030517578 AB 3.7580027306184687 1.041719398646838
62682.1137 lsst_hardware_r 3654.9526387323467 64.81813972329482 31.489999771118164 AB 3.7531551445790763 1.0485137992958238
62686.0461 lsst_hardware_u 7.661172567123003 4.2770266808531785 28.40999984741211 AB 8.823742682430527 1.0491341397575087
62686.0577 lsst_hardware_g 1812.8867978994967 44.68599645811333 31.420000076293945 AB 8.80405332173538 1.042208146994422
62688.0897 lsst_hardware_z 1834.1811826286953 58.694630732115655 30.940000534057617 AB 5.526578800703882 1.0437353731263233
62688.1019 lsst_hardware_r 3746.9732372929534 65.65312006202204 31.5 AB 5.564416372071558 1.0521397400866428
62694.0421 lsst_hardware_r 3910.6821886121147 110.23885539964786 31.65999984741211 AB 8.535082467059194 1.0399442525887714
62694.0538 lsst_hardware_y 619.9587625987933 59.43383720647605 30.059999465942383 AB 8.548600282677668 1.038417655910961
62694.9787 lsst_hardware_z 3502.8009325300072 117.49537670474575 31.729999542236328 AB 6.513176566259032 1.107573211205073
62699.0238 lsst_hardware_z 1447.17419057694 62.584661822390665 30.959999084472656 AB 1.562300710427454 1.041533806951636
62699.0362 lsst_hardware_r 3134.992491169167 77.67481958889118 31.6299991607666 AB 1.557808581847068 1.038539054564712
62704.0263 lsst_hardware_u 11.932567623861209 3.503749459616739 28.440000534057617 AB 6.280682428613346 1.038415391889779
62704.0378 lsst_hardware_g 579.9043225459213 28.04528442659831 31.43000030517578 AB 6.209265177079281 1.0402957364740157
62707.0215 lsst_hardware_r 1913.923645598871 48.15618540470542 31.479999542236328 AB 5.362890618510882 1.0386154001183077
62707.0347 lsst_hardware_z 1151.7253383388286 52.09533687266049 30.940000534057617 AB 5.4115663465802095 1.0422224458971963
62709.0233 lsst_hardware_r 1593.7692532064023 45.73818012980345 31.479999542236328 AB 4.757667232483258 1.0400409296061337
62709.0348 lsst_hardware_u 12.072245574022903 4.364943963149208 28.31999969482422 AB 4.681012503411895 1.0451021440973198
62716.008 lsst_hardware_r 961.8713727574071 38.927702428412495 31.489999771118164 AB 2.2775782838067857 1.04133732399914
62716.0199 lsst_hardware_i 1107.2100096778188 45.63404969741203 31.239999771118164 AB 2.2819990373985353 1.0478299704898761
62718.0091 lsst_hardware_z 887.0394052420509 50.89132315482049 30.950000762939453 AB 0.7882153451229128 1.0444549626187007
62718.0199 lsst_hardware_r 909.8314605878387 39.9040125249639 31.530000686645508 AB 0.8297345402684917 1.0520725362660504
62719.0039 lsst_hardware_z 711.9592809088451 52.1426087458286 30.950000762939453 AB 1.3206266909076931 1.0431490449507845
62719.0163 lsst_hardware_g 203.4049351925551 31.407900405426 31.6299991607666 AB 1.2174553555387126 1.0513431394980246
62722.0001 lsst_hardware_r 741.0532853680987 75.04719263319912 31.649999618530273 AB 5.817624050790972 1.0455830429171409
62722.0126 lsst_hardware_z 772.9564273055099 63.27041533488904 30.979999542236328 AB 5.871879128077501 1.0553341351684942
62723.005 lsst_hardware_r 798.5665170496989 82.53239710515417 31.65999984741211 AB 3.2610046155007386 1.0510328584553303
62723.0161 lsst_hardware_y 337.4848736639502 56.34383824931456 30.049999237060547 AB 3.303598041731744 1.0617949566311582
62929.3888 lsst_hardware_r -44.05707478958721 23.639999389648438 31.510000228881836 AB 7.14961463411956 1.0434854732356251
62929.4005 lsst_hardware_y -9.424676636379958 64.8499984741211 30.06999969482422 AB 7.101974906279708 1.0392500320145905
62935.3771 lsst_hardware_z 112.8559991417188 61.11000061035156 30.989999771118164 AB 9.65917846218732 1.0413647201970049
62935.3896 lsst_hardware_y 224.02345313557672 53.869998931884766 30.059999465942383 AB 9.632486857983674 1.038487074333855
62937.3841 lsst_hardware_r 31.68508716203626 112.56999969482422 32.40999984741211 AB 7.519706919985292 1.0384901146229983
62937.3979 lsst_hardware_y -24.141468652779245 83.05999755859375 30.81999969482422 AB 7.5949688897027965 1.0399793084626587
62939.3907 lsst_hardware_z 6.154509186653071 79.77999877929688 31.729999542236328 AB 11.731687898982642 1.0395210354416493
62941.392 lsst_hardware_g 6.699787914228216 35.22999954223633 31.68000030517578 AB 7.9735022949010235 1.0417431793703906
62941.4039 lsst_hardware_y 41.57251595684253 57.369998931884766 30.059999465942383 AB 8.01592831436139 1.0485647921463335
62943.3744 lsst_hardware_i 27.078961755189045 31.510000228881836 31.260000228881836 AB 7.700173725297728 1.0385990997164456
62943.3873 lsst_hardware_z 15.327417712573467 41.7400016784668 30.950000762939453 AB 7.436716911741309 1.0420678079929082
62946.3722 lsst_hardware_i -2.0492108881056783 30.59000015258789 31.260000228881836 AB 6.050038879760596 1.0396744458990228
62946.385 lsst_hardware_u -2.170219224718683 2.809999942779541 28.520000457763672 AB 6.277534743733756 1.0450945744284832
62948.3693 lsst_hardware_g -22.570592967094623 14.380000114440918 31.469999313354492 AB 6.291662113121292 1.0404170677781293
62948.3824 lsst_hardware_r 3.7096756237831716 23.09000015258789 31.520000457763672 AB 6.630246922789025 1.0468948680044252
62950.3736 lsst_hardware_i -0.6135598547790985 30.729999542236328 31.260000228881836 AB 6.90152172867073 1.0448144317115713
62950.3868 lsst_hardware_r -44.24162327948625 23.139999389648438 31.520000457763672 AB 7.822377072735468 1.0547854873172677
62952.3657 lsst_hardware_g 9.44388466544446 14.109999656677246 31.440000534057617 AB 8.124197898616499 1.0434813416042084
62952.3771 lsst_hardware_r -5.598317307634794 22.979999542236328 31.510000228881836 AB 8.224095907122624 1.0510698328484407
62954.3714 lsst_hardware_i -3.1919238969372303 30.75 31.260000228881836 AB 9.335969405159062 1.050874539076896
62954.3836 lsst_hardware_z -11.604893058899687 41.56999969482422 30.959999084472656 AB 9.869443072088504 1.0628303975972737
62956.3183 lsst_hardware_i -36.823014590313164 30.5 31.260000228881836 AB 4.263930862389454 1.0419739003110302
62956.3309 lsst_hardware_z 18.400397280572804 41.060001373291016 30.950000762939453 AB 4.212774247883611 1.0386097500637708
62958.3174 lsst_hardware_i 17.81006290506818 30.5 31.260000228881836 AB 9.164968846103166 1.040281743014519
62958.3294 lsst_hardware_u 0.14790633304970724 2.7200000286102295 28.459999084472656 AB 9.143110842135394 1.0383998684991929
62962.3156 lsst_hardware_i 43.6888856957613 62.20000076293945 31.329999923706055 AB 17.46442603825122 1.0385137460122185
62962.3271 lsst_hardware_r -122.77319900527691 76.91999816894531 31.649999618530273 AB 17.36762024967196 1.0393393425994055
62968.3068 lsst_hardware_r 61.93722580208208 66.83999633789062 31.649999618530273 AB 6.910053485192471 1.0386762594705152
62968.3184 lsst_hardware_i 42.84904895994743 57.400001525878906 31.31999969482422 AB 6.911528844067373 1.0417950550653612
62970.305 lsst_hardware_z -97.57957188595374 44.20000076293945 30.959999084472656 AB 7.688975164747251 1.0392847710854585
62970.3158 lsst_hardware_r -46.46765894887746 36.15999984741211 31.600000381469727 AB 7.695053138861104 1.0431023740901806
62972.2868 lsst_hardware_z -70.40770953500804 41.529998779296875 30.959999084472656 AB 17.171290230606722 1.0386593951553067
62972.2982 lsst_hardware_g -6.176965337214847 16.950000762939453 31.520000457763672 AB 17.721570975860146 1.0390226885471348
62979.2839 lsst_hardware_r 0.4020462311850363 22.739999771118164 31.5 AB 5.812543301081723 1.0401831247461923
62986.2578 lsst_hardware_u 1.5850297718048725 2.5799999237060547 28.350000381469727 AB 11.014004955550211 1.0386977733064233
62986.2687 lsst_hardware_g -16.930294602023707 14.010000228881836 31.40999984741211 AB 11.021540252777221 1.0415694048931063
62995.2287 lsst_hardware_z -55.92656750965697 103.83000183105469 31.75 AB 8.662146405165332 1.038408775756326
62999.1741 lsst_hardware_i 18.49718106806523 59.189998626708984 32.459999084472656 AB 6.305788026155495 1.0631316218088762
62999.1868 lsst_hardware_z 28.450857121567022 61.209999084472656 31.709999084472656 AB 6.266632402950475 1.0506844692813628
63002.2152 lsst_hardware_i -10.441232710369485 30.65999984741211 31.25 AB 5.542521376914131 1.0388494216605608
63002.2256 lsst_hardware_u 1.7750296083532888 2.690000057220459 28.420000076293945 AB 5.445300167179063 1.0418137785773307
63010.2006 lsst_hardware_r -5.028100917931403 23.219999313354492 31.5 AB 8.169376610183615 1.0406186370528638
63010.2122 lsst_hardware_i -35.412071875988126 30.799999237060547 31.25 AB 7.840609407451186 1.046298128301821
63013.1974 lsst_hardware_z 4.330720459455594 41.2599983215332 30.950000762939453 AB 5.241389186915668 1.0426302568252546
63013.2105 lsst_hardware_u 2.3966057818949937 2.7899999618530273 28.489999771118164 AB 5.230994561645527 1.051033667198261
63017.1747 lsst_hardware_i 22.710284504372215 40.720001220703125 31.299999237060547 AB 8.18775837857558 1.038923788678459
63017.1868 lsst_hardware_z 9.270112887494896 46.09000015258789 30.969999313354492 AB 8.137356804445437 1.0427829569354055
63019.1866 lsst_hardware_i 4.273773621957156 59.290000915527344 31.31999969482422 AB 10.690246726471353 1.0456542990630915
63019.2 lsst_hardware_z 109.64448854386112 56.79999923706055 30.979999542236328 AB 10.774389449950425 1.0563126911716103
63020.1925 lsst_hardware_z -63.21131985352215 66.62999725341797 30.989999771118164 AB 10.097419347914698 1.0519606210495935
63020.2062 lsst_hardware_r -20.95654297622343 91.56999969482422 31.649999618530273 AB 10.148143674985956 1.0661681325497183
63031.1771 lsst_hardware_z -33.06894591790116 41.68000030517578 30.940000534057617 AB 13.581275356450194 1.06733273263784
63031.1907 lsst_hardware_u 1.0312628218262245 2.630000114440918 28.360000610351562 AB 13.838382927682064 1.0871824433836013
63044.1081 lsst_hardware_i -8.44157172501255 32.86000061035156 31.270000457763672 AB 8.117769865371207 1.0407397263296418
63044.1205 lsst_hardware_z 76.03214917428468 42.31999969482422 30.959999084472656 AB 8.166994324648416 1.0470505544421045
63053.0461 lsst_hardware_i 57.80795396485662 64.91999816894531 31.329999923706055 AB 6.486269168053214 1.0458772391749447
63053.0583 lsst_hardware_z 22.412255803719603 59.7599983215332 30.979999542236328 AB 6.454456470484996 1.0402164633666844
63061.0809 lsst_hardware_u -5.147266264339278 2.630000114440918 28.389999389648438 AB 7.53018478861855 1.0522651496776976
63061.0923 lsst_hardware_r -24.81232592868151 22.790000915527344 31.489999771118164 AB 8.001591188603552 1.0638291814935181
63063.0806 lsst_hardware_i -12.859927787401473 30.600000381469727 31.25 AB 4.097750955655504 1.0570522037848202
63063.0924 lsst_hardware_z -36.181302001850746 41.47999954223633 30.950000762939453 AB 4.111364807856246 1.0708073467525059
63066.0286 lsst_hardware_r -6.079033877327021 22.6299991607666 31.489999771118164 AB 1.6636898233728958 1.038886292370024
63066.0407 lsst_hardware_z 67.67428260765541 40.900001525878906 30.940000534057617 AB 1.6771290084298947 1.0388988282654725
63068.029 lsst_hardware_r 6.970885889531039 22.829999923706055 31.5 AB 5.796557095754275 1.0384218130783205
63068.0409 lsst_hardware_u 0.29824566362415295 2.700000047683716 28.450000762939453 AB 5.801635854025167 1.0402012617595258
63074.0239 lsst_hardware_r 48.22415329894728 34.22999954223633 31.59000015258789 AB 4.613527319993602 1.0400196843989185
63074.0361 lsst_hardware_z 33.247895822399016 43.849998474121094 30.950000762939453 AB 4.79189197590212 1.0454656868991208
63084.0062 lsst_hardware_r -13.935087405138738 22.950000762939453 31.5 AB 1.2762676955051138 1.043981755014408
63084.0174 lsst_hardware_u -4.233803084322384 2.7200000286102295 28.450000762939453 AB 1.2204719081837914 1.0516776460006818
63086.0025 lsst_hardware_g 12.59968754771719 14.229999542236328 31.43000030517578 AB 4.073295030162406 1.044970505429042
63086.014 lsst_hardware_i -17.721369905505483 30.760000228881836 31.25 AB 4.072861059367721 1.053462359624362
