data/validation/pwv_sim_epoch_fit_epoch/58549403.ecsv
# %ECSV 0.9
# ---
# datatype:
# - {name: time, datatype: float64}
# - {name: band, datatype: string}
# - {name: flux, datatype: float64}
# - {name: fluxerr, datatype: float64}
# - {name: zp, datatype: float64}
# - {name: zpsys, datatype: string}
# - {name: pwv, datatype: float64}
# - {name: airmass, datatype: float64}
# meta: {SNID: '58549403', alt: 1024.0, c: -0.06362076103687286, dec: -44.993881, lat: -30.244573, lon: -70.7499537, ra: 281.8125, t0: 60478.3828125,
#   x0: 3.5668225430061452e-06, x1: 0.6501519083976746, z: 0.7039884924888611}
# schema: astropy-2.0
time band flux fluxerr zp zpsys pwv airmass
60414.403 lsst_hardware_z 8.588669068073314 41.5 30.950000762939453 AB 9.7007022047855 1.0363075443552567
60414.4135 lsst_hardware_y -106.57803540845887 50.400001525878906 30.059999465942383 AB 9.739107493963118 1.0340584845828826
60419.4035 lsst_hardware_r 15.362529940763261 23.3700008392334 31.510000228881836 AB 4.859555517348227 1.0339479824145164
60419.4156 lsst_hardware_z -61.526006380822714 44.529998779296875 30.959999084472656 AB 4.869462094484175 1.0360557647838669
60421.402 lsst_hardware_z 13.837135647881404 41.220001220703125 30.940000534057617 AB 6.2353052660732935 1.034218820048647
60421.4145 lsst_hardware_y 82.78166745656333 49.02000045776367 30.040000915527344 AB 6.25660664149891 1.037751972383299
60425.4 lsst_hardware_z 73.21698177228073 64.93000030517578 30.989999771118164 AB 4.145289673208952 1.036322418302238
60425.4119 lsst_hardware_y -21.880184545160795 56.04999923706055 30.059999465942383 AB 4.174397140057616 1.042383171314537
60428.374 lsst_hardware_z 16.584482842679865 66.4800033569336 30.989999771118164 AB 11.831698765520965 1.0341791357311023
60428.383 lsst_hardware_r 0.13998328946852462 89.41999816894531 31.65999984741211 AB 12.99150319683755 1.0342318351182225
60431.3902 lsst_hardware_y 40.210400373958635 48.630001068115234 30.049999237060547 AB 10.742308483008559 1.039209488537154
60431.4011 lsst_hardware_g -62.35469027504471 36.83000183105469 31.68000030517578 AB 10.78797313236162 1.0465293256939532
60434.3905 lsst_hardware_r -1.1783546285300908 23.65999984741211 31.510000228881836 AB 7.229832748838807 1.0446351396860445
60434.4024 lsst_hardware_i 4.908378787495504 31.020000457763672 31.25 AB 7.241316239925458 1.055546990259168
60442.2908 lsst_hardware_z 64.41412277896801 58.779998779296875 31.700000762939453 AB 7.472643752087022 1.0661244206996108
60442.2992 lsst_hardware_r 65.42687379541353 32.54999923706055 32.25 AB 7.227819943170464 1.0559269456786173
60444.337 lsst_hardware_u -2.298506763667416 2.6604381949456135 28.40999984741211 AB 7.891623485682638 1.0340177523169285
60444.3487 lsst_hardware_g -10.663315432381275 13.970619597729382 31.40999984741211 AB 7.921922136012171 1.0365277074367645
60446.3209 lsst_hardware_r 36.122334210986786 22.763627599086973 31.489999771118164 AB 6.503861838689119 1.0348228860284994
60446.3343 lsst_hardware_z 25.388030791416835 40.94112484562467 30.940000534057617 AB 7.653738980527745 1.0342890514226681
60461.3027 lsst_hardware_r 595.5396527403107 37.70998907485398 31.549999237060547 AB 7.114750172501223 1.0366822340814836
60461.3141 lsst_hardware_y 193.1182260114348 48.67313101582254 30.049999237060547 AB 7.164800255037649 1.042708875769523
60463.2968 lsst_hardware_g 166.53929225731872 19.37415683046522 31.420000076293945 AB 9.780331982485793 1.0365187698366098
60463.3095 lsst_hardware_r 711.4099238204034 35.36124337660746 31.5 AB 9.921826292118624 1.0433045522732518
60465.3015 lsst_hardware_i 799.6623414362258 41.85005829804849 31.25 AB 6.61340422382407 1.0416040042247618
60465.3143 lsst_hardware_z 566.5234495668143 47.06453489522843 30.950000762939453 AB 6.683902140031348 1.0519617769083116
60467.2885 lsst_hardware_z 605.9114972537352 47.69380698285532 30.940000534057617 AB 3.9974088051739325 1.037569338598529
60467.2998 lsst_hardware_r 913.5366504459388 38.83485878523108 31.489999771118164 AB 3.41761348436491 1.0441837715748812
60483.2193 lsst_hardware_z 964.5425630816778 97.45138169456088 31.0 AB 3.230356720680435 1.0349560979352614
60483.2314 lsst_hardware_i 1257.2625422277683 124.17683470464483 31.350000381469727 AB 3.169473482392994 1.0340859648917655
60484.2314 lsst_hardware_z 1717.4914085947737 125.70228074813653 31.75 AB 4.185243776513317 1.0344151696770696
60486.2178 lsst_hardware_r 920.3553084794656 83.34803842264104 31.649999618530273 AB 6.094085679668361 1.0340058276684059
60486.2309 lsst_hardware_i 1210.0844746323203 72.09379961611502 31.329999923706055 AB 6.122277141587914 1.0355094674840382
60494.1931 lsst_hardware_z 586.8169849400152 47.80021245169714 30.950000762939453 AB 7.9396663125119655 1.0342708426073117
60494.205 lsst_hardware_i 776.0753517901743 41.74406518103784 31.25 AB 7.9658295454464625 1.0345681040884622
60496.1923 lsst_hardware_u -4.446705482816134 2.739726204800965 28.40999984741211 AB 5.021894200876943 1.0339498045865643
60496.2064 lsst_hardware_g 77.88636423990228 16.61152972617241 31.440000534057617 AB 5.02245637281427 1.0364127884470222
60498.1965 lsst_hardware_r 494.44611842142155 31.924819789575 31.510000228881836 AB 1.9477607475358067 1.0350794460134485
60498.2084 lsst_hardware_i 647.7588612165131 40.37643611675566 31.260000228881836 AB 1.6416161885085 1.0398202302508655
60500.1891 lsst_hardware_z 569.6212386365286 46.91356517319486 30.959999084472656 AB 9.407978499500322 1.0346586322012195
60500.2021 lsst_hardware_u 3.890110252202983 2.8772316494267627 28.520000457763672 AB 9.445479201335385 1.0393638910990493
60502.186 lsst_hardware_g 64.79243425127129 16.428521076019397 31.43000030517578 AB 6.042891306497545 1.0351848062522835
60502.1983 lsst_hardware_r 364.4014720106156 29.901447088002787 31.5 AB 6.0469235930987315 1.040286197255814
60507.185 lsst_hardware_i 504.3571149802236 49.49020990322256 31.299999237060547 AB 2.2876944076232046 1.0404916954017
60507.1965 lsst_hardware_z 339.9298488896201 52.29186985504793 30.959999084472656 AB 2.2695540341694205 1.0490196598888009
60509.1276 lsst_hardware_r 296.6753539476991 87.44834451255095 31.65999984741211 AB 2.907127147897547 1.045353163573372
60509.1409 lsst_hardware_z 438.46278412036736 67.3918070258228 30.989999771118164 AB 2.881225747932093 1.037376128152252
60510.1024 lsst_hardware_y 114.45374556329077 61.32037657018623 30.049999237060547 AB 3.435235664464007 1.0699168930823038
60510.1087 lsst_hardware_r 390.1411755217011 101.1522723209512 31.649999618530273 AB 3.417989432899204 1.0615698215386922
60512.1323 lsst_hardware_i 188.28197701153502 112.9407955020008 31.350000381469727 AB 5.377977085593513 1.0375518493106457
60512.1461 lsst_hardware_z 343.46449195835663 94.77819728156216 31.0 AB 5.280923359889606 1.0340558762266705
60515.1244 lsst_hardware_r 198.11639163202008 64.80801750437497 31.649999618530273 AB 5.508047747161933 1.0374273757838899
60515.1364 lsst_hardware_z 309.41000239694074 55.385585722678584 30.969999313354492 AB 5.857693915247212 1.0341973720422337
60517.1206 lsst_hardware_r 105.22729912495 25.801192570938085 31.5 AB 3.160896941917768 1.0367562265077683
60517.1337 lsst_hardware_i 210.80743048389877 38.79693654884711 31.270000457763672 AB 3.3074597543321764 1.033985073648199
60518.1232 lsst_hardware_z 134.03865945240523 43.81440707428419 30.940000534057617 AB 3.933339321382012 1.0350892951005295
60518.1359 lsst_hardware_i 189.50057446127764 33.881406549383655 31.25 AB 3.826159750124529 1.0340972297633861
60524.1188 lsst_hardware_g 31.413343691420327 14.619710568708344 31.43000030517578 AB 1.8333573166592119 1.0340424797852295
60524.1246 lsst_hardware_r 70.15136563486456 24.783836350066025 31.489999771118164 AB 1.8226718553066377 1.03487401294912
60526.1124 lsst_hardware_i 163.6691169661718 32.888967884155015 31.25 AB 2.457967596034259 1.0339904351262394
60526.1237 lsst_hardware_z 224.68405014267415 43.21323613303092 30.950000762939453 AB 2.4471982114512048 1.036143480961628
60530.0225 lsst_hardware_u 2.8321097423071877 3.952883204828901 29.15999984741211 AB 6.247745827497532 1.1159345964808642
60530.0292 lsst_hardware_r 208.89033476761225 34.98775063054038 32.2400016784668 AB 6.115467249128757 1.101687488583815
60532.1049 lsst_hardware_z 208.55555327339377 43.10324976058058 30.950000762939453 AB 7.755094056393311 1.0354045847942204
60532.1176 lsst_hardware_i 125.41443781052568 32.89399852703537 31.260000228881836 AB 7.788496932087362 1.0410109510475423
60536.1094 lsst_hardware_r -49.798839347842076 53.39015107431668 31.6299991607666 AB 3.75953324355067 1.0427699455114654
60536.1208 lsst_hardware_i 90.18553099981295 49.289378109227286 31.309999465942383 AB 3.7935325274888068 1.0523218366089295
60538.0535 lsst_hardware_r 30.74283413781532 84.07683728584041 31.65999984741211 AB 4.074460117536898 1.041750573367767
60538.0654 lsst_hardware_i 177.61034308359373 70.18948229786392 31.34000015258789 AB 4.056806524854057 1.0360008150297657
60540.0548 lsst_hardware_z 202.90469750899666 77.77960975278776 31.0 AB 2.5125397759973462 1.038025108860709
60540.0665 lsst_hardware_r 25.91469120272534 112.8538956630584 31.65999984741211 AB 2.5520030502424214 1.0344210978857982
60542.0567 lsst_hardware_z 88.799629235586 67.28717097267446 30.989999771118164 AB 3.1546834360721236 1.035340806062397
60542.0677 lsst_hardware_r 194.0331264835859 97.42465276913168 31.65999984741211 AB 3.255430141827236 1.0339622492702034
60544.0582 lsst_hardware_i 66.96902500031126 45.90277094881476 31.309999465942383 AB 2.2295276156205777 1.034103717820305
60544.0691 lsst_hardware_z 119.21205794256866 50.10230342266909 30.969999313354492 AB 2.253044596092547 1.0346932703064182
60548.0336 lsst_hardware_r 77.645013559154 23.920217994497094 31.5 AB 1.5584175379784044 1.0377343352611317
60548.0447 lsst_hardware_i 77.50495828781591 31.884165089151704 31.25 AB 1.6609263335591467 1.0344154039189204
60556.0295 lsst_hardware_i 57.2924446109919 31.83396260659333 31.25 AB 1.8373552682371688 1.0339646979387556
60556.0411 lsst_hardware_z 126.28615628616478 42.22798812799565 30.950000762939453 AB 1.8631945934702956 1.0359234175806675
60560.0181 lsst_hardware_u 1.0115332489290312 2.8093707939803774 28.459999084472656 AB 2.481502689919991 1.0339594541333295
60560.0297 lsst_hardware_g -17.119086761874 14.964517114576372 31.459999084472656 AB 2.4858579716150873 1.0357741548396198
60567.021 lsst_hardware_r -14.032520251541927 74.5 31.649999618530273 AB 1.340558015139088 1.0404020295996026
60567.0328 lsst_hardware_i 2.4884607361144315 61.290000915527344 31.329999923706055 AB 1.3367003619161324 1.0491467292166647
60572.0144 lsst_hardware_i -35.36058245065901 52.869998931884766 31.31999969482422 AB 6.560915044575656 1.045175506251432
60572.0281 lsst_hardware_z 109.34612689260851 54.290000915527344 30.979999542236328 AB 6.565616798176556 1.0583445486287502
60778.4076 lsst_hardware_r -198.06550906579142 114.76000213623047 32.40999984741211 AB 11.70236756334264 1.0359133281212136
60778.419 lsst_hardware_y 83.8981856578847 96.94000244140625 30.81999969482422 AB 10.52119725294399 1.033948087653882
60780.3982 lsst_hardware_z -16.74882388664892 87.63999938964844 31.739999771118164 AB 9.792876018950292 1.0373809342108358
60780.4098 lsst_hardware_y 66.90007602967853 78.79000091552734 30.809999465942383 AB 9.8268164046119 1.0342202846459951
60782.4107 lsst_hardware_z 87.31268716376894 64.66000366210938 31.0 AB 15.112551052429323 1.033973115245575
60782.4222 lsst_hardware_y -117.72556349355234 76.7699966430664 30.079999923706055 AB 14.618276863419878 1.0361938092824146
60790.3888 lsst_hardware_i -0.627224971973593 30.68000030517578 31.25 AB 15.145947497088711 1.0339707018151356
60790.4017 lsst_hardware_z -4.582984884704301 41.290000915527344 30.950000762939453 AB 15.108703184746744 1.0366769867743206
60792.3768 lsst_hardware_r 27.41366731531302 22.969999313354492 31.5 AB 1.4479502846831191 1.034250203345085
60792.3896 lsst_hardware_g -12.891720436216335 14.25 31.43000030517578 AB 1.4486398058328862 1.0347427184520617
60794.3145 lsst_hardware_u 3.40949861583865 2.759999990463257 28.459999084472656 AB 13.073768860495926 1.085200226370643
60794.3331 lsst_hardware_r 16.55476515022505 23.200000762939453 31.5 AB 12.753859672657542 1.0585140751655797
60795.3891 lsst_hardware_z -23.497764183070636 41.099998474121094 30.950000762939453 AB 11.837669865534721 1.0370881522239337
60795.4022 lsst_hardware_i 13.61066554811379 30.670000076293945 31.25 AB 11.91456753605553 1.0446793104827294
60802.3146 lsst_hardware_r -24.85889509486914 22.969999313354492 31.5 AB 7.346970519420019 1.0548035633207737
60802.3273 lsst_hardware_i -32.458373833837236 30.690000534057617 31.260000228881836 AB 7.173808515942011 1.0435389506062411
60804.33 lsst_hardware_z -15.617794669643756 47.290000915527344 30.969999313354492 AB 8.620144440864054 1.0386133307599568
60804.3426 lsst_hardware_r -44.94871886838451 39.9900016784668 31.610000610351562 AB 8.01190202039449 1.03446120340796
60806.3258 lsst_hardware_z 25.757647402654676 60.209999084472656 30.989999771118164 AB 7.970364270958373 1.0380105842232692
60806.3376 lsst_hardware_r -61.31400029635996 82.5199966430664 31.65999984741211 AB 7.0896955634521035 1.034388030850905
60808.3166 lsst_hardware_i -37.0202998719631 87.05999755859375 31.34000015258789 AB 7.228500344696672 1.0399223629257188
60808.3284 lsst_hardware_z -92.32164990081093 74.4000015258789 30.989999771118164 AB 7.105735149405238 1.035142421065709
60812.3197 lsst_hardware_y 55.73489536373333 55.720001220703125 30.059999465942383 AB 6.4265611039205295 1.0346508163444366
60812.3334 lsst_hardware_r -142.72011561274746 81.11000061035156 31.65999984741211 AB 7.654921313543007 1.0344488261544604
60814.3044 lsst_hardware_r -53.29398612308319 48.95000076293945 31.6299991607666 AB 7.5189353360998705 1.0378102603313117
60814.3181 lsst_hardware_i -59.86609288400956 64.62000274658203 32.060001373291016 AB 7.66346577191191 1.0341012410231611
60814.333 lsst_hardware_z -25.386905964599418 48.93000030517578 30.969999313354492 AB 7.51617941435338 1.0356073734082687
60823.1423 lsst_hardware_u 1.1709626156129047 2.569999933242798 28.209999084472656 AB 10.344314547893362 1.4309468180790375
60823.154 lsst_hardware_g 5.724655130468485 14.390000343322754 31.34000015258789 AB 9.803829079612 1.3602260256138743
60824.304 lsst_hardware_r -31.474779869241516 23.1200008392334 31.520000457763672 AB 8.883696305476231 1.0351444935254142
60824.3181 lsst_hardware_u 1.5186655648441072 2.819999933242798 28.530000686645508 AB 8.93068059212394 1.0412865176059487
60826.2971 lsst_hardware_g -0.12511155858672815 14.319999694824219 31.440000534057617 AB 7.704857895288133 1.034811016961264
60830.3122 lsst_hardware_r 9.417359907209754 22.969999313354492 31.489999771118164 AB 12.601493571959214 1.0492937734259993
60830.3266 lsst_hardware_g -14.309041008829372 14.229999542236328 31.420000076293945 AB 12.806294490458226 1.0652825762557274
60833.2726 lsst_hardware_z -33.84412535965811 50.279998779296875 30.969999313354492 AB 3.955553055093352 1.0340414051307685
60833.2856 lsst_hardware_r -5.128735334550476 54.84000015258789 31.639999389648438 AB 3.946505512643096 1.0371893594331396
60847.2785 lsst_hardware_u 0.4605612539124071 2.640000104904175 28.360000610351562 AB 3.437542639893 1.0631027183834854
60847.2902 lsst_hardware_g -0.43161364597494883 14.619999885559082 31.420000076293945 AB 3.4859302340177862 1.0799876799682808
60849.0613 lsst_hardware_z 69.3458133849612 47.65999984741211 30.899999618530273 AB 4.502839997065712 1.5009466656885706
60858.0893 lsst_hardware_z 67.92932170163309 45.11000061035156 30.93000030517578 AB 10.685880146136661 1.2185741875286509
60861.1909 lsst_hardware_r -44.87447337654134 47.11000061035156 31.6299991607666 AB 3.72247085994649 1.0340196833184694
60861.2029 lsst_hardware_y -57.12913586994395 48.83000183105469 30.059999465942383 AB 3.726462903493025 1.035128584303618
60863.1488 lsst_hardware_z -8.646427778283376 84.54000091552734 31.729999542236328 AB 1.8972571998131822 1.05403177767399
60865.1981 lsst_hardware_i -63.760801573007456 105.56999969482422 31.350000381469727 AB 2.647297178922281 1.0371389535444362
60867.1804 lsst_hardware_r 47.612592450611366 138.2899932861328 31.65999984741211 AB 8.083362679611994 1.0340968439409028
60867.1918 lsst_hardware_z -136.3862190462366 86.91999816894531 31.0 AB 8.102376589005043 1.0368056033788724
60870.1835 lsst_hardware_z 41.652618684775256 53.720001220703125 30.979999542236328 AB 7.54453384460847 1.0367643046046946
60870.1966 lsst_hardware_i -5.131301701240406 55.18000030517578 31.31999969482422 AB 7.607385593302399 1.0440622526147982
60875.1345 lsst_hardware_u -3.3019776090352 2.7200000286102295 28.440000534057617 AB 2.886284426277134 1.0394781847336618
60875.146 lsst_hardware_g 13.771023498439066 14.479999542236328 31.440000534057617 AB 2.8861621814243086 1.0350231957770517
60877.1278 lsst_hardware_r -37.183286949945305 23.290000915527344 31.510000228881836 AB 6.166021220500723 1.0401666499755209
60877.1403 lsst_hardware_i 0.8086315477192058 30.81999969482422 31.260000228881836 AB 6.135872606600375 1.035080779914311
60879.1325 lsst_hardware_z 2.298602181058358 41.2599983215332 30.950000762939453 AB 6.007181583914324 1.035720962743849
60879.1451 lsst_hardware_r -26.92189843623542 23.170000076293945 31.5 AB 5.996943856264563 1.0339558372869937
60883.1298 lsst_hardware_r 18.972918566876025 23.110000610351562 31.5 AB 3.3168838300382006 1.0341025191077788
60883.1418 lsst_hardware_z 34.633809820865174 41.119998931884766 30.950000762939453 AB 3.284481380414176 1.0348897614538561
60884.0267 lsst_hardware_i -48.55128171238546 32.15999984741211 31.229999542236328 AB 5.351043005891912 1.1891206679759803
60886.1157 lsst_hardware_u 1.5859122956431264 2.819999933242798 28.489999771118164 AB 5.382462608204771 1.035088963116302
60886.1276 lsst_hardware_g -23.231673342574265 14.710000038146973 31.450000762939453 AB 5.731622657525631 1.0340289838581331
60890.1165 lsst_hardware_z -30.65207752086641 48.369998931884766 30.969999313354492 AB 1.8056543791709103 1.0340182557886386
60890.1287 lsst_hardware_r -77.11676885303126 48.65999984741211 31.6299991607666 AB 1.9666958943035853 1.0366945192902712
60891.121 lsst_hardware_z 89.0120527554822 77.38999938964844 31.719999313354492 AB 1.8596224146090239 1.035136328755371
60896.1022 lsst_hardware_r -100.75880530287567 115.5 31.670000076293945 AB 4.023045859929066 1.0342020205473177
60896.114 lsst_hardware_y -108.28487878830423 59.959999084472656 30.06999969482422 AB 3.975547093503109 1.0373698600077697
60897.1055 lsst_hardware_z 53.736183550256996 67.58000183105469 30.989999771118164 AB 3.8455261831311387 1.0353671572262433
60897.1175 lsst_hardware_r -54.25554698510637 99.25 31.65999984741211 AB 3.850608444067551 1.0405175042517252
60899.1008 lsst_hardware_i 0.9736690381596806 49.150001525878906 31.31999969482422 AB 2.8034928576050993 1.0355819211740809
60899.1128 lsst_hardware_z 24.154911485870315 50.38999938964844 30.969999313354492 AB 2.865278319217581 1.040973049670329
60904.0551 lsst_hardware_g -11.105826904398558 14.109999656677246 31.440000534057617 AB 4.07349981727012 1.0396001235057728
60904.0661 lsst_hardware_r 7.647003344192823 22.8799991607666 31.510000228881836 AB 4.03876302567952 1.0352042272711675
60906.0974 lsst_hardware_r 12.836020345491425 23.049999237060547 31.510000228881836 AB 2.28464903454171 1.0434172564985924
60906.1084 lsst_hardware_u 0.4292441232395098 2.7200000286102295 28.450000762939453 AB 2.29391212589947 1.052856971152991
60908.0562 lsst_hardware_u 0.26442951810962684 2.7100000381469727 28.450000762939453 AB 3.1850811396420178 1.034957315886927
60908.0678 lsst_hardware_g 9.15432544832601 14.199999809265137 31.440000534057617 AB 3.144031918111613 1.0340509515249507
60912.0492 lsst_hardware_z 45.38869464556381 40.93000030517578 30.950000762939453 AB 4.3171765650960365 1.0342607063515903
60912.0602 lsst_hardware_r -11.086513535551356 22.93000030517578 31.5 AB 4.3354052800966665 1.034435475337721
60932.0135 lsst_hardware_r -3.6829430540726924 23.299999237060547 31.510000228881836 AB 1.4511115995861046 1.0365082854186463
60932.0264 lsst_hardware_i 10.724140386629188 30.90999984741211 31.25 AB 1.4607845459682252 1.0434175328344466
60934.0104 lsst_hardware_z 44.65513375861695 41.310001373291016 30.950000762939453 AB 2.6292280484182973 1.0374436597731016
60934.0213 lsst_hardware_u 0.04228727465469265 2.740000009536743 28.459999084472656 AB 2.6300612711406313 1.0436751075954886
60938.0142 lsst_hardware_i 28.540833824992717 30.809999465942383 31.25 AB 6.488325925484801 1.0466167209621682
60938.0262 lsst_hardware_z -143.3751663678198 41.4900016784668 30.950000762939453 AB 6.583353107346799 1.0584736224899725
