data/validation/pwv_sim_epoch_fit_epoch/58566238.ecsv
# %ECSV 0.9
# ---
# datatype:
# - {name: time, datatype: float64}
# - {name: band, datatype: string}
# - {name: flux, datatype: float64}
# - {name: fluxerr, datatype: float64}
# - {name: zp, datatype: float64}
# - {name: zpsys, datatype: string}
# - {name: pwv, datatype: float64}
# - {name: airmass, datatype: float64}
# meta: {SNID: '58566238', alt: 1024.0, c: -0.023165777325630188, dec: -14.78593, lat: -30.244573, lon: -70.7499537, ra: 37.089844, t0: 60989.5078125,
#   x0: 2.694241921518163e-05, x1: -0.2271009236574173, z: 0.3018338680267334}
# schema: astropy-2.0
time band flux fluxerr zp zpsys pwv airmass
60889.4111 lsst_hardware_i 49.99082139679202 30.65999984741211 31.25 AB 1.9875064797601316 1.0490928898179634
60889.4294 lsst_hardware_z -5.028050393107704 43.61000061035156 30.950000762939453 AB 1.257010588057556 1.0388517256674017
60893.3829 lsst_hardware_r 45.91035628851609 40.470001220703125 31.600000381469727 AB 3.0867468711798103 1.0703624358249357
60893.4063 lsst_hardware_y -5.489239332741559 46.959999084472656 30.049999237060547 AB 3.019082184437784 1.0443037649387008
60895.4051 lsst_hardware_z 32.21322811566976 55.5099983215332 30.979999542236328 AB 1.4584997037214191 1.0417855026581566
60895.4282 lsst_hardware_y 26.31994858806054 55.56999969482422 30.059999465942383 AB 1.9307368679488972 1.0395209267492267
60900.3928 lsst_hardware_r -157.74687743173263 71.06999969482422 31.65999984741211 AB 4.719337602322714 1.0411260451856341
60900.4146 lsst_hardware_y 36.489814010387214 52.459999084472656 30.059999465942383 AB 4.637637714596466 1.0395377337285436
60903.3927 lsst_hardware_z 29.03966993811361 62.20000076293945 31.709999084472656 AB 5.011779448039923 1.0385493338941973
60905.3929 lsst_hardware_g 18.27121269809931 16.200000762939453 31.479999542236328 AB 2.5264932059662377 1.0381426678398458
60905.4153 lsst_hardware_y -10.666547876414107 47.650001525878906 30.049999237060547 AB 2.568433975020445 1.0478414258599762
60907.3281 lsst_hardware_r -19.344181609599538 23.010000228881836 31.479999542236328 AB 2.6948351981188026 1.1024075263320936
60907.3462 lsst_hardware_i -26.851039419453798 30.68000030517578 31.239999771118164 AB 2.7992695203081017 1.0680158413995047
60911.378 lsst_hardware_u -3.923295278609371 2.7200000286102295 28.459999084472656 AB 3.951575629676539 1.0382262508729112
60911.398 lsst_hardware_g 11.734040052566856 13.920000076293945 31.420000076293945 AB 3.98493753734341 1.0470833705165632
60931.2754 lsst_hardware_r -38.19038172937423 42.720001220703125 31.610000610351562 AB 3.7868647441008343 1.0765784631416728
60931.2913 lsst_hardware_i 3.018919938316229 41.15999984741211 31.290000915527344 AB 3.744177430554983 1.0542029368057202
60933.2716 lsst_hardware_z -13.745967365822265 41.56999969482422 30.940000534057617 AB 2.7330763394526594 1.0737596933417992
60933.2903 lsst_hardware_r -10.172054773630995 24.6299991607666 31.520000457763672 AB 2.5144098693199197 1.0497118853269913
60935.2723 lsst_hardware_u -3.9244290930840564 2.6600000858306885 28.40999984741211 AB 2.107138217409914 1.0643008085241874
60935.2913 lsst_hardware_r -49.357903175461985 22.6299991607666 31.5 AB 2.0789713130863214 1.0445342386968623
60937.2609 lsst_hardware_g 28.77579222056607 13.899999618530273 31.40999984741211 AB 5.9393576679023 1.0733940573627254
60937.2804 lsst_hardware_i -21.01241266178738 30.420000076293945 31.239999771118164 AB 5.820262275012301 1.048790391028494
60939.2608 lsst_hardware_z -22.031257685181853 41.18000030517578 30.940000534057617 AB 4.131351091713207 1.0651243549371978
60939.2794 lsst_hardware_r 0.4483590291464296 22.510000228881836 31.489999771118164 AB 4.050225304614972 1.0452194334488853
60944.2498 lsst_hardware_r -18.711307310945926 23.0 31.5 AB 3.2742675462046975 1.0614655974298044
60944.2676 lsst_hardware_i 52.14074619111162 30.690000534057617 31.25 AB 3.302372920756846 1.0439535049810893
60946.2476 lsst_hardware_z -59.06947653532152 41.130001068115234 30.950000762939453 AB 3.9192396430084986 1.0573488245526526
60946.2657 lsst_hardware_r 10.306722020666419 22.6299991607666 31.5 AB 3.5427140965012693 1.041872589893521
60951.2132 lsst_hardware_z 26.551073590128762 48.880001068115234 30.959999084472656 AB 3.5566280451147367 1.0909901978878522
60951.2319 lsst_hardware_i -4.99773779941581 45.529998779296875 31.299999237060547 AB 3.478548307693988 1.059886748230953
60954.2181 lsst_hardware_z -79.37981340291748 73.93000030517578 30.989999771118164 AB 5.21815078822518 1.0676887440102436
60954.2378 lsst_hardware_r -92.46333167494885 108.2699966430664 31.65999984741211 AB 5.134339292220857 1.045690283548036
60956.2226 lsst_hardware_y -103.17630918463382 86.80000305175781 30.809999465942383 AB 3.4664195225137306 1.0546915382901818
60958.2045 lsst_hardware_r -4.703518193979476 69.37999725341797 31.639999389648438 AB 3.6529165074142798 1.071865172363345
60958.2218 lsst_hardware_i 16.278390422535818 58.41999816894531 31.31999969482422 AB 2.7615095969195895 1.0499371130801303
60960.2035 lsst_hardware_z -12.44472240993889 44.380001068115234 30.950000762939453 AB 6.614811416215271 1.0650726840192042
60960.2212 lsst_hardware_r -18.83088032810066 34.5 31.579999923706055 AB 5.752187743669376 1.0458523170307956
60964.2479 lsst_hardware_i 33.26537966866586 30.97721964346915 31.25 AB 7.460841099613527 1.0432554148938722
60964.2658 lsst_hardware_z -84.73453505521928 41.81189069607242 30.950000762939453 AB 7.734224365828476 1.0601484081322794
60973.1823 lsst_hardware_z 1125.2797533181908 51.641726500922594 30.950000762939453 AB 4.80180562083752 1.048619971793453
60973.2002 lsst_hardware_r 1724.7190677057763 46.778097905244806 31.5 AB 4.770010384321089 1.0388218836655299
60977.1669 lsst_hardware_i 2527.7723874602825 61.216719835435036 31.270000457763672 AB 2.1374375174919518 1.0529248854640159
60977.1843 lsst_hardware_z 2052.501041016741 61.46336586029527 30.950000762939453 AB 2.174907245409434 1.040376582352924
60980.1622 lsst_hardware_z 3030.505000933544 72.86484454735084 30.959999084472656 AB 4.831038176316877 1.0495032064122982
60980.18 lsst_hardware_r 6031.011268662907 93.82901481114851 31.6299991607666 AB 4.572664544553343 1.0390845048976962
60990.1264 lsst_hardware_r 8153.203694527717 92.213325105898 31.489999771118164 AB 2.724241797816579 1.0586431856800178
60990.145 lsst_hardware_u 67.81975351308625 8.205085521462522 28.399999618530273 AB 3.104265975865169 1.0421662855411264
60994.132 lsst_hardware_i 5925.731402042124 82.91559605125731 31.260000228881836 AB 4.358838779116475 1.0433668185868845
60994.1495 lsst_hardware_z 3721.05467900706 73.25063321199153 30.950000762939453 AB 4.336603025660147 1.0381271207293423
60996.179 lsst_hardware_r 7168.380825278526 86.8727598717974 31.489999771118164 AB 2.695084768882858 1.0608829662643682
60996.1998 lsst_hardware_u 26.187166129457175 6.2772334485775865 28.40999984741211 AB 2.854859182178259 1.097108505288513
61000.1074 lsst_hardware_r 6045.138536560872 80.64486346301635 31.489999771118164 AB 3.4990912451269764 1.0496748897936032
61000.128 lsst_hardware_z 2866.8332042606544 67.70863033226368 30.950000762939453 AB 2.9457588114973436 1.0385188829531813
61005.103 lsst_hardware_g 2121.342354111057 48.734465877686745 31.479999542236328 AB 3.681329310619164 1.042746411599752
61005.1238 lsst_hardware_r 4553.856024350744 72.30212673883393 31.510000228881836 AB 3.6832987279323985 1.0385240774247
61010.1438 lsst_hardware_r 3742.0806711708574 91.81571462983823 31.639999389648438 AB 8.694870922354966 1.0650258356633275
61010.1634 lsst_hardware_z 2017.7200518834327 72.96717231704989 30.969999313354492 AB 8.934718055696843 1.1011936307912795
61012.0835 lsst_hardware_z 4202.562439002555 115.33605127436552 31.739999771118164 AB 6.8318855757109525 1.0429709730187766
61014.0765 lsst_hardware_r 2802.9225305217587 105.39056557517927 31.65999984741211 AB 1.5674540325856476 1.0439254296270393
61014.0961 lsst_hardware_z 2308.267613411571 79.44898085926614 30.989999771118164 AB 3.8448489322812613 1.038166310863096
61016.0797 lsst_hardware_r 2128.0597760958785 51.482453339425774 31.489999771118164 AB 4.607315299909438 1.0396739929839713
61016.0984 lsst_hardware_u 14.25395669150314 7.589055337033342 29.06999969482422 AB 5.845158282613025 1.039693753577557
61019.0664 lsst_hardware_g 587.746691590028 27.127577561156166 31.40999984741211 AB 7.991346327750074 1.04185124432857
61019.0856 lsst_hardware_r 1750.7777868114574 47.561852401556536 31.489999771118164 AB 9.554437568579303 1.0385258226716634
61021.1109 lsst_hardware_i 2527.943117891899 57.66222667407082 31.239999771118164 AB 13.180859542068992 1.0610899647455314
61021.1296 lsst_hardware_z 1994.5552420034985 60.228266961256544 30.940000534057617 AB 12.888674715068543 1.092932073949549
61023.1111 lsst_hardware_r 1361.816661011812 43.491414397643176 31.489999771118164 AB 7.909014536949141 1.069183079786291
61023.1293 lsst_hardware_u 9.091576616379434 3.5158010735619496 28.43000030517578 AB 7.890273413687937 1.104422915447799
61027.0457 lsst_hardware_y 695.2121855569643 53.94029467597639 30.049999237060547 AB 4.210933923614649 1.0412794074221
61027.0642 lsst_hardware_z 1675.0145227258874 57.52725892031955 30.950000762939453 AB 4.2328276060476915 1.0386032648871775
61029.0341 lsst_hardware_y 412.6430078016751 78.03087220893023 30.06999969482422 AB 4.877923530692577 1.0448961508088348
61029.0534 lsst_hardware_u 8.126618519095516 3.6791818091980297 28.520000457763672 AB 5.357980433536864 1.038116819285418
61031.0353 lsst_hardware_z 1448.5676164171255 70.75795063271092 30.979999542236328 AB 4.768718735802547 1.0410344890688694
61031.0537 lsst_hardware_r 1005.4701429419196 38.297168981639956 31.5 AB 5.632094330680213 1.0386846371206695
61035.0373 lsst_hardware_y 523.7477676248143 67.46578276739312 30.059999465942383 AB 9.786320960393697 1.0381161515215547
61035.0576 lsst_hardware_z 1100.8766489681311 53.17860102027285 30.950000762939453 AB 9.960787386668319 1.0456421778993588
61254.4154 lsst_hardware_z -11.162716800982748 56.279998779296875 30.979999542236328 AB 1.954513423201441 1.0461267207144198
61254.4352 lsst_hardware_y -51.65323434605404 63.40999984741211 30.06999969482422 AB 1.2643302358853397 1.03818002125524
61257.4088 lsst_hardware_i -8.901479732917593 44.119998931884766 31.290000915527344 AB 1.5360939541393108 1.044961873564157
61257.4318 lsst_hardware_y -77.6763178344513 57.369998931884766 30.049999237060547 AB 1.1422132094311264 1.0383756449373875
61259.4122 lsst_hardware_r -12.328537424548344 27.15999984741211 31.540000915527344 AB 3.3054754445730863 1.0401663957326268
61259.433 lsst_hardware_y -30.26926783552207 61.13999938964844 30.06999969482422 AB 3.4320440022933303 1.040013334028282
61262.3976 lsst_hardware_g -16.52413979628 13.899999618530273 31.420000076293945 AB 5.425419257455468 1.0433498572029747
61262.4169 lsst_hardware_y -50.412745499025824 47.459999084472656 30.049999237060547 AB 5.180850849119596 1.0382466631502196
61265.3975 lsst_hardware_i -34.1871062649596 30.540000915527344 31.260000228881836 AB 4.577615167560202 1.0395795232914917
61265.4169 lsst_hardware_z 50.51725675636284 41.93000030517578 30.950000762939453 AB 4.878156873676014 1.0401187363914741
61267.3949 lsst_hardware_r 39.06411876596283 22.540000915527344 31.5 AB 5.113206368647691 1.0388121156633645
61267.4151 lsst_hardware_y -36.431061621014706 47.2599983215332 30.049999237060547 AB 5.144094057845262 1.041736342212487
61269.3936 lsst_hardware_r -8.803894216400964 22.579999923706055 31.510000228881836 AB 3.957778365007749 1.0382192672443544
61269.4145 lsst_hardware_y -3.807417198890966 47.47999954223633 30.049999237060547 AB 4.093238947766378 1.0446377578306367
61273.3709 lsst_hardware_i 27.963154725433633 30.209999084472656 31.25 AB 1.9124747752497688 1.0415111097345635
61273.3906 lsst_hardware_z 44.48806865060351 40.849998474121094 30.950000762939453 AB 1.1426823863154298 1.0388021693776635
61275.3622 lsst_hardware_r 41.73269923225396 32.09000015258789 32.25 AB 2.0898956022555626 1.0432959159275628
61275.3819 lsst_hardware_u -4.187920631027608 3.9200000762939453 29.260000228881836 AB 2.3756141678173117 1.0382929055145593
61277.3644 lsst_hardware_y -35.93328454596717 48.7599983215332 30.049999237060547 AB 2.0617079849754782 1.0396913691253042
61277.3847 lsst_hardware_r -4.885466946541161 41.599998474121094 31.610000610351562 AB 2.208634683165037 1.0403366383255002
61279.3096 lsst_hardware_i 117.29065946868035 67.62999725341797 31.31999969482422 AB 3.3228635326189973 1.1026287197253537
61279.3264 lsst_hardware_z 9.403429680983981 60.63999938964844 30.979999542236328 AB 3.239062161108657 1.0701747228332568
61298.2726 lsst_hardware_g -8.378208431936097 13.90999984741211 31.420000076293945 AB 2.6302483961502188 1.0732787253061284
61298.29 lsst_hardware_i -3.8578305155213517 30.559999465942383 31.260000228881836 AB 2.7233410388488233 1.0506716970870729
61304.257 lsst_hardware_z -24.123076646799493 45.36000061035156 30.959999084472656 AB 4.061103382236726 1.0720026525921846
61304.2761 lsst_hardware_r -17.721274851674867 36.18000030517578 31.600000381469727 AB 4.077863696708405 1.0484063065988403
61308.2456 lsst_hardware_r -14.00234706552219 91.0 31.649999618530273 AB 6.3606175536924985 1.072782620195655
61308.264 lsst_hardware_z 60.23811119180067 64.01000213623047 30.979999542236328 AB 6.2643661753346125 1.0494540570152495
61310.2411 lsst_hardware_z -34.78083484182709 78.4000015258789 30.989999771118164 AB 3.541125862043636 1.0712289589726973
61310.2593 lsst_hardware_i 4.14450816450455 90.9800033569336 31.34000015258789 AB 4.016972324302577 1.0487722007665228
61312.2876 lsst_hardware_z -15.393575800759347 64.06999969482422 30.989999771118164 AB 4.7538189390604195 1.0397679219292255
61312.3072 lsst_hardware_r -3.804947876262884 88.04000091552734 31.649999618530273 AB 6.236339787372683 1.0534654332677185
61316.2214 lsst_hardware_g 5.965256222206852 14.039999961853027 31.420000076293945 AB 3.462861296924229 1.0767603535211117
61316.2399 lsst_hardware_r 17.388166495632678 26.81999969482422 31.540000915527344 AB 3.4363864761719793 1.0516062967399524
61318.216 lsst_hardware_i -8.207653487828747 30.829999923706055 31.25 AB 7.2611436107918665 1.0766554223341456
61318.235 lsst_hardware_z 0.9890067197860366 41.27000045776367 30.950000762939453 AB 7.143663128327796 1.0510539178510734
61322.2113 lsst_hardware_g -10.550980379335611 14.34000015258789 31.43000030517578 AB 3.2498054972231216 1.0666757649530658
61322.23 lsst_hardware_i -4.370940891536026 30.809999465942383 31.25 AB 3.13956544382446 1.0459407364212527
61324.2075 lsst_hardware_z 32.44775031660058 41.470001220703125 30.950000762939453 AB 4.1478560248746446 1.0642805400807334
61324.2248 lsst_hardware_r 0.07626985821585626 23.030000686645508 31.510000228881836 AB 3.764683620124122 1.0457454500344783
61327.2047 lsst_hardware_u 1.6197867920742368 2.7100000381469727 28.43000030517578 AB 8.73088996053714 1.0572644660375943
61327.2216 lsst_hardware_g 7.3622799291241305 14.25 31.43000030517578 AB 6.56771154806323 1.042493896517973
61329.2487 lsst_hardware_r -15.353192362138772 23.020000457763672 31.5 AB 7.467473970755456 1.0433440177100781
61329.267 lsst_hardware_i -0.34458602899001023 30.899999618530273 31.260000228881836 AB 7.719659111989294 1.0608298903379394
61331.1813 lsst_hardware_i -18.95160633409427 33.16999816894531 31.270000457763672 AB 6.256042942366659 1.0752909835624678
61331.1992 lsst_hardware_z -27.89361579275539 42.209999084472656 30.959999084472656 AB 6.15216611962422 1.0513527974293368
61333.1774 lsst_hardware_r 2.22286418550221 38.810001373291016 31.600000381469727 AB 2.386462479376156 1.0726879331956098
61333.1961 lsst_hardware_z 52.529669825735745 44.849998474121094 30.959999084472656 AB 2.400145419594357 1.0491292403428507
61336.1772 lsst_hardware_z 24.25137340576695 57.529998779296875 30.979999542236328 AB 3.4904598908376228 1.0609300580053564
61336.194 lsst_hardware_i -62.446723108998725 60.349998474121094 31.31999969482422 AB 3.3743125086054517 1.0443554653684468
61338.1663 lsst_hardware_z 25.398014239986992 79.7300033569336 31.0 AB 4.6917289912741715 1.068649834775075
61338.1835 lsst_hardware_r -123.75347936714874 117.30000305175781 31.65999984741211 AB 4.809690752740344 1.0482054598976687
61341.173 lsst_hardware_y 31.721998147984884 76.16000366210938 30.809999465942383 AB 2.1247279787954785 1.0502857038037783
61344.2084 lsst_hardware_r 38.24840903356447 32.93000030517578 31.59000015258789 AB 3.9884313962626208 1.0437504471737595
61344.2253 lsst_hardware_i 87.39411920314845 37.779998779296875 31.290000915527344 AB 4.055303354118939 1.059863666545296
61356.1311 lsst_hardware_u 3.515055766772863 2.6600000858306885 28.40999984741211 AB 4.604921122303548 1.05119185564683
61356.1498 lsst_hardware_g -18.022089267171896 14.109999656677246 31.43000030517578 AB 4.397118780148148 1.0393441806212136
61359.1206 lsst_hardware_r -9.56907187579503 24.020000457763672 31.510000228881836 AB 4.424937940526933 1.0535566525064124
61359.1385 lsst_hardware_u -3.1125375232271275 2.8499999046325684 28.479999542236328 AB 4.357486322914837 1.0404281084598819
61361.1082 lsst_hardware_z -48.57884850454001 42.75 30.950000762939453 AB 3.291909970034889 1.0619064419467383
61361.129 lsst_hardware_g 28.65465770452243 24.8799991607666 31.610000610351562 AB 2.87039554708124 1.0423588005742133
61364.1084 lsst_hardware_r -88.23877789202086 59.5 31.639999389648438 AB 6.057144280912904 1.0520441651606924
61364.1274 lsst_hardware_i 16.65280629642566 51.63999938964844 31.31999969482422 AB 5.554108256070027 1.0395111839921443
61368.1062 lsst_hardware_z -65.77620276541757 101.06999969482422 31.75 AB 8.271798725042252 1.044638862350051
61370.0979 lsst_hardware_r 8.659902571397838 66.43000030517578 31.639999389648438 AB 3.7534233551512117 1.0467367014133055
61370.1164 lsst_hardware_z 50.20232482736252 57.52000045776367 30.979999542236328 AB 3.777847546103023 1.038345637957771
61372.0964 lsst_hardware_r 15.789830476530454 22.6299991607666 31.5 AB 4.0837020006029245 1.043891104448711
61372.1177 lsst_hardware_u -1.6859308109616673 2.6500000953674316 28.40999984741211 AB 3.9813907910640376 1.0383528099793196
61374.1462 lsst_hardware_g 2.9266312493362743 14.100000381469727 31.440000534057617 AB 5.574099180895609 1.0636071518189723
61374.1658 lsst_hardware_r -8.52567859980706 23.09000015258789 31.489999771118164 AB 5.809110340814961 1.098909499326483
61376.1437 lsst_hardware_i -42.313406423407315 30.709999084472656 31.260000228881836 AB 6.89773263474889 1.0678982275446611
61376.162 lsst_hardware_z -17.87704462816594 42.04999923706055 30.950000762939453 AB 7.117455154909733 1.1026836121012453
61379.0781 lsst_hardware_z 50.8406761111385 41.279998779296875 30.950000762939453 AB 1.6114953957076275 1.0433767534526561
61379.0979 lsst_hardware_r -0.5648738251218302 22.770000457763672 31.510000228881836 AB 3.877268189517958 1.0382758697272048
61381.0761 lsst_hardware_u 5.390255731250682 2.740000009536743 28.489999771118164 AB 4.60197222560119 1.04146471866505
61381.0924 lsst_hardware_g 4.975440745048314 13.75 31.420000076293945 AB 5.938221238844291 1.0382715769046682
61385.0653 lsst_hardware_r -7.55334300310756 22.559999465942383 31.5 AB 10.52304519425179 1.041404485807065
61385.0849 lsst_hardware_u 1.7605813968198964 2.740000009536743 28.489999771118164 AB 11.061152490295669 1.0388090775467937
61387.1116 lsst_hardware_g -11.26527601350003 13.9399995803833 31.43000030517578 AB 12.801464938006886 1.0648660699853225
61387.1296 lsst_hardware_r -18.190663302591794 22.8799991607666 31.5 AB 11.331746737764453 1.0973463165413695
61394.0487 lsst_hardware_y -98.58194911142837 52.7599983215332 30.059999465942383 AB 5.415441110755778 1.0386844614255364
61394.0706 lsst_hardware_z 27.811151451324694 56.0 30.979999542236328 AB 5.354274376165177 1.042955807385474
61396.0455 lsst_hardware_y -38.64513723741196 89.79000091552734 30.81999969482422 AB 5.684159958691468 1.0383291649561228
