data/validation/pwv_sim_epoch_fit_epoch/58613579.ecsv
# %ECSV 0.9
# ---
# datatype:
# - {name: time, datatype: float64}
# - {name: band, datatype: string}
# - {name: flux, datatype: float64}
# - {name: fluxerr, datatype: float64}
# - {name: zp, datatype: float64}
# - {name: zpsys, datatype: string}
# - {name: pwv, datatype: float64}
# - {name: airmass, datatype: float64}
# meta: {SNID: '58613579', alt: 1024.0, c: -0.052420344203710556, dec: -0.74606, lat: -30.244573, lon: -70.7499537, ra: 124.453125, t0: 62963.4140625,
#   x0: 4.1795508423592326e-06, x1: -1.0642421245574951, z: 0.6601271629333496}
# schema: astropy-2.0
time band flux fluxerr zp zpsys pwv airmass
62834.2919 lsst_hardware_g -24.19812142924872 14.510000228881836 31.3700008392334 AB 5.572792151606859 1.2397757845621489
62834.3114 lsst_hardware_y 46.6765772053973 49.08000183105469 29.989999771118164 AB 5.319876606098493 1.1894194230359105
62837.3332 lsst_hardware_z -20.731738226880704 43.060001373291016 30.940000534057617 AB 7.516832414139732 1.1512404146630544
62837.3529 lsst_hardware_y 99.4499255170033 69.75 30.030000686645508 AB 7.6441163777488494 1.1490592074782187
62839.3352 lsst_hardware_u -1.3324411261337232 3.0399999618530273 28.489999771118164 AB 5.011761945595313 1.1483453629256808
62839.3539 lsst_hardware_y -25.897123626097134 73.79000091552734 30.030000686645508 AB 4.942062921143333 1.1521750670990052
62845.2825 lsst_hardware_z 38.19539281826838 73.4000015258789 30.979999542236328 AB 11.035776713865632 1.1871532609580067
62845.3014 lsst_hardware_y 50.61455130365696 58.619998931884766 30.020000457763672 AB 11.683612092813593 1.159088501271154
62850.2974 lsst_hardware_z 71.35446563957709 65.66000366210938 30.969999313354492 AB 9.50933069166538 1.1514064239079462
62850.316 lsst_hardware_i 93.43709760854858 69.12000274658203 31.309999465942383 AB 9.486768247370668 1.1486240889473587
62852.279 lsst_hardware_z -49.1459290988464 48.529998779296875 30.950000762939453 AB 8.192691815103784 1.1627024041303933
62852.3023 lsst_hardware_r 34.43393459150073 43.77000045776367 31.59000015258789 AB 7.646889775621445 1.1479231067509488
62854.282 lsst_hardware_y -61.266657532114955 48.790000915527344 30.020000457763672 AB 5.002142723690724 1.1544294308079215
62854.3022 lsst_hardware_g 15.650653063618915 20.639999389648438 31.540000915527344 AB 5.522016799625592 1.1480284406706014
62856.2761 lsst_hardware_r -12.857287821617225 23.780000686645508 31.5 AB 6.2309732974439624 1.1547749740436686
62856.2967 lsst_hardware_i 39.718567524870956 31.93000030517578 31.25 AB 7.058418740323565 1.1480214812126392
62859.2847 lsst_hardware_z -0.18294652847851667 42.79999923706055 30.940000534057617 AB 6.334992501740573 1.1478168506853994
62859.3061 lsst_hardware_r -36.65994599611239 23.450000762939453 31.469999313354492 AB 7.05529908891024 1.1575235715036898
62862.2527 lsst_hardware_r -3.748336092000227 23.670000076293945 31.469999313354492 AB 7.306949448436569 1.1615386795591256
62862.2737 lsst_hardware_u 2.9719334860125373 2.700000047683716 28.3799991607666 AB 7.211032160873344 1.1480859472539855
62867.2512 lsst_hardware_z -96.35185676288164 43.09000015258789 30.940000534057617 AB 8.143676692176054 1.1512750824261788
62867.2743 lsst_hardware_r -9.700874211004164 23.790000915527344 31.479999542236328 AB 8.136639521369945 1.1503973297171732
62869.251 lsst_hardware_y 60.477246486921835 48.529998779296875 30.010000228881836 AB 5.02817682968662 1.1489474056714035
62869.2726 lsst_hardware_g -32.42774858116108 14.460000038146973 31.389999389648438 AB 5.028176495581846 1.1525465683638096
62871.245 lsst_hardware_r -120.70690311259457 59.380001068115234 31.610000610351562 AB 13.545904947079292 1.149126649735264
62871.2669 lsst_hardware_i 22.663541859279153 48.54999923706055 31.290000915527344 AB 12.077035471289417 1.1523888808482268
62873.2491 lsst_hardware_z -33.35923616319625 71.79000091552734 30.969999313354492 AB 9.943681318815702 1.1478776341560377
62873.2703 lsst_hardware_r -14.720558062097634 100.97000122070312 31.6299991607666 AB 10.834886890899552 1.1599486367275817
62875.207 lsst_hardware_r 43.94991773445827 149.3000030517578 31.6200008392334 AB 8.84334503450701 1.1756119600975332
62875.2316 lsst_hardware_z -107.76207793887215 100.29000091552734 30.989999771118164 AB 7.961735029736915 1.1501242368706253
62882.1931 lsst_hardware_z 30.899694970382296 45.25 30.940000534057617 AB 5.990407034265386 1.167777578686171
62882.2128 lsst_hardware_r -44.639439961423754 33.439998626708984 31.549999237060547 AB 5.804522791236291 1.1499797506164025
62884.1919 lsst_hardware_u -3.22392406439188 2.8399999141693115 28.469999313354492 AB 7.218314122203957 1.162369423865369
62884.213 lsst_hardware_g -20.94528932101897 15.0 31.440000534057617 AB 7.609018344390825 1.1481844491309574
62888.197 lsst_hardware_z -13.760442896170133 43.130001068115234 30.93000030517578 AB 11.186819326992751 1.1497244940383118
62888.2177 lsst_hardware_r 3.8645054988487533 24.0 31.479999542236328 AB 10.93217527286968 1.1507552918810189
62890.1608 lsst_hardware_r -14.42714082534578 24.209999084472656 31.479999542236328 AB 16.805138701541708 1.184878989039113
62890.1828 lsst_hardware_u 0.736905826003308 2.690000057220459 28.360000610351562 AB 12.984704153255494 1.1551371475948315
62892.1604 lsst_hardware_g 9.677529539807761 14.859999656677246 31.420000076293945 AB 15.468452182847114 1.1759057495797722
62892.1805 lsst_hardware_i 93.34758916611919 32.06999969482422 31.25 AB 16.12248393048802 1.1527724910079022
62894.1757 lsst_hardware_r 26.021355999022887 24.06999969482422 31.479999542236328 AB 12.276218751505096 1.1523359278634322
62894.1935 lsst_hardware_u 3.6206255584717417 2.6600000858306885 28.329999923706055 AB 12.225565460431026 1.1480841539251574
62907.1417 lsst_hardware_z -79.74744678010929 63.529998779296875 30.969999313354492 AB 4.00175648395402 1.15141892791081
62907.1605 lsst_hardware_r 191.8980205944817 83.76000213623047 31.6299991607666 AB 4.013597955621397 1.1486293068960183
62913.1229 lsst_hardware_r -41.348741698456585 23.739999771118164 31.489999771118164 AB 3.6137050332131917 1.1529421567201505
62915.0624 lsst_hardware_g 10.337398335861812 20.5 32.11000061035156 AB 5.726517899689146 1.2685658998757567
62915.0837 lsst_hardware_r -1.959487441645983 24.15999984741211 31.469999313354492 AB 6.598722824039282 1.2038169887876096
62918.0914 lsst_hardware_r -46.013149970070096 24.09000015258789 31.489999771118164 AB 5.32964689699685 1.172725589774868
62918.1094 lsst_hardware_i -7.402588068683016 32.220001220703125 31.239999771118164 AB 5.290751797053458 1.152836678614205
62922.0909 lsst_hardware_u 3.2504417830817083 2.7300000190734863 28.399999618530273 AB 8.889407474895858 1.1593241139703119
62922.1098 lsst_hardware_r -12.458810414912502 23.8700008392334 31.479999542236328 AB 8.794807992078816 1.1480723180051975
62924.0842 lsst_hardware_i 23.932290492111434 32.45000076293945 31.239999771118164 AB 7.8035724227963374 1.1606413955226202
62924.102 lsst_hardware_z 56.90484803179077 43.18000030517578 30.940000534057617 AB 7.710403186619325 1.1485778618530202
62926.0864 lsst_hardware_r -48.06218089925944 32.959999084472656 31.549999237060547 AB 4.898403834912626 1.1536513977655736
62926.105 lsst_hardware_z -23.509926063316826 44.83000183105469 30.940000534057617 AB 4.595112221098553 1.1479171174365608
62928.0829 lsst_hardware_y 22.062130708542274 51.70000076293945 30.010000228881836 AB 7.240872861970469 1.152301863825765
62928.0998 lsst_hardware_r 66.9392650113038 56.47999954223633 31.610000610351562 AB 6.62710185226378 1.147947661919934
62933.0479 lsst_hardware_z -21.10383897664096 83.19256407220645 30.979999542236328 AB 11.028637072233689 1.1768063744158304
62933.0659 lsst_hardware_r -146.46377349114093 121.33759805533086 31.6299991607666 AB 10.884117778771738 1.1547114609253015
62936.0468 lsst_hardware_z 2.3275981723084924 58.161475553984026 30.959999084472656 AB 8.368123664750057 1.1662212876952638
62936.066 lsst_hardware_r -132.18214153364585 74.80552462985885 31.6299991607666 AB 8.226949151623215 1.1496842881038616
62938.0452 lsst_hardware_i -10.233071775502573 32.144740553381425 31.239999771118164 AB 12.055380480561265 1.1614979186409888
62938.0644 lsst_hardware_z 29.06992543805689 47.59128375041201 30.950000762939453 AB 11.893755108162127 1.148415362873688
62940.0439 lsst_hardware_r 59.65164402748396 24.286400407574806 31.469999313354492 AB 11.0374390530999 1.1572068623505685
62940.0636 lsst_hardware_u 1.6901149961639286 3.5002636666393125 28.350000381469727 AB 11.11914940636657 1.1477831645281438
62942.0397 lsst_hardware_g 50.641890673338025 16.02198530363102 31.399999618530273 AB 9.135824195981053 1.1560675983525532
62942.0578 lsst_hardware_r 148.38294286792842 26.072858428200643 31.489999771118164 AB 9.322682477850261 1.1477955588476532
62945.0366 lsst_hardware_i 256.9602577783022 35.9941311506121 31.239999771118164 AB 5.573687941058827 1.1522232513214716
62945.0551 lsst_hardware_z 267.4132576307403 45.44383456126133 30.940000534057617 AB 4.3326428484062305 1.1482269032878387
62947.0342 lsst_hardware_r 459.2548742802385 31.975017233530135 31.489999771118164 AB 5.869022994060679 1.1504880411776033
62947.0546 lsst_hardware_g 121.26931854584844 19.11436225715262 31.420000076293945 AB 4.499418228362068 1.1497906416308794
62949.0352 lsst_hardware_r 641.8753504689928 34.97153978002201 31.5 AB 5.450067174538431 1.148228626258981
62949.0531 lsst_hardware_i 641.7289221090255 39.686586004368955 31.25 AB 4.86126194033434 1.1518440770857992
62951.0267 lsst_hardware_z 546.3054974488828 48.04613171316957 30.940000534057617 AB 8.502239071754369 1.1490547443581902
62951.0441 lsst_hardware_i 728.8024964444792 41.35296053317481 31.239999771118164 AB 7.995201867659825 1.1499750978295324
62953.0266 lsst_hardware_u 7.019270084270669 4.277176973177382 28.549999237060547 AB 7.953266943020073 1.14787841956414
62953.0446 lsst_hardware_g 326.1379302213614 23.241639974182526 31.450000762939453 AB 8.146751586358825 1.1534542981099156
62955.0272 lsst_hardware_r 1268.325982747734 47.83388353109666 31.549999237060547 AB 6.865719749880832 1.148113670548634
62955.0444 lsst_hardware_i 996.7035828388811 48.241942212645775 31.260000228881836 AB 5.7153518561263645 1.1578913809008031
62956.9999 lsst_hardware_z 1538.3152052900339 89.25554872287763 31.719999313354492 AB 5.643558013625088 1.1550860679429895
62958.9886 lsst_hardware_y 298.90261561151357 64.32850792353547 30.020000457763672 AB 10.757967802174667 1.1606708350288621
62959.0066 lsst_hardware_z 873.9928375671458 74.69156385254692 30.979999542236328 AB 7.273058168599481 1.1485287277693612
62960.9885 lsst_hardware_y 412.6408263915322 60.204917099198326 30.020000457763672 AB 10.57440386663911 1.1554831302670718
62961.007 lsst_hardware_i 1352.1430254931286 80.01603013148923 31.309999465942383 AB 8.760945306800815 1.1477722136513462
62963.9864 lsst_hardware_y 438.481789034324 60.08520400981349 30.010000228881836 AB 10.03630848943823 1.1512168489834986
62964.0051 lsst_hardware_g 468.9460877488371 92.16806354648674 31.68000030517578 AB 8.739601261232329 1.1486880080480608
62970.9758 lsst_hardware_y 284.9759504011804 63.01768583874291 30.030000686645508 AB 12.985889844285138 1.148101571008566
62970.9933 lsst_hardware_r 1039.9149051911475 39.74574611411502 31.5 AB 13.031264616284115 1.152011370149103
62973.9757 lsst_hardware_y 355.3810425079004 58.48286045010455 30.020000457763672 AB 12.928558801226087 1.148184618226118
62973.9941 lsst_hardware_z 755.2955317070337 51.52778266456068 30.950000762939453 AB 13.076032045248827 1.1594796759254113
63200.3431 lsst_hardware_z -77.31626553737252 71.51000213623047 30.979999542236328 AB 7.065367513237271 1.1494320945588528
63203.335 lsst_hardware_i -37.24265177867186 77.41999816894531 31.31999969482422 AB 6.971123000380352 1.1493955326124006
63203.3538 lsst_hardware_y 55.764403402177265 78.80000305175781 30.040000915527344 AB 6.971757908848633 1.1501968671867544
63205.3356 lsst_hardware_r 22.675531551618963 67.6500015258789 31.6200008392334 AB 4.651890955846948 1.1479064665877141
63205.3548 lsst_hardware_y 122.8718831806781 78.0999984741211 30.030000686645508 AB 4.682514014313977 1.154181418366768
63207.3363 lsst_hardware_g 3.144526134400091 32.720001220703125 31.610000610351562 AB 4.968955576257184 1.1480950961778051
63209.3343 lsst_hardware_z 81.63976353133292 43.540000915527344 30.940000534057617 AB 8.46759392264046 1.1489532448911728
63209.3542 lsst_hardware_y -72.43180439979827 74.66999816894531 30.020000457763672 AB 8.560902263657677 1.1645901596595942
63212.2918 lsst_hardware_u -2.823693162716516 2.700000047683716 28.3700008392334 AB 12.262083485775808 1.1645456560877352
63212.3104 lsst_hardware_y 107.46237719793996 48.59000015258789 30.010000228881836 AB 12.108176815709701 1.1494013368075533
63215.3027 lsst_hardware_g -12.380948921091829 14.449999809265137 31.399999618530273 AB 9.490592757644384 1.1492160963845164
63215.3218 lsst_hardware_r -23.321031489538964 23.799999237060547 31.489999771118164 AB 9.504933816874175 1.1505596980640784
63217.2591 lsst_hardware_i 31.202517341027608 32.2599983215332 31.229999542236328 AB 8.478254708783707 1.1975781776656131
63219.2615 lsst_hardware_r -34.37046923231728 23.920000076293945 31.479999542236328 AB 5.137014725508693 1.1816699581364525
63219.2856 lsst_hardware_u -3.217750383255616 2.7100000381469727 28.3799991607666 AB 4.988113903823287 1.1523220107012253
63221.2635 lsst_hardware_g 27.339769379390304 14.300000190734863 31.389999389648438 AB 6.287907626961351 1.1695531577210816
63221.2874 lsst_hardware_i -51.53186124848296 31.670000076293945 31.239999771118164 AB 6.17754756142534 1.148848072670039
63223.2623 lsst_hardware_z 22.147990616251484 43.18000030517578 30.93000030517578 AB 7.797988561905649 1.163878889836664
63225.2847 lsst_hardware_y 118.22081462804567 50.220001220703125 30.010000228881836 AB 7.235556532206642 1.147802638427427
63225.3057 lsst_hardware_g -27.61300261157371 14.4399995803833 31.399999618530273 AB 7.750076281828611 1.1590921205187612
63230.2446 lsst_hardware_i 16.557010855443444 114.08999633789062 31.31999969482422 AB 10.445080640913169 1.162189428654476
63230.2676 lsst_hardware_z -4.458806560848111 95.70999908447266 30.989999771118164 AB 9.986424763195155 1.147864915309788
