data/validation/pwv_sim_epoch_fit_epoch/58862966.ecsv
# %ECSV 0.9
# ---
# datatype:
# - {name: time, datatype: float64}
# - {name: band, datatype: string}
# - {name: flux, datatype: float64}
# - {name: fluxerr, datatype: float64}
# - {name: zp, datatype: float64}
# - {name: zpsys, datatype: string}
# - {name: pwv, datatype: float64}
# - {name: airmass, datatype: float64}
# meta: {SNID: '58862966', alt: 1024.0, c: -0.06778419017791748, dec: -35.136116, lat: -30.244573, lon: -70.7499537, ra: 94.21875, t0: 61447.5546875,
#   x0: 8.337462781438377e-06, x1: 1.1305406093597412, z: 0.49611222743988037}
# schema: astropy-2.0
time band flux fluxerr zp zpsys pwv airmass
61305.3253 lsst_hardware_z 0.26141384318049854 69.31999969482422 31.68000030517578 AB 2.4804124948366173 1.2944096515786327
61307.3155 lsst_hardware_r -5.92213696063579 65.5199966430664 31.56999969482422 AB 5.8784115896279205 1.3187933794901103
61307.3324 lsst_hardware_i 13.679698295498227 52.45000076293945 31.280000686645508 AB 5.447521954667283 1.2317975363398237
61309.3171 lsst_hardware_z -28.575761888514837 84.33999633789062 31.700000762939453 AB 4.385514751721262 1.2798817311312598
61311.2847 lsst_hardware_z -84.88379661809518 60.81999969482422 30.93000030517578 AB 4.831776722719161 1.4523651288172577
61311.3055 lsst_hardware_r 68.80365471454463 75.73999786376953 31.579999923706055 AB 4.972679445472475 1.3134966618021784
61313.282 lsst_hardware_z -56.37830874274601 55.619998931884766 30.90999984741211 AB 3.61191640761981 1.4314067665600305
61313.2994 lsst_hardware_r 128.6296154901914 58.099998474121094 31.559999465942383 AB 4.98681810436847 1.3171732975088404
61315.2803 lsst_hardware_i -41.396583215121865 43.11000061035156 31.229999542236328 AB 5.083563746615437 1.4042024022140562
61315.2983 lsst_hardware_z 22.756955632161578 48.93000030517578 30.93000030517578 AB 4.131395031221284 1.2927779179289003
61317.2819 lsst_hardware_r 50.44954900553236 25.729999542236328 31.459999084472656 AB 3.6883496151518806 1.357008688429684
61317.3006 lsst_hardware_u -1.8046250473861967 3.109999895095825 28.420000076293945 AB 3.28993192995861 1.252949416341468
61319.2801 lsst_hardware_g 21.283506053544627 13.140000343322754 31.309999465942383 AB 7.883984933806466 1.3343839098120958
61319.3007 lsst_hardware_r 18.027844193750532 22.420000076293945 31.450000762939453 AB 7.010302815127941 1.2270074938963724
61321.2937 lsst_hardware_z 13.628221746983922 43.84000015258789 30.93000030517578 AB 4.497884195378337 1.2339874335743035
61321.3139 lsst_hardware_u -3.010961514404385 2.609999895095825 28.360000610351562 AB 4.291649904396145 1.1536693291383637
61323.2751 lsst_hardware_r 4.678075477702159 22.90999984741211 31.450000762939453 AB 4.184116624309641 1.300222692451722
61323.2938 lsst_hardware_g 4.509110869440863 13.229999542236328 31.360000610351562 AB 3.3757012810927662 1.2094952637380478
61326.2523 lsst_hardware_i -10.937652663237216 32.77000045776367 31.190000534057617 AB 7.727717065973043 1.3901271930154264
61326.2702 lsst_hardware_z 65.04918582120848 44.22999954223633 30.920000076293945 AB 7.161436295281935 1.2824538955884677
61328.2724 lsst_hardware_u -0.11656556420103152 2.5199999809265137 28.25 AB 7.910916044172611 1.2441807671044736
61328.291 lsst_hardware_g -12.484735230204508 13.029999732971191 31.34000015258789 AB 7.416654954131389 1.166997003167637
61332.2743 lsst_hardware_z 6.220960058378355 61.099998474121094 31.690000534057617 AB 4.322089420612296 1.1888024444703735
61334.2537 lsst_hardware_r -26.641679834900337 41.5099983215332 31.559999465942383 AB 2.48628931319074 1.2553318365081365
61334.2727 lsst_hardware_z 25.131897417331828 46.15999984741211 30.950000762939453 AB 2.337604328747418 1.1740364100351766
61337.245 lsst_hardware_r 58.46750541422067 68.7300033569336 31.600000381469727 AB 1.6653704939029221 1.2578326993242184
61337.2624 lsst_hardware_i 4.898432741165432 54.84000015258789 31.290000915527344 AB 3.5190243065270024 1.18200446952715
61340.2447 lsst_hardware_z -45.894343136868315 60.47999954223633 30.959999084472656 AB 3.694428876126005 1.2210969678159451
61340.263 lsst_hardware_i 53.09617246734277 63.400001525878906 31.309999465942383 AB 3.788467644225043 1.150373535026203
61348.2345 lsst_hardware_z 45.64223535231293 60.220001220703125 31.690000534057617 AB 6.499812043564857 1.173957623762313
61348.2618 lsst_hardware_r 45.549933833440235 30.8799991607666 32.2400016784668 AB 5.541421737032329 1.0907415868839692
61355.2029 lsst_hardware_u -0.2358367243356692 2.4700000286102295 28.229999542236328 AB 0.9155757230909103 1.22485046567295
61355.2208 lsst_hardware_r -3.9140860011424827 22.049999237060547 31.469999313354492 AB 2.6669802345952087 1.1546202040242937
61358.2033 lsst_hardware_i -22.757435222382668 30.8799991607666 31.229999542236328 AB 4.766381208894335 1.188870806625068
61358.2203 lsst_hardware_z 55.10654303964839 41.81999969482422 30.940000534057617 AB 8.070997339632964 1.1296798011943403
61362.1881 lsst_hardware_y 60.54817953173387 49.540000915527344 29.989999771118164 AB 6.608076310896497 1.2062385453194902
61362.2052 lsst_hardware_g 7.4887642122477285 23.3700008392334 31.549999237060547 AB 6.501152541704124 1.1428755878242032
61365.2115 lsst_hardware_r 68.85977756225255 51.060001373291016 31.610000610351562 AB 3.6124387065438066 1.1005423970784816
61365.2282 lsst_hardware_z 32.96434870486533 47.810001373291016 30.959999084472656 AB 3.4915843533515694 1.0626715085781382
61367.2135 lsst_hardware_r -20.40289710172385 73.5999984741211 31.649999618530273 AB 6.6845071966810234 1.082277596742533
61367.2305 lsst_hardware_i -82.86580937839813 58.40999984741211 31.31999969482422 AB 6.486549795142396 1.0486137349011013
61373.1866 lsst_hardware_g 17.661590249264247 30.190000534057617 31.639999389648438 AB 4.802137783079611 1.1086973487176741
61373.2036 lsst_hardware_r -4.034352846968749 39.7599983215332 31.600000381469727 AB 4.599267696454627 1.0681894471908246
61375.2054 lsst_hardware_z -37.854426060593774 41.15999984741211 30.950000762939453 AB 8.171027689255855 1.0542581367982968
61375.2214 lsst_hardware_u -6.042139647183316 3.259999990463257 28.6200008392334 AB 7.815428807982453 1.0299721676307363
61378.1477 lsst_hardware_i -33.13496853313273 31.229999542236328 31.229999542236328 AB 3.8276516327658845 1.1928173992569957
61378.169 lsst_hardware_z -45.43656071368429 41.959999084472656 30.950000762939453 AB 4.166600802934523 1.1198282074674522
61380.1468 lsst_hardware_r 12.325146868691235 22.190000534057617 31.459999084472656 AB 6.35726140244718 1.1752031430718513
61380.1686 lsst_hardware_u 1.2105776388878038 2.640000104904175 28.420000076293945 AB 5.749575039418432 1.1056875075804677
61382.1335 lsst_hardware_i 3.880068440068162 31.31999969482422 31.219999313354492 AB 4.463011559425682 1.2062193403853194
61382.1559 lsst_hardware_z -45.593305603100376 42.119998931884766 30.940000534057617 AB 4.167197073135239 1.1262694792257402
61384.1333 lsst_hardware_r -5.538703719181059 22.43000030517578 31.469999313354492 AB 8.792453464966622 1.1850200096545156
61384.155 lsst_hardware_u -1.3375472958460424 2.6500000953674316 28.40999984741211 AB 8.237928796196698 1.1130330746077326
61386.1567 lsst_hardware_r -18.063640241336664 21.780000686645508 31.479999542236328 AB 12.996060801378222 1.0940826536497221
61386.1793 lsst_hardware_i 8.042302828316375 29.700000762939453 31.25 AB 13.303156715008388 1.04749265472507
61388.1358 lsst_hardware_i 19.709400131436816 30.510000228881836 31.239999771118164 AB 8.092669889863378 1.1377694829515634
61388.1578 lsst_hardware_z -37.671887048639576 41.130001068115234 30.950000762939453 AB 7.741723013394481 1.078572395722125
61391.159 lsst_hardware_g 4.168896214999832 20.149999618530273 31.559999465942383 AB 9.937599567760921 1.0592479620285045
61391.1819 lsst_hardware_r -32.011790080247685 24.670000076293945 31.530000686645508 AB 8.784206689108514 1.0249949462203634
61393.1344 lsst_hardware_r -34.664738574045636 40.31999969482422 31.600000381469727 AB 3.615382972490496 1.1022509062471024
61393.1556 lsst_hardware_i 16.18476361462548 38.75 31.290000915527344 AB 3.7481277906132107 1.0554390117887642
61404.0533 lsst_hardware_y -99.59266878441 50.59000015258789 29.959999084472656 AB 11.147349437072116 1.3038471001985028
61404.0752 lsst_hardware_z -2.947553877544942 43.09000015258789 30.93000030517578 AB 10.201867394231508 1.198914991830405
61406.0538 lsst_hardware_y -72.47991187837633 71.37000274658203 30.719999313354492 AB 8.766033165909855 1.2719622571237243
61406.0774 lsst_hardware_u 1.9080095934807184 3.6700000762939453 29.100000381469727 AB 8.058983485510348 1.1693353877409391
61408.0531 lsst_hardware_z 10.680194972824157 44.279998779296875 30.93000030517578 AB 8.042556294775752 1.2483756811924775
61408.076 lsst_hardware_r 17.036117147180974 22.010000228881836 31.469999313354492 AB 7.709469230086213 1.1549478260347377
61410.0518 lsst_hardware_y 12.436620169322763 51.09000015258789 29.979999542236328 AB 13.036980284904383 1.229034200792307
61410.0736 lsst_hardware_z 23.0962145426743 42.40999984741211 30.940000534057617 AB 12.228984026931562 1.1446608346451617
61412.0538 lsst_hardware_y -60.715287482253885 50.029998779296875 29.989999771118164 AB 11.747254454337186 1.1971114291589935
61412.0782 lsst_hardware_u -1.3772237824730083 2.619999885559082 28.389999389648438 AB 10.885048616626898 1.1140158240330464
61414.0479 lsst_hardware_y -39.21430318083268 51.88999938964844 30.0 AB 10.166443321999255 1.1988965964738993
61414.0648 lsst_hardware_i -30.372006056165056 30.75 31.239999771118164 AB 9.621816548524949 1.137801282862286
61416.0492 lsst_hardware_y -76.30434903069894 49.91999816894531 30.010000228881836 AB 7.2702746909751905 1.1726249501572887
61416.0677 lsst_hardware_r 1.4671441444656512 21.989999771118164 31.479999542236328 AB 6.899558152628144 1.1128319601013135
61421.0469 lsst_hardware_z 9.9619874170493 46.383870752906134 30.950000762939453 AB 3.8373768985693375 1.1339766248727357
61421.0648 lsst_hardware_i 0.21990467325025617 34.76197220528998 31.260000228881836 AB 3.6229781550306637 1.0852113688874236
61423.0449 lsst_hardware_y 3.361711829866682 53.73965808279262 30.030000686645508 AB 4.381442544297736 1.1234468062301886
61423.0625 lsst_hardware_r 157.664356664234 46.91736160909366 31.6200008392334 AB 4.2041424823143965 1.0779852518754862
61425.0446 lsst_hardware_y -2.660334223628017 55.039587536652384 30.030000686645508 AB 9.132912320591176 1.1087556057169763
61425.0615 lsst_hardware_r 306.19695135241386 67.74398776308863 31.639999389648438 AB 8.774126601757667 1.0684410088902734
61427.0432 lsst_hardware_y 103.39286108161457 59.40941791284688 30.030000686645508 AB 11.85851094996538 1.0980102731449426
61427.0603 lsst_hardware_z 331.1882093106498 63.65155249697544 30.979999542236328 AB 11.448173818043275 1.0600160942632662
61429.0434 lsst_hardware_y 124.0060050998825 55.05524609423359 30.040000915527344 AB 14.022956013021316 1.0841723341532223
61429.0626 lsst_hardware_u -21.296720230355675 11.111968642408979 29.280000686645508 AB 13.545846914627544 1.0463345368938333
61431.0406 lsst_hardware_y 221.6613673704485 56.13935693079213 30.040000915527344 AB 11.873309511275368 1.0781094768745085
61431.0571 lsst_hardware_r 1330.0225967011397 42.677989163102254 31.489999771118164 AB 12.478471938337641 1.0463981164487686
61435.038 lsst_hardware_y 447.31917796272137 54.429731462549626 30.049999237060547 AB 11.464729793810807 1.0608860012317123
61435.0549 lsst_hardware_g 969.4843234590583 33.38616328247974 31.420000076293945 AB 11.482605089931047 1.0334525435133057
61437.0368 lsst_hardware_y 499.45558736881185 56.290671685679214 30.049999237060547 AB 8.954570286124131 1.053045250323294
61437.0539 lsst_hardware_i 1678.5019369500274 49.96041166126355 31.25 AB 8.35350885821394 1.0277868422524636
61439.0353 lsst_hardware_y 452.2165602331424 56.02724324861003 30.059999465942383 AB 7.296119777908228 1.0463261987750365
61439.0525 lsst_hardware_i 1917.8519581658832 51.86417480849388 31.260000228881836 AB 7.88764565030614 1.023173647724252
61671.338 lsst_hardware_g -11.157575884621268 29.09000015258789 31.56999969482422 AB 2.1831134513365145 1.2220058501743714
61671.3563 lsst_hardware_r 18.43050409928221 33.40999984741211 31.549999237060547 AB 2.0512070066012913 1.1510701496079074
61672.3123 lsst_hardware_r 11.121604277627704 27.149999618530273 31.479999542236328 AB 5.8399245491436975 1.3419458195726777
61672.3297 lsst_hardware_i -12.867848891888116 34.04999923706055 31.229999542236328 AB 5.583548665342356 1.247580977621106
61678.2669 lsst_hardware_g 4.524453978329515 13.420000076293945 31.25 AB 3.675398675772153 1.5639994364994774
61678.2847 lsst_hardware_r -28.73299839795923 23.350000381469727 31.420000076293945 AB 3.3125672094853016 1.4166360126101645
61682.2808 lsst_hardware_r -0.6005766744535699 23.229999542236328 31.43000030517578 AB 3.71098312662526 1.3684827608096928
61682.301 lsst_hardware_i -13.141617652672402 31.84000015258789 31.219999313354492 AB 3.3421739950190394 1.2543343948279373
61684.281 lsst_hardware_z 22.69600591547185 44.720001220703125 30.920000076293945 AB 7.917439746184513 1.3330893356841012
61684.2992 lsst_hardware_r -8.613563230452673 22.579999923706055 31.450000762939453 AB 7.082604789056087 1.2369561558531728
61686.2777 lsst_hardware_z 14.395750067880666 44.52000045776367 30.920000076293945 AB 4.968388409507573 1.3203264441954752
61686.2971 lsst_hardware_r -53.794176644249916 22.489999771118164 31.450000762939453 AB 4.353212879383445 1.2217830141407369
61688.3178 lsst_hardware_i 10.92739241645065 30.489999771118164 31.239999771118164 AB 3.122469431572587 1.1258565902128075
61688.3379 lsst_hardware_z 132.33208883952892 41.11000061035156 30.950000762939453 AB 3.2228198953729015 1.0742732984576338
61689.2725 lsst_hardware_r -17.59495007354043 50.599998474121094 31.559999465942383 AB 5.347876896536085 1.3033006246635466
61689.2928 lsst_hardware_z -61.695526667900104 48.25 30.940000534057617 AB 5.455007845714292 1.205104919983247
61692.2663 lsst_hardware_y 87.91550766142183 53.779998779296875 29.969999313354492 AB 7.458248748681617 1.2923667906223562
61692.2853 lsst_hardware_r 6.0477560369618555 74.66999816894531 31.610000610351562 AB 6.875925291780877 1.2022424779090353
61694.2715 lsst_hardware_i -7.340024124185581 64.94999694824219 31.290000915527344 AB 9.020702449251676 1.2388096885023072
61694.2892 lsst_hardware_z -29.64839418298821 59.16999816894531 30.959999084472656 AB 8.483273736410338 1.1661124520255224
61696.2701 lsst_hardware_r 114.76210543628575 65.3499984741211 31.600000381469727 AB 6.295141833538402 1.2204617746293183
61696.2884 lsst_hardware_z 47.09047903858234 53.59000015258789 30.959999084472656 AB 5.93888031715669 1.1498872776333202
61698.2682 lsst_hardware_r -54.65133585621932 51.459999084472656 31.600000381469727 AB 1.5009109040241617 1.2052282419894231
61698.2868 lsst_hardware_i -26.200095861358214 46.16999816894531 31.290000915527344 AB 1.4052915539603612 1.1372739848617468
61700.25 lsst_hardware_i -47.59430045085818 36.70000076293945 31.239999771118164 AB 3.664192769470575 1.2635147480933018
61700.2678 lsst_hardware_z 18.406773289414126 45.68000030517578 30.940000534057617 AB 3.2471547622769075 1.184876760546217
61702.2492 lsst_hardware_r 39.28507742289181 22.229999542236328 31.450000762939453 AB 2.190282746940114 1.2409533976997813
61705.2419 lsst_hardware_g -3.0112396346169352 12.989999771118164 31.329999923706055 AB 3.7660922728640207 1.2368119122709926
61705.2582 lsst_hardware_r -17.513378174170906 22.18000030517578 31.459999084472656 AB 3.8426225069917934 1.1696294156833418
61707.2505 lsst_hardware_i 7.3486918065644184 30.8700008392334 31.219999313354492 AB 3.078572556224803 1.1779500884732361
61707.2685 lsst_hardware_z -7.5689435286419675 41.72999954223633 30.940000534057617 AB 2.9347806618825376 1.1182956923216445
61709.247 lsst_hardware_r 11.521861387305243 22.059999465942383 31.459999084472656 AB 4.475799047789891 1.1706536306338304
61709.2629 lsst_hardware_g -2.3477707183614185 12.760000228881836 31.350000381469727 AB 4.251057289924126 1.1186992868221384
61711.2538 lsst_hardware_r 2.777982127930798 21.940000534057617 31.459999084472656 AB 3.5124190318929758 1.1295162499387852
61711.2715 lsst_hardware_i -5.974129919380944 30.110000610351562 31.239999771118164 AB 3.37493948445292 1.0823184428615151
61720.2053 lsst_hardware_z -10.971431471848192 51.939998626708984 30.950000762939453 AB 0.9491957690275512 1.2173078153602737
61720.2235 lsst_hardware_i -27.77482601649388 49.08000183105469 31.290000915527344 AB 2.6686467159089373 1.1478050391007204
