data/validation/pwv_sim_epoch_fit_epoch/58867419.ecsv
# %ECSV 0.9
# ---
# datatype:
# - {name: time, datatype: float64}
# - {name: band, datatype: string}
# - {name: flux, datatype: float64}
# - {name: fluxerr, datatype: float64}
# - {name: zp, datatype: float64}
# - {name: zpsys, datatype: string}
# - {name: pwv, datatype: float64}
# - {name: airmass, datatype: float64}
# meta: {SNID: '58867419', alt: 1024.0, c: -0.07130824029445648, dec: -44.597992, lat: -30.244573, lon: -70.7499537, ra: 170.888428, t0: 61745.2109375,
#   x0: 5.510967907026971e-05, x1: 1.237411618232727, z: 0.2203499674797058}
# schema: astropy-2.0
time band flux fluxerr zp zpsys pwv airmass
61782.3469 lsst_hardware_i 4779.464107685658 91.81661651287226 31.329999923706055 AB 5.573399347272217 1.0362046381889372
61782.3595 lsst_hardware_y 1039.7828103338627 64.04119564186936 30.06999969482422 AB 5.482143409090577 1.0330672253311413
61783.3555 lsst_hardware_r 4207.450674929672 100.50089869664409 31.65999984741211 AB 4.324787007735084 1.0331961794310376
61783.3684 lsst_hardware_y 1142.0880475565068 79.3660771129742 30.06999969482422 AB 4.296812952032834 1.0338403862612586
61786.3497 lsst_hardware_y 2192.3661199063818 84.24273001410864 30.799999237060547 AB 4.558240865601453 1.0329900737879103
61788.3479 lsst_hardware_i 3531.362555528347 71.71375417124527 31.290000915527344 AB 6.90310846953129 1.0329613391821766
61788.3606 lsst_hardware_z 1994.3601904324903 65.66452429334211 30.959999084472656 AB 6.913680768299452 1.0355634927241268
61790.3542 lsst_hardware_r 2806.6561140800277 58.19024939013754 31.540000915527344 AB 10.16644946933031 1.0352272765470507
61790.3669 lsst_hardware_y 947.2788896576185 62.21207603574978 30.049999237060547 AB 10.047742548297945 1.0417566146498647
61794.3356 lsst_hardware_i 2578.908687665169 58.925343284219785 31.239999771118164 AB 7.50335156228128 1.0333415819977663
61794.3488 lsst_hardware_z 1527.049006758348 55.37832509630946 30.940000534057617 AB 7.369309548374483 1.0375412354572775
61796.3366 lsst_hardware_r 2050.8875481985606 50.00567961477678 31.479999542236328 AB 14.479475441736101 1.034827256326952
61796.3489 lsst_hardware_u 13.693968158687916 4.310388416327791 28.34000015258789 AB 14.54117990930338 1.0406875263111346
61798.3303 lsst_hardware_r 1900.644691271218 48.985792696317056 31.479999542236328 AB 12.10450890147881 1.0345734103828044
61798.3434 lsst_hardware_i 2136.9781975731507 55.5870661864278 31.239999771118164 AB 12.302630157722035 1.0406629064143886
61800.3352 lsst_hardware_z 1180.2229370380846 52.08089475603533 30.940000534057617 AB 11.787177008885186 1.0390136563457086
61800.3467 lsst_hardware_u 9.4554044289654 3.374660699691991 28.350000381469727 AB 11.964528859772695 1.0472999220750772
61802.2905 lsst_hardware_z 1177.0540316946472 51.53197288129537 30.950000762939453 AB 11.013886873995743 1.036999650751653
61802.3021 lsst_hardware_r 1773.850505416526 47.9162390947102 31.489999771118164 AB 10.176027785973636 1.0334140129962055
61804.2868 lsst_hardware_u -3.936910607516486 2.9199509126823777 28.3700008392334 AB 9.463016608048964 1.0362290739381663
61804.2995 lsst_hardware_r 1796.8641570235354 47.328058982652436 31.479999542236328 AB 9.748055475663985 1.03307073714116
61806.2825 lsst_hardware_i -17.45585787451666 29.850000381469727 31.25 AB 5.705000185613037 1.0357661920139865
61806.2952 lsst_hardware_z 69.7010349352485 40.59000015258789 30.950000762939453 AB 6.74716414820275 1.0329927249098367
61809.2823 lsst_hardware_r 34.31323861988655 47.11000061035156 31.6299991607666 AB 7.7773278770571 1.0335319437949635
61809.2945 lsst_hardware_z -27.811668807982574 46.7400016784668 30.959999084472656 AB 8.427123466486648 1.0333266737292548
61811.2796 lsst_hardware_y 10.676033108828648 53.119998931884766 30.049999237060547 AB 3.5338817164945535 1.0331477025272542
61811.2926 lsst_hardware_r 11.723278382215952 85.62999725341797 31.65999984741211 AB 3.036505741623631 1.033997414854821
61813.2712 lsst_hardware_i 74.93794019544279 72.5199966430664 31.34000015258789 AB 5.6233714233512355 1.0335654869919102
61813.2832 lsst_hardware_z 62.627486385605465 64.27999877929688 30.989999771118164 AB 5.637556528920955 1.033276489904867
61815.2826 lsst_hardware_r -7.775268866545141 70.2699966430664 31.649999618530273 AB 3.479825677358455 1.0342259790048907
61815.2934 lsst_hardware_z 84.51688013953826 56.810001373291016 30.979999542236328 AB 2.778467760759278 1.0385501223870117
61817.2746 lsst_hardware_r -9.078781637318643 44.470001220703125 31.6200008392334 AB 4.678146962950382 1.0336542727933085
61817.2856 lsst_hardware_i 77.49130160522137 42.20000076293945 31.299999237060547 AB 4.717363270083444 1.0373531105186242
61819.2741 lsst_hardware_z 3.1894318937865633 41.970001220703125 30.950000762939453 AB 4.943344779941643 1.0349303422886305
61819.2855 lsst_hardware_i 11.279967372240572 32.560001373291016 31.260000228881836 AB 4.975561610180019 1.040313963761447
61821.2684 lsst_hardware_u -1.5609551676849833 2.7300000190734863 28.479999542236328 AB 2.839469466459023 1.0348549352338055
61821.2798 lsst_hardware_g -1.6023778821661465 14.0600004196167 31.440000534057617 AB 2.8531760774123356 1.0401662695633742
61823.2711 lsst_hardware_r -1.7543879509806548 21.979999542236328 31.5 AB 9.576051815146602 1.0383076430724678
61823.2821 lsst_hardware_i 3.836365413956701 30.049999237060547 31.25 AB 9.792158083289669 1.0457703781447276
61825.2677 lsst_hardware_z -25.76562381974038 40.68000030517578 30.950000762939453 AB 10.281720506958438 1.0394588412807506
61825.2785 lsst_hardware_u 4.7123698677400885 2.5999999046325684 28.399999618530273 AB 10.357153306611007 1.047358465603726
61827.2567 lsst_hardware_r -30.462848997566944 21.8700008392334 31.489999771118164 AB 6.71161487609772 1.036622886106683
61827.2685 lsst_hardware_g 12.847375529276933 13.180000305175781 31.399999618530273 AB 6.7710475513971975 1.043653127864546
61829.2566 lsst_hardware_r 0.9500423366074685 21.889999389648438 31.489999771118164 AB 5.700867334530067 1.0393559406618171
61829.2683 lsst_hardware_i 3.4414333510596564 29.93000030517578 31.25 AB 5.755794774053427 1.0480007478627307
61833.2483 lsst_hardware_u -2.8887525210097746 2.5199999809265137 28.329999923706055 AB 5.8205962771328945 1.0409722394943923
61833.2598 lsst_hardware_g 0.6012099293371705 13.109999656677246 31.3700008392334 AB 6.134740406728325 1.050259435625587
61835.2449 lsst_hardware_r -16.6094908367281 21.940000534057617 31.479999542236328 AB 8.17671484311637 1.042372180739788
61835.2579 lsst_hardware_i 14.830476122219919 29.989999771118164 31.239999771118164 AB 8.203209311931122 1.0538778209448372
61837.2569 lsst_hardware_z 38.3936841962145 63.27000045776367 31.700000762939453 AB 10.483295127091353 1.0589186997061972
61839.2501 lsst_hardware_z 1.3942933377640436 57.619998931884766 30.979999542236328 AB 9.987693665503947 1.057346354594964
61839.2612 lsst_hardware_r -20.130515478527304 76.05000305175781 31.639999389648438 AB 10.12239302020231 1.071975115321523
61841.1899 lsst_hardware_z 110.48998375516345 72.91999816894531 30.989999771118164 AB 8.255820283327008 1.03475844874689
61841.2029 lsst_hardware_r 137.91126616854922 110.58999633789062 31.65999984741211 AB 8.231073977764641 1.0329730990710766
61848.2045 lsst_hardware_r 11.003143001656834 27.190000534057617 31.549999237060547 AB 6.56276445329993 1.039234276056996
61848.2166 lsst_hardware_i 28.952083011301696 33.04999923706055 31.260000228881836 AB 7.101855999735721 1.0481670725017669
61850.2042 lsst_hardware_z 8.68691607489282 40.779998779296875 30.950000762939453 AB 5.525565182735639 1.0425594684406867
61850.216 lsst_hardware_u -1.832811945587373 2.690000057220459 28.459999084472656 AB 5.989710543282508 1.052889088556384
61852.1999 lsst_hardware_g 4.18497773068105 13.5 31.40999984741211 AB 7.163770751252696 1.0434068748866032
61852.2112 lsst_hardware_r -5.012459914151802 22.25 31.479999542236328 AB 6.787971223679807 1.0535828991781033
61854.1995 lsst_hardware_i 43.855247457400786 30.139999389648438 31.239999771118164 AB 7.213976646201536 1.0475280706004166
61854.2122 lsst_hardware_z 40.407266410817336 41.119998931884766 30.940000534057617 AB 7.443917756304984 1.0610169031436014
61856.187 lsst_hardware_i -9.265185398733983 30.079999923706055 31.239999771118164 AB 6.991038636688407 1.0419870782027634
61856.1988 lsst_hardware_u -3.2346594891358222 2.569999933242798 28.360000610351562 AB 7.114668314323851 1.0520507168262954
61858.1888 lsst_hardware_g -24.77320639734352 13.5 31.399999618530273 AB 6.8933373836667515 1.0477258157361646
61858.2001 lsst_hardware_r -0.5392071063596627 22.350000381469727 31.489999771118164 AB 6.955034697673538 1.0595726230459466
61860.1837 lsst_hardware_i -8.122146072291295 30.09000015258789 31.239999771118164 AB 4.885744111423162 1.0480493615966455
61860.1961 lsst_hardware_r -21.01950546135704 22.25 31.479999542236328 AB 5.0815801791948285 1.061371245197604
61862.1835 lsst_hardware_u -4.039831660208613 2.569999933242798 28.360000610351562 AB 8.635990135256112 1.0531695286897698
61862.1955 lsst_hardware_g -29.42915515900968 13.470000267028809 31.389999389648438 AB 8.75601205494079 1.067806348163511
61864.1869 lsst_hardware_r -23.844198278877293 22.239999771118164 31.479999542236328 AB 4.815854145182504 1.0635720285296686
61864.1982 lsst_hardware_i 49.628667547711174 30.40999984741211 31.239999771118164 AB 4.951699059118485 1.0802135818320937
61866.1274 lsst_hardware_r 81.36410803718105 48.779998779296875 31.6299991607666 AB 11.951142258683712 1.033433547380666
61866.1407 lsst_hardware_i -19.271705266613488 44.119998931884766 31.309999465942383 AB 11.975891289995868 1.0336519325043905
61872.123 lsst_hardware_z 78.34175962529528 128.19000244140625 32.5 AB 7.089048869389605 1.0334267093391494
61874.1163 lsst_hardware_r -11.158268755372058 53.849998474121094 31.639999389648438 AB 6.409626529886565 1.0332552170693012
61874.1279 lsst_hardware_i 73.18893870379483 47.91999816894531 31.31999969482422 AB 5.111356627016415 1.0364359500540212
61878.1238 lsst_hardware_g -3.6292115606017714 13.59000015258789 31.420000076293945 AB 11.751566794629822 1.0399616632415771
61878.1358 lsst_hardware_r 3.937276454164391 22.290000915527344 31.489999771118164 AB 12.293479872164951 1.0492002963356621
61889.1229 lsst_hardware_z 18.057534427777775 41.29999923706055 30.940000534057617 AB 9.429090409173314 1.0694014036073547
61889.1358 lsst_hardware_u 0.1413854032562932 2.5199999809265137 28.299999237060547 AB 8.874119887450705 1.090421145510485
61891.0927 lsst_hardware_g 9.82610869876409 13.8100004196167 31.420000076293945 AB 10.15189126358847 1.0428953802953604
61891.1059 lsst_hardware_r -21.789145454770622 22.18000030517578 31.489999771118164 AB 10.324739910505285 1.054872449392632
61895.0894 lsst_hardware_i 16.42583928015599 46.88999938964844 31.309999465942383 AB 9.745877025447825 1.049222388442671
61895.1022 lsst_hardware_z -91.77465755680929 49.61000061035156 30.969999313354492 AB 9.885328042081733 1.0635102788683952
61899.0826 lsst_hardware_z -22.646311547120558 102.30999755859375 31.739999771118164 AB 9.394866500544511 1.0533148778546053
61899.0964 lsst_hardware_r -98.31701426121882 153.30999755859375 32.40999984741211 AB 9.074111825473901 1.0705653404287807
61903.0808 lsst_hardware_i -56.109244738684886 47.040000915527344 31.299999237060547 AB 7.8534502101022 1.0640930674784215
61903.0928 lsst_hardware_r -13.21049313953867 53.970001220703125 31.6200008392334 AB 6.953807801312099 1.082038066050457
61908.0235 lsst_hardware_i 16.15432440990467 29.65999984741211 31.239999771118164 AB 7.5041021810588315 1.033267081729308
61908.0363 lsst_hardware_z 74.1187818559117 40.599998474121094 30.940000534057617 AB 7.514733057571232 1.036991682277539
61910.019 lsst_hardware_r 0.4357464330664717 21.860000610351562 31.489999771118164 AB 7.215961862273911 1.033398283237115
61910.0314 lsst_hardware_g -5.848576344322978 13.260000228881836 31.40999984741211 AB 7.232769278245218 1.0372535893080843
61912.0173 lsst_hardware_r 23.081991953928245 21.799999237060547 31.489999771118164 AB 4.764812195672229 1.034142636065595
61912.0295 lsst_hardware_i 19.438393105914194 29.889999389648438 31.25 AB 4.795489676495518 1.0391093556869446
61917.9564 lsst_hardware_y 7.350127516043016 56.75 30.059999465942383 AB 6.943963237393756 1.0490955185668163
61917.9642 lsst_hardware_i 27.114243715162633 31.020000457763672 31.260000228881836 AB 6.751813477369185 1.0426706010916817
61925.9901 lsst_hardware_r -30.038270110339017 74.69999694824219 31.649999618530273 AB 12.140669744637702 1.0384628983523823
61926.0024 lsst_hardware_z 40.45881016844991 58.41999816894531 30.979999542236328 AB 10.63544030859708 1.0471044903610396
61927.9908 lsst_hardware_y 64.83549108152728 54.13999938964844 30.049999237060547 AB 4.434903166428718 1.0422804151418845
61928.0037 lsst_hardware_r -102.09328854505453 89.37999725341797 31.649999618530273 AB 4.832348732957588 1.053621832503426
