data/validation/pwv_sim_epoch_fit_epoch/59007473.ecsv
# %ECSV 0.9
# ---
# datatype:
# - {name: time, datatype: float64}
# - {name: band, datatype: string}
# - {name: flux, datatype: float64}
# - {name: fluxerr, datatype: float64}
# - {name: zp, datatype: float64}
# - {name: zpsys, datatype: string}
# - {name: pwv, datatype: float64}
# - {name: airmass, datatype: float64}
# meta: {SNID: '59007473', alt: 1024.0, c: -0.06542279571294785, dec: -1.64151, lat: -30.244573, lon: -70.7499537, ra: 3.164062, t0: 60280.484375,
#   x0: 6.661018629678735e-06, x1: 0.7662441730499268, z: 0.5446481108665466}
# schema: astropy-2.0
time band flux fluxerr zp zpsys pwv airmass
60121.4206 lsst_hardware_i -170.05539032215384 84.77999877929688 31.309999465942383 AB 6.743415087985884 1.152950461001226
60121.4403 lsst_hardware_y -200.07065182715743 111.13999938964844 30.040000915527344 AB 6.674775974123303 1.1407598440408047
60123.421 lsst_hardware_r -87.53726253637278 79.25 31.6299991607666 AB 5.799331667780388 1.1474736184764842
60123.4407 lsst_hardware_y -150.5045939067168 111.29000091552734 30.040000915527344 AB 5.751197111352351 1.1405070950592975
60125.4142 lsst_hardware_g 31.41003674396934 85.76000213623047 31.690000534057617 AB 4.651393677233406 1.148586799876551
60125.4331 lsst_hardware_y 28.220500444868794 111.27999877929688 30.040000915527344 AB 5.271132386539576 1.1404234857744244
60128.4154 lsst_hardware_z 26.040574582350228 104.13999938964844 30.989999771118164 AB 7.390210334602041 1.142521566802686
60128.4354 lsst_hardware_y -0.40944525701825824 111.52999877929688 30.049999237060547 AB 7.999589491682619 1.1427984988118027
60130.3849 lsst_hardware_y -203.32995580257608 156.9600067138672 30.790000915527344 AB 4.712767636467893 1.1678515567912178
60137.3757 lsst_hardware_r -41.12105076576132 79.08999633789062 31.6200008392334 AB 8.91120415930648 1.1543010569049845
60137.3987 lsst_hardware_u -12.289286571232491 27.219999313354492 29.40999984741211 AB 8.863713261731574 1.1405041672379546
60139.3691 lsst_hardware_g 81.16566002600216 86.01000213623047 31.690000534057617 AB 6.587034068464467 1.15562001201131
60139.3903 lsst_hardware_i -55.772437369065514 85.13999938964844 31.31999969482422 AB 6.819093856385176 1.1409367727251727
60143.3836 lsst_hardware_u -42.57421848119521 27.389999389648438 29.420000076293945 AB 2.0587808389118925 1.140440846925297
60143.4033 lsst_hardware_g 29.52596162918841 85.83999633789062 31.690000534057617 AB 2.083396488169093 1.1486679466128702
60145.3648 lsst_hardware_r 13.451280817217175 80.26000213623047 31.6299991607666 AB 3.3283397284558953 1.1447428128825092
60145.3841 lsst_hardware_i 43.26323130303784 85.58000183105469 31.31999969482422 AB 5.303600847808858 1.1410910132625651
60148.3743 lsst_hardware_z -11.004532497582911 104.11000061035156 30.989999771118164 AB 5.1110838066342295 1.1407608235768762
60148.3948 lsst_hardware_r 77.96951938177723 79.2300033569336 31.6299991607666 AB 5.956185238221455 1.1537404819799428
60151.3072 lsst_hardware_r -28.694132313186916 78.69999694824219 31.610000610351562 AB 10.486140674463439 1.2116169320362933
60151.3263 lsst_hardware_u 15.250311181635066 27.030000686645508 29.389999389648438 AB 9.985099751377659 1.1699460730406568
60159.2928 lsst_hardware_z -134.44086526852533 146.6300048828125 31.729999542236328 AB 2.7439224552256642 1.1930097631415932
60159.3166 lsst_hardware_r 85.47648791827828 111.94000244140625 32.369998931884766 AB 2.652472601728881 1.1532489572734266
60161.3504 lsst_hardware_y 491.0665764863175 157.17999267578125 30.790000915527344 AB 2.311557435630622 1.1457533757772598
60163.3096 lsst_hardware_r 84.31861086296304 79.37000274658203 31.6299991607666 AB 4.774833378429197 1.1493621227062178
60163.3303 lsst_hardware_i 70.60162136946259 85.05999755859375 31.31999969482422 AB 4.797143857552489 1.1404573716346356
60166.3206 lsst_hardware_z -3.1312755283014693 104.27999877929688 30.989999771118164 AB 5.585583821506692 1.14045814091881
60166.3409 lsst_hardware_r -14.754502280612979 79.51000213623047 31.6299991607666 AB 5.885965687138988 1.1490229253740207
60177.3045 lsst_hardware_z 107.62605980138534 104.19000244140625 30.989999771118164 AB 1.7073509570621224 1.1443371025885538
60177.3254 lsst_hardware_r -13.110547281397379 80.08000183105469 31.6200008392334 AB 1.7106005615344329 1.1668489505695196
60180.2826 lsst_hardware_u 1.8866289980505864 27.18000030517578 29.399999618530273 AB 3.2594260980864536 1.1404569972310896
60180.3019 lsst_hardware_g 165.0696843873983 86.30000305175781 31.68000030517578 AB 3.5664103936094174 1.1483558206319902
60182.2433 lsst_hardware_r -56.705331710391896 79.80999755859375 31.610000610351562 AB 2.9090798311167667 1.1672894393566908
60182.2598 lsst_hardware_i 115.94869454768644 85.30999755859375 31.309999465942383 AB 2.5478676474520525 1.1476019731786138
60184.2223 lsst_hardware_i 19.40441542860762 84.44000244140625 31.309999465942383 AB 4.744885783104822 1.198304347951382
60184.2456 lsst_hardware_z -252.19774379717495 146.97999572753906 31.739999771118164 AB 4.569178042194107 1.1564123783340212
60184.2695 lsst_hardware_r 128.42962166336898 79.37999725341797 31.6299991607666 AB 4.118382587305507 1.1406155614767837
60187.2112 lsst_hardware_r 103.30947277230567 78.70999908447266 31.610000610351562 AB 5.08090116233296 1.2055762634554419
60187.2284 lsst_hardware_z -151.3077600797184 103.93000030517578 30.989999771118164 AB 4.952652638885293 1.169319475595459
60195.213 lsst_hardware_r 4.2775211232332735 112.1500015258789 32.380001068115234 AB 2.791082975410171 1.1596896127184675
60195.2268 lsst_hardware_u -28.029247522449563 38.83000183105469 30.18000030517578 AB 2.7674443420612427 1.1457420080984961
60196.2011 lsst_hardware_g 180.96961734755934 85.66000366210938 31.68000030517578 AB 3.8669460065413777 1.1740253530295297
60196.2182 lsst_hardware_r 29.55862762169424 79.38999938964844 31.6299991607666 AB 3.546108240860775 1.1505867102076772
60199.1953 lsst_hardware_i -93.74717582494621 84.58999633789062 31.309999465942383 AB 3.128364974714805 1.169883128068067
60199.2131 lsst_hardware_z 18.917587202169916 103.97000122070312 30.989999771118164 AB 3.5003343780270737 1.1478387860393748
60201.197 lsst_hardware_r -143.46701147885202 79.19999694824219 31.6200008392334 AB 1.0162181240631531 1.1591841719351557
60201.2155 lsst_hardware_u 1.878165297761818 27.31999969482422 29.40999984741211 AB 1.3783367245657154 1.142820472243983
60206.1554 lsst_hardware_u 75.91475407275041 26.649999618530273 29.360000610351562 AB 9.06108846780069 1.216171863338073
60206.1745 lsst_hardware_g 75.06865653290909 85.6500015258789 31.68000030517578 AB 7.1805312090069915 1.172778398683653
60209.1934 lsst_hardware_r -2.968284595452175 79.19999694824219 31.6200008392334 AB 2.5896190826231464 1.1429412259175953
60209.2142 lsst_hardware_y 133.2217881296566 111.01000213623047 30.040000915527344 AB 2.2553268452840096 1.14280559679906
60211.1563 lsst_hardware_z 104.33781201963717 103.83000183105469 30.979999542236328 AB 4.145216502606737 1.181309918098209
60211.1732 lsst_hardware_r 2.195807245087646 79.94000244140625 31.6200008392334 AB 4.369990974841877 1.1548601941971133
60215.1482 lsst_hardware_r 89.99420264584651 78.93000030517578 31.6200008392334 AB 5.072800775204007 1.1758926229031077
60215.1666 lsst_hardware_i 38.85340943393324 84.81999969482422 31.31999969482422 AB 4.955796776144287 1.1503261502133548
60221.0893 lsst_hardware_u -5.81956962218688 25.489999771118164 29.260000228881836 AB 2.7470728081715734 1.3081299086531302
60221.1097 lsst_hardware_g 82.18432205927452 84.66000366210938 31.65999984741211 AB 2.5834782207217915 1.230227724153234
60227.1465 lsst_hardware_g -14.640554361681172 85.97000122070312 31.690000534057617 AB 3.602712268936224 1.1419961229689275
60227.1672 lsst_hardware_r -22.463971783685075 79.33000183105469 31.6299991607666 AB 3.987619950550404 1.1438955681442564
60238.1033 lsst_hardware_r 79.7001687543348 79.20999908447266 31.6299991607666 AB 3.018470195700481 1.1508067465738814
60238.1208 lsst_hardware_z -77.40271301290548 104.12000274658203 30.989999771118164 AB 2.994147350041384 1.140808642657682
60240.1025 lsst_hardware_r -81.77760319772248 79.27999877929688 31.6299991607666 AB 6.080238618826086 1.1467820857838715
60240.1197 lsst_hardware_y -58.84009224168883 111.4000015258789 30.040000915527344 AB 6.050909521548932 1.1404616802568013
60242.1034 lsst_hardware_z 31.941150721420893 104.2300033569336 30.989999771118164 AB 5.1946412950629455 1.1428934681668839
60242.1203 lsst_hardware_r 78.21254743792134 79.52999877929688 31.6299991607666 AB 5.195408111117883 1.1413880365679505
60244.0749 lsst_hardware_r -13.104136568577918 79.02999877929688 31.6200008392334 AB 3.394456344952772 1.165912246026614
60244.0923 lsst_hardware_i 44.63848922155215 84.87999725341797 31.31999969482422 AB 4.8635282672626925 1.1462475294043584
60248.0773 lsst_hardware_u -25.72832871356237 27.239999771118164 29.40999984741211 AB 4.763275347589292 1.1495777356315413
60248.0945 lsst_hardware_g -14.033030922018995 85.87999725341797 31.690000534057617 AB 5.664479325729977 1.140652300791377
60250.0802 lsst_hardware_r 6.116444964367821 79.19090286034793 31.6200008392334 AB 7.557362076258584 1.1435676445418406
60250.0999 lsst_hardware_z 80.70225012754567 103.99695947617394 30.989999771118164 AB 6.378183236306432 1.141849900577013
60260.0508 lsst_hardware_i 650.0699165018212 87.28406686119867 31.309999465942383 AB 5.245442035427704 1.1447722910817941
60260.0702 lsst_hardware_r 468.9040013811261 82.77351654569527 31.6200008392334 AB 5.204033760712995 1.1411312038111106
60262.0504 lsst_hardware_u -31.458168777332403 27.564576140582226 29.43000030517578 AB 4.379180904073602 1.1421963756061748
60262.069 lsst_hardware_g 143.22883488047742 88.0168633722105 31.700000762939453 AB 4.377241480602296 1.1425845681551283
60264.0533 lsst_hardware_r 1120.3052477964434 86.61031106820681 31.6299991607666 AB 6.832303451846368 1.140459610824265
60264.07 lsst_hardware_i 930.3984170235807 89.71738944678668 31.31999969482422 AB 6.875046167925548 1.1463505171063053
60267.0249 lsst_hardware_y 356.2210490714555 112.41653229422235 30.040000915527344 AB 6.565283652153683 1.1500555270620054
60267.0456 lsst_hardware_z 778.8241512889946 107.68997108354048 30.989999771118164 AB 5.387982464262858 1.1404545459078599
60269.0286 lsst_hardware_y 643.1687608037 159.49562842796067 30.799999237060547 AB 5.254866859926721 1.143418780378908
60269.0495 lsst_hardware_z 2052.1095257963384 153.42784955107882 31.739999771118164 AB 4.403642986307871 1.1424186232205902
60271.0237 lsst_hardware_y 335.4962979984587 112.61172578806492 30.040000915527344 AB 8.693071814684814 1.1431358476381324
60271.0452 lsst_hardware_r 2338.232132082485 92.6040058398897 31.6299991607666 AB 7.781008592056415 1.1429353461616447
60273.0237 lsst_hardware_y 438.3536639007911 112.91684605229513 30.040000915527344 AB 7.145546916022048 1.1411269728283062
60273.0422 lsst_hardware_r 2422.9510681073325 93.49717378248197 31.6200008392334 AB 5.941998815120394 1.1442323926671731
60275.0246 lsst_hardware_z 1315.1081482810753 109.92832826632976 30.989999771118164 AB 5.544105975470924 1.140469215833566
60275.046 lsst_hardware_g 1392.7733018673516 92.52933717853544 31.690000534057617 AB 4.207918217942123 1.151592287340613
60487.4193 lsst_hardware_z 24.494412989598793 61.209999084472656 30.959999084472656 AB 8.217247616558355 1.1522467386325954
60487.4382 lsst_hardware_y -49.878196718622355 60.0 30.020000457763672 AB 8.130383753709925 1.1408396286777258
60490.4205 lsst_hardware_i 71.67627739746655 45.400001525878906 31.280000686645508 AB 5.187203325085125 1.1445516208701858
60490.4423 lsst_hardware_y 136.9605139353247 67.33999633789062 30.020000457763672 AB 5.261931154537256 1.1420360617552372
60495.3749 lsst_hardware_r 31.287454216519336 25.899999618530273 31.510000228881836 AB 5.410976228564574 1.1880940266188775
60495.3951 lsst_hardware_y -16.966816548271883 48.90999984741211 30.020000457763672 AB 4.794082420075908 1.1548295535753752
60499.4198 lsst_hardware_u -0.7159803726788464 2.930000066757202 28.479999542236328 AB 2.6525008353646826 1.1429087980027615
60499.4386 lsst_hardware_y 86.10501175909636 54.81999969482422 30.020000457763672 AB 2.6698722070042575 1.1597634926353597
60503.3806 lsst_hardware_i -55.005081217841244 46.599998474121094 32.0 AB 7.054522839159866 1.1476678244884877
60503.4021 lsst_hardware_r 3.0672579364531942 35.83000183105469 32.25 AB 6.9867652265613325 1.1407894891927854
60506.3744 lsst_hardware_u 3.2690251816616023 2.700000047683716 28.31999969482422 AB 1.4556183981580753 1.1461562190221064
60506.3939 lsst_hardware_g 10.439210962871726 15.779999732971191 31.43000030517578 AB 3.746352291409525 1.1407893701003426
60508.3764 lsst_hardware_r -48.72040212787024 24.940000534057617 31.489999771118164 AB 2.1471276234934114 1.1420891614326656
60508.3982 lsst_hardware_i -24.16675763555558 32.47999954223633 31.239999771118164 AB 2.108158813975478 1.1444944701278381
60511.3708 lsst_hardware_z 79.00458825600613 58.75 30.959999084472656 AB 4.724076791385611 1.1412651291799674
60511.3892 lsst_hardware_r -74.721981630221 76.80000305175781 31.6200008392334 AB 6.780071037220061 1.1440261599966357
60514.3807 lsst_hardware_z 246.8912166405232 144.6199951171875 32.47999954223633 AB 6.109334913503406 1.1438560032771776
60516.3652 lsst_hardware_r 94.00142258662557 101.20999908447266 31.6299991607666 AB 8.140563528786892 1.14061419767219
60516.3869 lsst_hardware_z 74.33970844610485 76.3499984741211 30.979999542236328 AB 7.815976184480036 1.1533658904791002
60527.2926 lsst_hardware_r -2.042197210770873 24.649999618530273 31.479999542236328 AB 3.266489685046169 1.1778207998964552
60527.3104 lsst_hardware_i 10.466693634152142 32.34000015258789 31.229999542236328 AB 3.18938348577282 1.1519564721067252
60531.3372 lsst_hardware_u 3.7941860020302607 2.809999942779541 28.440000534057617 AB 5.846465609198293 1.1456544516538671
60531.3564 lsst_hardware_g 14.96143798805624 15.380000114440918 31.43000030517578 AB 5.984978820911883 1.1673451961989003
60537.2689 lsst_hardware_z -63.42953397063455 48.369998931884766 30.940000534057617 AB 5.334195927456746 1.171321020521903
60537.2884 lsst_hardware_g 1.5733678995795966 36.02000045776367 31.6299991607666 AB 5.211878651226327 1.147190722600115
60539.2909 lsst_hardware_r 31.491431405473698 64.20999908447266 31.6200008392334 AB 3.4015435692187856 1.1424479507018626
60539.3057 lsst_hardware_i -67.00438222024982 54.220001220703125 31.299999237060547 AB 3.812719017477613 1.1411909660214348
60541.2881 lsst_hardware_z -143.4529970333266 77.70999908447266 30.979999542236328 AB 1.8535127244037581 1.1415012929353399
60541.3094 lsst_hardware_r 38.10197927680917 115.13999938964844 31.6299991607666 AB 2.670898639385349 1.1453253170606128
60543.2888 lsst_hardware_z 80.35529484739692 143.6199951171875 31.739999771118164 AB 2.0293707838883686 1.140523108217517
60546.2818 lsst_hardware_r 151.94099803898777 63.4900016784668 31.6200008392334 AB 3.6918951770630977 1.1405298662536603
60546.3018 lsst_hardware_z 22.810203873681253 56.13999938964844 30.969999313354492 AB 2.8044455103664507 1.1501485346684008
60549.2163 lsst_hardware_i 18.749175208112995 33.33000183105469 31.239999771118164 AB 4.839919554589949 1.2158565285354717
60549.2325 lsst_hardware_r -11.915666584280046 25.030000686645508 31.5 AB 4.7084504555733915 1.1778978791461119
60553.2169 lsst_hardware_u -0.09762520897298196 2.6700000762939453 28.309999465942383 AB 1.9888474867454862 1.1873716338779021
60553.234 lsst_hardware_g 4.330691286797983 15.329999923706055 31.40999984741211 AB 1.8632517774419364 1.1581984630567432
60557.2069 lsst_hardware_i -26.42087786700311 32.630001068115234 31.229999542236328 AB 2.593689899809028 1.185415859144894
60557.2247 lsst_hardware_z -47.743989606639715 43.189998626708984 30.940000534057617 AB 1.9801639978514185 1.1561876203881385
60568.2062 lsst_hardware_z 31.323423670959023 82.9800033569336 31.719999313354492 AB 3.4129389430937365 1.145441681362742
60571.1836 lsst_hardware_z -37.849982971294025 120.5 30.989999771118164 AB 7.077093028682386 1.1598464421981212
60571.2025 lsst_hardware_r -293.69490306689136 178.4600067138672 31.639999389648438 AB 6.972891139399114 1.1429095458775604
60574.1132 lsst_hardware_i 18.481519556428434 82.55000305175781 32.02000045776367 AB 4.439079150616711 1.3561341600661192
60574.1365 lsst_hardware_z 15.816676166701416 87.33999633789062 31.709999084472656 AB 4.236405614859964 1.252478932181615
60582.1451 lsst_hardware_g 8.161940078103026 15.819999694824219 31.420000076293945 AB 4.8357343170486375 1.172962722440764
