data/validation/pwv_sim_epoch_fit_epoch/59031158.ecsv
# %ECSV 0.9
# ---
# datatype:
# - {name: time, datatype: float64}
# - {name: band, datatype: string}
# - {name: flux, datatype: float64}
# - {name: fluxerr, datatype: float64}
# - {name: zp, datatype: float64}
# - {name: zpsys, datatype: string}
# - {name: pwv, datatype: float64}
# - {name: airmass, datatype: float64}
# meta: {SNID: '59031158', alt: 1024.0, c: 0.1388370245695114, dec: -29.484461, lat: -30.244573, lon: -70.7499537, ra: 149.414062, t0: 61122.0625,
#   x0: 2.393399657930126e-05, x1: 0.1018344983458519, z: 0.31775665283203125}
# schema: astropy-2.0
time band flux fluxerr zp zpsys pwv airmass
[from data line 132]
61421.2251 lsst_hardware_z -31.327549487098853 41.29999923706055 30.940000534057617 AB 5.4162185913592555 1.0695534343126492
61423.2192 lsst_hardware_r 58.35471514583583 32.369998931884766 31.579999923706055 AB 7.174660770477575 1.0705253313156633
61423.2383 lsst_hardware_g 18.564216039469635 13.470000267028809 31.43000030517578 AB 6.846602068704536 1.035115970675483
61425.2098 lsst_hardware_r -11.790335635096456 58.709999084472656 31.6299991607666 AB 10.797679329986432 1.0795880016650323
61425.2274 lsst_hardware_i -16.73742963352061 49.439998626708984 31.31999969482422 AB 10.341706830357545 1.0438260742223175
61427.214 lsst_hardware_z 124.92528999335137 64.41999816894531 30.979999542236328 AB 10.055508379130154 1.0584745662242268
61427.2322 lsst_hardware_i 37.91237123392191 72.05999755859375 31.329999923706055 AB 9.768472960860905 1.028260311669569
61429.2256 lsst_hardware_z 65.29198844198983 93.37000274658203 31.739999771118164 AB 10.198195773747514 1.0298087219779375
61433.111 lsst_hardware_g 15.514404267214989 13.619999885559082 31.280000686645508 AB 17.772116416154205 1.4346814463091184
61433.1296 lsst_hardware_r -19.308643692615366 31.81999969482422 31.520000457763672 AB 15.498177167669649 1.3081942405393474
61435.1263 lsst_hardware_i -27.164387191095365 32.470001220703125 31.219999313354492 AB 15.561471416056317 1.2956735657675045
61435.1455 lsst_hardware_z -5.216561804592361 43.38999938964844 30.93000030517578 AB 14.412888712783031 1.2004321616454838
61437.1288 lsst_hardware_r -23.73128244666686 23.059999465942383 31.450000762939453 AB 10.471462492920082 1.2528670127925439
61437.1481 lsst_hardware_u 2.036624905144137 2.609999895095825 28.34000015258789 AB 9.859925167828372 1.1678916396598604
61439.1253 lsst_hardware_g 6.812593215186208 13.569999694824219 31.360000610351562 AB 9.290455327372397 1.2430781505097726
61439.1447 lsst_hardware_i 0.642251649144372 31.079999923706055 31.239999771118164 AB 8.698131103053143 1.1601891074032158
61441.1248 lsst_hardware_z -53.33061562040843 43.279998779296875 30.940000534057617 AB 7.509566219500612 1.219547375006866
61441.1431 lsst_hardware_r 2.216166318923623 22.719999313354492 31.489999771118164 AB 7.329666558153021 1.1463948529513002
61444.1266 lsst_hardware_u 0.8003425653647328 2.619999885559082 28.34000015258789 AB 10.181909400914547 1.17712203328556
61444.1459 lsst_hardware_g -9.011064132072647 13.529999732971191 31.3799991607666 AB 9.503641822917546 1.1113745736491796
61446.1139 lsst_hardware_r -31.779137207113678 22.940000534057617 31.469999313354492 AB 4.265523590640158 1.2072236577283246
61446.1329 lsst_hardware_i -4.114788339797205 30.959999084472656 31.25 AB 3.9532390834536173 1.1347382911889061
61449.1173 lsst_hardware_z -40.74090313676193 42.900001525878906 30.940000534057617 AB 3.9708021460884755 1.1605442484549102
61449.1384 lsst_hardware_r -40.619684221507995 22.610000610351562 31.489999771118164 AB 4.057613297310775 1.0943108117255713
61451.1186 lsst_hardware_z -14.758611320046587 44.369998931884766 30.950000762939453 AB 1.7025722238950582 1.136879788923314
61451.1368 lsst_hardware_r 40.50682587928627 30.219999313354492 31.559999465942383 AB 3.102473456243964 1.084464942468082
61455.1093 lsst_hardware_r -144.7541357362083 82.05999755859375 31.6299991607666 AB 3.761974015879946 1.13156255647473
61455.1291 lsst_hardware_z 37.295451218937075 60.220001220703125 30.979999542236328 AB 3.26538314820321 1.0767365843712497
61459.1133 lsst_hardware_i 38.045352756625356 71.9000015258789 31.329999923706055 AB 7.180929259956112 1.0886106234378936
61459.1336 lsst_hardware_z 43.87669090094587 64.0199966430664 30.989999771118164 AB 7.984131984964735 1.0454881965449616
61461.1114 lsst_hardware_r 134.39313885074816 72.1500015258789 32.369998931884766 AB 8.29536594842057 1.07984456501179
61461.1313 lsst_hardware_g 44.420937423510246 74.01000213623047 32.470001220703125 AB 8.992435606080166 1.0401891967704067
61463.1035 lsst_hardware_r 38.62071476161649 22.739999771118164 31.489999771118164 AB 7.166763209498899 1.0857909566697823
61463.1236 lsst_hardware_i 23.432700630406238 33.97999954223633 31.270000457763672 AB 6.81122491169034 1.0439058832430883
61465.1104 lsst_hardware_z -67.99795416039656 41.22999954223633 30.950000762939453 AB 4.396163237170732 1.0581690304900064
61465.1298 lsst_hardware_i -3.7059756019675225 30.110000610351562 31.25 AB 4.164422884168665 1.0264784037881847
61467.0066 lsst_hardware_y 167.83212075417225 85.87999725341797 29.899999618530273 AB 8.152469927336016 1.5338607577302006
61467.0263 lsst_hardware_z -11.038445730082085 45.959999084472656 30.920000076293945 AB 7.315616265254684 1.37494354064427
61469.0054 lsst_hardware_y -49.55342410977969 73.04000091552734 29.920000076293945 AB 17.043575004426973 1.4951815952651086
61469.0263 lsst_hardware_u -0.7658333637174186 2.680000066757202 28.260000228881836 AB 15.31324811965593 1.338804696595221
61473.002 lsst_hardware_y 161.8218739859535 72.58000183105469 29.940000534057617 AB 15.63821842597127 1.4329898676781152
61473.0231 lsst_hardware_z -24.747547667607503 44.290000915527344 30.920000076293945 AB 14.106210990018335 1.2925173281427864
61475.0017 lsst_hardware_y -215.79250452441264 76.97000122070312 29.940000534057617 AB 11.224084126465616 1.3943539019999522
61475.0227 lsst_hardware_u -2.681439723453506 2.609999895095825 28.260000228881836 AB 10.223531582218612 1.2649493636877753
61477.999 lsst_hardware_y 12.844670810094238 78.5199966430664 29.950000762939453 AB 18.200520841607727 1.3564678816931335
61478.0213 lsst_hardware_i 11.428213507286168 33.310001373291016 31.219999313354492 AB 17.050261562131524 1.231065816760399
61480.0104 lsst_hardware_y -62.45274877736641 50.810001373291016 29.969999313354492 AB 10.22861731436934 1.2579262090312382
61480.0299 lsst_hardware_r 76.50195512972594 32.9900016784668 31.540000915527344 AB 9.55428154145552 1.170915667485051
61482.0181 lsst_hardware_y 42.03109195355663 73.33000183105469 30.75 AB 9.164387762882537 1.1964733680896322
61485.9916 lsst_hardware_z 42.63572163264821 97.81999969482422 30.969999313354492 AB 6.40475731547362 1.270575099779855
61486.0086 lsst_hardware_i 128.55144108464654 92.7699966430664 31.309999465942383 AB 6.293119844337538 1.1905258880698621
61487.9899 lsst_hardware_y 42.004532866032335 77.95999908447266 29.989999771118164 AB 6.979173123469772 1.2510841845423988
61488.0086 lsst_hardware_r 132.1238205292344 70.4800033569336 31.6200008392334 AB 5.598125296053582 1.1688329253687026
61490.9883 lsst_hardware_y -70.56832563484507 72.66999816894531 30.010000228881836 AB 7.438599247938531 1.2194424996620543
61491.004 lsst_hardware_r -19.84308599118499 23.31999969482422 31.489999771118164 AB 6.334616961349009 1.155512708614245
61492.9875 lsst_hardware_y -24.35685998987206 65.5 30.010000228881836 AB 9.11139407053376 1.1988676408597054
61493.0053 lsst_hardware_z -40.200154416112866 42.7599983215332 30.950000762939453 AB 7.360249375243543 1.132346057729776
61494.9859 lsst_hardware_y -51.05192540302062 67.93000030517578 30.020000457763672 AB 10.447754471646403 1.182876249266401
61495.0018 lsst_hardware_u 3.508149018042238 2.869999885559082 28.489999771118164 AB 6.7217009765532 1.1260702459673
61497.9834 lsst_hardware_y -58.09481717404408 65.47000122070312 30.020000457763672 AB 10.42665276573388 1.1609355897824278
61498.001 lsst_hardware_r -32.88783097828257 22.829999923706055 31.479999542236328 AB 6.948678334330497 1.1041039698626356
61499.9969 lsst_hardware_z 60.45232108207516 60.2400016784668 31.690000534057617 AB 10.219946600656973 1.100338781293817
61501.9889 lsst_hardware_y -47.885535238648586 49.81999969482422 30.030000686645508 AB 12.543496352185059 1.1074305196161054
61502.008 lsst_hardware_g -1.0257240265179737 13.359999656677246 31.399999618530273 AB 11.338350924274083 1.0609314215748562
61503.9801 lsst_hardware_y -36.79214453160255 61.529998779296875 30.030000686645508 AB 10.114517654079595 1.1172147629690274
61503.9981 lsst_hardware_i 18.9670318138635 30.459999084472656 31.25 AB 9.644136422238745 1.0703814009144001
61509.9775 lsst_hardware_y 38.958494165972056 56.68000030517578 30.040000915527344 AB 12.208299770773824 1.0800937601321616
61509.9955 lsst_hardware_z 65.10918385379279 46.27000045776367 30.959999084472656 AB 11.8117264095343 1.0435078657626875
61511.9755 lsst_hardware_y 94.16191918967402 59.029998779296875 30.049999237060547 AB 15.394351306647978 1.0720673635326887
61511.9919 lsst_hardware_i 58.67162446512978 59.34000015258789 31.329999923706055 AB 14.950858929295547 1.0404216373900868
61513.9841 lsst_hardware_z 172.5015621305355 95.63999938964844 31.739999771118164 AB 9.766654067587792 1.044319933090848
61516.9751 lsst_hardware_y -42.85808169924435 55.5 30.059999465942383 AB 9.555726036147771 1.0457130702722446
61516.9943 lsst_hardware_r 129.05373436211977 75.2699966430664 31.65999984741211 AB 9.330261910575002 1.0187821811563347
