data/validation/pwv_sim_epoch_fit_epoch/5919261.ecsv
# %ECSV 0.9
# ---
# datatype:
# - {name: time, datatype: float64}
# - {name: band, datatype: string}
# - {name: flux, datatype: float64}
# - {name: fluxerr, datatype: float64}
# - {name: zp, datatype: float64}
# - {name: zpsys, datatype: string}
# - {name: pwv, datatype: float64}
# - {name: airmass, datatype: float64}
# meta: {SNID: '5919261', alt: 1024.0, c: -0.03956787660717964, dec: -3.732834, lat: -30.244573, lon: -70.7499537, ra: 340.664062, t0: 62287.5625,
#   x0: 4.473948844596311e-06, x1: 0.9058350324630737, z: 0.6417807340621948}
# schema: astropy-2.0
time band flux fluxerr zp zpsys pwv airmass
62301.4119 lsst_hardware_u 2.879963324296738 2.825476022352614 28.420000076293945 AB 13.876727427914496 1.1190909216060076
62301.4309 lsst_hardware_y 365.27988051547493 52.399234678495695 30.020000457763672 AB 14.22190678973998 1.125662923382075
62303.4064 lsst_hardware_r 849.3684642256235 38.86716969883575 31.510000228881836 AB 7.83366175230219 1.1190945360431699
62303.4256 lsst_hardware_y 323.90473467628715 51.33731503291151 30.020000457763672 AB 7.853765424471116 1.1257861206910338
62305.3728 lsst_hardware_i 877.8058450008002 43.5404425016688 31.239999771118164 AB 5.038494313043662 1.1381497987034739
62305.3929 lsst_hardware_z 738.9445839168156 50.67869235828742 30.940000534057617 AB 5.2320960736080835 1.1210033010159226
62309.3785 lsst_hardware_r 549.9941711986036 34.91187731150106 31.5 AB 2.3576609436541274 1.1226956874543463
62309.3986 lsst_hardware_i 619.0243905617964 42.09351807340518 31.25 AB 2.352254491436424 1.120121186398297
62311.3741 lsst_hardware_z 624.9027609701837 58.76935776040957 30.959999084472656 AB 3.8240192871921863 1.122126264153818
62311.3931 lsst_hardware_i 723.807991908328 55.82816968422902 31.290000915527344 AB 4.3422015379611905 1.1201104592861753
62313.3863 lsst_hardware_z 1326.4419613126431 98.00672649299469 31.729999542236328 AB 6.0466283518127595 1.119745991076437
62318.3451 lsst_hardware_r 762.2832002612333 126.2755183782782 32.38999938964844 AB 9.756245675334709 1.129369386711058
62318.365 lsst_hardware_i 831.2634459977642 109.93398942296403 32.06999969482422 AB 9.626806079835225 1.119135791657199
62324.3613 lsst_hardware_r 195.38046084352516 28.93624642383919 31.510000228881836 AB 1.773505516576103 1.121525410988334
62324.3805 lsst_hardware_g 36.1660767146018 16.791167339899193 31.450000762939453 AB 1.6503816681810914 1.1385214152444982
62329.3328 lsst_hardware_z 344.38615218983017 46.45341604149861 30.940000534057617 AB 8.652682683058844 1.1194242056677601
62329.3531 lsst_hardware_i 249.06509847047056 35.848494862149536 31.239999771118164 AB 8.951587503641397 1.1246890382546724
62331.3235 lsst_hardware_u -2.013570782382678 2.8659724096114827 28.389999389648438 AB 6.792553684469278 1.1204212263041535
62331.3453 lsst_hardware_g 27.672689619235083 15.800036600724114 31.440000534057617 AB 6.402094117299315 1.1231744065437395
62333.291 lsst_hardware_g 5.570567669794802 15.658578452892014 31.440000534057617 AB 3.742885058345884 1.1458396015141235
62333.3137 lsst_hardware_r 90.98595813590094 26.962088290150124 31.5 AB 3.186622077408916 1.1223134811254694
62335.2931 lsst_hardware_i 206.8222002036558 35.15702851025955 31.229999542236328 AB 2.0437159737921164 1.1353977632178425
62335.3161 lsst_hardware_z 251.26799377614051 46.08366419905996 30.940000534057617 AB 2.0150733123790583 1.1194851735439213
62349.2865 lsst_hardware_z 203.5309695101022 49.937174945702 30.959999084472656 AB 4.945227194544141 1.1194417448176472
62350.2316 lsst_hardware_r 93.53811812748837 32.020015685131206 31.540000915527344 AB 2.097751038527736 1.1702934664031999
62350.25 lsst_hardware_z 225.14586872684416 47.28867123213449 30.950000762939453 AB 1.7071464334312463 1.1380976222874974
62353.2191 lsst_hardware_g -5.929221538960451 15.3293605814571 31.40999984741211 AB 1.2585394772055525 1.1803418309079037
62353.2382 lsst_hardware_r 95.47698398912776 26.032558133951618 31.489999771118164 AB 1.1888361505064817 1.1431116831793093
62355.2313 lsst_hardware_i 111.75951403180392 34.321435143720834 31.25 AB 3.6442934883373157 1.1452839372524561
62355.2504 lsst_hardware_z 94.08587221615609 44.92233662425573 30.940000534057617 AB 4.739341645225049 1.1242656019985884
62357.2538 lsst_hardware_r 54.16741745495117 25.877273291248205 31.5 AB 3.6490506036583494 1.1200278095943368
62357.2717 lsst_hardware_g -11.596911338661574 15.421879470698928 31.43000030517578 AB 3.7568211027272937 1.121773993050849
62361.242 lsst_hardware_r 99.0678990419773 36.78318913128936 32.27000045776367 AB 3.9468076406655657 1.1202973717472182
62361.262 lsst_hardware_i 18.631824052958173 33.97351024195899 31.25 AB 3.81614902027756 1.1223967706698705
62363.2423 lsst_hardware_z 90.91587151922899 44.72847070776982 30.950000762939453 AB 4.86043180805214 1.1191415629869077
62363.2622 lsst_hardware_i 76.68292866888414 34.160176325402716 31.25 AB 5.292814672114147 1.1261307813008823
62368.1888 lsst_hardware_y 243.57957393784278 74.4076505092474 30.760000228881836 AB 2.5101719678449266 1.1572945909842907
62368.2091 lsst_hardware_r 337.41555856833673 88.15095861194555 32.369998931884766 AB 2.0243257064456124 1.128911073396568
62370.2156 lsst_hardware_i 28.71264044477882 88.58000183105469 31.329999923706055 AB 2.214934446908886 1.1209655165495607
62370.2355 lsst_hardware_z 61.35703450063487 76.91000366210938 30.989999771118164 AB 2.236446758106866 1.1214475407330404
62373.1782 lsst_hardware_r -199.6098565023654 164.82000732421875 31.639999389648438 AB 4.425867429734294 1.151769803018987
62373.2052 lsst_hardware_i -139.59997426457173 134.1199951171875 31.329999923706055 AB 4.3371342816329195 1.1219628218417486
62377.1831 lsst_hardware_z 31.78970562569102 73.94000244140625 31.709999084472656 AB 6.075931902788855 1.1302832690012907
62377.2012 lsst_hardware_i -36.32309574989702 70.9800033569336 32.040000915527344 AB 6.023053854733628 1.119544079939335
62379.1441 lsst_hardware_r -14.81025592859056 25.270000457763672 31.489999771118164 AB 5.560231840388955 1.1906278030811466
62379.1613 lsst_hardware_u -2.1597928797351296 2.7300000190734863 28.350000381469727 AB 5.374546011066395 1.1526764393193585
62384.16 lsst_hardware_i 18.07081411544978 32.619998931884766 31.25 AB 1.5929816394293645 1.1346023072858722
62384.1792 lsst_hardware_z 90.18847753593498 42.939998626708984 30.940000534057617 AB 2.4097738139922864 1.1203039581554097
62386.165 lsst_hardware_r 3.9993379530946354 25.049999237060547 31.510000228881836 AB 2.2529674048430692 1.1247965076600446
62386.184 lsst_hardware_g 8.586961251431475 15.859999656677246 31.459999084472656 AB 2.5636045467106734 1.1192335938487987
62388.1574 lsst_hardware_r -15.655499242576102 25.0 31.489999771118164 AB 3.729619942854077 1.1264047344587351
62388.1742 lsst_hardware_i -3.8677714893626347 32.54999923706055 31.239999771118164 AB 3.6064133347371783 1.1191352473969995
62391.1355 lsst_hardware_i -2.3084131699743855 32.689998626708984 31.25 AB 3.9758971307549267 1.1415970513975815
62391.1546 lsst_hardware_z -10.969736510816226 43.150001525878906 30.950000762939453 AB 3.8849512555966466 1.122737159337229
62394.1308 lsst_hardware_r -47.51597781154919 33.43000030517578 31.559999465942383 AB 1.5827703886196365 1.1369115685042988
62394.1493 lsst_hardware_z 69.58736946856415 44.7599983215332 30.950000762939453 AB 1.5337427785580833 1.1212936117155956
62397.1153 lsst_hardware_y 98.26937050283551 53.77000045776367 30.030000686645508 AB 1.721073453366615 1.14738230224441
62397.1322 lsst_hardware_r -42.646976755933885 73.69000244140625 31.639999389648438 AB 2.5855194842164653 1.1269153643250611
62402.1136 lsst_hardware_z 128.28070768360925 93.0199966430664 30.989999771118164 AB 1.4710180710793601 1.1315523623687385
62402.1358 lsst_hardware_r -140.2586153662124 137.6300048828125 31.639999389648438 AB 1.4739197015519843 1.1191493557725494
62405.1068 lsst_hardware_i -53.739430434283236 50.970001220703125 31.299999237060547 AB 4.187724346110921 1.1301374567834086
62405.1256 lsst_hardware_z 51.00548877179164 54.13999938964844 30.959999084472656 AB 3.245117893270506 1.1193921673923788
62408.0962 lsst_hardware_r -31.323446300570595 24.65999984741211 31.489999771118164 AB 4.213147589823508 1.1326426748635325
62412.0992 lsst_hardware_i 50.11008732551763 32.25 31.239999771118164 AB 4.0419669935265885 1.121729970451412
62412.1186 lsst_hardware_z 3.434308854223354 42.84000015258789 30.940000534057617 AB 3.932768809237818 1.1205533695236818
62415.0695 lsst_hardware_z 59.80196287999178 43.2400016784668 30.940000534057617 AB 4.315124284007001 1.1422723773070682
62415.088 lsst_hardware_r 39.108961451309085 24.479999542236328 31.5 AB 3.8346055887677273 1.123364754289652
62417.0709 lsst_hardware_u -2.47163480839432 2.6600000858306885 28.329999923706055 AB 6.112122579406497 1.133448786167176
62417.0902 lsst_hardware_r -5.421109355926132 24.350000381469727 31.489999771118164 AB 10.592426047552276 1.119973148745525
62419.0674 lsst_hardware_i 6.3470942235464936 32.18000030517578 31.239999771118164 AB 2.7379951692538453 1.1313250475534102
62419.0841 lsst_hardware_z -18.421832905529538 42.849998474121094 30.940000534057617 AB 3.569200191974984 1.120159072698426
62421.0674 lsst_hardware_r -26.1926720861154 25.6299991607666 31.510000228881836 AB 6.026297033707576 1.126322940650898
62421.0867 lsst_hardware_u 0.05629799358069949 3.119999885559082 28.5 AB 6.461862881292026 1.1190987815774904
62426.039 lsst_hardware_r 61.85313630523578 84.29000091552734 31.6299991607666 AB 8.076269683496784 1.142949220486877
62426.0575 lsst_hardware_i 71.4850124618658 72.04000091552734 31.31999969482422 AB 7.3067356491982665 1.1236521912853599
62428.0398 lsst_hardware_z 112.70215799072123 85.25 30.989999771118164 AB 4.605644428852669 1.1346746560365693
62428.0577 lsst_hardware_r -219.10337089105903 119.69999694824219 31.639999389648438 AB 4.25011674260114 1.1207867467578303
62430.0399 lsst_hardware_z -83.22355144867562 80.08999633789062 30.989999771118164 AB 3.7494283526350833 1.1288358731401726
62430.0567 lsst_hardware_r -99.4110299154602 116.58000183105469 31.639999389648438 AB 3.2135384225776518 1.1195047631348873
62431.0124 lsst_hardware_i -55.772588083388946 86.58999633789062 31.309999465942383 AB 4.870837545002818 1.1660625332170274
62434.0351 lsst_hardware_r 21.4082436895295 24.579999923706055 31.510000228881836 AB 4.067408979871843 1.1240076399793226
62434.0536 lsst_hardware_u 2.807397473892834 3.7899999618530273 28.649999618530273 AB 4.2550005613955895 1.119319699602058
62436.0343 lsst_hardware_g -6.625244121597986 15.350000381469727 31.440000534057617 AB 4.805254683546637 1.1214348043050164
62436.0533 lsst_hardware_r 54.91937514617009 24.530000686645508 31.5 AB 3.254979508477136 1.1206356075663646
62656.4172 lsst_hardware_g -13.174348932540063 16.700000762939453 31.469999313354492 AB 12.667415615967842 1.1317265805385264
62656.4371 lsst_hardware_y 141.410610856564 61.09000015258789 30.040000915527344 AB 12.509294351870569 1.1194834232414559
62673.3724 lsst_hardware_z -61.26394091643366 62.290000915527344 30.969999313354492 AB 3.8070036834209784 1.1300938577873034
62673.4009 lsst_hardware_i -53.99660886647679 64.48999786376953 31.309999465942383 AB 3.407921189494546 1.1198601860434076
62679.3524 lsst_hardware_r -25.50588895986422 24.760000228881836 31.489999771118164 AB 8.164434750598563 1.133949270916467
62679.374 lsst_hardware_i 5.665460252699865 32.45000076293945 31.239999771118164 AB 8.06078825520421 1.119553924333918
62681.3704 lsst_hardware_z -21.7009276293041 42.93000030517578 30.940000534057617 AB 2.3538130573505636 1.1192644114838628
62681.3929 lsst_hardware_u -4.183281961381962 2.759999990463257 28.389999389648438 AB 2.6313234728157675 1.1275489813523287
62683.3717 lsst_hardware_g 8.806788283468379 15.510000228881836 31.43000030517578 AB 9.68294392184418 1.119458621354678
62683.3915 lsst_hardware_r 5.324125828444175 24.700000762939453 31.489999771118164 AB 10.974631986308651 1.1314053594132631
62687.3352 lsst_hardware_r 14.156596872465471 24.709999084472656 31.489999771118164 AB 5.153683790824942 1.12912081884726
62687.3555 lsst_hardware_i -2.3383597580342594 32.369998931884766 31.239999771118164 AB 5.116344910453391 1.1191421605074863
62689.3398 lsst_hardware_z -9.7313581183021 42.56999969482422 30.940000534057617 AB 1.7491003867519124 1.1219373872687803
62689.3613 lsst_hardware_i -24.338092882407786 32.02000045776367 31.239999771118164 AB 1.7730992553876286 1.1212685004559935
62703.2567 lsst_hardware_r -10.387919619682162 49.529998779296875 31.59000015258789 AB 5.720476609736174 1.1907736489875467
62703.2795 lsst_hardware_z -108.7679840401266 50.470001220703125 30.959999084472656 AB 5.471366675767984 1.143680325202338
62705.142 lsst_hardware_r 25.76249660868324 25.940000534057617 31.270000457763672 AB 12.46305156679605 2.148801994275181
62705.165 lsst_hardware_i 9.587130356696624 35.939998626708984 31.139999389648438 AB 10.203965563205497 1.7593044074492237
62708.2806 lsst_hardware_z -26.106109531311024 60.29999923706055 31.68000030517578 AB 11.84500951654638 1.1267369062603572
62708.3052 lsst_hardware_i -99.37078120022096 45.13999938964844 31.989999771118164 AB 9.5888214800645 1.119840565252005
62712.265 lsst_hardware_r -8.76135603354117 24.3700008392334 31.479999542236328 AB 4.977707804161389 1.1310401736335804
62712.2855 lsst_hardware_i -30.834754840554936 32.099998474121094 31.239999771118164 AB 4.931405390961445 1.1193112162427385
62721.2308 lsst_hardware_r -39.32067907020685 38.560001373291016 31.579999923706055 AB 3.543395570517286 1.1430308291991245
62721.2526 lsst_hardware_g -33.606508383190906 28.670000076293945 31.6200008392334 AB 3.440774347565091 1.121869692717669
62724.2263 lsst_hardware_r -79.87647453429891 80.72000122070312 31.6299991607666 AB 7.329781284107956 1.1379291995613676
62724.2461 lsst_hardware_i 29.607960230580545 65.7300033569336 31.309999465942383 AB 7.182952778313754 1.1211101573768931
62734.2084 lsst_hardware_g -23.253899783831258 15.569999694824219 31.43000030517578 AB 1.5718258245092116 1.1277674077200324
62734.2274 lsst_hardware_r 0.9248248107471467 26.020000457763672 31.510000228881836 AB 1.6185702342220087 1.1191496865839299
62737.2052 lsst_hardware_i -14.87371409485572 32.5 31.25 AB 3.3623017291441157 1.1239830835370472
62737.2246 lsst_hardware_z 29.967151400589582 42.9900016784668 30.950000762939453 AB 2.8818808554279456 1.1195393417007233
62739.1859 lsst_hardware_r 2.99995903649525 25.15999984741211 31.510000228881836 AB 2.4640758473875537 1.13722203640824
62739.2042 lsst_hardware_g 3.4499426729497418 15.869999885559082 31.459999084472656 AB 2.437633366103673 1.1215244380509193
62741.1871 lsst_hardware_r -39.574328677429 24.93000030517578 31.489999771118164 AB 4.858041612405285 1.1297771191640198
62741.2033 lsst_hardware_i -26.889006053497596 32.47999954223633 31.239999771118164 AB 4.815578089125566 1.119901881191992
62745.1797 lsst_hardware_u -0.8606599279596675 2.819999933242798 28.43000030517578 AB 1.7136354395310074 1.1266505190872498
62746.0979 lsst_hardware_g 13.187226798942165 22.780000686645508 32.130001068115234 AB 3.968168413245482 1.3602816933938693
62746.1141 lsst_hardware_r -20.49565147131551 25.559999465942383 31.479999542236328 AB 3.7165270040120335 1.2784017671313537
62750.1699 lsst_hardware_r -13.580558295025876 41.310001373291016 31.59000015258789 AB 0.74933388560899 1.123860345869728
62750.1903 lsst_hardware_z 14.903186242095542 47.11000061035156 30.950000762939453 AB 0.6979132259674822 1.1197965920055872
62752.1645 lsst_hardware_r -59.97979085459179 72.81999969482422 31.639999389648438 AB 3.0017285088420596 1.1238219800981128
62752.1848 lsst_hardware_i 79.555218380963 61.189998626708984 31.309999465942383 AB 2.8437007250150628 1.1197876452116806
62756.1318 lsst_hardware_r 84.43859697911061 163.64999389648438 31.639999389648438 AB 3.965058104315594 1.1483768313128937
62756.1496 lsst_hardware_z -28.44392653253981 109.37999725341797 30.989999771118164 AB 3.899810917158014 1.1267059348957786
62759.1278 lsst_hardware_g -162.90561128815023 68.69000244140625 31.690000534057617 AB 1.540296611318865 1.1419473208838737
62759.1467 lsst_hardware_r 36.61298626077515 69.66999816894531 31.6299991607666 AB 1.516455648864532 1.1230231909637851
62761.1313 lsst_hardware_i 49.04065098626134 32.54999923706055 31.25 AB 0.6469118709155671 1.1309648092913127
62761.1491 lsst_hardware_z -8.914238869443707 46.060001373291016 30.950000762939453 AB 0.6300758619698782 1.1198030722213475
62763.1407 lsst_hardware_r 0.35695954342380226 24.850000381469727 31.5 AB 8.341331748231388 1.1206948472701046
62763.1605 lsst_hardware_g -17.950626481960448 15.609999656677246 31.440000534057617 AB 8.321102156976291 1.121858122211863
62766.1059 lsst_hardware_u -2.107935380383885 2.809999942779541 28.420000076293945 AB 3.731990400945844 1.1461300304895872
62766.1254 lsst_hardware_r 16.76774447528167 24.75 31.5 AB 3.8043982757691306 1.1243973033158703
62770.1637 lsst_hardware_g 6.647387387361514 15.460000038146973 31.43000030517578 AB 3.294348673958875 1.143738690183616
62770.1854 lsst_hardware_r 25.262147757545176 24.84000015258789 31.489999771118164 AB 4.018652220128755 1.1879545411032433
62773.1024 lsst_hardware_i -41.64063699275316 32.2599983215332 31.25 AB 4.183337885077675 1.1273564333565116
62773.1218 lsst_hardware_z -5.34986378644306 42.86000061035156 30.940000534057617 AB 4.157670861556768 1.1191325977138515
62775.0999 lsst_hardware_r 10.374683935062617 24.579999923706055 31.5 AB 7.113451600417569 1.1250417693150596
62775.1193 lsst_hardware_g 7.183328172156377 15.34000015258789 31.440000534057617 AB 7.086874710768514 1.119304226607994
62782.0733 lsst_hardware_y 53.86649536743923 111.54000091552734 31.229999542236328 AB 5.294422323820032 1.1316495295116025
62782.0987 lsst_hardware_r -322.7668466307062 203.55999755859375 32.84000015258789 AB 10.177650354479656 1.1191712798276858
62784.0714 lsst_hardware_i -61.580000486622886 113.66999816894531 31.329999923706055 AB 2.7708461587270614 1.1281946900354485
62784.0918 lsst_hardware_z 153.7643501967835 95.41999816894531 30.989999771118164 AB 3.5482093366961647 1.1191324197117694
62786.0645 lsst_hardware_r 61.62304936290971 103.16000366210938 31.639999389648438 AB 6.120126175867346 1.1295219026516174
62786.0824 lsst_hardware_z 69.52241533173931 72.16000366210938 30.979999542236328 AB 5.995285928170978 1.119480761503848
62788.0645 lsst_hardware_r -45.351547517775565 47.58000183105469 31.600000381469727 AB 8.099802462424295 1.1249725642255965
62788.0829 lsst_hardware_i 5.9415973135985825 50.790000915527344 31.299999237060547 AB 8.058323335496414 1.119211574374502
62790.0681 lsst_hardware_z 21.020400054560117 42.689998626708984 30.940000534057617 AB 9.193639002177006 1.1203102078285478
62790.0859 lsst_hardware_i -25.039239516710307 32.09000015258789 31.25 AB 8.734966551968402 1.1214490373563233
62792.0658 lsst_hardware_u -0.6858211469539306 2.759999990463257 28.420000076293945 AB 6.351405676644062 1.1195192144495998
62792.0831 lsst_hardware_g -4.857702580291511 15.319999694824219 31.440000534057617 AB 6.726270880831191 1.1227917116900497
62795.0371 lsst_hardware_g -14.91199871728007 15.34000015258789 31.440000534057617 AB 3.766169388257791 1.1323987135828988
62795.0555 lsst_hardware_r -13.485625622333965 24.5 31.5 AB 3.4005964596558993 1.1199988339751148
62800.0401 lsst_hardware_r 32.43240366762238 24.59000015258789 31.510000228881836 AB 4.205388636751027 1.1205405373703776
62800.0564 lsst_hardware_i -27.81743540672295 32.2599983215332 31.25 AB 2.4350014497317636 1.1205713068255312
62802.04 lsst_hardware_z -25.804767065668006 43.09000015258789 30.950000762939453 AB 4.027213119386248 1.119292139907304
62802.0567 lsst_hardware_i -15.237535477914841 32.45000076293945 31.260000228881836 AB 3.092492916342546 1.1233174414608966
62804.0382 lsst_hardware_u -3.1967911374797175 3.009999990463257 28.540000915527344 AB 5.080934926555293 1.1191486622369253
62804.0556 lsst_hardware_g -7.3280327601554704 16.010000228881836 31.469999313354492 AB 5.849935258321987 1.1263593976616368
62808.0138 lsst_hardware_y 27.003409263788534 53.290000915527344 30.030000686645508 AB 3.224254005615474 1.1225208328706537
62808.0319 lsst_hardware_r -70.25073956997147 52.54999923706055 31.6200008392334 AB 3.1824378051660593 1.1197881087846797
62814.0209 lsst_hardware_z -64.01615822332397 100.04000091552734 31.739999771118164 AB 9.604475286504744 1.1216905444093133
