data/validation/pwv_sim_epoch_fit_epoch/59218409.ecsv
# %ECSV 0.9
# ---
# datatype:
# - {name: time, datatype: float64}
# - {name: band, datatype: string}
# - {name: flux, datatype: float64}
# - {name: fluxerr, datatype: float64}
# - {name: zp, datatype: float64}
# - {name: zpsys, datatype: string}
# - {name: pwv, datatype: float64}
# - {name: airmass, datatype: float64}
# meta: {SNID: '59218409', alt: 1024.0, c: -0.08847405761480331, dec: -7.331168, lat: -30.244573, lon: -70.7499537, ra: 30.9375, t0: 60192.03515625,
#   x0: 1.4168647234880682e-05, x1: -1.2350702285766602, z: 0.39721524715423584}
# schema: astropy-2.0
time band flux fluxerr zp zpsys pwv airmass
60151.3886 lsst_hardware_r 173.2092604834432 82.51000213623047 31.6299991607666 AB 7.740773046816557 1.1400954472144669
60151.4089 lsst_hardware_y -60.84998497452775 113.11000061035156 30.059999465942383 AB 7.361244074134414 1.1052919030231854
60159.381 lsst_hardware_z -290.9260936313293 105.8499984741211 31.0 AB 3.0641372726427565 1.1136917637422183
60159.4002 lsst_hardware_y 80.23000893203596 113.26000213623047 30.059999465942383 AB 3.023039833049387 1.0925333693709387
60161.4184 lsst_hardware_r 47.44466330432624 82.80000305175781 31.639999389648438 AB 1.196181449552554 1.0874376814114126
60163.3999 lsst_hardware_z 80.20445684870575 149.61000061035156 31.75 AB 3.3929384515451875 1.0874512277594681
60166.3959 lsst_hardware_g -2.0832717134130485 125.70138184973221 32.470001220703125 AB 5.650853407390539 1.0867025783443343
60166.4181 lsst_hardware_y 42.86291795823167 113.32543392593995 30.059999465942383 AB 5.421481043401191 1.0945484794376374
60175.3285 lsst_hardware_z 214.50719807584977 107.72927935736902 30.989999771118164 AB 3.0354392253715154 1.1289056810406677
60175.3534 lsst_hardware_i 825.257146947268 91.2180987882332 31.329999923706055 AB 2.553601248768133 1.0949088857405824
60180.3529 lsst_hardware_r 2673.548175092818 97.4320507235707 31.639999389648438 AB 3.497596454368531 1.087617451475055
60180.3736 lsst_hardware_i 1817.02513136081 96.92970936492918 31.329999923706055 AB 3.4919638580117915 1.0903017275815445
60182.3069 lsst_hardware_z 1320.6091706388625 112.34409073986134 30.989999771118164 AB 3.0750505304905578 1.1338681897089076
60182.3241 lsst_hardware_u 136.8927463712396 29.34838062202444 29.440000534057617 AB 3.0022002316566385 1.105511316431805
60195.2737 lsst_hardware_g 2634.5347260120916 101.5792990876038 31.690000534057617 AB 3.1835681929412987 1.129291977749729
60195.2884 lsst_hardware_r 5302.358528130417 109.78325759897436 31.639999389648438 AB 3.120041378127895 1.1057767960522569
60196.2722 lsst_hardware_i 3651.6904308405387 105.39799227025313 31.31999969482422 AB 4.84583952769127 1.1269394250444815
60196.289 lsst_hardware_z 2357.588288135397 116.01385891371463 30.989999771118164 AB 4.7377154408855 1.1017942885780234
60201.2652 lsst_hardware_r 3978.1595825730988 104.09791749732892 31.639999389648438 AB 2.3011874989310117 1.1154568584251146
60201.2819 lsst_hardware_i 3246.0005148103087 104.11618823382234 31.329999923706055 AB 2.273936018253032 1.0953449028193796
60206.2284 lsst_hardware_i 2368.220071988467 100.25673258957706 31.31999969482422 AB 6.883774949476825 1.1648330333594128
60206.2469 lsst_hardware_z 1532.9990029255391 112.76092743335644 30.989999771118164 AB 6.715632889864974 1.1232659829166776
60209.2716 lsst_hardware_g 614.9756453821134 92.72952857712346 31.709999084472656 AB 1.677104208785966 1.088322004403612
60209.2932 lsst_hardware_r 2152.4618429055076 95.32388351514547 31.639999389648438 AB 2.184050021063206 1.0896640717095656
60211.2199 lsst_hardware_i 2031.3895643414737 97.60457545855498 31.309999465942383 AB 4.43974811750724 1.1514865006070478
60211.2359 lsst_hardware_z 1426.0690960771917 111.93530433852096 30.989999771118164 AB 4.26333010728196 1.1186906605305589
60215.227 lsst_hardware_z 1287.4822727401754 111.4278214772867 30.989999771118164 AB 4.10660997717627 1.1154214514737057
60215.2466 lsst_hardware_r 1433.0691491124217 90.64947761250899 31.639999389648438 AB 4.116239167376548 1.0930486835253772
60223.2171 lsst_hardware_r 871.9944523251468 87.2749189015282 31.639999389648438 AB 5.285757242715535 1.0998246447599762
60223.2365 lsst_hardware_u 26.414752733128477 28.165000475208956 29.459999084472656 AB 5.263519780065918 1.0873543134692505
60232.1319 lsst_hardware_u 73.97440344164 38.654890962238476 30.06999969482422 AB 7.690466540737955 1.254562241555947
60232.1538 lsst_hardware_r 796.672808051069 120.12507438863915 32.380001068115234 AB 7.224738080088399 1.1750726072250042
60236.1818 lsst_hardware_i 715.1478488542797 91.29545874264302 31.329999923706055 AB 2.841695751420571 1.099621070492671
60236.2003 lsst_hardware_z 392.1338577536119 108.4018305905843 31.0 AB 2.799048052006681 1.0875368827612604
60238.17 lsst_hardware_r 360.37129657821004 84.97918860082667 31.639999389648438 AB 2.8724667340256187 1.1070658019112096
60238.1867 lsst_hardware_z 512.0164599264384 108.22272341617364 31.0 AB 2.7241603084413164 1.0911189486415627
60240.166 lsst_hardware_y 311.53548537343534 113.73625523147837 30.059999465942383 AB 5.329070129621364 1.105195837604237
60240.1835 lsst_hardware_r 295.8163669808659 85.19123970747397 31.649999618530273 AB 3.546383986069023 1.0898537142192606
60242.1652 lsst_hardware_i 566.8747337178504 90.6827585985808 31.329999923706055 AB 4.8291574831627075 1.0998479720236194
60242.182 lsst_hardware_z 468.1252106272891 108.00546996191572 31.0 AB 4.981135583941883 1.0881385532531602
60244.1426 lsst_hardware_z 372.27132585608433 107.62080158654554 30.989999771118164 AB 4.066050377650325 1.1242535606406427
60244.1599 lsst_hardware_r 288.7980294358263 84.83560106024905 31.639999389648438 AB 4.06423299000521 1.0996797267206881
60246.1376 lsst_hardware_z 376.2320645775677 107.58093991393238 30.989999771118164 AB 3.217481296947464 1.1234222405542822
60246.1546 lsst_hardware_r 422.697600350598 84.86013986770824 31.639999389648438 AB 3.159449083186467 1.0995124702232355
60262.1196 lsst_hardware_r -73.35780967364909 82.8499984741211 31.639999389648438 AB 3.1816082200428584 1.092116440416674
60262.1372 lsst_hardware_i -72.3037202338764 87.58000183105469 31.329999923706055 AB 5.42962328890748 1.0866128459172435
60267.1061 lsst_hardware_r 84.55668559747534 82.91000366210938 31.639999389648438 AB 4.90614642014747 1.0920141161086485
60267.1258 lsst_hardware_z -150.31545555569224 106.0 31.0 AB 5.13526185037625 1.0868087371389394
60269.1195 lsst_hardware_g -44.65152108074603 88.76000213623047 31.709999084472656 AB 3.5491989964907424 1.086711266531152
60269.1434 lsst_hardware_i 27.127518091438898 87.43000030517578 31.329999923706055 AB 3.2266838416811727 1.100693788736542
60273.1053 lsst_hardware_y 35.36911482687206 160.4600067138672 30.81999969482422 AB 5.628325687340322 1.086601802662353
60275.0725 lsst_hardware_g -0.5006542075699473 88.61000061035156 31.709999084472656 AB 4.07706324508977 1.1027037265840858
60275.0904 lsst_hardware_r -12.448986156710367 82.86000061035156 31.639999389648438 AB 4.154312803343802 1.0887039449688933
60277.0707 lsst_hardware_i 116.92671490647034 87.37000274658203 31.329999923706055 AB 5.946429312152677 1.0987489490303022
60277.0905 lsst_hardware_z 273.25555224622 105.81999969482422 31.0 AB 5.441764610669292 1.0870303685188047
60279.072 lsst_hardware_r -5.081568740810996 82.69999694824219 31.639999389648438 AB 9.122356055764085 1.092934032240106
60279.0921 lsst_hardware_u -31.821528248037076 27.989999771118164 29.459999084472656 AB 9.657226189469748 1.0866994333664877
60281.0714 lsst_hardware_g -48.47236329220139 88.58000183105469 31.709999084472656 AB 7.221077727458317 1.0899236343194232
60281.0913 lsst_hardware_i -96.28930913000796 87.55000305175781 31.329999923706055 AB 7.124899750654642 1.0875789322612466
60283.0684 lsst_hardware_z 28.9350208456682 105.87999725341797 31.0 AB 1.667447294307976 1.0887674138474046
60283.0856 lsst_hardware_r -40.32398342287066 82.91000366210938 31.639999389648438 AB 4.075451430138975 1.087512056074503
60285.0665 lsst_hardware_u 25.280961470523263 27.940000534057617 29.450000762939453 AB 4.9604924172074245 1.0875291679268646
60285.0862 lsst_hardware_g 102.20659796806635 88.5 31.709999084472656 AB 6.15508071662532 1.0899092285371244
60291.0409 lsst_hardware_z -54.57518388551385 105.88999938964844 31.0 AB 11.608182055446992 1.091789795710847
60291.0598 lsst_hardware_r -40.695630868968315 82.88999938964844 31.639999389648438 AB 12.434535402569596 1.0867449224409715
60292.0429 lsst_hardware_y -25.392918941722513 49.790000915527344 30.030000686645508 AB 8.60444739128619 1.0891705558590112
60292.0627 lsst_hardware_z 22.44903285229796 42.02000045776367 30.950000762939453 AB 8.595384612589598 1.0880233686822276
60296.0346 lsst_hardware_y -19.36540767799806 64.58999633789062 30.049999237060547 AB 3.872857986569545 1.0881106937050067
60296.0498 lsst_hardware_i 7.581171545148199 33.630001068115234 31.260000228881836 AB 4.418764373173156 1.0874281710774345
60520.4259 lsst_hardware_y -90.65137534509769 74.47000122070312 30.790000915527344 AB 4.083007682989844 1.086821618292847
60527.3659 lsst_hardware_z -29.659251560804396 42.810001373291016 30.93000030517578 AB 2.9547068205106717 1.1266398222530793
60527.3869 lsst_hardware_y -45.72860007220032 47.939998626708984 30.020000457763672 AB 3.1770994439293507 1.0973173303923616
60531.4132 lsst_hardware_i 36.63537891234577 31.81999969482422 31.25 AB 5.6717750119242005 1.090725963831577
60531.434 lsst_hardware_y 55.50250076303211 71.47000122070312 30.040000915527344 AB 5.518309974572369 1.1117779741255907
60535.3573 lsst_hardware_u 2.2871346262805883 4.019999980926514 29.25 AB 3.8705747248567155 1.1058784928162044
60535.3766 lsst_hardware_g -3.82508183998704 20.850000381469727 32.20000076293945 AB 3.7503392669632687 1.0892649628124509
60537.3522 lsst_hardware_r -18.994859474299474 23.5 31.489999771118164 AB 6.068779347392155 1.105424289142469
60537.371 lsst_hardware_i -4.983013064023257 31.200000762939453 31.25 AB 5.941208082822872 1.089330414892349
60541.3669 lsst_hardware_z 20.165644558687212 62.970001220703125 30.979999542236328 AB 2.913403999521038 1.0870910445974022
60541.3866 lsst_hardware_r 9.831905466588966 87.41999816894531 31.649999618530273 AB 1.7714702972911207 1.091142776280333
60546.3575 lsst_hardware_r -6.480167756347792 67.51000213623047 31.639999389648438 AB 2.168940810480877 1.08664369262569
60546.376 lsst_hardware_z 17.237920286517483 57.7400016784668 30.979999542236328 AB 2.3732927770669074 1.0931795380317397
60553.2831 lsst_hardware_r 34.96628895081888 23.739999771118164 31.479999542236328 AB 1.8462831440540888 1.152246605400929
60553.2997 lsst_hardware_i -42.43750239956608 31.559999465942383 31.239999771118164 AB 1.778530219674526 1.1182208234355102
60555.2852 lsst_hardware_i 2.393288571803586 31.59000015258789 31.229999542236328 AB 1.4025621306564082 1.1350651178767803
60555.306 lsst_hardware_z 15.440132892094027 42.209999084472656 30.940000534057617 AB 1.7228595029866696 1.1019248500074637
60557.2795 lsst_hardware_r -15.914414381760364 23.43000030517578 31.479999542236328 AB 2.6640372358110547 1.135565744164985
60557.298 lsst_hardware_u -1.3710317607431015 2.6700000762939453 28.3799991607666 AB 2.0548890105161357 1.104927549679331
60559.2622 lsst_hardware_g -10.89116146572033 14.520000457763672 31.40999984741211 AB 2.226250435951483 1.163951081884959
60559.2809 lsst_hardware_i 25.78319206860749 31.489999771118164 31.239999771118164 AB 2.2308562121249604 1.1223492598314408
60566.2347 lsst_hardware_y -25.732452250941357 49.790000915527344 30.010000228881836 AB 1.4310252015507712 1.1887236895064883
60566.2518 lsst_hardware_g 62.25263066246242 39.84000015258789 31.65999984741211 AB 2.328511398209282 1.1423604570119126
60568.2672 lsst_hardware_r 51.59605360741645 59.56999969482422 31.6299991607666 AB 4.518674640557875 1.1058919825153881
60568.2843 lsst_hardware_i -80.25081151743207 50.40999984741211 31.309999465942383 AB 4.404799366233059 1.0903868387407523
60571.2592 lsst_hardware_i 83.20398372035052 99.56999969482422 31.329999923706055 AB 6.109273443994722 1.1056507906967814
60571.2803 lsst_hardware_z -51.543033220522766 84.0 30.989999771118164 AB 6.008439740354743 1.0884361650930199
60574.1938 lsst_hardware_z -171.65689999925007 100.12000274658203 31.719999313354492 AB 2.809825104424376 1.2617086234503745
60574.2161 lsst_hardware_i -42.20721369059722 105.19999694824219 32.060001373291016 AB 2.5780377323311967 1.1786662394925587
60578.2209 lsst_hardware_r -6.24776253477075 23.579999923706055 31.479999542236328 AB 3.511524746111401 1.1382576162437188
60578.2353 lsst_hardware_u -0.7913320842964461 2.640000104904175 28.350000381469727 AB 3.456353037894713 1.1122019858075876
60580.2271 lsst_hardware_g -29.286691527640652 14.579999923706055 31.420000076293945 AB 4.17398501736679 1.1164119070187128
60580.2463 lsst_hardware_r 9.882471089042404 23.59000015258789 31.489999771118164 AB 4.1018823046113395 1.0938352812295395
60582.2218 lsst_hardware_i -39.35227010330896 31.600000381469727 31.239999771118164 AB 4.201490198256854 1.116155993426806
60582.2418 lsst_hardware_z -1.5022557143725401 42.18000030517578 30.940000534057617 AB 4.11804998480176 1.0931183183493955
60584.2163 lsst_hardware_r -5.576609010862708 23.700000762939453 31.489999771118164 AB 3.762773587763524 1.1162188038454992
60584.2349 lsst_hardware_u -1.3586840919238663 2.75 28.440000534057617 AB 3.6861101548701996 1.0942070960652646
60586.2156 lsst_hardware_g -16.749267540667013 14.710000038146973 31.420000076293945 AB 2.9104911149309713 1.1091458407435304
60586.2332 lsst_hardware_i 19.706010497916523 31.5 31.25 AB 2.8540197550676996 1.0915424866399077
60590.2052 lsst_hardware_u -2.654401478477663 2.7699999809265137 28.440000534057617 AB 4.560276866172502 1.108432699900421
60590.2226 lsst_hardware_g -25.38435115322021 14.869999885559082 31.450000762939453 AB 3.5868754330354657 1.0913414096456793
60592.2045 lsst_hardware_r -21.524000554761205 24.059999465942383 31.510000228881836 AB 3.757232055470685 1.1024741946803653
60592.2223 lsst_hardware_i -24.44126359124568 31.68000030517578 31.260000228881836 AB 2.8745230279743894 1.0886970185486484
60596.1792 lsst_hardware_r 3.8818720581982094 50.619998931884766 31.610000610351562 AB 8.995241539613215 1.123562520561405
60596.1978 lsst_hardware_z -41.31274631741588 48.849998474121094 30.959999084472656 AB 8.758818010506639 1.0980090272668925
60599.1785 lsst_hardware_z -10.840561490311858 84.58000183105469 30.989999771118164 AB 7.273300406475658 1.1114173548670305
60599.196 lsst_hardware_i -301.68260024342226 98.72000122070312 31.329999923706055 AB 7.148844687948664 1.0926778277339289
60601.179 lsst_hardware_z -34.79927102753182 88.70999908447266 30.989999771118164 AB 2.849474863848995 1.1035565068965405
60601.1976 lsst_hardware_r 46.35107719835518 129.64999389648438 31.649999618530273 AB 2.810421974455135 1.0887481822528078
60603.1767 lsst_hardware_y 6.484219972259719 75.72000122070312 30.790000915527344 AB 2.749305982009371 1.1000157303318367
60605.1669 lsst_hardware_r -11.402486586379752 23.989999771118164 31.5 AB 3.624356297031254 1.1049866759241629
60605.1837 lsst_hardware_i -35.367510619047295 37.54999923706055 31.280000686645508 AB 3.5113951906625904 1.090156842801177
60607.1675 lsst_hardware_z 3.8934413045995537 42.70000076293945 30.950000762939453 AB 5.051661642983244 1.0982668982498784
60607.1852 lsst_hardware_r -3.625416813512322 24.1299991607666 31.510000228881836 AB 4.992460946007563 1.0874254687908103
60611.1434 lsst_hardware_g -15.50586035186411 15.039999961853027 31.459999084472656 AB 3.1844179614178607 1.114927219963072
60611.1618 lsst_hardware_i 9.371938721082547 31.780000686645508 31.260000228881836 AB 3.1366228740915836 1.0937256491283116
60613.1377 lsst_hardware_z 75.74078119854474 43.0099983215332 30.950000762939453 AB 4.182933759773382 1.1153002959001153
60613.1542 lsst_hardware_r -30.70970362504959 24.239999771118164 31.520000457763672 AB 4.001669671031719 1.0954474872796054
60617.1247 lsst_hardware_g 31.22146466875898 14.779999732971191 31.440000534057617 AB 4.93979395397033 1.118654981084053
60617.1433 lsst_hardware_r -7.365317345002754 23.770000457763672 31.510000228881836 AB 5.586683109691761 1.0954280607238749
60622.1287 lsst_hardware_r 19.10045110392252 27.280000686645508 31.540000915527344 AB 7.217167035111939 1.096250783794629
60622.147 lsst_hardware_z 28.632362574720013 42.95000076293945 30.959999084472656 AB 7.129945286944694 1.0868819034975639
60624.1184 lsst_hardware_g 39.50927584177306 38.08000183105469 31.670000076293945 AB 2.2126406258705034 1.1010444748267072
60624.1368 lsst_hardware_i 27.361439278972373 40.06999969482422 31.280000686645508 AB 2.9840225570487466 1.0880004461778858
60629.1283 lsst_hardware_y -59.994286247291846 91.80000305175781 30.790000915527344 AB 6.328493584157409 1.0868253740235514
60633.0966 lsst_hardware_i -4.3209490717056225 31.3700008392334 31.25 AB 6.3543940399644585 1.0981728279216945
60633.116 lsst_hardware_z 95.87069248762644 42.06999969482422 30.950000762939453 AB 6.280518875725329 1.087033786832977
60640.0689 lsst_hardware_u 2.8742687888716527 2.7100000381469727 28.399999618530273 AB 3.9803955583887665 1.1081279394179357
60640.0906 lsst_hardware_g 10.912500405884886 14.619999885559082 31.440000534057617 AB 4.1642652509314235 1.0889577679003342
60644.0717 lsst_hardware_r 12.348080392220643 23.489999771118164 31.5 AB 9.132150853418805 1.0937144221428294
60644.0912 lsst_hardware_u -1.5422916542245182 2.7799999713897705 28.469999313354492 AB 9.650015408137072 1.086642064594526
60646.0656 lsst_hardware_g 13.339591681856064 14.470000267028809 31.440000534057617 AB 7.251214574290101 1.094208357418116
60646.0847 lsst_hardware_r -22.030832735033925 23.43000030517578 31.510000228881836 AB 7.121277931914524 1.0866311552066479
60650.0671 lsst_hardware_r -14.661486648814671 24.43000030517578 31.520000457763672 AB 4.91513296742347 1.0875992625819482
60650.0864 lsst_hardware_u 1.193387992999155 3.059999942779541 28.530000686645508 AB 6.081983767415407 1.089700866115995
60652.068 lsst_hardware_g 23.936985014469897 26.969999313354492 31.6299991607666 AB 5.852438122408303 1.0866355789711022
60652.087 lsst_hardware_i 39.71613677905882 35.54999923706055 31.270000457763672 AB 6.818903171441074 1.0934738889420192
60654.0402 lsst_hardware_y -53.02437595856632 54.61000061035156 30.040000915527344 AB 10.633360780638592 1.0972691257785612
60654.06 lsst_hardware_z -4.077630554539421 54.75 30.969999313354492 AB 10.765356803163549 1.0868242835337174
60656.0502 lsst_hardware_y -192.78582663148117 82.01000213623047 30.799999237060547 AB 12.290457755747587 1.0877473896580439
60663.0373 lsst_hardware_y -184.31152800174885 87.43000030517578 30.799999237060547 AB 5.228634186488171 1.0866576071676144
60663.0602 lsst_hardware_i 26.516386824680314 44.77000045776367 32.0099983215332 AB 5.8819865251643515 1.0961074353908322
