data/validation/pwv_sim_epoch_fit_epoch/59230202.ecsv
# %ECSV 0.9
# ---
# datatype:
# - {name: time, datatype: float64}
# - {name: band, datatype: string}
# - {name: flux, datatype: float64}
# - {name: fluxerr, datatype: float64}
# - {name: zp, datatype: float64}
# - {name: zpsys, datatype: string}
# - {name: pwv, datatype: float64}
# - {name: airmass, datatype: float64}
# meta: {SNID: '59230202', alt: 1024.0, c: -0.08655008673667908, dec: -41.810314, lat: -30.244573, lon: -70.7499537, ra: 339.785156, t0: 61338.32421875,
#   x0: 2.894592257571985e-06, x1: -0.4816683530807495, z: 0.766487717628479}
# schema: astropy-2.0
time band flux fluxerr zp zpsys pwv airmass
61194.3658 lsst_hardware_r 47.12638242000194 81.91999816894531 31.639999389648438 AB 11.672190771595455 1.1016264049639817
61194.394 lsst_hardware_y 14.644968495722978 53.02000045776367 30.049999237060547 AB 11.317429162642632 1.0512683259154467
61198.4215 lsst_hardware_z 4.785397678175536 49.439998626708984 30.969999313354492 AB 0.9378718803484557 1.0213687779455003
61198.4345 lsst_hardware_y 35.59790144323542 55.630001068115234 30.059999465942383 AB 0.9421648198894856 1.0203951117936667
61220.1693 lsst_hardware_r 94.22883276295066 209.6999969482422 32.939998626708984 AB 11.206202676199771 1.8991149728762904
61220.1982 lsst_hardware_z -48.2468219886333 143.3800048828125 32.41999816894531 AB 9.345307176003226 1.5748748190093829
61222.4137 lsst_hardware_y -148.82556115808183 57.529998779296875 30.049999237060547 AB 10.206222363364839 1.0521878725118392
61222.4271 lsst_hardware_r -70.25668155384724 103.18000030517578 31.649999618530273 AB 10.032562008364756 1.0731160560877908
61223.4167 lsst_hardware_i 19.44775531587149 80.5 31.329999923706055 AB 7.819156775880417 1.0604403303560612
61223.4286 lsst_hardware_z 115.73714522725204 71.80000305175781 30.989999771118164 AB 7.8954237019803415 1.080935578872644
61231.3177 lsst_hardware_r 11.786239399321097 22.549999237060547 31.5 AB 8.133372713441142 1.0273085127391293
61231.3301 lsst_hardware_u 1.0092293796981844 2.7300000190734863 28.469999313354492 AB 8.109004511068566 1.021714134111957
61233.3217 lsst_hardware_g -25.284325729245214 13.649999618530273 31.420000076293945 AB 7.899227067103264 1.0226639853839934
61233.3343 lsst_hardware_i 40.07389453799884 30.0 31.25 AB 8.211938843653776 1.0202222396091898
61235.3169 lsst_hardware_z 37.93635719979358 40.66999816894531 30.950000762939453 AB 6.221488292740133 1.0224302863993646
61235.3302 lsst_hardware_r -3.9210720591796013 22.43000030517578 31.5 AB 6.197023444370847 1.0202121157955053
61238.3431 lsst_hardware_g 10.486175732184916 13.649999618530273 31.399999618530273 AB 0.9893614350607489 1.0263972698823365
61238.355 lsst_hardware_r -44.88995590895314 22.469999313354492 31.489999771118164 AB 0.8306080397083857 1.0352405978916315
61242.3448 lsst_hardware_i -38.86558328132963 30.200000762939453 31.25 AB 4.419856253740399 1.035903809470406
61242.3564 lsst_hardware_z -47.35448451209619 41.0 30.940000534057617 AB 4.525973526636011 1.048650029340858
61244.3392 lsst_hardware_r -27.594659115648362 22.459999084472656 31.489999771118164 AB 4.687740927780901 1.0357740956245776
61244.351 lsst_hardware_u 0.6188976778963169 2.6500000953674316 28.40999984741211 AB 4.676447017066571 1.04872667173984
61246.334 lsst_hardware_z -5.914370861578239 46.04999923706055 30.959999084472656 AB 5.716996528465377 1.0360162240683677
61246.3455 lsst_hardware_i 50.09708779254627 39.59000015258789 31.280000686645508 AB 5.7744478846264995 1.0486761598667917
61248.3363 lsst_hardware_z 27.426647180045148 61.0 30.979999542236328 AB 2.6298236335593628 1.0441332584274865
61248.3481 lsst_hardware_r 57.733216848229574 81.5199966430664 31.649999618530273 AB 2.7001203532480833 1.0599098540718679
61249.3351 lsst_hardware_y 43.08109646845874 81.91000366210938 30.799999237060547 AB 3.2619433279579098 1.045941640003605
61251.3277 lsst_hardware_r -46.21878018282549 123.41999816894531 31.65999984741211 AB 4.621069819509343 1.0436609608738847
61251.3401 lsst_hardware_i -182.08534829871718 96.66999816894531 31.34000015258789 AB 5.068814200377623 1.0601995817564573
61253.2416 lsst_hardware_r -19.605850641347548 95.0 31.65999984741211 AB 4.666820999908955 1.0408492305201744
61253.2542 lsst_hardware_i -50.666980080721125 75.58999633789062 31.329999923706055 AB 4.555479656737733 1.0296032674285756
61256.241 lsst_hardware_z -66.008026655667 46.45000076293945 30.959999084472656 AB 1.595951556558257 1.0335358164435555
61256.252 lsst_hardware_r -20.619016454632575 44.849998474121094 31.6200008392334 AB 1.0203446344650826 1.025815651271866
61258.2382 lsst_hardware_u 1.1123121392444153 3.0999999046325684 28.520000457763672 AB 2.330873944007517 1.0313601522157156
61258.25 lsst_hardware_g -25.768372581465314 18.8799991607666 31.530000686645508 AB 1.2288905898426803 1.024075491535567
61260.2324 lsst_hardware_r -20.28026783718333 22.81999969482422 31.5 AB 3.1980433136322577 1.0316268753652444
61260.2434 lsst_hardware_z -27.52869814204963 40.869998931884766 30.950000762939453 AB 3.1762993406837667 1.0246126905431505
61263.2318 lsst_hardware_g 13.387841875960346 14.15999984741211 31.440000534057617 AB 6.63382349855395 1.026430991575731
61263.2445 lsst_hardware_r 18.36384029481137 22.829999923706055 31.510000228881836 AB 6.627272537890718 1.0212562982161575
61266.3085 lsst_hardware_z -24.322227794897955 41.88999938964844 30.950000762939453 AB 3.633202028449417 1.0758667540566167
61266.3207 lsst_hardware_r -13.792755210716159 23.309999465942383 31.489999771118164 AB 3.710255099630166 1.100748150602304
61268.3138 lsst_hardware_u 1.6102497309771808 2.740000009536743 28.450000762939453 AB 5.279520327557394 1.0975373143006155
61268.3246 lsst_hardware_r -10.77279353690686 23.239999771118164 31.489999771118164 AB 5.40747343174963 1.1235335673274274
61274.261 lsst_hardware_z -8.008393405767007 45.77000045776367 30.959999084472656 AB 1.8449465726552312 1.039406519805764
61274.2723 lsst_hardware_r 64.31562671099189 36.83000183105469 31.59000015258789 AB 1.8528607828798596 1.0529612329303994
61276.2907 lsst_hardware_z 92.27741263672165 57.720001220703125 30.969999313354492 AB 3.112499218463059 1.0947939565469782
61276.3004 lsst_hardware_r -23.75392927501792 69.45999908447266 31.6299991607666 AB 3.482613372535389 1.1174758134238743
61278.2844 lsst_hardware_z -18.41971439652871 76.80999755859375 30.989999771118164 AB 2.4104173663291704 1.092994573607544
61278.2955 lsst_hardware_r 134.15951889064937 111.05000305175781 31.639999389648438 AB 3.0353791472714273 1.1188962882366875
61286.2396 lsst_hardware_r -38.86836004161128 33.97999954223633 31.59000015258789 AB 0.7887344269612375 1.0530499692400557
61286.2514 lsst_hardware_y -10.295901782107846 48.0 30.040000915527344 AB 1.3999780116541014 1.0714117436128328
61296.1459 lsst_hardware_z 26.55597637386036 40.86000061035156 30.950000762939453 AB 3.680866893172693 1.0242412224480537
61296.1591 lsst_hardware_u -0.8740177673398261 2.8299999237060547 28.559999465942383 AB 3.740783295441215 1.0204455454715748
61297.0418 lsst_hardware_r -16.635024619180676 33.33000183105469 32.220001220703125 AB 1.448776426094689 1.2377415002944803
61297.0503 lsst_hardware_g 49.070978932448284 19.860000610351562 32.130001068115234 AB 1.3812996478283934 1.2037469697853094
61303.2128 lsst_hardware_i 36.74463844537299 41.72008926521534 31.290000915527344 AB 6.356309247930532 1.086084450735674
61303.2248 lsst_hardware_z -17.79114210323381 47.400369715085695 30.959999084472656 AB 6.501370154666315 1.1128037008044522
61305.2041 lsst_hardware_z 30.340627370313335 57.49463700811888 30.979999542236328 AB 2.401912171317368 1.0797537295199067
61305.2164 lsst_hardware_r -24.85107104822295 70.13709779536505 31.639999389648438 AB 2.157353640109786 1.1057681394719558
61307.2048 lsst_hardware_i 80.46627423264923 79.8472275604171 31.31999969482422 AB 4.18168610151 1.0921091933949654
61307.2155 lsst_hardware_r -102.67003661002397 99.25608306402188 31.6299991607666 AB 4.328453383889055 1.116828085634175
61309.2012 lsst_hardware_z -103.37731823434454 103.11966608287199 31.729999542236328 AB 3.704743073193872 1.0961048565873535
61311.1815 lsst_hardware_z -0.23456110316884007 58.65527204167481 30.979999542236328 AB 4.823379797141921 1.068597019582813
61311.1927 lsst_hardware_r -38.350907480387534 80.28424424111681 31.639999389648438 AB 4.965601218562901 1.0896445939976516
61313.1757 lsst_hardware_i 56.877331432822935 45.95642555340276 31.299999237060547 AB 4.499948306196169 1.0680257055845337
61313.1883 lsst_hardware_z 22.223338038045227 48.8786658374604 30.959999084472656 AB 4.5897372475684834 1.0918630329445473
61317.0792 lsst_hardware_r 106.5501747723857 25.41373340442214 31.5 AB 2.37059468334861 1.0297978641829
61317.0913 lsst_hardware_u 8.277210399082652 4.094449180575363 28.459999084472656 AB 2.1484500803373208 1.0230714668272956
61319.0816 lsst_hardware_g 114.62144378864225 17.73398752717912 31.420000076293945 AB 3.887211385828261 1.0249733383858581
61319.0943 lsst_hardware_r 282.2556404306428 26.944383399688608 31.5 AB 3.502614969030716 1.020724164077143
61323.1583 lsst_hardware_g 163.44760827689328 19.078047784402507 31.420000076293945 AB 3.383578651991829 1.0863082597292975
61323.1699 lsst_hardware_r 446.69827753957884 31.02276321549838 31.489999771118164 AB 3.8430361622999745 1.1120968927270478
61325.1599 lsst_hardware_i 733.9790999688023 40.3676236348584 31.239999771118164 AB 6.631458025794599 1.1014186340420096
61325.171 lsst_hardware_z 375.68433267818875 46.732992826638124 30.940000534057617 AB 7.008465669715379 1.1289409906115195
61326.1538 lsst_hardware_i 705.2105934433388 40.85944792159186 31.239999771118164 AB 6.397990797689993 1.0939853173593606
61326.1655 lsst_hardware_u 9.145134320268742 3.619755633117372 28.420000076293945 AB 6.539532277434453 1.1216234878754587
61328.1584 lsst_hardware_g 165.9700726171229 19.383140673277737 31.389999389648438 AB 6.93509606761795 1.1174374328488137
61328.1696 lsst_hardware_r 655.9969648785249 34.787539660120224 31.469999313354492 AB 7.5775417743374724 1.1482283727150426
61332.146 lsst_hardware_z 1122.509544927813 75.92766582080294 31.709999084472656 AB 4.241172442110201 1.113753267360872
61337.1375 lsst_hardware_i 1133.2766919740739 75.96743870044483 31.31999969482422 AB 3.268228310482967 1.1269752794768852
61337.1486 lsst_hardware_z 685.2459623933022 67.81859606246647 30.969999313354492 AB 3.352061841637695 1.1591810639362652
61342.1436 lsst_hardware_g 93.01821693240629 48.687484774969334 31.65999984741211 AB 3.4398182001217408 1.1881244142956908
61342.1534 lsst_hardware_r 661.2783812614738 57.995466531101734 31.600000381469727 AB 3.498365937441488 1.2254186248261667
61343.0879 lsst_hardware_g 96.07919433105631 17.433451096353444 31.450000762939453 AB 6.35218411932032 1.0586973532200534
61343.0991 lsst_hardware_r 637.5496904097721 34.146822865960985 31.510000228881836 AB 6.464592428126012 1.0774320713543353
61558.4032 lsst_hardware_r -16.629859801302505 22.579999923706055 31.5 AB 7.94956112200827 1.044071594695071
61558.4173 lsst_hardware_y -117.53098910840025 46.95000076293945 30.049999237060547 AB 6.691283507588333 1.0306174058665125
61561.4228 lsst_hardware_u -1.2384267135792675 3.0799999237060547 28.59000015258789 AB 4.500642533818752 1.0228733031406254
61561.4348 lsst_hardware_y 139.59455406674408 54.95000076293945 30.059999465942383 AB 4.489121925260599 1.0202549830137724
61563.4291 lsst_hardware_r -29.906530302495295 32.72999954223633 32.2599983215332 AB 0.9265744889955495 1.0202692115935579
61574.4091 lsst_hardware_r -51.89686286083077 81.62999725341797 31.65999984741211 AB 4.724348967548956 1.0209657760154782
61574.4227 lsst_hardware_z -93.6448103021386 59.060001373291016 30.979999542236328 AB 5.028487933221217 1.0262220271880034
61576.3922 lsst_hardware_r 8.335487014702458 98.20999908447266 31.65999984741211 AB 3.8810326141957234 1.0203845442870452
61576.4068 lsst_hardware_i 74.5729701086055 76.69000244140625 31.34000015258789 AB 3.89871300356436 1.021742253440178
61578.4068 lsst_hardware_z 57.0327075880112 64.0199966430664 30.979999542236328 AB 2.149804957804912 1.0237166465737675
61578.4187 lsst_hardware_i -70.02033319038233 70.27999877929688 31.329999923706055 AB 1.6914228217548513 1.0308315825830114
61580.4052 lsst_hardware_z -25.615593572439348 78.55000305175781 31.729999542236328 AB 3.99103370025776 1.0255991691777442
61582.4026 lsst_hardware_r -29.3594452208605 42.650001525878906 31.6200008392334 AB 5.547183500804347 1.0272562038526567
61582.4171 lsst_hardware_i -48.618362458130484 41.0099983215332 31.299999237060547 AB 6.0546688048219375 1.0391605260142345
61587.408 lsst_hardware_r -8.490387247945298 22.440000534057617 31.489999771118164 AB 10.128099051572669 1.0441339228425432
61587.4201 lsst_hardware_g 11.238014022428812 13.819999694824219 31.399999618530273 AB 9.943487898799805 1.0603747937011023
61591.4053 lsst_hardware_z 14.606476998509905 41.20000076293945 30.940000534057617 AB 4.4777263820201405 1.054678716788853
61591.417 lsst_hardware_i 35.28827442797909 30.610000610351562 31.239999771118164 AB 5.614486309263319 1.0733103248448326
61596.1556 lsst_hardware_u 0.9464419551976007 2.8499999046325684 28.06999969482422 AB 15.433075652840921 1.7059091379496802
61596.1669 lsst_hardware_g 13.636975796698044 17.579999923706055 31.329999923706055 AB 14.486069197988362 1.5927508738854623
61608.3496 lsst_hardware_r -1.8771659161027616 82.29000091552734 31.649999618530273 AB 4.538400400162565 1.042910854116254
61608.3613 lsst_hardware_z 59.67715510568386 62.41999816894531 30.979999542236328 AB 4.589605924619506 1.0581630628541745
61611.3335 lsst_hardware_y 8.371038921764397 48.31999969482422 30.049999237060547 AB 5.703823955333576 1.0348950295443302
61611.3448 lsst_hardware_r 25.139289100107174 41.90999984741211 31.610000610351562 AB 5.779794552233256 1.0469061830460238
61612.3337 lsst_hardware_i 15.718442232815983 35.7599983215332 31.280000686645508 AB 7.449320263139032 1.0376543060508472
61612.3451 lsst_hardware_z -31.858907284989286 43.599998474121094 30.959999084472656 AB 7.541707580957064 1.0507673575548575
61617.3393 lsst_hardware_r 26.987281076103706 22.760000228881836 31.489999771118164 AB 4.174857109826169 1.0620794004221756
61617.3516 lsst_hardware_g 1.25595101464694 13.930000305175781 31.40999984741211 AB 4.242282930789138 1.0837817246331782
61619.2466 lsst_hardware_r 6.618239865579535 22.68000030517578 31.5 AB 1.8541328070113798 1.0339991488119973
61619.258 lsst_hardware_u 2.784401958975683 2.740000009536743 28.489999771118164 AB 1.558573130375162 1.025883251851349
61622.2397 lsst_hardware_g 9.553097269457943 13.920000076293945 31.40999984741211 AB 1.1245685265734264 1.0328987614910918
61622.2512 lsst_hardware_i -10.178918972762531 30.229999542236328 31.239999771118164 AB 0.4314980788104767 1.0251389716344723
61626.235 lsst_hardware_y -13.822452367219318 46.84000015258789 30.059999465942383 AB 3.4939850529914485 1.0282475141234397
61626.2464 lsst_hardware_g 10.443454502770374 14.329999923706055 31.459999084472656 AB 3.3905632295550796 1.0224858955233405
61627.2267 lsst_hardware_r 7.795662107160452 30.989999771118164 31.56999969482422 AB 4.618269884292576 1.0323616596160892
61627.2377 lsst_hardware_i 21.04785308030983 34.310001373291016 31.280000686645508 AB 4.741679028944048 1.0250616719332004
61629.3204 lsst_hardware_r 50.75744402638097 37.77000045776367 31.600000381469727 AB 2.734830864836828 1.0869037019951624
61629.3311 lsst_hardware_g -10.707888630800324 28.020000457763672 31.6200008392334 AB 2.779271624148394 1.1106350357914259
61631.3098 lsst_hardware_r -37.6799527379782 76.88999938964844 31.639999389648438 AB 3.6181964841829 1.07695103210127
61631.3215 lsst_hardware_i -64.43618872694091 64.16000366210938 31.31999969482422 AB 3.70306678253677 1.1009563795263178
61649.2406 lsst_hardware_u 3.8924910016857344 2.619999885559082 28.3799991607666 AB 1.6528084933395106 1.0463572629952058
61649.2518 lsst_hardware_g 17.265799866804237 13.930000305175781 31.399999618530273 AB 1.7397054843381667 1.0618751684668364
61651.2401 lsst_hardware_r -25.10468322045824 22.899999618530273 31.5 AB 0.8169386200174955 1.052755953630793
61651.2514 lsst_hardware_z 60.087267848523304 41.84000015258789 30.950000762939453 AB 1.3983661509290801 1.070178176731439
61653.2341 lsst_hardware_r 3.729749811333554 22.799999237060547 31.489999771118164 AB 1.8171971653658852 1.052024603646788
61653.2473 lsst_hardware_u 4.790329742337381 2.6700000762939453 28.40999984741211 AB 1.9098595447199747 1.072553095125407
61655.2711 lsst_hardware_r 40.83993873257234 23.1299991607666 31.489999771118164 AB 2.173159047038908 1.1395695055264332
61655.2822 lsst_hardware_i -11.086468734202937 31.540000915527344 31.229999542236328 AB 2.2438985035910197 1.173996426713125
61672.2047 lsst_hardware_i -37.10049969530409 30.780000686645508 31.239999771118164 AB 4.057420965557432 1.0904114392788913
61672.2159 lsst_hardware_z 1.3980501803437553 42.20000076293945 30.940000534057617 AB 4.251813265934088 1.1160591300901985
61680.1789 lsst_hardware_r -8.414095799561494 22.479999542236328 31.489999771118164 AB 4.85942385151402 1.0824377453625933
61680.1906 lsst_hardware_i 10.440118228080028 30.829999923706055 31.239999771118164 AB 4.988467992902762 1.1076459165648942
61682.1778 lsst_hardware_z -56.96822968560797 41.7400016784668 30.950000762939453 AB 2.456608460071342 1.0912601436609204
61682.19 lsst_hardware_u -0.8156313989686267 2.619999885559082 28.360000610351562 AB 2.4653878809444776 1.1196130249519733
61686.1657 lsst_hardware_r -19.765984894381084 41.459999084472656 31.600000381469727 AB 5.412847473832614 1.0888120169973075
61686.1773 lsst_hardware_i 36.74299951442599 41.529998779296875 31.280000686645508 AB 4.454946645700772 1.1151305746434972
61688.0702 lsst_hardware_i 12.601505089785881 57.189998626708984 31.31999969482422 AB 2.4776024770724465 1.0255684623962338
61688.0819 lsst_hardware_z -15.24821063727739 55.41999816894531 30.979999542236328 AB 2.4629528298866847 1.0211247221752424
61689.1653 lsst_hardware_z 59.82454378627183 85.19999694824219 31.729999542236328 AB 4.863551082750099 1.1059390016107251
61692.1546 lsst_hardware_r 74.62994199933648 94.76000213623047 31.639999389648438 AB 9.189838042512934 1.1001841305534459
61692.1648 lsst_hardware_i -29.229955677296402 75.1500015258789 31.31999969482422 AB 9.43045442727399 1.1250840404765516
61696.141 lsst_hardware_r 152.4405370526249 58.599998474121094 31.6200008392334 AB 6.699645721554518 1.0942961378920648
61696.1516 lsst_hardware_g 30.280688664391587 64.93000030517578 31.68000030517578 AB 6.843008794024053 1.1191749649496898
61698.1432 lsst_hardware_r -3.610177758454855 24.780000686645508 31.510000228881836 AB 3.7195132710174583 1.1118513165656014
61698.1547 lsst_hardware_i 41.53292803233521 38.04999923706055 31.270000457763672 AB 3.8684520651459673 1.1424843665522644
61700.1458 lsst_hardware_z 88.16415599316935 42.58000183105469 30.940000534057617 AB 4.287778169970351 1.132759572015151
61700.1569 lsst_hardware_i -25.59381651164163 31.6299991607666 31.239999771118164 AB 4.4097871962625765 1.1659934416347373
61702.1387 lsst_hardware_u -7.889292636551268 2.700000047683716 28.420000076293945 AB 3.2040844764524055 1.1282980813284287
61702.1494 lsst_hardware_g -18.621430905687593 13.850000381469727 31.3799991607666 AB 3.34626204523538 1.1594809581548926
61705.1346 lsst_hardware_r -1.106843566854931 22.920000076293945 31.479999542236328 AB 4.175853088751531 1.1396460556065129
61705.1457 lsst_hardware_i 31.41489753623698 31.450000762939453 31.229999542236328 AB 4.2893214955944226 1.1740843509835424
61707.14 lsst_hardware_z 7.360772029281164 42.959999084472656 30.940000534057617 AB 3.4001795045019576 1.1732848531753626
61707.1507 lsst_hardware_u -0.34037386774483025 2.630000114440918 28.329999923706055 AB 3.4821733900847702 1.2118932912127098
61709.0888 lsst_hardware_z 21.60064150820456 41.36000061035156 30.950000762939453 AB 5.35634511574475 1.0631887883574336
61709.0995 lsst_hardware_r -6.368674340526575 22.670000076293945 31.489999771118164 AB 5.371182591016958 1.0820271134197452
61711.0923 lsst_hardware_u 2.060023614701658 2.5999999046325684 28.34000015258789 AB 5.916704246719756 1.0787063348623074
61711.105 lsst_hardware_r -10.831883233434702 22.8700008392334 31.479999542236328 AB 6.2971624730959235 1.105411785797997
