data/validation/pwv_sim_epoch_fit_epoch/59252678.ecsv
# %ECSV 0.9
# ---
# datatype:
# - {name: time, datatype: float64}
# - {name: band, datatype: string}
# - {name: flux, datatype: float64}
# - {name: fluxerr, datatype: float64}
# - {name: zp, datatype: float64}
# - {name: zpsys, datatype: string}
# - {name: pwv, datatype: float64}
# - {name: airmass, datatype: float64}
# meta: {SNID: '59252678', alt: 1024.0, c: -0.08364365249872208, dec: -11.26298, lat: -30.244573, lon: -70.7499537, ra: 54.84375, t0: 61318.34375,
#   x0: 1.136708014695797e-05, x1: 0.44384369254112244, z: 0.4357859492301941}
# schema: astropy-2.0
time band flux fluxerr zp zpsys pwv airmass
61275.3988 lsst_hardware_u 1.0043285448710118 2.7300000190734863 28.450000762939453 AB 2.4516924787708874 1.074675253698519
61275.419 lsst_hardware_y 66.7791034350607 51.97999954223633 30.049999237060547 AB 1.6406952384168159 1.059709503256461
61277.4016 lsst_hardware_r 34.412718908892614 27.770000457763672 31.540000915527344 AB 2.285788286440215 1.066630091665989
61277.4194 lsst_hardware_y 7.792217489319169 54.900001525878906 30.049999237060547 AB 2.203385354382228 1.058302283564951
61279.4058 lsst_hardware_z -37.72614226025497 80.4800033569336 31.729999542236328 AB 3.4875493793333803 1.0606095580729509
61285.3634 lsst_hardware_z 17.623301725658823 53.66999816894531 30.969999313354492 AB 2.317296199629205 1.0852575574895407
61285.3803 lsst_hardware_y 0.9323402333819547 51.0099983215332 30.040000915527344 AB 2.4725144899381846 1.0661985726339736
61298.3528 lsst_hardware_i 386.45308442530046 36.81995979916502 31.25 AB 1.4337623930385235 1.061129191838221
61298.3722 lsst_hardware_z 231.24058277014745 44.621097925605945 30.950000762939453 AB 1.3847215974027693 1.0589255142006029
61302.3154 lsst_hardware_u 3.751716479850025 3.563955191908659 28.34000015258789 AB 6.039212801577692 1.0876565153674975
61302.3432 lsst_hardware_g 686.9406439088038 29.636139522126125 31.40999984741211 AB 5.486462274736385 1.0605275015602924
61304.352 lsst_hardware_r 2113.955006067783 50.40292675439756 31.5 AB 2.567282862312658 1.058236958909575
61304.3714 lsst_hardware_i 1413.9432545610116 47.23555104757681 31.25 AB 2.672999442490962 1.0674917901329675
61306.3434 lsst_hardware_z 1167.4348912608923 57.47915562456622 30.969999313354492 AB 1.8581698184385649 1.0580828424249207
61306.3635 lsst_hardware_r 2660.4596529044443 57.996416671602745 31.540000915527344 AB 1.892740130664058 1.0655320683039056
61308.3388 lsst_hardware_z 1400.275762375493 68.24131701257089 30.969999313354492 AB 6.202512588054418 1.0580881248813405
61308.3585 lsst_hardware_r 3719.1139765434523 92.19689431025938 31.639999389648438 AB 6.255672684558666 1.065883912857159
61310.3233 lsst_hardware_i 2275.809595464337 91.5225600832039 31.329999923706055 AB 4.561487430985196 1.0597635897044075
61310.343 lsst_hardware_z 1658.0975380386737 78.45862858493025 30.989999771118164 AB 5.148379879672424 1.0600644913532788
61312.326 lsst_hardware_r 4327.385212282167 107.58525431867766 31.649999618530273 AB 6.330508109356949 1.0581120610675459
61312.3463 lsst_hardware_z 1799.7799241056628 74.6499422465506 30.979999542236328 AB 7.369284662071133 1.0649255292010626
61314.3249 lsst_hardware_y 429.3807762305049 55.11621806221529 30.040000915527344 AB 4.713837331180287 1.0582587737440825
61314.3441 lsst_hardware_r 4680.023534205903 89.40867774901619 31.639999389648438 AB 4.475460651737597 1.067492105363768
61316.301 lsst_hardware_r 4531.07204066672 75.26389230742714 31.59000015258789 AB 3.45609341777794 1.0625415303682948
61316.32 lsst_hardware_i 2803.1260098010075 63.40070651848291 31.280000686645508 AB 3.486842938993855 1.0583295039439058
61318.3247 lsst_hardware_r 4200.116235760714 68.95086230339652 31.510000228881836 AB 7.328915958369492 1.0616744911807694
61318.3434 lsst_hardware_g 1872.6809882342966 46.539102746352235 31.469999313354492 AB 8.194889376773904 1.0782749179965665
61320.2923 lsst_hardware_u 5.15545012627502 3.7892354239539516 28.420000076293945 AB 4.911891610487123 1.0613421803128784
61320.3092 lsst_hardware_r 3933.7597594898193 67.31152281168991 31.489999771118164 AB 4.869803677504229 1.0583462063543405
61322.2911 lsst_hardware_i 2707.1341639539005 60.081038896163896 31.260000228881836 AB 2.7533761674084207 1.0595681624250306
61322.3084 lsst_hardware_z 1977.443545374368 60.12364358120755 30.950000762939453 AB 2.8829343441935658 1.0594154686976816
61324.2982 lsst_hardware_r 3798.8688387496945 65.07548379165107 31.510000228881836 AB 4.777321351530187 1.0583343711852429
61324.317 lsst_hardware_u -4.843434532634451 3.490621650894079 28.479999542236328 AB 4.829042038507872 1.0676635061923219
61327.2846 lsst_hardware_g 1074.6989131287107 35.52745354591069 31.420000076293945 AB 6.094067848737022 1.0581356684875673
61327.3025 lsst_hardware_r 3329.512348205815 61.55261703865164 31.489999771118164 AB 5.317225469110028 1.0630198858676145
61329.2861 lsst_hardware_i 2366.9854617774295 56.79297642740782 31.25 AB 7.724821949999541 1.058593572921243
61329.304 lsst_hardware_z 1600.2057651143582 57.5857006147004 30.950000762939453 AB 7.515888338440578 1.0682300137544034
61336.2769 lsst_hardware_z 1152.8631084512747 63.08729859977781 30.969999313354492 AB 3.900808121402035 1.0624080221703227
61336.2943 lsst_hardware_i 1887.163551561253 66.58512829559709 31.309999465942383 AB 3.3937634198076276 1.078326608883086
61341.2523 lsst_hardware_y 407.05964851474255 58.84406992824782 30.059999465942383 AB 2.393587391232919 1.058406982636855
61341.2673 lsst_hardware_r 1556.0090037683294 101.28135064885268 31.65999984741211 AB 2.4118018396732 1.0650482842451756
61344.2415 lsst_hardware_i 1423.807122929872 54.74518907516529 31.299999237060547 AB 4.039824670184894 1.0581227991316975
61351.1851 lsst_hardware_u 8.838779616376973 3.5343380684641845 28.450000762939453 AB 5.772082177083215 1.0825360422138455
61357.2056 lsst_hardware_z 691.8331023730558 49.25994820036459 30.950000762939453 AB 4.43263802818984 1.0580982343354632
61357.223 lsst_hardware_r 468.2076922276572 32.11804966385247 31.489999771118164 AB 7.1267110842375905 1.0646018723886306
61359.2082 lsst_hardware_u 2.226366159292221 3.1992405559309707 28.450000762939453 AB 4.076235228101291 1.0596798686574664
61359.2258 lsst_hardware_g 130.38709195292716 17.77986445256337 31.420000076293945 AB 8.09940791808469 1.0717755614773972
61361.22 lsst_hardware_r 435.59153054107406 30.75778337475999 31.489999771118164 AB 6.294277498971115 1.071427172997448
61361.2393 lsst_hardware_i 759.8811097158822 41.06891448194927 31.239999771118164 AB 6.1610728741390295 1.0988017312873353
61364.1899 lsst_hardware_i 692.3073683218663 53.166074671065466 31.309999465942383 AB 5.424377779820558 1.0584668090777745
61364.2096 lsst_hardware_z 515.1155016851192 54.727638319793876 30.969999313354492 AB 5.2539656355451845 1.069273741609883
61366.1014 lsst_hardware_r 452.1469112309723 86.14713598966743 31.6200008392334 AB 4.567297851916708 1.1852849096669658
61366.1199 lsst_hardware_z 675.0922614087813 66.8272506445597 30.969999313354492 AB 4.317010967447441 1.1294669604798608
61368.1904 lsst_hardware_z 448.3521794904274 81.12471395202333 30.989999771118164 AB 8.262374743009355 1.0629127027886236
61368.2093 lsst_hardware_i 631.4010837021048 95.96413117349363 31.329999923706055 AB 8.224894617868776 1.0814285055323973
61370.1892 lsst_hardware_z 341.2235772345105 66.65068628090903 30.979999542236328 AB 5.010210982616743 1.0658511521663756
61370.2095 lsst_hardware_r 206.66086572164744 88.97274319970136 31.639999389648438 AB 5.72517727381625 1.0898180089751317
61372.181 lsst_hardware_u 3.651455504450499 10.261677795473759 29.260000228881836 AB 3.4950249401297393 1.0638805560741937
61372.2001 lsst_hardware_g 180.34481980850836 53.06106382491015 31.700000762939453 AB 3.6048353813088867 1.0838350515059791
61374.1849 lsst_hardware_r 284.45130032774443 29.254968009103507 31.510000228881836 AB 4.760704955542663 1.0718285078144831
61374.2036 lsst_hardware_i 435.66646521894313 40.828820406618675 31.270000457763672 AB 4.839281624263206 1.0984220982665973
61376.18 lsst_hardware_z 411.1487220202435 45.97006604712944 30.950000762939453 AB 6.7569247409013276 1.0724142536611638
61376.1993 lsst_hardware_r 235.0297173733605 28.29211674122704 31.489999771118164 AB 6.96899584674649 1.100570501947137
61379.1587 lsst_hardware_r 267.60047264911367 28.00142630064568 31.5 AB 2.6562055324021423 1.0619512373419662
61379.1773 lsst_hardware_u -3.290215366939381 2.9387224408640558 28.469999313354492 AB 2.6361158528901947 1.078827850579167
61383.1572 lsst_hardware_z 421.89014411900115 45.30822006448092 30.950000762939453 AB 5.875299752629135 1.0687869058537673
61383.1753 lsst_hardware_r 216.01773992132968 27.77625241338197 31.5 AB 6.574766946002255 1.091927248661423
61385.1481 lsst_hardware_u -1.7679820209123718 2.776448176012011 28.469999313354492 AB 10.205754833466663 1.0657360483974994
61385.1658 lsst_hardware_g 53.404054656029 15.761022019297316 31.40999984741211 AB 10.416556567737892 1.085576263084401
61387.1483 lsst_hardware_r 217.92756125509248 27.377486364866403 31.5 AB 11.037377790950556 1.070706484061772
61387.1671 lsst_hardware_i 339.31376749730225 35.91763604256035 31.25 AB 12.14327882867889 1.096607109647256
61394.09 lsst_hardware_z 85.92543677715702 55.029998779296875 30.979999542236328 AB 3.603629268843466 1.0614519201306232
61394.1115 lsst_hardware_r 49.73546492753876 65.30999755859375 31.649999618530273 AB 3.508483268256686 1.0592980052603764
61405.05 lsst_hardware_z 30.531985621604253 43.61000061035156 30.950000762939453 AB 8.013156831543327 1.0684209108724436
61405.0709 lsst_hardware_r 1.475469948993123 22.700000762939453 31.5 AB 7.958786004022738 1.058173309492802
61409.0518 lsst_hardware_y -8.654353704399757 48.619998931884766 30.040000915527344 AB 2.3894123835515204 1.0601940692408278
61409.0739 lsst_hardware_u 4.598310335952781 2.640000104904175 28.399999618530273 AB 2.352264774867838 1.0605341636013697
61411.0396 lsst_hardware_y 66.65307424854426 66.72000122070312 30.059999465942383 AB 10.051575441951114 1.0637713453223743
61411.0614 lsst_hardware_i -18.273686717983058 30.3799991607666 31.25 AB 10.246963887841279 1.05842486102203
61415.0383 lsst_hardware_y 30.37560453542218 67.79000091552734 30.059999465942383 AB 12.267641730316837 1.0591912851300633
61415.0598 lsst_hardware_g 0.9633293024984736 14.010000228881836 31.420000076293945 AB 9.575118259406874 1.0616215085453686
61418.0379 lsst_hardware_z -28.877851745257686 60.560001373291016 30.979999542236328 AB 3.9867548889044557 1.058055968392895
61418.0565 lsst_hardware_i -3.7877078324869413 31.360000610351562 31.25 AB 2.2945355721059166 1.0646261789147042
61650.41 lsst_hardware_z 38.14061017169662 43.83000183105469 30.950000762939453 AB 2.1272775926833205 1.0594011915753587
61654.3815 lsst_hardware_g -4.5917489591399505 13.710000038146973 31.40999984741211 AB 0.7783650425353079 1.0597209564810184
61654.4009 lsst_hardware_y -139.2296601616693 47.810001373291016 30.040000915527344 AB 0.7877825620304778 1.060034844624703
61656.378 lsst_hardware_i 17.52944996668274 30.700000762939453 31.25 AB 2.4230618609436188 1.0591076830816428
61656.3965 lsst_hardware_z 48.704760953347446 41.88999938964844 30.950000762939453 AB 2.400355744373845 1.060462003257718
61673.345 lsst_hardware_i -59.52353277754271 30.829999923706055 31.239999771118164 AB 6.149520191632278 1.0588016858872134
61673.3634 lsst_hardware_z -33.54909426517596 41.560001373291016 30.940000534057617 AB 6.34162523610622 1.06950421386405
61677.3313 lsst_hardware_r 36.64870117887728 22.450000762939453 31.5 AB 6.310691335880571 1.0583081227368445
61677.3499 lsst_hardware_u -0.33070329740587606 2.7200000286102295 28.469999313354492 AB 7.388140034867436 1.0672133329129359
61679.3213 lsst_hardware_g 11.286457662422562 13.729999542236328 31.399999618530273 AB 4.719251121895405 1.0581280542366378
61679.3404 lsst_hardware_i 87.43685561178539 30.6200008392334 31.239999771118164 AB 4.452578904289897 1.0641495090913913
61681.3258 lsst_hardware_z -37.393705652590356 41.11000061035156 30.940000534057617 AB 3.4812964135217257 1.0595403510769177
61681.3436 lsst_hardware_r 25.179504758384404 22.489999771118164 31.489999771118164 AB 3.1073586870230896 1.0715029955252033
61683.2958 lsst_hardware_r 2.602174542367554 22.649999618530273 31.489999771118164 AB 7.338661701055817 1.0628168383961887
61683.315 lsst_hardware_u 0.23611777349599203 2.619999885559082 28.3799991607666 AB 7.303448560009168 1.058317426461246
61685.32 lsst_hardware_r -40.59432016315878 22.540000915527344 31.489999771118164 AB 5.08497025820386 1.0617281997920087
61685.3402 lsst_hardware_i -16.351132539079824 30.68000030517578 31.25 AB 3.8891614820302585 1.080322633897294
61687.2943 lsst_hardware_i -14.62017283089387 30.6200008392334 31.25 AB 2.8756143467915654 1.058865634462471
61687.3119 lsst_hardware_z 58.62698687763241 41.4900016784668 30.950000762939453 AB 2.8682322407273735 1.0604753170054375
61691.2963 lsst_hardware_z 61.462434922047144 55.849998474121094 30.979999542236328 AB 5.559253434485965 1.0589054160925648
61691.3136 lsst_hardware_i -14.189887765785013 57.88999938964844 31.31999969482422 AB 5.569381284813073 1.06889364922442
61693.2402 lsst_hardware_z 16.29118534280403 71.62999725341797 30.979999542236328 AB 6.943950651024083 1.0957788623993272
61693.2597 lsst_hardware_r -166.93908047231986 103.94999694824219 31.649999618530273 AB 6.828991216123375 1.069592442746622
61695.294 lsst_hardware_y 1.320325018187319 81.20999908447266 30.809999465942383 AB 5.755516629085028 1.0624424992542392
61697.2858 lsst_hardware_r -117.74966158318146 72.01000213623047 31.649999618530273 AB 3.907702573961769 1.0610107450343007
61697.3033 lsst_hardware_i -42.319489424878824 60.88999938964844 31.31999969482422 AB 4.085693340543044 1.075182458037643
61701.278 lsst_hardware_z 29.806789005292178 42.220001220703125 30.950000762939453 AB 3.8995324340169475 1.0626635450939017
61701.2954 lsst_hardware_r 27.465156999394033 27.100000381469727 31.530000686645508 AB 3.396801412140215 1.0788633991233538
61704.2546 lsst_hardware_r 15.045220913514365 23.170000076293945 31.510000228881836 AB 1.4813376773802285 1.0580983409858775
61704.2706 lsst_hardware_u 3.163081478327063 2.859999895095825 28.549999237060547 AB 1.4883977179778394 1.0631412271270282
61706.2544 lsst_hardware_g 6.343180263611202 14.119999885559082 31.420000076293945 AB 2.3449887470472732 1.0586856645813099
61706.2714 lsst_hardware_i 18.00092992047832 30.93000030517578 31.239999771118164 AB 2.4388159194463426 1.067782801859169
61710.1248 lsst_hardware_r 79.49125229336211 34.290000915527344 32.20000076293945 AB 7.299885787447761 1.3532925915242504
61710.1549 lsst_hardware_u -0.9547556662637627 2.619999885559082 28.299999237060547 AB 5.541781919032127 1.202100161392338
61723.2035 lsst_hardware_z -109.58175560540187 79.66999816894531 30.989999771118164 AB 4.256087793411844 1.0581141443801716
61723.2187 lsst_hardware_r 106.596107853791 118.05999755859375 31.65999984741211 AB 7.6305472982071985 1.0631204873850977
61725.2162 lsst_hardware_z 108.93109231066583 88.80999755859375 31.739999771118164 AB 7.9532678877367236 1.0651222562925837
61730.189 lsst_hardware_i -6.144611275443699 30.860000610351562 31.239999771118164 AB 3.2983115806998393 1.0587064054675577
61730.2083 lsst_hardware_r -15.045315051339525 23.1299991607666 31.489999771118164 AB 3.3976613245454206 1.0699891325166
61733.1878 lsst_hardware_u -0.877936918136268 2.7699999809265137 28.489999771118164 AB 8.16016409915156 1.0611396747922546
61733.2072 lsst_hardware_g -16.57327087969155 14.210000038146973 31.43000030517578 AB 8.490227373005098 1.0778047612988868
61737.1861 lsst_hardware_z -90.99761709228093 41.5099983215332 30.940000534057617 AB 3.4356220921934497 1.0672119568820926
61737.2058 lsst_hardware_r 56.74436757452212 23.040000915527344 31.479999542236328 AB 3.52296166065752 1.0915732378295264
61739.1788 lsst_hardware_u 1.073292147667716 2.759999990463257 28.479999542236328 AB 4.730450017906398 1.06573671175422
61739.1978 lsst_hardware_g -15.393367103197251 14.09000015258789 31.420000076293945 AB 4.902192132075335 1.0875232120257823
61741.178 lsst_hardware_r 33.82075628062176 23.040000915527344 31.489999771118164 AB 6.752325373476689 1.0697317941768227
61741.1985 lsst_hardware_z -7.564172665997917 42.189998626708984 30.940000534057617 AB 6.943816295540406 1.0978365684648863
61745.0828 lsst_hardware_z -14.7014164220396 44.06999969482422 30.950000762939453 AB 3.8782337881756503 1.1284049525521374
61745.0992 lsst_hardware_g -12.089217970764949 26.81999969482422 31.6200008392334 AB 5.745688591441066 1.0940695508932528
61747.1621 lsst_hardware_r 24.968771800535055 45.83000183105469 31.6200008392334 AB 3.9597127634492058 1.0701926387700555
61747.1817 lsst_hardware_i -62.818513945637605 43.5 31.290000915527344 AB 4.9110910392804845 1.0970827743281903
61749.1447 lsst_hardware_z 31.06813665238022 58.04999923706055 30.969999313354492 AB 7.866562437079296 1.061423374617158
61749.1592 lsst_hardware_r 33.39510011458451 72.05000305175781 31.639999389648438 AB 8.045306112762022 1.072802841954162
61751.1582 lsst_hardware_z 97.8086782655303 103.81999969482422 31.739999771118164 AB 12.723073451966437 1.077982951759536
61753.1478 lsst_hardware_r -8.92473199705746 99.44999694824219 31.649999618530273 AB 7.699875593564544 1.0722940630942743
61753.1655 lsst_hardware_z -9.871927813842705 69.51000213623047 30.979999542236328 AB 7.811629172633084 1.0974086569919212
61755.1262 lsst_hardware_i 90.80526073670103 48.79999923706055 31.309999465942383 AB 10.813979372350202 1.0604412105858203
61755.1433 lsst_hardware_r 137.40659526964916 59.720001220703125 31.6299991607666 AB 10.936951417070249 1.073322845054219
61759.0906 lsst_hardware_r 14.536065597768964 22.479999542236328 31.489999771118164 AB 3.481340002285048 1.0615189944711978
61759.112 lsst_hardware_i 35.42514341822708 30.420000076293945 31.25 AB 3.4814300232628246 1.0592586277672602
61765.0887 lsst_hardware_r 25.563586300438082 22.290000915527344 31.489999771118164 AB 7.935286846713106 1.058097029396641
61765.1152 lsst_hardware_z -20.649088488179814 41.290000915527344 30.950000762939453 AB 8.101136662722292 1.0724655519075608
61767.0824 lsst_hardware_r 1.2339830521543083 22.59000015258789 31.5 AB 6.677886724343779 1.058078597920881
61767.1088 lsst_hardware_u 3.174973039607397 2.759999990463257 28.489999771118164 AB 5.72175151996243 1.071489048682186
61769.0547 lsst_hardware_z 26.637342671427966 59.25 31.700000762939453 AB 9.137962040454477 1.0673318975011028
61769.0838 lsst_hardware_g -1.6324013062878746 23.84000015258789 32.619998931884766 AB 7.80485945648049 1.0590039968088545
61769.11 lsst_hardware_r 33.131378825020214 22.6299991607666 31.5 AB 7.883087140237472 1.0791850607243048
61771.0534 lsst_hardware_y -15.421688588328294 47.7599983215332 30.040000915527344 AB 7.336378852432318 1.0641586426052436
61771.0783 lsst_hardware_i 9.377138955846647 30.25 31.239999771118164 AB 7.297337659057308 1.0589933221431844
61773.0539 lsst_hardware_y -145.06056169777568 48.189998626708984 30.040000915527344 AB 6.76176195975036 1.0607794738927512
61773.0798 lsst_hardware_r -18.775644874760623 24.860000610351562 31.520000457763672 AB 6.892303267218157 1.06174278167113
61775.0499 lsst_hardware_y -24.512863175468432 70.47000122070312 30.790000915527344 AB 11.27107248487653 1.0601582547031492
61775.0708 lsst_hardware_g -47.8242605452406 43.529998779296875 32.400001525878906 AB 11.311945052307141 1.060113870231681
61777.0394 lsst_hardware_y -110.70805052743765 65.94999694824219 30.059999465942383 AB 10.267603877746831 1.0626422752696207
61777.0613 lsst_hardware_z 72.87525368923545 51.40999984741211 30.969999313354492 AB 10.393540244406244 1.0588366182157964
61779.0485 lsst_hardware_y -24.434452425995815 87.48999786376953 30.809999465942383 AB 9.007019692636128 1.0580933559631283
61785.0376 lsst_hardware_y 58.35220055033516 69.91999816894531 30.059999465942383 AB 6.206783989004179 1.0584556597892527
61785.0568 lsst_hardware_u -3.8294617471413623 2.869999885559082 28.489999771118164 AB 6.361929921994412 1.0687379651412225
