data/validation/pwv_sim_epoch_fit_epoch/59305156.ecsv
# %ECSV 0.9
# ---
# datatype:
# - {name: time, datatype: float64}
# - {name: band, datatype: string}
# - {name: flux, datatype: float64}
# - {name: fluxerr, datatype: float64}
# - {name: zp, datatype: float64}
# - {name: zpsys, datatype: string}
# - {name: pwv, datatype: float64}
# - {name: airmass, datatype: float64}
# meta: {SNID: '59305156', alt: 1024.0, c: -0.08948001265525818, dec: -14.631667, lat: -30.244573, lon: -70.7499537, ra: 202.5, t0: 61814.18359375,
#   x0: 8.673999196694565e-06, x1: -0.3331313729286194, z: 0.4880649745464325}
# schema: astropy-2.0
time band flux fluxerr zp zpsys pwv airmass
61805.3717 lsst_hardware_g 1298.1036117695378 40.596080955183346 31.530000686645508 AB 8.650324775320598 1.0421240995085452
61807.3715 lsst_hardware_i 1778.0526490799937 53.415501892652436 31.260000228881836 AB 4.565193475722785 1.0396113807509904
61810.3289 lsst_hardware_g 1809.5590558210047 75.31573729730296 31.700000762939453 AB 5.893742418392521 1.0749119858457998
61810.3472 lsst_hardware_y 631.6247703483423 54.69650631917707 30.049999237060547 AB 6.937392100822746 1.050509870654327
61812.3667 lsst_hardware_r 3735.6438956477614 111.42149633483167 31.65999984741211 AB 4.593070579834834 1.0376303128509736
61812.3837 lsst_hardware_y 729.5343057421461 66.41384465784957 30.059999465942383 AB 3.9404563870078615 1.0416909356970092
61814.3762 lsst_hardware_y 1260.689660389412 90.48256250029372 30.809999465942383 AB 5.1405727975635935 1.0406544455819815
61820.3418 lsst_hardware_z 3239.1169404017933 81.613077582563 31.709999084472656 AB 3.245033425103258 1.037995497833909
61820.3608 lsst_hardware_r 2921.780551219682 60.08211670199466 31.549999237060547 AB 3.3094991566580694 1.0411322553387556
61822.3427 lsst_hardware_i 1887.804578042701 53.835106712910665 31.260000228881836 AB 5.9735884330565545 1.03760673368573
61822.3601 lsst_hardware_z 1564.5940094204518 56.534522537883944 30.950000762939453 AB 5.95750604512877 1.0439554985622845
61824.3284 lsst_hardware_r 2354.4091074655876 53.877134618683144 31.510000228881836 AB 11.387043474272248 1.0385374138603902
61824.3469 lsst_hardware_u 2.39932410593712 3.010277818733086 28.5 AB 10.200962253031477 1.0397827792570817
61826.3354 lsst_hardware_g 495.55820581419306 27.195886290237784 31.450000762939453 AB 8.927057626649049 1.0380299565870987
61826.3535 lsst_hardware_r 2093.4272728311366 51.50441440192232 31.510000228881836 AB 9.006252306468742 1.047238640287063
61834.3184 lsst_hardware_i 1279.1813201191696 47.022810955493696 31.25 AB 10.127047122737498 1.0393288530596327
61834.3381 lsst_hardware_z 874.9020905494618 50.55662862587852 30.940000534057617 AB 10.192207835174331 1.0534309537401443
61838.2984 lsst_hardware_y 323.8002790985034 51.50305152728653 30.049999237060547 AB 7.470558381887982 1.0375775530399975
61838.3163 lsst_hardware_r 935.2078705712728 48.96593153750113 31.600000381469727 AB 7.515879302002426 1.0438721252781147
61843.2501 lsst_hardware_z 1729.071379941315 132.73570758748474 31.75 AB 11.516167235719843 1.0582767171218406
61843.27 lsst_hardware_r 763.7829482909771 131.176743933437 31.65999984741211 AB 11.345721323171537 1.0410192063100872
61845.2766 lsst_hardware_i 682.1703767049518 69.77452612239863 31.329999923706055 AB 7.789613198983763 1.0376235862154515
61845.2965 lsst_hardware_z 748.8015415193655 65.9702060162494 30.979999542236328 AB 8.043419200845062 1.043414198261075
61847.2771 lsst_hardware_r 467.8644896029343 45.493798454786344 31.600000381469727 AB 6.591492244702627 1.0378668311608608
61847.2972 lsst_hardware_z 652.3742086989207 52.39868172724612 30.959999084472656 AB 6.320880331462946 1.0481229822235705
61849.2768 lsst_hardware_g 95.92223761613157 22.74880055618821 31.559999465942383 AB 5.179496876443012 1.0391032770595305
61849.2965 lsst_hardware_r 397.8532006201971 34.19086135690823 31.530000686645508 AB 5.033912291164639 1.0527343109038823
61851.2752 lsst_hardware_i 503.5929101855712 39.099349356001 31.25 AB 5.489709766593468 1.0406539531952776
61851.2944 lsst_hardware_z 642.6962163903964 48.50232179337602 30.950000762939453 AB 6.121422071073045 1.0565105403992139
61853.2631 lsst_hardware_r 370.9678760193466 30.14661133442458 31.510000228881836 AB 6.3594374697974665 1.038317885594917
61853.2837 lsst_hardware_g 49.355094328985764 17.36368946865738 31.450000762939453 AB 6.430698259022216 1.0508106146529215
61855.2071 lsst_hardware_r 352.31907865860603 29.780219309607077 31.510000228881836 AB 7.914104483491675 1.073123164386767
61855.2242 lsst_hardware_i 433.3651681069728 38.041184376027516 31.260000228881836 AB 6.856299704651257 1.0506397197779989
61857.1981 lsst_hardware_z 579.9156872757732 47.91588833386303 30.950000762939453 AB 7.765293581431146 1.0792624852579773
61857.2159 lsst_hardware_i 440.49543522100265 37.73543778031876 31.260000228881836 AB 8.017382455484725 1.0535786660148867
61859.2487 lsst_hardware_u 20.404784696359474 4.78789665805546 28.420000076293945 AB 6.697802041045754 1.0388484191467593
61859.268 lsst_hardware_g 55.38916146630938 16.94341826145392 31.450000762939453 AB 6.991982872432975 1.0514918788043826
61861.2443 lsst_hardware_r 207.8623371464296 28.741943642421806 31.510000228881836 AB 4.39733376165038 1.039190301701614
61861.2624 lsst_hardware_i 406.87618567113753 36.97067448866733 31.25 AB 4.884224417421137 1.0513505956994862
61863.2394 lsst_hardware_z 372.5063212871799 45.92522347794773 30.940000534057617 AB 7.465917692804638 1.0393871213705468
61863.258 lsst_hardware_u 15.561714261093003 4.777268726943328 28.399999618530273 AB 6.294385705141372 1.052440865299732
61867.215 lsst_hardware_r 141.59081003175015 65.46541545667331 31.649999618530273 AB 9.02334695745912 1.0377627323127225
61867.233 lsst_hardware_i 406.56609442072806 57.39029348404729 31.31999969482422 AB 9.026694611997986 1.0413914853047563
61873.1191 lsst_hardware_r 342.77154359387896 89.45633973990407 31.6299991607666 AB 8.407979999200222 1.1730701080153783
61873.1361 lsst_hardware_i 246.09661116954436 73.92719583044801 31.31999969482422 AB 9.423405919883834 1.1200007035963553
61875.2083 lsst_hardware_z 555.6167371400317 73.24424031767491 31.719999313354492 AB 10.296373055116124 1.040037682334962
61877.1961 lsst_hardware_g 36.32758871056281 27.19115533721125 31.6299991607666 AB 14.217122985218012 1.0380113886918565
61877.2124 lsst_hardware_r 149.82382584375122 35.969047209236834 31.59000015258789 AB 13.91731462606948 1.0457332033814342
61882.191 lsst_hardware_g 49.23761582023237 17.12113289323431 31.479999542236328 AB 9.610269087832691 1.0408609431206206
61882.211 lsst_hardware_r 178.84305490720868 27.8025581885181 31.520000457763672 AB 8.860832998353217 1.0580099102511304
61884.1841 lsst_hardware_i 187.66260627743992 34.84444135821357 31.25 AB 8.22466364677125 1.0401969157612017
61884.2019 lsst_hardware_r 117.55489280494537 27.542141194279193 31.510000228881836 AB 8.330714927667213 1.053765011721619
61886.1809 lsst_hardware_u 4.950996586815041 3.03232922719958 28.5 AB 6.686971766283568 1.0412735190091589
61890.1598 lsst_hardware_i 18.81859559573937 31.719999313354492 31.260000228881836 AB 10.856717157843946 1.0378774588063462
61890.1776 lsst_hardware_z 35.155709677676526 42.0 30.950000762939453 AB 11.474521824343428 1.0462771792052346
61893.1141 lsst_hardware_g 31.57742654178316 27.399999618530273 31.639999389648438 AB 14.021059955194835 1.057634453888122
61893.134 lsst_hardware_r -0.8497361117989497 31.190000534057617 31.579999923706055 AB 11.817585642789041 1.0407614119896114
61894.1739 lsst_hardware_i -31.1444983724908 56.81999969482422 32.040000915527344 AB 9.591522491547124 1.0530105933777858
61894.1855 lsst_hardware_r -74.38624304493474 38.04999923706055 31.59000015258789 AB 9.889836459857067 1.0680457312408074
61898.1483 lsst_hardware_r 144.1266025774899 146.8699951171875 31.65999984741211 AB 10.282895555329832 1.0413586060387696
61898.167 lsst_hardware_i -10.385540477142008 119.05000305175781 31.34000015258789 AB 9.331407415683755 1.0576229644886948
61900.1437 lsst_hardware_z 107.50780266438169 88.1500015258789 31.0 AB 7.290586733408849 1.0418224566943282
61900.1619 lsst_hardware_r -154.3936651381775 133.3000030517578 31.65999984741211 AB 7.487591107260751 1.058067513979342
61909.0938 lsst_hardware_g 13.843038296065778 15.25 31.459999084472656 AB 8.323809517685262 1.0393069693701165
61909.114 lsst_hardware_r -42.37052156990435 24.1200008392334 31.510000228881836 AB 8.333232958791928 1.0394561032972205
61911.0771 lsst_hardware_i 75.72986709103934 31.459999084472656 31.260000228881836 AB 7.370278686052959 1.045577909781949
61911.0975 lsst_hardware_r -3.1693630229795358 24.190000534057617 31.530000686645508 AB 7.467717572729634 1.0375672803903715
61919.0738 lsst_hardware_u 3.6533417226146265 2.809999942779541 28.479999542236328 AB 9.990756664795766 1.0376772605728881
61925.0075 lsst_hardware_z 90.86611820269775 104.66000366210938 31.739999771118164 AB 12.200888127821285 1.088716965599758
61925.0178 lsst_hardware_r 91.3943189614297 96.5199966430664 31.649999618530273 AB 12.127984899967355 1.070155658661041
61927.0462 lsst_hardware_i -89.9845928111758 95.30000305175781 31.34000015258789 AB 4.423218743622776 1.0388019595168567
61927.0646 lsst_hardware_z 10.518865948207633 83.12000274658203 31.0 AB 4.363254024282309 1.0393649414679156
61943.0061 lsst_hardware_z -31.085579397137458 41.77000045776367 30.950000762939453 AB 3.215175080624432 1.0379624160634144
61943.0279 lsst_hardware_i 54.7189435319879 31.700000762939453 31.260000228881836 AB 3.216058044565035 1.0427640241767202
61945.9797 lsst_hardware_u 7.254709021567471 2.8499999046325684 28.479999542236328 AB 5.242529478242136 1.047040039592997
61945.9955 lsst_hardware_g -2.7296270763375636 15.600000381469727 31.469999313354492 AB 5.205703499237821 1.0384752799623276
61947.994 lsst_hardware_r 20.986486442033854 24.93000030517578 31.530000686645508 AB 7.958441078577877 1.037741697558699
61948.0144 lsst_hardware_i -6.965103284059734 31.889999389648438 31.260000228881836 AB 8.620265509442877 1.042858155025714
61956.9561 lsst_hardware_y -41.89021221786061 71.18000030517578 30.06999969482422 AB 5.845296900944015 1.0424534131604934
61956.9792 lsst_hardware_z 10.80036817258245 61.58000183105469 30.989999771118164 AB 6.800026728048686 1.0383305432964696
61960.956 lsst_hardware_y -51.35556900939101 71.76000213623047 30.06999969482422 AB 7.461982381164807 1.038140707375631
61960.9753 lsst_hardware_i -16.79786962003304 32.560001373291016 31.270000457763672 AB 8.386778135316069 1.0408660422359377
61962.9584 lsst_hardware_y -101.05751790274262 66.23999786376953 30.059999465942383 AB 11.021060019992776 1.0376424639277602
61962.9778 lsst_hardware_g 11.093465793051475 16.709999084472656 31.489999771118164 AB 11.113359215272292 1.0459057979818167
62171.3695 lsst_hardware_i 99.28784190945174 67.55999755859375 31.329999923706055 AB 8.661338131336256 1.0421953471044814
62173.3743 lsst_hardware_r 44.11971793676226 40.029998779296875 31.6200008392334 AB 4.547562551665884 1.0381575310566082
62175.378 lsst_hardware_g -18.36123883773411 20.540000915527344 31.579999923706055 AB 6.927617529555742 1.0377416781678348
62177.3613 lsst_hardware_z -10.632550976774269 41.880001068115234 30.959999084472656 AB 3.541166686493915 1.0386683671765413
62177.3806 lsst_hardware_y -24.08778683584012 50.88999938964844 30.059999465942383 AB 3.964628432131082 1.0398570813423298
62179.3606 lsst_hardware_g 20.10507349181886 15.760000228881836 31.479999542236328 AB 6.3845970603975655 1.0377240244449517
62179.3785 lsst_hardware_y 5.268415930040123 48.349998474121094 30.049999237060547 AB 5.368915387105348 1.0414293392807372
62181.1853 lsst_hardware_r 40.15056176485646 37.31999969482422 32.099998474121094 AB 3.0628744065136853 1.9424211435453032
62181.2079 lsst_hardware_i -24.030665919864685 35.61000061035156 31.170000076293945 AB 2.3154452588592145 1.6233549372700458
62183.3129 lsst_hardware_z 29.76720624844633 42.290000915527344 30.950000762939453 AB 5.317882241840951 1.0666697907613982
62183.3311 lsst_hardware_r -0.7594436981410138 24.420000076293945 31.510000228881836 AB 5.4065497449938755 1.0460409354582414
62187.3052 lsst_hardware_i -40.859334653403586 31.760000228881836 31.260000228881836 AB 3.8417070118631638 1.062076306094963
62187.3201 lsst_hardware_z 33.41994625252029 41.810001373291016 30.959999084472656 AB 3.8064194879845847 1.046102827405071
62189.3347 lsst_hardware_r -10.574497179644773 24.200000762939453 31.510000228881836 AB 9.741492683185669 1.037598411161066
62189.3512 lsst_hardware_u 2.4459797252105453 2.819999933242798 28.479999542236328 AB 9.726674998485434 1.0414277682470552
62193.3313 lsst_hardware_i 27.58082637167432 41.58000183105469 31.299999237060547 AB 6.785233478805984 1.038132417197978
62193.3505 lsst_hardware_z 0.4124168439771809 41.720001220703125 30.950000762939453 AB 7.067791085810928 1.0487503929682342
62195.3139 lsst_hardware_z 25.22743731129616 67.73999786376953 30.989999771118164 AB 5.419531886241729 1.0382244992800247
62195.3331 lsst_hardware_r -136.98618989279672 97.11000061035156 31.65999984741211 AB 5.438800913540193 1.0405703187526079
62197.3121 lsst_hardware_z -38.55354642429465 83.72000122070312 31.0 AB 3.5647760372179245 1.0376546378802933
62197.3307 lsst_hardware_r -101.94877858557747 120.83000183105469 31.65999984741211 AB 3.576373345139712 1.042168046179615
62203.3019 lsst_hardware_g 67.95531485722326 22.8799991607666 31.579999923706055 AB 10.111415926392318 1.037777891863762
62203.3211 lsst_hardware_r -55.5980402627968 29.020000457763672 31.549999237060547 AB 10.241584665682417 1.0469291761494932
62205.3001 lsst_hardware_i 33.08752915499962 31.639999389648438 31.260000228881836 AB 8.960131480643051 1.0384946083267454
62205.3176 lsst_hardware_z -25.577398734293197 42.0 30.950000762939453 AB 9.046121484612542 1.0486230469025484
62207.3013 lsst_hardware_r 20.306918588877082 24.190000534057617 31.520000457763672 AB 7.847310828014388 1.041033540463591
62207.3208 lsst_hardware_g -11.262366563153135 15.289999961853027 31.459999084472656 AB 8.008475446736526 1.0578529088879898
62209.2789 lsst_hardware_u -4.550360991434445 2.799999952316284 28.469999313354492 AB 11.28216722117489 1.037695117991372
62209.298 lsst_hardware_r -11.820044029331475 24.079999923706055 31.5 AB 11.035350832135666 1.042201523552502
62210.2745 lsst_hardware_i -6.807654148279354 31.31999969482422 31.260000228881836 AB 9.029917226324134 1.037921520267142
62210.2939 lsst_hardware_z 9.805297105497967 41.630001068115234 30.950000762939453 AB 8.643959863303543 1.041440947385969
62212.2769 lsst_hardware_r -13.289600733341096 24.209999084472656 31.520000457763672 AB 8.198017207938816 1.037723697207445
62212.2963 lsst_hardware_u 1.8632990922619153 2.859999895095825 28.510000228881836 AB 8.436721243030792 1.0467396083164755
62215.2789 lsst_hardware_g 1.215824056591012 15.5600004196167 31.5 AB 5.1749961425852025 1.0407580899480813
62215.2966 lsst_hardware_r 0.23522788587637963 24.5 31.530000686645508 AB 5.057043360475232 1.0550526848239354
62217.2645 lsst_hardware_i 1.1150622946536415 31.6200008392334 31.270000457763672 AB 5.4271530112816 1.0378950107633582
62217.2845 lsst_hardware_z 28.76976881772781 41.93000030517578 30.959999084472656 AB 5.482709221709866 1.0483191628508193
62219.2605 lsst_hardware_r -24.061955750017997 24.520000457763672 31.530000686645508 AB 6.338783644610122 1.0381662604283093
62219.2813 lsst_hardware_g 4.74774430490468 15.640000343322754 31.479999542236328 AB 6.417034127278501 1.0504230033194468
62221.2557 lsst_hardware_r -23.563640155346622 40.349998474121094 31.610000610351562 AB 7.372027964197937 1.0383137977743573
62221.2728 lsst_hardware_i -12.609498943606651 39.529998779296875 31.290000915527344 AB 7.438227262040173 1.0476376425408696
62223.2509 lsst_hardware_z -38.12913732146654 64.33999633789062 30.989999771118164 AB 7.906618380786132 1.0384770869208035
62223.2686 lsst_hardware_i -162.06073779494594 71.68000030517578 31.34000015258789 AB 8.06523825848627 1.0487501528091028
62225.2508 lsst_hardware_z -9.370705965173176 144.14999389648438 31.760000228881836 AB 6.89263183384652 1.0403841713457471
62229.2428 lsst_hardware_z -166.31322892692913 74.55000305175781 31.729999542236328 AB 7.418302732716933 1.0418598690659644
62231.2373 lsst_hardware_g -35.854384916592885 32.18000030517578 31.65999984741211 AB 7.381071497670109 1.0418375126098618
62231.256 lsst_hardware_r -7.123462703645658 35.95000076293945 31.59000015258789 AB 7.308227975554261 1.058754294314409
62233.2147 lsst_hardware_r 58.26791201855413 24.56999969482422 31.510000228881836 AB 9.013999948671314 1.0375827279045964
