data/validation/pwv_sim_epoch_fit_epoch/59509190.ecsv
# %ECSV 0.9
# ---
# datatype:
# - {name: time, datatype: float64}
# - {name: band, datatype: string}
# - {name: flux, datatype: float64}
# - {name: fluxerr, datatype: float64}
# - {name: zp, datatype: float64}
# - {name: zpsys, datatype: string}
# - {name: pwv, datatype: float64}
# - {name: airmass, datatype: float64}
# meta: {SNID: '59509190', alt: 1024.0, c: 0.0358063168823719, dec: 0.0, lat: -30.244573, lon: -70.7499537, ra: 245.214844, t0: 62688.46875,
#   x0: 6.4459936986289885e-06, x1: 1.2675704956054688, z: 0.5523886680603027}
# schema: astropy-2.0
time band flux fluxerr zp zpsys pwv airmass
62576.3842 lsst_hardware_i 34.521161667802616 31.860000610351562 31.229999542236328 AB 8.871153852575747 1.1595774283354643
62576.4023 lsst_hardware_y -25.130471994596167 54.9900016784668 30.020000457763672 AB 8.867648254587309 1.1578075799174001
62577.3878 lsst_hardware_r -7.518201536525011 23.739999771118164 31.479999542236328 AB 10.536717169944591 1.157245158697923
62577.4058 lsst_hardware_y -71.31606342851883 59.25 30.020000457763672 AB 10.46437412270098 1.1606877793508685
62579.3813 lsst_hardware_z -67.9137225377775 61.29999923706055 30.959999084472656 AB 7.28184022294647 1.1575012276182595
62579.4011 lsst_hardware_y 125.99982696015304 55.93000030517578 30.010000228881836 AB 7.312905264219446 1.1611625957080118
62581.3376 lsst_hardware_z 11.475089504845855 69.4800033569336 30.969999313354492 AB 7.08481725906872 1.202855222252754
62581.356 lsst_hardware_y 6.131574165585228 57.130001068115234 30.010000228881836 AB 6.869221737046697 1.1720554648736012
62583.3972 lsst_hardware_y -7.512015818648333 84.0 30.770000457763672 AB 7.3644786580514525 1.1668349295811682
62590.1927 lsst_hardware_z 4.621757844311265 52.77000045776367 30.81999969482422 AB 15.40556818375847 2.2683880167994115
62590.2236 lsst_hardware_r -10.151853099637616 24.940000534057617 31.360000610351562 AB 11.413730371841586 1.7351368762300439
62592.3011 lsst_hardware_u -4.898710225969765 2.559999942779541 28.25 AB 6.102781429881296 1.218018746920207
62592.3197 lsst_hardware_r 14.817308730984294 23.440000534057617 31.459999084472656 AB 5.919686271668342 1.1805922429785622
62597.3198 lsst_hardware_u -8.797486409641444 2.759999990463257 28.43000030517578 AB 19.547108535106176 1.1643847228655788
62597.3401 lsst_hardware_g -16.158983964718058 14.239999771118164 31.389999389648438 AB 21.042279628166614 1.156804817381342
62603.3233 lsst_hardware_r -12.080656164858986 23.639999389648438 31.489999771118164 AB 7.735609744751711 1.1567699345398648
62603.3425 lsst_hardware_i -22.342305582458827 32.029998779296875 31.239999771118164 AB 7.933454296109953 1.1667416485283524
62605.3237 lsst_hardware_z 21.43186869472592 43.33000183105469 30.950000762939453 AB 8.458704352760389 1.1579995691418021
62605.3406 lsst_hardware_i 23.457059116378854 32.02000045776367 31.25 AB 7.8705408659206695 1.170500196941938
62607.2556 lsst_hardware_r 5.865524565212676 74.95999908447266 31.610000610351562 AB 20.355048425904545 1.2301476672820306
62607.2724 lsst_hardware_z -25.3751845031413 58.31999969482422 30.959999084472656 AB 19.680816488827016 1.1912726247965912
62613.3053 lsst_hardware_i 3.7231367985564465 60.81999969482422 31.309999465942383 AB 7.900476101569889 1.1594618026690928
62613.3227 lsst_hardware_z 24.744488339694215 59.29999923706055 30.969999313354492 AB 8.15431872713387 1.1753831752844583
62615.2393 lsst_hardware_r 5.763725338210147 38.04999923706055 31.559999465942383 AB 9.808383739550953 1.2155386230983158
62615.2572 lsst_hardware_g 28.15107299895752 34.279998779296875 31.6200008392334 AB 9.926663463772188 1.1801533800157156
62617.2963 lsst_hardware_r -39.29990677170185 26.25 31.5 AB 4.328724716805857 1.160516009867522
62617.3139 lsst_hardware_i 8.677747293649137 33.09000015258789 31.239999771118164 AB 4.454079997979533 1.1783280417935271
62619.2893 lsst_hardware_z -55.59766904814268 43.040000915527344 30.93000030517578 AB 3.202589703578024 1.1596583114947583
62619.3087 lsst_hardware_i 21.446887397165117 32.029998779296875 31.229999542236328 AB 3.418246366232998 1.17870564352862
62621.2589 lsst_hardware_r -21.788943308183537 23.809999465942383 31.489999771118164 AB 12.320327478801877 1.1609807273654238
62621.2758 lsst_hardware_u 0.4546112747901844 2.740000009536743 28.40999984741211 AB 12.164660652424844 1.1569597678494288
62624.2571 lsst_hardware_g 26.18620198040403 14.649999618530273 31.420000076293945 AB 14.647993550633856 1.157913642641869
62624.2746 lsst_hardware_r -46.951661397371446 23.899999618530273 31.489999771118164 AB 14.6650372681374 1.159138764442424
62626.2576 lsst_hardware_i 34.606628805441396 31.889999389648438 31.239999771118164 AB 10.436984414674829 1.1567516345509268
62626.2761 lsst_hardware_z 12.950731323137996 43.15999984741211 30.940000534057617 AB 10.57870626902406 1.1635607261987704
62628.2535 lsst_hardware_r -21.36289393195872 23.790000915527344 31.479999542236328 AB 8.5215233226457 1.1567155317830462
62628.2714 lsst_hardware_g -19.307480493037446 14.489999771118164 31.389999389648438 AB 8.69411263183612 1.1641821949432405
62632.2635 lsst_hardware_z 124.53409930858045 43.470001220703125 30.93000030517578 AB 9.218675927851812 1.1669210035255457
62632.2833 lsst_hardware_g 20.539899705648384 14.65999984741211 31.389999389648438 AB 9.44849184462566 1.1960116259019824
62643.1926 lsst_hardware_r 5.12536530779036 47.5 31.600000381469727 AB 6.157482320159882 1.1658218340473112
62643.2155 lsst_hardware_i 9.526767308250204 44.77000045776367 31.280000686645508 AB 5.539204399348315 1.156933421383712
62645.1832 lsst_hardware_z -82.3103249492849 61.220001220703125 31.690000534057617 AB 9.207343177399368 1.1698301512874005
62645.2081 lsst_hardware_i -7.012904360154055 48.310001373291016 32.0 AB 9.08182998718138 1.1567491014729776
62647.1906 lsst_hardware_u -2.272814419954239 2.7699999809265137 28.420000076293945 AB 7.132858596869629 1.159468764899834
62647.2155 lsst_hardware_g -1.1271825252516379 14.739999771118164 31.40999984741211 AB 6.974337921061081 1.161212313248137
62651.1558 lsst_hardware_g -11.286306470336584 14.850000381469727 31.420000076293945 AB 14.23966002051722 1.1850911327309253
62651.1813 lsst_hardware_r 12.881040027901046 23.979999542236328 31.489999771118164 AB 14.368069416806117 1.1587152755488803
62653.1439 lsst_hardware_i 21.439307330129967 32.2599983215332 31.229999542236328 AB 8.62717599502078 1.196889011517832
62653.1648 lsst_hardware_z 3.6233063411627624 43.189998626708984 30.940000534057617 AB 8.376297971507245 1.1662904443758348
62658.1624 lsst_hardware_r -24.951212541977917 23.944441419350653 31.479999542236328 AB 6.527998344085975 1.1586277399983982
62658.1841 lsst_hardware_i 20.31803730484396 31.99142887637585 31.229999542236328 AB 6.297764447482768 1.160379151360338
62673.0599 lsst_hardware_i 897.6432868183473 45.640870645672415 31.219999313354492 AB 4.316999731212355 1.281484150267059
62673.0729 lsst_hardware_z 779.6885901106158 51.55052560384575 30.93000030517578 AB 4.143365624047134 1.2373796099886345
62679.1105 lsst_hardware_g 660.8702214214682 28.433631613801634 31.389999389648438 AB 9.024925504902845 1.1570417313978005
62679.1296 lsst_hardware_r 1999.0391143025554 49.55861676435423 31.469999313354492 AB 9.352431318495393 1.1622258380136241
62683.0888 lsst_hardware_z 1253.2601022060858 55.66725439038378 30.93000030517578 AB 9.941184867715394 1.1615342967419733
62683.1099 lsst_hardware_r 2185.30704317792 51.78534413626782 31.469999313354492 AB 9.908453140974 1.1577549921293866
62687.0847 lsst_hardware_u 2.216142063310251 3.021257774760175 28.40999984741211 AB 4.275975195013225 1.1580685731732125
62687.1055 lsst_hardware_r 2192.3122282009112 52.64999484495267 31.489999771118164 AB 4.2782806539532325 1.1607363293565178
62689.0856 lsst_hardware_i 1922.5274881413852 54.33550070838165 31.229999542236328 AB 2.95266456303995 1.15677358003524
62689.1088 lsst_hardware_z 1330.6626632879486 57.5361838086716 30.93000030517578 AB 3.0131177427685745 1.1678750940963467
62696.0479 lsst_hardware_z 1244.1358547726074 86.40627205207801 30.979999542236328 AB 8.353954085591457 1.1658306859921854
62696.0681 lsst_hardware_r 2105.6099430320505 123.8722518128682 31.6299991607666 AB 8.274376434846358 1.15674313495369
62698.0526 lsst_hardware_y 861.1826782723778 82.91354063123123 30.760000228881836 AB 4.497665483649275 1.1588934510820086
62699.9828 lsst_hardware_r 1528.7065172955984 45.88075027312629 31.440000534057617 AB 2.517968480518289 1.2949182208888088
62699.9883 lsst_hardware_i 1589.8806984553094 50.85291812547855 31.209999084472656 AB 2.6469501215448985 1.2734905564324746
62703.0373 lsst_hardware_z 1176.2984571936195 54.62082276627193 30.93000030517578 AB 6.469726764492753 1.1596917093465338
62703.0562 lsst_hardware_r 1329.5752469430986 43.837997188233146 31.469999313354492 AB 6.600934948738176 1.158058762936522
62708.0041 lsst_hardware_g 158.95086134961613 18.574155180730042 31.3700008392334 AB 10.827201454529645 1.1789628094656797
62708.0234 lsst_hardware_i 1181.0630486783662 46.313399876394755 31.229999542236328 AB 10.618769016940435 1.1598240420447201
62710.0081 lsst_hardware_z 924.2746024607388 52.5439947519181 30.93000030517578 AB 5.253048765795294 1.167344170176732
62710.0268 lsst_hardware_r 857.2453103922549 37.9864260589707 31.469999313354492 AB 5.2061087055438895 1.1569130456764198
62712.0056 lsst_hardware_u -2.6010347246245917 2.999404871466229 28.270000457763672 AB 5.966731485259063 1.164600084954844
62712.023 lsst_hardware_g 97.31051643260078 17.73613903582428 31.389999389648438 AB 5.906177355505582 1.1567697900417337
62717.0061 lsst_hardware_r 510.60480738543043 34.15134151151323 31.489999771118164 AB 0.36392985119571153 1.157169638142167
62717.0246 lsst_hardware_i 777.7436359265198 42.84247144015473 31.229999542236328 AB 0.43842371199767505 1.1613873165501325
62723.9744 lsst_hardware_y 318.83575473632357 59.63172642864608 30.020000457763672 AB 9.057604856305634 1.1633194010153654
62723.9917 lsst_hardware_z 620.185904023387 68.1150788051279 30.969999313354492 AB 8.937637705843251 1.156751142929302
62729.9742 lsst_hardware_y 232.17245443897855 58.585450452323705 30.030000686645508 AB 4.686802824700571 1.1567592327520948
62729.9914 lsst_hardware_i 450.35380232016456 38.28278766321743 31.25 AB 4.716436825300247 1.163020752581024
62731.9765 lsst_hardware_y 277.31214151990486 55.16772064591463 30.020000457763672 AB 3.3169767539365043 1.157892746312487
62731.9974 lsst_hardware_r 259.22662587441954 28.439157086593728 31.489999771118164 AB 3.4268432208326596 1.1749176757140547
62938.3818 lsst_hardware_z 104.98381911126117 63.75 30.969999313354492 AB 16.5539294092661 1.1683614644645588
62938.4005 lsst_hardware_y -34.82939168129751 63.369998931884766 30.020000457763672 AB 16.413989292567063 1.1570147176940757
62940.3836 lsst_hardware_r -28.26945694558881 59.400001525878906 31.610000610351562 AB 11.269479022747884 1.1620116023764964
62940.4015 lsst_hardware_y 41.30957326629976 58.45000076293945 30.020000457763672 AB 11.201942191084088 1.1568569437507803
62942.3856 lsst_hardware_r -1.9647210711022343 31.020000457763672 31.549999237060547 AB 10.532609238569849 1.1580658865937161
62942.4048 lsst_hardware_y -46.05881015630121 58.31999969482422 30.020000457763672 AB 10.537107143022771 1.1597080280676482
62945.3821 lsst_hardware_g 9.84026298502933 14.859999656677246 31.43000030517578 AB 6.53688599458358 1.1569027186449614
62945.4012 lsst_hardware_z 24.03682582709152 45.95000076293945 30.950000762939453 AB 6.604084179879193 1.162622647710673
62947.3812 lsst_hardware_i -35.57816668628637 31.979999542236328 31.25 AB 6.690301955920278 1.1567412069885936
62947.4002 lsst_hardware_y -30.44831716305504 50.38999938964844 30.020000457763672 AB 6.618474855881459 1.166405226396745
62949.3847 lsst_hardware_r 11.104731651951058 23.709999084472656 31.489999771118164 AB 7.793354791145819 1.1592079118170457
62949.4035 lsst_hardware_y 53.27565569165418 51.2400016784668 30.010000228881836 AB 7.962209339075001 1.1766232213794887
62951.3053 lsst_hardware_g 5.56589633360411 14.4399995803833 31.3799991607666 AB 8.044329056221793 1.2556838112630726
62951.3222 lsst_hardware_i -28.262224479630515 32.08000183105469 31.229999542236328 AB 7.630757468751433 1.208290531312905
62955.3557 lsst_hardware_u -0.39185846713202316 2.819999933242798 28.479999542236328 AB 7.282801134679178 1.1567958597997319
62955.3742 lsst_hardware_g 4.676778923276514 14.460000038146973 31.420000076293945 AB 7.419945518328323 1.1628489776667086
62957.3503 lsst_hardware_r -3.2160137717109434 23.489999771118164 31.479999542236328 AB 7.031837023552039 1.156789968916657
62957.3699 lsst_hardware_i -37.04196052014318 31.790000915527344 31.239999771118164 AB 7.021247392657266 1.1637587357821002
62959.3535 lsst_hardware_z -81.47440934697318 43.099998474121094 30.93000030517578 AB 6.663416703967946 1.1576806203505914
62959.3711 lsst_hardware_r 20.246496830897602 23.459999084472656 31.459999084472656 AB 6.680502446375149 1.1702215802715656
62961.3513 lsst_hardware_z -11.33535802264628 49.7599983215332 30.950000762939453 AB 8.867594410966426 1.1589101822217067
62961.3697 lsst_hardware_r 10.356083957692277 23.420000076293945 31.459999084472656 AB 8.948288180166106 1.175215696202201
62963.3177 lsst_hardware_z 69.34355519996294 68.27999877929688 30.969999313354492 AB 9.771162437742742 1.1644234610059179
62963.3357 lsst_hardware_i 0.7565361447161826 76.80000305175781 31.31999969482422 AB 9.41779005688736 1.1566924658422209
62964.3201 lsst_hardware_z -89.10080571455059 75.69999694824219 30.979999542236328 AB 11.539546164418681 1.1606865987144117
62964.3396 lsst_hardware_r -79.87054200211782 111.30999755859375 31.6299991607666 AB 10.73738943187361 1.1576076148858399
62967.3221 lsst_hardware_y 19.559051733130932 60.2599983215332 30.020000457763672 AB 4.149112211480794 1.156896311029336
62967.3394 lsst_hardware_r -17.68539861099729 100.18000030517578 31.6299991607666 AB 4.87132203978804 1.1614055566529538
62969.3207 lsst_hardware_i -147.21603531964544 48.4900016784668 31.290000915527344 AB 14.094993435320289 1.1567179206138765
62969.3379 lsst_hardware_z 8.117307488979966 51.790000915527344 30.959999084472656 AB 13.605343276449597 1.164392423847798
62971.3247 lsst_hardware_r 5.19976374613727 29.760000228881836 31.530000686645508 AB 11.45445812330364 1.1592407775836089
62971.342 lsst_hardware_g -8.005595764344323 23.829999923706055 31.549999237060547 AB 11.54839129074661 1.1746914139707483
62974.2931 lsst_hardware_u -3.1281511272002325 2.799999952316284 28.469999313354492 AB 14.943364174772297 1.160506928580094
62974.3109 lsst_hardware_r -9.516727178153785 23.690000534057617 31.5 AB 14.902751887891911 1.1572481130548358
62976.2947 lsst_hardware_i -57.310147262798885 31.950000762939453 31.239999771118164 AB 4.06754084071396 1.157469530200795
62976.3122 lsst_hardware_z -43.395249966656024 43.369998931884766 30.940000534057617 AB 4.077771355335051 1.159830677032961
62982.2009 lsst_hardware_g -10.949654669008924 14.319999694824219 31.329999923706055 AB 8.579975372289844 1.3361152424438174
62982.2194 lsst_hardware_r -16.705770587265388 23.940000534057617 31.450000762939453 AB 7.448957612253557 1.259972532519208
62985.2575 lsst_hardware_r 38.30857535693077 23.739999771118164 31.479999542236328 AB 12.34883239419939 1.1645447372877584
62985.2775 lsst_hardware_i -7.298631602157521 31.850000381469727 31.229999542236328 AB 12.2650276264037 1.156750695690248
62989.2103 lsst_hardware_z -7.270727012940324 51.220001220703125 30.950000762939453 AB 14.634171074811443 1.2289705014817995
62989.2318 lsst_hardware_r -5.278283128558091 52.630001068115234 31.600000381469727 AB 14.027881242847437 1.1824902000208577
62994.2744 lsst_hardware_r -188.42965301702475 146.0500030517578 31.6299991607666 AB 10.871413325545872 1.1689691747898785
62994.2972 lsst_hardware_z 98.36704568863652 97.95999908447266 30.979999542236328 AB 11.6901903429434 1.2066047729724312
62996.1564 lsst_hardware_y -11.366656304376713 58.9900016784668 29.950000762939453 AB 9.531317936471984 1.368459143786409
62996.1815 lsst_hardware_r 109.93698402336082 89.51000213623047 31.600000381469727 AB 7.891879168992788 1.2588736910181508
63001.2231 lsst_hardware_r -8.954927496279193 23.920000076293945 31.479999542236328 AB 7.525292729907873 1.1586285958287719
63001.2433 lsst_hardware_g 22.96386392352497 14.739999771118164 31.420000076293945 AB 7.438971940294659 1.1595010038386895
63004.1695 lsst_hardware_i 23.76646235259245 32.45000076293945 31.229999542236328 AB 9.133038660277808 1.2285497256225193
