data/validation/pwv_sim_epoch_fit_epoch/59769988.ecsv
# %ECSV 0.9
# ---
# datatype:
# - {name: time, datatype: float64}
# - {name: band, datatype: string}
# - {name: flux, datatype: float64}
# - {name: fluxerr, datatype: float64}
# - {name: zp, datatype: float64}
# - {name: zpsys, datatype: string}
# - {name: pwv, datatype: float64}
# - {name: airmass, datatype: float64}
# meta: {SNID: '59769988', alt: 1024.0, c: -0.015793506056070328, dec: -13.554784, lat: -30.244573, lon: -70.7499537, ra: 295.839844,
#   t0: 62376.1015625, x0: 3.0212432174252486e-06, x1: 1.106034278869629, z: 0.7534550428390503}
# schema: astropy-2.0
time band flux fluxerr zp zpsys pwv airmass
62251.4056 lsst_hardware_r 71.30521300215325 25.299999237060547 31.530000686645508 AB 15.338824169860413 1.0518351383658102
62251.4224 lsst_hardware_y 7.682901457999611 59.11000061035156 30.059999465942383 AB 13.76669822308664 1.0445803267596567
62253.4061 lsst_hardware_r -23.128070879713682 51.790000915527344 31.639999389648438 AB 1.4672974904192704 1.0480696360137647
62253.423 lsst_hardware_y -57.88343768183855 58.77000045776367 30.059999465942383 AB 1.6892152941168526 1.0444985587366533
62255.4098 lsst_hardware_z -33.69495006724221 88.30999755859375 31.729999542236328 AB 13.038565103540977 1.0448405403911611
62262.3963 lsst_hardware_g 10.65615737520365 28.65999984741211 31.649999618530273 AB 2.7884865056241552 1.04437696839856
62262.4157 lsst_hardware_y -61.637668848993165 49.560001373291016 30.049999237060547 AB 2.7941934586586465 1.0516347228673868
62265.3632 lsst_hardware_r -39.14649794313939 25.030000686645508 31.530000686645508 AB 8.18893009805746 1.0552744971723742
62265.3818 lsst_hardware_u -3.2689427256848513 3.059999942779541 28.59000015258789 AB 8.024144084953738 1.044980509191436
62267.3737 lsst_hardware_g 4.417422152069862 15.699999809265137 31.489999771118164 AB 7.170377825166965 1.0456637610072264
62267.3926 lsst_hardware_r 20.020565916513267 24.6200008392334 31.530000686645508 AB 7.95243215997717 1.046372652628575
62269.3623 lsst_hardware_i 3.5789725951546827 44.7400016784668 32.0099983215332 AB 6.431879692968213 1.0481348803011836
62269.3838 lsst_hardware_z -95.6371335138559 59.16999816894531 31.700000762939453 AB 6.836266358274177 1.0453006664027793
62271.3579 lsst_hardware_r -28.857541618385927 24.3700008392334 31.520000457763672 AB 8.01570480530398 1.0475991381172292
62271.3789 lsst_hardware_u 5.221322376094758 2.9200000762939453 28.549999237060547 AB 7.9743635587279735 1.045452548887118
62276.3609 lsst_hardware_g 15.331453495272076 15.300000190734863 31.459999084472656 AB 7.9735296684401895 1.0445786091691418
62276.3816 lsst_hardware_i -28.432959693299434 31.670000076293945 31.25 AB 7.55628970537879 1.0549793654978732
62278.3327 lsst_hardware_r 32.90718376588458 24.280000686645508 31.520000457763672 AB 4.440212458209442 1.0512488803100188
62278.3536 lsst_hardware_z 21.889348797574858 41.650001525878906 30.950000762939453 AB 4.389507457813465 1.0444162567664985
62281.3211 lsst_hardware_r -78.0194076974952 54.59000015258789 31.6299991607666 AB 7.69346238324823 1.0538989566093466
62281.3409 lsst_hardware_y -80.87662485732724 49.22999954223633 30.049999237060547 AB 7.743081299476468 1.0445390994740529
62284.3265 lsst_hardware_z 75.52355159671289 73.91000366210938 30.989999771118164 AB 8.246647606717238 1.045920533537038
62284.3496 lsst_hardware_r -193.06628451563273 109.29000091552734 31.65999984741211 AB 9.498728920926483 1.0478947097321494
62287.3225 lsst_hardware_r 43.74657179760945 108.93000030517578 31.65999984741211 AB 7.83347714038384 1.0448351156478246
62287.3442 lsst_hardware_z -46.28406181969756 79.70999908447266 30.989999771118164 AB 7.477906083897425 1.049457032334204
62290.3057 lsst_hardware_g -3.0836534832138214 41.2599983215332 31.690000534057617 AB 9.87307990699088 1.0477639718763536
62290.3312 lsst_hardware_i 19.447470267805816 42.83000183105469 31.299999237060547 AB 9.928966578629044 1.046945204020512
62301.2786 lsst_hardware_r 10.63046184905577 24.059999465942383 31.510000228881836 AB 12.979113397730673 1.0464635820630237
62301.3007 lsst_hardware_z 7.190463822235156 41.7400016784668 30.950000762939453 AB 12.861049226028785 1.0467484448748332
62303.2864 lsst_hardware_r 15.011588091842375 24.100000381469727 31.510000228881836 AB 6.893693909349536 1.0444990771741722
62303.3055 lsst_hardware_u -1.1893553833041897 2.819999933242798 28.479999542236328 AB 6.8368552461874295 1.052971352810736
62305.2588 lsst_hardware_u 2.1740201185716304 2.809999942779541 28.479999542236328 AB 5.3410458165982915 1.0513869717713171
62305.2784 lsst_hardware_g -17.217758123951157 15.34000015258789 31.469999313354492 AB 5.279165640422973 1.0443797633465821
62307.2626 lsst_hardware_r 21.25053203007393 24.1200008392334 31.510000228881836 AB 3.680947345196392 1.0463181765765754
62307.2817 lsst_hardware_i 28.858033933098806 31.479999542236328 31.25 AB 3.686914706217425 1.0457849117054105
62309.265 lsst_hardware_z 6.7216375100886925 47.880001068115234 30.959999084472656 AB 2.7125407709066662 1.0444900927634448
62309.2825 lsst_hardware_r 31.663887769409126 44.90999984741211 31.6200008392334 AB 2.721932070592057 1.0485100426009464
62311.2723 lsst_hardware_z -27.725253852878065 89.20999908447266 31.739999771118164 AB 3.9337963645024994 1.0463151958070307
62313.2524 lsst_hardware_r -115.59582584266164 149.25 31.65999984741211 AB 6.025523678414572 1.0446922419339557
62313.2726 lsst_hardware_z -72.58835919859445 97.12000274658203 31.0 AB 6.025987290141528 1.0490924948018265
62320.275 lsst_hardware_u 2.6240827748612077 6.739999771118164 29.040000915527344 AB 6.95879519892037 1.07058387675698
62320.2895 lsst_hardware_g -66.95570337753722 31.299999237060547 31.6299991607666 AB 7.044022575771219 1.0956638008665762
62324.2454 lsst_hardware_r -2.0862243677712096 24.6299991607666 31.520000457763672 AB 1.8916397355529986 1.0509109641961103
62324.2657 lsst_hardware_i -29.138963806085684 31.93000030517578 31.25 AB 1.7013334196412493 1.072945187917542
62326.2181 lsst_hardware_z -1.4281740438452126 41.95000076293945 30.950000762939453 AB 2.2246098074010883 1.0445403485860256
62326.2372 lsst_hardware_r 32.70302503453526 24.670000076293945 31.530000686645508 AB 2.2981617743773195 1.0491494062438513
62331.2011 lsst_hardware_r 21.421746541405838 24.760000228881836 31.530000686645508 AB 7.624899355143407 1.0451032811161576
62331.2234 lsst_hardware_z -71.5133541187191 41.939998626708984 30.950000762939453 AB 6.807103281124727 1.0490623434598758
62333.1981 lsst_hardware_r -0.8017431044450894 24.670000076293945 31.520000457763672 AB 3.1639844572128597 1.044650254135488
62333.2175 lsst_hardware_u 3.5756344913079876 2.799999952316284 28.450000762939453 AB 2.9387609049352026 1.048808317250251
62335.1785 lsst_hardware_z 26.167230446131292 42.54999923706055 30.950000762939453 AB 2.264233259581213 1.0502821459209337
62335.1985 lsst_hardware_g -16.416259142993063 15.800000190734863 31.469999313354492 AB 2.2586424162294216 1.0444589207999824
62344.1655 lsst_hardware_r 81.68449731505801 118.25150985150773 31.65999984741211 AB 3.271689110130491 1.045128958380564
62344.1867 lsst_hardware_i 115.63604014180036 94.2002523932257 31.34000015258789 AB 3.1888331361943463 1.0483834968306613
62346.1579 lsst_hardware_z 164.57275551422032 77.59908275808073 31.729999542236328 AB 4.35503670324304 1.0457107499383
62346.1808 lsst_hardware_r 20.647030705857357 94.13879447278795 32.400001525878906 AB 4.394015770592624 1.0481491123744977
62349.1357 lsst_hardware_i 99.46503446350452 33.249982118412845 31.260000228881836 AB 4.318037282379969 1.0536938219570446
62349.158 lsst_hardware_u 0.092733525326982 3.038299276920536 28.469999313354492 AB 4.224454880187101 1.0443861340828038
62350.1244 lsst_hardware_g 34.47587330368771 16.367337939453996 31.479999542236328 AB 1.6181349990777012 1.0622330409700445
62350.1433 lsst_hardware_r 9.449408094514622 25.8699014359189 31.520000457763672 AB 1.8929882788448171 1.0471033164072003
62353.1167 lsst_hardware_i 248.21063199620465 35.709860039862626 31.25 AB 2.4959786357115243 1.0616667952835068
62353.1369 lsst_hardware_r 241.08253184419985 27.870091530878167 31.510000228881836 AB 2.102493394167947 1.0463636666396552
62355.1146 lsst_hardware_u -4.986320593811572 3.279874462543973 28.520000457763672 AB 2.9775997678055983 1.0580438012992324
62355.1365 lsst_hardware_g 27.810477140673346 16.73100773336655 31.479999542236328 AB 2.7902539503580432 1.0449084822210501
62361.1236 lsst_hardware_z 477.654034308972 46.88108456191069 30.950000762939453 AB 2.5239130196471473 1.0444498322562166
62361.1422 lsst_hardware_r 515.9803398605627 34.09573674382722 31.520000457763672 AB 3.546231105360727 1.0494913007874302
62363.0989 lsst_hardware_i 810.9832141514601 42.970607459270305 31.260000228881836 AB 3.8179388099076146 1.0525469977690538
62363.1168 lsst_hardware_z 512.6951413103844 47.55308504930486 30.950000762939453 AB 3.7758741311404513 1.0445740732112736
62365.0933 lsst_hardware_g 393.9177417217434 51.469841034306754 32.43000030517578 AB 4.2229918029641915 1.0526557744037368
62365.1135 lsst_hardware_r 1596.2782540077046 66.0089049886474 32.36000061035156 AB 4.214701807499056 1.0444063455579373
62370.1082 lsst_hardware_z 3051.3420788028116 198.4547354347474 32.5099983215332 AB 2.8809988323842624 1.045355164145351
62372.0875 lsst_hardware_r 905.9578038366845 121.49274399083241 31.65999984741211 AB 3.032050169636824 1.0455345412540773
62377.0521 lsst_hardware_i 1086.984437111072 45.46480731035852 31.25 AB 5.939469525495798 1.0606195581242497
62377.0711 lsst_hardware_u -0.5493925621317973 2.821782164391453 28.459999084472656 AB 5.860220406720721 1.0464679297715573
62379.0531 lsst_hardware_g 109.88527555590908 18.468073151934888 31.450000762939453 AB 4.1331970566914045 1.0542749427207323
62379.0706 lsst_hardware_r 695.9552230850105 35.87800597114048 31.510000228881836 AB 4.098512565015809 1.0449835499880953
62381.0587 lsst_hardware_i 1037.7173895012045 44.865835694759944 31.25 AB 1.6093694102203202 1.0470848472480938
62381.077 lsst_hardware_r 647.999639271577 35.254203709382026 31.510000228881836 AB 1.65539182359424 1.0450705957034343
62384.0501 lsst_hardware_u -1.9197416478854905 2.805976384139444 28.440000534057617 AB 1.2378724904478127 1.0472694504634625
62384.0691 lsst_hardware_g 57.89113281301488 17.816010161701925 31.459999084472656 AB 1.2463261580513936 1.0451372394560046
62386.0249 lsst_hardware_g 81.66831610851857 17.634222982462248 31.459999084472656 AB 2.729091305197311 1.063662206059558
62386.043 lsst_hardware_r 532.5097257118555 33.72681605611729 31.520000457763672 AB 2.276062979715916 1.0480719783801145
62388.0264 lsst_hardware_i 851.1322642199078 43.15590979669522 31.25 AB 2.7742441465054544 1.056184319735579
62388.0428 lsst_hardware_z 629.1315512068871 48.114407940711004 30.950000762939453 AB 2.6635956498870605 1.0458460767830877
62391.0279 lsst_hardware_i 828.1291514223745 42.47349996788327 31.260000228881836 AB 2.2471896891145597 1.0488633321421514
62391.0465 lsst_hardware_u -4.603859780516673 3.0434010961922073 28.579999923706055 AB 3.000189166660907 1.0445431862341046
62394.0129 lsst_hardware_g 46.80610231002903 37.40013145900469 31.68000030517578 AB 1.3523413378226987 1.0536356352339755
62394.0317 lsst_hardware_r 429.46177114561226 45.85584353050635 31.610000610351562 AB 1.3313829809650435 1.044631605307998
62399.9868 lsst_hardware_y 151.12359361420604 63.4189418857446 30.049999237060547 AB 3.650135384226917 1.0635076144982034
62399.9955 lsst_hardware_r 494.47948994041855 97.23743324923869 31.649999618530273 AB 3.5988254011755245 1.0544978467087198
62401.9983 lsst_hardware_y 507.94630685566284 77.77144536275026 30.799999237060547 AB 1.1623912770574252 1.048616397886912
62402.0201 lsst_hardware_z 440.9461819344227 64.0417650982369 30.989999771118164 AB 1.567758541345159 1.0451723608967727
62407.9862 lsst_hardware_y 14.905887558061588 69.90973620662669 30.06999969482422 AB 3.9370130917808432 1.0465676554288716
62408.0047 lsst_hardware_r 100.59033489658661 27.680205724056858 31.520000457763672 AB 3.5581058628447035 1.045425551004761
62409.9871 lsst_hardware_y 140.4199486443767 66.655253182235 30.059999465942383 AB 2.9662705560577973 1.0447680267900699
62410.0061 lsst_hardware_r 138.65454261286902 27.156728646001746 31.5 AB 6.391351982400507 1.0481778817947833
62411.988 lsst_hardware_z 341.46452157732404 62.947607544069896 30.989999771118164 AB 2.60405893620096 1.0444435721251217
62412.0065 lsst_hardware_g 33.963107785687114 16.321592472378974 31.469999313354492 AB 2.125644754470304 1.0519088231945088
62617.416 lsst_hardware_r -52.61372456636666 32.33000183105469 31.56999969482422 AB 4.193624000681973 1.0454873479906859
62621.4048 lsst_hardware_z -11.874802403901537 42.11000061035156 30.950000762939453 AB 11.964441208878617 1.045568575450373
62621.4233 lsst_hardware_y -2.036532642813096 59.08000183105469 30.059999465942383 AB 12.643369514886125 1.046376687485403
62630.2893 lsst_hardware_g -17.591314717065163 22.149999618530273 32.15999984741211 AB 10.777802385989311 1.250990265820687
62630.3151 lsst_hardware_i 22.964278892110244 32.63999938964844 31.25 AB 9.520886103129039 1.149726615520949
62632.391 lsst_hardware_z 70.59173012849756 42.02000045776367 30.950000762939453 AB 7.946622030405231 1.0456081618954252
62632.4117 lsst_hardware_r 60.12919528128246 24.709999084472656 31.520000457763672 AB 8.05401194557909 1.0597384138919856
62635.3371 lsst_hardware_y 89.86035278954898 67.16999816894531 30.780000686645508 AB 8.550388879406091 1.0705270650829335
62635.3601 lsst_hardware_g -14.045281014813325 21.850000381469727 32.209999084472656 AB 8.366372282937913 1.048242434380801
62640.3075 lsst_hardware_z 117.017272630473 104.88999938964844 31.729999542236328 AB 7.923051857268768 1.098592880930223
62640.3389 lsst_hardware_r 279.24721272667153 149.97000122070312 32.40999984741211 AB 8.756603613503858 1.0533204025866185
62645.323 lsst_hardware_g 12.32930273342012 32.81999969482422 31.65999984741211 AB 7.585658088265176 1.0552490906677576
62645.3455 lsst_hardware_i -34.533837593994626 38.31999969482422 31.280000686645508 AB 7.1156900706609125 1.0444538597246735
62647.3257 lsst_hardware_z -1.2661793124697214 42.36000061035156 30.959999084472656 AB 5.952267859601485 1.049165897697089
62647.3473 lsst_hardware_r -35.30921473331312 26.139999389648438 31.540000915527344 AB 6.019318200605401 1.0449298152253104
62656.2976 lsst_hardware_i 12.470247274053452 31.329999923706055 31.25 AB 12.676774800595465 1.051490942318801
62656.3222 lsst_hardware_z 111.64004648467234 41.4900016784668 30.940000534057617 AB 12.550002949090715 1.044832281487814
62673.2272 lsst_hardware_z 24.426857533570356 97.81999969482422 32.470001220703125 AB 3.129489328616468 1.080065342059178
62677.2563 lsst_hardware_r -1.5556302506910238 24.290000915527344 31.520000457763672 AB 4.587026500380363 1.0446427921613215
62677.2829 lsst_hardware_z 8.318638619295715 42.0 30.950000762939453 AB 4.620724134507359 1.0540373648269838
62679.2227 lsst_hardware_r 28.073801106398193 24.1200008392334 31.5 AB 7.7224294964505 1.0630610053389695
62679.2443 lsst_hardware_u 2.4696590700810437 2.6600000858306885 28.360000610351562 AB 7.572039249259555 1.046295322545192
62681.2464 lsst_hardware_g 28.52686832105446 15.430000305175781 31.459999084472656 AB 2.9372082614359316 1.044526408760923
62681.2652 lsst_hardware_r -18.81724119325663 24.350000381469727 31.510000228881836 AB 2.8503174568711636 1.0491644269335243
62683.2422 lsst_hardware_i 2.5098081136642634 44.66999816894531 32.0099983215332 AB 7.959634529537574 1.0444343956879116
62683.264 lsst_hardware_z -2.2394587903339866 59.439998626708984 31.700000762939453 AB 8.555426073048787 1.0520259957841687
62689.218 lsst_hardware_u 1.7336484623708812 2.7699999809265137 28.43000030517578 AB 1.8826951235077247 1.0459417352820692
62689.2382 lsst_hardware_g -22.296612021449327 15.65999984741211 31.479999542236328 AB 1.8838873443969915 1.0466040802205507
62696.2062 lsst_hardware_r 35.04315455475165 153.0500030517578 31.65999984741211 AB 7.581954292941983 1.0444662095660946
62696.2275 lsst_hardware_z 7.4197885121127145 100.05999755859375 31.0 AB 6.933261364975118 1.051290578464764
62698.1912 lsst_hardware_r -190.60660744293793 149.14999389648438 31.65999984741211 AB 3.184046901622902 1.046781261320918
62700.0265 lsst_hardware_z 48.37051085847262 52.33000183105469 30.850000381469727 AB 4.289278702535694 1.9347947385794209
62705.0097 lsst_hardware_z 33.375738964756685 50.79999923706055 30.850000381469727 AB 8.372280539663981 1.9915824143830583
