data/validation/pwv_sim_epoch_fit_epoch/59829549.ecsv
# %ECSV 0.9
# ---
# datatype:
# - {name: time, datatype: float64}
# - {name: band, datatype: string}
# - {name: flux, datatype: float64}
# - {name: fluxerr, datatype: float64}
# - {name: zp, datatype: float64}
# - {name: zpsys, datatype: string}
# - {name: pwv, datatype: float64}
# - {name: airmass, datatype: float64}
# meta: {SNID: '59829549', alt: 1024.0, c: -0.033400047570466995, dec: -39.450893, lat: -30.244573, lon: -70.7499537, ra: 71.894531, t0: 62158.83203125,
#   x0: 7.457405357108719e-06, x1: -0.044296205043792725, z: 0.5200037956237793}
# schema: astropy-2.0
time band flux fluxerr zp zpsys pwv airmass
62044.3829 lsst_hardware_r 42.4460464001199 22.489999771118164 31.5 AB 4.26036730819335 1.015098238787877
62046.3188 lsst_hardware_g -81.54999440866938 81.05000305175781 31.729999542236328 AB 3.4016212602211664 1.0421633762933817
62046.3397 lsst_hardware_y -97.98122242816737 50.56999969482422 30.059999465942383 AB 2.962194940393917 1.0214465311703163
62052.3756 lsst_hardware_z -78.32070986301851 50.599998474121094 30.979999542236328 AB 2.916288339501489 1.023079578846339
62054.3739 lsst_hardware_i -34.23964420080835 39.810001373291016 31.299999237060547 AB 4.430752518847947 1.0261122090893808
62054.3851 lsst_hardware_z 87.45954717465403 69.5999984741211 30.989999771118164 AB 4.82407012252913 1.03758319239944
62055.3665 lsst_hardware_r 12.560679575841512 31.440000534057617 31.579999923706055 AB 5.659874052886982 1.0224068739220802
62055.3782 lsst_hardware_z -13.9349963524865 48.43000030517578 30.969999313354492 AB 6.123597823496798 1.0328794259805687
62057.3618 lsst_hardware_g -0.8750551472334913 16.25 31.489999771118164 AB 5.52402635579858 1.0229678436664036
62057.3732 lsst_hardware_r 22.5188851561297 25.110000610351562 31.520000457763672 AB 5.580215270984585 1.0333731983304786
62059.3679 lsst_hardware_i 28.47833404029636 31.010000228881836 31.260000228881836 AB 7.562288666806158 1.033546661826298
62059.3786 lsst_hardware_z -55.556467273285676 56.45000076293945 30.979999542236328 AB 8.165671453377252 1.0468809555611862
62065.3558 lsst_hardware_r -28.55054682308215 21.520000457763672 31.479999542236328 AB 3.2395727894455355 1.038463295668741
62065.3677 lsst_hardware_i 3.237801161563594 32.779998779296875 31.260000228881836 AB 3.3160720497240073 1.055093851165003
62067.356 lsst_hardware_z -7.490794422803992 41.2599983215332 30.950000762939453 AB 3.7395042671069056 1.0458201548727573
62067.3667 lsst_hardware_i -43.083497095063706 34.369998931884766 31.260000228881836 AB 3.7729266157486694 1.0624969348771245
62070.3431 lsst_hardware_r -10.77865842697113 21.6200008392334 31.489999771118164 AB 3.1741662893685554 1.0396308606479634
62070.3538 lsst_hardware_u -0.32027478509055635 3.009999990463257 28.540000915527344 AB 3.2491793612356594 1.0547000739781782
62075.3321 lsst_hardware_y -73.18545787313974 49.470001220703125 30.049999237060547 AB 5.6841717440013 1.043031086427543
62075.3445 lsst_hardware_g -13.9258560336906 38.77000045776367 31.690000534057617 AB 5.391862869750663 1.0618780679611364
62077.324 lsst_hardware_r -19.956463544826775 81.31999969482422 31.65999984741211 AB 4.9903001843313355 1.039645871735695
62077.3362 lsst_hardware_i 11.082687126970006 64.8499984741211 31.329999923706055 AB 5.159731383360231 1.0571234331038017
62079.3353 lsst_hardware_z 15.446507216946262 57.79999923706055 30.979999542236328 AB 4.570867508047608 1.0648910867548982
62079.3479 lsst_hardware_r -126.27836665524902 76.33999633789062 31.639999389648438 AB 4.721515896708578 1.090083707105259
62083.324 lsst_hardware_i -33.52348473301513 39.310001373291016 31.290000915527344 AB 8.513756497526982 1.0642195621908728
62083.3352 lsst_hardware_z -21.18147972514345 45.849998474121094 30.959999084472656 AB 8.749646510338032 1.0861817423478652
62086.3279 lsst_hardware_r -5.53456653743001 24.3700008392334 31.510000228881836 AB 4.008819751370272 1.088121172052581
62086.3392 lsst_hardware_z 67.07353191695454 42.18000030517578 30.950000762939453 AB 3.958375937815511 1.1153496584431721
62088.3224 lsst_hardware_g -3.642560504107141 13.140000343322754 31.3799991607666 AB 6.430738671001967 1.0880347416570122
62088.3335 lsst_hardware_r 28.07502382056223 22.260000228881836 31.479999542236328 AB 6.487114969906527 1.1147203316275498
62090.2272 lsst_hardware_g 20.80347164104313 12.720000267028809 31.3799991607666 AB 7.800529970184607 1.0170182490460684
62090.2419 lsst_hardware_r 59.68177207058788 21.280000686645508 31.479999542236328 AB 7.739293985574766 1.0129965949703543
62091.3142 lsst_hardware_z -71.20204134066321 41.279998779296875 30.940000534057617 AB 4.052312325724415 1.0880151230297799
62091.3264 lsst_hardware_r -39.68575927688909 21.8799991607666 31.459999084472656 AB 4.15749632833745 1.117606539875752
62095.13 lsst_hardware_z 27.906497195040338 59.959999084472656 31.690000534057617 AB 3.2703806677867457 1.16715941034502
62095.1401 lsst_hardware_i 32.37164994950992 43.060001373291016 31.979999542236328 AB 3.307959040477736 1.1351952781323735
62096.31 lsst_hardware_r -29.748492862962603 21.829999923706055 31.469999313354492 AB 4.996930161066947 1.1104289246815437
62096.322 lsst_hardware_u 2.020834740537913 2.5399999618530273 28.31999969482422 AB 5.14849339936177 1.1441096443026155
62098.3003 lsst_hardware_u 3.890852373623283 2.619999885559082 28.399999618530273 AB 10.108538033300853 1.0999497315888753
62098.3124 lsst_hardware_g -6.10561295694333 12.960000038146973 31.360000610351562 AB 10.535496411786967 1.1317943577799796
62100.3092 lsst_hardware_r -34.75567960704512 21.969999313354492 31.459999084472656 AB 5.92057481481996 1.1384261277055052
62100.3215 lsst_hardware_i -78.91357343623767 30.8700008392334 31.219999313354492 AB 6.160691694915411 1.1786286005195903
62103.2922 lsst_hardware_z -35.90108954076219 41.720001220703125 30.940000534057617 AB 5.008285050283969 1.1138185367027875
62103.3047 lsst_hardware_r -3.716978298170443 22.030000686645508 31.459999084472656 AB 5.169823546725666 1.1497439223230923
62105.2578 lsst_hardware_r 22.882335550278988 73.12999725341797 31.649999618530273 AB 8.084720942162551 1.054013268574617
62105.2709 lsst_hardware_z 50.33518225894764 56.689998626708984 30.979999542236328 AB 8.28896393667974 1.0773633061484635
62107.2896 lsst_hardware_i -30.018698859738592 70.19999694824219 31.31999969482422 AB 7.076062323112884 1.1369777633832172
62107.3018 lsst_hardware_z -118.96398735667869 64.01000213623047 30.969999313354492 AB 7.224729817019498 1.176542258400724
62110.2825 lsst_hardware_z 22.271124838705745 52.16999816894531 30.959999084472656 AB 6.031089913908723 1.1402363084022036
62110.2941 lsst_hardware_r -0.934629133404886 61.060001373291016 31.610000610351562 AB 5.1579466817144874 1.1782859352860886
62112.274 lsst_hardware_r 9.7911763072141 42.939998626708984 31.600000381469727 AB 7.214155607557079 1.131292125121662
62112.2846 lsst_hardware_y -91.95724434536531 49.61000061035156 30.010000228881836 AB 7.45728607224693 1.1643064945805066
62114.1977 lsst_hardware_u 0.03792474714951547 3.0799999237060547 28.59000015258789 AB 9.90942898430835 1.017647669354212
62114.212 lsst_hardware_g 4.387840436097708 18.350000381469727 31.549999237060547 AB 9.651948585563765 1.0278235750636748
62116.203 lsst_hardware_r 26.440278221594934 21.43000030517578 31.489999771118164 AB 13.01450611897392 1.024764261336529
62118.1869 lsst_hardware_z -3.450220156917426 40.20000076293945 30.950000762939453 AB 7.734604154481515 1.017711072958094
62118.1992 lsst_hardware_r -6.628802526519792 21.420000076293945 31.479999542236328 AB 7.798783681951927 1.0261557476252536
62120.1903 lsst_hardware_u 2.0382532582074466 2.5399999618530273 28.3799991607666 AB 10.537561096057358 1.0233637069435162
62120.2036 lsst_hardware_g -4.300013218578156 12.710000038146973 31.3799991607666 AB 10.65628791096553 1.0360696850313382
62128.1295 lsst_hardware_g -18.655341790640772 25.600000381469727 32.290000915527344 AB 6.360868118525731 1.014654349740955
62128.1424 lsst_hardware_r 0.21777133563454001 24.139999389648438 31.530000686645508 AB 6.310879941699683 1.0129416864009764
62129.1275 lsst_hardware_i -72.39894062099175 47.358924866083676 32.029998779296875 AB 6.489349483972041 1.0144363739209559
62129.1418 lsst_hardware_z 110.29562572294171 59.29921630421684 31.709999084472656 AB 6.438977035421386 1.0130947622894837
62131.12 lsst_hardware_i 7.826401809618618 40.186599300383534 31.299999237060547 AB 5.0794732098417334 1.0150825759076836
62131.1345 lsst_hardware_z 57.53116281467104 45.19134714323331 30.959999084472656 AB 4.892577805342002 1.0129560673585274
62133.1223 lsst_hardware_z 33.054106046639774 50.639372860238055 30.979999542236328 AB 7.59924292855621 1.0132323904741614
62133.1363 lsst_hardware_r -115.27912428057492 57.96468416054462 31.649999618530273 AB 7.253782179629921 1.0140422431914347
62137.1212 lsst_hardware_z 662.6338913718777 120.26354903879606 32.4900016784668 AB 7.0213232677846795 1.0132430246653183
62139.1192 lsst_hardware_g 117.12623515496777 63.1338010152925 31.729999542236328 AB 4.282089912114299 1.0138723599181487
62139.1309 lsst_hardware_r 541.2397479874536 62.963212772258544 31.639999389648438 AB 3.9049139277299036 1.0184296610106027
62141.1175 lsst_hardware_i 539.0449617630173 42.65283002022785 31.280000686645508 AB 10.655381707066784 1.0149271374523854
62141.1294 lsst_hardware_z 420.1867026792483 47.68295665807753 30.950000762939453 AB 11.550720633301438 1.0208325791693713
62143.1119 lsst_hardware_i 839.1887125501478 40.20623780096856 31.25 AB 8.926223196285848 1.0148817398945476
62143.1257 lsst_hardware_u 6.376780287277488 4.584919492659404 28.440000534057617 AB 8.149087595025158 1.0220427585733893
62145.0936 lsst_hardware_g 541.9636697720191 25.482873480192747 31.389999389648438 AB 6.677932779163638 1.0129206748570245
62145.1061 lsst_hardware_r 1380.774400827477 42.57579219044548 31.479999542236328 AB 6.690142295433191 1.0147726359156954
62147.0942 lsst_hardware_i 1241.362392605821 45.763179214166676 31.25 AB 5.722034489014432 1.013287495841054
62147.1079 lsst_hardware_r 1740.1244920680404 46.50463755115874 31.479999542236328 AB 5.80458802021175 1.0178130843787077
62149.0923 lsst_hardware_u 13.884697015737215 4.177341547863109 28.479999542236328 AB 3.289317371886227 1.0139695967590097
62149.1075 lsst_hardware_g 842.5046613994123 31.477469991217696 31.399999618530273 AB 2.982090400552369 1.0207977181260781
62155.0805 lsst_hardware_i 1964.5809874002387 52.61617928349218 31.25 AB 3.6768655302818347 1.0153581029428609
62155.0952 lsst_hardware_u 1.072130872577718 3.2985842808099157 28.5 AB 3.9844491435278173 1.0237317144274432
62157.0806 lsst_hardware_g 944.1558715848071 35.01814727812988 31.479999542236328 AB 12.23120236746519 1.017817887102266
62157.0934 lsst_hardware_r 2693.1779897084352 56.292919538033914 31.5 AB 12.94991340284951 1.0267658696130384
62159.0751 lsst_hardware_i 2045.646139096931 56.43186922655013 31.270000457763672 AB 7.556133600814361 1.0177981682131254
62159.0868 lsst_hardware_r 2860.4093496138157 61.55784213094542 31.56999969482422 AB 8.541254254339222 1.0257813934493871
62161.0719 lsst_hardware_z 3259.57182922097 85.45637286504008 31.719999313354492 AB 6.919969897515386 1.0190413161469576
62164.0659 lsst_hardware_r 2616.5956484554836 86.4114217902842 31.65999984741211 AB 11.928614886670166 1.0203827852074505
62164.0782 lsst_hardware_i 2051.7933925419716 72.1613587991637 31.329999923706055 AB 12.01217492875177 1.0304393453693044
62166.064 lsst_hardware_z 1554.2350036172627 68.98768077127596 30.989999771118164 AB 11.441685608609268 1.0228500242362997
62166.0764 lsst_hardware_r 2391.2653696275283 94.46726806262656 31.65999984741211 AB 11.680483008049661 1.0342812580917515
62168.0624 lsst_hardware_z 1461.6753339992058 62.15671325179842 30.979999542236328 AB 8.321764180023722 1.0259322781705278
62168.0755 lsst_hardware_g 438.6487012698263 69.25960799135323 31.729999542236328 AB 8.428002954081315 1.039627835332447
62170.0662 lsst_hardware_r 1796.4842963395342 47.622701551626186 31.5 AB 8.151050704700049 1.0350869176418516
62404.3362 lsst_hardware_r 55.922701542126994 67.47000122070312 31.649999618530273 AB 6.1828334727400645 1.0453687501462616
62409.2895 lsst_hardware_z 60.508294651581046 62.95000076293945 31.700000762939453 AB 2.8138673502201432 1.1092775362234468
62409.3063 lsst_hardware_y 21.581250472459285 67.80000305175781 30.780000686645508 AB 4.044724084655446 1.0720180452307921
62413.3675 lsst_hardware_r 5.221554879981572 21.670000076293945 31.489999771118164 AB 2.4321268287695266 1.013667753029811
62413.3809 lsst_hardware_y -37.56051661488205 48.900001525878906 30.059999465942383 AB 1.9582262017288736 1.0188923566208423
62414.3889 lsst_hardware_r 18.72013728938248 32.38999938964844 31.579999923706055 AB 8.302485030763677 1.0266881736311226
62416.3867 lsst_hardware_g 47.30885596911388 31.09000015258789 31.65999984741211 AB 3.9892685175495886 1.029710092720909
62420.3707 lsst_hardware_z 30.3758124614817 41.029998779296875 30.950000762939453 AB 4.4654934211620345 1.0251362307533782
62420.3825 lsst_hardware_r 55.816649008943294 30.06999969482422 31.559999465942383 AB 4.677227979553625 1.0369260965608096
62422.3234 lsst_hardware_u -1.6078968867799008 2.569999933242798 28.40999984741211 AB 5.390054662976251 1.0148373100448531
62422.3344 lsst_hardware_g 3.573115818368228 12.670000076293945 31.389999389648438 AB 5.5601585508024005 1.012902334977324
62423.3169 lsst_hardware_r 16.988051219802735 21.34000015258789 31.489999771118164 AB 5.0914733703416255 1.0162621497687876
62423.3284 lsst_hardware_z -5.171475018051368 40.220001220703125 30.950000762939453 AB 5.111426058787765 1.0131332414762177
62425.3675 lsst_hardware_r 0.6586575292906954 22.1200008392334 31.489999771118164 AB 7.558544603583569 1.0353697918246065
62425.3779 lsst_hardware_u 10.137863439023782 10.09000015258789 29.270000457763672 AB 8.180697108429566 1.048807321593534
62427.3514 lsst_hardware_g 10.10426681606488 12.850000381469727 31.399999618530273 AB 6.696542401063018 1.0249809797545435
62427.3622 lsst_hardware_r 2.9936054949870496 21.899999618530273 31.489999771118164 AB 6.643928793716359 1.0355519616131486
62429.3556 lsst_hardware_i -94.54741444009515 44.02000045776367 31.309999465942383 AB 0.7108912581778966 1.0342743814433841
62429.3664 lsst_hardware_z -28.120950847975976 42.95000076293945 30.950000762939453 AB 0.7559360655287851 1.047970515982604
62433.3504 lsst_hardware_r 4.913443338399768 76.30000305175781 31.649999618530273 AB 3.713546048763424 1.041083837612398
62433.3612 lsst_hardware_z 41.44330192206037 59.5099983215332 30.979999542236328 AB 3.7638080567115946 1.0567052707065447
62435.3491 lsst_hardware_z -69.71969847920069 50.959999084472656 30.969999313354492 AB 2.503798283418393 1.0466654846032437
62435.3601 lsst_hardware_i 1.3246092463733836 51.130001068115234 31.309999465942383 AB 2.5339305362785813 1.064080572345429
62437.3366 lsst_hardware_r -16.562786093578588 44.79999923706055 31.6200008392334 AB 3.5032323798256773 1.037533653139546
62437.3478 lsst_hardware_z -40.427560756315756 46.560001373291016 30.959999084472656 AB 3.4944770073199702 1.052791144782698
62438.342 lsst_hardware_r 16.29493690274442 37.56999969482422 31.600000381469727 AB 3.7652003353303707 1.0482183561611371
62438.3527 lsst_hardware_y -61.21241066342242 48.93000030517578 30.040000915527344 AB 3.7686244213145397 1.065486124205536
62442.3382 lsst_hardware_r -0.13746933575311426 22.209999084472656 31.489999771118164 AB 2.7400348473020157 1.0592918224105305
62442.35 lsst_hardware_i -0.9054717722283946 30.940000534057617 31.239999771118164 AB 2.8115828003250702 1.081378000125027
62451.3318 lsst_hardware_z -12.318022482425091 41.2599983215332 30.93000030517578 AB 2.1562306053909177 1.095367338273378
62451.3435 lsst_hardware_r 16.71456125774919 22.079999923706055 31.459999084472656 AB 2.7717828737707437 1.125140196375236
62456.229 lsst_hardware_z 72.33065900309293 45.7599983215332 30.959999084472656 AB 7.600203551866759 1.0153912560944234
62456.2456 lsst_hardware_g 8.910053703423772 36.54999923706055 31.690000534057617 AB 7.503468994683176 1.0130240306037421
62458.307 lsst_hardware_i 2.8138898788879794 44.02000045776367 31.290000915527344 AB 4.932560333331665 1.0828099663394553
62458.3186 lsst_hardware_r 21.004808879623322 40.439998626708984 31.59000015258789 AB 5.099374061172689 1.1097255945390496
62460.3132 lsst_hardware_z -124.70659459853225 86.37000274658203 31.719999313354492 AB 5.379219201627363 1.1098801653976678
62461.3034 lsst_hardware_r -63.04749507302298 87.0199966430664 31.639999389648438 AB 4.515938125665059 1.0928521085764558
