data/validation/pwv_sim_epoch_fit_epoch/59993991.ecsv
# %ECSV 0.9
# ---
# datatype:
# - {name: time, datatype: float64}
# - {name: band, datatype: string}
# - {name: flux, datatype: float64}
# - {name: fluxerr, datatype: float64}
# - {name: zp, datatype: float64}
# - {name: zpsys, datatype: string}
# - {name: pwv, datatype: float64}
# - {name: airmass, datatype: float64}
# meta: {SNID: '59993991', alt: 1024.0, c: 0.022341111674904823, dec: -1.193748, lat: -30.244573, lon: -70.7499537, ra: 86.660156, t0: 61812.828125,
#   x0: 5.518257141820323e-06, x1: 0.5752168893814087, z: 0.5890747904777527}
# schema: astropy-2.0
time band flux fluxerr zp zpsys pwv airmass
[from data line 132]
62108.2501 lsst_hardware_i 124.32174529333203 139.8000030517578 32.06999969482422 AB 5.010238663729357 1.148084020102969
62108.2697 lsst_hardware_z -173.7411160756989 122.47000122070312 31.729999542236328 AB 5.136707767133686 1.1689390352272666
62111.2282 lsst_hardware_z -70.67419150985171 56.15999984741211 30.959999084472656 AB 4.8377230526999675 1.1440303608781255
62111.2465 lsst_hardware_r -90.62160345764472 65.93000030517578 31.6200008392334 AB 4.877684038080034 1.1513475836374445
62113.2294 lsst_hardware_u -7.4910572362732974 7.340000152587891 29.049999237060547 AB 6.131153950376209 1.144940046755838
62113.2472 lsst_hardware_r 27.34248903015252 39.08000183105469 31.579999923706055 AB 6.182304436969379 1.1572653611775554
62117.2298 lsst_hardware_r 41.55970314319687 23.690000534057617 31.489999771118164 AB 12.505985043119594 1.1510870305232266
62117.2488 lsst_hardware_u 1.7993696350455743 2.7899999618530273 28.450000762939453 AB 12.721973360670027 1.1749144219311407
62119.2225 lsst_hardware_g 10.34048954803816 14.460000038146973 31.399999618530273 AB 9.267363467680484 1.1496882772589747
62119.2406 lsst_hardware_r 27.948562832423185 23.719999313354492 31.469999313354492 AB 9.447474032171241 1.1703884326087262
62121.1867 lsst_hardware_i 23.93685127050774 31.579999923706055 31.25 AB 9.730832083661827 1.1487455484894151
62121.2064 lsst_hardware_z 40.886161579741525 42.529998779296875 30.950000762939453 AB 9.689327712175384 1.1446341065771974
62123.1529 lsst_hardware_z 69.14134243600725 43.31999969482422 30.950000762939453 AB 4.0783562359985535 1.186430905017761
62123.1717 lsst_hardware_r -18.05623036994803 23.790000915527344 31.5 AB 5.902714554332532 1.1570925028097538
62125.1522 lsst_hardware_u 5.491347374947616 3.8399999141693115 29.1299991607666 AB 4.835800326801986 1.177309878710161
62125.1732 lsst_hardware_r -1.3283795883466014 33.720001220703125 32.2400016784668 AB 5.536610182989329 1.1505839948024374
62127.1575 lsst_hardware_i 24.636834703473358 32.09000015258789 31.25 AB 5.47193929834243 1.1609489317558195
62127.176 lsst_hardware_z 80.5415734194051 43.0 30.950000762939453 AB 6.625744979923483 1.1457610133308613
62130.15 lsst_hardware_r 16.082843096294496 37.38999938964844 31.56999969482422 AB 8.120639450141262 1.1600913500201802
62130.1703 lsst_hardware_z 125.48299496469713 45.290000915527344 30.950000762939453 AB 8.133082805243937 1.144913350651392
62132.1507 lsst_hardware_y -24.187105393513573 51.720001220703125 30.010000228881836 AB 7.105341751301952 1.1534645700164925
62132.1702 lsst_hardware_r 81.48874680335373 56.9900016784668 31.610000610351562 AB 6.909515921924896 1.144038510701506
62134.1643 lsst_hardware_i 104.8925071422453 76.4000015258789 31.31999969482422 AB 8.994221548852906 1.1440604047724705
62134.1853 lsst_hardware_z 34.765062998145694 69.72000122070312 30.979999542236328 AB 10.72011394165978 1.152700423834385
62138.1289 lsst_hardware_z -134.13551678669103 74.76000213623047 30.969999313354492 AB 5.364356182321886 1.159192432973108
62138.1508 lsst_hardware_r -4.315004951485811 105.19999694824219 31.6299991607666 AB 5.268196607065433 1.1443686853499122
62140.1289 lsst_hardware_i 36.38036473823748 48.25 31.290000915527344 AB 2.9277670981003285 1.153421049809716
62140.1499 lsst_hardware_z 88.18587234555474 52.040000915527344 30.959999084472656 AB 2.8109595636380353 1.1440228849807128
62142.1277 lsst_hardware_r 18.077039289080368 23.329999923706055 31.489999771118164 AB 9.197086450326731 1.1498873441473736
62142.1497 lsst_hardware_u 0.7580113171360562 4.03000020980835 28.690000534057617 AB 9.232871136518867 1.1447836750452192
62144.1292 lsst_hardware_g 21.215739410605078 14.5600004196167 31.420000076293945 AB 8.114749284903588 1.1459082517691999
62144.1479 lsst_hardware_r -24.701949931684396 23.760000228881836 31.489999771118164 AB 8.224992571701254 1.146047593651042
62146.1228 lsst_hardware_i 38.85173966799373 31.309999465942383 31.229999542236328 AB 9.712823706287281 1.1463151398590377
62146.1429 lsst_hardware_z 22.000722966991283 42.529998779296875 30.940000534057617 AB 9.4355364719662 1.1462486096739664
62148.1184 lsst_hardware_r 6.630162138897331 23.5 31.489999771118164 AB 6.578455460787224 1.1458561178849331
62148.1375 lsst_hardware_g -13.21359360136981 14.369999885559082 31.420000076293945 AB 8.253180439482119 1.1462750610391832
62152.0826 lsst_hardware_i -28.131412316929815 32.0 31.239999771118164 AB 3.9113058143035433 1.1703488373140465
62152.1024 lsst_hardware_z -18.980999726930932 43.09000015258789 30.940000534057617 AB 4.286528783567039 1.1485106259138695
62154.0851 lsst_hardware_r 11.7364761823628 23.260000228881836 31.479999542236328 AB 4.586270812843884 1.1593202256936062
62154.1053 lsst_hardware_u 0.40362716380801933 2.630000114440918 28.350000381469727 AB 4.555855290690787 1.1447591659503147
62156.0853 lsst_hardware_g 18.34825980923114 14.829999923706055 31.420000076293945 AB 8.78753810372223 1.1533337406860558
62156.1054 lsst_hardware_r -29.00247438423285 23.290000915527344 31.489999771118164 AB 8.751102003105679 1.1440096742408916
62158.0812 lsst_hardware_i -5.345570093791897 34.29999923706055 31.25 AB 12.44287833636156 1.152118364477922
62158.1014 lsst_hardware_z 25.105748084363395 43.70000076293945 30.940000534057617 AB 12.851409130607502 1.1440423558404305
62162.0751 lsst_hardware_r 65.51340414948803 77.4000015258789 31.6299991607666 AB 13.7085385061661 1.1485035611734333
62162.0932 lsst_hardware_i 114.74832476917446 66.19000244140625 31.309999465942383 AB 15.646433689436966 1.1443586003293895
62163.0696 lsst_hardware_z 66.52294252561359 71.2699966430664 30.979999542236328 AB 13.115098656814938 1.1504472505978016
62163.0894 lsst_hardware_i 106.82595051231131 77.88999938964844 31.309999465942383 AB 13.106356566375831 1.1441936241161534
62165.0794 lsst_hardware_z -137.40792973965003 109.97000122070312 31.739999771118164 AB 14.438110413969637 1.144065801423897
62167.0668 lsst_hardware_r 27.7684492562898 86.81999969482422 31.639999389648438 AB 10.413037620385888 1.1457377587485063
62167.0836 lsst_hardware_i -11.218504797972294 70.7699966430664 31.31999969482422 AB 10.192484801779859 1.1454482400224604
62169.0468 lsst_hardware_z -74.31172952287906 66.43000030517578 31.700000762939453 AB 7.7473196658619266 1.1563163680390935
62171.0362 lsst_hardware_y 30.690930117755137 52.66999816894531 30.010000228881836 AB 10.594874414329317 1.1624197064380182
62171.0547 lsst_hardware_g 18.505669448067053 14.25 31.399999618530273 AB 11.02389928539367 1.146233354342994
62173.0349 lsst_hardware_y 48.909974455466376 51.97999954223633 30.010000228881836 AB 6.061772626931315 1.1573790218484612
62173.0534 lsst_hardware_i -25.32401861832547 31.690000534057617 31.239999771118164 AB 5.391428347952444 1.1447579477569065
62175.0338 lsst_hardware_y 54.67189737704988 51.54999923706055 30.010000228881836 AB 7.667312878893237 1.1529793802846637
62175.0524 lsst_hardware_i -19.448365320611302 31.479999542236328 31.239999771118164 AB 11.509351855539439 1.1440423305126055
62179.0312 lsst_hardware_y -45.01752354944337 51.22999954223633 30.010000228881836 AB 3.003321463034874 1.147035568313742
62179.049 lsst_hardware_i 16.925085764165463 31.399999618530273 31.229999542236328 AB 2.3362771535685414 1.1448597616311629
62181.0203 lsst_hardware_z -21.963089479360654 67.5199966430664 30.969999313354492 AB 2.9658516724875423 1.1505583056881166
62181.0242 lsst_hardware_u 12.885188525766756 8.210000038146973 29.079999923706055 AB 2.958699078356763 1.1478948897601409
62183.0241 lsst_hardware_y -10.687813585027799 59.04999923706055 30.020000457763672 AB 3.146318108361565 1.145365165038793
62183.0432 lsst_hardware_r -31.34685243086626 23.360000610351562 31.479999542236328 AB 2.752498691477491 1.146874454782288
62185.0216 lsst_hardware_y -1.6932203608616934 59.970001220703125 30.030000686645508 AB 4.044940770046795 1.1445246225079353
62185.0394 lsst_hardware_z 43.49976141070306 43.11000061035156 30.940000534057617 AB 4.049760648745293 1.147782895251382
62187.0208 lsst_hardware_y 13.702698052192476 59.7599983215332 30.030000686645508 AB 4.232801558365745 1.144000421179931
62187.0356 lsst_hardware_z 33.76528574039441 43.91999816894531 30.940000534057617 AB 4.250623332430979 1.1488171168732375
62189.0191 lsst_hardware_y 66.23320410023355 61.349998474121094 30.030000686645508 AB 5.564101733826679 1.1442882743088285
62189.0352 lsst_hardware_r 26.881852061456364 44.18000030517578 31.600000381469727 AB 5.597089490618407 1.1527516328399705
