data/validation/pwv_sim_epoch_fit_epoch/60158564.ecsv
# %ECSV 0.9
# ---
# datatype:
# - {name: time, datatype: float64}
# - {name: band, datatype: string}
# - {name: flux, datatype: float64}
# - {name: fluxerr, datatype: float64}
# - {name: zp, datatype: float64}
# - {name: zpsys, datatype: string}
# - {name: pwv, datatype: float64}
# - {name: airmass, datatype: float64}
# meta: {SNID: '60158564', alt: 1024.0, c: -0.010735808871686459, dec: -14.78593, lat: -30.244573, lon: -70.7499537, ra: 96.503906, t0: 61360.8828125,
#   x0: 2.986853782892139e-06, x1: 0.8080676794052124, z: 0.7570715546607971}
# schema: astropy-2.0
time band flux fluxerr zp zpsys pwv airmass
[from data line 133]
61767.2113 lsst_hardware_r -42.64963134738369 22.5 31.489999771118164 AB 6.300291251766997 1.040797012957014
61767.2319 lsst_hardware_i -29.67816058399943 30.530000686645508 31.25 AB 6.426704604376058 1.0587651737028103
61769.179 lsst_hardware_i -21.645216668677694 30.450000762939453 31.260000228881836 AB 9.677051869763348 1.0405432118025104
61769.1982 lsst_hardware_z 30.722692054104535 41.130001068115234 30.959999084472656 AB 9.654324933474435 1.0380994552123046
61771.1831 lsst_hardware_r 3.7482475180548023 22.530000686645508 31.5 AB 7.266229087810962 1.0376776928195228
61771.2009 lsst_hardware_g 10.466203335622472 13.779999732971191 31.420000076293945 AB 7.2893597574877935 1.0410567664975636
61775.1754 lsst_hardware_z -77.98600689412217 58.41999816894531 31.700000762939453 AB 11.841953024403082 1.0374482477903617
61775.1977 lsst_hardware_i 40.48675304873641 42.779998779296875 32.0 AB 11.837358916839056 1.0460804250802238
61777.159 lsst_hardware_z 20.129528189746626 45.91999816894531 30.959999084472656 AB 8.279911446679124 1.0397327113303352
61777.1798 lsst_hardware_g -33.13774663316107 33.22999954223633 31.65999984741211 AB 8.320213957531127 1.0390526328480938
61779.1597 lsst_hardware_r -169.0845726341569 67.30999755859375 31.649999618530273 AB 6.6426760828613425 1.0379181379470848
61779.1807 lsst_hardware_i -66.35368957629034 56.849998474121094 31.31999969482422 AB 7.828794232300223 1.041940583687532
61781.1764 lsst_hardware_z 77.60486139577714 101.66999816894531 31.739999771118164 AB 7.145460418252318 1.0426255474103576
61784.1254 lsst_hardware_r 182.20687058011808 74.13999938964844 31.649999618530273 AB 7.680254265041505 1.0494301106840889
61784.1446 lsst_hardware_g -34.593884398279535 78.9800033569336 31.729999542236328 AB 7.642948150156341 1.0382206930333837
61785.1279 lsst_hardware_r -59.46059591344029 57.400001525878906 31.639999389648438 AB 5.764247173478266 1.045036502216939
61785.1471 lsst_hardware_i 4.5989346731173635 50.86000061035156 31.309999465942383 AB 5.720211489776215 1.037476200857195
61787.1216 lsst_hardware_z -63.33875342965051 41.0 30.940000534057617 AB 2.1530390520530855 1.0456721962375157
61787.1418 lsst_hardware_i 11.14669363785911 35.47999954223633 31.270000457763672 AB 1.5170379643247662 1.0374682607794101
61789.116 lsst_hardware_u 2.621616981727796 2.559999942779541 28.350000381469727 AB 4.066862224630259 1.0457795117550917
61789.1335 lsst_hardware_g 1.734392881732541 13.4399995803833 31.399999618530273 AB 4.294143196126903 1.0377339768310545
61791.1111 lsst_hardware_r 2.8080199033896047 22.18000030517578 31.489999771118164 AB 13.264417300616822 1.0453477264257858
61791.1309 lsst_hardware_i 39.929355182752545 30.049999237060547 31.25 AB 12.368582929829298 1.0374659776318935
61793.1145 lsst_hardware_z 81.48323546416006 40.900001525878906 30.950000762939453 AB 8.526140106045693 1.0400691382969436
61793.1353 lsst_hardware_u 0.6055604152572135 2.609999895095825 28.389999389648438 AB 8.11844181026928 1.038783819449274
61795.1134 lsst_hardware_g -3.7893274099100096 13.430000305175781 31.389999389648438 AB 8.165422408205144 1.0385164852355748
61795.1339 lsst_hardware_r -12.178368239247622 22.1299991607666 31.479999542236328 AB 8.143777803947728 1.0403395252871395
61799.1057 lsst_hardware_i -42.81787447515888 30.0 31.239999771118164 AB 11.97214538630618 1.0378073323774428
61799.123 lsst_hardware_u 1.4065125233391076 2.5799999237060547 28.3700008392334 AB 12.100296586643527 1.0403487736775312
61805.0862 lsst_hardware_z -54.149379918245955 60.93000030517578 31.700000762939453 AB 10.884276963560195 1.0384852117159162
61807.0731 lsst_hardware_z -68.0290789599799 49.34000015258789 30.969999313354492 AB 4.900852789754199 1.0416265227957802
61807.0911 lsst_hardware_r -61.442225384069374 51.83000183105469 31.6299991607666 AB 4.467417650396737 1.0375670009437339
61808.0633 lsst_hardware_i -67.28544801311656 55.900001525878906 31.31999969482422 AB 6.566236331116138 1.0464260610817362
61808.0812 lsst_hardware_z -19.78723989487868 53.849998474121094 30.969999313354492 AB 6.389778076691814 1.037793015095089
61810.0631 lsst_hardware_i 142.72146001722936 73.72000122070312 31.329999923706055 AB 6.179698767339252 1.0426791694164859
61810.0827 lsst_hardware_z -14.828616281373586 66.5 30.989999771118164 AB 6.271540053289359 1.0375471240018241
61812.0577 lsst_hardware_g 21.348583236305398 94.06999969482422 31.729999542236328 AB 1.0508956387866561 1.0426413944142103
61812.0746 lsst_hardware_r -89.94316395417394 89.04000091552734 31.65999984741211 AB 1.0508366607583586 1.0374364400740685
61814.0593 lsst_hardware_i 44.20074335805374 43.130001068115234 31.299999237060547 AB 2.5823679887242763 1.0392171388943678
61814.0761 lsst_hardware_r 32.722472211467824 50.40999984741211 31.6299991607666 AB 2.5934989014575947 1.0382647812340662
61816.0559 lsst_hardware_u -0.17394028903344086 2.609999895095825 28.399999618530273 AB 1.7883079523302898 1.038556619462984
61816.075 lsst_hardware_g -9.627975531765303 13.34000015258789 31.40999984741211 AB 1.7674346073810399 1.039667416106494
61818.0519 lsst_hardware_r -0.706813531033198 22.1299991607666 31.5 AB 1.1831797349196953 1.0381805220120168
61818.0688 lsst_hardware_i 8.28574627424886 30.110000610351562 31.260000228881836 AB 1.2088002135440974 1.0393810950508147
61820.03 lsst_hardware_y -45.53388248580991 48.5 30.059999465942383 AB 6.692231417541115 1.046860686861161
61820.0471 lsst_hardware_z -27.088949716885853 40.7599983215332 30.959999084472656 AB 3.0244022596040216 1.0380352691487646
61822.029 lsst_hardware_y -3.103108421973162 48.70000076293945 30.049999237060547 AB 4.11020367636309 1.0435299717837108
61822.0465 lsst_hardware_u 3.1319659842739496 2.6500000953674316 28.440000534057617 AB 3.3206177191449426 1.0374498849160174
61824.0269 lsst_hardware_y 2.51317351410606 48.33000183105469 30.040000915527344 AB 7.3887745789970305 1.041503723017953
61824.0444 lsst_hardware_r 15.731259766865291 21.989999771118164 31.479999542236328 AB 7.432925140975744 1.0375384060546824
61828.024 lsst_hardware_z 64.50000404017207 41.630001068115234 30.950000762939453 AB 8.25752109167533 1.0383227300839746
61828.0425 lsst_hardware_g -0.9916856060043462 13.3100004196167 31.40999984741211 AB 8.212133080498655 1.0397737503796725
61832.0096 lsst_hardware_y -40.80032830340536 68.48999786376953 30.06999969482422 AB 5.5371425394386184 1.039416050953656
61832.0267 lsst_hardware_r 52.39037472235561 23.719999313354492 31.510000228881836 AB 5.5547283771553575 1.0382023008825663
61834.0067 lsst_hardware_y 107.21057585240574 69.31999969482422 30.06999969482422 AB 11.784630241695695 1.038567924710998
61834.0257 lsst_hardware_g -29.358732695945594 26.860000610351562 31.6200008392334 AB 11.87229254006694 1.0396053012317812
61836.005 lsst_hardware_y 92.06591320938504 74.41000366210938 30.06999969482422 AB 6.642631567019968 1.037749034060298
61836.0235 lsst_hardware_z 49.007159681481525 48.70000076293945 30.969999313354492 AB 6.701982079569216 1.0410845948845258
61838.0134 lsst_hardware_y -121.26738207481104 86.66999816894531 30.81999969482422 AB 11.320164866953911 1.0390953821469264
