data/validation/pwv_sim_epoch_fit_epoch/60161524.ecsv
# %ECSV 0.9
# ---
# datatype:
# - {name: time, datatype: float64}
# - {name: band, datatype: string}
# - {name: flux, datatype: float64}
# - {name: fluxerr, datatype: float64}
# - {name: zp, datatype: float64}
# - {name: zpsys, datatype: string}
# - {name: pwv, datatype: float64}
# - {name: airmass, datatype: float64}
# meta: {SNID: '60161524', alt: 1024.0, c: 0.1291976124048233, dec: -28.461132, lat: -30.244573, lon: -70.7499537, ra: 221.835938, t0: 61367.09765625,
#   x0: 0.0001511643751572896, x1: 1.1528350114822388, z: 0.13981713354587555}
# schema: astropy-2.0
time band flux fluxerr zp zpsys pwv airmass
61439.3019 lsst_hardware_z -34.981614570251665 46.27000045776367 30.920000076293945 AB 13.004406714388281 1.3932297744148574
61439.3198 lsst_hardware_i 12.791963004351812 33.91999816894531 31.239999771118164 AB 12.0658027844744 1.2801912768673103
61441.3009 lsst_hardware_u -0.27585975074663144 2.690000057220459 28.239999771118164 AB 8.971400977863603 1.3621237377190551
61441.3192 lsst_hardware_g -22.47882691437569 16.200000762939453 31.40999984741211 AB 8.281610028720673 1.2544092742685053
61446.3031 lsst_hardware_z -38.6137527298974 45.25 30.93000030517578 AB 3.735827673000726 1.267169768670041
61446.3224 lsst_hardware_u -1.007944417092925 2.880000114440918 28.450000762939453 AB 3.4414555586549267 1.1782444138048251
61451.3003 lsst_hardware_i -5.82761820006397 33.2599983215332 31.229999542236328 AB 4.894076537933685 1.2140344900300615
61451.3191 lsst_hardware_z -16.994865587148958 43.400001525878906 30.940000534057617 AB 4.489663472571269 1.1402319930339733
61453.2961 lsst_hardware_i 8.693502808132095 32.75 31.239999771118164 AB 5.925410173360646 1.2084042364353373
61453.3148 lsst_hardware_u 0.0929102506179191 2.7300000190734863 28.3700008392334 AB 5.614648703755585 1.136338535469665
61455.2971 lsst_hardware_z -18.538718093274454 54.619998931884766 30.959999084472656 AB 3.033114188624943 1.1811575616907128
61455.3153 lsst_hardware_r 49.892396972622386 59.95000076293945 31.6299991607666 AB 2.9364956204565975 1.1174234166950743
61457.2949 lsst_hardware_i -2.0566280110997264 69.7300033569336 31.309999465942383 AB 7.581557067092371 1.1683856422503558
61457.3146 lsst_hardware_r 92.38692099750222 87.37999725341797 31.649999618530273 AB 7.159671494009991 1.103567722863853
61459.3081 lsst_hardware_z -41.391694536647854 90.44000244140625 31.729999542236328 AB 12.12007943926283 1.1065028930718792
61461.3209 lsst_hardware_i -54.730579540954025 73.5199966430664 31.329999923706055 AB 9.556842799029289 1.0618714221143655
61461.3408 lsst_hardware_z 8.732209032532216 66.91999816894531 30.989999771118164 AB 8.842591944852684 1.0282083656805447
61463.3017 lsst_hardware_z -85.07385655346594 55.13999938964844 30.969999313354492 AB 6.618241628525733 1.094105079934821
61463.3214 lsst_hardware_r -68.43977680058947 58.459999084472656 31.639999389648438 AB 6.3351536882617765 1.050257574313955
61467.2953 lsst_hardware_r -0.18258955048263165 25.110000610351562 31.510000228881836 AB 6.519815994775266 1.0826212785545712
61467.315 lsst_hardware_z 15.28278723888172 41.88999938964844 30.950000762939453 AB 6.355162389913801 1.0423425274583895
61469.2125 lsst_hardware_g 0.6709467182329758 14.960000038146973 31.299999237060547 AB 15.811737269075957 1.450618098080363
61469.2324 lsst_hardware_r 5.579216997266867 24.920000076293945 31.450000762939453 AB 14.254044491194573 1.3117118265529872
61471.2009 lsst_hardware_i -54.13752161707085 34.279998779296875 31.190000534057617 AB 14.160113477626311 1.5029441418331642
61471.2219 lsst_hardware_z 4.348687197943813 45.099998474121094 30.920000076293945 AB 13.019867966231734 1.342992844818292
61473.1856 lsst_hardware_z 18.796094573753155 48.619998931884766 30.889999389648438 AB 14.28057267817061 1.5984970116883293
61473.206 lsst_hardware_r 18.001027109583806 25.239999771118164 31.440000534057617 AB 12.76476432895286 1.4159734137018092
61475.2109 lsst_hardware_r -1.847425768791058 24.950000762939453 31.450000762939453 AB 11.569265222548413 1.3435059047813718
61475.2318 lsst_hardware_i -16.566905939279536 32.849998474121094 31.229999542236328 AB 10.532731207603748 1.2277699207464663
61478.213 lsst_hardware_z 19.273132340558107 45.04999923706055 30.93000030517578 AB 14.425947116941943 1.2819930343197627
61478.2328 lsst_hardware_i 25.94657664999476 32.529998779296875 31.239999771118164 AB 13.20089180791972 1.1872818156917222
61480.2071 lsst_hardware_u 3.0429250648587254 2.569999933242798 28.209999084472656 AB 10.099379244899518 1.2844316775877718
61480.2282 lsst_hardware_g 2.704718727685931 14.979999542236328 31.399999618530273 AB 9.875806217879159 1.1837709227120616
61482.2568 lsst_hardware_r -40.467255957889314 34.83000183105469 31.59000015258789 AB 6.823435028953392 1.0767610902561766
61482.2746 lsst_hardware_y 3.784919212354792 47.22999954223633 30.049999237060547 AB 6.611331667697178 1.041427934003214
61486.2464 lsst_hardware_z 10.500186575143967 70.5199966430664 30.989999771118164 AB 6.281207029298096 1.0755491488524374
61486.2624 lsst_hardware_r -108.97546993517285 103.11000061035156 31.65999984741211 AB 5.4951578682044175 1.0435660386847716
61488.2614 lsst_hardware_i -22.887236253522033 99.54000091552734 31.350000381469727 AB 6.350168946491509 1.0363674703228445
61488.279 lsst_hardware_z 129.8289750538167 82.36000061035156 31.010000228881836 AB 6.2076148106832365 1.014661550476045
61491.1464 lsst_hardware_r -84.29512573064314 85.91999816894531 31.540000915527344 AB 10.363972204037442 1.5020249571068756
61491.1659 lsst_hardware_i 45.059044248963744 73.5 31.280000686645508 AB 9.32947118127952 1.3520972726492055
61495.1719 lsst_hardware_g -9.685524233528099 14.899999618530273 31.399999618530273 AB 5.97127581325152 1.253767318011985
61495.1908 lsst_hardware_r 0.38849907288049584 24.139999389648438 31.489999771118164 AB 5.5772606391324 1.1697479274593867
61498.1486 lsst_hardware_r -8.385462838751419 24.700000762939453 31.440000534057617 AB 8.433033548091121 1.3403319502667805
61498.1658 lsst_hardware_i -18.259360498488885 32.779998779296875 31.219999313354492 AB 7.815445480520553 1.243260366756103
61500.1622 lsst_hardware_u 2.1061257210046453 2.619999885559082 28.270000457763672 AB 8.64709360590752 1.2341824452981855
61500.1825 lsst_hardware_g 0.6987138957692032 14.979999542236328 31.40999984741211 AB 8.508540128247615 1.150009929029683
61502.171 lsst_hardware_r -1.7934571403529929 24.309999465942383 31.489999771118164 AB 11.954450214638333 1.1724072195987452
61502.1883 lsst_hardware_i 0.37236031687641974 31.799999237060547 31.239999771118164 AB 11.432983287157372 1.1134847738947315
61504.1446 lsst_hardware_i 13.448802641961633 33.0099983215332 31.219999313354492 AB 8.71800722949107 1.2679815619941925
61504.1629 lsst_hardware_z -48.13738497296693 43.4900016784668 30.93000030517578 AB 8.160575572686577 1.1828635414823274
61510.1584 lsst_hardware_r 21.232983996543368 37.38999938964844 31.579999923706055 AB 12.024523328858672 1.138955560393907
61510.1757 lsst_hardware_z -10.333546861632765 44.7400016784668 30.950000762939453 AB 10.772259123704826 1.0881069821924065
61512.1527 lsst_hardware_r -16.018349002121827 57.11000061035156 31.6200008392334 AB 16.71234873811763 1.1397632638694422
61512.1718 lsst_hardware_y 68.72061554570038 50.220001220703125 30.040000915527344 AB 14.820831396332988 1.0841998607395595
61521.1537 lsst_hardware_g -71.07697162800353 51.04999923706055 31.700000762939453 AB 9.289742023148701 1.0690972099680107
61521.173 lsst_hardware_i 86.62432095943186 47.36000061035156 31.309999465942383 AB 6.622358409089797 1.0338146835405373
61523.1531 lsst_hardware_z -15.994561774988906 43.15999984741211 30.950000762939453 AB 2.1981432769746 1.0588783799805388
61523.1728 lsst_hardware_r 12.514649077156193 29.6299991607666 31.56999969482422 AB 2.2781439381735793 1.0265377664407254
61525.0624 lsst_hardware_r -35.51501172330201 25.420000076293945 31.440000534057617 AB 15.17040279596441 1.428463630633571
61525.0813 lsst_hardware_i 5.345000102167922 33.5099983215332 31.219999313354492 AB 13.84039381046485 1.3011557591863168
61527.0463 lsst_hardware_i 53.72761079073234 35.06999969482422 31.18000030517578 AB 12.754931611937849 1.5184442395164106
61527.0659 lsst_hardware_z -62.381689829855056 46.119998931884766 30.920000076293945 AB 11.453517800247281 1.363514023838962
61534.0406 lsst_hardware_z 86.81271715642166 45.9900016784668 30.920000076293945 AB 12.773385590940533 1.4073934413538247
61534.0599 lsst_hardware_i 30.782799864762183 33.150001525878906 31.219999313354492 AB 11.433305147295702 1.2831392262571824
61536.0453 lsst_hardware_u -2.0947570810969975 2.950000047683716 28.3700008392334 AB 10.337976999649847 1.3374559214684543
61536.0646 lsst_hardware_g -22.771208838883737 16.549999237060547 31.440000534057617 AB 9.430076086266139 1.2308795674682511
61540.0405 lsst_hardware_r -18.582720217184598 51.04999923706055 31.56999969482422 AB 7.663591177527364 1.3002544167054668
61540.0606 lsst_hardware_i 36.590219588048946 46.36000061035156 31.280000686645508 AB 7.79718168692491 1.199566413373063
61542.0751 lsst_hardware_z -62.39103078572446 92.58000183105469 31.729999542236328 AB 9.978051135377783 1.1256826641897186
61546.0629 lsst_hardware_z -160.64172076466653 139.94000244140625 31.739999771118164 AB 7.982887457646061 1.1297604666920882
61548.0474 lsst_hardware_g -57.200570081495115 82.25 31.68000030517578 AB 2.2810313636519735 1.1647819729285442
61548.0687 lsst_hardware_r 59.16163690239966 81.73999786376953 31.639999389648438 AB 2.103608867487977 1.0965815121569504
61552.0417 lsst_hardware_u -1.5702889163570786 2.7200000286102295 28.360000610351562 AB 6.618061521178872 1.145885468128971
61552.0619 lsst_hardware_g -12.00568582649368 15.25 31.440000534057617 AB 6.293186143034213 1.0859058109457305
61554.0442 lsst_hardware_r 26.206037425272573 24.34000015258789 31.5 AB 10.83653468455259 1.1198816394928528
61554.0638 lsst_hardware_i -66.11691557700242 31.719999313354492 31.260000228881836 AB 10.29220428446009 1.0686537518907786
61558.0458 lsst_hardware_u -4.827878307066634 2.7100000381469727 28.399999618530273 AB 11.574302026841565 1.085201030746082
61558.0576 lsst_hardware_r -7.641886170754063 23.950000762939453 31.510000228881836 AB 11.185359480004413 1.0587517650032574
61561.0518 lsst_hardware_r -2.0218066539896946 23.81999969482422 31.5 AB 10.029914795518152 1.0540699526752066
61561.0707 lsst_hardware_z 13.659121367660186 41.2400016784668 30.950000762939453 AB 9.747249070508587 1.02444461923787
61562.9492 lsst_hardware_y 120.8812900007556 73.58000183105469 29.899999618530273 AB 6.696088000233581 1.5075620263188294
61562.9667 lsst_hardware_r -14.566854185259885 25.329999923706055 31.450000762939453 AB 6.155337521073616 1.3696790211554883
61573.9529 lsst_hardware_y 224.3180672725955 84.77999877929688 29.989999771118164 AB 7.426095349568597 1.271047556622882
61573.9763 lsst_hardware_z 1.5645391711205974 89.62999725341797 30.979999542236328 AB 7.931441375568798 1.1651889783413163
61575.9527 lsst_hardware_y -27.74460251387688 74.08000183105469 29.989999771118164 AB 4.671518253118412 1.243913793933807
61575.9729 lsst_hardware_i -26.796726814273114 68.48999786376953 31.309999465942383 AB 4.183527326044926 1.1575358061457024
61579.9553 lsst_hardware_y 8.729717843793162 63.61000061035156 30.010000228881836 AB 5.339531354299783 1.1832319443714596
61579.975 lsst_hardware_g -16.47748408563897 14.899999618530273 31.420000076293945 AB 5.349441821107215 1.1144670460640032
61581.9556 lsst_hardware_y -183.57692401593016 63.02000045776367 30.020000457763672 AB 5.8985843207497 1.160910120202799
61581.9749 lsst_hardware_i 2.528725929620209 31.8700008392334 31.260000228881836 AB 6.931382896978936 1.0991872020159272
61586.9581 lsst_hardware_y -80.83057652832235 58.099998474121094 30.040000915527344 AB 8.282900751632603 1.107993902589436
61586.977 lsst_hardware_r -13.508596211260889 23.969999313354492 31.510000228881836 AB 8.325283126760056 1.06162753465439
61595.9615 lsst_hardware_y -8.847416551472072 54.119998931884766 30.049999237060547 AB 8.36190029783928 1.0445194301216203
61595.9807 lsst_hardware_r -5.312698464569746 32.52000045776367 31.59000015258789 AB 8.126244216926432 1.0180711872871606
