data/validation/pwv_sim_epoch_fit_epoch/60181698.ecsv
# %ECSV 0.9
# ---
# datatype:
# - {name: time, datatype: float64}
# - {name: band, datatype: string}
# - {name: flux, datatype: float64}
# - {name: fluxerr, datatype: float64}
# - {name: zp, datatype: float64}
# - {name: zpsys, datatype: string}
# - {name: pwv, datatype: float64}
# - {name: airmass, datatype: float64}
# meta: {SNID: '60181698', alt: 1024.0, c: -0.11466912180185318, dec: -36.238361, lat: -30.244573, lon: -70.7499537, ra: 140.625, t0: 62206.65234375,
#   x0: 1.4663460777124731e-05, x1: 1.1420035362243652, z: 0.3911301791667938}
# schema: astropy-2.0
time band flux fluxerr zp zpsys pwv airmass
62098.2723 lsst_hardware_r 15.912748116948318 23.5 31.440000534057617 AB 11.961592691445983 1.3559078073092357
62098.2886 lsst_hardware_u 4.083049925785982 2.640000104904175 28.34000015258789 AB 10.907675958140203 1.2649636288734711
62100.279 lsst_hardware_g -26.84933486600836 13.630000114440918 31.309999465942383 AB 6.908545607482665 1.2861083972974245
62100.2971 lsst_hardware_r -32.104994698960446 22.989999771118164 31.450000762939453 AB 6.306045802869144 1.2021438271975238
62107.2692 lsst_hardware_z 26.18911115466914 59.93000030517578 30.959999084472656 AB 7.711993921536938 1.2402366410296037
62107.2857 lsst_hardware_i -59.561536099854806 63.04999923706055 31.309999465942383 AB 7.295985961552813 1.1724495346847956
62112.2396 lsst_hardware_i 31.198589782249048 50.54999923706055 31.270000457763672 AB 6.675752243343887 1.322716909717759
62112.2602 lsst_hardware_r -34.819579399820874 54.18000030517578 31.59000015258789 AB 7.850574694053006 1.2194909623001213
62114.2531 lsst_hardware_r -16.881249062414284 35.72999954223633 31.549999237060547 AB 11.319225545512653 1.2266506510809951
62114.2756 lsst_hardware_i -4.733808213084439 37.7599983215332 31.270000457763672 AB 10.533175054264756 1.1417147716190832
62118.2491 lsst_hardware_u -6.376356376947245 2.5299999713897705 28.280000686645508 AB 9.267958138956303 1.1975395463279384
62118.2725 lsst_hardware_r 10.204806036754785 22.280000686645508 31.479999542236328 AB 8.94109677185391 1.1181961945790282
62126.2537 lsst_hardware_i 2.89659902280994 30.809999465942383 31.25 AB 5.169673780507092 1.1097888220913632
62126.2755 lsst_hardware_z 67.99978931807871 41.29999923706055 30.950000762939453 AB 4.8993614508680094 1.060410464989559
62129.2541 lsst_hardware_r -24.11411574902084 22.030000686645508 31.489999771118164 AB 6.864092961034863 1.0881280289098392
62129.2772 lsst_hardware_i -29.161549941593293 29.81999969482422 31.25 AB 6.578098671279056 1.0437284682711712
62133.255 lsst_hardware_z 107.23453609369012 46.380001068115234 30.959999084472656 AB 7.653427735666751 1.0630252885318883
62133.2772 lsst_hardware_g 5.368743158736602 29.200000762939453 31.65999984741211 AB 7.4065875313745 1.0290500217262244
62135.3182 lsst_hardware_r 14.041466092531339 55.52000045776367 31.649999618530273 AB 5.099873722107562 1.0062230296825179
62135.3301 lsst_hardware_y -9.326649734998021 49.150001525878906 30.059999465942383 AB 5.143569862072456 1.0101937535985184
62137.165 lsst_hardware_z -26.91530761768939 95.91000366210938 31.700000762939453 AB 9.476219041202901 1.3610994029460457
62137.1871 lsst_hardware_r 149.07354056356706 129.4199981689453 32.36000061035156 AB 8.68840941965768 1.241143721135473
62143.1716 lsst_hardware_g -3.528496646556763 20.6200008392334 31.489999771118164 AB 9.815324868890537 1.2370958767638505
62143.1937 lsst_hardware_i 79.12934969986145 36.880001068115234 31.260000228881836 AB 9.20710414483558 1.150588385712335
62145.3264 lsst_hardware_r -15.714731604286234 24.059999465942383 31.510000228881836 AB 7.691950520113903 1.0301719446581121
62145.3377 lsst_hardware_z 14.05909244279037 41.31999969482422 30.950000762939453 AB 7.6513897854417525 1.0457718561391027
62149.2122 lsst_hardware_z 21.146599203537942 41.13999938964844 30.950000762939453 AB 4.673336096168547 1.0613579839135197
62149.2297 lsst_hardware_u 1.7352683464340644 2.700000047683716 28.5 AB 4.552127697210915 1.0337521737733428
62153.1348 lsst_hardware_r -45.68920040813392 22.739999771118164 31.440000534057617 AB 1.9532731704619641 1.2835000572524131
62153.1526 lsst_hardware_u -0.29850134022300856 2.559999942779541 28.309999465942383 AB 1.812828157366314 1.201344040666875
62157.1359 lsst_hardware_z -19.288448778415813 43.150001525878906 30.93000030517578 AB 14.61405692982369 1.2257801111219517
62157.1545 lsst_hardware_r -10.418627076652722 22.149999618530273 31.459999084472656 AB 13.757423973495188 1.153855906524799
62159.1317 lsst_hardware_y 27.5228771810872 48.84000015258789 29.989999771118164 AB 9.523045285208749 1.2202774583814389
62159.1499 lsst_hardware_g -2.8982311609398947 19.31999969482422 31.520000457763672 AB 8.852535522465722 1.150975408138908
62161.1323 lsst_hardware_r 73.81756737070498 42.119998931884766 31.579999923706055 AB 9.347121992645658 1.1951567811587425
62161.1506 lsst_hardware_i 8.049623530824293 39.959999084472656 31.280000686645508 AB 8.852895763087266 1.131396627762838
62161.2495 lsst_hardware_g -15.951196702835311 13.029999732971191 31.40999984741211 AB 8.680274216577514 1.0066809436265873
62161.2621 lsst_hardware_r 13.552828156951348 21.6200008392334 31.5 AB 9.423035318245635 1.0118242925949408
62164.1271 lsst_hardware_z -35.078757004171564 56.970001220703125 30.959999084472656 AB 14.026126685042113 1.1835395059524185
62164.1454 lsst_hardware_r 46.59961834930183 70.91999816894531 31.6299991607666 AB 13.2854961800298 1.1225282639579057
62166.1254 lsst_hardware_z 89.54821924587971 70.37000274658203 30.979999542236328 AB 14.054811819530935 1.169626082430902
62166.1443 lsst_hardware_r -117.55881454968844 101.06999969482422 31.639999389648438 AB 13.341204918731881 1.1103097949551115
62170.1331 lsst_hardware_r -105.1047132284121 57.52000045776367 31.6299991607666 AB 8.30586857932549 1.1110662819167496
62170.1535 lsst_hardware_z -93.04921786319834 52.15999984741211 30.979999542236328 AB 7.967751387674128 1.063950956447259
62172.1225 lsst_hardware_g 13.983871556013774 13.460000038146973 31.40999984741211 AB 6.977329078786015 1.1256177261969265
62172.1396 lsst_hardware_r -14.201174142587277 27.899999618530273 31.549999237060547 AB 6.866356207463718 1.0814862509787013
62174.2388 lsst_hardware_r -0.6495714853185821 24.010000228881836 31.520000457763672 AB 6.003681043191497 1.0211499676592908
62174.2502 lsst_hardware_i 14.220210490002751 31.149999618530273 31.260000228881836 AB 4.558688092226642 1.0338919526510832
62178.1187 lsst_hardware_r -24.64114177349423 22.280000686645508 31.489999771118164 AB 1.8140570823491204 1.091983194792548
62178.1375 lsst_hardware_i 53.83843064852103 30.1299991607666 31.25 AB 2.1066307868523757 1.0533153934261879
62180.1149 lsst_hardware_z -20.89387846435017 41.6801806583969 30.950000762939453 AB 3.7110046887036776 1.0880318665113724
62180.1322 lsst_hardware_i 67.99467512121937 30.22558629176036 31.239999771118164 AB 3.805860730842795 1.0530396303922882
62182.1116 lsst_hardware_u 13.310744751621359 4.80267588282929 29.200000762939453 AB 1.6160954083387467 1.083052881719254
62182.1314 lsst_hardware_g 20.91027059831522 19.350127431467563 32.15999984741211 AB 3.104902996508704 1.0454218843463194
62186.1329 lsst_hardware_u 12.18113078202188 4.364489661878052 28.540000915527344 AB 3.1522730830934886 1.02858595271704
62186.1516 lsst_hardware_g 267.4084875414745 21.306729519941296 31.440000534057617 AB 3.0655130993351074 1.0121658923624612
62190.0292 lsst_hardware_y 289.36328421926555 54.21499304123202 29.959999084472656 AB 9.256066548553385 1.3081855061201872
62190.0481 lsst_hardware_z 734.5747329610738 54.20029168742761 30.940000534057617 AB 8.580538615199863 1.2158042671200655
62192.0271 lsst_hardware_y 383.0917773092211 55.56375309910698 29.969999313354492 AB 12.322418306764341 1.2899003775530558
62192.0473 lsst_hardware_i 1570.3434316703451 64.06285036199267 31.290000915527344 AB 10.648579203724823 1.1965816129290934
62194.0261 lsst_hardware_y 467.6707563033168 59.956400704053 29.989999771118164 AB 10.01671838974892 1.2669367133279266
62194.0462 lsst_hardware_r 3303.0852083803607 105.3662135333734 31.6299991607666 AB 9.180003466734682 1.1797215789673818
62202.0182 lsst_hardware_y 688.3820845420372 54.1131959147113 29.989999771118164 AB 7.753896150584698 1.2038342106170932
62202.0388 lsst_hardware_r 4663.849367922806 71.7213850371579 31.459999084472656 AB 7.27317061016849 1.1309548453068576
62204.0163 lsst_hardware_y 720.1427374278379 53.4913641927261 30.0 AB 12.83250689214126 1.1896270410810477
62204.0374 lsst_hardware_z 2167.9252668119807 60.87511747284295 30.940000534057617 AB 12.08868881039566 1.1190380977432524
62206.0144 lsst_hardware_y 745.8667992854662 54.12585539294959 30.0 AB 9.513310838509687 1.1761284313660703
62206.0347 lsst_hardware_u 23.55875959033651 5.65765944864557 28.40999984741211 AB 8.993435670321473 1.1113525975600054
62206.1393 lsst_hardware_z 2164.206162856814 60.862754688831174 30.950000762939453 AB 7.713833114906556 1.0118714186585176
62206.1511 lsst_hardware_r 5016.87269517861 73.93284574168412 31.5 AB 7.673377417871168 1.0208484369673676
62208.014 lsst_hardware_y 1199.1564445421095 75.30067334182624 30.75 AB 10.636707765641992 1.1581045519003956
62208.0372 lsst_hardware_r 9460.562556619643 102.50805717821517 32.220001220703125 AB 9.945288256855122 1.0909905757588578
62208.1484 lsst_hardware_u 16.568834896745553 5.243283470098745 28.479999542236328 AB 14.329603804803053 1.0235431289145038
62208.1615 lsst_hardware_g 2592.274834136978 53.61721728962438 31.40999984741211 AB 14.553299079004567 1.0395213627860405
62211.0191 lsst_hardware_z 4437.112194672866 88.27334058370276 31.700000762939453 AB 9.123756042191662 1.1167388056538141
62213.005 lsst_hardware_y 610.2439559350482 54.66126639384201 30.020000457763672 AB 8.910592123244305 1.1426765995440247
62213.0218 lsst_hardware_g 2157.134607379925 47.96273804932248 31.40999984741211 AB 8.443736412371722 1.095237876953333
62216.0034 lsst_hardware_y 660.5469483160808 54.78784003103923 30.030000686645508 AB 4.1028434625062085 1.1225801803564641
62216.0219 lsst_hardware_i 3029.9632257953544 63.67238044636334 31.260000228881836 AB 3.9702669549046665 1.0761475302416124
62218.0007 lsst_hardware_y 423.70822176610784 54.00198794191624 30.030000686645508 AB 6.851970470062039 1.1147457380795074
62218.0184 lsst_hardware_i 3008.0007690391726 63.719496694861036 31.270000457763672 AB 6.552522484162169 1.0720165486440805
62219.998 lsst_hardware_y 434.33261346250197 56.742400338211304 30.030000686645508 AB 9.93970906627207 1.1072417362450657
62220.0147 lsst_hardware_z 1706.1273920329152 61.82960059249254 30.959999084472656 AB 8.793161233629414 1.068427853417912
62224.005 lsst_hardware_z 2996.581154733583 110.62323073393893 31.739999771118164 AB 6.929023769578762 1.0660036568582711
62226.0571 lsst_hardware_i 2291.767488525307 82.50822697342747 31.34000015258789 AB 4.817891648205232 1.0063656421950389
62226.0699 lsst_hardware_z 1364.6588471720743 70.96596818912373 30.989999771118164 AB 4.818916001611646 1.0062643259494972
62227.9925 lsst_hardware_y 329.3085825437466 51.40021347334322 30.049999237060547 AB 8.442667573428006 1.0691432131820677
62228.0121 lsst_hardware_z 1320.5249423165233 53.75015221214522 30.950000762939453 AB 8.086333042720565 1.0362665155131283
62231.987 lsst_hardware_y 368.74994735039013 53.27590560256648 30.049999237060547 AB 8.783204903973395 1.0587276885213537
62232.0056 lsst_hardware_r 1657.5900700709574 45.93080536128142 31.5 AB 8.347865409963244 1.0306006678966968
62233.9849 lsst_hardware_y 304.6591011087653 53.321186722518775 30.049999237060547 AB 9.231661850319398 1.0527910877056952
62234.0025 lsst_hardware_r 1427.5789962209055 43.33173543601048 31.479999542236328 AB 7.90912112671348 1.0278260073701728
62234.0437 lsst_hardware_u -5.700408553149877 3.2781390304456255 28.40999984741211 AB 7.584461907885935 1.005785643658201
62234.0572 lsst_hardware_g 405.0343541489578 24.31597879101968 31.389999389648438 AB 7.573240654915651 1.0090030627857598
62237.9816 lsst_hardware_y 232.17909211261176 53.73267697277393 30.049999237060547 AB 5.627836350574507 1.0407464356124838
62238.0 lsst_hardware_i 1451.1357752904173 48.53781329861056 31.260000228881836 AB 4.994640744422054 1.019314437637154
62258.9982 lsst_hardware_r 395.89766894322463 29.61188092983124 31.489999771118164 AB 13.373220957056079 1.0141984648154163
62259.0095 lsst_hardware_u -9.957194191370387 4.030107001854378 28.360000610351562 AB 14.020816366715879 1.023915508766998
62461.2636 lsst_hardware_r -64.89172921258891 84.2699966430664 31.559999465942383 AB 4.694683130039703 1.4594869834320319
62461.2803 lsst_hardware_z -37.35818228795675 60.5 30.950000762939453 AB 4.5882850190434885 1.344486721735736
62473.2714 lsst_hardware_z -53.37389811654907 43.400001525878906 30.93000030517578 AB 7.5927941491659015 1.221267441272089
62473.2906 lsst_hardware_u -0.7314911929983592 2.630000114440918 28.3700008392334 AB 7.141752220359872 1.1484240379289083
62475.2088 lsst_hardware_z -7.798475114075405 48.459999084472656 30.8799991607666 AB 4.287357343793754 1.6057518141547773
62475.2303 lsst_hardware_r -15.723707727908431 23.68000030517578 31.40999984741211 AB 3.7276858706048515 1.4226451180631052
62481.2529 lsst_hardware_g -0.6866379557093478 13.460000038146973 31.360000610351562 AB 11.479584306213171 1.20710665680475
62481.2744 lsst_hardware_r -9.456305005748986 22.389999389648438 31.469999313354492 AB 10.903850808205013 1.1306357121737463
62483.2542 lsst_hardware_i -15.936972073258238 31.219999313354492 31.229999542236328 AB 12.339120134886086 1.180438164630902
62483.2758 lsst_hardware_r -5.7402707321196935 22.309999465942383 31.479999542236328 AB 11.752303238504801 1.1109612174225836
62489.2579 lsst_hardware_z 20.94750389449649 54.849998474121094 30.969999313354492 AB 4.852536437359602 1.1151410863748012
62489.2791 lsst_hardware_r -64.22697572051185 67.91999816894531 31.639999389648438 AB 4.661087771781637 1.0652697455792406
62491.2683 lsst_hardware_z -2.9028122086225974 84.30000305175781 31.729999542236328 AB 5.803000222870749 1.0761908118945123
62493.2577 lsst_hardware_r -17.56131311846877 78.72000122070312 31.639999389648438 AB 7.2876790467927615 1.0877132905660838
62493.28 lsst_hardware_z -18.24587472221565 58.060001373291016 30.979999542236328 AB 6.9993967360834155 1.04468608001245
62497.2555 lsst_hardware_g -34.77425239898107 43.45000076293945 31.68000030517578 AB 6.7255709781958615 1.068752588735355
62497.2783 lsst_hardware_r -58.88609760136968 45.810001373291016 31.6299991607666 AB 6.495995206687777 1.0318610428254953
62497.3406 lsst_hardware_z 34.48011722313382 68.0999984741211 31.729999542236328 AB 6.540075510739771 1.0110522155660828
62501.2596 lsst_hardware_r 25.465128902663945 21.84000015258789 31.479999542236328 AB 5.852167666371068 1.0425012543451573
62501.2805 lsst_hardware_u 0.6300979313146775 2.640000104904175 28.43000030517578 AB 5.709020034972148 1.0181799869163377
62503.1481 lsst_hardware_i -60.95643555603598 33.5099983215332 31.18000030517578 AB 6.778446372570744 1.466006244405676
62503.1709 lsst_hardware_z -31.78171785848715 44.810001373291016 30.920000076293945 AB 6.265910876058702 1.3136081501171284
62505.1518 lsst_hardware_r 3.206539366757052 23.350000381469727 31.40999984741211 AB 3.464620092638261 1.3986691711239405
62505.1734 lsst_hardware_u -2.345299372689675 2.4600000381469727 28.190000534057617 AB 3.191710997223034 1.271091595867397
62510.2181 lsst_hardware_i 55.18507451176604 30.049999237060547 31.25 AB 7.476696602467205 1.0726583124661517
62510.2361 lsst_hardware_z -31.88235874877559 40.630001068115234 30.950000762939453 AB 7.19094320869848 1.0409211028405847
62514.2107 lsst_hardware_g -6.996844045145333 13.050000190734863 31.389999389648438 AB 4.703370306074214 1.0655573869674249
62514.2297 lsst_hardware_i 32.572070343290775 29.709999084472656 31.25 AB 4.5561229525015134 1.0346594646307512
62514.2731 lsst_hardware_z -2.770045904763913 40.15999984741211 30.950000762939453 AB 4.669316401395746 1.0057762846302092
62514.2864 lsst_hardware_i 8.558168273191713 29.420000076293945 31.25 AB 4.69967356005141 1.0076487049852938
62517.1398 lsst_hardware_z 26.171974635861087 73.91000366210938 31.700000762939453 AB 5.614690017751461 1.2753412873938583
62519.2179 lsst_hardware_y 42.636500144615574 73.27999877929688 30.799999237060547 AB 6.882581412892359 1.0322839835354962
62521.143 lsst_hardware_z -172.71499036093257 99.80999755859375 31.719999313354492 AB 8.88435420015369 1.2099903575285922
62527.1354 lsst_hardware_i 8.813445908344974 30.809999465942383 31.219999313354492 AB 15.46308845301716 1.1754980009135398
