data/validation/pwv_sim_epoch_fit_epoch/6034480.ecsv
# %ECSV 0.9
# ---
# datatype:
# - {name: time, datatype: float64}
# - {name: band, datatype: string}
# - {name: flux, datatype: float64}
# - {name: fluxerr, datatype: float64}
# - {name: zp, datatype: float64}
# - {name: zpsys, datatype: string}
# - {name: pwv, datatype: float64}
# - {name: airmass, datatype: float64}
# meta: {SNID: '6034480', alt: 1024.0, c: -0.023449016734957695, dec: -30.865255, lat: -30.244573, lon: -70.7499537, ra: 50.976562, t0: 61606.92578125,
#   x0: 2.57292949836625e-06, x1: 0.36691632866859436, z: 0.8044050931930542}
# schema: astropy-2.0
time band flux fluxerr zp zpsys pwv airmass
61611.3729 lsst_hardware_r 447.8710306614345 50.96703417830962 31.559999465942383 AB 7.0433890007722715 1.2766315441088008
61611.3935 lsst_hardware_i 863.8176432806769 52.05387382177332 31.270000457763672 AB 7.290444846473398 1.1810213585733675
61612.3641 lsst_hardware_z 1162.9374469877046 76.72564691498734 31.690000534057617 AB 9.344320159056299 1.3108089627405264
61619.3805 lsst_hardware_i 622.5566785508624 40.7338799910366 31.229999542236328 AB 2.1652442990982124 1.1481631281121762
61619.3992 lsst_hardware_z 540.5529342525557 47.52943832697215 30.940000534057617 AB 2.0181381364464652 1.091869145056699
61622.3651 lsst_hardware_i 619.9181846568252 39.66441563262948 31.219999313354492 AB 2.3551280383807804 1.1746274505639804
61622.3841 lsst_hardware_u -0.4805157007697388 2.544443066354739 28.309999465942383 AB 1.6433401731717634 1.110740231951175
61624.3706 lsst_hardware_g 32.92826397877401 14.166394453265399 31.3700008392334 AB 4.827223272933638 1.135505533288973
61624.389 lsst_hardware_r 245.07932305411768 26.919135935416154 31.479999542236328 AB 3.3380641240524533 1.0832301979131247
61626.3727 lsst_hardware_i 438.7999050324641 37.89076498137314 31.239999771118164 AB 5.469275717318091 1.1121311656186175
61626.3917 lsst_hardware_r 202.6138299322549 26.489735395422528 31.489999771118164 AB 4.050329852614081 1.0647554817597478
61629.3446 lsst_hardware_g 28.97848993803854 14.181203749106025 31.360000610351562 AB 3.6730563333055386 1.1800668255111366
61629.363 lsst_hardware_r 186.266736197013 26.00645020749317 31.479999542236328 AB 3.468930540622893 1.1165785919764684
61631.3556 lsst_hardware_z 295.4803644665302 53.35292242335778 30.959999084472656 AB 3.9285823958971635 1.1224521131134753
61631.3745 lsst_hardware_r 251.1398796849569 47.64277920292248 31.6200008392334 AB 3.7536175981897926 1.0724621709113693
61649.3427 lsst_hardware_i 119.14908217850376 31.86557599712953 31.239999771118164 AB 0.8404007074734134 1.0393495300093745
61649.3603 lsst_hardware_u 5.522589438699516 2.6607265108650786 28.450000762939453 AB 0.8406197417891959 1.0165712890728962
61651.2775 lsst_hardware_z 71.24256796220283 44.79918695992256 30.940000534057617 AB 1.4561388540845288 1.209417652894127
61651.2964 lsst_hardware_r 34.100017695123675 23.11651736867033 31.469999313354492 AB 1.7238645851307848 1.1371138424345546
61653.2756 lsst_hardware_u 2.0294234135035714 2.526856240495308 28.260000228881836 AB 2.8057478242681837 1.1941893272050155
61653.2945 lsst_hardware_g 3.1032153362002357 13.463391133422506 31.360000610351562 AB 1.9627977053065293 1.1256725513132457
61672.2461 lsst_hardware_r 37.341752249405424 22.599507544465368 31.479999542236328 AB 4.341140934456744 1.1151145477668336
61672.262 lsst_hardware_u -1.8803975823929588 2.7258364454392416 28.440000534057617 AB 4.357952175170929 1.073739859191452
61678.1815 lsst_hardware_r 28.268601571702828 23.47580367149512 31.440000534057617 AB 5.589073199010808 1.3252885645884895
61678.2067 lsst_hardware_u 6.982969951556856 2.5929419240492373 28.299999237060547 AB 5.057497193765699 1.1968991110556326
61680.2045 lsst_hardware_i 40.18073314923625 32.06069709040053 31.229999542236328 AB 5.335281374013607 1.1835140581219181
61680.2253 lsst_hardware_r 28.106344892818214 22.726828505591826 31.479999542236328 AB 3.6934316791294277 1.112060723862831
61684.2069 lsst_hardware_r 16.193446735867077 22.79823493519841 31.469999313354492 AB 5.376124158362157 1.1351613510055232
61684.2271 lsst_hardware_i -4.527988127466151 31.053934016021383 31.239999771118164 AB 5.175482365852971 1.0786749407782126
61686.2058 lsst_hardware_z 10.90148255118538 44.56914853357433 30.940000534057617 AB 4.665807337968499 1.1213636702505119
61686.2245 lsst_hardware_r 4.029657446258718 29.634190610232444 31.549999237060547 AB 3.5665700792143733 1.0721152542735246
61688.224 lsst_hardware_z 150.21570051399263 66.21335735210765 31.709999084472656 AB 2.7972645782241576 1.0615133432006998
61689.1999 lsst_hardware_r 44.88552448996864 52.60327527846535 31.610000610351562 AB 4.321050527109034 1.114486659616369
61689.2191 lsst_hardware_z 132.2816896172203 48.89054890704084 30.959999084472656 AB 3.837715959006226 1.0660322108350628
61692.2013 lsst_hardware_r 26.989347275229715 89.13899346738928 31.639999389648438 AB 8.898029927564487 1.0883109011210663
61692.219 lsst_hardware_y 0.5251527703224063 54.04275770243609 30.049999237060547 AB 6.615598202214637 1.050094952732482
61694.2097 lsst_hardware_z 71.56783052312343 66.70810686707391 30.989999771118164 AB 7.519340186055589 1.057349389869355
61694.2299 lsst_hardware_r -10.591755109445995 94.96877364267252 31.65999984741211 AB 7.309055539041213 1.0250770364351225
61696.2023 lsst_hardware_i 108.309672172974 60.306204355215314 31.31999969482422 AB 6.198613931981527 1.061224778630633
61696.2217 lsst_hardware_z 103.9134313765601 56.599051539179634 30.979999542236328 AB 5.118274109216898 1.0286265166740776
61698.2084 lsst_hardware_r 51.678258037664534 46.54999923706055 31.6299991607666 AB 1.1663106986057579 1.0401879140297574
61698.2272 lsst_hardware_z -8.811340635356846 47.349998474121094 30.969999313354492 AB 1.12002780666422 1.0158982373372563
61700.1899 lsst_hardware_u 2.0407767157082572 2.690000057220459 28.459999084472656 AB 3.0177573803177205 1.0642769812443595
61700.2084 lsst_hardware_g 10.310692119111362 13.390000343322754 31.420000076293945 AB 2.58623143193294 1.0319127907963985
61702.1888 lsst_hardware_r 18.070388870332167 22.139999389648438 31.489999771118164 AB 2.4970055676117417 1.0555187688938263
61702.2074 lsst_hardware_z -7.246623362755424 40.56999969482422 30.950000762939453 AB 2.416951391442801 1.0259069964744854
61705.1836 lsst_hardware_r -7.018776690483079 22.190000534057617 31.489999771118164 AB 2.6156279617706515 1.0499259254473263
61705.2025 lsst_hardware_u 1.057614329955565 2.700000047683716 28.479999542236328 AB 2.5496393905399604 1.0218995553268493
61707.1189 lsst_hardware_i -29.164443512009065 31.920000076293945 31.219999313354492 AB 3.5733025434999757 1.2355817923582213
61707.1376 lsst_hardware_z 2.958106693672606 42.72999954223633 30.940000534057617 AB 3.315235168426906 1.1575541789200092
61711.1226 lsst_hardware_r -1.4552172081159616 22.639999389648438 31.450000762939453 AB 6.465860357780972 1.1727679004439489
61711.1415 lsst_hardware_i 3.0626283206443112 30.68000030517578 31.229999542236328 AB 4.327602181828048 1.109641585084115
61722.1169 lsst_hardware_r 80.13145579830748 94.63999938964844 31.639999389648438 AB 3.672775792289332 1.0947170766886969
61722.1278 lsst_hardware_z 18.354160143542828 65.58999633789062 30.979999542236328 AB 5.343061365214199 1.0686122730428398
61724.124 lsst_hardware_r 157.46410136429418 86.44999694824219 31.649999618530273 AB 4.473248793473449 1.0650592365412972
61724.1424 lsst_hardware_i -15.79869015397592 68.56999969482422 31.329999923706055 AB 4.326460579576948 1.0325886941849156
61726.1259 lsst_hardware_z 36.381323362505825 47.95000076293945 30.959999084472656 AB 2.9046109198252825 1.0505871850349153
61726.1444 lsst_hardware_u -2.037338660358967 10.229999542236328 29.280000686645508 AB 2.7799634196652594 1.0227974318120896
61728.1064 lsst_hardware_r -0.6485413320372131 22.190000534057617 31.489999771118164 AB 4.772592259267162 1.0800163519500252
61728.1241 lsst_hardware_i 1.3730404459012755 29.969999313354492 31.25 AB 4.674088462881935 1.044139051241357
61729.1074 lsst_hardware_z 18.25228954000103 41.38999938964844 30.950000762939453 AB 6.190608085259001 1.0714410970535093
61729.1245 lsst_hardware_r 7.215946360807384 21.899999618530273 31.489999771118164 AB 5.9791347694630534 1.0390062736554606
61731.1052 lsst_hardware_u 4.061359551804051 2.5 28.309999465942383 AB 4.063000638000335 1.0644022105401918
61731.1212 lsst_hardware_g 4.5170079074975185 12.979999542236328 31.3700008392334 AB 3.9764322356291366 1.0356640801222428
61734.1114 lsst_hardware_r 13.466799314518127 21.979999542236328 31.489999771118164 AB 5.379625973768514 1.0381370076743563
61734.1291 lsst_hardware_z 23.40157689870649 40.5 30.950000762939453 AB 7.812675269364841 1.0157104204933733
61736.0345 lsst_hardware_y 36.83715524554223 51.06999969482422 29.959999084472656 AB 6.093022280345459 1.261495296137695
61736.053 lsst_hardware_r -18.97891089794569 22.59000015258789 31.459999084472656 AB 4.3298406925788235 1.177974252084695
61738.0428 lsst_hardware_z -14.341515860369562 61.720001220703125 31.68000030517578 AB 6.393869797194266 1.1972417933142983
61740.0354 lsst_hardware_y -40.764252284430164 51.70000076293945 30.0 AB 9.007280542559366 1.2055249443532499
61740.053 lsst_hardware_g 4.409676233675077 13.350000381469727 31.360000610351562 AB 9.463121255008476 1.1384662548884052
61744.0387 lsst_hardware_y -54.77564943036298 49.939998626708984 30.010000228881836 AB 2.50688855744087 1.1499928395309622
61744.0599 lsst_hardware_i 29.024318900868362 32.209999084472656 31.25 AB 1.589536081655064 1.0868622780547448
61746.0309 lsst_hardware_y 26.635170609414796 63.810001373291016 30.020000457763672 AB 6.193107067100054 1.158329849361752
61746.0511 lsst_hardware_g -4.431055362088678 35.04999923706055 31.649999618530273 AB 4.840413982826854 1.0954260781503489
61748.0325 lsst_hardware_y 78.02747139975894 62.06999969482422 30.030000686645508 AB 5.562868220120247 1.1340448940174463
61748.0522 lsst_hardware_i 60.14535844882851 48.150001525878906 31.299999237060547 AB 5.821465035586506 1.0790481993672856
61750.0497 lsst_hardware_z -90.26737793165204 81.33999633789062 31.729999542236328 AB 10.642385981895831 1.0722446918889317
61752.0411 lsst_hardware_y 132.88804718987507 56.849998474121094 30.049999237060547 AB 11.545722355805442 1.0794682332520027
61752.0632 lsst_hardware_r -34.49558836762752 85.43000030517578 31.65999984741211 AB 11.77654814737881 1.0366679707199657
61754.0413 lsst_hardware_y -15.200741893723924 50.369998931884766 30.040000915527344 AB 8.087498266849181 1.066727523582178
61754.0629 lsst_hardware_z -54.6038540195752 49.970001220703125 30.979999542236328 AB 7.906042461297033 1.0292176027472872
61758.042 lsst_hardware_y -61.752207629645014 52.459999084472656 30.049999237060547 AB 4.242574483738018 1.0444545750216685
61758.0631 lsst_hardware_r 0.0032439894922778796 21.610000610351562 31.489999771118164 AB 4.11702187319683 1.016172250573079
61974.3556 lsst_hardware_r -5.990397332155561 23.65999984741211 31.420000076293945 AB 6.449050472547817 1.4277023461041194
61974.374 lsst_hardware_z -55.10834598738791 44.220001220703125 30.920000076293945 AB 5.856066597354691 1.3048519017407516
61976.3831 lsst_hardware_u 1.2939320962684324 2.509999990463257 28.229999542236328 AB 7.676162579775241 1.22887418230613
61976.4033 lsst_hardware_g -12.708520782497308 13.460000038146973 31.360000610351562 AB 7.0296394164829294 1.1472279749462146
61978.3787 lsst_hardware_r 15.422092954016877 22.829999923706055 31.450000762939453 AB 3.5969947624859673 1.2239533020425228
61978.4005 lsst_hardware_i 72.7886931917395 30.860000610351562 31.229999542236328 AB 3.3161801925733654 1.1382118388787936
61979.3801 lsst_hardware_z -3.7107348925163306 43.04999923706055 30.93000030517578 AB 4.241347925171323 1.2054991734262404
61979.4011 lsst_hardware_r 33.64014158840346 22.479999542236328 31.469999313354492 AB 3.9483725577893494 1.1274353526108791
61981.3762 lsst_hardware_u 2.157321722351565 2.509999990463257 28.229999542236328 AB 5.633936885210974 1.198816253613471
61981.3972 lsst_hardware_r 21.682760178041722 22.56999969482422 31.469999313354492 AB 5.366849850178934 1.1225762280311524
61986.3747 lsst_hardware_r 21.142129337842775 64.73999786376953 31.610000610351562 AB 2.181064205561732 1.151767755093328
61986.3914 lsst_hardware_y 21.14052769132507 50.220001220703125 30.020000457763672 AB 2.127165948975525 1.0998789808560108
61990.3758 lsst_hardware_r -57.39711126177936 74.76000213623047 31.639999389648438 AB 1.5582889972928633 1.1130635694949025
61990.3972 lsst_hardware_z 4.189065994151362 55.849998474121094 30.979999542236328 AB 1.4846537959404889 1.0604669971003493
61992.3603 lsst_hardware_r -47.51121542215778 63.040000915527344 31.6200008392334 AB 5.8697321396879625 1.1448854197008527
61992.3786 lsst_hardware_i -144.7825154662021 52.4900016784668 31.309999465942383 AB 5.670368335883232 1.0904554492083138
61994.3595 lsst_hardware_z 40.157217394278454 49.84000015258789 30.950000762939453 AB 3.5277827139752027 1.1294928646665536
61994.3786 lsst_hardware_i 40.62878802407626 45.689998626708984 31.299999237060547 AB 3.134391191746116 1.0771412211390186
61995.3669 lsst_hardware_z -18.205915576761335 65.56999969482422 31.709999084472656 AB 5.157538560385259 1.0996883924062384
61997.3611 lsst_hardware_r 49.79000681076673 28.950000762939453 31.549999237060547 AB 6.157370157772803 1.1006113428854774
61997.3796 lsst_hardware_i 9.152501079602855 33.38999938964844 31.270000457763672 AB 5.209568056321697 1.057458247502628
62009.3098 lsst_hardware_z -36.96929168893643 42.43000030517578 30.940000534057617 AB 3.501369838284761 1.1593300055023765
62009.3278 lsst_hardware_r -49.80355364512676 22.040000915527344 31.469999313354492 AB 3.334455569979656 1.1020868383440072
62011.3339 lsst_hardware_r 5.904505644376101 21.950000762939453 31.489999771118164 AB 7.572663128905759 1.0732232325546396
62011.3512 lsst_hardware_i -7.1111920469594985 29.860000610351562 31.25 AB 7.3214593026991945 1.0399553944318356
62016.3228 lsst_hardware_r -70.73070330239356 72.19000244140625 31.639999389648438 AB 1.6219536988067922 1.067601578941228
62016.3406 lsst_hardware_z -77.86416412209599 54.4900016784668 30.979999542236328 AB 1.0601525718080314 1.0352209994056778
62020.2525 lsst_hardware_z -4.385564168963201 90.1500015258789 31.709999084472656 AB 2.44070058453451 1.2818805591042597
62027.2833 lsst_hardware_r -10.663502606388185 32.209999084472656 32.25 AB 2.2671740857397116 1.0898128917191372
62027.3102 lsst_hardware_i 14.412025808240317 43.61000061035156 32.0099983215332 AB 1.675714244474772 1.0357768071337534
62030.2687 lsst_hardware_u -2.4501982102236717 2.690000057220459 28.450000762939453 AB 2.1914311879233948 1.1070163862378757
62030.2887 lsst_hardware_r 15.247941308536056 21.799999237060547 31.479999542236328 AB 2.09684424692307 1.059056819019186
62033.2475 lsst_hardware_z 128.70676944273444 42.11000061035156 30.940000534057617 AB 6.659203476485829 1.1478746511984308
62033.2647 lsst_hardware_r 9.350428373782027 22.059999465942383 31.479999542236328 AB 7.559393396268191 1.0955642603287232
62035.2538 lsst_hardware_u 0.7788321179835324 2.680000066757202 28.440000534057617 AB 1.730292469700052 1.1105856673299435
62035.2705 lsst_hardware_g 3.54618468020111 13.119999885559082 31.399999618530273 AB 1.643930236896196 1.0685279407840078
62037.2481 lsst_hardware_r -15.225746746564102 22.239999771118164 31.479999542236328 AB 4.22841539550131 1.111278684757122
62037.2633 lsst_hardware_i 24.89278711534338 30.149999618530273 31.239999771118164 AB 4.209119531097314 1.0723643738597433
62039.2371 lsst_hardware_i 34.27307131030024 30.579999923706055 31.229999542236328 AB 3.4424452402248003 1.1280541475342218
62039.2549 lsst_hardware_z -36.638731760395736 41.220001220703125 30.940000534057617 AB 3.431435431893494 1.0791243037560125
62041.1826 lsst_hardware_i 50.64687313106634 40.349998474121094 31.229999542236328 AB 6.112388750311621 1.3573032014017004
62041.2026 lsst_hardware_z -40.61923074094924 46.650001525878906 30.93000030517578 AB 5.60173238569159 1.2434478103645359
62046.1834 lsst_hardware_i -16.21015270537608 98.83999633789062 32.029998779296875 AB 3.668975117347087 1.2717418084391983
62046.2171 lsst_hardware_r 226.1925247782995 120.29000091552734 32.380001068115234 AB 3.686969456677685 1.1308855016263581
62048.2166 lsst_hardware_z 9.348788976602961 66.54000091552734 30.979999542236328 AB 7.540409548048342 1.1155827219403294
62048.2375 lsst_hardware_r -62.68944180813538 94.37999725341797 31.649999618530273 AB 7.2300404009725385 1.063241235437138
