data/validation/pwv_sim_epoch_fit_epoch/60343954.ecsv
# %ECSV 0.9
# ---
# datatype:
# - {name: time, datatype: float64}
# - {name: band, datatype: string}
# - {name: flux, datatype: float64}
# - {name: fluxerr, datatype: float64}
# - {name: zp, datatype: float64}
# - {name: zpsys, datatype: string}
# - {name: pwv, datatype: float64}
# - {name: airmass, datatype: float64}
# meta: {SNID: '60343954', alt: 1024.0, c: -0.07092759758234024, dec: -37.356377, lat: -30.244573, lon: -70.7499537, ra: 292.851562, t0: 62341.53125,
#   x0: 7.116099766676502e-06, x1: 1.195210576057434, z: 0.529833197593689}
# schema: astropy-2.0
time band flux fluxerr zp zpsys pwv airmass
[from data line 132]
62644.3019 lsst_hardware_r -92.3073561700302 65.63999938964844 32.369998931884766 AB 2.387131637780455 1.0302682942514523
62644.3446 lsst_hardware_i 137.64782063487823 43.09000015258789 31.299999237060547 AB 2.405786648959525 1.0076945019900974
62646.2371 lsst_hardware_u 2.5292371523124837 2.9700000286102295 28.469999313354492 AB 6.41134310213968 1.160249091022089
62646.2558 lsst_hardware_g -15.30239893855228 18.170000076293945 31.520000457763672 AB 5.87972691247742 1.1044851906597952
62649.2949 lsst_hardware_u -1.6496252788833667 2.740000009536743 28.459999084472656 AB 8.038403063898825 1.0232942955157172
62649.312 lsst_hardware_g -3.6328548187030445 14.539999961853027 31.440000534057617 AB 8.002918725617711 1.0113208162111682
62652.3225 lsst_hardware_z -16.553692624187182 40.93000030517578 30.959999084472656 AB 7.55488855528709 1.007676759108156
62652.333 lsst_hardware_u 0.4619449005114375 2.8299999237060547 28.540000915527344 AB 7.548211482158454 1.009884245929391
62655.3091 lsst_hardware_r -17.875678319830563 23.1299991607666 31.510000228881836 AB 9.433741674409088 1.0077168909266205
62655.3208 lsst_hardware_i 54.69823745774086 30.520000457763672 31.25 AB 9.425350870043955 1.0086792273370206
62657.3063 lsst_hardware_z 41.99769949315372 40.95000076293945 30.959999084472656 AB 6.421450447822385 1.0076024553306493
62657.3199 lsst_hardware_i 41.85277877018992 30.68000030517578 31.260000228881836 AB 6.430956707431075 1.0100846911581134
62675.2827 lsst_hardware_r -4.833271272966449 28.799999237060547 31.56999969482422 AB 3.854806583051562 1.016540577884161
62675.2936 lsst_hardware_z -23.274566760591338 42.38999938964844 30.950000762939453 AB 2.6775775995081355 1.0260228379773972
62678.164 lsst_hardware_z 16.81799258318092 42.790000915527344 30.940000534057617 AB 6.754505737588798 1.1163088439596411
62678.1833 lsst_hardware_u 0.7144918474312967 2.7699999809265137 28.440000534057617 AB 6.535772506558571 1.0705752205012744
62678.2782 lsst_hardware_i 30.19246709772448 30.889999389648438 31.25 AB 5.868461745696474 1.0193610814133185
62678.2906 lsst_hardware_z 39.36941327663974 41.349998474121094 30.950000762939453 AB 5.909800176477869 1.0317838900925966
62680.2232 lsst_hardware_i -8.001476827999475 30.850000381469727 31.25 AB 6.1395697423923865 1.0134647973576076
62680.2363 lsst_hardware_z -9.689139503031985 40.93000030517578 30.950000762939453 AB 6.122803955454178 1.0083669228350354
62697.1508 lsst_hardware_r 262.56854016948466 150.35000610351562 31.670000076293945 AB 7.252934788303892 1.0382595011171292
62697.1625 lsst_hardware_i -149.48186172457397 120.19999694824219 31.350000381469727 AB 7.172230486115522 1.0246043551593602
62699.1973 lsst_hardware_r -5.219910476370523 89.25 31.65999984741211 AB 2.1769733985352824 1.0080136125337007
62699.2095 lsst_hardware_z 53.34022816808475 65.01000213623047 30.989999771118164 AB 1.7675029570867329 1.0119291739046181
62704.0558 lsst_hardware_g 12.149517682199708 15.130000114440918 31.3799991607666 AB 6.506435702568001 1.2531253559980742
62704.0753 lsst_hardware_i -17.5661773850148 32.529998779296875 31.239999771118164 AB 6.034611342921908 1.1723382890571472
62704.1838 lsst_hardware_g 37.55212241584109 14.989999771118164 31.459999084472656 AB 5.503882591031179 1.008037104584465
62704.1959 lsst_hardware_i 7.55516417602095 30.93000030517578 31.25 AB 5.479735960428607 1.0119549326737962
62707.1948 lsst_hardware_z 68.93288160804299 41.040000915527344 30.950000762939453 AB 5.931881786210688 1.0161681860745821
62707.2058 lsst_hardware_r -0.981156273387894 23.559999465942383 31.5 AB 6.038883510272008 1.0255820507403741
62709.0802 lsst_hardware_g 18.165164782367544 14.859999656677246 31.399999618530273 AB 3.870348151833563 1.1140096860714004
62709.1007 lsst_hardware_r 4.607813926373425 23.90999984741211 31.5 AB 3.2281501749999504 1.0665694410792788
62709.1396 lsst_hardware_i -41.01866572704583 30.6299991607666 31.239999771118164 AB 3.2127199311585057 1.0162815124265736
62709.1511 lsst_hardware_r 28.041529800536587 23.290000915527344 31.489999771118164 AB 3.1418743846890527 1.0101136668792667
62716.0785 lsst_hardware_r -24.668901272443268 23.75 31.5 AB 1.7043331983813215 1.0726947645324587
62716.0976 lsst_hardware_g -14.076233550875882 14.819999694824219 31.440000534057617 AB 1.813886435823263 1.040072497605082
62718.0564 lsst_hardware_z -69.95969602106163 43.029998779296875 30.940000534057617 AB 2.446214808679781 1.111915822127173
62718.0749 lsst_hardware_r -51.857411550933996 25.739999771118164 31.510000228881836 AB 2.3517163158182552 1.0689619617355706
62722.0859 lsst_hardware_z 12.360530744053623 80.97000122070312 31.739999771118164 AB 3.940222867103637 1.0339078633177814
62723.1182 lsst_hardware_i -9.916344322113048 74.66000366210938 31.34000015258789 AB 3.7590860829612693 1.0085188918693597
62723.1297 lsst_hardware_r 133.00210038152122 91.56999969482422 31.670000076293945 AB 4.420043011812779 1.0077617445993567
62733.1111 lsst_hardware_z -30.105393189697956 40.959999084472656 30.950000762939453 AB 2.1202201115753105 1.0096286245596717
62733.1221 lsst_hardware_r 10.444933288440685 23.290000915527344 31.510000228881836 AB 2.1315485754836154 1.015023131182674
62735.1011 lsst_hardware_u -0.0780155415944802 2.799999952316284 28.510000228881836 AB 2.817197067958712 1.00839268651766
62735.1121 lsst_hardware_g -8.212696643410181 14.520000457763672 31.450000762939453 AB 2.7954418246601236 1.012382734145812
62742.0572 lsst_hardware_g -15.724594843057206 14.649999618530273 31.469999313354492 AB 5.665727067086243 1.0117369762654005
62742.0689 lsst_hardware_r 33.49393098949764 23.34000015258789 31.520000457763672 AB 5.6449748786756295 1.008031228334934
62748.0519 lsst_hardware_g -36.199740592445636 24.260000228881836 31.610000610351562 AB 1.590159489252588 1.0081315443275072
62748.0643 lsst_hardware_r -68.57374901293056 29.780000686645508 31.559999465942383 AB 1.5508623560561177 1.0081445434817666
62750.9925 lsst_hardware_y -7.578251682649653 79.05999755859375 30.809999465942383 AB 2.2147438884015322 1.05480737660019
62752.9828 lsst_hardware_z -16.5707664469527 70.47000122070312 30.989999771118164 AB 3.0532457771148427 1.062337247394187
62752.9993 lsst_hardware_i -129.0159573279396 75.41999816894531 31.34000015258789 AB 2.9888855035935036 1.0363980132089474
62754.985 lsst_hardware_y -1.9503296515193231 61.86000061035156 30.059999465942383 AB 2.725053762939448 1.0491736766963995
62755.0021 lsst_hardware_r 36.80530990193404 93.73999786376953 31.65999984741211 AB 2.0135772186519483 1.026680544883084
62764.0214 lsst_hardware_z -36.61512022342802 41.08000183105469 30.959999084472656 AB 6.239301294405816 1.0082904483525883
62764.0341 lsst_hardware_u -5.376889368879537 2.869999885559082 28.549999237060547 AB 6.354323462753494 1.0130178758773771
62765.0269 lsst_hardware_g 0.47143570317205025 14.989999771118164 31.469999313354492 AB 3.942269218447814 1.0108382611404652
62765.0392 lsst_hardware_r 17.583371956936023 23.65999984741211 31.520000457763672 AB 3.971011126813992 1.018207981234357
62772.0217 lsst_hardware_g 15.259616117485084 15.15999984741211 31.459999084472656 AB 4.842277354595831 1.0194983552380419
62772.0343 lsst_hardware_r -2.5621690321564317 23.979999542236328 31.510000228881836 AB 4.882575388520164 1.0322205817667094
62774.0226 lsst_hardware_i 11.629799335821405 31.239999771118164 31.260000228881836 AB 3.479275526558712 1.0253267759996205
62774.0351 lsst_hardware_r 11.059394459860773 24.09000015258789 31.520000457763672 AB 3.530246474469245 1.0403476840282648
