data/validation/pwv_sim_epoch_fit_epoch/60388415.ecsv
# %ECSV 0.9
# ---
# datatype:
# - {name: time, datatype: float64}
# - {name: band, datatype: string}
# - {name: flux, datatype: float64}
# - {name: fluxerr, datatype: float64}
# - {name: zp, datatype: float64}
# - {name: zpsys, datatype: string}
# - {name: pwv, datatype: float64}
# - {name: airmass, datatype: float64}
# meta: {SNID: '60388415', alt: 1024.0, c: -0.1096419170498848, dec: -34.409527, lat: -30.244573, lon: -70.7499537, ra: 4.921875, t0: 63125.5234375,
#   x0: 6.9153921814553135e-06, x1: 0.7056680917739868, z: 0.5359848141670227}
# schema: astropy-2.0
time band flux fluxerr zp zpsys pwv airmass
63040.298 lsst_hardware_u -4.103256934847341 3.319999933242798 28.770000457763672 AB 3.9331721842897904 1.4994937797521122
63040.3214 lsst_hardware_r 17.347364440335276 33.400001525878906 32.189998626708984 AB 3.610039163848289 1.3311353848998115
63044.3771 lsst_hardware_g 13.601668081774713 13.609999656677246 31.389999389648438 AB 7.724308631536961 1.0746490392037864
63044.4015 lsst_hardware_i -85.82281451021136 30.049999237060547 31.25 AB 7.411610691628299 1.0318146605976959
63046.3604 lsst_hardware_z 4.467200996979677 41.650001525878906 30.940000534057617 AB 2.310649301917422 1.1018833104041115
63046.3817 lsst_hardware_r 30.608986084987954 22.459999084472656 31.5 AB 2.478981516023039 1.0544370548800677
63051.3661 lsst_hardware_z 97.10075885453749 57.75 30.979999542236328 AB 7.816176369061102 1.0580630639359845
63051.3854 lsst_hardware_r -126.19860085402401 77.94999694824219 31.65999984741211 AB 6.511269612715924 1.0279328968135437
63053.3709 lsst_hardware_i 25.521873614650097 68.06999969482422 31.329999923706055 AB 5.908614762689895 1.0404780563838782
63053.3918 lsst_hardware_z -70.10780536676802 60.4900016784668 30.989999771118164 AB 5.035444118912183 1.0154152286574274
63061.2694 lsst_hardware_i -56.88852672327755 32.439998626708984 31.209999084472656 AB 8.084823461199212 1.3002289258924433
63061.2902 lsst_hardware_z -51.141842179164264 43.290000915527344 30.93000030517578 AB 7.473110337315709 1.1999695455526809
63068.2716 lsst_hardware_i 16.574635262801436 31.350000381469727 31.229999542236328 AB 5.575674866011012 1.1978677025231335
63068.292 lsst_hardware_r -9.01558124932322 22.610000610351562 31.479999542236328 AB 5.507373221714851 1.1255616639515331
63070.264 lsst_hardware_u 0.8849075126862509 2.569999933242798 28.290000915527344 AB 6.195438420873333 1.2067860443865859
63070.2829 lsst_hardware_g 28.700385999909578 13.579999923706055 31.3799991607666 AB 5.8349497358693085 1.1368999939993456
63071.2765 lsst_hardware_z -15.7812721846055 42.459999084472656 30.940000534057617 AB 6.798445328207811 1.1489844645788732
63071.2984 lsst_hardware_r 15.971099207010647 22.489999771118164 31.489999771118164 AB 5.611350670299672 1.0861029072485573
63078.3893 lsst_hardware_r -25.24842908287878 31.219999313354492 32.2400016784668 AB 4.617151559892303 1.020834983301845
63078.4264 lsst_hardware_i -69.19712738033942 44.540000915527344 32.0 AB 3.7600071074478185 1.0825356355415985
63082.2607 lsst_hardware_i -27.093195265614927 81.77999877929688 31.329999923706055 AB 1.057040771745205 1.1056911838338965
63082.2789 lsst_hardware_z 76.34289244683708 70.29000091552734 30.989999771118164 AB 1.0743882913738039 1.0630491009635263
63084.2638 lsst_hardware_r 6.040991043378248 76.9000015258789 31.639999389648438 AB 1.3343845072409546 1.083984165102319
63084.2831 lsst_hardware_z -98.9394823008543 59.29999923706055 30.979999542236328 AB 1.3312046359909973 1.0455170909020202
63086.2665 lsst_hardware_z 33.54208103322207 47.95000076293945 30.959999084472656 AB 3.2776057025175387 1.0660324821848615
63086.2865 lsst_hardware_i -51.33948205023985 43.939998626708984 31.309999465942383 AB 3.1761980081046577 1.0322665031894716
63089.2619 lsst_hardware_z 2.8077437446800495 41.459999084472656 30.950000762939453 AB 7.156267276180295 1.0589327132554447
63089.2804 lsst_hardware_r 18.518452820726043 24.1200008392334 31.520000457763672 AB 6.844747947379158 1.0295176276421987
63096.2567 lsst_hardware_r 32.59540614465102 22.63490406612622 31.5 AB 3.0808056867820923 1.0357390105167565
63096.2744 lsst_hardware_i 9.386253263024638 30.22953959686525 31.260000228881836 AB 3.041521743320571 1.0154201235212232
63107.1596 lsst_hardware_z 387.7751982869568 57.05128512625964 30.950000762939453 AB 6.351650170714655 1.2214711866758952
63107.1775 lsst_hardware_i 657.7057328556917 57.37147250024519 31.290000915527344 AB 6.216512474941408 1.1514192396631613
63109.1742 lsst_hardware_z 806.1686563705937 105.05818676637435 31.729999542236328 AB 4.4621733493819615 1.1441470126620414
63111.1689 lsst_hardware_r 1618.9562106601184 123.02179321120094 31.6299991607666 AB 2.8899188851029054 1.1436164958855977
63111.1778 lsst_hardware_i 1047.4071140767082 96.51312841104273 31.31999969482422 AB 2.818852528728863 1.1161193897365742
63112.1838 lsst_hardware_z 1672.5071802050375 105.09974379302382 31.729999542236328 AB 1.4750513100357594 1.0926306000264885
63117.1703 lsst_hardware_i 1490.0983478205958 49.95008710495077 31.239999771118164 AB 2.754933820909139 1.0922524812801269
63117.1885 lsst_hardware_z 1066.5619613225456 52.68654651031841 30.950000762939453 AB 2.70113567719967 1.0532796557612283
63122.1658 lsst_hardware_g 1140.9984429003805 35.38365596192826 31.40999984741211 AB 3.938434044548932 1.0710755475260552
63122.1826 lsst_hardware_r 2542.662649917285 55.23835545289526 31.5 AB 2.2083313425289104 1.0403571023220368
63124.1649 lsst_hardware_i 1880.8864478576904 52.692912077780605 31.25 AB 1.463595616983625 1.061730589034186
63124.1812 lsst_hardware_r 2504.0579905294044 55.38606749526365 31.5 AB 1.0322464443740489 1.0344014473894434
63126.1653 lsst_hardware_u 5.826101007536426 3.3490381009705286 28.530000686645508 AB 0.7404920032246476 1.0508401181049871
63126.1841 lsst_hardware_g 955.1635373136784 33.59456239067458 31.440000534057617 AB 0.8260594649377898 1.023829124070799
63131.0837 lsst_hardware_i 1713.928761878822 52.739372141257356 31.219999313354492 AB 4.144731673222823 1.2711951152346452
63131.0998 lsst_hardware_z 1359.8311596446497 56.48135457772493 30.940000534057617 AB 3.8995747332156734 1.197045349395915
63133.0803 lsst_hardware_g 617.275405281468 38.147557571176904 31.549999237060547 AB 3.8491859519161427 1.2607192374854135
63133.0981 lsst_hardware_i 1622.1431815828564 54.0267417838555 31.239999771118164 AB 4.345592912957988 1.182072196656339
63137.0874 lsst_hardware_z 1244.702109428261 72.03274050655295 30.969999313354492 AB 5.420110222288225 1.1812164732662351
63137.1084 lsst_hardware_r 1943.1191475609112 93.63223170492361 31.639999389648438 AB 5.089748521121832 1.1116021886151717
63143.0828 lsst_hardware_z 882.3612965445618 56.929890447533865 30.950000762939453 AB 2.6165861678464126 1.1394626946638464
63143.1021 lsst_hardware_r 1398.8082186609606 57.40413878527049 31.610000610351562 AB 2.2794401865332783 1.0854477078729896
63145.1044 lsst_hardware_r 1125.4845592392312 40.33304641833957 31.5 AB 3.642322674382552 1.0681298165345376
63145.1254 lsst_hardware_i 1164.1118976577022 45.391041477570845 31.25 AB 4.489945282264226 1.0322899832771366
63147.1077 lsst_hardware_z 898.7830483799469 49.74947911267783 30.950000762939453 AB 9.994825704008408 1.0513030499022735
63147.1277 lsst_hardware_i 1178.9442220201252 44.29967353402644 31.260000228881836 AB 5.094995613917774 1.0227834214428937
63149.106 lsst_hardware_u 7.421031707060052 3.617988013985424 28.40999984741211 AB 3.3183164144635287 1.0449196224824118
63149.1248 lsst_hardware_g 197.7791132324894 18.704910671517403 31.40999984741211 AB 3.2210183649928723 1.020062820118018
63151.1034 lsst_hardware_u 2.7388974093017944 3.5996506781782958 28.450000762939453 AB 6.0107630976237365 1.0403894066189263
63151.1224 lsst_hardware_g 174.8867810998288 18.033698718228102 31.43000030517578 AB 5.8884470633673995 1.017076139048687
63153.0068 lsst_hardware_z 703.4082239240731 53.02961116208102 30.920000076293945 AB 9.96822815848845 1.369497256876214
63153.0255 lsst_hardware_g 88.81188116781036 17.1364679430393 31.350000381469727 AB 9.126704533688354 1.2616837095128188
63155.0086 lsst_hardware_y 283.2366322298244 52.705638136827865 29.959999084472656 AB 10.330597013794414 1.3241384322484764
63155.0282 lsst_hardware_i 683.374748913869 41.2794190103025 31.219999313354492 AB 9.556983537345571 1.223006893829148
63157.0078 lsst_hardware_y 262.70816503735085 52.218819194913706 29.959999084472656 AB 6.809191131332986 1.2974418618564552
63157.0257 lsst_hardware_r 445.91332662891693 31.06252907111024 31.459999084472656 AB 6.381049871359972 1.2100600261744099
63163.0178 lsst_hardware_y 381.39795738580494 74.47952000059279 30.760000228881836 AB 3.3862995657627644 1.1759005350335148
63165.081 lsst_hardware_z 1301.5899507250872 85.12696370856789 31.739999771118164 AB 2.2319825166829084 1.020179408859408
63166.0121 lsst_hardware_y 383.2350543784428 58.2292586715795 30.010000228881836 AB 5.001507594725341 1.1666457602624958
63166.031 lsst_hardware_z 586.3781434866528 65.89323282700023 30.979999542236328 AB 4.745188045463255 1.1066633603909841
63168.0119 lsst_hardware_y 356.0689707244238 60.98818480430898 30.030000686645508 AB 3.652770212606165 1.1481884574410173
63168.0302 lsst_hardware_z 527.6093782574658 71.77622168121582 30.989999771118164 AB 3.4644893100861283 1.0943948541918231
63170.0128 lsst_hardware_y 158.0736934713343 55.89972366777782 30.020000457763672 AB 5.21154205452675 1.1277342828296997
63170.0312 lsst_hardware_i 501.5642688552082 64.91257233637742 31.31999969482422 AB 5.004649763905118 1.0788789574573148
63172.0141 lsst_hardware_y 218.26648829762325 50.85879325029377 30.030000686645508 AB 9.766630519631466 1.1080815202667875
63172.0337 lsst_hardware_r 203.5969648505777 26.341709259664807 31.479999542236328 AB 9.200185291904857 1.0620091529381899
63181.0171 lsst_hardware_y 59.944789260911755 51.96552059942604 30.049999237060547 AB 7.118990511787983 1.0474494977985702
63181.0355 lsst_hardware_g 11.190300758001339 14.403951076234536 31.43000030517578 AB 7.237932683212718 1.0220903315987768
