data/validation/pwv_sim_epoch_fit_epoch/60455924.ecsv
# %ECSV 0.9
# ---
# datatype:
# - {name: time, datatype: float64}
# - {name: band, datatype: string}
# - {name: flux, datatype: float64}
# - {name: fluxerr, datatype: float64}
# - {name: zp, datatype: float64}
# - {name: zpsys, datatype: string}
# - {name: pwv, datatype: float64}
# - {name: airmass, datatype: float64}
# meta: {SNID: '60455924', alt: 1024.0, c: 0.05532708764076233, dec: -59.677784, lat: -30.244573, lon: -70.7499537, ra: 88.628052, t0: 60662.4140625,
#   x0: 9.536862989084887e-06, x1: 0.7228050827980042, z: 0.4694918096065521}
# schema: astropy-2.0
time band flux fluxerr zp zpsys pwv airmass
[from data line 132]
61048.1814 lsst_hardware_r 33.318547620192945 42.59000015258789 31.59000015258789 AB 8.062540184282632 1.164433879879063
61048.1941 lsst_hardware_z 25.85564131920682 47.63999938964844 30.950000762939453 AB 7.877538900810444 1.1775095516906426
61054.1617 lsst_hardware_r 10.69534768254843 22.040000915527344 31.459999084472656 AB 8.382442017085372 1.1616734519577834
61054.176 lsst_hardware_u 2.2138874672333078 2.5 28.270000457763672 AB 9.314392558045139 1.1755154463058104
61056.1581 lsst_hardware_g 6.892322781832978 12.739999771118164 31.329999923706055 AB 5.143749834762541 1.1631960429124752
61056.171 lsst_hardware_r 44.064880951178914 22.030000686645508 31.459999084472656 AB 6.074876165699131 1.1760480429192006
61058.0986 lsst_hardware_g -7.284797925378417 12.609999656677246 31.34000015258789 AB 4.501654222854262 1.1518337421747034
61058.1133 lsst_hardware_r -6.371695976770172 21.65999984741211 31.459999084472656 AB 4.490653559932217 1.1482844876129175
61060.1023 lsst_hardware_i 0.11475317178901162 30.239999771118164 31.229999542236328 AB 8.776955384238114 1.1490417469710141
61060.1142 lsst_hardware_z -96.89633299309061 41.75 30.93000030517578 AB 8.755080344824504 1.1482825555543976
61062.0991 lsst_hardware_i -42.270374416843616 30.649999618530273 31.229999542236328 AB 12.795004177867433 1.1486500346705293
61062.112 lsst_hardware_u -1.1569922198670517 2.5299999713897705 28.309999465942383 AB 12.880089731342455 1.1486405824621724
61064.0951 lsst_hardware_g 23.728719321828983 13.789999961853027 31.3700008392334 AB 14.907774203881392 1.1484598277346862
61064.1092 lsst_hardware_r -11.800120328148518 22.549999237060547 31.459999084472656 AB 14.909937631955856 1.149113380582589
61066.0974 lsst_hardware_i -32.552811361494065 33.709999084472656 31.239999771118164 AB 15.70723709452466 1.1482597936905021
61066.1117 lsst_hardware_r 29.23789549562106 27.709999084472656 31.510000228881836 AB 15.715980340615754 1.1514944687226099
61068.0964 lsst_hardware_z 73.54538534656737 66.1500015258789 31.690000534057617 AB 14.070113856195738 1.1487682769591556
61070.0901 lsst_hardware_r 42.252369773324055 56.7599983215332 31.610000610351562 AB 14.462527944216331 1.1486401353519442
61070.1014 lsst_hardware_i -30.087731880919915 48.630001068115234 31.290000915527344 AB 14.40450386636231 1.1517460447517838
61073.0923 lsst_hardware_z -24.97383162756234 58.40999984741211 30.969999313354492 AB 7.0407500519283746 1.151390033021811
61073.1048 lsst_hardware_r -54.47894236275209 79.9800033569336 31.6299991607666 AB 7.081192947221354 1.1580037526118323
61075.0928 lsst_hardware_z 178.08880175217402 52.810001373291016 30.959999084472656 AB 12.08727707036369 1.1540911103855338
61075.1062 lsst_hardware_g 44.55604412393487 68.9800033569336 31.670000076293945 AB 12.189832482555271 1.1631982011901176
61077.0907 lsst_hardware_r -23.241058693347554 35.439998626708984 31.56999969482422 AB 5.036987717474301 1.1559794333248856
61077.1051 lsst_hardware_z 3.1933040386164584 46.869998931884766 30.950000762939453 AB 5.104063048108791 1.167087587219998
61079.0671 lsst_hardware_i 34.95115775088815 30.5 31.229999542236328 AB 11.520919978042047 1.148903789787525
61079.0804 lsst_hardware_r -17.818776294094615 21.81999969482422 31.459999084472656 AB 11.511762095800265 1.1533483489705685
61081.0671 lsst_hardware_u 0.6377399945973652 2.5399999618530273 28.329999923706055 AB 2.9906185236168357 1.150237893698783
61081.08 lsst_hardware_g 23.679312849506893 12.65999984741211 31.329999923706055 AB 3.0059048367440613 1.156117244901562
61083.0639 lsst_hardware_r -17.70250942423464 22.030000686645508 31.459999084472656 AB 2.432429141156583 1.1509917071718847
61083.075 lsst_hardware_i 42.922339331424006 30.8799991607666 31.239999771118164 AB 2.197161761252215 1.15640092697485
61085.0598 lsst_hardware_z -26.977579798545403 42.15999984741211 30.93000030517578 AB 2.9252006960864234 1.1515027015167771
61085.0714 lsst_hardware_r -13.548468390682126 21.84000015258789 31.450000762939453 AB 2.95880267830003 1.1575910321987597
61093.0564 lsst_hardware_g -2.8301614463396976 13.399999618530273 31.350000381469727 AB 6.444695779529339 1.1626728810264007
61093.0696 lsst_hardware_r -3.2276073699005696 22.139999389648438 31.450000762939453 AB 6.364134426293912 1.1756586941844387
61098.0517 lsst_hardware_r -40.17909091126726 46.72999954223633 31.59000015258789 AB 9.07422001840278 1.1710181982711032
61098.0645 lsst_hardware_z 47.01302021471611 48.189998626708984 30.940000534057617 AB 9.204064789387406 1.1863965956931433
