data/validation/pwv_sim_epoch_fit_epoch/60476662.ecsv
# %ECSV 0.9
# ---
# datatype:
# - {name: time, datatype: float64}
# - {name: band, datatype: string}
# - {name: flux, datatype: float64}
# - {name: fluxerr, datatype: float64}
# - {name: zp, datatype: float64}
# - {name: zpsys, datatype: string}
# - {name: pwv, datatype: float64}
# - {name: airmass, datatype: float64}
# meta: {SNID: '60476662', alt: 1024.0, c: 0.053567610681056976, dec: -28.29155, lat: -30.244573, lon: -70.7499537, ra: 47.285156, t0: 63069.7265625,
#   x0: 5.676511310139145e-06, x1: 0.7546234726905823, z: 0.5822829604148865}
# schema: astropy-2.0
time band flux fluxerr zp zpsys pwv airmass
63066.3663 lsst_hardware_z 1236.2946199871906 56.93946439725301 30.920000076293945 AB 2.961444321732587 1.3661899069959698
63066.3861 lsst_hardware_r 1975.0892583434652 48.761927654814805 31.459999084472656 AB 3.3912548295473 1.2496563167378352
63070.3573 lsst_hardware_r 1814.3572429512626 48.20034201503733 31.440000534057617 AB 6.095475113715326 1.3532969725177408
63070.377 lsst_hardware_i 1630.9941381809767 51.85494789615762 31.229999542236328 AB 6.415068099782781 1.2405855926866722
63082.3545 lsst_hardware_r 1443.0083241667146 86.60763666563837 31.610000610351562 AB 2.2133755964858883 1.1938379700572468
63082.3744 lsst_hardware_z 1244.4945268995575 66.9272147189516 30.969999313354492 AB 2.120532335461189 1.1215791619152975
63084.3592 lsst_hardware_r 1229.9243541149376 73.31951272103986 31.6200008392334 AB 3.0295143791303336 1.154173996747857
63084.3776 lsst_hardware_i 1366.976273388285 64.12857985550437 31.309999465942383 AB 3.1592563983848154 1.0965832691373882
63086.3644 lsst_hardware_z 975.9240166945933 58.82348405663116 30.950000762939453 AB 2.8707183839428634 1.1187522930408664
63086.3832 lsst_hardware_i 1123.2680094502089 56.607871826941505 31.299999237060547 AB 1.4973994472713033 1.0695710337652167
63092.2841 lsst_hardware_r 1144.2218530199827 48.76186547410824 32.15999984741211 AB 5.314308751341529 1.4496864063673185
63092.3099 lsst_hardware_u 6.199177895264026 3.7720097328910414 28.959999084472656 AB 4.315470289000052 1.2770812199260326
63096.3337 lsst_hardware_r 471.4335132802799 31.61018882106943 31.479999542236328 AB 4.498147080498005 1.1294073392751252
63096.3526 lsst_hardware_g 51.99689955674455 15.210847220747391 31.399999618530273 AB 4.2986414574680225 1.0770838029235836
63101.3595 lsst_hardware_i 547.905897092814 37.90965048490381 31.25 AB 2.098709266435065 1.0372533442018443
63101.3775 lsst_hardware_z 608.1019046526582 47.87531502116245 30.950000762939453 AB 2.332193373384946 1.014879622882918
63107.2546 lsst_hardware_z 1330.00566465449 80.90662429280457 31.68000030517578 AB 8.260012194816841 1.3646146034721363
63111.2159 lsst_hardware_r 175.50371427357692 142.69445774309318 32.27000045776367 AB 3.486825947672616 1.6013590788806835
63111.253 lsst_hardware_y 525.079158978395 82.84638041657742 30.719999313354492 AB 3.7942462629431337 1.3056219756062744
63112.2656 lsst_hardware_z 494.0341643375267 68.07875187173389 30.959999084472656 AB 1.5879253498812642 1.2249359860230888
63112.2844 lsst_hardware_r 289.07376509034106 86.2621929948537 31.6299991607666 AB 1.4024896866178511 1.1483267084753148
63117.26 lsst_hardware_r 174.57771012053186 37.02071214942814 31.549999237060547 AB 3.3312279343644047 1.1894410620201399
63117.277 lsst_hardware_z 539.5996418091039 50.42366425980126 30.950000762939453 AB 3.18335789630132 1.1273844515292126
63122.2591 lsst_hardware_z 379.73517519732644 46.261750150777615 30.940000534057617 AB 4.0700337493256935 1.1413976394463268
63122.2768 lsst_hardware_r 113.16890553746919 24.612012849504524 31.469999313354492 AB 3.8360339114853517 1.0888801168024653
63124.2354 lsst_hardware_g -10.01261325981923 13.571555668671799 31.350000381469727 AB 1.0402968856787025 1.2131742107040264
63124.2506 lsst_hardware_r 113.93309275894418 24.83582800459302 31.469999313354492 AB 2.7671288945614587 1.1520103640971935
63126.2612 lsst_hardware_r 128.49016387264282 24.661516276899658 31.479999542236328 AB 2.181613249210893 1.1013150052808345
63126.2777 lsst_hardware_i 212.23040261870597 33.18146310975834 31.25 AB 2.1135169787341863 1.0616687071376045
63133.2353 lsst_hardware_z 247.10795264721077 44.8233097217983 30.940000534057617 AB 4.251833651160849 1.1211655931688977
63133.2511 lsst_hardware_g 25.897897155359757 13.432212507911828 31.399999618530273 AB 4.2208234226953625 1.0782305709918967
63137.1958 lsst_hardware_z 536.3938818904962 79.65264370691048 31.700000762939453 AB 5.638117177791257 1.2322631114378486
63143.181 lsst_hardware_g -52.11992844649458 71.20377042445888 31.649999618530273 AB 2.724311960791186 1.2247768443538973
63143.1985 lsst_hardware_r -46.80657787819574 71.24816578243212 31.6200008392334 AB 2.5650326353830977 1.152823656351954
63149.207 lsst_hardware_r -10.59295186987277 22.31999969482422 31.489999771118164 AB 3.6808637298129283 1.0792211873962847
63149.2269 lsst_hardware_u 1.4326988870489148 2.690000057220459 28.469999313354492 AB 2.715027999050489 1.0397094711708084
63151.182 lsst_hardware_i -26.54095631103056 30.940000534057617 31.229999542236328 AB 6.9442777243411244 1.134438748258733
63151.2013 lsst_hardware_r -5.320752643517423 22.31999969482422 31.479999542236328 AB 6.713436121794096 1.0797935001814802
63155.205 lsst_hardware_i 9.591622437989189 30.209999084472656 31.260000228881836 AB 7.973123653865803 1.049141232580277
63155.2238 lsst_hardware_z -7.335259241954124 40.52000045776367 30.950000762939453 AB 7.280818208120354 1.021439142553405
63157.2074 lsst_hardware_r 51.45237314920672 22.100000381469727 31.489999771118164 AB 6.032005109100881 1.0360412977586808
63157.2263 lsst_hardware_u 3.9259064182169086 2.7300000190734863 28.510000228881836 AB 5.115643074738215 1.013333062014833
63161.1 lsst_hardware_r -54.462940623915706 27.260000228881836 31.459999084472656 AB 6.230851056083501 1.41610251274625
63161.1174 lsst_hardware_z -13.64597499125562 45.25 30.93000030517578 AB 5.695118765417427 1.300304904771983
63163.0973 lsst_hardware_g 18.958877487623962 34.88999938964844 31.530000686645508 AB 4.326367626654935 1.3956024602112693
63163.1155 lsst_hardware_r 60.533552306937715 36.72999954223633 31.540000915527344 AB 3.968476686690093 1.28015376990003
63165.1025 lsst_hardware_z 22.985629706117003 75.13999938964844 31.690000534057617 AB 3.0442004010679966 1.3241411052927345
63165.1208 lsst_hardware_r 9.684572563663911 77.0999984741211 32.34000015258789 AB 2.812410941597287 1.2254068951441823
63168.1011 lsst_hardware_r -73.7186414193895 104.0 31.610000610351562 AB 3.8421991224435756 1.2843005423207947
63168.1193 lsst_hardware_i 118.15120284479958 80.88999938964844 31.309999465942383 AB 3.511368713589819 1.1955630621688182
63170.1034 lsst_hardware_z 57.353108193964914 75.4000015258789 30.969999313354492 AB 6.173275042637984 1.243483743103477
63170.1221 lsst_hardware_i -42.196733489678486 83.9800033569336 31.31999969482422 AB 5.834756064147096 1.1626494100122298
63172.1099 lsst_hardware_u 0.1741547961652731 11.84000015258789 29.200000762939453 AB 6.6544916706833686 1.1891868957287515
63181.141 lsst_hardware_i -12.895480966064762 29.8700008392334 31.239999771118164 AB 2.9268073423929906 1.0373844550069673
63181.1594 lsst_hardware_r -20.15477067648934 21.920000076293945 31.489999771118164 AB 2.957171337983121 1.0145830299576124
63183.1355 lsst_hardware_u 3.382145439627543 2.6600000858306885 28.43000030517578 AB 5.187227209672552 1.0374454419345105
63183.1545 lsst_hardware_g -3.652519846958935 13.5 31.420000076293945 AB 5.070323486539651 1.0140646973079304
63186.1219 lsst_hardware_g 7.922063722291546 13.4399995803833 31.40999984741211 AB 6.063512972027215 1.046395473773661
63186.1384 lsst_hardware_r 9.871460351422698 22.010000228881836 31.489999771118164 AB 6.039788937210575 1.022321281423611
63187.121 lsst_hardware_i 2.297611858885199 29.8700008392334 31.239999771118164 AB 3.2340663447589337 1.0432472079867527
63187.1386 lsst_hardware_z 25.829358115720975 40.36000061035156 30.950000762939453 AB 2.7577295827731607 1.0190224786228768
63189.1013 lsst_hardware_u 0.7218427595762958 2.7699999809265137 28.459999084472656 AB 4.786771771008648 1.0711057889927607
63189.1182 lsst_hardware_g 3.711841224212419 13.890000343322754 31.43000030517578 AB 4.632405452336557 1.038888865740353
63191.0511 lsst_hardware_g -13.094920879756955 23.670000076293945 31.549999237060547 AB 4.750645493095955 1.2194170249658067
63195.0267 lsst_hardware_z -122.14930501497993 104.54000091552734 31.709999084472656 AB 8.050214980361666 1.2881030956896369
63197.0203 lsst_hardware_y 108.23404698225482 78.55999755859375 29.989999771118164 AB 6.2372237248580245 1.2934260407191713
63197.0363 lsst_hardware_z 98.01594153205136 68.47000122070312 30.969999313354492 AB 5.905957045406815 1.2122243525054266
63199.0216 lsst_hardware_y -105.92909273045304 82.68000030517578 29.989999771118164 AB 7.774513847965971 1.256724044608972
63199.0379 lsst_hardware_i -15.106984860557608 80.30000305175781 31.299999237060547 AB 7.290302537338613 1.1821473224159005
63204.029 lsst_hardware_y -7.009091198050451 60.650001525878906 30.020000457763672 AB 5.111303803757653 1.16364343853333
63204.0497 lsst_hardware_g -5.959655188095346 13.369999885559082 31.3799991607666 AB 3.8336632557964805 1.09731798181377
63206.0308 lsst_hardware_y -3.121493667330491 61.2400016784668 30.030000686645508 AB 3.650071160925268 1.1378618468100494
63206.0515 lsst_hardware_i 16.63744478380087 30.469999313354492 31.25 AB 3.58188668115702 1.0789086115079902
63208.0324 lsst_hardware_z -1.428205149890621 51.189998626708984 30.959999084472656 AB 4.139846802932398 1.1154607875693547
63208.0531 lsst_hardware_u 6.924339564348079 2.6700000762939453 28.40999984741211 AB 3.236758673400767 1.063149506782975
63211.0356 lsst_hardware_y 24.160513364964636 56.93000030517578 30.040000915527344 AB 10.492544368586206 1.0843606116611388
63211.0596 lsst_hardware_r -29.776419386997972 21.8700008392334 31.489999771118164 AB 10.374874769734836 1.036589099753697
63216.039 lsst_hardware_y 4.380782790538885 52.65999984741211 30.049999237060547 AB 10.382864428518111 1.048140886860246
63216.0594 lsst_hardware_u 4.553276202514617 2.7699999809265137 28.530000686645508 AB 10.187417086782798 1.0190388350199193
