data/validation/pwv_sim_epoch_fit_epoch/60573757.ecsv
# %ECSV 0.9
# ---
# datatype:
# - {name: time, datatype: float64}
# - {name: band, datatype: string}
# - {name: flux, datatype: float64}
# - {name: fluxerr, datatype: float64}
# - {name: zp, datatype: float64}
# - {name: zpsys, datatype: string}
# - {name: pwv, datatype: float64}
# - {name: airmass, datatype: float64}
# meta: {SNID: '60573757', alt: 1024.0, c: -0.09977809339761734, dec: -19.15501, lat: -30.244573, lon: -70.7499537, ra: 101.074219, t0: 63212.27734375,
#   x0: 2.6095474660118417e-06, x1: -1.269327163696289, z: 0.7994300127029419}
# schema: astropy-2.0
time band flux fluxerr zp zpsys pwv airmass
63169.3533 lsst_hardware_i -24.7399780407721 62.88999938964844 31.329999923706055 AB 4.93599748424906 1.024420093583428
63171.3568 lsst_hardware_z -67.58510708153449 61.060001373291016 30.989999771118164 AB 5.1874897258476755 1.020305792564818
63180.3347 lsst_hardware_u 5.063231422813779 2.992905806325405 28.459999084472656 AB 10.890708763051245 1.0196497242459908
63180.3532 lsst_hardware_y -23.82328842715611 50.34519847623902 30.059999465942383 AB 10.85453667039719 1.0212830488063847
63182.3315 lsst_hardware_r 7.403099017039184 22.17382161770318 31.479999542236328 AB 3.7535728372716366 1.0192309652492395
63182.3503 lsst_hardware_y -21.193144564134688 48.698584981621615 30.049999237060547 AB 3.6219221909506727 1.0224198139592584
63185.3314 lsst_hardware_r -38.213900681316005 22.40406607132518 31.489999771118164 AB 5.4096044005170905 1.019141748401784
63185.3505 lsst_hardware_y 47.10564800297859 50.04681787900179 30.049999237060547 AB 5.720569849924285 1.0277242038938756
63192.3071 lsst_hardware_i 220.21253686062352 33.28937164194801 31.25 AB 4.585247575192418 1.0189439055983152
63192.3274 lsst_hardware_z 178.92635547079718 41.995895900763465 30.950000762939453 AB 4.612037001448076 1.0248971114329057
63194.3064 lsst_hardware_i 251.82378550956165 34.666025604350374 31.25 AB 9.359316531429934 1.0190893435791353
63194.3253 lsst_hardware_z 244.5606674628542 42.56244489524854 30.950000762939453 AB 9.440337317373219 1.0272401868742187
63196.3067 lsst_hardware_z 247.2911288902991 49.61216352930008 30.969999313354492 AB 5.303444501078573 1.0202855908193529
63196.3283 lsst_hardware_r 256.4193609148814 27.391071434205376 31.489999771118164 AB 5.46599415247168 1.034899492421271
63198.1245 lsst_hardware_i 1047.7015810032788 123.96738116859025 31.959999084472656 AB 6.862879615496119 1.7639341026810091
63200.3062 lsst_hardware_z 601.6521724250824 99.0783517362951 31.739999771118164 AB 5.967743717427562 1.025312114097369
63203.2868 lsst_hardware_r 745.3350331840992 74.44580440345415 31.65999984741211 AB 6.34678188872573 1.020053833105762
63203.3064 lsst_hardware_i 967.9096451269698 66.59333569818796 31.329999923706055 AB 6.332828272880149 1.0320913502665119
63205.2671 lsst_hardware_i 959.9724194180608 53.40876824493823 31.309999465942383 AB 3.2489084188383432 1.019505269895142
63205.2862 lsst_hardware_z 584.2592587516942 52.677367216373554 30.969999313354492 AB 3.250281176078489 1.0218064528815558
63207.2699 lsst_hardware_i 877.7202974421905 45.91496770184884 31.270000457763672 AB 4.653480722502349 1.0189917824497396
63207.2889 lsst_hardware_z 612.1116026672047 48.38977544460792 30.950000762939453 AB 4.640075667789597 1.026565413227787
63209.2699 lsst_hardware_g 106.37003331429321 18.000935158838104 31.450000762939453 AB 6.9243569181953495 1.019912642915726
63209.287 lsst_hardware_r 721.4288977026628 34.8802278063936 31.5 AB 6.869297747675025 1.0293652968542397
63215.2571 lsst_hardware_u 0.3225133519084586 2.7202115724127998 28.420000076293945 AB 8.335160970406855 1.02106199692137
63215.2764 lsst_hardware_g 90.80743486586927 16.486886595253324 31.40999984741211 AB 8.45490251169247 1.0348671486500498
63217.2141 lsst_hardware_r 522.4445585994248 31.453341749062016 31.5 AB 8.730206099184528 1.030558680158715
63217.2324 lsst_hardware_i 927.736113165016 42.11601260692828 31.25 AB 8.624400022159955 1.019955062343985
63219.1961 lsst_hardware_i 876.009581774955 41.737050226034135 31.25 AB 5.522058836471104 1.0446573659612381
63219.2157 lsst_hardware_z 516.4523538546734 46.863562594238886 30.950000762939453 AB 5.272078109415249 1.0250978241134063
63221.1982 lsst_hardware_i 797.3781683306718 40.920543910961825 31.25 AB 4.982679155850868 1.035469483759532
63221.2171 lsst_hardware_u 2.8480406806142686 2.693847460818879 28.469999313354492 AB 6.026529992463978 1.0214457614345724
63223.1933 lsst_hardware_z 589.1902396454839 50.182951023510356 30.959999084472656 AB 5.927139207033832 1.0348713131926113
63223.212 lsst_hardware_r 370.2748185476183 40.34635404326528 31.600000381469727 AB 6.8753767732883295 1.0212977975769006
63225.2139 lsst_hardware_i 736.5781684814646 57.684230521054936 31.31999969482422 AB 6.69308001638475 1.0192507639164594
63225.2365 lsst_hardware_r 227.75859237371705 60.54126250387027 31.639999389648438 AB 6.773332816705747 1.0243870918200593
63227.21 lsst_hardware_z 944.7701953199878 97.21524832206403 31.739999771118164 AB 5.097294205892777 1.0190512206902793
63230.1943 lsst_hardware_r 156.29110065632554 102.9582620378961 31.670000076293945 AB 9.493078298612533 1.0207611073776917
63230.2141 lsst_hardware_i 616.4450803585253 84.6977091218827 31.34000015258789 AB 9.175816263595186 1.0203476394456903
