data/validation/pwv_sim_epoch_fit_epoch/60794217.ecsv
# %ECSV 0.9
# ---
# datatype:
# - {name: time, datatype: float64}
# - {name: band, datatype: string}
# - {name: flux, datatype: float64}
# - {name: fluxerr, datatype: float64}
# - {name: zp, datatype: float64}
# - {name: zpsys, datatype: string}
# - {name: pwv, datatype: float64}
# - {name: airmass, datatype: float64}
# meta: {SNID: '60794217', alt: 1024.0, c: -0.07036945223808289, dec: -2.089372, lat: -30.244573, lon: -70.7499537, ra: 124.980469, t0: 61150.8046875,
#   x0: 1.68265888760944e-05, x1: 0.37498992681503296, z: 0.3692157566547394}
# schema: astropy-2.0
time band flux fluxerr zp zpsys pwv airmass
61010.3385 lsst_hardware_r 8.739402148225384 24.40999984741211 31.5 AB 8.237232348625573 1.1357522311736057
61012.3354 lsst_hardware_g -16.827307959219716 15.119999885559082 31.440000534057617 AB 6.874884518369121 1.1347878596856629
61012.3539 lsst_hardware_y -9.874112542041562 73.54000091552734 30.040000915527344 AB 6.87588847201916 1.1357570233800218
61014.3343 lsst_hardware_z -17.97466689798306 67.48999786376953 30.969999313354492 AB 4.61379008388869 1.1336557804714418
61014.3551 lsst_hardware_y -89.20210207707596 79.63999938964844 30.030000686645508 AB 4.631458684383001 1.1398175597333062
61016.3408 lsst_hardware_y -36.79847599342092 87.29000091552734 30.780000686645508 AB 4.895480144122294 1.134854858098556
61019.3342 lsst_hardware_r 18.41210979494585 58.09000015258789 31.610000610351562 AB 10.19347229556836 1.135488810007228
61019.3532 lsst_hardware_z 16.06863238539738 72.31999969482422 30.969999313354492 AB 10.498167611204613 1.1519148104902468
61021.3354 lsst_hardware_z 54.10913333704413 45.5 30.950000762939453 AB 13.255859169182454 1.1393741944115796
61021.3538 lsst_hardware_y -6.162379102334917 72.68000030517578 30.030000686645508 AB 13.486620417201577 1.1607051825005867
61023.2974 lsst_hardware_r -22.907668092753443 24.809999465942383 31.489999771118164 AB 8.224737526504933 1.1390288553728702
61023.3178 lsst_hardware_u 5.095962006988045 3.140000104904175 28.479999542236328 AB 8.223417092060219 1.1337692169479974
61025.3006 lsst_hardware_g 12.75721191559183 14.430000305175781 31.40999984741211 AB 12.011074909226958 1.1345446301957498
61025.3183 lsst_hardware_i 48.95453761154653 31.6200008392334 31.239999771118164 AB 12.011862934253015 1.1356996862770734
61027.2706 lsst_hardware_z 45.32758828910914 42.84000015258789 30.940000534057617 AB 6.237709296964745 1.156130476392823
61027.294 lsst_hardware_r 9.43515349874217 23.389999389648438 31.489999771118164 AB 7.9250187839565935 1.1349423628164539
61029.2677 lsst_hardware_u -4.204955777917047 2.6500000953674316 28.34000015258789 AB 4.94615907179783 1.1525702247038738
61031.2643 lsst_hardware_r 3.8230130738717745 23.350000381469727 31.479999542236328 AB 5.342875934415167 1.1499329425698503
61031.2891 lsst_hardware_i 2.844311155154782 31.299999237060547 31.239999771118164 AB 5.238379141120371 1.1334802858639774
61033.2663 lsst_hardware_z 18.169292473045058 42.45000076293945 30.940000534057617 AB 6.336483790710839 1.1420517496024343
61033.2912 lsst_hardware_r -11.47864092905039 23.209999084472656 31.479999542236328 AB 6.346582121207526 1.133908813436914
61035.2842 lsst_hardware_u -0.21412490700038284 2.690000057220459 28.389999389648438 AB 9.068930560582132 1.1336163200727665
61035.305 lsst_hardware_r -5.401866760415816 23.469999313354492 31.479999542236328 AB 9.745974720438252 1.1464953400248625
61039.2499 lsst_hardware_z -12.045851588632848 42.70000076293945 30.940000534057617 AB 10.265546636894799 1.1420650236201255
61039.2703 lsst_hardware_r 31.609974094722656 23.3799991607666 31.479999542236328 AB 9.860112695309294 1.1333462868171602
61041.2522 lsst_hardware_y -103.72215973627205 73.75 30.760000228881836 AB 8.036000301976484 1.1365613648320099
61041.2738 lsst_hardware_g 48.30417499963096 70.86000061035156 32.40999984741211 AB 8.028705687279222 1.1353321540679473
61044.2475 lsst_hardware_r 141.33252139865758 128.52999877929688 31.639999389648438 AB 2.9516648433136554 1.134964692379001
61044.2671 lsst_hardware_i -49.71579005344798 101.45999908447266 31.31999969482422 AB 3.058978905438154 1.1360055353962135
61047.2549 lsst_hardware_z 31.542629959137695 59.47999954223633 30.969999313354492 AB 10.775969199536727 1.13441205714923
61047.2761 lsst_hardware_r -26.05842543507031 73.83000183105469 31.6200008392334 AB 11.026144060738538 1.151054621390717
61050.2078 lsst_hardware_r -30.783691209028614 33.61000061035156 31.549999237060547 AB 8.906394024891663 1.1561240134427324
61050.2303 lsst_hardware_z 41.884538021970386 45.70000076293945 30.950000762939453 AB 8.07633936216036 1.1352873164797208
61055.1916 lsst_hardware_g 2.2755143134017253 14.760000228881836 31.40999984741211 AB 7.0474566442888165 1.1599796962042328
61055.211 lsst_hardware_i 31.817919544325605 31.989999771118164 31.239999771118164 AB 6.147051315721967 1.1383428362448087
61057.1968 lsst_hardware_z 42.864443429264945 42.4900016784668 30.93000030517578 AB 3.5177636218548085 1.1459135529143243
61057.2169 lsst_hardware_r -17.039931184655813 23.59000015258789 31.479999542236328 AB 3.718310365784625 1.1336312090806784
61059.1945 lsst_hardware_u -0.3083590006212587 2.5799999237060547 28.270000457763672 AB 6.628072093292414 1.1427710505676576
61059.2137 lsst_hardware_g 7.2601660511738855 14.649999618530273 31.399999618530273 AB 6.754721174377085 1.1333741728309634
61063.1586 lsst_hardware_i 21.537208235622156 31.790000915527344 31.229999542236328 AB 8.98998942457599 1.1807183378744406
61063.1775 lsst_hardware_z 30.473540698675038 42.61000061035156 30.940000534057617 AB 9.889070043745857 1.1492237122307793
61065.1606 lsst_hardware_r 14.406795757832597 24.110000610351562 31.479999542236328 AB 9.123612848767063 1.1661431984364345
61065.182 lsst_hardware_u -0.6175182409692459 2.630000114440918 28.31999969482422 AB 8.850780524589286 1.1395365681201575
61067.1769 lsst_hardware_i -47.32366758252065 35.25 31.25 AB 12.381584542226756 1.1392698327407598
61067.1946 lsst_hardware_z 62.63387841282267 42.91999816894531 30.940000534057617 AB 12.411448299965018 1.13336209478267
61071.15 lsst_hardware_y 184.4632764628819 86.05000305175781 30.780000686645508 AB 10.52679267796265 1.1567904041717199
61072.141 lsst_hardware_r -282.364214053045 138.75 31.6200008392334 AB 9.764319935103284 1.1670036972754014
61072.1587 lsst_hardware_i -173.1548053841736 109.52999877929688 31.31999969482422 AB 9.62275298402724 1.1430484034005155
61078.1389 lsst_hardware_i 28.394352838836465 41.369998931884766 31.260000228881836 AB 5.610265924957916 1.1465121100050235
61078.1578 lsst_hardware_z 8.87323132914199 48.09000015258789 30.950000762939453 AB 5.5523360969993245 1.1339783709577216
61080.1361 lsst_hardware_r 12.439530891997071 23.770000457763672 31.479999542236328 AB 6.405092975901106 1.1437666028394833
61080.1555 lsst_hardware_z -9.027277245969373 43.84000015258789 30.940000534057617 AB 6.347245029901917 1.1334366124824853
61086.1225 lsst_hardware_r -14.01905853414211 24.0 31.489999771118164 AB 1.7111032457940163 1.1412427161809802
61086.1392 lsst_hardware_g -2.519234836601283 14.739999771118164 31.420000076293945 AB 3.345495613592142 1.1334259560447686
61088.1228 lsst_hardware_r 1.270165334572667 23.81999969482422 31.479999542236328 AB 2.6373112576685234 1.1371397036406456
61088.1401 lsst_hardware_i -39.52434605344541 31.81999969482422 31.239999771118164 AB 3.503113845200544 1.1336938010357749
61090.1236 lsst_hardware_z -15.676893355368456 42.75 30.940000534057617 AB 3.8412444631694016 1.134365289972507
61090.1414 lsst_hardware_i -33.93469287804607 31.729999542236328 31.25 AB 3.533517372324504 1.1359357176353957
61092.0961 lsst_hardware_r 35.89763343656118 23.889999389648438 31.489999771118164 AB 5.2951623405935 1.1519987687574242
61092.1139 lsst_hardware_u 3.7005790440260085 2.759999990463257 28.43000030517578 AB 5.1652517402089435 1.1360524355298263
61094.0921 lsst_hardware_g -5.557915933824918 15.619999885559082 31.420000076293945 AB 7.575662865747937 1.1501366934752248
61094.1106 lsst_hardware_r -8.979099566791499 23.459999084472656 31.469999313354492 AB 7.464647294006982 1.1350917763173514
61097.0652 lsst_hardware_r -168.96857357568572 50.279998779296875 31.59000015258789 AB 7.638807585635003 1.1819290709631753
61097.0784 lsst_hardware_z -3.1060856805945996 50.63999938964844 30.950000762939453 AB 7.420393224194257 1.1576878502565278
61103.0919 lsst_hardware_z 142.04328599657998 102.62000274658203 31.729999542236328 AB 5.112199086015849 1.133525296234113
61105.0844 lsst_hardware_r 24.580055920903057 65.58000183105469 31.6200008392334 AB 8.099036199201159 1.1338953050962983
61105.1029 lsst_hardware_i 83.27069605846955 55.7599983215332 31.299999237060547 AB 8.218527182832295 1.137250071425133
61107.0501 lsst_hardware_i 4.996533798201114 31.649999618530273 31.229999542236328 AB 10.873359931500486 1.1592068157249666
61107.0686 lsst_hardware_z 9.19285647866053 46.130001068115234 30.940000534057617 AB 10.502708537563809 1.138607845792445
61109.0487 lsst_hardware_r 72.32040670437728 23.170000076293945 31.469999313354492 AB 11.665072374814166 1.1533019303785819
61109.0674 lsst_hardware_g -9.654950976292813 14.09000015258789 31.389999389648438 AB 11.42961774811248 1.136088439750756
61111.0491 lsst_hardware_r 60.49996536484326 23.31999969482422 31.469999313354492 AB 8.861426449587785 1.146170533274252
61111.0659 lsst_hardware_i -2.530917266307008 31.3700008392334 31.229999542236328 AB 8.837917123278432 1.1344722677606989
61114.0452 lsst_hardware_u -2.4818025141777094 2.609999895095825 28.31999969482422 AB 11.022821052442424 1.141965402998438
61114.0641 lsst_hardware_g 11.23384986548273 14.25 31.389999389648438 AB 10.944543820155474 1.1333275158077716
61116.0462 lsst_hardware_r -54.59961340712069 23.360000610351562 31.479999542236328 AB 9.25781688347937 1.137219160824171
61116.0648 lsst_hardware_i -3.1144296565859277 31.459999084472656 31.239999771118164 AB 9.22846968865316 1.1339275896852303
61118.037 lsst_hardware_z -38.982630894456726 42.650001525878906 30.940000534057617 AB 7.70917156433953 1.1397355949644485
61118.0563 lsst_hardware_u -0.14232357138596205 2.690000057220459 28.389999389648438 AB 8.27285231599406 1.1334227039312317
61124.0286 lsst_hardware_i -22.577843945783503 35.16443360121434 31.25 AB 9.327278692518941 1.1351197143140979
61124.0467 lsst_hardware_z -55.476859234753505 44.47660423030456 30.940000534057617 AB 11.692382419116317 1.1351092892805952
61126.027 lsst_hardware_z -1.365253522326446 52.98891368175623 30.959999084472656 AB 6.209643258270754 1.1339052757205101
61126.045 lsst_hardware_r 6.196694801159549 55.08142377597283 31.610000610351562 AB 7.05953692798787 1.1369234906572692
61127.9943 lsst_hardware_y 223.78754042275202 58.606724082231445 30.020000457763672 AB 8.646432842936058 1.1568681887792425
61128.0126 lsst_hardware_i 171.83940350416503 72.18745856145507 31.309999465942383 AB 7.395207363635373 1.1377242097900573
61130.0318 lsst_hardware_z 692.6797922102418 98.47910377356347 31.719999313354492 AB 6.778722686978616 1.135749800951431
61132.9916 lsst_hardware_y 131.15958459982477 56.5252919404058 30.020000457763672 AB 10.494901302986634 1.1435468594918696
61133.0112 lsst_hardware_r 1203.9341307121458 85.36562623645025 31.6299991607666 AB 7.0590257080217915 1.133388304583437
61134.989 lsst_hardware_y 318.4735658849033 53.42489124814104 30.010000228881836 AB 10.31994837490426 1.1409876862162316
61135.0082 lsst_hardware_z 877.1409102075401 56.28663359459819 30.950000762939453 AB 8.676674199578507 1.1333169017213305
61136.9867 lsst_hardware_y 336.10095414291396 53.93971650830185 30.010000228881836 AB 12.895517339128997 1.1385932460418509
61137.0058 lsst_hardware_u 22.490251403355774 4.954951107010569 28.34000015258789 AB 12.12064196858363 1.1336001716443782
61138.9862 lsst_hardware_y 499.86705237587796 54.06221863432028 30.020000457763672 AB 10.275434398226206 1.1357417727020345
61139.0064 lsst_hardware_r 3160.012143121299 60.488025423800195 31.479999542236328 AB 9.135276577703774 1.1353811307113815
61141.9784 lsst_hardware_y 704.9497265181526 63.74840693320984 30.030000686645508 AB 6.157688236415371 1.1355635972550775
61141.9964 lsst_hardware_r 4174.518342659128 69.28356862998709 31.5 AB 6.159042438040592 1.1346798891010779
61149.9727 lsst_hardware_y 874.0456146445941 64.22114169353652 30.030000686645508 AB 10.292247132663544 1.134111086958573
61149.9911 lsst_hardware_r 5573.633868787084 77.92478827115018 31.5 AB 10.525737042913017 1.1465736326043119
61374.3386 lsst_hardware_z -15.750600576978622 53.15999984741211 30.969999313354492 AB 6.943427202703192 1.1374897806476605
61381.3372 lsst_hardware_g 14.483311161426238 15.229999542236328 31.43000030517578 AB 4.885499236282023 1.133658019789308
61383.3332 lsst_hardware_z 41.783929514547424 43.380001068115234 30.950000762939453 AB 7.4070158898812615 1.1339583419905568
61383.3517 lsst_hardware_y -19.4739683270298 68.70999908447266 30.030000686645508 AB 8.422873280143017 1.1460211275082017
61385.3297 lsst_hardware_u -1.7038626616507375 2.8499999046325684 28.479999542236328 AB 9.412463280891284 1.134510128474827
61385.3487 lsst_hardware_y 241.45146161567624 58.68000030517578 30.030000686645508 AB 9.75953311115995 1.1487998169004796
61387.2997 lsst_hardware_g 7.417742536431068 14.319999694824219 31.399999618530273 AB 11.405400970496634 1.1398182121819247
61387.3176 lsst_hardware_r -1.0026280009484079 23.5 31.479999542236328 AB 11.374764960332028 1.1333209857521116
61392.1885 lsst_hardware_g 41.880550376850884 35.27000045776367 32.189998626708984 AB 4.9861573797350465 1.5001977875042765
61405.2522 lsst_hardware_g 5.806471861052428 24.65999984741211 31.59000015258789 AB 6.37909550843357 1.138615887270606
61405.2727 lsst_hardware_r 4.767047733121117 30.450000762939453 31.549999237060547 AB 6.359646168125786 1.1338457221018323
61407.2525 lsst_hardware_i 39.560667056164256 32.29999923706055 31.239999771118164 AB 5.454433251167151 1.1353940989107307
61407.2739 lsst_hardware_z 1.7806760235664205 43.36000061035156 30.940000534057617 AB 5.578418579350601 1.1362884124152501
61409.2517 lsst_hardware_r -46.642590901904896 23.56999969482422 31.489999771118164 AB 3.147803868853925 1.1338670356681004
61409.2728 lsst_hardware_u 0.305172737091026 2.6500000953674316 28.350000381469727 AB 3.1758874081560995 1.1389572606279907
61411.2514 lsst_hardware_g -24.52065555549047 14.34000015258789 31.399999618530273 AB 8.37127006271997 1.1332946835812234
61411.2713 lsst_hardware_i -0.2750005625726429 31.459999084472656 31.239999771118164 AB 8.588776123092808 1.1421244844538327
61413.2503 lsst_hardware_z -11.254696501458264 42.959999084472656 30.940000534057617 AB 10.090152313277986 1.1337249790199984
61413.2723 lsst_hardware_r -14.419009501026075 23.8799991607666 31.489999771118164 AB 10.22465166090524 1.1488372652702517
61415.2137 lsst_hardware_r -7.14744088294917 23.6200008392334 31.469999313354492 AB 8.227433935533288 1.149176576611213
61415.2444 lsst_hardware_u -3.5311172708869685 3.7100000381469727 29.079999923706055 AB 8.227978254005711 1.1336426362642202
61415.2722 lsst_hardware_g 13.299716521112732 14.380000114440918 31.389999389648438 AB 7.642209620499792 1.155896486500761
61418.1926 lsst_hardware_g 7.482907395844754 14.829999923706055 31.40999984741211 AB 6.044291108530311 1.1687317644596154
61418.2111 lsst_hardware_r -3.1515929278940624 24.149999618530273 31.489999771118164 AB 5.033131300765252 1.1431789905775371
61420.1997 lsst_hardware_i -70.13078960659611 31.889999389648438 31.239999771118164 AB 7.001617794750758 1.1495965511453508
61420.2192 lsst_hardware_z 12.331271390207329 42.79999923706055 30.940000534057617 AB 6.12656666446312 1.134549382307985
61422.1939 lsst_hardware_r -10.851948585518997 29.959999084472656 31.540000915527344 AB 3.502936368533945 1.1500119397682076
61422.2129 lsst_hardware_u -2.5539851393888218 2.7699999809265137 28.43000030517578 AB 3.670084179298598 1.1348435928567093
61426.1896 lsst_hardware_z 8.8984435121299 73.30999755859375 30.979999542236328 AB 13.142819981689188 1.1428539114512337
61426.2095 lsst_hardware_r 11.190172845555686 104.88999938964844 31.639999389648438 AB 13.399426326664338 1.1333036081193406
61428.2015 lsst_hardware_y -165.50149928396704 98.30999755859375 30.780000686645508 AB 9.844347835335562 1.1335429067219378
61430.1571 lsst_hardware_g 120.13192441804506 80.56999969482422 31.68000030517578 AB 9.171500575741955 1.1739395516730857
61430.1767 lsst_hardware_r 9.724525456662935 80.45999908447266 31.6299991607666 AB 8.901216008704663 1.1447773144755502
