data/validation/pwv_sim_epoch_fit_epoch/60840120.ecsv
# %ECSV 0.9
# ---
# datatype:
# - {name: time, datatype: float64}
# - {name: band, datatype: string}
# - {name: flux, datatype: float64}
# - {name: fluxerr, datatype: float64}
# - {name: zp, datatype: float64}
# - {name: zpsys, datatype: string}
# - {name: pwv, datatype: float64}
# - {name: airmass, datatype: float64}
# meta: {SNID: '60840120', alt: 1024.0, c: -0.060770146548748016, dec: -40.228184, lat: -30.244573, lon: -70.7499537, ra: 36.738281, t0: 60970.61328125,
#   x0: 4.4155300046593545e-06, x1: 0.7984309792518616, z: 0.6451404094696045}
# schema: astropy-2.0
time band flux fluxerr zp zpsys pwv airmass
60896.4296 lsst_hardware_y 98.60656291779657 90.91999816894531 30.829999923706055 AB 3.419647417526299 1.0176764876203555
60897.4345 lsst_hardware_r 101.28563871010738 86.81999969482422 31.65999984741211 AB 5.059263365698024 1.0213856054572055
60899.4334 lsst_hardware_z -50.38612073071597 76.7300033569336 31.0 AB 3.199437720107229 1.0242297623392491
60902.4209 lsst_hardware_i 101.13182209793636 56.959999084472656 32.04999923706055 AB 5.283269950908733 1.0214151669229063
60908.4193 lsst_hardware_r -23.25826747825363 23.510000228881836 31.510000228881836 AB 1.5661641772625223 1.0332602192066782
60912.4116 lsst_hardware_u 5.052796607459597 3.240000009536743 28.56999969482422 AB 2.2257437005621106 1.0366761530331208
60912.4229 lsst_hardware_r -39.61729638620731 30.790000915527344 31.56999969482422 AB 2.153243787192578 1.0511319439553712
60919.3649 lsst_hardware_i 13.484696075330447 29.459999084472656 31.239999771118164 AB 0.8245311731856569 1.016998055116444
60919.3765 lsst_hardware_z 28.119156305269396 40.369998931884766 30.950000762939453 AB 0.7346986277835003 1.022663673982369
60920.2762 lsst_hardware_r 52.04982380989358 32.7599983215332 31.559999465942383 AB 3.1912361544921723 1.0928579051370129
60932.3846 lsst_hardware_r 2.262175021902515 30.700000762939453 31.559999465942383 AB 1.309657117542367 1.0791653787343545
60932.3966 lsst_hardware_y -112.76073588342659 50.16999816894531 30.020000457763672 AB 1.33443449077621 1.1057322116637565
60934.3666 lsst_hardware_g -6.466587363917143 15.5 31.469999313354492 AB 4.358878613496598 1.056825945810789
60934.3773 lsst_hardware_r -13.862111834613193 23.690000534057617 31.510000228881836 AB 4.605519006837263 1.0755532477435097
60938.3624 lsst_hardware_z 5.241451356942345 41.16548041926172 30.940000534057617 AB 5.5206811740711075 1.068139919526189
60938.3758 lsst_hardware_r -5.850806394198329 22.05943396897486 31.469999313354492 AB 6.51701033729692 1.0953265364234719
60940.3607 lsst_hardware_u 0.12038357665274657 2.657483280963138 28.34000015258789 AB 1.6578518300757397 1.0751308885058841
60940.3733 lsst_hardware_g -1.1598562999446616 13.289532177846963 31.3700008392334 AB 1.6673748416954803 1.1022144053517253
60941.3514 lsst_hardware_r 1.4589643010480002 22.239137224644743 31.479999542236328 AB 1.8571065934679938 1.0632289657259506
60941.3631 lsst_hardware_z 86.56604253167096 41.70616812040031 30.940000534057617 AB 1.9001015524801053 1.0854621836504457
60943.3581 lsst_hardware_r 25.4854843700229 22.69775733044373 31.479999542236328 AB 6.460487569777581 1.086435309808838
60943.3703 lsst_hardware_u 1.8217466119887982 3.013508547084329 28.360000610351562 AB 6.641034970114987 1.1151095575711505
60945.3493 lsst_hardware_u 7.020928458604702 3.112063243500017 28.3799991607666 AB 5.320741228727885 1.0795498232235665
60945.3614 lsst_hardware_g 24.1773246587005 14.279822139484684 31.3799991607666 AB 5.5528864419373205 1.106446554583685
60947.3339 lsst_hardware_r 203.45673161190496 26.116583614683144 31.479999542236328 AB 7.382728710406009 1.0613468531348804
60947.3461 lsst_hardware_i 209.4809444805521 33.316064263049114 31.239999771118164 AB 7.48454618865807 1.0841668992045042
60950.3342 lsst_hardware_i 408.3236139937871 36.11189306725362 31.239999771118164 AB 2.584763184624705 1.0766855809324427
60950.3466 lsst_hardware_z 221.59534304216328 45.10241067374455 30.950000762939453 AB 2.7289745395950296 1.1036564597982905
60952.3363 lsst_hardware_i 594.5424393993785 51.427645840171884 31.299999237060547 AB 2.601504505578538 1.092457099207018
60952.3483 lsst_hardware_z 407.9716058502927 52.38672098178482 30.959999084472656 AB 2.6830184355066224 1.121897735942459
60957.2885 lsst_hardware_r 1397.2889114975271 79.06776120395249 31.649999618530273 AB 2.6824030050209533 1.0364104597929729
60957.2987 lsst_hardware_i 940.9470016416144 65.39908458319931 31.31999969482422 AB 2.852890117858319 1.0492102551196336
60961.3197 lsst_hardware_r 1510.8679603595458 50.119523192616946 31.549999237060547 AB 5.794954939976583 1.1113865954885567
60961.3303 lsst_hardware_i 1152.4211765512216 48.58456208912832 31.25 AB 6.08219283133099 1.1405002574570637
60963.3187 lsst_hardware_z 917.5581308739984 51.049909342689084 30.940000534057617 AB 6.380895192424285 1.1230675023334031
60963.3295 lsst_hardware_r 1542.4202334239428 45.8648035131068 31.489999771118164 AB 6.573327416494487 1.1548361589062697
60965.321 lsst_hardware_u 1.5228380064744045 3.172769056260228 28.34000015258789 AB 6.198201997992473 1.1453759582356746
60965.3312 lsst_hardware_g 364.5803011888389 23.81080354385202 31.350000381469727 AB 6.389781968300379 1.1788359384980327
60972.2054 lsst_hardware_z 841.2367061463608 50.64218809101588 30.950000762939453 AB 2.315621266462633 1.0151039379551534
60974.3024 lsst_hardware_r 1373.6800879348982 43.093684116060416 31.459999084472656 AB 1.5637510094883411 1.1643715632820992
60974.3126 lsst_hardware_i 1275.0288692673614 47.137831397660214 31.229999542236328 AB 1.647509617323887 1.2008087589824248
60976.2888 lsst_hardware_z 849.9736405567401 51.705729176095666 30.940000534057617 AB 2.5408575126601036 1.1388872759570163
60976.299 lsst_hardware_r 1253.564883058767 42.135244745214514 31.459999084472656 AB 3.382658178526554 1.1713143310436778
60979.1926 lsst_hardware_z 1034.8337612678536 53.99833473178257 30.959999084472656 AB 3.461801546272281 1.015191069288059
60991.2341 lsst_hardware_r 616.7773169490645 35.470235735031345 31.5 AB 7.533490141284771 1.1023275417074028
60991.2453 lsst_hardware_g 98.55854837744725 20.568281272269765 31.479999542236328 AB 7.841030943205987 1.1315299298715873
60993.1239 lsst_hardware_u -1.385795170648008 2.8259638537863774 28.450000762939453 AB 3.121534622179966 1.0247979718253335
60995.2347 lsst_hardware_z 586.0330951097234 48.244020809045175 30.940000534057617 AB 8.667738958558054 1.1324456439190813
60995.2472 lsst_hardware_i 555.9233679319099 39.271024492049136 31.229999542236328 AB 8.967284920172606 1.1715815155697873
60997.1844 lsst_hardware_z 566.2903118483006 46.88333897589157 30.950000762939453 AB 5.973877096912387 1.0424401634909937
60997.197 lsst_hardware_r 405.7482982752261 29.415695727596628 31.479999542236328 AB 5.830417228403894 1.060718719539823
61001.1857 lsst_hardware_r 300.9470759049792 27.862972843227244 31.489999771118164 AB 3.9393225438588804 1.0600975629329603
61001.1974 lsst_hardware_i 456.77170960455084 36.810723807087854 31.239999771118164 AB 4.042388432845976 1.0815755004270171
61004.1342 lsst_hardware_z 381.32334236090276 45.27296685510731 30.940000534057617 AB 7.809403258299301 1.0174897298602947
61004.1466 lsst_hardware_r 252.48481897048634 26.65124163694277 31.479999542236328 AB 7.878984131138304 1.024153573232302
61006.1363 lsst_hardware_z 429.10823138586755 45.88081816952797 30.950000762939453 AB 3.675768272303301 1.0210467423064724
61006.1483 lsst_hardware_r 177.87696405672904 29.159128624007618 31.520000457763672 AB 3.707870274681433 1.029963965189287
61011.1647 lsst_hardware_z 501.4474718477093 57.25582265140184 30.969999313354492 AB 6.956757750234716 1.0710943418375236
61011.1769 lsst_hardware_r 226.40867757000095 67.03945742534724 31.6299991607666 AB 6.919000459773949 1.0962818939115797
61013.194 lsst_hardware_y 385.87665335496297 78.42592009005926 30.770000457763672 AB 4.309052796214124 1.1581140351311225
61015.183 lsst_hardware_r 248.58773709915013 74.4335433345906 31.6200008392334 AB 5.932840506028532 1.1409308665439484
61015.1955 lsst_hardware_i 199.61279435451587 61.36115696757251 31.299999237060547 AB 6.145121431580084 1.1817541214577085
61017.0981 lsst_hardware_i 214.1263652315914 32.86938211886668 31.25 AB 3.8898099446844676 1.0172762195971423
61017.1105 lsst_hardware_z 289.4269781312212 43.87869041432546 30.950000762939453 AB 3.8960728691447226 1.0237332639150556
61020.0929 lsst_hardware_r 103.02621892932376 23.962502974001342 31.479999542236328 AB 10.811659919711344 1.0184466523003568
61020.1063 lsst_hardware_u -1.3416407786122044 2.6195118060077993 28.389999389648438 AB 10.939745882254496 1.0267241560069917
61022.0787 lsst_hardware_u -0.6696547343565995 2.887784175305309 28.510000228881836 AB 11.612659393837658 1.015714107743934
61022.0904 lsst_hardware_g 3.2249121111546537 13.38898788847512 31.40999984741211 AB 12.178671220096554 1.0198468572306953
61024.0809 lsst_hardware_r 107.3649713203464 23.85197142741825 31.489999771118164 AB 7.822522846374065 1.017997837279515
61024.0923 lsst_hardware_z 237.90395789794312 43.12049640578787 30.950000762939453 AB 7.970416506673986 1.0243796336782252
61026.0839 lsst_hardware_r 93.61385831003669 23.84079721038478 31.489999771118164 AB 9.774043436291882 1.0223894807836142
61026.0962 lsst_hardware_u 7.6284776543564226 2.963201576121281 28.450000762939453 AB 9.911885795692106 1.0323536826654416
61028.0744 lsst_hardware_g 6.60580756127931 13.347605753481195 31.420000076293945 AB 4.255636539467964 1.0200471091725702
61028.0868 lsst_hardware_r 50.99090934415498 23.88439755348476 31.5 AB 3.1558596688920995 1.0286933239176725
61030.0808 lsst_hardware_i 116.58447372992045 31.758309053095303 31.25 AB 4.59883382137485 1.0282276435410047
61030.094 lsst_hardware_z 166.4200957421654 42.842668363516346 30.950000762939453 AB 3.2304535043758755 1.042081775605121
61251.4383 lsst_hardware_z 71.80658532014178 72.83000183105469 30.989999771118164 AB 3.8510836698423714 1.0153580005736358
61271.2782 lsst_hardware_r -104.39311074537035 31.799999237060547 32.209999084472656 AB 2.9403696733570475 1.2035897148411983
61272.2859 lsst_hardware_r -40.350752272651334 22.350000381469727 31.459999084472656 AB 1.8787243860999177 1.1660042737625556
61272.3066 lsst_hardware_u -1.7642061724528515 2.640000104904175 28.40999984741211 AB 2.594419575208149 1.10636229219993
61276.4194 lsst_hardware_z 10.670866660481156 46.470001220703125 30.969999313354492 AB 3.535894367433005 1.0418074152719519
61278.4109 lsst_hardware_z 69.73838147874487 51.36000061035156 30.979999542236328 AB 2.1918523619416814 1.0381775545016845
61278.4217 lsst_hardware_r 14.80198449945457 50.130001068115234 31.6299991607666 AB 2.4733852043151705 1.0523550720386978
61281.4044 lsst_hardware_r -120.85992005226225 85.55000305175781 31.65999984741211 AB 7.780406357308157 1.0401612777149942
61281.4144 lsst_hardware_z 119.45203216597432 65.41999816894531 30.989999771118164 AB 7.878755888651494 1.0536852561498966
61286.407 lsst_hardware_y -52.93721807565122 73.41000366210938 30.790000915527344 AB 1.2289800025650097 1.0637449531722531
61303.3728 lsst_hardware_u -0.4711405169832176 2.630000114440918 28.389999389648438 AB 5.720269727749564 1.0871937142924193
61303.3849 lsst_hardware_g -1.1421273314505418 13.770000457763672 31.389999389648438 AB 6.531951473748995 1.115778187686661
61305.3665 lsst_hardware_r -27.745599468319245 22.09000015258789 31.479999542236328 AB 1.6864616506006462 1.0854137735161038
61305.378 lsst_hardware_z 43.5039734052805 41.75 30.940000534057617 AB 1.5569115781650402 1.1120796986893144
61307.3569 lsst_hardware_r -61.60524187477866 53.31999969482422 31.6299991607666 AB 4.346801069056875 1.0770072024422388
61307.3692 lsst_hardware_y 10.08909718624077 50.36000061035156 30.030000686645508 AB 4.584148927323292 1.1038162598900294
61309.3485 lsst_hardware_z -12.485156736203509 65.29000091552734 30.979999542236328 AB 4.486497008340029 1.0714022706483386
61309.3606 lsst_hardware_r -39.62666961303182 91.27999877929688 31.639999389648438 AB 4.579012337411733 1.0964411463422017
61311.3534 lsst_hardware_r 63.39828982058313 83.87000274658203 31.639999389648438 AB 5.2088390196259535 1.0925151317972404
61311.365 lsst_hardware_i -120.21721680595792 67.63999938964844 31.309999465942383 AB 5.271583309072716 1.1208980032049152
61313.3462 lsst_hardware_z 43.75257726656838 50.33000183105469 30.959999084472656 AB 3.526848300446342 1.0887014355445492
61313.3584 lsst_hardware_r 30.742670024422907 56.52000045776367 31.6200008392334 AB 3.62470735117142 1.1178742794669703
61315.332 lsst_hardware_i 2.1542428505088203 37.7400016784668 31.280000686645508 AB 3.403861889510048 1.0711828037900077
61315.3439 lsst_hardware_z -75.72822815278842 45.220001220703125 30.950000762939453 AB 2.6209476026628122 1.095713880711878
61317.3357 lsst_hardware_g 30.5074885888743 20.450000762939453 31.540000915527344 AB 2.5845651974746255 1.0896143328306915
61317.3477 lsst_hardware_r -56.67234276494692 26.600000381469727 31.520000457763672 AB 2.664349844574018 1.1184565218949212
61319.335 lsst_hardware_i 28.48679578996461 30.649999618530273 31.25 AB 6.928811276747148 1.10039353256969
61319.3461 lsst_hardware_r 0.8422328516064702 22.700000762939453 31.479999542236328 AB 7.102523081717478 1.1289526058759218
61321.3278 lsst_hardware_u 1.5340520877899695 2.640000104904175 28.399999618530273 AB 4.064192753781494 1.0963562864260843
61321.3393 lsst_hardware_g 17.157154782839502 13.319999694824219 31.3799991607666 AB 4.9248017616636 1.1252403111188727
61323.3286 lsst_hardware_r 23.026900426857093 22.350000381469727 31.489999771118164 AB 3.110431594406588 1.111430757611859
61323.3403 lsst_hardware_i 39.04549999435921 30.899999618530273 31.239999771118164 AB 3.4315576714265728 1.143852557142191
61326.3185 lsst_hardware_u -2.057832532278556 2.6700000762939453 28.420000076293945 AB 5.822022593400865 1.1066730733535621
61326.3292 lsst_hardware_g -5.631856139260199 13.3100004196167 31.3700008392334 AB 6.042362262789022 1.1352488985981088
61328.3191 lsst_hardware_r 14.618816689713247 22.200000762939453 31.469999313354492 AB 6.318440076599579 1.122280653037143
61328.3303 lsst_hardware_z 26.2030440953221 42.40999984741211 30.940000534057617 AB 6.591880208755072 1.1551866713163024
61330.3162 lsst_hardware_r 11.916354186826444 22.34000015258789 31.479999542236328 AB 6.120287316882563 1.1293258469175549
61330.3273 lsst_hardware_u -1.4022010691829234 2.5999999046325684 28.350000381469727 AB 6.304966640284667 1.1631706743445562
61337.3002 lsst_hardware_z -75.72844595103896 61.02000045776367 30.969999313354492 AB 3.5943501743239694 1.1382630589258633
61337.3113 lsst_hardware_r -8.068398152194861 76.27999877929688 31.6200008392334 AB 3.7150933383448215 1.1736815517096109
61340.2945 lsst_hardware_z -107.11324670393056 88.08000183105469 31.719999313354492 AB 3.6284983255949355 1.1457209742958432
61355.2316 lsst_hardware_r -5.461808723651636 21.93000030517578 31.479999542236328 AB 2.520722697590947 1.0888650961515969
61355.2429 lsst_hardware_i -3.1786476427795813 30.530000686645508 31.239999771118164 AB 2.603713484279163 1.1157178192882156
61360.1878 lsst_hardware_z -8.894993339098015 40.959999084472656 30.940000534057617 AB 5.769560712296054 1.039092429049228
61360.1998 lsst_hardware_r -15.76143923012357 21.739999771118164 31.469999313354492 AB 5.849141782774464 1.055357271204871
61362.2341 lsst_hardware_r -33.83680939115291 24.8799991607666 31.489999771118164 AB 5.174691610843181 1.144716648787421
61362.2462 lsst_hardware_i -9.59476153545095 30.920000076293945 31.219999313354492 AB 5.401997806015496 1.1848435172486405
61365.186 lsst_hardware_z 34.24155849985005 52.04999923706055 30.969999313354492 AB 3.310472414330395 1.0551306499857833
61365.1978 lsst_hardware_r 28.03639108741986 60.20000076293945 31.639999389648438 AB 3.297082698637626 1.0755740759455807
61369.1808 lsst_hardware_i 20.116038053957904 64.0199966430664 31.31999969482422 AB 6.288688079383872 1.064466061339593
61369.193 lsst_hardware_z -74.751389689915 59.15999984741211 30.969999313354492 AB 6.434982426860408 1.0880624083742736
61371.1364 lsst_hardware_r -5.408356552044959 47.25 31.6299991607666 AB 3.6745191439424727 1.0206997622062424
61371.1485 lsst_hardware_z 0.9758317226575806 48.119998931884766 30.969999313354492 AB 3.7062295700658323 1.0295082139071756
61373.2111 lsst_hardware_r -70.05447936868688 40.08000183105469 31.579999923706055 AB 5.933450846547487 1.1671979633220197
61373.2236 lsst_hardware_i 67.18154913019664 40.79999923706055 31.260000228881836 AB 6.167024889309406 1.213145448865822
61375.163 lsst_hardware_r -2.858866525904921 21.90999984741211 31.489999771118164 AB 8.680181964982857 1.0620557891818008
61375.1751 lsst_hardware_i 57.165495657921475 30.360000610351562 31.239999771118164 AB 8.411884286317076 1.0848445042967598
61378.1848 lsst_hardware_z -11.27176836172642 42.25 30.950000762939453 AB 4.221463308340193 1.1283815142353615
61378.1962 lsst_hardware_r -36.189912131859835 22.399999618530273 31.469999313354492 AB 4.347750278894653 1.1630442797818907
61382.0907 lsst_hardware_g -4.436817576457411 12.859999656677246 31.389999389648438 AB 3.8727659548315887 1.0153192226247283
61382.1047 lsst_hardware_i 17.55628813978956 29.549999237060547 31.25 AB 3.8788515970908697 1.0198111205707558
61384.0933 lsst_hardware_z 70.14970185499372 57.18000030517578 31.700000762939453 AB 9.358728724322741 1.0172531222089938
61384.1064 lsst_hardware_r -25.942025260752526 30.670000076293945 32.25 AB 9.422573709391134 1.0241927944990363
61386.0914 lsst_hardware_u 1.4992656014705281 2.7200000286102295 28.520000457763672 AB 12.609793179646605 1.0186713576836444
61386.1035 lsst_hardware_g 9.333728599545521 12.989999771118164 31.40999984741211 AB 12.837305424790946 1.0261088211225844
61388.0817 lsst_hardware_g 9.94169964029242 14.260000228881836 31.440000534057617 AB 8.034483171334703 1.017023186244899
61388.0944 lsst_hardware_r -14.384401842865985 22.170000076293945 31.479999542236328 AB 7.567334513814564 1.0234425904536872
61391.0827 lsst_hardware_i -35.7085312550354 34.529998779296875 31.280000686645508 AB 11.139425480911735 1.021223925825582
61391.0947 lsst_hardware_z -15.040754642465586 42.66999816894531 30.959999084472656 AB 9.978842266760676 1.0302512879731716
61393.085 lsst_hardware_r -85.8556815707221 46.15999984741211 31.6299991607666 AB 3.1810819437877083 1.0265970128402673
61393.0973 lsst_hardware_z 14.344813336642728 47.150001525878906 30.969999313354492 AB 3.177897413269262 1.0386417082260748
61395.0753 lsst_hardware_z -20.82578568219402 51.400001525878906 30.979999542236328 AB 4.417481764662808 1.023453637917996
61395.0879 lsst_hardware_i 51.98195842056756 51.77000045776367 31.31999969482422 AB 3.2063430858938125 1.0343042212560685
