data/validation/pwv_sim_epoch_fit_epoch/61000609.ecsv
# %ECSV 0.9
# ---
# datatype:
# - {name: time, datatype: float64}
# - {name: band, datatype: string}
# - {name: flux, datatype: float64}
# - {name: fluxerr, datatype: float64}
# - {name: zp, datatype: float64}
# - {name: zpsys, datatype: string}
# - {name: pwv, datatype: float64}
# - {name: airmass, datatype: float64}
# meta: {SNID: '61000609', alt: 1024.0, c: -0.02657989040017128, dec: -17.739365, lat: -30.244573, lon: -70.7499537, ra: 167.34375, t0: 62254.859375,
#   x0: 5.86090019557884e-06, x1: -1.3083029985427856, z: 0.5746625065803528}
# schema: astropy-2.0
time band flux fluxerr zp zpsys pwv airmass
[from data line 134]
62565.2433 lsst_hardware_i 11.037465291965653 30.709999084472656 31.239999771118164 AB 11.359411141321681 1.043272439677796
62569.2059 lsst_hardware_r 35.319547625123604 23.389999389648438 31.5 AB 9.16589444397464 1.024513392707625
62569.2253 lsst_hardware_u 0.40101971238511674 2.640000104904175 28.3700008392334 AB 9.169474214756354 1.035806180712387
62573.2046 lsst_hardware_g 6.81067159233339 14.5 31.440000534057617 AB 14.254791709957145 1.0284656993890604
62573.2231 lsst_hardware_r -1.1383425827099138 23.350000381469727 31.5 AB 14.717386811560182 1.0452689496847027
62576.1895 lsst_hardware_i -2.1320250454346596 54.02000045776367 31.31999969482422 AB 8.118688819296011 1.025302734493287
62576.2087 lsst_hardware_z 49.9944238932415 53.36000061035156 30.969999313354492 AB 8.639228950771262 1.038244075324031
62577.1918 lsst_hardware_r 0.9140954615956104 82.94999694824219 31.65999984741211 AB 8.805683758693812 1.0274410779643972
62577.2112 lsst_hardware_z -12.49700837480124 62.93000030517578 30.979999542236328 AB 8.605973797463271 1.044065851501403
62579.1898 lsst_hardware_z 71.10750355363128 94.37999725341797 31.0 AB 6.487938173136439 1.02942295488081
62579.2095 lsst_hardware_i -21.595379931016385 117.87999725341797 31.34000015258789 AB 7.058996491454248 1.0488850655949606
62581.1485 lsst_hardware_z 62.45771614001574 78.62999725341797 30.989999771118164 AB 5.311608138296303 1.0288829323576116
62581.1674 lsst_hardware_r -207.75131506001856 116.12999725341797 31.65999984741211 AB 5.425453645248726 1.0236704991035332
62585.1249 lsst_hardware_r 36.18041545578731 29.68000030517578 31.549999237060547 AB 9.271347824463568 1.0393790593656689
62585.1426 lsst_hardware_i -23.143343176634083 35.45000076293945 31.270000457763672 AB 8.713250085155117 1.0262956519617334
62593.1607 lsst_hardware_g -7.9187571408174415 20.3799991607666 32.18000030517578 AB 8.724682442383173 1.0366780468611376
62593.1821 lsst_hardware_i -10.942906816268277 43.7599983215332 31.989999771118164 AB 8.739825473001657 1.0658323747562997
62595.1509 lsst_hardware_z 39.63472672250085 41.349998474121094 30.940000534057617 AB 6.041093178486174 1.0328567703681857
62595.17 lsst_hardware_r 5.238353412082867 23.489999771118164 31.5 AB 4.755430642891858 1.0548870104019206
62601.135 lsst_hardware_z -37.88744671154327 41.400001525878906 30.950000762939453 AB 4.961655586405147 1.0332477272813718
62601.1518 lsst_hardware_r -37.50357906756207 23.110000610351562 31.489999771118164 AB 5.099206797049232 1.0521963986689156
62603.1325 lsst_hardware_z 32.431056327511264 45.779998779296875 30.969999313354492 AB 6.5257468868901665 1.0358328391889153
62603.1485 lsst_hardware_r -96.5621630817337 39.79999923706055 31.610000610351562 AB 6.64907913313388 1.055409386211727
62605.1195 lsst_hardware_i 42.229690131146036 59.959999084472656 31.329999923706055 AB 6.258152530446448 1.029866022563782
62605.136 lsst_hardware_z 26.558142859296183 58.65999984741211 30.989999771118164 AB 5.149616647486517 1.0456074411140135
62607.0746 lsst_hardware_r -69.08453756959285 115.91999816894531 31.670000076293945 AB 17.147473665524377 1.0307811345587605
62607.0923 lsst_hardware_z 189.2663875174492 81.80999755859375 31.0 AB 16.36577805178413 1.0237569155376034
62609.1185 lsst_hardware_y -31.62273903806675 62.22999954223633 30.06999969482422 AB 11.731019916616312 1.0381433554527708
62609.1361 lsst_hardware_r 14.267515037466914 123.27999877929688 31.65999984741211 AB 12.434933112913924 1.0618165069519192
62613.0942 lsst_hardware_r -44.08536227357226 37.34000015258789 31.610000610351562 AB 9.459890574311142 1.027802104988219
62613.1113 lsst_hardware_i -36.89858788073362 40.689998626708984 31.299999237060547 AB 9.457331911581377 1.0421685180261582
62617.0913 lsst_hardware_u 1.5763519010337415 2.7300000190734863 28.479999542236328 AB 10.125719342967523 1.033236667649747
62617.1095 lsst_hardware_r 2.400917513515361 22.90999984741211 31.5 AB 10.331532023156758 1.0542379615466078
62619.0923 lsst_hardware_i 4.8123930011158835 30.549999237060547 31.25 AB 2.4350439305526708 1.0392846481232056
62619.11 lsst_hardware_z -29.96182458955603 41.369998931884766 30.940000534057617 AB 2.4483437723654347 1.0638805499849804
62621.0752 lsst_hardware_r 9.72829161402004 22.920000076293945 31.510000228881836 AB 10.955870036685713 1.0294693355902853
62621.0937 lsst_hardware_u 3.4439416051003846 2.7799999713897705 28.5 AB 11.02114849088933 1.0473887850690737
62624.0757 lsst_hardware_g -12.392192487743692 14.350000381469727 31.450000762939453 AB 13.506938847732483 1.0363380190076075
62624.0939 lsst_hardware_r -11.570794547112964 23.190000534057617 31.5 AB 13.922983678766146 1.0597491002257433
62626.0725 lsst_hardware_i 60.77293035342158 30.790000915527344 31.260000228881836 AB 9.347822774075354 1.038570043782907
62626.09 lsst_hardware_z 36.01316701406212 41.72999954223633 30.950000762939453 AB 9.87778769276222 1.0623561725921942
62632.0483 lsst_hardware_r 1.3116563811857684 42.349998474121094 31.610000610351562 AB 7.862365264219301 1.031637233291035
62632.0668 lsst_hardware_z 25.19467678022852 47.209999084472656 30.959999084472656 AB 8.07037609650379 1.0516860852261005
62642.9911 lsst_hardware_r 5.690760553173565 22.950000762939453 31.510000228881836 AB 5.820338319891318 1.0241665176651977
62643.0102 lsst_hardware_i 7.3519596095621385 30.440000534057617 31.25 AB 4.66619173568788 1.026758977321987
62644.9667 lsst_hardware_y 15.764162152882841 47.689998626708984 30.049999237060547 AB 8.170686481074036 1.03400233878439
62644.9859 lsst_hardware_z -7.059966107440787 41.16999816894531 30.950000762939453 AB 8.10179582393741 1.0241177883880195
62646.9681 lsst_hardware_y -24.468792371385526 47.279998779296875 30.049999237060547 AB 5.91996006652912 1.0289915814239903
62646.9888 lsst_hardware_u -1.8439495743158172 2.7899999618530273 28.510000228881836 AB 5.916818284460127 1.023789067561466
62650.9666 lsst_hardware_y -47.32795204327356 47.2599983215332 30.059999465942383 AB 9.787826155197408 1.0247959538475266
62650.9869 lsst_hardware_r 21.364631046116635 23.079999923706055 31.510000228881836 AB 9.822026816029423 1.026120645218285
62655.9512 lsst_hardware_y 65.83308770015036 68.06999969482422 30.06999969482422 AB 11.89396795496839 1.025342065083482
62655.972 lsst_hardware_g -28.591217192706956 14.609999656677246 31.450000762939453 AB 11.076822289555368 1.0256316934773488
62657.9519 lsst_hardware_y -70.79864094252098 65.55000305175781 30.06999969482422 AB 5.096209911307604 1.023883587859776
62657.9717 lsst_hardware_i 20.848220559940273 31.260000228881836 31.25 AB 4.42042525591895 1.0280058734695232
