data/validation/pwv_sim_epoch_fit_epoch/61074704.ecsv
# %ECSV 0.9
# ---
# datatype:
# - {name: time, datatype: float64}
# - {name: band, datatype: string}
# - {name: flux, datatype: float64}
# - {name: fluxerr, datatype: float64}
# - {name: zp, datatype: float64}
# - {name: zpsys, datatype: string}
# - {name: pwv, datatype: float64}
# - {name: airmass, datatype: float64}
# meta: {SNID: '61074704', alt: 1024.0, c: -0.02801579423248768, dec: -1.342993, lat: -30.244573, lon: -70.7499537, ra: 68.203125, t0: 62883.23046875,
#   x0: 1.0772612270804806e-05, x1: 0.462538480758667, z: 0.4459753632545471}
# schema: astropy-2.0
time band flux fluxerr zp zpsys pwv airmass
62754.3893 lsst_hardware_z 43.55509438135601 51.02000045776367 30.959999084472656 AB 2.6310487402680156 1.1594779611904587
62754.4074 lsst_hardware_y 39.50075336875961 59.11000061035156 30.030000686645508 AB 2.607557650289164 1.1447534866272764
62759.3834 lsst_hardware_r 22.574995399280084 75.7300033569336 31.6299991607666 AB 1.357111761523287 1.1513143257885787
62759.4014 lsst_hardware_y -53.487266564506086 60.47999954223633 30.030000686645508 AB 1.3411447284208544 1.1430210753586827
62761.39 lsst_hardware_z 72.8395564115766 86.7300033569336 31.729999542236328 AB 0.8008965563742206 1.144137937677458
62763.3814 lsst_hardware_r 21.103787369982697 47.38999938964844 31.600000381469727 AB 7.5846367524850455 1.1453694884453407
62763.4012 lsst_hardware_y 46.65704601287357 66.05000305175781 30.030000686645508 AB 7.693128879660655 1.1450096315819693
62766.3726 lsst_hardware_r 16.764463454954853 25.110000610351562 31.5 AB 1.782647936428657 1.1456606275248438
62766.3921 lsst_hardware_y -8.29139525401195 50.459999084472656 30.020000457763672 AB 1.6024968581115844 1.144640612936846
62769.3531 lsst_hardware_u 3.316697790860503 2.609999895095825 28.309999465942383 AB 6.860775661325978 1.154138390331684
62769.3729 lsst_hardware_y 43.07548258025548 48.56999969482422 30.010000228881836 AB 6.747835686305105 1.1431197164670686
62770.3626 lsst_hardware_r 18.091621227936177 23.40999984741211 31.479999542236328 AB 4.789345325134137 1.1452284373825965
62770.3744 lsst_hardware_y -75.90363810890715 48.369998931884766 30.010000228881836 AB 4.795522605281029 1.1430611644559614
62775.3628 lsst_hardware_g 14.28453929174916 14.369999885559082 31.40999984741211 AB 4.771933785753993 1.1433204637925112
62775.3821 lsst_hardware_y -53.05544276789437 50.779998779296875 30.010000228881836 AB 4.823126014551208 1.1551014284641181
62777.3533 lsst_hardware_i -34.48355490177085 31.559999465942383 31.239999771118164 AB 3.3146649431885646 1.1429879114443326
62777.3712 lsst_hardware_y -15.992506618088015 48.529998779296875 30.010000228881836 AB 3.335152113349916 1.1500524528792815
62779.3113 lsst_hardware_u -0.949467868964387 2.7100000381469727 28.399999618530273 AB 8.110625819620997 1.1738651803774118
62779.3298 lsst_hardware_g -6.644291772517506 14.239999771118164 31.399999618530273 AB 7.96293804372765 1.1504642120533888
62786.3257 lsst_hardware_z -70.5342571874515 71.43000030517578 30.979999542236328 AB 6.043809093771036 1.1432173569554294
62786.3442 lsst_hardware_r 127.13775339206119 101.37999725341797 31.6299991607666 AB 6.373881153495443 1.1482401645641223
62792.3169 lsst_hardware_z 64.09240316094514 50.959999084472656 30.959999084472656 AB 7.066288956686624 1.1434124525382887
62792.3349 lsst_hardware_r 79.0566742377924 50.060001373291016 31.600000381469727 AB 7.447523597306421 1.154281991187397
62797.2317 lsst_hardware_z -16.003170752976338 44.150001525878906 30.93000030517578 AB 4.480479181232875 1.2520551016439498
62797.2484 lsst_hardware_u -1.8106632280607147 2.6600000858306885 28.350000381469727 AB 4.275855421553157 1.2025185745772782
62800.287 lsst_hardware_i 1.140970212112708 31.649999618530273 31.25 AB 1.600603360858955 1.1432881148992535
62800.3047 lsst_hardware_z 2.9401171714303502 42.9900016784668 30.950000762939453 AB 1.5076739552860747 1.147392660034703
62802.2892 lsst_hardware_i 13.831908542294356 31.479999542236328 31.25 AB 2.601659609323619 1.1433353589644557
62802.307 lsst_hardware_u 0.22254743795247006 2.799999952316284 28.479999542236328 AB 3.3591266917172193 1.1536783142703673
62808.2727 lsst_hardware_r -38.69549448434103 23.440000534057617 31.5 AB 6.069754000970418 1.1433131054930166
62808.2908 lsst_hardware_i -15.72207803201484 31.540000915527344 31.239999771118164 AB 6.120730780612577 1.1538570319276156
62816.1537 lsst_hardware_z -16.630059219285613 97.62000274658203 30.959999084472656 AB 3.6844268239608553 1.370014932062787
62816.1794 lsst_hardware_r -283.5339771297245 138.64999389648438 31.610000610351562 AB 0.8962859354918178 1.2535467629256194
62818.2374 lsst_hardware_r -161.29374714696615 96.69000244140625 31.6299991607666 AB 7.647471667611312 1.1433619477385064
62818.2542 lsst_hardware_i -0.11762007171709658 79.43000030517578 31.309999465942383 AB 5.157280093520964 1.1465718304847687
62820.2016 lsst_hardware_z 49.31580852184296 54.84000015258789 30.959999084472656 AB 4.413355759193764 1.1701340943509757
62820.2198 lsst_hardware_i 59.342783134317244 53.810001373291016 31.299999237060547 AB 8.444719388018832 1.1489414133357014
62821.2676 lsst_hardware_z 40.908937492437204 70.27999877929688 31.700000762939453 AB 6.876654349890003 1.169747709953647
62828.2297 lsst_hardware_i 13.112178892093082 31.700000762939453 31.239999771118164 AB 7.1116933120439505 1.1483438256166558
62828.2489 lsst_hardware_z 78.62451969611722 43.029998779296875 30.940000534057617 AB 7.19253232177529 1.1704055633177408
62830.221 lsst_hardware_r -27.45093606785012 23.6299991607666 31.479999542236328 AB 7.120382352866236 1.146322523201519
62830.2401 lsst_hardware_g 12.658324889273423 14.5 31.399999618530273 AB 7.246944195710611 1.1652909142483696
62834.1807 lsst_hardware_z -25.55860838024053 43.04999923706055 30.940000534057617 AB 5.006115718287218 1.1495979144872668
62834.1996 lsst_hardware_i -65.65811190939665 31.8700008392334 31.239999771118164 AB 4.9741218606579025 1.143038344080713
62837.1863 lsst_hardware_r 0.45311202975991033 28.239999771118164 31.530000686645508 AB 7.223652422065519 1.1432241647075627
62837.2037 lsst_hardware_z 18.68180464189809 43.47999954223633 30.940000534057617 AB 7.273122382809495 1.1473913258711
62839.1869 lsst_hardware_y -4.436204386697792 49.939998626708984 30.020000457763672 AB 4.152613120171073 1.1431307910179132
62839.2058 lsst_hardware_r 15.746034953755524 43.060001373291016 31.600000381469727 AB 4.184176854292385 1.1534866928144145
62841.1895 lsst_hardware_i 27.417907516505068 62.709999084472656 31.309999465942383 AB 5.956915589579304 1.1455606903037123
62841.2089 lsst_hardware_z -17.8609157564566 60.06999969482422 30.969999313354492 AB 6.26498595233043 1.1636303774760013
62845.1974 lsst_hardware_r 48.3364186319318 137.52999877929688 31.6299991607666 AB 11.310960911594199 1.162831706482162
62845.2098 lsst_hardware_i -30.615962157168273 109.69999694824219 31.31999969482422 AB 11.102763370172005 1.1835793515214799
62850.1875 lsst_hardware_z 49.41358047065742 49.34000015258789 30.950000762939453 AB 9.303948292080534 1.168289353635061
62850.2051 lsst_hardware_i -0.393334781406622 45.439998626708984 31.270000457763672 AB 9.59576786480785 1.2035931795216874
62852.1221 lsst_hardware_r -10.012251906076328 23.760000228881836 31.489999771118164 AB 11.163690492494606 1.159010995457266
62852.1432 lsst_hardware_u 2.0193986946098246 2.7899999618530273 28.459999084472656 AB 10.734631408783134 1.143644810765631
62854.1248 lsst_hardware_g 17.99562822603613 14.550000190734863 31.420000076293945 AB 3.518246627225337 1.1506311873624002
62854.1447 lsst_hardware_r -26.49833796583456 23.729999542236328 31.5 AB 3.7062073111758695 1.1430091938861586
62856.1237 lsst_hardware_i -6.528792699047161 32.21836995977192 31.25 AB 3.5570131443063735 1.1474235949375398
62856.1436 lsst_hardware_z -18.77319758338954 43.222200002462785 30.940000534057617 AB 4.69753044374747 1.1437167067374694
62859.1244 lsst_hardware_r 53.888578620460954 25.446231037600107 31.489999771118164 AB 7.079437049154622 1.143566182827006
62859.144 lsst_hardware_g -10.735497898441796 14.639564410676199 31.40999984741211 AB 7.174618596951732 1.1476176425723568
62862.123 lsst_hardware_r 451.31986455994877 30.815074157499886 31.479999542236328 AB 5.734795333025575 1.1430156625692511
62862.1441 lsst_hardware_i 356.287531056812 36.19994568966397 31.239999771118164 AB 5.631485651383229 1.1545844492841062
62864.0842 lsst_hardware_i 525.1705353752842 39.74286320779586 31.25 AB 8.744313878572884 1.1659085171430512
62864.1067 lsst_hardware_z 437.3891297587216 46.90121449257073 30.940000534057617 AB 8.586578662631004 1.1448771550174672
62867.0854 lsst_hardware_r 1590.9081054881526 55.22675491557953 31.579999923706055 AB 7.997856138475625 1.1542433621840134
62867.1091 lsst_hardware_z 710.346575081637 53.374804969169226 30.950000762939453 AB 7.917806682255209 1.1429975159270314
62869.0878 lsst_hardware_y 602.2617074040995 77.98688671796647 30.770000457763672 AB 4.8446395916384555 1.1476789082945706
62869.1099 lsst_hardware_r 4468.878372157949 109.75533660498009 32.369998931884766 AB 4.884524506514871 1.144251714556925
62871.0856 lsst_hardware_i 1805.742850145332 86.625521493335 31.31999969482422 AB 11.921929415761685 1.145788507041007
62871.1067 lsst_hardware_z 1354.2166412736653 76.44997894645027 30.979999542236328 AB 11.907138341881597 1.1451373669822655
62873.0834 lsst_hardware_r 3224.2197022606947 127.14511462980091 31.639999389648438 AB 10.046230554140662 1.1443805273120502
62873.1048 lsst_hardware_z 1562.8454617678392 86.64460189862139 30.979999542236328 AB 10.06895777953165 1.14700208230696
62875.082 lsst_hardware_r 3650.14267036219 117.9165039230253 31.6299991607666 AB 9.653621674444393 1.1432973440974765
62875.1029 lsst_hardware_i 2359.279742392881 94.08392928763404 31.309999465942383 AB 7.531738891757363 1.149445080771822
62880.0451 lsst_hardware_y 654.4086838774517 56.72835884062145 30.010000228881836 AB 7.694825805278337 1.1596743401906466
62880.0641 lsst_hardware_z 1862.9435093827337 60.49788343495192 30.940000534057617 AB 7.496312825911897 1.1444461198308282
62886.0489 lsst_hardware_z 4005.462405282675 91.5728253064167 31.700000762939453 AB 9.339194091055916 1.1440417424731668
62888.0388 lsst_hardware_y 722.1220408872391 63.07778350092628 30.030000686645508 AB 10.487616416781602 1.1459788472170795
62888.0598 lsst_hardware_g 1094.5864309152603 36.19524467587949 31.3799991607666 AB 12.365178242235457 1.1449239113180978
62890.0385 lsst_hardware_y 486.66544022405344 63.496619164475064 30.020000457763672 AB 16.7744826957395 1.1438837120760696
62890.0577 lsst_hardware_i 2528.4550609653884 58.609607838227454 31.239999771118164 AB 14.878513073704536 1.1465957479013225
62892.0366 lsst_hardware_y 684.2145168503241 64.03030841172661 30.030000686645508 AB 12.347974752915185 1.143136944615746
62892.0568 lsst_hardware_i 2408.163979492831 58.096911676507915 31.25 AB 13.717496781633614 1.1496875314615609
62894.0355 lsst_hardware_y 481.46168986950084 64.80535245011653 30.030000686645508 AB 12.599252190610915 1.1429966606741282
62894.0533 lsst_hardware_g 857.3859220530627 33.39693104971713 31.479999542236328 AB 13.37630966645292 1.1513105436625668
62896.0352 lsst_hardware_y 618.1229243781451 63.06628358977709 30.030000686645508 AB 12.36466459358349 1.1439319013083478
62896.0544 lsst_hardware_i 2292.2500308072968 60.273512506664076 31.270000457763672 AB 12.802223949149933 1.1580482993351215
63121.3853 lsst_hardware_r 3.7860798224824146 24.690000534057617 31.489999771118164 AB 3.560353145155236 1.1585605592065893
63121.4037 lsst_hardware_y 29.45820033889504 54.81999969482422 30.010000228881836 AB 3.525322134559746 1.1443683721891675
63123.3836 lsst_hardware_z 67.82461677077562 42.900001525878906 30.940000534057617 AB 1.3872792535410825 1.1543825700363655
63123.4016 lsst_hardware_y 25.912169266626925 53.099998474121094 30.020000457763672 AB 1.3803284329802032 1.143444787778713
63125.3839 lsst_hardware_u -1.572790779674931 2.680000066757202 28.34000015258789 AB 4.95564613606517 1.1492685844306978
63125.4024 lsst_hardware_y 0.44847042181820623 57.5 30.020000457763672 AB 4.850064813042967 1.1430744315444181
63136.3661 lsst_hardware_z -89.6459897777558 42.52000045776367 30.940000534057617 AB 5.501504385857659 1.1434469417746862
63136.3859 lsst_hardware_y -2.906950431213333 50.5099983215332 30.020000457763672 AB 6.5326291193874155 1.1482912848281623
63139.3195 lsst_hardware_r -137.42049820816698 86.1500015258789 31.6200008392334 AB 4.42520132336644 1.185427624796796
63139.3404 lsst_hardware_y -78.71517290903986 54.2599983215332 30.020000457763672 AB 3.7290079780656322 1.1538962283854457
63142.2866 lsst_hardware_i 2.4721499557175144 78.16000366210938 31.299999237060547 AB 3.298319656232987 1.2534784606915328
63142.3063 lsst_hardware_z 68.42456983888898 68.81999969482422 30.969999313354492 AB 3.9048159951214854 1.1963284298780579
63144.3314 lsst_hardware_r 7.738808681802637 80.5199966430664 31.6200008392334 AB 7.96432398236197 1.1497508275388841
63144.3511 lsst_hardware_z 40.9380306413111 63.9900016784668 30.969999313354492 AB 8.6877674252702 1.1431272927987106
63150.3272 lsst_hardware_u -1.0190981686259355 2.7200000286102295 28.34000015258789 AB 5.149021067650937 1.1435915752695027
63150.3458 lsst_hardware_g 4.195180728316413 15.890000343322754 31.43000030517578 AB 5.030189054840846 1.1470700769261704
63154.3159 lsst_hardware_z -17.505980134563778 42.63999938964844 30.940000534057617 AB 6.507929120696866 1.143681527859563
63154.335 lsst_hardware_u 1.6130761481158842 2.6500000953674316 28.350000381469727 AB 6.766612955195346 1.1471427930371856
63158.3134 lsst_hardware_i 0.27062826911333543 31.389999389648438 31.239999771118164 AB 4.344109448791433 1.1431866970503772
63158.3313 lsst_hardware_z 67.39150301636113 42.650001525878906 30.940000534057617 AB 4.380479786027683 1.1527578384283377
63160.317 lsst_hardware_i 19.355982728618297 31.549999237060547 31.239999771118164 AB 2.662645556406273 1.146209882223966
63160.3349 lsst_hardware_u -0.2544649826889519 2.609999895095825 28.309999465942383 AB 2.920274494467826 1.163262869165655
63162.3182 lsst_hardware_g 5.8074546633881035 14.3100004196167 31.399999618530273 AB 3.6146887560037566 1.1508082636115111
63162.3367 lsst_hardware_r -30.298184029114193 23.68000030517578 31.479999542236328 AB 3.8457309425472093 1.174567862320349
63164.2793 lsst_hardware_r -17.206470513185813 23.43000030517578 31.489999771118164 AB 4.362137727123628 1.1479309808220073
63164.2973 lsst_hardware_i 31.159676239657703 31.6299991607666 31.239999771118164 AB 4.32119621566407 1.1432240087298566
63167.2909 lsst_hardware_z -115.8045132992206 83.43000030517578 31.719999313354492 AB 2.593286432734554 1.1435504057920445
63169.2844 lsst_hardware_z 20.580894428926225 77.87000274658203 30.979999542236328 AB 3.923949906637872 1.1433420473886573
63169.3006 lsst_hardware_r -235.5890066856945 114.3499984741211 31.6299991607666 AB 5.099057605389275 1.1521341253774557
63171.2775 lsst_hardware_r -223.71200402778942 121.69999694824219 31.6299991607666 AB 5.717955861041153 1.143133918640727
63171.2964 lsst_hardware_i -82.14639459060932 97.55999755859375 31.31999969482422 AB 6.2140997478901685 1.1533221506848865
63180.2694 lsst_hardware_z 58.15264035272381 42.900001525878906 30.93000030517578 AB 10.774252572636724 1.1510953603244363
63180.2873 lsst_hardware_i -20.708828933528952 32.150001525878906 31.229999542236328 AB 11.167815714443257 1.1741176500203179
63182.2699 lsst_hardware_u 2.917588464462634 2.5999999046325684 28.299999237060547 AB 4.743897461253592 1.1570481612813641
63182.2878 lsst_hardware_g 10.990305587744457 14.260000228881836 31.3700008392334 AB 4.859850561021339 1.1853294051271561
63185.2364 lsst_hardware_g 16.876950280945906 14.489999771118164 31.399999618530273 AB 8.311844171830314 1.1429928729139596
63185.2539 lsst_hardware_r -19.278104338767292 23.739999771118164 31.479999542236328 AB 5.39575938630144 1.1495829954478958
63188.2266 lsst_hardware_r 18.41555746268637 23.780000686645508 31.489999771118164 AB 5.168424059962716 1.1430773106187584
63188.2475 lsst_hardware_i 39.80773407008785 31.860000610351562 31.229999542236328 AB 5.181991455117503 1.151042082433919
63190.2239 lsst_hardware_z 25.83660153157425 42.900001525878906 30.940000534057617 AB 5.631948006738433 1.1430012190647612
63190.2431 lsst_hardware_r 20.96992344536594 23.799999237060547 31.479999542236328 AB 5.671659701204693 1.1519763784373613
63192.2253 lsst_hardware_z 16.951730279054015 42.56999969482422 30.93000030517578 AB 3.451471348179104 1.1442921999764952
63192.2443 lsst_hardware_r -5.880650137196518 23.639999389648438 31.479999542236328 AB 3.5811853835170515 1.1590534455917312
63194.2259 lsst_hardware_i 20.14489741846142 45.34000015258789 31.280000686645508 AB 8.777296201351993 1.1471965235449653
63194.2439 lsst_hardware_z 60.26928306973539 48.779998779296875 30.950000762939453 AB 8.964221364226661 1.1658500928894084
63196.2204 lsst_hardware_r -88.3580040935009 83.37000274658203 31.6299991607666 AB 6.042915545076295 1.1471712102277345
63196.239 lsst_hardware_z 11.077680231884496 64.3499984741211 30.969999313354492 AB 6.143926776835915 1.1666791360260622
63200.2233 lsst_hardware_i 57.46764015448181 100.61000061035156 31.31999969482422 AB 6.3706616280280475 1.160094988259639
63200.2433 lsst_hardware_z 46.68501686652607 86.72000122070312 30.979999542236328 AB 6.565180547897874 1.1953716895998627
63203.1871 lsst_hardware_z 16.516939125091874 55.18000030517578 30.959999084472656 AB 7.299772897247167 1.1429889658832408
63203.2062 lsst_hardware_r -53.604931531845516 63.9900016784668 31.610000610351562 AB 7.345770659102634 1.1507428127220858
63205.1893 lsst_hardware_u -3.753915505558069 6.070000171661377 28.920000076293945 AB 2.754943859851749 1.1441192704001053
63205.208 lsst_hardware_r 40.54642376387204 41.83000183105469 31.579999923706055 AB 2.715600263272313 1.1580796460168366
63207.1923 lsst_hardware_i 7.179676910297022 31.600000381469727 31.229999542236328 AB 4.6925327007587585 1.1484416790891538
63207.2113 lsst_hardware_z 47.20167082722331 43.83000183105469 30.940000534057617 AB 4.9370974949605175 1.1702980787675632
63209.1923 lsst_hardware_r 7.893319852228132 23.639999389648438 31.479999542236328 AB 6.958753576552967 1.1529705205125218
63209.2107 lsst_hardware_u 1.7121885724783101 2.6600000858306885 28.350000381469727 AB 6.4287861785562335 1.178728672269449
63212.1444 lsst_hardware_g 13.970810935394937 14.510000228881836 31.399999618530273 AB 13.512969006498588 1.150823454820183
63212.1624 lsst_hardware_r 55.83251079773955 23.6299991607666 31.479999542236328 AB 13.464308032491317 1.1429883940172603
63215.1867 lsst_hardware_i 37.080518980954814 31.729999542236328 31.229999542236328 AB 9.30061860627743 1.166042350902509
63215.2058 lsst_hardware_z -20.597805497941664 43.40999984741211 30.93000030517578 AB 9.58756472025087 1.203616622434435
63217.1159 lsst_hardware_z 31.542701491707316 43.150001525878906 30.940000534057617 AB 11.203405406117671 1.1685937230944832
63217.1357 lsst_hardware_r 24.740361709995213 23.639999389648438 31.479999542236328 AB 10.767617397866363 1.1471998079976946
63219.117 lsst_hardware_u 1.3492231881065795 2.890000104904175 28.459999084472656 AB 3.5409183293546307 1.159436257155989
63219.1357 lsst_hardware_r -25.635977835831454 24.139999389648438 31.5 AB 3.9027526012887823 1.1445022291169449
63221.1188 lsst_hardware_i -79.55936174984915 36.34000015258789 31.260000228881836 AB 3.5703080712144564 1.1517122810369214
63221.139 lsst_hardware_z -44.066627883898 44.79999923706055 30.940000534057617 AB 4.744228699351034 1.1429810755527745
63223.1123 lsst_hardware_r -35.87756565080387 54.720001220703125 31.610000610351562 AB 4.9076610060461725 1.152664449865952
63223.1305 lsst_hardware_z 0.2614728828712012 51.61000061035156 30.959999084472656 AB 5.453623019615251 1.1431174888276507
63225.1214 lsst_hardware_y -93.00257260971374 57.779998779296875 30.020000457763672 AB 6.9590359117810765 1.1438257580179867
63225.142 lsst_hardware_r -40.842979050553794 93.81999969482422 31.6299991607666 AB 7.265792314821985 1.1476531850926597
63227.1246 lsst_hardware_i 3.8309219973533777 105.8499984741211 31.31999969482422 AB 5.759853239442681 1.1431115335039517
63227.1454 lsst_hardware_z 224.84497002799424 92.25 30.979999542236328 AB 5.604599809520661 1.155230301869735
63230.0841 lsst_hardware_z 104.92035477088051 96.95999908447266 31.729999542236328 AB 8.546788769677734 1.1631712889983772
63230.106 lsst_hardware_r 3.396853925111076 134.05999755859375 32.380001068115234 AB 8.451407835183566 1.144376046830502
