data/validation/pwv_sim_epoch_fit_epoch/61071710.ecsv
# %ECSV 0.9
# ---
# datatype:
# - {name: time, datatype: float64}
# - {name: band, datatype: string}
# - {name: flux, datatype: float64}
# - {name: fluxerr, datatype: float64}
# - {name: zp, datatype: float64}
# - {name: zpsys, datatype: string}
# - {name: pwv, datatype: float64}
# - {name: airmass, datatype: float64}
# meta: {SNID: '61071710', alt: 1024.0, c: 0.07734080404043198, dec: -5.67919, lat: -30.244573, lon: -70.7499537, ra: 241.347656, t0: 62283.6796875,
#   x0: 6.005430832229637e-06, x1: 0.7998670935630798, z: 0.5689229965209961}
# schema: astropy-2.0
time band flux fluxerr zp zpsys pwv airmass
[from data line 133]
62628.2515 lsst_hardware_r -16.637636252801943 24.079999923706055 31.5 AB 8.144488974099962 1.1003835673984954
62628.2695 lsst_hardware_g 11.499475730002464 14.989999771118164 31.43000030517578 AB 8.27938073049259 1.113718150456408
62630.1418 lsst_hardware_z -29.792382471564945 45.189998626708984 30.90999984741211 AB 10.010388447070994 1.3171563746146047
62630.1586 lsst_hardware_i -6.7859142945338675 32.810001373291016 31.219999313354492 AB 9.421870518164054 1.239719805021586
62632.2329 lsst_hardware_r 22.945286756544114 24.34000015258789 31.510000228881836 AB 8.258946954326253 1.0988243503106088
62632.2519 lsst_hardware_z -2.0892567815092753 42.529998779296875 30.940000534057617 AB 8.746571468873205 1.107160945426988
62635.1799 lsst_hardware_y -57.17744508727362 51.66999816894531 30.010000228881836 AB 6.733796260557278 1.139374164587189
62635.1989 lsst_hardware_r -103.6734433758 63.349998474121094 31.6200008392334 AB 6.588297102643267 1.1115111521724104
62643.1895 lsst_hardware_r 11.116106343959082 64.94000244140625 32.36000061035156 AB 5.81407796794086 1.1019163499793152
62643.2124 lsst_hardware_i -77.53117395945408 61.54999923706055 32.040000915527344 AB 5.260274065753779 1.101128437167173
62645.1469 lsst_hardware_i 63.139972052644794 32.209999084472656 31.229999542236328 AB 8.64536416768382 1.1510781334569262
62645.1661 lsst_hardware_z -54.26675415764782 42.84000015258789 30.940000534057617 AB 8.387288594857743 1.1178828346879282
62647.153 lsst_hardware_r -17.623780297857135 24.469999313354492 31.5 AB 6.561903647506509 1.1289944049849383
62647.175 lsst_hardware_u -2.576203192692886 2.869999885559082 28.510000228881836 AB 6.844826800551587 1.1040043226696108
62653.1391 lsst_hardware_i -4.945504209202702 32.040000915527344 31.239999771118164 AB 8.020404976016366 1.1250918791755866
62653.1605 lsst_hardware_z -55.15781045328744 42.599998474121094 30.940000534057617 AB 7.855538032665952 1.1028412231736562
62656.146 lsst_hardware_r 0.7813198626325546 24.110000610351562 31.489999771118164 AB 11.937639494070515 1.107336347485823
62656.1674 lsst_hardware_g 5.141897961925618 15.069999694824219 31.43000030517578 AB 12.614390595433928 1.0988304646206084
62677.0882 lsst_hardware_z -15.60523301393482 42.349998474121094 30.940000534057617 AB 5.767609415022432 1.1077354830389563
62677.1098 lsst_hardware_r 8.307883836268326 23.649999618530273 31.489999771118164 AB 5.668650092201207 1.0988240413920216
62681.0786 lsst_hardware_r 21.628968842714624 23.639999389648438 31.479999542236328 AB 3.7719445191188625 1.1066288746132333
62681.1018 lsst_hardware_i 36.88070772360465 31.459999084472656 31.239999771118164 AB 4.32039231661521 1.0991034089332736
62683.0832 lsst_hardware_z 25.480375713043436 59.869998931884766 31.690000534057617 AB 8.869525811382559 1.1006195166341692
62683.1044 lsst_hardware_r -5.877892206325725 33.34000015258789 32.22999954223633 AB 9.452596768269593 1.1017012550430763
62687.0827 lsst_hardware_u -2.429889638569674 2.7699999809265137 28.440000534057617 AB 4.632500087787258 1.0988337824361947
62687.1035 lsst_hardware_r 10.691027075247598 23.75 31.5 AB 4.077513902579775 1.1087230769273384
62696.0422 lsst_hardware_z -26.93542734543719 76.01000213623047 30.989999771118164 AB 7.936628284874428 1.1033822167210223
62696.0624 lsst_hardware_r -156.46005793316726 112.9000015258789 31.649999618530273 AB 7.8905651218969 1.0993983403706364
62698.0474 lsst_hardware_y 59.57768701054474 75.88999938964844 30.780000686645508 AB 4.275343173206004 1.099177677096348
62703.0359 lsst_hardware_z 23.423946375683265 42.08000183105469 30.940000534057617 AB 6.129393180169522 1.0989006642767285
62703.0548 lsst_hardware_r 17.625368552617246 23.780000686645508 31.489999771118164 AB 6.296696743252232 1.1046836391670583
62710.0037 lsst_hardware_z -116.91989646001218 42.5 30.940000534057617 AB 4.9659931558390875 1.1035540346309083
62710.0225 lsst_hardware_r -1.4003422831438936 23.84000015258789 31.489999771118164 AB 4.9459082552116955 1.0990907233803768
62712.0023 lsst_hardware_u -6.040216123987121 2.640000104904175 28.329999923706055 AB 5.639456341288358 1.101348763067739
62712.0197 lsst_hardware_g -5.580510802364184 14.859999656677246 31.420000076293945 AB 5.6112705275196735 1.0996382129247817
62716.9756 lsst_hardware_z -37.7884465696773 44.5099983215332 30.950000762939453 AB 9.389175443786192 1.1109149517894152
62716.9942 lsst_hardware_r 33.12856062306335 25.5 31.510000228881836 AB 9.20400672834601 1.099445347709014
62720.9759 lsst_hardware_y -55.342020394021894 56.11000061035156 30.040000915527344 AB 3.628718149314821 1.1022558610754258
62720.9939 lsst_hardware_z -78.10561947626213 62.52000045776367 30.979999542236328 AB 3.589382542300876 1.0993514677799219
