data/validation/pwv_sim_epoch_fit_epoch/61135730.ecsv
# %ECSV 0.9
# ---
# datatype:
# - {name: time, datatype: float64}
# - {name: band, datatype: string}
# - {name: flux, datatype: float64}
# - {name: fluxerr, datatype: float64}
# - {name: zp, datatype: float64}
# - {name: zpsys, datatype: string}
# - {name: pwv, datatype: float64}
# - {name: airmass, datatype: float64}
# meta: {SNID: '61135730', alt: 1024.0, c: -0.05734378471970558, dec: -2.836105, lat: -30.244573, lon: -70.7499537, ra: 330.820312, t0: 63073.703125,
#   x0: 6.436488364920383e-06, x1: -1.7043310403823853, z: 0.5527325868606567}
# schema: astropy-2.0
time band flux fluxerr zp zpsys pwv airmass
63014.4103 lsst_hardware_i -28.322091087414613 33.09000015258789 31.25 AB 10.595882407525375 1.1402822119516236
63014.4294 lsst_hardware_z -59.24346619026526 46.31999969482422 30.950000762939453 AB 9.924882998261872 1.1284687888870735
63016.414 lsst_hardware_r -2.53705754865941 25.690000534057617 31.520000457763672 AB 14.62958965873591 1.132591471809132
63016.4324 lsst_hardware_y -82.09828820634755 55.7400016784668 30.040000915527344 AB 14.40557587684104 1.128366724251737
63018.4098 lsst_hardware_r 0.16098617249586106 25.3799991607666 31.5 AB 7.062988457017918 1.1318287148685302
63018.4296 lsst_hardware_y -61.196703884331725 51.63999938964844 30.020000457763672 AB 7.067700771774096 1.128980595307551
63021.4097 lsst_hardware_z 25.129033715492746 52.68000030517578 30.959999084472656 AB 13.104691372154539 1.1285959068298272
63021.429 lsst_hardware_y 17.11541726687426 51.90999984741211 30.030000686645508 AB 12.642735780457304 1.1324388248524868
63033.3572 lsst_hardware_g 20.469622335113925 15.579999923706055 31.43000030517578 AB 7.544356581488041 1.141614069983815
63033.3776 lsst_hardware_r -20.798596156290884 24.940000534057617 31.5 AB 7.899255381868039 1.128465054552577
63034.4155 lsst_hardware_i 57.81918794456467 32.70000076293945 31.25 AB 4.281625104951304 1.157195974311163
63034.4304 lsst_hardware_z 1.9199224657580953 44.58000183105469 30.940000534057617 AB 4.254679773154405 1.187407723099961
63047.3254 lsst_hardware_r -53.48143322275584 25.53788876147368 31.5 AB 4.030366521128261 1.1354744389712461
63047.3455 lsst_hardware_u -7.217849976308887 3.641192601717229 28.389999389648438 AB 3.9773224923327963 1.1281050843337799
63062.2671 lsst_hardware_u 43.85058915570458 8.32906480725987 29.15999984741211 AB 6.19917180075682 1.1565079615235891
63062.2905 lsst_hardware_r 2375.929529141703 59.980714816166305 32.2400016784668 AB 6.088859496957905 1.1313902535342417
63065.2977 lsst_hardware_r 1741.5972134238289 47.48175114182319 31.489999771118164 AB 2.0308544280243996 1.1282524600135553
63065.3197 lsst_hardware_u 9.936543247522936 3.757326138162334 28.3799991607666 AB 2.0553167233968055 1.1418426241093362
63069.3017 lsst_hardware_i 3269.2181925749264 72.9612262343245 31.989999771118164 AB 5.390645606659056 1.135111730187209
63069.3217 lsst_hardware_z 2252.7447290377704 77.86164645877122 31.690000534057617 AB 5.512018007647759 1.1601805951688147
63072.2518 lsst_hardware_z 1183.6169737874945 55.725019295433405 30.940000534057617 AB 6.77250315347782 1.1404720438076599
63072.2712 lsst_hardware_r 2211.8638785769003 52.92861338782026 31.5 AB 6.681669741351138 1.1284698093820533
63073.2356 lsst_hardware_u -1.7943111481778953 2.9151555489343117 28.3799991607666 AB 11.782180649000775 1.158950512627643
63073.2549 lsst_hardware_r 2209.873847170541 52.740385632427895 31.489999771118164 AB 12.053993280446157 1.1350988712831462
63077.3115 lsst_hardware_i 1769.3143538163959 58.91142567972384 31.270000457763672 AB 5.271386131269657 1.1838495606691724
63077.3303 lsst_hardware_z 1312.7598710782302 57.13127812508459 30.93000030517578 AB 5.54696725487965 1.2382314314146214
63083.1582 lsst_hardware_i 1420.1696632648259 119.6707791686587 31.290000915527344 AB 2.673253755413186 1.3173063840735149
63083.1869 lsst_hardware_z 1254.154866425325 100.69547947518387 30.979999542236328 AB 2.029924487691437 1.2073301869695303
63085.2171 lsst_hardware_z 1116.4446316481697 65.49895916410749 30.969999313354492 AB 3.6166954586553772 1.1396550996236372
63085.24 lsst_hardware_r 1465.8249837685337 75.19817175832982 31.6299991607666 AB 3.607537258008967 1.1280604308971127
63094.2186 lsst_hardware_g 68.85099949827053 17.541090408983735 31.450000762939453 AB 4.9725842395885245 1.1282736943873217
63094.2417 lsst_hardware_r 571.1841514391366 34.302568100695126 31.5 AB 5.114089468264508 1.143196483349616
63099.2159 lsst_hardware_i 1228.0729512329842 57.48953794213558 31.989999771118164 AB 1.5707117342497934 1.1323845485734185
63099.2372 lsst_hardware_z 1505.8782190176887 72.14917059629298 31.690000534057617 AB 1.7154981619376848 1.1558662517266827
63100.1435 lsst_hardware_z 714.9818434205728 51.35806741611709 30.940000534057617 AB 2.4125460601259725 1.1989792396882162
63100.1656 lsst_hardware_r 344.5333343219875 30.796485437247497 31.510000228881836 AB 2.333749697845783 1.1529909166350774
63102.1533 lsst_hardware_z 711.4309319382712 50.96831764664592 30.940000534057617 AB 3.160170803418805 1.1645032900668097
63102.1706 lsst_hardware_r 218.4278374593142 29.868991138089054 31.5 AB 3.3914106318397397 1.139746480580191
63108.1423 lsst_hardware_i 258.9749458081216 87.69983783523955 31.309999465942383 AB 4.761372294546341 1.1552522854655685
63108.1602 lsst_hardware_z 583.3982552502597 78.98821200436497 30.979999542236328 AB 4.661350374164037 1.134447532601222
63110.1475 lsst_hardware_r 125.44103053195992 176.42711426075454 31.639999389648438 AB 1.4833907832891502 1.1410698332993463
63110.1658 lsst_hardware_z 454.05922138907914 118.44089566024013 30.989999771118164 AB 1.467511095420226 1.1288546887847892
63113.1408 lsst_hardware_y 604.6903589806457 77.13345591885655 30.780000686645508 AB 1.5953152102903627 1.1395108644931162
63115.1281 lsst_hardware_r 164.97166651891914 27.390089085125414 31.5 AB 0.7717748832915033 1.1480474277300161
63115.1456 lsst_hardware_i 216.05366734661644 41.63936287274207 31.270000457763672 AB 0.7617913609913084 1.1315133471835253
63121.1221 lsst_hardware_u 19.828435928619804 5.074523760326381 28.329999923706055 AB 3.434964095763211 1.136558555964335
63121.1406 lsst_hardware_r 81.554031882693 26.696149176266143 31.489999771118164 AB 3.866841451890103 1.128099030527344
63123.1238 lsst_hardware_i 141.46474808939715 34.68453229067118 31.239999771118164 AB 1.3894707448339163 1.1314908345555925
63123.1421 lsst_hardware_z 353.9274890118368 46.246509395632025 30.940000534057617 AB 1.9040017742209805 1.1287990361470168
63125.0962 lsst_hardware_z 254.56295109676952 45.90022922413467 30.940000534057617 AB 4.1571162364327 1.1547545101201946
63125.1126 lsst_hardware_r 116.8244867675363 26.472072876898196 31.5 AB 4.087331019802156 1.1353697277228212
63128.0991 lsst_hardware_u 12.86537821295243 4.874319576360863 28.450000762939453 AB 6.307254686285148 1.140277453227398
63128.1191 lsst_hardware_g 50.893882579987775 16.14280188124386 31.440000534057617 AB 6.239751503752991 1.1283456607148266
63142.0692 lsst_hardware_r 81.6805703061539 54.561735710586426 31.6200008392334 AB 3.2260709590357477 1.133147509320847
63142.0881 lsst_hardware_i 129.12412452350796 55.58865061728863 31.299999237060547 AB 4.060976480539887 1.128362456387854
63144.0408 lsst_hardware_z 256.4229906342066 45.10651953237841 30.940000534057617 AB 3.149550133498147 1.1605896392440376
63144.0546 lsst_hardware_r 47.09541333440629 25.88613815094137 31.5 AB 3.2254399673869263 1.1411427445204056
63146.066 lsst_hardware_u -4.564381796358391 2.878175895240493 28.440000534057617 AB 4.857689959756067 1.129301397130319
63146.0851 lsst_hardware_r 94.02943506244713 25.91231300115614 31.5 AB 8.888170039828843 1.1310022955330221
63150.0357 lsst_hardware_z 201.16334131723744 45.00418631585045 30.940000534057617 AB 3.9399884105443923 1.1440152179281047
63150.0543 lsst_hardware_r 96.71621568524995 26.0620557741538 31.5 AB 3.521998523138746 1.1295697636750308
63152.0368 lsst_hardware_u 0.7146531952904579 2.7100000381469727 28.3700008392334 AB 6.485665296632103 1.1371377744600348
63152.0559 lsst_hardware_g 9.93207948299348 15.0600004196167 31.420000076293945 AB 5.4257031508812945 1.1281025350527336
63154.0354 lsst_hardware_r 12.796847507784284 24.309999465942383 31.489999771118164 AB 7.612942331278814 1.1338625788177457
63154.0528 lsst_hardware_i -71.56643482026558 31.950000762939453 31.239999771118164 AB 6.71349405890719 1.1280971337116852
63156.0338 lsst_hardware_z -14.240769518799016 42.95000076293945 30.950000762939453 AB 8.010544938983825 1.131432900986416
63156.0524 lsst_hardware_r -0.37103696023822486 24.479999542236328 31.510000228881836 AB 7.3621555419375095 1.1289052429559574
63160.0349 lsst_hardware_i -8.013491176746482 32.849998474121094 31.260000228881836 AB 3.746140547213735 1.1280724357983642
63160.0522 lsst_hardware_z -41.16405964201969 43.22999954223633 30.950000762939453 AB 3.4909105391795214 1.134333237751266
63164.0145 lsst_hardware_y 115.12980230814125 82.66999816894531 30.780000686645508 AB 4.095441290992903 1.1301926108894038
63167.0049 lsst_hardware_z -205.68718037425418 76.62000274658203 30.979999542236328 AB 4.048229744583983 1.130843077773821
63167.0228 lsst_hardware_i -94.81840027462154 79.38999938964844 31.31999969482422 AB 4.003715992853531 1.1290264584820504
63171.0077 lsst_hardware_y -22.903127020368675 56.290000915527344 30.020000457763672 AB 4.7295034363060315 1.1281988119604884
63171.0255 lsst_hardware_r -22.64367400432961 30.93000030517578 31.540000915527344 AB 4.767996509720623 1.1370646896132173
