data/validation/pwv_sim_epoch_fit_epoch/61217889.ecsv
# %ECSV 0.9
# ---
# datatype:
# - {name: time, datatype: float64}
# - {name: band, datatype: string}
# - {name: flux, datatype: float64}
# - {name: fluxerr, datatype: float64}
# - {name: zp, datatype: float64}
# - {name: zpsys, datatype: string}
# - {name: pwv, datatype: float64}
# - {name: airmass, datatype: float64}
# meta: {SNID: '61217889', alt: 1024.0, c: -0.08480528742074966, dec: -9.442778, lat: -30.244573, lon: -70.7499537, ra: 218.320312, t0: 62663.67578125,
#   x0: 5.753854830378378e-06, x1: -1.5509124994277954, z: 0.5787378549575806}
# schema: astropy-2.0
time band flux fluxerr zp zpsys pwv airmass
62549.3786 lsst_hardware_z -57.76010874449056 54.06999969482422 30.969999313354492 AB 3.543451672402484 1.0737732340613588
62551.376 lsst_hardware_i -48.42070726703245 72.62000274658203 31.329999923706055 AB 2.3206651221614103 1.07214835858693
62551.3929 lsst_hardware_y 17.77805049401748 68.70999908447266 30.059999465942383 AB 2.2979281491901307 1.0690524071598653
62553.378 lsst_hardware_i -44.01069644437395 75.54000091552734 31.329999923706055 AB 5.567472701418346 1.0694167467068998
62553.395 lsst_hardware_y 6.150010255405976 74.08999633789062 30.059999465942383 AB 5.571912021978197 1.0712468640050365
62555.3701 lsst_hardware_z 35.008462785968405 65.68000030517578 30.989999771118164 AB 10.528075116230289 1.0700713290652821
62555.3871 lsst_hardware_y 34.45670044045367 57.810001373291016 30.049999237060547 AB 10.381866603806607 1.0702955261656297
62558.3724 lsst_hardware_i -11.156412678417487 34.689998626708984 31.270000457763672 AB 7.168233558061408 1.0688885081918222
62558.391 lsst_hardware_y 106.72613016101796 51.61000061035156 30.040000915527344 AB 6.344576722391073 1.0772996472251466
62560.3726 lsst_hardware_u 0.658835423090488 2.930000066757202 28.459999084472656 AB 5.076162413918438 1.070017372242504
62560.3899 lsst_hardware_z -12.53518696266091 44.5099983215332 30.950000762939453 AB 5.12838718313869 1.0812538863880856
62562.3469 lsst_hardware_g -17.85102438567313 15.510000228881836 31.469999313354492 AB 3.4293959965746357 1.0716862489295735
62562.3658 lsst_hardware_r 26.507946447720812 24.3700008392334 31.510000228881836 AB 3.4228394140239495 1.0696373168824842
62564.3449 lsst_hardware_i -84.72179023203822 31.639999389648438 31.239999771118164 AB 7.896580195140027 1.0702752786031149
62564.3629 lsst_hardware_z -25.96750338966626 42.150001525878906 30.940000534057617 AB 7.833888830454666 1.0704227410609641
62565.3447 lsst_hardware_i -32.609023200878084 31.670000076293945 31.25 AB 10.3714943762366 1.0695386325459257
62565.3634 lsst_hardware_u 1.3254071997070722 2.7300000190734863 28.399999618530273 AB 10.373115627875015 1.071778162186482
62567.3501 lsst_hardware_g 3.3612173903484295 15.15999984741211 31.43000030517578 AB 9.195039826162802 1.0691906774607909
62567.3688 lsst_hardware_r 29.413324633804496 24.270000457763672 31.5 AB 9.282432859165894 1.0793526580425459
62569.3357 lsst_hardware_i -39.858198950935716 31.56999969482422 31.239999771118164 AB 7.374960823267165 1.0691447989659562
62569.3561 lsst_hardware_r -5.302195297847923 24.239999771118164 31.5 AB 7.3198884208727915 1.073782881440483
62573.3404 lsst_hardware_u -1.1408304710430037 2.740000009536743 28.40999984741211 AB 13.813686739076939 1.0712436400990257
62573.3596 lsst_hardware_g 2.3218279189989843 15.229999542236328 31.440000534057617 AB 14.001870690766335 1.0869751729819122
62576.3114 lsst_hardware_g 24.000757586233707 15.15999984741211 31.440000534057617 AB 8.203866866846331 1.0705350413457588
62576.3302 lsst_hardware_r -12.92446673416332 24.200000762939453 31.5 AB 8.303512931680425 1.0704426618699587
62577.3155 lsst_hardware_i -3.7021330017818066 47.869998931884766 31.299999237060547 AB 8.590376582971757 1.0689201248020601
62577.3323 lsst_hardware_z -36.26764412689512 48.88999938964844 30.959999084472656 AB 8.715137335925135 1.0726322874984577
62579.3148 lsst_hardware_i -95.72963515271616 80.05999755859375 31.329999923706055 AB 5.87873915404781 1.068861664372329
62579.3332 lsst_hardware_z 96.69920588968216 69.80999755859375 30.989999771118164 AB 5.9230435882371735 1.0769170160431225
62581.2595 lsst_hardware_z -24.50215814604144 90.86000061035156 30.989999771118164 AB 4.97020966583755 1.1143967860621922
62581.2791 lsst_hardware_r 89.76630702675176 131.7899932861328 31.649999618530273 AB 4.934618132140346 1.0842931514261365
62585.2447 lsst_hardware_z 7.512816776273559 70.97000122070312 31.709999084472656 AB 7.872845187784616 1.1224206041750877
62590.1352 lsst_hardware_r -13.26408259880869 25.75 31.360000610351562 AB 10.67473250778687 1.6848633410512515
62597.2759 lsst_hardware_r -10.811114987530898 24.389999389648438 31.510000228881836 AB 15.646959086788673 1.0717095264923748
62597.295 lsst_hardware_u 3.3107152539376896 2.9000000953674316 28.520000457763672 AB 18.075667299101074 1.0881090355827758
62599.2499 lsst_hardware_u -0.9627761680164986 2.7699999809265137 28.43000030517578 AB 9.902950834494167 1.0700879769290723
62599.2679 lsst_hardware_g -11.847679031400046 15.460000038146973 31.450000762939453 AB 9.261422559761247 1.0706228032785674
62601.2571 lsst_hardware_i -46.083196669572146 31.760000228881836 31.25 AB 4.4111606744811205 1.0691562935522811
62601.2743 lsst_hardware_z 14.255183642640691 42.33000183105469 30.950000762939453 AB 4.4848542664193785 1.077874047607301
62603.2558 lsst_hardware_r -3.065197442759401 24.639999389648438 31.520000457763672 AB 6.232329281743468 1.070203362538588
62603.2738 lsst_hardware_u 3.221672647258108 2.950000047683716 28.559999465942383 AB 6.339553616553854 1.0825740465426663
62605.2533 lsst_hardware_z 6.581803948848669 48.939998626708984 30.969999313354492 AB 7.514237894305231 1.0713581029128827
62605.2718 lsst_hardware_i -37.04366567412822 42.4900016784668 31.299999237060547 AB 7.654315974280423 1.0864505836244878
62607.1886 lsst_hardware_r 171.963443146933 93.55000305175781 31.649999618530273 AB 18.951121536876183 1.1142256660583743
62607.2066 lsst_hardware_z 38.95063136684181 66.93000030517578 30.989999771118164 AB 18.495024788468033 1.086026117937054
62609.2306 lsst_hardware_r -187.32010997925113 229.97000122070312 32.40999984741211 AB 12.693435361193185 1.0687783687390326
62609.249 lsst_hardware_y -108.71707892686544 107.36000061035156 30.809999465942383 AB 12.775790621950096 1.0751845336134003
62615.1418 lsst_hardware_i -11.124192970598795 46.540000915527344 31.989999771118164 AB 11.365740833566432 1.1792940088263788
62615.1658 lsst_hardware_z -0.053488995732502806 62.709999084472656 31.700000762939453 AB 10.88186051434635 1.1161359559994546
62617.2169 lsst_hardware_r 5.134376094493739 24.8799991607666 31.510000228881836 AB 6.323623877099127 1.0699871196445223
62617.2368 lsst_hardware_u 0.3715917387133429 2.890000104904175 28.469999313354492 AB 6.429804642607068 1.0838880638227293
62619.219 lsst_hardware_g 6.79063652677033 15.770000457763672 31.459999084472656 AB 2.309725084489823 1.073417025439676
62619.2369 lsst_hardware_i 12.016302172289398 32.27000045776367 31.25 AB 2.3056248944407742 1.09064564543083
62624.1895 lsst_hardware_r -16.554199882230286 24.920000076293945 31.520000457763672 AB 12.296672265486729 1.0687801830009325
62624.2062 lsst_hardware_u -1.0515289320612062 2.930000066757202 28.530000686645508 AB 12.370049148786377 1.073944362504967
62628.1889 lsst_hardware_i -10.156961794171302 32.040000915527344 31.25 AB 6.823868765943983 1.0706907059535538
62628.2063 lsst_hardware_z 5.691854131038636 42.540000915527344 30.950000762939453 AB 6.92388469608102 1.0833804875733093
62630.0906 lsst_hardware_g -9.380012652915001 17.90999984741211 31.450000762939453 AB 10.348387442244835 1.2164078961968503
62630.1055 lsst_hardware_i -49.04327165566206 33.27000045776367 31.239999771118164 AB 10.065904591712462 1.1645859535340297
62635.1478 lsst_hardware_y 7.9965099717320065 76.27615184887067 30.790000915527344 AB 6.759194823437408 1.0715840231629703
62638.1282 lsst_hardware_z 58.038501346515936 105.67787276176081 31.0 AB 8.619690431101542 1.079485338898127
62638.1509 lsst_hardware_r -152.18253579060863 161.53001980980073 31.65999984741211 AB 8.418049387926176 1.0687890033870187
62643.1074 lsst_hardware_r 74.57032755957997 32.520345031708935 31.559999465942383 AB 5.048914574402695 1.0871128775718142
62643.1257 lsst_hardware_z 87.33108331783603 46.05975440164675 30.950000762939453 AB 5.294225750038745 1.0717056174167499
62645.102 lsst_hardware_g 54.39768851186272 17.66319399477209 31.440000534057617 AB 9.405786866853296 1.0870390862377775
62645.1208 lsst_hardware_i 261.2417306014878 35.13554626780959 31.25 AB 9.311028964653373 1.071444233672559
62651.081 lsst_hardware_r 1022.3476086970218 39.87142789211681 31.510000228881836 AB 11.885167040180061 1.0930899512719636
62651.1052 lsst_hardware_u 85.4039063906676 9.995422405418458 29.239999771118164 AB 13.021461253587669 1.071100764595757
62651.1272 lsst_hardware_g 526.8028258522803 26.37860969839236 31.469999313354492 AB 12.864382419495783 1.0711392522477938
62653.0716 lsst_hardware_g 615.58284277389 28.46192155130095 31.440000534057617 AB 8.052564314097758 1.0989761141977052
62653.0895 lsst_hardware_r 1194.3522056544525 43.435191310094595 31.510000228881836 AB 7.8773307755781 1.0775119609126225
62656.0773 lsst_hardware_i 1255.2060624725964 47.44604366865936 31.25 AB 12.411200696280968 1.0811621321730884
62656.0948 lsst_hardware_z 964.936112067431 50.94730817681379 30.940000534057617 AB 12.362104406481905 1.0699260936010304
62658.084 lsst_hardware_r 3629.6959880227623 69.33479117175692 32.25 AB 5.467569086488749 1.0720723698997547
62658.1047 lsst_hardware_u 1.016735781781743 3.966602951066213 29.1200008392334 AB 5.45655628371391 1.0699129968066492
62677.0377 lsst_hardware_r 967.8609359230619 40.00869957313599 31.5 AB 5.420968439826375 1.0698575961765535
62677.0593 lsst_hardware_z 999.528771399115 51.87498808017896 30.940000534057617 AB 5.09000652482992 1.072652973990816
62679.0332 lsst_hardware_r 778.0282895622569 38.01742164439637 31.5 AB 8.783541773939026 1.0695983650681147
62679.0521 lsst_hardware_u 1.6084818600950845 3.0090052776574563 28.3799991607666 AB 8.09069668702175 1.071757409858491
62681.0068 lsst_hardware_u 2.404964621423849 3.0197764477030615 28.399999618530273 AB 4.870543812248731 1.0834867498467784
62681.0276 lsst_hardware_g 83.3254270644914 18.783190112713473 31.450000762939453 AB 4.763079632819714 1.069633872180488
62683.0105 lsst_hardware_r 655.8585110966842 34.52466178830295 31.5 AB 8.798638068753812 1.0752666363696572
62683.0308 lsst_hardware_i 753.2853664948296 42.239346304576905 31.25 AB 8.75209979043864 1.0688608421138388
62687.0083 lsst_hardware_z 691.6139768364974 49.53458546370754 30.950000762939453 AB 4.057556879325357 1.0705484049053315
62687.0302 lsst_hardware_r 360.75507950014145 32.20005182988009 31.520000457763672 AB 4.0541807897707764 1.0717312745571952
62695.9696 lsst_hardware_y 271.2508499766081 56.77290797048795 30.040000915527344 AB 9.203223254851727 1.0797047402207607
62695.9896 lsst_hardware_r 367.24960222286603 89.32201622674879 31.649999618530273 AB 9.117352034936655 1.0690452054801467
62699.9605 lsst_hardware_z 435.68864301430864 62.595262140782104 30.969999313354492 AB 2.2267686856561686 1.0780773108962327
62699.9672 lsst_hardware_g 36.361947953870015 19.419260786746143 31.510000228881836 AB 2.231259365868295 1.073236828219478
62702.9624 lsst_hardware_y 178.60790830285768 64.28096145310555 30.049999237060547 AB 5.834835190138572 1.0714638899685203
62702.981 lsst_hardware_i 256.17348172278173 35.690742185057644 31.25 AB 5.828363726825373 1.0696862339701527
62707.9629 lsst_hardware_y 261.94292150675085 65.91900363893235 30.049999237060547 AB 8.817846911596986 1.0688947101760091
62707.9807 lsst_hardware_g 41.796852255331586 17.86504922343523 31.469999313354492 AB 8.873095981494702 1.0767013689472598
62918.3839 lsst_hardware_z 10.209041345346613 44.29999923706055 30.959999084472656 AB 5.587497123193941 1.0687637955611977
62924.3662 lsst_hardware_i -32.20334547180477 31.780000686645508 31.260000228881836 AB 5.557878093764705 1.0688227103393664
62924.3843 lsst_hardware_y -45.13626066930984 48.310001373291016 30.040000915527344 AB 5.418017471773719 1.0738848365836615
62926.3721 lsst_hardware_g 6.8417943786303095 15.5600004196167 31.459999084472656 AB 4.530490154077328 1.0705106202407786
62926.3918 lsst_hardware_y -0.32684664918078177 50.189998626708984 30.040000915527344 AB 4.530434319972409 1.0854589565672477
62931.3566 lsst_hardware_z -75.77112478591144 59.59000015258789 31.700000762939453 AB 7.679162763890637 1.0698938020049535
62936.3402 lsst_hardware_i 31.67663629641979 95.7699966430664 31.329999923706055 AB 7.106325852100027 1.0692233743991222
62936.3588 lsst_hardware_z 115.31030513998589 82.41999816894531 30.989999771118164 AB 7.178870889592635 1.0795294570816203
62938.338 lsst_hardware_i -199.3471694646533 85.9800033569336 31.34000015258789 AB 13.739971463708198 1.0700495668944638
62938.3582 lsst_hardware_z -20.705698382701218 76.44000244140625 30.989999771118164 AB 13.977042064291409 1.0845004705378318
62940.323 lsst_hardware_z -38.372827007031205 71.18000030517578 31.719999313354492 AB 8.870956729357772 1.0687899673925025
62942.3151 lsst_hardware_r -23.911557579807276 28.780000686645508 31.549999237060547 AB 8.67412772383001 1.0690322558331087
62942.3338 lsst_hardware_i 3.6562712696035637 33.970001220703125 31.270000457763672 AB 9.507295390835186 1.0730581705231461
62945.3046 lsst_hardware_z -69.7274796260178 42.380001068115234 30.959999084472656 AB 5.119302259383063 1.0694734965024475
62945.3242 lsst_hardware_u -1.3526973082959113 2.930000066757202 28.559999465942383 AB 5.119242655790935 1.0722798371354725
62949.3054 lsst_hardware_i -29.44636815055996 31.940000534057617 31.260000228881836 AB 6.452176060875133 1.0693623657601918
62949.3247 lsst_hardware_z -48.87765549471084 42.70000076293945 30.950000762939453 AB 6.491959688726939 1.0808523817182223
62951.2403 lsst_hardware_i 32.11527038662857 32.34000015258789 31.25 AB 7.35856556121638 1.127648699791801
62951.2579 lsst_hardware_u 1.2264295623754466 2.8399999141693115 28.479999542236328 AB 7.773681694162313 1.094884745656664
62953.2914 lsst_hardware_g -9.307062179817187 15.470000267028809 31.479999542236328 AB 8.112064157919939 1.068877041187609
62953.3097 lsst_hardware_r 12.98318825634302 24.489999771118164 31.530000686645508 AB 7.896528898907022 1.0771911011604705
62955.2876 lsst_hardware_i 10.628478967989972 31.889999389648438 31.260000228881836 AB 7.190717905345027 1.069092760235628
62955.3053 lsst_hardware_r 12.773069702254583 24.479999542236328 31.520000457763672 AB 6.749575729198499 1.0780778228165555
62957.2778 lsst_hardware_u -6.037551688275561 2.8499999046325684 28.489999771118164 AB 5.025631091827013 1.068752624617616
62957.2945 lsst_hardware_g -38.20100072225751 15.420000076293945 31.459999084472656 AB 5.490276790280589 1.0740678428980883
62959.2776 lsst_hardware_r 72.28470728954586 35.40999984741211 31.579999923706055 AB 6.354600131482065 1.0692579726539033
62959.2962 lsst_hardware_i 54.970479163778826 31.889999389648438 31.25 AB 6.21964733717294 1.0797061604327647
62961.2777 lsst_hardware_z -18.500013531942805 57.529998779296875 30.969999313354492 AB 7.417451813571936 1.070957524338971
62961.2951 lsst_hardware_r -200.0157911011475 72.05999755859375 31.639999389648438 AB 7.498021701520816 1.0841558272875431
62963.2844 lsst_hardware_z -118.78707535349452 119.9800033569336 31.739999771118164 AB 8.631222939045006 1.0789028673806258
62967.2539 lsst_hardware_r 0.5172319071712671 85.58000183105469 31.649999618530273 AB 3.6936029398634562 1.0689570537903115
62967.2702 lsst_hardware_y -75.63052412517278 55.56999969482422 30.049999237060547 AB 3.6760578501505914 1.0761818541548451
62969.2492 lsst_hardware_z 51.534618312311764 47.22999954223633 30.959999084472656 AB 13.070195752313559 1.069063792705083
62969.2667 lsst_hardware_r 10.748787706717975 44.349998474121094 31.610000610351562 AB 12.798897160608291 1.077756486935985
62971.2545 lsst_hardware_i -73.8438480417207 47.83000183105469 32.02000045776367 AB 10.077464567902815 1.0729838764802826
62971.2723 lsst_hardware_z -12.51542630971399 61.5099983215332 31.700000762939453 AB 10.220952635050272 1.0895763593614576
62974.23 lsst_hardware_z -32.95509131684916 42.56999969482422 30.959999084472656 AB 12.718320908951503 1.0687964012116449
62974.2471 lsst_hardware_r 39.40891765144503 24.959999084472656 31.530000686645508 AB 12.759479280616468 1.0734504467101635
62982.1311 lsst_hardware_r 49.79107866345263 35.779998779296875 32.2400016784668 AB 10.753071867546987 1.1999410654158964
