data/validation/pwv_sim_epoch_fit_epoch/61330011.ecsv
# %ECSV 0.9
# ---
# datatype:
# - {name: time, datatype: float64}
# - {name: band, datatype: string}
# - {name: flux, datatype: float64}
# - {name: fluxerr, datatype: float64}
# - {name: zp, datatype: float64}
# - {name: zpsys, datatype: string}
# - {name: pwv, datatype: float64}
# - {name: airmass, datatype: float64}
# meta: {SNID: '61330011', alt: 1024.0, c: -0.06094319745898247, dec: 4.929937, lat: -30.244573, lon: -70.7499537, ra: 72.070312, t0: 60928.640625,
#   x0: 1.0078734017123686e-05, x1: -0.5497361421585083, z: 0.45856019854545593}
# schema: astropy-2.0
time band flux fluxerr zp zpsys pwv airmass
60937.3768 lsst_hardware_z 1611.4665012442972 58.81823320401707 30.93000030517578 AB 8.413488056002127 1.2401652950746287
60937.3965 lsst_hardware_y 603.9726999255544 57.244993797248945 29.989999771118164 AB 8.26071183474854 1.2248071517159966
60949.3656 lsst_hardware_i 1443.904445656763 49.04415184043362 31.229999542236328 AB 5.112991043219941 1.2243996830763257
60949.3858 lsst_hardware_y 360.3961917005981 57.4607564741343 29.989999771118164 AB 5.0802283471474885 1.231421245218338
60951.3629 lsst_hardware_i 1296.951146913529 47.83446492295113 31.229999542236328 AB 3.5499549452701338 1.2241223949207358
60951.3815 lsst_hardware_y 413.0474888171392 54.138548028963456 29.989999771118164 AB 3.2256776932455997 1.2324683133997896
60956.3588 lsst_hardware_i 1262.0070863758415 85.97716213806547 31.299999237060547 AB 5.419687415263337 1.2261736233625165
60956.3779 lsst_hardware_y 160.94931361275323 62.97814270416258 29.989999771118164 AB 5.004159154692319 1.244557717229178
60966.3183 lsst_hardware_g 41.15990809168448 16.96364710083397 31.3799991607666 AB 7.573156804523494 1.2245712506639874
60966.3368 lsst_hardware_r 300.36345463180163 31.092690339741523 31.469999313354492 AB 7.966641652728438 1.2293409610074102
60975.3187 lsst_hardware_z 380.5046455489803 48.199976059758065 30.93000030517578 AB 3.9047802860460137 1.2352013558073591
60975.336 lsst_hardware_r 211.8685697532787 28.856089238694093 31.469999313354492 AB 3.8809904326911124 1.262110709818163
60992.2719 lsst_hardware_z 323.2534379383093 47.30781698854667 30.93000030517578 AB 5.459392091526944 1.2347840979026559
60992.2904 lsst_hardware_u 5.156276307376001 3.8033742874674656 28.5 AB 5.640730198146355 1.2637931735951504
60998.2602 lsst_hardware_z 202.80206590021186 46.74972400118755 30.93000030517578 AB 6.516022585966239 1.2403202790454875
60998.2807 lsst_hardware_i 277.35592137263984 36.59193860063546 31.219999313354492 AB 6.756603402153932 1.2791751991961249
61005.231 lsst_hardware_i -30.82454764065352 32.43000030517578 31.219999313354492 AB 6.488220610124034 1.2298389985702496
61005.2507 lsst_hardware_z 59.19662266702838 44.150001525878906 30.93000030517578 AB 6.721019535962326 1.2554831013629226
61007.1557 lsst_hardware_r -31.111065324585628 31.600000381469727 31.510000228881836 AB 5.524620721554705 1.3055425100168663
61007.1729 lsst_hardware_g -4.168891256077183 23.190000534057617 31.520000457763672 AB 4.188055825043282 1.2613992746478435
61010.2233 lsst_hardware_r -35.28961564611886 54.369998931884766 31.59000015258789 AB 9.491276675997478 1.2353607543924205
61010.2415 lsst_hardware_i -10.725037756461866 47.209999084472656 31.270000457763672 AB 9.644511208571522 1.2643012290021658
61019.1897 lsst_hardware_i -48.889941873360186 38.349998474121094 31.25 AB 12.010066181416779 1.2277092953147741
61019.2086 lsst_hardware_z 67.89259830003195 47.88999938964844 30.940000534057617 AB 11.621992425377176 1.2487366955385937
61021.1893 lsst_hardware_r 29.377200620756955 24.280000686645508 31.469999313354492 AB 15.639632348784252 1.2314671140775002
61021.2072 lsst_hardware_g 7.416440423476054 14.789999961853027 31.3799991607666 AB 15.948920676752714 1.2558205257285602
61031.1154 lsst_hardware_i -28.611063371497103 32.599998474121094 31.229999542236328 AB 4.954622328683164 1.2469687068833466
61031.1348 lsst_hardware_z 28.292256473066885 43.84000015258789 30.93000030517578 AB 4.318511233254628 1.2267916954466422
61035.1212 lsst_hardware_r -13.094822756696304 25.40999984741211 31.479999542236328 AB 9.214456975555985 1.2283895318187434
61035.1405 lsst_hardware_i -22.02931180516003 32.7599983215332 31.219999313354492 AB 8.553501050373455 1.2251227916172642
61039.1358 lsst_hardware_z 31.146123104512444 80.29000091552734 31.700000762939453 AB 9.60041871778407 1.2281461836746295
61050.0864 lsst_hardware_r 38.146453847281535 24.079999923706055 31.479999542236328 AB 10.3812438970009 1.2252628724133565
61050.1079 lsst_hardware_i -19.2827628154616 32.52000045776367 31.229999542236328 AB 10.432094582325377 1.2296439796073373
61063.0407 lsst_hardware_y -8.600005917999512 54.36000061035156 29.989999771118164 AB 10.343822899730146 1.231505226573158
61063.0602 lsst_hardware_g 13.693888538138319 14.970000267028809 31.389999389648438 AB 8.88859455292091 1.2242400045342485
61069.0382 lsst_hardware_y -64.07371487804254 60.27000045776367 30.0 AB 15.646853709557382 1.2243234514520642
61069.0571 lsst_hardware_z 141.39327490770967 66.01000213623047 30.959999084472656 AB 15.566079030559964 1.230487657549996
61302.3575 lsst_hardware_g 40.50151694225681 14.920000076293945 31.3700008392334 AB 6.294531964153986 1.2776451889357165
61302.374 lsst_hardware_y -7.7820195741817 49.560001373291016 29.979999542236328 AB 6.538766529528489 1.2450840741728466
61304.3843 lsst_hardware_i 75.69425141007564 32.720001220703125 31.229999542236328 AB 3.9955668474132584 1.2282399305520173
61306.376 lsst_hardware_r -3.8815386130370464 24.479999542236328 31.479999542236328 AB 1.7515364051810969 1.2302995119513123
61306.3962 lsst_hardware_y -45.07708498293215 61.529998779296875 30.0 AB 1.7629649527193094 1.2247064624658304
61308.3717 lsst_hardware_r -25.073634094324294 61.84000015258789 31.59000015258789 AB 7.313746573322157 1.2294077279074456
61308.3907 lsst_hardware_y 70.10680339079933 55.75 29.989999771118164 AB 7.907869926328814 1.2246972164052679
61312.3705 lsst_hardware_z 59.836180079799796 66.27999877929688 30.959999084472656 AB 8.466004174075705 1.2246793414291233
61312.3885 lsst_hardware_y -85.2738494945802 60.68000030517578 29.989999771118164 AB 8.717537407325288 1.2287451711134616
61314.3659 lsst_hardware_r -52.22299189583058 72.81999969482422 31.610000610351562 AB 5.115226275816107 1.2244951088150924
61314.3845 lsst_hardware_y -54.76436951027268 57.630001068115234 30.0 AB 5.214387075019365 1.229808272410408
61322.3584 lsst_hardware_i 17.481084444576407 32.529998779296875 31.229999542236328 AB 3.506202232454125 1.227017404183332
61322.3775 lsst_hardware_y 35.34740665792932 52.86000061035156 29.989999771118164 AB 3.6140018288263307 1.2470675737841923
61327.3245 lsst_hardware_r 26.537889758722383 24.040000915527344 31.469999313354492 AB 6.188221734300273 1.226523863828064
61327.3428 lsst_hardware_i 15.14355675971837 32.47999954223633 31.229999542236328 AB 6.6206830783955 1.2260524219250926
61329.3252 lsst_hardware_z 31.88298313609075 43.7599983215332 30.940000534057617 AB 8.591333937871289 1.2244472226709948
61329.3431 lsst_hardware_u 0.6355891814327655 2.7300000190734863 28.389999389648438 AB 9.003910155460863 1.2294685070212206
61331.3241 lsst_hardware_g -17.229246929699393 14.5 31.389999389648438 AB 7.551399899135512 1.22415431197493
61331.341 lsst_hardware_r 30.569861907392845 23.90999984741211 31.469999313354492 AB 7.955275554327375 1.2322616064531884
61351.2222 lsst_hardware_r -2.419365961030721 24.149999618530273 31.459999084472656 AB 5.904624122203952 1.281478142705104
61359.271 lsst_hardware_r 25.830067813543664 24.100000381469727 31.469999313354492 AB 5.676570008331957 1.239290472291662
61359.2889 lsst_hardware_i -30.99357324439599 32.66999816894531 31.219999313354492 AB 5.9566826004385875 1.2709849076327
61364.2607 lsst_hardware_r 3.633659062766658 36.939998626708984 31.549999237060547 AB 5.435570312457812 1.2438376001047624
61364.281 lsst_hardware_g -36.738189379877205 14.890000343322754 31.3700008392334 AB 5.604670003080626 1.2852291235806514
61370.2231 lsst_hardware_r -128.8745050869637 116.94999694824219 31.6200008392334 AB 6.435121304710415 1.2251539847139765
61370.2417 lsst_hardware_z -54.7823444159717 82.41999816894531 30.969999313354492 AB 6.5124356725027175 1.240227703771228
61383.1882 lsst_hardware_r 12.261991567502106 24.760000228881836 31.489999771118164 AB 7.425626960438405 1.225350983570694
61383.2073 lsst_hardware_u 0.6040437735289739 2.759999990463257 28.3700008392334 AB 7.4966629177157715 1.241683299000542
61385.1878 lsst_hardware_g 0.9463218685898974 15.0600004196167 31.389999389648438 AB 12.400902929564916 1.227812171244051
61385.2076 lsst_hardware_r 24.506706488037267 24.709999084472656 31.469999313354492 AB 12.629753078469072 1.2504706018286211
61389.1899 lsst_hardware_r 60.20568316250132 24.3799991607666 31.469999313354492 AB 9.88402943612321 1.2403201424862846
61389.2092 lsst_hardware_g -3.1024861957848877 14.760000228881836 31.360000610351562 AB 10.302036198010732 1.2761974582089994
61390.1482 lsst_hardware_r -13.953646733272999 26.350000381469727 31.5 AB 12.530390579091932 1.2291105712280113
61390.1665 lsst_hardware_i -46.134516506691774 33.31999969482422 31.229999542236328 AB 12.48672629301411 1.2246000427468289
61396.1213 lsst_hardware_y 65.85065102844662 62.220001220703125 30.0 AB 4.9831658323005685 1.239593490621777
61396.1419 lsst_hardware_r -56.59368365952041 112.44999694824219 31.6200008392334 AB 4.291850752761797 1.224493795367168
61405.1282 lsst_hardware_i -18.20392554827428 32.63999938964844 31.239999771118164 AB 8.262652504873483 1.2253674187859236
61405.1494 lsst_hardware_z -12.709866970929637 44.439998626708984 30.940000534057617 AB 8.357359346713089 1.2447660629600052
61407.0882 lsst_hardware_z 26.496167985132686 43.959999084472656 30.93000030517578 AB 6.293465308924605 1.2437678476135583
61407.1096 lsst_hardware_r -13.40498476549157 23.850000381469727 31.469999313354492 AB 6.197934949276589 1.2250699114051666
61413.0891 lsst_hardware_r 6.01105340277757 24.079999923706055 31.479999542236328 AB 7.063082667647164 1.22679759164784
61413.1101 lsst_hardware_u -0.010963125730144711 2.7100000381469727 28.360000610351562 AB 7.177546612568351 1.2270708820210365
61418.08 lsst_hardware_i 17.634016307989477 32.560001373291016 31.229999542236328 AB 2.4535438555517404 1.2249345259868898
61418.0997 lsst_hardware_z 57.84562924893823 43.939998626708984 30.93000030517578 AB 3.626789143643578 1.2291422764268791
61420.0437 lsst_hardware_y -13.067274139344416 55.47999954223633 29.989999771118164 AB 7.477395597593785 1.2590857668017277
61420.0627 lsst_hardware_r -6.095772560803683 30.459999084472656 31.530000686645508 AB 7.36159383638501 1.232014365321118
61422.0803 lsst_hardware_r 19.879124584374303 50.4900016784668 31.59000015258789 AB 3.33199269235548 1.224884732048719
61422.1001 lsst_hardware_i -65.30785740765435 47.77000045776367 31.280000686645508 AB 2.4714919161560047 1.2407087932510064
61424.0426 lsst_hardware_y -5.930262786904937 64.87000274658203 30.0 AB 4.541684932228246 1.2425950566971944
61424.0618 lsst_hardware_z 134.57280229466656 68.94999694824219 30.969999313354492 AB 4.4711007189984615 1.225546691975183
