data/validation/pwv_sim_epoch_fit_epoch/61396367.ecsv
# %ECSV 0.9
# ---
# datatype:
# - {name: time, datatype: float64}
# - {name: band, datatype: string}
# - {name: flux, datatype: float64}
# - {name: fluxerr, datatype: float64}
# - {name: zp, datatype: float64}
# - {name: zpsys, datatype: string}
# - {name: pwv, datatype: float64}
# - {name: airmass, datatype: float64}
# meta: {SNID: '61396367', alt: 1024.0, c: -0.12612900137901306, dec: -22.185358, lat: -30.244573, lon: -70.7499537, ra: 358.945312, t0: 61569.23828125,
#   x0: 4.285187614556081e-06, x1: 0.7695426344871521, z: 0.652587354183197}
# schema: astropy-2.0
time band flux fluxerr zp zpsys pwv airmass
61579.4096 lsst_hardware_i 1013.3754785127094 71.6293037997606 31.329999923706055 AB 3.3729417856575297 1.026328103757648
61579.4338 lsst_hardware_y 406.6457339999509 57.9859105050229 30.06999969482422 AB 2.881797867052021 1.0111571463341342
61582.3584 lsst_hardware_g 241.22994404912114 50.54639004592772 31.690000534057617 AB 6.021372888733782 1.1063615780861125
61582.3846 lsst_hardware_r 1118.520883971808 61.0391821621251 31.6299991607666 AB 5.6637644311611295 1.0488452650298388
61584.3302 lsst_hardware_z 714.7067437165238 52.52215588735595 30.950000762939453 AB 6.40049374947362 1.1833956056527963
61584.3494 lsst_hardware_y 280.68302004030073 51.06213986458915 30.030000686645508 AB 5.67862088310287 1.1165200320689876
61586.4096 lsst_hardware_u 0.40261204929184125 2.994602482877063 28.5 AB 4.124691960600685 1.0127328135042808
61586.4339 lsst_hardware_y 208.6809016429654 51.04370372927989 30.059999465942383 AB 4.699422423261572 1.0128065567374078
61606.3381 lsst_hardware_i 294.84647345401777 85.51451745280366 31.34000015258789 AB 3.042924008147219 1.0241225101042386
61606.3607 lsst_hardware_z 484.7684514293734 74.73851727063669 31.0 AB 2.8409877978989773 1.0110276860850453
61610.3538 lsst_hardware_i 334.9236858034689 58.116116324082824 31.329999923706055 AB 5.091374701142038 1.0104607107319965
61610.3744 lsst_hardware_r 153.37409386884428 66.49281280531544 31.65999984741211 AB 5.098005134638952 1.0158086745428305
61611.2651 lsst_hardware_y 135.33308074415814 73.5199707307713 30.770000457763672 AB 6.817347295645832 1.1508013665843742
61616.3429 lsst_hardware_u -1.0859194488556518 2.788026010275006 28.469999313354492 AB 4.833549300120316 1.010533321743681
61616.3608 lsst_hardware_g 26.132718433544863 14.710998634657237 31.450000762939453 AB 4.880157859287148 1.0176005545091495
61618.3189 lsst_hardware_r 105.7450396750491 25.382538341766686 31.5 AB 5.005222321045545 1.0142294470203739
61618.3382 lsst_hardware_i 113.22540114603358 33.28321790753858 31.260000228881836 AB 5.2215394904526775 1.010620546539228
61621.3227 lsst_hardware_z 364.7475532175465 61.298721362131346 31.700000762939453 AB 1.8370314859219141 1.0105610081169418
61621.3426 lsst_hardware_r 185.30511634124755 35.66579615196184 32.2599983215332 AB 1.8909184105639456 1.0148041559377168
61622.2605 lsst_hardware_i 148.4798879355502 33.21880720685556 31.239999771118164 AB 0.2837601616004035 1.0779113451107445
61622.2804 lsst_hardware_z 141.0589543681487 43.655722036079425 30.950000762939453 AB 0.4009811827958987 1.0410588908591052
61623.2907 lsst_hardware_i 203.83056918837616 32.83687275127373 31.25 AB 1.2741855729534883 1.0250889565192989
61623.3102 lsst_hardware_u 1.1607050569239357 3.2251258963606366 28.510000228881836 AB 2.7688914754111105 1.0121450501076314
61625.2974 lsst_hardware_g 17.30847842897003 14.737894889897255 31.450000762939453 AB 2.5811256191622625 1.015524833768759
61625.3165 lsst_hardware_r 109.85239012334682 24.95009489080354 31.5 AB 2.598415279231264 1.0104012751385343
61628.2869 lsst_hardware_i 121.11548263329905 37.23122613239578 31.280000686645508 AB 6.872597921270549 1.016957372191558
61628.3077 lsst_hardware_r 95.24090264995137 24.883251419530847 31.510000228881836 AB 5.674133415028969 1.0103813767672893
61630.2898 lsst_hardware_z 347.1382418627845 72.13098794388176 31.729999542236328 AB 3.4428757295275183 1.0126105086845643
61648.198 lsst_hardware_i 170.95570734428424 32.64125733252159 31.25 AB 4.134971149947034 1.0602490128069317
61648.2144 lsst_hardware_z 138.30696778232743 42.618738730537565 30.950000762939453 AB 4.275496863330341 1.0342275915167736
61650.2206 lsst_hardware_i 103.70206824062787 32.150834686959314 31.25 AB 2.2228381128015573 1.021720509963561
61650.2371 lsst_hardware_u -5.067416103031868 2.7967419213458147 28.420000076293945 AB 2.213202434767265 1.0119424354051125
61652.2077 lsst_hardware_u -2.3459047069831174 2.7200000286102295 28.440000534057617 AB 1.543720633126725 1.02914708875115
61652.2265 lsst_hardware_g 19.744441091973375 14.680000305175781 31.450000762939453 AB 1.6910448763910184 1.0140185147257754
61656.1984 lsst_hardware_z -23.73376393150518 60.70000076293945 31.709999084472656 AB 2.602570363377112 1.0273642014712767
61673.1529 lsst_hardware_z 89.60832547137684 41.34000015258789 30.950000762939453 AB 5.607551858925957 1.0263975336655198
61673.1727 lsst_hardware_r 16.181643491586286 23.530000686645508 31.510000228881836 AB 6.304559356169871 1.012495982040319
61677.151 lsst_hardware_u 4.265348645801601 2.7300000190734863 28.450000762939453 AB 4.061653198398364 1.0184261436077375
61677.1705 lsst_hardware_r 20.53277753690795 23.200000762939453 31.510000228881836 AB 4.054932527862142 1.0104911395594491
61678.0961 lsst_hardware_r -8.207283924387182 23.65999984741211 31.489999771118164 AB 4.212138471192442 1.1069281837442444
61678.1159 lsst_hardware_z -53.7608668366355 41.68000030517578 30.950000762939453 AB 4.102180464434495 1.0606115866937689
61679.1298 lsst_hardware_i 17.257215200943435 30.770000457763672 31.25 AB 6.08612126025654 1.0341752353876874
61679.1489 lsst_hardware_z 36.877965699515414 40.91999816894531 30.950000762939453 AB 5.920840645784532 1.016162582228647
61681.1332 lsst_hardware_r 32.709425028803096 23.3700008392334 31.5 AB 3.2325327724840136 1.0242499279099162
61681.1516 lsst_hardware_u -1.4644322916217782 2.7899999618530273 28.5 AB 3.2173661197631938 1.0122278180787143
61684.1026 lsst_hardware_r 29.783517627011133 26.559999465942383 31.540000915527344 AB 3.6267606300988344 1.0549041972364266
61684.1229 lsst_hardware_g 11.797975320083811 19.760000228881836 31.559999465942383 AB 3.524866235637519 1.0263611284977732
61687.1305 lsst_hardware_r -34.47073217637161 45.95000076293945 31.6299991607666 AB 3.5570023290750195 1.0142337637852021
61687.149 lsst_hardware_z -122.44865091125187 47.04999923706055 30.969999313354492 AB 3.5546117807682194 1.0105266724128457
61690.1094 lsst_hardware_z 41.639012765568495 69.51000213623047 30.989999771118164 AB 5.930918244159327 1.0235132726919962
61690.1266 lsst_hardware_r 169.5177457328133 94.5 31.670000076293945 AB 6.088781317701676 1.0123784267086975
61693.0939 lsst_hardware_r 17.11324484215737 110.66000366210938 31.670000076293945 AB 6.394054973804613 1.0312991893233245
61693.1114 lsst_hardware_z 201.1068031933868 74.16000366210938 31.0 AB 6.297477425094294 1.0157221653377893
61695.1012 lsst_hardware_g -79.77616836650944 84.8499984741211 31.739999771118164 AB 7.010001667379412 1.018907932612455
61695.1179 lsst_hardware_r 39.563614904227435 81.76000213623047 31.670000076293945 AB 6.958790691400298 1.0109868071479313
61697.0997 lsst_hardware_i -5.466628142286868 30.440000534057617 31.25 AB 4.271230097311693 1.0161933694385248
61697.116 lsst_hardware_z -101.832823076171 45.31999969482422 30.959999084472656 AB 4.255299940783655 1.010480058760515
61704.0801 lsst_hardware_u -2.9691115075554007 2.890000104904175 28.59000015258789 AB 2.217659873863236 1.0164980323284503
61704.0978 lsst_hardware_r -16.014964286788132 23.100000381469727 31.520000457763672 AB 2.296759646394599 1.0104159459154303
61708.0679 lsst_hardware_r -27.563970414968153 23.049999237060547 31.510000228881836 AB 5.256917606989444 1.0173366546875118
61708.0868 lsst_hardware_u -0.6766027407773894 2.7200000286102295 28.459999084472656 AB 6.062519126330352 1.010419854388392
61712.0559 lsst_hardware_r 33.66671105600204 23.709999084472656 31.510000228881836 AB 3.064016632348126 1.0180866561863822
61712.0742 lsst_hardware_i 7.854910796387528 30.75 31.260000228881836 AB 3.0611589648115825 1.0105614189197445
61723.0256 lsst_hardware_y -30.918462044509294 54.189998626708984 30.06999969482422 AB 6.187295068273845 1.0182752632419412
61723.0438 lsst_hardware_z -75.10843431624482 60.95000076293945 30.989999771118164 AB 3.9049706177826584 1.010603161952142
61725.0279 lsst_hardware_y 57.250027663626234 47.349998474121094 30.059999465942383 AB 6.609969604325054 1.0136694600881873
61725.0468 lsst_hardware_i -3.6640171500118015 30.56999969482422 31.260000228881836 AB 6.033825249227145 1.010719213137277
61727.0308 lsst_hardware_y -53.79052749563286 47.31999969482422 30.049999237060547 AB 7.679107964678933 1.0109299263452212
61727.0508 lsst_hardware_r -13.097229767535048 23.15999984741211 31.5 AB 6.66802252541093 1.013608349230209
61730.0153 lsst_hardware_y 111.78187494013012 77.70999908447266 30.079999923706055 AB 4.582948497722876 1.0131981424247778
61730.0356 lsst_hardware_g 4.926590929374022 15.180000305175781 31.469999313354492 AB 4.579414662889635 1.011187339307606
61733.0168 lsst_hardware_z 26.28124766647848 68.43000030517578 31.0 AB 7.822792429642288 1.0105661322364408
61733.0361 lsst_hardware_i -27.74710932175287 31.350000381469727 31.260000228881836 AB 7.9013915158484735 1.0144295180188052
61926.3555 lsst_hardware_r 73.80980103952496 45.18000030517578 31.540000915527344 AB 7.34563622673678 1.3952929912281973
61926.3741 lsst_hardware_z 59.85014455638194 44.43000030517578 30.93000030517578 AB 6.714567964569189 1.2763316264031406
61946.3564 lsst_hardware_u -0.9321190530199744 2.680000066757202 28.3700008392334 AB 4.070269400692222 1.122213785688493
61946.3791 lsst_hardware_y -73.43676411310008 47.400001525878906 30.040000915527344 AB 4.7498363421567715 1.0651847524926417
61952.3919 lsst_hardware_z -54.18576228655888 81.68000030517578 32.45000076293945 AB 9.922900926877343 1.0229794769976643
61959.381 lsst_hardware_r -85.37448267930854 89.86000061035156 31.670000076293945 AB 1.5345486452208017 1.016594001471217
61959.4004 lsst_hardware_i -18.303160057787387 70.04000091552734 31.34000015258789 AB 1.5645829785540986 1.010386166325198
61961.3771 lsst_hardware_z -43.45468323539194 65.06999969482422 30.989999771118164 AB 9.721171643293797 1.0156372191707737
61961.3965 lsst_hardware_i -165.85324754563047 72.36000061035156 31.34000015258789 AB 9.756112300985404 1.0104202062021306
61963.3914 lsst_hardware_z -15.797512813635166 88.27999877929688 31.739999771118164 AB 7.930938884695024 1.0104394043438685
61966.3643 lsst_hardware_r 46.79373643299704 41.369998931884766 31.610000610351562 AB 3.748441548435766 1.0151500469697403
61966.3869 lsst_hardware_i 11.953533122268418 40.97999954223633 31.299999237060547 AB 4.838058915360559 1.0108773329211365
61975.3484 lsst_hardware_r -19.993611111868827 22.670000076293945 31.489999771118164 AB 5.147736326583322 1.0115418209044809
61975.3673 lsst_hardware_g 6.213153633018017 14.069999694824219 31.43000030517578 AB 5.147889240041936 1.012168548966169
61976.2636 lsst_hardware_i -22.47156918975903 31.360000610351562 31.229999542236328 AB 6.942646749860245 1.158717120978066
61976.2839 lsst_hardware_r -23.64192122358627 22.989999771118164 31.479999542236328 AB 6.451500372949485 1.0957031883406054
61977.347 lsst_hardware_r 10.47323233473924 22.799999237060547 31.489999771118164 AB 7.270284506293532 1.010697568066756
61977.3655 lsst_hardware_i -7.607150274099181 30.329999923706055 31.25 AB 7.221476892837714 1.0136354596225678
61980.347 lsst_hardware_z -53.50601563085006 40.56999969482422 30.940000534057617 AB 4.268204170083725 1.010624507517851
61980.3656 lsst_hardware_i -44.204538556295 30.34000015258789 31.239999771118164 AB 4.302637944788795 1.0185968422629275
61984.3247 lsst_hardware_r -6.882005351802784 42.310001373291016 31.6200008392334 AB 1.4094372927161645 1.0113159239770069
61984.3444 lsst_hardware_i 20.6997574598417 39.29999923706055 31.290000915527344 AB 1.430051306812439 1.0127842116235404
61991.2678 lsst_hardware_r -50.4164781480763 104.6500015258789 31.65999984741211 AB 3.509523225092593 1.044656414672598
61991.2863 lsst_hardware_i 19.319468147819098 84.2300033569336 31.34000015258789 AB 3.3282629342509247 1.022193775875591
61994.1517 lsst_hardware_i -48.349573491679614 47.279998779296875 31.209999084472656 AB 4.808911869592974 1.55159556988373
61994.1695 lsst_hardware_z 41.64060157622465 54.59000015258789 30.93000030517578 AB 3.8056390453604143 1.397932794916278
61996.2953 lsst_hardware_z -39.946501051242 43.11000061035156 30.959999084472656 AB 3.3839059786987433 1.010674293005685
61996.3168 lsst_hardware_g 6.529469102275027 29.280000686645508 31.670000076293945 AB 3.4219501150190776 1.0152648316330153
62012.2411 lsst_hardware_r 21.317771167280224 41.939998626708984 31.6200008392334 AB 2.837515943378051 1.0139115421652805
62012.2601 lsst_hardware_i -53.471535344230304 39.63999938964844 31.299999237060547 AB 2.785452209256155 1.0106865781045553
62014.2102 lsst_hardware_z 66.43845453464 53.849998474121094 30.979999542236328 AB 1.7168335514245012 1.0371005596322183
62014.2264 lsst_hardware_i -31.40355322873113 54.5 31.31999969482422 AB 1.597636454490833 1.0197679496749998
62022.1894 lsst_hardware_y 82.6492784723835 50.779998779296875 30.059999465942383 AB 3.4002178875684974 1.0357045042852566
62022.2075 lsst_hardware_r -88.01126931334221 62.54999923706055 31.649999618530273 AB 3.3539858713786392 1.0175928007823543
62027.1827 lsst_hardware_r 21.711700328871192 33.34000015258789 32.279998779296875 AB 0.9165224076221722 1.027395505975464
62027.2041 lsst_hardware_g -11.920418764700504 21.010000228881836 32.2400016784668 AB 0.9027757503052336 1.0122695761225995
62028.172 lsst_hardware_r -14.794126484393772 23.709999084472656 31.520000457763672 AB 1.0197831583457286 1.0370676186566732
62028.1901 lsst_hardware_i -12.944182177110923 30.959999084472656 31.270000457763672 AB 1.0234038589623367 1.018312297475486
62029.1665 lsst_hardware_z -14.136892304374076 41.47999954223633 30.950000762939453 AB 3.3124496060418265 1.0409688430666995
62029.1841 lsst_hardware_r -55.89141563400203 23.489999771118164 31.510000228881836 AB 3.0556037720972573 1.0208598826540198
62032.1713 lsst_hardware_u -2.5713318513380017 2.7899999618530273 28.5 AB 6.263182482995752 1.0250707828143621
62032.1897 lsst_hardware_r 10.33062384923676 23.3799991607666 31.510000228881836 AB 6.179029442972195 1.0125406707041695
62034.1488 lsst_hardware_g 7.74184455856055 14.819999694824219 31.459999084472656 AB 4.758417668182342 1.0471869868357597
62034.1685 lsst_hardware_i -15.211821162712418 30.850000381469727 31.260000228881836 AB 4.501949296917225 1.0225505671374677
62038.15 lsst_hardware_y 63.68010399468392 47.130001068115234 30.049999237060547 AB 5.564041199147883 1.0303779998422005
62038.1685 lsst_hardware_g 25.887727517513017 16.34000015258789 31.489999771118164 AB 6.328348470297397 1.0147275667918538
62040.148 lsst_hardware_r -23.90857561962329 34.95000076293945 31.59000015258789 AB 3.997659768240702 1.0265544760199803
62040.1677 lsst_hardware_i 40.57027026012738 36.04999923706055 31.280000686645508 AB 4.033015052849677 1.012599502745086
62042.1498 lsst_hardware_z -11.973762187318908 49.83000183105469 30.969999313354492 AB 4.057958069414559 1.0198864163065955
62042.1697 lsst_hardware_r 89.90906756027252 54.27000045776367 31.639999389648438 AB 4.048423719518284 1.0106741415124283
62047.1299 lsst_hardware_i -49.15767325918612 97.58999633789062 31.34000015258789 AB 1.8562669515082 1.0255146364393168
62047.1488 lsst_hardware_z -45.14687076802604 81.62000274658203 31.0 AB 1.831984136996029 1.0125188671680916
62049.133 lsst_hardware_r 186.09546472203513 91.77999877929688 31.65999984741211 AB 4.397600446901246 1.0181398267989226
62049.1526 lsst_hardware_z 31.295196645246456 66.33000183105469 30.989999771118164 AB 4.402593502373543 1.0104644256078823
62051.1141 lsst_hardware_u -4.115920939553021 9.34000015258789 29.260000228881836 AB 9.829002588585675 1.0308520605414193
62051.1321 lsst_hardware_g -73.70312066742571 55.66999816894531 31.729999542236328 AB 5.050564678803011 1.015222890978485
62053.1114 lsst_hardware_r 31.14626722325633 23.239999771118164 31.510000228881836 AB 3.232547601100441 1.0277281478700002
62053.1295 lsst_hardware_i 18.035037867492093 30.68000030517578 31.270000457763672 AB 3.212561749965114 1.0137462133055943
62056.1122 lsst_hardware_z -1.3165309667226115 41.08000183105469 30.959999084472656 AB 5.307310464431881 1.0193950568727603
62056.1314 lsst_hardware_r -49.83317807629533 23.15999984741211 31.520000457763672 AB 5.998404853865122 1.010683210423778
62058.112 lsst_hardware_u -1.708261487257919 2.7100000381469727 28.450000762939453 AB 6.297927640310366 1.0157947806952203
62058.1313 lsst_hardware_r -14.742514411328722 23.030000686645508 31.510000228881836 AB 6.208936979101404 1.010404715882975
62066.0795 lsst_hardware_u -3.137419227508788 2.9000000953674316 28.520000457763672 AB 4.47411699028291 1.0240597368466264
62066.0975 lsst_hardware_g 4.387227307632952 14.90999984741211 31.459999084472656 AB 5.36657684041118 1.0123069995745435
62066.9997 lsst_hardware_y -112.06760094519004 63.88999938964844 30.0 AB 4.512495070877807 1.2227327112526234
62067.0187 lsst_hardware_i 4.105640109170022 32.59000015258789 31.239999771118164 AB 3.27921416609452 1.1460774717674163
62069.0801 lsst_hardware_z 13.536690886562967 43.380001068115234 30.959999084472656 AB 2.2186758876817736 1.0169637376692622
62069.0982 lsst_hardware_r -8.320053978608309 34.150001525878906 31.600000381469727 AB 2.309885558866331 1.0104486259257333
62074.0657 lsst_hardware_z 43.77888269857476 67.02999877929688 31.0 AB 4.171944809431284 1.0174647937803136
62074.083 lsst_hardware_r 105.6475590312569 90.5999984741211 31.670000076293945 AB 4.087738506634942 1.010586581503931
62076.0672 lsst_hardware_i -14.877906129549814 78.6500015258789 31.34000015258789 AB 6.692735545695925 1.0135133710450246
62076.0853 lsst_hardware_z -28.73213224817914 70.33999633789062 31.0 AB 5.488803921179456 1.0106743448542808
62082.0571 lsst_hardware_r 9.74000655953722 22.8799991607666 31.510000228881836 AB 7.735573081183603 1.0113182221445423
62082.0736 lsst_hardware_i -19.799078970900094 30.350000381469727 31.260000228881836 AB 7.857670904867321 1.011673864409499
62087.045 lsst_hardware_u 5.202041736674987 2.680000066757202 28.43000030517578 AB 4.4442424246000405 1.0109741639217562
62087.0617 lsst_hardware_r -46.79283905316906 22.979999542236328 31.5 AB 4.375371054454529 1.0122315915453657
62089.0261 lsst_hardware_y 77.43541239957686 48.18000030517578 30.049999237060547 AB 5.690651040069007 1.0165658724351037
62089.0444 lsst_hardware_i 9.567947493245097 30.399999618530273 31.25 AB 5.419813106891892 1.010405128055908
62092.0302 lsst_hardware_y 88.35097354219641 47.33000183105469 30.049999237060547 AB 7.676591934482316 1.0112199437279938
62092.0508 lsst_hardware_r -0.09778459423833566 22.989999771118164 31.489999771118164 AB 6.666066280149282 1.0133109797293125
62094.0139 lsst_hardware_y 82.62612264860294 80.29000091552734 30.079999923706055 AB 7.590467247194234 1.015673583478265
62094.0347 lsst_hardware_g 14.566659817143597 15.130000114440918 31.469999313354492 AB 7.574935132636536 1.0105078327993995
62097.016 lsst_hardware_z 20.27076341905514 64.51000213623047 30.989999771118164 AB 7.730944820770893 1.0113522059222797
62097.0361 lsst_hardware_i 25.49405109578813 33.060001373291016 31.280000686645508 AB 7.785176746493563 1.0128706126516263
