data/validation/pwv_sim_epoch_fit_epoch/61442533.ecsv
# %ECSV 0.9
# ---
# datatype:
# - {name: time, datatype: float64}
# - {name: band, datatype: string}
# - {name: flux, datatype: float64}
# - {name: fluxerr, datatype: float64}
# - {name: zp, datatype: float64}
# - {name: zpsys, datatype: string}
# - {name: pwv, datatype: float64}
# - {name: airmass, datatype: float64}
# meta: {SNID: '61442533', alt: 1024.0, c: 0.017572816461324692, dec: -14.631667, lat: -30.244573, lon: -70.7499537, ra: 212.695312, t0: 62314.84765625,
#   x0: 1.1545033125760341e-05, x1: 0.1805008202791214, z: 0.4333461821079254}
# schema: astropy-2.0
time band flux fluxerr zp zpsys pwv airmass
62181.2372 lsst_hardware_i -10.653814924750575 50.97999954223633 31.920000076293945 AB 3.571848277434026 1.6119661274617172
62181.2631 lsst_hardware_z -47.41248148298595 66.08000183105469 31.670000076293945 AB 4.598123065898249 1.3821666989999997
62183.3491 lsst_hardware_r 11.77078710744774 24.670000076293945 31.510000228881836 AB 3.7544839685978335 1.0561631493078438
62183.3683 lsst_hardware_y -62.73485279857673 47.2400016784668 30.049999237060547 AB 3.6704423345927086 1.0405468594843104
62185.3683 lsst_hardware_r 12.761234777866187 24.799999237060547 31.530000686645508 AB 5.484114946431564 1.0385761754466911
62185.3859 lsst_hardware_y -100.00852047564884 50.220001220703125 30.049999237060547 AB 4.712271818116767 1.0394908328719499
62189.3682 lsst_hardware_u 2.5937818628653004 2.8499999046325684 28.489999771118164 AB 9.713016889786827 1.0378263585625416
62189.3867 lsst_hardware_y -10.422488727535464 49.65999984741211 30.049999237060547 AB 9.025099491160999 1.0462872562451164
62195.3511 lsst_hardware_r -38.702878355239754 87.55999755859375 31.65999984741211 AB 4.974689534677761 1.0377448833747611
62195.3691 lsst_hardware_z 41.46439690412975 62.709999084472656 30.979999542236328 AB 4.994130272536957 1.0453438561040371
62197.3358 lsst_hardware_r 77.68147953988975 108.33000183105469 31.65999984741211 AB 3.3232197990428256 1.038506187200883
62197.3539 lsst_hardware_i 64.67280075066616 85.63999938964844 31.34000015258789 AB 3.327289966273825 1.0397781144605702
62198.287 lsst_hardware_z 5.136048788492719 80.41000366210938 30.989999771118164 AB 6.446143185142443 1.0901031316475382
62198.3046 lsst_hardware_i -0.91288395176008 91.47000122070312 31.34000015258789 AB 6.427372196098968 1.060578721356196
62201.3448 lsst_hardware_z -27.2117915918809 72.5999984741211 31.719999313354492 AB 7.426965187678632 1.0405555429322075
62203.3133 lsst_hardware_g 25.375368854537214 23.739999771118164 31.600000381469727 AB 10.16184664280853 1.0407285116813654
62203.3323 lsst_hardware_r 20.44246115277841 29.639999389648438 31.559999465942383 AB 9.958143141986698 1.0382077993383456
62207.3143 lsst_hardware_r 19.35784433945006 24.190000534057617 31.520000457763672 AB 7.790058324276456 1.0376368064304304
62207.3336 lsst_hardware_g 27.30284545418976 15.40999984741211 31.479999542236328 AB 7.100778392895183 1.0434265299430976
62209.3162 lsst_hardware_r -4.695451830877769 24.190000534057617 31.510000228881836 AB 10.965302397789138 1.0382662014413677
62209.3354 lsst_hardware_i 23.207133978662537 31.459999084472656 31.25 AB 10.94678713100971 1.0491122701667346
62210.2997 lsst_hardware_z 7.626133657866338 41.68000030517578 30.950000762939453 AB 8.620916005413331 1.0386645789654616
62210.3195 lsst_hardware_i -6.076087508968578 31.489999771118164 31.260000228881836 AB 8.633892454531173 1.0402280065700207
62212.3024 lsst_hardware_u -1.861487322804429 2.8399999141693115 28.5 AB 8.367810672234281 1.037610598578228
62212.3219 lsst_hardware_g -4.748232059593759 15.350000381469727 31.459999084472656 AB 8.391527101908954 1.0447618403770906
62215.3021 lsst_hardware_r -34.15826237518354 24.489999771118164 31.540000915527344 AB 4.973773339341033 1.038854021062307
62215.3217 lsst_hardware_i 8.223106480147997 31.959999084472656 31.270000457763672 AB 5.022090554131037 1.0517100040063603
62219.2725 lsst_hardware_r 14.77879957615709 24.40999984741211 31.530000686645508 AB 6.341707906450462 1.0395106392389568
62219.2931 lsst_hardware_g -21.714384869553356 15.510000228881836 31.479999542236328 AB 6.285645286303077 1.0394937217226135
62221.2783 lsst_hardware_i 13.159743996002451 38.20000076293945 31.299999237060547 AB 7.367109288364805 1.0376210265302543
62221.2962 lsst_hardware_z -21.768712316104995 41.88999938964844 30.959999084472656 AB 6.65948874424562 1.0439706449671768
62223.2736 lsst_hardware_i 38.92136209471197 64.62999725341797 31.329999923706055 AB 7.978541105981562 1.037656536088107
62223.292 lsst_hardware_z 15.906213586935275 59.81999969482422 30.989999771118164 AB 7.819699742455461 1.0448556577305532
62225.2759 lsst_hardware_z -167.95756452581202 93.12999725341797 31.010000228881836 AB 7.015751188261988 1.0392037606204698
62225.2951 lsst_hardware_r 44.49039781701682 142.1699981689453 31.65999984741211 AB 6.657697195845552 1.052433954449225
62227.2476 lsst_hardware_r -98.71093396073786 130.25999450683594 31.670000076293945 AB 4.410254266645827 1.0408089049667495
62227.2663 lsst_hardware_i -26.043757414326674 105.87999725341797 31.350000381469727 AB 4.815446187264747 1.0381099857569878
62231.2487 lsst_hardware_g -31.099187309579648 33.63999938964844 31.65999984741211 AB 7.342667595890931 1.037637325718268
62231.2673 lsst_hardware_r 18.693454766967072 37.18000030517578 31.600000381469727 AB 7.121134680882173 1.0429312655070868
62233.2507 lsst_hardware_i -19.101919282439773 32.33000183105469 31.260000228881836 AB 8.306148334588078 1.0382685418235098
62233.2693 lsst_hardware_z -94.67265080303666 42.189998626708984 30.950000762939453 AB 8.388695988366985 1.0485869985458731
62235.2385 lsst_hardware_i 58.8990564766319 31.68000030517578 31.260000228881836 AB 7.683855795703038 1.0376110635176952
62235.2577 lsst_hardware_u 0.7789017426700066 2.8299999237060547 28.479999542236328 AB 5.318071635127542 1.043782460280185
62237.2316 lsst_hardware_g 12.687659145643508 15.880000114440918 31.479999542236328 AB 2.905506212733024 1.0376807902617944
62237.2492 lsst_hardware_r -3.448787489610522 24.770000457763672 31.520000457763672 AB 2.917370882294477 1.0419181722480275
62241.1815 lsst_hardware_i 1.530181077590243 32.25 31.25 AB 10.580350861158124 1.0687223092078912
62241.1986 lsst_hardware_r 10.937799968915705 24.940000534057617 31.520000457763672 AB 10.376244908295691 1.048105546292494
62245.2213 lsst_hardware_r 21.39965692808605 24.969999313354492 31.530000686645508 AB 9.342442010553153 1.0392037831538545
62245.2387 lsst_hardware_i 27.148074067567737 32.150001525878906 31.270000457763672 AB 9.434431964258382 1.0506146453762617
62251.1993 lsst_hardware_z -43.19256647857209 55.75 30.979999542236328 AB 13.160582568022136 1.0378667289867292
62251.2168 lsst_hardware_r -7.776051401334381 67.6500015258789 31.649999618530273 AB 13.281497276607162 1.0457871871344222
62253.1958 lsst_hardware_i -200.97790744253493 111.02999877929688 31.34000015258789 AB 3.7120145845369246 1.038204755027225
62253.2138 lsst_hardware_r -17.742781780122815 141.27000427246094 31.65999984741211 AB 3.006134760115451 1.0477988010161907
62258.1848 lsst_hardware_r 33.660117572018166 58.25 31.639999389648438 AB 8.18534053822222 1.0388806369110983
62258.2022 lsst_hardware_i 47.53874316413874 50.90999984741211 31.309999465942383 AB 8.381446735202728 1.0496489336509365
62260.1862 lsst_hardware_z 68.7712128084273 44.47999954223633 30.959999084472656 AB 9.54961409273322 1.0418044956935066
62260.2048 lsst_hardware_r -4.1022498052359975 37.279998779296875 31.600000381469727 AB 9.684478676479184 1.0584708100420315
62265.1763 lsst_hardware_r 23.819361823694152 25.0 31.530000686645508 AB 7.978519871102764 1.0441266625941499
62265.1952 lsst_hardware_u -4.616682409635415 3.0299999713897705 28.600000381469727 AB 8.119042517802708 1.0638623085131307
62267.1551 lsst_hardware_u -1.8074665967729717 2.9600000381469727 28.56999969482422 AB 8.048142352342627 1.0378004322814476
62267.1734 lsst_hardware_g 1.7292747786973528 15.869999885559082 31.489999771118164 AB 8.135595112667296 1.0460088216601582
62271.1267 lsst_hardware_z 20.5971605033812 41.650001525878906 30.950000762939453 AB 7.157278026571655 1.041184826268152
62271.1458 lsst_hardware_r 8.08601548171924 24.5 31.530000686645508 AB 7.240763988865485 1.0380403544159347
62276.1157 lsst_hardware_z 47.73614787979346 42.40999984741211 30.950000762939453 AB 8.468088840600815 1.0399650614787577
62276.1368 lsst_hardware_g -15.454927622782437 17.260000228881836 31.5 AB 8.002231789288409 1.0392508817257673
62278.1142 lsst_hardware_r 33.72561482045376 42.45000076293945 31.6200008392334 AB 4.882188340872564 1.0386161553409228
62278.1351 lsst_hardware_z -38.14654684455717 46.47999954223633 30.959999084472656 AB 5.158198434174611 1.0407987155315677
62281.0767 lsst_hardware_i 66.06020639846352 97.47000122070312 31.329999923706055 AB 5.151784575070647 1.0622966338038085
62281.0978 lsst_hardware_r -158.2832959659412 116.69999694824219 31.65999984741211 AB 5.995732623443388 1.0420414141488565
62284.0941 lsst_hardware_z -229.89665748683586 110.77999877929688 31.75 AB 7.967973869238307 1.0398660840767773
62287.1015 lsst_hardware_z 85.39946231143627 69.64228347397551 31.719999313354492 AB 9.097184832641824 1.0379384839859573
62287.1254 lsst_hardware_r -0.2200374908823024 76.82902602441564 32.38999938964844 AB 8.609011699982613 1.0519962974256196
62290.0825 lsst_hardware_u 3.295291595295884 2.880351018039431 28.459999084472656 AB 9.34099257589174 1.0383495526780502
62290.1029 lsst_hardware_g -24.65712358961736 15.618469429004074 31.469999313354492 AB 9.424338324296771 1.0410757607618637
62303.058 lsst_hardware_i 1734.074593389349 52.34126282791587 31.260000228881836 AB 9.074181715738 1.0379686826317613
62303.08 lsst_hardware_r 2557.1037259358386 56.561626547709565 31.520000457763672 AB 9.239380735877472 1.0502876816957452
62305.0427 lsst_hardware_z 1639.8842023469465 57.661172249886086 30.950000762939453 AB 5.845923369897199 1.038106434810678
62305.0652 lsst_hardware_g 1547.3883757053889 44.59443809718322 31.579999923706055 AB 5.867345143974414 1.0428981770306458
62307.0443 lsst_hardware_r 4050.2139299201776 80.57476458724673 31.6299991607666 AB 3.877726337886623 1.0376575696779833
62307.0678 lsst_hardware_i 2624.0526953906083 68.81391744943707 31.309999465942383 AB 3.8749689544965804 1.0490846370805063
62309.0485 lsst_hardware_z 4006.850897826892 122.1259514285351 31.739999771118164 AB 3.0937962370082497 1.039931508238031
62309.0713 lsst_hardware_r 8954.810848358286 167.5109271640602 32.40999984741211 AB 3.155340521929184 1.0588391013184815
62311.0526 lsst_hardware_z 4428.651468646579 123.90117250405189 31.739999771118164 AB 3.5547072956208567 1.0455021457708402
62313.0193 lsst_hardware_g 2051.169079529271 112.10716588571012 31.729999542236328 AB 4.224915398985075 1.0384454710544613
62313.0416 lsst_hardware_r 4945.715108612136 117.27990806530008 31.65999984741211 AB 4.254644616150375 1.0418687330382115
62324.0285 lsst_hardware_r 6748.818338805115 88.7213297462604 32.27000045776367 AB 3.1697468088693164 1.0565822696231055
62324.0597 lsst_hardware_i 5203.890892467357 85.73925672832291 31.989999771118164 AB 3.5563137492185404 1.114017045802994
62325.9799 lsst_hardware_y 1294.988203540119 74.77675075244993 30.799999237060547 AB 3.1714501695487307 1.0396776952488669
62326.0112 lsst_hardware_z 3761.740490336983 84.92030914806081 31.709999084472656 AB 2.5682486312974477 1.0451718918699553
62328.9726 lsst_hardware_y 500.4567319885657 52.065624041648086 30.049999237060547 AB 11.036491200609753 1.0393481165817773
62328.9939 lsst_hardware_u 6.320429920802805 3.2456563822701936 28.5 AB 11.0514112249937 1.0399370683159543
62330.9586 lsst_hardware_y 436.4529676239023 67.9694019026848 30.06999969482422 AB 9.054506301575246 1.0436869692324366
62330.9788 lsst_hardware_r 2324.22063392987 54.13471375386601 31.530000686645508 AB 8.887220025032597 1.0376609354362907
62332.9581 lsst_hardware_y 581.1480329429513 71.88225071268647 30.059999465942383 AB 3.772453015426607 1.0408441860786628
62332.978 lsst_hardware_r 1928.3294345654558 52.30251478522125 31.540000915527344 AB 4.43962170038421 1.0383460747760687
62334.9593 lsst_hardware_z 1395.3789047133175 74.44474659371218 30.989999771118164 AB 2.086723350821314 1.0384291370098602
62334.9818 lsst_hardware_g 531.32998916004 41.14612253088684 31.68000030517578 AB 2.089776377192809 1.0420226263738763
62545.3666 lsst_hardware_r 23.27329969249173 24.950000762939453 31.530000686645508 AB 5.84854371203419 1.0474378327325327
62545.3847 lsst_hardware_y 49.66801501269709 52.47999954223633 30.059999465942383 AB 5.178526408427949 1.038092895344883
62547.3794 lsst_hardware_z -80.16980975302282 66.62000274658203 31.709999084472656 AB 3.0830455986738485 1.038062491135976
62551.3672 lsst_hardware_i -24.80918336173595 74.41000366210938 31.34000015258789 AB 3.3044714848115357 1.0383256825802154
62551.3841 lsst_hardware_y 6.390268859158077 57.0 30.06999969482422 AB 2.2657097936899264 1.039554849135089
62553.3687 lsst_hardware_i 27.012883782838 78.05000305175781 31.34000015258789 AB 5.912131417270736 1.0375952761572043
62553.3857 lsst_hardware_y 13.691907805302279 59.220001220703125 30.059999465942383 AB 5.43875940816168 1.0431069060532565
62555.3686 lsst_hardware_z 52.781258563438705 65.12999725341797 30.989999771118164 AB 10.179496159366398 1.0382120545342952
62555.3856 lsst_hardware_y 43.386058299595405 57.209999084472656 30.059999465942383 AB 10.156107446739195 1.0470213862617728
62558.3468 lsst_hardware_r -18.661477676729085 29.34000015258789 31.559999465942383 AB 6.921822326906105 1.0386498596100244
62558.3647 lsst_hardware_i -25.813762283829558 34.0099983215332 31.270000457763672 AB 7.044848259138751 1.039446441776282
62560.3478 lsst_hardware_z 31.325257367593217 41.869998931884766 30.950000762939453 AB 4.896770318774934 1.0376162141812648
62560.3655 lsst_hardware_u -2.9364331450116143 2.9600000381469727 28.510000228881836 AB 4.9846827695964935 1.0424390170118667
62562.3364 lsst_hardware_g 2.4488913258696074 15.479999542236328 31.469999313354492 AB 3.3232329826180633 1.0385103070681447
62562.3555 lsst_hardware_r 22.905020821148028 24.399999618530273 31.520000457763672 AB 3.3284052889743982 1.0401266528044995
62564.3356 lsst_hardware_i 28.97658741680532 31.329999923706055 31.239999771118164 AB 7.51166190387967 1.0377015235889717
62564.3536 lsst_hardware_z 36.01760765289838 41.63999938964844 30.940000534057617 AB 7.7978340594931135 1.0418759947214475
62565.3343 lsst_hardware_i 15.078555782435982 31.420000076293945 31.25 AB 10.049156195109099 1.0376089481178568
62565.3529 lsst_hardware_u 2.0174698982456083 2.7799999713897705 28.450000762939453 AB 10.101360270596313 1.0430799694273793
62569.3341 lsst_hardware_i -40.76146211137299 31.299999237060547 31.25 AB 7.1165609175358036 1.0392427168012954
62569.3545 lsst_hardware_r 11.652357852709875 24.229999542236328 31.510000228881836 AB 7.3360710331803745 1.05388177462729
62573.3124 lsst_hardware_z -80.83941832365257 41.77000045776367 30.950000762939453 AB 14.316165709135609 1.0376100823813157
62573.3316 lsst_hardware_u -0.7898466542364719 2.75 28.420000076293945 AB 14.433177404592485 1.0434250789512007
62576.301 lsst_hardware_g 9.465343994691343 30.15999984741211 31.65999984741211 AB 8.034409581577993 1.037925664538029
62576.32 lsst_hardware_r -36.03975431376859 24.239999771118164 31.520000457763672 AB 8.116137857551715 1.0414205976328121
62577.3063 lsst_hardware_i -38.87128776666664 49.619998931884766 31.309999465942383 AB 8.358646487302435 1.0378254888629792
62577.3232 lsst_hardware_z 97.30886484559208 49.27000045776367 30.959999084472656 AB 8.4492323196321 1.0451796535912836
62579.3039 lsst_hardware_i -55.20644287313834 84.05999755859375 31.34000015258789 AB 5.711163716735811 1.0383934030428748
62579.3226 lsst_hardware_z -27.597553753819493 72.7699966430664 30.989999771118164 AB 5.770760926206606 1.0492292593102919
62581.258 lsst_hardware_z -129.5907149546835 95.79000091552734 31.0 AB 4.826962646998699 1.0581963492269428
62581.2776 lsst_hardware_r 34.08006039404951 139.7899932861328 31.65999984741211 AB 4.6705986167462425 1.0411499368583157
62583.2806 lsst_hardware_r 177.66484097635572 95.20999908447266 31.65999984741211 AB 6.381368516989973 1.03815544865757
62583.3002 lsst_hardware_i -4.428131633007964 79.27999877929688 31.34000015258789 AB 6.437434166046241 1.0410664132038792
62585.2456 lsst_hardware_z 40.927791448023015 68.23999786376953 31.709999084472656 AB 7.549954089764408 1.0600766287623342
62590.1256 lsst_hardware_r 24.555618866417685 25.739999771118164 31.420000076293945 AB 9.798273170599382 1.5312194359430196
