data/validation/pwv_sim_epoch_fit_epoch/61481679.ecsv
# %ECSV 0.9
# ---
# datatype:
# - {name: time, datatype: float64}
# - {name: band, datatype: string}
# - {name: flux, datatype: float64}
# - {name: fluxerr, datatype: float64}
# - {name: zp, datatype: float64}
# - {name: zpsys, datatype: string}
# - {name: pwv, datatype: float64}
# - {name: airmass, datatype: float64}
# meta: {SNID: '61481679', alt: 1024.0, c: 0.10399636626243591, dec: -12.48276, lat: -30.244573, lon: -70.7499537, ra: 127.617188, t0: 60673.62109375,
#   x0: 4.047389547371126e-06, x1: -0.8778020143508911, z: 0.6692788600921631}
# schema: astropy-2.0
time band flux fluxerr zp zpsys pwv airmass
[from data line 133]
61057.2259 lsst_hardware_r 1.1200500086157652 22.799999237060547 31.489999771118164 AB 3.3730846875243214 1.0496062714005772
61059.1915 lsst_hardware_u -1.6093703980804877 2.5799999237060547 28.329999923706055 AB 6.190718386851926 1.067365239112401
61059.2106 lsst_hardware_g 41.680575477980256 13.989999771118164 31.399999618530273 AB 6.262638326045946 1.0521021967317843
61061.1897 lsst_hardware_r -54.803312851410375 23.020000457763672 31.489999771118164 AB 12.228484731495653 1.0633464983909264
61061.2092 lsst_hardware_i -26.23699656491139 30.760000228881836 31.25 AB 12.42360312363403 1.0506366367644953
61063.1884 lsst_hardware_z -18.74106069989504 41.380001068115234 30.950000762939453 AB 9.225319522916028 1.059417525001119
61063.2091 lsst_hardware_r -1.9954912389470234 22.81999969482422 31.489999771118164 AB 9.62080363711772 1.049637636561617
61065.1915 lsst_hardware_u -0.5143267772586082 2.5899999141693115 28.350000381469727 AB 8.167988990336157 1.0534243418134654
61065.2108 lsst_hardware_r 41.25961591402415 22.649999618530273 31.489999771118164 AB 9.034096407911164 1.0499574521790003
61067.1734 lsst_hardware_i 0.34784799989620696 34.0 31.260000228881836 AB 11.76710259230833 1.0632603770044573
61067.1911 lsst_hardware_z -1.6768060232366255 41.209999084472656 30.950000762939453 AB 11.370609187342309 1.0511795495370535
61069.1757 lsst_hardware_r 23.366244701242163 52.099998474121094 31.6299991607666 AB 10.170535404769883 1.056496060052273
61069.1925 lsst_hardware_z 13.046903251871733 48.83000183105469 30.959999084472656 AB 10.077389133081466 1.049655141977793
61071.1678 lsst_hardware_y 22.17689294184388 55.63999938964844 30.049999237060547 AB 10.964193334569583 1.0583708996157635
61071.186 lsst_hardware_r -21.929387516260853 92.41999816894531 31.649999618530273 AB 10.7864211903983 1.0497733518635817
61072.1439 lsst_hardware_r 190.04048623368553 118.02999877929688 31.649999618530273 AB 9.177257880343491 1.0845258662660708
61072.1616 lsst_hardware_i 82.2567982571299 91.93000030517578 31.34000015258789 AB 8.859778048718884 1.0614326163554428
61074.1507 lsst_hardware_z -17.577801065077345 76.16999816894531 30.989999771118164 AB 7.989610110037818 1.0671785543238403
61074.1692 lsst_hardware_r -9.116180583112069 111.23999786376953 31.65999984741211 AB 9.710049639596297 1.052294732007185
61076.1491 lsst_hardware_z 97.03795885597901 54.869998931884766 30.969999313354492 AB 6.730076312348985 1.0629793059411896
61076.1678 lsst_hardware_r -124.06457412365397 67.27999877929688 31.649999618530273 AB 7.020141711418064 1.050762118158644
61078.1462 lsst_hardware_i 17.330491322456915 40.90999984741211 31.280000686645508 AB 5.218803041675612 1.0605167733541174
61078.1652 lsst_hardware_z 100.91324480151106 46.599998474121094 30.959999084472656 AB 5.211395838852873 1.0500495343245873
61080.1336 lsst_hardware_r 10.89118960335962 23.049999237060547 31.489999771118164 AB 5.980925627264772 1.0680224334401378
61080.1531 lsst_hardware_z 6.377056070587337 42.599998474121094 30.950000762939453 AB 5.8921327088391875 1.052166555149855
61082.1311 lsst_hardware_g -6.217171059835607 14.119999885559082 31.420000076293945 AB 2.1473399054400475 1.064664664102773
61082.1466 lsst_hardware_r -27.308458802962814 22.950000762939453 31.5 AB 2.155642944602218 1.0526456960700992
61084.1319 lsst_hardware_i 32.66752398701404 30.780000686645508 31.25 AB 3.843081438425608 1.0587001207783855
61084.1491 lsst_hardware_z 18.032904115399603 41.38999938964844 30.940000534057617 AB 3.821101601854521 1.0499935704660923
61086.1191 lsst_hardware_r -25.92184919122953 22.93000030517578 31.5 AB 1.590774481718487 1.0658455488901177
61086.1357 lsst_hardware_g -18.35451506594115 14.109999656677246 31.440000534057617 AB 2.989480569774683 1.0526340034418378
61088.1204 lsst_hardware_r 0.27449712464239634 22.90999984741211 31.489999771118164 AB 2.490676198407224 1.0591861358312669
61088.1376 lsst_hardware_i 67.58801271881086 30.700000762939453 31.25 AB 3.2343266197681295 1.0501060453792628
61090.1205 lsst_hardware_z -10.13246810092247 41.5099983215332 30.950000762939453 AB 3.5532591963751066 1.0550318039465862
61090.1383 lsst_hardware_i 22.855714947122973 30.68000030517578 31.25 AB 3.16363800733589 1.0495315738148479
61092.1228 lsst_hardware_u 3.906557789595092 2.7799999713897705 28.5 AB 4.778866717053874 1.0511859919464475
61092.14 lsst_hardware_g 7.103776619849183 14.029999732971191 31.420000076293945 AB 5.258370878357874 1.0506235521194554
61094.0971 lsst_hardware_g -9.830803884719396 14.90999984741211 31.440000534057617 AB 7.021244388025329 1.0660188602338645
61094.1157 lsst_hardware_r -2.1768206234020857 22.479999542236328 31.479999542236328 AB 6.926869881728678 1.0518099734365558
61099.0944 lsst_hardware_r -6.130315840177984 76.08000183105469 31.649999618530273 AB 5.442890335706863 1.0560516755348501
61099.1127 lsst_hardware_i -49.216007026529894 62.720001220703125 31.329999923706055 AB 5.430517883346231 1.0495275418362056
61101.0943 lsst_hardware_z -43.77931115044098 74.62000274658203 31.0 AB 3.119585104268465 1.0528468121054555
61101.1135 lsst_hardware_i 87.88374513704281 86.68000030517578 31.34000015258789 AB 3.0951163240835258 1.0501412544956545
61103.0889 lsst_hardware_z -18.874678769872883 97.8499984741211 31.739999771118164 AB 4.793823609910647 1.0528163125718843
61107.0876 lsst_hardware_z 8.670999170728884 64.36000061035156 31.700000762939453 AB 10.831612773846249 1.0497783265987835
61109.077 lsst_hardware_g 26.489222012164092 13.75 31.420000076293945 AB 10.65896244666185 1.0509724360739352
61109.0956 lsst_hardware_r -22.663098617767385 22.40999984741211 31.479999542236328 AB 11.722891244972708 1.0512703823192826
61111.052 lsst_hardware_r 5.534775009931445 22.329999923706055 31.479999542236328 AB 8.297948315654295 1.0645674370066236
61111.0689 lsst_hardware_i 11.510425169303693 30.219999313354492 31.239999771118164 AB 8.213750167816631 1.0519659538699717
61113.0487 lsst_hardware_z -16.916027434655838 41.20000076293945 30.940000534057617 AB 13.79018492818393 1.0623429209429684
61113.0686 lsst_hardware_i 46.34706726127338 30.219999313354492 31.239999771118164 AB 13.650884457364683 1.0502632764320046
61114.0496 lsst_hardware_u 2.5050065615984343 2.569999933242798 28.350000381469727 AB 10.190385656944006 1.0590164361594188
61114.0687 lsst_hardware_g 0.3844075052027984 13.489999771118164 31.399999618530273 AB 10.053965409183368 1.049748411295592
61116.0487 lsst_hardware_r 15.218228661435102 22.420000076293945 31.489999771118164 AB 8.595129003465829 1.055556047215723
61116.0673 lsst_hardware_i 27.666653669719793 30.31999969482422 31.25 AB 8.538419990356735 1.0495261496351567
61118.0449 lsst_hardware_z 28.887649544970188 41.189998626708984 30.950000762939453 AB 7.720904433483367 1.054492257284641
61118.0642 lsst_hardware_u 0.5392635615904519 2.6600000858306885 28.420000076293945 AB 7.848255796058583 1.0496764400336929
61122.0323 lsst_hardware_i -33.02642796310244 30.559999465942383 31.25 AB 6.456548274562886 1.0555664754053764
61122.0514 lsst_hardware_z -29.425300975477178 41.099998474121094 30.950000762939453 AB 6.241261247486423 1.0495394474472686
61130.0293 lsst_hardware_z -105.68577710696124 92.95999908447266 31.729999542236328 AB 6.266220269009043 1.0495302351576992
61132.9946 lsst_hardware_y 87.47411481872561 52.2599983215332 30.040000915527344 AB 9.674703015394773 1.0618414614234446
61133.0143 lsst_hardware_r -20.03546188609043 77.62999725341797 31.649999618530273 AB 6.575503989527793 1.0501902957919822
61134.9925 lsst_hardware_y -74.84084241081393 47.77000045776367 30.040000915527344 AB 9.945410230289315 1.058810841082587
61135.0117 lsst_hardware_z 11.02271581032584 46.5 30.959999084472656 AB 8.001371106032153 1.0497043104010695
61138.9902 lsst_hardware_y 137.23906933756143 47.68000030517578 30.040000915527344 AB 9.609792780994075 1.0530125773606882
61139.0104 lsst_hardware_r 38.730853023704114 22.440000534057617 31.479999542236328 AB 8.47125594572576 1.050285896482096
61145.9709 lsst_hardware_z -95.66395094104134 58.91999816894531 30.989999771118164 AB 15.697892587299213 1.0531080980997376
61145.9767 lsst_hardware_g 12.959292133273623 21.030000686645508 31.59000015258789 AB 15.683166065238602 1.050739728562689
61147.9712 lsst_hardware_y -61.81728875961581 68.08999633789062 30.06999969482422 AB 11.811233481231907 1.0507513716817745
61147.9882 lsst_hardware_i 18.476799433841464 30.639999389648438 31.260000228881836 AB 11.833765643406062 1.0509560962172346
61149.9697 lsst_hardware_y 114.07485449775491 66.45999908447266 30.06999969482422 AB 9.61693610829011 1.049845650626627
61149.9882 lsst_hardware_r -25.851991360143714 22.959999084472656 31.510000228881836 AB 9.493672134752144 1.0532920267846315
