data/validation/pwv_sim_epoch_fit_epoch/61518191.ecsv
# %ECSV 0.9
# ---
# datatype:
# - {name: time, datatype: float64}
# - {name: band, datatype: string}
# - {name: flux, datatype: float64}
# - {name: fluxerr, datatype: float64}
# - {name: zp, datatype: float64}
# - {name: zpsys, datatype: string}
# - {name: pwv, datatype: float64}
# - {name: airmass, datatype: float64}
# meta: {SNID: '61518191', alt: 1024.0, c: -0.07950300723314285, dec: -39.065495, lat: -30.244573, lon: -70.7499537, ra: 116.191406, t0: 62146.671875,
#   x0: 3.3701906893591512e-06, x1: 0.8686411380767822, z: 0.7202892303466797}
# schema: astropy-2.0
time band flux fluxerr zp zpsys pwv airmass
62095.2661 lsst_hardware_i -66.73283619801437 30.43000030517578 31.229999542236328 AB 3.613947095721318 1.1253727721784044
62095.2759 lsst_hardware_y -37.90392571228033 47.540000915527344 30.020000457763672 AB 3.709583467857437 1.099896264436876
62110.3478 lsst_hardware_z -43.06838664820017 57.779998779296875 30.989999771118164 AB 4.405548041844291 1.029153312350474
62114.3225 lsst_hardware_z 91.34486066131446 73.74136058297512 32.150001525878906 AB 10.18236253110129 1.0180326465807814
62122.309 lsst_hardware_g 17.05042335468939 14.003249174141635 31.3799991607666 AB 7.147675057885857 1.023765539855475
62122.3223 lsst_hardware_r 89.10952955166972 24.336908643130723 31.479999542236328 AB 7.238509191081712 1.037060463394309
62126.2944 lsst_hardware_z 261.82738578964097 43.514223538917605 30.959999084472656 AB 6.066758360729586 1.020996021664353
62126.307 lsst_hardware_u -2.7942134863996504 3.2264475295575066 28.549999237060547 AB 6.250783258041771 1.0321068729223024
62128.2933 lsst_hardware_g 112.73037004028228 16.241238633654515 31.399999618530273 AB 6.240343053131952 1.0243224446362937
62128.3051 lsst_hardware_r 488.32370898444134 30.614481259750953 31.489999771118164 AB 6.282169328762251 1.0360916979816797
62129.2978 lsst_hardware_i 527.8248805053855 37.80160864514463 31.25 AB 6.880261676792053 1.0310468689075005
62129.3099 lsst_hardware_z 424.18422994175484 44.67385549864032 30.950000762939453 AB 6.995900732817551 1.045790206089201
62133.2886 lsst_hardware_g 187.90198142850915 19.40358192663467 31.40999984741211 AB 7.434545643864484 1.0328746480622149
62133.301 lsst_hardware_r 693.3428911702666 35.63313721065051 31.489999771118164 AB 7.316044782635486 1.0486948419851143
62135.2849 lsst_hardware_i 1024.354215531337 66.35259495991231 31.329999923706055 AB 5.805857575438208 1.0348353643558632
62135.2973 lsst_hardware_r 1103.2819076460207 74.69751856364422 31.649999618530273 AB 5.362663618218965 1.051330884146832
62137.228 lsst_hardware_i 1153.6320883767742 77.11684962502477 31.34000015258789 AB 7.132268520393139 1.0138126806238066
62137.2412 lsst_hardware_z 682.605556603416 66.67721929273408 30.989999771118164 AB 7.123579806401225 1.0122323080018139
62139.2329 lsst_hardware_r 1146.8635145693288 77.9444310243364 31.649999618530273 AB 3.539563697582048 1.0121714891570055
62139.2442 lsst_hardware_z 637.1334721539208 60.64726344798728 30.979999542236328 AB 3.601746463163374 1.0137198038737318
62141.2336 lsst_hardware_r 1269.9060821210455 60.864215143098676 31.639999389648438 AB 11.932541172163967 1.012583844721893
62141.2454 lsst_hardware_i 1256.1814713083259 56.60441313357496 31.309999465942383 AB 11.844147281953209 1.0162724511521897
62143.2317 lsst_hardware_z 648.4128344585001 49.717830429771276 30.959999084472656 AB 8.921046977897161 1.0132947498747342
62143.2445 lsst_hardware_i 1182.6893691256246 48.62461035274708 31.280000686645508 AB 8.94308909134735 1.0187297719487414
62145.2434 lsst_hardware_g 249.3209784875769 21.4920355187718 31.450000762939453 AB 7.116385218017463 1.0216251255094517
62145.2538 lsst_hardware_r 988.4752620290293 39.769517281587234 31.510000228881836 AB 8.162660812612382 1.0307257529184766
62149.1906 lsst_hardware_i 1081.2316142781876 44.9124753776019 31.260000228881836 AB 5.210969237437189 1.0155030425198739
62149.202 lsst_hardware_z 685.6393637048035 48.26903068351478 30.959999084472656 AB 5.198060742522979 1.0124120124371185
62151.1898 lsst_hardware_r 878.7531243607519 36.660295172843064 31.489999771118164 AB 6.121885332405393 1.013808947984664
62151.2031 lsst_hardware_g 174.06875415261277 18.144773610386153 31.40999984741211 AB 6.101552294340955 1.012243755023177
62157.1833 lsst_hardware_u -0.764182780165114 2.64433893980538 28.3799991607666 AB 11.640146942482867 1.012186690650684
62157.1952 lsst_hardware_g 134.02552555419786 16.54695991116791 31.389999389648438 AB 11.658325283360195 1.0137674159443648
62161.1853 lsst_hardware_z 1289.9336735032334 70.59141587823449 31.719999313354492 AB 7.890339833454624 1.0140847390617362
62164.1823 lsst_hardware_z 594.4981808444139 59.77345506433483 30.989999771118164 AB 10.855726264705844 1.0161366238414207
62164.1946 lsst_hardware_r 682.9290207102937 76.31199865785575 31.65999984741211 AB 10.905918476968681 1.0239978539296437
62170.182 lsst_hardware_g 118.91579164339778 52.849072697408445 31.729999542236328 AB 9.46298275725929 1.0272823691614934
62170.1939 lsst_hardware_r 450.14562239706856 54.61270685829091 31.639999389648438 AB 9.607729123864173 1.040360489860766
62176.1594 lsst_hardware_g 47.9755802492867 14.352355245510214 31.420000076293945 AB 5.723790579343266 1.022105460597012
62176.1717 lsst_hardware_r 274.4947647996528 26.23283315459287 31.489999771118164 AB 5.787953755853845 1.0334401420998414
62178.1566 lsst_hardware_i 394.20627255696803 34.87529954543419 31.25 AB 2.1021424059476246 1.0241863122765076
62178.1693 lsst_hardware_z 311.3134850180624 44.3101019013094 30.950000762939453 AB 2.7997786776279154 1.0369550657881168
62184.1483 lsst_hardware_i 212.6770252926233 33.333072322607634 31.239999771118164 AB 3.035962877259251 1.0317630848799495
62184.1601 lsst_hardware_r 118.8107023331622 24.32761802691472 31.479999542236328 AB 3.229665623051185 1.0463279556321334
62186.1011 lsst_hardware_z 266.2263609323399 43.118030189431046 30.959999084472656 AB 3.4316344453882803 1.0124059826591116
62186.114 lsst_hardware_u -3.030122397608757 2.883969186954989 28.59000015258789 AB 3.3592929712190402 1.0132340242460345
62188.1408 lsst_hardware_r 106.70512123972642 23.895792026329755 31.489999771118164 AB 5.201490332767865 1.0355517875274058
62188.1527 lsst_hardware_i 183.15029531075052 33.03937018981018 31.25 AB 5.306207481817856 1.0515149827729218
62190.1363 lsst_hardware_z 220.55184208113002 46.55705889838722 30.959999084472656 AB 8.081952358550424 1.0366793687211213
62190.1494 lsst_hardware_r 149.97669023274446 37.63517636472022 31.59000015258789 AB 8.120581604594117 1.0548949863073678
62192.1465 lsst_hardware_z 301.9319235390038 73.7437594631038 31.719999313354492 AB 9.20488829471237 1.0590983224176465
62194.0926 lsst_hardware_z 252.33553882995867 86.22644130378949 31.739999771118164 AB 6.7539449049044835 1.0133450720036734
62196.084 lsst_hardware_r -39.7644538302859 89.16077171356632 31.670000076293945 AB 4.2170849949937645 1.0126877576979683
62196.0962 lsst_hardware_i 34.821226358521294 71.45178705801992 31.34000015258789 AB 4.247777124206907 1.016761923094227
62199.0894 lsst_hardware_z 470.37650045319106 67.7646988526482 31.719999313354492 AB 4.590229610736593 1.0174884610765316
62200.1646 lsst_hardware_r 362.50349392996065 87.64823877233103 33.09000015258789 AB 11.860574899317177 1.1558606309481962
62200.1902 lsst_hardware_i 242.22973021428768 75.74003587401356 32.45000076293945 AB 14.778316821070801 1.2563390989603673
62202.0722 lsst_hardware_i 102.26905835110674 31.11438561207145 31.25 AB 6.503478081607915 1.0137396988893144
62202.0856 lsst_hardware_z 170.5284096789313 41.68140994022123 30.940000534057617 AB 7.441887727529221 1.020135397879277
62204.0662 lsst_hardware_i 32.19383487039721 31.074114009626793 31.25 AB 10.910331295110637 1.0135866619802727
62204.0803 lsst_hardware_u -1.7137572398875847 2.7365097129595974 28.43000030517578 AB 10.930800902525542 1.0202432259468506
62206.0645 lsst_hardware_g 36.64228368668833 19.137967310658173 32.150001525878906 AB 7.325338473506322 1.014824078527775
62206.0782 lsst_hardware_r 156.70541301874647 31.676983542410323 32.2400016784668 AB 7.334117310499483 1.022651728166305
62208.0681 lsst_hardware_i 122.18783688135646 30.827922098293367 31.239999771118164 AB 10.738658863838603 1.0194122804055064
62208.0811 lsst_hardware_r 8.597700621672208 22.25514342940379 31.479999542236328 AB 10.634403957258812 1.0300496205271268
62211.058 lsst_hardware_u 2.3802687774435367 2.6960655508517815 28.389999389648438 AB 7.935864344385593 1.0182561736966
62211.072 lsst_hardware_g 6.346121850114206 13.192393617076156 31.3799991607666 AB 8.003340881500831 1.029147991620335
62213.0393 lsst_hardware_g 11.181157030156143 13.20177221599687 31.420000076293945 AB 7.807829699103705 1.013017152008245
62213.053 lsst_hardware_r 5.022123889058385 22.419043319386386 31.5 AB 6.963157040421548 1.0185265911535943
62220.0335 lsst_hardware_z 36.2872895104684 46.84943794348004 30.969999313354492 AB 8.490595860557011 1.0183012545642476
62220.0482 lsst_hardware_r 0.7898839907303036 44.91579980187556 31.6299991607666 AB 10.653473432000254 1.029918158546052
62222.0195 lsst_hardware_i 120.77097301809684 54.766667733452934 31.329999923706055 AB 5.556275417177327 1.0143507729283698
62222.0349 lsst_hardware_r -15.183696633222041 64.8425099238792 31.65999984741211 AB 5.6155909188777615 1.022953943476779
62226.0186 lsst_hardware_r 99.27612832209286 104.02478282964499 32.40999984741211 AB 6.110245516292365 1.0191952711282475
62226.0336 lsst_hardware_i 182.64600987589827 85.329693519548 32.08000183105469 AB 6.186914087159149 1.0317542044791288
62228.0192 lsst_hardware_z 92.45126019091468 43.39535190415915 30.959999084472656 AB 8.089676023083307 1.0234913996816193
62228.0322 lsst_hardware_r 101.51125091269702 37.82837243146059 31.600000381469727 AB 8.002899197145624 1.036287016205003
62230.0143 lsst_hardware_u -2.5033448754720804 2.560996567146227 28.3700008392334 AB 5.222106162510021 1.0239423848058864
62230.0271 lsst_hardware_g 8.231057574769078 12.792637989370672 31.3700008392334 AB 5.287244246414984 1.0367145581205852
62465.2657 lsst_hardware_i 58.1411496480382 51.709999084472656 31.299999237060547 AB 7.18551030144081 1.0934076035669507
62465.2732 lsst_hardware_y 29.315076448962333 50.369998931884766 30.030000686645508 AB 7.077377532376579 1.077226412842706
62468.3557 lsst_hardware_g 13.593212663026566 45.52000045776367 31.709999084472656 AB 3.9021155585175915 1.0195389893357785
62475.3247 lsst_hardware_z 11.869367397405247 40.150001525878906 30.940000534057617 AB 3.057791683863289 1.0139126887635581
62475.3374 lsst_hardware_y 37.976391925911415 47.22999954223633 30.049999237060547 AB 4.158987446743116 1.0200680489089113
62479.3157 lsst_hardware_g -19.89054340346159 12.720000267028809 31.389999389648438 AB 6.624048023343364 1.0145578225367466
62479.328 lsst_hardware_i 14.53103628642196 29.530000686645508 31.239999771118164 AB 6.59099898446262 1.0211083286667444
62481.3142 lsst_hardware_z -32.883252941940995 40.18000030517578 30.950000762939453 AB 8.408948336764107 1.0162075776064903
62481.3273 lsst_hardware_r -6.174537931898021 21.440000534057617 31.489999771118164 AB 8.48472807246268 1.0247874959191592
62483.3053 lsst_hardware_u 0.7281206847772477 2.700000047683716 28.520000457763672 AB 10.20145900832724 1.0147508090313528
62483.3174 lsst_hardware_g -10.830651701117041 12.8100004196167 31.399999618530273 AB 10.233963951897088 1.021336699512359
62485.2982 lsst_hardware_r 22.902008802441078 21.290000915527344 31.479999542236328 AB 8.377681320767083 1.0141715756878986
62485.3114 lsst_hardware_i 12.282666615816597 29.389999389648438 31.25 AB 8.440306495150862 1.0209559597361395
62487.3085 lsst_hardware_z 6.76401774990331 40.439998626708984 30.950000762939453 AB 6.786023253280595 1.022838684645456
62487.321 lsst_hardware_r 6.377110671026136 21.489999771118164 31.479999542236328 AB 6.865049367255294 1.0347500741962428
62495.2971 lsst_hardware_y -35.21813640227311 70.58000183105469 30.809999465942383 AB 6.9035560506791045 1.0324747012992666
62499.2899 lsst_hardware_z -30.749688500712857 58.439998626708984 31.700000762939453 AB 7.452993938449958 1.0366858766143836
62499.3031 lsst_hardware_r 72.1459029857439 37.290000915527344 32.290000915527344 AB 7.334639758679395 1.0550655355200396
62501.2341 lsst_hardware_z -5.229763571261041 40.220001220703125 30.950000762939453 AB 6.840718475064738 1.013114576811987
62501.2476 lsst_hardware_r 19.519872568991037 21.309999465942383 31.479999542236328 AB 6.752980849002251 1.0125421105061352
62503.2318 lsst_hardware_u -0.47603100499393186 2.549999952316284 28.389999389648438 AB 5.5426193949142455 1.0125355124066933
62503.2444 lsst_hardware_g -9.776291196816487 12.670000076293945 31.3799991607666 AB 5.623802322231387 1.012932694926402
62505.2359 lsst_hardware_r -9.108839728871972 21.420000076293945 31.489999771118164 AB 2.6548740882940165 1.012441257810665
62505.2487 lsst_hardware_z 26.500800168699605 40.29999923706055 30.950000762939453 AB 2.661580533521723 1.0162259824448971
62509.2339 lsst_hardware_g 1.2892854282073443 12.770000457763672 31.399999618530273 AB 8.202062965384483 1.0146045231796739
62509.2457 lsst_hardware_r -16.73150933936561 21.43000030517578 31.489999771118164 AB 8.211647108434894 1.0208412616154765
62510.2431 lsst_hardware_z -19.22273316639184 40.439998626708984 30.950000762939453 AB 7.116152396933259 1.0209321612471933
62510.2554 lsst_hardware_r -6.234601440208057 21.510000228881836 31.479999542236328 AB 8.185041969734346 1.0316846312845274
62512.2385 lsst_hardware_u 3.8701179609670766 2.6500000953674316 28.469999313354492 AB 6.53787834088848 1.021543490763825
62512.2502 lsst_hardware_r -23.634472833887088 21.540000915527344 31.489999771118164 AB 6.311987936013093 1.0319607514122608
62517.185 lsst_hardware_r 10.621290996523145 56.060001373291016 31.649999618530273 AB 5.274659075736583 1.014747802180947
62517.1979 lsst_hardware_z -13.190553646119193 49.08000183105469 30.969999313354492 AB 5.211248535961608 1.0121877315648455
62519.1864 lsst_hardware_r 127.41825916735554 82.80999755859375 31.65999984741211 AB 6.334853220499789 1.012820276140446
62519.1995 lsst_hardware_y 16.933170038629648 52.25 30.059999465942383 AB 6.324711957543422 1.0127100700592584
62521.1884 lsst_hardware_z -56.06777723747553 64.95999908447266 30.989999771118164 AB 9.081994393175442 1.012184530036636
62521.2021 lsst_hardware_r -26.116925892401053 95.2300033569336 31.65999984741211 AB 9.031223379617705 1.0149722836162849
62525.1817 lsst_hardware_r 29.32255141590033 48.52000045776367 31.6299991607666 AB 11.385535552338139 1.0124976035872124
62525.1955 lsst_hardware_z 19.114711245118297 47.13999938964844 30.969999313354492 AB 11.629358632160875 1.0169227106750018
62527.1813 lsst_hardware_g 14.815157694336662 24.549999237060547 31.6200008392334 AB 14.170946042358564 1.0135135204089947
62527.195 lsst_hardware_i -28.08929677842153 34.2400016784668 31.270000457763672 AB 14.274512397050541 1.0198022764134032
62529.1774 lsst_hardware_z 40.99345235495071 40.119998931884766 30.950000762939453 AB 10.791669271997826 1.0139687373858712
62529.1872 lsst_hardware_r -4.178285093194844 21.3799991607666 31.479999542236328 AB 10.807509339287114 1.0183594452497438
62531.1754 lsst_hardware_u 2.702370217648871 2.5799999237060547 28.40999984741211 AB 12.48614539529501 1.015216309886577
62531.1869 lsst_hardware_g 4.198756694385128 12.800000190734863 31.3799991607666 AB 12.493958222225084 1.0217499363939324
62535.175 lsst_hardware_z -69.25626892841167 40.279998779296875 30.950000762939453 AB 9.291560673473887 1.021050623458669
62535.187 lsst_hardware_r -19.533012899719736 21.40999984741211 31.469999313354492 AB 9.503957487037521 1.0315438661762868
62537.1615 lsst_hardware_r -16.181893215021134 21.3799991607666 31.479999542236328 AB 6.474271271427428 1.0163159339795114
62537.1739 lsst_hardware_u 0.7371066398232226 2.5299999713897705 28.360000610351562 AB 6.834685884495054 1.0243833759734555
62539.1546 lsst_hardware_g -21.410079259321346 12.819999694824219 31.3799991607666 AB 5.024465102014322 1.015659005865023
62539.1667 lsst_hardware_i 6.803733763551692 29.43000030517578 31.239999771118164 AB 5.163029751810828 1.0229898458115527
62541.1598 lsst_hardware_z -12.711174959116255 40.470001220703125 30.950000762939453 AB 5.722652397450319 1.0219022138304141
62541.172 lsst_hardware_r 27.640705827122485 21.530000686645508 31.479999542236328 AB 5.791825730686036 1.0330248033328246
62546.1455 lsst_hardware_r 44.79121253363225 53.130001068115234 31.639999389648438 AB 1.964215860442858 1.0214331047544762
