data/validation/pwv_sim_epoch_fit_epoch/61541536.ecsv
# %ECSV 0.9
# ---
# datatype:
# - {name: time, datatype: float64}
# - {name: band, datatype: string}
# - {name: flux, datatype: float64}
# - {name: fluxerr, datatype: float64}
# - {name: zp, datatype: float64}
# - {name: zpsys, datatype: string}
# - {name: pwv, datatype: float64}
# - {name: airmass, datatype: float64}
# meta: {SNID: '61541536', alt: 1024.0, c: -0.08144581317901611, dec: -50.86816, lat: -30.244573, lon: -70.7499537, ra: 278.357147, t0: 62364.6796875,
#   x0: 2.389976899608637e-06, x1: 1.0280277729034424, z: 0.8282302618026733}
# schema: astropy-2.0
time band flux fluxerr zp zpsys pwv airmass
62238.4044 lsst_hardware_i -17.28712391689929 31.170000076293945 31.25 AB 6.645517272193966 1.069270679355425
62238.4173 lsst_hardware_y -72.06230545567287 58.79999923706055 30.049999237060547 AB 6.639540389862883 1.068480912433715
62242.4011 lsst_hardware_r -3.3122031248719956 23.030000686645508 31.5 AB 17.104032478620873 1.0683065178579247
62242.4124 lsst_hardware_y 53.23747773272375 50.439998626708984 30.040000915527344 AB 17.173382497388396 1.069520668285859
62244.4061 lsst_hardware_g 8.479937971916288 14.510000228881836 31.440000534057617 AB 13.807168073034969 1.0693214810185525
62244.4181 lsst_hardware_y 0.7268536308477844 55.38999938964844 30.049999237060547 AB 14.446483779056216 1.0738351896621279
62246.4017 lsst_hardware_z 27.89518891064913 41.68000030517578 30.950000762939453 AB 5.0270050313593835 1.0695755385871029
62246.4133 lsst_hardware_y 107.43037018355211 49.66999816894531 30.040000915527344 AB 5.048684526617754 1.0741881971527134
62248.4061 lsst_hardware_u -0.01874799189901729 2.740000009536743 28.420000076293945 AB 6.539233660389861 1.073281139122705
62248.4177 lsst_hardware_y -70.3672696052047 52.900001525878906 30.040000915527344 AB 5.746714161823317 1.0807850349791526
62252.3924 lsst_hardware_i -36.00425241309034 43.380001068115234 32.0 AB 4.298770725318276 1.0719903722661481
62252.4048 lsst_hardware_z 6.086434088432217 59.189998626708984 31.700000762939453 AB 4.340245075551054 1.0792602450705095
62254.3867 lsst_hardware_r -13.523312456617115 89.12999725341797 31.649999618530273 AB 5.414820455942197 1.071887916055862
62254.3983 lsst_hardware_z -33.33550285688897 63.58000183105469 30.979999542236328 AB 5.401665680355879 1.0784996866039491
62257.3772 lsst_hardware_z 26.66711241668697 66.27999877929688 30.989999771118164 AB 9.532376636129884 1.071354496895744
62257.3898 lsst_hardware_i 70.57183401500315 72.94999694824219 31.329999923706055 AB 9.574570710140579 1.078278136172147
62259.3821 lsst_hardware_z 7.2446286535290225 53.540000915527344 30.969999313354492 AB 11.97905219947894 1.0767526059066326
62259.3945 lsst_hardware_r -7.037357225898709 60.27000045776367 31.6299991607666 AB 12.11236308118702 1.0868304493498055
62261.3856 lsst_hardware_y 89.31184346432693 48.31999969482422 30.040000915527344 AB 7.250856641035178 1.083632600939313
62261.3969 lsst_hardware_g 18.902007762609614 33.040000915527344 31.649999618530273 AB 7.591333504336265 1.0953251497214695
62264.3308 lsst_hardware_u 4.034830768140035 4.150000095367432 29.280000686645508 AB 10.365810380211254 1.0699363022435686
62264.3424 lsst_hardware_g -10.152460579319607 15.460000038146973 31.459999084472656 AB 11.078758053785256 1.0682868742952667
62268.3087 lsst_hardware_z 2.80703196749889 41.63999938964844 30.950000762939453 AB 9.586028315556618 1.0746969719506283
62268.3192 lsst_hardware_r -5.827467354937563 22.809999465942383 31.5 AB 9.551506366149535 1.0701368400817362
62270.3238 lsst_hardware_u 6.453565965334941 2.700000047683716 28.450000762939453 AB 7.1408200666101616 1.0683453121798567
62270.3368 lsst_hardware_g -3.317609799583596 13.789999961853027 31.420000076293945 AB 8.540703661776607 1.0697385779882467
62272.3217 lsst_hardware_r -31.010656566043732 22.690000534057617 31.489999771118164 AB 4.0323173080066566 1.0683050226538144
62272.3337 lsst_hardware_z -36.8139129927438 41.529998779296875 30.950000762939453 AB 4.431090633213879 1.0704410274704381
62277.3058 lsst_hardware_i -9.372323354547872 30.579999923706055 31.25 AB 7.075900503944498 1.0683023331991393
62277.3179 lsst_hardware_r 24.015185085627653 22.709999084472656 31.489999771118164 AB 7.168707587316392 1.069796685168889
62280.308 lsst_hardware_r 118.96480444731849 37.7599983215332 31.59000015258789 AB 7.685711757238325 1.0693660121844326
62280.3209 lsst_hardware_i -29.17634322226211 38.279998779296875 31.270000457763672 AB 7.690172706512693 1.0744216146018433
62283.302 lsst_hardware_z -51.76945446387963 106.29000091552734 31.739999771118164 AB 4.330370019278738 1.069931646996888
62288.286 lsst_hardware_i 48.68127090839572 53.09000015258789 31.309999465942383 AB 6.563016987945497 1.069330670133785
62288.2979 lsst_hardware_r -16.103989838944415 61.31999969482422 31.639999389648438 AB 7.335468433080841 1.073797467514485
62291.2839 lsst_hardware_z -8.071604758764394 60.81999969482422 31.700000762939453 AB 12.301376319349776 1.0711752280868696
62291.2967 lsst_hardware_g 47.18165082612149 36.27000045776367 32.349998474121094 AB 13.017347649010318 1.0780858544047776
62302.2273 lsst_hardware_r 7.66442170225582 23.170000076293945 31.5 AB 12.410541321226008 1.0698742518298283
62302.2395 lsst_hardware_g -5.309545074319762 14.289999961853027 31.43000030517578 AB 12.392317929117413 1.0683032697515011
62304.23 lsst_hardware_r -23.69840464195421 23.209999084472656 31.5 AB 5.5539838923997165 1.068416266572618
62304.2415 lsst_hardware_i -33.23255062596688 30.940000534057617 31.25 AB 5.463838380017019 1.0691571228733394
62306.2297 lsst_hardware_z 51.126633067220375 41.66999816894531 30.950000762939453 AB 3.639850953865747 1.0683448646509384
62306.2429 lsst_hardware_i -10.31210586074987 31.049999237060547 31.260000228881836 AB 3.6780090637987706 1.0711607796715186
62308.2218 lsst_hardware_z 40.24926400331393 46.5 30.959999084472656 AB 3.081948733320991 1.0682973164982397
62308.2338 lsst_hardware_g -18.70803012487445 36.81999969482422 31.65999984741211 AB 3.092163401445221 1.0699527340640904
62310.2116 lsst_hardware_r 15.904776929483948 73.41000366210938 31.639999389648438 AB 3.377745252807008 1.0686249152039045
62310.2245 lsst_hardware_i 21.990130444184555 60.810001373291016 31.31999969482422 AB 3.299755786841376 1.0690353521085267
62312.217 lsst_hardware_z 154.42712371959814 119.16000366210938 31.75 AB 4.677686505763414 1.068696939859143
62314.2163 lsst_hardware_z 48.38346893492925 79.91000366210938 30.989999771118164 AB 7.767076779808666 1.0696488404070263
62314.2284 lsst_hardware_r 66.32455734159767 117.48999786376953 31.65999984741211 AB 7.747580949890554 1.0746101460849937
62323.1872 lsst_hardware_z -16.71819806556783 41.52000045776367 30.950000762939453 AB 5.2300267819253845 1.0687337610364067
62323.1991 lsst_hardware_i 23.78010379242532 30.93000030517578 31.25 AB 5.237165891560696 1.0722376083178702
62325.193 lsst_hardware_u -2.813009804255511 2.7200000286102295 28.440000534057617 AB 2.0291309039471384 1.0719599756709222
62325.2049 lsst_hardware_g 9.421469640962567 14.300000190734863 31.43000030517578 AB 2.0388982105235818 1.0788296894167428
62327.1813 lsst_hardware_r -3.4339386478708187 23.049999237060547 31.489999771118164 AB 9.725401336277136 1.0697834491559874
62327.1944 lsst_hardware_i 27.326483806795743 30.979999542236328 31.239999771118164 AB 9.780432995757405 1.0754819656649823
62328.1842 lsst_hardware_z 60.14646548539649 41.590763247781 30.940000534057617 AB 8.385916598957936 1.0717054589820432
62328.1958 lsst_hardware_u 2.1203604297436844 2.6105775620407368 28.34000015258789 AB 8.415092695364862 1.0781784168566646
62330.1307 lsst_hardware_z 63.97335745513219 41.764608245631315 30.950000762939453 AB 7.038858397125127 1.0806291997019197
62330.1432 lsst_hardware_r -9.06556700340577 23.123857243913942 31.5 AB 6.987568870753057 1.0727550592220974
62334.1314 lsst_hardware_i 27.82661884937819 32.032323366946535 31.25 AB 1.717088194907582 1.0731801218172388
62334.1435 lsst_hardware_z 13.61148703625267 42.119604492664934 30.940000534057617 AB 1.710467821999078 1.0690423887494238
62343.1254 lsst_hardware_r 136.60307952242468 108.39312846745217 31.649999618530273 AB 9.808822715294102 1.0683246436087896
62343.137 lsst_hardware_z 250.5883758180386 73.75596581396384 30.989999771118164 AB 9.893332649785073 1.069626565855385
62345.1194 lsst_hardware_y 404.3333072950377 73.31951277590007 30.790000915527344 AB 4.059714009634343 1.0683457920090376
62348.1104 lsst_hardware_z 373.8643506929216 45.53318864858516 30.940000534057617 AB 4.130042580480218 1.0683907684263736
62348.1237 lsst_hardware_r 430.8339925666805 30.31138656963048 31.489999771118164 AB 4.131080198712344 1.0697199599617655
62351.1136 lsst_hardware_u -1.5376068915971857 2.8210603426457124 28.450000762939453 AB 1.9179864566526512 1.0692607423847533
62351.1234 lsst_hardware_r 546.7433489836134 32.28190457952927 31.489999771118164 AB 1.859059195724504 1.0725857180007714
62352.1126 lsst_hardware_i 687.7853135532858 40.4068754526676 31.239999771118164 AB 1.8590936468404755 1.069674135121102
62352.1236 lsst_hardware_z 333.39522647626166 46.671917674240575 30.940000534057617 AB 2.0141074363977585 1.0740474264219484
62354.1078 lsst_hardware_r 575.8348147140789 33.582970202198794 31.489999771118164 AB 2.0842501254650987 1.0698520620062104
62354.1199 lsst_hardware_u 0.9036794155379573 2.9459235411364193 28.389999389648438 AB 2.1262311533433595 1.0750304980247878
62356.1077 lsst_hardware_g 131.50504207894232 18.318231842794372 31.40999984741211 AB 4.715453827243573 1.0716940516462665
62356.1191 lsst_hardware_r 617.3658465694682 34.09708685172949 31.489999771118164 AB 4.743255506836376 1.0780126151900853
62362.0946 lsst_hardware_u -1.7496901593741676 2.7944129626291234 28.40999984741211 AB 3.903240926387648 1.073178854774929
62362.1066 lsst_hardware_r 631.4688296660782 33.84147612893925 31.479999542236328 AB 3.958885784206822 1.0809244461998149
62364.0502 lsst_hardware_g 102.83340688733426 26.7224852372984 31.600000381469727 AB 6.294364131714488 1.0728420200638296
62364.0622 lsst_hardware_i 894.7452104202846 45.146269454410294 31.270000457763672 AB 6.2931920398781225 1.0689376129335886
62366.0541 lsst_hardware_z 599.6197543876477 56.244106769494515 30.969999313354492 AB 3.092783974815272 1.0694890120968032
62366.0656 lsst_hardware_r 676.5915289037723 59.31847303834586 31.6299991607666 AB 3.07248119890617 1.0683484798143792
62369.0442 lsst_hardware_r 547.714431451456 91.54325501880221 31.649999618530273 AB 3.2601031111684247 1.069938664643395
62369.0563 lsst_hardware_i 885.5816557688083 78.09663049662373 31.329999923706055 AB 3.3609244427146394 1.0683167332214365
62371.0493 lsst_hardware_z 717.3522168561567 71.12027362302727 30.989999771118164 AB 2.2987631248903866 1.0683225862160504
62371.0613 lsst_hardware_r 606.7540158347416 100.1473969311016 31.649999618530273 AB 2.323680249952722 1.0698343692231684
62380.0355 lsst_hardware_u 0.2962194709720534 2.6603060667778644 28.399999618530273 AB 1.9005342814770765 1.069518447651703
62380.0471 lsst_hardware_g 40.57355734231887 14.981462554707791 31.40999984741211 AB 1.3670621860164307 1.0740307864473724
62382.034 lsst_hardware_r 247.5146821778401 27.79046941035563 31.479999542236328 AB 1.8295269548486848 1.0706814658953532
62382.0461 lsst_hardware_i 552.4660369851529 38.60948917210869 31.239999771118164 AB 1.6055818501554386 1.0766684661562036
62385.0187 lsst_hardware_i 478.81236387135715 37.783219905984176 31.25 AB 0.9183405678200803 1.0688735997905883
62385.0301 lsst_hardware_z 396.83894474638805 45.88169156557831 30.940000534057617 AB 0.9258247433498171 1.0723838726059658
62387.0203 lsst_hardware_r 170.3295694482596 26.6047873963207 31.489999771118164 AB 2.569599942641039 1.0706666427670997
62387.0321 lsst_hardware_u -0.3917760774906498 2.6253269748189845 28.360000610351562 AB 2.58347165906845 1.0764465246118542
62389.0178 lsst_hardware_g 52.58582857561722 15.390291199892825 31.40999984741211 AB 3.4582144728142405 1.0717883642080344
62389.0292 lsst_hardware_i 409.85061953275516 36.413776650395306 31.239999771118164 AB 3.476551913035921 1.0781677509802825
62390.0187 lsst_hardware_z 364.86568870458314 45.28471479208919 30.950000762939453 AB 2.1491629447762994 1.0734632814699518
62390.0307 lsst_hardware_r 163.83693737656682 26.20670044655268 31.489999771118164 AB 2.1285164138903405 1.0813800578613078
62600.401 lsst_hardware_z 64.69920476374017 41.68000030517578 30.940000534057617 AB 7.194884858251804 1.0738634116793737
62600.412 lsst_hardware_y -37.32785838550477 51.02000045776367 30.040000915527344 AB 7.166103335514225 1.0695676620170484
62602.4041 lsst_hardware_r -15.694371489797382 23.440000534057617 31.520000457763672 AB 4.735364169902551 1.0702597287608886
62602.4176 lsst_hardware_y 19.0247571040831 64.3499984741211 30.059999465942383 AB 4.574027235509936 1.0682819545760849
62606.395 lsst_hardware_u -2.2282644907156217 2.8499999046325684 28.540000915527344 AB 9.962751398780531 1.0697299282871007
62606.4097 lsst_hardware_y 71.44864251574478 48.2599983215332 30.049999237060547 AB 9.977605920642205 1.0684568182019136
62608.4007 lsst_hardware_r 85.95019790582515 61.75 31.639999389648438 AB 15.618178456440962 1.06827486022168
62608.4135 lsst_hardware_y 198.57149565237438 52.779998779296875 30.049999237060547 AB 15.658884121287722 1.0704001723486036
62614.3385 lsst_hardware_r 22.69407966784271 58.279998779296875 31.6299991607666 AB 6.141096401359839 1.0943119719687278
62614.3523 lsst_hardware_z 37.830430926821094 52.88999938964844 30.969999313354492 AB 6.0746548550671875 1.0808032835276555
62618.3789 lsst_hardware_z 2.2467305558357933 41.72999954223633 30.940000534057617 AB 1.496167227499298 1.068690876785213
62618.3917 lsst_hardware_i 43.1138745073247 31.219999313354492 31.25 AB 1.5015907009076879 1.0725647863626342
62620.3821 lsst_hardware_u -4.352288938178679 2.5999999046325684 28.350000381469727 AB 13.412049692468157 1.0708650798409642
62620.3945 lsst_hardware_g -11.199669292490405 14.0 31.399999618530273 AB 13.428968674764809 1.0772476074734858
62623.382 lsst_hardware_z 55.99776045949595 41.790000915527344 30.959999084472656 AB 11.164257176362172 1.0745884089157849
62623.3945 lsst_hardware_u 5.713174381471822 2.8499999046325684 28.549999237060547 AB 11.258053877045405 1.0836165821078314
62625.3275 lsst_hardware_z -16.21370909233298 41.47999954223633 30.950000762939453 AB 9.900771083923091 1.0769902190713687
62625.3395 lsst_hardware_r 6.727994068865462 22.670000076293945 31.489999771118164 AB 8.907855269345893 1.0708701986791296
62627.3287 lsst_hardware_u -1.404812618264924 2.75 28.479999542236328 AB 3.264239416869071 1.0731452015678709
62627.3402 lsst_hardware_r 35.17354714086875 22.719999313354492 31.5 AB 3.2945259006518843 1.0691305859652032
62631.3249 lsst_hardware_i 63.99945006670707 30.670000076293945 31.25 AB 7.277844862711596 1.0702713033399407
62631.3375 lsst_hardware_z -2.0871644922291406 41.41999816894531 30.950000762939453 AB 7.264270250272673 1.0682750368048048
62633.3231 lsst_hardware_r 68.27020753364178 22.59000015258789 31.489999771118164 AB 9.542043585295358 1.069286296153009
62633.3349 lsst_hardware_u -1.2018993562294642 2.630000114440918 28.389999389648438 AB 10.49227629022554 1.0683692446559734
62637.3222 lsst_hardware_y 44.66000625234105 53.619998931884766 30.040000915527344 AB 3.9649488453810484 1.0682874431850233
62637.3338 lsst_hardware_r -30.27702627008052 84.41000366210938 31.649999618530273 AB 4.409359721596658 1.0702329421351113
62639.3056 lsst_hardware_r 109.04184015582545 116.04000091552734 31.649999618530273 AB 8.43119631392376 1.0695528914539014
62639.3166 lsst_hardware_i 177.36421117687414 90.97000122070312 31.329999923706055 AB 8.502653389869272 1.0682843752322402
62644.307 lsst_hardware_z 56.76152459264044 45.959999084472656 30.950000762939453 AB 2.5293096493191056 1.0685718839539948
62644.3199 lsst_hardware_r 53.952324436361245 40.810001373291016 31.600000381469727 AB 2.501702325616453 1.072196432279704
62649.2768 lsst_hardware_r -8.38912048423288 22.8700008392334 31.5 AB 8.205701484016803 1.0699599892230973
62649.2876 lsst_hardware_u 0.558552793037952 2.680000066757202 28.420000076293945 AB 8.187349840728762 1.0682867746253604
62652.2855 lsst_hardware_r 6.168315357800689 22.860000610351562 31.489999771118164 AB 7.315743763945348 1.068615799583019
62652.2978 lsst_hardware_i 21.823821318129422 43.540000915527344 31.989999771118164 AB 7.925202141325846 1.072083979978185
62652.3136 lsst_hardware_z -83.19094214754934 41.95000076293945 30.940000534057617 AB 8.106957502723487 1.0821300337339173
