data/validation/pwv_sim_epoch_fit_epoch/61701282.ecsv
# %ECSV 0.9
# ---
# datatype:
# - {name: time, datatype: float64}
# - {name: band, datatype: string}
# - {name: flux, datatype: float64}
# - {name: fluxerr, datatype: float64}
# - {name: zp, datatype: float64}
# - {name: zpsys, datatype: string}
# - {name: pwv, datatype: float64}
# - {name: airmass, datatype: float64}
# meta: {SNID: '61701282', alt: 1024.0, c: -0.09659422934055328, dec: -52.029728, lat: -30.244573, lon: -70.7499537, ra: 189.044113, t0: 61934.453125,
#   x0: 5.789957210848058e-06, x1: 0.8653247952461243, z: 0.5768865346908569}
# schema: astropy-2.0
time band flux fluxerr zp zpsys pwv airmass
[from data line 132]
62208.2729 lsst_hardware_u -0.012613923352652615 2.630000114440918 28.389999389648438 AB 16.468774925390836 1.0861397462225753
62208.2849 lsst_hardware_g 1.2822345248252753 13.25 31.389999389648438 AB 16.670436466253804 1.0955379934011114
62211.2668 lsst_hardware_r -17.683344770418586 22.200000762939453 31.489999771118164 AB 8.172398634341864 1.0875143729787236
62211.2808 lsst_hardware_i -8.848075472828652 30.420000076293945 31.239999771118164 AB 8.251279356455008 1.0995963472126788
62213.2327 lsst_hardware_i -17.18760890897724 30.3799991607666 31.25 AB 6.361107169985999 1.0781537576247455
62213.2451 lsst_hardware_z 29.074193186422605 41.43000030517578 30.950000762939453 AB 6.370369860419428 1.0797237051558353
62216.2333 lsst_hardware_r 34.09542317840656 22.389999389648438 31.5 AB 6.144312947018917 1.078880252911527
62216.2454 lsst_hardware_u -7.446367830448897 2.8399999141693115 28.56999969482422 AB 6.155479276663386 1.0829802556953978
62220.2119 lsst_hardware_z -61.28197113636444 44.290000915527344 30.959999084472656 AB 7.572808750573277 1.0782357025021276
62220.2227 lsst_hardware_r 32.59524064128119 31.290000915527344 31.56999969482422 AB 7.600720891950572 1.0789454155486904
62224.2089 lsst_hardware_r 98.98288027995086 98.68000030517578 31.649999618530273 AB 7.329349225893623 1.0784798743222217
62224.2216 lsst_hardware_i -143.94830270919974 77.43000030517578 31.329999923706055 AB 7.193467069445125 1.0820769277376276
62226.2124 lsst_hardware_z -55.23716745466605 74.5 30.989999771118164 AB 4.084601825963288 1.0806063165317095
62226.2247 lsst_hardware_r 24.028439895346242 110.43000030517578 31.649999618530273 AB 4.0450932966011734 1.0867577029331947
62228.2149 lsst_hardware_z 15.323488723414277 57.20000076293945 30.979999542236328 AB 9.238648782699704 1.0841575758610227
62228.2263 lsst_hardware_r -68.7323620705493 71.63999938964844 31.639999389648438 AB 9.304662572318009 1.0920110991688454
62230.2052 lsst_hardware_i -34.03915404797726 41.310001373291016 31.280000686645508 AB 4.925053460828409 1.0820726048178424
62230.2171 lsst_hardware_z 7.098465864734723 46.61000061035156 30.950000762939453 AB 5.989898467602352 1.089072448654973
62234.1858 lsst_hardware_u 6.1133831089069846 2.680000066757202 28.440000534057617 AB 9.003541354632077 1.0792378009747767
62234.1975 lsst_hardware_g -9.137000237260585 13.470000267028809 31.389999389648438 AB 9.001268568602404 1.0836198116295028
62242.1357 lsst_hardware_r -11.955614620407642 22.489999771118164 31.489999771118164 AB 18.077912033287927 1.0825097025920916
62242.1481 lsst_hardware_u -2.8412361632849015 2.740000009536743 28.479999542236328 AB 18.013728813306173 1.0786663960063576
62244.1425 lsst_hardware_g 12.994566762228185 13.779999732971191 31.43000030517578 AB 12.622108244571123 1.0786897428701394
62244.1536 lsst_hardware_i -34.152465406419026 30.6299991607666 31.260000228881836 AB 12.623499142423054 1.0784092441629172
62246.1382 lsst_hardware_z -17.45535772608856 41.439998626708984 30.950000762939453 AB 6.960052908291248 1.0785205952930652
62246.1497 lsst_hardware_r -12.350394153694292 22.469999313354492 31.489999771118164 AB 7.0812713762718325 1.078612583017212
62250.1291 lsst_hardware_r 25.609734352921546 48.72999954223633 31.610000610351562 AB 10.47068502467525 1.0783218645071573
62250.1407 lsst_hardware_i 14.485309121245129 44.369998931884766 31.290000915527344 AB 10.403552866058241 1.078945573276687
62252.1301 lsst_hardware_z 23.78578204508921 60.189998626708984 30.979999542236328 AB 9.388087238030495 1.0782642310142223
62252.144 lsst_hardware_r 79.12285900154004 80.41999816894531 31.649999618530273 AB 9.43591184836771 1.0816038340632403
62254.1309 lsst_hardware_z 0.024304042833606442 77.5199966430664 30.989999771118164 AB 2.2426304993671233 1.079182178786762
62254.143 lsst_hardware_r -97.6651594890629 116.55999755859375 31.649999618530273 AB 2.268066158182304 1.0836867966628567
62259.1113 lsst_hardware_z 58.08158246468479 44.560001373291016 30.950000762939453 AB 14.28088446968665 1.0782908841503058
62259.1223 lsst_hardware_r 7.740580421078263 35.810001373291016 31.579999923706055 AB 14.241570352166134 1.0806260226243367
62264.1114 lsst_hardware_r -10.698312559763956 22.530000686645508 31.489999771118164 AB 11.13118977183525 1.0816781975740397
62264.1241 lsst_hardware_i 2.1985706659644784 30.799999237060547 31.25 AB 11.291156586215187 1.0889690014352715
62266.0975 lsst_hardware_z 41.22801997921694 41.81999969482422 30.950000762939453 AB 8.194314963007733 1.079051219779791
62266.1105 lsst_hardware_r 17.9103725881412 22.479999542236328 31.479999542236328 AB 8.181036891486386 1.083832264629138
62270.102 lsst_hardware_i -14.098640295684298 30.549999237060547 31.239999771118164 AB 6.62543587807239 1.0851882307391267
62270.1145 lsst_hardware_z -15.419048613756324 41.849998474121094 30.950000762939453 AB 6.6825400503392824 1.094541392826956
62272.0881 lsst_hardware_z -11.102904038700192 41.689998626708984 30.950000762939453 AB 5.9428207848901575 1.0811025622867305
62272.1 lsst_hardware_r -6.520155589548809 22.489999771118164 31.489999771118164 AB 5.654378905729446 1.087380558794124
62277.087 lsst_hardware_y 33.121282770955915 47.959999084472656 30.030000686645508 AB 7.733745786579984 1.0878299587275237
62277.0987 lsst_hardware_g 44.73297841174313 26.75 31.610000610351562 AB 7.819646797970247 1.097699704923093
62279.0811 lsst_hardware_r 30.032057098928423 52.04999923706055 31.6200008392334 AB 2.1645445140637234 1.0875286454849262
62280.0431 lsst_hardware_i 187.4635365336256 79.98999786376953 32.060001373291016 AB 8.95484781204132 1.0788973267519661
62280.0539 lsst_hardware_z 15.46517596646164 55.36000061035156 30.969999313354492 AB 8.949841588043165 1.0782941672341162
62282.0753 lsst_hardware_z 14.87927971755946 69.97000122070312 30.989999771118164 AB 5.692608479327276 1.0892338635402692
62282.0877 lsst_hardware_r -207.13112046758366 100.44000244140625 31.649999618530273 AB 7.051864024126566 1.1004352239888437
62285.0382 lsst_hardware_z -6.294308194725663 60.15999984741211 30.969999313354492 AB 10.163747355572188 1.0781910207466958
62285.0508 lsst_hardware_r 107.36119513752634 82.16000366210938 31.639999389648438 AB 10.384059315319128 1.0804629519360225
62288.0176 lsst_hardware_r -6.840500347720097 22.040000915527344 31.469999313354492 AB 7.342303990559948 1.0797505868470512
62288.0292 lsst_hardware_u -0.27328265703744153 2.5399999618530273 28.329999923706055 AB 7.3316164793100675 1.0781788940161865
62291.0215 lsst_hardware_g -7.620768144161783 13.149999618530273 31.3799991607666 AB 12.174062723110408 1.078185561661475
62291.0331 lsst_hardware_r -18.705166862834616 22.049999237060547 31.469999313354492 AB 12.228360016058517 1.080045046131863
62301.993 lsst_hardware_r 4.410488569231745 22.079999923706055 31.469999313354492 AB 13.939903608513903 1.0782444456759497
62302.0049 lsst_hardware_i -21.91828286677818 30.290000915527344 31.239999771118164 AB 14.286297249180686 1.080644261861106
62303.9938 lsst_hardware_z -57.25748263825779 41.72999954223633 30.950000762939453 AB 7.789838848891071 1.0790745046254426
62304.0066 lsst_hardware_r -29.071512479301102 23.399999618530273 31.5 AB 6.5188794132215655 1.083770476013579
62305.9943 lsst_hardware_z -26.20384938322989 43.54999923706055 30.959999084472656 AB 6.718532964324997 1.0807581379112037
62306.0067 lsst_hardware_g 46.295825064662516 27.469999313354492 31.6299991607666 AB 4.350498144839658 1.0870809957120584
62308.0001 lsst_hardware_r -43.56037175534074 53.79999923706055 31.6200008392334 AB 4.27583352544799 1.0863398184573145
62308.0113 lsst_hardware_z 130.66894089886694 51.099998474121094 30.959999084472656 AB 4.2912030935181 1.0950671385296276
62309.9936 lsst_hardware_r -124.32743653001592 75.38999938964844 31.639999389648438 AB 10.092686170315762 1.0856923080848488
62310.0056 lsst_hardware_y -6.582928239836676 53.189998626708984 30.030000686645508 AB 3.5547873049609056 1.0948474836900628
62313.9933 lsst_hardware_i 74.52506283629712 59.38999938964844 31.31999969482422 AB 8.328563427010025 1.0936092388947958
62314.0062 lsst_hardware_z -14.013046022795546 57.86000061035156 30.969999313354492 AB 9.053907535879883 1.1071730401565127
62314.9916 lsst_hardware_r -25.17371549518916 43.189998626708984 31.600000381469727 AB 6.958120464144647 1.094531703978856
62315.0039 lsst_hardware_u 14.503077170406577 7.679999828338623 29.06999969482422 AB 7.932999737525522 1.1077030119886697
