data/validation/pwv_sim_epoch_fit_epoch/61759659.ecsv
# %ECSV 0.9
# ---
# datatype:
# - {name: time, datatype: float64}
# - {name: band, datatype: string}
# - {name: flux, datatype: float64}
# - {name: fluxerr, datatype: float64}
# - {name: zp, datatype: float64}
# - {name: zpsys, datatype: string}
# - {name: pwv, datatype: float64}
# - {name: airmass, datatype: float64}
# meta: {SNID: '61759659', alt: 1024.0, c: 0.05641134828329086, dec: 1.940072, lat: -30.244573, lon: -70.7499537, ra: 193.007812, t0: 60813.43359375,
#   x0: 4.554538079610725e-06, x1: 0.3914392590522766, z: 0.6375210881233215}
# schema: astropy-2.0
time band flux fluxerr zp zpsys pwv airmass
60703.3596 lsst_hardware_g 6.903752043586092 16.0 31.440000534057617 AB 14.036731954405916 1.1881857992062173
60703.3787 lsst_hardware_y 199.6491115000761 69.08000183105469 30.010000228881836 AB 14.57999511600993 1.1797782951477702
60707.3644 lsst_hardware_r -29.48944083507541 25.3799991607666 31.5 AB 13.832598294352293 1.1799873431260488
60707.3828 lsst_hardware_y 3.4840887318489746 70.16999816894531 30.010000228881836 AB 13.408929390530483 1.1854507141589554
60709.3587 lsst_hardware_r 8.891696844183384 24.959999084472656 31.5 AB 12.601457431080032 1.180022233456319
60709.3768 lsst_hardware_y 70.19368104779039 54.11000061035156 30.010000228881836 AB 12.023393707842347 1.1850572853725516
60711.3623 lsst_hardware_z 10.019666811542699 44.13999938964844 30.940000534057617 AB 8.139105840444149 1.1805786303073829
60711.3803 lsst_hardware_y 30.755305371016753 58.380001068115234 30.010000228881836 AB 6.795015273939464 1.1934339805525669
60713.3671 lsst_hardware_u -2.1663509623396178 2.819999933242798 28.3700008392334 AB 5.6454808236889065 1.1859630951502351
60713.3851 lsst_hardware_y -83.06506531746638 65.3499984741211 30.010000228881836 AB 5.337863864345721 1.2080259198127008
60714.2821 lsst_hardware_g 11.186131675542377 15.220000267028809 31.3799991607666 AB 9.66298303221942 1.292620297266995
60714.3007 lsst_hardware_r -34.823998417334124 24.799999237060547 31.479999542236328 AB 10.101770302553359 1.2359425329388247
60716.3284 lsst_hardware_i 16.265064692618452 46.25 31.290000915527344 AB 3.489292474255177 1.1847521275270818
60716.3462 lsst_hardware_z 24.93074881112564 43.5099983215332 30.940000534057617 AB 4.03543541026577 1.1800381344442636
60718.3354 lsst_hardware_z 101.65379750433874 71.93000030517578 30.979999542236328 AB 7.274616085248818 1.179858801737928
60718.3524 lsst_hardware_r -30.302065265932686 100.25 31.6200008392334 AB 7.322602624797345 1.18517481990732
60720.3339 lsst_hardware_i -152.6012811705654 101.13999938964844 31.31999969482422 AB 2.8505413204186367 1.1798598180540905
60720.3524 lsst_hardware_z -110.39300680957501 87.01000213623047 30.979999542236328 AB 2.936254934029882 1.1898510521851597
60722.2888 lsst_hardware_i -53.780964982640526 98.19999694824219 31.309999465942383 AB 5.4899254132513935 1.2144061524667515
60722.3054 lsst_hardware_z 25.540802368448787 84.80000305175781 30.979999542236328 AB 5.929648679227502 1.1904136271744843
60724.3395 lsst_hardware_z 36.054631312999376 61.0 30.969999313354492 AB 6.155739995089872 1.1879845600044934
60724.3579 lsst_hardware_r 58.65438146986401 72.5199966430664 31.610000610351562 AB 6.330986623578339 1.213026336946193
60731.3077 lsst_hardware_g -5.178195588159614 15.180000305175781 31.40999984741211 AB 10.62512848518314 1.1805698316870155
60731.325 lsst_hardware_r -20.319263993013085 24.6299991607666 31.489999771118164 AB 10.733660964447235 1.1926289960496927
60733.3007 lsst_hardware_i 0.11656454755781936 32.459999084472656 31.229999542236328 AB 7.222809628400021 1.1801976516993498
60733.32 lsst_hardware_z 9.052017229882198 43.65999984741211 30.93000030517578 AB 7.387988545073343 1.1931506048245062
60736.3063 lsst_hardware_i -22.484325650238652 32.77000045776367 31.239999771118164 AB 4.103135489289508 1.1875934845989893
60736.3247 lsst_hardware_u -1.4679182867619134 2.7200000286102295 28.34000015258789 AB 4.223572979175127 1.2122189846950853
60738.2745 lsst_hardware_u -0.7090564870146474 2.640000104904175 28.290000915527344 AB 6.921378335947632 1.1813913864271106
60738.2926 lsst_hardware_g -20.454048356823318 15.260000228881836 31.40999984741211 AB 8.587733493221675 1.1820693039534687
60740.2722 lsst_hardware_r 18.305792208370207 24.59000015258789 31.479999542236328 AB 9.202446986352413 1.1803809974584583
60740.2905 lsst_hardware_i -55.899664329473296 32.56999969482422 31.239999771118164 AB 9.227395775580504 1.1839228170150444
60742.27 lsst_hardware_z -53.61543055466983 43.54999923706055 30.93000030517578 AB 11.680408018270995 1.179839193764747
60742.2875 lsst_hardware_u 3.0476841162625123 2.630000114440918 28.270000457763672 AB 11.737707493744168 1.185627019570118
60744.2737 lsst_hardware_z -40.72943701984789 49.369998931884766 30.950000762939453 AB 11.152212331525222 1.181034373622644
60749.1058 lsst_hardware_i -130.68374944332564 244.0 31.899999618530273 AB 17.561705440856862 1.9868055556735034
60749.1362 lsst_hardware_z -136.5183722359554 128.2100067138672 30.920000076293945 AB 15.950455351000043 1.5995643042595376
60751.2406 lsst_hardware_z -48.22841441863923 79.37000274658203 30.969999313354492 AB 9.715490426146618 1.1808198384912785
60751.2715 lsst_hardware_i -149.52311182109415 130.77000427246094 32.060001373291016 AB 9.43177656861984 1.1938957681797266
60751.3057 lsst_hardware_z -1.7965850241261028 83.69000244140625 30.969999313354492 AB 10.233102233172641 1.2661596428078001
60755.2339 lsst_hardware_r 11.372584195098495 41.7599983215332 31.59000015258789 AB 6.692391148607246 1.179899708851766
60755.2533 lsst_hardware_i 68.64937575018901 41.630001068115234 31.280000686645508 AB 5.425911628287167 1.1866400499261165
60757.2426 lsst_hardware_z 24.46972041507038 63.529998779296875 31.700000762939453 AB 7.624645736096022 1.1830326976099335
60759.2458 lsst_hardware_r -30.030110592606693 25.1299991607666 31.5 AB 8.357291521344967 1.1897206033114829
60759.263 lsst_hardware_i -41.32156954921129 33.150001525878906 31.239999771118164 AB 7.973018165130733 1.2142422486397222
60761.2426 lsst_hardware_z -42.43359168118088 44.439998626708984 30.940000534057617 AB 7.51007638104875 1.192075616039484
60761.2609 lsst_hardware_r -47.408024405938185 25.31999969482422 31.479999542236328 AB 8.559864553309684 1.220875671714699
60763.213 lsst_hardware_i -43.96925365292823 32.91999816894531 31.25 AB 7.842490288891532 1.1798097391991795
60763.2312 lsst_hardware_u -0.9690337393250472 2.8499999046325684 28.440000534057617 AB 8.000001789276894 1.1864304698921428
60766.2105 lsst_hardware_g -27.13635602883604 15.789999961853027 31.43000030517578 AB 4.970296675202228 1.180172545459406
60766.2293 lsst_hardware_r -11.194811416530305 25.280000686645508 31.5 AB 5.043532363910525 1.1924653892683592
60768.2116 lsst_hardware_i 17.90508303951559 32.959999084472656 31.239999771118164 AB 8.486301589282586 1.1825125882090972
60768.2289 lsst_hardware_r -34.0689263982637 25.229999542236328 31.489999771118164 AB 8.531596654691045 1.1987630539118943
60770.2105 lsst_hardware_z -73.62831363526634 44.06999969482422 30.93000030517578 AB 8.323771134934992 1.1852158813804805
60770.2282 lsst_hardware_g -27.171846157289565 15.609999656677246 31.399999618530273 AB 8.510398100717666 1.2058943086223786
60772.2081 lsst_hardware_r 0.9726086592120563 42.54999923706055 31.56999969482422 AB 11.97198251232566 1.1876672217778264
60772.2263 lsst_hardware_i 6.745313650147732 41.59000015258789 31.260000228881836 AB 10.481899399602874 1.212013806082429
60774.205 lsst_hardware_z 102.15178903232716 65.81999969482422 30.969999313354492 AB 9.517799088574542 1.189873620274352
60774.2241 lsst_hardware_r 111.8502158936758 84.31999969482422 31.600000381469727 AB 9.060334453877731 1.218223528219487
60779.1888 lsst_hardware_r 6.422771850765352 131.19000244140625 31.6299991607666 AB 6.522965579300764 1.1875051118333813
60779.2054 lsst_hardware_z -115.76902966023198 89.36000061035156 30.979999542236328 AB 6.71097429491175 1.208857839306809
60781.1425 lsst_hardware_r 37.71043750347201 77.23227572885766 31.610000610351562 AB 19.912026824322023 1.1923369355881452
60781.159 lsst_hardware_y 12.90176505070998 54.23201119544367 30.010000228881836 AB 19.718076566087205 1.1807231476698925
60783.19 lsst_hardware_g 54.99012623389928 51.83007082247239 31.639999389648438 AB 15.501901901891417 1.2016978218520478
60783.2074 lsst_hardware_r 13.077274995680185 51.714538226502626 31.579999923706055 AB 15.940497328800788 1.2356974673488983
60785.1552 lsst_hardware_r -7.470320901703789 31.368611944369494 31.540000915527344 AB 7.67509237327242 1.17977004981963
60785.1722 lsst_hardware_i 77.95941731111672 37.270029463920665 31.260000228881836 AB 3.9868154507860676 1.187317849045337
60791.1499 lsst_hardware_z 99.60622689886786 45.53108649827027 30.940000534057617 AB 10.431865929134663 1.1831089440270675
60791.1681 lsst_hardware_r 198.6842903659233 28.80465724855723 31.489999771118164 AB 7.718473161650836 1.2016148978322807
60793.1523 lsst_hardware_u 3.376988414712381 2.889700715291359 28.299999237060547 AB 2.472684708266908 1.1890765608400615
60793.1697 lsst_hardware_g 62.738158614112464 17.19059941258516 31.399999618530273 AB 2.780441317246727 1.2133717291061432
60796.1455 lsst_hardware_r 634.1013927538095 34.59112387949753 31.479999542236328 AB 11.078821487298251 1.1904497600005284
60796.1644 lsst_hardware_z 374.0001873354826 48.597242326127756 30.93000030517578 AB 11.343294674784868 1.2189663654531147
60799.1115 lsst_hardware_i 730.7318813795819 45.11953654796299 31.25 AB 13.92091781983443 1.1802889329631971
60799.1295 lsst_hardware_r 912.0126595530082 41.33028784239604 31.520000457763672 AB 11.930960404073199 1.1839793990347522
60805.1111 lsst_hardware_z 891.1796643158377 97.08376357813071 30.979999542236328 AB 8.959959360298404 1.1827938827496063
60805.1306 lsst_hardware_r 1518.255921248984 137.81700977414943 31.6200008392334 AB 8.398386796419539 1.202704714565675
60807.0928 lsst_hardware_z 2072.3304644252057 125.04654697658246 31.729999542236328 AB 14.401269972934507 1.1798194903957924
60809.0852 lsst_hardware_r 1501.7384712977714 99.50952127689374 31.6200008392334 AB 7.274465709879886 1.180089608481068
60809.1039 lsst_hardware_z 1141.6944478404077 72.45490918345467 30.969999313354492 AB 7.216710320339933 1.1851396409579886
60811.0816 lsst_hardware_r 1723.7070511406112 70.63105118450441 31.600000381469727 AB 5.925760561717809 1.1798428196551503
60811.1017 lsst_hardware_y 535.7216473508277 55.269004811061166 30.0 AB 6.5349987655088775 1.187749684752613
60813.0832 lsst_hardware_g 201.06426536053786 21.579243275173965 31.399999618530273 AB 9.866645672397928 1.1804090372146188
60813.1039 lsst_hardware_r 1579.2020697622866 52.8656228002886 31.549999237060547 AB 10.31075321791563 1.1959580750752166
60816.0418 lsst_hardware_r 1353.606807649746 44.044789446624584 31.479999542236328 AB 8.461701926010681 1.1987111384063862
60816.0619 lsst_hardware_i 1270.9525301580165 48.887919603038874 31.239999771118164 AB 8.290810032168428 1.181251429355339
60822.0421 lsst_hardware_z 1109.5678249268842 53.53252898557725 30.940000534057617 AB 6.844708812658606 1.1828243509152125
60822.064 lsst_hardware_r 1053.1629329059815 41.20904607658124 31.489999771118164 AB 6.8381560678850075 1.1824412123668184
60825.0443 lsst_hardware_u -3.854244592921268 2.7544243839041553 28.360000610351562 AB 12.853159188268362 1.1797842203192768
60825.0625 lsst_hardware_g 87.68915660910248 18.436683237777622 31.420000076293945 AB 12.818728727138074 1.1869193265868587
60827.0451 lsst_hardware_r 915.9976305637443 40.20348793060962 31.510000228881836 AB 8.708528498431946 1.180443949724193
60827.0668 lsst_hardware_z 933.9270834067825 53.46066995719899 30.940000534057617 AB 8.811807107588132 1.1974190932991076
60830.9984 lsst_hardware_i 873.5645005684231 76.80719439466405 31.309999465942383 AB 14.01216799773405 1.2022194288183208
60831.0195 lsst_hardware_r 714.3078860672238 85.64772273870878 31.6200008392334 AB 11.949286200719229 1.1818494857628143
60843.0128 lsst_hardware_r 307.0819485715232 30.462070265620056 31.489999771118164 AB 7.1811281718652085 1.1864730560702736
60843.0417 lsst_hardware_i 450.61740871863077 39.947632358707565 31.229999542236328 AB 7.239040856068909 1.2312340940673372
60844.9604 lsst_hardware_y 217.76270494084005 53.674022488589 30.0 AB 7.44085651867815 1.2018828167788969
60844.9823 lsst_hardware_z 533.5230661035971 49.51414146260012 30.940000534057617 AB 7.236190837978597 1.1814189123230363
60847.9607 lsst_hardware_y 158.93667704835266 53.74447724091001 29.989999771118164 AB 6.250966439562559 1.1911140319288411
60847.9811 lsst_hardware_u -0.45758654640555246 2.852615826081638 28.360000610351562 AB 6.437641432264898 1.1798114967955462
60849.9603 lsst_hardware_y 144.8550165907059 54.60388494720408 30.0 AB 5.375478854571767 1.1864216710475233
60849.9798 lsst_hardware_r 158.81101659759148 28.973456402716803 31.489999771118164 AB 5.410128742907907 1.1799626483988044
61069.3665 lsst_hardware_z 62.809298711179494 45.68000030517578 30.93000030517578 AB 13.698732546822704 1.1819866299613402
61074.365 lsst_hardware_z -97.78832349447207 77.47000122070312 30.969999313354492 AB 12.510886069749104 1.179827052975208
61074.3831 lsst_hardware_y 108.22028357937951 79.30000305175781 30.010000228881836 AB 11.963935494373274 1.1897507742809255
61076.365 lsst_hardware_z -20.268652939638386 79.19999694824219 30.969999313354492 AB 8.26217139691818 1.1811538809032422
61076.3831 lsst_hardware_y -95.87539826571023 74.7300033569336 30.010000228881836 AB 6.819438674852728 1.1959031989570459
61078.3639 lsst_hardware_i 75.49492175636217 67.62000274658203 31.299999237060547 AB 5.584896455040443 1.1832407743729851
61078.3828 lsst_hardware_y -48.71777548735631 65.7300033569336 30.010000228881836 AB 5.324892712345211 1.2031163515682728
61080.2844 lsst_hardware_z -57.20557183138793 49.939998626708984 30.940000534057617 AB 6.762620226186258 1.277251364804758
61080.3023 lsst_hardware_r -14.83967233071259 42.47999954223633 31.56999969482422 AB 6.703066117031592 1.2273306082635977
61082.3332 lsst_hardware_g -6.663342133620842 20.65999984741211 31.510000228881836 AB 4.47388675267429 1.181068308520164
61082.35 lsst_hardware_r 10.946621878181748 27.969999313354492 31.510000228881836 AB 5.317709365153939 1.1817131922564308
61084.3339 lsst_hardware_i -50.19352897900361 32.619998931884766 31.239999771118164 AB 6.540470051436029 1.1797384652662446
61084.3518 lsst_hardware_z 1.0553321167291911 43.560001373291016 30.940000534057617 AB 6.6060509374874306 1.1861830203478851
61086.3338 lsst_hardware_r -8.33092161063035 24.610000610351562 31.489999771118164 AB 4.80282484415602 1.1800552442643897
61086.3517 lsst_hardware_g -25.550832437180354 15.25 31.420000076293945 AB 4.79373821155828 1.191138827570711
61088.3364 lsst_hardware_r 44.971010455242855 24.520000457763672 31.479999542236328 AB 4.678058070205091 1.1831204021763
61088.3539 lsst_hardware_i 19.007458675163996 32.790000915527344 31.229999542236328 AB 4.744077712121686 1.2007283503218997
61090.3058 lsst_hardware_i -16.151124741634806 32.86000061035156 31.239999771118164 AB 2.982749365291586 1.1838264390110478
61090.3243 lsst_hardware_z -33.959368957818704 44.09000015258789 30.940000534057617 AB 3.0458408865376363 1.1803678552705787
61092.3058 lsst_hardware_r -35.15635681897648 24.59000015258789 31.489999771118164 AB 7.672522980918196 1.1810998392751832
61092.3238 lsst_hardware_u 0.4035353467482829 2.7699999809265137 28.399999618530273 AB 7.673414340712774 1.1822228339224692
61094.3101 lsst_hardware_g 6.105343733016068 15.029999732971191 31.389999389648438 AB 12.963500161101779 1.1797870550693283
61094.328 lsst_hardware_r -43.817675574957896 24.440000534057617 31.479999542236328 AB 13.157333501880947 1.1892559770308626
61097.1782 lsst_hardware_r 23.690827129469515 38.16999816894531 31.440000534057617 AB 11.47515539049557 1.649440188370769
61097.1981 lsst_hardware_g 20.29703217458752 25.34000015258789 31.43000030517578 AB 10.245537327703126 1.4786992354613928
61099.3161 lsst_hardware_r 37.76948092317404 24.6299991607666 31.489999771118164 AB 6.307343419893787 1.1910198593010974
61099.3359 lsst_hardware_i 38.63411429461854 32.86000061035156 31.229999542236328 AB 5.7841328713564 1.222021416860804
61101.3073 lsst_hardware_z 101.25652512993582 71.44999694824219 30.969999313354492 AB 4.03350899277479 1.1877817892833735
61101.326 lsst_hardware_i -34.89177880638606 80.48999786376953 31.309999465942383 AB 4.174576914295235 1.2132458942006012
