data/validation/pwv_sim_epoch_fit_epoch/61750264.ecsv
# %ECSV 0.9
# ---
# datatype:
# - {name: time, datatype: float64}
# - {name: band, datatype: string}
# - {name: flux, datatype: float64}
# - {name: fluxerr, datatype: float64}
# - {name: zp, datatype: float64}
# - {name: zpsys, datatype: string}
# - {name: pwv, datatype: float64}
# - {name: airmass, datatype: float64}
# meta: {SNID: '61750264', alt: 1024.0, c: 0.014987939968705177, dec: -15.404094, lat: -30.244573, lon: -70.7499537, ra: 52.558594, t0: 61308.23046875,
#   x0: 2.372825040352482e-06, x1: 0.05834271013736725, z: 0.8315202593803406}
# schema: astropy-2.0
time band flux fluxerr zp zpsys pwv airmass
61273.4078 lsst_hardware_z -10.682460344845545 40.92957861706266 30.950000762939453 AB 1.145993735681522 1.0418124869832017
61273.4257 lsst_hardware_y 47.06705142701564 66.55441433454524 30.06999969482422 AB 1.566327379698937 1.0350180923120729
61275.4003 lsst_hardware_u -3.7763977345376647 2.721007332729824 28.459999084472656 AB 2.3448642443714194 1.0433211320896192
61275.4205 lsst_hardware_y -83.77034157012586 53.30514558475903 30.059999465942383 AB 1.6360823453045035 1.035003855957301
61277.4031 lsst_hardware_r -33.38283305296377 22.553049228438123 31.5 AB 2.3301259764710447 1.038149243248405
61277.4209 lsst_hardware_y 34.5650968543623 57.715095327474714 30.059999465942383 AB 2.1081547197891632 1.0353123240216886
61287.3438 lsst_hardware_r 179.09288020551304 37.033865611167535 31.579999923706055 AB 2.1546996113623846 1.0725234501554926
61287.3627 lsst_hardware_y -26.07543630522811 48.65932891218717 30.040000915527344 AB 2.1036729391556164 1.0475154682711356
61298.3532 lsst_hardware_i 702.4922678810144 40.54997014508072 31.25 AB 1.3759626390910915 1.0355965673038823
61298.3727 lsst_hardware_z 508.59892518077885 46.72523940454862 30.950000762939453 AB 1.3682098064722965 1.0382267407150345
61302.3183 lsst_hardware_u -1.4934429374276363 2.65101799970184 28.3799991607666 AB 5.873472045695285 1.0510396001780449
61302.3462 lsst_hardware_g 76.67926137719209 15.80722008548664 31.40999984741211 AB 5.48054413848744 1.0350413859281553
61304.3525 lsst_hardware_r 455.82103703447115 31.786767875916556 31.5 AB 2.0919518693946357 1.0366461196207315
61304.3719 lsst_hardware_i 877.92876522638 41.90272238370596 31.25 AB 2.2011646747519196 1.0501739860466965
61306.3315 lsst_hardware_z 672.2036714679241 53.042241216138635 30.969999313354492 AB 2.0853732734588166 1.035567112828711
61306.3517 lsst_hardware_r 471.7987889564277 44.674446600466226 31.600000381469727 AB 1.8172826056228104 1.038645040363457
61308.3273 lsst_hardware_z 643.678061035159 62.65780009601067 30.979999542236328 AB 6.334182216658995 1.0353354391400775
61308.3471 lsst_hardware_r 635.2626709211262 78.74358519638882 31.649999618530273 AB 6.111462450374771 1.039099285960285
61310.3223 lsst_hardware_i 703.7765332721201 82.35897136610869 31.329999923706055 AB 4.472516071842044 1.0352647054917736
61310.3421 lsst_hardware_z 594.9958709424147 71.35950918884451 30.989999771118164 AB 5.099066420212884 1.0393531227504575
61312.3255 lsst_hardware_r 599.4702743902276 84.33281026767138 31.65999984741211 AB 6.157409312639614 1.0353372252114614
61312.3458 lsst_hardware_z 644.8976806552423 65.92118134308713 30.979999542236328 AB 7.227797065465028 1.0460161217779365
61316.3021 lsst_hardware_r 308.2689464335049 37.90152717018854 31.59000015258789 AB 3.368286756792908 1.0360771322032938
61316.3209 lsst_hardware_i 671.5058669652936 44.730522455304666 31.280000686645508 AB 3.3341821816382615 1.0370706630290083
61318.2986 lsst_hardware_z 567.9295892223023 46.76073951239457 30.950000762939453 AB 7.148453403636725 1.0355950025187957
61318.318 lsst_hardware_r 293.64143141249554 28.8507866403481 31.510000228881836 AB 7.170788427688071 1.0381789362641678
61320.2938 lsst_hardware_u -0.776766104983607 2.6998842885697116 28.459999084472656 AB 4.8956702914592 1.0354632596150712
61320.3107 lsst_hardware_r 226.18644400304493 27.482319841190655 31.5 AB 4.863137469484323 1.0373586752312975
61322.2916 lsst_hardware_i 535.446531380838 38.57993028110075 31.260000228881836 AB 2.682650900579887 1.0350398947643216
61322.309 lsst_hardware_z 534.863163051242 46.493220226728404 30.950000762939453 AB 2.824709292466738 1.039164643600342
61324.3002 lsst_hardware_r 169.12201363996124 26.676503665919437 31.510000228881836 AB 4.677466451463187 1.0375348420036776
61324.319 lsst_hardware_u 2.1312697121907833 2.763822641010828 28.5 AB 4.752266899315928 1.0520265425460023
61327.2836 lsst_hardware_g -0.14908156788773205 14.400250531921028 31.43000030517578 AB 5.998713586317287 1.0351979958267337
61327.3015 lsst_hardware_r 159.2385508915489 26.03299284291491 31.5 AB 5.2514061940003485 1.0432221025726185
61329.2834 lsst_hardware_i 396.4386075326467 36.07147464803795 31.260000228881836 AB 7.543434275589018 1.0363639739775399
61329.3015 lsst_hardware_z 338.89041495606136 45.26768144399085 30.950000762939453 AB 7.371394998137538 1.0479911378059363
61331.2828 lsst_hardware_r 130.72100511346255 25.277299428232865 31.5 AB 5.37615396058003 1.0383185670571253
61331.3009 lsst_hardware_g -5.9681544983800645 14.398964145591147 31.420000076293945 AB 6.438786795344911 1.0531792370118713
61333.2574 lsst_hardware_z 315.09641143337507 46.84496206388994 30.959999084472656 AB 1.3004263396810918 1.0356461425652443
61333.2745 lsst_hardware_r 45.36360344051827 30.252599716192275 31.559999465942383 AB 1.2541676196729805 1.0370735554072916
61336.2544 lsst_hardware_i 227.5132085101257 56.24276071714103 31.31999969482422 AB 3.80356102075235 1.0349825906807657
61336.2715 lsst_hardware_z 305.0201739491389 55.5199874284275 30.969999313354492 AB 3.7515409350881637 1.0395679764705683
61338.2566 lsst_hardware_r -11.419985773811048 101.46916162148845 31.65999984741211 AB 3.9358440960138963 1.0357484463194464
61338.2744 lsst_hardware_z 338.19041225542986 71.820837254479 30.989999771118164 AB 3.973445844850755 1.0456436433817777
61341.2533 lsst_hardware_y 134.48446619531714 55.99088264886933 30.059999465942383 AB 2.2963846292526524 1.037327895766448
61341.2682 lsst_hardware_r 150.53802293943522 89.31973062728348 31.65999984741211 AB 2.347380775186749 1.0474702254291606
61344.241 lsst_hardware_i 175.21156464015053 41.50075773523234 31.299999237060547 AB 3.948149468808809 1.0359424853654986
61351.1847 lsst_hardware_u -0.26167867285678376 2.7505660405305012 28.469999313354492 AB 5.743355082860031 1.0508379988765952
61357.2066 lsst_hardware_z 72.73023961140406 42.26556613158656 30.950000762939453 AB 4.489550156357797 1.0362493147971754
61357.224 lsst_hardware_r 40.09276474263528 23.283092712279977 31.489999771118164 AB 6.9963524282030125 1.046979375455921
61359.2097 lsst_hardware_u -3.113377458026992 2.7499875405958125 28.469999313354492 AB 7.857315942687666 1.0401530239192978
61359.2273 lsst_hardware_g 27.291662280310558 14.386501307135612 31.40999984741211 AB 7.7704868119402075 1.0566340511203285
61361.2173 lsst_hardware_r 41.00240321280323 23.235632851209054 31.489999771118164 AB 5.773020673950799 1.0512648045071107
61361.2368 lsst_hardware_i 79.46095767761369 31.769946170935402 31.239999771118164 AB 6.042869161774646 1.0801607248491167
61364.191 lsst_hardware_i 10.875347473253637 46.71805192691129 31.309999465942383 AB 5.314062517998924 1.0375313236794617
61364.2106 lsst_hardware_z 189.10893456182052 49.735083466831405 30.969999313354492 AB 5.184412744156062 1.0529398820322255
61370.1774 lsst_hardware_z 34.501325063327 61.44852583687214 30.979999542236328 AB 4.823427937718458 1.0388602062713823
61370.1978 lsst_hardware_r -99.7861721948973 83.1986250903523 31.649999618530273 AB 4.977487767041333 1.0573152517965507
61372.1801 lsst_hardware_u 12.74549098999783 9.856233464104086 29.260000228881836 AB 3.4760508459755353 1.0443818265324591
61372.1992 lsst_hardware_g 15.211142851403634 51.3433796403585 31.700000762939453 AB 3.6077302952517987 1.0671127321422802
61374.1838 lsst_hardware_r -14.822801163376258 23.10129055285878 31.5 AB 4.6776423019022815 1.0535230409689822
61374.2026 lsst_hardware_i 9.29263082802656 35.34579396128653 31.270000457763672 AB 4.845871574176332 1.0826343999499295
61376.1556 lsst_hardware_i 84.76848575339172 31.16670241022515 31.260000228881836 AB 6.688863100197025 1.0365241509641485
61376.1737 lsst_hardware_z 35.90092132735985 42.050073801668354 30.950000762939453 AB 6.645551500950302 1.0484974363170345
61379.1609 lsst_hardware_r 39.10117094048728 22.787959145447864 31.5 AB 2.599022052157402 1.0443082077980521
61379.1793 lsst_hardware_u -4.03568442263487 2.77613610414544 28.489999771118164 AB 2.5616013558181403 1.0658905048655531
61381.1427 lsst_hardware_g -1.2254753029524694 14.088561332432006 31.420000076293945 AB 4.715811847332104 1.0367839611592278
61381.1639 lsst_hardware_i -21.804902734057524 31.20409708950565 31.25 AB 4.673590768953075 1.05261053354799
61385.1466 lsst_hardware_u -0.9769376955046574 2.729048859958828 28.479999542236328 AB 10.035423055362322 1.0461011889048444
61385.1643 lsst_hardware_g 13.639986317749178 13.87181007355695 31.40999984741211 AB 10.236809027848347 1.0680494573245243
61387.1468 lsst_hardware_r -48.23948352757903 22.822455120763067 31.5 AB 10.86527155644102 1.0518002184321988
61387.1656 lsst_hardware_i 96.03077801025006 31.39303056205568 31.25 AB 11.173535978462942 1.079759955399147
61389.1252 lsst_hardware_i -3.6761132331209545 31.330598449285628 31.25 AB 8.175533654478837 1.038687692310749
61389.1434 lsst_hardware_z 59.32238626997145 41.950263647236724 30.940000534057617 AB 8.304420826275482 1.0541775619902076
61394.091 lsst_hardware_z 69.72303276761417 54.94684915921923 30.979999542236328 AB 3.4632155773438993 1.035598976529449
61394.1126 lsst_hardware_r 111.42943015193532 63.9122279275477 31.649999618530273 AB 3.4399179222293133 1.0392501275615635
61396.0851 lsst_hardware_y 129.04775740334264 76.49389499215727 30.809999465942383 AB 4.09168962087394 1.0356959890838526
61407.0519 lsst_hardware_y 84.95236467218203 47.7400016784668 30.049999237060547 AB 7.369534364380826 1.0365999199710463
61407.0738 lsst_hardware_z 2.554022495717878 40.7599983215332 30.950000762939453 AB 7.315855256689279 1.0376118461643276
61409.0529 lsst_hardware_y 24.144590432249718 47.95000076293945 30.040000915527344 AB 2.3316257136165324 1.0351279527709356
61409.0749 lsst_hardware_u 0.3775590869786951 2.6500000953674316 28.420000076293945 AB 2.3592042650359244 1.041246503381187
61411.0378 lsst_hardware_y -30.23017281070297 102.62000274658203 30.81999969482422 AB 9.86494326415386 1.0378688336826785
61411.0596 lsst_hardware_i -95.41832431890876 42.84000015258789 32.0 AB 10.147492432480833 1.0363749335276944
61413.0378 lsst_hardware_y -48.75064732291093 72.63999938964844 30.06999969482422 AB 10.478220864380706 1.035909131426664
61413.0597 lsst_hardware_r 22.766320701849907 22.65999984741211 31.510000228881836 AB 8.745329970787743 1.0386994442410766
61415.0378 lsst_hardware_y -34.81463286481733 69.5199966430664 30.06999969482422 AB 11.87028499097086 1.0350112253707549
61415.0592 lsst_hardware_g 14.363601644388877 14.0 31.43000030517578 AB 9.376120919770893 1.041714049304225
61648.3716 lsst_hardware_r 10.272119106943377 22.309999465942383 31.489999771118164 AB 5.334827677927281 1.050266301393303
61648.3881 lsst_hardware_y -2.1513086859586608 46.779998779296875 30.049999237060547 AB 4.9570136340184865 1.0378463510114602
61650.4001 lsst_hardware_z 86.6971722358504 40.97999954223633 30.950000762939453 AB 2.2944137240684728 1.0353852545435345
61650.4171 lsst_hardware_y -7.81773886125608 65.2300033569336 30.059999465942383 AB 4.230317942606888 1.0434279934900135
61652.3796 lsst_hardware_r 8.773519286394862 22.260000228881836 31.489999771118164 AB 2.419766542201543 1.0368576506487597
61652.3986 lsst_hardware_y 81.10774297778822 47.20000076293945 30.049999237060547 AB 2.4729483222922077 1.0363324556489084
61654.381 lsst_hardware_g 10.098197129036086 13.579999923706055 31.40999984741211 AB 0.7498229519933048 1.0351904537413321
61654.4004 lsst_hardware_y -24.8654679504132 47.470001220703125 30.040000915527344 AB 0.7619713301814547 1.039524324940593
61656.3759 lsst_hardware_i -30.000040114194896 30.020000457763672 31.25 AB 2.3361592046869983 1.0351491934217028
61656.3944 lsst_hardware_z 26.79402942252381 41.040000915527344 30.950000762939453 AB 2.3777395771312193 1.0392218431517568
61673.334 lsst_hardware_i 21.43771671133001 30.59000015258789 31.25 AB 6.116455918246428 1.035020884718915
61673.3525 lsst_hardware_z 5.397253763184274 41.189998626708984 30.940000534057617 AB 6.050292806569727 1.042075922592099
61677.3308 lsst_hardware_r -1.392892299740395 22.260000228881836 31.5 AB 6.14362592916246 1.036476137018073
61677.3494 lsst_hardware_u 0.5854897750538062 2.7100000381469727 28.479999542236328 AB 7.246482761156921 1.0487962313523453
61679.3192 lsst_hardware_g 14.264451438736462 13.479999542236328 31.40999984741211 AB 4.552572866504826 1.0351461724659514
61679.3383 lsst_hardware_i 51.2607351265465 30.079999923706055 31.25 AB 4.379890696914411 1.0437215950706542
61681.3007 lsst_hardware_r 21.906168074643162 22.190000534057617 31.489999771118164 AB 3.3660088869729043 1.0367583840778967
61681.3203 lsst_hardware_z 31.862700064340846 40.720001220703125 30.950000762939453 AB 3.313369362761929 1.0366157147028667
61683.2979 lsst_hardware_r -5.767754086088961 22.239999771118164 31.489999771118164 AB 7.165761061229662 1.0359387602674017
61683.3171 lsst_hardware_u -1.489416782846671 2.619999885559082 28.399999618530273 AB 7.172339000001753 1.0374771634183275
61687.2954 lsst_hardware_i 5.77671054389257 30.260000228881836 31.25 AB 2.811239717388109 1.0350026571962945
61687.313 lsst_hardware_z 8.478956309072545 41.08000183105469 30.950000762939453 AB 2.818243727477682 1.0411909956507155
61691.2855 lsst_hardware_z -56.47725374155498 56.279998779296875 30.979999542236328 AB 5.7844302130393555 1.0350595353027772
61691.3029 lsst_hardware_i 121.60720340818433 59.11000061035156 31.31999969482422 AB 5.499577653923736 1.0417510946657988
61693.2276 lsst_hardware_z 9.434191021299112 71.05999755859375 30.989999771118164 AB 6.895671451710383 1.0815043054752798
61693.2469 lsst_hardware_r -51.39815353787357 103.62999725341797 31.65999984741211 AB 6.651828800031598 1.0522825564277631
61695.2931 lsst_hardware_y 3.0236587172130545 79.44000244140625 30.809999465942383 AB 5.654213513195752 1.0425556177432587
61704.2561 lsst_hardware_r -12.825878839225766 22.829999923706055 31.510000228881836 AB 1.45063615168144 1.0361686797724572
61704.2722 lsst_hardware_u 0.006590970285256912 2.8499999046325684 28.559999465942383 AB 1.4637234992833794 1.0455167852024139
61710.1285 lsst_hardware_r -28.350689425679487 33.279998779296875 32.209999084472656 AB 5.787574532338653 1.255121523621351
61710.1579 lsst_hardware_u -6.566170657697597 3.75 29.1299991607666 AB 5.256717955931946 1.1387626001224311
61721.21 lsst_hardware_r -70.3210028267489 89.30000305175781 31.65999984741211 AB 7.05000861774086 1.0362580035875837
61721.227 lsst_hardware_i 95.4912551046156 71.58999633789062 31.329999923706055 AB 7.24074745819393 1.0466028607363727
61723.2045 lsst_hardware_z 111.3039677429906 75.44999694824219 31.0 AB 4.192649549080438 1.0362455632922487
61723.2196 lsst_hardware_r 256.1123319085773 113.58999633789062 31.65999984741211 AB 7.548793916742798 1.0448880776167415
61725.2167 lsst_hardware_z 11.205335707241273 86.30999755859375 31.729999542236328 AB 7.755419898717437 1.0471806506504775
61727.1897 lsst_hardware_g 74.2604972545051 45.47999954223633 31.700000762939453 AB 5.9713627149558635 1.0353468079680734
61727.2093 lsst_hardware_r 52.89414110745405 49.349998474121094 31.6200008392334 AB 4.751700752410935 1.0454212094848325
61730.1911 lsst_hardware_i 18.909481035701333 30.299999237060547 31.25 AB 3.315984713252813 1.038544083492986
61730.2103 lsst_hardware_r -31.932446844380003 22.700000762939453 31.489999771118164 AB 3.4531578194023558 1.0550167740109548
61733.1753 lsst_hardware_u -6.768711645000067 2.75 28.5 AB 7.964821047233951 1.0357374573777383
61733.1949 lsst_hardware_g 4.898498131905913 13.930000305175781 31.440000534057617 AB 8.180179032550464 1.047219300915507
61735.1797 lsst_hardware_r -32.980680537885334 22.6200008392334 31.5 AB 4.797505764570881 1.039771513777731
61735.1988 lsst_hardware_i 20.271651291571267 30.510000228881836 31.25 AB 4.905047505321523 1.0577301980998108
61737.1852 lsst_hardware_z 12.257599189588422 41.130001068115234 30.940000534057617 AB 3.420318775347508 1.0484003500513674
61737.2048 lsst_hardware_r -8.864345722897749 22.760000228881836 31.479999542236328 AB 3.602843719567526 1.0753152423718093
61741.1524 lsst_hardware_g -30.895542507701396 13.779999732971191 31.420000076293945 AB 6.708545047263138 1.0355089985742283
61741.1713 lsst_hardware_r -32.59602319297864 22.5 31.489999771118164 AB 6.6082861540010684 1.045614897784979
61745.0847 lsst_hardware_z -12.875203114360394 43.470001220703125 30.950000762939453 AB 5.6413535845579075 1.0832785478892912
61745.1012 lsst_hardware_g -19.502690586869164 26.729999542236328 31.6299991607666 AB 5.537516930393344 1.0567444286874264
61749.135 lsst_hardware_z -78.0683539544475 55.65999984741211 30.979999542236328 AB 7.67454134902515 1.036726587134161
61749.1496 lsst_hardware_r -57.89886040864637 68.27999877929688 31.649999618530273 AB 7.792500803078088 1.0457393160024273
61753.1237 lsst_hardware_g -170.94999527584335 97.97000122070312 31.739999771118164 AB 7.651016806109965 1.0365943895103316
61753.1422 lsst_hardware_r -9.164790698296347 92.04000091552734 31.65999984741211 AB 7.459525223392462 1.0490858903582676
61755.1272 lsst_hardware_i 94.75015666502998 48.11000061035156 31.309999465942383 AB 10.607730707783968 1.0410839986716505
61755.1442 lsst_hardware_r -72.89852416405154 58.630001068115234 31.639999389648438 AB 10.789168591699186 1.0577365563891243
61757.0846 lsst_hardware_u 0.5947301616056458 2.640000104904175 28.420000076293945 AB 4.12719390642299 1.0411252233984225
61757.1036 lsst_hardware_g 10.212165777159072 13.630000114440918 31.420000076293945 AB 4.228713568780329 1.034969668067532
61759.0916 lsst_hardware_r 34.313539851325054 22.290000915527344 31.489999771118164 AB 3.478868940026064 1.035634514520287
61759.113 lsst_hardware_i -49.394507565812845 30.25 31.25 AB 3.4978867042362656 1.0391048508685528
61765.0866 lsst_hardware_r 16.066176066454428 22.139999389648438 31.489999771118164 AB 7.828879616345648 1.0354519496985317
61765.1132 lsst_hardware_z -55.691589268570056 41.029998779296875 30.950000762939453 AB 7.933969274204548 1.0531817620624784
61767.081 lsst_hardware_r 33.5602707855255 22.219999313354492 31.5 AB 6.5259455616919535 1.0354260992741622
61767.1074 lsst_hardware_u 0.4903671002127289 2.75 28.5 AB 5.626462293655157 1.052790300066455
61769.0559 lsst_hardware_z -1.6573471583748005 58.40999984741211 31.700000762939453 AB 8.68255064940809 1.03871721607576
61769.0822 lsst_hardware_g -24.275353580427247 19.219999313354492 32.18000030517578 AB 8.889486504513757 1.0374208668446219
61773.056 lsst_hardware_y -20.473740864166857 47.540000915527344 30.049999237060547 AB 6.903455767240743 1.03518193095855
61773.0818 lsst_hardware_r -2.579800859687568 24.59000015258789 31.520000457763672 AB 6.890016955559352 1.043823346674141
61775.0379 lsst_hardware_y -46.68473018018634 67.44999694824219 30.06999969482422 AB 10.671499740683137 1.0396005592482356
61775.0588 lsst_hardware_g 3.7439630310994043 30.940000534057617 31.65999984741211 AB 11.016256564666485 1.0353624590851969
61777.0383 lsst_hardware_y 18.20786690221297 67.5 30.06999969482422 AB 9.994540792517862 1.0368408315701534
61777.0602 lsst_hardware_z -75.97174969228129 50.529998779296875 30.969999313354492 AB 10.18656164992785 1.0373544794855112
61779.048 lsst_hardware_y -151.1228596778269 87.29000091552734 30.809999465942383 AB 8.862614407972604 1.0353823894357406
61781.0379 lsst_hardware_z 102.68426890205343 107.80999755859375 31.75 AB 6.95132654207931 1.034962635610707
61781.0602 lsst_hardware_r 39.15956012570751 118.93000030517578 32.40999984741211 AB 6.4729148790236275 1.0440185288747785
