data/validation/pwv_sim_epoch_fit_epoch/6194989.ecsv
# %ECSV 0.9
# ---
# datatype:
# - {name: time, datatype: float64}
# - {name: band, datatype: string}
# - {name: flux, datatype: float64}
# - {name: fluxerr, datatype: float64}
# - {name: zp, datatype: float64}
# - {name: zpsys, datatype: string}
# - {name: pwv, datatype: float64}
# - {name: airmass, datatype: float64}
# meta: {SNID: '6194989', alt: 1024.0, c: -0.09669740498065948, dec: -9.140394, lat: -30.244573, lon: -70.7499537, ra: 25.664062, t0: 60238.3984375,
#   x0: 4.048358032183563e-06, x1: 0.4759029746055603, z: 0.6682723760604858}
# schema: astropy-2.0
time band flux fluxerr zp zpsys pwv airmass
60143.4296 lsst_hardware_g 109.18019905348058 87.66000366210938 31.719999313354492 AB 2.3294251220070774 1.0783127517681181
60145.4146 lsst_hardware_i -20.796641744633508 86.05999755859375 31.329999923706055 AB 5.090909464929361 1.0864662999369068
60151.3844 lsst_hardware_r -26.715168598926482 114.47000122070312 32.400001525878906 AB 7.484739077287188 1.1050303755837383
60151.4048 lsst_hardware_y -592.863770597865 159.3699951171875 30.81999969482422 AB 7.230908739917959 1.0804495689081748
60166.3675 lsst_hardware_r -88.77323196258789 81.02999877929688 31.649999618530273 AB 5.497504434883138 1.0778715969315347
60166.3859 lsst_hardware_g -80.60750181884039 87.79000091552734 31.719999313354492 AB 5.57892497124327 1.0728701867775519
60175.3278 lsst_hardware_z 15.560637647759638 148.8300018310547 31.75 AB 2.920775884706512 1.0921169917576463
60175.3527 lsst_hardware_i 28.926693759300317 123.1500015258789 32.08000183105469 AB 2.5467672948936464 1.0735661481268752
60177.3794 lsst_hardware_u -13.651677936081501 28.149999618530273 29.479999542236328 AB 1.1944459472165563 1.0858599520150511
60177.3987 lsst_hardware_g -69.4563048841744 87.16999816894531 31.709999084472656 AB 1.2249808606665382 1.1136189642423073
60182.2812 lsst_hardware_i -30.83592990991721 85.81999969482422 31.31999969482422 AB 2.5395054944536453 1.1437067342256986
60182.2984 lsst_hardware_z -124.55896218370054 104.29000091552734 30.989999771118164 AB 3.039064424681593 1.1073289942363247
60184.2914 lsst_hardware_r -78.80539278648172 81.54000091552734 31.639999389648438 AB 3.9841994947233066 1.1100110033590194
60184.3092 lsst_hardware_z 99.8216898317303 104.58000183105469 31.0 AB 3.310750634555681 1.0853733912868941
60187.2711 lsst_hardware_r -107.10426352390233 80.41999816894531 31.6299991607666 AB 5.461913610607319 1.13500204906381
60187.2884 lsst_hardware_i -38.03956060898368 85.87999725341797 31.329999923706055 AB 5.453125111533183 1.1014003894499287
60196.2661 lsst_hardware_i 25.54286498518156 86.22000122070312 31.329999923706055 AB 4.721443546347179 1.0980101270574836
60196.2828 lsst_hardware_z -60.432377724358275 104.51000213623047 31.0 AB 4.643168536167229 1.0798066363179604
60199.2349 lsst_hardware_z -28.13353743757044 147.52000427246094 31.739999771118164 AB 3.4540907438688055 1.1434231427979493
60199.2524 lsst_hardware_r 38.06156068414486 114.79000091552734 32.38999938964844 AB 4.046950148985829 1.1066311591429665
60201.2394 lsst_hardware_u 32.16677727851712 27.729999542236328 29.450000762939453 AB 1.3511501817983003 1.1206664488236795
60201.2572 lsst_hardware_r 45.712780827110784 80.94000244140625 31.639999389648438 AB 2.280075749909954 1.0916417570587078
60209.2403 lsst_hardware_y -89.23354961469762 112.4454653136814 30.059999465942383 AB 2.1392126861994383 1.086032585961887
60209.2604 lsst_hardware_g 6.7407166316046085 87.78880614482694 31.719999313354492 AB 1.7207304623921642 1.073443831810458
60215.2187 lsst_hardware_z 330.1850380067267 106.41390883207409 30.989999771118164 AB 4.038075141322676 1.091986517089923
60215.2382 lsst_hardware_r 255.2460395132249 84.07985032521779 31.639999389648438 AB 4.014959669474209 1.0754356257518711
60223.1895 lsst_hardware_z 483.7162844812843 106.54268343711966 30.989999771118164 AB 5.3375995454521314 1.1023543051326168
60223.2071 lsst_hardware_r 846.369616313124 87.27043126711351 31.639999389648438 AB 5.164064404660955 1.0813662244081155
60227.195 lsst_hardware_r 2801.915666226692 126.38878472204384 32.400001525878906 AB 3.7825168358109327 1.0823684192515068
60227.2141 lsst_hardware_i 2079.2290379966635 130.25971539659972 32.09000015258789 AB 2.8050539213372963 1.0729519015697933
60232.1225 lsst_hardware_u 20.529130134498626 37.64414141359298 30.09000015258789 AB 7.528198294873137 1.2142255314311512
60232.1442 lsst_hardware_r 3221.3588260412967 126.89591422120667 32.380001068115234 AB 7.130229703832671 1.1449586035861374
60236.1808 lsst_hardware_i 1429.9985993653952 94.96460215307806 31.329999923706055 AB 2.791989825210944 1.0754623279469069
60236.1993 lsst_hardware_z 849.72510417682 109.82778318360889 31.0 AB 2.774266921354177 1.0736673349969832
60238.1434 lsst_hardware_z 1001.8888322026351 108.6299616125332 31.0 AB 2.986067163780981 1.111025857787789
60238.1611 lsst_hardware_r 1692.2329271606416 90.23447529169823 31.639999389648438 AB 2.835683669218382 1.086052726625194
60242.14 lsst_hardware_r 1369.9441308729117 91.01369348850608 31.639999389648438 AB 4.833384184732605 1.0987461206484923
60242.1563 lsst_hardware_i 1372.7861104534645 94.72378879711727 31.329999923706055 AB 4.7444671012377455 1.080498087278036
60246.13 lsst_hardware_z 1037.4895910910966 108.51300837356625 31.0 AB 3.1817669745521022 1.0974133046282257
60246.1469 lsst_hardware_r 1331.3217441024622 88.32836453286576 31.649999618530273 AB 3.118609440536947 1.0793525982476744
60248.1374 lsst_hardware_i 1176.6863724505888 92.34840414983479 31.329999923706055 AB 4.03970672941204 1.08259593445336
60248.1542 lsst_hardware_z 762.397522599436 108.48458858857859 31.0 AB 3.9210451365647367 1.0733767140885309
60260.1218 lsst_hardware_u -34.32771147303367 28.16541128195951 29.479999542236328 AB 3.6552043266507894 1.0732975730983305
60260.1396 lsst_hardware_g 17.962359241283487 88.1937329726015 31.719999313354492 AB 4.628389695777517 1.0758692923702058
60262.0926 lsst_hardware_g 289.1870840622156 88.07504832382124 31.719999313354492 AB 3.2297726399648807 1.089299372669437
60262.111 lsst_hardware_r 470.0633425115071 83.99764503792188 31.649999618530273 AB 3.1307591196110596 1.0749387535148707
60264.0918 lsst_hardware_i 498.5343134196633 89.49074850053246 31.329999923706055 AB 6.27329604054793 1.0843604063001477
60264.1101 lsst_hardware_z 443.88489369117065 107.01815412546091 31.0 AB 6.206067499426419 1.073466472456138
60267.0968 lsst_hardware_r 167.74555840316972 83.94901351909928 31.649999618530273 AB 4.789612422777598 1.075169745278096
60267.1165 lsst_hardware_z 434.07913693719667 106.81546329529924 31.0 AB 4.776227112383654 1.074214700564218
60269.1189 lsst_hardware_g -12.42515376835582 88.33295853315852 31.719999313354492 AB 3.490811136381676 1.0780763237744522
60269.1429 lsst_hardware_i 405.52944618058496 88.49713293793445 31.31999969482422 AB 3.207005482957923 1.1054827586891545
60271.0717 lsst_hardware_r 164.24711867452564 83.3367491922162 31.639999389648438 AB 7.407193135020104 1.0853295272197112
60271.0914 lsst_hardware_z 480.47211342297027 106.51785906183318 31.0 AB 7.31717741740837 1.0733720723791067
60275.073 lsst_hardware_g 126.15540274792191 87.96409145031363 31.719999313354492 AB 3.9567894521671376 1.076091773774159
60275.0909 lsst_hardware_r 52.273935619164185 82.30741764677542 31.649999618530273 AB 4.102494473640307 1.0732256476572348
60277.0627 lsst_hardware_i 285.39921279371316 88.96959638629897 31.329999923706055 AB 5.881251293090266 1.0790296840823659
60277.0826 lsst_hardware_z 303.497311129864 107.33710650456463 31.0 AB 5.776198228657584 1.0728451390524238
60279.0637 lsst_hardware_r 197.95549449464878 83.8242718138885 31.639999389648438 AB 8.968299293944591 1.0753141576640664
60279.0838 lsst_hardware_u 15.822556726060313 28.20141304600231 29.469999313354492 AB 9.54994219887247 1.0742342180958784
60281.0641 lsst_hardware_g -44.55624078508489 87.83423901475861 31.719999313354492 AB 7.1205246077218005 1.0733688662849603
60281.0839 lsst_hardware_i 351.8566658079294 87.37262042142125 31.329999923706055 AB 7.045751642640882 1.0767272657478824
60283.0384 lsst_hardware_y 276.11899491883185 112.4501514947867 30.059999465942383 AB 2.3654745692952974 1.0858687437949417
60283.0593 lsst_hardware_z 8.076168358956942 105.83587249825212 31.0 AB 1.5996545190252631 1.073233491462326
60285.0378 lsst_hardware_y 44.66678967379102 112.29252821098663 30.059999465942383 AB 5.748814880722076 1.0813665423413263
60285.0564 lsst_hardware_u 22.013277546334578 27.98895822191672 29.469999313354492 AB 4.981341211115224 1.072871249432312
60291.0324 lsst_hardware_z -35.16309976729023 105.68437023527845 31.0 AB 11.463536556558484 1.0746981560980136
60291.0513 lsst_hardware_r 100.52461424884356 81.78055415652028 31.649999618530273 AB 12.165633847496364 1.0743230172637788
60292.034 lsst_hardware_y 43.54737677035126 61.14518992974291 30.059999465942383 AB 8.938036903896869 1.0733801974176618
60292.0538 lsst_hardware_z 122.89099302584579 43.996876752853765 30.950000762939453 AB 8.505842337322111 1.076688903458495
60294.0348 lsst_hardware_y 178.13166945787017 61.352048998090254 30.049999237060547 AB 10.628530112970994 1.0727704400021503
60294.0533 lsst_hardware_u 3.3120923704318055 3.512725202896791 28.520000457763672 AB 10.795820848218748 1.0799361298168149
60511.414 lsst_hardware_r 93.42550236067594 65.80999755859375 31.6299991607666 AB 6.349956947350897 1.0850454008887005
60511.4344 lsst_hardware_y 68.93741224199127 53.369998931884766 30.040000915527344 AB 6.671063580175712 1.0732084266691944
60514.417 lsst_hardware_z -67.71086238767867 60.70000076293945 30.979999542236328 AB 5.581674998179013 1.0765043390894915
60514.436 lsst_hardware_y -10.152765323151522 59.939998626708984 30.049999237060547 AB 5.621638854214963 1.0733439339788844
60516.415 lsst_hardware_z -46.65618988256037 60.939998626708984 30.969999313354492 AB 7.303783581072576 1.074876170871608
60516.4369 lsst_hardware_y -213.88269028866284 62.099998474121094 30.040000915527344 AB 6.540101141818306 1.075438688086764
60520.4181 lsst_hardware_y -40.053219179622054 68.62000274658203 30.790000915527344 AB 4.027447014482356 1.0730797143254203
60529.3894 lsst_hardware_r 10.565357917494628 23.700000762939453 31.5 AB 1.5019412499948537 1.0728151785677527
60529.4064 lsst_hardware_u 0.6553179720012764 2.759999990463257 28.440000534057617 AB 1.5094846668467155 1.0782033334619396
60535.3491 lsst_hardware_u -3.4546322998618106 2.8499999046325684 28.540000915527344 AB 3.7955553899430154 1.0844443971265758
60535.3682 lsst_hardware_g -38.0400684173085 14.489999771118164 31.450000762939453 AB 3.7567065805354782 1.073344737295851
60537.3439 lsst_hardware_r 23.65516132837461 33.209999084472656 32.25 AB 5.845980679230505 1.0841952298276991
60537.3632 lsst_hardware_i 27.6062818055039 44.099998474121094 32.0 AB 5.845665844311867 1.0732556629703551
60541.3664 lsst_hardware_z -52.90718002485776 63.790000915527344 30.979999542236328 AB 2.7823017398825267 1.0745243588629738
60541.3861 lsst_hardware_r 135.9938097618709 89.0199966430664 31.649999618530273 AB 1.7521595274218749 1.0894820627526036
60543.3219 lsst_hardware_z 22.979070428853287 74.38999938964844 30.989999771118164 AB 1.9798259373255223 1.0902125205537017
60543.3437 lsst_hardware_i -0.6827179269332225 84.25 31.329999923706055 AB 2.0384134392112596 1.07402683954051
60546.3272 lsst_hardware_z 69.47763384192146 57.970001220703125 30.979999542236328 AB 2.684081472739301 1.077944366561789
60546.3475 lsst_hardware_r -38.635656869108274 67.56999969482422 31.639999389648438 AB 2.14414340419465 1.0731448469442693
60555.2867 lsst_hardware_i -58.162649807631276 30.979999542236328 31.239999771118164 AB 1.4248518079942691 1.0932366813255263
60555.3076 lsst_hardware_z 63.620235370208235 41.470001220703125 30.940000534057617 AB 1.6580739498817387 1.0752749350724635
60557.2708 lsst_hardware_r -16.035635784548376 23.3799991607666 31.489999771118164 AB 2.5618228995935364 1.1090942634794154
60557.2892 lsst_hardware_u -1.7219772528458872 2.690000057220459 28.40999984741211 AB 2.5484478039323366 1.0842920737196156
60566.2123 lsst_hardware_r 17.9794167922228 42.31999969482422 31.59000015258789 AB 1.4625492148276815 1.1976655232655702
60566.2259 lsst_hardware_y -74.06142319804451 49.45000076293945 30.020000457763672 AB 1.4105631026164707 1.1547006774949917
60568.2382 lsst_hardware_z -13.952913018988978 52.93000030517578 30.969999313354492 AB 3.6827853792187204 1.113745578393037
60568.2579 lsst_hardware_r 20.78903676776102 61.08000183105469 31.639999389648438 AB 4.380519558817145 1.0855409446929443
60571.228 lsst_hardware_r -8.28577290513504 137.63999938964844 31.649999618530273 AB 6.6783968084444885 1.117598618025038
60571.2484 lsst_hardware_i 14.840982387588141 107.12000274658203 31.34000015258789 AB 6.4246632486590185 1.0868995514564403
60580.2185 lsst_hardware_g -4.005377053169177 14.6899995803833 31.43000030517578 AB 4.087532370523611 1.0931666691837876
60580.2375 lsst_hardware_r 31.386363081424967 23.6200008392334 31.5 AB 4.089380553465491 1.0761527772277608
60582.2135 lsst_hardware_i 22.806152399087615 31.739999771118164 31.25 AB 4.144693255664298 1.092577634285826
60582.2334 lsst_hardware_z -2.35856132266064 42.22999954223633 30.940000534057617 AB 3.988734597780627 1.0754929822122345
60586.2079 lsst_hardware_g -9.057360333918423 14.850000381469727 31.43000030517578 AB 2.4252522272595587 1.0864202899474393
60586.2254 lsst_hardware_i 16.131018766317126 31.459999084472656 31.25 AB 2.8109645875544405 1.074322410683906
60588.2102 lsst_hardware_z -49.50719616499522 42.060001373291016 30.950000762939453 AB 5.150834138472139 1.0795376844639106
60588.2285 lsst_hardware_r -28.00869559198317 23.670000076293945 31.5 AB 5.138082582345404 1.0728179111244578
60592.1776 lsst_hardware_g -19.356893765426964 16.15999984741211 31.469999313354492 AB 3.7838260402531576 1.1050893809151914
60592.1954 lsst_hardware_r 33.609195961826856 23.989999771118164 31.520000457763672 AB 3.7193331165266987 1.0826702260412808
60594.179 lsst_hardware_i -3.497649179766204 35.93000030517578 31.270000457763672 AB 6.7405959568912195 1.0948450390187536
60594.1988 lsst_hardware_z 45.30350770131893 43.95000076293945 30.959999084472656 AB 6.700946357077491 1.0763996075836622
60596.1701 lsst_hardware_r 96.45010451925947 52.25 31.6200008392334 AB 8.872559046262195 1.0997222417282548
60596.1886 lsst_hardware_z -56.70429790462071 49.709999084472656 30.969999313354492 AB 8.93171663066165 1.0793615263639456
60599.1708 lsst_hardware_z -39.49186201079361 88.2699966430664 31.0 AB 7.155054517377383 1.0881522616884685
60599.1882 lsst_hardware_i 75.58984324447148 103.29000091552734 31.34000015258789 AB 7.02309561324479 1.0749636142721617
60603.1431 lsst_hardware_r 87.90260276001776 67.66999816894531 31.639999389648438 AB 2.9977504267267348 1.1128884148226192
60603.1601 lsst_hardware_y -10.475676155422047 52.41999816894531 30.040000915527344 AB 2.909786278746185 1.0879061361214548
60605.1425 lsst_hardware_g 8.18020891437619 14.970000267028809 31.440000534057617 AB 5.40919218496608 1.104442697536122
60605.1591 lsst_hardware_r -27.326624248396506 23.989999771118164 31.510000228881836 AB 5.256818132122141 1.0833960358854409
60607.1413 lsst_hardware_i 24.18597933408877 31.8700008392334 31.260000228881836 AB 4.820199189642383 1.0979118949910522
60607.1579 lsst_hardware_z 65.57061897250487 42.310001373291016 30.950000762939453 AB 4.733874983667665 1.0798483025512928
60609.1066 lsst_hardware_r 41.934101629328985 24.329999923706055 31.5 AB 4.889599885925532 1.1600474225208854
60609.1138 lsst_hardware_u -1.7235743610598826 2.859999895095825 28.489999771118164 AB 4.8148924930449875 1.1407895655611247
60611.1346 lsst_hardware_g 8.737080329987448 14.890000343322754 31.469999313354492 AB 3.1377695246514623 1.092221218768276
60611.153 lsst_hardware_i 0.3331041214483644 31.329999923706055 31.260000228881836 AB 3.1075336190236 1.076077896585845
60615.1239 lsst_hardware_r 48.98727581951569 23.93000030517578 31.510000228881836 AB 5.925608140317258 1.0919425319994946
60615.1418 lsst_hardware_u 3.156701555587465 2.7799999713897705 28.459999084472656 AB 4.197255230464602 1.0762192898627185
60620.1277 lsst_hardware_i -22.912455463189843 31.420000076293945 31.25 AB 4.796140801677891 1.0764540010499135
60620.1462 lsst_hardware_z 23.890148690073126 41.93000030517578 30.940000534057617 AB 4.849571804584912 1.0732702898275042
60622.12 lsst_hardware_r -59.711006080570954 27.170000076293945 31.540000915527344 AB 6.896172128853852 1.077751426680622
60622.1382 lsst_hardware_z -3.7670218113456304 42.630001068115234 30.959999084472656 AB 7.102701493831603 1.072915633509205
60624.1179 lsst_hardware_g 83.95875819119989 39.13999938964844 31.68000030517578 AB 2.1347215644151785 1.0758781509019515
60624.1363 lsst_hardware_i -33.1389595337806 40.68000030517578 31.290000915527344 AB 3.060143220836061 1.0734833562327937
60626.0939 lsst_hardware_r -73.88941610335499 76.76000213623047 31.639999389648438 AB 3.9275542987780105 1.0918972195657521
60626.1118 lsst_hardware_z -27.377495179360352 60.83000183105469 30.979999542236328 AB 3.741855367668231 1.0761993244018593
60631.096 lsst_hardware_g 53.77344561900238 85.19999694824219 31.719999313354492 AB 5.971475957014174 1.0773975565203744
60631.1161 lsst_hardware_r 116.33381086538633 83.68000030517578 31.649999618530273 AB 6.002629163599698 1.0732556055008526
60633.0971 lsst_hardware_i 0.5312923693495697 31.360000610351562 31.25 AB 6.2017833099252115 1.0743049299751692
60633.1165 lsst_hardware_z -1.0635867482662509 42.09000015258789 30.950000762939453 AB 6.196601836086842 1.0750212813798194
60642.0619 lsst_hardware_r 16.683356906030184 23.329999923706055 31.5 AB 5.910684457598631 1.0801689432746036
60642.0804 lsst_hardware_z 71.82669595024171 41.709999084472656 30.950000762939453 AB 5.792166943856629 1.0728221788957142
60644.064 lsst_hardware_r -10.210880113941924 23.40999984741211 31.5 AB 8.9633302671747 1.0755350999549398
60644.0835 lsst_hardware_u -1.0176677694292566 2.7799999713897705 28.469999313354492 AB 9.545867209172565 1.0739570466527046
60646.0651 lsst_hardware_g 9.99322487242636 14.600000381469727 31.450000762939453 AB 7.1151841351441725 1.073345307007163
60646.0841 lsst_hardware_r -26.372814708225647 23.579999923706055 31.510000228881836 AB 7.053541265542081 1.076496398462068
60648.0658 lsst_hardware_i -12.813409172480966 31.06999969482422 31.25 AB 1.5314528981213074 1.072821644918604
60648.0851 lsst_hardware_z -31.290839030097136 41.869998931884766 30.950000762939453 AB 4.039341767961997 1.0808085358442734
60650.0383 lsst_hardware_y -91.93889839075857 50.68000030517578 30.040000915527344 AB 5.921511161566388 1.0815710123258595
60650.0574 lsst_hardware_r 1.5808753588702207 24.510000228881836 31.520000457763672 AB 4.827720484347835 1.0728863790981356
60652.0388 lsst_hardware_y 87.89460124831875 52.220001220703125 30.040000915527344 AB 5.323343293368638 1.077309085274279
60652.0578 lsst_hardware_g -20.246919370475585 27.959999084472656 31.6299991607666 AB 5.739065330632714 1.073090217326694
60656.0418 lsst_hardware_y 185.1575673056894 89.6500015258789 30.809999465942383 AB 12.205639073923345 1.0728345850332555
60658.0356 lsst_hardware_z -6.8134191682102125 71.88999938964844 30.989999771118164 AB 8.141456343679852 1.0728808799931524
60658.0548 lsst_hardware_r -89.92171335753501 90.98999786376953 31.649999618530273 AB 8.287984922781673 1.0785998460815325
60660.0354 lsst_hardware_y -43.97269952245288 62.939998626708984 30.059999465942383 AB 10.874256434055095 1.0730115219605068
60660.0555 lsst_hardware_z -34.48977380861686 54.06999969482422 30.969999313354492 AB 11.818189603599617 1.0835334472490663
