data/validation/pwv_sim_epoch_fit_epoch/62199239.ecsv
# %ECSV 0.9
# ---
# datatype:
# - {name: time, datatype: float64}
# - {name: band, datatype: string}
# - {name: flux, datatype: float64}
# - {name: fluxerr, datatype: float64}
# - {name: zp, datatype: float64}
# - {name: zpsys, datatype: string}
# - {name: pwv, datatype: float64}
# - {name: airmass, datatype: float64}
# meta: {SNID: '62199239', alt: 1024.0, c: 0.01891646534204483, dec: 2.985506, lat: -30.244573, lon: -70.7499537, ra: 239.238281, t0: 61988.203125,
#   x0: 9.413636488586333e-06, x1: -1.681190848350525, z: 0.4722043573856354}
# schema: astropy-2.0
time band flux fluxerr zp zpsys pwv airmass
61840.3868 lsst_hardware_z -131.70302435017587 83.69000244140625 31.709999084472656 AB 7.890505165425099 1.1955310856704695
61847.3837 lsst_hardware_r -44.420477943360986 46.75 31.579999923706055 AB 8.542685055273449 1.1963288247415815
61847.4035 lsst_hardware_y -74.3942867258687 58.66999816894531 29.989999771118164 AB 8.706744294008956 1.2149228066711724
61849.3478 lsst_hardware_i -3.842976704060895 34.529998779296875 31.229999542236328 AB 6.278518882634493 1.2056299460989233
61849.3685 lsst_hardware_r 52.255931961911955 28.829999923706055 31.510000228881836 AB 6.149308600494266 1.194349721706772
61851.3464 lsst_hardware_u 5.6294821115796 2.7799999713897705 28.329999923706055 AB 7.484396903094237 1.2017336067909872
61851.3643 lsst_hardware_g 0.4593153842320979 15.529999732971191 31.40999984741211 AB 7.42334581107134 1.1943440334230266
61853.3478 lsst_hardware_r 17.07109271977862 23.56999969482422 31.469999313354492 AB 8.139824175274335 1.197032966952108
61853.3681 lsst_hardware_i 31.316893358075617 31.899999618530273 31.219999313354492 AB 8.137478849290991 1.1966880660722046
61855.3028 lsst_hardware_r 15.475487876942694 23.75 31.459999084472656 AB 8.055613610010596 1.2582308965497682
61855.3202 lsst_hardware_u 0.6257918901884569 2.619999885559082 28.309999465942383 AB 7.729936639469051 1.2208375845436776
61857.2935 lsst_hardware_g -6.656135523303799 14.109999656677246 31.34000015258789 AB 9.38681740755996 1.26894611673936
61857.3114 lsst_hardware_i 12.175561602553486 32.15999984741211 31.219999313354492 AB 9.222912072857739 1.226668567945257
61859.3577 lsst_hardware_z 25.446481689337226 43.5099983215332 30.93000030517578 AB 7.509310529373833 1.2004492953105788
61859.3785 lsst_hardware_r -34.45996304578757 23.520000457763672 31.450000762939453 AB 9.030857025777452 1.2277971121785713
61863.3187 lsst_hardware_g 14.493218915241496 14.130000114440918 31.3700008392334 AB 6.8997141789971685 1.1980403725649944
61863.3368 lsst_hardware_r 2.953122350449056 23.43000030517578 31.469999313354492 AB 6.908532282539089 1.1951616433427654
61865.3218 lsst_hardware_i -50.53308656974734 31.770000457763672 31.229999542236328 AB 8.231934834449131 1.1946788817138279
61865.3385 lsst_hardware_z 13.601719536544815 43.18000030517578 30.93000030517578 AB 9.179172205608545 1.198455733514335
61867.3164 lsst_hardware_r -30.69173642691227 37.4900016784668 31.559999465942383 AB 10.002158636308142 1.1946679901630142
61867.3345 lsst_hardware_z -34.25101857402217 43.529998779296875 30.940000534057617 AB 9.799417411348152 1.1994390956362715
61873.2273 lsst_hardware_y -81.0596745169812 86.05000305175781 30.709999084472656 AB 16.530680463914134 1.3527008276186847
61875.2953 lsst_hardware_r -44.53045287707351 61.709999084472656 31.610000610351562 AB 11.640299791660825 1.1945507508503077
61875.3125 lsst_hardware_i -13.302150684961804 54.25 31.290000915527344 AB 11.873363020172413 1.1993295979972134
61877.296 lsst_hardware_z 47.42096022527119 46.63999938964844 30.950000762939453 AB 16.55410292123884 1.1945951954709386
61877.3138 lsst_hardware_r 58.982445783271466 37.40999984741211 31.56999969482422 AB 16.69434720913979 1.2052229966891919
61882.2805 lsst_hardware_r -45.559984253988375 23.700000762939453 31.479999542236328 AB 10.11845921083314 1.1943882601809728
61882.2921 lsst_hardware_u -1.0045650324928654 2.6600000858306885 28.34000015258789 AB 8.278117226473787 1.198467874548306
61884.2594 lsst_hardware_u 0.14632312553923923 2.690000057220459 28.360000610351562 AB 10.099943723970767 1.1993283396102083
61884.2771 lsst_hardware_g -11.542204920101359 14.5 31.389999389648438 AB 10.093442438502239 1.1946316059299609
61890.261 lsst_hardware_u -1.0666192061316389 2.569999933242798 28.25 AB 12.60390997201542 1.194683409669708
61890.2794 lsst_hardware_r -22.28657125667411 23.889999389648438 31.459999084472656 AB 12.691306397804814 1.206397946559393
61893.2175 lsst_hardware_r 2.058906809564532 24.190000534057617 31.489999771118164 AB 14.387539638444483 1.21914526368019
61893.2342 lsst_hardware_u -0.4508306889419153 2.759999990463257 28.40999984741211 AB 14.276604911699017 1.199781913135107
61894.2416 lsst_hardware_g -5.564735703337026 14.550000190734863 31.389999389648438 AB 11.371063686084222 1.1948996832902261
61894.2444 lsst_hardware_r -8.908143258989492 23.969999313354492 31.479999542236328 AB 11.361512954594867 1.1944399657900406
61896.2685 lsst_hardware_i 70.57555552268882 50.59000015258789 31.280000686645508 AB 3.1838468460630645 1.2132021514275617
61896.2871 lsst_hardware_z -2.4171084891004466 52.18000030517578 30.950000762939453 AB 3.278263476678225 1.2484659384366454
61898.2246 lsst_hardware_z 16.77974073091237 72.62000274658203 30.969999313354492 AB 10.701679474000867 1.1972232665642348
61898.2441 lsst_hardware_r -101.65230658417627 103.48999786376953 31.6200008392334 AB 10.672944510838398 1.1961831897829531
61900.2212 lsst_hardware_z -17.15773943495529 98.75 30.979999542236328 AB 7.416649770971694 1.1962338340276926
61900.2391 lsst_hardware_r -35.27734035698557 143.14999389648438 31.6200008392334 AB 7.417586920593666 1.1963849871925267
61907.1747 lsst_hardware_i 12.667848741398426 32.41999816894531 31.219999313354492 AB 8.351597020221655 1.2270332073395236
61907.1925 lsst_hardware_z 41.65392445661111 44.869998931884766 30.93000030517578 AB 8.17874479137738 1.2026386812142016
61909.1987 lsst_hardware_r 3.4545331700907242 23.93000030517578 31.469999313354492 AB 10.01898021478298 1.195451597154207
61909.218 lsst_hardware_u -3.4506900653037196 2.630000114440918 28.299999237060547 AB 9.637829013873631 1.1982381699801448
61925.0816 lsst_hardware_z 19.970999507052923 59.470001220703125 30.940000534057617 AB 15.75042572162741 1.3704960384274387
61925.1008 lsst_hardware_r -14.368126110064187 68.7300033569336 31.59000015258789 AB 15.074226449395239 1.2911635157477417
61943.0833 lsst_hardware_u -7.484683717485445 2.630000114440918 28.309999465942383 AB 3.6348803739908826 1.2156112950195248
61943.1068 lsst_hardware_g 32.554855789194086 14.130000114440918 31.3700008392334 AB 3.0886528831288484 1.1951834703023503
61946.0406 lsst_hardware_r -1.5724714335667205 23.809999465942383 31.450000762939453 AB 6.510652922636446 1.3011763885090493
61946.0549 lsst_hardware_z -71.59764857390074 43.9900016784668 30.93000030517578 AB 5.944947757287627 1.2567935642487864
61957.0549 lsst_hardware_r -34.300762280569394 155.72000122070312 32.369998931884766 AB 7.474900000408267 1.2036714483823345
61957.0779 lsst_hardware_i 291.56208373165316 123.9800033569336 32.060001373291016 AB 7.425956557505588 1.194683988337147
61959.0483 lsst_hardware_z -71.69037764488009 68.58367075737449 30.969999313354492 AB 2.2840017646993496 1.2048011418696294
61959.0699 lsst_hardware_r 69.05112325919633 98.63813854659249 31.6200008392334 AB 2.2561237853421985 1.194400909873633
61961.044 lsst_hardware_u 13.046496894718945 14.497111399554129 29.260000228881836 AB 10.08990735372878 1.203651230649701
61961.0655 lsst_hardware_g 60.76006491639711 72.28623384935631 31.670000076293945 AB 10.026378698008944 1.1944815627995133
61963.044 lsst_hardware_r -38.39837094318052 24.37430599927138 31.459999084472656 AB 9.808183048787381 1.1991543294051876
61963.0653 lsst_hardware_z -0.9261393136759717 43.79017087943848 30.93000030517578 AB 9.710126910182206 1.1956934553999576
61975.0244 lsst_hardware_r 2615.5846171905637 60.875594195012965 32.209999084472656 AB 7.502402584695274 1.1943965057358217
61975.0495 lsst_hardware_i 1603.7398387908095 61.28464391251952 31.969999313354492 AB 7.374650046625606 1.2089590240369847
61977.0159 lsst_hardware_z 1020.5809523280365 52.93926587856597 30.93000030517578 AB 10.937651396202645 1.1947406356791013
61977.0389 lsst_hardware_r 1804.4097830461628 49.31096018262388 31.469999313354492 AB 11.007205474220202 1.2034116772106636
61980.0256 lsst_hardware_z 1365.0089934259931 58.42937832717509 30.93000030517578 AB 5.307477454461154 1.1992266744531783
61980.049 lsst_hardware_g 1008.86090302543 42.113517813782174 31.549999237060547 AB 4.7518193508466755 1.2295017510492066
61982.0165 lsst_hardware_r 3386.586742165414 83.81429636911548 31.600000381469727 AB 3.894870104629339 1.197040370227995
61982.0402 lsst_hardware_z 1711.9885001283021 68.20967134018015 30.950000762939453 AB 3.948826952089047 1.2233992570952046
61987.9767 lsst_hardware_z 5575.681570581393 132.49955704768257 32.150001525878906 AB 0.9572208220101159 1.1985235667906293
61988.0033 lsst_hardware_g 3792.619881429796 173.34900418336412 32.86000061035156 AB 1.3517810887347614 1.1989189257071053
61990.9721 lsst_hardware_y 779.9345333148989 59.72235947035898 30.0 AB 4.084522119052108 1.196549701648446
61990.9901 lsst_hardware_r 3316.496723575975 61.40062121712126 31.479999542236328 AB 4.089779681660196 1.1961917758584955
61992.9729 lsst_hardware_y 697.2977788166403 58.965734675646345 30.0 AB 9.256571041389648 1.1946274816273663
61992.9913 lsst_hardware_g 680.4127796185822 30.294186750067446 31.389999389648438 AB 9.325927888582138 1.200093667299255
62203.3794 lsst_hardware_i -52.22419380058998 36.15999984741211 31.239999771118164 AB 10.25794854593449 1.2046915497280668
62203.3987 lsst_hardware_y 114.24122469743618 54.709999084472656 30.0 AB 10.220313795723373 1.1943455894970199
62207.382 lsst_hardware_r -12.039931447420999 23.780000686645508 31.469999313354492 AB 8.76788919857012 1.1955125713894608
62207.4013 lsst_hardware_y -71.0406592203603 55.25 30.0 AB 8.699856507416666 1.1979973158105865
62209.3826 lsst_hardware_z 40.11303863942549 43.22999954223633 30.940000534057617 AB 13.472828033258468 1.19432906151455
62209.4013 lsst_hardware_y 89.11468496675003 54.58000183105469 30.0 AB 13.570539071611991 1.2020318643844243
62210.3799 lsst_hardware_u 0.3318827896319884 2.640000104904175 28.31999969482422 AB 11.572935401301883 1.1943276500109445
62210.3986 lsst_hardware_y -14.08767371929603 50.90999984741211 29.989999771118164 AB 11.656659108702636 1.2020582235894306
62215.3479 lsst_hardware_i -45.10118705648612 32.41999816894531 31.239999771118164 AB 6.220216307220554 1.2034469832105015
62215.3674 lsst_hardware_r -12.451161699597614 23.75 31.489999771118164 AB 6.139141194461587 1.1943079945130104
62217.3497 lsst_hardware_u 2.070474069048874 2.8299999237060547 28.479999542236328 AB 7.430439134377879 1.197846121772946
62217.3682 lsst_hardware_g -1.56752855515716 14.34000015258789 31.399999618530273 AB 7.427397195775889 1.1953324171089355
62219.3458 lsst_hardware_r -1.6672712118407444 23.610000610351562 31.479999542236328 AB 8.139500242630595 1.1969853297986168
62219.3663 lsst_hardware_i -81.24547656812081 32.119998931884766 31.229999542236328 AB 8.138048787917262 1.1967718805760679
62221.3536 lsst_hardware_r -17.26912481627654 23.670000076293945 31.479999542236328 AB 8.958732480535023 1.1944976640713363
62221.3723 lsst_hardware_u 0.29146940872164834 2.7300000190734863 28.399999618530273 AB 9.042635964829206 1.2056847953105607
62223.3486 lsst_hardware_z -39.77917359580993 53.52000045776367 30.959999084472656 AB 9.533530436334077 1.194565728325516
62223.3679 lsst_hardware_i 28.611076057911056 47.5 31.280000686645508 AB 9.512552508137379 1.2068448829387917
62225.3536 lsst_hardware_z 166.57553928184763 72.2699966430664 30.969999313354492 AB 7.445182900256424 1.198918326910985
62225.3721 lsst_hardware_r -14.077244692697468 104.30999755859375 31.610000610351562 AB 7.680755451352358 1.220119741812141
62229.3148 lsst_hardware_z -13.93820947853391 61.5099983215332 30.959999084472656 AB 6.906324682512658 1.1992229002453065
62229.3321 lsst_hardware_r 24.355515767395065 75.08000183105469 31.610000610351562 AB 6.898318915738584 1.1945485726696732
62231.3178 lsst_hardware_i -47.76791179983144 40.88999938964844 31.260000228881836 AB 8.317314036693597 1.195102239628337
62231.3364 lsst_hardware_z 30.338332058887143 47.650001525878906 30.940000534057617 AB 9.271495213673555 1.1983836984498548
62233.3168 lsst_hardware_r 23.219170608087886 27.100000381469727 31.510000228881836 AB 10.014886630742819 1.1943456224612086
62233.336 lsst_hardware_z -10.172995706292761 44.349998474121094 30.93000030517578 AB 9.783146545753848 1.2022299902616096
62235.3173 lsst_hardware_g -7.408903858703995 14.59000015258789 31.389999389648438 AB 9.336577769650527 1.1948525428270762
62235.3353 lsst_hardware_i 0.44404733633981786 32.029998779296875 31.229999542236328 AB 8.65811789726572 1.207028762238329
62241.2446 lsst_hardware_u 5.431041541986822 2.6500000953674316 28.31999969482422 AB 12.68718726792757 1.2624485655836912
62241.2611 lsst_hardware_g 7.245496055211718 14.359999656677246 31.389999389648438 AB 11.406438724702786 1.2250498039633537
62243.2999 lsst_hardware_r 30.702242505799187 23.90999984741211 31.489999771118164 AB 16.57811459622173 1.196363924314645
62243.3184 lsst_hardware_i 23.262521075080638 32.38999938964844 31.239999771118164 AB 16.875775864209043 1.2132481225204954
62245.2948 lsst_hardware_z 51.605148379142186 43.66999816894531 30.93000030517578 AB 12.753009405950232 1.1965294204175354
62245.3134 lsst_hardware_r -8.223160599702297 23.760000228881836 31.469999313354492 AB 12.936255753144442 1.2138930344984697
62247.2937 lsst_hardware_u -0.8046570527000599 2.690000057220459 28.3700008392334 AB 10.744847897256502 1.1990344982292094
62247.3119 lsst_hardware_r 1.8360833464015973 23.770000457763672 31.469999313354492 AB 10.874216293806263 1.2199031067765609
62249.2879 lsst_hardware_i -22.173350665140227 31.899999618530273 31.229999542236328 AB 6.754072428285415 1.1988058978142375
62249.3069 lsst_hardware_z 15.068053307938628 43.560001373291016 30.93000030517578 AB 6.850326741527584 1.2206569389749793
62255.2573 lsst_hardware_r -2.7623554107956365 136.19000244140625 31.6200008392334 AB 12.734502582019859 1.1943261507169856
62255.2751 lsst_hardware_i 60.17434774089369 106.45999908447266 31.309999465942383 AB 12.800922532760234 1.201513284471582
62258.2622 lsst_hardware_z -0.6339809262250803 57.91999816894531 30.959999084472656 AB 9.487678750774215 1.1980905102631916
62258.28 lsst_hardware_r -126.51288514341346 68.72000122070312 31.600000381469727 AB 9.616488229450622 1.2169688976778819
62260.2631 lsst_hardware_z 4.004581835395298 47.77000045776367 30.940000534057617 AB 11.1269533188428 1.2029788981937186
62260.2813 lsst_hardware_r 11.21688006714159 41.13999938964844 31.559999465942383 AB 11.324413473403554 1.228510899696632
62262.2622 lsst_hardware_i 1.0116263175897784 34.369998931884766 31.239999771118164 AB 3.147781546192188 1.2077432713360485
62262.2807 lsst_hardware_z 43.92817095336414 45.38999938964844 30.93000030517578 AB 3.2536590846976123 1.238388385446947
62265.2186 lsst_hardware_u 5.5501785823894165 2.8399999141693115 28.469999313354492 AB 10.05357375476157 1.197887909774695
62265.2364 lsst_hardware_g -14.23391578677466 14.8100004196167 31.420000076293945 AB 9.94100679127697 1.1951198354504655
62267.2224 lsst_hardware_r -2.416670742144371 24.049999237060547 31.479999542236328 AB 8.971289574019199 1.1945128975115715
62267.2421 lsst_hardware_i 10.45875000928034 32.369998931884766 31.239999771118164 AB 9.025811693982293 1.2013192285605072
62271.1973 lsst_hardware_u -2.006647543353444 2.6700000762939453 28.34000015258789 AB 7.833387555558773 1.2014090982682706
62271.2192 lsst_hardware_r 4.717169279188354 23.989999771118164 31.479999542236328 AB 7.769307669350011 1.194910438226663
62276.1994 lsst_hardware_i -7.497675390592749 32.099998474121094 31.219999313354492 AB 9.652029667746401 1.194361037916122
62276.2192 lsst_hardware_z 131.3928452192773 43.599998474121094 30.93000030517578 AB 8.898219924224666 1.2027872295518944
62278.2031 lsst_hardware_r -10.668479197503691 33.29999923706055 31.540000915527344 AB 6.309248377273421 1.1958582320178335
62278.2236 lsst_hardware_z -98.80393107780793 46.16999816894531 30.940000534057617 AB 5.822107114718665 1.2143304024859298
62281.1642 lsst_hardware_y 13.572479291919143 78.76000213623047 30.75 AB 6.911795425642187 1.207124801451117
