data/validation/pwv_sim_epoch_fit_epoch/62269061.ecsv
# %ECSV 0.9
# ---
# datatype:
# - {name: time, datatype: float64}
# - {name: band, datatype: string}
# - {name: flux, datatype: float64}
# - {name: fluxerr, datatype: float64}
# - {name: zp, datatype: float64}
# - {name: zpsys, datatype: string}
# - {name: pwv, datatype: float64}
# - {name: airmass, datatype: float64}
# meta: {SNID: '62269061', alt: 1024.0, c: -0.09783440083265305, dec: -17.89609, lat: -30.244573, lon: -70.7499537, ra: 116.894531, t0: 60379.3828125,
#   x0: 6.128918012614264e-05, x1: 1.0567177534103394, z: 0.2101176679134369}
# schema: astropy-2.0
time band flux fluxerr zp zpsys pwv airmass
[from data line 133]
60690.1857 lsst_hardware_r 80.11013381110956 97.86000061035156 31.670000076293945 AB 6.230631735714156 1.0284964898834856
60692.1752 lsst_hardware_y 20.458274638572625 72.2699966430664 30.809999465942383 AB 3.181932004537481 1.0319221678409256
60694.1679 lsst_hardware_r -7.338817468410158 44.849998474121094 31.6299991607666 AB 5.993698245847325 1.0333962492840216
60694.1883 lsst_hardware_i 18.76963121190151 42.88999938964844 31.309999465942383 AB 5.9372685799737335 1.0236669965471954
60695.1681 lsst_hardware_z -46.7854332507048 43.77000045776367 30.959999084472656 AB 9.266871832017372 1.0311036086363072
60695.1877 lsst_hardware_r -1.6610589033689598 37.95000076293945 31.610000610351562 AB 9.074162436792562 1.023478731873732
60697.1618 lsst_hardware_u -3.2602340865047337 2.619999885559082 28.3799991607666 AB 10.577021380370986 1.031728376167092
60697.1816 lsst_hardware_r -6.497899406276273 25.200000762939453 31.530000686645508 AB 10.0074502754746 1.0235183099437055
60701.1494 lsst_hardware_r -22.666594091962082 22.540000915527344 31.510000228881836 AB 13.470946256878664 1.0328896071828357
60701.1677 lsst_hardware_u 0.8738659757601458 2.819999933242798 28.559999465942383 AB 14.31685940563469 1.0238882967663698
60703.1363 lsst_hardware_g 3.196534179066483 13.949999809265137 31.440000534057617 AB 12.338944740736745 1.0401493262394692
60703.1562 lsst_hardware_r 3.2385087670984736 22.6200008392334 31.510000228881836 AB 12.120573551970354 1.0255738444764084
60705.1352 lsst_hardware_i -8.920894825860678 30.40999984741211 31.260000228881836 AB 12.438179309485376 1.0357453261383869
60705.1536 lsst_hardware_z 34.283677758492836 40.939998626708984 30.959999084472656 AB 12.296873829890894 1.0246185239151677
60707.136 lsst_hardware_r -12.1735631638924 22.6299991607666 31.510000228881836 AB 8.631466137091563 1.030622822339291
60707.1542 lsst_hardware_g -9.294947409485605 13.960000038146973 31.450000762939453 AB 8.645699548624627 1.0235230908754145
60709.1324 lsst_hardware_r -20.017526118233558 22.6299991607666 31.510000228881836 AB 7.7088539515155565 1.0293683712395745
60709.1504 lsst_hardware_i -15.76677330582623 30.350000381469727 31.260000228881836 AB 7.658928042974983 1.0234419780817776
60711.1159 lsst_hardware_i -38.62143174934994 32.459999084472656 31.280000686645508 AB 6.3924894284109754 1.038612921293997
60711.1352 lsst_hardware_z 61.61020430823119 41.59000015258789 30.959999084472656 AB 6.495713797402639 1.025261292797807
60713.1112 lsst_hardware_r -18.135580051033347 43.4900016784668 31.6299991607666 AB 5.727893134423766 1.0378341453605677
60713.1305 lsst_hardware_z -9.156654495216367 46.099998474121094 30.969999313354492 AB 5.09596504635649 1.0250013502560824
60714.1101 lsst_hardware_y -51.50091417158259 49.70000076293945 30.059999465942383 AB 8.91716916685964 1.0362375077695583
60714.1275 lsst_hardware_r -22.953431750752557 54.150001525878906 31.639999389648438 AB 8.911113327786392 1.0250906853544683
60718.103 lsst_hardware_r -5.1586322853820334 101.58000183105469 31.65999984741211 AB 4.6542043158415005 1.0328713367132951
60718.1204 lsst_hardware_z -81.42203010352011 69.62000274658203 31.0 AB 4.624792968758946 1.0240527664521415
60720.1021 lsst_hardware_r -25.923068906615825 83.72000122070312 31.65999984741211 AB 3.2819063766354666 1.0295369387923978
60720.1195 lsst_hardware_i 118.32403944808829 68.38999938964844 31.34000015258789 AB 3.252246064187839 1.023469861802534
60722.0995 lsst_hardware_z -10.141085920962547 49.75 30.969999313354492 AB 3.2328339227283576 1.0278191784850566
60722.1166 lsst_hardware_i 32.385579898016104 49.31999969482422 31.309999465942383 AB 3.189424328272954 1.0234541645971529
60724.0983 lsst_hardware_u -3.3646769657813667 4.320000171661377 28.81999969482422 AB 5.718264018504503 1.0257895808600779
60724.1152 lsst_hardware_g -4.09677137964896 29.989999771118164 31.65999984741211 AB 5.676952394856139 1.0238889701246674
60727.085 lsst_hardware_r -2.026346308204899 22.280000686645508 31.5 AB 4.7287951564839314 1.0282970041643806
60727.1012 lsst_hardware_i 0.8394793694278334 30.030000686645508 31.25 AB 4.666712780445373 1.0234393319445974
60729.0828 lsst_hardware_z 64.69306990646794 40.709999084472656 30.950000762939453 AB 7.231819925454535 1.026590946902482
60729.1008 lsst_hardware_u 3.958823717573398 2.700000047683716 28.479999542236328 AB 6.753183534496713 1.023765458695511
60731.0617 lsst_hardware_r 9.506849240238042 22.25 31.5 AB 9.20958253021388 1.0381868516915598
60731.0798 lsst_hardware_g -35.181989209782564 13.460000038146973 31.420000076293945 AB 9.119683277338922 1.0255477399312816
60738.0576 lsst_hardware_u -3.4838462081059918 2.6500000953674316 28.420000076293945 AB 4.601143018087353 1.0268880415311754
60738.0762 lsst_hardware_g -17.9268493553854 13.319999694824219 31.399999618530273 AB 4.586361770498997 1.023760509793485
60740.0553 lsst_hardware_r -1.2949913792507692 27.389999389648438 31.549999237060547 AB 5.441740379875658 1.025518006132713
60740.0728 lsst_hardware_i -52.37284412598848 32.06999969482422 31.260000228881836 AB 5.435806455472153 1.0241423956802198
60742.0495 lsst_hardware_z 0.1856127429837007 65.72000122070312 31.719999313354492 AB 9.668441405048057 1.0256479566882664
60744.0387 lsst_hardware_z 41.436317621466536 54.25 30.979999542236328 AB 10.632022495523984 1.0282254472549428
60744.0575 lsst_hardware_r 49.1005790599681 65.37999725341797 31.649999618530273 AB 10.243222659198882 1.0235034631493687
60751.0331 lsst_hardware_i -34.62746054296388 45.06999969482422 31.309999465942383 AB 8.11147466669464 1.0236052706333345
60751.0532 lsst_hardware_z 99.19732211507518 49.65999984741211 30.969999313354492 AB 8.388021816932715 1.028321909639916
60755.007 lsst_hardware_y 50.01521690133802 47.84000015258789 30.059999465942383 AB 3.7621808524858795 1.0292305815664307
60755.0267 lsst_hardware_i -34.993142299189145 29.950000762939453 31.270000457763672 AB 3.7352815719855714 1.02345828075228
60757.0047 lsst_hardware_z 36.29752177714736 41.619998931884766 30.959999084472656 AB 6.355504016286685 1.0274012312134957
60757.0238 lsst_hardware_u -1.0205525126275117 2.75 28.530000686645508 AB 6.308630172747521 1.02368512106463
60759.0022 lsst_hardware_y 21.683589578919708 47.5 30.059999465942383 AB 8.444007372207858 1.0260033259061798
60759.0203 lsst_hardware_r -0.3422361956176904 21.969999313354492 31.5 AB 8.715354017637232 1.0240105766228684
60760.9997 lsst_hardware_y -96.48049503701189 47.86000061035156 30.059999465942383 AB 6.251943645489051 1.0249087943424675
60761.0172 lsst_hardware_z -8.681156549814224 40.959999084472656 30.959999084472656 AB 5.6315896177468945 1.0245773888377867
60765.9825 lsst_hardware_y -84.14308543476933 71.62999725341797 30.079999923706055 AB 5.1175939260170935 1.0262554664472248
60766.0009 lsst_hardware_r -48.05973790208639 22.3799991607666 31.5 AB 3.937447243204399 1.0239547269083278
60767.9808 lsst_hardware_y 114.50023043855236 74.0 30.079999923706055 AB 9.470810915236724 1.0248408943851022
60767.9985 lsst_hardware_r 3.5044427651766674 24.1299991607666 31.510000228881836 AB 9.337543673846742 1.0246961507650745
60769.9798 lsst_hardware_z 12.983765882755472 64.47000122070312 30.989999771118164 AB 9.161420242372733 1.023793959029193
60769.9978 lsst_hardware_g -20.874396604290855 29.649999618530273 31.649999618530273 AB 9.068784715061293 1.0264902476087374
60773.9766 lsst_hardware_y -82.04892692963739 73.86000061035156 30.06999969482422 AB 9.358358558127133 1.023591792124158
60773.9947 lsst_hardware_r 120.82535251203625 66.2300033569336 31.649999618530273 AB 9.463197009508288 1.03114888233782
