data/validation/pwv_sim_epoch_fit_epoch/62295103.ecsv
# %ECSV 0.9
# ---
# datatype:
# - {name: time, datatype: float64}
# - {name: band, datatype: string}
# - {name: flux, datatype: float64}
# - {name: fluxerr, datatype: float64}
# - {name: zp, datatype: float64}
# - {name: zpsys, datatype: string}
# - {name: pwv, datatype: float64}
# - {name: airmass, datatype: float64}
# meta: {SNID: '62295103', alt: 1024.0, c: 0.038288332521915436, dec: -2.537361, lat: -30.244573, lon: -70.7499537, ra: 76.640625, t0: 60584.8359375,
#   x0: 5.65805221491479e-06, x1: 0.9513958096504211, z: 0.5830042362213135}
# schema: astropy-2.0
time band flux fluxerr zp zpsys pwv airmass
[from data line 132]
61010.2266 lsst_hardware_r 18.462741954995515 50.4900016784668 31.610000610351562 AB 8.690323935964676 1.1328309641041987
61010.2448 lsst_hardware_i -38.53649677331133 44.29999923706055 31.280000686645508 AB 8.755897284256571 1.1495707594209315
61012.2252 lsst_hardware_z -14.67279112172887 66.16999816894531 30.979999542236328 AB 7.159916606124547 1.135262716844703
61012.2453 lsst_hardware_i -82.46674726987534 73.9000015258789 31.31999969482422 AB 7.297588011915588 1.1584161004611995
61014.2293 lsst_hardware_z 133.3347167349205 120.6500015258789 31.739999771118164 AB 3.037978804526171 1.1439249946441383
61016.223 lsst_hardware_r -5.906512242233301 81.26000213623047 31.6299991607666 AB 4.813728037950916 1.1429960911672603
61016.242 lsst_hardware_i -109.85674277118862 67.80999755859375 31.309999465942383 AB 4.977559868231948 1.172293892659489
61019.1921 lsst_hardware_i 31.782703873483975 37.63999938964844 31.270000457763672 AB 10.968664712097448 1.1299456295137602
61019.211 lsst_hardware_z 30.82858284679091 46.58000183105469 30.950000762939453 AB 10.651438769882793 1.1391913122869801
61023.1888 lsst_hardware_r -6.10705015650199 23.6200008392334 31.489999771118164 AB 8.60144898664634 1.1317696035060973
61023.207 lsst_hardware_i -11.18658676750897 31.729999542236328 31.239999771118164 AB 8.714160011271979 1.1466000014831552
61027.1519 lsst_hardware_u 3.5246576033497754 2.640000104904175 28.34000015258789 AB 3.3266064112000917 1.1360067425839813
61027.1714 lsst_hardware_g 0.7911353611872763 14.449999809265137 31.40999984741211 AB 3.7924586551579456 1.1300532345524272
61029.1505 lsst_hardware_r 7.062066716046912 23.780000686645508 31.479999542236328 AB 3.4230979037632676 1.1333823040355162
61029.1688 lsst_hardware_i -7.983367150869449 31.860000610351562 31.229999542236328 AB 4.25438069357145 1.1305821667740183
61031.1488 lsst_hardware_z -43.11791431198829 42.779998779296875 30.940000534057617 AB 3.9711806566059873 1.1316054302638976
61031.1667 lsst_hardware_u 3.281560964841897 2.630000114440918 28.31999969482422 AB 4.323517485313785 1.1316627366346634
61033.118 lsst_hardware_r -9.922562525541418 23.6200008392334 31.479999542236328 AB 7.150646067995973 1.155971343337622
61033.137 lsst_hardware_g -18.51855143303746 14.390000343322754 31.40999984741211 AB 7.113938721765031 1.13496150634419
61035.1246 lsst_hardware_r 5.650613238082887 24.639999389648438 31.489999771118164 AB 8.595636128371694 1.1406981867896406
61035.1439 lsst_hardware_i 5.342049234713186 31.799999237060547 31.229999542236328 AB 7.818865593645717 1.1300571749740882
61039.1334 lsst_hardware_z 18.367228242199435 105.75 32.470001220703125 AB 8.91010094450377 1.1300064609389688
61041.1255 lsst_hardware_r -22.00994921395924 94.1500015258789 31.6299991607666 AB 7.871185500521771 1.1303952987982953
61041.1459 lsst_hardware_i -28.22949485237731 76.43000030517578 31.309999465942383 AB 7.907385842602767 1.1351686042360765
61050.0898 lsst_hardware_r 10.323993267342887 23.219999313354492 31.489999771118164 AB 9.628416476684114 1.1354934225702122
61050.1113 lsst_hardware_i -22.442279966134606 31.270000457763672 31.25 AB 9.598998965634278 1.1305353681258965
61059.0791 lsst_hardware_r -12.575189777984466 23.149999618530273 31.469999313354492 AB 4.0955710569272075 1.12996856309207
61059.0987 lsst_hardware_i 6.246569751160013 31.329999923706055 31.229999542236328 AB 4.410977693539109 1.1365813987775486
61061.0759 lsst_hardware_z 2.461703878095365 42.18000030517578 30.940000534057617 AB 13.567384537197558 1.1298699777672387
61061.0955 lsst_hardware_u -4.098222505962843 2.619999885559082 28.360000610351562 AB 14.428989649070424 1.1384417049473
61063.0426 lsst_hardware_y -16.62052468833209 52.0 30.010000228881836 AB 8.521165031231678 1.1468593581738464
61063.0622 lsst_hardware_g 3.3949144588419453 14.520000457763672 31.399999618530273 AB 8.09675720726327 1.1313060230911374
61069.0405 lsst_hardware_y 17.0060230156041 57.36000061035156 30.030000686645508 AB 14.564145505535828 1.1338156521310079
61069.0595 lsst_hardware_z -50.62498580454573 60.220001220703125 30.969999313354492 AB 14.350427035598562 1.1305483483927439
61072.0443 lsst_hardware_z -10.312995627855953 99.58999633789062 31.729999542236328 AB 9.170074035060031 1.1299108566749876
61074.0331 lsst_hardware_y -40.098647652910536 60.900001525878906 30.040000915527344 AB 7.889314878826691 1.1309899834651855
61074.052 lsst_hardware_r 98.87245518131735 62.779998779296875 31.6299991607666 AB 8.96450973513266 1.1328838285268115
61078.0306 lsst_hardware_y -49.80018333705933 58.36000061035156 30.030000686645508 AB 5.442821496858758 1.1298998004031522
61078.0498 lsst_hardware_u -1.36256320042966 2.5799999237060547 28.280000686645508 AB 7.007417778898305 1.1390779624878549
61080.0299 lsst_hardware_y -33.981388978466946 56.70000076293945 30.020000457763672 AB 6.264216250039887 1.1306569249816187
61080.0496 lsst_hardware_r -7.255543672506981 23.280000686645508 31.479999542236328 AB 6.877864597693221 1.1444827729642744
