data/validation/pwv_sim_epoch_fit_epoch/62352689.ecsv
# %ECSV 0.9
# ---
# datatype:
# - {name: time, datatype: float64}
# - {name: band, datatype: string}
# - {name: flux, datatype: float64}
# - {name: fluxerr, datatype: float64}
# - {name: zp, datatype: float64}
# - {name: zpsys, datatype: string}
# - {name: pwv, datatype: float64}
# - {name: airmass, datatype: float64}
# meta: {SNID: '62352689', alt: 1024.0, c: -0.08534147590398788, dec: -4.630479, lat: -30.244573, lon: -70.7499537, ra: 220.429688, t0: 62339.7734375,
#   x0: 3.6252814112638705e-06, x1: -0.3302309811115265, z: 0.6993237733840942}
# schema: astropy-2.0
time band flux fluxerr zp zpsys pwv airmass
62187.3481 lsst_hardware_z -78.56846561408315 61.380001068115234 31.690000534057617 AB 4.288748455280429 1.148643710821675
62187.3769 lsst_hardware_y 50.40893406214241 68.73999786376953 30.780000686645508 AB 3.0033214072223657 1.1123412619342095
62189.3766 lsst_hardware_u 0.010868403931024425 2.930000066757202 28.469999313354492 AB 9.551472271446737 1.109711551007502
62189.3951 lsst_hardware_y -114.84423824239629 66.94999694824219 30.049999237060547 AB 9.563226539354474 1.1095088412894818
62191.3725 lsst_hardware_r -13.936969041319497 24.489999771118164 31.510000228881836 AB 11.095755807416467 1.1092058454598266
62191.391 lsst_hardware_y 74.09848368525464 53.0 30.020000457763672 AB 11.890051901527467 1.1100613286626881
62195.378 lsst_hardware_z -42.347203670804504 61.529998779296875 30.969999313354492 AB 5.2404463290675505 1.109245677499658
62195.3969 lsst_hardware_y 81.24611217941725 65.91000366210938 30.030000686645508 AB 5.304278744808918 1.123470505113439
62197.3451 lsst_hardware_r 126.10481613649927 103.05999755859375 31.639999389648438 AB 3.569792099605504 1.11556003112672
62197.3632 lsst_hardware_i -19.519409472768995 81.98999786376953 31.329999923706055 AB 3.5450675619325622 1.1078336131039257
62198.2961 lsst_hardware_z 34.985696611354605 75.97000122070312 30.969999313354492 AB 7.338286664620221 1.2040340727052334
62198.3139 lsst_hardware_i -36.72221178758188 84.31999969482422 31.31999969482422 AB 6.966033439737429 1.1571484119165165
62201.353 lsst_hardware_z 62.27341192044088 74.37000274658203 31.709999084472656 AB 7.956025999410651 1.1078116057243221
62203.3452 lsst_hardware_r 18.12188802392021 30.530000686645508 31.540000915527344 AB 9.00079134591814 1.1079601595221695
62203.3625 lsst_hardware_i -15.708465026985072 34.95000076293945 31.260000228881836 AB 9.009630171836923 1.112300021214435
62207.342 lsst_hardware_g 1.4897368700940103 15.109999656677246 31.450000762939453 AB 7.613176800851995 1.1083384482242074
62207.3603 lsst_hardware_r 17.284044435471905 24.280000686645508 31.5 AB 7.701761907135477 1.1193201187567456
62209.3441 lsst_hardware_i 1.9418656736762718 31.799999237060547 31.239999771118164 AB 11.572523731174035 1.111140060602409
62209.363 lsst_hardware_z 56.28756467084433 42.88999938964844 30.940000534057617 AB 11.756114573562531 1.1289301938409362
62210.3085 lsst_hardware_z -42.78631861831751 42.81999969482422 30.940000534057617 AB 9.266830030796314 1.116485545879074
62210.3282 lsst_hardware_i 2.1266365053275096 31.959999084472656 31.25 AB 9.19485637734495 1.1078140213668612
62212.3124 lsst_hardware_u 2.7794291117846304 2.75 28.40999984741211 AB 8.958545800065389 1.1103111854824799
62212.3317 lsst_hardware_g -0.4648909632887743 14.899999618530273 31.43000030517578 AB 9.043974933832194 1.1092818513224818
62215.3126 lsst_hardware_r 29.10547721663479 24.360000610351562 31.520000457763672 AB 5.298172717252467 1.1079407606132363
62215.3321 lsst_hardware_i 32.74719994851959 32.0099983215332 31.260000228881836 AB 5.332582361902605 1.1138747122287815
62217.3062 lsst_hardware_z -0.5275026829246867 42.650001525878906 30.950000762939453 AB 6.4041174183424445 1.1080586694558385
62217.3263 lsst_hardware_u 2.4966009455302243 2.9700000286102295 28.579999923706055 AB 6.447563641429453 1.1136329624208905
62221.3159 lsst_hardware_z 5.783481131196191 42.79999923706055 30.950000762939453 AB 7.118859352406524 1.1140043846027632
62221.3344 lsst_hardware_r -9.134657885520406 24.43000030517578 31.510000228881836 AB 8.512510252002082 1.135001366933611
62225.2854 lsst_hardware_z 197.728637577133 85.36000061035156 30.989999771118164 AB 7.445467786951013 1.1079290375165813
62225.3044 lsst_hardware_r -48.77488503641095 127.9800033569336 31.649999618530273 AB 7.188229377027574 1.1135909182072152
62227.2808 lsst_hardware_i 2.0342494467246004 104.56999969482422 31.329999923706055 AB 5.113499355705384 1.1078571580209544
62227.2989 lsst_hardware_r -73.73052046910823 125.6500015258789 31.639999389648438 AB 5.720003566901013 1.1135633160741751
62229.29 lsst_hardware_z -104.32919926627157 81.87999725341797 31.719999313354492 AB 6.665133184333142 1.1114112363403605
62231.2766 lsst_hardware_r 10.16972211211429 37.90999984741211 31.579999923706055 AB 7.694995263585634 1.1083630588994096
62231.2951 lsst_hardware_i -38.89590077912729 38.810001373291016 31.270000457763672 AB 7.743451434120975 1.1196430645056104
62233.2787 lsst_hardware_z -29.761149134206782 43.09000015258789 30.940000534057617 AB 8.88963577628161 1.1112044720352012
62233.2976 lsst_hardware_r 22.287755591041467 27.079999923706055 31.520000457763672 AB 9.463346199674707 1.129097939827565
62235.2781 lsst_hardware_u -3.639564107587373 2.700000047683716 28.3700008392334 AB 5.893610077970775 1.1143146299812394
62235.297 lsst_hardware_g -29.2996261576603 15.180000305175781 31.43000030517578 AB 8.870695204156153 1.1362974215400707
62237.2613 lsst_hardware_r 13.212275882076984 24.31999969482422 31.5 AB 3.7900071008923875 1.108621421867898
62237.278 lsst_hardware_z -53.35623008337239 43.11000061035156 30.940000534057617 AB 3.817971073464016 1.11892865924799
62243.2633 lsst_hardware_g -1.377290352179114 15.670000076293945 31.469999313354492 AB 15.048649915234535 1.1206361948494168
62243.2813 lsst_hardware_r -15.476366628300465 24.889999389648438 31.510000228881836 AB 15.452446629670956 1.147004648877001
62245.2297 lsst_hardware_r -33.24179151792091 24.59000015258789 31.510000228881836 AB 9.968715546379547 1.108065975254771
62245.247 lsst_hardware_i 54.26231654992082 32.25 31.25 AB 9.980248974161443 1.1117989945222486
62247.2295 lsst_hardware_z -59.37538671103766 42.9900016784668 30.950000762939453 AB 8.81199240947321 1.1078692996571655
62247.2455 lsst_hardware_r 9.749969116765469 24.770000457763672 31.510000228881836 AB 8.901196310556482 1.11443728195937
62249.2243 lsst_hardware_z 43.452370427793916 44.709999084472656 30.950000762939453 AB 4.999444565928227 1.1078896934708264
62249.2406 lsst_hardware_g 4.456630323649608 15.649999618530273 31.450000762939453 AB 5.093354647732166 1.1148652166569868
62251.2289 lsst_hardware_r -70.48862367212608 63.90999984741211 31.6299991607666 AB 14.107961578197228 1.1108631163934826
62251.2457 lsst_hardware_z 16.629013474456993 55.099998474121094 30.969999313354492 AB 14.29388030910828 1.125502386543959
62253.2222 lsst_hardware_r 143.98616540773565 127.97000122070312 31.639999389648438 AB 3.2070044475413195 1.1102663830850432
62253.2401 lsst_hardware_y -13.631476501992555 64.9800033569336 30.030000686645508 AB 3.199313318664299 1.1253300452565245
62255.2187 lsst_hardware_z -13.041743117845636 109.98999786376953 31.0 AB 11.64766221642733 1.1112414262770547
62255.2366 lsst_hardware_r 229.30941125690055 161.49000549316406 31.639999389648438 AB 11.764890166979283 1.1278414552610037
62258.1931 lsst_hardware_r 28.419794622747037 60.56999969482422 31.6200008392334 AB 8.71033830614117 1.1082560348802302
62258.2103 lsst_hardware_i -30.60375324577798 52.47999954223633 31.299999237060547 AB 8.987281307989477 1.1111298636514533
62260.225 lsst_hardware_r -40.46823809749495 38.45000076293945 31.579999923706055 AB 10.741247132804899 1.1306575929268314
62260.2429 lsst_hardware_z -50.79683340173126 46.7599983215332 30.950000762939453 AB 11.095355576357623 1.1638077944502943
62262.1911 lsst_hardware_u 2.724907232795607 2.799999952316284 28.440000534057617 AB 3.6538995605985316 1.108193770590466
62262.2097 lsst_hardware_g 24.855626591817213 15.510000228881836 31.450000762939453 AB 2.5991784690373674 1.1188887081522663
62265.1788 lsst_hardware_r 14.236695612302768 24.770000457763672 31.520000457763672 AB 8.462177703706653 1.1078082174515604
62265.1976 lsst_hardware_u -2.9426597621869726 2.9600000381469727 28.549999237060547 AB 8.560388487594285 1.1154085068964061
62269.1528 lsst_hardware_i 8.105291365800701 32.209999084472656 31.25 AB 7.701948759308225 1.1124758977804101
62269.1714 lsst_hardware_z -42.12228480600308 42.84000015258789 30.950000762939453 AB 6.661876673309799 1.1080965857135394
62271.1538 lsst_hardware_r 6.359054546386314 24.559999465942383 31.510000228881836 AB 7.711494325882616 1.1093015093574063
62271.1746 lsst_hardware_u -1.168362274248134 2.7699999809265137 28.420000076293945 AB 7.236005208712355 1.111023766931716
62276.1246 lsst_hardware_z -86.73300378857505 43.22999954223633 30.940000534057617 AB 9.125948725619104 1.1199773441136431
62276.1457 lsst_hardware_g 12.919574316145226 16.1299991607666 31.450000762939453 AB 8.531469639669574 1.1079830700869575
62278.1244 lsst_hardware_r -19.773957651541643 41.4900016784668 31.600000381469727 AB 5.150728717014628 1.115198192194276
62278.1454 lsst_hardware_z -6.314423376409566 46.880001068115234 30.959999084472656 AB 5.482534063425018 1.1079183719157357
62281.1082 lsst_hardware_r -216.32933693359553 108.5999984741211 31.639999389648438 AB 6.43381338095078 1.1229602131051892
62281.1297 lsst_hardware_y 35.716582747484914 60.869998931884766 30.040000915527344 AB 6.22634510842415 1.108383641909112
62284.1123 lsst_hardware_z 25.744555606613748 83.4000015258789 30.989999771118164 AB 8.446200530582257 1.1121958341598492
62284.1349 lsst_hardware_r -70.93466836531778 125.33000183105469 31.649999618530273 AB 7.944712396451859 1.1092094096267866
62286.0953 lsst_hardware_i 141.92617147833866 58.91999816894531 31.309999465942383 AB 13.544351679764405 1.122111361504846
62286.1161 lsst_hardware_z 31.400520207952813 56.529998779296875 30.969999313354492 AB 13.514299423025372 1.108372983469258
62290.0932 lsst_hardware_u -3.9958788557256244 2.7799999713897705 28.43000030517578 AB 10.091822964642336 1.1140107036805948
62290.1135 lsst_hardware_g 9.480827124828643 15.010000228881836 31.43000030517578 AB 10.043635753899915 1.10801872733189
62303.0885 lsst_hardware_r 23.300630300810578 24.219999313354492 31.510000228881836 AB 8.822112675568889 1.1117273864997654
62303.1087 lsst_hardware_u -0.3154937487298972 2.75 28.40999984741211 AB 9.011994054274053 1.1322667404936462
62307.0545 lsst_hardware_r 15.42028235795025 47.38130986391449 31.610000610351562 AB 4.11470946252042 1.1096843210680745
62307.078 lsst_hardware_i 91.43712137442465 45.27335174305489 31.290000915527344 AB 4.198446559240459 1.1119748987128708
62309.0586 lsst_hardware_z -25.84592605294617 100.87849292386504 31.739999771118164 AB 3.3195688274851225 1.1078153937877933
62309.0813 lsst_hardware_r 166.17153205638786 129.09196558970194 32.38999938964844 AB 3.3363490131931 1.1188293136126708
62311.0565 lsst_hardware_z -97.9772407067986 108.14128053191462 31.729999542236328 AB 3.7674391453956018 1.1080703368810594
62313.0525 lsst_hardware_r -11.750288625701888 99.73524992018847 31.639999389648438 AB 4.219408601150012 1.1083290257814584
62313.0752 lsst_hardware_z 59.285268456257455 68.92997234074987 30.979999542236328 AB 4.336255887598134 1.1240375575395332
62324.0391 lsst_hardware_r 1169.227568053088 48.30591588936261 32.25 AB 3.352972449692947 1.1176574832309825
62324.07 lsst_hardware_i 1019.3129508457909 56.38265906153598 31.979999542236328 AB 3.7350361664838143 1.1681722789252964
62326.0233 lsst_hardware_z 382.28633646171755 47.58966962302162 30.950000762939453 AB 2.6792972447575174 1.11047445643243
62326.0487 lsst_hardware_r 795.400403335015 36.985690168293154 31.510000228881836 AB 3.231009971122045 1.1365790066386579
62329.003 lsst_hardware_u 9.062495176877938 3.9506997539207336 28.450000762939453 AB 10.816337043231918 1.1078339779005042
62329.0232 lsst_hardware_g 281.24246430953724 23.10915860285541 31.450000762939453 AB 10.840182832361732 1.115704284928132
62331.0017 lsst_hardware_r 1130.7840205020375 40.98849460394113 31.5 AB 7.78494937501388 1.108046406122246
62331.0221 lsst_hardware_z 584.9432754567558 49.309887275200694 30.940000534057617 AB 7.801962449431981 1.1196980134328023
62332.9689 lsst_hardware_y 329.2300499165801 52.07041713124897 30.020000457763672 AB 4.695251487765176 1.1200504503257727
62332.9888 lsst_hardware_r 1165.600511446326 42.74988261954864 31.510000228881836 AB 4.719363703274389 1.1081787030231034
62334.971 lsst_hardware_z 754.9078995138896 54.34374556650837 30.959999084472656 AB 2.2615988973304164 1.1135395850962169
62334.9935 lsst_hardware_g 338.1669161283566 37.641470996846685 31.639999389648438 AB 2.247090620311023 1.1085794870799324
62343.967 lsst_hardware_y 382.97691806151585 58.70949014198928 30.040000915527344 AB 4.867091587300496 1.108172037181247
62343.9893 lsst_hardware_i 1207.8195253020765 59.79220281515887 31.299999237060547 AB 4.896363410054214 1.1225900061263006
62551.3745 lsst_hardware_i -70.29393099487764 73.27999877929688 31.31999969482422 AB 3.446718902380571 1.1166475925639465
62551.3914 lsst_hardware_y -13.288880527526869 65.80999755859375 30.040000915527344 AB 2.3457425189649963 1.1080503159966917
62553.3765 lsst_hardware_i -118.98313173586747 73.3499984741211 31.31999969482422 AB 5.7978327637856255 1.1113523819214335
62553.3935 lsst_hardware_y 4.636615776380301 70.01000213623047 30.040000915527344 AB 5.7756410050127265 1.1081075058381467
62555.377 lsst_hardware_z -34.38174254040558 64.66999816894531 30.979999542236328 AB 10.755644122429652 1.1088292909721291
62555.394 lsst_hardware_y 84.07710239397385 66.9000015258789 30.040000915527344 AB 10.765499703981964 1.1098453303074192
62558.3734 lsst_hardware_i -18.90133006379668 34.810001373291016 31.260000228881836 AB 7.3119084175185725 1.1079068779148562
62558.3919 lsst_hardware_y 18.472549380484498 52.43000030517578 30.030000686645508 AB 6.5009404015086245 1.1131747262857234
62562.3757 lsst_hardware_r 3.8209813030098045 24.399999618530273 31.5 AB 3.374993681229296 1.1101952898780578
62562.3937 lsst_hardware_y 24.384737837384346 52.5 30.020000457763672 AB 3.4448620966880226 1.1253122406494154
62564.3434 lsst_hardware_i -20.887752293611662 31.799999237060547 31.229999542236328 AB 8.0808976696527 1.113237421054937
62564.3613 lsst_hardware_z -15.594222851312807 42.58000183105469 30.940000534057617 AB 8.195081029706095 1.1078426049531016
62565.3432 lsst_hardware_i -33.74723608274583 31.940000534057617 31.239999771118164 AB 10.767826811639233 1.11165148267035
62565.3618 lsst_hardware_u 2.090840001349869 2.700000047683716 28.3700008392334 AB 10.732726285570141 1.108304279663374
62567.349 lsst_hardware_g 14.326658353766968 15.029999732971191 31.420000076293945 AB 9.52783177865243 1.1078874161223757
62567.3677 lsst_hardware_r -16.619864286972696 24.219999313354492 31.489999771118164 AB 9.575468090442456 1.1134265221444717
62576.3104 lsst_hardware_g -5.34250408484318 14.970000267028809 31.43000030517578 AB 8.588945181232083 1.1133989648350977
62576.3292 lsst_hardware_r -38.11889470575047 24.06999969482422 31.5 AB 8.505897974974665 1.107899443174818
62577.3146 lsst_hardware_i 88.29625839465405 48.33000183105469 31.290000915527344 AB 8.958633562968885 1.109634429054154
62577.3313 lsst_hardware_z -16.293911809809284 49.290000915527344 30.950000762939453 AB 8.930971753741842 1.1088864854410034
62579.3122 lsst_hardware_i -1.8825447833487727 79.94000244140625 31.31999969482422 AB 6.097410988700107 1.1086201797636557
62579.3307 lsst_hardware_z -89.89706238171628 69.93000030517578 30.979999542236328 AB 6.1097990202581585 1.110872549137847
62581.2667 lsst_hardware_z 26.655739819014258 86.23999786376953 30.979999542236328 AB 5.140878810002783 1.154475367168786
62581.2865 lsst_hardware_r 35.08873345854629 124.0999984741211 31.639999389648438 AB 5.046285234477931 1.1227689919853003
62583.3096 lsst_hardware_i 33.690110967151405 81.12000274658203 31.31999969482422 AB 6.838596214130309 1.1078536945428046
62583.3291 lsst_hardware_r 11.220015244979695 99.9800033569336 31.639999389648438 AB 6.910272264396538 1.1175040048078158
62585.2622 lsst_hardware_z -0.3103315001465713 49.939998626708984 30.950000762939453 AB 7.520010966579231 1.1421355726990352
62585.2798 lsst_hardware_r -91.48087338496836 48.61000061035156 31.600000381469727 AB 7.26090071896954 1.1183520552899016
