data/validation/pwv_sim_epoch_fit_epoch/62408619.ecsv
# %ECSV 0.9
# ---
# datatype:
# - {name: time, datatype: float64}
# - {name: band, datatype: string}
# - {name: flux, datatype: float64}
# - {name: fluxerr, datatype: float64}
# - {name: zp, datatype: float64}
# - {name: zpsys, datatype: string}
# - {name: pwv, datatype: float64}
# - {name: airmass, datatype: float64}
# meta: {SNID: '62408619', alt: 1024.0, c: -0.08761594444513321, dec: -22.508005, lat: -30.244573, lon: -70.7499537, ra: 129.375, t0: 62224.4140625,
#   x0: 3.624717347282217e-06, x1: -0.19045878946781158, z: 0.6993305683135986}
# schema: astropy-2.0
time band flux fluxerr zp zpsys pwv airmass
[from data line 133]
62498.2807 lsst_hardware_y -96.96553274848655 47.27000045776367 30.049999237060547 AB 6.200168330602268 1.009634966715888
62498.3023 lsst_hardware_g -18.556114603340703 31.15999984741211 31.670000076293945 AB 6.296138269337509 1.0125664633865405
62499.1501 lsst_hardware_r 19.791608184145197 23.40999984741211 31.420000076293945 AB 9.852335266940404 1.3857011627201692
62499.174 lsst_hardware_g -10.412367461025465 13.4399995803833 31.34000015258789 AB 8.757518154017044 1.2417167989815383
62502.261 lsst_hardware_i -71.12928737727191 29.760000228881836 31.25 AB 7.162454798670061 1.012754752542693
62502.2826 lsst_hardware_z 46.051355238006764 40.349998474121094 30.950000762939453 AB 7.141064757998602 1.009554668706012
62505.1363 lsst_hardware_r 5.281155248459557 23.34000015258789 31.43000030517578 AB 3.3456022079799994 1.3674123465858308
62505.1574 lsst_hardware_u -6.126445634944117 2.5399999618530273 28.260000228881836 AB 3.0515977467872935 1.2428024083301341
62507.136 lsst_hardware_g -1.4744740111121342 13.5600004196167 31.31999969482422 AB 10.614242871209928 1.3330289320200852
62507.1568 lsst_hardware_r -9.273498960451485 22.8799991607666 31.459999084472656 AB 9.666296052060435 1.2194526195553583
62508.2426 lsst_hardware_z -39.40143179381842 40.2400016784668 30.940000534057617 AB 8.867606660250852 1.0138269809738016
62508.2622 lsst_hardware_r 25.414721607429247 21.760000228881836 31.479999542236328 AB 9.654526643265648 1.0090081842813776
62509.1331 lsst_hardware_i 19.62620159739357 32.540000915527344 31.219999313354492 AB 9.327611706744518 1.3169787445839467
62509.1554 lsst_hardware_z 51.90592971013844 43.279998779296875 30.940000534057617 AB 8.626425431600804 1.2012568196812223
62511.237 lsst_hardware_u 0.08060159936009642 2.680000066757202 28.459999084472656 AB 7.230407741850999 1.0124730781158047
62511.2579 lsst_hardware_g -22.701623099923427 13.510000228881836 31.420000076293945 AB 6.711844499970596 1.009527637808618
62516.1986 lsst_hardware_r 27.970578305631893 47.20000076293945 31.6299991607666 AB 6.302825877640547 1.034649464873074
62516.217 lsst_hardware_z -113.82331419004693 45.959999084472656 30.969999313354492 AB 5.487384159257549 1.0161822517143608
62518.2061 lsst_hardware_z 16.80570997802301 55.2400016784668 30.979999542236328 AB 3.1583971106212685 1.020428768710769
62518.227 lsst_hardware_i -42.23395679653269 58.13999938964844 31.329999923706055 AB 3.235628566268155 1.0094515077791584
62519.119 lsst_hardware_r 181.03219225832967 93.37999725341797 31.600000381469727 AB 4.914696736231949 1.2436760261231095
62519.1369 lsst_hardware_i -104.34461352426337 73.47000122070312 31.309999465942383 AB 5.060927553248038 1.1655752080257877
62520.2001 lsst_hardware_z -53.05421198816332 71.3499984741211 30.989999771118164 AB 5.92124298409968 1.020903962775807
62520.2204 lsst_hardware_r -49.081672299501804 105.45999908447266 31.670000076293945 AB 6.0254423565376545 1.0096814539246475
62524.1792 lsst_hardware_r -71.57603649062273 69.88999938964844 31.649999618530273 AB 8.9973903315008 1.0315150852967345
62524.1994 lsst_hardware_i 18.09255126495583 58.650001525878906 31.329999923706055 AB 8.74021420200052 1.0135540241979655
62525.1216 lsst_hardware_i 3.349204259034828 45.70000076293945 31.280000686645508 AB 15.091849768482724 1.161522064301701
62525.1411 lsst_hardware_z 34.853517959012876 50.83000183105469 30.959999084472656 AB 15.607964015729856 1.0995911994737235
62526.1855 lsst_hardware_z -37.46459903443864 45.7599983215332 30.959999084472656 AB 7.866727599497186 1.0193692830343952
62526.2054 lsst_hardware_r -37.66433788672031 43.25 31.6200008392334 AB 7.823405429051926 1.0094065452618395
62530.171 lsst_hardware_i -3.783866275254783 30.09000015258789 31.25 AB 9.840074719269678 1.0225579049433315
62530.1874 lsst_hardware_z -27.756317559015233 40.47999954223633 30.950000762939453 AB 9.733130875555151 1.0114620651112962
62532.1688 lsst_hardware_r -12.517692061979506 22.290000915527344 31.5 AB 10.455323973096274 1.0196337012966914
62532.187 lsst_hardware_u -4.687575161049459 2.700000047683716 28.479999542236328 AB 10.437562358199633 1.009826079547178
62534.1694 lsst_hardware_g 7.666252049708247 13.729999542236328 31.43000030517578 AB 8.815584469780076 1.015152518399364
62534.1878 lsst_hardware_r 22.485669952604244 22.31999969482422 31.5 AB 9.047751226141648 1.0089491191682909
62535.1202 lsst_hardware_r -2.8561381812253703 22.59000015258789 31.489999771118164 AB 7.900137600530836 1.0833855346136816
62535.1386 lsst_hardware_i 10.54773699026987 30.25 31.25 AB 7.847607462545992 1.0466383945601767
62536.1496 lsst_hardware_r 29.91783342723296 22.239999771118164 31.489999771118164 AB 10.5462136958961 1.0277708559772054
62536.166 lsst_hardware_i -25.504100472171153 29.90999984741211 31.25 AB 10.409281102486217 1.0139074760128746
62538.1476 lsst_hardware_z 38.37137350510566 40.75 30.950000762939453 AB 4.0321480559651945 1.0240809488567206
62538.1673 lsst_hardware_r -36.92439734720812 22.280000686645508 31.489999771118164 AB 5.4507578285958305 1.0108034916264748
62540.1489 lsst_hardware_u 0.8539918122563904 2.609999895095825 28.399999618530273 AB 8.662347207865661 1.018061647872639
62540.166 lsst_hardware_r -10.1527238476819 22.3700008392334 31.5 AB 8.704888040513488 1.00963306804586
62541.0236 lsst_hardware_y -60.94766655488908 79.41000366210938 29.920000076293945 AB 8.15581927802817 1.479916399569619
62541.043 lsst_hardware_z -19.842460034504604 46.029998779296875 30.920000076293945 AB 8.071806484876351 1.3340910105160282
62544.132 lsst_hardware_r -40.47047744269995 38.220001220703125 31.610000610351562 AB 4.138920731693691 1.0233032961167852
62544.1483 lsst_hardware_z -35.090175050862904 44.150001525878906 30.959999084472656 AB 4.055907640911797 1.0118267783240107
62545.1274 lsst_hardware_y -25.02404482968262 48.41999816894531 30.049999237060547 AB 3.7458016210398397 1.0251937382250491
62545.1435 lsst_hardware_r 5.175688744247005 46.849998474121094 31.6299991607666 AB 3.707673139945129 1.0127948481525506
62549.1186 lsst_hardware_r 75.80941196766368 110.06999969482422 31.65999984741211 AB 2.447918777359809 1.023056640835795
62549.1372 lsst_hardware_z 35.31788501554591 73.27999877929688 31.0 AB 2.963400708159315 1.010824573561973
62553.1186 lsst_hardware_z -46.469151873209604 53.15999984741211 30.979999542236328 AB 4.6617090058844965 1.0144809413988356
62553.135 lsst_hardware_i -11.52457855729819 54.45000076293945 31.329999923706055 AB 5.048343590699196 1.0089960541037701
62556.0164 lsst_hardware_y -62.06189903560861 65.12999725341797 30.0 AB 9.32594629730576 1.2516368671729647
62556.0363 lsst_hardware_i -12.415107283046586 31.420000076293945 31.239999771118164 AB 8.864760216270916 1.1639653645314059
62559.0135 lsst_hardware_y 4.4188712613218675 63.65999984741211 30.0 AB 9.725769206390238 1.2256025715317544
62559.0329 lsst_hardware_r -12.326503032535422 22.84000015258789 31.469999313354492 AB 9.114266943620757 1.1466650240448837
62561.0128 lsst_hardware_y -63.845617247776104 62.369998931884766 30.010000228881836 AB 6.102483274298923 1.2039424462242017
62561.0326 lsst_hardware_z -45.696494097812845 42.119998931884766 30.93000030517578 AB 5.764108087603385 1.1294790504774759
62562.0942 lsst_hardware_r -3.9145325385647776 22.1299991607666 31.5 AB 3.0451539743620564 1.0143750747374922
62562.1111 lsst_hardware_g -1.9236043163364571 13.489999771118164 31.420000076293945 AB 2.9370702155869073 1.008955759390899
62564.0905 lsst_hardware_r -38.97378421864243 22.049999237060547 31.479999542236328 AB 4.572518527746486 1.01337536166952
62564.1091 lsst_hardware_i 15.507824076821985 29.760000228881836 31.239999771118164 AB 4.554225691948787 1.0089858264416485
62565.0757 lsst_hardware_z 14.115544893433887 40.5 30.950000762939453 AB 10.938618258714346 1.0223007718424624
62565.0938 lsst_hardware_i 13.133447896064443 29.709999084472656 31.239999771118164 AB 10.428639329910487 1.010722943391203
62567.0755 lsst_hardware_u -0.924771004443428 2.609999895095825 28.40999984741211 AB 6.541460195847483 1.0178092727318317
62567.0934 lsst_hardware_g -3.4483965565547288 13.380000114440918 31.40999984741211 AB 7.356241545459974 1.009409716707676
62569.0737 lsst_hardware_r 20.55103674403421 21.969999313354492 31.479999542236328 AB 10.930425184695155 1.0152333430059666
62569.0926 lsst_hardware_i -12.775808602430494 29.770000457763672 31.25 AB 10.336511152037275 1.0089322744789921
62576.0499 lsst_hardware_r 75.24035408016118 70.61000061035156 31.649999618530273 AB 7.933528105048747 1.0186099018925667
62576.071 lsst_hardware_z 42.96016294538583 56.22999954223633 30.979999542236328 AB 7.859366913237804 1.0090989167667497
62577.0512 lsst_hardware_r -39.8065907985902 81.22000122070312 31.65999984741211 AB 8.267225963230226 1.0156609187297185
62577.0707 lsst_hardware_i -45.37497492457469 68.37000274658203 31.34000015258789 AB 8.228858129276853 1.0089330712698448
62579.0481 lsst_hardware_z 31.626014071877982 69.08000183105469 31.0 AB 7.567085643232811 1.0141847067492458
62579.0683 lsst_hardware_i -96.67361993958845 80.5999984741211 31.34000015258789 AB 7.308235112833904 1.008995033813947
62581.0463 lsst_hardware_z -140.2942909255639 58.31999969482422 30.989999771118164 AB 3.9781796348061476 1.0122594490600885
62581.065 lsst_hardware_g 13.596333205656537 86.55000305175781 31.75 AB 3.9389880012827447 1.0092205998674724
62585.0341 lsst_hardware_z 10.177731345907004 40.25 30.940000534057617 AB 8.388679375991414 1.0128808712860542
62585.0517 lsst_hardware_u 1.7896653755863567 2.549999952316284 28.3700008392334 AB 10.391823137445257 1.0089801738732531
62595.0162 lsst_hardware_g -1.0879724897455878 13.130000114440918 31.399999618530273 AB 5.148698200633751 1.0095486667909317
62595.0346 lsst_hardware_r -23.226909266837318 21.690000534057617 31.479999542236328 AB 5.157636528215993 1.0113012800423515
62596.9931 lsst_hardware_y -11.46674813162613 46.959999084472656 30.059999465942383 AB 8.439949662019172 1.018180132342392
62597.0108 lsst_hardware_i -16.516046199572497 29.579999923706055 31.25 AB 8.1772438577743 1.009536278737568
62598.9923 lsst_hardware_z -92.25831684535959 41.31999969482422 30.950000762939453 AB 8.865686955922675 1.0149032059896599
62599.0103 lsst_hardware_u 1.7257175058590435 2.7799999713897705 28.459999084472656 AB 7.633073918051693 1.0089429643291328
62600.9892 lsst_hardware_y -53.37035994591403 47.869998931884766 30.059999465942383 AB 5.626041632748074 1.0135185791295396
62601.0058 lsst_hardware_r 13.277301279710223 27.809999465942383 31.559999465942383 AB 5.746890799919447 1.0089197196762887
62602.9881 lsst_hardware_y 4.641840178479549 49.43000030517578 30.059999465942383 AB 5.486826330364514 1.011443168876817
62603.0051 lsst_hardware_z -51.478482959124186 46.400001525878906 30.969999313354492 AB 5.037809608919268 1.0092439951090353
62604.9871 lsst_hardware_y -74.19358062184416 51.380001068115234 30.06999969482422 AB 4.8869536478334314 1.00996200420224
62605.0047 lsst_hardware_z 25.297367766626618 55.15999984741211 30.989999771118164 AB 5.059028708141723 1.010391193956805
62606.9704 lsst_hardware_y -5.9792567583200125 69.72000122070312 30.079999923706055 AB 15.103116809057756 1.0149375690692337
62606.9884 lsst_hardware_r 10.618161690915645 78.76000213623047 31.670000076293945 AB 15.041269256006537 1.0089450855086974
62614.9644 lsst_hardware_y -221.85641553481892 73.86000061035156 30.079999923706055 AB 9.693163233737105 1.0091088489853668
62614.9742 lsst_hardware_i 22.455550591671543 31.920000076293945 31.260000228881836 AB 9.717958810968865 1.0095706495682313
