data/validation/pwv_sim_epoch_fit_epoch/62408063.ecsv
# %ECSV 0.9
# ---
# datatype:
# - {name: time, datatype: float64}
# - {name: band, datatype: string}
# - {name: flux, datatype: float64}
# - {name: fluxerr, datatype: float64}
# - {name: zp, datatype: float64}
# - {name: zpsys, datatype: string}
# - {name: pwv, datatype: float64}
# - {name: airmass, datatype: float64}
# meta: {SNID: '62408063', alt: 1024.0, c: -0.08444239944219589, dec: 0.596842, lat: -30.244573, lon: -70.7499537, ra: 209.003906, t0: 62552.73046875,
#   x0: 3.697119161841781e-06, x1: -0.7991712689399719, z: 0.6938077211380005}
# schema: astropy-2.0
time band flux fluxerr zp zpsys pwv airmass
[from data line 132]
62957.247 lsst_hardware_z 16.666155377593306 43.58000183105469 30.940000534057617 AB 4.940678856336534 1.163425162402666
62957.266 lsst_hardware_u 1.4372540995171033 2.759999990463257 28.389999389648438 AB 5.4218666541621525 1.1673317039246776
62961.2443 lsst_hardware_i 11.145487087696855 97.18000030517578 32.060001373291016 AB 8.214656144055848 1.1630548129769005
62961.2654 lsst_hardware_z 18.33837349055098 90.37999725341797 31.709999084472656 AB 8.087039191656642 1.1765818416571254
62963.2465 lsst_hardware_i 11.367514464544925 115.30999755859375 31.31999969482422 AB 10.033807351199503 1.1655359199883264
62963.2627 lsst_hardware_z -279.3680818724146 97.37000274658203 30.979999542236328 AB 9.439475250856502 1.1799344063570627
62964.2441 lsst_hardware_z -129.54032998822782 108.66000366210938 30.979999542236328 AB 10.806082705433571 1.1657047147177528
62964.2632 lsst_hardware_r -252.4334602622125 163.63999938964844 31.6200008392334 AB 10.232697358231007 1.1843399720174776
62971.2254 lsst_hardware_r 34.44529118485113 27.260000228881836 31.520000457763672 AB 11.698866166927631 1.1659224802598798
62971.2421 lsst_hardware_i 18.39554639786833 34.54999923706055 31.25 AB 11.871204372509142 1.1815670720124558
62974.2247 lsst_hardware_z -38.757049333016816 43.790000915527344 30.950000762939453 AB 13.93448422241126 1.1712767449947123
62974.2418 lsst_hardware_r -7.4355098362704295 25.18000030517578 31.5 AB 14.18822034641402 1.1937670933648026
62976.2239 lsst_hardware_u 1.6262864154074421 2.819999933242798 28.43000030517578 AB 3.20725029408011 1.1759656419262197
62976.2407 lsst_hardware_g 2.6123869851544677 15.520000457763672 31.420000076293945 AB 3.26237832823025 1.2019077716677822
62978.1897 lsst_hardware_g 13.229465828278537 15.520000457763672 31.440000534057617 AB 10.802346025806916 1.1634190657842667
62982.1143 lsst_hardware_i 23.51994512339576 33.5099983215332 31.219999313354492 AB 12.589703275306222 1.284663599521043
62985.1854 lsst_hardware_z -46.67850819418871 43.650001525878906 30.940000534057617 AB 11.377437167968926 1.1650445951430786
62985.2019 lsst_hardware_g 14.217191943580632 15.25 31.40999984741211 AB 11.540941416809757 1.1790105649536629
62989.1417 lsst_hardware_r -75.49617451029764 70.97000122070312 31.6200008392334 AB 13.36631975048484 1.1752160505108225
62989.1587 lsst_hardware_i -13.053008750528653 60.56999969482422 31.309999465942383 AB 13.218405283272446 1.16366884110064
62992.1577 lsst_hardware_i -116.58520694524036 126.55000305175781 31.31999969482422 AB 4.121867601631648 1.1628637879294645
62992.1751 lsst_hardware_z -136.06187312685879 106.18000030517578 30.989999771118164 AB 3.8217545189897706 1.1708806737101385
63001.1054 lsst_hardware_r 8.675265974629724 24.479999542236328 31.489999771118164 AB 7.804841256348358 1.1793650373508486
63001.1244 lsst_hardware_i -22.66096568980947 32.380001068115234 31.25 AB 7.605035097736525 1.164154775651065
63004.0747 lsst_hardware_u 0.4646024723426307 3.75 29.049999237060547 AB 10.149330984477855 1.2209476683549234
63004.0973 lsst_hardware_g -0.026398964410736265 21.270000457763672 32.15999984741211 AB 10.095963738608356 1.1792513321844365
63008.0848 lsst_hardware_g -8.544539144261062 14.789999961853027 31.389999389648438 AB 5.529255003069376 1.1812964683953944
63008.1062 lsst_hardware_r 17.033778701449126 24.209999084472656 31.479999542236328 AB 5.448788076641721 1.1638564777447606
63014.0844 lsst_hardware_z -3.6631633017378458 44.439998626708984 30.940000534057617 AB 8.948731169076044 1.1662117075251537
63014.1042 lsst_hardware_g 12.876389343013091 18.790000915527344 31.489999771118164 AB 8.821955300843427 1.1642303267362228
63016.0834 lsst_hardware_r -20.522132483352987 42.16999816894531 31.579999923706055 AB 14.079231726850278 1.1641741996362236
63016.1073 lsst_hardware_i 13.058760170275255 42.02000045776367 31.270000457763672 AB 14.140418388324282 1.1690321781597752
63021.0943 lsst_hardware_z 111.75590686169996 166.9199981689453 32.4900016784668 AB 13.554700219939354 1.169542071221498
63023.0424 lsst_hardware_g 292.4481815939562 102.75 31.670000076293945 AB 4.9468925273012205 1.1832783911581193
63023.0648 lsst_hardware_r 49.29825620458129 96.33000183105469 31.6200008392334 AB 4.963302756515342 1.1640015845486262
63037.0304 lsst_hardware_r 37.47708619504299 24.559999465942383 31.489999771118164 AB 4.149123528148386 1.1630882624225265
63037.0531 lsst_hardware_i 27.705439846955883 32.43000030517578 31.239999771118164 AB 4.339476914489549 1.1716704836170146
63043.0038 lsst_hardware_i 16.435954589892766 34.130001068115234 31.25 AB 4.762388757772225 1.1670614501974383
63043.0233 lsst_hardware_z -37.78003134367385 44.2599983215332 30.950000762939453 AB 4.761235861763761 1.1636895666048839
63044.9982 lsst_hardware_i 24.00477197285639 44.279998779296875 31.270000457763672 AB 7.467425022427546 1.167149894096209
63045.0183 lsst_hardware_z 30.144159990105813 49.79999923706055 30.950000762939453 AB 8.473126808371843 1.1638244342753061
63046.9971 lsst_hardware_z 62.52095771423874 65.11000061035156 30.969999313354492 AB 1.9054678928429054 1.1648300924154287
63047.0177 lsst_hardware_r -96.01803684943914 79.47000122070312 31.6200008392334 AB 4.136993440436269 1.1658428745769394
63048.9978 lsst_hardware_i -42.688457619292244 71.95999908447266 31.309999465942383 AB 10.81652550195282 1.1630672582744965
63049.0177 lsst_hardware_r -181.53228013368067 87.30000305175781 31.6200008392334 AB 10.347747340091654 1.169435196936391
63051.9724 lsst_hardware_z -28.926992664385256 87.22000122070312 31.709999084472656 AB 5.745045506301164 1.1724582665920742
63056.9641 lsst_hardware_y -23.759846947570367 52.869998931884766 30.010000228881836 AB 9.277748887145151 1.1680409023221439
63056.9833 lsst_hardware_r -7.3657601887546775 25.219999313354492 31.5 AB 9.224146684265271 1.1632696493177261
