data/validation/pwv_sim_epoch_fit_epoch/62444584.ecsv
# %ECSV 0.9
# ---
# datatype:
# - {name: time, datatype: float64}
# - {name: band, datatype: string}
# - {name: flux, datatype: float64}
# - {name: fluxerr, datatype: float64}
# - {name: zp, datatype: float64}
# - {name: zpsys, datatype: string}
# - {name: pwv, datatype: float64}
# - {name: airmass, datatype: float64}
# meta: {SNID: '62444584', alt: 1024.0, c: -0.07124681025743484, dec: -4.181528, lat: -30.244573, lon: -70.7499537, ra: 219.199219, t0: 61466.375,
#   x0: 6.592569036282731e-06, x1: -1.5477291345596313, z: 0.5471929907798767}
# schema: astropy-2.0
time band flux fluxerr zp zpsys pwv airmass
61454.3855 lsst_hardware_z 1382.0277447171602 84.6537094634979 31.709999084472656 AB 5.104950791954565 1.1139492208727528
61456.3739 lsst_hardware_z 833.8972058968411 64.42028639114446 30.969999313354492 AB 4.143386273490549 1.1172172227639445
61456.3917 lsst_hardware_y 306.46179284909795 64.35430576095486 30.040000915527344 AB 3.00282774993786 1.1121584259029111
61458.3759 lsst_hardware_i 1446.5488112590924 84.97325088492775 31.31999969482422 AB 9.599748683911486 1.11345541912195
61458.3942 lsst_hardware_y 320.477056616216 71.36870170373503 30.040000915527344 AB 9.61090784261744 1.1142435618361186
61460.3657 lsst_hardware_i 1767.3982398484566 87.93279856157002 31.31999969482422 AB 11.235630601611978 1.115568155050006
61460.3843 lsst_hardware_y 583.5182089522775 62.118904393248926 30.040000915527344 AB 11.923189235224248 1.1127481573692146
61462.3757 lsst_hardware_z 1470.4385632887158 72.63216170044 30.979999542236328 AB 6.569368824482516 1.1121956249123899
61462.3931 lsst_hardware_y 533.5664901810553 64.89424619252216 30.040000915527344 AB 6.709126402468276 1.1205533463648163
61464.377 lsst_hardware_i 1868.470432870139 58.69545792431833 31.280000686645508 AB 5.340794627457662 1.1139032176288226
61464.3955 lsst_hardware_y 548.7732085059763 60.359397297096095 30.020000457763672 AB 5.333628894090285 1.1286511026501274
61468.3433 lsst_hardware_g 583.2965815036861 29.446451601393154 31.440000534057617 AB 8.321014078962616 1.115878646754749
61468.3615 lsst_hardware_r 2261.480048109226 53.126732053833145 31.5 AB 8.12881452486945 1.1125329246277147
61470.3474 lsst_hardware_i 1818.773564015441 52.29793078135966 31.239999771118164 AB 7.974294945198211 1.112368954866347
61470.3687 lsst_hardware_z 1360.77486889125 55.67383791698726 30.940000534057617 AB 7.984719301801451 1.118503841961331
61472.3468 lsst_hardware_i 1694.4158078857329 51.53974276565448 31.239999771118164 AB 9.05810359979007 1.1120718946367705
61472.3666 lsst_hardware_u 0.9326545278436821 2.7364734444313634 28.329999923706055 AB 9.109596550083774 1.1212501138634716
61474.3411 lsst_hardware_g 378.3692585943895 23.92356598943164 31.43000030517578 AB 9.241149886948174 1.1120628831354153
61474.3601 lsst_hardware_r 1687.9560264375618 47.87936171851562 31.5 AB 9.44527340597838 1.1203471539591385
61476.3433 lsst_hardware_i 1498.6448295992298 49.9202171434251 31.25 AB 7.585205393809835 1.1135472373193265
61476.3624 lsst_hardware_r 1451.1500586207944 45.73641108907583 31.5 AB 7.710689675823009 1.128242261524395
61477.3432 lsst_hardware_u 0.7740719286717819 3.160097466443974 28.479999542236328 AB 14.358686779091496 1.1146317946818425
61477.3618 lsst_hardware_g 242.68242057544822 21.857286192896943 31.43000030517578 AB 14.584436385691383 1.1308832928074717
61479.1599 lsst_hardware_g 155.40144495519934 18.567436910255427 31.040000915527344 AB 21.243146233003113 2.147127856778634
61479.1766 lsst_hardware_r 1069.052551459477 41.150137790705124 31.329999923706055 AB 19.059834070736564 1.8453930034600974
61481.3321 lsst_hardware_i 1168.9495938797613 46.967280556132415 31.25 AB 9.000527843706477 1.1145474390076746
61481.351 lsst_hardware_z 977.2983500146347 52.28415022814218 30.950000762939453 AB 10.012702259187481 1.13103798394316
61485.2397 lsst_hardware_i 1080.7207252643989 82.58840364506915 31.299999237060547 AB 6.987645955761366 1.2264407118492906
61485.2584 lsst_hardware_z 862.9603010819787 73.07666009158623 30.979999542236328 AB 5.239823986275642 1.1715648935216638
61489.3162 lsst_hardware_i 901.4012349636441 99.83710251002633 31.329999923706055 AB 6.8851880674393735 1.1180429614645861
61489.337 lsst_hardware_r 348.12703303153677 115.07135950253493 31.639999389648438 AB 7.5930846496058315 1.1426190784920582
61492.2917 lsst_hardware_z 1447.0769595947613 81.3620187345873 31.719999313354492 AB 8.335955726186429 1.112053858882928
61494.2828 lsst_hardware_r 338.6827788618951 37.19340284121154 31.559999465942383 AB 7.542511468531202 1.1122324197546534
61494.303 lsst_hardware_i 616.4308650881978 42.7165669969663 31.270000457763672 AB 7.208174594851184 1.1183700546683502
61497.279 lsst_hardware_z 609.4712736824405 49.455802869019024 30.950000762939453 AB 8.785526460866734 1.1120919570717385
61497.2971 lsst_hardware_r 267.01727168840665 29.36150070957635 31.510000228881836 AB 9.872717621021057 1.1201706783303487
61499.2808 lsst_hardware_u 4.717101232912125 3.0719302002686804 28.3700008392334 AB 7.046532794215762 1.1136508255157995
61499.2998 lsst_hardware_g 58.922018356447786 17.122780102603596 31.43000030517578 AB 7.840805356313552 1.1284711107937366
61503.2771 lsst_hardware_r 191.80054548437587 27.703809028534394 31.489999771118164 AB 9.65096548216673 1.1174302234251
61503.2965 lsst_hardware_u 7.382586625196654 3.223384407858303 28.3799991607666 AB 11.327201381781581 1.1389559218502885
61505.254 lsst_hardware_g 62.502785716566805 16.355804434464215 31.440000534057617 AB 4.6476961079312265 1.1121107337023872
61505.2713 lsst_hardware_r 145.42082781521418 27.678808404392264 31.5 AB 4.580529807174127 1.1172023919936895
61511.2561 lsst_hardware_i 162.61415812093966 41.77789713557687 31.280000686645508 AB 18.45267822929326 1.1180166352862246
61511.273 lsst_hardware_z 375.483924713025 47.11777922351243 30.950000762939453 AB 18.764396009630396 1.1364440547273351
61515.2391 lsst_hardware_z 613.8482611472946 138.88938927553033 31.739999771118164 AB 3.0170476626773324 1.1144669073486422
61518.2248 lsst_hardware_r 88.40847295135266 113.27782537395512 31.639999389648438 AB 5.059797821409371 1.1124917339754563
61518.2422 lsst_hardware_z 101.76652919098417 80.1452864071249 30.989999771118164 AB 4.965786633529744 1.1223384865023718
61520.2201 lsst_hardware_r 136.3860239707662 92.29021854515376 32.369998931884766 AB 14.130672252246981 1.1126513584446442
61520.2385 lsst_hardware_y 363.25147581198905 74.53849272147636 30.770000457763672 AB 14.275670892846328 1.1240685742398684
61522.2172 lsst_hardware_g 1.008152889035602 39.98153726153416 31.65999984741211 AB 3.2170794082107053 1.1133688901923189
61522.2335 lsst_hardware_r 163.8588093077766 43.13008459921295 31.59000015258789 AB 3.22238058457374 1.1245439136533728
61530.1859 lsst_hardware_r 40.70178498115814 26.37697398113403 31.510000228881836 AB 10.194075257977186 1.1121011572549158
61530.2033 lsst_hardware_z 162.15756325045714 45.535875933287016 30.950000762939453 AB 10.360869033047434 1.1173760078778574
61533.1862 lsst_hardware_g 40.31938207579703 17.641586935882856 31.459999084472656 AB 9.816229100824051 1.1130668267666577
61533.2051 lsst_hardware_r 78.07439363086782 26.451666263776296 31.510000228881836 AB 9.932159319689115 1.1263079931607387
61535.1783 lsst_hardware_i 170.1661081083009 34.18707534732917 31.260000228881836 AB 6.91775314875241 1.1124770542083746
61535.1982 lsst_hardware_z 268.0209567418652 45.350571279141334 30.950000762939453 AB 7.036429035583817 1.1247488867621562
61539.033 lsst_hardware_z 180.75470959914298 54.51332277825811 30.899999618530273 AB 9.406587204186003 1.5960726559992087
61539.054 lsst_hardware_i 98.27887722785671 44.32546233902327 31.229999542236328 AB 9.035470791209546 1.419741383979502
61547.1095 lsst_hardware_z 72.93722707584361 70.26000213623047 30.979999542236328 AB 5.319534255974613 1.1334234920400454
61547.1285 lsst_hardware_r -30.277662113525086 100.22000122070312 31.639999389648438 AB 5.5027612868129685 1.1153869031748187
61551.1071 lsst_hardware_i 11.11478940231664 37.209999084472656 31.260000228881836 AB 7.203591003277894 1.1233524195830427
61551.1287 lsst_hardware_z 2.767195132903886 45.91999816894531 30.950000762939453 AB 6.493337548186901 1.112095032943836
61553.1209 lsst_hardware_r -15.16580793236082 24.1299991607666 31.489999771118164 AB 8.446920286885566 1.1123516427174787
61553.1415 lsst_hardware_u 4.437623693096047 2.740000009536743 28.399999618530273 AB 8.058525478486045 1.1180749883435372
61560.0828 lsst_hardware_r 54.729428422912555 24.1200008392334 31.489999771118164 AB 12.88636907076412 1.1230848422834652
61560.106 lsst_hardware_u -5.051571747002537 2.740000009536743 28.399999618530273 AB 12.91637541922213 1.1120586106176409
61562.0773 lsst_hardware_g 19.02581117161951 21.209999084472656 32.18000030517578 AB 4.78899754399824 1.1231232514067169
61562.0985 lsst_hardware_r -12.76756765781992 34.18000030517578 32.25 AB 5.671749148798481 1.1121076762349964
61571.0691 lsst_hardware_i 11.767759166207245 88.56999969482422 31.31999969482422 AB 15.163615157367248 1.1129258831094806
61571.0881 lsst_hardware_z 27.117496523299387 76.7699966430664 30.979999542236328 AB 13.858748132761782 1.1154146467946464
61575.0471 lsst_hardware_z -16.09252976219949 98.77999877929688 31.729999542236328 AB 4.271206094717899 1.1185560022829781
61577.0379 lsst_hardware_r 21.983479883345737 71.97000122070312 31.6299991607666 AB 4.411464765948864 1.1216538942153522
61577.0607 lsst_hardware_z 97.39061358332252 56.869998931884766 30.969999313354492 AB 3.7344620396214347 1.1121090052475469
61581.029 lsst_hardware_g -12.481422107119974 15.0600004196167 31.420000076293945 AB 5.631245964479433 1.1199030754682333
61581.0479 lsst_hardware_r -8.390967933026236 24.309999465942383 31.5 AB 5.283949905877442 1.1120593298700652
61583.0316 lsst_hardware_i -25.716431052514565 31.979999542236328 31.25 AB 9.201764019073133 1.1146897660899802
61583.0507 lsst_hardware_z 17.074680375480337 42.59000015258789 30.950000762939453 AB 8.409857705289635 1.113396871838875
61588.0358 lsst_hardware_r -4.004216077803109 24.350000381469727 31.489999771118164 AB 9.877414589515537 1.1130108275977104
61588.0695 lsst_hardware_z -26.612034126473965 43.2400016784668 30.93000030517578 AB 9.881793660354326 1.1474891031957801
61590.0046 lsst_hardware_r 3.7852741100455134 24.56999969482422 31.510000228881836 AB 8.846119455455442 1.1197619563867647
61590.0267 lsst_hardware_u 1.1008893839372584 2.809999942779541 28.450000762939453 AB 8.786839912775369 1.1122582168070085
61595.0037 lsst_hardware_g 2.6673301625861505 20.799999237060547 31.549999237060547 AB 2.7357714343560544 1.1128939019042223
61595.0247 lsst_hardware_r -26.57079857833965 28.209999084472656 31.540000915527344 AB 2.6905853954284784 1.1166571468888367
61596.9876 lsst_hardware_i -30.091867390709204 46.68000030517578 31.290000915527344 AB 6.527699071901981 1.1181396149198324
61597.0041 lsst_hardware_z -72.04670688300422 50.720001220703125 30.959999084472656 AB 5.5399317322667345 1.1120639141385213
61605.9628 lsst_hardware_y 64.6937764657524 59.22999954223633 30.030000686645508 AB 3.5604014068751852 1.1183043288182757
61605.9823 lsst_hardware_g -24.323217351174737 50.65999984741211 31.68000030517578 AB 3.4987295297844336 1.1121789233751842
61609.9665 lsst_hardware_y 107.08193719628584 55.36000061035156 30.030000686645508 AB 6.256568814287061 1.1121965153906337
61609.9891 lsst_hardware_u -0.8094532693850758 2.880000114440918 28.459999084472656 AB 6.219745674353973 1.1206412433898032
61822.3752 lsst_hardware_z 43.00131591279015 43.13999938964844 30.950000762939453 AB 5.808252169272916 1.1152022597365556
61822.3937 lsst_hardware_y 84.68749897542568 65.48999786376953 30.040000915527344 AB 5.8094837383063025 1.1128390910635426
61824.3732 lsst_hardware_u -0.18915632810686767 2.809999942779541 28.40999984741211 AB 10.945001244587962 1.1136549902918154
61824.3916 lsst_hardware_y 10.937278469479633 56.38999938964844 30.030000686645508 AB 10.805466894192577 1.113965659195111
61826.3742 lsst_hardware_r 32.11358349288848 24.579999923706055 31.5 AB 9.564321235000143 1.1121303761628074
61826.3916 lsst_hardware_y -88.13720206541038 52.77000045776367 30.030000686645508 AB 9.046288391098619 1.116825727296126
61828.3785 lsst_hardware_z 106.33903471820642 61.540000915527344 31.690000534057617 AB 5.603184490133629 1.1131786013973808
61830.3398 lsst_hardware_r -31.751181520310006 24.350000381469727 31.5 AB 4.727472477619932 1.126259077455612
61830.3589 lsst_hardware_g -1.0602294337115803 15.050000190734863 31.420000076293945 AB 4.6299529745941035 1.1129694650466941
61832.2906 lsst_hardware_r -14.623142536159486 24.520000457763672 31.469999313354492 AB 7.238951446639822 1.2227097946326677
61832.3078 lsst_hardware_i -23.538046047948423 32.349998474121094 31.229999542236328 AB 7.061590900425645 1.1725834863092108
61834.3524 lsst_hardware_z -15.52663244525524 42.810001373291016 30.940000534057617 AB 10.775655710803504 1.1121248508195716
61834.3711 lsst_hardware_i -13.128108634880373 32.029998779296875 31.239999771118164 AB 10.839956519330032 1.1177229416987635
61840.3475 lsst_hardware_z 178.28000310271432 90.70999908447266 31.719999313354492 AB 7.354760349633135 1.1137951059515097
61845.3103 lsst_hardware_z 3.992192196570442 65.43000030517578 30.979999542236328 AB 8.557596458029535 1.1163902538061221
61845.3282 lsst_hardware_i -90.30933439593981 70.75 31.31999969482422 AB 8.596026396573444 1.1122742803416332
61849.3117 lsst_hardware_r 40.01784188354246 28.020000457763672 31.520000457763672 AB 5.3093441748810895 1.1120986227713925
61849.3303 lsst_hardware_i 27.73159418867246 33.650001525878906 31.239999771118164 AB 5.335852480856765 1.1178266749931307
61851.3038 lsst_hardware_z -14.012507233847348 42.630001068115234 30.940000534057617 AB 6.441372387781032 1.112435505344723
61851.3236 lsst_hardware_u 1.6509148813419876 2.809999942779541 28.399999618530273 AB 6.475437967635779 1.1169844266912379
61853.3067 lsst_hardware_g -11.64353123848272 14.930000305175781 31.420000076293945 AB 6.730685837569211 1.1123262002262784
61853.3257 lsst_hardware_r 39.099407511540065 24.170000076293945 31.489999771118164 AB 6.7689153847658545 1.1231607386226432
61855.2381 lsst_hardware_i -52.00925530921549 32.380001068115234 31.229999542236328 AB 7.7683890048082445 1.190603318871723
61855.2568 lsst_hardware_z -54.31439283570453 42.95000076293945 30.940000534057617 AB 8.148854105801371 1.1477259303945595
61857.2298 lsst_hardware_i -23.055488853596447 32.5099983215332 31.229999542236328 AB 9.127744659832317 1.1988106986908742
61857.2474 lsst_hardware_u 0.7947169463167555 2.700000047683716 28.360000610351562 AB 8.847160437711992 1.1552331365891455
61861.2872 lsst_hardware_i -33.10766153295366 31.850000381469727 31.239999771118164 AB 5.133094849519894 1.112825881526209
61861.3044 lsst_hardware_r 34.98588101809777 24.219999313354492 31.489999771118164 AB 5.646590710763415 1.1236996439330178
61863.2788 lsst_hardware_u -1.6105458789993454 2.680000066757202 28.360000610351562 AB 6.641158467137961 1.1122355496797791
61863.298 lsst_hardware_g 5.236490161340043 15.0 31.420000076293945 AB 6.4991690688921055 1.1227725781967877
61865.2822 lsst_hardware_r 38.018853877595205 24.219999313354492 31.5 AB 7.780625055617114 1.115128758209949
61865.3006 lsst_hardware_i -32.36041760931638 32.16999816894531 31.239999771118164 AB 7.865792390378389 1.1320130086174554
61867.279 lsst_hardware_z -18.464680231295816 50.9900016784668 30.959999084472656 AB 8.931227961254093 1.1164034951567616
61867.2971 lsst_hardware_r 74.13376664632808 44.88999938964844 31.600000381469727 AB 9.516140101356276 1.1347087176314408
61873.1837 lsst_hardware_r -31.244650367555618 101.61000061035156 31.6200008392334 AB 11.938132642328304 1.2061765741175352
61873.2031 lsst_hardware_y 49.764594961073506 59.529998779296875 30.030000686645508 AB 11.49635943501138 1.1564784409433262
61875.2575 lsst_hardware_z 7.3793330233940795 51.939998626708984 30.969999313354492 AB 10.390483972742517 1.1166159879003994
61875.2754 lsst_hardware_r 75.52189576031928 56.310001373291016 31.6200008392334 AB 10.629579548752242 1.1349113334136496
61877.256 lsst_hardware_i 5.087986407771571 37.2599983215332 31.270000457763672 AB 15.10946113307772 1.1194404672338527
61877.2744 lsst_hardware_z -23.559137842464587 45.650001525878906 30.950000762939453 AB 15.342032780864006 1.1417468332653309
61879.2041 lsst_hardware_z 72.48075162116452 43.060001373291016 30.940000534057617 AB 10.213866621664394 1.128479352741619
