data/validation/pwv_sim_epoch_fit_epoch/62498604.ecsv
# %ECSV 0.9
# ---
# datatype:
# - {name: time, datatype: float64}
# - {name: band, datatype: string}
# - {name: flux, datatype: float64}
# - {name: fluxerr, datatype: float64}
# - {name: zp, datatype: float64}
# - {name: zpsys, datatype: string}
# - {name: pwv, datatype: float64}
# - {name: airmass, datatype: float64}
# meta: {SNID: '62498604', alt: 1024.0, c: -0.11108898371458054, dec: -18.367102, lat: -30.244573, lon: -70.7499537, ra: 29.882812, t0: 60526.55078125,
#   x0: 1.0387181053701774e-05, x1: 0.2528466582298279, z: 0.45245516300201416}
# schema: astropy-2.0
time band flux fluxerr zp zpsys pwv airmass
60514.4206 lsst_hardware_z 1049.2972462384776 66.3143092463551 30.979999542236328 AB 5.335750341471658 1.0304820809151025
60514.4397 lsst_hardware_y 493.18825939884437 69.21732651895178 30.06999969482422 AB 5.406276548736171 1.0224636498790813
60516.4186 lsst_hardware_z 1301.9387165982253 65.8539692679091 30.969999313354492 AB 6.261424874286067 1.0280923114694436
60516.4405 lsst_hardware_y 406.1604827955165 74.91713756975486 30.06999969482422 AB 6.212702257886097 1.0225548238139583
60520.4291 lsst_hardware_y 1344.8698031362997 87.06323680542863 30.809999465942383 AB 3.868803576469631 1.0225011654840008
60527.3616 lsst_hardware_z 1780.8239769792642 58.7310979639653 30.940000534057617 AB 2.7597918590449795 1.0582700296714946
60527.3824 lsst_hardware_y 594.2793386408035 52.2507863709984 30.040000915527344 AB 2.9832416390622765 1.0326506380346532
60529.4137 lsst_hardware_u 16.72750243297404 5.419955816097994 29.280000686645508 AB 1.434859403259217 1.0248995737565836
60529.4279 lsst_hardware_y 1249.9912232713975 79.91113893207742 30.809999465942383 AB 1.927354262004575 1.034358280145568
60531.3853 lsst_hardware_g 1381.8308767524497 38.72648416759128 31.440000534057617 AB 5.326310693323435 1.0242905179468145
60531.4054 lsst_hardware_i 2386.8675366322414 57.09808891181022 31.260000228881836 AB 5.324018691098288 1.0238497482881321
60535.3611 lsst_hardware_u 7.565305280092596 3.1637961093571376 28.559999465942383 AB 3.6126933566806834 1.0321981019087667
60535.3805 lsst_hardware_g 977.1557799893432 34.30537685425516 31.440000534057617 AB 3.5206374166883463 1.0226978697714877
60537.3551 lsst_hardware_r 2774.645701131014 57.48520136633283 31.5 AB 5.603851813771742 1.0326508256336133
60537.374 lsst_hardware_i 2115.802206774159 54.59664478205032 31.260000228881836 AB 5.553889015370888 1.0228784484077558
60539.3566 lsst_hardware_z 1413.5636032626371 61.17749164322329 30.969999313354492 AB 4.231172919665763 1.0276072664640592
60539.3732 lsst_hardware_r 2876.672324077177 70.8351448729559 31.6299991607666 AB 4.136460145285828 1.0223579202387119
60541.3634 lsst_hardware_z 1320.9887639176447 71.85235610728695 30.989999771118164 AB 2.673309241360256 1.0228195031350642
60541.3832 lsst_hardware_r 2687.8056382867376 101.14925741252137 31.65999984741211 AB 1.6866379172425234 1.0259354727752574
60543.3522 lsst_hardware_i 1794.6504480018582 90.79524099833772 31.34000015258789 AB 2.0360296343699402 1.0244174260980832
60543.3715 lsst_hardware_z 1079.1884478655995 77.33595162084063 30.989999771118164 AB 1.9536202287912405 1.0235076509714578
60546.3551 lsst_hardware_r 1788.4731054698068 72.54848116148256 31.649999618530273 AB 1.9884572027659884 1.022343034841125
60546.3735 lsst_hardware_z 1001.5228627915412 61.45304866650681 30.979999542236328 AB 2.017781069466646 1.0281686978173994
60553.2864 lsst_hardware_r 943.0732783266061 38.25588278520407 31.489999771118164 AB 1.6948678554992833 1.0655078722753248
60553.303 lsst_hardware_i 1198.7980732654953 45.34176639452989 31.25 AB 1.6467130172223596 1.0410703443793496
60555.2896 lsst_hardware_i 1067.145281889633 44.4651442303135 31.25 AB 1.3132234211658584 1.0514198728309516
60555.3107 lsst_hardware_z 803.6440320766558 49.516365851619256 30.950000762939453 AB 1.603229575608498 1.0290305363340808
60557.2828 lsst_hardware_r 732.2609772681136 35.14624733019718 31.489999771118164 AB 2.477431802274931 1.0534044939161573
60557.3015 lsst_hardware_u 3.4671186694438383 3.6135450533170834 28.450000762939453 AB 1.8382737686290989 1.0318202546213193
60559.266 lsst_hardware_g 148.42468096612373 18.021330224417195 31.420000076293945 AB 2.086795790752309 1.0730866253440055
60559.2847 lsst_hardware_i 969.7880011842441 42.73638070880657 31.25 AB 1.9983703003479465 1.0433537941252766
60566.2311 lsst_hardware_y 368.97383597198166 51.97596216935885 30.030000686645508 AB 1.334399185725216 1.109764379285049
60566.2481 lsst_hardware_g 118.37809472718509 40.95138434008194 31.68000030517578 AB 1.3103074154657917 1.070731289451197
60568.2647 lsst_hardware_r 257.968460434365 63.29264077016483 31.649999618530273 AB 4.2459900785474725 1.0381393835079396
60568.2817 lsst_hardware_i 732.3431590486239 56.6816809520211 31.31999969482422 AB 4.099353611477998 1.0253510784087039
60571.2552 lsst_hardware_i 870.3129454580096 97.68553877698292 31.34000015258789 AB 5.794733678950992 1.0395539631253201
60571.2762 lsst_hardware_z 475.6725091817379 82.6617456732624 31.0 AB 5.674110633941765 1.0242539165019657
60578.2233 lsst_hardware_r 238.63063646551498 27.920528948323003 31.489999771118164 AB 3.18825052910658 1.0567618591670591
60578.2378 lsst_hardware_u 3.0324173883481556 3.9001251600887676 28.389999389648438 AB 3.222111795374558 1.0377171643718384
60580.2305 lsst_hardware_g 89.8468227539815 16.590460307866763 31.440000534057617 AB 3.914019361163604 1.0396952370550803
60580.2498 lsst_hardware_r 243.41054239589758 27.748367454113417 31.5 AB 3.786416177948452 1.0249716700964373
60584.2197 lsst_hardware_r 248.34946109337108 27.69377571212786 31.5 AB 3.5256715096611018 1.039561111502515
60584.2385 lsst_hardware_u 0.36923233440954845 3.263720704737754 28.469999313354492 AB 3.449065726946255 1.0251347085587565
60586.2055 lsst_hardware_g 94.17486388268814 16.38771383286191 31.420000076293945 AB 2.326301798218475 1.050644395130564
60586.2229 lsst_hardware_i 334.9784422071721 35.69704816551903 31.25 AB 2.699234162118252 1.031357382201459
60588.2065 lsst_hardware_z 298.1602362490653 44.796414716320264 30.950000762939453 AB 5.0060834634512235 1.0421741362446597
60588.2247 lsst_hardware_r 251.09924812872345 27.496170855092725 31.510000228881836 AB 4.850728252262008 1.0265367351005943
60590.2018 lsst_hardware_u 2.2893841017968026 2.8421748501734676 28.469999313354492 AB 4.212846333171415 1.0412802471281135
60590.219 lsst_hardware_g 48.11519658048225 16.27413589729538 31.450000762939453 AB 3.359764711019757 1.0266660690667133
60592.18 lsst_hardware_g 56.80801038820376 17.122776732103485 31.469999313354492 AB 3.7273605415088635 1.065366008434443
60592.1978 lsst_hardware_r 158.5089120329437 27.509393324001774 31.510000228881836 AB 3.5267514465031806 1.0396240876005536
60596.1816 lsst_hardware_r 158.07909486907405 52.87719624843905 31.6299991607666 AB 8.587534739518105 1.045984742937808
60596.2003 lsst_hardware_z 324.99284190214587 51.030728771903576 30.969999313354492 AB 8.208766965139045 1.0280234145448117
60599.1819 lsst_hardware_z 55.81940938818012 76.7699966430664 31.0 AB 6.80821154504228 1.036257464998825
60599.1996 lsst_hardware_i 35.325966138841125 88.97000122070312 31.34000015258789 AB 6.694273712068059 1.0243071028985236
60601.1815 lsst_hardware_z 54.0464096814198 77.4800033569336 31.0 AB 2.6646540996620485 1.0317119735406248
60601.2001 lsst_hardware_r 126.64747247888255 111.23999786376953 31.670000076293945 AB 2.640687013705858 1.0227292849364285
60603.1727 lsst_hardware_y -109.48115871065137 71.5199966430664 30.809999465942383 AB 2.6530784576243804 1.0346074838001333
60611.1458 lsst_hardware_g -0.7913603562105659 14.420000076293945 31.459999084472656 AB 3.005077189550153 1.0397591336889982
60611.1642 lsst_hardware_i -33.087256375869785 30.719999313354492 31.270000457763672 AB 2.9220245053908407 1.02539168512955
60613.1416 lsst_hardware_z -19.07045037482774 41.400001525878906 30.959999084472656 AB 3.8949890531463276 1.0383868443473667
60613.1582 lsst_hardware_r 0.01251705298894968 23.040000915527344 31.520000457763672 AB 3.8071869378272565 1.0256430328196713
60615.1476 lsst_hardware_u 0.12089892495210874 2.7200000286102295 28.469999313354492 AB 4.0113373807177135 1.0285480463378753
60615.1667 lsst_hardware_g -19.30211964043797 14.039999961853027 31.450000762939453 AB 3.653325654881448 1.0223382271949435
60617.1283 lsst_hardware_g 12.871136289454 14.079999923706055 31.440000534057617 AB 5.309218088330155 1.0410231545745403
60617.1469 lsst_hardware_r 21.59172700838947 22.729999542236328 31.510000228881836 AB 5.231706984905187 1.025824899001017
60620.138 lsst_hardware_i -17.837018285025362 30.579999923706055 31.260000228881836 AB 4.556751880330983 1.0261799077425928
60620.1566 lsst_hardware_z 9.833286180550797 40.97999954223633 30.950000762939453 AB 4.545268535622153 1.0225576008148825
60622.1322 lsst_hardware_r -6.758947505780753 26.229999542236328 31.549999237060547 AB 6.859136651021056 1.0263559256353518
60622.1506 lsst_hardware_z -48.963502871255635 41.52000045776367 30.959999084472656 AB 6.698884385215799 1.022496281037289
60624.1154 lsst_hardware_g 29.24885171456612 38.13999938964844 31.690000534057617 AB 2.0475848695609327 1.0345691972518398
60624.1337 lsst_hardware_i 13.284187560505295 39.439998626708984 31.290000915527344 AB 2.747164196194452 1.0235336051388813
60626.1175 lsst_hardware_z 75.32420983597262 56.86000061035156 30.979999542236328 AB 3.398116192845255 1.028589302647136
60626.1353 lsst_hardware_r 89.73006379731069 69.70999908447266 31.649999618530273 AB 5.111830923231762 1.0223661846463523
60629.1242 lsst_hardware_y 168.5692635659417 81.0 30.809999465942383 AB 5.90489585370366 1.0226403556710049
60631.1083 lsst_hardware_g -89.46246847364496 83.8499984741211 31.729999542236328 AB 5.7204220046663945 1.0260079823031218
60631.1286 lsst_hardware_r 4.791649237694574 80.31999969482422 31.65999984741211 AB 4.718268978635835 1.022875503471202
60640.0742 lsst_hardware_u -2.3825157411410562 2.6700000762939453 28.450000762939453 AB 3.7131084775272716 1.0323749242431044
60640.096 lsst_hardware_g 15.514170101954813 13.729999542236328 31.440000534057617 AB 3.89699848346966 1.0224317154583917
60642.0648 lsst_hardware_r -8.221621667134308 22.3799991607666 31.5 AB 5.570291051687782 1.0359477499884289
60642.0834 lsst_hardware_z 43.03889574028036 40.619998931884766 30.950000762939453 AB 5.141169205264709 1.023882341103274
60644.0747 lsst_hardware_r -18.787407244279063 22.559999465942383 31.510000228881836 AB 8.514952718886372 1.0251157011380263
60644.0944 lsst_hardware_u -5.258809441423705 2.7300000190734863 28.479999542236328 AB 9.099902230491987 1.02315068928401
60646.0625 lsst_hardware_g -5.830299858961832 13.90999984741211 31.440000534057617 AB 6.828171395729209 1.0288450135016336
60646.0815 lsst_hardware_r 9.49945381517097 22.709999084472656 31.520000457763672 AB 6.777784412816654 1.0223374620308017
60648.0631 lsst_hardware_i -26.107857232336144 30.190000534057617 31.25 AB 1.5878614253686183 1.025419067076925
60648.0825 lsst_hardware_z -17.448374610402155 40.790000915527344 30.950000762939453 AB 1.4402932889462137 1.0229355745356632
60650.0633 lsst_hardware_r -7.803025060275915 23.579999923706055 31.520000457763672 AB 4.5358136264441224 1.023365926209966
60650.0827 lsst_hardware_u 5.693964337741937 3.049999952316284 28.56999969482422 AB 4.581381980479699 1.0246311390503202
60652.0425 lsst_hardware_y 68.82072064256548 48.40999984741211 30.059999465942383 AB 5.569419271790208 1.0315012850581098
60652.0615 lsst_hardware_g -26.144836759815895 26.6200008392334 31.639999389648438 AB 5.486198499734297 1.0226223554135196
60654.0437 lsst_hardware_y 104.89278756485231 51.79999923706055 30.059999465942383 AB 10.33467655711568 1.026963553207918
60654.0636 lsst_hardware_z 135.89983882929843 51.09000015258789 30.979999542236328 AB 10.140114366491844 1.0225325411588413
60658.0312 lsst_hardware_z -69.7761753853916 77.83999633789062 31.0 AB 7.798443296989298 1.0278969484177387
60658.0505 lsst_hardware_r 127.44207747623352 85.62999725341797 31.65999984741211 AB 7.848530245601852 1.0223580295216896
60660.0334 lsst_hardware_y 133.19043232698255 68.30999755859375 30.06999969482422 AB 10.387629952284682 1.0241685927813342
60660.0536 lsst_hardware_z 122.42311397717648 52.970001220703125 30.979999542236328 AB 11.162757939357622 1.023973147773542
60663.0322 lsst_hardware_y -40.91699348251156 77.69999694824219 30.09000015258789 AB 4.732593845615891 1.022526578094899
60663.0552 lsst_hardware_i -14.072719616958347 30.530000686645508 31.260000228881836 AB 5.52652218886498 1.0289080174757415
60878.4184 lsst_hardware_z -96.70072481916115 41.029998779296875 30.950000762939453 AB 5.176466456708784 1.0352932913417567
60878.439 lsst_hardware_y 57.986277932964015 59.029998779296875 30.06999969482422 AB 5.115765548538639 1.0231531097077278
60880.4171 lsst_hardware_u -2.729537442566192 2.799999952316284 28.520000457763672 AB 5.399352971080804 1.0316413606077486
60880.4361 lsst_hardware_y 4.145441838557587 53.54999923706055 30.06999969482422 AB 5.4060876308173045 1.022669686605307
60882.4173 lsst_hardware_i -10.089111351596625 30.270000457763672 31.25 AB 6.180339933576672 1.0276587850975512
60882.4364 lsst_hardware_y -92.86002904719632 55.900001525878906 30.06999969482422 AB 6.124845403151963 1.0223979640249214
60885.4109 lsst_hardware_r 25.699710220432262 31.8700008392334 32.25 AB 4.825175537701206 1.0266330931279162
60885.4345 lsst_hardware_y 8.445705678872496 78.2699966430664 30.81999969482422 AB 4.659846209741759 1.0233922861804743
60887.4157 lsst_hardware_g -13.420462471743557 14.0 31.43000030517578 AB 4.631971166032166 1.0228865291200955
60887.4348 lsst_hardware_y 30.72978301549061 56.65999984741211 30.059999465942383 AB 3.5685348185339407 1.0254901533216938
60893.3661 lsst_hardware_r -13.152294694908218 44.41999816894531 31.610000610351562 AB 2.7275279378686577 1.0484779208259567
60893.3892 lsst_hardware_y 55.17003683017674 47.939998626708984 30.049999237060547 AB 2.951183775477621 1.0265582151351225
60895.4034 lsst_hardware_z -17.6653184927599 56.20000076293945 30.979999542236328 AB 1.4316848540833118 1.022632038630937
60895.4266 lsst_hardware_y -10.021583822062533 53.150001525878906 30.059999465942383 AB 1.8927882594904744 1.035064669790635
60900.3645 lsst_hardware_y -105.23742388103784 52.47999954223633 30.059999465942383 AB 4.792742891138208 1.0301066537766603
60900.3868 lsst_hardware_r 17.435831329469416 70.30000305175781 31.65999984741211 AB 4.580691022251359 1.0223805871294764
60903.3565 lsst_hardware_i 10.279765556926785 35.939998626708984 31.280000686645508 AB 5.5937563469034535 1.0299680255761148
60903.3759 lsst_hardware_z -10.369453253021314 43.56999969482422 30.959999084472656 AB 4.973770800549632 1.0224103603575343
60905.3551 lsst_hardware_r 4.430940116314174 23.3700008392334 31.5 AB 4.107527300683902 1.0273098709505382
60905.3738 lsst_hardware_g 28.740784287104134 15.5600004196167 31.469999313354492 AB 4.189159063366593 1.0224110958428065
60907.314 lsst_hardware_r -11.263870219680854 22.59000015258789 31.489999771118164 AB 2.57288280893264 1.0713649006590213
60907.3327 lsst_hardware_i -2.112471364836377 30.170000076293945 31.239999771118164 AB 2.4467848699816406 1.0422938743265775
60911.3639 lsst_hardware_u -0.13726134742946555 2.6500000953674316 28.43000030517578 AB 3.3024908013648453 1.0234992152990223
60911.3841 lsst_hardware_g 16.92006115913647 13.619999885559082 31.40999984741211 AB 3.944666458765511 1.0362067664547554
60913.3161 lsst_hardware_r -1.5997600970285526 22.329999923706055 31.489999771118164 AB 2.8178571908901837 1.042556770385466
60913.3344 lsst_hardware_i 25.821222652488736 29.989999771118164 31.25 AB 2.5228636538445457 1.0266672492584967
60931.2645 lsst_hardware_r -50.303646741427805 40.099998474121094 31.600000381469727 AB 3.6405009542123072 1.0456201879020508
60931.2802 lsst_hardware_i 6.8258422022944005 39.43000030517578 31.290000915527344 AB 3.663316034077717 1.0298651144180064
60935.2585 lsst_hardware_u -2.618347169381546 2.6600000858306885 28.40999984741211 AB 2.0674686965279 1.039712696267488
60935.2777 lsst_hardware_r 31.206255232670497 22.59000015258789 31.5 AB 2.0405854557097216 1.025033507828568
60939.2472 lsst_hardware_z 28.629886477722458 41.029998779296875 30.950000762939453 AB 3.3443834391057745 1.0401358404850316
60939.2655 lsst_hardware_r -36.6403657625738 22.479999542236328 31.489999771118164 AB 3.9686784165205125 1.0256087218316468
60942.2207 lsst_hardware_r -24.585326136804195 22.809999465942383 31.489999771118164 AB 4.099139752369684 1.067113784893069
