data/validation/pwv_sim_epoch_fit_epoch/62545242.ecsv
# %ECSV 0.9
# ---
# datatype:
# - {name: time, datatype: float64}
# - {name: band, datatype: string}
# - {name: flux, datatype: float64}
# - {name: fluxerr, datatype: float64}
# - {name: zp, datatype: float64}
# - {name: zpsys, datatype: string}
# - {name: pwv, datatype: float64}
# - {name: airmass, datatype: float64}
# meta: {SNID: '62545242', alt: 1024.0, c: -0.04889356717467308, dec: -17.89609, lat: -30.244573, lon: -70.7499537, ra: 306.035156, t0: 59846.6953125,
#   x0: 2.184557098254885e-05, x1: 1.0258318185806274, z: 0.33021727204322815}
# schema: astropy-2.0
time band flux fluxerr zp zpsys pwv airmass
59843.0345 lsst_hardware_u 84.62250883858162 8.809320973556453 28.510000228881836 AB 4.005331843334328 1.02700816495752
59843.0545 lsst_hardware_r 6647.53236398714 85.27440995329293 31.520000457763672 AB 4.020043319501171 1.024737017461425
59845.0332 lsst_hardware_i 4977.188145753478 77.25469893838027 31.260000228881836 AB 1.5381049128205042 1.0254032752136695
59845.053 lsst_hardware_z 3048.385984572761 67.83331882619923 30.950000762939453 AB 1.423799427880285 1.0259152836895622
59849.0229 lsst_hardware_r 6731.518271009059 85.12095785979838 31.510000228881836 AB 3.1957639359601173 1.0252143300946748
59849.0425 lsst_hardware_u 44.72171186372403 6.871216688040881 28.399999618530273 AB 2.8730029014912097 1.0260724648182893
59857.0033 lsst_hardware_y 1429.4747086125974 87.6250023894369 30.809999465942383 AB 2.7806292947741564 1.0246446042466972
59857.0246 lsst_hardware_r 12467.078042546653 163.8901951536062 32.40999984741211 AB 2.815003189721705 1.0278423330795818
59858.9881 lsst_hardware_y 716.3578492620131 74.74118140509705 30.079999923706055 AB 6.095954901097025 1.0283758426210663
59859.0062 lsst_hardware_r 5719.264066536389 114.4287620959903 31.65999984741211 AB 3.951953694981858 1.0240432809281428
59860.9891 lsst_hardware_y 570.509429402204 78.15407903387941 30.079999923706055 AB 4.702757824391116 1.0255341624753471
59861.0067 lsst_hardware_z 2118.021159450283 77.30885336855306 30.989999771118164 AB 3.9434710340255847 1.0250769519172303
59862.9902 lsst_hardware_y 557.7133264759773 76.72795610168643 30.079999923706055 AB 2.254861659572823 1.024122475110248
59863.0081 lsst_hardware_u 21.938344131798054 10.815806962557993 29.260000228881836 AB 3.49685632595748 1.0277818142326285
60070.4144 lsst_hardware_r 122.5181805099863 95.97000122070312 31.670000076293945 AB 2.7527760999782074 1.026006746171527
60072.4145 lsst_hardware_z 99.51477986972841 194.88999938964844 31.760000228881836 AB 10.810796479051714 1.0244610978948494
60077.3822 lsst_hardware_g 75.45657368476724 106.33000183105469 31.739999771118164 AB 6.732013222004675 1.0338916589543374
60080.3794 lsst_hardware_i 122.60634744360448 110.81999969482422 31.350000381469727 AB 4.696418609023451 1.0299163616279499
60080.4001 lsst_hardware_y -176.9537136843719 150.8000030517578 30.09000015258789 AB 4.5631783660422585 1.0240525956109199
60085.4036 lsst_hardware_r 85.67095124875347 95.88999938964844 31.65999984741211 AB 7.4098350049659025 1.0303601480867555
60085.4221 lsst_hardware_i -23.6340909946503 110.56999969482422 31.34000015258789 AB 6.6557199565210725 1.048860632954907
60111.2858 lsst_hardware_r -44.0011831494291 95.68000030517578 31.65999984741211 AB 6.844910206790005 1.0371076070893948
60111.3063 lsst_hardware_u -67.79946648587664 38.029998779296875 29.540000915527344 AB 6.652186468820099 1.0248323014666532
60120.2928 lsst_hardware_i 12.039085027395247 110.62000274658203 31.34000015258789 AB 4.124258240522556 1.0242575153929367
60120.3202 lsst_hardware_z -83.24209819491168 137.47000122070312 31.010000228881836 AB 4.172651712518596 1.0411024129373772
60121.2977 lsst_hardware_r -75.7572274990337 95.77999877929688 31.65999984741211 AB 5.6629949977594745 1.0263077290771392
60121.3195 lsst_hardware_g -209.60101759066185 105.88999938964844 31.729999542236328 AB 5.785423958758111 1.0434214185568313
60123.2763 lsst_hardware_z -293.55632971155705 137.8300018310547 31.010000228881836 AB 5.919751389417639 1.0242965837035944
60123.2959 lsst_hardware_r -89.0120469059898 95.86000061035156 31.65999984741211 AB 5.573073090008396 1.0280051814633886
60125.2699 lsst_hardware_i 109.30551133932588 110.80999755859375 31.350000381469727 AB 3.5742208916881917 1.0244500609133127
60125.2891 lsst_hardware_z 15.323554730110326 137.72999572753906 31.010000228881836 AB 3.5882934571954634 1.0273302831117421
60128.2718 lsst_hardware_r 24.422061494318765 95.86000061035156 31.65999984741211 AB 6.612157997741718 1.0243863817718544
60128.291 lsst_hardware_z 226.60605141213344 137.61000061035156 31.010000228881836 AB 6.686149639320094 1.0339673145163681
60130.221 lsst_hardware_y 110.26546482331847 212.02999877929688 30.829999923706055 AB 3.8016721814084544 1.052657394824437
60130.2424 lsst_hardware_r 44.045047158834 135.63999938964844 32.40999984741211 AB 3.7192645960337316 1.030243418951658
60137.2282 lsst_hardware_r -102.03351982107698 95.83000183105469 31.65999984741211 AB 7.295077328024565 1.0274274439731739
60137.2502 lsst_hardware_i 52.44067249647478 110.79000091552734 31.350000381469727 AB 7.773339462786282 1.0250332251317187
60141.2351 lsst_hardware_r -137.8073779747583 135.4600067138672 32.40999984741211 AB 2.9825034356492153 1.024211344659758
60141.2629 lsst_hardware_u 30.65894552347695 53.369998931884766 30.280000686645508 AB 3.3842345538998426 1.0411427638516668
60143.2346 lsst_hardware_g 74.98804296276569 106.2699966430664 31.739999771118164 AB 2.0694754679196388 1.0252541332274654
60143.2572 lsst_hardware_r -89.28738918838702 95.5999984741211 31.65999984741211 AB 1.9747211906558997 1.0408791306277254
60145.2151 lsst_hardware_i 63.99557864944474 110.68000030517578 31.350000381469727 AB 3.0099431729035557 1.0244871248820817
60145.2336 lsst_hardware_z -225.96595429647385 137.67999267578125 31.010000228881836 AB 2.9816487517413637 1.0269153613712292
60148.2117 lsst_hardware_r -88.91635091981776 95.91000366210938 31.65999984741211 AB 4.991097554506716 1.0239899239883843
60148.2338 lsst_hardware_g 63.81748055891294 106.45999908447266 31.739999771118164 AB 5.046078993963445 1.031917994675551
60151.1805 lsst_hardware_r 94.88271426343508 135.39999389648438 32.40999984741211 AB 11.215248060194737 1.033623721994761
60151.1998 lsst_hardware_i -121.69772702341228 156.69000244140625 32.099998474121094 AB 11.013169450936584 1.024306191279309
60154.1907 lsst_hardware_i 262.20646456739246 110.86000061035156 31.350000381469727 AB 4.273346855533578 1.0244558547707157
60159.1414 lsst_hardware_r -130.31739868563335 95.44999694824219 31.649999618530273 AB 2.041594492096541 1.05327316875144
60161.1662 lsst_hardware_g -63.84023712337385 106.20999908447266 31.739999771118164 AB 2.091688602855656 1.02592427181672
60161.1878 lsst_hardware_r -41.718400617261366 95.70999908447266 31.65999984741211 AB 1.6365376542835677 1.0260424164784596
60163.1492 lsst_hardware_i -51.21494435089017 110.76000213623047 31.350000381469727 AB 2.7910818738604473 1.0324593861382665
60163.1723 lsst_hardware_z -28.61803911645025 137.72999572753906 31.010000228881836 AB 2.887844770809282 1.0239979093939893
60166.1595 lsst_hardware_r 45.4598942662019 95.9800033569336 31.670000076293945 AB 4.410959177910847 1.0242165273786796
60166.1798 lsst_hardware_g 54.31237359825907 106.37000274658203 31.739999771118164 AB 4.306238160659014 1.028723879756095
60169.1387 lsst_hardware_u 14.894088228470636 38.189998626708984 29.549999237060547 AB 3.373116951971401 1.0285461051902427
60169.1585 lsst_hardware_r 30.860348240941686 96.01000213623047 31.670000076293945 AB 3.4115891252396935 1.0241936731431083
60177.1397 lsst_hardware_r -87.45344874480018 95.80000305175781 31.65999984741211 AB 1.8393672662513012 1.0247171399728696
60177.1622 lsst_hardware_u -55.535832981350886 37.880001068115234 29.530000686645508 AB 1.8628809802146646 1.0385881696047852
60180.1291 lsst_hardware_g 37.997097753005704 106.48999786376953 31.739999771118164 AB 2.790641138515003 1.0242764318278592
60180.1502 lsst_hardware_r 118.22256405335041 95.80999755859375 31.65999984741211 AB 2.8200573671055498 1.0349783896157627
60182.0883 lsst_hardware_r 190.80562506820425 95.69000244140625 31.65999984741211 AB 1.9739177445241984 1.0408671149224582
60182.1056 lsst_hardware_i 116.27983094420162 110.69999694824219 31.350000381469727 AB 1.9278140989863897 1.0273000216633366
60184.0853 lsst_hardware_z 104.9146289189907 137.49000549316406 31.010000228881836 AB 3.6619281922437468 1.038280327645133
60184.1021 lsst_hardware_r 44.828135350940066 95.83000183105469 31.65999984741211 AB 3.6050744185549526 1.0264287617780188
60196.0649 lsst_hardware_r -74.43593117411159 95.86000061035156 31.65999984741211 AB 2.6522176942072693 1.02858937142031
60196.0836 lsst_hardware_i 47.834037205936454 110.69000244140625 31.350000381469727 AB 2.567357736412554 1.0240756826535915
60199.0518 lsst_hardware_z 286.44491823629795 137.5500030517578 31.010000228881836 AB 2.984004852829759 1.0317838419235588
60199.0699 lsst_hardware_r -12.862481461106666 95.81999969482422 31.65999984741211 AB 2.993012158767532 1.0241565458154347
60201.0529 lsst_hardware_u 9.042300794847444 38.040000915527344 29.540000915527344 AB 1.200700460675938 1.0277036753290876
60201.0701 lsst_hardware_r 75.2183554465501 95.79000091552734 31.65999984741211 AB 1.189307389726376 1.024087878639427
60207.1336 lsst_hardware_z 233.15561687569425 136.42999267578125 30.989999771118164 AB 8.27780075431953 1.1516539604631069
60207.1823 lsst_hardware_r -100.0617523165224 91.41000366210938 31.559999465942383 AB 8.798494537080215 1.4049492274778785
60209.0375 lsst_hardware_y -405.6456313975734 150.74000549316406 30.09000015258789 AB 2.6654072683161547 1.0251566416600595
60209.0578 lsst_hardware_g 148.30490944062126 106.55999755859375 31.739999771118164 AB 2.6459595714992346 1.026460894772276
60211.0178 lsst_hardware_r 20.144878444594386 95.7699966430664 31.65999984741211 AB 2.946522593285158 1.032720109802614
60211.0357 lsst_hardware_i 67.3137502131864 110.70999908447266 31.350000381469727 AB 2.8968549180574064 1.0243475664983757
60215.0235 lsst_hardware_z -27.187191628110888 137.72000122070312 31.010000228881836 AB 4.841127738244178 1.0245772990992967
60215.0441 lsst_hardware_r -101.93878508964721 95.83000183105469 31.65999984741211 AB 4.616914923022388 1.0276939172003325
60218.0009 lsst_hardware_y 51.02145036880314 150.22999572753906 30.079999923706055 AB 6.2673141364848854 1.0310767557041804
60218.0204 lsst_hardware_u -5.88342213982197 38.08000183105469 29.549999237060547 AB 6.229803078614194 1.0239930545896447
60220.9907 lsst_hardware_y 187.37991289276655 150.27000427246094 30.079999923706055 AB 2.2568310691602145 1.0325595863170114
60220.9993 lsst_hardware_i -75.14199849530085 110.68000030517578 31.350000381469727 AB 2.2433367929897887 1.0272080557056307
60222.9881 lsst_hardware_y -152.1870400175763 150.55999755859375 30.09000015258789 AB 3.451627029707204 1.0304902312904027
60223.0089 lsst_hardware_r -131.66214167036094 95.94000244140625 31.65999984741211 AB 3.5103171657369017 1.0240131755358524
60226.9884 lsst_hardware_z -177.53455520330579 137.63999938964844 31.010000228881836 AB 3.0370673134249166 1.0251415645434727
60227.0042 lsst_hardware_i 39.02683866032418 110.69999694824219 31.350000381469727 AB 2.4599130313299082 1.0249637630541284
60228.9917 lsst_hardware_y -138.68033286559802 150.47999572753906 30.09000015258789 AB 5.550518258486323 1.0239863958096713
60229.0114 lsst_hardware_r -64.91804348444391 95.70999908447266 31.65999984741211 AB 6.223278225786664 1.0310268763729795
