data/validation/pwv_sim_epoch_fit_epoch/62726043.ecsv
# %ECSV 0.9
# ---
# datatype:
# - {name: time, datatype: float64}
# - {name: band, datatype: string}
# - {name: flux, datatype: float64}
# - {name: fluxerr, datatype: float64}
# - {name: zp, datatype: float64}
# - {name: zpsys, datatype: string}
# - {name: pwv, datatype: float64}
# - {name: airmass, datatype: float64}
# meta: {SNID: '62726043', alt: 1024.0, c: -0.07517576217651367, dec: -7.481631, lat: -30.244573, lon: -70.7499537, ra: 112.675781, t0: 62084.109375,
#   x0: 9.384313922077174e-06, x1: 0.5510581731796265, z: 0.47227421402931213}
# schema: astropy-2.0
time band flux fluxerr zp zpsys pwv airmass
[from data line 133]
62511.2007 lsst_hardware_r 27.554356448021224 23.25 31.5 AB 8.299454438402003 1.084423489338241
62511.2218 lsst_hardware_u -0.5903065239499001 2.7300000190734863 28.440000534057617 AB 7.8359420076999715 1.0891698897571027
62513.1577 lsst_hardware_z -13.983754982072469 43.880001068115234 30.940000534057617 AB 7.964596454414242 1.1209847226480283
62513.175 lsst_hardware_g -17.512547467633716 18.989999771118164 31.520000457763672 AB 6.909339520513447 1.0967205588116582
62515.1595 lsst_hardware_r 4.483943527522488 45.36000061035156 31.610000610351562 AB 8.034161440730495 1.1091801344772887
62515.1791 lsst_hardware_i 89.4099620076723 41.689998626708984 31.290000915527344 AB 8.619498601911385 1.088824616014744
62516.156 lsst_hardware_z -70.6004622714171 51.90999984741211 30.969999313354492 AB 6.1202538885693265 1.110317277882743
62516.1758 lsst_hardware_r -3.843986685594082 55.86000061035156 31.6299991607666 AB 6.6323427668552375 1.0891887780687632
62520.151 lsst_hardware_r 39.6809419951685 133.77999877929688 31.649999618530273 AB 4.565467558352168 1.1022374597663165
62520.1697 lsst_hardware_z -140.41657735756456 88.2699966430664 30.989999771118164 AB 6.3018024383632 1.0865176617867587
62522.1558 lsst_hardware_r 118.45705823945102 109.0999984741211 31.649999618530273 AB 12.996852216439045 1.0918131049113284
62522.1758 lsst_hardware_y -0.49986089102747244 59.59000015258789 30.040000915527344 AB 12.465211743772384 1.0839314559802073
62524.1475 lsst_hardware_g -14.062846388582566 64.02999877929688 31.700000762939453 AB 8.322158587246443 1.0942529699219552
62524.1662 lsst_hardware_r 43.49123704470821 64.08999633789062 31.639999389648438 AB 8.408653148346701 1.0842413584217359
62526.1243 lsst_hardware_r -27.42625551726318 31.030000686645508 31.549999237060547 AB 8.852659872715552 1.1173250993677302
62526.1434 lsst_hardware_i 2.0573928466232454 37.27000045776367 31.270000457763672 AB 8.549672928970894 1.0930406565702218
62528.1368 lsst_hardware_r -6.9251426330997345 23.149999618530273 31.479999542236328 AB 12.034535497371154 1.0940486815791959
62528.1554 lsst_hardware_u 2.4374955684633797 2.609999895095825 28.34000015258789 AB 11.926428745948039 1.0842207950861853
62530.1413 lsst_hardware_g -19.457871276672478 14.069999694824219 31.399999618530273 AB 10.859868384887934 1.0870376415422842
62530.159 lsst_hardware_i -46.22622290554227 30.940000534057617 31.239999771118164 AB 10.824958088520532 1.0844749756826741
62532.1102 lsst_hardware_r 1.4643599288200493 23.350000381469727 31.489999771118164 AB 9.900859992078951 1.1135718360618525
62532.1276 lsst_hardware_z -20.836196276580672 42.189998626708984 30.940000534057617 AB 9.921381538313335 1.09254284091106
62534.1087 lsst_hardware_r 34.800554573220694 23.34000015258789 31.489999771118164 AB 6.7537353200462755 1.1076236687242764
62534.1268 lsst_hardware_u -7.268889728247858 2.7799999713897705 28.479999542236328 AB 7.807839899882048 1.0890861187793164
62538.1072 lsst_hardware_i 18.303394197380765 31.010000228881836 31.239999771118164 AB 4.7262707070197445 1.0962433988757587
62538.1246 lsst_hardware_z 13.039339050486683 41.869998931884766 30.950000762939453 AB 4.721542434464148 1.0849963464873569
62540.1054 lsst_hardware_r -7.512824724917048 23.030000686645508 31.479999542236328 AB 9.38222797842263 1.0928416817871092
62540.1263 lsst_hardware_u 3.4762197916647164 2.5899999141693115 28.329999923706055 AB 9.351742557604771 1.0839248801458334
62542.1018 lsst_hardware_g 45.755339261473274 21.18000030517578 31.559999465942383 AB 3.794632176589136 1.0913262101634424
62542.1212 lsst_hardware_i -49.09780074271259 32.7400016784668 31.260000228881836 AB 3.7923805902975367 1.0839244273805035
62544.0962 lsst_hardware_z 46.31215832523025 47.560001373291016 30.959999084472656 AB 4.933007346559297 1.0914336736676358
62544.1131 lsst_hardware_r 9.34274564039165 43.7400016784668 31.610000610351562 AB 4.905017485343465 1.0840416565210156
62545.1001 lsst_hardware_y 26.061392252696724 71.55999755859375 30.780000686645508 AB 3.7158974406062506 1.0871554829158134
62549.0894 lsst_hardware_z 10.222583572397543 80.43000030517578 30.989999771118164 AB 2.5904217943458576 1.0870422972496434
62549.1064 lsst_hardware_r -120.97976477844753 118.08000183105469 31.649999618530273 AB 2.5145581408461886 1.084328650645205
62551.0874 lsst_hardware_z -1.0301082439287896 67.4000015258789 30.989999771118164 AB 3.628902722502338 1.0855498609006122
62551.1048 lsst_hardware_r -117.36907473930646 97.26000213623047 31.649999618530273 AB 3.5734275224470866 1.0853234692322207
62553.0886 lsst_hardware_i -127.8382428703853 50.43000030517578 31.309999465942383 AB 4.982032557817783 1.0840324695161088
62553.1058 lsst_hardware_z -34.443620586824416 51.619998931884766 30.969999313354492 AB 4.9977974431383885 1.0883310223507665
62555.0571 lsst_hardware_z -36.97458918826393 42.08000183105469 30.940000534057617 AB 7.838583030930503 1.1002292134087308
62555.074 lsst_hardware_r -29.347625331566952 22.809999465942383 31.479999542236328 AB 7.708655954178907 1.086567898256218
62560.0579 lsst_hardware_r 5.759367876361269 22.84000015258789 31.5 AB 6.003841104418012 1.0878165975089258
62560.0758 lsst_hardware_i -14.313864934459351 30.809999465942383 31.25 AB 6.052264710246413 1.0842304474577436
62562.0488 lsst_hardware_z -15.097344210716031 41.790000915527344 30.950000762939453 AB 3.1410158082509705 1.0901258011051496
62562.0667 lsst_hardware_r -18.117002756742387 22.770000457763672 31.5 AB 3.090257402861626 1.0839205201198268
62569.0441 lsst_hardware_g 9.159785294417324 14.199999809265137 31.399999618530273 AB 11.759979620881404 1.0841188864606042
62569.062 lsst_hardware_r -5.782472880236154 22.8700008392334 31.479999542236328 AB 11.689380048237897 1.0882615486815321
62573.0089 lsst_hardware_z 41.205455299469605 49.72999954223633 30.959999084472656 AB 10.156058013424676 1.0991404776433786
62573.0276 lsst_hardware_i 35.88895711992425 42.869998931884766 31.290000915527344 AB 9.980698611799443 1.0854484624034044
62579.0052 lsst_hardware_y 62.41962610576147 57.279998779296875 30.049999237060547 AB 7.453133144588016 1.0882869452563357
62579.0243 lsst_hardware_z -10.571731541309038 64.9800033569336 30.979999542236328 AB 7.376974327091022 1.0842910747543208
62582.9944 lsst_hardware_y -4.9056234473608145 59.52000045776367 30.040000915527344 AB 6.152762262063761 1.0882140541322982
62583.0141 lsst_hardware_r 22.66463026481441 23.020000457763672 31.489999771118164 AB 6.6923542088098005 1.0844259817667388
62584.9996 lsst_hardware_z -2.4982916340152777 69.38999938964844 31.709999084472656 AB 9.702077365522335 1.0842328961283914
