data/validation/pwv_sim_epoch_fit_epoch/62764375.ecsv
# %ECSV 0.9
# ---
# datatype:
# - {name: time, datatype: float64}
# - {name: band, datatype: string}
# - {name: flux, datatype: float64}
# - {name: fluxerr, datatype: float64}
# - {name: zp, datatype: float64}
# - {name: zpsys, datatype: string}
# - {name: pwv, datatype: float64}
# - {name: airmass, datatype: float64}
# meta: {SNID: '62764375', alt: 1024.0, c: 0.06204478442668915, dec: -13.86195, lat: -30.244573, lon: -70.7499537, ra: 221.660156, t0: 63007.8203125,
#   x0: 3.362863053481231e-06, x1: 0.874941885471344, z: 0.7215899229049683}
# schema: astropy-2.0
time band flux fluxerr zp zpsys pwv airmass
62920.3813 lsst_hardware_g -2.2115115900453453 16.850000381469727 31.510000228881836 AB 10.112181418474842 1.0424929297396746
62924.3657 lsst_hardware_i -45.01555772729911 31.8799991607666 31.260000228881836 AB 5.429132944129499 1.0440640277172113
62924.3838 lsst_hardware_y 76.91100516191578 48.310001373291016 30.049999237060547 AB 5.2431783097747235 1.0423813737126686
62926.3706 lsst_hardware_g 31.593336593495643 15.850000381469727 31.479999542236328 AB 4.351930633480282 1.0416508946197942
62926.3904 lsst_hardware_y 26.64561000139524 49.25 30.049999237060547 AB 4.379173266538379 1.0478580099393928
62928.3461 lsst_hardware_r -12.912838500764009 24.489999771118164 31.510000228881836 AB 6.287271028971087 1.0491024576958263
62928.3646 lsst_hardware_i 12.404426263310182 31.690000534057617 31.25 AB 6.199039299384472 1.0416802721197231
62931.3576 lsst_hardware_z 53.63626723353303 59.13999938964844 31.700000762939453 AB 7.439306700398949 1.0416279334078618
62933.3526 lsst_hardware_z -8.058662229712983 59.810001373291016 30.979999542236328 AB 8.496505040422967 1.0416213118086266
62933.3717 lsst_hardware_r -145.5438012056257 74.86000061035156 31.649999618530273 AB 8.567998523257543 1.0481373201122446
62936.3387 lsst_hardware_i -85.22048907864634 87.43000030517578 31.34000015258789 AB 6.983443629198863 1.0422402033503884
62936.3573 lsst_hardware_z 8.389563070497418 75.70999908447266 30.989999771118164 AB 7.002892399114323 1.0445582198803216
62938.3359 lsst_hardware_i 44.820835618522054 85.62000274658203 31.34000015258789 AB 13.474184229946182 1.0418049429733902
62938.3562 lsst_hardware_z 32.64634262620873 76.01000213623047 31.0 AB 13.5288504551874 1.046922070434312
62942.3414 lsst_hardware_i 24.606016073230006 34.040000915527344 31.280000686645508 AB 9.182952559261922 1.0447837408140717
62942.3599 lsst_hardware_r 31.032192370076213 29.350000381469727 31.559999465942383 AB 9.390234017305396 1.0600452324333343
62945.3145 lsst_hardware_z 38.04439715750616 41.939998626708984 30.959999084472656 AB 4.977716637191836 1.0421627407059466
62945.334 lsst_hardware_u -0.4319077519608623 2.990000009536743 28.610000610351562 AB 5.406684128843942 1.045173811877816
62947.3154 lsst_hardware_g -4.063779301225379 15.520000457763672 31.489999771118164 AB 6.0249773878536335 1.0416327424613734
62947.3348 lsst_hardware_r 37.154021305319645 24.479999542236328 31.530000686645508 AB 6.525461117098389 1.049081393922729
62949.3148 lsst_hardware_i 0.06622637623277608 31.6299991607666 31.270000457763672 AB 6.296006559813707 1.0422126402604954
62949.3341 lsst_hardware_z -5.884895910997313 42.02000045776367 30.950000762939453 AB 7.160615697704334 1.0530317202506374
62953.3178 lsst_hardware_r 5.822788151544325 24.40999984741211 31.530000686645508 AB 7.878005716218137 1.0486297430408094
62953.3353 lsst_hardware_z -79.72737076539192 42.11000061035156 30.959999084472656 AB 8.335184270625597 1.067028784684146
62955.2891 lsst_hardware_i 14.379308751763741 31.610000610351562 31.270000457763672 AB 6.928478055936754 1.0418502878529492
62955.3067 lsst_hardware_r -1.3370702675402035 24.40999984741211 31.530000686645508 AB 6.553761713695696 1.0451737044407456
62957.287 lsst_hardware_u 2.5566059982735965 2.9200000762939453 28.559999465942383 AB 4.885887135150281 1.0416189173856483
62957.3032 lsst_hardware_g -27.092191182961077 15.449999809265137 31.479999542236328 AB 5.306187783931923 1.0462414296283513
62959.288 lsst_hardware_r 9.866590414621587 24.670000076293945 31.520000457763672 AB 6.2328135579536985 1.04232008996256
62959.3065 lsst_hardware_i -8.481675943224385 31.520000457763672 31.260000228881836 AB 6.069675894969317 1.052757938594973
62961.2762 lsst_hardware_z -99.87715955884686 55.34000015258789 30.979999542236328 AB 7.123971344719639 1.0416178006705779
62961.2936 lsst_hardware_r -103.00011623690179 68.44999694824219 31.649999618530273 AB 7.135057289863782 1.04704047103438
62963.2833 lsst_hardware_z -132.8552963594862 114.98999786376953 31.75 AB 8.355396853742246 1.0444246067177807
62964.2762 lsst_hardware_r -474.1192926978874 146.30999755859375 31.65999984741211 AB 9.030901136400916 1.0427991266303993
62964.2947 lsst_hardware_z 30.728372463739152 97.62000274658203 31.0 AB 10.536083382153826 1.0545046671824878
62967.2627 lsst_hardware_r -168.2039935290006 88.19000244140625 31.65999984741211 AB 3.5591617538464524 1.0417566965744043
62967.279 lsst_hardware_y 23.59254568152945 56.11000061035156 30.059999465942383 AB 3.601511799751735 1.0482207518074418
62969.2585 lsst_hardware_z -28.683073602897434 47.540000915527344 30.969999313354492 AB 12.386766080071306 1.0419116019742864
62969.2758 lsst_hardware_r -43.679596608210744 46.040000915527344 31.6299991607666 AB 12.48991332191542 1.0498886910132956
62974.2533 lsst_hardware_r 41.89349593091546 24.881759042752215 31.530000686645508 AB 13.278730112657735 1.0444385104833536
62974.2701 lsst_hardware_u 2.016104023905324 3.004844925143167 28.59000015258789 AB 13.48890794691698 1.0572901667124142
62976.2531 lsst_hardware_g -7.94900168094367 15.787112479854878 31.469999313354492 AB 3.745161053579151 1.047328951619627
62976.2715 lsst_hardware_i -7.559398552691182 32.25590080120571 31.260000228881836 AB 3.816875772865934 1.0656455009048464
62982.1364 lsst_hardware_r 180.17710501554959 37.70866968003641 32.25 AB 10.083725701836997 1.1776384734316019
62982.1506 lsst_hardware_u 1.9156724189104712 2.971714456222538 28.459999084472656 AB 9.738811965694593 1.1318935339022076
62985.2139 lsst_hardware_g 17.846392536124235 16.885987384889514 31.479999542236328 AB 10.945766255446227 1.041792473551354
62985.2323 lsst_hardware_r 204.9539661262191 28.493949922185966 31.520000457763672 AB 11.007839181058648 1.0500323543140204
62989.1702 lsst_hardware_i 510.3021889837578 57.21706813839406 31.31999969482422 AB 12.235711087532021 1.057690052228672
62989.1859 lsst_hardware_z 403.4448941749251 55.562547410809536 30.979999542236328 AB 12.030628753361162 1.0451419297507742
63001.1392 lsst_hardware_i 1142.8143973562053 46.35382626851951 31.270000457763672 AB 7.257842106008608 1.0558141019772493
63001.1597 lsst_hardware_z 772.8048589565502 49.79730995445537 30.959999084472656 AB 7.278240822217864 1.0426034363926748
63008.1303 lsst_hardware_r 1680.4045341249152 54.003624803901275 32.27000045776367 AB 5.215210136830486 1.0472835256449593
63008.1523 lsst_hardware_z 1653.3517134180413 71.03599751442604 31.700000762939453 AB 5.169653035681074 1.0419536502430866
63014.1158 lsst_hardware_g 69.7426712413482 20.54091472360196 31.520000457763672 AB 8.031280210555039 1.0461369066665993
63014.1369 lsst_hardware_r 778.0353013103559 37.11906748942604 31.530000686645508 AB 7.428262435002717 1.0421243595683278
63018.116 lsst_hardware_r 742.6244331377466 72.93099861814657 31.649999618530273 AB 7.7219998204694 1.0420114907074578
63018.1375 lsst_hardware_z 751.3208465893996 62.75141741686685 30.979999542236328 AB 7.431901569180997 1.0467466998846475
63021.1031 lsst_hardware_z 1426.6384333920648 147.45923865668112 31.75 AB 12.029672538929363 1.0432085568205474
63023.0914 lsst_hardware_r 1949.8992076597017 195.6822984121511 32.849998474121094 AB 5.334794101627481 1.0460380591426435
63023.1127 lsst_hardware_z 2081.199416295055 136.8367724496295 32.189998626708984 AB 5.315215062391797 1.0421990318415288
63037.04 lsst_hardware_r 131.2034635483155 28.12079195585688 31.520000457763672 AB 3.702893635356017 1.0567618822363063
63037.061 lsst_hardware_i 428.27486207397794 37.214583816564904 31.25 AB 3.9101841502371792 1.0427157733965235
63043.0468 lsst_hardware_z 383.3271533654621 45.73690364800349 30.959999084472656 AB 4.0703474925259995 1.0421868246380608
63043.0669 lsst_hardware_r 111.54204185559236 28.921931319754197 31.540000915527344 AB 4.009174884383503 1.0454171797611165
63045.0321 lsst_hardware_z 245.32355014854537 48.906490113141984 30.959999084472656 AB 7.567182184213421 1.0456121389897064
63045.0534 lsst_hardware_g -36.773577797739584 35.325503274309135 31.670000076293945 AB 7.33358621469363 1.0423688742368427
63047.0309 lsst_hardware_r 140.12173585049362 79.39557343177628 31.649999618530273 AB 3.6198869418227386 1.043646228001366
63047.0493 lsst_hardware_z 259.4269018238073 64.97960372373551 30.979999542236328 AB 3.31628365215152 1.0427198696664022
63049.0323 lsst_hardware_r 223.72865872587735 107.98606249994187 31.65999984741211 AB 9.142405887782392 1.0418696168412613
63049.0527 lsst_hardware_y 168.9567159410932 62.12430357656826 30.059999465942383 AB 8.944967170519673 1.0466540494976946
63052.0176 lsst_hardware_z 332.34158028999786 90.54120628892557 31.739999771118164 AB 3.9270888725725204 1.0435134293815378
63056.9947 lsst_hardware_r 97.9424448566935 26.01521009272191 31.530000686645508 AB 8.301046253209803 1.0485090631817358
63057.0136 lsst_hardware_i 168.78955796101846 34.030205033042314 31.260000228881836 AB 8.539153667239475 1.0416248437801583
63068.975 lsst_hardware_z 140.15528261288335 43.703183149940315 30.950000762939453 AB 5.420291041370062 1.042363661801935
63068.9974 lsst_hardware_g 13.138856825574996 16.413713926924466 31.469999313354492 AB 5.549463978011389 1.0462461545347472
63071.9633 lsst_hardware_y 57.70571078368843 62.31568842957317 30.06999969482422 AB 5.116404355453524 1.0434011227408915
63071.9843 lsst_hardware_i 131.11620257589905 34.83677104185581 31.270000457763672 AB 5.130544792191619 1.0438367865295508
63072.9624 lsst_hardware_y 23.81435351530845 67.14128640137892 30.059999465942383 AB 8.586711445473961 1.0428043167834304
63072.9826 lsst_hardware_r 13.365714918718123 32.42485323535315 31.56999969482422 AB 8.623579151053478 1.0442696961798836
