data/validation/pwv_sim_epoch_fit_epoch/62860507.ecsv
# %ECSV 0.9
# ---
# datatype:
# - {name: time, datatype: float64}
# - {name: band, datatype: string}
# - {name: flux, datatype: float64}
# - {name: fluxerr, datatype: float64}
# - {name: zp, datatype: float64}
# - {name: zpsys, datatype: string}
# - {name: pwv, datatype: float64}
# - {name: airmass, datatype: float64}
# meta: {SNID: '62860507', alt: 1024.0, c: -0.0038672504015266895, dec: -10.503271, lat: -30.244573, lon: -70.7499537, ra: 303.222656,
#   t0: 61643.6328125, x0: 4.695410680021902e-06, x1: -0.9814531803131104, z: 0.6296133995056152}
# schema: astropy-2.0
time band flux fluxerr zp zpsys pwv airmass
61528.4083 lsst_hardware_g -1.7829476088454674 16.829999923706055 31.5 AB 11.874137456259948 1.0687952825208853
61528.4268 lsst_hardware_y -76.03566082806395 68.02999877929688 30.059999465942383 AB 11.8973253694058 1.063012579076502
61530.4072 lsst_hardware_z -27.73352892551653 42.400001525878906 30.950000762939453 AB 7.424453129468762 1.0662466496759753
61530.4253 lsst_hardware_y 61.0119679194898 58.58000183105469 30.049999237060547 AB 5.704218146593415 1.063475767251161
61533.4021 lsst_hardware_r 20.421081792928245 24.889999389648438 31.520000457763672 AB 11.261710789353385 1.0648868412229573
61533.4212 lsst_hardware_z 25.587428204627987 45.09000015258789 30.959999084472656 AB 11.285917752867135 1.0645836814401262
61535.3987 lsst_hardware_z -9.344737180937722 42.54999923706055 30.950000762939453 AB 8.341254047663313 1.0641843178885342
61535.4178 lsst_hardware_y 56.37913779997762 48.779998779296875 30.040000915527344 AB 8.09692446974128 1.0653847986501686
61539.2691 lsst_hardware_g -43.757892247053974 15.399999618530273 31.34000015258789 AB 10.046708435990496 1.4608082058873528
61539.3038 lsst_hardware_i -45.03223511503151 47.119998931884766 31.989999771118164 AB 8.334791634623562 1.2464171728164442
61539.334 lsst_hardware_y -23.866175536589186 48.59000015258789 30.020000457763672 AB 9.097267842962493 1.1397585545729385
61541.3907 lsst_hardware_z 6.110560233611456 59.7400016784668 31.709999084472656 AB 4.767900343005857 1.0629979956166447
61541.4174 lsst_hardware_r -52.20139147666024 35.529998779296875 32.27000045776367 AB 4.0074337809709535 1.0772188829275744
61543.3598 lsst_hardware_y 99.88667383753929 50.22999954223633 30.040000915527344 AB 7.546530039905929 1.0749787573760257
61543.3822 lsst_hardware_g 16.596075727856086 42.88999938964844 31.690000534057617 AB 8.31643034268839 1.0631196108771592
61547.3319 lsst_hardware_r -183.68821699520092 99.62999725341797 31.639999389648438 AB 4.628844875826121 1.0974027680953748
61547.3559 lsst_hardware_i -42.309263240710486 77.86000061035156 31.329999923706055 AB 4.537337267885947 1.069160099254409
61551.3484 lsst_hardware_z 21.63841046925756 63.65999984741211 30.979999542236328 AB 6.153286450296528 1.0670284736283628
61551.3721 lsst_hardware_r -53.040841265430984 79.37000274658203 31.649999618530273 AB 6.111620491389835 1.0646031426886442
61553.3643 lsst_hardware_z 20.722957464213593 47.939998626708984 30.959999084472656 AB 9.657002300153291 1.063888249729993
61553.386 lsst_hardware_r -11.229853687535256 44.2400016784668 31.610000610351562 AB 10.085852274553488 1.0787007780270872
61557.2816 lsst_hardware_z -89.15423739779087 43.22999954223633 30.940000534057617 AB 6.9865565997354535 1.1486324043955787
61557.3031 lsst_hardware_r 16.19105925661388 24.399999618530273 31.510000228881836 AB 7.483891967016559 1.0999792220395708
61560.3386 lsst_hardware_u -2.3487218563963053 2.740000009536743 28.420000076293945 AB 12.849016004043493 1.0630002898898443
61560.3607 lsst_hardware_g 2.3519408875570664 15.180000305175781 31.450000762939453 AB 12.888183552652235 1.072585182477716
61571.2713 lsst_hardware_i -8.4257076041679 47.439998626708984 31.299999237060547 AB 12.83609037433197 1.0896511353422724
61571.2928 lsst_hardware_z -74.61459616543895 49.16999816894531 30.959999084472656 AB 12.491018779953162 1.0676084427310395
61573.2735 lsst_hardware_r -155.8481321881906 85.8499984741211 31.649999618530273 AB 4.73691298689337 1.0796382876110118
61573.2968 lsst_hardware_z 25.31324770631015 61.779998779296875 30.989999771118164 AB 4.068220236001607 1.063702861575755
61579.27 lsst_hardware_y -55.2378970322966 83.91000366210938 30.799999237060547 AB 4.057733692494849 1.0681994627487317
61581.2304 lsst_hardware_z 65.1280917884079 52.400001525878906 30.959999084472656 AB 4.8816481466430535 1.1137263348362416
61581.2555 lsst_hardware_r -23.370426754812144 55.209999084472656 31.6299991607666 AB 4.7247251019521395 1.0755326040676279
61584.1214 lsst_hardware_r -49.248994427017806 25.780000686645508 31.3799991607666 AB 12.099512252721457 1.7167298882977093
61584.1479 lsst_hardware_u -3.230782541503814 2.630000114440918 28.219999313354492 AB 8.970054335192737 1.4474833524596962
61586.2401 lsst_hardware_g 24.367199365588203 15.25 31.459999084472656 AB 3.575656176010564 1.0773293690902572
61586.2638 lsst_hardware_i 0.5098195267988788 31.600000381469727 31.260000228881836 AB 3.7103816362902613 1.0632481525332682
61588.2844 lsst_hardware_z 46.90409990591443 42.11000061035156 30.950000762939453 AB 8.874955645420929 1.0727182488421751
61588.3006 lsst_hardware_r -58.74890665124695 24.360000610351562 31.510000228881836 AB 8.492999917204658 1.0921716659320848
61590.2623 lsst_hardware_u 3.2278234777568215 2.680000066757202 28.3700008392334 AB 7.406795471043462 1.0636598651602587
61590.2834 lsst_hardware_g -14.911027257258874 15.1899995803833 31.440000534057617 AB 7.499945824218814 1.0769981438475889
61595.2394 lsst_hardware_r 31.395185364493628 24.290000915527344 31.510000228881836 AB 2.3210250230922216 1.0632272208393134
61595.2618 lsst_hardware_i -16.748221041631847 31.709999084472656 31.25 AB 2.2468445027815394 1.0699259537054948
61599.2294 lsst_hardware_r -33.961859401446766 45.41999816894531 31.610000610351562 AB 7.29303797741591 1.0631250695941559
61599.2523 lsst_hardware_z 46.58683506610097 47.34000015258789 30.959999084472656 AB 6.6841538853094535 1.0710068715445367
61606.2001 lsst_hardware_z 135.6574269864548 100.87999725341797 31.0 AB 3.6544956076876667 1.066072230947394
61606.2203 lsst_hardware_i -237.00761861177332 120.86000061035156 31.34000015258789 AB 3.141025696922033 1.0640931726911071
61609.1495 lsst_hardware_r -76.38993088291029 63.810001373291016 31.6200008392334 AB 6.516181953734908 1.1234796471956738
61609.1708 lsst_hardware_z -113.00148900482645 54.869998931884766 30.969999313354492 AB 5.83292508387162 1.0851112472902789
61610.1932 lsst_hardware_r -14.083029847729938 50.25 31.6299991607666 AB 5.868937145548651 1.064434522498395
61610.2193 lsst_hardware_y 51.83561892600408 49.79999923706055 30.049999237060547 AB 6.6663812727949665 1.068844199582326
61616.1783 lsst_hardware_g 8.941031433086504 16.01365574106116 31.479999542236328 AB 5.19891490159814 1.063988723785754
61616.1974 lsst_hardware_r -14.327273371548044 25.198007161805926 31.520000457763672 AB 5.188791950799231 1.0657339051705736
61618.1721 lsst_hardware_i 7.260393689086468 31.994348528764682 31.25 AB 4.915014827370666 1.0642015432219696
61618.1895 lsst_hardware_z 7.6905433693498475 42.62424254315514 30.950000762939453 AB 4.853058349829269 1.0647341706514413
61625.1418 lsst_hardware_r 314.7610955506239 32.214586428617096 31.530000686645508 AB 4.109834167218281 1.0699906709758609
61625.1619 lsst_hardware_z 270.9846332829234 45.21319190612126 30.950000762939453 AB 4.125980603761804 1.0630317598149617
61650.0807 lsst_hardware_u -2.7383601256843173 2.7255036890500466 28.389999389648438 AB 1.5602275748950543 1.0657292178244906
61650.1018 lsst_hardware_g 166.2720167408125 19.928808055647206 31.450000762939453 AB 3.1038108256405117 1.0646199773527552
61652.0607 lsst_hardware_g 156.702994944129 19.28828249229346 31.459999084472656 AB 1.6621115459701796 1.0764971152656604
61652.0798 lsst_hardware_r 1099.602131012345 41.387261920391104 31.510000228881836 AB 1.610968748598804 1.0640480505936618
61654.0646 lsst_hardware_i 1102.0636719252154 46.63619334144264 31.260000228881836 AB 0.6825758578128961 1.0686119104702876
61654.0831 lsst_hardware_r 1076.69012651401 41.84666747907987 31.540000915527344 AB 0.6143550825190988 1.0630513324050737
61673.0259 lsst_hardware_g 33.32351106163521 17.09750530171882 31.450000762939453 AB 4.632654065840812 1.0633076161984956
61673.0461 lsst_hardware_r 218.12084862869904 28.379424680843616 31.510000228881836 AB 4.707040788372528 1.0680827747611819
61676.9969 lsst_hardware_y 202.50723637322585 50.804222324598626 30.040000915527344 AB 4.063312738298008 1.0723027986359395
61677.0154 lsst_hardware_i 282.421307012744 36.19345662434162 31.25 AB 3.6318761281502447 1.0632474637180518
61682.9899 lsst_hardware_y 105.61249173713388 65.52732629034749 30.059999465942383 AB 3.460679315699833 1.0660544676780386
61683.0092 lsst_hardware_i 207.62893094505588 36.201768608816 31.260000228881836 AB 2.9516954095899557 1.063865708988872
61685.001 lsst_hardware_z 537.4527087701783 77.346421919753 31.719999313354492 AB 4.121746253185393 1.0633105821270545
61894.3211 lsst_hardware_u 3.829264061698483 2.799999952316284 28.360000610351562 AB 11.942239420039195 1.2998002144202003
61894.3458 lsst_hardware_y -65.42872826419105 49.25 30.0 AB 9.785783279902631 1.1898211597226969
61896.4184 lsst_hardware_r 26.51762166976105 25.860000610351562 31.530000686645508 AB 2.4813481845201757 1.063017322274896
61898.4113 lsst_hardware_z -140.51140586604106 65.12999725341797 31.700000762939453 AB 11.248572746114014 1.063058160230029
61900.3951 lsst_hardware_z -22.839095239499684 86.81999969482422 31.729999542236328 AB 8.354940091114887 1.0658624031869648
61900.4158 lsst_hardware_y 24.049225060815463 54.439998626708984 30.049999237060547 AB 8.312036817767575 1.0643948544788273
61909.3639 lsst_hardware_z 11.228136512713156 43.36000061035156 30.950000762939453 AB 8.893724962692191 1.0698145504440757
61909.3843 lsst_hardware_r -37.77686513589865 28.600000381469727 31.549999237060547 AB 10.157339811495977 1.0630670411571357
61911.3643 lsst_hardware_u 0.1350095277635584 2.9600000381469727 28.540000915527344 AB 7.4965265934385386 1.0662358554138018
61911.3866 lsst_hardware_g -8.132701695596948 16.40999984741211 31.5 AB 7.615659611030427 1.0646804992353456
61925.2768 lsst_hardware_i -2.9845614333441386 86.5199966430664 32.790000915527344 AB 13.063579120067665 1.1412977280827925
61925.3098 lsst_hardware_z 38.08179041092339 64.66999816894531 31.709999084472656 AB 13.019749351945537 1.0795364497280961
61927.342 lsst_hardware_r 31.8817703387791 69.33000183105469 31.639999389648438 AB 5.707174073226446 1.0643741277931327
61927.368 lsst_hardware_z -43.51408600060022 54.02000045776367 30.969999313354492 AB 5.926757447298549 1.0859839573611632
61943.2852 lsst_hardware_u 3.4319009394474125 2.7799999713897705 28.459999084472656 AB 2.736528513152952 1.0634522542127471
61943.307 lsst_hardware_g 11.630643134813461 15.149999618530273 31.450000762939453 AB 2.137240131002812 1.068620065501406
61948.2602 lsst_hardware_i 21.287681529082636 44.459999084472656 31.989999771118164 AB 7.65124279525028 1.0679629826339199
61948.2835 lsst_hardware_r 4.870833175386799 33.970001220703125 32.25 AB 7.612078311837029 1.0640310751798727
61952.2162 lsst_hardware_z -50.25077064822918 44.279998779296875 30.940000534057617 AB 8.5708916156053 1.1107226871775158
61952.2357 lsst_hardware_g -19.09721006266315 15.109999656677246 31.43000030517578 AB 8.298619518581967 1.079986923292812
61957.2583 lsst_hardware_r -43.272469475214926 107.86000061035156 31.649999618530273 AB 4.701938541253482 1.0638672315981934
61957.2788 lsst_hardware_i -170.23348750135494 85.2300033569336 31.329999923706055 AB 4.781310452211517 1.07719520551471
61959.249 lsst_hardware_z -114.4770913278103 108.33999633789062 31.0 AB 1.682393980552865 1.0631801446435145
61959.268 lsst_hardware_r -56.00432132595393 161.0399932861328 31.65999984741211 AB 1.7230054240089472 1.072131972419395
61961.2553 lsst_hardware_z 71.20610959433178 125.31999969482422 31.75 AB 10.038572219018862 1.0670723674006461
61975.1988 lsst_hardware_g -16.779638666675076 15.680000305175781 31.459999084472656 AB 5.858089850395192 1.0633028528064845
61975.2182 lsst_hardware_r -12.040347787150893 24.690000534057617 31.510000228881836 AB 6.668305279677544 1.0677260802217101
61977.1964 lsst_hardware_i 6.005487240113416 31.729999542236328 31.239999771118164 AB 11.37883497318211 1.0630451208129774
61977.2131 lsst_hardware_z 30.934768741171997 42.0099983215332 30.940000534057617 AB 10.864477072628462 1.0679455505987234
61980.1943 lsst_hardware_i -4.809934613071489 31.8799991607666 31.25 AB 4.433595735632859 1.0635949947541943
61980.213 lsst_hardware_z 71.89943683212759 42.439998626708984 30.950000762939453 AB 4.41876391373602 1.074210262242864
61984.1853 lsst_hardware_i 94.2946490130274 59.529998779296875 31.31999969482422 AB 1.9357967070038817 1.0640630518090155
61984.2036 lsst_hardware_r 98.9203371210341 70.36000061035156 31.639999389648438 AB 2.0392200547012966 1.0756798389562425
61989.1651 lsst_hardware_r -88.6489936322273 143.22000122070312 31.65999984741211 AB 2.8447211759899123 1.0630497668123737
61989.1837 lsst_hardware_i 146.74454319077205 113.05999755859375 31.34000015258789 AB 3.0178045081415674 1.070238321887248
61991.1208 lsst_hardware_i 175.95017338100075 68.16999816894531 31.31999969482422 AB 4.234341376159041 1.0912313485505647
61991.1392 lsst_hardware_z -77.4015115307925 62.31999969482422 30.979999542236328 AB 4.683716837736776 1.0704415124526971
61993.1201 lsst_hardware_i 13.722020062941704 42.25 31.290000915527344 AB 8.112855798867658 1.084509731601594
61993.138 lsst_hardware_z 5.919375149258496 48.56999969482422 30.959999084472656 AB 8.76127794552761 1.0675697377801945
61996.1316 lsst_hardware_g -4.866186444799857 21.950000762939453 32.22999954223633 AB 3.250384912940105 1.0665742126136522
61996.1517 lsst_hardware_r 32.25489880021156 34.61000061035156 32.27000045776367 AB 3.1105014597304526 1.0638436275655654
62000.1267 lsst_hardware_i 24.255193619618737 31.639999389648438 31.260000228881836 AB 2.89994608724903 1.0641353142617687
62000.1458 lsst_hardware_r 21.606189246113882 24.309999465942383 31.520000457763672 AB 2.8822855164551444 1.0655727594029925
62012.0919 lsst_hardware_i 40.320913774647735 53.06999969482422 31.31999969482422 AB 3.3168652613035707 1.0648042572403116
62012.1107 lsst_hardware_z 26.064872950674655 53.599998474121094 30.969999313354492 AB 3.345128862565581 1.064649542509733
62019.0655 lsst_hardware_z -84.8401545553241 93.86000061035156 31.739999771118164 AB 0.7154542585889191 1.0685066711960667
62029.0255 lsst_hardware_r 31.644915888402124 24.15999984741211 31.510000228881836 AB 2.714453402023834 1.0799496327924543
62029.0441 lsst_hardware_g -1.6903954263402583 15.09000015258789 31.459999084472656 AB 2.7858871124388336 1.0653488001677296
62032.0313 lsst_hardware_r 1.6631879961397453 24.25 31.520000457763672 AB 6.299413515575496 1.067697206029745
62032.0507 lsst_hardware_i 39.56499134794083 31.600000381469727 31.260000228881836 AB 5.883673548408268 1.0633144967002894
62034.022 lsst_hardware_z 23.137265754424735 42.16999816894531 30.950000762939453 AB 4.174110126187429 1.0702846477403665
62034.0417 lsst_hardware_i -21.356239143656225 31.59000015258789 31.25 AB 4.171905112867932 1.0630411804988715
62036.0265 lsst_hardware_u -5.50880409503428 2.869999885559082 28.459999084472656 AB 1.5971339342926076 1.0647559561950717
62036.0457 lsst_hardware_g -21.754215539855547 15.779999732971191 31.459999084472656 AB 1.459543351828388 1.064841939563352
62038.0222 lsst_hardware_r -46.838784302180954 28.299999237060547 31.540000915527344 AB 4.675029344765134 1.0643612380886953
62038.0425 lsst_hardware_i 12.886053078971198 33.59000015258789 31.260000228881836 AB 4.690853957764046 1.0657802085194497
62040.0311 lsst_hardware_z 8.17168720645792 70.30999755859375 31.719999313354492 AB 3.30015142067364 1.0637357180714948
62046.9982 lsst_hardware_y 38.621844083445986 57.06999969482422 30.049999237060547 AB 2.3263067753254267 1.0641842522073726
62047.0169 lsst_hardware_i -15.976134445465835 72.0199966430664 31.329999923706055 AB 2.567445483889705 1.0653300763028737
62048.9902 lsst_hardware_y 40.39870036196468 64.55000305175781 30.059999465942383 AB 3.534397359187002 1.065058719055966
62049.0095 lsst_hardware_g 50.53711011862462 46.0 31.700000762939453 AB 3.6444466890984133 1.0645900747123243
62052.9919 lsst_hardware_z 25.017533873114523 57.959999084472656 30.979999542236328 AB 3.3435873233617808 1.0631438230081305
62053.0104 lsst_hardware_u 4.993302152518705 2.9200000762939453 28.489999771118164 AB 2.571279824376055 1.071366593490023
