data/validation/pwv_sim_epoch_fit_epoch/62958074.ecsv
# %ECSV 0.9
# ---
# datatype:
# - {name: time, datatype: float64}
# - {name: band, datatype: string}
# - {name: flux, datatype: float64}
# - {name: fluxerr, datatype: float64}
# - {name: zp, datatype: float64}
# - {name: zpsys, datatype: string}
# - {name: pwv, datatype: float64}
# - {name: airmass, datatype: float64}
# meta: {SNID: '62958074', alt: 1024.0, c: 0.05515356361865997, dec: -34.772018, lat: -30.244573, lon: -70.7499537, ra: 330.117188, t0: 61331.0859375,
#   x0: 3.6124233660630055e-06, x1: -0.4388975203037262, z: 0.7010346055030823}
# schema: astropy-2.0
time band flux fluxerr zp zpsys pwv airmass
[from data line 132]
61611.1593 lsst_hardware_g 7.957049167831246 23.479999542236328 31.540000915527344 AB 6.815199156890876 1.2190679110796667
61611.1777 lsst_hardware_r 22.051365176498408 35.06999969482422 31.56999969482422 AB 6.742177758909201 1.148142153162621
61612.159 lsst_hardware_i 27.85797071169882 32.279998779296875 31.229999542236328 AB 11.119829854714391 1.2085786326891168
61612.1782 lsst_hardware_z -1.4288769434925634 42.790000915527344 30.940000534057617 AB 12.285247217109083 1.137558000287887
61617.1613 lsst_hardware_r -21.931592802021868 23.84000015258789 31.479999542236328 AB 4.2483591137672505 1.1482051658830406
61617.1812 lsst_hardware_g 1.712295908048324 14.600000381469727 31.420000076293945 AB 3.968601349762048 1.0906496323633248
61619.1672 lsst_hardware_r -31.31363139266328 23.579999923706055 31.479999542236328 AB 2.103333526843799 1.113169371179388
61619.186 lsst_hardware_i -42.62306725892969 31.030000686645508 31.239999771118164 AB 1.9882507988049987 1.067517207411902
61622.1612 lsst_hardware_z 50.883148189786425 42.150001525878906 30.940000534057617 AB 2.2564430890258746 1.107094491303888
61622.1806 lsst_hardware_i -72.59490244348162 30.989999771118164 31.239999771118164 AB 1.7057984330146685 1.0619205849852678
61624.1598 lsst_hardware_u -0.4918675017276268 2.75 28.440000534057617 AB 2.9390349718893103 1.0963821083894467
61624.1802 lsst_hardware_g -5.756634054276066 14.550000190734863 31.440000534057617 AB 2.9560149640572138 1.052493237061584
61626.1657 lsst_hardware_r 11.287403703215904 30.0 31.559999465942383 AB 4.6469595899683505 1.0699883928087384
61626.1843 lsst_hardware_i 34.519998064045396 33.439998626708984 31.270000457763672 AB 3.925397174588729 1.0371158787085746
61627.1656 lsst_hardware_z -79.06498533326932 63.099998474121094 31.709999084472656 AB 4.581638283095375 1.0645894856545677
61629.1677 lsst_hardware_z 5.13406116405195 50.349998474121094 30.969999313354492 AB 2.8453000165800635 1.0504753468590826
61629.1867 lsst_hardware_r -83.3244769268594 54.91999816894531 31.649999618530273 AB 2.790159237985964 1.0235986198664884
61631.1582 lsst_hardware_i -65.9231860443728 71.58999633789062 31.329999923706055 AB 3.1704627573251023 1.0577611512428053
61631.1761 lsst_hardware_z -44.40933601361064 64.45999908447266 30.989999771118164 AB 2.3790594951230126 1.0297101511806148
61651.0658 lsst_hardware_r -2.7760143383854774 23.579999923706055 31.469999313354492 AB 1.7095038237886933 1.157350966739877
61651.0824 lsst_hardware_z 113.92078957043425 42.16999816894531 30.940000534057617 AB 1.597803095756986 1.1060650215792884
61653.0854 lsst_hardware_u -2.8435536436368443 2.950000047683716 28.510000228881836 AB 1.608360967532915 1.0846539063951322
61653.1038 lsst_hardware_g -27.64697838425898 15.270000457763672 31.469999313354492 AB 1.5614245776893125 1.0477015730414365
61655.0643 lsst_hardware_g -34.09970670873518 24.110000610351562 31.579999923706055 AB 2.4091568751948906 1.1266516953366594
61655.0824 lsst_hardware_r 34.1764717131578 29.200000762939453 31.549999237060547 AB 2.325906757414929 1.0789732908989402
61670.9955 lsst_hardware_y -22.38273333717678 49.900001525878906 29.989999771118164 AB 1.356519540613713 1.2189781703884666
61671.0135 lsst_hardware_g -20.459549070739833 14.229999542236328 31.399999618530273 AB 1.724131223722459 1.1494208158149728
61671.994 lsst_hardware_y -17.10885292477548 50.220001220703125 30.0 AB 3.075927424926618 1.2136229729441188
61672.0115 lsst_hardware_i -1.1725621671800408 31.520000457763672 31.239999771118164 AB 3.251846288476271 1.146968298798285
61673.9941 lsst_hardware_y -55.03399207430334 50.0099983215332 30.0 AB 3.6163621167847717 1.1905718902995133
61674.0108 lsst_hardware_i -22.946244738970307 31.389999389648438 31.239999771118164 AB 3.8138687792970822 1.131627855291525
61681.9987 lsst_hardware_z 2.8995890035879692 43.27000045776367 30.950000762939453 AB 2.4066986187082113 1.1035261711244713
61682.0189 lsst_hardware_u 0.3371490808113913 2.9700000286102295 28.530000686645508 AB 2.595974453730361 1.057854300623619
61683.9983 lsst_hardware_y 53.0798012602933 49.939998626708984 30.030000686645508 AB 3.6081281366110507 1.0905631363491843
61684.0181 lsst_hardware_r -17.847829445405186 27.799999237060547 31.549999237060547 AB 3.5928430542480196 1.0494904372088687
61685.9976 lsst_hardware_y -51.755523833511845 51.880001068115234 30.040000915527344 AB 4.82961835909897 1.0793247226830236
61686.0179 lsst_hardware_z -21.35360571203176 47.380001068115234 30.969999313354492 AB 4.735827176002701 1.0409555283004779
61687.999 lsst_hardware_y -98.0739488243524 55.7599983215332 30.049999237060547 AB 3.2010501995597918 1.0646803513041647
61688.0185 lsst_hardware_z 51.23618502833368 59.709999084472656 30.979999542236328 AB 2.477451724639907 1.0322715519332946
61688.9977 lsst_hardware_y 25.370152125295636 58.56999969482422 30.049999237060547 AB 2.3340333385086915 1.061849340793278
61689.0162 lsst_hardware_r -45.57710662941309 83.27999877929688 31.65999984741211 AB 3.5308226190873464 1.031700385435087
