data/validation/pwv_sim_epoch_fit_epoch/63068201.ecsv
# %ECSV 0.9
# ---
# datatype:
# - {name: time, datatype: float64}
# - {name: band, datatype: string}
# - {name: flux, datatype: float64}
# - {name: fluxerr, datatype: float64}
# - {name: zp, datatype: float64}
# - {name: zpsys, datatype: string}
# - {name: pwv, datatype: float64}
# - {name: airmass, datatype: float64}
# meta: {SNID: '63068201', alt: 1024.0, c: 0.003212116891518235, dec: -33.331287, lat: -30.244573, lon: -70.7499537, ra: 35.859375, t0: 62342.33203125,
#   x0: 3.1859548889993963e-06, x1: 0.5938910245895386, z: 0.7375547885894775}
# schema: astropy-2.0
time band flux fluxerr zp zpsys pwv airmass
62327.3503 lsst_hardware_i 670.0771565042331 41.572959924266236 31.209999084472656 AB 11.102626446727674 1.3923971088543878
62327.3693 lsst_hardware_r 532.9442515016597 32.81413333211942 31.459999084472656 AB 10.193144010542364 1.2766564186419969
62330.4047 lsst_hardware_r 721.1628299632835 34.863985051150934 31.489999771118164 AB 6.756378766052094 1.1063335133538905
62330.4261 lsst_hardware_i 945.1097163787337 42.21924914193555 31.25 AB 6.767658063460513 1.056758578549479
62332.3732 lsst_hardware_i 959.3626567489086 43.728998090931626 31.229999542236328 AB 4.401415955566875 1.1947383158433427
62332.3932 lsst_hardware_z 601.0680665209804 48.49695686527752 30.940000534057617 AB 5.348290532498037 1.1238265460176586
62334.3572 lsst_hardware_z 570.4537436741512 50.0755448547964 30.93000030517578 AB 1.0177552839149728 1.241417300973742
62334.3778 lsst_hardware_i 1040.2420842885774 44.25292535922226 31.229999542236328 AB 2.6597675556207436 1.1564206763568452
62343.3657 lsst_hardware_z 772.2355625931463 65.09771235157247 30.969999313354492 AB 7.989687102582896 1.1162938388482064
62343.3853 lsst_hardware_r 961.0779865581419 85.83387261529145 31.639999389648438 AB 7.114489512731669 1.0673735594520648
62345.37 lsst_hardware_i 1297.0477598448106 65.80699805899911 31.309999465942383 AB 3.38023811989869 1.089930606158219
62345.3895 lsst_hardware_r 720.6697514924189 73.77718007666358 31.649999618530273 AB 3.6957260889965617 1.0488296534849764
62347.377 lsst_hardware_z 1466.9225537736693 81.7682189761257 31.729999542236328 AB 4.971945051120042 1.0620032149063814
62348.372 lsst_hardware_r 754.6107018205468 57.02785868494612 31.6299991607666 AB 4.209675301624439 1.0666407014251114
62348.3926 lsst_hardware_i 1059.8547998074775 55.7746084809875 31.309999465942383 AB 4.649592258643472 1.0313328484976279
62351.3708 lsst_hardware_z 618.3106516549528 49.558451370915776 30.950000762939453 AB 2.332069735212789 1.0529719991930417
62351.3897 lsst_hardware_r 606.681240267429 38.10444064758241 31.559999465942383 AB 2.858620453427604 1.0245951445977075
62352.3716 lsst_hardware_z 692.529453970615 48.54710525402568 30.950000762939453 AB 1.9745079468041251 1.046743919493263
62352.3925 lsst_hardware_g 60.70270379632965 19.826450976744756 31.520000457763672 AB 2.136828542716969 1.0185074083493655
62354.3738 lsst_hardware_r 583.2558207153547 31.494109898615637 31.479999542236328 AB 2.6999279842626493 1.0347194625431717
62354.3938 lsst_hardware_z 582.7544149788813 47.31521788333195 30.950000762939453 AB 2.926719715404716 1.0123554878605037
62356.3687 lsst_hardware_r 465.8231094270076 30.87432684567264 31.5 AB 2.562238132089157 1.0342030805607092
62356.3871 lsst_hardware_u 1.3282901716721223 2.6970272109575735 28.489999771118164 AB 1.4187308183587473 1.0133791559705339
62358.3147 lsst_hardware_g 25.93119698220097 14.758696484917234 31.3799991607666 AB 5.521989293081401 1.1480227220544443
62358.3316 lsst_hardware_r 431.29573622798216 30.166990787189615 31.479999542236328 AB 5.300231679541763 1.0973564553917634
62362.341 lsst_hardware_z 425.95633456751244 46.21563731217795 30.940000534057617 AB 3.6839305225957113 1.052551577884489
62362.3595 lsst_hardware_r 341.7894714935213 28.450499357266132 31.489999771118164 AB 3.586788737527116 1.0247967821506045
62364.2638 lsst_hardware_i 504.6839652693319 39.85581371838361 31.209999084472656 AB 5.882174618602359 1.3011741524706588
62364.2831 lsst_hardware_z 402.07292073533256 48.3513608433268 30.940000534057617 AB 5.48674609911694 1.2061875423992099
62367.2612 lsst_hardware_y 244.61472436359705 52.75278641584767 29.969999313354492 AB 3.122866955688763 1.2708788099252264
62367.2797 lsst_hardware_r 234.8514822289113 44.13503605974211 31.579999923706055 AB 2.859951872203216 1.1864558689911704
62369.2586 lsst_hardware_i 331.6324016022747 56.30389616120065 31.270000457763672 AB 1.2628981680479132 1.2563025795055094
62369.2747 lsst_hardware_z 412.83351820647374 55.840328097025804 30.950000762939453 AB 1.1958863884698963 1.1846323808521684
62371.2684 lsst_hardware_r 65.95532410050518 88.59658224799952 31.6200008392334 AB 2.2831799045433323 1.187970292438971
62371.2864 lsst_hardware_z 288.3916011277026 63.70902865926004 30.969999313354492 AB 2.167911525609888 1.1248243820182748
62376.2468 lsst_hardware_i 334.99340835598 59.6531725985607 31.280000686645508 AB 4.849854143452474 1.2216770166973778
62376.2665 lsst_hardware_z 250.44695328980035 57.809267559672655 30.959999084472656 AB 4.153861989277151 1.1448402359055079
62378.225 lsst_hardware_z 258.42460093181217 54.290867171155156 30.93000030517578 AB 3.652474237225262 1.3044550847233078
62378.244 lsst_hardware_r 146.81780919218758 49.14143038067813 31.579999923706055 AB 3.3670177942340125 1.2099605764923682
62380.2609 lsst_hardware_r 85.94489554894214 29.339679422831203 31.530000686645508 AB 1.8166931101835426 1.1276803911753834
62380.2787 lsst_hardware_i 214.84956367341985 36.857219040389275 31.260000228881836 AB 1.7516474661045365 1.0797087319321161
62382.274 lsst_hardware_z 172.5760493262782 43.86276419549513 30.950000762939453 AB 1.3693664849490408 1.0779583980177865
62382.2927 lsst_hardware_u 1.0454867740762177 2.6449846425043915 28.40999984741211 AB 1.6400408528684565 1.0417918709661467
62387.2712 lsst_hardware_i 119.20435482270695 32.38696349637453 31.239999771118164 AB 2.9759942452263206 1.05541067301226
62387.2916 lsst_hardware_z 182.26979173627032 42.4099719285134 30.940000534057617 AB 2.876625790579404 1.0243785829115333
62390.2654 lsst_hardware_g 3.2485701268728637 13.66040160732626 31.399999618530273 AB 2.909607436461802 1.0510321865605547
62390.284 lsst_hardware_r 49.16391141378573 23.147706669965583 31.5 AB 2.8289566146277574 1.0236861279637262
62393.2651 lsst_hardware_i 181.16124206291 31.942320835757425 31.25 AB 2.100930209243725 1.0380089966619195
62393.2841 lsst_hardware_r 63.35359638259674 22.96671674121989 31.5 AB 2.1039998259549346 1.0151173171220333
62395.2698 lsst_hardware_z 167.69453140275385 43.69371012357838 30.959999084472656 AB 4.1143929071091305 1.024330184342522
62395.2884 lsst_hardware_g -3.904849407661481 13.822114309991491 31.420000076293945 AB 4.044671462063978 1.007724805762971
62399.2287 lsst_hardware_r 199.3826133395192 72.76058715697974 31.639999389648438 AB 6.2793116171684655 1.0754394343336509
62399.244 lsst_hardware_i 66.48604058403345 59.65927829974284 31.31999969482422 AB 6.1001896680793175 1.045537692703665
62401.2517 lsst_hardware_i 77.68563406636835 75.27664634594423 31.34000015258789 AB 1.6946000989029122 1.0264082973367123
62401.2685 lsst_hardware_z 78.4556778494959 66.0194782455247 30.989999771118164 AB 1.588825189218743 1.0100605144433377
62411.2133 lsst_hardware_z 8.58689282174982 41.91948245343255 30.950000762939453 AB 3.5321202573093284 1.0421539447692936
62411.2351 lsst_hardware_i 50.740980772509566 31.11506564340697 31.25 AB 3.3941222450687447 1.0149887096497443
62413.1453 lsst_hardware_u 0.9388409854302717 2.582926753158441 28.280000686645508 AB 2.234666492589382 1.223860066225758
62413.1644 lsst_hardware_g 28.02078243060816 13.67942658013001 31.3700008392334 AB 2.073830236872232 1.148512222746298
62414.2091 lsst_hardware_r 2.3100459662393575 22.887029823832957 31.489999771118164 AB 7.00953548634383 1.0360195324069408
62414.2308 lsst_hardware_i 20.37342292158223 30.997369524113147 31.25 AB 6.859849578199019 1.0117150487110633
62416.1866 lsst_hardware_i 28.360628075779495 31.65952900994896 31.25 AB 4.862422541966585 1.0661258999379801
62416.2054 lsst_hardware_z 80.63085051790728 41.785110441694385 30.950000762939453 AB 4.667041690888699 1.0334840430093601
62418.1122 lsst_hardware_z 84.37059337875077 45.478683015243064 30.920000076293945 AB 7.8603336352393764 1.3254455008553836
62418.1323 lsst_hardware_r -3.740411528804401 23.75827834559222 31.469999313354492 AB 4.2986889805599535 1.2209294145969098
62420.1128 lsst_hardware_z 116.20609830841752 45.27543144812946 30.920000076293945 AB 5.42079402042648 1.2906652429586856
62420.1331 lsst_hardware_r 46.767992320979126 23.546323732521305 31.459999084472656 AB 5.256942935391221 1.1941265091370987
62425.1135 lsst_hardware_r 63.94877516942882 42.90596243918567 31.56999969482422 AB 9.448144504686725 1.219535044921336
62425.1341 lsst_hardware_y 46.445548233957446 49.82472687034482 30.010000228881836 AB 8.969094195690385 1.1402598829143407
62429.1102 lsst_hardware_i 1.5964803016554232 71.10091757259511 31.309999465942383 AB 3.8313486670181574 1.1873707808222382
62429.1295 lsst_hardware_z -8.869263102464611 63.52903091295612 30.979999542236328 AB 3.706449619104482 1.120450308072557
62437.1138 lsst_hardware_z 71.67155124998283 41.91999816894531 30.940000534057617 AB 4.145760618325027 1.1029870392847712
62437.133 lsst_hardware_r -4.329746531346134 22.360000610351562 31.489999771118164 AB 3.128341831583276 1.0586306640816476
62438.1131 lsst_hardware_u -3.2327077373993935 2.559999942779541 28.329999923706055 AB 3.1840883257446086 1.0975830147344394
62438.1312 lsst_hardware_g 9.38731774037717 13.4399995803833 31.399999618530273 AB 3.0216952893386466 1.0568447529018874
62440.1112 lsst_hardware_r -10.124739239393431 22.200000762939453 31.479999542236328 AB 5.426868637869051 1.0885304659249926
62440.1299 lsst_hardware_i -42.91253491507627 29.979999542236328 31.25 AB 3.923640447563295 1.0492419969416487
62442.1183 lsst_hardware_z 4.310487942536092 41.29999923706055 30.940000534057617 AB 6.004340267943814 1.060681336895325
62442.1406 lsst_hardware_r -41.81129194141629 21.959999084472656 31.479999542236328 AB 3.9989891689325887 1.0253818381878432
62451.1426 lsst_hardware_r -1.9583254890924142 22.690000534057617 31.5 AB 2.7178480872618658 1.0041310667223642
62451.1632 lsst_hardware_i 23.68261940158148 29.799999237060547 31.25 AB 2.7921422096363364 1.0019649077636403
62456.0756 lsst_hardware_z 28.107868995227847 51.08000183105469 30.969999313354492 AB 6.36642090120961 1.0698967987916326
62456.0894 lsst_hardware_r -79.36386118923267 56.7400016784668 31.639999389648438 AB 6.048333675708942 1.0438359907453547
62458.0332 lsst_hardware_y 124.31843786828293 78.94999694824219 30.760000228881836 AB 8.941626143847248 1.1788046419204332
62460.0266 lsst_hardware_z 22.472228755551956 71.36000061035156 30.979999542236328 AB 8.865840311345385 1.1832426956441113
62460.0428 lsst_hardware_r 136.82596489044735 95.19000244140625 31.639999389648438 AB 7.339152472146055 1.1266881121926446
62461.0292 lsst_hardware_y -56.25699074926027 58.380001068115234 30.010000228881836 AB 5.264774650336357 1.1631005523774922
62461.047 lsst_hardware_z -64.6535703431451 65.52999877929688 30.969999313354492 AB 4.2635549367384264 1.1064588936172386
62466.0294 lsst_hardware_y -90.65229788674611 53.11000061035156 30.030000686645508 AB 5.443248717167987 1.1177102088639206
62466.0463 lsst_hardware_r 0.9766700431381597 22.079999923706055 31.489999771118164 AB 4.683744127721253 1.0742532403030396
62468.0292 lsst_hardware_y 6.2580019505281195 54.95000076293945 30.040000915527344 AB 4.881852585531572 1.102869668029349
62468.0455 lsst_hardware_g 2.7111368913927474 13.229999542236328 31.389999389648438 AB 4.123512764904032 1.064315434458582
62473.0316 lsst_hardware_z -25.411167259250178 49.33000183105469 30.959999084472656 AB 7.150606928764748 1.0648221835875176
62473.0485 lsst_hardware_i -14.237297666248887 29.8799991607666 31.25 AB 6.865743143896933 1.0353020897090313
62697.3707 lsst_hardware_i -66.90657550763157 64.23999786376953 31.290000915527344 AB 4.455556962170429 1.2081228205449237
62697.3898 lsst_hardware_z -65.08469558579229 58.31999969482422 30.969999313354492 AB 5.3859866216359205 1.1366437947949606
62707.3581 lsst_hardware_r -9.089030633519966 23.360000610351562 31.459999084472656 AB 6.360561627902172 1.1513544346284836
62707.3775 lsst_hardware_z 75.87718837091005 41.959999084472656 30.940000534057617 AB 6.676348172821009 1.093407823914348
62709.3832 lsst_hardware_u 1.5764325260750272 2.4700000286102295 28.270000457763672 AB 3.1270562863912454 1.0674975943529514
62709.4064 lsst_hardware_g -27.551608180187316 13.149999618530273 31.3799991607666 AB 3.0379844612601965 1.0284307587204458
62711.3084 lsst_hardware_z -118.32592377480826 89.70999908447266 32.41999816894531 AB 4.927849663006701 1.3318512602720813
62711.34 lsst_hardware_u -8.308414594545587 5.019999980926514 29.760000228881836 AB 4.946871706039151 1.1775462285263392
62716.3768 lsst_hardware_z 47.355105340094454 40.790000915527344 30.940000534057617 AB 2.858183599450498 1.0437675956605592
62716.3966 lsst_hardware_r 11.568244230845739 21.700000762939453 31.479999542236328 AB 2.82208040892189 1.0178217392120306
62723.3691 lsst_hardware_g 14.270840757351394 13.140000343322754 31.399999618530273 AB 5.246720841443132 1.0272581187358065
62723.3891 lsst_hardware_r -11.953259416786025 21.719999313354492 31.5 AB 5.24341667416064 1.0083493604155076
62731.2718 lsst_hardware_g -30.058517082532667 57.88999938964844 31.639999389648438 AB 3.6875838603194464 1.2354059667727564
62731.2935 lsst_hardware_r -64.67460821096716 57.779998779296875 31.610000610351562 AB 3.830946013665245 1.14819302072988
62735.2597 lsst_hardware_i -33.071510618076985 31.3799991607666 31.219999313354492 AB 2.2242593943400464 1.2409853418300425
62735.2782 lsst_hardware_u 2.8042530818379183 2.7799999713897705 28.3700008392334 AB 2.061163410898167 1.1636225503753295
62736.2611 lsst_hardware_u 2.0644858328502345 2.5799999237060547 28.299999237060547 AB 2.3248993387510897 1.2218627453691182
62736.2773 lsst_hardware_g 3.245377798642623 13.180000305175781 31.350000381469727 AB 2.2221184621784666 1.1570520500799097
62738.2874 lsst_hardware_r -11.346811910075338 22.190000534057617 31.479999542236328 AB 3.605769374051348 1.1079901794688154
62738.3052 lsst_hardware_u 0.9365487378638893 2.6500000953674316 28.43000030517578 AB 2.6260859650373054 1.0650612268638524
62740.2747 lsst_hardware_u -1.0068522315367654 2.619999885559082 28.3799991607666 AB 2.936338280826051 1.1293608772407888
62740.2932 lsst_hardware_g -5.744792513554231 13.130000114440918 31.3799991607666 AB 3.2527650230533562 1.0793380233558312
62742.2629 lsst_hardware_r -6.271735399505328 22.5 31.469999313354492 AB 6.9767594077576005 1.1501416761881966
62742.2793 lsst_hardware_i 30.942768281936505 30.59000015258789 31.239999771118164 AB 6.66676341271414 1.1003075445971513
62751.267 lsst_hardware_r -33.92500810944765 40.33000183105469 31.600000381469727 AB 2.132980690355361 1.0707734389334143
62751.2856 lsst_hardware_y 40.34319141511527 47.65999984741211 30.049999237060547 AB 2.0687258562306137 1.0369553164063228
62753.263 lsst_hardware_z -63.53244433641948 51.47999954223633 30.969999313354492 AB 4.590935775660152 1.0676594827116632
62753.2808 lsst_hardware_r 9.961038838547463 60.630001068115234 31.649999618530273 AB 4.454706375521541 1.0359782268654747
62755.2688 lsst_hardware_i -51.12794883295961 71.45999908447266 31.329999923706055 AB 2.9108406216300415 1.0463122291984333
62755.2879 lsst_hardware_z 99.78124357253716 63.369998931884766 30.989999771118164 AB 2.822645274580267 1.0201103269173355
62758.2639 lsst_hardware_z 1.001082692285833 86.27999877929688 31.739999771118164 AB 2.0749201517897955 1.0409298420350144
62760.2703 lsst_hardware_z -15.8172582078597 51.41999816894531 30.979999542236328 AB 4.094451913571808 1.024552151198217
62762.2425 lsst_hardware_r 39.08130816017225 39.77000045776367 31.610000610351562 AB 1.4828134724580884 1.0594047195461456
62762.2597 lsst_hardware_y -55.68274659081075 47.93000030517578 30.049999237060547 AB 1.6576332773121474 1.031080205668066
62771.2084 lsst_hardware_i -18.202429294876495 30.459999084472656 31.239999771118164 AB 3.6548624990146332 1.0797230425450755
62771.2289 lsst_hardware_u -1.0911169723337755 2.5799999237060547 28.3700008392334 AB 3.5476301311870153 1.0401573879555361
62772.2059 lsst_hardware_g -5.073837038907103 13.359999656677246 31.3799991607666 AB 4.846015257356393 1.0791905555958694
62772.2259 lsst_hardware_r 29.267083835599106 22.06999969482422 31.479999542236328 AB 3.8419087390409694 1.0405801798552121
62774.2106 lsst_hardware_i -32.42606904377888 30.209999084472656 31.25 AB 3.899080793407774 1.0577363969906515
62774.2316 lsst_hardware_r -7.239462393694663 22.100000381469727 31.489999771118164 AB 3.928785323469553 1.0251233720729427
62776.2108 lsst_hardware_u 0.8245805614667446 2.6500000953674316 28.420000076293945 AB 3.5479718272426886 1.047449059633143
62783.1153 lsst_hardware_z 53.36912702809744 63.47999954223633 30.950000762939453 AB 7.129519221986177 1.3112563324004276
62783.1359 lsst_hardware_i -88.78524698342996 66.29000091552734 31.299999237060547 AB 4.255481378719168 1.2081713049099774
62785.1652 lsst_hardware_z 0.23173823119468523 100.83000183105469 31.739999771118164 AB 4.87253945401347 1.0917632655194869
62787.1073 lsst_hardware_y 25.762382274148454 57.04999923706055 29.969999313354492 AB 6.786385801315557 1.2946999938917312
62787.128 lsst_hardware_g -50.000413031236505 95.55999755859375 31.68000030517578 AB 6.970151184750021 1.1954808006430762
62789.109 lsst_hardware_r -59.55597955384679 46.959999084472656 31.56999969482422 AB 7.793179249333843 1.2569643950538456
62789.1291 lsst_hardware_i 68.74574218553649 50.06999969482422 31.290000915527344 AB 7.183436083855995 1.1697819650734793
62791.1181 lsst_hardware_z -5.675749896140219 43.25 30.940000534057617 AB 8.19218482052393 1.1913161556282272
62791.1407 lsst_hardware_r -27.095644555167187 22.65999984741211 31.489999771118164 AB 7.127401859860503 1.1136565406032035
62793.1165 lsst_hardware_u -4.258032342549191 2.6500000953674316 28.3700008392334 AB 4.960791770400605 1.1761237033450018
62793.1373 lsst_hardware_r 9.626169275986422 22.610000610351562 31.489999771118164 AB 4.132927160179094 1.10782536459411
62796.115 lsst_hardware_r 32.32216380815179 22.790000915527344 31.479999542236328 AB 5.065453198632456 1.1517628919127911
62796.1326 lsst_hardware_u 8.06523987388423 2.7100000381469727 28.450000762939453 AB 4.110123566235408 1.0983761534569076
62799.11 lsst_hardware_g 5.195685057385058 13.609999656677246 31.389999389648438 AB 5.135917556182805 1.140976945242033
62799.129 lsst_hardware_r -22.33735874964097 22.459999084472656 31.489999771118164 AB 4.7622043023923455 1.0867443496949347
62801.1121 lsst_hardware_i -1.6978847244170183 30.670000076293945 31.239999771118164 AB 4.722053880398233 1.1174254893469056
62801.1303 lsst_hardware_z -63.62841097680462 41.22999954223633 30.950000762939453 AB 3.7857441454544665 1.0711843844719076
62807.1193 lsst_hardware_r -1.1557811484780736 28.540000915527344 31.549999237060547 AB 5.875430992587277 1.060068740205192
62807.1373 lsst_hardware_i 17.842545514807863 32.849998474121094 31.270000457763672 AB 4.018797027197233 1.0304607762044187
62813.1447 lsst_hardware_z 46.56058144273736 88.20999908447266 31.75 AB 5.947301237730179 1.0075333152548513
62819.0268 lsst_hardware_y -6.3968497284330095 50.470001220703125 29.969999313354492 AB 7.705142660708415 1.2584105060020547
62819.0469 lsst_hardware_r 32.3301406573324 22.549999237060547 31.469999313354492 AB 4.541383589609223 1.1708620461350696
62825.0272 lsst_hardware_y 29.067162423629927 50.939998626708984 30.0 AB 8.874043590461588 1.1836003455100483
62825.0444 lsst_hardware_u 1.8371578128119568 2.5999999046325684 28.34000015258789 AB 7.482965844310686 1.1239059543873064
62831.0286 lsst_hardware_y -155.1950318688476 53.540000915527344 30.040000915527344 AB 5.488963821683358 1.1221432733686314
62831.0447 lsst_hardware_i -34.36154977531972 30.209999084472656 31.25 AB 4.737323625659724 1.0794448486236647
62835.031 lsst_hardware_y -1.587211630517006 53.27000045776367 30.040000915527344 AB 6.068532997487238 1.0860261277454815
62835.0474 lsst_hardware_g -22.76820902831344 17.040000915527344 31.510000228881836 AB 5.224677943588721 1.0515075106593652
62838.0396 lsst_hardware_z -4.770048731449223 70.29000091552734 31.719999313354492 AB 7.054448355937016 1.0508062483954086
62842.0351 lsst_hardware_y -69.86068672743681 58.650001525878906 30.059999465942383 AB 5.58449394605764 1.0400721280216614
62842.0579 lsst_hardware_z 33.08671658647599 56.93000030517578 30.989999771118164 AB 4.6045242585367925 1.0129852070258165
