data/validation/pwv_sim_epoch_fit_epoch/63106929.ecsv
# %ECSV 0.9
# ---
# datatype:
# - {name: time, datatype: float64}
# - {name: band, datatype: string}
# - {name: flux, datatype: float64}
# - {name: fluxerr, datatype: float64}
# - {name: zp, datatype: float64}
# - {name: zpsys, datatype: string}
# - {name: pwv, datatype: float64}
# - {name: airmass, datatype: float64}
# meta: {SNID: '63106929', alt: 1024.0, c: 0.13086310029029846, dec: -34.228867, lat: -30.244573, lon: -70.7499537, ra: 276.503906, t0: 62976.26953125,
#   x0: 3.5797045436882162e-06, x1: -0.6741231083869934, z: 0.7036476135253906}
# schema: astropy-2.0
time band flux fluxerr zp zpsys pwv airmass
62946.3446 lsst_hardware_z -26.215504135175244 45.2206024164132 30.940000534057617 AB 7.441697110384372 1.2692824294593765
62946.361 lsst_hardware_i 4.6792275573670095 33.69417456744137 31.25 AB 7.0015551236694735 1.1942951170438334
62948.3412 lsst_hardware_u -0.19635167465262202 3.004475063876674 28.459999084472656 AB 7.626508680036121 1.2588633153197906
62948.3585 lsst_hardware_g 10.744225860256366 16.55820956136381 31.469999313354492 AB 7.136125594492292 1.18255457693136
62950.3436 lsst_hardware_r 21.578941407405065 25.632564204222348 31.5 AB 8.069960272237111 1.2218264814510345
62950.3615 lsst_hardware_i 43.44214038329172 33.36509874299345 31.260000228881836 AB 7.6415773604300385 1.1516782839562079
62952.3461 lsst_hardware_u 0.2786508150527413 3.078332387502226 28.489999771118164 AB 9.2671411008957 1.1883616325323847
62952.3613 lsst_hardware_g -8.311545077798817 16.774761209648354 31.479999542236328 AB 8.83736683484413 1.1343530936390718
62954.3496 lsst_hardware_r 93.30973711640642 27.50545566094922 31.510000228881836 AB 10.209290093015161 1.1550603980218075
62954.3659 lsst_hardware_i 211.98870144712862 35.18768071841496 31.260000228881836 AB 9.79773810918343 1.1048730635373702
62956.3469 lsst_hardware_z 231.970162670276 45.76951117646887 30.950000762939453 AB 4.79955748342946 1.1456613980178532
62956.365 lsst_hardware_r 215.2056397182693 28.789888609509386 31.520000457763672 AB 4.588349899240453 1.0929847306432712
62958.3439 lsst_hardware_u 7.648049433035986 3.360745795620308 28.43000030517578 AB 10.339704188147854 1.1376063580314733
62958.361 lsst_hardware_g 37.50413877445458 17.32031217266038 31.459999084472656 AB 9.79064640162798 1.0893626037972717
62960.3443 lsst_hardware_r 352.94726139458623 32.088176137609 31.510000228881836 AB 8.579437598512651 1.1195925353663907
62960.3622 lsst_hardware_z 381.6874681570009 46.6279749613123 30.950000762939453 AB 8.175463707814533 1.0739290272109465
62965.3368 lsst_hardware_z 738.5735305022752 68.18061970479583 30.979999542236328 AB 7.919380904653658 1.1023764990759903
62965.3549 lsst_hardware_r 645.7539624823086 92.71581051579213 31.649999618530273 AB 7.627130153264451 1.0608092564722982
62968.3557 lsst_hardware_z 665.4385615754458 68.88598584440942 30.989999771118164 AB 7.089986508703493 1.0447448070195235
62968.3785 lsst_hardware_r 939.835623563727 80.99407633765358 31.65999984741211 AB 6.333885920890713 1.0161042625957668
62970.3488 lsst_hardware_z 705.4847976726818 56.7899744174413 30.969999313354492 AB 7.025524182695855 1.0471270145115046
62970.3673 lsst_hardware_r 963.8595144084125 56.509431093159755 31.6299991607666 AB 6.867769588657165 1.0217614503692873
62973.3453 lsst_hardware_r 957.3226599663161 39.62030389272386 31.549999237060547 AB 15.309485614622824 1.0396287009607432
62973.3543 lsst_hardware_u -2.211521414051762 3.327303732877931 28.709999084472656 AB 15.116312304915075 1.0272897809962844
62975.2547 lsst_hardware_r 858.2818532991674 38.42745664103878 31.469999313354492 AB 12.822032306535442 1.3288457152591402
62975.2735 lsst_hardware_i 1155.6483579237008 47.92458023822288 31.239999771118164 AB 12.024923643072974 1.230171216682657
62977.2406 lsst_hardware_z 859.2470178453545 54.776380132476945 30.920000076293945 AB 11.005519375046903 1.3840228930494314
62977.259 lsst_hardware_u -2.1299951472378864 2.757222364539905 28.34000015258789 AB 10.542255111314471 1.274296520163722
62979.2557 lsst_hardware_g 111.31335632829777 17.887553977896076 31.389999389648438 AB 7.131331689709152 1.263225972433128
62979.2734 lsst_hardware_r 724.1621269175245 37.310476546546546 31.489999771118164 AB 6.6455837982501045 1.1843849221618437
62984.2527 lsst_hardware_i 1005.9403604257391 45.95840645453733 31.239999771118164 AB 3.3210702647158574 1.213397977609009
62984.2714 lsst_hardware_z 845.9727587847907 51.56145577602376 30.940000534057617 AB 3.212842537418135 1.1425471327945003
62986.2346 lsst_hardware_i 944.0040155759458 45.102520911844906 31.209999084472656 AB 12.55488343615407 1.2734116120550822
62986.253 lsst_hardware_u 2.945793616363165 2.6117486876542375 28.260000228881836 AB 12.518415010838607 1.1894734435281988
62995.2594 lsst_hardware_z 1196.304972261473 119.50909314644296 31.75 AB 9.386811888468847 1.090813281120489
62999.2233 lsst_hardware_r 298.30813727820083 44.64766157706435 31.59000015258789 AB 7.709547039147144 1.1673614777070953
62999.2483 lsst_hardware_z 469.9757936812861 52.15591580819587 30.959999084472656 AB 7.206946450602962 1.0912588788436093
63002.2445 lsst_hardware_u 3.391700505692485 2.710683093000124 28.399999618530273 AB 5.667102327353321 1.0807518264611253
63002.2653 lsst_hardware_g -3.034179348855152 15.312992342460241 31.450000762939453 AB 5.044716488263179 1.0408988936888848
63005.2438 lsst_hardware_r 126.15769740686164 26.867114950500568 31.510000228881836 AB 8.546390585332727 1.064572818302532
63005.2652 lsst_hardware_z 438.31901706934883 45.92573627232473 30.959999084472656 AB 7.776341440192751 1.0294676736975699
63013.1643 lsst_hardware_i 128.94855798975848 35.73288576997162 31.219999313354492 AB 6.734898470862424 1.2561203240651087
63013.1853 lsst_hardware_z 219.6849630550916 46.23094316862658 30.940000534057617 AB 5.729617480157637 1.1665520243282295
63015.1663 lsst_hardware_r 48.12771411343778 29.491909703462657 31.510000228881836 AB 11.100628193337512 1.2211464405417007
63015.1882 lsst_hardware_g 27.536393620723352 15.481621616962908 31.440000534057617 AB 10.013394008835922 1.1378856828222639
63017.1514 lsst_hardware_r 85.364139264219 42.30928084248607 31.56999969482422 AB 10.347818714051266 1.2660463353243803
63017.1698 lsst_hardware_i 154.63089822070347 42.21167253111001 31.270000457763672 AB 9.20424319017996 1.1838254906983399
63019.1614 lsst_hardware_z 161.67028660538233 54.84989596682269 30.950000762939453 AB 12.607357761796614 1.1955390468260791
63019.1807 lsst_hardware_i 190.4083876690228 52.496191326815946 31.299999237060547 AB 11.543238865530615 1.1271593463070613
63020.1766 lsst_hardware_z 355.60890217726404 85.32682157126058 31.729999542236328 AB 10.8288866313562 1.1313874728031135
63031.1446 lsst_hardware_i 75.8297305929216 33.831536196147134 31.25 AB 14.859857239272072 1.1376184990543032
63031.1682 lsst_hardware_z 109.36423898979645 43.62586087537611 30.950000762939453 AB 13.672816841696132 1.074287636192143
63040.1332 lsst_hardware_u 6.582759867339478 2.7632628959167915 28.350000381469727 AB 3.78605440242259 1.0993189321784027
63040.1575 lsst_hardware_r 23.810552813715415 25.18122331440646 31.510000228881836 AB 3.5655180593198796 1.0474494886368624
63044.0592 lsst_hardware_z 106.09498482470359 47.69069460242327 30.920000076293945 AB 10.44000639613338 1.373805561382621
63044.0787 lsst_hardware_g 45.986182882484634 22.966683102833684 31.510000228881836 AB 9.554792446763338 1.2609148524299827
63046.0542 lsst_hardware_r 65.58761630763462 41.773182732077125 31.540000915527344 AB 4.86206128209892 1.370753110261889
63046.0736 lsst_hardware_z 117.53585187552869 48.96322668247321 30.940000534057617 AB 4.301754997309666 1.2591116631961556
63048.0768 lsst_hardware_y 175.20161972045065 53.59383738962671 30.0 AB 9.823164265032492 1.2185029065577107
63051.0705 lsst_hardware_r -67.19564452690666 164.7671148605255 31.6200008392334 AB 10.21303482041637 1.2102903146787634
63051.0912 lsst_hardware_i 43.017467451727775 129.73040245682657 31.329999923706055 AB 10.024589030806725 1.1337788368599797
63053.0766 lsst_hardware_z 136.5117820695733 80.82859520240814 30.979999542236328 AB 7.229489796819438 1.1647004478940104
63053.097 lsst_hardware_r 96.63210714906785 113.56530874111681 31.649999618530273 AB 5.784842760933854 1.1011756524620282
63061.0541 lsst_hardware_r -44.986228507983334 24.940689311177312 31.479999542236328 AB 8.383984062163023 1.1670897956702273
63061.073 lsst_hardware_u -2.3039566076402354 2.6951427538029296 28.360000610351562 AB 7.95753439450618 1.106981205328814
63063.0544 lsst_hardware_g -22.464022654717024 15.229999542236328 31.420000076293945 AB 4.467221001379355 1.146911681997267
63063.0728 lsst_hardware_i 48.44409103419575 31.969999313354492 31.25 AB 4.233939903112961 1.0931703603363851
63066.0761 lsst_hardware_r -36.25504140891467 24.010000228881836 31.5 AB 2.785125889001933 1.066927714861287
63066.0958 lsst_hardware_u 2.5513874245516392 2.799999952316284 28.479999542236328 AB 2.9862828056188024 1.0332562616753829
63068.0556 lsst_hardware_u -3.656467158802819 2.7300000190734863 28.389999389648438 AB 6.283423363307658 1.1023549760188873
63068.0752 lsst_hardware_g 23.40140723185539 15.180000305175781 31.459999084472656 AB 6.030107360434955 1.0579135720061323
63071.0579 lsst_hardware_g -16.706430782479277 15.59000015258789 31.469999313354492 AB 6.56783099818773 1.0766936062602837
63071.0833 lsst_hardware_r 32.36674497424788 23.90999984741211 31.510000228881836 AB 6.293343679031804 1.031695685087181
63073.9782 lsst_hardware_y -71.41728700622265 51.54999923706055 29.950000762939453 AB 5.959895907891063 1.3677851685796505
63073.999 lsst_hardware_z 60.0875622719232 45.91999816894531 30.940000534057617 AB 5.462932182068453 1.250003550164275
63074.9997 lsst_hardware_i 31.26960829586784 41.2400016784668 31.260000228881836 AB 5.062279538744586 1.2337494306213703
63076.0528 lsst_hardware_r -61.03564345850475 54.5 31.6299991607666 AB 4.075808330303089 1.058972415096286
63076.0716 lsst_hardware_z 42.84410357281748 50.79999923706055 30.969999313354492 AB 3.9996174416133523 1.0291493545621457
63079.9867 lsst_hardware_z 35.09119360465595 129.33999633789062 31.729999542236328 AB 4.764022471454247 1.230748539449967
63081.9775 lsst_hardware_y -23.551746921378818 55.119998931884766 29.979999542236328 AB 13.722985957083015 1.2483385751917597
63081.9964 lsst_hardware_i 186.0542802068677 64.25 31.299999237060547 AB 9.468808742535407 1.168411740195995
63083.9771 lsst_hardware_y -42.555612244458516 50.61000061035156 30.0 AB 1.1047264951048716 1.2247522118690528
63083.9948 lsst_hardware_r 49.725981846963066 24.280000686645508 31.5 AB 0.9621866980281832 1.15462403763382
63085.9785 lsst_hardware_y 30.8369472130096 49.7400016784668 29.989999771118164 AB 3.9976325871898233 1.1954047108466952
63085.9975 lsst_hardware_g -20.174232122733827 14.90999984741211 31.43000030517578 AB 3.8313621773155813 1.1279770885129288
63091.9908 lsst_hardware_u -0.18856304565594428 2.930000066757202 28.540000915527344 AB 6.036249319993053 1.1004176504354977
63092.0093 lsst_hardware_g -5.834798310827123 15.119999885559082 31.469999313354492 AB 3.3136374585214274 1.0586137453345703
63095.979 lsst_hardware_y -123.54959179146107 50.209999084472656 30.030000686645508 AB 3.792065224412936 1.1027452488296432
63095.9973 lsst_hardware_z -19.39362268732282 41.77000045776367 30.950000762939453 AB 3.6259674251119183 1.0606896080479502
63100.9793 lsst_hardware_y -89.47111875996175 50.099998474121094 30.040000915527344 AB 1.497295711446573 1.0694969367475522
63100.9977 lsst_hardware_u -0.9830126525560084 3.2200000286102295 28.600000381469727 AB 1.4515763714835788 1.0368402653454134
63106.9793 lsst_hardware_y -11.757369170327243 63.84000015258789 30.059999465942383 AB 5.538477681390113 1.0398456102117086
63106.9958 lsst_hardware_i 48.33511412807792 77.48999786376953 31.34000015258789 AB 5.47823002346553 1.0191265837002768
