data/validation/pwv_sim_epoch_fit_epoch/63110316.ecsv
# %ECSV 0.9
# ---
# datatype:
# - {name: time, datatype: float64}
# - {name: band, datatype: string}
# - {name: flux, datatype: float64}
# - {name: fluxerr, datatype: float64}
# - {name: zp, datatype: float64}
# - {name: zpsys, datatype: string}
# - {name: pwv, datatype: float64}
# - {name: airmass, datatype: float64}
# meta: {SNID: '63110316', alt: 1024.0, c: -0.00910436175763607, dec: -50.480045, lat: -30.244573, lon: -70.7499537, ra: 312.6651, t0: 61647.3046875,
#   x0: 6.232728244412173e-06, x1: 0.6462792754173279, z: 0.5601125359535217}
# schema: astropy-2.0
time band flux fluxerr zp zpsys pwv airmass
61536.4143 lsst_hardware_z 25.669788091876313 41.59000015258789 30.950000762939453 AB 8.118737533607922 1.0682549386326214
61536.4262 lsst_hardware_y -44.398009519871685 53.709999084472656 30.049999237060547 AB 7.180080147365856 1.0652674484853275
61540.4129 lsst_hardware_u 2.3432941437172126 2.809999942779541 28.469999313354492 AB 8.116007706184389 1.0655823155234614
61540.4262 lsst_hardware_y -79.25654508214002 51.810001373291016 30.040000915527344 AB 8.162938885611295 1.0656230391451056
61542.4118 lsst_hardware_r 20.4617474847262 22.670000076293945 31.5 AB 7.758184854283766 1.0651116987358586
61542.4236 lsst_hardware_z 104.74872136410018 43.59000015258789 30.950000762939453 AB 7.143576644433074 1.0662054693183693
61544.3938 lsst_hardware_z -49.10661739096693 56.11000061035156 30.979999542236328 AB 10.221483069317172 1.0677408408353881
61544.4076 lsst_hardware_y -123.57241759911895 51.02000045776367 30.049999237060547 AB 10.16283359540033 1.065063256696744
61546.3893 lsst_hardware_i 22.402698488166322 74.37999725341797 31.329999923706055 AB 7.5865487419263555 1.067400456127521
61546.4 lsst_hardware_y 5.0306132919584945 55.38999938964844 30.049999237060547 AB 7.669207990373979 1.0651677764408305
61550.4039 lsst_hardware_y 169.97871542798677 74.93000030517578 30.790000915527344 AB 8.438887197398234 1.0667732004127213
61552.3931 lsst_hardware_r -17.102019169663922 47.9900016784668 31.6200008392334 AB 5.252970842659952 1.0655653618661771
61552.4063 lsst_hardware_i 17.10788317939401 44.93000030517578 31.299999237060547 AB 5.320356214361497 1.0698484243638642
61554.3998 lsst_hardware_z -53.801126130196934 43.06999969482422 30.950000762939453 AB 8.707022143502567 1.0693522098705408
61554.4115 lsst_hardware_r 9.001167153673 29.760000228881836 31.559999465942383 AB 8.757687763198609 1.0765222302184136
61559.3833 lsst_hardware_i -53.975556194110965 30.40999984741211 31.25 AB 11.525321442867051 1.0681319203781576
61559.3955 lsst_hardware_z 14.031921058830157 41.369998931884766 30.950000762939453 AB 11.594046070186803 1.0747999385244937
61561.3928 lsst_hardware_r -32.710485784497955 22.459999084472656 31.489999771118164 AB 4.95344766591362 1.0768364491116567
61561.4052 lsst_hardware_u -2.9510604666701967 2.700000047683716 28.440000534057617 AB 5.00690750582486 1.0884581534401871
61563.3455 lsst_hardware_r -15.720300379467648 22.489999771118164 31.489999771118164 AB 2.618570689700448 1.0665913674486736
61563.3564 lsst_hardware_u -3.467584480394227 2.7100000381469727 28.459999084472656 AB 2.461334442919877 1.0650516845176385
61572.3577 lsst_hardware_r -24.631157849967597 54.20000076293945 31.6299991607666 AB 7.10891216161337 1.0732458443650807
61572.37 lsst_hardware_i 45.227481022262815 47.40999984741211 31.299999237060547 AB 7.152896109079679 1.0831157039793324
61574.3339 lsst_hardware_r -86.206639260748 102.7300033569336 31.65999984741211 AB 4.718968553593708 1.0657110554637879
61574.3477 lsst_hardware_i 14.235525831720706 80.33000183105469 31.329999923706055 AB 4.720142705967994 1.0705901387645351
61576.3239 lsst_hardware_z 13.376061350242978 80.31999969482422 31.0 AB 3.863636490093758 1.0651451452197458
61576.3365 lsst_hardware_r -149.87155434878068 119.22000122070312 31.65999984741211 AB 3.951527878385952 1.067980507671879
61578.3169 lsst_hardware_z -106.97831601221931 94.12999725341797 31.739999771118164 AB 2.1301391844690487 1.0650695922345244
61580.3063 lsst_hardware_r -78.52619514897172 62.91999816894531 31.639999389648438 AB 3.6410007833864464 1.065243061259964
61580.3188 lsst_hardware_z -32.65419910762714 53.66999816894531 30.969999313354492 AB 3.643464028488959 1.0659637298095581
61582.3068 lsst_hardware_r -0.8869244509971131 38.38999938964844 31.59000015258789 AB 5.891618544858652 1.0651032350824643
61582.3194 lsst_hardware_y 65.50506537860032 48.400001525878906 30.040000915527344 AB 5.885231746637985 1.0677125810301336
61585.3016 lsst_hardware_g -11.799342226136833 14.880000114440918 31.440000534057617 AB 2.0470994733432177 1.0653653257055518
61587.3404 lsst_hardware_i 42.18341513526631 30.899999618530273 31.239999771118164 AB 9.458594333096926 1.095801621907348
61587.3507 lsst_hardware_z 34.84553641481742 42.150001525878906 30.940000534057617 AB 9.579298939349306 1.1104287796772632
61589.3392 lsst_hardware_r 24.790660331477437 22.989999771118164 31.479999542236328 AB 7.242799867629601 1.1014827568442858
61589.352 lsst_hardware_u -1.6331968320336554 2.640000104904175 28.360000610351562 AB 7.37083142974279 1.1217214167923628
61591.2348 lsst_hardware_i 3.6600105004704044 30.920000076293945 31.25 AB 3.949829444147673 1.0910628730208571
61591.2472 lsst_hardware_u -1.4618516001571624 2.7100000381469727 28.440000534057617 AB 3.887390784978703 1.0786821768428163
61593.3121 lsst_hardware_r -40.89997036143163 22.899999618530273 31.479999542236328 AB 1.6098768818687548 1.0825734145376888
61593.3242 lsst_hardware_z -28.907835493931927 42.20000076293945 30.940000534057617 AB 1.6157345441879167 1.0960324776853771
61598.2689 lsst_hardware_g 8.000139035844011 14.109999656677246 31.43000030517578 AB 8.042617056353592 1.0658119608207928
61598.2816 lsst_hardware_r 27.933722048147924 22.860000610351562 31.489999771118164 AB 8.118169293548167 1.0702925897888012
61600.2356 lsst_hardware_r -28.805694194291497 58.45000076293945 31.6299991607666 AB 6.935233058275208 1.0700456020482483
61600.2482 lsst_hardware_i 56.56323004529707 50.630001068115234 31.309999465942383 AB 6.959273937748058 1.065738734724052
61607.0449 lsst_hardware_i 28.9735383191601 112.02999877929688 31.959999084472656 AB 9.76237692923074 1.712697706882586
61607.051 lsst_hardware_z 27.59235169123634 107.72000122070312 31.670000076293945 AB 9.444662396238897 1.656958315129631
61608.2226 lsst_hardware_z -65.30275763287972 57.040000915527344 30.979999542236328 AB 5.379978773203937 1.0666095902466173
61608.2343 lsst_hardware_r 98.67125690443447 72.58000183105469 31.649999618530273 AB 5.383610052537765 1.06505960780212
61617.2112 lsst_hardware_r -11.21706000127042 22.965149683186763 31.489999771118164 AB 3.4083436627642048 1.0651073946138139
61617.2244 lsst_hardware_i 4.97748625776559 30.804469323253446 31.25 AB 3.4173606199094224 1.0679251937216945
61619.1985 lsst_hardware_i -1.6660569048952762 30.964426221793435 31.239999771118164 AB 1.9843096303626064 1.0654011438186715
61619.2099 lsst_hardware_z 48.802054203622575 41.628760139211984 30.950000762939453 AB 1.906851143076689 1.065527996131328
61624.1952 lsst_hardware_g 21.91171760069391 15.542559507962997 31.420000076293945 AB 2.991507901680039 1.0653834343422013
61624.2073 lsst_hardware_r 173.61612180014674 26.802067148870055 31.5 AB 3.0147357677623727 1.0687394154549423
61626.1988 lsst_hardware_i 369.7478948599974 38.094150812715874 31.270000457763672 AB 4.046736575652634 1.0675527371577473
61626.2097 lsst_hardware_r 396.9807531573347 33.25150921101886 31.540000915527344 AB 3.635496204426395 1.0728924906083503
61627.1903 lsst_hardware_z 697.2566150472486 68.30562809879751 31.709999084472656 AB 4.479415665818891 1.06593535317337
61629.1973 lsst_hardware_r 947.3301257730897 68.53025946559276 31.639999389648438 AB 2.9118698714888875 1.0704748011110425
61629.2088 lsst_hardware_i 753.9342584233327 59.63926526923139 31.31999969482422 AB 2.921810174049321 1.0781587358115576
61631.2309 lsst_hardware_z 725.349536467911 71.908043882284 30.979999542236328 AB 2.8123874429819598 1.1109569200007743
61631.2427 lsst_hardware_r 1142.3728990049885 98.56687775125852 31.639999389648438 AB 2.774359679603196 1.1316988291263292
61649.1336 lsst_hardware_z 1332.3620614000931 55.20658400495967 30.940000534057617 AB 1.3868219916013937 1.0667861473856874
61649.1451 lsst_hardware_i 1812.9813522416277 52.1562715636197 31.239999771118164 AB 1.3933530176957876 1.0718100136121442
61651.1165 lsst_hardware_r 1971.713793417795 49.91396918111741 31.489999771118164 AB 0.6470298566629361 1.0650697229019523
61651.128 lsst_hardware_u 3.5988129212272413 2.8373323165469375 28.440000534057617 AB 1.4934451429850497 1.066746530703607
61653.1115 lsst_hardware_g 490.4321697947143 24.629297432091832 31.43000030517578 AB 1.578883938984319 1.065074330643271
61653.1234 lsst_hardware_r 1997.7834169700104 48.93593108928998 31.489999771118164 AB 1.5767669205753359 1.0670051907125335
61655.1142 lsst_hardware_i 1639.9384717758387 53.012436591930175 31.270000457763672 AB 1.7599980362925616 1.06601940417478
61655.1256 lsst_hardware_z 1345.5255247720202 55.90545328720183 30.950000762939453 AB 2.2196975684523883 1.0701205584921722
61672.0464 lsst_hardware_z 830.7128509562017 49.58812101996993 30.940000534057617 AB 3.2609332483388394 1.0670593090114002
61672.0591 lsst_hardware_r 644.9003037338729 33.56730348247766 31.479999542236328 AB 3.209783478451479 1.0650758141084435
61674.0456 lsst_hardware_u 5.0821282582159295 2.9810482380338392 28.3799991607666 AB 3.169085732694064 1.0658658816763016
61674.0577 lsst_hardware_g 98.50689862474347 16.050935211366035 31.399999618530273 AB 3.1146338620023806 1.0652873405735954
61680.0517 lsst_hardware_r 359.39777341516293 29.492949634120706 31.489999771118164 AB 5.151087803975986 1.0676936063791036
61680.0638 lsst_hardware_u 0.48010808427857055 2.9112467900267047 28.40999984741211 AB 5.228878217905735 1.0739121416935855
61682.0505 lsst_hardware_g 46.9361708296723 16.286082311930066 31.440000534057617 AB 2.5378313913538526 1.0694611847257882
61682.0615 lsst_hardware_r 322.26156863439576 29.36487313714556 31.489999771118164 AB 2.5070774956129727 1.0761528812189036
61686.0344 lsst_hardware_z 617.2290886330776 54.24443656581383 30.959999084472656 AB 4.892844002345023 1.0673743460613052
61686.0461 lsst_hardware_r 238.7757251867403 49.45685717477167 31.610000610351562 AB 4.9076235123177 1.073056414631617
61688.0379 lsst_hardware_z 1132.6243966491163 85.15551929178203 31.729999542236328 AB 2.571398254170611 1.0714159392377547
61689.0712 lsst_hardware_r 280.77948883183046 70.55457504309086 31.6299991607666 AB 3.50191272039635 1.1089020647233534
61689.0824 lsst_hardware_z 682.1327164370346 61.92919457986089 30.969999313354492 AB 3.4841119683539397 1.1280310711265937
61692.0761 lsst_hardware_r 233.76991508770118 83.04171163521904 31.6299991607666 AB 8.147846939355093 1.1316454082437628
61692.0879 lsst_hardware_y 262.1878614081954 55.4029219583526 30.010000228881836 AB 8.348156068304062 1.1568150860256443
61694.0767 lsst_hardware_g -189.83242418517847 89.2700577420569 31.68000030517578 AB 9.38001412063311 1.143997168952733
61694.0884 lsst_hardware_r 252.38840901552499 80.29982731720972 31.6200008392334 AB 9.120470775392157 1.1713434790092865
61696.074 lsst_hardware_i 265.8678194108214 47.831858949738944 31.280000686645508 AB 6.7636872744559975 1.1500261745277711
61696.0857 lsst_hardware_z 439.14687759877256 54.54376814433784 30.950000762939453 AB 10.156383525415567 1.1785081835012743
61908.4149 lsst_hardware_r -7.972759136741434 30.389999389648438 31.559999465942383 AB 8.399617816345055 1.0651303343070067
61908.4265 lsst_hardware_z 61.4535664426225 47.54999923706055 30.959999084472656 AB 8.808947614549282 1.0676541665362884
61910.4124 lsst_hardware_z -15.956959136380263 41.66999816894531 30.940000534057617 AB 7.610462307291092 1.065455844222051
61910.4244 lsst_hardware_y 61.21252769791749 49.400001525878906 30.030000686645508 AB 6.419067973073645 1.069013207462035
61918.3509 lsst_hardware_g 7.286938479793032 13.720000267028809 31.420000076293945 AB 9.83002238940565 1.0792833036540048
61926.3354 lsst_hardware_z 54.78573371138398 48.040000915527344 30.959999084472656 AB 5.602085336666141 1.0743970599327743
61926.3505 lsst_hardware_r -10.241544099883033 40.81999969482422 31.610000610351562 AB 5.618570908975849 1.0669016679755283
61928.3374 lsst_hardware_i 26.6998778988004 70.58999633789062 31.31999969482422 AB 2.589422221736479 1.069972337758264
61928.3502 lsst_hardware_r -8.208599862605574 88.75 31.649999618530273 AB 2.6025935759916545 1.0656540386905684
61944.3013 lsst_hardware_z -7.082065618444117 41.31999969482422 30.950000762939453 AB 2.8180914539496817 1.0669200355690365
61947.2934 lsst_hardware_g 23.210657462445475 13.770000457763672 31.399999618530273 AB 5.9143394341564495 1.0668321139085077
61947.3049 lsst_hardware_r 9.961768397315145 22.639999389648438 31.489999771118164 AB 5.879113744931869 1.0650246813076862
61950.1409 lsst_hardware_r 33.16576534104471 25.239999771118164 31.420000076293945 AB 7.113848935237807 1.4441919679046644
61955.1078 lsst_hardware_z -19.606840615160973 59.279998779296875 30.920000076293945 AB 13.914975683819392 1.5772592800951173
61955.1123 lsst_hardware_r 0.2962237647693429 67.63999938964844 31.530000686645508 AB 13.638924544674255 1.5434758721976183
61958.2501 lsst_hardware_y 63.20438067828182 61.77000045776367 30.049999237060547 AB 1.6975397660289577 1.073033986111857
61958.2618 lsst_hardware_r 71.01091967885954 121.54000091552734 31.649999618530273 AB 1.6905704282595182 1.0673354626776566
61960.2784 lsst_hardware_z 13.431695290752302 111.52999877929688 31.75 AB 2.2383919816203743 1.0659009436287497
61962.2417 lsst_hardware_r -117.91911676092376 78.81999969482422 31.649999618530273 AB 8.893566487662017 1.0715140346580743
61962.2532 lsst_hardware_z -73.53059271019251 60.06999969482422 30.979999542236328 AB 9.264267921159966 1.0666156412280732
61964.2343 lsst_hardware_r -66.67402946147476 50.18000030517578 31.6200008392334 AB 7.271991407972999 1.0726705784207065
61964.2462 lsst_hardware_i -51.08117335079667 45.40999984741211 31.299999237060547 AB 7.194248949459549 1.067079345811265
61965.2396 lsst_hardware_z 65.77437974222882 45.47999954223633 30.950000762939453 AB 6.986692635402133 1.068505851332852
61965.2509 lsst_hardware_i -38.95978788147386 39.400001525878906 31.280000686645508 AB 6.6744023912521335 1.0653900620538415
61979.2168 lsst_hardware_r -18.795809419446176 22.8700008392334 31.479999542236328 AB 2.7219967444000006 1.0650481245818255
61979.2284 lsst_hardware_g -2.8050148140955486 14.0 31.399999618530273 AB 2.700241338662078 1.0663407399199958
61981.2124 lsst_hardware_r 8.018922186913832 28.299999237060547 31.540000915527344 AB 4.792625949354402 1.0650279887454228
61981.2234 lsst_hardware_i -2.87461729105566 33.31999969482422 31.260000228881836 AB 4.799077179581101 1.0664615954624668
61987.1545 lsst_hardware_r 98.47707271175037 116.87000274658203 31.649999618530273 AB 2.2239835403594372 1.0869909776927844
61987.1653 lsst_hardware_i -19.55340958918986 91.18000030517578 31.329999923706055 AB 2.2091528605194126 1.0770226020245777
61990.1976 lsst_hardware_r 101.31243667178546 94.80000305175781 31.649999618530273 AB 3.4984098468428733 1.0661549716099776
61990.209 lsst_hardware_z -18.350004474759732 66.04000091552734 30.989999771118164 AB 3.3184842606691234 1.0704787937642333
61992.197 lsst_hardware_r 3.227117641177786 59.72999954223633 31.6299991607666 AB 4.476804656479259 1.0676004745181062
61992.2096 lsst_hardware_i -16.807087210849055 50.970001220703125 31.299999237060547 AB 4.917034959490886 1.074116096224321
61994.19 lsst_hardware_z 67.06161463948015 45.459999084472656 30.950000762939453 AB 2.882182335875581 1.0670797245004002
61994.201 lsst_hardware_i 84.21097278709796 39.86000061035156 31.280000686645508 AB 2.907400101520145 1.0721160720988796
61995.1444 lsst_hardware_r 27.09582550864896 22.799999237060547 31.489999771118164 AB 3.620676082292519 1.0763008568051484
61995.1562 lsst_hardware_u -3.9923659745103475 2.5999999046325684 28.350000381469727 AB 3.504185911249461 1.0691642749807662
61997.2348 lsst_hardware_r 27.97921859571544 23.1200008392334 31.479999542236328 AB 4.864657193266471 1.1208026710544052
61997.2464 lsst_hardware_i -3.0606712623456183 31.600000381469727 31.229999542236328 AB 4.980233033382037 1.143304185808494
62006.0892 lsst_hardware_g -20.537395094287344 13.819999694824219 31.399999618530273 AB 3.0621413294463666 1.1038058261747192
62006.095 lsst_hardware_i 14.873872422923743 30.93000030517578 31.25 AB 3.1708788460913326 1.0959258684647464
