data/validation/pwv_sim_epoch_fit_epoch/63212668.ecsv
# %ECSV 0.9
# ---
# datatype:
# - {name: time, datatype: float64}
# - {name: band, datatype: string}
# - {name: flux, datatype: float64}
# - {name: fluxerr, datatype: float64}
# - {name: zp, datatype: float64}
# - {name: zpsys, datatype: string}
# - {name: pwv, datatype: float64}
# - {name: airmass, datatype: float64}
# meta: {SNID: '63212668', alt: 1024.0, c: -0.029295695945620537, dec: -61.943836, lat: -30.244573, lon: -70.7499537, ra: 137.072372,
#   t0: 61461.3828125, x0: 4.4446844447197585e-06, x1: 1.1865969896316528, z: 0.6435024738311768}
# schema: astropy-2.0
time band flux fluxerr zp zpsys pwv airmass
[from data line 132]
61783.2844 lsst_hardware_r -116.52212838873992 78.51000213623047 31.610000610351562 AB 5.350481743186756 1.1806005611621262
61786.2681 lsst_hardware_i 18.008075108734378 46.56999969482422 31.280000686645508 AB 5.514154235455213 1.1779863780079498
61786.2811 lsst_hardware_r -1.2206690568999294 52.119998931884766 31.600000381469727 AB 5.239057514691249 1.1828985131386878
61788.2693 lsst_hardware_z -12.164691309245987 45.61000061035156 30.940000534057617 AB 8.68856636489983 1.1800307435691741
61788.2824 lsst_hardware_g -23.630324144771063 32.91999816894531 31.600000381469727 AB 8.717488065205453 1.1869679206470498
61792.2481 lsst_hardware_i 31.35085625751518 30.899999618530273 31.229999542236328 AB 11.184365710307171 1.1773016537165444
61792.2603 lsst_hardware_z -35.36154149393633 42.7400016784668 30.93000030517578 AB 11.54016104530988 1.180810666573315
61794.2496 lsst_hardware_i 23.52330280082472 30.809999465942383 31.219999313354492 AB 11.842032647798025 1.1788982227773046
61794.2617 lsst_hardware_u -1.2121172080078286 2.4800000190734863 28.260000228881836 AB 11.189270659694262 1.1842586692214776
61796.2455 lsst_hardware_g -2.295582029284756 12.84000015258789 31.34000015258789 AB 16.70121143644728 1.1793391544996843
61796.2588 lsst_hardware_r -16.31496053635571 22.139999389648438 31.459999084472656 AB 15.11922626404427 1.185821667768178
61798.2553 lsst_hardware_r 0.481445670902863 21.959999084472656 31.450000762939453 AB 13.944905952663433 1.1871204397778234
61798.2658 lsst_hardware_u 1.3037938503402837 2.4600000381469727 28.229999542236328 AB 14.09686364123126 1.1955782295199315
61800.237 lsst_hardware_u -5.026923683002886 2.4200000762939453 28.200000762939453 AB 14.505773120275517 1.180226712975335
61800.2486 lsst_hardware_g 1.9385425430312018 12.779999732971191 31.329999923706055 AB 14.485827776699855 1.1862933237818243
61802.2423 lsst_hardware_r 10.147798513063217 21.979999542236328 31.459999084472656 AB 14.813032751925586 1.1857540725976055
61802.2551 lsst_hardware_i -5.188992009858656 30.81999969482422 31.229999542236328 AB 12.509949040135357 1.195789298085266
61806.1976 lsst_hardware_i -51.47144622280559 30.719999313354492 31.219999313354492 AB 7.976311541132133 1.177141608785707
61806.2102 lsst_hardware_z -43.309325338162026 42.47999954223633 30.93000030517578 AB 6.282059968321064 1.1773711441846073
61809.1934 lsst_hardware_z -67.19780880502022 51.27000045776367 30.950000762939453 AB 10.606042345646156 1.1768364477175088
61809.2066 lsst_hardware_r 55.0369198176629 58.5099983215332 31.610000610351562 AB 10.687530822209707 1.1783385691521175
61811.1968 lsst_hardware_i -85.72335595441757 66.18000030517578 31.309999465942383 AB 3.80325956481747 1.1774189870958671
61811.2096 lsst_hardware_r -14.413984112571825 84.6500015258789 31.6200008392334 AB 5.111908445943556 1.1813523350792026
61813.1928 lsst_hardware_z -20.81475673588698 83.91999816894531 31.719999313354492 AB 7.073568085880296 1.1776849024718947
61817.1905 lsst_hardware_z 51.310902730245445 46.54999923706055 30.950000762939453 AB 4.942554082700384 1.1802174750747125
61817.2009 lsst_hardware_r -11.834250364363974 39.130001068115234 31.56999969482422 AB 4.927904367322836 1.1854948159230592
61819.1683 lsst_hardware_i -2.18828778705301 30.90999984741211 31.229999542236328 AB 7.621742952033455 1.176830533781125
61819.1806 lsst_hardware_u -1.9998233188873975 2.809999942779541 28.420000076293945 AB 7.496014338278438 1.1787112726281057
61821.1882 lsst_hardware_r -37.15828356096117 22.100000381469727 31.459999084472656 AB 4.263927107290387 1.1844241964695519
61821.1987 lsst_hardware_z -11.25926940640221 42.779998779296875 30.940000534057617 AB 4.290604544627547 1.191834595729874
61823.1669 lsst_hardware_i -21.559366344030984 30.739999771118164 31.229999542236328 AB 9.429864924452689 1.1779968675143895
61823.1788 lsst_hardware_r 44.20299344974954 22.020000457763672 31.469999313354492 AB 9.469818654374103 1.1822987208424118
61825.1667 lsst_hardware_u -2.76154309377737 2.5 28.270000457763672 AB 11.270206095889291 1.1795087489156766
61825.1794 lsst_hardware_g -7.568541318031472 12.8100004196167 31.329999923706055 AB 11.560792405228216 1.1857222979721247
61827.1704 lsst_hardware_r 8.218750965713767 21.84000015258789 31.450000762939453 AB 8.227971460687604 1.183625327006776
61827.182 lsst_hardware_i -17.326979579693198 30.690000534057617 31.219999313354492 AB 8.261230652544976 1.191580939354533
61829.1656 lsst_hardware_z 109.92289219762759 42.689998626708984 30.93000030517578 AB 7.218046402821746 1.1839979883244156
61829.1774 lsst_hardware_r 11.746612496503417 22.059999465942383 31.450000762939453 AB 7.328160979706829 1.1922979019250484
61831.1617 lsst_hardware_u 0.7715198879053395 2.430000066757202 28.219999313354492 AB 4.063269884048812 1.1849146684954008
61831.1736 lsst_hardware_g 25.756014731306973 12.729999542236328 31.31999969482422 AB 4.6522569321917215 1.193728124239328
61833.1447 lsst_hardware_g 5.667290063479802 12.65999984741211 31.31999969482422 AB 6.169975916386133 1.179464603126033
61833.1555 lsst_hardware_r 31.6720443529396 21.93000030517578 31.440000534057617 AB 6.251574070649713 1.1844776008178188
61835.1406 lsst_hardware_i 7.70786170339643 35.09000015258789 31.239999771118164 AB 8.971977790386303 1.179954117362644
61835.1523 lsst_hardware_r -20.883442448746063 28.989999771118164 31.510000228881836 AB 9.033920796805466 1.1858651610403765
61837.1452 lsst_hardware_z -150.49345743900082 69.16000366210938 31.700000762939453 AB 13.607041936898703 1.1848523564529747
61839.143 lsst_hardware_r 111.84575468862155 70.94999694824219 31.610000610351562 AB 12.547889035848536 1.1869357435770334
61839.1549 lsst_hardware_i -74.4433212752514 58.13999938964844 31.299999237060547 AB 12.635901480490762 1.1966193516674228
61841.1382 lsst_hardware_z 24.02844890886263 64.27999877929688 30.969999313354492 AB 9.768256762002695 1.1873893957053518
61841.1509 lsst_hardware_r -62.566478948896886 91.5999984741211 31.610000610351562 AB 9.875641067637385 1.1980397178637798
61844.1376 lsst_hardware_z 40.63598240646986 74.79000091552734 31.700000762939453 AB 11.887702799058506 1.1933048382913298
61850.1225 lsst_hardware_g 0.9266571718397123 12.699999809265137 31.309999465942383 AB 5.852779161570598 1.1944447268511422
61850.1345 lsst_hardware_r -21.216468750616897 22.09000015258789 31.440000534057617 AB 6.2961624715310744 1.206932103168926
61852.0574 lsst_hardware_g -33.06651375265004 12.84000015258789 31.350000381469727 AB 7.0619485495099195 1.181355878580855
61852.0711 lsst_hardware_r -46.529163708644944 21.959999084472656 31.450000762939453 AB 7.059763083753719 1.1773139470947585
61854.0596 lsst_hardware_i 19.108014368185145 30.68000030517578 31.219999313354492 AB 12.193184511966408 1.1785789069787422
61854.0719 lsst_hardware_z 18.64670530103049 42.5 30.93000030517578 AB 12.2142745178024 1.1768635519465431
61856.1109 lsst_hardware_g -5.190214314458203 12.800000190734863 31.34000015258789 AB 7.727048720169231 1.1990144650739845
61856.1218 lsst_hardware_i -30.32203060197224 31.0 31.229999542236328 AB 7.789969514448637 1.2114724109456
61858.1124 lsst_hardware_z 37.50520345779974 42.869998931884766 30.93000030517578 AB 8.312026644039769 1.206638033079816
61858.1233 lsst_hardware_r -32.833886719324475 22.1299991607666 31.450000762939453 AB 8.419494632375372 1.220968659301068
61860.0505 lsst_hardware_i 2.600688518313225 30.639999389648438 31.209999084472656 AB 5.6424260181146915 1.1771608028195257
61860.0615 lsst_hardware_r -0.5214379213121827 21.860000610351562 31.440000534057617 AB 5.630109965299641 1.177252079380991
61862.0446 lsst_hardware_z -13.43178931859979 42.81999969482422 30.93000030517578 AB 10.285423770558788 1.1772147956192993
61862.0577 lsst_hardware_g -7.204567052893607 14.75 31.389999389648438 AB 10.31540723725858 1.1775018962863537
61864.0512 lsst_hardware_r -6.345006322867846 31.399999618530273 31.540000915527344 AB 5.840398069027373 1.1773413658837601
61864.0641 lsst_hardware_i -37.06344020131503 34.849998474121094 31.239999771118164 AB 5.736835671668082 1.1810669101704305
61872.0333 lsst_hardware_r 89.38806594730207 74.13999938964844 31.6200008392334 AB 5.801604716096515 1.17809047454367
61872.0436 lsst_hardware_z -69.16604449788437 58.400001525878906 30.969999313354492 AB 7.352092192502553 1.1816759259858647
61874.0354 lsst_hardware_r -10.16442751546831 35.41999816894531 31.559999465942383 AB 5.942987664036304 1.1804914912341198
61874.0458 lsst_hardware_u 0.8452551134760357 5.170000076293945 28.860000610351562 AB 6.794606192026469 1.1858986285062343
61876.0125 lsst_hardware_g 13.78374030330546 12.920000076293945 31.360000610351562 AB 18.35937058543779 1.1768827298357558
61876.0178 lsst_hardware_r -9.63054521996939 22.15999984741211 31.469999313354492 AB 18.521766791779513 1.177262117648
61878.0137 lsst_hardware_r 14.410635735941044 21.940000534057617 31.450000762939453 AB 12.598838864205351 1.1774615760939582
61878.0263 lsst_hardware_i 39.61133889284768 30.8799991607666 31.229999542236328 AB 12.63953230714089 1.1812647016019524
61880.014 lsst_hardware_z 26.3539396991997 42.70000076293945 30.940000534057617 AB 8.191498191877034 1.1787600376842156
61880.0253 lsst_hardware_r -13.953030663362869 22.09000015258789 31.459999084472656 AB 8.191082264662555 1.1834686313400837
61885.0077 lsst_hardware_r -37.247196765387024 22.059999465942383 31.459999084472656 AB 15.496338935342504 1.1814986163295638
61885.0195 lsst_hardware_z -28.324058102476545 42.720001220703125 30.93000030517578 AB 15.621789975690124 1.1884508273842558
61889.0181 lsst_hardware_g 18.812511605388636 12.760000228881836 31.329999923706055 AB 10.205056580117404 1.1964074656487476
61889.0289 lsst_hardware_r 8.94331728077453 22.059999465942383 31.450000762939453 AB 10.28883871850188 1.2080355428556864
61895.0023 lsst_hardware_r -39.15690797162981 47.0099983215332 31.59000015258789 AB 11.966681150509462 1.1969673568901686
61895.0135 lsst_hardware_z -49.158111239011404 48.779998779296875 30.950000762939453 AB 12.141767875317758 1.2092390613645372
