data/validation/pwv_sim_epoch_fit_epoch/63351242.ecsv
# %ECSV 0.9
# ---
# datatype:
# - {name: time, datatype: float64}
# - {name: band, datatype: string}
# - {name: flux, datatype: float64}
# - {name: fluxerr, datatype: float64}
# - {name: zp, datatype: float64}
# - {name: zpsys, datatype: string}
# - {name: pwv, datatype: float64}
# - {name: airmass, datatype: float64}
# meta: {SNID: '63351242', alt: 1024.0, c: -0.013918880373239517, dec: -32.797169, lat: -30.244573, lon: -70.7499537, ra: 214.277344,
#   t0: 62945.3671875, x0: 6.227387428082087e-06, x1: -0.11252555251121521, z: 0.5603950023651123}
# schema: astropy-2.0
time band flux fluxerr zp zpsys pwv airmass
62895.3145 lsst_hardware_r -36.94416388292697 25.420000076293945 31.479999542236328 AB 13.881731007349234 1.2559621515787351
62895.3342 lsst_hardware_g -12.176042358162512 15.699999809265137 31.440000534057617 AB 13.604543382578683 1.1703671990174507
62897.3162 lsst_hardware_r -26.900919938368954 24.860000610351562 31.489999771118164 AB 13.146336336875414 1.2219772116167047
62897.3355 lsst_hardware_i -0.6905342155436484 32.290000915527344 31.25 AB 13.215023907865458 1.1462668466109103
62908.2761 lsst_hardware_z 40.36957101032663 64.12000274658203 30.950000762939453 AB 4.699358150080672 1.2708123448105477
62908.2883 lsst_hardware_r -23.886489780090926 79.88999938964844 31.610000610351562 AB 4.482010619040151 1.2125285169980344
62910.3306 lsst_hardware_i -32.42635431885799 59.56999969482422 31.31999969482422 AB 6.0658394657855546 1.0641823624185183
62910.3514 lsst_hardware_r -124.68725959946013 68.6500015258789 31.65999984741211 AB 5.709518782601723 1.0293603574402195
62912.3219 lsst_hardware_z -39.505061093799405 46.56999969482422 30.959999084472656 AB 4.205524089728769 1.0710163216626745
62912.3407 lsst_hardware_g -41.32538328288517 34.25 31.670000076293945 AB 4.205983926933602 1.0367226834936165
62914.3131 lsst_hardware_r -1.1320186126643745 25.13081266592506 31.510000228881836 AB 5.337977636668356 1.0784882587470215
62914.3336 lsst_hardware_i 7.594907971102804 31.584321956649415 31.260000228881836 AB 4.348339615626201 1.039216016162084
62919.3232 lsst_hardware_u -0.33741797430952286 2.787536261846805 28.459999084472656 AB 11.541423387994422 1.03436309266843
62919.3436 lsst_hardware_g -3.7617704574257083 14.63988077459645 31.450000762939453 AB 9.502844586947079 1.0117212304114511
62921.299 lsst_hardware_g 2.8233438070797776 15.135350944680743 31.440000534057617 AB 10.586453172947762 1.0674428252461827
62921.3187 lsst_hardware_r 89.49547004575084 24.919354714141235 31.510000228881836 AB 10.247765059525422 1.0329974439439293
62927.2233 lsst_hardware_z 401.4647398377839 47.981615664710304 30.93000030517578 AB 4.293959791539587 1.2756862125786057
62927.243 lsst_hardware_r 618.2175366390599 33.918307706723205 31.479999542236328 AB 3.9624154058513783 1.185169114412177
62929.2242 lsst_hardware_z 476.3985978589482 53.352533560587844 30.940000534057617 AB 6.899834284550376 1.2435868341034022
62929.2451 lsst_hardware_r 911.3075994778835 47.5053828041947 31.559999465942383 AB 6.433338056846204 1.1567977805405547
62935.2184 lsst_hardware_r 1782.921239972937 118.83604202969929 31.6200008392334 AB 12.056786100022519 1.1963372102852743
62935.2393 lsst_hardware_z 1123.9025800732077 79.75065848651379 30.979999542236328 AB 11.316273031796358 1.1221359036611656
62937.2173 lsst_hardware_y 502.2117131152621 63.36159610695779 30.0 AB 8.723805859562782 1.1788926837247002
62937.2393 lsst_hardware_r 2031.0294216025827 112.8153017583983 31.639999389648438 AB 8.18700131815597 1.1063515294805364
62939.2248 lsst_hardware_i 1552.683765980257 74.32498707618515 31.309999465942383 AB 12.63771014442486 1.1332405862496508
62939.2442 lsst_hardware_z 1312.0579055270605 67.81233310167984 30.979999542236328 AB 12.0111036843894 1.0799895413738438
62941.2249 lsst_hardware_r 2315.0880930576086 59.39617552622393 31.56999969482422 AB 9.325544251030477 1.1162523541910818
62941.2473 lsst_hardware_g 816.2666203993067 42.050998816949175 31.649999618530273 AB 8.830878460727092 1.0614887163306999
62943.2536 lsst_hardware_z 1436.7073241288556 54.778987832630314 30.959999084472656 AB 6.653366878219198 1.0405098594931759
62943.2712 lsst_hardware_r 2176.7240793241062 52.80639816625582 31.530000686645508 AB 6.434096104775711 1.0178921222552935
62948.1739 lsst_hardware_r 2021.3515488459786 50.79613263700627 31.479999542236328 AB 8.427703763419062 1.2360961811996276
62948.1913 lsst_hardware_u 3.5159138392854747 3.028311563657369 28.489999771118164 AB 7.995999697533209 1.1637315816523504
62950.1743 lsst_hardware_g 368.0854195493383 24.913327334751013 31.40999984741211 AB 8.370218413119472 1.2096419697408762
62950.1912 lsst_hardware_r 1993.0204806649253 49.81995396740189 31.5 AB 7.903391411951121 1.1449350750699008
62952.1626 lsst_hardware_i 1563.6666436836847 51.47508053705457 31.229999542236328 AB 8.541423074080047 1.2378874020405863
62952.1805 lsst_hardware_z 1339.5737121529967 55.755261836737446 30.940000534057617 AB 7.877423937311361 1.16329174560345
62954.1598 lsst_hardware_r 1542.8432797811772 46.687678165106114 31.479999542236328 AB 8.064809592954745 1.2255307860836722
62954.1777 lsst_hardware_g 307.56986262237405 22.551963828554115 31.43000030517578 AB 7.593676133205896 1.1537911012999829
62956.1611 lsst_hardware_r 1473.780041399677 47.90031452828017 31.520000457763672 AB 5.990869349695055 1.1962001397085107
62956.1786 lsst_hardware_i 1489.2379466370958 49.63133407528556 31.25 AB 5.42507452827408 1.132563705211965
62958.1609 lsst_hardware_z 1062.6555992886354 57.21644588924878 30.950000762939453 AB 9.833162111121684 1.1753017523602085
62958.1785 lsst_hardware_i 1328.2345224456653 54.32116340898214 31.280000686645508 AB 9.152962816149484 1.1162149775792056
62960.1744 lsst_hardware_z 1068.0064674861367 60.523776264060395 30.959999084472656 AB 5.036401529458786 1.1122794897214252
62960.1921 lsst_hardware_r 1249.1052727860294 67.50896967154836 31.6299991607666 AB 4.8924751006899285 1.0683426358095345
62962.1575 lsst_hardware_r 1241.2649677955483 103.7778784459186 31.639999389648438 AB 13.212502401247178 1.148114563890092
62962.175 lsst_hardware_i 1240.657883298525 84.3771626988111 31.329999923706055 AB 14.90224399049303 1.0957532345950758
62965.1619 lsst_hardware_z 1943.3861665915717 139.15204963121906 31.739999771118164 AB 7.572356406400341 1.1090152909197923
62968.1632 lsst_hardware_r 718.3948546098121 65.47050748755849 31.6299991607666 AB 6.8311387483880965 1.0843077378393804
62968.1815 lsst_hardware_i 892.0466846987837 60.396008836773056 31.31999969482422 AB 6.8043851292151745 1.0468284814177191
62970.1656 lsst_hardware_z 838.8783262643134 50.997578392404854 30.950000762939453 AB 5.277970154799574 1.0666516530970205
62970.1853 lsst_hardware_r 557.1119972344229 37.569736090807766 31.559999465942383 AB 5.8254590520016425 1.0324709206436513
62973.1447 lsst_hardware_u 5.705669020667502 4.532465392078362 29.219999313354492 AB 16.105368910678376 1.0964486618262408
62973.169 lsst_hardware_g 146.06068815238893 23.926428605061883 32.209999084472656 AB 14.27884875193802 1.0448830084474054
62975.1635 lsst_hardware_r 409.4187924570504 30.822794839160107 31.520000457763672 AB 9.896711157170223 1.0449489132267156
62975.1821 lsst_hardware_u -4.81735735635111 3.348218744330302 28.559999465942383 AB 9.202091695846722 1.0196788404727932
62977.1529 lsst_hardware_g 74.45984978448358 16.67535377544967 31.459999084472656 AB 7.6889656977832495 1.0540048934589787
62977.1698 lsst_hardware_r 295.90168913439345 29.897311961279986 31.520000457763672 AB 6.96661905260368 1.02765124316219
62979.0681 lsst_hardware_z 650.1513836934091 51.9042414736368 30.920000076293945 AB 6.781011953964234 1.3527753598811478
62979.0876 lsst_hardware_r 243.9336065080999 29.83640905425353 31.479999542236328 AB 5.799625151910258 1.2440208391055896
62984.0621 lsst_hardware_z 616.6378043413234 51.079445947474156 30.93000030517578 AB 2.1239633930194746 1.3063844549581596
62984.0821 lsst_hardware_r 206.92024785772452 29.988243892059177 31.5 AB 1.9614730862910925 1.2069365724281156
62988.055 lsst_hardware_z 481.4151975842599 55.68658863978881 30.940000534057617 AB 10.794726232608497 1.2850864562629163
62988.0757 lsst_hardware_r 230.32673091669463 50.732861945099955 31.59000015258789 AB 9.980786390153513 1.1881888559706564
62990.063 lsst_hardware_y 230.87448534882026 56.18816075377006 29.989999771118164 AB 13.318001830724922 1.2188159449734532
62990.0824 lsst_hardware_r 91.50148426909824 80.55197368182537 31.6299991607666 AB 12.515475386860137 1.1435575841555876
62995.0581 lsst_hardware_i 239.3316349339237 79.00184171873758 31.309999465942383 AB 10.550354310254535 1.1821897950664857
62995.0772 lsst_hardware_z 409.1754065746666 70.9333935391891 30.979999542236328 AB 9.944393820621142 1.1170338467420613
63005.047 lsst_hardware_u 6.8567636278098085 3.2309185125953332 28.360000610351562 AB 9.170985422535903 1.1257347081672548
63005.0663 lsst_hardware_g 9.392831012284036 15.578422028570406 31.440000534057617 AB 8.726208747662605 1.074744488175869
63010.0527 lsst_hardware_r 79.87283175193159 25.53360194014833 31.5 AB 8.919412530161296 1.0746280156820838
63010.0737 lsst_hardware_i 132.54377453296752 33.20174672991233 31.260000228881836 AB 8.597908121464805 1.0358925447547958
63013.0479 lsst_hardware_z 198.06369518648913 44.38355910421218 30.950000762939453 AB 6.1718478642372965 1.06727057628681
63013.0689 lsst_hardware_u 0.6172300370985824 2.9869184491686376 28.479999542236328 AB 5.952467323326464 1.0310873589687275
63014.9686 lsst_hardware_y 128.2607211941688 51.781004479410655 29.950000762939453 AB 11.982905425100396 1.36057287179317
63014.9895 lsst_hardware_z 187.4683197983727 47.63304413192707 30.940000534057617 AB 11.027413149636907 1.243085689283814
63018.9678 lsst_hardware_y -15.49409063074434 59.938607350044805 29.969999313354492 AB 12.446059321316817 1.2992050232330505
63018.9889 lsst_hardware_i 222.67227820113328 77.01074669558116 31.309999465942383 AB 11.46705080604726 1.196978163470467
63019.9694 lsst_hardware_y 64.8512594774091 65.08992115801689 29.979999542236328 AB 11.720184504116808 1.2755969203435797
63019.9925 lsst_hardware_r 220.49458881686726 113.3950635044819 31.6200008392334 AB 10.78120246010694 1.1719547568780777
63021.9666 lsst_hardware_y 82.60098147691028 66.6625037678156 29.979999542236328 AB 14.90218695295326 1.2618100466790458
63021.9872 lsst_hardware_g -5.471297916683399 128.05175583918847 31.68000030517578 AB 13.898245953030909 1.1713485653830042
63030.9649 lsst_hardware_z 23.419691825970094 44.02000045776367 30.940000534057617 AB 16.127272567937503 1.1629336098456984
63030.987 lsst_hardware_i -3.8963612376115617 31.290000915527344 31.25 AB 15.142297197576179 1.0947294098884
63035.9636 lsst_hardware_y 76.77696266885759 49.459999084472656 30.020000457763672 AB 7.250575598760963 1.1219459340442495
63035.9839 lsst_hardware_r -55.727085020773906 23.450000762939453 31.5 AB 6.414640016030113 1.0698198825935805
63039.9812 lsst_hardware_i 24.2029811174091 30.920000076293945 31.25 AB 8.97733027014534 1.0534196767392958
63039.9918 lsst_hardware_z -67.12257963977025 41.13999938964844 30.950000762939453 AB 9.080183394933277 1.0358706779152476
63043.9622 lsst_hardware_y 56.58081401191418 49.7400016784668 30.040000915527344 AB 8.141819883783796 1.0695095740148897
63043.983 lsst_hardware_z 14.429462041926097 42.689998626708984 30.959999084472656 AB 7.875939940101394 1.0328198548893728
63045.9624 lsst_hardware_y -91.56905763046905 52.31999969482422 30.049999237060547 AB 4.141105024937933 1.057978716185974
63045.9832 lsst_hardware_z 100.86644272233092 50.2400016784668 30.969999313354492 AB 4.046945814298111 1.025408567811887
63047.9619 lsst_hardware_y -34.07597000624657 59.900001525878906 30.049999237060547 AB 8.105493334381059 1.0488474811569692
63047.9807 lsst_hardware_r -84.3683947360954 86.83999633789062 31.65999984741211 AB 7.952773291580479 1.021944653248543
