data/validation/pwv_sim_epoch_fit_epoch/63376065.ecsv
# %ECSV 0.9
# ---
# datatype:
# - {name: time, datatype: float64}
# - {name: band, datatype: string}
# - {name: flux, datatype: float64}
# - {name: fluxerr, datatype: float64}
# - {name: zp, datatype: float64}
# - {name: zpsys, datatype: string}
# - {name: pwv, datatype: float64}
# - {name: airmass, datatype: float64}
# meta: {SNID: '63376065', alt: 1024.0, c: -0.16148196160793304, dec: -11.872187, lat: -30.244573, lon: -70.7499537, ra: 330.46875, t0: 63083.9609375,
#   x0: 1.2501407727265414e-05, x1: 0.8757528066635132, z: 0.4181455373764038}
# schema: astropy-2.0
time band flux fluxerr zp zpsys pwv airmass
63012.4051 lsst_hardware_g -13.700430348654324 16.780000686645508 31.489999771118164 AB 5.945281321435368 1.0757445093067615
63012.4253 lsst_hardware_y 9.908721155462462 49.25 30.040000915527344 AB 5.284147298901395 1.0578873471273627
63014.4138 lsst_hardware_i -44.33778428263126 32.68000030517578 31.260000228881836 AB 9.934788252468703 1.0615602207367898
63014.4329 lsst_hardware_z -54.61074075649677 51.540000915527344 30.969999313354492 AB 9.263948252488497 1.0546589286175483
63016.4159 lsst_hardware_r -46.26624062298799 25.719999313354492 31.540000915527344 AB 13.66153158014368 1.0571827031599945
63016.4344 lsst_hardware_y 39.32575751284685 59.61000061035156 30.059999465942383 AB 13.494095162461194 1.0555456165880157
63018.4128 lsst_hardware_r 45.317221117996496 25.280000686645508 31.520000457763672 AB 6.604269744186923 1.056260654808002
63018.4326 lsst_hardware_y 92.7261353535226 53.0 30.049999237060547 AB 6.596174163405194 1.0567404939771217
63021.4077 lsst_hardware_z 24.046249579336102 52.150001525878906 30.969999313354492 AB 12.267362814406798 1.0553704969916593
63021.427 lsst_hardware_y -103.78015705900067 50.61000061035156 30.040000915527344 AB 11.798315486774724 1.0578918781853122
63033.3662 lsst_hardware_g 19.354606279060143 15.949999809265137 31.469999313354492 AB 7.049918512172655 1.0588245428111975
63033.3868 lsst_hardware_r -33.17775290589357 25.059999465942383 31.530000686645508 AB 7.3868986039990325 1.0552712291427189
63037.387 lsst_hardware_r 1.0593544011646705 24.639999389648438 31.520000457763672 AB 4.051912028671328 1.059970010988314
63037.4065 lsst_hardware_g -12.741310195025509 15.609999656677246 31.459999084472656 AB 4.12177177145877 1.0797751709892498
63045.3328 lsst_hardware_i 30.76466334620382 31.75 31.260000228881836 AB 5.747094418043099 1.059193270208083
63045.3523 lsst_hardware_z -93.22992333977734 41.9900016784668 30.950000762939453 AB 5.315419366316969 1.0549606760577817
63049.3233 lsst_hardware_y -90.67156052377959 49.52000045776367 30.049999237060547 AB 8.338889463133881 1.0584025972564026
63049.3437 lsst_hardware_r 68.22501127129408 49.45000076293945 31.6299991607666 AB 7.325396920762874 1.0554059676930543
63062.2689 lsst_hardware_u 20.462932845742454 6.493928856813493 29.209999084472656 AB 5.719878806286752 1.0753673258670335
63062.2924 lsst_hardware_r 754.9016094934896 44.002272732573275 32.2599983215332 AB 5.017314263128533 1.0563693509524668
63065.2952 lsst_hardware_r 1013.5860403529101 40.438230389190835 31.510000228881836 AB 1.8984829111879473 1.0547127284377484
63065.3173 lsst_hardware_u 5.3127608938543815 3.4246317354886022 28.43000030517578 AB 1.9172248178141358 1.065124898785631
63067.2891 lsst_hardware_g 920.2604064172878 34.66139599578632 31.459999084472656 AB 2.968237371775459 1.0546857888577967
63067.3044 lsst_hardware_r 1607.078321076964 46.6329151465781 31.510000228881836 AB 3.5547775152899828 1.0595462042593093
63069.2681 lsst_hardware_r 2097.569081652994 52.27808303660676 31.520000457763672 AB 5.212570291288569 1.058730277000437
63069.2896 lsst_hardware_i 1229.689819730414 47.55751015121151 31.25 AB 5.18504404048057 1.0555334196102744
63072.2553 lsst_hardware_z 1213.766749231351 53.9090232261925 30.950000762939453 AB 6.257222882778761 1.061685914164147
63072.2748 lsst_hardware_r 3095.859369748327 60.06197649552103 31.520000457763672 AB 6.238750159129949 1.054674319699642
63073.238 lsst_hardware_u 19.792263702813297 5.609009894345273 28.489999771118164 AB 10.815760521078417 1.076489638565619
63073.2574 lsst_hardware_r 3179.3432307131684 62.086746429781144 31.510000228881836 AB 11.23325867638353 1.058609537888754
63077.3091 lsst_hardware_i 2550.3566299841077 64.63886960772051 31.280000686645508 AB 4.859975884579699 1.0994176868181649
63077.3279 lsst_hardware_z 1675.1164575079881 60.56723558578335 30.940000534057617 AB 5.088268443024038 1.1440738489092832
63083.1545 lsst_hardware_i 5587.379430547196 164.70578952251694 32.04999923706055 AB 2.5088614680618195 1.2262275014964903
63083.1831 lsst_hardware_z 3885.8016129426433 136.22970874515764 31.729999542236328 AB 1.8095958302706792 1.129350424550039
63085.2201 lsst_hardware_z 1902.5673956031637 69.23352536555478 30.969999313354492 AB 3.355678372466564 1.0614756555672387
63085.243 lsst_hardware_r 5011.894439182605 93.98474812704424 31.639999389648438 AB 3.360911232392463 1.0549551344156305
63094.2139 lsst_hardware_g 1436.4306795255281 41.52001800954267 31.479999542236328 AB 4.724988508071994 1.0546849348374985
63094.237 lsst_hardware_r 3467.668317773319 64.14055741338417 31.520000457763672 AB 4.754620316437087 1.0641495784326516
63099.2123 lsst_hardware_i 4195.706963366901 78.90302961021979 32.0099983215332 AB 1.4737805391152783 1.0571049892040252
63099.2335 lsst_hardware_z 2706.088251727238 79.47590658073764 31.700000762939453 AB 1.5504306790242735 1.074821961195337
63100.1785 lsst_hardware_r 2671.5180803827934 57.2769919165454 31.540000915527344 AB 2.6430130502994587 1.0619485904906416
63100.1931 lsst_hardware_g 966.1493664038044 34.77883554181266 31.5 AB 2.6131881812672844 1.0551585913122048
63108.1399 lsst_hardware_i 1519.1360542767734 96.80958271272799 31.329999923706055 AB 4.4394098608549335 1.0799513132287135
63108.1578 lsst_hardware_z 1110.7815200777516 83.72768359797082 30.989999771118164 AB 4.378113582490451 1.061125062913024
63110.1435 lsst_hardware_r 1619.2419587903603 163.5936337416194 31.65999984741211 AB 1.3894712331266417 1.068824025482032
63110.1618 lsst_hardware_z 1085.004136445968 110.24186780071575 31.0 AB 1.3730821341374673 1.0562170262595902
63113.1427 lsst_hardware_y 673.8159867949087 77.4017493202789 30.799999237060547 AB 1.4870488941836353 1.0621777815597395
63115.1353 lsst_hardware_r 947.1014854652951 45.35076367405669 31.56999969482422 AB 0.7241238494078971 1.063714798983808
63115.1529 lsst_hardware_i 1258.3293611698914 51.9821371585868 31.280000686645508 AB 0.6831295934558451 1.0550263991596065
63121.118 lsst_hardware_u 0.11153605942144774 2.9702751264039526 28.389999389648438 AB 3.154891553070265 1.0644931431700597
63121.1366 lsst_hardware_r 605.8562449049167 35.56585504692259 31.510000228881836 AB 3.667753941274434 1.0550133586292059
63123.1209 lsst_hardware_i 924.1723680118187 44.11042115959717 31.25 AB 1.3378111973168767 1.058604310438936
63123.1391 lsst_hardware_z 714.7458798915588 50.651194558429026 30.950000762939453 AB 1.7858309893554034 1.0549360968920372
63125.0982 lsst_hardware_z 752.6942552206906 50.280707857895536 30.950000762939453 AB 3.8654672333828475 1.073740898161902
63125.1145 lsst_hardware_r 538.9069612974262 33.81690730097997 31.510000228881836 AB 3.81287469526345 1.0591318597954027
63128.0951 lsst_hardware_u -3.177737243437401 3.713465172786197 28.530000686645508 AB 5.956891498848075 1.068053699291431
63128.115 lsst_hardware_g 186.8142473325887 20.347063589760268 31.469999313354492 AB 5.809596461646064 1.0555226129444157
63136.0713 lsst_hardware_z 436.36664838981534 74.67861551640313 30.989999771118164 AB 2.996323615074675 1.070115576812384
63136.0894 lsst_hardware_i 563.8962931158354 82.28927258039685 31.329999923706055 AB 3.411484468010881 1.0567324113613095
63142.0661 lsst_hardware_r 389.5512238715557 54.680667661630146 31.6299991607666 AB 3.1720521327903235 1.0603550502391188
63142.0851 lsst_hardware_i 497.10136413874955 56.84049348925252 31.309999465942383 AB 3.7702871697213003 1.0547241243159178
63148.0377 lsst_hardware_g 65.03856889652603 18.140872442758166 31.469999313354492 AB 4.231144404131365 1.071040223802396
63148.0557 lsst_hardware_i 425.26702050750885 37.49041168292196 31.260000228881836 AB 3.4123666625104656 1.0571148272956834
63150.0387 lsst_hardware_z 356.9806052849583 45.81902910896787 30.950000762939453 AB 3.6405503349231445 1.0645921634437503
63150.0573 lsst_hardware_r 279.253717140635 29.600315508347588 31.520000457763672 AB 3.340929183796684 1.055030268567374
63152.0397 lsst_hardware_u 0.9384613197059648 3.040442999600263 28.440000534057617 AB 6.130807275303857 1.0597765385140634
63152.0589 lsst_hardware_g 51.42022796481844 17.510361330529367 31.459999084472656 AB 5.105291197284543 1.0548122308439138
63154.0374 lsst_hardware_r 329.4120365048489 29.18765599367697 31.5 AB 7.134032262600932 1.0580039195602515
63154.0548 lsst_hardware_i 360.8996484047627 36.93953784245378 31.25 AB 6.269770561439756 1.0549841092780645
63156.0314 lsst_hardware_z 44.69000192422063 41.939998626708984 30.950000762939453 AB 7.456633547618165 1.0582789593554023
63156.05 lsst_hardware_r 29.988688480992327 24.450000762939453 31.520000457763672 AB 6.858101371378388 1.0550925186735982
63158.0288 lsst_hardware_u 2.535576260547791 2.8499999046325684 28.479999542236328 AB 4.313033113379999 1.0569432560153567
63158.0459 lsst_hardware_r 54.19721329410677 24.530000686645508 31.520000457763672 AB 3.9879702333638414 1.0553675774697562
63160.0319 lsst_hardware_i 27.87064524502372 32.40999984741211 31.270000457763672 AB 3.4934545981211294 1.0547870163409208
63160.0491 lsst_hardware_z 1.1825033215128442 42.279998779296875 30.959999084472656 AB 3.207484271271711 1.058750378370258
63164.0166 lsst_hardware_y -75.80763255818529 80.83999633789062 30.799999237060547 AB 3.80858500826473 1.0555457549811873
63169.003 lsst_hardware_y -66.79767590451583 72.20999908447266 30.059999465942383 AB 4.769155568093646 1.0555315814957824
63169.0199 lsst_hardware_r 4.599275824250226 86.5 31.649999618530273 AB 4.789790989110705 1.0565909643436178
