data/validation/pwv_sim_epoch_fit_epoch/63548670.ecsv
# %ECSV 0.9
# ---
# datatype:
# - {name: time, datatype: float64}
# - {name: band, datatype: string}
# - {name: flux, datatype: float64}
# - {name: fluxerr, datatype: float64}
# - {name: zp, datatype: float64}
# - {name: zpsys, datatype: string}
# - {name: pwv, datatype: float64}
# - {name: airmass, datatype: float64}
# meta: {SNID: '63548670', alt: 1024.0, c: -0.048121899366378784, dec: -4.630479, lat: -30.244573, lon: -70.7499537, ra: 216.210938, t0: 60352.1484375,
#   x0: 3.086916693799164e-06, x1: 1.3348208665847778, z: 0.7466325163841248}
# schema: astropy-2.0
time band flux fluxerr zp zpsys pwv airmass
60357.3262 lsst_hardware_u 0.7940072793583097 2.7563628708457544 28.34000015258789 AB 5.924573737835677 1.1992659635981935
60357.3432 lsst_hardware_z 634.2017609731458 50.28330322311917 30.940000534057617 AB 4.711473243349743 1.1556225762447248
60360.3764 lsst_hardware_r 702.601782418646 35.640757877772685 31.510000228881836 AB 2.993171048977901 1.108581869991815
60360.3944 lsst_hardware_y 231.04203793067364 71.1317827784212 30.040000915527344 AB 3.000419584175314 1.1112665126575236
60361.3773 lsst_hardware_z 651.5092262081698 49.39756173422356 30.950000762939453 AB 5.784453884992442 1.1080267953246703
60361.3952 lsst_hardware_y 304.15787720600724 71.62208846704577 30.040000915527344 AB 5.798489665015543 1.113399087609993
60366.3733 lsst_hardware_r 464.6226400187344 107.15155555757889 31.639999389648438 AB 7.500410217669282 1.1092409831285217
60366.3909 lsst_hardware_y 395.29721046349863 65.70325211380805 30.030000686645508 AB 6.70823479621177 1.1216533490488971
60368.3418 lsst_hardware_i 685.7744477967336 88.56887094543013 31.31999969482422 AB 5.302423678454846 1.1149500454092092
60368.3599 lsst_hardware_r 479.2249086548233 104.28360536317092 31.639999389648438 AB 5.283561133417583 1.1079551524859939
60370.3521 lsst_hardware_z 1125.7432665991507 98.09921506562632 31.729999542236328 AB 3.5458587876380343 1.1080808711368857
60371.3465 lsst_hardware_r 412.1184281605662 63.52822757321246 31.6200008392334 AB 6.57037073383561 1.1085491368037135
60371.3641 lsst_hardware_i 735.6234142995917 60.22099462659959 31.299999237060547 AB 6.6348846629723335 1.1111228083575417
60376.2169 lsst_hardware_u 0.059013123944577674 2.4362481710777155 27.979999542236328 AB 16.275886851222268 1.5077245809376774
60376.2459 lsst_hardware_g 47.937837178298416 16.693901902862127 31.34000015258789 AB 14.16149762377446 1.31383487174064
60380.3479 lsst_hardware_r 249.10050963581023 28.401283004921634 31.5 AB 7.6528069305505175 1.1169535036927103
60380.3681 lsst_hardware_z 374.54156601698224 46.6867251454458 30.940000534057617 AB 7.8587765106957495 1.1438850857968414
60383.2391 lsst_hardware_i 370.16318533547707 37.82887060394255 31.229999542236328 AB 11.635201366073453 1.256908433193632
60383.2571 lsst_hardware_r 180.64757101043745 27.859714815004804 31.479999542236328 AB 10.384436792850046 1.1936134244655225
60385.3215 lsst_hardware_u -2.110917058598257 2.7050694750965483 28.3700008392334 AB 8.995549344880496 1.1092606627881492
60385.342 lsst_hardware_g 11.385928721300235 15.142047681347517 31.420000076293945 AB 9.909724539081326 1.1250822592054053
60392.3062 lsst_hardware_r 322.8485203827354 118.33892979003228 32.38999938964844 AB 6.7103476888747995 1.1108314562904802
60392.328 lsst_hardware_z 342.27614183968007 90.75522264403168 31.719999313354492 AB 6.805305670115699 1.131922324749652
60395.2392 lsst_hardware_r 172.69228510017265 147.07008312001227 31.6299991607666 AB 7.283752231750957 1.1561511478969773
60395.2563 lsst_hardware_y -30.698347304879224 71.29257661474176 30.040000915527344 AB 7.827687063385007 1.12709676938589
60397.2815 lsst_hardware_z 147.36002884525044 90.75289089442367 30.989999771118164 AB 8.80633152743932 1.1079585477859053
60397.2994 lsst_hardware_r 261.2868651313917 125.78331818565363 31.649999618530273 AB 8.273401292571291 1.1152140491424123
60399.2801 lsst_hardware_i 274.97057136420034 62.70720984947541 31.299999237060547 AB 5.037754789344922 1.1084168953454174
60399.2991 lsst_hardware_z 221.32349154430054 60.64700391955942 30.959999084472656 AB 4.573865385843301 1.1198560481131217
60405.1231 lsst_hardware_r 99.84881393431212 37.53228602979151 32.13999938964844 AB 15.970308359870225 1.6506778666533417
60405.1431 lsst_hardware_z 299.552552587584 68.61757510576977 31.65999984741211 AB 17.041532298037374 1.4639862804894441
60413.2763 lsst_hardware_r 2.9892776420631866 25.44981739249035 31.510000228881836 AB 8.021495786694068 1.1408755207927845
60413.2939 lsst_hardware_i 64.57207045569066 34.16703872371451 31.25 AB 8.565861845636869 1.1790587537008765
60415.2322 lsst_hardware_i 42.59003801983487 33.55537863014842 31.260000228881836 AB 18.154743178675705 1.1079536090327442
60415.2499 lsst_hardware_z 140.49837728629086 43.98949208703936 30.950000762939453 AB 18.22130059421497 1.1149356608651873
60420.1393 lsst_hardware_z -23.867963379161868 60.94090153094874 30.959999084472656 AB 9.12962484032401 1.251919758700584
60420.1597 lsst_hardware_i -89.56046871124475 62.283755028888315 31.299999237060547 AB 8.547364126553452 1.1833537486575456
60426.2328 lsst_hardware_y 164.13173508386436 86.8655454819163 30.780000686645508 AB 3.1851868917806447 1.1285984203315245
60429.1893 lsst_hardware_g -38.56659569738053 48.36033128378807 31.68000030517578 AB 12.182679935079427 1.1083140079675002
60429.2079 lsst_hardware_r 41.448447615664165 49.44987648487109 31.610000610351562 AB 12.22098398150871 1.1123299690394906
60432.1861 lsst_hardware_i 37.09204439353218 33.4954004842323 31.260000228881836 AB 12.840181428823806 1.1079628465634486
60432.2057 lsst_hardware_z 130.63152133373848 43.99982988660295 30.950000762939453 AB 12.893274828720909 1.116752063926629
60436.1821 lsst_hardware_r 43.36167781604504 25.275647158638176 31.5 AB 7.084969650092034 1.1092073712782216
60436.1989 lsst_hardware_u -3.409263326163727 2.794413769277493 28.420000076293945 AB 7.141860295385261 1.1207020026234848
60443.1502 lsst_hardware_g 10.220318516518928 15.329999923706055 31.440000534057617 AB 6.909181869487228 1.1084841760768487
60443.1691 lsst_hardware_i -26.16033808358479 32.029998779296875 31.239999771118164 AB 6.569067271862015 1.1119876888467326
60445.1177 lsst_hardware_r -10.003496003398519 29.950000762939453 31.530000686645508 AB 5.991840623591259 1.1298964027137959
60445.1355 lsst_hardware_z -3.8216689477652417 43.81999969482422 30.940000534057617 AB 7.50570127092333 1.1122441034228623
60452.1339 lsst_hardware_i -24.154926684560444 124.62999725341797 31.329999923706055 AB 2.087791789571747 1.1081697396876724
60452.1448 lsst_hardware_z -97.9135669112964 104.6500015258789 30.989999771118164 AB 2.071380718807421 1.1121507215074329
60458.1109 lsst_hardware_g 61.26452696599308 36.58000183105469 31.649999618530273 AB 10.540020887317866 1.108192712366533
60458.1304 lsst_hardware_i 1.3279484159232295 42.91999816894531 31.280000686645508 AB 10.113358541445788 1.1134177003004528
60460.0756 lsst_hardware_r -63.6430812375908 24.34000015258789 31.489999771118164 AB 10.380833361605891 1.131518474164762
60460.0946 lsst_hardware_z 6.541970099661242 42.84000015258789 30.940000534057617 AB 9.786723765373939 1.1122119590924242
60464.0767 lsst_hardware_g -10.749995104926946 15.039999961853027 31.420000076293945 AB 12.822585349524196 1.1174528620189812
60464.0968 lsst_hardware_r 25.97872651313447 24.149999618530273 31.489999771118164 AB 12.846361819999538 1.1079782786254828
60466.0732 lsst_hardware_i 32.912392133570755 31.860000610351562 31.239999771118164 AB 4.699614351546073 1.1157678897308962
60466.0924 lsst_hardware_z 19.81371453030799 42.540000915527344 30.940000534057617 AB 5.6505606895377225 1.1079530763799457
60485.0287 lsst_hardware_z -22.19786331247684 52.540000915527344 30.959999084472656 AB 5.579388716001277 1.1109156532822613
60485.0482 lsst_hardware_g -142.4386561573771 69.5999984741211 31.700000762939453 AB 5.259726259249947 1.1091788821699957
60487.0035 lsst_hardware_g 22.776612225300713 15.3100004196167 31.43000030517578 AB 9.297034626616881 1.1292402072897947
60487.0226 lsst_hardware_r 25.52460886653782 24.510000228881836 31.5 AB 9.098864808379256 1.1112438701000977
60490.0064 lsst_hardware_i 27.3448751965706 32.209999084472656 31.239999771118164 AB 3.839700705653419 1.1168413919877154
60490.0277 lsst_hardware_r -0.4539046028225998 24.43000030517578 31.489999771118164 AB 3.9271964598798723 1.1079690957484034
60493.006 lsst_hardware_u -1.5269784102694546 2.7799999713897705 28.420000076293945 AB 7.337942703971639 1.111360466070018
60493.0261 lsst_hardware_g 35.24027401544568 15.520000457763672 31.450000762939453 AB 7.41248270336956 1.109099656364454
60497.0117 lsst_hardware_z -48.91512061089197 42.68000030517578 30.940000534057617 AB 3.3248292412645633 1.1082764137548544
60497.0336 lsst_hardware_r -44.048213619698785 24.770000457763672 31.5 AB 3.366199207334445 1.122066402444815
60499.0032 lsst_hardware_u -2.9255344870587927 4.010000228881836 29.209999084472656 AB 2.706777801103401 1.107972902621122
60499.0256 lsst_hardware_g -53.43244949148452 22.200000762939453 32.209999084472656 AB 2.7696847860361533 1.1194037732792375
60500.9699 lsst_hardware_y -81.42485291564685 49.72999954223633 30.030000686645508 AB 6.628335225275218 1.1233990466972108
60501.0007 lsst_hardware_r -32.33809575695807 36.189998626708984 32.279998779296875 AB 5.57826258134043 1.1082640890080322
60501.0321 lsst_hardware_z 19.358400130329123 43.5 30.940000534057617 AB 5.701780525039509 1.1344945498337606
60505.971 lsst_hardware_z -41.60431804656756 59.130001068115234 30.969999313354492 AB 4.726622542767916 1.111100738779482
60505.9957 lsst_hardware_g -49.563941203552005 60.040000915527344 31.68000030517578 AB 4.71310175129009 1.1112311579591048
60507.9626 lsst_hardware_y -46.343158103617014 64.9800033569336 30.040000915527344 AB 2.2166967370182196 1.1127995667762147
60507.986 lsst_hardware_i 2.4338308549203727 66.94000244140625 31.31999969482422 AB 2.2465017674269774 1.1093835888528283
60510.9646 lsst_hardware_y 0.25425291070094097 60.130001068115234 30.040000915527344 AB 6.040096919978554 1.1084780546849136
60510.9859 lsst_hardware_r 55.63426069631113 82.30000305175781 31.639999389648438 AB 6.112413448230511 1.1135750497777464
60513.9648 lsst_hardware_y 107.70917909388797 56.900001525878906 30.040000915527344 AB 6.25415310413689 1.108204678681118
60513.9864 lsst_hardware_g 7.2505794186312835 39.45000076293945 31.649999618530273 AB 6.38123512775947 1.1212197132059512
60724.3789 lsst_hardware_r -93.84189830451382 82.62000274658203 31.6299991607666 AB 5.008298114502674 1.1087664632505367
60727.3757 lsst_hardware_r 9.2998436895037 36.470001220703125 31.579999923706055 AB 5.7761193184631034 1.1079512759200325
60727.3924 lsst_hardware_y 91.02879818507537 60.88999938964844 30.040000915527344 AB 5.798006109299827 1.1128432576509906
60729.3713 lsst_hardware_g 22.961016005587496 18.309999465942383 31.520000457763672 AB 10.87969729791284 1.1079121484636234
60729.3893 lsst_hardware_z -33.333917260645194 46.95000076293945 30.959999084472656 AB 10.810541768186074 1.1144888420810386
60731.3754 lsst_hardware_i -42.206622656323695 32.209999084472656 31.25 AB 8.988548442533524 1.1096973385843858
60731.3945 lsst_hardware_y -100.45648960925107 57.33000183105469 30.030000686645508 AB 9.112122440606935 1.1249533877292512
60733.3414 lsst_hardware_z -49.59418293329415 42.880001068115234 30.940000534057617 AB 5.802035699055343 1.1157760959721814
60733.3589 lsst_hardware_r 43.43462860956711 24.350000381469727 31.489999771118164 AB 5.761480491416222 1.1079770175800427
60738.3478 lsst_hardware_r -13.710418261997468 24.260000228881836 31.5 AB 7.9813537995042925 1.1079186738007276
60738.3665 lsst_hardware_z -6.011835761141003 42.58000183105469 30.940000534057617 AB 8.149174805314685 1.115879473541122
60740.3401 lsst_hardware_r -44.51708520593752 24.209999084472656 31.489999771118164 AB 7.914115686921872 1.1079540370883203
60740.3587 lsst_hardware_u 8.375537427996818 2.740000009536743 28.399999618530273 AB 7.95527444015594 1.1140670714078968
60742.3424 lsst_hardware_g 7.4243382573408425 15.020000457763672 31.420000076293945 AB 9.014238495971112 1.108728328891633
60742.3604 lsst_hardware_r 35.000468454605084 24.219999313354492 31.489999771118164 AB 9.13264562298943 1.1203638131619356
60749.1657 lsst_hardware_z 68.5927228499729 144.2100067138672 31.649999618530273 AB 18.385042895249356 1.851651011708063
60749.1931 lsst_hardware_r 88.4292775734513 197.92999267578125 32.290000915527344 AB 15.56224758878202 1.5308383561389376
60751.3379 lsst_hardware_z 65.62743191074128 148.74000549316406 32.18000030517578 AB 9.917088239602675 1.1226045098033366
60753.3049 lsst_hardware_r 117.87104854018175 83.04000091552734 31.639999389648438 AB 6.093642037754583 1.1079349159553786
60753.325 lsst_hardware_z 43.42365235540961 66.12999725341797 30.979999542236328 AB 6.134870225727449 1.1154309501322635
60755.3052 lsst_hardware_r 48.84925959992898 46.689998626708984 31.6200008392334 AB 4.351060061423603 1.1083385496844176
60755.3254 lsst_hardware_y 86.50828967790743 50.47999954223633 30.030000686645508 AB 4.426903623493117 1.1208769777169338
60757.3044 lsst_hardware_g 38.18947377270597 24.09000015258789 31.600000381469727 AB 6.868953633893188 1.10968556282604
60757.3248 lsst_hardware_r 6.990768878435399 30.110000610351562 31.559999465942383 AB 6.936915703870447 1.1265494024582643
60759.2826 lsst_hardware_i -24.062642188951408 32.20000076293945 31.25 AB 7.21199848005958 1.1089695253807659
60759.2993 lsst_hardware_z -60.250300401339864 42.86000061035156 30.950000762939453 AB 6.823496472751921 1.1098274261378311
60763.277 lsst_hardware_g 9.90733000257985 15.300000190734863 31.450000762939453 AB 8.78510298420852 1.107971116686659
60763.296 lsst_hardware_i 28.581311267427456 32.20000076293945 31.260000228881836 AB 8.295818951210244 1.11413093623558
60766.2764 lsst_hardware_z -56.517073303254605 42.630001068115234 30.950000762939453 AB 5.217832293644878 1.1086045949670422
60766.2949 lsst_hardware_r -23.94118073381138 24.510000228881836 31.510000228881836 AB 5.664014948380725 1.1203853849924783
60770.278 lsst_hardware_r 29.238125675750002 24.3799991607666 31.5 AB 7.750502049594672 1.1149662486229988
60770.2976 lsst_hardware_i 2.52763399631649 32.08000183105469 31.239999771118164 AB 7.870880724071838 1.1387269566075642
60772.2453 lsst_hardware_i 54.914240198036374 36.9900016784668 31.270000457763672 AB 9.509549841997352 1.1095784734694756
60772.2616 lsst_hardware_z 33.70774651875489 42.83000183105469 30.940000534057617 AB 8.872323546667568 1.109040443333446
60774.2448 lsst_hardware_r -25.676368315590928 63.790000915527344 31.6299991607666 AB 8.127043505535816 1.1082332053003388
60774.2633 lsst_hardware_z -45.256381585833765 54.619998931884766 30.969999313354492 AB 5.6095379002701495 1.1123414436387367
60777.2496 lsst_hardware_i 6.244967659920294 110.27999877929688 31.329999923706055 AB 7.584640141719196 1.1096090423727754
60777.2671 lsst_hardware_z -109.73419798096843 92.86000061035156 30.989999771118164 AB 6.601573952383261 1.122812135791013
60779.2529 lsst_hardware_r -185.7464010762989 161.32000732421875 31.649999618530273 AB 7.854881433462295 1.114562814255026
60779.2714 lsst_hardware_z 143.03343153330235 106.25 30.989999771118164 AB 8.048005543966422 1.1360820925983093
60781.187 lsst_hardware_y -90.21467859959563 82.45999908447266 30.770000457763672 AB 19.606293287532587 1.1471930071500578
60783.227 lsst_hardware_r -4.410218071663297 57.79999923706055 31.6200008392334 AB 13.159766998897918 1.1080664906871862
60783.2444 lsst_hardware_i -63.320782797478934 51.13999938964844 31.299999237060547 AB 13.279808232761908 1.1165132195024305
60785.2249 lsst_hardware_z 13.18813152515241 45.59000015258789 30.950000762939453 AB 3.0061423066049224 1.108698026224291
60785.2422 lsst_hardware_r 9.758244563960382 37.130001068115234 31.56999969482422 AB 3.026686365549095 1.1195436898646551
60791.2166 lsst_hardware_u -1.5093160373231553 2.7899999618530273 28.40999984741211 AB 6.579961496198315 1.1121688257701812
60791.2338 lsst_hardware_r -0.909295734956879 24.959999084472656 31.5 AB 6.683438531026798 1.1289592113220943
60793.2185 lsst_hardware_i -16.65722015799895 32.349998474121094 31.25 AB 2.3880954836833017 1.1177605821124743
60793.2365 lsst_hardware_z -8.780816479444761 43.209999084472656 30.940000534057617 AB 2.457620783701512 1.1416192236448783
60796.1852 lsst_hardware_z 38.53035488535052 42.689998626708984 30.940000534057617 AB 10.69975595648726 1.108160975944825
