data/validation/pwv_sim_epoch_fit_epoch/63602181.ecsv
# %ECSV 0.9
# ---
# datatype:
# - {name: time, datatype: float64}
# - {name: band, datatype: string}
# - {name: flux, datatype: float64}
# - {name: fluxerr, datatype: float64}
# - {name: zp, datatype: float64}
# - {name: zpsys, datatype: string}
# - {name: pwv, datatype: float64}
# - {name: airmass, datatype: float64}
# meta: {SNID: '63602181', alt: 1024.0, c: 0.01258433423936367, dec: -45.191612, lat: -30.244573, lon: -70.7499537, ra: 203.158997, t0: 61225.32421875,
#   x0: 1.7279123933501843e-05, x1: -1.634496808052063, z: 0.365444540977478}
# schema: astropy-2.0
time band flux fluxerr zp zpsys pwv airmass
[from data line 133]
61502.2292 lsst_hardware_z -24.809651404021125 40.84000015258789 30.950000762939453 AB 8.893985181131747 1.0368971356609284
61502.2411 lsst_hardware_r -2.3271040103797667 22.6299991607666 31.5 AB 9.055400952414658 1.0416988106118419
61504.2106 lsst_hardware_r -29.253454068605386 22.540000915527344 31.5 AB 7.57225087346132 1.0358756324844487
61504.2225 lsst_hardware_u -1.5934137814927152 2.700000047683716 28.459999084472656 AB 7.769048357820544 1.0366102594494588
61512.1992 lsst_hardware_y 60.093275537581775 70.1500015258789 30.809999465942383 AB 14.144125059739117 1.0363261736284615
61514.1964 lsst_hardware_r 47.87657753441822 96.45999908447266 31.65999984741211 AB 9.261520711202214 1.0368921530678699
61514.2077 lsst_hardware_i -45.63196137913465 76.66999816894531 31.34000015258789 AB 9.426836657552546 1.041351743446843
61517.1968 lsst_hardware_z 65.61287641909945 83.37999725341797 31.0 AB 9.577677500389353 1.0399780118778819
61517.2095 lsst_hardware_r -91.09727546112494 120.70999908447266 31.65999984741211 AB 8.75523167028689 1.0481123308403968
61519.19 lsst_hardware_z 20.444148637257133 59.709999084472656 30.979999542236328 AB 8.212066506046348 1.0393705234839068
61519.2018 lsst_hardware_r 43.57549206935369 77.88999938964844 31.649999618530273 AB 8.282409589906225 1.046364321512604
61521.1861 lsst_hardware_i -12.681212878662064 44.66999816894531 31.309999465942383 AB 6.659399993036324 1.0400843376730817
61521.1981 lsst_hardware_z 24.266046011253064 48.029998779296875 30.959999084472656 AB 6.730345243769759 1.0477283897676215
61523.1862 lsst_hardware_r 7.107274226027855 29.860000610351562 31.559999465942383 AB 2.3395224286245493 1.0431490039569944
61523.199 lsst_hardware_z -46.02492090761707 43.29999923706055 30.950000762939453 AB 2.3671649557289034 1.0533607545795545
61525.1326 lsst_hardware_r 32.07527535433681 22.709999084472656 31.489999771118164 AB 10.911336868916978 1.0433483332297742
61525.1441 lsst_hardware_u 4.335642027291641 2.6600000858306885 28.40999984741211 AB 10.816634091139075 1.0378156959596139
61531.1358 lsst_hardware_r -23.887274219600602 22.799999237060547 31.5 AB 3.698773990440919 1.0359985968604213
61531.1488 lsst_hardware_u -0.18424973372690862 2.7300000190734863 28.469999313354492 AB 3.664115571407106 1.0366226626010295
61534.1267 lsst_hardware_g -1.1388863654056922 13.960000038146973 31.43000030517578 AB 7.8745071095103745 1.036119356514523
61534.1384 lsst_hardware_i 23.528375738492112 30.540000915527344 31.260000228881836 AB 7.8751883321746075 1.0362089910756063
61536.1273 lsst_hardware_z 9.288523498323029 41.13999938964844 30.950000762939453 AB 8.038775119193971 1.0357244242986499
61536.1387 lsst_hardware_r -0.6157597947794163 22.709999084472656 31.5 AB 8.051698017703597 1.0375565243005826
61540.1083 lsst_hardware_r 45.78292636659566 48.779998779296875 31.6299991607666 AB 6.772685204452019 1.0364636278859338
61540.1214 lsst_hardware_y -30.53824687339049 49.0 30.059999465942383 AB 6.937842615690745 1.0361174754615248
61542.1091 lsst_hardware_z 51.044157346854234 62.810001373291016 30.989999771118164 AB 8.825062419521949 1.0357446651630713
61542.1221 lsst_hardware_r -99.1765807050785 83.25 31.65999984741211 AB 8.860955527637117 1.0374914998843328
61546.0908 lsst_hardware_z 145.78817095497158 132.47000122070312 32.189998626708984 AB 7.445233051411274 1.0366998911224796
61546.1 lsst_hardware_i 81.7133272799483 155.6999969482422 32.529998779296875 AB 7.457231807554763 1.0357266399381615
61550.1044 lsst_hardware_y 93.11574519077665 48.459999084472656 30.049999237060547 AB 5.932536594446038 1.0389731338784656
61550.116 lsst_hardware_g -37.85069854606464 46.5 31.700000762939453 AB 5.9828277074325875 1.0455224047473504
61552.101 lsst_hardware_r -12.992896830812818 22.540000915527344 31.5 AB 6.398017167879727 1.039877099557871
61552.1133 lsst_hardware_i 4.033746645788807 30.440000534057617 31.25 AB 6.480177613402895 1.0476118359761106
61558.0015 lsst_hardware_z -33.764506706642976 41.93000030517578 30.950000762939453 AB 11.714701446905025 1.092950741814014
61558.015 lsst_hardware_r 25.76452468751102 22.719999313354492 31.5 AB 11.362018311343984 1.0711811361689436
61561.09 lsst_hardware_z -48.133134769802325 40.939998626708984 30.940000534057617 AB 9.53744887075683 1.0486474844152645
61561.1027 lsst_hardware_r 8.767411562352395 22.43000030517578 31.479999542236328 AB 9.609732653592667 1.0614091015980054
61563.0867 lsst_hardware_u 3.0029412582858885 2.7300000190734863 28.479999542236328 AB 4.524165423617584 1.050502807341544
61563.0984 lsst_hardware_g 8.567703952566115 13.720000267028809 31.420000076293945 AB 4.546674681186061 1.0628038057937403
61572.0337 lsst_hardware_z 55.94228835222748 96.22000122070312 31.739999771118164 AB 9.490992681065878 1.0360780176918158
61574.0308 lsst_hardware_r 107.71548314682916 104.25 31.65999984741211 AB 5.202839199707481 1.0365081828918365
61574.0445 lsst_hardware_i 20.865214161490247 81.91999816894531 31.34000015258789 AB 5.751635280292573 1.0417112920114537
61578.0222 lsst_hardware_u 1.8181323333459443 5.929999828338623 28.979999542236328 AB 3.2108663623231597 1.037045711037248
61578.0342 lsst_hardware_g 17.406158468394466 39.7599983215332 31.690000534057617 AB 3.2045248910989113 1.0420654352931085
61580.0156 lsst_hardware_r -33.59638950260258 22.219999313354492 31.489999771118164 AB 4.221966653780093 1.0367650939358077
61580.028 lsst_hardware_z 9.18424434957423 40.95000076293945 30.950000762939453 AB 4.185598511520188 1.0416471129273563
61582.0171 lsst_hardware_r -6.389474021007736 22.299999237060547 31.5 AB 4.232406464527227 1.0390098108573302
61582.0315 lsst_hardware_u -0.8853927352671488 2.759999990463257 28.510000228881836 AB 4.259461498754621 1.047709137561119
61585.0001 lsst_hardware_u -2.376078992446387 2.7100000381469727 28.479999542236328 AB 4.628479019160876 1.0363813298613693
61585.0131 lsst_hardware_g -1.9541146583143698 13.600000381469727 31.420000076293945 AB 4.5576427480126425 1.0409736191429548
61586.999 lsst_hardware_r -20.24401337830424 22.25 31.489999771118164 AB 8.097661391238393 1.03743019553363
61587.0108 lsst_hardware_i 11.496812931768721 30.18000030517578 31.25 AB 8.537350733229728 1.0427617005990888
61588.9983 lsst_hardware_z -4.219796126496635 40.869998931884766 30.950000762939453 AB 7.585730886507619 1.039141217329811
61589.0103 lsst_hardware_r -24.275442422014702 22.329999923706055 31.489999771118164 AB 6.783646431954112 1.0461056490110536
61590.9995 lsst_hardware_u 0.5362812668328637 2.630000114440918 28.40999984741211 AB 5.1084196044690255 1.042534613156944
61591.0114 lsst_hardware_g 12.72711535160793 13.569999694824219 31.399999618530273 AB 3.938409720884096 1.0515511892712965
61595.9935 lsst_hardware_r -55.115544271174564 31.950000762939453 31.56999969482422 AB 8.354849767919527 1.0478928593903833
61596.0047 lsst_hardware_y -9.956252370715722 47.900001525878906 30.040000915527344 AB 8.67698884766723 1.0586212221883944
