data/validation/pwv_sim_epoch_fit_epoch/63648429.ecsv
# %ECSV 0.9
# ---
# datatype:
# - {name: time, datatype: float64}
# - {name: band, datatype: string}
# - {name: flux, datatype: float64}
# - {name: fluxerr, datatype: float64}
# - {name: zp, datatype: float64}
# - {name: zpsys, datatype: string}
# - {name: pwv, datatype: float64}
# - {name: airmass, datatype: float64}
# meta: {SNID: '63648429', alt: 1024.0, c: 0.09937646985054016, dec: -40.423901, lat: -30.244573, lon: -70.7499537, ra: 91.40625, t0: 61108.4921875,
#   x0: 9.508086887679326e-06, x1: 0.3225495219230652, z: 0.4701499938964844}
# schema: astropy-2.0
time band flux fluxerr zp zpsys pwv airmass
60972.3274 lsst_hardware_z 98.71293673921822 70.01000213623047 32.13999938964844 AB 3.2700996311582005 1.0298715474867977
60979.3053 lsst_hardware_g 28.52016215968096 17.899999618530273 32.130001068115234 AB 3.5658341547458363 1.0326272951625917
60979.3154 lsst_hardware_y -81.59266051601284 46.599998474121094 30.059999465942383 AB 3.5152055507774236 1.024343531066696
60982.3651 lsst_hardware_z -74.71879767272881 62.86000061035156 30.989999771118164 AB 5.0316789815351415 1.0308705145533992
60991.3579 lsst_hardware_r -34.211897766899206 36.20000076293945 31.59000015258789 AB 3.787255473589896 1.0511394597807093
60993.2086 lsst_hardware_u 1.9786895142606888 2.5399999618530273 28.329999923706055 AB 8.344014542632635 1.1446621225916627
60993.2206 lsst_hardware_r -14.639670792380764 21.75 31.469999313354492 AB 7.95156782833986 1.1115632667001005
60995.3398 lsst_hardware_i 3.301369580838622 30.260000228881836 31.25 AB 4.145316028805534 1.0416675534125963
60995.3524 lsst_hardware_z -128.14101986273147 50.43000030517578 30.969999313354492 AB 4.22604234157235 1.0593576089671866
60997.3388 lsst_hardware_r 19.70097589981666 21.690000534057617 31.479999542236328 AB 3.8536112983058217 1.047366723583753
60997.3518 lsst_hardware_u -12.960512766192897 6.650000095367432 29.010000228881836 AB 3.9169591317851973 1.067533717497669
60999.3408 lsst_hardware_g 17.352583992440454 13.630000114440918 31.40999984741211 AB 5.296236801620204 1.0582772728239742
60999.3529 lsst_hardware_r 24.892596661930572 27.81999969482422 31.540000915527344 AB 5.41623236011368 1.0798270197933904
61006.3295 lsst_hardware_u -2.586604175311837 2.75 28.469999313354492 AB 4.105401064577172 1.0716264851415223
61006.3415 lsst_hardware_r -1.2357090973995217 23.059999465942383 31.489999771118164 AB 4.31451767873044 1.0962145277316384
61009.3214 lsst_hardware_i 30.924256235839255 29.969999313354492 31.239999771118164 AB 6.246415043913729 1.0717939334100428
61009.3337 lsst_hardware_z 62.78242979032085 41.959999084472656 30.940000534057617 AB 6.735663927064114 1.0971030095389431
61011.3149 lsst_hardware_r 13.284466961770335 21.6299991607666 31.479999542236328 AB 6.97733904218289 1.0698978827237091
61011.3268 lsst_hardware_z -80.29428052230483 41.720001220703125 30.940000534057617 AB 7.1438142548505486 1.09385952607125
61013.3176 lsst_hardware_y -86.75227137370057 73.25 30.790000915527344 AB 3.8997927130703065 1.0857891544511293
61015.3099 lsst_hardware_r -110.28291616040362 77.38999938964844 31.639999389648438 AB 4.7234815492744175 1.081197493396147
61015.3215 lsst_hardware_i -26.29626998200686 62.709999084472656 31.309999465942383 AB 4.810065269745921 1.1069708922953259
61017.2847 lsst_hardware_z -41.47909167396278 49.380001068115234 30.969999313354492 AB 6.784235038301743 1.048055053678156
61017.2974 lsst_hardware_r 78.74415561678904 55.5 31.639999389648438 AB 5.895698244240892 1.0679000593341994
61020.22 lsst_hardware_z 80.43329988629141 41.83000183105469 30.950000762939453 AB 9.663468014946405 1.0169217077606232
61020.2321 lsst_hardware_r 9.376737411978054 30.0 31.56999969482422 AB 9.67937216487411 1.01618927034078
61022.2142 lsst_hardware_u -0.9001117967649831 2.7200000286102295 28.530000686645508 AB 11.060381368996014 1.0169998040546484
61022.2269 lsst_hardware_g -2.984317820152245 13.479999542236328 31.43000030517578 AB 10.992424526242479 1.0162174841677722
61024.2189 lsst_hardware_r 23.16489204773896 21.309999465942383 31.489999771118164 AB 8.202886256511956 1.0160267342635079
61024.2312 lsst_hardware_z 23.193333887589326 40.20000076293945 30.950000762939453 AB 8.220225760160515 1.0185760373111932
61028.2167 lsst_hardware_g 2.020384519644675 12.729999542236328 31.399999618530273 AB 5.263586859362551 1.0174131360515224
61028.228 lsst_hardware_r 14.63504953258824 21.389999389648438 31.489999771118164 AB 5.2322928369440165 1.0222816073743368
61032.2202 lsst_hardware_r 9.676300697593472 21.43000030517578 31.489999771118164 AB 6.940556678128868 1.024247434514498
61032.2334 lsst_hardware_u -0.436085814120653 2.6600000858306885 28.469999313354492 AB 6.976056782386263 1.035599448118158
61034.2023 lsst_hardware_u 1.3579119696736819 2.609999895095825 28.450000762939453 AB 6.864995205885057 1.0180166391169359
61034.2147 lsst_hardware_g 10.482005183526178 12.729999542236328 31.389999389648438 AB 6.849481647872241 1.024221554821938
61036.2031 lsst_hardware_r 26.990968223543504 21.3700008392334 31.489999771118164 AB 5.662577375620101 1.0206213540124547
61038.1951 lsst_hardware_r 11.596968842787142 29.700000762939453 31.559999465942383 AB 7.195183479017695 1.0194365937967382
61038.2065 lsst_hardware_y -3.506484686458123 47.13999938964844 30.049999237060547 AB 7.236186643614138 1.0261547337347663
61040.198 lsst_hardware_z -11.911799203410009 48.18000030517578 30.969999313354492 AB 6.74081114870674 1.024011416005022
61040.2106 lsst_hardware_r -17.58191259700866 50.220001220703125 31.6299991607666 AB 6.863345888986682 1.034610271563736
61043.1965 lsst_hardware_r -19.165124386081494 84.05000305175781 31.65999984741211 AB 3.8917132589453827 1.029077347509852
61043.2092 lsst_hardware_z -47.480258371795784 59.83000183105469 30.979999542236328 AB 3.6988874962000424 1.0422337267399373
61048.1863 lsst_hardware_r 23.59951677675669 41.66999816894531 31.6200008392334 AB 6.928055650614137 1.0321894592690848
61048.1988 lsst_hardware_z -63.69670367386975 45.470001220703125 30.969999313354492 AB 7.0232694034989915 1.0463750601160535
61054.1572 lsst_hardware_r 14.602026682398078 21.360000610351562 31.489999771118164 AB 7.636146566925209 1.0224015219144278
61054.1717 lsst_hardware_u -0.33299628972116174 2.5799999237060547 28.40999984741211 AB 8.21941778106633 1.0339323805274432
61056.1534 lsst_hardware_g -9.057185255542443 12.670000076293945 31.3799991607666 AB 4.516278819359523 1.023422638699165
61056.1663 lsst_hardware_r 18.99853454970426 21.420000076293945 31.489999771118164 AB 4.496151490804144 1.0339942102270936
61058.1566 lsst_hardware_i 23.580502015146315 29.3799991607666 31.239999771118164 AB 4.498515295291537 1.029997777971745
61058.17 lsst_hardware_z -42.68164469915951 40.58000183105469 30.940000534057617 AB 6.478280552764131 1.0444347408798578
61066.1035 lsst_hardware_i -20.448220565845805 32.31999969482422 31.260000228881836 AB 13.89672072474707 1.0160154552248486
61066.1179 lsst_hardware_r -11.81250237328632 26.479999542236328 31.530000686645508 AB 13.927760444921029 1.0191292796107976
61068.1027 lsst_hardware_z -35.76535957251957 63.650001525878906 31.709999084472656 AB 12.620510369158954 1.0164101209381644
61070.0957 lsst_hardware_r -85.81270022587812 59.849998474121094 31.649999618530273 AB 12.843611491274721 1.016215699805469
61070.1066 lsst_hardware_i -148.8910275863785 50.47999954223633 31.31999969482422 AB 12.958837767705608 1.0189768246672273
61073.0884 lsst_hardware_z -9.171493346461357 58.040000915527344 30.989999771118164 AB 6.21565217206802 1.0163213798176134
61073.101 lsst_hardware_r 32.99860277721623 81.75 31.65999984741211 AB 6.1393583083220715 1.0201093838253235
61075.0889 lsst_hardware_z -6.4188822988390335 50.47999954223633 30.969999313354492 AB 10.65741851774433 1.0175765612104721
61075.1024 lsst_hardware_g -89.11870191856931 67.0 31.729999542236328 AB 10.740983546351107 1.0239991940654594
61077.086 lsst_hardware_r 19.61424871398419 46.91999816894531 32.34000015258789 AB 4.430091560563237 1.018411853003043
61077.1005 lsst_hardware_z 38.54314646562239 62.88999938964844 31.709999084472656 AB 4.441816085296053 1.0265348013163855
61079.0878 lsst_hardware_r -0.6066023834320519 21.209999084472656 31.479999542236328 AB 8.877759511655212 1.0217533605702853
61079.0997 lsst_hardware_u 1.1518782236289125 2.520076964435645 28.3700008392334 AB 8.69121045006618 1.0303950423915944
61081.0715 lsst_hardware_u 2.831502139573637 2.570238214878331 28.389999389648438 AB 2.644969188962681 1.0172958419087235
61081.0844 lsst_hardware_g -16.081958494466043 12.699571629184181 31.3799991607666 AB 3.5053660746282618 1.0229667532961662
61085.0626 lsst_hardware_z 81.14950699460056 41.26972496233289 30.940000534057617 AB 2.5813571045405816 1.0178852935885574
61085.0742 lsst_hardware_r 155.4072264758864 23.982188046481188 31.469999313354492 AB 2.6114283184000935 1.0234206342521595
61087.0682 lsst_hardware_u 2.2121322521612634 2.9758930474417555 28.520000457763672 AB 2.455396127716222 1.0230817198817592
61087.0808 lsst_hardware_g 42.80765898453783 14.604494216991455 31.399999618530273 AB 2.4795744892679816 1.0331560371949924
61089.0632 lsst_hardware_r 637.8115145122446 33.175810900408365 31.479999542236328 AB 4.639285929241229 1.0233718961561826
61089.0754 lsst_hardware_z 336.6480771987788 44.88650707255985 30.950000762939453 AB 4.71663270822616 1.0332163654383701
61095.0507 lsst_hardware_i 1473.0207985928514 49.11166819709755 31.260000228881836 AB 8.11947372549083 1.0260497546955554
61095.0621 lsst_hardware_z 994.5626609494682 52.46911899236119 30.950000762939453 AB 8.20080686893255 1.036382311907647
61098.048 lsst_hardware_r 2889.174233302411 71.59652776604294 31.6200008392334 AB 8.105884475064533 1.0305618810075052
61098.0608 lsst_hardware_z 1404.3649094882812 60.22285009943891 30.959999084472656 AB 8.224709745852147 1.0444739025782142
61340.368 lsst_hardware_i -1.4026291971973472 63.38999938964844 31.329999923706055 AB 3.1460523078608515 1.019514655531467
61345.2387 lsst_hardware_i 2.8444369849056916 34.970001220703125 31.25 AB 5.7260026161944415 1.163801957865462
61345.2475 lsst_hardware_z -80.82041065201415 44.369998931884766 30.950000762939453 AB 5.570137005632472 1.1366080136646317
61355.3539 lsst_hardware_r 25.018540405269103 24.020000457763672 31.520000457763672 AB 2.5170322567049563 1.0413869494021335
61358.3519 lsst_hardware_z 3.0101990812180017 45.86000061035156 30.959999084472656 AB 6.149933001171265 1.0494169275645022
61360.3532 lsst_hardware_r 0.6030834344320108 25.610000610351562 31.530000686645508 AB 4.223005588475012 1.0595481111838285
61362.3379 lsst_hardware_g 8.130493631971198 13.170000076293945 31.389999389648438 AB 3.833031893428792 1.0452773093615466
61362.3508 lsst_hardware_r -4.988513311906052 25.239999771118164 31.520000457763672 AB 3.931454637527512 1.0646174042137957
61365.3363 lsst_hardware_r 8.952522034790265 21.670000076293945 31.469999313354492 AB 3.881962660029439 1.0544990927279665
61365.3476 lsst_hardware_g -7.987107365530626 17.860000610351562 31.5 AB 3.9320581992164083 1.0735506550463436
61367.3374 lsst_hardware_r 73.73877945742805 47.22999954223633 31.6200008392334 AB 7.041473879119514 1.0650476643865305
61367.3489 lsst_hardware_i 53.16603999241782 34.779998779296875 31.260000228881836 AB 7.204026562120515 1.087017386900792
61373.3205 lsst_hardware_y -61.79691916135182 48.63999938964844 30.040000915527344 AB 4.78191113716846 1.0641643388910393
61373.3321 lsst_hardware_r 17.164635174493338 44.18000030517578 31.610000610351562 AB 4.873954109466279 1.0861380770969815
61375.3198 lsst_hardware_i -63.06203937245274 33.650001525878906 31.260000228881836 AB 7.490493147290374 1.0726243170344212
61375.3316 lsst_hardware_z 11.630904157675017 43.189998626708984 30.950000762939453 AB 7.602113616485655 1.0969860918449061
61378.315 lsst_hardware_z -21.516518831548336 41.2400016784668 30.950000762939453 AB 3.782315973825078 1.0791201066546419
61378.3267 lsst_hardware_r -16.932124850460685 22.520000457763672 31.489999771118164 AB 4.005416123689912 1.1046884275862776
61380.3058 lsst_hardware_u -6.424531613122902 2.609999895095825 28.40999984741211 AB 4.704115414709899 1.0719798130711709
61380.318 lsst_hardware_r 1.044835807702659 21.780000686645508 31.469999313354492 AB 4.803943756380476 1.0971039123907087
61382.2788 lsst_hardware_i -37.15667513778672 41.900001525878906 32.0 AB 6.688063881297636 1.0397570422289946
61382.2924 lsst_hardware_z 5.07410261921672 57.86000061035156 31.700000762939453 AB 5.842440442621564 1.0583811677101955
61384.222 lsst_hardware_r -39.491051909574686 21.420000076293945 31.5 AB 9.55552269499805 1.0172664331084247
61384.2362 lsst_hardware_z 49.7642252424693 40.22999954223633 30.950000762939453 AB 9.528864498221125 1.016267677296149
61386.2207 lsst_hardware_r 16.849852268964742 21.350000381469727 31.489999771118164 AB 12.749857439028965 1.0164108290042475
61386.2334 lsst_hardware_u 2.761783287876519 2.630000114440918 28.459999084472656 AB 12.773388971547972 1.016686019026826
61388.2227 lsst_hardware_g 0.3043855046890566 12.649999618530273 31.3799991607666 AB 7.868853628593376 1.016046091818158
61388.2354 lsst_hardware_r -12.518998192455697 21.290000915527344 31.479999542236328 AB 7.932832821124661 1.0188803794658667
61393.214 lsst_hardware_r 10.079188821045575 31.1200008392334 31.59000015258789 AB 5.236425325990032 1.01663356326555
61393.2251 lsst_hardware_z -30.071026537673266 42.810001373291016 30.969999313354492 AB 5.258940066503909 1.0203608976531289
61395.2134 lsst_hardware_z -104.939134769389 48.72999954223633 30.969999313354492 AB 6.005339105960279 1.0178540857559795
61395.2264 lsst_hardware_i 25.23584710720285 46.47999954223633 31.309999465942383 AB 6.043291862846825 1.024286756414716
61404.1969 lsst_hardware_r -11.36447845621289 28.209999084472656 31.559999465942383 AB 9.498128493551432 1.0213041390915518
61404.2091 lsst_hardware_z 42.905573249230855 42.34000015258789 30.950000762939453 AB 9.26242173771795 1.0299399623104035
61406.1986 lsst_hardware_r -16.747583867093287 30.309999465942383 32.2400016784668 AB 7.1795240579161215 1.0258668553619201
61406.2122 lsst_hardware_u 1.525231215468504 2.740000009536743 28.479999542236328 AB 7.305657440314546 1.038536462117023
61408.1994 lsst_hardware_g -5.143296631656786 12.739999771118164 31.389999389648438 AB 3.913132250691194 1.0310378317296314
61408.2125 lsst_hardware_r 0.7524063932966301 21.5 31.479999542236328 AB 3.5548428735119053 1.0455420216211486
61410.185 lsst_hardware_r -7.741502284337488 21.309999465942383 31.479999542236328 AB 11.477614170815212 1.0239946027611244
61410.199 lsst_hardware_i -5.7652764484134265 29.530000686645508 31.239999771118164 AB 11.84048148506146 1.036041050733448
61412.1871 lsst_hardware_z 5.923121620926647 40.52000045776367 30.950000762939453 AB 8.20196827204655 1.0298050668538696
61412.1993 lsst_hardware_r 9.480377225087823 21.450000762939453 31.479999542236328 AB 8.320809281272128 1.0426534890123251
61414.165 lsst_hardware_u 0.24311847700201894 3.559999942779541 29.1200008392334 AB 6.522408056122412 1.0191262587691268
61414.1781 lsst_hardware_g -18.27836686801965 17.860000610351562 32.130001068115234 AB 7.726369150073586 1.0268851111528872
61419.1524 lsst_hardware_r -28.075923680682173 21.350000381469727 31.489999771118164 AB 7.526253555357218 1.0195757856005985
61419.1642 lsst_hardware_u -4.461378456138717 2.680000066757202 28.5 AB 7.41599128148312 1.0266953018966456
61421.1509 lsst_hardware_g -5.381196297451049 18.8799991607666 31.549999237060547 AB 4.502845704060279 1.0215360326821694
61421.1638 lsst_hardware_r 20.207434059902003 25.149999618530273 31.530000686645508 AB 4.4863355067473965 1.0309464971460889
61423.1572 lsst_hardware_i -31.85393895122326 40.880001068115234 31.299999237060547 AB 4.45494834865447 1.0299267942791515
61423.1708 lsst_hardware_z 64.32291757791324 45.68000030517578 30.969999313354492 AB 6.486708643114312 1.0445865927342577
61427.1028 lsst_hardware_i -96.68018137978677 64.5199966430664 31.329999923706055 AB 11.427674796536113 1.0177912016805861
61427.1156 lsst_hardware_z 74.16757601933018 59.04999923706055 30.979999542236328 AB 11.400285086387607 1.0160304581429038
61429.1102 lsst_hardware_g -157.42552346123426 75.12000274658203 31.739999771118164 AB 13.199369551328415 1.0160330137718878
61429.123 lsst_hardware_r -49.94954813461329 69.41999816894531 31.649999618530273 AB 13.237449247369026 1.0187159126051153
61431.1006 lsst_hardware_i -63.08387242874527 38.65999984741211 31.299999237060547 AB 13.870439748628726 1.0161122119064303
61431.1153 lsst_hardware_r 52.95684474227312 41.119998931884766 31.6200008392334 AB 13.893512206028571 1.0179267243375067
61433.0961 lsst_hardware_u -0.664289622441679 2.5999999046325684 28.43000030517578 AB 12.684662684479234 1.016053241843061
61433.108 lsst_hardware_g -10.46341784656003 12.609999656677246 31.3799991607666 AB 12.658503774339975 1.0173806003206796
61435.0966 lsst_hardware_r -3.145694090912822 21.3700008392334 31.5 AB 12.931498071872369 1.0162410566115365
61435.1085 lsst_hardware_i 59.88965609991231 29.479999542236328 31.260000228881836 AB 12.920473200811628 1.019487371350584
61437.0983 lsst_hardware_z -8.044649550105197 40.25 30.950000762939453 AB 7.743434730124459 1.0177347348523966
61437.1112 lsst_hardware_r -23.35679722635645 21.329999923706055 31.489999771118164 AB 7.821111221329103 1.0239513698307756
61439.0856 lsst_hardware_u 1.585714693831207 2.7799999713897705 28.579999923706055 AB 7.39436814688081 1.0162333821516316
61439.0976 lsst_hardware_g 2.8218872045712016 12.84000015258789 31.420000076293945 AB 7.423305224278381 1.0194980622978915
61441.0876 lsst_hardware_r -4.766636302333357 21.40999984741211 31.5 AB 6.273744800792139 1.0178041532758175
61441.1006 lsst_hardware_z -13.628414168723275 40.5099983215332 30.959999084472656 AB 6.2991357498955205 1.0241664498651362
61444.0881 lsst_hardware_r -11.684296521710705 21.329999923706055 31.489999771118164 AB 8.859076765598687 1.0215430557927512
61444.1009 lsst_hardware_u 1.2151226839064775 2.6500000953674316 28.469999313354492 AB 8.903999023547632 1.0308636675951512
61446.0832 lsst_hardware_g -5.725391854757243 12.680000305175781 31.389999389648438 AB 2.6568257276574436 1.0218560490990167
61446.0968 lsst_hardware_r 27.95830602011455 21.350000381469727 31.489999771118164 AB 3.587076894555906 1.0321285873317558
61451.0719 lsst_hardware_z -3.0780450760427267 43.20000076293945 30.959999084472656 AB 1.7450045043676006 1.0232630009974202
61451.0836 lsst_hardware_r 8.000016636608352 34.41999816894531 31.59000015258789 AB 1.547036758967203 1.0325624955562842
61453.0695 lsst_hardware_z 275.4508587439273 67.41000366210938 31.719999313354492 AB 1.288147602620317 1.0253231116638233
61455.0564 lsst_hardware_r -54.217376521036115 69.41000366210938 31.649999618530273 AB 2.9874999519298666 1.0206696111820521
61455.0686 lsst_hardware_z -67.65386531664672 54.34000015258789 30.979999542236328 AB 2.986241796865722 1.0288811496852814
61457.0535 lsst_hardware_r -21.935474225953065 79.05999755859375 31.65999984741211 AB 3.1916915266913723 1.0220499098121354
61457.0653 lsst_hardware_y 30.732999204730152 52.150001525878906 30.059999465942383 AB 3.3823977910703875 1.03077363671292
61459.0542 lsst_hardware_g -63.65941441874646 91.97000122070312 32.90999984741211 AB 7.237196419849817 1.0261160385438561
61459.0674 lsst_hardware_r 2.94382896889474 83.02999877929688 32.38999938964844 AB 7.4140714939476595 1.038458084452365
61465.0505 lsst_hardware_g 11.04154980768498 12.710000038146973 31.3799991607666 AB 3.9846860535824646 1.0378813709923722
61465.0632 lsst_hardware_i 28.452161311832693 29.670000076293945 31.239999771118164 AB 3.9857934060945177 1.0544427000250047
