data/validation/pwv_sim_epoch_fit_epoch/63747919.ecsv
# %ECSV 0.9
# ---
# datatype:
# - {name: time, datatype: float64}
# - {name: band, datatype: string}
# - {name: flux, datatype: float64}
# - {name: fluxerr, datatype: float64}
# - {name: zp, datatype: float64}
# - {name: zpsys, datatype: string}
# - {name: pwv, datatype: float64}
# - {name: airmass, datatype: float64}
# meta: {SNID: '63747919', alt: 1024.0, c: -0.01477030385285616, dec: -59.677784, lat: -30.244573, lon: -70.7499537, ra: 285.091461, t0: 60939.92578125,
#   x0: 2.817299117259999e-06, x1: 0.7020894289016724, z: 0.775280237197876}
# schema: astropy-2.0
time band flux fluxerr zp zpsys pwv airmass
60780.3957 lsst_hardware_z 9.651403006608422 62.779998779296875 30.969999313354492 AB 10.928335012571877 1.156845625889754
60780.4071 lsst_hardware_y -57.44795190940996 55.400001525878906 30.020000457763672 AB 10.848823524520238 1.1509670435349912
60782.4083 lsst_hardware_z 29.397455632438653 60.91999816894531 30.979999542236328 AB 16.855302252546217 1.1489248664017053
60782.4198 lsst_hardware_y -48.11793011908886 66.13999938964844 30.040000915527344 AB 16.231680735558697 1.1477912128857064
60784.3963 lsst_hardware_r -27.062594142754723 75.33999633789062 32.36000061035156 AB 11.163935069839203 1.1509211412205365
60784.4096 lsst_hardware_y -53.39307222513829 73.20999908447266 30.770000457763672 AB 11.134554879580042 1.1478922556268085
60800.3864 lsst_hardware_r 14.84612767181519 22.670000076293945 31.479999542236328 AB 7.64895335591176 1.151141771231829
60800.3984 lsst_hardware_i 0.5709869102177577 31.149999618530273 31.239999771118164 AB 7.767956551936378 1.157539254470272
60802.3757 lsst_hardware_z -40.16302364907424 42.70000076293945 30.940000534057617 AB 7.961484209484535 1.1493961803875652
60802.3873 lsst_hardware_u -1.7680245986696306 2.680000066757202 28.399999618530273 AB 8.012246270828912 1.1541143137507264
60806.3235 lsst_hardware_z -59.22501652696907 60.95000076293945 30.969999313354492 AB 8.827161946910605 1.1576605832013436
60806.3353 lsst_hardware_r 57.82292639175408 82.68000030517578 31.6299991607666 AB 7.921761571852576 1.1512933287581666
60808.3213 lsst_hardware_i -8.1796077402359 82.56999969482422 31.309999465942383 AB 8.019699672074657 1.1555763216245385
60808.3332 lsst_hardware_z 80.99092388990472 71.80999755859375 30.979999542236328 AB 7.949297413115547 1.1500719637030594
60810.3261 lsst_hardware_r -264.5567222006901 99.75 31.6299991607666 AB 8.294168317795187 1.1506360672086138
60810.3398 lsst_hardware_z 16.991365279527212 71.30000305175781 30.979999542236328 AB 8.767640572075825 1.1478222912975065
60812.3244 lsst_hardware_y -19.454374333742354 53.83000183105469 30.010000228881836 AB 7.147958548171324 1.149435872883506
60812.3381 lsst_hardware_r 24.67183998922068 69.2300033569336 31.6200008392334 AB 8.49372976236896 1.1478013192390484
60814.3237 lsst_hardware_i 0.4518352195581995 44.91999816894531 31.280000686645508 AB 8.46558584720554 1.1483821137729222
60814.3366 lsst_hardware_z 33.2425243670444 49.2599983215332 30.950000762939453 AB 9.371790336863809 1.1481285123567226
60819.3976 lsst_hardware_r -36.31402242339935 22.979999542236328 31.450000762939453 AB 8.112964636341323 1.2245368237585392
60819.4104 lsst_hardware_i -4.75487784829892 31.780000686645508 31.219999313354492 AB 8.306197762332149 1.2525682762137553
60824.3103 lsst_hardware_r -45.17870133472684 22.8799991607666 31.479999542236328 AB 9.844217119585425 1.1482703173209141
60824.3244 lsst_hardware_u 3.929742042123459 2.700000047683716 28.420000076293945 AB 9.907625834427227 1.1526749981882225
60826.3012 lsst_hardware_g -5.432010671381233 13.600000381469727 31.3799991607666 AB 8.516848103164818 1.1478747611974687
60828.0912 lsst_hardware_g -4.974916401729936 30.989999771118164 32.06999969482422 AB 16.949024590523017 1.7732351205004069
60828.1033 lsst_hardware_r -4.980370468150834 40.7400016784668 32.150001525878906 AB 15.98070086733557 1.6797478247100848
60830.3145 lsst_hardware_r -12.698720379565607 22.889999389648438 31.459999084472656 AB 13.95704380209435 1.1562458621567684
60830.329 lsst_hardware_g 5.389660407477681 13.680000305175781 31.360000610351562 AB 14.07673458317484 1.167830308673636
60833.2696 lsst_hardware_z -31.757380264263738 52.0099983215332 30.959999084472656 AB 4.422569453022399 1.1488188032788291
60833.2827 lsst_hardware_r -60.15272979919871 56.18000030517578 31.610000610351562 AB 4.440550391708425 1.147923410178826
60847.296 lsst_hardware_g -0.1262623149813464 13.770000457763672 31.360000610351562 AB 3.5221771681333798 1.1831297172096935
60847.3111 lsst_hardware_r -18.281470054683503 23.610000610351562 31.469999313354492 AB 3.6110796181384357 1.205904030101331
60849.1009 lsst_hardware_g 23.578227542553314 13.949999809265137 31.299999237060547 AB 4.422874589228802 1.3821483091340006
60860.0145 lsst_hardware_z 196.36568196187218 73.61000061035156 31.639999389648438 AB 13.35259528211809 1.6902019344453278
60861.2151 lsst_hardware_y 112.21427952494368 70.98999786376953 30.760000228881836 AB 4.160225690735039 1.1495511717974685
60863.146 lsst_hardware_z 94.95227252910283 84.20999908447266 31.719999313354492 AB 2.1209326113759754 1.1782958952088751
60865.1958 lsst_hardware_i 15.634253258169265 91.68000030517578 31.31999969482422 AB 2.9734601033147285 1.1479802213427945
60867.1841 lsst_hardware_r 194.17152930494225 121.2699966430664 31.6299991607666 AB 8.961095735950543 1.147852830121125
60867.1957 lsst_hardware_z 30.74209327471359 78.20999908447266 30.979999542236328 AB 8.977508240126104 1.1488024535223644
60870.1878 lsst_hardware_z -12.121779288200218 54.790000915527344 30.959999084472656 AB 8.326421518463485 1.1488680949932206
60870.2009 lsst_hardware_i -50.71809209350534 55.349998474121094 31.299999237060547 AB 8.372503123894468 1.1537405834355556
60872.1891 lsst_hardware_z -12.849301106193895 47.040000915527344 30.950000762939453 AB 3.543013495324646 1.1508895550835296
60877.1254 lsst_hardware_r 35.95478706902621 22.979999542236328 31.469999313354492 AB 6.828400739540897 1.160799105744309
60877.138 lsst_hardware_i -8.900432841897976 31.3799991607666 31.229999542236328 AB 6.7254899423529775 1.152858785918659
60879.1307 lsst_hardware_z -11.881347970838807 42.84000015258789 30.940000534057617 AB 6.691964280218269 1.1537869448652187
60879.1433 lsst_hardware_r -9.943337472622067 22.920000076293945 31.469999313354492 AB 6.664229014411126 1.149005002484677
60881.1338 lsst_hardware_u -0.7405787276323436 2.640000104904175 28.3700008392334 AB 6.394781971320225 1.1501406423237817
60881.1448 lsst_hardware_g -1.7978016218247097 13.729999542236328 31.3799991607666 AB 6.457102253548696 1.1479292895197681
60883.1345 lsst_hardware_r 26.192332954692358 22.81999969482422 31.469999313354492 AB 3.694542044760784 1.1485622937080158
60883.1465 lsst_hardware_z -2.5751739078803046 42.470001220703125 30.940000534057617 AB 3.663484885583022 1.1479780291682011
60884.0277 lsst_hardware_i -26.866291235797455 32.27000045776367 31.209999084472656 AB 5.870027344325404 1.304450520961201
60886.1352 lsst_hardware_g 8.365726528231434 13.680000305175781 31.3799991607666 AB 6.397064647580729 1.1478158431042442
60886.1463 lsst_hardware_r -17.265716369365236 22.950000762939453 31.479999542236328 AB 6.40225038821623 1.1494165867533628
60888.1313 lsst_hardware_i -27.15470765249752 34.56999969482422 31.25 AB 4.663803351835728 1.1478718562234134
60888.1438 lsst_hardware_z -14.762877812811395 43.97999954223633 30.940000534057617 AB 4.6737573464657185 1.1503217687584837
60890.1142 lsst_hardware_z -130.31551198212142 49.040000915527344 30.959999084472656 AB 1.9811108635830228 1.1488030522371835
60890.1263 lsst_hardware_r -30.950289350704065 47.959999084472656 31.600000381469727 AB 2.125527583092402 1.1478996848383807
60894.1079 lsst_hardware_r 7.817132020443872 95.87000274658203 31.6299991607666 AB 3.19946667140559 1.1480653087993264
60894.1194 lsst_hardware_z -8.902565411648792 66.20999908447266 30.969999313354492 AB 3.2819619980571377 1.148342196661
60896.1064 lsst_hardware_r -121.25974445937914 110.27999877929688 31.639999389648438 AB 4.352537726683074 1.1478211304545223
60896.1182 lsst_hardware_y 184.56868775777207 59.33000183105469 30.030000686645508 AB 4.419110234658716 1.1492138266277372
60897.1096 lsst_hardware_z -53.78583065989804 66.83999633789062 30.979999542236328 AB 4.279249298475297 1.1481239453942576
60897.1217 lsst_hardware_r -185.60036036130435 96.5999984741211 31.639999389648438 AB 4.316756825033908 1.1512374855633143
60899.1027 lsst_hardware_i 7.119755482285255 50.099998474121094 31.299999237060547 AB 3.1207789785534206 1.1479782889656733
60899.1147 lsst_hardware_z -17.124419733705587 51.84000015258789 30.959999084472656 AB 3.1125248942115613 1.1506561531281188
60904.0533 lsst_hardware_g 15.327566247543805 13.5600004196167 31.3799991607666 AB 4.527685387487713 1.1595822142749452
60904.0642 lsst_hardware_r -14.360994769354752 22.639999389648438 31.479999542236328 AB 4.525373068212065 1.1529123353264148
60906.0951 lsst_hardware_r 41.08075208562694 22.670787032574715 31.479999542236328 AB 2.5088279444520727 1.1504866758416719
60906.106 lsst_hardware_u 0.9864036730047815 2.6183358241988985 28.350000381469727 AB 2.5284243422832593 1.1556750250399601
60908.0533 lsst_hardware_u 2.4205523725425313 2.6897715264417137 28.389999389648438 AB 3.6575870109303916 1.1529037071490595
60908.0648 lsst_hardware_g -22.975140602456996 13.640895244366952 31.3799991607666 AB 3.5350647525883465 1.1488673229081399
60912.051 lsst_hardware_z 104.65843314252378 42.568855401022105 30.940000534057617 AB 4.814692426731645 1.149594275951684
60912.062 lsst_hardware_r 24.75722454717307 22.793385347171867 31.469999313354492 AB 4.794944056638669 1.1478480825020752
60932.0192 lsst_hardware_r 765.2723272334167 34.803831937458376 31.479999542236328 AB 1.6086842887017778 1.1490602062155557
60932.0321 lsst_hardware_i 991.9964847438946 43.708038116601074 31.239999771118164 AB 1.6156494419177896 1.154035315655564
60934.0146 lsst_hardware_z 779.6323450108546 49.15979807441443 30.940000534057617 AB 2.901340874774205 1.149273469904711
60934.0255 lsst_hardware_u -0.9223864777467234 2.7983293272771936 28.360000610351562 AB 2.899175668270431 1.153441682224162
60936.0194 lsst_hardware_g 117.46175080877846 17.831670906115626 31.389999389648438 AB 0.9432541796303995 1.1531224689858184
60936.0313 lsst_hardware_r 678.3703424575015 34.96113319104099 31.469999313354492 AB 0.9598633193082395 1.1606569761884875
60943.02 lsst_hardware_i 1042.8030055350735 44.24273375802768 31.229999542236328 AB 5.133626380239446 1.1674408081199465
60943.0336 lsst_hardware_r 586.3269725094037 33.42974548261304 31.469999313354492 AB 5.200280010924731 1.1828227023597147
61147.4102 lsst_hardware_i -4.2927865935556255 32.529998779296875 31.25 AB 16.82369948035196 1.1486498126072413
61147.4206 lsst_hardware_y 88.25983734277703 69.58999633789062 30.030000686645508 AB 16.239653807489862 1.1477733481551973
61149.4024 lsst_hardware_u -4.380316548482301 2.6700000762939453 28.34000015258789 AB 11.147120296856448 1.149187659469737
61153.3996 lsst_hardware_z -35.191174570599195 42.40999984741211 30.940000534057617 AB 6.48730529712797 1.1478570269173642
61153.4126 lsst_hardware_y 38.625965842908194 49.540000915527344 30.010000228881836 AB 6.5163559583528405 1.1488638854641822
61155.4073 lsst_hardware_u 0.3055503744053414 2.759999990463257 28.389999389648438 AB 16.76916172427682 1.1489006034331821
61155.4199 lsst_hardware_y -134.8762867316999 54.150001525878906 30.020000457763672 AB 15.202258275671038 1.1536235048000587
61157.4016 lsst_hardware_r 13.677550849645938 22.719999313354492 31.469999313354492 AB 1.6083849800512022 1.1488464143222874
61157.4147 lsst_hardware_y 35.953303080872615 50.25 30.0 AB 1.6152637956236973 1.1537598540169267
61159.3807 lsst_hardware_i 66.86990121017229 43.650001525878906 31.280000686645508 AB 14.372036670164375 1.1481096557089292
61159.3921 lsst_hardware_r -0.7221269390142875 22.520000457763672 31.459999084472656 AB 14.375129880476196 1.1481274614013974
61161.3853 lsst_hardware_z 21.484235371545928 89.30999755859375 31.729999542236328 AB 10.186045672737325 1.1479713747837363
61163.3959 lsst_hardware_r -10.257644870887146 97.30000305175781 31.6299991607666 AB 12.842321481349074 1.1525529711778393
61163.4082 lsst_hardware_i 9.847349370090564 77.16999816894531 31.309999465942383 AB 12.911239816143585 1.160109004685239
61166.3803 lsst_hardware_z 23.926533175981014 60.939998626708984 30.969999313354492 AB 3.012507223582897 1.149702212988416
61166.3918 lsst_hardware_r 13.147428919470679 77.19000244140625 31.6200008392334 AB 3.0665187690861004 1.1546714747570743
61168.389 lsst_hardware_z -9.578698847889964 71.36000061035156 31.700000762939453 AB 12.217228539788834 1.1562593062563373
61170.3188 lsst_hardware_z 14.752393009163683 44.779998779296875 30.950000762939453 AB 7.914913219378527 1.1639578263791952
61170.3321 lsst_hardware_g -21.042540508618238 26.979999542236328 31.600000381469727 AB 7.850347929439894 1.1544629307999845
61175.1723 lsst_hardware_i 16.912168715951218 34.130001068115234 31.170000076293945 AB 10.14028205249118 1.5552182284437404
61175.1835 lsst_hardware_z -16.092600121502688 46.959999084472656 30.899999618530273 AB 9.725435072773303 1.4935782957495785
61177.3398 lsst_hardware_g 1.6410097519147475 13.420000076293945 31.360000610351562 AB 8.493922476743336 1.1478273617220724
61177.3537 lsst_hardware_r -0.6421612571288249 22.5 31.459999084472656 AB 8.516406727931598 1.1508657740448105
61182.3237 lsst_hardware_i -4.813369440559644 30.979999542236328 31.229999542236328 AB 4.886265388521953 1.1477515740259447
61182.3362 lsst_hardware_u -0.46597620615236074 2.559999942779541 28.299999237060547 AB 4.872118070080679 1.149581517970953
61185.3005 lsst_hardware_u -1.1241129346154135 2.609999895095825 28.34000015258789 AB 8.397013667373036 1.1502758448456214
61185.3126 lsst_hardware_g -0.33181718081232653 13.479999542236328 31.360000610351562 AB 8.379226946945156 1.1478393078007063
61187.2963 lsst_hardware_r -33.643500951132296 47.86000061035156 31.600000381469727 AB 4.622461728182527 1.1498661015379716
61187.3088 lsst_hardware_i -33.78410539815073 43.400001525878906 31.280000686645508 AB 4.614023114086449 1.1477669438026288
61194.1822 lsst_hardware_r 135.4305407963243 144.69000244140625 32.349998474121094 AB 12.404416023297895 1.2936538993913955
61194.1934 lsst_hardware_z -14.254424730793025 104.83999633789062 31.709999084472656 AB 12.016296934856557 1.2632333743760618
61196.3252 lsst_hardware_i -43.96838923001522 56.7400016784668 31.299999237060547 AB 7.434187734267586 1.1661013661060484
61196.3377 lsst_hardware_z 34.56830131346923 55.54999923706055 30.959999084472656 AB 6.203494391196223 1.1796518927875501
61198.2831 lsst_hardware_z 37.66215253263894 46.83000183105469 30.940000534057617 AB 4.364610108343743 1.1478767708451403
61198.2952 lsst_hardware_i 19.04900619891769 40.33000183105469 31.260000228881836 AB 3.8568701136822914 1.1504459697784613
61223.211 lsst_hardware_r -212.86603291814893 98.62000274658203 31.6299991607666 AB 9.483483053382841 1.1477740457952001
61223.223 lsst_hardware_i -87.64064498690918 78.75 31.31999969482422 AB 9.456900908720089 1.1492512117538864
61225.1906 lsst_hardware_i -32.76220142899152 52.630001068115234 31.290000915527344 AB 8.831428328442021 1.150537285897496
61225.2024 lsst_hardware_z -58.26073252868277 53.29999923706055 30.959999084472656 AB 8.826736332449409 1.147932026198837
61231.1905 lsst_hardware_r 3.124713201487056 23.1200008392334 31.479999542236328 AB 10.437822032766693 1.1477806994895818
61231.2021 lsst_hardware_u -3.1119104715056984 2.6700000762939453 28.3799991607666 AB 10.446474511557804 1.1495116515702792
61235.1885 lsst_hardware_z -27.109519965169255 42.45000076293945 30.93000030517578 AB 8.35934563154463 1.1488403909768443
61235.2009 lsst_hardware_r -43.561941808458045 22.959999084472656 31.469999313354492 AB 8.369633696549428 1.1533451730391422
61237.1919 lsst_hardware_u 1.197540910571707 2.5799999237060547 28.309999465942383 AB 3.5529905265130757 1.1516987119977555
61237.2033 lsst_hardware_g -9.643020696589057 13.819999694824219 31.3799991607666 AB 3.5740396891698407 1.1580525521813982
61238.1889 lsst_hardware_r -25.804584753396373 22.84000015258789 31.459999084472656 AB 2.4720709760492605 1.1515858584080405
61238.2005 lsst_hardware_i 39.8450119013253 31.290000915527344 31.219999313354492 AB 2.5319784904696707 1.158005255188507
61244.1277 lsst_hardware_z -51.46900372210845 48.630001068115234 30.950000762939453 AB 6.704130264445195 1.1558845283526198
