data/validation/pwv_sim_epoch_fit_epoch/63794729.ecsv
# %ECSV 0.9
# ---
# datatype:
# - {name: time, datatype: float64}
# - {name: band, datatype: string}
# - {name: flux, datatype: float64}
# - {name: fluxerr, datatype: float64}
# - {name: zp, datatype: float64}
# - {name: zpsys, datatype: string}
# - {name: pwv, datatype: float64}
# - {name: airmass, datatype: float64}
# meta: {SNID: '63794729', alt: 1024.0, c: -0.049290142953395844, dec: -23.317957, lat: -30.244573, lon: -70.7499537, ra: 212.519531,
#   t0: 60842.53125, x0: 6.065470250103179e-06, x1: 1.1619460582733154, z: 0.5661646723747253}
# schema: astropy-2.0
time band flux fluxerr zp zpsys pwv airmass
60704.2983 lsst_hardware_r -23.381323912362813 26.15999984741211 31.469999313354492 AB 15.062060941520912 1.3579823235379298
60704.3159 lsst_hardware_i 13.750968668655064 33.88999938964844 31.239999771118164 AB 13.858324007470681 1.25359863777268
60712.3056 lsst_hardware_r 16.338819789736988 25.43000030517578 31.5 AB 4.089772033315899 1.199082909423411
60712.324 lsst_hardware_u -3.3418043258049974 2.859999895095825 28.459999084472656 AB 3.7955088048156123 1.1302043638251302
60717.2898 lsst_hardware_i -65.89921702118639 60.529998779296875 31.299999237060547 AB 4.446716932616681 1.2085111924491592
60717.3078 lsst_hardware_z -56.117999023711015 56.560001373291016 30.969999313354492 AB 4.389790634609718 1.1385788184696455
60722.3292 lsst_hardware_z -137.49895604610495 66.47000122070312 30.989999771118164 AB 5.128867192670214 1.0506744223435496
60722.3457 lsst_hardware_y 25.477620642330447 55.5099983215332 30.059999465942383 AB 3.6992947725727814 1.026821272919906
60724.3668 lsst_hardware_r 43.300376533195696 82.52999877929688 31.65999984741211 AB 5.269143850859525 1.008207385957323
60724.3852 lsst_hardware_y -119.57476577613222 59.459999084472656 30.06999969482422 AB 4.613131425219689 1.0087205871578613
60725.3074 lsst_hardware_z 146.00901076448187 82.45999908447266 31.729999542236328 AB 2.7554224164474563 1.078267373141023
60727.3653 lsst_hardware_r -23.706862200843293 36.470001220703125 31.610000610351562 AB 5.712595437168713 1.0071423675313973
60727.3825 lsst_hardware_y -30.570188474177066 49.31999969482422 30.059999465942383 AB 5.258420788943196 1.0109755426063567
60730.2087 lsst_hardware_g 10.197811391102249 15.140000343322754 31.309999465942383 AB 12.67125095600234 1.5051673048645648
60730.2288 lsst_hardware_r -22.640094396997085 25.18000030517578 31.459999084472656 AB 11.266905168585962 1.3480384264879113
60731.3509 lsst_hardware_r 5.6576148095731655 24.260000228881836 31.520000457763672 AB 8.664646357513838 1.0075170183155626
60731.3682 lsst_hardware_i 16.490672406276502 31.31999969482422 31.260000228881836 AB 8.681455193079168 1.009471534078973
60739.205 lsst_hardware_z 30.677748512492744 46.02000045776367 30.920000076293945 AB 15.84510499108608 1.3429572543015662
60739.225 lsst_hardware_r 13.36129579646006 24.889999389648438 31.479999542236328 AB 13.411732833759743 1.2304342049320864
60749.1489 lsst_hardware_z 49.942638303832695 93.9800033569336 30.93000030517578 AB 15.902562388487635 1.5829745558916617
60749.18 lsst_hardware_r 87.37218419833533 130.41000366210938 31.59000015258789 AB 13.808386920350015 1.3281552023420984
60750.2071 lsst_hardware_z -174.5796406702385 88.11000061035156 30.979999542236328 AB 9.257465596586332 1.1773577145783052
60750.2268 lsst_hardware_r -26.19678739398217 125.9000015258789 31.639999389648438 AB 9.257687275622265 1.110256319283088
60751.3288 lsst_hardware_z -48.21945596046293 116.18000030517578 31.75 AB 8.212521814952874 1.0191761994232709
60752.2503 lsst_hardware_i -14.822400514459911 89.0 31.34000015258789 AB 6.581908673580048 1.045577231704535
60752.2674 lsst_hardware_z -10.074657576086267 78.37999725341797 31.0 AB 6.505346002890933 1.0229067565738665
60753.2983 lsst_hardware_r -135.6495651243608 89.62999725341797 31.670000076293945 AB 5.539516070068787 1.0071847400125067
60753.3186 lsst_hardware_z -23.73412822130523 66.62999725341797 31.0 AB 5.584325973512464 1.0153319951840845
60757.2785 lsst_hardware_z -12.71101156990333 42.40999984741211 30.969999313354492 AB 6.1699533577872145 1.0077780842468365
60757.2978 lsst_hardware_g 24.68967202604648 23.959999084472656 31.6299991607666 AB 6.2057977674873745 1.0097021613722525
60758.1667 lsst_hardware_u 1.4430624944331458 2.8399999141693115 28.440000534057617 AB 7.543717930793534 1.2628639710041907
60758.1826 lsst_hardware_g 3.2649052212885787 15.270000457763672 31.440000534057617 AB 7.078964218268817 1.1881443803740726
60759.2727 lsst_hardware_i 0.037228220339064484 31.239999771118164 31.270000457763672 AB 6.6068805409518045 1.0078505878271162
60759.2896 lsst_hardware_z -47.95476149394166 41.31999969482422 30.959999084472656 AB 6.595652421788689 1.0087023394056494
60760.1671 lsst_hardware_i -7.480586300881062 33.220001220703125 31.239999771118164 AB 9.09271850883558 1.233161796817745
60760.1856 lsst_hardware_z -9.80316997990399 43.630001068115234 30.950000762939453 AB 8.494555938915965 1.155328927428217
60761.2706 lsst_hardware_r -46.403198201232215 23.8700008392334 31.520000457763672 AB 7.073295990521244 1.0072930859343134
60761.2887 lsst_hardware_u -2.744220348232871 2.859999895095825 28.540000915527344 AB 7.07392184849725 1.0105001152546513
60762.1496 lsst_hardware_z 47.61316861753941 45.540000915527344 30.93000030517578 AB 9.532530905309097 1.297237138395413
60762.1664 lsst_hardware_r -42.14359421711783 24.790000915527344 31.489999771118164 AB 8.826943558375607 1.2109397601576022
60763.2712 lsst_hardware_g -14.874525650746062 15.25 31.489999771118164 AB 7.997919777690685 1.0071995438328476
60763.2905 lsst_hardware_i -26.003460728003873 31.239999771118164 31.270000457763672 AB 8.099539108358941 1.0147573036438051
60764.1502 lsst_hardware_u -8.346070651149331 3.9700000286102295 29.170000076293945 AB 8.001699826331803 1.2634927879886206
60764.1689 lsst_hardware_r -29.217127523008536 34.72999954223633 32.25 AB 7.973621287565405 1.1772658035678982
60768.2534 lsst_hardware_r -36.66202362260572 24.079999923706055 31.530000686645508 AB 5.974586098927265 1.0071366006030067
60768.2722 lsst_hardware_u 2.5138549376429364 2.819999933242798 28.5 AB 6.059358695995957 1.0118324615506185
60769.1705 lsst_hardware_u -3.3235515328439593 2.700000047683716 28.3700008392334 AB 5.099015833672208 1.1235024421443667
60769.1884 lsst_hardware_g -5.067084848755741 15.069999694824219 31.450000762939453 AB 4.979884808013442 1.0756852377175596
60773.1468 lsst_hardware_i 75.50072586742999 47.09000015258789 31.280000686645508 AB 8.746164247247114 1.1676342363323027
60773.1661 lsst_hardware_z -88.90044614446876 49.439998626708984 30.959999084472656 AB 8.181379604204455 1.1043233588721677
60774.2336 lsst_hardware_r 9.760263458281699 61.459999084472656 31.649999618530273 AB 7.542125109397009 1.0074973429597371
60774.2523 lsst_hardware_z 49.57007218011369 51.84000015258789 30.979999542236328 AB 5.298921133055776 1.0100879018405977
60778.1613 lsst_hardware_i -145.04285044894218 124.5199966430664 31.34000015258789 AB 9.135432170680073 1.0815428773496534
60778.179 lsst_hardware_z 188.45030007563082 103.73999786376953 31.0 AB 10.334515257332532 1.0460918016701002
60784.1512 lsst_hardware_i 22.968401502235047 43.31999969482422 31.309999465942383 AB 10.163024354227085 1.0674885094508781
60784.1702 lsst_hardware_r -53.90344229812217 45.13999938964844 31.6299991607666 AB 9.366190458735762 1.0346523566678554
60793.1949 lsst_hardware_g 0.8416213246960719 15.779999732971191 31.479999542236328 AB 2.285237812519469 1.008156088020059
60793.212 lsst_hardware_i -75.05407236470738 31.65999984741211 31.260000228881836 AB 2.205620507721115 1.0173526327126914
60795.0455 lsst_hardware_g 3.281654721337208 15.569999694824219 31.3700008392334 AB 14.794970333287809 1.3885363324192188
60795.0669 lsst_hardware_i 26.541031857743622 33.43000030517578 31.229999542236328 AB 13.400060906744148 1.256452030637051
60799.174 lsst_hardware_y -106.54553171413939 46.880001068115234 30.059999465942383 AB 9.243951770669035 1.0073047523953071
60799.1921 lsst_hardware_g -16.16297974199684 15.630000114440918 31.479999542236328 AB 9.342389081096062 1.0146774640740788
60801.172 lsst_hardware_r 6.433647574430337 41.400001525878906 31.6200008392334 AB 3.2790278085752878 1.007897891980109
60801.1906 lsst_hardware_i 0.22763178619741498 39.72999954223633 31.299999237060547 AB 3.3094492832618143 1.0177179898299173
60804.0504 lsst_hardware_z -224.18157728767923 69.79000091552734 30.969999313354492 AB 10.851092708726302 1.2169677237398493
60804.0724 lsst_hardware_r 123.22219321017067 90.25 31.6299991607666 AB 10.08260834096315 1.1315529585369044
60807.133 lsst_hardware_z 33.70857163289759 107.41000366210938 31.010000228881836 AB 13.19800820776329 1.010947833175835
60807.1534 lsst_hardware_i -248.04670248485382 128.80999755859375 31.350000381469727 AB 13.038638452306861 1.0074735286999397
60809.1326 lsst_hardware_z 168.79770049961866 78.68000030517578 31.0 AB 6.332830854392443 1.0088409389962474
60809.1527 lsst_hardware_r 36.70595768545274 115.97000122070312 31.670000076293945 AB 6.290501737392028 1.0085781204732756
60811.139 lsst_hardware_y -23.719064042626254 71.79000091552734 30.81999969482422 AB 6.6951124304505285 1.0071245805649323
60813.1148 lsst_hardware_r 1.051227164525499 36.50464889215581 31.600000381469727 AB 8.665970355384855 1.0119068607408264
60813.1364 lsst_hardware_i 13.738224649345641 40.32359665372739 31.299999237060547 AB 7.7649089197879215 1.007383098052403
60823.9505 lsst_hardware_y 258.2714770847696 78.34121540831786 29.90999984741211 AB 14.53671495574628 1.5195834267080914
60823.9702 lsst_hardware_z 465.10843164798683 49.868109833899325 30.920000076293945 AB 12.010640178078562 1.361171857552441
60829.9507 lsst_hardware_y 448.9850169576993 75.90975879011805 29.950000762939453 AB 16.042881792401843 1.3830070510691244
60829.9712 lsst_hardware_z 814.0346706774816 57.392218984776065 30.940000534057617 AB 13.577251582044532 1.2571529242633825
60841.9778 lsst_hardware_z 1230.7061451817315 54.93314833973923 30.950000762939453 AB 10.131580085490016 1.1040488283422798
60841.9931 lsst_hardware_i 1843.1710022625641 52.19522831260783 31.260000228881836 AB 9.784023619002156 1.0669309581529574
60843.057 lsst_hardware_i 1754.6321256362276 52.026363628056245 31.260000228881836 AB 5.945163624543868 1.0078256695276941
60843.0883 lsst_hardware_z 1377.7014212691422 54.48700519617062 30.959999084472656 AB 5.480926219815169 1.0306528972464473
60853.0075 lsst_hardware_r 3410.534953612179 67.30625817667087 32.279998779296875 AB 8.382350091104854 1.0108960553672037
60853.028 lsst_hardware_u 4.936250300629751 4.511308165089688 29.329999923706055 AB 8.32551510402992 1.007504701885352
60868.9731 lsst_hardware_y 343.1785566367286 49.51859930620318 30.049999237060547 AB 5.921449816254587 1.0076919491605338
60868.9923 lsst_hardware_z 772.053960737523 49.06439980605078 30.950000762939453 AB 5.936254264511409 1.0098246601193266
61070.3031 lsst_hardware_r -10.6978908623335 25.889999389648438 31.459999084472656 AB 14.622083266951172 1.314019749450803
61070.3227 lsst_hardware_g -38.25528850384722 16.049999237060547 31.40999984741211 AB 13.530858797309692 1.2110047477063248
61073.3001 lsst_hardware_r -23.595222538398282 85.51000213623047 31.59000015258789 AB 10.88517783759015 1.2836294619799706
61073.3187 lsst_hardware_i -31.8754489683421 65.77999877929688 31.299999237060547 AB 10.143375546496937 1.192753616442578
61077.3171 lsst_hardware_z 66.17597396583085 90.30000305175781 31.719999313354492 AB 3.837754650577229 1.1562113882887288
61085.298 lsst_hardware_i -30.74996962902511 32.540000915527344 31.25 AB 2.918874988421084 1.1464552193327118
61085.3167 lsst_hardware_z 47.47708810247564 42.470001220703125 30.950000762939453 AB 2.939968514122871 1.09049277230081
61086.3778 lsst_hardware_g -5.474068261691065 16.81999969482422 31.520000457763672 AB 2.86843739504668 1.0077067960817425
61093.2066 lsst_hardware_r 43.27686235742683 25.709999084472656 31.40999984741211 AB 12.703371554981663 1.586434162345509
61093.2273 lsst_hardware_i 50.44232968150869 34.0099983215332 31.200000762939453 AB 11.355961532620325 1.4019705595827563
61097.2191 lsst_hardware_g 1.714757396787658 15.270000457763672 31.34000015258789 AB 7.6220055951923475 1.3820499719296964
61097.2305 lsst_hardware_r 24.374512970098504 25.229999542236328 31.459999084472656 AB 7.208634610872682 1.3072935670314672
61098.2034 lsst_hardware_z -13.933653869756608 53.060001373291016 30.90999984741211 AB 9.85152352602776 1.485396890350599
61098.2262 lsst_hardware_r -7.127081308233403 41.790000915527344 31.540000915527344 AB 7.584071620646273 1.3168124585498426
61099.3638 lsst_hardware_i 27.237177984236148 44.13999938964844 32.0099983215332 AB 4.8206010744923855 1.010820103688921
61099.3835 lsst_hardware_z 3.290441383991691 42.04999923706055 30.950000762939453 AB 4.8736893719913015 1.0269046295809736
61102.2031 lsst_hardware_r -123.93498044158211 101.75 31.56999969482422 AB 7.5945070930393275 1.3991998697506938
61102.2248 lsst_hardware_z 31.638182174436256 68.94999694824219 30.959999084472656 AB 6.591668630077403 1.2624896025940695
61103.3346 lsst_hardware_z -93.0663391924755 70.73999786376953 30.989999771118164 AB 7.403742270191876 1.0072319344530765
61103.3533 lsst_hardware_r -28.76481945078152 101.3499984741211 31.65999984741211 AB 7.531742166723153 1.0110286481422657
61107.3247 lsst_hardware_z -21.982093071975502 100.2699966430664 31.739999771118164 AB 9.838179954507574 1.007150310988688
61108.2126 lsst_hardware_r -15.031961862260241 74.0999984741211 31.600000381469727 AB 10.965917984726746 1.2410500209061504
61108.2341 lsst_hardware_z -31.738353337218495 61.40999984741211 30.969999313354492 AB 10.13873557656279 1.1503425259894997
61109.3142 lsst_hardware_z 29.645519348358114 49.869998931884766 30.979999542236328 AB 8.667056318829419 1.0078753762496417
61109.3336 lsst_hardware_r 62.39852183912484 51.150001525878906 31.639999389648438 AB 8.391502287567384 1.0095343965313321
61114.3021 lsst_hardware_g -10.095758896943902 15.029999732971191 31.459999084472656 AB 8.36279098355157 1.0075651787411528
61114.3206 lsst_hardware_r 3.34595398631637 23.81999969482422 31.510000228881836 AB 8.381327890204473 1.0097985409884906
61121.1629 lsst_hardware_r 44.15640176197287 24.770000457763672 31.459999084472656 AB 6.577867931760492 1.3199293532177236
61121.1795 lsst_hardware_g -14.553730706565325 14.989999771118164 31.389999389648438 AB 5.919513676388575 1.229390171627949
61122.2794 lsst_hardware_i -69.90815462032539 31.09000015258789 31.260000228881836 AB 6.157208945134007 1.0077265049319162
61122.2989 lsst_hardware_z -27.998606109188998 41.2400016784668 30.950000762939453 AB 6.205909151189472 1.0098572062035374
61123.1641 lsst_hardware_r 12.246208711188666 24.56999969482422 31.459999084472656 AB 6.9162476956311965 1.2807866103020733
61123.1815 lsst_hardware_i 18.896877630892806 32.290000915527344 31.229999542236328 AB 7.116433855056433 1.1956876305383177
61128.2712 lsst_hardware_r -8.218013930230505 44.86000061035156 31.6299991607666 AB 7.9974445527357005 1.007139697476397
61128.2907 lsst_hardware_y -37.84002902741014 48.209999084472656 30.059999465942383 AB 8.071555700799534 1.0143968456452852
61130.2684 lsst_hardware_z 14.680624734766184 62.59000015258789 30.989999771118164 AB 4.5678455635327575 1.0074092878718106
61130.2884 lsst_hardware_r -25.4119490422779 84.27999877929688 31.65999984741211 AB 4.611168338969959 1.0167396150090688
61134.1499 lsst_hardware_z 137.5489265249326 104.33999633789062 30.979999542236328 AB 7.118588183001199 1.2024472937601072
61134.1696 lsst_hardware_r -93.63548707162788 148.00999450683594 31.639999389648438 AB 5.163553675473606 1.1285222763574705
61135.254 lsst_hardware_z -168.98629364827053 80.16000366210938 31.0 AB 6.90679048049679 1.0073102305051225
61135.2731 lsst_hardware_r 209.1248862835017 110.08000183105469 31.670000076293945 AB 6.915388817204416 1.0154755972400025
61139.2362 lsst_hardware_r -62.78409297673817 38.810001373291016 31.610000610351562 AB 7.400528106010782 1.0072400107990358
61139.2549 lsst_hardware_z 6.416061835302921 44.79999923706055 30.959999084472656 AB 5.1771693614118295 1.0109684361280666
61140.1615 lsst_hardware_r -33.896747790130306 25.700000762939453 31.510000228881836 AB 5.3567732857121415 1.103863435312378
61140.1785 lsst_hardware_z 98.40402413906949 42.90999984741211 30.950000762939453 AB 5.233896357185166 1.0632957995229566
61147.1659 lsst_hardware_r 8.8636069678571 24.399999618530273 31.530000686645508 AB 15.354614936542438 1.0509900935368663
61147.183 lsst_hardware_u -1.0845485256242064 3.0 28.6200008392334 AB 14.04764462380827 1.026336930492671
61150.2116 lsst_hardware_r 27.330249881358103 24.43000030517578 31.530000686645508 AB 2.7272462222091494 1.0071691594297345
61150.2292 lsst_hardware_u -0.7971548846710149 2.950000047683716 28.579999923706055 AB 2.7611198561962325 1.0134409455666304
61154.2153 lsst_hardware_z 61.848630654410414 41.52000045776367 30.959999084472656 AB 8.142799374703644 1.0116744921256056
61154.2326 lsst_hardware_r -20.347755046512628 24.59000015258789 31.520000457763672 AB 8.271400486219926 1.026058611423246
61162.1337 lsst_hardware_r 51.21797606825686 158.60000610351562 31.670000076293945 AB 7.755941059981145 1.0370291563017977
61162.1517 lsst_hardware_z -18.223722347216793 106.80000305175781 31.010000228881836 AB 7.628112381763934 1.0169912516794863
61164.1746 lsst_hardware_z 12.313305643645448 70.25 31.0 AB 9.276653846298375 1.0072826870160656
61164.1927 lsst_hardware_i 200.52333207747424 79.81999969482422 31.34000015258789 AB 9.374780910811195 1.0145958290545039
61168.0514 lsst_hardware_z -42.824969134686185 44.060001373291016 30.93000030517578 AB 12.659868036397192 1.2283183735184857
61168.0707 lsst_hardware_i 40.64651731595359 32.29999923706055 31.239999771118164 AB 11.785866271198813 1.1488692102156368
61169.1121 lsst_hardware_u 5.112121338167867 2.7300000190734863 28.399999618530273 AB 8.946576150783093 1.0407029256436826
61169.1339 lsst_hardware_g 20.635200718035406 15.460000038146973 31.469999313354492 AB 7.721323979877956 1.015963681562889
61174.1273 lsst_hardware_i -7.545468893940835 31.290000915527344 31.260000228881836 AB 6.353738220138164 1.0114196466313536
61174.1473 lsst_hardware_z 7.848651339780992 41.29999923706055 30.950000762939453 AB 6.32640659822607 1.0072826554865837
61181.0826 lsst_hardware_u -0.4225381087267601 2.819999933242798 28.479999542236328 AB 7.331596626388249 1.0359264261098693
61181.1142 lsst_hardware_g 4.039791529342649 15.149999618530273 31.469999313354492 AB 7.161991311453026 1.0088258960634369
61185.065 lsst_hardware_r -4.569963702968307 51.04999923706055 31.639999389648438 AB 5.123890626090088 1.0461189518354608
61185.0859 lsst_hardware_z 0.015404652162403871 49.02000045776367 30.979999542236328 AB 5.856834932740832 1.0195552150301552
61186.0798 lsst_hardware_i -5.94036441313038 58.79999923706055 31.329999923706055 AB 5.340542592861339 1.022798543112389
61186.1002 lsst_hardware_z -92.42192991621641 56.540000915527344 30.989999771118164 AB 6.465564882921549 1.0089439211830837
61188.0816 lsst_hardware_r 60.64304479055362 120.51000213623047 31.670000076293945 AB 7.457005746589805 1.0162869842030757
61188.1032 lsst_hardware_z -175.33616228030604 83.72000122070312 31.0 AB 7.683021695251665 1.0071691101488214
61194.9729 lsst_hardware_z -20.79230099388892 44.7599983215332 30.920000076293945 AB 13.521144545562962 1.2519578282928667
61194.9967 lsst_hardware_r -6.873906648152405 24.40999984741211 31.489999771118164 AB 12.418375283770354 1.1498495633120698
61197.0656 lsst_hardware_u 8.631918742844467 2.7200000286102295 28.43000030517578 AB 4.339271372496933 1.0108568191870477
61197.0895 lsst_hardware_g -19.584073585599867 14.989999771118164 31.459999084472656 AB 5.142058440658747 1.0082467530703427
61219.0166 lsst_hardware_r -112.8390534824763 102.27999877929688 31.670000076293945 AB 7.312705109643868 1.0073752877479787
61219.0413 lsst_hardware_i -12.489974316360525 80.66000366210938 31.34000015258789 AB 7.351479649167596 1.0137641437602196
61223.9982 lsst_hardware_u 5.580039273722559 4.019999980926514 29.260000228881836 AB 7.361214107302162 1.008385494150981
61224.0215 lsst_hardware_g 3.8566657645791755 45.540000915527344 32.43000030517578 AB 6.6217463383831685 1.010336639973083
61235.9561 lsst_hardware_y -24.86847782221574 66.70999908447266 30.06999969482422 AB 6.176173308326132 1.012487427594448
61235.9821 lsst_hardware_i -33.979808782167375 31.5 31.260000228881836 AB 6.487984934876042 1.0080119530602238
61242.959 lsst_hardware_y 17.70146747603655 80.31999969482422 30.079999923706055 AB 5.421761854848654 1.007294352967508
61242.9797 lsst_hardware_g -56.669967905937995 53.119998931884766 31.719999313354492 AB 5.32195056615155 1.0166094682237916
