data/validation/pwv_sim_epoch_fit_epoch/63806380.ecsv
# %ECSV 0.9
# ---
# datatype:
# - {name: time, datatype: float64}
# - {name: band, datatype: string}
# - {name: flux, datatype: float64}
# - {name: fluxerr, datatype: float64}
# - {name: zp, datatype: float64}
# - {name: zpsys, datatype: string}
# - {name: pwv, datatype: float64}
# - {name: airmass, datatype: float64}
# meta: {SNID: '63806380', alt: 1024.0, c: -0.001947481301613152, dec: -24.132875, lat: -30.244573, lon: -70.7499537, ra: 180.351562,
#   t0: 60299.40625, x0: 1.4530632773450733e-05, x1: -1.0341393947601318, z: 0.3932976722717285}
# schema: astropy-2.0
time band flux fluxerr zp zpsys pwv airmass
[from data line 132]
60752.0944 lsst_hardware_i -44.03688091478372 68.93000030517578 31.290000915527344 AB 10.227566759014739 1.255532378960772
60756.0799 lsst_hardware_u 3.604480987994913 2.759999990463257 28.3799991607666 AB 4.983848350138597 1.2746143560807137
60756.0969 lsst_hardware_g -26.859912623819845 14.819999694824219 31.420000076293945 AB 6.295519696806937 1.1926344462251082
60758.0801 lsst_hardware_r -35.308825554890596 24.43000030517578 31.479999542236328 AB 5.218215370306754 1.2449022752222487
60758.0974 lsst_hardware_i 9.548197615386949 32.290000915527344 31.25 AB 6.41527495387597 1.168626936569431
60761.2012 lsst_hardware_i -13.332740477145725 30.8700008392334 31.270000457763672 AB 6.78455096246173 1.0096558801222872
60761.219 lsst_hardware_z 62.33188829570541 41.40999984741211 30.959999084472656 AB 6.451691587211183 1.0240780297160608
60764.0682 lsst_hardware_i 19.15195294420432 32.63999938964844 31.239999771118164 AB 6.093695325498151 1.2231423776592034
60764.0861 lsst_hardware_z -22.80140956063459 43.15999984741211 30.950000762939453 AB 6.79682640716239 1.149860667765608
60767.0712 lsst_hardware_i -26.715957750309457 32.2599983215332 31.239999771118164 AB 10.223590160332728 1.174956490197699
60767.0886 lsst_hardware_u -1.8873115690061246 2.7699999809265137 28.440000534057617 AB 9.496584409564852 1.1150588347826198
60768.1839 lsst_hardware_r 13.086218540654416 23.360000610351562 31.510000228881836 AB 6.492398963585999 1.0106474102718257
60768.2016 lsst_hardware_i 17.011473175065802 30.8799991607666 31.260000228881836 AB 6.420193739384824 1.0260271264731426
60769.0665 lsst_hardware_g -40.69287186205751 18.709999084472656 31.489999771118164 AB 5.793462681109119 1.1719749186329487
60769.0843 lsst_hardware_r -8.54189727483353 25.530000686645508 31.510000228881836 AB 6.669818065023082 1.1116363441705137
60771.0666 lsst_hardware_i 40.538668103511164 38.7400016784668 31.270000457763672 AB 9.085368233785037 1.1512367088912672
60771.0844 lsst_hardware_r -94.38240052068417 37.060001373291016 31.59000015258789 AB 10.20149356398147 1.0961490219177799
60774.1584 lsst_hardware_i 30.372407370304128 61.09000015258789 31.329999923706055 AB 6.974092266954122 1.006725697142421
60774.1782 lsst_hardware_z -22.012471426301335 57.720001220703125 30.989999771118164 AB 8.105594474966658 1.0186746858070452
60775.0843 lsst_hardware_i -63.61209935765763 76.94000244140625 31.329999923706055 AB 5.425039971652174 1.0700627841123325
60775.1033 lsst_hardware_z -66.30544359204418 68.37000274658203 30.989999771118164 AB 5.273618411821037 1.0359047461426165
60779.1501 lsst_hardware_z 95.32779048888742 79.91000366210938 31.0 AB 4.978963991308324 1.0087042121775371
60779.1672 lsst_hardware_r 90.30550694337327 121.18000030517578 31.670000076293945 AB 5.546949699127254 1.0212555830115537
60780.067 lsst_hardware_z -40.96803699787038 98.05999755859375 31.739999771118164 AB 11.753274900692968 1.0782821009810062
60781.1015 lsst_hardware_i 41.035955870202756 59.91999816894531 31.329999923706055 AB 16.26619777672739 1.0186959758299516
60781.1189 lsst_hardware_r 51.590211186950384 72.79000091552734 31.65999984741211 AB 16.12818802808552 1.0075079977564798
60783.1384 lsst_hardware_z -3.190278993089964 66.58999633789062 31.729999542236328 AB 11.884858961548835 1.0083593111978988
60785.1463 lsst_hardware_r -56.764455434342956 28.610000610351562 31.559999465942383 AB 6.600332541013162 1.017000391527452
60785.1636 lsst_hardware_i -33.81055580844428 34.7400016784668 31.280000686645508 AB 6.821145219625069 1.0371079206270986
60789.9726 lsst_hardware_z 42.63929497444308 83.2300033569336 31.68000030517578 AB 18.637591072769883 1.363460135054371
60793.1095 lsst_hardware_i -12.673846261671557 30.43000030517578 31.260000228881836 AB 2.3647666042333486 1.0077130415767555
60793.1283 lsst_hardware_u 1.5696072840133333 2.7100000381469727 28.450000762939453 AB 2.1385334998447623 1.0205767348632788
60793.9646 lsst_hardware_y -112.20666441329759 97.87000274658203 30.719999313354492 AB 14.299741345070219 1.3438659253408094
60794.0029 lsst_hardware_i -59.41152188011905 44.61000061035156 31.979999542236328 AB 9.873572380551904 1.1544662239756684
60796.9614 lsst_hardware_y 38.36953711272835 69.87999725341797 29.979999542236328 AB 12.049517194280952 1.312392956100888
60796.9793 lsst_hardware_g -11.56350790853703 16.09000015258789 31.420000076293945 AB 11.301212804480029 1.2175407029174778
60801.9694 lsst_hardware_z -60.24781068776352 91.8499984741211 31.719999313354492 AB 4.5100500023634345 1.2007587865717344
60805.9598 lsst_hardware_y -56.93644127158243 73.86000061035156 30.020000457763672 AB 8.987160290528868 1.1950746158811465
60805.9772 lsst_hardware_z -22.92970214261153 78.48999786376953 30.989999771118164 AB 8.480006499725429 1.1302907697068214
60811.9586 lsst_hardware_y -69.56553404296852 56.900001525878906 30.020000457763672 AB 11.836801503071738 1.137579731680792
60811.9775 lsst_hardware_r -19.45700341804338 23.209999084472656 31.5 AB 11.269884847948987 1.08333027472354
60813.9588 lsst_hardware_z 144.45716807645724 50.97999954223633 30.959999084472656 AB 10.780564727766436 1.119477126455497
60813.9793 lsst_hardware_g 10.6417933508812 14.34000015258789 31.440000534057617 AB 10.238446380158196 1.0668660098636082
60817.9578 lsst_hardware_y -74.49053694585093 55.0099983215332 30.040000915527344 AB 2.8099117911844305 1.0916164814080032
60817.9773 lsst_hardware_i 6.032676134551921 30.700000762939453 31.25 AB 1.9701201165456195 1.0496111436046591
60822.0081 lsst_hardware_i 21.570718464201235 30.440000534057617 31.260000228881836 AB 5.915016983552069 1.007111392083127
60822.028 lsst_hardware_z -10.038954184717113 40.77000045776367 30.950000762939453 AB 5.858510855548926 1.0069197534566376
60822.9625 lsst_hardware_y 38.24837988463441 49.119998931884766 30.049999237060547 AB 6.730582081144037 1.0516534501787558
60822.9824 lsst_hardware_g -17.09720724614245 14.020000457763672 31.43000030517578 AB 6.582052801334502 1.0231302687342325
60823.9586 lsst_hardware_y -40.94722525741293 51.189998626708984 30.049999237060547 AB 9.278865895713592 1.0537878987778233
60823.9785 lsst_hardware_z 48.28717781267781 40.900001525878906 30.950000762939453 AB 9.049176762198378 1.0244157765549757
60824.9889 lsst_hardware_i 71.89079263759943 30.600000381469727 31.270000457763672 AB 9.559238238077345 1.0126311692878878
60825.0134 lsst_hardware_u 3.8414360359941617 2.8299999237060547 28.549999237060547 AB 9.705259191650375 1.0056134484021668
60830.9877 lsst_hardware_i -58.2930401615065 55.939998626708984 31.329999923706055 AB 11.880482649477935 1.0060319367850208
60831.0087 lsst_hardware_r 36.94713481306802 65.45999908447266 31.65999984741211 AB 10.211840617706075 1.0089754587200943
