data/validation/pwv_sim_epoch_fit_epoch/63821301.ecsv
# %ECSV 0.9
# ---
# datatype:
# - {name: time, datatype: float64}
# - {name: band, datatype: string}
# - {name: flux, datatype: float64}
# - {name: fluxerr, datatype: float64}
# - {name: zp, datatype: float64}
# - {name: zpsys, datatype: string}
# - {name: pwv, datatype: float64}
# - {name: airmass, datatype: float64}
# meta: {SNID: '63821301', alt: 1024.0, c: -0.07034189254045486, dec: -44.003082, lat: -30.244573, lon: -70.7499537, ra: 299.938782, t0: 60076.02734375,
#   x0: 1.5940535865007393e-05, x1: -0.5655558109283447, z: 0.377888023853302}
# schema: astropy-2.0
time band flux fluxerr zp zpsys pwv airmass
60063.4025 lsst_hardware_u 110.83059937775978 39.05196158836762 29.540000915527344 AB 13.06783188385675 1.0376236210780332
60063.4153 lsst_hardware_y 646.6890680927668 151.54885163457746 30.079999923706055 AB 12.835768874610181 1.0312753685461922
60065.4122 lsst_hardware_r 7714.692293878721 159.9350789532205 32.40999984741211 AB 9.168896957992187 1.0305798270536919
60065.4257 lsst_hardware_y 1032.146898071272 214.72114815977972 30.829999923706055 AB 9.388220279361548 1.029410118351047
60067.4072 lsst_hardware_z 4049.1391713748735 204.1290183863388 31.760000228881836 AB 11.443959001738893 1.0304612361622199
60071.4051 lsst_hardware_i 3873.3532828171483 126.65028257790546 31.350000381469727 AB 7.139651146184337 1.0292625390943302
60071.42 lsst_hardware_y 874.1724151548185 152.58921446739583 30.09000015258789 AB 7.626190032390339 1.0318676753189164
60073.4052 lsst_hardware_i 3921.0672075420266 127.6772591585502 31.350000381469727 AB 7.86879084698008 1.029553400902371
60073.4166 lsst_hardware_y 850.4699636722826 152.72672134686496 30.09000015258789 AB 7.890592248385466 1.0326873920888384
60078.3918 lsst_hardware_z 2553.109473465784 146.58771938445489 31.010000228881836 AB 8.370014126999274 1.0295853529736483
60078.4043 lsst_hardware_g 3720.426207523865 121.3437565138839 31.739999771118164 AB 8.400095450010863 1.0332856202731857
60083.3816 lsst_hardware_r 5206.802049574097 119.14478169147608 31.65999984741211 AB 9.866695964187542 1.0301953499543077
60083.3961 lsst_hardware_i 4085.4719878407714 127.0001103428621 31.350000381469727 AB 9.942041528993704 1.03619599562195
60087.3821 lsst_hardware_z 2065.8871798576456 144.64965517087066 31.010000228881836 AB 2.0428724095974586 1.0344530726293149
60087.3963 lsst_hardware_u 33.64554043545231 37.89638642168383 29.520000457763672 AB 2.0683701669665076 1.044631397457832
60094.3295 lsst_hardware_z 1605.3809729398895 143.01201524831535 31.010000228881836 AB 13.142487947368753 1.0316734396238914
60094.3436 lsst_hardware_r 2408.1561322286047 108.29106447515875 31.65999984741211 AB 12.57683781509922 1.029257282047511
60096.3213 lsst_hardware_z 1327.6501373984217 142.89081029055492 31.010000228881836 AB 7.084666033623497 1.032750150673948
60096.3338 lsst_hardware_r 2174.0532692004936 106.6021749805063 31.65999984741211 AB 6.8869913889411105 1.0294456485711674
60101.3256 lsst_hardware_i 2090.5073958844614 119.07736421970918 31.350000381469727 AB 6.203261463530033 1.0292880015812271
60101.3377 lsst_hardware_z 1490.569435820521 142.38516302575175 31.010000228881836 AB 5.623392376653351 1.0317204617289553
60103.3078 lsst_hardware_z 1522.776385227989 142.4678267870692 31.010000228881836 AB 2.9090571526605173 1.030758137181397
60103.3198 lsst_hardware_r 1460.0018608737082 102.56751018959721 31.65999984741211 AB 2.920568358814017 1.029275192533518
60113.2976 lsst_hardware_u 82.33888580412588 38.51721663932194 29.549999237060547 AB 4.782330984110302 1.0297870336154826
60119.1106 lsst_hardware_z 651.1599606068509 136.46119563286913 30.950000762939453 AB 5.624123611364874 1.4987671182851097
60122.2535 lsst_hardware_r 578.0090563047207 98.48308610219715 31.65999984741211 AB 7.380865090105239 1.031519392076573
60122.2655 lsst_hardware_i 863.1084793431523 114.49865696217802 31.350000381469727 AB 7.385714317880404 1.029272214132976
60124.2371 lsst_hardware_z 626.5992262236392 139.84582568291788 31.010000228881836 AB 2.853161943980503 1.036885019011613
60124.2496 lsst_hardware_r 479.85469832753193 98.20638388523871 31.65999984741211 AB 2.837004845962692 1.0310132692777028
60126.2396 lsst_hardware_z 1234.7834365842461 197.3924582249808 31.760000228881836 AB 7.924154374168185 1.0326649344064462
60127.2303 lsst_hardware_r 500.7436237418468 98.1022517716398 31.65999984741211 AB 8.633113607157815 1.0360254341306445
60127.2415 lsst_hardware_z 384.92316046751273 139.64752374379202 31.010000228881836 AB 8.546444038746142 1.0309859609444634
60131.2257 lsst_hardware_z 802.7565614063017 197.24295371053128 31.760000228881836 AB 4.516655800551494 1.032771905613933
60138.2209 lsst_hardware_z 440.15094030994106 139.15531104142374 31.010000228881836 AB 6.927271444399184 1.02931225028226
60138.2325 lsst_hardware_r 146.33845480522328 97.67713866455564 31.65999984741211 AB 7.099092744432276 1.0304469824510405
60140.21 lsst_hardware_u -19.448523577450867 38.309955337735765 29.549999237060547 AB 5.970528805496972 1.029993468458362
60140.2217 lsst_hardware_g 230.6621354150901 106.87714498164729 31.739999771118164 AB 5.843197082137165 1.0294870795132283
60142.2115 lsst_hardware_r 450.73507436069565 97.5920582075024 31.65999984741211 AB 1.7859389963282244 1.0292607797491182
60142.2236 lsst_hardware_z 428.24882839460776 139.03100863152488 31.010000228881836 AB 1.75838090963299 1.0310061035666902
60144.2122 lsst_hardware_r 351.01576014836706 97.61813380227619 31.65999984741211 AB 2.577435947894496 1.0296701303260523
60144.2253 lsst_hardware_u 2.657631305385607 38.10743454004822 29.549999237060547 AB 2.6117756244365737 1.0338547746409
60147.1877 lsst_hardware_r -28.70803581477436 95.80000305175781 31.65999984741211 AB 5.635135249064698 1.0307545727208154
60147.1982 lsst_hardware_i -195.0359595238172 110.5999984741211 31.34000015258789 AB 5.603282327010651 1.0292583260489807
60153.1957 lsst_hardware_r 25.869184399509425 95.81999969482422 31.65999984741211 AB 3.328998691266883 1.0317144704339514
60153.2084 lsst_hardware_z 85.44127735930827 137.60000610351562 31.010000228881836 AB 2.6337129344352066 1.038427968234807
60158.1848 lsst_hardware_r 21.883273548013257 95.68000030517578 31.65999984741211 AB 1.899843475452554 1.0328042813006546
60158.1973 lsst_hardware_y 332.2117289717696 150.07000732421875 30.079999923706055 AB 1.9136358291999294 1.0403021631964824
60162.1538 lsst_hardware_r 33.16279260257574 95.79000091552734 31.65999984741211 AB 2.15185858542315 1.0294332253658824
60162.1656 lsst_hardware_i 128.3278953776357 110.6500015258789 31.350000381469727 AB 2.1384690976240033 1.0301324383400121
60164.1349 lsst_hardware_i 176.14240989547022 110.6500015258789 31.350000381469727 AB 3.9859850472519778 1.0330846774735147
60164.1476 lsst_hardware_z 115.55640013905189 137.63999938964844 31.010000228881836 AB 3.9382226863606857 1.0295109845836579
60165.1355 lsst_hardware_i 131.58334608083746 110.79000091552734 31.350000381469727 AB 4.454262874994863 1.0317361456934075
60165.1474 lsst_hardware_u -39.47594572148198 38.22999954223633 29.549999237060547 AB 4.45817798387389 1.029305162221966
60168.1359 lsst_hardware_g -160.3224981534977 106.37000274658203 31.739999771118164 AB 3.2031121156427536 1.0296085231895704
60168.1481 lsst_hardware_r -19.32195323686302 95.83000183105469 31.65999984741211 AB 3.1978725148185396 1.0299106327918002
60179.1131 lsst_hardware_g 32.61157632311437 106.45999908447266 31.739999771118164 AB 2.4438624310757637 1.0293197561654264
60179.1242 lsst_hardware_r -129.73038926296576 95.8499984741211 31.65999984741211 AB 2.452484526607804 1.0315392330632194
60181.1201 lsst_hardware_i 87.31487583096572 110.62999725341797 31.34000015258789 AB 3.905219469292714 1.0320347434705903
60181.132 lsst_hardware_z -4.673450915867623 137.55999755859375 31.010000228881836 AB 3.727410159420114 1.0384686551133304
60185.1017 lsst_hardware_z -50.79728219985918 137.66000366210938 31.010000228881836 AB 5.123664863305944 1.029916887662423
60185.1131 lsst_hardware_r 59.24814058502425 95.80000305175781 31.65999984741211 AB 5.143101171409047 1.0337372335880703
60197.0945 lsst_hardware_g 151.5668459026592 105.75 31.729999542236328 AB 3.674965620868983 1.0433327209810683
60197.1064 lsst_hardware_r -39.566028042929105 95.33999633789062 31.649999618530273 AB 3.7234312949367867 1.0556935908524745
60202.0415 lsst_hardware_r 270.2314710431954 95.95999908447266 31.65999984741211 AB 1.3203626579943966 1.029857126807459
60202.0535 lsst_hardware_u -19.850567818544256 38.209999084472656 29.549999237060547 AB 1.2240608764062149 1.0296320283803853
60204.0411 lsst_hardware_g 123.7180956008999 106.43000030517578 31.739999771118164 AB 1.8396218070633308 1.0293030113651545
60204.052 lsst_hardware_r -42.69160200180791 95.93000030517578 31.65999984741211 AB 0.3767777693222132 1.0303858778182675
60208.0351 lsst_hardware_i 62.12050515587695 110.7300033569336 31.350000381469727 AB 4.014688064853284 1.0294071961162268
60208.0472 lsst_hardware_z 59.752949640007515 137.6999969482422 31.010000228881836 AB 4.030173596361116 1.0323631293244544
60212.0406 lsst_hardware_r 47.857363006597936 95.69999694824219 31.65999984741211 AB 4.501349688221207 1.0343570958342172
60212.0544 lsst_hardware_i 11.923401256888974 110.47000122070312 31.34000015258789 AB 4.614892220412824 1.044093262536838
60216.0324 lsst_hardware_r -76.26641378618257 95.68000030517578 31.65999984741211 AB 3.533437502567152 1.0358695925245114
60216.0449 lsst_hardware_z -169.84419781187856 137.4600067138672 31.010000228881836 AB 3.5427566426539543 1.045395030659964
60222.0259 lsst_hardware_i 32.586134724838054 110.4800033569336 31.34000015258789 AB 2.8837620701733115 1.0430462320908984
60222.0375 lsst_hardware_z -76.6284213808718 137.35000610351562 31.0 AB 2.848325419319128 1.0549353404885657
60431.4199 lsst_hardware_g -9.688967211188448 43.25 31.709999084472656 AB 11.470497564512085 1.0292441827056868
60434.4127 lsst_hardware_i 46.67061249520609 31.270000457763672 31.260000228881836 AB 7.094349992370862 1.029248121920984
60434.4237 lsst_hardware_z -66.4404362354964 47.06999969482422 30.969999313354492 AB 5.5966346346565645 1.0310200588875909
60444.3993 lsst_hardware_i -15.544419439295838 30.5 31.25 AB 7.859920450518086 1.0320160778858012
60444.4127 lsst_hardware_z 5.792649508344487 41.22999954223633 30.940000534057617 AB 7.909041710209913 1.0395349403883758
60446.3958 lsst_hardware_r 39.75619934446731 22.719999313354492 31.489999771118164 AB 7.5344784443746 1.0328159528963023
60446.4061 lsst_hardware_u -2.8305518671154806 2.609999895095825 28.3700008392334 AB 7.580049235365435 1.0387067730685413
60456.3278 lsst_hardware_r 39.00681432563931 99.73999786376953 31.65999984741211 AB 4.200807272463202 1.036937657250169
60457.3446 lsst_hardware_i -24.911926210377985 71.3499984741211 31.34000015258789 AB 9.330502772841225 1.0295253852613186
60457.3549 lsst_hardware_z -32.574384269976804 67.41999816894531 31.0 AB 9.318828025218139 1.0296573482124918
60461.3238 lsst_hardware_y -24.390934328287308 47.279998779296875 30.049999237060547 AB 7.0823567315805205 1.0320123467428386
60461.3386 lsst_hardware_g 31.866820042581796 24.719999313354492 31.6200008392334 AB 6.893779109577038 1.0292422931872405
60465.3248 lsst_hardware_z -85.20413342765923 40.90999984741211 30.950000762939453 AB 6.5223571809669165 1.0293312050764234
60465.3381 lsst_hardware_r 64.40199596667938 22.989999771118164 31.510000228881836 AB 5.33534135340107 1.0307348666314553
60467.3122 lsst_hardware_r -25.96681375743471 22.690000534057617 31.489999771118164 AB 3.4840812699819175 1.0304883969184495
60467.3251 lsst_hardware_u -0.5377164469789737 2.5799999237060547 28.350000381469727 AB 3.3886868654665063 1.0293702507491456
60483.2918 lsst_hardware_z -126.4582344334701 128.16000366210938 31.75 AB 2.7431238126732804 1.0316373872407973
60484.2895 lsst_hardware_r 179.83956984126894 141.80999755859375 31.670000076293945 AB 3.8719734853851686 1.0317925436272435
60484.3025 lsst_hardware_z 55.40437566220902 94.83000183105469 31.0 AB 3.53402556777074 1.0388082209790535
60492.2357 lsst_hardware_z 8.102425313485089 41.279998779296875 30.950000762939453 AB 8.547021772776167 1.0334971913876865
60492.2477 lsst_hardware_r -9.568596172461346 23.219999313354492 31.510000228881836 AB 8.489571593470199 1.0297150565688504
60494.2312 lsst_hardware_u 2.8467370912276975 2.809999942779541 28.510000228881836 AB 7.49911374615498 1.0330543560309926
60494.2431 lsst_hardware_g 14.418096555125647 14.619999885559082 31.450000762939453 AB 7.467784343205557 1.0295895139877604
60498.2191 lsst_hardware_i 19.50802103376817 30.799999237060547 31.25 AB 1.6460111923900813 1.0336020046405534
60498.2312 lsst_hardware_r -11.892289543530632 23.260000228881836 31.510000228881836 AB 1.6265512176862453 1.029734350421258
60502.2154 lsst_hardware_r 10.569311186698057 23.260000228881836 31.510000228881836 AB 7.3300602169727025 1.0308299848080678
60502.2276 lsst_hardware_i -20.894026365592048 30.75 31.25 AB 7.341730114040958 1.0292625983514592
60505.2078 lsst_hardware_z -25.99612085756313 42.220001220703125 30.950000762939453 AB 6.5962529012785796 1.030664515824778
60505.2193 lsst_hardware_r -4.588447810726417 23.239999771118164 31.5 AB 5.888652419915209 1.029259763148824
60509.2008 lsst_hardware_r 70.8305952770982 75.62000274658203 31.65999984741211 AB 3.2916585043156847 1.0297964400706054
60509.2129 lsst_hardware_z 25.62222206542616 58.459999084472656 30.979999542236328 AB 2.591129171765064 1.0296559395052907
60510.1217 lsst_hardware_i 107.35381237176988 71.69000244140625 31.309999465942383 AB 3.6286469729325197 1.1252200029766457
60510.1254 lsst_hardware_r -150.1606794943999 89.87999725341797 31.639999389648438 AB 3.572226897023842 1.1163209053199505
60512.1986 lsst_hardware_z -116.91672335087048 123.95999908447266 31.75 AB 5.649544177883498 1.0292483472187097
60515.1933 lsst_hardware_r 17.0862389412847 72.66999816894531 31.649999618530273 AB 6.060894873831349 1.029320235015726
60515.2065 lsst_hardware_i -72.65945623588381 59.97999954223633 31.31999969482422 AB 6.0379153681812605 1.0324311320790425
60517.1902 lsst_hardware_z -34.47898162337808 45.5 30.959999084472656 AB 3.3022528747298225 1.0295410365486586
60517.2017 lsst_hardware_r 25.097985067313218 42.189998626708984 31.610000610351562 AB 3.1480380476345715 1.0327079434558464
60518.185 lsst_hardware_u -3.5871710444463942 3.5999999046325684 28.610000610351562 AB 3.3933055134749344 1.0293141092441662
60518.1969 lsst_hardware_g 22.33153865628681 23.780000686645508 31.600000381469727 AB 3.3776897549020477 1.031880780519974
60526.1854 lsst_hardware_g 14.194553220404416 14.329999923706055 31.440000534057617 AB 1.6919487680790282 1.037156989014525
60526.1978 lsst_hardware_r 16.703137872519562 23.149999618530273 31.5 AB 1.667665072681315 1.0473090261759774
60530.0375 lsst_hardware_r -50.71878106418411 33.900001525878906 32.22999954223633 AB 6.8138029656995 1.2167505295891965
60530.0432 lsst_hardware_i -106.37647875526717 45.43000030517578 31.989999771118164 AB 4.7084199266630025 1.1960423183733284
60532.1357 lsst_hardware_i 41.170198113782426 30.670000076293945 31.260000228881836 AB 8.462564510842965 1.030261079966273
60532.1468 lsst_hardware_u 2.8050104911020597 2.759999990463257 28.489999771118164 AB 8.455932095414587 1.0293178720541996
60534.1295 lsst_hardware_g 14.47912900105225 24.010000228881836 31.6200008392334 AB 3.361291510887636 1.0304388445394346
60534.1406 lsst_hardware_r -16.268641887389855 29.09000015258789 31.559999465942383 AB 3.3508234539332635 1.0292807414938607
60538.1306 lsst_hardware_z -25.341851574279694 92.43000030517578 31.739999771118164 AB 4.329705397087323 1.029330073005941
60540.1133 lsst_hardware_z -58.86698591994818 84.66000366210938 31.0 AB 2.263175649240418 1.0303944982693407
60540.1243 lsst_hardware_r 71.78736172113408 119.87999725341797 31.670000076293945 AB 2.247872756197053 1.0292850411861196
60542.1147 lsst_hardware_i -16.848577472591483 85.8499984741211 31.34000015258789 AB 2.565607977162342 1.0293311844181914
60542.1261 lsst_hardware_z -24.699569774247877 73.41999816894531 31.0 AB 1.8502269860127492 1.030288808916612
60544.1148 lsst_hardware_i -12.568690572140559 52.0 31.31999969482422 AB 2.4308659667819486 1.0293736890882696
60544.1259 lsst_hardware_z -5.148901164611901 51.77000045776367 30.979999542236328 AB 2.2478678605555285 1.031881501345305
60545.1109 lsst_hardware_g -46.46798263709934 38.68000030517578 31.700000762939453 AB 2.870454343419681 1.029297837174438
60545.1241 lsst_hardware_r 37.41701422882655 46.040000915527344 31.6299991607666 AB 2.9530647530550542 1.032239354403165
60547.0314 lsst_hardware_r -18.33027073387257 23.299999237060547 31.5 AB 2.510936933843147 1.100805319527903
60547.0369 lsst_hardware_i -22.406257583607346 31.15999984741211 31.25 AB 2.412941997606412 1.089856367482571
60548.1055 lsst_hardware_u -2.2895205083098435 2.8499999046325684 28.559999465942383 AB 1.4632321891091857 1.0295389193380375
60548.117 lsst_hardware_g -5.682774577252391 14.130000114440918 31.450000762939453 AB 1.5170194355376732 1.032688519766748
60556.059 lsst_hardware_z 12.398721172280567 41.15999984741211 30.950000762939453 AB 1.5796587966254858 1.0344851320402657
60556.072 lsst_hardware_i -8.505439571155181 30.5 31.260000228881836 AB 1.5516964192976548 1.0298870039586203
60560.0555 lsst_hardware_r 9.072368497986622 22.969999313354492 31.5 AB 2.3574108306799615 1.031313524176339
60560.0675 lsst_hardware_i -19.573910632876586 30.520000457763672 31.260000228881836 AB 2.3666046739169895 1.029256889207157
60567.0442 lsst_hardware_i -109.36035646809205 64.19000244140625 31.34000015258789 AB 1.2092021084655964 1.0295462822185637
60567.055 lsst_hardware_z -8.889077357147395 61.15999984741211 30.989999771118164 AB 1.2353402836105574 1.0297362741961633
60572.0402 lsst_hardware_z -0.06239304152199409 56.13999938964844 30.979999542236328 AB 6.448210315658692 1.0295721404532479
60572.0517 lsst_hardware_i 32.615749394586764 60.25 31.329999923706055 AB 5.731653822218302 1.0327924479941684
60575.0249 lsst_hardware_r -2.121588414521495 22.920000076293945 31.5 AB 1.5439760570947416 1.0293173713964945
60575.0394 lsst_hardware_u -0.34699681027353385 2.7200000286102295 28.450000762939453 AB 1.5468632819073078 1.0312421879382052
60579.0226 lsst_hardware_g -0.20833436150675572 14.34000015258789 31.43000030517578 AB 3.211596507686405 1.0297979396172738
60579.0341 lsst_hardware_r -6.153731046200365 23.15999984741211 31.5 AB 3.210842293179346 1.033477482918088
60581.0316 lsst_hardware_i -34.72280867828039 30.549999237060547 31.25 AB 3.5267383327124158 1.0349929076191977
60581.0436 lsst_hardware_z -5.959432682650148 41.20000076293945 30.940000534057617 AB 3.5455793773483517 1.0435592094425012
60583.0321 lsst_hardware_r -2.527928716686749 23.040000915527344 31.5 AB 6.3233541484965805 1.0387582277917244
60583.0434 lsst_hardware_g 9.205681557382878 14.270000457763672 31.43000030517578 AB 6.022802340682884 1.0485684369931811
60585.0251 lsst_hardware_r 10.698144923254082 23.31999969482422 31.510000228881836 AB 2.102369498162336 1.0376947177504128
60585.0364 lsst_hardware_i -41.660257451508436 31.0 31.260000228881836 AB 2.189674858051974 1.0470233621539125
60587.0276 lsst_hardware_z -23.419057706858418 41.400001525878906 30.950000762939453 AB 2.878030688720213 1.0438994155677233
60587.0406 lsst_hardware_i -29.344256740296085 31.010000228881836 31.260000228881836 AB 2.93262904370846 1.0578515803800017
60589.0256 lsst_hardware_u 3.6427301331729027 2.740000009536743 28.440000534057617 AB 4.032029990906279 1.0471445243231474
60589.0371 lsst_hardware_g -12.551627190034774 14.630000114440918 31.440000534057617 AB 4.108095594668363 1.060381740933972
