data/validation/pwv_sim_epoch_fit_epoch/63960244.ecsv
# %ECSV 0.9
# ---
# datatype:
# - {name: time, datatype: float64}
# - {name: band, datatype: string}
# - {name: flux, datatype: float64}
# - {name: fluxerr, datatype: float64}
# - {name: zp, datatype: float64}
# - {name: zpsys, datatype: string}
# - {name: pwv, datatype: float64}
# - {name: airmass, datatype: float64}
# meta: {SNID: '63960244', alt: 1024.0, c: 0.0279725082218647, dec: -42.410164, lat: -30.244573, lon: -70.7499537, ra: 270.5336, t0: 60555.234375,
#   x0: 3.5572204972864603e-06, x1: 0.9355757236480713, z: 0.7051626443862915}
# schema: astropy-2.0
time band flux fluxerr zp zpsys pwv airmass
60402.3982 lsst_hardware_z -23.775170640193537 47.650001525878906 30.969999313354492 AB 6.362352675320634 1.0281759333097684
60402.4106 lsst_hardware_y -27.998399804438126 55.16999816894531 30.059999465942383 AB 6.254763116435165 1.023692817747163
60404.4044 lsst_hardware_u 0.347090721876417 4.309999942779541 28.809999465942383 AB 8.339219534980334 1.0238452467747494
60404.4162 lsst_hardware_y -1.376600656820251 66.22000122070312 30.06999969482422 AB 8.466298155791463 1.0231485127395346
60414.3817 lsst_hardware_r 32.79413908395606 23.420000076293945 31.520000457763672 AB 9.77605227853918 1.0231347230286947
60414.3935 lsst_hardware_z 44.870530262154446 41.15999984741211 30.950000762939453 AB 9.646629340721727 1.0238771633527395
60416.3874 lsst_hardware_r -12.683186985871373 23.31999969482422 31.520000457763672 AB 14.978884807171802 1.0237422552145579
60416.3986 lsst_hardware_u 3.0456437072780256 2.869999885559082 28.549999237060547 AB 15.09000947052994 1.0276847802315485
60419.3812 lsst_hardware_g -4.51737289538843 14.3100004196167 31.43000030517578 AB 4.813730937045612 1.0241980717118324
60419.3926 lsst_hardware_r -25.59114565597329 23.15999984741211 31.510000228881836 AB 4.835596228005477 1.028850261277761
60421.3765 lsst_hardware_i -80.99370962449272 43.4900016784668 32.0099983215332 AB 6.196851763120635 1.0244000104344564
60421.3899 lsst_hardware_z -7.764732222764921 58.15999984741211 31.700000762939453 AB 6.252844852809649 1.0305046933063573
60425.3202 lsst_hardware_i -162.49001186233346 83.5 31.34000015258789 AB 3.8704293065481283 1.0393902132388393
60425.3334 lsst_hardware_z -116.0515650362602 72.12999725341797 30.989999771118164 AB 3.2654342236378384 1.0292936875138972
60428.3501 lsst_hardware_r 20.675787194948004 119.83999633789062 32.40999984741211 AB 11.708324457514548 1.023097208800642
60428.3641 lsst_hardware_z -272.4261527142457 97.51000213623047 31.739999771118164 AB 11.662299686683145 1.0268519329669357
60431.3343 lsst_hardware_i -3.3593539876943295 38.91999816894531 31.299999237060547 AB 9.174294663489684 1.0232411257621568
60431.3464 lsst_hardware_r 70.72973665177578 38.58000183105469 31.610000610351562 AB 9.324159090574966 1.023732882144878
60434.327 lsst_hardware_u -1.2041780115617289 2.859999895095825 28.540000915527344 AB 8.52177796599984 1.023145391523573
60434.3394 lsst_hardware_g 6.616560452195539 15.130000114440918 31.469999313354492 AB 6.854939909865427 1.0239914220781896
60444.3138 lsst_hardware_i -29.760740921387274 30.65999984741211 31.260000228881836 AB 7.418212340143796 1.0244263036471823
60444.3268 lsst_hardware_u -2.671767842820001 2.700000047683716 28.43000030517578 AB 7.481768350228204 1.0303100780668006
60448.2818 lsst_hardware_i 28.83300690469155 34.91999816894531 31.280000686645508 AB 7.705249696989045 1.024463978326614
60448.2934 lsst_hardware_r -32.764597086774884 23.110000610351562 31.510000228881836 AB 7.567276940111684 1.0229851553092952
60461.278 lsst_hardware_i 77.14618226386055 33.22999954223633 31.270000457763672 AB 6.242180440803751 1.0288884426418148
60461.2899 lsst_hardware_r 11.320439179292205 28.700000762939453 31.559999465942383 AB 6.347928903326832 1.0375399670374423
60463.2715 lsst_hardware_u -4.9995383011007775 2.7699999809265137 28.479999542236328 AB 9.021429535290341 1.0283175122865758
60463.284 lsst_hardware_g -5.991680287667642 14.65999984741211 31.440000534057617 AB 9.098921342538016 1.0371505006882256
60467.227 lsst_hardware_r -8.054620535674292 23.3799991607666 31.5 AB 4.053081573938853 1.0254043448993824
60467.2405 lsst_hardware_i -19.245464131388427 30.709999084472656 31.25 AB 4.079448422019952 1.0229736503581608
60483.1949 lsst_hardware_i -108.72955826240417 113.43000030517578 31.350000381469727 AB 3.1600413763340347 1.0230257780777452
60483.2079 lsst_hardware_z -21.981214938343722 93.06999969482422 31.0 AB 3.1596801549712876 1.0245949808045942
60492.1499 lsst_hardware_u -1.9657222866843558 2.8399999141693115 28.530000686645508 AB 9.069775716444433 1.029642289765129
60492.1618 lsst_hardware_r 13.592217199820462 23.670000076293945 31.520000457763672 AB 8.985637615004924 1.024432349510328
60494.1849 lsst_hardware_z 16.030145026862325 41.220001220703125 30.950000762939453 AB 7.899684316445373 1.0273228046311984
60494.1968 lsst_hardware_i -57.15975111129192 31.010000228881836 31.260000228881836 AB 7.953818875950621 1.0349909076373356
60496.1832 lsst_hardware_u 4.019805125655934 2.700000047683716 28.420000076293945 AB 5.013512302038508 1.0293277378945747
60496.1974 lsst_hardware_g -0.48182849744185113 14.75 31.440000534057617 AB 5.076316953251047 1.0404065489156493
60498.1335 lsst_hardware_u 0.31878600061578355 2.740000009536743 28.450000762939453 AB 1.7385702904846478 1.0296537106808379
60498.1466 lsst_hardware_g 15.24997596183304 14.720000267028809 31.450000762939453 AB 1.7340106056391256 1.0241228106934495
60500.1347 lsst_hardware_r -21.359907908067708 23.469999313354492 31.520000457763672 AB 9.244254383949547 1.0262651501257685
60500.1457 lsst_hardware_i -17.23800555434186 30.8799991607666 31.260000228881836 AB 9.239487907812098 1.0232746501563783
60502.1212 lsst_hardware_z -35.71613090045345 41.18000030517578 30.950000762939453 AB 7.381515743100438 1.0305061766160042
60502.1322 lsst_hardware_r 30.572386176910015 23.40999984741211 31.510000228881836 AB 5.444875430031147 1.0251428574176882
60505.1234 lsst_hardware_z -35.07669296687461 43.16999816894531 30.959999084472656 AB 6.573806026695092 1.0253548101687755
60505.1356 lsst_hardware_r 23.721524110099885 32.900001525878906 31.59000015258789 AB 7.063793352517204 1.0229968649554242
60507.1227 lsst_hardware_i 34.47784609374381 48.11000061035156 31.309999465942383 AB 1.7407385075294877 1.0239638279585221
60507.1346 lsst_hardware_z -103.14577614982863 49.810001373291016 30.969999313354492 AB 1.6369935258116997 1.0231209536323123
60509.1199 lsst_hardware_r 22.22463462726609 98.7699966430664 31.65999984741211 AB 2.9453169342712866 1.0234494472477975
60509.1332 lsst_hardware_z -4.5353775889384815 72.37000274658203 31.0 AB 2.85132542517585 1.0236927088951115
60510.0443 lsst_hardware_r -82.56958869129735 122.66999816894531 31.649999618530273 AB 3.1269593242642264 1.1105244869978608
60510.0514 lsst_hardware_y 58.663390354910476 64.69999694824219 30.049999237060547 AB 3.094309104220598 1.0946848246063436
60515.11 lsst_hardware_z 22.120388998886224 51.34000015258789 30.969999313354492 AB 5.423175012832815 1.0229832141913007
60515.121 lsst_hardware_r -74.45235629153272 60.689998626708984 31.639999389648438 AB 5.454694543612746 1.0247406619599373
60517.0993 lsst_hardware_u -0.442601692999179 2.6700000762939453 28.420000076293945 AB 3.1027393128207623 1.0232746593153725
60517.11 lsst_hardware_r 13.973385090515619 23.059999465942383 31.5 AB 3.0717275451649395 1.0234543131380296
60518.1003 lsst_hardware_i 11.086204971517802 30.459999084472656 31.25 AB 3.887372842963045 1.0229928534113277
60518.1118 lsst_hardware_z 7.817266453114143 40.83000183105469 30.940000534057617 AB 3.8928945626607585 1.024445937542305
60526.0527 lsst_hardware_g -16.10985258754253 14.325838946658713 31.43000030517578 AB 2.2715449507193277 1.0325204321451489
60526.0647 lsst_hardware_r 10.560973671246972 23.236899954737016 31.5 AB 2.256905032308931 1.0258659237767866
60528.0514 lsst_hardware_i 45.5264747837367 31.67225963300913 31.25 AB 2.5126374697037166 1.0297694547966052
60528.0624 lsst_hardware_z 33.44226902853389 41.66968816503984 30.950000762939453 AB 2.359766472256561 1.0247601660000265
60530.0166 lsst_hardware_r 96.42104704512124 25.26289872306968 31.5 AB 5.916697171706415 1.0596436938164435
60530.0207 lsst_hardware_u 1.7321863070714587 2.9051915363548977 28.440000534057617 AB 5.871243541302742 1.0539570741926896
60532.0443 lsst_hardware_g 56.63473737427674 17.83465530141699 31.510000228881836 AB 8.30785314604072 1.02765910827111
60532.0554 lsst_hardware_i 246.39457500879504 34.85461889087871 31.260000228881836 AB 8.275214890753835 1.0237590330630117
60534.046 lsst_hardware_z 316.74677524916086 46.009633628706524 30.959999084472656 AB 2.597268979502451 1.0247658234376678
60534.0575 lsst_hardware_r 292.773059967678 36.838080537358806 31.59000015258789 AB 2.561546357823349 1.0229817722936698
60538.0329 lsst_hardware_z 386.56034367396427 72.38308477517243 31.0 AB 4.019106908157049 1.0255003805631424
60538.0433 lsst_hardware_r 423.15853959031375 90.66141542691905 31.65999984741211 AB 3.994225370128468 1.0231328461062954
60542.0347 lsst_hardware_r 888.4688832606729 93.26290716622592 31.65999984741211 AB 2.6754785312920317 1.0229971442615466
60542.0474 lsst_hardware_z 691.7770220339326 66.70335604194915 30.989999771118164 AB 3.2152529755078487 1.0247818248630594
60544.0382 lsst_hardware_g 233.3082320553756 37.10612393021852 31.68000030517578 AB 1.358256810505918 1.023811666210491
60544.0501 lsst_hardware_i 1034.9200362790775 53.40575877538497 31.299999237060547 AB 2.2065177111498797 1.0282002381872692
60548.0265 lsst_hardware_r 951.8891057871169 39.58353098385296 31.510000228881836 AB 1.5528019412022456 1.023656721113385
60548.0375 lsst_hardware_i 1129.2226525041926 45.5070563382126 31.25 AB 1.5410270483573814 1.0273513655715876
60550.0288 lsst_hardware_z 760.7549018383894 49.34904686480527 30.950000762939453 AB 5.116298069974157 1.025927024257902
60550.0404 lsst_hardware_r 1038.3074616000174 39.830604659298984 31.510000228881836 AB 5.205592125334383 1.032343505272064
60554.0167 lsst_hardware_r 1018.039201518128 39.34478985035492 31.5 AB 1.5925695018501969 1.0254793959112665
60554.028 lsst_hardware_u 1.1679909139633755 2.738937509366743 28.399999618530273 AB 1.715605297520936 1.0313226916266522
60556.0073 lsst_hardware_g 194.43931909813244 19.503417575094186 31.459999084472656 AB 1.8223125239043305 1.0242505989157829
60556.0187 lsst_hardware_i 1285.580251215176 46.626883857686956 31.260000228881836 AB 1.8311013841638477 1.028949501754445
60560.0104 lsst_hardware_u -1.4084011755281647 2.8872803256700963 28.5 AB 2.473266408166995 1.0305276700695813
60560.0221 lsst_hardware_g 120.8023240974506 18.90523796224735 31.459999084472656 AB 2.4957176166204937 1.039882340258539
60767.4051 lsst_hardware_g -3.664323887459577 16.56999969482422 31.5 AB 10.775495792355462 1.025423866044929
60767.4171 lsst_hardware_y 127.82057576550085 72.91000366210938 30.079999923706055 AB 10.604709310085262 1.0230034303711688
60771.396 lsst_hardware_u -4.871713232260155 2.7799999713897705 28.459999084472656 AB 19.8059956636303 1.0248102689897296
60771.408 lsst_hardware_y 75.65584052952148 48.88999938964844 30.049999237060547 AB 19.71323459441483 1.0229703093790534
60773.4037 lsst_hardware_r -8.562751693073244 23.969999313354492 31.520000457763672 AB 8.61600543869579 1.022995065345604
60773.4162 lsst_hardware_z -20.677432339115047 53.189998626708984 30.979999542236328 AB 8.637330869268974 1.0255270751496783
60778.3849 lsst_hardware_z 40.692649867264116 62.22999954223633 30.989999771118164 AB 11.512661378491503 1.0231582043465879
60778.3974 lsst_hardware_r 155.22511230496556 86.87000274658203 31.65999984741211 AB 11.521913955598425 1.0239805033673846
60780.377 lsst_hardware_i -73.38496713484632 75.79000091552734 31.34000015258789 AB 9.7605961744446 1.023480899102894
60780.3887 lsst_hardware_z 79.19138194353971 66.80999755859375 31.0 AB 9.722862244468178 1.0233694143813536
60782.389 lsst_hardware_r 2.046190084357525 94.26000213623047 31.670000076293945 AB 14.958335431819133 1.0246487948637966
60782.401 lsst_hardware_z -65.9550527215026 69.73999786376953 31.0 AB 15.070342959350073 1.0301690450030812
60784.3748 lsst_hardware_y -127.48633154133779 52.16999816894531 30.059999465942383 AB 11.16696953739957 1.023053460337101
60784.3879 lsst_hardware_r -0.9115730293256709 61.86000061035156 31.649999618530273 AB 9.954197070436207 1.0262058835501244
60792.3156 lsst_hardware_i 14.90288021975818 30.709999084472656 31.25 AB 2.103529323644218 1.039250355458437
60792.3279 lsst_hardware_z 12.277195447600104 41.130001068115234 30.950000762939453 AB 2.0757841155730814 1.0297399498502264
60794.283 lsst_hardware_r 13.681472804745859 40.5099983215332 32.689998626708984 AB 11.424523490088736 1.075831484341054
60794.2969 lsst_hardware_u -7.011854531627466 4.769999980926514 29.65999984741211 AB 12.662907050000497 1.0543050940830696
60795.3313 lsst_hardware_g -1.3409717418357456 14.479999542236328 31.459999084472656 AB 11.242535459730883 1.0245635158781448
60795.3422 lsst_hardware_i 65.17240626511487 30.639999389648438 31.260000228881836 AB 10.663955891805678 1.0229704918035087
60800.3209 lsst_hardware_u 1.4846696550025438 2.799999952316284 28.520000457763672 AB 8.534308828830994 1.0237587438993545
60800.3335 lsst_hardware_g -1.0015888303137468 14.5 31.459999084472656 AB 6.8442604200853605 1.0232877954825985
60802.3069 lsst_hardware_r 15.308670286949301 23.239999771118164 31.510000228881836 AB 7.220246324203474 1.0264780102649238
60802.3196 lsst_hardware_i 0.7068339479233192 30.65999984741211 31.260000228881836 AB 7.122660452490236 1.0231380005731794
60804.3225 lsst_hardware_z 20.79040860526908 48.06999969482422 30.969999313354492 AB 8.492524175353578 1.0232778747714906
60804.335 lsst_hardware_r 1.8432613009521894 42.75 31.6299991607666 AB 8.00817622640879 1.0269525809706064
60808.3018 lsst_hardware_z -54.72333653076437 80.0999984741211 31.0 AB 7.06843430457288 1.0232984878136173
60808.3139 lsst_hardware_i 27.966442304789116 94.19999694824219 31.350000381469727 AB 7.001734007639336 1.023645322754289
60810.3061 lsst_hardware_z 93.7546539754389 82.88999938964844 31.0 AB 7.377475805843851 1.0232755752708025
60810.317 lsst_hardware_r 127.9834449161302 123.58000183105469 31.670000076293945 AB 7.483348961464181 1.0262409437005184
60812.3022 lsst_hardware_y 25.031787990121845 77.77999877929688 30.809999465942383 AB 6.355973373181329 1.0235061792562867
60814.2967 lsst_hardware_r 76.3517662890815 46.599998474121094 31.6299991607666 AB 7.597950318945791 1.0234997398728722
60814.3084 lsst_hardware_i 39.53005169924919 43.63999938964844 31.299999237060547 AB 7.5929058572182075 1.0272830518813743
60823.129 lsst_hardware_i -17.824246971864916 33.25 31.209999084472656 AB 9.547804146915587 1.3247040092841604
60823.1387 lsst_hardware_u 2.266477456590941 2.6500000953674316 28.299999237060547 AB 9.213532353094342 1.2760241469557985
60824.2886 lsst_hardware_z -22.258380534425093 41.310001373291016 30.950000762939453 AB 8.566992856510124 1.0316499174924512
60824.3002 lsst_hardware_r -29.254750420539303 23.420000076293945 31.520000457763672 AB 8.9480047775871 1.0414647513704542
60826.2737 lsst_hardware_u 3.155052007197646 2.859999895095825 28.549999237060547 AB 7.136243347524521 1.0264037799680488
60826.2857 lsst_hardware_g -2.6155476225460297 14.789999961853027 31.459999084472656 AB 7.143504639589171 1.033493148088711
60828.052 lsst_hardware_z -55.66694150324166 51.97999954223633 30.850000381469727 AB 19.724186812626794 1.872371624145821
60828.0616 lsst_hardware_u -4.101667531954394 3.859999895095825 28.200000762939453 AB 18.661066931576283 1.7530084324568878
60830.2422 lsst_hardware_i -18.122967965451505 30.809999465942383 31.260000228881836 AB 11.760125570154836 1.0232424580313961
60830.2543 lsst_hardware_z 36.344165418039246 41.11000061035156 30.950000762939453 AB 11.71591040438137 1.0237377201984725
60833.2089 lsst_hardware_z 122.41690492917886 52.04999923706055 30.979999542236328 AB 4.080825765404167 1.0346921311876962
60833.2209 lsst_hardware_r 61.35883798059129 60.880001068115234 31.649999618530273 AB 4.064735985140587 1.0270969008567765
60842.0994 lsst_hardware_i 61.552106555844894 43.369998931884766 31.270000457763672 AB 9.668532021288957 1.2216997752450034
60842.1073 lsst_hardware_z -47.19328017826748 50.150001525878906 30.950000762939453 AB 9.49155857236447 1.1920324737663384
60844.2283 lsst_hardware_r -11.690229442307995 33.40999984741211 31.59000015258789 AB 5.5522642719687 1.028197087401611
