data/validation/pwv_sim_epoch_fit_epoch/6451807.ecsv
# %ECSV 0.9
# ---
# datatype:
# - {name: time, datatype: float64}
# - {name: band, datatype: string}
# - {name: flux, datatype: float64}
# - {name: fluxerr, datatype: float64}
# - {name: zp, datatype: float64}
# - {name: zpsys, datatype: string}
# - {name: pwv, datatype: float64}
# - {name: airmass, datatype: float64}
# meta: {SNID: '6451807', alt: 1024.0, c: -0.04926047474145889, dec: -1.790785, lat: -30.244573, lon: -70.7499537, ra: 129.902344, t0: 61414.46484375,
#   x0: 1.4098253390613463e-05, x1: 0.1822551041841507, z: 0.3981212079524994}
# schema: astropy-2.0
time band flux fluxerr zp zpsys pwv airmass
61379.338 lsst_hardware_r -22.842292778436736 24.709999084472656 31.510000228881836 AB 4.66244863389822 1.140939345135989
61381.3376 lsst_hardware_g -20.291979535206384 15.34000015258789 31.440000534057617 AB 4.956078075985116 1.1382815976080545
61383.3371 lsst_hardware_z -48.296721186875146 43.68000030517578 30.950000762939453 AB 8.382849202558775 1.1367859693830091
61385.3302 lsst_hardware_u 0.6713055567188151 2.869999885559082 28.479999542236328 AB 9.428217200176297 1.1371057057209462
61385.3492 lsst_hardware_y -26.753393813456327 58.869998931884766 30.030000686645508 AB 9.725520524238508 1.140266207043108
61387.3326 lsst_hardware_r -3.3113187611832884 23.788578638907836 31.489999771118164 AB 11.408639655745409 1.1364696163911383
61387.3528 lsst_hardware_z 84.49519928113345 61.3756548708498 30.969999313354492 AB 11.90166795977745 1.1474713013081772
61389.3326 lsst_hardware_z -100.53339180341248 43.11232757015698 30.940000534057617 AB 9.400527974294913 1.1376385228208656
61389.3516 lsst_hardware_y 7.993212441349314 61.8342267670619 30.020000457763672 AB 9.625234593623327 1.1521687469511568
61390.3288 lsst_hardware_u 3.697338659176711 2.9647995443281525 28.450000762939453 AB 12.031999104432547 1.1373045671420596
61390.3474 lsst_hardware_y -74.85385837954877 56.763332444044245 30.020000457763672 AB 12.282749825434797 1.150450977328078
61392.1891 lsst_hardware_g 34.388576295737664 35.51348369551894 32.15999984741211 AB 5.388034856785833 1.6256768148805691
61392.2263 lsst_hardware_i 177.76332139595527 35.69303969581889 31.209999084472656 AB 6.378952381004156 1.3453920938563322
61396.2838 lsst_hardware_y 167.4510496171209 53.25277474277738 30.020000457763672 AB 5.311917605172 1.147282420123542
61396.3046 lsst_hardware_g 541.3771089406298 48.923575045597765 31.65999984741211 AB 6.810189430438844 1.1364047274521454
61405.2517 lsst_hardware_g 2442.3707484516626 55.486798834422586 31.579999923706055 AB 6.5032332525438905 1.1560961013085047
61405.2722 lsst_hardware_r 3830.386712584172 69.1674462062175 31.549999237060547 AB 6.378374500297392 1.138216310316898
61409.2569 lsst_hardware_r 4394.729748694132 70.89757995796332 31.479999542236328 AB 3.0129922112387173 1.1404209732167743
61409.2776 lsst_hardware_u 24.523337039817953 5.064453418847123 28.350000381469727 AB 3.1087784194473005 1.1374966774413833
61411.2562 lsst_hardware_g 2542.663883032446 51.82958230518642 31.399999618530273 AB 8.463377617027234 1.1380606387755134
61411.2761 lsst_hardware_i 3360.4746694005817 65.00798628751383 31.239999771118164 AB 8.638203311002798 1.1391037333190523
61413.2496 lsst_hardware_z 4625.315997582207 89.51769643052202 31.700000762939453 AB 9.15237245338751 1.1385317932996437
61413.2716 lsst_hardware_r 9863.204574907108 104.05199409853192 32.25 AB 10.142424625849417 1.1395982725673501
61415.2519 lsst_hardware_u 13.032686507448586 4.302787625963175 28.350000381469727 AB 7.519934460859573 1.1364567720809406
61415.2717 lsst_hardware_g 2246.147128287809 49.294736408203455 31.399999618530273 AB 7.6308505682703816 1.1432842262746845
61420.1992 lsst_hardware_i 3401.760671533963 65.6650475629241 31.239999771118164 AB 7.076241900383123 1.1749675218568905
61420.2187 lsst_hardware_z 2394.389520354201 63.71942246207955 30.940000534057617 AB 6.192987603904054 1.1468495562785286
61422.1979 lsst_hardware_r 3901.1637930626716 67.55934325966997 31.489999771118164 AB 3.5788370477382183 1.1673927523338807
61422.217 lsst_hardware_u 1.4504278363116574 3.5296151293548212 28.440000534057617 AB 3.668372172266564 1.1435075349958117
61424.1943 lsst_hardware_z 2080.413452677398 69.34672936710771 30.959999084472656 AB 6.752875068576959 1.1642888049270619
61424.2133 lsst_hardware_i 3347.057374903222 73.95459121421419 31.290000915527344 AB 6.844801623888416 1.14216452271687
61426.1901 lsst_hardware_z 1971.4371337023142 85.7558297855002 30.979999542236328 AB 13.36626167328388 1.1622836237638157
61426.21 lsst_hardware_r 3738.438608355364 122.31092213888175 31.6299991607666 AB 13.461127021732421 1.1407090295801723
61430.1904 lsst_hardware_r 2829.638930027381 103.42356387618003 31.6299991607666 AB 8.892883655785244 1.147839129497934
61430.2102 lsst_hardware_i 2603.7739703187794 88.0927660799797 31.309999465942383 AB 9.784311926272814 1.136532307735912
61432.1809 lsst_hardware_z 1571.0826564293438 63.346521507165015 30.959999084472656 AB 12.748397937956074 1.1523454703024563
61432.1993 lsst_hardware_r 2550.322526572339 71.64127715082147 31.600000381469727 AB 12.508765653181676 1.1378846223216297
61434.1719 lsst_hardware_u 11.763145894221086 4.397048500485408 28.600000381469727 AB 11.118860308799864 1.156929138679231
61434.1891 lsst_hardware_r 2096.423160124079 55.094294742579144 31.549999237060547 AB 10.961660006832906 1.1401372957216211
61436.1755 lsst_hardware_i 1776.9479680426202 53.06929848652926 31.239999771118164 AB 11.739438670047036 1.1463735823492054
61436.193 lsst_hardware_z 1268.5974012154968 55.665613143412216 30.950000762939453 AB 11.6421276502316 1.1366490261392825
61438.1767 lsst_hardware_r 1564.708603133554 45.94238096928624 31.5 AB 10.215010776435825 1.1410445071790398
61438.1962 lsst_hardware_u 2.0818673179950222 3.698943202963535 28.479999542236328 AB 10.09156022412229 1.1368850587644337
61440.1776 lsst_hardware_g 343.16978784239967 24.175203353587886 31.440000534057617 AB 10.15966769477973 1.1378281660633587
61440.1953 lsst_hardware_r 1359.0921025713699 43.765179129651585 31.5 AB 10.093429100128676 1.1383459666877578
61442.1412 lsst_hardware_r 1125.9622821803284 41.91645210253862 31.5 AB 4.612696491760196 1.171081917258121
61442.1596 lsst_hardware_i 1585.82242084668 50.497837544548204 31.25 AB 4.500206675979965 1.1459169059915957
61443.1442 lsst_hardware_z 1278.4698809086515 55.13434481248466 30.950000762939453 AB 5.688921845061955 1.161478531045736
61443.1628 lsst_hardware_r 1115.321465822208 40.90974446848749 31.5 AB 5.586198044473007 1.141204912047613
61445.1432 lsst_hardware_u 3.1812913562940657 3.477024246467419 28.43000030517578 AB 6.4687047866394085 1.1551258547570373
61445.161 lsst_hardware_r 989.5383216341062 39.284404802852265 31.5 AB 6.3789127092758156 1.1390915552278242
61447.1308 lsst_hardware_i 1418.3811799106982 48.410670806323104 31.239999771118164 AB 2.3628093067374754 1.1654285700541922
61447.1482 lsst_hardware_z 1163.310960414026 54.34954658424406 30.950000762939453 AB 2.399980111441154 1.1439371360539836
61452.1254 lsst_hardware_y 304.84004223582474 53.42242807667493 30.010000228881836 AB 4.016841653924276 1.1534362251038839
61452.1432 lsst_hardware_r 711.0516131378582 54.07579546041372 31.600000381469727 AB 3.948619081948438 1.138477390278262
61454.1256 lsst_hardware_i 937.523197818873 78.91863264285534 31.309999465942383 AB 6.536156121074037 1.1470965463450398
61454.143 lsst_hardware_z 931.1365368490697 72.60660306307417 30.969999313354492 AB 6.316808356634926 1.1367981445653736
61456.1215 lsst_hardware_r 450.4449419859603 144.11849596266973 31.639999389648438 AB 3.6456338582519847 1.145795193919065
61456.1385 lsst_hardware_z 991.5843120136077 101.46550588319263 30.989999771118164 AB 4.419383196050253 1.1366239091389052
61458.1224 lsst_hardware_r 550.4585075664081 110.4982109099988 31.639999389648438 AB 6.994774787327524 1.140839924538638
61458.1399 lsst_hardware_i 939.4489735679783 91.14282835385046 31.31999969482422 AB 7.3351442453843685 1.1365708689342426
61460.1188 lsst_hardware_z 715.1195179508928 59.568705471287075 30.959999084472656 AB 8.82726112873118 1.139736749997551
61460.1364 lsst_hardware_i 868.4169640416347 60.44745890697689 31.299999237060547 AB 10.708443339350811 1.136938350016012
61464.0931 lsst_hardware_g 110.19830896780367 18.25845999082194 31.420000076293945 AB 6.122522040513717 1.152854500873458
61464.111 lsst_hardware_r 398.8056741735221 30.742911041673295 31.489999771118164 AB 5.933046926515068 1.1382344223530108
61466.092 lsst_hardware_i 721.7675310245414 40.867163511270164 31.25 AB 3.434616449236703 1.1479333052261709
61466.11 lsst_hardware_z 557.1468036518929 48.88335335218904 30.940000534057617 AB 3.2998775932638957 1.1368434519742405
61470.0822 lsst_hardware_r 346.3824928172219 29.911352436077564 31.479999542236328 AB 5.9764118375015585 1.14681050994657
61470.1011 lsst_hardware_i 653.3522105657405 39.66580406050009 31.239999771118164 AB 8.088117186872227 1.1365035859774282
61472.0818 lsst_hardware_z 507.71605943262745 47.809634068086254 30.940000534057617 AB 10.690660434974058 1.1424697232138674
61472.1002 lsst_hardware_i 546.8683212644886 39.17361785201423 31.239999771118164 AB 11.714327477756846 1.136403121553792
61474.0799 lsst_hardware_u -1.6077991521679988 2.765521565895819 28.43000030517578 AB 11.470121888430407 1.1401144961413854
61474.0989 lsst_hardware_g 66.82643187390916 17.17638649313921 31.40999984741211 AB 12.673524733971655 1.1371149121280892
61477.08 lsst_hardware_z 466.4419964554987 47.54155392519423 30.940000534057617 AB 11.713181647660539 1.136834194208399
61477.0987 lsst_hardware_u 1.0154358500647616 2.7693214568062507 28.40999984741211 AB 14.910198294728618 1.1406428591985682
61481.0463 lsst_hardware_r 329.0240200884299 55.414582886824576 31.610000610351562 AB 9.422656115306912 1.1533238819225107
61481.0652 lsst_hardware_i 499.68111773842 53.16123562053502 31.299999237060547 AB 9.299899737228833 1.1379852228246499
61487.0758 lsst_hardware_z 231.371739810659 131.99000549316406 32.4900016784668 AB 6.854694056440936 1.1438152331575484
61489.038 lsst_hardware_r 66.297165594479 51.13999938964844 31.6200008392334 AB 9.445967003752893 1.1406795077591168
61489.0581 lsst_hardware_i -15.950952201858783 50.20000076293945 31.299999237060547 AB 11.715348736772844 1.1371548908117541
61492.024 lsst_hardware_z -79.58904047449775 42.63999938964844 30.950000762939453 AB 7.9814847849025865 1.1450650066810655
61492.0417 lsst_hardware_u 2.3766915979753254 2.859999895095825 28.530000686645508 AB 8.094207317636894 1.1364278438240638
61494.0246 lsst_hardware_g 14.07205200258462 14.520000457763672 31.420000076293945 AB 6.7252807943420585 1.1405224637097495
61494.0439 lsst_hardware_r -6.911199906577596 23.68000030517578 31.489999771118164 AB 5.755558293584768 1.137012701221838
61499.0227 lsst_hardware_i -19.35824678202182 31.43000030517578 31.239999771118164 AB 5.795729008635563 1.13641745267364
61499.0407 lsst_hardware_u 2.37832788363021 2.700000047683716 28.399999618530273 AB 5.8243210603859055 1.1420237373305697
61500.9878 lsst_hardware_y -111.31899315735247 51.04999923706055 30.010000228881836 AB 9.573916224148348 1.1585437875235916
61501.0063 lsst_hardware_g 4.9935136179421535 14.529999732971191 31.399999618530273 AB 9.234320566556448 1.1400395761180802
61504.9846 lsst_hardware_z 8.353520344503549 45.220001220703125 30.950000762939453 AB 6.297591120712389 1.1488809852617694
61505.002 lsst_hardware_u 2.6663056456153074 2.740000009536743 28.399999618530273 AB 6.4551865382848295 1.137210618054759
61512.9748 lsst_hardware_y -14.083757337831592 62.25 30.030000686645508 AB 12.80226812814605 1.1393466050946512
61512.9928 lsst_hardware_z 50.80122162701246 62.66999816894531 30.979999542236328 AB 12.759879278412683 1.1372188033611268
61514.9733 lsst_hardware_y -2.3439870599219006 63.27000045776367 30.040000915527344 AB 10.398634878747263 1.1376439887037295
61514.9922 lsst_hardware_z 61.36644102037876 62.11000061035156 30.979999542236328 AB 10.423996801104321 1.1391101301611104
61517.9717 lsst_hardware_y 66.5304067081757 56.220001220703125 30.030000686645508 AB 7.442760675245593 1.1363571696135568
61517.9903 lsst_hardware_r -39.779159745521085 49.560001373291016 31.610000610351562 AB 7.488847385655541 1.143131867451936
61519.9701 lsst_hardware_y -28.78464630458798 56.70000076293945 30.020000457763672 AB 15.529855591999175 1.1364972136409601
61519.9886 lsst_hardware_r -26.99512709884389 24.25 31.489999771118164 AB 15.803543454371198 1.146395777255248
61743.3364 lsst_hardware_i 30.780970739936382 32.439998626708984 31.239999771118164 AB 4.911423839746396 1.1446761590459282
61745.2383 lsst_hardware_u 2.30114734244853 2.4800000190734863 28.110000610351562 AB 7.8813891537085645 1.4840444671107782
61747.3418 lsst_hardware_r -45.60092239438381 24.469999313354492 31.489999771118164 AB 7.147090273746819 1.136533398067396
61749.3162 lsst_hardware_z 56.80257041858896 60.38999938964844 31.690000534057617 AB 11.550106042227508 1.1483216307237494
61749.3381 lsst_hardware_y -88.78226932341873 49.38999938964844 30.020000457763672 AB 10.202557802050825 1.1363637459472418
61751.3318 lsst_hardware_z -79.92952318718076 51.810001373291016 30.959999084472656 AB 11.968264456722958 1.1364254338624813
61751.3498 lsst_hardware_y 15.416400677636396 60.279998779296875 30.030000686645508 AB 13.294711493618568 1.141928435905071
61753.3314 lsst_hardware_r -23.480793672895334 98.12999725341797 31.639999389648438 AB 8.244284783202243 1.1365156855806462
61753.3512 lsst_hardware_y 258.12360395071966 70.76000213623047 30.030000686645508 AB 9.710728892079883 1.1478629081045308
61755.3333 lsst_hardware_r 129.9169378357406 97.44999694824219 31.639999389648438 AB 12.043879528865352 1.138674741581958
61755.3525 lsst_hardware_y 0.12436811527733477 72.33000183105469 30.030000686645508 AB 12.335175144320742 1.1558542689170581
61757.3138 lsst_hardware_z -157.78683327834736 85.80999755859375 31.719999313354492 AB 7.944676316426706 1.1366316442977953
61759.2914 lsst_hardware_r -19.52573276727323 37.810001373291016 31.56999969482422 AB 4.895449776599351 1.1458492104079276
61759.3115 lsst_hardware_i -63.94826719773226 38.939998626708984 31.270000457763672 AB 5.006095571145156 1.1363285827136889
61763.2991 lsst_hardware_u -2.221407098920971 2.7300000190734863 28.399999618530273 AB 6.914311048887566 1.1364122690332221
61763.3135 lsst_hardware_g 25.617718656975104 14.6899995803833 31.40999984741211 AB 6.925179135465328 1.1396970435238347
61765.2923 lsst_hardware_r 31.062329576675186 23.6200008392334 31.489999771118164 AB 9.709739453852098 1.1365725686353578
61765.3122 lsst_hardware_z 33.273240180318886 42.959999084472656 30.940000534057617 AB 9.717372201609074 1.1423690820497086
61767.2913 lsst_hardware_r -5.223596337629496 23.360000610351562 31.489999771118164 AB 6.96463178267248 1.1363406400183522
61767.3121 lsst_hardware_u 6.330890056853245 2.680000066757202 28.3799991607666 AB 7.1666742787077595 1.1469737442583772
61769.2845 lsst_hardware_g 24.1602106399831 14.460000038146973 31.40999984741211 AB 9.88595140939704 1.1363162539536829
61769.3057 lsst_hardware_r -46.91043872968753 23.649999618530273 31.479999542236328 AB 10.689774865357581 1.146069780432876
61771.2538 lsst_hardware_r 17.79991996693617 23.709999084472656 31.489999771118164 AB 8.138680844097497 1.1508738788611426
61771.2746 lsst_hardware_i -0.5095197772125984 31.719999313354492 31.239999771118164 AB 8.039862029906242 1.1368060757821852
61775.2558 lsst_hardware_u 0.8765893043616126 2.680000066757202 28.3799991607666 AB 11.950370655051584 1.1398312391553993
61775.2779 lsst_hardware_g 1.4556799430269558 14.350000381469727 31.399999618530273 AB 11.880194448886495 1.1383131059297185
61779.2462 lsst_hardware_r -38.12438267427552 49.86000061035156 31.600000381469727 AB 7.9274734544297685 1.139127557485328
61779.2672 lsst_hardware_y 10.687361463823622 50.470001220703125 30.010000228881836 AB 9.001365747541223 1.1384046727635289
61781.2524 lsst_hardware_z 23.858970784606026 106.0 31.729999542236328 AB 6.95592643591903 1.1363107793709109
61781.2749 lsst_hardware_r 38.37841672011947 151.35000610351562 32.380001068115234 AB 7.0289825113716935 1.1479950749443384
61784.2294 lsst_hardware_i 82.67463962645061 98.58999633789062 31.31999969482422 AB 9.007601828380295 1.1409248674325896
61784.2482 lsst_hardware_z 118.39871899157517 85.55999755859375 30.989999771118164 AB 8.964252050159601 1.1367299074511288
61785.1977 lsst_hardware_z -56.35782934126116 70.01000213623047 30.969999313354492 AB 7.1620421400849965 1.179276687125509
