data/validation/pwv_sim_epoch_fit_epoch/6460549.ecsv
# %ECSV 0.9
# ---
# datatype:
# - {name: time, datatype: float64}
# - {name: band, datatype: string}
# - {name: flux, datatype: float64}
# - {name: fluxerr, datatype: float64}
# - {name: zp, datatype: float64}
# - {name: zpsys, datatype: string}
# - {name: pwv, datatype: float64}
# - {name: airmass, datatype: float64}
# meta: {SNID: '6460549', alt: 1024.0, c: -0.04869043081998825, dec: -46.178181, lat: -30.244573, lon: -70.7499537, ra: 103.653847, t0: 60665.609375,
#   x0: 4.056680677680214e-06, x1: -0.26497188210487366, z: 0.6681711077690125}
# schema: astropy-2.0
time band flux fluxerr zp zpsys pwv airmass
60619.3272 lsst_hardware_z -75.18397133241277 40.959999084472656 30.950000762939453 AB 3.4776463660271437 1.0538322321294376
60619.3392 lsst_hardware_y -3.3659004400341646 47.08000183105469 30.040000915527344 AB 3.580444372822651 1.0455378516052931
60625.3034 lsst_hardware_r -28.40535216805713 30.31999969482422 32.22999954223633 AB 3.901416375426654 1.0609122460314044
60625.3117 lsst_hardware_y 8.538665093399622 46.959999084472656 30.040000915527344 AB 3.8692432214734245 1.0530940952071308
60636.3561 lsst_hardware_z 34.86639795829103 67.65902862948798 30.989999771118164 AB 7.024626004261662 1.0639476965649102
60641.3451 lsst_hardware_u -1.3470659366163997 4.989124973631071 28.829999923706055 AB 4.096075365999999 1.0670567990621742
60643.3342 lsst_hardware_r 155.2507126452363 25.19406567278492 31.479999542236328 AB 6.524154469743856 1.0608956262795224
60643.346 lsst_hardware_i 186.13205905030577 37.19485028540277 31.260000228881836 AB 6.584309496457515 1.0753404371153872
60647.332 lsst_hardware_r 372.9774147344926 29.628573053955677 31.469999313354492 AB 3.868764054945381 1.071185248254374
60647.3445 lsst_hardware_u 19.397167128160092 6.372927111411657 28.799999237060547 AB 4.697876893714968 1.089826065662303
60649.3325 lsst_hardware_g 185.17564393667365 18.232677795919443 31.40999984741211 AB 4.745425756169072 1.0794872056799527
60649.3455 lsst_hardware_i 532.5604783504106 40.964315501203 31.270000457763672 AB 4.6468995967137525 1.1013567806397095
60651.33 lsst_hardware_z 426.699438000122 46.316278789639355 30.950000762939453 AB 5.96275697657994 1.0840062374099593
60651.3418 lsst_hardware_r 707.4527693578216 35.966902937075744 31.489999771118164 AB 6.9471159643000115 1.1047333965651605
60657.2832 lsst_hardware_i 1145.5291251303404 57.53027800131737 31.309999465942383 AB 8.304861000525914 1.0496538170532435
60657.2961 lsst_hardware_z 649.19483153683 55.439212608569754 30.969999313354492 AB 7.643145322511267 1.061032181927017
60659.2911 lsst_hardware_r 1501.211845007314 87.07803773361866 31.649999618530273 AB 11.123401590321134 1.0615242541940744
60659.304 lsst_hardware_z 915.7745414640277 63.78074509979033 30.979999542236328 AB 11.406131291082872 1.0777390936676314
60661.2841 lsst_hardware_z 1712.1378119561748 86.75531594068136 31.729999542236328 AB 5.569460624157932 1.0599075026943539
60661.2969 lsst_hardware_i 2328.4658272247952 94.73716837065959 32.060001373291016 AB 7.52213749512082 1.0754104310599724
60664.2275 lsst_hardware_g 335.52787829243346 48.58596894030273 31.700000762939453 AB 6.143345700376323 1.0412450339620887
60664.2402 lsst_hardware_r 1521.908693625367 59.09476858408766 31.6200008392334 AB 6.137462994473354 1.0402479651649752
60666.2251 lsst_hardware_i 2525.538780324699 70.06296957434822 32.029998779296875 AB 7.020065983435348 1.0406264428453935
60666.2385 lsst_hardware_r 2794.3856200746914 69.35060761096447 32.33000183105469 AB 7.040145068985592 1.040748772116974
60667.2278 lsst_hardware_u 1.958495719419185 3.614500880095487 28.65999984741211 AB 7.220344801452773 1.0401207368060215
60667.2394 lsst_hardware_g 243.91471892491262 26.405097756886708 31.56999969482422 AB 7.520881929959902 1.0415772223190463
60671.2207 lsst_hardware_z 827.093493877123 49.74039366901459 30.959999084472656 AB 6.269063287982111 1.0402206783155266
60671.2326 lsst_hardware_r 1040.4146278714475 39.28469984099654 31.489999771118164 AB 6.261069073996484 1.04293210560741
60673.221 lsst_hardware_u 3.399066714477884 2.6540269309160354 28.43000030517578 AB 9.357732922965681 1.0410783693570318
60673.2347 lsst_hardware_g 127.64035943168778 17.275603434171355 31.389999389648438 AB 9.41507066021707 1.0465647212942877
60677.2274 lsst_hardware_r 798.9334498335397 35.42787791635828 31.479999542236328 AB 5.783297148284085 1.0488388009220315
60677.2401 lsst_hardware_u 3.2341045308513756 2.5428627379755135 28.360000610351562 AB 5.772661592004177 1.0595928032313093
60679.204 lsst_hardware_u 2.5095017485054534 2.564848210770391 28.3799991607666 AB 2.631864790066662 1.0409484996967682
60679.2168 lsst_hardware_g 66.79897272470757 15.581515067523764 31.3799991607666 AB 2.7342924183565183 1.0457184887107824
60681.2109 lsst_hardware_r 585.2727754419843 32.93762961097945 31.479999542236328 AB 7.341656867039159 1.0454849751915927
60681.2242 lsst_hardware_i 779.4830883087187 40.97385159546362 31.239999771118164 AB 7.41124158289386 1.0548558770576009
60685.1949 lsst_hardware_z 1371.9745368199062 75.0222595973516 31.719999313354492 AB 7.974135826023001 1.0431433950232853
60687.1762 lsst_hardware_r 574.0035207914873 73.60382561216872 31.649999618530273 AB 6.511332545783993 1.0401766627094404
60687.1897 lsst_hardware_z 547.3496093817591 59.262481095091516 30.979999542236328 AB 6.567249454802577 1.043248523399933
60691.1814 lsst_hardware_z 545.0015503640119 57.74229717140606 30.979999542236328 AB 5.346253361428782 1.0443940928753237
60691.1932 lsst_hardware_r 340.6988967306208 69.88721180430089 31.649999618530273 AB 5.4261414020281045 1.0517816247389231
60693.184 lsst_hardware_i 432.9596817850386 49.29869261362012 31.309999465942383 AB 6.542346838982488 1.0490414237124148
60693.1975 lsst_hardware_z 513.8270808574628 52.36981666478684 30.969999313354492 AB 6.577917440045539 1.0607263126282829
60696.1661 lsst_hardware_z 385.0498670187747 46.22138663786673 30.950000762939453 AB 12.420991842038966 1.0436565822308799
60696.1798 lsst_hardware_r 215.04252486990237 31.559506565762405 31.540000915527344 AB 12.097796665890874 1.0519823187731194
60700.1615 lsst_hardware_r 136.38477831168413 24.830130615545237 31.489999771118164 AB 8.184102236698141 1.0468839138307628
60700.175 lsst_hardware_z 280.3088288717585 44.626543422901634 30.950000762939453 AB 8.141442168317434 1.0573301517295368
60702.1492 lsst_hardware_r 131.81472155188519 24.50857391111105 31.489999771118164 AB 11.477863442920913 1.0434421311746285
60702.1602 lsst_hardware_u -3.166380295263132 2.7160471191570212 28.440000534057617 AB 11.5454117151884 1.0495828831989455
60706.1523 lsst_hardware_i 176.93250106139772 32.873313130649194 31.25 AB 9.550123403338949 1.0518336255673715
60706.1642 lsst_hardware_z 346.9489646578168 43.97842828273577 30.950000762939453 AB 9.647533164698206 1.0631085784530339
60708.1517 lsst_hardware_r 112.72318835335395 23.950607501515652 31.5 AB 7.549831022577624 1.0559696520925392
60708.1635 lsst_hardware_u 7.496046973754554 3.0342985128885385 28.520000457763672 AB 7.66955391470997 1.0687287725453996
60712.1491 lsst_hardware_z 193.44230954014844 45.32872110768091 30.950000762939453 AB 4.168471113154218 1.064562300116
60712.1611 lsst_hardware_r 102.44800595555087 29.400491487134552 31.549999237060547 AB 4.219633230849109 1.080433550339037
60715.093 lsst_hardware_i 144.02493782175125 49.7033880213149 31.309999465942383 AB 6.167898795113251 1.0404102550092635
60715.1057 lsst_hardware_r 98.11087793098157 57.05389700459469 31.639999389648438 AB 6.1985972441896475 1.0409646066149205
60717.0883 lsst_hardware_z 860.3136441046528 115.72229053267606 32.4900016784668 AB 1.675707354422949 1.040327396816954
60719.0991 lsst_hardware_r 97.77503663938369 81.04171179231034 31.65999984741211 AB 3.5513067713091044 1.0421010724240538
60719.1119 lsst_hardware_i 213.2142122873322 64.89041762937377 31.329999923706055 AB 3.5691583208489592 1.0483135855244603
60721.0841 lsst_hardware_z 140.52010480363884 52.8914843462929 30.979999542236328 AB 1.553247650060569 1.0402372921490584
60721.0969 lsst_hardware_r -65.29065291860535 62.58030874630519 31.649999618530273 AB 1.559353113684145 1.043278175970668
60723.0923 lsst_hardware_u -4.518668581437546 6.509729537199237 28.989999771118164 AB 2.4374110618188873 1.0436356505325999
60723.1037 lsst_hardware_g 10.817123720282378 38.586441343199 31.68000030517578 AB 2.4592896887269484 1.0501930986343326
60725.0794 lsst_hardware_r 49.34532340167883 23.014632723923516 31.489999771118164 AB 3.024653989347107 1.0411889808423778
60725.0933 lsst_hardware_z 166.6559928776621 42.71275459096653 30.950000762939453 AB 3.53906621563891 1.0469319508854564
60728.0813 lsst_hardware_r 55.23418932168666 22.920526995925485 31.489999771118164 AB 5.622382840700358 1.044858361029615
60728.0935 lsst_hardware_u 5.146591776955393 3.0659124633717263 28.459999084472656 AB 6.460894501367331 1.0528631143758382
60730.0773 lsst_hardware_g 18.39368068943266 13.628458623002091 31.40999984741211 AB 8.28175480261945 1.0456101007031688
60730.0902 lsst_hardware_r 39.23527248819056 22.915851314225538 31.5 AB 8.169952629138617 1.0546977736502798
60732.0729 lsst_hardware_i 116.78191127055122 31.099153217465833 31.25 AB 6.728404740323408 1.0461912626189607
60732.0854 lsst_hardware_z 112.17344624209598 42.14370047203386 30.940000534057617 AB 6.0332395994195815 1.0552848904328336
60734.0782 lsst_hardware_r 98.90648676022406 22.519531184722435 31.469999313354492 AB 5.82558453328399 1.053768682535518
60734.0896 lsst_hardware_u 2.869609819868657 2.7457566053244493 28.420000076293945 AB 5.550134930261691 1.065233900534848
60737.0567 lsst_hardware_u 1.310691589537421 2.6287908686547095 28.40999984741211 AB 6.5559032540482205 1.0448487136900504
60737.0686 lsst_hardware_g 2.903882523887592 13.233487233218094 31.360000610351562 AB 6.628845147754555 1.052601418177008
60739.0535 lsst_hardware_r 62.3932697114879 24.03031814331985 31.5 AB 11.192563564682885 1.0460339780077463
60739.0673 lsst_hardware_z 69.83673580426496 42.490929364816736 30.950000762939453 AB 11.301446033342868 1.056209909658212
60741.0506 lsst_hardware_r 58.38317957946251 32.19007921339571 31.559999465942383 AB 6.807955834619212 1.04753898055381
60741.0629 lsst_hardware_y 46.840968754743606 47.81934555996146 30.030000686645508 AB 6.835897452227439 1.057206534523249
60750.0387 lsst_hardware_i 66.94963337646911 55.09000015258789 31.31999969482422 AB 8.58710424200372 1.057568567100914
60750.051 lsst_hardware_z 80.04663492044779 54.13999938964844 30.969999313354492 AB 8.345345140182939 1.071541673074489
60752.0306 lsst_hardware_r 21.74842746581979 36.0 31.600000381469727 AB 8.081712492156335 1.0551227223913227
60752.0436 lsst_hardware_u -9.824401077609314 6.269999980926514 29.049999237060547 AB 7.285064179433449 1.0690533684692125
60993.2275 lsst_hardware_r 19.599123589073454 22.219999313354492 31.450000762939453 AB 8.81538159139141 1.2085798726887047
60993.2355 lsst_hardware_i -31.95019244651169 30.93000030517578 31.229999542236328 AB 8.589751581161181 1.182265718967887
61004.3538 lsst_hardware_r 5.7824809387076375 31.3700008392334 31.559999465942383 AB 5.9727449565973725 1.0702565326598645
61009.3433 lsst_hardware_z 67.20536635719627 44.31999969482422 30.959999084472656 AB 6.562553492810058 1.0744486849363664
61009.355 lsst_hardware_i 33.69938063719773 46.97999954223633 31.299999237060547 AB 6.6656830182150655 1.0926155094877716
61011.3384 lsst_hardware_z 57.69951187102691 42.59000015258789 30.950000762939453 AB 7.134388841372003 1.075225325552416
61011.3503 lsst_hardware_g 45.340672306204496 25.790000915527344 31.610000610351562 AB 7.243273146272459 1.0939434617742056
61017.2927 lsst_hardware_z 21.69198241750403 49.33000183105469 30.969999313354492 AB 5.774009074316033 1.0465533167959067
61017.3054 lsst_hardware_r 62.865820733272685 54.75 31.639999389648438 AB 5.843880930011362 1.0560594416018778
61020.2882 lsst_hardware_z 8.725090136263391 43.06999969482422 30.950000762939453 AB 10.006237731378329 1.048871879599269
61020.302 lsst_hardware_r -7.265309883597521 33.09000015258789 31.56999969482422 AB 8.779415771821414 1.060785666577963
61022.2851 lsst_hardware_i -13.369353497290424 31.059999465942383 31.260000228881836 AB 11.018114352013093 1.0505448466831706
61022.2984 lsst_hardware_z -9.216660376069578 41.52000045776367 30.950000762939453 AB 10.675232038825044 1.0627937715988673
61024.2823 lsst_hardware_r -5.235431799725824 21.649999618530273 31.479999542236328 AB 8.596890185009654 1.0526096116016574
61024.2958 lsst_hardware_u 4.166886763625889 2.609999895095825 28.3799991607666 AB 8.801724403375752 1.0660714870307981
61026.2853 lsst_hardware_g 2.1324349753477483 12.65999984741211 31.3799991607666 AB 7.443596459140201 1.0604546723853019
61026.2981 lsst_hardware_r 0.5296465949134365 21.530000686645508 31.479999542236328 AB 7.179257406458104 1.0761487586971115
61028.2829 lsst_hardware_i -48.90188597619022 29.809999465942383 31.239999771118164 AB 4.629047702342072 1.0637820756847989
61028.2956 lsst_hardware_z 19.868620306228003 41.25 30.950000762939453 AB 5.291739718022659 1.0804613866513288
61030.2895 lsst_hardware_r 14.281282047567988 21.530000686645508 31.469999313354492 AB 5.778251854883444 1.0795090026560177
61030.3027 lsst_hardware_g 18.89335918865533 12.729999542236328 31.360000610351562 AB 6.6022861734715255 1.1017582266952899
61034.2234 lsst_hardware_g -19.8756490981093 12.699999809265137 31.389999389648438 AB 6.853109574266454 1.0401228722089098
61034.2355 lsst_hardware_i 5.799681298625191 29.639999389648438 31.25 AB 6.950366417532 1.0418386985245642
61038.2182 lsst_hardware_y 32.70873171510803 46.880001068115234 30.049999237060547 AB 7.448701977437769 1.0404668218239204
61038.2308 lsst_hardware_g 10.83818682513861 12.670000076293945 31.3799991607666 AB 7.505931184860476 1.0441945097707825
61040.2227 lsst_hardware_r 7.457839016086196 45.47999954223633 31.6200008392334 AB 7.027800106539197 1.0430743129765911
61040.2366 lsst_hardware_i -25.66309154859873 41.40999984741211 31.299999237060547 AB 7.089421950912606 1.0510373280985308
61042.2278 lsst_hardware_z -21.92966072930235 55.619998931884766 30.969999313354492 AB 5.657865774904646 1.048659169944022
61042.2404 lsst_hardware_r 19.81588208480136 73.5999984741211 31.649999618530273 AB 5.7974390764928945 1.0592154220145362
61043.2059 lsst_hardware_r -84.04667580520541 82.0 31.65999984741211 AB 3.9317506743475397 1.0406733593349908
61043.2182 lsst_hardware_z -51.46953773004051 58.619998931884766 30.979999542236328 AB 3.637627992750289 1.044695000789859
61045.2057 lsst_hardware_z -17.37676078610126 54.66999816894531 30.979999542236328 AB 11.854560244190198 1.0419148839120673
61045.2171 lsst_hardware_i 26.27855421780618 57.7400016784668 31.31999969482422 AB 12.230543770361228 1.0470683620795935
61048.2091 lsst_hardware_z -18.02411463066331 45.869998931884766 30.969999313354492 AB 8.398948482243789 1.0471851483378578
61048.2216 lsst_hardware_r -22.430659084063915 43.83000183105469 31.6200008392334 AB 8.476523139026849 1.0568571958140824
61054.1863 lsst_hardware_u 1.515297327769446 2.569999933242798 28.399999618530273 AB 8.265803468569061 1.0438377843789872
61054.1998 lsst_hardware_g -1.7752051663966562 12.640000343322754 31.3799991607666 AB 8.356537315690469 1.0521514226327866
61056.1629 lsst_hardware_g 25.07466861898207 12.630000114440918 31.3799991607666 AB 4.558424196383284 1.0401424292945316
61056.1758 lsst_hardware_r 17.36217977217824 21.350000381469727 31.479999542236328 AB 5.406998936229751 1.0419615428491074
61058.1655 lsst_hardware_i -28.0343670377874 41.58000183105469 31.989999771118164 AB 4.532328971104018 1.040778224032153
61058.1786 lsst_hardware_z 77.48385123486553 40.43000030517578 30.940000534057617 AB 6.484360318688859 1.0453868369866746
61060.1635 lsst_hardware_r 18.976090783635538 21.200000762939453 31.469999313354492 AB 7.677372204624186 1.0415645373252131
61060.1766 lsst_hardware_u 1.825800930200192 2.5299999713897705 28.360000610351562 AB 9.276755600952475 1.0473531086428354
61062.1619 lsst_hardware_g 3.7042520931375376 12.59000015258789 31.3700008392334 AB 10.726310447843261 1.0428067711300097
61062.1762 lsst_hardware_i -12.780388675463852 29.670000076293945 31.239999771118164 AB 10.234523736756275 1.0507994288104185
61064.1615 lsst_hardware_z -23.226043015396748 40.65999984741211 30.940000534057617 AB 14.765806179107763 1.0450215512827217
61064.1735 lsst_hardware_r -6.699331793839852 21.31999969482422 31.469999313354492 AB 11.977524098578874 1.0529691515234174
