data/validation/pwv_sim_epoch_fit_epoch/6481841.ecsv
# %ECSV 0.9
# ---
# datatype:
# - {name: time, datatype: float64}
# - {name: band, datatype: string}
# - {name: flux, datatype: float64}
# - {name: fluxerr, datatype: float64}
# - {name: zp, datatype: float64}
# - {name: zpsys, datatype: string}
# - {name: pwv, datatype: float64}
# - {name: airmass, datatype: float64}
# meta: {SNID: '6481841', alt: 1024.0, c: -0.0868413969874382, dec: 1.342993, lat: -30.244573, lon: -70.7499537, ra: 341.015625, t0: 60978.28125,
#   x0: 2.9537955026916912e-05, x1: 0.5089242458343506, z: 0.2897932231426239}
# schema: astropy-2.0
time band flux fluxerr zp zpsys pwv airmass
60831.4056 lsst_hardware_i 3.7412276092772485 33.720001220703125 31.239999771118164 AB 5.5304872477527836 1.2022798364679965
60831.4286 lsst_hardware_y 20.529535752859157 51.18000030517578 30.0 AB 5.183613786180871 1.1780940423138342
60845.3862 lsst_hardware_i 7.751057776463935 41.279998779296875 31.270000457763672 AB 3.4461495899345747 1.1805588249511803
60845.4079 lsst_hardware_z -71.64079656181146 47.869998931884766 30.950000762939453 AB 3.4319478216505015 1.1768695736356523
60850.3443 lsst_hardware_g 22.943368174261956 15.489999771118164 31.389999389648438 AB 4.16761580020527 1.220117338858309
60850.371 lsst_hardware_r -18.136804330804985 25.010000228881836 31.489999771118164 AB 4.031326286727464 1.181687318401719
60853.3345 lsst_hardware_i -23.281416126111882 33.150001525878906 31.239999771118164 AB 8.810333088146344 1.2236573733536589
60853.361 lsst_hardware_r -17.46338809358501 25.010000228881836 31.5 AB 8.518687608230689 1.1831510566987067
60859.3313 lsst_hardware_z -55.28729441735378 43.54999923706055 30.93000030517578 AB 7.694653803592592 1.198917700777924
60859.3536 lsst_hardware_u 1.6882102070735305 2.7300000190734863 28.3700008392334 AB 7.658504945182523 1.1774616512561054
60862.3375 lsst_hardware_g 18.263685426937144 15.430000305175781 31.43000030517578 AB 6.73895515773991 1.1822728346912121
60862.357 lsst_hardware_r 53.42854194014893 24.850000381469727 31.5 AB 6.675861733367782 1.1758107908238915
60864.3308 lsst_hardware_i -31.915725219204486 53.869998931884766 31.290000915527344 AB 1.5429282609539405 1.1833028140504434
60864.351 lsst_hardware_z -22.60548514323294 53.720001220703125 30.959999084472656 AB 1.783805662453979 1.1757479923897478
60869.3194 lsst_hardware_z -76.46487700432694 79.81999969482422 30.979999542236328 AB 7.207120374935415 1.1814951434320353
60869.3394 lsst_hardware_r -71.28327319397107 111.5 31.6299991607666 AB 7.14737008758865 1.1760701109459166
60871.3244 lsst_hardware_i 143.36480377359933 84.6500015258789 31.309999465942383 AB 5.6187143150677965 1.1762835272298249
60871.3448 lsst_hardware_r 98.04023096903342 98.25 31.6200008392334 AB 4.399594251771838 1.1810991279924397
60876.2896 lsst_hardware_z 18.386475731941587 44.099998474121094 30.940000534057617 AB 3.3677309970064413 1.192328198621505
60876.3113 lsst_hardware_u 1.099969994437317 2.75 28.3799991607666 AB 3.900136794706397 1.176157055098431
60878.2936 lsst_hardware_g 8.026179399827186 14.890000343322754 31.389999389648438 AB 5.776905036858435 1.1824593259356124
60878.3158 lsst_hardware_r 24.904305597007593 24.3700008392334 31.469999313354492 AB 5.731505083615906 1.1762965795004423
60880.2897 lsst_hardware_i 6.82713004349121 32.4900016784668 31.239999771118164 AB 6.9723667457380865 1.1812565431153046
60880.3109 lsst_hardware_z 60.10107533080767 43.380001068115234 30.940000534057617 AB 6.078106870149384 1.1764457311815317
60882.2841 lsst_hardware_i -0.6362601150322335 32.33000183105469 31.229999542236328 AB 12.575978705397748 1.1813607250812013
60882.3062 lsst_hardware_u 0.23203615610907102 2.6500000953674316 28.309999465942383 AB 9.852659030790829 1.176671062594446
60895.2543 lsst_hardware_i 15.099690287616948 123.29000091552734 32.06999969482422 AB 3.647766436375065 1.1779337810204455
60895.2738 lsst_hardware_z -20.971672490800046 106.97000122070312 31.729999542236328 AB 3.692242322618072 1.1778739863732683
60898.2479 lsst_hardware_z 102.25605897058642 100.73999786376953 30.979999542236328 AB 7.614760893000431 1.1771762691436305
60898.2674 lsst_hardware_r -28.939685275828687 144.55999755859375 31.6299991607666 AB 7.908705858799541 1.1787764442820794
60900.2431 lsst_hardware_i -92.14637640286759 69.3499984741211 31.309999465942383 AB 4.146834917707257 1.1769357161014895
60900.2616 lsst_hardware_r 97.96908964204601 81.63999938964844 31.6200008392334 AB 4.007221269085832 1.1785944909075978
60903.2319 lsst_hardware_u 4.890335794626089 3.1600000858306885 28.479999542236328 AB 5.205309939177393 1.1782050564004964
60903.2529 lsst_hardware_g 15.246394198204161 21.350000381469727 31.530000686645508 AB 5.33980970162347 1.1783324093321377
60905.2117 lsst_hardware_g -9.215909261940316 15.270000457763672 31.40999984741211 AB 3.0116120470397587 1.1907527039366426
60905.231 lsst_hardware_r 51.377637656157795 24.760000228881836 31.489999771118164 AB 2.8950563103882896 1.1764536310416347
60907.1841 lsst_hardware_i -16.825959116881876 33.0 31.229999542236328 AB 2.6821203742007693 1.2306126974997795
60907.2016 lsst_hardware_z -28.933719545179077 43.779998779296875 30.940000534057617 AB 2.6075358394624217 1.196940940767694
60911.2165 lsst_hardware_g 13.19605105786274 15.289999961853027 31.399999618530273 AB 3.0155156457914853 1.1760217013161463
60911.2357 lsst_hardware_r -29.763826218957224 24.739999771118164 31.469999313354492 AB 3.038049714343057 1.1812012886248278
60913.186 lsst_hardware_i 28.788617600170205 32.97999954223633 31.229999542236328 AB 2.5560719951830326 1.1958231556413583
60913.2047 lsst_hardware_r 1.2095091646515446 24.940000534057617 31.489999771118164 AB 2.486504829435782 1.1781591231633013
60931.134 lsst_hardware_i 13.572806072945378 32.93000030517578 31.229999542236328 AB 4.330754313747341 1.2000704714228863
60931.1517 lsst_hardware_z -100.28541609599334 43.77000045776367 30.940000534057617 AB 4.218958860176753 1.1804035048291217
60933.129 lsst_hardware_r 6.471015649032287 25.09000015258789 31.489999771118164 AB 1.6361240486772446 1.1993578854078764
60933.1468 lsst_hardware_g -13.0172953824104 15.710000038146973 31.440000534057617 AB 1.6164501937947293 1.1800342088780116
60935.1236 lsst_hardware_r -38.09156243459185 24.940000534057617 31.489999771118164 AB 1.526065090325956 1.199265296916272
60935.142 lsst_hardware_i -1.2373566452198064 32.689998626708984 31.229999542236328 AB 0.8068588172661061 1.1796181538992436
60937.1038 lsst_hardware_i -0.8261355828467547 32.9900016784668 31.229999542236328 AB 6.794876911881691 1.2268073384476768
60937.1234 lsst_hardware_z 42.80758549438886 43.83000183105469 30.940000534057617 AB 6.66161320955973 1.1919150491250186
60939.1051 lsst_hardware_r -45.11799029414589 24.799999237060547 31.479999542236328 AB 4.631413155705951 1.2124118208654322
60939.1248 lsst_hardware_u -1.3396366168841845 2.690000057220459 28.329999923706055 AB 4.564807448247138 1.1844336918133391
60944.106 lsst_hardware_i 6.815418797249768 32.540000915527344 31.229999542236328 AB 4.434485735736795 1.1898271359635246
60944.1261 lsst_hardware_z -68.23889474425216 43.36000061035156 30.940000534057617 AB 3.3028473488671164 1.1760880767479347
60949.1028 lsst_hardware_r 33.10549112497103 44.369998931884766 31.579999923706055 AB 7.495912708757241 1.180241851957512
60949.12 lsst_hardware_i 64.78372016004174 43.16999816894531 31.280000686645508 AB 7.411478735322086 1.1759274490145435
60951.0667 lsst_hardware_i 46.72843688630059 68.83999633789062 31.290000915527344 AB 3.492730644744326 1.2242308604083723
60951.0846 lsst_hardware_z 39.99702959858963 63.95000076293945 30.959999084472656 AB 4.239075377797438 1.192649923416843
60954.0703 lsst_hardware_r -115.32337323091235 149.8976305494708 31.6299991607666 AB 4.534562151399002 1.201500271959814
60954.089 lsst_hardware_z 104.67336538118387 100.61809576879203 30.989999771118164 AB 4.053091252378298 1.180340121063427
60956.0703 lsst_hardware_g 261.02270269626376 103.7248349138587 31.670000076293945 AB 6.669857450499677 1.1934969044465737
60956.0871 lsst_hardware_r 102.08483450856592 102.49792683229771 31.6299991607666 AB 10.983872117336032 1.1782636696730724
60958.0689 lsst_hardware_i 373.9226422581677 37.93365265909673 31.229999542236328 AB 2.9166665350733134 1.1885356703639232
60958.0862 lsst_hardware_z 294.4416384618897 46.63873612678371 30.93000030517578 AB 3.7198699720174786 1.1764914781563898
60962.0692 lsst_hardware_r 2218.178552000878 52.65575618131029 31.489999771118164 AB 8.489339195216454 1.1790748882245075
60962.088 lsst_hardware_i 1560.773123748863 50.21765511993906 31.239999771118164 AB 8.480684885536192 1.1767696791946705
60964.0692 lsst_hardware_z 1565.6701628705903 57.97812221284134 30.93000030517578 AB 9.646374533899591 1.176674131971222
60964.0883 lsst_hardware_i 2241.8203853190576 56.508650063130176 31.229999542236328 AB 9.098492059746501 1.1794268754802535
60966.0364 lsst_hardware_r 4159.562496738034 69.5663105178247 31.469999313354492 AB 6.312017299179895 1.2033586615112122
60966.0551 lsst_hardware_u 68.90217201599279 8.61121724307589 28.309999465942383 AB 6.960796527990162 1.1811306325775164
60969.0383 lsst_hardware_g 5306.779075064199 74.46340138735329 31.40999984741211 AB 3.9328021664794863 1.1891756790241859
60969.0556 lsst_hardware_r 6039.8077966639 81.79849577428956 31.489999771118164 AB 3.399656816736411 1.1766572005663791
60971.0119 lsst_hardware_i 4886.912686726343 76.93312957936517 31.229999542236328 AB 4.793323092776191 1.2246609843578364
60971.0214 lsst_hardware_z 3211.714422285206 70.66522110664133 30.93000030517578 AB 4.803325068653005 1.2056538826940273
60973.0387 lsst_hardware_r 7766.550144872363 91.3354217036536 31.489999771118164 AB 4.269324032129062 1.1793441307877062
60973.0571 lsst_hardware_g 6958.1260121552605 84.0994328945728 31.43000030517578 AB 4.485530840982891 1.1765069636028656
60975.0388 lsst_hardware_r 8232.09464537941 94.37313763520537 31.5 AB 5.04803399951908 1.1767893386088462
60975.0561 lsst_hardware_i 5704.317445237765 82.50633485021463 31.239999771118164 AB 3.41974853703869 1.1782417653238475
60977.0396 lsst_hardware_z 3566.1700081183776 73.92215830524486 30.940000534057617 AB 3.704552911353019 1.1756753130284139
60977.0567 lsst_hardware_i 6026.805789764231 86.5205473298263 31.260000228881836 AB 2.869617289032584 1.1821286463571463
60980.0115 lsst_hardware_y 950.9624302829069 68.34526943535727 30.010000228881836 AB 4.9591851167236545 1.1857223973516877
60980.0318 lsst_hardware_z 3527.56444487365 90.64955566569931 30.969999313354492 AB 4.9192844711612596 1.1756669585138033
61218.3429 lsst_hardware_z -119.03108919001176 106.88999938964844 32.459999084472656 AB 8.698498958941116 1.2081248554084882
61219.3989 lsst_hardware_z -75.13923584524366 56.029998779296875 30.959999084472656 AB 6.1421199463002125 1.1874184713816625
61219.4195 lsst_hardware_r 71.00269100219516 56.34000015258789 31.59000015258789 AB 6.114881018389587 1.220372741828683
61221.3784 lsst_hardware_i -34.836933869682305 74.81999969482422 31.309999465942383 AB 4.772120753152279 1.1768968933747548
61221.3976 lsst_hardware_z 2.113924597774837 67.04000091552734 30.969999313354492 AB 4.843891636726574 1.1922936421217667
61224.3388 lsst_hardware_z -73.56161407255524 73.86000061035156 30.969999313354492 AB 7.770762589828155 1.1898273755669837
61224.3585 lsst_hardware_i 70.04794852686764 81.87000274658203 31.309999465942383 AB 7.6858830347357845 1.17620063275473
61232.3317 lsst_hardware_r 23.455435205114693 24.649999618530273 31.489999771118164 AB 10.102019648412414 1.1778720513510657
61232.3518 lsst_hardware_i 10.974776367353561 32.5099983215332 31.239999771118164 AB 11.05826487584151 1.1783437242827166
61234.3323 lsst_hardware_z -101.81494542145917 43.81999969482422 30.940000534057617 AB 7.173578657169335 1.1759965011753009
61234.3504 lsst_hardware_u 3.9991785071201718 2.759999990463257 28.3799991607666 AB 7.124814608425833 1.1807780259240286
61236.3344 lsst_hardware_g 5.515059045814693 14.979999542236328 31.389999389648438 AB 4.271594860597346 1.1760999065521325
61236.3549 lsst_hardware_r 18.885114284358576 24.489999771118164 31.469999313354492 AB 4.356548814422846 1.1901512947473967
61239.2934 lsst_hardware_r -6.736251488243956 24.389999389648438 31.469999313354492 AB 2.152014426074624 1.1955635700414577
61239.3145 lsst_hardware_i -2.503730762575066 32.459999084472656 31.229999542236328 AB 2.1187735258268767 1.1770964032371536
61243.2957 lsst_hardware_z 2.717783996371597 43.7400016784668 30.93000030517578 AB 5.685118252338565 1.1814460208517383
61243.3154 lsst_hardware_i -4.01636385548485 32.41999816894531 31.229999542236328 AB 5.651283495801357 1.1761255974612603
61245.2872 lsst_hardware_z 16.938633488306078 47.25 30.940000534057617 AB 6.9889175082498385 1.1839268485699699
61245.3094 lsst_hardware_g 26.485862584737784 27.020000457763672 31.56999969482422 AB 6.195310748062016 1.176027097202357
61247.2895 lsst_hardware_r 48.54701968572263 60.31999969482422 31.610000610351562 AB 12.386676979053847 1.1784863293530872
61247.3093 lsst_hardware_i -72.96285946944774 51.5 31.290000915527344 AB 9.961225454404294 1.1776354178441395
61250.301 lsst_hardware_z 230.12141051491463 156.52999877929688 32.47999954223633 AB 4.357086600030622 1.1775909729812493
61252.2906 lsst_hardware_z -184.49380268168014 96.5 30.979999542236328 AB 4.205591408815628 1.1760876443286694
61252.3114 lsst_hardware_r 162.75940226883256 143.1199951171875 31.6200008392334 AB 4.014753896139747 1.1903796885174187
61257.2444 lsst_hardware_z 87.51337375081158 49.060001373291016 30.940000534057617 AB 1.2826361963927695 1.1953739015776041
61257.2642 lsst_hardware_i -10.588833323766783 42.84000015258789 31.270000457763672 AB 0.5614992162712346 1.1775586499921031
61259.2427 lsst_hardware_u 0.4793418826710053 3.8299999237060547 29.100000381469727 AB 3.7891517085856417 1.190496426219503
61259.2636 lsst_hardware_g 5.554385291524957 21.459999084472656 32.16999816894531 AB 4.8391209842154685 1.176090163252367
61262.252 lsst_hardware_r 15.272253361444012 24.5 31.479999542236328 AB 5.076425171371565 1.1770056043059507
61262.272 lsst_hardware_i 18.653866445539293 32.45000076293945 31.229999542236328 AB 5.083755194752876 1.1795255672280456
61265.2414 lsst_hardware_z -64.83884925864048 43.66999816894531 30.940000534057617 AB 4.155543255785385 1.177986371289441
61265.2617 lsst_hardware_u 1.051562036457988 2.759999990463257 28.389999389648438 AB 4.006434022847818 1.1783629478964173
61273.212 lsst_hardware_z -19.066436724265348 46.220001220703125 30.940000534057617 AB 1.6402478236211098 1.1828710266498388
61273.2309 lsst_hardware_i -39.11389230027528 37.099998474121094 31.260000228881836 AB 1.6348359831306367 1.175788540459553
61275.2166 lsst_hardware_z 37.48515185269745 71.91999816894531 31.709999084472656 AB 2.452432446694313 1.176979257732033
61277.201 lsst_hardware_r 37.08955536561144 81.75 31.6200008392334 AB 4.5574680392013285 1.1829385808620856
61277.2212 lsst_hardware_i 140.95362407363962 67.13999938964844 31.299999237060547 AB 3.974895146156113 1.1759175049644592
61279.1889 lsst_hardware_z -45.814562968377096 137.72000122070312 31.739999771118164 AB 2.743906380023768 1.189554789027645
61285.1923 lsst_hardware_g 55.34479278418982 45.08000183105469 31.639999389648438 AB 2.9656935687949857 1.1761624306147078
61285.21 lsst_hardware_r 9.986753774985118 50.349998474121094 31.59000015258789 AB 2.5952800600929558 1.1800303395390825
61287.1664 lsst_hardware_r -32.9824236595637 25.18000030517578 31.489999771118164 AB 1.666464513666066 1.1903317954757615
61287.1851 lsst_hardware_i -2.851556338949097 32.84000015258789 31.239999771118164 AB 1.76487912135893 1.1765860809059534
61300.1287 lsst_hardware_r 5.855949394795943 27.0 31.510000228881836 AB 0.781873385240143 1.193092652960544
61300.1475 lsst_hardware_z 45.89533507605839 43.900001525878906 30.940000534057617 AB 0.5949257936588389 1.1772937869238238
61304.1077 lsst_hardware_r 39.23876830377198 76.26000213623047 32.349998474121094 AB 4.4668812674717175 1.2088988545254986
61304.1285 lsst_hardware_i -41.08927713007347 68.9800033569336 32.040000915527344 AB 5.357857300273813 1.181967196177766
61306.1073 lsst_hardware_z -19.717937693877204 70.26000213623047 30.969999313354492 AB 1.5603848867193755 1.2002960667072118
61306.1268 lsst_hardware_r 143.23557904736398 92.45999908447266 31.6299991607666 AB 1.6059519696390219 1.1794016912893672
61308.1039 lsst_hardware_z 37.645793691425986 109.87000274658203 30.979999542236328 AB 6.052146449737862 1.197180492497269
61308.1243 lsst_hardware_r 68.81581130762602 157.1999969482422 31.6299991607666 AB 5.927193321694151 1.1778610913180176
61310.1048 lsst_hardware_i 148.69197217548933 111.94999694824219 31.309999465942383 AB 3.932422097755725 1.1889409214680953
61310.1227 lsst_hardware_z 149.21429891993554 94.2699966430664 30.979999542236328 AB 3.8171925121313617 1.1764815755894784
61312.1022 lsst_hardware_r 36.45264042445829 69.95999908447266 31.610000610351562 AB 4.3907948757934445 1.185900033975305
61312.1198 lsst_hardware_z 38.999749949721554 59.099998474121094 30.959999084472656 AB 4.375543369324699 1.1759579044098063
61314.1036 lsst_hardware_g 5.867614420355688 15.15999984741211 31.40999984741211 AB 7.438913002797105 1.1802490418802152
61314.1218 lsst_hardware_r 58.88262448249737 24.530000686645508 31.479999542236328 AB 7.445573623781601 1.1762049904607463
61316.0648 lsst_hardware_r -0.31689357595838 24.690000534057617 31.479999542236328 AB 3.539775077300882 1.2303702041365596
61316.085 lsst_hardware_i 12.667771227930626 32.709999084472656 31.239999771118164 AB 4.179076209367149 1.1931127358299816
61318.0688 lsst_hardware_z -70.05348859270738 43.91999816894531 30.940000534057617 AB 3.4102037151536533 1.2101503602389647
61318.0863 lsst_hardware_r -43.90351834939044 24.59000015258789 31.489999771118164 AB 4.23435062063054 1.1854285052156137
61320.0683 lsst_hardware_u 4.257641380206359 2.7699999809265137 28.399999618530273 AB 4.933161429644383 1.2015250391883918
61320.0873 lsst_hardware_r -9.986930588637843 24.530000686645508 31.489999771118164 AB 9.189201975247483 1.1801958998108537
61324.071 lsst_hardware_r -6.697001774477971 24.65999984741211 31.5 AB 3.6621919352965526 1.1844087759688138
61324.0901 lsst_hardware_u 3.1202126045857335 2.7899999618530273 28.420000076293945 AB 4.938112704096698 1.1757411200230232
61327.0672 lsst_hardware_g 2.3839873112509866 15.229999542236328 31.40999984741211 AB 8.50221619015933 1.1808633597443514
61327.0845 lsst_hardware_r -2.132598489741602 24.530000686645508 31.489999771118164 AB 8.493949605796518 1.1759044216608177
61329.0697 lsst_hardware_i 18.299218628826743 33.02000045776367 31.239999771118164 AB 9.754192747877058 1.1768108358252702
61329.0877 lsst_hardware_z -24.52991093290332 43.65999984741211 30.940000534057617 AB 9.115392687731813 1.1787653805420681
61333.0377 lsst_hardware_z 135.75008206124312 53.5 30.959999084472656 AB 3.573003853548073 1.1942855698330652
61333.0563 lsst_hardware_r 74.53663040654817 55.77000045776367 31.610000610351562 AB 3.4048667241352675 1.1777470508942889
61336.0392 lsst_hardware_i 27.38867832290496 98.8499984741211 31.31999969482422 AB 4.705195362941491 1.1835480726805412
61336.0571 lsst_hardware_z -42.17482392604591 86.81999969482422 30.979999542236328 AB 5.100075795080463 1.1757422154528185
61341.0376 lsst_hardware_g -18.62767206703547 15.390000343322754 31.440000534057617 AB 4.193432359469778 1.1766084061363014
61341.0558 lsst_hardware_r 16.59043232292705 45.709999084472656 31.600000381469727 AB 3.0937572287498765 1.179248038403129
61344.0088 lsst_hardware_z -20.274477999437057 48.779998779296875 30.959999084472656 AB 5.570293916973805 1.1927824233348618
61344.025 lsst_hardware_i 66.5564409970184 32.90999984741211 31.25 AB 5.538184690639784 1.1783371682212305
