data/validation/pwv_sim_epoch_fit_epoch/6631442.ecsv
# %ECSV 0.9
# ---
# datatype:
# - {name: time, datatype: float64}
# - {name: band, datatype: string}
# - {name: flux, datatype: float64}
# - {name: fluxerr, datatype: float64}
# - {name: zp, datatype: float64}
# - {name: zpsys, datatype: string}
# - {name: pwv, datatype: float64}
# - {name: airmass, datatype: float64}
# meta: {SNID: '6631442', alt: 1024.0, c: 0.0381474569439888, dec: -14.631667, lat: -30.244573, lon: -70.7499537, ra: 325.195312, t0: 63102.05859375,
#   x0: 4.174128999002055e-06, x1: -0.42704272270202637, z: 0.6607934832572937}
# schema: astropy-2.0
time band flux fluxerr zp zpsys pwv airmass
63008.4312 lsst_hardware_r -45.88548219040272 29.690000534057617 31.559999465942383 AB 4.05104195074892 1.0392838783320966
63014.4014 lsst_hardware_i -17.552984971276615 32.099998474121094 31.260000228881836 AB 9.704568044976808 1.0442505069917656
63014.421 lsst_hardware_z 52.41571900237354 42.310001373291016 30.950000762939453 AB 9.132827221030105 1.0391792935119817
63018.4001 lsst_hardware_r -29.09299474151876 35.29999923706055 32.27000045776367 AB 6.485636622067164 1.0400315301583007
63018.4213 lsst_hardware_y 73.34371411183461 47.65999984741211 30.049999237060547 AB 6.536450746474617 1.0424961318141077
63021.4061 lsst_hardware_z 101.33500229087407 52.04999923706055 30.969999313354492 AB 12.07030273923719 1.0398934062105314
63021.4255 lsst_hardware_y -40.854970965838135 50.29999923706055 30.049999237060547 AB 11.76262700723188 1.0515019896510867
63033.3543 lsst_hardware_g -16.045117891129603 15.529999732971191 31.469999313354492 AB 6.921593261606629 1.0417418461988137
63033.3747 lsst_hardware_r 38.63311921786872 24.56999969482422 31.520000457763672 AB 6.87561738515274 1.0402628618129817
63034.413 lsst_hardware_i 17.555942674222518 32.150001525878906 31.25 AB 4.010750412922648 1.083986598087202
63034.428 lsst_hardware_z -54.06452131180012 43.63999938964844 30.950000762939453 AB 4.016073815923358 1.1174643678224685
63043.3344 lsst_hardware_u -0.36509686879600073 2.859999895095825 28.510000228881836 AB 5.624275359188227 1.0394791817129347
63043.3534 lsst_hardware_r -9.742011605079094 24.350000381469727 31.520000457763672 AB 5.677566046280771 1.0426799387127414
63047.3218 lsst_hardware_r -30.67728655015727 24.219999313354492 31.520000457763672 AB 3.686424032989045 1.0398206143400452
63047.3419 lsst_hardware_u 5.689309928801845 2.7899999618530273 28.459999084472656 AB 3.66921451683253 1.0423904877365142
63062.2599 lsst_hardware_u 1.7459695446870445 4.019999980926514 29.25 AB 5.651723189574729 1.0527074625517538
63062.2833 lsst_hardware_r -34.796817919276805 34.279998779296875 32.27000045776367 AB 5.597211992802505 1.0393597312664231
63065.2658 lsst_hardware_z 8.307158541938598 59.13999938964844 31.700000762939453 AB 1.9755365606664526 1.042270333172013
63065.2881 lsst_hardware_r -27.895652226335837 34.34000015258789 32.2599983215332 AB 1.9512055353716733 1.0405042183024522
63067.2682 lsst_hardware_u 2.402929492236911 2.7799999713897705 28.450000762939453 AB 2.9393189873641536 1.039608224722054
63067.2836 lsst_hardware_g -10.774402959000565 15.460000038146973 31.469999313354492 AB 2.9179665827234933 1.0408298850449416
63069.2696 lsst_hardware_r -45.36427832863877 24.536022179422428 31.520000457763672 AB 5.1046720704606745 1.039101369705825
63069.2911 lsst_hardware_i -4.511363095996457 31.731157086027167 31.260000228881836 AB 5.139188253698258 1.0485107884519627
63072.2445 lsst_hardware_z 0.20056173673711097 41.83453401937693 30.950000762939453 AB 5.70432718561719 1.0434108625603054
63072.264 lsst_hardware_r -2.1945425200810473 24.70734594028663 31.530000686645508 AB 6.165765371661121 1.0393491102423646
63077.3077 lsst_hardware_i 98.18666047125463 42.303696280222155 31.280000686645508 AB 4.91108860969056 1.1101641389523729
63077.3265 lsst_hardware_z 76.84308935784038 47.98771250502601 30.950000762939453 AB 5.186747970961796 1.1653649319691728
63083.1202 lsst_hardware_r 812.9743730116434 165.97965801972143 32.349998474121094 AB 3.0959614071180686 1.29855074748049
63083.1467 lsst_hardware_i 462.8714922071567 132.27438402514758 32.060001373291016 AB 2.4119156533098263 1.1767355602422311
63085.2076 lsst_hardware_z 382.8875439733677 54.84853757214253 30.969999313354492 AB 2.944052698363248 1.0442371831508328
63085.2306 lsst_hardware_r 682.2030825858805 61.951343953547834 31.639999389648438 AB 3.278430456278135 1.0397263458781547
63094.1825 lsst_hardware_u 1.8187361146311523 3.21738372772571 28.540000915527344 AB 5.114194219422081 1.0445658127904578
63094.2094 lsst_hardware_g 442.59044565516285 32.002029226363454 32.2400016784668 AB 4.595574184613279 1.0406644439794563
63094.2365 lsst_hardware_r 1332.549309579416 42.78048449970786 31.520000457763672 AB 4.735214625424178 1.0634359947052603
63099.1847 lsst_hardware_r 1334.8025981923863 43.93432122320536 31.520000457763672 AB 1.7744653390207525 1.0391169270080534
63099.2048 lsst_hardware_i 1293.373075043368 48.164577241349946 31.260000228881836 AB 1.82181644183938 1.0452188421338957
63100.1482 lsst_hardware_z 868.1623396162281 52.143883807449086 30.950000762939453 AB 2.138704824858103 1.061918979572047
63100.1704 lsst_hardware_r 1390.9563731478192 44.23763057778719 31.540000915527344 AB 2.5886420985678154 1.0421963759918738
63102.1459 lsst_hardware_z 1024.5883931196488 52.31333670413999 30.950000762939453 AB 2.9239447401702234 1.0579628186956938
63102.1631 lsst_hardware_r 1273.449431001783 43.47247872725656 31.520000457763672 AB 2.893909004216198 1.0431320191821924
63108.116 lsst_hardware_z 1150.6718991456978 88.03225780988785 30.989999771118164 AB 3.3770021759289386 1.077709326928016
63108.1334 lsst_hardware_i 1308.9160946712975 101.6805635328101 31.34000015258789 AB 4.342303163414343 1.0536374069552545
63110.1212 lsst_hardware_z 874.543036740685 109.30090600786203 31.0 AB 1.145382077990324 1.061521851705583
63110.1381 lsst_hardware_r 1109.6755364064823 161.16702401308524 31.65999984741211 AB 1.3585344719339807 1.0450265168722928
63113.1319 lsst_hardware_y 758.9634326559909 76.70452977091657 30.799999237060547 AB 1.4613045623024656 1.0437889730731897
63115.1247 lsst_hardware_r 786.5344209721952 36.46964311194316 31.520000457763672 AB 1.3616288749709728 1.0448616510840052
63115.1421 lsst_hardware_i 967.1464281168202 48.42567175504109 31.280000686645508 AB 0.66474821315237 1.0390749717114027
63118.0947 lsst_hardware_i 779.5648450161397 42.70537305268334 31.239999771118164 AB 2.682152806220506 1.068019434385654
63118.1159 lsst_hardware_z 689.2145209630147 49.98617781599989 30.940000534057617 AB 2.707580710576731 1.0452634322132153
63121.095 lsst_hardware_r 471.345377590182 32.69690981319832 31.5 AB 3.0774552835125006 1.05681843527215
63121.1128 lsst_hardware_u -2.3069678902756867 2.738275328547094 28.399999618530273 AB 3.268982259422324 1.042321963944942
63123.0975 lsst_hardware_g 25.274376496561946 16.632916774166286 31.469999313354492 AB 1.2607391449928913 1.0488678410922556
63123.1143 lsst_hardware_i 576.4433198083655 40.306065190032164 31.260000228881836 AB 1.295882641223892 1.0398255897483588
63125.0889 lsst_hardware_z 578.4755540665818 48.37569691047211 30.950000762939453 AB 3.7861714857127016 1.0517143015868615
63125.1052 lsst_hardware_r 364.2279618144688 30.607056738314185 31.510000228881836 AB 3.7472827429952797 1.0409118730542444
63128.07 lsst_hardware_r 266.27564538417624 29.416095075626455 31.520000457763672 AB 5.952855921233759 1.06427698234215
63128.0892 lsst_hardware_u 1.3749197684877248 2.9444229398415867 28.549999237060547 AB 5.8519337168998975 1.0448637751875365
63135.0705 lsst_hardware_r 199.7040172267204 70.72758591205799 31.649999618530273 AB 3.0494441775962287 1.0445985022167437
63135.0903 lsst_hardware_z 454.46327968823164 61.176652540279825 30.979999542236328 AB 3.789303318754584 1.0391617492812117
63136.0604 lsst_hardware_z 486.28525117438164 76.74861389110308 30.989999771118164 AB 2.9407700911519616 1.050275032554272
63136.0785 lsst_hardware_i 288.4325832408498 84.43924467663801 31.34000015258789 AB 2.9117125999436912 1.039897357122747
63142.041 lsst_hardware_g -5.315114393076922 30.705000391510236 31.65999984741211 AB 2.0833783938342645 1.0531864826864594
63142.0607 lsst_hardware_r 61.9408542491842 49.377330793601644 31.6299991607666 AB 3.0334522327111193 1.0402785434537447
63144.02 lsst_hardware_i 145.87231934951336 34.66987144540907 31.25 AB 2.903617654969001 1.0738230972518494
63144.0331 lsst_hardware_z 268.9489456926642 45.09134615917143 30.950000762939453 AB 2.9279830735458026 1.0557948520853881
63146.0388 lsst_hardware_r 121.69291374374585 26.17557812132155 31.520000457763672 AB 4.056631792445768 1.0457033319588678
63146.0573 lsst_hardware_u 3.3327509733502394 3.0846925144497885 28.510000228881836 AB 4.740788127635683 1.0390768498927523
63148.0382 lsst_hardware_g 23.471839331361416 16.25404404674063 31.469999313354492 AB 4.087615867357705 1.042759149835984
63148.0562 lsst_hardware_i 105.4421575401443 34.10875427481587 31.260000228881836 AB 3.523259748515393 1.0393096603290246
63150.0273 lsst_hardware_z 215.62039716552735 44.21855541237429 30.950000762939453 AB 3.5756066937312996 1.0461107939528573
63150.0459 lsst_hardware_r 68.64948507252373 25.950572934987427 31.520000457763672 AB 3.293923019122187 1.0390924350543176
63152.0284 lsst_hardware_u -3.0218279009231788 3.141991174123062 28.459999084472656 AB 5.90355245004987 1.042201862485519
63152.0475 lsst_hardware_g 21.81615615252643 16.086809071987222 31.450000762939453 AB 4.890010158339919 1.0396903242394149
63154.027 lsst_hardware_r 48.738345235636835 25.8487085622349 31.510000228881836 AB 6.9527325492920395 1.0405686030369727
63154.0445 lsst_hardware_i 97.85291975635998 33.53095422766283 31.25 AB 6.184352095846007 1.040319406052373
63160.0083 lsst_hardware_y 70.18235798233871 49.15964513817533 30.049999237060547 AB 3.446948355952008 1.0414265640622413
63160.0264 lsst_hardware_i 100.38121928565914 34.343115044312675 31.270000457763672 AB 3.4869876023542905 1.0398571378790131
63161.9987 lsst_hardware_y 28.640846508365037 67.8784674538589 30.059999465942383 AB 3.985002306453568 1.0434447113714638
63162.0162 lsst_hardware_r 50.95915743712053 41.70346414892577 31.610000610351562 AB 4.113142576598537 1.0391315800160517
63164.0068 lsst_hardware_y 168.08937097071833 95.0800380846772 30.81999969482422 AB 3.7572755532721183 1.0391414100178415
63167.0008 lsst_hardware_z 92.4803690524923 79.50570704887855 31.0 AB 3.733193736671834 1.039066772743471
63167.0188 lsst_hardware_i 24.578402668742758 72.30775895973048 31.329999923706055 AB 3.743185361954843 1.0449987051800835
