data/validation/pwv_sim_epoch_fit_epoch/6695816.ecsv
# %ECSV 0.9
# ---
# datatype:
# - {name: time, datatype: float64}
# - {name: band, datatype: string}
# - {name: flux, datatype: float64}
# - {name: fluxerr, datatype: float64}
# - {name: zp, datatype: float64}
# - {name: zpsys, datatype: string}
# - {name: pwv, datatype: float64}
# - {name: airmass, datatype: float64}
# meta: {SNID: '6695816', alt: 1024.0, c: -0.1169748306274414, dec: -62.884678, lat: -30.244573, lon: -70.7499537, ra: 260.510193, t0: 61856.1640625,
#   x0: 6.830190134912097e-06, x1: 0.7953363060951233, z: 0.5386751294136047}
# schema: astropy-2.0
time band flux fluxerr zp zpsys pwv airmass
61854.3945 lsst_hardware_r 2453.5949107154843 54.4517136058737 31.459999084472656 AB 8.852302679706176 1.1926576565823244
61854.407 lsst_hardware_y 376.3555213320347 57.75513634518222 30.0 AB 8.822344542855923 1.188621441081774
61858.3984 lsst_hardware_r 2233.473019549266 53.37091231639131 31.459999084472656 AB 10.839252608371554 1.1882539583832004
61858.4108 lsst_hardware_y 431.1928634942605 61.71671903987887 30.010000228881836 AB 11.010765927963229 1.1882976395384182
61860.3967 lsst_hardware_g 726.0972159753138 29.701646374712528 31.350000381469727 AB 5.93954729057214 1.187909458114428
61860.4088 lsst_hardware_y 364.61187039700593 58.1413293485649 30.0 AB 5.944575258299404 1.1889150516598808
61862.3951 lsst_hardware_i 1632.814920391695 50.86317457895611 31.219999313354492 AB 12.476700422337052 1.1878800782929595
61862.4065 lsst_hardware_z 1307.446141207779 56.25564412028716 30.93000030517578 AB 12.508317231374125 1.1897103537152895
61864.4011 lsst_hardware_r 1888.4169757715747 49.868704116841016 31.459999084472656 AB 9.86235147781385 1.1897282506535747
61864.4129 lsst_hardware_y 407.8885650535562 60.52923200669179 30.0 AB 9.817247463302621 1.1946756876547338
61866.3717 lsst_hardware_u 2.443634429652082 2.897493611147098 28.290000915527344 AB 21.70028318562895 1.1891652124739582
61866.3831 lsst_hardware_r 1869.176710141955 48.39741234907088 31.469999313354492 AB 23.125899026474823 1.187857309929664
61872.385 lsst_hardware_z 1984.530852742618 102.240648216384 31.719999313354492 AB 7.391226615329728 1.191748889927399
61876.359 lsst_hardware_z 3618.2560939085106 116.06484177664453 32.459999084472656 AB 20.357416937210118 1.1880085165347367
61878.3999 lsst_hardware_g 436.89807359933076 42.61555735352633 32.310001373291016 AB 15.754277637132859 1.2158814782493121
61878.4108 lsst_hardware_r 1804.754780686566 62.67060977797554 32.279998779296875 AB 15.889512476785276 1.2297194525905215
61883.3263 lsst_hardware_i 801.7826892589709 41.918686394224366 31.219999313354492 AB 6.682645970656845 1.1889418759323054
61883.3383 lsst_hardware_z 686.0461630305659 50.22499497170444 30.93000030517578 AB 6.656557735895313 1.1879109027072523
61885.358 lsst_hardware_u -4.175840778444231 3.0562676588199014 28.239999771118164 AB 18.658984390256098 1.1960887429651346
61885.3703 lsst_hardware_g 99.81673648017461 16.048864463661893 31.329999923706055 AB 18.80222503663357 1.205270835681639
61895.3022 lsst_hardware_z 556.0484427404027 49.268982321990286 30.940000534057617 AB 9.969333237096949 1.1878859978667797
61895.314 lsst_hardware_r 297.45415121292933 28.376521160135308 31.469999313354492 AB 9.928084119885156 1.1890989154576945
61903.2854 lsst_hardware_y 335.006631912695 79.06106646922842 30.75 AB 8.357017788892334 1.1880326667619296
61908.2893 lsst_hardware_r 138.5590117921423 30.856235918908727 31.510000228881836 AB 9.479190874972625 1.1929137486201196
61908.3018 lsst_hardware_i 313.92144937537637 37.28327111002896 31.239999771118164 AB 9.512168617432769 1.2005892548954984
61910.2835 lsst_hardware_z 336.3858951703857 46.81988147724983 30.93000030517578 AB 9.037510071652356 1.1927557175204215
61910.2957 lsst_hardware_r 156.8919409343759 26.15690774911664 31.459999084472656 AB 8.559195341235316 1.2001115172792087
61918.2617 lsst_hardware_i 304.6256651165055 48.617690176202935 31.979999542236328 AB 9.122776582449964 1.1927796795532586
61918.2735 lsst_hardware_z 604.4071535612409 65.49972381439179 31.690000534057617 AB 9.20885948980735 1.199851399323417
61926.2202 lsst_hardware_r 227.50961459550578 70.27607544973748 31.610000610351562 AB 9.656240822100296 1.1879121417316132
61926.2311 lsst_hardware_z 99.87435784882906 58.88886783627602 30.959999084472656 AB 9.728494695202766 1.1895570195583123
61928.2215 lsst_hardware_r 44.2710938767811 115.27872284564855 31.6200008392334 AB 4.711113424666433 1.1886245552331414
61928.234 lsst_hardware_y 78.01325779765129 61.54197107897979 30.0 AB 4.726882909679344 1.1926032319110553
61944.1894 lsst_hardware_u -1.306127622508353 2.5999999046325684 28.309999465942383 AB 3.6890833359841997 1.1922061842025653
61944.2008 lsst_hardware_g -7.546194984205094 13.770000457763672 31.360000610351562 AB 3.711512950143733 1.1986477757010736
61958.1342 lsst_hardware_r -47.33654427192334 118.58000183105469 31.6200008392334 AB 2.1383995733040306 1.1879997629466836
61958.1467 lsst_hardware_i -69.62904184214823 90.37000274658203 31.299999237060547 AB 2.1428737455716047 1.190485414206447
61960.1331 lsst_hardware_z 24.131367593889266 96.5 31.719999313354492 AB 3.7450878313123206 1.1884765953283538
61962.1306 lsst_hardware_g -125.6599894436602 64.87999725341797 31.65999984741211 AB 8.862114746872907 1.1890401950230707
61962.1431 lsst_hardware_r -69.2151612227371 62.209999084472656 31.610000610351562 AB 8.895767363020825 1.1935554054903779
61965.1123 lsst_hardware_z -60.48857970844024 42.88999938964844 30.93000030517578 AB 8.934556643432215 1.1879216402728585
61965.1236 lsst_hardware_i 47.04241506228408 31.360000610351562 31.229999542236328 AB 8.92319543765166 1.189323306474506
61974.1083 lsst_hardware_u 2.282064479948465 2.5299999713897705 28.270000457763672 AB 7.650178301782051 1.1925918082204374
61974.1208 lsst_hardware_g 0.21168289696744066 13.460000038146973 31.350000381469727 AB 7.697959151584685 1.2000403993272823
61976.11 lsst_hardware_r -47.79203274453737 22.709999084472656 31.459999084472656 AB 6.342665303707517 1.1964283143311465
61976.1224 lsst_hardware_i -46.11549142565226 31.3799991607666 31.219999313354492 AB 6.4160007793636185 1.2058263015248776
61978.0503 lsst_hardware_r 10.933403317794829 23.290000915527344 31.459999084472656 AB 4.0908437247080345 1.1957161051392513
61978.0618 lsst_hardware_i -21.352824790444476 31.40999984741211 31.219999313354492 AB 4.10903882932884 1.1904219104306049
61979.1109 lsst_hardware_g -13.422625447467617 15.670000076293945 31.399999618530273 AB 4.571305006136831 1.2029750016149556
61979.1229 lsst_hardware_r 5.095377317821774 24.010000228881836 31.459999084472656 AB 4.615284366795407 1.2145485175777389
61981.0852 lsst_hardware_r 43.02918982473143 38.02000045776367 31.559999465942383 AB 6.192991334555204 1.1909598720298469
61981.0974 lsst_hardware_i 10.859054960218113 39.33000183105469 31.25 AB 6.224882238921325 1.197092738254101
61987.0509 lsst_hardware_i 145.73589148036504 78.91999816894531 31.299999237060547 AB 2.613502051861817 1.1879554781190076
61987.063 lsst_hardware_z -33.56260388125027 69.83999633789062 30.969999313354492 AB 2.61625979708038 1.1892089986728998
61990.0279 lsst_hardware_z 0.08479130938113719 56.13999938964844 30.959999084472656 AB 4.606483692990419 1.1908187056416422
61990.0389 lsst_hardware_r 57.71278033482054 71.7300033569336 31.610000610351562 AB 4.570727303204822 1.18823066807751
61992.0307 lsst_hardware_u 1.1296522687322512 2.640000104904175 28.3700008392334 AB 3.814696600808562 1.1886258623209063
61992.0422 lsst_hardware_r 12.439653697486019 22.719999313354492 31.469999313354492 AB 3.826810043355869 1.18808135465899
61994.0286 lsst_hardware_i -6.25240859832127 31.31999969482422 31.229999542236328 AB 2.624064399843743 1.188165904389288
61994.04 lsst_hardware_z -8.645183417218979 42.83000183105469 30.93000030517578 AB 2.6217390606061457 1.1884583230308912
61995.0236 lsst_hardware_r -1.7679334584214803 22.75 31.469999313354492 AB 2.5120859200582997 1.1884498734752453
61995.0349 lsst_hardware_u -4.484225721809724 2.630000114440918 28.360000610351562 AB 2.5570237248872023 1.1881620406058635
61997.0288 lsst_hardware_g 15.24953545084423 13.479999542236328 31.3700008392334 AB 4.8367708006419585 1.1881038567039939
61997.042 lsst_hardware_r -1.7171236172702273 22.719999313354492 31.469999313354492 AB 4.407256914869867 1.1911505175323964
62013.0097 lsst_hardware_i -88.03742703438922 57.220001220703125 31.290000915527344 AB 3.1578330074525423 1.1969044879794852
62013.0202 lsst_hardware_z -25.757205904054327 55.91999816894531 30.959999084472656 AB 3.2278868665015152 1.2048100279321363
62218.3915 lsst_hardware_i -18.5721612307295 31.81999969482422 31.239999771118164 AB 7.599784877058221 1.1961101518092814
62218.4046 lsst_hardware_y 88.14138350354118 52.47999954223633 30.0 AB 7.5448177999089046 1.190081280793234
62222.3926 lsst_hardware_r -24.72292062604865 23.200000762939453 31.479999542236328 AB 9.329045235097402 1.1904353766606637
62222.4037 lsst_hardware_y -28.222103544614626 51.130001068115234 30.0 AB 9.312905353486965 1.1880473735658323
62224.3992 lsst_hardware_z 56.80294915785331 78.54000091552734 31.709999084472656 AB 10.802601275938265 1.1879693485269354
62226.3973 lsst_hardware_z -39.46523246183537 63.84000015258789 30.959999084472656 AB 5.93927572177578 1.187855144355156
62226.4088 lsst_hardware_y -30.445042043703346 62.150001525878906 30.0 AB 5.946974018055556 1.1893948036111113
62228.4022 lsst_hardware_i -132.72585142803214 61.25 31.290000915527344 AB 12.589721303962278 1.189111811472234
62228.4143 lsst_hardware_y -30.3156883476874 68.25 30.010000228881836 AB 12.560042596209833 1.1935894765750636
62230.3956 lsst_hardware_i -62.218983833364256 46.130001068115234 31.270000457763672 AB 9.722381077534406 1.1888579296929014
62230.4061 lsst_hardware_y 14.583337748217025 51.93000030517578 30.0 AB 9.881599298239198 1.1922898957203798
62232.3993 lsst_hardware_g 20.647930109008094 28.010000228881836 31.579999923706055 AB 23.09178218554775 1.1917160290662558
62232.4118 lsst_hardware_y -117.24977300443787 55.599998474121094 30.0 AB 23.225997749083458 1.1986425987493774
62234.3971 lsst_hardware_i 12.215234645969147 32.119998931884766 31.229999542236328 AB 10.077237990672723 1.1931844327275594
62234.4096 lsst_hardware_y -63.293610108462524 50.689998626708984 30.0 AB 10.14351748354411 1.2010321841825131
62236.3821 lsst_hardware_u 3.408093755381549 2.7100000381469727 28.389999389648438 AB 5.219087550046798 1.189558217640631
62236.3936 lsst_hardware_g -12.841427838717296 13.949999809265137 31.3799991607666 AB 5.251515440789005 1.19418213203214
62238.3792 lsst_hardware_r 27.41515361347855 22.84000015258789 31.469999313354492 AB 7.467556165452387 1.1903333331397763
62238.39 lsst_hardware_i 61.66551738125836 31.56999969482422 31.229999542236328 AB 7.413879351624771 1.1952086654239513
62242.3203 lsst_hardware_r -2.0612208457953045 22.75 31.459999084472656 AB 20.52335715568302 1.199939028026136
62242.3313 lsst_hardware_i 15.185799058462322 31.43000030517578 31.229999542236328 AB 20.32751616181422 1.1932094483337765
62246.3232 lsst_hardware_u 1.9463317081580491 2.5899999141693115 28.329999923706055 AB 4.25517413894423 1.1919255291159443
62246.3358 lsst_hardware_g 0.6565947974950737 13.420000076293945 31.360000610351562 AB 5.258995955935492 1.188339386721469
62248.3196 lsst_hardware_r 23.07681574332815 22.829999923706055 31.469999313354492 AB 8.233308204165334 1.1911758490768842
62248.3321 lsst_hardware_i 20.068984667125797 31.43000030517578 31.229999542236328 AB 8.21218257877196 1.1881194428132997
62250.3172 lsst_hardware_z 68.56237774774964 42.869998931884766 30.93000030517578 AB 10.591970555820408 1.1901090512157761
62250.3282 lsst_hardware_u 1.1473489954152858 2.630000114440918 28.360000610351562 AB 10.573037484786502 1.1879817398636519
62252.3263 lsst_hardware_z -38.780507545341926 53.7400016784668 30.950000762939453 AB 4.431929107972068 1.1878662846347006
62252.3384 lsst_hardware_r 33.22861351251275 53.91999816894531 31.59000015258789 AB 3.77149841788792 1.1895595072978773
62257.2985 lsst_hardware_z 5.588382033203041 60.5 30.959999084472656 AB 11.691604139304133 1.1899851541276847
62257.3099 lsst_hardware_i -45.44893538938414 62.880001068115234 31.299999237060547 AB 11.686299289206525 1.187933854048948
62259.3077 lsst_hardware_z -58.885404145685115 74.30000305175781 31.700000762939453 AB 14.839044092179805 1.1878758487452563
62264.3029 lsst_hardware_z -7.414249019881622 43.08000183105469 30.940000534057617 AB 11.475853791947126 1.1888996417453639
62264.3168 lsst_hardware_u -1.6073104489104562 2.759999990463257 28.40999984741211 AB 11.529011254111737 1.1940047385352497
62270.281 lsst_hardware_z 1.5347749657252676 43.040000915527344 30.940000534057617 AB 8.154277081846123 1.1880639734604972
62270.292 lsst_hardware_i -50.412346626166396 31.479999542236328 31.229999542236328 AB 8.103068425215126 1.1904022954627775
62277.2829 lsst_hardware_r -14.098402293573347 22.959999084472656 31.469999313354492 AB 7.127016114510792 1.1948724904175911
62277.2937 lsst_hardware_i 6.570904716592699 31.559999465942383 31.219999313354492 AB 8.081958302973566 1.2022251101485966
62280.2863 lsst_hardware_z 38.697373502085156 50.5099983215332 30.950000762939453 AB 8.168289724701543 1.2028700753045665
62280.2986 lsst_hardware_r 58.30351849271856 43.13999938964844 31.56999969482422 AB 8.739567695040435 1.2147567857447266
62283.2728 lsst_hardware_i 195.56253017648586 91.04000091552734 31.309999465942383 AB 4.1958993277271395 1.1988283793506114
62283.2867 lsst_hardware_z 24.261029594411777 78.41999816894531 30.979999542236328 AB 4.2377910014992235 1.2107974289997783
62288.2166 lsst_hardware_y 131.74268914963412 51.029998779296875 30.0 AB 8.1281559202141 1.189254182629915
62288.2297 lsst_hardware_r 53.843727721777256 54.66999816894531 31.600000381469727 AB 8.163469277133427 1.1879320834012554
62304.2022 lsst_hardware_u 2.0903815475063228 2.630000114440918 28.329999923706055 AB 6.0828180017646005 1.1915412344299166
62304.2154 lsst_hardware_r 27.7450496016819 23.260000228881836 31.469999313354492 AB 6.138847994652886 1.1987986319907995
62306.2023 lsst_hardware_i 9.957789424002668 31.68000030517578 31.229999542236328 AB 4.464225120508306 1.1941220062881654
62306.2151 lsst_hardware_z -91.01347187793355 43.40999984741211 30.940000534057617 AB 4.134928147939259 1.202713248382565
62308.1975 lsst_hardware_r -4.502212383972873 45.52000045776367 31.59000015258789 AB 3.581038661626388 1.194475871122816
62308.2114 lsst_hardware_z 4.212673013331219 48.779998779296875 30.950000762939453 AB 3.459236360196796 1.2041899606161974
62310.1304 lsst_hardware_r -120.98858711017226 77.08000183105469 31.610000610351562 AB 4.152092074245664 1.2033305533244025
62310.1433 lsst_hardware_y 25.912071302023726 54.20000076293945 30.0 AB 4.075226555698742 1.1944681045500818
62312.189 lsst_hardware_i -81.81126100427963 89.02999877929688 31.309999465942383 AB 4.524016583012987 1.1958543294965711
62312.2014 lsst_hardware_z -21.407636447748395 78.98999786376953 30.969999313354492 AB 4.546840434497947 1.2049930480118234
62314.1327 lsst_hardware_i -32.55454382646837 83.16999816894531 31.309999465942383 AB 9.636000720733314 1.1942987879446372
62314.1442 lsst_hardware_z -15.674887974728323 72.55000305175781 30.969999313354492 AB 9.514769996803135 1.189643660515521
62315.127 lsst_hardware_r -69.215807669502 85.55000305175781 31.6200008392334 AB 7.364863753862139 1.1959830714293829
62315.1386 lsst_hardware_z 24.808639823124444 63.529998779296875 30.969999313354492 AB 7.48545968735251 1.190530367769724
62323.1282 lsst_hardware_g 5.739122652993521 13.65999984741211 31.360000610351562 AB 5.753523526236966 1.1880899352086245
62323.1408 lsst_hardware_i 12.865315286315443 31.729999542236328 31.219999313354492 AB 5.803023612762787 1.1887381931231382
62325.1283 lsst_hardware_z -17.80262769334946 43.189998626708984 30.93000030517578 AB 2.0140632522046014 1.187945884809792
62325.141 lsst_hardware_r 9.943782672613159 22.920000076293945 31.459999084472656 AB 2.010001843425088 1.1901718208379084
62328.1023 lsst_hardware_g -16.37976907236787 13.6899995803833 31.3700008392334 AB 8.744795017832999 1.1908211367648354
62328.1147 lsst_hardware_r -13.539921465697836 22.959999084472656 31.469999313354492 AB 8.574970718116246 1.1880804597320742
62330.1051 lsst_hardware_i 14.760558450514745 31.5 31.229999542236328 AB 8.233168292049223 1.1886190989484315
62330.1176 lsst_hardware_z -26.321639125328876 43.20000076293945 30.93000030517578 AB 8.229917320445141 1.1881497575233955
62334.1056 lsst_hardware_g -24.769774507994857 16.670000076293945 31.440000534057617 AB 2.019698094663854 1.1880577027434436
62334.1183 lsst_hardware_i 30.379486551791256 32.29999923706055 31.229999542236328 AB 2.024376921199994 1.190809953647055
62343.0442 lsst_hardware_z -138.33773667059782 66.36000061035156 30.959999084472656 AB 10.077469647731837 1.2002703248846878
62343.0556 lsst_hardware_r 8.953084230370383 94.12999725341797 31.6200008392334 AB 10.038472972598234 1.1932569505426223
62345.0485 lsst_hardware_i -9.510878921027114 48.959999084472656 31.280000686645508 AB 5.343534397564447 1.194085898897028
62345.06 lsst_hardware_r 54.302731817941584 57.5 31.600000381469727 AB 5.351367386248314 1.189545210339726
62347.0456 lsst_hardware_u -1.437662314672024 2.5899999141693115 28.31999969482422 AB 5.7255371142281115 1.1928202321308565
62347.0587 lsst_hardware_g -14.785022053581415 13.489999771118164 31.3700008392334 AB 5.705410090618555 1.188627102212199
62348.0459 lsst_hardware_r -34.729639799507694 22.68000030517578 31.459999084472656 AB 4.246248708135881 1.1915113877617345
62348.0584 lsst_hardware_i -32.7350648077005 31.360000610351562 31.219999313354492 AB 4.2346887463938305 1.1882676243826955
62352.0878 lsst_hardware_g 17.807313654688887 13.390000343322754 31.350000381469727 AB 1.998813917913501 1.2013907846211878
62352.0995 lsst_hardware_i -29.816782133512238 31.309999465942383 31.219999313354492 AB 2.0557038800324814 1.2120895519059443
62354.0483 lsst_hardware_r 26.576701285405214 22.739999771118164 31.459999084472656 AB 2.029601409648631 1.187943464822143
62354.0599 lsst_hardware_z 17.317780265180794 43.40999984741211 30.93000030517578 AB 2.0471502892812663 1.1896272867494042
62356.0297 lsst_hardware_i -22.119889894721656 31.290000915527344 31.229999542236328 AB 4.631197263523164 1.1896216962556292
62356.0428 lsst_hardware_r 3.229964142504404 22.68000030517578 31.469999313354492 AB 4.05405695735467 1.1879440195413176
62358.029 lsst_hardware_u 3.1468906216042756 2.690000057220459 28.399999618530273 AB 3.854945130673384 1.1885750659835717
62358.04 lsst_hardware_g -4.266036058277581 13.460000038146973 31.3700008392334 AB 3.6925121520174486 1.188066972978587
62362.0311 lsst_hardware_z 3.8921079374993353 42.970001220703125 30.93000030517578 AB 3.6893672136736995 1.1882657835655266
62362.0427 lsst_hardware_r -10.788016302433723 23.450000762939453 31.469999313354492 AB 3.96143727053929 1.1911410269982081
62364.0271 lsst_hardware_z -35.01712544418227 44.84000015258789 30.940000534057617 AB 6.907653635800422 1.1884646454988037
62364.0381 lsst_hardware_g 22.026642563720262 25.1299991607666 31.559999465942383 AB 6.940038769004929 1.1914741008635443
62366.0295 lsst_hardware_r 92.39479023008703 52.72999954223633 31.600000381469727 AB 2.8199210352286808 1.1903423534101651
62366.0409 lsst_hardware_z -49.35244970985179 51.86000061035156 30.959999084472656 AB 2.8306618875126506 1.195507079511046
62369.0254 lsst_hardware_z 122.96475665153899 60.599998474121094 30.959999084472656 AB 3.1775075578077874 1.191863300002921
62369.0354 lsst_hardware_r -49.3433242103022 77.69000244140625 31.610000610351562 AB 3.1948056387794925 1.197154248855668
62371.0092 lsst_hardware_r 19.15874144018875 86.5 31.610000610351562 AB 1.6043058446360656 1.1886681980509253
62371.0207 lsst_hardware_i -164.47643440202884 68.77999877929688 31.299999237060547 AB 1.5848156130293005 1.1921882745957626
62380.0131 lsst_hardware_r 19.06526731624736 22.799999237060547 31.450000762939453 AB 2.045976496371718 1.202808051952803
62380.0241 lsst_hardware_u 3.7070937232618 2.5 28.229999542236328 AB 2.145799247878279 1.2132298800668746
62382.0125 lsst_hardware_g 5.919173410430582 13.470000267028809 31.34000015258789 AB 2.172716070892281 1.2070644838290447
62382.0243 lsst_hardware_r -18.775194485161045 22.920000076293945 31.450000762939453 AB 2.0973998835329537 1.2197140102929704
