data/validation/pwv_sim_epoch_fit_epoch/6731379.ecsv
# %ECSV 0.9
# ---
# datatype:
# - {name: time, datatype: float64}
# - {name: band, datatype: string}
# - {name: flux, datatype: float64}
# - {name: fluxerr, datatype: float64}
# - {name: zp, datatype: float64}
# - {name: zpsys, datatype: string}
# - {name: pwv, datatype: float64}
# - {name: airmass, datatype: float64}
# meta: {SNID: '6731379', alt: 1024.0, c: 0.009197856299579144, dec: -29.313198, lat: -30.244573, lon: -70.7499537, ra: 89.472656, t0: 63117.5625,
#   x0: 2.9819325082231333e-05, x1: -1.0567002296447754, z: 0.2889478802680969}
# schema: astropy-2.0
time band flux fluxerr zp zpsys pwv airmass
63124.3311 lsst_hardware_u 21.730467089777875 5.587008167251427 28.280000686645508 AB 2.371535399750403 1.31929093676718
63124.3495 lsst_hardware_g 3875.9512065440103 64.35443259347085 31.360000610351562 AB 1.6436059711426099 1.2217090964889363
63126.3353 lsst_hardware_u 20.50349808696557 5.040240945666798 28.290000915527344 AB 1.439904000842651 1.2647378136518672
63126.352 lsst_hardware_g 3444.318878257982 59.694241775701045 31.360000610351562 AB 1.374673836423618 1.1871103941475654
63129.3054 lsst_hardware_r 5769.442699131844 79.57255136966701 31.43000030517578 AB 9.140824693274691 1.3994628262226467
63129.3222 lsst_hardware_g 2446.044669712282 51.54910826831307 31.31999969482422 AB 8.603421609666611 1.2914818528396212
63143.261 lsst_hardware_z 2218.1267993005417 75.65765678211346 30.920000076293945 AB 3.9603309198511267 1.4466962264296352
63143.2812 lsst_hardware_r 2547.9806715925597 82.78994440948613 31.579999923706055 AB 3.610367630435314 1.3075120436162295
63145.269 lsst_hardware_z 2292.287273569582 71.42495669545376 30.93000030517578 AB 7.97930261715753 1.3492796647064096
63145.29 lsst_hardware_r 2152.7754585048847 69.26765135514648 31.579999923706055 AB 7.385068116335179 1.2318712454271588
63147.2918 lsst_hardware_z 2464.0754686365376 66.3187985778855 30.940000534057617 AB 4.289208928441957 1.1991078916527695
63147.3101 lsst_hardware_i 2904.774480384116 64.64944607215358 31.260000228881836 AB 4.098106166288833 1.1308239973199308
63149.2995 lsst_hardware_r 1441.0144207543938 45.62108719762416 31.489999771118164 AB 3.1886883777148642 1.1481115138195195
63149.3203 lsst_hardware_z 2213.608172146104 62.57206629647714 30.950000762939453 AB 3.013006933253264 1.0861270449409464
63151.2446 lsst_hardware_u 9.495746260005378 3.3006695929389354 28.139999389648438 AB 7.726805560292801 1.4048737382350547
63151.2629 lsst_hardware_g 337.5178856629106 22.567109809882144 31.309999465942383 AB 7.014627174660481 1.2872056472447162
63153.2632 lsst_hardware_i 2055.913495268887 54.77235167481884 31.219999313354492 AB 7.2367345359982025 1.2563775236107313
63153.281 lsst_hardware_z 1819.9289612423813 59.359486496799754 30.93000030517578 AB 6.779241869869645 1.1762369861836175
63155.263 lsst_hardware_r 997.0442860879069 38.97516057877868 31.459999084472656 AB 8.973926759155912 1.230442773681954
63155.281 lsst_hardware_g 312.1014092175262 21.587264284477182 31.360000610351562 AB 8.42219388170319 1.1556512747322805
63157.2642 lsst_hardware_r 944.2324621084069 37.99897880545084 31.459999084472656 AB 6.2126155640980185 1.2003894433577469
63157.2832 lsst_hardware_i 1741.005338610157 51.106557802537424 31.239999771118164 AB 5.810321670371451 1.1295337617363534
63159.2445 lsst_hardware_i 1624.4102083407565 49.95648816620457 31.219999313354492 AB 1.4236505321995268 1.268473892663671
63159.2622 lsst_hardware_z 1238.4038167332046 55.19615147344342 30.940000534057617 AB 1.5266713287429237 1.1859176556780866
63161.2641 lsst_hardware_u 6.9127181660148596 3.0027338888593516 28.290000915527344 AB 3.3070814462254536 1.1575363829980587
63161.2821 lsst_hardware_g 247.25724188048773 20.607172409276824 31.3700008392334 AB 3.1079795911425436 1.1003645215584565
63163.3024 lsst_hardware_r 855.8483302976163 35.52493690659657 31.479999542236328 AB 3.3140902618600694 1.0437257733593617
63163.3205 lsst_hardware_u 6.838222186890061 3.40749202086218 28.389999389648438 AB 3.203775507580223 1.0187155486621977
63165.2468 lsst_hardware_g 280.88467514685374 52.589188681298324 31.670000076293945 AB 1.4962516203833423 1.1819511187282012
63165.2624 lsst_hardware_r 826.7776321402783 52.215392435602034 31.610000610351562 AB 1.5767079569880802 1.1262199692772001
63166.2443 lsst_hardware_r 891.8551620926179 62.831775848621064 31.600000381469727 AB 3.7104974428892064 1.1810288669974398
63166.2622 lsst_hardware_z 844.9163809470225 57.736363519892755 30.959999084472656 AB 3.687144558347122 1.1183897351035201
63168.2437 lsst_hardware_r 801.5378956229108 85.1068175417117 31.6200008392334 AB 3.78806810641096 1.162281188364322
63168.2606 lsst_hardware_i 1210.142170294094 71.14154685702317 31.309999465942383 AB 2.9308874199308623 1.1070396298134435
63170.1786 lsst_hardware_z 794.0703714039496 75.48783747510247 30.93000030517578 AB 5.0334667962851 1.5213742772510503
63170.1957 lsst_hardware_i 1100.92901341087 82.45664716666901 31.270000457763672 AB 4.687198374464153 1.3834705945882564
63172.1874 lsst_hardware_z 893.1111418128054 68.63355968368789 30.93000030517578 AB 4.96172775006435 1.4038983518607666
63172.2059 lsst_hardware_r 759.242704115591 81.23756054081322 31.59000015258789 AB 4.58324960142265 1.2853536006232211
63181.1949 lsst_hardware_u -3.02418507250964 2.957773366432326 28.260000228881836 AB 0.8924119065697234 1.2170636298252242
63181.2131 lsst_hardware_g 168.56090804849882 18.673978116716373 31.350000381469727 AB 2.689621796653103 1.1447634801673134
63183.195 lsst_hardware_r -7.113818374828523 22.219999313354492 31.459999084472656 AB 5.234161553186938 1.1928353585202682
63183.2126 lsst_hardware_i -0.3428134627329992 30.309999465942383 31.229999542236328 AB 7.5393406783174255 1.128305997952306
63186.196 lsst_hardware_z 6.155145451505906 42.56999969482422 30.940000534057617 AB 6.389979472251855 1.1569761854520397
63186.2136 lsst_hardware_r -27.360636665376216 22.049999237060547 31.479999542236328 AB 8.450484022015477 1.1010402634546073
63187.2006 lsst_hardware_u 1.238019716466287 2.490000009536743 28.270000457763672 AB 3.0221309359494635 1.1317782739254614
63187.2179 lsst_hardware_r 5.76261180716496 21.790000915527344 31.469999313354492 AB 6.0422347756232755 1.0828054315508027
63189.2004 lsst_hardware_i -77.05095109040856 30.65999984741211 31.239999771118164 AB 5.931134577870677 1.115399074352845
63189.2181 lsst_hardware_z -8.542018110388735 41.27000045776367 30.940000534057617 AB 5.6942356351689645 1.0696580770812747
63193.2039 lsst_hardware_y 48.75748479222066 47.9900016784668 30.030000686645508 AB 6.499296219409225 1.077112399637039
63193.221 lsst_hardware_r -1.1436852596740654 31.690000534057617 31.56999969482422 AB 6.441826753094563 1.0428730375739943
63195.2112 lsst_hardware_i -33.35584476898497 46.0099983215332 31.309999465942383 AB 6.533172900432038 1.0505041579705536
63195.2283 lsst_hardware_z 21.08839624868621 47.900001525878906 30.969999313354492 AB 6.355398769101712 1.024307101325926
63199.203 lsst_hardware_r -32.33127161685982 98.26000213623047 31.65999984741211 AB 4.521688652563769 1.0456383224920998
63199.2205 lsst_hardware_i 78.47127667088836 75.9000015258789 31.34000015258789 AB 5.165813679316253 1.0206092421842576
63208.1488 lsst_hardware_i -22.77673888414534 30.549999237060547 31.229999542236328 AB 4.123943544422521 1.114579336330411
63208.1693 lsst_hardware_z 42.91240211681744 41.15999984741211 30.950000762939453 AB 4.727702577157858 1.0630620219590823
63211.1336 lsst_hardware_z -42.79006109276751 42.400001525878906 30.940000534057617 AB 10.909512163446895 1.1366147124159902
63211.1546 lsst_hardware_r -31.44253062077669 22.09000015258789 31.479999542236328 AB 10.329484508530602 1.0774751097640598
63213.1514 lsst_hardware_r -27.88977882682856 22.020000457763672 31.479999542236328 AB 11.101614162785015 1.072274387905829
63213.1712 lsst_hardware_i -20.501758209678897 29.829999923706055 31.25 AB 11.450004146752597 1.0352157810906015
63216.1519 lsst_hardware_z 55.2310556879053 41.11000061035156 30.950000762939453 AB 10.742847312646871 1.0541864541347221
63216.1732 lsst_hardware_i -89.90700504081308 29.780000686645508 31.260000228881836 AB 10.513930539940013 1.021624488139595
63218.1349 lsst_hardware_r 21.03708422959845 21.860000610351562 31.469999313354492 AB 3.184887347586409 1.078860922259334
63218.1583 lsst_hardware_u -0.8337298162957968 2.549999952316284 28.3700008392334 AB 3.0242869386090176 1.0340915590057904
63220.1575 lsst_hardware_r 12.38526431798381 23.299999237060547 31.510000228881836 AB 3.086786492115773 1.027558752368766
63220.1792 lsst_hardware_i 6.604783645008979 29.56999969482422 31.25 AB 3.8968848991402405 1.0065568640422347
63222.0427 lsst_hardware_z -44.72554920762881 88.48999786376953 31.670000076293945 AB 8.024007632294019 1.4680748244730062
63224.0336 lsst_hardware_y -94.04135815751249 79.80999755859375 29.889999389648438 AB 10.040567959133377 1.4993754885586599
63224.0549 lsst_hardware_i -86.36240909282091 50.310001373291016 31.25 AB 8.59693115667485 1.3390510874600634
63226.0351 lsst_hardware_y -23.962367358923277 82.80000305175781 29.940000534057617 AB 13.563033584412246 1.4410362924364901
63226.0553 lsst_hardware_r 55.454792608814444 81.41999816894531 31.59000015258789 AB 12.33074072856825 1.30335763322881
63229.0534 lsst_hardware_y -27.196596101743634 59.189998626708984 29.989999771118164 AB 10.355623262460034 1.2683720083850858
63229.0769 lsst_hardware_g -197.59351790128127 103.04000091552734 31.690000534057617 AB 9.615184996189038 1.1632210254281439
