data/validation/pwv_sim_epoch_fit_epoch/7023729.ecsv
# %ECSV 0.9
# ---
# datatype:
# - {name: time, datatype: float64}
# - {name: band, datatype: string}
# - {name: flux, datatype: float64}
# - {name: fluxerr, datatype: float64}
# - {name: zp, datatype: float64}
# - {name: zpsys, datatype: string}
# - {name: pwv, datatype: float64}
# - {name: airmass, datatype: float64}
# meta: {SNID: '7023729', alt: 1024.0, c: -0.056469570845365524, dec: -32.797169, lat: -30.244573, lon: -70.7499537, ra: 350.683594, t0: 61948.3125,
#   x0: 0.0002428135381988014, x1: 0.01797635108232498, z: 0.11226896196603775}
# schema: astropy-2.0
time band flux fluxerr zp zpsys pwv airmass
61926.3699 lsst_hardware_r 53.86829169362071 24.035209694437864 31.479999542236328 AB 6.061898974066557 1.1558399569206117
61926.3892 lsst_hardware_z 24.309196921355593 41.859599225273065 30.940000534057617 AB 5.044884600429673 1.096714043571668
61947.344 lsst_hardware_i 33975.22405459897 186.03513746021522 31.239999771118164 AB 5.804032687543324 1.067997550380571
61947.3671 lsst_hardware_z 16354.419197133546 132.35030568092154 30.950000762939453 AB 5.581754430990921 1.0286104175786999
61955.2489 lsst_hardware_z 12503.89611108516 120.65590527788308 30.940000534057617 AB 9.85629604836096 1.360364747197409
61955.2627 lsst_hardware_r 57059.921543520024 244.82090032448983 31.59000015258789 AB 8.854724612026633 1.2787067564932213
61958.2819 lsst_hardware_r 51618.4776788298 246.28379517347898 31.6299991607666 AB 1.8460304483361845 1.1581119500227004
61958.3036 lsst_hardware_i 26684.325018869935 178.1400910495257 31.31999969482422 AB 1.6367035462947088 1.0921671887636004
61960.2407 lsst_hardware_i 23090.409776107394 173.52776664638722 31.280000686645508 AB 2.860456357366045 1.3261271939574641
61960.2599 lsst_hardware_z 9001.473979141485 119.5296513228226 30.969999313354492 AB 2.572715389949326 1.2251025666425361
61962.2725 lsst_hardware_z 8875.435970951754 113.73154003023309 30.969999313354492 AB 10.028060562135531 1.152738971814185
61962.2943 lsst_hardware_r 42441.2007117708 224.81489467832498 31.649999618530273 AB 9.300275391395546 1.0881014819264145
61964.2634 lsst_hardware_i 19741.951964354925 151.02269866125138 31.299999237060547 AB 7.278352093969718 1.1658109550126161
61964.2821 lsst_hardware_z 8923.361996734275 107.79804622077042 30.969999313354492 AB 6.883497879464208 1.1057531867094657
61965.2736 lsst_hardware_i 19293.38472368105 145.48614027981662 31.290000915527344 AB 6.96856248690321 1.1224680847103787
61965.2935 lsst_hardware_z 9013.56506799751 104.6577478951115 30.959999084472656 AB 6.493526479161509 1.0709205045207404
61974.2445 lsst_hardware_u 98.13067797183156 10.057462113384801 28.280000686645508 AB 5.544386450264718 1.1366882628848598
61974.265 lsst_hardware_g 8819.582167059656 95.56040283362387 31.389999389648438 AB 5.509041531068034 1.0797807783355615
61978.2646 lsst_hardware_u 65.61211588678069 8.975319132480523 28.299999237060547 AB 2.0867777623530697 1.0573994235384188
61978.2831 lsst_hardware_g 6926.080347022954 84.10882496873795 31.40999984741211 AB 2.103371373175581 1.0277895788788571
61981.2655 lsst_hardware_z 9879.630598072208 105.71059724402224 30.950000762939453 AB 4.588364556147471 1.0413703529924467
61981.2847 lsst_hardware_r 16472.64309311778 130.05814216607115 31.5 AB 4.477498281778142 1.0167274605710497
61987.1851 lsst_hardware_i 11272.071825526862 135.27170600479946 31.299999237060547 AB 1.9993238065461678 1.2301007833549022
61994.1653 lsst_hardware_i 7694.023568953223 97.79516234633915 31.270000457763672 AB 3.8203792101316107 1.233308687226389
61994.1836 lsst_hardware_z 5282.901697647129 87.56772808245593 30.950000762939453 AB 3.1290830784061328 1.1581689935805062
61995.1777 lsst_hardware_u 50.51788714219735 7.62281120355627 28.549999237060547 AB 3.4572733171615075 1.169776118139573
61995.1954 lsst_hardware_g 4204.185286482307 69.44250834781357 31.600000381469727 AB 3.3313549069116655 1.111563198836058
62002.196 lsst_hardware_r 7805.054612804579 91.61811657787531 31.5 AB 2.30301889886227 1.0635044557201292
62006.1679 lsst_hardware_z 38.68481267013502 42.16999816894531 30.950000762939453 AB 3.294814045842179 1.1044686448993282
62006.1748 lsst_hardware_i -17.748801609730563 31.15999984741211 31.25 AB 3.2366787578918874 1.0865591980837759
62009.1625 lsst_hardware_r 10.432612659433554 25.950000762939453 31.530000686645508 AB 2.1939574378530566 1.0969787189265283
62009.1746 lsst_hardware_u -11.789571897583626 3.1500000953674316 28.600000381469727 AB 2.4054062448458233 1.0682781250240516
62011.176 lsst_hardware_i 11.946107187471245 37.59000015258789 31.280000686645508 AB 5.682128599219806 1.0545569487246385
62011.1938 lsst_hardware_r 0.9047871068070126 36.380001068115234 31.600000381469727 AB 5.53534648118481 1.0267754556083861
62013.157 lsst_hardware_z 29.04141252726217 72.58000183105469 31.709999084472656 AB 4.995111018545074 1.0833815106734546
62016.1607 lsst_hardware_z 135.83410474732815 75.47000122070312 30.989999771118164 AB 1.4807716065693977 1.057694004692427
62016.179 lsst_hardware_r -58.41966438005948 110.18000030517578 31.65999984741211 AB 1.347430064961556 1.0282455185716168
62020.137 lsst_hardware_z 101.48905115838005 67.62999725341797 30.979999542236328 AB 2.2448656067966275 1.085524954930671
62020.1536 lsst_hardware_i 132.8949516763779 74.87999725341797 31.329999923706055 AB 2.105614808881259 1.0505749327086238
62024.0682 lsst_hardware_r -2.0917319694179266 24.010000228881836 31.459999084472656 AB 3.115028635042728 1.3128808520831954
62024.0858 lsst_hardware_u 1.7482557240510541 2.619999885559082 28.309999465942383 AB 3.1933942070213908 1.2222348893009325
62030.0889 lsst_hardware_u -0.5856465942684561 2.7300000190734863 28.420000076293945 AB 1.18386283158851 1.1456737079888806
62030.1049 lsst_hardware_r -1.5508808837182186 23.270000457763672 31.5 AB 1.3162916137797998 1.0976719503366204
62031.0733 lsst_hardware_g 5.506069105954779 14.260000228881836 31.389999389648438 AB 1.3232715838096243 1.1937497373113435
62031.0906 lsst_hardware_i 35.945972460938194 31.420000076293945 31.239999771118164 AB 1.696742689817361 1.131161793211574
62033.0729 lsst_hardware_z 10.892534467482367 43.279998779296875 30.93000030517578 AB 6.532651889496019 1.1737411312504078
62033.0907 lsst_hardware_r -5.714152900368114 23.34000015258789 31.479999542236328 AB 4.330535032452879 1.1142984044393718
62035.0748 lsst_hardware_u 4.070552054635777 2.6500000953674316 28.350000381469727 AB 2.9408388817774025 1.1471967551306428
62035.091 lsst_hardware_g -21.693593863642818 14.300000190734863 31.40999984741211 AB 3.599949663909547 1.0983269593947564
62039.078 lsst_hardware_z 23.09918294037928 43.310001373291016 30.940000534057617 AB 3.2215110166687144 1.103918792656
62039.0949 lsst_hardware_r -33.8387108399697 29.739999771118164 31.549999237060547 AB 3.971194513354092 1.0636653310175685
62041.0799 lsst_hardware_z -67.67009739209354 48.13999938964844 30.959999084472656 AB 4.871327665128811 1.0849483468799668
62041.1008 lsst_hardware_r 30.340608487607224 47.709999084472656 31.6200008392334 AB 4.793150909411537 1.0428016555095174
62044.081 lsst_hardware_r 56.775946419568925 88.0 31.649999618530273 AB 6.091685562233565 1.0641738011238975
62044.1006 lsst_hardware_z -44.791628678271756 64.94000244140625 30.989999771118164 AB 6.545321336797721 1.0308404341755604
62050.0027 lsst_hardware_y 50.919700537331494 50.93000030517578 29.969999313354492 AB 4.976365812668107 1.2820728616947334
62050.0223 lsst_hardware_i -9.450160788328988 31.670000076293945 31.229999542236328 AB 4.593659876407645 1.1901701035687189
62054.0046 lsst_hardware_y 33.2292983721515 49.68000030517578 30.0 AB 4.202001954006226 1.2190316083568975
62054.0254 lsst_hardware_g 20.866451964629153 14.039999961853027 31.40999984741211 AB 3.9109867615619236 1.1389012118702373
62055.0045 lsst_hardware_y 93.80470820349247 49.75 30.0 AB 7.319804017221466 1.2074899401551824
62055.025 lsst_hardware_z 65.94014705038977 42.369998931884766 30.940000534057617 AB 7.014569441197601 1.1313821679350968
62057.0035 lsst_hardware_y -21.72393215611295 50.77000045776367 30.0 AB 8.626487322397681 1.188903731121766
62057.0222 lsst_hardware_u 4.299178713942744 2.630000114440918 28.360000610351562 AB 8.107997864697182 1.1231210247763264
62059.0043 lsst_hardware_z 4.1954786369744035 43.84000015258789 30.940000534057617 AB 9.10257389400408 1.164793997761167
62059.0227 lsst_hardware_r -17.889332012941022 22.979999542236328 31.489999771118164 AB 8.63525566615714 1.1058199280084124
62064.0075 lsst_hardware_y -49.195067107061 49.119998931884766 30.030000686645508 AB 3.66647085120048 1.1101546784014373
62064.028 lsst_hardware_z 60.126432332332925 41.4900016784668 30.950000762939453 AB 3.51392880758593 1.060915455417615
62065.0065 lsst_hardware_y -34.871820112500615 50.45000076293945 30.040000915527344 AB 4.604184213494512 1.1053136990744237
62065.0258 lsst_hardware_u -3.822615181710141 2.8499999046325684 28.530000686645508 AB 4.443827950386057 1.059862769897696
62070.0079 lsst_hardware_y 21.46938980731663 52.45000076293945 30.049999237060547 AB 4.577655455824668 1.06858859802158
62070.027 lsst_hardware_r -11.682084562785546 46.22999954223633 31.6299991607666 AB 4.423893535166802 1.0345062440954405
