data/validation/pwv_sim_epoch_fit_epoch/7261988.ecsv
# %ECSV 0.9
# ---
# datatype:
# - {name: time, datatype: float64}
# - {name: band, datatype: string}
# - {name: flux, datatype: float64}
# - {name: fluxerr, datatype: float64}
# - {name: zp, datatype: float64}
# - {name: zpsys, datatype: string}
# - {name: pwv, datatype: float64}
# - {name: airmass, datatype: float64}
# meta: {SNID: '7261988', alt: 1024.0, c: -0.02675008773803711, dec: -32.089951, lat: -30.244573, lon: -70.7499537, ra: 308.496094, t0: 60896.234375,
#   x0: 3.582050865680834e-05, x1: 0.25350069999694824, z: 0.26661938428878784}
# schema: astropy-2.0
time band flux fluxerr zp zpsys pwv airmass
60782.3581 lsst_hardware_z -79.03907789619358 58.189998626708984 30.959999084472656 AB 18.756577275678687 1.2738417894774792
60782.3784 lsst_hardware_r 75.66857547433706 70.5999984741211 31.6200008392334 AB 17.198246131837973 1.1808332680035685
60784.3546 lsst_hardware_y 52.82965085188431 110.44999694824219 31.489999771118164 AB 13.832743792128749 1.2636104679025075
60792.3444 lsst_hardware_z -30.827008573322413 44.400001525878906 30.940000534057617 AB 2.750610836573616 1.208528487071009
60792.3629 lsst_hardware_r -29.06460381003141 25.43000030517578 31.510000228881836 AB 2.5429517096248233 1.1382953042188109
60800.3577 lsst_hardware_g -7.343307398824347 15.75 31.469999313354492 AB 7.29497048474745 1.0900896060889036
60800.3772 lsst_hardware_r 12.803966833436267 24.65999984741211 31.520000457763672 AB 7.305247462422867 1.0484746985895754
60802.3443 lsst_hardware_i -6.469484195220442 32.40999984741211 31.25 AB 6.715406488075557 1.111500225609394
60802.3651 lsst_hardware_z 20.01815603712617 42.20000076293945 30.950000762939453 AB 6.441335273815721 1.0610007039722813
60804.3592 lsst_hardware_r 31.293517249026365 34.52000045776367 32.27000045776367 AB 8.20361971499855 1.0618885140118504
60804.3809 lsst_hardware_g 14.92536292271062 21.959999084472656 32.2400016784668 AB 7.912961986777862 1.0263799799095752
60806.3507 lsst_hardware_r 5.579374728656466 73.33999633789062 31.649999618530273 AB 7.306662552261106 1.0682255193363948
60806.3685 lsst_hardware_i 21.61760855778218 58.2400016784668 31.329999923706055 AB 7.082324891071533 1.0359577109736755
60808.3492 lsst_hardware_z -84.9040751881203 62.709999084472656 30.979999542236328 AB 6.490093941274198 1.0600398434094238
60808.3682 lsst_hardware_i 42.255802773330245 69.87000274658203 31.34000015258789 AB 6.335662190562466 1.0286835834652746
60814.2637 lsst_hardware_z -74.54950932185113 87.1500015258789 31.700000762939453 AB 9.847774949314159 1.313109610442468
60819.3225 lsst_hardware_z -11.220218776846698 41.54999923706055 30.940000534057617 AB 7.584614816192722 1.0536138381449267
60819.3449 lsst_hardware_r 26.78503759747523 23.59000015258789 31.510000228881836 AB 6.962116518905677 1.0205139890414594
60826.2493 lsst_hardware_r 31.486174395148446 24.559999465942383 31.479999542236328 AB 8.734651329797895 1.218590182500247
60826.2689 lsst_hardware_u -3.054721083625293 2.7899999618530273 28.43000030517578 AB 8.013770351320053 1.1422135620466904
60830.2804 lsst_hardware_z -0.10477013934549173 42.099998474121094 30.940000534057617 AB 12.35415945751849 1.0789187771292656
60830.3037 lsst_hardware_r -4.181048050106463 23.610000610351562 31.5 AB 12.478929651743654 1.034887288930302
60833.2359 lsst_hardware_r -16.69580516436759 54.2599983215332 31.600000381469727 AB 4.722883691896348 1.1940042199207361
60833.2565 lsst_hardware_z 5.434150724239412 49.599998474121094 30.959999084472656 AB 4.293937020216807 1.1208397338076321
60842.2327 lsst_hardware_i 111.50261215805985 65.95999908447266 31.309999465942383 AB 8.353514835232676 1.1185246376120832
60842.2564 lsst_hardware_z 8.635850297126664 60.90999984741211 30.979999542236328 AB 6.995973281111657 1.0599959516835844
60844.2611 lsst_hardware_z -30.453023584947754 45.59000015258789 30.959999084472656 AB 5.306744979388927 1.0416615917928997
60844.2837 lsst_hardware_r -21.246825360390464 39.0099983215332 31.6200008392334 AB 5.128830569595112 1.0135027308754296
60849.1526 lsst_hardware_i -9.57933748041922 33.88999938964844 31.200000762939453 AB 4.8943304677880475 1.415773927621651
60849.165 lsst_hardware_z -26.903584108363443 45.279998779296875 30.920000076293945 AB 4.532874625123513 1.3320231046498714
60851.1731 lsst_hardware_g 3.435608236638062 15.050000190734863 31.389999389648438 AB 4.744535974047733 1.2564146902476447
60851.1939 lsst_hardware_r -11.827334049577932 24.420000076293945 31.489999771118164 AB 4.399439709832164 1.1660322581055298
60860.1478 lsst_hardware_g -62.960697823602636 36.65999984741211 31.600000381469727 AB 10.919348806774448 1.2601066084655426
60860.1702 lsst_hardware_r 27.944692933325154 37.7400016784668 31.56999969482422 AB 8.944493805469202 1.1628181102392114
60861.158 lsst_hardware_i 49.273287421300495 42.7599983215332 31.270000457763672 AB 4.417194494776162 1.2000800094481183
60861.1776 lsst_hardware_r 19.91155445987573 44.09000015258789 31.600000381469727 AB 4.062264760748184 1.1284068779856067
60863.1706 lsst_hardware_z -67.43149367382586 54.56999969482422 30.959999084472656 AB 2.4959029459459714 1.133299354901954
60863.1902 lsst_hardware_r 37.48898934094594 64.08000183105469 31.6299991607666 AB 2.4421512704823245 1.079165386868018
60865.1638 lsst_hardware_r -12.104282168361129 102.16999816894531 31.639999389648438 AB 3.6169748178603514 1.137651966196378
60865.1836 lsst_hardware_i 11.147469207413517 85.19999694824219 31.329999923706055 AB 2.8090381195226812 1.0818556208444756
60870.1669 lsst_hardware_z -105.43970908383227 91.36000061035156 31.729999542236328 AB 7.941120675452671 1.0893169650826555
60872.161 lsst_hardware_r 84.58749459521812 40.0746545481263 31.59000015258789 AB 3.094079882226477 1.0904246280974368
60872.1785 lsst_hardware_z -36.84851197544555 47.68263375351933 30.959999084472656 AB 3.226942137081582 1.0523209317076738
60875.1804 lsst_hardware_r 244.66236378783623 29.357012339286925 31.520000457763672 AB 3.296304421052555 1.035542516692776
60875.2006 lsst_hardware_i 293.73986016943724 34.70176228358446 31.260000228881836 AB 3.213928064105428 1.0121811082923953
60877.1538 lsst_hardware_i 677.7111150129452 40.472960200160635 31.25 AB 6.286787601538822 1.0749708067606991
60877.1738 lsst_hardware_z 461.67349804827165 46.45801406309067 30.950000762939453 AB 6.486328070945289 1.0372592863985004
60879.1573 lsst_hardware_r 1903.697361498351 49.00614055080085 31.510000228881836 AB 6.126239533319292 1.056248195399878
60879.1759 lsst_hardware_u 28.917666027855496 5.5483124270490665 28.530000686645508 AB 5.433303388225911 1.0266851532747174
60881.1608 lsst_hardware_g 2392.522977610267 50.5518278732858 31.469999313354492 AB 5.749318432992583 1.0405064578757728
60881.1801 lsst_hardware_i 2234.2442227481065 56.309435602426085 31.260000228881836 AB 5.937875347219221 1.0158897086773688
60883.0846 lsst_hardware_u 49.60447491274585 7.477064930542945 28.219999313354492 AB 3.8208098698986386 1.2621736067495366
60883.104 lsst_hardware_g 3238.227374620482 59.174070635859046 31.399999618530273 AB 3.568973122466651 1.1756156318858033
60886.0836 lsst_hardware_z 3072.3105394207655 70.86985316941893 30.93000030517578 AB 6.381385405100303 1.2271895009808276
60886.1042 lsst_hardware_u 100.85944687048011 10.8219135102563 28.450000762939453 AB 5.955124949373577 1.1452163364179955
60888.0603 lsst_hardware_r 7851.195086251577 94.44796293576906 31.510000228881836 AB 4.985095543719291 1.3212259320323754
60888.079 lsst_hardware_g 7605.373840988396 90.17686000600284 31.559999465942383 AB 4.62640758798679 1.223243165271378
60890.0603 lsst_hardware_r 9581.383908106865 107.21863691785931 31.559999465942383 AB 2.028952081739896 1.2897931334892807
60890.0803 lsst_hardware_i 6832.278274167264 92.33696437553455 31.270000457763672 AB 1.8785282569718809 1.1939165872391595
60891.0617 lsst_hardware_z 4308.298094647373 83.70568654782197 30.950000762939453 AB 1.9056765315694286 1.2676340564766875
60891.0813 lsst_hardware_i 7194.484456956632 98.47050919300699 31.290000915527344 AB 1.6929603527847013 1.1789417498500705
60894.0805 lsst_hardware_z 4525.841523697779 111.79403060973064 30.989999771118164 AB 2.606975008381 1.151617894370877
60894.0988 lsst_hardware_r 11726.743907936376 171.99235651956297 31.649999618530273 AB 3.106563233511661 1.0959183561306425
60896.0779 lsst_hardware_i 8555.121786753045 155.71282899710286 31.329999923706055 AB 4.519752863741117 1.1418323024188086
60896.0964 lsst_hardware_r 11658.703221041305 191.20243848135306 31.649999618530273 AB 4.121712253089671 1.0880972157048894
60897.0894 lsst_hardware_z 9000.982523123828 155.6710300150274 31.75 AB 4.0791962503426795 1.0991188028586347
60899.0735 lsst_hardware_r 11611.125371662412 120.78487526978103 31.6299991607666 AB 3.7273712960101584 1.1295064533364116
60899.093 lsst_hardware_i 8421.001310245447 107.71191190197015 31.31999969482422 AB 2.922183016348396 1.0766409639601089
60901.0631 lsst_hardware_i 7684.568983776678 92.89183136066417 31.239999771118164 AB 3.865906415914306 1.1457083547201026
60901.0814 lsst_hardware_z 4176.770206131396 75.82620640992924 30.940000534057617 AB 3.6903370365641854 1.0914927644377952
60904.0806 lsst_hardware_r 9050.105271379038 98.56475889449557 31.520000457763672 AB 4.212968660649693 1.0738009797539627
60904.0993 lsst_hardware_z 3820.4193478953557 73.7547333731088 30.959999084472656 AB 4.203952389317592 1.0384616536324562
60908.0818 lsst_hardware_g 4338.658323395885 67.3803082358418 31.459999084472656 AB 3.2590171050090655 1.0494339413972196
60908.1014 lsst_hardware_r 7829.792746726295 91.22229045308175 31.510000228881836 AB 2.4710211044026416 1.0210831009928272
60912.0785 lsst_hardware_r 6358.520173942675 83.38826217869779 31.510000228881836 AB 4.343234665307699 1.0368602232859665
60912.0965 lsst_hardware_u 13.871818402505262 5.419758086491521 28.440000534057617 AB 3.84698829087597 1.0149025961948557
60918.9875 lsst_hardware_y 583.8669255609377 57.87195932754886 29.979999542236328 AB 5.903694139671743 1.2561051361003708
60919.0051 lsst_hardware_z 2262.9181168256487 67.45130287644346 30.940000534057617 AB 2.0339458075868833 1.177960892424836
60931.9888 lsst_hardware_y 881.1205914027124 57.51837114998733 30.030000686645508 AB 2.8251556339688455 1.1131424877733826
60932.006 lsst_hardware_r 2108.5888222739836 50.911014797370875 31.510000228881836 AB 1.4975961387509495 1.0697115276792497
60933.995 lsst_hardware_z 4011.969284147425 88.37351690456849 31.709999084472656 AB 2.9165512048178384 1.0823421096551422
60935.9894 lsst_hardware_y 798.6215756650487 57.47581153626667 30.040000915527344 AB 1.701604074184815 1.0826749146453372
60936.0079 lsst_hardware_g 477.39933849279277 26.349080280474663 31.459999084472656 AB 0.8866768096971833 1.0449932936910535
60937.9887 lsst_hardware_y 765.08696489718 57.39451715698383 30.040000915527344 AB 6.601602002894737 1.0717176335227439
60938.0054 lsst_hardware_i 2202.8059210332312 56.68488304301652 31.25 AB 6.4828024371011415 1.0401330255270465
60940.9883 lsst_hardware_y 814.8124674691948 59.668761808428954 30.049999237060547 AB 1.1688353062400103 1.0556995088725065
60941.0038 lsst_hardware_g 362.56549247482815 24.98685493206678 31.469999313354492 AB 1.5455957161578326 1.0303971441052218
61149.3555 lsst_hardware_i -10.315488657999646 33.650001525878906 31.219999313354492 AB 13.853025926575217 1.2626181916975743
61149.3734 lsst_hardware_z 78.90353525392015 43.81999969482422 30.93000030517578 AB 12.894662772256138 1.1818039384342534
61151.3554 lsst_hardware_r -46.63727645673558 25.600000381469727 31.489999771118164 AB 12.24048127207422 1.2361625199024662
61151.3754 lsst_hardware_g -29.0759793986536 16.100000381469727 31.459999084472656 AB 13.00255516269097 1.1539363829154214
61153.3524 lsst_hardware_r -3.567945300592653 25.399999618530273 31.479999542236328 AB 6.871468539409815 1.2246969726702874
61153.3727 lsst_hardware_i 5.18125560986087 32.709999084472656 31.25 AB 6.418804184288685 1.144392859754026
61155.3569 lsst_hardware_z 30.33676292849132 43.84000015258789 30.940000534057617 AB 18.443543793949043 1.182278448330067
61155.3769 lsst_hardware_i 47.16187900652728 32.459999084472656 31.25 AB 16.344323210733123 1.1140058987208763
61157.3504 lsst_hardware_u -1.4547573400868365 2.7899999618530273 28.389999389648438 AB 2.6504677239901153 1.1864224368800875
61157.3712 lsst_hardware_g 19.861356467669268 15.9399995803833 31.459999084472656 AB 2.4757631276884067 1.1147064960326012
61161.3581 lsst_hardware_z 79.84118064836012 83.06999969482422 31.729999542236328 AB 9.978625569134419 1.1211938841724065
61163.3669 lsst_hardware_z 51.88487398070479 61.20000076293945 30.979999542236328 AB 12.509713336180175 1.0826233956019191
61163.3864 lsst_hardware_r -51.51296175950622 83.55000305175781 31.649999618530273 AB 11.637446914494214 1.0432805624994812
61166.3498 lsst_hardware_i 20.05708736935646 89.30999755859375 32.06999969482422 AB 3.3807530499384195 1.1056643573329619
61166.3687 lsst_hardware_z -126.11257224804608 85.37000274658203 31.729999542236328 AB 3.2447642701278125 1.0606693337383206
61168.3541 lsst_hardware_i 96.22852036917085 63.880001068115234 31.31999969482422 AB 11.191959581439598 1.0806005099309266
61168.3742 lsst_hardware_z 50.69821392425589 60.560001373291016 30.979999542236328 AB 10.909645896228279 1.0409139759460868
61170.3492 lsst_hardware_g 72.75765358942587 34.38999938964844 31.670000076293945 AB 7.534301249159691 1.079283932074923
61170.3696 lsst_hardware_r -33.9812474371316 38.65999984741211 31.610000610351562 AB 7.160472459630118 1.0395449812545994
61175.2897 lsst_hardware_g 34.616964816392645 21.600000381469727 32.15999984741211 AB 8.897246315470797 1.2370172145249363
61175.3125 lsst_hardware_r -44.1736023291757 34.540000915527344 32.25 AB 8.243037759415904 1.144866355474431
61177.3725 lsst_hardware_r -33.51877067023206 23.700000762939453 31.510000228881836 AB 7.495174677709173 1.012861442933672
61178.3484 lsst_hardware_z 37.0967785624364 41.439998626708984 30.950000762939453 AB 7.29290373343514 1.038542309578139
61178.3687 lsst_hardware_r 30.069482272988267 23.84000015258789 31.520000457763672 AB 7.11730542712832 1.0138009985819911
61182.2503 lsst_hardware_g -14.212210016008953 15.09000015258789 31.360000610351562 AB 5.6894519854997965 1.3494104916689729
61182.2705 lsst_hardware_i 3.324569680359073 32.68000030517578 31.229999542236328 AB 5.389178542360844 1.2374455618593236
61185.245 lsst_hardware_z 49.79315099643963 48.400001525878906 30.93000030517578 AB 7.32560986893815 1.3312835962450955
61185.2662 lsst_hardware_r -52.289746036536 24.829999923706055 31.489999771118164 AB 6.605043246038856 1.2194301201954871
61194.2196 lsst_hardware_z -59.61824648402484 121.47000122070312 31.709999084472656 AB 12.494964123245367 1.3364074430366892
61194.2488 lsst_hardware_r -18.477904825536566 115.29000091552734 31.6200008392334 AB 11.130320225034323 1.1887980872651562
61196.2671 lsst_hardware_z 133.72400696191414 74.33999633789062 30.979999542236328 AB 6.854300020147444 1.1078999507249365
61196.2891 lsst_hardware_r 125.77778615974722 92.87999725341797 31.65999984741211 AB 6.540609370959499 1.0561578229070427
61220.1502 lsst_hardware_z 168.8429316582795 93.55999755859375 30.969999313354492 AB 6.344872549589802 1.326685321398665
61220.1646 lsst_hardware_r -229.18872747892507 129.16000366210938 31.6200008392334 AB 6.017915636604656 1.2478829728572338
61223.1686 lsst_hardware_z -166.96011544481235 145.13999938964844 31.739999771118164 AB 9.68338826280084 1.1929885029579712
61233.1605 lsst_hardware_u -2.027435963578859 2.7899999618530273 28.43000030517578 AB 5.984907788039881 1.1243486357392225
61233.181 lsst_hardware_g -26.284466419513375 15.130000114440918 31.440000534057617 AB 6.2490899532732165 1.0706913309814472
61235.1589 lsst_hardware_r 16.718583446653458 24.3700008392334 31.5 AB 8.377338315051752 1.1128238994489499
61235.1774 lsst_hardware_z -45.721794625725025 41.84000015258789 30.950000762939453 AB 7.763893375360642 1.0666886549921881
61237.1611 lsst_hardware_r 34.61198373512059 24.260000228881836 31.489999771118164 AB 3.0665080843256627 1.0919640645689177
61237.1811 lsst_hardware_u 5.460676318446419 2.75 28.43000030517578 AB 3.243967512798372 1.0488941921585553
61242.1617 lsst_hardware_i 1.5256612454120935 33.689998626708984 31.260000228881836 AB 6.283105844060723 1.0596945907059547
61242.1801 lsst_hardware_z -70.74774668685662 42.25 30.950000762939453 AB 6.389923715568939 1.0292494575413056
61244.1531 lsst_hardware_r 70.21289874372279 41.970001220703125 31.600000381469727 AB 6.18346126277574 1.0661140108234035
61244.1714 lsst_hardware_z 1.630460410444341 45.560001373291016 30.959999084472656 AB 5.437566467150883 1.0337578834887609
61246.155 lsst_hardware_z -55.371107418070906 54.0 30.969999313354492 AB 5.786155772059789 1.05164590549978
61246.1732 lsst_hardware_i -13.940963998695775 54.90999984741211 31.31999969482422 AB 5.999387306989743 1.0241357642522606
61249.0777 lsst_hardware_r 44.77000791775972 148.6699981689453 31.600000381469727 AB 5.772521947695627 1.2880780871796558
61249.0962 lsst_hardware_i -27.809723022251834 116.16999816894531 31.309999465942383 AB 4.555681075346955 1.1988634408807777
61251.0887 lsst_hardware_z 68.83525372201662 153.47000122070312 31.739999771118164 AB 6.279292930170905 1.207556332725174
61253.082 lsst_hardware_g 16.647315753270558 90.97000122070312 31.65999984741211 AB 4.582187189185221 1.212967578536633
61253.1016 lsst_hardware_r -39.664554974265805 91.72000122070312 31.6299991607666 AB 4.5683642734690215 1.1380131877777186
61256.0613 lsst_hardware_r -52.010879311910834 24.829999923706055 31.469999313354492 AB 1.830361395242205 1.2734425291573783
61256.0798 lsst_hardware_i 32.8649062650374 32.470001220703125 31.229999542236328 AB 1.7649211688970519 1.1876993061218384
61258.08 lsst_hardware_i 16.342153715229415 32.52000045776367 31.239999771118164 AB 1.9826277616018537 1.1657944501774915
61258.0981 lsst_hardware_u -6.083559731977746 2.700000047683716 28.360000610351562 AB 2.1616797366242535 1.1071343081302196
61260.0808 lsst_hardware_g -18.510813147967312 15.039999961853027 31.420000076293945 AB 3.695464859058806 1.1436346788917287
61260.1007 lsst_hardware_r -34.095690024363876 24.170000076293945 31.510000228881836 AB 4.778225519843657 1.0859603454190128
61261.0824 lsst_hardware_i 40.00026318312478 32.2599983215332 31.25 AB 4.417274323425402 1.1294969503754284
61261.1004 lsst_hardware_r 49.6402510678125 24.350000381469727 31.510000228881836 AB 4.141171885567225 1.0801178626935901
61263.0786 lsst_hardware_u 2.7161730467160172 2.75 28.399999618530273 AB 9.10540919482332 1.124321232498275
61263.0961 lsst_hardware_g 20.11538792560245 15.199999809265137 31.450000762939453 AB 8.078711524496342 1.077412932950534
61266.0767 lsst_hardware_r 15.383986444390114 24.100000381469727 31.5 AB 3.7329552604045486 1.1058969813078208
61266.0951 lsst_hardware_i -37.31038655235825 31.43000030517578 31.260000228881836 AB 3.826180987794875 1.0618448624777637
61274.0794 lsst_hardware_z -105.65590751000154 50.54999923706055 30.969999313354492 AB 3.2343211648387538 1.0501042742982967
61274.0993 lsst_hardware_r -10.17009043952146 53.790000915527344 31.639999389648438 AB 2.8099911467636964 1.0211651301040052
61295.9966 lsst_hardware_z -106.93989185920884 61.470001220703125 31.700000762939453 AB 2.949915361129376 1.1009200825263579
61297.0059 lsst_hardware_i -27.75468387306499 31.549999237060547 31.25 AB 1.5000602485191237 1.0714716060850884
61297.0236 lsst_hardware_z -28.182041940166158 41.689998626708984 30.959999084472656 AB 1.4537403965194582 1.0383859975138987
61302.9885 lsst_hardware_y -73.22745627698852 54.7599983215332 30.049999237060547 AB 6.631718288673735 1.073730631227834
61303.0057 lsst_hardware_i 17.066194685006888 49.380001068115234 31.31999969482422 AB 6.500009512024802 1.0407786366393257
61304.9894 lsst_hardware_y -24.468239094052958 63.689998626708984 30.059999465942383 AB 2.0565481391168032 1.0602585353759606
61305.0068 lsst_hardware_z -14.939794342572961 70.16000366210938 31.0 AB 2.648107868358783 1.0309939140973317
61306.9902 lsst_hardware_y -55.39463400302561 60.209999084472656 30.049999237060547 AB 2.640619156402951 1.0484888451074719
61307.0071 lsst_hardware_i -153.10151010582155 78.47000122070312 31.34000015258789 AB 2.8918090236336456 1.0235888231846584
