data/validation/pwv_sim_epoch_fit_epoch/7304090.ecsv
# %ECSV 0.9
# ---
# datatype:
# - {name: time, datatype: float64}
# - {name: band, datatype: string}
# - {name: flux, datatype: float64}
# - {name: fluxerr, datatype: float64}
# - {name: zp, datatype: float64}
# - {name: zpsys, datatype: string}
# - {name: pwv, datatype: float64}
# - {name: airmass, datatype: float64}
# meta: {SNID: '7304090', alt: 1024.0, c: -0.1163339912891388, dec: -39.83844, lat: -30.244573, lon: -70.7499537, ra: 38.496094, t0: 60223.51171875,
#   x0: 5.8806961715593615e-05, x1: 0.6368645429611206, z: 0.21399569511413574}
# schema: astropy-2.0
time band flux fluxerr zp zpsys pwv airmass
[from data line 133]
60619.2311 lsst_hardware_r -24.23057154605398 21.790000915527344 31.479999542236328 AB 2.6274747771554945 1.0509899108621978
60619.2433 lsst_hardware_g 10.41981669760844 13.109999656677246 31.389999389648438 AB 2.678612549155323 1.0714450196621292
60621.1403 lsst_hardware_r 25.019159152549406 32.15999984741211 32.2599983215332 AB 6.0999934640599545 1.029433411179201
60621.1558 lsst_hardware_u -4.070962934110096 3.930000066757202 29.260000228881836 AB 6.012339799560212 1.018364610988804
60623.2505 lsst_hardware_i 31.873337898779113 30.5 31.239999771118164 AB 10.411685852828308 1.111468999501287
60623.2626 lsst_hardware_z -17.634974944093937 42.279998779296875 30.940000534057617 AB 10.858489689042063 1.1454103047512725
60625.1941 lsst_hardware_r 39.3929159708839 47.310001373291016 31.6299991607666 AB 3.484185115660333 1.0270258262816327
60627.2416 lsst_hardware_y 42.35972563238905 73.83999633789062 30.770000457763672 AB 8.097287678754268 1.1167132366231236
60630.2338 lsst_hardware_z 68.98343658221856 62.9900016784668 30.969999313354492 AB 6.382341831835334 1.117748131669551
60630.2462 lsst_hardware_r 18.36111618175629 89.87000274658203 31.6299991607666 AB 6.375010281994405 1.153900227520184
60632.1811 lsst_hardware_z -52.33578211670961 50.54999923706055 30.969999313354492 AB 5.564690903774535 1.032809385898916
60632.1941 lsst_hardware_r 39.365545354664775 59.939998626708984 31.639999389648438 AB 5.624216333616168 1.0488049106977548
60634.187 lsst_hardware_u -3.587722885354665 6.170000076293945 29.0 AB 3.2302064366002807 1.0465031652050991
60634.2001 lsst_hardware_g -25.3376162567292 37.029998779296875 31.670000076293945 AB 3.3193459759168604 1.0673138186227846
60636.1089 lsst_hardware_g 7.779745682466678 12.970000267028809 31.40999984741211 AB 6.964664791601327 1.0218111490024955
60636.1208 lsst_hardware_r 4.9729816164806016 21.559999465942383 31.489999771118164 AB 6.994704716292366 1.0158969850465924
60643.1748 lsst_hardware_g -23.806213667222053 12.979999542236328 31.3799991607666 AB 4.780722428546688 1.0660151096803971
60643.1864 lsst_hardware_r 22.288258639046884 21.899999618530273 31.469999313354492 AB 4.910644293306438 1.088995629798785
60645.1783 lsst_hardware_i -13.064567940546665 30.25 31.239999771118164 AB 6.8350247734025995 1.083348266818534
60645.1905 lsst_hardware_z -36.543981765756435 41.93000030517578 30.940000534057617 AB 7.016932987844196 1.1116520457070684
60647.1885 lsst_hardware_z 25.728050168165357 41.88999938964844 30.940000534057617 AB 4.1275029592486705 1.120741175521203
60647.2005 lsst_hardware_r -5.099761092965364 22.149999618530273 31.459999084472656 AB 4.216976708223324 1.156207199457807
60649.1876 lsst_hardware_u -1.0975874505438257 2.630000114440918 28.399999618530273 AB 5.8940925575608984 1.1334793379924804
60649.199 lsst_hardware_g -23.978477035994985 13.100000381469727 31.360000610351562 AB 6.0806406388556775 1.169353969010707
60653.0927 lsst_hardware_i -50.750028824298795 37.040000915527344 31.290000915527344 AB 9.332146094591995 1.0143637059339126
60653.1064 lsst_hardware_r 17.33631373938655 36.310001373291016 31.610000610351562 AB 9.376484948068958 1.0191831465292347
60655.0969 lsst_hardware_z 45.209958404218035 70.33999633789062 31.729999542236328 AB 12.773664117117189 1.017227446149635
60657.0951 lsst_hardware_r 82.28974998161986 69.43000030517578 31.649999618530273 AB 7.520766214931332 1.0189819639054285
60657.1097 lsst_hardware_i -69.30681320936986 57.099998474121094 31.31999969482422 AB 7.615918331266837 1.0297115620163684
60661.0846 lsst_hardware_i 9.446707426699623 45.61000061035156 31.309999465942383 AB 4.04031367790744 1.0192088319292962
60661.0972 lsst_hardware_z 34.388470757417046 49.439998626708984 30.969999313354492 AB 4.176450017516493 1.0282601602417962
60664.0871 lsst_hardware_g 11.34353013743106 13.050000190734863 31.40999984741211 AB 3.182460412082632 1.0266001329298813
60664.0995 lsst_hardware_r 16.028307025928555 21.709999084472656 31.489999771118164 AB 3.2218004923823287 1.0392904814136543
60666.0869 lsst_hardware_i 12.521361275383256 29.639999389648438 31.25 AB 4.425537303195841 1.0314334920437294
60666.0978 lsst_hardware_r -25.41544549584236 21.690000534057617 31.489999771118164 AB 4.4331994422952805 1.0440474409770257
60667.0802 lsst_hardware_u 1.4199501187179209 2.640000104904175 28.440000534057617 AB 6.5950067369338115 1.0277131761577434
60667.0938 lsst_hardware_g -16.164695387362006 13.109999656677246 31.399999618530273 AB 6.444078895025503 1.0423938684932874
60669.0779 lsst_hardware_r -20.301875267199726 21.780000686645508 31.489999771118164 AB 9.850336168072953 1.0306394107322954
60669.0906 lsst_hardware_i -19.476083712959806 29.989999771118164 31.25 AB 7.818967270010611 1.0453747116051568
60671.0779 lsst_hardware_z 64.62719875219507 40.68000030517578 30.950000762939453 AB 6.501579385770952 1.0363835365204797
60671.0907 lsst_hardware_r -7.697972135738156 21.940000534057617 31.489999771118164 AB 5.643332454174578 1.0533846044377635
60673.0793 lsst_hardware_u 0.21023554333760555 2.6500000953674316 28.450000762939453 AB 8.816326140107602 1.044866953880786
60673.0915 lsst_hardware_g 20.18827678692757 13.15999984741211 31.399999618530273 AB 7.897612471085051 1.0635918259695933
