data/validation/pwv_sim_epoch_fit_epoch/7316927.ecsv
# %ECSV 0.9
# ---
# datatype:
# - {name: time, datatype: float64}
# - {name: band, datatype: string}
# - {name: flux, datatype: float64}
# - {name: fluxerr, datatype: float64}
# - {name: zp, datatype: float64}
# - {name: zpsys, datatype: string}
# - {name: pwv, datatype: float64}
# - {name: airmass, datatype: float64}
# meta: {SNID: '7316927', alt: 1024.0, c: -0.05997181311249733, dec: -10.199918, lat: -30.244573, lon: -70.7499537, ra: 79.980469, t0: 61002.640625,
#   x0: 2.9177530727935444e-05, x1: -1.223129391670227, z: 0.29153507947921753}
# schema: astropy-2.0
time band flux fluxerr zp zpsys pwv airmass
[from data line 132]
61374.2495 lsst_hardware_z 16.159912342176614 44.779998779296875 30.959999084472656 AB 5.857675863142415 1.0738833775009724
61376.2263 lsst_hardware_r -51.14159965776528 23.8700008392334 31.510000228881836 AB 6.709496688492686 1.0649994743639184
61376.2451 lsst_hardware_g 17.391458341530843 16.450000762939453 31.469999313354492 AB 6.771270854249687 1.0748048974999505
61379.2293 lsst_hardware_r -13.879455996922998 22.969999313354492 31.489999771118164 AB 2.839461479290767 1.0691749898487308
61379.2491 lsst_hardware_i 3.5885811886412693 31.049999237060547 31.239999771118164 AB 2.9138914239703877 1.08869472220078
61381.2193 lsst_hardware_z -45.178535298793086 41.61000061035156 30.950000762939453 AB 4.514573726101167 1.0668967803618497
61381.2383 lsst_hardware_i -19.726100100021213 31.040000915527344 31.25 AB 4.551544502361508 1.0818550494857602
61383.221 lsst_hardware_u -3.543427730288245 2.819999933242798 28.520000457763672 AB 5.810990493075176 1.0708542325762787
61383.2392 lsst_hardware_g 10.812551826590614 14.15999984741211 31.420000076293945 AB 6.0795186649441195 1.0901381306497762
61385.2203 lsst_hardware_r -52.55937382622829 23.040000915527344 31.5 AB 10.264397888463103 1.0745997684699031
61385.2374 lsst_hardware_i 34.401600276366274 31.1200008392334 31.239999771118164 AB 10.434046534858501 1.0956871940975377
61387.1933 lsst_hardware_i 6.343065002856834 30.75 31.25 AB 11.809778380406977 1.0646953598251099
61387.2113 lsst_hardware_z 44.03380604663531 41.619998931884766 30.950000762939453 AB 11.604674957389877 1.0717283854257673
61389.1954 lsst_hardware_r 7.86622614083874 22.739999771118164 31.489999771118164 AB 8.498669708508018 1.0661247046147952
61389.2147 lsst_hardware_g -0.9471386536845464 13.899999618530273 31.399999618530273 AB 8.70545917828307 1.0798609414045122
61394.1709 lsst_hardware_z 34.41402871675702 71.66999816894531 31.719999313354492 AB 4.097971894817397 1.0647539837135165
61396.1565 lsst_hardware_r -269.9590560454025 126.61000061035156 32.400001525878906 AB 3.752956511734985 1.0670144322226127
61396.1761 lsst_hardware_i 102.89182429955929 101.62999725341797 32.08000183105469 AB 3.857804020939444 1.0660598330748032
61405.1349 lsst_hardware_i -18.96537245636063 30.75 31.260000228881836 AB 7.174963171461466 1.0659183913034675
61405.1562 lsst_hardware_z -59.9340801132171 41.5099983215332 30.950000762939453 AB 7.221064583325033 1.068007333455357
61407.1349 lsst_hardware_r 14.580300233627215 22.600000381469727 31.489999771118164 AB 4.909150532981831 1.0647954161008943
61407.1561 lsst_hardware_g 14.393107224220218 13.720000267028809 31.399999618530273 AB 4.930520205833181 1.0712894035741765
61411.1213 lsst_hardware_z 1.7494700762929316 41.130001068115234 30.950000762939453 AB 9.150078925054283 1.0652012718340262
61411.1425 lsst_hardware_i 12.010924101310282 30.3700008392334 31.25 AB 8.659087250679892 1.0695072564551698
61413.1246 lsst_hardware_u 0.9693388608905992 2.7799999713897705 28.510000228881836 AB 6.179899965970963 1.0648879895412342
61413.1462 lsst_hardware_g -6.224095153519447 13.789999961853027 31.420000076293945 AB 7.691663980407693 1.0767737347016684
61415.0934 lsst_hardware_g 1.7637944297910682 13.630000114440918 31.399999618530273 AB 9.107453291193888 1.0742349341373016
61415.1147 lsst_hardware_r 18.34402760315585 22.459999084472656 31.489999771118164 AB 9.047108427782392 1.0646788382209351
61418.0849 lsst_hardware_i -34.0799121966696 30.75 31.25 AB 3.2951427454014226 1.0745030691526378
61418.1047 lsst_hardware_z 62.47110181108653 41.369998931884766 30.950000762939453 AB 3.147576094707733 1.0648092336629493
61420.0867 lsst_hardware_r -0.36555747861938986 27.489999771118164 31.540000915527344 AB 5.8011641630003385 1.069174780463893
61420.107 lsst_hardware_g 11.786307094269596 19.530000686645508 31.549999237060547 AB 5.775488192262602 1.0651296844401417
61422.0758 lsst_hardware_r 106.82706950407368 43.40999984741211 31.610000610351562 AB 2.9927778682958777 1.072968671971282
61422.0956 lsst_hardware_i -45.74962129696883 41.7599983215332 31.299999237060547 AB 2.079844855565732 1.0646761482291736
61424.0743 lsst_hardware_z -12.08061942992819 56.86000061035156 30.979999542236328 AB 3.903953286325326 1.0700892993422397
61424.0942 lsst_hardware_i 46.27483291394845 58.13999938964844 31.31999969482422 AB 4.125718876160666 1.0648390440471456
61426.0828 lsst_hardware_z -259.35802416417727 93.7300033569336 31.739999771118164 AB 12.809252095024661 1.064812615706387
61428.0745 lsst_hardware_r -26.434549478209796 85.72000122070312 31.649999618530273 AB 7.998098957058575 1.0652768989156334
61428.0947 lsst_hardware_i 58.45240964011199 69.87000274658203 31.329999923706055 AB 9.139291304251582 1.068693804944544
61432.0703 lsst_hardware_g 3.148549969441141 13.550000190734863 31.40999984741211 AB 12.137303014508065 1.0646757030270233
61432.0879 lsst_hardware_r -8.395774761717766 22.309999465942383 31.489999771118164 AB 12.178846602685939 1.0713271114255751
61434.0425 lsst_hardware_y -88.75721916628291 49.02000045776367 30.040000915527344 AB 13.52628178978908 1.0734008403705226
61434.06 lsst_hardware_i -22.056044128983416 30.270000457763672 31.25 AB 13.420992642679314 1.0649327636489088
61436.0411 lsst_hardware_y -27.262684106608532 49.83000183105469 30.049999237060547 AB 9.197611194437496 1.0703712780221109
61436.0592 lsst_hardware_i 9.908177993620457 30.280000686645508 31.25 AB 9.740647989137285 1.0646680499658199
61440.0395 lsst_hardware_y 81.83701142511781 49.209999084472656 30.040000915527344 AB 9.744062113258833 1.0658567177049607
61440.0586 lsst_hardware_i 13.382843228621095 30.59000015258789 31.25 AB 10.252972655569222 1.0670454175172932
61442.0276 lsst_hardware_z 122.95410112879962 63.209999084472656 30.989999771118164 AB 5.541828614616473 1.0686133078705116
61442.0444 lsst_hardware_u 2.987764135535016 3.0799999237060547 28.59000015258789 AB 5.085324335234531 1.0647664018497762
61443.0279 lsst_hardware_y 91.4369956046974 67.12000274658203 30.059999465942383 AB 5.0999243676012185 1.0671158223402868
61443.0464 lsst_hardware_r -9.797617291991587 22.639999389648438 31.5 AB 6.504639094057713 1.065635500337109
61445.0272 lsst_hardware_y 48.768024556996146 64.87000274658203 30.059999465942383 AB 5.8707958015468344 1.0654801817689354
61445.0453 lsst_hardware_z 34.53257597959863 41.65999984741211 30.950000762939453 AB 6.316303731377677 1.0671985804110236
61447.0258 lsst_hardware_y 36.86097316557031 62.380001068115234 30.049999237060547 AB 0.5438329237309314 1.06477322316384
61447.0431 lsst_hardware_u -2.1727443973590113 2.950000047683716 28.5 AB 1.0938769155136685 1.0688480568491183
61450.0235 lsst_hardware_y -183.79384097405335 66.13999938964844 30.059999465942383 AB 2.702107401447443 1.0648699119004865
61450.0413 lsst_hardware_r -15.276209412261732 33.209999084472656 31.56999969482422 AB 2.7143451402582013 1.0732879162744964
