data/validation/pwv_sim_epoch_fit_epoch/7390344.ecsv
# %ECSV 0.9
# ---
# datatype:
# - {name: time, datatype: float64}
# - {name: band, datatype: string}
# - {name: flux, datatype: float64}
# - {name: fluxerr, datatype: float64}
# - {name: zp, datatype: float64}
# - {name: zpsys, datatype: string}
# - {name: pwv, datatype: float64}
# - {name: airmass, datatype: float64}
# meta: {SNID: '7390344', alt: 1024.0, c: -0.020417265594005585, dec: -46.768478, lat: -30.244573, lon: -70.7499537, ra: 234.350647, t0: 60757.0234375,
#   x0: 5.167417862517447e-06, x1: 0.8971790671348572, z: 0.6050072908401489}
# schema: astropy-2.0
time band flux fluxerr zp zpsys pwv airmass
60737.3859 lsst_hardware_i 468.72710487925787 37.97207563406799 31.25 AB 6.405042552945567 1.046190951520367
60737.3985 lsst_hardware_y 184.23041078757018 57.96772148660524 30.059999465942383 AB 6.378774108485195 1.0435622263370463
60739.3842 lsst_hardware_r 746.6540509424328 35.98900863799538 31.489999771118164 AB 10.240111745383519 1.0449804488791945
60739.3973 lsst_hardware_y 195.41752305127878 54.874555833441136 30.049999237060547 AB 10.20703124645492 1.043592588758938
60741.3798 lsst_hardware_g 222.3326253932907 21.299899493683817 31.43000030517578 AB 9.342799622057651 1.0447053138832156
60741.3928 lsst_hardware_y 240.99689795593875 50.301655074637466 30.049999237060547 AB 9.34409600320297 1.0436638064598653
60743.3763 lsst_hardware_i 1041.7865331741957 43.46883795236854 31.25 AB 7.87520454615192 1.044272172845449
60743.3888 lsst_hardware_z 761.7195149286266 48.61372107241398 30.950000762939453 AB 7.871773090604183 1.04381715310344
60750.367 lsst_hardware_z 907.3213064357774 71.00943049318074 30.989999771118164 AB 7.898855353522831 1.0435797798286315
60750.3796 lsst_hardware_r 1856.012335782052 99.47479275448096 31.649999618530273 AB 8.028779725198682 1.0462995667164503
60752.3699 lsst_hardware_r 4492.287720298571 136.5407373353483 32.40999984741211 AB 7.767225045161271 1.044929881971056
60752.3828 lsst_hardware_i 3271.781676069579 113.85597990219216 32.08000183105469 AB 7.482246767604261 1.0505453708595263
60756.3686 lsst_hardware_z 1130.5458676411013 57.13877104243126 30.969999313354492 AB 6.504525810495253 1.048708295502336
60756.3805 lsst_hardware_g 541.4095442651903 43.9593210082584 31.690000534057617 AB 5.985064171566254 1.0567317010048562
60758.3622 lsst_hardware_r 1822.1846283524587 50.07134460695826 31.549999237060547 AB 7.1279915627333175 1.048234053343135
60758.374 lsst_hardware_i 1484.6049955304416 50.452527478706756 31.270000457763672 AB 7.17998942879857 1.055880798352731
60760.3167 lsst_hardware_i 1403.2272952000203 48.99041105127338 31.260000228881836 AB 6.712171903566568 1.0491047051526365
60760.3281 lsst_hardware_z 1081.9351863780685 52.944932875008625 30.959999084472656 AB 6.68205106464058 1.044668987123947
60762.3192 lsst_hardware_r 1601.3382445231966 46.01525221972514 31.510000228881836 AB 7.846590504105803 1.0456543848755069
60762.3308 lsst_hardware_g 306.8441734100214 22.234565247259514 31.440000534057617 AB 7.650587590468576 1.04354654775874
60764.3183 lsst_hardware_r 1494.8892321480007 44.95430267826374 31.510000228881836 AB 6.751881335610765 1.0444149171446329
60764.3299 lsst_hardware_i 1331.6149575328304 47.783611251508454 31.260000228881836 AB 6.689081612779654 1.043660586305676
60767.3181 lsst_hardware_z 1119.6646951700347 51.92333521109402 30.950000762939453 AB 9.207477805137373 1.0435274852112102
60767.3296 lsst_hardware_i 1215.9768884594766 46.313084589616516 31.25 AB 9.210849385882877 1.045113821335245
60769.3071 lsst_hardware_u -1.5732044120743558 2.656151154911578 28.360000610351562 AB 7.190954396761102 1.0439702960563924
60769.319 lsst_hardware_g 158.59493121010294 18.79116632259652 31.399999618530273 AB 7.225174125153843 1.0439871582059521
60771.3048 lsst_hardware_r 1120.8751024507171 40.19369063189395 31.489999771118164 AB 17.52607755855978 1.043622684881623
60771.3168 lsst_hardware_i 1162.8432205576935 44.30220894627079 31.25 AB 17.479436536333026 1.044624257000958
60773.3106 lsst_hardware_z 856.5731195324081 50.568751912955236 30.950000762939453 AB 10.370148760987577 1.0444566295845477
60773.3238 lsst_hardware_u 0.3504420120722017 2.6821951407229347 28.40999984741211 AB 10.466415765742797 1.049580401699037
60775.3045 lsst_hardware_z 862.5485657516192 59.89598360942557 30.969999313354492 AB 5.423169205332678 1.0443229742600957
60775.3144 lsst_hardware_r 975.8123837113764 69.27381057519538 31.639999389648438 AB 5.60350119316869 1.0475792097903702
60778.2969 lsst_hardware_i 913.2388175113898 93.03889672717104 31.34000015258789 AB 12.736684713458589 1.0444471391968053
60778.3077 lsst_hardware_z 810.9011853352142 80.46273054039878 31.0 AB 12.7808331933575 1.0482895206608798
60790.283 lsst_hardware_z 605.574267043059 47.185601194243866 30.950000762939453 AB 14.309182204070554 1.0531395216616577
60790.2939 lsst_hardware_u 3.00219226352881 2.934888245518587 28.450000762939453 AB 13.636531922415035 1.0624489226657605
60792.2656 lsst_hardware_g 34.07938665072441 14.932138844244813 31.420000076293945 AB 2.800526121892763 1.0465670163717467
60792.2772 lsst_hardware_r 303.24790336032254 28.2191563679632 31.489999771118164 AB 2.840200845163321 1.0529011474192107
60794.2149 lsst_hardware_r 279.22339177440983 27.778144497794997 31.5 AB 11.017320508622534 1.0549957395980594
60794.2249 lsst_hardware_i 290.8898122451482 36.020512818804335 31.25 AB 10.953100122271431 1.0485783695572308
60800.2167 lsst_hardware_g 18.480159157868336 14.99979366830909 31.450000762939453 AB 9.614429660307737 1.0452739356716627
60800.2272 lsst_hardware_r 134.56977076561932 26.58388831476755 31.510000228881836 AB 9.50676610920484 1.0435528111092032
60802.2152 lsst_hardware_i 371.8603053116483 45.149878042695796 31.309999465942383 AB 7.110857032848842 1.0442937229282074
60802.2261 lsst_hardware_z 429.9897331205803 50.606160613434646 30.969999313354492 AB 7.09910957910662 1.0436669519054222
60804.2139 lsst_hardware_r 374.3798983796664 97.41739855381984 32.40999984741211 AB 8.683556560170299 1.0436967019435648
60804.2272 lsst_hardware_z 834.8051145363914 82.11954901731312 31.729999542236328 AB 8.768098926425752 1.0447541169408106
60806.2078 lsst_hardware_r 179.12133756456026 112.52912999306062 31.65999984741211 AB 8.114278549511186 1.0437601710183724
60806.2207 lsst_hardware_i 247.58315948674542 89.55221633975563 31.34000015258789 AB 7.849135903687132 1.0445088587234401
60810.2193 lsst_hardware_z 403.0994450815297 110.78167359915064 31.75 AB 6.771929181270493 1.0477996567028458
60812.1961 lsst_hardware_y 172.63929165339414 51.948209257522834 30.049999237060547 AB 7.099737574342349 1.0435419378764386
60812.2069 lsst_hardware_r 8.170963906851918 65.23737378718097 31.639999389648438 AB 7.119709284635366 1.0451716507098465
60814.1997 lsst_hardware_i 187.44345267655933 40.951064710941594 31.290000915527344 AB 8.772239106325122 1.044708017664399
60814.212 lsst_hardware_z 223.31853503063462 47.878712397556136 30.959999084472656 AB 8.311977033733934 1.0496687616266671
60819.1766 lsst_hardware_r 147.03988498674465 25.182789096796263 31.5 AB 8.229015707980194 1.0435409022251587
60819.1885 lsst_hardware_i 158.55206201238937 33.05269631672928 31.25 AB 8.23381044453188 1.0453862344405314
60824.1913 lsst_hardware_u -0.6350043670531423 2.8474077676449894 28.469999313354492 AB 9.274881942218151 1.0539638570702443
60824.2045 lsst_hardware_g 5.755613345448018 14.484999070359024 31.440000534057617 AB 9.381306295021515 1.066057533525172
60826.1877 lsst_hardware_r 73.71801294574976 25.071661826042988 31.510000228881836 AB 8.285285584216815 1.0553831710358341
60826.2002 lsst_hardware_i 83.49371531848105 33.06037559785869 31.25 AB 8.379240859736557 1.067351233645826
60830.1379 lsst_hardware_z 151.7239135517349 46.14399424974504 30.959999084472656 AB 11.296553237614637 1.044478132089595
60830.1511 lsst_hardware_r 144.9095532182576 37.63827584843753 31.600000381469727 AB 11.18409277032243 1.0438196635728072
60842.0226 lsst_hardware_u 2.520427608392816 2.7300000190734863 28.43000030517578 AB 10.609480078239645 1.157903093521511
60842.0287 lsst_hardware_g -8.71769675065085 14.210000038146973 31.40999984741211 AB 10.462886562110722 1.1420910614125626
60844.1139 lsst_hardware_z -7.267832832632488 41.029998779296875 30.950000762939453 AB 5.435542284077777 1.0439581851621438
60844.127 lsst_hardware_r -9.475189076401808 22.920000076293945 31.5 AB 6.13395613223475 1.0480617608329108
60847.1138 lsst_hardware_u 2.346918868646967 2.640000104904175 28.399999618530273 AB 3.1379133499243084 1.045971116641436
60847.1253 lsst_hardware_g 17.50350669580734 14.050000190734863 31.420000076293945 AB 3.1604939295279912 1.051745068062632
60851.1078 lsst_hardware_z -3.278611937778036 41.040000915527344 30.940000534057617 AB 5.364383712232793 1.0480211736123108
60851.1197 lsst_hardware_r -36.46173144136488 22.799999237060547 31.489999771118164 AB 5.573717364458226 1.055594968174911
60858.0022 lsst_hardware_z 53.1480106327176 43.470001220703125 30.940000534057617 AB 9.815658409219726 1.1047448969295872
60858.0106 lsst_hardware_g -47.34521482620006 23.940000534057617 31.579999923706055 AB 9.546206872517171 1.0900607333733567
60861.0403 lsst_hardware_r -64.21289739374099 61.849998474121094 31.639999389648438 AB 3.934327439267992 1.049480488845772
60861.0514 lsst_hardware_y 61.73322013429345 51.099998474121094 30.049999237060547 AB 4.444453398542756 1.0449341846103657
60865.0426 lsst_hardware_i 90.77227316659737 90.33000183105469 31.34000015258789 AB 2.9713959449144607 1.0444273971579827
60865.0547 lsst_hardware_z -51.07163097879982 78.13999938964844 31.0 AB 3.0158762196598774 1.0437363625747416
60872.0267 lsst_hardware_r 27.71585686141277 22.5 31.489999771118164 AB 4.566801282466767 1.0438800599946896
60872.0381 lsst_hardware_z -23.400641049588323 41.130001068115234 30.950000762939453 AB 4.568038545756687 1.0440634354052196
60875.0279 lsst_hardware_g 1.333839129099495 13.920000076293945 31.43000030517578 AB 1.6865911880921503 1.0437903175402683
60875.0384 lsst_hardware_r 25.784951386911754 22.700000762939453 31.5 AB 1.6967635724929881 1.046362242145771
60877.0162 lsst_hardware_i 30.41190471985542 30.239999771118164 31.239999771118164 AB 5.8238905979302364 1.043598894607237
60877.0282 lsst_hardware_z 31.46971612653604 41.02000045776367 30.940000534057617 AB 5.836190176458627 1.0448511385913875
60879.0188 lsst_hardware_r -19.323535326651836 22.75 31.510000228881836 AB 4.394340428026247 1.044034314095093
60879.0309 lsst_hardware_u 2.4186517803318854 2.700000047683716 28.450000762939453 AB 4.423786087603557 1.047814638912869
60881.0221 lsst_hardware_g 15.03477849809181 13.960000038146973 31.43000030517578 AB 5.412825898776507 1.0463947995186083
60881.0336 lsst_hardware_i 4.615449890534544 30.6200008392334 31.260000228881836 AB 5.469372098327055 1.0525107472966524
60883.0088 lsst_hardware_r 19.07079519955426 22.690000534057617 31.5 AB 4.740625622812645 1.044190665817763
60883.0212 lsst_hardware_z 48.97540934953852 41.119998931884766 30.950000762939453 AB 4.698439050809876 1.048407687339033
60886.0071 lsst_hardware_g -12.643390982293598 17.3799991607666 31.510000228881836 AB 5.347271494949406 1.045904026656336
60886.0186 lsst_hardware_r -23.61638850130479 24.809999465942383 31.520000457763672 AB 5.365781630363347 1.051615730525734
60888.0092 lsst_hardware_i 23.569916790450698 37.15999984741211 31.280000686645508 AB 3.9076598855071634 1.0492709471041834
60888.0204 lsst_hardware_z -31.86704883819196 44.40999984741211 30.950000762939453 AB 3.8906991473085184 1.0570158426013634
60890.0077 lsst_hardware_r 15.697954020545449 58.43000030517578 31.639999389648438 AB 2.2969358588176014 1.05163030544873
60890.0191 lsst_hardware_z -90.75383262532048 54.09000015258789 30.969999313354492 AB 2.3177389550619534 1.0607500938498642
61100.3844 lsst_hardware_z -26.29884112531614 41.56999969482422 30.940000534057617 AB 4.332236168660948 1.049814903552734
61100.397 lsst_hardware_y -54.452765184134286 57.88999938964844 30.049999237060547 AB 4.4051353901282155 1.0446961399513557
61102.3837 lsst_hardware_z 20.783160040703805 57.08000183105469 30.979999542236328 AB 6.409814837604285 1.0473981514938169
61102.3953 lsst_hardware_y 62.542866968567935 58.220001220703125 30.059999465942383 AB 6.39522243120564 1.0439617087846402
61104.389 lsst_hardware_r -41.10419873564813 81.04000091552734 31.649999618530273 AB 10.198370817001104 1.0440948862233668
61104.4006 lsst_hardware_y 37.28969210192011 68.62000274658203 30.059999465942383 AB 10.228745341751768 1.043856040591057
61106.3924 lsst_hardware_z 79.05255255052269 87.11000061035156 31.729999542236328 AB 9.309109876572368 1.04360268416947
61108.3861 lsst_hardware_z 45.23557572782727 54.02000045776367 30.979999542236328 AB 7.838206801605699 1.0435636801498878
61108.3979 lsst_hardware_y 82.05718653530401 55.650001525878906 30.059999465942383 AB 7.91509340324172 1.045771171044004
61112.3872 lsst_hardware_i -9.89778561405506 32.81999969482422 31.260000228881836 AB 14.844406196111171 1.04584717569652
61112.3988 lsst_hardware_y 27.329385929062454 51.0099983215332 30.049999237060547 AB 14.91289361681332 1.051586142592143
61115.3672 lsst_hardware_u -0.31144414412833976 2.6500000953674316 28.399999618530273 AB 7.83776075167551 1.0435737636210094
61115.3796 lsst_hardware_g -12.622936606629095 14.039999961853027 31.420000076293945 AB 8.026907895826136 1.0460556324788084
61117.3773 lsst_hardware_i 13.68129899294003 30.43000030517578 31.239999771118164 AB 7.476300329509948 1.0473209118876556
61117.3895 lsst_hardware_r -22.400127190380303 22.739999771118164 31.479999542236328 AB 7.518604799422214 1.054650694265986
61119.372 lsst_hardware_u 1.8021972073444161 2.609999895095825 28.3700008392334 AB 5.43945700817689 1.0473922352074019
61119.3835 lsst_hardware_g 7.189992803877051 13.9399995803833 31.40999984741211 AB 5.95225865343444 1.054243473863679
61121.3629 lsst_hardware_r 21.88049390137416 22.549999237060547 31.479999542236328 AB 6.502106150194026 1.0459432397963526
61121.3758 lsst_hardware_i 15.935836510713091 30.440000534057617 31.239999771118164 AB 5.928708417038201 1.0526358767878203
61125.3167 lsst_hardware_i -20.970349477619838 30.360000610351562 31.239999771118164 AB 6.714776406417824 1.04951178593589
61125.3281 lsst_hardware_u -0.38786632403151194 2.619999885559082 28.389999389648438 AB 6.683311934542574 1.0448661109816768
61127.3137 lsst_hardware_g 17.889197908134346 13.949999809265137 31.420000076293945 AB 7.820455322059082 1.048224732650221
61127.3257 lsst_hardware_r -30.561099237371273 22.68000030517578 31.5 AB 7.733968718600602 1.0441901960306552
61129.3194 lsst_hardware_i -0.5021559502320618 44.630001068115234 31.299999237060547 AB 6.731897164404377 1.0443526472858171
61129.332 lsst_hardware_r 3.4881842424990017 42.90999984741211 31.610000610351562 AB 6.575017289153629 1.0438192235518948
61132.3193 lsst_hardware_z -20.73661814874481 94.69000244140625 31.739999771118164 AB 9.199630030351175 1.0435447954344381
61136.3126 lsst_hardware_z -96.7010008666698 62.09000015258789 30.989999771118164 AB 17.495966040056825 1.0437874979153192
61136.3251 lsst_hardware_r 11.20333635857959 78.48999786376953 31.65999984741211 AB 17.552857310115193 1.0471815600832208
61138.2928 lsst_hardware_i 23.16470481178442 51.83000183105469 31.31999969482422 AB 10.364880107875003 1.0448204539074282
61138.3053 lsst_hardware_z 31.3690994151784 52.47999954223633 30.969999313354492 AB 10.353037549212681 1.0436266776757483
61147.2853 lsst_hardware_i 19.964114048515594 30.479999542236328 31.25 AB 14.216992739137716 1.0441898403127148
61147.2962 lsst_hardware_r -6.360703551696394 22.75 31.5 AB 14.561589640928208 1.047690593825215
61149.2824 lsst_hardware_u 1.8830822287367708 2.630000114440918 28.389999389648438 AB 10.191591714082968 1.044737836095365
61149.2948 lsst_hardware_g -8.012545898437873 13.84000015258789 31.40999984741211 AB 11.188919060169011 1.049781303534231
61151.2795 lsst_hardware_r 16.854810838824612 22.68000030517578 31.489999771118164 AB 8.668906186479754 1.0454541951856915
61151.2913 lsst_hardware_i -22.24660925511763 30.559999465942383 31.25 AB 8.658388842143887 1.0509454008104737
61153.2762 lsst_hardware_z -66.89225179920038 41.15999984741211 30.950000762939453 AB 5.8792397135223515 1.0461901145125485
61153.2876 lsst_hardware_r -5.459437865287379 22.799999237060547 31.5 AB 5.921090401084795 1.0520771856938158
61157.2728 lsst_hardware_r 91.39431020651915 41.09000015258789 31.610000610351562 AB 2.805919453208002 1.0496939688404783
61157.2868 lsst_hardware_z 5.8170082156445755 45.650001525878906 30.959999084472656 AB 2.845450874004359 1.060185999566936
