data/validation/pwv_sim_epoch_fit_epoch/7523924.ecsv
# %ECSV 0.9
# ---
# datatype:
# - {name: time, datatype: float64}
# - {name: band, datatype: string}
# - {name: flux, datatype: float64}
# - {name: fluxerr, datatype: float64}
# - {name: zp, datatype: float64}
# - {name: zpsys, datatype: string}
# - {name: pwv, datatype: float64}
# - {name: airmass, datatype: float64}
# meta: {SNID: '7523924', alt: 1024.0, c: -0.07536694407463074, dec: -2.836105, lat: -30.244573, lon: -70.7499537, ra: 144.84375, t0: 62084.26171875,
#   x0: 2.8361464670667953e-05, x1: -0.07114335894584656, z: 0.29503411054611206}
# schema: astropy-2.0
time band flux fluxerr zp zpsys pwv airmass
62123.3144 lsst_hardware_i 1885.0043838023964 53.639538746054605 31.239999771118164 AB 5.620279919783703 1.165388426828249
62123.3357 lsst_hardware_y 648.9571509070327 53.32013548114832 30.020000457763672 AB 5.933248741662709 1.1348983821084437
62125.3149 lsst_hardware_r 1018.0904464526287 40.108775387675486 31.489999771118164 AB 6.936545751387299 1.1546476490030968
62125.3356 lsst_hardware_y 444.81243651816726 53.4215624488649 30.020000457763672 AB 7.187456037737606 1.1305475482087148
62127.3173 lsst_hardware_g 311.97885163739545 22.477957058375154 31.420000076293945 AB 7.724237886805998 1.1431460539893792
62127.3384 lsst_hardware_y 497.50583255129925 52.85704581848273 30.030000686645508 AB 6.8220301312541345 1.1263361158890346
62130.3132 lsst_hardware_z 962.1144051885997 53.44069575359331 30.940000534057617 AB 9.706024166414347 1.1383140148257638
62130.3334 lsst_hardware_y 443.5284313131701 52.08060885720713 30.010000228881836 AB 9.976213377537515 1.1255070796827373
62132.3086 lsst_hardware_u -0.9397478553798899 3.8361391529746105 28.389999389648438 AB 7.157627286258372 1.1373950875986607
62132.3305 lsst_hardware_y 364.4872699034893 51.59360661171653 30.020000457763672 AB 7.056638590489684 1.1251616142158092
62134.329 lsst_hardware_r 764.8014253946072 36.33390179183406 31.489999771118164 AB 10.504564885162328 1.1251877052748829
62134.3493 lsst_hardware_z 993.8165556144347 55.090737227937886 30.950000762939453 AB 9.983309307191249 1.1360914914915738
62136.2919 lsst_hardware_i 2360.4175738443096 118.51976890777703 32.06999969482422 AB 8.082081974672445 1.1442137025594754
62136.3127 lsst_hardware_z 1526.261291237469 103.2660299117072 31.729999542236328 AB 7.959267942632178 1.1267292082673441
62140.2948 lsst_hardware_z 514.578509881081 79.98030282799802 30.979999542236328 AB 3.636228162236567 1.1304336255657699
62140.3164 lsst_hardware_i 1037.6209324766899 91.34647817084166 31.31999969482422 AB 3.5906953014217113 1.1258450986899178
62142.2946 lsst_hardware_z 603.7645686938674 58.542310573278705 30.969999313354492 AB 8.146696031158063 1.127440345679815
62142.3157 lsst_hardware_r 655.5011658875642 61.87005757548692 31.6200008392334 AB 8.16730235122126 1.127561300214624
62144.2902 lsst_hardware_y 368.7793011587903 50.76047106081935 30.010000228881836 AB 10.030151169529558 1.1269832774752313
62144.3113 lsst_hardware_g 239.50115746453315 29.22419771017566 31.56999969482422 AB 9.85639000713241 1.1280775988630087
62148.2607 lsst_hardware_z 596.7650605481596 48.568453538090374 30.940000534057617 AB 6.672787147266405 1.1422093713225616
62148.2792 lsst_hardware_r 573.1596193470638 34.176352013234116 31.489999771118164 AB 6.619509980657659 1.1270128510526363
62150.2343 lsst_hardware_r 0.7198561076682624 23.65999984741211 31.479999542236328 AB 9.295578230661949 1.1789063377117004
62150.2527 lsst_hardware_u 0.2876615577811819 2.740000009536743 28.420000076293945 AB 8.092761714384702 1.1455128227304154
62152.2336 lsst_hardware_g 10.67092026289397 14.770000457763672 31.420000076293945 AB 5.955828063484737 1.168611412436918
62152.2521 lsst_hardware_i -7.676616402169671 31.8799991607666 31.25 AB 5.181080673610098 1.139450335080294
62154.237 lsst_hardware_z -5.597746205532614 43.540000915527344 30.940000534057617 AB 7.711406173106088 1.152561703832122
62154.2575 lsst_hardware_r 20.112627116778594 24.0 31.479999542236328 AB 8.2536552995135 1.1298122786339015
62156.2334 lsst_hardware_u -1.1542698283623292 2.619999885559082 28.31999969482422 AB 11.511225295620276 1.1496854227835556
62156.255 lsst_hardware_g 12.720229925323682 14.539999961853027 31.420000076293945 AB 13.31343669893056 1.1280980114896675
62158.2298 lsst_hardware_r 21.318970934626915 24.06999969482422 31.479999542236328 AB 10.896270137963857 1.1469758039961955
62158.249 lsst_hardware_i 43.72819423750589 32.040000915527344 31.239999771118164 AB 10.719614901217026 1.1283805159175817
62160.2306 lsst_hardware_z 38.867020441649956 42.4900016784668 30.940000534057617 AB 11.298349822742477 1.1390613794477658
62160.2492 lsst_hardware_r 11.633924776127193 23.649999618530273 31.489999771118164 AB 11.136534625913269 1.1260399015079052
62163.2106 lsst_hardware_i -10.257333167075705 54.939998626708984 31.290000915527344 AB 12.518894840603693 1.1555458489076906
62163.2273 lsst_hardware_z 31.365513588520482 54.529998779296875 30.959999084472656 AB 12.31276075502603 1.134137222403724
62165.2128 lsst_hardware_r -110.6657827206109 115.63999938964844 31.6299991607666 AB 12.163179370570731 1.1440968249801982
62165.2307 lsst_hardware_z 62.27346875586524 79.12000274658203 30.989999771118164 AB 11.920601885893213 1.1279547597438775
62167.2038 lsst_hardware_y -96.07391255511075 73.54000091552734 30.030000686645508 AB 11.786793870669623 1.149034302073467
62167.2221 lsst_hardware_r -164.98721839542918 150.38999938964844 31.639999389648438 AB 11.985094654072581 1.129745615604152
62169.2073 lsst_hardware_i 81.78952706772199 76.87999725341797 31.31999969482422 AB 10.115792483570587 1.1376711321728872
62169.2242 lsst_hardware_z -116.033321707322 68.98999786376953 30.979999542236328 AB 11.621067306024573 1.1261633503375181
62171.21 lsst_hardware_r 11.994231372065688 49.720001220703125 31.610000610351562 AB 8.481230736777908 1.130529290426274
62171.2273 lsst_hardware_z -64.148579285087 49.90999984741211 30.959999084472656 AB 8.507554342837453 1.1251146390051516
62173.1838 lsst_hardware_u 3.796730093637978 3.390000104904175 28.56999969482422 AB 6.293127795458639 1.1547023477905758
62173.2004 lsst_hardware_r -7.394977839266821 28.8700008392334 31.540000915527344 AB 6.142229432478683 1.13377562205421
62175.1825 lsst_hardware_i -38.191727124878724 32.189998626708984 31.239999771118164 AB 10.442814084525088 1.1482349455202778
62175.2007 lsst_hardware_z 50.577175616040925 42.81999969482422 30.940000534057617 AB 10.217876417778402 1.129463126504607
62177.1787 lsst_hardware_r 25.458243453688514 24.389999389648438 31.489999771118164 AB 3.7113329742599546 1.1458857533865026
62177.1965 lsst_hardware_u 0.44422785147995436 2.75 28.40999984741211 AB 3.6530864624339094 1.1287151127557267
62183.1717 lsst_hardware_r -46.4986887694096 24.350000381469727 31.489999771118164 AB 4.710797742680833 1.1350408182509435
62183.1909 lsst_hardware_g -5.872641571092735 15.119999885559082 31.420000076293945 AB 4.674878531403748 1.125166319885374
62185.1625 lsst_hardware_r -5.4100702029647705 24.450000762939453 31.5 AB 6.263809535939156 1.1388744610798467
62185.1804 lsst_hardware_i 18.80640055499992 32.15999984741211 31.25 AB 7.206506643520787 1.1261926306486483
62189.1534 lsst_hardware_z 32.261639275671946 44.43000030517578 30.950000762939453 AB 7.404700097791203 1.1369253556841459
62189.1709 lsst_hardware_g -10.058305304905767 15.119999885559082 31.43000030517578 AB 9.030240113187737 1.125789635429358
62193.1224 lsst_hardware_i -16.899603714473937 75.9800033569336 31.309999465942383 AB 6.664591974263381 1.167093815266845
62193.143 lsst_hardware_z 114.69639866323476 68.3499984741211 30.979999542236328 AB 6.071185737092291 1.1363941482624784
62195.1275 lsst_hardware_r -99.77431015378178 159.8000030517578 31.6299991607666 AB 6.897408615768366 1.1488022344717466
62195.1454 lsst_hardware_z -146.82106911637624 107.79000091552734 30.989999771118164 AB 6.852446048248279 1.1298965672609012
62198.1248 lsst_hardware_z 66.23674333769414 59.56999969482422 30.959999084472656 AB 6.589487871270729 1.1414321620077479
62198.1433 lsst_hardware_i 83.72126084616893 62.65999984741211 31.309999465942383 AB 5.448106648230854 1.1267476652150052
62201.1186 lsst_hardware_u -0.77452430253422 3.5199999809265137 28.559999465942383 AB 8.109686977991414 1.1391076380735532
62201.1364 lsst_hardware_g 11.562450428976163 24.979999542236328 31.59000015258789 AB 8.549277072499637 1.1262880387097711
62203.1166 lsst_hardware_r -7.059009201317866 23.809999465942383 31.489999771118164 AB 11.704948429030317 1.1355024426293376
62203.1328 lsst_hardware_i 8.70315057496183 31.579999923706055 31.239999771118164 AB 12.887821890933923 1.1257542160404654
62205.1133 lsst_hardware_z 54.66869631322456 42.91999816894531 30.940000534057617 AB 12.68738414193205 1.13352747817193
62205.1333 lsst_hardware_u -4.095763628890242 2.690000057220459 28.3700008392334 AB 11.903495207709648 1.1250586189196605
62207.1182 lsst_hardware_g -6.952208680404731 14.729999542236328 31.40999984741211 AB 8.954015456759267 1.1269527760646838
62207.1372 lsst_hardware_r -2.7071752465918357 23.920000076293945 31.489999771118164 AB 9.249184986558166 1.1270788805261993
62209.1142 lsst_hardware_i -33.58717127865616 31.469999313354492 31.239999771118164 AB 14.50078312679923 1.1264056493415908
62209.1337 lsst_hardware_z 26.662093116200477 42.34000015258789 30.940000534057617 AB 12.609753747403671 1.127985843760951
62212.0804 lsst_hardware_u -1.9384047138164413 2.6600000858306885 28.34000015258789 AB 9.370413568808004 1.14981453694191
62212.0991 lsst_hardware_g 1.7764380173189693 14.739999771118164 31.420000076293945 AB 8.62200839747853 1.129816772623202
62215.0814 lsst_hardware_r 38.72588274405047 23.790000915527344 31.5 AB 4.333423241553989 1.137978792424923
62215.1013 lsst_hardware_i 5.073132166846481 31.649999618530273 31.260000228881836 AB 5.771065350895826 1.1254759183961176
62217.0851 lsst_hardware_z 1.6584149431144923 61.84000015258789 31.700000762939453 AB 5.904850694969356 1.1300428734950512
62221.0691 lsst_hardware_i 94.18420822939558 68.69999694824219 31.31999969482422 AB 7.883954933141411 1.1339741004158808
62221.0872 lsst_hardware_z 35.92744066664402 64.31999969482422 30.979999542236328 AB 9.117293588016619 1.1251519267796481
62225.0611 lsst_hardware_z 94.59535469693978 107.55999755859375 31.729999542236328 AB 5.563368688529683 1.131570972954273
62225.08 lsst_hardware_r -76.96070194823548 159.27999877929688 32.38999938964844 AB 5.515289699501198 1.125110097817462
62227.0582 lsst_hardware_i -38.84273244495086 56.84000015258789 31.299999237060547 AB 5.87484464446266 1.1297778162428191
62227.0772 lsst_hardware_r 165.2645374996727 68.38999938964844 31.6200008392334 AB 5.85233053787685 1.1254481803609326
62233.024 lsst_hardware_i -3.461293219633827 32.040000915527344 31.239999771118164 AB 12.247673887519673 1.1484168110943762
62233.0424 lsst_hardware_z -11.995075881229278 42.970001220703125 30.940000534057617 AB 12.265008199245973 1.1294092697055746
62235.0206 lsst_hardware_i -14.660548251302213 31.989999771118164 31.229999542236328 AB 9.222684243293564 1.1455090454750114
62235.0408 lsst_hardware_u -0.42825968391904257 2.6600000858306885 28.34000015258789 AB 9.12122967863891 1.1273535497339267
62237.0491 lsst_hardware_r -22.442523051877565 23.760000228881836 31.489999771118164 AB 3.5325493993062316 1.1253143825768857
62237.066 lsst_hardware_z 44.37708574751181 42.65999984741211 30.940000534057617 AB 3.5790458716365423 1.134104844458371
62243.0151 lsst_hardware_u -2.970763164585602 2.819999933242798 28.469999313354492 AB 15.036913300314563 1.1294061364214032
62243.034 lsst_hardware_g -9.546962431601036 14.899999618530273 31.43000030517578 AB 14.980416380760637 1.125543136914282
62245.0069 lsst_hardware_r 26.14888546540385 25.299999237060547 31.510000228881836 AB 10.394040945882171 1.1312626192732012
62245.0256 lsst_hardware_i 3.637224502899024 32.59000015258789 31.25 AB 10.295453776030408 1.1251247228053558
62247.0068 lsst_hardware_z 58.01184247039548 44.959999084472656 30.950000762939453 AB 8.109599270710975 1.1279389785056468
62247.0257 lsst_hardware_r -28.28038446019749 33.119998931884766 31.56999969482422 AB 8.116385140045674 1.126232905649261
62251.0056 lsst_hardware_r -140.29315129383218 90.05999755859375 31.6299991607666 AB 14.791824466821087 1.1251245141533008
62251.0248 lsst_hardware_z 104.58482445555131 69.44000244140625 30.979999542236328 AB 14.872450109521377 1.1316445666310848
62252.9729 lsst_hardware_y -80.92808129544218 59.06999969482422 30.030000686645508 AB 7.024467905181299 1.143584518548034
62252.9986 lsst_hardware_r -36.32708961066985 130.50999450683594 32.38999938964844 AB 7.155478839345311 1.1252964559613818
62253.0241 lsst_hardware_y 12.066131308121678 56.380001068115234 30.020000457763672 AB 5.293674070217363 1.1357784523977892
62254.9722 lsst_hardware_z 115.98074389159586 60.20000076293945 30.959999084472656 AB 12.233195157134295 1.1379539998263775
62254.9921 lsst_hardware_g -39.35519570714545 85.95999908447266 31.690000534057617 AB 11.96121834159902 1.1254704280397092
62257.9708 lsst_hardware_y 37.3147266477007 50.619998931884766 30.020000457763672 AB 10.593618382006248 1.1317162291154028
62257.9898 lsst_hardware_i 16.265510538293107 31.920000076293945 31.25 AB 10.391454857401662 1.125103384300743
62259.9712 lsst_hardware_y -25.42586234505166 49.86000061035156 30.020000457763672 AB 12.320201801594305 1.1279911924369341
62259.9924 lsst_hardware_r -8.600935792655063 24.25 31.5 AB 12.407891606613601 1.127042405850862
62261.9638 lsst_hardware_y 46.663226760893664 57.2599983215332 30.030000686645508 AB 7.938766924072425 1.129055692245059
62261.9819 lsst_hardware_g 4.082521309143829 15.329999923706055 31.43000030517578 AB 8.040570186098899 1.1254997460944707
62262.9633 lsst_hardware_y 21.180424655382495 57.779998779296875 30.030000686645508 AB 4.165322865004008 1.1278458951227062
62262.9818 lsst_hardware_z -83.05144470944701 43.08000183105469 30.940000534057617 AB 4.51536866394072 1.126167518129622
62264.9624 lsst_hardware_y 2.875998635666062 58.099998474121094 30.030000686645508 AB 9.848064840335928 1.1260507878571668
62264.9803 lsst_hardware_u 5.698969619949359 2.9100000858306885 28.489999771118164 AB 9.9312748008055 1.1277423219053144
62266.9614 lsst_hardware_z -9.697053990880368 50.290000915527344 30.959999084472656 AB 8.469540684926727 1.1251714664237085
62266.9799 lsst_hardware_r 22.21222655272279 24.719999313354492 31.5 AB 8.49207791327383 1.1307568153847156
62268.9607 lsst_hardware_y 76.00923322112331 57.22999954223633 30.020000457763672 AB 8.744939879186111 1.1251852649493195
62268.9799 lsst_hardware_z -48.66940342482733 43.689998626708984 30.940000534057617 AB 8.832347434015302 1.1352874869661265
