data/validation/pwv_sim_epoch_fit_epoch/7551240.ecsv
# %ECSV 0.9
# ---
# datatype:
# - {name: time, datatype: float64}
# - {name: band, datatype: string}
# - {name: flux, datatype: float64}
# - {name: fluxerr, datatype: float64}
# - {name: zp, datatype: float64}
# - {name: zpsys, datatype: string}
# - {name: pwv, datatype: float64}
# - {name: airmass, datatype: float64}
# meta: {SNID: '7551240', alt: 1024.0, c: -0.12729784846305847, dec: -57.018551, lat: -30.244573, lon: -70.7499537, ra: 170.646072, t0: 61399.91796875,
#   x0: 8.240528529144259e-06, x1: 0.7289850115776062, z: 0.4982188045978546}
# schema: astropy-2.0
time band flux fluxerr zp zpsys pwv airmass
[from data line 132]
61819.2694 lsst_hardware_z 51.23649115351932 42.97999954223633 30.950000762939453 AB 5.367508747588828 1.122440139604532
61819.2808 lsst_hardware_i 30.076381511959415 33.150001525878906 31.25 AB 5.39253537948196 1.1262017186826094
61821.2708 lsst_hardware_u 1.183305345109186 2.680000066757202 28.40999984741211 AB 3.046770050141959 1.1243385387079003
61821.2822 lsst_hardware_g -8.844946304847673 13.899999618530273 31.40999984741211 AB 3.0572796623255507 1.1299542918537209
61823.2526 lsst_hardware_g -0.22020613601722722 13.029999732971191 31.3799991607666 AB 10.59668490919931 1.1216984131681285
61823.2651 lsst_hardware_r -24.325418380728948 22.06999969482422 31.479999542236328 AB 10.620844520658412 1.1242557976774017
61825.2513 lsst_hardware_i -15.06147784337403 30.360000610351562 31.239999771118164 AB 11.097636461544035 1.122144642038228
61825.2621 lsst_hardware_z -33.49435879688774 41.720001220703125 30.940000534057617 AB 11.124889677331906 1.1251942865521756
61827.2543 lsst_hardware_r -3.0732316303478617 22.06999969482422 31.469999313354492 AB 7.291381567636511 1.124302311805479
61827.2661 lsst_hardware_g -7.421328312004725 12.949999809265137 31.360000610351562 AB 7.344297387363488 1.1301382179239303
61829.2543 lsst_hardware_r -0.23356152043918624 21.969999313354492 31.469999313354492 AB 6.163022757384068 1.1265922232673449
61829.266 lsst_hardware_i -2.1285741538257734 30.559999465942383 31.229999542236328 AB 6.211103069666157 1.1338957712528628
61833.2507 lsst_hardware_u 0.25511339179534664 2.4600000381469727 28.239999771118164 AB 6.550982188943055 1.130779434224923
61833.2622 lsst_hardware_g 6.4051478650108 12.789999961853027 31.329999923706055 AB 6.523139279689506 1.1399771554521023
61835.2468 lsst_hardware_r -11.917028124379472 21.93000030517578 31.459999084472656 AB 8.896641098516865 1.1318401804652451
61835.2598 lsst_hardware_i -14.525854364760372 30.5 31.219999313354492 AB 8.892185333454798 1.1429788984496019
61837.2588 lsst_hardware_z 90.33539005017079 64.4000015258789 31.690000534057617 AB 11.362991637791115 1.1477769331102137
61839.1903 lsst_hardware_z 6.615840566929037 55.59000015258789 30.969999313354492 AB 12.259126882695966 1.1246905396968776
61839.2028 lsst_hardware_r -43.90428766796901 71.72000122070312 31.639999389648438 AB 12.227580775937716 1.1217964014621757
61844.1816 lsst_hardware_i 16.807221350989508 57.79999923706055 31.309999465942383 AB 11.596103529527607 1.1231093006806399
61844.1938 lsst_hardware_z 127.4974800164745 56.119998931884766 30.969999313354492 AB 11.564301853267603 1.1216587636535016
61848.2096 lsst_hardware_r 22.757804322291612 28.219999313354492 31.530000686645508 AB 7.642677487411827 1.130699040191107
61848.2217 lsst_hardware_i 68.63138093510567 34.150001525878906 31.25 AB 7.6699155941805754 1.140423105223489
61850.2089 lsst_hardware_z -2.9407319387716484 42.08000183105469 30.940000534057617 AB 6.432607464499621 1.1340986361952736
61850.2206 lsst_hardware_u 0.7126531359507959 2.609999895095825 28.3700008392334 AB 6.4975232302187145 1.1448203380360988
61852.2018 lsst_hardware_g -6.79479983050368 13.029999732971191 31.350000381469727 AB 7.764397379339761 1.1328684850395419
61852.2131 lsst_hardware_r -5.5845322885206174 22.139999389648438 31.459999084472656 AB 7.342751511449276 1.1427073122124556
61854.2019 lsst_hardware_i 7.437217162309869 30.68000030517578 31.229999542236328 AB 7.928995310123789 1.1373170418537801
61854.2146 lsst_hardware_z 17.42000791468413 42.36000061035156 30.93000030517578 AB 8.123015077340964 1.150365031310457
61856.1899 lsst_hardware_i 41.836152098098275 30.559999465942383 31.229999542236328 AB 7.650056570420955 1.1321676143882007
61856.2017 lsst_hardware_u 0.4867371075196452 2.509999990463257 28.290000915527344 AB 7.652177473238526 1.142229695477937
61858.1912 lsst_hardware_g -11.645626328770655 13.149999618530273 31.3700008392334 AB 7.463413988094982 1.1375132453214685
61858.2025 lsst_hardware_r -17.01154209862873 22.309999465942383 31.469999313354492 AB 7.581002455488978 1.1489849129264895
61860.1861 lsst_hardware_i 28.49365802340349 30.709999084472656 31.229999542236328 AB 5.439689498021775 1.1378318251365949
61860.1984 lsst_hardware_r 26.097211666457177 22.209999084472656 31.450000762939453 AB 5.343615411224756 1.1505873738977783
61862.1859 lsst_hardware_u 1.1647004943953079 2.5 28.280000686645508 AB 9.371135388790828 1.1428213888769303
61862.1979 lsst_hardware_g 0.25084017289466504 13.109999656677246 31.350000381469727 AB 9.486030296958418 1.1568329630437097
61866.1245 lsst_hardware_r 19.199178720225888 46.75 31.600000381469727 AB 10.835432873145221 1.1224550628258774
61866.1379 lsst_hardware_i -16.117745430172658 43.15999984741211 31.280000686645508 AB 13.01386528552374 1.1219816609641837
61872.1203 lsst_hardware_z -73.10586681436936 91.62999725341797 31.729999542236328 AB 7.537279518031209 1.1218554781684444
61874.1138 lsst_hardware_r -2.5483955596510444 55.65999984741211 31.6200008392334 AB 6.951254800132997 1.121773232942388
61874.1254 lsst_hardware_i -57.3679484710358 49.720001220703125 31.299999237060547 AB 5.545413730212197 1.1241463065502124
61876.0396 lsst_hardware_i 40.336526133375834 44.099998474121094 31.989999771118164 AB 18.384867854518482 1.173908075952972
61876.0501 lsst_hardware_z -11.115728984300954 60.220001220703125 31.700000762939453 AB 19.238196685683384 1.1582297824011851
61878.1191 lsst_hardware_g 21.291335557733234 13.180000305175781 31.3700008392334 AB 12.723550816734516 1.1259779483835854
61878.1311 lsst_hardware_r 2.8238885593739598 22.25 31.469999313354492 AB 13.268282896122354 1.1331050894806873
61880.114 lsst_hardware_i -80.15008507618059 30.6200008392334 31.229999542236328 AB 7.695876911134845 1.1261434886912927
61880.1248 lsst_hardware_z 35.43361422317531 42.09000015258789 30.93000030517578 AB 7.748910568105901 1.132495333186423
61883.1147 lsst_hardware_i -22.545278660240285 30.579999923706055 31.229999542236328 AB 5.115718524303857 1.1311704863026772
61883.1267 lsst_hardware_u -0.7205997422749244 2.549999952316284 28.31999969482422 AB 6.017043561140418 1.1409962190462535
61889.12 lsst_hardware_z 43.15394212982417 59.869998931884766 31.68000030517578 AB 10.135220434743607 1.1515551168092266
61889.1333 lsst_hardware_u -0.4864863101902531 3.5299999713897705 29.010000228881836 AB 9.529172972238042 1.1700491723900963
61891.0888 lsst_hardware_g 9.345201290491413 13.859999656677246 31.389999389648438 AB 10.994543021954707 1.1286486814215755
61891.1021 lsst_hardware_r -20.246230440368986 22.31999969482422 31.469999313354492 AB 11.09856505523322 1.1384311268061567
61895.0842 lsst_hardware_i 27.709258472134106 44.849998474121094 31.290000915527344 AB 10.47844497990618 1.132764042366709
61895.0971 lsst_hardware_z -17.53305193904608 49.130001068115234 30.959999084472656 AB 10.609916765008292 1.1441936227699145
61897.0443 lsst_hardware_z -57.16437257498311 58.029998779296875 30.969999313354492 AB 7.061497288467599 1.1218519800568114
61897.0553 lsst_hardware_i -5.874194944748383 61.220001220703125 31.309999465942383 AB 7.137264252206619 1.1222995915097524
61899.0846 lsst_hardware_z -30.083116771909705 70.02999877929688 30.969999313354492 AB 9.81624265200743 1.1425749963537786
61899.0985 lsst_hardware_r -19.070351171412373 103.1500015258789 31.6299991607666 AB 9.967854738191836 1.1590528765339345
61903.0231 lsst_hardware_g -33.96321878643819 30.139999389648438 31.6200008392334 AB 7.943445480209251 1.1225501473533652
61903.0351 lsst_hardware_r 11.071177911003955 40.27000045776367 31.579999923706055 AB 7.944028364417783 1.121826637792013
61908.0211 lsst_hardware_i 0.8385394950619187 30.5 31.229999542236328 AB 8.086792009560511 1.1218022555311964
61908.0339 lsst_hardware_z -13.223773244561897 41.880001068115234 30.93000030517578 AB 8.254888703704776 1.1246442375619188
61910.0236 lsst_hardware_r -7.464372697103646 22.139999389648438 31.479999542236328 AB 7.858736892072651 1.123117923766144
61910.0355 lsst_hardware_g 9.695909731724242 13.109999656677246 31.3700008392334 AB 7.888585861128395 1.1278672997288337
61912.0197 lsst_hardware_r -12.211005790608466 22.079999923706055 31.469999313354492 AB 5.071895444103562 1.1235507721846547
61912.0319 lsst_hardware_i 23.72281143661439 30.719999313354492 31.229999542236328 AB 5.113985854457108 1.1289151996594058
61917.9545 lsst_hardware_y 109.74794799293285 64.11000061035156 30.040000915527344 AB 7.54060007034527 1.1371738908679339
61917.9623 lsst_hardware_i 1.7164426432695616 32.06999969482422 31.25 AB 7.311445132174782 1.1311897783205356
61925.993 lsst_hardware_r -40.24357166250408 71.37000274658203 31.6200008392334 AB 13.341597450546343 1.128531839471019
61926.0053 lsst_hardware_z -67.53301220728324 57.47999954223633 30.959999084472656 AB 11.480141318075354 1.1373608518287397
61927.996 lsst_hardware_y 36.44880973640714 55.40999984741211 30.030000686645508 AB 4.920203213766983 1.1342100538881934
61928.0088 lsst_hardware_r -81.23466896961179 92.23999786376953 31.6299991607666 AB 5.375417457990299 1.1461444473326865
