data/validation/pwv_sim_epoch_fit_epoch/761203.ecsv
# %ECSV 0.9
# ---
# datatype:
# - {name: time, datatype: float64}
# - {name: band, datatype: string}
# - {name: flux, datatype: float64}
# - {name: fluxerr, datatype: float64}
# - {name: zp, datatype: float64}
# - {name: zpsys, datatype: string}
# - {name: pwv, datatype: float64}
# - {name: airmass, datatype: float64}
# meta: {SNID: '761203', alt: 1024.0, c: -0.06752537190914154, dec: -44.796005, lat: -30.244573, lon: -70.7499537, ra: 106.244812, t0: 61120.55859375,
#   x0: 1.613710913747251e-05, x1: -0.12402567267417908, z: 0.3759036064147949}
# schema: astropy-2.0
time band flux fluxerr zp zpsys pwv airmass
61004.3548 lsst_hardware_r 16.09796447658264 33.060001373291016 31.56999969482422 AB 5.869957063351272 1.056317628819736
61006.3514 lsst_hardware_r -5.787298173132351 28.389999389648438 31.549999237060547 AB 4.185342387299717 1.0586869445108897
61009.3433 lsst_hardware_z 30.915088659023777 44.31999969482422 30.959999084472656 AB 6.466941364312595 1.0587946676638798
61009.355 lsst_hardware_i -11.825668381694792 46.97999954223633 31.299999237060547 AB 6.556010553123344 1.074638381563219
61011.3446 lsst_hardware_z 9.360344403023833 44.959999084472656 30.959999084472656 AB 7.11163571009639 1.0674525438246927
61013.3331 lsst_hardware_y -6.260564501575212 50.2400016784668 30.040000915527344 AB 3.83816118346911 1.0596556816203686
61013.3453 lsst_hardware_r 35.840881186446644 54.209999084472656 31.6299991607666 AB 4.625134680081641 1.0765306882027248
61015.3332 lsst_hardware_i -24.975982805139815 58.86000061035156 31.31999969482422 AB 4.646964866316587 1.0667963421295352
61015.3456 lsst_hardware_z 38.101780620413905 60.84000015258789 30.979999542236328 AB 4.641100566444862 1.0860821544363655
61017.2927 lsst_hardware_z -81.90982164318244 49.33000183105469 30.969999313354492 AB 5.717428846044163 1.0362980115477054
61017.3054 lsst_hardware_r -45.88662403476364 54.75 31.639999389648438 AB 5.774133001718034 1.043455153614409
61020.2887 lsst_hardware_z -66.9175983648122 43.09000015258789 30.950000762939453 AB 9.820205196444673 1.0381864041066364
61020.3025 lsst_hardware_r -32.640159084420766 33.34000015258789 31.579999923706055 AB 8.695023652201133 1.0477194423666998
61026.2848 lsst_hardware_g -27.858225319394787 12.6899995803833 31.3799991607666 AB 7.367455258610086 1.0465878625768537
61026.2977 lsst_hardware_r 35.16718824257741 21.489999771118164 31.479999542236328 AB 7.022850099479155 1.059772905191659
61028.2829 lsst_hardware_i 1.4911719593313233 29.809999465942383 31.239999771118164 AB 4.5680382000149145 1.0497617373354569
61028.2956 lsst_hardware_z 44.32369010381698 41.25 30.950000762939453 AB 5.211064872813326 1.063989288670794
61030.2895 lsst_hardware_r -47.445240659494985 21.530000686645508 31.469999313354492 AB 5.6907554391930715 1.063162680133218
61030.3027 lsst_hardware_g -8.166412690922602 12.729999542236328 31.360000610351562 AB 6.4883426986180055 1.0827438796191915
61032.2289 lsst_hardware_r 0.8480710019040095 21.3799991607666 31.489999771118164 AB 6.945960296532729 1.0340866899706311
61032.2416 lsst_hardware_u 2.44174693617795 2.640000104904175 28.459999084472656 AB 7.003448662381423 1.0336430761392403
61034.2239 lsst_hardware_g -0.5651335958100887 12.720000267028809 31.399999618530273 AB 6.786474350796997 1.0339981235343316
61034.236 lsst_hardware_i -2.343162947239551 29.610000610351562 31.25 AB 6.860692594396433 1.033626002922169
61036.2255 lsst_hardware_z -58.4543867188422 40.43000030517578 30.950000762939453 AB 5.187523234390406 1.0333197020846385
61036.2379 lsst_hardware_r 2.8366184564906662 21.239999771118164 31.469999313354492 AB 5.227560191248068 1.0352629351912204
61038.2177 lsst_hardware_y -47.39880182416862 46.630001068115234 30.049999237060547 AB 7.413885917724746 1.033402225699515
61038.2303 lsst_hardware_g 4.111986492618214 12.680000305175781 31.389999389648438 AB 7.366914360681985 1.0346426544969607
61040.2222 lsst_hardware_r 52.414960753011236 45.18000030517578 31.6200008392334 AB 7.0037386032304925 1.034041970013496
61040.2361 lsst_hardware_i 35.46949708068558 41.06999969482422 31.299999237060547 AB 7.046984687670449 1.0392633097622608
61043.2224 lsst_hardware_z -2.3763392370830005 58.459999084472656 30.979999542236328 AB 3.5891849247544894 1.036587703900212
61043.2353 lsst_hardware_r 126.21669877265313 81.61000061035156 31.649999618530273 AB 3.7186642368387917 1.0441286640007839
61045.2207 lsst_hardware_i -31.106145216478804 59.029998779296875 31.329999923706055 AB 12.115224252141626 1.0383291268547845
61045.2343 lsst_hardware_z -111.76619719264477 55.47999954223633 30.979999542236328 AB 12.221585170430759 1.0477814836299597
61048.2091 lsst_hardware_z -27.061557839021432 45.869998931884766 30.969999313354492 AB 8.31514732229589 1.0367367772951672
61048.2216 lsst_hardware_r -7.441877728310761 43.83000183105469 31.6200008392334 AB 8.374158375223207 1.0440943052457088
61054.1863 lsst_hardware_u 4.50170933329829 2.569999933242798 28.399999618530273 AB 8.192407585170676 1.0345690669941094
61054.1998 lsst_hardware_g -4.0187392544331235 12.640000343322754 31.3799991607666 AB 8.263168428715796 1.0403955716685855
61056.1795 lsst_hardware_r -39.12068672471382 21.329999923706055 31.479999542236328 AB 5.306752031061453 1.0342529781838732
61056.1912 lsst_hardware_i -41.53985865545552 29.530000686645508 31.25 AB 5.34028254680253 1.0386118630432264
61058.1657 lsst_hardware_i 17.486241687737504 29.350000381469727 31.239999771118164 AB 4.576617001595324 1.0333296458783752
61058.1786 lsst_hardware_z 17.3748075852725 40.43000030517578 30.940000534057617 AB 6.423193085601159 1.035525660682131
61060.1635 lsst_hardware_r -10.048518347489216 21.200000762939453 31.469999313354492 AB 7.6177560429663 1.0334766033056926
61060.1766 lsst_hardware_u 3.0994588820657785 2.5299999713897705 28.360000610351562 AB 9.183772291443617 1.036855218814197
61062.1624 lsst_hardware_g -8.094250000869357 12.619999885559082 31.3799991607666 AB 10.615860962133588 1.0341047621589838
61062.1766 lsst_hardware_i 1.847193298068222 29.65999984741211 31.25 AB 10.165685898493544 1.0395956331230294
61064.162 lsst_hardware_z -21.14270390089633 40.34000015258789 30.940000534057617 AB 14.60958053635303 1.035455055969077
61064.1739 lsst_hardware_r -5.065602222771444 21.219999313354492 31.469999313354492 AB 11.69014387063205 1.041283598928039
61066.1651 lsst_hardware_y 30.310263346649695 46.81999969482422 30.040000915527344 AB 13.688222975950618 1.0392698334181625
61066.1777 lsst_hardware_g -7.917651415210128 12.619999885559082 31.3700008392334 AB 14.658882735703136 1.04844850235691
61070.1515 lsst_hardware_z 53.440753649173615 70.86000061035156 31.719999313354492 AB 12.472004732875064 1.037870618464947
61070.1647 lsst_hardware_r -41.44883916503969 82.19000244140625 32.38999938964844 AB 12.56228710455067 1.046639208877373
61079.1518 lsst_hardware_g 21.968902229078086 25.899999618530273 31.610000610351562 AB 9.093728086157215 1.0583845306618165
61079.1646 lsst_hardware_r 18.26866262432074 33.41999816894531 31.56999969482422 AB 9.267093933202645 1.0757865087735494
61083.147 lsst_hardware_r 15.624117413064884 21.530000686645508 31.479999542236328 AB 4.314156737700204 1.0661013355107587
61083.1581 lsst_hardware_g 14.736566951518496 12.739999771118164 31.3700008392334 AB 4.384715369303851 1.0829577333315403
61085.0851 lsst_hardware_r 3.7237749534623226 21.219999313354492 31.469999313354492 AB 3.2892970667585395 1.0339366303725501
61085.0981 lsst_hardware_u -1.432855356279509 2.5399999618530273 28.3799991607666 AB 3.2837419701283284 1.0338424148377263
61087.0904 lsst_hardware_g -5.766765448886211 12.699999809265137 31.389999389648438 AB 3.236722363825183 1.033546257740878
61087.1021 lsst_hardware_i -3.708680540283184 29.520000457763672 31.25 AB 3.238670678437905 1.0365404635743014
61089.086 lsst_hardware_z 33.609804307070675 40.59000015258789 30.950000762939453 AB 5.711033064012675 1.033671142807724
61089.0984 lsst_hardware_r -17.588504309813942 21.440000534057617 31.489999771118164 AB 5.670412785709521 1.0373022566010284
61095.0737 lsst_hardware_z 24.47353712535125 41.82540700530186 30.950000762939453 AB 8.191698158016532 1.0344250481031936
61095.0869 lsst_hardware_r 20.934887350701874 25.907312721017455 31.530000686645508 AB 8.031065963809612 1.039844535668055
61098.0739 lsst_hardware_z 55.237227791043644 47.704702647394086 30.959999084472656 AB 8.024859300244831 1.0373396199902831
61098.0873 lsst_hardware_r 128.7243802358393 48.642672488935055 31.6200008392334 AB 6.997363905204258 1.045865616202714
61100.0742 lsst_hardware_i 303.5617646398097 57.71001652914091 31.31999969482422 AB 3.8157252026260053 1.040415869836675
61100.0856 lsst_hardware_z 262.67158146245094 55.185061899929536 30.969999313354492 AB 4.420789715658265 1.0491343140096743
61104.0557 lsst_hardware_y 286.4000861315297 52.71391806222898 30.049999237060547 AB 11.091121866537517 1.036553445470796
61104.0691 lsst_hardware_g 948.7661914681655 84.11598928337986 31.729999542236328 AB 11.175377360123326 1.0444277906657315
61106.0548 lsst_hardware_r 2160.096954206419 60.7321868967372 31.610000610351562 AB 6.736987835090081 1.0386968601742173
61106.0678 lsst_hardware_i 1418.4429811333348 56.76023339580635 31.299999237060547 AB 6.817722024285137 1.04785932029587
61108.0527 lsst_hardware_z 2536.2261036680243 75.3415073385836 31.690000534057617 AB 11.27548610269695 1.0406299903275662
61108.0663 lsst_hardware_r 5115.419020427819 77.32519888428988 32.220001220703125 AB 11.390956824252727 1.0515700056238653
61110.0527 lsst_hardware_u 34.53013009700135 6.186367787795368 28.43000030517578 AB 7.463665105827663 1.0444170167329436
61110.0661 lsst_hardware_r 3358.7060655661157 61.4845325509121 31.479999542236328 AB 7.513463133277925 1.0571795462195592
61112.0461 lsst_hardware_i 2814.385146471223 60.71523993402331 31.25 AB 10.766945838854628 1.0435615060678098
61112.0601 lsst_hardware_z 1883.7707413450878 59.33063472411519 30.950000762939453 AB 11.079893784425408 1.0565696552216968
61117.0313 lsst_hardware_g 3039.671517385816 56.421694857928664 31.3799991607666 AB 8.077031030762495 1.0427357385440867
61117.0454 lsst_hardware_r 5013.494805183264 73.93486433953335 31.469999313354492 AB 7.279149811431404 1.0554081211296802
61119.0273 lsst_hardware_i 3949.0569477108525 68.19982319319251 31.239999771118164 AB 4.943415577630041 1.0437955189253076
61121.0264 lsst_hardware_r 5062.4374729031815 75.26503788503334 31.479999542236328 AB 5.3281665750465645 1.0474770462083678
61121.0408 lsst_hardware_g 2741.2888417497543 54.206799157684365 31.3799991607666 AB 5.594453356747928 1.0629107074251922
61363.3532 lsst_hardware_z -75.35471686872819 51.41999816894531 30.969999313354492 AB 6.048499840773423 1.0402740080445032
61369.3472 lsst_hardware_z -81.54584808742351 61.189998626708984 30.979999542236328 AB 5.860874222405609 1.0480194711340631
61371.3524 lsst_hardware_z -11.445665242014002 63.970001220703125 30.989999771118164 AB 4.153159693894571 1.059074255742591
61373.3416 lsst_hardware_r -66.70744215397235 45.20000076293945 31.6200008392334 AB 4.835830875991392 1.0531372819842604
61373.3543 lsst_hardware_i 8.780142953306074 54.349998474121094 31.31999969482422 AB 4.8998673119528675 1.0686150835729498
61375.3477 lsst_hardware_z -83.97973884362186 77.58000183105469 31.729999542236328 AB 7.751288335688892 1.0670336808638865
61378.3296 lsst_hardware_r -44.228849038246366 22.31999969482422 31.489999771118164 AB 3.761993971415825 1.0548878994506343
61378.3419 lsst_hardware_g -9.305372296177502 16.489999771118164 31.489999771118164 AB 4.688342547361945 1.0703978418633564
61380.3303 lsst_hardware_r -1.737116553752823 21.68000030517578 31.479999542236328 AB 4.588552376311311 1.062103437604685
61380.342 lsst_hardware_i 7.782544678479675 31.920000076293945 31.260000228881836 AB 4.605797514569098 1.0788937724454049
61382.3053 lsst_hardware_z -23.990208549312268 57.709999084472656 31.700000762939453 AB 5.791397003982595 1.0428999076771293
61382.3185 lsst_hardware_i 42.05967119549394 42.15999984741211 31.989999771118164 AB 5.8264926388550515 1.05469606688983
61384.2922 lsst_hardware_r 13.7420926214331 21.450000762939453 31.489999771118164 AB 10.393309826683437 1.0382408297970245
61384.3036 lsst_hardware_u 1.5464211956806988 2.700000047683716 28.5 AB 10.462166755497996 1.0457722223552985
61386.2936 lsst_hardware_g -7.554834825783638 12.59000015258789 31.3700008392334 AB 10.949762974771163 1.0423547549322847
61386.3049 lsst_hardware_r -31.29761326591096 21.360000610351562 31.469999313354492 AB 11.066289622447156 1.051912006062688
61388.2886 lsst_hardware_i 21.66020114461308 29.579999923706055 31.239999771118164 AB 8.328381150896632 1.0426768264033344
61388.2999 lsst_hardware_z 6.515581671255971 40.84000015258789 30.940000534057617 AB 7.601145172912908 1.0523772074088225
61391.2887 lsst_hardware_r 10.215109444912438 21.530000686645508 31.489999771118164 AB 7.3878702491530515 1.049450655087617
61391.2997 lsst_hardware_g -8.111617826247219 12.770000457763672 31.389999389648438 AB 7.015306536628695 1.0613974637458758
61393.282 lsst_hardware_r 8.177574656570687 21.450000762939453 31.489999771118164 AB 4.542366084048325 1.0483189670086142
61393.2953 lsst_hardware_i -7.754849017027326 29.739999771118164 31.25 AB 5.211292027848446 1.062733742338749
61395.2221 lsst_hardware_z -71.52305812790406 48.040000915527344 30.969999313354492 AB 6.129372803404402 1.038876746339729
61395.2349 lsst_hardware_i -26.500790459044193 44.34000015258789 31.309999465942383 AB 6.10133156813532 1.0341239945992067
61404.2212 lsst_hardware_z 30.05678170477115 42.75 30.950000762939453 AB 9.280641456894879 1.0334502332223237
61404.2332 lsst_hardware_r 22.65324617292067 32.25 31.579999923706055 AB 9.311251235037412 1.0362722104582252
61406.2254 lsst_hardware_u -5.669421645353483 2.890000104904175 28.540000915527344 AB 7.286274464312741 1.035427814004144
61406.2385 lsst_hardware_g -9.299169960524202 15.489999771118164 31.479999542236328 AB 7.3318249621676355 1.042025227243902
61408.2248 lsst_hardware_r 13.625911532575964 21.309999465942383 31.479999542236328 AB 3.6587210253014626 1.037346477261543
61408.2373 lsst_hardware_i -9.101051169178524 29.579999923706055 31.239999771118164 AB 3.6862837486667077 1.0451612556469259
61410.2284 lsst_hardware_z -79.10008445734677 40.52000045776367 30.940000534057617 AB 12.090695611845657 1.0425934517727515
61410.2411 lsst_hardware_r -4.484599628537519 21.360000610351562 31.469999313354492 AB 12.42017360167365 1.0536956119259084
61412.2093 lsst_hardware_r -24.252609709433806 21.350000381469727 31.479999542236328 AB 9.030470142247346 1.0355252055172401
61412.2222 lsst_hardware_u 4.75231092267715 2.5899999141693115 28.40999984741211 AB 8.993880514134835 1.0420841009734476
61414.1905 lsst_hardware_g -16.760902195997943 12.630000114440918 31.3799991607666 AB 7.75631326658927 1.03333695112932
61414.2032 lsst_hardware_i 22.05459267747862 29.399999618530273 31.239999771118164 AB 7.779704419598887 1.0353153200016263
61419.1767 lsst_hardware_u -1.4831371248155318 2.640000104904175 28.459999084472656 AB 8.215402523235667 1.0333406385353672
61419.1908 lsst_hardware_g 0.519731078379433 12.680000305175781 31.389999389648438 AB 8.191842074472264 1.0357402264636744
61421.1772 lsst_hardware_r 34.426834457326855 21.3799991607666 31.489999771118164 AB 5.367614607868717 1.0337245272737057
61421.1909 lsst_hardware_i -3.7398240263799383 29.549999237060547 31.25 AB 5.327878007756809 1.0381173964161505
61423.1666 lsst_hardware_i -28.90358115306256 39.7400016784668 31.299999237060547 AB 4.519314864537752 1.03334054293765
61423.1797 lsst_hardware_z -87.67027340457841 44.84000015258789 30.959999084472656 AB 6.428462473330462 1.0356794704898418
61425.1628 lsst_hardware_r -13.560970894332018 59.900001525878906 31.649999618530273 AB 7.706512802542648 1.033390922231666
61425.1752 lsst_hardware_z -11.34401433069664 50.849998474121094 30.969999313354492 AB 9.185427952925448 1.036028417880148
61427.1633 lsst_hardware_z -47.14382620803883 60.099998474121094 30.979999542236328 AB 10.64072432664022 1.0341593728056193
61427.1766 lsst_hardware_i 36.51990102815553 66.43000030517578 31.329999923706055 AB 10.16202039793587 1.0392207800721858
61431.1704 lsst_hardware_y -22.331727506688082 69.19000244140625 30.799999237060547 AB 14.556344949301279 1.0421457854545955
61435.1567 lsst_hardware_z 19.372216446329453 57.5099983215332 31.700000762939453 AB 12.510792279477236 1.0403552683445376
61435.1692 lsst_hardware_r -12.264097520066796 22.030000686645508 31.5 AB 12.971507003938365 1.0500693761789335
