data/validation/pwv_sim_epoch_fit_epoch/7725923.ecsv
# %ECSV 0.9
# ---
# datatype:
# - {name: time, datatype: float64}
# - {name: band, datatype: string}
# - {name: flux, datatype: float64}
# - {name: fluxerr, datatype: float64}
# - {name: zp, datatype: float64}
# - {name: zpsys, datatype: string}
# - {name: pwv, datatype: float64}
# - {name: airmass, datatype: float64}
# meta: {SNID: '7725923', alt: 1024.0, c: -0.006004955153912306, dec: -1.342993, lat: -30.244573, lon: -70.7499537, ra: 222.539062, t0: 62992.87890625,
#   x0: 4.698289000868277e-06, x1: 0.43805503845214844, z: 0.6292737126350403}
# schema: astropy-2.0
time band flux fluxerr zp zpsys pwv airmass
62920.3774 lsst_hardware_g 42.58587211831016 15.34000015258789 31.43000030517578 AB 11.103984730126088 1.1447406938274318
62920.3958 lsst_hardware_y -87.07923817752128 65.44000244140625 30.030000686645508 AB 11.072022611092471 1.1414456300095333
62922.3634 lsst_hardware_i 33.7558292537457 32.29999923706055 31.25 AB 9.902620226968939 1.1514674682522021
62922.3819 lsst_hardware_y -1.400662979181081 48.79999923706055 30.010000228881836 AB 9.242717397173726 1.1410762218732995
62924.3687 lsst_hardware_i 28.49964682517821 32.08000183105469 31.239999771118164 AB 5.946389638596287 1.1435364689608243
62924.3868 lsst_hardware_y -22.06161219267137 49.470001220703125 30.020000457763672 AB 5.764966820087763 1.1419733214654113
62926.3756 lsst_hardware_g 6.553457304016847 14.850000381469727 31.40999984741211 AB 4.818806899607647 1.1408835512536604
62926.3953 lsst_hardware_y -7.64658128541174 54.790000915527344 30.010000228881836 AB 4.867515052164677 1.1508261378381661
62928.3753 lsst_hardware_i 10.89210887143435 32.040000915527344 31.239999771118164 AB 6.9949235873398505 1.1417953213368457
62928.3928 lsst_hardware_y -0.04792943400697342 51.68000030517578 30.0 AB 7.069190069521875 1.1538552052430324
62931.3541 lsst_hardware_z 44.953539518227615 61.06999969482422 31.690000534057617 AB 8.192798458944488 1.1417738776314523
62933.3486 lsst_hardware_z -66.63078867323057 63.099998474121094 30.969999313354492 AB 9.25787794887822 1.1417849657914234
62933.3677 lsst_hardware_r -48.35663955246705 81.94999694824219 31.6200008392334 AB 9.298983451438772 1.1443846354415115
62936.3466 lsst_hardware_i -50.24256845018137 85.2699966430664 31.31999969482422 AB 7.568529948780042 1.140841092643644
62936.3651 lsst_hardware_z -168.24700557412308 74.6500015258789 30.979999542236328 AB 7.687551275989743 1.1482526177729266
62938.3405 lsst_hardware_i 61.5786491185538 81.41000366210938 31.31999969482422 AB 14.644639581166206 1.1408592358638419
62938.3607 lsst_hardware_z -130.98896767495714 72.7699966430664 30.979999542236328 AB 14.805620366516836 1.1491478086399283
62940.3419 lsst_hardware_z -9.62775059459419 51.31999969482422 30.959999084472656 AB 10.285959018635028 1.141615873322429
62940.362 lsst_hardware_r 51.919834668168015 52.09000015258789 31.610000610351562 AB 10.457201937129517 1.156088067931483
62949.3118 lsst_hardware_i 73.01661196317896 32.040000915527344 31.25 AB 6.881739754105219 1.1408404532542566
62949.3311 lsst_hardware_z 38.91874712268261 43.13999938964844 30.950000762939453 AB 6.902710318299681 1.149525712892339
62951.2677 lsst_hardware_u -1.48994769898901 2.759999990463257 28.40999984741211 AB 8.33752995691438 1.174299993931603
62951.2853 lsst_hardware_g 14.372179020036066 14.890000343322754 31.43000030517578 AB 8.168068874697987 1.150432235872956
62953.289 lsst_hardware_g 8.818815942224443 14.930000305175781 31.440000534057617 AB 8.729843260623737 1.1437974311862498
62953.3072 lsst_hardware_r -25.265851963946634 24.200000762939453 31.5 AB 8.361296900170107 1.1418377048666388
62955.2856 lsst_hardware_i 33.03790657601242 32.060001373291016 31.25 AB 7.732678888710839 1.1428307982576522
62955.3034 lsst_hardware_r 19.817974598197505 24.229999542236328 31.5 AB 7.1933818679338035 1.1423959769617347
62959.2839 lsst_hardware_r -8.94921689666937 34.40999984741211 31.559999465942383 AB 6.749199032076042 1.1408382407160165
62959.3024 lsst_hardware_i 17.006033113975004 32.119998931884766 31.239999771118164 AB 6.635612492375931 1.148327851929738
62961.2802 lsst_hardware_z 52.98236433906171 58.68524296182989 30.959999084472656 AB 7.907887228166652 1.1408897607242454
62961.2975 lsst_hardware_r -55.81120257875165 72.85609791181356 31.6200008392334 AB 7.816415507328208 1.1487971057213449
62963.2869 lsst_hardware_z -100.08644789187208 118.57660183438325 31.729999542236328 AB 9.160276333160457 1.1450345416450571
62964.2803 lsst_hardware_r 117.6425967901753 143.5040732740238 31.639999389648438 AB 9.920909031790913 1.1429947903788602
62964.2987 lsst_hardware_z -31.084224901624147 95.46698704356534 30.989999771118164 AB 11.522089975588953 1.1588433758858416
62967.2597 lsst_hardware_r 67.10271449016277 84.26391285687673 31.6299991607666 AB 3.8881033365452997 1.1409869910628876
62967.276 lsst_hardware_y -88.96219123390942 56.037511715790636 30.020000457763672 AB 3.920262600753582 1.145047979968917
62969.254 lsst_hardware_z 124.92087349315192 49.85116593365619 30.950000762939453 AB 13.557645779464227 1.1410158807277815
62969.2714 lsst_hardware_r 151.62874478261588 46.78502040888148 31.59000015258789 AB 13.600499352076856 1.1455946219741286
62971.2575 lsst_hardware_i 330.20544787561744 37.87611061984055 31.25 AB 10.62370160845274 1.1416787801031028
62971.2752 lsst_hardware_z 237.47671012167717 46.45658026421677 30.940000534057617 AB 10.766847363315977 1.1536319900692142
62974.2567 lsst_hardware_r 537.8369753745925 33.77466379111355 31.510000228881836 AB 14.628236804744844 1.1449330258478336
62974.2735 lsst_hardware_u -0.5511177383027223 3.282582137688893 28.489999771118164 AB 14.796750339203967 1.1616683288874559
62976.256 lsst_hardware_g 197.35456419113953 19.88384858594031 31.43000030517578 AB 4.1200560453541515 1.1483409797986208
62976.2744 lsst_hardware_i 668.3936299229268 40.775550867719296 31.239999771118164 AB 4.212068795902931 1.1715377700453171
62989.174 lsst_hardware_i 1385.281704502708 65.8728470523428 31.290000915527344 AB 13.36099438446896 1.1588361373097482
62989.1898 lsst_hardware_z 1020.4087278387782 62.59069844199091 30.959999084472656 AB 13.179925109749046 1.1442893826835634
62992.1913 lsst_hardware_z 1008.4245126770802 104.68602976767419 30.989999771118164 AB 3.743266059043241 1.1410077400050522
62996.1059 lsst_hardware_r 1568.45296489977 81.69636677019353 31.59000015258789 AB 9.534993373144571 1.2880339567248889
63001.1436 lsst_hardware_i 1188.0903491743425 47.37391405618298 31.25 AB 8.077458063297941 1.1559179149672087
63001.1642 lsst_hardware_z 994.8373565304576 53.18061203937249 30.950000762939453 AB 7.84658187192757 1.1414593582631936
63004.1172 lsst_hardware_g 125.52475970537394 18.82398430049515 31.389999389648438 AB 9.991944144771015 1.1855652758389907
63004.1418 lsst_hardware_i 997.3204010325792 45.882025497954814 31.229999542236328 AB 9.119491361882487 1.14934669631136
63008.1261 lsst_hardware_r 909.4310011541223 38.200217678005096 31.489999771118164 AB 5.662208263999 1.1540806652737179
63008.1481 lsst_hardware_z 810.0708315351501 51.72356493605172 30.940000534057617 AB 5.671985934628447 1.1409576936642587
63014.1202 lsst_hardware_g 52.79692032537359 19.38742092950534 31.479999542236328 AB 8.77180945728154 1.1450825508553935
63014.1413 lsst_hardware_r 568.1247850592493 34.83975871386292 31.5 AB 8.174796551432488 1.1420503704152185
63016.1274 lsst_hardware_i 726.0030119730387 46.981123200379095 31.280000686645508 AB 13.739548401143553 1.1408742340898077
63016.1475 lsst_hardware_z 577.8255855448897 52.75873636653487 30.950000762939453 AB 13.790471202992824 1.1489506112246854
63023.0865 lsst_hardware_r 833.3489814844297 155.9000488270953 32.38999938964844 AB 5.878425928925811 1.1526325350834925
63023.1079 lsst_hardware_z 1111.5024100905653 109.73319666767445 31.739999771118164 AB 5.818583685447393 1.1408987618524302
63033.0819 lsst_hardware_r 155.81993229925993 27.14431916162369 31.489999771118164 AB 9.977899664869835 1.1408529230355937
63037.0352 lsst_hardware_r 176.13914561278042 26.70743799838502 31.489999771118164 AB 4.137845722687495 1.1703155621818124
63037.0575 lsst_hardware_i 265.25546250902136 35.334236490073835 31.239999771118164 AB 4.344995830700027 1.1450270109012721
63043.0384 lsst_hardware_z 324.25419860313025 46.782554867083164 30.950000762939453 AB 4.652628028807634 1.146862009483855
63043.0594 lsst_hardware_r 100.94277048969111 28.576100513789978 31.510000228881836 AB 4.379671308481032 1.141331994913403
63045.036 lsst_hardware_z 479.4060798626606 70.42055167569353 31.700000762939453 AB 8.285639209778388 1.144820616204227
63045.0569 lsst_hardware_g 20.286963323963345 50.23139016233117 32.380001068115234 AB 7.921886054920018 1.142140434677101
63047.0345 lsst_hardware_r 93.06677685171357 76.44581074809278 31.6299991607666 AB 3.9541220782414124 1.1428098492027203
63047.0528 lsst_hardware_z 310.5350110130484 64.39064636326923 30.969999313354492 AB 3.6883607604310744 1.1426443558842505
63049.0376 lsst_hardware_r 85.20722871282035 139.8115407213676 32.380001068115234 AB 10.030533024105624 1.1408704531512313
63049.0571 lsst_hardware_y 60.69325237993053 59.83203518293457 30.020000457763672 AB 9.836306439582726 1.1487098172837942
63052.0129 lsst_hardware_z 385.78718905143535 92.54613117029878 31.719999313354492 AB 4.32288084090891 1.147565925380619
63057.003 lsst_hardware_r 74.30879523527952 25.86098071160268 31.5 AB 9.381740050665558 1.144964054715246
63057.022 lsst_hardware_i 142.91430939033583 33.939914479246035 31.239999771118164 AB 9.333841583875385 1.1415215960711846
63066.9722 lsst_hardware_y 89.10374869841809 70.72032265600004 30.760000228881836 AB 3.472895783831962 1.147369346566366
63066.9981 lsst_hardware_r 128.31032126068382 36.41466662440148 32.25 AB 3.6177992031359825 1.1426132501021657
63068.9704 lsst_hardware_z 151.62188043521488 46.69572040288243 30.940000534057617 AB 6.138389415204131 1.1448659151763998
63068.9928 lsst_hardware_g 18.011971471681147 15.595776373870727 31.40999984741211 AB 6.245687552760038 1.1426780093477733
63071.9672 lsst_hardware_y 210.2228753011438 55.432549719332194 30.020000457763672 AB 5.60191872838722 1.1424326967242215
63071.9882 lsst_hardware_i 141.67658751422505 35.146851155203336 31.25 AB 5.622911476352585 1.144418889352629
63072.9664 lsst_hardware_y 91.2976373737422 58.16920865113192 30.020000457763672 AB 9.457466801978432 1.1417924425906596
63072.9866 lsst_hardware_r 26.532658450954877 32.95315569926508 31.549999237060547 AB 9.416628612588338 1.1450876892549813
