data/validation/pwv_sim_epoch_fit_epoch/7899565.ecsv
# %ECSV 0.9
# ---
# datatype:
# - {name: time, datatype: float64}
# - {name: band, datatype: string}
# - {name: flux, datatype: float64}
# - {name: fluxerr, datatype: float64}
# - {name: zp, datatype: float64}
# - {name: zpsys, datatype: string}
# - {name: pwv, datatype: float64}
# - {name: airmass, datatype: float64}
# meta: {SNID: '7899565', alt: 1024.0, c: -0.10481473058462143, dec: 4.331149, lat: -30.244573, lon: -70.7499537, ra: 202.851562, t0: 60855.0390625,
#   x0: 3.2780658626638994e-06, x1: 0.8633632659912109, z: 0.7282475233078003}
# schema: astropy-2.0
time band flux fluxerr zp zpsys pwv airmass
60713.3681 lsst_hardware_u -3.7797711451720173 2.7899999618530273 28.329999923706055 AB 5.747591029567722 1.215199752538246
60713.3861 lsst_hardware_y -58.318200064473054 69.91000366210938 30.0 AB 5.345505521436766 1.214128788015846
60714.3179 lsst_hardware_r -1.6040675965467108 24.809999465942383 31.459999084472656 AB 10.626703670805671 1.301282134471485
60714.337 lsst_hardware_y 26.185385537765097 49.72999954223633 29.979999542236328 AB 10.070951207303073 1.2509462413841401
60716.3736 lsst_hardware_z 166.62690280077777 68.30000305175781 31.700000762939453 AB 4.127185873085967 1.2128971781899838
60718.3691 lsst_hardware_r -25.85844092721724 88.81999969482422 31.610000610351562 AB 7.502953559865256 1.213088691974986
60718.3871 lsst_hardware_y -102.61534222120729 67.9000015258789 30.0 AB 6.3087379487546045 1.2253942276635683
60720.3354 lsst_hardware_i -97.03394418903159 90.45999908447266 31.309999465942383 AB 3.0041411197470045 1.2269312312628158
60720.3617 lsst_hardware_z -33.54426209041327 109.98999786376953 31.729999542236328 AB 2.9378775169162537 1.2127461370139334
60720.3866 lsst_hardware_y 79.21752592468307 68.47000122070312 30.0 AB 3.1736178181313237 1.23175541165586
60722.2903 lsst_hardware_i -54.60467485064592 95.08000183105469 31.290000915527344 AB 6.013368534503192 1.321280668217642
60722.3068 lsst_hardware_z 46.10179697271645 82.70999908447266 30.969999313354492 AB 6.344537657266286 1.2701141398861489
60729.3403 lsst_hardware_u -3.956692052974569 3.259999990463257 28.5 AB 11.953402460237184 1.2133996778964098
60729.3577 lsst_hardware_g 29.057617274654092 17.329999923706055 31.450000762939453 AB 12.035454393129497 1.2261266042750145
60731.3427 lsst_hardware_r -26.881455265000366 24.34000015258789 31.469999313354492 AB 10.468093650312605 1.2172201918968146
60731.3601 lsst_hardware_i 1.7226822579206313 32.86000061035156 31.229999542236328 AB 10.63900522922693 1.237093631305457
60733.3032 lsst_hardware_i -26.692262027696767 32.56999969482422 31.229999542236328 AB 7.478645830163485 1.2232001684925244
60733.3225 lsst_hardware_z 6.102595292845276 43.810001373291016 30.93000030517578 AB 7.513359701894197 1.2126145419454806
60738.309 lsst_hardware_g 1.6357408565974219 14.850000381469727 31.389999389648438 AB 8.808669059332857 1.2126054388729541
60738.3277 lsst_hardware_r 13.304232512044734 24.389999389648438 31.479999542236328 AB 8.766979279309105 1.220475311218335
60740.3063 lsst_hardware_i -16.40360826417131 32.599998474121094 31.229999542236328 AB 8.698367228120087 1.2126540120061464
60740.3247 lsst_hardware_r 22.212888025372273 24.420000076293945 31.479999542236328 AB 8.79285307127532 1.2228430667235124
60751.2843 lsst_hardware_i 34.43861259072678 97.13999938964844 31.309999465942383 AB 9.598330246258929 1.2149785121846746
60751.3082 lsst_hardware_z 83.76456993946472 85.0199966430664 30.969999313354492 AB 10.042442384684072 1.2416471791152415
60753.2704 lsst_hardware_z -18.68852317295146 59.63999938964844 30.959999084472656 AB 6.833522599872066 1.2126208328177095
60753.2894 lsst_hardware_r 46.668009812953386 71.72000122070312 31.610000610351562 AB 6.943605609220557 1.2230399734418549
60757.2692 lsst_hardware_z -14.391761401913746 45.18000030517578 30.950000762939453 AB 7.47746991462387 1.215651099760028
60757.2887 lsst_hardware_g 29.60031587154539 23.559999465942383 31.549999237060547 AB 7.591858034983321 1.2364254013164662
60763.2474 lsst_hardware_u -2.172249597751562 2.799999952316284 28.40999984741211 AB 8.096736313266845 1.2133729098870407
60763.2642 lsst_hardware_g -11.187843190155975 15.430000305175781 31.420000076293945 AB 9.71017369674235 1.2253358188835068
60768.2441 lsst_hardware_r -15.801515986662405 24.8799991607666 31.479999542236328 AB 8.74955775306759 1.2190258102497382
60768.2631 lsst_hardware_u -1.2547614386213002 2.690000057220459 28.309999465942383 AB 7.371701380357651 1.2440115395279334
60770.2454 lsst_hardware_g -12.091455944920892 15.289999961853027 31.389999389648438 AB 8.659140079701563 1.2256969066294738
60770.2637 lsst_hardware_r 43.25239951658212 24.989999771118164 31.469999313354492 AB 8.591606020592815 1.2562051887015522
60772.2096 lsst_hardware_r 23.20459486651435 40.40999984741211 31.559999465942383 AB 10.479601807139424 1.2140292676127935
60772.2278 lsst_hardware_i 49.41037682799903 40.20000076293945 31.260000228881836 AB 10.418574406491139 1.2154075037952043
60774.2055 lsst_hardware_z 32.72821288390429 61.56999969482422 30.959999084472656 AB 9.682655085690845 1.2135553922219453
60774.2246 lsst_hardware_r 56.74159882979333 76.27999877929688 31.610000610351562 AB 8.999878412866853 1.2167478701486727
60791.185 lsst_hardware_r 10.011241096866248 24.65999984741211 31.479999542236328 AB 7.824062306159143 1.2223824038369664
60791.2025 lsst_hardware_u 3.860439267944404 2.7100000381469727 28.34000015258789 AB 7.989665815935791 1.2481902540127778
60793.1539 lsst_hardware_u 0.1538270295817005 2.619999885559082 28.270000457763672 AB 2.5147250251800894 1.213475160936186
60793.1713 lsst_hardware_g 11.194287457353822 14.979999542236328 31.3799991607666 AB 2.7600443031151176 1.2158785476278051
60796.147 lsst_hardware_r -12.394317146802557 24.459999084472656 31.469999313354492 AB 11.310417418803763 1.213130220107668
60796.1658 lsst_hardware_z 31.011339524660215 43.9900016784668 30.93000030517578 AB 11.329439439505851 1.217619213416956
60799.1475 lsst_hardware_r 50.14887595436054 27.190000534057617 31.5 AB 12.250376572755457 1.212988636816502
60799.1658 lsst_hardware_y 24.12723680751232 49.470001220703125 29.979999542236328 AB 12.369094888930492 1.2252188589472608
60801.1468 lsst_hardware_z -3.3895658028725655 51.77000045776367 30.950000762939453 AB 4.244053784769216 1.2145242510011347
60801.1642 lsst_hardware_r 17.806831154342788 50.119998931884766 31.579999923706055 AB 4.2114053899142805 1.23002640020862
60803.1487 lsst_hardware_i 159.3427913345508 71.41999816894531 31.299999237060547 AB 11.930142711027521 1.219165368251752
60803.1681 lsst_hardware_z -14.476560610267002 67.27999877929688 30.969999313354492 AB 10.985693977963033 1.2450612266181504
60807.1242 lsst_hardware_z -30.687754197963415 89.58999633789062 30.979999542236328 AB 14.799599885765055 1.2127506052252162
60807.1445 lsst_hardware_i -123.34203384054523 106.8499984741211 31.309999465942383 AB 15.867003731605774 1.2258507685822493
60809.1221 lsst_hardware_z 64.16338773575711 69.2699966430664 30.969999313354492 AB 7.4575776953120325 1.213469278404084
60809.142 lsst_hardware_r -203.94128126918542 98.19000244140625 31.610000610351562 AB 7.736344991670667 1.229552605160587
60822.0811 lsst_hardware_r 2.972285135345827 24.36300096010231 31.479999542236328 AB 7.030117920915147 1.2125945444363457
60822.1023 lsst_hardware_u 2.3006324036085832 2.680282603271982 28.299999237060547 AB 7.491131593297516 1.2244412542166998
60843.0146 lsst_hardware_r 861.8109259137246 38.47717187889395 31.479999542236328 AB 7.316863514574792 1.2145179707153566
60843.0435 lsst_hardware_i 858.0407575675815 43.98774904685115 31.229999542236328 AB 7.325728776650994 1.2228910402555704
60845.0052 lsst_hardware_z 529.1213226427509 50.18499350513891 30.940000534057617 AB 4.786699896553052 1.2166482834583714
60845.0299 lsst_hardware_r 1003.4991004078126 39.92375201637273 31.489999771118164 AB 4.79239642088904 1.2162413723600267
60847.9988 lsst_hardware_u 3.8662279187745034 3.3831035619359535 28.350000381469727 AB 6.481489489464481 1.2155831750685695
60848.0183 lsst_hardware_g 289.2797690851595 23.28380922620978 31.40999984741211 AB 3.760091821152871 1.2144672530841238
60849.9968 lsst_hardware_r 1069.2255568739022 40.942059436885565 31.489999771118164 AB 5.644021738159331 1.2139856758902943
60850.0148 lsst_hardware_z 621.68750539106 50.80843447870128 30.93000030517578 AB 4.936417120634577 1.2154172400922263
60852.9985 lsst_hardware_r 1021.2303682631871 40.642294280659264 31.489999771118164 AB 9.277555357004852 1.2127523342490003
60853.0186 lsst_hardware_u -0.5168373118297038 2.989853896356029 28.389999389648438 AB 10.15404998371665 1.2255204856335344
60861.9622 lsst_hardware_y 264.71060654175636 60.17007027650764 30.0 AB 7.903631072927363 1.2147596300416243
60861.9819 lsst_hardware_i 1150.0485015064883 71.25333293953184 31.290000915527344 AB 7.914358576958841 1.2153499043241462
61078.3664 lsst_hardware_i 86.45530730048102 66.83000183105469 31.290000915527344 AB 5.738205986457096 1.2164948031497018
61078.3852 lsst_hardware_y 20.29437276182354 75.20999908447266 30.0 AB 5.350142667619297 1.2134823749490908
61080.3182 lsst_hardware_r -19.101357062457687 44.81999969482422 31.559999465942383 AB 7.039337942981871 1.2937581222168573
61080.3365 lsst_hardware_y -45.9411742901624 51.09000015258789 29.979999542236328 AB 8.257386531124588 1.2477948693946062
61082.3655 lsst_hardware_r -38.47814411204717 28.459999084472656 31.510000228881836 AB 5.434883937348812 1.2126700367822418
61082.3834 lsst_hardware_y -77.24865125432112 56.29999923706055 29.989999771118164 AB 4.588985341709099 1.2184494767232923
61084.3766 lsst_hardware_z 28.05000121766753 67.22000122070312 31.700000762939453 AB 6.0610856507683195 1.2174521745040312
61088.3369 lsst_hardware_r -12.624152267913365 24.350000381469727 31.469999313354492 AB 5.064489871088018 1.2180110320077342
61088.3544 lsst_hardware_i 6.934909903945554 32.689998626708984 31.229999542236328 AB 5.038722355926193 1.2126888943264003
61090.3397 lsst_hardware_z 26.73212182831394 44.25 30.940000534057617 AB 3.868251769004515 1.213569182432789
61090.3572 lsst_hardware_i -8.518958935259434 32.779998779296875 31.239999771118164 AB 3.8725132287061204 1.2155416883199959
61094.3436 lsst_hardware_r 40.81863722840045 24.260000228881836 31.469999313354492 AB 11.905390809363729 1.2142369385198115
61094.3616 lsst_hardware_i 22.17370537666043 32.689998626708984 31.229999542236328 AB 12.074344754677632 1.2301094938035417
61097.2114 lsst_hardware_g 15.928846570888732 15.649999618530273 31.280000686645508 AB 9.169450262675573 1.6507651697087566
61097.225 lsst_hardware_r -28.135055789265238 25.100000381469727 31.420000076293945 AB 8.428645807592636 1.5324810559259339
61099.3181 lsst_hardware_r -9.779871885266179 24.3799991607666 31.489999771118164 AB 6.342712475383356 1.2128137053173396
61099.3378 lsst_hardware_i -14.6716230898029 32.529998779296875 31.239999771118164 AB 5.75563043428631 1.2190903752790903
61105.3095 lsst_hardware_r -36.83019263471058 119.29000091552734 31.6200008392334 AB 8.648321551330913 1.2129483241698202
61105.3279 lsst_hardware_i 142.3116790070801 98.5199966430664 31.299999237060547 AB 8.765359360681911 1.2254958910425733
61109.3054 lsst_hardware_z -69.18687956259271 49.310001373291016 30.950000762939453 AB 10.49367163027303 1.2155770673727495
61109.325 lsst_hardware_r 27.160110289571797 44.66999816894531 31.56999969482422 AB 10.757716471056998 1.2365191346042528
61116.2738 lsst_hardware_r 47.336204226212246 24.309999465942383 31.469999313354492 AB 9.579113226018212 1.2125459779769887
61116.2926 lsst_hardware_i 5.238638358562926 32.5099983215332 31.229999542236328 AB 9.895168843904578 1.2201194628735375
61122.2695 lsst_hardware_i -29.170645026005854 32.869998931884766 31.229999542236328 AB 7.467936875238429 1.21535264325244
61122.2892 lsst_hardware_z -6.279712490075326 44.52000045776367 30.93000030517578 AB 7.602002591832082 1.2360309888621888
61128.2457 lsst_hardware_i 90.60888617002462 53.810001373291016 31.290000915527344 AB 8.128704666414125 1.212756813171028
61128.263 lsst_hardware_r -81.09155973984353 54.72999954223633 31.59000015258789 AB 9.760599280923177 1.223171061865733
61130.2507 lsst_hardware_z 141.93857563966475 110.88999938964844 31.719999313354492 AB 5.5505391219506475 1.2172234916558438
61133.2467 lsst_hardware_r 37.298720984364344 151.0500030517578 31.610000610351562 AB 8.697247910636431 1.2205807186353843
61133.2667 lsst_hardware_i 32.684622755066215 122.91999816894531 31.299999237060547 AB 7.405163532596441 1.2495003007839944
61135.244 lsst_hardware_z -135.90940169661786 67.98999786376953 30.969999313354492 AB 8.647437923682912 1.2232901292520741
61135.2635 lsst_hardware_r 4.903199493054557 91.16999816894531 31.600000381469727 AB 8.66053140884281 1.2541800649994415
61139.2075 lsst_hardware_g 2.7408953582379123 33.900001525878906 31.610000610351562 AB 9.700011128308526 1.2131079450110713
61139.2264 lsst_hardware_r -82.4334594026927 37.66999816894531 31.559999465942383 AB 8.870902755237578 1.2174157486602348
61148.1914 lsst_hardware_r -31.015605566738422 35.220001220703125 32.2400016784668 AB 15.645280797593724 1.212812464929746
61148.2099 lsst_hardware_i -30.3652129411712 46.79999923706055 31.979999542236328 AB 14.562508831884303 1.2248123776597923
61150.1862 lsst_hardware_z 30.494020694605638 44.06999969482422 30.93000030517578 AB 3.869127727327746 1.21286102055675
61150.2035 lsst_hardware_r -56.4669897883731 24.8700008392334 31.479999542236328 AB 4.010522700657887 1.2237774604051936
61154.1873 lsst_hardware_r -27.415165249224287 24.690000534057617 31.479999542236328 AB 9.654462675492466 1.2188182728334298
61154.205 lsst_hardware_z -29.996195939182662 44.13999938964844 30.93000030517578 AB 9.806766498869896 1.2413104719889323
61162.1079 lsst_hardware_z 43.874144874105134 89.9800033569336 30.969999313354492 AB 11.217287768808715 1.2576609663244378
61162.1252 lsst_hardware_r 83.44051361655319 132.50999450683594 31.6200008392334 AB 9.125269772465566 1.2276698200545628
61164.1579 lsst_hardware_z 153.3955805332397 90.13999938964844 31.719999313354492 AB 12.27457569610486 1.2172529325261419
61167.1532 lsst_hardware_r 25.62295569275172 46.040000915527344 31.579999923706055 AB 7.511899107823528 1.2199922760648867
61167.1712 lsst_hardware_z -30.766078896549487 49.41999816894531 30.940000534057617 AB 7.939382570279628 1.2443685702409197
61169.0945 lsst_hardware_r -31.14018886521918 24.469999313354492 31.469999313354492 AB 10.61655176747983 1.2458791778453877
61169.1061 lsst_hardware_u 3.8085353426044577 2.5799999237060547 28.25 AB 10.656864527256324 1.2276550795549104
61171.1482 lsst_hardware_g 6.3707034088310195 14.84000015258789 31.3799991607666 AB 9.492380278355988 1.2260889018801329
61171.1701 lsst_hardware_r -6.651155176683862 24.520000457763672 31.469999313354492 AB 9.845378928494672 1.2653644411568852
61174.08 lsst_hardware_r -11.51044571071786 24.530000686645508 31.479999542236328 AB 7.983227947950902 1.2475093157543862
61174.0995 lsst_hardware_i 5.552835122823928 32.70000076293945 31.229999542236328 AB 7.454181835140785 1.2201301563412872
61176.0732 lsst_hardware_z 12.201162057630997 44.209999084472656 30.93000030517578 AB 6.303340209864773 1.2501666421786926
61176.0929 lsst_hardware_r -34.85856324894455 24.389999389648438 31.479999542236328 AB 6.596761562683111 1.221170226338969
61180.0876 lsst_hardware_r 23.32920481806973 24.309999465942383 31.469999313354492 AB 9.889287371185066 1.2166938202737532
61181.0506 lsst_hardware_r -35.945783186836614 35.619998931884766 32.220001220703125 AB 9.020446106066435 1.2706643338592334
61181.0704 lsst_hardware_u 0.4265588326237131 2.7200000286102295 28.329999923706055 AB 8.700631291878219 1.2315699667658497
61190.0714 lsst_hardware_z -36.24542660937206 78.2300033569336 30.969999313354492 AB 13.299685611370277 1.2125898624517029
61194.9595 lsst_hardware_r 31.94019783985922 26.75 31.420000076293945 AB 16.382984186483682 1.5169429802299703
61219.0056 lsst_hardware_r 63.25031660439029 86.94000244140625 31.610000610351562 AB 8.733792282096193 1.2159116814797906
61219.0308 lsst_hardware_i -38.25267641304956 70.77999877929688 31.290000915527344 AB 9.081544218101158 1.2473934712666845
61225.9626 lsst_hardware_y 35.18764440901474 52.869998931884766 29.989999771118164 AB 5.959984970418094 1.2163234633506312
61225.9882 lsst_hardware_r -38.790995851577975 25.520000457763672 31.489999771118164 AB 5.963264332028644 1.2169927208221722
61233.9652 lsst_hardware_z 11.175729326456041 47.400001525878906 30.940000534057617 AB 7.164629965627996 1.216250896002726
61233.9884 lsst_hardware_g 46.39924579897191 15.859999656677246 31.40999984741211 AB 7.316628257578447 1.2446596885632772
