data/validation/pwv_sim_epoch_fit_epoch/8031359.ecsv
# %ECSV 0.9
# ---
# datatype:
# - {name: time, datatype: float64}
# - {name: band, datatype: string}
# - {name: flux, datatype: float64}
# - {name: fluxerr, datatype: float64}
# - {name: zp, datatype: float64}
# - {name: zpsys, datatype: string}
# - {name: pwv, datatype: float64}
# - {name: airmass, datatype: float64}
# meta: {SNID: '8031359', alt: 1024.0, c: -0.014711428433656693, dec: -5.529265, lat: -30.244573, lon: -70.7499537, ra: 230.273438, t0: 62986.6796875,
#   x0: 1.231201860053504e-05, x1: 0.13885021209716797, z: 0.4216918349266052}
# schema: astropy-2.0
time band flux fluxerr zp zpsys pwv airmass
62926.38 lsst_hardware_g -21.052318095583527 15.529999732971191 31.450000762939453 AB 4.532091576887714 1.1049390272785975
62926.3996 lsst_hardware_y -127.30617789170917 70.26000213623047 30.049999237060547 AB 4.581742255198196 1.1001682253602474
62928.3797 lsst_hardware_i -21.358753993900613 32.029998779296875 31.239999771118164 AB 6.726876021513075 1.1021341888282257
62928.3971 lsst_hardware_y -97.22517731177979 55.63999938964844 30.030000686645508 AB 6.730010682478999 1.1008291398899717
62933.3802 lsst_hardware_r 71.33856132236318 68.30999755859375 31.6299991607666 AB 9.379359119371559 1.1001212936541136
62933.3988 lsst_hardware_y 125.74787118938488 57.06999969482422 30.030000686645508 AB 9.467221862038043 1.1101338956423497
62936.3472 lsst_hardware_i -38.20657022680926 81.20999908447266 31.31999969482422 AB 7.341742385569885 1.1091641524215077
62936.3656 lsst_hardware_z -12.848715262132806 71.25 30.979999542236328 AB 7.3925010621071525 1.1000063580542605
62938.3464 lsst_hardware_i 199.83126608953256 83.33000183105469 31.329999923706055 AB 14.336106472431334 1.1054986483984812
62938.3667 lsst_hardware_z -119.43561178051792 73.0 30.989999771118164 AB 14.243564062344227 1.1001439763917817
62940.3477 lsst_hardware_z 53.15602949254748 53.349998474121094 30.969999313354492 AB 9.935965841376598 1.1018129825763752
62940.3678 lsst_hardware_r 30.343171765828856 56.619998931884766 31.6299991607666 AB 9.977147247366856 1.1020615895764123
62942.3503 lsst_hardware_i -9.470369833064431 34.470001220703125 31.270000457763672 AB 9.673673987753688 1.0999060816092752
62942.3688 lsst_hardware_r 28.52245169557405 29.739999771118164 31.549999237060547 AB 9.80096302566317 1.1057043124619874
62945.3421 lsst_hardware_u -0.7039429573002934 2.930000066757202 28.559999465942383 AB 5.66781634482252 1.0999061410484223
62945.3611 lsst_hardware_g 11.856867973738076 15.420000076293945 31.469999313354492 AB 5.6530318840647995 1.1060520219262209
62947.343 lsst_hardware_r -10.920288138649264 24.110000610351562 31.520000457763672 AB 6.829619829294947 1.1002945284492094
62947.3616 lsst_hardware_i -7.728760918616625 32.04999923706055 31.260000228881836 AB 6.897566278227858 1.11110687221433
62949.3442 lsst_hardware_z -58.64283700494801 42.61000061035156 30.950000762939453 AB 7.496974831568368 1.1024962987600542
62949.364 lsst_hardware_r 39.43150611918035 24.040000915527344 31.5 AB 7.616943619514423 1.1201387675756505
62951.2734 lsst_hardware_u 0.9015765660189227 2.7300000190734863 28.389999389648438 AB 8.256728312247953 1.1629194805983032
62951.2911 lsst_hardware_g -9.723940643832885 14.9399995803833 31.440000534057617 AB 8.006244986786308 1.1276401389839872
62953.3251 lsst_hardware_r 11.670694713510697 24.049999237060547 31.510000228881836 AB 8.188771185605772 1.1000498637299228
62953.3426 lsst_hardware_z -31.012491552258737 42.900001525878906 30.950000762939453 AB 8.727299320098195 1.1086977751553921
62955.315 lsst_hardware_r 16.11838239038353 24.100000381469727 31.510000228881836 AB 7.13940252360625 1.0998925471585659
62955.3334 lsst_hardware_u 0.9727818298999725 2.869999885559082 28.520000457763672 AB 7.0202430883445 1.10576776347229
62957.3107 lsst_hardware_g -3.8015048174895223 14.960000038146973 31.440000534057617 AB 5.57623093926609 1.0998483114922974
62957.3297 lsst_hardware_r -18.302521823278795 24.020000457763672 31.5 AB 5.554735637615093 1.1070723742132722
62959.3158 lsst_hardware_i -42.54900564087857 31.846105514680545 31.25 AB 6.38153090212388 1.102005624197533
62959.3345 lsst_hardware_z 49.68438544857749 42.84006532443799 30.940000534057617 AB 6.499171773545459 1.1173361215264896
62961.2845 lsst_hardware_z -21.939080102281167 55.635343384098945 30.959999084472656 AB 7.528049703225322 1.1048996628999648
62961.3018 lsst_hardware_r 8.967021223573632 66.5886369228315 31.6299991607666 AB 7.581089098039444 1.0999041128820375
62964.2851 lsst_hardware_r -26.488813843695887 130.47185011358494 31.639999389648438 AB 9.528602214488071 1.1008089434482324
62964.3035 lsst_hardware_z 177.1127133404953 86.86147250868825 30.989999771118164 AB 10.989220029542544 1.1026157657695825
62969.2841 lsst_hardware_r 1177.5076100218455 59.49884911737441 31.610000610351562 AB 13.088982169028123 1.1005464344254927
62969.3024 lsst_hardware_i 849.3206216099385 53.405262041247674 31.290000915527344 AB 13.554034353089754 1.1119662286924754
62971.2625 lsst_hardware_i 1193.4456869663497 47.61750673330729 31.260000228881836 AB 10.249031726314156 1.1020464221843178
62971.28 lsst_hardware_z 898.7945489633305 51.406913920399674 30.950000762939453 AB 10.239949455642542 1.1009119970945966
62976.2614 lsst_hardware_g 1398.8248238320248 41.42884224207714 31.440000534057617 AB 3.929752800555829 1.099949468339941
62976.2797 lsst_hardware_i 2010.5544399818011 55.531489843862644 31.25 AB 3.9871045929870657 1.1086068658381942
62985.2222 lsst_hardware_g 1897.6804752860623 46.05786092966225 31.440000534057617 AB 11.488372419710887 1.103024939484521
62985.2465 lsst_hardware_r 8981.989752817022 100.45616817901478 32.2599983215332 AB 11.54941398661648 1.102779908967486
62985.2726 lsst_hardware_i 3030.4620045108777 63.026353831180685 31.239999771118164 AB 12.044936369493765 1.1303431277677918
62989.1778 lsst_hardware_i 3088.26153249473 75.64874894811737 31.290000915527344 AB 13.161824739263718 1.144738764902788
62989.1936 lsst_hardware_z 2290.5066597476916 69.81323675407104 30.959999084472656 AB 12.967006963787222 1.1187777426982735
62994.231 lsst_hardware_z 2275.684574711285 114.81218044186197 31.0 AB 9.910538107279903 1.1089954800290833
62994.2517 lsst_hardware_r 3919.560869116533 169.4132928169095 31.639999389648438 AB 10.571247812077628 1.1366933131266266
62996.1331 lsst_hardware_y 1169.822977665947 83.89818095966444 30.75 AB 8.473013132632191 1.214261152344689
63004.1252 lsst_hardware_g 1052.3303431642735 38.87043718939821 32.15999984741211 AB 9.43481172687634 1.1718079521676001
63004.15 lsst_hardware_i 3997.3945059957973 77.52142232491838 31.989999771118164 AB 9.202985693435798 1.1223153284677803
63014.1601 lsst_hardware_r 1023.0866264216621 40.52825427693074 31.510000228881836 AB 7.935398907957876 1.1003048957234518
63014.1812 lsst_hardware_i 1438.8941538634515 48.996023562957944 31.25 AB 8.418784547263687 1.113718603981511
63016.1331 lsst_hardware_i 1357.0989749314585 52.79013315434488 31.280000686645508 AB 13.376871904247482 1.1057398317235592
63016.1532 lsst_hardware_z 1122.2771012119695 55.4960653760265 30.959999084472656 AB 13.26390403960456 1.1000694492650027
63018.1253 lsst_hardware_r 751.619022518056 71.0155346827435 31.6299991607666 AB 7.979525378439483 1.1074983176182807
63018.1468 lsst_hardware_z 1116.807926348058 63.853934201752416 30.969999313354492 AB 7.876096185547807 1.0999622250659997
63021.1319 lsst_hardware_z 968.998814394335 107.5035365016208 30.989999771118164 AB 11.818916699156267 1.100252904408515
63021.1525 lsst_hardware_i 1037.3930782759348 126.87112393944605 31.329999923706055 AB 11.834356597539905 1.1052915473559266
63023.1238 lsst_hardware_z 1871.8822783220476 122.38103964568964 31.739999771118164 AB 5.6144731695105214 1.1008770920608866
63023.1454 lsst_hardware_r 1685.1465806944263 175.72310243686368 32.400001525878906 AB 6.237319404397778 1.1042434990524526
63037.0716 lsst_hardware_i 561.3962192719293 40.0352094940616 31.239999771118164 AB 4.184010719633756 1.1090327053278477
63037.0958 lsst_hardware_z 527.4412932255337 48.37066957643721 30.940000534057617 AB 4.174840053652276 1.1000654496789266
63043.0776 lsst_hardware_r 345.15990567413115 31.33684049529746 31.530000686645508 AB 4.3258883507699 1.099895334546224
63043.0995 lsst_hardware_z 478.0748240702662 47.82776353566824 30.950000762939453 AB 5.4593383254137215 1.111127203272748
63045.0421 lsst_hardware_z 755.104174673932 71.30740047055546 31.700000762939453 AB 7.796386359060597 1.117040813677283
63045.0624 lsst_hardware_g 183.98198441390048 49.38635714283365 32.400001525878906 AB 7.674440559057989 1.1013045216414337
63049.0422 lsst_hardware_r 359.6971745679763 108.41254403893733 31.639999389648438 AB 9.423058685942216 1.1063174271725862
63049.0621 lsst_hardware_y 202.96602650728724 62.54514214080599 30.030000686645508 AB 9.420723452872513 1.0999628453852606
63052.0374 lsst_hardware_z 349.853800621485 69.3493518231967 30.979999542236328 AB 4.170243091310556 1.1040664761003987
63052.0605 lsst_hardware_r 476.6125844012745 97.53827954657686 31.639999389648438 AB 4.638861233256506 1.1014748268447123
63057.0355 lsst_hardware_i 316.9162540821367 37.1376463996857 31.239999771118164 AB 9.01357971656168 1.0999883719146573
63057.0568 lsst_hardware_z 414.93466836020434 46.49607380955763 30.940000534057617 AB 9.282972997517732 1.1071918176960052
63069.0083 lsst_hardware_g 10.908053411013574 15.510000228881836 31.450000762939453 AB 6.683290696094138 1.1000547061673365
63069.0309 lsst_hardware_r -25.038590764721146 24.670000076293945 31.5 AB 6.670898333902376 1.1135950477405372
63071.9725 lsst_hardware_y -133.82743409708874 49.47999954223633 30.030000686645508 AB 5.451567837459066 1.112413516009876
63071.9935 lsst_hardware_i -9.672004634873534 33.16999816894531 31.260000228881836 AB 5.40397742367434 1.100120942627016
63072.9723 lsst_hardware_y 24.222775314172225 49.650001525878906 30.020000457763672 AB 9.168662989349887 1.1099404381514302
63072.9925 lsst_hardware_r 31.25670050606947 30.540000915527344 31.549999237060547 AB 9.020523448291565 1.0999296973895336
63078.9674 lsst_hardware_y 99.96652938274272 63.290000915527344 30.040000915527344 AB 5.102338008937683 1.1021557090931577
63078.9888 lsst_hardware_z 57.39960245222189 61.16999816894531 30.979999542236328 AB 5.101103142851498 1.10230565645426
63080.9795 lsst_hardware_y 25.144395209037548 79.44000244140625 30.790000915527344 AB 4.200972181748008 1.1008836954268657
