data/validation/pwv_sim_epoch_fit_epoch/8121894.ecsv
# %ECSV 0.9
# ---
# datatype:
# - {name: time, datatype: float64}
# - {name: band, datatype: string}
# - {name: flux, datatype: float64}
# - {name: fluxerr, datatype: float64}
# - {name: zp, datatype: float64}
# - {name: zpsys, datatype: string}
# - {name: pwv, datatype: float64}
# - {name: airmass, datatype: float64}
# meta: {SNID: '8121894', alt: 1024.0, c: -0.03745334595441818, dec: -25.282602, lat: -30.244573, lon: -70.7499537, ra: 9.316406, t0: 60935.6015625,
#   x0: 2.3658856025728888e-06, x1: 0.9157758951187134, z: 0.8320325016975403}
# schema: astropy-2.0
time band flux fluxerr zp zpsys pwv airmass
60849.273 lsst_hardware_r 13.386285619386078 50.720001220703125 32.790000915527344 AB 7.969387704273536 2.100385505507949
60849.3107 lsst_hardware_i 141.23739409111712 68.94999694824219 32.68000030517578 AB 4.136334997536692 1.5573550442533939
60856.3176 lsst_hardware_z 56.92645127077508 45.540000915527344 30.920000076293945 AB 4.783715181088125 1.3456301493918776
60856.3366 lsst_hardware_r -14.76164248304619 23.899999618530273 31.469999313354492 AB 4.3697754704231695 1.2374293384245334
60860.3696 lsst_hardware_u 0.9672265495645133 2.6600000858306885 28.399999618530273 AB 7.882243520357922 1.0817227872999515
60860.3909 lsst_hardware_y -14.48146179171759 46.88999938964844 30.049999237060547 AB 6.597207745141613 1.0397217428186556
60861.3614 lsst_hardware_r -0.534073003630974 22.920000076293945 31.489999771118164 AB 4.919838363540338 1.095569706845384
60861.3789 lsst_hardware_u -4.067314896361124 2.690000057220459 28.43000030517578 AB 4.49729584384312 1.0557858620807075
60863.3316 lsst_hardware_r 85.15113262031134 47.4900016784668 31.59000015258789 AB 1.7539654175905643 1.1751862094408734
60863.3501 lsst_hardware_i -35.47898268175745 41.900001525878906 31.290000915527344 AB 1.7389813108843153 1.1118806335577462
60867.3844 lsst_hardware_z 102.05316702111755 62.41999816894531 30.989999771118164 AB 9.319417614259708 1.0229128070678737
60867.4048 lsst_hardware_r -132.83646713187358 87.20999908447266 31.670000076293945 AB 9.20804486551996 1.0071141710073237
60870.3929 lsst_hardware_i 218.7909909357097 64.97000122070312 31.329999923706055 AB 6.003944946833748 1.0089815892502727
60870.4131 lsst_hardware_z -63.6862714174298 60.33000183105469 30.989999771118164 AB 5.998573121691786 1.0040713263910592
60873.2499 lsst_hardware_g 24.76882560019979 43.599998474121094 31.510000228881836 AB 2.604883624060808 1.511976564222197
60873.2796 lsst_hardware_r -90.32118230180424 48.58000183105469 31.56999969482422 AB 2.423979283454759 1.2938240103841787
60875.2573 lsst_hardware_u 0.04413209419564263 2.5 28.170000076293945 AB 3.0847605031650303 1.4048245175704124
60875.278 lsst_hardware_g -3.6729251725380414 16.0 31.399999618530273 AB 2.8873660040511058 1.2722009197214346
60877.2522 lsst_hardware_r -34.405907919566275 24.06999969482422 31.420000076293945 AB 6.477848214701462 1.4021316482037798
60877.2716 lsst_hardware_i 26.24190569046181 32.5099983215332 31.209999084472656 AB 5.945631925956005 1.2773485948057874
60879.2556 lsst_hardware_z -85.59209617444478 45.529998779296875 30.920000076293945 AB 6.8991589525505335 1.340466750276973
60879.2754 lsst_hardware_r 21.47231745779253 23.43000030517578 31.459999084472656 AB 6.312147019567819 1.2297188816613713
60881.2577 lsst_hardware_u 1.5880317937617825 2.509999990463257 28.190000534057617 AB 7.724026608596583 1.294168099736931
60881.2762 lsst_hardware_g 27.02038333957925 13.90999984741211 31.360000610351562 AB 7.110338663231001 1.2011383518043248
60888.2404 lsst_hardware_r 16.236082656777896 23.5 31.459999084472656 AB 5.736703468098145 1.2838575460122665
60888.2597 lsst_hardware_i -40.98732383171221 31.6299991607666 31.239999771118164 AB 5.24060054892593 1.1900088291850122
60890.2624 lsst_hardware_r 18.229505428857596 31.969999313354492 31.549999237060547 AB 2.676590788165653 1.1579871456173285
60890.2817 lsst_hardware_z 67.60851689021784 41.849998474121094 30.940000534057617 AB 2.5510266939783732 1.0969798727062452
60894.2533 lsst_hardware_z -27.496567010394795 57.779998779296875 30.969999313354492 AB 4.75761946396993 1.151385168249252
60894.2718 lsst_hardware_r -5.830699295386973 73.94999694824219 31.639999389648438 AB 4.602041768114675 1.0942695467805912
60896.261 lsst_hardware_y 22.5075103943178 82.83000183105469 30.790000915527344 AB 3.631959422310736 1.1089952434536596
60897.254 lsst_hardware_r 5.866707988534977 119.29000091552734 31.639999389648438 AB 4.780116078652051 1.1217638201588855
60897.2725 lsst_hardware_i -29.55524621134867 92.18000030517578 31.34000015258789 AB 4.404205702069775 1.0726268149220104
60899.2566 lsst_hardware_z -60.094922485585336 69.93196998695112 30.989999771118164 AB 3.177135213479581 1.0984045681865449
60899.2738 lsst_hardware_r -56.6774488678241 93.54011019185619 31.65999984741211 AB 3.059532138603271 1.0584174833729028
60902.2726 lsst_hardware_i 72.68759889768668 57.191980268066935 32.04999923706055 AB 4.9144944631286265 1.0456371198146013
60902.301 lsst_hardware_z 120.20013811626559 63.97274257259994 31.719999313354492 AB 4.779718066386264 1.0118660785518871
60904.2574 lsst_hardware_r -21.64875834850748 22.87981919978006 31.510000228881836 AB 3.72363204173401 1.0639708669859305
60904.2754 lsst_hardware_z 59.274357224175645 41.41447169173952 30.959999084472656 AB 3.6652643525688506 1.0329052705562494
60906.2605 lsst_hardware_r 30.12016296434133 23.016571383611872 31.510000228881836 AB 2.532459974765055 1.0476615884848712
60906.277 lsst_hardware_u -0.6864716843918071 2.909568652707184 28.530000686645508 AB 2.530204195054141 1.023959609491761
60908.2593 lsst_hardware_g -4.391178193679991 14.52766201539954 31.420000076293945 AB 1.0876824516409196 1.0405955050379523
60908.2777 lsst_hardware_r 41.27596860379263 23.240303378217614 31.5 AB 1.045791126382926 1.017554002805085
60910.2529 lsst_hardware_i 124.90979011329168 33.0188894771629 31.25 AB 1.9964820182759189 1.0420958773080047
60910.2716 lsst_hardware_z 28.340848002780664 42.04282547994642 30.950000762939453 AB 1.9414610025768972 1.0181597775947369
60932.1657 lsst_hardware_i 827.3172118184725 42.856804381862695 31.25 AB 1.8552332712132051 1.1005932002451286
60932.1842 lsst_hardware_r 627.9240786579127 33.573109255493605 31.5 AB 0.9254424633996373 1.0574471111023578
60934.1596 lsst_hardware_u -1.6675661067465763 2.6813729130558173 28.34000015258789 AB 3.5125668266576664 1.102356406619034
60934.1769 lsst_hardware_g 91.04442017091795 16.97770491938907 31.43000030517578 AB 3.1772646042967603 1.0610924872414873
60936.1665 lsst_hardware_r 487.28964131133705 32.72932437897489 31.5 AB 2.426192588548938 1.0715609518802818
60936.1846 lsst_hardware_g 105.23953319842515 16.62700893870863 31.440000534057617 AB 1.259570638571138 1.0378938174039454
60940.171 lsst_hardware_z 584.2352702572776 47.70854451832426 30.950000762939453 AB 2.328537261801318 1.0420842523163993
60940.1899 lsst_hardware_i 724.5025953533082 41.565061667063745 31.25 AB 2.2723452612721253 1.0179618148826561
60941.1638 lsst_hardware_u -3.5071345861011136 2.7722593394296755 28.459999084472656 AB 1.4079602281219765 1.049672138261911
60941.1795 lsst_hardware_g 49.35684116277055 15.978819758468944 31.43000030517578 AB 2.0678871914731167 1.0262467451479487
60945.0776 lsst_hardware_r 333.211189050078 31.45355026329097 31.459999084472656 AB 3.71415154356352 1.3264826941298287
60945.0979 lsst_hardware_i 680.6546528346212 41.83635302208543 31.229999542236328 AB 3.9991622951459904 1.2170922531512016
60947.089 lsst_hardware_r 308.2334821644639 33.934402446967106 31.5 AB 4.584140828753172 1.233318161223193
60947.1078 lsst_hardware_g 63.23106882086735 23.339683021952137 31.540000915527344 AB 4.300668760549956 1.1542579035718163
60950.0999 lsst_hardware_r 275.4161160518206 53.28261183790169 31.600000381469727 AB 5.2157616028267775 1.1532066778553511
60950.1198 lsst_hardware_i 686.6691693064569 51.72070495879718 31.290000915527344 AB 4.959218077963137 1.0919379254231258
60952.1002 lsst_hardware_z 493.99307460295495 67.76904694776066 30.979999542236328 AB 2.380078791231435 1.13337085296735
60952.1201 lsst_hardware_i 463.1147601630622 73.43566787826774 31.329999923706055 AB 2.2632699206501283 1.077747581261966
60957.1007 lsst_hardware_r 217.6837786723856 74.11497883101562 31.639999389648438 AB 6.231137018995169 1.0919048514589982
60957.1197 lsst_hardware_i 464.2470459987413 64.71516801884468 31.329999923706055 AB 6.237004201123907 1.0504133275340788
60959.0986 lsst_hardware_r 149.3263562563244 26.218715382120703 31.489999771118164 AB 4.550489109659701 1.0834497880142144
60959.1177 lsst_hardware_i 360.7864574681425 36.360291639146276 31.25 AB 4.386555274235912 1.0444179224371217
60961.1002 lsst_hardware_z 341.5761356989973 45.0581294789424 30.950000762939453 AB 5.567510828095559 1.0672885705157786
60961.1212 lsst_hardware_r 63.84893761892496 25.558425257123638 31.5 AB 5.401699749758275 1.030957104639467
60963.1064 lsst_hardware_u -2.8133752380863317 2.6768291341701937 28.389999389648438 AB 6.479317697570537 1.045051241543635
60963.1258 lsst_hardware_r 99.29630052234283 25.14834597933463 31.5 AB 6.235543529473625 1.0192266206317988
60965.105 lsst_hardware_i 357.0890195985684 34.56367390203956 31.25 AB 7.165522747959831 1.038531728290231
60965.1237 lsst_hardware_z 250.0306665352018 44.085785330637705 30.959999084472656 AB 6.991518005578615 1.0160736344109116
60967.9945 lsst_hardware_y 218.64444739644037 71.70592617080025 29.93000030517578 AB 3.413092187767654 1.4764638159052574
60968.0134 lsst_hardware_z 224.97712174807856 47.8938463829592 30.920000076293945 AB 3.977272328311996 1.3353646495549636
60971.9993 lsst_hardware_z 359.5949665779904 91.75965277255192 31.690000534057617 AB 4.95267380747686 1.3562466782985856
60972.0289 lsst_hardware_r 153.25536729834735 35.308087973335034 32.220001220703125 AB 3.4485506680137172 1.196167418665746
60973.9999 lsst_hardware_y 49.00119563323239 71.34512736135757 29.959999084472656 AB 4.760910530087716 1.3172913617950792
60974.0188 lsst_hardware_z 128.7671702257536 46.333933626027196 30.93000030517578 AB 4.7245036505305125 1.2167148211517254
60976.0011 lsst_hardware_y 41.233018549146585 71.86974283631957 29.979999542236328 AB 4.597202970470164 1.2784805479870676
60976.0188 lsst_hardware_z 220.94934197120676 46.08147413071458 30.93000030517578 AB 4.272169589093549 1.1926771605510318
60978.0028 lsst_hardware_y 142.58420871136332 70.00853422742408 29.989999771118164 AB 5.679504099929445 1.2409469820133163
60978.0203 lsst_hardware_i 65.3120304530629 41.42099640220365 31.270000457763672 AB 5.332326332013421 1.1648356358502368
60982.0065 lsst_hardware_z 101.03680954927374 81.15120447769783 30.969999313354492 AB 3.4347504048415454 1.1759823349624396
60982.0231 lsst_hardware_i 38.13073179750436 78.09619349336656 31.31999969482422 AB 3.3167241402577305 1.1181539453041858
60991.0145 lsst_hardware_y 91.42358806191822 62.58064331458459 30.049999237060547 AB 5.4268421784690695 1.0756872504398551
60991.0304 lsst_hardware_r 33.00336215996166 23.25642779310074 31.489999771118164 AB 5.3754881706482305 1.044291048207839
60993.0278 lsst_hardware_r 41.103298444349456 23.893421850542904 31.510000228881836 AB 6.313038019777072 1.0396823747660038
60993.0477 lsst_hardware_i 91.37248241846974 31.302210266471864 31.25 AB 3.924906941330117 1.0156750473554397
60995.0194 lsst_hardware_y 94.93343982585701 57.373168145779665 30.049999237060547 AB 6.861841985498205 1.0444203935309293
60995.0368 lsst_hardware_z 58.32135279209824 41.76738189860089 30.940000534057617 AB 6.655739189049214 1.0208841345765567
61220.3609 lsst_hardware_z -35.559647352783685 101.58000183105469 32.15999984741211 AB 2.376191510089395 1.1498628163995896
61220.396 lsst_hardware_y 35.53579926863839 89.69000244140625 31.239999771118164 AB 2.4525103545226052 1.0557513364282025
61222.3604 lsst_hardware_r 1.4425583310519472 87.13999938964844 31.6299991607666 AB 9.78210158095168 1.1329307316857138
61222.3788 lsst_hardware_y -91.00317129055406 53.45000076293945 30.040000915527344 AB 10.485516004453686 1.080981031386978
61223.3611 lsst_hardware_z 67.29280546128608 60.970001220703125 30.969999313354492 AB 7.747902300196631 1.1219900514367553
61223.3804 lsst_hardware_r 48.168241890809625 81.12999725341797 31.639999389648438 AB 7.907439293100571 1.0710091821170475
61225.3654 lsst_hardware_i -25.59973647889834 62.65999984741211 31.31999969482422 AB 7.9401890321703945 1.094066694064126
61225.3852 lsst_hardware_z -16.727996955949937 58.779998779296875 30.979999542236328 AB 6.636667478585722 1.0504657417235428
61231.3481 lsst_hardware_u 2.936390048702414 2.859999895095825 28.5 AB 8.74599317880162 1.0965043947721822
61231.367 lsst_hardware_r 16.389315985547768 23.719999313354492 31.510000228881836 AB 8.406196328978352 1.0538042282786018
61233.398 lsst_hardware_i 45.925814132515804 30.229999542236328 31.260000228881836 AB 7.725226644572872 1.0096025934685362
61233.4179 lsst_hardware_z 18.302711735428957 40.540000915527344 30.950000762939453 AB 8.802482600824646 1.0040091172714838
61235.3938 lsst_hardware_r 13.075156912053158 22.610000610351562 31.5 AB 5.979612106739402 1.0088766841132784
61235.4144 lsst_hardware_u -0.7871428527716796 2.7100000381469727 28.469999313354492 AB 5.941444567137277 1.0041312433897713
61238.2536 lsst_hardware_u -2.040722744011689 2.3399999141693115 28.010000228881836 AB 2.8171965423615517 1.4849494205542748
61238.2721 lsst_hardware_g 23.30230905182913 13.90999984741211 31.309999465942383 AB 2.5175683004646685 1.3442564565976693
61244.2518 lsst_hardware_z 54.99538950220592 48.38999938964844 30.920000076293945 AB 7.032950773033755 1.3707229052526402
61244.2702 lsst_hardware_r 54.54694096084274 32.16999816894531 31.520000457763672 AB 6.4422969620665835 1.2592859349209808
61246.263 lsst_hardware_z 21.685407675903438 71.9800033569336 31.690000534057617 AB 7.576902212254451 1.268525399674276
61248.2545 lsst_hardware_r 2.848545066883004 72.29000091552734 31.579999923706055 AB 2.6193823945489854 1.2852710473743796
61248.2739 lsst_hardware_z 7.964166752519684 55.779998779296875 30.950000762939453 AB 2.45748264198618 1.1906408149157848
61249.2517 lsst_hardware_r 138.6717418457968 87.5 31.600000381469727 AB 3.311231837019664 1.2856656327003162
61249.2694 lsst_hardware_y 20.171254359291513 54.7599983215332 30.0 AB 3.0169550240038645 1.1981552915027263
61251.2499 lsst_hardware_z 49.33094666750062 75.13999938964844 30.959999084472656 AB 5.695094812504868 1.2655766250010818
61251.2683 lsst_hardware_r 55.23485556690974 108.54000091552734 31.6299991607666 AB 5.196657003169286 1.1800080238808528
61253.2596 lsst_hardware_i -15.82689791035609 80.94000244140625 31.299999237060547 AB 5.267062014159362 1.193375453994531
61253.2784 lsst_hardware_z 25.760473497528068 70.62999725341797 30.979999542236328 AB 4.973120980741029 1.1244832727646161
61258.2567 lsst_hardware_g 22.025999326703815 20.920000076293945 31.520000457763672 AB 1.4698840961938513 1.1514955708529975
61258.2757 lsst_hardware_i -37.062014081306884 34.83000183105469 31.260000228881836 AB 1.3553699703853381 1.0930402986978534
61261.2575 lsst_hardware_u -1.2415117026156288 2.609999895095825 28.350000381469727 AB 3.5979321857059468 1.121549933200108
61261.2768 lsst_hardware_g -15.090968516241 13.789999961853027 31.420000076293945 AB 3.5252656036119814 1.0706957034508675
61263.2601 lsst_hardware_r -18.388208347004092 22.84000015258789 31.479999542236328 AB 7.283384427441883 1.0982183997952175
61263.2761 lsst_hardware_i 8.136718282876496 30.56999969482422 31.239999771118164 AB 7.192646586415491 1.0606667777202567
61266.2565 lsst_hardware_r -10.560288855595939 22.959999084472656 31.5 AB 3.9256265822889067 1.086302755389528
61266.2756 lsst_hardware_i -5.578948688935804 30.559999465942383 31.260000228881836 AB 3.74209261140937 1.0463733272028997
61268.2624 lsst_hardware_z 44.13416494593471 41.310001373291016 30.950000762939453 AB 4.797668775403336 1.0607662104293036
61268.2812 lsst_hardware_r 1.8801748296816176 22.610000610351562 31.5 AB 4.675753364125171 1.0297126145990467
61271.2216 lsst_hardware_g -4.289173376307958 14.199999809265137 31.40999984741211 AB 2.752380171082985 1.1500996605959963
61271.2457 lsst_hardware_r 0.6961400669855503 23.09000015258789 31.510000228881836 AB 2.5746759172223226 1.0793778300261743
61272.2381 lsst_hardware_i 30.90628183852961 31.030000686645508 31.25 AB 1.9375536877408384 1.0914258204426635
61272.2541 lsst_hardware_r -25.217083044491726 22.8700008392334 31.5 AB 1.626550894898755 1.0556306510970828
