data/validation/pwv_sim_epoch_fit_epoch/8191352.ecsv
# %ECSV 0.9
# ---
# datatype:
# - {name: time, datatype: float64}
# - {name: band, datatype: string}
# - {name: flux, datatype: float64}
# - {name: fluxerr, datatype: float64}
# - {name: zp, datatype: float64}
# - {name: zpsys, datatype: string}
# - {name: pwv, datatype: float64}
# - {name: airmass, datatype: float64}
# meta: {SNID: '8191352', alt: 1024.0, c: 0.09249289333820343, dec: -47.161343, lat: -30.244573, lon: -70.7499537, ra: 106.310043, t0: 62081.39453125,
#   x0: 1.119571240180908e-05, x1: 1.0725380182266235, z: 0.43893757462501526}
# schema: astropy-2.0
time band flux fluxerr zp zpsys pwv airmass
62095.2618 lsst_hardware_i 2409.2172189475336 57.28092954601271 31.229999542236328 AB 3.6621494410704827 1.1001850914489
62095.2716 lsst_hardware_y 651.2712891024645 52.36506234942314 30.030000686645508 AB 3.5292643263469574 1.0843704402950503
62098.3437 lsst_hardware_r 2263.1809218053486 53.230282239727835 31.5 AB 8.810124318609518 1.0539476804238022
62098.3558 lsst_hardware_i 2267.8661353706666 68.03783565855092 31.309999465942383 AB 8.92865830267519 1.0639276669920064
62100.3537 lsst_hardware_z 1534.4012548189755 71.73729298369932 30.979999542236328 AB 5.443769684802605 1.0674058205495305
62107.3378 lsst_hardware_i 1781.7976267270897 74.70028056801183 31.31999969482422 AB 6.484624566159143 1.0710258826722778
62107.3486 lsst_hardware_z 1410.4123452383571 73.05446947681868 30.979999542236328 AB 6.581789508767096 1.0853545774944477
62110.3331 lsst_hardware_z 2318.3605338152634 88.26928293553941 31.719999313354492 AB 4.652508975693004 1.0752895304080436
62114.3153 lsst_hardware_z 2219.250572675087 75.75780276623439 31.709999084472656 AB 10.754117171744118 1.067220797553191
62116.295 lsst_hardware_r 701.4126070832158 34.79319823816004 31.489999771118164 AB 11.072465096326514 1.054252738637157
62116.3076 lsst_hardware_g 119.33367257787188 18.50568522648024 31.450000762939453 AB 11.222420464198112 1.0648804843305186
62118.2884 lsst_hardware_r 639.4701954469084 32.89298865327193 31.489999771118164 AB 8.291586961780451 1.0535019327590942
62118.3006 lsst_hardware_i 1135.4024765367417 44.82193374660175 31.25 AB 7.70877357123703 1.0633524479256542
62122.2882 lsst_hardware_u -4.15380686156721 2.8955658323541216 28.3700008392334 AB 5.635398629163601 1.061946977857628
62122.2999 lsst_hardware_g 86.2319411301683 15.55096852425833 31.360000610351562 AB 7.510928390671857 1.074742624137744
62126.2227 lsst_hardware_r 419.99043599355355 29.72781469681835 31.5 AB 5.021256994088958 1.0499962347796936
62126.2343 lsst_hardware_i 852.0927257690355 41.77530447742476 31.260000228881836 AB 4.989906393195136 1.046138521931962
62128.2857 lsst_hardware_g 81.43467534801617 15.403373717823756 31.3799991607666 AB 6.002005023222324 1.0775592501296811
62128.2975 lsst_hardware_r 366.4857303031395 29.011791605737567 31.479999542236328 AB 6.679323858373475 1.0952105145999729
62129.2232 lsst_hardware_z 690.9881672571299 48.825089668800686 30.950000762939453 AB 6.9401718981049125 1.0467830917201162
62129.2358 lsst_hardware_r 425.88881651988834 28.560282603273613 31.479999542236328 AB 6.983003992736455 1.0455555295131445
62131.2246 lsst_hardware_i 693.7937269607796 43.48276934386484 31.270000457763672 AB 5.268587655241488 1.0456140223749566
62131.2384 lsst_hardware_z 725.1529203976398 48.33600056331626 30.950000762939453 AB 5.302255696414426 1.0468938637474212
62133.2263 lsst_hardware_r 404.92070223588337 52.240217714937046 31.6299991607666 AB 7.496432313045355 1.0456733593311975
62133.2397 lsst_hardware_z 679.6888371349927 53.18489033739855 30.969999313354492 AB 7.547089758184896 1.0492999316210734
62137.219 lsst_hardware_i 693.8487209751397 70.65289242731139 31.329999923706055 AB 7.362237213643691 1.0462025525615564
62137.2323 lsst_hardware_z 616.609677873987 64.25952842380788 30.979999542236328 AB 7.39683358947554 1.0510224985933772
62139.2253 lsst_hardware_r 364.5967554060168 67.47598237715587 31.639999389648438 AB 3.736200261261833 1.0502319778669944
62139.2366 lsst_hardware_z 642.5302750232753 57.677550399575765 30.969999313354492 AB 3.6451662574088024 1.0574894857582833
62141.2076 lsst_hardware_z 444.53318704862414 51.47987301680696 30.959999084472656 AB 11.979419861690635 1.046115724080803
62143.2069 lsst_hardware_i 457.9998490520414 40.17822794316223 31.270000457763672 AB 8.304779298393477 1.0472609455729478
62143.2195 lsst_hardware_z 437.6901313076897 47.62496327240071 30.950000762939453 AB 9.244875604976773 1.0531070327661878
62145.1889 lsst_hardware_r 260.13714944242173 26.73026081321974 31.479999542236328 AB 7.8690797729921815 1.0454933267925839
62145.2021 lsst_hardware_u 1.6448878353673144 2.7616707184811453 28.3700008392334 AB 7.868832859619164 1.0474668520908068
62147.1884 lsst_hardware_g 34.8838886610831 14.219485354181824 31.389999389648438 AB 7.156001348348996 1.0457149002677615
62147.2005 lsst_hardware_r 253.6171552383265 26.610479053435334 31.479999542236328 AB 7.146601661054595 1.0488884803778677
62149.1891 lsst_hardware_i 460.2428283089955 36.147962495164755 31.260000228881836 AB 5.495857776880373 1.0468632864942455
62149.2005 lsst_hardware_z 417.06134330289495 45.606787419228496 30.950000762939453 AB 5.523564776595892 1.0515567610481833
62151.1807 lsst_hardware_r 219.816623435163 26.430127843724144 31.489999771118164 AB 6.338902139485372 1.0461960949802562
62151.1942 lsst_hardware_g 24.717413590673978 14.006841064195358 31.389999389648438 AB 6.331286252326372 1.0510975765462525
62153.1807 lsst_hardware_r 223.38390206034805 26.228868030601546 31.479999542236328 AB 3.2189714582337445 1.0476149245716244
62153.195 lsst_hardware_i 346.2132853015357 35.87340620377389 31.25 AB 3.2676164963008483 1.0549773449098736
62157.1662 lsst_hardware_r 14.21436054371551 21.270000457763672 31.469999313354492 AB 12.474880920229774 1.0466016306919192
62157.1797 lsst_hardware_u 0.9175445472270726 2.559999942779541 28.389999389648438 AB 12.099826111405836 1.0521587922961597
62159.162 lsst_hardware_g -7.306501569236693 17.079999923706055 31.510000228881836 AB 8.146457439197256 1.0469230773471456
62159.1766 lsst_hardware_r 8.719055413819596 21.420000076293945 31.479999542236328 AB 9.098871004212738 1.0536181805515088
62161.1621 lsst_hardware_i 4.882652152344121 39.290000915527344 31.290000915527344 AB 8.194372668198344 1.048823764261961
62161.1751 lsst_hardware_z 105.21825501073643 45.11000061035156 30.959999084472656 AB 8.191295619049813 1.0563961334859158
62164.1576 lsst_hardware_r 60.627661459260445 68.80000305175781 31.649999618530273 AB 12.420029497645158 1.050526911383091
62164.1691 lsst_hardware_z -42.50053372475341 54.25 30.979999542236328 AB 11.247745460881 1.0581134017761995
62166.1582 lsst_hardware_r 60.95353971468007 89.04000091552734 31.65999984741211 AB 12.664557896188875 1.0540914906382928
62166.1705 lsst_hardware_i 25.81737120866961 69.08000183105469 31.329999923706055 AB 13.025716310456348 1.0643229407571473
62168.1591 lsst_hardware_z 24.251296168098378 55.27000045776367 30.979999542236328 AB 8.83208035464903 1.058875477118934
62168.1715 lsst_hardware_i -65.51817095520003 57.97999954223633 31.31999969482422 AB 12.136832322438462 1.0713538705423014
62170.161 lsst_hardware_z 57.29623763981429 47.63999938964844 30.969999313354492 AB 7.979970809074681 1.0657723952019589
62170.1732 lsst_hardware_g -61.31415322123565 50.630001068115234 31.700000762939453 AB 9.908441151564999 1.0805279336494078
62174.1555 lsst_hardware_z -19.95437840511938 41.279998779296875 30.950000762939453 AB 5.328685175535416 1.071810628669544
62174.168 lsst_hardware_u -1.68289515936564 2.619999885559082 28.40999984741211 AB 5.382076777849708 1.0889381442285702
62176.0948 lsst_hardware_z -35.06081233775217 40.79999923706055 30.950000762939453 AB 6.263504320386677 1.0468252346050066
62176.1079 lsst_hardware_r -26.394061718605577 21.479999542236328 31.489999771118164 AB 6.236713819836276 1.0456097831400932
62178.0906 lsst_hardware_u -2.408407584554015 2.630000114440918 28.450000762939453 AB 1.750040554141925 1.0465184955251214
62178.104 lsst_hardware_r 19.924001198177507 21.440000534057617 31.489999771118164 AB 1.7294211608712369 1.0457573157195688
62182.0861 lsst_hardware_r 33.52718039790883 21.469999313354492 31.489999771118164 AB 1.5655007825619915 1.0455840925443256
62182.0978 lsst_hardware_u -3.754699638846188 2.640000104904175 28.459999084472656 AB 1.541701041047373 1.0465810088006244
62184.086 lsst_hardware_g -0.6806544190628122 12.569999694824219 31.3700008392334 AB 2.470250333745791 1.0456086068765253
62184.0971 lsst_hardware_r 51.40695393257369 21.299999237060547 31.469999313354492 AB 2.4724666485649274 1.047988406724564
62186.0874 lsst_hardware_i -32.67355235450696 29.690000534057617 31.25 AB 3.4990593322865378 1.0467085127119147
62186.0986 lsst_hardware_z 1.7731643383846003 40.77000045776367 30.950000762939453 AB 3.5592774854712728 1.0510970795042518
62188.0784 lsst_hardware_r -3.8535859779222776 37.47999954223633 32.290000915527344 AB 3.3978192916543266 1.0459924450335272
62188.0921 lsst_hardware_g 2.681762099806235 26.959999084472656 32.29999923706055 AB 4.804710733700217 1.0505544405160636
62190.076 lsst_hardware_r -1.1980977654994394 37.70000076293945 31.600000381469727 AB 7.4611737981127515 1.0465947255032615
62190.0881 lsst_hardware_i -72.48204678495317 37.779998779296875 31.280000686645508 AB 6.912743517091062 1.0513278608556424
62192.0752 lsst_hardware_z 48.039109252086426 48.9900016784668 30.969999313354492 AB 9.388518958021514 1.0479719780127266
62192.0881 lsst_hardware_i -0.3660090424865908 47.060001373291016 31.299999237060547 AB 8.09411405518857 1.0547107606852226
62196.0753 lsst_hardware_r 11.649160782768432 83.55999755859375 31.649999618530273 AB 3.859616784802294 1.0534607396253277
62196.0876 lsst_hardware_i -30.9934820310537 66.0999984741211 31.329999923706055 AB 4.425737468723558 1.0633679646140217
62199.0531 lsst_hardware_i -26.71201816758335 37.9900016784668 31.280000686645508 AB 4.686410430976061 1.0470280793824864
62199.0659 lsst_hardware_z 128.52615165814464 45.529998779296875 30.959999084472656 AB 4.713402072809255 1.0527057059262421
62200.0797 lsst_hardware_r 61.06153951422408 61.08000183105469 33.06999969482422 AB 11.41081561400021 1.0664313657944122
62200.1116 lsst_hardware_g 7.923829609405387 46.34000015258789 32.38999938964844 AB 11.501665316108015 1.114970625531523
62202.0535 lsst_hardware_r 40.194548435922556 21.229999542236328 31.469999313354492 AB 6.769295859154032 1.0503717584287833
62202.0682 lsst_hardware_i 17.773911270744527 29.6200008392334 31.239999771118164 AB 6.845587716804446 1.0605640957660265
62204.0518 lsst_hardware_z -48.756286170011485 40.68000030517578 30.950000762939453 AB 11.357994347821961 1.05243760606821
62204.0641 lsst_hardware_i 42.469157931690006 29.739999771118164 31.25 AB 11.52035949953158 1.0618005959721444
62206.0473 lsst_hardware_u -0.9611493582665699 2.630000114440918 28.450000762939453 AB 7.5826594691757085 1.0530252705717726
62206.0602 lsst_hardware_g -19.19618905201487 12.6899995803833 31.3799991607666 AB 7.596697182658368 1.0632806460827016
62208.0453 lsst_hardware_r 16.54151721414616 21.360000610351562 31.469999313354492 AB 11.14352574987732 1.0553414016141154
62208.0586 lsst_hardware_i 19.82019546540951 29.809999465942383 31.239999771118164 AB 11.011121610603043 1.0672276821519788
62211.0373 lsst_hardware_z 18.510577547006196 40.95000076293945 30.950000762939453 AB 8.565569481932028 1.055479686428835
62211.0495 lsst_hardware_u 7.508481956690368 2.490000009536743 28.309999465942383 AB 8.292684077073828 1.0662631678047954
62213.0288 lsst_hardware_g 12.25533954551367 12.800000190734863 31.399999618530273 AB 8.155537373032837 1.0534147988934173
62213.0436 lsst_hardware_r 20.3533178670926 21.68000030517578 31.5 AB 7.26293207258093 1.065805572320923
62456.315 lsst_hardware_z -51.03858878040763 40.83000183105469 30.950000762939453 AB 5.1760277250927 1.0520916154465716
62460.3538 lsst_hardware_r 23.63146077600256 56.61000061035156 31.639999389648438 AB 5.284167351048639 1.054794201420337
62461.3553 lsst_hardware_z 61.745836147827234 69.87000274658203 30.989999771118164 AB 3.858259620056242 1.0579753082737284
62468.34 lsst_hardware_y 41.93452155743478 49.369998931884766 30.040000915527344 AB 4.034889236824247 1.0612544021105332
62468.3522 lsst_hardware_g -17.490764195196324 41.68000030517578 31.670000076293945 AB 4.08819007518519 1.0744257753443922
62473.3423 lsst_hardware_r -11.95785892169478 23.489999771118164 31.5 AB 6.536951761775627 1.079322830228816
62473.3546 lsst_hardware_i 27.956049111607157 48.34000015258789 31.299999237060547 AB 6.655595957225236 1.0983016549212261
62475.305 lsst_hardware_i -25.090644688361763 29.670000076293945 31.239999771118164 AB 3.152203244739186 1.050150997691941
62475.3163 lsst_hardware_z 26.446616077103517 40.880001068115234 30.940000534057617 AB 3.223189090830085 1.0573611014204762
62477.313 lsst_hardware_r 24.285996838599853 21.389999389648438 31.469999313354492 AB 4.434031473710575 1.05912611339085
62477.3214 lsst_hardware_u 0.605352772449428 2.5799999237060547 28.3799991607666 AB 4.422427846369354 1.0671881868651916
62479.307 lsst_hardware_g 1.7820436521000549 12.619999885559082 31.3700008392334 AB 6.988312383318865 1.0586748043203855
62479.3194 lsst_hardware_i 9.843137719514987 29.799999237060547 31.239999771118164 AB 6.912734365513797 1.07107752796929
62481.306 lsst_hardware_z 4.847285867500718 40.90999984741211 30.940000534057617 AB 8.807074450062732 1.0626510085140144
62481.319 lsst_hardware_r 17.975104307949817 21.59000015258789 31.479999542236328 AB 8.923630686689387 1.077375350781973
62483.2912 lsst_hardware_r -31.95419881950195 21.520000457763672 31.489999771118164 AB 11.0594698855479 1.0549406100584633
62483.3033 lsst_hardware_u 2.723935272682614 2.6600000858306885 28.459999084472656 AB 10.663604671800027 1.0653838653034744
62485.2847 lsst_hardware_g -16.772770283023863 12.600000381469727 31.3700008392334 AB 8.601437900668733 1.0542274497251862
62485.2962 lsst_hardware_r -10.587493484549164 21.40999984741211 31.469999313354492 AB 8.790080242500144 1.0637370716977868
62487.2876 lsst_hardware_i -60.077081153396016 54.529998779296875 32.040000915527344 AB 7.474314286541218 1.0607882893189353
62487.2998 lsst_hardware_z 88.36405996845045 58.04999923706055 31.690000534057617 AB 7.155137978158856 1.0737807425765522
62489.2876 lsst_hardware_r -33.49586913423243 68.37999725341797 31.639999389648438 AB 4.633244254429126 1.0660939379726475
62489.2998 lsst_hardware_z -14.11939297699715 53.75 30.969999313354492 AB 5.280131169094807 1.0809603867397586
62491.2899 lsst_hardware_z -40.445546043122455 60.2599983215332 30.979999542236328 AB 5.782210102041982 1.0750599799278575
62491.3015 lsst_hardware_i 12.456380878976683 66.87999725341797 31.31999969482422 AB 6.625746978081635 1.0917062163526852
62493.2286 lsst_hardware_z -45.96996288123593 55.630001068115234 30.979999542236328 AB 7.110618638645934 1.0463331697966538
62493.2412 lsst_hardware_r -8.221614786961688 73.27999877929688 31.649999618530273 AB 7.050146855392241 1.0457443327611142
62495.2311 lsst_hardware_i 23.908084588408325 47.34000015258789 31.309999465942383 AB 6.992161475496666 1.0454917164781448
62495.2447 lsst_hardware_r 26.972441747897047 54.279998779296875 31.639999389648438 AB 7.005350763551716 1.0477902176569125
62497.2296 lsst_hardware_z 10.275662039286043 62.619998931884766 31.709999084472656 AB 5.269940557167326 1.045674995221519
62497.2408 lsst_hardware_g 41.87885286465965 35.81999969482422 31.670000076293945 AB 5.256204023498076 1.048357820692775
62499.2253 lsst_hardware_r -2.6006417245611164 24.190000534057617 31.520000457763672 AB 7.447440681091695 1.0458052562530027
62499.2367 lsst_hardware_i 47.187837695215414 31.3799991607666 31.260000228881836 AB 7.470819732446584 1.0489041393396397
62501.2243 lsst_hardware_z 106.64499485703101 40.599998474121094 30.950000762939453 AB 6.999201833498456 1.0466226619893266
62501.2378 lsst_hardware_r 1.807700340537967 21.34000015258789 31.479999542236328 AB 6.961668134663742 1.0522075397186839
62503.2238 lsst_hardware_u 0.8068029063812913 2.490000009536743 28.329999923706055 AB 5.7912656174541635 1.048129636363568
62503.2368 lsst_hardware_g 19.27852177985545 12.5600004196167 31.360000610351562 AB 5.7727858341506755 1.0550967163672484
62505.2278 lsst_hardware_r 7.537725370441403 21.389999389648438 31.479999542236328 AB 2.7641187891684513 1.052763686483048
62505.2406 lsst_hardware_z 6.66413932033939 40.869998931884766 30.950000762939453 AB 2.7888375756594224 1.0627854459624964
