data/validation/pwv_sim_epoch_fit_epoch/8355725.ecsv
# %ECSV 0.9
# ---
# datatype:
# - {name: time, datatype: float64}
# - {name: band, datatype: string}
# - {name: flux, datatype: float64}
# - {name: fluxerr, datatype: float64}
# - {name: zp, datatype: float64}
# - {name: zpsys, datatype: string}
# - {name: pwv, datatype: float64}
# - {name: airmass, datatype: float64}
# meta: {SNID: '8355725', alt: 1024.0, c: 0.07832888513803482, dec: -8.536388, lat: -30.244573, lon: -70.7499537, ra: 344.53125, t0: 63092.8359375,
#   x0: 1.0414367883264234e-05, x1: 0.31322962045669556, z: 0.4525713622570038}
# schema: astropy-2.0
time band flux fluxerr zp zpsys pwv airmass
63033.3948 lsst_hardware_r 8.846583398905048 25.600000381469727 31.530000686645508 AB 7.631923673130213 1.0902748104471733
63033.4159 lsst_hardware_y 39.21686509184519 47.790000915527344 30.040000915527344 AB 7.545697493232678 1.0779567847475255
63037.426 lsst_hardware_g -16.607671126021337 16.540000915527344 31.479999542236328 AB 3.9254182870848533 1.0832724552713546
63043.3816 lsst_hardware_r 2.02784976903561 35.2400016784668 32.27000045776367 AB 5.832362527431373 1.0800671347095134
63043.4007 lsst_hardware_i -14.666568089118226 32.119998931884766 31.260000228881836 AB 5.8259570663303695 1.0788809382093276
63045.3616 lsst_hardware_z 53.766307213794796 42.540000915527344 30.950000762939453 AB 5.537081080016671 1.0907280764338958
63045.383 lsst_hardware_i -47.10841747060158 32.060001373291016 31.260000228881836 AB 5.598601650627872 1.0779843686525754
63047.3721 lsst_hardware_u -3.0414690060548564 2.7699999809265137 28.40999984741211 AB 3.836845563013677 1.0794838871838162
63047.3923 lsst_hardware_g -2.4055098207780543 15.699999809265137 31.450000762939453 AB 4.380756955329512 1.0798020594847209
63049.3656 lsst_hardware_r 59.928400809655635 42.529998779296875 31.610000610351562 AB 7.5033585305222825 1.079904799422702
63049.3861 lsst_hardware_i -29.92893942785324 32.18000030517578 31.260000228881836 AB 7.9853818292771015 1.0795068206802665
63057.3279 lsst_hardware_r 33.27473612066309 59.86000061035156 31.6299991607666 AB 8.659151561297318 1.0917190453411343
63057.3488 lsst_hardware_z 31.278255432960616 54.880001068115234 30.969999313354492 AB 8.6161073614742 1.0782714034883516
63062.3081 lsst_hardware_r -25.524842636760862 24.510000228881836 31.5 AB 5.141525200600493 1.0991057701470726
63062.3264 lsst_hardware_i 33.8465762122699 31.84000015258789 31.25 AB 5.048206885431449 1.0817586183067391
63065.3395 lsst_hardware_u 8.947870708384754 2.834372935589491 28.459999084472656 AB 1.6746384586973253 1.0785563280575303
63065.3614 lsst_hardware_g -8.51924100661928 15.373421942523974 31.440000534057617 AB 1.6907649834748875 1.0941102136377614
63067.317 lsst_hardware_r 46.18173833358293 25.10267670041524 31.5 AB 3.4474394788720946 1.0796866516981192
63067.3302 lsst_hardware_i 52.53936640453729 32.38918636360413 31.239999771118164 AB 3.5812993545487273 1.0778118590169972
63072.2926 lsst_hardware_r 461.18455928308697 32.91347761241791 31.510000228881836 AB 5.846304977754733 1.0863372519829173
63073.2743 lsst_hardware_r 641.7801078096675 35.35063933100458 31.510000228881836 AB 11.675416055500426 1.10444119841399
63073.2914 lsst_hardware_i 506.4416770183544 38.91592715095769 31.25 AB 11.370460810009163 1.0851056887017272
63077.3463 lsst_hardware_z 722.1556392408462 51.49161590620932 30.940000534057617 AB 5.371826896205015 1.1214669929446794
63077.3645 lsst_hardware_i 1129.0438724044418 46.51630553452781 31.239999771118164 AB 5.565977694549373 1.1653243829749542
63079.1336 lsst_hardware_z 1125.8100350488414 76.99636280305214 30.8700008392334 AB 7.636221227311326 1.90322667513523
63083.2227 lsst_hardware_z 3131.149015301322 145.96118120135176 31.739999771118164 AB 1.2239053254548407 1.154763840504626
63085.2629 lsst_hardware_r 3708.2578315618084 94.99212616408664 31.639999389648438 AB 4.561926362794806 1.082179186999124
63085.2835 lsst_hardware_z 1853.6812455741876 73.17617032954476 30.979999542236328 AB 4.507511189230507 1.078222985104774
63088.2129 lsst_hardware_r 3549.776960866575 65.08177729439349 31.489999771118164 AB 5.210670348433652 1.144824859592146
63088.2316 lsst_hardware_i 2627.5156418406486 61.3688742381964 31.260000228881836 AB 5.1287793027711395 1.107129908855076
63100.207 lsst_hardware_g 748.2343503297893 32.13568782883573 31.479999542236328 AB 2.7148712875294296 1.0957370997697147
63100.2165 lsst_hardware_r 3270.862667027823 62.2393344466598 31.520000457763672 AB 2.152653451030908 1.0860559769758629
63102.1886 lsst_hardware_r 2981.7673841665037 60.07495608103209 31.510000228881836 AB 3.343207351320122 1.1151768788280771
63102.206 lsst_hardware_i 2522.3199837099337 59.408914841725604 31.25 AB 3.2588965391439304 1.0907223313919554
63108.1745 lsst_hardware_z 1573.8428801833275 78.10325590211411 30.979999542236328 AB 3.824026845455691 1.1112050112715104
63108.1908 lsst_hardware_i 2308.263228186499 88.63135718364575 31.329999923706055 AB 3.887369186127423 1.0895347479511637
63110.1874 lsst_hardware_z 2781.4570896660093 167.7950188061532 31.75 AB 1.7059020768755855 1.0876009415846895
63113.1677 lsst_hardware_y 558.4911770934768 58.472979732623045 30.040000915527344 AB 1.6510335714685545 1.100689047645703
63113.1876 lsst_hardware_r 1841.6024116011447 92.01254375409871 31.649999618530273 AB 1.622279102094567 1.081519401396378
63118.1571 lsst_hardware_r 1076.1218458810445 41.2355814761797 31.5 AB 3.632812500394905 1.0966705241311883
63118.1745 lsst_hardware_g 197.04015383654524 20.746138641129242 31.459999084472656 AB 3.4945017718273093 1.081219607619836
63121.1556 lsst_hardware_r 918.9204685331453 38.611156545124814 31.5 AB 3.735849769250194 1.0892484202201893
63121.1744 lsst_hardware_i 1276.7805342452887 47.9916728442164 31.25 AB 2.9061361971278075 1.0782103130575589
63123.1295 lsst_hardware_i 1233.3047216860982 47.05777199518732 31.239999771118164 AB 1.8755803633174584 1.1184140508749807
63123.1479 lsst_hardware_z 954.4038557797862 52.680431089174725 30.940000534057617 AB 1.8368506532592186 1.091522622517115
63125.1312 lsst_hardware_r 750.038457895786 35.993672618206 31.510000228881836 AB 3.5171392444293343 1.1061635678981
63125.1501 lsst_hardware_u -0.7721014568710391 3.062466475206358 28.43000030517578 AB 3.4511991206621473 1.0846006036021831
63128.1352 lsst_hardware_g 21.547137777986478 18.235881072297627 31.459999084472656 AB 8.09909327318697 1.090529945559852
63128.1549 lsst_hardware_r 534.3537758560798 34.27834038369773 31.520000457763672 AB 8.012000417715957 1.0782948646029349
63135.107 lsst_hardware_z 704.3634833327324 59.87945635911064 30.969999313354492 AB 4.038363046934482 1.1015720258959305
63135.1262 lsst_hardware_r 396.54318352582516 63.191431006276574 31.6299991607666 AB 3.117369627449029 1.08229474393555
63136.1069 lsst_hardware_i 774.5511724215652 73.81560660310834 31.31999969482422 AB 3.5465781449935725 1.0980118095955334
63136.1269 lsst_hardware_z 766.1257754781377 68.75555756570363 30.979999542236328 AB 4.207604312902158 1.0804427748614631
63150.0729 lsst_hardware_r 230.97730969408684 28.977589318565556 31.510000228881836 AB 3.4288352725904385 1.092913920290195
63150.0909 lsst_hardware_u -4.972473651285131 2.932003402552581 28.479999542236328 AB 4.53386364898129 1.0794913449955452
63152.0754 lsst_hardware_g 39.91441578106995 16.70543152533203 31.450000762939453 AB 5.1906802084084305 1.0853487105923405
63152.0939 lsst_hardware_r 184.8904538429479 28.67716758112218 31.5 AB 5.662082193136461 1.077670763824983
63154.0629 lsst_hardware_i 342.2686821334367 37.32707693952235 31.25 AB 6.4782550369623495 1.0919020793800984
63154.0803 lsst_hardware_z 381.59111691180806 46.372837056283224 30.940000534057617 AB 6.425666811014913 1.0793695474702016
63156.0687 lsst_hardware_r 212.53194059949573 28.755262243906138 31.510000228881836 AB 7.079737342183688 1.0823907262862054
63156.0856 lsst_hardware_g 51.9775246608707 16.761878602273896 31.459999084472656 AB 7.4103923017790025 1.0776793022038016
63158.0633 lsst_hardware_r 249.77131655223351 28.44405978853346 31.510000228881836 AB 4.109063403965432 1.082353114726281
63158.0806 lsst_hardware_i 427.4646857674005 36.92344514791345 31.25 AB 4.070056981575748 1.0777087706901955
63160.0676 lsst_hardware_z 361.31304560203824 46.66118253294461 30.950000762939453 AB 3.1647397900871934 1.0782759080365225
63160.0848 lsst_hardware_i 385.17539552999074 37.58709563118155 31.260000228881836 AB 2.917604884809873 1.0802609878964882
63162.0423 lsst_hardware_r 267.06921165770217 38.31187568894463 31.579999923706055 AB 4.759895599454626 1.0905935615658808
63162.0605 lsst_hardware_z 291.6130124325916 48.52425037197738 30.959999084472656 AB 4.656999886686852 1.0786959028748664
63164.0391 lsst_hardware_y 218.14962817430867 55.031546378703254 30.040000915527344 AB 3.9259735618757956 1.0883815261865164
63164.056 lsst_hardware_r 129.1040285386078 73.94111832863622 31.639999389648438 AB 4.111179262852221 1.0784363912522767
63167.0376 lsst_hardware_i 117.17550519306309 88.76000213623047 31.329999923706055 AB 3.86005068139247 1.083066970087674
63167.0545 lsst_hardware_z 3.810349597182286 76.97000122070312 30.989999771118164 AB 2.9505829230981258 1.0776416811899656
63169.0365 lsst_hardware_r 37.938105298136925 96.66000366210938 31.649999618530273 AB 4.91960778757889 1.0805793833570678
63169.0534 lsst_hardware_z 82.40582583023364 68.1500015258789 30.989999771118164 AB 5.595562591877481 1.0780738408344002
63171.0406 lsst_hardware_r 68.05592040615097 50.02000045776367 31.6200008392334 AB 4.500704669584025 1.0777764569657022
63171.0597 lsst_hardware_i 39.985855520095896 52.65999984741211 31.309999465942383 AB 4.373501155099869 1.0829965716301782
63180.0119 lsst_hardware_y -35.95304626189509 61.119998931884766 30.049999237060547 AB 14.01527296378021 1.078540398402573
63180.0295 lsst_hardware_z -58.64619190853611 42.97999954223633 30.950000762939453 AB 13.162473153473359 1.0799534914234035
63182.0127 lsst_hardware_y 112.3622468464678 63.68000030517578 30.049999237060547 AB 5.685909875182191 1.0776422412096074
63182.0307 lsst_hardware_u 0.5631338714396574 2.9200000762939453 28.440000534057617 AB 5.6297896904654126 1.0836938768942084
