data/validation/pwv_sim_epoch_fit_epoch/8413886.ecsv
# %ECSV 0.9
# ---
# datatype:
# - {name: time, datatype: float64}
# - {name: band, datatype: string}
# - {name: flux, datatype: float64}
# - {name: fluxerr, datatype: float64}
# - {name: zp, datatype: float64}
# - {name: zpsys, datatype: string}
# - {name: pwv, datatype: float64}
# - {name: airmass, datatype: float64}
# meta: {SNID: '8413886', alt: 1024.0, c: -0.10808809101581573, dec: -16.64604, lat: -30.244573, lon: -70.7499537, ra: 79.628906, t0: 62863.6875,
#   x0: 8.743160088953996e-06, x1: -1.2525293827056885, z: 0.4864087998867035}
# schema: astropy-2.0
time band flux fluxerr zp zpsys pwv airmass
62775.3713 lsst_hardware_g -19.5815076849767 13.619999885559082 31.43000030517578 AB 4.3383527955154815 1.035406395111068
62775.3906 lsst_hardware_y 40.29291140218312 61.63999938964844 30.06999969482422 AB 4.367535242945707 1.0289869814926864
62777.3627 lsst_hardware_i -72.70681927184775 30.079999923706055 31.25 AB 3.0093239549426833 1.037697915497477
62777.3807 lsst_hardware_y 17.010844900452287 48.630001068115234 30.059999465942383 AB 2.6902693156569772 1.0293084998049906
62779.3534 lsst_hardware_g 4.474473806988518 13.399999618530273 31.40999984741211 AB 7.911496605052358 1.040986395401626
62779.3719 lsst_hardware_y -27.308662637856724 47.25 30.049999237060547 AB 7.828023315350988 1.0300030678093406
62784.3728 lsst_hardware_z -10.846740703436591 51.70000076293945 30.979999542236328 AB 3.0894507092766186 1.0298169030922062
62790.3508 lsst_hardware_z -38.370434731659635 53.400001525878906 30.979999542236328 AB 7.515489194201412 1.029013958107515
62790.3687 lsst_hardware_y -83.82429881440781 53.060001373291016 30.059999465942383 AB 7.579729229766109 1.0354231971904444
62795.324 lsst_hardware_i 49.333128196921855 31.280000686645508 31.260000228881836 AB 2.390439104574144 1.0314360956056858
62795.3421 lsst_hardware_r -43.564035264307144 25.049999237060547 31.530000686645508 AB 2.587798377758574 1.0296621417521856
62797.2677 lsst_hardware_u 1.9961109033431945 2.609999895095825 28.3700008392334 AB 4.027285088531313 1.1012286900394803
62797.2842 lsst_hardware_g -13.292166150466121 13.319999694824219 31.399999618530273 AB 3.8162156053740923 1.0672241264156543
62798.3507 lsst_hardware_r 28.172508740878882 22.09000015258789 31.489999771118164 AB 3.7101131069581053 1.0382779217232903
62800.3263 lsst_hardware_z -14.655869609080773 40.68000030517578 30.959999084472656 AB 1.380600407800967 1.0292746579029877
62800.3441 lsst_hardware_r -15.997599317361374 22.059999465942383 31.5 AB 2.481918347915772 1.0373744400901868
62802.3273 lsst_hardware_u 1.6080790505814613 2.7899999618530273 28.559999465942383 AB 2.9922525480917916 1.0309224971892479
62802.3445 lsst_hardware_g 17.554347216942404 13.460000038146973 31.43000030517578 AB 3.4747251553659506 1.0425217987896642
62808.303 lsst_hardware_i -6.293523617318464 29.899999618530273 31.260000228881836 AB 4.939691440423595 1.0291023834215824
62808.3216 lsst_hardware_r 12.434499326382154 22.09000015258789 31.5 AB 4.976987023040886 1.0368722964668513
62816.1692 lsst_hardware_z 33.129736865945546 76.7300033569336 30.969999313354492 AB 0.9915705873930082 1.276974355946699
62816.195 lsst_hardware_r -267.60743248412683 107.76000213623047 31.6299991607666 AB 0.8187670030258093 1.1630213111162064
62818.2753 lsst_hardware_i 119.78274495562788 65.70999908447266 31.329999923706055 AB 4.635943074144152 1.0290661651818318
62818.2941 lsst_hardware_z -78.4834593744597 61.650001525878906 30.979999542236328 AB 4.170215230796462 1.0367222450705131
62820.2409 lsst_hardware_i -41.698210306096904 50.650001525878906 31.309999465942383 AB 7.633207504318858 1.041507368579283
62820.2588 lsst_hardware_z -115.55762905347662 51.38999938964844 30.969999313354492 AB 4.708604894850582 1.0303292986543944
62821.2781 lsst_hardware_z -166.86400433750006 67.25 31.709999084472656 AB 6.035881555269155 1.0320282215106968
62832.2528 lsst_hardware_i -8.588186756778116 30.1299991607666 31.25 AB 4.525814055642999 1.0346097321112526
62832.2724 lsst_hardware_z 54.492455413822825 41.06999969482422 30.940000534057617 AB 4.6265884668138195 1.0539926265166746
62834.189 lsst_hardware_z 39.748238003388366 41.31179699062697 30.950000762939453 AB 4.620930855037469 1.057986153179508
62834.208 lsst_hardware_i -86.62756627956242 30.29284997818318 31.25 AB 4.485623142942073 1.0369784564095106
62837.2273 lsst_hardware_z -59.4653648957766 40.839319940162326 30.950000762939453 AB 6.486630446067799 1.029623880328222
62837.2464 lsst_hardware_g -13.694892757147525 14.106514481476859 31.40999984741211 AB 6.5527891764179 1.0401252660980793
62839.229 lsst_hardware_r -56.752012892681726 34.01603613033703 31.59000015258789 AB 4.485521504803359 1.0320440620772755
62839.247 lsst_hardware_i 4.441331046272433 34.789562890415816 31.280000686645508 AB 4.530097028975662 1.0462117849827568
62843.1739 lsst_hardware_z 207.25021179486518 68.48728298321713 30.989999771118164 AB 4.687326210087087 1.0458112918533604
62843.1923 lsst_hardware_r 218.2916780104712 97.16599462388643 31.65999984741211 AB 4.606027700251925 1.0317006832235647
62850.1953 lsst_hardware_z 673.5473631415508 53.189228749731576 30.959999084472656 AB 8.220156686921845 1.0305768695363506
62850.2128 lsst_hardware_i 818.4677522654517 52.89714721971833 31.299999237060547 AB 8.41121679037653 1.0418777901521996
62852.1695 lsst_hardware_u 47.31075468086433 7.819791378234985 28.610000610351562 AB 8.751290169620557 1.0309786180585774
62852.1891 lsst_hardware_g 987.4699171100629 37.82343826898535 31.600000381469727 AB 8.823989129465533 1.0303383239621133
62854.1692 lsst_hardware_r 2284.1091624773217 53.333961959726096 31.510000228881836 AB 5.246386448933641 1.0295106846417765
62854.1894 lsst_hardware_i 1460.2625790214863 47.86185499684445 31.260000228881836 AB 5.426498801679894 1.0327008630448924
62856.1532 lsst_hardware_z 1257.8408610190822 53.28961599962782 30.950000762939453 AB 4.2818008133026595 1.0335024893320444
62856.1733 lsst_hardware_u 7.464201274901444 4.392597899341724 28.510000228881836 AB 4.872447193518495 1.0292452880267204
62859.1586 lsst_hardware_g 1400.275138884322 39.72347250103498 31.440000534057617 AB 6.385691594545511 1.0290788597632377
62859.1787 lsst_hardware_r 3036.5679322431783 59.812059610645505 31.5 AB 6.760521016410111 1.034364628742619
62862.1337 lsst_hardware_r 3196.8575236293336 61.04441912350976 31.5 AB 5.012278428777517 1.0354342671646326
62862.1548 lsst_hardware_i 1982.7843693907828 53.92618540616746 31.25 AB 4.975865146296479 1.0290280521758821
62864.1321 lsst_hardware_z 1592.1523370334005 56.432711962798265 30.959999084472656 AB 7.373252881444055 1.0330904848773688
62864.1512 lsst_hardware_i 2097.8709190622812 54.35734623362385 31.260000228881836 AB 7.306953587353464 1.0292087921619997
62867.1188 lsst_hardware_z 1655.9538441007155 58.35711225350414 30.959999084472656 AB 7.179122583567431 1.0363043272534336
62867.1402 lsst_hardware_g 1173.3571366489984 45.062454169480944 31.649999618530273 AB 7.165477758394095 1.0289808252398838
62869.1207 lsst_hardware_r 3160.7682141390956 75.97038281442529 31.6299991607666 AB 4.392049835185821 1.0319665966132103
62869.1425 lsst_hardware_i 1951.7678451735626 64.56268964605046 31.309999465942383 AB 4.017052570267386 1.0302776533129996
62871.1301 lsst_hardware_z 3083.162476374167 97.1157812190512 31.729999542236328 AB 11.684496058566163 1.0290177066108466
62873.1184 lsst_hardware_z 1482.8289836158885 76.42984474538741 30.989999771118164 AB 9.035425165263296 1.0293164033830426
62873.1393 lsst_hardware_r 2669.4774207510814 111.90828104163009 31.65999984741211 AB 8.237422465046011 1.03366171264825
62875.1174 lsst_hardware_i 1944.1969087521666 90.20253039572329 31.34000015258789 AB 6.760036533699553 1.0289640448570438
62875.1388 lsst_hardware_z 1427.1565728765597 78.12678886448231 30.989999771118164 AB 6.6364978380848205 1.0369527872007531
62880.0874 lsst_hardware_z 965.0668904213452 50.47338427357815 30.950000762939453 AB 7.019859247881749 1.033649638934193
62880.1073 lsst_hardware_i 1455.09146692644 47.74263393840092 31.25 AB 7.06702285748566 1.0291780860416009
62882.0754 lsst_hardware_u 4.653450939537661 2.8471282842249335 28.440000534057617 AB 3.4783847470703786 1.0381688545203278
62882.0945 lsst_hardware_g 237.0047526169897 20.19934027176814 31.40999984741211 AB 3.8770596786896445 1.0292167981655493
62884.0721 lsst_hardware_r 933.7380028665569 38.26747929806271 31.510000228881836 AB 4.042367695642369 1.0365045373441972
62884.092 lsst_hardware_i 1193.2050911292804 45.57061785925735 31.260000228881836 AB 4.084001330161813 1.0289748879218477
62886.0711 lsst_hardware_z 779.5961698803851 48.807871592560474 30.950000762939453 AB 8.569839874802218 1.0336004673363144
62886.0908 lsst_hardware_u -4.957231289094283 3.793240084061854 28.5 AB 7.910400131828389 1.0291624825927324
62890.0718 lsst_hardware_i 906.9665449184199 41.24939639462581 31.25 AB 13.334864696735643 1.029341723826061
62890.0928 lsst_hardware_z 787.9538622237139 48.2267119871069 30.950000762939453 AB 13.409472140382778 1.0336114598736739
62892.0472 lsst_hardware_y 224.88840328813114 50.83403522003926 30.049999237060547 AB 12.370935365548073 1.0389050778670386
62892.0676 lsst_hardware_i 759.8038362968238 40.28229685259277 31.260000228881836 AB 12.284784267942841 1.0291637197383
62896.0448 lsst_hardware_y 358.767524107798 51.50446787825215 30.059999465942383 AB 11.600203185853614 1.0330422132114536
62896.0641 lsst_hardware_i 580.3544275081491 42.28882586308744 31.280000686645508 AB 11.40276394818201 1.0292386937417004
62898.0498 lsst_hardware_z 1241.5047891448596 76.78105111849818 31.719999313354492 AB 8.359652069461337 1.0293659042577632
62907.0237 lsst_hardware_y 127.76626222531715 71.51239342084621 30.079999923706055 AB 2.574154697951731 1.0296618791806924
62907.0422 lsst_hardware_r 235.9729915440768 46.05233420544993 31.6299991607666 AB 2.681971129830744 1.031527357627209
63142.338 lsst_hardware_z 27.558625137422975 82.51000213623047 31.729999542236328 AB 3.1024822999407 1.0698214827381725
63146.3822 lsst_hardware_i 27.043506667391387 47.25 31.309999465942383 AB 4.013875166748709 1.0299470128081192
63148.3686 lsst_hardware_i 29.23160307880083 33.7400016784668 31.270000457763672 AB 2.979113785773749 1.0289956084647527
63150.3681 lsst_hardware_g 7.697948530228226 16.139999389648438 31.5 AB 4.456613427644107 1.0293004047909895
63152.3548 lsst_hardware_i 46.29875020940825 29.739999771118164 31.25 AB 5.6164047737054945 1.0292110635340836
63152.3723 lsst_hardware_y 53.28676727704722 49.189998626708984 30.049999237060547 AB 5.636340041154795 1.0323597364591088
63154.3492 lsst_hardware_u 4.460202764769678 2.5999999046325684 28.389999389648438 AB 6.019271953471137 1.0292286041842924
63154.3678 lsst_hardware_z -39.08058909317112 41.5 30.950000762939453 AB 6.038859695783 1.0328427973745902
63156.352 lsst_hardware_r -18.536308605140874 21.979999542236328 31.489999771118164 AB 5.019416637282962 1.0293423960522636
63156.37 lsst_hardware_y -106.92606311474292 49.65999984741211 30.049999237060547 AB 5.084205226289855 1.037875318377058
63158.3217 lsst_hardware_i -20.22144631738609 29.850000381469727 31.25 AB 3.937573959276789 1.036203673493892
63158.3397 lsst_hardware_z 31.50007254675296 40.54999923706055 30.950000762939453 AB 3.9156433446373162 1.0290784085775373
63160.3248 lsst_hardware_i 36.91905410988002 29.719999313354492 31.25 AB 2.3940334536382224 1.031392311469041
63160.3428 lsst_hardware_u 1.1422336561882567 2.569999933242798 28.3799991607666 AB 2.6015329699789675 1.0296644229607708
63162.3267 lsst_hardware_g -2.8223701790412696 13.3100004196167 31.40999984741211 AB 3.268607063534993 1.029320441988661
63162.3451 lsst_hardware_r 16.797933747666754 22.09000015258789 31.5 AB 3.386984690877597 1.032407444892582
63164.3189 lsst_hardware_i 0.18943401702417603 29.920000076293945 31.25 AB 3.885334882926124 1.0297733588460722
63164.3375 lsst_hardware_r 30.092882227212154 21.90999984741211 31.489999771118164 AB 3.816326316891521 1.0314395451058165
63167.32 lsst_hardware_z 1.72220355696337 50.880001068115234 30.969999313354492 AB 2.8883345873309425 1.029097833965894
63167.3373 lsst_hardware_g 74.88514235018542 43.88999938964844 31.700000762939453 AB 3.4562182652790443 1.0358813922609689
63169.3091 lsst_hardware_r 95.99147072848068 93.94999694824219 31.65999984741211 AB 4.609978368967347 1.0291278868104359
63169.3255 lsst_hardware_i -118.80551632064079 73.62999725341797 31.329999923706055 AB 4.623866768103123 1.0321707166925485
63171.3052 lsst_hardware_i -55.270691941342704 74.86000061035156 31.329999923706055 AB 5.624243817329313 1.0290133226803206
63171.3244 lsst_hardware_z -31.928399526264524 65.87999725341797 30.989999771118164 AB 5.670813281133563 1.0345682220506378
63180.2773 lsst_hardware_z -7.370939103112396 40.68000030517578 30.940000534057617 AB 9.784040894975611 1.029357274589866
63180.2951 lsst_hardware_i 17.885840860082826 30.309999465942383 31.25 AB 10.692862248331432 1.0319967425361902
63182.2787 lsst_hardware_u 1.0399446052191639 2.5799999237060547 28.3700008392334 AB 4.21916918224358 1.0290656542057512
63182.2966 lsst_hardware_g -15.387466510664524 13.34000015258789 31.389999389648438 AB 3.826325618814842 1.0360554949631775
63185.275 lsst_hardware_r 29.5053826146296 22.09000015258789 31.489999771118164 AB 4.633926727761392 1.0297614950580871
63185.2927 lsst_hardware_i -6.658120343084481 30.040000915527344 31.25 AB 5.440684679508269 1.039422660544069
63188.2696 lsst_hardware_i 29.363407981051957 30.059999465942383 31.25 AB 4.122193356438421 1.0305483391096053
63188.2894 lsst_hardware_z 0.620305697417063 40.939998626708984 30.950000762939453 AB 4.176326866121693 1.0440817165304233
63190.2686 lsst_hardware_r 19.679192298423473 22.170000076293945 31.489999771118164 AB 4.451683622186396 1.0323742094161128
63190.2891 lsst_hardware_g 14.140193536224164 13.550000190734863 31.40999984741211 AB 4.552478649684439 1.0499662463235302
63192.2532 lsst_hardware_r -21.655582614942716 22.40999984741211 31.5 AB 3.1179665035094395 1.0292583088169365
63192.2732 lsst_hardware_i -32.370910557660196 30.399999618530273 31.25 AB 3.1422039144373666 1.0390885960441028
63194.2528 lsst_hardware_z 25.21621858865989 44.540000915527344 30.959999084472656 AB 9.151513043306108 1.0304114069609138
63194.2726 lsst_hardware_i 36.23436881032311 33.029998779296875 31.270000457763672 AB 9.189657943726887 1.0436467985758882
63196.2611 lsst_hardware_z 18.71345708056787 76.48999786376953 31.729999542236328 AB 5.513413118229498 1.0381120538937108
63198.1072 lsst_hardware_r -166.90930058089762 199.47999572753906 32.7599983215332 AB 5.250652632739232 1.3776419361745154
63200.2332 lsst_hardware_i -152.58164265327287 82.41999816894531 31.34000015258789 AB 5.632447393805828 1.0295723971128958
63200.2531 lsst_hardware_z -8.85381153088226 73.38999938964844 31.0 AB 6.318905925496002 1.040620186174153
63203.2278 lsst_hardware_r -36.38018945091111 61.290000915527344 31.649999618530273 AB 6.490498223130534 1.0302767503362962
63203.2455 lsst_hardware_z -19.777546130556708 52.77000045776367 30.969999313354492 AB 6.567236665413997 1.0411649831116312
63205.2164 lsst_hardware_r 22.993309980773244 40.56999969482422 31.610000610351562 AB 2.693159707512151 1.0291019134551591
63205.235 lsst_hardware_i -25.291638365118832 39.9900016784668 31.290000915527344 AB 2.797612834947439 1.0369209914556852
63209.2196 lsst_hardware_u 1.7660233611056981 2.640000104904175 28.420000076293945 AB 5.622880587473863 1.033918681137287
63209.239 lsst_hardware_g -6.140037283448861 13.630000114440918 31.399999618530273 AB 5.772564964548833 1.052219700979539
63212.1759 lsst_hardware_r 10.311910248339865 22.399999618530273 31.489999771118164 AB 13.14541266991528 1.0350718637728566
63212.1949 lsst_hardware_i -25.720516647382095 30.18000030517578 31.25 AB 13.067971173981327 1.0289741081875061
63219.1454 lsst_hardware_r -47.30475528182555 22.56999969482422 31.5 AB 3.5970456985432806 1.0448934491043307
63219.1646 lsst_hardware_i 89.12235538821066 30.200000762939453 31.25 AB 3.488742781485802 1.0310285279608133
63221.1499 lsst_hardware_z 83.5480932054662 42.41999816894531 30.950000762939453 AB 4.283256627863585 1.0360419974271666
63221.1678 lsst_hardware_i 52.19960797887074 32.7599983215332 31.260000228881836 AB 5.055402919052284 1.0290547399344754
63227.1339 lsst_hardware_i -18.412841998443906 81.94000244140625 31.34000015258789 AB 4.988279121585676 1.0357722428541687
63227.1547 lsst_hardware_z -27.618853087518367 69.76000213623047 30.989999771118164 AB 5.031238113289792 1.028988263276366
