data/validation/pwv_sim_epoch_fit_epoch/8414144.ecsv
# %ECSV 0.9
# ---
# datatype:
# - {name: time, datatype: float64}
# - {name: band, datatype: string}
# - {name: flux, datatype: float64}
# - {name: fluxerr, datatype: float64}
# - {name: zp, datatype: float64}
# - {name: zpsys, datatype: string}
# - {name: pwv, datatype: float64}
# - {name: airmass, datatype: float64}
# meta: {SNID: '8414144', alt: 1024.0, c: 0.09115004539489746, dec: -2.985506, lat: -30.244573, lon: -70.7499537, ra: 314.121094, t0: 63157.609375,
#   x0: 0.00010087880569894585, x1: -0.5888369083404541, z: 0.16823935508728027}
# schema: astropy-2.0
time band flux fluxerr zp zpsys pwv airmass
63001.3923 lsst_hardware_z -22.182456021242835 44.880001068115234 30.940000534057617 AB 8.74313480156904 1.1471671982639953
63001.413 lsst_hardware_y -18.818931060254847 48.9900016784668 30.020000457763672 AB 8.583596526539692 1.1284183819028746
63003.3995 lsst_hardware_u -0.5657099537228775 2.9200000762939453 28.459999084472656 AB 8.248148376184073 1.1334025800912522
63003.419 lsst_hardware_y 5.829971923750262 49.279998779296875 30.010000228881836 AB 7.545639124721289 1.1262147947345207
63004.377 lsst_hardware_i 16.817972215611892 32.58000183105469 31.239999771118164 AB 9.253341960996806 1.158212027828372
63004.3921 lsst_hardware_y 17.325955100710072 48.5099983215332 30.010000228881836 AB 8.994055639736928 1.1376240374065845
63008.4229 lsst_hardware_r 28.058159121729183 25.1200008392334 31.5 AB 4.438467177484763 1.1339494598640332
63012.3591 lsst_hardware_u 5.515887609321962 2.759999990463257 28.399999618530273 AB 6.58882667960767 1.1517920950279992
63012.3814 lsst_hardware_g -8.15577169432338 15.390000343322754 31.440000534057617 AB 6.201413454695511 1.1291721512555981
63014.3692 lsst_hardware_r 16.543168104434486 24.559999465942383 31.5 AB 10.347159091762263 1.13362466083396
63014.3906 lsst_hardware_i -30.792913125274698 32.290000915527344 31.25 AB 10.47937993612314 1.1263709579867944
63016.3766 lsst_hardware_z -7.8448978233008955 42.90999984741211 30.950000762939453 AB 14.544638480229667 1.1268653187683586
63016.396 lsst_hardware_r -34.86784158825341 24.479999542236328 31.510000228881836 AB 14.594294511873608 1.1303329986348345
63018.3651 lsst_hardware_u 5.085731415949069 2.7200000286102295 28.389999389648438 AB 7.543741734464864 1.1291336228805364
63018.385 lsst_hardware_r -15.725831711860762 24.290000915527344 31.5 AB 6.993048735045945 1.127668576926351
63021.3699 lsst_hardware_i -123.68718404663157 60.599998474121094 31.309999465942383 AB 13.552444453738547 1.1262263226607843
63021.3903 lsst_hardware_z -2.529844843363667 56.130001068115234 30.959999084472656 AB 13.271097099959228 1.136540313011688
63033.3154 lsst_hardware_u 3.0777418716781675 2.700000047683716 28.3799991607666 AB 7.361348713343906 1.1352806138044746
63033.3371 lsst_hardware_g 23.288640547490985 14.90999984741211 31.43000030517578 AB 7.4767609523249074 1.1262302319449795
63034.3842 lsst_hardware_r -26.013002592953683 24.209999084472656 31.479999542236328 AB 4.386263745269593 1.1854766879107008
63043.308 lsst_hardware_r -17.9385666932351 23.90999984741211 31.489999771118164 AB 6.208568548458846 1.126202838551071
63043.3259 lsst_hardware_u -0.029784664085080285 2.740000009536743 28.40999984741211 AB 6.279389775975792 1.1328163401140758
63045.2885 lsst_hardware_g -22.830446674740436 14.739999771118164 31.420000076293945 AB 6.531857725079688 1.1307965361670647
63045.3076 lsst_hardware_i -40.877271586292316 31.889999389648438 31.25 AB 6.1057094344847 1.1266532355427543
63047.2893 lsst_hardware_z -86.46134860007567 44.66999816894531 30.940000534057617 AB 3.929511778500183 1.1276848341983068
63047.3083 lsst_hardware_r -7.644928044409287 23.8799991607666 31.489999771118164 AB 3.9671235018739996 1.1287071632047798
63049.3005 lsst_hardware_y 87.73323540304833 72.58000183105469 30.780000686645508 AB 8.871032549643676 1.1277333608318674
63062.2147 lsst_hardware_r -10.589812603642626 24.299999237060547 31.5 AB 6.745100599093449 1.1654601467116112
63062.2415 lsst_hardware_u 0.45867678586795885 2.7699999809265137 28.43000030517578 AB 6.45953647995392 1.1311847903604093
63065.2556 lsst_hardware_z -12.716384294644053 42.83000183105469 30.940000534057617 AB 2.115525784446413 1.127328452122961
63065.2779 lsst_hardware_r -22.886840378109717 24.149999618530273 31.489999771118164 AB 2.158027875097546 1.1453487174334611
63069.2248 lsst_hardware_g 1.2807924454032777 21.399999618530273 32.189998626708984 AB 5.689842635984563 1.1297215598102976
63069.2457 lsst_hardware_r 1.8127051154558647 34.34000015258789 32.25 AB 5.701507246466485 1.127671528177776
63072.2129 lsst_hardware_i 27.77692530873992 32.11000061035156 31.25 AB 6.169290229904124 1.1320837195897098
63072.2349 lsst_hardware_z -7.636538069488367 42.84000015258789 30.950000762939453 AB 6.120419263066319 1.126889622658931
63073.1984 lsst_hardware_r 27.832363713434198 24.479999542236328 31.5 AB 12.287968498025062 1.1436785720757672
63073.2176 lsst_hardware_u 3.4080018146027644 2.7899999618530273 28.440000534057617 AB 11.424394242186848 1.1279638876603766
63077.1778 lsst_hardware_z 73.74830287172448 51.439998626708984 30.959999084472656 AB 5.585662327082591 1.1580702487083587
63077.196 lsst_hardware_i 41.834713114110386 48.56999969482422 31.299999237060547 AB 5.520675974283444 1.1346574810981587
63083.0788 lsst_hardware_z 84.79212097674278 86.48999786376953 30.93000030517578 AB 3.3789706001488757 1.535895727340398
63083.0939 lsst_hardware_r 167.32363694130757 112.56999969482422 31.56999969482422 AB 3.32925360871775 1.4191191853018088
63085.1739 lsst_hardware_i 51.88534461252934 70.27999877929688 32.040000915527344 AB 3.208695104463818 1.1348839086761913
63085.1957 lsst_hardware_z 31.268661996441043 73.37999725341797 31.709999084472656 AB 3.1701366519987864 1.1262920364751727
63094.1719 lsst_hardware_u -1.6641623776744252 2.7100000381469727 28.3700008392334 AB 5.501197146843055 1.1263712421873577
63094.195 lsst_hardware_g 9.541730157862528 15.220000267028809 31.43000030517578 AB 5.585275807949907 1.1407834575061084
63099.1392 lsst_hardware_g 11.823503133776812 21.270000457763672 32.15999984741211 AB 1.9807591703037482 1.1320780169387015
63099.1609 lsst_hardware_r -77.12574749062763 34.41999816894531 32.2400016784668 AB 1.9781522872249597 1.126831265864403
63100.093 lsst_hardware_i -17.84773344691744 32.810001373291016 31.239999771118164 AB 3.358851616382107 1.208763514667425
63100.1196 lsst_hardware_z -65.6837429105236 43.29999923706055 30.940000534057617 AB 3.178457494192016 1.1506769822398466
63102.1205 lsst_hardware_r 13.633526729202378 25.850000381469727 31.510000228881836 AB 3.275498865143675 1.1421178666780214
63102.1381 lsst_hardware_z 30.680086073757543 43.11000061035156 30.940000534057617 AB 3.129630378168209 1.128099622661335
63108.1086 lsst_hardware_z -34.382063535109474 87.7699966430664 30.989999771118164 AB 3.531360712781304 1.137222675398536
63108.126 lsst_hardware_i 47.2869173945393 101.5 31.329999923706055 AB 4.633079454686746 1.1267673271501146
63110.1145 lsst_hardware_z 249.79325623994296 97.4800033569336 30.989999771118164 AB 1.2357477745543446 1.1288804274247972
63110.1313 lsst_hardware_r -23.655247632223723 147.5500030517578 31.639999389648438 AB 1.465019547727332 1.1269381136364092
63113.0944 lsst_hardware_r 59.47616976983919 57.38999938964844 31.6200008392334 AB 1.0444746549817923 1.1377719553178565
63113.114 lsst_hardware_y -55.29161198342488 51.29999923706055 30.030000686645508 AB 1.0709883469311594 1.126466838739058
63115.0913 lsst_hardware_g -0.35797688857647303 15.020000457763672 31.43000030517578 AB 1.487131625220863 1.135503913378019
63115.1106 lsst_hardware_r 7.495820594282829 24.15999984741211 31.5 AB 1.4908844366024157 1.1262583090480949
63121.0576 lsst_hardware_z 71.00187642396695 43.06999969482422 30.93000030517578 AB 3.317823152954765 1.1581882079199786
63121.0737 lsst_hardware_r -14.995633875480681 23.84000015258789 31.479999542236328 AB 3.2580916956004065 1.136642740564726
63123.0602 lsst_hardware_u -0.3235139503531918 2.6600000858306885 28.34000015258789 AB 1.354605596404977 1.14586685160458
63123.078 lsst_hardware_g -7.017129370177052 14.84000015258789 31.420000076293945 AB 1.3415250157592278 1.1293882551644128
63125.0606 lsst_hardware_r 21.379055394509667 23.899999618530273 31.489999771118164 AB 3.0150977694074546 1.1388471272549403
63125.079 lsst_hardware_z 27.507781594178628 42.7599983215332 30.940000534057617 AB 2.970329517675892 1.1269033895702785
63128.0616 lsst_hardware_r 30.40846352625301 24.020000457763672 31.5 AB 6.289307269256643 1.1310008576515322
63128.0807 lsst_hardware_u 8.033403639856942 2.809999942779541 28.469999313354492 AB 6.2321035699384595 1.1266231220135812
63135.0291 lsst_hardware_z 60.864769949616836 63.355404262160064 30.969999313354492 AB 3.8232287655404242 1.1437090588446686
63135.0483 lsst_hardware_r -84.47604288705325 76.70003043792094 31.6299991607666 AB 3.285529662949944 1.1279820317397458
63136.0407 lsst_hardware_z 42.62547003250536 107.90797241003803 31.729999542236328 AB 3.5204729416459073 1.1304098068005695
63142.0315 lsst_hardware_g 2773.5121985819005 53.65498400590601 31.43000030517578 AB 2.277774474905539 1.1271926140816722
63142.0512 lsst_hardware_r 4292.4062292579965 79.11596002517084 31.600000381469727 AB 3.2535929416470535 1.1299159373665753
63145.9974 lsst_hardware_y 2072.451594438816 65.84733215505226 30.010000228881836 AB 6.9730644041689684 1.1458647428964324
63146.0166 lsst_hardware_r 10621.739563972213 106.13603107002092 31.489999771118164 AB 4.383472931215167 1.1286944291173462
63149.9996 lsst_hardware_y 3895.997371384463 77.64956778657364 30.020000457763672 AB 2.5387847661408665 1.1323329192977463
63150.0181 lsst_hardware_z 10028.559063272682 107.13439973849383 30.940000534057617 AB 3.836522315093701 1.1262909233075353
63151.9958 lsst_hardware_y 4284.410733084847 82.9990926876366 30.030000686645508 AB 5.5816919790395465 1.131175649747258
63152.0144 lsst_hardware_u 410.82276566060807 20.56394545444709 28.40999984741211 AB 6.4953595680866325 1.1264931613053473
63153.9967 lsst_hardware_z 11397.599778361777 117.1524973293355 30.959999084472656 AB 7.585510822313465 1.1278731428613211
63154.0144 lsst_hardware_r 26517.06523863642 164.27597751304432 31.5 AB 7.638302266527184 1.1279796603288974
63155.9977 lsst_hardware_y 4416.269702564954 85.06723764009196 30.030000686645508 AB 7.361334333937116 1.1263325853935506
63156.0164 lsst_hardware_z 10927.853620933083 110.92101834412097 30.940000534057617 AB 7.975444731513922 1.1321252103029464
63157.9983 lsst_hardware_y 4344.877671147898 85.842293811192 30.030000686645508 AB 5.754919774608984 1.126538078615879
63158.0151 lsst_hardware_u 361.3752675689796 18.78107898077067 28.420000076293945 AB 4.6124512490879725 1.135512370528797
