data/validation/pwv_sim_epoch_fit_epoch/8528804.ecsv
# %ECSV 0.9
# ---
# datatype:
# - {name: time, datatype: float64}
# - {name: band, datatype: string}
# - {name: flux, datatype: float64}
# - {name: fluxerr, datatype: float64}
# - {name: zp, datatype: float64}
# - {name: zpsys, datatype: string}
# - {name: pwv, datatype: float64}
# - {name: airmass, datatype: float64}
# meta: {SNID: '8528804', alt: 1024.0, c: 0.04135024547576904, dec: -20.582914, lat: -30.244573, lon: -70.7499537, ra: 325.898438, t0: 62792.20703125,
#   x0: 4.5013739607582e-06, x1: -0.012652222998440266, z: 0.6406320929527283}
# schema: astropy-2.0
time band flux fluxerr zp zpsys pwv airmass
62643.4323 lsst_hardware_r -113.26298093457656 74.93000030517578 31.65999984741211 AB 3.954484993528154 1.0150549716007422
62645.4079 lsst_hardware_z 101.2104931145571 47.31999969482422 30.959999084472656 AB 6.790575683805559 1.0233963152525207
62645.4273 lsst_hardware_y 11.399467700997128 51.77000045776367 30.059999465942383 AB 6.212317516027849 1.015001636472159
62647.4177 lsst_hardware_u 2.959588474062212 5.760000228881836 29.549999237060547 AB 5.145381711338053 1.0157363383571862
62647.4369 lsst_hardware_y 83.3290301892297 71.19000244140625 30.079999923706055 AB 5.168329699751434 1.0171207753380787
62653.3988 lsst_hardware_z -25.770127181115345 58.47999954223633 31.700000762939453 AB 6.321044079717531 1.0164629201947144
62656.3818 lsst_hardware_r 0.38178815143634476 24.649999618530273 31.520000457763672 AB 11.88802033085613 1.0206718608131644
62656.4016 lsst_hardware_g 7.975606799518506 15.800000190734863 31.479999542236328 AB 11.793991847909645 1.0148424771251254
62673.3234 lsst_hardware_i -107.33303979987144 71.80999755859375 32.06999969482422 AB 3.046117812708308 1.030660738524212
62673.3528 lsst_hardware_z 96.52523746007306 73.97000122070312 31.729999542236328 AB 3.372621444186225 1.014856373786572
62677.3454 lsst_hardware_r -0.5496435957187731 24.920000076293945 31.520000457763672 AB 3.670066390151409 1.0149052099787275
62677.367 lsst_hardware_u -4.518687472770848 3.059999942779541 28.479999542236328 AB 3.7108576132981894 1.0242499622683237
62679.3056 lsst_hardware_g 2.2620034935815116 15.0 31.440000534057617 AB 7.060609317760102 1.03217737267165
62679.3254 lsst_hardware_r 22.422015760354377 23.790000915527344 31.510000228881836 AB 6.91703963950575 1.017361323651429
62683.3003 lsst_hardware_z -9.655138901067383 41.33000183105469 30.950000762939453 AB 9.012200664705892 1.026592699952277
62683.3225 lsst_hardware_r 39.292063145730566 23.93000030517578 31.510000228881836 AB 8.833745621179892 1.015139694458751
62687.3014 lsst_hardware_u 2.8416080282050915 2.8299999237060547 28.510000228881836 AB 4.501005574439232 1.0183270530405504
62687.3231 lsst_hardware_r 29.361287443905663 23.920000076293945 31.520000457763672 AB 4.498196458520465 1.015680826084179
62689.3043 lsst_hardware_i -25.20082798980382 31.149999618530273 31.260000228881836 AB 1.508206768437576 1.0154565012203844
62689.3248 lsst_hardware_z 51.85367802723581 41.31999969482422 30.959999084472656 AB 1.505805184549471 1.0182386010702706
62696.2865 lsst_hardware_r 4.794736477924699 107.56999969482422 31.670000076293945 AB 6.347904568200857 1.0152180349766968
62703.2217 lsst_hardware_z 82.02216845569701 65.0199966430664 31.709999084472656 AB 5.849679710130635 1.0585420351896677
62703.24 lsst_hardware_r 2.6595767445939598 39.59000015258789 31.600000381469727 AB 5.876670168915777 1.0322624572133807
62705.1091 lsst_hardware_u 2.221938183131265 2.380000114440918 27.979999542236328 AB 10.39385403601923 1.6188543004468856
62705.1241 lsst_hardware_r 14.268319730823794 25.34000015258789 31.43000030517578 AB 9.449713409828304 1.4711159663467428
62708.2278 lsst_hardware_i -3.1596265132708985 31.420000076293945 31.25 AB 10.491678501650757 1.0307095597983535
62708.2523 lsst_hardware_z 61.310007804805394 41.27000045776367 30.940000534057617 AB 10.699136962373272 1.0154837663604093
62712.2157 lsst_hardware_g 41.475181224887756 15.460000038146973 31.459999084472656 AB 4.643847092520002 1.0319660205600005
62712.2377 lsst_hardware_r 15.862165673467045 24.219999313354492 31.520000457763672 AB 4.574138892057857 1.0164753093461905
62717.1938 lsst_hardware_r 10.859544917774913 34.61000061035156 32.27000045776367 AB 1.269356782080161 1.042164845714418
62717.2125 lsst_hardware_i 19.705322722275305 44.36000061035156 32.0 AB 1.6360572288478243 1.02253576802989
62721.1788 lsst_hardware_z -2.8267766320801626 45.84000015258789 30.959999084472656 AB 3.448740778965798 1.0481432820278993
62721.1991 lsst_hardware_r -5.8647089761806255 40.81999969482422 31.610000610351562 AB 3.3725879098595724 1.0244280594926054
62724.1738 lsst_hardware_z 74.28093148299669 67.72000122070312 30.989999771118164 AB 7.7574275697443635 1.0434129622145396
62724.1953 lsst_hardware_r 2.063345457189832 94.06999969482422 31.65999984741211 AB 7.4738884282781015 1.0212206499359888
62730.1547 lsst_hardware_g 63.738838170663634 61.90999984741211 31.719999313354492 AB 4.489233154792935 1.0474179082578012
62730.1732 lsst_hardware_i -36.88596864229299 53.58000183105469 31.329999923706055 AB 4.526682613066834 1.0255284578764914
62732.1866 lsst_hardware_z -53.57125759582641 44.65999984741211 30.959999084472656 AB 2.4452043111021373 1.0155205832776926
62732.2068 lsst_hardware_r 10.516955991445212 39.43000030517578 31.6200008392334 AB 2.459137276129829 1.017960168117491
62739.1412 lsst_hardware_z -48.87349897949216 41.810001373291016 30.959999084472656 AB 2.2321099286189696 1.0328263724619278
62739.1611 lsst_hardware_r 0.07224254417199291 24.6299991607666 31.540000915527344 AB 2.233050894775537 1.0175670516179254
62741.1446 lsst_hardware_u -0.16104920291772673 2.859999895095825 28.520000457763672 AB 3.9949344606948456 1.0243421694089347
62741.1637 lsst_hardware_r -10.838791512778023 24.260000228881836 31.520000457763672 AB 3.9593141499825206 1.0152087564057746
62743.1267 lsst_hardware_g 2.528076992883631 15.510000228881836 31.459999084472656 AB 4.277989235011951 1.0370463985322493
62743.1457 lsst_hardware_i 2.6501302772386586 31.5 31.260000228881836 AB 4.1962054751268605 1.0198166255168974
62745.123 lsst_hardware_z -28.85977014565273 41.5 30.940000534057617 AB 1.058714590197882 1.03491162287183
62745.1416 lsst_hardware_r 15.237672504054258 24.079999923706055 31.510000228881836 AB 1.324779826349454 1.0190614048841953
62746.067 lsst_hardware_u 4.4653986317438505 4.059999942779541 29.170000076293945 AB 1.8228886874676278 1.156655258545449
62746.0854 lsst_hardware_g 22.446229753686954 22.469999313354492 32.209999084472656 AB 3.208668560160401 1.0999263761048053
62750.1272 lsst_hardware_z 78.45045206700316 46.779998779296875 30.969999313354492 AB 0.619327202114939 1.0194686454566897
62750.1454 lsst_hardware_r -32.18097958000189 45.22999954223633 31.6299991607666 AB 0.6581402816230684 1.014865507514369
62752.1027 lsst_hardware_r -36.85501965678928 86.58999633789062 31.65999984741211 AB 2.4027502268526324 1.0363382475102083
62752.1243 lsst_hardware_z -9.45801479259979 64.94999694824219 30.989999771118164 AB 2.374501099679266 1.0181524046362893
62754.0997 lsst_hardware_z -86.78800096328571 92.31999969482422 31.0 AB 3.6203034706424737 1.0334374053882127
62754.1179 lsst_hardware_i 152.78455678045103 107.72000122070312 31.350000381469727 AB 3.5822791534215908 1.018609303849559
62756.1005 lsst_hardware_z -5.194911304699508 78.05999755859375 31.0 AB 3.040796055823755 1.0270357361559588
62756.1191 lsst_hardware_r 72.79197895135785 119.37000274658203 31.670000076293945 AB 3.01499844943967 1.0160062171658535
62759.0837 lsst_hardware_u 3.119914985155973 7.150000095367432 29.139999389648438 AB 1.0771294532950173 1.0361995702695834
62759.101 lsst_hardware_g 25.221985543767254 47.439998626708984 31.719999313354492 AB 1.0445688030530003 1.0204188893388584
62761.0873 lsst_hardware_r 9.28663819369989 24.070704531985076 31.520000457763672 AB 1.1173119614772662 1.0266266108510296
62761.1045 lsst_hardware_i 27.107388505944233 31.248057495968546 31.270000457763672 AB 1.087425850171269 1.016285841280577
62763.096 lsst_hardware_z 38.62735034774903 41.39820734803223 30.950000762939453 AB 5.642419470176267 1.0173854075326842
62763.1153 lsst_hardware_r 18.68586835897524 23.922018375181455 31.520000457763672 AB 5.689798703674352 1.0156123110028155
62766.0732 lsst_hardware_r 18.584025075683527 24.227055502840287 31.520000457763672 AB 2.6107127653315967 1.027030985574979
62766.0924 lsst_hardware_u 0.593422593635173 2.884060344156655 28.530000686645508 AB 3.3317950736439865 1.0158427990173615
62770.0961 lsst_hardware_u 3.9973649254665116 3.1050947183036164 28.399999618530273 AB 3.8485866917768954 1.0155922131617008
62770.1256 lsst_hardware_g 29.720216979019074 16.30981894212245 31.440000534057617 AB 3.0062745085934055 1.0370039698493982
62773.0613 lsst_hardware_r 392.0137088112611 31.251398898240964 31.520000457763672 AB 3.463081018113839 1.021356965625395
62773.079 lsst_hardware_i 373.5726459848305 36.81587758915674 31.260000228881836 AB 3.432481734667792 1.014901584723784
62775.0604 lsst_hardware_z 503.06983094521496 45.95785095942035 30.950000762939453 AB 5.841501043354515 1.0186887827741407
62775.0778 lsst_hardware_r 584.2022745509877 33.9846250246328 31.520000457763672 AB 5.836881269854142 1.014903863538553
62778.0487 lsst_hardware_g 251.78838386001073 36.28007039526921 31.68000030517578 AB 2.3717163416384963 1.0206783854420824
62778.0685 lsst_hardware_i 745.9285068403732 47.316023273706 31.290000915527344 AB 2.386239695101667 1.0148453480727249
62782.0465 lsst_hardware_y 763.5750101052815 85.09735844592772 30.81999969482422 AB 5.353381451321214 1.0164970001550928
62784.0246 lsst_hardware_r 1386.7006438921353 104.6000554276865 31.670000076293945 AB 2.463681969066211 1.026534153777588
62784.0426 lsst_hardware_i 1212.5242869233966 87.05739715024126 31.350000381469727 AB 2.4756957767773056 1.016017418650057
62786.0251 lsst_hardware_z 945.1423540181964 67.44492035976126 30.989999771118164 AB 6.224990079537406 1.021830282261557
62786.043 lsst_hardware_r 1897.4260046051445 92.586924561455 31.65999984741211 AB 5.415128664375885 1.0149401635689859
62788.0247 lsst_hardware_u 1.4862403935291297 3.0693185867408297 28.549999237060547 AB 7.351430953106644 1.018791678453398
62788.0425 lsst_hardware_r 1480.9505228005905 45.25845226197053 31.520000457763672 AB 7.307407238741731 1.0149176720474626
62790.0274 lsst_hardware_i 1408.6488741784015 48.47094575919857 31.270000457763672 AB 7.933439138535574 1.0157077282636846
62790.0463 lsst_hardware_z 1021.1909924447048 51.93901691728068 30.950000762939453 AB 8.40090832718998 1.017059119514525
62792.0084 lsst_hardware_y 515.7812714836307 51.77003007450022 30.059999465942383 AB 5.373422805344575 1.0220490357288778
62792.0264 lsst_hardware_r 1463.4228920034002 45.12673748844278 31.520000457763672 AB 5.32515377359054 1.0149594231748171
62797.9968 lsst_hardware_y 541.7354322415366 79.36061178718884 30.079999923706055 AB 3.7245659898513748 1.0191028086329776
62798.0145 lsst_hardware_r 1328.2643156255003 43.05780243987104 31.530000686645508 AB 2.913694965619559 1.0148711130684636
62799.998 lsst_hardware_y 516.8611747095721 80.33168805479549 30.079999923706055 AB 3.6154379947764 1.0162861545400983
62800.0169 lsst_hardware_r 1182.8385626551799 42.02218154148466 31.530000686645508 AB 3.999236903118017 1.016324498886061
62801.9986 lsst_hardware_y 384.4423848747586 74.49033822284608 30.079999923706055 AB 4.251873031282163 1.0150090788451094
62802.0173 lsst_hardware_z 1013.7453131890682 52.39474785329194 30.959999084472656 AB 3.623686511012735 1.0187479648616067
63014.3988 lsst_hardware_i 48.98773592059067 31.690000534057617 31.270000457763672 AB 9.574082566676715 1.0225807355465018
63014.4195 lsst_hardware_z 82.84115090308325 41.65999984741211 30.959999084472656 AB 8.908021438550001 1.0148507316162232
63016.4029 lsst_hardware_r -63.77261577744367 24.84000015258789 31.540000915527344 AB 13.138346523777614 1.0172279391272427
63016.4214 lsst_hardware_y -35.989037286148225 47.630001068115234 30.059999465942383 AB 12.913567414831194 1.0155369152902793
63021.4039 lsst_hardware_z -23.564457406822665 51.790000915527344 30.969999313354492 AB 11.857719645226275 1.0149550325452603
63021.4233 lsst_hardware_y 49.97815412893382 49.83000183105469 30.059999465942383 AB 11.448145222109849 1.022932155842367
63033.3515 lsst_hardware_g -6.026277092374005 21.739999771118164 32.220001220703125 AB 6.781353819994824 1.0196374574288112
63033.3718 lsst_hardware_r 37.938526756881394 34.36000061035156 32.279998779296875 AB 6.745072680055841 1.0150216590881733
63037.3627 lsst_hardware_z -37.81865359950497 41.34000015258789 30.950000762939453 AB 3.7565224899130887 1.015276348625159
63037.3816 lsst_hardware_r -10.083968708624072 24.229999542236328 31.520000457763672 AB 3.9006542871935386 1.0244659979497286
63043.3322 lsst_hardware_u 2.4427438628396385 2.859999895095825 28.530000686645508 AB 5.594756044370336 1.0161813969311209
63043.3514 lsst_hardware_r -3.120853982540473 24.06999969482422 31.520000457763672 AB 5.543685422334792 1.0165682314794657
63045.3189 lsst_hardware_i -42.73413466194116 31.260000228881836 31.270000457763672 AB 5.533085336502954 1.0195476942146589
63045.3384 lsst_hardware_z -33.842951049047166 41.2599983215332 30.959999084472656 AB 5.110575976403466 1.014959729189936
63049.3205 lsst_hardware_y 60.70630101702131 49.400001525878906 30.059999465942383 AB 7.98711658364473 1.0151501244901087
63049.341 lsst_hardware_r 3.2921560860580112 51.130001068115234 31.639999389648438 AB 7.055198021714489 1.0191936276372835
63062.2582 lsst_hardware_u -1.9527830204102745 2.859999895095825 28.520000457763672 AB 5.522426191847442 1.0310728513531446
63062.2815 lsst_hardware_r 7.840792671690214 24.06999969482422 31.520000457763672 AB 5.433052145543464 1.0158560548858906
63065.292 lsst_hardware_r -10.115035798368414 24.030000686645508 31.520000457763672 AB 1.830243927555046 1.0168021819750255
63065.3142 lsst_hardware_u -0.40051692926881677 2.809999942779541 28.479999542236328 AB 1.8597642045708678 1.0332023358727043
63067.2697 lsst_hardware_u -2.7799005179425365 2.799999952316284 28.479999542236328 AB 2.8489679917867545 1.0154335244576767
63067.2851 lsst_hardware_g 16.463694057528922 15.380000114440918 31.469999313354492 AB 2.883631038058538 1.016317330142812
63069.272 lsst_hardware_r -10.27247156163337 24.1299991607666 31.530000686645508 AB 4.996675737537052 1.0148968999736732
63069.2933 lsst_hardware_i -57.684218236117275 31.270000457763672 31.260000228881836 AB 4.992214313800277 1.0237289682764845
63072.2585 lsst_hardware_z -19.77225590322423 41.45000076293945 30.959999084472656 AB 6.0435994038272325 1.015048606621974
63072.278 lsst_hardware_r 19.771550836559484 24.209999084472656 31.520000457763672 AB 6.089710795550221 1.01908475409442
63073.2247 lsst_hardware_u -0.25740521444412984 2.9100000858306885 28.549999237060547 AB 10.372461897094855 1.0349520460075021
63073.2438 lsst_hardware_r -25.10396100844958 24.360000610351562 31.530000686645508 AB 10.25243959776405 1.0188253600083523
63077.3058 lsst_hardware_i 5.355200847031109 41.84000015258789 31.290000915527344 AB 4.72881934135368 1.0718692902711349
63077.3247 lsst_hardware_z 9.729602513907443 47.34000015258789 30.950000762939453 AB 4.934846269952024 1.1191396462075907
63085.2248 lsst_hardware_z 71.49002095441755 72.31999969482422 31.729999542236328 AB 3.2046950201268523 1.014893387562605
63085.2477 lsst_hardware_r -97.76869450253481 81.19999694824219 32.400001525878906 AB 3.2531537835602813 1.0223077935034666
63094.2111 lsst_hardware_g 10.724659729118857 15.84000015258789 31.489999771118164 AB 4.479799176584195 1.016230743851686
63094.2345 lsst_hardware_r -2.8251327961655988 24.670000076293945 31.520000457763672 AB 4.615809179918053 1.032619503337372
63099.1872 lsst_hardware_r -4.5471113053783165 24.540000915527344 31.530000686645508 AB 1.73169650982585 1.0148641393784295
63099.2074 lsst_hardware_i -25.60611841608088 31.540000915527344 31.260000228881836 AB 1.7581765821864312 1.0209096577102348
63100.1517 lsst_hardware_z -124.3417463708823 59.06999969482422 31.709999084472656 AB 2.094252909809238 1.0341138555555451
63100.1742 lsst_hardware_r -7.327222772378112 34.869998931884766 32.290000915527344 AB 2.5161947382886938 1.0169867584864623
63102.1587 lsst_hardware_z 17.105737138328895 41.540000915527344 30.950000762939453 AB 2.8212611898702784 1.0224739294628171
63102.1762 lsst_hardware_r 11.389021790015926 24.479999542236328 31.530000686645508 AB 3.0249042805486814 1.015096936899359
63108.1375 lsst_hardware_i -45.1911170503939 91.7699966430664 31.34000015258789 AB 4.207947886988652 1.0263287529240617
63108.1553 lsst_hardware_z 63.73161853056314 78.88999938964844 31.0 AB 4.192691782804248 1.0160201416355534
63113.1303 lsst_hardware_y 24.281080165821123 71.45999908447266 30.809999465942383 AB 1.4298865258339968 1.0213475184528549
63115.1227 lsst_hardware_r -17.160021851414825 24.079999923706055 31.520000457763672 AB 1.3388123067633588 1.0228399873406955
63115.14 lsst_hardware_i 55.47271655382055 36.529998779296875 31.290000915527344 AB 0.6121632055731971 1.0151960291429472
63118.0967 lsst_hardware_i -18.854534842953996 31.200000762939453 31.25 AB 2.7072056817420824 1.041500005799724
63118.1181 lsst_hardware_z -8.896278562478862 41.119998931884766 30.950000762939453 AB 2.6466377571465354 1.020423245269195
63121.0964 lsst_hardware_r -2.421159568060766 23.860000610351562 31.5 AB 3.252339601962025 1.0318336300637896
63121.1143 lsst_hardware_u 3.63983375429388 2.690000057220459 28.399999618530273 AB 3.093639462421941 1.0180631715086603
63123.0985 lsst_hardware_g -3.37811224580744 15.279999732971191 31.469999313354492 AB 1.268024060513875 1.0246659074862166
63123.1154 lsst_hardware_i -33.47245195176189 31.18000030517578 31.260000228881836 AB 1.2671392679526636 1.0157429001624558
63125.1007 lsst_hardware_z -36.05828195248864 41.310001373291016 30.950000762939453 AB 3.669928780644682 1.0194246612901894
63125.1172 lsst_hardware_r -24.101799618687686 23.950000762939453 31.520000457763672 AB 3.653436228319181 1.014843396755328
63136.0582 lsst_hardware_z -4.5785613967860925 72.25 31.0 AB 2.881159788430784 1.02898563872528
63136.0762 lsst_hardware_i 0.9023360858938221 80.52999877929688 31.34000015258789 AB 2.8472505299779245 1.0168751892778303
63142.0635 lsst_hardware_r 44.21213738759534 48.599998474121094 31.639999389648438 AB 2.975122153059896 1.0157467234755535
63142.0824 lsst_hardware_i 2.02636200656282 49.91999816894531 31.31999969482422 AB 2.9834803685426374 1.0170377939469128
63144.0226 lsst_hardware_i 2.788374845664107 31.450000762939453 31.260000228881836 AB 2.8826037866878407 1.0459375133119886
63144.0358 lsst_hardware_z 58.535926152197 41.470001220703125 30.950000762939453 AB 2.792877132069262 1.0295372341976154
63146.0404 lsst_hardware_r 3.6970278792893545 24.059999465942383 31.520000457763672 AB 3.950382039236153 1.021210350513439
63146.0589 lsst_hardware_u 1.5256090297267308 2.8499999046325684 28.520000457763672 AB 4.826678405554021 1.0148608926732592
63148.0403 lsst_hardware_g -1.625518577913466 15.300000190734863 31.469999313354492 AB 3.916471406553471 1.0181909285203357
63148.0584 lsst_hardware_i 67.69303338241382 31.239999771118164 31.260000228881836 AB 3.461465808264224 1.0150926123942006
63152.0262 lsst_hardware_u -0.23434736033473128 2.809999942779541 28.479999542236328 AB 5.792310926673617 1.0198628271280248
63152.0451 lsst_hardware_g -6.573897907842199 15.3100004196167 31.459999084472656 AB 4.8680385274076565 1.0148794706199717
63154.0254 lsst_hardware_r 32.19043257073668 24.139999389648438 31.510000228881836 AB 6.835232114733516 1.0175261800869435
63154.0429 lsst_hardware_i 7.723563212466644 31.229999542236328 31.260000228881836 AB 6.02397011664195 1.015218827589719
63158.0081 lsst_hardware_y 82.53644323986435 48.2400016784668 30.049999237060547 AB 4.135867837301795 1.0209078464561967
63158.0252 lsst_hardware_u -2.1928561713595016 2.869999885559082 28.520000457763672 AB 4.144374487885349 1.0149074293829679
63160.0094 lsst_hardware_y -59.83521970040112 47.869998931884766 30.059999465942383 AB 3.3681602993932964 1.017366179840907
63160.0275 lsst_hardware_i 35.24684335134739 32.400001525878906 31.270000457763672 AB 3.352818139765455 1.0153901089537385
63164.0052 lsst_hardware_y 57.98334931555449 98.48999786376953 30.829999923706055 AB 3.664023356963785 1.015363376291808
63166.9985 lsst_hardware_z 94.45510918190303 78.19000244140625 31.0 AB 4.212757880102526 1.0151223807474952
63167.0166 lsst_hardware_i -38.325813482883675 68.45999908447266 31.34000015258789 AB 3.6484579411341596 1.018079604074329
