data/validation/pwv_sim_epoch_fit_epoch/8600089.ecsv
# %ECSV 0.9
# ---
# datatype:
# - {name: time, datatype: float64}
# - {name: band, datatype: string}
# - {name: flux, datatype: float64}
# - {name: fluxerr, datatype: float64}
# - {name: zp, datatype: float64}
# - {name: zpsys, datatype: string}
# - {name: pwv, datatype: float64}
# - {name: airmass, datatype: float64}
# meta: {SNID: '8600089', alt: 1024.0, c: 0.10222254693508148, dec: -31.914005, lat: -30.244573, lon: -70.7499537, ra: 344.179688, t0: 60808.89453125,
#   x0: 5.180132101052768e-06, x1: 0.2724376320838928, z: 0.6047332882881165}
# schema: astropy-2.0
time band flux fluxerr zp zpsys pwv airmass
60814.3697 lsst_hardware_z 2353.4607131579887 93.99755682115851 31.700000762939453 AB 10.341878148461651 1.273212181770558
60819.4366 lsst_hardware_i 1366.0295404014314 61.07596494042936 31.31999969482422 AB 6.285048142364397 1.0290143491741945
60823.3285 lsst_hardware_u -1.4150786260611798 3.7128618306871735 29.0 AB 10.7858733692965 1.3729763491201654
60823.3482 lsst_hardware_g 215.2937775327409 24.66091512674302 32.130001068115234 AB 11.403851479506486 1.257315488368962
60824.3691 lsst_hardware_g 86.59740132143557 17.33558038737147 31.40999984741211 AB 9.836718573554101 1.1562407961862005
60824.3913 lsst_hardware_r 836.1528424200249 38.278055099926235 31.5 AB 8.843346862559065 1.0891715488823737
60830.3778 lsst_hardware_r 672.3840896810202 33.92560476007925 31.5 AB 12.635489902732889 1.082106742264148
60830.401 lsst_hardware_i 797.156215202254 41.59839725180308 31.260000228881836 AB 12.065736929354184 1.0369762304459786
60833.3465 lsst_hardware_z 1557.3175927567343 71.45281712786583 31.690000534057617 AB 2.7264460374376096 1.1493080566711038
60833.3642 lsst_hardware_r 460.7202100063972 31.966171281688148 31.5 AB 2.5461458778778607 1.0956663033254797
60842.3146 lsst_hardware_z 533.051025903402 68.70108822007009 30.969999313354492 AB 7.630718812543573 1.1761733748284957
60842.3293 lsst_hardware_i 446.8933717651305 70.70250941658065 31.31999969482422 AB 7.296865180062533 1.125147863237737
60844.3785 lsst_hardware_r 207.67218603003255 48.40383597622909 31.6299991607666 AB 4.7242207452619605 1.0171280490731938
60844.3935 lsst_hardware_z 607.0056257662043 52.80325720965238 30.969999313354492 AB 4.674107905138575 1.0054728033425875
60849.209 lsst_hardware_u 3.9211539551509182 2.1139334641161738 27.690000534057617 AB 5.807107175571869 1.867987832914307
60849.2238 lsst_hardware_g 21.478522559583578 14.402549326055984 31.200000762939453 AB 5.2753337335884884 1.6729388161487064
60861.2658 lsst_hardware_r 63.932106109258214 37.288846294731925 31.56999969482422 AB 4.568459511399367 1.164556858986562
60861.285 lsst_hardware_i 192.20856296518667 39.056363855065484 31.270000457763672 AB 4.305632873309014 1.1030656379100803
60863.2655 lsst_hardware_z 629.4279099782952 75.72017078504295 31.709999084472656 AB 1.8269545410541694 1.1462045533878455
60870.265 lsst_hardware_i 154.58056520825568 81.43264873923533 31.329999923706055 AB 6.767386643861926 1.0909860783269265
60870.2849 lsst_hardware_z 341.7138281004036 72.25415208114764 30.989999771118164 AB 6.532327014240947 1.048317274100854
60873.2671 lsst_hardware_g 26.548982835131973 54.05425027993905 32.43000030517578 AB 1.9990152927243257 1.0669950855213908
60873.2977 lsst_hardware_r 192.92942397054233 59.70642756465839 32.369998931884766 AB 1.7975225776376509 1.0188112096944932
60875.2678 lsst_hardware_u -1.5718767616147171 2.8172603507879623 28.450000762939453 AB 2.285463023626344 1.0546262750823352
60875.2891 lsst_hardware_g 4.787610291192629 16.528155598310867 31.489999771118164 AB 2.3146489799669885 1.022296200206252
60877.2606 lsst_hardware_r 68.75824943526706 24.56098100957902 31.5 AB 5.067696882887369 1.0579742970537305
60877.2803 lsst_hardware_i 137.2691888362218 32.446180453262706 31.25 AB 4.939489382216518 1.026351859443798
60879.2648 lsst_hardware_z 75.6486541141899 43.362066396272986 30.950000762939453 AB 5.35062676586687 1.0407754845101866
60879.2851 lsst_hardware_r 65.15507937164668 24.334796516349982 31.5 AB 5.214543440877242 1.015029218961311
60883.1703 lsst_hardware_z 197.00945054737662 46.924240708086266 30.920000076293945 AB 4.064345350549122 1.3365893178013941
60883.1913 lsst_hardware_r 82.20592696813279 25.00774127255054 31.459999084472656 AB 3.921120504397119 1.2240750794163744
60886.1675 lsst_hardware_r 75.24149359018156 25.529423264548115 31.459999084472656 AB 6.389874885811535 1.304322287367123
60886.1867 lsst_hardware_i 194.86574947731935 34.03217689254662 31.229999542236328 AB 5.82591643901085 1.2080697644397045
60888.1671 lsst_hardware_z 236.20118151804292 47.12250136813168 30.93000030517578 AB 5.89702220077328 1.2762736069198746
60888.1871 lsst_hardware_r 56.73805072034474 27.983553340052364 31.510000228881836 AB 5.471631673310796 1.1836953322467918
60890.1696 lsst_hardware_z 37.23652524099885 47.119998931884766 30.940000534057617 AB 2.796478187012631 1.236149049403307
60890.1879 lsst_hardware_r 16.805775401743865 38.9900016784668 31.579999923706055 AB 2.610342715848595 1.1598945638072584
60891.1664 lsst_hardware_i 43.30451087647227 44.189998626708984 31.260000228881836 AB 1.7812171810481667 1.2383896971366164
60891.1847 lsst_hardware_z -107.39995945970203 48.380001068115234 30.950000762939453 AB 1.402830919772242 1.1616044050004763
60894.1612 lsst_hardware_r 3.68624291364711 88.37999725341797 31.610000610351562 AB 3.2768674450277593 1.2243868894112937
60894.1793 lsst_hardware_z 23.782021240947028 65.61000061035156 30.979999542236328 AB 3.241533583752842 1.1516239750431982
60896.1558 lsst_hardware_y 10.499383250776328 68.8499984741211 30.0 AB 5.278058985449687 1.2241106245607205
60896.1749 lsst_hardware_r -103.67641527563785 139.67999267578125 31.639999389648438 AB 4.349068957745328 1.1479406878768215
60897.1626 lsst_hardware_i -78.02261196211593 116.86000061035156 31.31999969482422 AB 5.121800307776891 1.1834104223144388
60897.1804 lsst_hardware_z -115.56052847053341 95.79000091552734 30.989999771118164 AB 4.6728303991277675 1.1212998878086151
60899.1544 lsst_hardware_r -122.75459498882354 89.0999984741211 31.6200008392334 AB 3.7986090901599487 1.1945311604276567
60899.1722 lsst_hardware_z -25.65044024159946 66.1500015258789 30.979999542236328 AB 3.054775009307939 1.1297941229025232
60904.1577 lsst_hardware_u -6.741037356790408 2.819999933242798 28.489999771118164 AB 4.833888225106964 1.132500169880585
60904.1763 lsst_hardware_g 12.31475720332129 14.59000015258789 31.440000534057617 AB 4.7669055073887 1.0808492572115562
60906.1648 lsst_hardware_r -36.688441217522 23.649999618530273 31.5 AB 2.0400806126537887 1.0959337161717908
60906.1826 lsst_hardware_i -13.25185044274018 31.09000015258789 31.260000228881836 AB 2.5540913363624265 1.0557004697006447
60908.1632 lsst_hardware_z 40.8460076313714 42.18000030517578 30.940000534057617 AB 1.9260435494552055 1.0861147835273715
60908.1815 lsst_hardware_u -1.250995335656427 2.7100000381469727 28.420000076293945 AB 1.8172485996992427 1.0477074659551702
60910.1545 lsst_hardware_g 0.5478960642828595 14.539999961853027 31.43000030517578 AB 2.382315859919272 1.094311373412619
60910.1722 lsst_hardware_r -26.58701545473522 23.260000228881836 31.489999771118164 AB 1.9999039834304488 1.0547089655078399
60919.0665 lsst_hardware_z 42.5281101401952 48.880001068115234 30.920000076293945 AB 1.734890851374366 1.3723592759718122
60919.0863 lsst_hardware_g 1.372164113681399 35.119998931884766 31.59000015258789 AB 1.3032512916454388 1.2563476461877625
60932.0709 lsst_hardware_r -2.59842525753618 23.670000076293945 31.479999542236328 AB 1.3525251519640067 1.1684882522367228
60932.0904 lsst_hardware_u 0.7405861594529544 2.700000047683716 28.40999984741211 AB 1.3786747621486717 1.105150109938815
60934.0867 lsst_hardware_r -28.577433175672322 23.43000030517578 31.5 AB 3.9611869406468077 1.1003297057352244
60934.1045 lsst_hardware_i 43.196318332623754 30.860000610351562 31.25 AB 3.812077097111219 1.0589103047531163
60938.069 lsst_hardware_r 23.25741383263241 23.389999389648438 31.489999771118164 AB 6.231471920117544 1.1196607528735143
60938.0852 lsst_hardware_u 4.7835056445505035 2.680000066757202 28.40999984741211 AB 4.109002222945811 1.0768060683398426
60940.0724 lsst_hardware_g -17.333918441780728 14.25 31.40999984741211 AB 2.77122617194136 1.0948054012607842
60940.089 lsst_hardware_i -1.7051499373204093 30.739999771118164 31.25 AB 3.4529345187099536 1.057182584694582
60943.0723 lsst_hardware_u 0.2527110172453565 2.609999895095825 28.350000381469727 AB 4.817105378297598 1.0750867530793626
60943.0891 lsst_hardware_g 11.247097736394048 14.09000015258789 31.420000076293945 AB 5.226640008880002 1.0423399605557406
60945.0008 lsst_hardware_z -9.889163462493554 45.41999816894531 30.920000076293945 AB 4.152505124087281 1.3379712023480215
60945.0219 lsst_hardware_u -2.4186613623681454 2.940000057220459 28.350000381469727 AB 3.802892516150178 1.2246326264974812
60952.002 lsst_hardware_y -4.443135630186127 61.72999954223633 30.0 AB 3.0059620364757595 1.2282601620031706
60952.0225 lsst_hardware_z -138.77852655340445 74.12999725341797 30.979999542236328 AB 2.7524744324756347 1.1462275537794149
60957.0024 lsst_hardware_y -0.7427723054157755 49.68000030517578 30.010000228881836 AB 4.602120829572868 1.169386565766197
60957.0223 lsst_hardware_r -25.54106462369782 23.110000610351562 31.489999771118164 AB 4.285144436564542 1.1047033865851652
60959.0025 lsst_hardware_z -33.71546145155654 43.68000030517578 30.950000762939453 AB 4.0178803152443905 1.1492792663743896
60959.0215 lsst_hardware_g 0.017264314914098595 14.15999984741211 31.420000076293945 AB 3.7432203979873164 1.0922732413152367
60961.0014 lsst_hardware_y 11.263508246930868 50.38999938964844 30.020000457763672 AB 6.399456902047238 1.1346554790863896
60961.0195 lsst_hardware_i -9.935391929116463 30.84000015258789 31.239999771118164 AB 6.139950303237542 1.083648129763068
60963.0034 lsst_hardware_y 76.69471951194575 49.130001068115234 30.020000457763672 AB 7.434820942532957 1.1118181981480288
60963.0232 lsst_hardware_r 36.17292648037455 23.0 31.5 AB 7.155168042984279 1.0631750435340683
60965.0043 lsst_hardware_y -6.138338665789316 49.34000015258789 30.030000686645508 AB 7.737837820146267 1.0943833986487896
60965.0239 lsst_hardware_g 3.368848367611922 14.010000228881836 31.420000076293945 AB 7.4062538212112 1.051228305433112
60968.0048 lsst_hardware_y 47.507912882157015 50.65999984741211 30.040000915527344 AB 3.1970249895991727 1.0733674633537595
60968.0241 lsst_hardware_z 28.07322502266809 41.099998474121094 30.950000762939453 AB 3.1033857825736257 1.0371700938807862
60974.0079 lsst_hardware_y -34.093316135012266 50.7400016784668 30.049999237060547 AB 3.9296415540913796 1.0368903348677008
60974.0271 lsst_hardware_z 89.89134336056667 40.869998931884766 30.950000762939453 AB 3.8935932392873887 1.0137585730094447
61187.3577 lsst_hardware_r -36.13451936013078 24.309999465942383 31.479999542236328 AB 4.498287890700674 1.2279220811738394
61187.3781 lsst_hardware_u 1.2757165872013607 2.680000066757202 28.360000610351562 AB 5.648765221019844 1.1463173296169336
61189.3455 lsst_hardware_z -17.32712515353595 56.529998779296875 30.950000762939453 AB 10.724347855535244 1.2607362507364337
61189.3646 lsst_hardware_r 32.60612549147504 64.94000244140625 31.610000610351562 AB 10.006683273947136 1.1755626625095685
61198.3588 lsst_hardware_z -124.65416666509637 53.779998779296875 30.959999084472656 AB 2.7033405119503984 1.1124858073869952
61198.3777 lsst_hardware_i 51.990435852162854 51.209999084472656 31.309999465942383 AB 1.181929912485544 1.0655216700342474
61222.264 lsst_hardware_r -54.73524127293115 104.05000305175781 31.610000610351562 AB 9.91706964520367 1.2194617754482522
61222.2847 lsst_hardware_i 59.43745184616473 84.20999908447266 31.31999969482422 AB 9.322961470062033 1.1390765011886494
61225.2683 lsst_hardware_z 63.682327898509605 69.83999633789062 30.969999313354492 AB 8.073093704375351 1.1680245530256954
61225.2883 lsst_hardware_r -91.36665437296882 89.55999755859375 31.639999389648438 AB 7.62549007112237 1.103424385359385
61231.2676 lsst_hardware_i -2.4779167279664214 31.200000762939453 31.239999771118164 AB 10.597505227218507 1.1157226068312167
61231.2873 lsst_hardware_z -31.485757904230002 41.47999954223633 30.950000762939453 AB 10.093607466501293 1.0661698290408563
61233.2717 lsst_hardware_i 58.28827186366636 30.860000610351562 31.239999771118164 AB 8.22699007878621 1.0896194532849892
61233.291 lsst_hardware_u 1.0539878634285076 2.6700000762939453 28.420000076293945 AB 7.9445928438965 1.0484220530369728
61235.2425 lsst_hardware_u -0.21069105724183018 2.630000114440918 28.34000015258789 AB 7.670306431704957 1.1624611919734718
61235.2614 lsst_hardware_g -1.0750702251648787 14.180000305175781 31.40999984741211 AB 6.9248110394717655 1.1023258579229172
61238.264 lsst_hardware_u -1.9168481217051503 2.5999999046325684 28.34000015258789 AB 2.0067920121409166 1.0753551909302046
61238.2828 lsst_hardware_g -11.258448157314175 13.989999771118164 31.40999984741211 AB 1.9208186180871252 1.0393102812265724
61242.2664 lsst_hardware_r -1.665608543094227 22.860000610351562 31.489999771118164 AB 5.055040505298761 1.0484735561322098
61242.2837 lsst_hardware_i 13.327145773543483 30.360000610351562 31.25 AB 4.867636795368421 1.0230426219773898
61244.2592 lsst_hardware_z 91.13107106875368 43.380001068115234 30.950000762939453 AB 5.415425701600182 1.0516070363648486
61244.2778 lsst_hardware_r 9.487004782958506 28.889999389648438 31.559999465942383 AB 5.272553973863803 1.0235650125597056
61246.2705 lsst_hardware_z -2.9136398957911025 67.8499984741211 31.709999084472656 AB 6.128583399664332 1.0258187914407741
61248.1674 lsst_hardware_z 24.73011925159138 64.19999694824219 30.93000030517578 AB 4.349709066037721 1.359638155572695
61248.1861 lsst_hardware_r -20.1518324650001 83.02999877929688 31.59000015258789 AB 4.098101837554078 1.2522847479156847
61249.1704 lsst_hardware_y 93.67767726028727 82.61000061035156 30.709999084472656 AB 4.260719785632201 1.3235474353504122
61251.1603 lsst_hardware_r -22.49509567758852 140.50999450683594 31.579999923706055 AB 7.464961022707055 1.352531779264689
61251.1796 lsst_hardware_i 18.513369116277694 107.94000244140625 31.299999237060547 AB 6.045931332789224 1.2439548033103696
61253.187 lsst_hardware_r -168.51420063342565 111.36000061035156 31.6299991607666 AB 5.417041380751912 1.186906525142838
61253.2065 lsst_hardware_z 12.533422482420637 77.81999969482422 30.989999771118164 AB 5.142586220493608 1.1188047907089325
61256.1635 lsst_hardware_u 3.269278240140757 5.53000020980835 28.780000686645508 AB 1.7072376080900127 1.2560914345236145
61256.1831 lsst_hardware_r 73.4242478588638 47.18000030517578 31.59000015258789 AB 1.4613308944777517 1.1701568619867224
61258.1624 lsst_hardware_i -10.546336077295901 32.2599983215332 31.219999313354492 AB 2.5789435542561083 1.2347812572746
61258.1823 lsst_hardware_z -43.48300620730099 42.63999938964844 30.93000030517578 AB 1.8690472179282562 1.153139671729589
61260.165 lsst_hardware_r -10.436347102945213 23.75 31.469999313354492 AB 4.670518404887965 1.198798358544139
61260.1833 lsst_hardware_u -2.5721816520013796 2.6600000858306885 28.360000610351562 AB 3.728231965838909 1.1314530130767282
61261.1618 lsst_hardware_g 15.723256881825652 14.550000190734863 31.389999389648438 AB 5.221295219968018 1.2007808244622589
61261.181 lsst_hardware_r 13.265394791288868 23.649999618530273 31.489999771118164 AB 4.28056970508465 1.1300839631499053
61263.1616 lsst_hardware_i 23.229835215705343 32.0 31.229999542236328 AB 9.67990761483947 1.1793499236306135
61263.1819 lsst_hardware_z 53.898499579537884 42.33000183105469 30.940000534057617 AB 8.284961826747727 1.1108825190061313
61266.1594 lsst_hardware_r -4.225660657967475 23.829999923706055 31.489999771118164 AB 3.5432010703637373 1.1569006542328266
61266.1786 lsst_hardware_g 1.4961185474591394 14.569999694824219 31.43000030517578 AB 2.531768274092028 1.0973891742497504
61268.1657 lsst_hardware_r -9.762012996997257 23.690000534057617 31.5 AB 5.958927350147568 1.1183473287733938
61268.1839 lsst_hardware_i -4.9673567359859 31.219999313354492 31.260000228881836 AB 5.159443389592394 1.0713129961778227
61271.1513 lsst_hardware_r 8.655957364048968 26.510000228881836 31.520000457763672 AB 2.083370964097116 1.1378323124506367
61271.1675 lsst_hardware_u 1.2329723817710407 3.0999999046325684 28.510000228881836 AB 2.6182073643031734 1.0907682395374976
61274.1908 lsst_hardware_z -25.019452611242546 64.91000366210938 31.709999084472656 AB 2.570473590492514 1.0300779123696833
