data/validation/pwv_sim_epoch_fit_epoch/8610621.ecsv
# %ECSV 0.9
# ---
# datatype:
# - {name: time, datatype: float64}
# - {name: band, datatype: string}
# - {name: flux, datatype: float64}
# - {name: fluxerr, datatype: float64}
# - {name: zp, datatype: float64}
# - {name: zpsys, datatype: string}
# - {name: pwv, datatype: float64}
# - {name: airmass, datatype: float64}
# meta: {SNID: '8610621', alt: 1024.0, c: 0.016221072524785995, dec: -14.169522, lat: -30.244573, lon: -70.7499537, ra: 256.464844, t0: 60742.09765625,
#   x0: 2.1461151311134798e-05, x1: -1.299342393875122, z: 0.33307647705078125}
# schema: astropy-2.0
time band flux fluxerr zp zpsys pwv airmass
[from data line 133]
61188.2287 lsst_hardware_z 55.8393704489299 59.2599983215332 30.979999542236328 AB 7.344351290836375 1.040534309614476
61219.1552 lsst_hardware_r -107.42365247271353 144.75 31.65999984741211 AB 6.51934566674343 1.0433457096492647
61219.1803 lsst_hardware_z -145.1958310516165 98.94000244140625 31.0 AB 6.384396651059254 1.0665398885291675
61221.1369 lsst_hardware_r 147.74967095507873 138.64999389648438 31.65999984741211 AB 3.3344609936465166 1.0405016622570948
61221.1581 lsst_hardware_i 75.64378929303332 108.88999938964844 31.34000015258789 AB 3.380561195048365 1.0484256671899577
61224.1323 lsst_hardware_z 65.27545785822088 76.86000061035156 31.729999542236328 AB 6.4089640572315325 1.040697817141774
61224.1549 lsst_hardware_i -21.337119200499018 79.7699966430664 32.06999969482422 AB 6.505500200753249 1.0526983253194218
61226.1363 lsst_hardware_u 2.580139536973527 7.579999923706055 29.139999389648438 AB 3.831523919967666 1.0434433333245277
61226.1575 lsst_hardware_g 12.203106894780579 44.939998626708984 31.690000534057617 AB 3.92371602098964 1.061611477540487
61232.11 lsst_hardware_g -8.41639800071704 15.149999618530273 31.459999084472656 AB 7.497520273745173 1.0406477663197704
61232.1308 lsst_hardware_r -5.193360428370608 24.040000915527344 31.510000228881836 AB 7.871653333999551 1.0506511245967411
61234.1073 lsst_hardware_i 27.201721927894894 31.329999923706055 31.260000228881836 AB 7.200728316687451 1.0410691542198725
61234.1264 lsst_hardware_z -20.085613555653545 41.650001525878906 30.940000534057617 AB 6.86337792906397 1.0515900810618952
61236.0982 lsst_hardware_r 15.189940459585097 23.889999389648438 31.5 AB 6.628440013932888 1.040571430758695
61236.1191 lsst_hardware_g -36.94424596591558 15.079999923706055 31.450000762939453 AB 6.6543090078954865 1.0499895870446527
61239.0814 lsst_hardware_r 9.135918548848888 23.940000534057617 31.510000228881836 AB 2.262728475953974 1.0412924417643692
61239.1037 lsst_hardware_i -4.4215261979606515 31.299999237060547 31.25 AB 2.54842190919731 1.0449348359997173
61243.0564 lsst_hardware_i -3.293153962894798 41.2599983215332 31.290000915527344 AB 5.394369609684243 1.0482645957412053
61243.0757 lsst_hardware_z -36.50079223393971 46.349998474121094 30.959999084472656 AB 5.3830445217721365 1.040536956528119
61245.0594 lsst_hardware_r 73.38965433691868 76.01000213623047 31.649999618530273 AB 6.363558216290373 1.043206264965635
61245.0806 lsst_hardware_z 23.549646745613845 61.20000076293945 30.979999542236328 AB 6.355867752649264 1.0419455332211909
61247.0496 lsst_hardware_y -29.114714881770176 60.2400016784668 30.049999237060547 AB 8.883019956859195 1.0454711600854292
61247.0708 lsst_hardware_r -31.506275786222105 105.48999786376953 31.65999984741211 AB 8.910668120466932 1.0408848361265008
61252.0461 lsst_hardware_r 31.499413062589348 79.06999969482422 31.649999618530273 AB 3.649830402325595 1.0412468161545096
61252.0658 lsst_hardware_z 25.20502242384713 59.16999816894531 30.979999542236328 AB 3.667218690094748 1.0436766104858763
61254.0474 lsst_hardware_r 16.31173626237865 24.100000381469727 31.510000228881836 AB 1.9119252352881262 1.040503529408504
61254.0686 lsst_hardware_i 36.01379704212171 41.650001525878906 31.290000915527344 AB 1.9776929105289072 1.04889573615959
61257.0182 lsst_hardware_i -8.995006295370137 31.420000076293945 31.25 AB 0.8483792560055857 1.0482445502540187
61257.0378 lsst_hardware_z -12.713657566441986 41.540000915527344 30.950000762939453 AB 0.9468758015150243 1.040522858807719
61262.0089 lsst_hardware_g -14.638814641565357 15.600000381469727 31.489999771118164 AB 3.4746362005714837 1.0453177498710842
61262.0297 lsst_hardware_r 10.30376039516318 24.389999389648438 31.520000457763672 AB 3.2558169818725875 1.0408622064810062
61265.003 lsst_hardware_i -34.79084394793334 31.709999084472656 31.260000228881836 AB 2.224276952102641 1.0440572433104514
61265.0242 lsst_hardware_z 2.2381030865104106 41.95000076293945 30.959999084472656 AB 2.3215126530479995 1.0414262368813454
61267.0018 lsst_hardware_r -28.71463230545458 24.579999923706055 31.530000686645508 AB 4.224915002682068 1.0422238674516358
61267.0224 lsst_hardware_g -33.065729403423646 15.640000343322754 31.469999313354492 AB 4.242136457266609 1.0426141830455569
61272.9821 lsst_hardware_y 20.79157845639496 52.54999923706055 30.059999465942383 AB 3.3650695614119055 1.0435942196966679
61272.9993 lsst_hardware_z -83.74867476730698 54.08000183105469 30.979999542236328 AB 3.334223266988697 1.0408063889460581
61274.9723 lsst_hardware_y 61.97236693151506 74.73999786376953 30.06999969482422 AB 1.464390682347306 1.0459933445337901
61274.9912 lsst_hardware_z 60.79225396759416 64.12000274658203 30.989999771118164 AB 1.4567581231246902 1.040541516517636
61278.9809 lsst_hardware_z 2.735558790494175 98.69000244140625 31.75 AB 2.1524424315972825 1.0405813060658846
