data/validation/pwv_sim_epoch_fit_epoch/8615465.ecsv
# %ECSV 0.9
# ---
# datatype:
# - {name: time, datatype: float64}
# - {name: band, datatype: string}
# - {name: flux, datatype: float64}
# - {name: fluxerr, datatype: float64}
# - {name: zp, datatype: float64}
# - {name: zpsys, datatype: string}
# - {name: pwv, datatype: float64}
# - {name: airmass, datatype: float64}
# meta: {SNID: '8615465', alt: 1024.0, c: -0.08031981438398361, dec: -13.86195, lat: -30.244573, lon: -70.7499537, ra: 82.089844, t0: 60305.0078125,
#   x0: 3.498022510823933e-06, x1: -0.20104186236858368, z: 0.7096185684204102}
# schema: astropy-2.0
time band flux fluxerr zp zpsys pwv airmass
[from data line 134]
60663.1932 lsst_hardware_z 13.518679619757044 49.31999969482422 30.969999313354492 AB 3.9683688947487963 1.0454998405415288
60665.1771 lsst_hardware_g 21.877462353334938 23.530000686645508 31.6200008392334 AB 3.8680543756036343 1.0425320060922132
60665.1961 lsst_hardware_r -33.771240779630006 33.689998626708984 31.59000015258789 AB 3.799232254689395 1.0507452823589558
60668.1584 lsst_hardware_i 10.202567597416564 30.639999389648438 31.260000228881836 AB 6.612693888174134 1.0436289426986205
60668.1776 lsst_hardware_r -5.2003549998910525 22.81999969482422 31.510000228881836 AB 7.033605614543191 1.0446466084275114
60670.1567 lsst_hardware_u 1.4928105375386076 2.6600000858306885 28.420000076293945 AB 5.029828010177724 1.042775580009894
60670.1752 lsst_hardware_g -9.370535767180813 13.869999885559082 31.43000030517578 AB 5.770516196207467 1.0460466230775403
60672.1584 lsst_hardware_r 28.88705887676316 22.469999313354492 31.5 AB 7.395717339129493 1.0425680830490915
60672.1781 lsst_hardware_i -42.284756541596316 30.329999923706055 31.25 AB 7.437444481118025 1.0516376656817878
60674.1336 lsst_hardware_i 34.83309965205949 30.3799991607666 31.25 AB 7.023115224155885 1.0474054247278193
60674.1504 lsst_hardware_z -47.46145669019597 41.029998779296875 30.950000762939453 AB 7.035870552564788 1.0424284098917644
60676.1358 lsst_hardware_i 37.96717991974892 30.31999969482422 31.25 AB 7.268151499601315 1.0438599463864304
60676.1574 lsst_hardware_u 5.5280427177423235 2.6600000858306885 28.43000030517578 AB 7.279835423239762 1.0453533385994336
60678.1347 lsst_hardware_g 12.76601528506653 13.59000015258789 31.399999618530273 AB 4.054922046042048 1.0427985202628385
60678.1557 lsst_hardware_r -16.17613369604492 22.399999618530273 31.489999771118164 AB 4.041722294645854 1.0473496487809937
60680.1208 lsst_hardware_i -23.36596964759642 30.729999542236328 31.25 AB 10.956959467372053 1.045478146436696
60680.1414 lsst_hardware_r 10.884021056199742 22.610000610351562 31.489999771118164 AB 11.877920931773653 1.0434789538587066
60682.122 lsst_hardware_z -52.20296604208599 60.619998931884766 31.700000762939453 AB 9.15535090985643 1.0431467045032012
60682.1436 lsst_hardware_g 32.847945610475 32.75 32.349998474121094 AB 8.36827692552706 1.04666697698948
60684.1214 lsst_hardware_r -32.8129615720165 50.45000076293945 31.6299991607666 AB 6.792687519389638 1.0424627868922096
60684.1425 lsst_hardware_i 78.72864741361143 46.040000915527344 31.309999465942383 AB 6.716457658760622 1.0494465091813472
60688.0877 lsst_hardware_i -110.78079531218563 76.22000122070312 31.329999923706055 AB 3.1930976475290302 1.053132469501641
60688.1075 lsst_hardware_z -10.385257106541843 68.2699966430664 30.989999771118164 AB 3.0463038780095166 1.0427785981319475
60690.087 lsst_hardware_g -68.86851836520265 78.88999938964844 31.729999542236328 AB 5.6900951469130865 1.049316783915617
60690.1074 lsst_hardware_r -125.7613356824405 80.79000091552734 31.65999984741211 AB 5.640723250575278 1.0424388062603505
60692.0869 lsst_hardware_i 25.446209573197944 40.279998779296875 31.290000915527344 AB 2.1673813109618414 1.0460334512364293
60692.1068 lsst_hardware_r 7.496393074485054 44.29999923706055 31.6200008392334 AB 2.0917965804450134 1.043029957838451
60695.0763 lsst_hardware_r -41.245951960264655 22.260000228881836 31.5 AB 8.639105928548913 1.0473759460758432
60695.0954 lsst_hardware_i 47.116913379966576 30.15999984741211 31.25 AB 7.977016557906325 1.0425428423062568
60697.0723 lsst_hardware_z -67.88598696506148 40.93000030517578 30.950000762939453 AB 11.302578227587146 1.0465350210728839
60697.0915 lsst_hardware_r -17.19400071603262 22.079999923706055 31.489999771118164 AB 11.667740415569211 1.042732340248229
60701.066 lsst_hardware_r -18.961786174103988 22.200000762939453 31.5 AB 12.451596488930305 1.0443925816196749
60701.0846 lsst_hardware_z -20.911669764531045 41.02000045776367 30.959999084472656 AB 14.269353269183812 1.0436281143277164
60703.0445 lsst_hardware_y 148.2211274327153 48.709999084472656 30.049999237060547 AB 12.334855113454923 1.0552231476093523
60703.0636 lsst_hardware_r 4.279951709328497 22.209999084472656 31.5 AB 12.112180981293792 1.0434039610590442
60705.0423 lsst_hardware_z -43.24240222019405 43.72999954223633 30.959999084472656 AB 11.823496900599633 1.0522401905041279
60705.0603 lsst_hardware_g 5.6096188243176694 13.479999542236328 31.420000076293945 AB 11.780812071118376 1.04291122183514
60707.0424 lsst_hardware_y -45.42498140551919 48.7400016784668 30.049999237060547 AB 8.500013985388026 1.0480797343292436
60707.061 lsst_hardware_i -2.8643637406524545 30.030000686645508 31.260000228881836 AB 8.456761232850944 1.0424358992728437
60709.0408 lsst_hardware_y 17.185891276038742 48.810001373291016 30.059999465942383 AB 7.3162814265351175 1.0458678553626948
60709.0592 lsst_hardware_r -7.053011979844195 23.18000030517578 31.520000457763672 AB 8.262657244452694 1.0428039685054198
60713.027 lsst_hardware_y -2.3274567233540573 70.95999908447266 30.06999969482422 AB 5.047024747694448 1.0474627632710578
60713.0455 lsst_hardware_z -62.421015948826586 49.36000061035156 30.969999313354492 AB 6.5207932195803675 1.0424790321866804
60714.0354 lsst_hardware_y 74.68472394670258 87.62999725341797 30.809999465942383 AB 7.047887585479644 1.0429726356610645
60716.0245 lsst_hardware_z 115.91597156213476 72.19999694824219 30.989999771118164 AB 2.6115007150298304 1.044600286011932
60716.043 lsst_hardware_r -76.49238756251101 73.19000244140625 31.649999618530273 AB 2.712952003837381 1.0434430783989928
60718.0238 lsst_hardware_y 44.78569995733706 72.58000183105469 30.06999969482422 AB 2.7774713286401216 1.0431164228743774
60718.0407 lsst_hardware_z 79.57769585109719 60.150001525878906 30.979999542236328 AB 2.760230774829924 1.0444869228670044
60720.0224 lsst_hardware_y -183.76229452595106 68.81999969482422 30.06999969482422 AB 2.6388314063651848 1.0425012963418014
60720.0394 lsst_hardware_z -34.63661899297148 51.27000045776367 30.969999313354492 AB 2.633834032103939 1.0464179706412153
60722.0202 lsst_hardware_y 32.338121258356125 71.93000030517578 30.06999969482422 AB 2.864102524699548 1.0424394994356863
60722.0381 lsst_hardware_i 23.974419978013998 30.280000686645508 31.25 AB 2.988040289443747 1.0489872878510609
