data/validation/pwv_sim_epoch_fit_epoch/865400.ecsv
# %ECSV 0.9
# ---
# datatype:
# - {name: time, datatype: float64}
# - {name: band, datatype: string}
# - {name: flux, datatype: float64}
# - {name: fluxerr, datatype: float64}
# - {name: zp, datatype: float64}
# - {name: zpsys, datatype: string}
# - {name: pwv, datatype: float64}
# - {name: airmass, datatype: float64}
# meta: {SNID: '865400', alt: 1024.0, c: -0.0884503498673439, dec: -20.264481, lat: -30.244573, lon: -70.7499537, ra: 7.382812, t0: 62369.8515625,
#   x0: 5.1805403800635e-06, x1: 0.9399903416633606, z: 0.6039694547653198}
# schema: astropy-2.0
time band flux fluxerr zp zpsys pwv airmass
62318.396 lsst_hardware_i 6.758979384689778 56.119998931884766 31.31999969482422 AB 10.18838863995505 1.050349344325263
62318.4176 lsst_hardware_y 7.265784357104298 51.220001220703125 30.049999237060547 AB 9.607690548424884 1.0250025478404927
62326.4034 lsst_hardware_z 29.2343753825318 41.060001373291016 30.950000762939453 AB 2.224272942494092 1.0199967636014995
62326.4316 lsst_hardware_y -96.05831747036476 48.09000015258789 30.059999465942383 AB 2.3501776033732473 1.0184951693925461
62329.412 lsst_hardware_u 1.9910318199477395 2.690000057220459 28.43000030517578 AB 7.928171385704611 1.0159112488088944
62329.432 lsst_hardware_y 38.975233882372635 48.0 30.049999237060547 AB 8.994391935707725 1.0233303931706301
62331.4003 lsst_hardware_r -23.383427359026744 22.920000076293945 31.5 AB 6.0763908261666755 1.016331311087882
62331.4242 lsst_hardware_y -60.54350858588054 46.93000030517578 30.049999237060547 AB 6.970990575085495 1.0217648332847458
62335.3804 lsst_hardware_u 3.704170909598345 3.8499999046325684 29.209999084472656 AB 1.8860576416502042 1.0192151535532041
62335.4052 lsst_hardware_g -41.31063931384214 20.360000610351562 32.20000076293945 AB 1.8582285635443683 1.0177891625602455
62344.3646 lsst_hardware_r 222.04010354207222 99.85450835785568 31.670000076293945 AB 2.5658242803488807 1.0163692930674075
62344.3858 lsst_hardware_i 101.26919667010816 77.53628502517817 31.34000015258789 AB 2.9669041497158704 1.020080505317473
62346.3419 lsst_hardware_i 193.7125803592871 72.72688186197114 31.34000015258789 AB 4.307735441586711 1.0244317340277553
62346.3615 lsst_hardware_z 93.39722238254912 64.42241026385676 30.989999771118164 AB 4.285241824465839 1.0160420045758591
62350.32 lsst_hardware_g 158.730256931832 34.646778611778345 31.65999984741211 AB 1.4461028908111728 1.034901877966011
62350.3443 lsst_hardware_r 639.5094186335886 43.94039714764855 31.600000381469727 AB 1.456298625042706 1.0173235243050687
62353.3078 lsst_hardware_i 719.3654141879603 40.5425519212761 31.25 AB 1.694447422900087 1.0398040948508054
62353.3319 lsst_hardware_r 976.8028381888953 38.711912732566816 31.520000457763672 AB 1.5589491323939861 1.0189210015646968
62355.3204 lsst_hardware_u -0.9935338338548985 3.4595198918720627 28.459999084472656 AB 4.257363789930321 1.0222579934201188
62355.3433 lsst_hardware_g 366.3299881653606 23.877300288618347 31.440000534057617 AB 4.36120066706818 1.0160837184952853
62357.3215 lsst_hardware_r 1437.4119716012901 43.81542893118413 31.5 AB 4.57519879949405 1.0186916336196048
62357.3415 lsst_hardware_i 1023.1172811197246 44.32520738441511 31.260000228881836 AB 5.0183512020868015 1.0167181229958064
62361.3179 lsst_hardware_z 939.6031420240474 50.57666701331153 30.959999084472656 AB 3.7275621466922906 1.0164230539971706
62361.3384 lsst_hardware_r 1726.230755929615 48.01989735889374 31.510000228881836 AB 4.747988008642916 1.0195743907468868
62365.3036 lsst_hardware_r 1975.163809632796 49.807177472919115 31.520000457763672 AB 4.2709988910201995 1.0172476170978781
62365.3237 lsst_hardware_z 1076.5419121665454 51.631695506597836 30.959999084472656 AB 4.255913841352478 1.0179379740533323
62368.2751 lsst_hardware_i 1503.172120351354 60.96359018689572 31.309999465942383 AB 1.6382583902090615 1.0303511888107304
62368.2968 lsst_hardware_r 2195.3934400577505 69.35508982255789 31.639999389648438 AB 2.430809609416792 1.0168624176602352
62370.3085 lsst_hardware_z 2339.973078387389 97.47905797548806 31.739999771118164 AB 1.866431544991808 1.0174061297313295
62373.2838 lsst_hardware_z 996.3899183447903 87.52121938542277 31.0 AB 3.3144559739570916 1.0167042864899054
62377.2558 lsst_hardware_z 2081.480870170704 85.47697992449886 31.719999313354492 AB 6.1695792861472825 1.0255852971929877
62379.2147 lsst_hardware_g 259.53176496695585 29.251715132791265 31.59000015258789 AB 4.435966043647652 1.0779990385535
62379.2315 lsst_hardware_r 1517.2997829843746 51.01066363862406 31.56999969482422 AB 4.402012068728098 1.0472254237486494
62381.2329 lsst_hardware_r 1306.1684970697872 43.44412048587676 31.5 AB 2.2664841466397565 1.0378466671631337
62381.2494 lsst_hardware_y 418.5639343851208 50.31910255780805 30.049999237060547 AB 2.2442207543284187 1.0222687918289182
62384.2302 lsst_hardware_u -1.7531523524769488 2.753039605475437 28.469999313354492 AB 1.7891222852978854 1.031590785295725
62384.2492 lsst_hardware_g 185.46338965286606 20.030279215117172 31.469999313354492 AB 1.8359981946583326 1.0181136014741217
62386.2332 lsst_hardware_r 1087.4166184614016 40.0184434734651 31.5 AB 1.9156598422595794 1.0240519470383775
62386.2532 lsst_hardware_i 1038.2056829665748 43.784822179886184 31.260000228881836 AB 1.9885855086421889 1.015966710818557
62391.2109 lsst_hardware_i 754.5715105240579 41.69906316654523 31.260000228881836 AB 3.141275336966394 1.0317869393878076
62391.2308 lsst_hardware_u 2.9768265565846126 3.1107081628673448 28.459999084472656 AB 3.061516129843497 1.0178476632715123
62402.1839 lsst_hardware_i 593.229161726919 103.72868946237595 31.34000015258789 AB 2.0986991941559285 1.028774114782318
62402.2051 lsst_hardware_z 468.7439917840145 86.17752500669212 31.0 AB 2.0247207918894086 1.0165962135009583
62410.1667 lsst_hardware_i 362.2502545868558 35.5500384293964 31.260000228881836 AB 4.843670485320312 1.0247901164330118
62410.1847 lsst_hardware_r 210.153928734302 27.55741267878528 31.510000228881836 AB 4.8666397353442905 1.0163182072348942
62412.147 lsst_hardware_z 467.24701987221636 45.896269026574636 30.950000762939453 AB 3.253438637317001 1.0394372643184275
62412.1654 lsst_hardware_u -1.6579851223662152 2.9470783071486886 28.399999618530273 AB 3.221398308196019 1.0218551334483803
62415.1484 lsst_hardware_g -10.270031708112235 15.145872037828498 31.440000534057617 AB 4.492417490715999 1.0287782654642468
62415.1676 lsst_hardware_r 152.76116949989563 26.479924186775612 31.5 AB 4.892231963627921 1.017096042334287
62417.148 lsst_hardware_i 244.96665729788535 34.46509032451203 31.260000228881836 AB 5.110577356510378 1.0244717563417038
62417.1676 lsst_hardware_z 345.24006591611175 45.12717576159961 30.959999084472656 AB 4.081119271400331 1.016046291634937
62419.1308 lsst_hardware_i 192.247147040664 34.06797730161531 31.239999771118164 AB 3.2232982795210217 1.0358474426034685
62419.1495 lsst_hardware_u -2.2332725968264855 2.6301826245296915 28.3700008392334 AB 3.2313391373199183 1.0199934145581548
62421.1321 lsst_hardware_g 22.400884459891916 15.352380130192296 31.450000762939453 AB 6.198090947396825 1.0287003315090102
62421.1499 lsst_hardware_r 136.3183853979254 25.856687617505866 31.5 AB 6.128218810007703 1.0174976578034964
62424.1298 lsst_hardware_i 195.60222308133572 39.81946617550129 31.290000915527344 AB 6.355171692923192 1.0237892376839617
62424.1469 lsst_hardware_r 146.89555986907132 38.68310028167836 31.610000610351562 AB 6.226214676220525 1.0162483149435024
62426.1226 lsst_hardware_z 463.9182471313185 79.0392233265996 31.729999542236328 AB 7.054145142293778 1.0251131286030484
62428.1135 lsst_hardware_z 232.86374961592753 70.77525958917988 31.0 AB 4.33070748166208 1.0282238490749522
62428.131 lsst_hardware_r 201.6781895098747 94.61176844122295 31.670000076293945 AB 3.8689395570625993 1.0174280041361563
62431.0615 lsst_hardware_i 466.38408054761726 130.38528998282402 32.08000183105469 AB 4.349648040195372 1.1053275270497747
62431.0752 lsst_hardware_z 275.9941147717275 79.3061114126222 30.989999771118164 AB 4.20132243927872 1.0727237174207833
62434.0997 lsst_hardware_g 3.881957542078015 55.67999954500218 31.729999542236328 AB 4.623351636436307 1.0259675204755472
62434.1179 lsst_hardware_r 87.89702938865513 64.18899682232579 31.649999618530273 AB 4.608726540451188 1.0165561077386172
62436.101 lsst_hardware_i 56.366224059664226 32.45405089954805 31.239999771118164 AB 4.313030326053142 1.0211578390150786
62436.1182 lsst_hardware_r 112.2285416461109 24.79246233151243 31.5 AB 4.294528099783003 1.0158953082597098
62441.0909 lsst_hardware_g -14.875562022417679 14.018071520378866 31.420000076293945 AB 5.490819398196866 1.0192564433189892
62441.1107 lsst_hardware_r 124.24923175184017 24.423113494571265 31.489999771118164 AB 5.519094566501726 1.0164078391346594
62450.058 lsst_hardware_r 29.068043229069218 23.479999542236328 31.510000228881836 AB 8.74673702855971 1.0243880106060446
62450.076 lsst_hardware_i 34.20295454645126 30.56999969482422 31.25 AB 8.71011643816332 1.0162310626721875
62452.0594 lsst_hardware_z -48.40022261987783 42.15999984741211 30.959999084472656 AB 4.664740077564144 1.019986897426562
62452.0775 lsst_hardware_i -0.5462250611824595 33.18000030517578 31.270000457763672 AB 4.668453013191609 1.0159854218045996
62455.0571 lsst_hardware_z -104.17821098157434 76.8499984741211 31.729999542236328 AB 5.417582226088847 1.0174818717417309
62457.0518 lsst_hardware_r -0.7012151271726519 78.79000091552734 31.65999984741211 AB 3.8268065530968083 1.0174294591153887
62457.0721 lsst_hardware_i 166.1907585912034 65.83000183105469 31.34000015258789 AB 3.8449297160352764 1.017782996766667
62459.0399 lsst_hardware_z -82.51190164184298 91.05000305175781 31.739999771118164 AB 5.829371226633843 1.0201909742096331
62462.0332 lsst_hardware_y 12.816421017361542 51.04999923706055 30.059999465942383 AB 4.7790710394192 1.019426416258497
62462.0544 lsst_hardware_g 7.722159906784945 72.88999938964844 31.739999771118164 AB 4.544276206395344 1.0166166009832986
62464.0333 lsst_hardware_y 78.78858779626864 47.939998626708984 30.059999465942383 AB 7.914451101078812 1.01723804906544
62464.0532 lsst_hardware_i -26.231494075384134 30.6299991607666 31.260000228881836 AB 7.692300210420166 1.017859061011787
62467.0198 lsst_hardware_y -34.655841534843404 71.08999633789062 30.079999923706055 AB 4.930882648091737 1.019303906582271
62467.0384 lsst_hardware_i -18.25587054818164 30.850000381469727 31.260000228881836 AB 4.913535201505578 1.0161905178647594
62683.4223 lsst_hardware_r 18.685079997301408 23.110000610351562 31.5 AB 9.588412506776729 1.022146170148917
62683.4447 lsst_hardware_y -5.515517090438193 68.9000015258789 30.079999923706055 AB 9.460903223568522 1.0160632086599195
62687.4245 lsst_hardware_z 6.002433636885505 41.02000045776367 30.950000762939453 AB 5.318580182342441 1.0165481999889985
62687.444 lsst_hardware_y -43.119611113728375 67.01000213623047 30.06999969482422 AB 5.347177252551158 1.0188495693900173
62689.4256 lsst_hardware_u 3.7015445433323717 2.8299999237060547 28.469999313354492 AB 1.7511739012821204 1.015909442368315
62689.4445 lsst_hardware_y -150.5520271383856 69.55999755859375 30.06999969482422 AB 1.7494880696858772 1.02209624324394
62708.3801 lsst_hardware_u -0.70721127141944 2.619999885559082 28.360000610351562 AB 6.82010333787085 1.0166613671360274
62708.4079 lsst_hardware_g 1.5399247378995145 14.619999885559082 31.43000030517578 AB 6.961254378635268 1.0360294250728417
62712.3179 lsst_hardware_i -29.676838057760925 30.549999237060547 31.25 AB 4.6720496041805895 1.0497808345535535
62712.3405 lsst_hardware_r 10.197018525893728 22.75 31.489999771118164 AB 4.908841478710328 1.0239730516891885
62721.2982 lsst_hardware_r -7.980098851082009 22.799999237060547 31.5 AB 2.664972269944617 1.0426339084290364
62721.3208 lsst_hardware_i 6.3596324270624525 30.15999984741211 31.25 AB 2.5720274486962325 1.0207808368949196
62724.3013 lsst_hardware_z -117.2449933207645 53.040000915527344 30.969999313354492 AB 5.786214385833937 1.029453395653055
62724.3225 lsst_hardware_r 6.738655510282301 65.16000366210938 31.649999618530273 AB 5.6952795310276905 1.016772113370809
62730.2755 lsst_hardware_i 23.07045802884991 66.1500015258789 31.329999923706055 AB 3.5996195936269264 1.0401270226473818
62730.2939 lsst_hardware_z -30.117669295308254 60.099998474121094 30.989999771118164 AB 4.265667016128733 1.0222063302489175
62732.3012 lsst_hardware_z 9.506260997793104 47.650001525878906 30.969999313354492 AB 2.7245307906315857 1.0166475788295353
62732.3215 lsst_hardware_r 58.00395384705156 48.13999938964844 31.6299991607666 AB 2.7327393893931333 1.0190134760485254
62734.2889 lsst_hardware_i -14.468425332923736 33.939998626708984 31.270000457763672 AB 1.1004601591172336 1.0189445917752162
62734.3097 lsst_hardware_r -4.410314647012357 30.3700008392334 31.56999969482422 AB 1.4391096747185927 1.0167991107291046
62737.2761 lsst_hardware_u 0.5910499652390806 2.799999952316284 28.520000457763672 AB 2.8662515114857197 1.021381384939232
62737.2958 lsst_hardware_g -14.875984584504643 14.449999809265137 31.459999084472656 AB 3.154452002243255 1.0159538373794
62739.2476 lsst_hardware_r -21.27845597001852 23.18000030517578 31.510000228881836 AB 2.5726942369001695 1.0446782228885365
62739.2642 lsst_hardware_i 19.401172781115417 30.579999923706055 31.260000228881836 AB 2.283024071805681 1.0260013804834158
62741.243 lsst_hardware_z 23.337602562573828 41.290000915527344 30.950000762939453 AB 4.159065559179192 1.0434619843226072
62741.2601 lsst_hardware_r 2.87215350028872 22.989999771118164 31.5 AB 3.7156265582824006 1.0249061856240531
62743.2449 lsst_hardware_u -0.9325827401772647 2.809999942779541 28.510000228881836 AB 2.8842492535430657 1.034182658813661
62743.2621 lsst_hardware_g -3.3381683193463294 14.479999542236328 31.450000762939453 AB 2.793614703068461 1.0200327532883473
62750.2426 lsst_hardware_r 42.10046937432219 33.08000183105469 31.59000015258789 AB 0.42680017974105483 1.0202394734845932
62750.2625 lsst_hardware_i -21.749323038062258 34.869998931884766 31.280000686645508 AB 0.8129199971691323 1.0161499964614154
62752.2133 lsst_hardware_i -65.68670334667834 71.18000030517578 32.06999969482422 AB 2.5069358471983474 1.0429993470297878
62752.2318 lsst_hardware_z -77.44425611622178 71.62999725341797 31.729999542236328 AB 2.4727715463761024 1.0236040759085594
62756.206 lsst_hardware_z -20.77327046488988 86.83000183105469 31.0 AB 2.7905872362976862 1.038229268790607
62756.2232 lsst_hardware_r 9.613604792001393 130.5800018310547 31.670000076293945 AB 3.0946814776668874 1.0220216240643618
62759.2033 lsst_hardware_i -43.78826770023366 61.810001373291016 31.329999923706055 AB 1.1114575961145647 1.03191420915859
62759.2224 lsst_hardware_r -32.90658833835447 73.68000030517578 31.65999984741211 AB 0.7700174708351462 1.01820492011468
62763.1895 lsst_hardware_g -31.645454762115847 14.680000305175781 31.450000762939453 AB 6.33853650874942 1.0350884288415578
62763.2095 lsst_hardware_r 10.664985791233931 24.6299991607666 31.530000686645508 AB 6.019161697923786 1.0190454341856712
62766.1851 lsst_hardware_i -54.536738270658255 30.829999923706055 31.260000228881836 AB 2.325868944220709 1.0309702766934348
62766.2035 lsst_hardware_z -15.539753657621315 40.959999084472656 30.950000762939453 AB 2.2739761867218817 1.0181223132849258
62768.1441 lsst_hardware_i 25.400686874182732 31.31999969482422 31.239999771118164 AB 3.8278954916891403 1.0913458279940529
62768.1619 lsst_hardware_u 0.41497809240845107 2.6700000762939453 28.389999389648438 AB 3.696798583504277 1.0548217377318965
62770.2178 lsst_hardware_i 1.6178161255250076 30.649999618530273 31.25 AB 3.165461253587907 1.0190346346994015
62770.2315 lsst_hardware_r 24.938981342155426 23.31999969482422 31.5 AB 3.156483611566477 1.0285055756164558
62773.1715 lsst_hardware_u -1.5437810071518385 2.7300000190734863 28.459999084472656 AB 4.141018185510055 1.0258932702861001
62773.1915 lsst_hardware_g -8.310124492899064 14.619999885559082 31.450000762939453 AB 4.101349900546582 1.0162337147750662
62775.1485 lsst_hardware_g -25.945724244072505 14.470000267028809 31.43000030517578 AB 6.248940260516212 1.0458477423458097
62775.1677 lsst_hardware_r 6.796792034453157 23.170000076293945 31.5 AB 4.891563710214141 1.0245721757793287
62779.1275 lsst_hardware_z -20.711339970416994 45.04999923706055 30.959999084472656 AB 4.266131010259249 1.0625481968263013
62779.1467 lsst_hardware_r 66.39030543406007 38.52000045776367 31.610000610351562 AB 4.5215114958949325 1.0340792443438143
62784.145 lsst_hardware_z -58.29257458876611 114.94000244140625 31.75 AB 3.176000080132547 1.0231959021045576
62786.1283 lsst_hardware_r 134.7396429311186 110.55000305175781 31.65999984741211 AB 6.209196902550589 1.0332875167190354
62786.1471 lsst_hardware_i 83.0885386452006 85.18000030517578 31.34000015258789 AB 6.140861497717249 1.0188637277411579
62788.1314 lsst_hardware_z 35.73944615335366 55.22999954223633 30.979999542236328 AB 8.619875433956507 1.025199266645636
62788.1488 lsst_hardware_r -31.203597190484935 70.2300033569336 31.65999984741211 AB 8.475224072755992 1.0165389500347528
62790.1142 lsst_hardware_i 69.06355842447581 30.75 31.260000228881836 AB 8.088950104448221 1.0369562564458572
62790.1316 lsst_hardware_u -3.4501342946585645 4.900000095367432 28.93000030517578 AB 8.029609842262571 1.02125403399206
62792.1096 lsst_hardware_g 0.8376484272427681 14.470000267028809 31.450000762939453 AB 8.933221799922405 1.0359260308564098
62792.128 lsst_hardware_r 0.8848052281484067 23.18000030517578 31.510000228881836 AB 6.235610803837688 1.0201964612391914
62795.1118 lsst_hardware_i -7.4801188698848415 30.6299991607666 31.260000228881836 AB 2.749007620998779 1.0255896611840616
62795.1305 lsst_hardware_r -15.387403857681614 23.100000381469727 31.520000457763672 AB 2.671392509603089 1.0163826923030141
62798.1339 lsst_hardware_r -31.680114455454788 22.989999771118164 31.510000228881836 AB 2.8626208787739 1.016555709791868
62798.1578 lsst_hardware_i -1.6782406219304011 30.690000534057617 31.260000228881836 AB 2.9102777800282493 1.0311906386848257
62800.1007 lsst_hardware_z -24.95712018892684 41.0 30.959999084472656 AB 2.3407025912336983 1.0236308708018627
62800.1179 lsst_hardware_r -9.751808724100039 22.989999771118164 31.520000457763672 AB 2.3201842911783084 1.0162132817775373
62802.1021 lsst_hardware_u 2.3693417206754925 2.890000104904175 28.600000381469727 AB 3.8240502660588835 1.019474877648217
62802.1186 lsst_hardware_g -3.8204981053036215 14.4399995803833 31.469999313354492 AB 3.8508442185995433 1.0159645286955736
62804.0806 lsst_hardware_g -23.371968252332373 14.59000015258789 31.479999542236328 AB 5.358486585054387 1.0317347894976678
62804.0971 lsst_hardware_r -5.996964633479505 23.09000015258789 31.530000686645508 AB 6.115517012178599 1.0192528353630999
62808.0788 lsst_hardware_i 7.937336459519541 39.939998626708984 31.299999237060547 AB 3.018122437606501 1.0236706967574338
62808.0962 lsst_hardware_r 7.035927486197207 40.5 31.6200008392334 AB 4.086109082243758 1.016192261189589
62814.0648 lsst_hardware_z 117.69144070611135 97.08999633789062 31.75 AB 6.546163900498904 1.0220396409834354
62818.0591 lsst_hardware_i 26.602252220709193 30.510000228881836 31.260000228881836 AB 4.463343009785134 1.019144425113628
62818.0766 lsst_hardware_z 12.105511508638777 46.439998626708984 30.959999084472656 AB 4.449058360159619 1.0161147333926273
62821.0536 lsst_hardware_g 12.553478981269548 14.1899995803833 31.440000534057617 AB 6.105189268913333 1.0180122728366172
62821.074 lsst_hardware_r 14.669202909662898 22.799999237060547 31.5 AB 6.06800262769963 1.0172962576824662
62824.0304 lsst_hardware_y 31.69431090576578 47.619998931884766 30.049999237060547 AB 5.820956094398689 1.0274693035536961
62824.0496 lsst_hardware_i -4.932545016970272 30.3700008392334 31.25 AB 4.7917787398971905 1.016733177946535
62828.0332 lsst_hardware_z -52.18006443937444 42.060001373291016 30.950000762939453 AB 7.767925680123163 1.0185217237923037
62828.053 lsst_hardware_u -2.1296455027509844 2.75 28.479999542236328 AB 6.920289774844143 1.0167800533607
62830.0182 lsst_hardware_y -91.55717701453169 78.68000030517578 30.079999923706055 AB 6.423559319873058 1.0240555829322548
62830.0361 lsst_hardware_r 30.38619932165307 23.309999465942383 31.5 AB 6.396428770824468 1.0161933069861733
62832.0202 lsst_hardware_y 102.851907228865 70.25 30.079999923706055 AB 4.97115921981495 1.019463567252489
62832.0394 lsst_hardware_z 15.858109804313854 41.34000015258789 30.950000762939453 AB 4.9623592456626655 1.0162521494291759
62834.0204 lsst_hardware_y 42.534171255046374 77.4000015258789 30.079999923706055 AB 6.273979798013229 1.0172371720283369
62834.0404 lsst_hardware_u 0.6902963457773943 3.2100000381469727 28.549999237060547 AB 6.27895071922748 1.0179331076834606
