data/validation/pwv_sim_epoch_fit_epoch/8741588.ecsv
# %ECSV 0.9
# ---
# datatype:
# - {name: time, datatype: float64}
# - {name: band, datatype: string}
# - {name: flux, datatype: float64}
# - {name: fluxerr, datatype: float64}
# - {name: zp, datatype: float64}
# - {name: zpsys, datatype: string}
# - {name: pwv, datatype: float64}
# - {name: airmass, datatype: float64}
# meta: {SNID: '8741588', alt: 1024.0, c: -0.05238834396004677, dec: -49.31284, lat: -30.244573, lon: -70.7499537, ra: 176.903671, t0: 62617.3671875,
#   x0: 2.1925734300860204e-06, x1: -0.5921643376350403, z: 0.8582685589790344}
# schema: astropy-2.0
time band flux fluxerr zp zpsys pwv airmass
62519.3578 lsst_hardware_y 124.62935709816692 74.05999755859375 30.799999237060547 AB 7.06996426459703 1.0593161504721542
62521.3554 lsst_hardware_r -37.13131552683315 78.9000015258789 31.649999618530273 AB 10.32812767630516 1.059132202871876
62521.3678 lsst_hardware_z 39.62016434306172 64.62000274658203 30.979999542236328 AB 10.4372791538309 1.060779953129643
62523.3622 lsst_hardware_z 20.861703028777836 56.439998626708984 30.969999313354492 AB 9.4473116583043 1.0607408576261423
62523.3733 lsst_hardware_y 50.89433588500596 67.30999755859375 30.059999465942383 AB 9.491654234040224 1.0654604292574759
62527.3345 lsst_hardware_g 22.398148028118054 37.470001220703125 31.670000076293945 AB 14.808151618720274 1.0594909338459533
62527.3487 lsst_hardware_i -25.696390925481293 39.849998474121094 31.280000686645508 AB 14.821052722965263 1.060091628920273
62529.3385 lsst_hardware_r -6.435021638596487 25.850000381469727 31.530000686645508 AB 12.512647314900718 1.0593315162676455
62529.3516 lsst_hardware_z 42.55691517412088 41.88999938964844 30.940000534057617 AB 12.548792590832623 1.062811506359073
62533.34 lsst_hardware_i -25.08044716606014 30.260000228881836 31.25 AB 12.43581731175207 1.0625271113937176
62533.3528 lsst_hardware_z 30.68932499079915 41.380001068115234 30.950000762939453 AB 12.627485405999984 1.06991431688649
62535.3464 lsst_hardware_r 6.846747285018568 22.079999923706055 31.479999542236328 AB 11.453585082249168 1.0692293766102607
62535.3573 lsst_hardware_g -3.9414551382454395 13.319999694824219 31.389999389648438 AB 11.523231783069136 1.07861763960085
62537.3428 lsst_hardware_r -15.650686934219939 21.90999984741211 31.469999313354492 AB 7.3519737395704645 1.0706108230671145
62537.3553 lsst_hardware_i -6.204930034528372 30.15999984741211 31.229999542236328 AB 7.4319977975062885 1.0822641049702744
62539.2831 lsst_hardware_g 11.582660260518143 13.010000228881836 31.3700008392334 AB 4.5123594568245 1.0663944991215315
62539.2947 lsst_hardware_i -18.10743449601966 29.940000534057617 31.239999771118164 AB 3.8469132870248126 1.061071103854589
62541.2888 lsst_hardware_z 53.212751838985994 41.09000015258789 30.940000534057617 AB 5.6134568989792 1.0612118405027184
62541.3003 lsst_hardware_r -1.7949243442933844 21.940000534057617 31.479999542236328 AB 5.8028586557177215 1.0591574092115392
62543.2941 lsst_hardware_g 5.660324606602072 13.079999923706055 31.389999389648438 AB 3.966670751985841 1.0591911220255916
62543.3051 lsst_hardware_r -21.985273293090227 21.889999389648438 31.479999542236328 AB 4.039052944501206 1.0601188830712043
62546.2841 lsst_hardware_i -2.4755161310128977 30.049999237060547 31.239999771118164 AB 3.6569845256994133 1.0593302348378544
62546.2949 lsst_hardware_z -46.30821092579615 41.06999969482422 30.950000762939453 AB 2.7432754584442147 1.059725260794787
62548.2776 lsst_hardware_z 15.869046571534986 53.220001220703125 30.969999313354492 AB 4.807772074971621 1.0594473501479993
62548.289 lsst_hardware_r -50.58667810698821 65.48999786376953 31.639999389648438 AB 4.804292291229369 1.0596534848133006
62550.279 lsst_hardware_z 0.005495201391637568 64.04000091552734 30.989999771118164 AB 5.027148503477204 1.05918325066678
62550.2897 lsst_hardware_r -43.81051671175863 92.80999755859375 31.65999984741211 AB 5.085418871560962 1.061120265323101
62552.2747 lsst_hardware_i -49.80281940125329 71.02999877929688 31.329999923706055 AB 2.866699173295339 1.0592557605476063
62552.286 lsst_hardware_z 65.4711484546952 63.58000183105469 30.989999771118164 AB 2.8931747171773994 1.0617154925421648
62554.2764 lsst_hardware_r 61.3631938661659 66.12000274658203 31.639999389648438 AB 10.123699257589625 1.06044335798774
62554.2878 lsst_hardware_z 0.05253657753733655 54.90999984741211 30.969999313354492 AB 10.161399356900278 1.0649966573457648
62557.2694 lsst_hardware_i -3.47748283395811 34.599998474121094 31.270000457763672 AB 9.347480484574442 1.0607671907143033
62557.2803 lsst_hardware_z 24.073516731068725 43.099998474121094 30.950000762939453 AB 9.431990388559688 1.0653804162608131
62559.275 lsst_hardware_r 48.3596736200428 22.780000686645508 31.489999771118164 AB 6.286286248980879 1.0654722455899794
62559.2868 lsst_hardware_g 15.875116878950228 14.899999618530273 31.450000762939453 AB 6.40542348037417 1.073954643778154
62561.2721 lsst_hardware_r -26.832975405602046 21.940000534057617 31.479999542236328 AB 4.146834063635475 1.0670070708584536
62561.2839 lsst_hardware_i 12.731603943997815 30.06999969482422 31.239999771118164 AB 4.167354000084148 1.0762794421704929
62563.2489 lsst_hardware_i 29.751603177731155 30.049999237060547 31.239999771118164 AB 5.539972846250639 1.0598086046902129
62563.2594 lsst_hardware_z -24.532469147815828 41.029998779296875 30.940000534057617 AB 6.194364136784262 1.0631059731323105
62566.2533 lsst_hardware_r -14.436096000361232 21.84000015258789 31.469999313354492 AB 8.295079154432045 1.0640969571135235
62566.2662 lsst_hardware_u -1.085682687175568 2.5 28.299999237060547 AB 8.346139445930921 1.072688137684311
62568.2494 lsst_hardware_g 5.485999959309565 13.09000015258789 31.3700008392334 AB 11.496048934074619 1.064909121293888
62568.2616 lsst_hardware_r 15.004777566922389 21.93000030517578 31.469999313354492 AB 10.626824732880788 1.073416639684928
62571.2428 lsst_hardware_i -13.17060349129207 30.1299991607666 31.239999771118164 AB 9.200978491347444 1.0658018427160512
62571.2543 lsst_hardware_z 9.525586063921066 41.25 30.940000534057617 AB 9.48108779528485 1.074192074242725
62572.2432 lsst_hardware_r -7.007760897907766 22.030000686645508 31.479999542236328 AB 7.901317473462345 1.0677456045219385
62572.2557 lsst_hardware_g -25.878317315259174 13.300000190734863 31.399999618530273 AB 8.609717616896887 1.0780563817642916
62575.2496 lsst_hardware_r -21.297853725260413 34.13999938964844 31.56999969482422 AB 9.962043485702532 1.0801890469723354
62575.2614 lsst_hardware_i -18.888872380016842 36.65999984741211 31.260000228881836 AB 9.521915492422588 1.0944730451060447
62580.2 lsst_hardware_r 67.3350070630397 112.4000015258789 31.649999618530273 AB 5.615048515547169 1.0594431161409754
62580.2119 lsst_hardware_z -171.0243310621397 74.87000979162224 30.989999771118164 AB 5.221841236012873 1.0626457541743737
62582.1987 lsst_hardware_y 116.48966685828665 53.50279493249715 30.049999237060547 AB 5.083905378233821 1.0601592586463784
62582.2116 lsst_hardware_r 39.49592528056143 82.04999946800949 31.649999618530273 AB 6.113063503965334 1.0651482800578482
62584.1993 lsst_hardware_i 54.98678500426489 46.020781247714226 31.299999237060547 AB 6.316922618537383 1.0619800140440268
62584.2118 lsst_hardware_z 38.019382483547375 48.81473147161375 30.959999084472656 AB 6.339576238954347 1.068678038763982
62587.1567 lsst_hardware_z -5.526902565745946 41.20980356206089 30.940000534057617 AB 7.3407471226718375 1.0638763945901213
62587.1692 lsst_hardware_r -20.884583963611487 22.46459584316313 31.479999542236328 AB 7.098237288311952 1.0597547459408707
62589.1529 lsst_hardware_u 4.923663571808485 2.573327320609764 28.350000381469727 AB 6.977494891026674 1.063102319607924
62589.1645 lsst_hardware_r -69.18230156312259 22.39435578243549 31.479999542236328 AB 6.98791880780649 1.0596318450980322
62591.1462 lsst_hardware_i 95.73711455364132 31.18416933285069 31.239999771118164 AB 5.3813974123616 1.0636749344985126
62591.1565 lsst_hardware_z 30.075063134111954 41.62618264807633 30.940000534057617 AB 5.355376004467662 1.0601031334621986
62594.1855 lsst_hardware_u 3.5999036638415385 2.9375438667709064 28.350000381469727 AB 6.679444991425001 1.0693956118195647
62594.1974 lsst_hardware_g 83.36360883416745 15.912320760562945 31.3799991607666 AB 6.785132796194198 1.0798619834791827
62596.1414 lsst_hardware_g 83.48737505652583 16.768537804623953 31.389999389648438 AB 7.481799655908064 1.0604459495286949
62596.1545 lsst_hardware_r 131.21395849599878 24.229043627839715 31.489999771118164 AB 7.463653348785846 1.0592752410993331
62598.1408 lsst_hardware_i 252.78888586124702 34.39009541746685 31.239999771118164 AB 10.720490269257231 1.0595114744777367
62598.1535 lsst_hardware_z 195.75778479355967 43.04594769788219 30.940000534057617 AB 10.751897329748815 1.0598571331158062
62600.1235 lsst_hardware_z 229.52834858037298 43.6545323239074 30.940000534057617 AB 7.572662014399289 1.0628297564069178
62600.1362 lsst_hardware_r 192.49845039976967 26.33655454416092 31.479999542236328 AB 7.325280205305797 1.0594085190983868
62602.1354 lsst_hardware_r 345.11932704699325 32.6436043074371 31.549999237060547 AB 3.1625000961842815 1.0591683269386374
62602.1464 lsst_hardware_i 350.4676690877696 39.04730563209922 31.260000228881836 AB 3.224690732587466 1.0607535304564033
62604.1304 lsst_hardware_z 301.9785858351492 49.97750184654839 30.969999313354492 AB 8.98621624442067 1.0591748839313233
62604.1414 lsst_hardware_i 556.4325370722638 47.715386723686414 31.299999237060547 AB 9.058207887230294 1.0608871232360289
62608.132 lsst_hardware_r 681.5878868887623 110.02226452917466 31.65999984741211 AB 15.507244968301544 1.0613646401009302
62608.1435 lsst_hardware_i 838.015788347533 89.11945327007837 31.34000015258789 AB 15.630920777600785 1.0668599520590243
62613.9936 lsst_hardware_z 595.3931751409523 48.92084348304087 30.93000030517578 AB 7.9577138860717165 1.2233540012921238
62614.0001 lsst_hardware_r 506.93919637871966 31.79488377138315 31.459999084472656 AB 7.303969682575918 1.2024974781982085
62616.1142 lsst_hardware_r 1008.943788601809 44.13748806417737 32.22999954223633 AB 14.404299594978584 1.0629172004657668
62616.1269 lsst_hardware_i 1451.5225463628176 57.66411387210318 32.0 AB 15.13431936804509 1.0704962653935177
62620.1039 lsst_hardware_u 0.10791807293995445 2.671782862022595 28.399999618530273 AB 9.38551837765146 1.0631935631519984
62620.1152 lsst_hardware_g 32.83005378843133 15.007283821471564 31.389999389648438 AB 9.425136127458067 1.0699135712413794
62623.0897 lsst_hardware_i 662.7567534853118 39.88898247568368 31.260000228881836 AB 9.535265505416705 1.0609474832174357
62623.101 lsst_hardware_z 553.8916762196411 47.06086263650759 30.959999084472656 AB 9.530326431399917 1.0659326794370305
62625.0464 lsst_hardware_z 442.04317356995716 46.793228745808975 30.950000762939453 AB 11.756750602046697 1.0676308211084904
62625.0565 lsst_hardware_r 345.05338984368393 28.346973545647728 31.489999771118164 AB 11.6525556226599 1.0623170409937004
62627.045 lsst_hardware_u -2.3210268740663778 2.7360932999234664 28.479999542236328 AB 3.8360727803038746 1.0651812607285842
62627.0575 lsst_hardware_r 258.377889037823 27.71814698574809 31.5 AB 3.8184080668138254 1.060276212554746
62631.0897 lsst_hardware_z 458.807249262107 47.237502566803066 30.950000762939453 AB 8.134800064255307 1.0735466927423698
62631.1011 lsst_hardware_i 527.9199256655794 39.78155241436145 31.25 AB 8.226366331315775 1.085093662828132
62633.0408 lsst_hardware_r 150.52265688641185 45.98844330347752 31.610000610351562 AB 10.801024447830303 1.0603533633898936
62633.0525 lsst_hardware_z 409.2474848641963 50.36423572738795 30.959999084472656 AB 12.081564581828646 1.0592288779439458
62639.0215 lsst_hardware_r 116.95230668010068 89.95938452378991 31.649999618530273 AB 7.7372490889609224 1.0611690847194442
62639.034 lsst_hardware_i 347.9750420896322 73.23194779468268 31.329999923706055 AB 7.7227457765363186 1.0591799453503918
62644.0197 lsst_hardware_u 3.118281531757294 2.6401116163039573 28.43000030517578 AB 1.2950341390867883 1.0591882271702195
62644.0318 lsst_hardware_r 56.62066209843309 23.695814506870395 31.489999771118164 AB 1.4066087793965938 1.0607909346882305
62649.0835 lsst_hardware_u 2.5229283223571293 2.5879296709491797 28.34000015258789 AB 8.68593961148942 1.1365311889420242
62649.0944 lsst_hardware_g 12.718503095642168 13.859644650958169 31.360000610351562 AB 8.910249563608616 1.1617013772631832
62654.0179 lsst_hardware_r 28.66885958632915 22.961270776372245 31.469999313354492 AB 11.434609919272694 1.066877004301841
62654.0312 lsst_hardware_g 43.60615713516101 13.915210433234572 31.3700008392334 AB 11.575480337988566 1.0774988485115216
62655.017 lsst_hardware_r 54.90301859278484 22.874134554169 31.469999313354492 AB 9.628602723511051 1.068064639324545
62655.0284 lsst_hardware_i 91.77334285704386 31.73268602474851 31.239999771118164 AB 9.710800290008025 1.0774314962793488
62656.9975 lsst_hardware_i 64.38585580506617 31.537987029245677 31.239999771118164 AB 12.61991642748113 1.0611511094356014
62657.0095 lsst_hardware_z 64.83546261013788 42.47010112372152 30.940000534057617 AB 10.781266487222613 1.0667480033531611
62881.3527 lsst_hardware_i -60.17616409241119 44.7599983215332 31.299999237060547 AB 5.721535929197716 1.0631860873729846
62881.3664 lsst_hardware_z -101.9600037449589 62.45000076293945 30.979999542236328 AB 5.662026888814741 1.0593788615719235
62883.3548 lsst_hardware_r -20.819522777452292 31.420000076293945 31.579999923706055 AB 2.43915542599926 1.060502359130113
62883.3678 lsst_hardware_y 26.051975005825938 59.29999923706055 30.059999465942383 AB 2.4362549847214243 1.0592412977049672
62889.3608 lsst_hardware_u -0.9615007813709562 3.1700000762939453 28.56999969482422 AB 9.907520993176547 1.0609612072044063
62889.3745 lsst_hardware_y 187.95470193112232 66.06999969482422 30.059999465942383 AB 10.145142443362714 1.067460273922851
62891.3552 lsst_hardware_r 11.70136899040605 22.290000915527344 31.5 AB 10.169806541723213 1.0609204424991616
62891.3679 lsst_hardware_y -7.423165847717217 51.70000076293945 30.049999237060547 AB 10.313574969683131 1.0667376283071675
62893.3401 lsst_hardware_z 39.24533175852668 41.06999969482422 30.950000762939453 AB 11.611198701391912 1.0592226511030753
62893.3522 lsst_hardware_u -0.21498591153126625 2.7300000190734863 28.469999313354492 AB 11.673707310483817 1.061728723099938
62895.3428 lsst_hardware_g -4.052640973242593 13.390000343322754 31.420000076293945 AB 12.336826773913328 1.0605101994122994
62895.3544 lsst_hardware_r -13.153596926935565 22.229999542236328 31.489999771118164 AB 12.276720282855877 1.065225187232614
62897.345 lsst_hardware_i -39.87978696186449 30.280000686645508 31.25 AB 12.2343732171123 1.0632421683469613
62897.3564 lsst_hardware_z -1.412947064539394 41.40999984741211 30.950000762939453 AB 12.450328357092861 1.0700754926594638
62906.2607 lsst_hardware_i 26.94083841814492 69.11000061035156 31.329999923706055 AB 5.715261616806699 1.081207267651662
62906.2725 lsst_hardware_z -97.14110552852519 62.59000015258789 30.979999542236328 AB 5.672483477207256 1.0704145446988154
62910.2994 lsst_hardware_r -23.295090022470625 51.41999816894531 31.6299991607666 AB 6.041757760284677 1.0599575018043292
62910.3103 lsst_hardware_i 1.8439174474488917 46.66999816894531 31.309999465942383 AB 6.062613160394082 1.0636163439287862
62917.2726 lsst_hardware_r 18.734489996734464 21.940000534057617 31.489999771118164 AB 2.8993171519296017 1.059175773963566
62917.2845 lsst_hardware_i -18.334429487166446 30.049999237060547 31.25 AB 2.9142696217113984 1.0610204933415286
62919.2738 lsst_hardware_z 68.22416691146455 41.099998474121094 30.950000762939453 AB 9.878490546392056 1.0597722657407775
62919.2859 lsst_hardware_i -30.410069466664662 30.110000610351562 31.25 AB 10.093749038395648 1.0637035633370022
62921.2716 lsst_hardware_u 0.4533937800070678 2.6500000953674316 28.440000534057617 AB 10.491403625356902 1.0604697139800436
62921.2816 lsst_hardware_g 14.385358871895708 13.119999885559082 31.389999389648438 AB 10.528353343056015 1.0642763045798347
62923.2735 lsst_hardware_r 2.18454811330494 21.969999313354492 31.479999542236328 AB 6.89638519483251 1.063026619627362
62923.2844 lsst_hardware_i -28.342030792113913 30.260000228881836 31.25 AB 6.945039743160606 1.069345064128609
62927.2542 lsst_hardware_r -0.8444579948165578 21.8799991607666 31.479999542236328 AB 3.708674196142829 1.0602270429224783
62927.2666 lsst_hardware_g 9.44677025628074 13.029999732971191 31.3700008392334 AB 3.655807608439233 1.0650051296676732
