data/validation/pwv_sim_epoch_fit_epoch/8789715.ecsv
# %ECSV 0.9
# ---
# datatype:
# - {name: time, datatype: float64}
# - {name: band, datatype: string}
# - {name: flux, datatype: float64}
# - {name: fluxerr, datatype: float64}
# - {name: zp, datatype: float64}
# - {name: zpsys, datatype: string}
# - {name: pwv, datatype: float64}
# - {name: airmass, datatype: float64}
# meta: {SNID: '8789715', alt: 1024.0, c: -0.09921059012413025, dec: -43.804489, lat: -30.244573, lon: -70.7499537, ra: 231.402435, t0: 60475.48046875,
#   x0: 8.130464535189835e-06, x1: 0.5987328886985779, z: 0.5012298822402954}
# schema: astropy-2.0
time band flux fluxerr zp zpsys pwv airmass
60367.3883 lsst_hardware_r -45.18221055087668 74.44000244140625 31.649999618530273 AB 5.174757796820827 1.0327311873114458
60367.3988 lsst_hardware_y 1.981834344883342 72.08000183105469 30.06999969482422 AB 5.176589580207117 1.0295524224755443
60372.382 lsst_hardware_g -14.434456637971806 43.5 31.700000762939453 AB 7.120411412901957 1.0302017959346936
60372.3941 lsst_hardware_z 70.94801641237693 51.2599983215332 30.969999313354492 AB 7.036672465737052 1.0291294282613606
60381.3768 lsst_hardware_r -37.23960829916591 22.799999237060547 31.5 AB 14.598939585274298 1.0303315592736044
60381.3888 lsst_hardware_z -20.6992301221137 41.56999969482422 30.950000762939453 AB 14.680766115843007 1.0353636359849825
60386.3865 lsst_hardware_r -29.473835591941775 23.010000228881836 31.5 AB 7.459511530364546 1.0436897450578257
60386.3975 lsst_hardware_i 15.938073046760021 31.709999084472656 31.260000228881836 AB 7.595216249039997 1.0551842524367876
60388.3426 lsst_hardware_z 37.37635074893394 40.810001373291016 30.940000534057617 AB 5.325364881950435 1.0293875416141305
60388.3545 lsst_hardware_r -33.55381618356914 22.709999084472656 31.489999771118164 AB 5.345868397121326 1.029635669707518
60390.3606 lsst_hardware_u -2.459051102167503 2.6600000858306885 28.420000076293945 AB 6.4318679516315616 1.0334393173941094
60390.3758 lsst_hardware_r -13.580145903225382 22.84000015258789 31.5 AB 5.879433632036743 1.043887191093567
60398.3081 lsst_hardware_r 43.226066465059716 84.36000061035156 31.649999618530273 AB 6.475199331045636 1.0310416513746867
60398.3207 lsst_hardware_i -3.79918484888311 69.22000122070312 31.329999923706055 AB 6.552944352311021 1.0290427688930623
60400.322 lsst_hardware_z 43.95373255613233 56.040000915527344 30.979999542236328 AB 5.268555313522479 1.0296850775614226
60400.3344 lsst_hardware_r -178.61421823443274 65.47000122070312 31.649999618530273 AB 6.220471533138692 1.0339879543116177
60402.3079 lsst_hardware_z 3.8657224262640972 43.599998474121094 30.950000762939453 AB 5.93537778520541 1.029077810530904
60402.3199 lsst_hardware_r 32.80062285704812 34.52000045776367 31.59000015258789 AB 5.953771674544754 1.0304505739541503
60404.3121 lsst_hardware_i -52.092961666752636 30.989999771118164 31.260000228881836 AB 7.08304850551705 1.0298870964037878
60404.3251 lsst_hardware_z -62.882595470821364 41.279998779296875 30.950000762939453 AB 7.148763870992207 1.0348529054707654
60414.2917 lsst_hardware_r 25.091318567079686 22.790000915527344 31.510000228881836 AB 10.064780435693434 1.0319676443856693
60414.303 lsst_hardware_u 1.331878778013269 2.740000009536743 28.479999542236328 AB 10.239352182480358 1.0381053563623823
60416.2992 lsst_hardware_g -2.8277635074315155 14.1899995803833 31.450000762939453 AB 14.47655357439605 1.0392978934654657
60416.3111 lsst_hardware_r 11.276586854186359 22.979999542236328 31.510000228881836 AB 14.50545367035738 1.0500735622374358
60419.2758 lsst_hardware_r 39.62614367224683 37.5 31.600000381469727 AB 3.7084578137151505 1.0311535501675697
60419.2872 lsst_hardware_i -8.349475232686515 38.04999923706055 31.290000915527344 AB 3.7287469122555414 1.0366749211590403
60421.282 lsst_hardware_z 46.93479401613475 55.04999923706055 30.979999542236328 AB 8.720533512688409 1.036842126587848
60421.2938 lsst_hardware_r 12.863696858760543 68.80999755859375 31.649999618530273 AB 7.258522496359395 1.0463489255239145
60425.268 lsst_hardware_z 2.6166875438183252 89.33000183105469 31.0 AB 6.321616568956946 1.0349873637694706
60425.2796 lsst_hardware_r 94.22679724591241 134.61000061035156 31.65999984741211 AB 6.288880725960999 1.0433214260646175
60428.2632 lsst_hardware_r 35.85915717132256 77.1500015258789 31.65999984741211 AB 11.034160564043136 1.0370451657935278
60428.272 lsst_hardware_z 32.825546391515026 60.25 30.979999542236328 AB 11.137827455338877 1.0438451223373044
60431.2238 lsst_hardware_r -21.46397007287727 32.52000045776367 31.59000015258789 AB 8.201208653846209 1.029612736924114
60431.2353 lsst_hardware_y 35.32811164353578 47.59000015258789 30.059999465942383 AB 8.32596592635564 1.0293690680733525
60434.2249 lsst_hardware_g 8.56691927227014 14.220000267028809 31.440000534057617 AB 9.412244400573627 1.029147982713909
60434.2376 lsst_hardware_r 13.55835336104555 22.979999542236328 31.5 AB 9.467093069602244 1.0321732522462106
60442.1914 lsst_hardware_r 9.103864404894123 32.709999084472656 32.25 AB 6.191559457080492 1.030095295654474
60442.2026 lsst_hardware_u 6.978146537911367 3.7300000190734863 29.139999389648438 AB 6.150018353515579 1.029119537067569
60444.2029 lsst_hardware_u 3.32446784689468 2.690000057220459 28.420000076293945 AB 6.710640570289063 1.0298975168623787
60444.2152 lsst_hardware_g -24.556950549101355 14.460000038146973 31.440000534057617 AB 6.658971768915362 1.0344837298299125
60448.1853 lsst_hardware_r 73.85767093527467 47.90998713394121 31.6299991607666 AB 8.616550463590972 1.0290773566397324
60448.1981 lsst_hardware_y -32.796339102649995 48.86653601276736 30.049999237060547 AB 8.6416105472678 1.0316801130897175
60457.2135 lsst_hardware_z 376.68756519478444 58.572490875661956 30.979999542236328 AB 7.517259208152738 1.0684754755387305
60457.2251 lsst_hardware_i 559.9152729159252 62.29457068401985 31.31999969482422 AB 7.674542633426764 1.0879703194537516
60461.1302 lsst_hardware_i 1013.3499005845244 44.61617865016392 31.260000228881836 AB 7.372816957341837 1.033427597627693
60461.1421 lsst_hardware_r 1596.8645002567373 46.353280440870854 31.510000228881836 AB 7.364612321545745 1.0295837161394565
60463.1289 lsst_hardware_u 3.585472499654001 3.8589634781497075 28.399999618530273 AB 9.39909611479646 1.0316584349622926
60463.1411 lsst_hardware_g 915.6745629826592 33.88054914983905 31.440000534057617 AB 9.267757851321656 1.029102918679534
60465.1281 lsst_hardware_r 2350.579814243766 53.68788637337508 31.510000228881836 AB 8.575641989919125 1.0302205836381333
60465.1406 lsst_hardware_i 1522.4965302848157 49.21971403508996 31.25 AB 8.566979389809076 1.0291799164843867
60467.1289 lsst_hardware_z 1020.5364518249336 53.52325015240087 30.950000762939453 AB 5.443718701198031 1.0291880579527408
60467.1418 lsst_hardware_r 2663.7144520900824 56.07854074220332 31.5 AB 5.502817367526588 1.030297204180226
60483.1007 lsst_hardware_i 1984.9214662655188 103.55932418708852 31.34000015258789 AB 3.299353843567439 1.0310480761148246
60483.1128 lsst_hardware_z 1360.4788809107968 88.10065633874949 31.0 AB 3.3180989026497714 1.0369059070780535
60484.1019 lsst_hardware_z 1460.6938313693754 78.55038912679272 30.989999771118164 AB 3.911886753044701 1.0325233379495076
60484.1146 lsst_hardware_r 2741.433070597961 113.64382962315152 31.65999984741211 AB 3.9269463049400133 1.040112913505528
60486.102 lsst_hardware_i 1728.4231699475554 65.09270300778873 31.309999465942383 AB 5.0920124379048435 1.0353125932710083
60486.1156 lsst_hardware_r 2480.425722617941 76.02624198240727 31.639999389648438 AB 5.14509749363369 1.0456629676280977
60490.9735 lsst_hardware_z 2153.6899066359947 76.01148203056682 31.690000534057617 AB 8.959036124418562 1.1522876044268247
60490.9829 lsst_hardware_r 3344.4955039266542 66.69027611962713 32.22999954223633 AB 8.787207670796292 1.126998546979132
60492.0472 lsst_hardware_r 1600.8584197672408 45.98452474615721 31.489999771118164 AB 8.79755526530593 1.0326779143468097
60492.0598 lsst_hardware_i 1490.3085050845511 48.53259431882108 31.25 AB 8.852584698007005 1.0292705782006324
60498.0772 lsst_hardware_i 1155.3102154650235 45.279283756775584 31.239999771118164 AB 1.9748441051438461 1.0407610567292713
60498.0907 lsst_hardware_r 1040.6392661740326 39.279259976733066 31.479999542236328 AB 1.8220267398016792 1.0540069840734112
60500.0407 lsst_hardware_z 862.0100429017531 49.365703662227304 30.950000762939453 AB 8.423725964893242 1.0290824569238803
60500.0521 lsst_hardware_u 5.918821114678795 3.7098311415750267 28.459999084472656 AB 8.642804829730549 1.0304080152282256
60502.0417 lsst_hardware_g 178.6614455266677 20.254517170349622 31.469999313354492 AB 8.367606176005907 1.0294157810181346
60502.0528 lsst_hardware_r 822.7360227593913 36.58818065281601 31.510000228881836 AB 8.385228620388443 1.0325470589799677
60505.0258 lsst_hardware_r 786.3182511449955 45.46024806923393 31.600000381469727 AB 5.480279158081003 1.0291442997288311
60505.0378 lsst_hardware_i 885.4780550337426 48.15435590583216 31.290000915527344 AB 5.649588995772238 1.0302418957414612
60510.0107 lsst_hardware_r 545.9633074527978 99.36555484777658 31.65999984741211 AB 3.0301617701325103 1.0292669056156625
60510.0181 lsst_hardware_i 671.4920543172705 82.99131337595091 31.34000015258789 AB 2.9912491653050384 1.0292175130078123
60512.0235 lsst_hardware_z 1314.2872164178077 100.37330731510121 31.739999771118164 AB 6.229163791289416 1.031745555493071
60515.0034 lsst_hardware_r 314.87188464183305 29.39706984070823 31.5 AB 5.305035085220794 1.0291380423332808
60515.0157 lsst_hardware_g 33.50026903165927 16.147353324182173 31.420000076293945 AB 5.336274214689142 1.0318952329552293
60522.0045 lsst_hardware_u 4.741838238370609 3.681679927513471 28.469999313354492 AB 3.8479433619235355 1.0357855617559988
60522.0159 lsst_hardware_g 58.29747272194819 15.791460920953616 31.43000030517578 AB 3.877643799360055 1.0443659654879178
60526.001 lsst_hardware_z 456.88889752291874 46.23941552176583 30.940000534057617 AB 0.8272222240656839 1.0409675638410452
60526.012 lsst_hardware_u 8.95565826617811 3.772656738650422 28.3799991607666 AB 0.9266777748693296 1.0514498201996931
60528.0003 lsst_hardware_g 50.69738012202472 15.715051931047674 31.43000030517578 AB 3.59771560556519 1.0450880480944633
60528.0111 lsst_hardware_r 204.69615282201187 27.09389371002379 31.5 AB 3.7870713125352444 1.0568079566165047
60737.3869 lsst_hardware_i -14.047433024643952 31.09000015258789 31.260000228881836 AB 6.28422515226952 1.0294133153220792
60737.3995 lsst_hardware_y 59.89235520455369 59.369998931884766 30.06999969482422 AB 6.304890477858526 1.0297621642843848
60739.3847 lsst_hardware_r 27.817258243005778 23.170000076293945 31.5 AB 9.998101040879071 1.0291053016756062
60739.3978 lsst_hardware_y 8.541077784004232 53.90999984741211 30.059999465942383 AB 10.108495629227523 1.0306728371574132
60741.3787 lsst_hardware_g 22.629249748521797 14.430000305175781 31.440000534057617 AB 9.199289100265931 1.0291375571307886
60741.3918 lsst_hardware_y 22.71995811691735 48.029998779296875 30.049999237060547 AB 9.202024595152746 1.030519580620723
60743.3758 lsst_hardware_i -9.738423676949948 30.440000534057617 31.25 AB 7.7326606412833545 1.0290547808122283
60743.3883 lsst_hardware_z 9.598716814887633 41.2599983215332 30.950000762939453 AB 7.748136814533828 1.0311143345429394
60750.3675 lsst_hardware_z -5.968221854247148 64.33000183105469 30.989999771118164 AB 7.730511383778284 1.0305974381786913
60750.38 lsst_hardware_r -39.545785772558204 90.30999755859375 31.65999984741211 AB 7.978242549725908 1.0362251125282589
60752.3705 lsst_hardware_r 105.90436152915862 89.97000122070312 31.65999984741211 AB 7.671141592446747 1.0339510856820875
60752.3835 lsst_hardware_i 45.833403890608444 73.77999877929688 31.34000015258789 AB 7.4725324186024 1.0428487081993554
60756.3682 lsst_hardware_z -1.9083458519914411 46.380001068115234 30.969999313354492 AB 6.4580968065341375 1.0393375044043995
60756.3801 lsst_hardware_g -34.50607659995896 37.63999938964844 31.690000534057617 AB 6.053975185503385 1.0501257910673696
60758.3102 lsst_hardware_y 86.48214700299408 47.279998779296875 30.049999237060547 AB 6.240673479642969 1.0370299631057085
60758.3234 lsst_hardware_g 29.31430098372279 18.700000762939453 31.549999237060547 AB 6.230455224238652 1.0307643683081564
60760.3172 lsst_hardware_i -51.17959034657188 30.579999923706055 31.260000228881836 AB 6.509694065849731 1.030993675300876
60760.3286 lsst_hardware_z 95.41669343742782 40.9900016784668 30.959999084472656 AB 6.488946477072645 1.0290658894760234
60762.3197 lsst_hardware_r -4.4550316009923 22.829999923706055 31.510000228881836 AB 7.537140326094711 1.0292890103006251
60762.3313 lsst_hardware_g 9.553613489732989 14.130000114440918 31.450000762939453 AB 7.591517593445122 1.0297772101797507
60764.3106 lsst_hardware_r -4.751595869251666 22.8799991607666 31.520000457763672 AB 6.473973190848573 1.029862507989433
60764.3222 lsst_hardware_i -45.64908260971154 30.520000457763672 31.260000228881836 AB 6.654583671127881 1.0292450191211633
60769.3066 lsst_hardware_u -2.566698600311757 2.619999885559082 28.3799991607666 AB 7.051931928944176 1.0291035284851042
60769.3186 lsst_hardware_g 1.9086659616195045 13.930000305175781 31.420000076293945 AB 7.0320783336974175 1.0315629011695049
60771.2891 lsst_hardware_g 11.312718927104966 13.8100004196167 31.40999984741211 AB 15.044270953514145 1.0304295173639826
60771.3002 lsst_hardware_r 12.1447914715726 22.559999465942383 31.489999771118164 AB 17.15898635186707 1.0290709538280467
60773.294 lsst_hardware_i 30.40993344722914 30.309999465942383 31.25 AB 10.237362726515432 1.0290616667771149
60773.3059 lsst_hardware_z -52.67289101738316 41.0099983215332 30.950000762939453 AB 10.24181488723426 1.0309600510591397
60775.2989 lsst_hardware_z 66.80415348790419 52.68000030517578 30.969999313354492 AB 5.311224802920695 1.030505394435525
60775.3088 lsst_hardware_r 176.03435263978687 63.119998931884766 31.649999618530273 AB 5.493340672139316 1.0345274335478936
60778.2964 lsst_hardware_i 79.72748271276278 90.69000244140625 31.34000015258789 AB 12.567588269191063 1.0324998578040638
60778.3072 lsst_hardware_z -54.93062474370731 77.11000061035156 31.0 AB 12.668690747299438 1.0386584928712492
60780.288 lsst_hardware_i 31.480109215102733 96.9000015258789 31.350000381469727 AB 9.61952473479432 1.0313632180544998
60780.2989 lsst_hardware_z -14.614091310336805 85.4000015258789 31.0 AB 10.093652877973403 1.036735094286504
60790.2769 lsst_hardware_z 7.626951039558141 41.150001525878906 30.950000762939453 AB 14.139098988569724 1.0405067204461849
60790.2878 lsst_hardware_u 3.063505598636295 2.759999990463257 28.489999771118164 AB 14.234348352404533 1.0506992694153559
60794.2044 lsst_hardware_u 3.410288709252355 2.799999952316284 28.520000457763672 AB 10.20808016014722 1.0427048171754054
60794.2131 lsst_hardware_r -54.56856040857699 23.040000915527344 31.510000228881836 AB 10.879960061056316 1.036285366325966
60800.2173 lsst_hardware_g -5.240685279597469 14.40999984741211 31.459999084472656 AB 9.453988160054234 1.0291735423529538
60800.2277 lsst_hardware_r 13.041981099111775 23.18000030517578 31.510000228881836 AB 9.40941126847501 1.029814082135846
60802.2082 lsst_hardware_i 28.72070882309149 42.29999923706055 31.309999465942383 AB 6.574458851353571 1.029618738466314
60802.219 lsst_hardware_z 28.080335074172805 46.63999938964844 30.969999313354492 AB 7.017072290045891 1.0293112750809918
60806.2073 lsst_hardware_r 169.83121012847585 114.56999969482422 31.670000076293945 AB 8.006566908547828 1.029231953964363
60806.2202 lsst_hardware_i -68.84276850942703 90.5199966430664 31.350000381469727 AB 7.752758865706322 1.0326112036014787
60808.2089 lsst_hardware_z 82.2029410609222 86.4000015258789 31.0 AB 6.830412443293892 1.0305389926514543
60808.2213 lsst_hardware_i 35.877702525817334 106.4000015258789 31.34000015258789 AB 6.848102665971606 1.036021583354252
60810.1968 lsst_hardware_r 61.10082441536304 106.23999786376953 31.65999984741211 AB 6.705805527759001 1.0292739454996485
60810.2092 lsst_hardware_z -91.05288887214228 74.2300033569336 31.0 AB 6.711067808977547 1.0325778760351134
60812.1971 lsst_hardware_y -29.999415604216534 50.45000076293945 30.049999237060547 AB 7.0340697937806524 1.0303058555936957
60812.2079 lsst_hardware_r 18.939240524445783 62.619998931884766 31.649999618530273 AB 7.068722103484181 1.0345985417599095
60814.2003 lsst_hardware_i 22.08221556975269 38.45000076293945 31.290000915527344 AB 8.654292442313217 1.0335026054411898
60814.2125 lsst_hardware_z 29.4772973638135 44.97999954223633 30.959999084472656 AB 8.43542967801036 1.0414110713593037
60824.131 lsst_hardware_z -41.69827695113422 41.22999954223633 30.950000762939453 AB 9.418727457929748 1.0364106726498523
60824.1432 lsst_hardware_r -22.92070767412441 23.149999618530273 31.510000228881836 AB 9.366017694199128 1.0307807726841611
60826.1333 lsst_hardware_u -0.2411752643728741 2.799999952316284 28.510000228881836 AB 8.460370804457051 1.032371540389915
60826.1459 lsst_hardware_g -2.905878571450407 14.4399995803833 31.450000762939453 AB 8.417665058225033 1.0292116837200167
60830.1297 lsst_hardware_z -57.958632370866525 44.29999923706055 30.959999084472656 AB 11.04653448827635 1.0300279256167397
60830.1429 lsst_hardware_r 41.80371950701535 37.040000915527344 31.600000381469727 AB 11.135421828807454 1.0293578654512914
60842.0233 lsst_hardware_u 3.023509630679302 3.890000104904175 29.200000762939453 AB 10.325599800001994 1.1233857150630593
60842.0294 lsst_hardware_g 4.157099578941679 20.34000015258789 32.18000030517578 AB 10.192944358204372 1.1091343153650024
60844.1149 lsst_hardware_z -59.90957361779703 40.9900016784668 30.950000762939453 AB 5.307483293436117 1.0319819742243639
60844.128 lsst_hardware_r -6.25095315881968 22.959999084472656 31.5 AB 6.119819860333899 1.0394010009908214
60851.1068 lsst_hardware_z -113.34922255151537 58.0099983215332 31.700000762939453 AB 5.3864943864694945 1.0379101857448807
60851.1187 lsst_hardware_r -21.847041751544655 32.310001373291016 32.25 AB 5.404765207003873 1.0480275104475474
60861.0393 lsst_hardware_r 7.246443154155071 64.52999877929688 31.649999618530273 AB 3.8888597979294173 1.0317558606047537
60861.0503 lsst_hardware_y -38.27590843457799 51.33000183105469 30.059999465942383 AB 4.376756767285807 1.0292196983623547
60865.0421 lsst_hardware_i -48.58045385340183 89.13999938964844 31.34000015258789 AB 2.9434329134345725 1.0290823926001478
60865.0542 lsst_hardware_z -18.135887813723272 77.12000274658203 31.0 AB 2.9136112614533065 1.030819480436337
60870.0275 lsst_hardware_u 1.9871449247990292 2.6500000953674316 28.40999984741211 AB 7.10599734134829 1.0291089560243722
60870.0389 lsst_hardware_g -16.422684024139375 16.530000686645508 31.489999771118164 AB 7.246849482225904 1.030357746288043
60872.0277 lsst_hardware_r -18.399461168361913 22.690000534057617 31.5 AB 4.519414921774577 1.0293036319021982
60872.0391 lsst_hardware_z 65.39443441052171 40.91999816894531 30.950000762939453 AB 4.534490131983943 1.0322472508974334
60877.0158 lsst_hardware_i -31.618336543394438 30.260000228881836 31.239999771118164 AB 5.760672328789147 1.0295341119289563
60877.0277 lsst_hardware_z 20.22302342544126 40.88999938964844 30.940000534057617 AB 5.7765603609042735 1.0332353192155388
60879.0183 lsst_hardware_r 22.48615792692189 22.799999237060547 31.510000228881836 AB 4.336745063079538 1.0315963438252909
60879.0303 lsst_hardware_u 0.5356144673566898 2.7100000381469727 28.450000762939453 AB 4.386697923536329 1.0378827477362715
60881.0064 lsst_hardware_u 1.5449243159418822 2.740000009536743 28.479999542236328 AB 5.299350659440494 1.029799972685677
60881.0184 lsst_hardware_g -4.463941307996806 14.180000305175781 31.440000534057617 AB 5.33163564589962 1.034030897481906
60886.0004 lsst_hardware_g 6.396754350467334 17.510000228881836 31.510000228881836 AB 5.280526571364034 1.032058354610385
60886.0119 lsst_hardware_r -5.693943255831141 25.06999969482422 31.520000457763672 AB 5.3005827151730465 1.0383797927072704
60890.0017 lsst_hardware_r -85.40058483444571 61.279998779296875 31.649999618530273 AB 2.233279992684126 1.038895949457649
60890.013 lsst_hardware_z -71.5176413862927 55.650001525878906 30.979999542236328 AB 2.293300822765288 1.0488455626642066
60891.0052 lsst_hardware_z -21.037558350592438 55.630001068115234 30.969999313354492 AB 0.3669457337454427 1.043942343514773
60891.0155 lsst_hardware_i -19.13244485857018 59.08000183105469 31.31999969482422 AB 0.3548968755935033 1.054671249906399
