data/validation/pwv_sim_epoch_fit_epoch/8856095.ecsv
# %ECSV 0.9
# ---
# datatype:
# - {name: time, datatype: float64}
# - {name: band, datatype: string}
# - {name: flux, datatype: float64}
# - {name: fluxerr, datatype: float64}
# - {name: zp, datatype: float64}
# - {name: zpsys, datatype: string}
# - {name: pwv, datatype: float64}
# - {name: airmass, datatype: float64}
# meta: {SNID: '8856095', alt: 1024.0, c: -0.007377089932560921, dec: 5.079716, lat: -30.244573, lon: -70.7499537, ra: 116.542969, t0: 62183.88671875,
#   x0: 4.747667946690681e-06, x1: -1.337438941001892, z: 0.626776933670044}
# schema: astropy-2.0
time band flux fluxerr zp zpsys pwv airmass
62104.3471 lsst_hardware_g -33.010472759294295 21.360000610351562 31.510000228881836 AB 7.546954685895749 1.2317201565534919
62108.3369 lsst_hardware_z 87.94410093969366 114.41999816894531 31.719999313354492 AB 5.399345779128442 1.232352201566022
62113.3003 lsst_hardware_i -17.022641754369502 46.130001068115234 31.280000686645508 AB 8.13167219833026 1.22534145011552
62113.3187 lsst_hardware_z 23.7412332376966 50.84000015258789 30.950000762939453 AB 8.090079587010083 1.2287950768194544
62123.2638 lsst_hardware_r 25.960138304590494 24.270000457763672 31.479999542236328 AB 5.374464604695989 1.2301360962911394
62127.2299 lsst_hardware_i -1.292099051623086 32.72999954223633 31.219999313354492 AB 8.542961947726523 1.2619316736550288
62127.2532 lsst_hardware_u 0.7382299142179709 2.6500000953674316 28.309999465942383 AB 8.24027982049003 1.2298925105209
62136.2475 lsst_hardware_r 124.66162010052568 128.36000061035156 31.6200008392334 AB 8.560141009956112 1.2250429881334663
62136.2688 lsst_hardware_i -57.87683152478457 103.18000030517578 31.309999465942383 AB 8.725139436668858 1.2417144545945487
62138.2096 lsst_hardware_i -186.14877875677638 112.4800033569336 31.309999465942383 AB 6.836083845585489 1.2448859740655862
62138.2301 lsst_hardware_z -83.35869187109707 96.8499984741211 30.979999542236328 AB 6.685649329968212 1.22597481600884
62140.2075 lsst_hardware_i 29.80481431860946 68.61000061035156 31.290000915527344 AB 3.21801640058385 1.240242703205492
62140.229 lsst_hardware_z 135.4995432608743 64.3499984741211 30.959999084472656 AB 3.2063874545545703 1.2247859129286913
62142.2128 lsst_hardware_g 38.683516562326865 40.849998474121094 31.6299991607666 AB 8.638626421111342 1.2294789426950854
62142.2348 lsst_hardware_r -34.99014488329606 44.310001373291016 31.579999923706055 AB 8.608322349862954 1.2262276322779069
62144.2104 lsst_hardware_i -14.104888413437463 34.310001373291016 31.239999771118164 AB 9.883475609809045 1.22753221260747
62144.2319 lsst_hardware_r 2.0472251274267887 28.559999465942383 31.510000228881836 AB 9.84180876658669 1.2274643011457598
62146.2056 lsst_hardware_u -0.29199006873452715 2.700000047683716 28.34000015258789 AB 9.44147245867683 1.2271746187786705
62146.227 lsst_hardware_g -1.3381360803695537 15.069999694824219 31.399999618530273 AB 8.75938519853877 1.2277790774945752
62150.1572 lsst_hardware_i 4.015174015258154 32.970001220703125 31.229999542236328 AB 9.597790094191987 1.2850454235412028
62150.1779 lsst_hardware_z 26.72354308954324 44.08000183105469 30.93000030517578 AB 9.861774177573986 1.2433419849851632
62158.1558 lsst_hardware_z 69.65697096002181 44.14370514997195 30.93000030517578 AB 12.7955432339039 1.2437045400241924
62158.1755 lsst_hardware_g 21.752928279634915 15.37081852715556 31.389999389648438 AB 11.989601968220226 1.2259620100943482
62162.1458 lsst_hardware_z 73.07562883735334 57.88120933093872 30.959999084472656 AB 16.206283061528403 1.2424081922324592
62162.164 lsst_hardware_r 136.44102072777477 64.22597951237609 31.600000381469727 AB 16.12716418278957 1.2261905136223512
62163.1488 lsst_hardware_z 2.339932604138595 94.5818895891896 31.719999313354492 AB 13.589429481676966 1.2354026801524514
62167.1392 lsst_hardware_r 553.9352046686995 131.59845492993665 31.6200008392334 AB 11.198680926510958 1.234037090838505
62167.1563 lsst_hardware_y 127.25575044888956 66.92483332043238 30.010000228881836 AB 11.133158929122812 1.224635235851151
62171.104 lsst_hardware_r 903.7200169660994 43.2109198836338 31.530000686645508 AB 13.360794947811064 1.2746316283637378
62171.1236 lsst_hardware_i 697.8925142665756 46.976409300951914 31.260000228881836 AB 13.009106671928242 1.2392871153805276
62177.1027 lsst_hardware_r 1397.063321492665 44.582276543135166 31.479999542236328 AB 4.292251035747553 1.2454845225237496
62177.1225 lsst_hardware_z 918.1458711550549 53.08104765770005 30.940000534057617 AB 4.173906975725631 1.226417328812624
62183.0985 lsst_hardware_i 1313.2406200211528 48.9681223689368 31.229999542236328 AB 3.8477821452020686 1.231290286464662
62183.1159 lsst_hardware_z 1099.2899771219163 54.218350354300156 30.93000030517578 AB 3.8514173779375724 1.2245511243508687
62195.0523 lsst_hardware_i 1130.3700873184807 99.90790023728839 31.299999237060547 AB 6.857569808638266 1.247397873331199
62195.0709 lsst_hardware_z 893.4943379084871 86.82170281117227 30.969999313354492 AB 6.744416648977081 1.227652632350777
62198.0503 lsst_hardware_g 154.99556973537074 50.09699592855161 31.6299991607666 AB 7.771649171533387 1.2387565923942438
62198.0689 lsst_hardware_i 937.2849002447871 60.65974570765236 31.280000686645508 AB 7.6851779595209155 1.2251200318062994
62203.0464 lsst_hardware_u -2.0270594908255206 2.725102876708752 28.329999923706055 AB 11.65419179765096 1.229345126334523
62203.0644 lsst_hardware_g 34.0467268287468 16.151359975013047 31.389999389648438 AB 11.339244450478342 1.2249813954423505
62205.0421 lsst_hardware_r 424.3490855834835 31.122457566755582 31.469999313354492 AB 12.383259932034983 1.2285589495545208
62205.0618 lsst_hardware_i 563.198990636897 40.375074308659045 31.229999542236328 AB 12.376489011602256 1.2258197406628293
62207.0454 lsst_hardware_z 629.7359878817049 49.83807255385182 30.93000030517578 AB 9.51078259636106 1.224879702459139
62207.0649 lsst_hardware_r 293.19890798888736 30.08485490134969 31.469999313354492 AB 9.530523458916614 1.2308567039799156
62212.0041 lsst_hardware_y 329.78682395158575 53.66278843253943 29.989999771118164 AB 9.887393619014327 1.2502763327801631
62212.0232 lsst_hardware_r 217.2688612784655 28.292886439795385 31.479999542236328 AB 9.72173187015546 1.2284220204896927
62215.0019 lsst_hardware_y 249.28749332387258 53.41790552531883 29.989999771118164 AB 6.02604375434564 1.2412888810104998
62215.0217 lsst_hardware_g 76.78911932362637 17.58178633379157 31.420000076293945 AB 5.760677323278243 1.225328415331447
62218.9974 lsst_hardware_y 182.1386802401431 56.43542608248212 30.0 AB 6.883805289482874 1.2338411273158136
62219.0171 lsst_hardware_r 263.35113545991436 55.26316905864809 31.600000381469727 AB 5.7803552209144256 1.224521813560942
62224.9916 lsst_hardware_y 271.6503411129314 63.20007833073626 30.0 AB 8.196440652578753 1.2263389336061175
62225.0102 lsst_hardware_z 480.74116094763764 66.32813598350536 30.959999084472656 AB 7.275410012243924 1.22715787904706
62472.3351 lsst_hardware_r -15.847112494721557 24.93000030517578 31.489999771118164 AB 8.160903712229775 1.228311817012308
62472.3549 lsst_hardware_y -110.51579068397864 75.5 30.0 AB 8.344974813172048 1.2511675569806453
62478.2958 lsst_hardware_r 1.6620837819291867 24.110000610351562 31.479999542236328 AB 6.763130546067009 1.2274655396836582
62478.3152 lsst_hardware_i 40.21567907466515 32.56999969482422 31.229999542236328 AB 6.768011574717354 1.226422320325696
62482.2991 lsst_hardware_u -3.4946472731419362 2.6600000858306885 28.31999969482422 AB 12.879682957189154 1.2248089793503882
62482.317 lsst_hardware_g -1.4354430735570984 14.65999984741211 31.389999389648438 AB 13.03796862369936 1.2362951473259398
62488.2552 lsst_hardware_z 38.83703164827526 58.060001373291016 30.950000762939453 AB 6.5302697432202255 1.23945395607096
62488.2762 lsst_hardware_r -69.06227027409517 60.099998474121094 31.600000381469727 AB 6.565384351296158 1.2247328102156743
62490.2233 lsst_hardware_r 132.0311033483972 116.87999725341797 31.600000381469727 AB 6.447660975170573 1.2928289087513503
62490.2421 lsst_hardware_i -14.569478953830213 91.76000213623047 31.299999237060547 AB 6.203615816150067 1.2506659575927985
62492.2266 lsst_hardware_z -51.35794173216756 100.55000305175781 30.969999313354492 AB 6.0801189580339186 1.2704852597410152
62492.2453 lsst_hardware_r -271.14636291003865 146.3699951171875 31.6200008392334 AB 5.8791611908364825 1.238196045667412
62494.2532 lsst_hardware_z -247.8700330766101 110.61000061035156 31.719999313354492 AB 6.83580396229528 1.2268867416623297
62504.209 lsst_hardware_z -39.9775550167535 44.15999984741211 30.93000030517578 AB 4.3615325746040225 1.2427789071389133
62504.231 lsst_hardware_r -13.502645731968533 24.280000686645508 31.479999542236328 AB 4.2544858391078995 1.2250175177390998
62511.2051 lsst_hardware_r 8.781831756944637 24.420000076293945 31.479999542236328 AB 9.42122028883978 1.227787179258008
62511.2261 lsst_hardware_u -0.28172848016041974 2.690000057220459 28.34000015258789 AB 8.93826467666649 1.2268707591649743
62515.1551 lsst_hardware_r 1.4135891687567164 48.09000015258789 31.56999969482422 AB 9.434203388880162 1.2926517545850873
62515.1747 lsst_hardware_i 2.63302907738523 44.599998474121094 31.270000457763672 AB 9.876832536356677 1.2492304738424904
62516.1904 lsst_hardware_r -94.37384799184773 58.65999984741211 31.600000381469727 AB 7.435040600556059 1.2284247171509393
62516.2084 lsst_hardware_z -175.30787251080778 53.619998931884766 30.950000762939453 AB 6.616525864552399 1.2252825675097034
62524.1524 lsst_hardware_g -44.17087292458128 70.45999908447266 31.639999389648438 AB 9.574138163361907 1.245659401946644
62524.1712 lsst_hardware_r 46.054921326196734 71.9000015258789 31.600000381469727 AB 10.672630864677675 1.2269154608050208
62534.1413 lsst_hardware_u 4.265582822700495 2.7200000286102295 28.350000381469727 AB 8.820634551672109 1.228386577616578
62534.1598 lsst_hardware_g 3.2160119641385 15.0 31.399999618530273 AB 8.773734977905443 1.2254390303885765
62536.1071 lsst_hardware_g 9.772644186102678 14.739999771118164 31.3799991607666 AB 13.308853395781892 1.2690306696865505
62536.1266 lsst_hardware_r 30.906585138026365 24.170000076293945 31.469999313354492 AB 12.709415307380345 1.2365048701055936
62538.1039 lsst_hardware_i -21.4856209335753 32.75 31.219999313354492 AB 5.575662234256514 1.264131401358022
62538.1212 lsst_hardware_z 18.339784741907636 44.119998931884766 30.93000030517578 AB 5.4143535039070425 1.2364360593530586
62542.1057 lsst_hardware_g 13.116846498835981 21.530000686645508 31.510000228881836 AB 4.308133886198663 1.2421337490241218
62542.1252 lsst_hardware_i 14.129013066749971 34.560001373291016 31.239999771118164 AB 4.279440373383994 1.2255861311331022
62555.0881 lsst_hardware_r -5.78711636261309 26.5 31.489999771118164 AB 8.062522987250057 1.2261926143112516
62555.1077 lsst_hardware_z -1.4036510395766006 46.38999938964844 30.93000030517578 AB 8.093719203078766 1.2277938238663195
62562.0527 lsst_hardware_z -35.794924637338795 43.88999938964844 30.93000030517578 AB 3.5730442315982005 1.239994527710637
62562.0706 lsst_hardware_r -47.98300004641986 24.030000686645508 31.479999542236328 AB 3.494326682900502 1.2255778393291057
62567.0489 lsst_hardware_r -12.658911577696315 23.90999984741211 31.469999313354492 AB 8.006317389781827 1.2299750189136358
62567.0673 lsst_hardware_u -3.1877059506417975 2.5999999046325684 28.280000686645508 AB 7.944206029019684 1.2248236245790252
62573.0427 lsst_hardware_i 18.350310043270493 46.380001068115234 31.270000457763672 AB 12.722342670572568 1.224970809972485
62573.0609 lsst_hardware_z -43.132387014194244 51.38999938964844 30.950000762939453 AB 12.935427510977279 1.2293112388669307
62576.0385 lsst_hardware_r -9.984097208669946 101.02999877929688 31.610000610351562 AB 9.982668488182037 1.2244666556769201
62576.0592 lsst_hardware_z 94.15756468889218 77.26000213623047 30.969999313354492 AB 9.602475150606779 1.2350185613093112
62579.0013 lsst_hardware_y 25.279867773514617 63.81999969482422 30.0 AB 8.52739038712183 1.2470591382161484
62579.0204 lsst_hardware_z 102.64149962209551 69.7300033569336 30.969999313354492 AB 8.348807933895602 1.2272244500802
62582.9978 lsst_hardware_y -4.740088992632642 53.02000045776367 29.989999771118164 AB 7.22701156093496 1.237025385927504
62583.0175 lsst_hardware_r -22.932995287023946 24.3700008392334 31.469999313354492 AB 7.590905207810923 1.2246029051103877
62594.9868 lsst_hardware_y -20.288603685942043 53.72999954223633 29.989999771118164 AB 7.655038048010875 1.2244632379750917
62595.0058 lsst_hardware_g -3.4398820280099764 14.9399995803833 31.389999389648438 AB 6.290765594622462 1.233483449925973
