data/validation/pwv_sim_epoch_fit_epoch/8943604.ecsv
# %ECSV 0.9
# ---
# datatype:
# - {name: time, datatype: float64}
# - {name: band, datatype: string}
# - {name: flux, datatype: float64}
# - {name: fluxerr, datatype: float64}
# - {name: zp, datatype: float64}
# - {name: zpsys, datatype: string}
# - {name: pwv, datatype: float64}
# - {name: airmass, datatype: float64}
# meta: {SNID: '8943604', alt: 1024.0, c: -0.08126406371593475, dec: -48.141209, lat: -30.244573, lon: -70.7499537, ra: 33.950893, t0: 63220.328125,
#   x0: 2.319252211779318e-06, x1: 1.0452154874801636, z: 0.8383756875991821}
# schema: astropy-2.0
time band flux fluxerr zp zpsys pwv airmass
63092.255 lsst_hardware_i -16.40276174826022 32.189998626708984 31.209999084472656 AB 4.995815777088171 1.3508289618084284
63092.274 lsst_hardware_r 35.8580135662054 22.450000762939453 31.450000762939453 AB 4.565823992461311 1.2640417097599166
63092.3325 lsst_hardware_u -1.4433187979330044 2.609999895095825 28.389999389648438 AB 3.7437892113472344 1.101978771000952
63092.3608 lsst_hardware_y -50.882264258369936 47.150001525878906 30.040000915527344 AB 3.728753869311317 1.065358248374662
63101.4103 lsst_hardware_r 13.731158740874012 21.8700008392334 31.469999313354492 AB 2.4030050188299996 1.069824895227326
63101.4205 lsst_hardware_u -5.282302492852541 5.760000228881836 28.920000076293945 AB 1.7099139209500198 1.0817105304127912
63107.4007 lsst_hardware_g -22.916909798130735 13.079999923706055 31.3799991607666 AB 8.02303906266687 1.077400053178183
63107.4109 lsst_hardware_i 0.6327157683108539 32.029998779296875 31.239999771118164 AB 8.087305327910894 1.091256959642544
63111.1438 lsst_hardware_y 45.86445096220678 86.80000305175781 30.540000915527344 AB 5.587513628520944 1.8129505608439145
63111.1591 lsst_hardware_r -130.0934542143766 145.6999969482422 32.25 AB 5.112126387565966 1.656375328080559
63114.3862 lsst_hardware_r 24.264639051459607 54.86000061035156 31.6200008392334 AB 1.1345667070895544 1.0832909361135148
63114.3983 lsst_hardware_i 84.19102853526229 48.400001525878906 31.290000915527344 AB 1.2845968752916388 1.1017125860134125
63122.3771 lsst_hardware_r -4.618342950382518 22.299999237060547 31.489999771118164 AB 2.232644306972828 1.1028126979366895
63122.3887 lsst_hardware_z -24.908178025144064 42.31999969482422 30.950000762939453 AB 2.2951336532701423 1.1249736067005025
63124.2873 lsst_hardware_i -4.864294902442534 29.959999084472656 31.25 AB 2.5655182722155687 1.0554792672307605
63124.3005 lsst_hardware_r 17.421176823548787 21.729999542236328 31.479999542236328 AB 1.8841686779921796 1.0507005035506976
63126.3714 lsst_hardware_g -12.222799906898725 13.15999984741211 31.389999389648438 AB 1.259065596636693 1.112248760279154
63126.3835 lsst_hardware_r 10.584127718157696 22.270000457763672 31.469999313354492 AB 0.7962847781829547 1.1375496831185068
63129.3501 lsst_hardware_r 16.539238538636315 22.059999465942383 31.479999542236328 AB 5.677530916609527 1.0901557059543403
63129.3628 lsst_hardware_i 7.794077836132756 30.700000762939453 31.239999771118164 AB 5.843595316980764 1.1114779490215434
63131.2738 lsst_hardware_i 55.55537410127658 42.290000915527344 31.989999771118164 AB 1.6383206893011657 1.052905327314794
63131.2887 lsst_hardware_z -18.63838887542677 57.849998474121094 31.700000762939453 AB 1.7014665703161644 1.0499639434225019
63133.3632 lsst_hardware_u -2.798171536700246 2.6500000953674316 28.40999984741211 AB 4.630165534519426 1.134844493754934
63133.3745 lsst_hardware_g -6.173697770428491 13.210000038146973 31.360000610351562 AB 4.808648464766885 1.1626326075358628
63137.3484 lsst_hardware_z 60.51702815808999 48.720001220703125 30.959999084472656 AB 5.369046398662728 1.126353678850942
63137.3601 lsst_hardware_r 22.220298334797086 26.5 31.520000457763672 AB 5.486412656370148 1.1535770934335887
63143.3286 lsst_hardware_z 21.714447752697605 51.68000030517578 30.959999084472656 AB 3.017340117848539 1.1192952305846382
63143.3406 lsst_hardware_r -74.85637415413414 59.18000030517578 31.610000610351562 AB 2.6948347821910694 1.1458442841148744
63145.3371 lsst_hardware_i 26.118758473190564 40.86000061035156 31.280000686645508 AB 7.174876267301375 1.1506650879733962
63145.3477 lsst_hardware_z -14.15656094150007 47.33000183105469 30.950000762939453 AB 7.376644200139411 1.1792410631009516
63147.3323 lsst_hardware_i -22.86398896724755 34.47999954223633 31.25 AB 4.205972608055096 1.1523212624808483
63147.3426 lsst_hardware_z -16.90251410070173 44.15999984741211 30.940000534057617 AB 5.138199244118506 1.1802907911451392
63149.2428 lsst_hardware_u 2.316655071655213 2.609999895095825 28.420000076293945 AB 2.786025687535252 1.050075640757052
63149.2553 lsst_hardware_g 25.52784871278045 12.960000038146973 31.3799991607666 AB 3.3975200216326567 1.0529776145972747
63151.3168 lsst_hardware_i 5.02442644229419 30.530000686645508 31.229999542236328 AB 6.0313744577875035 1.1411710813655938
63151.327 lsst_hardware_r -27.644385584675735 22.40999984741211 31.469999313354492 AB 6.157880716529205 1.1670757564967853
63153.3161 lsst_hardware_u 0.5389937269030333 2.509999990463257 28.280000686645508 AB 5.767169380541311 1.1527806337491378
63153.3278 lsst_hardware_g 3.70104165489257 13.100000381469727 31.34000015258789 AB 5.985420838137192 1.1849580964405302
63155.3163 lsst_hardware_r -13.347723729363766 22.1299991607666 31.459999084472656 AB 8.196349542356907 1.1676820508628893
63155.3275 lsst_hardware_i 15.246520675353704 31.059999465942383 31.229999542236328 AB 8.408764925055205 1.200909015289197
63157.3037 lsst_hardware_i -29.712101842548208 30.770000457763672 31.229999542236328 AB 7.035097132660325 1.149087569988697
63157.3156 lsst_hardware_z 23.61629949149674 42.84000015258789 30.93000030517578 AB 7.2095211762795675 1.1811787192856045
63159.3013 lsst_hardware_i -22.1499504891821 30.579999923706055 31.229999542236328 AB 1.4321490813302546 1.1568247829813998
63159.3128 lsst_hardware_u -1.517770092738742 2.5299999713897705 28.290000915527344 AB 1.3585711913663656 1.1891213928814912
63161.2964 lsst_hardware_g -17.0434634524119 13.0 31.34000015258789 AB 3.006896168987061 1.1582804965281437
63161.3079 lsst_hardware_r 1.359947163934762 22.389999389648438 31.459999084472656 AB 2.9927617286373946 1.1908329711399424
63163.2562 lsst_hardware_r -27.722313920230814 22.0 31.479999542236328 AB 3.221324274725713 1.088591700836625
63163.2665 lsst_hardware_i -6.49632644231525 30.610000610351562 31.239999771118164 AB 3.2758879476048057 1.1051632097626558
63166.2917 lsst_hardware_r 46.48920318484819 55.310001373291016 31.600000381469727 AB 3.7547671777481524 1.1831628100670506
63166.3028 lsst_hardware_i 5.465104809553194 49.11000061035156 31.280000686645508 AB 3.871220407444392 1.2186103431004618
63168.2926 lsst_hardware_z -24.109881801423768 64.83000183105469 30.969999313354492 AB 3.652572573555707 1.2028230209294315
63168.3036 lsst_hardware_r 3.9336522747717413 88.94999694824219 31.610000610351562 AB 3.7266680135053343 1.2410505678543602
63172.2474 lsst_hardware_z 57.17121357908616 51.84000015258789 30.959999084472656 AB 4.914354394521983 1.1153144725153916
63181.2363 lsst_hardware_g -7.135397319501442 12.850000381469727 31.350000381469727 AB 2.653800165215782 1.1445371615365234
63181.2461 lsst_hardware_r -12.51995087445182 22.079999923706055 31.459999084472656 AB 2.6947911270992986 1.1698680820922687
63183.2341 lsst_hardware_i 79.86838675941921 30.459999084472656 31.229999542236328 AB 7.714329851954935 1.152568019914064
63183.2452 lsst_hardware_z -16.006216829045663 42.38999938964844 30.93000030517578 AB 7.916225967372642 1.1829239973659387
63186.2302 lsst_hardware_r -11.09679868817377 22.02716018783366 31.459999084472656 AB 8.840928069316199 1.1637393799284188
63186.2412 lsst_hardware_g 16.179793564115798 13.053945772748335 31.34000015258789 AB 8.928089185489473 1.1956728519471638
63189.1809 lsst_hardware_g 23.638135516345223 13.541985878144265 31.389999389648438 AB 5.727458906267447 1.0826101736664737
63189.1929 lsst_hardware_i -8.90400239386601 30.587665226816956 31.239999771118164 AB 5.850982440072986 1.100670783522331
63191.0756 lsst_hardware_r 24.413621684694675 40.26689125266717 32.290000915527344 AB 4.165523634858295 1.0818136955871434
63193.1845 lsst_hardware_y -18.727923629085033 69.68846874187935 30.770000457763672 AB 6.696437941909909 1.105022762691404
63197.0822 lsst_hardware_r 142.74627855899385 78.37925636665867 31.649999618530273 AB 3.9063730518474564 1.0590203466060337
63197.0964 lsst_hardware_i 281.4029034725045 63.802501578344106 31.31999969482422 AB 4.026862310259103 1.0519494018440994
63201.1639 lsst_hardware_g -28.095938893523357 74.60887384126055 31.700000762939453 AB 8.961313657720293 1.1072463333262308
63201.1754 lsst_hardware_i 442.19693471105364 58.789464425157945 31.299999237060547 AB 8.757961820480912 1.1301325015137185
63204.1765 lsst_hardware_z 387.56086057045195 50.593546461037306 30.950000762939453 AB 4.283337096486879 1.1519249940125174
63204.1888 lsst_hardware_r 505.3660316409417 49.472469918711596 31.579999923706055 AB 4.354399185360423 1.1857309209475078
63206.183 lsst_hardware_u -1.2725741162806046 3.480801941461667 28.559999465942383 AB 6.160542716496734 1.184719753172449
63206.195 lsst_hardware_g 95.83170231232047 24.638670812506657 31.530000686645508 AB 6.36246119945555 1.223550230664529
63211.1018 lsst_hardware_i 766.9838110974123 40.647838394218574 31.25 AB 11.285906153811126 1.0624112480543912
63211.1149 lsst_hardware_z 497.765815149061 46.66313772546526 30.950000762939453 AB 11.447350406844564 1.0752471909681405
63218.0805 lsst_hardware_r 659.5390520002911 33.13217542036795 31.489999771118164 AB 4.2654303946436425 1.0607225103247282
63218.0934 lsst_hardware_z 635.887414644023 47.544986918566565 30.950000762939453 AB 4.162433815369985 1.07256185923212
63220.0781 lsst_hardware_r 693.9508780183203 36.6418139461856 31.540000915527344 AB 5.463146222902678 1.063127457631268
63220.0897 lsst_hardware_y 279.1201924172779 49.691971131116894 30.030000686645508 AB 3.6399756386060336 1.0745315538318754
63222.0754 lsst_hardware_z 573.9403760069288 51.30166459731161 30.959999084472656 AB 5.789989087321737 1.0655114257125833
63222.0871 lsst_hardware_r 572.1233889848771 47.12060784524375 31.600000381469727 AB 4.308071579004827 1.0779161582161638
