data/validation/pwv_sim_epoch_fit_epoch/9090121.ecsv
# %ECSV 0.9
# ---
# datatype:
# - {name: time, datatype: float64}
# - {name: band, datatype: string}
# - {name: flux, datatype: float64}
# - {name: fluxerr, datatype: float64}
# - {name: zp, datatype: float64}
# - {name: zpsys, datatype: string}
# - {name: pwv, datatype: float64}
# - {name: airmass, datatype: float64}
# meta: {SNID: '9090121', alt: 1024.0, c: 0.02720215730369091, dec: -12.635625, lat: -30.244573, lon: -70.7499537, ra: 269.121094, t0: 60910.578125,
#   x0: 2.4428262101029523e-05, x1: 0.8801716566085815, z: 0.31489086151123047}
# schema: astropy-2.0
time band flux fluxerr zp zpsys pwv airmass
60770.3953 lsst_hardware_u 1.1335034384450025 2.859999895095825 28.459999084472656 AB 8.761338309674088 1.0513711108719992
60770.4134 lsst_hardware_z -55.205978074418404 49.560001373291016 30.969999313354492 AB 8.709379349569545 1.0500502576567852
60772.3848 lsst_hardware_r 31.959385856308096 24.530000686645508 31.520000457763672 AB 8.578212014468875 1.0538991356310532
60772.404 lsst_hardware_y 15.042841923877777 48.369998931884766 30.049999237060547 AB 8.547933861091076 1.0493090515379562
60774.3847 lsst_hardware_z -73.05717939005366 41.95000076293945 30.950000762939453 AB 7.04332417753412 1.0512424145573314
60774.4066 lsst_hardware_y 60.81742559640082 48.529998779296875 30.040000915527344 AB 7.044645349323377 1.0514396043766234
60777.3786 lsst_hardware_z 131.15560705686275 58.88999938964844 30.989999771118164 AB 6.517545001047946 1.0504968370146184
60777.3972 lsst_hardware_y 93.34943909398805 52.099998474121094 30.059999465942383 AB 6.528078300064173 1.0509664815365327
60779.3633 lsst_hardware_r -32.83488796869428 93.93000030517578 31.649999618530273 AB 7.075173390901985 1.0554315563917782
60779.3813 lsst_hardware_z 36.171320151290395 65.62999725341797 30.989999771118164 AB 7.057513819855449 1.049132424536264
60781.3145 lsst_hardware_r -148.5033281743982 126.47000122070312 32.38999938964844 AB 19.20562298690429 1.1234862522563154
60781.3325 lsst_hardware_y 42.849059107460214 79.7300033569336 30.799999237060547 AB 18.45827640664764 1.085440434764445
60783.3727 lsst_hardware_z 102.12481278712939 67.56999969482422 30.989999771118164 AB 13.439027030938188 1.0491931035753626
60783.393 lsst_hardware_r 31.052418648882927 84.30000305175781 31.649999618530273 AB 13.688764419560076 1.0582391562874596
60785.3575 lsst_hardware_i 0.8473435727709085 46.959999084472656 31.309999465942383 AB 4.629600403616162 1.0502723238693652
60785.3758 lsst_hardware_z -42.45765367293897 50.119998931884766 30.969999313354492 AB 4.940327107960024 1.051133427225537
60791.3578 lsst_hardware_r 65.27477762581367 24.06999969482422 31.510000228881836 AB 3.303481763869925 1.0505586782858722
60791.3771 lsst_hardware_u 1.805941727434196 2.7899999618530273 28.459999084472656 AB 4.268394182622625 1.0638405340202195
60796.329 lsst_hardware_r 29.429735274565832 24.049999237060547 31.520000457763672 AB 10.280870332960491 1.049871874695991
60796.3468 lsst_hardware_z -42.144385396000075 41.540000915527344 30.950000762939453 AB 9.358807452904244 1.0515513992027241
60799.3202 lsst_hardware_r -28.429879305307658 23.729999542236328 31.5 AB 9.602008962419022 1.0500214840208526
60799.3395 lsst_hardware_u -2.2463180488845476 2.7100000381469727 28.40999984741211 AB 8.75041551520713 1.0519433598726264
60801.3202 lsst_hardware_g -2.802431718161365 14.930000305175781 31.450000762939453 AB 3.22751393374145 1.0491715347391954
60801.3377 lsst_hardware_r 11.547692356818954 23.84000015258789 31.510000228881836 AB 3.249594631865399 1.0538656175986023
60803.2961 lsst_hardware_r 25.9782714267294 39.63999938964844 31.610000610351562 AB 10.243844513573626 1.0566383365815133
60803.315 lsst_hardware_i 48.96409806046308 38.720001220703125 31.290000915527344 AB 10.17369111699103 1.0491586178190193
60805.2959 lsst_hardware_z -92.55587540164825 56.4900016784668 30.979999542236328 AB 7.161876961686823 1.0532172002480622
60805.3155 lsst_hardware_r 23.507570482474975 71.77999877929688 31.649999618530273 AB 7.136888851685347 1.0495424781890217
60807.2975 lsst_hardware_z 14.51943968194765 102.73999786376953 31.75 AB 9.3479805164276 1.050256218608455
60809.2857 lsst_hardware_r -134.59119121680044 132.32000732421875 31.65999984741211 AB 7.220310966135242 1.052830412093211
60809.3077 lsst_hardware_z 17.347934943567704 88.72000122070312 31.0 AB 7.006591432614455 1.0502666565657792
60811.281 lsst_hardware_r -55.470498466180736 149.5800018310547 32.40999984741211 AB 5.185386279568331 1.0524429225833838
60811.3052 lsst_hardware_y 227.10810100086087 85.0199966430664 30.809999465942383 AB 3.916830613971801 1.0512864829824333
60813.2832 lsst_hardware_z -138.43349637044614 54.36000061035156 30.979999542236328 AB 8.339112558661183 1.0497372304457477
60813.3028 lsst_hardware_r -46.566525454909964 62.790000915527344 31.649999618530273 AB 8.286811412223903 1.0526833954023562
60822.2503 lsst_hardware_z -6.359963631269772 41.86000061035156 30.950000762939453 AB 3.6847426710559006 1.0527836203016858
60822.2736 lsst_hardware_r -29.544351107565163 24.0 31.510000228881836 AB 3.6774753984773723 1.0507072567078206
60825.2352 lsst_hardware_u -2.9461200203654263 2.799999952316284 28.469999313354492 AB 12.898835823790806 1.0572816249008858
60825.2568 lsst_hardware_g -2.7706554456060686 15.050000190734863 31.450000762939453 AB 12.19731064957471 1.049140774950517
60827.2484 lsst_hardware_r -4.646872467465346 24.110000610351562 31.510000228881836 AB 7.052935377540808 1.0492316836568345
60827.2686 lsst_hardware_z 21.901545762233194 41.97999954223633 30.950000762939453 AB 6.358376791642447 1.0550549855461133
60831.2274 lsst_hardware_r -59.10746684246767 37.810001373291016 31.600000381469727 AB 8.524342635175806 1.05196589457024
60831.249 lsst_hardware_y -19.855436272981986 47.88999938964844 30.040000915527344 AB 8.449454584191443 1.0506984902779148
60841.1812 lsst_hardware_z 71.6384268487571 81.2300033569336 31.729999542236328 AB 12.787168002951882 1.0674134189101034
60843.2055 lsst_hardware_r 42.411614372802305 42.38999938964844 31.6200008392334 AB 5.365671094984731 1.049177988264919
60843.2168 lsst_hardware_i -53.217819742760135 41.20000076293945 31.290000915527344 AB 5.387162574116257 1.0508973565699153
60845.2153 lsst_hardware_z 41.23356450391194 42.279998779296875 30.959999084472656 AB 3.6327646451388484 1.0526193012427243
60845.236 lsst_hardware_r -33.932188617459595 27.489999771118164 31.549999237060547 AB 3.6693658202762047 1.0713476847521766
60850.145 lsst_hardware_g 10.274820237026695 15.470000267028809 31.450000762939453 AB 3.803973453965975 1.0839590009401525
60850.1621 lsst_hardware_r 0.17045612193097803 24.420000076293945 31.510000228881836 AB 3.811309819529441 1.061522985594831
60859.15 lsst_hardware_z -82.95447139084082 43.709999084472656 30.950000762939453 AB 6.525013856684246 1.0524215897877816
60859.175 lsst_hardware_g -3.9146097016297046 25.610000610351562 31.610000610351562 AB 6.940861768294073 1.051645722468799
60862.1244 lsst_hardware_z -98.86726859546181 56.150001525878906 30.979999542236328 AB 5.644002122398012 1.0667846753524468
60862.1467 lsst_hardware_r -68.45943956988005 67.87999725341797 31.649999618530273 AB 5.042873412865243 1.0504527314675096
60864.1264 lsst_hardware_i -50.05707274308971 85.73999786376953 31.329999923706055 AB 1.7723968680435767 1.0592013155638904
60864.149 lsst_hardware_z -29.36447932012124 78.12000274658203 30.989999771118164 AB 1.7651010653251071 1.0491462075339015
60869.1129 lsst_hardware_z -100.77466143050852 85.95999908447266 31.729999542236328 AB 7.343588224786226 1.059069544964812
60869.1341 lsst_hardware_r -139.1034844364272 115.66999816894531 32.400001525878906 AB 6.827012925888787 1.049206668767007
60871.1105 lsst_hardware_i 2.898852332465424 58.04999923706055 32.040000915527344 AB 6.686964763214034 1.056601187156079
60871.134 lsst_hardware_r -16.858260373844715 66.5199966430664 32.369998931884766 AB 7.268874528984926 1.049353909193724
60876.0805 lsst_hardware_z 37.34352348063824 42.099998474121094 30.950000762939453 AB 3.01491115516357 1.0740369262866016
60876.1003 lsst_hardware_u 4.456478822539316 2.8299999237060547 28.5 AB 3.4012619006029556 1.0542462303302458
60878.0858 lsst_hardware_g 4.444485453342282 14.90999984741211 31.440000534057617 AB 5.196247960697776 1.0613793516208723
60878.1055 lsst_hardware_r 46.37973305549126 23.799999237060547 31.5 AB 5.136550983308599 1.0497932691765848
60880.0854 lsst_hardware_i -48.226718687279295 31.399999618530273 31.260000228881836 AB 6.272595055371256 1.0570007957149787
60880.1067 lsst_hardware_z 15.65904252269322 41.79999923706055 30.950000762939453 AB 6.2434779505299725 1.0491476979549608
60882.0742 lsst_hardware_i 42.7597067315195 31.25 31.25 AB 8.914067896025577 1.0620414490895191
60882.0959 lsst_hardware_u 1.0019479771187518 2.759999990463257 28.450000762939453 AB 7.801981242011758 1.0495350586192114
60885.0787 lsst_hardware_g -13.710057591913815 15.339735049080288 31.459999084472656 AB 4.064177945883264 1.0525777042905677
60885.0996 lsst_hardware_r 36.92378336765018 24.087610818998225 31.510000228881836 AB 3.821080321081385 1.0501079549519436
60887.075 lsst_hardware_i 51.15060627400809 34.269197185236905 31.260000228881836 AB 3.6811108345817525 1.0517459527376436
60887.0976 lsst_hardware_r 103.93670932777995 29.216899268346943 31.540000915527344 AB 4.060651111097037 1.0512558969012005
60889.0623 lsst_hardware_z 402.3293360658426 68.78905011698025 31.709999084472656 AB 1.8721290513168527 1.0559103504325171
60895.0569 lsst_hardware_i 4078.1891751191565 142.95079918472666 32.09000015258789 AB 3.411574187874591 1.0503615110451325
60895.0782 lsst_hardware_z 3076.65797928162 122.92405370455417 31.75 AB 3.4881406365011722 1.0523352684536924
60898.0452 lsst_hardware_g 7315.6933974319345 132.99403809263939 32.47999954223633 AB 8.509990048398949 1.0516438966148745
60898.0664 lsst_hardware_r 9183.046246426999 140.41982670711266 32.400001525878906 AB 8.482574368804531 1.0508206262713629
60900.0481 lsst_hardware_i 3889.323044113262 69.05242148656235 31.260000228881836 AB 2.6981121099697445 1.04933869128624
60900.0679 lsst_hardware_r 5139.802548955415 75.99448833753398 31.510000228881836 AB 2.688682370244639 1.0541785415583764
60903.0172 lsst_hardware_z 3431.1081115622037 69.89371913713751 30.950000762939453 AB 6.161620039988304 1.061707597137642
60903.0375 lsst_hardware_u 68.72213318487357 8.443755318893734 28.520000457763672 AB 6.088479931733637 1.0497379192644203
60905.0231 lsst_hardware_g 4951.015479981163 72.2929664204022 31.450000762939453 AB 2.4971571332334497 1.053097367731555
60905.0453 lsst_hardware_r 7047.407400310359 87.63018491019783 31.510000228881836 AB 3.018345171800224 1.0501940346661656
60909.0335 lsst_hardware_i 11658.165657044723 116.0517548209269 32.0 AB 3.1740391395808683 1.0499633276813987
60909.0605 lsst_hardware_u 103.15224628851097 10.884129191072606 29.190000534057617 AB 3.2935535741993434 1.0703781521609825
60911.0142 lsst_hardware_g 4770.402848827965 71.24201641016572 31.450000762939453 AB 3.1238215635951 1.0500828831626758
60911.0346 lsst_hardware_r 7723.664169642787 90.75058057149278 31.510000228881836 AB 3.1428420735890152 1.0523789626103799
61130.3993 lsst_hardware_z 20.100169649168937 63.95000076293945 31.700000762939453 AB 5.287994692834528 1.0575989385669056
61133.3992 lsst_hardware_z 44.610623944590635 61.060001373291016 30.979999542236328 AB 6.412550749589762 1.0523879785978822
61133.4172 lsst_hardware_y -152.00452032456437 75.61000061035156 30.06999969482422 AB 6.008079253187289 1.0495378204537147
61135.3981 lsst_hardware_i -79.34769960152198 67.56999969482422 31.329999923706055 AB 8.734410037002338 1.0505981099987778
61135.4166 lsst_hardware_y -37.13149592560473 71.4800033569336 30.059999465942383 AB 8.588866332883613 1.0508186618809097
61137.3968 lsst_hardware_i -118.95125012916259 67.0199966430664 31.329999923706055 AB 8.558799312332344 1.0495477252315943
61137.4161 lsst_hardware_y 56.186821867126014 68.36000061035156 30.059999465942383 AB 8.630372215088904 1.0530301943188733
61139.3865 lsst_hardware_g 19.257475821630372 53.400001525878906 31.709999084472656 AB 7.040567611264988 1.0508309867559684
61139.4051 lsst_hardware_y -35.08496877641982 51.369998931884766 30.049999237060547 AB 7.039155834411671 1.0506202737927868
61148.3854 lsst_hardware_r -69.80184505014228 34.290000915527344 32.27000045776367 AB 13.669911759279108 1.0526788237909857
61148.4049 lsst_hardware_i 8.311432254037062 45.130001068115234 32.0099983215332 AB 13.856401054183408 1.069957933465467
61152.3546 lsst_hardware_u 7.4397393229228035 2.890000104904175 28.540000915527344 AB 6.508741443987708 1.0497970070947915
61152.3747 lsst_hardware_g -6.073631519528199 15.350000381469727 31.469999313354492 AB 6.527319083147256 1.0527934005076218
61154.3569 lsst_hardware_r 32.48015965049076 24.15999984741211 31.520000457763672 AB 9.671399464636517 1.049186316406652
61154.3753 lsst_hardware_z -9.133864895472765 41.83000183105469 30.950000762939453 AB 10.433061378005329 1.0566462973039956
61156.3291 lsst_hardware_i -41.98138274462086 31.440000534057617 31.25 AB 3.9367544048230454 1.0569886977642757
61156.3465 lsst_hardware_r -23.021633858350736 23.850000381469727 31.5 AB 3.347850199623452 1.0493183512375654
61158.3373 lsst_hardware_z 18.743661271501654 46.2400016784668 30.950000762939453 AB 3.8528613344211324 1.050016715412736
61158.3537 lsst_hardware_g 4.555833876813618 14.869999885559082 31.43000030517578 AB 3.840959135337157 1.050782181835808
61160.3342 lsst_hardware_r 67.55387381187352 80.06999969482422 31.649999618530273 AB 11.097409721647356 1.0495162323642346
61160.3534 lsst_hardware_i -55.061664823836644 63.86000061035156 31.329999923706055 AB 11.118522315594259 1.0530815077478999
61162.2767 lsst_hardware_z -40.32530858136896 75.83999633789062 30.989999771118164 AB 8.944445744044858 1.1109732634511065
61162.2955 lsst_hardware_r 13.05136082197242 111.95999908447266 31.65999984741211 AB 9.73645715214544 1.0760101472200811
61164.3264 lsst_hardware_z 81.83850255353285 111.70999908447266 31.75 AB 9.456521912019225 1.0491703304755058
61169.2462 lsst_hardware_i -5.070481523097448 41.459999084472656 31.280000686645508 AB 9.510806881773993 1.140281974855258
61169.271 lsst_hardware_r 29.664325851019022 41.279998779296875 31.600000381469727 AB 9.338671458870339 1.0844419042989486
61171.3082 lsst_hardware_u -1.448620771737441 3.9000000953674316 28.719999313354492 AB 7.986033040901111 1.0491372886102353
61171.3275 lsst_hardware_g -7.493869691566406 20.360000610351562 31.559999465942383 AB 8.122116711688756 1.0556429310747018
61174.2921 lsst_hardware_r 31.401286230953765 23.90999984741211 31.510000228881836 AB 7.058231486109294 1.050449304030851
61174.3127 lsst_hardware_i -33.64258507230188 31.270000457763672 31.25 AB 7.020343516159972 1.0518550423133644
61179.2781 lsst_hardware_u -0.8946077574753434 2.740000009536743 28.43000030517578 AB 7.85776182553522 1.0505614384315374
61179.3025 lsst_hardware_g -14.101722883444008 14.920000076293945 31.440000534057617 AB 7.595611137920094 1.053628955183811
61181.2701 lsst_hardware_r -16.329286487188533 23.809999465942383 31.5 AB 6.285204190626485 1.0515063892415488
61181.2872 lsst_hardware_u 1.131088176319098 2.75 28.440000534057617 AB 6.206787268780887 1.0497441541517256
61186.2451 lsst_hardware_r 87.76287859531834 45.150001525878906 31.6200008392334 AB 6.372576704734499 1.0586847997676005
61186.2698 lsst_hardware_i -13.216692687790253 39.970001220703125 31.299999237060547 AB 5.893051489436506 1.0492079803150662
61197.2166 lsst_hardware_i 33.324934701916256 46.439998626708984 31.299999237060547 AB 6.724383936199505 1.057431624091172
61197.2412 lsst_hardware_r -14.624024596627736 51.29999923706055 31.6299991607666 AB 6.613986118350806 1.049353254712893
61219.2015 lsst_hardware_z 32.47489444455889 89.43000030517578 31.0 AB 6.271516980131309 1.0596612799253138
61219.2245 lsst_hardware_r -29.8369614564058 134.19000244140625 31.649999618530273 AB 6.5796116804733815 1.0907844297867293
61221.1779 lsst_hardware_i 67.33248079403297 116.7699966430664 31.34000015258789 AB 3.254163279066062 1.0497300900213102
61221.1996 lsst_hardware_z 184.3824087091806 101.81999969482422 31.0 AB 3.2955511605929804 1.0630810195461227
61224.177 lsst_hardware_i -19.841666813798827 87.37999725341797 32.06999969482422 AB 7.019484330606432 1.0522386944395792
61224.198 lsst_hardware_z -23.622778645570115 82.4800033569336 31.719999313354492 AB 7.085293863674529 1.070730872140924
61226.1773 lsst_hardware_g -8.132265686805885 47.68000030517578 31.700000762939453 AB 3.8002487796072963 1.0556246610020268
