data/validation/pwv_sim_epoch_fit_epoch/9090121.ecsv
# %ECSV 0.9
# ---
# datatype:
# - {name: time, datatype: float64}
# - {name: band, datatype: string}
# - {name: flux, datatype: float64}
# - {name: fluxerr, datatype: float64}
# - {name: zp, datatype: float64}
# - {name: zpsys, datatype: string}
# - {name: pwv, datatype: float64}
# - {name: airmass, datatype: float64}
# meta: {SNID: '9090121', alt: 1024.0, c: 0.02720215730369091, dec: -12.635625, lat: -30.244573, lon: -70.7499537, ra: 269.121094, t0: 60910.578125,
#   x0: 2.4428262101029523e-05, x1: 0.8801716566085815, z: 0.31489086151123047}
# schema: astropy-2.0
time band flux fluxerr zp zpsys pwv airmass
[from data line 133]
61232.1502 lsst_hardware_r -41.217269913965126 24.020000457763672 31.510000228881836 AB 7.860067043407681 1.0503196423341739
61232.1709 lsst_hardware_i -27.812052154474642 31.6299991607666 31.25 AB 8.325651842256342 1.0644912056584743
61234.1336 lsst_hardware_z 35.70849067559372 41.58000183105469 30.940000534057617 AB 6.822417741340653 1.0493202201469838
61234.1562 lsst_hardware_u 4.683513497374863 2.75 28.43000030517578 AB 6.8865631879278295 1.0561538533469736
61236.1395 lsst_hardware_g -5.904571901230552 15.100000381469727 31.450000762939453 AB 7.253267380131331 1.050386278258061
61236.1596 lsst_hardware_r 10.22769618142821 24.059999465942383 31.510000228881836 AB 7.390778171671862 1.0640847777998552
61243.0952 lsst_hardware_z -81.78950682143861 45.52000045776367 30.959999084472656 AB 5.158502603871257 1.0544592666119594
61243.1168 lsst_hardware_i 58.307801566013445 39.18000030517578 31.280000686645508 AB 5.127245399810483 1.0495359295451578
61245.1083 lsst_hardware_z -82.80643505647875 79.08000183105469 31.719999313354492 AB 6.200520206285604 1.0491869832119807
61250.0929 lsst_hardware_z 75.05761119702288 116.75 31.75 AB 3.8298876037661875 1.049140557119898
61252.0851 lsst_hardware_z 7.270309731163867 88.95999908447266 31.739999771118164 AB 4.052918653457811 1.0492540525002965
61252.1056 lsst_hardware_r 20.13932119236289 125.27999877929688 32.400001525878906 AB 4.065641085398739 1.055142805155605
61254.0892 lsst_hardware_i -54.0348012117637 45.20000076293945 31.299999237060547 AB 1.7072261991571065 1.050062244484125
61254.1087 lsst_hardware_z -0.21035282422019475 49.54999923706055 30.959999084472656 AB 1.6983142520423296 1.0622763108943423
61257.0556 lsst_hardware_z -38.743409097475926 41.4900016784668 30.940000534057617 AB 2.3217933741553884 1.0553606246160856
61257.0739 lsst_hardware_i -50.73622493406877 31.110000610351562 31.25 AB 2.308108926663497 1.0491404212106803
61259.0546 lsst_hardware_u 3.1395763036908244 2.75 28.450000762939453 AB 2.4414627697696103 1.0526949530105034
61259.0746 lsst_hardware_g -6.95757879069046 14.90999984741211 31.450000762939453 AB 2.431673850689951 1.0498322075293904
61262.0494 lsst_hardware_r -21.445221161560543 24.020000457763672 31.520000457763672 AB 3.3936781942948984 1.0513253390008979
61262.0709 lsst_hardware_i -4.728941096523036 31.399999618530273 31.260000228881836 AB 3.497935721028939 1.0512203519245495
61265.0447 lsst_hardware_z -15.990070345142048 41.7400016784668 30.959999084472656 AB 2.634294794340097 1.0501474165198712
61265.0648 lsst_hardware_u 4.266181601195115 2.9000000953674316 28.549999237060547 AB 2.6950111179915823 1.0521222400904089
61267.0423 lsst_hardware_g -27.160041449174248 15.119999885559082 31.450000762939453 AB 3.883098331330335 1.049486035494685
61267.0606 lsst_hardware_r 0.28942428705964435 24.049999237060547 31.510000228881836 AB 3.895156383051709 1.0527449683923538
61269.0187 lsst_hardware_r -4.337969307614955 25.110000610351562 31.530000686645508 AB 4.1259629768219455 1.0585046653525034
61269.0381 lsst_hardware_i -27.197842214001007 31.899999618530273 31.260000228881836 AB 4.067404524699447 1.049314292086281
61273.0118 lsst_hardware_z 16.255232445083905 72.7699966430664 31.719999313354492 AB 2.8120380033389334 1.05543775929148
61273.0317 lsst_hardware_i -92.56289282884606 69.79000091552734 32.06999969482422 AB 2.8348849959762763 1.0491802353724191
61275.0196 lsst_hardware_z -41.41734501362248 97.63999938964844 31.739999771118164 AB 1.3909435430697807 1.0496366819794598
61277.01 lsst_hardware_r 32.56668542441939 93.47000122070312 31.65999984741211 AB 4.5203019860724645 1.0507443017369746
61277.0321 lsst_hardware_i 42.24282966436996 77.2300033569336 31.329999923706055 AB 4.563982199315006 1.0521542733709885
61279.0154 lsst_hardware_z -17.578384138540986 93.19999694824219 31.739999771118164 AB 1.5903893183342737 1.0491848169330007
61284.986 lsst_hardware_y -76.44212639761493 48.459999084472656 30.049999237060547 AB 2.4186171754398935 1.051572684973867
61285.0032 lsst_hardware_g 2.992858363838956 15.369999885559082 31.459999084472656 AB 1.6942875306044525 1.0497444427536882
61286.9769 lsst_hardware_y -50.09383071786875 63.59000015258789 30.059999465942383 AB 1.35146648786763 1.0533643709022835
61286.9971 lsst_hardware_i -28.252781336864352 31.719999313354492 31.25 AB 1.3217307985172115 1.0496174695391793
