data/validation/pwv_sim_epoch_fit_epoch/9143595.ecsv
# %ECSV 0.9
# ---
# datatype:
# - {name: time, datatype: float64}
# - {name: band, datatype: string}
# - {name: flux, datatype: float64}
# - {name: fluxerr, datatype: float64}
# - {name: zp, datatype: float64}
# - {name: zpsys, datatype: string}
# - {name: pwv, datatype: float64}
# - {name: airmass, datatype: float64}
# meta: {SNID: '9143595', alt: 1024.0, c: -0.0611877515912056, dec: -16.64604, lat: -30.244573, lon: -70.7499537, ra: 352.441406, t0: 61479.6328125,
#   x0: 4.1919467073618365e-05, x1: 0.7538217306137085, z: 0.24873824417591095}
# schema: astropy-2.0
time band flux fluxerr zp zpsys pwv airmass
61218.379 lsst_hardware_z -122.69373817811034 97.91999816894531 32.470001220703125 AB 7.5250628125944505 1.0477548732509532
61221.3876 lsst_hardware_i 39.695942109272124 69.86000061035156 31.329999923706055 AB 4.200607391726323 1.0336140235547056
61221.4068 lsst_hardware_z -65.11642308586799 62.279998779296875 30.989999771118164 AB 4.189531494455814 1.029748431720736
61224.3832 lsst_hardware_i -116.43946138609267 74.69999694824219 31.34000015258789 AB 6.67661192320428 1.0318275174950113
61224.4025 lsst_hardware_z 103.44606322634685 66.52999877929688 30.989999771118164 AB 6.696412983552994 1.030534469614188
61226.3793 lsst_hardware_z 120.44899244760754 63.63999938964844 30.989999771118164 AB 4.219574114880065 1.0312394733011707
61226.3991 lsst_hardware_r 181.51520813318726 78.27999877929688 31.65999984741211 AB 4.126551406221196 1.031165234156311
61232.365 lsst_hardware_i -15.150729193974955 31.030000686645508 31.260000228881836 AB 9.6865054111504 1.0305889361794232
61232.3853 lsst_hardware_r -6.499665911209036 23.799999237060547 31.510000228881836 AB 9.448279413937264 1.0321664236043957
61234.3637 lsst_hardware_u 10.946097506596468 2.8299999237060547 28.510000228881836 AB 6.198697365877347 1.029740965592374
61234.3858 lsst_hardware_g 3.115962654176119 15.140000343322754 31.459999084472656 AB 6.324602108468136 1.03537727895032
61236.3418 lsst_hardware_g -19.123077890735402 15.09000015258789 31.450000762939453 AB 3.82367649044277 1.0366480928406587
61236.3619 lsst_hardware_r -7.393672664104845 23.940000534057617 31.510000228881836 AB 3.7350056626203156 1.02949439432754
61239.3403 lsst_hardware_i 2.5753210132073066 30.940000534057617 31.25 AB 1.5994578574826663 1.032685585375659
61239.3607 lsst_hardware_z -24.693880802214917 41.220001220703125 30.950000762939453 AB 1.6196644489204393 1.0303208962598214
61243.3268 lsst_hardware_i 8.919587773032198 31.010000228881836 31.25 AB 4.971075036830147 1.034024968659417
61243.3478 lsst_hardware_u -6.1939374919659596 2.6500000953674316 28.360000610351562 AB 4.539519192899099 1.0299143597290552
61245.3217 lsst_hardware_g 30.271176567186934 14.800000190734863 31.440000534057617 AB 5.325227824144094 1.0338240776826737
61245.3431 lsst_hardware_r 17.482411238459562 23.639999389648438 31.510000228881836 AB 5.246755817128472 1.0300548034412287
61247.3197 lsst_hardware_i 11.152711719618797 48.630001068115234 31.309999465942383 AB 8.932710312961872 1.0321264419536904
61247.3401 lsst_hardware_r -39.5729002219652 53.459999084472656 31.6299991607666 AB 7.395923673545062 1.0306471116980298
61250.3363 lsst_hardware_z -151.88458739491804 103.2699966430664 31.739999771118164 AB 4.345006076207586 1.0322314086650901
61252.2979 lsst_hardware_z 163.65436394527913 87.83999633789062 31.0 AB 3.507343001099252 1.0368063263829883
61252.3187 lsst_hardware_r -13.673598873300648 129.35000610351562 31.65999984741211 AB 3.4792772363714604 1.0294988740342135
61254.3015 lsst_hardware_i 12.41018614903259 81.11000061035156 31.329999923706055 AB 1.409543250864273 1.031750580112924
61254.3212 lsst_hardware_z 157.0724834870676 72.55999755859375 30.989999771118164 AB 1.402278986978388 1.0307085534571028
61257.2893 lsst_hardware_i -22.693148342762157 56.91999816894531 32.040000915527344 AB 0.3820116829443349 1.0336280034570504
61257.3108 lsst_hardware_z -74.6618648252909 64.72000122070312 31.709999084472656 AB 1.567117390247283 1.0301511193079922
61259.289 lsst_hardware_g 6.6128400849972 16.520000457763672 31.489999771118164 AB 4.35052453893429 1.0313169330359235
61259.3098 lsst_hardware_r 1.564295466340793 25.479999542236328 31.520000457763672 AB 4.312161153588222 1.03145299479865
61262.2856 lsst_hardware_i 44.13021612949477 31.190000534057617 31.25 AB 4.4432053197642425 1.030009926343493
61262.3039 lsst_hardware_r 25.599764459719026 23.93000030517578 31.510000228881836 AB 5.069740521924598 1.032393535553475
61265.2751 lsst_hardware_u -0.24636831473130327 2.859999895095825 28.530000686645508 AB 3.5038365731678662 1.0305401685787843
61265.2959 lsst_hardware_g 23.75288180819954 15.069999694824219 31.459999084472656 AB 3.8046900601588436 1.0324803419698354
61267.277 lsst_hardware_r -41.71031388124575 23.809999465942383 31.520000457763672 AB 4.838650549606493 1.0295001169375517
61267.2971 lsst_hardware_i 18.564640218378933 31.149999618530273 31.260000228881836 AB 4.898837227523739 1.0363157411113926
61269.25 lsst_hardware_i 23.100089206493745 31.25 31.260000228881836 AB 3.5289212055262795 1.0379180016253764
61269.2692 lsst_hardware_z 3.6725663879090216 41.40999984741211 30.959999084472656 AB 3.737026813625104 1.0296257924301155
61273.254 lsst_hardware_i 14.359708660555599 34.529998779296875 31.270000457763672 AB 1.0857311513685448 1.0303498470875871
61273.2726 lsst_hardware_z 36.53972440604376 41.529998779296875 30.950000762939453 AB 1.089634563828967 1.0318509127168247
61277.2333 lsst_hardware_i 45.88514594441605 62.88999938964844 31.329999923706055 AB 3.511931130646682 1.0344167685564956
61277.2512 lsst_hardware_r 44.49649581051883 76.38999938964844 31.65999984741211 AB 3.3147127199992186 1.0295204638158875
61279.218 lsst_hardware_z -143.24177184979018 124.05999755859375 31.75 AB 3.006908498220293 1.041955009490139
61285.2001 lsst_hardware_g 52.20675885824001 45.290000915527344 31.700000762939453 AB 2.627364137208301 1.0434329377316527
61285.218 lsst_hardware_r -27.804798846098606 47.83000183105469 31.6299991607666 AB 2.2616054436945574 1.0313230220153786
61298.1657 lsst_hardware_z 65.30961340773374 41.65999984741211 30.950000762939453 AB 1.4294217206330286 1.0423590573405654
61298.1837 lsst_hardware_i 0.04624359345319283 31.290000915527344 31.260000228881836 AB 1.0322096723120302 1.0309210210357356
61300.158 lsst_hardware_z -25.503826829099896 41.84000015258789 30.950000762939453 AB 0.5759251034155968 1.044604177900115
61300.1755 lsst_hardware_g -5.0476996841255435 15.869999885559082 31.489999771118164 AB 0.832499028299465 1.0319169858064556
61304.1525 lsst_hardware_i 62.0657535096047 46.0 31.299999237060547 AB 4.775403236034293 1.0394869908652458
61304.1721 lsst_hardware_z 48.46573134671631 48.849998474121094 30.969999313354492 AB 4.522249868160367 1.0298124794656975
61306.1505 lsst_hardware_r -9.406623345077664 84.11000061035156 31.65999984741211 AB 1.3758109990975367 1.0367829684231626
61306.1696 lsst_hardware_z -87.06792281727395 63.29999923706055 30.989999771118164 AB 2.0208745639734222 1.029526417647254
61312.1414 lsst_hardware_z -163.87530490056184 80.8499984741211 31.729999542236328 AB 4.101424228748566 1.032497498216499
61314.1103 lsst_hardware_g 1.7339860629831656 15.069999694824219 31.450000762939453 AB 6.710930251520645 1.0562018075472515
61314.1287 lsst_hardware_r -42.24362302755736 23.950000762939453 31.510000228881836 AB 6.122879646480862 1.0367511747956872
61316.1086 lsst_hardware_i 30.372354310974412 31.260000228881836 31.25 AB 3.6865085595410227 1.0511857882924032
61316.1272 lsst_hardware_z -23.062398495191502 41.459999084472656 30.950000762939453 AB 3.301658881235016 1.03419228856226
61318.1088 lsst_hardware_r 18.912393533997403 24.020000457763672 31.510000228881836 AB 3.7294306873394825 1.044658455837299
61318.1293 lsst_hardware_g -9.213087365066823 15.119999885559082 31.459999084472656 AB 4.351496907329541 1.030855056518695
61320.111 lsst_hardware_r -0.7341422167124108 23.719999313354492 31.510000228881836 AB 8.340730645032995 1.037726985384744
61320.1293 lsst_hardware_i 5.104069552527908 31.09000015258789 31.260000228881836 AB 3.9313699795072923 1.0296935514686465
61322.0958 lsst_hardware_z -34.41571363646814 41.650001525878906 30.950000762939453 AB 6.1682392294152155 1.0469133935808603
61322.1135 lsst_hardware_i -3.1611266691548146 31.040000915527344 31.260000228881836 AB 5.927792656528009 1.0327764660884473
61324.0996 lsst_hardware_u 0.5709626695360895 2.869999885559082 28.530000686645508 AB 4.360004083466046 1.0380962103490585
61324.117 lsst_hardware_g -9.741522039721975 15.180000305175781 31.469999313354492 AB 4.3255284436815185 1.0298877246860758
61327.0966 lsst_hardware_r 12.789975704377696 23.799999237060547 31.510000228881836 AB 7.455626427073112 1.034521832576474
61327.1174 lsst_hardware_i 16.15402033328466 31.15999984741211 31.260000228881836 AB 7.424608518661887 1.02975349595987
61331.0762 lsst_hardware_r -8.9263504916351 31.260000228881836 31.56999969482422 AB 6.168744306103321 1.0417829834671224
61331.0947 lsst_hardware_g 41.25269993739324 26.3700008392334 31.639999389648438 AB 9.0312456037495 1.0305915597955206
61333.0768 lsst_hardware_r -19.975751525529663 52.72999954223633 31.639999389648438 AB 2.9906344172631933 1.0367647842599916
61333.0925 lsst_hardware_i 31.164352046216717 48.02000045776367 31.31999969482422 AB 3.2966289592456666 1.029874713916172
61336.0788 lsst_hardware_z 24.315776965310377 73.2699966430664 31.0 AB 4.4645045793891915 1.0313015891404924
61336.0968 lsst_hardware_i -127.10487669649518 80.91000366210938 31.34000015258789 AB 5.493065159704927 1.0305616134026316
61338.0756 lsst_hardware_z 109.26452970004597 104.63999938964844 31.75 AB 3.9417369931446453 1.0305868339485313
61341.0444 lsst_hardware_g 15.387016861668565 15.180000305175781 31.479999542236328 AB 2.7582485988657375 1.046376554956653
61341.0628 lsst_hardware_r 21.293629770605467 46.15999984741211 31.6299991607666 AB 2.846381805285547 1.0322327489700476
61356.0231 lsst_hardware_y 15.029933312670677 48.29999923706055 30.049999237060547 AB 5.203674716749827 1.0317075027010112
61356.0406 lsst_hardware_z -121.8174903323045 41.25 30.950000762939453 AB 5.190766460822508 1.0301694787045415
61357.0226 lsst_hardware_y -8.004039290012665 49.040000915527344 30.049999237060547 AB 5.239803054714143 1.030916130911754
61357.0401 lsst_hardware_u -0.7706435822035953 2.9200000762939453 28.510000228881836 AB 5.233074628606301 1.0307415065208392
61359.0129 lsst_hardware_y 19.583871877608953 71.55000305175781 30.06999969482422 AB 5.765352167434458 1.0325695652251394
61359.0315 lsst_hardware_r 5.0303770689707274 26.709999084472656 31.540000915527344 AB 5.750155026384403 1.0299861226786804
61361.0227 lsst_hardware_z 76.03804744702074 79.72000122070312 31.729999542236328 AB 3.6034611124585094 1.0295603178452883
61573.4134 lsst_hardware_i 16.41287124227169 48.52000045776367 31.31999969482422 AB 3.852329801592093 1.0411702166465115
61573.4345 lsst_hardware_y -5.268606082095578 51.279998779296875 30.059999465942383 AB 3.683576676549144 1.0298909626884838
61575.4127 lsst_hardware_i -30.662358679484885 64.19999694824219 31.329999923706055 AB 3.016540616927452 1.0372356630026298
61575.4328 lsst_hardware_y 19.269515964392372 53.95000076293945 30.059999465942383 AB 2.703457332083623 1.0295289894006776
61579.3904 lsst_hardware_i 151.21611688281823 68.26000213623047 31.329999923706055 AB 3.441917102359317 1.0480336267016443
61579.4142 lsst_hardware_y -6.292533750282373 54.2400016784668 30.059999465942383 AB 3.375685070981284 1.0307959909352997
61581.4119 lsst_hardware_z 71.25577752414651 82.16999816894531 31.729999542236328 AB 4.611082976441228 1.030025981334541
61584.332 lsst_hardware_z 43.89768369455993 45.130001068115234 30.950000762939453 AB 6.193623688618982 1.1422432572605241
61584.3513 lsst_hardware_y 67.24747177430095 48.43000030517578 30.030000686645508 AB 5.527925215434337 1.090535651101698
61586.3831 lsst_hardware_i -10.347980187805849 31.549999237060547 31.25 AB 4.200745357151366 1.0369223739214033
61586.4066 lsst_hardware_u 4.131967125901019 2.940000057220459 28.489999771118164 AB 4.206197136895654 1.029668821761456
61588.3702 lsst_hardware_g -3.477549951128058 15.180000305175781 31.469999313354492 AB 7.215438178155136 1.043321582574531
61588.3857 lsst_hardware_r -28.538479532783548 23.90999984741211 31.520000457763672 AB 7.624156256192075 1.0322442805567391
61590.3988 lsst_hardware_i -39.867352445120545 44.099998474121094 32.0099983215332 AB 6.509238941043175 1.0301602037945519
61590.4214 lsst_hardware_r -27.41620236800496 33.88999938964844 32.2599983215332 AB 5.967502217683721 1.0439996881881948
61597.2681 lsst_hardware_r 9.190744086241644 24.3700008392334 31.469999313354492 AB 10.915292350465482 1.2580173475118375
61597.3033 lsst_hardware_i 35.1972357138615 31.719999313354492 31.25 AB 9.551602958309806 1.1219031517615394
61599.3888 lsst_hardware_z 51.76865045712953 41.380001068115234 30.940000534057617 AB 6.347037507228928 1.0369846706070571
61599.4104 lsst_hardware_r 19.13691015132455 23.8799991607666 31.5 AB 6.510857410488984 1.0613797876143538
61606.3357 lsst_hardware_i -153.32516688264113 127.19999694824219 32.09000015258789 AB 2.9017072101407977 1.0326360178437002
61606.3583 lsst_hardware_z 36.3251139572435 108.12000274658203 31.75 AB 2.756672519394406 1.0310135649908951
61609.288 lsst_hardware_z -79.24977110202123 69.41999816894531 30.989999771118164 AB 5.523295757989259 1.080139974183878
61609.3098 lsst_hardware_r 134.37221327623735 88.1500015258789 31.65999984741211 AB 4.980399773534041 1.0465589829861746
61610.336 lsst_hardware_i -24.228703377221816 60.209999084472656 31.329999923706055 AB 5.199486414458941 1.0296012701898893
61610.3571 lsst_hardware_r 14.191805420040307 70.48999786376953 31.649999618530273 AB 5.231248573056078 1.035822435427908
61616.329 lsst_hardware_u 3.652323240347082 2.7799999713897705 28.479999542236328 AB 4.589318755616527 1.0304392378594502
61616.3469 lsst_hardware_g 8.351830548564196 14.869999885559082 31.450000762939453 AB 4.989521299323595 1.0406398705485809
61618.2962 lsst_hardware_g 10.535309257562698 14.869999885559082 31.450000762939453 AB 5.078023980778021 1.0365958623685678
61618.3155 lsst_hardware_r 61.78220957624257 23.68000030517578 31.510000228881836 AB 4.973079055511681 1.0295341786620644
61621.2991 lsst_hardware_i 64.18348115116245 31.0 31.260000228881836 AB 1.8718374651505938 1.0309367349828862
61621.3202 lsst_hardware_z 23.309782770268914 41.290000915527344 30.950000762939453 AB 1.8740850077337698 1.0320798574027186
61623.2896 lsst_hardware_i 17.561154658341216 31.030000686645508 31.260000228881836 AB 1.2769365125937115 1.0324936426874562
61623.3091 lsst_hardware_u -2.8363036543410174 2.809999942779541 28.5 AB 2.809838699461619 1.0302512953293639
61625.2819 lsst_hardware_g -6.470508863701225 15.029999732971191 31.459999084472656 AB 3.2641248794765385 1.033605091664515
61625.3009 lsst_hardware_r 44.42793434031597 23.829999923706055 31.510000228881836 AB 2.6633156283108637 1.0297650322119591
61628.2693 lsst_hardware_i -66.37916036297504 37.2400016784668 31.290000915527344 AB 6.900045483026005 1.036315170356476
61628.2898 lsst_hardware_r 3.5862415889864057 31.690000534057617 31.579999923706055 AB 6.8108924833057225 1.029535557902762
61630.2908 lsst_hardware_z 69.29020264289073 71.3499984741211 31.729999542236328 AB 3.5035175586062133 1.0304463407665334
61643.2221 lsst_hardware_g -5.232046902396038 15.0 31.440000534057617 AB 2.575096738983311 1.0413547505492933
61643.2378 lsst_hardware_r -21.5566475957425 23.809999465942383 31.5 AB 2.5242365986610955 1.0313530535898245
61648.1799 lsst_hardware_r 3.4404081192943314 24.450000762939453 31.510000228881836 AB 4.2253794669702 1.0834306325564615
61648.196 lsst_hardware_i 14.537658836392412 31.670000076293945 31.260000228881836 AB 4.117327269896492 1.0557249409991005
61654.196 lsst_hardware_r 7.290329683286316 24.190000534057617 31.510000228881836 AB 0.6908002502595989 1.0380169049726171
61654.2136 lsst_hardware_i -12.430089706421311 31.309999465942383 31.260000228881836 AB 0.41409059057739717 1.0298626086898997
61656.1682 lsst_hardware_i 4.4418142372801155 35.9900016784668 31.270000457763672 AB 2.7246430567051 1.0647296040270027
61656.1876 lsst_hardware_z -41.863753498839614 43.63999938964844 30.959999084472656 AB 2.6490064211829174 1.040458138720706
61677.1354 lsst_hardware_u 7.797833959670824 2.7200000286102295 28.43000030517578 AB 4.127789313633344 1.0363951911034885
61677.1546 lsst_hardware_r -4.367043892303758 23.719999313354492 31.510000228881836 AB 4.10447856241079 1.0295299585905286
61683.1105 lsst_hardware_u 5.166013012322517 3.119999885559082 28.56999969482422 AB 3.739156418997 1.0436554096705046
61683.1301 lsst_hardware_g 2.885213410828887 16.100000381469727 31.489999771118164 AB 4.40688421303573 1.0308501083124515
61685.1106 lsst_hardware_r 29.45956104629873 31.280000686645508 31.579999923706055 AB 8.009019899379373 1.0386149974876
61685.1293 lsst_hardware_i -19.10749406285141 34.72999954223633 31.280000686645508 AB 3.9318161635052546 1.0298104147473166
61687.1074 lsst_hardware_z -2.6757188582796942 48.41999816894531 30.959999084472656 AB 5.96850271685383 1.0368884472051128
61687.1275 lsst_hardware_r -25.327915983790586 48.560001373291016 31.6299991607666 AB 3.604368927830415 1.0295255435105137
61690.0959 lsst_hardware_z 21.617960803817425 74.66000366210938 30.989999771118164 AB 6.00688032393907 1.0394774516874692
61690.1128 lsst_hardware_r -15.276417153484262 100.73999786376953 31.65999984741211 AB 5.94901073779489 1.03035474999695
61691.101 lsst_hardware_i 136.69347399582608 92.7300033569336 31.34000015258789 AB 5.401202696305289 1.0339868603737163
61691.1196 lsst_hardware_z -31.21274356865958 80.43000030517578 31.0 AB 5.380050700323016 1.0296419317386807
61695.0772 lsst_hardware_y 42.71696693081627 52.97999954223633 30.049999237060547 AB 6.7925123495738795 1.0441986701881445
61695.0974 lsst_hardware_g 87.13774971069329 85.41999816894531 31.739999771118164 AB 7.101981283820898 1.0308288528073721
61697.0791 lsst_hardware_r -3.1004502758469594 23.649999618530273 31.510000228881836 AB 3.9344986630855643 1.0376243672152445
61697.097 lsst_hardware_i 2.0891670680180607 30.979999542236328 31.260000228881836 AB 4.348964060715216 1.029746817848932
61704.0661 lsst_hardware_u -0.6617765334237483 2.869999885559082 28.549999237060547 AB 2.27258183005028 1.0336573536217775
61704.0836 lsst_hardware_r 48.43324513072843 23.8799991607666 31.530000686645508 AB 2.366275687426527 1.02959890674488
61706.0675 lsst_hardware_i 41.84868099640832 31.040000915527344 31.260000228881836 AB 2.682107856921878 1.0307870318682697
61706.083 lsst_hardware_z -13.738768164275754 41.220001220703125 30.950000762939453 AB 2.7186302367446324 1.0303696178679675
61708.0482 lsst_hardware_z 47.341448373524564 41.150001525878906 30.940000534057617 AB 5.3534357089949545 1.0382924183465778
61708.0656 lsst_hardware_r -19.686535411053736 23.56999969482422 31.510000228881836 AB 5.351958608194717 1.0299490553970203
61712.0415 lsst_hardware_r -34.54064037643582 24.350000381469727 31.5 AB 3.028621124546623 1.0352785499091148
61712.0595 lsst_hardware_i 72.10854362954603 31.360000610351562 31.260000228881836 AB 3.1057191464211114 1.0295201590346226
61721.023 lsst_hardware_y 119.2841566060004 56.810001373291016 30.059999465942383 AB 5.484105619733002 1.0320593967978553
61721.0416 lsst_hardware_z -93.46826737302048 65.58999633789062 30.989999771118164 AB 5.437215879845262 1.0302635489998788
61723.0239 lsst_hardware_y 7.511553043088333 55.11000061035156 30.059999465942383 AB 6.245749587919924 1.030085143692214
61723.042 lsst_hardware_z 133.60960033511498 60.709999084472656 30.989999771118164 AB 3.9306265552722937 1.032202351699657
61725.013 lsst_hardware_y 85.00390661835263 73.76000213623047 30.079999923706055 AB 6.774299817919075 1.031684723840712
61725.0316 lsst_hardware_i -46.94796034353925 31.649999618530273 31.260000228881836 AB 6.762580253124654 1.030488419523757
61727.015 lsst_hardware_y -26.483836629357235 68.1500015258789 30.06999969482422 AB 7.825101342295434 1.0297540916298908
61727.0349 lsst_hardware_r -28.37093000574298 24.3700008392334 31.510000228881836 AB 7.848533079482085 1.0341190991357125
