data/validation/pwv_sim_epoch_fit_epoch/9326392.ecsv
# %ECSV 0.9
# ---
# datatype:
# - {name: time, datatype: float64}
# - {name: band, datatype: string}
# - {name: flux, datatype: float64}
# - {name: fluxerr, datatype: float64}
# - {name: zp, datatype: float64}
# - {name: zpsys, datatype: string}
# - {name: pwv, datatype: float64}
# - {name: airmass, datatype: float64}
# meta: {SNID: '9326392', alt: 1024.0, c: -0.14544937014579773, dec: -33.331287, lat: -30.244573, lon: -70.7499537, ra: 359.296875, t0: 62353.5859375,
#   x0: 2.206477233762316e-05, x1: 0.04538789764046669, z: 0.3284761309623718}
# schema: astropy-2.0
time band flux fluxerr zp zpsys pwv airmass
62288.3676 lsst_hardware_y 7.145616428203759 53.459999084472656 29.959999084472656 AB 8.79416709005048 1.316163695193397
62288.3892 lsst_hardware_r 12.109368899246256 61.459999084472656 31.600000381469727 AB 7.547125101460861 1.207475617534136
62306.3534 lsst_hardware_i -22.612406677402497 31.329999923706055 31.239999771118164 AB 2.9522614236826787 1.1555593021134314
62306.367 lsst_hardware_z -33.05528844461812 41.900001525878906 30.940000534057617 AB 2.8408574562283437 1.1123169366595376
62308.3729 lsst_hardware_u 1.372348063848581 2.6700000762939453 28.40999984741211 AB 3.62537435908905 1.0826860860352545
62308.3848 lsst_hardware_g -5.674383756810112 13.859999656677246 31.420000076293945 AB 3.2144213270609496 1.0572595089554708
62310.3588 lsst_hardware_r -19.138968772121583 41.2400016784668 31.600000381469727 AB 3.8333569089315294 1.1047138066085098
62310.3814 lsst_hardware_i 15.954678825036073 30.65999984741211 31.25 AB 3.4477750045192512 1.0533990236844808
62312.3682 lsst_hardware_z -43.23751625604895 80.43000030517578 31.729999542236328 AB 3.8619830025558977 1.0687158940750416
62314.3698 lsst_hardware_z -16.95180248048548 62.18000030517578 30.989999771118164 AB 7.593521023544979 1.0546556977145805
62314.3948 lsst_hardware_r 114.58419538186567 86.30999755859375 31.65999984741211 AB 7.314432010530493 1.01884137117081
62315.3555 lsst_hardware_i -32.24514411013627 66.9000015258789 31.31999969482422 AB 5.478406742739676 1.0786919503302341
62315.3774 lsst_hardware_z 55.18286204096086 60.81999969482422 30.989999771118164 AB 5.382902062606706 1.0373179289120211
62325.2704 lsst_hardware_z -0.9065133507200472 44.900001525878906 30.93000030517578 AB 2.0920166174438477 1.2944312369457653
62325.2892 lsst_hardware_r 16.011718025806378 23.389999389648438 31.469999313354492 AB 1.9553570729650638 1.2031732579007675
62327.2644 lsst_hardware_u 1.6597343324362577 2.545028625692111 28.229999542236328 AB 12.504267269375273 1.2974372015399165
62327.285 lsst_hardware_g 11.444847297363241 13.715070368828824 31.360000610351562 AB 11.610861765027753 1.1979016883927114
62330.2713 lsst_hardware_z 93.8965153172399 44.08036403337615 30.93000030517578 AB 7.598866144584051 1.2216826599009727
62330.292 lsst_hardware_r 74.92590727366118 24.051221655709423 31.479999542236328 AB 6.963108367949922 1.1414931750737578
62332.2669 lsst_hardware_u -0.18478042904455 3.0273015751184333 28.25 AB 6.553319021587472 1.2169580355779892
62332.286 lsst_hardware_r 157.10785914865437 26.552409437923192 31.469999313354492 AB 6.130873975252283 1.1432865221915678
62334.2491 lsst_hardware_g 296.26569274543647 22.04898927579378 31.329999923706055 AB 2.1904236421528704 1.276718656782322
62334.2696 lsst_hardware_i 456.102070060733 37.93566626029305 31.229999542236328 AB 2.2178005867105135 1.1829321291015273
62343.2655 lsst_hardware_r 4647.170701996962 128.3126936212617 31.639999389648438 AB 11.86255106485792 1.1137151278266808
62343.2836 lsst_hardware_z 2077.955267322443 83.75653288010999 30.989999771118164 AB 11.419568965062158 1.068647666578903
62345.2667 lsst_hardware_y 793.0390218969128 62.00124691579947 30.040000915527344 AB 2.8193540251380593 1.0955329415729782
62345.2847 lsst_hardware_r 5436.8205094121795 119.12338595516538 31.649999618530273 AB 2.6509640177270053 1.0555301683165461
62348.2659 lsst_hardware_r 6682.390674580202 96.84752350530837 31.6200008392334 AB 3.8548946948162333 1.0775637992451754
62348.2853 lsst_hardware_z 2585.039722838874 70.85738824453894 30.969999313354492 AB 3.71742610207889 1.0403972578525873
62351.2641 lsst_hardware_r 6479.9380505128665 84.9773160578127 31.520000457763672 AB 2.4543224527793006 1.0637820354457708
62351.2845 lsst_hardware_i 4513.724958589616 73.46131046523091 31.260000228881836 AB 2.3923983353993177 1.0297266866855026
62352.2641 lsst_hardware_z 2873.026628346619 66.5901153756685 30.950000762939453 AB 0.9828706186248757 1.0583675003139366
62352.2836 lsst_hardware_i 4463.395553676841 73.2310019373919 31.25 AB 0.9318182138708303 1.0273629700891183
62354.2673 lsst_hardware_u 73.98382305327698 8.903549023793959 28.459999084472656 AB 1.3188501218256916 1.0429815119222552
62354.2874 lsst_hardware_g 5027.643117591363 72.0863316340626 31.43000030517578 AB 1.255284587307038 1.0170424041377664
62356.2634 lsst_hardware_r 6488.511599249326 83.00417887590773 31.5 AB 3.172366699154605 1.0404898021117965
62356.2828 lsst_hardware_i 4686.044732091126 74.01481276953787 31.260000228881836 AB 3.0675445996986945 1.0162199485513486
62362.1678 lsst_hardware_z 2462.314632027046 65.8421262684789 30.920000076293945 AB 3.1708999490657295 1.3033327415238485
62362.1863 lsst_hardware_r 5101.802213441038 75.51508451521896 31.469999313354492 AB 2.842397763355343 1.211249046884379
62364.1622 lsst_hardware_z 2176.9462482073973 64.69173513167337 30.920000076293945 AB 7.021631238558718 1.3041259071768536
62364.1804 lsst_hardware_g 2815.9309884939407 55.79873354281506 31.440000534057617 AB 5.883233845846437 1.2131629747079982
62367.1589 lsst_hardware_r 4337.621819849735 82.76950337947787 31.579999923706055 AB 2.4063960615789255 1.2772802874622746
62367.1771 lsst_hardware_y 478.1688263116967 54.26001270099572 30.010000228881836 AB 2.8767207601268137 1.192546692974117
62369.1578 lsst_hardware_z 1680.1288079459628 71.81716802101417 30.950000762939453 AB 2.193772543440326 1.2548989665974257
62369.1758 lsst_hardware_r 4124.076979079725 96.8137036383084 31.6200008392334 AB 2.0078557035099385 1.1761333809489047
62378.1734 lsst_hardware_g 1054.0805640009357 40.67951114964689 31.600000381469727 AB 3.8025849183809486 1.104038591385918
62378.1834 lsst_hardware_r 2209.625832546664 57.838174205300284 31.579999923706055 AB 3.7236522665811562 1.0789285814070717
62380.1613 lsst_hardware_u 4.195398528723061 3.624109546971792 28.34000015258789 AB 1.4600470053696057 1.1231130810535428
62380.1797 lsst_hardware_g 692.1233371843743 29.758416592108514 31.399999618530273 AB 1.6349720041731874 1.0749322841379716
62382.1705 lsst_hardware_r 1532.2956915375169 44.910539637566046 31.479999542236328 AB 1.4822320054942928 1.083568934872465
62382.1894 lsst_hardware_i 2125.6822344269117 55.095949187725886 31.25 AB 1.4339143669126289 1.0453810694381256
62385.1706 lsst_hardware_z 1395.9390371755612 56.10304149798923 30.950000762939453 AB 0.6675900074587736 1.0651615595672497
62385.1879 lsst_hardware_r 1280.616233357635 42.363620309007445 31.510000228881836 AB 0.6732335971402148 1.0349478818445712
62387.1692 lsst_hardware_u 10.134064486219385 3.5453686329081116 28.389999389648438 AB 2.6676092729994645 1.0571069042993717
62387.1858 lsst_hardware_r 1145.6303422956905 40.4695256047007 31.5 AB 2.665581676415001 1.0302760368789259
62389.1682 lsst_hardware_i 1745.8798172465156 51.06607674424568 31.25 AB 3.9430191546151643 1.0489542842817676
62389.1848 lsst_hardware_z 1251.7960206625955 54.302857975342306 30.940000534057617 AB 3.8316598450115658 1.0246449645705484
62390.1642 lsst_hardware_r 953.6830001883892 38.5423263572133 31.5 AB 2.838245862828262 1.0512021714178748
62390.1813 lsst_hardware_u 3.8884827303451965 3.742723532002624 28.459999084472656 AB 2.536236745519157 1.025570863533828
62396.0799 lsst_hardware_i 1289.6113801032518 58.966851084471934 31.260000228881836 AB 0.3453569505771693 1.2763422873193815
62396.1042 lsst_hardware_z 965.1599964878536 58.75044407785428 30.950000762939453 AB 1.2324092646842524 1.168160440459007
62399.0775 lsst_hardware_i 1056.5922043373878 85.51981580553537 31.299999237060547 AB 6.980683267688906 1.2469959392084966
62399.0954 lsst_hardware_z 900.4253273680799 75.35468120906746 30.969999313354492 AB 4.576572120471469 1.1704289127841443
62401.0741 lsst_hardware_i 1290.8116258308232 103.51131980273084 31.299999237060547 AB 3.121904598742156 1.2371327912588754
62401.0917 lsst_hardware_z 856.3675163946984 86.54902153975736 30.979999542236328 AB 3.7839262336970276 1.163926863641042
62406.1016 lsst_hardware_g 178.87749941254773 19.66564138120717 31.399999618530273 AB 3.5330309328505036 1.0918457685863003
62407.101 lsst_hardware_r 471.89915646686194 32.24652304969979 31.489999771118164 AB 4.985332942679874 1.086563175417871
62411.1069 lsst_hardware_g 164.1750351510469 19.300196669805757 31.43000030517578 AB 4.742725455190258 1.0511359608134436
62411.1267 lsst_hardware_i 831.9650509180277 41.070752511125505 31.25 AB 4.47267569410631 1.0223648201698297
62414.103 lsst_hardware_u 5.379200788818691 3.8753061209654636 28.43000030517578 AB 3.738535458750084 1.0437734232569018
62414.1229 lsst_hardware_g 146.42491777165455 19.04827313519523 31.440000534057617 AB 3.611360110732375 1.0177145584704452
62416.0157 lsst_hardware_z 895.7414900409669 70.39620435098706 31.68000030517578 AB 5.1516672973935735 1.3307217058877838
62418.0056 lsst_hardware_y 133.99565869113286 52.508978390862396 29.940000534057617 AB 5.248471283358916 1.3598837371053432
62418.0259 lsst_hardware_g 147.7239315705616 18.468000490445853 31.360000610351562 AB 4.821288365234843 1.2456500103952572
62420.0068 lsst_hardware_y 216.23704691344267 51.69257422131888 29.950000762939453 AB 4.532093251539875 1.3186189268374806
62420.0268 lsst_hardware_i -39.66642339310352 32.09000015258789 31.229999542236328 AB 4.18186590098158 1.2162479595680795
62423.008 lsst_hardware_y -29.721784597615684 50.849998474121094 29.969999313354492 AB 9.161948072832175 1.2668476911215774
62423.0301 lsst_hardware_g -4.499415263461012 26.239999771118164 31.56999969482422 AB 8.528119250619765 1.1695706400849963
62425.0069 lsst_hardware_y 68.94129977386235 52.7599983215332 29.989999771118164 AB 9.719268814198953 1.2451023333588205
62425.0268 lsst_hardware_i 14.390614771033006 47.02000045776367 31.280000686645508 AB 9.078711015785922 1.161641330590511
62429.0071 lsst_hardware_y -30.040814055120066 59.65999984741211 30.010000228881836 AB 3.5714170447833795 1.1954867510223177
62429.0252 lsst_hardware_r 64.82540083088341 95.62999725341797 31.6299991607666 AB 3.3813826938523874 1.1302357128277387
62433.0093 lsst_hardware_y 10.834698206731405 49.97999954223633 30.020000457763672 AB 3.2619510018566555 1.1464549694602075
62433.0284 lsst_hardware_z 10.670857483750856 51.45000076293945 30.969999313354492 AB 3.1273799324841973 1.090534367530132
62437.0105 lsst_hardware_y 31.87129862914832 50.84000015258789 30.030000686645508 AB 3.979769755529163 1.1090343473678117
62437.0287 lsst_hardware_r -0.9065959323655787 22.3799991607666 31.479999542236328 AB 3.7926302835848626 1.0649965695469263
62438.0113 lsst_hardware_y 42.48745901571418 50.29999923706055 30.030000686645508 AB 3.477071389876501 1.0994112742019537
62438.0298 lsst_hardware_r -40.98103572352809 22.350000381469727 31.479999542236328 AB 3.292723169753841 1.0573934392273092
62440.0105 lsst_hardware_z 33.75608302309148 44.5099983215332 30.950000762939453 AB 5.092623362398881 1.0875283460358163
62440.0278 lsst_hardware_g -4.41656917833339 13.770000457763672 31.420000076293945 AB 4.858975690151629 1.05098700917139
62655.3672 lsst_hardware_z 8.522314622285025 44.5099983215332 30.920000076293945 AB 13.684197198246132 1.2913884016652795
62655.3899 lsst_hardware_r 10.818694003514036 23.610000610351562 31.469999313354492 AB 12.772270443663164 1.1849766148966148
62657.3616 lsst_hardware_u 3.8249622724887753 2.549999952316284 28.219999313354492 AB 6.797834274188008 1.2921592157493442
62657.3817 lsst_hardware_g -5.8928159253493195 14.180000305175781 31.3700008392334 AB 5.501767310452655 1.1960363718375338
62675.3673 lsst_hardware_r -23.019495769491304 32.97999954223633 31.579999923706055 AB 3.726414612938133 1.084678973348363
62675.3885 lsst_hardware_z 5.48596372149766 43.470001220703125 30.959999084472656 AB 3.427462163696692 1.042362663195304
62676.3606 lsst_hardware_r -17.792172459377035 27.65999984741211 31.540000915527344 AB 3.7474575548090825 1.0945476611344527
62676.3826 lsst_hardware_y -133.8267686104394 47.41999816894531 30.049999237060547 AB 4.065553991147835 1.0476431861744981
62680.3613 lsst_hardware_i 11.605562503034351 30.389999389648438 31.239999771118164 AB 5.414144673573923 1.0674575460516738
62680.3847 lsst_hardware_z -27.77245610633124 40.7599983215332 30.950000762939453 AB 5.342352227294903 1.0281333471395393
62682.3702 lsst_hardware_z 67.73745056390462 40.90999984741211 30.950000762939453 AB 3.6767063826247295 1.0410683480767855
62682.3904 lsst_hardware_r -15.334558496402643 22.170000076293945 31.489999771118164 AB 4.132663573431949 1.0158124309951533
62686.3738 lsst_hardware_u 7.3056841056789725 2.740000009536743 28.5 AB 7.4739676151897845 1.0215920742468918
62686.3948 lsst_hardware_g 7.401333833928725 13.729999542236328 31.440000534057617 AB 6.374086884340065 1.005112255086492
62688.3723 lsst_hardware_r -16.838553756790674 22.280000686645508 31.5 AB 5.77898319677568 1.0174564740941365
62688.3925 lsst_hardware_z 54.57645206801205 40.369998931884766 30.950000762939453 AB 4.919810457413701 1.0037698158488235
62695.2594 lsst_hardware_r -6.439245233846057 125.44999694824219 32.779998779296875 AB 7.972982231495196 1.2837562631218113
62695.3051 lsst_hardware_i 0.4645821029608623 96.87999725341797 32.5 AB 6.735331702625573 1.10415273813534
62704.2672 lsst_hardware_i -27.513566948281426 36.790000915527344 31.260000228881836 AB 5.612432954289374 1.1445769255204188
62704.2872 lsst_hardware_z 76.70750602527444 44.099998474121094 30.950000762939453 AB 5.329387602643381 1.0869276867283375
62709.2721 lsst_hardware_i -12.319873583338197 30.510000228881836 31.229999542236328 AB 2.1608468756614307 1.0905106614491198
62709.2937 lsst_hardware_r -22.573808728776264 22.280000686645508 31.479999542236328 AB 2.633208293764802 1.045615470720636
62716.2702 lsst_hardware_r -8.539390738133921 22.489999771118164 31.479999542236328 AB 2.4309916447359523 1.0533273058975061
62716.2912 lsst_hardware_i 56.31699654848383 30.100000381469727 31.25 AB 2.371304666696636 1.0223711421822883
62722.2598 lsst_hardware_r 78.61380175502885 44.970001220703125 31.6200008392334 AB 3.4637589007163445 1.04298672108291
62722.2775 lsst_hardware_z 12.619535654998721 45.540000915527344 30.969999313354492 AB 3.268386370168741 1.0194592545754027
62723.264 lsst_hardware_r 94.0266887949851 55.90999984741211 31.639999389648438 AB 4.39065550422207 1.0325487692920383
62723.2824 lsst_hardware_y -10.342489616057822 48.900001525878906 30.059999465942383 AB 4.251792689495457 1.012391854156904
62725.2524 lsst_hardware_z -64.20122085791576 65.16000366210938 30.989999771118164 AB 3.0097715826326956 1.0417137951484625
62725.271 lsst_hardware_r 58.68212805117636 93.12000274658203 31.65999984741211 AB 2.9397384928762538 1.0177387892941852
62731.1675 lsst_hardware_z 50.22422066597281 53.470001220703125 30.950000762939453 AB 4.001167027590888 1.250885898579894
62731.1848 lsst_hardware_r -117.28456679180692 55.25 31.610000610351562 AB 3.6674091778212112 1.1757028781217818
62733.1664 lsst_hardware_u -3.178916484344143 2.609999895095825 28.299999237060547 AB 2.3163132573185563 1.2301185646938695
62733.1838 lsst_hardware_r -23.871612520522344 23.18000030517578 31.479999542236328 AB 2.515500652517698 1.159216890561151
62735.1567 lsst_hardware_i 0.8176554831822104 32.5099983215332 31.219999313354492 AB 2.532468025921872 1.2502927800157353
62735.1741 lsst_hardware_z 0.6900866631462538 43.2400016784668 30.940000534057617 AB 2.927949359167362 1.1748609747210708
62736.1586 lsst_hardware_z -16.148143623917914 44.2599983215332 30.93000030517578 AB 2.7001578385970837 1.2283215460466659
62736.1722 lsst_hardware_r 27.66451827339208 23.489999771118164 31.479999542236328 AB 2.2217757661371964 1.1717196621976953
62738.1859 lsst_hardware_r -27.90903854235115 23.209999084472656 31.489999771118164 AB 4.226947895626249 1.1091440292905401
62738.2027 lsst_hardware_i 18.433602453520663 30.770000457763672 31.25 AB 4.125653936521153 1.0679922175824885
62740.1727 lsst_hardware_i -2.0314214407127036 31.600000381469727 31.239999771118164 AB 2.53130511364086 1.1322372656810167
