data/validation/pwv_sim_epoch_fit_epoch/933115.ecsv
# %ECSV 0.9
# ---
# datatype:
# - {name: time, datatype: float64}
# - {name: band, datatype: string}
# - {name: flux, datatype: float64}
# - {name: fluxerr, datatype: float64}
# - {name: zp, datatype: float64}
# - {name: zpsys, datatype: string}
# - {name: pwv, datatype: float64}
# - {name: airmass, datatype: float64}
# meta: {SNID: '933115', alt: 1024.0, c: 0.03534771874547005, dec: -7.632146, lat: -30.244573, lon: -70.7499537, ra: 231.679688, t0: 62230.28125,
#   x0: 8.770738923993718e-06, x1: 0.6714890003204346, z: 0.4861787259578705}
# schema: astropy-2.0
time band flux fluxerr zp zpsys pwv airmass
[from data line 132]
62617.256 lsst_hardware_u 0.27495829176891534 3.059999942779541 28.549999237060547 AB 6.55196107408754 1.0844326072253245
62617.2758 lsst_hardware_r -39.3166713257945 26.15999984741211 31.520000457763672 AB 6.770971940044197 1.100359736197104
62619.2527 lsst_hardware_i -8.31968966804778 31.790000915527344 31.239999771118164 AB 2.970711723968773 1.0853897420419338
62619.2702 lsst_hardware_z -17.900907209059145 42.529998779296875 30.940000534057617 AB 3.0053530767866405 1.1001902660597829
62626.2239 lsst_hardware_r -4.358277629928302 24.56999969482422 31.520000457763672 AB 9.969661224082442 1.0825605788420198
62626.2419 lsst_hardware_i -15.50386921664048 31.979999542236328 31.25 AB 9.948442399659013 1.0908379824187515
62628.2235 lsst_hardware_z 10.232085243324313 42.540000915527344 30.950000762939453 AB 7.381823053797931 1.0835703565207973
62628.2417 lsst_hardware_r 48.450354789689754 24.59000015258789 31.510000228881836 AB 7.477996538864516 1.0957574238207302
62630.1124 lsst_hardware_i 0.09732953612424902 34.34000015258789 31.209999084472656 AB 11.246266475028293 1.3063888881392736
62630.1271 lsst_hardware_z 24.68025732458193 44.54999923706055 30.93000030517578 AB 9.401818542426982 1.237081387161445
62632.2256 lsst_hardware_r -32.85749149297049 24.65999984741211 31.510000228881836 AB 8.208794159432403 1.0909058984594042
62632.2446 lsst_hardware_z 29.6387106188737 42.790000915527344 30.950000762939453 AB 8.371584968657698 1.1143417113941319
62638.1701 lsst_hardware_r -68.98066307410596 173.11000061035156 31.649999618530273 AB 7.449583399168277 1.0893327255558993
62638.1915 lsst_hardware_i -56.72582382485232 139.32000732421875 31.329999923706055 AB 7.4004755699422615 1.0826003515702443
62640.0762 lsst_hardware_z 128.5270925394787 82.77999877929688 30.950000762939453 AB 11.051268782446382 1.3576219302364467
62647.1444 lsst_hardware_r -26.132133802656984 24.43000030517578 31.510000228881836 AB 6.336247526488618 1.090200882052412
62647.1663 lsst_hardware_u -2.3676721422702944 2.8499999046325684 28.489999771118164 AB 6.299649453486822 1.0825379975060219
62653.1082 lsst_hardware_r -20.846721150858645 34.38999938964844 32.25 AB 8.226180327945865 1.1142559591764034
62653.1277 lsst_hardware_i 39.05715895477364 31.780000686645508 31.25 AB 7.782584953703482 1.0904560674938009
62656.1122 lsst_hardware_z -62.555845662142886 42.33000183105469 30.93000030517578 AB 12.8159696965583 1.0974612610693681
62656.1337 lsst_hardware_r 38.32458889634941 24.020000457763672 31.489999771118164 AB 11.739070481176578 1.0831149384057923
62658.1154 lsst_hardware_u 2.608651435372117 2.690000057220459 28.3799991607666 AB 5.555961403949485 1.0894041968528403
62658.1378 lsst_hardware_r 42.54751634945743 24.09000015258789 31.5 AB 6.148505779847481 1.082721686964147
62673.0393 lsst_hardware_g 7.53832476276016 15.010000228881836 31.43000030517578 AB 4.491679772260268 1.1426787633479587
62673.0519 lsst_hardware_i 11.96233754201758 31.90999984741211 31.239999771118164 AB 3.7791956718211703 1.1171137073074187
62677.0797 lsst_hardware_z -68.60033492431818 42.06999969482422 30.940000534057617 AB 5.099430153073672 1.0825666390136588
62677.1014 lsst_hardware_r 1.4693645688937451 23.969999313354492 31.489999771118164 AB 5.572739306645512 1.0898447144679089
62679.0701 lsst_hardware_u 3.6931293766685234 2.6500000953674316 28.350000381469727 AB 8.208648382119147 1.0833162566583425
62679.0894 lsst_hardware_g 11.640426035717466 14.890000343322754 31.43000030517578 AB 8.468128042041652 1.0856574412873914
62681.0455 lsst_hardware_g 11.925333431195158 14.869999885559082 31.43000030517578 AB 3.7678391030124536 1.0957798758216646
62681.0643 lsst_hardware_r -22.34040441429861 23.90999984741211 31.489999771118164 AB 3.7838032032599394 1.0834082185426703
62683.0485 lsst_hardware_i -11.31255221419936 31.459999084472656 31.239999771118164 AB 8.761813605653703 1.0884240503917924
62683.0695 lsst_hardware_z 99.88907350059087 41.88999938964844 30.940000534057617 AB 8.758480464310718 1.0827196881874135
62687.0505 lsst_hardware_r -39.08319513458818 34.38999938964844 32.2599983215332 AB 4.562487438192433 1.0828260206935882
62687.0718 lsst_hardware_u -1.3185860659078126 3.9700000286102295 29.219999313354492 AB 4.603172609928367 1.0881775997624286
62689.0448 lsst_hardware_g 0.28511623154783616 21.06999969482422 31.549999237060547 AB 3.4200614602911323 1.0828690639443863
62689.0644 lsst_hardware_i -9.984274545200893 33.470001220703125 31.25 AB 3.465877115129158 1.0869361640588686
62696.0103 lsst_hardware_r -80.47029184097478 101.19000244140625 31.649999618530273 AB 7.6708856303398285 1.0904534450521983
62696.0323 lsst_hardware_z 84.15430526405684 70.20999908447266 30.989999771118164 AB 7.5822040623196765 1.0825276472080843
62698.007 lsst_hardware_r -44.89835893248465 72.97000122070312 31.6299991607666 AB 4.7664403272808 1.0888084201509478
62698.026 lsst_hardware_y 33.97308033340926 52.58000183105469 30.030000686645508 AB 4.750079290227332 1.0824746758845376
62702.9991 lsst_hardware_i 36.65329755422917 31.850000381469727 31.25 AB 5.894948963841624 1.0853594508116404
62703.0175 lsst_hardware_z -30.36697149761619 42.36000061035156 30.940000534057617 AB 6.065804703046442 1.0832438900612733
62707.9704 lsst_hardware_y 13.817767343417515 50.7400016784668 30.030000686645508 AB 9.050768693833472 1.0972623742296748
62707.988 lsst_hardware_g 18.337349568657427 15.390000343322754 31.43000030517578 AB 8.91287513338014 1.0842584025279207
62709.973 lsst_hardware_y -28.658056519968316 49.130001068115234 30.030000686645508 AB 4.4741401390982025 1.0897254190094874
62709.9921 lsst_hardware_z -1.154701470572241 42.439998626708984 30.950000762939453 AB 4.45238462430731 1.082449309987771
62711.9738 lsst_hardware_y 85.09261493375233 49.060001373291016 30.030000686645508 AB 5.744189899508917 1.0857213771753245
62711.9923 lsst_hardware_u -2.036417145641567 2.7200000286102295 28.360000610351562 AB 5.717119125542329 1.0830954107307622
62716.9683 lsst_hardware_z -49.08287282381254 53.720001220703125 30.969999313354492 AB 11.566159935287292 1.0828808328205874
62716.9868 lsst_hardware_r -1.147773939075749 26.3799991607666 31.520000457763672 AB 10.188298078901889 1.0862786603774592
62720.9685 lsst_hardware_y -11.39968854238931 68.5199966430664 30.049999237060547 AB 3.61726815712662 1.083284698914885
62720.9865 lsst_hardware_z -94.4529325659114 62.540000915527344 30.979999542236328 AB 3.625008336577292 1.0944798097605812
