data/validation/pwv_sim_epoch_fit_epoch/9340058.ecsv
# %ECSV 0.9
# ---
# datatype:
# - {name: time, datatype: float64}
# - {name: band, datatype: string}
# - {name: flux, datatype: float64}
# - {name: fluxerr, datatype: float64}
# - {name: zp, datatype: float64}
# - {name: zpsys, datatype: string}
# - {name: pwv, datatype: float64}
# - {name: airmass, datatype: float64}
# meta: {SNID: '9340058', alt: 1024.0, c: 0.07794884592294693, dec: -58.919773, lat: -30.244573, lon: -70.7499537, ra: 140.089279, t0: 62566.14453125,
#   x0: 1.4498724010214954e-05, x1: 0.6824557185173035, z: 0.3936304748058319}
# schema: astropy-2.0
time band flux fluxerr zp zpsys pwv airmass
[from data line 131]
62879.2756 lsst_hardware_i -6.406421097812841 49.72999954223633 31.290000915527344 AB 5.305271737955784 1.1412868103594243
62879.2881 lsst_hardware_r -10.125156964456503 56.939998626708984 31.610000610351562 AB 5.316236971791122 1.1436456860903779
62881.273 lsst_hardware_z -32.872210110010734 66.43000030517578 31.700000762939453 AB 6.304567053832768 1.1415113260606136
62887.3182 lsst_hardware_g -4.867938309520791 12.829999923706055 31.34000015258789 AB 14.342582193029019 1.1934250451846413
62887.3205 lsst_hardware_i 17.318557895224632 30.860000610351562 31.229999542236328 AB 14.440295445116275 1.1972221900357565
62889.2813 lsst_hardware_r -38.57919216001312 21.829999923706055 31.459999084472656 AB 10.97634263765308 1.1554044881740084
62889.2936 lsst_hardware_z -26.139056089420166 42.189998626708984 30.940000534057617 AB 10.508452663576868 1.1672924118794243
62891.2503 lsst_hardware_i 19.078144251178344 30.3799991607666 31.229999542236328 AB 10.65315371549257 1.1422762327294003
62891.2617 lsst_hardware_r 7.932503247133645 21.799999237060547 31.459999084472656 AB 10.68972131991389 1.1462483767220684
62895.2573 lsst_hardware_i 53.80565416665122 30.75 31.239999771118164 AB 12.902700540567288 1.1498879055834197
62895.2677 lsst_hardware_z 8.954814292600782 42.45000076293945 30.940000534057617 AB 12.977019503363255 1.1577751726010503
62897.2595 lsst_hardware_r -23.996132195641017 22.110000610351562 31.479999542236328 AB 13.268394105773673 1.1554479627669383
62897.2709 lsst_hardware_u -1.885976564879113 2.7200000286102295 28.459999084472656 AB 13.405745671999492 1.1663509013158884
62906.2177 lsst_hardware_z -40.72886452491144 85.7300033569336 31.719999313354492 AB 6.087674202550344 1.1449094196565235
62910.1997 lsst_hardware_i 37.09162767006462 42.20000076293945 31.280000686645508 AB 4.581227023700607 1.142593097319019
62910.2107 lsst_hardware_r -58.04063056008892 44.36000061035156 31.59000015258789 AB 5.683047811589544 1.1467005269551256
62912.1909 lsst_hardware_u 3.2042461496172137 3.2699999809265137 28.549999237060547 AB 4.3502685733334525 1.1419026791495632
62912.2014 lsst_hardware_g 13.359675504674424 19.520000457763672 31.520000457763672 AB 4.343177202803962 1.1449500534632588
62917.1825 lsst_hardware_z 49.68135722559652 41.900001525878906 30.940000534057617 AB 4.11521167406725 1.1431143539075694
62917.1951 lsst_hardware_r -12.58659629676707 21.940000534057617 31.479999542236328 AB 4.135015132668117 1.1486153146300324
62919.167 lsst_hardware_i 3.538293253916294 30.540000915527344 31.229999542236328 AB 9.1571700455435 1.1413648318015082
62919.1786 lsst_hardware_u -6.123022183147258 2.609999895095825 28.3799991607666 AB 9.150399740359376 1.1435974554955113
62921.1643 lsst_hardware_g -1.3711024875316626 12.8100004196167 31.360000610351562 AB 10.64367823824164 1.141617258302643
62921.1759 lsst_hardware_r -5.532058364640933 21.93000030517578 31.469999313354492 AB 10.96992830254245 1.144588641253016
62925.1616 lsst_hardware_z 60.419130008689 41.81999969482422 30.940000534057617 AB 6.8962676941985706 1.1434068245051239
62925.1731 lsst_hardware_g 9.086928273554607 12.729999542236328 31.34000015258789 AB 6.9845146840317085 1.1485327332426243
62927.1649 lsst_hardware_r -14.924765660485146 29.40999984741211 31.530000686645508 AB 3.8468648755840005 1.147033880159225
62927.1777 lsst_hardware_i -28.11976268536971 34.119998931884766 31.239999771118164 AB 4.49604995545646 1.155574106652049
62929.1647 lsst_hardware_z -64.94822048353424 47.810001373291016 30.950000762939453 AB 6.012020487698191 1.1500756552268179
62929.1765 lsst_hardware_r -55.30974335022605 45.9900016784668 31.59000015258789 AB 7.496164651802354 1.1592903552030858
62932.1639 lsst_hardware_z 132.3377235658645 81.55999755859375 31.709999084472656 AB 9.975459849040444 1.1554586697730245
62935.1605 lsst_hardware_r -92.0074336108526 90.80000305175781 31.6299991607666 AB 12.265635591800256 1.1596516584854057
62935.1734 lsst_hardware_z 87.35535978131327 64.31999969482422 30.969999313354492 AB 12.79389626510751 1.1737519509272945
62939.1455 lsst_hardware_z 5.926305135198253 47.959999084472656 30.950000762939453 AB 12.861872910838454 1.1560541310637673
62939.1583 lsst_hardware_g -40.305281866645274 43.95000076293945 31.639999389648438 AB 12.99591144392068 1.1687321062310634
62941.1412 lsst_hardware_r 0.5405471040352969 21.8799991607666 31.459999084472656 AB 9.841594892877957 1.1570406457777553
62941.1533 lsst_hardware_i -17.030241244809158 30.700000762939453 31.229999542236328 AB 10.119032116726027 1.169267071744943
62943.1242 lsst_hardware_z -12.848248827221608 42.060001373291016 30.940000534057617 AB 9.152237759251756 1.1486962986196119
62943.1372 lsst_hardware_r -15.610475921581148 22.0 31.479999542236328 AB 7.076804228250604 1.1583278874295122
62946.1201 lsst_hardware_u -4.115514721659167 2.6700000762939453 28.420000076293945 AB 5.641346135042443 1.1512951296004985
62946.1325 lsst_hardware_g -15.622496331518484 12.9399995803833 31.360000610351562 AB 5.931969503250882 1.161612827007353
62948.1124 lsst_hardware_r 6.6608968196245755 22.020000457763672 31.479999542236328 AB 7.013944227685583 1.149826922571407
62948.1258 lsst_hardware_z 13.296501000018376 42.310001373291016 30.950000762939453 AB 8.603708321433349 1.1604156347749874
62952.1063 lsst_hardware_g 21.448831848086265 12.880000114440918 31.360000610351562 AB 7.400879134645462 1.1531441468752759
62952.1185 lsst_hardware_r 2.170085243757489 22.049999237060547 31.469999313354492 AB 7.478121003356638 1.164030665182894
62954.1057 lsst_hardware_i 1.5030382916974943 30.940000534057617 31.25 AB 7.967831739844867 1.1570499646417831
62954.116 lsst_hardware_z -57.18284480772276 42.400001525878906 30.950000762939453 AB 8.040831418842886 1.1672268771455572
62956.0515 lsst_hardware_i -26.513599583429286 34.61000061035156 31.260000228881836 AB 5.466822219503933 1.142949398645357
62956.0639 lsst_hardware_z -79.7925994851707 44.09000015258789 30.950000762939453 AB 5.447925538772969 1.1413251827038342
62958.0476 lsst_hardware_i 14.23532744636451 40.959999084472656 31.280000686645508 AB 9.94781318575259 1.1425512847342516
62958.0588 lsst_hardware_z 0.5845828678086564 46.869998931884766 30.959999084472656 AB 9.986655977037667 1.1413321116614477
62960.0442 lsst_hardware_z -12.382494000194491 52.0 30.959999084472656 AB 5.715124637318463 1.1421112384729144
62960.0562 lsst_hardware_r -68.85019475938228 60.0 31.6200008392334 AB 5.665565472709273 1.1414839770401015
62962.0448 lsst_hardware_i -39.44231716210971 64.75 31.299999237060547 AB 8.993137695672877 1.1413818334011092
62962.0577 lsst_hardware_r -38.87815229605076 81.7300033569336 31.6200008392334 AB 9.017794587472894 1.1426380344192464
62965.045 lsst_hardware_z 7.9405967439934155 84.08000183105469 31.719999313354492 AB 8.788551755947283 1.1417657746337193
62968.035 lsst_hardware_r -22.61789232678766 21.709999084472656 31.459999084472656 AB 5.597393632050987 1.141548667311554
62968.0448 lsst_hardware_i -15.072117208748253 30.31999969482422 31.229999542236328 AB 7.3049904601451345 1.1436384282027607
62970.0338 lsst_hardware_z -26.604226013017144 42.209999084472656 30.940000534057617 AB 5.73377676411487 1.1421866063973845
62970.0446 lsst_hardware_r 0.7165193664619408 21.899999618530273 31.459999084472656 AB 6.616862683805933 1.145677895213563
62975.0308 lsst_hardware_r 42.550220636660036 22.020000457763672 31.479999542236328 AB 10.530679386770215 1.1456144964121862
62975.0433 lsst_hardware_u -0.3651918619775224 2.6600000858306885 28.420000076293945 AB 10.279892409293574 1.1530144400448918
62979.0115 lsst_hardware_r -0.7148723308585262 22.020000457763672 31.479999542236328 AB 6.9441024237728435 1.1427016042301348
62979.0236 lsst_hardware_i -15.64324350050087 30.709999084472656 31.239999771118164 AB 7.092011074322306 1.1474353556319712
62984.0049 lsst_hardware_z 4.365568977509675 42.810001373291016 30.940000534057617 AB 1.7175739924061646 1.1450493282707763
62984.0172 lsst_hardware_r 6.062141540597133 24.739999771118164 31.489999771118164 AB 1.7278777648261485 1.151918509884099
62990.0055 lsst_hardware_r -52.58744765133287 65.02999877929688 31.6200008392334 AB 12.643826417894743 1.155478767913616
62990.0178 lsst_hardware_y 48.76673580230133 51.70000076293945 30.010000228881836 AB 12.910457968342522 1.167363621171167
62995.0021 lsst_hardware_g -100.34707044856162 44.33000183105469 31.649999618530273 AB 10.588397646079846 1.1651286232653744
62995.0138 lsst_hardware_r 9.637903393744573 54.09000015258789 31.600000381469727 AB 10.719877061701704 1.1793476542999417
