data/validation/pwv_sim_epoch_fit_epoch/9582171.ecsv
# %ECSV 0.9
# ---
# datatype:
# - {name: time, datatype: float64}
# - {name: band, datatype: string}
# - {name: flux, datatype: float64}
# - {name: fluxerr, datatype: float64}
# - {name: zp, datatype: float64}
# - {name: zpsys, datatype: string}
# - {name: pwv, datatype: float64}
# - {name: airmass, datatype: float64}
# meta: {SNID: '9582171', alt: 1024.0, c: -0.04577827453613281, dec: 4.331149, lat: -30.244573, lon: -70.7499537, ra: 52.382812, t0: 61670.9140625,
#   x0: 6.038663799506311e-06, x1: -0.723129391670227, z: 0.567480206489563}
# schema: astropy-2.0
time band flux fluxerr zp zpsys pwv airmass
61648.3764 lsst_hardware_r 109.53200486041116 26.4169826242886 31.469999313354492 AB 5.866259506637167 1.2306838125812238
61648.393 lsst_hardware_y 127.61775404796393 49.51135776188372 29.989999771118164 AB 5.921834427240446 1.2173364133085285
61656.3819 lsst_hardware_i 731.2899957580631 42.21012179144251 31.229999542236328 AB 2.7827075259680876 1.2162183242867517
61656.4004 lsst_hardware_z 560.6621897434434 50.697357357338156 30.940000534057617 AB 2.784022535109725 1.228064638336888
61673.3395 lsst_hardware_i 1706.4044011259712 52.160841433263606 31.229999542236328 AB 7.233205933552102 1.217301570776314
61673.3579 lsst_hardware_z 1319.6509780801389 56.022002889552155 30.93000030517578 AB 7.27019319825384 1.23286301479631
61677.3357 lsst_hardware_r 1787.8933214878932 47.84442944926292 31.479999542236328 AB 8.460732083322393 1.2212373099484188
61677.3542 lsst_hardware_u -0.3209002213912276 2.6956183482315796 28.31999969482422 AB 8.64389190391606 1.2439044328559592
61679.3258 lsst_hardware_g 271.3570283586617 22.064432467484014 31.389999389648438 AB 5.46569146363484 1.2184791848780947
61679.3449 lsst_hardware_i 1521.590290393913 50.08419628442342 31.229999542236328 AB 5.184514524353105 1.2376743050557475
61683.2913 lsst_hardware_r 1187.3439280720693 42.353809275279666 31.469999313354492 AB 8.079688887912747 1.2206197332932947
61683.3106 lsst_hardware_u 1.1806491047390284 2.6458248478839037 28.299999237060547 AB 8.424639329357241 1.216774050096731
61695.2989 lsst_hardware_y 439.95485726380656 96.2806541423877 30.75 AB 6.699006183737097 1.2343089639608713
61697.2902 lsst_hardware_r 423.5741250882585 89.05810403325044 31.610000610351562 AB 4.505835628437629 1.2300943566578293
61697.3077 lsst_hardware_i 571.8541211578308 77.40201532235278 31.290000915527344 AB 4.7873073471485945 1.2598177229338408
61701.2509 lsst_hardware_i 434.12615531516894 39.189544005044624 31.229999542236328 AB 4.3698984615756 1.2165359364089363
61701.2672 lsst_hardware_z 656.75406018868 51.2034175069469 30.93000030517578 AB 4.489983814578974 1.2192759849501627
61706.2506 lsst_hardware_g 26.203977744234084 16.138169289195655 31.389999389648438 AB 2.7695370352552526 1.2177803826559315
61706.2676 lsst_hardware_i 293.09535802052727 37.88599303785377 31.229999542236328 AB 2.7794937296956 1.2325914544104655
61710.1142 lsst_hardware_r 131.13180667833302 28.823399220013794 31.389999389648438 AB 8.972719863531834 1.669602083460562
61710.1467 lsst_hardware_u 2.810666082449397 3.0911881097067315 28.139999389648438 AB 6.575821088119996 1.4218503920400412
61727.1831 lsst_hardware_g 52.81549058961282 46.51513322528744 31.639999389648438 AB 6.666862755878213 1.2160075552969032
61727.2029 lsst_hardware_r 224.0594662218528 55.91351426222308 31.59000015258789 AB 6.849031428231724 1.2243166563205787
61730.184 lsst_hardware_i 127.38802269403243 34.955526623277564 31.229999542236328 AB 3.78440844018553 1.2173408734012576
61730.2034 lsst_hardware_r 70.10719382543249 26.551357422764056 31.469999313354492 AB 3.810648692432991 1.2343847836198107
61735.1861 lsst_hardware_r 68.47112907209005 26.147288516430688 31.479999542236328 AB 5.669986295639041 1.229665212673722
61735.205 lsst_hardware_i 176.29628874652676 34.681236797982365 31.219999313354492 AB 5.80760252428174 1.262156445439268
61737.191 lsst_hardware_z 208.48414289683882 46.70098055970592 30.920000076293945 AB 4.08121293470377 1.2449681025076322
61737.2105 lsst_hardware_r 113.41791328469264 26.445806085512416 31.450000762939453 AB 5.118520096669939 1.290762853781349
61739.1837 lsst_hardware_u -3.6309881262735866 2.789268797444752 28.34000015258789 AB 5.562098061454143 1.2418169371409116
61739.2025 lsst_hardware_g 36.20653385073865 16.129761303743518 31.3700008392334 AB 5.6522949841791545 1.2834457275609952
61741.1469 lsst_hardware_g 30.18648563051417 15.811035062352069 31.399999618530273 AB 7.890629571010249 1.215938397012058
61741.1659 lsst_hardware_r 86.4500473977068 25.882404459555833 31.469999313354492 AB 7.910327027783472 1.225488966064172
61743.1509 lsst_hardware_i 84.16165598101955 34.80900834778964 31.239999771118164 AB 3.925130541770394 1.2183855376819042
61743.1699 lsst_hardware_r 75.09599457104407 26.00449130702672 31.469999313354492 AB 4.550147691548837 1.237265693017953
61745.0772 lsst_hardware_z 246.09900426131443 49.02249647051637 30.93000030517578 AB 4.096022241495561 1.3075889039091972
61745.0941 lsst_hardware_g 28.201839892879814 28.663757772125788 31.559999465942383 AB 6.575133326666427 1.2608117596675796
61747.1566 lsst_hardware_r 17.257884213569604 51.039430470606675 31.579999923706055 AB 4.565242065005159 1.233849206758151
61747.1764 lsst_hardware_i 128.03722628055797 48.85058905733153 31.270000457763672 AB 5.6991104673352 1.2721228721729476
61749.1398 lsst_hardware_z 87.7849242499567 70.24543791859429 30.959999084472656 AB 9.141019379761472 1.2217347473619322
61749.1544 lsst_hardware_r 51.823985728273 89.63393334486985 31.600000381469727 AB 9.190481600411081 1.2386093801093792
61751.1634 lsst_hardware_z -106.37123986438979 130.4499969482422 31.719999313354492 AB 15.015458338079444 1.2670114550494915
61753.1522 lsst_hardware_r 60.031380421272 115.01000213623047 31.610000610351562 AB 8.914752422011214 1.2542739953585949
61753.1699 lsst_hardware_z -60.90672295867082 80.51000213623047 30.959999084472656 AB 9.8818064463887 1.3002376903143027
61759.0852 lsst_hardware_r -18.780463707681218 24.34000015258789 31.479999542236328 AB 4.092548737484644 1.2196842133320682
61759.1066 lsst_hardware_i 13.872144297380789 32.689998626708984 31.229999542236328 AB 4.095807423156812 1.2180839920168958
61765.0967 lsst_hardware_r -10.584676686758504 24.170000076293945 31.469999313354492 AB 9.13689487191763 1.2221908200091312
61765.1232 lsst_hardware_z 104.81557229086249 44.47999954223633 30.93000030517578 AB 9.505890289305931 1.2624024288586027
61769.0474 lsst_hardware_z -21.293488446737847 47.040000915527344 30.940000534057617 AB 10.428834226872105 1.2290303041734867
61769.0736 lsst_hardware_g 6.786911028045614 14.869999885559082 31.399999618530273 AB 10.42287977062581 1.216240820400501
61771.0476 lsst_hardware_y -27.578852968040383 52.869998931884766 30.0 AB 8.432458807596767 1.223272657687509
61771.0726 lsst_hardware_i 8.278162073289083 32.34000015258789 31.229999542236328 AB 8.392951950831108 1.2175415110818395
61773.0466 lsst_hardware_y -31.873789250902213 53.93000030517578 29.989999771118164 AB 8.259019097124343 1.2199137043092474
61773.0724 lsst_hardware_r -17.460601059617087 26.649999618530273 31.489999771118164 AB 8.179074038078795 1.2203778483922383
61779.0539 lsst_hardware_y -102.08064651743678 88.94999694824219 30.760000228881836 AB 10.247853151502783 1.219063382945726
62010.3674 lsst_hardware_z -2.087969518367462 63.290000915527344 31.68000030517578 AB 3.8108546532883025 1.261802765836864
62010.3819 lsst_hardware_y 22.654498116447776 70.11000061035156 30.739999771118164 AB 4.454263457035757 1.2352366769372594
62014.3912 lsst_hardware_i 47.346409325539916 32.790000915527344 31.239999771118164 AB 0.8958271147770008 1.2172942336455679
62014.4087 lsst_hardware_y -126.96274546209257 50.83000183105469 30.0 AB 0.8996835904808781 1.21867062713292
62019.3396 lsst_hardware_z -21.971472346625855 68.52999877929688 30.959999084472656 AB 1.1269179343415563 1.2694091065521684
62019.3592 lsst_hardware_y -64.22233401954594 56.709999084472656 29.989999771118164 AB 1.0787947055075477 1.232673439924831
62022.4017 lsst_hardware_y 101.35099596981358 135.1199951171875 31.510000228881836 AB 4.40470254414414 1.2321420702533843
62028.2915 lsst_hardware_g 19.83022228212655 15.050000190734863 31.3700008392334 AB 3.306417200399489 1.3458957396470106
62028.309 lsst_hardware_r 13.916755188901389 24.809999465942383 31.469999313354492 AB 2.290193259109808 1.2853617281380336
62029.3423 lsst_hardware_i -5.734695110496661 32.81999969482422 31.229999542236328 AB 5.088228956105648 1.2218102908165802
62029.3607 lsst_hardware_z -17.112094916833776 44.27000045776367 30.940000534057617 AB 5.0377289014696265 1.2162551669410924
62036.3406 lsst_hardware_r -19.320755926707374 24.329999923706055 31.469999313354492 AB 2.13043599828127 1.2161179706675016
62036.36 lsst_hardware_z -23.309848943237483 44.130001068115234 30.93000030517578 AB 2.208671337814091 1.2279492241368186
62040.3308 lsst_hardware_g 7.629623000271016 14.619999885559082 31.3799991607666 AB 5.234761955195667 1.2162786504995358
62040.3511 lsst_hardware_r 10.265013264352271 24.049999237060547 31.450000762939453 AB 5.925984247235785 1.2303081482152534
62049.2946 lsst_hardware_r 39.15751024182213 124.26000213623047 31.6200008392334 AB 6.956267979243983 1.2177096723742584
62049.313 lsst_hardware_z -103.54488308153918 85.95999908447266 30.979999542236328 AB 6.954251928512009 1.2186011177135643
62051.2916 lsst_hardware_r -62.79780698596474 100.1500015258789 31.6200008392334 AB 4.584224639185532 1.216835420063538
62051.3091 lsst_hardware_y -36.52563885913472 60.41999816894531 30.010000228881836 AB 4.246184325193027 1.219467066396619
62061.245 lsst_hardware_z -15.16423801571062 44.369998931884766 30.940000534057617 AB 6.2753341548491495 1.2320682241194723
62061.2685 lsst_hardware_r 62.238265191052 24.469999313354492 31.479999542236328 AB 6.2462540277614655 1.2160525703809684
62066.2572 lsst_hardware_r -5.555556115770118 24.559999465942383 31.479999542236328 AB 4.481984711844976 1.216003087093369
62066.2745 lsst_hardware_u 0.48084604396193886 2.7100000381469727 28.350000381469727 AB 4.391111836235775 1.2242876866826604
62068.2307 lsst_hardware_g -21.441171232913373 14.770000457763672 31.3799991607666 AB 5.463424514397792 1.226449681472231
62068.2476 lsst_hardware_r 34.129761345727346 24.329999923706055 31.479999542236328 AB 5.4424271735426135 1.216275441047962
62069.251 lsst_hardware_i -5.965099395376454 32.630001068115234 31.229999542236328 AB 1.7026529036600124 1.2161806454714374
62069.2684 lsst_hardware_z -88.04261806208486 44.15999984741211 30.93000030517578 AB 1.7168675798258437 1.2263339855898885
62076.1932 lsst_hardware_z -17.93266262921609 122.30000305175781 31.729999542236328 AB 4.4240140615853845 1.2493685573525515
62078.2404 lsst_hardware_r -162.83130136100655 146.3800048828125 31.6200008392334 AB 6.836090861547132 1.2230966205243117
62078.2586 lsst_hardware_z 94.97051323578111 99.83999633789062 30.979999542236328 AB 6.248417377937423 1.2475003499751571
62080.2328 lsst_hardware_r 94.63377774591268 96.68000030517578 31.610000610351562 AB 3.053468691674301 1.2213874766697204
62080.2513 lsst_hardware_y -44.56679616669702 58.790000915527344 29.989999771118164 AB 3.7840425474316595 1.2442051339648157
62087.1991 lsst_hardware_z 91.39597760601303 43.599998474121094 30.93000030517578 AB 5.2646038786859295 1.2159842657782798
62087.2165 lsst_hardware_r -2.345665766895508 24.399999618530273 31.469999313354492 AB 8.176740850900787 1.2236813644797584
62089.2004 lsst_hardware_u 3.3951069261155777 2.619999885559082 28.260000228881836 AB 4.704249924505585 1.2171409895224645
62089.2179 lsst_hardware_g 10.473547070160516 15.180000305175781 31.3799991607666 AB 9.107088178069953 1.231020299820422
62092.187 lsst_hardware_g 14.475195659884369 14.989999771118164 31.389999389648438 AB 6.694723123746341 1.216043192736384
62092.2065 lsst_hardware_r -18.691053280857503 24.399999618530273 31.469999313354492 AB 6.842982239118391 1.2272756560316354
62094.1862 lsst_hardware_i 46.06075333836939 32.91999816894531 31.229999542236328 AB 6.165621309347522 1.2169589899531366
62094.2059 lsst_hardware_r 5.235585745631418 24.780000686645508 31.469999313354492 AB 6.2232462793826935 1.2331603123004513
62097.1872 lsst_hardware_z -57.153865238143425 43.810001373291016 30.93000030517578 AB 7.553222079305767 1.222006484275445
62097.207 lsst_hardware_g -12.249753482340163 15.020000457763672 31.389999389648438 AB 7.570406503221054 1.2480063473823038
62099.1843 lsst_hardware_r 40.01774339060048 29.719999313354492 31.520000457763672 AB 7.259636291088298 1.2241875648949796
62099.2049 lsst_hardware_i -19.94150719586054 35.189998626708984 31.229999542236328 AB 7.427336776084632 1.2545823782131074
62101.1841 lsst_hardware_z -25.22777115092429 50.61000061035156 30.950000762939453 AB 4.346135727843268 1.2297483785456074
62102.0763 lsst_hardware_z 49.99892613804189 58.54999923706055 30.93000030517578 AB 5.43168983588684 1.4076597708761462
62104.1874 lsst_hardware_r -58.81817493888106 103.19000244140625 31.600000381469727 AB 5.544208830772919 1.247104033314629
62104.2078 lsst_hardware_z -17.455816781381415 78.69999694824219 30.959999084472656 AB 5.8415929033271965 1.2970748804664043
62106.1472 lsst_hardware_i 42.72245959608235 115.94999694824219 31.309999465942383 AB 7.894530997186669 1.2159774601611772
62106.1668 lsst_hardware_r -31.354499911046315 145.85000610351562 31.610000610351562 AB 7.7582834568080825 1.2257340164006767
62111.1544 lsst_hardware_r -3.4781732553551428 45.279998779296875 31.579999923706055 AB 5.607528582936414 1.2270303244935783
62111.1728 lsst_hardware_i -44.64147586068921 47.790000915527344 31.270000457763672 AB 5.1590526360540085 1.2559569835397602
62113.1569 lsst_hardware_z -68.4184881216079 44.54999923706055 30.940000534057617 AB 6.79739637305947 1.2372399659736932
62113.1752 lsst_hardware_r 12.9705834130939 30.56999969482422 31.510000228881836 AB 7.741646705360969 1.2742926966563293
62117.1572 lsst_hardware_r -7.8271361980782785 24.43000030517578 31.479999542236328 AB 12.96052806605346 1.257611805743131
62117.1761 lsst_hardware_z -107.53863980406658 45.04999923706055 30.93000030517578 AB 14.528517113714312 1.3093669197489428
62121.0756 lsst_hardware_u -2.7479125770349304 2.7200000286102295 28.3700008392334 AB 13.548149294497204 1.2401335769237012
62121.0951 lsst_hardware_g -2.967904304864633 14.670000076293945 31.399999618530273 AB 11.707699432909653 1.219128715679589
62127.0793 lsst_hardware_z -83.9328238188928 44.380001068115234 30.93000030517578 AB 5.954170618081697 1.2188057147703182
62127.0983 lsst_hardware_g -14.452612106511953 18.549999237060547 31.469999313354492 AB 5.226040028955026 1.2177653568576894
62132.0799 lsst_hardware_r -16.780097026848633 84.62999725341797 31.610000610351562 AB 7.686266383090887 1.2163096924397436
62132.0977 lsst_hardware_y -42.51547796548648 57.650001525878906 30.0 AB 6.550691508517532 1.2277175314270379
62134.0541 lsst_hardware_z -157.15566921495207 113.29000091552734 31.719999313354492 AB 10.408126828636282 1.2230226782050106
62136.0451 lsst_hardware_y 126.67093759886116 93.31999969482422 30.760000228881836 AB 8.389683370634142 1.226360192312539
62136.0667 lsst_hardware_i 122.6796920463749 122.05000305175781 32.060001373291016 AB 8.320098755736232 1.2160164797122532
62138.0464 lsst_hardware_y -114.97599921526636 55.25 30.0 AB 8.241153191055822 1.220549939433624
62138.0688 lsst_hardware_r -140.894805671531 64.38999938964844 31.600000381469727 AB 8.594188480183641 1.217997233586118
62140.045 lsst_hardware_y -16.49362046744331 53.540000915527344 30.0 AB 2.7969767764465794 1.2181954601248168
62140.0662 lsst_hardware_g 26.431074061220286 14.789999961853027 31.389999389648438 AB 2.7338251460919905 1.219504916289502
62144.0438 lsst_hardware_y 95.0181324027213 56.810001373291016 29.989999771118164 AB 10.105909833052078 1.2159679741369362
62144.0643 lsst_hardware_u -0.93299073662456 2.740000009536743 28.34000015258789 AB 10.032467263262214 1.2270255023100196
62146.0443 lsst_hardware_z -0.15017743588133498 51.650001525878906 30.950000762939453 AB 10.997740605507708 1.2169680873639142
62146.0653 lsst_hardware_r 8.076920148941676 24.43000030517578 31.469999313354492 AB 11.112574913962883 1.2350507443369985
