data/validation/pwv_sim_epoch_fit_epoch/9682323.ecsv
# %ECSV 0.9
# ---
# datatype:
# - {name: time, datatype: float64}
# - {name: band, datatype: string}
# - {name: flux, datatype: float64}
# - {name: fluxerr, datatype: float64}
# - {name: zp, datatype: float64}
# - {name: zpsys, datatype: string}
# - {name: pwv, datatype: float64}
# - {name: airmass, datatype: float64}
# meta: {SNID: '9682323', alt: 1024.0, c: -0.09860986471176147, dec: 3.284369, lat: -30.244573, lon: -70.7499537, ra: 155.566406, t0: 61044.609375,
#   x0: 1.29051510427914e-05, x1: -0.4598884582519531, z: 0.4131077229976654}
# schema: astropy-2.0
time band flux fluxerr zp zpsys pwv airmass
61037.3314 lsst_hardware_z 1768.409913445292 59.482185818993 30.940000534057617 AB 7.542411632590518 1.2180897339455785
61037.3519 lsst_hardware_y 662.0803661511852 60.17412352568232 30.010000228881836 AB 6.730088788562021 1.199374264327362
61039.329 lsst_hardware_u 19.07547059700981 4.7883165764963165 28.329999923706055 AB 11.332967538150053 1.2139213644362903
61039.3507 lsst_hardware_y 572.6583833295523 59.041834589779064 30.0 AB 10.551542775321202 1.1981312765314536
61041.3352 lsst_hardware_r 4476.280533824731 70.66079905940134 31.479999542236328 AB 8.590124071557305 1.2024914691612016
61041.3553 lsst_hardware_y 501.1176641350332 61.35088701881087 30.010000228881836 AB 8.567143419138594 1.1987408910634074
61044.3403 lsst_hardware_z 4281.88005355473 124.31481214385123 31.719999313354492 AB 3.261854726722697 1.1977801254834126
61047.3372 lsst_hardware_z 2355.695171187516 89.71098812709651 30.969999313354492 AB 8.361391020217404 1.1982789815679278
61047.3573 lsst_hardware_y 597.6074039345239 71.60948779004305 30.010000228881836 AB 8.313069959285937 1.2128491126009877
61050.2938 lsst_hardware_r 4242.646265868206 78.06172357209599 31.559999465942383 AB 8.770947925341302 1.2212403126345448
61050.3159 lsst_hardware_i 2994.9345505394062 69.0508701754406 31.270000457763672 AB 8.5827385827769 1.1995721190025705
61055.2687 lsst_hardware_z 1579.987623572858 60.48636982422014 30.93000030517578 AB 6.936283971930731 1.2426904697397547
61055.2886 lsst_hardware_i 2560.6214833244385 59.68820120597079 31.229999542236328 AB 6.66500762559062 1.2099862557804453
61059.3151 lsst_hardware_r 2342.9619600964684 54.718868833303425 31.469999313354492 AB 7.942879994533169 1.203466665838359
61059.3354 lsst_hardware_i 2140.3872239699567 56.15690698950615 31.219999313354492 AB 7.580179434359278 1.2294176516774522
61065.2355 lsst_hardware_r 1533.2398533890553 46.25131565742712 31.459999084472656 AB 10.814884767846257 1.2567045019720844
61065.2548 lsst_hardware_i 1571.2037184714734 51.65978259824327 31.219999313354492 AB 11.356331675872463 1.2182944457300287
61067.2452 lsst_hardware_i 1481.7916735586316 50.3613752227895 31.219999313354492 AB 13.404506816324053 1.2247617298959705
61067.2633 lsst_hardware_u -0.45362762895923897 2.9573368933051283 28.239999771118164 AB 13.840204451533245 1.2031211536868869
61072.2168 lsst_hardware_z 2349.2792276912933 128.97595735876556 31.719999313354492 AB 15.728611560570059 1.2556520555289938
61074.2165 lsst_hardware_z 1033.563278177941 115.14141888186822 30.969999313354492 AB 11.2351418436498 1.2433985255353464
61074.2337 lsst_hardware_r 740.9331112022784 161.18723046070238 31.6200008392334 AB 10.970068953516128 1.2135703250750736
61078.2127 lsst_hardware_i 1116.7765703903494 60.06444059116525 31.270000457763672 AB 7.231154758028744 1.229056642819542
61078.2299 lsst_hardware_z 884.3701435822735 60.252851713974 30.940000534057617 AB 7.090250195297069 1.2058590428238498
61080.2126 lsst_hardware_g 194.6362593943469 32.569203105347306 31.579999923706055 AB 6.51064705999216 1.2201362556207196
61080.231 lsst_hardware_r 545.0448023559798 42.74601773374299 31.549999237060547 AB 6.394730813808565 1.2010387805312523
61082.1906 lsst_hardware_i 951.0208024963581 44.575446225755364 31.229999542236328 AB 3.382813455829202 1.252893872529334
61082.2077 lsst_hardware_r 492.6510265385915 34.67119621876876 31.5 AB 3.292090220794719 1.2192926743684143
61084.1927 lsst_hardware_u 14.5206703406301 4.552213512311793 28.309999465942383 AB 4.975733207974556 1.2359767019746888
61084.2092 lsst_hardware_g 149.81889079959123 19.00000674685371 31.40999984741211 AB 6.050287415659861 1.210218845644725
61086.1899 lsst_hardware_r 411.87399576021215 32.338014839272326 31.479999542236328 AB 4.7472458108777325 1.2308130181171202
61086.2074 lsst_hardware_i 737.8391835697399 42.72183942060091 31.229999542236328 AB 4.651699395031882 1.2064578702425721
61088.2368 lsst_hardware_z 705.6648637648788 50.50131867698861 30.93000030517578 AB 5.534791159822268 1.204131656656645
61088.2543 lsst_hardware_r 422.2404727397929 32.06231733248963 31.479999542236328 AB 5.426585992064016 1.2260007889441258
61092.1623 lsst_hardware_g 47.67478382641269 18.457943866757258 31.399999618530273 AB 6.40974319394246 1.2553765028122985
61092.1796 lsst_hardware_r 331.184617866448 31.081156482892837 31.479999542236328 AB 7.470020459892227 1.220491865026066
61094.1616 lsst_hardware_i 514.6672013544706 40.46327606266999 31.219999313354492 AB 9.659394292192623 1.244045887332426
61094.1802 lsst_hardware_r 325.2691685088565 30.837784645085954 31.479999542236328 AB 13.296142407033857 1.2121931325928879
61096.1888 lsst_hardware_z 465.62786546476224 48.623109439957595 30.93000030517578 AB 11.315467677761257 1.200240534359289
61096.206 lsst_hardware_g 36.27018667974868 18.421420839054267 31.40999984741211 AB 11.2883336751893 1.1989945308137122
61099.1658 lsst_hardware_z 335.7971024558897 65.1372800911187 30.959999084472656 AB 7.300902529022004 1.2131103620640271
61099.1838 lsst_hardware_r 334.68590108484875 78.49599901690965 31.6200008392334 AB 7.373280121681601 1.1989073368587968
61103.1998 lsst_hardware_r 215.2413143698476 156.93056485835038 31.610000610351562 AB 7.798775486259377 1.2076769967882075
61103.2186 lsst_hardware_z 334.0241056874133 107.83109117806478 30.969999313354492 AB 6.914411731082683 1.2357829789549457
61105.2048 lsst_hardware_r 386.33334721287366 90.9572913152288 31.610000610351562 AB 9.523529538562396 1.2209653254567174
61105.2224 lsst_hardware_y 176.73876737459187 57.73540414031921 29.979999542236328 AB 9.856381715266448 1.2569243420106158
61107.1985 lsst_hardware_g 58.30171014926808 56.004244164894914 31.639999389648438 AB 13.126863548555887 1.2196853471364442
61107.2183 lsst_hardware_r 319.8606331597565 58.03045613010662 31.579999923706055 AB 13.608123579160848 1.260468556883513
61109.1979 lsst_hardware_i 427.4789324433468 44.12563800620958 31.25 AB 13.381144419163093 1.2276279283635865
61109.2164 lsst_hardware_z 325.26310159332536 51.27230909368533 30.93000030517578 AB 12.794869868167735 1.2702984943741307
61111.1193 lsst_hardware_z 314.00130331488765 48.00579425231185 30.93000030517578 AB 9.80479356898548 1.235327399393408
61111.1381 lsst_hardware_r 238.00888965517086 29.421476151441457 31.479999542236328 AB 9.960863833665952 1.2074506132087948
61113.1178 lsst_hardware_u 2.823782832470927 2.826372886843268 28.25 AB 15.791172197819769 1.2278577997255036
61113.1368 lsst_hardware_g 58.56381605257262 16.777253662007265 31.389999389648438 AB 13.43946172194466 1.2037854227998084
61114.1175 lsst_hardware_r 239.6936225980307 29.04346591935149 31.479999542236328 AB 10.772704283983398 1.2237074158254881
61114.1365 lsst_hardware_z 245.96299853947824 47.34493837691099 30.940000534057617 AB 11.97030438885197 1.202048993432779
61118.1141 lsst_hardware_g -8.03070248176334 15.300000190734863 31.399999618530273 AB 9.9022093829703 1.212886726504477
61118.1331 lsst_hardware_r 15.231711159486128 24.75 31.479999542236328 AB 8.453904024267441 1.1985403025827521
61120.1589 lsst_hardware_i -22.54454609628585 32.72999954223633 31.229999542236328 AB 6.361188502631692 1.2139672714946277
61120.1776 lsst_hardware_z -31.68448029131055 44.310001373291016 30.920000076293945 AB 6.611888390118808 1.2475261113431713
61122.1577 lsst_hardware_r -45.23009818340233 24.739999771118164 31.479999542236328 AB 9.066030841954266 1.2199189291707915
61122.1767 lsst_hardware_u -0.19380396714235754 2.700000047683716 28.31999969482422 AB 8.59051365231766 1.258775537008962
61124.1011 lsst_hardware_g 29.721038721857376 18.31999969482422 31.469999313354492 AB 10.86329091150511 1.2089913372414198
61124.1183 lsst_hardware_i -56.133387622224106 33.75 31.239999771118164 AB 10.750565954776478 1.1981572703635626
61126.142 lsst_hardware_z -4.10876525192907 51.56999969482422 30.950000762939453 AB 8.371830553305559 1.2133087758413852
61126.1596 lsst_hardware_r -31.010578112965867 46.709999084472656 31.56999969482422 AB 8.582480506563828 1.2438377545744677
61128.1488 lsst_hardware_y -77.33228600473556 85.52999877929688 30.739999771118164 AB 8.058909888646996 1.2327518695666229
61130.1395 lsst_hardware_r -5.922923548797552 145.8300018310547 31.610000610351562 AB 6.215942172769196 1.225782325531295
61130.1568 lsst_hardware_i -30.2339309133579 119.22000122070312 31.299999237060547 AB 6.379528621824819 1.2639612901728305
61133.1414 lsst_hardware_z -71.5442459316678 72.97000122070312 30.959999084472656 AB 7.7457711597261785 1.245901746779167
61133.1588 lsst_hardware_r -24.330110422740336 106.97000122070312 31.600000381469727 AB 8.120983261616047 1.2952126414060683
61135.06 lsst_hardware_r -29.395672478151237 62.220001220703125 31.59000015258789 AB 9.547785976348074 1.223970512308526
61135.0776 lsst_hardware_z 41.97414204439228 54.5 30.950000762939453 AB 9.407266092680581 1.2031290564881123
61137.0592 lsst_hardware_g 38.29392473736417 27.40999984741211 31.559999465942383 AB 13.143001269918429 1.216869446631544
61137.0782 lsst_hardware_i -17.348907469531515 41.0099983215332 31.260000228881836 AB 13.006990887390113 1.199611800976719
61139.0568 lsst_hardware_z -33.581571049961234 43.939998626708984 30.93000030517578 AB 9.300633667515037 1.2128361045204457
61139.0762 lsst_hardware_r 36.66734549490195 24.549999237060547 31.479999542236328 AB 9.179702914458334 1.1984207116506016
61150.0869 lsst_hardware_u -1.0384682174550806 2.740000009536743 28.350000381469727 AB 8.370922807517829 1.2293307432227085
61150.1035 lsst_hardware_r -18.438611258881622 25.059999465942383 31.469999313354492 AB 8.647951710201736 1.2675944266675727
61154.0068 lsst_hardware_z -6.507609878447583 48.72999954223633 30.940000534057617 AB 10.829152478209512 1.2261962835542672
61154.0232 lsst_hardware_r -90.0237077806591 40.70000076293945 31.559999465942383 AB 10.638917268562773 1.2051333562033044
61156.0127 lsst_hardware_y 77.87382652443569 80.7699966430664 30.75 AB 14.037257804218457 1.210108431398143
61158.0116 lsst_hardware_r -45.811641639873 102.66000366210938 31.610000610351562 AB 1.8085922027814916 1.205728135187661
61158.0289 lsst_hardware_i -5.0268771723544035 85.37999725341797 31.299999237060547 AB 1.7966305387569106 1.197753692504607
61160.0044 lsst_hardware_z -7.695891153599132 71.0 30.969999313354492 AB 13.039474347445044 1.207358735874541
61160.0229 lsst_hardware_r -180.08845176386117 100.8499984741211 31.6200008392334 AB 12.93601750311172 1.1977793984362703
61162.0041 lsst_hardware_z 146.9637638666092 64.18000030517578 30.969999313354492 AB 10.576298178531362 1.2029684569238148
61162.0205 lsst_hardware_r -161.55309289070425 88.58999633789062 31.6200008392334 AB 10.533185154259597 1.1978262734296328
61164.0455 lsst_hardware_i 80.11437079823229 55.97999954223633 31.290000915527344 AB 13.371234665949006 1.2238369587774054
61164.0634 lsst_hardware_z -1.6013836862031594 56.130001068115234 30.950000762939453 AB 13.869595621428607 1.2624408162955738
61167.045 lsst_hardware_r -59.215553994356796 25.5 31.479999542236328 AB 7.686352207750432 1.238136631403098
61167.0622 lsst_hardware_u -3.9458239972566833 2.680000066757202 28.270000457763672 AB 7.978128172495167 1.2828635106118615
61168.9606 lsst_hardware_y -67.68770263985033 61.59000015258789 29.989999771118164 AB 10.870555436039007 1.2359926590152368
61168.9724 lsst_hardware_g 24.02603242038492 16.170000076293945 31.40999984741211 AB 10.630512321399936 1.2160738594547402
61173.9631 lsst_hardware_y -45.1239231767067 52.70000076293945 29.989999771118164 AB 8.717670769457513 1.2106194652766995
61173.9824 lsst_hardware_r 16.48008730431169 25.3700008392334 31.489999771118164 AB 8.692614305477232 1.1980448806189046
61180.9584 lsst_hardware_y -20.918236092458322 58.7599983215332 30.0 AB 8.50875279391292 1.199471759494376
61180.9734 lsst_hardware_r 7.777569356953228 28.149999618530273 31.510000228881836 AB 8.498157087437832 1.1988230770499935
61182.9693 lsst_hardware_z -35.73224538476237 75.58000183105469 31.700000762939453 AB 2.285290378540554 1.1993127150567062
61405.3347 lsst_hardware_i -25.237555655746878 38.66999816894531 31.25 AB 7.103128917562279 1.2054866070422632
61405.3557 lsst_hardware_z 63.38301049112956 56.72999954223633 30.950000762939453 AB 7.035192847760097 1.1979554173731153
61407.3318 lsst_hardware_r 1.5766133682306611 26.3700008392334 31.5 AB 6.219736805218878 1.2033930163913857
61407.3523 lsst_hardware_y 45.48207283746113 53.099998474121094 30.0 AB 5.343604156177702 1.1983862202686033
61409.3326 lsst_hardware_r -25.115120555642275 25.040000915527344 31.489999771118164 AB 3.8661041703942964 1.1996599618517676
61409.3521 lsst_hardware_y 51.24573648992959 53.4900016784668 30.0 AB 3.317110833764936 1.200438191899011
61413.336 lsst_hardware_u -2.167540590822074 2.75 28.360000610351562 AB 10.486020491858612 1.1984023419266985
61413.3556 lsst_hardware_y -0.37780637260387345 53.189998626708984 29.989999771118164 AB 10.56236714881706 1.2131820301868803
61415.2971 lsst_hardware_g 5.654261819387958 15.130000114440918 31.389999389648438 AB 8.731418946450303 1.217290091751326
61415.3191 lsst_hardware_r -17.03768259240243 24.6200008392334 31.479999542236328 AB 8.611882938668149 1.1985919190909045
61418.2633 lsst_hardware_i -9.47442819347275 33.310001373291016 31.229999542236328 AB 5.751823972830694 1.2721052687892722
61418.2814 lsst_hardware_z 19.41080865865712 44.400001525878906 30.93000030517578 AB 5.731686279811485 1.2294479364675
61424.3138 lsst_hardware_z -23.881179880696582 44.16999816894531 30.940000534057617 AB 7.933092135154256 1.201983656841554
61424.3332 lsst_hardware_i 3.4238245578819155 33.04999923706055 31.229999542236328 AB 8.080306891501001 1.2242889229546972
61426.3142 lsst_hardware_z 66.50065103096406 62.459999084472656 30.959999084472656 AB 14.418518975058369 1.2066716022310164
61426.3322 lsst_hardware_g 71.14075026468782 58.93000030517578 31.639999389648438 AB 14.889281169195545 1.232250365736621
61428.2312 lsst_hardware_y -44.858069213045994 70.47000122070312 29.979999542236328 AB 11.707782024807715 1.2868640650120686
61428.2525 lsst_hardware_r 226.60538011607449 142.7899932861328 31.610000610351562 AB 11.708078987646111 1.2324293671206432
61430.2317 lsst_hardware_i 20.631193876615633 103.61000061035156 31.299999237060547 AB 10.943599534503644 1.268749583734699
61430.2517 lsst_hardware_z 48.535495300411284 88.97000122070312 30.979999542236328 AB 11.415024274409875 1.2241094108498365
61432.2905 lsst_hardware_z -128.6433618773208 57.220001220703125 30.959999084472656 AB 13.819724343302887 1.2010798064765353
61432.3085 lsst_hardware_r 74.3976426411892 64.80000305175781 31.600000381469727 AB 14.458983611357834 1.2197556614946712
61434.2863 lsst_hardware_i 55.695534791002636 38.88999938964844 31.260000228881836 AB 13.471931054586179 1.2018494458117799
61434.3043 lsst_hardware_z -50.11696460979265 47.290000915527344 30.940000534057617 AB 13.524793227978746 1.2216966919270835
61436.2123 lsst_hardware_z 55.99007211658127 45.36000061035156 30.93000030517578 AB 13.631376878526561 1.2776221768176605
61436.2298 lsst_hardware_i 3.110372460097464 33.93000030517578 31.239999771118164 AB 13.170205097291937 1.2340896830296042
61440.2155 lsst_hardware_r -1.2588108033885006 24.829999923706055 31.489999771118164 AB 9.330532497572838 1.2410511086453413
61440.2332 lsst_hardware_i 22.336486179089448 32.72999954223633 31.239999771118164 AB 9.14036565404958 1.2116073242377492
61442.21 lsst_hardware_z 17.53806541739893 44.380001068115234 30.940000534057617 AB 5.338537122323209 1.2411354128153773
61442.2283 lsst_hardware_u -4.068845749054778 2.859999895095825 28.459999084472656 AB 5.218181865923511 1.210949185671664
61443.2115 lsst_hardware_g -26.555636787130382 15.470000267028809 31.40999984741211 AB 7.228466401891368 1.2325101142785588
61443.2296 lsst_hardware_r -4.81829816078939 25.09000015258789 31.489999771118164 AB 7.087558067275547 1.2067009563761892
61445.2125 lsst_hardware_i 15.093409495874099 33.20000076293945 31.239999771118164 AB 6.472789322988437 1.221281004337441
