data/validation/pwv_sim_epoch_fit_epoch/9809443.ecsv
# %ECSV 0.9
# ---
# datatype:
# - {name: time, datatype: float64}
# - {name: band, datatype: string}
# - {name: flux, datatype: float64}
# - {name: fluxerr, datatype: float64}
# - {name: zp, datatype: float64}
# - {name: zpsys, datatype: string}
# - {name: pwv, datatype: float64}
# - {name: airmass, datatype: float64}
# meta: {SNID: '9809443', alt: 1024.0, c: -0.07783734798431396, dec: -2.537361, lat: -30.244573, lon: -70.7499537, ra: 223.59375, t0: 61537.66796875,
#   x0: 7.056387249330717e-06, x1: -0.08955232799053192, z: 0.5318364500999451}
# schema: astropy-2.0
time band flux fluxerr zp zpsys pwv airmass
[from data line 133]
61875.2617 lsst_hardware_z 54.49471304560152 52.52000045776367 30.959999084472656 AB 10.61918736921858 1.1293003228520289
61875.2797 lsst_hardware_r -67.18659423709495 57.06999969482422 31.6200008392334 AB 10.634829362464773 1.1418111834297586
61877.2565 lsst_hardware_i -82.98062721436894 37.59000015258789 31.270000457763672 AB 15.289529569545767 1.1293787538444207
61877.275 lsst_hardware_z 23.217387778266 45.54999923706055 30.950000762939453 AB 15.311675464527971 1.1426623480991023
61879.2331 lsst_hardware_r -50.28081357806001 25.3700008392334 31.5 AB 10.15048599556729 1.130899866738536
61879.2511 lsst_hardware_z -56.27266203480977 43.150001525878906 30.940000534057617 AB 10.875155829730588 1.1293974033472685
61884.2254 lsst_hardware_r 27.561862310843235 24.329999923706055 31.489999771118164 AB 9.106328066318808 1.1288369984280162
61884.2436 lsst_hardware_u -4.149451001187616 2.7799999713897705 28.420000076293945 AB 9.164824221536335 1.1321353344427336
61887.1187 lsst_hardware_i -8.788643846404765 34.150001525878906 31.200000762939453 AB 6.289350574933171 1.4097731745437199
61887.1381 lsst_hardware_z -88.48075449954096 45.22999954223633 30.920000076293945 AB 5.8280876459894415 1.3020022666270745
61890.2274 lsst_hardware_r -22.133172220549397 24.420000076293945 31.489999771118164 AB 11.172687392300883 1.1322426482532373
61890.245 lsst_hardware_u 6.010944668442468 2.7300000190734863 28.3799991607666 AB 11.376611306911462 1.1496171490411744
61893.18 lsst_hardware_z 29.219414799724884 44.27000045776367 30.950000762939453 AB 13.256752198735105 1.1429548395276847
61893.1993 lsst_hardware_r -3.582617935816299 24.690000534057617 31.510000228881836 AB 13.026300261529089 1.1292195447333566
61894.2182 lsst_hardware_y 16.094372225710515 48.869998931884766 30.020000457763672 AB 10.797537359487158 1.1333220935715302
61894.2324 lsst_hardware_g 3.5841427906246155 15.460000038146973 31.43000030517578 AB 10.925177580335898 1.1473415623547754
61896.1996 lsst_hardware_z 10.288760294960637 55.90999984741211 30.969999313354492 AB 3.694537624819129 1.128390213739617
61896.2197 lsst_hardware_r -13.352784873286334 66.12999725341797 31.6200008392334 AB 2.639160048421849 1.1390418853784416
61898.1909 lsst_hardware_i -121.88866302550521 98.31999969482422 31.31999969482422 AB 9.954840491966035 1.1283362384750537
61898.2086 lsst_hardware_z -154.35165224710175 85.37000274658203 30.989999771118164 AB 10.100701833568436 1.1342412434876745
61900.1875 lsst_hardware_r -41.445318491199906 155.74000549316406 31.639999389648438 AB 6.995575132618783 1.1283185697772231
61900.205 lsst_hardware_z 162.6481063323026 108.88999938964844 30.989999771118164 AB 7.042651357173722 1.1356672796990521
61907.1347 lsst_hardware_g 11.2843200945331 15.130000114440918 31.40999984741211 AB 9.382299092536726 1.1522627070969267
61907.1544 lsst_hardware_i 49.230138285604525 32.029998779296875 31.239999771118164 AB 9.198240895958914 1.1320911871949433
61911.1248 lsst_hardware_r 10.811582296853285 24.350000381469727 31.5 AB 8.188134557512651 1.1507731505920524
61911.1428 lsst_hardware_u -3.138862679031452 2.799999952316284 28.450000762939453 AB 8.131023646574786 1.132493979118324
61925.0481 lsst_hardware_i 17.580661285491498 66.83999633789062 31.290000915527344 AB 14.292035085306896 1.2453575937529098
61925.0639 lsst_hardware_z -36.789210923330366 62.689998626708984 30.959999084472656 AB 13.725983005020634 1.1963378563353255
61927.0806 lsst_hardware_z -29.4636739529833 88.72000122070312 30.979999542236328 AB 4.936948837228909 1.1515197101296968
61927.1024 lsst_hardware_r 12.50254456570256 133.5 31.639999389648438 AB 5.766780729322242 1.1307413194749496
61943.0444 lsst_hardware_i 29.618524403386 31.969999313354492 31.239999771118164 AB 3.4120806469632887 1.1419279273638456
61943.0649 lsst_hardware_u -0.8159427803427788 2.740000009536743 28.40999984741211 AB 3.361917506447639 1.128728388936592
61948.039 lsst_hardware_i 72.21263252060372 45.29999923706055 32.0 AB 9.300025942848377 1.1343570095564282
61948.0612 lsst_hardware_r 9.289815288375985 34.04999923706055 32.25 AB 8.553641377825485 1.128994858263736
61957.0116 lsst_hardware_z -205.73637185170244 70.83000183105469 30.979999542236328 AB 6.496446780741212 1.1366035074487453
61957.0343 lsst_hardware_r 30.742327176848868 101.91000366210938 31.639999389648438 AB 6.466768879489839 1.1285481305645075
61959.009 lsst_hardware_i 30.280530830536506 69.75 31.309999465942383 AB 1.0316762108372906 1.1343333818987777
61959.03 lsst_hardware_z -49.59357351646996 63.02000045776367 30.969999313354492 AB 0.9052519264459826 1.1287430504313998
61961.0034 lsst_hardware_i -76.57935952221978 64.01000213623047 32.040000915527344 AB 9.276750146425329 1.1344353020728293
61961.0252 lsst_hardware_u 3.3033604733403203 13.9399995803833 29.950000762939453 AB 9.247506327769743 1.1288804379735469
61963.001 lsst_hardware_g 14.643170738781873 15.15999984741211 31.43000030517578 AB 11.017056140745265 1.132393477309617
61963.0217 lsst_hardware_r -16.359062057176907 24.420000076293945 31.5 AB 10.899841501675908 1.1294002177676465
61974.9741 lsst_hardware_y -116.90462570480894 85.93000030517578 31.209999084472656 AB 6.274974184354771 1.129642206670726
61975.0021 lsst_hardware_r 49.821587601767646 42.7599983215332 32.68000030517578 AB 7.1091802853859605 1.137286879760992
61976.9677 lsst_hardware_y 65.94430972601883 53.88999938964844 30.020000457763672 AB 9.294942987406275 1.1299812159871472
61976.9911 lsst_hardware_z 57.57978080030378 43.15999984741211 30.940000534057617 AB 9.295670218977849 1.1330310776704573
