data/validation/pwv_sim_epoch_fit_epoch/9826876.ecsv
# %ECSV 0.9
# ---
# datatype:
# - {name: time, datatype: float64}
# - {name: band, datatype: string}
# - {name: flux, datatype: float64}
# - {name: fluxerr, datatype: float64}
# - {name: zp, datatype: float64}
# - {name: zpsys, datatype: string}
# - {name: pwv, datatype: float64}
# - {name: airmass, datatype: float64}
# meta: {SNID: '9826876', alt: 1024.0, c: -0.0839841365814209, dec: -23.806295, lat: -30.244573, lon: -70.7499537, ra: 336.445312, t0: 61611.703125,
#   x0: 3.362603596406906e-06, x1: 0.30409544706344604, z: 0.7210254669189453}
# schema: astropy-2.0
time band flux fluxerr zp zpsys pwv airmass
61540.3455 lsst_hardware_i 40.926574852052205 34.7400016784668 31.200000762939453 AB 10.86348675021006 1.4143783810448276
61540.3635 lsst_hardware_r -22.806251266040384 25.90999984741211 31.469999313354492 AB 9.918774561268943 1.294118932907423
61542.3473 lsst_hardware_z -15.884471641427588 52.099998474121094 30.93000030517578 AB 10.076878205506787 1.3617402980414577
61542.3662 lsst_hardware_g 15.510133888348285 16.0 31.40999984741211 AB 9.248331619457923 1.2497745431699896
61544.3312 lsst_hardware_r 198.24991727033967 82.20999908447266 31.549999237060547 AB 10.64037241101701 1.4410526373479167
61544.349 lsst_hardware_i 37.50001453633239 63.529998779296875 31.280000686645508 AB 10.83987512514972 1.315412400916022
61550.3528 lsst_hardware_r 8.055671207693736 75.2699966430664 31.610000610351562 AB 8.983503423907118 1.2094243685071568
61550.3725 lsst_hardware_y 62.00469605911552 53.54999923706055 30.020000457763672 AB 8.278951040155354 1.1335852633713401
61554.3372 lsst_hardware_r -18.984533901159814 39.27000045776367 31.56999969482422 AB 10.468648874957601 1.2311470873546324
61554.3568 lsst_hardware_i -20.058229939976545 40.22999954223633 31.270000457763672 AB 9.79197471823403 1.1498663908914692
61558.3462 lsst_hardware_r 0.4541034887976413 24.809999465942383 31.5 AB 10.018129606330533 1.1487363383018614
61558.3604 lsst_hardware_u -0.5449970267805686 2.7699999809265137 28.40999984741211 AB 9.640544846629316 1.1041320355763895
61561.3388 lsst_hardware_r 39.55339300809981 24.56999969482422 31.5 AB 6.014444090853855 1.145972198956015
61561.3571 lsst_hardware_z -19.29260294779803 42.29999923706055 30.940000534057617 AB 5.714161980114133 1.0910962488880513
61571.3723 lsst_hardware_r 26.090451991189585 24.110000610351562 31.520000457763672 AB 11.477648293546439 1.019284072070196
61571.3978 lsst_hardware_g -13.168295331767318 15.229999542236328 31.459999084472656 AB 11.87177659377483 1.0067368567522363
61573.3709 lsst_hardware_r -31.599440114918153 68.88999938964844 31.65999984741211 AB 3.3955222175086637 1.0158630418873773
61573.3937 lsst_hardware_i -33.06813906813556 52.72999954223633 31.31999969482422 AB 3.7246264872540986 1.0066558073659726
61576.2342 lsst_hardware_z 34.068970781368876 79.37999725341797 30.93000030517578 AB 5.0350337758947195 1.5257678108771877
61576.2541 lsst_hardware_r -107.9427000396666 103.66999816894531 31.579999923706055 AB 4.786344942737189 1.3643436579610972
61578.2429 lsst_hardware_z -26.488607218104967 78.96618759046449 30.950000762939453 AB 3.466922557791689 1.4056991043891156
61578.2622 lsst_hardware_i 68.05462268976045 85.38693438896281 31.290000915527344 AB 3.3165246129448027 1.2802642783032634
61579.3432 lsst_hardware_r -220.0706559935287 100.19074100548494 31.65999984741211 AB 3.551685570303885 1.0267954814408917
61579.3662 lsst_hardware_i 108.94269452947789 81.28980288234189 31.350000381469727 AB 3.472904953719228 1.0090520676165404
61580.2511 lsst_hardware_z 95.26748265847556 104.80013048181854 31.700000762939453 AB 4.984275884003702 1.3130913415596661
61585.2403 lsst_hardware_z 62.67916236325868 45.332743558404545 30.920000076293945 AB 3.6322222893972937 1.296142127773508
61585.2592 lsst_hardware_u 0.6521639771001051 2.874922946390618 28.309999465942383 AB 3.0939210311742205 1.2008232218799384
61586.3388 lsst_hardware_z -2.263934738072454 42.09501091998592 30.950000762939453 AB 3.5888817672111997 1.0134267038434648
61586.3623 lsst_hardware_i 115.76661117636907 32.65676328561242 31.260000228881836 AB 3.608925197974821 1.006767304623811
61587.2612 lsst_hardware_r 51.626107233799125 26.04472557694739 31.489999771118164 AB 9.50669140994797 1.1702463678078008
61587.2798 lsst_hardware_i 130.08006869939913 33.670165881901276 31.239999771118164 AB 8.991578240317633 1.1081560562383084
61589.2594 lsst_hardware_z 131.3625120229687 44.60789238047533 30.940000534057617 AB 7.498794992423153 1.1565075558949958
61589.2783 lsst_hardware_r 210.2969913007218 27.54368097310569 31.5 AB 7.117005726267713 1.09724505319217
61591.2566 lsst_hardware_u 14.875639588951145 3.30596717959957 28.350000381469727 AB 4.5163657518710005 1.1470135242847739
61591.2758 lsst_hardware_g 83.23640408852775 17.37925168964203 31.43000030517578 AB 4.268846217153358 1.08957044785367
61598.2311 lsst_hardware_z 442.0744239198543 50.628608312730044 30.940000534057617 AB 8.213394547005935 1.1705133375778918
61598.2495 lsst_hardware_g 254.06885010433837 29.378822285105226 31.59000015258789 AB 7.938423423627803 1.1089248589533527
61599.3409 lsst_hardware_i 806.1122990794918 41.93430299593627 31.25 AB 6.077232106733856 1.0112427932887125
61599.3648 lsst_hardware_z 518.504020243158 46.79913284296451 30.950000762939453 AB 6.221431811888852 1.0338038903105793
61600.2641 lsst_hardware_i 866.0136181086449 54.30029311629447 31.299999237060547 AB 6.599069962911897 1.0606879310314068
61600.284 lsst_hardware_z 658.8162251470762 52.87345382622213 30.969999313354492 AB 6.436288780477487 1.029024146525039
61605.1412 lsst_hardware_z 492.86400212072266 105.67371725359767 30.920000076293945 AB 4.655588087074567 1.6743206474928762
61605.1599 lsst_hardware_r 918.3553391254883 148.38657666935856 31.559999465942383 AB 4.13209918569774 1.4812603503621473
61608.1858 lsst_hardware_z 1367.0383696912572 122.11176557205302 31.719999313354492 AB 6.858578114129366 1.2508805606655784
61611.1472 lsst_hardware_g 182.7438445686933 20.346483984540278 31.309999465942383 AB 8.008017410352828 1.449939780980052
61611.1653 lsst_hardware_r 963.2195612453053 47.85734898199725 31.530000686645508 AB 7.4640273611827235 1.3202489362665115
61612.1462 lsst_hardware_i 1104.338272099781 47.3813439956825 31.200000762939453 AB 13.234651031129934 1.4358567936347537
61612.165 lsst_hardware_z 619.1457616500605 51.726458430245 30.920000076293945 AB 11.763734648031054 1.3054860335180396
61617.1508 lsst_hardware_r 812.856660806549 37.663548633377474 31.459999084472656 AB 4.842461111005251 1.3087732732446624
61617.1702 lsst_hardware_g 118.97499430323246 19.126687141857033 31.389999389648438 AB 4.440976683376046 1.2080181389666225
61618.2604 lsst_hardware_r 845.0481533738831 37.01194216123168 31.510000228881836 AB 4.456018279201921 1.0087955957895909
61618.2803 lsst_hardware_g 176.80089295622722 19.085622067833565 31.459999084472656 AB 4.460765321693148 1.0077219800884387
61619.1578 lsst_hardware_r 683.2008209435088 36.840228242803846 31.469999313354492 AB 2.2974699863070702 1.2406461990679472
61619.1762 lsst_hardware_i 1026.5533584183322 45.273064403262936 31.229999542236328 AB 2.1364673835794545 1.1612813608259027
61622.1535 lsst_hardware_z 715.5816211597055 50.2746071580413 30.93000030517578 AB 2.4711367209160615 1.2219235475108263
61622.1725 lsst_hardware_i 907.2102925900444 44.193629002498945 31.239999771118164 AB 1.9437085672687908 1.1451543012188476
61623.2336 lsst_hardware_z 636.6196459366523 47.96052547365486 30.950000762939453 AB 2.3325916941995777 1.0164905519989447
61623.254 lsst_hardware_i 901.4217440224501 43.326159514069445 31.260000228881836 AB 1.2624538333470032 1.0069422399577295
61624.1526 lsst_hardware_u -8.134360218263842 2.8150822892551313 28.40999984741211 AB 3.2148525242874215 1.2013649193899183
61624.1726 lsst_hardware_g 51.53670709922111 17.851789696010055 31.440000534057617 AB 3.1759067271913413 1.126740797253314
61626.1599 lsst_hardware_r 559.9897769170788 39.4777387289754 31.559999465942383 AB 4.985479946844318 1.1510487611761775
61626.178 lsst_hardware_i 834.5659224723454 44.644039909748635 31.270000457763672 AB 4.155677115015943 1.0953527660550872
61627.1606 lsst_hardware_z 1164.8614809136773 72.28943156982189 31.700000762939453 AB 4.904144577627377 1.1391741179157668
61629.1636 lsst_hardware_z 598.0389527589494 55.248319640249285 30.959999084472656 AB 3.5510015555097225 1.1125853437628372
61629.1822 lsst_hardware_r 461.94355358087427 57.153273898581205 31.6299991607666 AB 2.881808961000289 1.0662177817106575
61651.0565 lsst_hardware_r 87.97459007552031 26.93944213923512 31.450000762939453 AB 1.8629204316329868 1.317715601508744
61651.0728 lsst_hardware_z 233.7229317636973 46.65417460944353 30.920000076293945 AB 1.6782494021407586 1.2291115548173006
61652.137 lsst_hardware_z 228.25981225510984 43.83577764123793 30.950000762939453 AB 1.4498888600754478 1.0356349000538914
61652.157 lsst_hardware_r 113.61899206975258 25.99043309315733 31.520000457763672 AB 1.420348411476821 1.0145345796263008
61671.0712 lsst_hardware_i 81.75826386519954 32.71030002393453 31.25 AB 1.4405376036481272 1.0588295506417695
61671.0867 lsst_hardware_z 68.26169940155957 42.697632398172125 30.950000762939453 AB 1.3435005418030632 1.0334619552331255
61672.0716 lsst_hardware_r 45.76493236020191 24.602677411447004 31.5 AB 3.1732852893847125 1.052964922923807
61672.0885 lsst_hardware_u 3.331327922864122 2.9839908744065613 28.40999984741211 AB 3.790401631165268 1.0277197246595404
61679.9883 lsst_hardware_y -65.00006885424104 66.87482401271255 29.989999771118164 AB 9.10289187955618 1.2556001581033376
61680.0086 lsst_hardware_i 77.64983755125759 33.12078395343547 31.229999542236328 AB 5.82402912413235 1.1652136496038072
61681.0758 lsst_hardware_r 62.752171917617005 24.63539699791986 31.520000457763672 AB 3.0262887679561223 1.0160445754427136
61681.094 lsst_hardware_z 103.53852374229382 41.96472976223875 30.950000762939453 AB 3.59474132034465 1.0072124741790605
61681.9912 lsst_hardware_z 118.49333855869548 53.580580110290285 30.950000762939453 AB 2.649185882390948 1.2148977945003774
61682.011 lsst_hardware_u 8.164613226838236 3.0631749205670795 28.469999313354492 AB 2.757854287013721 1.1372594997994725
61683.9907 lsst_hardware_y 72.79450670895741 65.07042669433302 30.020000457763672 AB 3.971507274304586 1.1931225538667893
61684.0101 lsst_hardware_r 70.82653695390897 28.848987080628266 31.530000686645508 AB 3.837799866275142 1.1226013649400766
61685.059 lsst_hardware_g -18.033666686921237 28.80587733446957 31.649999618530273 AB 4.588100066844624 1.0212230965092137
61685.0776 lsst_hardware_r 56.35096385278059 33.787443421315324 31.59000015258789 AB 4.552462600198471 1.0087442056715383
61685.9916 lsst_hardware_y 146.23126219282165 65.3302972168844 30.020000457763672 AB 5.175400966851124 1.1675592495528178
61686.0115 lsst_hardware_z 141.72540751755614 48.41143810019959 30.959999084472656 AB 5.013586903066635 1.10255360999871
61687.0571 lsst_hardware_i 57.358412214783066 52.24361717697775 31.31999969482422 AB 3.259466352792282 1.0179470183611123
61687.0749 lsst_hardware_z 57.62669869469936 52.77115734519494 30.979999542236328 AB 3.1989220391808173 1.0078519342086687
61687.994 lsst_hardware_y 243.17473323608635 65.82156439268061 30.030000686645508 AB 3.429660090282192 1.139327328388305
61688.0132 lsst_hardware_z 57.07383254845062 62.310667498664664 30.979999542236328 AB 2.601665508023576 1.0840272950098235
61691.9977 lsst_hardware_y 186.83612748018916 63.50173813626723 30.049999237060547 AB 7.819915268191386 1.0955970533711998
61692.0171 lsst_hardware_r 71.68100972788629 102.18755673118382 31.65999984741211 AB 7.649651280457374 1.0527646695967485
61695.0416 lsst_hardware_r 2.748769368529805 56.2031804417588 31.649999618530273 AB 7.176891682679781 1.01316055941085
61695.0603 lsst_hardware_y 47.71295838781755 51.14518526545194 30.06999969482422 AB 6.597539998392347 1.0066688703901745
61701.0282 lsst_hardware_i -26.397320534300594 31.030000686645508 31.25 AB 3.9878245115742184 1.0113681236556475
61701.0468 lsst_hardware_z 29.07796996186002 41.15999984741211 30.950000762939453 AB 4.374203080249455 1.0066631563774564
61706.0145 lsst_hardware_y -6.451488042393343 48.099998474121094 30.059999465942383 AB 3.5931451132592147 1.0113938205833781
61706.0328 lsst_hardware_g -5.900917005169692 15.119999885559082 31.469999313354492 AB 3.571759978014339 1.0066494371781687
61712.0023 lsst_hardware_z 32.03351887039006 65.05000305175781 30.989999771118164 AB 2.971055106678825 1.0093613408118078
61712.0216 lsst_hardware_r -50.021613683050546 25.049999237060547 31.520000457763672 AB 2.868473728384709 1.007247753865995
61903.3457 lsst_hardware_i -16.866664708012046 60.06999969482422 31.25 AB 9.002942998434946 1.4624663740148103
61903.3659 lsst_hardware_r 11.197538828520859 71.0199966430664 31.59000015258789 AB 8.073384237146334 1.3165451893100475
61908.3509 lsst_hardware_z -24.642274766509143 50.91999816894531 30.93000030517578 AB 9.302979612364846 1.3249119423251798
61908.37 lsst_hardware_g -15.018891846515068 34.16999816894531 31.600000381469727 AB 8.551203589101613 1.221367871229511
61926.3607 lsst_hardware_r -61.32927388148024 39.720001220703125 31.600000381469727 AB 5.668792888505805 1.0838992138634427
61926.3794 lsst_hardware_z 69.60118785421145 41.68000030517578 30.950000762939453 AB 4.811426030261243 1.0459621804915746
61927.4276 lsst_hardware_r 24.719741683949906 24.75 31.520000457763672 AB 3.825481046521215 1.0067055385582144
61928.3592 lsst_hardware_r -20.265965670547047 76.25 31.639999389648438 AB 2.499822602303016 1.0746532645853764
61928.3778 lsst_hardware_y -31.984075109101795 51.529998779296875 30.049999237060547 AB 1.1704394363671426 1.039851427882262
61944.2556 lsst_hardware_i -10.156633762387944 33.209999084472656 31.219999313354492 AB 4.934746577797517 1.3066695852417174
61944.2754 lsst_hardware_z 2.152192731366885 43.599998474121094 30.93000030517578 AB 4.557957465420651 1.2046933964373172
61946.2695 lsst_hardware_r -19.98662907643812 34.630001068115234 32.220001220703125 AB 5.282253355489143 1.2066367217290357
61946.3063 lsst_hardware_u -0.08730458798319496 3.9700000286102295 29.219999313354492 AB 4.343409567818831 1.0834147088597874
61947.2496 lsst_hardware_r 12.04982575839898 24.450000762939453 31.450000762939453 AB 7.695922570466763 1.293794772283614
61947.2695 lsst_hardware_g -9.787306835572593 14.8100004196167 31.389999389648438 AB 6.849728422637585 1.1947895382238942
61952.3062 lsst_hardware_r 27.858802996477717 23.6200008392334 31.5 AB 9.196956527944646 1.0497310917899627
61962.2647 lsst_hardware_z 108.88539743107803 77.69999694824219 30.989999771118164 AB 9.38015599410346 1.0784887604602937
61962.2857 lsst_hardware_r 17.388705807529472 105.97000122070312 31.65999984741211 AB 9.022768791608513 1.0387714473415282
61965.2673 lsst_hardware_i -60.65289866934919 46.52000045776367 31.299999237060547 AB 6.614630502615327 1.0558912128047453
61965.2867 lsst_hardware_z -54.23194899049142 48.33000183105469 30.969999313354492 AB 6.444827628796299 1.026655138000207
61967.318 lsst_hardware_r -20.88644929187598 30.93000030517578 31.56999969482422 AB 2.9630127538570226 1.00668609983789
61967.3386 lsst_hardware_i 5.103015212237177 34.47999954223633 31.270000457763672 AB 1.2491307095606512 1.0145224037040823
61974.1505 lsst_hardware_r 32.79380345787184 25.049999237060547 31.43000030517578 AB 8.550110231828958 1.4741569365222342
61974.1693 lsst_hardware_z -56.20497590955862 45.04999923706055 30.920000076293945 AB 7.097918118446215 1.3338817229873083
61979.1547 lsst_hardware_i 45.779595229562084 33.29999923706055 31.209999084472656 AB 4.958017461001542 1.3400047191896058
61979.1738 lsst_hardware_z -41.018498243507345 43.81999969482422 30.93000030517578 AB 4.010046097201591 1.2325961364349154
61980.2736 lsst_hardware_g 11.90607655162524 14.930000305175781 31.450000762939453 AB 4.228740426600519 1.0075026330574826
61980.293 lsst_hardware_i -1.458332785843017 30.950000762939453 31.25 AB 3.733187624315615 1.0089696281934093
61981.1517 lsst_hardware_r -22.2198709684168 34.56999969482422 31.520000457763672 AB 7.316195087971744 1.3243180537554067
61981.1705 lsst_hardware_z -49.220945668656135 45.560001373291016 30.93000030517578 AB 5.965863769689119 1.2223252102011206
61982.2646 lsst_hardware_z 9.788600694551139 43.150001525878906 30.959999084472656 AB 3.6183539402761964 1.0085301206260737
61982.2841 lsst_hardware_r -12.500800316979094 23.700000762939453 31.510000228881836 AB 3.6213136171666105 1.0078334664409139
