data/validation/pwv_sim_epoch_fit_epoch/9830770.ecsv
# %ECSV 0.9
# ---
# datatype:
# - {name: time, datatype: float64}
# - {name: band, datatype: string}
# - {name: flux, datatype: float64}
# - {name: fluxerr, datatype: float64}
# - {name: zp, datatype: float64}
# - {name: zpsys, datatype: string}
# - {name: pwv, datatype: float64}
# - {name: airmass, datatype: float64}
# meta: {SNID: '9830770', alt: 1024.0, c: -0.12898841500282288, dec: -30.691587, lat: -30.244573, lon: -70.7499537, ra: 9.667969, t0: 62078.8984375,
#   x0: 0.00023156925135486196, x1: -0.5159115791320801, z: 0.11467006057500839}
# schema: astropy-2.0
time band flux fluxerr zp zpsys pwv airmass
[from data line 132]
62393.1576 lsst_hardware_g 4.479069020253935 18.3700008392334 31.520000457763672 AB 1.875559296509214 1.1159615012947222
62393.1746 lsst_hardware_r 27.609715658122248 25.049999237060547 31.520000457763672 AB 0.9508233035779079 1.0718534187820474
62396.1689 lsst_hardware_r 58.8658945782744 64.91000366210938 32.369998931884766 AB 0.8819232106574083 1.0664125884610616
62396.1839 lsst_hardware_z -70.88702251742518 65.95999908447266 31.709999084472656 AB 0.8599920261086066 1.0386377126915538
62399.1678 lsst_hardware_r 128.70226338144255 87.62000274658203 31.649999618530273 AB 6.607823005342589 1.0522430041549842
62399.1841 lsst_hardware_z 2.3230401127991445 63.119998931884766 30.989999771118164 AB 6.385979514985379 1.0266022851837278
62401.1665 lsst_hardware_z -36.31936621211687 78.12999725341797 30.989999771118164 AB 3.5336176293409483 1.044805015451309
62401.184 lsst_hardware_i 9.96895484314121 91.08000183105469 31.34000015258789 AB 2.3001801049376565 1.0201486217706353
62411.1003 lsst_hardware_g -2.2921190495759642 14.079999923706055 31.399999618530273 AB 5.198301531923587 1.141856459510947
62411.1197 lsst_hardware_i 2.333292134096354 30.899999618530273 31.25 AB 4.890390598068211 1.085386683006977
62414.105 lsst_hardware_u 3.205233398075356 2.6500000953674316 28.3799991607666 AB 3.9675038678916903 1.1023906273664046
62414.125 lsst_hardware_g -16.64278405805714 13.880000114440918 31.420000076293945 AB 4.222984745597532 1.055746186399383
62416.0841 lsst_hardware_g 3.576972342035573 13.84000015258789 31.3700008392334 AB 9.437391551024417 1.1506441508224945
62416.1027 lsst_hardware_r -2.5004085555562603 22.81999969482422 31.489999771118164 AB 8.89533754808908 1.0939019950300732
62418.1054 lsst_hardware_z -28.722407458941635 41.709999084472656 30.950000762939453 AB 6.046125703770672 1.0739757896452928
62418.1253 lsst_hardware_r -23.956500738114798 22.6200008392334 31.5 AB 3.6544606724165773 1.036358928725013
62423.102 lsst_hardware_r 3.7193488485825106 29.68000030517578 31.559999465942383 AB 7.6047194973244245 1.0527506110458031
62423.1239 lsst_hardware_z 45.355361580414986 42.130001068115234 30.950000762939453 AB 7.373214589161667 1.0201846585870769
62425.1064 lsst_hardware_r 25.609994495841935 46.9900016784668 31.6299991607666 AB 8.089357873817871 1.0360345637574118
62425.1267 lsst_hardware_y -14.061281181502991 48.47999954223633 30.059999465942383 AB 7.867803565858393 1.0120446220420272
62427.019 lsst_hardware_z -5.006107851856372 88.33999633789062 31.700000762939453 AB 6.911915764331117 1.312679852688466
62429.0099 lsst_hardware_y 53.469154816887894 61.099998474121094 29.950000762939453 AB 3.990594040964303 1.334832849939279
62429.0281 lsst_hardware_r 19.2378639906438 100.52999877929688 31.600000381469727 AB 3.675502542219698 1.2350824817741417
62433.0121 lsst_hardware_y 14.77562544103838 50.15999984741211 29.969999313354492 AB 3.577594664852678 1.260271128085488
62433.0313 lsst_hardware_z -35.90020044849164 54.88999938964844 30.959999084472656 AB 3.319493266692537 1.17421056480091
62435.0112 lsst_hardware_y 70.81176113063539 51.65999984741211 29.979999542236328 AB 4.643228741781154 1.2375617995552017
62435.0284 lsst_hardware_u 0.7043493310829761 2.640000104904175 28.360000610351562 AB 4.31604985812298 1.1644804797413713
62437.0129 lsst_hardware_y -24.957885063951878 51.130001068115234 29.989999771118164 AB 4.297711616207494 1.2048532705937045
62437.0311 lsst_hardware_r -15.859833521987225 22.729999542236328 31.469999313354492 AB 4.083687632520261 1.1358827034037164
62438.0138 lsst_hardware_y -45.20512208425831 49.52000045776367 30.0 AB 3.7573914673033344 1.1895498524598989
62438.0323 lsst_hardware_r -15.888714395702305 22.59000015258789 31.479999542236328 AB 3.501086488817151 1.1233432584440057
62440.004 lsst_hardware_z -7.856889417066805 62.040000915527344 30.959999084472656 AB 5.6123788301737365 1.2079373322945894
62440.0209 lsst_hardware_g -9.42983204131806 13.970000267028809 31.389999389648438 AB 5.297345841537874 1.1425927940766512
62442.0058 lsst_hardware_y 130.49106055668204 65.56999969482422 30.020000457763672 AB 10.427243358455732 1.1778203273979746
62442.0243 lsst_hardware_i 0.000905948265178165 30.690000534057617 31.229999542236328 AB 9.704055191387981 1.1145119089685729
62451.0184 lsst_hardware_y 16.95359848061554 52.869998931884766 30.040000915527344 AB 6.9011985490456045 1.0671131431660859
62451.0368 lsst_hardware_r -33.11036840749293 24.65999984741211 31.530000686645508 AB 6.915925163527565 1.0339508878277175
62454.0185 lsst_hardware_y -22.150821268024107 57.29999923706055 30.059999465942383 AB 6.449984470050804 1.050628663507576
62454.0363 lsst_hardware_z -50.64575593214271 46.959999084472656 30.969999313354492 AB 6.298728421412067 1.0236286708686138
