data/validation/pwv_sim_epoch_fit_epoch/9840948.ecsv
# %ECSV 0.9
# ---
# datatype:
# - {name: time, datatype: float64}
# - {name: band, datatype: string}
# - {name: flux, datatype: float64}
# - {name: fluxerr, datatype: float64}
# - {name: zp, datatype: float64}
# - {name: zpsys, datatype: string}
# - {name: pwv, datatype: float64}
# - {name: airmass, datatype: float64}
# meta: {SNID: '9840948', alt: 1024.0, c: -0.07660184055566788, dec: -25.944481, lat: -30.244573, lon: -70.7499537, ra: 96.855469, t0: 62810.22265625,
#   x0: 3.7999943930446098e-06, x1: -0.2636173963546753, z: 0.6860707998275757}
# schema: astropy-2.0
time band flux fluxerr zp zpsys pwv airmass
62765.3057 lsst_hardware_r -1.8475817147756366 27.56999969482422 31.43000030517578 AB 4.9012498332760925 1.5719210497999012
62765.3219 lsst_hardware_g 13.623805014786644 19.8799991607666 31.43000030517578 AB 4.520207924228019 1.4268333094154098
62767.3255 lsst_hardware_i 15.179042493291231 32.79999923706055 31.200000762939453 AB 2.8116383577041226 1.360744516735548
62767.3421 lsst_hardware_z 101.63523852003853 44.11000061035156 30.93000030517578 AB 2.2369092802202855 1.2612964647420493
62772.2581 lsst_hardware_z 34.65733930668509 51.599998474121094 30.829999923706055 AB 6.774553385505868 1.9518052538011192
62772.2782 lsst_hardware_r -20.50704275352753 24.329999923706055 31.350000381469727 AB 5.658562094285475 1.6641198199055411
62781.2735 lsst_hardware_z 15.79312428109193 52.87102399816941 30.920000076293945 AB 6.44692434270973 1.4652100778885748
62781.2941 lsst_hardware_r -20.079344800536 42.721811994857354 31.549999237060547 AB 6.241620854352367 1.3167976485977757
62785.3014 lsst_hardware_r -39.71908426679973 115.25464175868672 32.36000061035156 AB 5.520747490688642 1.2196054839518076
62785.3219 lsst_hardware_y 73.22654724509313 74.94962697985196 30.770000457763672 AB 5.128089531345139 1.1382264422932387
62787.2574 lsst_hardware_y -14.089779701689723 56.78466936038276 29.899999618530273 AB 8.159518711557572 1.4628473502060368
62787.2763 lsst_hardware_r 318.1212337214374 81.72263400095922 31.579999923706055 AB 7.395781153485656 1.3255671800966045
62789.263 lsst_hardware_i 221.90141487959391 60.367804568954035 31.260000228881836 AB 8.779563856005392 1.37761868131263
62789.2819 lsst_hardware_z 215.09850679640624 57.891241678711765 30.950000762939453 AB 8.046681860427777 1.2620266405940679
62791.2492 lsst_hardware_z 215.00402564942985 57.27014306807966 30.93000030517578 AB 7.602088230434093 1.4404714790021969
62791.2675 lsst_hardware_r 392.67773482284196 58.00008913479985 31.56999969482422 AB 8.13467590055017 1.3125384661781587
62794.2732 lsst_hardware_i 588.9057323886426 41.631339596568445 31.239999771118164 AB 1.5386741700868196 1.2368763425135205
62794.3014 lsst_hardware_z 375.05531662998936 47.799783445629004 30.950000762939453 AB 1.2824488911600418 1.12495516768486
62796.2633 lsst_hardware_u 8.01368959423523 4.154876826040136 28.270000457763672 AB 3.6250209720242785 1.2593437457093204
62796.2807 lsst_hardware_g 256.23711671340885 19.822126971818836 31.360000610351562 AB 3.323420553502048 1.179354348297391
62799.2402 lsst_hardware_g 248.85278806528052 20.632541577017633 31.270000457763672 AB 5.97648154794446 1.3469645138483248
62799.2575 lsst_hardware_r 859.8698893945801 38.400728092681476 31.440000534057617 AB 4.738826380208802 1.2470595737391583
62801.2451 lsst_hardware_i 899.353373673671 44.76132686740294 31.219999313354492 AB 4.075402226120404 1.2839956604034037
62801.2625 lsst_hardware_z 599.9200635039872 49.80119575570132 30.93000030517578 AB 3.9542627578115708 1.1982614417610822
62803.2464 lsst_hardware_r 1162.7819644076146 41.11725237341698 31.459999084472656 AB 4.048403140983182 1.2479664429663762
62803.2644 lsst_hardware_g 295.3053509539918 21.848481990989548 31.3799991607666 AB 3.050869926508128 1.1683188383360203
62807.2518 lsst_hardware_r 1183.1508692569012 41.397802475229874 31.459999084472656 AB 3.6601611711703033 1.174854461790655
62807.2698 lsst_hardware_i 1233.6606487305937 46.32434859325114 31.239999771118164 AB 3.4736850166749447 1.1130632897222785
62809.2043 lsst_hardware_z 691.1835361344673 56.84895706572162 30.920000076293945 AB 6.557377624373438 1.4074646113701306
62809.221 lsst_hardware_i 1193.357096604731 53.1348135005149 31.25 AB 7.287846599197114 1.296885238757383
62810.2153 lsst_hardware_z 1511.7681336236121 81.05292373953883 31.690000534057617 AB 5.481236819419607 1.314524088834674
62817.1917 lsst_hardware_z 833.1083367753967 71.77711077010886 30.950000762939453 AB 4.532481621801452 1.342758590372268
62817.2088 lsst_hardware_r 1067.234250328382 92.9575731132198 31.600000381469727 AB 8.527102958187115 1.2448325486405487
62819.1939 lsst_hardware_i 1181.2411625564605 68.72676964106199 31.280000686645508 AB 5.252830771731391 1.2957155332341201
62819.2104 lsst_hardware_z 697.3041297138162 63.811212839929325 30.959999084472656 AB 8.717559330982503 1.211276827981451
62827.1876 lsst_hardware_z 605.2821664453201 49.85048831090739 30.93000030517578 AB 4.488078571272601 1.215622581601463
62827.2017 lsst_hardware_u -1.6751316003831693 2.619135089808571 28.350000381469727 AB 4.224466801225761 1.1577053442657608
62829.2067 lsst_hardware_r 425.10405696875017 30.819517975449767 31.469999313354492 AB 8.637024988895037 1.1222745567692265
62829.2225 lsst_hardware_g 84.93354241818942 15.158620608978275 31.3799991607666 AB 8.098419974142274 1.079117878761074
62831.2003 lsst_hardware_r 362.9867110074633 29.646031011219552 31.459999084472656 AB 5.2941558933410064 1.1252191059172243
62831.2159 lsst_hardware_i 607.0492985451177 38.407076603164796 31.229999542236328 AB 5.6849384833353485 1.0818494370265708
62833.2098 lsst_hardware_z 511.5194345993551 46.98569890650688 30.940000534057617 AB 4.20253594793748 1.0834070502543973
62833.2263 lsst_hardware_i 480.9894229188283 37.486909256897675 31.25 AB 4.1296182035261815 1.0486587616877048
62836.1895 lsst_hardware_r 283.99732114305374 27.4975136178053 31.479999542236328 AB 8.675697562834904 1.116419709539944
62836.2122 lsst_hardware_u -5.573661314397604 2.7220103713078436 28.440000534057617 AB 8.147331781790434 1.0598384938587853
62838.2124 lsst_hardware_z 869.8340811197041 66.45004843833449 31.709999084472656 AB 6.615158243337715 1.0491018720925265
62840.1351 lsst_hardware_i 266.0124258274578 49.86894796208943 31.260000228881836 AB 3.2694151621043193 1.3042879636054465
62840.1563 lsst_hardware_z 362.0979792859518 52.826119391768266 30.950000762939453 AB 3.058506014139592 1.1970669331272843
62842.1418 lsst_hardware_r 270.38610313181664 70.89253797863171 31.600000381469727 AB 5.58792124209495 1.2385949777446414
62842.1638 lsst_hardware_z 399.27452487116943 58.09016418915564 30.969999313354492 AB 5.203925521295843 1.146744275296572
62844.1227 lsst_hardware_i 329.1616575556316 79.78935042958001 31.280000686645508 AB 8.080403655034853 1.3131394580376785
62844.1446 lsst_hardware_z 385.75911804093965 70.08685766756415 30.969999313354492 AB 6.587221910103265 1.2004231335515754
62851.1505 lsst_hardware_r 144.2081889100284 32.34802988018617 31.549999237060547 AB 11.318535158710558 1.110621124979551
62851.1726 lsst_hardware_i 216.9021008850243 39.70238334399735 31.280000686645508 AB 10.881967332571161 1.0571543446545868
62853.1521 lsst_hardware_z 163.84332541197494 44.18551069094186 30.950000762939453 AB 3.2313094770985042 1.0911977972474696
62853.1736 lsst_hardware_u 3.321755567783241 2.9849657349819116 28.459999084472656 AB 3.455364051659574 1.0453377860109991
62858.1354 lsst_hardware_r 50.37665941057917 23.896857623180733 31.479999542236328 AB 5.355406652771234 1.0992966102164694
62858.1565 lsst_hardware_i 141.07953502988514 32.10099726895503 31.25 AB 5.123162697973679 1.051444371056681
62865.0442 lsst_hardware_y 64.67927658461117 103.25658546350108 30.649999618530273 AB 12.18700429127523 1.4648722028098922
62866.0357 lsst_hardware_z 128.05938657226386 80.14555444642698 30.93000030517578 AB 11.372493162977612 1.5159281742172237
62866.0564 lsst_hardware_r 19.42868864840329 31.135087324268422 31.489999771118164 AB 10.182020670738213 1.3527329175950675
62868.0359 lsst_hardware_y 195.44148433899798 82.939740029733 29.920000076293945 AB 10.342246932625066 1.4657898781313214
62868.0574 lsst_hardware_z 161.1811352398453 49.82904941214576 30.93000030517578 AB 9.211997981779593 1.3117521333462492
62870.037 lsst_hardware_y 104.48968140299378 80.9011208027383 29.940000534057617 AB 3.7834619692774916 1.4131456558556363
62870.0595 lsst_hardware_z 191.74466704561092 54.29519957295694 30.940000534057617 AB 2.8291462148144833 1.2686754326522318
62874.0384 lsst_hardware_y 146.77640566533142 79.81575706235554 29.989999771118164 AB 13.356963975603392 1.32786201169136
62874.057 lsst_hardware_r 1.9862951907450555 104.37124188992424 31.6200008392334 AB 9.847499446675908 1.2261859602385639
62879.0371 lsst_hardware_y 118.59960374529373 71.88249326698211 30.0 AB 4.773088962540464 1.257178831222247
62879.0549 lsst_hardware_g -6.793727364384678 14.978939017723203 31.399999618530273 AB 2.4589427934503685 1.1761056049027232
62881.0372 lsst_hardware_z 194.24538222638284 62.975462036049635 30.959999084472656 AB 7.245965451848825 1.2294494856369251
62881.0546 lsst_hardware_i 50.36987140136189 32.68902296421696 31.239999771118164 AB 6.892769110272116 1.1564563751977042
62883.0372 lsst_hardware_y 84.9718870743581 71.1958635494196 30.020000457763672 AB 4.546246166076709 1.2044099698189799
62883.0536 lsst_hardware_r 68.06770439433295 23.823157880170132 31.479999542236328 AB 3.1891300025596947 1.1407064303173449
62889.0378 lsst_hardware_y 1.1629386785284843 58.599709937066834 30.030000686645508 AB 9.374577814660038 1.1387279459046509
62889.0554 lsst_hardware_u -0.01401968958849751 2.753125451458577 28.3799991607666 AB 8.047966809650744 1.087122357105294
62891.0365 lsst_hardware_y 123.22181035651461 61.24475157065027 30.040000915527344 AB 7.552030918233795 1.1251396240462541
62891.0551 lsst_hardware_r 59.1626099798961 23.033461296427674 31.489999771118164 AB 7.535573323374532 1.0747192759744995
62893.0442 lsst_hardware_z 157.27329479418674 68.4633702718432 31.709999084472656 AB 12.401182068898844 1.0878229884998987
62897.0343 lsst_hardware_y 116.9837850639293 58.4900016784668 30.049999237060547 AB 9.251401180785114 1.0852613927310366
62897.0513 lsst_hardware_i -14.878375777462292 36.81999969482422 31.290000915527344 AB 9.50700522548957 1.0491067342186682
62906.0319 lsst_hardware_y 3.5095340872534657 55.22999954223633 30.059999465942383 AB 5.746944974667029 1.040359336471212
62906.051 lsst_hardware_i 59.650405632707056 58.29999923706055 31.329999923706055 AB 6.115555712637749 1.016351391181507
63133.286 lsst_hardware_i -23.801668868596987 35.150001525878906 31.139999389648438 AB 6.821340705692713 1.7106810547191758
63133.3011 lsst_hardware_z -16.307378149393447 47.650001525878906 30.899999618530273 AB 6.920979060395839 1.5429957960938239
63137.2665 lsst_hardware_z -152.91408096091772 60.31999969482422 30.8799991607666 AB 6.26263051251115 1.8282828402903248
63137.2858 lsst_hardware_r 47.74913704213563 65.2300033569336 31.510000228881836 AB 5.285007652933007 1.587208545066193
63143.2596 lsst_hardware_z -46.43785908416323 62.4900016784668 30.889999389648438 AB 4.657580163404769 1.6993816157638488
63143.2798 lsst_hardware_r -76.28754172719684 67.91999816894531 31.540000915527344 AB 4.112051925474346 1.487448697946951
63145.2677 lsst_hardware_z -65.16360980705913 55.970001220703125 30.90999984741211 AB 9.228995089225585 1.5492472696470116
63145.2886 lsst_hardware_r 0.37464044406959196 54.029998779296875 31.559999465942383 AB 8.236999323279903 1.375220756582384
63147.2904 lsst_hardware_z 10.09864536040075 48.279998779296875 30.93000030517578 AB 4.958784356377986 1.3270609339102553
63147.3087 lsst_hardware_i -108.66384812235302 39.09000015258789 31.25 AB 4.462602784616305 1.227001040587381
63149.2886 lsst_hardware_r -36.01094714594951 24.760000228881836 31.459999084472656 AB 4.177924405768324 1.3047519289322027
63149.3089 lsst_hardware_z 15.867374872081943 43.779998779296875 30.940000534057617 AB 3.329975372366748 1.2012898168711212
63151.2428 lsst_hardware_u -4.908818686453104 2.2899999618530273 27.950000762939453 AB 9.016645665648916 1.6393901210270756
63151.261 lsst_hardware_g 11.555824803041494 13.390000343322754 31.270000457763672 AB 7.9459433257110055 1.4613229104755872
63153.2608 lsst_hardware_i -12.01570528122437 33.11000061035156 31.190000534057617 AB 8.212357428419296 1.4190431428431216
63153.2787 lsst_hardware_z -42.03625523256578 44.5099983215332 30.920000076293945 AB 7.457116243347041 1.2987532099703125
63155.2606 lsst_hardware_r 0.5480969006625447 23.450000762939453 31.420000076293945 AB 10.042338701320617 1.3801530597932279
63155.2786 lsst_hardware_g -6.562005724805989 13.380000114440918 31.31999969482422 AB 9.259914140108371 1.268727603316841
63157.2623 lsst_hardware_r -15.371381004984348 23.079999923706055 31.440000534057617 AB 6.8783075569247805 1.3321017830782957
63157.2813 lsst_hardware_i -14.887673447512357 31.459999084472656 31.219999313354492 AB 6.293249511208381 1.2274721106315585
63159.2422 lsst_hardware_i -13.794774473777107 33.38999938964844 31.190000534057617 AB 1.585121593710933 1.4364491107484665
63159.2599 lsst_hardware_z -34.00245169312271 44.959999084472656 30.920000076293945 AB 1.6523584036481271 1.3131325062104322
63161.2626 lsst_hardware_u -0.29872281205539425 2.490000009536743 28.219999313354492 AB 3.5365904733712497 1.266687132296293
63161.2806 lsst_hardware_g 29.326480486245263 13.149999618530273 31.350000381469727 AB 3.2632114443610334 1.182537214843377
63163.2999 lsst_hardware_r 1.0514382074339252 22.06999969482422 31.479999542236328 AB 3.4957020137555093 1.0993061706296432
63163.3178 lsst_hardware_u -1.1444365458667216 2.549999952316284 28.360000610351562 AB 3.4751260293743416 1.0575282720686456
63165.2421 lsst_hardware_g 68.15093672058376 52.70000076293945 31.59000015258789 AB 1.646656706555626 1.3218195517215574
63165.2576 lsst_hardware_r 16.402892268463077 47.08000183105469 31.579999923706055 AB 1.7309964699901723 1.2364260499929802
63166.24 lsst_hardware_r 55.45485562067788 58.029998779296875 31.56999969482422 AB 3.9656802628047836 1.3179396021285423
63166.2578 lsst_hardware_z -22.33025052651523 51.11000061035156 30.950000762939453 AB 4.002330525318276 1.2224278119529464
63168.2409 lsst_hardware_r 93.60774959862295 80.77999877929688 31.59000015258789 AB 4.168799353561859 1.2808027098863006
63168.2577 lsst_hardware_i -50.34052221461936 62.40999984741211 31.290000915527344 AB 3.1347703913344396 1.1983830741004549
63170.2397 lsst_hardware_z -18.294598982429147 64.80000305175781 30.950000762939453 AB 4.783043630885061 1.2578681475043239
63170.2571 lsst_hardware_i -52.01247359187734 69.16999816894531 31.299999237060547 AB 4.477248509155781 1.1782232918831004
63181.1935 lsst_hardware_u 2.759223637406851 2.4600000381469727 28.170000076293945 AB 0.9968011317594729 1.353429914133704
63181.2117 lsst_hardware_g -1.9076436579129807 13.109999656677246 31.329999923706055 AB 2.9335706195353253 1.2474432117088556
63183.1931 lsst_hardware_r -10.905745371954211 22.829999923706055 31.440000534057617 AB 5.533736355396749 1.320937245425016
63183.2107 lsst_hardware_i 31.259852012822382 31.190000534057617 31.219999313354492 AB 8.194735469306382 1.2256559182330622
63186.1941 lsst_hardware_z -22.440721423360774 43.90999984741211 30.93000030517578 AB 6.993050449271589 1.2680055211734047
63186.2117 lsst_hardware_r -7.208880766199598 22.360000610351562 31.469999313354492 AB 8.758441757859739 1.1851747980865681
63187.1992 lsst_hardware_u -0.3705472981984233 2.4800000190734863 28.229999542236328 AB 3.305424900535744 1.2284019450727763
63187.2165 lsst_hardware_r -23.617963287426246 22.229999542236328 31.459999084472656 AB 6.426986124931298 1.156019388431021
63189.1984 lsst_hardware_i -4.616688560384487 31.350000381469727 31.229999542236328 AB 6.38339297446093 1.2069757455847892
63189.2161 lsst_hardware_z -47.15490550654154 42.06999969482422 30.940000534057617 AB 6.0344455179202505 1.1382703713636986
63191.1991 lsst_hardware_g -0.10024562938694054 13.029999732971191 31.34000015258789 AB 3.7326217628927285 1.1808980003880851
63191.2081 lsst_hardware_r -11.768880516615646 22.149999618530273 31.469999313354492 AB 3.530370577383369 1.1470000522160668
63193.2015 lsst_hardware_y -25.282779422256784 49.13999938964844 30.0 AB 7.019573924431354 1.151032864545719
63193.2184 lsst_hardware_r -0.898036638317883 32.86000061035156 31.559999465942383 AB 6.760732642296619 1.0982049395938955
63197.2314 lsst_hardware_z -50.2411159633784 56.470001220703125 30.979999542236328 AB 3.9455137808881986 1.0457232390374234
63197.2501 lsst_hardware_r 77.00692048524206 74.08000183105469 31.65999984741211 AB 4.46949620743561 1.0199671856311296
63199.2011 lsst_hardware_r -17.58763371619536 97.79000091552734 31.639999389648438 AB 4.742235534169422 1.1007123096718192
63199.2185 lsst_hardware_i 15.578977985434443 75.43000030517578 31.329999923706055 AB 5.3262871010652395 1.0595359262113748
63201.208 lsst_hardware_z -30.12028844952555 64.3499984741211 30.979999542236328 AB 8.260650580802645 1.0701364226838934
63201.2261 lsst_hardware_i 58.99764514900857 70.68000030517578 31.329999923706055 AB 7.973736484864744 1.0366721323767256
63204.1349 lsst_hardware_r 35.03687208145413 38.33000183105469 31.530000686645508 AB 4.258012139935187 1.3263113738928551
63204.1559 lsst_hardware_z 37.93668142788758 50.65999984741211 30.940000534057617 AB 3.911135323472743 1.2139157303280375
63208.1474 lsst_hardware_i 11.546678477691447 31.510000228881836 31.219999313354492 AB 4.451542913877282 1.2031197064533194
63208.1679 lsst_hardware_z -40.373215331988334 42.279998779296875 30.940000534057617 AB 5.0123703685322125 1.1262488189038338
63211.1317 lsst_hardware_z -40.79682071672325 43.540000915527344 30.93000030517578 AB 11.852687308435275 1.2379432146258578
63211.1527 lsst_hardware_r -9.588071439901986 22.360000610351562 31.469999313354492 AB 11.02747978798127 1.1498036950166848
63213.15 lsst_hardware_r 6.010685770538383 22.31999969482422 31.469999313354492 AB 11.74416468362682 1.1402101634589146
63213.1697 lsst_hardware_i -36.94297997597827 30.229999542236328 31.239999771118164 AB 12.015172579837545 1.0830008634892478
63216.1504 lsst_hardware_z -17.706776577831665 41.97999954223633 30.940000534057617 AB 11.34739079561862 1.1129377301361347
63216.1717 lsst_hardware_i 15.413629071170872 30.280000686645508 31.25 AB 10.917595657570521 1.0603084102816662
63218.1334 lsst_hardware_r -58.74415425776983 22.389999389648438 31.469999313354492 AB 3.458601244995847 1.1504702686056871
63218.1568 lsst_hardware_u 1.4461494419935974 2.549999952316284 28.34000015258789 AB 3.2205547003153883 1.081176567457769
63220.1548 lsst_hardware_r -43.91487781506431 24.059999465942383 31.510000228881836 AB 3.288495594765978 1.0730936840482879
63220.1763 lsst_hardware_i 0.6520177906055461 29.959999084472656 31.25 AB 3.899156561583096 1.0336193058891086
63222.1302 lsst_hardware_i 33.24261315298034 37.119998931884766 31.270000457763672 AB 3.9457134599472536 1.124588782732006
63222.1523 lsst_hardware_z 49.410327692269895 43.869998931884766 30.950000762939453 AB 3.754891206363936 1.0665789536611407
63226.1537 lsst_hardware_i 54.676054630448 87.38999938964844 32.08000183105469 AB 7.241817113938142 1.043226436264363
63226.1776 lsst_hardware_z -119.71434501538678 80.72000122070312 31.729999542236328 AB 7.1727591334201275 1.0136742698445036
63229.0344 lsst_hardware_y 6.924078996541885 93.70999908447266 29.8700008392334 AB 11.086334528933563 1.5895146046071824
63229.057 lsst_hardware_g -149.80579080910715 109.79000091552734 31.579999923706055 AB 11.361866422739311 1.3913625303379022
