data/validation/pwv_sim_epoch_fit_4/10022832.ecsv
# %ECSV 0.9
# ---
# datatype:
# - {name: time, datatype: float64}
# - {name: band, datatype: string}
# - {name: flux, datatype: float64}
# - {name: fluxerr, datatype: float64}
# - {name: zp, datatype: float64}
# - {name: zpsys, datatype: string}
# - {name: pwv, datatype: float64}
# - {name: airmass, datatype: float64}
# meta: {SNID: '10022832', alt: 1024.0, c: -0.02091667428612709, dec: -46.178181, lat: -30.244573, lon: -70.7499537, ra: 219.807693, t0: 62694.97265625,
#   x0: 4.023875222130217e-06, x1: 1.478265404701233, z: 0.6702134013175964}
# schema: astropy-2.0
time band flux fluxerr zp zpsys pwv airmass
62552.3749 lsst_hardware_z -29.760022646209748 58.61000061035156 30.989999771118164 AB 3.987726589988683 1.0438847119361314
62552.386 lsst_hardware_y -77.06477905416584 55.41999816894531 30.059999465942383 AB 2.810481530910325 1.0409190855223425
62554.3839 lsst_hardware_z 108.97409939525463 58.65999984741211 30.979999542236328 AB 8.978703691638353 1.040647159438845
62554.3956 lsst_hardware_y 97.65811986833707 69.23999786376953 30.059999465942383 AB 8.986299675479886 1.0419602881910721
62557.3741 lsst_hardware_r -58.515542257580705 38.06999969482422 31.600000381469727 AB 8.950383739077056 1.0407422952415182
62557.3856 lsst_hardware_z 1.1549079315009516 46.66999816894531 30.959999084472656 AB 8.43637505008513 1.0415277839611272
62559.3799 lsst_hardware_z 63.57989129128671 41.77000045776367 30.950000762939453 AB 5.238891352864329 1.0414773327099542
62559.3921 lsst_hardware_y 17.307446678754356 51.93000030517578 30.049999237060547 AB 5.271391759129749 1.0459629464020535
62561.364 lsst_hardware_r 50.51486418740442 22.6200008392334 31.489999771118164 AB 4.386930696056903 1.0406873253470958
62561.377 lsst_hardware_u -1.6880260243393779 2.6700000762939453 28.3799991607666 AB 4.395923820654987 1.0420996809138652
62563.3641 lsst_hardware_g -14.625964935474645 13.920000076293945 31.43000030517578 AB 6.214729667651635 1.0407608017726306
62563.376 lsst_hardware_i -49.41879303422881 30.43000030517578 31.25 AB 6.378234638007151 1.0435877894805952
62566.3635 lsst_hardware_z 56.906179170101446 40.90999984741211 30.940000534057617 AB 7.466432043034285 1.0421427933609162
62566.3754 lsst_hardware_r 11.04067515923512 22.56999969482422 31.489999771118164 AB 7.766329186694815 1.0473102537515508
62568.361 lsst_hardware_u 0.9128309395163543 2.5899999141693115 28.3700008392334 AB 8.488099892380795 1.0430844721819719
62568.3724 lsst_hardware_g 26.964619126127033 13.710000038146973 31.40999984741211 AB 8.528395227769447 1.0488418420008645
62572.3618 lsst_hardware_z 53.44389633416227 41.11000061035156 30.950000762939453 AB 7.184183727516348 1.0490539521069513
62572.3735 lsst_hardware_r -27.246818162287802 22.549999237060547 31.489999771118164 AB 7.238568711662999 1.0586572155997074
62575.3444 lsst_hardware_r -3.9628637881523714 22.389999389648438 31.489999771118164 AB 9.409093617555378 1.0440627627114327
62575.357 lsst_hardware_u 1.654720648176585 2.619999885559082 28.389999389648438 AB 9.510082163738586 1.051457451581635
62578.3099 lsst_hardware_z -77.12980487972584 55.45000076293945 30.979999542236328 AB 6.3382234877824795 1.041899751416298
62578.322 lsst_hardware_i -16.688568006145605 58.560001373291016 31.31999969482422 AB 6.438372828659049 1.0406852632531138
62582.3155 lsst_hardware_y -35.009151205156094 78.95999908447266 30.799999237060547 AB 6.032509434568671 1.041179875657285
62584.3036 lsst_hardware_r -15.59011648289239 65.3499984741211 31.639999389648438 AB 6.2467182256068225 1.0406282964611415
62584.3172 lsst_hardware_i 5.089673918760024 56.43000030517578 31.31999969482422 AB 6.265583404767812 1.0430470126132532
62589.2962 lsst_hardware_u 2.6621121344381837 2.680000066757202 28.43000030517578 AB 7.786767332709426 1.0411508667882639
62589.3084 lsst_hardware_r -15.176137363180214 22.790000915527344 31.5 AB 7.8223306087905975 1.0450675496046222
62594.2942 lsst_hardware_r -17.195355354402537 31.579999923706055 32.22999954223633 AB 6.00661042736815 1.0448096064303618
62594.3054 lsst_hardware_u 4.351374581219389 3.680000066757202 29.1200008392334 AB 6.064274492917716 1.05166908369
62598.2897 lsst_hardware_i 19.032464383927476 30.3799991607666 31.25 AB 8.386695582649496 1.048336947831187
62598.302 lsst_hardware_z -52.271267121980316 41.279998779296875 30.950000762939453 AB 8.863511614122316 1.0581612814822297
62600.2706 lsst_hardware_z 34.295814214047134 40.970001220703125 30.950000762939453 AB 5.5160030154552135 1.0421316862753096
62600.2847 lsst_hardware_r -14.482194946072141 22.6200008392334 31.489999771118164 AB 5.2913978232941465 1.04863214888905
62606.2265 lsst_hardware_r 112.33841429466038 60.06999969482422 31.649999618530273 AB 10.476915126320064 1.0443148944732097
62606.2379 lsst_hardware_z -36.78001739961183 51.31999969482422 30.979999542236328 AB 10.445651239636158 1.041025636798501
62608.2712 lsst_hardware_r 9.116790503744712 103.87000274658203 31.65999984741211 AB 14.303062209890847 1.0549536959648065
62608.2825 lsst_hardware_i 76.19773029824059 81.41000366210938 31.329999923706055 AB 14.303124323807648 1.0665483438910057
62614.0638 lsst_hardware_r -70.75249422454094 24.34000015258789 31.420000076293945 AB 7.420548578423159 1.4500811448195334
62614.078 lsst_hardware_i 13.758776451803472 33.11000061035156 31.200000762939453 AB 7.027673685562273 1.3642436299137322
62616.2303 lsst_hardware_u 1.4862527221066133 3.559999942779541 28.65999984741211 AB 13.248948370934873 1.0432242811759742
62616.2428 lsst_hardware_r 3.303834419332035 27.540000915527344 31.549999237060547 AB 13.332859130830013 1.0498314276244105
62618.2052 lsst_hardware_i 53.284722249295584 30.59000015258789 31.260000228881836 AB 3.702996776219871 1.041020529802939
62618.2168 lsst_hardware_z 33.30176494143309 41.130001068115234 30.950000762939453 AB 2.9731892344492525 1.0411237798999395
62623.1972 lsst_hardware_r -7.592461219896993 22.989999771118164 31.510000228881836 AB 8.301191292088532 1.0406407536778903
62623.2096 lsst_hardware_i 0.38592820915087295 30.780000686645508 31.260000228881836 AB 8.336304022956243 1.0426788158917972
62625.1931 lsst_hardware_z -78.90278671057037 41.290000915527344 30.950000762939453 AB 9.507665556839463 1.0406719389424128
62625.2052 lsst_hardware_r -40.65619005202129 23.020000457763672 31.510000228881836 AB 9.637580613152133 1.0430376117914626
62627.1982 lsst_hardware_u 0.9168928378811169 2.7899999618530273 28.510000228881836 AB 3.411150644556625 1.042527703104136
62627.2096 lsst_hardware_r 28.251737021272938 23.030000686645508 31.5 AB 2.4952681777361634 1.0477716471703395
62637.1878 lsst_hardware_y 5.8990119122011695 62.4900016784668 30.059999465942383 AB 5.6230576711020355 1.05153018627432
62637.2007 lsst_hardware_r -2.4118198996702214 121.1500015258789 31.65999984741211 AB 5.714799170015037 1.0635482326330712
62639.1294 lsst_hardware_z 115.5650051174796 83.76000213623047 31.0 AB 8.499433526061793 1.0480189304638463
62639.1419 lsst_hardware_r 196.76157210428534 126.77999877929688 31.65999984741211 AB 8.453200558390623 1.0423181946227649
62644.1285 lsst_hardware_r 1.6415642012924028 22.81999969482422 31.489999771118164 AB 1.910959142861862 1.0422466009609281
62644.141 lsst_hardware_u -1.6700494009083022 2.609999895095825 28.3700008392334 AB 1.9080665565733677 1.040668970042742
62649.2 lsst_hardware_r 18.319143056185503 23.280000686645508 31.489999771118164 AB 8.470105814543489 1.1144876071767749
62649.214 lsst_hardware_u -0.8886040779867661 2.6600000858306885 28.3700008392334 AB 8.089662853943963 1.1473478500788972
62652.1813 lsst_hardware_i 49.823534350925385 30.93000030517578 31.239999771118164 AB 8.58566303334207 1.0942726272421273
62652.1968 lsst_hardware_z -22.849268352111345 42.209999084472656 30.940000534057617 AB 8.788773421809871 1.1253951497291597
62655.1094 lsst_hardware_r 26.092151050303173 22.700000762939453 31.489999771118164 AB 9.453256112654701 1.0406490656819531
62655.1216 lsst_hardware_u -0.2979020804124318 2.640000104904175 28.399999618530273 AB 9.465274569350855 1.0424885257283834
62657.1076 lsst_hardware_g -28.430973473246404 13.960000038146973 31.420000076293945 AB 9.370668593280678 1.0407999178024008
62657.1202 lsst_hardware_i 14.71777024599504 30.520000457763672 31.25 AB 9.458647033805747 1.0439527652855571
62675.0864 lsst_hardware_r 563.4061187729301 31.971327707938286 31.489999771118164 AB 3.370864689770486 1.0533952155532769
62675.0997 lsst_hardware_z 389.8361679720199 45.3036156404746 30.950000762939453 AB 3.4135215411130275 1.066725481597821
62676.0357 lsst_hardware_i 508.2688596696106 38.38991486410609 31.25 AB 4.220617220369225 1.0441903068701694
62676.0489 lsst_hardware_r 635.9645750281082 33.187245491618285 31.5 AB 3.538718003880592 1.0407994129060565
62678.0856 lsst_hardware_g 122.48920407284264 18.241972251199698 31.420000076293945 AB 5.214847919615721 1.0601977981429673
62678.0978 lsst_hardware_r 775.7229629277651 35.53891255402447 31.489999771118164 AB 5.303560214818276 1.0747736650818651
62680.0817 lsst_hardware_i 893.8954552394011 41.73036444266288 31.25 AB 7.489069260997566 1.0618274863175339
62680.0944 lsst_hardware_z 537.7348718996287 47.66973593893412 30.940000534057617 AB 7.808739423530788 1.0776620788753504
62682.0808 lsst_hardware_r 1088.7025059110708 39.7112995661007 31.489999771118164 AB 3.328536544010784 1.066981128038718
62682.0921 lsst_hardware_u -0.19774678547570426 3.0062546724826604 28.40999984741211 AB 3.9186062806832536 1.082338428582679
62688.0258 lsst_hardware_g 364.2309725962942 24.466245150101983 31.479999542236328 AB 5.94206952410039 1.041159277650975
62688.0379 lsst_hardware_r 1282.6202878862262 44.13269967112105 31.520000457763672 AB 5.990978447910097 1.0449988571271942
62694.0192 lsst_hardware_i 1318.2180101468996 78.48947966230492 31.329999923706055 AB 10.071181803058906 1.043970333063015
62694.0311 lsst_hardware_r 1519.0098935027015 92.9806833716008 31.649999618530273 AB 10.282143537713806 1.0507530057446022
62703.9978 lsst_hardware_i 1145.5344976669899 45.00568556219028 31.25 AB 5.72551288081464 1.04687116516495
62704.0096 lsst_hardware_u -1.5930658654775216 2.7121345033107804 28.360000610351562 AB 6.36645003103367 1.0554313790482013
62709.001 lsst_hardware_i 1012.1660450431874 43.3817836787213 31.239999771118164 AB 4.801872969214746 1.0602501588021078
62709.013 lsst_hardware_r 834.8808430688917 36.47005126185908 31.479999542236328 AB 4.89949914319093 1.074569392080476
62917.3778 lsst_hardware_u 1.3772278875694615 3.0399999618530273 28.610000610351562 AB 2.816277040544445 1.0430655705720167
62917.3894 lsst_hardware_y 35.439266887859766 53.11000061035156 30.059999465942383 AB 2.809880540450839 1.0406964964632737
62921.3769 lsst_hardware_r 26.60950699535275 22.850000381469727 31.5 AB 11.14263580040574 1.0408166205192646
62921.3879 lsst_hardware_y -111.40063946383309 49.560001373291016 30.049999237060547 AB 11.159273520003396 1.0413169896891146
62923.3778 lsst_hardware_g -7.124707048479826 14.239999771118164 31.43000030517578 AB 6.2492228626002335 1.0407276888975632
62923.3889 lsst_hardware_y 24.500469952957513 49.470001220703125 30.049999237060547 AB 6.272276769781393 1.043061547081163
62925.3781 lsst_hardware_i 6.0349046948947915 30.530000686645508 31.25 AB 4.9955884050023975 1.041543207659128
62925.39 lsst_hardware_z -24.522939257745453 43.18000030517578 30.950000762939453 AB 4.920103237177168 1.0459403140257586
62927.3779 lsst_hardware_r 12.991719188622225 22.719999313354492 31.5 AB 3.1786474348270017 1.0430344330851524
62927.3904 lsst_hardware_y -11.123138050893703 48.880001068115234 30.049999237060547 AB 3.1982486411879045 1.0494663301683034
62929.3663 lsst_hardware_u 3.0230530273573644 2.619999885559082 28.3799991607666 AB 7.6995039398632645 1.0413647635178664
62929.3789 lsst_hardware_r -7.812676816612196 22.639999389648438 31.489999771118164 AB 7.256439074306516 1.0458475725639946
62935.3532 lsst_hardware_r -287.3755425767967 95.05000305175781 31.65999984741211 AB 8.754305397977095 1.0421378593679331
62935.3654 lsst_hardware_z 66.8805959697569 65.9000015258789 30.989999771118164 AB 8.809970706720453 1.0474551518938415
62937.3578 lsst_hardware_y -81.05933664829617 54.790000915527344 30.059999465942383 AB 7.195789076135193 1.046241732563003
62937.3691 lsst_hardware_r -71.36787462122614 85.73999786376953 31.649999618530273 AB 7.1910955547053526 1.0540264645958863
62939.3598 lsst_hardware_i -33.91154316098746 55.41999816894531 31.31999969482422 AB 10.972782060718206 1.050999207629209
62939.3732 lsst_hardware_z -12.58825355833222 54.31999969482422 30.969999313354492 AB 11.088242821662863 1.0633144247854682
62941.3681 lsst_hardware_r -16.85274846511706 36.08000183105469 31.59000015258789 AB 8.052584320753304 1.063714450745128
62941.3803 lsst_hardware_g -48.70927800514866 32.290000915527344 31.649999618530273 AB 8.254378983189602 1.079450620063598
62943.315 lsst_hardware_u 1.0475858609487168 3.2300000190734863 28.600000381469727 AB 6.254584221567376 1.041042646732253
62943.3276 lsst_hardware_r -8.307288285907092 24.31999969482422 31.520000457763672 AB 6.405951377674799 1.041279482716935
62946.3064 lsst_hardware_i 19.963265117534092 30.270000457763672 31.25 AB 4.144636633146292 1.0411044042065745
62946.3191 lsst_hardware_z 109.8235689469807 41.029998779296875 30.950000762939453 AB 4.084208327169999 1.0412258322931802
62948.3047 lsst_hardware_r -21.362137206660336 22.68000030517578 31.520000457763672 AB 6.445114571700148 1.0407096030518566
62948.3162 lsst_hardware_u 1.9323583855819775 2.859999895095825 28.59000015258789 AB 6.4184111511436335 1.041752560577329
62950.3083 lsst_hardware_g 26.33611147468708 19.639999389648438 32.20000076293945 AB 6.366970366335655 1.0412478623550685
62950.3194 lsst_hardware_r -13.755956076281178 32.04999923706055 32.27000045776367 AB 6.392014469876881 1.0447882428697093
62954.2998 lsst_hardware_r 16.503732481806157 32.060001373291016 32.27000045776367 AB 7.797148749369489 1.0417496324979132
62954.3122 lsst_hardware_g 8.14611596266266 19.760000228881836 32.20000076293945 AB 7.758784855557702 1.0466928036097123
62958.2861 lsst_hardware_z 21.536883569593513 41.11000061035156 30.950000762939453 AB 8.225393523164684 1.0411890535651498
62958.2992 lsst_hardware_i -2.1009368884502955 30.420000076293945 31.25 AB 9.228164268178961 1.0455856030417103
62960.2874 lsst_hardware_z -40.71220223916031 47.7400016784668 30.959999084472656 AB 6.653637710365715 1.0429035452969717
62960.2996 lsst_hardware_g 44.54524107129332 38.4900016784668 31.68000030517578 AB 7.228062889480474 1.049002293931979
62962.2915 lsst_hardware_r -116.78677369235815 86.94000244140625 31.65999984741211 AB 15.291340330680367 1.0473520774438607
62962.3046 lsst_hardware_i 5.939265617661809 69.05999755859375 31.329999923706055 AB 17.678581682504362 1.0573788706134615
62965.29 lsst_hardware_z -121.26676521023775 110.94999694824219 31.75 AB 5.272109230461849 1.0518972925901535
62970.2769 lsst_hardware_i -49.59846403129353 36.040000915527344 31.280000686645508 AB 7.384173663662326 1.0523263023603142
62970.2882 lsst_hardware_z -54.302470137305846 44.06999969482422 30.959999084472656 AB 7.482962023539747 1.0629207419800777
62972.2589 lsst_hardware_i 13.399426662183526 31.079999923706055 31.270000457763672 AB 17.29432200466404 1.0445954339613457
62972.2704 lsst_hardware_z 37.272959762127655 41.560001373291016 30.959999084472656 AB 17.384197382257984 1.0515271517788163
62973.2769 lsst_hardware_u 3.3232263492481957 2.819999933242798 28.540000915527344 AB 14.247421767127314 1.059655526115181
62973.2881 lsst_hardware_g -9.880728902986455 20.0 32.18000030517578 AB 14.586629996770279 1.0727040738910338
62973.3048 lsst_hardware_r 42.52236540707811 23.3799991607666 31.5 AB 15.285020443516515 1.0990487466127075
62975.278 lsst_hardware_i -4.980132419407489 30.719999313354492 31.25 AB 10.332774116128427 1.066865906571399
62975.2897 lsst_hardware_r 1.1175149056532387 22.90999984741211 31.489999771118164 AB 10.4328014804404 1.0828024369943332
62977.209 lsst_hardware_i 10.358656312523227 30.600000381469727 31.260000228881836 AB 8.323255580550606 1.0451755610661904
62977.2209 lsst_hardware_z -42.49430398516914 41.2400016784668 30.959999084472656 AB 8.285797783341597 1.0412563975295754
62979.2263 lsst_hardware_r -4.15334027765395 22.850000381469727 31.5 AB 4.655086611348185 1.0408630717779352
62979.2382 lsst_hardware_g 7.826043612684527 14.149999618530273 31.440000534057617 AB 4.690648921680873 1.043912964765773
62984.2173 lsst_hardware_r -0.2798887274590472 22.8799991607666 31.5 AB 2.254590925681471 1.0416220492868888
