data/validation/pwv_sim_epoch_fit_4/10163525.ecsv
# %ECSV 0.9
# ---
# datatype:
# - {name: time, datatype: float64}
# - {name: band, datatype: string}
# - {name: flux, datatype: float64}
# - {name: fluxerr, datatype: float64}
# - {name: zp, datatype: float64}
# - {name: zpsys, datatype: string}
# - {name: pwv, datatype: float64}
# - {name: airmass, datatype: float64}
# meta: {SNID: '10163525', alt: 1024.0, c: 0.1252727508544922, dec: -20.423615, lat: -30.244573, lon: -70.7499537, ra: 37.089844, t0: 62840.8046875,
#   x0: 1.0602657808188575e-05, x1: -0.015789637342095375, z: 0.44919562339782715}
# schema: astropy-2.0
time band flux fluxerr zp zpsys pwv airmass
[from data line 133]
63160.1969 lsst_hardware_i -50.69772332974713 30.40999984741211 31.25 AB 2.6386949388735594 1.023278802562135
63162.1809 lsst_hardware_z 32.7747322870339 41.95000076293945 30.950000762939453 AB 3.318171073224806 1.032947309294978
63162.1993 lsst_hardware_r -0.45657670885974716 25.81999969482422 31.530000686645508 AB 3.2957424671222584 1.0185667457884042
63164.183 lsst_hardware_y -8.564251604066873 68.2699966430664 30.809999465942383 AB 4.711256198476806 1.0256167912073304
63167.1647 lsst_hardware_r -16.671448279375845 90.18000030517578 31.65999984741211 AB 3.08950342127341 1.0358770901168182
63167.1827 lsst_hardware_i -22.121148635764296 71.83999633789062 31.34000015258789 AB 2.0724774500838716 1.0200873421247494
63169.1656 lsst_hardware_z 25.919559544693392 77.76000213623047 31.0 AB 5.68804140596833 1.0289975859921905
63169.1825 lsst_hardware_r 186.22594705101284 114.72000122070312 31.670000076293945 AB 5.195072126418986 1.0175774601238547
63171.1648 lsst_hardware_r -65.75399100921305 86.94999694824219 31.65999984741211 AB 4.735396728598383 1.0248667305699577
63171.1841 lsst_hardware_z -112.82420013953127 63.349998474121094 30.989999771118164 AB 4.482810768266203 1.0156659092816713
63180.1288 lsst_hardware_u -3.3117722322873204 2.799999952316284 28.530000686645508 AB 9.140028579712615 1.036362753765887
63180.1468 lsst_hardware_g -25.672656637438923 13.989999771118164 31.450000762939453 AB 9.00957282918954 1.0203174152080414
63182.1308 lsst_hardware_r 4.334171926618591 22.399999618530273 31.489999771118164 AB 4.492437074536822 1.028331392004266
63182.1489 lsst_hardware_z 33.18136205003573 40.619998931884766 30.950000762939453 AB 4.2519946506536925 1.0168992308644453
63188.1091 lsst_hardware_u -0.5916974385752745 2.619999885559082 28.399999618530273 AB 5.754233354564306 1.0338493824639206
63188.1298 lsst_hardware_g -29.62750712953411 13.59000015258789 31.40999984741211 AB 4.879329430010256 1.0179053781183387
63190.1068 lsst_hardware_r -22.497164557686457 24.59000015258789 31.530000686645508 AB 5.9441335156996 1.0304469993411807
63190.1274 lsst_hardware_i 11.89496512761407 30.739999771118164 31.260000228881836 AB 5.432699682385392 1.0167882617228883
63192.1107 lsst_hardware_z 62.96476398759101 43.4900016784668 30.950000762939453 AB 3.9138913712242003 1.0224376622843292
63192.1298 lsst_hardware_r 12.939543661073492 35.2400016784668 31.59000015258789 AB 4.242641979276034 1.0153504796640025
63194.1188 lsst_hardware_z 47.74595535768358 72.80999755859375 31.729999542236328 AB 8.092611735472397 1.0161491380552985
63196.095 lsst_hardware_r -24.750010031262892 87.95999908447266 31.65999984741211 AB 3.5983421191436187 1.0261431898700046
63196.1136 lsst_hardware_z 26.69504823881221 63.33000183105469 30.989999771118164 AB 3.5668930155132905 1.0160882180692177
63198.0571 lsst_hardware_r -100.42949040373124 103.61000061035156 31.649999618530273 AB 4.132268956417835 1.0734095479481778
63198.0656 lsst_hardware_y -52.25988570701323 57.45000076293945 30.049999237060547 AB 4.020795935515213 1.0570842000302902
63200.142 lsst_hardware_g 137.10516644597874 94.4000015258789 31.739999771118164 AB 5.403756151523183 1.0330254543152098
63200.1614 lsst_hardware_r 6.762978828029308 87.80000305175781 31.649999618530273 AB 5.53902521713207 1.061522655640552
63203.0761 lsst_hardware_r 34.19908555438495 22.209999084472656 31.5 AB 6.808149563801936 1.0259596462019884
63203.0955 lsst_hardware_i -36.24796629051589 29.969999313354492 31.25 AB 6.656494152364688 1.015873548893656
63205.0777 lsst_hardware_z -22.198445903279957 40.65999984741211 30.950000762939453 AB 1.4857908366845693 1.020811292809735
63205.0968 lsst_hardware_r 9.58161973567037 22.190000534057617 31.5 AB 3.7873166811277996 1.0153210351086546
63207.0795 lsst_hardware_u -2.832815326214078 2.619999885559082 28.420000076293945 AB 4.686641352367807 1.0172870311195585
63207.099 lsst_hardware_g 32.406535571882536 13.449999809265137 31.40999984741211 AB 5.752871749620954 1.016528168739565
63212.0641 lsst_hardware_r -10.138356749970468 22.030000686645508 31.489999771118164 AB 13.837123327482844 1.017971970093273
63212.0826 lsst_hardware_u 0.1757100173222173 2.700000047683716 28.489999771118164 AB 13.796190983720766 1.0158699364577737
63215.0459 lsst_hardware_z 20.76881464391907 42.06999969482422 30.950000762939453 AB 7.867454276631203 1.0238880192974313
63215.0645 lsst_hardware_g -3.4899826595256616 13.529999732971191 31.420000076293945 AB 7.804810544257249 1.0155809840984797
63221.0334 lsst_hardware_y -8.045359248084072 74.63999938964844 30.079999923706055 AB 4.595341630843922 1.021187029076427
63221.0535 lsst_hardware_g -10.570283360475 32.650001525878906 31.68000030517578 AB 4.489633273112908 1.015332993052559
63223.0333 lsst_hardware_y -95.76043413467856 72.33000183105469 30.079999923706055 AB 5.846074645197329 1.0183024987279794
63223.052 lsst_hardware_z 123.15201446577558 51.959999084472656 30.979999542236328 AB 4.953206780690689 1.0157646005927996
63225.0443 lsst_hardware_y 31.796364603501146 92.48999786376953 30.829999923706055 AB 7.247310816985969 1.0154561884526256
