data/validation/pwv_sim_epoch_fit_4/10452097.ecsv
# %ECSV 0.9
# ---
# datatype:
# - {name: time, datatype: float64}
# - {name: band, datatype: string}
# - {name: flux, datatype: float64}
# - {name: fluxerr, datatype: float64}
# - {name: zp, datatype: float64}
# - {name: zpsys, datatype: string}
# - {name: pwv, datatype: float64}
# - {name: airmass, datatype: float64}
# meta: {SNID: '10452097', alt: 1024.0, c: 0.15665584802627563, dec: -10.04835, lat: -30.244573, lon: -70.7499537, ra: 21.09375, t0: 63127.80078125,
#   x0: 3.9117204359688175e-06, x1: 0.4563000202178955, z: 0.6783884167671204}
# schema: astropy-2.0
time band flux fluxerr zp zpsys pwv airmass
63065.4317 lsst_hardware_r -23.659724400234396 25.200000762939453 31.520000457763672 AB 2.2652396711937253 1.0667481380709796
63067.382 lsst_hardware_r -13.796047385101982 24.420000076293945 31.5 AB 5.276828380762864 1.1094319953948135
63079.2569 lsst_hardware_r -16.002574986345465 128.47999572753906 32.70000076293945 AB 6.966546865665933 1.581149992207429
63079.2983 lsst_hardware_z -165.26763382517882 97.56999969482422 32.13999938964844 AB 6.162610320298575 1.2782183708164014
63083.3174 lsst_hardware_z -24.286068775074874 94.5199966430664 31.719999313354492 AB 1.7985386960690475 1.1600357082953923
63083.3447 lsst_hardware_r 102.64470792039829 125.37000274658203 32.38999938964844 AB 2.2907068047080266 1.0982214005791577
63085.3955 lsst_hardware_i 67.52936045120283 63.810001373291016 31.31999969482422 AB 3.3814172725916247 1.0717362793137923
63085.4176 lsst_hardware_z 70.14040618312431 60.709999084472656 30.979999542236328 AB 3.6151556688978723 1.0955017178478401
63088.3115 lsst_hardware_r 39.295708468173636 35.06999969482422 31.579999923706055 AB 5.545694316468583 1.1386683286158203
63088.3312 lsst_hardware_z 79.22825585424596 44.869998931884766 30.959999084472656 AB 5.3599715117284505 1.0979798248675556
63091.3726 lsst_hardware_g 27.145069587722958 15.569999694824219 31.469999313354492 AB 4.98193547394973 1.0684734359343144
63091.3917 lsst_hardware_i -13.353717088392527 31.899999618530273 31.25 AB 4.896957191199952 1.0827987155776566
63094.3681 lsst_hardware_u -4.0907691371915975 2.800232080380731 28.489999771118164 AB 5.785415337936902 1.0701181339053398
63094.3863 lsst_hardware_g -5.166336891573621 14.66042428165574 31.440000534057617 AB 5.243819095375805 1.0861265731930003
63100.2541 lsst_hardware_i 20.150983663750086 32.967650396622474 31.229999542236328 AB 2.174023453862197 1.2188507496891405
63100.2709 lsst_hardware_z 84.52398895068887 43.66188713666851 30.940000534057617 AB 2.0392292734493687 1.1603011513225425
63102.2897 lsst_hardware_r 96.38219225755356 24.904586466776475 31.5 AB 3.0980534063543814 1.1034918633497353
63110.2741 lsst_hardware_z 536.7010129924755 75.94749395046775 30.979999542236328 AB 1.8245414236216484 1.0934127588623541
63110.2897 lsst_hardware_r 571.1291490696495 109.96650139515947 31.649999618530273 AB 1.817541984897881 1.0754686301170895
63113.2705 lsst_hardware_r 667.9166157107448 104.52491198287353 31.649999618530273 AB 2.405525306104687 1.0870792977802304
63113.2894 lsst_hardware_y 287.62782096069543 60.30587359484829 30.049999237060547 AB 2.3664506686212414 1.0701465188217854
63118.2327 lsst_hardware_r 908.6598352207744 38.56311333555501 31.479999542236328 AB 3.4467451257084583 1.1310074243506016
63118.2516 lsst_hardware_i 1107.6269974223212 46.410078546908245 31.25 AB 4.705902373077534 1.0943959007157056
63121.2358 lsst_hardware_z 799.5991172678856 51.50937665968016 30.940000534057617 AB 3.3308374892037222 1.107142259997837
63121.2543 lsst_hardware_r 1030.0857319486577 39.75172433967294 31.5 AB 3.9341372269792823 1.0805100870583033
63123.2365 lsst_hardware_u 1.7091454699669453 2.813945898429659 28.450000762939453 AB 1.3352326471523346 1.09662526629453
63123.256 lsst_hardware_g 149.59408243593722 19.03917948276585 31.450000762939453 AB 2.2032220974766195 1.0740439214215998
63132.2222 lsst_hardware_r 2777.441160184552 66.45739120128871 32.689998626708984 AB 2.157227367708559 1.0827642802618378
63132.2712 lsst_hardware_i 2423.869937912723 66.39833947483906 32.0 AB 1.8692374180971503 1.0745831664831116
63136.2188 lsst_hardware_z 1859.8709411647444 84.50239010704554 31.719999313354492 AB 3.587527268118161 1.0753978621457319
63138.2397 lsst_hardware_r 668.9546156576167 107.33149804077314 31.649999618530273 AB 4.911647116437419 1.0671693897745855
63138.2584 lsst_hardware_z 956.059030116234 78.37581839003239 30.989999771118164 AB 4.941067335894983 1.077659179039255
63139.1219 lsst_hardware_i 1016.4440931334656 116.3015668826447 31.290000915527344 AB 5.147548287610335 1.3489382305059627
63139.1369 lsst_hardware_r 860.079349304551 141.13705988377623 31.610000610351562 AB 5.294887223689478 1.266315503114386
63148.1709 lsst_hardware_u 1.4630287153209236 2.73219567068464 28.420000076293945 AB 3.5127306998491883 1.0926067495642888
63148.189 lsst_hardware_g 27.300560640616208 15.713024501693015 31.440000534057617 AB 3.4686790552287836 1.073119229213951
63150.1718 lsst_hardware_r 361.89539161104 30.357185531994343 31.489999771118164 AB 4.195740271361534 1.0842173060067424
63150.1896 lsst_hardware_z 679.8841021574896 48.91111520777581 30.940000534057617 AB 4.145005936229484 1.0695409460016734
63152.1718 lsst_hardware_r 324.32203082574006 29.55755907022799 31.5 AB 7.0298299909799855 1.0783601765579574
63152.1893 lsst_hardware_u -4.223046633221491 2.7415399543941024 28.40999984741211 AB 6.955562743193557 1.0676228308817932
63154.1669 lsst_hardware_g 39.61212440325708 15.644237105420112 31.450000762939453 AB 7.178329914852196 1.0778273145423718
63154.1848 lsst_hardware_r 268.73487749829144 28.76004513738816 31.510000228881836 AB 6.979236416279878 1.0673791419677627
63158.1383 lsst_hardware_z 478.23856913384833 47.61629284414506 30.940000534057617 AB 4.262030871949974 1.1009206660797246
63158.1556 lsst_hardware_r 245.52250155087523 27.588847062985 31.5 AB 4.002940077100782 1.0781846140509668
63160.1427 lsst_hardware_u 0.9832879268341321 2.8355313342190898 28.469999313354492 AB 2.861970984805434 1.0864118631424715
63160.1595 lsst_hardware_g 4.346623343461929 15.424594226067448 31.440000534057617 AB 2.8845898698707617 1.0710110902987147
63162.1369 lsst_hardware_r 65.7292923396616 33.03758911521457 31.549999237060547 AB 5.290020365698922 1.0868416036908919
63162.1531 lsst_hardware_z 405.82071409318655 47.713845531324154 30.950000762939453 AB 5.0700628576818865 1.0715739523430725
63164.1284 lsst_hardware_r 59.530724648652175 52.580781778596986 31.6299991607666 AB 4.775367954251357 1.090910077309961
63164.1471 lsst_hardware_y 221.38578666738158 51.62496131622488 30.040000915527344 AB 4.701855161164474 1.0719125697508156
63167.1351 lsst_hardware_z 426.27894221961105 82.95769704198378 30.989999771118164 AB 3.08347990558396 1.0746328667230343
63167.152 lsst_hardware_r 191.51371470604374 116.46119715087471 31.649999618530273 AB 3.0239057872631614 1.0668843186862853
63169.1113 lsst_hardware_r 40.5966737459668 132.02347334323065 31.649999618530273 AB 6.576025834839033 1.0960043058065054
63169.1282 lsst_hardware_i 184.09685322021696 104.38236098402533 31.329999923706055 AB 5.978279572540335 1.0758106122980629
63180.0903 lsst_hardware_i 98.90681652131886 33.281812329706455 31.25 AB 10.184505699904676 1.0837270634452767
63180.1082 lsst_hardware_u -0.4185197018279484 2.8482159971405094 28.5 AB 10.09560650085011 1.0692988102862944
63185.0914 lsst_hardware_i 179.78997839891719 33.094988556320615 31.25 AB 4.497834154259494 1.0709128938713082
63185.1095 lsst_hardware_r 61.221442005751676 24.72802568486657 31.5 AB 4.4808105672874925 1.0668596588779744
63188.0961 lsst_hardware_u -0.7602925661614299 2.7143866309225504 28.3700008392334 AB 5.964360309520015 1.0667311083424034
63188.1165 lsst_hardware_g 3.7129588630222075 14.656442079031871 31.420000076293945 AB 5.913896192498943 1.0732212372020768
63192.07 lsst_hardware_i 33.76284295458554 41.82866129939239 31.280000686645508 AB 4.816899685579998 1.0723285141540513
63192.0892 lsst_hardware_z 199.30981542862867 47.957714475318475 30.950000762939453 AB 4.107294865207654 1.0667374768958207
63194.0668 lsst_hardware_i 201.27535074359247 63.12564315451922 31.31999969482422 AB 8.095127790841318 1.070925756163688
63194.0865 lsst_hardware_z 97.93936393203612 60.52393136741712 30.979999542236328 AB 8.461762030086451 1.0671018575920814
63196.0616 lsst_hardware_z 250.49411134516038 72.0256228915262 30.979999542236328 AB 4.677864306979755 1.070776203337448
63196.08 lsst_hardware_r 77.22391040366054 98.95927220896708 31.649999618530273 AB 4.693067221841144 1.066929498751497
63200.044 lsst_hardware_z 437.4773171603186 81.66008769915001 31.729999542236328 AB 5.321500120119918 1.0754307321012313
63203.0369 lsst_hardware_y 105.12133560512311 50.61347057331964 30.040000915527344 AB 7.217163620067721 1.0745483249098047
63203.056 lsst_hardware_r 14.166296772354311 24.32744307704468 31.5 AB 7.0739557359820795 1.0666770884213954
63205.0381 lsst_hardware_y 33.4903820420477 49.60675736045186 30.040000915527344 AB 2.3279289422165865 1.070189147094167
63205.0571 lsst_hardware_z 120.40537951453038 42.80377277728216 30.940000534057617 AB 1.5746905154166009 1.0672250189200956
63207.0296 lsst_hardware_y 105.0530436396416 64.66335920912773 30.049999237060547 AB 5.796357370733105 1.071960307130816
63207.0488 lsst_hardware_u -3.375875130046864 2.7758973857679163 28.399999618530273 AB 4.783459658479527 1.0667840451560051
63209.0297 lsst_hardware_y 225.07910401355107 67.50619358654717 30.059999465942383 AB 5.253025461087917 1.0689917503231414
63209.0487 lsst_hardware_r 42.60869068640555 24.315243975660028 31.510000228881836 AB 5.7257721136957445 1.0678758099585277
63212.0324 lsst_hardware_y -158.019861103575 64.19000244140625 30.059999465942383 AB 14.198287998934267 1.0666515747354097
63212.0509 lsst_hardware_r -27.562247456520463 23.920000076293945 31.5 AB 14.571912854555002 1.0731673075202683
