data/validation/pwv_sim_epoch_fit_4/10499490.ecsv
# %ECSV 0.9
# ---
# datatype:
# - {name: time, datatype: float64}
# - {name: band, datatype: string}
# - {name: flux, datatype: float64}
# - {name: fluxerr, datatype: float64}
# - {name: zp, datatype: float64}
# - {name: zpsys, datatype: string}
# - {name: pwv, datatype: float64}
# - {name: airmass, datatype: float64}
# meta: {SNID: '10499490', alt: 1024.0, c: 0.08929307758808136, dec: -17.89609, lat: -30.244573, lon: -70.7499537, ra: 130.957031, t0: 60321.75390625,
#   x0: 6.994264825657697e-06, x1: 0.7080456614494324, z: 0.5341835618019104}
# schema: astropy-2.0
time band flux fluxerr zp zpsys pwv airmass
60283.3428 lsst_hardware_r 28.01449960221022 73.0199966430664 31.649999618530273 AB 4.153097301595037 1.026258548229901
60285.3437 lsst_hardware_g 38.84425265937521 74.52999877929688 31.739999771118164 AB 4.466421317435392 1.0241149481079301
60291.3265 lsst_hardware_i 69.98842101825062 68.69733766662615 31.329999923706055 AB 10.277767285513013 1.0243111425190905
60291.3456 lsst_hardware_z -19.593280079827167 74.17614317188006 31.0 AB 10.644297365848802 1.0256680322012226
60292.33 lsst_hardware_r 20.409780939353997 22.34254209706212 31.5 AB 7.369033707699435 1.023382146240981
60292.3491 lsst_hardware_y 150.28407825367103 59.04359968574035 30.06999969482422 AB 8.72888245034158 1.0288236102237354
60296.2955 lsst_hardware_z 105.5707116597863 41.50589609733401 30.950000762939453 AB 7.231137755200848 1.0339674828403438
60296.3171 lsst_hardware_y 170.81681243270393 47.00106675876903 30.049999237060547 AB 7.151164090053214 1.023532270376529
60300.2778 lsst_hardware_r 303.7438059783825 29.09005365786535 31.489999771118164 AB 4.8668296470814685 1.0406435338817488
60300.2956 lsst_hardware_u -3.074544442593853 2.8823193242574985 28.479999542236328 AB 6.232502635273743 1.026616403663435
60302.2826 lsst_hardware_g 235.29032091261357 41.299746136680824 31.690000534057617 AB 5.771177060970846 1.0311811306081557
60302.3023 lsst_hardware_r 693.8485040376219 45.31972810413443 31.610000610351562 AB 6.200775077651327 1.0233990885709403
60305.2622 lsst_hardware_i 1953.3979617716457 112.71187090980939 32.09000015258789 AB 6.566801927436048 1.0428737080706252
60305.2828 lsst_hardware_z 702.4457917137943 69.5688154490467 30.989999771118164 AB 6.438614857529989 1.0262239940809397
60307.2833 lsst_hardware_r 1651.984546260221 93.19920389459818 31.65999984741211 AB 7.3691112521640125 1.02418706090928
60307.3037 lsst_hardware_z 789.9858620289297 68.90436524629934 30.989999771118164 AB 7.14514192886621 1.026428797213076
60309.2834 lsst_hardware_r 1812.740603241303 81.08835588671755 31.649999618530273 AB 5.752708078287274 1.0233859156392748
60309.3034 lsst_hardware_i 1375.051785139519 70.16590593188538 31.31999969482422 AB 5.262552723509193 1.0292662811850757
60311.2489 lsst_hardware_i 1582.844249782192 59.41317807847318 31.299999237060547 AB 5.593402165359039 1.0394082319175617
60311.2735 lsst_hardware_z 2234.2679412848674 82.8615368522738 31.719999313354492 AB 4.966106750894479 1.023939536266903
60311.2994 lsst_hardware_i 1622.597244947306 60.263707203029696 31.299999237060547 AB 5.34762282976597 1.0302381511236776
60317.246 lsst_hardware_i 1996.4558420741043 53.44449822015057 31.25 AB 8.261860444117287 1.0282980203021082
60317.2664 lsst_hardware_z 1719.063193428924 56.19652431304535 30.950000762939453 AB 9.109569861441217 1.0235471754428334
60319.2499 lsst_hardware_r 4702.194270829519 75.26564840845161 32.2400016784668 AB 7.395841702206476 1.0243429834198359
60319.2696 lsst_hardware_g 672.4840808753428 28.25174867612405 31.399999618530273 AB 6.80927543643338 1.025840900370362
60321.2438 lsst_hardware_r 2380.3447963567087 53.433426891899686 31.5 AB 5.252695139829945 1.0245163136005335
60321.2647 lsst_hardware_i 2160.8398190992675 54.306015358439424 31.25 AB 5.958946476559555 1.0260777402599301
60323.1953 lsst_hardware_i 2191.68454239456 54.3414602298353 31.25 AB 8.508046836538457 1.0699478321399833
60323.2155 lsst_hardware_z 1729.9896243719315 57.38060445805326 30.950000762939453 AB 8.210397593200618 1.0400917491149029
60325.2041 lsst_hardware_r 2208.584350000349 51.92961132110019 31.489999771118164 AB 5.419921001534902 1.047226548456169
60325.2245 lsst_hardware_u 3.5026384053473087 2.799270852627225 28.469999313354492 AB 5.196690970344888 1.0280976596567306
60327.2057 lsst_hardware_g 381.6002603493268 24.475695803903726 31.40999984741211 AB 6.469521119520676 1.0388910908126554
60327.2247 lsst_hardware_r 2067.7073504052114 50.751093047724915 31.489999771118164 AB 6.78070188201165 1.0254111123114704
60329.2018 lsst_hardware_i 1912.9643668641363 56.59769129165529 31.270000457763672 AB 9.256149962517952 1.037297343576903
60329.2215 lsst_hardware_z 1645.9580065450411 56.61370376561866 30.940000534057617 AB 10.228541860814195 1.024647318889476
60331.1861 lsst_hardware_r 2126.1133070229553 73.81589870304943 31.639999389648438 AB 10.275459348864821 1.0493996832910175
60331.205 lsst_hardware_g 402.7981855692872 62.093133155002846 31.719999313354492 AB 10.093484674318747 1.0300525231471318
60333.1875 lsst_hardware_r 2028.2915912748683 99.78748962605783 31.65999984741211 AB 11.96986532639389 1.040857854469034
60333.208 lsst_hardware_i 1908.162523630951 82.09134393921133 31.34000015258789 AB 11.72779884280447 1.0255307594086835
60335.187 lsst_hardware_z 1286.9662164961287 80.2514775061262 30.989999771118164 AB 14.453841583264671 1.0357711816786264
60335.2067 lsst_hardware_i 1707.1618089089836 90.95945194661398 31.34000015258789 AB 14.286789158858616 1.0242160125355664
60339.1716 lsst_hardware_r 1367.7151572432233 70.65753169828729 31.639999389648438 AB 12.734588243897251 1.0403225425943348
60339.1881 lsst_hardware_i 1440.952264892913 64.90651563296726 31.309999465942383 AB 12.683226129052342 1.0271066225899779
60341.1781 lsst_hardware_z 2261.134451371897 78.1598600818957 31.709999084472656 AB 11.77396307771355 1.0297776776764376
60349.1484 lsst_hardware_r 557.1412671507323 33.00800365248152 31.5 AB 5.802274726604242 1.0361204868936147
60349.1677 lsst_hardware_i 928.176146038724 42.75094523553584 31.25 AB 5.803977856920222 1.0244121651327003
60353.1329 lsst_hardware_u 2.142933204700855 2.785372497181534 28.399999618530273 AB 3.831174950829061 1.0408444512100687
60353.1505 lsst_hardware_g 51.88836369085381 15.524452280961306 31.40999984741211 AB 3.731103466731031 1.0267914597126837
60355.131 lsst_hardware_r 378.2919510328207 29.72549075754797 31.489999771118164 AB 2.926359219362548 1.037103090146207
60355.1485 lsst_hardware_i 616.3799932126818 39.61375338818442 31.25 AB 2.896503277958922 1.0253108948527627
60360.1198 lsst_hardware_z 753.253628466688 59.139865470507246 30.979999542236328 AB 3.2897839244814455 1.0347944192340064
60360.1365 lsst_hardware_r 321.83186513368247 62.346840997102525 31.649999618530273 AB 3.978501849254232 1.0247488074663715
60361.1201 lsst_hardware_i 443.6177725873225 63.393602019073285 31.329999923706055 AB 4.708398983318305 1.0322418116014993
60361.1381 lsst_hardware_z 801.3492739330467 61.689599780056774 30.979999542236328 AB 5.245303818118625 1.0237236044144669
60364.1149 lsst_hardware_i 434.96025696080096 86.80011473703394 31.34000015258789 AB 7.986692237981599 1.030042526259096
60364.1333 lsst_hardware_z 657.7638063327755 77.33420862290016 30.989999771118164 AB 9.455244172110461 1.0233686599441296
60366.1184 lsst_hardware_z 600.6937655586385 69.68336939573253 30.989999771118164 AB 5.8668679736422025 1.0253326490789278
60366.136 lsst_hardware_r 291.82276292610845 94.3206704102643 31.65999984741211 AB 5.504678652031405 1.0241262608430521
60370.105 lsst_hardware_z 1176.0273381896545 70.70512097376645 31.709999084472656 AB 2.977798536173781 1.0263551939937205
60371.0935 lsst_hardware_g 40.59431245959934 14.530011988422393 31.420000076293945 AB 6.011678329766844 1.0316935523883377
60371.111 lsst_hardware_r 135.76236232940354 31.598160225389375 31.559999465942383 AB 5.96299087467257 1.0236894205446472
60380.0709 lsst_hardware_g 37.96238124773343 14.231074646682933 31.440000534057617 AB 8.020531105739197 1.0302544772946944
60380.0914 lsst_hardware_r 98.79075145489801 25.106679359161337 31.5 AB 8.073450595963005 1.0233374931506125
60385.0784 lsst_hardware_z 364.8074080959648 45.04171956312675 30.950000762939453 AB 8.322166017270407 1.0233534405939817
60385.0996 lsst_hardware_g 4.8781971472346335 15.94594145194691 31.469999313354492 AB 7.895492544774068 1.031865721381944
60387.0499 lsst_hardware_g -64.02857605814907 35.75413482518289 31.68000030517578 AB 7.5572449748657 1.0316236442875812
60387.0702 lsst_hardware_r 139.09113515677473 39.487522290756544 31.600000381469727 AB 7.457458676636706 1.0233804576549885
60391.0506 lsst_hardware_i 128.62126667855975 65.10175082374576 31.329999923706055 AB 6.100221861872929 1.0251612237413543
60391.0713 lsst_hardware_z 346.15895124111023 62.66110407008562 30.989999771118164 AB 6.130509689000782 1.025168844314512
60392.0439 lsst_hardware_z 381.989118245776 65.44872734863738 30.989999771118164 AB 4.348663345720987 1.026839042673228
60392.0638 lsst_hardware_r 184.44477636129093 91.52143653353063 31.670000076293945 AB 4.250754733072237 1.0238670573437427
60395.0375 lsst_hardware_i 217.3928089988404 69.11928203871777 31.34000015258789 AB 5.643077416650704 1.0260140757546734
60395.0556 lsst_hardware_r 253.03113287602483 87.15550679405584 31.65999984741211 AB 6.5157935133358365 1.0238653104093105
60397.0221 lsst_hardware_u -0.2699659532243963 7.964004967503475 29.15999984741211 AB 6.708018747283627 1.032002884197481
60397.0411 lsst_hardware_g 11.413246094689812 53.81049484943294 31.719999313354492 AB 6.652987813448766 1.0235365866844255
60399.0197 lsst_hardware_r 13.314865314499569 21.969999313354492 31.469999313354492 AB 6.1728972375062074 1.0297887845475429
60399.0386 lsst_hardware_i 3.590980058292668 29.829999923706055 31.239999771118164 AB 6.135755329570566 1.0233365386358049
60401.0171 lsst_hardware_z 59.479605318064536 40.630001068115234 30.950000762939453 AB 8.024705633286228 1.0280176317302367
60401.0356 lsst_hardware_r -4.5239671250652815 22.0 31.489999771118164 AB 8.074611522066977 1.0233981650275001
60416.9841 lsst_hardware_y 13.758856804320086 49.20000076293945 30.059999465942383 AB 11.549248582481841 1.023914941485158
60417.0017 lsst_hardware_r 48.75881746986826 44.97999954223633 31.6299991607666 AB 10.974948348613177 1.0256961073470259
60422.9658 lsst_hardware_y -73.27206411825064 78.08000183105469 30.079999923706055 AB 9.838560066353683 1.0243609456964489
60422.9839 lsst_hardware_z -57.9064843140324 59.4900016784668 30.989999771118164 AB 9.870241542331065 1.0251601103376733
60425.9647 lsst_hardware_y 73.59126262893494 65.31999969482422 30.06999969482422 AB 6.51099603322761 1.0233392586605279
60425.9829 lsst_hardware_u -11.453422683171263 8.050000190734863 29.139999389648438 AB 6.333618705066529 1.0286023069535573
60428.9629 lsst_hardware_z 8.192533921680942 61.59000015258789 30.979999542236328 AB 11.503418085794868 1.0238912403911764
60428.9816 lsst_hardware_r -0.37920162023780224 22.520000457763672 31.489999771118164 AB 11.705526024801621 1.033600531991313
60648.3419 lsst_hardware_z 19.921549532729852 43.689998626708984 30.959999084472656 AB 4.200422718617649 1.0269982197108647
60650.3409 lsst_hardware_u 7.195090335578177 3.950000047683716 28.729999542236328 AB 4.477397218687706 1.0251038220337758
60652.3422 lsst_hardware_i -7.562143957680205 31.8799991607666 31.270000457763672 AB 7.567016933963277 1.023538067626576
60654.3418 lsst_hardware_r -9.025898211153581 23.549999237060547 31.510000228881836 AB 8.671944391370124 1.023389218630491
60656.325 lsst_hardware_g -0.0014919195790120809 13.579999923706055 31.420000076293945 AB 10.249392006435434 1.0249392006435434
60656.3442 lsst_hardware_y 110.41000475786127 50.689998626708984 30.049999237060547 AB 10.630718491713738 1.0248945280032526
60658.3261 lsst_hardware_i -70.08914014017753 50.459999084472656 31.31999969482422 AB 8.448885240254716 1.0235051731535616
60658.3443 lsst_hardware_z -27.336614685310657 51.93000030517578 30.969999313354492 AB 8.585859501689917 1.0272421842612047
60660.328 lsst_hardware_r -147.7250796482551 83.4000015258789 31.65999984741211 AB 6.774761615451991 1.0236484894725455
60660.3478 lsst_hardware_y 36.03100757640462 58.66999816894531 30.059999465942383 AB 7.43181591324152 1.0332969244901775
60662.2739 lsst_hardware_z 10.511270062355333 59.33000183105469 30.989999771118164 AB 4.567998623252148 1.0578968557787114
60662.2968 lsst_hardware_r 75.18474240674065 106.37999725341797 32.40999984741211 AB 5.0123299640203065 1.0312728819737769
60663.2889 lsst_hardware_i -95.64370130138448 100.66999816894531 32.52000045776367 AB 4.425424579822991 1.0355907753095923
60663.3087 lsst_hardware_z -226.2080788716205 55.040000915527344 30.979999542236328 AB 4.525172327663662 1.0241422038392356
60665.2891 lsst_hardware_r 36.8198333522127 48.459999084472656 31.639999389648438 AB 4.764359436758086 1.0309119196706886
60665.3093 lsst_hardware_z 47.803388570148556 48.290000915527344 30.979999542236328 AB 6.145808362686328 1.0233491105808072
60670.2716 lsst_hardware_i -8.3982045020091 30.350000381469727 31.260000228881836 AB 6.506927285638756 1.0339670996009571
60670.2925 lsst_hardware_z 25.458500854002825 40.90999984741211 30.959999084472656 AB 6.141275749560234 1.0236028250836724
60672.2726 lsst_hardware_r 20.734168199688465 22.290000915527344 31.5 AB 7.39056251500811 1.0291351441247831
60672.2945 lsst_hardware_g 11.106711744893838 13.600000381469727 31.43000030517578 AB 7.119112232630591 1.023547239427383
60674.2749 lsst_hardware_r 36.06770729933567 38.380001068115234 32.689998626708984 AB 5.753196745619292 1.0252663609520802
60674.2977 lsst_hardware_i 19.840633213649255 42.45000076293945 32.0 AB 5.175097579190739 1.025872155782316
60678.2607 lsst_hardware_r -25.75103098306788 22.18000030517578 31.489999771118164 AB 4.488489697894408 1.026644487167065
60678.2828 lsst_hardware_u 1.0721790831268867 2.5999999046325684 28.389999389648438 AB 4.454621555313066 1.024482706576657
60680.2568 lsst_hardware_g 22.153044110547825 19.18000030517578 32.16999816894531 AB 10.707749114886427 1.0259412776551142
60680.2786 lsst_hardware_r 0.035249018449441324 31.329999923706055 32.2400016784668 AB 10.75525419311922 1.0248630238337413
60682.2438 lsst_hardware_i -49.242855882693064 30.020000457763672 31.25 AB 8.933207339456713 1.0301207725388275
60682.2654 lsst_hardware_z -70.08243787143222 40.68000030517578 30.950000762939453 AB 9.662448482115423 1.0233837756874233
60686.2437 lsst_hardware_r 32.45455389092139 53.7400016784668 31.639999389648438 AB 6.5583105898420175 1.0247360296628152
60686.2666 lsst_hardware_i 26.713285684860203 44.77000045776367 31.309999465942383 AB 6.27909354523497 1.0266107491255605
60688.2232 lsst_hardware_z -78.15800999835483 65.41000366210938 30.989999771118164 AB 4.561115167249986 1.0333292177729918
60688.2417 lsst_hardware_i 68.89487507893679 72.91999816894531 31.34000015258789 AB 4.5301016649007355 1.023867479918801
60690.203 lsst_hardware_r 164.95143380889624 105.87999725341797 31.65999984741211 AB 6.383556490617061 1.0496249419356372
60692.2026 lsst_hardware_y 46.78612553201146 52.630001068115234 30.049999237060547 AB 3.194033081233855 1.0431198828327415
60692.2226 lsst_hardware_r -37.19799094625459 75.87000274658203 31.649999618530273 AB 3.311068038171781 1.0265816571429582
60694.2062 lsst_hardware_i -5.777534696075406 46.02000045776367 31.309999465942383 AB 5.996338537595518 1.0338514719992273
60694.2252 lsst_hardware_z 16.06401447474854 48.66999816894531 30.969999313354492 AB 6.126439206716679 1.0238888955822978
60695.1918 lsst_hardware_r 17.207159895219863 41.040000915527344 31.610000610351562 AB 9.331361414744391 1.046351358459782
60695.2122 lsst_hardware_z -29.146218779591038 45.619998931884766 30.959999084472656 AB 10.10410960227122 1.0277107579865625
60697.1862 lsst_hardware_r 29.579862730456448 25.389999389648438 31.520000457763672 AB 10.196086753777685 1.0465306770447445
60697.2064 lsst_hardware_i -28.166822628382956 32.400001525878906 31.260000228881836 AB 9.9901486760987 1.0278988245805865
60699.0962 lsst_hardware_z 21.8859666944468 45.290000915527344 30.920000076293945 AB 17.317670661439514 1.3341554023566191
60701.1832 lsst_hardware_u 1.334869945113252 2.8399999141693115 28.56999969482422 AB 14.49398857638006 1.0374586211381032
60701.2 lsst_hardware_g -15.506505930779419 14.050000190734863 31.459999084472656 AB 14.359985287406108 1.025713234814722
60703.175 lsst_hardware_r 11.404632498213582 22.729999542236328 31.510000228881836 AB 11.027513765132921 1.0403314872766907
