data/validation/pwv_sim_epoch_fit_4/10565817.ecsv
# %ECSV 0.9
# ---
# datatype:
# - {name: time, datatype: float64}
# - {name: band, datatype: string}
# - {name: flux, datatype: float64}
# - {name: fluxerr, datatype: float64}
# - {name: zp, datatype: float64}
# - {name: zpsys, datatype: string}
# - {name: pwv, datatype: float64}
# - {name: airmass, datatype: float64}
# meta: {SNID: '10565817', alt: 1024.0, c: -0.0717957615852356, dec: -49.117878, lat: -30.244573, lon: -70.7499537, ra: 166.643829, t0: 62148.03125,
#   x0: 6.119324840939006e-05, x1: 0.7303510308265686, z: 0.21035800874233246}
# schema: astropy-2.0
time band flux fluxerr zp zpsys pwv airmass
[from data line 133]
62546.2737 lsst_hardware_i 19.15559416018 37.470001220703125 31.280000686645508 AB 3.5696962010612054 1.0603845437219215
62550.2734 lsst_hardware_z 56.75163879220813 65.37000274658203 30.989999771118164 AB 5.043775068628294 1.0656050427567305
62550.2841 lsst_hardware_r -54.63648645110846 95.20999908447266 31.649999618530273 AB 5.132281613382242 1.0738114056663337
62554.2607 lsst_hardware_z 2.280170221236574 53.599998474121094 30.969999313354492 AB 9.987438543820213 1.0645319275016216
62554.2711 lsst_hardware_r 14.96822382912035 63.599998474121094 31.639999389648438 AB 9.886633489434116 1.071983246801021
62557.252 lsst_hardware_r 3.645406575950032 30.440000534057617 31.549999237060547 AB 9.415695275030293 1.0642410453278155
62557.2634 lsst_hardware_i -53.170891107811414 34.220001220703125 31.260000228881836 AB 9.48347234239887 1.0724068311576398
62559.2592 lsst_hardware_z -90.31643197608285 41.33000183105469 30.940000534057617 AB 6.440408477974813 1.0735206930728103
62559.2705 lsst_hardware_r 27.492679316459128 22.709999084472656 31.489999771118164 AB 6.431774247805014 1.0854093909779512
62563.2442 lsst_hardware_i 26.54028027501943 30.06999969482422 31.239999771118164 AB 5.591681195153245 1.0700758195681213
62563.2547 lsst_hardware_z 10.602031065729744 41.310001373291016 30.940000534057617 AB 6.282037478276784 1.0798517367042173
62566.2472 lsst_hardware_r 28.529085668496045 21.8700008392334 31.469999313354492 AB 8.445256314872852 1.0806009103735772
62566.2601 lsst_hardware_u 3.65597523853586 2.509999990463257 28.299999237060547 AB 8.536168669139917 1.0970059119011237
62568.1866 lsst_hardware_r -7.940785812636152 21.8700008392334 31.479999542236328 AB 11.422530093713139 1.0599480437723956
62568.1987 lsst_hardware_u 1.8605697346183976 2.549999952316284 28.350000381469727 AB 11.364583695853904 1.0578840330319428
62571.1845 lsst_hardware_g 1.580419969445593 13.079999923706055 31.3799991607666 AB 9.346126662779328 1.0584514906884763
62571.196 lsst_hardware_r -9.838491489685486 21.8700008392334 31.479999542236328 AB 9.381113288820421 1.0581595272483788
62572.1809 lsst_hardware_i -28.732101325557032 30.049999237060547 31.239999771118164 AB 8.422469230867355 1.058608948723306
62572.1928 lsst_hardware_z -3.5234393439570892 41.09000015258789 30.950000762939453 AB 8.408601608900884 1.0581072052474914
62575.181 lsst_hardware_r -8.700379353182408 44.970001220703125 31.6200008392334 AB 10.873310262351746 1.0578865181467565
62575.1931 lsst_hardware_z 69.41169108838395 46.36000061035156 30.959999084472656 AB 10.774981874447139 1.0599211615162634
62578.1952 lsst_hardware_i -59.65987139954929 69.16999816894531 31.329999923706055 AB 7.328625014743706 1.0645624037879733
62578.2073 lsst_hardware_z -28.82022863216238 62.470001220703125 30.979999542236328 AB 7.36249338620929 1.073510578791156
62580.1945 lsst_hardware_r 23.261885134966683 107.83000183105469 31.649999618530273 AB 5.539209336146538 1.0676278836131834
62580.2063 lsst_hardware_z -45.56331238452916 72.1500015258789 30.979999542236328 AB 5.663770444368649 1.0777869542090674
62582.1925 lsst_hardware_y -35.73727413765208 52.7400016784668 30.040000915527344 AB 5.031848826406077 1.0702266202919695
62582.2055 lsst_hardware_r 25.6835859818203 77.36000061035156 31.639999389648438 AB 5.1276580362114865 1.082831437475369
62584.1372 lsst_hardware_g 33.640643742714936 46.130001068115234 31.690000534057617 AB 5.735954244090706 1.0622137489056862
62584.1502 lsst_hardware_r 60.82874552255815 47.630001068115234 31.6200008392334 AB 5.714678915598309 1.058273873258946
62587.1516 lsst_hardware_z -16.28166350806638 40.90999984741211 30.940000534057617 AB 7.300821498199589 1.058090072202839
62587.1641 lsst_hardware_r 29.71124585715264 22.059999465942383 31.479999542236328 AB 7.323056469111234 1.0613125317552512
62589.1482 lsst_hardware_u -1.0143870431764475 2.5799999237060547 28.3700008392334 AB 6.938555258792384 1.0583519308713047
62589.1598 lsst_hardware_r -34.44717475047593 22.010000228881836 31.479999542236328 AB 6.987438160308578 1.0618131132066357
62591.1241 lsst_hardware_g 14.45026370314919 13.15999984741211 31.3799991607666 AB 5.469785708001507 1.0598648231231727
62591.1362 lsst_hardware_i 12.661627004353154 29.959999084472656 31.239999771118164 AB 5.350023938848619 1.0578919252258874
62594.1298 lsst_hardware_z -12.968204287284554 40.900001525878906 30.93000030517578 AB 6.596615961999035 1.0579129118754098
62594.1415 lsst_hardware_r -7.211110388620882 21.93000030517578 31.469999313354492 AB 6.621154980980539 1.0600208094425518
62596.1232 lsst_hardware_u 2.508126828199532 2.569999933242798 28.3700008392334 AB 7.451790583569993 1.057891905674332
62596.1348 lsst_hardware_g -9.364871389232782 13.260000228881836 31.389999389648438 AB 7.460187335251463 1.0596355288932449
62600.1179 lsst_hardware_z 13.365966046162365 41.040000915527344 30.940000534057617 AB 7.5129947686740435 1.0583173360577607
62600.1305 lsst_hardware_r 1.005667847441192 21.969999313354492 31.469999313354492 AB 7.267776017259995 1.062152139899159
62602.1143 lsst_hardware_z -49.479897095908576 42.5099983215332 30.950000762939453 AB 4.136608350895473 1.0586329752770685
62602.1254 lsst_hardware_r -12.346970637700705 28.559999465942383 31.549999237060547 AB 3.168375914605881 1.062322184276909
62604.1107 lsst_hardware_i -92.1235843895826 41.939998626708984 31.299999237060547 AB 7.652590389407033 1.0590354815121827
62604.1212 lsst_hardware_z 26.153310952122304 46.77000045776367 30.969999313354492 AB 7.735809758783976 1.0629397490685963
62608.1114 lsst_hardware_y 15.318716618083581 57.439998626708984 30.059999465942383 AB 15.160180701200657 1.0635240413338782
62608.1222 lsst_hardware_r -55.745171738643926 104.47000122070312 31.65999984741211 AB 15.213517869770929 1.0707963683765367
62612.0499 lsst_hardware_g 30.633329990571433 39.7599983215332 31.690000534057617 AB 7.530454972673447 1.0688065911917652
62612.061 lsst_hardware_r 1.0795139207274835 48.0 31.6299991607666 AB 7.487858699639123 1.0621076169700572
62613.9836 lsst_hardware_i 20.772612229001027 31.520000457763672 31.229999542236328 AB 7.592195597429487 1.1674014911093422
62616.0527 lsst_hardware_r -34.12797540495583 22.079999923706055 31.489999771118164 AB 14.506086113970543 1.0609874829651698
62616.0659 lsst_hardware_u 2.3791438671700478 2.630000114440918 28.40999984741211 AB 14.422608599535554 1.0579771203972606
62618.0459 lsst_hardware_g 11.444555476349525 18.549999237060547 32.130001068115234 AB 4.352309017655868 1.0615387847941142
62618.0579 lsst_hardware_i -36.097112382206625 42.439998626708984 31.989999771118164 AB 4.338688454562253 1.058216696234696
62620.0479 lsst_hardware_z -13.61125842126871 41.13999938964844 30.950000762939453 AB 8.983721447841354 1.0590472657926424
62620.0601 lsst_hardware_r 10.555827186531083 22.030000686645508 31.489999771118164 AB 8.973141426225162 1.0579871198976438
62622.0815 lsst_hardware_g 1.1432140857173632 13.210000038146973 31.399999618530273 AB 10.684946733728824 1.068868777444988
62623.084 lsst_hardware_i -42.66226375730881 30.469999313354492 31.25 AB 9.560409679696747 1.0731482732927455
62623.0953 lsst_hardware_z -26.551737373412966 41.7599983215332 30.950000762939453 AB 9.623500263965202 1.0848983340465255
62625.0423 lsst_hardware_z 7.709635427684626 40.90999984741211 30.950000762939453 AB 11.62242417233195 1.0579304726316887
62625.0524 lsst_hardware_r 15.714615213438877 21.920000076293945 31.489999771118164 AB 11.586718150493423 1.0588246505065726
62627.0389 lsst_hardware_u -0.11091471473840037 2.740000009536743 28.510000228881836 AB 3.0679275080372257 1.0579060372542157
62631.0227 lsst_hardware_g -37.26757866070204 23.079999923706055 31.59000015258789 AB 8.02332387119978 1.058183527733908
62631.0348 lsst_hardware_i 68.24911313077844 32.91999816894531 31.260000228881836 AB 8.002535692171396 1.0585831419601477
62633.0242 lsst_hardware_z -40.75079085557666 46.34000015258789 30.950000762939453 AB 10.709258926198627 1.057965811429831
62633.0352 lsst_hardware_r 54.13573246472094 43.29999923706055 31.600000381469727 AB 10.78463694407905 1.0600975051315018
62637.0213 lsst_hardware_y 12.957211722509326 77.98999786376953 30.799999237060547 AB 5.582093855394448 1.0592208454258916
62639.0164 lsst_hardware_r -22.502447418082653 85.80000305175781 31.649999618530273 AB 7.774006837519585 1.0593695440635365
62639.0289 lsst_hardware_i 4.213948902166704 68.33000183105469 31.31999969482422 AB 7.813409240423195 1.0647389380544894
62643.9969 lsst_hardware_r -14.248319926953931 21.729999542236328 31.479999542236328 AB 2.082565751748585 1.0582143047504642
62644.0083 lsst_hardware_u 0.12358775081638242 2.630000114440918 28.420000076293945 AB 1.3152622687695184 1.0612659511319404
62652.0043 lsst_hardware_r -13.370666159683175 21.770000457763672 31.469999313354492 AB 9.499591594173378 1.0727032260591567
62652.0116 lsst_hardware_i 38.89741687523606 30.110000610351562 31.239999771118164 AB 9.584805267396952 1.0797955576406186
62653.9935 lsst_hardware_z 7.829481749202879 41.04999923706055 30.940000534057617 AB 10.18894162774266 1.0684152076487872
62654.0067 lsst_hardware_r -12.073552999442123 21.81999969482422 31.469999313354492 AB 11.645100664889268 1.080400859571301
62654.9917 lsst_hardware_u -0.11067070283314685 2.5299999713897705 28.329999923706055 AB 9.783415950673522 1.0691089444512767
62655.0054 lsst_hardware_r -6.8302858393080506 21.790000915527344 31.469999313354492 AB 9.720708774350793 1.0819822399797132
62656.9918 lsst_hardware_i -10.889286881027234 30.1299991607666 31.239999771118164 AB 12.603163991529385 1.073729121128836
62657.0038 lsst_hardware_z -33.51813774780557 41.34000015258789 30.940000534057617 AB 11.040621147644607 1.086532720211734
