data/validation/pwv_sim_epoch_fit_4/10637909.ecsv
# %ECSV 0.9
# ---
# datatype:
# - {name: time, datatype: float64}
# - {name: band, datatype: string}
# - {name: flux, datatype: float64}
# - {name: fluxerr, datatype: float64}
# - {name: zp, datatype: float64}
# - {name: zpsys, datatype: string}
# - {name: pwv, datatype: float64}
# - {name: airmass, datatype: float64}
# meta: {SNID: '10637909', alt: 1024.0, c: -0.020668338984251022, dec: -21.702768, lat: -30.244573, lon: -70.7499537, ra: 223.417969,
#   t0: 62145.13671875, x0: 2.1916959840513855e-05, x1: 0.45233452320098877, z: 0.3298943340778351}
# schema: astropy-2.0
time band flux fluxerr zp zpsys pwv airmass
62187.3605 lsst_hardware_z 2655.116020283771 77.96449268169064 31.709999084472656 AB 4.001518873330093 1.0367300662815675
62187.3868 lsst_hardware_y 850.3807385723128 76.83881556535904 30.81999969482422 AB 2.7370478102662505 1.0137214112097224
62189.3816 lsst_hardware_u -1.582992431162427 3.3505930213701207 28.6200008392334 AB 8.724652978605642 1.01361056968988
62191.3827 lsst_hardware_r 710.7802032336241 36.95709975733228 31.540000915527344 AB 10.831638250159568 1.0115542161322606
62193.391 lsst_hardware_z 2039.1224111894535 87.82047816549161 31.729999542236328 AB 5.958833435700199 1.0118010135330102
62195.3722 lsst_hardware_z 888.4606912752732 65.81962393161112 30.989999771118164 AB 4.843423853974609 1.0114699496657844
62195.3914 lsst_hardware_y 333.5334389398047 58.60128720968788 30.06999969482422 AB 4.876967225295743 1.013781989737197
62198.3192 lsst_hardware_i 1018.3908011865716 84.75591715101245 31.329999923706055 AB 6.3497590081947415 1.0541643576317328
62198.3361 lsst_hardware_y 398.02468890717597 59.13707097415193 30.059999465942383 AB 6.167356160275229 1.0297806245241659
62201.3592 lsst_hardware_z 3241.1299868780693 122.76350520922381 32.4900016784668 AB 7.203918603393991 1.0110053474695095
62204.2036 lsst_hardware_i 844.4663533419059 45.31380672321417 31.18000030517578 AB 13.831343139362604 1.5215859560542282
62204.2239 lsst_hardware_u -0.4093275702227116 2.7189910422374832 28.229999542236328 AB 12.02659049611495 1.3582205800461173
62205.3326 lsst_hardware_z 617.9438835292083 48.28851779659399 30.950000762939453 AB 8.763357661237103 1.0163164134726932
62205.3529 lsst_hardware_u -0.8318989608354297 3.186339703300024 28.520000457763672 AB 8.503117929056973 1.010972110855877
62207.3359 lsst_hardware_g 143.1929248567909 20.10342466148569 31.5 AB 6.95158302399508 1.0123541739534945
62207.3547 lsst_hardware_r 527.5657431079508 33.155012047478905 31.530000686645508 AB 6.894439659378505 1.0123250362497003
62209.3388 lsst_hardware_i 863.5288162317978 42.09990764709038 31.260000228881836 AB 10.534457461507873 1.0109197231310734
62209.3578 lsst_hardware_z 494.8674136555696 47.41117738885604 30.950000762939453 AB 10.620538348428893 1.0161411887957992
62210.3349 lsst_hardware_i 740.0882256340965 42.09338072658236 31.270000457763672 AB 9.119911859591113 1.010983300832277
62210.3542 lsst_hardware_u 7.670180198786071 3.4174399497057273 28.520000457763672 AB 9.190550092415384 1.0156426226561428
62212.3387 lsst_hardware_g 6.281461124030831 15.359999656677246 31.479999542236328 AB 8.922843801138056 1.0116985299298482
62212.3592 lsst_hardware_r 35.12266100823466 24.139999389648438 31.520000457763672 AB 9.00593609546058 1.0233243044610916
62215.3174 lsst_hardware_r -17.206002245129355 24.260000228881836 31.540000915527344 AB 4.84503412673801 1.011506976823816
62215.3367 lsst_hardware_i 21.251660931032976 31.399999618530273 31.280000686645508 AB 5.274815553839765 1.0137377746008518
62217.3195 lsst_hardware_z -22.2569301328314 41.400001525878906 30.959999084472656 AB 5.840841460078495 1.0109343091349106
62217.3395 lsst_hardware_u -8.153636479043241 3.0199999809265137 28.649999618530273 AB 6.338373757925049 1.018430789661787
62219.3156 lsst_hardware_g -4.178541472515328 15.289999961853027 31.479999542236328 AB 6.114983724854561 1.0110474895733432
62219.3349 lsst_hardware_r -15.00176995861018 24.049999237060547 31.520000457763672 AB 6.929543879155521 1.0190505704640471
62221.3113 lsst_hardware_z 5.929839851086876 41.36000061035156 30.959999084472656 AB 6.40820355863289 1.011182972643507
62221.3299 lsst_hardware_r -7.454511859376779 24.18000030517578 31.530000686645508 AB 6.463287279076048 1.019392347259773
62223.3161 lsst_hardware_z -0.8215609785075771 78.04000091552734 31.739999771118164 AB 7.415866833583538 1.0142974605977302
62225.2912 lsst_hardware_z -48.164880771855294 79.66000366210938 31.010000228881836 AB 6.812078655030729 1.0113068483671952
62225.3096 lsst_hardware_r -139.3698587448827 118.68000030517578 31.670000076293945 AB 6.465918509964959 1.0138243910415052
62227.2859 lsst_hardware_i 165.9239972778125 105.33999633789062 31.350000381469727 AB 4.741896930632739 1.0112810685930347
62227.3041 lsst_hardware_r -247.2848733262137 128.22000122070312 31.670000076293945 AB 5.110431923088102 1.0138069611019285
62231.2875 lsst_hardware_r 97.79594586849811 39.18000030517578 31.610000610351562 AB 7.08300522437586 1.0118578891965515
62231.3061 lsst_hardware_i -32.4286891950809 39.0 31.290000915527344 AB 6.965979807336121 1.0222290420920275
62233.2724 lsst_hardware_z 29.932875893942423 41.689998626708984 30.950000762939453 AB 8.08769088877516 1.010961361096895
62233.2915 lsst_hardware_r -1.3586378292302648 26.760000228881836 31.549999237060547 AB 8.12554450662686 1.0156930633283574
62235.2739 lsst_hardware_u -0.7587618532109526 2.7699999809265137 28.450000762939453 AB 5.388231342791014 1.0113046814547697
62235.293 lsst_hardware_g -1.8419523811584686 15.350000381469727 31.459999084472656 AB 8.032357066175718 1.020413770845952
62237.2671 lsst_hardware_r 0.6107012496332784 24.049999237060547 31.520000457763672 AB 3.46458872409691 1.0111159270675354
62237.2837 lsst_hardware_z -0.42168555027855265 41.29999923706055 30.950000762939453 AB 3.500063343803366 1.0176081825275087
62241.2017 lsst_hardware_r -15.360944402827421 24.389999389648438 31.510000228881836 AB 10.438003227877756 1.0543437603916925
62241.2202 lsst_hardware_u 2.9034749759589733 2.809999942779541 28.469999313354492 AB 10.351469413491836 1.028121444809651
62243.259 lsst_hardware_g 1.7617111198056103 15.739999771118164 31.510000228881836 AB 13.725086590595069 1.013220625320764
62243.2775 lsst_hardware_r -5.503176653220119 24.579999923706055 31.540000915527344 AB 13.758603588385345 1.026148835649265
62245.2527 lsst_hardware_i 7.764637266864571 31.440000534057617 31.270000457763672 AB 9.85505752576408 1.0129048281786401
62245.2708 lsst_hardware_z 20.102754967465163 41.650001525878906 30.959999084472656 AB 9.90976592902462 1.024918476447481
62247.2523 lsst_hardware_r -6.801970232090383 24.520000457763672 31.540000915527344 AB 8.407550286186591 1.015159416347089
62247.2696 lsst_hardware_u -1.399813877251955 2.990000009536743 28.610000610351562 AB 8.492662350734754 1.0293720274818903
62249.229 lsst_hardware_z -5.678666237363542 43.15999984741211 30.959999084472656 AB 4.5749410595637885 1.0109436095159832
62249.2451 lsst_hardware_g 12.44099861187698 15.619999885559082 31.479999542236328 AB 4.6001380189970495 1.014288847346108
62251.2348 lsst_hardware_r 67.41550557743187 60.2599983215332 31.649999618530273 AB 12.857381727909681 1.0123922620401324
62251.2514 lsst_hardware_z 54.357847684789746 51.7599983215332 30.979999542236328 AB 13.84665563969052 1.022144855292115
62253.2328 lsst_hardware_r 27.952013273646404 118.79000091552734 31.670000076293945 AB 2.8608296616689106 1.013669824313548
62253.2505 lsst_hardware_y -61.74962132294436 61.2400016784668 30.06999969482422 AB 2.7645044027425922 1.0264566611872614
62255.2145 lsst_hardware_z 24.107411493397418 110.41000366210938 31.010000228881836 AB 10.609039504542245 1.0108981868131983
62255.2326 lsst_hardware_r 100.92245829476713 166.42999267578125 31.670000076293945 AB 10.648837380701094 1.0163690551699949
62258.2162 lsst_hardware_i -31.268443679613167 55.38999938964844 31.329999923706055 AB 8.136817601277425 1.0125562445202174
62258.2359 lsst_hardware_z 80.73438633648809 54.209999084472656 30.979999542236328 AB 8.261172792095957 1.0255001448773804
62260.2205 lsst_hardware_r -8.46968795496955 38.040000915527344 31.610000610351562 AB 9.67779155659658 1.0173405984823918
62260.2385 lsst_hardware_z 66.02518913132353 45.130001068115234 30.959999084472656 AB 9.853547389236706 1.0346379954397857
62262.2167 lsst_hardware_g -2.008648018021817 17.709999084472656 31.530000686645508 AB 2.492196562134813 1.0184701929444748
62262.2364 lsst_hardware_i 23.295338932020787 32.97999954223633 31.260000228881836 AB 2.5604361502230555 1.0391380479801362
62265.1904 lsst_hardware_r 6.860174295219787 24.850000381469727 31.540000915527344 AB 7.748285776928679 1.0110855733269537
62265.2089 lsst_hardware_u 0.3453769639640052 3.059999942779541 28.639999389648438 AB 8.471921740444154 1.0187496080380367
62267.1931 lsst_hardware_g 8.25455447763373 15.920000076293945 31.5 AB 7.878272514986997 1.0130763315063742
62267.212 lsst_hardware_r 8.970915101021076 24.860000610351562 31.540000915527344 AB 7.7195716960865495 1.026174897565557
62269.1642 lsst_hardware_i -32.90539137355256 44.869998931884766 32.02000045776367 AB 7.015865597510557 1.0131945407625904
62269.183 lsst_hardware_z -56.3295203993562 58.79999923706055 31.709999084472656 AB 5.99486478703562 1.011677693711396
62271.1486 lsst_hardware_r 5.423992592706482 24.760000228881836 31.530000686645508 AB 7.117789585639722 1.018828353643188
62271.1694 lsst_hardware_u 1.2987497347473496 2.869999885559082 28.510000228881836 AB 6.577051308591289 1.0109208897312238
62276.1298 lsst_hardware_z -7.787743682609141 41.93000030517578 30.950000762939453 AB 7.877184874885985 1.0230110227124656
62276.151 lsst_hardware_g -12.506403581412973 15.8100004196167 31.469999313354492 AB 7.7883578042189185 1.0114750395089505
62278.1305 lsst_hardware_r 24.73077331130509 39.33000183105469 31.610000610351562 AB 5.0103790318411425 1.0181110554922632
62278.1517 lsst_hardware_z 7.725166798914945 45.06999969482422 30.969999313354492 AB 5.029719323667183 1.0108972613138745
62281.1212 lsst_hardware_r -111.62758849976738 104.44999694824219 31.670000076293945 AB 5.847964605787031 1.018897918945384
62281.143 lsst_hardware_y 80.53699415948611 59.06999969482422 30.06999969482422 AB 5.696832548679259 1.0108981971778817
62284.1279 lsst_hardware_z 93.03703511614607 91.04000091552734 31.010000228881836 AB 7.279503311984511 1.0117447271694944
62284.1504 lsst_hardware_r -6.567284462369244 138.1199951171875 31.670000076293945 AB 7.304871815681723 1.0147064614088122
62286.0892 lsst_hardware_i 36.701570479476466 61.18000030517578 31.329999923706055 AB 12.534061314302253 1.0380891419119818
62286.1097 lsst_hardware_z -62.25729604357313 57.33000183105469 30.979999542236328 AB 12.39288276685259 1.0174084504496894
62287.1289 lsst_hardware_r -109.46013844133476 56.5099983215332 31.649999618530273 AB 8.26190026182383 1.010959774257515
62287.1483 lsst_hardware_z -14.145607816555476 50.310001373291016 30.969999313354492 AB 8.346307817212425 1.0183702305722453
62305.0848 lsst_hardware_g -23.03724317905743 28.299999237060547 32.31999969482422 AB 5.2412732391655315 1.011698604909059
62305.1047 lsst_hardware_r -40.71906955149961 37.060001373291016 32.279998779296875 AB 5.230573779590666 1.0227950292512058
62307.0618 lsst_hardware_r 1.4524331855764294 44.41999816894531 31.6299991607666 AB 3.7831030469811493 1.0126982369004593
62307.0852 lsst_hardware_i -40.25413800623095 42.4900016784668 31.309999465942383 AB 3.8426471531807227 1.0136013417046426
62309.065 lsst_hardware_z -9.14000097792869 70.76000213623047 31.0 AB 3.030835433386066 1.0109524460927504
62309.0876 lsst_hardware_r 33.31525630887036 89.66000366210938 31.65999984741211 AB 2.6283052942120517 1.0179338862169063
62311.071 lsst_hardware_z -135.1162286141957 118.83000183105469 31.75 AB 3.4421549596102547 1.012398517532428
62313.0665 lsst_hardware_r 130.69475120318165 104.94999694824219 31.670000076293945 AB 3.97532669354686 1.0127145806721647
62313.0889 lsst_hardware_z 131.66825497259438 71.41000366210938 31.0 AB 5.075518253481432 1.0288212675975337
62320.092 lsst_hardware_g -2.049108249346244 15.300000190734863 31.450000762939453 AB 6.808008162639451 1.0624232463545056
62320.1243 lsst_hardware_r -0.5744425481787686 24.520000457763672 31.479999542236328 AB 7.393345627050478 1.1488080427384963
62324.0505 lsst_hardware_r -16.762113339104722 24.260000228881836 31.510000228881836 AB 3.252835010963261 1.0208175148166518
62324.081 lsst_hardware_i -5.080484511420694 31.809999465942383 31.25 AB 3.373422890586162 1.0622723492976263
62326.0398 lsst_hardware_z 13.070481517656985 41.38999938964844 30.959999084472656 AB 2.503404177531086 1.0170238381194743
62326.0647 lsst_hardware_r 0.025721552180113495 24.389999389648438 31.530000686645508 AB 3.018558700801937 1.043581227589205
62330.9955 lsst_hardware_r 13.962058198801632 24.450000762939453 31.520000457763672 AB 8.72185150931784 1.0129712753509812
62331.0157 lsst_hardware_z -9.982285179791392 41.349998474121094 30.950000762939453 AB 7.056655090977591 1.0121905461598266
62332.996 lsst_hardware_r 13.522356773982693 25.700000762939453 31.530000686645508 AB 4.302315553937222 1.0113576760548244
62333.0174 lsst_hardware_u -0.327954141226899 3.1600000858306885 28.559999465942383 AB 4.456266939901626 1.0151142443633991
62334.9773 lsst_hardware_z -94.59941672020902 45.40999984741211 30.969999313354492 AB 2.0096720838462963 1.0165260919809287
62334.9997 lsst_hardware_g -46.020882785663794 32.04999923706055 31.68000030517578 AB 2.104174363151153 1.0111361668193912
62345.9615 lsst_hardware_y -49.884768538774665 74.22000122070312 30.079999923706055 AB 4.502626625719841 1.0112013083419293
62345.9831 lsst_hardware_r 2.4192335084915153 25.09000015258789 31.530000686645508 AB 4.543788007367758 1.0157688497999795
