data/validation/pwv_sim_epoch_fit_4/10826190.ecsv
# %ECSV 0.9
# ---
# datatype:
# - {name: time, datatype: float64}
# - {name: band, datatype: string}
# - {name: flux, datatype: float64}
# - {name: fluxerr, datatype: float64}
# - {name: zp, datatype: float64}
# - {name: zpsys, datatype: string}
# - {name: pwv, datatype: float64}
# - {name: airmass, datatype: float64}
# meta: {SNID: '10826190', alt: 1024.0, c: -0.11072319746017456, dec: -21.061817, lat: -30.244573, lon: -70.7499537, ra: 36.386719, t0: 60552.2734375,
#   x0: 3.6451977954379334e-06, x1: 0.7304309606552124, z: 0.6973651051521301}
# schema: astropy-2.0
time band flux fluxerr zp zpsys pwv airmass
60527.3791 lsst_hardware_z 92.14718703712359 42.13639152585421 30.940000534057617 AB 3.0328612228577314 1.0487676408936886
60527.4004 lsst_hardware_y 55.16428387373835 47.01848407513872 30.049999237060547 AB 2.9505756698588304 1.023261893483208
60529.4117 lsst_hardware_u -2.5080729254696807 3.030928758017317 28.530000686645508 AB 1.4200185893589752 1.014298992399268
60529.426 lsst_hardware_y 73.49366197082225 49.55037174126176 30.059999465942383 AB 1.8732313967536511 1.014019160999811
60535.3824 lsst_hardware_g 164.44229072260296 18.803636136061435 31.440000534057617 AB 3.537119628591748 1.0203720261334914
60535.4031 lsst_hardware_y 105.30604004680869 48.05138901056911 30.059999465942383 AB 3.591686250175956 1.0133125264990708
60537.377 lsst_hardware_i 705.3526622832475 40.06202600193494 31.260000228881836 AB 4.97003185956565 1.0203309093750053
60537.398 lsst_hardware_z 406.572361964836 45.556699246081045 30.950000762939453 AB 4.881392936315081 1.013315260016624
60539.3755 lsst_hardware_r 1062.128352297346 56.18209531394967 31.6299991607666 AB 2.4566624124353784 1.0178837424633844
60539.3959 lsst_hardware_y 269.37168341043656 50.139306691101055 30.059999465942383 AB 2.4755835774692545 1.013544965187003
60541.3798 lsst_hardware_z 588.396683293458 64.98524093758887 30.989999771118164 AB 1.6879571423890174 1.0140926058209776
60541.3993 lsst_hardware_r 1303.4223558474189 90.12260627696003 31.65999984741211 AB 1.6745161176628256 1.0159357607540274
60543.3682 lsst_hardware_i 1063.701343195353 80.67404722783805 31.34000015258789 AB 1.9627818770940428 1.0161079605321321
60543.3877 lsst_hardware_z 592.919953724268 69.71257159875572 30.989999771118164 AB 1.2586316577468888 1.0140033496450263
60546.3693 lsst_hardware_r 1397.1293527134058 68.3277358781469 31.649999618530273 AB 1.9791949853473736 1.0135424326449232
60546.3879 lsst_hardware_z 698.1407389417973 57.27752169768303 30.979999542236328 AB 2.2362903856961913 1.0169578834452893
60549.3079 lsst_hardware_g 331.59627836920765 26.379544712938323 31.520000457763672 AB 3.279189513806294 1.0689523569943369
60549.3243 lsst_hardware_r 1320.1418415227117 44.705642520622824 31.540000915527344 AB 3.193383828296207 1.040924809571209
60555.3129 lsst_hardware_z 794.3486575544875 48.979339921848975 30.950000762939453 AB 1.603918130892718 1.0344521966413394
60555.3297 lsst_hardware_r 1140.8329090198279 39.87008443380227 31.489999771118164 AB 1.6199037507531826 1.0191278708731464
60559.3321 lsst_hardware_i 1113.9630766750413 44.42528965463133 31.25 AB 1.8631121425428132 1.0138006489146039
60559.3497 lsst_hardware_z 766.0900628760867 48.41900641846235 30.950000762939453 AB 2.424931127420408 1.015748866554206
60568.2789 lsst_hardware_r 690.7873454755397 63.474699412644924 31.649999618530273 AB 4.119742545495919 1.0326894749740174
60568.2961 lsst_hardware_i 858.958505546187 56.581886526025365 31.31999969482422 AB 2.6539527968420864 1.0180102788040224
60571.2722 lsst_hardware_i 691.2522140099596 90.28227618581695 31.34000015258789 AB 5.761789445686632 1.0310082214702179
60571.2938 lsst_hardware_z 518.0668591275063 76.5860332256217 31.0 AB 5.658259830275821 1.0152987314330049
60574.1889 lsst_hardware_z 996.7342223697837 93.15058224909467 31.709999084472656 AB 2.821163613128188 1.2373524618981595
60574.211 lsst_hardware_i 1290.872012809417 96.2287058635276 32.06999969482422 AB 2.39289373269481 1.1462963988952057
60578.2394 lsst_hardware_u 0.11047626010848853 4.003141275813924 29.1299991607666 AB 3.1723238364006514 1.0495116353333984
60578.2574 lsst_hardware_g 151.36792783845667 22.83974826943102 32.16999816894531 AB 3.262328731992282 1.0265889962738601
60580.2528 lsst_hardware_r 289.2014765457402 27.912218127010426 31.489999771118164 AB 3.5687926329683455 1.0257853264897399
60580.2717 lsst_hardware_i 420.44945169963944 36.47630109191671 31.260000228881836 AB 3.5242189069622367 1.0145043152026585
60582.2925 lsst_hardware_z 344.3052904991446 44.863186679570155 30.950000762939453 AB 3.869340550158267 1.0185155436058393
60582.311 lsst_hardware_r 261.90888599898074 27.216471809134053 31.489999771118164 AB 3.895294114742773 1.0352941168751557
60584.2203 lsst_hardware_r 224.72148544408833 27.057948053400388 31.5 AB 3.501752271857854 1.0540303324126283
60584.239 lsst_hardware_u 5.6011541011729635 2.8660722677341908 28.459999084472656 AB 3.4449588313542963 1.0285761980605497
60586.22 lsst_hardware_g 8.015614401183605 14.812391631608516 31.420000076293945 AB 2.720206712959505 1.0456970962171757
60586.2378 lsst_hardware_i 318.93135721428695 34.79707290157195 31.25 AB 2.6907209343498653 1.0245486661018048
60588.2218 lsst_hardware_z 285.6242334478357 44.439150080621104 30.950000762939453 AB 4.992683230871021 1.0356831484312725
60588.2404 lsst_hardware_r 114.38488296515692 25.925487428710625 31.5 AB 4.916644863752537 1.018641891661437
60590.2162 lsst_hardware_u 2.238411109649855 2.916175843859724 28.510000228881836 AB 3.4122854920045116 1.0358569669631708
60590.2339 lsst_hardware_g 34.47578226427902 15.067571131300395 31.440000534057617 AB 3.4451637263009944 1.0192792089651033
60594.2048 lsst_hardware_z 295.8434487767951 45.39624040072475 30.959999084472656 AB 6.351424614323273 1.0364596302748255
60594.2216 lsst_hardware_r 89.25816666278027 31.318006635082774 31.56999969482422 AB 5.610995802530721 1.0201810550055856
60596.2018 lsst_hardware_z 333.75070741270474 49.67146121181221 30.969999313354492 AB 8.38645232998214 1.033450687613484
60596.2191 lsst_hardware_r 108.18351225345266 49.15797105922065 31.6299991607666 AB 6.4154365942819185 1.018323268933638
60599.2466 lsst_hardware_i 224.1319825190422 80.96451933161397 31.34000015258789 AB 5.318753865056296 1.0188207767563666
60599.2647 lsst_hardware_z 115.27158948470714 71.50865621710012 30.989999771118164 AB 6.4015651885115705 1.0354331077252843
60601.182 lsst_hardware_z 265.7541358762977 78.49349273439415 31.0 AB 2.6843418791633624 1.0413844093482592
60601.2007 lsst_hardware_r 375.9631370056586 113.24502331069155 31.670000076293945 AB 2.6421410403624566 1.0214462784906404
60603.1874 lsst_hardware_y 174.69935003866883 73.49143601646395 30.809999465942383 AB 2.62660837105465 1.0282950689240802
60605.1773 lsst_hardware_r 107.78770504796502 31.98427038299223 31.579999923706055 AB 3.3253655391053547 1.033364058143367
60605.1943 lsst_hardware_i 51.907188555609146 38.138400438205394 31.290000915527344 AB 3.296736668340648 1.0184543306583471
60607.1631 lsst_hardware_z 137.01411352287238 43.05047445076614 30.959999084472656 AB 4.572302965721858 1.0450381042733232
60607.1805 lsst_hardware_r 76.27781922415986 24.252010717943318 31.510000228881836 AB 4.705513676820868 1.0245153610061088
60611.1664 lsst_hardware_i 47.78120981384041 32.098345391286784 31.270000457763672 AB 2.9227684740258844 1.027455521687168
60611.1833 lsst_hardware_z 75.67672455128613 42.3421499651596 30.959999084472656 AB 2.0615458946498393 1.0157900441733625
60613.1421 lsst_hardware_z 221.16765956530537 42.72171293490812 30.959999084472656 AB 3.9153346724826625 1.0523678732650619
60613.1588 lsst_hardware_r 118.01942686266025 24.05253787439055 31.520000457763672 AB 3.850830091199306 1.0296337142244134
60615.1471 lsst_hardware_u 1.511444832228024 3.018737713250641 28.479999542236328 AB 4.043989068088313 1.0369202738687981
60615.1661 lsst_hardware_g 21.906418307300846 14.626890820882522 31.450000762939453 AB 3.97406603696192 1.0189912915286974
60620.1588 lsst_hardware_z 90.94436934020833 41.871604426690126 30.950000762939453 AB 4.53028537166101 1.0157590519419304
60620.1771 lsst_hardware_r 75.64746047641819 23.588663055078655 31.5 AB 5.4647809757496 1.0139210493528643
60622.1327 lsst_hardware_r 18.05049713370215 27.18532657612928 31.549999237060547 AB 6.86063076333376 1.0312860974571605
60622.1512 lsst_hardware_z 73.03455705846513 42.57685954264681 30.959999084472656 AB 6.689353728666404 1.0166963642626954
60624.1302 lsst_hardware_g -66.48117232112092 36.51288419975208 31.68000030517578 AB 2.9432618577500484 1.028153886033448
60624.1488 lsst_hardware_i 88.99218639617993 39.30436838288445 31.290000915527344 AB 2.894571744112576 1.0154016875973673
60626.1318 lsst_hardware_z 97.18113172426848 55.93080624283963 30.979999542236328 AB 5.109617783790013 1.0219235567580027
60626.1499 lsst_hardware_r -37.81795286648396 67.03578602815719 31.649999618530273 AB 5.068365919378843 1.0136731838757687
60629.1391 lsst_hardware_y 146.41456238525925 81.54107392376203 30.81999969482422 AB 5.918640751509551 1.0141894761975527
60633.1098 lsst_hardware_i 58.43576792697775 31.31173237315328 31.25 AB 5.899401008981075 1.0242608384132526
60633.1295 lsst_hardware_z 103.01175786296278 46.06528209028679 30.969999313354492 AB 5.46694353599891 1.0138990237387482
60640.0979 lsst_hardware_g 9.589342292032876 13.550000190734863 31.440000534057617 AB 3.8895042775904316 1.0189506032197786
60640.1185 lsst_hardware_i 4.402979548733412 29.84000015258789 31.260000228881836 AB 3.8631691098453382 1.013378859750477
60642.0855 lsst_hardware_z -22.359958828885407 40.689998626708984 30.950000762939453 AB 5.12601367928643 1.024025106984254
60642.0995 lsst_hardware_r 20.32138297471263 22.15999984741211 31.5 AB 5.100296527397813 1.0154559053752368
60644.0763 lsst_hardware_r 17.36946695289338 22.260000228881836 31.5 AB 8.549041778439062 1.0274467324459797
60644.0961 lsst_hardware_u 2.3375403204090865 2.7100000381469727 28.489999771118164 AB 9.029489790923344 1.0147489439972173
60646.0779 lsst_hardware_g -24.584990473031414 13.640000343322754 31.450000762939453 AB 6.772092190965011 1.0213897830727574
60646.0973 lsst_hardware_r 19.573823078864244 22.170000076293945 31.510000228881836 AB 6.6347620326996015 1.0134249304407104
60648.0783 lsst_hardware_i 9.593982375118564 29.950000762939453 31.25 AB 1.4527065437919853 1.0176578240224066
60648.0976 lsst_hardware_z 10.355409395156425 40.560001373291016 30.959999084472656 AB 3.7876298138462716 1.013457852438353
60650.0791 lsst_hardware_r 30.556086820533583 23.229999542236328 31.520000457763672 AB 4.540356387313244 1.0149449843103384
60650.0985 lsst_hardware_u -0.1969152722274787 3.0199999809265137 28.59000015258789 AB 5.784152865848176 1.0147636606749713
60652.0638 lsst_hardware_g 5.053726251990464 25.469999313354492 31.6299991607666 AB 5.485829038278924 1.0197971938801218
60652.0828 lsst_hardware_i 11.2768183533434 33.880001068115234 31.280000686645508 AB 5.419377644215711 1.0133150258747317
60654.0659 lsst_hardware_z -5.260099401662652 49.5099983215332 30.979999542236328 AB 10.239742219548408 1.0157802611813114
60654.0845 lsst_hardware_r -74.00865961226495 51.52000045776367 31.639999389648438 AB 10.731124199857412 1.0139644913250603
60656.0548 lsst_hardware_y 20.891633432296583 74.02999877929688 30.809999465942383 AB 11.671042550417537 1.0185933452972833
60658.0464 lsst_hardware_z 65.5168529832577 61.849998474121094 30.989999771118164 AB 7.844623260638252 1.0204832898539036
60658.0658 lsst_hardware_r -53.16586458992668 85.66000366210938 31.670000076293945 AB 7.778215402301245 1.0133370260764063
60663.0523 lsst_hardware_y 14.881196067776395 47.279998779296875 30.059999465942383 AB 5.261714678219766 1.0133297406297095
60663.0753 lsst_hardware_i -2.460858641834433 29.950000762939453 31.260000228881836 AB 5.214000363107609 1.0211016622980063
60665.0329 lsst_hardware_y -170.39920596178501 68.04000091552734 30.079999923706055 AB 4.626393280277993 1.01712504787901
60665.0543 lsst_hardware_r 25.558462090629682 22.59000015258789 31.510000228881836 AB 5.5167901657158485 1.0139294551949731
60668.0338 lsst_hardware_y 131.62135196570978 72.20999908447266 30.079999923706055 AB 5.738791490066281 1.0139207579622405
60668.0546 lsst_hardware_g -8.819689025365808 14.069999694824219 31.440000534057617 AB 7.26741446636988 1.0168482533048664
60887.4164 lsst_hardware_g 8.182703093977974 13.869999885559082 31.420000076293945 AB 4.559677224232075 1.0219672523493633
60887.4354 lsst_hardware_y -55.00808300424258 59.06999969482422 30.06999969482422 AB 3.530092179936425 1.0135690807110376
60889.4127 lsst_hardware_i -24.309996787649045 30.100000381469727 31.25 AB 1.9224504636126587 1.0206798320215869
60889.431 lsst_hardware_z -69.84277194437328 44.630001068115234 30.959999084472656 AB 1.2408049740882559 1.0134535590157276
60893.3843 lsst_hardware_r 23.16589494346212 39.439998626708984 31.600000381469727 AB 2.9953008879941527 1.0382625337511147
60893.4077 lsst_hardware_y -22.01388903801207 46.619998931884766 30.049999237060547 AB 2.9415959718392424 1.017120059417113
60895.4243 lsst_hardware_z 8.736647204161669 54.349998474121094 30.979999542236328 AB 1.8906358874467157 1.0141082893510007
60898.3939 lsst_hardware_z -62.56737293617904 59.95000076293945 30.989999771118164 AB 6.15810535792933 1.0171961278376824
60900.3911 lsst_hardware_r -13.099983021507068 68.3499984741211 31.65999984741211 AB 4.477448611359872 1.0159664051492572
60900.4129 lsst_hardware_y 39.00958305266914 51.11000061035156 30.059999465942383 AB 4.548406699335378 1.014703111954351
60903.3589 lsst_hardware_i 23.811617801135203 35.5099983215332 31.280000686645508 AB 5.581018379778829 1.0358237527429952
60903.3786 lsst_hardware_z -14.391561258417894 42.9900016784668 30.959999084472656 AB 4.891101028621063 1.0180779577709451
60905.3896 lsst_hardware_g 11.853438205951242 15.75 31.479999542236328 AB 2.4568221617766963 1.0133314752636404
60905.413 lsst_hardware_y -5.489261683506513 47.16999816894531 30.049999237060547 AB 2.466607282467952 1.022004260396914
60907.3295 lsst_hardware_r -14.56220325714772 22.329999923706055 31.479999542236328 AB 2.5973800892816175 1.0653732933886866
60907.3476 lsst_hardware_i 3.134675253452848 30.020000457763672 31.239999771118164 AB 2.7206351477662243 1.036300843486373
60913.3146 lsst_hardware_r -16.067097657237454 22.25 31.489999771118164 AB 2.8948097774999475 1.0625104707285546
60913.3329 lsst_hardware_i 17.57166376099064 29.940000534057617 31.25 AB 2.825863313606249 1.0342308089323833
60931.2773 lsst_hardware_r -7.902862751560638 40.45000076293945 31.610000610351562 AB 3.647032229218517 1.0427540326571885
60931.2933 lsst_hardware_i 30.167184390114834 39.279998779296875 31.290000915527344 AB 2.7778839375185886 1.0243879183252838
60933.2575 lsst_hardware_z 49.51040788750804 41.15999984741211 30.950000762939453 AB 2.763836746099715 1.0673931820673461
60933.2758 lsst_hardware_r 4.832956721018091 22.940000534057617 31.5 AB 2.6673598567804717 1.0373450311565224
60935.257 lsst_hardware_u -0.20593072927475764 2.619999885559082 28.399999618530273 AB 2.0922641631487733 1.0579458097836372
60935.276 lsst_hardware_r 37.93643530075156 22.170000076293945 31.489999771118164 AB 2.0490260761579853 1.0306108187565823
60937.2622 lsst_hardware_g 25.009091183640162 13.670000076293945 31.40999984741211 AB 5.8193792603520675 1.0409407495487109
60937.2818 lsst_hardware_i -38.68368526945026 30.0 31.25 AB 5.667028345292361 1.02058049530281
60939.2467 lsst_hardware_z -44.46769633845382 41.0 30.940000534057617 AB 3.4868476541732463 1.0568340030832921
60939.265 lsst_hardware_r -2.211369469376326 22.360000610351562 31.489999771118164 AB 4.01456553864057 1.0306971857871894
60942.2427 lsst_hardware_u -1.357400730432824 2.6500000953674316 28.40999984741211 AB 4.0578928847823565 1.0497265374102844
60942.2612 lsst_hardware_g 20.70501652608836 13.729999542236328 31.420000076293945 AB 4.139460322189702 1.0262488661090516
60944.2478 lsst_hardware_r -9.767257027264964 22.479999542236328 31.5 AB 3.215794012649 1.0347937399921698
60944.2655 lsst_hardware_i -30.886009105172597 30.110000610351562 31.260000228881836 AB 3.247623495575726 1.018755736574247
60946.2466 lsst_hardware_z -39.348919740090416 40.810001373291016 30.950000762939453 AB 3.8785435518744116 1.0299296884816673
60946.2646 lsst_hardware_r 29.978828376742516 22.43000030517578 31.5 AB 3.441149459641624 1.0163625369984082
60949.2188 lsst_hardware_r -1.4241987907067064 35.279998779296875 31.59000015258789 AB 4.452718796532601 1.057904204450606
