data/validation/pwv_sim_epoch_fit_4/10864315.ecsv
# %ECSV 0.9
# ---
# datatype:
# - {name: time, datatype: float64}
# - {name: band, datatype: string}
# - {name: flux, datatype: float64}
# - {name: fluxerr, datatype: float64}
# - {name: zp, datatype: float64}
# - {name: zpsys, datatype: string}
# - {name: pwv, datatype: float64}
# - {name: airmass, datatype: float64}
# meta: {SNID: '10864315', alt: 1024.0, c: -0.0838191956281662, dec: -34.048595, lat: -30.244573, lon: -70.7499537, ra: 138.164062, t0: 61029.96875,
#   x0: 1.122232326216503e-05, x1: 0.7861810922622681, z: 0.4380960762500763}
# schema: astropy-2.0
time band flux fluxerr zp zpsys pwv airmass
[from data line 132]
61412.1516 lsst_hardware_i 4.0656810974124635 32.18000030517578 31.209999084472656 AB 10.509064407726052 1.3159908679374779
61412.173 lsst_hardware_z 46.67778621748128 43.11000061035156 30.93000030517578 AB 9.586030953196017 1.2090217188328547
61414.214 lsst_hardware_i 36.96837956324801 29.8799991607666 31.239999771118164 AB 7.412694397276034 1.066459647847502
61414.2318 lsst_hardware_z -6.480980405253621 40.52000045776367 30.950000762939453 AB 7.194403962437056 1.0355757979685567
61419.2094 lsst_hardware_g -2.34000280961928 13.15999984741211 31.399999618530273 AB 8.284414579356318 1.0493685077718693
61419.2274 lsst_hardware_r -2.257964352726433 21.799999237060547 31.5 AB 8.076546417702566 1.0237407127043212
61421.2112 lsst_hardware_i -1.8807348915221709 29.81999969482422 31.25 AB 5.252869094923994 1.0377404290126753
61421.2288 lsst_hardware_z -28.37614403297169 40.369998931884766 30.950000762939453 AB 5.165545597488247 1.0167062585267512
61423.1373 lsst_hardware_r 3.4701935382683935 44.15999984741211 31.56999969482422 AB 5.54228362016112 1.2342241666097584
61423.1547 lsst_hardware_i -11.609912426892693 41.2400016784668 31.270000457763672 AB 5.037489357637273 1.1629895781224069
61425.1346 lsst_hardware_z -46.259727836418456 53.380001068115234 30.950000762939453 AB 9.017905348231777 1.2216900830768511
61425.1522 lsst_hardware_r 12.428598215565824 61.02000045776367 31.6200008392334 AB 8.431086042483752 1.1525749887195835
61427.1423 lsst_hardware_z 107.3235375114866 92.66000366210938 31.719999313354492 AB 11.958800464674734 1.1683650495505578
61429.1385 lsst_hardware_r -178.7464893781161 90.08000183105469 31.6299991607666 AB 16.450158681929025 1.162336333453935
61429.156 lsst_hardware_z -7.151254435159123 64.66000366210938 30.979999542236328 AB 15.66827051215454 1.1071939401814581
61431.1318 lsst_hardware_r 46.709212623308545 60.95000076293945 31.610000610351562 AB 15.334077512803104 1.1668215810529878
61431.1515 lsst_hardware_y 0.7150396446406516 51.869998931884766 30.030000686645508 AB 14.527698831673002 1.1045789755876751
61433.1239 lsst_hardware_g -6.727154939164719 13.34000015258789 31.3700008392334 AB 14.40938860324637 1.1758926557243652
61433.143 lsst_hardware_r -1.1176723972211038 31.389999389648438 31.559999465942383 AB 13.213067812227964 1.1129918134685917
61435.123 lsst_hardware_i 15.86215770921218 31.059999465942383 31.239999771118164 AB 14.764372166251112 1.1591946270634932
61435.1421 lsst_hardware_z 4.0656331158471755 41.70000076293945 30.950000762939453 AB 13.220818655502857 1.1005197307558618
61439.1214 lsst_hardware_g 10.541376385919783 13.4399995803833 31.399999618530273 AB 8.205765914624502 1.1284056538262537
61439.1408 lsst_hardware_i 33.08155956076311 30.31999969482422 31.25 AB 8.073142836458835 1.07707725874152
61441.1225 lsst_hardware_z 7.281242846640233 41.72999954223633 30.950000762939453 AB 6.875716989722539 1.109225154289504
61441.1407 lsst_hardware_r -6.57380791289566 22.1299991607666 31.5 AB 6.774413037553734 1.0656060776353486
61444.1236 lsst_hardware_u 3.786188454578628 2.6500000953674316 28.40999984741211 AB 9.149218008183414 1.085284304520437
61444.1428 lsst_hardware_g -8.46956544170727 13.300000190734863 31.389999389648438 AB 8.910290158573602 1.0465559515585583
61446.1205 lsst_hardware_r 13.13582715022975 22.290000915527344 31.489999771118164 AB 3.705854859749251 1.079768321403185
61446.1398 lsst_hardware_i -20.2961687428895 30.149999618530273 31.260000228881836 AB 3.627565627966192 1.042553708281705
61449.1143 lsst_hardware_z -12.25608458926033 41.529998779296875 30.950000762939453 AB 3.672554202331589 1.0752873106741263
61449.1352 lsst_hardware_r -36.900813325156214 22.1200008392334 31.489999771118164 AB 3.779730301817636 1.0370815964744857
61451.1162 lsst_hardware_z 52.32971798652486 43.209999084472656 30.950000762939453 AB 1.5694736352110068 1.060037351411723
61451.1342 lsst_hardware_r 8.042562524075352 29.920000076293945 31.56999969482422 AB 3.039377654436731 1.0308799280169805
61453.1096 lsst_hardware_i 47.805709527495885 44.689998626708984 31.299999237060547 AB 2.506148896609215 1.0622650828056437
61453.1289 lsst_hardware_z -86.71587996977762 47.43000030517578 30.959999084472656 AB 3.274090474240569 1.030668564818647
61455.034 lsst_hardware_y -22.504274108413046 56.11000061035156 29.959999084472656 AB 7.90074843305511 1.3171206856806053
61455.0543 lsst_hardware_r 2.8108455615407575 80.61000061035156 31.610000610351562 AB 3.5402561577206484 1.2146002771149087
61457.0317 lsst_hardware_y 10.133162872635198 61.79999923706055 29.969999313354492 AB 5.028254024226834 1.2991226002394611
61457.0509 lsst_hardware_r 36.68902565170559 107.22000122070312 31.6200008392334 AB 3.9035827976088555 1.205770896839205
61459.0297 lsst_hardware_z -38.25227783963244 56.84000015258789 30.950000762939453 AB 9.085901879575975 1.2803356414536708
61459.0502 lsst_hardware_g -34.00894843969686 60.08000183105469 31.670000076293945 AB 8.48303351653609 1.1863552921524494
61461.0271 lsst_hardware_y -83.12044713057723 72.30000305175781 30.729999542236328 AB 12.089293602615884 1.2654970797253098
61461.0461 lsst_hardware_i -17.21534913924976 44.40999984741211 31.979999542236328 AB 10.619099483178276 1.181048183865233
61469.0212 lsst_hardware_y 55.986259239894174 49.18000030517578 30.0 AB 13.579432037108749 1.193114443360607
61469.0429 lsst_hardware_u -0.6456704384958757 2.619999885559082 28.3799991607666 AB 11.964553837643324 1.118182601648909
61471.0184 lsst_hardware_z -84.4887231372672 43.650001525878906 30.93000030517578 AB 7.646249291844773 1.1825773176885548
61471.0397 lsst_hardware_r 1.573273095763672 22.31999969482422 31.469999313354492 AB 7.123241778276738 1.1117037500236813
61475.0152 lsst_hardware_y 31.39556040970885 49.25 30.020000457763672 AB 9.32790110568099 1.1542289309758003
61475.0368 lsst_hardware_u -0.9113601244974372 2.5799999237060547 28.3700008392334 AB 8.798121036663426 1.0905184419604719
61478.0134 lsst_hardware_y -54.168297618108845 48.959999084472656 30.020000457763672 AB 15.62794640406877 1.1331099172159358
61478.0364 lsst_hardware_i -2.2193470719457924 30.8799991607666 31.25 AB 14.760909982297102 1.0724807446570914
61487.9995 lsst_hardware_y -45.0379952395965 55.16999816894531 30.049999237060547 AB 6.082590458747561 1.0950414892128248
61488.0186 lsst_hardware_r 22.318468930823933 67.80999755859375 31.649999618530273 AB 5.042090434845114 1.0536183125786467
61490.9947 lsst_hardware_y -28.740865154449512 51.099998474121094 30.040000915527344 AB 6.62852386965005 1.0866432573196805
61491.0107 lsst_hardware_r -31.49643050738398 22.079999923706055 31.5 AB 5.777260940086071 1.053091677011684
61492.9944 lsst_hardware_y -25.150721263341275 50.66999816894531 30.049999237060547 AB 8.116539722634693 1.0747536708996916
61493.0126 lsst_hardware_z -72.7778828066906 40.79999923706055 30.959999084472656 AB 6.765083488374525 1.0407820751345422
61497.9885 lsst_hardware_y -153.66811647608912 51.70000076293945 30.049999237060547 AB 9.659072541062896 1.058818584934272
61498.0064 lsst_hardware_r -11.596593786022314 21.760000228881836 31.489999771118164 AB 6.342835166549471 1.0301827459069728
61499.9943 lsst_hardware_z -47.01930437414531 61.220001220703125 31.700000762939453 AB 9.427798550926681 1.039534531623528
61501.9863 lsst_hardware_y 1.0600904227721546 49.599998474121094 30.049999237060547 AB 11.801274517863288 1.0434986899784797
61502.0053 lsst_hardware_g -17.019385934344296 13.029999732971191 31.399999618530273 AB 10.848499219884156 1.0189413960223737
