data/validation/pwv_sim_epoch_fit_4/10861418.ecsv
# %ECSV 0.9
# ---
# datatype:
# - {name: time, datatype: float64}
# - {name: band, datatype: string}
# - {name: flux, datatype: float64}
# - {name: fluxerr, datatype: float64}
# - {name: zp, datatype: float64}
# - {name: zpsys, datatype: string}
# - {name: pwv, datatype: float64}
# - {name: airmass, datatype: float64}
# meta: {SNID: '10861418', alt: 1024.0, c: -0.0674743801355362, dec: -5.979157, lat: -30.244573, lon: -70.7499537, ra: 63.105469, t0: 62876.46484375,
#   x0: 3.0982497135716164e-06, x1: 1.1978095769882202, z: 0.7454165816307068}
# schema: astropy-2.0
time band flux fluxerr zp zpsys pwv airmass
62749.3327 lsst_hardware_i 25.346951865249846 32.29999923706055 31.219999313354492 AB 2.3171741953746556 1.256204668827462
62749.3524 lsst_hardware_z 58.82214956498613 43.13999938964844 30.940000534057617 AB 1.4608881646203433 1.185545274595531
62750.4107 lsst_hardware_r -22.37804784817742 28.420000076293945 31.540000915527344 AB 0.7991338667986156 1.097711355492604
62752.3817 lsst_hardware_r 14.221350008866134 23.229999542236328 31.489999771118164 AB 2.49977508689958 1.1115051520229349
62754.3908 lsst_hardware_z -7.445894341251516 50.25 30.959999084472656 AB 2.5204617717503 1.1002379505639726
62754.4088 lsst_hardware_y -50.29314580482564 61.709999084472656 30.040000915527344 AB 2.5046184087590815 1.0985168459469656
62756.3838 lsst_hardware_z 5.766663246819587 60.310001373291016 30.979999542236328 AB 3.402110501045628 1.1010066346425982
62756.403 lsst_hardware_y -25.924399106425806 58.11000061035156 30.040000915527344 AB 3.3984384328150927 1.0984259755375094
62759.3849 lsst_hardware_r -41.61705772518224 76.01000213623047 31.639999389648438 AB 1.30599783314727 1.0978615760257262
62759.4029 lsst_hardware_y -7.703800236227278 63.5099983215332 30.049999237060547 AB 1.304823299031931 1.101891596649062
62761.3842 lsst_hardware_z 113.38023648647122 81.63999938964844 31.729999542236328 AB 0.7683400588358185 1.0976286554797408
62763.375 lsst_hardware_r 1.4748213562079204 42.939998626708984 31.600000381469727 AB 7.684132325867114 1.0977331894095876
62763.3953 lsst_hardware_y -18.578267854868066 52.060001373291016 30.030000686645508 AB 7.328127323143641 1.104104762043589
62766.3663 lsst_hardware_r 33.88641206477272 24.690000534057617 31.510000228881836 AB 1.6785242071341655 1.0977921563992847
62766.3858 lsst_hardware_y -61.0968846582188 48.880001068115234 30.030000686645508 AB 1.544447150609194 1.1031765361494243
62769.3516 lsst_hardware_u 1.005442472454502 2.559999942779541 28.299999237060547 AB 6.424285423444633 1.0994840704166753
62769.3714 lsst_hardware_y -92.64591961568709 47.849998474121094 30.020000457763672 AB 6.563331717486327 1.0997539741097537
62775.3309 lsst_hardware_r -0.0012583331415270667 22.979999542236328 31.479999542236328 AB 4.860512828155501 1.1015742603662364
62775.3501 lsst_hardware_g 4.584736591351691 13.989999771118164 31.40999984741211 AB 4.592584558490892 1.0981789953349543
62777.3189 lsst_hardware_r -18.21614558682757 23.1200008392334 31.489999771118164 AB 3.531082821142816 1.1062289539922538
62777.3392 lsst_hardware_i -19.383075381950594 31.15999984741211 31.25 AB 3.1830379349616655 1.0975992879178158
62779.3127 lsst_hardware_u 2.078327172785967 2.7100000381469727 28.440000534057617 AB 7.646532490755619 1.1068696834589808
62779.3312 lsst_hardware_g -1.6500783541147301 13.829999923706055 31.40999984741211 AB 7.596854256657655 1.097745211390112
62784.3349 lsst_hardware_z 69.04241523871767 85.18000030517578 31.729999542236328 AB 3.3061275584714522 1.1020425194904842
62786.3198 lsst_hardware_z -84.02081471616647 72.0 30.989999771118164 AB 5.797161637852279 1.0981205943840149
62786.3383 lsst_hardware_r 62.74618854926032 103.94000244140625 31.649999618530273 AB 6.107911604076239 1.1090842122221782
62792.2967 lsst_hardware_z 115.6512632660396 68.47000122070312 31.709999084472656 AB 6.696423403358115 1.097654366193624
62795.2868 lsst_hardware_r -14.72553763315036 24.579999923706055 31.510000228881836 AB 2.178006778640458 1.0978317866042282
62795.3037 lsst_hardware_i -36.671753055100886 32.22999954223633 31.25 AB 2.5545111547667463 1.1013593165379079
62797.2331 lsst_hardware_z -2.543774341041537 42.650001525878906 30.940000534057617 AB 4.123333268079306 1.154698821893578
62797.2498 lsst_hardware_u -0.11781376614212576 2.690000057220459 28.40999984741211 AB 3.985080912919449 1.1231380279732057
62798.3127 lsst_hardware_g -18.28015010470905 14.039999961853027 31.40999984741211 AB 3.5280022644191846 1.1172519244456893
62798.3323 lsst_hardware_r 1.1236008298550404 23.170000076293945 31.479999542236328 AB 3.7382185797426364 1.1516976368911844
62802.2832 lsst_hardware_i -2.706648861326274 31.25 31.25 AB 2.469795473557378 1.1006218687868625
62802.3011 lsst_hardware_u 1.5984365411340702 2.7799999713897705 28.469999313354492 AB 3.1374881550520786 1.1163782909006656
62808.2713 lsst_hardware_r 19.964811645958488 23.469999313354492 31.510000228881836 AB 5.858434544715994 1.1032833417544246
62808.2894 lsst_hardware_i -28.69355946674897 31.600000381469727 31.25 AB 5.9572561657215735 1.1228101085106943
62816.1216 lsst_hardware_r 73.45264516705413 137.72000122070312 31.559999465942383 AB 2.7299379705832103 1.411428506980064
62816.1396 lsst_hardware_z 8.444976372956193 92.33999633789062 30.959999084472656 AB 3.655813018586242 1.3037849566990312
62818.2388 lsst_hardware_r -29.240009972723698 89.26000213623047 31.639999389648438 AB 7.3604331136239125 1.1002690388595215
62818.2556 lsst_hardware_i 137.7072928273169 73.5199966430664 31.31999969482422 AB 5.0065830980996 1.1141420736073127
62820.1957 lsst_hardware_z 106.77909651836579 51.77000045776367 30.959999084472656 AB 4.277016703482073 1.111876092759937
62820.2139 lsst_hardware_i 16.31424273746019 49.95000076293945 31.299999237060547 AB 8.000098923896713 1.0989146873484497
62821.2242 lsst_hardware_r 77.96621745819185 45.31999969482422 31.600000381469727 AB 8.114974793525604 1.0981021371482549
62821.2454 lsst_hardware_z -69.98660536060112 48.29999923706055 30.950000762939453 AB 8.345493317413707 1.1118429679474695
62828.2238 lsst_hardware_i -56.865528961874084 31.399999618530273 31.239999771118164 AB 6.85657664772637 1.1092391039246343
62828.2431 lsst_hardware_z 97.14161323396539 42.77000045776367 30.940000534057617 AB 6.9943771637755585 1.1367118010415218
62830.2167 lsst_hardware_r 17.32196599416771 23.5 31.479999542236328 AB 6.894696754081302 1.107670777424902
62830.2358 lsst_hardware_g -10.148721148786587 14.40999984741211 31.399999618530273 AB 7.031576348947124 1.1333483255747658
62834.1472 lsst_hardware_i 27.714548183587116 31.729999542236328 31.25 AB 5.731615477126622 1.1255381574510157
62834.167 lsst_hardware_z 31.259525188382685 42.47999954223633 30.950000762939453 AB 4.845878853977684 1.1033421798674146
62837.1883 lsst_hardware_r 12.367280357268397 27.6200008392334 31.530000686645508 AB 6.943872529259329 1.1009495858033447
62837.2057 lsst_hardware_z -25.894795206825325 42.560001373291016 30.940000534057617 AB 7.064908624518381 1.1165696909469573
62839.189 lsst_hardware_y -9.210226247609766 49.650001525878906 30.040000915527344 AB 4.108842192304702 1.1049977882083957
62839.2078 lsst_hardware_r -21.201508690594967 43.0 31.600000381469727 AB 4.263591678880689 1.1275117382499564
62841.1837 lsst_hardware_i 96.087906275276 65.08000183105469 31.31999969482422 AB 5.746644476687663 1.1051239378245505
62841.203 lsst_hardware_z 111.69452888916098 61.939998626708984 30.969999313354492 AB 5.868680182546087 1.1285923427973243
62843.1421 lsst_hardware_r 84.10820939731197 117.73583366946293 31.649999618530273 AB 4.08319768468652 1.1035669418071676
62843.1603 lsst_hardware_z -31.270021362589308 80.15610305537123 30.989999771118164 AB 4.061149040483684 1.0976078487793741
62850.1562 lsst_hardware_i 125.63677051244223 42.321099404892934 31.280000686645508 AB 8.688055938440385 1.1029784161487657
62850.1743 lsst_hardware_z 56.98445481885079 48.6654223320182 30.950000762939453 AB 8.945369745970405 1.122167140338975
62852.1205 lsst_hardware_r 248.45282410196774 36.85409546513853 32.25 AB 10.650660245636082 1.1016499844643033
62852.1416 lsst_hardware_u -4.593192963650586 4.000789462992477 29.25 AB 10.317833444554319 1.0985963100446594
62854.1189 lsst_hardware_g 32.01701466410973 15.489719705756585 31.43000030517578 AB 3.349735076164879 1.0997160460160469
62854.1389 lsst_hardware_r 252.82542097028414 27.857514531364465 31.5 AB 3.9583910060824103 1.099553057245114
62856.1182 lsst_hardware_i 387.27738048432394 37.40750514527739 31.25 AB 3.40436619107227 1.0981826422813774
62856.1382 lsst_hardware_z 248.40921255284889 45.41856970711201 30.950000762939453 AB 4.562059743598778 1.1019467979708018
62859.0901 lsst_hardware_z 716.3381995573138 65.33821640245515 31.700000762939453 AB 6.84539105927705 1.1109040992010792
62859.1107 lsst_hardware_r 938.5176522536386 45.30735784792642 32.2400016784668 AB 6.777082485169073 1.0980366955879528
62862.0886 lsst_hardware_u -0.5556094035418273 3.043582139491502 28.440000534057617 AB 5.53070953305343 1.104760955416484
62862.1089 lsst_hardware_r 639.1972736881717 34.61686902264238 31.489999771118164 AB 5.580344884076321 1.0976288127609484
62864.0857 lsst_hardware_i 889.521812334819 42.840669499245074 31.25 AB 8.271861870413291 1.1029149160551055
62864.1082 lsst_hardware_z 570.5022882762428 47.88306083016181 30.950000762939453 AB 8.238123849087371 1.0984165132116495
62867.0781 lsst_hardware_r 990.9481093750633 48.92196507698841 31.59000015258789 AB 7.601189384667525 1.102526840466488
62867.1019 lsst_hardware_z 533.8698645811605 51.53775629414399 30.950000762939453 AB 7.6127105117734315 1.0989878059791125
62869.0812 lsst_hardware_y 313.57395529128405 53.86471465700142 30.030000686645508 AB 7.1539210767978805 1.0985610457684376
62869.1032 lsst_hardware_r 1155.257435514268 70.31088039994036 31.6299991607666 AB 4.692262983900464 1.1022464138831258
62871.0841 lsst_hardware_i 1202.3744773167655 80.36495191018494 31.31999969482422 AB 11.494917527818972 1.097611324191767
62871.1053 lsst_hardware_z 547.3834022152764 72.47768497380896 30.979999542236328 AB 11.517910560276114 1.1081662448551464
62873.0487 lsst_hardware_y 326.41314328520826 63.09070848045508 30.040000915527344 AB 10.84204628808187 1.1144909195468748
62873.0692 lsst_hardware_r 942.5403999167834 109.36112181506586 31.649999618530273 AB 10.626830780779393 1.0988915548088938
62875.0471 lsst_hardware_y 234.26437093363435 61.80084022054314 30.040000915527344 AB 9.441973491826351 1.1101782488748295
62875.0667 lsst_hardware_r 1069.3638298327426 98.63154519183512 31.639999389648438 AB 9.255289430436337 1.0980944925474654
62880.0392 lsst_hardware_y 175.01394732030624 68.25671902009161 30.040000915527344 AB 6.961190563570661 1.104950883106454
62880.0582 lsst_hardware_z 666.290890008714 49.3146129744114 30.950000762939453 AB 7.246873917316873 1.0975677378811903
62882.039 lsst_hardware_y 393.64962135708106 64.56284902041097 30.049999237060547 AB 3.2160030211722357 1.1014023303766325
62882.0588 lsst_hardware_u -1.7041072074317165 2.8183639134487852 28.399999618530273 AB 3.701425972863984 1.0983459860130516
62884.0395 lsst_hardware_y 397.8909874600419 61.251434601083496 30.040000915527344 AB 8.07639784952175 1.0987798081069
62884.0586 lsst_hardware_r 723.5365876663338 34.87781045780784 31.5 AB 4.290974038700468 1.1002497535129405
62886.0468 lsst_hardware_z 1149.1866607543552 78.14444484480701 31.709999084472656 AB 9.031378947624164 1.098095621576477
63113.4033 lsst_hardware_y -44.93389879994761 80.0999984741211 30.799999237060547 AB 2.6215082507918464 1.102825556862477
63118.3888 lsst_hardware_r 22.46688430871014 34.56999969482422 31.579999923706055 AB 3.960839867932868 1.1034004646483986
63118.4097 lsst_hardware_y -11.721926511456054 64.20999908447266 30.049999237060547 AB 3.9484763931682845 1.097968130834208
63121.3867 lsst_hardware_r 15.071543497568701 23.899999618530273 31.489999771118164 AB 3.3814327719751667 1.0999510236839793
63121.4051 lsst_hardware_y 39.2829057366102 55.869998931884766 30.030000686645508 AB 3.386281310594524 1.0988473695817818
63123.3841 lsst_hardware_z 29.82854651444802 42.310001373291016 30.950000762939453 AB 1.32614573055285 1.0988640220020853
63123.4021 lsst_hardware_y -8.58836520978103 53.2400016784668 30.030000686645508 AB 1.333180714008418 1.0997572398503046
63125.379 lsst_hardware_u 3.400729555542616 2.6500000953674316 28.3700008392334 AB 4.69349902341464 1.0987512345098651
63125.3975 lsst_hardware_y 50.488958039222105 50.79999923706055 30.030000686645508 AB 4.623498987031108 1.1001345939953462
63136.3351 lsst_hardware_i -12.002425907423795 30.829999923706055 31.239999771118164 AB 5.478940403316691 1.1070057388166805
63136.3542 lsst_hardware_z -6.697826506928503 41.72999954223633 30.940000534057617 AB 5.4841793433158665 1.0977140398950895
63139.2759 lsst_hardware_y 71.92931585353722 78.51000213623047 30.75 AB 3.055373621385694 1.2144578819684773
63139.304 lsst_hardware_r -125.20163605452497 124.88999938964844 32.380001068115234 AB 4.2670840685735305 1.139028113066102
63142.288 lsst_hardware_i -130.13291249062084 78.66000366210938 31.31999969482422 AB 3.0358700482527734 1.1556414344319654
63142.3078 lsst_hardware_z -8.677520118311598 69.41000366210938 30.979999542236328 AB 3.577642608096167 1.1192958415151217
63144.3319 lsst_hardware_r -16.052276337122667 72.37000274658203 31.639999389648438 AB 7.581123410428229 1.0977589647304125
63144.3517 lsst_hardware_z -12.403881873668183 59.709999084472656 30.969999313354492 AB 8.387926935627258 1.1036745967930603
63146.3359 lsst_hardware_r -39.044015914994866 46.52000045776367 31.610000610351562 AB 3.954826414838721 1.0985628930107558
63146.3543 lsst_hardware_i -82.3451076430427 44.459999084472656 31.290000915527344 AB 3.9988329488759944 1.1107869302433317
63148.3219 lsst_hardware_z -24.334877605143774 43.369998931884766 30.950000762939453 AB 2.969577481459043 1.097675264216009
63148.3412 lsst_hardware_i 14.994483717419564 34.06999969482422 31.260000228881836 AB 3.158661682719428 1.1039768215947205
63150.3228 lsst_hardware_u 0.7266216598236364 2.690000057220459 28.360000610351562 AB 4.970784942140988 1.0980509048780536
63150.3414 lsst_hardware_g 5.454058013065591 15.350000381469727 31.43000030517578 AB 4.7866092547229115 1.1087813886316682
63152.3216 lsst_hardware_r 4.806146658158883 22.989999771118164 31.479999542236328 AB 5.753572744955231 1.0992337675443842
63152.3407 lsst_hardware_i 15.361057433890632 31.18000030517578 31.239999771118164 AB 6.094474869004023 1.1138920803589663
63154.3145 lsst_hardware_z -3.1049178296890845 41.72999954223633 30.940000534057617 AB 6.256669078992216 1.0986892552667202
63154.3335 lsst_hardware_u -0.517732364458807 2.6600000858306885 28.399999618530273 AB 6.534688804255437 1.1119089338532306
63156.2911 lsst_hardware_r 21.06460731732027 23.040000915527344 31.5 AB 6.808898089859038 1.0999687279156027
63156.3102 lsst_hardware_g -7.726662237439765 14.0600004196167 31.420000076293945 AB 5.944735665298714 1.09906216561516
63158.2827 lsst_hardware_r 40.69601664185969 22.84000015258789 31.489999771118164 AB 4.040468725891006 1.1014453591706512
63158.3012 lsst_hardware_i -24.903904869360787 30.860000610351562 31.25 AB 4.172764883694149 1.098096022024776
63160.287 lsst_hardware_z 23.9040352973834 41.790000915527344 30.940000534057617 AB 2.170953711885521 1.0979199486945757
63160.3043 lsst_hardware_i -36.76767060354014 30.90999984741211 31.25 AB 2.5492818215738846 1.1013205838962674
63162.2893 lsst_hardware_u 1.1306236848930058 2.680000066757202 28.399999618530273 AB 3.9776704725222913 1.0979193943707302
63162.3056 lsst_hardware_g 35.58627917695332 14.069999694824219 31.399999618530273 AB 3.5063910961763987 1.1060298387118992
63164.2808 lsst_hardware_r -1.099882348586076 22.950000762939453 31.489999771118164 AB 4.170972218733454 1.0976242680877513
63164.2987 lsst_hardware_i -38.749133149977844 31.059999465942383 31.25 AB 4.177401377106742 1.1048647048837865
63167.2855 lsst_hardware_z 158.94542120434008 84.33999633789062 31.719999313354492 AB 2.4422870646683252 1.1014937714141315
63169.28 lsst_hardware_z 21.742861054052746 80.62999725341797 30.989999771118164 AB 3.747202953453076 1.1014705918439378
63169.2963 lsst_hardware_r 79.22909506608723 119.94000244140625 31.639999389648438 AB 4.990078934222823 1.116348754859692
63171.2722 lsst_hardware_r -324.6649397751211 112.5 31.639999389648438 AB 5.509736346093358 1.1002602035732383
63171.2911 lsst_hardware_i -0.6769820869718519 91.25 31.31999969482422 AB 5.586561867516578 1.1166795884032668
