data/validation/pwv_sim_epoch_fit_4/11127628.ecsv
# %ECSV 0.9
# ---
# datatype:
# - {name: time, datatype: float64}
# - {name: band, datatype: string}
# - {name: flux, datatype: float64}
# - {name: fluxerr, datatype: float64}
# - {name: zp, datatype: float64}
# - {name: zpsys, datatype: string}
# - {name: pwv, datatype: float64}
# - {name: airmass, datatype: float64}
# meta: {SNID: '11127628', alt: 1024.0, c: 0.03248186036944389, dec: -47.161343, lat: -30.244573, lon: -70.7499537, ra: 333.864624, t0: 63098.41015625,
#   x0: 3.880887717892467e-06, x1: 0.8973531126976013, z: 0.6805471777915955}
# schema: astropy-2.0
time band flux fluxerr zp zpsys pwv airmass
63019.4149 lsst_hardware_i -22.61266156730592 30.239999771118164 31.25 AB 7.993122270576642 1.04683678483094
63019.427 lsst_hardware_y -111.82144275094203 48.18000030517578 30.049999237060547 AB 6.769302069128493 1.0443767656150929
63020.4235 lsst_hardware_r -8.589916017699343 22.770000457763672 31.5 AB 11.22753166112914 1.0444215498724982
63020.4364 lsst_hardware_y -113.41856334272572 59.369998931884766 30.059999465942383 AB 11.302935577448485 1.045664448388598
63022.4246 lsst_hardware_y 133.4787180369605 76.61000061035156 30.809999465942383 AB 4.5958970004502255 1.0445220455568693
63031.405 lsst_hardware_r 3.6280626228041095 23.950000762939453 31.510000228881836 AB 12.962075280039604 1.0453286516160971
63031.4163 lsst_hardware_i 49.14034873400393 30.989999771118164 31.25 AB 13.014135381944575 1.049527046931014
63036.4078 lsst_hardware_z -8.395122289489747 40.95000076293945 30.950000762939453 AB 3.0796442954328564 1.0525399887555162
63036.4215 lsst_hardware_r 10.303622220957942 22.3700008392334 31.489999771118164 AB 2.7858055514935463 1.0639952454859338
63040.2413 lsst_hardware_r 4.971256475156159 23.260000228881836 31.440000534057617 AB 4.093180081057148 1.2987350865333105
63040.265 lsst_hardware_u 5.209132948609699 2.549999952316284 28.270000457763672 AB 4.579072485909924 1.2053362689944522
63044.3452 lsst_hardware_u 1.7020352920302229 2.6700000762939453 28.440000534057617 AB 7.541140690247624 1.047380651423281
63044.3585 lsst_hardware_g 14.563015184394976 13.520000457763672 31.40999984741211 AB 7.519582771060638 1.0443864959806441
63046.3322 lsst_hardware_r -15.394901231941024 22.309999465942383 31.489999771118164 AB 2.006031517335574 1.0511037554811304
63046.3447 lsst_hardware_z -18.85618885341172 41.06999969482422 30.950000762939453 AB 2.2828367082963075 1.0457337188714189
63048.394 lsst_hardware_y -12.372082499036923 47.47999954223633 30.030000686645508 AB 10.376648767443447 1.069757604891077
63048.4062 lsst_hardware_g -15.743117414433815 13.59000015258789 31.389999389648438 AB 10.535870478143256 1.0861722142415728
63053.4024 lsst_hardware_z 13.56763189910995 68.36000061035156 30.979999542236328 AB 5.45058877413928 1.1026884026176975
63053.4132 lsst_hardware_r -2.1774246879034953 96.26000213623047 31.639999389648438 AB 5.569461323290768 1.1243865390223622
63061.2986 lsst_hardware_z 14.84577572706685 40.959999084472656 30.950000762939453 AB 6.380839623591426 1.0474559237643415
63061.3096 lsst_hardware_r -29.779557420970033 22.6200008392334 31.5 AB 6.329507233124218 1.0446024232577
63066.3451 lsst_hardware_r 9.673794075538682 22.838533954227454 31.489999771118164 AB 2.391897310635542 1.0700405505378208
63066.3567 lsst_hardware_z 38.94357382497069 42.03660238648555 30.950000762939453 AB 2.4736008446503925 1.0856268793725663
63068.3418 lsst_hardware_r 3.5537353026990597 22.93732160906109 31.489999771118164 AB 4.524428769357947 1.0726478827306654
63068.3542 lsst_hardware_u 1.673584331600561 2.8065102673269675 28.459999084472656 AB 4.683683078927146 1.0902428023573432
63070.3336 lsst_hardware_g 9.937026602677399 14.08660308296088 31.40999984741211 AB 4.7145586925606375 1.0693640357381655
63070.3466 lsst_hardware_r 48.55315120505061 23.35060856210976 31.489999771118164 AB 4.819406846861845 1.0868799504292828
63071.1655 lsst_hardware_r 1.7609664786669177 24.230447911100978 31.459999084472656 AB 7.815122098425928 1.2605035642622464
63071.1778 lsst_hardware_i 63.1618373441297 32.749448026551384 31.229999542236328 AB 6.7086366949229825 1.2141046999423257
63075.0939 lsst_hardware_z 317.4079581598624 74.40112533077118 31.639999389648438 AB 6.2253274221733 1.638244058466658
63080.3182 lsst_hardware_z 406.46602132549765 75.98947916679184 30.989999771118164 AB 1.4896294464454303 1.085208435972873
63080.3289 lsst_hardware_r 563.3058745279849 110.0617833725213 31.649999618530273 AB 1.4832762414464271 1.1030809926473182
63084.2307 lsst_hardware_z 605.7840700117606 58.8735072144703 30.969999313354492 AB 2.371597047367292 1.0498437571348462
63084.2426 lsst_hardware_r 909.0173481813891 72.03456868838252 31.639999389648438 AB 2.346766066283888 1.045330096340262
63086.2414 lsst_hardware_z 1305.0910732416673 73.66569905661999 31.709999084472656 AB 3.2382578319848667 1.0445993006402796
63089.2125 lsst_hardware_g 236.0944046977106 20.565963692028408 31.420000076293945 AB 6.736269774512292 1.0525421522675455
63089.2251 lsst_hardware_r 1084.6014935479748 40.27189865889 31.489999771118164 AB 6.772244782116981 1.0463913445792614
63092.057 lsst_hardware_g 188.99162807553648 19.986460552805394 31.239999771118164 AB 5.243299953956614 1.557261643586758
63092.0621 lsst_hardware_r 1046.4325091143235 41.07444851477853 31.399999618530273 AB 5.068141214053177 1.517975653778563
63101.2491 lsst_hardware_z 861.0041642529502 50.95433889233516 30.940000534057617 AB 2.2292532792178146 1.0695282004883166
63101.2619 lsst_hardware_r 1102.489371398307 39.86847604095711 31.489999771118164 AB 2.069968239328658 1.086787665030797
63111.0059 lsst_hardware_y 462.451770100377 89.78057388452538 30.6200008392334 AB 2.4329156297608456 1.5511097416390471
63112.1462 lsst_hardware_i 1036.1244851110355 71.23828963489032 31.329999923706055 AB 1.4769961383756347 1.054997241696882
63112.1575 lsst_hardware_z 766.1327480304676 65.1453641246168 30.979999542236328 AB 1.4675573806272735 1.048255271876624
63114.1444 lsst_hardware_r 743.7997530239835 55.048755790251825 31.6299991607666 AB 1.5113123954078809 1.052445957804931
63114.1566 lsst_hardware_g 44.00403655562187 51.48398155470852 31.709999084472656 AB 1.5121596235191972 1.0464772481101712
63117.1414 lsst_hardware_r 484.1242690911784 32.27370727197398 31.489999771118164 AB 2.815629883262666 1.0494334264862715
63117.1533 lsst_hardware_i 757.9090243367845 41.04535535773461 31.25 AB 2.731801271976965 1.0451654794746876
63122.1378 lsst_hardware_u 5.2225367835572865 2.7467170697799506 28.43000030517578 AB 3.7314515856962234 1.045590636972672
63122.1488 lsst_hardware_g 63.52882621839294 15.264847447846133 31.40999984741211 AB 3.815375918369366 1.0443547221813958
63126.1184 lsst_hardware_i 478.413948357458 37.44637356948314 31.25 AB 1.1334286083775609 1.0486617810740733
63126.1303 lsst_hardware_z 551.5437620767478 46.909846117562 30.950000762939453 AB 0.7446485285376098 1.0448763262922494
63133.2098 lsst_hardware_i 338.3657068415381 38.935127359995526 31.25 AB 4.435747165450172 1.1613930438426492
63133.2214 lsst_hardware_z 304.4616074465211 48.67937427890053 30.940000534057617 AB 4.530415376781063 1.195991387745662
63137.1667 lsst_hardware_r 124.78466407750295 83.48846878482848 31.639999389648438 AB 4.888088932892618 1.0917004875249992
63137.1787 lsst_hardware_z 345.4890975596763 65.21103601378402 30.969999313354492 AB 5.014245740309547 1.1135550825154341
63141.0414 lsst_hardware_r 126.02968453532601 69.19193803841699 31.639999389648438 AB 5.385720601661645 1.0831374810608883
63141.051 lsst_hardware_i 108.47019137673118 62.03323069299194 31.31999969482422 AB 5.207117415358025 1.070432195571595
63143.1608 lsst_hardware_r 146.84573647602755 54.03515859713546 31.6200008392334 AB 2.00368745916183 1.1105375968751254
63143.1728 lsst_hardware_g -30.006644065595342 57.525902507827404 31.68000030517578 AB 2.5616469136729867 1.1365733551753685
63145.0767 lsst_hardware_u -2.898972591220177 2.744334649119282 28.459999084472656 AB 3.9454713716229532 1.045204125115357
63145.0882 lsst_hardware_r 130.7605413244402 24.356491117917898 31.5 AB 3.579102586607066 1.0444851906441484
63147.0766 lsst_hardware_i 132.28179271421305 32.891819412690324 31.25 AB 5.014401894011218 1.044449467613251
63147.0876 lsst_hardware_z 274.4112733280563 43.747626760098335 30.950000762939453 AB 9.54682761658382 1.0451968049682305
63149.0769 lsst_hardware_r 76.56892537799622 24.033879600709316 31.489999771118164 AB 2.5185321975086956 1.0444562610624948
63149.0885 lsst_hardware_u -5.117947538211792 2.657922695167117 28.420000076293945 AB 3.3257551305078303 1.0470422280955862
63151.1557 lsst_hardware_r 107.54906161768719 24.273515794769494 31.469999313354492 AB 6.921068137302232 1.148280301510159
63151.1663 lsst_hardware_i 147.4740524432862 33.43684737442355 31.229999542236328 AB 7.088066750031017 1.1775501301413807
63153.1395 lsst_hardware_i 102.69865908829819 33.1205259639592 31.239999771118164 AB 9.426783076031935 1.1229490640126987
63153.1507 lsst_hardware_z 144.34531836264324 44.788620087144 30.93000030517578 AB 9.601850692997527 1.1494633710691942
63155.1407 lsst_hardware_r 83.57111443742365 24.139077220825417 31.469999313354492 AB 8.909989643309032 1.1381719791325142
63155.1514 lsst_hardware_g -2.9794790282845574 13.955702058743174 31.3799991607666 AB 9.05628816213924 1.1660456861123485
63159.1386 lsst_hardware_z 108.01387180053025 44.366501271336396 30.940000534057617 AB 3.9371720131793375 1.160836957202753
63159.1488 lsst_hardware_i 96.59864294125371 33.23421183618587 31.229999542236328 AB 4.004505064036503 1.1908718469575763
63161.1365 lsst_hardware_z 149.0419392470675 45.54994057502624 30.940000534057617 AB 4.38527087969641 1.1702637613440283
63161.1476 lsst_hardware_g -10.921462258910411 18.13199636381838 31.469999313354492 AB 4.510504568007518 1.2047287841900425
63164.9987 lsst_hardware_z 108.90441809330285 77.51211190752136 31.0 AB 3.90191077041246 1.0571896420173745
63165.0023 lsst_hardware_r -33.77806718913958 67.25234980941804 31.649999618530273 AB 3.9366422308149454 1.054410668491637
63166.0865 lsst_hardware_z 89.08933716203876 57.845417426408325 30.979999542236328 AB 4.616634337029469 1.0900714659863115
63166.0976 lsst_hardware_r 133.33210225259953 71.84741202561013 31.6299991607666 AB 4.702454297591073 1.1097673767128082
63168.0862 lsst_hardware_z 218.97648267716806 60.883568641878895 30.979999542236328 AB 3.212363936639846 1.0987449332937564
63168.0964 lsst_hardware_r 83.63711317786709 83.31444706998786 31.639999389648438 AB 3.2299110004670903 1.1183902356186384
63172.0851 lsst_hardware_r 98.00757077740646 45.11930998759453 31.600000381469727 AB 6.161717969966637 1.1176030175272014
63172.0969 lsst_hardware_u -4.408557716396559 9.244642784792433 29.1299991607666 AB 6.463192412775139 1.1446031427580794
