data/validation/pwv_sim_epoch_fit_4/11339350.ecsv
# %ECSV 0.9
# ---
# datatype:
# - {name: time, datatype: float64}
# - {name: band, datatype: string}
# - {name: flux, datatype: float64}
# - {name: fluxerr, datatype: float64}
# - {name: zp, datatype: float64}
# - {name: zpsys, datatype: string}
# - {name: pwv, datatype: float64}
# - {name: airmass, datatype: float64}
# meta: {SNID: '11339350', alt: 1024.0, c: -0.0194164477288723, dec: -54.532822, lat: -30.244573, lon: -70.7499537, ra: 163.743454, t0: 61878.234375,
#   x0: 1.9395030234201464e-05, x1: -0.34998834133148193, z: 0.34771519899368286}
# schema: astropy-2.0
time band flux fluxerr zp zpsys pwv airmass
61774.3421 lsst_hardware_r 15.829596620912582 22.530000686645508 31.479999542236328 AB 3.048753948371183 1.1045209485992875
61774.3546 lsst_hardware_y -72.72466884781572 55.29999923706055 30.030000686645508 AB 3.035191985486271 1.0996076389770026
61778.3473 lsst_hardware_i 23.579339707189266 31.270000457763672 31.239999771118164 AB 9.581599985801242 1.0988913509214668
61778.3595 lsst_hardware_y 53.849411759137794 57.13999938964844 30.040000915527344 AB 9.566695820328652 1.0987782335752663
61780.3561 lsst_hardware_z 10.451919781901148 44.540000915527344 30.950000762939453 AB 7.476620756708552 1.099112436517691
61782.3409 lsst_hardware_i -11.418221883833203 61.41999816894531 31.31999969482422 AB 5.832337855627451 1.0984376650688903
61782.3538 lsst_hardware_y -5.657957894887039 54.31999969482422 30.040000915527344 AB 5.896512731983859 1.099822071372269
61783.3504 lsst_hardware_r -167.75427432026424 76.08999633789062 31.639999389648438 AB 4.582253115300034 1.0996527754499723
61783.3632 lsst_hardware_y -108.30093346429227 64.41999816894531 30.040000915527344 AB 4.610610548348908 1.1047788853871219
61786.3516 lsst_hardware_y 43.80006350548813 72.7699966430664 30.780000686645508 AB 4.884938631568263 1.1030269377318067
61788.3285 lsst_hardware_r 24.830297386079238 38.959999084472656 31.59000015258789 AB 7.981844864761005 1.0984442117609614
61788.3415 lsst_hardware_i -50.124899597305216 39.20000076293945 31.280000686645508 AB 7.357614036503742 1.101095821388599
61792.3248 lsst_hardware_u 2.1983514100991868 2.7300000190734863 28.40999984741211 AB 10.304858099594595 1.0994194067635374
61792.3374 lsst_hardware_r 9.82354743067405 22.610000610351562 31.479999542236328 AB 9.851884010715247 1.1041205906997307
61796.3309 lsst_hardware_r -33.99280335461548 21.770000457763672 31.459999084472656 AB 13.536464682272328 1.1066888511034894
61796.3433 lsst_hardware_u 3.5641855638307023 2.4800000190734863 28.270000457763672 AB 15.626279741176088 1.1164751858800561
61798.2778 lsst_hardware_u -6.254631174209429 2.4800000190734863 28.290000915527344 AB 12.969457096292706 1.103893189079146
61798.2879 lsst_hardware_g 7.627894287456699 12.789999961853027 31.350000381469727 AB 12.942867748597587 1.0999292724226724
61800.2817 lsst_hardware_r -10.436617690350026 21.989999771118164 31.469999313354492 AB 13.61145074420382 1.1001374616450854
61800.2937 lsst_hardware_i 0.2378709447263148 30.3799991607666 31.229999542236328 AB 12.234870151856455 1.0984060286707624
61802.2886 lsst_hardware_z 11.47033373399501 41.5099983215332 30.940000534057617 AB 11.723226832776774 1.0984089165982533
61802.3002 lsst_hardware_r 4.466103701561738 21.940000534057617 31.479999542236328 AB 10.780004447995438 1.1001127102760933
61813.2661 lsst_hardware_i -30.284627143520837 66.83999633789062 31.31999969482422 AB 6.04069749441663 1.0991579847002841
61813.278 lsst_hardware_z -111.82546134143612 60.9900016784668 30.979999542236328 AB 6.046939985055936 1.103103933060781
61815.2774 lsst_hardware_r 46.29426126041694 63.58000183105469 31.6299991607666 AB 3.7867647436504086 1.105705451098769
61815.2882 lsst_hardware_z -39.12029608458956 53.959999084472656 30.959999084472656 AB 3.7935692972695247 1.1135722007640483
61817.27 lsst_hardware_r -77.46980950946813 42.189998626708984 31.600000381469727 AB 4.973647193148649 1.10460035382336
61817.2809 lsst_hardware_i -30.87061877191466 40.86000061035156 31.290000915527344 AB 5.0528694145297415 1.1120278944789135
61821.2515 lsst_hardware_r -5.8779964209792945 21.920000076293945 31.479999542236328 AB 3.0103859070898142 1.1011592661427108
61821.263 lsst_hardware_u -1.122960652019888 2.6600000858306885 28.40999984741211 AB 3.0036741952044475 1.1069372379599953
61823.2531 lsst_hardware_g -21.562883212586755 12.979999542236328 31.3799991607666 AB 10.50554396589354 1.1043258634225015
61823.2655 lsst_hardware_r 27.78201591720636 21.979999542236328 31.479999542236328 AB 10.326208280052638 1.1128478869197898
61825.2518 lsst_hardware_i -1.96414441416809 30.15999984741211 31.239999771118164 AB 10.93988548852274 1.1067624319206921
61825.2626 lsst_hardware_z -5.257862165174395 41.540000915527344 30.940000534057617 AB 11.019304639896948 1.1150885083886812
61827.2515 lsst_hardware_r -14.735469794314929 21.93000030517578 31.479999542236328 AB 7.198674808036762 1.1103782626121979
61827.2633 lsst_hardware_g -7.862014122583814 12.970000267028809 31.3700008392334 AB 7.2835441826945875 1.1211633360998376
61831.1867 lsst_hardware_g 19.826797270693607 12.819999694824219 31.350000381469727 AB 4.278825017482567 1.1044504239576425
61831.1982 lsst_hardware_i 19.243922789981635 30.280000686645508 31.229999542236328 AB 4.274026294560808 1.0998523660732835
61833.189 lsst_hardware_z -36.503155306821945 41.369998931884766 30.93000030517578 AB 7.119237289312731 1.1009981116033813
61833.2016 lsst_hardware_r -7.57075061469454 21.65999984741211 31.450000762939453 AB 7.1244023800018335 1.098484203114843
61835.1857 lsst_hardware_y -61.4825447727112 47.65999984741211 30.020000457763672 AB 8.58232392096237 1.1002979385849192
61835.1976 lsst_hardware_g -14.998339082987398 12.819999694824219 31.350000381469727 AB 8.567838111556702 1.0984407835329104
61837.1853 lsst_hardware_r -7.769417470107498 46.65999984741211 31.610000610351562 AB 11.781475263892752 1.0990951105621043
61837.1986 lsst_hardware_i 50.61450546217327 42.790000915527344 31.280000686645508 AB 11.85856060221756 1.0988542731454638
61839.1908 lsst_hardware_z 17.022914247504442 55.9900016784668 30.979999542236328 AB 11.974648031325271 1.0985915625069056
61839.2033 lsst_hardware_r 40.20679366950773 72.9800033569336 31.639999389648438 AB 12.006663065440977 1.1015287216000895
61844.1789 lsst_hardware_i -122.72820067236198 57.08000183105469 31.309999465942383 AB 11.123326188561752 1.098780986687035
61844.1915 lsst_hardware_z -62.13919881847616 55.560001373291016 30.969999313354492 AB 11.266300605365945 1.1022878700725214
61848.2068 lsst_hardware_r 0.3923945120981955 27.719999313354492 31.530000686645508 AB 7.045275350625126 1.1220824767071442
61848.2189 lsst_hardware_i -77.4387180350598 33.91999816894531 31.25 AB 7.640719799372207 1.1371810982842863
61850.2061 lsst_hardware_z -57.01461832352564 41.849998474121094 30.940000534057617 AB 5.976057000641428 1.1275579246493261
61850.2178 lsst_hardware_u -0.1900163321978131 2.609999895095825 28.3700008392334 AB 6.488127612793998 1.1436014652183133
61854.1456 lsst_hardware_u -4.613915483048193 2.521972995879394 28.309999465942383 AB 9.285813717410676 1.0984578834105017
61854.158 lsst_hardware_r 40.690054057407984 22.355047929092382 31.459999084472656 AB 9.41845472811235 1.1000939938226189
61856.1894 lsst_hardware_i 72.12287327374554 32.084898432099905 31.229999542236328 AB 7.6392668966538535 1.1271788653335584
61856.2012 lsst_hardware_u 0.17521035787249292 2.5361569003728146 28.290000915527344 AB 7.682416644370999 1.1432734725488862
61858.1356 lsst_hardware_r 269.06845833942947 28.315736677469445 31.469999313354492 AB 7.244313734146806 1.0984554562769986
61858.1475 lsst_hardware_u 5.341567963491482 3.0307119937761438 28.3700008392334 AB 7.1543454523753836 1.1002171599921136
61860.1342 lsst_hardware_g 352.15641497349696 23.216882969885475 31.3700008392334 AB 5.575235386209046 1.098676793025726
61860.1456 lsst_hardware_r 829.130842557266 35.64681906343479 31.469999313354492 AB 5.587713731722285 1.101407131862669
61864.1336 lsst_hardware_r 2138.8094134492753 55.32187681030793 31.540000915527344 AB 6.592621867226253 1.101018223410472
61864.1455 lsst_hardware_g 1436.6659266126605 43.59905259841461 31.549999237060547 AB 6.591755638135832 1.106912408973146
61872.1175 lsst_hardware_z 5590.5858938074525 114.34386851549259 31.729999542236328 AB 7.611141900195553 1.1034371865165349
61874.112 lsst_hardware_r 6551.417809073357 97.45159334033977 31.6200008392334 AB 6.701434568779586 1.1034195228506454
61874.1236 lsst_hardware_i 4625.939352756377 82.86796135621927 31.299999237060547 AB 6.967153304489622 1.110745843680996
61876.0252 lsst_hardware_r 5977.663367581895 80.40072288083621 31.479999542236328 AB 17.897913812751423 1.144276436522108
61876.0328 lsst_hardware_i 4650.876845662617 73.10987341180382 31.239999771118164 AB 17.826970483364743 1.1333402866169209
61878.1186 lsst_hardware_g 3362.7564230751946 60.09634805187136 31.3799991607666 AB 12.608340993295421 1.1157823887872054
61878.1306 lsst_hardware_r 6060.684775084332 80.55173516615875 31.469999313354492 AB 13.312064269577196 1.1287468643829057
61880.0951 lsst_hardware_r 5830.7565501721565 79.87265431285056 31.469999313354492 AB 7.544238116586523 1.1031738326067249
61880.1067 lsst_hardware_i 4606.028164640335 74.53744617739862 31.229999542236328 AB 7.607024759984928 1.1103524682506267
61883.0936 lsst_hardware_z 5946.215699909452 96.01223406766141 31.690000534057617 AB 5.005176455568019 1.1069113629829201
61883.1071 lsst_hardware_i 9378.77470584618 105.17286707149111 31.989999771118164 AB 5.156855702713444 1.1178357346151724
61885.0879 lsst_hardware_u 10.83408102160594 4.406207215113495 28.399999618530273 AB 14.90252285335801 1.1067599594027486
61885.0995 lsst_hardware_g 2316.919158414337 50.57317087436318 31.3799991607666 AB 15.093038723410462 1.1157988213462637
61889.117 lsst_hardware_z 7263.6645401773485 109.52991847790499 32.119998931884766 AB 10.171247530526937 1.1528105554263852
61889.1305 lsst_hardware_u 15.428710792985225 5.245673176239277 29.0 AB 9.620353093061924 1.1784232850175378
61891.086 lsst_hardware_g 1527.0583446105404 41.490627619696056 31.389999389648438 AB 10.906126872369313 1.1185771151148014
61891.0993 lsst_hardware_r 3780.579179267312 65.2017684841848 31.469999313354492 AB 11.074591598807965 1.1341881950098622
61895.0837 lsst_hardware_i 3079.979535340661 72.39217845455312 31.299999237060547 AB 10.447369426339051 1.1281647239716053
61895.0966 lsst_hardware_z 1876.7668807586956 64.78964666238676 30.959999084472656 AB 10.644334300804662 1.1462365089347781
61897.0241 lsst_hardware_i 3059.619040002993 81.58361103601604 31.31999969482422 AB 7.107437577915807 1.098748466131476
61897.0361 lsst_hardware_z 1933.972197508798 70.86564063403175 30.969999313354492 AB 7.132065783376855 1.099100906669264
61899.0229 lsst_hardware_r 2493.26567271242 110.82297904023068 31.639999389648438 AB 9.977308674201947 1.0984797703582156
61899.0343 lsst_hardware_z 1574.8259795596994 79.60262276605691 30.979999542236328 AB 9.992460851691598 1.099895708273786
61908.0175 lsst_hardware_i 1947.5178110386357 53.242520744505654 31.229999542236328 AB 7.940965113138081 1.1026565766912402
61908.0303 lsst_hardware_z 1524.1543414093655 56.815737049575624 30.93000030517578 AB 8.142530446249776 1.1104081522245277
61909.9989 lsst_hardware_z 1604.0742992109851 56.354421819720315 30.940000534057617 AB 8.231081603173687 1.0988449986436926
61910.0119 lsst_hardware_r 988.1879900295497 39.05777060557722 31.469999313354492 AB 7.713018593356652 1.1025948622924704
61911.9991 lsst_hardware_u 2.2686983664291973 3.046141751245723 28.360000610351562 AB 6.166477500412206 1.0999781484859448
61912.0117 lsst_hardware_r 935.684734173662 37.54481631843407 31.469999313354492 AB 5.11650598467814 1.1052758202725672
61925.9925 lsst_hardware_r 602.5882684422681 74.24790410417076 31.6299991607666 AB 13.33238815679481 1.1207140707328964
61926.0048 lsst_hardware_z 877.5822393598421 63.23453409753811 30.959999084472656 AB 11.486111310722261 1.1356645551435893
62139.349 lsst_hardware_z -4.523912732604525 54.279998779296875 30.969999313354492 AB 6.001012373527812 1.1016590708206553
62139.3621 lsst_hardware_y -16.481106236220196 75.20999908447266 30.049999237060547 AB 5.999544589562782 1.0985661871481405
62141.3434 lsst_hardware_z 99.27745781021197 50.189998626708984 30.959999084472656 AB 12.304511526148458 1.1017156758874027
62141.3566 lsst_hardware_y -31.189823618227734 55.779998779296875 30.040000915527344 AB 12.364412119274244 1.0985706014459578
62143.35 lsst_hardware_i 42.99455640413601 39.2599983215332 31.280000686645508 AB 7.690749682882475 1.0986785261260679
62143.3614 lsst_hardware_y -4.267769167591165 62.540000915527344 30.049999237060547 AB 7.482800811306865 1.099011183487741
62145.3564 lsst_hardware_z 11.710882978041916 46.45000076293945 30.959999084472656 AB 8.082717900991604 1.0990913653782426
62147.3487 lsst_hardware_r 37.86547691004569 22.8700008392334 31.479999542236328 AB 7.079020003379869 1.0987575186651442
62147.3611 lsst_hardware_y 28.930270777840203 58.0099983215332 30.040000915527344 AB 7.154745705774875 1.1021289645742498
62149.3525 lsst_hardware_z -22.671680161145602 61.18000030517578 31.700000762939453 AB 4.6216905772024734 1.1009267692240288
62151.3525 lsst_hardware_g 4.221048319651357 14.0 31.40999984741211 AB 5.954941908516321 1.103175603652523
62151.3645 lsst_hardware_y -124.12413228703856 57.529998779296875 30.040000915527344 AB 5.945085222009548 1.110677274008512
62153.3314 lsst_hardware_r 11.788113253276217 22.079999923706055 31.479999542236328 AB 2.8773892574241104 1.0986595102803098
62153.3444 lsst_hardware_i -17.893970657673506 30.6200008392334 31.239999771118164 AB 2.5346009859047767 1.1020004286542509
62159.335 lsst_hardware_r -38.64642031360965 21.989999771118164 31.469999313354492 AB 10.287649172776513 1.1054856192538698
62159.3476 lsst_hardware_i -2.033515291636261 30.549999237060547 31.239999771118164 AB 10.555053237461197 1.1148133964365505
62161.3263 lsst_hardware_z 30.28169626540718 41.59000015258789 30.950000762939453 AB 10.816495832838608 1.103724064575368
62161.3398 lsst_hardware_u -2.526117931293586 2.6600000858306885 28.43000030517578 AB 10.799552273397612 1.1127823053475128
62164.2876 lsst_hardware_r -67.91012596519997 59.22999954223633 31.6299991607666 AB 12.935071542824353 1.0995470539633077
62164.2992 lsst_hardware_g -1.0846208631099459 55.349998474121094 31.700000762939453 AB 12.852520611471624 1.098506035168515
62168.2848 lsst_hardware_z 27.042495167204194 58.540000915527344 30.979999542236328 AB 11.46578823013051 1.0984835515158486
62168.2951 lsst_hardware_i 13.826186051469469 62.38999938964844 31.31999969482422 AB 10.919248579441081 1.0994007832703467
62170.297 lsst_hardware_z 8.574474938827217 74.4800033569336 31.719999313354492 AB 10.39926929191751 1.1016175097370242
62174.2927 lsst_hardware_z 108.27239765528091 60.20000076293945 31.690000534057617 AB 4.0623826118212145 1.1047338668356361
62176.2646 lsst_hardware_r 10.871682136326466 21.8799991607666 31.479999542236328 AB 5.808418176709933 1.0984668671381816
62176.2767 lsst_hardware_g 16.291179188128623 13.109999656677246 31.3799991607666 AB 5.80379991434188 1.100281193277869
62182.2678 lsst_hardware_g 16.691965079912187 12.949999809265137 31.3799991607666 AB 3.5748244101335263 1.1031706249447697
62182.2789 lsst_hardware_r 3.10124650993617 21.850000381469727 31.469999313354492 AB 3.5896359770033177 1.1099678345712176
62184.249 lsst_hardware_r -68.38193979874237 21.860000610351562 31.469999313354492 AB 5.061312860667514 1.0989714169292182
62184.2593 lsst_hardware_i 43.168857222038135 30.360000610351562 31.239999771118164 AB 4.875169583917181 1.1018369904323442
62190.2456 lsst_hardware_i -16.99016069352124 30.270000457763672 31.239999771118164 AB 12.85133808215736 1.1030086900159377
62190.2572 lsst_hardware_z -47.732333141887736 41.709999084472656 30.940000534057617 AB 11.871581227528232 1.1100814662776142
62192.2535 lsst_hardware_i -45.778249501159614 41.540000915527344 31.280000686645508 AB 9.805567244545779 1.1114482840381423
62192.2654 lsst_hardware_z 24.052445479087805 46.540000915527344 30.950000762939453 AB 9.915635505930926 1.1227366113528128
62194.2476 lsst_hardware_z -18.070780301640266 57.810001373291016 30.969999313354492 AB 6.4103190473620435 1.1111022152811492
62194.2579 lsst_hardware_r 28.931810128323768 76.87999725341797 31.6299991607666 AB 6.683679320495366 1.1205453203021178
62196.2513 lsst_hardware_i -138.20110447866426 76.5199966430664 31.31999969482422 AB 4.353971165058341 1.119368711558412
