data/validation/pwv_sim_epoch_fit_4/11606780.ecsv
# %ECSV 0.9
# ---
# datatype:
# - {name: time, datatype: float64}
# - {name: band, datatype: string}
# - {name: flux, datatype: float64}
# - {name: fluxerr, datatype: float64}
# - {name: zp, datatype: float64}
# - {name: zpsys, datatype: string}
# - {name: pwv, datatype: float64}
# - {name: airmass, datatype: float64}
# meta: {SNID: '11606780', alt: 1024.0, c: -0.12132812291383743, dec: -49.117878, lat: -30.244573, lon: -70.7499537, ra: 352.808228, t0: 61244.0625,
#   x0: 6.216275443293653e-06, x1: -1.3612688779830933, z: 0.5602864623069763}
# schema: astropy-2.0
time band flux fluxerr zp zpsys pwv airmass
61220.1898 lsst_hardware_r -152.0768794888658 139.62686242110252 32.18000030517578 AB 11.74326423000306 2.0210419464767333
61220.2182 lsst_hardware_z 152.4169251375999 103.30647560040671 31.65999984741211 AB 4.654667119081585 1.689738789598706
61220.3007 lsst_hardware_r 246.39003754680445 129.2413508504606 32.36000061035156 AB 2.3511548494670627 1.2119354894160117
61220.3345 lsst_hardware_z 38.23194323303889 88.89487554016947 31.719999313354492 AB 2.316345810676626 1.124439713920692
61222.4214 lsst_hardware_y 52.060208553762244 55.36448268076519 30.049999237060547 AB 9.985760497373345 1.060960528832697
61222.4347 lsst_hardware_r 240.79399870686103 92.49869406331355 31.649999618530273 AB 9.967498998129365 1.070009911772302
61223.4233 lsst_hardware_i 177.81007257933737 72.13791076944999 31.31999969482422 AB 7.777758720026636 1.0635887620972462
61223.4352 lsst_hardware_z 102.74822370526131 67.38135481952902 30.979999542236328 AB 7.86094045873867 1.0729096064064791
61225.4312 lsst_hardware_r 365.5167115490803 72.23545684881053 31.639999389648438 AB 6.165207410077309 1.0743118989461367
61225.4441 lsst_hardware_z 108.21555865776443 74.38531472079553 30.989999771118164 AB 6.293133918526026 1.0892486228517277
61231.3815 lsst_hardware_r 1096.1338549418904 40.11436966538683 31.5 AB 10.182917149109654 1.0561548668888543
61231.3938 lsst_hardware_i 752.4647161522487 41.524345144772845 31.25 AB 10.093152326713717 1.0595373007257733
61233.432 lsst_hardware_z 606.3447543237346 50.57403579369317 30.940000534057617 AB 9.700526473845871 1.103670336071663
61233.4438 lsst_hardware_i 1112.2504110228817 57.21789544331782 31.290000915527344 AB 9.82804303468329 1.1250049261313557
61235.4272 lsst_hardware_u 19.8989912252596 4.804429924243243 28.5 AB 7.614483611343091 1.1047491637784181
61235.4379 lsst_hardware_g 888.182807574616 36.50108409033908 31.540000915527344 AB 7.700849936948706 1.1241296163708279
61238.4029 lsst_hardware_i 1449.8072270875111 49.08239370409344 31.239999771118164 AB 2.488749581770115 1.082065035552224
61238.4136 lsst_hardware_z 1101.9128174631182 52.47151798350849 30.940000534057617 AB 2.5214617800389565 1.0962877304517202
61242.4019 lsst_hardware_r 2117.5998273894515 51.47127708668678 31.469999313354492 AB 6.298149188194548 1.0951398344974002
61242.4132 lsst_hardware_g 699.1757674411991 30.41148735252993 31.3700008392334 AB 6.480899233576951 1.1135565693431186
61244.3925 lsst_hardware_r 2083.021590968528 51.61954400407674 31.479999542236328 AB 5.558103010125378 1.0896104705205603
61244.4038 lsst_hardware_i 1695.0094267738048 51.12592095498952 31.239999771118164 AB 5.676239695213653 1.1066952028102268
61246.399 lsst_hardware_z 1326.7913461246474 53.907529946848 30.940000534057617 AB 6.874523651148603 1.1078114013613594
61246.4117 lsst_hardware_i 1663.9233864310265 50.77127495434914 31.229999542236328 AB 7.08040551061638 1.131959314247223
61248.4005 lsst_hardware_z 1349.380279939434 64.39884487642038 30.959999084472656 AB 3.2643006997600232 1.1204052513334557
61248.4125 lsst_hardware_g 654.459878331484 51.56929988957979 31.649999618530273 AB 3.3228755487901758 1.145819154755233
61249.3886 lsst_hardware_r 2451.5530475870464 102.09692237872231 31.639999389648438 AB 3.866744244181896 1.1041268514023261
61249.3997 lsst_hardware_i 1849.0119997093439 83.8339601030438 31.31999969482422 AB 3.938154986491783 1.1241700327775535
61253.345 lsst_hardware_z 1106.3531327912096 70.41723977054254 30.979999542236328 AB 5.443784892327833 1.0660153183409595
61253.3557 lsst_hardware_r 1631.739195283844 93.63329673505666 31.639999389648438 AB 5.557226297857857 1.0752453333487197
61256.3405 lsst_hardware_z 951.1223301713156 56.34314587400879 30.950000762939453 AB 2.0178213371113625 1.0688556566317802
61256.3527 lsst_hardware_r 1347.9581789672195 58.379456874845864 31.610000610351562 AB 2.033590021844861 1.0808344522163618
61258.341 lsst_hardware_i 1156.6732796008607 47.7318524844617 31.260000228881836 AB 2.804929291169174 1.0742053837374765
61258.3523 lsst_hardware_z 900.181463893284 52.238870045241086 30.940000534057617 AB 2.8484898528247315 1.087002424279615
61263.2898 lsst_hardware_i 802.8731074535862 42.24845533698319 31.239999771118164 AB 6.985119852570414 1.0558717939037736
61263.3014 lsst_hardware_z 709.9131002552297 49.28037144566122 30.940000534057617 AB 5.979476133935817 1.0576903538801563
61268.3355 lsst_hardware_r 409.6122671872249 30.43518446730645 31.479999542236328 AB 6.036449798053795 1.1021452981657467
61268.3464 lsst_hardware_i 647.2132471706802 39.686534626881894 31.239999771118164 AB 6.041966175142251 1.1213745685120111
61274.3183 lsst_hardware_i 422.47373000388785 36.93322454390094 31.239999771118164 AB 1.9944634939170267 1.100849175613096
61274.3301 lsst_hardware_z 538.5713973372389 48.79924153023028 30.940000534057617 AB 2.0804435554164082 1.1215329139711097
61276.3107 lsst_hardware_r 285.44532810731204 63.07322981212086 31.6299991607666 AB 3.4177832632053 1.0975540344268786
61276.3224 lsst_hardware_z 434.60037874696565 58.39060503995546 30.969999313354492 AB 3.475183691479675 1.1172727206364663
61281.309 lsst_hardware_z 1010.3255830857996 103.65163526247665 31.729999542236328 AB 7.803804167705816 1.1177432832321146
61286.3005 lsst_hardware_g 94.88419034951033 35.20568482037206 31.6299991607666 AB 1.7816866282074009 1.1278282185202728
61286.3122 lsst_hardware_r 203.55760106167824 38.48201320399405 31.559999465942383 AB 1.8354941717365894 1.1540359457631129
61296.2473 lsst_hardware_g 35.2392418219424 14.752879625646761 31.420000076293945 AB 2.58401777346882 1.0854177149827025
61296.2582 lsst_hardware_r 189.72019713353254 24.944109332767628 31.5 AB 3.8821573982313664 1.100800774545756
61299.238 lsst_hardware_r 99.0414369507156 24.562593817377827 31.489999771118164 AB 3.52748197975917 1.0840448616346559
61299.2498 lsst_hardware_u 18.175910541042946 5.337619840228056 28.450000762939453 AB 3.7078647688746402 1.1004743081348094
61303.2385 lsst_hardware_z 450.2458518433466 68.05077015738014 31.709999084472656 AB 6.405365289194444 1.0998852880535754
61307.2193 lsst_hardware_r 244.287071164922 89.05274550310024 31.639999389648438 AB 4.174778169630004 1.088031839882722
61307.2324 lsst_hardware_y 82.74922282196844 55.810330818780656 30.030000686645508 AB 4.271023099392616 1.1077262296341186
61309.2188 lsst_hardware_z 140.62458466742962 71.39401852155545 30.979999542236328 AB 3.324105486758639 1.094896405388221
61309.2308 lsst_hardware_r 117.3808437590995 104.5143890944555 31.639999389648438 AB 3.361014420355975 1.1145178800785556
61311.2454 lsst_hardware_i 91.71379426066619 65.43122414127824 31.299999237060547 AB 4.30548195476298 1.1576469517623968
61311.2575 lsst_hardware_z 179.8092896084922 62.00629955517504 30.959999084472656 AB 3.940209251373602 1.190635349931588
61313.2458 lsst_hardware_r 171.35241084743743 53.64370849430388 31.600000381469727 AB 4.522498718731247 1.1729232234273888
61313.2578 lsst_hardware_z 152.80395743378384 51.900803755626576 30.950000762939453 AB 3.09248281087562 1.2083944555684611
61315.2453 lsst_hardware_g 38.187398862963434 33.55623240040638 31.6200008392334 AB 3.9431186082999576 1.186881965023691
61315.2574 lsst_hardware_i 143.25149696829988 40.01179262563234 31.260000228881836 AB 4.492388750102222 1.2251690870940812
61317.1863 lsst_hardware_g 36.095440256770324 14.39651214549598 31.3799991607666 AB 2.3984212174877717 1.0810191785551855
61317.1987 lsst_hardware_r 92.0751750368554 23.94893032742623 31.469999313354492 AB 2.4563467266365957 1.097481596531254
61321.1788 lsst_hardware_u 1.9627921615528017 2.7932982508956545 28.420000076293945 AB 4.452635472365799 1.0851264351825667
61321.1911 lsst_hardware_g 10.743384248550997 13.720291363827224 31.399999618530273 AB 4.615517965397827 1.102652111980369
61323.1812 lsst_hardware_r 4.447186402225929 22.290000915527344 31.489999771118164 AB 3.7458745039845938 1.0958189675235281
61323.1924 lsst_hardware_i 80.14761234589717 30.68000030517578 31.239999771118164 AB 3.854786469333818 1.1142074774064412
61325.1823 lsst_hardware_z 12.052962971831072 41.849998474121094 30.940000534057617 AB 6.784261109314281 1.1061295286925459
61325.1935 lsst_hardware_r 40.21034365490401 22.43000030517578 31.479999542236328 AB 6.9891264987524675 1.126793825035329
61326.2197 lsst_hardware_g -21.61291390578082 13.34000015258789 31.360000610351562 AB 6.964561197918496 1.2002001087834022
61326.2308 lsst_hardware_i 13.35907082127775 31.559999465942383 31.219999313354492 AB 7.1806853885567445 1.2372137301345931
61328.1801 lsst_hardware_r -26.52164498819031 22.219999313354492 31.469999313354492 AB 7.318051775918221 1.1166915222662595
61328.1922 lsst_hardware_z 20.386424335365156 42.189998626708984 30.940000534057617 AB 7.616350355414187 1.141539321854786
61332.1596 lsst_hardware_z -14.48024586400857 45.45000076293945 30.959999084472656 AB 4.171745088663497 1.1003371958845165
61332.1707 lsst_hardware_g 22.41702244050599 33.70000076293945 31.649999618530273 AB 2.8944231872782034 1.1195551265902866
61334.1591 lsst_hardware_r -25.30611633743554 58.75 31.6299991607666 AB 2.912287376802897 1.1084575146420566
61334.1698 lsst_hardware_i -116.6350816767555 52.279998779296875 31.299999237060547 AB 2.8402603663956816 1.1285802780380192
61340.1658 lsst_hardware_z -50.618909730403466 82.05000305175781 31.719999313354492 AB 4.3421557055176585 1.15662305141393
61342.1637 lsst_hardware_r -46.52358538446271 52.7599983215332 31.610000610351562 AB 3.3322061944391907 1.1651749616315137
61342.1754 lsst_hardware_z 9.222169201097065 50.439998626708984 30.959999084472656 AB 2.515279488427538 1.1983227672352519
61355.0496 lsst_hardware_r -17.892281070257802 22.239999771118164 31.489999771118164 AB 3.674080235528789 1.0575428838173535
61355.0607 lsst_hardware_i 20.834360203863724 30.260000228881836 31.25 AB 3.6883082343220446 1.0623007587333078
61358.046 lsst_hardware_z 49.19024441695388 41.27000045776367 30.940000534057617 AB 4.0818921758609985 1.0591313377948721
61358.0579 lsst_hardware_i 19.29875626255084 30.81999969482422 31.25 AB 4.0875213858292465 1.0657538812349263
61360.0505 lsst_hardware_z -40.561878484133636 42.61000061035156 30.950000762939453 AB 6.372187153096876 1.0644261510226503
61360.0623 lsst_hardware_g -8.748253657244307 22.389999389648438 31.56999969482422 AB 6.398787639360287 1.074042573607165
61363.0543 lsst_hardware_z 27.171965552111327 69.04000091552734 31.709999084472656 AB 5.064728326026091 1.074230516151671
61572.4163 lsst_hardware_z -68.53869969572807 58.47999954223633 31.700000762939453 AB 7.453568126567657 1.0647954466525225
61574.4328 lsst_hardware_z 35.02833868880163 58.36000061035156 30.979999542236328 AB 5.174934014165173 1.0561089824826884
61576.4189 lsst_hardware_i -37.291151982458224 69.9800033569336 31.329999923706055 AB 3.8659204736571926 1.0579968455547872
61576.4326 lsst_hardware_y -78.83122085818428 56.2400016784668 30.059999465942383 AB 3.8418414823229137 1.0558377104222005
61578.4294 lsst_hardware_i -14.303937773065893 62.06999969482422 31.31999969482422 AB 1.7000540837987759 1.05593421353968
61578.4425 lsst_hardware_y -58.80432357189186 68.8499984741211 30.059999465942383 AB 1.6951518961797267 1.059028673165177
61580.417 lsst_hardware_z 30.280304599539207 53.04999923706055 30.969999313354492 AB 4.2157260425017276 1.056043597821074
61580.4316 lsst_hardware_y -71.47170099025385 52.11000061035156 30.049999237060547 AB 4.154864864172738 1.0572175226903198
61582.4314 lsst_hardware_i 38.6481666563422 41.0099983215332 31.290000915527344 AB 6.19912863122361 1.0589560353986351
61582.4437 lsst_hardware_y -85.21476584052978 70.08000183105469 30.059999465942383 AB 6.225047180370674 1.0657806557918308
61587.4285 lsst_hardware_g 7.6067140428459545 14.220000267028809 31.40999984741211 AB 9.949310504358003 1.0647046983332384
61587.4393 lsst_hardware_r -42.279908227372964 25.959999084472656 31.510000228881836 AB 10.049862815567689 1.0735121398149807
61589.43 lsst_hardware_i 14.785814871328746 30.860000610351562 31.25 AB 7.490182292503313 1.0700260417861875
61589.4419 lsst_hardware_z -56.823109481664616 52.91999816894531 30.969999313354492 AB 7.574892499787741 1.0821274999696773
61591.4265 lsst_hardware_i -79.78829717422512 30.309999465942383 31.239999771118164 AB 5.625911506735226 1.0717552996590418
61591.4387 lsst_hardware_u 0.5088650186482979 5.670000076293945 28.93000030517578 AB 5.684421873514549 1.0848650934709765
61593.4204 lsst_hardware_g -0.5202361073783558 13.359999656677246 31.399999618530273 AB 1.800473156814665 1.0711788736628312
61593.432 lsst_hardware_r -9.053597873378601 22.8700008392334 31.489999771118164 AB 1.8543249522069452 1.0833446653594616
61596.1783 lsst_hardware_g 31.545694676320167 15.25 31.18000030517578 AB 16.349167710406604 1.7975171792100348
61598.4161 lsst_hardware_u 3.4214755159018133 2.609999895095825 28.3799991607666 AB 8.22706971785856 1.0806961633914893
61598.428 lsst_hardware_g -12.732497993574235 14.09000015258789 31.40999984741211 AB 9.56475454524447 1.096330708582665
61600.4339 lsst_hardware_r 2.240442652317298 23.479999542236328 31.489999771118164 AB 7.600820092651417 1.1151437929359473
61600.4447 lsst_hardware_i -48.668169066382376 50.349998474121094 31.290000915527344 AB 7.834273448479618 1.1368023577566013
61611.3981 lsst_hardware_i -5.153509299862466 40.33000183105469 31.280000686645508 AB 6.898573557155454 1.1050978866088033
61611.4101 lsst_hardware_r 73.7711554812646 41.66999816894531 31.59000015258789 AB 7.001986536956842 1.1271710458719966
61612.3951 lsst_hardware_z 23.96447062791421 44.220001220703125 30.950000762939453 AB 7.404857670118851 1.1046530586950052
61612.4069 lsst_hardware_g -16.56953693643324 30.530000686645508 31.6200008392334 AB 7.624509971718769 1.1262200844488581
61617.3463 lsst_hardware_r -32.14014936664117 22.309999465942383 31.489999771118164 AB 4.1728506310176225 1.0645027119942916
61617.3585 lsst_hardware_g -1.2827148484606203 13.5 31.399999618530273 AB 4.215587615258961 1.0745826192350143
61619.349 lsst_hardware_r 19.71926250413707 22.520000457763672 31.5 AB 1.5367868039776669 1.0708072028643214
61619.3613 lsst_hardware_i 56.44794603776046 30.670000076293945 31.239999771118164 AB 1.5373875284759075 1.0836848180046341
61622.3449 lsst_hardware_z 5.202675611576669 41.58000183105469 30.940000534057617 AB 2.1971762787437927 1.0746327835714493
61622.3581 lsst_hardware_i 62.318170604997064 30.719999313354492 31.239999771118164 AB 2.1561403851854535 1.0901067883811013
61624.3412 lsst_hardware_u 2.337513051633724 2.619999885559082 28.389999389648438 AB 4.586797824172741 1.0764183105188896
61624.3534 lsst_hardware_g -13.66482446068924 13.520000457763672 31.389999389648438 AB 4.642652147254987 1.0911478273152602
61626.3385 lsst_hardware_r -0.32221908450833026 22.670000076293945 31.5 AB 5.314547973789227 1.0793882554578351
61626.3499 lsst_hardware_i 0.05394620868885061 30.920000076293945 31.25 AB 5.385129699935498 1.093908595985137
61627.3291 lsst_hardware_z 56.744428463741464 41.52000045776367 30.950000762939453 AB 5.183361285533721 1.0725675166644477
61627.3399 lsst_hardware_u -1.8279459650150662 2.75 28.489999771118164 AB 5.5412026892906425 1.084224955102606
61629.3802 lsst_hardware_r -19.154915652211972 22.940000534057617 31.479999542236328 AB 3.471174540246903 1.1726610873275762
61629.3917 lsst_hardware_i 7.234713000080722 31.639999389648438 31.229999542236328 AB 3.7057697980532303 1.2065016435139932
61631.3163 lsst_hardware_r 36.94199514691221 70.5 31.639999389648438 AB 3.620230718837536 1.0708629615965892
61631.3281 lsst_hardware_i -66.01498056134739 59.06999969482422 31.309999465942383 AB 3.6305570684851967 1.0831556069271135
61649.3122 lsst_hardware_z 29.33550761167412 42.11000061035156 30.940000534057617 AB 1.8125668499938794 1.1396207796249769
61649.3243 lsst_hardware_i 16.927085051695297 31.200000762939453 31.229999542236328 AB 1.8142715749064318 1.1691777508660748
61651.3002 lsst_hardware_r 40.31317783705018 22.829999923706055 31.479999542236328 AB 1.7733758925301837 1.1257742533122892
