data/validation/pwv_sim_epoch_fit_4/11714598.ecsv
# %ECSV 0.9
# ---
# datatype:
# - {name: time, datatype: float64}
# - {name: band, datatype: string}
# - {name: flux, datatype: float64}
# - {name: fluxerr, datatype: float64}
# - {name: zp, datatype: float64}
# - {name: zpsys, datatype: string}
# - {name: pwv, datatype: float64}
# - {name: airmass, datatype: float64}
# meta: {SNID: '11714598', alt: 1024.0, c: 0.0509050190448761, dec: -0.895283, lat: -30.244573, lon: -70.7499537, ra: 180.878906, t0: 62284.4765625,
#   x0: 2.6481873120142585e-05, x1: -2.0380051136016846, z: 0.3042941391468048}
# schema: astropy-2.0
time band flux fluxerr zp zpsys pwv airmass
62154.358 lsst_hardware_u 0.7562087541766851 3.549999952316284 28.639999389648438 AB 7.696832543796204 1.1498822320574973
62156.3611 lsst_hardware_r -33.86527922608737 26.25 31.510000228881836 AB 11.030841313117381 1.1460912037317799
62158.3657 lsst_hardware_z 7.078326157619521 77.95999908447266 31.709999084472656 AB 10.231051723469289 1.1458655704624754
62160.3568 lsst_hardware_g 2.939582642112094 15.739999771118164 31.43000030517578 AB 8.216447621001445 1.1454288671106463
62160.3765 lsst_hardware_y 87.47185491156985 72.12999725341797 30.020000457763672 AB 8.738673357413036 1.1551960902546456
62162.3164 lsst_hardware_z -96.74271070239688 43.63999938964844 30.940000534057617 AB 14.37151618352849 1.1716546701066761
62162.3346 lsst_hardware_y -49.42314437172231 48.59000015258789 30.010000228881836 AB 16.097357793455753 1.1509279450983336
62163.3531 lsst_hardware_u 2.4260829239963284 2.940000057220459 28.5 AB 12.551915250556567 1.1461017410074326
62163.3716 lsst_hardware_y 12.588865088925308 56.459999084472656 30.030000686645508 AB 12.72844485301156 1.158570786705746
62165.3293 lsst_hardware_z -182.68188690005948 63.650001525878906 30.969999313354492 AB 12.720749720818057 1.149067315913291
62165.3465 lsst_hardware_r 26.981630576245916 73.37999725341797 31.6200008392334 AB 13.281753622469022 1.1458430818478613
62167.3226 lsst_hardware_i -61.47430779101717 90.12999725341797 31.31999969482422 AB 12.367425416540778 1.1498164202808459
62167.3404 lsst_hardware_r -80.38869031709051 112.81999969482422 31.639999389648438 AB 13.266520025121753 1.1457232119572582
62171.3255 lsst_hardware_r 4.407732192338396 65.02999877929688 31.6299991607666 AB 8.858210550375734 1.1453965476483898
62171.3442 lsst_hardware_i 85.61470398326126 57.4900016784668 31.309999465942383 AB 9.568906835443933 1.1531582110682084
62173.331 lsst_hardware_z -65.12047306482421 45.59000015258789 30.950000762939453 AB 3.799360278746083 1.1480164008901899
62173.3489 lsst_hardware_r 22.177169979410007 34.310001373291016 31.559999465942383 AB 5.164963370330851 1.1641540278732196
62175.3309 lsst_hardware_u 1.8110755144397617 3.299999952316284 28.56999969482422 AB 9.390049179835016 1.1512821603083538
62175.3507 lsst_hardware_g -8.69915436660292 17.670000076293945 31.479999542236328 AB 9.580822918377361 1.1750804887625543
62177.2943 lsst_hardware_g 10.40399965236016 15.449999809265137 31.440000534057617 AB 3.3725934831887416 1.150466820122375
62177.3137 lsst_hardware_r 8.919412619255526 24.760000228881836 31.510000228881836 AB 3.3689294032108967 1.1458293985185295
62179.3023 lsst_hardware_r 29.28891990139017 24.65999984741211 31.5 AB 6.990074160640868 1.1454443524196545
62179.319 lsst_hardware_u 2.8371767630496256 2.799999952316284 28.43000030517578 AB 7.0027463357118656 1.1505847337378297
62181.1338 lsst_hardware_g 0.6550855211110614 20.010000228881836 31.790000915527344 AB 4.188023629680182 2.2276721434470894
62183.2718 lsst_hardware_i -10.691564610982034 32.54999923706055 31.239999771118164 AB 5.234553009608708 1.1554879532633981
62183.2902 lsst_hardware_z 25.70178482088273 43.43000030517578 30.940000534057617 AB 5.176193148155381 1.1455556375246987
62185.3055 lsst_hardware_r -5.024207648367992 24.93000030517578 31.5 AB 5.672994541349975 1.1527547963119074
62185.3235 lsst_hardware_u -0.6649637233858371 2.799999952316284 28.40999984741211 AB 5.8027887787432855 1.1752483602518138
62187.2516 lsst_hardware_u 1.1941319309222769 2.859999895095825 28.459999084472656 AB 3.166213848589484 1.1664793744035922
62187.2668 lsst_hardware_g 4.465977576757558 15.510000228881836 31.440000534057617 AB 3.140559216743699 1.1505987238482354
62191.2741 lsst_hardware_r -20.319356358435293 24.799999237060547 31.510000228881836 AB 11.33240337127724 1.1455936553782191
62191.2926 lsst_hardware_y -13.8462409511536 48.599998474121094 30.020000457763672 AB 11.46451593790176 1.155891373339115
62193.2683 lsst_hardware_z -12.424515402384596 57.150001525878906 30.959999084472656 AB 7.441582455724591 1.1455491061113119
62193.2867 lsst_hardware_r -67.35562508896331 63.189998626708984 31.610000610351562 AB 7.480659278332417 1.1554628824815163
62195.2717 lsst_hardware_i -46.99864525835149 102.4000015258789 31.31999969482422 AB 6.25912371942105 1.1483928296901198
62195.2893 lsst_hardware_z 146.19611142380677 87.62999725341797 30.979999542236328 AB 6.370296957537029 1.164765556764351
62197.2682 lsst_hardware_r -225.5986399067428 150.3699951171875 31.6299991607666 AB 3.971150484981802 1.1495032279955042
62197.2872 lsst_hardware_z 68.78061366635104 104.76000213623047 30.979999542236328 AB 3.991365927639364 1.1695739190191534
62198.2243 lsst_hardware_z 27.41182186924035 80.27999877929688 30.979999542236328 AB 6.065301522275975 1.1628076345168261
62198.2411 lsst_hardware_i -67.29129327890199 89.80000305175781 31.31999969482422 AB 5.971445673688533 1.1480421693490939
62201.2679 lsst_hardware_z -34.942638527595435 47.91999816894531 30.950000762939453 AB 9.017633963093443 1.1586073316036887
62201.2858 lsst_hardware_r -91.18555004204399 43.220001220703125 31.579999923706055 AB 9.248072090450547 1.1862966475900993
62203.237 lsst_hardware_r -19.3579469657489 28.200000762939453 31.530000686645508 AB 12.344595649379613 1.1454220879666817
62203.2558 lsst_hardware_y 65.42164595317628 48.619998931884766 30.010000228881836 AB 11.407769609977818 1.15229996060382
62205.234 lsst_hardware_g 28.4970150893507 15.880000114440918 31.440000534057617 AB 11.547766404569778 1.1454128900805691
62205.2529 lsst_hardware_r -2.8637349802654772 25.329999923706055 31.510000228881836 AB 10.912784984311962 1.15448664208537
62207.2386 lsst_hardware_i -9.20180944716423 32.849998474121094 31.25 AB 8.496801753290544 1.1482164531473709
62207.2574 lsst_hardware_z -28.317202716586905 43.900001525878906 30.940000534057617 AB 9.314632452986924 1.1659443753934418
62209.2332 lsst_hardware_r 20.547003805060083 25.170000076293945 31.5 AB 12.85730464120208 1.1482470208265545
62209.2523 lsst_hardware_u 1.3361059664025636 2.7300000190734863 28.34000015258789 AB 12.690379774336062 1.166448805031122
62210.2285 lsst_hardware_g -13.691671114639163 15.920000076293945 31.440000534057617 AB 10.593317867541138 1.1473321637107265
62210.2477 lsst_hardware_i -10.2445313234069 32.849998474121094 31.239999771118164 AB 10.762013499096723 1.1639013139129986
62212.2346 lsst_hardware_z 45.942692113890935 44.06999969482422 30.940000534057617 AB 9.541445022773052 1.1552435176042573
62212.2523 lsst_hardware_r -17.940120888735283 25.530000686645508 31.489999771118164 AB 9.319337511278276 1.179662976111174
62215.2325 lsst_hardware_u 1.9217259732827363 2.9600000381469727 28.530000686645508 AB 5.69805610280139 1.1619200862156362
62215.2532 lsst_hardware_g -3.520218974342087 15.979999542236328 31.440000534057617 AB 5.974943266375125 1.1984241357976448
62217.1971 lsst_hardware_g 15.207302614678312 16.06999969482422 31.469999313354492 AB 5.462037561262964 1.1455815911064504
62217.2162 lsst_hardware_r 42.693905152517154 25.360000610351562 31.520000457763672 AB 6.673881824249204 1.1512482123336512
62219.1953 lsst_hardware_i -1.8232463300264112 35.08000183105469 31.270000457763672 AB 6.846862849285088 1.1453913009552088
62219.2143 lsst_hardware_z 29.000046034650072 43.7400016784668 30.950000762939453 AB 6.845039642734388 1.154144663661843
62223.207 lsst_hardware_i 86.7428218847535 96.44000244140625 31.31999969482422 AB 8.323078751608534 1.1576982684915598
62223.2255 lsst_hardware_z 17.54053985132629 85.0999984741211 30.989999771118164 AB 9.098849981722307 1.1858269232011187
62225.1794 lsst_hardware_z 131.75193606191831 114.02999877929688 30.989999771118164 AB 7.783067391823259 1.1454109480240264
62225.197 lsst_hardware_r 59.085342762943874 170.44000244140625 31.639999389648438 AB 7.815809566087693 1.153341303406935
62229.1724 lsst_hardware_r 80.62392221358377 51.61000061035156 31.610000610351562 AB 7.200457002428686 1.1459613266464752
62229.1905 lsst_hardware_i 42.37483544295137 47.099998474121094 31.290000915527344 AB 7.233286545408027 1.1575727961284583
62233.1749 lsst_hardware_u -1.1491003882964752 2.7699999809265137 28.3799991607666 AB 11.75868007454436 1.1531226629281777
62233.1936 lsst_hardware_r -15.811307600913466 25.200000762939453 31.489999771118164 AB 12.099825509011518 1.1772262310229387
62237.1565 lsst_hardware_r -4.353743373143063 24.940000534057617 31.489999771118164 AB 3.428570278508603 1.1481189714553715
62237.1738 lsst_hardware_u 2.740528784609074 2.7100000381469727 28.329999923706055 AB 3.8292259205206376 1.1636626581809069
62241.1083 lsst_hardware_g -6.630412656297811 15.579999923706055 31.43000030517578 AB 12.069296075900061 1.1610581357436667
62241.1251 lsst_hardware_r -14.018235253609959 25.0 31.5 AB 12.121064492123184 1.1473934581714487
62243.1654 lsst_hardware_i 15.806921085102195 33.15999984741211 31.239999771118164 AB 17.208017104391303 1.175678690803323
62243.1825 lsst_hardware_z -14.031472961404132 44.880001068115234 30.940000534057617 AB 16.610187181717368 1.2126584625998273
62245.1269 lsst_hardware_z 20.301718291375614 43.4900016784668 30.950000762939453 AB 10.807786204950766 1.14562075524176
62245.1448 lsst_hardware_r 28.14972801535778 24.969999313354492 31.510000228881836 AB 11.006444039805597 1.1555321826567555
62247.1278 lsst_hardware_z -39.49732147007803 44.290000915527344 30.940000534057617 AB 8.437911709919428 1.147468784921388
62247.1446 lsst_hardware_r 21.497145529158907 26.809999465942383 31.510000228881836 AB 8.448823784331468 1.1612705359537445
62249.1237 lsst_hardware_i -84.24937946918276 47.150001525878906 31.290000915527344 AB 5.363646236876679 1.14810215377036
62249.141 lsst_hardware_z -92.92530742713137 51.13999938964844 30.959999084472656 AB 6.28295416944751 1.1636177737656284
62251.1273 lsst_hardware_r 127.47621190827799 103.05000305175781 31.6299991607666 AB 16.13331313602086 1.1544823167927911
62251.1435 lsst_hardware_z 133.04585943855548 78.58000183105469 30.979999542236328 AB 16.535945744381262 1.1755829527860893
62253.1254 lsst_hardware_y 40.47999776315606 69.56999969482422 30.020000457763672 AB 5.231422685351884 1.1580349054459067
62253.1429 lsst_hardware_r -21.882274723457062 142.91000366210938 31.6200008392334 AB 5.348874328119128 1.1844711558853946
62255.1223 lsst_hardware_i -163.30172261442644 84.81999969482422 31.309999465942383 AB 10.237758869062546 1.1607217024314596
62255.1396 lsst_hardware_z -43.12741985270745 73.88999938964844 30.969999313354492 AB 9.760522193009669 1.188821557566416
62258.1212 lsst_hardware_r -109.23766904746982 50.40999984741211 31.59000015258789 AB 10.418155430524198 1.1704148777446088
62258.1387 lsst_hardware_g -64.02894725881147 53.0099983215332 31.639999389648438 AB 9.01667628582374 1.2053842902487064
62260.1221 lsst_hardware_r -25.1839171130457 25.40701876910034 31.489999771118164 AB 13.960580454631565 1.1812480817896995
62260.1391 lsst_hardware_i 43.98146907206439 37.14799891507504 31.25 AB 12.322396550808039 1.2209055815982996
62263.0838 lsst_hardware_r -176.17827619582786 27.872583706128193 31.5 AB 7.652735995799367 1.147336731004403
62267.0812 lsst_hardware_i 290.089145576214 37.228962579160104 31.25 AB 8.876002257957758 1.1524157651663152
62267.0974 lsst_hardware_z 371.1067630823137 47.71371040801496 30.940000534057617 AB 9.18261584002943 1.1716256255220963
62269.0384 lsst_hardware_r 781.2907391921839 37.823599805548206 31.489999771118164 AB 8.169674879599683 1.1541669930327745
62269.0574 lsst_hardware_g 360.42497296455434 23.918777119675298 31.43000030517578 AB 8.412443013172357 1.1453941811773385
62271.0362 lsst_hardware_r 1616.1380516792592 47.61016278931064 31.489999771118164 AB 6.771804954702359 1.1514879972854049
62271.0569 lsst_hardware_i 1375.859640207622 49.67733514798448 31.239999771118164 AB 7.447646638145553 1.1457917904839312
62276.039 lsst_hardware_z 3677.1437296888275 73.61857405341044 30.940000534057617 AB 7.998310038913698 1.1453837305269208
62276.0597 lsst_hardware_i 3917.9684359540224 71.24467814858507 31.25 AB 8.129987267732899 1.1551011983519057
62278.0008 lsst_hardware_r 6907.385760335224 101.66472151645296 31.610000610351562 AB 5.285501943493213 1.1698980599818973
62278.0214 lsst_hardware_z 4218.094324196622 84.92921386155228 30.959999084472656 AB 5.329961802548803 1.1486986643423505
62280.9987 lsst_hardware_y 1421.128639940552 67.55409891959705 30.020000457763672 AB 5.464491932480366 1.161525164994562
62281.0214 lsst_hardware_r 8679.640018700266 133.2471287405573 31.6299991607666 AB 5.449106795064255 1.1457331360521732
62283.9993 lsst_hardware_i 6522.18229623682 106.08229651603557 31.309999465942383 AB 7.432137836564633 1.1525821481121938
62289.9993 lsst_hardware_z 4334.115460995871 77.1548178825984 30.940000534057617 AB 10.501146958354918 1.1454338856896435
62290.0222 lsst_hardware_i 6240.743586883567 84.02243213925674 31.25 AB 10.30880521302844 1.1558036303498205
62302.9596 lsst_hardware_y 707.9695413386687 57.54824193751318 30.010000228881836 AB 10.476302923314275 1.1461097747246423
62302.9833 lsst_hardware_r 3154.3429152789904 62.599401276885814 31.510000228881836 AB 10.506991340046486 1.1527459710958947
62304.9709 lsst_hardware_z 5081.44350149256 97.0039810698653 31.709999084472656 AB 7.702756748967313 1.1481657162612777
62306.9595 lsst_hardware_y 872.4055300809827 65.5347236832209 30.020000457763672 AB 4.1064610257347605 1.1459891234608635
62306.9833 lsst_hardware_g 697.5535962472071 61.961001129546034 31.670000076293945 AB 4.2800784961282305 1.1645151786315016
62518.3548 lsst_hardware_i -1.0593081405770928 33.47999954223633 31.239999771118164 AB 2.656637453724792 1.15505976248904
62520.3518 lsst_hardware_z 16.386476857966606 63.349998474121094 30.969999313354492 AB 7.112280660331453 1.152875427853268
62520.3715 lsst_hardware_y -152.27839923281832 69.87999725341797 30.030000686645508 AB 7.0596057126089065 1.1453890991496563
62522.3602 lsst_hardware_i -2.487449440637085 82.83999633789062 31.31999969482422 AB 12.873544685327898 1.1457748852162395
62524.363 lsst_hardware_z 75.59659281672542 117.25 31.729999542236328 AB 10.724389181781802 1.1456762739932023
62526.3539 lsst_hardware_r -30.699725269248688 68.93000030517578 31.6200008392334 AB 11.197608323669089 1.1453400944768928
62526.3742 lsst_hardware_y -39.37245070956734 66.25 30.020000457763672 AB 11.269711353396001 1.1548807535504015
62528.3142 lsst_hardware_r 0.28856448166630383 34.790000915527344 31.549999237060547 AB 13.827084376715613 1.17185301797127
62528.3318 lsst_hardware_y -22.25727204886918 49.5099983215332 30.010000228881836 AB 13.629380950495374 1.1514218932580362
62530.3318 lsst_hardware_u -2.6315577229624587 3.0199999809265137 28.43000030517578 AB 12.70707087131507 1.1480391083990666
62530.3499 lsst_hardware_g -21.2907062886519 17.049999237060547 31.459999084472656 AB 13.250041210770247 1.1464866029436707
62532.329 lsst_hardware_r 13.464308262330428 24.56999969482422 31.489999771118164 AB 12.333292558471012 1.146882953246171
62532.3458 lsst_hardware_z 0.0984506813051883 43.060001373291016 30.940000534057617 AB 13.21829511622329 1.1469651208986549
62534.3297 lsst_hardware_r 27.094129725276954 24.610000610351562 31.489999771118164 AB 9.547210224320105 1.1454361396904922
62534.3476 lsst_hardware_u 2.7460332139102186 2.740000009536743 28.3799991607666 AB 11.343748418061255 1.150948500209137
62536.3255 lsst_hardware_g 6.613468295045165 15.40999984741211 31.43000030517578 AB 8.857851611185941 1.1453501355986346
62536.3434 lsst_hardware_r 45.70853346400805 24.649999618530273 31.489999771118164 AB 9.574854980636582 1.1518853487552532
62540.3267 lsst_hardware_r 22.357653423730287 24.56999969482422 31.489999771118164 AB 9.357312590426359 1.1481834746320536
62540.3449 lsst_hardware_u -1.2000624843507772 2.6700000762939453 28.31999969482422 AB 9.528407625971898 1.1651150077102903
62542.3286 lsst_hardware_g -35.81189262178544 15.329999923706055 31.420000076293945 AB 3.3474409426296767 1.1531633263925039
