data/validation/pwv_sim_epoch_fit_4/11883621.ecsv
# %ECSV 0.9
# ---
# datatype:
# - {name: time, datatype: float64}
# - {name: band, datatype: string}
# - {name: flux, datatype: float64}
# - {name: fluxerr, datatype: float64}
# - {name: zp, datatype: float64}
# - {name: zpsys, datatype: string}
# - {name: pwv, datatype: float64}
# - {name: airmass, datatype: float64}
# meta: {SNID: '11883621', alt: 1024.0, c: 0.011205450631678104, dec: -17.113819, lat: -30.244573, lon: -70.7499537, ra: 50.625, t0: 63157.15625,
#   x0: 4.280828062021594e-06, x1: -1.0839210748672485, z: 0.6539934873580933}
# schema: astropy-2.0
time band flux fluxerr zp zpsys pwv airmass
63108.377 lsst_hardware_z -45.005266681296234 46.90999984741211 30.959999084472656 AB 2.4899007100319785 1.0351582774523191
63108.3948 lsst_hardware_y 53.68297988140541 46.720001220703125 30.049999237060547 AB 2.4831978219205095 1.0275301332084867
63110.3834 lsst_hardware_z -90.08739573099312 58.25 30.979999542236328 AB 0.7703458684647715 1.028842562223401
63110.4013 lsst_hardware_y 24.9701333017434 51.869998931884766 30.059999465942383 AB 0.6915604363755508 1.0285975751743441
63113.393 lsst_hardware_y 126.60825020558447 74.4800033569336 30.809999465942383 AB 2.4321282548869494 1.0285652531680491
63121.3514 lsst_hardware_u 0.3686959230934644 2.6500000953674316 28.40999984741211 AB 3.363192408999748 1.029548696632576
63121.3719 lsst_hardware_r 40.68718155565933 22.510000228881836 31.5 AB 3.4704580307019994 1.028791906334585
63123.3515 lsst_hardware_i -22.927345342346705 30.040000915527344 31.25 AB 1.5070770512818534 1.0279029564273185
63123.3698 lsst_hardware_z -13.427511260932224 40.83000183105469 30.950000762939453 AB 1.5021706070079526 1.030059844805307
63125.3392 lsst_hardware_r 28.716464494530275 22.19777469965021 31.489999771118164 AB 4.301099659255093 1.0300801483068884
63125.3577 lsst_hardware_u -5.519039328798995 2.6520828925546613 28.40999984741211 AB 4.238942442638277 1.0279339054594185
63130.2011 lsst_hardware_r -38.05585747818705 24.385094569463217 31.399999618530273 AB 6.553458492212248 1.4617379536532895
63130.2398 lsst_hardware_i -113.58517143737583 31.86167031037153 31.219999313354492 AB 4.003274843364059 1.2197668626948701
63136.3236 lsst_hardware_i 144.85222875963169 40.14046761935777 31.290000915527344 AB 4.420592637295557 1.0273877490663994
63136.3427 lsst_hardware_z 124.08918904707049 42.520723606472245 30.950000762939453 AB 5.038881598157304 1.0349613031953933
63139.2428 lsst_hardware_y 466.92147498126525 114.0117854572706 31.540000915527344 AB 4.101106269590291 1.1202912708025106
63148.2834 lsst_hardware_i 910.6086192188204 45.13645091330634 31.260000228881836 AB 2.6506220276136623 1.027870878376602
63148.3008 lsst_hardware_z 783.8073864243316 49.80162274504189 30.950000762939453 AB 2.7839936470717497 1.02974212510745
63150.2832 lsst_hardware_r 1229.3584943370163 41.70403784972514 31.489999771118164 AB 4.287389552687442 1.0273297650210798
63150.3017 lsst_hardware_u 2.272025496871893 2.8307136172972047 28.399999618530273 AB 4.674771473797621 1.0330606181277202
63152.2826 lsst_hardware_g 259.16339858123945 21.084416211015135 31.420000076293945 AB 5.715278110997186 1.0276812714572163
63152.3002 lsst_hardware_r 1293.832416820406 42.45215943378447 31.489999771118164 AB 5.429158564509334 1.0358518606265295
63154.2781 lsst_hardware_i 1248.6119503935822 46.424107127658175 31.239999771118164 AB 6.479206509145853 1.027847259660386
63154.295 lsst_hardware_z 947.6804992168296 50.53216103665785 30.940000534057617 AB 5.80743213690854 1.0360547342248823
63156.2811 lsst_hardware_r 1360.0805455989891 42.947308511957345 31.5 AB 6.37289883944387 1.0306991667227305
63156.3003 lsst_hardware_g 216.63034255400345 20.641439743564355 31.43000030517578 AB 5.679225914401414 1.0466207628475108
63158.2517 lsst_hardware_u -0.6696860900970174 2.7473053261753106 28.440000534057617 AB 3.703924618142169 1.0290585158757646
63158.2688 lsst_hardware_r 1284.0900262734942 42.32595797523459 31.5 AB 3.767324094514795 1.0281998074550274
63160.258 lsst_hardware_i 1261.7606580291667 46.94472467035663 31.260000228881836 AB 2.048167286729376 1.0273798202881124
63160.2755 lsst_hardware_z 981.7573503583172 51.22786540867812 30.950000762939453 AB 2.060580790600937 1.0337794007780945
63162.2598 lsst_hardware_r 1154.733138793688 40.39095217652927 31.5 AB 3.702593164432566 1.0287362346187636
63162.2777 lsst_hardware_u 3.065215412190027 2.742115752234775 28.450000762939453 AB 3.799876456776905 1.0399935564220062
63169.2445 lsst_hardware_r 831.45388541893 117.57829316559487 31.65999984741211 AB 5.183872996624741 1.030181438120974
63169.2613 lsst_hardware_z 942.9119480042258 82.65636537399476 30.989999771118164 AB 3.603587407629756 1.0427046897078713
63171.2456 lsst_hardware_z 808.6837767883742 74.2278209063319 30.989999771118164 AB 5.091191884719685 1.033866999756951
63171.2647 lsst_hardware_r 1008.6601994334885 102.51052047192941 31.649999618530273 AB 5.2727299040417845 1.053492488320037
63180.2077 lsst_hardware_g 9.412006000182869 14.400677460375375 31.43000030517578 AB 9.078597525481895 1.027959712264367
63180.2252 lsst_hardware_i 518.2016229383086 37.82089578868836 31.25 AB 9.402542213797002 1.0370069718536452
63185.2069 lsst_hardware_u 1.985301262935646 2.685039086654454 28.3799991607666 AB 3.8861305399351966 1.0335453563657437
63185.2248 lsst_hardware_g 39.42163594047272 15.014401391981314 31.40999984741211 AB 7.722254878703884 1.0512190142530056
63188.1912 lsst_hardware_g 30.80193104281451 15.630277732013184 31.420000076293945 AB 5.7116666095783195 1.0295774333411913
63188.2105 lsst_hardware_r 133.4716283988886 25.864707626217665 31.489999771118164 AB 4.715341357942784 1.0438522016587048
63190.1889 lsst_hardware_i 219.96581850240437 34.648049276178355 31.25 AB 5.1687707265759375 1.031004799184179
63190.2093 lsst_hardware_z 364.2755814314166 45.52323576426859 30.950000762939453 AB 5.155134624759053 1.0488397195216872
63192.1923 lsst_hardware_r 172.16099443603304 31.364458082830872 31.549999237060547 AB 3.806430940426762 1.036892111257806
63192.2121 lsst_hardware_z 328.26474977849125 46.357289270322035 30.940000534057617 AB 3.297716691054085 1.0605011467945813
63194.1771 lsst_hardware_z 324.3543300491608 52.661096112540896 30.969999313354492 AB 8.040521614630597 1.0305718552461671
63194.1986 lsst_hardware_i 264.94323848067603 50.22962192965385 31.309999465942383 AB 8.2649426145262 1.0491168589143272
63196.1771 lsst_hardware_z 262.54705718566237 64.4643911261555 30.989999771118164 AB 4.805664971101664 1.0336986386538318
63196.1972 lsst_hardware_r 181.93128558567608 84.84315466832915 31.649999618530273 AB 4.8670998461832555 1.0545500172287858
63198.0758 lsst_hardware_y 401.33595390880123 87.97222305967001 30.780000686645508 AB 4.421321837924012 1.1378541231682282
63203.1571 lsst_hardware_i 125.70389984960245 46.76859296837618 31.309999465942383 AB 6.682546082899674 1.03311714757531
63203.1745 lsst_hardware_z 329.1287965983868 50.74282623458689 30.969999313354492 AB 6.699899948626441 1.0497157363234144
63207.1607 lsst_hardware_g 30.589228413872036 14.636304454131604 31.399999618530273 AB 4.72461396779045 1.0461944127082485
63207.1788 lsst_hardware_i 124.3121910862082 32.285625795275976 31.239999771118164 AB 4.336535399372236 1.073754225661663
63209.1481 lsst_hardware_z 158.77254098924902 42.890803087305315 30.950000762939453 AB 5.688740715936094 1.0388022307118898
63209.1661 lsst_hardware_r 77.7540427230182 23.756944844685968 31.489999771118164 AB 5.834861115381802 1.0611571675216391
63212.1026 lsst_hardware_u 2.6494438961323237 3.317433566536552 28.450000762939453 AB 12.817349542061546 1.0296713963738389
63212.1223 lsst_hardware_g 29.61605978657039 14.560642115717418 31.420000076293945 AB 12.792354151421517 1.028434517479419
63215.124 lsst_hardware_g 11.931891056612809 14.389417563912705 31.40999984741211 AB 8.03477790421192 1.032902936941134
63215.1419 lsst_hardware_r 65.80538571547694 23.66541063419937 31.489999771118164 AB 8.262331641784865 1.0499248441635864
63217.0831 lsst_hardware_i 113.23209447175343 31.614213634527527 31.260000228881836 AB 11.280983424749719 1.0326394322885022
63217.1015 lsst_hardware_z 171.7185893524385 42.29973311912684 30.950000762939453 AB 9.878182886319642 1.0273275957519237
63219.0719 lsst_hardware_r 78.33449857092207 25.109953091758417 31.510000228881836 AB 4.3211030808255755 1.0367329848429883
63219.0909 lsst_hardware_u -2.040124991777964 3.427552362332963 28.530000686645508 AB 3.139224462751123 1.0276254447326894
63221.0735 lsst_hardware_g 53.72816490483495 30.737426064465208 31.649999618530273 AB 4.553090701686343 1.0318619153963384
63221.0921 lsst_hardware_i 45.14988244963308 37.17686526871204 31.280000686645508 AB 3.184983215515718 1.0274139404889413
63223.0714 lsst_hardware_z 2.6405183534861663 52.72647804904465 30.969999313354492 AB 5.018961401386226 1.0301644912533303
63223.0907 lsst_hardware_r -91.63654271256192 57.137439012498284 31.639999389648438 AB 4.391095927807521 1.028038690761867
63225.0872 lsst_hardware_y 151.5645831667696 75.64745923904815 30.809999465942383 AB 6.181041712030998 1.028545088947666
63227.0512 lsst_hardware_z 138.73049116664586 66.561815694606 30.989999771118164 AB 6.545609581616441 1.035820640363404
63227.0731 lsst_hardware_r -27.883960993665667 93.5106787564617 31.65999984741211 AB 6.457942129006714 1.027312329132108
63230.0508 lsst_hardware_y -71.6596838057904 52.90559607178397 30.059999465942383 AB 8.824800997031337 1.0308644461959957
63230.0698 lsst_hardware_z 102.84416828583225 57.16064359673636 30.979999542236328 AB 8.602637588336835 1.0276918970636337
