data/validation/pwv_sim_epoch_fit_4/11922386.ecsv
# %ECSV 0.9
# ---
# datatype:
# - {name: time, datatype: float64}
# - {name: band, datatype: string}
# - {name: flux, datatype: float64}
# - {name: fluxerr, datatype: float64}
# - {name: zp, datatype: float64}
# - {name: zpsys, datatype: string}
# - {name: pwv, datatype: float64}
# - {name: airmass, datatype: float64}
# meta: {SNID: '11922386', alt: 1024.0, c: -0.016921009868383408, dec: -54.724628, lat: -30.244573, lon: -70.7499537, ra: 58.5, t0: 59872.47265625,
#   x0: 2.8171400242632396e-06, x1: -0.31136488914489746, z: 0.7754677534103394}
# schema: astropy-2.0
time band flux fluxerr zp zpsys pwv airmass
[from data line 132]
60278.2567 lsst_hardware_r -264.6980361265622 74.68000030517578 31.6200008392334 AB 7.2747844901730385 1.1971997844438473
60280.2416 lsst_hardware_y -137.44622152112532 97.31999969482422 30.030000686645508 AB 7.407291121810354 1.175760495525453
60280.2531 lsst_hardware_g -80.0656405669879 81.44000244140625 31.65999984741211 AB 8.262744970397929 1.2016935880643205
60282.2696 lsst_hardware_r -56.0039309663134 72.79000091552734 31.600000381469727 AB 5.530367900241029 1.2641322489026097
60282.2815 lsst_hardware_i 2.5619570529734195 74.12000274658203 31.290000915527344 AB 5.701371835616511 1.3060066053410861
60284.2638 lsst_hardware_z 92.00449292274018 91.0199966430664 30.969999313354492 AB 6.5896404217310085 1.2630284478145302
60284.2753 lsst_hardware_r 56.98338465061798 73.58000183105469 31.59000015258789 AB 6.633415752314558 1.3032250986865537
60290.1693 lsst_hardware_r 10.789034581005229 73.66000366210938 31.6299991607666 AB 14.120223710353649 1.1118286386105236
60290.1829 lsst_hardware_z 63.22686799133374 89.27999877929688 30.989999771118164 AB 14.291693800915876 1.1253302205445572
60293.1699 lsst_hardware_r -31.782862596828497 21.68000030517578 31.469999313354492 AB 8.92548979844799 1.120012941466777
60293.1834 lsst_hardware_u 0.8344890947582075 2.509999990463257 28.309999465942383 AB 9.062533670846673 1.136508801321666
60295.1187 lsst_hardware_u 0.3272685841088557 2.6700000762939453 28.420000076293945 AB 10.541420385521677 1.0983029704905867
60295.1322 lsst_hardware_g 5.076523981538809 13.15999984741211 31.3799991607666 AB 10.33141474088363 1.0994180594381602
60297.1216 lsst_hardware_r -35.15762490130949 27.3700008392334 31.530000686645508 AB 3.3902763960836375 1.0984803097796987
60297.1335 lsst_hardware_i 64.60150714524823 32.86000061035156 31.260000228881836 AB 3.7152216472911284 1.1016224306274658
60301.1053 lsst_hardware_i 57.5495417417391 47.34000015258789 31.299999237060547 AB 4.663779382204618 1.0981781049891177
60301.1179 lsst_hardware_z -95.79259119601763 49.66999816894531 30.959999084472656 AB 4.692897246687701 1.0999837284212663
60303.1048 lsst_hardware_i -51.054594162295324 56.52000045776367 31.309999465942383 AB 6.66146766372423 1.0984364191152165
60303.1174 lsst_hardware_z -62.66868211644218 54.72999954223633 30.969999313354492 AB 6.643788816452959 1.1017435125331954
60304.1051 lsst_hardware_z 8.46467037266631 56.40999984741211 30.969999313354492 AB 8.25078696807007 1.098883946912773
60304.117 lsst_hardware_r -18.051819715612798 76.33999633789062 31.639999389648438 AB 8.254278136702741 1.1027759701672906
60306.1039 lsst_hardware_i -11.276648121303175 57.75 31.309999465942383 AB 5.951117944854486 1.0998862638346143
60306.1172 lsst_hardware_r 73.27631019243633 72.31999969482422 31.6299991607666 AB 5.876408985226505 1.105835337829602
60308.1063 lsst_hardware_u 2.4016775563974866 6.25 28.989999771118164 AB 8.120531689386562 1.1028835650395983
60308.1194 lsst_hardware_g 7.8985834117945375 41.25 31.670000076293945 AB 8.158680339959686 1.111234042489742
60310.1048 lsst_hardware_r 37.553980189235354 21.739999771118164 31.469999313354492 AB 7.6572537816259025 1.1049635536634745
60310.1186 lsst_hardware_i -46.40600228175683 30.280000686645508 31.229999542236328 AB 7.72462899012752 1.1152387902474388
60314.1002 lsst_hardware_u 0.0523648806560232 2.549999952316284 28.350000381469727 AB 11.608779034956317 1.1090836949418468
60314.114 lsst_hardware_g -16.855604400248414 12.779999732971191 31.360000610351562 AB 11.700478482420381 1.1215591094118011
60316.0854 lsst_hardware_g 5.788765775114095 12.739999771118164 31.360000610351562 AB 9.69053575622234 1.1033496126408342
60316.0978 lsst_hardware_r -23.965438155717425 21.65999984741211 31.459999084472656 AB 9.750719256700089 1.1114358414506593
60318.0862 lsst_hardware_i 10.267005411807844 30.559999465942383 31.239999771118164 AB 7.242553938617363 1.10695868535667
60318.0984 lsst_hardware_r 4.660784438360039 22.100000381469727 31.479999542236328 AB 7.2962615524321865 1.1167889721703896
60324.0697 lsst_hardware_z -40.758823824887116 41.75 30.940000534057617 AB 6.6319045662379015 1.1068855155199702
60324.0823 lsst_hardware_r 9.357936364876108 22.290000915527344 31.479999542236328 AB 6.632575183222562 1.1170652940164314
60326.0728 lsst_hardware_z -73.03939207754074 42.619998931884766 30.940000534057617 AB 3.027524613808348 1.113367514501561
60326.0864 lsst_hardware_g -7.928533804161827 19.559999465942383 31.510000228881836 AB 2.1828467464371237 1.1275034847299419
60328.0731 lsst_hardware_r 26.052145922056013 36.279998779296875 31.56999969482422 AB 4.107292487845787 1.1187722132368445
60328.0863 lsst_hardware_z -16.911495698848913 45.060001373291016 30.940000534057617 AB 4.413640303784398 1.134417487264665
