data/validation/pwv_sim_epoch_fit_4/12091870.ecsv
# %ECSV 0.9
# ---
# datatype:
# - {name: time, datatype: float64}
# - {name: band, datatype: string}
# - {name: flux, datatype: float64}
# - {name: fluxerr, datatype: float64}
# - {name: zp, datatype: float64}
# - {name: zpsys, datatype: string}
# - {name: pwv, datatype: float64}
# - {name: airmass, datatype: float64}
# meta: {SNID: '12091870', alt: 1024.0, c: 0.03985772654414177, dec: -27.784405, lat: -30.244573, lon: -70.7499537, ra: 109.335938, t0: 62101.39453125,
#   x0: 6.874756241742978e-05, x1: 0.2892901599407196, z: 0.19989903271198273}
# schema: astropy-2.0
time band flux fluxerr zp zpsys pwv airmass
[from data line 132]
62458.2966 lsst_hardware_i 18.18020749467586 43.650001525878906 31.299999237060547 AB 4.730466847994842 1.031426742058618
62460.2623 lsst_hardware_i 19.24675107425152 61.95000076293945 31.31999969482422 AB 4.792092685000257 1.087669987138322
62460.2776 lsst_hardware_z -28.207748643163303 56.790000915527344 30.979999542236328 AB 4.631571371142512 1.0538273882007994
62461.256 lsst_hardware_r -9.548090462964396 85.33000183105469 31.639999389648438 AB 3.6171539772445533 1.0969937254080453
62461.2726 lsst_hardware_z -8.28942834164582 60.13999938964844 30.979999542236328 AB 3.544438915883637 1.0582520648537928
62465.1816 lsst_hardware_i -100.67445769057905 59.470001220703125 31.260000228881836 AB 8.215825453734487 1.388981479921251
62465.2004 lsst_hardware_z -109.59332958472501 57.52000045776367 30.950000762939453 AB 7.545233621159638 1.2717400339051703
62468.2 lsst_hardware_u -1.7915264882196948 3.700000047683716 28.549999237060547 AB 3.9427571128899475 1.2321115977781085
62468.2162 lsst_hardware_g 61.03036053019616 27.479999542236328 31.579999923706055 AB 4.517309409570423 1.1632057189572351
62473.2034 lsst_hardware_r -23.24299870419408 22.209999084472656 31.459999084472656 AB 7.404059460014634 1.1600346824359855
62473.2198 lsst_hardware_i -30.67388516692111 30.420000076293945 31.239999771118164 AB 6.972960293417128 1.1065203898443472
62479.1444 lsst_hardware_g 8.86860300740379 13.170000076293945 31.299999237060547 AB 7.591033756895891 1.3816952597189465
62479.1666 lsst_hardware_i 12.116452751919399 31.290000915527344 31.219999313354492 AB 6.857503038052563 1.2486728241423979
62481.1236 lsst_hardware_r -18.47284305707813 25.59000015258789 31.420000076293945 AB 16.074353915823362 1.5042090458133923
62481.1453 lsst_hardware_z -55.804520213194444 44.95000076293945 30.920000076293945 AB 12.818700215583458 1.338895826293218
62483.1233 lsst_hardware_r 2.8610910878418703 34.11000061035156 31.479999542236328 AB 17.599410064050637 1.459623476180728
62483.146 lsst_hardware_y -41.89425240578987 50.349998474121094 29.959999084472656 AB 13.43249955774437 1.30122053257235
62485.1278 lsst_hardware_z -49.91989762870594 49.779998779296875 30.93000030517578 AB 10.899106163036876 1.3832401083313461
62485.1501 lsst_hardware_r 10.575237852614391 43.0 31.56999969482422 AB 9.838924273368637 1.24927041026905
62487.126 lsst_hardware_i -1.612310634355771 51.369998931884766 31.260000228881836 AB 12.749267098380896 1.3580145678120423
62487.1487 lsst_hardware_z -44.12758863058141 51.77000045776367 30.950000762939453 AB 11.532590427660518 1.2293671117066225
62489.133 lsst_hardware_r 65.23538965218651 81.58000183105469 31.600000381469727 AB 4.22574025885926 1.2819841513414516
62489.1562 lsst_hardware_z 130.89822080470398 59.52000045776367 30.969999313354492 AB 4.114257715764792 1.1734068351557339
62491.1306 lsst_hardware_z 17.658864199757833 71.80999755859375 30.959999084472656 AB 5.277031876600341 1.2653994068942471
62491.152 lsst_hardware_i 82.36673080086814 79.1500015258789 31.309999465942383 AB 4.873932284236602 1.1685284785990417
62493.134 lsst_hardware_z 83.6479901286776 65.93000030517578 30.969999313354492 AB 5.9638360455349995 1.2214717963205324
62493.1554 lsst_hardware_r -82.70795819124369 86.08000183105469 31.6299991607666 AB 5.534293834732829 1.1367943515367998
62495.1343 lsst_hardware_u 17.27782229245312 8.15999984741211 29.059999465942383 AB 7.599632921321405 1.1958980166523316
62495.1574 lsst_hardware_g 52.80351048763699 57.86000061035156 31.690000534057617 AB 7.0881287678521065 1.1133040825934906
62497.1609 lsst_hardware_i -25.595044921513868 50.099998474121094 32.0099983215332 AB 5.261652964516163 1.088636624324453
62497.1831 lsst_hardware_z -49.104114210016675 62.5099983215332 31.709999084472656 AB 5.783024539077995 1.0422054856717018
62501.1372 lsst_hardware_u 5.700661849324843 2.700000047683716 28.440000534057617 AB 7.54801243288345 1.1249739075763394
62501.1593 lsst_hardware_r -19.28847769765327 22.229999542236328 31.489999771118164 AB 7.1953861763454645 1.066733801763532
62505.142 lsst_hardware_r 0.7281056289177494 22.280000686645508 31.479999542236328 AB 2.719527915770944 1.0813232269466975
62505.1633 lsst_hardware_u -1.6965572657710841 2.640000104904175 28.43000030517578 AB 2.5119409631645393 1.0388864917447689
62507.1412 lsst_hardware_g 11.874298407973399 13.270000457763672 31.3799991607666 AB 8.442382228737664 1.070496600112556
62507.162 lsst_hardware_r -11.179869401245748 21.93000030517578 31.479999542236328 AB 8.106518714592752 1.0325898498547177
62509.0356 lsst_hardware_z 42.497534721034114 83.4000015258789 30.920000076293945 AB 16.325621412994963 1.6188023215661835
62509.0579 lsst_hardware_g 12.301034818248546 14.739999771118164 31.31999969482422 AB 11.54951761679357 1.4152953393534182
62510.128 lsst_hardware_r -15.626746118187587 22.1299991607666 31.479999542236328 AB 6.925877425557319 1.082168347743331
62510.145 lsst_hardware_g 7.583958304070795 13.229999542236328 31.399999618530273 AB 6.698614698541565 1.0466585466471194
62512.1256 lsst_hardware_r 30.95402523812906 26.030000686645508 31.530000686645508 AB 5.239384196845173 1.0749108471754962
62512.1428 lsst_hardware_i -22.86474584281816 31.649999618530273 31.260000228881836 AB 5.080421668432236 1.0411233502602053
62514.1227 lsst_hardware_z -44.97009392883159 44.56999969482422 30.950000762939453 AB 3.2530367174223858 1.0691400254455512
62514.1386 lsst_hardware_i -30.910249199061163 36.939998626708984 31.280000686645508 AB 5.186776832502212 1.0390871784645501
62517.0341 lsst_hardware_y -316.86445360220057 84.26000213623047 29.940000534057617 AB 3.9890556939685786 1.4303671884187814
62517.0511 lsst_hardware_z 31.66093586516823 57.36000061035156 30.940000534057617 AB 4.457591645912053 1.3134708348912127
62521.034 lsst_hardware_z -8.040705754856539 88.5 30.959999084472656 AB 12.086293576033071 1.3524638925790937
62521.0513 lsst_hardware_r -70.28182476961027 101.80999755859375 31.610000610351562 AB 10.325553564009011 1.251835146172036
62527.0332 lsst_hardware_y 94.24906121756996 71.3499984741211 30.0 AB 13.72976008050417 1.2606905069023173
62527.0508 lsst_hardware_i -6.391263220598927 31.559999465942383 31.229999542236328 AB 14.049410084921973 1.1799121048882584
62529.0318 lsst_hardware_y -55.55635740165371 73.41000366210938 29.989999771118164 AB 13.719331539171167 1.2401095127154629
62529.0499 lsst_hardware_r 11.960225662747291 22.790000915527344 31.459999084472656 AB 13.535309451142851 1.1622614521403827
62531.0322 lsst_hardware_y 140.89856508203943 67.19999694824219 30.0 AB 13.098815175970596 1.2125351536760969
62531.0513 lsst_hardware_g -0.7294830547324823 13.510000228881836 31.360000610351562 AB 12.646736224507235 1.1379445329630695
62533.0316 lsst_hardware_z -35.50197403585607 85.30000305175781 31.709999084472656 AB 10.192788338382009 1.1914422370989965
62533.0499 lsst_hardware_i 61.43977953043713 43.83000183105469 31.979999542236328 AB 9.123220464231217 1.1247382349032187
62535.0301 lsst_hardware_y 89.81413787255151 68.56999969482422 30.020000457763672 AB 8.206022570620947 1.1753672815403577
62535.0477 lsst_hardware_r -22.56443959888668 22.760000228881836 31.489999771118164 AB 8.672939398028118 1.114737880920037
62537.0313 lsst_hardware_y -55.561871083486324 57.619998931884766 30.030000686645508 AB 6.421751123672064 1.1504391120874407
62537.0502 lsst_hardware_r -2.387241590371046 22.25 31.479999542236328 AB 6.490591563873341 1.0924622872077998
62539.0291 lsst_hardware_y 48.65113640870668 62.720001220703125 30.020000457763672 AB 5.4004825651858 1.1391420422258673
62539.0475 lsst_hardware_z 11.571533311600009 41.810001373291016 30.940000534057617 AB 6.833023996457706 1.0854109917067047
62541.0283 lsst_hardware_y -46.82012897163709 61.290000915527344 30.030000686645508 AB 6.202444293811761 1.1239705757435992
62541.0478 lsst_hardware_z -21.507213368970373 41.81999969482422 30.940000534057617 AB 6.335781046395936 1.0717570385366475
62543.028 lsst_hardware_y 88.22906782046286 56.459999084472656 30.040000915527344 AB 0.5744516434798252 1.108445042894019
62543.046 lsst_hardware_r -23.250992813752966 33.63999938964844 31.579999923706055 AB 1.0760300703257268 1.0637964115924279
62548.0249 lsst_hardware_y -170.55111239685854 60.31999969482422 30.049999237060547 AB 2.9915602638708125 1.0805708014704036
62548.044 lsst_hardware_z -17.44912173557584 61.099998474121094 30.989999771118164 AB 2.5006769036039906 1.0419487098349962
62550.0244 lsst_hardware_y -68.46515157791725 60.279998779296875 30.059999465942383 AB 3.766944021208558 1.069142106303261
62550.0437 lsst_hardware_i 54.0563489885282 73.43000030517578 31.34000015258789 AB 4.760164885743988 1.0338819661344698
62552.023 lsst_hardware_y 17.629098724564663 55.779998779296875 30.059999465942383 AB 3.9239865573173525 1.0605369073830682
62552.041 lsst_hardware_i -126.8370478136598 51.369998931884766 31.31999969482422 AB 3.810829449493392 1.0299539052684843
62554.0226 lsst_hardware_y -23.814223377763742 51.0 30.049999237060547 AB 5.050464254515019 1.050720718692445
62554.0419 lsst_hardware_g -2.63147810777446 12.989999771118164 31.389999389648438 AB 5.4620706635606 1.0219028369617587
62556.0212 lsst_hardware_y 46.65984954576359 50.68000030517578 30.049999237060547 AB 7.849823581295609 1.04354728722066
62556.0413 lsst_hardware_i -23.537944394046814 29.639999389648438 31.25 AB 7.739870693443721 1.0166650063632892
62557.0194 lsst_hardware_z 14.477471585052951 45.810001373291016 30.959999084472656 AB 10.032274637146417 1.0419894720758638
62557.0382 lsst_hardware_u -1.3411053625451856 2.509999990463257 28.350000381469727 AB 9.702520194667994 1.017035659818448
