data/validation/pwv_sim_epoch_fit_4/12100802.ecsv
# %ECSV 0.9
# ---
# datatype:
# - {name: time, datatype: float64}
# - {name: band, datatype: string}
# - {name: flux, datatype: float64}
# - {name: fluxerr, datatype: float64}
# - {name: zp, datatype: float64}
# - {name: zpsys, datatype: string}
# - {name: pwv, datatype: float64}
# - {name: airmass, datatype: float64}
# meta: {SNID: '12100802', alt: 1024.0, c: -0.13661877810955048, dec: -30.691587, lat: -30.244573, lon: -70.7499537, ra: 311.660156, t0: 60912.6015625,
#   x0: 3.623710458134057e-06, x1: -0.846347451210022, z: 0.699028730392456}
# schema: astropy-2.0
time band flux fluxerr zp zpsys pwv airmass
60794.3354 lsst_hardware_r -8.231892940439812 26.020000457763672 31.479999542236328 AB 14.54034351654874 1.27130539023217
60794.3414 lsst_hardware_i -54.55944199583692 33.88999938964844 31.229999542236328 AB 14.29591099630423 1.2408208826788765
60795.3575 lsst_hardware_i 15.232144369169877 32.63999938964844 31.239999771118164 AB 12.084954199377522 1.1609729280816115
60795.3755 lsst_hardware_z 41.130666551116946 42.560001373291016 30.950000762939453 AB 12.592250607722788 1.103276874554062
60800.3483 lsst_hardware_g -1.4289316815254263 15.890000343322754 31.440000534057617 AB 7.667799665060548 1.1451741276272993
60800.3671 lsst_hardware_r 24.21941540060371 25.049999237060547 31.510000228881836 AB 7.284210885449127 1.0893499660446595
60802.3447 lsst_hardware_i 3.247476549218724 32.560001373291016 31.25 AB 6.748449543214632 1.1388827176127976
60802.3655 lsst_hardware_z -52.11053197239464 42.43000030517578 30.950000762939453 AB 6.4303543446024465 1.079869741736
60804.3521 lsst_hardware_r -26.745986797320498 39.84000015258789 31.600000381469727 AB 8.540096321975565 1.100067152542522
60804.3733 lsst_hardware_g -22.133511629535082 15.8100004196167 31.489999771118164 AB 8.191264602003663 1.0518815502268228
60808.3454 lsst_hardware_z 21.00437909309215 62.77000045776367 30.979999542236328 AB 6.698949304643982 1.0889944411353298
60808.3639 lsst_hardware_i -42.65031181841989 69.51000213623047 31.329999923706055 AB 6.42050796671195 1.0491026089398878
60810.3647 lsst_hardware_z -11.697055157186753 91.1500015258789 31.739999771118164 AB 7.988973037891032 1.0385405314125489
60814.3613 lsst_hardware_z -116.32761421303778 79.87000274658203 31.729999542236328 AB 8.400808709512251 1.0276637631926062
60819.3236 lsst_hardware_z -19.72772333701322 41.88999938964844 30.940000534057617 AB 7.695043022937484 1.069573010346443
60819.3461 lsst_hardware_r 32.29511094984291 23.940000534057617 31.510000228881836 AB 7.005889244615465 1.0297478128338882
60824.2563 lsst_hardware_r 33.497572335251206 24.700000762939453 31.479999542236328 AB 10.453576014544458 1.2567415261534571
60824.2771 lsst_hardware_z -20.620885768381264 43.43000030517578 30.940000534057617 AB 9.702451308531376 1.1655296184192752
60826.237 lsst_hardware_r 17.620703692877857 25.1200008392334 31.450000762939453 AB 9.551302318985524 1.3349751657173399
60826.2562 lsst_hardware_u 0.35005289712282284 2.75 28.360000610351562 AB 8.568298624091124 1.2304880743070068
60830.2694 lsst_hardware_z -36.45587946351334 43.04999923706055 30.940000534057617 AB 12.96071202026857 1.1351122806330853
60830.2912 lsst_hardware_r 52.08496255863977 24.09000015258789 31.5 AB 12.316234617572885 1.074879202109649
60833.2277 lsst_hardware_r -26.69005334454717 55.689998626708984 31.56999969482422 AB 5.087920666696706 1.2778904098196253
60833.248 lsst_hardware_z -63.76582552387775 50.720001220703125 30.950000762939453 AB 4.718648459958399 1.1830634223288257
60842.2287 lsst_hardware_i -89.74431510461837 99.36000061035156 32.060001373291016 AB 8.630484067395205 1.162772362787336
60842.2523 lsst_hardware_z 135.52622016691558 89.61000061035156 31.729999542236328 AB 7.1920242504282506 1.0897006440042805
60844.262 lsst_hardware_z 35.545310631710805 46.380001068115234 30.959999084472656 AB 5.337006441587084 1.0558572490610163
60844.2847 lsst_hardware_r -19.126316110797777 40.099998474121094 31.6200008392334 AB 5.199969331139099 1.0211368719917062
60849.1536 lsst_hardware_i -35.91706603495794 34.08000183105469 31.190000534057617 AB 5.05967641593153 1.486282269495933
60849.1659 lsst_hardware_z 76.4785664638944 45.70000076293945 30.90999984741211 AB 4.821253707095629 1.3903117892280046
60860.1482 lsst_hardware_g -12.158518765586876 37.15999984741211 31.579999923706055 AB 11.44113165591041 1.3105534542852704
60860.1707 lsst_hardware_r -26.829223354681343 37.959999084472656 31.559999465942383 AB 9.205614088047902 1.197815851151271
60861.159 lsst_hardware_i 48.315733537011816 42.95000076293945 31.260000228881836 AB 4.514028282370953 1.2383316047928523
60861.1786 lsst_hardware_r 12.453669375219622 44.09000015258789 31.59000015258789 AB 4.162688587624154 1.1563023854511538
60863.1706 lsst_hardware_z -30.367054164479633 54.56999969482422 30.959999084472656 AB 2.567096768560043 1.1656258976357508
60863.1902 lsst_hardware_r 75.09008312439354 64.08000183105469 31.6299991607666 AB 2.494559496868129 1.1023241258807464
60865.1648 lsst_hardware_r 13.79710018611911 99.2699966430664 31.6200008392334 AB 3.6862374959249684 1.1669001253323736
60865.1846 lsst_hardware_i 53.239337899925545 82.51000213623047 31.329999923706055 AB 2.837086758490723 1.1027091112874037
60867.1543 lsst_hardware_z 9.926773166747418 108.73999786376953 30.989999771118164 AB 8.864435948044104 1.1865920551561613
60867.1732 lsst_hardware_r -52.06051945052336 165.3000030517578 31.649999618530273 AB 8.751047180278922 1.1199190146249014
60870.1678 lsst_hardware_z 56.312681448453056 95.66999816894531 31.729999542236328 AB 8.055784383082157 1.1116282122879477
60872.1554 lsst_hardware_r -32.88462385375482 39.22999954223633 31.579999923706055 AB 3.2294523072505035 1.132942398614455
60872.1727 lsst_hardware_z -11.256874101558072 47.900001525878906 30.959999084472656 AB 3.3312515862793877 1.0839507317267998
60883.1614 lsst_hardware_z 44.96338903094212 41.87224586959249 30.950000762939453 AB 3.3827312802596676 1.0451280989473741
60883.182 lsst_hardware_r -34.579922646525425 24.7771433264988 31.520000457763672 AB 3.1291097041561495 1.0170454076347182
60886.0846 lsst_hardware_z 14.77128629737855 45.233330906249556 30.93000030517578 AB 6.6005993827606915 1.2693460351462869
60886.1052 lsst_hardware_u -5.705747700066272 3.3262057719571625 28.43000030517578 AB 6.1129426923549435 1.1755659023759506
60888.0612 lsst_hardware_r 67.91353960382067 32.12211941560982 31.489999771118164 AB 5.209635423269823 1.3778762883612412
60888.0799 lsst_hardware_g 6.512605620166898 26.549046017525118 31.540000915527344 AB 4.795579261959307 1.26535216569208
60891.0627 lsst_hardware_z 71.14709806715304 54.88204651788302 30.940000534057617 AB 1.8853470733940423 1.3156643917613695
60891.0823 lsst_hardware_i 151.34517892731645 51.28171117671482 31.280000686645508 AB 1.801000701614849 1.2141577763699
60894.0815 lsst_hardware_z 244.79161694490043 89.56174003358494 30.979999542236328 AB 2.7860152195157486 1.1828957518377023
60894.0998 lsst_hardware_r 455.3751768034332 131.74207658777462 31.639999389648438 AB 3.0791839878009983 1.1189572967600987
60896.0789 lsst_hardware_i 683.8444386569676 134.78042943892876 31.31999969482422 AB 4.776592237932906 1.1716906552574586
60896.0974 lsst_hardware_r 376.7340080675666 166.70996377967035 31.649999618530273 AB 4.282478393136708 1.1099296051326242
60897.0792 lsst_hardware_z 538.1358187157574 140.05682768514376 31.739999771118164 AB 3.8836412125047337 1.160334990291226
60899.0745 lsst_hardware_r 878.1441919476644 65.56752315394858 31.6200008392334 AB 3.8199644495831806 1.157564984722176
60899.094 lsst_hardware_i 622.9422747288226 63.91242665350282 31.31999969482422 AB 2.9988342163244375 1.0966663800783363
60901.0549 lsst_hardware_i 746.800481743442 42.94177133174373 31.229999542236328 AB 4.044884424257796 1.2145888219377443
60901.0729 lsst_hardware_z 554.3092013785679 48.082133454335526 30.940000534057617 AB 3.83408730155792 1.1439914371349904
60904.0815 lsst_hardware_r 1113.9638607324805 41.315787156553014 31.510000228881836 AB 4.284024247931605 1.093630543858984
60904.1003 lsst_hardware_z 487.5650884179275 48.25791564853608 30.959999084472656 AB 4.290233730629582 1.0518501331607923
60906.0561 lsst_hardware_i 1113.1276157829138 46.08359987951196 31.239999771118164 AB 3.0822099873387865 1.1549985900154713
60906.0759 lsst_hardware_r 1190.0387502273172 42.31637090393882 31.510000228881836 AB 2.6468282281949804 1.093994376686521
60908.0769 lsst_hardware_g 324.36565271410063 23.37439079290457 31.450000762939453 AB 3.4129054362282907 1.0779865559786135
60908.0959 lsst_hardware_r 1335.423416877084 42.468883432211165 31.510000228881836 AB 2.534977875349177 1.0405245255410982
60912.0752 lsst_hardware_r 1223.1857893703664 41.98567689656409 31.5 AB 4.4352536152885245 1.0580911588927118
60912.0929 lsst_hardware_u -0.64942901767358 2.906593429931114 28.420000076293945 AB 3.9083482111975982 1.0287834196361143
60918.9728 lsst_hardware_y 429.4554707880853 91.01952204113255 29.940000534057617 AB 5.505027477299706 1.4045527550357508
60918.9898 lsst_hardware_z 726.0572624987141 56.04910863308547 30.93000030517578 AB 5.316731582044994 1.2950265697345011
60919.9982 lsst_hardware_r 918.9109300938383 61.95563782409918 31.59000015258789 AB 2.830116240571261 1.236938916333593
60920.0096 lsst_hardware_z 595.9785815548843 57.43949220530151 30.950000762939453 AB 1.9204451636788442 1.186558642989709
60933.996 lsst_hardware_z 954.2059205461073 69.03003633682594 31.700000762939453 AB 2.928090226929242 1.1032743884435727
60937.9891 lsst_hardware_y 95.31131801248773 52.38500641964693 30.030000686645508 AB 6.757817922595544 1.0924962961570637
60938.0059 lsst_hardware_i 381.6342293413689 36.67288027548802 31.25 AB 6.552753394659835 1.054797455812604
60939.9863 lsst_hardware_y 143.01985033174122 59.78533845606694 30.040000915527344 AB 2.1338684710352904 1.085753971015643
60940.0035 lsst_hardware_i 309.23389718444025 36.23706987851129 31.25 AB 2.704264774257858 1.0491134518005398
60944.9913 lsst_hardware_z 275.4639755953518 48.90056093518758 30.959999084472656 AB 2.2381921117219594 1.046536211840271
60945.012 lsst_hardware_u -0.5747559331628401 3.5266027089966037 28.540000915527344 AB 3.178195187733581 1.0177824042699677
60946.9932 lsst_hardware_y 23.312114845840778 53.53616699141739 30.049999237060547 AB 3.9033444278829714 1.0346380353108564
60947.0126 lsst_hardware_r 88.35417778632083 34.1694089271971 31.579999923706055 AB 3.459116844687684 1.0120295040045886
61151.3563 lsst_hardware_r 14.893455707328803 26.229999542236328 31.479999542236328 AB 12.55575940360907 1.2801549147236002
61151.3764 lsst_hardware_g -1.553905175059692 16.549999237060547 31.459999084472656 AB 13.262310947288825 1.1855462706158066
61153.3529 lsst_hardware_r 36.8111049510682 26.049999237060547 31.479999542236328 AB 7.12715630191028 1.2691182018537375
61153.3732 lsst_hardware_i 24.037147447963694 33.33000183105469 31.239999771118164 AB 6.605242424551015 1.1765661604116522
61157.3365 lsst_hardware_u -3.5774312657285763 2.7200000286102295 28.280000686645508 AB 2.89686666305082 1.2992375525717537
61157.3566 lsst_hardware_g 0.38288318315781805 16.139999389648438 31.420000076293945 AB 2.7233756772867754 1.1997249679677424
61159.3532 lsst_hardware_r 35.58179753539317 55.060001373291016 31.600000381469727 AB 13.59598890629994 1.1910981987764226
61159.3713 lsst_hardware_i 39.21361406549348 46.599998474121094 31.290000915527344 AB 12.811403078878099 1.1257823443653865
61161.3591 lsst_hardware_z 33.87027507348141 83.48999786376953 31.719999313354492 AB 10.217428812548405 1.1480257092751016
61163.3674 lsst_hardware_z 10.322181713418077 60.779998779296875 30.969999313354492 AB 12.717609133095532 1.104990258539482
61163.3868 lsst_hardware_r -37.35639894822686 82.02999877929688 31.649999618530273 AB 11.786472778868626 1.0587761692574336
61170.3502 lsst_hardware_g 38.70164458759633 34.959999084472656 31.65999984741211 AB 7.541668529207797 1.0997292886453136
61170.3706 lsst_hardware_r 51.35092418673688 39.43000030517578 31.610000610351562 AB 7.341370855316337 1.0531428227253237
61175.2914 lsst_hardware_g 5.301749439597934 15.489999771118164 31.399999618530273 AB 9.086965321664309 1.2767971507186044
61175.3142 lsst_hardware_r 14.387950265837851 24.790000915527344 31.489999771118164 AB 8.55971555464251 1.172456700937278
61177.3735 lsst_hardware_r -41.076853753856646 23.959999084472656 31.510000228881836 AB 7.5502665624016325 1.0203062922164368
61177.3938 lsst_hardware_i 23.328754265207124 30.979999542236328 31.25 AB 7.320476296161773 1.0040428331040698
61178.3471 lsst_hardware_z 64.40074015546243 41.81999969482422 30.950000762939453 AB 7.408565043812728 1.0563166774681598
61178.3672 lsst_hardware_r 3.6781628047006256 24.209999084472656 31.520000457763672 AB 7.175179434140841 1.0245133767603114
61185.2294 lsst_hardware_z 40.48540114869301 51.630001068115234 30.899999618530273 AB 8.388533639905303 1.5224198983494197
61185.2501 lsst_hardware_r 35.299025018919885 35.06999969482422 31.510000228881836 AB 7.35850042219794 1.3606694567673707
61187.2557 lsst_hardware_y -24.484023660626082 52.06999969482422 29.959999084472656 AB 4.525472770968077 1.2929922202765933
61187.2742 lsst_hardware_r -28.658085466906805 52.880001068115234 31.59000015258789 AB 4.206498729004448 1.2018567797155564
61194.2208 lsst_hardware_z 117.47835478315885 86.08999633789062 30.950000762939453 AB 13.068859145546913 1.3932190553513237
61194.2497 lsst_hardware_r -15.899937443921624 115.62999725341797 31.6200008392334 AB 11.507845590502832 1.225890802198272
61196.268 lsst_hardware_z 92.2209529645724 106.48999786376953 31.729999542236328 AB 7.017052343968901 1.1330771463045968
61196.2901 lsst_hardware_r 82.08093024540334 134.49000549316406 32.400001525878906 AB 6.630860575455962 1.0727811964821166
61198.2411 lsst_hardware_i 70.02154818177185 50.7400016784668 31.280000686645508 AB 4.857792985528281 1.2153090903210477
61198.2617 lsst_hardware_z 38.268530705030095 52.119998931884766 30.959999084472656 AB 4.312328966000026 1.1358197452150458
61220.1516 lsst_hardware_z -43.54154478583375 92.45999908447266 30.959999084472656 AB 6.588131415604649 1.3806772089985293
61220.1661 lsst_hardware_r 74.24301402412016 125.86000061035156 31.600000381469727 AB 6.082348863399283 1.2902277949583063
61225.1618 lsst_hardware_r -27.63864813293828 88.31999969482422 31.610000610351562 AB 10.824638417341035 1.2414169351373097
61225.1815 lsst_hardware_i 130.7653972372255 73.16000366210938 31.309999465942383 AB 8.898478076254001 1.1582412646843905
61231.1612 lsst_hardware_z 0.775469422188368 43.27000045776367 30.940000534057617 AB 10.60085240798837 1.172898531190511
61231.1798 lsst_hardware_r -7.429693895189205 24.149999618530273 31.510000228881836 AB 10.082092088589206 1.110546025069032
61238.1601 lsst_hardware_g 12.797885686776322 15.09000015258789 31.420000076293945 AB 1.7796061771417506 1.1122538607135941
61238.1786 lsst_hardware_r -54.57313445685425 23.979999542236328 31.489999771118164 AB 2.3418687990883824 1.0658585143389436
61242.1617 lsst_hardware_i -4.768141136611035 33.689998626708984 31.260000228881836 AB 6.399175726069509 1.079270677622405
61242.1801 lsst_hardware_z -31.612911866989673 42.25 30.950000762939453 AB 6.471581946750076 1.0424024612214888
61244.1541 lsst_hardware_r -29.9278973346935 41.279998779296875 31.600000381469727 AB 6.289664861570474 1.0844249761328404
61244.1725 lsst_hardware_z -90.40672550264205 45.43000030517578 30.950000762939453 AB 5.6451106430486675 1.0460365614049414
61246.1565 lsst_hardware_z -80.98989015522018 53.33000183105469 30.969999313354492 AB 5.975614280601218 1.0664074740075342
61246.1748 lsst_hardware_i 18.255713810794326 53.41999816894531 31.309999465942383 AB 6.032752495107075 1.0336250312870856
61249.1626 lsst_hardware_y 2.2055726756763385 91.7300033569336 30.809999465942383 AB 3.84715730906791 1.0397722456940297
61253.083 lsst_hardware_g -130.12751254626002 95.30000305175781 31.639999389648438 AB 4.753641625887586 1.2530742593996669
61253.1026 lsst_hardware_r -10.526487454305334 97.08000183105469 31.6299991607666 AB 4.7136193666095965 1.1673153458666656
61256.0488 lsst_hardware_r -19.839354351158004 25.309999465942383 31.43000030517578 AB 2.0310850026390663 1.4130925343036176
61256.0669 lsst_hardware_i -18.265918692861437 33.43000030517578 31.219999313354492 AB 1.8394057628880587 1.2953561710479287
61258.0671 lsst_hardware_i 20.483982843705885 33.5 31.219999313354492 AB 2.1833247120835817 1.2645958367121817
61258.0846 lsst_hardware_u -3.876545199354266 2.680000066757202 28.309999465942383 AB 2.3363191176539084 1.184245561030958
61260.0818 lsst_hardware_g -11.503778298317584 15.25 31.420000076293945 AB 3.9039100130439106 1.1737552654972672
61260.1017 lsst_hardware_r -2.2364626002584735 24.450000762939453 31.510000228881836 AB 4.872824811727551 1.1074601844835343
61261.0714 lsst_hardware_i 21.06374665962576 33.0099983215332 31.229999542236328 AB 4.917054584002859 1.2051604372556026
61261.0889 lsst_hardware_r 23.422865439399352 24.65999984741211 31.5 AB 4.318545898403978 1.1384567394738079
61263.0786 lsst_hardware_u 0.4573506539927843 2.75 28.399999618530273 AB 9.355277982238686 1.1551746271144567
61263.0961 lsst_hardware_g 4.180896975236033 15.199999809265137 31.450000762939453 AB 8.250027832017958 1.1002604383713477
61266.0777 lsst_hardware_r -1.0165479363079752 24.34000015258789 31.5 AB 3.7618594261771783 1.130451333837331
61266.0961 lsst_hardware_i 12.295441214212474 31.760000228881836 31.260000228881836 AB 3.984490819037195 1.0794421453537948
61268.0837 lsst_hardware_z 60.35221634963128 42.810001373291016 30.950000762939453 AB 5.637466236415511 1.0968900158411345
61268.1036 lsst_hardware_r 8.707944998479595 24.270000457763672 31.520000457763672 AB 5.368700077437057 1.0521017886998185
61270.0813 lsst_hardware_z 30.29806652303087 42.47999954223633 30.959999084472656 AB 3.1481246631330753 1.0889396966907905
61274.0809 lsst_hardware_z 7.388326872226973 71.11000061035156 31.719999313354492 AB 3.206954968082316 1.0646082664874348
61274.1003 lsst_hardware_r 4.098807696357341 52.209999084472656 31.639999389648438 AB 2.805161942996841 1.0308358081752287
61281.0778 lsst_hardware_z -206.74824065416655 70.12999725341797 31.0 AB 5.800282478092155 1.035764728230742
61281.0953 lsst_hardware_r -117.33137912232819 102.29000091552734 31.670000076293945 AB 5.04572162270983 1.0144023098480115
61285.9874 lsst_hardware_y -61.10211929693445 50.77000045776367 29.979999542236328 AB 4.1208779035102205 1.2819322058878198
61286.0045 lsst_hardware_r 25.77389443606149 24.43000030517578 31.489999771118164 AB 2.020861750477044 1.1993244809952783
61295.9884 lsst_hardware_z -8.230177850250382 72.56999969482422 31.709999084472656 AB 3.045073002654762 1.1555157964728662
61297.0059 lsst_hardware_i -18.533857821463403 31.549999237060547 31.25 AB 1.5305444284655643 1.093246020332546
61297.0236 lsst_hardware_z -3.7832861712192156 41.689998626708984 30.959999084472656 AB 1.4750869795017947 1.0536335567869963
61302.9901 lsst_hardware_y 40.042046852634236 53.93000030517578 30.040000915527344 AB 6.72727000465379 1.0917348271103198
61303.0074 lsst_hardware_i 49.92880013796479 48.0 31.309999465942383 AB 6.589016628737046 1.0532876797682709
61304.9904 lsst_hardware_y 55.20956093678113 62.93000030517578 30.049999237060547 AB 2.166849786880663 1.0775879586642336
61305.0079 lsst_hardware_z -9.040151654657373 71.25 31.0 AB 2.677328169347799 1.042708621062449
61306.9875 lsst_hardware_y 20.29578039351411 66.19000244140625 30.059999465942383 AB 2.6793528936246807 1.0717411574498723
61307.0042 lsst_hardware_i 2.4245812490907053 80.19999694824219 31.34000015258789 AB 2.96247039775218 1.039828149439089
61308.9952 lsst_hardware_z -133.34823686415925 99.83000183105469 31.739999771118164 AB 3.178578897019527 1.0457284925081378
61310.9921 lsst_hardware_y -55.79206264027832 50.52000045776367 30.049999237060547 AB 4.465688220392194 1.0417421637352509
61311.0126 lsst_hardware_r -8.2142400248597 49.630001068115234 31.639999389648438 AB 4.8077365205685245 1.0151470693767999
