data/validation/pwv_sim_epoch_fit_4/12191710.ecsv
# %ECSV 0.9
# ---
# datatype:
# - {name: time, datatype: float64}
# - {name: band, datatype: string}
# - {name: flux, datatype: float64}
# - {name: fluxerr, datatype: float64}
# - {name: zp, datatype: float64}
# - {name: zpsys, datatype: string}
# - {name: pwv, datatype: float64}
# - {name: airmass, datatype: float64}
# meta: {SNID: '12191710', alt: 1024.0, c: -0.09412071108818054, dec: -20.105511, lat: -30.244573, lon: -70.7499537, ra: 200.917969, t0: 61123.81640625,
#   x0: 2.289523604731698e-06, x1: 0.979490339756012, z: 0.8426613807678223}
# schema: astropy-2.0
time band flux fluxerr zp zpsys pwv airmass
61074.3737 lsst_hardware_z 4.477976906360275 63.900001525878906 30.989999771118164 AB 10.862190252320438 1.0174083098742126
61076.3731 lsst_hardware_z -40.27620817974451 66.29000091552734 30.989999771118164 AB 6.991618728427753 1.0160390522692466
61078.3747 lsst_hardware_i 64.31878804505376 68.33999633789062 31.329999923706055 AB 4.864512651679593 1.015449880321393
61080.3252 lsst_hardware_r -20.453700112579405 49.02000045776367 31.6200008392334 AB 5.679130696582038 1.0468926119327226
61080.3438 lsst_hardware_y -49.72814754435817 49.63999938964844 30.049999237060547 AB 6.776893108334101 1.025403708327143
61082.3587 lsst_hardware_r -12.241026417215043 28.540000915527344 31.559999465942383 AB 4.510495879018958 1.0157058782905946
61082.3772 lsst_hardware_y 57.676431358152875 48.45000076293945 30.049999237060547 AB 4.0475756775406575 1.0188988489718458
61084.3701 lsst_hardware_z -125.3247183626566 59.880001068115234 31.709999084472656 AB 5.662294005461674 1.0181540407806942
61086.3429 lsst_hardware_r 8.540202927758964 24.190000534057617 31.530000686645508 AB 4.117365429288535 1.0167589651286664
61086.3607 lsst_hardware_g -1.400465984051965 15.449999809265137 31.479999542236328 AB 4.125906444930214 1.0167339686865882
61088.3444 lsst_hardware_r -5.191090980546563 23.852691723157644 31.520000457763672 AB 4.210246384721188 1.0154959924556937
61088.362 lsst_hardware_i 24.576477898526186 31.202652479071016 31.260000228881836 AB 4.073880796628856 1.0194896888460898
61092.3328 lsst_hardware_u 2.6756548229806176 2.9526943018349234 28.520000457763672 AB 6.57474085652468 1.0155477645264601
61092.3509 lsst_hardware_g 25.931741699256357 15.842095423364535 31.479999542236328 AB 5.802487292666006 1.0193960546371728
61097.19 lsst_hardware_r 205.21414676472165 72.18502619435658 33.0099983215332 AB 9.70444173138227 1.3869432230073273
61097.2018 lsst_hardware_g 40.51995953199149 25.689145403544746 31.510000228881836 AB 9.102437961925526 1.3089970105231747
61099.3255 lsst_hardware_r 103.44418362765042 26.298395935213104 31.530000686645508 AB 5.368550123758083 1.0168190016114556
61099.3443 lsst_hardware_i 191.0929107898082 34.308602516489096 31.260000228881836 AB 4.888295425864905 1.0285193679164495
61105.3024 lsst_hardware_r 321.27474605127196 115.35404237640918 31.65999984741211 AB 7.279037062468304 1.0155260803555346
61105.321 lsst_hardware_i 582.0430931433726 95.07276178345927 31.34000015258789 AB 7.328920952108109 1.0228066362582078
61107.3095 lsst_hardware_z 869.8222883762406 98.13803193041856 31.739999771118164 AB 9.750023706956465 1.0191662411452476
61109.2973 lsst_hardware_z 465.7531366093132 51.86393125167017 30.969999313354492 AB 8.762050521960012 1.0165577989744123
61109.3172 lsst_hardware_r 545.5777262598416 52.54816308258765 31.6299991607666 AB 8.935370328662655 1.028709455291579
61111.2813 lsst_hardware_r 585.0246769308152 38.1250728340398 31.56999969482422 AB 8.114973178724165 1.0155141007038124
61111.2996 lsst_hardware_i 802.3669145131505 42.60365260186218 31.270000457763672 AB 7.670646427352086 1.0196937756533182
61114.2818 lsst_hardware_u 1.9701292092204008 3.0353739013050416 28.450000762939453 AB 8.840129916160041 1.0161068869149474
61114.3008 lsst_hardware_g 147.36006375323058 19.17777480734409 31.450000762939453 AB 8.517628320079758 1.0262202795276816
61118.2657 lsst_hardware_z 499.47552035369245 47.066030490209236 30.940000534057617 AB 5.729851466636609 1.0154509924332364
61118.2854 lsst_hardware_u 0.6945293186928608 2.9191801651205176 28.440000534057617 AB 5.759327993020251 1.0227290149793271
61120.2631 lsst_hardware_g 113.71900994338888 18.46230713233971 31.459999084472656 AB 4.521400247257282 1.0157026277113967
61120.2831 lsst_hardware_r 662.8553103991933 34.70079894761466 31.510000228881836 AB 4.565370630670109 1.0251197104906498
61124.257 lsst_hardware_i 749.2169125065808 41.99254682132425 31.25 AB 6.596960395654926 1.0167419053154063
61124.2747 lsst_hardware_u -1.8535335275412343 2.7730282029096136 28.389999389648438 AB 6.763746871703223 1.0272745533532297
61126.2536 lsst_hardware_g 58.11444416415786 17.393795834170923 31.459999084472656 AB 7.027421259783997 1.0174223938880131
61126.2705 lsst_hardware_r 540.8404180700048 33.26065250792234 31.510000228881836 AB 7.1291995206488545 1.0284353458891176
61128.2382 lsst_hardware_i 827.6380393456471 56.0310702209725 31.31999969482422 AB 6.796693497334821 1.0154422555779115
61128.2556 lsst_hardware_r 605.9440654371473 56.35260006362127 31.639999389648438 AB 8.096916183754182 1.0210808895304622
61130.2425 lsst_hardware_z 979.7368752031152 101.69986590195047 31.739999771118164 AB 3.766595326659171 1.0173571603473544
61133.2375 lsst_hardware_r 699.8739982299693 160.3241949079382 31.670000076293945 AB 7.334444517472692 1.018672849648985
61133.2578 lsst_hardware_i 557.9501492676782 129.84421798794685 31.34000015258789 AB 6.130800308406765 1.035214708667612
61135.2371 lsst_hardware_z 535.3001843977835 75.66326220035354 30.989999771118164 AB 7.203023967503463 1.0214640464434275
61135.2568 lsst_hardware_r 452.51430597899247 100.47590524928596 31.65999984741211 AB 7.154525658380852 1.0408096680798447
61137.2196 lsst_hardware_i 549.9076412758943 56.43977096509233 31.31999969482422 AB 8.777321728235759 1.0162367768713159
61137.238 lsst_hardware_z 492.24184033885086 55.83685839564323 30.969999313354492 AB 8.89342610146842 1.0262138873755415
61139.2151 lsst_hardware_g 21.512117224135338 34.58898122548821 31.68000030517578 AB 7.469059555435138 1.0164751708539927
61139.2339 lsst_hardware_r 260.3384351857745 41.210949394559314 31.600000381469727 AB 7.475448372268684 1.0274118158697443
61146.0329 lsst_hardware_u 2.9555559825250852 2.6009835223407842 28.170000076293945 AB 24.98781217717246 1.5935257805498726
61146.0429 lsst_hardware_g 49.86219234776589 16.407106185508418 31.350000381469727 AB 24.838798401127594 1.4948873103642668
61148.1996 lsst_hardware_r 193.02330043593355 27.55253147784866 31.530000686645508 AB 13.161257717329955 1.0202525362271282
61148.2174 lsst_hardware_i 390.0096359750886 36.88677483636725 31.260000228881836 AB 12.316399984144724 1.0358693277198234
61150.1932 lsst_hardware_z 392.78263686707277 45.00260159083035 30.959999084472656 AB 3.313790977770506 1.0197325811171933
61150.2105 lsst_hardware_r 131.9230062532228 27.214265474432242 31.530000686645508 AB 2.798259336365745 1.0341899053370778
61152.18 lsst_hardware_u 2.7661082695904953 2.91659836296636 28.520000457763672 AB 9.452169080040443 1.0165808862164383
61152.198 lsst_hardware_g 25.48430901596415 16.795898329085233 31.479999542236328 AB 9.516100551463012 1.027046630129298
61154.1814 lsst_hardware_r 108.77120466784493 26.478190823050078 31.520000457763672 AB 8.079776877023468 1.0192729755296415
61154.1992 lsst_hardware_z 205.0508338974388 44.59003393720223 30.950000762939453 AB 8.193411234681337 1.0337602230698775
61156.1789 lsst_hardware_r 155.58246412834976 49.03426275672467 31.6299991607666 AB 6.562162593897747 1.0209245336147508
61156.197 lsst_hardware_y 85.75770996536426 50.21672874973161 30.049999237060547 AB 6.665028384244521 1.0376276675004443
61158.1846 lsst_hardware_z 180.66176542426908 63.368120069717484 30.979999542236328 AB 2.3267054799662326 1.029857465958275
61158.2026 lsst_hardware_r 179.11398698661765 82.4828021697536 31.649999618530273 AB 2.3634543137456046 1.0537023244519699
61160.1599 lsst_hardware_r -13.546352948406872 145.40086068815083 31.670000076293945 AB 10.609780274913959 1.0171149454680848
61160.1774 lsst_hardware_i 144.15154459279705 117.14273418290047 31.350000381469727 AB 11.335425883042195 1.02817985741556
61162.1148 lsst_hardware_z 170.71316491781977 97.84560505850293 31.010000228881836 AB 9.165004700532632 1.0300651531927656
61162.1322 lsst_hardware_r 237.06794526459112 149.21023630647215 31.670000076293945 AB 7.543792396385435 1.017872501086458
61167.1458 lsst_hardware_r 83.22256051684067 45.22895441884688 31.6200008392334 AB 6.237281991061735 1.0192192370600364
61167.1641 lsst_hardware_z 152.69292408940154 48.36071173323374 30.969999313354492 AB 6.338314074690152 1.0342076701876677
61171.1414 lsst_hardware_g 3.54421637701493 15.152350922280208 31.459999084472656 AB 7.963795306123978 1.023229513828084
61171.1635 lsst_hardware_r 28.03089838879124 24.922882314274016 31.510000228881836 AB 8.106420737278848 1.0479504540467774
61174.0874 lsst_hardware_r 90.46898015685265 24.545378150489725 31.520000457763672 AB 6.3093719323920725 1.0251917779979536
61174.107 lsst_hardware_i 94.22327567752517 32.31102841586688 31.260000228881836 AB 6.207026106511809 1.0157690551786727
61176.0811 lsst_hardware_z 93.3952302141598 42.56227790281558 30.950000762939453 AB 5.136874523993306 1.0258873681149265
61176.101 lsst_hardware_r 42.51861629160204 24.50187520503592 31.520000457763672 AB 5.426701593821936 1.0158557831939228
61180.0742 lsst_hardware_r 53.342457536154164 24.183956745592067 31.510000228881836 AB 7.4236389210896165 1.0227745930319374
61181.0373 lsst_hardware_r 89.69701115368117 35.68778278234706 32.2599983215332 AB 7.161671019662348 1.0679762922324865
61181.0649 lsst_hardware_u -2.614129607902336 2.862566305683275 28.489999771118164 AB 7.241257453367793 1.0281495745233271
61183.0663 lsst_hardware_g 38.041798453091054 26.483341910431246 31.6299991607666 AB 2.005601604772378 1.0225704986942783
61183.0861 lsst_hardware_r 25.070468229191764 31.617409520255855 31.56999969482422 AB 2.6345445836873815 1.0154344126758477
61186.0627 lsst_hardware_i 222.8358963093666 66.68935065873357 31.34000015258789 AB 5.311068178594133 1.0197414061525718
61186.0832 lsst_hardware_z 157.72511684427053 61.47960268092529 30.989999771118164 AB 5.296746987711696 1.0157402814583922
61188.0625 lsst_hardware_r 27.237164349807042 164.55562342935627 32.41999816894531 AB 7.426851826479052 1.017376962531377
61188.0853 lsst_hardware_z -46.65467525721892 120.7577009646139 31.75 AB 7.700031254883318 1.0177934136542013
61190.0511 lsst_hardware_z 18.788242058414312 116.77692049400028 31.75 AB 11.029983551154414 1.0201140856559288
61197.0272 lsst_hardware_r 45.99795100541993 24.42182740958919 31.510000228881836 AB 4.504592331082212 1.023189626594495
61197.0483 lsst_hardware_u 2.631576332263102 2.7212265129894053 28.40999984741211 AB 4.1977647241217175 1.0154244615679047
61218.9705 lsst_hardware_y 108.21608570630262 54.9900016784668 30.059999465942383 AB 6.4777893967904525 1.0209416036654728
61218.9917 lsst_hardware_r -19.75769297605889 91.80999755859375 31.65999984741211 AB 6.572260530069355 1.0155698879809916
61223.9531 lsst_hardware_y 1.851081861072516 66.81999969482422 30.079999923706055 AB 7.421990266356293 1.023463988373923
61223.9761 lsst_hardware_u -0.1938008685182061 3.0 28.579999923706055 AB 7.412706723619213 1.0154392772081113
61440.3739 lsst_hardware_u -1.323316029679978 4.300000190734863 28.829999923706055 AB 8.428827725282936 1.0166646500421683
61442.3687 lsst_hardware_r 37.21216853257586 24.670000076293945 31.540000915527344 AB 4.475115547402432 1.0165903751789716
61443.3727 lsst_hardware_z 6.288897349645169 42.5 30.959999084472656 AB 4.847055299804194 1.0154622740908676
61445.3099 lsst_hardware_u -0.798187184769402 2.7799999713897705 28.43000030517578 AB 5.843676874609027 1.0759359032651834
61445.3275 lsst_hardware_y -15.457585975827431 47.279998779296875 30.040000915527344 AB 5.643559225791583 1.0445232696264342
61450.3494 lsst_hardware_r -12.12663244986774 24.229999542236328 31.520000457763672 AB 2.5257420753024604 1.0159863537017297
61450.3661 lsst_hardware_u -3.709093546714758 2.8499999046325684 28.5 AB 2.53908119438693 1.0173619931431153
61454.3478 lsst_hardware_i 1.8445897046457047 31.170000076293945 31.260000228881836 AB 5.2460524753736095 1.0156107075015586
61454.3663 lsst_hardware_z 56.920296783689544 41.369998931884766 30.950000762939453 AB 5.3748397063659725 1.023454085629839
61460.3261 lsst_hardware_z -64.90249413431899 75.9800033569336 31.0 AB 10.055273211972953 1.0154704695449226
61460.3437 lsst_hardware_i -8.219748798162518 84.0999984741211 31.34000015258789 AB 10.299370529099017 1.0195293573865805
61462.3154 lsst_hardware_r -133.89113545580497 69.44000244140625 31.65999984741211 AB 6.669995493405657 1.0162512178881304
61462.3334 lsst_hardware_z -2.326383133530157 58.7599983215332 30.989999771118164 AB 6.72362382388351 1.017382080406054
61466.3175 lsst_hardware_i -20.73225907175438 32.11000061035156 31.260000228881836 AB 3.554275526313635 1.0159910985174754
61466.3338 lsst_hardware_z 42.110736274006484 41.939998626708984 30.950000762939453 AB 3.2756676058820773 1.0236461268381492
61468.3131 lsst_hardware_r -57.69575395846316 23.770000457763672 31.510000228881836 AB 7.4415066834503385 1.0162174979960177
61468.3307 lsst_hardware_g 21.3181795800772 15.25 31.459999084472656 AB 7.407212188071729 1.025503556426932
61470.3026 lsst_hardware_r 11.481965974179992 23.739999771118164 31.510000228881836 AB 7.253520750896566 1.0154725956736168
61470.3194 lsst_hardware_i 12.473913499063071 31.0 31.25 AB 7.334664804392942 1.0212565865208774
61472.2997 lsst_hardware_z 11.664210829213333 41.040000915527344 30.950000762939453 AB 9.922137072844615 1.0157451362748553
61472.318 lsst_hardware_i 59.10841009113664 30.950000762939453 31.25 AB 9.963489408228961 1.0240845644432335
61474.2802 lsst_hardware_r 21.98202994533997 23.690000534057617 31.520000457763672 AB 9.63459375895633 1.0169241638078297
61474.3001 lsst_hardware_u -4.776988367270033 2.799999952316284 28.5 AB 8.776315629625595 1.0171900358861499
61476.2819 lsst_hardware_g 6.891746730496173 14.800000190734863 31.450000762939453 AB 8.117943851451086 1.0155046098888023
61476.2996 lsst_hardware_r -30.521526042677078 23.489999771118164 31.5 AB 7.6677642104240515 1.0193106295013694
61477.2787 lsst_hardware_i -18.779704928506487 31.030000686645508 31.260000228881836 AB 15.380095994391333 1.0155453621335122
61477.2984 lsst_hardware_z 55.76142584342109 41.2599983215332 30.959999084472656 AB 13.97555445685529 1.0201320795529327
61479.1201 lsst_hardware_r -36.912273634376646 63.2599983215332 33.16999816894531 AB 14.41515485033961 1.6028711842482886
61479.1449 lsst_hardware_g -6.283099215786543 21.030000686645508 32.08000183105469 AB 13.685997679549306 1.3824589186140361
61481.2977 lsst_hardware_r -3.2985067913241743 23.969999313354492 31.520000457763672 AB 8.276369807398913 1.0276736583347506
61481.3191 lsst_hardware_i -48.62830842514484 31.469999313354492 31.25 AB 8.492232095855934 1.0555913108584132
61485.1931 lsst_hardware_z -58.317029930893305 71.5999984741211 30.989999771118164 AB 5.795631664744392 1.0935154084423382
61485.2111 lsst_hardware_i 61.17866483624284 81.45999908447266 31.34000015258789 AB 6.015456898996937 1.0558527182407142
61494.2353 lsst_hardware_g -2.089469693214786 25.84000015258789 31.649999618530273 AB 6.4830414882837575 1.0154079808317467
61494.2539 lsst_hardware_r 9.286986213218976 30.989999771118164 31.579999923706055 AB 6.938161946884975 1.0212691153846956
61499.2396 lsst_hardware_i -6.839062668587924 31.309999465942383 31.260000228881836 AB 5.614776360289792 1.0208684291435985
61499.2587 lsst_hardware_u -2.8248010559511414 2.7699999809265137 28.440000534057617 AB 6.687985916882426 1.038789409681579
61501.2178 lsst_hardware_u -1.0724373006372743 2.7899999618530273 28.469999313354492 AB 15.136765718348695 1.015458689931485
61501.2374 lsst_hardware_g -32.855142943117535 15.430000305175781 31.469999313354492 AB 15.187489020066506 1.0230250591687773
61503.2151 lsst_hardware_r -13.885494631837926 24.25 31.520000457763672 AB 9.369249961448174 1.015746960261077
61503.2334 lsst_hardware_i -8.6169528813052 31.479999542236328 31.260000228881836 AB 9.437167592633203 1.0241093426623118
61505.2148 lsst_hardware_u 0.23051687120893555 2.859999895095825 28.520000457763672 AB 4.918045334728576 1.0169655365443704
61505.2322 lsst_hardware_g 16.163610115781974 15.529999732971191 31.479999542236328 AB 5.1151802195995035 1.0276949275916496
