data/validation/pwv_sim_epoch_fit_4/1222799.ecsv
# %ECSV 0.9
# ---
# datatype:
# - {name: time, datatype: float64}
# - {name: band, datatype: string}
# - {name: flux, datatype: float64}
# - {name: fluxerr, datatype: float64}
# - {name: zp, datatype: float64}
# - {name: zpsys, datatype: string}
# - {name: pwv, datatype: float64}
# - {name: airmass, datatype: float64}
# meta: {SNID: '1222799', alt: 1024.0, c: 0.03534052520990372, dec: -15.713861, lat: -30.244573, lon: -70.7499537, ra: 46.230469, t0: 60554.86328125,
#   x0: 6.626538567435799e-06, x1: -0.14760272204875946, z: 0.546329140663147}
# schema: astropy-2.0
time band flux fluxerr zp zpsys pwv airmass
[from data line 133]
60964.2771 lsst_hardware_z 6.167167498414643 41.22999954223633 30.950000762939453 AB 7.588033920093489 1.041203927150819
60966.257 lsst_hardware_r 16.39582031503182 22.8799991607666 31.510000228881836 AB 5.343702366309909 1.0341982516566497
60966.2748 lsst_hardware_u -3.8071696604673204 2.7300000190734863 28.469999313354492 AB 5.389317378773839 1.04373339377822
60971.1843 lsst_hardware_i 8.837251707920956 53.41999816894531 32.43000030517578 AB 3.5145476683141745 1.084848544597579
60971.2153 lsst_hardware_z -123.72329304913133 41.11000061035156 30.950000762939453 AB 3.7295419323916366 1.0420383056347924
60973.2505 lsst_hardware_r -34.07318150471433 22.8700008392334 31.5 AB 3.9511316749555334 1.039771493409351
60973.2689 lsst_hardware_g 8.48023563952322 14.100000381469727 31.420000076293945 AB 4.021798641263378 1.0583680634903627
60975.2489 lsst_hardware_r 1.8513526787207208 23.0 31.510000228881836 AB 3.3843575865187123 1.0426240254216612
60975.2662 lsst_hardware_i -20.59593121350871 30.8799991607666 31.25 AB 3.4848990776406086 1.0622803091850357
60977.1782 lsst_hardware_i -17.80929700937176 32.79999923706055 31.260000228881836 AB 2.2244560760431713 1.0663739578343765
60977.1957 lsst_hardware_z 17.60742606653465 41.97999954223633 30.950000762939453 AB 2.1814312544027326 1.0447467693502783
60990.1929 lsst_hardware_u -6.224819960420439 2.5999999046325684 28.360000610351562 AB 0.7764221470350665 1.0345398361551288
60990.2111 lsst_hardware_g 18.134589379485313 20.15999984741211 31.540000915527344 AB 2.410075628457709 1.0453591969020641
60992.1957 lsst_hardware_r 29.358153806651615 22.649999618530273 31.489999771118164 AB 4.430046262856411 1.037967727941763
60992.214 lsst_hardware_i 54.287666186065714 30.549999237060547 31.239999771118164 AB 7.046800399397857 1.054423541937657
60994.1986 lsst_hardware_z -71.96214004687452 41.29999923706055 30.950000762939453 AB 3.891294320422261 1.0439421382753
60994.2171 lsst_hardware_r 18.736356401646873 22.959999084472656 31.489999771118164 AB 7.9359730578426735 1.0665196959872798
60996.178 lsst_hardware_r 9.340406326861622 22.700000762939453 31.5 AB 2.3965698099654174 1.0349745463547915
60996.1989 lsst_hardware_u 1.6168407460011422 2.6700000762939453 28.420000076293945 AB 2.8541039146769696 1.049560154942966
60998.1795 lsst_hardware_g -7.32650079532615 13.9399995803833 31.420000076293945 AB 5.486196008230537 1.038069254159042
60998.1976 lsst_hardware_i -17.364137215527215 30.56999969482422 31.239999771118164 AB 5.595347826263363 1.0543997160045053
61000.1796 lsst_hardware_z 1.1482848464114959 41.040000915527344 30.940000534057617 AB 3.2647254861593273 1.041795129209199
61000.2006 lsst_hardware_r -12.07861946917643 22.739999771118164 31.489999771118164 AB 3.2803027128291045 1.0663316417160842
61005.116 lsst_hardware_g -34.44002798896905 16.260000228881836 31.479999542236328 AB 3.7260414534507738 1.0478672941506746
61005.1368 lsst_hardware_r -18.44276853987886 23.5 31.5 AB 5.396195910673832 1.0345302338613696
61010.1562 lsst_hardware_r 95.04504463038539 62.900001525878906 31.639999389648438 AB 8.4843517358667 1.0450854119318456
61010.1756 lsst_hardware_z 97.16917752927442 53.849998474121094 30.969999313354492 AB 8.31906535039893 1.0700794739555493
61014.145 lsst_hardware_z 31.635951207045313 66.87999725341797 30.989999771118164 AB 2.7095953256638907 1.044831102441089
61014.1638 lsst_hardware_r 101.46569655693796 97.47000122070312 31.649999618530273 AB 2.723208338858912 1.0686232853599393
61016.1462 lsst_hardware_u 8.071352113943812 15.3100004196167 29.40999984741211 AB 4.713162700988937 1.0516931163646734
61016.165 lsst_hardware_g -14.215284037389814 66.19000244140625 31.709999084472656 AB 4.963679042390807 1.0804699700460336
61019.0788 lsst_hardware_g 10.22454467915375 13.550000190734863 31.399999618530273 AB 7.709234460927542 1.0468339918880472
61019.0981 lsst_hardware_r -39.54508110880739 22.200000762939453 31.479999542236328 AB 9.518850999131681 1.034657717296922
61021.1228 lsst_hardware_i -23.43869348060601 30.1299991607666 31.239999771118164 AB 12.907448844670538 1.0422120507620072
61021.1413 lsst_hardware_z -30.048630480015373 41.33000183105469 30.940000534057617 AB 12.512642413395264 1.0633070062087016
61023.1234 lsst_hardware_r 7.472337511545694 22.3799991607666 31.5 AB 7.729571469631701 1.0476868245239674
61023.1414 lsst_hardware_u -2.406561605695987 2.6600000858306885 28.420000076293945 AB 7.702206427457661 1.0722826712317037
61025.1247 lsst_hardware_g 20.664656533164788 13.460000038146973 31.389999389648438 AB 10.652168600531533 1.055428820900204
61025.1427 lsst_hardware_i 16.57987364342085 30.420000076293945 31.239999771118164 AB 11.057870532226582 1.0849492711227338
61027.0701 lsst_hardware_z -14.403350411667326 40.7599983215332 30.940000534057617 AB 4.2084616296903405 1.037077779618043
61027.0912 lsst_hardware_r -13.931807443734638 22.229999542236328 31.489999771118164 AB 4.0400332709126845 1.0343588489642035
61029.0716 lsst_hardware_u -0.47832836100244136 2.6700000762939453 28.440000534057617 AB 5.583380316354025 1.0344382244287216
61029.0904 lsst_hardware_g -7.341822573142037 13.550000190734863 31.40999984741211 AB 3.4399902982312067 1.035881645640514
61033.0474 lsst_hardware_y 32.692956484946656 49.150001525878906 30.049999237060547 AB 6.6839336736385055 1.0409760426172883
61033.0662 lsst_hardware_z 1.4884329605357534 41.02000045776367 30.959999084472656 AB 6.6549627907888285 1.033566555657901
61037.0508 lsst_hardware_y -4.703981024102187 49.18000030517578 30.049999237060547 AB 6.589165672468658 1.0341894432042469
61037.0725 lsst_hardware_i -50.07704943637514 38.15999984741211 31.290000915527344 AB 6.6362215161702185 1.0377744239216655
61039.0368 lsst_hardware_y 91.07197048232614 76.19999694824219 30.06999969482422 AB 10.738379130004457 1.0373491564232886
61039.0574 lsst_hardware_r -63.908474443841655 61.2599983215332 31.639999389648438 AB 8.767382895875318 1.0341232270512983
61044.0375 lsst_hardware_z -126.21099392312247 68.16000366210938 30.989999771118164 AB 2.7904920258558867 1.0335155651318098
61044.0586 lsst_hardware_i -27.58230819355587 54.400001525878906 31.31999969482422 AB 2.389150155877785 1.0411374467274344
