data/validation/pwv_sim_epoch_fit_4/12267891.ecsv
# %ECSV 0.9
# ---
# datatype:
# - {name: time, datatype: float64}
# - {name: band, datatype: string}
# - {name: flux, datatype: float64}
# - {name: fluxerr, datatype: float64}
# - {name: zp, datatype: float64}
# - {name: zpsys, datatype: string}
# - {name: pwv, datatype: float64}
# - {name: airmass, datatype: float64}
# meta: {SNID: '12267891', alt: 1024.0, c: -0.04663478583097458, dec: -4.181528, lat: -30.244573, lon: -70.7499537, ra: 211.816406, t0: 62571.015625,
#   x0: 3.7652621618779937e-06, x1: -0.8688204288482666, z: 0.6889288425445557}
# schema: astropy-2.0
time band flux fluxerr zp zpsys pwv airmass
62544.3668 lsst_hardware_u -6.521014843280367 3.2146582926424245 28.479999542236328 AB 6.932818854642202 1.1235424770508342
62544.3842 lsst_hardware_y -57.97821407034854 54.44648793518173 30.030000686645508 AB 5.6749901701370336 1.1125977330029473
62545.3631 lsst_hardware_r 2.1470101758695868 25.050039021281453 31.5 AB 6.241764510933935 1.1245409442273553
62545.3812 lsst_hardware_y -36.52495491414291 50.65797772205566 30.030000686645508 AB 5.495188492559808 1.1126678800424732
62547.377 lsst_hardware_z 60.110888207061215 64.72495495174685 31.709999084472656 AB 3.1791359820912723 1.1123638845666055
62549.3771 lsst_hardware_z 212.91446223258274 56.25290940327998 30.969999313354492 AB 3.669033770815465 1.1118284153986258
62549.3947 lsst_hardware_y 56.928157946745955 83.57384522952103 30.049999237060547 AB 3.6919988070846688 1.1187875172983845
62551.3697 lsst_hardware_i 299.8880150442466 79.85573221797956 31.329999923706055 AB 3.5422190768673554 1.1118657840023087
62551.3866 lsst_hardware_y 124.78495861335622 60.872726409981645 30.040000915527344 AB 2.4309263940999504 1.1168970338157362
62555.3522 lsst_hardware_z 802.1678545403875 93.94653895847216 31.729999542236328 AB 10.91472872481041 1.1131798801438457
62560.3438 lsst_hardware_z 486.5081479974536 48.9809468592484 30.940000534057617 AB 5.307485315985059 1.1119810006254234
62560.3616 lsst_hardware_u 14.212228823528696 3.8777760098175427 28.440000534057617 AB 5.3335151011926305 1.1166157439951074
62562.3395 lsst_hardware_g 244.43681651692884 22.22279943603341 31.440000534057617 AB 3.5579944531563648 1.111873266611364
62562.3584 lsst_hardware_r 1054.3570261838438 40.48226046658526 31.5 AB 3.5781519621682594 1.118172488177581
62564.3386 lsst_hardware_i 1087.6172689707125 45.47652124315376 31.229999542236328 AB 8.314542794973612 1.1120034944517507
62564.3566 lsst_hardware_z 630.7300636572063 49.81136120232838 30.940000534057617 AB 8.316248717168127 1.1211659881588738
62565.3373 lsst_hardware_i 1096.5253113849058 46.045674631288534 31.239999771118164 AB 10.765044996157636 1.112225474436413
62565.356 lsst_hardware_u -0.48358949420131997 2.903648693789564 28.389999389648438 AB 10.88117439552949 1.1231793550876004
62569.3088 lsst_hardware_r 1090.50964727216 41.65468742044469 31.489999771118164 AB 8.031639826858841 1.1155055315081723
62569.3267 lsst_hardware_i 1180.4390716047706 47.158078553152784 31.239999771118164 AB 8.008463791287 1.11228663767875
62573.3094 lsst_hardware_z 933.5922780284857 50.728624516827054 30.940000534057617 AB 15.401706454926082 1.1118760074304317
62573.3286 lsst_hardware_u 5.132448011489527 2.7668243212076566 28.350000381469727 AB 15.530702910017343 1.1183425739449742
62576.304 lsst_hardware_g 157.48718457900787 32.22934086099325 31.6200008392334 AB 8.572770928451979 1.1118427575403995
62576.3229 lsst_hardware_r 969.300645802398 39.161914540057495 31.5 AB 8.642492233835629 1.1203403565520962
62577.3093 lsst_hardware_i 1266.6002633936296 61.143166281311615 31.299999237060547 AB 9.009482193267914 1.113587812034845
62577.3261 lsst_hardware_z 810.3869204026331 57.77049219181466 30.959999084472656 AB 9.023677159926768 1.1261999575571848
62579.3064 lsst_hardware_i 1288.8606462664495 96.19982104718756 31.31999969482422 AB 6.130961757383566 1.1147203195242847
62579.325 lsst_hardware_z 855.7524374108143 82.96649617709559 30.979999542236328 AB 6.223339862354512 1.1315163386099114
62581.2412 lsst_hardware_z 1579.7444700368394 144.18521424037647 31.739999771118164 AB 6.603101696574217 1.1623985265434975
62583.2776 lsst_hardware_r 647.3425179510035 94.41871501573632 31.639999389648438 AB 6.829264436423379 1.1126204686255006
62583.2972 lsst_hardware_i 803.3770365081323 81.98568394169874 31.31999969482422 AB 6.908409144951456 1.115639093225729
62585.2427 lsst_hardware_z 1297.5227931572701 77.84658266261755 31.700000762939453 AB 8.02298597327801 1.1391567376127065
62590.1292 lsst_hardware_r 349.58900278653607 31.83400777522994 31.3799991607666 AB 10.587320313018239 1.6547859195089731
62590.1443 lsst_hardware_i 543.4318451313275 41.85561668821253 31.170000076293945 AB 9.591381875649189 1.5073678886765975
62593.2782 lsst_hardware_i 512.2961283288911 38.91131975558153 31.239999771118164 AB 8.862786131251138 1.1218716621836882
62593.2966 lsst_hardware_u -4.290953776052152 2.730585563889024 28.360000610351562 AB 10.099127508053732 1.146737666742155
62595.2604 lsst_hardware_g -4.157220384985934 15.887963082375816 31.440000534057617 AB 7.150025999391051 1.1136823030644663
62595.28 lsst_hardware_r 223.6270549487214 29.27867214326137 31.489999771118164 AB 7.120493180595015 1.1298185614737952
62597.2473 lsst_hardware_i 384.2161073850858 37.34959085874037 31.25 AB 16.54551361322252 1.1118798629019133
62597.2662 lsst_hardware_r 219.11719484698574 28.63743779714462 31.5 AB 16.365015375150886 1.1208914640514305
62599.2483 lsst_hardware_u 3.5723067178227352 2.8324919259269365 28.389999389648438 AB 10.334229980828006 1.1132424841999111
62599.2664 lsst_hardware_g 15.160777390189402 16.527063065510745 31.43000030517578 AB 9.782357860870706 1.1266103720915244
62601.2299 lsst_hardware_r 170.7229902536588 27.709933796723035 31.5 AB 5.4717081647655945 1.112286522177584
62601.2468 lsst_hardware_i 261.3941563502685 36.31922559247042 31.239999771118164 AB 5.440236315649994 1.1149548399337328
62605.2348 lsst_hardware_z 609.0185324567249 76.11953424091767 31.719999313354492 AB 7.33270950628271 1.114421769490014
62609.223 lsst_hardware_r -78.63582928420585 169.6843172470356 31.649999618530273 AB 13.25049163961101 1.114024981786237
62609.2414 lsst_hardware_y 72.83128795589037 78.5038954651895 30.040000915527344 AB 13.40800336348928 1.1293486281963063
62615.1126 lsst_hardware_r 117.89003996357292 26.71449785815314 31.469999313354492 AB 11.645123610316901 1.278559904514372
62615.1316 lsst_hardware_i 120.51380617896577 34.9139523253221 31.229999542236328 AB 11.727185061634184 1.2068109144979864
62617.1912 lsst_hardware_z 163.51417109123963 44.624346621254055 30.940000534057617 AB 7.1372123197292465 1.1118163363331424
62617.2077 lsst_hardware_r 55.227316809305975 26.320570257959766 31.510000228881836 AB 7.162627960014695 1.117777950714303
62619.1891 lsst_hardware_u 7.2267266146919455 3.2972531060976307 28.3700008392334 AB 2.53390230566938 1.1120923000523941
62619.2077 lsst_hardware_g 65.9545842122999 17.078295558902834 31.43000030517578 AB 2.554708518727286 1.1223321334331846
62624.1832 lsst_hardware_r 75.033999312299 26.031733101456606 31.510000228881836 AB 12.863452150353849 1.1145551193120826
62624.1999 lsst_hardware_u 2.4330410463801306 3.531371956276066 28.479999542236328 AB 13.041146454313223 1.1286801304832148
62626.1814 lsst_hardware_g 26.5244543045662 16.843619284111913 31.450000762939453 AB 10.203579952534534 1.116609756241468
62626.1999 lsst_hardware_r 69.13138563034472 26.039762826366253 31.510000228881836 AB 10.487063169195215 1.136008575983883
62628.1822 lsst_hardware_i 49.822388067136856 33.592738289886526 31.25 AB 7.174219747347766 1.1214683188934318
62628.1995 lsst_hardware_z 98.15727544354242 44.41087264396758 30.940000534057617 AB 7.29598543073032 1.1440495657636922
62630.0589 lsst_hardware_z 71.8955499645913 47.7185232876439 30.920000076293945 AB 11.985136483503704 1.3424212011092858
62630.0753 lsst_hardware_g 80.78753305041573 19.560199075386706 31.440000534057617 AB 11.27158313927238 1.2627456254611338
62632.1532 lsst_hardware_r 22.75299001019606 35.12844273682446 31.56999969482422 AB 8.61048858584607 1.1120352041645447
62632.1736 lsst_hardware_z -22.24221473347333 45.88706967874169 30.950000762939453 AB 8.761828136826834 1.12370747851189
62635.1092 lsst_hardware_r 80.62875178969071 85.50148416163974 31.6299991607666 AB 6.922113042133592 1.134648624543808
62635.1275 lsst_hardware_y 62.97516341287453 56.45868816203683 30.040000915527344 AB 6.924585381557547 1.1161485141130798
62638.1197 lsst_hardware_z 327.41039423985666 135.798080068221 31.739999771118164 AB 9.494759333901387 1.1159145952754759
62638.1426 lsst_hardware_r 111.64585477607827 206.01943445896393 32.38999938964844 AB 8.824735603984793 1.113531306496504
62645.105 lsst_hardware_g 11.008155946293808 15.736564502695073 31.420000076293945 AB 9.68865446831846 1.113723787453281
62645.1239 lsst_hardware_i 151.4147027211019 33.09454334909273 31.239999771118164 AB 9.628246429785404 1.1136929090590768
62651.0789 lsst_hardware_r 24.645524558332323 25.09408444544538 31.510000228881836 AB 12.278200671973394 1.1196608309295453
62651.0986 lsst_hardware_u 3.27915933252886 2.8421798580486537 28.459999084472656 AB 13.54897669071712 1.1118249412836114
62653.0653 lsst_hardware_g 3.236109237683997 15.325098371819658 31.420000076293945 AB 8.348431461284038 1.1278107976697804
62653.0832 lsst_hardware_r 56.515067440399754 24.87732769617153 31.489999771118164 AB 8.19540637728005 1.113708059967392
62656.0695 lsst_hardware_i -11.384166646573767 31.90999984741211 31.239999771118164 AB 12.81553566748714 1.1165628031963937
62656.0875 lsst_hardware_z 14.161336577882382 42.529998779296875 30.940000534057617 AB 13.010594719931223 1.1120166427291645
62673.009 lsst_hardware_u -0.7239871881922296 2.7799999713897705 28.420000076293945 AB 4.447767000635073 1.1298785724971312
62673.023 lsst_hardware_g -5.6973717716635655 15.479999542236328 31.450000762939453 AB 4.3676488338205575 1.1166173677158526
62679.0016 lsst_hardware_i 55.18469048109455 32.099998474121094 31.239999771118164 AB 9.250944187345121 1.1203759461481313
62679.0217 lsst_hardware_r -8.459764487792134 24.56999969482422 31.489999771118164 AB 9.062483500332311 1.1118247454707355
62680.999 lsst_hardware_u -1.3855661242297532 2.8299999237060547 28.450000762939453 AB 4.4453772128574 1.118099487618422
62681.0199 lsst_hardware_g -2.2393807565211286 15.59000015258789 31.440000534057617 AB 5.0667075851704455 1.1121159485291354
62683.0022 lsst_hardware_r -3.8268855870151435 24.690000534057617 31.5 AB 9.121238240057663 1.1133644479777223
62683.0225 lsst_hardware_i 53.1564263572294 32.18000030517578 31.239999771118164 AB 9.138801578046571 1.1147598899788451
62686.9997 lsst_hardware_z 42.7020211266684 43.130001068115234 30.950000762939453 AB 5.447947256374764 1.1118259706887272
62687.0216 lsst_hardware_r 43.93806603167731 25.510000228881836 31.520000457763672 AB 4.248034338096548 1.1219388162945367
62688.9663 lsst_hardware_y 48.70371820749486 50.31999969482422 30.010000228881836 AB 4.547361861684208 1.1286576971169107
62688.9873 lsst_hardware_z -15.225323492101882 44.560001373291016 30.940000534057617 AB 4.522172386113688 1.1128761870588624
62695.9671 lsst_hardware_y 66.73160933140258 57.41999816894531 30.040000915527344 AB 9.47856690736052 1.113226485097343
62695.9871 lsst_hardware_r 58.822325520889194 85.0 31.639999389648438 AB 9.497261010661648 1.1148110351946539
62697.9622 lsst_hardware_y -19.492515012326866 58.52000045776367 30.040000915527344 AB 4.771973351738201 1.1130399669736126
62697.9817 lsst_hardware_r -65.84024094608367 56.599998474121094 31.6200008392334 AB 4.6801067154298694 1.11484199986419
62699.9579 lsst_hardware_z -75.18037076097457 66.1500015258789 30.979999542236328 AB 3.097561928704854 1.1126966157114964
62699.9645 lsst_hardware_g 7.111918157537376 21.520000457763672 31.549999237060547 AB 2.176960389023242 1.1118285950067628
62909.3691 lsst_hardware_r 10.073892292301576 86.27999877929688 31.6299991607666 AB 6.939223898733879 1.121944041832483
62909.3854 lsst_hardware_y -85.13579907829053 66.05000305175781 30.040000915527344 AB 5.708278254649241 1.112435673895526
62911.3781 lsst_hardware_z -23.796217122611928 54.33000183105469 30.969999313354492 AB 2.8132295766610667 1.1129382164617017
62913.3138 lsst_hardware_z -30.841907316093792 45.06999969482422 30.940000534057617 AB 6.136026001633576 1.2112968352241456
62913.3297 lsst_hardware_y 85.26395250424807 48.869998931884766 30.010000228881836 AB 6.017937992208701 1.167511493298769
62915.2755 lsst_hardware_r -45.38628517784535 25.290000915527344 31.459999084472656 AB 6.484907408462959 1.3567461495816753
62918.385 lsst_hardware_z -113.35834180325747 71.94000244140625 31.709999084472656 AB 5.820363403567008 1.1191571728432907
62922.3299 lsst_hardware_r -74.06380748034017 24.59000015258789 31.510000228881836 AB 10.131485949247582 1.125720661027509
62922.3475 lsst_hardware_i 15.321631070414604 32.130001068115234 31.25 AB 9.572823802520283 1.113119046804684
62924.339 lsst_hardware_z -29.21195173328526 42.9900016784668 30.940000534057617 AB 5.794562025637952 1.1143388510842216
62924.3565 lsst_hardware_i -30.401836854552823 32.119998931884766 31.239999771118164 AB 5.78592421791944 1.112677734215277
62928.3382 lsst_hardware_r 10.308667073104408 24.270000457763672 31.489999771118164 AB 6.611482370201271 1.1117963627020075
62928.3568 lsst_hardware_i -30.669946885599675 32.119998931884766 31.239999771118164 AB 6.64027792188417 1.1184567832043406
62931.3502 lsst_hardware_z -28.700246262934986 60.72999954223633 31.690000534057617 AB 8.034232858890663 1.1197146941069058
62933.3441 lsst_hardware_z 76.17397600371392 65.26000213623047 30.969999313354492 AB 9.09065844532719 1.1191946377749802
62933.3633 lsst_hardware_r 174.88840766430076 87.68000030517578 31.6299991607666 AB 9.268985600624841 1.1428025275868252
62936.31 lsst_hardware_r 9.318636442871732 124.11000061035156 31.639999389648438 AB 9.007681230835766 1.112883769562148
62936.3286 lsst_hardware_i -62.85836773865125 101.27999877929688 31.329999923706055 AB 9.013377406595298 1.1145169750651085
62940.3167 lsst_hardware_z 25.730671740003032 70.27999877929688 31.709999084472656 AB 9.246733621796183 1.1140642917826726
62942.3073 lsst_hardware_r -30.68455088339207 28.600000381469727 31.540000915527344 AB 9.040346632289294 1.1126580470509688
62942.326 lsst_hardware_i 52.8727583802014 34.040000915527344 31.260000228881836 AB 9.082145242637209 1.1252812839347086
62945.3061 lsst_hardware_z -6.302426355159551 43.06999969482422 30.950000762939453 AB 5.352216596377341 1.1156068012806464
62945.3257 lsst_hardware_u 1.8044712967647865 2.9200000762939453 28.530000686645508 AB 5.434076364614395 1.1352527224124842
62949.2731 lsst_hardware_r 3.5036976686719736 24.510000228881836 31.510000228881836 AB 6.817905663242882 1.1133546704621975
62949.2936 lsst_hardware_i -41.76266661523113 32.2400016784668 31.25 AB 6.693934527619753 1.1147577553004113
62953.2847 lsst_hardware_g -17.440697965912964 15.529999732971191 31.469999313354492 AB 8.575035072749172 1.1158629833541758
62953.3029 lsst_hardware_r -9.199574979781989 24.770000457763672 31.510000228881836 AB 8.421010369752269 1.1338882903615846
62955.2807 lsst_hardware_i -19.206461762763666 32.33000183105469 31.25 AB 7.4775260826209795 1.1167709587227033
62955.2985 lsst_hardware_r 3.701656937759205 24.709999084472656 31.510000228881836 AB 7.252366821529989 1.1353998937816443
62957.249 lsst_hardware_z -16.96487868897111 42.7599983215332 30.940000534057617 AB 4.719199167304683 1.1142888907885735
62957.268 lsst_hardware_u -1.7843359681876465 2.809999942779541 28.450000762939453 AB 5.152102951471671 1.1131659239765945
62959.2476 lsst_hardware_z 71.03383076510602 48.58000183105469 30.959999084472656 AB 7.949582580281895 1.1127635190764251
62959.2666 lsst_hardware_r -0.975378269085462 38.86000061035156 31.579999923706055 AB 6.662151163547227 1.1149110808379594
62961.2472 lsst_hardware_i -17.660123359286313 92.63999938964844 32.06999969482422 AB 7.799944414144786 1.1118423093430916
62961.2683 lsst_hardware_z -140.94438767627676 86.47000122070312 31.719999313354492 AB 7.8029262066435905 1.1197158050287368
62963.2494 lsst_hardware_i 159.06032301358624 109.66999816894531 31.329999923706055 AB 9.652868112532413 1.112508810510843
62963.2656 lsst_hardware_z -12.327139122259444 92.13999938964844 30.989999771118164 AB 8.97731914185996 1.122164892732495
62967.2284 lsst_hardware_i -55.39563287055514 65.77999877929688 31.31999969482422 AB 3.1140132860809255 1.1121476021717591
