data/validation/pwv_sim_epoch_fit_4/1235415.ecsv
# %ECSV 0.9
# ---
# datatype:
# - {name: time, datatype: float64}
# - {name: band, datatype: string}
# - {name: flux, datatype: float64}
# - {name: fluxerr, datatype: float64}
# - {name: zp, datatype: float64}
# - {name: zpsys, datatype: string}
# - {name: pwv, datatype: float64}
# - {name: airmass, datatype: float64}
# meta: {SNID: '1235415', alt: 1024.0, c: 0.006999096367508173, dec: -49.117878, lat: -30.244573, lon: -70.7499537, ra: 353.219177, t0: 63032.41015625,
#   x0: 2.1296711810720996e-05, x1: 0.7650020122528076, z: 0.33401891589164734}
# schema: astropy-2.0
time band flux fluxerr zp zpsys pwv airmass
63046.3973 lsst_hardware_r 4208.61185998461 68.94136622031252 31.479999542236328 AB 2.474446155193703 1.0573050086285587
63046.4104 lsst_hardware_u 9.29273812424617 4.014856669175733 28.3799991607666 AB 2.4644214388365815 1.0557281617177987
63048.4166 lsst_hardware_g 1506.8491885422218 41.613865063811275 31.3799991607666 AB 10.262146422145724 1.0579532393964666
63048.4284 lsst_hardware_r 3843.6318922930477 65.58466499990496 31.479999542236328 AB 9.98865636338704 1.063716910658495
63053.4296 lsst_hardware_r 3239.5478846932356 101.56968140818006 31.649999618530273 AB 5.660678764384747 1.0761235234798245
63053.4422 lsst_hardware_z 1912.416784535613 83.04384216736833 30.989999771118164 AB 5.772734786621809 1.091357365842072
63061.3202 lsst_hardware_r 1674.199924889119 46.86702483488555 31.489999771118164 AB 6.59001819534346 1.0845534985136327
63061.3322 lsst_hardware_u 1.3710213658650858 2.7153388849696953 28.43000030517578 AB 6.528075262248809 1.0716695825738831
63066.4139 lsst_hardware_r 1264.1506536197762 41.883005547149565 31.479999542236328 AB 3.12258349834133 1.102088293532234
63066.4254 lsst_hardware_u -3.645928562555383 3.2522184382012607 28.469999313354492 AB 3.499444354196288 1.1225162323001465
63068.4082 lsst_hardware_g 310.5942170638514 22.141845415505767 31.3799991607666 AB 6.425145568543685 1.1017053444004947
63068.4194 lsst_hardware_r 1083.9079054350734 40.460924369104845 31.469999313354492 AB 6.973261112649703 1.121463672024719
63070.3985 lsst_hardware_i 1893.782496273934 53.38792876288454 31.239999771118164 AB 5.626709143712378 1.0952231909902441
63070.4103 lsst_hardware_z 1658.7802026403406 58.001309012922945 30.940000534057617 AB 5.774529497693908 1.1146126521631528
63071.1905 lsst_hardware_i 3611.078695183918 75.58547055249305 31.950000762939453 AB 7.728214459402494 1.4035774599735396
63071.2057 lsst_hardware_z 3226.0525396853973 83.80855196016283 31.68000030517578 AB 7.3038466049393325 1.3246804797060636
63080.3813 lsst_hardware_i 1455.7375505027921 81.09045459017985 31.31999969482422 AB 2.091952294086366 1.1115580733721393
63080.3933 lsst_hardware_z 1134.657056155756 72.74518331090756 30.979999542236328 AB 2.147828759634301 1.1351160537131864
63082.3364 lsst_hardware_z 1059.1138436340163 74.93303803883359 30.989999771118164 AB 1.9638964005029187 1.0642502170355412
63082.3476 lsst_hardware_r 873.0467538535221 100.99704186370363 31.649999618530273 AB 1.9992120768109207 1.0733064120316325
63084.3405 lsst_hardware_z 845.0804268431076 61.893523908673636 30.969999313354492 AB 2.793129033688076 1.0717727242112016
63084.3518 lsst_hardware_r 737.3280781718767 69.8732631697614 31.6299991607666 AB 2.8346682471252844 1.0838304593118817
63086.3457 lsst_hardware_i 1111.4126941060708 52.50294564083962 31.280000686645508 AB 2.7206319043421305 1.0830541020472941
63086.357 lsst_hardware_z 900.1965637012055 54.680803129076644 30.950000762939453 AB 2.708882677584263 1.098492569985508
63092.1053 lsst_hardware_r 489.2767860627093 32.51107088090906 31.3799991607666 AB 5.688705396954608 1.594777824166693
63092.1181 lsst_hardware_u -1.7530621909461976 2.656015997332091 28.040000915527344 AB 5.368560484153713 1.4983771557121655
63101.3168 lsst_hardware_u -1.005812200992756 2.630000114440918 28.3799991607666 AB 2.2155300661470982 1.0996550768815478
63101.3288 lsst_hardware_r -8.898262696187688 22.780000686645508 31.479999542236328 AB 2.251808978171962 1.12048879325193
63107.3032 lsst_hardware_i -61.30940126017157 52.27000045776367 31.299999237060547 AB 7.712813423447808 1.1040912473323197
63107.3148 lsst_hardware_z 12.815306993517598 52.31999969482422 30.959999084472656 AB 7.853078465796951 1.1251634738587222
63111.0158 lsst_hardware_y -182.87156043928778 91.01000213623047 30.479999542236328 AB 3.343782116625127 1.9992718186099416
63111.0237 lsst_hardware_r 39.56225934606384 159.25 32.189998626708984 AB 3.0049884330607077 1.8952938713722534
63111.0358 lsst_hardware_i 180.3530243942676 91.45999908447266 31.190000534057617 AB 2.943301985997214 1.7577199080305848
63111.0467 lsst_hardware_r -91.3621731250933 110.69999694824219 31.489999771118164 AB 2.640512256647162 1.6523856424588321
63112.3056 lsst_hardware_r 50.92320732211067 81.75 31.6299991607666 AB 1.7353488247467534 1.1344002776576259
63112.3172 lsst_hardware_i -51.11477291741927 66.0999984741211 31.299999237060547 AB 1.846478716242424 1.161672674578209
63114.3028 lsst_hardware_z -34.722271341155846 50.36000061035156 30.950000762939453 AB 1.9622568765221875 1.1402393355414386
63114.315 lsst_hardware_r -45.726441173234555 54.13999938964844 31.600000381469727 AB 2.215220134829532 1.1702166586526845
63126.1939 lsst_hardware_g -12.542113195506337 13.489999771118164 31.40999984741211 AB 0.8732039955125144 1.0558694020706227
63126.2054 lsst_hardware_r -22.547349580693123 22.31999969482422 31.489999771118164 AB 0.8646953837285468 1.0585946342317825
63131.0603 lsst_hardware_r 6.943117039943014 24.84000015258789 31.469999313354492 AB 3.219282916371232 1.24742145359715
63131.0664 lsst_hardware_i -28.757336827163186 32.59000015258789 31.219999313354492 AB 3.165736244475453 1.225604430691085
63137.2451 lsst_hardware_r -6.587374504103986 78.06999969482422 31.6200008392334 AB 4.266681154290384 1.1521191235707609
63137.2567 lsst_hardware_z 39.419504677182495 61.54999923706055 30.959999084472656 AB 4.113937654569875 1.1826757667298764
63141.073 lsst_hardware_z -73.71851028222356 85.26000213623047 31.719999313354492 AB 5.529951420579847 1.1325485475562334
63143.2195 lsst_hardware_r 97.1606349301061 55.209999084472656 31.610000610351562 AB 2.9666746009209954 1.1313110210706732
63143.2311 lsst_hardware_i -23.66735828246341 48.22999954223633 31.290000915527344 AB 3.013567513844013 1.1579880933148545
63145.1859 lsst_hardware_i 33.33530059913461 36.779998779296875 31.270000457763672 AB 5.2426347445586705 1.084645649024102
63145.198 lsst_hardware_z 40.069925198031626 44.900001525878906 30.950000762939453 AB 5.216322104778723 1.1017683186773763
63149.1369 lsst_hardware_g 1.702743526868277 13.1899995803833 31.389999389648438 AB 3.290986737311017 1.0568358180190576
63149.1474 lsst_hardware_r -78.79615750105488 22.020000457763672 31.479999542236328 AB 3.3214174564931542 1.060732121834141
63151.2165 lsst_hardware_r 1.9235291044645677 22.639999389648438 31.459999084472656 AB 6.474159447398671 1.177119899527031
63151.229 lsst_hardware_u -0.2874252459308544 2.559999942779541 28.280000686645508 AB 6.6826106234741856 1.2150201133589429
63153.1763 lsst_hardware_u -0.013841407087866823 2.5999999046325684 28.3700008392334 AB 9.00995874557057 1.1020008250454914
63153.1881 lsst_hardware_g 17.274408843489557 13.270000457763672 31.3799991607666 AB 8.987301102370582 1.122991515977831
63155.1772 lsst_hardware_r -13.472358912201855 22.309999465942383 31.479999542236328 AB 8.454323956640351 1.1127770920224223
63155.1889 lsst_hardware_i 69.89827987974083 30.93000030517578 31.239999771118164 AB 8.602874169784862 1.135942892137101
63157.1633 lsst_hardware_i 53.93398234969278 30.40999984741211 31.239999771118164 AB 6.710241631755718 1.0987487321052947
63157.1742 lsst_hardware_z 4.260957667586197 41.849998474121094 30.940000534057617 AB 6.53797186349556 1.117283713499629
63159.1632 lsst_hardware_i 18.156675297920682 30.520000457763672 31.239999771118164 AB 3.7061325337576756 1.1074101196485708
63159.1749 lsst_hardware_u 1.6158558397780327 2.630000114440918 28.3799991607666 AB 2.5073971045653622 1.129415759723515
63163.1555 lsst_hardware_i -36.44210791115195 40.47999954223633 31.280000686645508 AB 3.2041611311087888 1.1130390381619761
63163.1662 lsst_hardware_r -92.82391077306889 40.91999816894531 31.59000015258789 AB 3.222825266622757 1.1340988006062311
63170.1456 lsst_hardware_i 26.52007099807896 63.41999816894531 31.309999465942383 AB 4.131936102706911 1.1309528131126074
63170.1563 lsst_hardware_z 90.85506863628177 59.06999969482422 30.969999313354492 AB 4.3278438723153325 1.1553240449322077
63183.0518 lsst_hardware_i 17.151470263103775 30.350000381469727 31.239999771118164 AB 4.612576292132551 1.059449047862849
63183.0636 lsst_hardware_z 52.216153303911774 41.38999938964844 30.940000534057617 AB 4.685328145231007 1.0663620245191479
63186.0514 lsst_hardware_r -21.92152747439369 22.3700008392334 31.489999771118164 AB 6.324941123400952 1.0636111754598383
63186.0634 lsst_hardware_g -16.817864865404196 13.609999656677246 31.40999984741211 AB 6.392349772889892 1.0731120740141393
63187.0479 lsst_hardware_r -1.7159463554546692 22.309999465942383 31.479999542236328 AB 3.9819570250958876 1.0631309638488553
63187.0607 lsst_hardware_i -1.407937350155653 30.399999618530273 31.239999771118164 AB 4.050035893229972 1.0731414661446668
