data/validation/pwv_sim_epoch_fit_4/123635.ecsv
# %ECSV 0.9
# ---
# datatype:
# - {name: time, datatype: float64}
# - {name: band, datatype: string}
# - {name: flux, datatype: float64}
# - {name: fluxerr, datatype: float64}
# - {name: zp, datatype: float64}
# - {name: zpsys, datatype: string}
# - {name: pwv, datatype: float64}
# - {name: airmass, datatype: float64}
# meta: {SNID: '123635', alt: 1024.0, c: 0.022078465670347214, dec: -1.492246, lat: -30.244573, lon: -70.7499537, ra: 215.332031, t0: 62163.67578125,
#   x0: 1.165414744011835e-05, x1: -0.7220063805580139, z: 0.43172040581703186}
# schema: astropy-2.0
time band flux fluxerr zp zpsys pwv airmass
62181.2276 lsst_hardware_i 1703.000051083785 55.17500472214033 31.059999465942383 AB 5.144971639843482 2.2418177079928023
62181.2544 lsst_hardware_z 1359.7385933672513 61.68519259195604 30.8700008392334 AB 6.126218594465139 1.7680284543910936
62185.3763 lsst_hardware_r 1278.2776644426824 43.26297971490984 31.489999771118164 AB 5.209209793009103 1.1401203311466728
62185.3937 lsst_hardware_y 479.58268112129645 72.66646800313703 30.030000686645508 AB 5.182139970982632 1.1417548820672185
62187.3462 lsst_hardware_z 2458.516869842153 77.7384739030207 31.690000534057617 AB 4.3681333745320226 1.1611971488089379
62187.375 lsst_hardware_y 814.7629133302996 74.18344151683472 30.770000457763672 AB 3.0760665922264296 1.1392839230468257
62189.3717 lsst_hardware_u 4.317789664623095 3.6990915889774993 28.3700008392334 AB 10.623173294096631 1.1391532136718279
62189.3902 lsst_hardware_y 440.28014716318535 56.56238594169372 30.020000457763672 AB 9.871196107196111 1.1465802604403532
62191.373 lsst_hardware_r 847.2752996500423 37.41255024367357 31.5 AB 11.433650128604366 1.1400872619822229
62191.3915 lsst_hardware_y 269.6320716491369 56.58438140331411 30.010000228881836 AB 12.359672404166979 1.153178624966013
62193.3397 lsst_hardware_i 1139.2849023949493 46.9051886359722 31.25 AB 7.789826294233953 1.149365738728728
62193.3589 lsst_hardware_z 954.105489185126 52.84279912210347 30.940000534057617 AB 7.459827996314679 1.1392529010865828
62197.3437 lsst_hardware_r 612.0069371172888 109.89539902944992 31.6299991607666 AB 3.648222669431856 1.1400695841974549
62197.3617 lsst_hardware_i 1082.3032917917403 91.5018861855472 31.31999969482422 AB 3.654820094373885 1.142131279491839
62198.2947 lsst_hardware_z 992.9452338757865 82.38652323034287 30.969999313354492 AB 7.333144060668528 1.2038322351914188
62198.3125 lsst_hardware_i 1026.8568005954673 91.33903269976348 31.309999465942383 AB 7.11740030184363 1.166786934728464
62201.3482 lsst_hardware_z 1542.3529504508087 82.03071230862935 31.709999084472656 AB 8.16690057845188 1.1409472727650014
62203.3419 lsst_hardware_r 439.7747576640003 36.0172190192517 31.530000686645508 AB 9.256178794960576 1.1406258527369888
62203.3593 lsst_hardware_i 799.4628201871907 44.43794783830748 31.25 AB 9.398149847148025 1.1538196921086663
62205.3395 lsst_hardware_z 593.2837518923644 49.38737018375546 30.940000534057617 AB 9.667340926475402 1.1419467960557084
62205.3596 lsst_hardware_u 8.315784191977496 4.232391965941642 28.420000076293945 AB 9.749208579549117 1.161299798042425
62207.3096 lsst_hardware_r 360.94153877326147 30.327251329508268 31.5 AB 8.594027879106925 1.143050858430129
62207.329 lsst_hardware_g 67.62237894428623 17.037540258331592 31.440000534057617 AB 8.541399881259602 1.139993310812116
62209.3122 lsst_hardware_r 304.7988705510382 29.792649636321418 31.489999771118164 AB 12.0740360933457 1.1397409861249577
62209.3314 lsst_hardware_i 567.7607431117572 39.97317727883946 31.229999542236328 AB 12.059746793419334 1.1435375301933697
62210.308 lsst_hardware_z 524.7845402410454 48.18671679360124 30.940000534057617 AB 9.463058072270858 1.1401274785868503
62210.3278 lsst_hardware_i 532.4308246782737 39.99450527387065 31.25 AB 9.486969029052506 1.1430083167533138
62215.3061 lsst_hardware_r 238.6788005467893 29.484689801252472 31.520000457763672 AB 5.4679353104571335 1.1397270105693076
62215.3257 lsst_hardware_i 458.04831283899733 39.15190088968801 31.260000228881836 AB 5.518364772774931 1.1528617213318164
62217.3076 lsst_hardware_z 429.2442413730206 47.49741413775851 30.950000762939453 AB 6.603797985255426 1.142393838990103
62217.3278 lsst_hardware_u 13.210466142953841 3.935419595642066 28.530000686645508 AB 6.7139401192318315 1.162704478530044
62219.3048 lsst_hardware_g 65.16530221058744 16.738401195119984 31.420000076293945 AB 6.91312322736199 1.1439886194542332
62219.3244 lsst_hardware_r 303.0274509296872 28.991542774914546 31.489999771118164 AB 7.006094491227682 1.165868841451235
62221.2867 lsst_hardware_i 377.5328288207606 38.012868205001425 31.25 AB 8.088619868825205 1.1392422350458036
62221.3044 lsst_hardware_z 306.1067121467856 47.14488660907013 30.950000762939453 AB 7.254805206318031 1.1479122161895619
62223.2819 lsst_hardware_i 497.0243214090326 68.188366943656 31.31999969482422 AB 8.745368490392806 1.139313247836478
62223.3002 lsst_hardware_z 381.561222098056 63.512847570661755 30.969999313354492 AB 8.464069172389463 1.149072654410766
62225.2795 lsst_hardware_z 283.28456197391466 93.43232752296211 30.989999771118164 AB 7.706841790499639 1.1398967298476328
62225.2985 lsst_hardware_r 194.92812609703947 137.90215154205254 31.639999389648438 AB 7.364629764308556 1.1529753055669392
62231.2786 lsst_hardware_r 218.72095257190844 39.99769045686555 31.559999465942383 AB 8.032101587812246 1.149303861653951
62231.2971 lsst_hardware_i 374.5388872086401 42.858031014928706 31.25 AB 8.087764652486808 1.1752909471026387
62233.2462 lsst_hardware_i 297.0685644643256 37.59847704059538 31.239999771118164 AB 9.80416983390702 1.1398540716648187
62233.2648 lsst_hardware_z 345.1505367130254 46.982416626514635 30.940000534057617 AB 9.143096771324325 1.1428870964155406
62235.2475 lsst_hardware_i 367.35735583913566 36.78421728586893 31.239999771118164 AB 8.53771739174031 1.1391723970477199
62235.2665 lsst_hardware_u -1.662365660458506 2.7300000190734863 28.3799991607666 AB 5.987876560717996 1.1482026003294334
62237.257 lsst_hardware_r -14.237289927020317 24.56999969482422 31.5 AB 3.9438550604476066 1.144916313271064
62237.2737 lsst_hardware_z -19.12816934309443 43.349998474121094 30.940000534057617 AB 4.000166616625814 1.1634591933566767
62241.1786 lsst_hardware_i 70.7337878978256 32.72999954223633 31.229999542236328 AB 11.885350352768805 1.2005404396736166
62241.1957 lsst_hardware_r 3.9509609727747175 24.68000030517578 31.489999771118164 AB 11.5416772467362 1.165825984518808
62243.2355 lsst_hardware_u -3.0517709201800565 2.8299999237060547 28.450000762939453 AB 15.24788046230088 1.1418212117942494
62243.2522 lsst_hardware_g -6.294805075091036 15.529999732971191 31.440000534057617 AB 15.51850245994265 1.1563712712326863
62245.2254 lsst_hardware_r -5.117843677352548 24.90999984741211 31.510000228881836 AB 10.241497900312565 1.1400342739814733
62245.2427 lsst_hardware_i 59.91108364948703 32.75 31.25 AB 10.355096197905711 1.1516645909976047
62247.2261 lsst_hardware_z 39.05518192991805 43.470001220703125 30.940000534057617 AB 9.136180572468618 1.1426176849361334
62247.2422 lsst_hardware_r -27.06118769369787 24.969999313354492 31.5 AB 9.252325754211299 1.1575535786577378
62251.2246 lsst_hardware_r -54.47982927579729 68.81999969482422 31.6299991607666 AB 14.603679785805943 1.1498960461264522
62251.2415 lsst_hardware_z 17.980945932037297 57.939998626708984 30.969999313354492 AB 14.902993552200984 1.173464059228424
62253.1912 lsst_hardware_i 18.44407431884484 108.33999633789062 31.31999969482422 AB 3.993180894198438 1.139958861196176
62253.2093 lsst_hardware_r -31.490596112259542 137.50999450683594 31.6299991607666 AB 3.2612359429784927 1.1423893311072748
62262.1866 lsst_hardware_u 0.5231783950513962 2.75 28.389999389648438 AB 3.7555669687108204 1.1434792353732688
62262.2053 lsst_hardware_g -19.01982094210646 15.210000038146973 31.420000076293945 AB 3.7768735224112873 1.163248351443378
62265.1798 lsst_hardware_r -29.783268433314344 24.690000534057617 31.510000228881836 AB 8.79579323001402 1.1443915209490008
62265.1986 lsst_hardware_u -3.950771938305245 2.9100000858306885 28.510000228881836 AB 8.870964848458684 1.1655452435236742
62267.1837 lsst_hardware_g 6.331253107444371 15.15999984741211 31.43000030517578 AB 8.969359193416823 1.152836887428659
62267.2027 lsst_hardware_r 7.454148958402161 24.65999984741211 31.489999771118164 AB 9.216045500400458 1.1829471489138348
62269.1178 lsst_hardware_r -28.024451483634138 24.440000534057617 31.489999771118164 AB 7.507426506850182 1.168183172528199
62269.1394 lsst_hardware_i 16.84458525139769 32.25 31.239999771118164 AB 7.985900410371975 1.1436202793028494
62271.1218 lsst_hardware_z 15.391694199268942 43.380001068115234 30.940000534057617 AB 7.627471438242813 1.1547006605385435
62271.1408 lsst_hardware_r 0.6848483168509379 24.389999389648438 31.5 AB 7.956209111982489 1.1403345397884725
62276.1232 lsst_hardware_z -6.303508368202727 43.7400016784668 30.940000534057617 AB 9.300181547559559 1.1419672823624212
62276.1443 lsst_hardware_g -13.521528688049687 16.139999389648438 31.43000030517578 AB 8.788133612216665 1.1413160535346318
62278.1184 lsst_hardware_r -12.24326577165322 60.72999954223633 32.34000015258789 AB 5.351654693587559 1.14164574278333
62278.1394 lsst_hardware_z -89.90493086356234 67.62000274658203 31.700000762939453 AB 5.613101138083159 1.1415702945054576
62281.1097 lsst_hardware_r 210.28391459003538 108.83999633789062 31.6299991607666 AB 6.517543986849007 1.141892890296503
62281.1312 lsst_hardware_y 79.30683680390689 61.41999816894531 30.020000457763672 AB 6.509311968821076 1.1415673164172877
62284.0907 lsst_hardware_z 72.56961333355298 111.54000091552734 31.729999542236328 AB 8.771832569975613 1.1499015822559637
62287.093 lsst_hardware_z 106.19897360669704 71.66999816894531 31.709999084472656 AB 10.099558384007679 1.1420533415764431
62287.1169 lsst_hardware_r 0.7854727730919755 77.29000091552734 32.369998931884766 AB 10.123736362231414 1.1426339009290536
62290.0927 lsst_hardware_u -1.0191290599189333 2.75 28.40999984741211 AB 10.339462799723282 1.1394289114497929
62290.113 lsst_hardware_g -11.99615228338187 14.880000114440918 31.420000076293945 AB 10.400389068104694 1.1454488359376493
62303.0524 lsst_hardware_i -18.837279533088658 32.279998779296875 31.25 AB 9.927780195991726 1.1406980376286704
62303.0744 lsst_hardware_r -4.621757720129749 24.350000381469727 31.5 AB 10.013310909286695 1.1433330565524276
62305.0527 lsst_hardware_z 92.70053367606323 43.59000015258789 30.940000534057617 AB 6.409719824681211 1.1393032038182032
62305.0752 lsst_hardware_g -26.684486403349737 20.770000457763672 31.540000915527344 AB 6.4681723628200505 1.1480604122861289
62309.053 lsst_hardware_z -43.29494541782412 71.23999786376953 30.979999542236328 AB 3.4086126253597326 1.1408309115946722
62309.0758 lsst_hardware_r -28.814485950160297 90.55000305175781 31.6299991607666 AB 3.476287568627019 1.16153730644106
62311.059 lsst_hardware_z 30.380554190494262 102.08999633789062 31.719999313354492 AB 3.90397437749844 1.1482277580877764
62313.0139 lsst_hardware_g 31.317833151488575 101.61000061035156 31.690000534057617 AB 4.644282887389109 1.1476811089099943
62313.0362 lsst_hardware_r 59.45621176934537 93.69999694824219 31.6299991607666 AB 4.627779240298101 1.1393326265556851
62324.0358 lsst_hardware_r -0.5070300682088614 24.690000534057617 31.479999542236328 AB 3.488845862087441 1.1629486206958137
62324.0668 lsst_hardware_i -22.337083698579065 33.16999816894531 31.219999313354492 AB 3.915118581754632 1.234858407744719
62326.0257 lsst_hardware_z -10.628559192650231 43.52000045776367 30.950000762939453 AB 2.8219809059732612 1.1565495516283857
62326.0511 lsst_hardware_r 4.715785633118885 25.200000762939453 31.5 AB 3.4872390518470837 1.2050934088455798
62328.9679 lsst_hardware_y -29.204325314907415 71.6500015258789 30.770000457763672 AB 12.207650371920842 1.1498391270392154
62328.9891 lsst_hardware_u 1.653487388408348 3.950000047683716 29.15999984741211 AB 12.08338616855816 1.1391718965376965
62330.968 lsst_hardware_y -95.29299677067887 50.560001373291016 30.010000228881836 AB 9.848567784089843 1.1450713439499867
62330.9881 lsst_hardware_r -42.95409082988741 24.899999618530273 31.5 AB 9.51873759527407 1.1394909433499816
62332.9635 lsst_hardware_y -80.83090176830233 55.630001068115234 30.020000457763672 AB 4.8667157317125005 1.1443915343421776
62332.9834 lsst_hardware_r 46.87038252307903 26.489999771118164 31.510000228881836 AB 4.80355845319378 1.139634271220463
62545.3626 lsst_hardware_r 20.939997369542894 24.729999542236328 31.5 AB 6.489443595808325 1.1663270301596558
62545.3807 lsst_hardware_y -56.31767826320458 50.779998779296875 30.020000457763672 AB 5.679159376868686 1.1452227015262526
62547.3764 lsst_hardware_z 64.93434632278345 63.7400016784668 31.700000762939453 AB 3.250071056584021 1.1443912171070498
62549.3761 lsst_hardware_z -76.62941133188892 55.810001373291016 30.959999084472656 AB 3.7667388020669366 1.1414360006263444
62549.3937 lsst_hardware_y 251.86945800281148 78.97000122070312 30.030000686645508 AB 3.7630593128408187 1.1403210038911573
62553.3726 lsst_hardware_i 16.687089829032573 77.1500015258789 31.309999465942383 AB 6.501503686854413 1.1392821881170117
62553.3896 lsst_hardware_y -45.74821233943526 62.27000045776367 30.020000457763672 AB 5.96076323786834 1.143606549545463
62555.3731 lsst_hardware_z 113.1489052907615 63.83000183105469 30.969999313354492 AB 11.219546739104294 1.1393294479923122
62555.3901 lsst_hardware_y 49.91080519983159 59.84000015258789 30.020000457763672 AB 11.137595012087274 1.1482056713492037
62558.3423 lsst_hardware_r -16.300829034709363 29.25 31.530000686645508 AB 7.5814283495247965 1.147571081438704
62558.3601 lsst_hardware_i 16.629344077369264 34.540000915527344 31.25 AB 7.554954745852953 1.1391668796521341
62560.3433 lsst_hardware_z -16.11840125722853 43.279998779296875 30.940000534057617 AB 5.472338268078668 1.1428681184313176
62560.3611 lsst_hardware_u -2.690655601602302 2.880000114440918 28.43000030517578 AB 5.4607755986345845 1.139620305448862
62564.3429 lsst_hardware_i 42.40288700986614 31.860000610351562 31.229999542236328 AB 8.333349967443336 1.1392398962077062
62564.3608 lsst_hardware_z -0.9896487688965024 42.900001525878906 30.940000534057617 AB 8.529649637138291 1.144420170682359
62565.3378 lsst_hardware_i 36.15057252789052 31.90999984741211 31.229999542236328 AB 11.024448245226198 1.1396250931878773
62565.3564 lsst_hardware_u -0.017475465619616555 2.700000047683716 28.3700008392334 AB 11.059415651609493 1.1433284039707974
62567.3442 lsst_hardware_g -17.355181234243588 14.770000457763672 31.399999618530273 AB 9.805730184835483 1.1402011842831956
62567.3628 lsst_hardware_r -7.3227181574247995 24.040000915527344 31.479999542236328 AB 9.92319290339474 1.153859639929621
62569.3382 lsst_hardware_i 0.014654401855045332 31.8799991607666 31.229999542236328 AB 7.858666459505002 1.14003865466707
62569.3586 lsst_hardware_r -39.761879206438856 24.149999618530273 31.479999542236328 AB 7.870630857315937 1.1553643593990452
62573.3089 lsst_hardware_z 26.26954183560778 43.040000915527344 30.940000534057617 AB 15.589540842414996 1.1422582680550066
62573.3281 lsst_hardware_u 0.28579252782598824 2.6700000762939453 28.350000381469727 AB 15.602869989927884 1.1402897696035774
62576.3099 lsst_hardware_g 12.467743179212082 14.9399995803833 31.420000076293945 AB 8.826931976541433 1.1392652188061005
62576.3287 lsst_hardware_r -0.7354610405977454 24.219999313354492 31.489999771118164 AB 8.81895904058329 1.144885687099056
62577.3141 lsst_hardware_i -12.310566345137937 49.25 31.290000915527344 AB 9.164987952893217 1.139498688660082
62577.3308 lsst_hardware_z -19.977582553127373 50.08000183105469 30.950000762939453 AB 9.218254311700932 1.1489068750172533
62579.3079 lsst_hardware_i 57.523835942058234 84.51000213623047 31.31999969482422 AB 6.266544461379999 1.1393717202509088
62579.3264 lsst_hardware_z 141.57343607240793 73.70999908447266 30.979999542236328 AB 6.324635608854506 1.1499337470644557
62581.2629 lsst_hardware_z 24.809691661758986 91.52999877929688 30.979999542236328 AB 5.260030769363945 1.168636029629888
62581.2827 lsst_hardware_r 59.43730894852296 132.22999572753906 31.6299991607666 AB 5.212632112082012 1.1450043079806729
62583.3101 lsst_hardware_i -70.33889761548397 77.63999938964844 31.31999969482422 AB 7.057858045741111 1.14526039253698
62583.3296 lsst_hardware_r 19.356699001146104 96.18000030517578 31.6299991607666 AB 7.215064287307878 1.168715362000152
