data/validation/pwv_sim_epoch_fit_4/12484050.ecsv
# %ECSV 0.9
# ---
# datatype:
# - {name: time, datatype: float64}
# - {name: band, datatype: string}
# - {name: flux, datatype: float64}
# - {name: fluxerr, datatype: float64}
# - {name: zp, datatype: float64}
# - {name: zpsys, datatype: string}
# - {name: pwv, datatype: float64}
# - {name: airmass, datatype: float64}
# meta: {SNID: '12484050', alt: 1024.0, c: 0.06950180232524872, dec: -28.801123, lat: -30.244573, lon: -70.7499537, ra: 243.28125, t0: 61139.203125,
#   x0: 7.439040056409553e-06, x1: 0.6819680333137512, z: 0.5206973552703857}
# schema: astropy-2.0
time band flux fluxerr zp zpsys pwv airmass
61091.3113 lsst_hardware_r 21.643578082907823 27.280000686645508 31.459999084472656 AB 5.113278239844291 1.413028253457339
61091.3295 lsst_hardware_u -4.453667140762912 2.8499999046325684 28.350000381469727 AB 4.716869265722883 1.2937107146798912
61093.3121 lsst_hardware_g 10.23639276905692 16.479999542236328 31.3799991607666 AB 15.270896852538987 1.3682066840666582
61093.3312 lsst_hardware_r -10.61851387482101 26.350000381469727 31.489999771118164 AB 13.97960630631563 1.2550426489790711
61095.2899 lsst_hardware_r -13.960262294690567 26.690000534057617 31.43000030517578 AB 14.82003160760764 1.4986001575051333
61095.3104 lsst_hardware_i -2.5207965870529336 34.59000015258789 31.209999084472656 AB 13.321532853301568 1.3432801223435693
61098.2968 lsst_hardware_z 54.20686316725307 46.33000183105469 30.920000076293945 AB 8.4286940112206 1.3796045521270783
61098.3154 lsst_hardware_r -44.277960945456705 26.110000610351562 31.489999771118164 AB 7.7302868310318145 1.2662222491452282
61100.3156 lsst_hardware_g -10.079773238184764 55.529998779296875 31.6299991607666 AB 5.133537286370429 1.2375436425016102
61100.3357 lsst_hardware_i 16.245212880412655 47.63999938964844 31.280000686645508 AB 4.878392183790567 1.1532842042058078
61102.2935 lsst_hardware_r 59.81217684198741 86.72000122070312 31.579999923706055 AB 8.060076868767126 1.3292779531239591
61102.313 lsst_hardware_z 19.202341337347114 61.25 30.950000762939453 AB 7.4412943515281205 1.2239474240763388
61106.2977 lsst_hardware_z -19.25469838246474 65.83000183105469 30.959999084472656 AB 11.160662292981709 1.2450075067469275
61106.3178 lsst_hardware_r 66.30865463940677 82.76000213623047 31.6200008392334 AB 10.305958268389654 1.1587974515636341
61108.3042 lsst_hardware_i -34.374170828171515 71.04000091552734 31.299999237060547 AB 8.572351319412135 1.190604349918352
61108.3238 lsst_hardware_z -60.32997511227102 65.37000274658203 30.969999313354492 AB 8.065914734105778 1.120265935292469
61110.3033 lsst_hardware_r -22.96920838077831 50.440794787582625 31.600000381469727 AB 9.44729638160574 1.1723029479268796
61110.3234 lsst_hardware_z -7.363228442454495 50.70906903116667 30.959999084472656 AB 8.732071699103448 1.1053605112950977
61112.3009 lsst_hardware_g 9.752812865269336 22.100475005850765 31.540000915527344 AB 15.908443149447804 1.1607130692919252
61112.3225 lsst_hardware_i -21.083090347860562 34.927355473318194 31.260000228881836 AB 15.185457844259206 1.0929507589074032
61115.3041 lsst_hardware_z 115.40250446407163 44.45433695343339 30.940000534057617 AB 8.70643437885053 1.1220836918291064
61115.3225 lsst_hardware_r 186.65861255393105 27.46671224400438 31.510000228881836 AB 8.365467978234431 1.0729544221763023
61117.2499 lsst_hardware_r 335.0946284359223 31.01671535177858 31.459999084472656 AB 7.942094965948205 1.3461177908386788
61117.2679 lsst_hardware_u -1.9656471284022967 2.972599894145754 28.31999969482422 AB 7.876979794324473 1.2438645848496377
61119.2455 lsst_hardware_g 137.448142240677 18.970747646209727 31.360000610351562 AB 6.588341965793654 1.3392980567756787
61119.2627 lsst_hardware_r 540.6762690981642 34.44932367640319 31.469999313354492 AB 6.2026456079400045 1.24257937756097
61123.2498 lsst_hardware_r 1177.0974993779762 41.87201055514667 31.469999313354492 AB 7.442698727113352 1.2524875851988477
61123.266 lsst_hardware_u -3.4984751400035834 2.7390230259540416 28.329999923706055 AB 7.20759465005223 1.1794138571553
61127.2503 lsst_hardware_r 1918.800605956837 56.46124936488655 31.549999237060547 AB 9.107629431982351 1.1991612155342135
61127.2673 lsst_hardware_z 1021.2848833947207 53.59934921275247 30.940000534057617 AB 8.641912124084334 1.1350029057111177
61129.255 lsst_hardware_y 448.8423325237461 54.850122231423015 30.010000228881836 AB 7.650980040245649 1.15882971276503
61129.272 lsst_hardware_r 2327.0897735604494 75.60783574955892 31.6299991607666 AB 7.466952910944906 1.104034437300903
61132.2476 lsst_hardware_i 4129.367113317289 130.55598861139018 32.060001373291016 AB 9.868697963519665 1.1559461928220685
61132.267 lsst_hardware_z 3154.864170089466 111.97281586890172 31.729999542236328 AB 8.653043722198293 1.0953219901516826
61134.266 lsst_hardware_r 2839.7673115433754 123.36234433506881 31.649999618530273 AB 6.913313928897497 1.0839029912823692
61134.2847 lsst_hardware_z 1788.619013813924 86.7632858456142 30.989999771118164 AB 6.611126200013185 1.0449344643207568
61136.2547 lsst_hardware_r 3104.9398807489215 120.38198894100975 31.639999389648438 AB 16.045880135221466 1.099032885974073
61136.2732 lsst_hardware_i 2296.043062922025 101.24125459345261 31.34000015258789 AB 15.417970701293994 1.0560253904995887
61138.2534 lsst_hardware_z 1769.497257742528 71.14116618276884 30.969999313354492 AB 9.431388581958803 1.0881011314307407
61138.2716 lsst_hardware_i 2319.301201681025 74.72303807380433 31.31999969482422 AB 9.041005288745216 1.0487796866475514
61140.2382 lsst_hardware_z 1820.941020363887 61.665309685113684 30.950000762939453 AB 5.455752338634585 1.1149357640261413
61140.256 lsst_hardware_g 832.5016625300578 42.066017529493855 31.649999618530273 AB 4.406235428094672 1.0690421580496576
61147.2476 lsst_hardware_r 2082.8457930423606 52.0593605323162 31.520000457763672 AB 13.883453250224562 1.0477550752332885
61147.2672 lsst_hardware_i 1998.032947442871 53.706878861633605 31.260000228881836 AB 13.691377538637028 1.0196140556029958
61149.1556 lsst_hardware_g 660.8011600638711 33.19872649403926 32.06999969482422 AB 13.295328864790223 1.3935673041025338
61149.1741 lsst_hardware_r 3802.745933369606 70.66792553170426 32.220001220703125 AB 11.563476670782759 1.277308811530228
61151.1562 lsst_hardware_i 1733.5486254376724 53.256067306840386 31.219999313354492 AB 9.898850859960024 1.3518403359453772
61151.1746 lsst_hardware_z 1387.516268832159 58.10840143606493 30.940000534057617 AB 8.458284444439602 1.2462325905000335
61153.1538 lsst_hardware_r 1542.9405766640516 46.597284078083504 31.459999084472656 AB 7.211138242407663 1.3321888495118535
61153.1721 lsst_hardware_u 0.6235906534490611 2.7814286488957647 28.350000381469727 AB 4.994108043893489 1.231795127162745
61155.1552 lsst_hardware_z 1226.7290371495112 57.96132363851158 30.93000030517578 AB 18.214511514048198 1.2912979976521022
61155.1752 lsst_hardware_i 1696.3600402262102 54.21033991353433 31.260000228881836 AB 15.08690927250132 1.193466569564032
61157.1512 lsst_hardware_z 1270.826570586025 61.45535770632836 30.940000534057617 AB 5.773522169458107 1.283123734299422
61157.169 lsst_hardware_r 1330.9922900630447 63.70049031074248 31.59000015258789 AB 4.204509113028191 1.1965874387842592
61159.1626 lsst_hardware_y 823.7836085793415 80.71726307341577 30.75 AB 9.919378702217204 1.2006026025438397
61163.1566 lsst_hardware_z 937.8092520841836 114.43092954466053 30.989999771118164 AB 13.362712629323651 1.180191002810656
61163.1771 lsst_hardware_r 940.3120838602756 162.72758173681518 31.649999618530273 AB 12.82107748881553 1.1099538991269613
61166.1521 lsst_hardware_z 852.038752967381 71.90350715074923 30.969999313354492 AB 4.0970834744058005 1.1658486090647506
61166.1716 lsst_hardware_r 689.515764329051 84.81610130096908 31.639999389648438 AB 3.622584050600043 1.1023178975352947
61168.1554 lsst_hardware_i 886.9140664139252 52.035532504439765 31.280000686645508 AB 11.120729904049572 1.1348841620624115
61168.1725 lsst_hardware_z 834.7628164376919 56.172418392529416 30.959999084472656 AB 9.553781868468649 1.0855747899934074
61170.1494 lsst_hardware_r 475.8424601292318 32.90832296411405 31.489999771118164 AB 8.043847692125023 1.1366718359102304
61170.1697 lsst_hardware_u -1.1621812280395427 2.9084222108224345 28.399999618530273 AB 6.702623257756346 1.0790957268042132
61175.1272 lsst_hardware_r 357.1997044798105 31.081027770246816 31.489999771118164 AB 8.155041365689963 1.1670899986675722
61175.1514 lsst_hardware_i 694.9884278577405 40.414518609363405 31.25 AB 7.4888944569283264 1.0906156976109214
61177.1647 lsst_hardware_r 346.1460837259435 30.274677750775414 31.510000228881836 AB 8.566919385733323 1.0495460196915785
61177.1872 lsst_hardware_g 25.357011366003118 16.810976057108412 31.469999313354492 AB 6.925940194652386 1.017572877416024
61178.1538 lsst_hardware_r 307.6835377991299 30.037750845053807 31.5 AB 8.553229988262071 1.065690255203472
61178.1737 lsst_hardware_i 514.44250910236 39.09987595654442 31.25 AB 7.64206666926177 1.0306921126524742
61185.0558 lsst_hardware_r 237.31027329028194 48.09386805449266 31.540000915527344 AB 6.871515493086461 1.40459554248352
61185.0764 lsst_hardware_z 618.3762635857917 55.30110292019409 30.940000534057617 AB 6.175222449314296 1.2741174242051505
61187.0382 lsst_hardware_i 415.29628900240016 65.69572040259547 31.229999542236328 AB 8.779209758182553 1.5032893421545468
61187.0572 lsst_hardware_r 205.77332666994855 73.02892710791689 31.559999465942383 AB 7.864090358271268 1.3565403257231172
61189.0463 lsst_hardware_z 1157.157950570024 131.51763852946604 31.709999084472656 AB 13.426336036559306 1.394219733806804
61194.0609 lsst_hardware_z 434.691418988468 73.24879730661169 30.959999084472656 AB 10.972550389828717 1.2282820238803032
61194.0766 lsst_hardware_r 132.2978142285427 92.8779445146887 31.6299991607666 AB 10.435645873809154 1.162292796548327
61196.0614 lsst_hardware_r 123.03811737351595 27.750823119426563 31.479999542236328 AB 11.445927517712901 1.2013778795444232
61196.0808 lsst_hardware_z 381.54306249338094 52.20239786988226 30.950000762939453 AB 10.72872109477842 1.128873649787728
61198.0433 lsst_hardware_u 2.1624650682534603 2.84194227014239 28.270000457763672 AB 4.8081875217407495 1.2614120867687413
61198.063 lsst_hardware_g 2.9872656318806614 16.101305098759287 31.420000076293945 AB 4.4791425416529655 1.172473671003983
61219.9762 lsst_hardware_r 34.75986953187531 149.41000366210938 31.59000015258789 AB 5.201283184044094 1.300049952270799
61219.9895 lsst_hardware_z -10.14933119846837 100.0999984741211 30.969999313354492 AB 4.965982563176288 1.2302186366248518
61221.953 lsst_hardware_y 164.70080435562423 88.41999816894531 29.940000534057617 AB 10.625481063328001 1.417880867369479
61221.9708 lsst_hardware_r -31.43654917346737 80.91999816894531 31.59000015258789 AB 10.046009944426682 1.299697256540045
61222.9623 lsst_hardware_z -63.15118021711604 79.2300033569336 31.68000030517578 AB 12.41142466337052 1.3345617917602708
61224.9547 lsst_hardware_y 83.90852106168728 72.26000213623047 29.969999313354492 AB 11.85541664629816 1.348278931684069
61224.9731 lsst_hardware_g -9.78268908006874 15.420000076293945 31.399999618530273 AB 10.226488902703178 1.243531102319888
61230.9578 lsst_hardware_y 117.44304211204245 66.33999633789062 30.0 AB 8.883081362516348 1.2382183130271538
61230.9762 lsst_hardware_i 33.03222343233281 32.779998779296875 31.239999771118164 AB 9.303556230536094 1.1599721003099224
61232.9593 lsst_hardware_y -32.63968621926438 64.87999725341797 30.010000228881836 AB 12.802297988707661 1.2060478082641146
61232.9776 lsst_hardware_i -54.58323025322662 32.20000076293945 31.25 AB 12.062762392203462 1.1359602968456033
61234.96 lsst_hardware_y 0.10351607449545346 64.2699966430664 30.010000228881836 AB 10.257105473604552 1.1802438025780018
61234.9784 lsst_hardware_g -6.520564268682577 15.3100004196167 31.440000534057617 AB 9.357961390535474 1.1161912479020675
61236.9616 lsst_hardware_y -29.600240597972157 61.13999938964844 30.030000686645508 AB 4.923842198409633 1.1534848192432376
61236.9808 lsst_hardware_i 37.543766862664896 31.790000915527344 31.25 AB 4.687254480827593 1.0940452378808667
61237.9609 lsst_hardware_z -75.75236930769614 57.630001068115234 30.959999084472656 AB 2.0504636576232818 1.14631091970587
61237.9788 lsst_hardware_u 3.6266516694968516 2.809999942779541 28.389999389648438 AB 2.022261729373382 1.0921305469166231
61241.9647 lsst_hardware_y 25.2012274898592 55.79999923706055 30.040000915527344 AB 5.954426584799865 1.1006333798151322
61241.9844 lsst_hardware_r -18.060753896711926 34.7400016784668 31.579999923706055 AB 5.718606641508914 1.0548339845380434
61243.9658 lsst_hardware_y -76.81515018715848 58.02000045776367 30.049999237060547 AB 3.507150717032552 1.0835687076310665
61243.9854 lsst_hardware_z 83.65196388676091 55.58000183105469 30.979999542236328 AB 3.4814002845176457 1.0431682834151954
61245.9665 lsst_hardware_y -7.099437316916588 65.83999633789062 30.049999237060547 AB 5.258364567747494 1.0692260410568486
61245.9853 lsst_hardware_z -61.91170889109348 73.08000183105469 30.989999771118164 AB 5.097606598063438 1.0346443715095859
61247.9683 lsst_hardware_y 68.2132532563639 62.08000183105469 30.049999237060547 AB 4.549962874366618 1.0542896905151662
61247.9875 lsst_hardware_r -48.09509650450923 99.23999786376953 31.65999984741211 AB 4.404080076730913 1.024204669007189
61457.2897 lsst_hardware_i 29.760412278218954 71.61000061035156 31.229999542236328 AB 7.967056301341102 1.5854838410629057
61457.3094 lsst_hardware_r -109.06992843399021 87.43000030517578 31.56999969482422 AB 9.17097391434819 1.4120776915953897
61459.3024 lsst_hardware_z 32.28930553492136 89.16999816894531 31.690000534057617 AB 15.711918499331887 1.423761361001485
61461.3162 lsst_hardware_i 60.301711010689885 65.08000183105469 31.290000915527344 AB 11.66155753226184 1.29572861469576
61461.3361 lsst_hardware_z 69.54852201813496 61.09000015258789 30.969999313354492 AB 10.295726305103841 1.197177477337656
61465.3211 lsst_hardware_g -12.047063138232053 31.719999313354492 31.600000381469727 AB 4.9860294318721525 1.2150674867484228
61465.3404 lsst_hardware_i -27.851064767394906 39.88999938964844 31.280000686645508 AB 4.809174447746645 1.139389800058435
61467.2899 lsst_hardware_r 15.930483606942337 27.15999984741211 31.469999313354492 AB 7.943425468013638 1.3569806479630389
61467.3095 lsst_hardware_z 72.48450514856691 44.97999954223633 30.93000030517578 AB 7.502126683219787 1.2441337783117392
61471.3162 lsst_hardware_r -34.412424554868835 25.299999237060547 31.489999771118164 AB 10.41596858550849 1.1674041079136934
61471.3355 lsst_hardware_i 21.7612734282526 32.40999984741211 31.25 AB 9.494580175089908 1.10402095059185
61473.3006 lsst_hardware_i 17.377711782080517 33.18000030517578 31.239999771118164 AB 8.70529836685949 1.2090692176193736
61473.3192 lsst_hardware_z 88.74755724068264 43.16999816894531 30.940000534057617 AB 8.188146760213202 1.137242605585167
61475.3035 lsst_hardware_r -10.945183363504134 25.260000228881836 31.5 AB 9.393518047233863 1.1742631473509424
61475.3238 lsst_hardware_u -5.586094628610782 2.8299999237060547 28.440000534057617 AB 8.867471302483429 1.1062214698707193
61478.3041 lsst_hardware_g -23.27788335964714 15.90999984741211 31.440000534057617 AB 12.087979053765807 1.1421352764101163
61478.3242 lsst_hardware_i 67.20130477271226 32.43000030517578 31.260000228881836 AB 11.429101134761193 1.083498290544591
61482.2515 lsst_hardware_r 21.779116406868216 39.66999816894531 31.540000915527344 AB 8.487504452038415 1.3403439151505847
61482.2692 lsst_hardware_y -53.049110927337196 49.810001373291016 29.989999771118164 AB 7.815352729823468 1.2409261241383518
61488.2555 lsst_hardware_i -8.416503314682037 82.63999938964844 31.299999237060547 AB 7.499709144970747 1.2280345192010502
61488.2729 lsst_hardware_z 1.436583904797139 71.63999938964844 30.979999542236328 AB 7.070551358127475 1.1558539669445238
61491.2543 lsst_hardware_z -128.24723975668059 74.1500015258789 30.979999542236328 AB 8.345815261815465 1.1967471248346249
61491.2713 lsst_hardware_r -111.66574045125955 93.0 31.639999389648438 AB 7.875340005382142 1.1331424468175744
61495.2571 lsst_hardware_r 12.514866634735117 30.059999465942383 31.540000915527344 AB 5.219919705128815 1.144154683572539
61495.2748 lsst_hardware_z -0.5077167334563213 43.84000015258789 30.950000762939453 AB 4.9494703229269925 1.0910328056711291
61498.2511 lsst_hardware_g -5.9285841343371635 15.319999694824219 31.440000534057617 AB 6.813322739132466 1.1367378918260485
