data/validation/pwv_sim_epoch_fit_4/12598548.ecsv
# %ECSV 0.9
# ---
# datatype:
# - {name: time, datatype: float64}
# - {name: band, datatype: string}
# - {name: flux, datatype: float64}
# - {name: fluxerr, datatype: float64}
# - {name: zp, datatype: float64}
# - {name: zpsys, datatype: string}
# - {name: pwv, datatype: float64}
# - {name: airmass, datatype: float64}
# meta: {SNID: '12598548', alt: 1024.0, c: -0.049475185573101044, dec: -22.831406, lat: -30.244573, lon: -70.7499537, ra: 77.34375, t0: 60722.05859375,
#   x0: 2.5766676564386477e-06, x1: 1.0713037252426147, z: 0.803592324256897}
# schema: astropy-2.0
time band flux fluxerr zp zpsys pwv airmass
[from data line 132]
60964.3478 lsst_hardware_u 2.1453876226419197 2.8399999141693115 28.540000915527344 AB 7.392728636157552 1.0089822189175828
60964.3671 lsst_hardware_y 5.757389250618013 47.93000030517578 30.059999465942383 AB 7.447771673392161 1.0183942396871797
60966.3271 lsst_hardware_g 19.369845018462062 13.0 31.399999618530273 AB 6.212968008941587 1.01007446089117
60966.3455 lsst_hardware_r 31.736756382543973 21.6299991607666 31.489999771118164 AB 6.494421032886124 1.0096916809566594
60971.2756 lsst_hardware_u 1.9826064658693336 4.480000019073486 29.579999923706055 AB 3.7413537016294898 1.0461667113958726
60971.29 lsst_hardware_g -1.0571417171826514 13.069999694824219 31.399999618530273 AB 3.793245960490472 1.0265888932316651
60974.1808 lsst_hardware_i -19.20835667801124 32.540000915527344 31.200000762939453 AB 1.7762667741852403 1.3830262970552825
60974.199 lsst_hardware_z 18.13310233057063 43.720001220703125 30.93000030517578 AB 1.5608613182963462 1.269336935453792
60977.3085 lsst_hardware_u -3.2040968072064433 2.609999895095825 28.43000030517578 AB 3.0488566249908247 1.0085532996991782
60977.3255 lsst_hardware_g 9.853880590459404 13.100000381469727 31.40999984741211 AB 3.055962570777128 1.0140907817411375
60978.182 lsst_hardware_g -33.7181967932527 30.020000457763672 31.559999465942383 AB 6.7656910557827254 1.303768831407257
60979.1496 lsst_hardware_r 77.13706161278482 41.38999938964844 31.5 AB 5.6916231321963435 1.5289786788976074
60980.2997 lsst_hardware_g -7.478607950536878 13.09000015258789 31.40999984741211 AB 5.534128846038252 1.0085279150841944
60980.3198 lsst_hardware_r -1.4880085971038277 21.610000610351562 31.479999542236328 AB 5.501678568129334 1.0156945048854154
60992.2806 lsst_hardware_z 68.23615111998963 40.939998626708984 30.950000762939453 AB 4.547435554546248 1.0119654820591943
60992.299 lsst_hardware_u -1.5061471805711748 3.5799999237060547 28.65999984741211 AB 4.159357822065137 1.0263050575695853
60994.2665 lsst_hardware_g 6.3358539189932666 13.319999694824219 31.420000076293945 AB 4.6674597102347235 1.009089568918416
60994.2841 lsst_hardware_r -18.459120959856797 22.059999465942383 31.5 AB 4.627546133436706 1.0175276432227887
60997.2078 lsst_hardware_r 10.932593956289427 21.979999542236328 31.479999542236328 AB 5.688040079292631 1.041177615685763
60997.226 lsst_hardware_u -2.1631256481066514 2.5799999237060547 28.389999389648438 AB 4.625017667535982 1.0197371111313633
61000.2557 lsst_hardware_u 2.9815402361557677 2.6500000953674316 28.440000534057617 AB 3.344641860130783 1.0106693775576499
61000.2746 lsst_hardware_g 17.25582842229646 13.520000457763672 31.420000076293945 AB 3.381369152230425 1.0236233558719752
61001.0987 lsst_hardware_g -17.6970841788877 13.479999542236328 31.270000457763672 AB 5.555824637909765 1.4475204232688608
61001.1156 lsst_hardware_r -10.816722550022131 23.15999984741211 31.43000030517578 AB 5.101802249127681 1.325774762647483
61005.24 lsst_hardware_i 3.901470703957963 42.029998779296875 32.0 AB 5.350828133595514 1.0099713351444912
61005.2593 lsst_hardware_z 5.999999432822138 57.400001525878906 31.700000762939453 AB 5.478341262359935 1.02201503557489
61009.1304 lsst_hardware_z -3.17532668669885 66.19000244140625 31.700000762939453 AB 6.039363486976089 1.150464517949604
61013.1449 lsst_hardware_r -4.871825921608873 93.2699966430664 31.649999618530273 AB 3.459352594634549 1.07731635573702
61013.1655 lsst_hardware_y -46.641096848705885 54.619998931884766 30.059999465942383 AB 3.3315238212319005 1.0391257727440417
61016.2173 lsst_hardware_r -66.84650858872303 69.12000274658203 31.65999984741211 AB 4.298568499784599 1.0130965118511899
61016.2365 lsst_hardware_i -106.05930491339342 57.439998626708984 31.31999969482422 AB 4.36123634104167 1.0297673466707842
61019.228 lsst_hardware_z 68.96972428646367 62.68000030517578 31.709999084472656 AB 9.598452938451906 1.0293983060577858
61021.197 lsst_hardware_r 27.223708216469436 22.030000686645508 31.5 AB 12.829374026581972 1.010186931226927
61021.2146 lsst_hardware_g 18.94829590628861 16.450000762939453 31.5 AB 12.80088934866064 1.0210692044318468
61023.1945 lsst_hardware_r 5.843434778989373 21.950000762939453 31.5 AB 7.685910908879928 1.0113040669578852
61023.2124 lsst_hardware_i 4.457269485350861 29.790000915527344 31.25 AB 7.944999601049694 1.0242251191125995
61027.1456 lsst_hardware_u -0.9260924440411644 2.619999885559082 28.420000076293945 AB 3.0779034969516474 1.0184707559194752
61027.165 lsst_hardware_g 13.282892566208869 13.369999885559082 31.420000076293945 AB 2.9310706149999532 1.0089743941478249
61029.1443 lsst_hardware_r -24.94490432447842 21.8700008392334 31.479999542236328 AB 3.09414872074739 1.015390506439273
61029.1626 lsst_hardware_i -7.502203766956372 29.600000381469727 31.239999771118164 AB 3.0802431127974472 1.0085930297306638
61035.1302 lsst_hardware_r 44.81685350982103 22.989999771118164 31.5 AB 7.071504477515974 1.013944793707752
61035.1496 lsst_hardware_i 2.676595083088064 29.760000228881836 31.239999771118164 AB 7.020571804430359 1.008521717282149
61037.1354 lsst_hardware_z 41.491727943468796 42.4900016784668 30.959999084472656 AB 6.206645391917444 1.009456841817914
61037.1561 lsst_hardware_i -72.46903392496024 33.599998474121094 31.270000457763672 AB 6.262283652865847 1.011228235091978
61041.1193 lsst_hardware_r 84.01364847999336 72.91999816894531 31.65999984741211 AB 7.0062534704313135 1.0111733748070655
61041.1397 lsst_hardware_i -53.98145973040587 59.16999816894531 31.329999923706055 AB 7.027996939314118 1.0094143497352395
61044.1267 lsst_hardware_z -108.87569227418324 86.0999984741211 31.739999771118164 AB 2.547609830461349 1.0086215099154137
61047.0981 lsst_hardware_r -23.007562658533807 21.65999984741211 31.489999771118164 AB 8.895203405237696 1.0135540128457707
61047.1202 lsst_hardware_g -27.237368150167292 30.709999084472656 31.670000076293945 AB 8.869585852090985 1.008815034596387
61050.0964 lsst_hardware_r -11.959076162512927 21.81999969482422 31.5 AB 8.561140730370454 1.0105218048123765
61050.1181 lsst_hardware_i 13.956167573819757 29.65999984741211 31.25 AB 8.563697258218669 1.0102770091981248
61054.0422 lsst_hardware_y -3.5239044198473053 56.959999084472656 30.059999465942383 AB 6.903363750257837 1.0580678596456183
61054.0617 lsst_hardware_g -16.08509810545936 13.220000267028809 31.40999984741211 AB 6.871091108569118 1.0284781502161584
61055.0728 lsst_hardware_z -63.750359589554584 40.400001525878906 30.950000762939453 AB 6.01236820831463 1.0157314200810288
61055.0916 lsst_hardware_i 7.884273000354188 29.56999969482422 31.25 AB 5.4546221933506915 1.0085898844372445
61057.0766 lsst_hardware_u 0.8805729497311278 2.619999885559082 28.440000534057617 AB 2.808442042168933 1.010776333334149
61057.0949 lsst_hardware_g 4.314823666791001 12.9399995803833 31.389999389648438 AB 2.052132466852925 1.009162757242629
61063.0498 lsst_hardware_y 17.4689748975099 47.400001525878906 30.049999237060547 AB 7.604791622164781 1.0165474698789818
61063.0695 lsst_hardware_g 4.163497572675507 13.350000381469727 31.40999984741211 AB 7.566587909060966 1.0086094253613502
61065.0498 lsst_hardware_y -95.75668468721356 47.09000015258789 30.049999237060547 AB 7.15215095410264 1.0130764589488697
61065.0702 lsst_hardware_i 9.973169691026545 31.299999237060547 31.260000228881836 AB 6.894070551239459 1.008703854354368
61067.0469 lsst_hardware_y 104.19822481173566 48.52000045776367 30.059999465942383 AB 11.534370142957526 1.011786854645397
61067.0651 lsst_hardware_i -15.73071809883307 38.43000030517578 31.290000915527344 AB 11.499715915638891 1.0087470101437623
61069.0467 lsst_hardware_y -65.70041007606723 50.5 30.059999465942383 AB 12.823898843187248 1.0098088227613455
61069.0659 lsst_hardware_z 24.040894848595613 50.38999938964844 30.969999313354492 AB 12.819370738978368 1.0101681651896484
61071.0285 lsst_hardware_y -62.63062217301995 84.61000061035156 30.079999923706055 AB 8.682205406877962 1.016155904442949
61071.0454 lsst_hardware_i 53.30056404374381 60.95000076293945 31.329999923706055 AB 9.177773163573624 1.0088790989967622
61074.0274 lsst_hardware_y 28.868845102004254 75.77999877929688 30.079999923706055 AB 7.072888651197068 1.0119667562609838
61074.0464 lsst_hardware_r -97.14531810489305 57.15999984741211 31.649999618530273 AB 8.021988976104986 1.0088014305967035
61078.0244 lsst_hardware_y -62.31588212965925 80.27999877929688 30.079999923706055 AB 4.766932742780694 1.0092306442019678
61078.0437 lsst_hardware_u 0.6340802590711573 2.9000000953674316 28.459999084472656 AB 6.225049068235721 1.0110386251448542
61082.0218 lsst_hardware_y 44.66123087685611 65.9000015258789 30.079999923706055 AB 0.5499057603852056 1.0085387627423104
61082.0386 lsst_hardware_r 1.8949730291479352 22.260000228881836 31.5 AB 0.513313182253238 1.0139519649446675
