data/validation/pwv_sim_epoch_fit_4/12683379.ecsv
# %ECSV 0.9
# ---
# datatype:
# - {name: time, datatype: float64}
# - {name: band, datatype: string}
# - {name: flux, datatype: float64}
# - {name: fluxerr, datatype: float64}
# - {name: zp, datatype: float64}
# - {name: zpsys, datatype: string}
# - {name: pwv, datatype: float64}
# - {name: airmass, datatype: float64}
# meta: {SNID: '12683379', alt: 1024.0, c: -0.0038627712056040764, dec: -5.529265, lat: -30.244573, lon: -70.7499537, ra: 265.078125,
#   t0: 61207.58984375, x0: 6.473098392463804e-05, x1: 0.20853787660598755, z: 0.20530928671360016}
# schema: astropy-2.0
time band flux fluxerr zp zpsys pwv airmass
61128.3892 lsst_hardware_r 4.508103589617544 24.18000030517578 31.5 AB 10.140263427794556 1.1144779558683935
61128.4065 lsst_hardware_y 13.571209799553827 51.560001373291016 30.030000686645508 AB 10.097909294565133 1.1021512000180236
61130.3973 lsst_hardware_z -109.5056804255826 66.7300033569336 31.700000762939453 AB 5.5187133398012636 1.1037426679602527
61133.3961 lsst_hardware_z -97.35457845792328 63.02000045776367 30.979999542236328 AB 6.922403147127498 1.1012413533450955
61133.4141 lsst_hardware_y 85.83297678119355 69.04000091552734 30.040000915527344 AB 6.8926885616634666 1.1041256773275523
61135.3893 lsst_hardware_i -89.63406588988678 67.87999725341797 31.31999969482422 AB 9.075508568295543 1.1015637770651858
61135.4078 lsst_hardware_y -9.727275190103946 57.83000183105469 30.030000686645508 AB 9.197340011756223 1.10369183832913
61137.389 lsst_hardware_i 41.49791810109349 63.81999969482422 31.309999465942383 AB 8.970141849137262 1.1007321961085188
61137.4083 lsst_hardware_y 18.171761411784416 57.599998474121094 30.030000686645508 AB 9.064484534119636 1.1074169431745684
61139.3891 lsst_hardware_g -24.37848876913509 48.310001373291016 31.68000030517578 AB 7.377162913578062 1.1010690915788153
61139.4076 lsst_hardware_y 6.864514858695817 52.66999816894531 30.030000686645508 AB 7.446904004967943 1.111478209696708
61146.2286 lsst_hardware_u 0.022372263910064992 2.440000057220459 28.040000915527344 AB 27.00593507612153 1.6474148942046027
61146.2476 lsst_hardware_g 4.4277732801513965 14.720000267028809 31.309999465942383 AB 23.941460575509478 1.4682007711882348
61148.376 lsst_hardware_r 41.331679496925666 33.58000183105469 32.2599983215332 AB 14.330546794573968 1.1058231723676137
61148.3956 lsst_hardware_i 51.494611674622824 44.81999969482422 32.0 AB 14.675761060296091 1.1269902583659366
61150.3551 lsst_hardware_z 7.193593968413329 42.369998931884766 30.950000762939453 AB 4.964155661138694 1.1006997031349652
61150.3748 lsst_hardware_r -43.44474402530075 23.579999923706055 31.489999771118164 AB 5.020438976757013 1.1089991112783328
61152.328 lsst_hardware_i -62.749762873846954 31.5 31.25 AB 7.724144655092241 1.1102029711831125
61152.3456 lsst_hardware_u -1.0261033531741393 2.809999942779541 28.489999771118164 AB 6.82614783218262 1.1009915858359065
61154.3305 lsst_hardware_g 23.751170763509357 14.510000228881836 31.420000076293945 AB 9.829373112351734 1.10442394520806
61154.3487 lsst_hardware_r 6.289362610770176 23.559999465942383 31.5 AB 10.193845728642552 1.1011742935150886
61156.3276 lsst_hardware_i -10.354710782889311 31.3700008392334 31.239999771118164 AB 4.14447650877308 1.1031345511772446
61156.345 lsst_hardware_r 39.94694903587019 23.5 31.489999771118164 AB 3.626427606197336 1.1015879727209406
61158.3311 lsst_hardware_z -50.51957095917858 47.63999938964844 30.950000762939453 AB 3.19224009801743 1.1007724475922174
61158.3475 lsst_hardware_g -29.55645034907758 14.25 31.389999389648438 AB 3.87363891882275 1.105070060523797
61160.327 lsst_hardware_r 117.52568835431032 82.1500015258789 31.639999389648438 AB 12.029607808031598 1.1007052619664743
61160.3462 lsst_hardware_i 5.359310425800405 65.44999694824219 31.31999969482422 AB 11.675860353277608 1.1079505945747736
61164.3283 lsst_hardware_z 12.741892432519942 108.44000244140625 31.739999771118164 AB 10.117123257090313 1.1035356913610304
61169.2438 lsst_hardware_i -13.891385328771829 40.86000061035156 31.260000228881836 AB 9.856537868473142 1.1771811618861985
61169.2685 lsst_hardware_r 106.84804369081881 40.09000015258789 31.579999923706055 AB 9.694732525548869 1.1257019169255358
61171.3047 lsst_hardware_u -1.7183694220078782 3.819999933242798 28.670000076293945 AB 8.460546274163942 1.10177709000698
61171.324 lsst_hardware_g 7.51491096115558 19.829999923706055 31.520000457763672 AB 8.470830654514703 1.1153901711126537
61174.2823 lsst_hardware_r -1.5836072635255136 23.420000076293945 31.479999542236328 AB 7.532989775804364 1.1017169690390043
61174.3028 lsst_hardware_i 23.175486082089574 31.3799991607666 31.239999771118164 AB 7.543880134764548 1.1044808220438582
61176.2703 lsst_hardware_z 82.66853541021945 42.40999984741211 30.940000534057617 AB 5.350776055495321 1.104505326761271
61176.2911 lsst_hardware_r 2.380434636151596 23.510000228881836 31.489999771118164 AB 5.499604228710234 1.1017938953641657
61179.2812 lsst_hardware_u 2.0058574801220534 2.680000066757202 28.3799991607666 AB 8.25776748131737 1.1013415923957592
61179.3056 lsst_hardware_g 25.66620376673582 14.510000228881836 31.40999984741211 AB 8.296419377391256 1.119511436412209
61186.2354 lsst_hardware_r 205.56256367484403 49.27377106004635 31.610000610351562 AB 6.679109331398839 1.110009029399026
61186.26 lsst_hardware_i 162.3241716806789 43.901079785855764 31.290000915527344 AB 6.272499030842806 1.1009534924250186
61188.2369 lsst_hardware_z 265.20988294397927 58.35085753140691 30.969999313354492 AB 7.749598455526645 1.1048757421623387
61188.2563 lsst_hardware_r 805.3698367667598 75.6068450918091 31.6299991607666 AB 8.459959543903112 1.1012704431011602
61195.13 lsst_hardware_z 7282.526572740082 126.40514592587384 31.700000762939453 AB 14.519698293162092 1.35668529851703
61195.1521 lsst_hardware_r 16186.454415084658 172.517166264123 32.36000061035156 AB 13.449782120699124 1.2469955376954476
61197.2136 lsst_hardware_i 7763.092939946502 98.14878251898536 31.290000915527344 AB 7.055132109323186 1.1041615299886303
61197.2383 lsst_hardware_r 11110.865568696676 115.8291181240702 31.610000610351562 AB 7.043210197951905 1.1035910736491852
61219.1909 lsst_hardware_z 4142.239028436017 107.89513421241493 30.989999771118164 AB 6.632552228225003 1.1132023265129334
61219.2139 lsst_hardware_r 15277.639963737705 177.95807762221105 31.6299991607666 AB 6.9168041491427195 1.1489707888941691
61221.1802 lsst_hardware_i 18685.867377394876 204.2004652000263 32.08000183105469 AB 3.4360366813361245 1.108398929463266
61221.2018 lsst_hardware_z 7684.239537845777 163.49938361799607 31.739999771118164 AB 3.5218570851154753 1.1360829306824114
61226.1456 lsst_hardware_u 84.9381504676162 12.80625739269952 29.18000030517578 AB 3.992244709985794 1.1007774756974213
61226.1666 lsst_hardware_g 5535.8108509418435 87.43301820765546 31.68000030517578 AB 4.074076646588882 1.1084414764219512
61232.1406 lsst_hardware_r 6989.058470024283 87.27724344323218 31.489999771118164 AB 8.216753661746754 1.102648609301526
61232.1614 lsst_hardware_i 6552.647443232985 86.22972032319377 31.239999771118164 AB 8.340088919960644 1.1201766994932814
61234.1362 lsst_hardware_z 3400.721917211723 70.81503878157523 30.940000534057617 AB 7.191184356339451 1.1030974737766481
61234.1588 lsst_hardware_u 27.155586644266254 5.0223763818619425 28.3799991607666 AB 7.317704936182904 1.1240714187684953
61239.0911 lsst_hardware_r 5233.720058431136 75.71473907437476 31.489999771118164 AB 2.6663366932424744 1.109663602653454
61239.1135 lsst_hardware_i 5749.562842465132 81.71715584062898 31.239999771118164 AB 2.667914803863404 1.1007762909627579
61245.0991 lsst_hardware_z 5871.3204990281165 110.72645077880034 31.719999313354492 AB 6.513126075515312 1.1009961247842417
61247.0789 lsst_hardware_r 4221.441324069138 131.64543621447223 31.649999618530273 AB 9.24390443476757 1.1032667609923104
61247.0996 lsst_hardware_i 4404.3477924986855 108.65777712567149 31.329999923706055 AB 8.095633439892978 1.1026343712469864
61250.048 lsst_hardware_i 3966.3369835744556 107.91490069030185 31.31999969482422 AB 4.373630086109474 1.1247602124493954
61250.0693 lsst_hardware_z 2473.2411386071494 90.704431889354 30.979999542236328 AB 4.270657001804171 1.1039568312793513
61252.056 lsst_hardware_r 3473.5998018918935 102.6027467876316 31.639999389648438 AB 3.92312837333899 1.1093251444476149
61252.0757 lsst_hardware_z 2258.9972612058173 78.116221876872 30.979999542236328 AB 3.8965819750042354 1.100729371470123
61254.058 lsst_hardware_r 2991.99469286235 66.2783625442872 31.59000015258789 AB 2.0553870235123357 1.1041563381747708
61254.0792 lsst_hardware_i 3262.78687520057 71.09752938628374 31.290000915527344 AB 1.9320804247269203 1.1021565457654994
61257.0531 lsst_hardware_z 1626.5087588792082 58.721153443354275 30.940000534057617 AB 2.425769889339117 1.1026226769723257
61257.0714 lsst_hardware_i 2714.3044380285255 60.40358660805002 31.229999542236328 AB 2.4250500975559612 1.1022954988890732
61259.0459 lsst_hardware_u 14.629508382250409 4.275045327948625 28.420000076293945 AB 2.638451047784549 1.1033773331038363
61259.0658 lsst_hardware_g 727.0934763219528 30.42026437776873 31.420000076293945 AB 2.4704094165726564 1.102246253908603
61262.0519 lsst_hardware_r 2169.3825930706707 52.10375665158067 31.5 AB 3.5602894152423112 1.1008934493637326
61262.0735 lsst_hardware_i 2455.854230587213 57.624924276294685 31.25 AB 3.6457987797656153 1.1132210014553607
61265.0135 lsst_hardware_i 4293.059670817825 79.38807301442098 32.0 AB 2.4103976735124024 1.1163555415727067
61265.0347 lsst_hardware_z 2496.8140540789605 77.70817375123502 31.700000762939453 AB 2.3342665593471312 1.1015021121575137
61269.0152 lsst_hardware_r 20.702895729797007 24.75 31.520000457763672 AB 4.3697452452967935 1.1052153639701028
61269.0346 lsst_hardware_i -51.65200090547257 31.8700008392334 31.25 AB 4.32992124323934 1.101177385162066
61275.0221 lsst_hardware_z -80.16784639753276 92.7699966430664 31.729999542236328 AB 1.4628618574837382 1.1022442728748498
61277.013 lsst_hardware_r 64.3606230067499 86.80999755859375 31.639999389648438 AB 4.757576651234638 1.1012271630657111
61277.035 lsst_hardware_i 29.486457176748534 71.3499984741211 31.31999969482422 AB 4.800557591762585 1.1158897237941854
61278.9903 lsst_hardware_z 73.7152541677979 92.61000061035156 31.729999542236328 AB 2.259058799285882 1.1038645488814474
61284.9777 lsst_hardware_y 35.0516830276237 60.95000076293945 30.040000915527344 AB 2.563785867326314 1.1022295216368128
61284.9949 lsst_hardware_g 2.337545364257226 14.979999542236328 31.43000030517578 AB 2.547742585450615 1.102282629990171
61286.9795 lsst_hardware_y -72.36253368314928 56.06999969482422 30.040000915527344 AB 1.3550335819498274 1.1007583931357994
61286.9996 lsst_hardware_i -41.6870425201176 31.649999618530273 31.239999771118164 AB 1.3975931410644586 1.1081015984653786
61494.3925 lsst_hardware_r 108.5686631419911 40.02000045776367 31.600000381469727 AB 8.207466745494031 1.1093170047072487
61494.412 lsst_hardware_y -83.84615203170937 62.38999938964844 30.040000915527344 AB 8.04545948827655 1.1007104371045993
61497.3907 lsst_hardware_r 41.48819581341331 25.020000457763672 31.520000457763672 AB 11.631065387640952 1.1047394700941224
61497.4102 lsst_hardware_y 39.926084102171686 55.08000183105469 30.040000915527344 AB 11.624986332384418 1.1013289858177975
61499.3898 lsst_hardware_z 4.894652701645527 42.29999923706055 30.940000534057617 AB 9.037960299580643 1.1025264165392845
61499.4073 lsst_hardware_y -80.39306296923321 50.20000076293945 30.030000686645508 AB 9.03223089146659 1.1020515576776722
61501.3857 lsst_hardware_u -1.026401588709703 2.759999990463257 28.43000030517578 AB 21.328780490692793 1.102034746858142
61501.406 lsst_hardware_y 97.3010275014514 48.70000076293945 30.030000686645508 AB 21.340841225835145 1.1038080683690152
61503.3871 lsst_hardware_r 1.988050160015553 23.90999984741211 31.510000228881836 AB 9.299290330832365 1.100724836949974
61503.4052 lsst_hardware_y -73.51972948917347 48.880001068115234 30.030000686645508 AB 9.368430600525874 1.106638256549105
61505.3607 lsst_hardware_z 23.141961600015126 42.279998779296875 30.940000534057617 AB 5.267858342201548 1.1108937878957292
61505.3792 lsst_hardware_u -2.5485462161855073 2.7200000286102295 28.40999984741211 AB 4.817285225107975 1.100967940831442
61511.3571 lsst_hardware_g -9.678496653311058 14.529999732971191 31.43000030517578 AB 18.948464914002336 1.1025042497273967
61511.3755 lsst_hardware_r -16.684572467791764 23.68000030517578 31.5 AB 17.675520985410643 1.1023946977725512
61513.3099 lsst_hardware_i 4.216045746190037 49.58000183105469 31.299999237060547 AB 14.912192773884852 1.1569181398843913
61513.3259 lsst_hardware_z -14.96392190350705 49.779998779296875 30.959999084472656 AB 14.509330316615177 1.1266392983051885
61518.3391 lsst_hardware_z -32.666941698593206 102.6500015258789 31.739999771118164 AB 6.179664831729538 1.102101150027561
61522.3389 lsst_hardware_z 17.570685727570986 74.25 31.719999313354492 AB 2.4144805529816806 1.100826999839672
61524.33 lsst_hardware_g 14.091138061021816 39.58000183105469 32.369998931884766 AB 13.209349516768727 1.1007179753987606
61524.3502 lsst_hardware_r 21.220873104742786 46.560001373291016 32.31999969482422 AB 12.598112905429232 1.1084033877731558
61526.3199 lsst_hardware_i -16.526064189576918 32.08000183105469 31.25 AB 10.830088572104433 1.101346272650067
61526.3389 lsst_hardware_z 24.484604665852387 42.79999923706055 30.950000762939453 AB 9.82939959626995 1.1044269209292077
61528.3237 lsst_hardware_i 0.12648880250026448 31.3700008392334 31.25 AB 13.741216997757448 1.100978186518681
61528.3426 lsst_hardware_u 2.9682697640836246 2.740000009536743 28.43000030517578 AB 12.70788073817752 1.1113144502122887
61530.3226 lsst_hardware_g 5.1118421403403165 14.460000038146973 31.420000076293945 AB 9.195376964661152 1.102034631431127
61530.3419 lsst_hardware_r -24.403341406625483 23.559999465942383 31.489999771118164 AB 7.473782473083148 1.1163229982200369
61533.297 lsst_hardware_z -41.499700335515506 42.439998626708984 30.950000762939453 AB 10.617300951226305 1.1025234632633756
61533.3172 lsst_hardware_u -5.395853769020623 2.7699999809265137 28.459999084472656 AB 10.688741362017126 1.1031262048626995
61535.2933 lsst_hardware_g -10.62536633792983 14.59000015258789 31.43000030517578 AB 7.492945526761487 1.1019037539355128
61535.3127 lsst_hardware_r 36.46190143951082 23.530000686645508 31.5 AB 7.504324742612329 1.103577168031225
61539.168 lsst_hardware_i 16.453206737008628 41.0 31.200000762939453 AB 8.859261651710414 1.4997692011077928
61539.1934 lsst_hardware_u -7.105240348088353 4.800000190734863 28.639999389648438 AB 7.852770667587143 1.3260522073518668
61541.284 lsst_hardware_z -134.72192802894114 66.79000091552734 31.700000762939453 AB 5.383017460999808 1.1007090197321643
61541.3086 lsst_hardware_r 21.52239581775869 49.9900016784668 32.31999969482422 AB 4.123131247437842 1.1127808508030068
61543.2698 lsst_hardware_i 101.08096485627945 63.75 31.31999969482422 AB 8.778546392598427 1.1024862031521003
61543.2901 lsst_hardware_r -117.73351129202412 78.04000091552734 31.6299991607666 AB 8.778320321299866 1.1032198468392442
61547.2339 lsst_hardware_z -123.6621418965436 137.3000030517578 31.739999771118164 AB 5.338988800940421 1.1254192244815637
61551.2304 lsst_hardware_z 53.988592181999046 51.18000030517578 30.959999084472656 AB 6.713372758895164 1.1157651187881494
61551.2494 lsst_hardware_r -16.12379767535878 54.22999954223633 31.6299991607666 AB 6.617004564987874 1.101977000941691
61553.2416 lsst_hardware_i -27.982506631220357 51.88999938964844 32.02000045776367 AB 7.746976316026362 1.1028509240552624
61553.2633 lsst_hardware_z -26.170850177278275 63.20000076293945 31.700000762939453 AB 8.488713866330766 1.1034573997006867
61557.1806 lsst_hardware_g 7.808651010027106 14.960000038146973 31.420000076293945 AB 8.76887692329421 1.1802384902983314
61557.2018 lsst_hardware_r 5.986889901878684 24.06999969482422 31.5 AB 8.445153089672202 1.1330072902461212
61560.2126 lsst_hardware_r 30.77508656232802 23.829999923706055 31.479999542236328 AB 12.714548510568562 1.10908483169649
61560.235 lsst_hardware_i 20.10866779046409 31.719999313354492 31.239999771118164 AB 12.657977338294023 1.1008213130473699
61562.2046 lsst_hardware_z -24.541986865792502 42.58000183105469 30.940000534057617 AB 6.060234204321371 1.111357822175201
61562.2258 lsst_hardware_u 0.5884560582222236 2.75 28.420000076293945 AB 7.025077700181583 1.1007499171140431
