data/validation/pwv_sim_epoch_fit_4/12749146.ecsv
# %ECSV 0.9
# ---
# datatype:
# - {name: time, datatype: float64}
# - {name: band, datatype: string}
# - {name: flux, datatype: float64}
# - {name: fluxerr, datatype: float64}
# - {name: zp, datatype: float64}
# - {name: zpsys, datatype: string}
# - {name: pwv, datatype: float64}
# - {name: airmass, datatype: float64}
# meta: {SNID: '12749146', alt: 1024.0, c: 0.154653862118721, dec: -47.749653, lat: -30.244573, lon: -70.7499537, ra: 18.119469, t0: 61292.51171875,
#   x0: 0.00015962172181042532, x1: -1.2550116777420044, z: 0.1364307850599289}
# schema: astropy-2.0
time band flux fluxerr zp zpsys pwv airmass
61231.409 lsst_hardware_i -4.200463131488162 30.479999542236328 31.25 AB 10.29193969537328 1.0659147320566007
61231.4201 lsst_hardware_y -49.37391773243129 47.099998474121094 30.040000915527344 AB 11.05103174660231 1.0567060381145832
61248.428 lsst_hardware_g 5.963110397008376 28.229999542236328 31.6200008392334 AB 3.2720518824476783 1.0575759579112458
61248.4393 lsst_hardware_r -4.227056863597959 31.0 31.549999237060547 AB 3.292363293509325 1.0673607867651467
61251.4206 lsst_hardware_z 114.33872862547905 90.80999755859375 31.729999542236328 AB 3.9692910493249234 1.058148411425314
61256.4177 lsst_hardware_z 41.73574499813582 47.040000915527344 30.950000762939453 AB 1.5830810719817017 1.067605533538295
61256.429 lsst_hardware_r -25.4984856485262 46.310001373291016 31.610000610351562 AB 1.5827375004197906 1.0809817874238752
61258.4159 lsst_hardware_z -25.67493667443677 42.810001373291016 30.940000534057617 AB 3.0832810513155717 1.071544864194972
61258.4266 lsst_hardware_g -35.22723334486741 26.6299991607666 31.610000610351562 AB 3.1160655003744067 1.0852329348877665
61261.418 lsst_hardware_r -27.966941037905176 22.459999084472656 31.479999542236328 AB 3.6647526713609704 1.0846474795000025
61261.4283 lsst_hardware_u 0.7729259053655573 5.460000038146973 28.899999618530273 AB 3.727872695702331 1.1008852552830803
61263.416 lsst_hardware_g -16.190170218176487 13.600000381469727 31.399999618530273 AB 6.562805471762266 1.0897446402439142
61263.4284 lsst_hardware_r -10.253130005216205 25.829999923706055 31.510000228881836 AB 5.429628805858235 1.1110162105942336
61266.3949 lsst_hardware_r 63.44271056021877 21.969999313354492 31.489999771118164 AB 3.7178260776079495 1.0725013926461704
61266.4067 lsst_hardware_i -5.6792044133577715 30.31999969482422 31.25 AB 3.8659147608892406 1.0880705772274812
61268.3989 lsst_hardware_z -5.176567736902943 41.15999984741211 30.940000534057617 AB 5.295319058483503 1.0846618309060843
61268.41 lsst_hardware_r 21.30722412090152 22.040000915527344 31.469999313354492 AB 5.293246127627001 1.1023003181230742
61271.1785 lsst_hardware_u -3.9853544839256125 3.3405095070315034 28.229999542236328 AB 3.514597378571764 1.4576335295106508
61271.1988 lsst_hardware_g -61.471097934584805 15.743924436708614 31.309999465942383 AB 3.2294574500724895 1.3403946250992624
61272.2008 lsst_hardware_r -42.95647750444297 28.21583585714107 31.489999771118164 AB 2.8836769259434236 1.3171985501625776
61272.2227 lsst_hardware_i -78.7653481708791 34.09158790048572 31.239999771118164 AB 2.196683889762631 1.2264554355907304
61274.3917 lsst_hardware_g -452.157007377988 24.502360438440842 31.3799991607666 AB 1.4534024709764723 1.098981074462361
61274.4033 lsst_hardware_r 298.3954024232205 28.216857602863982 31.469999313354492 AB 1.3706930999921656 1.1208393321912087
61276.3909 lsst_hardware_i 2647.2337795030085 59.73527267758206 31.239999771118164 AB 4.232524634581213 1.1072419527582391
61276.4024 lsst_hardware_z 762.6318222987886 50.088214626121456 30.940000534057617 AB 4.308628103766854 1.1306509489646013
61281.384 lsst_hardware_z 8740.819668551645 113.45126430668729 30.979999542236328 AB 8.321562437075592 1.1204473457756283
61281.3959 lsst_hardware_r 17673.978944116854 162.5738084777981 31.6299991607666 AB 8.508737934741816 1.1475034301742166
61286.3805 lsst_hardware_r 37876.508094589815 198.10664631353237 31.56999969482422 AB 1.3556581870864555 1.1432114016189365
61286.3925 lsst_hardware_y 7743.296734360195 97.64798790116996 30.010000228881836 AB 1.4091983748327603 1.1749847483319291
61299.3512 lsst_hardware_z 15782.19099730025 130.73094911763383 30.940000534057617 AB 4.821397551922527 1.15892014949171
61299.3627 lsst_hardware_r 41206.24489002038 204.8050302232583 31.469999313354492 AB 4.916928335972649 1.1920548726523181
61303.3429 lsst_hardware_i 22087.557917625785 149.93504160496147 31.229999542236328 AB 6.064402371227242 1.1660069931218071
61303.355 lsst_hardware_u 131.22834339388316 11.82232648103028 28.309999465942383 AB 6.13424195855542 1.202321042445202
61305.3365 lsst_hardware_z 10407.314314861687 112.25184886674624 30.950000762939453 AB 1.8065257759681677 1.1634363393775744
61305.3484 lsst_hardware_r 29914.186755088507 174.598449649225 31.469999313354492 AB 1.8779658223454605 1.1986378313996875
61307.337 lsst_hardware_i 19940.052717523293 153.8501001413509 31.299999237060547 AB 4.881888753241451 1.1803406076506084
61307.3485 lsst_hardware_r 30235.3314820615 184.93192369008642 31.600000381469727 AB 4.959920561783801 1.2171584200698298
61309.2813 lsst_hardware_i 20102.008059959342 160.7755141128736 31.31999969482422 AB 3.427270914440799 1.077080739924897
61309.2924 lsst_hardware_z 11737.985959789066 126.31985151888885 30.979999542236328 AB 3.7376938922347773 1.0928396936508291
61313.3085 lsst_hardware_r 23090.974166084794 160.6454650030004 31.600000381469727 AB 4.320631451803557 1.1474256942780277
61313.3196 lsst_hardware_i 17809.386596091663 141.17993761971658 31.280000686645508 AB 4.429496366170656 1.177353011142443
61315.3098 lsst_hardware_z 13722.322497999694 123.75384369607225 30.950000762939453 AB 3.7047735442048624 1.1650841902211424
61315.3208 lsst_hardware_i 17355.28401343643 136.36251473082484 31.260000228881836 AB 3.826714706166434 1.1976885442215175
61317.3117 lsst_hardware_u 27.14551103281732 7.080115985159634 28.520000457763672 AB 3.1111950215479935 1.1863470053568586
61317.3227 lsst_hardware_g 5085.450543963208 74.33875962230745 31.489999771118164 AB 3.2678006795641856 1.222407436477907
61323.3016 lsst_hardware_g 2920.1902750996765 55.66595256917284 31.360000610351562 AB 3.3689510559286706 1.2062843191246657
61323.3122 lsst_hardware_r 11903.148142119828 111.00545089393695 31.459999084472656 AB 3.4791925855232373 1.243975657776068
61328.2468 lsst_hardware_r 8911.534442548142 97.18560419103665 31.489999771118164 AB 7.017971474244958 1.1033968042940556
61328.2565 lsst_hardware_u 20.53248656821616 5.915912844641831 28.420000076293945 AB 7.104447999974032 1.1221683778193068
61332.2405 lsst_hardware_i 7280.893238955344 91.64253167185335 31.260000228881836 AB 2.5139543511453444 1.1119591674799234
61332.2512 lsst_hardware_z 6647.123349928373 91.67249089939193 30.940000534057617 AB 4.1064739280540845 1.1344895279641083
61340.2191 lsst_hardware_i 5595.286840241672 98.10895267467127 31.31999969482422 AB 3.413575188761225 1.1128199474364222
61340.2297 lsst_hardware_z 4906.954635829292 90.66409343029834 30.969999313354492 AB 3.441603736735542 1.1352807972078318
61342.2284 lsst_hardware_r 6855.157782939674 98.61431028576678 31.6200008392334 AB 3.727327721237011 1.145166999202245
61342.2394 lsst_hardware_z 4572.7120500184865 83.04544923967111 30.959999084472656 AB 3.862252053059568 1.1744127467238978
61348.0791 lsst_hardware_r 5209.557882289775 75.66989998086657 31.489999771118164 AB 4.337233823825847 1.0777074975339824
61348.0871 lsst_hardware_i 4183.089001401011 70.38822917490464 31.25 AB 4.7701250469511765 1.0684367813984272
61355.1729 lsst_hardware_r -31.097846916763203 21.860000610351562 31.469999313354492 AB 0.828973504842821 1.1030918228114717
61355.1845 lsst_hardware_u -1.4624659062868526 2.559999942779541 28.350000381469727 AB 0.8668949929861537 1.125837653228771
61358.1691 lsst_hardware_g 4.886203102297341 13.050000190734863 31.360000610351562 AB 4.461414751264274 1.111186737550198
61358.1808 lsst_hardware_i 47.37087195880986 30.760000228881836 31.229999542236328 AB 4.552344914459178 1.1358618325261562
61360.1617 lsst_hardware_r 19.33433341349041 24.450000762939453 31.489999771118164 AB 6.56677645930249 1.1075378427495417
61360.175 lsst_hardware_z -62.52019137642572 42.31999969482422 30.93000030517578 AB 6.242948501172155 1.1350815456676644
61362.1589 lsst_hardware_r -18.806083540268816 37.79999923706055 31.579999923706055 AB 5.398230901837857 1.1125785040885938
61362.1714 lsst_hardware_y -54.1108309842894 49.2400016784668 30.010000228881836 AB 6.193891410489354 1.139420789273244
61363.0841 lsst_hardware_z -32.59796687162504 66.5199966430664 31.709999084472656 AB 4.693633150586746 1.0478029134024824
61365.0751 lsst_hardware_r -69.01459660335252 61.380001068115234 31.639999389648438 AB 4.050071329768679 1.0481551060477947
61365.088 lsst_hardware_i 34.353801111639946 51.959999084472656 31.309999465942383 AB 3.52212458814284 1.0484073785214587
61367.0736 lsst_hardware_z 51.261286047353146 56.369998931884766 30.979999542236328 AB 7.1278117482201795 1.0477838739068863
61367.0863 lsst_hardware_r -1.6867898764216416 76.08999633789062 31.649999618530273 AB 7.210640227807634 1.049278263650656
61369.0793 lsst_hardware_z -49.79109818656405 55.58000183105469 30.969999313354492 AB 5.423230834443732 1.0488793800297325
61369.092 lsst_hardware_g -10.096578463500148 84.51000213623047 31.719999313354492 AB 5.448104221103162 1.0539957866325187
61371.0764 lsst_hardware_r -18.818332239219476 21.8799991607666 31.489999771118164 AB 3.771484863919159 1.0495783480295715
61371.0894 lsst_hardware_z -69.14976339871205 40.970001220703125 30.950000762939453 AB 4.017737638176773 1.0557250516362133
61373.1032 lsst_hardware_i -7.368159148067069 30.049999237060547 31.239999771118164 AB 5.3806222145981994 1.073048370922994
61373.1159 lsst_hardware_r 14.29940634441796 21.979999542236328 31.479999542236328 AB 5.475293906828147 1.090135004926733
61375.1034 lsst_hardware_u -1.7252739334638407 2.609999895095825 28.399999618530273 AB 9.588393413769893 1.0800882479441032
61375.1152 lsst_hardware_g -4.428451554087213 13.119999885559082 31.3799991607666 AB 9.760016475231577 1.09777200744948
61378.1175 lsst_hardware_r 41.77809796498837 22.139999389648438 31.469999313354492 AB 2.904474221720387 1.1171054698924565
61378.1291 lsst_hardware_i -26.393494174230252 30.670000076293945 31.229999542236328 AB 3.66612255706753 1.1427469137308157
61380.1123 lsst_hardware_z 38.91719531173837 42.06999969482422 30.940000534057617 AB 5.859006077196834 1.1176332569206584
61380.123 lsst_hardware_r -9.230597686841627 22.479999542236328 31.469999313354492 AB 5.947431313381709 1.141212954692835
61598.4443 lsst_hardware_g 27.081441427944775 33.41999816894531 31.670000076293945 AB 9.18153487702652 1.0477615972870615
61607.2859 lsst_hardware_z 20.48722229173903 63.66999816894531 30.950000762939453 AB 6.237361240485373 1.3054334952878555
61611.4413 lsst_hardware_y 121.93608775196014 71.05999755859375 30.059999465942383 AB 6.561850914794056 1.063336722539954
61617.4284 lsst_hardware_i 0.12022292750176698 31.700000762939453 31.25 AB 3.7091985367338958 1.0666534649957284
61617.4391 lsst_hardware_z -5.897373152572603 66.04000091552734 30.979999542236328 AB 3.768610596127541 1.078955173773214
61622.4279 lsst_hardware_g -1.2146752670149918 15.760000228881836 31.469999313354492 AB 1.1904518462613058 1.0822289511466416
61624.4167 lsst_hardware_z -30.585788306112438 41.11000061035156 30.940000534057617 AB 3.546936276051308 1.0748291745610026
61624.4284 lsst_hardware_r -68.65798605713428 24.299999237060547 31.5 AB 3.600067782895739 1.090929631180527
61627.3938 lsst_hardware_g 2.2115250423846664 13.109999656677246 31.399999618530273 AB 5.512373554259692 1.060071837357633
61627.4059 lsst_hardware_r -9.07444276713835 22.010000228881836 31.489999771118164 AB 5.57322928760284 1.0717748630005461
61629.4219 lsst_hardware_z 31.60648658949104 43.20000076293945 30.950000762939453 AB 3.6730056837496687 1.1027839322707171
61629.4336 lsst_hardware_r -72.33675718575155 36.189998626708984 31.56999969482422 AB 3.8017454083014157 1.1256926221930315
61631.3987 lsst_hardware_r -72.79888216348651 39.970001220703125 31.600000381469727 AB 3.782259177561273 1.0761869903432275
61631.4108 lsst_hardware_z 6.390888298502203 41.7400016784668 30.950000762939453 AB 3.7451093490934335 1.0933029774028415
61649.3747 lsst_hardware_u 3.738459477355402 2.630000114440918 28.399999618530273 AB 0.8969392750063035 1.116753610715464
61649.3853 lsst_hardware_g 1.2344329810061219 13.25 31.3700008392334 AB 0.8987538147493581 1.1399477620761238
61651.3628 lsst_hardware_g -18.55942473733384 13.270000457763672 31.3700008392334 AB 1.1334943075561414 1.1045011523080548
61651.3739 lsst_hardware_r -20.928516419361372 22.309999465942383 31.459999084472656 AB 1.1572650742592603 1.1264747640421091
61653.3582 lsst_hardware_i 10.076661643959422 30.649999618530273 31.239999771118164 AB 1.3759401347747433 1.1060612015871383
61653.3701 lsst_hardware_r 18.380068438221016 22.3799991607666 31.469999313354492 AB 1.4216872819740403 1.13011707629097
61655.3537 lsst_hardware_u 2.2190529935054357 2.640000104904175 28.399999618530273 AB 2.572751390302898 1.1078303675769618
61655.3652 lsst_hardware_g -10.486448605798158 13.399999618530273 31.3799991607666 AB 2.6734227978110043 1.1313680904830608
61672.3346 lsst_hardware_i 0.2886399742621857 32.91999816894531 31.239999771118164 AB 4.7809767491941395 1.1713773733173751
61672.3467 lsst_hardware_z 32.99932862096602 44.15999984741211 30.93000030517578 AB 5.014787237792945 1.208673713615858
61678.0724 lsst_hardware_g -8.732815430401931 19.030000686645508 32.029998779296875 AB 5.225983514539732 1.4084627102633753
61678.0838 lsst_hardware_r -45.68704535892339 32.939998626708984 32.189998626708984 AB 5.153616666271467 1.3455918188699438
61680.3139 lsst_hardware_g 3.156706229889141 13.369999885559082 31.350000381469727 AB 3.727521138985304 1.1746390143861636
61680.3253 lsst_hardware_r -17.858800248403448 22.8700008392334 31.450000762939453 AB 3.8407384095640267 1.2101578289292325
61684.3055 lsst_hardware_r -30.39483102112933 22.559999465942383 31.459999084472656 AB 6.74590684905006 1.182023540754899
61684.3171 lsst_hardware_g 6.496250136087189 13.260000228881836 31.329999923706055 AB 6.967194290636746 1.219480031617161
61686.3026 lsst_hardware_r 28.047395154060062 22.68000030517578 31.459999084472656 AB 4.3165632355426435 1.1897914100168594
61686.3137 lsst_hardware_i -21.154968481885675 31.709999084472656 31.219999313354492 AB 4.466657558552986 1.2267667010582217
61689.3046 lsst_hardware_z -164.4334761400291 72.19999694824219 31.700000762939453 AB 5.522089759516612 1.2235284461345175
61692.244 lsst_hardware_y 115.8459779156084 77.4800033569336 30.780000686645508 AB 6.885304919398899 1.09290554276173
61694.2439 lsst_hardware_r -68.47602842886245 88.81999969482422 31.639999389648438 AB 7.912396572737185 1.1018516324658383
61694.255 lsst_hardware_i -25.38398834919509 70.02999877929688 31.31999969482422 AB 8.199563402406797 1.1232791546289964
61696.243 lsst_hardware_z 5.206121583337446 52.220001220703125 30.969999313354492 AB 5.622557876030521 1.1101718554070958
61696.2542 lsst_hardware_r -25.530815276345223 62.5099983215332 31.6200008392334 AB 5.864184106553073 1.133504224713003
61698.2374 lsst_hardware_z 2.953608446121773 47.18000030517578 30.959999084472656 AB 1.2335712176006122 1.1099088709010532
61698.2481 lsst_hardware_r 40.249289735687114 45.150001525878906 31.600000381469727 AB 1.2721504602115703 1.1320582515788098
61700.2756 lsst_hardware_z -11.888128218380205 45.36000061035156 30.93000030517578 AB 3.3766954834840845 1.2272198740629054
61700.2862 lsst_hardware_i -16.501661650026897 36.560001373291016 31.229999542236328 AB 3.532155581323427 1.2680508279746643
61707.2262 lsst_hardware_r -10.627353344754852 22.149999618530273 31.459999084472656 AB 3.710372580404972 1.1382092889426054
61707.2369 lsst_hardware_i 17.52853987640433 30.979999542236328 31.229999542236328 AB 3.83502924178233 1.1654262282563075
61709.2244 lsst_hardware_z 27.66251634250745 42.439998626708984 30.940000534057617 AB 4.364116910149139 1.1470431689545975
61709.2359 lsst_hardware_r -3.559936731815021 22.40999984741211 31.459999084472656 AB 4.502897124921426 1.1780749885333053
61720.1811 lsst_hardware_z -15.244861094417027 78.79000091552734 31.719999313354492 AB 0.7901996429008661 1.1172847548969476
61722.0958 lsst_hardware_z 35.060511938435255 58.91999816894531 30.979999542236328 AB 3.5165145431324123 1.0484278992671439
61724.172 lsst_hardware_r -69.6055397720917 76.33000183105469 31.6299991607666 AB 4.409328420404583 1.12101570010286
61724.1831 lsst_hardware_y -12.484100668395449 52.720001220703125 30.010000228881836 AB 4.52081347345453 1.1462024441465108
61726.1591 lsst_hardware_u -14.731780455766534 12.989999771118164 29.290000915527344 AB 3.010179729138976 1.1064803268292502
61726.1711 lsst_hardware_g 32.99736871355739 57.619998931884766 31.670000076293945 AB 2.525456746157826 1.1308437237917053
61728.0821 lsst_hardware_g 1.3684777269356239 13.039999961853027 31.389999389648438 AB 4.938830336803404 1.0480091252434236
61728.0936 lsst_hardware_r 17.822926862461614 21.8700008392334 31.489999771118164 AB 4.709649568729395 1.0482776848765387
61729.0807 lsst_hardware_i -28.250810105317452 29.899999618530273 31.25 AB 6.920474411966614 1.0478687344622137
61729.0939 lsst_hardware_z -77.39855580445428 40.95000076293945 30.950000762939453 AB 6.027027300588524 1.0489083363363252
61731.0766 lsst_hardware_i 2.885436581047507 29.889999389648438 31.229999542236328 AB 4.669920077702395 1.047772061409557
61731.0884 lsst_hardware_u -3.574658497998247 2.5 28.309999465942383 AB 4.0310956430542175 1.048899512482181
61734.0782 lsst_hardware_g -18.01168635754885 13.140000343322754 31.399999618530273 AB 5.421930590756647 1.0484589256330148
61734.0919 lsst_hardware_r -2.814585935886297 21.8799991607666 31.489999771118164 AB 5.388779733884325 1.053524874659756
61738.1055 lsst_hardware_z 10.304022963319884 41.04999923706055 30.940000534057617 AB 5.382255467737689 1.074928278486349
61738.1176 lsst_hardware_u 0.7703830360924449 2.5799999237060547 28.3700008392334 AB 5.478359949015464 1.0916692027264292
61740.1099 lsst_hardware_g 11.933247835603508 13.119999885559082 31.3799991607666 AB 9.67406847521276 1.0882476841111015
61740.1235 lsst_hardware_r 6.508287893429716 22.09000015258789 31.479999542236328 AB 9.877698983404546 1.1114147941945913
61742.1076 lsst_hardware_i 5.35438849224393 30.829999923706055 31.239999771118164 AB 7.156915662078159 1.0931243530251127
61742.1182 lsst_hardware_z 13.534270926282195 42.130001068115234 30.940000534057617 AB 7.281269371739222 1.1117250022286076
61746.1117 lsst_hardware_g 42.56410901410713 36.4900016784668 31.649999618530273 AB 6.267626698554631 1.1205530450336052
61746.1237 lsst_hardware_r -10.973824548658413 39.36000061035156 31.579999923706055 AB 6.482454954553164 1.1478789318651572
61750.0777 lsst_hardware_z -91.05810518989833 73.9000015258789 31.719999313354492 AB 10.78477198278524 1.0812885485046362
