data/validation/pwv_sim_epoch_fit_4/12879888.ecsv
# %ECSV 0.9
# ---
# datatype:
# - {name: time, datatype: float64}
# - {name: band, datatype: string}
# - {name: flux, datatype: float64}
# - {name: fluxerr, datatype: float64}
# - {name: zp, datatype: float64}
# - {name: zpsys, datatype: string}
# - {name: pwv, datatype: float64}
# - {name: airmass, datatype: float64}
# meta: {SNID: '12879888', alt: 1024.0, c: -0.038594793528318405, dec: -10.503271, lat: -30.244573, lon: -70.7499537, ra: 174.550781,
#   t0: 61096.74609375, x0: 7.607805850030998e-05, x1: 0.8183020949363708, z: 0.19089747965335846}
# schema: astropy-2.0
time band flux fluxerr zp zpsys pwv airmass
61055.3563 lsst_hardware_i -43.49841760110382 33.20000076293945 31.260000228881836 AB 5.718024306206043 1.0624348395031666
61057.3642 lsst_hardware_g -29.985571977468304 21.56999969482422 31.56999969482422 AB 2.4431305372459797 1.0622306683678173
61059.3614 lsst_hardware_i 6.652911188995091 33.939998626708984 31.260000228881836 AB 6.532488361272562 1.062999841821313
61061.3501 lsst_hardware_u -3.621016221637177 2.9100000858306885 28.5 AB 11.967056876731647 1.061662249532616
61061.3679 lsst_hardware_z -4.890923744156971 47.41999816894531 30.959999084472656 AB 12.054094543725881 1.0698267449020047
61065.3534 lsst_hardware_z 42.39844296629244 42.220001220703125 30.950000762939453 AB 10.379406076564386 1.0671996651424267
61065.3743 lsst_hardware_y -20.905491642902334 62.720001220703125 30.040000915527344 AB 10.528546789144375 1.0898176612587984
61067.2856 lsst_hardware_u -4.625200089487235 2.690000057220459 28.360000610351562 AB 12.689106272435987 1.101126479872957
61067.3038 lsst_hardware_g -7.705916986259623 15.149999618530273 31.440000534057617 AB 12.754226241468588 1.0752776170302878
61069.3334 lsst_hardware_r -14.219060443521688 23.969999313354492 31.5 AB 12.334744986321093 1.0627674732425283
61069.3525 lsst_hardware_z -11.68720542120374 42.11000061035156 30.940000534057617 AB 12.377382340661509 1.0758263659853549
61071.3176 lsst_hardware_r -26.232873459499327 56.33000183105469 31.6299991607666 AB 11.41706797741565 1.0615590866960158
61071.3351 lsst_hardware_y -5.940934741331926 50.09000015258789 30.040000915527344 AB 12.358436717937677 1.0659951165558723
61072.3179 lsst_hardware_z -70.33182997706919 64.12000274658203 30.989999771118164 AB 10.510889554069017 1.0614915728205263
61072.3343 lsst_hardware_r 70.43563973731098 88.08999633789062 31.649999618530273 AB 12.550671422351732 1.067203714947286
61074.3251 lsst_hardware_i 24.81044340684404 95.27207688388253 31.34000015258789 AB 10.019441473970723 1.0649916532706973
61074.3435 lsst_hardware_z 14.962033744396622 81.06004217723114 30.989999771118164 AB 11.51335204141556 1.0812012810444713
61080.2529 lsst_hardware_r 4009.5660941594383 73.23996318258548 31.59000015258789 AB 5.792652083204282 1.096228118568857
61080.2708 lsst_hardware_z 1607.873557114434 59.438212369823944 30.950000762939453 AB 5.6805940304383995 1.0728054069854263
61082.2982 lsst_hardware_y 637.2957287609321 53.64271708243583 30.040000915527344 AB 4.021846541366883 1.062855851312623
61082.3145 lsst_hardware_g 6529.958237414919 83.41597071607134 31.549999237060547 AB 4.12356883473703 1.0732870470424336
61084.274 lsst_hardware_g 8792.760524354851 95.04005882258114 31.440000534057617 AB 5.654990345772076 1.0634511941399614
61084.2918 lsst_hardware_r 8976.396580484914 98.11783325918525 31.510000228881836 AB 6.056630428009064 1.062566741755976
61086.272 lsst_hardware_i 8339.3027855907 96.26663983062836 31.25 AB 3.4632098990679183 1.0623343248674597
61086.2903 lsst_hardware_z 5045.756344651782 82.91908803300322 30.950000762939453 AB 3.4543079953719453 1.064009855343276
61088.2763 lsst_hardware_r 14815.909842076418 123.05751696513974 31.5 AB 4.722537368186041 1.0616419711171472
61088.2937 lsst_hardware_u 395.52248878119383 19.66786864817841 28.420000076293945 AB 5.283879111643467 1.0694307529047382
61090.2669 lsst_hardware_g 17512.66310996921 133.74375343195712 31.459999084472656 AB 2.6590199332092994 1.0614850032771654
61090.2837 lsst_hardware_i 11903.321365229602 113.4468301312505 31.260000228881836 AB 2.6867380660873375 1.0662716801616579
61092.2762 lsst_hardware_z 6597.759378786807 90.42311811775637 30.950000762939453 AB 5.539476206476013 1.0651131946436814
61092.2929 lsst_hardware_r 18639.248871276344 138.42398887127396 31.510000228881836 AB 6.998032499454568 1.079415794666373
61094.2706 lsst_hardware_u 413.4462504410151 20.24440758207671 28.31999969482422 AB 11.343910533570437 1.065039247679012
61094.2879 lsst_hardware_g 18756.92568213293 138.2008854223656 31.420000076293945 AB 11.520021546046875 1.079968270933428
61096.2503 lsst_hardware_r 19917.492071568806 143.02692310899263 31.5 AB 9.396855480497218 1.0614917232981889
61096.2678 lsst_hardware_i 13887.42802480513 120.05228434195007 31.25 AB 9.442492591939914 1.0665666814442945
61097.1195 lsst_hardware_i 13370.594872600072 122.85438365129501 31.219999313354492 AB 8.46551582175487 1.479381806096849
61097.1369 lsst_hardware_z 6005.075909267521 90.32350003350243 30.920000076293945 AB 7.200028329441509 1.351356668438722
61099.2493 lsst_hardware_r 22199.153908780576 159.8184804068662 31.6299991607666 AB 5.612368318760663 1.0621606419658391
61099.2678 lsst_hardware_z 6274.794822278091 91.39082281162209 30.969999313354492 AB 5.844496352903436 1.0730081122799369
61101.2432 lsst_hardware_z 5915.400317653428 107.42653595617415 30.989999771118164 AB 3.494756616921383 1.0620208519817818
61101.261 lsst_hardware_i 14602.86471322004 149.87123254001878 31.329999923706055 AB 3.6976155612642603 1.0717726264534089
61103.2416 lsst_hardware_z 5760.306064868691 128.00170675000797 31.0 AB 5.935985347933411 1.063098086311279
61103.2599 lsst_hardware_r 21403.199848065713 214.72246190685487 31.649999618530273 AB 6.2119859076656585 1.0760567432982735
61105.253 lsst_hardware_y 3946.424269678913 101.73250343413926 30.799999237060547 AB 8.375011694943877 1.0745575110858525
61107.2323 lsst_hardware_r 17823.109518501147 148.39655691827232 31.6299991607666 AB 11.46601097789324 1.0637196114009964
61107.2496 lsst_hardware_i 11659.699249104462 119.4280216752567 31.309999465942383 AB 11.614761580713008 1.0767286412650605
61109.2295 lsst_hardware_z 4179.161111879207 77.1871079736882 30.950000762939453 AB 10.73159321752367 1.0649591364020685
61109.2477 lsst_hardware_r 16156.626415863237 132.19979259428274 31.59000015258789 AB 10.907337966487452 1.0808887020541988
61111.2295 lsst_hardware_u 123.0264433224028 11.804297966319844 28.760000228881836 AB 7.905874342260676 1.068361397602794
61111.2495 lsst_hardware_r 13845.70899954213 120.70129798085034 31.540000915527344 AB 8.073491023447062 1.0910123004658192
61113.2039 lsst_hardware_g 7593.134876778184 88.52394371274058 31.459999084472656 AB 11.870602258437385 1.0614863863397466
61113.2235 lsst_hardware_i 8247.633199366612 95.62810882803242 31.25 AB 11.974647628292526 1.0679730326236367
61114.2041 lsst_hardware_z 3240.6898169135875 69.3316296218765 30.940000534057617 AB 10.953155391775761 1.061523701351255
61114.2226 lsst_hardware_r 11551.370820296848 109.46160731350291 31.510000228881836 AB 9.825051188765164 1.0693351315591346
61116.2039 lsst_hardware_u 72.67933923119304 8.24463528113515 28.43000030517578 AB 9.077935299179844 1.0624095302153207
61116.222 lsst_hardware_g 5729.588214069628 76.40700541380953 31.440000534057617 AB 8.835688047317388 1.073595145482044
61118.2023 lsst_hardware_r 9670.800483875038 101.4220568052219 31.510000228881836 AB 6.704164448056842 1.0637309715282355
61118.2217 lsst_hardware_i 7597.531032753278 91.62625927618764 31.239999771118164 AB 7.257867726805203 1.0791566020080592
61122.2006 lsst_hardware_u 20.350776762718947 5.805899189064878 28.459999084472656 AB 7.298171330790866 1.0692116369323321
61122.221 lsst_hardware_r 8027.033907144792 94.0386999648312 31.510000228881836 AB 7.069619384674563 1.093437380662681
61124.1832 lsst_hardware_i 6886.030816161897 88.22288610652352 31.239999771118164 AB 7.361245178377714 1.0627399198812868
61124.201 lsst_hardware_z 3421.50521607132 71.80083159168178 30.940000534057617 AB 7.457427746188751 1.0744282981662465
61128.1775 lsst_hardware_y 1660.3535172360178 63.79925922688317 30.040000915527344 AB 7.026154036793328 1.0648914878437903
61128.1942 lsst_hardware_r 7537.422827723814 112.52298186878329 31.639999389648438 AB 7.065867125599737 1.078923060864214
61130.1684 lsst_hardware_i 7213.453313191684 132.66608200829185 31.34000015258789 AB 4.940622678927891 1.0632807644889077
61130.1862 lsst_hardware_z 4065.4485197024896 108.34170717052517 30.989999771118164 AB 5.021398456809689 1.0760716017235972
61133.1707 lsst_hardware_r 6291.688690524135 148.44469591986942 31.649999618530273 AB 6.755214026732993 1.0693141663253998
61133.1894 lsst_hardware_z 3849.2492623445237 104.21383913526488 30.989999771118164 AB 6.813401688781597 1.0909588528151213
61137.1691 lsst_hardware_z 3163.8366122795724 73.03989953830892 30.959999084472656 AB 11.033801560100077 1.0783094610408088
61137.1887 lsst_hardware_i 4917.216645021533 82.48233215603155 31.290000915527344 AB 11.223232753904295 1.1090972902047378
61139.1414 lsst_hardware_r 4140.4181328716395 70.97542141084847 31.549999237060547 AB 7.401290546991052 1.062487876398371
61139.1591 lsst_hardware_u 23.68461623980081 6.7459758179160465 28.799999237060547 AB 7.343767800370187 1.0734933197442167
61142.1543 lsst_hardware_r 3518.7412958582013 64.25467946451998 31.520000457763672 AB 6.785175177206612 1.0770119328899384
61142.1711 lsst_hardware_i 3851.4072274135588 68.86179876746972 31.260000228881836 AB 7.1599645374137575 1.1015330057559627
61148.128 lsst_hardware_r 5827.1582484653 82.69570326108384 32.2599983215332 AB 12.521748051512528 1.068013651225019
61148.1457 lsst_hardware_g 960.0709975269638 34.60274738822768 31.450000762939453 AB 12.78017732892615 1.086873001099287
61154.1119 lsst_hardware_z 1578.4808333104963 58.47885336150491 30.950000762939453 AB 9.64384930565381 1.0682154747068906
61154.1315 lsst_hardware_g 950.9749038108295 39.9733290109257 31.579999923706055 AB 10.476092043289855 1.0900956835971858
61156.1121 lsst_hardware_r 2787.8359139540594 81.69730446932573 31.6299991607666 AB 10.514757807376496 1.0729344701404586
61156.13 lsst_hardware_i 2603.791289808947 73.93002121507804 31.309999465942383 AB 9.862400939042347 1.096472087797474
61158.1279 lsst_hardware_z 216.5278840823406 115.01000213623047 31.739999771118164 AB 2.2976428600407113 1.1024276017788297
61160.0878 lsst_hardware_r -68.9558270903291 125.18000030517578 31.65999984741211 AB 11.231079591650639 1.0638010505944246
61160.1053 lsst_hardware_z -195.93314323390754 85.27999877929688 31.0 AB 11.374439317958947 1.0771759380613615
61162.0401 lsst_hardware_r -11.62941293537 105.16999816894531 31.65999984741211 AB 9.484586640138696 1.0801260266642405
61162.0577 lsst_hardware_i 81.89273977049189 82.76000213623047 31.34000015258789 AB 8.945534989106005 1.0649446415602386
61164.0849 lsst_hardware_z -25.302219551464326 55.810001373291016 30.979999542236328 AB 12.647629564455297 1.068437555603376
61164.1022 lsst_hardware_i 29.285236194767336 59.02000045776367 31.31999969482422 AB 12.920678592450992 1.0871416569163646
61167.0846 lsst_hardware_u -4.207033832794346 4.489999771118164 28.770000457763672 AB 7.161770716588327 1.0754620590289188
61167.1041 lsst_hardware_g -0.843921284179205 32.95000076293945 31.639999389648438 AB 7.36889928212755 1.1038722615725487
61174.0366 lsst_hardware_g 9.523402774502719 15.140000343322754 31.450000762939453 AB 6.254670049320282 1.0615229342890755
61174.0562 lsst_hardware_r -24.02058576368822 24.170000076293945 31.510000228881836 AB 6.788105570006515 1.0674520618539751
61176.0324 lsst_hardware_i 10.030850548723478 31.5 31.25 AB 5.590463761867281 1.0614636658028416
61176.0501 lsst_hardware_z -72.04563203523142 42.0 30.940000534057617 AB 5.392749450160432 1.067026009133478
61180.0083 lsst_hardware_u -3.6042029483248466 2.7899999618530273 28.450000762939453 AB 7.4502880532204605 1.0650749531056996
61180.029 lsst_hardware_g -15.829165713079123 15.1899995803833 31.450000762939453 AB 7.4175163415386605 1.0623643384670756
61180.9908 lsst_hardware_r -12.031391145689508 25.40999984741211 31.520000457763672 AB 7.730608994330436 1.0771240398486528
61181.0053 lsst_hardware_i 20.91601193545186 32.15999984741211 31.260000228881836 AB 7.172024987947741 1.065218142897121
61185.9931 lsst_hardware_z 29.70487130527503 68.73999786376953 30.989999771118164 AB 6.1241275252395475 1.0644794215196642
61186.0123 lsst_hardware_r 34.574469826499005 87.97000122070312 31.649999618530273 AB 6.032530597061211 1.062283437982193
61187.9933 lsst_hardware_i -26.27857473996884 73.5 31.329999923706055 AB 6.81166748097073 1.0623725942169555
61188.0119 lsst_hardware_z 67.65577158276577 66.9000015258789 30.989999771118164 AB 7.539803617489749 1.064042283021392
61189.9628 lsst_hardware_y 48.847455718300935 57.27000045776367 30.049999237060547 AB 10.20893593261834 1.0811687511377646
61189.9817 lsst_hardware_i -96.3299789826805 71.55000305175781 31.329999923706055 AB 10.05835197339197 1.0647138746048799
61418.3586 lsst_hardware_z 36.70493035491614 75.12000274658203 31.719999313354492 AB 4.463891538375819 1.0637177501193453
61420.3621 lsst_hardware_g -13.111405146544485 20.520000457763672 31.559999465942383 AB 5.704766097892305 1.0615164083533517
61422.3583 lsst_hardware_i -58.47863454658583 33.27000045776367 31.270000457763672 AB 2.4413196223754725 1.0614433140762924
61424.3576 lsst_hardware_i 12.73844844731044 32.06999969482422 31.260000228881836 AB 6.542198722035108 1.0618154169067995
61426.3459 lsst_hardware_g -48.648627366992415 45.34000015258789 31.700000762939453 AB 11.979034093381172 1.061500584260629
61426.3651 lsst_hardware_y 57.72302442875987 51.29999923706055 30.049999237060547 AB 12.033918961006936 1.067215232441197
61428.3491 lsst_hardware_i -46.52747160912788 79.3499984741211 31.34000015258789 AB 9.954596462940462 1.0623335428142064
61428.369 lsst_hardware_y 71.05697878711895 65.16999816894531 30.059999465942383 AB 10.166104394489208 1.075180920069732
61430.3556 lsst_hardware_z 138.5266176713278 104.06999969482422 31.739999771118164 AB 10.398036974195692 1.0682000144709212
61432.3303 lsst_hardware_r -16.16616879057414 76.26000213623047 31.649999618530273 AB 12.518465254285106 1.061456594297942
61432.3481 lsst_hardware_i -107.82819616293496 65.9000015258789 31.329999923706055 AB 11.684210143934619 1.0668075913202117
61434.3246 lsst_hardware_z -102.80245505668157 46.61000061035156 30.959999084472656 AB 11.754853624317828 1.0614662013079534
61434.3415 lsst_hardware_r -37.61371618846136 40.900001525878906 31.610000610351562 AB 12.355652070639298 1.0660997652178494
61436.3218 lsst_hardware_z 55.702140435292485 42.529998779296875 30.959999084472656 AB 11.405792474657241 1.0614729740729385
61436.3392 lsst_hardware_g 4.838416981617069 19.770000457763672 31.549999237060547 AB 12.418528751775181 1.0681839654598393
61438.3255 lsst_hardware_r -6.566931179955642 24.290000915527344 31.530000686645508 AB 8.899316142049976 1.0635573519031938
61438.3436 lsst_hardware_z -77.10346470274119 42.060001373291016 30.950000762939453 AB 10.564600161996719 1.077223499145701
61440.3281 lsst_hardware_r -13.051971116593869 24.139999389648438 31.520000457763672 AB 8.352622707548045 1.0680534124415424
61440.3449 lsst_hardware_u -2.88894206474323 2.9100000858306885 28.549999237060547 AB 9.07177081218829 1.0857028139212925
61442.2924 lsst_hardware_u 3.048815955970478 2.950000047683716 28.600000381469727 AB 3.50135272507452 1.063998397044563
61442.3107 lsst_hardware_g -1.6793227571468539 15.09000015258789 31.479999542236328 AB 3.5331507231094723 1.0622822378561623
61443.2961 lsst_hardware_r -8.203930266881596 23.940000534057617 31.510000228881836 AB 3.8397196960713096 1.0619428046937518
61443.3143 lsst_hardware_i 10.32844521038834 31.639999389648438 31.260000228881836 AB 3.9804867523519567 1.064657105276384
61445.2514 lsst_hardware_z 52.452230648114906 42.810001373291016 30.950000762939453 AB 5.800685849292206 1.1000036376660314
61445.27 lsst_hardware_r 11.059208495345741 24.229999542236328 31.510000228881836 AB 5.691908248713569 1.0742151954039196
61447.2974 lsst_hardware_g 12.15604964892666 14.9399995803833 31.450000762939453 AB 3.9971757594342265 1.0623722948662395
61447.3143 lsst_hardware_i -67.99560613089865 31.40999984741211 31.25 AB 4.06708059734917 1.0724009485429804
61450.3052 lsst_hardware_z -19.5882985884819 42.130001068115234 30.950000762939453 AB 2.752521265755537 1.0715758885630604
61450.3223 lsst_hardware_r -10.013379062585662 24.15999984741211 31.5 AB 2.9081292646611696 1.0927339421322455
