data/validation/pwv_sim_epoch_fit_4/12997874.ecsv
# %ECSV 0.9
# ---
# datatype:
# - {name: time, datatype: float64}
# - {name: band, datatype: string}
# - {name: flux, datatype: float64}
# - {name: fluxerr, datatype: float64}
# - {name: zp, datatype: float64}
# - {name: zpsys, datatype: string}
# - {name: pwv, datatype: float64}
# - {name: airmass, datatype: float64}
# meta: {SNID: '12997874', alt: 1024.0, c: -0.11293942481279373, dec: -43.207821, lat: -30.244573, lon: -70.7499537, ra: 207.650604, t0: 61575.26171875,
#   x0: 5.1187581126034565e-06, x1: -1.0349162817001343, z: 0.6070291996002197}
# schema: astropy-2.0
time band flux fluxerr zp zpsys pwv airmass
[from data line 134]
61848.2931 lsst_hardware_y -5.165437746669099 47.34000015258789 30.040000915527344 AB 5.652199468259542 1.027672630592644
61848.3056 lsst_hardware_g -65.9132184617245 27.65999984741211 31.6299991607666 AB 5.678871758505 1.03252213791
61850.2911 lsst_hardware_r 5.220034176925963 23.700000762939453 31.510000228881836 AB 4.7228168174848975 1.0285999820287264
61850.3037 lsst_hardware_i -39.70671848766636 30.889999389648438 31.25 AB 4.09548265310118 1.034670031731472
61852.2905 lsst_hardware_z -17.090341344379638 40.7599983215332 30.950000762939453 AB 6.298211999952812 1.0304385242471812
61852.3032 lsst_hardware_r -24.331219057636154 22.360000610351562 31.489999771118164 AB 6.407312129299878 1.0382378949929671
61854.281 lsst_hardware_u -2.073468863272205 2.640000104904175 28.420000076293945 AB 6.727935631510873 1.0288674344097168
61854.2936 lsst_hardware_r -8.065966736088214 22.420000076293945 31.489999771118164 AB 6.322316395254277 1.0352149322942859
61856.2891 lsst_hardware_z 18.718516946205803 40.79999923706055 30.950000762939453 AB 7.184656368477534 1.0358750020633234
61856.3005 lsst_hardware_i -3.910874093788488 30.229999542236328 31.25 AB 7.236180567734398 1.0456530570043565
61858.2414 lsst_hardware_z -31.206422136519876 40.790000915527344 30.940000534057617 AB 6.99812849852435 1.0300959469885487
61858.253 lsst_hardware_r 4.321450186314198 22.329999923706055 31.489999771118164 AB 8.197171449025657 1.0269892503555809
61860.2374 lsst_hardware_u 0.07131147979202358 2.569999933242798 28.350000381469727 AB 3.8914588232916447 1.029509157598315
61860.2506 lsst_hardware_g -16.872117822537334 13.770000457763672 31.40999984741211 AB 4.6468678518295725 1.0267619404142017
61862.2355 lsst_hardware_r -7.752119991884691 22.520000457763672 31.5 AB 8.752506665159355 1.0283154162203383
61862.2476 lsst_hardware_i -29.66396026785119 30.170000076293945 31.25 AB 8.76577486012425 1.026757948632383
61866.2266 lsst_hardware_z -5.097848300301396 45.43000030517578 30.969999313354492 AB 15.24072811176793 1.0277881656094905
61866.2393 lsst_hardware_r -37.7030034583463 37.880001068115234 31.610000610351562 AB 15.261882863628172 1.0269294289757729
61872.2121 lsst_hardware_r -143.0164466643813 118.73999786376953 31.670000076293945 AB 7.022669030018511 1.0273944329194629
61872.2235 lsst_hardware_z 31.319573117475546 80.01000213623047 31.0 AB 7.02206512926666 1.0269930719219977
61876.1044 lsst_hardware_r 13.216481911174327 33.2599983215332 32.22999954223633 AB 18.855960126319538 1.1844196059245942
61876.1159 lsst_hardware_i 56.278826344163754 51.68000030517578 32.0099983215332 AB 18.365839776438868 1.148558907033777
61878.2276 lsst_hardware_r -16.763474431006664 26.540000915527344 31.540000915527344 AB 12.29570148292956 1.0349045941359785
61878.2403 lsst_hardware_g 48.4931172936821 21.459999084472656 31.56999969482422 AB 12.414960026953922 1.0455216770188505
61880.2131 lsst_hardware_r 18.150921747808514 32.36000061035156 32.2599983215332 AB 2.8065901355398677 1.0300358328433314
61880.224 lsst_hardware_i -96.13905494138588 43.16999816894531 32.0 AB 2.815910394777925 1.0361818017642852
61883.2028 lsst_hardware_i 16.776346800352904 30.459999084472656 31.25 AB 4.222184512744472 1.0292153683458827
61883.2137 lsst_hardware_z -38.610613547770754 41.04999923706055 30.950000762939453 AB 4.698334482179851 1.0347424851094429
61885.2022 lsst_hardware_r 3.271905623294721 22.93000030517578 31.5 AB 13.007101652315345 1.0312865532063704
61885.2131 lsst_hardware_u 2.945882848509579 2.75 28.479999542236328 AB 13.185707780672022 1.0382447071395293
61888.186 lsst_hardware_g 2.0999334648842156 14.0600004196167 31.420000076293945 AB 2.3263260514213977 1.0282104094680917
61888.1978 lsst_hardware_r -18.965709898944258 22.760000228881836 31.489999771118164 AB 2.293243401210257 1.0333416249680105
61889.1967 lsst_hardware_i 16.63680163081578 30.459999084472656 31.25 AB 10.085205691185173 1.0343447086785245
61889.213 lsst_hardware_z 5.241515695745321 41.220001220703125 30.940000534057617 AB 10.931689138614969 1.048402142381815
61891.1952 lsst_hardware_r -52.07236002488772 23.079999923706055 31.510000228881836 AB 10.018652978992126 1.037082904877339
61891.2065 lsst_hardware_g 9.797899243719876 14.329999923706055 31.450000762939453 AB 10.068318967765103 1.0472832107934056
61895.1899 lsst_hardware_r 5.194228926581394 46.959999084472656 31.6299991607666 AB 9.62072247607971 1.0417110579914146
61895.2026 lsst_hardware_i 25.00020943489336 43.61000061035156 31.299999237060547 AB 9.695428964938268 1.0554571048267574
61897.1314 lsst_hardware_z 13.004049610985618 62.56999969482422 30.989999771118164 AB 6.405134258834166 1.0317548741678746
61897.1455 lsst_hardware_i -134.83772018559438 67.79000091552734 31.329999923706055 AB 6.291854080850598 1.0271296861594272
61899.1385 lsst_hardware_z -178.106925935936 88.68000030517578 31.0 AB 7.808080635728652 1.027379031016928
61899.1517 lsst_hardware_r -94.71672830968278 131.75 31.670000076293945 AB 7.807237471711126 1.027268088383043
61903.1315 lsst_hardware_y 154.53443473182824 71.16000366210938 30.799999237060547 AB 7.134938853738731 1.0268684710162834
61908.1295 lsst_hardware_r -12.828701943917617 22.75 31.489999771118164 AB 8.001956799455586 1.0277365527172546
61908.1416 lsst_hardware_i -35.37970710084243 30.34000015258789 31.239999771118164 AB 8.314208529590166 1.0324361765292644
61910.1276 lsst_hardware_z 58.12097583307626 41.08000183105469 30.950000762939453 AB 7.92111097595846 1.0287157111634364
61910.141 lsst_hardware_r -5.903899782854663 22.799999237060547 31.5 AB 7.97280975382066 1.0354298381585272
61926.087 lsst_hardware_r 178.44178187729474 91.41000366210938 31.65999984741211 AB 9.254820401305922 1.0298390654272467
61926.1017 lsst_hardware_z -66.6812129762411 68.75 30.989999771118164 AB 9.32135736875298 1.0386877929708955
61928.0867 lsst_hardware_r -27.97695706911684 119.73999786376953 31.65999984741211 AB 4.445688650895538 1.032280646492772
61928.0982 lsst_hardware_y 39.68086260166688 61.689998626708984 30.059999465942383 AB 4.3818055721833025 1.040314713243899
61944.0241 lsst_hardware_z -38.891768953853024 40.81999969482422 30.950000762939453 AB 3.3018067926432035 1.0267876415392982
61944.0388 lsst_hardware_u -3.6309196840251547 2.7200000286102295 28.489999771118164 AB 3.318049389419687 1.030236821388849
61950.0096 lsst_hardware_i -25.788641045167356 31.59000015258789 31.25 AB 4.645149812746828 1.026911769366112
61950.02 lsst_hardware_z -58.2515179261951 41.349998474121094 30.940000534057617 AB 4.819763973006267 1.02927761382537
61958.0035 lsst_hardware_r -49.42843891575273 91.13999938964844 31.65999984741211 AB 3.0948292274997686 1.0316097424999229
61958.0156 lsst_hardware_i -106.74076443845121 71.81999969482422 31.329999923706055 AB 3.119216791630099 1.0397389305433664
61962.0054 lsst_hardware_g -3.320704448527665 13.729999542236328 31.420000076293945 AB 5.272849538307435 1.0403517668480051
61962.0173 lsst_hardware_r -8.078212819342186 22.549999237060547 31.5 AB 5.383865181086012 1.0525640627734139
61963.9946 lsst_hardware_i 32.011525887820106 30.40999984741211 31.25 AB 6.100342572552352 1.03616627086906
61964.0064 lsst_hardware_z 83.27089159098915 41.310001373291016 30.950000762939453 AB 6.077962125821562 1.0464810822695154
61964.9996 lsst_hardware_i -45.346430098831505 30.440000534057617 31.25 AB 8.881092201342538 1.0424836781387021
61965.0107 lsst_hardware_u -2.4650683774939646 2.75 28.489999771118164 AB 7.3499176874878165 1.0545075591804614
